"1480070337","1615396496","1"
"1615396496","1480070337","1"
"1480070337","23004188","1.5"
"23004188","1480070337","1.5"
"1615396496","23004188","4.66667"
"23004188","1615396496","4.66667"
"1480070337","1644167382","0.75"
"1644167382","1480070337","0.75"
"1480070337","1648446250","2.5"
"1648446250","1480070337","2.5"
"1615396496","1644167382","0.583333"
"1644167382","1615396496","0.583333"
"1615396496","1648446250","0.5"
"1648446250","1615396496","0.5"
"1644167382","1648446250","0.25"
"1648446250","1644167382","0.25"
"1644167382","23004188","1.08333"
"23004188","1644167382","1.08333"
"1648446250","23004188","0.5"
"23004188","1648446250","0.5"
"1480070337","2949407377","0.25"
"2949407377","1480070337","0.25"
"1615396496","2949407377","3.08333"
"2949407377","1615396496","3.08333"
"1648446250","2949407377","0.25"
"2949407377","1648446250","0.25"
"23004188","2949407377","2.08333"
"2949407377","23004188","2.08333"
"1549654880","946132915","4"
"946132915","1549654880","4"
"1562551189","1619974530","3.275"
"1619974530","1562551189","3.275"
"1562551189","2096281088","1.525"
"2096281088","1562551189","1.525"
"1562551189","2113774454","3.775"
"2113774454","1562551189","3.775"
"1562551189","2166667885","1.525"
"2166667885","1562551189","1.525"
"1562551189","42748435","0.525"
"42748435","1562551189","0.525"
"1619974530","2096281088","0.858333"
"2096281088","1619974530","0.858333"
"1619974530","2113774454","5.90833"
"2113774454","1619974530","5.90833"
"1619974530","2166667885","0.325"
"2166667885","1619974530","0.325"
"1619974530","42748435","0.858333"
"42748435","1619974530","0.858333"
"2096281088","2113774454","0.658333"
"2113774454","2096281088","0.658333"
"2096281088","2166667885","0.325"
"2166667885","2096281088","0.325"
"2096281088","42748435","8.85833"
"42748435","2096281088","8.85833"
"2113774454","2166667885","0.775"
"2166667885","2113774454","0.775"
"2113774454","42748435","0.658333"
"42748435","2113774454","0.658333"
"2166667885","42748435","0.325"
"42748435","2166667885","0.325"
"1562551189","1583085938","0.125"
"1583085938","1562551189","0.125"
"1562551189","2123229520","0.775"
"2123229520","1562551189","0.775"
"1562551189","2185043627","1.075"
"2185043627","1562551189","1.075"
"1583085938","1619974530","0.125"
"1619974530","1583085938","0.125"
"1583085938","2096281088","0.125"
"2096281088","1583085938","0.125"
"1583085938","2113774454","0.125"
"2113774454","1583085938","0.125"
"1583085938","2123229520","0.125"
"2123229520","1583085938","0.125"
"1583085938","2166667885","0.125"
"2166667885","1583085938","0.125"
"1583085938","2185043627","0.125"
"2185043627","1583085938","0.125"
"1583085938","42748435","0.125"
"42748435","1583085938","0.125"
"1619974530","2123229520","2.575"
"2123229520","1619974530","2.575"
"1619974530","2185043627","1.075"
"2185043627","1619974530","1.075"
"2096281088","2123229520","0.325"
"2123229520","2096281088","0.325"
"2096281088","2185043627","0.325"
"2185043627","2096281088","0.325"
"2113774454","2123229520","3.575"
"2123229520","2113774454","3.575"
"2113774454","2185043627","0.375"
"2185043627","2113774454","0.375"
"2123229520","2166667885","0.325"
"2166667885","2123229520","0.325"
"2123229520","2185043627","0.575"
"2185043627","2123229520","0.575"
"2123229520","42748435","0.325"
"42748435","2123229520","0.325"
"2166667885","2185043627","0.125"
"2185043627","2166667885","0.125"
"2185043627","42748435","0.575"
"42748435","2185043627","0.575"
"1562551189","2085774618","0.2"
"2085774618","1562551189","0.2"
"1562551189","61854665","0.2"
"61854665","1562551189","0.2"
"2085774618","2113774454","0.2"
"2113774454","2085774618","0.2"
"2085774618","2123229520","0.2"
"2123229520","2085774618","0.2"
"2085774618","2166667885","0.2"
"2166667885","2085774618","0.2"
"2085774618","61854665","7.61667"
"61854665","2085774618","7.61667"
"2113774454","61854665","0.2"
"61854665","2113774454","0.2"
"2123229520","61854665","0.2"
"61854665","2123229520","0.2"
"2166667885","61854665","0.2"
"61854665","2166667885","0.2"
"1615396496","1999580020","1.16667"
"1999580020","1615396496","1.16667"
"1644167382","1999580020","0.333333"
"1999580020","1644167382","0.333333"
"1999580020","23004188","1.16667"
"23004188","1999580020","1.16667"
"1999580020","2949407377","0.333333"
"2949407377","1999580020","0.333333"
"1619974530","2138963898","0.5"
"2138963898","1619974530","0.5"
"1619974530","2157013490","0.5"
"2157013490","1619974530","0.5"
"2138963898","2157013490","15.25"
"2157013490","2138963898","15.25"
"1636681470","2166436707","23"
"2166436707","1636681470","23"
"167308890","2370751316","5.08333"
"2370751316","167308890","5.08333"
"167308890","2765638825","1.75"
"2765638825","167308890","1.75"
"2370751316","2765638825","1.5"
"2765638825","2370751316","1.5"
"167308890","2001136490","0.5"
"2001136490","167308890","0.5"
"167308890","2085774618","0.583333"
"2085774618","167308890","0.583333"
"167308890","61854665","0.583333"
"61854665","167308890","0.583333"
"2001136490","2085774618","0.25"
"2085774618","2001136490","0.25"
"2001136490","2370751316","0.25"
"2370751316","2001136490","0.25"
"2001136490","61854665","0.25"
"61854665","2001136490","0.25"
"2085774618","2370751316","1.58333"
"2370751316","2085774618","1.58333"
"2370751316","61854665","0.583333"
"61854665","2370751316","0.583333"
"167308890","2029521014","0.25"
"2029521014","167308890","0.25"
"167308890","2526866027","0.25"
"2526866027","167308890","0.25"
"2001136490","2029521014","0.25"
"2029521014","2001136490","0.25"
"2001136490","2526866027","0.25"
"2526866027","2001136490","0.25"
"2001136490","2765638825","0.25"
"2765638825","2001136490","0.25"
"2029521014","2526866027","2.5"
"2526866027","2029521014","2.5"
"2029521014","2765638825","2.5"
"2765638825","2029521014","2.5"
"2526866027","2765638825","3.5"
"2765638825","2526866027","3.5"
"1987624658","2063542047","3"
"2063542047","1987624658","3"
"1999580020","2019883128","0.25"
"2019883128","1999580020","0.25"
"1999580020","2075172616","0.25"
"2075172616","1999580020","0.25"
"1999580020","2138963898","0.25"
"2138963898","1999580020","0.25"
"1999580020","2157013490","1.25"
"2157013490","1999580020","1.25"
"2019883128","2075172616","1.25"
"2075172616","2019883128","1.25"
"2019883128","2138963898","0.25"
"2138963898","2019883128","0.25"
"2019883128","2157013490","0.25"
"2157013490","2019883128","0.25"
"2075172616","2138963898","0.25"
"2138963898","2075172616","0.25"
"2075172616","2157013490","0.25"
"2157013490","2075172616","0.25"
"2001136490","2157281630","1"
"2157281630","2001136490","1"
"2019883128","2072346105","1"
"2072346105","2019883128","1"
"2029521014","2113774454","0.25"
"2113774454","2029521014","0.25"
"2029521014","2138963898","0.25"
"2138963898","2029521014","0.25"
"2029521014","2166667885","0.25"
"2166667885","2029521014","0.25"
"2029521014","34775553","0.25"
"34775553","2029521014","0.25"
"2113774454","2138963898","0.25"
"2138963898","2113774454","0.25"
"2113774454","34775553","0.25"
"34775553","2113774454","0.25"
"2138963898","2166667885","0.25"
"2166667885","2138963898","0.25"
"2138963898","34775553","0.25"
"34775553","2138963898","0.25"
"2166667885","34775553","0.25"
"34775553","2166667885","0.25"
"2029521014","2800780570","2"
"2800780570","2029521014","2"
"2029521014","2744706696","0.25"
"2744706696","2029521014","0.25"
"2029521014","2803625011","0.25"
"2803625011","2029521014","0.25"
"2526866027","2744706696","0.25"
"2744706696","2526866027","0.25"
"2526866027","2803625011","0.25"
"2803625011","2526866027","0.25"
"2744706696","2765638825","0.25"
"2765638825","2744706696","0.25"
"2744706696","2803625011","0.25"
"2803625011","2744706696","0.25"
"2765638825","2803625011","0.25"
"2803625011","2765638825","0.25"
"2072346105","2103179558","9"
"2103179558","2072346105","9"
"2075172616","2113107991","0.333333"
"2113107991","2075172616","0.333333"
"2075172616","2951329792","0.333333"
"2951329792","2075172616","0.333333"
"2075172616","34775553","0.333333"
"34775553","2075172616","0.333333"
"2113107991","2951329792","2.58333"
"2951329792","2113107991","2.58333"
"2113107991","34775553","2.58333"
"34775553","2113107991","2.58333"
"2951329792","34775553","3.58333"
"34775553","2951329792","3.58333"
"2085774618","2157281630","0.833333"
"2157281630","2085774618","0.833333"
"2157281630","61854665","0.833333"
"61854665","2157281630","0.833333"
"2085774618","2187213389","0.333333"
"2187213389","2085774618","0.333333"
"2157281630","2187213389","0.333333"
"2187213389","2157281630","0.333333"
"2187213389","61854665","0.333333"
"61854665","2187213389","0.333333"
"2096281088","2491925893","1"
"2491925893","2096281088","1"
"2113107991","2185043627","0.25"
"2185043627","2113107991","0.25"
"2113107991","42748435","0.25"
"42748435","2113107991","0.25"
"2185043627","2951329792","0.25"
"2951329792","2185043627","0.25"
"2185043627","34775553","0.25"
"34775553","2185043627","0.25"
"2951329792","42748435","0.25"
"42748435","2951329792","0.25"
"34775553","42748435","0.25"
"42748435","34775553","0.25"
"2138963898","2185043627","0.5"
"2185043627","2138963898","0.5"
"2157013490","2185043627","0.5"
"2185043627","2157013490","0.5"
"2526866027","2800780570","1"
"2800780570","2526866027","1"
"2744706696","2800780570","0.5"
"2800780570","2744706696","0.5"
"2744706696","2905433277","0.5"
"2905433277","2744706696","0.5"
"2800780570","2905433277","1.5"
"2905433277","2800780570","1.5"
"2759378805","2803625011","21"
"2803625011","2759378805","21"
"2765638825","2905433277","1"
"2905433277","2765638825","1"
"2883376827","2905433277","1"
"2905433277","2883376827","1"
