"1032119920","2754073568","1"
"2754073568","1032119920","1"
"1032119920","1718398060","0.319444"
"1718398060","1032119920","0.319444"
"1032119920","1970291440","0.194444"
"1970291440","1032119920","0.194444"
"1032119920","2013665936","0.194444"
"2013665936","1032119920","0.194444"
"1032119920","2057989255","0.486111"
"2057989255","1032119920","0.486111"
"1032119920","2071697202","0.319444"
"2071697202","1032119920","0.319444"
"1032119920","2188114092","0.486111"
"2188114092","1032119920","0.486111"
"1032119920","2285467952","0.319444"
"2285467952","1032119920","0.319444"
"1032119920","2562055462","2.52778"
"2562055462","1032119920","2.52778"
"1032119920","2918831524","0.236111"
"2918831524","1032119920","0.236111"
"1718398060","1970291440","0.337302"
"1970291440","1718398060","0.337302"
"1718398060","2013665936","0.394444"
"2013665936","1718398060","0.394444"
"1718398060","2057989255","0.462302"
"2057989255","1718398060","0.462302"
"1718398060","2071697202","1.88849"
"2071697202","1718398060","1.88849"
"1718398060","2188114092","0.587302"
"2188114092","1718398060","0.587302"
"1718398060","2285467952","1.65278"
"2285467952","1718398060","1.65278"
"1718398060","2562055462","1.37897"
"2562055462","1718398060","1.37897"
"1718398060","2918831524","0.111111"
"2918831524","1718398060","0.111111"
"1970291440","2013665936","0.194444"
"2013665936","1970291440","0.194444"
"1970291440","2057989255","1.3373"
"2057989255","1970291440","1.3373"
"1970291440","2071697202","0.337302"
"2071697202","1970291440","0.337302"
"1970291440","2188114092","0.337302"
"2188114092","1970291440","0.337302"
"1970291440","2285467952","0.194444"
"2285467952","1970291440","0.194444"
"1970291440","2562055462","0.111111"
"2562055462","1970291440","0.111111"
"1970291440","2918831524","0.111111"
"2918831524","1970291440","0.111111"
"2013665936","2057989255","0.394444"
"2057989255","2013665936","0.394444"
"2013665936","2071697202","3.59444"
"2071697202","2013665936","3.59444"
"2013665936","2188114092","0.394444"
"2188114092","2013665936","0.394444"
"2013665936","2285467952","0.194444"
"2285467952","2013665936","0.194444"
"2013665936","2562055462","0.311111"
"2562055462","2013665936","0.311111"
"2013665936","2918831524","0.111111"
"2918831524","2013665936","0.111111"
"2057989255","2071697202","0.662302"
"2071697202","2057989255","0.662302"
"2057989255","2188114092","1.0373"
"2188114092","2057989255","1.0373"
"2057989255","2285467952","0.319444"
"2285467952","2057989255","0.319444"
"2057989255","2562055462","3.43611"
"2562055462","2057989255","3.43611"
"2057989255","2918831524","0.111111"
"2918831524","2057989255","0.111111"
"2071697202","2188114092","1.0373"
"2188114092","2071697202","1.0373"
"2071697202","2285467952","0.819444"
"2285467952","2071697202","0.819444"
"2071697202","2562055462","0.745635"
"2562055462","2071697202","0.745635"
"2071697202","2918831524","0.277778"
"2918831524","2071697202","0.277778"
"2188114092","2285467952","0.319444"
"2285467952","2188114092","0.319444"
"2188114092","2562055462","1.06111"
"2562055462","2188114092","1.06111"
"2188114092","2918831524","0.436111"
"2918831524","2188114092","0.436111"
"2285467952","2562055462","1.86111"
"2562055462","2285467952","1.86111"
"2285467952","2918831524","0.277778"
"2918831524","2285467952","0.277778"
"2562055462","2918831524","0.402778"
"2918831524","2562055462","0.402778"
"1032119920","2182365134","0.125"
"2182365134","1032119920","0.125"
"1032119920","2587162340","0.125"
"2587162340","1032119920","0.125"
"1032119920","2742097505","0.291667"
"2742097505","1032119920","0.291667"
"1032119920","2743616921","0.125"
"2743616921","1032119920","0.125"
"1032119920","2756269859","0.125"
"2756269859","1032119920","0.125"
"2182365134","2188114092","0.267857"
"2188114092","2182365134","0.267857"
"2182365134","2562055462","2.875"
"2562055462","2182365134","2.875"
"2182365134","2587162340","0.125"
"2587162340","2182365134","0.125"
"2182365134","2742097505","0.125"
"2742097505","2182365134","0.125"
"2182365134","2743616921","0.125"
"2743616921","2182365134","0.125"
"2182365134","2756269859","0.125"
"2756269859","2182365134","0.125"
"2182365134","2918831524","0.291667"
"2918831524","2182365134","0.291667"
"2188114092","2587162340","0.375"
"2587162340","2188114092","0.375"
"2188114092","2742097505","0.767857"
"2742097505","2188114092","0.767857"
"2188114092","2743616921","0.125"
"2743616921","2188114092","0.125"
"2188114092","2756269859","0.125"
"2756269859","2188114092","0.125"
"2562055462","2587162340","1.125"
"2587162340","2562055462","1.125"
"2562055462","2742097505","1.125"
"2742097505","2562055462","1.125"
"2562055462","2743616921","2.45833"
"2743616921","2562055462","2.45833"
"2562055462","2756269859","0.125"
"2756269859","2562055462","0.125"
"2587162340","2742097505","0.125"
"2742097505","2587162340","0.125"
"2587162340","2743616921","0.625"
"2743616921","2587162340","0.625"
"2587162340","2756269859","0.125"
"2756269859","2587162340","0.125"
"2587162340","2918831524","0.125"
"2918831524","2587162340","0.125"
"2742097505","2743616921","0.625"
"2743616921","2742097505","0.625"
"2742097505","2756269859","0.625"
"2756269859","2742097505","0.625"
"2742097505","2918831524","0.125"
"2918831524","2742097505","0.125"
"2743616921","2756269859","0.625"
"2756269859","2743616921","0.625"
"2743616921","2918831524","0.125"
"2918831524","2743616921","0.125"
"2756269859","2918831524","0.125"
"2918831524","2756269859","0.125"
"1032119920","1996449313","0.25"
"1996449313","1032119920","0.25"
"1032119920","1998627192","0.375"
"1998627192","1032119920","0.375"
"1996449313","1998627192","2.21786"
"1998627192","1996449313","2.21786"
"1996449313","2057989255","2.89286"
"2057989255","1996449313","2.89286"
"1996449313","2188114092","0.717857"
"2188114092","1996449313","0.717857"
"1996449313","2562055462","1.29167"
"2562055462","1996449313","1.29167"
"1996449313","2742097505","0.309524"
"2742097505","1996449313","0.309524"
"1998627192","2057989255","1.71786"
"2057989255","1998627192","1.71786"
"1998627192","2188114092","2.41786"
"2188114092","1998627192","2.41786"
"1998627192","2562055462","1.61667"
"2562055462","1998627192","1.61667"
"1998627192","2742097505","0.309524"
"2742097505","1998627192","0.309524"
"2057989255","2742097505","0.642857"
"2742097505","2057989255","0.642857"
"1032119920","2020562427","0.125"
"2020562427","1032119920","0.125"
"1032119920","2500298352","0.125"
"2500298352","1032119920","0.125"
"1718398060","1998627192","1.38452"
"1998627192","1718398060","1.38452"
"1718398060","2020562427","0.125"
"2020562427","1718398060","0.125"
"1718398060","2500298352","0.125"
"2500298352","1718398060","0.125"
"1998627192","2020562427","0.325"
"2020562427","1998627192","0.325"
"1998627192","2071697202","1.75119"
"2071697202","1998627192","1.75119"
"1998627192","2285467952","0.833333"
"2285467952","1998627192","0.833333"
"1998627192","2500298352","0.125"
"2500298352","1998627192","0.125"
"2020562427","2057989255","0.125"
"2057989255","2020562427","0.125"
"2020562427","2071697202","0.291667"
"2071697202","2020562427","0.291667"
"2020562427","2285467952","0.291667"
"2285467952","2020562427","0.291667"
"2020562427","2500298352","0.434524"
"2500298352","2020562427","0.434524"
"2020562427","2562055462","0.291667"
"2562055462","2020562427","0.291667"
"2057989255","2500298352","0.125"
"2500298352","2057989255","0.125"
"2071697202","2500298352","0.291667"
"2500298352","2071697202","0.291667"
"2285467952","2500298352","0.291667"
"2500298352","2285467952","0.291667"
"2500298352","2562055462","3.79167"
"2562055462","2500298352","3.79167"
"1032119920","1964394804","0.0833333"
"1964394804","1032119920","0.0833333"
"1032119920","2102673514","0.0833333"
"2102673514","1032119920","0.0833333"
"1032119920","2948637392","0.0833333"
"2948637392","1032119920","0.0833333"
"1718398060","1964394804","0.97619"
"1964394804","1718398060","0.97619"
"1718398060","1996449313","0.559524"
"1996449313","1718398060","0.559524"
"1718398060","2102673514","1.91667"
"2102673514","1718398060","1.91667"
"1718398060","2948637392","0.0833333"
"2948637392","1718398060","0.0833333"
"1964394804","1970291440","0.0833333"
"1970291440","1964394804","0.0833333"
"1964394804","1996449313","0.208333"
"1996449313","1964394804","0.208333"
"1964394804","1998627192","0.208333"
"1998627192","1964394804","0.208333"
"1964394804","2013665936","0.0833333"
"2013665936","1964394804","0.0833333"
"1964394804","2057989255","0.0833333"
"2057989255","1964394804","0.0833333"
"1964394804","2071697202","0.97619"
"2071697202","1964394804","0.97619"
"1964394804","2102673514","0.208333"
"2102673514","1964394804","0.208333"
"1964394804","2188114092","0.208333"
"2188114092","1964394804","0.208333"
"1964394804","2285467952","0.208333"
"2285467952","1964394804","0.208333"
"1964394804","2948637392","0.208333"
"2948637392","1964394804","0.208333"
"1970291440","1996449313","0.22619"
"1996449313","1970291440","0.22619"
"1970291440","1998627192","0.22619"
"1998627192","1970291440","0.22619"
"1970291440","2102673514","0.0833333"
"2102673514","1970291440","0.0833333"
"1970291440","2948637392","0.0833333"
"2948637392","1970291440","0.0833333"
"1996449313","2013665936","0.0833333"
"2013665936","1996449313","0.0833333"
"1996449313","2071697202","0.559524"
"2071697202","1996449313","0.559524"
"1996449313","2102673514","0.208333"
"2102673514","1996449313","0.208333"
"1996449313","2285467952","0.541667"
"2285467952","1996449313","0.541667"
"1996449313","2948637392","0.208333"
"2948637392","1996449313","0.208333"
"1998627192","2013665936","0.983333"
"2013665936","1998627192","0.983333"
"1998627192","2102673514","0.208333"
"2102673514","1998627192","0.208333"
"1998627192","2948637392","0.208333"
"2948637392","1998627192","0.208333"
"2013665936","2102673514","0.0833333"
"2102673514","2013665936","0.0833333"
"2013665936","2948637392","0.0833333"
"2948637392","2013665936","0.0833333"
"2057989255","2102673514","0.0833333"
"2102673514","2057989255","0.0833333"
"2057989255","2948637392","0.0833333"
"2948637392","2057989255","0.0833333"
"2071697202","2102673514","0.0833333"
"2102673514","2071697202","0.0833333"
"2071697202","2948637392","0.0833333"
"2948637392","2071697202","0.0833333"
"2102673514","2188114092","0.208333"
"2188114092","2102673514","0.208333"
"2102673514","2285467952","0.208333"
"2285467952","2102673514","0.208333"
"2102673514","2948637392","0.208333"
"2948637392","2102673514","0.208333"
"2188114092","2948637392","0.208333"
"2948637392","2188114092","0.208333"
"2285467952","2948637392","0.208333"
"2948637392","2285467952","0.208333"
"134269314","2057989255","1"
"2057989255","134269314","1"
"134269314","2587728833","2"
"2587728833","134269314","2"
"1718398060","2154816087","15.5095"
"2154816087","1718398060","15.5095"
"1718398060","92976994","10.5095"
"92976994","1718398060","10.5095"
"1998627192","2154816087","3.15833"
"2154816087","1998627192","3.15833"
"1998627192","92976994","0.533333"
"92976994","1998627192","0.533333"
"2013665936","2154816087","0.7"
"2154816087","2013665936","0.7"
"2013665936","92976994","0.2"
"92976994","2013665936","0.2"
"2071697202","2154816087","1.09286"
"2154816087","2071697202","1.09286"
"2071697202","92976994","0.592857"
"92976994","2071697202","0.592857"
"2154816087","92976994","9.50952"
"92976994","2154816087","9.50952"
"1718398060","2587162340","0.25"
"2587162340","1718398060","0.25"
"2154816087","2188114092","0.375"
"2188114092","2154816087","0.375"
"2154816087","2587162340","0.25"
"2587162340","2154816087","0.25"
"2188114092","92976994","0.25"
"92976994","2188114092","0.25"
"2587162340","92976994","0.25"
"92976994","2587162340","0.25"
"1718398060","2187831316","0.142857"
"2187831316","1718398060","0.142857"
"1718398060","942628323","1.14286"
"942628323","1718398060","1.14286"
"1964394804","2154816087","0.517857"
"2154816087","1964394804","0.517857"
"1964394804","2187831316","0.142857"
"2187831316","1964394804","0.142857"
"1964394804","2562055462","0.267857"
"2562055462","1964394804","0.267857"
"1964394804","92976994","0.392857"
"92976994","1964394804","0.392857"
"1964394804","942628323","0.142857"
"942628323","1964394804","0.142857"
"2071697202","2187831316","0.142857"
"2187831316","2071697202","0.142857"
"2071697202","942628323","0.142857"
"942628323","2071697202","0.142857"
"2154816087","2187831316","0.142857"
"2187831316","2154816087","0.142857"
"2154816087","2562055462","1.26786"
"2562055462","2154816087","1.26786"
"2154816087","942628323","0.142857"
"942628323","2154816087","0.142857"
"2187831316","2562055462","0.642857"
"2562055462","2187831316","0.642857"
"2187831316","92976994","0.142857"
"92976994","2187831316","0.142857"
"2187831316","942628323","0.642857"
"942628323","2187831316","0.642857"
"2562055462","92976994","1.14286"
"92976994","2562055462","1.14286"
"2562055462","942628323","8.64286"
"942628323","2562055462","8.64286"
"92976994","942628323","0.142857"
"942628323","92976994","0.142857"
"1718398060","2742097505","0.142857"
"2742097505","1718398060","0.142857"
"1970291440","2742097505","0.142857"
"2742097505","1970291440","0.142857"
"2071697202","2742097505","0.142857"
"2742097505","2071697202","0.142857"
"2102673514","2154816087","0.958333"
"2154816087","2102673514","0.958333"
"2102673514","92976994","0.333333"
"92976994","2102673514","0.333333"
"2154816087","2285467952","0.625"
"2285467952","2154816087","0.625"
"1996449313","2154816087","0.125"
"2154816087","1996449313","0.125"
"2102673514","2562055462","0.125"
"2562055462","2102673514","0.125"
"2154816087","2948637392","0.125"
"2948637392","2154816087","0.125"
"2562055462","2948637392","0.125"
"2948637392","2562055462","0.125"
"1996449313","2020562427","0.2"
"2020562427","1996449313","0.2"
"1996449313","2189287452","0.2"
"2189287452","1996449313","0.2"
"1996449313","2918831524","0.2"
"2918831524","1996449313","0.2"
"1998627192","2189287452","0.2"
"2189287452","1998627192","0.2"
"1998627192","2918831524","0.2"
"2918831524","1998627192","0.2"
"2020562427","2188114092","0.342857"
"2188114092","2020562427","0.342857"
"2020562427","2189287452","0.2"
"2189287452","2020562427","0.2"
"2020562427","2918831524","0.366667"
"2918831524","2020562427","0.366667"
"2188114092","2189287452","0.2"
"2189287452","2188114092","0.2"
"2189287452","2918831524","0.2"
"2918831524","2189287452","0.2"
"1998627192","2587162340","1.5"
"2587162340","1998627192","1.5"
"1998627192","2743616921","0.5"
"2743616921","1998627192","0.5"
"2057989255","2154816087","1.5"
"2154816087","2057989255","1.5"
"2020562427","2025096988","0.142857"
"2025096988","2020562427","0.142857"
"2020562427","2182365134","0.309524"
"2182365134","2020562427","0.309524"
"2020562427","2289345273","0.142857"
"2289345273","2020562427","0.142857"
"2020562427","2587758581","0.142857"
"2587758581","2020562427","0.142857"
"2020562427","942628323","0.142857"
"942628323","2020562427","0.142857"
"2025096988","2182365134","0.142857"
"2182365134","2025096988","0.142857"
"2025096988","2188114092","0.142857"
"2188114092","2025096988","0.142857"
"2025096988","2289345273","0.142857"
"2289345273","2025096988","0.142857"
"2025096988","2500298352","0.142857"
"2500298352","2025096988","0.142857"
"2025096988","2587758581","0.142857"
"2587758581","2025096988","0.142857"
"2025096988","942628323","0.142857"
"942628323","2025096988","0.142857"
"2182365134","2289345273","0.142857"
"2289345273","2182365134","0.142857"
"2182365134","2500298352","0.309524"
"2500298352","2182365134","0.309524"
"2182365134","2587758581","0.392857"
"2587758581","2182365134","0.392857"
"2182365134","942628323","0.142857"
"942628323","2182365134","0.142857"
"2188114092","2289345273","0.142857"
"2289345273","2188114092","0.142857"
"2188114092","2500298352","0.142857"
"2500298352","2188114092","0.142857"
"2188114092","2587758581","0.142857"
"2587758581","2188114092","0.142857"
"2188114092","942628323","0.142857"
"942628323","2188114092","0.142857"
"2289345273","2500298352","0.142857"
"2500298352","2289345273","0.142857"
"2289345273","2587758581","0.97619"
"2587758581","2289345273","0.97619"
"2289345273","942628323","0.142857"
"942628323","2289345273","0.142857"
"2500298352","2587758581","0.142857"
"2587758581","2500298352","0.142857"
"2500298352","942628323","0.142857"
"942628323","2500298352","0.142857"
"2587758581","942628323","0.142857"
"942628323","2587758581","0.142857"
"2071697202","2182365134","0.166667"
"2182365134","2071697202","0.166667"
"2182365134","2285467952","0.666667"
"2285467952","2182365134","0.666667"
"2500298352","2918831524","0.166667"
"2918831524","2500298352","0.166667"
"2057989255","2476921132","0.5"
"2476921132","2057989255","0.5"
"2476921132","2562055462","31.1667"
"2562055462","2476921132","31.1667"
"2182365134","2476921132","1.58333"
"2476921132","2182365134","1.58333"
"2182365134","2754073568","0.25"
"2754073568","2182365134","0.25"
"2476921132","2587758581","2.5"
"2587758581","2476921132","2.5"
"2476921132","2754073568","1.16667"
"2754073568","2476921132","1.16667"
"2562055462","2587758581","4"
"2587758581","2562055462","4"
"2562055462","2754073568","1.16667"
"2754073568","2562055462","1.16667"
"2587758581","2754073568","10.5"
"2754073568","2587758581","10.5"
"2182365134","2755946597","0.833333"
"2755946597","2182365134","0.833333"
"2476921132","2755946597","0.583333"
"2755946597","2476921132","0.583333"
"2562055462","2755946597","0.583333"
"2755946597","2562055462","0.583333"
"2285467952","2755946597","0.5"
"2755946597","2285467952","0.5"
"2187831316","2742097505","1"
"2742097505","2187831316","1"
"2189287452","2586674605","1"
"2586674605","2189287452","1"
"2189287452","2616229336","5"
"2616229336","2189287452","5"
"2285467952","2476921132","0.333333"
"2476921132","2285467952","0.333333"
"2285467952","2743616921","0.333333"
"2743616921","2285467952","0.333333"
"2476921132","2743616921","0.833333"
"2743616921","2476921132","0.833333"
"2285467952","2587758581","0.5"
"2587758581","2285467952","0.5"
"2285467952","2754073568","0.5"
"2754073568","2285467952","0.5"
"2289345273","2476921132","1.33333"
"2476921132","2289345273","1.33333"
"2289345273","2562055462","1.33333"
"2562055462","2289345273","1.33333"
"2289345273","2754073568","3"
"2754073568","2289345273","3"
"2289345273","2743616921","1.5"
"2743616921","2289345273","1.5"
"2587758581","2743616921","1.33333"
"2743616921","2587758581","1.33333"
"2587758581","2755946597","2.08333"
"2755946597","2587758581","2.08333"
"2754073568","2755946597","1.58333"
"2755946597","2754073568","1.58333"
"2500298352","2742097505","0.5"
"2742097505","2500298352","0.5"
"2562055462","2587728833","4"
"2587728833","2562055462","4"
"2743616921","2754073568","0.833333"
"2754073568","2743616921","0.833333"
"2743616921","2755946597","1.83333"
"2755946597","2743616921","1.83333"
"2756269859","2890048939","1"
"2890048939","2756269859","1"
