"1496815121","2120389065","3.73377"
"2120389065","1496815121","3.73377"
"1496815121","1678518841","2.80952"
"1678518841","1496815121","2.80952"
"1496815121","2103848824","0.900433"
"2103848824","1496815121","0.900433"
"1678518841","2103848824","1.72619"
"2103848824","1678518841","1.72619"
"1678518841","2120389065","1.36835"
"2120389065","1678518841","1.36835"
"2103848824","2120389065","0.9171"
"2120389065","2103848824","0.9171"
"1496815121","2099005652","0.924242"
"2099005652","1496815121","0.924242"
"1496815121","2291789678","0.590909"
"2291789678","1496815121","0.590909"
"2099005652","2291789678","0.840909"
"2291789678","2099005652","0.840909"
"1496815121","1821612322","0.142857"
"1821612322","1496815121","0.142857"
"1496815121","2018332730","0.142857"
"2018332730","1496815121","0.142857"
"1496815121","2235627454","0.142857"
"2235627454","1496815121","0.142857"
"1496815121","2614773713","0.142857"
"2614773713","1496815121","0.142857"
"1678518841","1821612322","1.09286"
"1821612322","1678518841","1.09286"
"1678518841","2018332730","4.39286"
"2018332730","1678518841","4.39286"
"1678518841","2235627454","0.142857"
"2235627454","1678518841","0.142857"
"1678518841","2614773713","0.892857"
"2614773713","1678518841","0.892857"
"1821612322","2018332730","0.892857"
"2018332730","1821612322","0.892857"
"1821612322","2103848824","0.392857"
"2103848824","1821612322","0.392857"
"1821612322","2120389065","0.142857"
"2120389065","1821612322","0.142857"
"1821612322","2235627454","0.142857"
"2235627454","1821612322","0.142857"
"1821612322","2614773713","3.89286"
"2614773713","1821612322","3.89286"
"2018332730","2103848824","0.392857"
"2103848824","2018332730","0.392857"
"2018332730","2120389065","0.142857"
"2120389065","2018332730","0.142857"
"2018332730","2235627454","0.142857"
"2235627454","2018332730","0.142857"
"2018332730","2614773713","0.892857"
"2614773713","2018332730","0.892857"
"2103848824","2235627454","0.142857"
"2235627454","2103848824","0.142857"
"2103848824","2614773713","0.392857"
"2614773713","2103848824","0.392857"
"2120389065","2235627454","0.142857"
"2235627454","2120389065","0.142857"
"2120389065","2614773713","0.142857"
"2614773713","2120389065","0.142857"
"2235627454","2614773713","0.142857"
"2614773713","2235627454","0.142857"
"1496815121","1995761541","0.333333"
"1995761541","1496815121","0.333333"
"1496815121","2160900787","1.25758"
"2160900787","1496815121","1.25758"
"1995761541","2120389065","0.333333"
"2120389065","1995761541","0.333333"
"1995761541","2160900787","0.333333"
"2160900787","1995761541","0.333333"
"2120389065","2160900787","2.33307"
"2160900787","2120389065","2.33307"
"2099005652","2103848824","1.67424"
"2103848824","2099005652","1.67424"
"2099005652","2160900787","0.674242"
"2160900787","2099005652","0.674242"
"2103848824","2160900787","1.77424"
"2160900787","2103848824","1.77424"
"1496815121","1569527613","0.0909091"
"1569527613","1496815121","0.0909091"
"1496815121","1848531833","0.0909091"
"1848531833","1496815121","0.0909091"
"1496815121","1878401237","0.0909091"
"1878401237","1496815121","0.0909091"
"1496815121","1948669034","0.0909091"
"1948669034","1496815121","0.0909091"
"1496815121","2233768097","0.0909091"
"2233768097","1496815121","0.0909091"
"1496815121","57257458","0.424242"
"57257458","1496815121","0.424242"
"1569527613","1848531833","0.333066"
"1848531833","1569527613","0.333066"
"1569527613","1878401237","0.533066"
"1878401237","1569527613","0.533066"
"1569527613","1948669034","0.475923"
"1948669034","1569527613","0.475923"
"1569527613","2099005652","0.0909091"
"2099005652","1569527613","0.0909091"
"1569527613","2103848824","0.190909"
"2103848824","1569527613","0.190909"
"1569527613","2120389065","0.249733"
"2120389065","1569527613","0.249733"
"1569527613","2160900787","0.249733"
"2160900787","1569527613","0.249733"
"1569527613","2233768097","0.475923"
"2233768097","1569527613","0.475923"
"1569527613","2291789678","0.449733"
"2291789678","1569527613","0.449733"
"1569527613","57257458","0.475923"
"57257458","1569527613","0.475923"
"1848531833","1878401237","0.769177"
"1878401237","1848531833","0.769177"
"1848531833","1948669034","0.333066"
"1948669034","1848531833","0.333066"
"1848531833","2099005652","0.0909091"
"2099005652","1848531833","0.0909091"
"1848531833","2103848824","0.190909"
"2103848824","1848531833","0.190909"
"1848531833","2120389065","0.249733"
"2120389065","1848531833","0.249733"
"1848531833","2160900787","0.249733"
"2160900787","1848531833","0.249733"
"1848531833","2233768097","0.644177"
"2233768097","1848531833","0.644177"
"1848531833","2291789678","1.35251"
"2291789678","1848531833","1.35251"
"1848531833","57257458","0.333066"
"57257458","1848531833","0.333066"
"1878401237","1948669034","0.833066"
"1948669034","1878401237","0.833066"
"1878401237","2099005652","0.0909091"
"2099005652","1878401237","0.0909091"
"1878401237","2103848824","0.190909"
"2103848824","1878401237","0.190909"
"1878401237","2120389065","0.249733"
"2120389065","1878401237","0.249733"
"1878401237","2160900787","0.249733"
"2160900787","1878401237","0.249733"
"1878401237","2233768097","0.644177"
"2233768097","1878401237","0.644177"
"1878401237","2291789678","2.38584"
"2291789678","1878401237","2.38584"
"1878401237","57257458","0.333066"
"57257458","1878401237","0.333066"
"1948669034","2099005652","0.0909091"
"2099005652","1948669034","0.0909091"
"1948669034","2103848824","0.190909"
"2103848824","1948669034","0.190909"
"1948669034","2120389065","0.249733"
"2120389065","1948669034","0.249733"
"1948669034","2160900787","1.24973"
"2160900787","1948669034","1.24973"
"1948669034","2233768097","0.675923"
"2233768097","1948669034","0.675923"
"1948669034","2291789678","0.749733"
"2291789678","1948669034","0.749733"
"1948669034","57257458","3.17592"
"57257458","1948669034","3.17592"
"2099005652","2120389065","0.340909"
"2120389065","2099005652","0.340909"
"2099005652","2233768097","0.0909091"
"2233768097","2099005652","0.0909091"
"2099005652","57257458","0.0909091"
"57257458","2099005652","0.0909091"
"2103848824","2233768097","0.190909"
"2233768097","2103848824","0.190909"
"2103848824","2291789678","0.440909"
"2291789678","2103848824","0.440909"
"2103848824","57257458","0.190909"
"57257458","2103848824","0.190909"
"2120389065","2233768097","0.249733"
"2233768097","2120389065","0.249733"
"2120389065","2291789678","0.499733"
"2291789678","2120389065","0.499733"
"2120389065","57257458","1.08307"
"57257458","2120389065","1.08307"
"2160900787","2233768097","0.249733"
"2233768097","2160900787","0.249733"
"2160900787","2291789678","0.499733"
"2291789678","2160900787","0.499733"
"2160900787","57257458","0.249733"
"57257458","2160900787","0.249733"
"2233768097","2291789678","0.560844"
"2291789678","2233768097","0.560844"
"2233768097","57257458","1.00926"
"57257458","2233768097","1.00926"
"2291789678","57257458","0.249733"
"57257458","2291789678","0.249733"
"1678518841","57257458","2.42549"
"57257458","1678518841","2.42549"
"1513118282","2529433139","1"
"2529433139","1513118282","1"
"1513118282","2120389065","4"
"2120389065","1513118282","4"
"1569527613","1777477216","0.385014"
"1777477216","1569527613","0.385014"
"1777477216","1848531833","0.242157"
"1848531833","1777477216","0.242157"
"1777477216","1878401237","0.242157"
"1878401237","1777477216","0.242157"
"1777477216","1948669034","0.585014"
"1948669034","1777477216","0.585014"
"1777477216","2103848824","0.1"
"2103848824","1777477216","0.1"
"1777477216","2120389065","0.158824"
"2120389065","1777477216","0.158824"
"1777477216","2160900787","0.158824"
"2160900787","1777477216","0.158824"
"1777477216","2233768097","0.585014"
"2233768097","1777477216","0.585014"
"1777477216","2291789678","0.492157"
"2291789678","1777477216","0.492157"
"1777477216","57257458","0.585014"
"57257458","1777477216","0.585014"
"1569527613","2098833401","2.61835"
"2098833401","1569527613","2.61835"
"1569527613","2113589671","0.618347"
"2113589671","1569527613","0.618347"
"1569527613","2137534858","0.142857"
"2137534858","1569527613","0.142857"
"1777477216","2098833401","0.285014"
"2098833401","1777477216","0.285014"
"1777477216","2113589671","0.285014"
"2113589671","1777477216","0.285014"
"1777477216","2137534858","1.14286"
"2137534858","1777477216","1.14286"
"1948669034","2098833401","0.285014"
"2098833401","1948669034","0.285014"
"1948669034","2113589671","0.285014"
"2113589671","1948669034","0.285014"
"1948669034","2137534858","0.142857"
"2137534858","1948669034","0.142857"
"2098833401","2113589671","0.618347"
"2113589671","2098833401","0.618347"
"2098833401","2137534858","1.47619"
"2137534858","2098833401","1.47619"
"2098833401","2233768097","1.61835"
"2233768097","2098833401","1.61835"
"2098833401","57257458","0.618347"
"57257458","2098833401","0.618347"
"2113589671","2137534858","0.142857"
"2137534858","2113589671","0.142857"
"2113589671","2233768097","0.596125"
"2233768097","2113589671","0.596125"
"2113589671","57257458","0.285014"
"57257458","2113589671","0.285014"
"2137534858","2233768097","0.47619"
"2233768097","2137534858","0.47619"
"2137534858","57257458","0.47619"
"57257458","2137534858","0.47619"
"1569527613","1886616740","0.2"
"1886616740","1569527613","0.2"
"1569527613","2165532165","0.342157"
"2165532165","1569527613","0.342157"
"1569527613","2399000749","0.2"
"2399000749","1569527613","0.2"
"1878401237","1886616740","0.436111"
"1886616740","1878401237","0.436111"
"1878401237","2165532165","0.342157"
"2165532165","1878401237","0.342157"
"1878401237","2399000749","0.436111"
"2399000749","1878401237","0.436111"
"1886616740","2165532165","0.2"
"2165532165","1886616740","0.2"
"1886616740","2291789678","0.436111"
"2291789678","1886616740","0.436111"
"1886616740","2399000749","0.436111"
"2399000749","1886616740","0.436111"
"2165532165","2291789678","0.508824"
"2291789678","2165532165","0.508824"
"2165532165","2399000749","0.2"
"2399000749","2165532165","0.2"
"2291789678","2399000749","1.76944"
"2399000749","2291789678","1.76944"
"1569527613","2403788542","2.33333"
"2403788542","1569527613","2.33333"
"1569527613","1678518841","0.142157"
"1678518841","1569527613","0.142157"
"1569527613","1826855738","0.142157"
"1826855738","1569527613","0.142157"
"1569527613","2528840068","0.142157"
"2528840068","1569527613","0.142157"
"1678518841","1777477216","0.342157"
"1777477216","1678518841","0.342157"
"1678518841","1826855738","0.142157"
"1826855738","1678518841","0.142157"
"1678518841","1848531833","0.142157"
"1848531833","1678518841","0.142157"
"1678518841","1878401237","0.142157"
"1878401237","1678518841","0.142157"
"1678518841","1948669034","1.84216"
"1948669034","1678518841","1.84216"
"1678518841","2098833401","0.142157"
"2098833401","1678518841","0.142157"
"1678518841","2113589671","0.142157"
"2113589671","1678518841","0.142157"
"1678518841","2165532165","0.892157"
"2165532165","1678518841","0.892157"
"1678518841","2233768097","0.342157"
"2233768097","1678518841","0.342157"
"1678518841","2528840068","0.142157"
"2528840068","1678518841","0.142157"
"1777477216","1826855738","0.142157"
"1826855738","1777477216","0.142157"
"1777477216","2165532165","0.142157"
"2165532165","1777477216","0.142157"
"1777477216","2528840068","0.142157"
"2528840068","1777477216","0.142157"
"1826855738","1848531833","0.47549"
"1848531833","1826855738","0.47549"
"1826855738","1878401237","0.142157"
"1878401237","1826855738","0.142157"
"1826855738","1948669034","0.142157"
"1948669034","1826855738","0.142157"
"1826855738","2098833401","0.142157"
"2098833401","1826855738","0.142157"
"1826855738","2113589671","0.142157"
"2113589671","1826855738","0.142157"
"1826855738","2165532165","0.142157"
"2165532165","1826855738","0.142157"
"1826855738","2233768097","0.142157"
"2233768097","1826855738","0.142157"
"1826855738","2528840068","0.47549"
"2528840068","1826855738","0.47549"
"1826855738","57257458","0.142157"
"57257458","1826855738","0.142157"
"1848531833","2098833401","0.142157"
"2098833401","1848531833","0.142157"
"1848531833","2113589671","0.578268"
"2113589671","1848531833","0.578268"
"1848531833","2165532165","0.142157"
"2165532165","1848531833","0.142157"
"1848531833","2528840068","1.24493"
"2528840068","1848531833","1.24493"
"1878401237","2098833401","0.142157"
"2098833401","1878401237","0.142157"
"1878401237","2113589671","0.911601"
"2113589671","1878401237","0.911601"
"1878401237","2528840068","0.578268"
"2528840068","1878401237","0.578268"
"1948669034","2165532165","0.142157"
"2165532165","1948669034","0.142157"
"1948669034","2528840068","0.142157"
"2528840068","1948669034","0.142157"
"2098833401","2165532165","0.142157"
"2165532165","2098833401","0.142157"
"2098833401","2528840068","0.142157"
"2528840068","2098833401","0.142157"
"2113589671","2165532165","0.142157"
"2165532165","2113589671","0.142157"
"2113589671","2528840068","1.57827"
"2528840068","2113589671","1.57827"
"2165532165","2233768097","0.142157"
"2233768097","2165532165","0.142157"
"2165532165","2528840068","0.142157"
"2528840068","2165532165","0.142157"
"2165532165","57257458","1.14216"
"57257458","2165532165","1.14216"
"2233768097","2528840068","1.45327"
"2528840068","2233768097","1.45327"
"2528840068","57257458","0.142157"
"57257458","2528840068","0.142157"
"1569527613","1822307893","0.0588235"
"1822307893","1569527613","0.0588235"
"1569527613","2098320696","0.0588235"
"2098320696","1569527613","0.0588235"
"1678518841","1822307893","0.0588235"
"1822307893","1678518841","0.0588235"
"1678518841","2098320696","0.558824"
"2098320696","1678518841","0.558824"
"1678518841","2160900787","0.0588235"
"2160900787","1678518841","0.0588235"
"1678518841","2291789678","1.05882"
"2291789678","1678518841","1.05882"
"1777477216","1822307893","0.0588235"
"1822307893","1777477216","0.0588235"
"1777477216","2098320696","0.0588235"
"2098320696","1777477216","0.0588235"
"1822307893","1826855738","0.558824"
"1826855738","1822307893","0.558824"
"1822307893","1848531833","0.0588235"
"1848531833","1822307893","0.0588235"
"1822307893","1878401237","0.0588235"
"1878401237","1822307893","0.0588235"
"1822307893","1948669034","0.0588235"
"1948669034","1822307893","0.0588235"
"1822307893","2098320696","0.0588235"
"2098320696","1822307893","0.0588235"
"1822307893","2098833401","0.0588235"
"2098833401","1822307893","0.0588235"
"1822307893","2113589671","0.0588235"
"2113589671","1822307893","0.0588235"
"1822307893","2120389065","0.0588235"
"2120389065","1822307893","0.0588235"
"1822307893","2160900787","0.0588235"
"2160900787","1822307893","0.0588235"
"1822307893","2165532165","0.308824"
"2165532165","1822307893","0.308824"
"1822307893","2233768097","0.0588235"
"2233768097","1822307893","0.0588235"
"1822307893","2291789678","0.308824"
"2291789678","1822307893","0.308824"
"1822307893","2528840068","0.0588235"
"2528840068","1822307893","0.0588235"
"1822307893","57257458","0.0588235"
"57257458","1822307893","0.0588235"
"1826855738","2098320696","0.0588235"
"2098320696","1826855738","0.0588235"
"1826855738","2120389065","0.0588235"
"2120389065","1826855738","0.0588235"
"1826855738","2160900787","0.0588235"
"2160900787","1826855738","0.0588235"
"1826855738","2291789678","0.392157"
"2291789678","1826855738","0.392157"
"1848531833","2098320696","0.0588235"
"2098320696","1848531833","0.0588235"
"1878401237","2098320696","0.0588235"
"2098320696","1878401237","0.0588235"
"1948669034","2098320696","0.0588235"
"2098320696","1948669034","0.0588235"
"2098320696","2098833401","0.0588235"
"2098833401","2098320696","0.0588235"
"2098320696","2113589671","0.0588235"
"2113589671","2098320696","0.0588235"
"2098320696","2120389065","0.0588235"
"2120389065","2098320696","0.0588235"
"2098320696","2160900787","0.0588235"
"2160900787","2098320696","0.0588235"
"2098320696","2165532165","4.05882"
"2165532165","2098320696","4.05882"
"2098320696","2233768097","0.0588235"
"2233768097","2098320696","0.0588235"
"2098320696","2291789678","0.0588235"
"2291789678","2098320696","0.0588235"
"2098320696","2528840068","0.0588235"
"2528840068","2098320696","0.0588235"
"2098320696","57257458","0.558824"
"57257458","2098320696","0.558824"
"2098833401","2120389065","0.0588235"
"2120389065","2098833401","0.0588235"
"2098833401","2160900787","0.0588235"
"2160900787","2098833401","0.0588235"
"2098833401","2291789678","0.0588235"
"2291789678","2098833401","0.0588235"
"2113589671","2120389065","0.0588235"
"2120389065","2113589671","0.0588235"
"2113589671","2160900787","0.0588235"
"2160900787","2113589671","0.0588235"
"2113589671","2291789678","0.828268"
"2291789678","2113589671","0.828268"
"2120389065","2165532165","0.0588235"
"2165532165","2120389065","0.0588235"
"2120389065","2528840068","0.0588235"
"2528840068","2120389065","0.0588235"
"2160900787","2165532165","0.0588235"
"2165532165","2160900787","0.0588235"
"2160900787","2528840068","0.0588235"
"2528840068","2160900787","0.0588235"
"2291789678","2528840068","1.1616"
"2528840068","2291789678","1.1616"
"2098833401","2403788542","0.333333"
"2403788542","2098833401","0.333333"
"2113589671","2403788542","0.444444"
"2403788542","2113589671","0.444444"
"2018332730","2165532165","0.75"
"2165532165","2018332730","0.75"
"1777477216","1821612322","0.2"
"1821612322","1777477216","0.2"
"1821612322","1948669034","0.2"
"1948669034","1821612322","0.2"
"1821612322","2233768097","0.2"
"2233768097","1821612322","0.2"
"1821612322","57257458","0.45"
"57257458","1821612322","0.45"
"1821612322","2165532165","0.25"
"2165532165","1821612322","0.25"
"2165532165","2614773713","0.25"
"2614773713","2165532165","0.25"
"2018332730","57257458","0.25"
"57257458","2018332730","0.25"
"2614773713","57257458","0.25"
"57257458","2614773713","0.25"
"1777477216","2401683312","0.333333"
"2401683312","1777477216","0.333333"
"1777477216","2920539229","0.333333"
"2920539229","1777477216","0.333333"
"2291789678","2401683312","0.333333"
"2401683312","2291789678","0.333333"
"2291789678","2920539229","0.333333"
"2920539229","2291789678","0.333333"
"2401683312","2920539229","2.33333"
"2920539229","2401683312","2.33333"
"1822307893","1886616740","0.833333"
"1886616740","1822307893","0.833333"
"1822307893","2346044633","0.583333"
"2346044633","1822307893","0.583333"
"1822307893","2526849482","0.583333"
"2526849482","1822307893","0.583333"
"1886616740","2346044633","1.06944"
"2346044633","1886616740","1.06944"
"1886616740","2526849482","5.95833"
"2526849482","1886616740","5.95833"
"2346044633","2526849482","1.70833"
"2526849482","2346044633","1.70833"
"1826855738","1886616740","0.5"
"1886616740","1826855738","0.5"
"2165532165","2346044633","0.25"
"2346044633","2165532165","0.25"
"2165532165","2526849482","0.75"
"2526849482","2165532165","0.75"
"2291789678","2346044633","1.98611"
"2346044633","2291789678","1.98611"
"2291789678","2526849482","0.875"
"2526849482","2291789678","0.875"
"1848531833","1886616740","0.236111"
"1886616740","1848531833","0.236111"
"1848531833","2346044633","0.236111"
"2346044633","1848531833","0.236111"
"1848531833","2399000749","0.569444"
"2399000749","1848531833","0.569444"
"1848531833","2526849482","0.125"
"2526849482","1848531833","0.125"
"1878401237","2346044633","1.23611"
"2346044633","1878401237","1.23611"
"1878401237","2526849482","0.125"
"2526849482","1878401237","0.125"
"1886616740","2113589671","0.236111"
"2113589671","1886616740","0.236111"
"1886616740","2528840068","0.236111"
"2528840068","1886616740","0.236111"
"2113589671","2346044633","0.569444"
"2346044633","2113589671","0.569444"
"2113589671","2399000749","0.236111"
"2399000749","2113589671","0.236111"
"2113589671","2526849482","0.125"
"2526849482","2113589671","0.125"
"2346044633","2399000749","0.236111"
"2399000749","2346044633","0.236111"
"2346044633","2528840068","0.236111"
"2528840068","2346044633","0.236111"
"2399000749","2526849482","0.125"
"2526849482","2399000749","0.125"
"2399000749","2528840068","3.06944"
"2528840068","2399000749","3.06944"
"2526849482","2528840068","0.125"
"2528840068","2526849482","0.125"
"1848531833","2403788542","0.111111"
"2403788542","1848531833","0.111111"
"1878401237","2403788542","0.111111"
"2403788542","1878401237","0.111111"
"1886616740","2233768097","0.111111"
"2233768097","1886616740","0.111111"
"1886616740","2403788542","0.111111"
"2403788542","1886616740","0.111111"
"2233768097","2346044633","0.111111"
"2346044633","2233768097","0.111111"
"2233768097","2399000749","0.111111"
"2399000749","2233768097","0.111111"
"2233768097","2403788542","0.111111"
"2403788542","2233768097","0.111111"
"2291789678","2403788542","0.111111"
"2403788542","2291789678","0.111111"
"2346044633","2403788542","0.111111"
"2403788542","2346044633","0.111111"
"2399000749","2403788542","4.61111"
"2403788542","2399000749","4.61111"
"2403788542","2528840068","0.611111"
"2528840068","2403788542","0.611111"
"1878401237","1995761541","0.666667"
"1995761541","1878401237","0.666667"
"1995761541","2291789678","0.666667"
"2291789678","1995761541","0.666667"
"1995761541","2346044633","0.666667"
"2346044633","1995761541","0.666667"
"1886616740","2098320696","4"
"2098320696","1886616740","4"
"1948669034","2399000749","1"
"2399000749","1948669034","1"
"2098320696","2235627454","0.5"
"2235627454","2098320696","0.5"
"2165532165","2235627454","0.5"
"2235627454","2165532165","0.5"
"2098320696","2526849482","0.5"
"2526849482","2098320696","0.5"
