"1480813933","2097470225","3.08333"
"2097470225","1480813933","3.08333"
"1480813933","2151207477","1.08333"
"2151207477","1480813933","1.08333"
"2097470225","2151207477","1.28333"
"2151207477","2097470225","1.28333"
"1480813933","2082180526","3.25"
"2082180526","1480813933","3.25"
"1480813933","2163949443","0.333333"
"2163949443","1480813933","0.333333"
"2097470225","2163949443","0.333333"
"2163949443","2097470225","0.333333"
"2151207477","2163949443","0.333333"
"2163949443","2151207477","0.333333"
"1480813933","1985247771","0.25"
"1985247771","1480813933","0.25"
"1985247771","2082180526","0.503968"
"2082180526","1985247771","0.503968"
"1985247771","2097470225","1.45"
"2097470225","1985247771","1.45"
"1985247771","2151207477","0.45"
"2151207477","1985247771","0.45"
"2082180526","2097470225","0.25"
"2097470225","2082180526","0.25"
"2082180526","2151207477","0.583333"
"2151207477","2082180526","0.583333"
"1545050218","2762279010","1"
"2762279010","1545050218","1"
"1545050218","1779054061","1.94444"
"1779054061","1545050218","1.94444"
"1545050218","2098797720","0.833333"
"2098797720","1545050218","0.833333"
"1545050218","2156410527","3.94444"
"2156410527","1545050218","3.94444"
"1779054061","2098797720","1.33333"
"2098797720","1779054061","1.33333"
"1779054061","2156410527","2.44444"
"2156410527","1779054061","2.44444"
"2098797720","2156410527","0.833333"
"2156410527","2098797720","0.833333"
"1545050218","173331602","0.111111"
"173331602","1545050218","0.111111"
"1545050218","2100758987","0.111111"
"2100758987","1545050218","0.111111"
"1545050218","2101866211","0.111111"
"2101866211","1545050218","0.111111"
"1545050218","2168877256","0.111111"
"2168877256","1545050218","0.111111"
"1545050218","2243167037","0.611111"
"2243167037","1545050218","0.611111"
"1545050218","2342606171","0.111111"
"2342606171","1545050218","0.111111"
"1545050218","2589488234","0.111111"
"2589488234","1545050218","0.111111"
"173331602","1779054061","0.111111"
"1779054061","173331602","0.111111"
"173331602","2100758987","0.111111"
"2100758987","173331602","0.111111"
"173331602","2101866211","0.111111"
"2101866211","173331602","0.111111"
"173331602","2156410527","0.111111"
"2156410527","173331602","0.111111"
"173331602","2168877256","0.111111"
"2168877256","173331602","0.111111"
"173331602","2243167037","0.111111"
"2243167037","173331602","0.111111"
"173331602","2342606171","0.111111"
"2342606171","173331602","0.111111"
"173331602","2589488234","0.111111"
"2589488234","173331602","0.111111"
"1779054061","2100758987","0.111111"
"2100758987","1779054061","0.111111"
"1779054061","2101866211","0.111111"
"2101866211","1779054061","0.111111"
"1779054061","2168877256","0.611111"
"2168877256","1779054061","0.611111"
"1779054061","2243167037","6.61111"
"2243167037","1779054061","6.61111"
"1779054061","2342606171","0.611111"
"2342606171","1779054061","0.611111"
"1779054061","2589488234","0.111111"
"2589488234","1779054061","0.111111"
"2100758987","2101866211","1.19444"
"2101866211","2100758987","1.19444"
"2100758987","2156410527","0.111111"
"2156410527","2100758987","0.111111"
"2100758987","2168877256","0.111111"
"2168877256","2100758987","0.111111"
"2100758987","2243167037","0.111111"
"2243167037","2100758987","0.111111"
"2100758987","2342606171","0.111111"
"2342606171","2100758987","0.111111"
"2100758987","2589488234","23.1944"
"2589488234","2100758987","23.1944"
"2101866211","2156410527","1.11111"
"2156410527","2101866211","1.11111"
"2101866211","2168877256","0.111111"
"2168877256","2101866211","0.111111"
"2101866211","2243167037","0.111111"
"2243167037","2101866211","0.111111"
"2101866211","2342606171","0.111111"
"2342606171","2101866211","0.111111"
"2101866211","2589488234","1.19444"
"2589488234","2101866211","1.19444"
"2156410527","2168877256","0.111111"
"2168877256","2156410527","0.111111"
"2156410527","2243167037","0.111111"
"2243167037","2156410527","0.111111"
"2156410527","2342606171","0.111111"
"2342606171","2156410527","0.111111"
"2156410527","2589488234","0.111111"
"2589488234","2156410527","0.111111"
"2168877256","2243167037","0.611111"
"2243167037","2168877256","0.611111"
"2168877256","2342606171","0.111111"
"2342606171","2168877256","0.111111"
"2168877256","2589488234","0.111111"
"2589488234","2168877256","0.111111"
"2243167037","2342606171","0.611111"
"2342606171","2243167037","0.611111"
"2243167037","2589488234","0.111111"
"2589488234","2243167037","0.111111"
"2342606171","2589488234","0.111111"
"2589488234","2342606171","0.111111"
"1560502112","1796296964","0.111111"
"1796296964","1560502112","0.111111"
"1560502112","1985247771","0.111111"
"1985247771","1560502112","0.111111"
"1560502112","2120960514","0.111111"
"2120960514","1560502112","0.111111"
"1560502112","2121252355","0.111111"
"2121252355","1560502112","0.111111"
"1560502112","2340605418","0.111111"
"2340605418","1560502112","0.111111"
"1560502112","2400830380","0.111111"
"2400830380","1560502112","0.111111"
"1560502112","2635012095","0.111111"
"2635012095","1560502112","0.111111"
"1560502112","2949613286","0.111111"
"2949613286","1560502112","0.111111"
"1560502112","63790640","0.111111"
"63790640","1560502112","0.111111"
"1796296964","1985247771","0.222222"
"1985247771","1796296964","0.222222"
"1796296964","2120960514","0.299145"
"2120960514","1796296964","0.299145"
"1796296964","2121252355","0.111111"
"2121252355","1796296964","0.111111"
"1796296964","2340605418","0.188034"
"2340605418","1796296964","0.188034"
"1796296964","2400830380","0.188034"
"2400830380","1796296964","0.188034"
"1796296964","2635012095","0.111111"
"2635012095","1796296964","0.111111"
"1796296964","2949613286","16.2991"
"2949613286","1796296964","16.2991"
"1796296964","63790640","0.188034"
"63790640","1796296964","0.188034"
"1985247771","2120960514","0.698413"
"2120960514","1985247771","0.698413"
"1985247771","2121252355","0.111111"
"2121252355","1985247771","0.111111"
"1985247771","2340605418","0.453968"
"2340605418","1985247771","0.453968"
"1985247771","2400830380","0.444444"
"2400830380","1985247771","0.444444"
"1985247771","2635012095","0.111111"
"2635012095","1985247771","0.111111"
"1985247771","2949613286","0.222222"
"2949613286","1985247771","0.222222"
"1985247771","63790640","0.111111"
"63790640","1985247771","0.111111"
"2120960514","2121252355","4.64444"
"2121252355","2120960514","4.64444"
"2120960514","2340605418","3.08089"
"2340605418","2120960514","3.08089"
"2120960514","2400830380","1.6047"
"2400830380","2120960514","1.6047"
"2120960514","2635012095","0.111111"
"2635012095","2120960514","0.111111"
"2120960514","2949613286","0.299145"
"2949613286","2120960514","0.299145"
"2120960514","63790640","1.63803"
"63790640","2120960514","1.63803"
"2121252355","2340605418","0.361111"
"2340605418","2121252355","0.361111"
"2121252355","2400830380","5.97778"
"2400830380","2121252355","5.97778"
"2121252355","2635012095","0.111111"
"2635012095","2121252355","0.111111"
"2121252355","2949613286","0.111111"
"2949613286","2121252355","0.111111"
"2121252355","63790640","2.81111"
"63790640","2121252355","2.81111"
"2340605418","2400830380","0.188034"
"2400830380","2340605418","0.188034"
"2340605418","2635012095","0.111111"
"2635012095","2340605418","0.111111"
"2340605418","2949613286","0.188034"
"2949613286","2340605418","0.188034"
"2340605418","63790640","0.438034"
"63790640","2340605418","0.438034"
"2400830380","2635012095","0.111111"
"2635012095","2400830380","0.111111"
"2400830380","2949613286","0.188034"
"2949613286","2400830380","0.188034"
"2400830380","63790640","0.438034"
"63790640","2400830380","0.438034"
"2635012095","2949613286","0.111111"
"2949613286","2635012095","0.111111"
"2635012095","63790640","0.111111"
"63790640","2635012095","0.111111"
"2949613286","63790640","0.188034"
"63790640","2949613286","0.188034"
"1587175427","2175475612","21"
"2175475612","1587175427","21"
"1796296964","2762279010","3.5"
"2762279010","1796296964","3.5"
"2762279010","2949613286","3.5"
"2949613286","2762279010","3.5"
"1796296964","2164322841","1"
"2164322841","1796296964","1"
"2164322841","2949613286","1"
"2949613286","2164322841","1"
"1796296964","1815362064","0.354701"
"1815362064","1796296964","0.354701"
"1796296964","1970863228","0.688034"
"1970863228","1796296964","0.688034"
"1796296964","2082180526","0.521368"
"2082180526","1796296964","0.521368"
"1796296964","2090223790","0.604701"
"2090223790","1796296964","0.604701"
"1796296964","2163949443","0.438034"
"2163949443","1796296964","0.438034"
"1796296964","2794784953","0.354701"
"2794784953","1796296964","0.354701"
"1815362064","1970863228","0.497558"
"1970863228","1815362064","0.497558"
"1815362064","1985247771","0.453968"
"1985247771","1815362064","0.453968"
"1815362064","2082180526","1.94756"
"2082180526","1815362064","1.94756"
"1815362064","2090223790","2.49756"
"2090223790","1815362064","2.49756"
"1815362064","2120960514","1.11422"
"2120960514","1815362064","1.11422"
"1815362064","2163949443","2.56422"
"2163949443","1815362064","2.56422"
"1815362064","2794784953","0.354701"
"2794784953","1815362064","0.354701"
"1815362064","2949613286","0.354701"
"2949613286","1815362064","0.354701"
"1970863228","1985247771","0.444444"
"1985247771","1970863228","0.444444"
"1970863228","2082180526","0.521368"
"2082180526","1970863228","0.521368"
"1970863228","2090223790","0.497558"
"2090223790","1970863228","0.497558"
"1970863228","2120960514","1.27137"
"2120960514","1970863228","1.27137"
"1970863228","2163949443","0.188034"
"2163949443","1970863228","0.188034"
"1970863228","2794784953","0.354701"
"2794784953","1970863228","0.354701"
"1970863228","2949613286","0.688034"
"2949613286","1970863228","0.688034"
"1985247771","2090223790","0.111111"
"2090223790","1985247771","0.111111"
"1985247771","2163949443","0.253968"
"2163949443","1985247771","0.253968"
"1985247771","2794784953","2.27778"
"2794784953","1985247771","2.27778"
"2082180526","2090223790","0.188034"
"2090223790","2082180526","0.188034"
"2082180526","2120960514","1.24756"
"2120960514","2082180526","1.24756"
"2082180526","2163949443","1.49756"
"2163949443","2082180526","1.49756"
"2082180526","2794784953","0.188034"
"2794784953","2082180526","0.188034"
"2082180526","2949613286","0.521368"
"2949613286","2082180526","0.521368"
"2090223790","2120960514","0.188034"
"2120960514","2090223790","0.188034"
"2090223790","2163949443","0.188034"
"2163949443","2090223790","0.188034"
"2090223790","2794784953","0.354701"
"2794784953","2090223790","0.354701"
"2090223790","2949613286","0.604701"
"2949613286","2090223790","0.604701"
"2120960514","2163949443","0.864225"
"2163949443","2120960514","0.864225"
"2120960514","2794784953","0.188034"
"2794784953","2120960514","0.188034"
"2163949443","2794784953","0.188034"
"2794784953","2163949443","0.188034"
"2163949443","2949613286","0.438034"
"2949613286","2163949443","0.438034"
"2794784953","2949613286","0.354701"
"2949613286","2794784953","0.354701"
"1796296964","2029103396","0.416667"
"2029103396","1796296964","0.416667"
"1796296964","2902444323","2.07692"
"2902444323","1796296964","2.07692"
"2029103396","2163949443","0.25"
"2163949443","2029103396","0.25"
"2029103396","2902444323","1.59286"
"2902444323","2029103396","1.59286"
"2029103396","2949613286","0.416667"
"2949613286","2029103396","0.416667"
"2163949443","2902444323","0.46978"
"2902444323","2163949443","0.46978"
"2902444323","2949613286","0.576923"
"2949613286","2902444323","0.576923"
"1796296964","2097470225","0.25"
"2097470225","1796296964","0.25"
"2090223790","2097470225","0.25"
"2097470225","2090223790","0.25"
"2090223790","2902444323","0.46978"
"2902444323","2090223790","0.46978"
"2097470225","2902444323","0.25"
"2902444323","2097470225","0.25"
"2097470225","2949613286","0.25"
"2949613286","2097470225","0.25"
"1796296964","2505207162","1.16667"
"2505207162","1796296964","1.16667"
"2505207162","2762279010","0.666667"
"2762279010","2505207162","0.666667"
"2505207162","2949613286","1.16667"
"2949613286","2505207162","1.16667"
"1815362064","2029103396","1.50952"
"2029103396","1815362064","1.50952"
"1970863228","2029103396","0.309524"
"2029103396","1970863228","0.309524"
"2029103396","2090223790","0.309524"
"2090223790","2029103396","0.309524"
"2029103396","2794784953","0.166667"
"2794784953","2029103396","0.166667"
"1796296964","2800449371","0.576923"
"2800449371","1796296964","0.576923"
"1815362064","2340605418","0.41978"
"2340605418","1815362064","0.41978"
"1815362064","2400830380","2.86026"
"2400830380","1815362064","2.86026"
"1815362064","2800449371","0.21978"
"2800449371","1815362064","0.21978"
"1815362064","2902444323","0.562637"
"2902444323","1815362064","0.562637"
"1815362064","63790640","0.276923"
"63790640","1815362064","0.276923"
"1970863228","2340605418","0.826923"
"2340605418","1970863228","0.826923"
"1970863228","2400830380","0.410256"
"2400830380","1970863228","0.410256"
"1970863228","2800449371","0.21978"
"2800449371","1970863228","0.21978"
"1970863228","2902444323","0.21978"
"2902444323","1970863228","0.21978"
"1970863228","63790640","1.32692"
"63790640","1970863228","1.32692"
"2082180526","2340605418","0.21978"
"2340605418","2082180526","0.21978"
"2082180526","2400830380","1.24359"
"2400830380","2082180526","1.24359"
"2082180526","2800449371","0.0769231"
"2800449371","2082180526","0.0769231"
"2082180526","2902444323","0.41978"
"2902444323","2082180526","0.41978"
"2082180526","63790640","0.326923"
"63790640","2082180526","0.326923"
"2090223790","2340605418","0.0769231"
"2340605418","2090223790","0.0769231"
"2090223790","2400830380","0.0769231"
"2400830380","2090223790","0.0769231"
"2090223790","2800449371","1.21978"
"2800449371","2090223790","1.21978"
"2090223790","63790640","0.0769231"
"63790640","2090223790","0.0769231"
"2120960514","2800449371","0.0769231"
"2800449371","2120960514","0.0769231"
"2120960514","2902444323","0.21978"
"2902444323","2120960514","0.21978"
"2163949443","2340605418","0.21978"
"2340605418","2163949443","0.21978"
"2163949443","2400830380","0.276923"
"2400830380","2163949443","0.276923"
"2163949443","2800449371","0.0769231"
"2800449371","2163949443","0.0769231"
"2163949443","63790640","0.276923"
"63790640","2163949443","0.276923"
"2340605418","2794784953","0.0769231"
"2794784953","2340605418","0.0769231"
"2340605418","2800449371","0.0769231"
"2800449371","2340605418","0.0769231"
"2340605418","2902444323","0.21978"
"2902444323","2340605418","0.21978"
"2400830380","2794784953","0.0769231"
"2794784953","2400830380","0.0769231"
"2400830380","2800449371","0.0769231"
"2800449371","2400830380","0.0769231"
"2400830380","2902444323","0.0769231"
"2902444323","2400830380","0.0769231"
"2794784953","2800449371","0.0769231"
"2800449371","2794784953","0.0769231"
"2794784953","2902444323","0.0769231"
"2902444323","2794784953","0.0769231"
"2794784953","63790640","0.0769231"
"63790640","2794784953","0.0769231"
"2800449371","2902444323","1.71978"
"2902444323","2800449371","1.71978"
"2800449371","2949613286","0.0769231"
"2949613286","2800449371","0.0769231"
"2800449371","63790640","0.0769231"
"63790640","2800449371","0.0769231"
"2902444323","63790640","0.0769231"
"63790640","2902444323","0.0769231"
"1796296964","2560675426","0.333333"
"2560675426","1796296964","0.333333"
"2560675426","2762279010","0.333333"
"2762279010","2560675426","0.333333"
"2560675426","2949613286","0.333333"
"2949613286","2560675426","0.333333"
"1815362064","1916595307","1.4"
"1916595307","1815362064","1.4"
"1815362064","2121252355","3.18333"
"2121252355","1815362064","3.18333"
"1815362064","2342606171","0.2"
"2342606171","1815362064","0.2"
"1916595307","2121252355","0.65"
"2121252355","1916595307","0.65"
"1916595307","2163949443","0.4"
"2163949443","1916595307","0.4"
"1916595307","2342606171","0.2"
"2342606171","1916595307","0.2"
"1916595307","2400830380","0.45"
"2400830380","1916595307","0.45"
"2121252355","2163949443","2.73333"
"2163949443","2121252355","2.73333"
"2121252355","2342606171","0.2"
"2342606171","2121252355","0.2"
"2163949443","2342606171","0.2"
"2342606171","2163949443","0.2"
"2342606171","2400830380","0.2"
"2400830380","2342606171","0.2"
"2082180526","2121252355","1.7"
"2121252355","2082180526","1.7"
"1815362064","2460170719","0.342857"
"2460170719","1815362064","0.342857"
"1985247771","2460170719","0.342857"
"2460170719","1985247771","0.342857"
"1985247771","2902444323","0.142857"
"2902444323","1985247771","0.142857"
"2082180526","2460170719","1.47619"
"2460170719","2082180526","1.47619"
"2120960514","2460170719","0.142857"
"2460170719","2120960514","0.142857"
"2163949443","2460170719","0.142857"
"2460170719","2163949443","0.142857"
"2340605418","2460170719","0.342857"
"2460170719","2340605418","0.342857"
"2460170719","2902444323","0.142857"
"2902444323","2460170719","0.142857"
"1815362064","2097470225","0.2"
"2097470225","1815362064","0.2"
"1815362064","2151207477","0.2"
"2151207477","1815362064","0.2"
"2097470225","2340605418","0.2"
"2340605418","2097470225","0.2"
"2097470225","2460170719","0.2"
"2460170719","2097470225","0.2"
"2151207477","2340605418","0.2"
"2340605418","2151207477","0.2"
"2151207477","2460170719","0.533333"
"2460170719","2151207477","0.533333"
"1815362064","2175475612","0.142857"
"2175475612","1815362064","0.142857"
"1815362064","2418848579","0.342857"
"2418848579","1815362064","0.342857"
"1970863228","2175475612","0.142857"
"2175475612","1970863228","0.142857"
"1970863228","2418848579","0.142857"
"2418848579","1970863228","0.142857"
"2029103396","2175475612","0.142857"
"2175475612","2029103396","0.142857"
"2029103396","2418848579","0.842857"
"2418848579","2029103396","0.842857"
"2029103396","2800449371","0.642857"
"2800449371","2029103396","0.642857"
"2090223790","2175475612","0.142857"
"2175475612","2090223790","0.142857"
"2090223790","2418848579","0.142857"
"2418848579","2090223790","0.142857"
"2175475612","2418848579","0.142857"
"2418848579","2175475612","0.142857"
"2175475612","2800449371","0.142857"
"2800449371","2175475612","0.142857"
"2175475612","2902444323","0.142857"
"2902444323","2175475612","0.142857"
"2418848579","2800449371","3.64286"
"2800449371","2418848579","3.64286"
"2418848579","2902444323","1.34286"
"2902444323","2418848579","1.34286"
"2029103396","2082180526","0.2"
"2082180526","2029103396","0.2"
"2029103396","2121252355","1.2"
"2121252355","2029103396","1.2"
"2082180526","2418848579","0.2"
"2418848579","2082180526","0.2"
"2121252355","2418848579","0.2"
"2418848579","2121252355","0.2"
"2121252355","2902444323","0.2"
"2902444323","2121252355","0.2"
"1916595307","2120960514","0.2"
"2120960514","1916595307","0.2"
"1916595307","63790640","0.45"
"63790640","1916595307","0.45"
"1916595307","2100758987","0.5"
"2100758987","1916595307","0.5"
"1916595307","2589488234","0.5"
"2589488234","1916595307","0.5"
"1916595307","2082180526","0.25"
"2082180526","1916595307","0.25"
"1970863228","2121252355","0.25"
"2121252355","1970863228","0.25"
"1985247771","2022932831","1.66667"
"2022932831","1985247771","1.66667"
"1985247771","2303253355","0.833333"
"2303253355","1985247771","0.833333"
"2022932831","2303253355","1.33333"
"2303253355","2022932831","1.33333"
"2022932831","2794784953","0.666667"
"2794784953","2022932831","0.666667"
"2303253355","2794784953","0.333333"
"2794784953","2303253355","0.333333"
"1985247771","2513903144","1"
"2513903144","1985247771","1"
"2513903144","2794784953","0.5"
"2794784953","2513903144","0.5"
"1985247771","2418848579","0.333333"
"2418848579","1985247771","0.333333"
"2022932831","2418848579","0.333333"
"2418848579","2022932831","0.333333"
"2418848579","2794784953","0.333333"
"2794784953","2418848579","0.333333"
"2022932831","2513903144","1.5"
"2513903144","2022932831","1.5"
"2022932831","2744332631","0.5"
"2744332631","2022932831","0.5"
"2303253355","2744332631","0.5"
"2744332631","2303253355","0.5"
"2029103396","2340605418","1"
"2340605418","2029103396","1"
"2082180526","2505207162","0.333333"
"2505207162","2082180526","0.333333"
"2121252355","2505207162","0.333333"
"2505207162","2121252355","0.333333"
"2163949443","2505207162","0.333333"
"2505207162","2163949443","0.333333"
"2082180526","2635012095","0.333333"
"2635012095","2082180526","0.333333"
"2151207477","2635012095","0.333333"
"2635012095","2151207477","0.333333"
"2460170719","2635012095","1.33333"
"2635012095","2460170719","1.33333"
"2098797720","2169177434","3"
"2169177434","2098797720","3"
"2098797720","2100758987","0.75"
"2100758987","2098797720","0.75"
"2098797720","2101866211","1.25"
"2101866211","2098797720","1.25"
"2098797720","2115618531","0.25"
"2115618531","2098797720","0.25"
"2098797720","2589488234","0.75"
"2589488234","2098797720","0.75"
"2100758987","2115618531","0.583333"
"2115618531","2100758987","0.583333"
"2101866211","2115618531","2.58333"
"2115618531","2101866211","2.58333"
"2115618531","2589488234","0.583333"
"2589488234","2115618531","0.583333"
"2116520617","2137919269","1.5"
"2137919269","2116520617","1.5"
"2116520617","87635799","9.5"
"87635799","2116520617","9.5"
"2137919269","87635799","2.5"
"87635799","2137919269","2.5"
"2121252355","2695177217","1"
"2695177217","2121252355","1"
"2121252355","2175475612","1"
"2175475612","2121252355","1"
"2137919269","2488366091","1"
"2488366091","2137919269","1"
"2175475612","2753877802","4"
"2753877802","2175475612","4"
"2342606171","2505207162","1"
"2505207162","2342606171","1"
