"1496551712","1500202382","9.78333"
"1500202382","1496551712","9.78333"
"1496551712","187614379","2.11667"
"187614379","1496551712","2.11667"
"1500202382","187614379","4.53333"
"187614379","1500202382","4.53333"
"1496551712","2143876336","2.86667"
"2143876336","1496551712","2.86667"
"1500202382","2143876336","3.325"
"2143876336","1500202382","3.325"
"1496551712","2147610681","0.333333"
"2147610681","1496551712","0.333333"
"1496551712","2164163949","2.2"
"2164163949","1496551712","2.2"
"1500202382","2147610681","3.41667"
"2147610681","1500202382","3.41667"
"1500202382","2164163949","5.11667"
"2164163949","1500202382","5.11667"
"2147610681","2164163949","1.58333"
"2164163949","2147610681","1.58333"
"187614379","2164163949","2.61667"
"2164163949","187614379","2.61667"
"1496551712","1568283191","0.45"
"1568283191","1496551712","0.45"
"1496551712","2135227684","1.25"
"2135227684","1496551712","1.25"
"1500202382","1568283191","2.45"
"1568283191","1500202382","2.45"
"1500202382","2135227684","4.45833"
"2135227684","1500202382","4.45833"
"1568283191","187614379","0.45"
"187614379","1568283191","0.45"
"1568283191","2135227684","0.5"
"2135227684","1568283191","0.5"
"187614379","2135227684","1.83333"
"2135227684","187614379","1.83333"
"2135227684","2143876336","3.375"
"2143876336","2135227684","3.375"
"2135227684","2164163949","5.08333"
"2164163949","2135227684","5.08333"
"1568283191","2143876336","0.45"
"2143876336","1568283191","0.45"
"1568283191","2164163949","0.7"
"2164163949","1568283191","0.7"
"187614379","2143876336","0.2"
"2143876336","187614379","0.2"
"2143876336","2164163949","0.2"
"2164163949","2143876336","0.2"
"1568283191","2147610681","0.5"
"2147610681","1568283191","0.5"
"1500202382","1987035212","1.83333"
"1987035212","1500202382","1.83333"
"1987035212","2135227684","1.83333"
"2135227684","1987035212","1.83333"
"1987035212","2147610681","0.333333"
"2147610681","1987035212","0.333333"
"2135227684","2147610681","1.58333"
"2147610681","2135227684","1.58333"
"1500202382","2103675767","4.125"
"2103675767","1500202382","4.125"
"187614379","2147610681","0.25"
"2147610681","187614379","0.25"
"1500202382","2110358361","0.666667"
"2110358361","1500202382","0.666667"
"2110358361","2135227684","1.08333"
"2135227684","2110358361","1.08333"
"2110358361","2143876336","0.583333"
"2143876336","2110358361","0.583333"
"1500202382","1644018972","0.333333"
"1644018972","1500202382","0.333333"
"1500202382","2749446806","0.458333"
"2749446806","1500202382","0.458333"
"1644018972","2110358361","0.333333"
"2110358361","1644018972","0.333333"
"1644018972","2749446806","4.7"
"2749446806","1644018972","4.7"
"2110358361","2749446806","0.333333"
"2749446806","2110358361","0.333333"
"1500202382","1984950881","0.125"
"1984950881","1500202382","0.125"
"1500202382","2026534283","0.125"
"2026534283","1500202382","0.125"
"1500202382","2163514177","0.125"
"2163514177","1500202382","0.125"
"1500202382","2990560012","0.125"
"2990560012","1500202382","0.125"
"1984950881","2026534283","7.15833"
"2026534283","1984950881","7.15833"
"1984950881","2103675767","0.125"
"2103675767","1984950881","0.125"
"1984950881","2135227684","0.125"
"2135227684","1984950881","0.125"
"1984950881","2143876336","0.125"
"2143876336","1984950881","0.125"
"1984950881","2163514177","2.125"
"2163514177","1984950881","2.125"
"1984950881","2749446806","6.325"
"2749446806","1984950881","6.325"
"1984950881","2990560012","3.24167"
"2990560012","1984950881","3.24167"
"2026534283","2103675767","0.125"
"2103675767","2026534283","0.125"
"2026534283","2135227684","0.125"
"2135227684","2026534283","0.125"
"2026534283","2143876336","0.125"
"2143876336","2026534283","0.125"
"2026534283","2163514177","0.125"
"2163514177","2026534283","0.125"
"2026534283","2749446806","12.825"
"2749446806","2026534283","12.825"
"2026534283","2990560012","4.075"
"2990560012","2026534283","4.075"
"2103675767","2135227684","2.125"
"2135227684","2103675767","2.125"
"2103675767","2143876336","0.125"
"2143876336","2103675767","0.125"
"2103675767","2163514177","0.125"
"2163514177","2103675767","0.125"
"2103675767","2749446806","0.125"
"2749446806","2103675767","0.125"
"2103675767","2990560012","0.125"
"2990560012","2103675767","0.125"
"2135227684","2163514177","0.375"
"2163514177","2135227684","0.375"
"2135227684","2749446806","0.125"
"2749446806","2135227684","0.125"
"2135227684","2990560012","0.125"
"2990560012","2135227684","0.125"
"2143876336","2163514177","0.375"
"2163514177","2143876336","0.375"
"2143876336","2749446806","0.125"
"2749446806","2143876336","0.125"
"2143876336","2990560012","0.125"
"2990560012","2143876336","0.125"
"2163514177","2749446806","0.125"
"2749446806","2163514177","0.125"
"2163514177","2990560012","0.125"
"2990560012","2163514177","0.125"
"2749446806","2990560012","4.075"
"2990560012","2749446806","4.075"
"1505695680","2137731668","1"
"2137731668","1505695680","1"
"1568283191","2110358361","0.25"
"2110358361","1568283191","0.25"
"1568283191","2163514177","0.25"
"2163514177","1568283191","0.25"
"2110358361","2163514177","0.25"
"2163514177","2110358361","0.25"
"1644018972","1964790040","1.78333"
"1964790040","1644018972","1.78333"
"1644018972","1984950881","1.03333"
"1984950881","1644018972","1.03333"
"1644018972","2026534283","3.53333"
"2026534283","1644018972","3.53333"
"1964790040","1984950881","3.61667"
"1984950881","1964790040","3.61667"
"1964790040","2026534283","10.45"
"2026534283","1964790040","10.45"
"1964790040","2749446806","6.28333"
"2749446806","1964790040","6.28333"
"1644018972","1999499289","5.83333"
"1999499289","1644018972","5.83333"
"1999499289","2749446806","0.5"
"2749446806","1999499289","0.5"
"1644018972","2990560012","0.45"
"2990560012","1644018972","0.45"
"1964790040","2990560012","1.53333"
"2990560012","1964790040","1.53333"
"1964790040","1999499289","0.333333"
"1999499289","1964790040","0.333333"
"1999499289","2026534283","0.333333"
"2026534283","1999499289","0.333333"
"1964790040","2507167877","2"
"2507167877","1964790040","2"
"1982782268","2003236223","2"
"2003236223","1982782268","2"
"1987035212","2110358361","1"
"2110358361","1987035212","1"
"1994654074","2080327443","13.8333"
"2080327443","1994654074","13.8333"
"1994654074","2001163651","0.333333"
"2001163651","1994654074","0.333333"
"1994654074","2003236223","0.833333"
"2003236223","1994654074","0.833333"
"2001163651","2003236223","2.33333"
"2003236223","2001163651","2.33333"
"2001163651","2080327443","1.33333"
"2080327443","2001163651","1.33333"
"2003236223","2080327443","1.83333"
"2080327443","2003236223","1.83333"
"1995341513","236501964","1"
"236501964","1995341513","1"
"2001163651","2065304158","1"
"2065304158","2001163651","1"
"2003236223","236501964","1"
"236501964","2003236223","1"
"2004086735","204378647","9.5"
"204378647","2004086735","9.5"
"2004086735","2006129342","2.5"
"2006129342","2004086735","2.5"
"2006129342","204378647","2.5"
"204378647","2006129342","2.5"
"2004086735","2768945979","1"
"2768945979","2004086735","1"
"204378647","2768945979","1"
"2768945979","204378647","1"
"2006129342","2096368204","4"
"2096368204","2006129342","4"
"2065856100","2073406092","14"
"2073406092","2065856100","14"
"2110358361","2164163949","2.5"
"2164163949","2110358361","2.5"
