"144698718","181198055","1.30188"
"181198055","144698718","1.30188"
"144698718","1926855709","0.388889"
"1926855709","144698718","0.388889"
"144698718","2162579492","0.625"
"2162579492","144698718","0.625"
"144698718","75181647","0.889181"
"75181647","144698718","0.889181"
"1926855709","2162579492","1.9"
"2162579492","1926855709","1.9"
"1926855709","75181647","0.7"
"75181647","1926855709","0.7"
"2162579492","75181647","1.60278"
"75181647","2162579492","1.60278"
"144698718","1495000402","0.444736"
"1495000402","144698718","0.444736"
"144698718","17585283","0.385913"
"17585283","144698718","0.385913"
"144698718","2113280920","1.26091"
"2113280920","144698718","1.26091"
"144698718","2153232111","0.680847"
"2153232111","144698718","0.680847"
"144698718","2156829483","0.555847"
"2156829483","144698718","0.555847"
"144698718","2167226414","0.201681"
"2167226414","144698718","0.201681"
"1495000402","17585283","0.835913"
"17585283","1495000402","0.835913"
"1495000402","2113280920","0.260913"
"2113280920","1495000402","0.260913"
"1495000402","2153232111","2.35307"
"2153232111","1495000402","2.35307"
"1495000402","2156829483","1.22807"
"2156829483","1495000402","1.22807"
"1495000402","2167226414","0.201681"
"2167226414","1495000402","0.201681"
"1495000402","75181647","0.444736"
"75181647","1495000402","0.444736"
"17585283","2113280920","0.40377"
"2113280920","17585283","0.40377"
"17585283","2153232111","0.460913"
"2153232111","17585283","0.460913"
"17585283","2156829483","4.97877"
"2156829483","17585283","4.97877"
"17585283","2167226414","0.142857"
"2167226414","17585283","0.142857"
"17585283","75181647","0.385913"
"75181647","17585283","0.385913"
"2113280920","2153232111","0.260913"
"2153232111","2113280920","0.260913"
"2113280920","2156829483","0.60377"
"2156829483","2113280920","0.60377"
"2113280920","2167226414","0.142857"
"2167226414","2113280920","0.142857"
"2113280920","75181647","0.260913"
"75181647","2113280920","0.260913"
"2153232111","2156829483","1.16418"
"2156829483","2153232111","1.16418"
"2153232111","2167226414","0.401681"
"2167226414","2153232111","0.401681"
"2153232111","75181647","0.630847"
"75181647","2153232111","0.630847"
"2156829483","2167226414","0.401681"
"2167226414","2156829483","0.401681"
"2156829483","75181647","1.00029"
"75181647","2156829483","1.00029"
"2167226414","75181647","0.201681"
"75181647","2167226414","0.201681"
"144698718","2852963","1.01944"
"2852963","144698718","1.01944"
"144698718","61557004","0.301879"
"61557004","144698718","0.301879"
"1495000402","181198055","0.301879"
"181198055","1495000402","0.301879"
"1495000402","2162579492","0.430556"
"2162579492","1495000402","0.430556"
"1495000402","2852963","0.125"
"2852963","1495000402","0.125"
"1495000402","61557004","1.80188"
"61557004","1495000402","1.80188"
"17585283","181198055","0.385913"
"181198055","17585283","0.385913"
"17585283","2162579492","0.430556"
"2162579492","17585283","0.430556"
"17585283","2852963","0.125"
"2852963","17585283","0.125"
"17585283","61557004","1.24306"
"61557004","17585283","1.24306"
"181198055","2156829483","0.555847"
"2156829483","181198055","0.555847"
"181198055","2162579492","0.291667"
"2162579492","181198055","0.291667"
"181198055","2852963","0.125"
"2852963","181198055","0.125"
"181198055","61557004","1.30188"
"61557004","181198055","1.30188"
"181198055","75181647","0.41299"
"75181647","181198055","0.41299"
"2156829483","2162579492","1.18611"
"2162579492","2156829483","1.18611"
"2156829483","2852963","0.236111"
"2852963","2156829483","0.236111"
"2156829483","61557004","0.301879"
"61557004","2156829483","0.301879"
"2162579492","2852963","0.236111"
"2852963","2162579492","0.236111"
"2162579492","61557004","0.180556"
"61557004","2162579492","0.180556"
"2852963","61557004","0.125"
"61557004","2852963","0.125"
"2852963","75181647","0.236111"
"75181647","2852963","0.236111"
"61557004","75181647","0.301879"
"75181647","61557004","0.301879"
"144698718","2030386361","0.694444"
"2030386361","144698718","0.694444"
"144698718","2032735829","0.894444"
"2032735829","144698718","0.894444"
"2030386361","2032735829","1.69444"
"2032735829","2030386361","1.69444"
"2030386361","2153232111","0.361111"
"2153232111","2030386361","0.361111"
"2030386361","2852963","0.694444"
"2852963","2030386361","0.694444"
"2032735829","2153232111","0.361111"
"2153232111","2032735829","0.361111"
"2032735829","2852963","0.894444"
"2852963","2032735829","0.894444"
"2153232111","2852963","0.361111"
"2852963","2153232111","0.361111"
"144698718","1490914851","0.28799"
"1490914851","144698718","0.28799"
"144698718","1991266632","0.376879"
"1991266632","144698718","0.376879"
"144698718","1995077209","0.176879"
"1995077209","144698718","0.176879"
"144698718","2038107269","0.0555556"
"2038107269","144698718","0.0555556"
"144698718","2057776656","0.28799"
"2057776656","144698718","0.28799"
"144698718","2086651630","0.0555556"
"2086651630","144698718","0.0555556"
"144698718","2161396269","0.0555556"
"2161396269","144698718","0.0555556"
"144698718","2546663861","0.376879"
"2546663861","144698718","0.376879"
"1490914851","1495000402","0.176879"
"1495000402","1490914851","0.176879"
"1490914851","17585283","0.260913"
"17585283","1490914851","0.260913"
"1490914851","181198055","5.43085"
"181198055","1490914851","5.43085"
"1490914851","1926855709","3.20952"
"1926855709","1490914851","3.20952"
"1490914851","1991266632","0.176879"
"1991266632","1490914851","0.176879"
"1490914851","1995077209","1.07132"
"1995077209","1490914851","1.07132"
"1490914851","2038107269","0.0555556"
"2038107269","1490914851","0.0555556"
"1490914851","2057776656","0.399101"
"2057776656","1490914851","0.399101"
"1490914851","2086651630","0.198413"
"2086651630","1490914851","0.198413"
"1490914851","2113280920","0.460913"
"2113280920","1490914851","0.460913"
"1490914851","2153232111","1.48799"
"2153232111","1490914851","1.48799"
"1490914851","2156829483","0.541958"
"2156829483","1490914851","0.541958"
"1490914851","2161396269","0.616667"
"2161396269","1490914851","0.616667"
"1490914851","2162579492","1.26111"
"2162579492","1490914851","1.26111"
"1490914851","2546663861","0.176879"
"2546663861","1490914851","0.176879"
"1490914851","61557004","0.676879"
"61557004","1490914851","0.676879"
"1490914851","75181647","1.93243"
"75181647","1490914851","1.93243"
"1495000402","1926855709","0.305556"
"1926855709","1495000402","0.305556"
"1495000402","1991266632","0.176879"
"1991266632","1495000402","0.176879"
"1495000402","1995077209","0.176879"
"1995077209","1495000402","0.176879"
"1495000402","2038107269","0.0555556"
"2038107269","1495000402","0.0555556"
"1495000402","2057776656","0.176879"
"2057776656","1495000402","0.176879"
"1495000402","2086651630","0.0555556"
"2086651630","1495000402","0.0555556"
"1495000402","2161396269","0.0555556"
"2161396269","1495000402","0.0555556"
"1495000402","2546663861","0.710212"
"2546663861","1495000402","0.710212"
"17585283","1926855709","0.448413"
"1926855709","17585283","0.448413"
"17585283","1991266632","0.118056"
"1991266632","17585283","0.118056"
"17585283","1995077209","0.418056"
"1995077209","17585283","0.418056"
"17585283","2038107269","0.155556"
"2038107269","17585283","0.155556"
"17585283","2057776656","0.418056"
"2057776656","17585283","0.418056"
"17585283","2086651630","0.198413"
"2086651630","17585283","0.198413"
"17585283","2161396269","0.0555556"
"2161396269","17585283","0.0555556"
"17585283","2546663861","0.618056"
"2546663861","17585283","0.618056"
"181198055","1926855709","0.309524"
"1926855709","181198055","0.309524"
"181198055","1991266632","0.176879"
"1991266632","181198055","0.176879"
"181198055","1995077209","0.28799"
"1995077209","181198055","0.28799"
"181198055","2038107269","0.0555556"
"2038107269","181198055","0.0555556"
"181198055","2057776656","0.28799"
"2057776656","181198055","0.28799"
"181198055","2086651630","0.198413"
"2086651630","181198055","0.198413"
"181198055","2113280920","0.260913"
"2113280920","181198055","0.260913"
"181198055","2153232111","0.176879"
"2153232111","181198055","0.176879"
"181198055","2161396269","0.166667"
"2161396269","181198055","0.166667"
"181198055","2546663861","0.176879"
"2546663861","181198055","0.176879"
"1926855709","1991266632","0.0555556"
"1991266632","1926855709","0.0555556"
"1926855709","1995077209","1.11667"
"1995077209","1926855709","1.11667"
"1926855709","2038107269","0.0555556"
"2038107269","1926855709","0.0555556"
"1926855709","2057776656","0.416667"
"2057776656","1926855709","0.416667"
"1926855709","2086651630","0.198413"
"2086651630","1926855709","0.198413"
"1926855709","2113280920","0.598413"
"2113280920","1926855709","0.598413"
"1926855709","2153232111","0.255556"
"2153232111","1926855709","0.255556"
"1926855709","2156829483","0.759524"
"2156829483","1926855709","0.759524"
"1926855709","2161396269","0.366667"
"2161396269","1926855709","0.366667"
"1926855709","2546663861","0.505556"
"2546663861","1926855709","0.505556"
"1926855709","61557004","0.555556"
"61557004","1926855709","0.555556"
"1991266632","1995077209","0.176879"
"1995077209","1991266632","0.176879"
"1991266632","2038107269","0.146465"
"2038107269","1991266632","0.146465"
"1991266632","2057776656","0.176879"
"2057776656","1991266632","0.176879"
"1991266632","2086651630","0.0555556"
"2086651630","1991266632","0.0555556"
"1991266632","2113280920","0.118056"
"2113280920","1991266632","0.118056"
"1991266632","2153232111","1.17688"
"2153232111","1991266632","1.17688"
"1991266632","2156829483","0.176879"
"2156829483","1991266632","0.176879"
"1991266632","2161396269","0.0555556"
"2161396269","1991266632","0.0555556"
"1991266632","2162579492","0.0555556"
"2162579492","1991266632","0.0555556"
"1991266632","2546663861","8.41779"
"2546663861","1991266632","8.41779"
"1991266632","61557004","0.176879"
"61557004","1991266632","0.176879"
"1991266632","75181647","0.176879"
"75181647","1991266632","0.176879"
"1995077209","2038107269","0.155556"
"2038107269","1995077209","0.155556"
"1995077209","2057776656","6.03799"
"2057776656","1995077209","6.03799"
"1995077209","2086651630","0.0555556"
"2086651630","1995077209","0.0555556"
"1995077209","2113280920","0.118056"
"2113280920","1995077209","0.118056"
"1995077209","2153232111","0.576879"
"2153232111","1995077209","0.576879"
"1995077209","2156829483","0.98799"
"2156829483","1995077209","0.98799"
"1995077209","2161396269","0.416667"
"2161396269","1995077209","0.416667"
"1995077209","2162579492","1.9"
"2162579492","1995077209","1.9"
"1995077209","2546663861","1.06021"
"2546663861","1995077209","1.06021"
"1995077209","61557004","0.676879"
"61557004","1995077209","0.676879"
"1995077209","75181647","0.821324"
"75181647","1995077209","0.821324"
"2038107269","2057776656","0.155556"
"2057776656","2038107269","0.155556"
"2038107269","2086651630","1.05556"
"2086651630","2038107269","1.05556"
"2038107269","2113280920","1.05556"
"2113280920","2038107269","1.05556"
"2038107269","2153232111","0.0555556"
"2153232111","2038107269","0.0555556"
"2038107269","2156829483","0.0555556"
"2156829483","2038107269","0.0555556"
"2038107269","2161396269","0.0555556"
"2161396269","2038107269","0.0555556"
"2038107269","2162579492","0.0555556"
"2162579492","2038107269","0.0555556"
"2038107269","2546663861","0.246465"
"2546663861","2038107269","0.246465"
"2038107269","61557004","1.05556"
"61557004","2038107269","1.05556"
"2038107269","75181647","0.0555556"
"75181647","2038107269","0.0555556"
"2057776656","2086651630","0.0555556"
"2086651630","2057776656","0.0555556"
"2057776656","2113280920","0.118056"
"2113280920","2057776656","0.118056"
"2057776656","2153232111","0.48799"
"2153232111","2057776656","0.48799"
"2057776656","2156829483","1.43243"
"2156829483","2057776656","1.43243"
"2057776656","2161396269","0.166667"
"2161396269","2057776656","0.166667"
"2057776656","2162579492","1.06111"
"2162579492","2057776656","1.06111"
"2057776656","2546663861","0.726879"
"2546663861","2057776656","0.726879"
"2057776656","61557004","0.676879"
"61557004","2057776656","0.676879"
"2057776656","75181647","0.732435"
"75181647","2057776656","0.732435"
"2086651630","2113280920","0.698413"
"2113280920","2086651630","0.698413"
"2086651630","2153232111","0.0555556"
"2153232111","2086651630","0.0555556"
"2086651630","2156829483","0.198413"
"2156829483","2086651630","0.198413"
"2086651630","2161396269","0.0555556"
"2161396269","2086651630","0.0555556"
"2086651630","2162579492","0.0555556"
"2162579492","2086651630","0.0555556"
"2086651630","2546663861","0.0555556"
"2546663861","2086651630","0.0555556"
"2086651630","61557004","0.0555556"
"61557004","2086651630","0.0555556"
"2086651630","75181647","0.0555556"
"75181647","2086651630","0.0555556"
"2113280920","2161396269","0.255556"
"2161396269","2113280920","0.255556"
"2113280920","2162579492","0.255556"
"2162579492","2113280920","0.255556"
"2113280920","2546663861","1.31806"
"2546663861","2113280920","1.31806"
"2113280920","61557004","1.11806"
"61557004","2113280920","1.11806"
"2153232111","2161396269","0.0555556"
"2161396269","2153232111","0.0555556"
"2153232111","2162579492","0.566667"
"2162579492","2153232111","0.566667"
"2153232111","2546663861","0.710212"
"2546663861","2153232111","0.710212"
"2153232111","61557004","0.676879"
"61557004","2153232111","0.676879"
"2156829483","2161396269","0.166667"
"2161396269","2156829483","0.166667"
"2156829483","2546663861","0.910212"
"2546663861","2156829483","0.910212"
"2161396269","2162579492","0.616667"
"2162579492","2161396269","0.616667"
"2161396269","2546663861","0.0555556"
"2546663861","2161396269","0.0555556"
"2161396269","61557004","0.0555556"
"61557004","2161396269","0.0555556"
"2161396269","75181647","0.166667"
"75181647","2161396269","0.166667"
"2162579492","2546663861","0.305556"
"2546663861","2162579492","0.305556"
"2546663861","61557004","0.176879"
"61557004","2546663861","0.176879"
"2546663861","75181647","0.176879"
"75181647","2546663861","0.176879"
"1490914851","2030386361","0.111111"
"2030386361","1490914851","0.111111"
"1490914851","2032735829","0.111111"
"2032735829","1490914851","0.111111"
"1490914851","2852963","0.111111"
"2852963","1490914851","0.111111"
"2030386361","2057776656","0.111111"
"2057776656","2030386361","0.111111"
"2030386361","2156829483","0.111111"
"2156829483","2030386361","0.111111"
"2030386361","2162579492","0.111111"
"2162579492","2030386361","0.111111"
"2030386361","75181647","0.111111"
"75181647","2030386361","0.111111"
"2032735829","2057776656","0.111111"
"2057776656","2032735829","0.111111"
"2032735829","2156829483","0.111111"
"2156829483","2032735829","0.111111"
"2032735829","2162579492","0.111111"
"2162579492","2032735829","0.111111"
"2032735829","75181647","0.111111"
"75181647","2032735829","0.111111"
"2057776656","2852963","0.111111"
"2852963","2057776656","0.111111"
"144698718","1584050812","0.0588235"
"1584050812","144698718","0.0588235"
"144698718","2461999971","0.0588235"
"2461999971","144698718","0.0588235"
"144698718","2515685113","0.121324"
"2515685113","144698718","0.121324"
"144698718","2735880855","0.121324"
"2735880855","144698718","0.121324"
"144698718","50624463","0.0588235"
"50624463","144698718","0.0588235"
"1490914851","1584050812","0.0588235"
"1584050812","1490914851","0.0588235"
"1490914851","2167226414","0.0588235"
"2167226414","1490914851","0.0588235"
"1490914851","2461999971","0.0588235"
"2461999971","1490914851","0.0588235"
"1490914851","2515685113","0.264181"
"2515685113","1490914851","0.264181"
"1490914851","2735880855","0.121324"
"2735880855","1490914851","0.121324"
"1490914851","50624463","0.0588235"
"50624463","1490914851","0.0588235"
"1495000402","1584050812","0.0588235"
"1584050812","1495000402","0.0588235"
"1495000402","2461999971","0.0588235"
"2461999971","1495000402","0.0588235"
"1495000402","2515685113","0.321324"
"2515685113","1495000402","0.321324"
"1495000402","2735880855","0.121324"
"2735880855","1495000402","0.121324"
"1495000402","50624463","0.0588235"
"50624463","1495000402","0.0588235"
"1584050812","181198055","0.0588235"
"181198055","1584050812","0.0588235"
"1584050812","1991266632","0.149733"
"1991266632","1584050812","0.149733"
"1584050812","1995077209","0.158824"
"1995077209","1584050812","0.158824"
"1584050812","2057776656","0.158824"
"2057776656","1584050812","0.158824"
"1584050812","2153232111","0.0588235"
"2153232111","1584050812","0.0588235"
"1584050812","2156829483","0.0588235"
"2156829483","1584050812","0.0588235"
"1584050812","2167226414","0.0588235"
"2167226414","1584050812","0.0588235"
"1584050812","2461999971","0.149733"
"2461999971","1584050812","0.149733"
"1584050812","2515685113","0.449733"
"2515685113","1584050812","0.449733"
"1584050812","2546663861","0.449733"
"2546663861","1584050812","0.449733"
"1584050812","2735880855","0.149733"
"2735880855","1584050812","0.149733"
"1584050812","50624463","0.449733"
"50624463","1584050812","0.449733"
"1584050812","61557004","0.0588235"
"61557004","1584050812","0.0588235"
"1584050812","75181647","0.0588235"
"75181647","1584050812","0.0588235"
"181198055","2167226414","0.0588235"
"2167226414","181198055","0.0588235"
"181198055","2461999971","0.0588235"
"2461999971","181198055","0.0588235"
"181198055","2515685113","0.264181"
"2515685113","181198055","0.264181"
"181198055","2735880855","0.121324"
"2735880855","181198055","0.121324"
"181198055","50624463","0.0588235"
"50624463","181198055","0.0588235"
"1991266632","2167226414","0.0588235"
"2167226414","1991266632","0.0588235"
"1991266632","2461999971","1.14973"
"2461999971","1991266632","1.14973"
"1991266632","2515685113","3.66223"
"2515685113","1991266632","3.66223"
"1991266632","2735880855","3.1289"
"2735880855","1991266632","3.1289"
"1991266632","50624463","1.89973"
"50624463","1991266632","1.89973"
"1995077209","2167226414","0.258824"
"2167226414","1995077209","0.258824"
"1995077209","2461999971","0.0588235"
"2461999971","1995077209","0.0588235"
"1995077209","2515685113","0.221324"
"2515685113","1995077209","0.221324"
"1995077209","2735880855","0.321324"
"2735880855","1995077209","0.321324"
"1995077209","50624463","0.158824"
"50624463","1995077209","0.158824"
"2057776656","2167226414","0.258824"
"2167226414","2057776656","0.258824"
"2057776656","2461999971","0.0588235"
"2461999971","2057776656","0.0588235"
"2057776656","2515685113","0.221324"
"2515685113","2057776656","0.221324"
"2057776656","2735880855","0.321324"
"2735880855","2057776656","0.321324"
"2057776656","50624463","0.158824"
"50624463","2057776656","0.158824"
"2153232111","2461999971","0.0588235"
"2461999971","2153232111","0.0588235"
"2153232111","2515685113","0.321324"
"2515685113","2153232111","0.321324"
"2153232111","2735880855","0.121324"
"2735880855","2153232111","0.121324"
"2153232111","50624463","0.0588235"
"50624463","2153232111","0.0588235"
"2156829483","2461999971","0.0588235"
"2461999971","2156829483","0.0588235"
"2156829483","2515685113","0.464181"
"2515685113","2156829483","0.464181"
"2156829483","2735880855","0.321324"
"2735880855","2156829483","0.321324"
"2156829483","50624463","0.0588235"
"50624463","2156829483","0.0588235"
"2167226414","2461999971","0.0588235"
"2461999971","2167226414","0.0588235"
"2167226414","2515685113","0.0588235"
"2515685113","2167226414","0.0588235"
"2167226414","2546663861","0.0588235"
"2546663861","2167226414","0.0588235"
"2167226414","2735880855","0.0588235"
"2735880855","2167226414","0.0588235"
"2167226414","50624463","0.0588235"
"50624463","2167226414","0.0588235"
"2167226414","61557004","0.0588235"
"61557004","2167226414","0.0588235"
"2461999971","2515685113","7.14973"
"2515685113","2461999971","7.14973"
"2461999971","2546663861","0.983066"
"2546663861","2461999971","0.983066"
"2461999971","2735880855","2.3164"
"2735880855","2461999971","2.3164"
"2461999971","50624463","0.649733"
"50624463","2461999971","0.649733"
"2461999971","61557004","1.05882"
"61557004","2461999971","1.05882"
"2461999971","75181647","0.0588235"
"75181647","2461999971","0.0588235"
"2515685113","2546663861","2.16223"
"2546663861","2515685113","2.16223"
"2515685113","2735880855","1.6289"
"2735880855","2515685113","1.6289"
"2515685113","50624463","0.699733"
"50624463","2515685113","0.699733"
"2515685113","61557004","0.121324"
"61557004","2515685113","0.121324"
"2515685113","75181647","0.121324"
"75181647","2515685113","0.121324"
"2546663861","2735880855","5.86223"
"2735880855","2546663861","5.86223"
"2546663861","50624463","3.19973"
"50624463","2546663861","3.19973"
"2735880855","50624463","0.399733"
"50624463","2735880855","0.399733"
"2735880855","61557004","0.121324"
"61557004","2735880855","0.121324"
"2735880855","75181647","0.121324"
"75181647","2735880855","0.121324"
"50624463","61557004","0.0588235"
"61557004","50624463","0.0588235"
"50624463","75181647","0.0588235"
"75181647","50624463","0.0588235"
"144698718","2512173312","0.2"
"2512173312","144698718","0.2"
"1991266632","2032735829","0.2"
"2032735829","1991266632","0.2"
"1991266632","2512173312","0.2"
"2512173312","1991266632","0.2"
"1991266632","2852963","0.2"
"2852963","1991266632","0.2"
"2032735829","2512173312","0.2"
"2512173312","2032735829","0.2"
"2032735829","2546663861","0.2"
"2546663861","2032735829","0.2"
"2512173312","2546663861","0.2"
"2546663861","2512173312","0.2"
"2512173312","2852963","0.2"
"2852963","2512173312","0.2"
"2546663861","2852963","0.2"
"2852963","2546663861","0.2"
"144698718","1980756973","0.0625"
"1980756973","144698718","0.0625"
"1490914851","1980756973","0.5125"
"1980756973","1490914851","0.5125"
"1495000402","1980756973","0.0625"
"1980756973","1495000402","0.0625"
"17585283","1980756973","0.3625"
"1980756973","17585283","0.3625"
"17585283","2515685113","0.505357"
"2515685113","17585283","0.505357"
"17585283","2735880855","0.2625"
"2735880855","17585283","0.2625"
"181198055","1980756973","0.0625"
"1980756973","181198055","0.0625"
"1980756973","1991266632","0.0625"
"1991266632","1980756973","0.0625"
"1980756973","1995077209","0.6125"
"1995077209","1980756973","0.6125"
"1980756973","2057776656","0.3625"
"2057776656","1980756973","0.3625"
"1980756973","2113280920","0.4625"
"2113280920","1980756973","0.4625"
"1980756973","2153232111","0.0625"
"2153232111","1980756973","0.0625"
"1980756973","2156829483","1.2625"
"2156829483","1980756973","1.2625"
"1980756973","2515685113","0.1625"
"2515685113","1980756973","0.1625"
"1980756973","2546663861","2.5625"
"2546663861","1980756973","2.5625"
"1980756973","2735880855","0.4625"
"2735880855","1980756973","0.4625"
"1980756973","61557004","0.0625"
"61557004","1980756973","0.0625"
"1980756973","75181647","0.0625"
"75181647","1980756973","0.0625"
"2113280920","2515685113","0.705357"
"2515685113","2113280920","0.705357"
"2113280920","2735880855","0.2625"
"2735880855","2113280920","0.2625"
"1490914851","372778775","0.111111"
"372778775","1490914851","0.111111"
"181198055","372778775","0.111111"
"372778775","181198055","0.111111"
"1926855709","372778775","1.11111"
"372778775","1926855709","1.11111"
"1995077209","372778775","0.111111"
"372778775","1995077209","0.111111"
"2057776656","372778775","0.111111"
"372778775","2057776656","0.111111"
"2156829483","372778775","0.111111"
"372778775","2156829483","0.111111"
"2161396269","372778775","0.111111"
"372778775","2161396269","0.111111"
"2162579492","372778775","0.111111"
"372778775","2162579492","0.111111"
"372778775","75181647","0.111111"
"75181647","372778775","0.111111"
"1926855709","1980756973","0.4"
"1980756973","1926855709","0.4"
"1980756973","2161396269","0.45"
"2161396269","1980756973","0.45"
"1980756973","2162579492","0.45"
"2162579492","1980756973","0.45"
"1926855709","2515685113","0.142857"
"2515685113","1926855709","0.142857"
"2086651630","2515685113","0.642857"
"2515685113","2086651630","0.642857"
"1490914851","2951082691","1"
"2951082691","1490914851","1"
"1500670950","1568066294","1.03333"
"1568066294","1500670950","1.03333"
"1500670950","2469682240","0.333333"
"2469682240","1500670950","0.333333"
"1500670950","2759430372","1.33333"
"2759430372","1500670950","1.33333"
"1568066294","2469682240","0.333333"
"2469682240","1568066294","0.333333"
"1568066294","2759430372","0.333333"
"2759430372","1568066294","0.333333"
"2469682240","2759430372","0.333333"
"2759430372","2469682240","0.333333"
"1500670950","50624463","0.5"
"50624463","1500670950","0.5"
"1568066294","50624463","1.5"
"50624463","1568066294","1.5"
"1500670950","1991266632","0.2"
"1991266632","1500670950","0.2"
"1500670950","2037208131","0.2"
"2037208131","1500670950","0.2"
"1500670950","2515685113","0.2"
"2515685113","1500670950","0.2"
"1500670950","2546663861","0.2"
"2546663861","1500670950","0.2"
"1568066294","1991266632","0.2"
"1991266632","1568066294","0.2"
"1568066294","2037208131","2.2"
"2037208131","1568066294","2.2"
"1568066294","2515685113","0.2"
"2515685113","1568066294","0.2"
"1568066294","2546663861","0.2"
"2546663861","1568066294","0.2"
"1991266632","2037208131","0.2"
"2037208131","1991266632","0.2"
"2037208131","2515685113","0.2"
"2515685113","2037208131","0.2"
"2037208131","2546663861","1.2"
"2546663861","2037208131","1.2"
"1500670950","2602244503","1"
"2602244503","1500670950","1"
"1509962765","2153224694","1.5"
"2153224694","1509962765","1.5"
"1509962765","72086005","0.5"
"72086005","1509962765","0.5"
"2153224694","72086005","0.5"
"72086005","2153224694","0.5"
"1509962765","2546663861","0.333333"
"2546663861","1509962765","0.333333"
"1509962765","2759430372","0.333333"
"2759430372","1509962765","0.333333"
"1509962765","2907633431","0.333333"
"2907633431","1509962765","0.333333"
"2546663861","2759430372","0.333333"
"2759430372","2546663861","0.333333"
"2546663861","2907633431","0.333333"
"2907633431","2546663861","0.333333"
"2759430372","2907633431","0.333333"
"2907633431","2759430372","0.333333"
"1569382834","2123786174","2"
"2123786174","1569382834","2"
"1569382834","2153224694","0.5"
"2153224694","1569382834","0.5"
"2123786174","2153224694","2"
"2153224694","2123786174","2"
"1569382834","72086005","0.5"
"72086005","1569382834","0.5"
"2123786174","72086005","0.6"
"72086005","2123786174","0.6"
"1584050812","17585283","0.1"
"17585283","1584050812","0.1"
"1584050812","1980756973","0.1"
"1980756973","1584050812","0.1"
"1584050812","2038107269","0.190909"
"2038107269","1584050812","0.190909"
"1584050812","2123786174","0.1"
"2123786174","1584050812","0.1"
"1584050812","72086005","0.1"
"72086005","1584050812","0.1"
"17585283","2123786174","0.1"
"2123786174","17585283","0.1"
"17585283","50624463","0.1"
"50624463","17585283","0.1"
"17585283","72086005","0.1"
"72086005","17585283","0.1"
"1980756973","2038107269","0.1"
"2038107269","1980756973","0.1"
"1980756973","2123786174","0.1"
"2123786174","1980756973","0.1"
"1980756973","50624463","0.1"
"50624463","1980756973","0.1"
"1980756973","72086005","0.1"
"72086005","1980756973","0.1"
"1995077209","2123786174","0.1"
"2123786174","1995077209","0.1"
"1995077209","72086005","0.1"
"72086005","1995077209","0.1"
"2038107269","2123786174","0.1"
"2123786174","2038107269","0.1"
"2038107269","2515685113","0.190909"
"2515685113","2038107269","0.190909"
"2038107269","50624463","0.190909"
"50624463","2038107269","0.190909"
"2038107269","72086005","0.1"
"72086005","2038107269","0.1"
"2057776656","2123786174","0.1"
"2123786174","2057776656","0.1"
"2057776656","72086005","0.1"
"72086005","2057776656","0.1"
"2123786174","2515685113","0.1"
"2515685113","2123786174","0.1"
"2123786174","2546663861","0.1"
"2546663861","2123786174","0.1"
"2123786174","50624463","0.1"
"50624463","2123786174","0.1"
"2515685113","72086005","0.1"
"72086005","2515685113","0.1"
"2546663861","72086005","0.1"
"72086005","2546663861","0.1"
"50624463","72086005","0.1"
"72086005","50624463","0.1"
"1584050812","2036236138","2.2"
"2036236138","1584050812","2.2"
"1584050812","2625983059","0.0909091"
"2625983059","1584050812","0.0909091"
"1584050812","2791874343","0.0909091"
"2791874343","1584050812","0.0909091"
"1584050812","2951082691","0.0909091"
"2951082691","1584050812","0.0909091"
"1584050812","2983530974","0.0909091"
"2983530974","1584050812","0.0909091"
"1991266632","2625983059","0.0909091"
"2625983059","1991266632","0.0909091"
"1991266632","2791874343","0.0909091"
"2791874343","1991266632","0.0909091"
"1991266632","2951082691","0.424242"
"2951082691","1991266632","0.424242"
"1991266632","2983530974","0.0909091"
"2983530974","1991266632","0.0909091"
"2038107269","2461999971","0.0909091"
"2461999971","2038107269","0.0909091"
"2038107269","2625983059","0.0909091"
"2625983059","2038107269","0.0909091"
"2038107269","2735880855","0.0909091"
"2735880855","2038107269","0.0909091"
"2038107269","2791874343","0.0909091"
"2791874343","2038107269","0.0909091"
"2038107269","2951082691","0.0909091"
"2951082691","2038107269","0.0909091"
"2038107269","2983530974","0.0909091"
"2983530974","2038107269","0.0909091"
"2461999971","2625983059","1.34091"
"2625983059","2461999971","1.34091"
"2461999971","2791874343","0.340909"
"2791874343","2461999971","0.340909"
"2461999971","2951082691","3.17424"
"2951082691","2461999971","3.17424"
"2461999971","2983530974","0.674242"
"2983530974","2461999971","0.674242"
"2515685113","2625983059","1.09091"
"2625983059","2515685113","1.09091"
"2515685113","2791874343","0.0909091"
"2791874343","2515685113","0.0909091"
"2515685113","2951082691","0.924242"
"2951082691","2515685113","0.924242"
"2515685113","2983530974","0.0909091"
"2983530974","2515685113","0.0909091"
"2546663861","2625983059","2.59091"
"2625983059","2546663861","2.59091"
"2546663861","2791874343","0.757576"
"2791874343","2546663861","0.757576"
"2546663861","2951082691","2.09091"
"2951082691","2546663861","2.09091"
"2546663861","2983530974","0.424242"
"2983530974","2546663861","0.424242"
"2625983059","2735880855","0.0909091"
"2735880855","2625983059","0.0909091"
"2625983059","2791874343","2.50758"
"2791874343","2625983059","2.50758"
"2625983059","2951082691","6.84091"
"2951082691","2625983059","6.84091"
"2625983059","2983530974","0.840909"
"2983530974","2625983059","0.840909"
"2625983059","50624463","0.0909091"
"50624463","2625983059","0.0909091"
"2735880855","2791874343","0.0909091"
"2791874343","2735880855","0.0909091"
"2735880855","2951082691","0.590909"
"2951082691","2735880855","0.590909"
"2735880855","2983530974","0.0909091"
"2983530974","2735880855","0.0909091"
"2791874343","2951082691","13.0076"
"2951082691","2791874343","13.0076"
"2791874343","2983530974","0.840909"
"2983530974","2791874343","0.840909"
"2791874343","50624463","0.0909091"
"50624463","2791874343","0.0909091"
"2951082691","2983530974","2.34091"
"2983530974","2951082691","2.34091"
"2951082691","50624463","0.0909091"
"50624463","2951082691","0.0909091"
"2983530974","50624463","0.0909091"
"50624463","2983530974","0.0909091"
"1584050812","2755389678","0.2"
"2755389678","1584050812","0.2"
"2036236138","2515685113","0.2"
"2515685113","2036236138","0.2"
"2036236138","2546663861","0.2"
"2546663861","2036236138","0.2"
"2036236138","2755389678","0.2"
"2755389678","2036236138","0.2"
"2036236138","50624463","0.2"
"50624463","2036236138","0.2"
"2515685113","2755389678","0.2"
"2755389678","2515685113","0.2"
"2546663861","2755389678","0.2"
"2755389678","2546663861","0.2"
"2755389678","50624463","0.2"
"50624463","2755389678","0.2"
"1765939225","2755389678","1"
"2755389678","1765939225","1"
"1904073266","2105743766","1"
"2105743766","1904073266","1"
"1914556747","2123786174","1.5"
"2123786174","1914556747","1.5"
"1914556747","2460841596","0.5"
"2460841596","1914556747","0.5"
"2123786174","2460841596","0.5"
"2460841596","2123786174","0.5"
"1926855709","2735880855","0.2"
"2735880855","1926855709","0.2"
"1926855709","50624463","1"
"50624463","1926855709","1"
"1969787194","1991266632","0.5"
"1991266632","1969787194","0.5"
"1969787194","2546663861","0.5"
"2546663861","1969787194","0.5"
"1969787194","2053470800","1"
"2053470800","1969787194","1"
"1991266632","2619858633","0.5"
"2619858633","1991266632","0.5"
"2619858633","2735880855","0.5"
"2735880855","2619858633","0.5"
"2162579492","2167226414","0.2"
"2167226414","2162579492","0.2"
"1995077209","2625983059","0.333333"
"2625983059","1995077209","0.333333"
"1995077209","2951082691","0.333333"
"2951082691","1995077209","0.333333"
"2036236138","2053470800","1"
"2053470800","2036236138","1"
"2037208131","2619858633","1"
"2619858633","2037208131","1"
"2037208131","2057776656","1"
"2057776656","2037208131","1"
"2045145715","2121898657","3"
"2121898657","2045145715","3"
"2123786174","2755389678","0.5"
"2755389678","2123786174","0.5"
"2153224694","2755389678","0.5"
"2755389678","2153224694","0.5"
"2126909275","2625983059","1"
"2625983059","2126909275","1"
"2397274995","47160749","1"
"47160749","2397274995","1"
"2461999971","2468759743","0.333333"
"2468759743","2461999971","0.333333"
"2468759743","2546663861","0.333333"
"2546663861","2468759743","0.333333"
"2468759743","2983530974","0.333333"
"2983530974","2468759743","0.333333"
"2461999971","2619858633","1.5"
"2619858633","2461999971","1.5"
"2515685113","2619858633","1.5"
"2619858633","2515685113","1.5"
"2461999971","2602244503","0.5"
"2602244503","2461999971","0.5"
"2515685113","2602244503","0.5"
"2602244503","2515685113","0.5"
"2546663861","2602244503","1.5"
"2602244503","2546663861","1.5"
"2602244503","50624463","0.5"
"50624463","2602244503","0.5"
"2619858633","2759430372","3"
"2759430372","2619858633","3"
"2907633431","50624463","1"
"50624463","2907633431","1"
