"1001457192","1524487398","0.5"
"1524487398","1001457192","0.5"
"1001457192","1606220903","0.5"
"1606220903","1001457192","0.5"
"1524487398","1606220903","4"
"1606220903","1524487398","4"
"124588207","1606220903","3.5"
"1606220903","124588207","3.5"
"124588207","1524487398","2.5"
"1524487398","124588207","2.5"
"124588207","1490181591","1"
"1490181591","124588207","1"
"1490181591","1775668444","15.1111"
"1775668444","1490181591","15.1111"
"1490181591","2041543515","13.1111"
"2041543515","1490181591","13.1111"
"1775668444","2041543515","13.9444"
"2041543515","1775668444","13.9444"
"1490181591","1806049065","3.5"
"1806049065","1490181591","3.5"
"1490181591","1939855273","0.5"
"1939855273","1490181591","0.5"
"1806049065","1939855273","0.5"
"1939855273","1806049065","0.5"
"1490181591","1546774120","0.111111"
"1546774120","1490181591","0.111111"
"1490181591","1882072563","0.361111"
"1882072563","1490181591","0.361111"
"1490181591","2001431231","0.111111"
"2001431231","1490181591","0.111111"
"1490181591","2030614279","0.111111"
"2030614279","1490181591","0.111111"
"1490181591","2032760602","2.11111"
"2032760602","1490181591","2.11111"
"1490181591","2120930643","0.361111"
"2120930643","1490181591","0.361111"
"1490181591","2283434475","0.361111"
"2283434475","1490181591","0.361111"
"1546774120","1775668444","0.611111"
"1775668444","1546774120","0.611111"
"1546774120","1882072563","0.236111"
"1882072563","1546774120","0.236111"
"1546774120","2001431231","0.811111"
"2001431231","1546774120","0.811111"
"1546774120","2030614279","1.26944"
"2030614279","1546774120","1.26944"
"1546774120","2032760602","0.111111"
"2032760602","1546774120","0.111111"
"1546774120","2041543515","0.611111"
"2041543515","1546774120","0.611111"
"1546774120","2120930643","0.236111"
"2120930643","1546774120","0.236111"
"1546774120","2283434475","0.236111"
"2283434475","1546774120","0.236111"
"1775668444","1882072563","0.277778"
"1882072563","1775668444","0.277778"
"1775668444","2001431231","0.111111"
"2001431231","1775668444","0.111111"
"1775668444","2030614279","0.111111"
"2030614279","1775668444","0.111111"
"1775668444","2032760602","0.277778"
"2032760602","1775668444","0.277778"
"1775668444","2120930643","0.277778"
"2120930643","1775668444","0.277778"
"1775668444","2283434475","0.111111"
"2283434475","1775668444","0.111111"
"1882072563","2001431231","0.111111"
"2001431231","1882072563","0.111111"
"1882072563","2030614279","0.236111"
"2030614279","1882072563","0.236111"
"1882072563","2032760602","0.111111"
"2032760602","1882072563","0.111111"
"1882072563","2041543515","0.277778"
"2041543515","1882072563","0.277778"
"1882072563","2120930643","33.2361"
"2120930643","1882072563","33.2361"
"1882072563","2283434475","4.73611"
"2283434475","1882072563","4.73611"
"2001431231","2030614279","25.6444"
"2030614279","2001431231","25.6444"
"2001431231","2032760602","0.111111"
"2032760602","2001431231","0.111111"
"2001431231","2041543515","0.111111"
"2041543515","2001431231","0.111111"
"2001431231","2120930643","0.111111"
"2120930643","2001431231","0.111111"
"2001431231","2283434475","0.111111"
"2283434475","2001431231","0.111111"
"2030614279","2032760602","0.111111"
"2032760602","2030614279","0.111111"
"2030614279","2041543515","0.111111"
"2041543515","2030614279","0.111111"
"2030614279","2120930643","0.236111"
"2120930643","2030614279","0.236111"
"2030614279","2283434475","0.236111"
"2283434475","2030614279","0.236111"
"2032760602","2041543515","0.277778"
"2041543515","2032760602","0.277778"
"2032760602","2120930643","0.111111"
"2120930643","2032760602","0.111111"
"2032760602","2283434475","0.111111"
"2283434475","2032760602","0.111111"
"2041543515","2120930643","0.277778"
"2120930643","2041543515","0.277778"
"2041543515","2283434475","0.111111"
"2283434475","2041543515","0.111111"
"2120930643","2283434475","5.73611"
"2283434475","2120930643","5.73611"
"1490181591","1552887888","1.25"
"1552887888","1490181591","1.25"
"1552887888","1882072563","5.33333"
"1882072563","1552887888","5.33333"
"1552887888","2120930643","5.83333"
"2120930643","1552887888","5.83333"
"1552887888","2283434475","1.83333"
"2283434475","1552887888","1.83333"
"1542057243","1882072563","2.95833"
"1882072563","1542057243","2.95833"
"1542057243","2120930643","1.95833"
"2120930643","1542057243","1.95833"
"1542057243","2283434475","0.458333"
"2283434475","1542057243","0.458333"
"1542057243","2032760602","1"
"2032760602","1542057243","1"
"1542057243","1546774120","1.65833"
"1546774120","1542057243","1.65833"
"1542057243","1806049065","1.33333"
"1806049065","1542057243","1.33333"
"1542057243","2030614279","1.99167"
"2030614279","1542057243","1.99167"
"1546774120","1806049065","2.83333"
"1806049065","1546774120","2.83333"
"1806049065","2030614279","0.333333"
"2030614279","1806049065","0.333333"
"1542057243","1556073664","0.458333"
"1556073664","1542057243","0.458333"
"1542057243","1885515782","0.658333"
"1885515782","1542057243","0.658333"
"1542057243","2110184197","0.658333"
"2110184197","1542057243","0.658333"
"1556073664","1885515782","10.7083"
"1885515782","1556073664","10.7083"
"1556073664","2110184197","11.7083"
"2110184197","1556073664","11.7083"
"1885515782","2110184197","32.4083"
"2110184197","1885515782","32.4083"
"1546774120","1556073664","0.375"
"1556073664","1546774120","0.375"
"1546774120","1885515782","1.075"
"1885515782","1546774120","1.075"
"1546774120","2110184197","1.075"
"2110184197","1546774120","1.075"
"1556073664","1882072563","0.125"
"1882072563","1556073664","0.125"
"1556073664","2030614279","0.125"
"2030614279","1556073664","0.125"
"1556073664","2120930643","0.125"
"2120930643","1556073664","0.125"
"1556073664","2283434475","0.125"
"2283434475","1556073664","0.125"
"1882072563","1885515782","0.125"
"1885515782","1882072563","0.125"
"1882072563","2110184197","0.125"
"2110184197","1882072563","0.125"
"1885515782","2030614279","0.325"
"2030614279","1885515782","0.325"
"1885515782","2120930643","0.125"
"2120930643","1885515782","0.125"
"1885515782","2283434475","0.125"
"2283434475","1885515782","0.125"
"2030614279","2110184197","0.325"
"2110184197","2030614279","0.325"
"2110184197","2120930643","1.125"
"2120930643","2110184197","1.125"
"2110184197","2283434475","0.125"
"2283434475","2110184197","0.125"
"1542057243","2001431231","0.533333"
"2001431231","1542057243","0.533333"
"1542057243","2035295206","0.333333"
"2035295206","1542057243","0.333333"
"2001431231","2035295206","0.333333"
"2035295206","2001431231","0.333333"
"2030614279","2035295206","0.333333"
"2035295206","2030614279","0.333333"
"1885515782","2001431231","0.533333"
"2001431231","1885515782","0.533333"
"2001431231","2110184197","0.533333"
"2110184197","2001431231","0.533333"
"1546774120","2018746447","0.75"
"2018746447","1546774120","0.75"
"1806049065","2018746447","0.5"
"2018746447","1806049065","0.5"
"1556073664","2018746447","0.25"
"2018746447","1556073664","0.25"
"1885515782","2018746447","0.25"
"2018746447","1885515782","0.25"
"2018746447","2110184197","0.25"
"2110184197","2018746447","0.25"
"1546774120","2962706177","1"
"2962706177","1546774120","1"
"1546774120","2404809868","1"
"2404809868","1546774120","1"
"1552887888","2035295206","0.5"
"2035295206","1552887888","0.5"
"2035295206","2120930643","0.833333"
"2120930643","2035295206","0.833333"
"1552887888","1877031606","0.25"
"1877031606","1552887888","0.25"
"1877031606","1882072563","0.583333"
"1882072563","1877031606","0.583333"
"1877031606","2120930643","1.58333"
"2120930643","1877031606","1.58333"
"1877031606","2283434475","0.583333"
"2283434475","1877031606","0.583333"
"1556073664","1877031606","0.333333"
"1877031606","1556073664","0.333333"
"1877031606","1885515782","0.333333"
"1885515782","1877031606","0.333333"
"1877031606","2110184197","0.333333"
"2110184197","1877031606","0.333333"
"1556073664","2048474463","0.666667"
"2048474463","1556073664","0.666667"
"1885515782","2048474463","0.666667"
"2048474463","1885515782","0.666667"
"2048474463","2110184197","0.666667"
"2110184197","2048474463","0.666667"
"1556073664","1775668444","1.16667"
"1775668444","1556073664","1.16667"
"1556073664","2032760602","0.166667"
"2032760602","1556073664","0.166667"
"1556073664","2041543515","0.166667"
"2041543515","1556073664","0.166667"
"1556073664","2343009295","0.166667"
"2343009295","1556073664","0.166667"
"1775668444","1885515782","0.166667"
"1885515782","1775668444","0.166667"
"1775668444","2110184197","0.166667"
"2110184197","1775668444","0.166667"
"1775668444","2343009295","0.166667"
"2343009295","1775668444","0.166667"
"1885515782","2032760602","0.166667"
"2032760602","1885515782","0.166667"
"1885515782","2041543515","0.166667"
"2041543515","1885515782","0.166667"
"1885515782","2343009295","0.166667"
"2343009295","1885515782","0.166667"
"2032760602","2110184197","0.166667"
"2110184197","2032760602","0.166667"
"2032760602","2343009295","0.166667"
"2343009295","2032760602","0.166667"
"2041543515","2110184197","0.166667"
"2110184197","2041543515","0.166667"
"2041543515","2343009295","0.166667"
"2343009295","2041543515","0.166667"
"2110184197","2343009295","0.166667"
"2343009295","2110184197","0.166667"
"1556073664","2001431231","0.333333"
"2001431231","1556073664","0.333333"
"1775668444","1971286892","0.166667"
"1971286892","1775668444","0.166667"
"1775668444","2098909775","1.16667"
"2098909775","1775668444","1.16667"
"1775668444","2397232893","0.166667"
"2397232893","1775668444","0.166667"
"1882072563","1971286892","0.166667"
"1971286892","1882072563","0.166667"
"1882072563","2098909775","0.166667"
"2098909775","1882072563","0.166667"
"1882072563","2397232893","0.5"
"2397232893","1882072563","0.5"
"1971286892","2041543515","0.166667"
"2041543515","1971286892","0.166667"
"1971286892","2098909775","3.03333"
"2098909775","1971286892","3.03333"
"1971286892","2120930643","0.166667"
"2120930643","1971286892","0.166667"
"1971286892","2397232893","0.166667"
"2397232893","1971286892","0.166667"
"2041543515","2098909775","0.166667"
"2098909775","2041543515","0.166667"
"2041543515","2397232893","0.166667"
"2397232893","2041543515","0.166667"
"2098909775","2120930643","0.166667"
"2120930643","2098909775","0.166667"
"2098909775","2397232893","0.166667"
"2397232893","2098909775","0.166667"
"2120930643","2397232893","0.5"
"2397232893","2120930643","0.5"
"1806049065","2404809868","1"
"2404809868","1806049065","1"
"1806049065","2041543515","1"
"2041543515","1806049065","1"
"1882072563","2035295206","0.333333"
"2035295206","1882072563","0.333333"
"2035295206","2397232893","0.333333"
"2397232893","2035295206","0.333333"
"1939855273","2096379058","1.53333"
"2096379058","1939855273","1.53333"
"1939855273","1971286892","0.533333"
"1971286892","1939855273","0.533333"
"1939855273","2098909775","1.53333"
"2098909775","1939855273","1.53333"
"1939855273","2343009295","3.36667"
"2343009295","1939855273","3.36667"
"1971286892","2343009295","0.866667"
"2343009295","1971286892","0.866667"
"2098909775","2343009295","1.36667"
"2343009295","2098909775","1.36667"
"1939855273","2962706177","0.533333"
"2962706177","1939855273","0.533333"
"2096379058","2343009295","0.533333"
"2343009295","2096379058","0.533333"
"2096379058","2962706177","2.86667"
"2962706177","2096379058","2.86667"
"2343009295","2962706177","1.86667"
"2962706177","2343009295","1.86667"
"1971286892","2096379058","0.2"
"2096379058","1971286892","0.2"
"1971286892","2962706177","0.533333"
"2962706177","1971286892","0.533333"
"2096379058","2098909775","0.533333"
"2098909775","2096379058","0.533333"
"2098909775","2962706177","0.866667"
"2962706177","2098909775","0.866667"
"1939855273","2404809868","0.5"
"2404809868","1939855273","0.5"
"2343009295","2404809868","5"
"2404809868","2343009295","5"
"2001431231","2018746447","1.5"
"2018746447","2001431231","1.5"
"2018746447","2030614279","0.5"
"2030614279","2018746447","0.5"
"2018746447","2098909775","2"
"2098909775","2018746447","2"
"2018746447","2096379058","1"
"2096379058","2018746447","1"
"2032760602","2098909775","1"
"2098909775","2032760602","1"
"2096379058","2296585978","7"
"2296585978","2096379058","7"
"2296585978","2962706177","2"
"2962706177","2296585978","2"
"2096379058","2404809868","0.333333"
"2404809868","2096379058","0.333333"
"2098909775","2404809868","0.833333"
"2404809868","2098909775","0.833333"
"2404809868","2962706177","0.333333"
"2962706177","2404809868","0.333333"
"2098909775","2296585978","1"
"2296585978","2098909775","1"
