"1513626637","2981223859","1"
"2981223859","1513626637","1"
"1553506927","1602424971","2.15238"
"1602424971","1553506927","2.15238"
"1553506927","1976915200","1.65238"
"1976915200","1553506927","1.65238"
"1553506927","1978185930","0.652381"
"1978185930","1553506927","0.652381"
"1553506927","1979876578","2.15238"
"1979876578","1553506927","2.15238"
"1553506927","2037889593","0.142857"
"2037889593","1553506927","0.142857"
"1553506927","2135262552","1.45238"
"2135262552","1553506927","1.45238"
"1553506927","2170549512","1.45238"
"2170549512","1553506927","1.45238"
"1602424971","1976915200","0.985714"
"1976915200","1602424971","0.985714"
"1602424971","1978185930","0.652381"
"1978185930","1602424971","0.652381"
"1602424971","1979876578","1.48571"
"1979876578","1602424971","1.48571"
"1602424971","2037889593","0.142857"
"2037889593","1602424971","0.142857"
"1602424971","2135262552","0.452381"
"2135262552","1602424971","0.452381"
"1602424971","2170549512","0.452381"
"2170549512","1602424971","0.452381"
"1976915200","1978185930","1.48571"
"1978185930","1976915200","1.48571"
"1976915200","1979876578","6.65238"
"1979876578","1976915200","6.65238"
"1976915200","2037889593","0.47619"
"2037889593","1976915200","0.47619"
"1976915200","2135262552","0.785714"
"2135262552","1976915200","0.785714"
"1976915200","2170549512","0.785714"
"2170549512","1976915200","0.785714"
"1978185930","1979876578","0.902381"
"1979876578","1978185930","0.902381"
"1978185930","2037889593","0.72619"
"2037889593","1978185930","0.72619"
"1978185930","2135262552","0.952381"
"2135262552","1978185930","0.952381"
"1978185930","2170549512","1.20238"
"2170549512","1978185930","1.20238"
"1979876578","2037889593","0.392857"
"2037889593","1979876578","0.392857"
"1979876578","2135262552","0.785714"
"2135262552","1979876578","0.785714"
"1979876578","2170549512","1.03571"
"2170549512","1979876578","1.03571"
"2037889593","2135262552","0.142857"
"2135262552","2037889593","0.142857"
"2037889593","2170549512","0.392857"
"2170549512","2037889593","0.392857"
"2135262552","2170549512","9.28571"
"2170549512","2135262552","9.28571"
"1553506927","2014174977","0.342857"
"2014174977","1553506927","0.342857"
"1602424971","2014174977","0.342857"
"2014174977","1602424971","0.342857"
"1976915200","2014174977","1.17619"
"2014174977","1976915200","1.17619"
"1978185930","2014174977","3.42619"
"2014174977","1978185930","3.42619"
"1979876578","2014174977","0.592857"
"2014174977","1979876578","0.592857"
"2014174977","2135262552","0.142857"
"2135262552","2014174977","0.142857"
"2014174977","2170549512","0.392857"
"2170549512","2014174977","0.392857"
"1602424971","2035669445","2.33333"
"2035669445","1602424971","2.33333"
"1976915200","2035669445","0.333333"
"2035669445","1976915200","0.333333"
"1979876578","2035669445","0.333333"
"2035669445","1979876578","0.333333"
"1926482435","2081133008","9.36667"
"2081133008","1926482435","9.36667"
"1926482435","2025452331","2.03333"
"2025452331","1926482435","2.03333"
"1926482435","2069222612","1.28333"
"2069222612","1926482435","1.28333"
"1926482435","2083686783","1.03333"
"2083686783","1926482435","1.03333"
"1926482435","2091563247","2.28333"
"2091563247","1926482435","2.28333"
"2025452331","2069222612","1.78333"
"2069222612","2025452331","1.78333"
"2025452331","2081133008","3.86667"
"2081133008","2025452331","3.86667"
"2025452331","2083686783","22.8667"
"2083686783","2025452331","22.8667"
"2025452331","2091563247","2.78333"
"2091563247","2025452331","2.78333"
"2069222612","2081133008","5.11667"
"2081133008","2069222612","5.11667"
"2069222612","2083686783","0.95"
"2083686783","2069222612","0.95"
"2069222612","2091563247","5.86667"
"2091563247","2069222612","5.86667"
"2081133008","2083686783","2.03333"
"2083686783","2081133008","2.03333"
"2081133008","2091563247","5.61667"
"2091563247","2081133008","5.61667"
"2083686783","2091563247","1.45"
"2091563247","2083686783","1.45"
"1963563188","2025248113","1"
"2025248113","1963563188","1"
"1963563188","2063590122","3"
"2063590122","1963563188","3"
"1963563188","2151858302","1"
"2151858302","1963563188","1"
"1971883447","2128833436","1.5"
"2128833436","1971883447","1.5"
"1971883447","2118965014","0.5"
"2118965014","1971883447","0.5"
"2118965014","2128833436","13.5"
"2128833436","2118965014","13.5"
"1975020354","2025248113","5"
"2025248113","1975020354","5"
"2014174977","2037889593","1.08333"
"2037889593","2014174977","1.08333"
"1976915200","2025452331","0.333333"
"2025452331","1976915200","0.333333"
"1976915200","2083686783","0.333333"
"2083686783","1976915200","0.333333"
"1979876578","2025452331","0.333333"
"2025452331","1979876578","0.333333"
"1979876578","2083686783","0.333333"
"2083686783","1979876578","0.333333"
"2014174977","2035669445","2.5"
"2035669445","2014174977","2.5"
"2035669445","2037889593","4.5"
"2037889593","2035669445","4.5"
"2014174977","2113506750","1"
"2113506750","2014174977","1"
"2014174977","2069222612","1"
"2069222612","2014174977","1"
"2068483830","2540935920","1"
"2540935920","2068483830","1"
"2081133008","2096626907","1"
"2096626907","2081133008","1"
"2105101198","2151858302","1"
"2151858302","2105101198","1"
