"1502029139","1529057381","0.2"
"1529057381","1502029139","0.2"
"1502029139","2050564120","0.7"
"2050564120","1502029139","0.7"
"1502029139","2159613309","0.2"
"2159613309","1502029139","0.2"
"1502029139","2252814105","0.2"
"2252814105","1502029139","0.2"
"1502029139","2535856266","0.7"
"2535856266","1502029139","0.7"
"1529057381","2050564120","0.4"
"2050564120","1529057381","0.4"
"1529057381","2159613309","0.4"
"2159613309","1529057381","0.4"
"1529057381","2252814105","0.2"
"2252814105","1529057381","0.2"
"1529057381","2535856266","2.51667"
"2535856266","1529057381","2.51667"
"2050564120","2159613309","0.2"
"2159613309","2050564120","0.2"
"2050564120","2252814105","2.04286"
"2252814105","2050564120","2.04286"
"2050564120","2535856266","1.2"
"2535856266","2050564120","1.2"
"2159613309","2252814105","1.28333"
"2252814105","2159613309","1.28333"
"2159613309","2535856266","14.9333"
"2535856266","2159613309","14.9333"
"2252814105","2535856266","2.11667"
"2535856266","2252814105","2.11667"
"1502029139","2133457465","1"
"2133457465","1502029139","1"
"1517981105","1529057381","24.8333"
"1529057381","1517981105","24.8333"
"1517981105","2243385428","0.5"
"2243385428","1517981105","0.5"
"1529057381","2243385428","0.5"
"2243385428","1529057381","0.5"
"1517981105","1818171838","0.5"
"1818171838","1517981105","0.5"
"1529057381","1818171838","3"
"1818171838","1529057381","3"
"1517981105","2624994041","2"
"2624994041","1517981105","2"
"1529057381","2624994041","1.5"
"2624994041","1529057381","1.5"
"1517981105","1971471415","0.333333"
"1971471415","1517981105","0.333333"
"1517981105","2535856266","0.833333"
"2535856266","1517981105","0.833333"
"1529057381","1971471415","2.48333"
"1971471415","1529057381","2.48333"
"1971471415","2535856266","2.38333"
"2535856266","1971471415","2.38333"
"1523506468","2252814105","2.84286"
"2252814105","1523506468","2.84286"
"1523506468","2047650489","0.47619"
"2047650489","1523506468","0.47619"
"1523506468","2050564120","0.67619"
"2050564120","1523506468","0.67619"
"1523506468","2067364868","0.142857"
"2067364868","1523506468","0.142857"
"1523506468","2095362227","0.342857"
"2095362227","1523506468","0.342857"
"1523506468","2530307082","1.17619"
"2530307082","1523506468","1.17619"
"1523506468","2786717426","0.342857"
"2786717426","1523506468","0.342857"
"2047650489","2050564120","1.97619"
"2050564120","2047650489","1.97619"
"2047650489","2067364868","4.14286"
"2067364868","2047650489","4.14286"
"2047650489","2095362227","0.142857"
"2095362227","2047650489","0.142857"
"2047650489","2252814105","0.97619"
"2252814105","2047650489","0.97619"
"2047650489","2530307082","0.47619"
"2530307082","2047650489","0.47619"
"2047650489","2786717426","0.142857"
"2786717426","2047650489","0.142857"
"2050564120","2067364868","0.142857"
"2067364868","2050564120","0.142857"
"2050564120","2095362227","0.342857"
"2095362227","2050564120","0.342857"
"2050564120","2530307082","2.17619"
"2530307082","2050564120","2.17619"
"2050564120","2786717426","0.342857"
"2786717426","2050564120","0.342857"
"2067364868","2095362227","0.142857"
"2095362227","2067364868","0.142857"
"2067364868","2252814105","0.142857"
"2252814105","2067364868","0.142857"
"2067364868","2530307082","1.14286"
"2530307082","2067364868","1.14286"
"2067364868","2786717426","0.142857"
"2786717426","2067364868","0.142857"
"2095362227","2252814105","0.342857"
"2252814105","2095362227","0.342857"
"2095362227","2530307082","0.342857"
"2530307082","2095362227","0.342857"
"2095362227","2786717426","0.342857"
"2786717426","2095362227","0.342857"
"2252814105","2530307082","1.34286"
"2530307082","2252814105","1.34286"
"2252814105","2786717426","0.342857"
"2786717426","2252814105","0.342857"
"2530307082","2786717426","0.342857"
"2786717426","2530307082","0.342857"
"1529057381","2530307082","2"
"2530307082","1529057381","2"
"1529057381","1968195039","0.733333"
"1968195039","1529057381","0.733333"
"1529057381","2143150127","0.85"
"2143150127","1529057381","0.85"
"1968195039","1971471415","2.36944"
"1971471415","1968195039","2.36944"
"1968195039","2143150127","6.66111"
"2143150127","1968195039","6.66111"
"1968195039","2159613309","0.65"
"2159613309","1968195039","0.65"
"1968195039","2535856266","5.13333"
"2535856266","1968195039","5.13333"
"1971471415","2143150127","2.91111"
"2143150127","1971471415","2.91111"
"1971471415","2159613309","0.65"
"2159613309","1971471415","0.65"
"2143150127","2159613309","0.4"
"2159613309","2143150127","0.4"
"2143150127","2535856266","2.8"
"2535856266","2143150127","2.8"
"1818171838","2624994041","0.5"
"2624994041","1818171838","0.5"
"1529057381","2133457465","0.783333"
"2133457465","1529057381","0.783333"
"1968195039","2133457465","1.55833"
"2133457465","1968195039","1.55833"
"1971471415","2133457465","2.05833"
"2133457465","1971471415","2.05833"
"2133457465","2143150127","3.1"
"2143150127","2133457465","3.1"
"2133457465","2535856266","1.68333"
"2535856266","2133457465","1.68333"
"1529057381","2107370049","0.2"
"2107370049","1529057381","0.2"
"1529057381","2130083901","0.2"
"2130083901","1529057381","0.2"
"1529057381","2132450494","0.2"
"2132450494","1529057381","0.2"
"2050564120","2107370049","1.2"
"2107370049","2050564120","1.2"
"2050564120","2130083901","0.2"
"2130083901","2050564120","0.2"
"2050564120","2132450494","0.533333"
"2132450494","2050564120","0.533333"
"2050564120","2143150127","0.2"
"2143150127","2050564120","0.2"
"2107370049","2130083901","1.14444"
"2130083901","2107370049","1.14444"
"2107370049","2132450494","5.18611"
"2132450494","2107370049","5.18611"
"2107370049","2143150127","1.97778"
"2143150127","2107370049","1.97778"
"2130083901","2132450494","1.06111"
"2132450494","2130083901","1.06111"
"2130083901","2143150127","0.311111"
"2143150127","2130083901","0.311111"
"2132450494","2143150127","2.47778"
"2143150127","2132450494","2.47778"
"1551197041","2624994041","1"
"2624994041","1551197041","1"
"1568592191","2096230959","1.18611"
"2096230959","1568592191","1.18611"
"1568592191","2130083901","2.09444"
"2130083901","1568592191","2.09444"
"1568592191","2132450494","0.652778"
"2132450494","1568592191","0.652778"
"1568592191","2142081284","6.46944"
"2142081284","1568592191","6.46944"
"2096230959","2130083901","1.39444"
"2130083901","2096230959","1.39444"
"2096230959","2132450494","7.23611"
"2132450494","2096230959","7.23611"
"2096230959","2142081284","1.18611"
"2142081284","2096230959","1.18611"
"2130083901","2142081284","0.761111"
"2142081284","2130083901","0.761111"
"2132450494","2142081284","0.986111"
"2142081284","2132450494","0.986111"
"1568592191","1968195039","1.55278"
"1968195039","1568592191","1.55278"
"1568592191","1971471415","0.652778"
"1971471415","1568592191","0.652778"
"1568592191","2107370049","0.236111"
"2107370049","1568592191","0.236111"
"1568592191","2124303001","0.125"
"2124303001","1568592191","0.125"
"1568592191","2133457465","0.458333"
"2133457465","1568592191","0.458333"
"1968195039","2096230959","5.46944"
"2096230959","1968195039","5.46944"
"1968195039","2107370049","2.40278"
"2107370049","1968195039","2.40278"
"1968195039","2124303001","0.125"
"2124303001","1968195039","0.125"
"1968195039","2132450494","3.56944"
"2132450494","1968195039","3.56944"
"1968195039","2142081284","1.21944"
"2142081284","1968195039","1.21944"
"1971471415","2096230959","0.602778"
"2096230959","1971471415","0.602778"
"1971471415","2107370049","0.569444"
"2107370049","1971471415","0.569444"
"1971471415","2124303001","0.125"
"2124303001","1971471415","0.125"
"1971471415","2132450494","0.736111"
"2132450494","1971471415","0.736111"
"1971471415","2142081284","0.652778"
"2142081284","1971471415","0.652778"
"2096230959","2107370049","7.15278"
"2107370049","2096230959","7.15278"
"2096230959","2124303001","0.375"
"2124303001","2096230959","0.375"
"2096230959","2133457465","0.908333"
"2133457465","2096230959","0.908333"
"2107370049","2124303001","0.375"
"2124303001","2107370049","0.375"
"2107370049","2133457465","0.375"
"2133457465","2107370049","0.375"
"2107370049","2142081284","0.236111"
"2142081284","2107370049","0.236111"
"2124303001","2132450494","0.375"
"2132450494","2124303001","0.375"
"2124303001","2133457465","0.375"
"2133457465","2124303001","0.375"
"2124303001","2142081284","0.125"
"2142081284","2124303001","0.125"
"2132450494","2133457465","0.708333"
"2133457465","2132450494","0.708333"
"2133457465","2142081284","0.458333"
"2142081284","2133457465","0.458333"
"1568592191","2205910168","0.65"
"2205910168","1568592191","0.65"
"1568592191","2243385428","0.977778"
"2243385428","1568592191","0.977778"
"1968195039","2130083901","10.3444"
"2130083901","1968195039","10.3444"
"1968195039","2205910168","0.65"
"2205910168","1968195039","0.65"
"1968195039","2243385428","0.311111"
"2243385428","1968195039","0.311111"
"2130083901","2205910168","0.4"
"2205910168","2130083901","0.4"
"2130083901","2243385428","0.311111"
"2243385428","2130083901","0.311111"
"2142081284","2205910168","0.983333"
"2205910168","2142081284","0.983333"
"2142081284","2243385428","0.977778"
"2243385428","2142081284","0.977778"
"2205910168","2243385428","0.2"
"2243385428","2205910168","0.2"
"2096230959","2205910168","0.2"
"2205910168","2096230959","0.2"
"1568592191","2143150127","0.611111"
"2143150127","1568592191","0.611111"
"1971471415","2130083901","0.611111"
"2130083901","1971471415","0.611111"
"1971471415","2243385428","0.277778"
"2243385428","1971471415","0.277778"
"2096230959","2143150127","4.81111"
"2143150127","2096230959","4.81111"
"2096230959","2243385428","0.277778"
"2243385428","2096230959","0.277778"
"2107370049","2243385428","0.111111"
"2243385428","2107370049","0.111111"
"2132450494","2243385428","0.277778"
"2243385428","2132450494","0.277778"
"2142081284","2143150127","0.944444"
"2143150127","2142081284","0.944444"
"2143150127","2243385428","0.277778"
"2243385428","2143150127","0.277778"
"1568592191","2535856266","0.333333"
"2535856266","1568592191","0.333333"
"2130083901","2535856266","1.16667"
"2535856266","2130083901","1.16667"
"1971471415","2205910168","0.25"
"2205910168","1971471415","0.25"
"1576624991","2069865753","1"
"2069865753","1576624991","1"
"1818171838","2530307082","0.5"
"2530307082","1818171838","0.5"
"1818171838","2535856266","0.5"
"2535856266","1818171838","0.5"
"2530307082","2535856266","0.5"
"2535856266","2530307082","0.5"
"1904748999","1971471415","0.25"
"1971471415","1904748999","0.25"
"1904748999","2159613309","0.25"
"2159613309","1904748999","0.25"
"1904748999","2252814105","0.25"
"2252814105","1904748999","0.25"
"1904748999","2535856266","0.25"
"2535856266","1904748999","0.25"
"1971471415","2252814105","0.75"
"2252814105","1971471415","0.75"
"2096230959","2535856266","1.2"
"2535856266","2096230959","1.2"
"1968195039","2883902095","0.25"
"2883902095","1968195039","0.25"
"2133457465","2159613309","0.45"
"2159613309","2133457465","0.45"
"2133457465","2883902095","0.25"
"2883902095","2133457465","0.25"
"2159613309","2883902095","0.25"
"2883902095","2159613309","0.25"
"2535856266","2883902095","0.25"
"2883902095","2535856266","0.25"
"1971471415","2050564120","0.333333"
"2050564120","1971471415","0.333333"
"2050564120","2133457465","0.333333"
"2133457465","2050564120","0.333333"
"2133457465","2252814105","0.5"
"2252814105","2133457465","0.5"
"2047650489","2159613309","0.333333"
"2159613309","2047650489","0.333333"
"2047650489","2535856266","0.333333"
"2535856266","2047650489","0.333333"
"2096230959","2252814105","1"
"2252814105","2096230959","1"
"2107370049","2535856266","0.833333"
"2535856266","2107370049","0.833333"
"2132450494","2252814105","0.333333"
"2252814105","2132450494","0.333333"
"2132450494","2535856266","0.333333"
"2535856266","2132450494","0.333333"
"2143150127","2252814105","0.333333"
"2252814105","2143150127","0.333333"
"2132450494","2205910168","0.333333"
"2205910168","2132450494","0.333333"
"2143150127","2205910168","0.333333"
"2205910168","2143150127","0.333333"
"2243385428","2624994041","1"
"2624994041","2243385428","1"
"2275963012","2300981560","0.333333"
"2300981560","2275963012","0.333333"
"2275963012","954583420","0.333333"
"954583420","2275963012","0.333333"
"2275963012","966265682","0.333333"
"966265682","2275963012","0.333333"
"2300981560","954583420","1.33333"
"954583420","2300981560","1.33333"
"2300981560","966265682","1.33333"
"966265682","2300981560","1.33333"
"954583420","966265682","1.33333"
"966265682","954583420","1.33333"
"2621548954","2787843563","1"
"2787843563","2621548954","1"
