"1485212211","161466369","10.5694"
"161466369","1485212211","10.5694"
"1485212211","1997820219","2.44444"
"1997820219","1485212211","2.44444"
"1485212211","823527867","0.333333"
"823527867","1485212211","0.333333"
"161466369","1997820219","1.44444"
"1997820219","161466369","1.44444"
"161466369","823527867","0.333333"
"823527867","161466369","0.333333"
"1997820219","823527867","0.333333"
"823527867","1997820219","0.333333"
"1485212211","1508077776","0.111111"
"1508077776","1485212211","0.111111"
"1485212211","1754688259","0.236111"
"1754688259","1485212211","0.236111"
"1485212211","2043210833","0.236111"
"2043210833","1485212211","0.236111"
"1485212211","2043944888","0.236111"
"2043944888","1485212211","0.236111"
"1485212211","2128531813","0.236111"
"2128531813","1485212211","0.236111"
"1485212211","2294626749","0.236111"
"2294626749","1485212211","0.236111"
"1485212211","45815075","0.236111"
"45815075","1485212211","0.236111"
"1508077776","161466369","0.111111"
"161466369","1508077776","0.111111"
"1508077776","1754688259","0.111111"
"1754688259","1508077776","0.111111"
"1508077776","1997820219","0.111111"
"1997820219","1508077776","0.111111"
"1508077776","2043210833","0.111111"
"2043210833","1508077776","0.111111"
"1508077776","2043944888","0.111111"
"2043944888","1508077776","0.111111"
"1508077776","2128531813","0.111111"
"2128531813","1508077776","0.111111"
"1508077776","2294626749","1.44444"
"2294626749","1508077776","1.44444"
"1508077776","45815075","1.11111"
"45815075","1508077776","1.11111"
"161466369","1754688259","0.236111"
"1754688259","161466369","0.236111"
"161466369","2043210833","0.236111"
"2043210833","161466369","0.236111"
"161466369","2043944888","0.236111"
"2043944888","161466369","0.236111"
"161466369","2128531813","0.236111"
"2128531813","161466369","0.236111"
"161466369","2294626749","0.236111"
"2294626749","161466369","0.236111"
"161466369","45815075","0.236111"
"45815075","161466369","0.236111"
"1754688259","1997820219","0.111111"
"1997820219","1754688259","0.111111"
"1754688259","2043210833","15.8528"
"2043210833","1754688259","15.8528"
"1754688259","2043944888","0.236111"
"2043944888","1754688259","0.236111"
"1754688259","2128531813","0.236111"
"2128531813","1754688259","0.236111"
"1754688259","2294626749","0.236111"
"2294626749","1754688259","0.236111"
"1754688259","45815075","0.819444"
"45815075","1754688259","0.819444"
"1997820219","2043210833","0.253968"
"2043210833","1997820219","0.253968"
"1997820219","2043944888","0.111111"
"2043944888","1997820219","0.111111"
"1997820219","2128531813","0.111111"
"2128531813","1997820219","0.111111"
"1997820219","2294626749","0.111111"
"2294626749","1997820219","0.111111"
"1997820219","45815075","0.111111"
"45815075","1997820219","0.111111"
"2043210833","2043944888","0.236111"
"2043944888","2043210833","0.236111"
"2043210833","2128531813","0.236111"
"2128531813","2043210833","0.236111"
"2043210833","2294626749","0.236111"
"2294626749","2043210833","0.236111"
"2043210833","45815075","0.569444"
"45815075","2043210833","0.569444"
"2043944888","2128531813","3.23611"
"2128531813","2043944888","3.23611"
"2043944888","2294626749","1.23611"
"2294626749","2043944888","1.23611"
"2043944888","45815075","0.236111"
"45815075","2043944888","0.236111"
"2128531813","2294626749","0.236111"
"2294626749","2128531813","0.236111"
"2128531813","45815075","0.236111"
"45815075","2128531813","0.236111"
"2294626749","45815075","0.486111"
"45815075","2294626749","0.486111"
"1485212211","2120154759","0.125"
"2120154759","1485212211","0.125"
"161466369","2120154759","0.125"
"2120154759","161466369","0.125"
"1754688259","2120154759","0.875"
"2120154759","1754688259","0.875"
"2043210833","2120154759","0.958333"
"2120154759","2043210833","0.958333"
"2043944888","2120154759","0.125"
"2120154759","2043944888","0.125"
"2120154759","2128531813","0.125"
"2128531813","2120154759","0.125"
"2120154759","2294626749","2.375"
"2294626749","2120154759","2.375"
"2120154759","45815075","2.125"
"45815075","2120154759","2.125"
"1497828701","2064829080","18.9762"
"2064829080","1497828701","18.9762"
"1497828701","1805062869","1.30952"
"1805062869","1497828701","1.30952"
"1805062869","2064829080","2.05952"
"2064829080","1805062869","2.05952"
"1497828701","2235738211","0.47619"
"2235738211","1497828701","0.47619"
"1497828701","2949637089","0.333333"
"2949637089","1497828701","0.333333"
"2064829080","2235738211","0.47619"
"2235738211","2064829080","0.47619"
"2064829080","2949637089","0.333333"
"2949637089","2064829080","0.333333"
"2235738211","2949637089","1.91667"
"2949637089","2235738211","1.91667"
"1497828701","1530181486","0.166667"
"1530181486","1497828701","0.166667"
"1497828701","1888689086","0.642857"
"1888689086","1497828701","0.642857"
"1497828701","1973454358","1.14286"
"1973454358","1497828701","1.14286"
"1497828701","2233411229","0.166667"
"2233411229","1497828701","0.166667"
"1530181486","1805062869","2.55952"
"1805062869","1530181486","2.55952"
"1530181486","1888689086","0.709524"
"1888689086","1530181486","0.709524"
"1530181486","1973454358","0.709524"
"1973454358","1530181486","0.709524"
"1530181486","2064829080","0.416667"
"2064829080","1530181486","0.416667"
"1530181486","2233411229","42.9095"
"2233411229","1530181486","42.9095"
"1805062869","1888689086","0.702381"
"1888689086","1805062869","0.702381"
"1805062869","1973454358","0.702381"
"1973454358","1805062869","0.702381"
"1805062869","2233411229","2.64286"
"2233411229","1805062869","2.64286"
"1888689086","1973454358","25.2857"
"1973454358","1888689086","25.2857"
"1888689086","2064829080","1.39286"
"2064829080","1888689086","1.39286"
"1888689086","2233411229","1.20952"
"2233411229","1888689086","1.20952"
"1973454358","2064829080","1.89286"
"2064829080","1973454358","1.89286"
"1973454358","2233411229","1.20952"
"2233411229","1973454358","1.20952"
"2064829080","2233411229","0.916667"
"2233411229","2064829080","0.916667"
"1497828701","823527867","0.642857"
"823527867","1497828701","0.642857"
"2064829080","823527867","1.64286"
"823527867","2064829080","1.64286"
"1497828701","2060624942","0.142857"
"2060624942","1497828701","0.142857"
"1805062869","2060624942","0.142857"
"2060624942","1805062869","0.142857"
"1805062869","2235738211","0.285714"
"2235738211","1805062869","0.285714"
"1805062869","823527867","0.392857"
"823527867","1805062869","0.392857"
"1888689086","2060624942","5.07619"
"2060624942","1888689086","5.07619"
"1888689086","2235738211","1.36905"
"2235738211","1888689086","1.36905"
"1888689086","823527867","0.97619"
"823527867","1888689086","0.97619"
"1973454358","2060624942","4.57619"
"2060624942","1973454358","4.57619"
"1973454358","2235738211","1.11905"
"2235738211","1973454358","1.11905"
"1973454358","823527867","0.72619"
"823527867","1973454358","0.72619"
"2060624942","2064829080","1.64286"
"2064829080","2060624942","1.64286"
"2060624942","2235738211","0.392857"
"2235738211","2060624942","0.392857"
"2060624942","823527867","1.22619"
"823527867","2060624942","1.22619"
"2235738211","823527867","0.392857"
"823527867","2235738211","0.392857"
"1508077776","1576151945","4.76667"
"1576151945","1508077776","4.76667"
"1508077776","1888689086","1.75"
"1888689086","1508077776","1.75"
"1508077776","2060624942","3.6"
"2060624942","1508077776","3.6"
"1508077776","2267208944","9.05"
"2267208944","1508077776","9.05"
"1576151945","1888689086","1.01667"
"1888689086","1576151945","1.01667"
"1576151945","2060624942","2.06667"
"2060624942","1576151945","2.06667"
"1576151945","2267208944","1.56667"
"2267208944","1576151945","1.56667"
"1888689086","2267208944","1.21667"
"2267208944","1888689086","1.21667"
"2060624942","2267208944","2.26667"
"2267208944","2060624942","2.26667"
"1508077776","1530181486","1.4"
"1530181486","1508077776","1.4"
"1508077776","1973454358","1.5"
"1973454358","1508077776","1.5"
"1508077776","2233411229","0.65"
"2233411229","1508077776","0.65"
"1530181486","2267208944","0.2"
"2267208944","1530181486","0.2"
"1973454358","2267208944","0.966667"
"2267208944","1973454358","0.966667"
"2233411229","2267208944","0.45"
"2267208944","2233411229","0.45"
"1508077776","1533139329","2.45"
"1533139329","1508077776","2.45"
"1533139329","1888689086","0.616667"
"1888689086","1533139329","0.616667"
"1533139329","1973454358","0.616667"
"1973454358","1533139329","0.616667"
"1533139329","2060624942","1.61667"
"2060624942","1533139329","1.61667"
"1533139329","2267208944","1.45"
"2267208944","1533139329","1.45"
"1576151945","1973454358","0.766667"
"1973454358","1576151945","0.766667"
"1533139329","1576151945","0.416667"
"1576151945","1533139329","0.416667"
"2267208944","2294626749","1.33333"
"2294626749","2267208944","1.33333"
"1533139329","2294626749","2.33333"
"2294626749","1533139329","2.33333"
"1508077776","1805062869","0.25"
"1805062869","1508077776","0.25"
"1508077776","2163552131","0.25"
"2163552131","1508077776","0.25"
"1805062869","2163552131","4.16667"
"2163552131","1805062869","4.16667"
"1805062869","2267208944","0.25"
"2267208944","1805062869","0.25"
"2163552131","2233411229","0.783333"
"2233411229","2163552131","0.783333"
"2163552131","2267208944","0.25"
"2267208944","2163552131","0.25"
"1530181486","1576151945","0.7"
"1576151945","1530181486","0.7"
"1576151945","2233411229","0.7"
"2233411229","1576151945","0.7"
"1530181486","3008825770","0.45"
"3008825770","1530181486","0.45"
"1530181486","823527867","0.75"
"823527867","1530181486","0.75"
"2064829080","3008825770","0.25"
"3008825770","2064829080","0.25"
"2233411229","3008825770","0.45"
"3008825770","2233411229","0.45"
"2233411229","823527867","0.75"
"823527867","2233411229","0.75"
"3008825770","823527867","0.25"
"823527867","3008825770","0.25"
"1530181486","1754688259","0.45"
"1754688259","1530181486","0.45"
"1530181486","2043210833","0.592857"
"2043210833","1530181486","0.592857"
"1530181486","2163552131","0.2"
"2163552131","1530181486","0.2"
"1754688259","2163552131","1.28333"
"2163552131","1754688259","1.28333"
"1754688259","2233411229","0.45"
"2233411229","1754688259","0.45"
"1754688259","3008825770","0.2"
"3008825770","1754688259","0.2"
"2043210833","2163552131","1.36667"
"2163552131","2043210833","1.36667"
"2043210833","2233411229","0.592857"
"2233411229","2043210833","0.592857"
"2043210833","3008825770","0.2"
"3008825770","2043210833","0.2"
"2163552131","3008825770","0.2"
"3008825770","2163552131","0.2"
"1530181486","2152377620","0.5"
"2152377620","1530181486","0.5"
"2152377620","2233411229","0.5"
"2233411229","2152377620","0.5"
"1530181486","1997820219","0.142857"
"1997820219","1530181486","0.142857"
"1530181486","2235738211","0.142857"
"2235738211","1530181486","0.142857"
"1805062869","1997820219","0.142857"
"1997820219","1805062869","0.142857"
"1805062869","2043210833","2.22619"
"2043210833","1805062869","2.22619"
"1888689086","1997820219","0.142857"
"1997820219","1888689086","0.142857"
"1888689086","2043210833","0.47619"
"2043210833","1888689086","0.47619"
"1973454358","1997820219","0.142857"
"1997820219","1973454358","0.142857"
"1973454358","2043210833","0.47619"
"2043210833","1973454358","0.47619"
"1997820219","2233411229","0.142857"
"2233411229","1997820219","0.142857"
"1997820219","2235738211","0.142857"
"2235738211","1997820219","0.142857"
"2043210833","2235738211","0.642857"
"2235738211","2043210833","0.642857"
"2233411229","2235738211","0.142857"
"2235738211","2233411229","0.142857"
"1754688259","1805062869","0.75"
"1805062869","1754688259","0.75"
"1533139329","2128531813","0.25"
"2128531813","1533139329","0.25"
"1533139329","2248402017","0.25"
"2248402017","1533139329","0.25"
"1888689086","2128531813","0.25"
"2128531813","1888689086","0.25"
"1888689086","2248402017","0.25"
"2248402017","1888689086","0.25"
"1973454358","2128531813","0.25"
"2128531813","1973454358","0.25"
"1973454358","2248402017","0.25"
"2248402017","1973454358","0.25"
"2128531813","2248402017","0.25"
"2248402017","2128531813","0.25"
"1576151945","45815075","1"
"45815075","1576151945","1"
"1754688259","2235738211","0.5"
"2235738211","1754688259","0.5"
"1754688259","2765216278","0.5"
"2765216278","1754688259","0.5"
"2043210833","2765216278","0.5"
"2765216278","2043210833","0.5"
"1754688259","1888689086","0.333333"
"1888689086","1754688259","0.333333"
"1754688259","1973454358","0.333333"
"1973454358","1754688259","0.333333"
"1754688259","2064829080","1"
"2064829080","1754688259","1"
"2163552131","45815075","2.66667"
"45815075","2163552131","2.66667"
"1754688259","2152377620","0.25"
"2152377620","1754688259","0.25"
"2120154759","2152377620","2.58333"
"2152377620","2120154759","2.58333"
"2120154759","2163552131","5.66667"
"2163552131","2120154759","5.66667"
"2152377620","2163552131","0.583333"
"2163552131","2152377620","0.583333"
"2152377620","45815075","0.25"
"45815075","2152377620","0.25"
"1805062869","2120154759","0.583333"
"2120154759","1805062869","0.583333"
"1805062869","2294626749","0.25"
"2294626749","1805062869","0.25"
"1805062869","45815075","0.583333"
"45815075","1805062869","0.583333"
"2163552131","2294626749","0.25"
"2294626749","2163552131","0.25"
"2233411229","45815075","0.333333"
"45815075","2233411229","0.333333"
"1888689086","2949637089","0.583333"
"2949637089","1888689086","0.583333"
"2060624942","2949637089","0.25"
"2949637089","2060624942","0.25"
"2949637089","823527867","0.25"
"823527867","2949637089","0.25"
"1973454358","2949637089","0.333333"
"2949637089","1973454358","0.333333"
"1997820219","2060624942","1"
"2060624942","1997820219","1"
"2060624942","2248402017","1"
"2248402017","2060624942","1"
"2064829080","2120154759","1"
"2120154759","2064829080","1"
"2120154759","3008825770","1"
"3008825770","2120154759","1"
"2294626749","3008825770","1"
"3008825770","2294626749","1"
"2120154759","823527867","0.666667"
"823527867","2120154759","0.666667"
"2152377620","823527867","0.333333"
"823527867","2152377620","0.333333"
"2163552131","823527867","0.333333"
"823527867","2163552131","0.333333"
"2120154759","2248402017","0.333333"
"2248402017","2120154759","0.333333"
"2120154759","2549917267","0.333333"
"2549917267","2120154759","0.333333"
"2248402017","2549917267","0.833333"
"2549917267","2248402017","0.833333"
"2248402017","823527867","0.333333"
"823527867","2248402017","0.333333"
"2549917267","823527867","0.333333"
"823527867","2549917267","0.333333"
"2248402017","2294626749","1.5"
"2294626749","2248402017","1.5"
"2294626749","2549917267","1.5"
"2549917267","2294626749","1.5"
"2294626749","823527867","1"
"823527867","2294626749","1"
"2294626749","2765216278","1"
"2765216278","2294626749","1"
