"1004129182","171481251","1.14167"
"171481251","1004129182","1.14167"
"1004129182","1970672897","7.59167"
"1970672897","1004129182","7.59167"
"1004129182","1998027746","2.05833"
"1998027746","1004129182","2.05833"
"1004129182","2005601127","2.05833"
"2005601127","1004129182","2.05833"
"1004129182","2047989528","1.45119"
"2047989528","1004129182","1.45119"
"1004129182","2056433973","1.11786"
"2056433973","1004129182","1.11786"
"1004129182","2057526313","0.858333"
"2057526313","1004129182","0.858333"
"1004129182","2205650283","1.26786"
"2205650283","1004129182","1.26786"
"171481251","1970672897","1.44167"
"1970672897","171481251","1.44167"
"171481251","1998027746","0.808766"
"1998027746","171481251","0.808766"
"171481251","2005601127","0.808766"
"2005601127","171481251","0.808766"
"171481251","2047989528","4.23258"
"2047989528","171481251","4.23258"
"171481251","2056433973","3.14167"
"2056433973","171481251","3.14167"
"171481251","2057526313","1.13258"
"2057526313","171481251","1.13258"
"171481251","2205650283","0.549242"
"2205650283","171481251","0.549242"
"1970672897","1998027746","2.275"
"1998027746","1970672897","2.275"
"1970672897","2005601127","1.275"
"2005601127","1970672897","1.275"
"1970672897","2047989528","1.10833"
"2047989528","1970672897","1.10833"
"1970672897","2056433973","0.775"
"2056433973","1970672897","0.775"
"1970672897","2057526313","1.10833"
"2057526313","1970672897","1.10833"
"1970672897","2205650283","0.125"
"2205650283","1970672897","0.125"
"1998027746","2005601127","7.4921"
"2005601127","1998027746","7.4921"
"1998027746","2047989528","0.915909"
"2047989528","1998027746","0.915909"
"1998027746","2056433973","0.491667"
"2056433973","1998027746","0.491667"
"1998027746","2057526313","1.14924"
"2057526313","1998027746","1.14924"
"1998027746","2205650283","0.549242"
"2205650283","1998027746","0.549242"
"2005601127","2047989528","0.915909"
"2047989528","2005601127","0.915909"
"2005601127","2056433973","0.491667"
"2056433973","2005601127","0.491667"
"2005601127","2057526313","1.14924"
"2057526313","2005601127","1.14924"
"2005601127","2205650283","0.549242"
"2205650283","2005601127","0.549242"
"2047989528","2056433973","10.0345"
"2056433973","2047989528","10.0345"
"2047989528","2057526313","0.215909"
"2057526313","2047989528","0.215909"
"2047989528","2205650283","0.6921"
"2205650283","2047989528","0.6921"
"2056433973","2057526313","0.125"
"2057526313","2056433973","0.125"
"2056433973","2205650283","0.267857"
"2205650283","2056433973","0.267857"
"2057526313","2205650283","2.04924"
"2205650283","2057526313","2.04924"
"1004129182","2013970661","1.58333"
"2013970661","1004129182","1.58333"
"1970672897","2013970661","1.33333"
"2013970661","1970672897","1.33333"
"2013970661","2047989528","0.5"
"2047989528","2013970661","0.5"
"1004129182","2184866600","0.559524"
"2184866600","1004129182","0.559524"
"1004129182","2482964603","0.559524"
"2482964603","1004129182","0.559524"
"1004129182","2546074126","0.559524"
"2546074126","1004129182","0.559524"
"2184866600","2482964603","6.15996"
"2482964603","2184866600","6.15996"
"2184866600","2546074126","7.65996"
"2546074126","2184866600","7.65996"
"2482964603","2546074126","5.65996"
"2546074126","2482964603","5.65996"
"1004129182","2524963455","0.333333"
"2524963455","1004129182","0.333333"
"1998027746","2524963455","0.333333"
"2524963455","1998027746","0.333333"
"2005601127","2524963455","0.333333"
"2524963455","2005601127","0.333333"
"1004129182","1598045530","2.06667"
"1598045530","1004129182","2.06667"
"1598045530","1970672897","2.06667"
"1970672897","1598045530","2.06667"
"1004129182","2075775534","2.4"
"2075775534","1004129182","2.4"
"1970672897","2075775534","2.4"
"2075775534","1970672897","2.4"
"1998027746","2075775534","0.4"
"2075775534","1998027746","0.4"
"2005601127","2075775534","0.4"
"2075775534","2005601127","0.4"
"2057526313","2075775534","0.4"
"2075775534","2057526313","0.4"
"1998027746","2013970661","0.416667"
"2013970661","1998027746","0.416667"
"2005601127","2013970661","0.416667"
"2013970661","2005601127","0.416667"
"2013970661","2057526313","0.25"
"2057526313","2013970661","0.25"
"1598045530","171481251","1.6"
"171481251","1598045530","1.6"
"1004129182","2038213039","0.22619"
"2038213039","1004129182","0.22619"
"2038213039","2047989528","0.309524"
"2047989528","2038213039","0.309524"
"2038213039","2056433973","0.309524"
"2056433973","2038213039","0.309524"
"2038213039","2184866600","0.22619"
"2184866600","2038213039","0.22619"
"2038213039","2205650283","1.14286"
"2205650283","2038213039","1.14286"
"2038213039","2482964603","0.22619"
"2482964603","2038213039","0.22619"
"2038213039","2546074126","0.22619"
"2546074126","2038213039","0.22619"
"2047989528","2184866600","0.233766"
"2184866600","2047989528","0.233766"
"2047989528","2482964603","0.233766"
"2482964603","2047989528","0.233766"
"2047989528","2546074126","0.233766"
"2546074126","2047989528","0.233766"
"2056433973","2184866600","0.142857"
"2184866600","2056433973","0.142857"
"2056433973","2482964603","0.142857"
"2482964603","2056433973","0.142857"
"2056433973","2546074126","0.142857"
"2546074126","2056433973","0.142857"
"2184866600","2205650283","0.233766"
"2205650283","2184866600","0.233766"
"2205650283","2482964603","0.233766"
"2482964603","2205650283","0.233766"
"2205650283","2546074126","0.233766"
"2546074126","2205650283","0.233766"
"1004129182","2134666219","1"
"2134666219","1004129182","1"
"1004129182","2160729204","0.0833333"
"2160729204","1004129182","0.0833333"
"1004129182","856543164","0.0833333"
"856543164","1004129182","0.0833333"
"1598045530","1998027746","0.0833333"
"1998027746","1598045530","0.0833333"
"1598045530","2005601127","0.0833333"
"2005601127","1598045530","0.0833333"
"1598045530","2038213039","0.0833333"
"2038213039","1598045530","0.0833333"
"1598045530","2057526313","2.41667"
"2057526313","1598045530","2.41667"
"1598045530","2160729204","0.333333"
"2160729204","1598045530","0.333333"
"1598045530","2184866600","0.283333"
"2184866600","1598045530","0.283333"
"1598045530","2482964603","0.283333"
"2482964603","1598045530","0.283333"
"1598045530","2546074126","0.283333"
"2546074126","1598045530","0.283333"
"1598045530","856543164","0.0833333"
"856543164","1598045530","0.0833333"
"171481251","2038213039","0.25"
"2038213039","171481251","0.25"
"171481251","2160729204","0.424242"
"2160729204","171481251","0.424242"
"171481251","2184866600","1.35043"
"2184866600","171481251","1.35043"
"171481251","2482964603","1.35043"
"2482964603","171481251","1.35043"
"171481251","2546074126","0.850433"
"2546074126","171481251","0.850433"
"171481251","856543164","0.3171"
"856543164","171481251","0.3171"
"1970672897","2038213039","1.08333"
"2038213039","1970672897","1.08333"
"1970672897","2160729204","0.0833333"
"2160729204","1970672897","0.0833333"
"1970672897","2184866600","0.0833333"
"2184866600","1970672897","0.0833333"
"1970672897","2482964603","0.0833333"
"2482964603","1970672897","0.0833333"
"1970672897","2546074126","0.0833333"
"2546074126","1970672897","0.0833333"
"1970672897","856543164","0.0833333"
"856543164","1970672897","0.0833333"
"1998027746","2038213039","1.45"
"2038213039","1998027746","1.45"
"1998027746","2160729204","0.374242"
"2160729204","1998027746","0.374242"
"1998027746","2184866600","0.3171"
"2184866600","1998027746","0.3171"
"1998027746","2482964603","0.3171"
"2482964603","1998027746","0.3171"
"1998027746","2546074126","0.3171"
"2546074126","1998027746","0.3171"
"1998027746","856543164","0.3171"
"856543164","1998027746","0.3171"
"2005601127","2038213039","0.45"
"2038213039","2005601127","0.45"
"2005601127","2160729204","0.374242"
"2160729204","2005601127","0.374242"
"2005601127","2184866600","0.3171"
"2184866600","2005601127","0.3171"
"2005601127","2482964603","0.3171"
"2482964603","2005601127","0.3171"
"2005601127","2546074126","0.3171"
"2546074126","2005601127","0.3171"
"2005601127","856543164","0.3171"
"856543164","2005601127","0.3171"
"2038213039","2057526313","0.283333"
"2057526313","2038213039","0.283333"
"2038213039","2160729204","0.283333"
"2160729204","2038213039","0.283333"
"2038213039","856543164","0.0833333"
"856543164","2038213039","0.0833333"
"2057526313","2160729204","0.374242"
"2160729204","2057526313","0.374242"
"2057526313","2184866600","0.174242"
"2184866600","2057526313","0.174242"
"2057526313","2482964603","0.174242"
"2482964603","2057526313","0.174242"
"2057526313","2546074126","0.174242"
"2546074126","2057526313","0.174242"
"2057526313","856543164","0.174242"
"856543164","2057526313","0.174242"
"2160729204","2184866600","0.424242"
"2184866600","2160729204","0.424242"
"2160729204","2482964603","0.424242"
"2482964603","2160729204","0.424242"
"2160729204","2546074126","0.424242"
"2546074126","2160729204","0.424242"
"2160729204","856543164","1.42424"
"856543164","2160729204","1.42424"
"2184866600","856543164","0.5671"
"856543164","2184866600","0.5671"
"2482964603","856543164","0.5671"
"856543164","2482964603","0.5671"
"2546074126","856543164","0.5671"
"856543164","2546074126","0.5671"
"1598045530","2047989528","1.4"
"2047989528","1598045530","1.4"
"1598045530","2056433973","1.4"
"2056433973","1598045530","1.4"
"133668674","2345634655","4.33333"
"2345634655","133668674","4.33333"
"133668674","2535731519","5.83333"
"2535731519","133668674","5.83333"
"2345634655","2535731519","4.33333"
"2535731519","2345634655","4.33333"
"133668674","2482964603","0.5"
"2482964603","133668674","0.5"
"2482964603","2535731519","0.5"
"2535731519","2482964603","0.5"
"133668674","2519216959","0.333333"
"2519216959","133668674","0.333333"
"2345634655","2519216959","1.33333"
"2519216959","2345634655","1.33333"
"2519216959","2535731519","0.333333"
"2535731519","2519216959","0.333333"
"133668674","2160729204","1"
"2160729204","133668674","1"
"1525421518","65915292","3"
"65915292","1525421518","3"
"1525421518","1584201186","1"
"1584201186","1525421518","1"
"1525738961","2546659839","7"
"2546659839","1525738961","7"
"1525738961","1998027746","0.5"
"1998027746","1525738961","0.5"
"1525738961","2005601127","0.5"
"2005601127","1525738961","0.5"
"1584201186","2151647569","1"
"2151647569","1584201186","1"
"1584201186","2034982409","1.5"
"2034982409","1584201186","1.5"
"1584201186","856543164","0.5"
"856543164","1584201186","0.5"
"2034982409","856543164","0.5"
"856543164","2034982409","0.5"
"1584201186","163180659","1"
"163180659","1584201186","1"
"1598045530","2205650283","0.333333"
"2205650283","1598045530","0.333333"
"1598045530","2134666219","0.2"
"2134666219","1598045530","0.2"
"171481251","2134666219","0.342857"
"2134666219","171481251","0.342857"
"2134666219","2184866600","0.342857"
"2184866600","2134666219","0.342857"
"2134666219","2482964603","0.342857"
"2482964603","2134666219","0.342857"
"2134666219","2546074126","0.342857"
"2546074126","2134666219","0.342857"
"2047989528","2160729204","0.340909"
"2160729204","2047989528","0.340909"
"2056433973","2160729204","0.25"
"2160729204","2056433973","0.25"
"163180659","2059448122","3"
"2059448122","163180659","3"
"171481251","2476518094","1"
"2476518094","171481251","1"
"171481251","2510050664","1"
"2510050664","171481251","1"
"171481251","2013970661","0.166667"
"2013970661","171481251","0.166667"
"2013970661","2038213039","0.166667"
"2038213039","2013970661","0.166667"
"2013970661","2056433973","0.166667"
"2056433973","2013970661","0.166667"
"1998027746","2134666219","0.142857"
"2134666219","1998027746","0.142857"
"2005601127","2134666219","0.142857"
"2134666219","2005601127","0.142857"
"2134666219","856543164","0.142857"
"856543164","2134666219","0.142857"
"171481251","2546659839","0.0909091"
"2546659839","171481251","0.0909091"
"1998027746","2546659839","0.0909091"
"2546659839","1998027746","0.0909091"
"2005601127","2546659839","0.0909091"
"2546659839","2005601127","0.0909091"
"2047989528","2546659839","0.0909091"
"2546659839","2047989528","0.0909091"
"2047989528","856543164","0.0909091"
"856543164","2047989528","0.0909091"
"2057526313","2546659839","0.0909091"
"2546659839","2057526313","0.0909091"
"2160729204","2205650283","0.0909091"
"2205650283","2160729204","0.0909091"
"2160729204","2546659839","0.0909091"
"2546659839","2160729204","0.0909091"
"2184866600","2546659839","0.0909091"
"2546659839","2184866600","0.0909091"
"2205650283","2546659839","0.0909091"
"2546659839","2205650283","0.0909091"
"2205650283","856543164","0.0909091"
"856543164","2205650283","0.0909091"
"2482964603","2546659839","0.0909091"
"2546659839","2482964603","0.0909091"
"2546074126","2546659839","0.0909091"
"2546659839","2546074126","0.0909091"
"2546659839","856543164","0.0909091"
"856543164","2546659839","0.0909091"
"1975124192","2034982409","1.25"
"2034982409","1975124192","1.25"
"1975124192","2184866600","0.25"
"2184866600","1975124192","0.25"
"1975124192","2482964603","0.25"
"2482964603","1975124192","0.25"
"1975124192","2546074126","0.25"
"2546074126","1975124192","0.25"
"2034982409","2184866600","0.25"
"2184866600","2034982409","0.25"
"2034982409","2482964603","0.25"
"2482964603","2034982409","0.25"
"2034982409","2546074126","0.25"
"2546074126","2034982409","0.25"
"1995588336","2034108503","5.83333"
"2034108503","1995588336","5.83333"
"1995588336","2069774545","6.83333"
"2069774545","1995588336","6.83333"
"2034108503","2069774545","5.83333"
"2069774545","2034108503","5.83333"
"1995588336","2055982695","0.333333"
"2055982695","1995588336","0.333333"
"2034108503","2055982695","0.333333"
"2055982695","2034108503","0.333333"
"2055982695","2069774545","0.333333"
"2069774545","2055982695","0.333333"
"1998027746","2069774545","0.2"
"2069774545","1998027746","0.2"
"2005601127","2069774545","0.2"
"2069774545","2005601127","0.2"
"2038213039","2069774545","0.2"
"2069774545","2038213039","0.2"
"2057526313","2069774545","0.2"
"2069774545","2057526313","0.2"
"2069774545","2160729204","0.2"
"2160729204","2069774545","0.2"
"2024092375","2034982409","0.5"
"2034982409","2024092375","0.5"
"2024092375","2519216959","0.5"
"2519216959","2024092375","0.5"
"2034982409","2519216959","0.5"
"2519216959","2034982409","0.5"
"2029007029","2137660846","3"
"2137660846","2029007029","3"
"2029007029","2084496466","4"
"2084496466","2029007029","4"
"2084496466","2137660846","5"
"2137660846","2084496466","5"
"2057526313","2134666219","0.5"
"2134666219","2057526313","0.5"
"2134666219","2205650283","0.5"
"2205650283","2134666219","0.5"
"2059448122","2119849636","5"
"2119849636","2059448122","5"
"2151647569","2160729204","1"
"2160729204","2151647569","1"
"2168074924","2478592461","1"
"2478592461","2168074924","1"
"2184866600","2535731519","1"
"2535731519","2184866600","1"
"2535731519","2546074126","1"
"2546074126","2535731519","1"
"2184866600","2270048970","0.333333"
"2270048970","2184866600","0.333333"
"2270048970","2482964603","0.333333"
"2482964603","2270048970","0.333333"
"2270048970","2546074126","0.333333"
"2546074126","2270048970","0.333333"
"2476518094","2524963455","1"
"2524963455","2476518094","1"
"2510050664","2524963455","2"
"2524963455","2510050664","2"
