"128343026","1981471876","13"
"1981471876","128343026","13"
"128343026","2041195257","0.25"
"2041195257","128343026","0.25"
"128343026","2294157280","0.25"
"2294157280","128343026","0.25"
"128343026","615131807","0.25"
"615131807","128343026","0.25"
"1981471876","2041195257","0.25"
"2041195257","1981471876","0.25"
"1981471876","2294157280","0.25"
"2294157280","1981471876","0.25"
"1981471876","615131807","0.25"
"615131807","1981471876","0.25"
"2041195257","2294157280","0.583333"
"2294157280","2041195257","0.583333"
"2041195257","615131807","0.583333"
"615131807","2041195257","0.583333"
"2294157280","615131807","2.5671"
"615131807","2294157280","2.5671"
"128343026","2016143606","0.25"
"2016143606","128343026","0.25"
"128343026","2116897550","0.25"
"2116897550","128343026","0.25"
"128343026","2121926377","0.25"
"2121926377","128343026","0.25"
"1981471876","2016143606","0.37549"
"2016143606","1981471876","0.37549"
"1981471876","2116897550","0.308824"
"2116897550","1981471876","0.308824"
"1981471876","2121926377","0.308824"
"2121926377","1981471876","0.308824"
"2016143606","2116897550","8.22464"
"2116897550","2016143606","8.22464"
"2016143606","2121926377","8.82464"
"2121926377","2016143606","8.82464"
"2116897550","2121926377","13.058"
"2121926377","2116897550","13.058"
"128343026","2117984332","0.5"
"2117984332","128343026","0.5"
"1981471876","2117984332","0.5"
"2117984332","1981471876","0.5"
"1439404883","1542309073","0.333333"
"1542309073","1439404883","0.333333"
"1439404883","197958514","0.333333"
"197958514","1439404883","0.333333"
"1439404883","2070301163","0.333333"
"2070301163","1439404883","0.333333"
"1542309073","197958514","0.666667"
"197958514","1542309073","0.666667"
"1542309073","2070301163","5.24167"
"2070301163","1542309073","5.24167"
"197958514","2070301163","0.916667"
"2070301163","197958514","0.916667"
"148439958","2021362805","0.22619"
"2021362805","148439958","0.22619"
"148439958","2099613071","0.285714"
"2099613071","148439958","0.285714"
"148439958","2107722712","6.7793"
"2107722712","148439958","6.7793"
"148439958","2108403445","0.22619"
"2108403445","148439958","0.22619"
"148439958","2146244799","1.42811"
"2146244799","148439958","1.42811"
"148439958","2149256534","0.142857"
"2149256534","148439958","0.142857"
"148439958","2294801015","0.22619"
"2294801015","148439958","0.22619"
"2021362805","2099613071","0.142857"
"2099613071","2021362805","0.142857"
"2021362805","2107722712","0.22619"
"2107722712","2021362805","0.22619"
"2021362805","2108403445","1.49762"
"2108403445","2021362805","1.49762"
"2021362805","2146244799","0.830952"
"2146244799","2021362805","0.830952"
"2021362805","2149256534","2.99762"
"2149256534","2021362805","2.99762"
"2021362805","2294801015","2.39048"
"2294801015","2021362805","2.39048"
"2099613071","2107722712","0.285714"
"2107722712","2099613071","0.285714"
"2099613071","2108403445","2.14286"
"2108403445","2099613071","2.14286"
"2099613071","2146244799","0.785714"
"2146244799","2099613071","0.785714"
"2099613071","2149256534","0.142857"
"2149256534","2099613071","0.142857"
"2099613071","2294801015","0.142857"
"2294801015","2099613071","0.142857"
"2107722712","2108403445","0.22619"
"2108403445","2107722712","0.22619"
"2107722712","2146244799","0.303114"
"2146244799","2107722712","0.303114"
"2107722712","2149256534","0.142857"
"2149256534","2107722712","0.142857"
"2107722712","2294801015","0.22619"
"2294801015","2107722712","0.22619"
"2108403445","2146244799","0.497619"
"2146244799","2108403445","0.497619"
"2108403445","2149256534","0.414286"
"2149256534","2108403445","0.414286"
"2108403445","2294801015","0.997619"
"2294801015","2108403445","0.997619"
"2146244799","2149256534","2.10873"
"2149256534","2146244799","2.10873"
"2146244799","2294801015","2.35873"
"2294801015","2146244799","2.35873"
"2149256534","2294801015","1.41429"
"2294801015","2149256534","1.41429"
"148439958","2016143606","0.0769231"
"2016143606","148439958","0.0769231"
"148439958","2112454243","0.303114"
"2112454243","148439958","0.303114"
"148439958","2115175416","1.34478"
"2115175416","148439958","1.34478"
"148439958","2116897550","0.410256"
"2116897550","148439958","0.410256"
"148439958","2121926377","4.17811"
"2121926377","148439958","4.17811"
"148439958","2128159601","0.201923"
"2128159601","148439958","0.201923"
"148439958","2141547891","0.21978"
"2141547891","148439958","0.21978"
"148439958","2172358039","0.21978"
"2172358039","148439958","0.21978"
"148439958","70331077","0.0769231"
"70331077","148439958","0.0769231"
"148439958","85978952","0.201923"
"85978952","148439958","0.201923"
"148439958","88813478","1.07692"
"88813478","148439958","1.07692"
"2016143606","2107722712","0.0769231"
"2107722712","2016143606","0.0769231"
"2016143606","2112454243","0.0769231"
"2112454243","2016143606","0.0769231"
"2016143606","2115175416","0.188034"
"2115175416","2016143606","0.188034"
"2016143606","2128159601","0.0769231"
"2128159601","2016143606","0.0769231"
"2016143606","2141547891","0.0769231"
"2141547891","2016143606","0.0769231"
"2016143606","2146244799","0.0769231"
"2146244799","2016143606","0.0769231"
"2016143606","2172358039","0.0769231"
"2172358039","2016143606","0.0769231"
"2016143606","70331077","0.679701"
"70331077","2016143606","0.679701"
"2016143606","85978952","0.0769231"
"85978952","2016143606","0.0769231"
"2016143606","88813478","0.252413"
"88813478","2016143606","0.252413"
"2107722712","2112454243","0.303114"
"2112454243","2107722712","0.303114"
"2107722712","2115175416","0.21978"
"2115175416","2107722712","0.21978"
"2107722712","2116897550","0.410256"
"2116897550","2107722712","0.410256"
"2107722712","2121926377","1.55311"
"2121926377","2107722712","1.55311"
"2107722712","2128159601","0.0769231"
"2128159601","2107722712","0.0769231"
"2107722712","2141547891","0.71978"
"2141547891","2107722712","0.71978"
"2107722712","2172358039","0.21978"
"2172358039","2107722712","0.21978"
"2107722712","70331077","0.0769231"
"70331077","2107722712","0.0769231"
"2107722712","85978952","0.0769231"
"85978952","2107722712","0.0769231"
"2107722712","88813478","0.0769231"
"88813478","2107722712","0.0769231"
"2112454243","2115175416","0.553114"
"2115175416","2112454243","0.553114"
"2112454243","2116897550","0.576923"
"2116897550","2112454243","0.576923"
"2112454243","2121926377","5.28645"
"2121926377","2112454243","5.28645"
"2112454243","2128159601","0.0769231"
"2128159601","2112454243","0.0769231"
"2112454243","2141547891","0.91978"
"2141547891","2112454243","0.91978"
"2112454243","2146244799","1.14359"
"2146244799","2112454243","1.14359"
"2112454243","2172358039","0.41978"
"2172358039","2112454243","0.41978"
"2112454243","70331077","1.31026"
"70331077","2112454243","1.31026"
"2112454243","85978952","0.0769231"
"85978952","2112454243","0.0769231"
"2112454243","88813478","0.326923"
"88813478","2112454243","0.326923"
"2115175416","2116897550","0.188034"
"2116897550","2115175416","0.188034"
"2115175416","2121926377","0.789225"
"2121926377","2115175416","0.789225"
"2115175416","2128159601","0.201923"
"2128159601","2115175416","0.201923"
"2115175416","2141547891","0.21978"
"2141547891","2115175416","0.21978"
"2115175416","2146244799","0.773352"
"2146244799","2115175416","0.773352"
"2115175416","2172358039","0.21978"
"2172358039","2115175416","0.21978"
"2115175416","70331077","1.14835"
"70331077","2115175416","1.14835"
"2115175416","85978952","0.201923"
"85978952","2115175416","0.201923"
"2115175416","88813478","0.0769231"
"88813478","2115175416","0.0769231"
"2116897550","2128159601","0.0769231"
"2128159601","2116897550","0.0769231"
"2116897550","2141547891","0.0769231"
"2141547891","2116897550","0.0769231"
"2116897550","2146244799","0.0769231"
"2146244799","2116897550","0.0769231"
"2116897550","2172358039","0.0769231"
"2172358039","2116897550","0.0769231"
"2116897550","70331077","0.613034"
"70331077","2116897550","0.613034"
"2116897550","85978952","0.0769231"
"85978952","2116897550","0.0769231"
"2116897550","88813478","0.185747"
"88813478","2116897550","0.185747"
"2121926377","2128159601","3.79637"
"2128159601","2121926377","3.79637"
"2121926377","2141547891","7.31978"
"2141547891","2121926377","7.31978"
"2121926377","2146244799","6.88922"
"2146244799","2121926377","6.88922"
"2121926377","2172358039","1.33645"
"2172358039","2121926377","1.33645"
"2121926377","70331077","7.20034"
"70331077","2121926377","7.20034"
"2121926377","85978952","0.622558"
"85978952","2121926377","0.622558"
"2121926377","88813478","13.1711"
"88813478","2121926377","13.1711"
"2128159601","2141547891","1.81026"
"2141547891","2128159601","1.81026"
"2128159601","2146244799","1.84081"
"2146244799","2128159601","1.84081"
"2128159601","2172358039","0.24359"
"2172358039","2128159601","0.24359"
"2128159601","70331077","2.61581"
"70331077","2128159601","2.61581"
"2128159601","85978952","0.313034"
"85978952","2128159601","0.313034"
"2128159601","88813478","0.438034"
"88813478","2128159601","0.438034"
"2141547891","2146244799","1.44359"
"2146244799","2141547891","1.44359"
"2141547891","2172358039","0.803114"
"2172358039","2141547891","0.803114"
"2141547891","70331077","1.84359"
"70331077","2141547891","1.84359"
"2141547891","85978952","0.0769231"
"85978952","2141547891","0.0769231"
"2141547891","88813478","0.0769231"
"88813478","2141547891","0.0769231"
"2146244799","2172358039","1.69359"
"2172358039","2146244799","1.69359"
"2146244799","70331077","22.5968"
"70331077","2146244799","22.5968"
"2146244799","85978952","4.12256"
"85978952","2146244799","4.12256"
"2146244799","88813478","1.13803"
"88813478","2146244799","1.13803"
"2172358039","70331077","2.36026"
"70331077","2172358039","2.36026"
"2172358039","85978952","0.24359"
"85978952","2172358039","0.24359"
"2172358039","88813478","0.410256"
"88813478","2172358039","0.410256"
"70331077","85978952","1.49756"
"85978952","70331077","1.49756"
"70331077","88813478","1.5047"
"88813478","70331077","1.5047"
"85978952","88813478","0.354701"
"88813478","85978952","0.354701"
"148439958","1921097329","0.5"
"1921097329","148439958","0.5"
"1921097329","2107722712","0.5"
"2107722712","1921097329","0.5"
"148439958","1498527206","0.0833333"
"1498527206","148439958","0.0833333"
"148439958","1518891319","0.0833333"
"1518891319","148439958","0.0833333"
"148439958","1557459109","0.0833333"
"1557459109","148439958","0.0833333"
"148439958","1831550022","0.0833333"
"1831550022","148439958","0.0833333"
"148439958","2116602342","0.0833333"
"2116602342","148439958","0.0833333"
"148439958","2157246115","0.0833333"
"2157246115","148439958","0.0833333"
"1498527206","1518891319","0.0833333"
"1518891319","1498527206","0.0833333"
"1498527206","1557459109","0.0833333"
"1557459109","1498527206","0.0833333"
"1498527206","1831550022","9.95952"
"1831550022","1498527206","9.95952"
"1498527206","2021362805","0.0833333"
"2021362805","1498527206","0.0833333"
"1498527206","2107722712","0.0833333"
"2107722712","1498527206","0.0833333"
"1498527206","2108403445","0.0833333"
"2108403445","1498527206","0.0833333"
"1498527206","2112454243","0.0833333"
"2112454243","1498527206","0.0833333"
"1498527206","2116602342","0.0833333"
"2116602342","1498527206","0.0833333"
"1498527206","2146244799","0.0833333"
"2146244799","1498527206","0.0833333"
"1498527206","2157246115","0.0833333"
"2157246115","1498527206","0.0833333"
"1498527206","2294801015","0.0833333"
"2294801015","1498527206","0.0833333"
"1518891319","1557459109","0.0833333"
"1557459109","1518891319","0.0833333"
"1518891319","1831550022","0.0833333"
"1831550022","1518891319","0.0833333"
"1518891319","2021362805","1.08333"
"2021362805","1518891319","1.08333"
"1518891319","2107722712","0.0833333"
"2107722712","1518891319","0.0833333"
"1518891319","2108403445","0.0833333"
"2108403445","1518891319","0.0833333"
"1518891319","2112454243","0.0833333"
"2112454243","1518891319","0.0833333"
"1518891319","2116602342","0.0833333"
"2116602342","1518891319","0.0833333"
"1518891319","2146244799","0.972222"
"2146244799","1518891319","0.972222"
"1518891319","2157246115","0.416667"
"2157246115","1518891319","0.416667"
"1518891319","2294801015","0.194444"
"2294801015","1518891319","0.194444"
"1557459109","1831550022","0.0833333"
"1831550022","1557459109","0.0833333"
"1557459109","2021362805","0.297619"
"2021362805","1557459109","0.297619"
"1557459109","2107722712","0.0833333"
"2107722712","1557459109","0.0833333"
"1557459109","2108403445","0.154762"
"2108403445","1557459109","0.154762"
"1557459109","2112454243","0.0833333"
"2112454243","1557459109","0.0833333"
"1557459109","2116602342","0.297619"
"2116602342","1557459109","0.297619"
"1557459109","2146244799","0.154762"
"2146244799","1557459109","0.154762"
"1557459109","2157246115","0.297619"
"2157246115","1557459109","0.297619"
"1557459109","2294801015","0.297619"
"2294801015","1557459109","0.297619"
"1831550022","2021362805","0.0833333"
"2021362805","1831550022","0.0833333"
"1831550022","2107722712","0.0833333"
"2107722712","1831550022","0.0833333"
"1831550022","2108403445","0.0833333"
"2108403445","1831550022","0.0833333"
"1831550022","2112454243","0.0833333"
"2112454243","1831550022","0.0833333"
"1831550022","2116602342","0.0833333"
"2116602342","1831550022","0.0833333"
"1831550022","2146244799","0.0833333"
"2146244799","1831550022","0.0833333"
"1831550022","2157246115","0.0833333"
"2157246115","1831550022","0.0833333"
"1831550022","2294801015","0.0833333"
"2294801015","1831550022","0.0833333"
"2021362805","2112454243","0.0833333"
"2112454243","2021362805","0.0833333"
"2021362805","2116602342","0.297619"
"2116602342","2021362805","0.297619"
"2021362805","2157246115","0.797619"
"2157246115","2021362805","0.797619"
"2107722712","2116602342","0.0833333"
"2116602342","2107722712","0.0833333"
"2107722712","2157246115","0.0833333"
"2157246115","2107722712","0.0833333"
"2108403445","2112454243","0.0833333"
"2112454243","2108403445","0.0833333"
"2108403445","2116602342","0.154762"
"2116602342","2108403445","0.154762"
"2108403445","2157246115","0.654762"
"2157246115","2108403445","0.654762"
"2112454243","2116602342","0.0833333"
"2116602342","2112454243","0.0833333"
"2112454243","2157246115","0.0833333"
"2157246115","2112454243","0.0833333"
"2112454243","2294801015","0.0833333"
"2294801015","2112454243","0.0833333"
"2116602342","2146244799","0.154762"
"2146244799","2116602342","0.154762"
"2116602342","2157246115","0.297619"
"2157246115","2116602342","0.297619"
"2116602342","2294801015","0.297619"
"2294801015","2116602342","0.297619"
"2146244799","2157246115","0.154762"
"2157246115","2146244799","0.154762"
"2157246115","2294801015","3.29762"
"2294801015","2157246115","3.29762"
"2099613071","2112454243","0.142857"
"2112454243","2099613071","0.142857"
"2099613071","2115175416","0.642857"
"2115175416","2099613071","0.642857"
"2099613071","2121926377","0.285714"
"2121926377","2099613071","0.285714"
"2099613071","2141547891","0.142857"
"2141547891","2099613071","0.142857"
"2099613071","2172358039","0.142857"
"2172358039","2099613071","0.142857"
"148439958","1490125130","0.125"
"1490125130","148439958","0.125"
"148439958","1818122591","0.125"
"1818122591","148439958","0.125"
"148439958","79367476","0.125"
"79367476","148439958","0.125"
"1490125130","1818122591","0.125"
"1818122591","1490125130","0.125"
"1490125130","2115175416","0.125"
"2115175416","1490125130","0.125"
"1490125130","2121926377","0.125"
"2121926377","1490125130","0.125"
"1490125130","2128159601","0.125"
"2128159601","1490125130","0.125"
"1490125130","2146244799","0.125"
"2146244799","1490125130","0.125"
"1490125130","79367476","0.125"
"79367476","1490125130","0.125"
"1490125130","85978952","0.125"
"85978952","1490125130","0.125"
"1818122591","2115175416","0.125"
"2115175416","1818122591","0.125"
"1818122591","2121926377","2.35833"
"2121926377","1818122591","2.35833"
"1818122591","2128159601","1.71944"
"2128159601","1818122591","1.71944"
"1818122591","2146244799","0.319444"
"2146244799","1818122591","0.319444"
"1818122591","79367476","6.88611"
"79367476","1818122591","6.88611"
"1818122591","85978952","0.125"
"85978952","1818122591","0.125"
"2115175416","79367476","0.125"
"79367476","2115175416","0.125"
"2121926377","79367476","1.64167"
"79367476","2121926377","1.64167"
"2128159601","79367476","1.38611"
"79367476","2128159601","1.38611"
"2146244799","79367476","0.769444"
"79367476","2146244799","0.769444"
"79367476","85978952","0.125"
"85978952","79367476","0.125"
"1498527206","2116897550","0.833333"
"2116897550","1498527206","0.833333"
"1498527206","2468633133","0.833333"
"2468633133","1498527206","0.833333"
"1831550022","2116897550","0.5"
"2116897550","1831550022","0.5"
"1831550022","2468633133","0.833333"
"2468633133","1831550022","0.833333"
"2116897550","2468633133","0.833333"
"2468633133","2116897550","0.833333"
"1498527206","2161954933","0.333333"
"2161954933","1498527206","0.333333"
"1498527206","2266989134","0.333333"
"2266989134","1498527206","0.333333"
"2116897550","2161954933","0.458333"
"2161954933","2116897550","0.458333"
"2116897550","2266989134","0.333333"
"2266989134","2116897550","0.333333"
"2161954933","2266989134","0.333333"
"2266989134","2161954933","0.333333"
"1498527206","2121926377","0.5"
"2121926377","1498527206","0.5"
"1498527206","88813478","0.4"
"88813478","1498527206","0.4"
"1831550022","2121926377","0.5"
"2121926377","1831550022","0.5"
"1831550022","88813478","0.4"
"88813478","1831550022","0.4"
"1498527206","2016143606","0.233333"
"2016143606","1498527206","0.233333"
"1498527206","2147055376","0.233333"
"2147055376","1498527206","0.233333"
"1498527206","2589889346","0.233333"
"2589889346","1498527206","0.233333"
"1831550022","2016143606","0.233333"
"2016143606","1831550022","0.233333"
"1831550022","2147055376","0.233333"
"2147055376","1831550022","0.233333"
"1831550022","2589889346","0.233333"
"2589889346","1831550022","0.233333"
"2016143606","2147055376","1.66993"
"2147055376","2016143606","1.66993"
"2016143606","2589889346","1.66993"
"2589889346","2016143606","1.66993"
"2116897550","2147055376","1.50327"
"2147055376","2116897550","1.50327"
"2116897550","2589889346","1.50327"
"2589889346","2116897550","1.50327"
"2121926377","2147055376","2.10327"
"2147055376","2121926377","2.10327"
"2121926377","2589889346","2.10327"
"2589889346","2121926377","2.10327"
"2147055376","2589889346","15.0489"
"2589889346","2147055376","15.0489"
"1498527206","153059861","0.333333"
"153059861","1498527206","0.333333"
"1498527206","2046378201","0.333333"
"2046378201","1498527206","0.333333"
"153059861","1831550022","0.333333"
"1831550022","153059861","0.333333"
"153059861","2046378201","20.8333"
"2046378201","153059861","20.8333"
"1831550022","2046378201","0.333333"
"2046378201","1831550022","0.333333"
"1498527206","1921097329","0.5"
"1921097329","1498527206","0.5"
"1831550022","1921097329","0.5"
"1921097329","1831550022","0.5"
"1498527206","1526287674","0.0666667"
"1526287674","1498527206","0.0666667"
"1498527206","1981471876","0.0666667"
"1981471876","1498527206","0.0666667"
"1498527206","2035673685","0.566667"
"2035673685","1498527206","0.566667"
"1498527206","2150106930","0.0666667"
"2150106930","1498527206","0.0666667"
"1498527206","2155455673","0.0666667"
"2155455673","1498527206","0.0666667"
"1498527206","2157791064","0.0666667"
"2157791064","1498527206","0.0666667"
"1498527206","2160015516","0.0666667"
"2160015516","1498527206","0.0666667"
"1498527206","32318779","0.0666667"
"32318779","1498527206","0.0666667"
"1498527206","60590025","0.0666667"
"60590025","1498527206","0.0666667"
"1498527206","70331077","0.0666667"
"70331077","1498527206","0.0666667"
"1526287674","1831550022","0.0666667"
"1831550022","1526287674","0.0666667"
"1526287674","1981471876","0.12549"
"1981471876","1526287674","0.12549"
"1526287674","2016143606","0.27549"
"2016143606","1526287674","0.27549"
"1526287674","2035673685","0.216667"
"2035673685","1526287674","0.216667"
"1526287674","2147055376","0.27549"
"2147055376","1526287674","0.27549"
"1526287674","2150106930","0.0666667"
"2150106930","1526287674","0.0666667"
"1526287674","2155455673","0.17549"
"2155455673","1526287674","0.17549"
"1526287674","2157791064","0.22549"
"2157791064","1526287674","0.22549"
"1526287674","2160015516","0.27549"
"2160015516","1526287674","0.27549"
"1526287674","2589889346","0.27549"
"2589889346","1526287674","0.27549"
"1526287674","32318779","0.558824"
"32318779","1526287674","0.558824"
"1526287674","60590025","1.50882"
"60590025","1526287674","1.50882"
"1526287674","70331077","0.116667"
"70331077","1526287674","0.116667"
"1526287674","88813478","0.17549"
"88813478","1526287674","0.17549"
"1831550022","1981471876","0.0666667"
"1981471876","1831550022","0.0666667"
"1831550022","2035673685","0.566667"
"2035673685","1831550022","0.566667"
"1831550022","2150106930","0.0666667"
"2150106930","1831550022","0.0666667"
"1831550022","2155455673","0.0666667"
"2155455673","1831550022","0.0666667"
"1831550022","2157791064","0.0666667"
"2157791064","1831550022","0.0666667"
"1831550022","2160015516","0.0666667"
"2160015516","1831550022","0.0666667"
"1831550022","32318779","0.0666667"
"32318779","1831550022","0.0666667"
"1831550022","60590025","0.0666667"
"60590025","1831550022","0.0666667"
"1831550022","70331077","0.0666667"
"70331077","1831550022","0.0666667"
"1981471876","2035673685","0.0666667"
"2035673685","1981471876","0.0666667"
"1981471876","2147055376","0.12549"
"2147055376","1981471876","0.12549"
"1981471876","2150106930","0.0666667"
"2150106930","1981471876","0.0666667"
"1981471876","2155455673","0.12549"
"2155455673","1981471876","0.12549"
"1981471876","2157791064","0.12549"
"2157791064","1981471876","0.12549"
"1981471876","2160015516","0.12549"
"2160015516","1981471876","0.12549"
"1981471876","2589889346","0.12549"
"2589889346","1981471876","0.12549"
"1981471876","32318779","0.12549"
"32318779","1981471876","0.12549"
"1981471876","60590025","0.12549"
"60590025","1981471876","0.12549"
"1981471876","70331077","0.0666667"
"70331077","1981471876","0.0666667"
"1981471876","88813478","0.12549"
"88813478","1981471876","0.12549"
"2016143606","2035673685","0.791667"
"2035673685","2016143606","0.791667"
"2016143606","2150106930","0.0666667"
"2150106930","2016143606","0.0666667"
"2016143606","2155455673","0.30049"
"2155455673","2016143606","0.30049"
"2016143606","2157791064","0.661601"
"2157791064","2016143606","0.661601"
"2016143606","2160015516","0.803268"
"2160015516","2016143606","0.803268"
"2016143606","32318779","0.536601"
"32318779","2016143606","0.536601"
"2016143606","60590025","0.17549"
"60590025","2016143606","0.17549"
"2035673685","2147055376","0.341667"
"2147055376","2035673685","0.341667"
"2035673685","2150106930","1.06667"
"2150106930","2035673685","1.06667"
"2035673685","2155455673","0.241667"
"2155455673","2035673685","0.241667"
"2035673685","2157791064","0.366667"
"2157791064","2035673685","0.366667"
"2035673685","2160015516","0.341667"
"2160015516","2035673685","0.341667"
"2035673685","2589889346","0.341667"
"2589889346","2035673685","0.341667"
"2035673685","32318779","0.366667"
"32318779","2035673685","0.366667"
"2035673685","60590025","0.116667"
"60590025","2035673685","0.116667"
"2035673685","70331077","0.733333"
"70331077","2035673685","0.733333"
"2035673685","88813478","0.283333"
"88813478","2035673685","0.283333"
"2147055376","2150106930","0.0666667"
"2150106930","2147055376","0.0666667"
"2147055376","2155455673","0.703268"
"2155455673","2147055376","0.703268"
"2147055376","2157791064","0.461601"
"2157791064","2147055376","0.461601"
"2147055376","2160015516","4.01557"
"2160015516","2147055376","4.01557"
"2147055376","32318779","0.586601"
"32318779","2147055376","0.586601"
"2147055376","60590025","0.17549"
"60590025","2147055376","0.17549"
"2147055376","70331077","1.08889"
"70331077","2147055376","1.08889"
"2147055376","88813478","0.17549"
"88813478","2147055376","0.17549"
"2150106930","2155455673","0.0666667"
"2155455673","2150106930","0.0666667"
"2150106930","2157791064","0.0666667"
"2157791064","2150106930","0.0666667"
"2150106930","2160015516","0.0666667"
"2160015516","2150106930","0.0666667"
"2150106930","2589889346","0.0666667"
"2589889346","2150106930","0.0666667"
"2150106930","32318779","0.0666667"
"32318779","2150106930","0.0666667"
"2150106930","60590025","0.0666667"
"60590025","2150106930","0.0666667"
"2150106930","70331077","0.4"
"70331077","2150106930","0.4"
"2150106930","88813478","0.0666667"
"88813478","2150106930","0.0666667"
"2155455673","2157791064","0.12549"
"2157791064","2155455673","0.12549"
"2155455673","2160015516","1.20327"
"2160015516","2155455673","1.20327"
"2155455673","2589889346","0.703268"
"2589889346","2155455673","0.703268"
"2155455673","32318779","0.12549"
"32318779","2155455673","0.12549"
"2155455673","60590025","0.17549"
"60590025","2155455673","0.17549"
"2155455673","70331077","0.424206"
"70331077","2155455673","0.424206"
"2155455673","88813478","0.17549"
"88813478","2155455673","0.17549"
"2157791064","2160015516","0.461601"
"2160015516","2157791064","0.461601"
"2157791064","2589889346","0.461601"
"2589889346","2157791064","0.461601"
"2157791064","32318779","6.0366"
"32318779","2157791064","6.0366"
"2157791064","60590025","0.12549"
"60590025","2157791064","0.12549"
"2157791064","70331077","0.302778"
"70331077","2157791064","0.302778"
"2157791064","88813478","0.12549"
"88813478","2157791064","0.12549"
"2160015516","2589889346","4.01557"
"2589889346","2160015516","4.01557"
"2160015516","32318779","0.336601"
"32318779","2160015516","0.336601"
"2160015516","60590025","0.17549"
"60590025","2160015516","0.17549"
"2160015516","70331077","0.838889"
"70331077","2160015516","0.838889"
"2160015516","88813478","0.17549"
"88813478","2160015516","0.17549"
"2589889346","32318779","0.586601"
"32318779","2589889346","0.586601"
"2589889346","60590025","0.42549"
"60590025","2589889346","0.42549"
"2589889346","70331077","1.08889"
"70331077","2589889346","1.08889"
"2589889346","88813478","0.17549"
"88813478","2589889346","0.17549"
"32318779","60590025","0.458824"
"60590025","32318779","0.458824"
"32318779","70331077","0.427778"
"70331077","32318779","0.427778"
"32318779","88813478","0.12549"
"88813478","32318779","0.12549"
"60590025","70331077","0.116667"
"70331077","60590025","0.116667"
"60590025","88813478","0.42549"
"88813478","60590025","0.42549"
"1498527206","1607519173","0.142857"
"1607519173","1498527206","0.142857"
"1498527206","1974303722","0.142857"
"1974303722","1498527206","0.142857"
"1498527206","2099817583","0.142857"
"2099817583","1498527206","0.142857"
"1498527206","2150228605","0.142857"
"2150228605","1498527206","0.142857"
"1498527206","2151993488","0.142857"
"2151993488","1498527206","0.142857"
"1498527206","2187366271","0.142857"
"2187366271","1498527206","0.142857"
"1607519173","1831550022","0.142857"
"1831550022","1607519173","0.142857"
"1607519173","1974303722","2.43175"
"1974303722","1607519173","2.43175"
"1607519173","2099817583","1.12063"
"2099817583","1607519173","1.12063"
"1607519173","2150228605","0.420635"
"2150228605","1607519173","0.420635"
"1607519173","2151993488","2.1218"
"2151993488","1607519173","2.1218"
"1607519173","2187366271","1.62063"
"2187366271","1607519173","1.62063"
"1831550022","1974303722","0.142857"
"1974303722","1831550022","0.142857"
"1831550022","2099817583","0.142857"
"2099817583","1831550022","0.142857"
"1831550022","2150228605","0.142857"
"2150228605","1831550022","0.142857"
"1831550022","2151993488","0.142857"
"2151993488","1831550022","0.142857"
"1831550022","2187366271","0.142857"
"2187366271","1831550022","0.142857"
"1974303722","2099817583","1.99563"
"2099817583","1974303722","1.99563"
"1974303722","2150228605","0.670635"
"2150228605","1974303722","0.670635"
"1974303722","2151993488","1.19563"
"2151993488","1974303722","1.19563"
"1974303722","2187366271","1.5373"
"2187366271","1974303722","1.5373"
"2099817583","2150228605","1.04563"
"2150228605","2099817583","1.04563"
"2099817583","2151993488","1.99563"
"2151993488","2099817583","1.99563"
"2099817583","2187366271","3.9873"
"2187366271","2099817583","3.9873"
"2150228605","2151993488","0.253968"
"2151993488","2150228605","0.253968"
"2150228605","2187366271","1.00397"
"2187366271","2150228605","1.00397"
"2151993488","2187366271","0.453968"
"2187366271","2151993488","0.453968"
"1518891319","2091483861","0.111111"
"2091483861","1518891319","0.111111"
"1518891319","2121926377","1.69444"
"2121926377","1518891319","1.69444"
"1518891319","2128159601","0.888889"
"2128159601","1518891319","0.888889"
"1518891319","2131431269","0.722222"
"2131431269","1518891319","0.722222"
"1518891319","2149256534","0.111111"
"2149256534","1518891319","0.111111"
"1518891319","70331077","0.555556"
"70331077","1518891319","0.555556"
"1518891319","85978952","0.111111"
"85978952","1518891319","0.111111"
"1518891319","88813478","0.361111"
"88813478","1518891319","0.361111"
"2091483861","2121926377","0.861111"
"2121926377","2091483861","0.861111"
"2091483861","2128159601","0.194444"
"2128159601","2091483861","0.194444"
"2091483861","2131431269","0.111111"
"2131431269","2091483861","0.111111"
"2091483861","2146244799","2.86111"
"2146244799","2091483861","2.86111"
"2091483861","2149256534","0.361111"
"2149256534","2091483861","0.361111"
"2091483861","70331077","4.77778"
"70331077","2091483861","4.77778"
"2091483861","85978952","12.902"
"85978952","2091483861","12.902"
"2091483861","88813478","0.361111"
"88813478","2091483861","0.361111"
"2121926377","2131431269","0.311111"
"2131431269","2121926377","0.311111"
"2121926377","2149256534","0.694444"
"2149256534","2121926377","0.694444"
"2128159601","2131431269","0.222222"
"2131431269","2128159601","0.222222"
"2128159601","2149256534","0.194444"
"2149256534","2128159601","0.194444"
"2131431269","2146244799","2.42222"
"2146244799","2131431269","2.42222"
"2131431269","2149256534","0.111111"
"2149256534","2131431269","0.111111"
"2131431269","70331077","1.92222"
"70331077","2131431269","1.92222"
"2131431269","85978952","0.111111"
"85978952","2131431269","0.111111"
"2131431269","88813478","0.311111"
"88813478","2131431269","0.311111"
"2149256534","70331077","1.13254"
"70331077","2149256534","1.13254"
"2149256534","85978952","0.111111"
"85978952","2149256534","0.111111"
"2149256534","88813478","0.194444"
"88813478","2149256534","0.194444"
"1518891319","2157010176","0.583333"
"2157010176","1518891319","0.583333"
"1518891319","79367476","0.444444"
"79367476","1518891319","0.444444"
"2121926377","2157010176","4.41667"
"2157010176","2121926377","4.41667"
"2157010176","79367476","0.333333"
"79367476","2157010176","0.333333"
"1518891319","1818122591","0.944444"
"1818122591","1518891319","0.944444"
"1518891319","1971516453","0.111111"
"1971516453","1518891319","0.111111"
"1518891319","2066364438","0.111111"
"2066364438","1518891319","0.111111"
"1818122591","1971516453","0.277778"
"1971516453","1818122591","0.277778"
"1818122591","2066364438","0.111111"
"2066364438","1818122591","0.111111"
"1818122591","2131431269","0.611111"
"2131431269","1818122591","0.611111"
"1818122591","2294801015","0.111111"
"2294801015","1818122591","0.111111"
"1818122591","70331077","4.01111"
"70331077","1818122591","4.01111"
"1971516453","2066364438","0.111111"
"2066364438","1971516453","0.111111"
"1971516453","2128159601","0.111111"
"2128159601","1971516453","0.111111"
"1971516453","2131431269","0.111111"
"2131431269","1971516453","0.111111"
"1971516453","2146244799","1.11111"
"2146244799","1971516453","1.11111"
"1971516453","2294801015","0.111111"
"2294801015","1971516453","0.111111"
"1971516453","70331077","0.277778"
"70331077","1971516453","0.277778"
"1971516453","79367476","0.111111"
"79367476","1971516453","0.111111"
"2066364438","2128159601","0.111111"
"2128159601","2066364438","0.111111"
"2066364438","2131431269","0.111111"
"2131431269","2066364438","0.111111"
"2066364438","2146244799","0.111111"
"2146244799","2066364438","0.111111"
"2066364438","2294801015","0.111111"
"2294801015","2066364438","0.111111"
"2066364438","70331077","0.111111"
"70331077","2066364438","0.111111"
"2066364438","79367476","0.111111"
"79367476","2066364438","0.111111"
"2128159601","2294801015","0.111111"
"2294801015","2128159601","0.111111"
"2131431269","2294801015","0.111111"
"2294801015","2131431269","0.111111"
"2131431269","79367476","0.311111"
"79367476","2131431269","0.311111"
"2294801015","70331077","1.13254"
"70331077","2294801015","1.13254"
"2294801015","79367476","0.111111"
"79367476","2294801015","0.111111"
"70331077","79367476","1.29444"
"79367476","70331077","1.29444"
"1518891319","60590025","0.25"
"60590025","1518891319","0.25"
"2121926377","60590025","0.692157"
"60590025","2121926377","0.692157"
"2157010176","60590025","0.25"
"60590025","2157010176","0.25"
"2157010176","88813478","0.25"
"88813478","2157010176","0.25"
"1518891319","1987869670","0.333333"
"1987869670","1518891319","0.333333"
"1987869670","2128159601","0.333333"
"2128159601","1987869670","0.333333"
"1987869670","2146244799","0.333333"
"2146244799","1987869670","0.333333"
"1518891319","80777739","0.333333"
"80777739","1518891319","0.333333"
"1818122591","2157246115","0.333333"
"2157246115","1818122591","0.333333"
"1818122591","80777739","0.583333"
"80777739","1818122591","0.583333"
"2157246115","80777739","0.333333"
"80777739","2157246115","0.333333"
"1522249641","2294801015","1.46429"
"2294801015","1522249641","1.46429"
"1522249641","2149256534","1.07143"
"2149256534","1522249641","1.07143"
"1522249641","1557459109","0.214286"
"1557459109","1522249641","0.214286"
"1522249641","1940397557","0.0714286"
"1940397557","1522249641","0.0714286"
"1522249641","2021362805","1.46429"
"2021362805","1522249641","1.46429"
"1522249641","2108403445","0.0714286"
"2108403445","1522249641","0.0714286"
"1522249641","2115175416","0.0714286"
"2115175416","1522249641","0.0714286"
"1522249641","2116602342","0.214286"
"2116602342","1522249641","0.214286"
"1522249641","2146244799","0.321429"
"2146244799","1522249641","0.321429"
"1522249641","2155455673","0.0714286"
"2155455673","1522249641","0.0714286"
"1522249641","2157078218","0.0714286"
"2157078218","1522249641","0.0714286"
"1522249641","2157246115","0.214286"
"2157246115","1522249641","0.214286"
"1522249641","2165491783","0.0714286"
"2165491783","1522249641","0.0714286"
"1522249641","70331077","0.321429"
"70331077","1522249641","0.321429"
"1557459109","1940397557","1.92063"
"1940397557","1557459109","1.92063"
"1557459109","2115175416","0.0714286"
"2115175416","1557459109","0.0714286"
"1557459109","2149256534","0.0714286"
"2149256534","1557459109","0.0714286"
"1557459109","2155455673","0.678211"
"2155455673","1557459109","0.678211"
"1557459109","2157078218","0.0714286"
"2157078218","1557459109","0.0714286"
"1557459109","2165491783","2.06349"
"2165491783","1557459109","2.06349"
"1557459109","70331077","0.0714286"
"70331077","1557459109","0.0714286"
"1940397557","2021362805","0.0714286"
"2021362805","1940397557","0.0714286"
"1940397557","2108403445","0.739261"
"2108403445","1940397557","0.739261"
"1940397557","2115175416","0.0714286"
"2115175416","1940397557","0.0714286"
"1940397557","2116602342","0.0714286"
"2116602342","1940397557","0.0714286"
"1940397557","2146244799","0.414286"
"2146244799","1940397557","0.414286"
"1940397557","2149256534","0.0714286"
"2149256534","1940397557","0.0714286"
"1940397557","2155455673","0.253968"
"2155455673","1940397557","0.253968"
"1940397557","2157078218","0.0714286"
"2157078218","1940397557","0.0714286"
"1940397557","2157246115","0.0714286"
"2157246115","1940397557","0.0714286"
"1940397557","2165491783","1.67821"
"2165491783","1940397557","1.67821"
"1940397557","2294801015","0.0714286"
"2294801015","1940397557","0.0714286"
"1940397557","70331077","0.414286"
"70331077","1940397557","0.414286"
"2021362805","2115175416","0.0714286"
"2115175416","2021362805","0.0714286"
"2021362805","2155455673","0.0714286"
"2155455673","2021362805","0.0714286"
"2021362805","2157078218","0.0714286"
"2157078218","2021362805","0.0714286"
"2021362805","2165491783","0.0714286"
"2165491783","2021362805","0.0714286"
"2021362805","70331077","1.10476"
"70331077","2021362805","1.10476"
"2108403445","2115175416","0.238095"
"2115175416","2108403445","0.238095"
"2108403445","2155455673","0.0714286"
"2155455673","2108403445","0.0714286"
"2108403445","2157078218","0.0714286"
"2157078218","2108403445","0.0714286"
"2108403445","2165491783","0.162338"
"2165491783","2108403445","0.162338"
"2108403445","70331077","0.271429"
"70331077","2108403445","0.271429"
"2115175416","2116602342","0.0714286"
"2116602342","2115175416","0.0714286"
"2115175416","2149256534","0.0714286"
"2149256534","2115175416","0.0714286"
"2115175416","2155455673","0.0714286"
"2155455673","2115175416","0.0714286"
"2115175416","2157078218","0.0714286"
"2157078218","2115175416","0.0714286"
"2115175416","2157246115","0.0714286"
"2157246115","2115175416","0.0714286"
"2115175416","2165491783","0.0714286"
"2165491783","2115175416","0.0714286"
"2115175416","2294801015","0.0714286"
"2294801015","2115175416","0.0714286"
"2116602342","2149256534","0.0714286"
"2149256534","2116602342","0.0714286"
"2116602342","2155455673","0.0714286"
"2155455673","2116602342","0.0714286"
"2116602342","2157078218","3.07143"
"2157078218","2116602342","3.07143"
"2116602342","2165491783","0.0714286"
"2165491783","2116602342","0.0714286"
"2116602342","70331077","0.0714286"
"70331077","2116602342","0.0714286"
"2146244799","2155455673","0.0714286"
"2155455673","2146244799","0.0714286"
"2146244799","2157078218","0.0714286"
"2157078218","2146244799","0.0714286"
"2146244799","2165491783","0.0714286"
"2165491783","2146244799","0.0714286"
"2149256534","2155455673","0.0714286"
"2155455673","2149256534","0.0714286"
"2149256534","2157078218","0.0714286"
"2157078218","2149256534","0.0714286"
"2149256534","2157246115","0.0714286"
"2157246115","2149256534","0.0714286"
"2149256534","2165491783","0.0714286"
"2165491783","2149256534","0.0714286"
"2155455673","2157078218","0.0714286"
"2157078218","2155455673","0.0714286"
"2155455673","2157246115","0.0714286"
"2157246115","2155455673","0.0714286"
"2155455673","2165491783","0.521825"
"2165491783","2155455673","0.521825"
"2155455673","2294801015","0.0714286"
"2294801015","2155455673","0.0714286"
"2157078218","2157246115","0.0714286"
"2157246115","2157078218","0.0714286"
"2157078218","2165491783","0.0714286"
"2165491783","2157078218","0.0714286"
"2157078218","2294801015","0.0714286"
"2294801015","2157078218","0.0714286"
"2157078218","70331077","0.0714286"
"70331077","2157078218","0.0714286"
"2157246115","2165491783","0.0714286"
"2165491783","2157246115","0.0714286"
"2157246115","70331077","0.404762"
"70331077","2157246115","0.404762"
"2165491783","2294801015","0.0714286"
"2294801015","2165491783","0.0714286"
"2165491783","70331077","0.0714286"
"70331077","2165491783","0.0714286"
"1522249641","1748529420","0.142857"
"1748529420","1522249641","0.142857"
"1522249641","1989175448","0.142857"
"1989175448","1522249641","0.142857"
"1557459109","1748529420","0.749639"
"1748529420","1557459109","0.749639"
"1557459109","1989175448","0.65873"
"1989175448","1557459109","0.65873"
"1748529420","1989175448","5.39795"
"1989175448","1748529420","5.39795"
"1748529420","2021362805","0.142857"
"2021362805","1748529420","0.142857"
"1748529420","2116602342","0.142857"
"2116602342","1748529420","0.142857"
"1748529420","2157246115","0.142857"
"2157246115","1748529420","0.142857"
"1748529420","2294801015","0.142857"
"2294801015","1748529420","0.142857"
"1989175448","2021362805","1.14286"
"2021362805","1989175448","1.14286"
"1989175448","2116602342","0.142857"
"2116602342","1989175448","0.142857"
"1989175448","2157246115","0.142857"
"2157246115","1989175448","0.142857"
"1989175448","2294801015","0.142857"
"2294801015","1989175448","0.142857"
"1522249641","1818122591","0.5"
"1818122591","1522249641","0.5"
"1522249641","79367476","0.5"
"79367476","1522249641","0.5"
"1526287674","1975077087","0.108824"
"1975077087","1526287674","0.108824"
"1526287674","2070301163","0.108824"
"2070301163","1526287674","0.108824"
"1526287674","2116897550","0.108824"
