"1483958011","1586483415","1.60321"
"1586483415","1483958011","1.60321"
"1483958011","1590497401","3.19369"
"1590497401","1483958011","3.19369"
"1483958011","1972786816","2.01988"
"1972786816","1483958011","2.01988"
"1483958011","1979667920","0.0909091"
"1979667920","1483958011","0.0909091"
"1483958011","2028914478","0.0909091"
"2028914478","1483958011","0.0909091"
"1483958011","2031389367","0.0909091"
"2031389367","1483958011","0.0909091"
"1483958011","2048985559","0.4421"
"2048985559","1483958011","0.4421"
"1483958011","2061171949","0.0909091"
"2061171949","1483958011","0.0909091"
"1483958011","2080234450","2.71988"
"2080234450","1483958011","2.71988"
"1483958011","2137047086","1.89091"
"2137047086","1483958011","1.89091"
"1483958011","2147915798","0.357576"
"2147915798","1483958011","0.357576"
"1586483415","1590497401","1.68728"
"1590497401","1586483415","1.68728"
"1586483415","1972786816","2.55513"
"1972786816","1586483415","2.55513"
"1586483415","1979667920","0.281385"
"1979667920","1586483415","0.281385"
"1586483415","2028914478","0.281385"
"2028914478","1586483415","0.281385"
"1586483415","2031389367","0.138528"
"2031389367","1586483415","0.138528"
"1586483415","2048985559","0.507576"
"2048985559","1586483415","0.507576"
"1586483415","2061171949","0.233766"
"2061171949","1586483415","0.233766"
"1586483415","2080234450","2.50513"
"2080234450","1586483415","2.50513"
"1586483415","2137047086","1.00639"
"2137047086","1586483415","1.00639"
"1586483415","2147915798","0.205195"
"2147915798","1586483415","0.205195"
"1590497401","1972786816","5.9515"
"1972786816","1590497401","5.9515"
"1590497401","1979667920","0.414719"
"1979667920","1590497401","0.414719"
"1590497401","2028914478","0.536086"
"2028914478","1590497401","0.536086"
"1590497401","2031389367","0.205195"
"2031389367","1590497401","0.205195"
"1590497401","2048985559","1.22775"
"2048985559","1590497401","1.22775"
"1590497401","2061171949","0.233766"
"2061171949","1590497401","0.233766"
"1590497401","2080234450","10.6515"
"2080234450","1590497401","10.6515"
"1590497401","2137047086","0.657576"
"2137047086","1590497401","0.657576"
"1590497401","2147915798","0.271861"
"2147915798","1590497401","0.271861"
"1972786816","1979667920","0.414719"
"1979667920","1972786816","0.414719"
"1972786816","2028914478","0.536086"
"2028914478","1972786816","0.536086"
"1972786816","2031389367","0.205195"
"2031389367","1972786816","0.205195"
"1972786816","2048985559","1.37061"
"2048985559","1972786816","1.37061"
"1972786816","2061171949","0.233766"
"2061171949","1972786816","0.233766"
"1972786816","2080234450","13.6194"
"2080234450","1972786816","13.6194"
"1972786816","2137047086","2.08258"
"2137047086","1972786816","2.08258"
"1972786816","2147915798","1.67186"
"2147915798","1972786816","1.67186"
"1979667920","2028914478","8.91035"
"2028914478","1979667920","8.91035"
"1979667920","2031389367","2.67305"
"2031389367","1979667920","2.67305"
"1979667920","2048985559","1.47583"
"2048985559","1979667920","1.47583"
"1979667920","2061171949","0.233766"
"2061171949","1979667920","0.233766"
"1979667920","2080234450","0.614719"
"2080234450","1979667920","0.614719"
"1979667920","2137047086","0.205195"
"2137047086","1979667920","0.205195"
"1979667920","2147915798","0.205195"
"2147915798","1979667920","0.205195"
"2028914478","2031389367","2.33972"
"2031389367","2028914478","2.33972"
"2028914478","2048985559","1.0972"
"2048985559","2028914478","1.0972"
"2028914478","2061171949","0.233766"
"2061171949","2028914478","0.233766"
"2028914478","2080234450","0.736086"
"2080234450","2028914478","0.736086"
"2028914478","2137047086","0.138528"
"2137047086","2028914478","0.138528"
"2028914478","2147915798","0.138528"
"2147915798","2028914478","0.138528"
"2031389367","2048985559","0.205195"
"2048985559","2031389367","0.205195"
"2031389367","2061171949","0.0909091"
"2061171949","2031389367","0.0909091"
"2031389367","2080234450","0.405195"
"2080234450","2031389367","0.405195"
"2031389367","2137047086","0.138528"
"2137047086","2031389367","0.138528"
"2031389367","2147915798","0.138528"
"2147915798","2031389367","0.138528"
"2048985559","2061171949","0.233766"
"2061171949","2048985559","0.233766"
"2048985559","2080234450","1.57061"
"2080234450","2048985559","1.57061"
"2048985559","2137047086","0.205195"
"2137047086","2048985559","0.205195"
"2048985559","2147915798","0.205195"
"2147915798","2048985559","0.205195"
"2061171949","2080234450","0.233766"
"2080234450","2061171949","0.233766"
"2061171949","2137047086","0.0909091"
"2137047086","2061171949","0.0909091"
"2061171949","2147915798","0.0909091"
"2147915798","2061171949","0.0909091"
"2080234450","2137047086","1.08258"
"2137047086","2080234450","1.08258"
"2080234450","2147915798","1.67186"
"2147915798","2080234450","1.67186"
"2137047086","2147915798","0.471861"
"2147915798","2137047086","0.471861"
"1483958011","149652053","1.5373"
"149652053","1483958011","1.5373"
"1483958011","2140052090","0.953968"
"2140052090","1483958011","0.953968"
"1483958011","2140697782","1.25278"
"2140697782","1483958011","1.25278"
"1483958011","2158040777","1.79563"
"2158040777","1483958011","1.79563"
"1483958011","59663849","1.25278"
"59663849","1483958011","1.25278"
"149652053","1586483415","5.83803"
"1586483415","149652053","5.83803"
"149652053","1590497401","1.57851"
"1590497401","149652053","1.57851"
"149652053","1972786816","2.74637"
"1972786816","149652053","2.74637"
"149652053","2080234450","2.69637"
"2080234450","149652053","2.69637"
"149652053","2137047086","0.815476"
"2137047086","149652053","0.815476"
"149652053","2140052090","1.63089"
"2140052090","149652053","1.63089"
"149652053","2140697782","1.12897"
"2140697782","149652053","1.12897"
"149652053","2158040777","1.07897"
"2158040777","149652053","1.07897"
"149652053","59663849","1.4623"
"59663849","149652053","1.4623"
"1586483415","2140052090","1.10589"
"2140052090","1586483415","1.10589"
"1586483415","2140697782","1.10397"
"2140697782","1586483415","1.10397"
"1586483415","2158040777","0.953968"
"2158040777","1586483415","0.953968"
"1586483415","59663849","1.4373"
"59663849","1586483415","1.4373"
"1590497401","2140052090","0.888034"
"2140052090","1590497401","0.888034"
"1590497401","2140697782","6.02183"
"2140697782","1590497401","6.02183"
"1590497401","2158040777","3.48611"
"2158040777","1590497401","3.48611"
"1590497401","59663849","4.45516"
"59663849","1590497401","4.45516"
"1972786816","2140052090","2.93089"
"2140052090","1972786816","2.93089"
"1972786816","2140697782","1.42183"
"2140697782","1972786816","1.42183"
"1972786816","2158040777","1.4123"
"2158040777","1972786816","1.4123"
"1972786816","59663849","1.35516"
"59663849","1972786816","1.35516"
"2080234450","2140052090","2.13089"
"2140052090","2080234450","2.13089"
"2080234450","2140697782","1.62183"
"2140697782","2080234450","1.62183"
"2080234450","2158040777","1.9123"
"2158040777","2080234450","1.9123"
"2080234450","59663849","1.55516"
"59663849","2080234450","1.55516"
"2137047086","2140052090","0.166667"
"2140052090","2137047086","0.166667"
"2137047086","2140697782","1.81905"
"2140697782","2137047086","1.81905"
"2137047086","2158040777","0.166667"
"2158040777","2137047086","0.166667"
"2137047086","59663849","0.819048"
"59663849","2137047086","0.819048"
"2140052090","2140697782","0.486111"
"2140697782","2140052090","0.486111"
"2140052090","2158040777","0.828968"
"2158040777","2140052090","0.828968"
"2140052090","59663849","0.486111"
"59663849","2140052090","0.486111"
"2140697782","2158040777","1.15278"
"2158040777","2140697782","1.15278"
"2140697782","59663849","8.28849"
"59663849","2140697782","8.28849"
"2158040777","59663849","2.15278"
"59663849","2158040777","2.15278"
"1483958011","1564615211","0.416667"
"1564615211","1483958011","0.416667"
"1483958011","68212549","0.45"
"68212549","1483958011","0.45"
"149652053","1564615211","0.15"
"1564615211","149652053","0.15"
"149652053","2048985559","0.27381"
"2048985559","149652053","0.27381"
"149652053","68212549","0.360256"
"68212549","149652053","0.360256"
"1564615211","1586483415","0.25"
"1586483415","1564615211","0.25"
"1564615211","1590497401","0.583333"
"1590497401","1564615211","0.583333"
"1564615211","1972786816","0.316667"
"1972786816","1564615211","0.316667"
"1564615211","2048985559","0.15"
"2048985559","1564615211","0.15"
"1564615211","2080234450","0.316667"
"2080234450","1564615211","0.316667"
"1564615211","2140052090","0.15"
"2140052090","1564615211","0.15"
"1564615211","2140697782","0.683333"
"2140697782","1564615211","0.683333"
"1564615211","2158040777","1.31667"
"2158040777","1564615211","1.31667"
"1564615211","59663849","0.683333"
"59663849","1564615211","0.683333"
"1564615211","68212549","0.516667"
"68212549","1564615211","0.516667"
"1586483415","68212549","0.160256"
"68212549","1586483415","0.160256"
"1590497401","68212549","2.26026"
"68212549","1590497401","2.26026"
"1972786816","68212549","1.79359"
"68212549","1972786816","1.79359"
"2048985559","2140052090","0.22619"
"2140052090","2048985559","0.22619"
"2048985559","2140697782","0.583333"
"2140697782","2048985559","0.583333"
"2048985559","2158040777","0.22619"
"2158040777","2048985559","0.22619"
"2048985559","59663849","0.516667"
"59663849","2048985559","0.516667"
"2048985559","68212549","0.816667"
"68212549","2048985559","0.816667"
"2080234450","68212549","2.29359"
"68212549","2080234450","2.29359"
"2140052090","68212549","0.360256"
"68212549","2140052090","0.360256"
"2140697782","68212549","0.683333"
"68212549","2140697782","0.683333"
"2158040777","68212549","1.25"
"68212549","2158040777","1.25"
"59663849","68212549","0.683333"
"68212549","59663849","0.683333"
"1483958011","1543419112","1.06667"
"1543419112","1483958011","1.06667"
"1483958011","2046218317","0.0666667"
"2046218317","1483958011","0.0666667"
"1483958011","2890572594","0.0666667"
"2890572594","1483958011","0.0666667"
"149652053","1543419112","0.566209"
"1543419112","149652053","0.566209"
"149652053","2046218317","0.0666667"
"2046218317","149652053","0.0666667"
"149652053","2147915798","0.314286"
"2147915798","149652053","0.314286"
"149652053","2890572594","0.114286"
"2890572594","149652053","0.114286"
"1543419112","1564615211","0.0666667"
"1564615211","1543419112","0.0666667"
"1543419112","1586483415","0.566209"
"1586483415","1543419112","0.566209"
"1543419112","1590497401","2.70232"
"1590497401","1543419112","2.70232"
"1543419112","1972786816","0.493987"
"1972786816","1543419112","0.493987"
"1543419112","2046218317","0.0666667"
"2046218317","1543419112","0.0666667"
"1543419112","2080234450","0.743987"
"2080234450","1543419112","0.743987"
"1543419112","2137047086","0.239286"
"2137047086","1543419112","0.239286"
"1543419112","2140052090","0.14359"
"2140052090","1543419112","0.14359"
"1543419112","2140697782","0.966667"
"2140697782","1543419112","0.966667"
"1543419112","2147915798","0.114286"
"2147915798","1543419112","0.114286"
"1543419112","2158040777","0.0666667"
"2158040777","1543419112","0.0666667"
"1543419112","2890572594","0.292064"
"2890572594","1543419112","0.292064"
"1543419112","59663849","0.4"
"59663849","1543419112","0.4"
"1564615211","2046218317","0.0666667"
"2046218317","1564615211","0.0666667"
"1564615211","2137047086","0.233333"
"2137047086","1564615211","0.233333"
"1564615211","2147915798","0.133333"
"2147915798","1564615211","0.133333"
"1564615211","2890572594","0.0666667"
"2890572594","1564615211","0.0666667"
"1586483415","2046218317","0.0666667"
"2046218317","1586483415","0.0666667"
"1586483415","2890572594","0.114286"
"2890572594","1586483415","0.114286"
"1590497401","2046218317","0.0666667"
"2046218317","1590497401","0.0666667"
"1590497401","2890572594","0.400733"
"2890572594","1590497401","0.400733"
"1972786816","2046218317","0.0666667"
"2046218317","1972786816","0.0666667"
"1972786816","2890572594","0.400733"
"2890572594","1972786816","0.400733"
"2046218317","2080234450","0.0666667"
"2080234450","2046218317","0.0666667"
"2046218317","2137047086","0.0666667"
"2137047086","2046218317","0.0666667"
"2046218317","2140052090","0.0666667"
"2140052090","2046218317","0.0666667"
"2046218317","2140697782","0.316667"
"2140697782","2046218317","0.316667"
"2046218317","2147915798","0.0666667"
"2147915798","2046218317","0.0666667"
"2046218317","2158040777","0.0666667"
"2158040777","2046218317","0.0666667"
"2046218317","2890572594","0.191667"
"2890572594","2046218317","0.191667"
"2046218317","59663849","0.0666667"
"59663849","2046218317","0.0666667"
"2080234450","2890572594","0.400733"
"2890572594","2080234450","0.400733"
"2137047086","2890572594","0.257143"
"2890572594","2137047086","0.257143"
"2140052090","2147915798","0.266667"
"2147915798","2140052090","0.266667"
"2140052090","2890572594","0.0666667"
"2890572594","2140052090","0.0666667"
"2140697782","2147915798","1.13333"
"2147915798","2140697782","1.13333"
"2140697782","2890572594","0.27619"
"2890572594","2140697782","0.27619"
"2147915798","2158040777","0.0666667"
"2158040777","2147915798","0.0666667"
"2147915798","2890572594","0.114286"
"2890572594","2147915798","0.114286"
"2147915798","59663849","0.133333"
"59663849","2147915798","0.133333"
"2158040777","2890572594","0.0666667"
"2890572594","2158040777","0.0666667"
"2890572594","59663849","0.209524"
"59663849","2890572594","0.209524"
"1483958011","183660802","0.1"
"183660802","1483958011","0.1"
"1483958011","2049106693","0.1"
"2049106693","1483958011","0.1"
"1483958011","2404670738","0.225"
"2404670738","1483958011","0.225"
"1564615211","183660802","0.366667"
"183660802","1564615211","0.366667"
"1564615211","2049106693","0.166667"
"2049106693","1564615211","0.166667"
"1564615211","2404670738","0.1"
"2404670738","1564615211","0.1"
"1586483415","183660802","0.433333"
"183660802","1586483415","0.433333"
"1586483415","2049106693","0.1"
"2049106693","1586483415","0.1"
"1586483415","2404670738","0.225"
"2404670738","1586483415","0.225"
"183660802","1972786816","0.416667"
"1972786816","183660802","0.416667"
"183660802","2049106693","1.41667"
"2049106693","183660802","1.41667"
"183660802","2080234450","0.416667"
"2080234450","183660802","0.416667"
"183660802","2137047086","0.166667"
"2137047086","183660802","0.166667"
"183660802","2140697782","0.366667"
"2140697782","183660802","0.366667"
"183660802","2404670738","0.1"
"2404670738","183660802","0.1"
"183660802","59663849","1.7"
"59663849","183660802","1.7"
"1972786816","2049106693","0.416667"
"2049106693","1972786816","0.416667"
"1972786816","2404670738","0.225"
"2404670738","1972786816","0.225"
"2049106693","2080234450","0.816667"
"2080234450","2049106693","0.816667"
"2049106693","2137047086","0.366667"
"2137047086","2049106693","0.366667"
"2049106693","2140697782","0.9"
"2140697782","2049106693","0.9"
"2049106693","2404670738","0.833333"
"2404670738","2049106693","0.833333"
"2049106693","59663849","0.9"
"59663849","2049106693","0.9"
"2080234450","2404670738","0.425"
"2404670738","2080234450","0.425"
"2137047086","2404670738","0.3"
"2404670738","2137047086","0.3"
"2140697782","2404670738","0.833333"
"2404670738","2140697782","0.833333"
"2404670738","59663849","0.833333"
"59663849","2404670738","0.833333"
"2137047086","68212549","0.266667"
"68212549","2137047086","0.266667"
"2147915798","68212549","1.46667"
"68212549","2147915798","1.46667"
"1483958011","1995965340","0.125"
"1995965340","1483958011","0.125"
"1483958011","2014047647","0.125"
"2014047647","1483958011","0.125"
"1483958011","2014123508","0.125"
"2014123508","1483958011","0.125"
"1483958011","2141446237","0.125"
"2141446237","1483958011","0.125"
"1590497401","1995965340","0.393132"
"1995965340","1590497401","0.393132"
"1590497401","2014047647","0.316209"
"2014047647","1590497401","0.316209"
"1590497401","2014123508","0.201923"
"2014123508","1590497401","0.201923"
"1590497401","2141446237","0.239286"
"2141446237","1590497401","0.239286"
"1972786816","1995965340","0.393132"
"1995965340","1972786816","0.393132"
"1972786816","2014047647","0.441209"
"2014047647","1972786816","0.441209"
"1972786816","2014123508","0.201923"
"2014123508","1972786816","0.201923"
"1972786816","2141446237","1.23929"
"2141446237","1972786816","1.23929"
"1995965340","2014047647","1.56621"
"2014047647","1995965340","1.56621"
"1995965340","2014123508","0.201923"
"2014123508","1995965340","0.201923"
"1995965340","2048985559","2.26621"
"2048985559","1995965340","2.26621"
"1995965340","2080234450","0.593132"
"2080234450","1995965340","0.593132"
"1995965340","2141446237","0.405952"
"2141446237","1995965340","0.405952"
"2014047647","2014123508","0.125"
"2014123508","2014047647","0.125"
"2014047647","2048985559","2.10351"
"2048985559","2014047647","2.10351"
"2014047647","2080234450","0.441209"
"2080234450","2014047647","0.441209"
"2014047647","2141446237","0.172619"
"2141446237","2014047647","0.172619"
"2014123508","2048985559","0.125"
"2048985559","2014123508","0.125"
"2014123508","2080234450","0.201923"
"2080234450","2014123508","0.201923"
"2014123508","2141446237","0.325"
"2141446237","2014123508","0.325"
"2048985559","2141446237","0.239286"
"2141446237","2048985559","0.239286"
"2080234450","2141446237","0.239286"
"2141446237","2080234450","0.239286"
"1483958011","177986166","0.125"
"177986166","1483958011","0.125"
"149652053","177986166","0.25"
"177986166","149652053","0.25"
"149652053","2404670738","0.125"
"2404670738","149652053","0.125"
"1586483415","177986166","0.25"
"177986166","1586483415","0.25"
"1590497401","177986166","0.125"
"177986166","1590497401","0.125"
"1590497401","2404670738","0.125"
"2404670738","1590497401","0.125"
"177986166","1972786816","0.25"
"1972786816","177986166","0.25"
"177986166","2080234450","0.25"
"2080234450","177986166","0.25"
"177986166","2140052090","0.125"
"2140052090","177986166","0.125"
"177986166","2404670738","0.125"
"2404670738","177986166","0.125"
"2140052090","2404670738","0.125"
"2404670738","2140052090","0.125"
"1483958011","1599931493","0.5"
"1599931493","1483958011","0.5"
"1543419112","1599931493","6.99795"
"1599931493","1543419112","6.99795"
"149652053","1526463073","0.0769231"
"1526463073","149652053","0.0769231"
"149652053","1599931493","1.49954"
"1599931493","149652053","1.49954"
"149652053","1601837298","0.0769231"
"1601837298","149652053","0.0769231"
"149652053","1995965340","0.124542"
"1995965340","149652053","0.124542"
"149652053","2014123508","0.0769231"
"2014123508","149652053","0.0769231"
"149652053","2154742203","0.0769231"
"2154742203","149652053","0.0769231"
"1526463073","1543419112","0.0769231"
"1543419112","1526463073","0.0769231"
"1526463073","1586483415","0.0769231"
"1586483415","1526463073","0.0769231"
"1526463073","1590497401","0.0769231"
"1590497401","1526463073","0.0769231"
"1526463073","1599931493","0.0769231"
"1599931493","1526463073","0.0769231"
"1526463073","1601837298","6.11026"
"1601837298","1526463073","6.11026"
"1526463073","1972786816","0.576923"
"1972786816","1526463073","0.576923"
"1526463073","1995965340","0.0769231"
"1995965340","1526463073","0.0769231"
"1526463073","2014123508","2.27692"
"2014123508","1526463073","2.27692"
"1526463073","2080234450","0.0769231"
"2080234450","1526463073","0.0769231"
"1526463073","2140052090","0.0769231"
"2140052090","1526463073","0.0769231"
"1526463073","2154742203","5.61026"
"2154742203","1526463073","5.61026"
"1526463073","68212549","0.0769231"
"68212549","1526463073","0.0769231"
"1543419112","1601837298","0.0769231"
"1601837298","1543419112","0.0769231"
"1543419112","1995965340","0.124542"
"1995965340","1543419112","0.124542"
"1543419112","2014123508","0.0769231"
"2014123508","1543419112","0.0769231"
"1543419112","2154742203","0.0769231"
"2154742203","1543419112","0.0769231"
"1543419112","68212549","0.0769231"
"68212549","1543419112","0.0769231"
"1586483415","1599931493","0.499542"
"1599931493","1586483415","0.499542"
"1586483415","1601837298","0.0769231"
"1601837298","1586483415","0.0769231"
"1586483415","1995965340","0.124542"
"1995965340","1586483415","0.124542"
"1586483415","2014123508","0.0769231"
"2014123508","1586483415","0.0769231"
"1586483415","2154742203","0.0769231"
"2154742203","1586483415","0.0769231"
"1590497401","1599931493","0.379243"
"1599931493","1590497401","0.379243"
"1590497401","1601837298","0.0769231"
"1601837298","1590497401","0.0769231"
"1590497401","2154742203","0.0769231"
"2154742203","1590497401","0.0769231"
"1599931493","1601837298","0.0769231"
"1601837298","1599931493","0.0769231"
"1599931493","1972786816","0.504243"
"1972786816","1599931493","0.504243"
"1599931493","1995965340","1.0348"
"1995965340","1599931493","1.0348"
"1599931493","2014123508","0.0769231"
"2014123508","1599931493","0.0769231"
"1599931493","2080234450","0.754243"
"2080234450","1599931493","0.754243"
"1599931493","2140052090","0.0769231"
"2140052090","1599931493","0.0769231"
"1599931493","2154742203","0.0769231"
"2154742203","1599931493","0.0769231"
"1599931493","68212549","0.0769231"
"68212549","1599931493","0.0769231"
"1601837298","1972786816","0.576923"
"1972786816","1601837298","0.576923"
"1601837298","1995965340","0.0769231"
"1995965340","1601837298","0.0769231"
"1601837298","2014123508","4.27692"
"2014123508","1601837298","4.27692"
"1601837298","2080234450","0.0769231"
"2080234450","1601837298","0.0769231"
"1601837298","2140052090","0.0769231"
"2140052090","1601837298","0.0769231"
"1601837298","2154742203","5.61026"
"2154742203","1601837298","5.61026"
"1601837298","68212549","0.0769231"
"68212549","1601837298","0.0769231"
"1972786816","2154742203","0.0769231"
"2154742203","1972786816","0.0769231"
"1995965340","2140052090","0.0769231"
"2140052090","1995965340","0.0769231"
"1995965340","2154742203","0.0769231"
"2154742203","1995965340","0.0769231"
"1995965340","68212549","1.14359"
"68212549","1995965340","1.14359"
"2014123508","2140052090","0.0769231"
"2140052090","2014123508","0.0769231"
"2014123508","2154742203","2.47692"
"2154742203","2014123508","2.47692"
"2014123508","68212549","0.0769231"
"68212549","2014123508","0.0769231"
"2080234450","2154742203","0.0769231"
"2154742203","2080234450","0.0769231"
"2140052090","2154742203","0.0769231"
"2154742203","2140052090","0.0769231"
"2154742203","68212549","0.0769231"
"68212549","2154742203","0.0769231"
"149652053","2014047647","0.172619"
"2014047647","149652053","0.172619"
"1543419112","177986166","0.325"
"177986166","1543419112","0.325"
"1543419112","2014047647","1.02659"
"2014047647","1543419112","1.02659"
"1586483415","2014047647","0.172619"
"2014047647","1586483415","0.172619"
"1599931493","177986166","0.325"
"177986166","1599931493","0.325"
"1599931493","2014047647","1.10351"
"2014047647","1599931493","1.10351"
"1599931493","2137047086","0.172619"
"2137047086","1599931493","0.172619"
"177986166","2014047647","0.125"
"2014047647","177986166","0.125"
"177986166","2137047086","0.125"
"2137047086","177986166","0.125"
"2014047647","2137047086","0.172619"
"2137047086","2014047647","0.172619"
"149652053","151796573","0.047619"
"151796573","149652053","0.047619"
"149652053","1979667920","0.047619"
"1979667920","149652053","0.047619"
"149652053","2028914478","0.047619"
"2028914478","149652053","0.047619"
"149652053","2031389367","0.047619"
"2031389367","149652053","0.047619"
"149652053","2141446237","0.047619"
"2141446237","149652053","0.047619"
"149652053","2169958063","0.047619"
"2169958063","149652053","0.047619"
"149652053","2186486292","0.047619"
"2186486292","149652053","0.047619"
"149652053","2347019141","0.047619"
"2347019141","149652053","0.047619"
"149652053","2406937022","0.047619"
"2406937022","149652053","0.047619"
"151796573","1543419112","1.0127"
"1543419112","151796573","1.0127"
"151796573","1586483415","0.047619"
"1586483415","151796573","0.047619"
"151796573","1590497401","0.55232"
"1590497401","151796573","0.55232"
"151796573","1599931493","1.08962"
"1599931493","151796573","1.08962"
"151796573","1972786816","0.55232"
"1972786816","151796573","0.55232"
"151796573","1979667920","0.475397"
"1979667920","151796573","0.475397"
"151796573","1995965340","0.374542"
"1995965340","151796573","0.374542"
"151796573","2014047647","0.645177"
"2014047647","151796573","0.645177"
"151796573","2028914478","0.663431"
"2028914478","151796573","0.663431"
"151796573","2031389367","0.114286"
"2031389367","151796573","0.114286"
"151796573","2048985559","3.58962"
"2048985559","151796573","3.58962"
"151796573","2080234450","0.55232"
"2080234450","151796573","0.55232"
"151796573","2137047086","0.047619"
"2137047086","151796573","0.047619"
"151796573","2141446237","0.047619"
"2141446237","151796573","0.047619"
"151796573","2147915798","0.047619"
"2147915798","151796573","0.047619"
"151796573","2169958063","0.645177"
"2169958063","151796573","0.645177"
"151796573","2186486292","0.413431"
"2186486292","151796573","0.413431"
"151796573","2347019141","0.047619"
"2347019141","151796573","0.047619"
"151796573","2406937022","0.114286"
"2406937022","151796573","0.114286"
"151796573","2890572594","0.30232"
"2890572594","151796573","0.30232"
"1543419112","1979667920","0.225397"
"1979667920","1543419112","0.225397"
"1543419112","2028914478","0.336508"
"2028914478","1543419112","0.336508"
"1543419112","2031389367","0.114286"
"2031389367","1543419112","0.114286"
"1543419112","2048985559","1.84603"
"2048985559","1543419112","1.84603"
"1543419112","2141446237","0.047619"
"2141446237","1543419112","0.047619"
"1543419112","2169958063","0.568254"
"2169958063","1543419112","0.568254"
"1543419112","2186486292","0.336508"
"2186486292","1543419112","0.336508"
"1543419112","2347019141","0.047619"
"2347019141","1543419112","0.047619"
"1543419112","2406937022","0.114286"
"2406937022","1543419112","0.114286"
"1586483415","2141446237","0.047619"
"2141446237","1586483415","0.047619"
"1586483415","2169958063","0.047619"
"2169958063","1586483415","0.047619"
"1586483415","2186486292","0.047619"
"2186486292","1586483415","0.047619"
"1586483415","2347019141","0.047619"
"2347019141","1586483415","0.047619"
"1586483415","2406937022","0.047619"
"2406937022","1586483415","0.047619"
"1590497401","2169958063","0.30232"
"2169958063","1590497401","0.30232"
"1590497401","2186486292","0.445177"
"2186486292","1590497401","0.445177"
"1590497401","2347019141","0.114286"
"2347019141","1590497401","0.114286"
"1590497401","2406937022","0.114286"
"2406937022","1590497401","0.114286"
"1599931493","1979667920","1.05873"
"1979667920","1599931493","1.05873"
"1599931493","2028914478","0.413431"
"2028914478","1599931493","0.413431"
"1599931493","2031389367","0.114286"
"2031389367","1599931493","0.114286"
"1599931493","2048985559","2.92295"
"2048985559","1599931493","2.92295"
"1599931493","2141446237","0.047619"
"2141446237","1599931493","0.047619"
"1599931493","2147915798","0.047619"
"2147915798","1599931493","0.047619"
"1599931493","2169958063","0.97851"
"2169958063","1599931493","0.97851"
"1599931493","2186486292","0.413431"
"2186486292","1599931493","0.413431"
"1599931493","2347019141","0.047619"
"2347019141","1599931493","0.047619"
"1599931493","2406937022","0.114286"
"2406937022","1599931493","0.114286"
"1599931493","2890572594","0.30232"
"2890572594","1599931493","0.30232"
"1972786816","2169958063","0.30232"
"2169958063","1972786816","0.30232"
"1972786816","2186486292","0.445177"
"2186486292","1972786816","0.445177"
"1972786816","2347019141","0.114286"
"2347019141","1972786816","0.114286"
"1972786816","2406937022","0.114286"
"2406937022","1972786816","0.114286"
"1979667920","1995965340","17.8393"
"1995965340","1979667920","17.8393"
"1979667920","2014047647","0.984921"
"2014047647","1979667920","0.984921"
"1979667920","2141446237","0.114286"
"2141446237","1979667920","0.114286"
"1979667920","2169958063","2.12381"
"2169958063","1979667920","2.12381"
"1979667920","2186486292","1.10992"
"2186486292","1979667920","1.10992"
"1979667920","2347019141","0.114286"
"2347019141","1979667920","0.114286"
"1979667920","2406937022","0.507143"
"2406937022","1979667920","0.507143"
"1979667920","2890572594","2.05992"
"2890572594","1979667920","2.05992"
"1995965340","2028914478","8.29954"
"2028914478","1995965340","8.29954"
"1995965340","2031389367","2.53929"
"2031389367","1995965340","2.53929"
"1995965340","2137047086","0.114286"
"2137047086","1995965340","0.114286"
"1995965340","2147915798","0.114286"
"2147915798","1995965340","0.114286"
"1995965340","2169958063","1.99121"
"2169958063","1995965340","1.99121"
"1995965340","2186486292","1.06621"
"2186486292","1995965340","1.06621"
"1995965340","2347019141","0.280952"
"2347019141","1995965340","0.280952"
"1995965340","2406937022","0.297619"
"2406937022","1995965340","0.297619"
"1995965340","2890572594","1.01621"
"2890572594","1995965340","1.01621"
"2014047647","2028914478","1.51184"
"2028914478","2014047647","1.51184"
"2014047647","2031389367","0.42381"
"2031389367","2014047647","0.42381"
"2014047647","2147915798","0.047619"
"2147915798","2014047647","0.047619"
"2014047647","2169958063","1.42692"
"2169958063","2014047647","1.42692"
"2014047647","2186486292","1.26184"
"2186486292","2014047647","1.26184"
"2014047647","2347019141","0.047619"
"2347019141","2014047647","0.047619"
"2014047647","2406937022","0.257143"
"2406937022","2014047647","0.257143"
"2014047647","2890572594","2.01184"
"2890572594","2014047647","2.01184"
"2028914478","2141446237","0.214286"
"2141446237","2028914478","0.214286"
"2028914478","2169958063","0.895177"
"2169958063","2028914478","0.895177"
"2028914478","2186486292","3.24795"
"2186486292","2028914478","3.24795"
"2028914478","2347019141","0.214286"
"2347019141","2028914478","0.214286"
"2028914478","2406937022","0.507143"
"2406937022","2028914478","0.507143"
"2028914478","2890572594","1.33684"
"2890572594","2028914478","1.33684"
"2031389367","2141446237","0.214286"
"2141446237","2031389367","0.214286"
"2031389367","2169958063","0.257143"
"2169958063","2031389367","0.257143"
"2031389367","2186486292","0.54881"
"2186486292","2031389367","0.54881"
"2031389367","2347019141","0.214286"
"2347019141","2031389367","0.214286"
"2031389367","2406937022","0.507143"
"2406937022","2031389367","0.507143"
"2031389367","2890572594","0.54881"
"2890572594","2031389367","0.54881"
"2048985559","2169958063","1.34518"
"2169958063","2048985559","1.34518"
"2048985559","2186486292","0.413431"
"2186486292","2048985559","0.413431"
"2048985559","2347019141","0.114286"
"2347019141","2048985559","0.114286"
"2048985559","2406937022","0.114286"
"2406937022","2048985559","0.114286"
"2048985559","2890572594","0.50232"
"2890572594","2048985559","0.50232"
"2080234450","2169958063","0.30232"
"2169958063","2080234450","0.30232"
"2080234450","2186486292","0.445177"
"2186486292","2080234450","0.445177"
"2080234450","2347019141","0.114286"
"2347019141","2080234450","0.114286"
"2080234450","2406937022","0.114286"
"2406937022","2080234450","0.114286"
"2137047086","2141446237","0.114286"
"2141446237","2137047086","0.114286"
"2137047086","2169958063","0.047619"
"2169958063","2137047086","0.047619"
"2137047086","2186486292","0.190476"
"2186486292","2137047086","0.190476"
"2137047086","2347019141","0.114286"
"2347019141","2137047086","0.114286"
"2137047086","2406937022","0.047619"
"2406937022","2137047086","0.047619"
"2141446237","2147915798","0.114286"
"2147915798","2141446237","0.114286"
"2141446237","2169958063","0.047619"
"2169958063","2141446237","0.047619"
"2141446237","2186486292","0.380952"
"2186486292","2141446237","0.380952"
"2141446237","2347019141","3.06429"
"2347019141","2141446237","3.06429"
"2141446237","2406937022","0.047619"
"2406937022","2141446237","0.047619"
"2141446237","2890572594","0.047619"
"2890572594","2141446237","0.047619"
"2147915798","2169958063","0.047619"
"2169958063","2147915798","0.047619"
"2147915798","2186486292","0.047619"
"2186486292","2147915798","0.047619"
"2147915798","2347019141","0.114286"
"2347019141","2147915798","0.114286"
"2147915798","2406937022","0.047619"
"2406937022","2147915798","0.047619"
"2169958063","2186486292","0.695177"
"2186486292","2169958063","0.695177"
"2169958063","2347019141","0.047619"
"2347019141","2169958063","0.047619"
"2169958063","2406937022","0.257143"
"2406937022","2169958063","0.257143"
"2169958063","2890572594","0.534066"
"2890572594","2169958063","0.534066"
"2186486292","2347019141","0.380952"
"2347019141","2186486292","0.380952"
"2186486292","2406937022","0.257143"
"2406937022","2186486292","0.257143"
"2186486292","2890572594","1.2797"
"2890572594","2186486292","1.2797"
"2347019141","2406937022","0.047619"
"2406937022","2347019141","0.047619"
"2347019141","2890572594","0.047619"
"2890572594","2347019141","0.047619"
"2406937022","2890572594","0.257143"
"2890572594","2406937022","0.257143"
"149652053","183660802","0.333333"
"183660802","149652053","0.333333"
"149652053","2136790096","0.2"
"2136790096","149652053","0.2"
"149652053","2154417165","0.2"
"2154417165","149652053","0.2"
"1972786816","2136790096","0.2"
"2136790096","1972786816","0.2"
"1972786816","2154417165","0.2"
"2154417165","1972786816","0.2"
"2080234450","2136790096","0.2"
"2136790096","2080234450","0.2"
"2080234450","2154417165","0.2"
"2154417165","2080234450","0.2"
"2136790096","2140052090","0.2"
"2140052090","2136790096","0.2"
"2136790096","2154417165","0.2"
"2154417165","2136790096","0.2"
"2140052090","2154417165","0.2"
"2154417165","2140052090","0.2"
"151796573","2140697782","0.0666667"
"2140697782","151796573","0.0666667"
"1599931493","2140697782","0.0666667"
"2140697782","1599931493","0.0666667"
"1979667920","2140697782","0.383333"
"2140697782","1979667920","0.383333"
"2014047647","2140697782","0.0666667"
"2140697782","2014047647","0.0666667"
"2028914478","2140697782","0.316667"
"2140697782","2028914478","0.316667"
"2031389367","2140697782","0.0666667"
"2140697782","2031389367","0.0666667"
"2140697782","2169958063","0.0666667"
"2169958063","2140697782","0.0666667"
"2140697782","2186486292","0.209524"
"2186486292","2140697782","0.209524"
"2140697782","2406937022","0.0666667"
"2406937022","2140697782","0.0666667"
"151796573","2067196019","0.330891"
"2067196019","151796573","0.330891"
"1543419112","2067196019","0.453968"
"2067196019","1543419112","0.453968"
"1599931493","2067196019","1.03089"
"2067196019","1599931493","1.03089"
"1979667920","2067196019","0.111111"
"2067196019","1979667920","0.111111"
"2014047647","2067196019","0.330891"
"2067196019","2014047647","0.330891"
"2028914478","2067196019","0.188034"
"2067196019","2028914478","0.188034"
"2048985559","2067196019","0.330891"
"2067196019","2048985559","0.330891"
"2067196019","2186486292","0.188034"
"2186486292","2067196019","0.188034"
"2067196019","2890572594","0.188034"
"2890572594","2067196019","0.188034"
"151796573","184495148","0.21978"
"184495148","151796573","0.21978"
"1543419112","184495148","0.342857"
"184495148","1543419112","0.342857"
"1599931493","184495148","0.91978"
"184495148","1599931493","0.91978"
"184495148","2014047647","0.21978"
"2014047647","184495148","0.21978"
"184495148","2048985559","0.21978"
"2048985559","184495148","0.21978"
"184495148","2067196019","0.91978"
"2067196019","184495148","0.91978"
"184495148","2169958063","0.21978"
"2169958063","184495148","0.21978"
"2067196019","2169958063","0.21978"
"2169958063","2067196019","0.21978"
"1590497401","184495148","0.0769231"
"184495148","1590497401","0.0769231"
"1590497401","2067196019","0.0769231"
"2067196019","1590497401","0.0769231"
"184495148","1972786816","0.0769231"
"1972786816","184495148","0.0769231"
"184495148","1995965340","0.0769231"
"1995965340","184495148","0.0769231"
"184495148","2028914478","0.0769231"
"2028914478","184495148","0.0769231"
"184495148","2080234450","0.0769231"
"2080234450","184495148","0.0769231"
"184495148","2186486292","0.0769231"
"2186486292","184495148","0.0769231"
"184495148","2890572594","0.0769231"
"2890572594","184495148","0.0769231"
"1972786816","2067196019","0.0769231"
"2067196019","1972786816","0.0769231"
"1995965340","2067196019","0.0769231"
"2067196019","1995965340","0.0769231"
"2067196019","2080234450","0.0769231"
"2080234450","2067196019","0.0769231"
"1526463073","1547785900","1.53333"
"1547785900","1526463073","1.53333"
"1547785900","1601837298","1.53333"
"1601837298","1547785900","1.53333"
"1547785900","2014123508","1.2"
"2014123508","1547785900","1.2"
"1547785900","2154742203","1.53333"
"2154742203","1547785900","1.53333"
"1526463073","2051778861","0.2"
"2051778861","1526463073","0.2"
"1547785900","2051778861","0.2"
"2051778861","1547785900","0.2"
"1601837298","2051778861","0.2"
"2051778861","1601837298","0.2"
"2014123508","2051778861","0.4"
"2051778861","2014123508","0.4"
"2051778861","2154742203","0.65"
"2154742203","2051778861","0.65"
"1543419112","2035860482","0.2"
"2035860482","1543419112","0.2"
"1599931493","2035860482","0.2"
"2035860482","1599931493","0.2"
"177986166","184495148","0.2"
"184495148","177986166","0.2"
"177986166","2035860482","0.2"
"2035860482","177986166","0.2"
"177986166","2067196019","0.2"
"2067196019","177986166","0.2"
"184495148","2035860482","0.2"
"2035860482","184495148","0.2"
"2035860482","2067196019","0.2"
"2067196019","2035860482","0.2"
"1547785900","2347019141","3.83333"
"2347019141","1547785900","3.83333"
"1547785900","2035860482","3.83333"
"2035860482","1547785900","3.83333"
"2035860482","2347019141","1.83333"
"2347019141","2035860482","1.83333"
"1547785900","2053249018","0.458333"
"2053249018","1547785900","0.458333"
"2035860482","2053249018","0.833333"
"2053249018","2035860482","0.833333"
"2053249018","2347019141","1.45"
"2347019141","2053249018","1.45"
"1547785900","1979667920","0.125"
"1979667920","1547785900","0.125"
"1547785900","1995965340","0.125"
"1995965340","1547785900","0.125"
"1547785900","2028914478","0.125"
"2028914478","1547785900","0.125"
"1547785900","2031389367","0.125"
"2031389367","1547785900","0.125"
"1547785900","2046218317","0.125"
"2046218317","1547785900","0.125"
"1547785900","2186486292","0.125"
"2186486292","1547785900","0.125"
"1547785900","2890572594","0.125"
"2890572594","1547785900","0.125"
"1979667920","2046218317","1.20833"
"2046218317","1979667920","1.20833"
"1979667920","2053249018","0.125"
"2053249018","1979667920","0.125"
"1995965340","2046218317","1.375"
"2046218317","1995965340","1.375"
"1995965340","2053249018","0.291667"
"2053249018","1995965340","0.291667"
"2028914478","2046218317","1.375"
"2046218317","2028914478","1.375"
"2028914478","2053249018","0.291667"
"2053249018","2028914478","0.291667"
"2031389367","2046218317","0.541667"
"2046218317","2031389367","0.541667"
"2031389367","2053249018","0.291667"
"2053249018","2031389367","0.291667"
"2046218317","2053249018","0.291667"
"2053249018","2046218317","0.291667"
"2046218317","2186486292","0.125"
"2186486292","2046218317","0.125"
"2053249018","2186486292","0.125"
"2186486292","2053249018","0.125"
"2053249018","2890572594","0.125"
"2890572594","2053249018","0.125"
"1564615211","1979667920","0.0666667"
"1979667920","1564615211","0.0666667"
"1564615211","1995965340","0.0666667"
"1995965340","1564615211","0.0666667"
"1564615211","2141446237","0.0666667"
"2141446237","1564615211","0.0666667"
"1564615211","2347019141","0.0666667"
"2347019141","1564615211","0.0666667"
"1590497401","183660802","1.51667"
"183660802","1590497401","1.51667"
"1590497401","2049106693","0.316667"
"2049106693","1590497401","0.316667"
"183660802","1979667920","0.0666667"
"1979667920","183660802","0.0666667"
"183660802","1995965340","0.0666667"
"1995965340","183660802","0.0666667"
"183660802","2048985559","0.0666667"
"2048985559","183660802","0.0666667"
"183660802","2141446237","0.0666667"
"2141446237","183660802","0.0666667"
"183660802","2147915798","0.0666667"
"2147915798","183660802","0.0666667"
"183660802","2347019141","0.0666667"
"2347019141","183660802","0.0666667"
"183660802","68212549","0.266667"
"68212549","183660802","0.266667"
"1979667920","2049106693","0.6"
"2049106693","1979667920","0.6"
"1979667920","59663849","0.0666667"
"59663849","1979667920","0.0666667"
"1979667920","68212549","0.0666667"
"68212549","1979667920","0.0666667"
"1995965340","2049106693","1.8"
"2049106693","1995965340","1.8"
"1995965340","2140697782","0.316667"
"2140697782","1995965340","0.316667"
