"1502620340","1983817047","0.166667"
"1983817047","1502620340","0.166667"
"1502620340","2005029151","0.166667"
"2005029151","1502620340","0.166667"
"1502620340","2076676510","0.491667"
"2076676510","1502620340","0.491667"
"1502620340","2125719308","0.491667"
"2125719308","1502620340","0.491667"
"1502620340","2950847833","0.291667"
"2950847833","1502620340","0.291667"
"1502620340","2950913979","0.491667"
"2950913979","1502620340","0.491667"
"1983817047","2005029151","0.166667"
"2005029151","1983817047","0.166667"
"1983817047","2076676510","0.166667"
"2076676510","1983817047","0.166667"
"1983817047","2125719308","0.166667"
"2125719308","1983817047","0.166667"
"1983817047","2950847833","0.166667"
"2950847833","1983817047","0.166667"
"1983817047","2950913979","0.166667"
"2950913979","1983817047","0.166667"
"2005029151","2076676510","0.625"
"2076676510","2005029151","0.625"
"2005029151","2125719308","7.30877"
"2125719308","2005029151","7.30877"
"2005029151","2950847833","3.325"
"2950847833","2005029151","3.325"
"2005029151","2950913979","3.68377"
"2950913979","2005029151","3.68377"
"2076676510","2125719308","0.95"
"2125719308","2076676510","0.95"
"2076676510","2950847833","0.625"
"2950847833","2076676510","0.625"
"2076676510","2950913979","0.616667"
"2950913979","2076676510","0.616667"
"2125719308","2950847833","2.45"
"2950847833","2125719308","2.45"
"2125719308","2950913979","8.50877"
"2950913979","2125719308","8.50877"
"2950847833","2950913979","1.36667"
"2950913979","2950847833","1.36667"
"1502620340","1896012157","0.325"
"1896012157","1502620340","0.325"
"1502620340","2039934611","0.125"
"2039934611","1502620340","0.125"
"1502620340","2285467952","0.125"
"2285467952","1502620340","0.125"
"1502620340","953446252","0.325"
"953446252","1502620340","0.325"
"1896012157","2039934611","1.02543"
"2039934611","1896012157","1.02543"
"1896012157","2076676510","0.45"
"2076676510","1896012157","0.45"
"1896012157","2125719308","3.3921"
"2125719308","1896012157","3.3921"
"1896012157","2285467952","1.33333"
"2285467952","1896012157","1.33333"
"1896012157","2950847833","0.375"
"2950847833","1896012157","0.375"
"1896012157","2950913979","3.0171"
"2950913979","1896012157","3.0171"
"1896012157","953446252","1.075"
"953446252","1896012157","1.075"
"2039934611","2076676510","0.125"
"2076676510","2039934611","0.125"
"2039934611","2125719308","0.858766"
"2125719308","2039934611","0.858766"
"2039934611","2285467952","0.208333"
"2285467952","2039934611","0.208333"
"2039934611","2950847833","0.208333"
"2950847833","2039934611","0.208333"
"2039934611","2950913979","1.35877"
"2950913979","2039934611","1.35877"
"2039934611","953446252","0.208333"
"953446252","2039934611","0.208333"
"2076676510","2285467952","0.25"
"2285467952","2076676510","0.25"
"2076676510","953446252","0.45"
"953446252","2076676510","0.45"
"2125719308","2285467952","0.583333"
"2285467952","2125719308","0.583333"
"2125719308","953446252","1.40833"
"953446252","2125719308","1.40833"
"2285467952","2950847833","0.458333"
"2950847833","2285467952","0.458333"
"2285467952","2950913979","0.333333"
"2950913979","2285467952","0.333333"
"2285467952","953446252","1.66667"
"953446252","2285467952","1.66667"
"2950847833","953446252","0.541667"
"953446252","2950847833","0.541667"
"2950913979","953446252","1.03333"
"953446252","2950913979","1.03333"
"1511978461","2001990389","5.13258"
"2001990389","1511978461","5.13258"
"1511978461","2150663910","5.13258"
"2150663910","1511978461","5.13258"
"2001990389","2150663910","8.67424"
"2150663910","2001990389","8.67424"
"1511978461","2024592497","1.50758"
"2024592497","1511978461","1.50758"
"1511978461","2089777274","0.632576"
"2089777274","1511978461","0.632576"
"1511978461","2619293690","0.416667"
"2619293690","1511978461","0.416667"
"2024592497","2089777274","0.507576"
"2089777274","2024592497","0.507576"
"2024592497","2619293690","0.416667"
"2619293690","2024592497","0.416667"
"2089777274","2619293690","3.40833"
"2619293690","2089777274","3.40833"
"2001990389","2024592497","1.17424"
"2024592497","2001990389","1.17424"
"2024592497","2150663910","1.17424"
"2150663910","2024592497","1.17424"
"1511978461","2005029151","0.299242"
"2005029151","1511978461","0.299242"
"1511978461","2125719308","0.299242"
"2125719308","1511978461","0.299242"
"1511978461","2890527151","0.125"
"2890527151","1511978461","0.125"
"1511978461","2950847833","0.125"
"2950847833","1511978461","0.125"
"1511978461","2950913979","0.299242"
"2950913979","1511978461","0.299242"
"2001990389","2005029151","1.46591"
"2005029151","2001990389","1.46591"
"2001990389","2089777274","1.67424"
"2089777274","2001990389","1.67424"
"2001990389","2125719308","1.46591"
"2125719308","2001990389","1.46591"
"2001990389","2890527151","0.125"
"2890527151","2001990389","0.125"
"2001990389","2950847833","0.208333"
"2950847833","2001990389","0.208333"
"2001990389","2950913979","0.840909"
"2950913979","2001990389","0.840909"
"2005029151","2089777274","2.18377"
"2089777274","2005029151","2.18377"
"2005029151","2150663910","0.840909"
"2150663910","2005029151","0.840909"
"2005029151","2890527151","0.267857"
"2890527151","2005029151","0.267857"
"2089777274","2125719308","2.18377"
"2125719308","2089777274","2.18377"
"2089777274","2150663910","0.549242"
"2150663910","2089777274","0.549242"
"2089777274","2890527151","0.517857"
"2890527151","2089777274","0.517857"
"2089777274","2950847833","0.991667"
"2950847833","2089777274","0.991667"
"2089777274","2950913979","1.55877"
"2950913979","2089777274","1.55877"
"2125719308","2150663910","0.840909"
"2150663910","2125719308","0.840909"
"2125719308","2890527151","0.267857"
"2890527151","2125719308","0.267857"
"2150663910","2890527151","0.125"
"2890527151","2150663910","0.125"
"2150663910","2950847833","0.208333"
"2950847833","2150663910","0.208333"
"2150663910","2950913979","0.840909"
"2950913979","2150663910","0.840909"
"2890527151","2950847833","0.125"
"2950847833","2890527151","0.125"
"2890527151","2950913979","0.267857"
"2950913979","2890527151","0.267857"
"1511978461","1896012157","0.174242"
"1896012157","1511978461","0.174242"
"1511978461","2039934611","0.507576"
"2039934611","1511978461","0.507576"
"1511978461","2810091000","0.0833333"
"2810091000","1511978461","0.0833333"
"1511978461","2904644900","0.0833333"
"2904644900","1511978461","0.0833333"
"1896012157","2001990389","0.507576"
"2001990389","1896012157","0.507576"
"1896012157","2005029151","1.5671"
"2005029151","1896012157","1.5671"
"1896012157","2024592497","0.174242"
"2024592497","1896012157","0.174242"
"1896012157","2089777274","1.1921"
"2089777274","1896012157","1.1921"
"1896012157","2150663910","0.382576"
"2150663910","1896012157","0.382576"
"1896012157","2619293690","0.541667"
"2619293690","1896012157","0.541667"
"1896012157","2810091000","0.333333"
"2810091000","1896012157","0.333333"
"1896012157","2904644900","0.0833333"
"2904644900","1896012157","0.0833333"
"2001990389","2039934611","2.09091"
"2039934611","2001990389","2.09091"
"2001990389","2619293690","0.791667"
"2619293690","2001990389","0.791667"
"2001990389","2810091000","0.0833333"
"2810091000","2001990389","0.0833333"
"2001990389","2904644900","0.0833333"
"2904644900","2001990389","0.0833333"
"2005029151","2024592497","0.174242"
"2024592497","2005029151","0.174242"
"2005029151","2039934611","0.733766"
"2039934611","2005029151","0.733766"
"2005029151","2619293690","0.491667"
"2619293690","2005029151","0.491667"
"2005029151","2810091000","0.25"
"2810091000","2005029151","0.25"
"2005029151","2904644900","0.0833333"
"2904644900","2005029151","0.0833333"
"2024592497","2039934611","0.174242"
"2039934611","2024592497","0.174242"
"2024592497","2125719308","0.174242"
"2125719308","2024592497","0.174242"
"2024592497","2810091000","0.583333"
"2810091000","2024592497","0.583333"
"2024592497","2904644900","0.0833333"
"2904644900","2024592497","0.0833333"
"2024592497","2950913979","0.174242"
"2950913979","2024592497","0.174242"
"2039934611","2089777274","1.90043"
"2089777274","2039934611","1.90043"
"2039934611","2150663910","0.590909"
"2150663910","2039934611","0.590909"
"2039934611","2619293690","0.166667"
"2619293690","2039934611","0.166667"
"2039934611","2810091000","0.583333"
"2810091000","2039934611","0.583333"
"2039934611","2904644900","0.0833333"
"2904644900","2039934611","0.0833333"
"2089777274","2810091000","0.5"
"2810091000","2089777274","0.5"
"2089777274","2904644900","0.0833333"
"2904644900","2089777274","0.0833333"
"2125719308","2619293690","0.491667"
"2619293690","2125719308","0.491667"
"2125719308","2810091000","0.25"
"2810091000","2125719308","0.25"
"2125719308","2904644900","0.0833333"
"2904644900","2125719308","0.0833333"
"2150663910","2619293690","0.166667"
"2619293690","2150663910","0.166667"
"2150663910","2810091000","0.0833333"
"2810091000","2150663910","0.0833333"
"2150663910","2904644900","0.0833333"
"2904644900","2150663910","0.0833333"
"2619293690","2810091000","0.333333"
"2810091000","2619293690","0.333333"
"2619293690","2904644900","0.0833333"
"2904644900","2619293690","0.0833333"
"2619293690","2950913979","0.366667"
"2950913979","2619293690","0.366667"
"2810091000","2904644900","1.41667"
"2904644900","2810091000","1.41667"
"2810091000","2950913979","0.25"
"2950913979","2810091000","0.25"
"2904644900","2950913979","0.0833333"
"2950913979","2904644900","0.0833333"
"1511978461","2034413748","0.0909091"
"2034413748","1511978461","0.0909091"
"1511978461","2886522493","0.0909091"
"2886522493","1511978461","0.0909091"
"1896012157","2034413748","0.0909091"
"2034413748","1896012157","0.0909091"
"1896012157","2886522493","0.0909091"
"2886522493","1896012157","0.0909091"
"2001990389","2034413748","0.257576"
"2034413748","2001990389","0.257576"
"2001990389","2886522493","0.257576"
"2886522493","2001990389","0.257576"
"2005029151","2034413748","0.257576"
"2034413748","2005029151","0.257576"
"2005029151","2886522493","0.257576"
"2886522493","2005029151","0.257576"
"2024592497","2034413748","0.0909091"
"2034413748","2024592497","0.0909091"
"2024592497","2886522493","0.0909091"
"2886522493","2024592497","0.0909091"
"2034413748","2039934611","0.0909091"
"2039934611","2034413748","0.0909091"
"2034413748","2089777274","0.0909091"
"2089777274","2034413748","0.0909091"
"2034413748","2125719308","0.257576"
"2125719308","2034413748","0.257576"
"2034413748","2150663910","0.257576"
"2150663910","2034413748","0.257576"
"2034413748","2886522493","0.257576"
"2886522493","2034413748","0.257576"
"2034413748","2950913979","0.257576"
"2950913979","2034413748","0.257576"
"2039934611","2886522493","0.0909091"
"2886522493","2039934611","0.0909091"
"2089777274","2886522493","0.0909091"
"2886522493","2089777274","0.0909091"
"2125719308","2886522493","0.257576"
"2886522493","2125719308","0.257576"
"2150663910","2886522493","0.257576"
"2886522493","2150663910","0.257576"
"2886522493","2950913979","0.257576"
"2950913979","2886522493","0.257576"
"1514298973","2150450220","6.91667"
"2150450220","1514298973","6.91667"
"1514298973","2121790844","1.58333"
"2121790844","1514298973","1.58333"
"1514298973","2127620388","1.58333"
"2127620388","1514298973","1.58333"
"2121790844","2127620388","4.58333"
"2127620388","2121790844","4.58333"
"2121790844","2150450220","1.58333"
"2150450220","2121790844","1.58333"
"2127620388","2150450220","1.58333"
"2150450220","2127620388","1.58333"
"1514298973","1677740756","0.166667"
"1677740756","1514298973","0.166667"
"1514298973","2005029151","0.166667"
"2005029151","1514298973","0.166667"
"1514298973","2125719308","0.166667"
"2125719308","1514298973","0.166667"
"1677740756","2005029151","0.166667"
"2005029151","1677740756","0.166667"
"1677740756","2121790844","0.166667"
"2121790844","1677740756","0.166667"
"1677740756","2125719308","0.166667"
"2125719308","1677740756","0.166667"
"1677740756","2127620388","0.166667"
"2127620388","1677740756","0.166667"
"1677740756","2150450220","0.166667"
"2150450220","1677740756","0.166667"
"2005029151","2121790844","0.166667"
"2121790844","2005029151","0.166667"
"2005029151","2127620388","0.166667"
"2127620388","2005029151","0.166667"
"2005029151","2150450220","0.166667"
"2150450220","2005029151","0.166667"
"2121790844","2125719308","0.166667"
"2125719308","2121790844","0.166667"
"2125719308","2127620388","0.166667"
"2127620388","2125719308","0.166667"
"2125719308","2150450220","0.166667"
"2150450220","2125719308","0.166667"
"1514298973","2126121015","0.5"
"2126121015","1514298973","0.5"
"1514298973","2133076806","0.5"
"2133076806","1514298973","0.5"
"2126121015","2133076806","13.5833"
"2133076806","2126121015","13.5833"
"2126121015","2150450220","0.5"
"2150450220","2126121015","0.5"
"2133076806","2150450220","0.5"
"2150450220","2133076806","0.5"
"1514298973","2142546606","0.5"
"2142546606","1514298973","0.5"
"2142546606","2150450220","0.5"
"2150450220","2142546606","0.5"
"1514298973","2034413748","0.75"
"2034413748","1514298973","0.75"
"2034413748","2121790844","0.25"
"2121790844","2034413748","0.25"
"2034413748","2127620388","0.25"
"2127620388","2034413748","0.25"
"2034413748","2150450220","0.75"
"2150450220","2034413748","0.75"
"1514298973","2130348073","0.166667"
"2130348073","1514298973","0.166667"
"2121790844","2126121015","1.66667"
"2126121015","2121790844","1.66667"
"2121790844","2130348073","0.166667"
"2130348073","2121790844","0.166667"
"2121790844","2133076806","2.66667"
"2133076806","2121790844","2.66667"
"2126121015","2127620388","0.166667"
"2127620388","2126121015","0.166667"
"2126121015","2130348073","0.166667"
"2130348073","2126121015","0.166667"
"2127620388","2130348073","0.166667"
"2130348073","2127620388","0.166667"
"2127620388","2133076806","0.166667"
"2133076806","2127620388","0.166667"
"2130348073","2133076806","0.166667"
"2133076806","2130348073","0.166667"
"2130348073","2150450220","0.166667"
"2150450220","2130348073","0.166667"
"1524799739","2126121015","1.75"
"2126121015","1524799739","1.75"
"1524799739","1924758592","2.25"
"1924758592","1524799739","2.25"
"1524799739","1983817047","2.33333"
"1983817047","1524799739","2.33333"
"1524799739","1768601545","0.25"
"1768601545","1524799739","0.25"
"1524799739","2133076806","0.75"
"2133076806","1524799739","0.75"
"1768601545","1924758592","1.58333"
"1924758592","1768601545","1.58333"
"1768601545","2126121015","3.08333"
"2126121015","1768601545","3.08333"
"1768601545","2133076806","3.20833"
"2133076806","1768601545","3.20833"
"1924758592","2126121015","0.583333"
"2126121015","1924758592","0.583333"
"1924758592","2133076806","0.583333"
"2133076806","1924758592","0.583333"
"1524799739","1677740756","0.333333"
"1677740756","1524799739","0.333333"
"1524799739","1984586514","0.333333"
"1984586514","1524799739","0.333333"
"1677740756","1983817047","3.83333"
"1983817047","1677740756","3.83333"
"1677740756","1984586514","0.833333"
"1984586514","1677740756","0.833333"
"1983817047","1984586514","8.33333"
"1984586514","1983817047","8.33333"
"1524799739","1896012157","1"
"1896012157","1524799739","1"
"1768601545","2039934611","1.22619"
"2039934611","1768601545","1.22619"
"1768601545","2089777274","2.85119"
"2089777274","1768601545","2.85119"
"1768601545","953446252","0.708333"
"953446252","1768601545","0.708333"
"2089777274","953446252","4.29167"
"953446252","2089777274","4.29167"
"1768601545","1896012157","0.35119"
"1896012157","1768601545","0.35119"
"1768601545","2001990389","0.208333"
"2001990389","1768601545","0.208333"
"1768601545","2005029151","0.35119"
"2005029151","1768601545","0.35119"
"1768601545","2125719308","0.35119"
"2125719308","1768601545","0.35119"
"1768601545","2619293690","0.208333"
"2619293690","1768601545","0.208333"
"1896012157","2133076806","0.125"
"2133076806","1896012157","0.125"
"2001990389","2133076806","0.125"
"2133076806","2001990389","0.125"
"2001990389","953446252","0.5"
"953446252","2001990389","0.5"
"2005029151","2133076806","0.125"
"2133076806","2005029151","0.125"
"2005029151","953446252","1.08333"
"953446252","2005029151","1.08333"
"2089777274","2133076806","0.125"
"2133076806","2089777274","0.125"
"2125719308","2133076806","0.125"
"2133076806","2125719308","0.125"
"2133076806","2619293690","0.125"
"2619293690","2133076806","0.125"
"2133076806","953446252","0.125"
"953446252","2133076806","0.125"
"2619293690","953446252","1.04167"
"953446252","2619293690","1.04167"
"1768601545","2150663910","0.0833333"
"2150663910","1768601545","0.0833333"
"1768601545","2285467952","0.0833333"
"2285467952","1768601545","0.0833333"
"1768601545","2950847833","0.0833333"
"2950847833","1768601545","0.0833333"
"1768601545","2950913979","0.22619"
"2950913979","1768601545","0.22619"
"2001990389","2285467952","1.20833"
"2285467952","2001990389","1.20833"
"2005029151","2285467952","0.458333"
"2285467952","2005029151","0.458333"
"2089777274","2285467952","3.66667"
"2285467952","2089777274","3.66667"
"2150663910","2285467952","0.208333"
"2285467952","2150663910","0.208333"
"2150663910","953446252","0.375"
"953446252","2150663910","0.375"
"2285467952","2619293690","0.416667"
"2619293690","2285467952","0.416667"
"2619293690","2950847833","0.283333"
"2950847833","2619293690","0.283333"
"1768601545","2890527151","0.142857"
"2890527151","1768601545","0.142857"
"1896012157","2890527151","0.392857"
"2890527151","1896012157","0.392857"
"2039934611","2890527151","0.642857"
"2890527151","2039934611","0.642857"
"2619293690","2890527151","0.25"
"2890527151","2619293690","0.25"
"2810091000","2890527151","6.58333"
"2890527151","2810091000","6.58333"
"2001990389","2076676510","0.125"
"2076676510","2001990389","0.125"
"2076676510","2150663910","0.125"
"2150663910","2076676510","0.125"
"1958068621","2043579558","8.66667"
"2043579558","1958068621","8.66667"
"1958068621","2050379150","5.66667"
"2050379150","1958068621","5.66667"
"1958068621","2541878300","2.83333"
"2541878300","1958068621","2.83333"
"2043579558","2050379150","4.66667"
"2050379150","2043579558","4.66667"
"2043579558","2541878300","4.83333"
"2541878300","2043579558","4.83333"
"2050379150","2541878300","7.33333"
"2541878300","2050379150","7.33333"
"1958068621","2063076757","0.833333"
"2063076757","1958068621","0.833333"
"2043579558","2063076757","0.833333"
"2063076757","2043579558","0.833333"
"2050379150","2063076757","0.333333"
"2063076757","2050379150","0.333333"
"1983817047","2130348073","1.5"
"2130348073","1983817047","1.5"
"1984586514","2130348073","0.5"
"2130348073","1984586514","0.5"
"2810091000","2950847833","0.166667"
"2950847833","2810091000","0.166667"
"2810091000","953446252","0.166667"
"953446252","2810091000","0.166667"
"2024592497","2285467952","0.5"
"2285467952","2024592497","0.5"
"2285467952","2810091000","0.833333"
"2810091000","2285467952","0.833333"
"2034413748","2142546606","3"
"2142546606","2034413748","3"
"2285467952","2890527151","0.333333"
"2890527151","2285467952","0.333333"
"2285467952","2892289067","0.333333"
"2892289067","2285467952","0.333333"
"2810091000","2892289067","1.16667"
"2892289067","2810091000","1.16667"
"2890527151","2892289067","0.833333"
"2892289067","2890527151","0.833333"
"2810091000","2886522493","0.333333"
"2886522493","2810091000","0.333333"
"2886522493","2892289067","0.833333"
"2892289067","2886522493","0.833333"
"2886522493","2904644900","1.83333"
"2904644900","2886522493","1.83333"
"2892289067","2904644900","0.833333"
"2904644900","2892289067","0.833333"
