"117989370","2264438182","3.97778"
"2264438182","117989370","3.97778"
"117989370","2543975175","1.7"
"2543975175","117989370","1.7"
"2264438182","2543975175","4.28333"
"2543975175","2264438182","4.28333"
"117989370","1470414024","3.61111"
"1470414024","117989370","3.61111"
"117989370","2152581500","3.72778"
"2152581500","117989370","3.72778"
"2152581500","2264438182","2.97778"
"2264438182","2152581500","2.97778"
"117989370","160337788","0.533333"
"160337788","117989370","0.533333"
"1470414024","160337788","0.666667"
"160337788","1470414024","0.666667"
"1470414024","2152581500","3.36111"
"2152581500","1470414024","3.36111"
"160337788","2152581500","2.45"
"2152581500","160337788","2.45"
"117989370","1470878550","0.166667"
"1470878550","117989370","0.166667"
"117989370","1489759394","0.277778"
"1489759394","117989370","0.277778"
"117989370","2345502528","0.894444"
"2345502528","117989370","0.894444"
"117989370","2592495328","0.166667"
"2592495328","117989370","0.166667"
"1470414024","1470878550","1"
"1470878550","1470414024","1"
"1470414024","1489759394","7.01154"
"1489759394","1470414024","7.01154"
"1470414024","2264438182","1.20202"
"2264438182","1470414024","1.20202"
"1470414024","2345502528","4.76912"
"2345502528","1470414024","4.76912"
"1470414024","2592495328","1.09091"
"2592495328","1470414024","1.09091"
"1470878550","1489759394","1.5"
"1489759394","1470878550","1.5"
"1470878550","2264438182","0.809524"
"2264438182","1470878550","0.809524"
"1470878550","2345502528","1.64286"
"2345502528","1470878550","1.64286"
"1470878550","2592495328","0.416667"
"2592495328","1470878550","0.416667"
"1489759394","2264438182","1.36869"
"2264438182","1489759394","1.36869"
"1489759394","2345502528","5.01154"
"2345502528","1489759394","5.01154"
"1489759394","2592495328","0.666667"
"2592495328","1489759394","0.666667"
"2264438182","2345502528","6.04488"
"2345502528","2264438182","6.04488"
"2264438182","2592495328","0.166667"
"2592495328","2264438182","0.166667"
"2345502528","2592495328","2.68377"
"2592495328","2345502528","2.68377"
"117989370","1619957770","0.166667"
"1619957770","117989370","0.166667"
"117989370","2066569948","0.166667"
"2066569948","117989370","0.166667"
"117989370","2089405347","1.41667"
"2089405347","117989370","1.41667"
"117989370","2159985611","0.166667"
"2159985611","117989370","0.166667"
"1619957770","2066569948","2.65043"
"2066569948","1619957770","2.65043"
"1619957770","2089405347","0.166667"
"2089405347","1619957770","0.166667"
"1619957770","2159985611","2.16667"
"2159985611","1619957770","2.16667"
"1619957770","2264438182","0.590909"
"2264438182","1619957770","0.590909"
"1619957770","2345502528","1.65801"
"2345502528","1619957770","1.65801"
"2066569948","2089405347","0.166667"
"2089405347","2066569948","0.166667"
"2066569948","2159985611","7.375"
"2159985611","2066569948","7.375"
"2066569948","2264438182","0.833333"
"2264438182","2066569948","0.833333"
"2066569948","2345502528","1.3171"
"2345502528","2066569948","1.3171"
"2089405347","2159985611","0.166667"
"2159985611","2089405347","0.166667"
"2089405347","2264438182","2.75"
"2264438182","2089405347","2.75"
"2089405347","2345502528","0.166667"
"2345502528","2089405347","0.166667"
"2159985611","2264438182","2.83333"
"2264438182","2159985611","2.83333"
"2159985611","2345502528","1.58333"
"2345502528","2159985611","1.58333"
"117989370","181641348","0.111111"
"181641348","117989370","0.111111"
"117989370","2397797004","0.111111"
"2397797004","117989370","0.111111"
"117989370","2806975785","0.111111"
"2806975785","117989370","0.111111"
"117989370","291463374","0.444444"
"291463374","117989370","0.444444"
"1470414024","181641348","0.20202"
"181641348","1470414024","0.20202"
"1470414024","2397797004","1.70202"
"2397797004","1470414024","1.70202"
"1470414024","2806975785","0.20202"
"2806975785","1470414024","0.20202"
"1470414024","291463374","1.11869"
"291463374","1470414024","1.11869"
"1489759394","181641348","0.368687"
"181641348","1489759394","0.368687"
"1489759394","2152581500","1.86111"
"2152581500","1489759394","1.86111"
"1489759394","2397797004","0.868687"
"2397797004","1489759394","0.868687"
"1489759394","2806975785","0.111111"
"2806975785","1489759394","0.111111"
"1489759394","291463374","0.694444"
"291463374","1489759394","0.694444"
"181641348","2152581500","0.811111"
"2152581500","181641348","0.811111"
"181641348","2264438182","0.711544"
"2264438182","181641348","0.711544"
"181641348","2345502528","0.678211"
"2345502528","181641348","0.678211"
"181641348","2397797004","2.46154"
"2397797004","181641348","2.46154"
"181641348","2806975785","1.31111"
"2806975785","181641348","1.31111"
"181641348","291463374","0.511111"
"291463374","181641348","0.511111"
"2152581500","2345502528","3.72778"
"2345502528","2152581500","3.72778"
"2152581500","2397797004","0.611111"
"2397797004","2152581500","0.611111"
"2152581500","2806975785","0.311111"
"2806975785","2152581500","0.311111"
"2152581500","291463374","0.977778"
"291463374","2152581500","0.977778"
"2264438182","2397797004","1.21154"
"2397797004","2264438182","1.21154"
"2264438182","2806975785","0.277778"
"2806975785","2264438182","0.277778"
"2264438182","291463374","0.444444"
"291463374","2264438182","0.444444"
"2345502528","2397797004","3.59488"
"2397797004","2345502528","3.59488"
"2345502528","2806975785","0.544877"
"2806975785","2345502528","0.544877"
"2345502528","291463374","2.96154"
"291463374","2345502528","2.96154"
"2397797004","2806975785","0.777778"
"2806975785","2397797004","0.777778"
"2397797004","291463374","2.44444"
"291463374","2397797004","2.44444"
"2806975785","291463374","5.99488"
"291463374","2806975785","5.99488"
"117989370","1491939073","0.25"
"1491939073","117989370","0.25"
"1491939073","2089405347","0.583333"
"2089405347","1491939073","0.583333"
"1491939073","2264438182","1.11667"
"2264438182","1491939073","1.11667"
"1491939073","2543975175","0.25"
"2543975175","1491939073","0.25"
"2089405347","2543975175","0.25"
"2543975175","2089405347","0.25"
"160337788","2264438182","1.78333"
"2264438182","160337788","1.78333"
"160337788","2345502528","1.86667"
"2345502528","160337788","1.86667"
"160337788","2543975175","1.95"
"2543975175","160337788","1.95"
"2152581500","2543975175","0.7"
"2543975175","2152581500","0.7"
"2345502528","2543975175","1.2"
"2543975175","2345502528","1.2"
"117989370","2293998631","1"
"2293998631","117989370","1"
"117989370","992315380","1"
"992315380","117989370","1"
"119974969","181641348","1.58333"
"181641348","119974969","1.58333"
"119974969","2065165348","3.98333"
"2065165348","119974969","3.98333"
"119974969","160337788","0.75"
"160337788","119974969","0.75"
"119974969","2345502528","0.583333"
"2345502528","119974969","0.583333"
"119974969","2397797004","0.25"
"2397797004","119974969","0.25"
"160337788","2065165348","0.75"
"2065165348","160337788","0.75"
"160337788","2397797004","0.916667"
"2397797004","160337788","0.916667"
"2065165348","2345502528","2.12361"
"2345502528","2065165348","2.12361"
"2065165348","2397797004","0.25"
"2397797004","2065165348","0.25"
"119974969","2152581500","0.333333"
"2152581500","119974969","0.333333"
"2065165348","2152581500","0.333333"
"2152581500","2065165348","0.333333"
"119974969","2496999740","0.9"
"2496999740","119974969","0.9"
"119974969","2506575532","0.316667"
"2506575532","119974969","0.316667"
"181641348","2065165348","0.583333"
"2065165348","181641348","0.583333"
"181641348","2496999740","2.25"
"2496999740","181641348","2.25"
"181641348","2506575532","0.25"
"2506575532","181641348","0.25"
"2065165348","2496999740","1.69028"
"2496999740","2065165348","1.69028"
"2065165348","2506575532","0.490278"
"2506575532","2065165348","0.490278"
"2496999740","2506575532","0.740278"
"2506575532","2496999740","0.740278"
"119974969","1491939073","0.0666667"
"1491939073","119974969","0.0666667"
"119974969","1993504803","0.0666667"
"1993504803","119974969","0.0666667"
"119974969","2088905840","0.0666667"
"2088905840","119974969","0.0666667"
"119974969","2168386979","0.0666667"
"2168386979","119974969","0.0666667"
"119974969","2196280524","0.0666667"
"2196280524","119974969","0.0666667"
"119974969","2399650766","0.0666667"
"2399650766","119974969","0.0666667"
"119974969","2541561249","0.0666667"
"2541561249","119974969","0.0666667"
"119974969","2561406066","0.0666667"
"2561406066","119974969","0.0666667"
"119974969","2889243863","0.316667"
"2889243863","119974969","0.316667"
"119974969","2946861259","0.0666667"
"2946861259","119974969","0.0666667"
"119974969","2951464300","0.0666667"
"2951464300","119974969","0.0666667"
"119974969","2952298953","0.0666667"
"2952298953","119974969","0.0666667"
"1491939073","1993504803","0.295833"
"1993504803","1491939073","0.295833"
"1491939073","2065165348","0.129167"
"2065165348","1491939073","0.129167"
"1491939073","2088905840","1.2125"
"2088905840","1491939073","1.2125"
"1491939073","2168386979","0.129167"
"2168386979","1491939073","0.129167"
"1491939073","2196280524","0.129167"
"2196280524","1491939073","0.129167"
"1491939073","2399650766","0.6625"
"2399650766","1491939073","0.6625"
"1491939073","2496999740","0.295833"
"2496999740","1491939073","0.295833"
"1491939073","2506575532","1.2125"
"2506575532","1491939073","1.2125"
"1491939073","2541561249","0.129167"
"2541561249","1491939073","0.129167"
"1491939073","2561406066","1.12917"
"2561406066","1491939073","1.12917"
"1491939073","2889243863","0.129167"
"2889243863","1491939073","0.129167"
"1491939073","2946861259","0.129167"
"2946861259","1491939073","0.129167"
"1491939073","2951464300","0.129167"
"2951464300","1491939073","0.129167"
"1491939073","2952298953","0.129167"
"2952298953","1491939073","0.129167"
"1993504803","2065165348","0.295833"
"2065165348","1993504803","0.295833"
"1993504803","2088905840","1.59627"
"2088905840","1993504803","1.59627"
"1993504803","2168386979","0.129167"
"2168386979","1993504803","0.129167"
"1993504803","2196280524","2.6125"
"2196280524","1993504803","2.6125"
"1993504803","2399650766","0.629167"
"2399650766","1993504803","0.629167"
"1993504803","2496999740","0.4625"
"2496999740","1993504803","0.4625"
"1993504803","2506575532","0.129167"
"2506575532","1993504803","0.129167"
"1993504803","2541561249","0.129167"
"2541561249","1993504803","0.129167"
"1993504803","2561406066","0.386742"
"2561406066","1993504803","0.386742"
"1993504803","2889243863","0.295833"
"2889243863","1993504803","0.295833"
"1993504803","2946861259","0.295833"
"2946861259","1993504803","0.295833"
"1993504803","2951464300","0.8625"
"2951464300","1993504803","0.8625"
"1993504803","2952298953","1.6125"
"2952298953","1993504803","1.6125"
"2065165348","2088905840","0.129167"
"2088905840","2065165348","0.129167"
"2065165348","2168386979","0.490278"
"2168386979","2065165348","0.490278"
"2065165348","2196280524","0.129167"
"2196280524","2065165348","0.129167"
"2065165348","2399650766","0.856944"
"2399650766","2065165348","0.856944"
"2065165348","2541561249","0.129167"
"2541561249","2065165348","0.129167"
"2065165348","2561406066","0.240278"
"2561406066","2065165348","0.240278"
"2065165348","2889243863","1.10694"
"2889243863","2065165348","1.10694"
"2065165348","2946861259","0.606944"
"2946861259","2065165348","0.606944"
"2065165348","2951464300","0.129167"
"2951464300","2065165348","0.129167"
"2065165348","2952298953","0.129167"
"2952298953","2065165348","0.129167"
"2088905840","2168386979","0.129167"
"2168386979","2088905840","0.129167"
"2088905840","2196280524","2.9125"
"2196280524","2088905840","2.9125"
"2088905840","2399650766","0.829167"
"2399650766","2088905840","0.829167"
"2088905840","2496999740","0.295833"
"2496999740","2088905840","0.295833"
"2088905840","2506575532","0.129167"
"2506575532","2088905840","0.129167"
"2088905840","2541561249","0.329167"
"2541561249","2088905840","0.329167"
"2088905840","2561406066","0.620509"
"2561406066","2088905840","0.620509"
"2088905840","2889243863","0.495833"
"2889243863","2088905840","0.495833"
"2088905840","2946861259","0.129167"
"2946861259","2088905840","0.129167"
"2088905840","2951464300","2.7125"
"2951464300","2088905840","2.7125"
"2088905840","2952298953","2.4125"
"2952298953","2088905840","2.4125"
"2168386979","2196280524","0.129167"
"2196280524","2168386979","0.129167"
"2168386979","2399650766","2.19028"
"2399650766","2168386979","2.19028"
"2168386979","2496999740","0.690278"
"2496999740","2168386979","0.690278"
"2168386979","2506575532","0.240278"
"2506575532","2168386979","0.240278"
"2168386979","2541561249","0.129167"
"2541561249","2168386979","0.129167"
"2168386979","2561406066","0.440278"
"2561406066","2168386979","0.440278"
"2168386979","2889243863","1.39028"
"2889243863","2168386979","1.39028"
"2168386979","2946861259","0.440278"
"2946861259","2168386979","0.440278"
"2168386979","2951464300","0.129167"
"2951464300","2168386979","0.129167"
"2168386979","2952298953","0.129167"
"2952298953","2168386979","0.129167"
"2196280524","2399650766","0.495833"
"2399650766","2196280524","0.495833"
"2196280524","2496999740","0.129167"
"2496999740","2196280524","0.129167"
"2196280524","2506575532","0.129167"
"2506575532","2196280524","0.129167"
"2196280524","2541561249","0.329167"
"2541561249","2196280524","0.329167"
"2196280524","2561406066","0.129167"
"2561406066","2196280524","0.129167"
"2196280524","2889243863","0.495833"
"2889243863","2196280524","0.495833"
"2196280524","2946861259","0.129167"
"2946861259","2196280524","0.129167"
"2196280524","2951464300","9.87917"
"2951464300","2196280524","9.87917"
"2196280524","2952298953","14.3292"
"2952298953","2196280524","14.3292"
"2399650766","2496999740","3.80694"
"2496999740","2399650766","3.80694"
"2399650766","2506575532","0.240278"
"2506575532","2399650766","0.240278"
"2399650766","2541561249","1.29583"
"2541561249","2399650766","1.29583"
"2399650766","2561406066","0.573611"
"2561406066","2399650766","0.573611"
"2399650766","2889243863","6.47361"
"2889243863","2399650766","6.47361"
"2399650766","2946861259","4.55694"
"2946861259","2399650766","4.55694"
"2399650766","2951464300","0.495833"
"2951464300","2399650766","0.495833"
"2399650766","2952298953","0.495833"
"2952298953","2399650766","0.495833"
"2496999740","2541561249","2.54583"
"2541561249","2496999740","2.54583"
"2496999740","2561406066","2.07361"
"2561406066","2496999740","2.07361"
"2496999740","2889243863","4.89028"
"2889243863","2496999740","4.89028"
"2496999740","2946861259","2.80694"
"2946861259","2496999740","2.80694"
"2496999740","2951464300","0.129167"
"2951464300","2496999740","0.129167"
"2496999740","2952298953","0.129167"
"2952298953","2496999740","0.129167"
"2506575532","2541561249","0.129167"
"2541561249","2506575532","0.129167"
"2506575532","2561406066","3.44861"
"2561406066","2506575532","3.44861"
"2506575532","2889243863","0.490278"
"2889243863","2506575532","0.490278"
"2506575532","2946861259","0.240278"
"2946861259","2506575532","0.240278"
"2506575532","2951464300","0.129167"
"2951464300","2506575532","0.129167"
"2506575532","2952298953","0.129167"
"2952298953","2506575532","0.129167"
"2541561249","2561406066","0.7125"
"2561406066","2541561249","0.7125"
"2541561249","2889243863","1.74583"
"2889243863","2541561249","1.74583"
"2541561249","2946861259","1.4625"
"2946861259","2541561249","1.4625"
"2541561249","2951464300","0.129167"
"2951464300","2541561249","0.129167"
"2541561249","2952298953","0.329167"
"2952298953","2541561249","0.329167"
"2561406066","2889243863","1.60694"
"2889243863","2561406066","1.60694"
"2561406066","2946861259","1.32361"
"2946861259","2561406066","1.32361"
"2561406066","2951464300","0.129167"
"2951464300","2561406066","0.129167"
"2561406066","2952298953","0.129167"
"2952298953","2561406066","0.129167"
"2889243863","2946861259","11.1403"
"2946861259","2889243863","11.1403"
"2889243863","2951464300","0.295833"
"2951464300","2889243863","0.295833"
"2889243863","2952298953","0.495833"
"2952298953","2889243863","0.495833"
"2946861259","2951464300","0.129167"
"2951464300","2946861259","0.129167"
"2946861259","2952298953","0.129167"
"2952298953","2946861259","0.129167"
"2951464300","2952298953","8.37917"
"2952298953","2951464300","8.37917"
"119974969","2806975785","0.25"
"2806975785","119974969","0.25"
"2065165348","2806975785","0.25"
"2806975785","2065165348","0.25"
"2496999740","2806975785","0.5"
"2806975785","2496999740","0.5"
"2806975785","2889243863","1.5"
"2889243863","2806975785","1.5"
"1470414024","2051003858","2.00758"
"2051003858","1470414024","2.00758"
"2051003858","2345502528","1.55043"
"2345502528","2051003858","1.55043"
"2051003858","2592495328","2.2671"
"2592495328","2051003858","2.2671"
"1489759394","2051003858","0.583333"
"2051003858","1489759394","0.583333"
"1470414024","2734859600","0.583333"
"2734859600","1470414024","0.583333"
"1489759394","2734859600","0.25"
"2734859600","1489759394","0.25"
"2345502528","2734859600","1.61667"
"2734859600","2345502528","1.61667"
"2734859600","291463374","12.9333"
"291463374","2734859600","12.9333"
"1470414024","1619957770","1.99134"
"1619957770","1470414024","1.99134"
"1470414024","2066569948","0.5671"
"2066569948","1470414024","0.5671"
"1470414024","2159985611","0.333333"
"2159985611","1470414024","0.333333"
"1470414024","55524910","0.400433"
"55524910","1470414024","0.400433"
"1489759394","1619957770","0.5671"
"1619957770","1489759394","0.5671"
"1489759394","2066569948","0.47619"
"2066569948","1489759394","0.47619"
"1489759394","2159985611","0.333333"
"2159985611","1489759394","0.333333"
"1489759394","55524910","0.400433"
"55524910","1489759394","0.400433"
"1619957770","55524910","0.650433"
"55524910","1619957770","0.650433"
"2066569948","55524910","0.809524"
"55524910","2066569948","0.809524"
"2159985611","55524910","0.416667"
"55524910","2159985611","0.416667"
"2345502528","55524910","2.79329"
"55524910","2345502528","2.79329"
"1470414024","2541561249","0.5"
"2541561249","1470414024","0.5"
"1489759394","2541561249","0.5"
"2541561249","1489759394","0.5"
"1619957770","2397797004","0.257576"
"2397797004","1619957770","0.257576"
"2066569948","2397797004","0.166667"
"2397797004","2066569948","0.166667"
"2159985611","2397797004","0.166667"
"2397797004","2159985611","0.166667"
"1470414024","2946861259","0.333333"
"2946861259","1470414024","0.333333"
"1470878550","2946861259","0.833333"
"2946861259","1470878550","0.833333"
"1489759394","2946861259","0.333333"
"2946861259","1489759394","0.333333"
"1470414024","2088905840","0.324675"
"2088905840","1470414024","0.324675"
"1470414024","992315380","1.65801"
"992315380","1470414024","1.65801"
"1489759394","2088905840","0.400433"
"2088905840","1489759394","0.400433"
"1489759394","992315380","0.233766"
"992315380","1489759394","0.233766"
"1619957770","2088905840","0.324675"
"2088905840","1619957770","0.324675"
"1619957770","992315380","1.65801"
"992315380","1619957770","1.65801"
"2066569948","2088905840","0.233766"
"2088905840","2066569948","0.233766"
"2066569948","992315380","0.233766"
"992315380","2066569948","0.233766"
"2088905840","2345502528","3.70622"
"2345502528","2088905840","3.70622"
"2088905840","55524910","0.376623"
"55524910","2088905840","0.376623"
"2088905840","992315380","4.56337"
"992315380","2088905840","4.56337"
"2345502528","992315380","0.974477"
"992315380","2345502528","0.974477"
"55524910","992315380","0.233766"
"992315380","55524910","0.233766"
"1470878550","2152581500","1.58333"
"2152581500","1470878550","1.58333"
"1470414024","2044485718","0.0909091"
"2044485718","1470414024","0.0909091"
"1470414024","2561406066","0.181818"
"2561406066","1470414024","0.181818"
"1619957770","2044485718","0.0909091"
"2044485718","1619957770","0.0909091"
"1619957770","2051003858","0.840909"
"2051003858","1619957770","0.840909"
"1619957770","2561406066","0.181818"
"2561406066","1619957770","0.181818"
"1619957770","2592495328","0.340909"
"2592495328","1619957770","0.340909"
"1619957770","2806975785","0.0909091"
"2806975785","1619957770","0.0909091"
"1619957770","291463374","0.0909091"
"291463374","1619957770","0.0909091"
"2044485718","2051003858","0.0909091"
"2051003858","2044485718","0.0909091"
"2044485718","2066569948","0.0909091"
"2066569948","2044485718","0.0909091"
"2044485718","2088905840","0.757576"
"2088905840","2044485718","0.757576"
"2044485718","2345502528","0.0909091"
"2345502528","2044485718","0.0909091"
"2044485718","2561406066","0.0909091"
"2561406066","2044485718","0.0909091"
"2044485718","2592495328","0.0909091"
"2592495328","2044485718","0.0909091"
"2044485718","2806975785","0.0909091"
"2806975785","2044485718","0.0909091"
"2044485718","291463374","0.0909091"
"291463374","2044485718","0.0909091"
"2044485718","992315380","0.257576"
"992315380","2044485718","0.257576"
"2051003858","2066569948","0.965909"
"2066569948","2051003858","0.965909"
"2051003858","2088905840","0.233766"
"2088905840","2051003858","0.233766"
"2051003858","2561406066","0.558766"
"2561406066","2051003858","0.558766"
"2051003858","2806975785","0.433766"
"2806975785","2051003858","0.433766"
"2051003858","291463374","0.7671"
"291463374","2051003858","0.7671"
"2051003858","992315380","0.0909091"
"992315380","2051003858","0.0909091"
"2066569948","2561406066","0.215909"
"2561406066","2066569948","0.215909"
"2066569948","2592495328","0.590909"
"2592495328","2066569948","0.590909"
"2066569948","2806975785","0.0909091"
"2806975785","2066569948","0.0909091"
"2066569948","291463374","0.0909091"
"291463374","2066569948","0.0909091"
"2088905840","2592495328","0.233766"
"2592495328","2088905840","0.233766"
"2088905840","2806975785","1.40043"
"2806975785","2088905840","1.40043"
"2088905840","291463374","0.233766"
"291463374","2088905840","0.233766"
"2345502528","2561406066","1.86495"
"2561406066","2345502528","1.86495"
"2561406066","2592495328","0.233766"
"2592495328","2561406066","0.233766"
"2561406066","2806975785","0.483766"
"2806975785","2561406066","0.483766"
"2561406066","291463374","0.433766"
"291463374","2561406066","0.433766"
"2561406066","992315380","0.355429"
"992315380","2561406066","0.355429"
"2592495328","2806975785","0.433766"
"2806975785","2592495328","0.433766"
"2592495328","291463374","0.433766"
"291463374","2592495328","0.433766"
"2592495328","992315380","0.0909091"
"992315380","2592495328","0.0909091"
"2806975785","992315380","0.0909091"
"992315380","2806975785","0.0909091"
"291463374","992315380","0.0909091"
"992315380","291463374","0.0909091"
"1470414024","1993504803","0.0909091"
"1993504803","1470414024","0.0909091"
"1489759394","1993504803","0.0909091"
"1993504803","1489759394","0.0909091"
"1489759394","2561406066","0.0909091"
"2561406066","1489759394","0.0909091"
"1619957770","181641348","0.0909091"
"181641348","1619957770","0.0909091"
"1619957770","1993504803","0.0909091"
"1993504803","1619957770","0.0909091"
"181641348","1993504803","0.600433"
"1993504803","181641348","0.600433"
"181641348","2088905840","1.5171"
"2088905840","181641348","1.5171"
"181641348","2561406066","0.957576"
"2561406066","181641348","0.957576"
"181641348","55524910","0.0909091"
"55524910","181641348","0.0909091"
"181641348","992315380","0.233766"
"992315380","181641348","0.233766"
"1993504803","2264438182","0.233766"
"2264438182","1993504803","0.233766"
"1993504803","2345502528","0.6296"
"2345502528","1993504803","0.6296"
"1993504803","2397797004","0.233766"
"2397797004","1993504803","0.233766"
"1993504803","55524910","0.0909091"
"55524910","1993504803","0.0909091"
"1993504803","992315380","0.462933"
"992315380","1993504803","0.462933"
"2088905840","2264438182","0.900433"
"2264438182","2088905840","0.900433"
"2088905840","2397797004","2.48377"
"2397797004","2088905840","2.48377"
"2264438182","2561406066","1.25758"
"2561406066","2264438182","1.25758"
"2264438182","55524910","0.0909091"
"55524910","2264438182","0.0909091"
"2264438182","992315380","0.233766"
"992315380","2264438182","0.233766"
"2397797004","2561406066","0.0909091"
"2561406066","2397797004","0.0909091"
"2397797004","55524910","0.0909091"
"55524910","2397797004","0.0909091"
"2397797004","992315380","0.5671"
"992315380","2397797004","0.5671"
"2561406066","55524910","0.233766"
"55524910","2561406066","0.233766"
"1619957770","2152581500","0.333333"
"2152581500","1619957770","0.333333"
"2152581500","992315380","0.666667"
"992315380","2152581500","0.666667"
"160337788","2734859600","0.666667"
"2734859600","160337788","0.666667"
"160337788","291463374","1.33333"
"291463374","160337788","1.33333"
"1470878550","1491939073","0.166667"
"1491939073","1470878550","0.166667"
"1470878550","2088905840","0.642857"
"2088905840","1470878550","0.642857"
"1470878550","2397797004","2.64286"
"2397797004","1470878550","2.64286"
"1470878550","2806975785","0.166667"
"2806975785","1470878550","0.166667"
"1470878550","2953031596","0.166667"
"2953031596","1470878550","0.166667"
"1491939073","2397797004","1.11667"
"2397797004","1491939073","1.11667"
"1491939073","2806975785","0.166667"
"2806975785","1491939073","0.166667"
"1491939073","2953031596","9.7"
"2953031596","1491939073","9.7"
"2088905840","2953031596","0.416667"
"2953031596","2088905840","0.416667"
"2264438182","2953031596","0.866667"
"2953031596","2264438182","0.866667"
"2397797004","2953031596","0.616667"
"2953031596","2397797004","0.616667"
"2806975785","2953031596","0.166667"
"2953031596","2806975785","0.166667"
"1470878550","181641348","0.842857"
"181641348","1470878550","0.842857"
"1470878550","1993504803","0.142857"
"1993504803","1470878550","0.142857"
"1470878550","992315380","0.142857"
"992315380","1470878550","0.142857"
"181641348","2946861259","0.7"
"2946861259","181641348","0.7"
"1470878550","2614074621","0.533333"
"2614074621","1470878550","0.533333"
"2152581500","2614074621","0.666667"
"2614074621","2152581500","0.666667"
"2345502528","2614074621","0.333333"
"2614074621","2345502528","0.333333"
"1470878550","1561475399","0.333333"
"1561475399","1470878550","0.333333"
"1470878550","2065165348","0.333333"
"2065165348","1470878550","0.333333"
"1470878550","291463374","0.533333"
"291463374","1470878550","0.533333"
"1561475399","2065165348","1.33333"
"2065165348","1561475399","1.33333"
"1561475399","291463374","0.333333"
"291463374","1561475399","0.333333"
"2065165348","291463374","0.333333"
"291463374","2065165348","0.333333"
"1470878550","2561406066","0.2"
"2561406066","1470878550","0.2"
"1470878550","2734859600","0.2"
"2734859600","1470878550","0.2"
"181641348","2614074621","0.533333"
"2614074621","181641348","0.533333"
"181641348","2734859600","0.4"
"2734859600","181641348","0.4"
"2561406066","2614074621","1.2"
"2614074621","2561406066","1.2"
"2561406066","2734859600","0.325"
"2734859600","2561406066","0.325"
"2614074621","2734859600","0.2"
"2734859600","2614074621","0.2"
"2614074621","291463374","1.2"
"291463374","2614074621","1.2"
"2088905840","2152581500","0.5"
"2152581500","2088905840","0.5"
"2089405347","2953031596","0.333333"
"2953031596","2089405347","0.333333"
"1491939073","2293266323","2.75"
"2293266323","1491939073","2.75"
"2293266323","2953031596","1.91667"
"2953031596","2293266323","1.91667"
"1491939073","2345502528","0.229167"
"2345502528","1491939073","0.229167"
"1491939073","992315380","0.0625"
"992315380","1491939073","0.0625"
"2065165348","992315380","0.173611"
"992315380","2065165348","0.173611"
"2168386979","2345502528","0.573611"
"2345502528","2168386979","0.573611"
"2168386979","992315380","0.173611"
"992315380","2168386979","0.173611"
"2196280524","2345502528","0.429167"
"2345502528","2196280524","0.429167"
"2196280524","992315380","0.429167"
"992315380","2196280524","0.429167"
"2345502528","2399650766","1.15694"
"2399650766","2345502528","1.15694"
"2345502528","2496999740","2.15694"
"2496999740","2345502528","2.15694"
"2345502528","2506575532","0.173611"
"2506575532","2345502528","0.173611"
"2345502528","2541561249","0.2625"
"2541561249","2345502528","0.2625"
"2345502528","2889243863","2.55694"
"2889243863","2345502528","2.55694"
"2345502528","2946861259","0.990278"
"2946861259","2345502528","0.990278"
"2345502528","2951464300","0.229167"
"2951464300","2345502528","0.229167"
"2345502528","2952298953","0.429167"
"2952298953","2345502528","0.429167"
"2399650766","992315380","0.173611"
"992315380","2399650766","0.173611"
"2496999740","992315380","0.173611"
"992315380","2496999740","0.173611"
"2506575532","992315380","0.173611"
"992315380","2506575532","0.173611"
"2541561249","992315380","0.0625"
"992315380","2541561249","0.0625"
"2889243863","992315380","0.173611"
"992315380","2889243863","0.173611"
"2946861259","992315380","0.173611"
"992315380","2946861259","0.173611"
"2951464300","992315380","0.429167"
"992315380","2951464300","0.429167"
"2952298953","992315380","0.429167"
"992315380","2952298953","0.429167"
"1491939073","181641348","0.616667"
"181641348","1491939073","0.616667"
"181641348","2399650766","0.2"
"2399650766","181641348","0.2"
"181641348","2953031596","0.45"
"2953031596","181641348","0.45"
"2264438182","2399650766","2.2"
"2399650766","2264438182","2.2"
"2397797004","2399650766","0.533333"
"2399650766","2397797004","0.533333"
"2399650766","2953031596","0.533333"
"2953031596","2399650766","0.533333"
"1491939073","2779833539","2.25"
"2779833539","1491939073","2.25"
"2293266323","2779833539","0.75"
"2779833539","2293266323","0.75"
"2561406066","2953031596","0.5"
"2953031596","2561406066","0.5"
"2506575532","2953031596","0.75"
"2953031596","2506575532","0.75"
"1491939073","2281716233","0.666667"
"2281716233","1491939073","0.666667"
"2281716233","2953031596","0.666667"
"2953031596","2281716233","0.666667"
"2293266323","2506575532","1.20833"
"2506575532","2293266323","1.20833"
"2506575532","2779833539","0.25"
"2779833539","2506575532","0.25"
"2779833539","2953031596","0.75"
"2953031596","2779833539","0.75"
"2293266323","2561406066","1.825"
"2561406066","2293266323","1.825"
"1491939073","1561475399","0.166667"
"1561475399","1491939073","0.166667"
"1561475399","2264438182","0.166667"
"2264438182","1561475399","0.166667"
"1561475399","2281716233","0.166667"
"2281716233","1561475399","0.166667"
"1561475399","2293266323","0.166667"
"2293266323","1561475399","0.166667"
"1561475399","2561406066","1"
"2561406066","1561475399","1"
"1561475399","2953031596","0.166667"
"2953031596","1561475399","0.166667"
"2264438182","2281716233","0.5"
"2281716233","2264438182","0.5"
"2264438182","2293266323","0.166667"
"2293266323","2264438182","0.166667"
"2281716233","2293266323","0.291667"
"2293266323","2281716233","0.291667"
"2281716233","2561406066","0.291667"
"2561406066","2281716233","0.291667"
"1561475399","2000207154","4.33333"
"2000207154","1561475399","4.33333"
"2000207154","2561406066","0.833333"
"2561406066","2000207154","0.833333"
"1561475399","2543975175","0.833333"
"2543975175","1561475399","0.833333"
"2000207154","2543975175","2.33333"
"2543975175","2000207154","2.33333"
"2543975175","2561406066","0.458333"
"2561406066","2543975175","0.458333"
"1562303395","2088905840","0.7"
"2088905840","1562303395","0.7"
"1562303395","2196280524","0.45"
"2196280524","1562303395","0.45"
"1562303395","2951464300","0.2"
"2951464300","1562303395","0.2"
"1562303395","2952298953","0.45"
"2952298953","1562303395","0.45"
"1562303395","992315380","0.2"
"992315380","1562303395","0.2"
"1562303395","2044485718","1.5"
"2044485718","1562303395","1.5"
"1562303395","1993504803","0.25"
"1993504803","1562303395","0.25"
"1562303395","2121181550","0.25"
"2121181550","1562303395","0.25"
"1993504803","2121181550","1.45"
"2121181550","1993504803","1.45"
"2121181550","2196280524","0.95"
"2196280524","2121181550","0.95"
"2121181550","2952298953","0.95"
"2952298953","2121181550","0.95"
"160337788","2281716233","0.333333"
"2281716233","160337788","0.333333"
"2152581500","2281716233","0.333333"
"2281716233","2152581500","0.333333"
"2397797004","2734859600","1.16667"
"2734859600","2397797004","1.16667"
"2051003858","55524910","0.392857"
"55524910","2051003858","0.392857"
"2592495328","55524910","0.642857"
"55524910","2592495328","0.642857"
"2152581500","2734859600","0.533333"
"2734859600","2152581500","0.533333"
"2152581500","2946861259","0.533333"
"2946861259","2152581500","0.533333"
"2734859600","2806975785","5.15"
"2806975785","2734859600","5.15"
"2734859600","2946861259","1.11667"
"2946861259","2734859600","1.11667"
"2806975785","2946861259","1.95"
"2946861259","2806975785","1.95"
"291463374","2946861259","1.61667"
"2946861259","291463374","1.61667"
"181641348","2541561249","0.333333"
"2541561249","181641348","0.333333"
"2152581500","2541561249","0.333333"
"2541561249","2152581500","0.333333"
"2541561249","2614074621","1.33333"
"2614074621","2541561249","1.33333"
"181641348","2196280524","0.2"
"2196280524","181641348","0.2"
"181641348","2951464300","0.2"
"2951464300","181641348","0.2"
"181641348","2952298953","0.2"
"2952298953","181641348","0.2"
"181641348","2089405347","1"
"2089405347","181641348","1"
"2088905840","2121181550","0.7"
"2121181550","2088905840","0.7"
"2121181550","2951464300","0.7"
"2951464300","2121181550","0.7"
"1993504803","2044485718","0.166667"
"2044485718","1993504803","0.166667"
"2044485718","2196280524","0.5"
"2196280524","2044485718","0.5"
"2044485718","2951464300","0.5"
"2951464300","2044485718","0.5"
"2044485718","2952298953","0.5"
"2952298953","2044485718","0.5"
"1993504803","2779833539","0.666667"
"2779833539","1993504803","0.666667"
"2088905840","2779833539","3.15"
"2779833539","2088905840","3.15"
"2121181550","2779833539","0.666667"
"2779833539","2121181550","0.666667"
"2196280524","2779833539","0.816667"
"2779833539","2196280524","0.816667"
"2779833539","2951464300","0.816667"
"2951464300","2779833539","0.816667"
"2779833539","2952298953","0.816667"
"2952298953","2779833539","0.816667"
"2121181550","2399650766","0.333333"
"2399650766","2121181550","0.333333"
"2000207154","2281716233","0.5"
"2281716233","2000207154","0.5"
"2281716233","2543975175","5.625"
"2543975175","2281716233","5.625"
"2051003858","2168386979","2.7"
"2168386979","2051003858","2.7"
"2051003858","2495601269","0.5"
"2495601269","2051003858","0.5"
"2168386979","2495601269","0.5"
"2495601269","2168386979","0.5"
"2051003858","2734859600","0.658333"
"2734859600","2051003858","0.658333"
"2051003858","2946861259","0.333333"
"2946861259","2051003858","0.333333"
"2051003858","2159985611","0.125"
"2159985611","2051003858","0.125"
"2051003858","2281716233","0.125"
"2281716233","2051003858","0.125"
"2051003858","2293266323","0.325"
"2293266323","2051003858","0.325"
"2051003858","2506575532","0.125"
"2506575532","2051003858","0.125"
"2051003858","2543975175","0.125"
"2543975175","2051003858","0.125"
"2066569948","2281716233","0.125"
"2281716233","2066569948","0.125"
"2066569948","2293266323","0.125"
"2293266323","2066569948","0.125"
"2066569948","2506575532","0.125"
"2506575532","2066569948","0.125"
"2066569948","2543975175","0.458333"
"2543975175","2066569948","0.458333"
"2066569948","2734859600","0.125"
"2734859600","2066569948","0.125"
"2159985611","2281716233","0.125"
"2281716233","2159985611","0.125"
"2159985611","2293266323","0.125"
"2293266323","2159985611","0.125"
"2159985611","2506575532","0.125"
"2506575532","2159985611","0.125"
"2159985611","2543975175","0.458333"
"2543975175","2159985611","0.458333"
"2159985611","2561406066","0.125"
"2561406066","2159985611","0.125"
"2159985611","2734859600","0.125"
"2734859600","2159985611","0.125"
"2281716233","2506575532","0.125"
"2506575532","2281716233","0.125"
"2281716233","2734859600","0.125"
"2734859600","2281716233","0.125"
"2293266323","2543975175","0.125"
"2543975175","2293266323","0.125"
"2293266323","2734859600","0.125"
"2734859600","2293266323","0.125"
"2506575532","2543975175","0.125"
"2543975175","2506575532","0.125"
"2506575532","2734859600","0.125"
"2734859600","2506575532","0.125"
"2543975175","2734859600","0.125"
"2734859600","2543975175","0.125"
"2051003858","2889243863","0.2"
"2889243863","2051003858","0.2"
"2168386979","2293266323","0.2"
"2293266323","2168386979","0.2"
"2293266323","2345502528","0.2"
"2345502528","2293266323","0.2"
"2293266323","2889243863","0.2"
"2889243863","2293266323","0.2"
"2592495328","2734859600","0.2"
"2734859600","2592495328","0.2"
"2806975785","55524910","0.142857"
"55524910","2806975785","0.142857"
"291463374","55524910","0.142857"
"55524910","291463374","0.142857"
"2159985611","2592495328","0.25"
"2592495328","2159985611","0.25"
"2088905840","2281716233","1.2"
"2281716233","2088905840","1.2"
"2196280524","2281716233","0.2"
"2281716233","2196280524","0.2"
"2281716233","2779833539","0.2"
"2779833539","2281716233","0.2"
"2281716233","2951464300","0.2"
"2951464300","2281716233","0.2"
"2281716233","2952298953","0.2"
"2952298953","2281716233","0.2"
"2399650766","2779833539","0.2"
"2779833539","2399650766","0.2"
"2152581500","2779833539","0.333333"
"2779833539","2152581500","0.333333"
"2779833539","992315380","0.333333"
"992315380","2779833539","0.333333"
"2168386979","2614074621","1"
"2614074621","2168386979","1"
"2264438182","2614074621","1"
"2614074621","2264438182","1"
"2281716233","2946861259","1"
"2946861259","2281716233","1"
"2293266323","2946861259","0.5"
"2946861259","2293266323","0.5"
"2293998631","2345502528","1"
"2345502528","2293998631","1"
"2397797004","2496999740","0.333333"
"2496999740","2397797004","0.333333"
"2397797004","2541561249","0.333333"
"2541561249","2397797004","0.333333"
"2506575532","2806975785","0.25"
"2806975785","2506575532","0.25"
"2541561249","2734859600","0.25"
"2734859600","2541561249","0.25"
"2541561249","2806975785","1.75"
"2806975785","2541561249","1.75"
"2541561249","291463374","0.75"
"291463374","2541561249","0.75"
"2541561249","2779833539","1"
"2779833539","2541561249","1"
"2614074621","2946861259","0.5"
"2946861259","2614074621","0.5"
"2614074621","55524910","0.5"
"55524910","2614074621","0.5"
"2946861259","55524910","0.5"
"55524910","2946861259","0.5"
"2779833539","2946861259","1"
"2946861259","2779833539","1"
