"1480456666","1983416544","3.33333"
"1983416544","1480456666","3.33333"
"1480456666","2122162842","0.333333"
"2122162842","1480456666","0.333333"
"1480456666","316857311","1.33333"
"316857311","1480456666","1.33333"
"1983416544","2122162842","0.333333"
"2122162842","1983416544","0.333333"
"1983416544","316857311","10.3333"
"316857311","1983416544","10.3333"
"2122162842","316857311","0.333333"
"316857311","2122162842","0.333333"
"1480739503","1580135927","2.59444"
"1580135927","1480739503","2.59444"
"1480739503","1584311646","1.5873"
"1584311646","1480739503","1.5873"
"1480739503","2027255772","1.59444"
"2027255772","1480739503","1.59444"
"1480739503","211206415","2.00397"
"211206415","1480739503","2.00397"
"1480739503","2125791025","1.45397"
"2125791025","1480739503","1.45397"
"1480739503","2158692094","1.06111"
"2158692094","1480739503","1.06111"
"1580135927","1584311646","0.944444"
"1584311646","1580135927","0.944444"
"1580135927","2027255772","2.09444"
"2027255772","1580135927","2.09444"
"1580135927","211206415","1.86111"
"211206415","1580135927","1.86111"
"1580135927","2125791025","1.31111"
"2125791025","1580135927","1.31111"
"1580135927","2158692094","1.06111"
"2158692094","1580135927","1.06111"
"1584311646","2027255772","1.27778"
"2027255772","1584311646","1.27778"
"1584311646","211206415","2.75397"
"211206415","1584311646","2.75397"
"1584311646","2125791025","1.0873"
"2125791025","1584311646","1.0873"
"1584311646","2158692094","0.944444"
"2158692094","1584311646","0.944444"
"2027255772","211206415","1.19444"
"211206415","2027255772","1.19444"
"2027255772","2125791025","5.97778"
"2125791025","2027255772","5.97778"
"2027255772","2158692094","2.72778"
"2158692094","2027255772","2.72778"
"211206415","2125791025","1.5873"
"2125791025","211206415","1.5873"
"211206415","2158692094","1.19444"
"2158692094","211206415","1.19444"
"2125791025","2158692094","2.27778"
"2158692094","2125791025","2.27778"
"1480739503","1965191083","0.511111"
"1965191083","1480739503","0.511111"
"1480739503","2075785841","0.511111"
"2075785841","1480739503","0.511111"
"1480739503","316857311","0.111111"
"316857311","1480739503","0.111111"
"1580135927","1965191083","0.511111"
"1965191083","1580135927","0.511111"
"1580135927","2075785841","0.511111"
"2075785841","1580135927","0.511111"
"1580135927","316857311","0.111111"
"316857311","1580135927","0.111111"
"1584311646","1965191083","0.111111"
"1965191083","1584311646","0.111111"
"1584311646","2075785841","0.611111"
"2075785841","1584311646","0.611111"
"1584311646","316857311","0.111111"
"316857311","1584311646","0.111111"
"1965191083","2027255772","0.511111"
"2027255772","1965191083","0.511111"
"1965191083","2075785841","5.67821"
"2075785841","1965191083","5.67821"
"1965191083","211206415","0.111111"
"211206415","1965191083","0.111111"
"1965191083","2125791025","0.311111"
"2125791025","1965191083","0.311111"
"1965191083","2158692094","0.311111"
"2158692094","1965191083","0.311111"
"1965191083","316857311","0.111111"
"316857311","1965191083","0.111111"
"2027255772","2075785841","0.511111"
"2075785841","2027255772","0.511111"
"2027255772","316857311","0.111111"
"316857311","2027255772","0.111111"
"2075785841","211206415","0.611111"
"211206415","2075785841","0.611111"
"2075785841","2125791025","0.311111"
"2125791025","2075785841","0.311111"
"2075785841","2158692094","0.311111"
"2158692094","2075785841","0.311111"
"2075785841","316857311","0.111111"
"316857311","2075785841","0.111111"
"211206415","316857311","0.111111"
"316857311","211206415","0.111111"
"2125791025","316857311","0.111111"
"316857311","2125791025","0.111111"
"2158692094","316857311","0.111111"
"316857311","2158692094","0.111111"
"1480739503","1517162683","0.142857"
"1517162683","1480739503","0.142857"
"1480739503","1576639702","0.142857"
"1576639702","1480739503","0.142857"
"1480739503","1582648890","0.142857"
"1582648890","1480739503","0.142857"
"1480739503","42363166","0.142857"
"42363166","1480739503","0.142857"
"1517162683","1576639702","0.392857"
"1576639702","1517162683","0.392857"
"1517162683","1582648890","1.84286"
"1582648890","1517162683","1.84286"
"1517162683","1584311646","0.142857"
"1584311646","1517162683","0.142857"
"1517162683","211206415","0.142857"
"211206415","1517162683","0.142857"
"1517162683","2125791025","0.142857"
"2125791025","1517162683","0.142857"
"1517162683","42363166","0.892857"
"42363166","1517162683","0.892857"
"1576639702","1582648890","0.142857"
"1582648890","1576639702","0.142857"
"1576639702","1584311646","0.142857"
"1584311646","1576639702","0.142857"
"1576639702","211206415","0.142857"
"211206415","1576639702","0.142857"
"1576639702","2125791025","0.142857"
"2125791025","1576639702","0.142857"
"1576639702","42363166","0.642857"
"42363166","1576639702","0.642857"
"1582648890","1584311646","0.142857"
"1584311646","1582648890","0.142857"
"1582648890","211206415","0.142857"
"211206415","1582648890","0.142857"
"1582648890","2125791025","0.142857"
"2125791025","1582648890","0.142857"
"1582648890","42363166","0.142857"
"42363166","1582648890","0.142857"
"1584311646","42363166","0.142857"
"42363166","1584311646","0.142857"
"211206415","42363166","0.142857"
"42363166","211206415","0.142857"
"2125791025","42363166","0.142857"
"42363166","2125791025","0.142857"
"1484777995","1625053859","1.5"
"1625053859","1484777995","1.5"
"1484777995","1965191083","2"
"1965191083","1484777995","2"
"1625053859","1965191083","0.757576"
"1965191083","1625053859","0.757576"
"1484777995","1974192724","0.5"
"1974192724","1484777995","0.5"
"1965191083","1974192724","0.5"
"1974192724","1965191083","0.5"
"1508034956","1509644870","0.70202"
"1509644870","1508034956","0.70202"
"1508034956","1521769685","0.644877"
"1521769685","1508034956","0.644877"
"1508034956","1525753400","0.944877"
"1525753400","1508034956","0.944877"
"1508034956","1965191083","0.611544"
"1965191083","1508034956","0.611544"
"1508034956","2074126980","0.644877"
"2074126980","1508034956","0.644877"
"1508034956","2075785841","0.333766"
"2075785841","1508034956","0.333766"
"1508034956","2100952358","1.47821"
"2100952358","1508034956","1.47821"
"1508034956","2107948064","1.33535"
"2107948064","1508034956","1.33535"
"1508034956","2114264306","2.34488"
"2114264306","1508034956","2.34488"
"1508034956","2541402021","1.33535"
"2541402021","1508034956","1.33535"
"1509644870","1521769685","0.50202"
"1521769685","1509644870","0.50202"
"1509644870","1525753400","0.30202"
"1525753400","1509644870","0.30202"
"1509644870","1965191083","1.30202"
"1965191083","1509644870","1.30202"
"1509644870","2074126980","0.50202"
"2074126980","1509644870","0.50202"
"1509644870","2075785841","0.190909"
"2075785841","1509644870","0.190909"
"1509644870","2100952358","0.50202"
"2100952358","1509644870","0.50202"
"1509644870","2107948064","0.50202"
"2107948064","1509644870","0.50202"
"1509644870","2114264306","0.70202"
"2114264306","1509644870","0.70202"
"1509644870","2541402021","0.50202"
"2541402021","1509644870","0.50202"
"1521769685","1525753400","0.944877"
"1525753400","1521769685","0.944877"
"1521769685","1965191083","0.611544"
"1965191083","1521769685","0.611544"
"1521769685","2074126980","1.44488"
"2074126980","1521769685","1.44488"
"1521769685","2075785841","1.33377"
"2075785841","1521769685","1.33377"
"1521769685","2100952358","0.944877"
"2100952358","1521769685","0.944877"
"1521769685","2107948064","0.50202"
"2107948064","1521769685","0.50202"
"1521769685","2114264306","0.644877"
"2114264306","1521769685","0.644877"
"1521769685","2541402021","1.16869"
"2541402021","1521769685","1.16869"
"1525753400","1965191083","0.944877"
"1965191083","1525753400","0.944877"
"1525753400","2074126980","1.61154"
"2074126980","1525753400","1.61154"
"1525753400","2075785841","1.00043"
"2075785841","1525753400","1.00043"
"1525753400","2100952358","2.77821"
"2100952358","1525753400","2.77821"
"1525753400","2107948064","0.968687"
"2107948064","1525753400","0.968687"
"1525753400","2114264306","2.11154"
"2114264306","1525753400","2.11154"
"1525753400","2541402021","0.80202"
"2541402021","1525753400","0.80202"
"1965191083","2074126980","3.11154"
"2074126980","1965191083","3.11154"
"1965191083","2100952358","0.944877"
"2100952358","1965191083","0.944877"
"1965191083","2107948064","0.468687"
"2107948064","1965191083","0.468687"
"1965191083","2114264306","0.778211"
"2114264306","1965191083","0.778211"
"1965191083","2541402021","0.80202"
"2541402021","1965191083","0.80202"
"2074126980","2075785841","2.00043"
"2075785841","2074126980","2.00043"
"2074126980","2100952358","1.31154"
"2100952358","2074126980","1.31154"
"2074126980","2107948064","0.30202"
"2107948064","2074126980","0.30202"
"2074126980","2114264306","0.811544"
"2114264306","2074126980","0.811544"
"2074126980","2541402021","0.968687"
"2541402021","2074126980","0.968687"
"2075785841","2100952358","1.00043"
"2100952358","2075785841","1.00043"
"2075785841","2107948064","0.190909"
"2107948064","2075785841","0.190909"
"2075785841","2114264306","0.500433"
"2114264306","2075785841","0.500433"
"2075785841","2541402021","1.02424"
"2541402021","2075785841","1.02424"
"2100952358","2107948064","1.63535"
"2107948064","2100952358","1.63535"
"2100952358","2114264306","0.978211"
"2114264306","2100952358","0.978211"
"2100952358","2541402021","1.96869"
"2541402021","2100952358","1.96869"
"2107948064","2114264306","0.668687"
"2114264306","2107948064","0.668687"
"2107948064","2541402021","1.33535"
"2541402021","2107948064","1.33535"
"2114264306","2541402021","0.835354"
"2541402021","2114264306","0.835354"
"1508034956","396618400","1"
"396618400","1508034956","1"
"1508034956","1625053859","0.624242"
"1625053859","1508034956","0.624242"
"1509644870","1625053859","0.290909"
"1625053859","1509644870","0.290909"
"1521769685","1625053859","0.257576"
"1625053859","1521769685","0.257576"
"1525753400","1625053859","0.590909"
"1625053859","1525753400","0.590909"
"1625053859","2074126980","0.290909"
"2074126980","1625053859","0.290909"
"1625053859","2075785841","0.257576"
"2075785841","1625053859","0.257576"
"1625053859","2100952358","0.457576"
"2100952358","1625053859","0.457576"
"1625053859","2107948064","0.0909091"
"2107948064","1625053859","0.0909091"
"1625053859","2114264306","0.624242"
"2114264306","1625053859","0.624242"
"1625053859","2541402021","0.257576"
"2541402021","1625053859","0.257576"
"1517162683","1974192724","1.4"
"1974192724","1517162683","1.4"
"1517162683","2096537749","0.45"
"2096537749","1517162683","0.45"
"1517162683","2137329070","0.25"
"2137329070","1517162683","0.25"
"1576639702","2096537749","0.25"
"2096537749","1576639702","0.25"
"1576639702","2137329070","0.583333"
"2137329070","1576639702","0.583333"
"2096537749","2137329070","0.25"
"2137329070","2096537749","0.25"
"2096537749","42363166","0.25"
"42363166","2096537749","0.25"
"2137329070","42363166","0.25"
"42363166","2137329070","0.25"
"1517162683","2067536083","0.5"
"2067536083","1517162683","0.5"
"2067536083","42363166","0.75"
"42363166","2067536083","0.75"
"1517162683","1521769685","0.2"
"1521769685","1517162683","0.2"
"1517162683","1538595537","1.7"
"1538595537","1517162683","1.7"
"1517162683","1975908892","0.2"
"1975908892","1517162683","0.2"
"1517162683","2146694881","0.4"
"2146694881","1517162683","0.4"
"1521769685","1538595537","0.2"
"1538595537","1521769685","0.2"
"1521769685","1974192724","0.2"
"1974192724","1521769685","0.2"
"1521769685","1975908892","1.2"
"1975908892","1521769685","1.2"
"1521769685","2146694881","0.2"
"2146694881","1521769685","0.2"
"1538595537","1974192724","0.9"
"1974192724","1538595537","0.9"
"1538595537","1975908892","1.06667"
"1975908892","1538595537","1.06667"
"1538595537","2146694881","0.566667"
"2146694881","1538595537","0.566667"
"1974192724","1975908892","1.76667"
"1975908892","1974192724","1.76667"
"1974192724","2146694881","1.46667"
"2146694881","1974192724","1.46667"
"1975908892","2146694881","0.766667"
"2146694881","1975908892","0.766667"
"1517162683","2156683297","0.2"
"2156683297","1517162683","0.2"
"1582648890","1974192724","0.766667"
"1974192724","1582648890","0.766667"
"1582648890","2096537749","0.566667"
"2096537749","1582648890","0.566667"
"1582648890","2146694881","0.766667"
"2146694881","1582648890","0.766667"
"1582648890","2156683297","0.766667"
"2156683297","1582648890","0.766667"
"1974192724","2096537749","3.23333"
"2096537749","1974192724","3.23333"
"1974192724","2156683297","1.1"
"2156683297","1974192724","1.1"
"2096537749","2146694881","0.566667"
"2146694881","2096537749","0.566667"
"2096537749","2156683297","0.9"
"2156683297","2096537749","0.9"
"2146694881","2156683297","0.766667"
"2156683297","2146694881","0.766667"
"1538595537","1582648890","3.36667"
"1582648890","1538595537","3.36667"
"1582648890","1975908892","1.06667"
"1975908892","1582648890","1.06667"
"1538595537","2096537749","0.5"
"2096537749","1538595537","0.5"
"1538595537","2156683297","0.7"
"2156683297","1538595537","0.7"
"1975908892","2096537749","0.366667"
"2096537749","1975908892","0.366667"
"1975908892","2156683297","0.566667"
"2156683297","1975908892","0.566667"
"1576639702","1974192724","1.08333"
"1974192724","1576639702","1.08333"
"1576639702","2067536083","0.916667"
"2067536083","1576639702","0.916667"
"1576639702","2106311352","1.08333"
"2106311352","1576639702","1.08333"
"1974192724","2067536083","0.916667"
"2067536083","1974192724","0.916667"
"1974192724","2106311352","1.58333"
"2106311352","1974192724","1.58333"
"1974192724","42363166","0.25"
"42363166","1974192724","0.25"
"2067536083","2106311352","0.583333"
"2106311352","2067536083","0.583333"
"2106311352","42363166","0.25"
"42363166","2106311352","0.25"
"1576639702","2161993807","0.333333"
"2161993807","1576639702","0.333333"
"2067536083","2137329070","0.333333"
"2137329070","2067536083","0.333333"
"2067536083","2161993807","1.66667"
"2161993807","2067536083","1.66667"
"2137329070","2161993807","0.333333"
"2161993807","2137329070","0.333333"
"1974192724","2161993807","0.333333"
"2161993807","1974192724","0.333333"
"2067536083","2096537749","0.333333"
"2096537749","2067536083","0.333333"
"2096537749","2161993807","0.333333"
"2161993807","2096537749","0.333333"
"2106311352","2146694881","0.5"
"2146694881","2106311352","0.5"
"1983416544","2069212329","1.5"
"2069212329","1983416544","1.5"
"1983416544","2165281339","1"
"2165281339","1983416544","1"
"1983416544","1987418617","0.5"
"1987418617","1983416544","0.5"
"1987418617","2069212329","2.5"
"2069212329","1987418617","2.5"
"2023749283","2122162842","4"
"2122162842","2023749283","4"
"2035613426","2075785841","1"
"2075785841","2035613426","1"
"2083365010","754966208","1"
"754966208","2083365010","1"
"2101439879","2132840698","6"
"2132840698","2101439879","6"
"2101439879","2106311352","0.5"
"2106311352","2101439879","0.5"
"2106311352","2132840698","0.5"
"2132840698","2106311352","0.5"
"2101439879","2161993807","0.5"
"2161993807","2101439879","0.5"
"2132840698","2161993807","0.5"
"2161993807","2132840698","0.5"
"2106311352","2165281339","1.83333"
"2165281339","2106311352","1.83333"
"2106311352","2545081227","0.833333"
"2545081227","2106311352","0.833333"
"2165281339","2545081227","4.83333"
"2545081227","2165281339","4.83333"
"2106311352","2122162842","0.333333"
"2122162842","2106311352","0.333333"
"2122162842","2165281339","0.333333"
"2165281339","2122162842","0.333333"
"2122162842","2545081227","0.333333"
"2545081227","2122162842","0.333333"
"2137329070","2146694881","1"
"2146694881","2137329070","1"
"396618400","754966208","3"
"754966208","396618400","3"
