"117006372","137108713","2.25952"
"137108713","117006372","2.25952"
"117006372","1539805809","1.25952"
"1539805809","117006372","1.25952"
"117006372","1890348271","2.25952"
"1890348271","117006372","2.25952"
"117006372","1983201265","1.05952"
"1983201265","117006372","1.05952"
"137108713","1539805809","3.09286"
"1539805809","137108713","3.09286"
"137108713","1890348271","1.59286"
"1890348271","137108713","1.59286"
"137108713","1983201265","1.55952"
"1983201265","137108713","1.55952"
"1539805809","1890348271","6.09286"
"1890348271","1539805809","6.09286"
"1539805809","1983201265","2.55952"
"1983201265","1539805809","2.55952"
"1890348271","1983201265","0.559524"
"1983201265","1890348271","0.559524"
"117006372","1586244597","1.14286"
"1586244597","117006372","1.14286"
"117006372","1534612719","1.50952"
"1534612719","117006372","1.50952"
"117006372","2086815479","0.342857"
"2086815479","117006372","0.342857"
"137108713","1534612719","2.34286"
"1534612719","137108713","2.34286"
"137108713","2086815479","0.342857"
"2086815479","137108713","0.342857"
"1534612719","1539805809","4.34286"
"1539805809","1534612719","4.34286"
"1534612719","1890348271","2.84286"
"1890348271","1534612719","2.84286"
"1534612719","2086815479","0.342857"
"2086815479","1534612719","0.342857"
"1539805809","2086815479","2.17619"
"2086815479","1539805809","2.17619"
"1890348271","2086815479","0.342857"
"2086815479","1890348271","0.342857"
"137108713","1586244597","0.642857"
"1586244597","137108713","0.642857"
"1534612719","1586244597","1.14286"
"1586244597","1534612719","1.14286"
"1534612719","1983201265","1.30952"
"1983201265","1534612719","1.30952"
"1539805809","1586244597","0.97619"
"1586244597","1539805809","0.97619"
"1586244597","1890348271","0.142857"
"1890348271","1586244597","0.142857"
"1586244597","1983201265","0.142857"
"1983201265","1586244597","0.142857"
"1586244597","2086815479","10.9762"
"2086815479","1586244597","10.9762"
"1983201265","2086815479","0.142857"
"2086815479","1983201265","0.142857"
"117006372","2106412871","0.166667"
"2106412871","117006372","0.166667"
"137108713","2106412871","0.166667"
"2106412871","137108713","0.166667"
"1534612719","2106412871","0.166667"
"2106412871","1534612719","0.166667"
"1539805809","2106412871","0.166667"
"2106412871","1539805809","0.166667"
"1890348271","2106412871","0.166667"
"2106412871","1890348271","0.166667"
"1983201265","2106412871","0.291667"
"2106412871","1983201265","0.291667"
"137108713","2971707840","0.5"
"2971707840","137108713","0.5"
"1586244597","2971707840","0.833333"
"2971707840","1586244597","0.833333"
"137108713","2114565869","0.5"
"2114565869","137108713","0.5"
"1983201265","2114565869","0.5"
"2114565869","1983201265","0.5"
"139111466","2611299128","2.16667"
"2611299128","139111466","2.16667"
"139111466","272215905","1.16667"
"272215905","139111466","1.16667"
"139111466","328371739","0.666667"
"328371739","139111466","0.666667"
"2611299128","272215905","4.16667"
"272215905","2611299128","4.16667"
"2611299128","328371739","1.66667"
"328371739","2611299128","1.66667"
"272215905","328371739","4.66667"
"328371739","272215905","4.66667"
"1506261101","85544648","1"
"85544648","1506261101","1"
"1506261101","2903477438","1"
"2903477438","1506261101","1"
"1509665243","1996983098","12.0333"
"1996983098","1509665243","12.0333"
"1509665243","2089354885","1.03333"
"2089354885","1509665243","1.03333"
"1996983098","2089354885","1.03333"
"2089354885","1996983098","1.03333"
"1509665243","2114507269","2.28333"
"2114507269","1509665243","2.28333"
"1996983098","2114507269","1.03333"
"2114507269","1996983098","1.03333"
"2089354885","2114507269","1.18333"
"2114507269","2089354885","1.18333"
"1509665243","2000289851","0.5"
"2000289851","1509665243","0.5"
"1509665243","2106412871","0.25"
"2106412871","1509665243","0.25"
"1509665243","2129217297","0.25"
"2129217297","1509665243","0.25"
"2000289851","2106412871","1.08333"
"2106412871","2000289851","1.08333"
"2000289851","2114507269","1.41667"
"2114507269","2000289851","1.41667"
"2000289851","2129217297","8.86667"
"2129217297","2000289851","8.86667"
"2106412871","2114507269","0.25"
"2114507269","2106412871","0.25"
"2106412871","2129217297","8.41667"
"2129217297","2106412871","8.41667"
"2114507269","2129217297","0.816667"
"2129217297","2114507269","0.816667"
"1509665243","1639227833","0.2"
"1639227833","1509665243","0.2"
"1509665243","1998833362","0.95"
"1998833362","1509665243","0.95"
"1639227833","1996983098","0.2"
"1996983098","1639227833","0.2"
"1639227833","1998833362","0.533333"
"1998833362","1639227833","0.533333"
"1639227833","2089354885","0.733333"
"2089354885","1639227833","0.733333"
"1639227833","2114507269","1.11667"
"2114507269","1639227833","1.11667"
"1996983098","1998833362","0.95"
"1998833362","1996983098","0.95"
"1998833362","2089354885","0.783333"
"2089354885","1998833362","0.783333"
"1998833362","2114507269","3.03333"
"2114507269","1998833362","3.03333"
"1996983098","2000289851","0.25"
"2000289851","1996983098","0.25"
"1998833362","2000289851","0.916667"
"2000289851","1998833362","0.916667"
"1509665243","1997167772","0.25"
"1997167772","1509665243","0.25"
"1509665243","2561848028","0.25"
"2561848028","1509665243","0.25"
"1996983098","1997167772","0.25"
"1997167772","1996983098","0.25"
"1996983098","2561848028","0.25"
"2561848028","1996983098","0.25"
"1997167772","2114507269","0.25"
"2114507269","1997167772","0.25"
"1997167772","2561848028","1.29348"
"2561848028","1997167772","1.29348"
"2114507269","2561848028","0.611111"
"2561848028","2114507269","0.611111"
"1526822057","1546942573","3.5"
"1546942573","1526822057","3.5"
"1526822057","1973670775","0.5"
"1973670775","1526822057","0.5"
"1546942573","1973670775","1.5"
"1973670775","1546942573","1.5"
"153094062","1589506222","1.5"
"1589506222","153094062","1.5"
"153094062","1600895995","0.5"
"1600895995","153094062","0.5"
"153094062","1973670775","0.25"
"1973670775","153094062","0.25"
"153094062","2143417879","0.5"
"2143417879","153094062","0.5"
"1589506222","1600895995","1.83333"
"1600895995","1589506222","1.83333"
"1589506222","1973670775","0.75"
"1973670775","1589506222","0.75"
"1589506222","2143417879","2.33333"
"2143417879","1589506222","2.33333"
"1600895995","1973670775","0.583333"
"1973670775","1600895995","0.583333"
"1600895995","2143417879","3.95"
"2143417879","1600895995","3.95"
"1973670775","2143417879","2.08333"
"2143417879","1973670775","2.08333"
"153094062","1580190953","0.25"
"1580190953","153094062","0.25"
"1580190953","1589506222","1.58333"
"1589506222","1580190953","1.58333"
"1580190953","1600895995","2.91667"
"1600895995","1580190953","2.91667"
"1580190953","2143417879","1.91667"
"2143417879","1580190953","1.91667"
"1539805809","2971707840","0.333333"
"2971707840","1539805809","0.333333"
"2086815479","2971707840","0.333333"
"2971707840","2086815479","0.333333"
"1580190953","2294395996","0.5"
"2294395996","1580190953","0.5"
"1580190953","2903477438","0.5"
"2903477438","1580190953","0.5"
"2294395996","2903477438","0.693478"
"2903477438","2294395996","0.693478"
"1580190953","1973670775","0.333333"
"1973670775","1580190953","0.333333"
"1600895995","1997167772","0.783333"
"1997167772","1600895995","0.783333"
"1600895995","2129217297","0.25"
"2129217297","1600895995","0.25"
"1600895995","2294395996","0.533333"
"2294395996","1600895995","0.533333"
"1600895995","2949204976","0.45"
"2949204976","1600895995","0.45"
"1997167772","2129217297","0.25"
"2129217297","1997167772","0.25"
"1997167772","2294395996","2.57681"
"2294395996","1997167772","2.57681"
"1997167772","2949204976","2.49348"
"2949204976","1997167772","2.49348"
"2129217297","2294395996","0.316667"
"2294395996","2129217297","0.316667"
"2129217297","2949204976","0.316667"
"2949204976","2129217297","0.316667"
"2294395996","2949204976","5.93514"
"2949204976","2294395996","5.93514"
"1600895995","2170644611","0.2"
"2170644611","1600895995","0.2"
"1997167772","2143417879","0.283333"
"2143417879","1997167772","0.283333"
"1997167772","2170644611","0.243478"
"2170644611","1997167772","0.243478"
"2143417879","2170644611","0.2"
"2170644611","2143417879","0.2"
"2143417879","2294395996","0.283333"
"2294395996","2143417879","0.283333"
"2143417879","2949204976","0.2"
"2949204976","2143417879","0.2"
"2170644611","2294395996","0.985145"
"2294395996","2170644611","0.985145"
"2170644611","2949204976","1.09626"
"2949204976","2170644611","1.09626"
"1600895995","2398967959","0.5"
"2398967959","1600895995","0.5"
"2143417879","2398967959","0.5"
"2398967959","2143417879","0.5"
"1600895995","1977503349","0.25"
"1977503349","1600895995","0.25"
"1600895995","2058548074","0.25"
"2058548074","1600895995","0.25"
"1600895995","214559587","0.25"
"214559587","1600895995","0.25"
"1977503349","1997167772","0.293478"
"1997167772","1977503349","0.293478"
"1977503349","2058548074","7.05141"
"2058548074","1977503349","7.05141"
"1977503349","214559587","3.64745"
"214559587","1977503349","3.64745"
"1997167772","2058548074","0.293478"
"2058548074","1997167772","0.293478"
"1997167772","214559587","0.293478"
"214559587","1997167772","0.293478"
"2058548074","214559587","2.39745"
"214559587","2058548074","2.39745"
"1600895995","1752392398","0.0833333"
"1752392398","1600895995","0.0833333"
"1600895995","2008239401","0.0833333"
"2008239401","1600895995","0.0833333"
"1600895995","2140965492","0.0833333"
"2140965492","1600895995","0.0833333"
"1600895995","2149816156","0.0833333"
"2149816156","1600895995","0.0833333"
"1600895995","2161358272","0.0833333"
"2161358272","1600895995","0.0833333"
"1600895995","2395271464","0.0833333"
"2395271464","1600895995","0.0833333"
"1600895995","2903477438","0.0833333"
"2903477438","1600895995","0.0833333"
"1600895995","299491630","0.0833333"
"299491630","1600895995","0.0833333"
"1600895995","85544648","0.0833333"
"85544648","1600895995","0.0833333"
"1752392398","1997167772","0.626812"
"1997167772","1752392398","0.626812"
"1752392398","2008239401","2.43849"
"2008239401","1752392398","2.43849"
"1752392398","2140965492","0.293478"
"2140965492","1752392398","0.293478"
"1752392398","2143417879","0.25"
"2143417879","1752392398","0.25"
"1752392398","2149816156","0.126812"
"2149816156","1752392398","0.126812"
"1752392398","2161358272","0.25"
"2161358272","1752392398","0.25"
"1752392398","2294395996","0.493478"
"2294395996","1752392398","0.493478"
"1752392398","2395271464","0.126812"
"2395271464","1752392398","0.126812"
"1752392398","2903477438","0.804589"
"2903477438","1752392398","0.804589"
"1752392398","299491630","0.126812"
"299491630","1752392398","0.126812"
"1752392398","85544648","1.08333"
"85544648","1752392398","1.08333"
"1997167772","2008239401","0.0833333"
"2008239401","1997167772","0.0833333"
"1997167772","2140965492","0.126812"
"2140965492","1997167772","0.126812"
"1997167772","2149816156","0.126812"
"2149816156","1997167772","0.126812"
"1997167772","2161358272","0.0833333"
"2161358272","1997167772","0.0833333"
"1997167772","2395271464","0.126812"
"2395271464","1997167772","0.126812"
"1997167772","2903477438","0.126812"
"2903477438","1997167772","0.126812"
"1997167772","299491630","0.126812"
"299491630","1997167772","0.126812"
"1997167772","85544648","0.0833333"
"85544648","1997167772","0.0833333"
"2008239401","2140965492","0.0833333"
"2140965492","2008239401","0.0833333"
"2008239401","2143417879","0.0833333"
"2143417879","2008239401","0.0833333"
"2008239401","2149816156","0.0833333"
"2149816156","2008239401","0.0833333"
"2008239401","2161358272","0.0833333"
"2161358272","2008239401","0.0833333"
"2008239401","2294395996","0.25"
"2294395996","2008239401","0.25"
"2008239401","2395271464","0.0833333"
"2395271464","2008239401","0.0833333"
"2008239401","2903477438","0.261111"
"2903477438","2008239401","0.261111"
"2008239401","299491630","0.0833333"
"299491630","2008239401","0.0833333"
"2008239401","85544648","0.0833333"
"85544648","2008239401","0.0833333"
"2140965492","2143417879","0.833333"
"2143417879","2140965492","0.833333"
"2140965492","2149816156","2.13634"
"2149816156","2140965492","2.13634"
"2140965492","2161358272","5.41667"
"2161358272","2140965492","5.41667"
"2140965492","2294395996","0.126812"
"2294395996","2140965492","0.126812"
"2140965492","2395271464","0.969669"
"2395271464","2140965492","0.969669"
"2140965492","2903477438","4.053"
"2903477438","2140965492","4.053"
"2140965492","299491630","0.969669"
"299491630","2140965492","0.969669"
"2140965492","85544648","0.0833333"
"85544648","2140965492","0.0833333"
"2143417879","2149816156","0.666667"
"2149816156","2143417879","0.666667"
"2143417879","2161358272","0.833333"
"2161358272","2143417879","0.833333"
"2143417879","2395271464","0.0833333"
"2395271464","2143417879","0.0833333"
"2143417879","2903477438","0.0833333"
"2903477438","2143417879","0.0833333"
"2143417879","299491630","0.0833333"
"299491630","2143417879","0.0833333"
"2143417879","85544648","0.0833333"
"85544648","2143417879","0.0833333"
"2149816156","2161358272","1.75"
"2161358272","2149816156","1.75"
"2149816156","2294395996","0.126812"
"2294395996","2149816156","0.126812"
"2149816156","2395271464","0.886335"
"2395271464","2149816156","0.886335"
"2149816156","2903477438","2.803"
"2903477438","2149816156","2.803"
"2149816156","299491630","0.886335"
"299491630","2149816156","0.886335"
"2149816156","85544648","0.0833333"
"85544648","2149816156","0.0833333"
"2161358272","2294395996","0.0833333"
"2294395996","2161358272","0.0833333"
"2161358272","2395271464","0.333333"
"2395271464","2161358272","0.333333"
"2161358272","2903477438","2.41667"
"2903477438","2161358272","2.41667"
"2161358272","299491630","0.333333"
"299491630","2161358272","0.333333"
"2161358272","85544648","0.0833333"
"85544648","2161358272","0.0833333"
"2294395996","2395271464","0.126812"
"2395271464","2294395996","0.126812"
"2294395996","299491630","0.126812"
"299491630","2294395996","0.126812"
"2294395996","85544648","0.0833333"
"85544648","2294395996","0.0833333"
"2395271464","2903477438","3.053"
"2903477438","2395271464","3.053"
"2395271464","299491630","1.96967"
"299491630","2395271464","1.96967"
"2395271464","85544648","0.0833333"
"85544648","2395271464","0.0833333"
"2903477438","299491630","3.96967"
"299491630","2903477438","3.96967"
"2903477438","85544648","0.583333"
"85544648","2903477438","0.583333"
"299491630","85544648","0.0833333"
"85544648","299491630","0.0833333"
"1600895995","2284368513","0.5"
"2284368513","1600895995","0.5"
"1600895995","2995534788","0.5"
"2995534788","1600895995","0.5"
"2284368513","2995534788","8.5"
"2995534788","2284368513","8.5"
"1602465821","2106412871","1.5"
"2106412871","1602465821","1.5"
"1602465821","2129217297","1.83333"
"2129217297","1602465821","1.83333"
"1602465821","1639227833","0.333333"
"1639227833","1602465821","0.333333"
"1602465821","2000289851","0.333333"
"2000289851","1602465821","0.333333"
"1639227833","2000289851","4.49348"
"2000289851","1639227833","4.49348"
"1639227833","2129217297","2.78333"
"2129217297","1639227833","2.78333"
"1602465821","2114565869","1"
"2114565869","1602465821","1"
"2000289851","2089354885","1.36667"
"2089354885","2000289851","1.36667"
"1639227833","2398967959","0.243478"
"2398967959","1639227833","0.243478"
"1639227833","2561848028","0.243478"
"2561848028","1639227833","0.243478"
"2000289851","2398967959","0.243478"
"2398967959","2000289851","0.243478"
"2000289851","2561848028","0.243478"
"2561848028","2000289851","0.243478"
"2089354885","2129217297","0.516667"
"2129217297","2089354885","0.516667"
"2089354885","2398967959","0.2"
"2398967959","2089354885","0.2"
"2089354885","2561848028","0.45"
"2561848028","2089354885","0.45"
"2129217297","2398967959","0.2"
"2398967959","2129217297","0.2"
"2129217297","2561848028","0.45"
"2561848028","2129217297","0.45"
"2398967959","2561848028","0.854589"
"2561848028","2398967959","0.854589"
"1639227833","1752392398","0.0434783"
"1752392398","1639227833","0.0434783"
"1639227833","1977503349","0.0434783"
"1977503349","1639227833","0.0434783"
"1639227833","1997167772","0.0434783"
"1997167772","1639227833","0.0434783"
"1639227833","2058548074","0.0434783"
"2058548074","1639227833","0.0434783"
"1639227833","2140965492","0.0434783"
"2140965492","1639227833","0.0434783"
"1639227833","214559587","0.0434783"
"214559587","1639227833","0.0434783"
"1639227833","2149816156","0.0434783"
"2149816156","1639227833","0.0434783"
"1639227833","2170644611","0.0434783"
"2170644611","1639227833","0.0434783"
"1639227833","2294395996","0.0434783"
"2294395996","1639227833","0.0434783"
"1639227833","2395271464","0.0434783"
"2395271464","1639227833","0.0434783"
"1639227833","2567805712","0.0434783"
"2567805712","1639227833","0.0434783"
"1639227833","2619305693","0.0434783"
"2619305693","1639227833","0.0434783"
"1639227833","2814417945","0.0434783"
"2814417945","1639227833","0.0434783"
"1639227833","2898136424","0.0434783"
"2898136424","1639227833","0.0434783"
"1639227833","2903477438","0.0434783"
"2903477438","1639227833","0.0434783"
"1639227833","2922584776","0.0434783"
"2922584776","1639227833","0.0434783"
"1639227833","2949204976","0.0434783"
"2949204976","1639227833","0.0434783"
"1639227833","299491630","0.0434783"
"299491630","1639227833","0.0434783"
"1639227833","3009582716","0.0434783"
"3009582716","1639227833","0.0434783"
"1639227833","3010525006","0.0434783"
"3010525006","1639227833","0.0434783"
"1752392398","1977503349","4.57641"
"1977503349","1752392398","4.57641"
"1752392398","2000289851","1.04348"
"2000289851","1752392398","1.04348"
"1752392398","2058548074","2.74308"
"2058548074","1752392398","2.74308"
"1752392398","214559587","0.789113"
"214559587","1752392398","0.789113"
"1752392398","2170644611","1.43197"
"2170644611","1752392398","1.43197"
"1752392398","2398967959","0.154589"
"2398967959","1752392398","0.154589"
"1752392398","2561848028","0.154589"
"2561848028","1752392398","0.154589"
"1752392398","2567805712","0.93197"
"2567805712","1752392398","0.93197"
"1752392398","2619305693","0.0434783"
"2619305693","1752392398","0.0434783"
"1752392398","2814417945","0.0434783"
"2814417945","1752392398","0.0434783"
"1752392398","2898136424","0.346256"
"2898136424","1752392398","0.346256"
"1752392398","2922584776","0.0434783"
"2922584776","1752392398","0.0434783"
"1752392398","2949204976","0.521256"
"2949204976","1752392398","0.521256"
"1752392398","3009582716","0.154589"
"3009582716","1752392398","0.154589"
"1752392398","3010525006","0.689113"
"3010525006","1752392398","0.689113"
"1977503349","2000289851","0.0434783"
"2000289851","1977503349","0.0434783"
"1977503349","2140965492","0.210145"
"2140965492","1977503349","0.210145"
"1977503349","2149816156","0.0434783"
"2149816156","1977503349","0.0434783"
"1977503349","2170644611","3.87364"
"2170644611","1977503349","3.87364"
"1977503349","2294395996","1.48514"
"2294395996","1977503349","1.48514"
"1977503349","2395271464","0.0434783"
"2395271464","1977503349","0.0434783"
"1977503349","2398967959","1.23792"
"2398967959","1977503349","1.23792"
"1977503349","2561848028","0.654589"
"2561848028","1977503349","0.654589"
"1977503349","2567805712","2.99864"
"2567805712","1977503349","2.99864"
"1977503349","2619305693","0.0434783"
"2619305693","1977503349","0.0434783"
"1977503349","2814417945","0.0434783"
"2814417945","1977503349","0.0434783"
"1977503349","2898136424","0.596256"
"2898136424","1977503349","0.596256"
"1977503349","2903477438","0.471256"
"2903477438","1977503349","0.471256"
"1977503349","2922584776","0.0434783"
"2922584776","1977503349","0.0434783"
"1977503349","2949204976","1.29626"
"2949204976","1977503349","1.29626"
"1977503349","299491630","0.0434783"
"299491630","1977503349","0.0434783"
"1977503349","3009582716","0.154589"
"3009582716","1977503349","0.154589"
"1977503349","3010525006","1.75578"
"3010525006","1977503349","1.75578"
"1997167772","2000289851","0.0434783"
"2000289851","1997167772","0.0434783"
"1997167772","2398967959","0.0434783"
"2398967959","1997167772","0.0434783"
"1997167772","2567805712","0.0434783"
"2567805712","1997167772","0.0434783"
"1997167772","2619305693","0.0434783"
"2619305693","1997167772","0.0434783"
"1997167772","2814417945","0.0434783"
"2814417945","1997167772","0.0434783"
"1997167772","2898136424","0.0434783"
"2898136424","1997167772","0.0434783"
"1997167772","2922584776","0.0434783"
"2922584776","1997167772","0.0434783"
"1997167772","3009582716","0.0434783"
"3009582716","1997167772","0.0434783"
"1997167772","3010525006","0.376812"
"3010525006","1997167772","0.376812"
"2000289851","2058548074","0.0434783"
"2058548074","2000289851","0.0434783"
"2000289851","2140965492","0.0434783"
"2140965492","2000289851","0.0434783"
"2000289851","214559587","0.0434783"
"214559587","2000289851","0.0434783"
"2000289851","2149816156","0.0434783"
"2149816156","2000289851","0.0434783"
"2000289851","2170644611","0.0434783"
"2170644611","2000289851","0.0434783"
"2000289851","2294395996","0.0434783"
"2294395996","2000289851","0.0434783"
"2000289851","2395271464","0.0434783"
"2395271464","2000289851","0.0434783"
"2000289851","2567805712","0.0434783"
"2567805712","2000289851","0.0434783"
"2000289851","2619305693","0.0434783"
"2619305693","2000289851","0.0434783"
"2000289851","2814417945","0.0434783"
"2814417945","2000289851","0.0434783"
"2000289851","2898136424","0.0434783"
"2898136424","2000289851","0.0434783"
"2000289851","2903477438","0.0434783"
"2903477438","2000289851","0.0434783"
"2000289851","2922584776","0.0434783"
"2922584776","2000289851","0.0434783"
"2000289851","2949204976","0.0434783"
"2949204976","2000289851","0.0434783"
"2000289851","299491630","0.0434783"
"299491630","2000289851","0.0434783"
"2000289851","3009582716","0.0434783"
"3009582716","2000289851","0.0434783"
"2000289851","3010525006","0.0434783"
"3010525006","2000289851","0.0434783"
"2058548074","2140965492","0.210145"
"2140965492","2058548074","0.210145"
"2058548074","2149816156","0.0434783"
"2149816156","2058548074","0.0434783"
"2058548074","2170644611","1.95697"
"2170644611","2058548074","1.95697"
"2058548074","2294395996","0.735145"
"2294395996","2058548074","0.735145"
"2058548074","2395271464","0.0434783"
"2395271464","2058548074","0.0434783"
"2058548074","2398967959","1.23792"
"2398967959","2058548074","1.23792"
"2058548074","2561848028","0.654589"
"2561848028","2058548074","0.654589"
"2058548074","2567805712","3.33197"
"2567805712","2058548074","3.33197"
"2058548074","2619305693","0.0434783"
"2619305693","2058548074","0.0434783"
"2058548074","2814417945","0.0434783"
"2814417945","2058548074","0.0434783"
"2058548074","2898136424","0.596256"
"2898136424","2058548074","0.596256"
"2058548074","2903477438","0.471256"
"2903477438","2058548074","0.471256"
"2058548074","2922584776","0.0434783"
"2922584776","2058548074","0.0434783"
"2058548074","2949204976","1.04626"
"2949204976","2058548074","1.04626"
"2058548074","299491630","0.0434783"
"299491630","2058548074","0.0434783"
"2058548074","3009582716","0.154589"
"3009582716","2058548074","0.154589"
"2058548074","3010525006","1.08911"
"3010525006","2058548074","1.08911"
"2140965492","214559587","0.0434783"
"214559587","2140965492","0.0434783"
"2140965492","2170644611","0.0434783"
"2170644611","2140965492","0.0434783"
"2140965492","2398967959","0.0434783"
"2398967959","2140965492","0.0434783"
"2140965492","2561848028","0.186335"
"2561848028","2140965492","0.186335"
"2140965492","2567805712","0.0434783"
"2567805712","2140965492","0.0434783"
"2140965492","2619305693","0.0434783"
"2619305693","2140965492","0.0434783"
"2140965492","2814417945","0.186335"
"2814417945","2140965492","0.186335"
"2140965492","2898136424","0.0434783"
"2898136424","2140965492","0.0434783"
"2140965492","2922584776","0.0434783"
"2922584776","2140965492","0.0434783"
"2140965492","2949204976","0.0434783"
"2949204976","2140965492","0.0434783"
"2140965492","3009582716","0.0434783"
"3009582716","2140965492","0.0434783"
"2140965492","3010525006","0.0434783"
"3010525006","2140965492","0.0434783"
"214559587","2149816156","0.0434783"
"2149816156","214559587","0.0434783"
"214559587","2170644611","2.16411"
"2170644611","214559587","2.16411"
"214559587","2294395996","1.48514"
"2294395996","214559587","1.48514"
"214559587","2395271464","0.0434783"
"2395271464","214559587","0.0434783"
"214559587","2398967959","0.376812"
"2398967959","214559587","0.376812"
"214559587","2561848028","0.0434783"
"2561848028","214559587","0.0434783"
"214559587","2567805712","1.28911"
"2567805712","214559587","1.28911"
"214559587","2619305693","0.0434783"
"2619305693","214559587","0.0434783"
"214559587","2814417945","0.0434783"
"2814417945","214559587","0.0434783"
"214559587","2898136424","0.346256"
"2898136424","214559587","0.346256"
"214559587","2903477438","0.110145"
"2903477438","214559587","0.110145"
"214559587","2922584776","0.0434783"
"2922584776","214559587","0.0434783"
"214559587","2949204976","1.29626"
"2949204976","214559587","1.29626"
"214559587","299491630","0.0434783"
"299491630","214559587","0.0434783"
"214559587","3009582716","0.0434783"
"3009582716","214559587","0.0434783"
"214559587","3010525006","0.546256"
"3010525006","214559587","0.546256"
"2149816156","2170644611","0.0434783"
"2170644611","2149816156","0.0434783"
"2149816156","2398967959","0.0434783"
"2398967959","2149816156","0.0434783"
"2149816156","2561848028","0.353002"
"2561848028","2149816156","0.353002"
"2149816156","2567805712","0.0434783"
"2567805712","2149816156","0.0434783"
"2149816156","2619305693","0.0434783"
"2619305693","2149816156","0.0434783"
"2149816156","2814417945","0.186335"
"2814417945","2149816156","0.186335"
"2149816156","2898136424","0.0434783"
"2898136424","2149816156","0.0434783"
"2149816156","2922584776","0.0434783"
"2922584776","2149816156","0.0434783"
"2149816156","2949204976","0.0434783"
"2949204976","2149816156","0.0434783"
"2149816156","3009582716","0.376812"
"3009582716","2149816156","0.376812"
"2149816156","3010525006","0.0434783"
"3010525006","2149816156","0.0434783"
"2170644611","2395271464","0.0434783"
"2395271464","2170644611","0.0434783"
"2170644611","2398967959","0.0434783"
"2398967959","2170644611","0.0434783"
"2170644611","2561848028","0.0434783"
"2561848028","2170644611","0.0434783"
"2170644611","2567805712","2.63197"
"2567805712","2170644611","2.63197"
"2170644611","2619305693","0.0434783"
"2619305693","2170644611","0.0434783"
"2170644611","2814417945","0.0434783"
"2814417945","2170644611","0.0434783"
"2170644611","2898136424","0.679589"
"2898136424","2170644611","0.679589"
"2170644611","2903477438","0.110145"
"2903477438","2170644611","0.110145"
"2170644611","2922584776","0.0434783"
"2922584776","2170644611","0.0434783"
"2170644611","299491630","0.0434783"
"299491630","2170644611","0.0434783"
"2170644611","3009582716","0.0434783"
"3009582716","2170644611","0.0434783"
"2170644611","3010525006","1.88911"
"3010525006","2170644611","1.88911"
"2294395996","2398967959","0.0434783"
"2398967959","2294395996","0.0434783"
"2294395996","2561848028","0.0434783"
"2561848028","2294395996","0.0434783"
"2294395996","2567805712","0.210145"
"2567805712","2294395996","0.210145"
"2294395996","2619305693","0.0434783"
"2619305693","2294395996","0.0434783"
"2294395996","2814417945","0.0434783"
"2814417945","2294395996","0.0434783"
"2294395996","2898136424","0.110145"
"2898136424","2294395996","0.110145"
"2294395996","2922584776","0.0434783"
"2922584776","2294395996","0.0434783"
"2294395996","3009582716","0.0434783"
"3009582716","2294395996","0.0434783"
"2294395996","3010525006","0.443478"
"3010525006","2294395996","0.443478"
"2395271464","2398967959","0.543478"
"2398967959","2395271464","0.543478"
"2395271464","2561848028","2.68634"
"2561848028","2395271464","2.68634"
"2395271464","2567805712","0.0434783"
"2567805712","2395271464","0.0434783"
"2395271464","2619305693","0.376812"
"2619305693","2395271464","0.376812"
"2395271464","2814417945","0.186335"
"2814417945","2395271464","0.186335"
"2395271464","2898136424","0.0434783"
"2898136424","2395271464","0.0434783"
"2395271464","2922584776","0.0434783"
"2922584776","2395271464","0.0434783"
"2395271464","2949204976","0.0434783"
"2949204976","2395271464","0.0434783"
"2395271464","3009582716","0.0434783"
"3009582716","2395271464","0.0434783"
"2395271464","3010525006","0.0434783"
"3010525006","2395271464","0.0434783"
"2398967959","2567805712","1.29348"
"2567805712","2398967959","1.29348"
"2398967959","2619305693","0.243478"
"2619305693","2398967959","0.243478"
"2398967959","2814417945","0.686335"
"2814417945","2398967959","0.686335"
"2398967959","2898136424","0.243478"
"2898136424","2398967959","0.243478"
"2398967959","2903477438","0.747447"
"2903477438","2398967959","0.747447"
"2398967959","2922584776","0.186335"
"2922584776","2398967959","0.186335"
"2398967959","2949204976","0.686335"
"2949204976","2398967959","0.686335"
"2398967959","299491630","0.0434783"
"299491630","2398967959","0.0434783"
"2398967959","3009582716","0.497447"
"3009582716","2398967959","0.497447"
"2398967959","3010525006","0.186335"
"3010525006","2398967959","0.186335"
"2561848028","2567805712","0.0434783"
"2567805712","2561848028","0.0434783"
"2561848028","2619305693","0.376812"
"2619305693","2561848028","0.376812"
"2561848028","2814417945","0.186335"
"2814417945","2561848028","0.186335"
"2561848028","2898136424","0.0434783"
"2898136424","2561848028","0.0434783"
"2561848028","2903477438","1.79745"
"2903477438","2561848028","1.79745"
"2561848028","2922584776","0.0434783"
"2922584776","2561848028","0.0434783"
"2561848028","2949204976","0.0434783"
"2949204976","2561848028","0.0434783"
"2561848028","299491630","0.353002"
"299491630","2561848028","0.353002"
"2561848028","3009582716","0.154589"
"3009582716","2561848028","0.154589"
"2561848028","3010525006","0.0434783"
"3010525006","2561848028","0.0434783"
"2567805712","2619305693","0.0434783"
"2619305693","2567805712","0.0434783"
"2567805712","2814417945","1.04348"
"2814417945","2567805712","1.04348"
"2567805712","2898136424","0.929589"
"2898136424","2567805712","0.929589"
"2567805712","2903477438","0.360145"
"2903477438","2567805712","0.360145"
"2567805712","2922584776","0.0434783"
"2922584776","2567805712","0.0434783"
"2567805712","2949204976","0.521256"
"2949204976","2567805712","0.521256"
"2567805712","299491630","0.0434783"
"299491630","2567805712","0.0434783"
"2567805712","3009582716","0.0434783"
"3009582716","2567805712","0.0434783"
"2567805712","3010525006","3.08911"
"3010525006","2567805712","3.08911"
"2619305693","2814417945","0.0434783"
"2814417945","2619305693","0.0434783"
"2619305693","2898136424","0.243478"
"2898136424","2619305693","0.243478"
"2619305693","2903477438","0.576812"
"2903477438","2619305693","0.576812"
"2619305693","2922584776","0.376812"
"2922584776","2619305693","0.376812"
"2619305693","2949204976","0.376812"
"2949204976","2619305693","0.376812"
"2619305693","299491630","0.0434783"
"299491630","2619305693","0.0434783"
"2619305693","3009582716","0.576812"
"3009582716","2619305693","0.576812"
"2619305693","3010525006","0.0434783"
"3010525006","2619305693","0.0434783"
"2814417945","2898136424","0.0434783"
"2898136424","2814417945","0.0434783"
"2814417945","2903477438","1.32919"
"2903477438","2814417945","1.32919"
"2814417945","2922584776","0.186335"
"2922584776","2814417945","0.186335"
"2814417945","2949204976","2.18634"
"2949204976","2814417945","2.18634"
"2814417945","299491630","0.186335"
"299491630","2814417945","0.186335"
"2814417945","3009582716","0.686335"
"3009582716","2814417945","0.686335"
"2814417945","3010525006","0.186335"
"3010525006","2814417945","0.186335"
"2898136424","2903477438","0.310145"
"2903477438","2898136424","0.310145"
"2898136424","2922584776","0.0434783"
"2922584776","2898136424","0.0434783"
"2898136424","2949204976","0.221256"
"2949204976","2898136424","0.221256"
"2898136424","299491630","0.0434783"
"299491630","2898136424","0.0434783"
"2898136424","3009582716","0.243478"
"3009582716","2898136424","0.243478"
"2898136424","3010525006","0.679589"
"3010525006","2898136424","0.679589"
"2903477438","2922584776","0.186335"
"2922584776","2903477438","0.186335"
"2903477438","2949204976","0.253002"
"2949204976","2903477438","0.253002"
"2903477438","3009582716","2.33078"
"3009582716","2903477438","2.33078"
"2903477438","3010525006","0.253002"
"3010525006","2903477438","0.253002"
"2922584776","2949204976","0.519669"
"2949204976","2922584776","0.519669"
"2922584776","299491630","0.0434783"
"299491630","2922584776","0.0434783"
"2922584776","3009582716","0.519669"
"3009582716","2922584776","0.519669"
"2922584776","3010525006","0.186335"
"3010525006","2922584776","0.186335"
"2949204976","299491630","0.0434783"
"299491630","2949204976","0.0434783"
"2949204976","3009582716","1.01967"
"3009582716","2949204976","1.01967"
"2949204976","3010525006","2.89745"
"3010525006","2949204976","2.89745"
"299491630","3009582716","0.0434783"
"3009582716","299491630","0.0434783"
"299491630","3010525006","0.0434783"
"3010525006","299491630","0.0434783"
"3009582716","3010525006","1.18634"
"3010525006","3009582716","1.18634"
"1639227833","2041232096","0.25"
"2041232096","1639227833","0.25"
"2000289851","2041232096","5.41667"
"2041232096","2000289851","5.41667"
"2041232096","2114507269","0.25"
"2114507269","2041232096","0.25"
"2041232096","2129217297","0.583333"
"2129217297","2041232096","0.583333"
"1752392398","2026598756","4.50794"
"2026598756","1752392398","4.50794"
"1977503349","2026598756","1.13294"
"2026598756","1977503349","1.13294"
"2026598756","2058548074","0.799603"
"2058548074","2026598756","0.799603"
"2026598756","214559587","1.54563"
"214559587","2026598756","1.54563"
"2026598756","2170644611","0.688492"
"2170644611","2026598756","0.688492"
"2026598756","2567805712","0.563492"
"2567805712","2026598756","0.563492"
"2026598756","2898136424","0.177778"
"2898136424","2026598756","0.177778"
"2026598756","2949204976","0.402778"
"2949204976","2026598756","0.402778"
"2026598756","3010525006","0.320635"
"3010525006","2026598756","0.320635"
"1752392398","2106412871","0.333333"
"2106412871","1752392398","0.333333"
"1752392398","2129217297","1.4"
"2129217297","1752392398","1.4"
"1752392398","2166747776","0.333333"
"2166747776","1752392398","0.333333"
"2106412871","2166747776","0.833333"
"2166747776","2106412871","0.833333"
"2129217297","2166747776","1.83333"
"2166747776","2129217297","1.83333"
"1977503349","2008239401","1.80516"
"2008239401","1977503349","1.80516"
"2008239401","2026598756","0.896825"
"2026598756","2008239401","0.896825"
"2008239401","2058548074","2.47183"
"2058548074","2008239401","2.47183"
"2008239401","2170644611","1.77738"
"2170644611","2008239401","1.77738"
"2008239401","2567805712","1.02738"
"2567805712","2008239401","1.02738"
"2008239401","3010525006","0.534524"
"3010525006","2008239401","0.534524"
"1752392398","2114507269","0.177778"
"2114507269","1752392398","0.177778"
"1977503349","2114507269","0.177778"
"2114507269","1977503349","0.177778"
"2008239401","2114507269","0.177778"
"2114507269","2008239401","0.177778"
"2008239401","2398967959","0.111111"
"2398967959","2008239401","0.111111"
"2008239401","2561848028","0.111111"
"2561848028","2008239401","0.111111"
"2008239401","3009582716","0.111111"
"3009582716","2008239401","0.111111"
"2026598756","2114507269","0.177778"
"2114507269","2026598756","0.177778"
"2026598756","2398967959","0.111111"
"2398967959","2026598756","0.111111"
"2026598756","2561848028","0.111111"
"2561848028","2026598756","0.111111"
"2026598756","2903477438","0.177778"
"2903477438","2026598756","0.177778"
"2026598756","3009582716","0.111111"
"3009582716","2026598756","0.111111"
"2058548074","2114507269","0.177778"
"2114507269","2058548074","0.177778"
"2114507269","2398967959","0.111111"
"2398967959","2114507269","0.111111"
"2114507269","2903477438","0.177778"
"2903477438","2114507269","0.177778"
"2114507269","3009582716","0.111111"
"3009582716","2114507269","0.111111"
"1752392398","2089354885","1.06667"
"2089354885","1752392398","1.06667"
"1977503349","2089354885","0.0666667"
"2089354885","1977503349","0.0666667"
"1977503349","2129217297","0.0666667"
"2129217297","1977503349","0.0666667"
"2008239401","2089354885","0.0666667"
"2089354885","2008239401","0.0666667"
"2008239401","2129217297","0.566667"
"2129217297","2008239401","0.566667"
"2008239401","214559587","0.434524"
"214559587","2008239401","0.434524"
"2008239401","2898136424","0.441667"
"2898136424","2008239401","0.441667"
"2008239401","2949204976","0.166667"
"2949204976","2008239401","0.166667"
"2026598756","2089354885","0.0666667"
"2089354885","2026598756","0.0666667"
"2026598756","2129217297","0.0666667"
"2129217297","2026598756","0.0666667"
"2026598756","2294395996","0.291667"
"2294395996","2026598756","0.291667"
"2058548074","2089354885","0.0666667"
"2089354885","2058548074","0.0666667"
"2058548074","2129217297","0.0666667"
"2129217297","2058548074","0.0666667"
"2089354885","214559587","0.0666667"
"214559587","2089354885","0.0666667"
"2089354885","2170644611","0.0666667"
"2170644611","2089354885","0.0666667"
"2089354885","2294395996","0.0666667"
"2294395996","2089354885","0.0666667"
"2089354885","2567805712","0.0666667"
"2567805712","2089354885","0.0666667"
"2089354885","2898136424","0.0666667"
"2898136424","2089354885","0.0666667"
"2089354885","2903477438","0.0666667"
"2903477438","2089354885","0.0666667"
"2089354885","2949204976","0.0666667"
"2949204976","2089354885","0.0666667"
"2089354885","3010525006","0.0666667"
"3010525006","2089354885","0.0666667"
"2114507269","214559587","0.0666667"
"214559587","2114507269","0.0666667"
"2114507269","2170644611","0.0666667"
"2170644611","2114507269","0.0666667"
"2114507269","2294395996","0.0666667"
"2294395996","2114507269","0.0666667"
"2114507269","2567805712","0.0666667"
"2567805712","2114507269","0.0666667"
"2114507269","2898136424","0.0666667"
"2898136424","2114507269","0.0666667"
"2114507269","2949204976","0.0666667"
"2949204976","2114507269","0.0666667"
"2114507269","3010525006","0.0666667"
"3010525006","2114507269","0.0666667"
"2129217297","214559587","0.0666667"
"214559587","2129217297","0.0666667"
"2129217297","2170644611","0.0666667"
"2170644611","2129217297","0.0666667"
"2129217297","2567805712","0.0666667"
"2567805712","2129217297","0.0666667"
"2129217297","2898136424","0.0666667"
"2898136424","2129217297","0.0666667"
"2129217297","2903477438","0.0666667"
"2903477438","2129217297","0.0666667"
"2129217297","3010525006","0.0666667"
"3010525006","2129217297","0.0666667"
"1997167772","2026598756","0.5"
"2026598756","1997167772","0.5"
"1752392398","1983201265","0.1"
"1983201265","1752392398","0.1"
"1977503349","1983201265","0.225"
"1983201265","1977503349","0.225"
"1983201265","2008239401","0.1"
"2008239401","1983201265","0.1"
"1983201265","2026598756","0.225"
"2026598756","1983201265","0.225"
"1983201265","2058548074","0.225"
"2058548074","1983201265","0.225"
"1983201265","214559587","0.225"
"214559587","1983201265","0.225"
"1983201265","2170644611","0.225"
"2170644611","1983201265","0.225"
"1983201265","2294395996","0.225"
"2294395996","1983201265","0.225"
"1983201265","2567805712","0.1"
"2567805712","1983201265","0.1"
"1983201265","2949204976","0.225"
"2949204976","1983201265","0.225"
"1752392398","818925182","0.666667"
"818925182","1752392398","0.666667"
"1977503349","2143417879","0.166667"
"2143417879","1977503349","0.166667"
"1977503349","2161358272","0.166667"
"2161358272","1977503349","0.166667"
"1977503349","818925182","0.166667"
"818925182","1977503349","0.166667"
"2058548074","2143417879","0.166667"
"2143417879","2058548074","0.166667"
"2058548074","2161358272","0.166667"
"2161358272","2058548074","0.166667"
"2058548074","818925182","0.166667"
"818925182","2058548074","0.166667"
"2140965492","818925182","1.50952"
"818925182","2140965492","1.50952"
"2143417879","818925182","0.416667"
"818925182","2143417879","0.416667"
"2161358272","818925182","0.916667"
"818925182","2161358272","0.916667"
"2903477438","818925182","12.4262"
"818925182","2903477438","12.4262"
"1977503349","2106412871","0.125"
"2106412871","1977503349","0.125"
"2026598756","2106412871","0.125"
"2106412871","2026598756","0.125"
"2058548074","2106412871","0.125"
