"1498985164","1512398103","0.0526316"
"1512398103","1498985164","0.0526316"
"1498985164","1527855528","0.0526316"
"1527855528","1498985164","0.0526316"
"1498985164","1580189129","0.385965"
"1580189129","1498985164","0.385965"
"1498985164","1583133961","0.552632"
"1583133961","1498985164","0.552632"
"1498985164","1598275972","0.552632"
"1598275972","1498985164","0.552632"
"1498985164","1797255237","0.0526316"
"1797255237","1498985164","0.0526316"
"1498985164","1840967680","0.552632"
"1840967680","1498985164","0.552632"
"1498985164","1993870807","0.0526316"
"1993870807","1498985164","0.0526316"
"1498985164","1996736473","0.0526316"
"1996736473","1498985164","0.0526316"
"1498985164","1998868013","0.0526316"
"1998868013","1498985164","0.0526316"
"1498985164","2035024861","0.0526316"
"2035024861","1498985164","0.0526316"
"1498985164","2048166870","0.0526316"
"2048166870","1498985164","0.0526316"
"1498985164","2100767381","0.0526316"
"2100767381","1498985164","0.0526316"
"1498985164","2103761057","0.219298"
"2103761057","1498985164","0.219298"
"1498985164","2106043158","0.552632"
"2106043158","1498985164","0.552632"
"1498985164","2108228210","0.0526316"
"2108228210","1498985164","0.0526316"
"1498985164","2131728033","0.552632"
"2131728033","1498985164","0.552632"
"1498985164","2144879960","0.0526316"
"2144879960","1498985164","0.0526316"
"1498985164","940051","0.0526316"
"940051","1498985164","0.0526316"
"1512398103","1527855528","0.290727"
"1527855528","1512398103","0.290727"
"1512398103","1580189129","0.12406"
"1580189129","1512398103","0.12406"
"1512398103","1583133961","0.12406"
"1583133961","1512398103","0.12406"
"1512398103","1598275972","0.12406"
"1598275972","1512398103","0.12406"
"1512398103","1797255237","0.62406"
"1797255237","1512398103","0.62406"
"1512398103","1840967680","0.0526316"
"1840967680","1512398103","0.0526316"
"1512398103","1993870807","0.12406"
"1993870807","1512398103","0.12406"
"1512398103","1996736473","0.290727"
"1996736473","1512398103","0.290727"
"1512398103","1998868013","0.957393"
"1998868013","1512398103","0.957393"
"1512398103","2035024861","0.457393"
"2035024861","1512398103","0.457393"
"1512398103","2048166870","0.0526316"
"2048166870","1512398103","0.0526316"
"1512398103","2100767381","0.12406"
"2100767381","1512398103","0.12406"
"1512398103","2103761057","0.62406"
"2103761057","1512398103","0.62406"
"1512398103","2106043158","0.0526316"
"2106043158","1512398103","0.0526316"
"1512398103","2108228210","0.0526316"
"2108228210","1512398103","0.0526316"
"1512398103","2131728033","0.12406"
"2131728033","1512398103","0.12406"
"1512398103","2144879960","0.290727"
"2144879960","1512398103","0.290727"
"1512398103","940051","0.12406"
"940051","1512398103","0.12406"
"1527855528","1580189129","0.207393"
"1580189129","1527855528","0.207393"
"1527855528","1583133961","0.37406"
"1583133961","1527855528","0.37406"
"1527855528","1598275972","0.985171"
"1598275972","1527855528","0.985171"
"1527855528","1797255237","1.2685"
"1797255237","1527855528","1.2685"
"1527855528","1840967680","0.913743"
"1840967680","1527855528","0.913743"
"1527855528","1993870807","0.933584"
"1993870807","1527855528","0.933584"
"1527855528","1996736473","0.490727"
"1996736473","1527855528","0.490727"
"1527855528","1998868013","2.16136"
"1998868013","1527855528","2.16136"
"1527855528","2035024861","1.2947"
"2035024861","1527855528","1.2947"
"1527855528","2048166870","0.445489"
"2048166870","1527855528","0.445489"
"1527855528","2100767381","0.207393"
"2100767381","1527855528","0.207393"
"1527855528","2103761057","0.685171"
"2103761057","1527855528","0.685171"
"1527855528","2106043158","0.362155"
"2106043158","1527855528","0.362155"
"1527855528","2108228210","0.0526316"
"2108228210","1527855528","0.0526316"
"1527855528","2131728033","0.12406"
"2131728033","1527855528","0.12406"
"1527855528","2144879960","1.13358"
"2144879960","1527855528","1.13358"
"1527855528","940051","0.683584"
"940051","1527855528","0.683584"
"1580189129","1583133961","0.87406"
"1583133961","1580189129","0.87406"
"1580189129","1598275972","0.457393"
"1598275972","1580189129","0.457393"
"1580189129","1797255237","0.207393"
"1797255237","1580189129","0.207393"
"1580189129","1840967680","0.135965"
"1840967680","1580189129","0.135965"
"1580189129","1993870807","0.907393"
"1993870807","1580189129","0.907393"
"1580189129","1996736473","0.12406"
"1996736473","1580189129","0.12406"
"1580189129","1998868013","1.70739"
"1998868013","1580189129","1.70739"
"1580189129","2035024861","0.907393"
"2035024861","1580189129","0.907393"
"1580189129","2048166870","0.302632"
"2048166870","1580189129","0.302632"
"1580189129","2100767381","2.65739"
"2100767381","1580189129","2.65739"
"1580189129","2103761057","0.790727"
"2103761057","1580189129","0.790727"
"1580189129","2106043158","0.0526316"
"2106043158","1580189129","0.0526316"
"1580189129","2108228210","0.0526316"
"2108228210","1580189129","0.0526316"
"1580189129","2131728033","0.790727"
"2131728033","1580189129","0.790727"
"1580189129","2144879960","0.32406"
"2144879960","1580189129","0.32406"
"1580189129","940051","0.907393"
"940051","1580189129","0.907393"
"1583133961","1598275972","0.37406"
"1598275972","1583133961","0.37406"
"1583133961","1797255237","0.207393"
"1797255237","1583133961","0.207393"
"1583133961","1840967680","0.635965"
"1840967680","1583133961","0.635965"
"1583133961","1993870807","0.37406"
"1993870807","1583133961","0.37406"
"1583133961","1996736473","0.24906"
"1996736473","1583133961","0.24906"
"1583133961","1998868013","0.707393"
"1998868013","1583133961","0.707393"
"1583133961","2035024861","0.37406"
"2035024861","1583133961","0.37406"
"1583133961","2048166870","0.0526316"
"2048166870","1583133961","0.0526316"
"1583133961","2100767381","0.207393"
"2100767381","1583133961","0.207393"
"1583133961","2103761057","1.66573"
"2103761057","1583133961","1.66573"
"1583133961","2106043158","1.05263"
"2106043158","1583133961","1.05263"
"1583133961","2108228210","0.177632"
"2108228210","1583133961","0.177632"
"1583133961","2131728033","4.91573"
"2131728033","1583133961","4.91573"
"1583133961","2144879960","0.290727"
"2144879960","1583133961","0.290727"
"1583133961","940051","0.37406"
"940051","1583133961","0.37406"
"1598275972","1797255237","0.735171"
"1797255237","1598275972","0.735171"
"1598275972","1840967680","2.11374"
"1840967680","1598275972","2.11374"
"1598275972","1993870807","0.207393"
"1993870807","1598275972","0.207393"
"1598275972","1996736473","0.12406"
"1996736473","1598275972","0.12406"
"1598275972","1998868013","0.985171"
"1998868013","1598275972","0.985171"
"1598275972","2035024861","0.818505"
"2035024861","1598275972","0.818505"
"1598275972","2048166870","0.552632"
"2048166870","1598275972","0.552632"
"1598275972","2100767381","0.457393"
"2100767381","1598275972","0.457393"
"1598275972","2103761057","0.735171"
"2103761057","1598275972","0.735171"
"1598275972","2106043158","3.6693"
"2106043158","1598275972","3.6693"
"1598275972","2108228210","0.0526316"
"2108228210","1598275972","0.0526316"
"1598275972","2131728033","0.290727"
"2131728033","1598275972","0.290727"
"1598275972","2144879960","0.290727"
"2144879960","1598275972","0.290727"
"1598275972","940051","0.207393"
"940051","1598275972","0.207393"
"1797255237","1840967680","0.663743"
"1840967680","1797255237","0.663743"
"1797255237","1993870807","0.37406"
"1993870807","1797255237","0.37406"
"1797255237","1996736473","0.82406"
"1996736473","1797255237","0.82406"
"1797255237","1998868013","1.35184"
"1998868013","1797255237","1.35184"
"1797255237","2035024861","0.818505"
"2035024861","1797255237","0.818505"
"1797255237","2048166870","0.0526316"
"2048166870","1797255237","0.0526316"
"1797255237","2100767381","0.540727"
"2100767381","1797255237","0.540727"
"1797255237","2103761057","1.35184"
"2103761057","1797255237","1.35184"
"1797255237","2106043158","0.219298"
"2106043158","1797255237","0.219298"
"1797255237","2108228210","0.385965"
"2108228210","1797255237","0.385965"
"1797255237","2131728033","0.12406"
"2131728033","1797255237","0.12406"
"1797255237","2144879960","1.15739"
"2144879960","1797255237","1.15739"
"1797255237","940051","0.37406"
"940051","1797255237","0.37406"
"1840967680","1993870807","0.385965"
"1993870807","1840967680","0.385965"
"1840967680","1996736473","0.0526316"
"1996736473","1840967680","0.0526316"
"1840967680","1998868013","3.74708"
"1998868013","1840967680","3.74708"
"1840967680","2035024861","0.747076"
"2035024861","1840967680","0.747076"
"1840967680","2048166870","0.0526316"
"2048166870","1840967680","0.0526316"
"1840967680","2100767381","0.135965"
"2100767381","1840967680","0.135965"
"1840967680","2103761057","0.913743"
"2103761057","1840967680","0.913743"
"1840967680","2106043158","4.00263"
"2106043158","1840967680","4.00263"
"1840967680","2108228210","0.0526316"
"2108228210","1840967680","0.0526316"
"1840967680","2131728033","0.219298"
"2131728033","1840967680","0.219298"
"1840967680","2144879960","1.2193"
"2144879960","1840967680","1.2193"
"1840967680","940051","0.135965"
"940051","1840967680","0.135965"
"1993870807","1996736473","0.391917"
"1996736473","1993870807","0.391917"
"1993870807","1998868013","2.10025"
"1998868013","1993870807","2.10025"
"1993870807","2035024861","3.40144"
"2035024861","1993870807","3.40144"
"1993870807","2048166870","0.195489"
"2048166870","1993870807","0.195489"
"1993870807","2100767381","0.675251"
"2100767381","1993870807","0.675251"
"1993870807","2103761057","0.475251"
"2103761057","1993870807","0.475251"
"1993870807","2106043158","0.195489"
"2106043158","1993870807","0.195489"
"1993870807","2108228210","0.0526316"
"2108228210","1993870807","0.0526316"
"1993870807","2131728033","0.12406"
"2131728033","1993870807","0.12406"
"1993870807","2144879960","1.13358"
"2144879960","1993870807","1.13358"
"1993870807","940051","3.15144"
"940051","1993870807","3.15144"
"1996736473","1998868013","0.490727"
"1998868013","1996736473","0.490727"
"1996736473","2035024861","0.391917"
"2035024861","1996736473","0.391917"
"1996736473","2048166870","0.0526316"
"2048166870","1996736473","0.0526316"
"1996736473","2100767381","0.391917"
"2100767381","1996736473","0.391917"
"1996736473","2103761057","1.21692"
"2103761057","1996736473","1.21692"
"1996736473","2106043158","0.0526316"
"2106043158","1996736473","0.0526316"
"1996736473","2108228210","3.01096"
"2108228210","1996736473","3.01096"
"1996736473","2131728033","0.24906"
"2131728033","1996736473","0.24906"
"1996736473","2144879960","0.490727"
"2144879960","1996736473","0.490727"
"1996736473","940051","0.391917"
"940051","1996736473","0.391917"
"1998868013","2035024861","4.04469"
"2035024861","1998868013","4.04469"
"1998868013","2048166870","0.445489"
"2048166870","1998868013","0.445489"
"1998868013","2100767381","0.207393"
"2100767381","1998868013","0.207393"
"1998868013","2103761057","2.0185"
"2103761057","1998868013","2.0185"
"1998868013","2106043158","1.44549"
"2106043158","1998868013","1.44549"
"1998868013","2108228210","0.0526316"
"2108228210","1998868013","0.0526316"
"1998868013","2131728033","0.12406"
"2131728033","1998868013","0.12406"
"1998868013","2144879960","2.13358"
"2144879960","1998868013","2.13358"
"1998868013","940051","1.85025"
"940051","1998868013","1.85025"
"2035024861","2048166870","0.445489"
"2048166870","2035024861","0.445489"
"2035024861","2100767381","0.675251"
"2100767381","2035024861","0.675251"
"2035024861","2103761057","0.586362"
"2103761057","2035024861","0.586362"
"2035024861","2106043158","0.445489"
"2106043158","2035024861","0.445489"
"2035024861","2108228210","0.0526316"
"2108228210","2035024861","0.0526316"
"2035024861","2131728033","0.12406"
"2131728033","2035024861","0.12406"
"2035024861","2144879960","1.13358"
"2144879960","2035024861","1.13358"
"2035024861","940051","3.15144"
"940051","2035024861","3.15144"
"2048166870","2100767381","0.302632"
"2100767381","2048166870","0.302632"
"2048166870","2103761057","0.302632"
"2103761057","2048166870","0.302632"
"2048166870","2106043158","0.195489"
"2106043158","2048166870","0.195489"
"2048166870","2108228210","0.0526316"
"2108228210","2048166870","0.0526316"
"2048166870","2131728033","0.0526316"
"2131728033","2048166870","0.0526316"
"2048166870","2144879960","0.195489"
"2144879960","2048166870","0.195489"
"2048166870","940051","0.195489"
"940051","2048166870","0.195489"
"2100767381","2103761057","1.39192"
"2103761057","2100767381","1.39192"
"2100767381","2106043158","0.0526316"
"2106043158","2100767381","0.0526316"
"2100767381","2108228210","0.0526316"
"2108228210","2100767381","0.0526316"
"2100767381","2131728033","0.12406"
"2131728033","2100767381","0.12406"
"2100767381","2144879960","0.657393"
"2144879960","2100767381","0.657393"
"2100767381","940051","0.675251"
"940051","2100767381","0.675251"
"2103761057","2106043158","0.719298"
"2106043158","2103761057","0.719298"
"2103761057","2108228210","0.510965"
"2108228210","2103761057","0.510965"
"2103761057","2131728033","1.08239"
"2131728033","2103761057","1.08239"
"2103761057","2144879960","0.82406"
"2144879960","2103761057","0.82406"
"2103761057","940051","0.475251"
"940051","2103761057","0.475251"
"2106043158","2108228210","0.0526316"
"2108228210","2106043158","0.0526316"
"2106043158","2131728033","0.719298"
"2131728033","2106043158","0.719298"
"2106043158","2144879960","0.362155"
"2144879960","2106043158","0.362155"
"2106043158","940051","0.195489"
"940051","2106043158","0.195489"
"2108228210","2131728033","0.177632"
"2131728033","2108228210","0.177632"
"2108228210","2144879960","0.0526316"
"2144879960","2108228210","0.0526316"
"2108228210","940051","0.0526316"
"940051","2108228210","0.0526316"
"2131728033","2144879960","0.12406"
"2144879960","2131728033","0.12406"
"2131728033","940051","0.12406"
"940051","2131728033","0.12406"
"2144879960","940051","1.13358"
"940051","2144879960","1.13358"
"1512398103","2105750191","0.333333"
"2105750191","1512398103","0.333333"
"1998868013","2105750191","0.777778"
"2105750191","1998868013","0.777778"
"2103761057","2105750191","2.00397"
"2105750191","2103761057","2.00397"
"1527855528","2105750191","0.444444"
"2105750191","1527855528","0.444444"
"1527855528","2181502838","0.444444"
"2181502838","1527855528","0.444444"
"1998868013","2181502838","0.444444"
"2181502838","1998868013","0.444444"
"2105750191","2181502838","9.50397"
"2181502838","2105750191","9.50397"
"1527855528","1670563787","0.333333"
"1670563787","1527855528","0.333333"
"1580189129","1670563787","0.0833333"
"1670563787","1580189129","0.0833333"
"1583133961","1670563787","2.04167"
"1670563787","1583133961","2.04167"
"1598275972","1670563787","0.533333"
"1670563787","1598275972","0.533333"
"1670563787","1797255237","0.333333"
"1797255237","1670563787","0.333333"
"1670563787","1840967680","0.533333"
"1840967680","1670563787","0.533333"
"1670563787","1993870807","0.0833333"
"1993870807","1670563787","0.0833333"
"1670563787","1998868013","0.0833333"
"1998868013","1670563787","0.0833333"
"1670563787","2035024861","0.0833333"
"2035024861","1670563787","0.0833333"
"1670563787","2100767381","0.0833333"
"2100767381","1670563787","0.0833333"
"1670563787","2103761057","2.54167"
"2103761057","1670563787","2.54167"
"1670563787","940051","0.0833333"
"940051","1670563787","0.0833333"
"1527855528","1543369505","0.111111"
"1543369505","1527855528","0.111111"
"1543369505","1598275972","0.311111"
"1598275972","1543369505","0.311111"
"1543369505","1797255237","0.111111"
"1797255237","1543369505","0.111111"
"1543369505","1840967680","0.311111"
"1840967680","1543369505","0.311111"
"1543369505","1998868013","0.111111"
"1998868013","1543369505","0.111111"
"1543369505","2035024861","0.236111"
"2035024861","1543369505","0.236111"
"1543369505","2103761057","2.19444"
"2103761057","1543369505","2.19444"
"1543369505","2105750191","0.694444"
"2105750191","1543369505","0.694444"
"1543369505","2181502838","0.894444"
"2181502838","1543369505","0.894444"
"1598275972","2105750191","0.111111"
"2105750191","1598275972","0.111111"
"1598275972","2181502838","0.311111"
"2181502838","1598275972","0.311111"
"1797255237","2105750191","0.111111"
"2105750191","1797255237","0.111111"
"1797255237","2181502838","0.111111"
"2181502838","1797255237","0.111111"
"1840967680","2105750191","0.111111"
"2105750191","1840967680","0.111111"
"1840967680","2181502838","0.311111"
"2181502838","1840967680","0.311111"
"2035024861","2105750191","0.878968"
"2105750191","2035024861","0.878968"
"2035024861","2181502838","0.878968"
"2181502838","2035024861","0.878968"
"2103761057","2181502838","1.67063"
"2181502838","2103761057","1.67063"
"1543369505","1583133961","0.125"
"1583133961","1543369505","0.125"
"1543369505","1670563787","0.825"
"1670563787","1543369505","0.825"
"1543369505","1996736473","0.25"
"1996736473","1543369505","0.25"
"1543369505","2108228210","0.125"
"2108228210","1543369505","0.125"
"1543369505","2131728033","0.125"
"2131728033","1543369505","0.125"
"1583133961","2105750191","0.125"
"2105750191","1583133961","0.125"
"1583133961","2181502838","0.125"
"2181502838","1583133961","0.125"
"1670563787","1996736473","0.625"
"1996736473","1670563787","0.625"
"1670563787","2105750191","1.125"
"2105750191","1670563787","1.125"
"1670563787","2108228210","0.625"
"2108228210","1670563787","0.625"
"1670563787","2131728033","0.458333"
"2131728033","1670563787","0.458333"
"1670563787","2181502838","1.325"
"2181502838","1670563787","1.325"
"1996736473","2105750191","0.392857"
"2105750191","1996736473","0.392857"
"1996736473","2181502838","0.392857"
"2181502838","1996736473","0.392857"
"2105750191","2108228210","0.125"
"2108228210","2105750191","0.125"
"2105750191","2131728033","0.125"
"2131728033","2105750191","0.125"
"2108228210","2181502838","0.125"
"2181502838","2108228210","0.125"
"2131728033","2181502838","0.125"
"2181502838","2131728033","0.125"
"1543369505","1993870807","0.125"
"1993870807","1543369505","0.125"
"1543369505","2100767381","0.125"
"2100767381","1543369505","0.125"
"1543369505","940051","0.125"
"940051","1543369505","0.125"
"1993870807","2105750191","0.267857"
"2105750191","1993870807","0.267857"
"1993870807","2181502838","0.267857"
"2181502838","1993870807","0.267857"
"2100767381","2105750191","0.60119"
"2105750191","2100767381","0.60119"
"2100767381","2181502838","0.60119"
"2181502838","2100767381","0.60119"
"2105750191","940051","0.267857"
"940051","2105750191","0.267857"
"2181502838","940051","0.267857"
"940051","2181502838","0.267857"
"1543369505","2106043158","0.2"
"2106043158","1543369505","0.2"
"1670563787","2106043158","0.2"
"2106043158","1670563787","0.2"
"2106043158","2181502838","0.2"
"2181502838","2106043158","0.2"
