"1488432518","2074575425","6.80952"
"2074575425","1488432518","6.80952"
"1488432518","1989436923","0.97619"
"1989436923","1488432518","0.97619"
"1488432518","2115695473","0.97619"
"2115695473","1488432518","0.97619"
"1989436923","2074575425","0.47619"
"2074575425","1989436923","0.47619"
"1989436923","2115695473","1.47619"
"2115695473","1989436923","1.47619"
"2074575425","2115695473","0.47619"
"2115695473","2074575425","0.47619"
"1488432518","48012899","1.47619"
"48012899","1488432518","1.47619"
"2074575425","48012899","1.47619"
"48012899","2074575425","1.47619"
"1488432518","1567294721","1.5"
"1567294721","1488432518","1.5"
"1488432518","2027840659","2.97619"
"2027840659","1488432518","2.97619"
"1488432518","1508499286","0.642857"
"1508499286","1488432518","0.642857"
"1488432518","1993274981","0.142857"
"1993274981","1488432518","0.142857"
"1508499286","1989436923","0.97619"
"1989436923","1508499286","0.97619"
"1508499286","1993274981","0.142857"
"1993274981","1508499286","0.142857"
"1508499286","2027840659","1.80952"
"2027840659","1508499286","1.80952"
"1508499286","2074575425","0.142857"
"2074575425","1508499286","0.142857"
"1508499286","2115695473","2.97619"
"2115695473","1508499286","2.97619"
"1508499286","48012899","0.47619"
"48012899","1508499286","0.47619"
"1989436923","1993274981","0.142857"
"1993274981","1989436923","0.142857"
"1989436923","2027840659","0.97619"
"2027840659","1989436923","0.97619"
"1989436923","48012899","0.97619"
"48012899","1989436923","0.97619"
"1993274981","2027840659","0.142857"
"2027840659","1993274981","0.142857"
"1993274981","2074575425","0.142857"
"2074575425","1993274981","0.142857"
"1993274981","2115695473","0.142857"
"2115695473","1993274981","0.142857"
"1993274981","48012899","0.142857"
"48012899","1993274981","0.142857"
"2027840659","2074575425","0.47619"
"2074575425","2027840659","0.47619"
"2027840659","2115695473","1.47619"
"2115695473","2027840659","1.47619"
"2027840659","48012899","7.05952"
"48012899","2027840659","7.05952"
"2115695473","48012899","0.142857"
"48012899","2115695473","0.142857"
"1567294721","2074575425","0.5"
"2074575425","1567294721","0.5"
"1488432518","1896189141","0.5"
"1896189141","1488432518","0.5"
"1896189141","2074575425","0.5"
"2074575425","1896189141","0.5"
"1508499286","1896189141","0.5"
"1896189141","1508499286","0.5"
"1896189141","2027840659","2"
"2027840659","1896189141","2"
"1508499286","2145820326","0.333333"
"2145820326","1508499286","0.333333"
"2027840659","2145820326","1.08333"
"2145820326","2027840659","1.08333"
"2115695473","2145820326","1.33333"
"2145820326","2115695473","1.33333"
"1515445539","2145820326","13.25"
"2145820326","1515445539","13.25"
"1515445539","2150512717","2"
"2150512717","1515445539","2"
"2145820326","2150512717","2.5"
"2150512717","2145820326","2.5"
"1515445539","2027840659","0.25"
"2027840659","1515445539","0.25"
"1515445539","2970752633","0.25"
"2970752633","1515445539","0.25"
"1515445539","48012899","0.25"
"48012899","1515445539","0.25"
"2027840659","2970752633","0.25"
"2970752633","2027840659","0.25"
"2145820326","2970752633","0.25"
"2970752633","2145820326","0.25"
"2145820326","48012899","0.25"
"48012899","2145820326","0.25"
"2970752633","48012899","0.25"
"48012899","2970752633","0.25"
"1660569880","2040879056","1.08258"
"2040879056","1660569880","1.08258"
"1660569880","2297059734","8.9095"
"2297059734","1660569880","8.9095"
"1660569880","2551678826","0.666667"
"2551678826","1660569880","0.666667"
"2040879056","2297059734","1.08258"
"2297059734","2040879056","1.08258"
"2040879056","2551678826","0.666667"
"2551678826","2040879056","0.666667"
"2297059734","2551678826","0.666667"
"2551678826","2297059734","0.666667"
"1660569880","1988211498","1.7095"
"1988211498","1660569880","1.7095"
"1660569880","2041582099","0.25"
"2041582099","1660569880","0.25"
"1660569880","2294446055","1.9095"
"2294446055","1660569880","1.9095"
"1988211498","2041582099","0.25"
"2041582099","1988211498","0.25"
"1988211498","2294446055","16.2428"
"2294446055","1988211498","16.2428"
"1988211498","2297059734","1.7095"
"2297059734","1988211498","1.7095"
"2041582099","2294446055","0.75"
"2294446055","2041582099","0.75"
"2041582099","2297059734","0.25"
"2297059734","2041582099","0.25"
"2294446055","2297059734","1.9095"
"2297059734","2294446055","1.9095"
"1660569880","1944403676","0.190909"
"1944403676","1660569880","0.190909"
"1660569880","2004521672","0.267832"
"2004521672","1660569880","0.267832"
"1660569880","2241717028","1.9595"
"2241717028","1660569880","1.9595"
"1660569880","2561507506","1.49283"
"2561507506","1660569880","1.49283"
"1660569880","2949062927","0.176923"
"2949062927","1660569880","0.176923"
"1660569880","2982181983","0.190909"
"2982181983","1660569880","0.190909"
"1660569880","603638037","0.267832"
"603638037","1660569880","0.267832"
"1944403676","1988211498","0.440909"
"1988211498","1944403676","0.440909"
"1944403676","2004521672","0.190909"
"2004521672","1944403676","0.190909"
"1944403676","2241717028","0.524242"
"2241717028","1944403676","0.524242"
"1944403676","2294446055","1.44091"
"2294446055","1944403676","1.44091"
"1944403676","2297059734","0.190909"
"2297059734","1944403676","0.190909"
"1944403676","2561507506","1.52424"
"2561507506","1944403676","1.52424"
"1944403676","2949062927","0.1"
"2949062927","1944403676","0.1"
"1944403676","2982181983","0.190909"
"2982181983","1944403676","0.190909"
"1944403676","603638037","0.190909"
"603638037","1944403676","0.190909"
"1988211498","2004521672","0.601165"
"2004521672","1988211498","0.601165"
"1988211498","2241717028","1.2095"
"2241717028","1988211498","1.2095"
"1988211498","2561507506","2.4095"
"2561507506","1988211498","2.4095"
"1988211498","2949062927","0.510256"
"2949062927","1988211498","0.510256"
"1988211498","2982181983","0.190909"
"2982181983","1988211498","0.190909"
"1988211498","603638037","1.26783"
"603638037","1988211498","1.26783"
"2004521672","2241717028","0.267832"
"2241717028","2004521672","0.267832"
"2004521672","2294446055","0.601165"
"2294446055","2004521672","0.601165"
"2004521672","2297059734","0.267832"
"2297059734","2004521672","0.267832"
"2004521672","2561507506","0.267832"
"2561507506","2004521672","0.267832"
"2004521672","2949062927","5.67692"
"2949062927","2004521672","5.67692"
"2004521672","2982181983","0.524242"
"2982181983","2004521672","0.524242"
"2004521672","603638037","9.76783"
"603638037","2004521672","9.76783"
"2241717028","2294446055","1.9095"
"2294446055","2241717028","1.9095"
"2241717028","2297059734","0.959499"
"2297059734","2241717028","0.959499"
"2241717028","2561507506","6.57617"
"2561507506","2241717028","6.57617"
"2241717028","2949062927","0.176923"
"2949062927","2241717028","0.176923"
"2241717028","2982181983","0.190909"
"2982181983","2241717028","0.190909"
"2241717028","603638037","0.267832"
"603638037","2241717028","0.267832"
"2294446055","2561507506","3.1095"
"2561507506","2294446055","3.1095"
"2294446055","2949062927","0.510256"
"2949062927","2294446055","0.510256"
"2294446055","2982181983","0.190909"
"2982181983","2294446055","0.190909"
"2294446055","603638037","1.26783"
"603638037","2294446055","1.26783"
"2297059734","2561507506","1.49283"
"2561507506","2297059734","1.49283"
"2297059734","2949062927","0.176923"
"2949062927","2297059734","0.176923"
"2297059734","2982181983","0.190909"
"2982181983","2297059734","0.190909"
"2297059734","603638037","0.267832"
"603638037","2297059734","0.267832"
"2561507506","2949062927","0.176923"
"2949062927","2561507506","0.176923"
"2561507506","2982181983","0.190909"
"2982181983","2561507506","0.190909"
"2561507506","603638037","0.267832"
"603638037","2561507506","0.267832"
"2949062927","2982181983","0.1"
"2982181983","2949062927","0.1"
"2949062927","603638037","5.34359"
"603638037","2949062927","5.34359"
"2982181983","603638037","0.524242"
"603638037","2982181983","0.524242"
"1660569880","202232150","1.325"
"202232150","1660569880","1.325"
"202232150","2241717028","0.825"
"2241717028","202232150","0.825"
"202232150","2294446055","0.991667"
"2294446055","202232150","0.991667"
"202232150","2297059734","1.325"
"2297059734","202232150","1.325"
"202232150","2561507506","2.65833"
"2561507506","202232150","2.65833"
"1988211498","2040879056","1.36591"
"2040879056","1988211498","1.36591"
"2040879056","2294446055","1.36591"
"2294446055","2040879056","1.36591"
"2040879056","2561507506","0.949242"
"2561507506","2040879056","0.949242"
"1660569880","1926128235","0.0769231"
"1926128235","1660569880","0.0769231"
"1660569880","208971511","0.0769231"
"208971511","1660569880","0.0769231"
"1660569880","2164597279","0.0769231"
"2164597279","1660569880","0.0769231"
"1660569880","2168798897","0.0769231"
"2168798897","1660569880","0.0769231"
"1660569880","2170824506","0.0769231"
"2170824506","1660569880","0.0769231"
"1926128235","1988211498","0.0769231"
"1988211498","1926128235","0.0769231"
"1926128235","2004521672","0.0769231"
"2004521672","1926128235","0.0769231"
"1926128235","208971511","0.0769231"
"208971511","1926128235","0.0769231"
"1926128235","2164597279","1.57692"
"2164597279","1926128235","1.57692"
"1926128235","2168798897","0.0769231"
"2168798897","1926128235","0.0769231"
"1926128235","2170824506","0.0769231"
"2170824506","1926128235","0.0769231"
"1926128235","2241717028","0.0769231"
"2241717028","1926128235","0.0769231"
"1926128235","2294446055","0.0769231"
"2294446055","1926128235","0.0769231"
"1926128235","2297059734","0.0769231"
"2297059734","1926128235","0.0769231"
"1926128235","2561507506","0.0769231"
"2561507506","1926128235","0.0769231"
"1926128235","2949062927","0.0769231"
"2949062927","1926128235","0.0769231"
"1926128235","603638037","0.0769231"
"603638037","1926128235","0.0769231"
"1988211498","208971511","0.0769231"
"208971511","1988211498","0.0769231"
"1988211498","2164597279","0.0769231"
"2164597279","1988211498","0.0769231"
"1988211498","2168798897","0.0769231"
"2168798897","1988211498","0.0769231"
"1988211498","2170824506","0.0769231"
"2170824506","1988211498","0.0769231"
"2004521672","208971511","0.0769231"
"208971511","2004521672","0.0769231"
"2004521672","2164597279","0.0769231"
"2164597279","2004521672","0.0769231"
"2004521672","2168798897","0.410256"
"2168798897","2004521672","0.410256"
"2004521672","2170824506","0.0769231"
"2170824506","2004521672","0.0769231"
"208971511","2164597279","0.0769231"
"2164597279","208971511","0.0769231"
"208971511","2168798897","0.0769231"
"2168798897","208971511","0.0769231"
"208971511","2170824506","1.57692"
"2170824506","208971511","1.57692"
"208971511","2241717028","0.0769231"
"2241717028","208971511","0.0769231"
"208971511","2294446055","0.0769231"
"2294446055","208971511","0.0769231"
"208971511","2297059734","0.0769231"
"2297059734","208971511","0.0769231"
"208971511","2561507506","0.0769231"
"2561507506","208971511","0.0769231"
"208971511","2949062927","0.0769231"
"2949062927","208971511","0.0769231"
"208971511","603638037","0.0769231"
"603638037","208971511","0.0769231"
"2164597279","2168798897","3.57692"
"2168798897","2164597279","3.57692"
"2164597279","2170824506","0.0769231"
"2170824506","2164597279","0.0769231"
"2164597279","2241717028","0.0769231"
"2241717028","2164597279","0.0769231"
"2164597279","2294446055","0.0769231"
"2294446055","2164597279","0.0769231"
"2164597279","2297059734","0.0769231"
"2297059734","2164597279","0.0769231"
"2164597279","2561507506","0.0769231"
"2561507506","2164597279","0.0769231"
"2164597279","2949062927","0.0769231"
"2949062927","2164597279","0.0769231"
"2164597279","603638037","0.0769231"
"603638037","2164597279","0.0769231"
"2168798897","2170824506","0.0769231"
"2170824506","2168798897","0.0769231"
"2168798897","2241717028","0.0769231"
"2241717028","2168798897","0.0769231"
"2168798897","2294446055","0.0769231"
"2294446055","2168798897","0.0769231"
"2168798897","2297059734","0.0769231"
"2297059734","2168798897","0.0769231"
"2168798897","2561507506","0.0769231"
"2561507506","2168798897","0.0769231"
"2168798897","2949062927","0.0769231"
"2949062927","2168798897","0.0769231"
"2168798897","603638037","0.410256"
"603638037","2168798897","0.410256"
"2170824506","2241717028","0.0769231"
"2241717028","2170824506","0.0769231"
"2170824506","2294446055","0.0769231"
"2294446055","2170824506","0.0769231"
"2170824506","2297059734","0.0769231"
"2297059734","2170824506","0.0769231"
"2170824506","2561507506","0.0769231"
"2561507506","2170824506","0.0769231"
"2170824506","2949062927","0.0769231"
"2949062927","2170824506","0.0769231"
"2170824506","603638037","0.0769231"
"603638037","2170824506","0.0769231"
"1988211498","202232150","0.791667"
"202232150","1988211498","0.791667"
"1660569880","2954399253","0.0909091"
"2954399253","1660569880","0.0909091"
"1944403676","2040879056","0.340909"
"2040879056","1944403676","0.340909"
"1944403676","2954399253","0.0909091"
"2954399253","1944403676","0.0909091"
"1988211498","2954399253","0.0909091"
"2954399253","1988211498","0.0909091"
"2004521672","2040879056","0.0909091"
"2040879056","2004521672","0.0909091"
"2004521672","2954399253","0.0909091"
"2954399253","2004521672","0.0909091"
"2040879056","2241717028","1.24924"
"2241717028","2040879056","1.24924"
"2040879056","2954399253","0.0909091"
"2954399253","2040879056","0.0909091"
"2040879056","2982181983","0.0909091"
"2982181983","2040879056","0.0909091"
"2040879056","603638037","0.0909091"
"603638037","2040879056","0.0909091"
"2241717028","2954399253","0.0909091"
"2954399253","2241717028","0.0909091"
"2294446055","2954399253","0.0909091"
"2954399253","2294446055","0.0909091"
"2297059734","2954399253","0.0909091"
"2954399253","2297059734","0.0909091"
"2561507506","2954399253","0.0909091"
"2954399253","2561507506","0.0909091"
"2954399253","2982181983","0.0909091"
"2982181983","2954399253","0.0909091"
"2954399253","603638037","0.0909091"
"603638037","2954399253","0.0909091"
"1660569880","1969334942","0.125"
"1969334942","1660569880","0.125"
"1969334942","1988211498","0.825"
"1988211498","1969334942","0.825"
"1969334942","202232150","0.625"
"202232150","1969334942","0.625"
"1969334942","2040879056","6.40833"
"2040879056","1969334942","6.40833"
"1969334942","2241717028","3.40833"
"2241717028","1969334942","3.40833"
"1969334942","2294446055","0.825"
"2294446055","1969334942","0.825"
"1969334942","2297059734","0.125"
"2297059734","1969334942","0.125"
"1969334942","2561507506","3.40833"
"2561507506","1969334942","3.40833"
"202232150","2040879056","0.125"
"2040879056","202232150","0.125"
"1896189141","48012899","9.5"
"48012899","1896189141","9.5"
"1926128235","62021570","2.5"
"62021570","1926128235","2.5"
"2164597279","62021570","4"
"62021570","2164597279","4"
"1944403676","1988811748","14.7833"
"1988811748","1944403676","14.7833"
"1944403676","2046143708","0.366667"
"2046143708","1944403676","0.366667"
"1944403676","208971511","0.366667"
"208971511","1944403676","0.366667"
"1944403676","2170824506","0.833333"
"2170824506","1944403676","0.833333"
"1944403676","2212082856","0.5"
"2212082856","1944403676","0.5"
"1944403676","2969774069","1.78333"
"2969774069","1944403676","1.78333"
"1988811748","2046143708","0.366667"
"2046143708","1988811748","0.366667"
"1988811748","208971511","0.366667"
"208971511","1988811748","0.366667"
"1988811748","2170824506","0.166667"
"2170824506","1988811748","0.166667"
"1988811748","2212082856","0.5"
"2212082856","1988811748","0.5"
"1988811748","2969774069","0.616667"
"2969774069","1988811748","0.616667"
"2046143708","208971511","1.7"
"208971511","2046143708","1.7"
"2046143708","2170824506","4.83333"
"2170824506","2046143708","4.83333"
"2046143708","2212082856","0.166667"
"2212082856","2046143708","0.166667"
"2046143708","2969774069","0.366667"
"2969774069","2046143708","0.366667"
"208971511","2212082856","0.166667"
"2212082856","208971511","0.166667"
"208971511","2969774069","0.366667"
"2969774069","208971511","0.366667"
"2170824506","2212082856","0.166667"
"2212082856","2170824506","0.166667"
"2170824506","2969774069","0.333333"
"2969774069","2170824506","0.333333"
"2212082856","2969774069","0.166667"
"2969774069","2212082856","0.166667"
"1944403676","2129375724","5.28333"
"2129375724","1944403676","5.28333"
"1944403676","2214142496","0.416667"
"2214142496","1944403676","0.416667"
"1944403676","2237759663","0.666667"
"2237759663","1944403676","0.666667"
"1944403676","2519069290","0.666667"
"2519069290","1944403676","0.666667"
"2129375724","2170824506","1"
"2170824506","2129375724","1"
"2129375724","2214142496","0.416667"
"2214142496","2129375724","0.416667"
"2129375724","2237759663","0.416667"
"2237759663","2129375724","0.416667"
"2129375724","2519069290","0.416667"
"2519069290","2129375724","0.416667"
"2129375724","2969774069","3.86667"
"2969774069","2129375724","3.86667"
"2170824506","2214142496","0.166667"
"2214142496","2170824506","0.166667"
"2170824506","2237759663","0.166667"
"2237759663","2170824506","0.166667"
"2170824506","2519069290","0.166667"
"2519069290","2170824506","0.166667"
"2214142496","2237759663","3.08333"
"2237759663","2214142496","3.08333"
"2214142496","2519069290","2.08333"
"2519069290","2214142496","2.08333"
"2214142496","2969774069","0.166667"
"2969774069","2214142496","0.166667"
"2237759663","2519069290","4.33333"
"2519069290","2237759663","4.33333"
"2237759663","2969774069","0.416667"
"2969774069","2237759663","0.416667"
"2519069290","2969774069","0.416667"
"2969774069","2519069290","0.416667"
"1988811748","2129375724","2.36667"
"2129375724","1988811748","2.36667"
"1944403676","202232150","0.333333"
"202232150","1944403676","0.333333"
"1944403676","2989194228","0.333333"
"2989194228","1944403676","0.333333"
"1988811748","2989194228","0.333333"
"2989194228","1988811748","0.333333"
"2129375724","2989194228","0.333333"
"2989194228","2129375724","0.333333"
"2129375724","2212082856","0.333333"
"2212082856","2129375724","0.333333"
"1944403676","2191738521","1"
"2191738521","1944403676","1"
"1988811748","2237759663","0.25"
"2237759663","1988811748","0.25"
"1988811748","2519069290","0.25"
"2519069290","1988811748","0.25"
"2046143708","2129375724","0.533333"
"2129375724","2046143708","0.533333"
"208971511","2129375724","0.2"
"2129375724","208971511","0.2"
"1944403676","1969334942","0.25"
"1969334942","1944403676","0.25"
"1989436923","2129375724","1"
"2129375724","1989436923","1"
"1993274981","2069214606","2"
"2069214606","1993274981","2"
"1993274981","2294623327","1"
"2294623327","1993274981","1"
"2004521672","44906721","1.66667"
"44906721","2004521672","1.66667"
"2949062927","44906721","0.666667"
"44906721","2949062927","0.666667"
"44906721","603638037","0.666667"
"603638037","44906721","0.666667"
"2168798897","2982181983","0.333333"
"2982181983","2168798897","0.333333"
"2010759063","2294623327","1"
"2294623327","2010759063","1"
"2027840659","2040879056","1"
"2040879056","2027840659","1"
"2027840659","2150512717","0.5"
"2150512717","2027840659","0.5"
"2041582099","2969774069","1.33333"
"2969774069","2041582099","1.33333"
"2041582099","2511635121","3.83333"
"2511635121","2041582099","3.83333"
"2294446055","2511635121","0.5"
"2511635121","2294446055","0.5"
"2041582099","2046143708","0.333333"
"2046143708","2041582099","0.333333"
"2041582099","208971511","0.333333"
"208971511","2041582099","0.333333"
"2041582099","2170824506","0.333333"
"2170824506","2041582099","0.333333"
"2041582099","2129375724","1"
"2129375724","2041582099","1"
"2041582099","2982181983","0.333333"
"2982181983","2041582099","0.333333"
"2511635121","2969774069","1.33333"
"2969774069","2511635121","1.33333"
"2511635121","2982181983","0.333333"
"2982181983","2511635121","0.333333"
"2969774069","2982181983","0.833333"
"2982181983","2969774069","0.833333"
"2046143708","2191738521","0.333333"
"2191738521","2046143708","0.333333"
"2129375724","2191738521","0.333333"
"2191738521","2129375724","0.333333"
"2170824506","2191738521","1.33333"
"2191738521","2170824506","1.33333"
"2081343627","574440191","8.33333"
"574440191","2081343627","8.33333"
"2081343627","2284807760","0.333333"
"2284807760","2081343627","0.333333"
"2081343627","3010361564","0.333333"
"3010361564","2081343627","0.333333"
"2284807760","3010361564","0.333333"
"3010361564","2284807760","0.333333"
"2284807760","574440191","1.33333"
"574440191","2284807760","1.33333"
"3010361564","574440191","0.333333"
"574440191","3010361564","0.333333"
"2081343627","2212082856","1"
"2212082856","2081343627","1"
"2115695473","2150512717","1"
"2150512717","2115695473","1"
"2129375724","2982181983","0.5"
"2982181983","2129375724","0.5"
"2129375724","2561507506","1"
"2561507506","2129375724","1"
"2129375724","2551678826","1"
"2551678826","2129375724","1"
"2168798897","62021570","0.5"
"62021570","2168798897","0.5"
"2191738521","2593096177","0.5"
"2593096177","2191738521","0.5"
"2191738521","2805160468","0.5"
"2805160468","2191738521","0.5"
"2593096177","2805160468","9.5"
"2805160468","2593096177","9.5"
"2214142496","2805160468","0.666667"
"2805160468","2214142496","0.666667"
"2237759663","2805160468","0.666667"
"2805160468","2237759663","0.666667"
"2519069290","2805160468","0.666667"
"2805160468","2519069290","0.666667"
"2284807760","2551678826","4"
"2551678826","2284807760","4"
"2551678826","574440191","2"
"574440191","2551678826","2"
"2551678826","2738093947","0.5"
"2738093947","2551678826","0.5"
"2551678826","2999348749","0.5"
"2999348749","2551678826","0.5"
"2738093947","2999348749","13.5"
"2999348749","2738093947","13.5"
"2593096177","62021570","1"
"62021570","2593096177","1"
"2767071222","2954399253","2.83333"
"2954399253","2767071222","2.83333"
"2767071222","2900558946","0.833333"
"2900558946","2767071222","0.833333"
"2767071222","2949012968","0.333333"
"2949012968","2767071222","0.333333"
"2900558946","2949012968","0.333333"
"2949012968","2900558946","0.333333"
"2900558946","2954399253","1.83333"
"2954399253","2900558946","1.83333"
"2949012968","2954399253","0.333333"
"2954399253","2949012968","0.333333"
"2806162789","2898120973","1.08333"
"2898120973","2806162789","1.08333"
"2806162789","2899098847","3.75"
"2899098847","2806162789","3.75"
"2898120973","2899098847","2.58333"
"2899098847","2898120973","2.58333"
"2806162789","2949012968","1.25"
"2949012968","2806162789","1.25"
"2806162789","2989194228","2.58333"
"2989194228","2806162789","2.58333"
"2899098847","2949012968","1.58333"
"2949012968","2899098847","1.58333"
"2899098847","2989194228","5.08333"
"2989194228","2899098847","5.08333"
"2949012968","2989194228","2.58333"
"2989194228","2949012968","2.58333"
"2806162789","2981944049","0.333333"
"2981944049","2806162789","0.333333"
"2898120973","2981944049","0.333333"
"2981944049","2898120973","0.333333"
"2898120973","2989194228","2.41667"
"2989194228","2898120973","2.41667"
"2981944049","2989194228","0.333333"
"2989194228","2981944049","0.333333"
"2898120973","2949012968","1.58333"
"2949012968","2898120973","1.58333"
"2970752633","2974571163","3"
"2974571163","2970752633","3"
"2981944049","2991335261","1"
"2991335261","2981944049","1"
"2982181983","3026955849","3"
"3026955849","2982181983","3"
