"117033954","1974230927","0.297619"
"1974230927","117033954","0.297619"
"117033954","1997921196","0.25"
"1997921196","117033954","0.25"
"117033954","2046866769","0.25"
"2046866769","117033954","0.25"
"117033954","2087760369","0.297619"
"2087760369","117033954","0.297619"
"1974230927","1997921196","0.291667"
"1997921196","1974230927","0.291667"
"1974230927","2046866769","0.376923"
"2046866769","1974230927","0.376923"
"1974230927","2087760369","4.44538"
"2087760369","1974230927","4.44538"
"1997921196","2046866769","0.95"
"2046866769","1997921196","0.95"
"1997921196","2087760369","0.291667"
"2087760369","1997921196","0.291667"
"2046866769","2087760369","0.710256"
"2087760369","2046866769","0.710256"
"117033954","1491774018","0.047619"
"1491774018","117033954","0.047619"
"117033954","1527465840","0.047619"
"1527465840","117033954","0.047619"
"117033954","1531988201","0.047619"
"1531988201","117033954","0.047619"
"117033954","1973307918","0.047619"
"1973307918","117033954","0.047619"
"117033954","1988543052","0.047619"
"1988543052","117033954","0.047619"
"117033954","2013729245","0.047619"
"2013729245","117033954","0.047619"
"117033954","2025220925","0.047619"
"2025220925","117033954","0.047619"
"117033954","2044320802","0.047619"
"2044320802","117033954","0.047619"
"117033954","2060999109","0.047619"
"2060999109","117033954","0.047619"
"117033954","2117824398","0.047619"
"2117824398","117033954","0.047619"
"117033954","2119272562","0.047619"
"2119272562","117033954","0.047619"
"117033954","2120386117","0.047619"
"2120386117","117033954","0.047619"
"117033954","2132496628","0.047619"
"2132496628","117033954","0.047619"
"117033954","2150707039","0.047619"
"2150707039","117033954","0.047619"
"117033954","2169766737","0.047619"
"2169766737","117033954","0.047619"
"117033954","2245614479","0.047619"
"2245614479","117033954","0.047619"
"117033954","2322878662","0.047619"
"2322878662","117033954","0.047619"
"117033954","2591569862","0.047619"
"2591569862","117033954","0.047619"
"117033954","2604445757","0.047619"
"2604445757","117033954","0.047619"
"1491774018","1527465840","0.626028"
"1527465840","1491774018","0.626028"
"1491774018","1531988201","0.792695"
"1531988201","1491774018","0.792695"
"1491774018","1973307918","16.126"
"1973307918","1491774018","16.126"
"1491774018","1974230927","0.292695"
"1974230927","1491774018","0.292695"
"1491774018","1988543052","0.451786"
"1988543052","1491774018","0.451786"
"1491774018","2013729245","0.292695"
"2013729245","1491774018","0.292695"
"1491774018","2025220925","0.0892857"
"2025220925","1491774018","0.0892857"
"1491774018","2044320802","0.542695"
"2044320802","1491774018","0.542695"
"1491774018","2060999109","0.0892857"
"2060999109","1491774018","0.0892857"
"1491774018","2087760369","0.535119"
"2087760369","1491774018","0.535119"
"1491774018","2117824398","0.0892857"
"2117824398","1491774018","0.0892857"
"1491774018","2119272562","1.29269"
"2119272562","1491774018","1.29269"
"1491774018","2120386117","0.151786"
"2120386117","1491774018","0.151786"
"1491774018","2132496628","0.0892857"
"2132496628","1491774018","0.0892857"
"1491774018","2150707039","1.16472"
"2150707039","1491774018","1.16472"
"1491774018","2169766737","0.0892857"
"2169766737","1491774018","0.0892857"
"1491774018","2245614479","0.240476"
"2245614479","1491774018","0.240476"
"1491774018","2322878662","0.230195"
"2322878662","1491774018","0.230195"
"1491774018","2591569862","0.047619"
"2591569862","1491774018","0.047619"
"1491774018","2604445757","1.33139"
"2604445757","1491774018","1.33139"
"1527465840","1531988201","1.22722"
"1531988201","1527465840","1.22722"
"1527465840","1973307918","0.417695"
"1973307918","1527465840","0.417695"
"1527465840","1974230927","1.07603"
"1974230927","1527465840","1.07603"
"1527465840","1988543052","0.201786"
"1988543052","1527465840","0.201786"
"1527465840","2013729245","3.51055"
"2013729245","1527465840","3.51055"
"1527465840","2025220925","0.0892857"
"2025220925","1527465840","0.0892857"
"1527465840","2044320802","1.22722"
"2044320802","1527465840","1.22722"
"1527465840","2060999109","0.0892857"
"2060999109","1527465840","0.0892857"
"1527465840","2087760369","1.11845"
"2087760369","1527465840","1.11845"
"1527465840","2117824398","0.0892857"
"2117824398","1527465840","0.0892857"
"1527465840","2119272562","0.292695"
"2119272562","1527465840","0.292695"
"1527465840","2120386117","2.11964"
"2120386117","1527465840","2.11964"
"1527465840","2132496628","0.0892857"
"2132496628","1527465840","0.0892857"
"1527465840","2150707039","0.188528"
"2150707039","1527465840","0.188528"
"1527465840","2169766737","0.0892857"
"2169766737","1527465840","0.0892857"
"1527465840","2245614479","0.097619"
"2245614479","1527465840","0.097619"
"1527465840","2322878662","1.26353"
"2322878662","1527465840","1.26353"
"1527465840","2591569862","0.047619"
"2591569862","1527465840","0.047619"
"1527465840","2604445757","0.188528"
"2604445757","1527465840","0.188528"
"1531988201","1973307918","0.917695"
"1973307918","1531988201","0.917695"
"1531988201","1974230927","0.292695"
"1974230927","1531988201","0.292695"
"1531988201","1988543052","1.62956"
"1988543052","1531988201","1.62956"
"1531988201","2013729245","2.51055"
"2013729245","1531988201","2.51055"
"1531988201","2025220925","0.0892857"
"2025220925","1531988201","0.0892857"
"1531988201","2044320802","4.98833"
"2044320802","1531988201","4.98833"
"1531988201","2060999109","0.0892857"
"2060999109","1531988201","0.0892857"
"1531988201","2087760369","0.201786"
"2087760369","1531988201","0.201786"
"1531988201","2117824398","0.0892857"
"2117824398","1531988201","0.0892857"
"1531988201","2119272562","2.02047"
"2119272562","1531988201","2.02047"
"1531988201","2120386117","0.419643"
"2120386117","1531988201","0.419643"
"1531988201","2132496628","0.0892857"
"2132496628","1531988201","0.0892857"
"1531988201","2150707039","0.188528"
"2150707039","1531988201","0.188528"
"1531988201","2169766737","0.0892857"
"2169766737","1531988201","0.0892857"
"1531988201","2245614479","0.097619"
"2245614479","1531988201","0.097619"
"1531988201","2322878662","0.230195"
"2322878662","1531988201","0.230195"
"1531988201","2591569862","0.047619"
"2591569862","1531988201","0.047619"
"1531988201","2604445757","0.188528"
"2604445757","1531988201","0.188528"
"1973307918","1974230927","1.37603"
"1974230927","1973307918","1.37603"
"1973307918","1988543052","0.451786"
"1988543052","1973307918","0.451786"
"1973307918","2013729245","0.417695"
"2013729245","1973307918","0.417695"
"1973307918","2025220925","0.172619"
"2025220925","1973307918","0.172619"
"1973307918","2044320802","0.667695"
"2044320802","1973307918","0.667695"
"1973307918","2060999109","0.172619"
"2060999109","1973307918","0.172619"
"1973307918","2087760369","0.201786"
"2087760369","1973307918","0.201786"
"1973307918","2117824398","0.172619"
"2117824398","1973307918","0.172619"
"1973307918","2119272562","1.29269"
"2119272562","1973307918","1.29269"
"1973307918","2120386117","0.276786"
"2120386117","1973307918","0.276786"
"1973307918","2132496628","0.172619"
"2132496628","1973307918","0.172619"
"1973307918","2150707039","0.688528"
"2150707039","1973307918","0.688528"
"1973307918","2169766737","0.0892857"
"2169766737","1973307918","0.0892857"
"1973307918","2245614479","0.097619"
"2245614479","1973307918","0.097619"
"1973307918","2322878662","0.230195"
"2322878662","1973307918","0.230195"
"1973307918","2591569862","0.047619"
"2591569862","1973307918","0.047619"
"1973307918","2604445757","1.27186"
"2604445757","1973307918","1.27186"
"1974230927","1988543052","0.535119"
"1988543052","1974230927","0.535119"
"1974230927","2013729245","2.98628"
"2013729245","1974230927","2.98628"
"1974230927","2025220925","0.360653"
"2025220925","1974230927","0.360653"
"1974230927","2044320802","0.292695"
"2044320802","1974230927","0.292695"
"1974230927","2060999109","0.360653"
"2060999109","1974230927","0.360653"
"1974230927","2117824398","0.249542"
"2117824398","1974230927","0.249542"
"1974230927","2119272562","0.626028"
"2119272562","1974230927","0.626028"
"1974230927","2120386117","0.351786"
"2120386117","1974230927","0.351786"
"1974230927","2132496628","0.360653"
"2132496628","1974230927","0.360653"
"1974230927","2150707039","0.188528"
"2150707039","1974230927","0.188528"
"1974230927","2169766737","0.200397"
"2169766737","1974230927","0.200397"
"1974230927","2245614479","0.097619"
"2245614479","1974230927","0.097619"
"1974230927","2322878662","1.26353"
"2322878662","1974230927","1.26353"
"1974230927","2591569862","0.047619"
"2591569862","1974230927","0.047619"
"1974230927","2604445757","0.271861"
"2604445757","1974230927","0.271861"
"1988543052","2013729245","0.401786"
"2013729245","1988543052","0.401786"
"1988543052","2025220925","0.0892857"
"2025220925","1988543052","0.0892857"
"1988543052","2044320802","1.57956"
"2044320802","1988543052","1.57956"
"1988543052","2060999109","0.0892857"
"2060999109","1988543052","0.0892857"
"1988543052","2087760369","0.201786"
"2087760369","1988543052","0.201786"
"1988543052","2117824398","0.0892857"
"2117824398","1988543052","0.0892857"
"1988543052","2119272562","4.74623"
"2119272562","1988543052","4.74623"
"1988543052","2120386117","0.151786"
"2120386117","1988543052","0.151786"
"1988543052","2132496628","0.0892857"
"2132496628","1988543052","0.0892857"
"1988543052","2150707039","0.097619"
"2150707039","1988543052","0.097619"
"1988543052","2169766737","0.0892857"
"2169766737","1988543052","0.0892857"
"1988543052","2245614479","0.097619"
"2245614479","1988543052","0.097619"
"1988543052","2322878662","0.139286"
"2322878662","1988543052","0.139286"
"1988543052","2591569862","0.047619"
"2591569862","1988543052","0.047619"
"1988543052","2604445757","0.097619"
"2604445757","1988543052","0.097619"
"2013729245","2025220925","0.332875"
"2025220925","2013729245","0.332875"
"2013729245","2044320802","2.26055"
"2044320802","2013729245","2.26055"
"2013729245","2060999109","0.332875"
"2060999109","2013729245","0.332875"
"2013729245","2087760369","1.86204"
"2087760369","2013729245","1.86204"
"2013729245","2117824398","0.332875"
"2117824398","2013729245","0.332875"
"2013729245","2119272562","0.742695"
"2119272562","2013729245","0.742695"
"2013729245","2120386117","0.619643"
"2120386117","2013729245","0.619643"
"2013729245","2132496628","0.332875"
"2132496628","2013729245","0.332875"
"2013729245","2150707039","0.188528"
"2150707039","2013729245","0.188528"
"2013729245","2169766737","0.255952"
"2169766737","2013729245","0.255952"
"2013729245","2245614479","0.097619"
"2245614479","2013729245","0.097619"
"2013729245","2322878662","2.76353"
"2322878662","2013729245","2.76353"
"2013729245","2591569862","0.047619"
"2591569862","2013729245","0.047619"
"2013729245","2604445757","0.188528"
"2604445757","2013729245","0.188528"
"2025220925","2044320802","0.0892857"
"2044320802","2025220925","0.0892857"
"2025220925","2060999109","1.89399"
"2060999109","2025220925","1.89399"
"2025220925","2087760369","0.166209"
"2087760369","2025220925","0.166209"
"2025220925","2117824398","1.78288"
"2117824398","2025220925","1.78288"
"2025220925","2119272562","0.0892857"
"2119272562","2025220925","0.0892857"
"2025220925","2120386117","0.589286"
"2120386117","2025220925","0.589286"
"2025220925","2132496628","1.39399"
"2132496628","2025220925","1.39399"
"2025220925","2150707039","0.547619"
"2150707039","2025220925","0.547619"
"2025220925","2169766737","1.03373"
"2169766737","2025220925","1.03373"
"2025220925","2245614479","0.047619"
"2245614479","2025220925","0.047619"
"2025220925","2322878662","0.0892857"
"2322878662","2025220925","0.0892857"
"2025220925","2591569862","0.047619"
"2591569862","2025220925","0.047619"
"2025220925","2604445757","0.130952"
"2604445757","2025220925","0.130952"
"2044320802","2060999109","0.0892857"
"2060999109","2044320802","0.0892857"
"2044320802","2087760369","0.201786"
"2087760369","2044320802","0.201786"
"2044320802","2117824398","0.0892857"
"2117824398","2044320802","0.0892857"
"2044320802","2119272562","1.72047"
"2119272562","2044320802","1.72047"
"2044320802","2120386117","0.419643"
"2120386117","2044320802","0.419643"
"2044320802","2132496628","0.0892857"
"2132496628","2044320802","0.0892857"
"2044320802","2150707039","0.188528"
"2150707039","2044320802","0.188528"
"2044320802","2169766737","0.0892857"
"2169766737","2044320802","0.0892857"
"2044320802","2245614479","0.097619"
"2245614479","2044320802","0.097619"
"2044320802","2322878662","0.230195"
"2322878662","2044320802","0.230195"
"2044320802","2591569862","0.047619"
"2591569862","2044320802","0.047619"
"2044320802","2604445757","0.188528"
"2604445757","2044320802","0.188528"
"2060999109","2087760369","0.166209"
"2087760369","2060999109","0.166209"
"2060999109","2117824398","1.61621"
"2117824398","2060999109","1.61621"
"2060999109","2119272562","0.0892857"
"2119272562","2060999109","0.0892857"
"2060999109","2120386117","0.255952"
"2120386117","2060999109","0.255952"
"2060999109","2132496628","0.72732"
"2132496628","2060999109","0.72732"
"2060999109","2150707039","0.547619"
"2150707039","2060999109","0.547619"
"2060999109","2169766737","1.53373"
"2169766737","2060999109","1.53373"
"2060999109","2245614479","0.047619"
"2245614479","2060999109","0.047619"
"2060999109","2322878662","0.0892857"
"2322878662","2060999109","0.0892857"
"2060999109","2591569862","0.047619"
"2591569862","2060999109","0.047619"
"2060999109","2604445757","0.130952"
"2604445757","2060999109","0.130952"
"2087760369","2117824398","0.166209"
"2117824398","2087760369","0.166209"
"2087760369","2119272562","0.201786"
"2119272562","2087760369","0.201786"
"2087760369","2120386117","0.151786"
"2120386117","2087760369","0.151786"
"2087760369","2132496628","0.166209"
"2132496628","2087760369","0.166209"
"2087760369","2150707039","0.097619"
"2150707039","2087760369","0.097619"
"2087760369","2169766737","0.0892857"
"2169766737","2087760369","0.0892857"
"2087760369","2245614479","0.097619"
"2245614479","2087760369","0.097619"
"2087760369","2322878662","0.139286"
"2322878662","2087760369","0.139286"
"2087760369","2591569862","0.047619"
"2591569862","2087760369","0.047619"
"2087760369","2604445757","0.097619"
"2604445757","2087760369","0.097619"
"2117824398","2119272562","0.0892857"
"2119272562","2117824398","0.0892857"
"2117824398","2120386117","0.589286"
"2120386117","2117824398","0.589286"
"2117824398","2132496628","1.28288"
"2132496628","2117824398","1.28288"
"2117824398","2150707039","0.547619"
"2150707039","2117824398","0.547619"
"2117824398","2169766737","0.755952"
"2169766737","2117824398","0.755952"
"2117824398","2245614479","0.047619"
"2245614479","2117824398","0.047619"
"2117824398","2322878662","0.0892857"
"2322878662","2117824398","0.0892857"
"2117824398","2591569862","0.047619"
"2591569862","2117824398","0.047619"
"2117824398","2604445757","0.130952"
"2604445757","2117824398","0.130952"
"2119272562","2120386117","0.151786"
"2120386117","2119272562","0.151786"
"2119272562","2132496628","0.0892857"
"2132496628","2119272562","0.0892857"
"2119272562","2150707039","0.188528"
"2150707039","2119272562","0.188528"
"2119272562","2169766737","0.0892857"
"2169766737","2119272562","0.0892857"
"2119272562","2245614479","0.097619"
"2245614479","2119272562","0.097619"
"2119272562","2322878662","0.230195"
"2322878662","2119272562","0.230195"
"2119272562","2591569862","0.047619"
"2591569862","2119272562","0.047619"
"2119272562","2604445757","0.188528"
"2604445757","2119272562","0.188528"
"2120386117","2132496628","0.422619"
"2132496628","2120386117","0.422619"
"2120386117","2150707039","0.214286"
"2150707039","2120386117","0.214286"
"2120386117","2169766737","0.0892857"
"2169766737","2120386117","0.0892857"
"2120386117","2245614479","0.047619"
"2245614479","2120386117","0.047619"
"2120386117","2322878662","0.289286"
"2322878662","2120386117","0.289286"
"2120386117","2591569862","0.047619"
"2591569862","2120386117","0.047619"
"2120386117","2604445757","0.047619"
"2604445757","2120386117","0.047619"
"2132496628","2150707039","0.047619"
"2150707039","2132496628","0.047619"
"2132496628","2169766737","0.367063"
"2169766737","2132496628","0.367063"
"2132496628","2245614479","0.047619"
"2245614479","2132496628","0.047619"
"2132496628","2322878662","0.0892857"
"2322878662","2132496628","0.0892857"
"2132496628","2591569862","0.047619"
"2591569862","2132496628","0.047619"
"2132496628","2604445757","0.130952"
"2604445757","2132496628","0.130952"
"2150707039","2169766737","0.047619"
"2169766737","2150707039","0.047619"
"2150707039","2245614479","0.240476"
"2245614479","2150707039","0.240476"
"2150707039","2322878662","1.18853"
"2322878662","2150707039","1.18853"
"2150707039","2591569862","0.047619"
"2591569862","2150707039","0.047619"
"2150707039","2604445757","0.331385"
"2604445757","2150707039","0.331385"
"2169766737","2245614479","0.047619"
"2245614479","2169766737","0.047619"
"2169766737","2322878662","0.0892857"
"2322878662","2169766737","0.0892857"
"2169766737","2591569862","0.047619"
"2591569862","2169766737","0.047619"
"2169766737","2604445757","0.047619"
"2604445757","2169766737","0.047619"
"2245614479","2322878662","0.097619"
"2322878662","2245614479","0.097619"
"2245614479","2591569862","0.047619"
"2591569862","2245614479","0.047619"
"2245614479","2604445757","0.240476"
"2604445757","2245614479","0.240476"
"2322878662","2591569862","0.047619"
"2591569862","2322878662","0.047619"
"2322878662","2604445757","0.188528"
"2604445757","2322878662","0.188528"
"2591569862","2604445757","0.047619"
"2604445757","2591569862","0.047619"
"1491774018","2022800358","1.52619"
"2022800358","1491774018","1.52619"
"1491774018","2166432826","0.58869"
"2166432826","1491774018","0.58869"
"1973307918","2022800358","1.38333"
"2022800358","1973307918","1.38333"
"1973307918","2166432826","0.445833"
"2166432826","1973307918","0.445833"
"2022800358","2166432826","1.52619"
"2166432826","2022800358","1.52619"
"1491774018","1546910565","0.4875"
"1546910565","1491774018","0.4875"
"1491774018","2163876022","0.4875"
"2163876022","1491774018","0.4875"
"1546910565","2150707039","0.55"
"2150707039","1546910565","0.55"
"1546910565","2163876022","8.35728"
"2163876022","1546910565","8.35728"
"2150707039","2163876022","0.55"
"2163876022","2150707039","0.55"
"1491774018","1526074750","0.425"
"1526074750","1491774018","0.425"
"1491774018","1968563685","0.0416667"
"1968563685","1491774018","0.0416667"
"1491774018","1997921196","0.0416667"
"1997921196","1491774018","0.0416667"
"1491774018","2048429330","0.0416667"
"2048429330","1491774018","0.0416667"
"1491774018","2583640509","0.104167"
"2583640509","1491774018","0.104167"
"1491774018","2584792246","0.0416667"
"2584792246","1491774018","0.0416667"
"1526074750","1527465840","2.27619"
"1527465840","1526074750","2.27619"
"1526074750","1531988201","0.559524"
"1531988201","1526074750","0.559524"
"1526074750","1546910565","0.511447"
"1546910565","1526074750","0.511447"
"1526074750","1968563685","0.0416667"
"1968563685","1526074750","0.0416667"
"1526074750","1973307918","0.216667"
"1973307918","1526074750","0.216667"
"1526074750","1974230927","1.75192"
"1974230927","1526074750","1.75192"
"1526074750","1988543052","0.291667"
"1988543052","1526074750","0.291667"
"1526074750","1997921196","0.0416667"
"1997921196","1526074750","0.0416667"
"1526074750","2013729245","2.01978"
"2013729245","1526074750","2.01978"
"1526074750","2025220925","0.11859"
"2025220925","1526074750","0.11859"
"1526074750","2044320802","0.559524"
"2044320802","1526074750","0.559524"
"1526074750","2048429330","0.0416667"
"2048429330","1526074750","0.0416667"
"1526074750","2060999109","0.11859"
"2060999109","1526074750","0.11859"
"1526074750","2087760369","5.41859"
"2087760369","1526074750","5.41859"
"1526074750","2117824398","0.11859"
"2117824398","1526074750","0.11859"
"1526074750","2119272562","0.0916667"
"2119272562","1526074750","0.0916667"
"1526074750","2120386117","0.309524"
"2120386117","1526074750","0.309524"
"1526074750","2132496628","0.11859"
"2132496628","1526074750","0.11859"
"1526074750","2163876022","0.511447"
"2163876022","1526074750","0.511447"
"1526074750","2169766737","0.0416667"
"2169766737","1526074750","0.0416667"
"1526074750","2322878662","0.0916667"
"2322878662","1526074750","0.0916667"
"1526074750","2583640509","0.0416667"
"2583640509","1526074750","0.0416667"
"1526074750","2584792246","0.0416667"
"2584792246","1526074750","0.0416667"
"1527465840","1546910565","0.297024"
"1546910565","1527465840","0.297024"
"1527465840","1968563685","0.0416667"
"1968563685","1527465840","0.0416667"
"1527465840","1997921196","0.0416667"
"1997921196","1527465840","0.0416667"
"1527465840","2048429330","0.0416667"
"2048429330","1527465840","0.0416667"
"1527465840","2163876022","0.297024"
"2163876022","1527465840","0.297024"
"1527465840","2583640509","0.104167"
"2583640509","1527465840","0.104167"
"1527465840","2584792246","0.0416667"
"2584792246","1527465840","0.0416667"
"1531988201","1546910565","0.91369"
"1546910565","1531988201","0.91369"
"1531988201","1968563685","0.0416667"
"1968563685","1531988201","0.0416667"
"1531988201","1997921196","0.0416667"
"1997921196","1531988201","0.0416667"
"1531988201","2048429330","0.0416667"
"2048429330","1531988201","0.0416667"
"1531988201","2163876022","0.66369"
"2163876022","1531988201","0.66369"
"1531988201","2583640509","1.33194"
"2583640509","1531988201","1.33194"
"1531988201","2584792246","0.152778"
"2584792246","1531988201","0.152778"
"1546910565","1968563685","0.0416667"
"1968563685","1546910565","0.0416667"
"1546910565","1973307918","0.154167"
"1973307918","1546910565","0.154167"
"1546910565","1974230927","0.564423"
"1974230927","1546910565","0.564423"
"1546910565","1988543052","0.520833"
"1988543052","1546910565","0.520833"
"1546910565","1997921196","0.0416667"
"1997921196","1546910565","0.0416667"
"1546910565","2013729245","2.12395"
"2013729245","1546910565","2.12395"
"1546910565","2025220925","0.285256"
"2025220925","1546910565","0.285256"
"1546910565","2044320802","0.66369"
"2044320802","1546910565","0.66369"
"1546910565","2048429330","0.0416667"
"2048429330","1546910565","0.0416667"
"1546910565","2060999109","0.285256"
"2060999109","1546910565","0.285256"
"1546910565","2087760369","0.564423"
"2087760369","1546910565","0.564423"
"1546910565","2117824398","0.285256"
"2117824398","1546910565","0.285256"
"1546910565","2119272562","0.570833"
"2119272562","1546910565","0.570833"
"1546910565","2120386117","0.91369"
"2120386117","1546910565","0.91369"
"1546910565","2132496628","0.11859"
"2132496628","1546910565","0.11859"
"1546910565","2169766737","0.0416667"
"2169766737","1546910565","0.0416667"
"1546910565","2322878662","0.591667"
"2322878662","1546910565","0.591667"
"1546910565","2583640509","0.520833"
"2583640509","1546910565","0.520833"
"1546910565","2584792246","0.0416667"
"2584792246","1546910565","0.0416667"
"1968563685","1973307918","0.125"
"1973307918","1968563685","0.125"
"1968563685","1974230927","0.236111"
"1974230927","1968563685","0.236111"
"1968563685","1988543052","0.0416667"
"1988543052","1968563685","0.0416667"
"1968563685","1997921196","0.0416667"
"1997921196","1968563685","0.0416667"
"1968563685","2013729245","0.208333"
"2013729245","1968563685","0.208333"
"1968563685","2025220925","3.60278"
"2025220925","1968563685","3.60278"
"1968563685","2044320802","0.0416667"
"2044320802","1968563685","0.0416667"
"1968563685","2048429330","0.0416667"
"2048429330","1968563685","0.0416667"
"1968563685","2060999109","1.26944"
"2060999109","1968563685","1.26944"
"1968563685","2087760369","0.0416667"
"2087760369","1968563685","0.0416667"
"1968563685","2117824398","0.825"
"2117824398","1968563685","0.825"
"1968563685","2119272562","0.0416667"
"2119272562","1968563685","0.0416667"
"1968563685","2120386117","0.0416667"
"2120386117","1968563685","0.0416667"
"1968563685","2132496628","0.936111"
"2132496628","1968563685","0.936111"
"1968563685","2163876022","0.0416667"
"2163876022","1968563685","0.0416667"
"1968563685","2169766737","0.986111"
"2169766737","1968563685","0.986111"
"1968563685","2322878662","0.0416667"
"2322878662","1968563685","0.0416667"
"1968563685","2583640509","0.0416667"
"2583640509","1968563685","0.0416667"
"1968563685","2584792246","0.0416667"
"2584792246","1968563685","0.0416667"
"1973307918","1997921196","0.0416667"
"1997921196","1973307918","0.0416667"
"1973307918","2048429330","0.0416667"
"2048429330","1973307918","0.0416667"
"1973307918","2163876022","0.154167"
"2163876022","1973307918","0.154167"
"1973307918","2583640509","0.104167"
"2583640509","1973307918","0.104167"
"1973307918","2584792246","0.0416667"
"2584792246","1973307918","0.0416667"
"1974230927","2048429330","0.0416667"
"2048429330","1974230927","0.0416667"
"1974230927","2163876022","0.564423"
"2163876022","1974230927","0.564423"
"1974230927","2583640509","0.4375"
"2583640509","1974230927","0.4375"
"1974230927","2584792246","0.0416667"
"2584792246","1974230927","0.0416667"
"1988543052","1997921196","0.241667"
"1997921196","1988543052","0.241667"
"1988543052","2048429330","0.0416667"
"2048429330","1988543052","0.0416667"
"1988543052","2163876022","0.520833"
"2163876022","1988543052","0.520833"
"1988543052","2583640509","3.89861"
"2583640509","1988543052","3.89861"
"1988543052","2584792246","0.936111"
"2584792246","1988543052","0.936111"
"1997921196","2013729245","0.0416667"
"2013729245","1997921196","0.0416667"
"1997921196","2025220925","0.0416667"
"2025220925","1997921196","0.0416667"
"1997921196","2044320802","0.0416667"
"2044320802","1997921196","0.0416667"
"1997921196","2048429330","0.0416667"
"2048429330","1997921196","0.0416667"
"1997921196","2060999109","0.0416667"
"2060999109","1997921196","0.0416667"
"1997921196","2117824398","0.0416667"
"2117824398","1997921196","0.0416667"
"1997921196","2119272562","0.241667"
"2119272562","1997921196","0.241667"
"1997921196","2120386117","0.0416667"
"2120386117","1997921196","0.0416667"
"1997921196","2132496628","0.0416667"
"2132496628","1997921196","0.0416667"
"1997921196","2163876022","0.0416667"
"2163876022","1997921196","0.0416667"
"1997921196","2169766737","0.0416667"
"2169766737","1997921196","0.0416667"
"1997921196","2322878662","0.0416667"
"2322878662","1997921196","0.0416667"
"1997921196","2583640509","0.241667"
"2583640509","1997921196","0.241667"
"1997921196","2584792246","0.0416667"
"2584792246","1997921196","0.0416667"
"2013729245","2048429330","0.0416667"
"2048429330","2013729245","0.0416667"
"2013729245","2163876022","0.873947"
"2163876022","2013729245","0.873947"
"2013729245","2583640509","0.554167"
"2583640509","2013729245","0.554167"
"2013729245","2584792246","0.0416667"
"2584792246","2013729245","0.0416667"
"2025220925","2048429330","0.0416667"
"2048429330","2025220925","0.0416667"
"2025220925","2163876022","0.285256"
"2163876022","2025220925","0.285256"
"2025220925","2583640509","0.0416667"
"2583640509","2025220925","0.0416667"
"2025220925","2584792246","0.0416667"
"2584792246","2025220925","0.0416667"
"2044320802","2048429330","0.0416667"
"2048429330","2044320802","0.0416667"
"2044320802","2163876022","0.66369"
"2163876022","2044320802","0.66369"
"2044320802","2583640509","1.28194"
"2583640509","2044320802","1.28194"
"2044320802","2584792246","0.352778"
"2584792246","2044320802","0.352778"
"2048429330","2060999109","0.0416667"
"2060999109","2048429330","0.0416667"
"2048429330","2087760369","0.0416667"
"2087760369","2048429330","0.0416667"
"2048429330","2117824398","0.0416667"
"2117824398","2048429330","0.0416667"
"2048429330","2119272562","0.0416667"
"2119272562","2048429330","0.0416667"
"2048429330","2120386117","0.0416667"
"2120386117","2048429330","0.0416667"
"2048429330","2132496628","0.0416667"
"2132496628","2048429330","0.0416667"
"2048429330","2163876022","0.0416667"
"2163876022","2048429330","0.0416667"
"2048429330","2169766737","0.0416667"
"2169766737","2048429330","0.0416667"
"2048429330","2322878662","0.0416667"
"2322878662","2048429330","0.0416667"
"2048429330","2583640509","0.0416667"
"2583640509","2048429330","0.0416667"
"2048429330","2584792246","0.0416667"
"2584792246","2048429330","0.0416667"
"2060999109","2163876022","0.285256"
"2163876022","2060999109","0.285256"
"2060999109","2583640509","0.0416667"
"2583640509","2060999109","0.0416667"
"2060999109","2584792246","0.0416667"
"2584792246","2060999109","0.0416667"
"2087760369","2163876022","0.564423"
"2163876022","2087760369","0.564423"
"2087760369","2583640509","0.104167"
"2583640509","2087760369","0.104167"
"2087760369","2584792246","0.0416667"
"2584792246","2087760369","0.0416667"
"2117824398","2163876022","0.285256"
"2163876022","2117824398","0.285256"
"2117824398","2583640509","0.0416667"
"2583640509","2117824398","0.0416667"
"2117824398","2584792246","0.0416667"
"2584792246","2117824398","0.0416667"
"2119272562","2163876022","0.320833"
"2163876022","2119272562","0.320833"
"2119272562","2583640509","3.14861"
"2583640509","2119272562","3.14861"
"2119272562","2584792246","0.936111"
"2584792246","2119272562","0.936111"
"2120386117","2163876022","0.91369"
"2163876022","2120386117","0.91369"
"2120386117","2583640509","0.104167"
"2583640509","2120386117","0.104167"
"2120386117","2584792246","0.0416667"
"2584792246","2120386117","0.0416667"
"2132496628","2163876022","0.61859"
"2163876022","2132496628","0.61859"
"2132496628","2583640509","0.0416667"
"2583640509","2132496628","0.0416667"
"2132496628","2584792246","0.0416667"
"2584792246","2132496628","0.0416667"
"2163876022","2169766737","0.0416667"
"2169766737","2163876022","0.0416667"
"2163876022","2322878662","0.0916667"
"2322878662","2163876022","0.0916667"
"2163876022","2583640509","0.270833"
"2583640509","2163876022","0.270833"
"2163876022","2584792246","0.0416667"
"2584792246","2163876022","0.0416667"
"2169766737","2583640509","0.0416667"
"2583640509","2169766737","0.0416667"
"2169766737","2584792246","0.0416667"
"2584792246","2169766737","0.0416667"
"2322878662","2583640509","0.0416667"
"2583640509","2322878662","0.0416667"
"2322878662","2584792246","0.0416667"
"2584792246","2322878662","0.0416667"
"2583640509","2584792246","5.18611"
"2584792246","2583640509","5.18611"
"1491774018","2046866769","0.192857"
"2046866769","1491774018","0.192857"
"1491774018","2523923914","0.192857"
"2523923914","1491774018","0.192857"
"2022800358","2046866769","0.192857"
"2046866769","2022800358","0.192857"
"2022800358","2150707039","0.192857"
"2150707039","2022800358","0.192857"
"2022800358","2245614479","0.192857"
"2245614479","2022800358","0.192857"
"2022800358","2523923914","0.192857"
"2523923914","2022800358","0.192857"
"2022800358","2604445757","0.192857"
"2604445757","2022800358","0.192857"
"2046866769","2150707039","0.192857"
"2150707039","2046866769","0.192857"
"2046866769","2166432826","0.442857"
"2166432826","2046866769","0.442857"
"2046866769","2245614479","1.19286"
"2245614479","2046866769","1.19286"
"2046866769","2523923914","2.47619"
"2523923914","2046866769","2.47619"
"2046866769","2604445757","0.192857"
"2604445757","2046866769","0.192857"
"2150707039","2166432826","0.192857"
"2166432826","2150707039","0.192857"
"2150707039","2523923914","0.192857"
"2523923914","2150707039","0.192857"
"2166432826","2245614479","1.19286"
"2245614479","2166432826","1.19286"
"2166432826","2523923914","0.442857"
"2523923914","2166432826","0.442857"
"2166432826","2604445757","0.192857"
"2604445757","2166432826","0.192857"
"2245614479","2523923914","0.192857"
"2523923914","2245614479","0.192857"
"2523923914","2604445757","0.192857"
"2604445757","2523923914","0.192857"
"1491774018","1965316962","0.0625"
"1965316962","1491774018","0.0625"
"1491774018","1987910181","0.0625"
"1987910181","1491774018","0.0625"
"1527465840","1965316962","0.1875"
"1965316962","1527465840","0.1875"
"1527465840","1987910181","0.1875"
"1987910181","1527465840","0.1875"
"1527465840","2166432826","0.1125"
"2166432826","1527465840","0.1125"
"1531988201","1965316962","1.02083"
"1965316962","1531988201","1.02083"
"1531988201","1987910181","0.298611"
"1987910181","1531988201","0.298611"
"1531988201","2166432826","0.1125"
"2166432826","1531988201","0.1125"
"1546910565","1965316962","0.0625"
"1965316962","1546910565","0.0625"
"1546910565","1987910181","0.339423"
"1987910181","1546910565","0.339423"
"1546910565","2166432826","0.5625"
"2166432826","1546910565","0.5625"
"1965316962","1973307918","0.1875"
"1973307918","1965316962","0.1875"
"1965316962","1974230927","0.0625"
"1974230927","1965316962","0.0625"
"1965316962","1987910181","0.1875"
"1987910181","1965316962","0.1875"
"1965316962","1988543052","0.0625"
"1988543052","1965316962","0.0625"
"1965316962","2013729245","0.520833"
"2013729245","1965316962","0.520833"
"1965316962","2044320802","1.02083"
"2044320802","1965316962","1.02083"
"1965316962","2087760369","0.0625"
"2087760369","1965316962","0.0625"
"1965316962","2119272562","0.0625"
"2119272562","1965316962","0.0625"
"1965316962","2120386117","0.1875"
"2120386117","1965316962","0.1875"
"1965316962","2163876022","0.0625"
"2163876022","1965316962","0.0625"
"1965316962","2166432826","0.0625"
"2166432826","1965316962","0.0625"
"1965316962","2583640509","0.0625"
"2583640509","1965316962","0.0625"
"1973307918","1987910181","0.1875"
"1987910181","1973307918","0.1875"
"1974230927","1987910181","0.139423"
"1987910181","1974230927","0.139423"
"1974230927","2166432826","0.1125"
"2166432826","1974230927","0.1125"
"1987910181","1988543052","0.173611"
"1988543052","1987910181","0.173611"
"1987910181","2013729245","0.264423"
"2013729245","1987910181","0.264423"
"1987910181","2044320802","0.298611"
"2044320802","1987910181","0.298611"
"1987910181","2087760369","0.139423"
"2087760369","1987910181","0.139423"
"1987910181","2119272562","0.173611"
"2119272562","1987910181","0.173611"
"1987910181","2120386117","0.1875"
"2120386117","1987910181","0.1875"
"1987910181","2163876022","0.339423"
"2163876022","1987910181","0.339423"
"1987910181","2166432826","0.2625"
"2166432826","1987910181","0.2625"
"1987910181","2583640509","0.173611"
"2583640509","1987910181","0.173611"
"1988543052","2166432826","0.1125"
"2166432826","1988543052","0.1125"
"2013729245","2166432826","0.1125"
"2166432826","2013729245","0.1125"
"2044320802","2166432826","0.1125"
"2166432826","2044320802","0.1125"
"2087760369","2166432826","0.1125"
"2166432826","2087760369","0.1125"
"2119272562","2166432826","0.1125"
"2166432826","2119272562","0.1125"
"2120386117","2166432826","0.0625"
"2166432826","2120386117","0.0625"
"2163876022","2166432826","0.5625"
"2166432826","2163876022","0.5625"
"2166432826","2583640509","0.0625"
"2583640509","2166432826","0.0625"
"1491774018","1579525371","0.0909091"
"1579525371","1491774018","0.0909091"
"1527465840","1579525371","0.0909091"
"1579525371","1527465840","0.0909091"
"1531988201","1579525371","0.0909091"
"1579525371","1531988201","0.0909091"
"1579525371","1973307918","0.0909091"
"1973307918","1579525371","0.0909091"
"1579525371","1974230927","0.0909091"
"1974230927","1579525371","0.0909091"
"1579525371","2013729245","0.0909091"
"2013729245","1579525371","0.0909091"
"1579525371","2044320802","0.0909091"
"2044320802","1579525371","0.0909091"
"1579525371","2119272562","0.0909091"
"2119272562","1579525371","0.0909091"
"1579525371","2150707039","0.0909091"
"2150707039","1579525371","0.0909091"
"1579525371","2322878662","0.0909091"
"2322878662","1579525371","0.0909091"
"1579525371","2604445757","0.0909091"
"2604445757","1579525371","0.0909091"
"1526074750","2022800358","0.05"
"2022800358","1526074750","0.05"
"1526074750","2046866769","0.460256"
"2046866769","1526074750","0.460256"
"1526074750","2150707039","0.05"
"2150707039","1526074750","0.05"
"1526074750","2166432826","0.05"
"2166432826","1526074750","0.05"
"1526074750","2245614479","0.05"
"2245614479","1526074750","0.05"
"1526074750","2523923914","0.05"
"2523923914","1526074750","0.05"
"1526074750","2604445757","0.05"
"2604445757","1526074750","0.05"
"1527465840","2022800358","0.05"
"2022800358","1527465840","0.05"
"1527465840","2046866769","0.383333"
"2046866769","1527465840","0.383333"
"1527465840","2523923914","0.05"
"2523923914","1527465840","0.05"
"1531988201","2022800358","0.05"
"2022800358","1531988201","0.05"
"1531988201","2046866769","0.05"
"2046866769","1531988201","0.05"
"1531988201","2523923914","0.05"
"2523923914","1531988201","0.05"
"1546910565","2022800358","0.05"
"2022800358","1546910565","0.05"
"1546910565","2046866769","1.71026"
"2046866769","1546910565","1.71026"
"1546910565","2245614479","0.05"
"2245614479","1546910565","0.05"
"1546910565","2523923914","1.63333"
"2523923914","1546910565","1.63333"
"1546910565","2604445757","0.05"
"2604445757","1546910565","0.05"
"1973307918","2046866769","0.05"
"2046866769","1973307918","0.05"
"1973307918","2523923914","0.05"
"2523923914","1973307918","0.05"
"1974230927","2022800358","0.05"
"2022800358","1974230927","0.05"
"1974230927","2523923914","0.05"
"2523923914","1974230927","0.05"
"1988543052","2022800358","0.55"
"2022800358","1988543052","0.55"
"1988543052","2046866769","0.25"
"2046866769","1988543052","0.25"
"1988543052","2523923914","0.25"
"2523923914","1988543052","0.25"
"2013729245","2022800358","0.05"
"2022800358","2013729245","0.05"
"2013729245","2046866769","0.126923"
"2046866769","2013729245","0.126923"
"2013729245","2523923914","0.05"
"2523923914","2013729245","0.05"
"2022800358","2044320802","0.05"
"2044320802","2022800358","0.05"
"2022800358","2087760369","0.05"
"2087760369","2022800358","0.05"
"2022800358","2119272562","0.55"
"2119272562","2022800358","0.55"
"2022800358","2163876022","0.05"
"2163876022","2022800358","0.05"
"2022800358","2322878662","0.05"
"2322878662","2022800358","0.05"
"2044320802","2046866769","0.05"
"2046866769","2044320802","0.05"
"2044320802","2523923914","0.05"
"2523923914","2044320802","0.05"
"2046866769","2119272562","0.25"
"2119272562","2046866769","0.25"
"2046866769","2163876022","1.71026"
"2163876022","2046866769","1.71026"
"2046866769","2322878662","0.05"
"2322878662","2046866769","0.05"
"2087760369","2523923914","0.05"
"2523923914","2087760369","0.05"
"2119272562","2523923914","0.25"
"2523923914","2119272562","0.25"
"2163876022","2245614479","0.05"
"2245614479","2163876022","0.05"
"2163876022","2523923914","2.63333"
"2523923914","2163876022","2.63333"
"2163876022","2604445757","0.05"
"2604445757","2163876022","0.05"
"2166432826","2322878662","0.05"
"2322878662","2166432826","0.05"
"2322878662","2523923914","0.05"
"2523923914","2322878662","0.05"
"1526074750","1965316962","0.125"
"1965316962","1526074750","0.125"
"1526074750","1987910181","0.201923"
"1987910181","1526074750","0.201923"
"1526074750","2039771373","1.5"
"2039771373","1526074750","1.5"
"1526074750","2135555438","0.5"
"2135555438","1526074750","0.5"
"2039771373","2135555438","2.58333"
"2135555438","2039771373","2.58333"
"1526074750","1991538473","0.0769231"
"1991538473","1526074750","0.0769231"
"1526074750","2140935317","0.0769231"
"2140935317","1526074750","0.0769231"
"1546910565","1991538473","0.276923"
"1991538473","1546910565","0.276923"
"1546910565","2140935317","0.276923"
"2140935317","1546910565","0.276923"
"1974230927","1991538473","0.0769231"
"1991538473","1974230927","0.0769231"
"1974230927","2140935317","0.0769231"
"2140935317","1974230927","0.0769231"
"1987910181","1991538473","2.22137"
"1991538473","1987910181","2.22137"
"1987910181","2025220925","0.0769231"
"2025220925","1987910181","0.0769231"
"1987910181","2046866769","0.0769231"
"2046866769","1987910181","0.0769231"
"1987910181","2060999109","0.0769231"
"2060999109","1987910181","0.0769231"
"1987910181","2117824398","0.0769231"
"2117824398","1987910181","0.0769231"
"1987910181","2132496628","0.0769231"
"2132496628","1987910181","0.0769231"
"1987910181","2140935317","5.22137"
"2140935317","1987910181","5.22137"
"1991538473","2013729245","0.0769231"
"2013729245","1991538473","0.0769231"
"1991538473","2025220925","0.0769231"
"2025220925","1991538473","0.0769231"
"1991538473","2046866769","0.0769231"
"2046866769","1991538473","0.0769231"
