"111722143","115844736","2"
"115844736","111722143","2"
"111722143","1503435072","1.5"
"1503435072","111722143","1.5"
"111722143","2131906285","0.5"
"2131906285","111722143","0.5"
"111722143","2146280491","0.5"
"2146280491","111722143","0.5"
"2131906285","2146280491","4.09091"
"2146280491","2131906285","4.09091"
"111722143","160554934","0.5"
"160554934","111722143","0.5"
"1503435072","160554934","0.5"
"160554934","1503435072","0.5"
"115844736","1503435072","1.75"
"1503435072","115844736","1.75"
"115844736","1579523287","0.25"
"1579523287","115844736","0.25"
"115844736","2095742218","0.25"
"2095742218","115844736","0.25"
"115844736","2148575440","0.25"
"2148575440","115844736","0.25"
"1503435072","1579523287","0.25"
"1579523287","1503435072","0.25"
"1503435072","2095742218","0.75"
"2095742218","1503435072","0.75"
"1503435072","2148575440","0.25"
"2148575440","1503435072","0.25"
"1579523287","2095742218","0.416667"
"2095742218","1579523287","0.416667"
"1579523287","2148575440","0.583333"
"2148575440","1579523287","0.583333"
"2095742218","2148575440","1.41667"
"2148575440","2095742218","1.41667"
"115844736","2131906285","2.5"
"2131906285","115844736","2.5"
"115844736","2146280491","0.5"
"2146280491","115844736","0.5"
"115844736","2116911448","0.5"
"2116911448","115844736","0.5"
"115844736","2154338254","0.5"
"2154338254","115844736","0.5"
"115844736","2164514161","0.5"
"2164514161","115844736","0.5"
"115844736","979848680","0.5"
"979848680","115844736","0.5"
"2116911448","2154338254","1"
"2154338254","2116911448","1"
"2116911448","2164514161","13.0595"
"2164514161","2116911448","13.0595"
"2116911448","979848680","1.30952"
"979848680","2116911448","1.30952"
"2154338254","2164514161","0.666667"
"2164514161","2154338254","0.666667"
"2154338254","979848680","2.08333"
"979848680","2154338254","2.08333"
"2164514161","979848680","1.10119"
"979848680","2164514161","1.10119"
"115844736","1559739109","0.5"
"1559739109","115844736","0.5"
"1503435072","1559739109","0.833333"
"1559739109","1503435072","0.833333"
"115844736","1489011280","1"
"1489011280","115844736","1"
"120940218","1489011280","0.0833333"
"1489011280","120940218","0.0833333"
"120940218","1542535462","0.0833333"
"1542535462","120940218","0.0833333"
"120940218","1551750341","0.194444"
"1551750341","120940218","0.194444"
"120940218","1600051453","0.174242"
"1600051453","120940218","0.174242"
"120940218","160554934","0.174242"
"160554934","120940218","0.174242"
"120940218","1998987919","6.42424"
"1998987919","120940218","6.42424"
"120940218","2046624934","0.333333"
"2046624934","120940218","0.333333"
"120940218","2071680577","0.285354"
"2071680577","120940218","0.285354"
"120940218","2116734901","0.174242"
"2116734901","120940218","0.174242"
"120940218","2146280491","0.174242"
"2146280491","120940218","0.174242"
"120940218","2582140688","0.0833333"
"2582140688","120940218","0.0833333"
"120940218","2757652893","0.694444"
"2757652893","120940218","0.694444"
"1489011280","1542535462","0.0833333"
"1542535462","1489011280","0.0833333"
"1489011280","1551750341","0.0833333"
"1551750341","1489011280","0.0833333"
"1489011280","1600051453","0.0833333"
"1600051453","1489011280","0.0833333"
"1489011280","160554934","0.0833333"
"160554934","1489011280","0.0833333"
"1489011280","1998987919","0.0833333"
"1998987919","1489011280","0.0833333"
"1489011280","2046624934","0.0833333"
"2046624934","1489011280","0.0833333"
"1489011280","2071680577","0.0833333"
"2071680577","1489011280","0.0833333"
"1489011280","2116734901","0.0833333"
"2116734901","1489011280","0.0833333"
"1489011280","2146280491","0.0833333"
"2146280491","1489011280","0.0833333"
"1489011280","2582140688","0.0833333"
"2582140688","1489011280","0.0833333"
"1489011280","2757652893","0.0833333"
"2757652893","1489011280","0.0833333"
"1542535462","1551750341","0.541667"
"1551750341","1542535462","0.541667"
"1542535462","1600051453","0.0833333"
"1600051453","1542535462","0.0833333"
"1542535462","160554934","0.0833333"
"160554934","1542535462","0.0833333"
"1542535462","1998987919","0.0833333"
"1998987919","1542535462","0.0833333"
"1542535462","2046624934","0.0833333"
"2046624934","1542535462","0.0833333"
"1542535462","2071680577","1.075"
"2071680577","1542535462","1.075"
"1542535462","2116734901","0.0833333"
"2116734901","1542535462","0.0833333"
"1542535462","2146280491","0.0833333"
"2146280491","1542535462","0.0833333"
"1542535462","2582140688","0.908333"
"2582140688","1542535462","0.908333"
"1542535462","2757652893","0.541667"
"2757652893","1542535462","0.541667"
"1551750341","1600051453","0.0833333"
"1600051453","1551750341","0.0833333"
"1551750341","160554934","0.0833333"
"160554934","1551750341","0.0833333"
"1551750341","1998987919","0.194444"
"1998987919","1551750341","0.194444"
"1551750341","2046624934","0.0833333"
"2046624934","1551750341","0.0833333"
"1551750341","2071680577","0.847222"
"2071680577","1551750341","0.847222"
"1551750341","2116734901","0.0833333"
"2116734901","1551750341","0.0833333"
"1551750341","2146280491","0.0833333"
"2146280491","1551750341","0.0833333"
"1551750341","2582140688","0.486111"
"2582140688","1551750341","0.486111"
"1551750341","2757652893","2.34722"
"2757652893","1551750341","2.34722"
"1600051453","160554934","0.507576"
"160554934","1600051453","0.507576"
"1600051453","1998987919","1.84091"
"1998987919","1600051453","1.84091"
"1600051453","2046624934","0.416667"
"2046624934","1600051453","0.416667"
"1600051453","2071680577","0.174242"
"2071680577","1600051453","0.174242"
"1600051453","2116734901","0.507576"
"2116734901","1600051453","0.507576"
"1600051453","2146280491","0.174242"
"2146280491","1600051453","0.174242"
"1600051453","2582140688","0.0833333"
"2582140688","1600051453","0.0833333"
"1600051453","2757652893","0.0833333"
"2757652893","1600051453","0.0833333"
"160554934","1998987919","4.50758"
"1998987919","160554934","4.50758"
"160554934","2046624934","0.0833333"
"2046624934","160554934","0.0833333"
"160554934","2071680577","0.174242"
"2071680577","160554934","0.174242"
"160554934","2116734901","1.50758"
"2116734901","160554934","1.50758"
"160554934","2146280491","0.174242"
"2146280491","160554934","0.174242"
"160554934","2582140688","0.0833333"
"2582140688","160554934","0.0833333"
"160554934","2757652893","0.0833333"
"2757652893","160554934","0.0833333"
"1998987919","2046624934","2.66667"
"2046624934","1998987919","2.66667"
"1998987919","2071680577","1.28535"
"2071680577","1998987919","1.28535"
"1998987919","2116734901","2.50758"
"2116734901","1998987919","2.50758"
"1998987919","2146280491","0.174242"
"2146280491","1998987919","0.174242"
"1998987919","2582140688","0.194444"
"2582140688","1998987919","0.194444"
"1998987919","2757652893","0.194444"
"2757652893","1998987919","0.194444"
"2046624934","2071680577","0.0833333"
"2071680577","2046624934","0.0833333"
"2046624934","2116734901","0.0833333"
"2116734901","2046624934","0.0833333"
"2046624934","2146280491","0.0833333"
"2146280491","2046624934","0.0833333"
"2046624934","2582140688","1.08333"
"2582140688","2046624934","1.08333"
"2046624934","2757652893","0.0833333"
"2757652893","2046624934","0.0833333"
"2071680577","2116734901","0.174242"
"2116734901","2071680577","0.174242"
"2071680577","2146280491","0.174242"
"2146280491","2071680577","0.174242"
"2071680577","2582140688","0.852778"
"2582140688","2071680577","0.852778"
"2071680577","2757652893","1.59722"
"2757652893","2071680577","1.59722"
"2116734901","2146280491","0.174242"
"2146280491","2116734901","0.174242"
"2116734901","2582140688","0.0833333"
"2582140688","2116734901","0.0833333"
"2116734901","2757652893","0.0833333"
"2757652893","2116734901","0.0833333"
"2146280491","2582140688","0.0833333"
"2582140688","2146280491","0.0833333"
"2146280491","2757652893","0.0833333"
"2757652893","2146280491","0.0833333"
"2582140688","2757652893","1.98611"
"2757652893","2582140688","1.98611"
"120940218","2005799871","0.45202"
"2005799871","120940218","0.45202"
"120940218","2021862793","0.20202"
"2021862793","120940218","0.20202"
"120940218","2131906285","0.0909091"
"2131906285","120940218","0.0909091"
"120940218","2496448904","0.20202"
"2496448904","120940218","0.20202"
"120940218","61716462","0.0909091"
"61716462","120940218","0.0909091"
"1600051453","2005799871","0.0909091"
"2005799871","1600051453","0.0909091"
"1600051453","2021862793","0.0909091"
"2021862793","1600051453","0.0909091"
"1600051453","2131906285","0.0909091"
"2131906285","1600051453","0.0909091"
"1600051453","2496448904","0.0909091"
"2496448904","1600051453","0.0909091"
"1600051453","61716462","0.0909091"
"61716462","1600051453","0.0909091"
"160554934","2005799871","0.0909091"
"2005799871","160554934","0.0909091"
"160554934","2021862793","0.590909"
"2021862793","160554934","0.590909"
"160554934","2131906285","0.0909091"
"2131906285","160554934","0.0909091"
"160554934","2496448904","0.0909091"
"2496448904","160554934","0.0909091"
"160554934","61716462","0.0909091"
"61716462","160554934","0.0909091"
"1998987919","2005799871","0.45202"
"2005799871","1998987919","0.45202"
"1998987919","2021862793","2.70202"
"2021862793","1998987919","2.70202"
"1998987919","2131906285","0.0909091"
"2131906285","1998987919","0.0909091"
"1998987919","2496448904","0.20202"
"2496448904","1998987919","0.20202"
"1998987919","61716462","0.0909091"
"61716462","1998987919","0.0909091"
"2005799871","2021862793","0.313131"
"2021862793","2005799871","0.313131"
"2005799871","2071680577","0.313131"
"2071680577","2005799871","0.313131"
"2005799871","2116734901","0.0909091"
"2116734901","2005799871","0.0909091"
"2005799871","2131906285","0.0909091"
"2131906285","2005799871","0.0909091"
"2005799871","2146280491","0.0909091"
"2146280491","2005799871","0.0909091"
"2005799871","2496448904","0.313131"
"2496448904","2005799871","0.313131"
"2005799871","61716462","0.0909091"
"61716462","2005799871","0.0909091"
"2021862793","2071680577","10.2548"
"2071680577","2021862793","10.2548"
"2021862793","2116734901","0.0909091"
"2116734901","2021862793","0.0909091"
"2021862793","2131906285","0.0909091"
"2131906285","2021862793","0.0909091"
"2021862793","2146280491","0.0909091"
"2146280491","2021862793","0.0909091"
"2021862793","2496448904","5.93813"
"2496448904","2021862793","5.93813"
"2021862793","61716462","0.0909091"
"61716462","2021862793","0.0909091"
"2071680577","2131906285","0.0909091"
"2131906285","2071680577","0.0909091"
"2071680577","2496448904","1.6048"
"2496448904","2071680577","1.6048"
"2071680577","61716462","0.0909091"
"61716462","2071680577","0.0909091"
"2116734901","2131906285","0.0909091"
"2131906285","2116734901","0.0909091"
"2116734901","2496448904","0.0909091"
"2496448904","2116734901","0.0909091"
"2116734901","61716462","0.0909091"
"61716462","2116734901","0.0909091"
"2131906285","2496448904","0.0909091"
"2496448904","2131906285","0.0909091"
"2131906285","61716462","0.0909091"
"61716462","2131906285","0.0909091"
"2146280491","2496448904","0.0909091"
"2496448904","2146280491","0.0909091"
"2146280491","61716462","0.0909091"
"61716462","2146280491","0.0909091"
"2496448904","61716462","0.0909091"
"61716462","2496448904","0.0909091"
"120940218","2406510057","0.611111"
"2406510057","120940218","0.611111"
"2406510057","2757652893","5.31944"
"2757652893","2406510057","5.31944"
"120940218","2474352391","0.111111"
"2474352391","120940218","0.111111"
"120940218","2730421750","0.111111"
"2730421750","120940218","0.111111"
"1551750341","2005799871","0.222222"
"2005799871","1551750341","0.222222"
"1551750341","2021862793","1.93056"
"2021862793","1551750341","1.93056"
"1551750341","2406510057","1.56944"
"2406510057","1551750341","1.56944"
"1551750341","2474352391","0.111111"
"2474352391","1551750341","0.111111"
"1551750341","2496448904","1.76389"
"2496448904","1551750341","1.76389"
"1551750341","2730421750","0.513889"
"2730421750","1551750341","0.513889"
"2005799871","2406510057","0.111111"
"2406510057","2005799871","0.111111"
"2005799871","2474352391","0.111111"
"2474352391","2005799871","0.111111"
"2005799871","2730421750","0.222222"
"2730421750","2005799871","0.222222"
"2005799871","2757652893","0.222222"
"2757652893","2005799871","0.222222"
"2021862793","2406510057","1.68611"
"2406510057","2021862793","1.68611"
"2021862793","2474352391","0.111111"
"2474352391","2021862793","0.111111"
"2021862793","2730421750","0.713889"
"2730421750","2021862793","0.713889"
"2021862793","2757652893","2.34722"
"2757652893","2021862793","2.34722"
"2071680577","2406510057","1.68611"
"2406510057","2071680577","1.68611"
"2071680577","2474352391","0.111111"
"2474352391","2071680577","0.111111"
"2071680577","2730421750","0.713889"
"2730421750","2071680577","0.713889"
"2406510057","2474352391","0.111111"
"2474352391","2406510057","0.111111"
"2406510057","2496448904","1.31944"
"2496448904","2406510057","1.31944"
"2406510057","2730421750","0.769444"
"2730421750","2406510057","0.769444"
"2474352391","2496448904","0.111111"
"2496448904","2474352391","0.111111"
"2474352391","2730421750","0.111111"
"2730421750","2474352391","0.111111"
"2474352391","2757652893","0.111111"
"2757652893","2474352391","0.111111"
"2496448904","2730421750","0.680556"
"2730421750","2496448904","0.680556"
"2496448904","2757652893","1.68056"
"2757652893","2496448904","1.68056"
"2730421750","2757652893","1.51389"
"2757652893","2730421750","1.51389"
"120940218","1579523287","1"
"1579523287","120940218","1"
"120940218","1974145679","0.25"
"1974145679","120940218","0.25"
"1974145679","1998987919","3.69444"
"1998987919","1974145679","3.69444"
"1974145679","2005799871","0.361111"
"2005799871","1974145679","0.361111"
"1974145679","2046624934","0.583333"
"2046624934","1974145679","0.583333"
"2005799871","2046624934","0.25"
"2046624934","2005799871","0.25"
"1479811321","2014351813","1"
"2014351813","1479811321","1"
"1479811321","2017028552","2"
"2017028552","1479811321","2"
"2014351813","2017028552","0.5"
"2017028552","2014351813","0.5"
"1479811321","1588685151","0.5"
"1588685151","1479811321","0.5"
"1479811321","2089507241","0.5"
"2089507241","1479811321","0.5"
"1588685151","2089507241","4"
"2089507241","1588685151","4"
"1479811321","2155927683","0.5"
"2155927683","1479811321","0.5"
"2014351813","2155927683","0.666667"
"2155927683","2014351813","0.666667"
"1479811321","1503435072","1"
"1503435072","1479811321","1"
"1479811321","1519991165","0.5"
"1519991165","1479811321","0.5"
"1519991165","2017028552","0.833333"
"2017028552","1519991165","0.833333"
"1492709031","2116911448","1.5"
"2116911448","1492709031","1.5"
"1492709031","2164514161","1.625"
"2164514161","1492709031","1.625"
"1492709031","1595438602","0.458333"
"1595438602","1492709031","0.458333"
"1492709031","1994181344","0.625"
"1994181344","1492709031","0.625"
"1492709031","2118744608","0.125"
"2118744608","1492709031","0.125"
"1492709031","2131028512","0.625"
"2131028512","1492709031","0.625"
"1492709031","2155421596","0.291667"
"2155421596","1492709031","0.291667"
"1492709031","2155927683","0.125"
"2155927683","1492709031","0.125"
"1492709031","979848680","0.458333"
"979848680","1492709031","0.458333"
"1595438602","1994181344","1.125"
"1994181344","1595438602","1.125"
"1595438602","2118744608","3.79167"
"2118744608","1595438602","3.79167"
"1595438602","2131028512","4.125"
"2131028512","1595438602","4.125"
"1595438602","2155421596","0.125"
"2155421596","1595438602","0.125"
"1595438602","2155927683","0.125"
"2155927683","1595438602","0.125"
"1595438602","2164514161","0.125"
"2164514161","1595438602","0.125"
"1595438602","979848680","0.125"
"979848680","1595438602","0.125"
"1994181344","2118744608","2.04167"
"2118744608","1994181344","2.04167"
"1994181344","2131028512","6.54167"
"2131028512","1994181344","6.54167"
"1994181344","2155421596","0.125"
"2155421596","1994181344","0.125"
"1994181344","2155927683","0.125"
"2155927683","1994181344","0.125"
"1994181344","2164514161","1.70833"
"2164514161","1994181344","1.70833"
"1994181344","979848680","0.625"
"979848680","1994181344","0.625"
"2118744608","2131028512","5.04167"
"2131028512","2118744608","5.04167"
"2118744608","2155421596","0.125"
"2155421596","2118744608","0.125"
"2118744608","2155927683","0.125"
"2155927683","2118744608","0.125"
"2118744608","2164514161","0.125"
"2164514161","2118744608","0.125"
"2118744608","979848680","0.125"
"979848680","2118744608","0.125"
"2131028512","2155421596","0.375"
"2155421596","2131028512","0.375"
"2131028512","2155927683","0.125"
"2155927683","2131028512","0.125"
"2131028512","2164514161","1.20833"
"2164514161","2131028512","1.20833"
"2131028512","979848680","0.875"
"979848680","2131028512","0.875"
"2155421596","2155927683","0.267857"
"2155927683","2155421596","0.267857"
"2155421596","2164514161","0.434524"
"2164514161","2155421596","0.434524"
"2155421596","979848680","0.684524"
"979848680","2155421596","0.684524"
"2155927683","2164514161","0.267857"
"2164514161","2155927683","0.267857"
"2155927683","979848680","0.434524"
"979848680","2155927683","0.434524"
"1492709031","1967373574","0.5"
"1967373574","1492709031","0.5"
"1492709031","2154338254","0.166667"
"2154338254","1492709031","0.166667"
"1492709031","2182033421","0.333333"
"2182033421","1492709031","0.333333"
"1492709031","2520443359","0.166667"
"2520443359","1492709031","0.166667"
"1967373574","2116911448","0.642857"
"2116911448","1967373574","0.642857"
"1967373574","2154338254","0.166667"
"2154338254","1967373574","0.166667"
"1967373574","2164514161","0.642857"
"2164514161","1967373574","0.642857"
"1967373574","2182033421","0.333333"
"2182033421","1967373574","0.333333"
"1967373574","2520443359","0.166667"
"2520443359","1967373574","0.166667"
"2116911448","2182033421","2.41667"
"2182033421","2116911448","2.41667"
"2116911448","2520443359","0.166667"
"2520443359","2116911448","0.166667"
"2154338254","2182033421","1"
"2182033421","2154338254","1"
"2154338254","2520443359","0.166667"
"2520443359","2154338254","0.166667"
"2164514161","2182033421","2.08333"
"2182033421","2164514161","2.08333"
"2164514161","2520443359","0.166667"
"2520443359","2164514161","0.166667"
"2182033421","2520443359","0.666667"
"2520443359","2182033421","0.666667"
"1967373574","1994181344","0.166667"
"1994181344","1967373574","0.166667"
"1967373574","2131028512","0.166667"
"2131028512","1967373574","0.166667"
"1967373574","979848680","0.47619"
"979848680","1967373574","0.47619"
"1994181344","2116911448","1.58333"
"2116911448","1994181344","1.58333"
"2116911448","2131028512","1.08333"
"2131028512","2116911448","1.08333"
"1967373574","2155421596","0.809524"
"2155421596","1967373574","0.809524"
"2116911448","2155421596","0.309524"
"2155421596","2116911448","0.309524"
"2155421596","2182033421","0.416667"
"2182033421","2155421596","0.416667"
"2182033421","979848680","2.58333"
"979848680","2182033421","2.58333"
"1503435072","2116911448","0.5"
"2116911448","1503435072","0.5"
"1503435072","2632307365","0.5"
"2632307365","1503435072","0.5"
"2116911448","2632307365","0.5"
"2632307365","2116911448","0.5"
"1503435072","184620699","0.833333"
"184620699","1503435072","0.833333"
"1503435072","2014351813","0.5"
"2014351813","1503435072","0.5"
"184620699","2014351813","0.666667"
"2014351813","184620699","0.666667"
"1503435072","1546194432","2"
"1546194432","1503435072","2"
"1503435072","2731999473","0.5"
"2731999473","1503435072","0.5"
"2095742218","2731999473","0.5"
"2731999473","2095742218","0.5"
"1503435072","2089507241","0.333333"
"2089507241","1503435072","0.333333"
"1559739109","184620699","0.583333"
"184620699","1559739109","0.583333"
"1559739109","2089507241","0.666667"
"2089507241","1559739109","0.666667"
"184620699","2089507241","1.33333"
"2089507241","184620699","1.33333"
"1511188654","1971551484","1.2"
"1971551484","1511188654","1.2"
"1511188654","2021862793","0.2"
"2021862793","1511188654","0.2"
"1511188654","2071680577","0.2"
"2071680577","1511188654","0.2"
"1511188654","2406510057","0.2"
"2406510057","1511188654","0.2"
"1511188654","2598015599","0.2"
"2598015599","1511188654","0.2"
"1971551484","2021862793","12.65"
"2021862793","1971551484","12.65"
"1971551484","2071680577","0.983333"
"2071680577","1971551484","0.983333"
"1971551484","2406510057","0.533333"
"2406510057","1971551484","0.533333"
"1971551484","2598015599","0.2"
"2598015599","1971551484","0.2"
"2021862793","2598015599","0.2"
"2598015599","2021862793","0.2"
"2071680577","2598015599","0.2"
"2598015599","2071680577","0.2"
"2406510057","2598015599","0.4"
"2598015599","2406510057","0.4"
"1511188654","2763610699","1"
"2763610699","1511188654","1"
"1519991165","1588685151","0.333333"
"1588685151","1519991165","0.333333"
"1519991165","1653371073","4.08333"
"1653371073","1519991165","4.08333"
"1588685151","1653371073","0.333333"
"1653371073","1588685151","0.333333"
"1588685151","2017028552","0.333333"
"2017028552","1588685151","0.333333"
"1653371073","2017028552","0.333333"
"2017028552","1653371073","0.333333"
"1519991165","184620699","0.75"
"184620699","1519991165","0.75"
"1519991165","1994181344","0.25"
"1994181344","1519991165","0.25"
"1519991165","2131028512","0.25"
"2131028512","1519991165","0.25"
"1653371073","184620699","0.75"
"184620699","1653371073","0.75"
"1653371073","1994181344","0.25"
"1994181344","1653371073","0.25"
"1653371073","2131028512","0.25"
"2131028512","1653371073","0.25"
"184620699","1994181344","0.5"
"1994181344","184620699","0.5"
"184620699","2131028512","0.5"
"2131028512","184620699","0.5"
"1519991165","2089507241","0.5"
"2089507241","1519991165","0.5"
"1653371073","2089507241","0.5"
"2089507241","1653371073","0.5"
"1519991165","1579523287","0.166667"
"1579523287","1519991165","0.166667"
"1519991165","2014351813","0.166667"
"2014351813","1519991165","0.166667"
"1519991165","2148575440","0.166667"
"2148575440","1519991165","0.166667"
"1579523287","1653371073","0.166667"
"1653371073","1579523287","0.166667"
"1579523287","184620699","0.166667"
"184620699","1579523287","0.166667"
"1579523287","2014351813","1.83333"
"2014351813","1579523287","1.83333"
"1579523287","2089507241","0.5"
"2089507241","1579523287","0.5"
"1653371073","2014351813","0.166667"
"2014351813","1653371073","0.166667"
"1653371073","2148575440","0.166667"
"2148575440","1653371073","0.166667"
"184620699","2148575440","0.166667"
"2148575440","184620699","0.166667"
"2014351813","2089507241","0.166667"
"2089507241","2014351813","0.166667"
"2014351813","2148575440","0.333333"
"2148575440","2014351813","0.333333"
"2089507241","2148575440","0.166667"
"2148575440","2089507241","0.166667"
"1528222021","1588685151","2"
"1588685151","1528222021","2"
"1528222021","2089507241","4.33333"
"2089507241","1528222021","4.33333"
"1528222021","1559739109","0.333333"
"1559739109","1528222021","0.333333"
"1528222021","1579523287","0.333333"
"1579523287","1528222021","0.333333"
"1559739109","1579523287","4.5"
"1579523287","1559739109","4.5"
"1536017417","2148575440","2"
"2148575440","1536017417","2"
"1536017417","2108866161","2.83333"
"2108866161","1536017417","2.83333"
"2108866161","2148575440","1"
"2148575440","2108866161","1"
"1536017417","1608219291","0.5"
"1608219291","1536017417","0.5"
"1536017417","2080945081","0.5"
"2080945081","1536017417","0.5"
"1608219291","2080945081","6.5"
"2080945081","1608219291","6.5"
"1608219291","2108866161","0.5"
"2108866161","1608219291","0.5"
"2080945081","2108866161","0.5"
"2108866161","2080945081","0.5"
"1536017417","1653371073","0.166667"
"1653371073","1536017417","0.166667"
"1536017417","2035871140","0.166667"
"2035871140","1536017417","0.166667"
"1536017417","2077097238","0.166667"
"2077097238","1536017417","0.166667"
"1608219291","1653371073","0.166667"
"1653371073","1608219291","0.166667"
"1608219291","2035871140","0.166667"
"2035871140","1608219291","0.166667"
"1608219291","2077097238","0.166667"
"2077097238","1608219291","0.166667"
"1653371073","2035871140","0.166667"
"2035871140","1653371073","0.166667"
"1653371073","2077097238","0.166667"
"2077097238","1653371073","0.166667"
"1653371073","2080945081","0.166667"
"2080945081","1653371073","0.166667"
"1653371073","2108866161","0.166667"
"2108866161","1653371073","0.166667"
"2035871140","2077097238","6.74286"
"2077097238","2035871140","6.74286"
"2035871140","2080945081","0.166667"
"2080945081","2035871140","0.166667"
"2035871140","2108866161","0.166667"
"2108866161","2035871140","0.166667"
"2077097238","2080945081","0.166667"
"2080945081","2077097238","0.166667"
"2077097238","2108866161","0.166667"
"2108866161","2077097238","0.166667"
"1536017417","2731999473","0.333333"
"2731999473","1536017417","0.333333"
"1536017417","979848680","0.333333"
"979848680","1536017417","0.333333"
"2108866161","2731999473","0.333333"
"2731999473","2108866161","0.333333"
"2108866161","979848680","0.333333"
"979848680","2108866161","0.333333"
"2731999473","979848680","0.333333"
"979848680","2731999473","0.333333"
"1542535462","1971551484","0.2"
"1971551484","1542535462","0.2"
"1542535462","2021862793","0.991667"
"2021862793","1542535462","0.991667"
"1542535462","2730421750","0.658333"
"2730421750","1542535462","0.658333"
"1971551484","2582140688","0.2"
"2582140688","1971551484","0.2"
"1971551484","2730421750","0.2"
"2730421750","1971551484","0.2"
"2021862793","2582140688","2.76944"
"2582140688","2021862793","2.76944"
"2582140688","2730421750","0.602778"
"2730421750","2582140688","0.602778"
"1542535462","2406510057","0.625"
"2406510057","1542535462","0.625"
"1542535462","2496448904","0.625"
"2496448904","1542535462","0.625"
"1542535462","2755273213","0.166667"
"2755273213","1542535462","0.166667"
"2021862793","2755273213","0.166667"
"2755273213","2021862793","0.166667"
"2071680577","2755273213","0.166667"
"2755273213","2071680577","0.166667"
"2406510057","2755273213","0.366667"
"2755273213","2406510057","0.366667"
"2496448904","2755273213","0.166667"
"2755273213","2496448904","0.166667"
"2730421750","2755273213","0.366667"
"2755273213","2730421750","0.366667"
"2406510057","2582140688","1.29167"
"2582140688","2406510057","1.29167"
"2496448904","2582140688","0.402778"
"2582140688","2496448904","0.402778"
"1546194432","2731999473","1"
"2731999473","1546194432","1"
"1551750341","1974145679","0.111111"
"1974145679","1551750341","0.111111"
"1974145679","2021862793","0.111111"
"2021862793","1974145679","0.111111"
"1974145679","2071680577","0.111111"
"2071680577","1974145679","0.111111"
"1974145679","2496448904","0.111111"
"2496448904","1974145679","0.111111"
"1974145679","2582140688","0.111111"
"2582140688","1974145679","0.111111"
"1974145679","2730421750","0.111111"
"2730421750","1974145679","0.111111"
"1974145679","2757652893","0.111111"
"2757652893","1974145679","0.111111"
"1998987919","2730421750","0.111111"
"2730421750","1998987919","0.111111"
"2005799871","2582140688","0.111111"
"2582140688","2005799871","0.111111"
"1551750341","1971551484","0.666667"
"1971551484","1551750341","0.666667"
"1971551484","2496448904","0.333333"
"2496448904","1971551484","0.333333"
"1971551484","2757652893","0.333333"
"2757652893","1971551484","0.333333"
"1559739109","2095742218","2.16667"
"2095742218","1559739109","2.16667"
"1559739109","2014351813","0.166667"
"2014351813","1559739109","0.166667"
"1559739109","2148575440","0.166667"
"2148575440","1559739109","0.166667"
"1559739109","2155927683","0.166667"
"2155927683","1559739109","0.166667"
"1559739109","979848680","0.166667"
"979848680","1559739109","0.166667"
"1579523287","2155927683","0.166667"
"2155927683","1579523287","0.166667"
"1579523287","979848680","0.166667"
"979848680","1579523287","0.166667"
"2014351813","2095742218","0.166667"
"2095742218","2014351813","0.166667"
"2014351813","979848680","0.166667"
"979848680","2014351813","0.166667"
"2095742218","2155927683","2.16667"
"2155927683","2095742218","2.16667"
"2095742218","979848680","0.166667"
"979848680","2095742218","0.166667"
"2148575440","2155927683","0.309524"
"2155927683","2148575440","0.309524"
"2148575440","979848680","0.309524"
"979848680","2148575440","0.309524"
"1559739109","1994181344","0.25"
"1994181344","1559739109","0.25"
"1559739109","2118744608","0.25"
"2118744608","1559739109","0.25"
"1559739109","2131028512","0.25"
"2131028512","1559739109","0.25"
"184620699","2118744608","0.25"
"2118744608","184620699","0.25"
"1560346232","2129944822","2.33377"
"2129944822","1560346232","2.33377"
"1560346232","2069609883","3.33377"
"2069609883","1560346232","3.33377"
"2069609883","2129944822","2.6671"
"2129944822","2069609883","2.6671"
"1560346232","1720752185","0.190909"
"1720752185","1560346232","0.190909"
"1560346232","195301072","0.190909"
"195301072","1560346232","0.190909"
"1560346232","1990044789","0.833766"
"1990044789","1560346232","0.833766"
"1560346232","2047790445","0.690909"
"2047790445","1560346232","0.690909"
"1560346232","2067283500","0.233766"
"2067283500","1560346232","0.233766"
"1560346232","2077097238","0.833766"
"2077097238","1560346232","0.833766"
"1560346232","2095742218","0.333766"
"2095742218","1560346232","0.333766"
"1560346232","2188754517","0.190909"
"2188754517","1560346232","0.190909"
"1560346232","2295183135","0.0909091"
"2295183135","1560346232","0.0909091"
"1720752185","195301072","0.190909"
"195301072","1720752185","0.190909"
"1720752185","1990044789","4.19091"
"1990044789","1720752185","4.19091"
"1720752185","2047790445","4.44091"
"2047790445","1720752185","4.44091"
"1720752185","2067283500","0.340909"
"2067283500","1720752185","0.340909"
"1720752185","2069609883","0.190909"
"2069609883","1720752185","0.190909"
"1720752185","2077097238","0.190909"
"2077097238","1720752185","0.190909"
"1720752185","2095742218","0.190909"
"2095742218","1720752185","0.190909"
"1720752185","2129944822","0.190909"
"2129944822","1720752185","0.190909"
"1720752185","2188754517","0.190909"
"2188754517","1720752185","0.190909"
"1720752185","2295183135","0.0909091"
"2295183135","1720752185","0.0909091"
"195301072","1990044789","0.190909"
"1990044789","195301072","0.190909"
"195301072","2047790445","1.69091"
"2047790445","195301072","1.69091"
"195301072","2067283500","0.0909091"
"2067283500","195301072","0.0909091"
"195301072","2069609883","0.190909"
"2069609883","195301072","0.190909"
"195301072","2077097238","0.690909"
"2077097238","195301072","0.690909"
"195301072","2095742218","0.190909"
"2095742218","195301072","0.190909"
"195301072","2129944822","0.190909"
"2129944822","195301072","0.190909"
"195301072","2188754517","0.190909"
"2188754517","195301072","0.190909"
"195301072","2295183135","0.0909091"
"2295183135","195301072","0.0909091"
"1990044789","2047790445","1.39091"
"2047790445","1990044789","1.39091"
"1990044789","2067283500","0.433766"
"2067283500","1990044789","0.433766"
"1990044789","2069609883","1.53377"
"2069609883","1990044789","1.53377"
"1990044789","2077097238","1.03377"
"2077097238","1990044789","1.03377"
"1990044789","2095742218","0.333766"
"2095742218","1990044789","0.333766"
"1990044789","2129944822","0.333766"
"2129944822","1990044789","0.333766"
"1990044789","2188754517","0.190909"
"2188754517","1990044789","0.190909"
"1990044789","2295183135","0.0909091"
"2295183135","1990044789","0.0909091"
"2047790445","2067283500","0.540909"
"2067283500","2047790445","0.540909"
"2047790445","2069609883","2.89091"
"2069609883","2047790445","2.89091"
"2047790445","2077097238","0.890909"
"2077097238","2047790445","0.890909"
"2047790445","2095742218","0.190909"
"2095742218","2047790445","0.190909"
"2047790445","2129944822","0.190909"
"2129944822","2047790445","0.190909"
"2047790445","2188754517","0.190909"
"2188754517","2047790445","0.190909"
"2047790445","2295183135","0.0909091"
"2295183135","2047790445","0.0909091"
"2067283500","2069609883","0.933766"
"2069609883","2067283500","0.933766"
"2067283500","2077097238","0.933766"
"2077097238","2067283500","0.933766"
"2067283500","2095742218","0.233766"
"2095742218","2067283500","0.233766"
"2067283500","2129944822","0.233766"
"2129944822","2067283500","0.233766"
"2067283500","2188754517","0.0909091"
"2188754517","2067283500","0.0909091"
"2067283500","2295183135","0.0909091"
"2295183135","2067283500","0.0909091"
"2069609883","2077097238","2.8671"
"2077097238","2069609883","2.8671"
"2069609883","2095742218","2.33377"
"2095742218","2069609883","2.33377"
"2069609883","2188754517","0.190909"
"2188754517","2069609883","0.190909"
"2069609883","2295183135","0.0909091"
"2295183135","2069609883","0.0909091"
"2077097238","2095742218","0.333766"
"2095742218","2077097238","0.333766"
"2077097238","2129944822","0.6671"
"2129944822","2077097238","0.6671"
"2077097238","2188754517","0.690909"
"2188754517","2077097238","0.690909"
"2077097238","2295183135","0.0909091"
"2295183135","2077097238","0.0909091"
"2095742218","2129944822","1.33377"
"2129944822","2095742218","1.33377"
"2095742218","2188754517","0.190909"
"2188754517","2095742218","0.190909"
"2095742218","2295183135","0.0909091"
"2295183135","2095742218","0.0909091"
"2129944822","2188754517","0.190909"
"2188754517","2129944822","0.190909"
"2129944822","2295183135","0.0909091"
"2295183135","2129944822","0.0909091"
"2188754517","2295183135","0.0909091"
"2295183135","2188754517","0.0909091"
"1560346232","2035871140","0.742857"
"2035871140","1560346232","0.742857"
"1720752185","2035871140","0.1"
"2035871140","1720752185","0.1"
"195301072","2035871140","0.1"
"2035871140","195301072","0.1"
"1990044789","2035871140","0.242857"
"2035871140","1990044789","0.242857"
"2035871140","2047790445","0.1"
"2047790445","2035871140","0.1"
"2035871140","2069609883","0.57619"
"2069609883","2035871140","0.57619"
"2035871140","2095742218","0.242857"
"2095742218","2035871140","0.242857"
"2035871140","2129944822","0.57619"
"2129944822","2035871140","0.57619"
"2035871140","2188754517","0.6"
"2188754517","2035871140","0.6"
"2035871140","2067283500","0.142857"
"2067283500","2035871140","0.142857"
"1579523287","160554934","0.5"
"160554934","1579523287","0.5"
"160554934","2014351813","0.5"
"2014351813","160554934","0.5"
"1588685151","184620699","0.5"
"184620699","1588685151","0.5"
"1595438602","2182033421","1"
"2182033421","1595438602","1"
"1600051453","1974145679","0.333333"
"1974145679","1600051453","0.333333"
"160554934","1974145679","0.5"
"1974145679","160554934","0.5"
"160554934","2182033421","1"
"2182033421","160554934","1"
"160554934","195301072","1"
"195301072","160554934","1"
"1720752185","2100561944","0.25"
"2100561944","1720752185","0.25"
"1720752185","2182033421","0.25"
"2182033421","1720752185","0.25"
"2047790445","2100561944","0.25"
"2100561944","2047790445","0.25"
"2047790445","2182033421","0.25"
"2182033421","2047790445","0.25"
"2067283500","2100561944","0.25"
"2100561944","2067283500","0.25"
"2067283500","2182033421","0.25"
"2182033421","2067283500","0.25"
"2100561944","2182033421","3.75"
"2182033421","2100561944","3.75"
"175619392","2021862793","2.33333"
"2021862793","175619392","2.33333"
"175619392","2071680577","0.833333"
"2071680577","175619392","0.833333"
"175619392","2008068249","0.833333"
"2008068249","175619392","0.833333"
"2008068249","2021862793","3.08333"
"2021862793","2008068249","3.08333"
"2008068249","2071680577","1.08333"
"2071680577","2008068249","1.08333"
"195301072","2104768282","2"
"2104768282","195301072","2"
"1967373574","2026232968","0.642857"
"2026232968","1967373574","0.642857"
"2026232968","2155421596","2.64286"
"2155421596","2026232968","2.64286"
"1967373574","2148575440","0.142857"
"2148575440","1967373574","0.142857"
"1967373574","2155927683","0.142857"
"2155927683","1967373574","0.142857"
"2026232968","2116911448","0.142857"
"2116911448","2026232968","0.142857"
"2026232968","2148575440","0.142857"
"2148575440","2026232968","0.142857"
"2026232968","2155927683","0.142857"
"2155927683","2026232968","0.142857"
"2026232968","2164514161","0.142857"
"2164514161","2026232968","0.142857"
"2026232968","979848680","0.142857"
"979848680","2026232968","0.142857"
"2116911448","2148575440","0.142857"
"2148575440","2116911448","0.142857"
"2116911448","2155927683","0.142857"
"2155927683","2116911448","0.142857"
"2148575440","2155421596","0.142857"
"2155421596","2148575440","0.142857"
"2148575440","2164514161","0.142857"
"2164514161","2148575440","0.142857"
"1971551484","1974145679","0.5"
"1974145679","1971551484","0.5"
"1971551484","2008068249","0.75"
"2008068249","1971551484","0.75"
"1974145679","2008068249","1"
"2008068249","1974145679","1"
"1971551484","1998987919","1"
"1998987919","1971551484","1"
"1971551484","2509373962","0.25"
"2509373962","1971551484","0.25"
"2008068249","2509373962","0.25"
"2509373962","2008068249","0.25"
"2021862793","2509373962","1.25"
"2509373962","2021862793","1.25"
"2071680577","2509373962","0.25"
"2509373962","2071680577","0.25"
"1998987919","2008068249","0.5"
"2008068249","1998987919","0.5"
"1990044789","2598015599","0.2"
"2598015599","1990044789","0.2"
"2047790445","2598015599","3.2"
"2598015599","2047790445","3.2"
"2067283500","2598015599","0.2"
"2598015599","2067283500","0.2"
"2069609883","2598015599","0.2"
"2598015599","2069609883","0.2"
"2077097238","2598015599","0.2"
"2598015599","2077097238","0.2"
"1994181344","2182033421","0.583333"
"2182033421","1994181344","0.583333"
"2131028512","2182033421","0.833333"
"2182033421","2131028512","0.833333"
"1994181344","2095742218","0.5"
"2095742218","1994181344","0.5"
"2095742218","2131028512","0.5"
"2131028512","2095742218","0.5"
"1998987919","70422007","1"
"70422007","1998987919","1"
"2021862793","2046624934","1"
"2046624934","2021862793","1"
"2002916069","2021862793","2"
"2021862793","2002916069","2"
"2005799871","2008068249","1"
"2008068249","2005799871","1"
"2008068249","2767983543","0.5"
"2767983543","2008068249","0.5"
"2021862793","2767983543","0.5"
"2767983543","2021862793","0.5"
"2021862793","2295183135","0.666667"
"2295183135","2021862793","0.666667"
"2021862793","2521948932","1.66667"
"2521948932","2021862793","1.66667"
"2021862793","2763610699","0.333333"
"2763610699","2021862793","0.333333"
"2295183135","2521948932","8.16667"
"2521948932","2295183135","8.16667"
"2295183135","2763610699","0.833333"
"2763610699","2295183135","0.833333"
"2521948932","2763610699","3.08333"
"2763610699","2521948932","3.08333"
"2021862793","2544385577","1.33333"
"2544385577","2021862793","1.33333"
"2295183135","2544385577","0.333333"
"2544385577","2295183135","0.333333"
"2521948932","2544385577","1.33333"
"2544385577","2521948932","1.33333"
"2021862793","2516569297","1.5"
"2516569297","2021862793","1.5"
"2071680577","2516569297","0.5"
"2516569297","2071680577","0.5"
"2021862793","2047790445","1"
"2047790445","2021862793","1"
"2047790445","2193139925","1"
"2193139925","2047790445","1"
"2100561944","979848680","0.5"
"979848680","2100561944","0.5"
"2104768282","2154338254","0.25"
"2154338254","2104768282","0.25"
"2104768282","2182033421","1.25"
"2182033421","2104768282","1.25"
"2104768282","2521948932","0.25"
"2521948932","2104768282","0.25"
"2104768282","2763610699","0.25"
"2763610699","2104768282","0.25"
"2154338254","2521948932","0.25"
"2521948932","2154338254","0.25"
"2154338254","2763610699","0.25"
"2763610699","2154338254","0.25"
"2182033421","2521948932","0.25"
"2521948932","2182033421","0.25"
"2182033421","2763610699","0.25"
"2763610699","2182033421","0.25"
"2131028512","2154338254","0.25"
"2154338254","2131028512","0.25"
"2154338254","2155421596","0.25"
"2155421596","2154338254","0.25"
"2146280491","2579333675","1"
"2579333675","2146280491","1"
"2155927683","2564279003","1"
"2564279003","2155927683","1"
"2155927683","2182033421","1"
"2182033421","2155927683","1"
"2182033421","2244803438","0.5"
"2244803438","2182033421","0.5"
"2244803438","2520443359","3.5"
"2520443359","2244803438","3.5"
"2182033421","2188754517","2"
"2188754517","2182033421","2"
"2188754517","2598015599","5"
"2598015599","2188754517","5"
"2193139925","2520443359","0.5"
"2520443359","2193139925","0.5"
"2193139925","2757652893","0.5"
"2757652893","2193139925","0.5"
"2520443359","2757652893","0.5"
"2757652893","2520443359","0.5"
"2193139925","2610966991","1"
"2610966991","2193139925","1"
"2274822633","2608767679","12"
"2608767679","2274822633","12"
"2406510057","2765385041","0.2"
"2765385041","2406510057","0.2"
"2406510057","2970724713","0.2"
