"1485246922","1848198704","0.366667"
"1848198704","1485246922","0.366667"
"1485246922","1992611876","0.366667"
"1992611876","1485246922","0.366667"
"1485246922","2019987265","0.166667"
"2019987265","1485246922","0.166667"
"1485246922","2132759147","0.366667"
"2132759147","1485246922","0.366667"
"1485246922","2495442034","0.166667"
"2495442034","1485246922","0.166667"
"1485246922","2527978951","0.166667"
"2527978951","1485246922","0.166667"
"1848198704","1992611876","1.47778"
"1992611876","1848198704","1.47778"
"1848198704","2019987265","0.166667"
"2019987265","1848198704","0.166667"
"1848198704","2132759147","0.477778"
"2132759147","1848198704","0.477778"
"1848198704","2495442034","0.166667"
"2495442034","1848198704","0.166667"
"1848198704","2527978951","0.166667"
"2527978951","1848198704","0.166667"
"1992611876","2019987265","0.166667"
"2019987265","1992611876","0.166667"
"1992611876","2132759147","0.677778"
"2132759147","1992611876","0.677778"
"1992611876","2495442034","0.166667"
"2495442034","1992611876","0.166667"
"1992611876","2527978951","0.166667"
"2527978951","1992611876","0.166667"
"2019987265","2132759147","1.22619"
"2132759147","2019987265","1.22619"
"2019987265","2495442034","0.166667"
"2495442034","2019987265","0.166667"
"2019987265","2527978951","0.166667"
"2527978951","2019987265","0.166667"
"2132759147","2495442034","0.166667"
"2495442034","2132759147","0.166667"
"2132759147","2527978951","0.166667"
"2527978951","2132759147","0.166667"
"2495442034","2527978951","0.166667"
"2527978951","2495442034","0.166667"
"1485246922","1978627933","1.45"
"1978627933","1485246922","1.45"
"1485246922","2008049606","0.25"
"2008049606","1485246922","0.25"
"1485246922","2069563125","0.45"
"2069563125","1485246922","0.45"
"1485246922","2084205264","0.25"
"2084205264","1485246922","0.25"
"1978627933","2008049606","0.45"
"2008049606","1978627933","0.45"
"1978627933","2069563125","0.45"
"2069563125","1978627933","0.45"
"1978627933","2084205264","0.25"
"2084205264","1978627933","0.25"
"2008049606","2069563125","0.25"
"2069563125","2008049606","0.25"
"2008049606","2084205264","0.25"
"2084205264","2008049606","0.25"
"2069563125","2084205264","0.49359"
"2084205264","2069563125","0.49359"
"1485246922","1599347699","0.2"
"1599347699","1485246922","0.2"
"1485246922","1795917937","0.2"
"1795917937","1485246922","0.2"
"1485246922","2129937449","0.2"
"2129937449","1485246922","0.2"
"1485246922","2131989748","0.2"
"2131989748","1485246922","0.2"
"1485246922","2950224332","0.2"
"2950224332","1485246922","0.2"
"1599347699","1795917937","0.45"
"1795917937","1599347699","0.45"
"1599347699","2129937449","9.37424"
"2129937449","1599347699","9.37424"
"1599347699","2131989748","0.45"
"2131989748","1599347699","0.45"
"1599347699","2950224332","5.87424"
"2950224332","1599347699","5.87424"
"1795917937","2129937449","0.45"
"2129937449","1795917937","0.45"
"1795917937","2131989748","5.95"
"2131989748","1795917937","5.95"
"1795917937","2950224332","0.45"
"2950224332","1795917937","0.45"
"2129937449","2131989748","0.45"
"2131989748","2129937449","0.45"
"2129937449","2950224332","5.37424"
"2950224332","2129937449","5.37424"
"2131989748","2950224332","0.45"
"2950224332","2131989748","0.45"
"1848198704","1978627933","0.311111"
"1978627933","1848198704","0.311111"
"1848198704","2069563125","0.2"
"2069563125","1848198704","0.2"
"1978627933","1992611876","0.644444"
"1992611876","1978627933","0.644444"
"1978627933","2132759147","0.40202"
"2132759147","1978627933","0.40202"
"1992611876","2069563125","0.2"
"2069563125","1992611876","0.2"
"2069563125","2132759147","0.276923"
"2132759147","2069563125","0.276923"
"1491546444","1963116617","0.333333"
"1963116617","1491546444","0.333333"
"1491546444","2069563125","1.41026"
"2069563125","1491546444","1.41026"
"1491546444","2512684578","0.333333"
"2512684578","1491546444","0.333333"
"1963116617","2069563125","0.333333"
"2069563125","1963116617","0.333333"
"1963116617","2512684578","0.333333"
"2512684578","1963116617","0.333333"
"2069563125","2512684578","0.333333"
"2512684578","2069563125","0.333333"
"1491546444","1663485207","0.410256"
"1663485207","1491546444","0.410256"
"1491546444","2129937449","0.410256"
"2129937449","1491546444","0.410256"
"1491546444","2132759147","0.410256"
"2132759147","1491546444","0.410256"
"1663485207","2129937449","0.959499"
"2129937449","1663485207","0.959499"
"1663485207","2132759147","3.18728"
"2132759147","1663485207","3.18728"
"2129937449","2132759147","0.959499"
"2132759147","2129937449","0.959499"
"1491546444","1514785041","0.326923"
"1514785041","1491546444","0.326923"
"1491546444","1978627933","0.783333"
"1978627933","1491546444","0.783333"
"1491546444","2525058722","0.583333"
"2525058722","1491546444","0.583333"
"1491546444","2951355607","0.583333"
"2951355607","1491546444","0.583333"
"1514785041","1978627933","0.361111"
"1978627933","1514785041","0.361111"
"1514785041","2525058722","0.361111"
"2525058722","1514785041","0.361111"
"1514785041","2951355607","0.361111"
"2951355607","1514785041","0.361111"
"1978627933","2525058722","0.694444"
"2525058722","1978627933","0.694444"
"1978627933","2951355607","2.28535"
"2951355607","1978627933","2.28535"
"2525058722","2951355607","0.694444"
"2951355607","2525058722","0.694444"
"1491546444","1603171571","0.2"
"1603171571","1491546444","0.2"
"1491546444","1982676565","0.2"
"1982676565","1491546444","0.2"
"1491546444","2008049606","0.2"
"2008049606","1491546444","0.2"
"1491546444","2950841405","0.2"
"2950841405","1491546444","0.2"
"1603171571","1978627933","0.2"
"1978627933","1603171571","0.2"
"1603171571","1982676565","9.61667"
"1982676565","1603171571","9.61667"
"1603171571","2008049606","1.36667"
"2008049606","1603171571","1.36667"
"1603171571","2950841405","0.866667"
"2950841405","1603171571","0.866667"
"1978627933","1982676565","0.2"
"1982676565","1978627933","0.2"
"1978627933","2950841405","0.2"
"2950841405","1978627933","0.2"
"1982676565","2008049606","1.36667"
"2008049606","1982676565","1.36667"
"1982676565","2950841405","0.866667"
"2950841405","1982676565","0.866667"
"2008049606","2950841405","1.86667"
"2950841405","2008049606","1.86667"
"1491546444","1493785492","0.0769231"
"1493785492","1491546444","0.0769231"
"1491546444","160330431","0.0769231"
"160330431","1491546444","0.0769231"
"1491546444","1605366316","0.0769231"
"1605366316","1491546444","0.0769231"
"1491546444","2084205264","0.0769231"
"2084205264","1491546444","0.0769231"
"1491546444","2949619427","0.0769231"
"2949619427","1491546444","0.0769231"
"1491546444","2949940413","0.0769231"
"2949940413","1491546444","0.0769231"
"1491546444","2950537394","0.0769231"
"2950537394","1491546444","0.0769231"
"1491546444","2951631691","0.0769231"
"2951631691","1491546444","0.0769231"
"1493785492","1514785041","1.20192"
"1514785041","1493785492","1.20192"
"1493785492","160330431","0.201923"
"160330431","1493785492","0.201923"
"1493785492","1605366316","0.435689"
"1605366316","1493785492","0.435689"
"1493785492","1663485207","0.292832"
"1663485207","1493785492","0.292832"
"1493785492","2069563125","0.0769231"
"2069563125","1493785492","0.0769231"
"1493785492","2084205264","0.0769231"
"2084205264","1493785492","0.0769231"
"1493785492","2129937449","0.292832"
"2129937449","1493785492","0.292832"
"1493785492","2132759147","0.435689"
"2132759147","1493785492","0.435689"
"1493785492","2949619427","0.435689"
"2949619427","1493785492","0.435689"
"1493785492","2949940413","0.0769231"
"2949940413","1493785492","0.0769231"
"1493785492","2950537394","0.435689"
"2950537394","1493785492","0.435689"
"1493785492","2951631691","0.0769231"
"2951631691","1493785492","0.0769231"
"1514785041","160330431","1.36859"
"160330431","1514785041","1.36859"
"1514785041","1605366316","0.313034"
"1605366316","1514785041","0.313034"
"1514785041","1663485207","0.646368"
"1663485207","1514785041","0.646368"
"1514785041","2069563125","0.24359"
"2069563125","1514785041","0.24359"
"1514785041","2084205264","0.24359"
"2084205264","1514785041","0.24359"
"1514785041","2129937449","0.535256"
"2129937449","1514785041","0.535256"
"1514785041","2132759147","0.646368"
"2132759147","1514785041","0.646368"
"1514785041","2949619427","0.201923"
"2949619427","1514785041","0.201923"
"1514785041","2949940413","0.0769231"
"2949940413","1514785041","0.0769231"
"1514785041","2950537394","0.201923"
"2950537394","1514785041","0.201923"
"1514785041","2951631691","0.24359"
"2951631691","1514785041","0.24359"
"160330431","1605366316","2.45192"
"1605366316","160330431","2.45192"
"160330431","1663485207","0.651923"
"1663485207","160330431","0.651923"
"160330431","2069563125","0.24359"
"2069563125","160330431","0.24359"
"160330431","2084205264","0.69359"
"2084205264","160330431","0.69359"
"160330431","2129937449","0.201923"
"2129937449","160330431","0.201923"
"160330431","2132759147","0.651923"
"2132759147","160330431","0.651923"
"160330431","2949619427","0.201923"
"2949619427","160330431","0.201923"
"160330431","2949940413","0.0769231"
"2949940413","160330431","0.0769231"
"160330431","2950537394","0.201923"
"2950537394","160330431","0.201923"
"160330431","2951631691","0.49359"
"2951631691","160330431","0.49359"
"1605366316","1663485207","0.403943"
"1663485207","1605366316","0.403943"
"1605366316","2069563125","0.0769231"
"2069563125","1605366316","0.0769231"
"1605366316","2084205264","0.576923"
"2084205264","1605366316","0.576923"
"1605366316","2129937449","0.542832"
"2129937449","1605366316","0.542832"
"1605366316","2132759147","0.5468"
"2132759147","1605366316","0.5468"
"1605366316","2949619427","0.435689"
"2949619427","1605366316","0.435689"
"1605366316","2949940413","0.0769231"
"2949940413","1605366316","0.0769231"
"1605366316","2950537394","0.435689"
"2950537394","1605366316","0.435689"
"1605366316","2951631691","0.576923"
"2951631691","1605366316","0.576923"
"1663485207","2069563125","0.0769231"
"2069563125","1663485207","0.0769231"
"1663485207","2084205264","0.44359"
"2084205264","1663485207","0.44359"
"1663485207","2949619427","0.292832"
"2949619427","1663485207","0.292832"
"1663485207","2949940413","0.0769231"
"2949940413","1663485207","0.0769231"
"1663485207","2950537394","0.292832"
"2950537394","1663485207","0.292832"
"1663485207","2951631691","0.24359"
"2951631691","1663485207","0.24359"
"2069563125","2129937449","0.0769231"
"2129937449","2069563125","0.0769231"
"2069563125","2949619427","0.0769231"
"2949619427","2069563125","0.0769231"
"2069563125","2949940413","0.0769231"
"2949940413","2069563125","0.0769231"
"2069563125","2950537394","0.0769231"
"2950537394","2069563125","0.0769231"
"2069563125","2951631691","0.24359"
"2951631691","2069563125","0.24359"
"2084205264","2129937449","0.0769231"
"2129937449","2084205264","0.0769231"
"2084205264","2132759147","1.44359"
"2132759147","2084205264","1.44359"
"2084205264","2949619427","0.0769231"
"2949619427","2084205264","0.0769231"
"2084205264","2949940413","0.0769231"
"2949940413","2084205264","0.0769231"
"2084205264","2950537394","0.0769231"
"2950537394","2084205264","0.0769231"
"2084205264","2951631691","8.24359"
"2951631691","2084205264","8.24359"
"2129937449","2949619427","0.292832"
"2949619427","2129937449","0.292832"
"2129937449","2949940413","0.0769231"
"2949940413","2129937449","0.0769231"
"2129937449","2950537394","0.292832"
"2950537394","2129937449","0.292832"
"2129937449","2951631691","0.0769231"
"2951631691","2129937449","0.0769231"
"2132759147","2949619427","0.435689"
"2949619427","2132759147","0.435689"
"2132759147","2949940413","0.0769231"
"2949940413","2132759147","0.0769231"
"2132759147","2950537394","0.435689"
"2950537394","2132759147","0.435689"
"2132759147","2951631691","0.24359"
"2951631691","2132759147","0.24359"
"2949619427","2949940413","0.0769231"
"2949940413","2949619427","0.0769231"
"2949619427","2950537394","0.435689"
"2950537394","2949619427","0.435689"
"2949619427","2951631691","0.0769231"
"2951631691","2949619427","0.0769231"
"2949940413","2950537394","0.0769231"
"2950537394","2949940413","0.0769231"
"2949940413","2951631691","0.0769231"
"2951631691","2949940413","0.0769231"
"2950537394","2951631691","0.0769231"
"2951631691","2950537394","0.0769231"
"1493785492","1978627933","0.590909"
"1978627933","1493785492","0.590909"
"1493785492","2951355607","0.590909"
"2951355607","1493785492","0.590909"
"1493785492","1550392229","0.142857"
"1550392229","1493785492","0.142857"
"1493785492","2019987265","0.142857"
"2019987265","1493785492","0.142857"
"1493785492","2112073337","0.142857"
"2112073337","1493785492","0.142857"
"1550392229","1605366316","0.142857"
"1605366316","1550392229","0.142857"
"1550392229","2019987265","0.142857"
"2019987265","1550392229","0.142857"
"1550392229","2112073337","0.309524"
"2112073337","1550392229","0.309524"
"1550392229","2132759147","0.342857"
"2132759147","1550392229","0.342857"
"1550392229","2949619427","0.142857"
"2949619427","1550392229","0.142857"
"1550392229","2950537394","0.142857"
"2950537394","1550392229","0.142857"
"1605366316","2019987265","0.392857"
"2019987265","1605366316","0.392857"
"1605366316","2112073337","0.142857"
"2112073337","1605366316","0.142857"
"2019987265","2112073337","0.142857"
"2112073337","2019987265","0.142857"
"2019987265","2949619427","0.142857"
"2949619427","2019987265","0.142857"
"2019987265","2950537394","0.142857"
"2950537394","2019987265","0.142857"
"2112073337","2132759147","0.142857"
"2132759147","2112073337","0.142857"
"2112073337","2949619427","0.142857"
"2949619427","2112073337","0.142857"
"2112073337","2950537394","0.142857"
"2950537394","2112073337","0.142857"
"1493785492","1599347699","0.0909091"
"1599347699","1493785492","0.0909091"
"1493785492","2022971840","0.0909091"
"2022971840","1493785492","0.0909091"
"1493785492","2950224332","0.0909091"
"2950224332","1493785492","0.0909091"
"1599347699","1605366316","0.0909091"
"1605366316","1599347699","0.0909091"
"1599347699","1663485207","0.0909091"
"1663485207","1599347699","0.0909091"
"1599347699","1978627933","0.0909091"
"1978627933","1599347699","0.0909091"
"1599347699","2022971840","0.0909091"
"2022971840","1599347699","0.0909091"
"1599347699","2132759147","0.0909091"
"2132759147","1599347699","0.0909091"
"1599347699","2949619427","0.0909091"
"2949619427","1599347699","0.0909091"
"1599347699","2950537394","0.0909091"
"2950537394","1599347699","0.0909091"
"1599347699","2951355607","0.0909091"
"2951355607","1599347699","0.0909091"
"1605366316","1978627933","0.20202"
"1978627933","1605366316","0.20202"
"1605366316","2022971840","0.340909"
"2022971840","1605366316","0.340909"
"1605366316","2950224332","0.0909091"
"2950224332","1605366316","0.0909091"
"1605366316","2951355607","0.20202"
"2951355607","1605366316","0.20202"
"1663485207","1978627933","0.20202"
"1978627933","1663485207","0.20202"
"1663485207","2022971840","0.0909091"
"2022971840","1663485207","0.0909091"
"1663485207","2950224332","0.0909091"
"2950224332","1663485207","0.0909091"
"1663485207","2951355607","0.20202"
"2951355607","1663485207","0.20202"
"1978627933","2022971840","0.0909091"
"2022971840","1978627933","0.0909091"
"1978627933","2129937449","0.0909091"
"2129937449","1978627933","0.0909091"
"1978627933","2949619427","0.0909091"
"2949619427","1978627933","0.0909091"
"1978627933","2950224332","0.0909091"
"2950224332","1978627933","0.0909091"
"1978627933","2950537394","0.0909091"
"2950537394","1978627933","0.0909091"
"2022971840","2129937449","0.340909"
"2129937449","2022971840","0.340909"
"2022971840","2132759147","0.0909091"
"2132759147","2022971840","0.0909091"
"2022971840","2949619427","0.0909091"
"2949619427","2022971840","0.0909091"
"2022971840","2950224332","0.0909091"
"2950224332","2022971840","0.0909091"
"2022971840","2950537394","0.0909091"
"2950537394","2022971840","0.0909091"
"2022971840","2951355607","0.0909091"
"2951355607","2022971840","0.0909091"
"2129937449","2951355607","0.0909091"
"2951355607","2129937449","0.0909091"
"2132759147","2950224332","0.0909091"
"2950224332","2132759147","0.0909091"
"2132759147","2951355607","0.20202"
"2951355607","2132759147","0.20202"
"2949619427","2950224332","0.0909091"
"2950224332","2949619427","0.0909091"
"2949619427","2951355607","0.0909091"
"2951355607","2949619427","0.0909091"
"2950224332","2950537394","0.0909091"
"2950537394","2950224332","0.0909091"
"2950224332","2951355607","0.0909091"
"2951355607","2950224332","0.0909091"
"2950537394","2951355607","0.0909091"
"2951355607","2950537394","0.0909091"
"1514785041","2495442034","1"
"2495442034","1514785041","1"
"1514785041","1848198704","0.111111"
"1848198704","1514785041","0.111111"
"1514785041","1992611876","0.111111"
"1992611876","1514785041","0.111111"
"1514785041","2491675278","0.111111"
"2491675278","1514785041","0.111111"
"1605366316","1848198704","0.111111"
"1848198704","1605366316","0.111111"
"1605366316","1992611876","0.111111"
"1992611876","1605366316","0.111111"
"1605366316","2491675278","0.361111"
"2491675278","1605366316","0.361111"
"1605366316","2525058722","0.111111"
"2525058722","1605366316","0.111111"
"1663485207","1848198704","0.111111"
"1848198704","1663485207","0.111111"
"1663485207","1992611876","0.311111"
"1992611876","1663485207","0.311111"
"1663485207","2491675278","0.527778"
"2491675278","1663485207","0.527778"
"1663485207","2525058722","0.111111"
"2525058722","1663485207","0.111111"
"1848198704","2491675278","0.111111"
"2491675278","1848198704","0.111111"
"1848198704","2525058722","0.111111"
"2525058722","1848198704","0.111111"
"1848198704","2951355607","0.111111"
"2951355607","1848198704","0.111111"
"1978627933","2491675278","0.111111"
"2491675278","1978627933","0.111111"
"1992611876","2491675278","0.111111"
"2491675278","1992611876","0.111111"
"1992611876","2525058722","0.111111"
"2525058722","1992611876","0.111111"
"1992611876","2951355607","0.111111"
"2951355607","1992611876","0.111111"
"2132759147","2491675278","0.527778"
"2491675278","2132759147","0.527778"
"2132759147","2525058722","0.111111"
"2525058722","2132759147","0.111111"
"2491675278","2525058722","0.111111"
"2525058722","2491675278","0.111111"
"2491675278","2951355607","0.111111"
"2951355607","2491675278","0.111111"
"1514785041","1550392229","0.166667"
"1550392229","1514785041","0.166667"
"1514785041","2112073337","0.166667"
"2112073337","1514785041","0.166667"
"1550392229","160330431","1.36667"
"160330431","1550392229","1.36667"
"1550392229","2069563125","0.166667"
"2069563125","1550392229","0.166667"
"1550392229","2084205264","1.2"
"2084205264","1550392229","1.2"
"1550392229","2951631691","1"
"2951631691","1550392229","1"
"160330431","2112073337","0.166667"
"2112073337","160330431","0.166667"
"2069563125","2112073337","2.75"
"2112073337","2069563125","2.75"
"2084205264","2112073337","0.166667"
"2112073337","2084205264","0.166667"
"2112073337","2951631691","0.166667"
"2951631691","2112073337","0.166667"
"1550392229","1848198704","0.333333"
"1848198704","1550392229","0.333333"
"1848198704","2084205264","0.833333"
"2084205264","1848198704","0.833333"
"1848198704","2951631691","0.833333"
"2951631691","1848198704","0.833333"
"1550392229","1663485207","0.2"
"1663485207","1550392229","0.2"
"1550392229","1992611876","0.2"
"1992611876","1550392229","0.2"
"160330431","1992611876","0.2"
"1992611876","160330431","0.2"
"1992611876","2084205264","0.2"
"2084205264","1992611876","0.2"
"1550392229","1882916576","1"
"1882916576","1550392229","1"
"1599347699","2491675278","0.333333"
"2491675278","1599347699","0.333333"
"2129937449","2491675278","0.333333"
"2491675278","2129937449","0.333333"
"2491675278","2950224332","0.333333"
"2950224332","2491675278","0.333333"
"1599347699","160330431","0.5"
"160330431","1599347699","0.5"
"160330431","2950224332","0.5"
"2950224332","160330431","0.5"
"1603171571","2069563125","0.25"
"2069563125","1603171571","0.25"
"1603171571","2112073337","0.25"
"2112073337","1603171571","0.25"
"1603171571","2525058722","0.25"
"2525058722","1603171571","0.25"
"1982676565","2069563125","0.25"
"2069563125","1982676565","0.25"
"1982676565","2112073337","0.25"
"2112073337","1982676565","0.25"
"1982676565","2525058722","0.25"
"2525058722","1982676565","0.25"
"2069563125","2525058722","0.25"
"2525058722","2069563125","0.25"
"2112073337","2525058722","0.25"
"2525058722","2112073337","0.25"
"160330431","2903383909","1"
"2903383909","160330431","1"
"160330431","2019987265","0.25"
"2019987265","160330431","0.25"
"160330431","2491675278","0.25"
"2491675278","160330431","0.25"
"1663485207","2019987265","0.916667"
"2019987265","1663485207","0.916667"
"2019987265","2491675278","0.416667"
"2491675278","2019987265","0.416667"
"160330431","1882916576","0.25"
"1882916576","160330431","0.25"
"1605366316","1882916576","0.5"
"1882916576","1605366316","0.5"
"1882916576","2084205264","0.666667"
"2084205264","1882916576","0.666667"
"1882916576","2951631691","0.666667"
"2951631691","1882916576","0.666667"
"1605366316","2146505709","0.25"
"2146505709","1605366316","0.25"
"2019987265","2022971840","1.25"
"2022971840","2019987265","1.25"
"2019987265","2129937449","0.25"
"2129937449","2019987265","0.25"
"2019987265","2146505709","2.25"
"2146505709","2019987265","2.25"
"2022971840","2146505709","0.25"
"2146505709","2022971840","0.25"
"2129937449","2146505709","0.25"
"2146505709","2129937449","0.25"
"1605366316","2347062351","1"
"2347062351","1605366316","1"
"1882916576","2491675278","0.416667"
"2491675278","1882916576","0.416667"
"2084205264","2491675278","0.416667"
"2491675278","2084205264","0.416667"
"2491675278","2951631691","0.416667"
"2951631691","2491675278","0.416667"
"1663485207","1882916576","0.166667"
"1882916576","1663485207","0.166667"
"1882916576","2019987265","0.166667"
"2019987265","1882916576","0.166667"
"1882916576","2132759147","0.166667"
"2132759147","1882916576","0.166667"
"2019987265","2084205264","0.166667"
"2084205264","2019987265","0.166667"
"2019987265","2951631691","0.166667"
"2951631691","2019987265","0.166667"
"1663485207","1963116617","1"
"1963116617","1663485207","1"
"1795917937","2124792276","0.5"
"2124792276","1795917937","0.5"
"2124792276","2131989748","1.5"
"2131989748","2124792276","1.5"
"1848198704","2949940413","1"
"2949940413","1848198704","1"
"1882916576","2069563125","0.833333"
"2069563125","1882916576","0.833333"
"1882916576","2527978951","0.5"
"2527978951","1882916576","0.5"
"2069563125","2527978951","0.5"
"2527978951","2069563125","0.5"
"1882916576","2018037726","4.5"
"2018037726","1882916576","4.5"
"1882916576","2146505709","0.333333"
"2146505709","1882916576","0.333333"
"1882916576","2556447581","0.333333"
"2556447581","1882916576","0.333333"
"2069563125","2146505709","0.333333"
"2146505709","2069563125","0.333333"
"2069563125","2556447581","0.333333"
"2556447581","2069563125","0.333333"
"2146505709","2556447581","0.333333"
"2556447581","2146505709","0.333333"
"1882916576","2498043463","0.5"
"2498043463","1882916576","0.5"
"2018037726","2498043463","0.5"
"2498043463","2018037726","0.5"
"1882916576","2112073337","1"
"2112073337","1882916576","1"
"1882916576","1978627933","1"
"1978627933","1882916576","1"
"1978627933","2092124615","0.333333"
"2092124615","1978627933","0.333333"
"1978627933","2347062351","0.333333"
"2347062351","1978627933","0.333333"
"1992611876","2092124615","0.333333"
"2092124615","1992611876","0.333333"
"1992611876","2347062351","0.333333"
"2347062351","1992611876","0.333333"
"2092124615","2347062351","3.83333"
"2347062351","2092124615","3.83333"
"2022971840","2112828494","1"
"2112828494","2022971840","1"
"2028839169","2491675278","0.833333"
"2491675278","2028839169","0.833333"
"2028839169","2495442034","0.5"
"2495442034","2028839169","0.5"
"2491675278","2495442034","0.5"
"2495442034","2491675278","0.5"
"2028839169","2069563125","0.333333"
"2069563125","2028839169","0.333333"
"2028839169","2112073337","0.333333"
"2112073337","2028839169","0.333333"
"2069563125","2491675278","0.333333"
"2491675278","2069563125","0.333333"
"2112073337","2491675278","0.333333"
"2491675278","2112073337","0.333333"
"2092124615","2146505709","0.5"
"2146505709","2092124615","0.5"
"2146505709","2347062351","1.5"
"2347062351","2146505709","1.5"
"2112828494","2146505709","1"
"2146505709","2112828494","1"
"2430776319","2566984580","4"
"2566984580","2430776319","4"
"2512684578","2566984580","0.5"
"2566984580","2512684578","0.5"
"2512684578","2951096273","0.5"
"2951096273","2512684578","0.5"
"2566984580","2951096273","0.5"
"2951096273","2566984580","0.5"
"2894594297","2903383909","1"
"2903383909","2894594297","1"
"2903383909","2951096273","2"
"2951096273","2903383909","2"
"2949940413","2952658872","1"
"2952658872","2949940413","1"
