"1517949462","1527553591","0.111111"
"1527553591","1517949462","0.111111"
"1517949462","1561387739","0.111111"
"1561387739","1517949462","0.111111"
"1517949462","1997389706","0.111111"
"1997389706","1517949462","0.111111"
"1517949462","2037786632","0.111111"
"2037786632","1517949462","0.111111"
"1517949462","2162720432","0.111111"
"2162720432","1517949462","0.111111"
"1517949462","2276761883","0.111111"
"2276761883","1517949462","0.111111"
"1517949462","2310869849","0.311111"
"2310869849","1517949462","0.311111"
"1517949462","2534610146","0.111111"
"2534610146","1517949462","0.111111"
"1517949462","2888830098","1.11111"
"2888830098","1517949462","1.11111"
"1527553591","1561387739","2.0548"
"1561387739","1527553591","2.0548"
"1527553591","1997389706","1.18535"
"1997389706","1527553591","1.18535"
"1527553591","2037786632","1.38535"
"2037786632","1527553591","1.38535"
"1527553591","2162720432","1.30952"
"2162720432","1527553591","1.30952"
"1527553591","2276761883","11.6727"
"2276761883","1527553591","11.6727"
"1527553591","2310869849","3.0798"
"2310869849","1527553591","3.0798"
"1527553591","2534610146","0.712302"
"2534610146","1527553591","0.712302"
"1527553591","2888830098","0.583333"
"2888830098","1527553591","0.583333"
"1561387739","1997389706","1.03535"
"1997389706","1561387739","1.03535"
"1561387739","2037786632","0.928211"
"2037786632","1561387739","0.928211"
"1561387739","2162720432","0.72619"
"2162720432","1561387739","0.72619"
"1561387739","2276761883","1.5548"
"2276761883","1561387739","1.5548"
"1561387739","2310869849","1.16432"
"2310869849","1561387739","1.16432"
"1561387739","2534610146","0.712302"
"2534610146","1561387739","0.712302"
"1561387739","2888830098","0.60119"
"2888830098","1561387739","0.60119"
"1997389706","2037786632","7.10202"
"2037786632","1997389706","7.10202"
"1997389706","2162720432","0.555556"
"2162720432","1997389706","0.555556"
"1997389706","2276761883","1.43535"
"2276761883","1997389706","1.43535"
"1997389706","2310869849","3.76869"
"2310869849","1997389706","3.76869"
"1997389706","2534610146","0.333333"
"2534610146","1997389706","0.333333"
"1997389706","2888830098","0.222222"
"2888830098","1997389706","0.222222"
"2037786632","2162720432","0.948413"
"2162720432","2037786632","0.948413"
"2037786632","2276761883","1.63535"
"2276761883","2037786632","1.63535"
"2037786632","2310869849","4.44488"
"2310869849","2037786632","4.44488"
"2037786632","2534610146","0.809524"
"2534610146","2037786632","0.809524"
"2037786632","2888830098","0.698413"
"2888830098","2037786632","0.698413"
"2162720432","2276761883","1.30952"
"2276761883","2162720432","1.30952"
"2162720432","2310869849","8.05952"
"2310869849","2162720432","8.05952"
"2162720432","2534610146","0.507937"
"2534610146","2162720432","0.507937"
"2162720432","2888830098","0.365079"
"2888830098","2162720432","0.365079"
"2276761883","2310869849","3.3298"
"2310869849","2276761883","3.3298"
"2276761883","2534610146","0.712302"
"2534610146","2276761883","0.712302"
"2276761883","2888830098","0.583333"
"2888830098","2276761883","0.583333"
"2310869849","2534610146","2.29563"
"2534610146","2310869849","2.29563"
"2310869849","2888830098","1.80952"
"2888830098","2310869849","1.80952"
"2534610146","2888830098","14.8845"
"2888830098","2534610146","14.8845"
"1517949462","1940711725","0.2"
"1940711725","1517949462","0.2"
"1517949462","1980694458","0.2"
"1980694458","1517949462","0.2"
"1517949462","2080781552","0.2"
"2080781552","1517949462","0.2"
"1517949462","2295055582","0.2"
"2295055582","1517949462","0.2"
"1940711725","1980694458","7.77341"
"1980694458","1940711725","7.77341"
"1940711725","2080781552","1.69563"
"2080781552","1940711725","1.69563"
"1940711725","2295055582","1.25119"
"2295055582","1940711725","1.25119"
"1940711725","2310869849","7.68654"
"2310869849","1940711725","7.68654"
"1980694458","2080781552","1.24167"
"2080781552","1980694458","1.24167"
"1980694458","2295055582","0.908333"
"2295055582","1980694458","0.908333"
"1980694458","2310869849","4.94008"
"2310869849","1980694458","4.94008"
"2080781552","2295055582","3.87619"
"2295055582","2080781552","3.87619"
"2080781552","2310869849","2.14444"
"2310869849","2080781552","2.14444"
"2295055582","2310869849","2.2"
"2310869849","2295055582","2.2"
"1517949462","2142995156","1"
"2142995156","1517949462","1"
"1517949462","2895460099","0.5"
"2895460099","1517949462","0.5"
"1517949462","2962703433","0.5"
"2962703433","1517949462","0.5"
"2895460099","2962703433","26.3333"
"2962703433","2895460099","26.3333"
"1527553591","1940711725","1.90321"
"1940711725","1527553591","1.90321"
"1527553591","2080781552","0.503968"
"2080781552","1527553591","0.503968"
"1527553591","2170920217","4.39369"
"2170920217","1527553591","4.39369"
"1561387739","1940711725","0.928211"
"1940711725","1561387739","0.928211"
"1561387739","2080781552","0.236111"
"2080781552","1561387739","0.236111"
"1561387739","2170920217","1.94369"
"2170920217","1561387739","1.94369"
"1940711725","1997389706","1.57424"
"1997389706","1940711725","1.57424"
"1940711725","2037786632","2.1671"
"2037786632","1940711725","2.1671"
"1940711725","2170920217","0.735354"
"2170920217","1940711725","0.735354"
"1940711725","2276761883","2.15321"
"2276761883","1940711725","2.15321"
"1940711725","2534610146","1.06905"
"2534610146","1940711725","1.06905"
"1997389706","2080781552","0.111111"
"2080781552","1997389706","0.111111"
"1997389706","2170920217","0.424242"
"2170920217","1997389706","0.424242"
"2037786632","2080781552","0.111111"
"2080781552","2037786632","0.111111"
"2037786632","2170920217","0.624242"
"2170920217","2037786632","0.624242"
"2080781552","2170920217","0.236111"
"2170920217","2080781552","0.236111"
"2080781552","2276761883","0.503968"
"2276761883","2080781552","0.503968"
"2080781552","2534610146","2.07897"
"2534610146","2080781552","2.07897"
"2170920217","2276761883","3.89369"
"2276761883","2170920217","3.89369"
"2170920217","2310869849","1.44369"
"2310869849","2170920217","1.44369"
"2170920217","2534610146","0.458333"
"2534610146","2170920217","0.458333"
"1527553591","2040977706","0.7"
"2040977706","1527553591","0.7"
"1527553591","2110866105","0.7"
"2110866105","1527553591","0.7"
"1561387739","2040977706","0.2"
"2040977706","1561387739","0.2"
"1561387739","2110866105","1.2"
"2110866105","1561387739","1.2"
"2040977706","2110866105","3.17619"
"2110866105","2040977706","3.17619"
"2040977706","2170920217","0.2"
"2170920217","2040977706","0.2"
"2040977706","2276761883","0.2"
"2276761883","2040977706","0.2"
"2110866105","2170920217","0.2"
"2170920217","2110866105","0.2"
"2110866105","2276761883","0.2"
"2276761883","2110866105","0.2"
"1527553591","36927914","5.33333"
"36927914","1527553591","5.33333"
"2170920217","36927914","2.58333"
"36927914","2170920217","2.58333"
"2276761883","36927914","6.33333"
"36927914","2276761883","6.33333"
"2162720432","2170920217","0.805556"
"2170920217","2162720432","0.805556"
"1940711725","2888830098","0.940079"
"2888830098","1940711725","0.940079"
"2170920217","2888830098","0.347222"
"2888830098","2170920217","0.347222"
"1527553591","1988277459","0.142857"
"1988277459","1527553591","0.142857"
"1527553591","2295055582","0.392857"
"2295055582","1527553591","0.392857"
"1940711725","1988277459","0.142857"
"1988277459","1940711725","0.142857"
"1940711725","2162720432","2.75794"
"2162720432","1940711725","2.75794"
"1988277459","2080781552","0.142857"
"2080781552","1988277459","0.142857"
"1988277459","2162720432","0.142857"
"2162720432","1988277459","0.142857"
"1988277459","2276761883","0.142857"
"2276761883","1988277459","0.142857"
"1988277459","2295055582","0.142857"
"2295055582","1988277459","0.142857"
"1988277459","2534610146","0.142857"
"2534610146","1988277459","0.142857"
"2080781552","2162720432","0.142857"
"2162720432","2080781552","0.142857"
"2162720432","2295055582","0.142857"
"2295055582","2162720432","0.142857"
"2276761883","2295055582","0.392857"
"2295055582","2276761883","0.392857"
"2295055582","2534610146","0.467857"
"2534610146","2295055582","0.467857"
"2162720432","36927914","0.5"
"36927914","2162720432","0.5"
"1527553591","1555227072","0.590909"
"1555227072","1527553591","0.590909"
"1527553591","2109781862","0.0909091"
"2109781862","1527553591","0.0909091"
"1527553591","2111794592","0.0909091"
"2111794592","1527553591","0.0909091"
"1527553591","2751114427","0.0909091"
"2751114427","1527553591","0.0909091"
"1555227072","1561387739","0.840909"
"1561387739","1555227072","0.840909"
"1555227072","1940711725","1.09091"
"1940711725","1555227072","1.09091"
"1555227072","1997389706","0.840909"
"1997389706","1555227072","0.840909"
"1555227072","2037786632","0.590909"
"2037786632","1555227072","0.590909"
"1555227072","2109781862","0.0909091"
"2109781862","1555227072","0.0909091"
"1555227072","2111794592","0.0909091"
"2111794592","1555227072","0.0909091"
"1555227072","2170920217","0.0909091"
"2170920217","1555227072","0.0909091"
"1555227072","2276761883","0.590909"
"2276761883","1555227072","0.590909"
"1555227072","2310869849","0.340909"
"2310869849","1555227072","0.340909"
"1555227072","2751114427","0.0909091"
"2751114427","1555227072","0.0909091"
"1561387739","2109781862","0.0909091"
"2109781862","1561387739","0.0909091"
"1561387739","2111794592","0.0909091"
"2111794592","1561387739","0.0909091"
"1561387739","2751114427","0.0909091"
"2751114427","1561387739","0.0909091"
"1940711725","2109781862","0.0909091"
"2109781862","1940711725","0.0909091"
"1940711725","2111794592","0.0909091"
"2111794592","1940711725","0.0909091"
"1940711725","2751114427","0.0909091"
"2751114427","1940711725","0.0909091"
"1997389706","2109781862","0.424242"
"2109781862","1997389706","0.424242"
"1997389706","2111794592","0.424242"
"2111794592","1997389706","0.424242"
"1997389706","2751114427","0.590909"
"2751114427","1997389706","0.590909"
"2037786632","2109781862","0.424242"
"2109781862","2037786632","0.424242"
"2037786632","2111794592","0.424242"
"2111794592","2037786632","0.424242"
"2037786632","2751114427","0.590909"
"2751114427","2037786632","0.590909"
"2109781862","2111794592","0.424242"
"2111794592","2109781862","0.424242"
"2109781862","2170920217","0.0909091"
"2170920217","2109781862","0.0909091"
"2109781862","2276761883","0.0909091"
"2276761883","2109781862","0.0909091"
"2109781862","2310869849","0.0909091"
"2310869849","2109781862","0.0909091"
"2109781862","2751114427","1.09091"
"2751114427","2109781862","1.09091"
"2111794592","2170920217","0.0909091"
"2170920217","2111794592","0.0909091"
"2111794592","2276761883","0.0909091"
"2276761883","2111794592","0.0909091"
"2111794592","2310869849","0.0909091"
"2310869849","2111794592","0.0909091"
"2111794592","2751114427","1.09091"
"2751114427","2111794592","1.09091"
"2170920217","2751114427","0.0909091"
"2751114427","2170920217","0.0909091"
"2276761883","2751114427","0.0909091"
"2751114427","2276761883","0.0909091"
"2310869849","2751114427","0.0909091"
"2751114427","2310869849","0.0909091"
"1561387739","2295055582","0.125"
"2295055582","1561387739","0.125"
"2080781552","2888830098","1.45"
"2888830098","2080781552","1.45"
"2170920217","2295055582","0.125"
"2295055582","2170920217","0.125"
"2295055582","2888830098","0.45"
"2888830098","2295055582","0.45"
"1527553591","1980694458","0.347222"
"1980694458","1527553591","0.347222"
"1561387739","1980694458","0.365079"
"1980694458","1561387739","0.365079"
"1980694458","2162720432","1.53175"
"2162720432","1980694458","1.53175"
"1980694458","2170920217","0.222222"
"2170920217","1980694458","0.222222"
"1980694458","2276761883","0.347222"
"2276761883","1980694458","0.347222"
"1980694458","2534610146","0.503968"
"2534610146","1980694458","0.503968"
"1980694458","2888830098","0.628968"
"2888830098","1980694458","0.628968"
"1527553591","2054652127","0.625"
"2054652127","1527553591","0.625"
"1555227072","2054652127","0.5"
"2054652127","1555227072","0.5"
"1940711725","2054652127","5.65833"
"2054652127","1940711725","5.65833"
"2054652127","2276761883","0.625"
"2276761883","2054652127","0.625"
"1980694458","1997389706","0.361111"
"1997389706","1980694458","0.361111"
"1980694458","2037786632","0.503968"
"2037786632","1980694458","0.503968"
"1980694458","2054652127","2.125"
"2054652127","1980694458","2.125"
"2054652127","2080781552","0.325"
"2080781552","2054652127","0.325"
"2054652127","2295055582","1.325"
"2295055582","2054652127","1.325"
"2054652127","2310869849","2.45833"
"2310869849","2054652127","2.45833"
"2054652127","2888830098","0.325"
"2888830098","2054652127","0.325"
"2310869849","36927914","0.25"
"36927914","2310869849","0.25"
"1527553591","2167330065","1"
"2167330065","1527553591","1"
"1555227072","2080781552","1"
"2080781552","1555227072","1"
"1555227072","2162720432","0.25"
"2162720432","1555227072","0.25"
"1676940139","182375779","1.59286"
"182375779","1676940139","1.59286"
"1676940139","2031965919","4.42619"
"2031965919","1676940139","4.42619"
"1676940139","2109781862","1.50952"
"2109781862","1676940139","1.50952"
"1676940139","2154022444","2.25952"
"2154022444","1676940139","2.25952"
"1676940139","2164055093","2.00952"
"2164055093","1676940139","2.00952"
"182375779","2031965919","14.2595"
"2031965919","182375779","14.2595"
"182375779","2109781862","1.25952"
"2109781862","182375779","1.25952"
"182375779","2154022444","5.00952"
"2154022444","182375779","5.00952"
"182375779","2164055093","1.17619"
"2164055093","182375779","1.17619"
"2031965919","2109781862","2.25952"
"2109781862","2031965919","2.25952"
"2031965919","2154022444","7.34286"
"2154022444","2031965919","7.34286"
"2031965919","2164055093","1.50952"
"2164055093","2031965919","1.50952"
"2109781862","2154022444","0.592857"
"2154022444","2109781862","0.592857"
"2109781862","2164055093","4.17619"
"2164055093","2109781862","4.17619"
"2154022444","2164055093","1.59286"
"2164055093","2154022444","1.59286"
"1676940139","36927914","0.833333"
"36927914","1676940139","0.833333"
"2031965919","36927914","1.16667"
"36927914","2031965919","1.16667"
"1676940139","2114639597","0.333333"
"2114639597","1676940139","0.333333"
"2114639597","2154022444","0.583333"
"2154022444","2114639597","0.583333"
"2114639597","2164055093","3.58333"
"2164055093","2114639597","3.58333"
"1676940139","2751114427","1"
"2751114427","1676940139","1"
"182375779","36927914","0.666667"
"36927914","182375779","0.666667"
"1676940139","2040977706","0.392857"
"2040977706","1676940139","0.392857"
"1676940139","2057887498","0.25"
"2057887498","1676940139","0.25"
"1676940139","2110866105","0.392857"
"2110866105","1676940139","0.392857"
"2040977706","2057887498","0.583333"
"2057887498","2040977706","0.583333"
"2040977706","2109781862","0.892857"
"2109781862","2040977706","0.892857"
"2057887498","2109781862","1.58333"
"2109781862","2057887498","1.58333"
"2057887498","2110866105","0.583333"
"2110866105","2057887498","0.583333"
"2109781862","2110866105","0.892857"
"2110866105","2109781862","0.892857"
"182375779","2040977706","0.392857"
"2040977706","182375779","0.392857"
"182375779","2110866105","0.392857"
"2110866105","182375779","0.392857"
"2031965919","2040977706","0.392857"
"2040977706","2031965919","0.392857"
"2031965919","2110866105","0.392857"
"2110866105","2031965919","0.392857"
"2040977706","2154022444","0.142857"
"2154022444","2040977706","0.142857"
"2040977706","2164055093","0.72619"
"2164055093","2040977706","0.72619"
"2110866105","2154022444","0.142857"
"2154022444","2110866105","0.142857"
"2110866105","2164055093","0.72619"
"2164055093","2110866105","0.72619"
"182375779","2114639597","0.25"
"2114639597","182375779","0.25"
"2031965919","2114639597","0.25"
"2114639597","2031965919","0.25"
"2154022444","36927914","0.333333"
"36927914","2154022444","0.333333"
"2054652127","2534610146","0.2"
"2534610146","2054652127","0.2"
"2054652127","2162720432","0.833333"
"2162720432","2054652127","0.833333"
"1997389706","2164055093","0.5"
"2164055093","1997389706","0.5"
"2037786632","2164055093","0.5"
"2164055093","2037786632","0.5"
"2000387233","2142995156","2"
"2142995156","2000387233","2"
"2000387233","2978956219","1"
"2978956219","2000387233","1"
"2031965919","2895460099","0.333333"
"2895460099","2031965919","0.333333"
"2031965919","2962703433","0.333333"
"2962703433","2031965919","0.333333"
"2031965919","2978956219","0.333333"
"2978956219","2031965919","0.333333"
"2895460099","2978956219","6.16667"
"2978956219","2895460099","6.16667"
"2962703433","2978956219","6.16667"
"2978956219","2962703433","6.16667"
"2038424968","2753863426","1"
"2753863426","2038424968","1"
"2038424968","36927914","2"
"36927914","2038424968","2"
"2753863426","36927914","1"
"36927914","2753863426","1"
"2057887498","2164055093","4"
"2164055093","2057887498","4"
"2057887498","2114639597","1.5"
"2114639597","2057887498","1.5"
"2057887498","2142995156","2.33333"
"2142995156","2057887498","2.33333"
"2057887498","2895460099","0.333333"
"2895460099","2057887498","0.333333"
"2057887498","2962703433","0.333333"
"2962703433","2057887498","0.333333"
"2164055093","2895460099","0.666667"
"2895460099","2164055093","0.666667"
"2164055093","2962703433","0.666667"
"2962703433","2164055093","0.666667"
"2109781862","2142995156","1.33333"
"2142995156","2109781862","1.33333"
"2142995156","2164055093","0.333333"
"2164055093","2142995156","0.333333"
"2057887498","2751114427","0.5"
"2751114427","2057887498","0.5"
"2164055093","2751114427","0.833333"
"2751114427","2164055093","0.833333"
"2059001009","2167330065","21"
"2167330065","2059001009","21"
"2059001009","2753863426","1"
"2753863426","2059001009","1"
"2108405629","2118124152","14"
"2118124152","2108405629","14"
"2109781862","2114639597","0.5"
"2114639597","2109781862","0.5"
"2111794592","2142995156","1"
"2142995156","2111794592","1"
"2142995156","2751114427","2"
"2751114427","2142995156","2"
"2751114427","2895460099","7.16667"
"2895460099","2751114427","7.16667"
"2751114427","2962703433","7.16667"
"2962703433","2751114427","7.16667"
"2164055093","2978956219","1"
"2978956219","2164055093","1"
"2751114427","2978956219","1.33333"
"2978956219","2751114427","1.33333"
"2753863426","2895460099","0.5"
"2895460099","2753863426","0.5"
"2753863426","2962703433","0.5"
"2962703433","2753863426","0.5"
