"1246105399","1913327415","3.36111"
"1913327415","1246105399","3.36111"
"1246105399","1548248652","0.497619"
"1548248652","1246105399","0.497619"
"1246105399","1742473555","0.247619"
"1742473555","1246105399","0.247619"
"1246105399","2138230193","2.28333"
"2138230193","1246105399","2.28333"
"1246105399","2160838772","0.95"
"2160838772","1246105399","0.95"
"1246105399","82325710","1.72778"
"82325710","1246105399","1.72778"
"1548248652","1742473555","4.53095"
"1742473555","1548248652","4.53095"
"1548248652","2138230193","0.45"
"2138230193","1548248652","0.45"
"1548248652","2160838772","6.45"
"2160838772","1548248652","6.45"
"1548248652","82325710","0.45"
"82325710","1548248652","0.45"
"1742473555","2138230193","0.325"
"2138230193","1742473555","0.325"
"1742473555","2160838772","2.15833"
"2160838772","1742473555","2.15833"
"1742473555","82325710","0.2"
"82325710","1742473555","0.2"
"2138230193","2160838772","3.74167"
"2160838772","2138230193","3.74167"
"2138230193","82325710","0.95"
"82325710","2138230193","0.95"
"2160838772","82325710","0.616667"
"82325710","2160838772","0.616667"
"1246105399","1710991894","1.86111"
"1710991894","1246105399","1.86111"
"1710991894","2138230193","2.58333"
"2138230193","1710991894","2.58333"
"1710991894","2160838772","1.08333"
"2160838772","1710991894","1.08333"
"1246105399","2947658683","1"
"2947658683","1246105399","1"
"1246105399","2296214178","0.547619"
"2296214178","1246105399","0.547619"
"1246105399","2379202430","3.08095"
"2379202430","1246105399","3.08095"
"2296214178","2379202430","1.54762"
"2379202430","2296214178","1.54762"
"1246105399","1776976194","1"
"1776976194","1246105399","1"
"1246105399","1492670167","0.297619"
"1492670167","1246105399","0.297619"
"1246105399","1533736547","0.15873"
"1533736547","1246105399","0.15873"
"1246105399","1751955076","0.047619"
"1751955076","1246105399","0.047619"
"1246105399","1862604959","0.047619"
"1862604959","1246105399","0.047619"
"1246105399","2066606468","0.047619"
"2066606468","1246105399","0.047619"
"1246105399","2094618313","0.047619"
"2094618313","1246105399","0.047619"
"1246105399","2099180072","0.047619"
"2099180072","1246105399","0.047619"
"1246105399","2104283247","0.15873"
"2104283247","1246105399","0.15873"
"1246105399","2104956287","0.297619"
"2104956287","1246105399","0.297619"
"1246105399","2112739182","0.047619"
"2112739182","1246105399","0.047619"
"1246105399","2171800211","0.047619"
"2171800211","1246105399","0.047619"
"1246105399","2338279389","0.047619"
"2338279389","1246105399","0.047619"
"1246105399","2400291436","0.047619"
"2400291436","1246105399","0.047619"
"1246105399","2552544708","0.047619"
"2552544708","1246105399","0.047619"
"1246105399","2950784951","0.380952"
"2950784951","1246105399","0.380952"
"1246105399","53588593","0.297619"
"53588593","1246105399","0.297619"
"1246105399","8531324","0.047619"
"8531324","1246105399","0.047619"
"1492670167","1533736547","3.65714"
"1533736547","1492670167","3.65714"
"1492670167","1548248652","0.047619"
"1548248652","1492670167","0.047619"
"1492670167","1742473555","0.047619"
"1742473555","1492670167","0.047619"
"1492670167","1751955076","1.98095"
"1751955076","1492670167","1.98095"
"1492670167","1862604959","0.097619"
"1862604959","1492670167","0.097619"
"1492670167","2066606468","0.047619"
"2066606468","1492670167","0.047619"
"1492670167","2094618313","0.297619"
"2094618313","1492670167","0.297619"
"1492670167","2099180072","0.047619"
"2099180072","1492670167","0.047619"
"1492670167","2104283247","0.214286"
"2104283247","1492670167","0.214286"
"1492670167","2104956287","0.417399"
"2104956287","1492670167","0.417399"
"1492670167","2112739182","0.441209"
"2112739182","1492670167","0.441209"
"1492670167","2171800211","0.441209"
"2171800211","1492670167","0.441209"
"1492670167","2296214178","0.047619"
"2296214178","1492670167","0.047619"
"1492670167","2338279389","0.097619"
"2338279389","1492670167","0.097619"
"1492670167","2379202430","0.264286"
"2379202430","1492670167","0.264286"
"1492670167","2400291436","0.097619"
"2400291436","1492670167","0.097619"
"1492670167","2552544708","0.274542"
"2552544708","1492670167","0.274542"
"1492670167","2950784951","0.214286"
"2950784951","1492670167","0.214286"
"1492670167","53588593","0.047619"
"53588593","1492670167","0.047619"
"1492670167","8531324","4.15714"
"8531324","1492670167","4.15714"
"1533736547","1548248652","0.047619"
"1548248652","1533736547","0.047619"
"1533736547","1742473555","0.047619"
"1742473555","1533736547","0.047619"
"1533736547","1751955076","5.48095"
"1751955076","1533736547","5.48095"
"1533736547","1862604959","0.097619"
"1862604959","1533736547","0.097619"
"1533736547","2066606468","0.047619"
"2066606468","1533736547","0.047619"
"1533736547","2094618313","0.047619"
"2094618313","1533736547","0.047619"
"1533736547","2099180072","0.047619"
"2099180072","1533736547","0.047619"
"1533736547","2104283247","0.15873"
"2104283247","1533736547","0.15873"
"1533736547","2104956287","0.57381"
"2104956287","1533736547","0.57381"
"1533736547","2112739182","0.097619"
"2112739182","1533736547","0.097619"
"1533736547","2171800211","0.097619"
"2171800211","1533736547","0.097619"
"1533736547","2296214178","0.047619"
"2296214178","1533736547","0.047619"
"1533736547","2338279389","0.097619"
"2338279389","1533736547","0.097619"
"1533736547","2379202430","0.097619"
"2379202430","1533736547","0.097619"
"1533736547","2400291436","0.097619"
"2400291436","1533736547","0.097619"
"1533736547","2552544708","0.097619"
"2552544708","1533736547","0.097619"
"1533736547","2950784951","0.047619"
"2950784951","1533736547","0.047619"
"1533736547","53588593","0.380952"
"53588593","1533736547","0.380952"
"1533736547","8531324","3.65714"
"8531324","1533736547","3.65714"
"1548248652","1751955076","0.047619"
"1751955076","1548248652","0.047619"
"1548248652","1862604959","0.178571"
"1862604959","1548248652","0.178571"
"1548248652","2066606468","5.9619"
"2066606468","1548248652","5.9619"
"1548248652","2094618313","0.047619"
"2094618313","1548248652","0.047619"
"1548248652","2099180072","5.12857"
"2099180072","1548248652","5.12857"
"1548248652","2104283247","0.047619"
"2104283247","1548248652","0.047619"
"1548248652","2104956287","0.247619"
"2104956287","1548248652","0.247619"
"1548248652","2112739182","0.130952"
"2112739182","1548248652","0.130952"
"1548248652","2171800211","0.130952"
"2171800211","1548248652","0.130952"
"1548248652","2296214178","0.047619"
"2296214178","1548248652","0.047619"
"1548248652","2338279389","0.178571"
"2338279389","1548248652","0.178571"
"1548248652","2379202430","0.178571"
"2379202430","1548248652","0.178571"
"1548248652","2400291436","0.0952381"
"2400291436","1548248652","0.0952381"
"1548248652","2552544708","0.247619"
"2552544708","1548248652","0.247619"
"1548248652","2950784951","0.047619"
"2950784951","1548248652","0.047619"
"1548248652","53588593","0.178571"
"53588593","1548248652","0.178571"
"1548248652","8531324","0.295238"
"8531324","1548248652","0.295238"
"1742473555","1751955076","0.047619"
"1751955076","1742473555","0.047619"
"1742473555","1862604959","0.172619"
"1862604959","1742473555","0.172619"
"1742473555","2066606468","3.83095"
"2066606468","1742473555","3.83095"
"1742473555","2094618313","0.047619"
"2094618313","1742473555","0.047619"
"1742473555","2099180072","2.49762"
"2099180072","1742473555","2.49762"
"1742473555","2104283247","0.047619"
"2104283247","1742473555","0.047619"
"1742473555","2104956287","0.247619"
"2104956287","1742473555","0.247619"
"1742473555","2112739182","0.047619"
"2112739182","1742473555","0.047619"
"1742473555","2171800211","0.047619"
"2171800211","1742473555","0.047619"
"1742473555","2296214178","0.047619"
"2296214178","1742473555","0.047619"
"1742473555","2338279389","0.172619"
"2338279389","1742473555","0.172619"
"1742473555","2379202430","0.172619"
"2379202430","1742473555","0.172619"
"1742473555","2400291436","0.172619"
"2400291436","1742473555","0.172619"
"1742473555","2552544708","0.247619"
"2552544708","1742473555","0.247619"
"1742473555","2950784951","0.047619"
"2950784951","1742473555","0.047619"
"1742473555","53588593","0.047619"
"53588593","1742473555","0.047619"
"1742473555","8531324","0.047619"
"8531324","1742473555","0.047619"
"1751955076","1862604959","0.114286"
"1862604959","1751955076","0.114286"
"1751955076","2066606468","0.047619"
"2066606468","1751955076","0.047619"
"1751955076","2094618313","0.047619"
"2094618313","1751955076","0.047619"
"1751955076","2099180072","0.047619"
"2099180072","1751955076","0.047619"
"1751955076","2104283247","0.047619"
"2104283247","1751955076","0.047619"
"1751955076","2104956287","0.114286"
"2104956287","1751955076","0.114286"
"1751955076","2112739182","0.114286"
"2112739182","1751955076","0.114286"
"1751955076","2171800211","0.114286"
"2171800211","1751955076","0.114286"
"1751955076","2296214178","0.047619"
"2296214178","1751955076","0.047619"
"1751955076","2338279389","0.114286"
"2338279389","1751955076","0.114286"
"1751955076","2379202430","1.11429"
"2379202430","1751955076","1.11429"
"1751955076","2400291436","0.114286"
"2400291436","1751955076","0.114286"
"1751955076","2552544708","0.114286"
"2552544708","1751955076","0.114286"
"1751955076","2950784951","0.114286"
"2950784951","1751955076","0.114286"
"1751955076","53588593","0.114286"
"53588593","1751955076","0.114286"
"1751955076","8531324","2.73095"
"8531324","1751955076","2.73095"
"1862604959","2066606468","0.178571"
"2066606468","1862604959","0.178571"
"1862604959","2094618313","0.247619"
"2094618313","1862604959","0.247619"
"1862604959","2099180072","0.178571"
"2099180072","1862604959","0.178571"
"1862604959","2104283247","0.106443"
"2104283247","1862604959","0.106443"
"1862604959","2104956287","1.36717"
"2104956287","1862604959","1.36717"
"1862604959","2112739182","1.85887"
"2112739182","1862604959","1.85887"
"1862604959","2171800211","1.85887"
"2171800211","1862604959","1.85887"
"1862604959","2296214178","0.047619"
"2296214178","1862604959","0.047619"
"1862604959","2338279389","5.46958"
"2338279389","1862604959","5.46958"
"1862604959","2379202430","8.43744"
"2379202430","1862604959","8.43744"
"1862604959","2400291436","3.79101"
"2400291436","1862604959","3.79101"
"1862604959","2552544708","1.36717"
"2552544708","1862604959","1.36717"
"1862604959","2950784951","3.37871"
"2950784951","1862604959","3.37871"
"1862604959","53588593","3.98744"
"53588593","1862604959","3.98744"
"1862604959","8531324","0.216667"
"8531324","1862604959","0.216667"
"2066606468","2094618313","0.047619"
"2094618313","2066606468","0.047619"
"2066606468","2099180072","9.99716"
"2099180072","2066606468","9.99716"
"2066606468","2104283247","0.047619"
"2104283247","2066606468","0.047619"
"2066606468","2104956287","0.247619"
"2104956287","2066606468","0.247619"
"2066606468","2112739182","0.130952"
"2112739182","2066606468","0.130952"
"2066606468","2171800211","0.130952"
"2171800211","2066606468","0.130952"
"2066606468","2296214178","0.047619"
"2296214178","2066606468","0.047619"
"2066606468","2338279389","0.178571"
"2338279389","2066606468","0.178571"
"2066606468","2379202430","0.255495"
"2379202430","2066606468","0.255495"
"2066606468","2400291436","0.172161"
"2400291436","2066606468","0.172161"
"2066606468","2552544708","0.247619"
"2552544708","2066606468","0.247619"
"2066606468","2950784951","0.124542"
"2950784951","2066606468","0.124542"
"2066606468","53588593","0.178571"
"53588593","2066606468","0.178571"
"2066606468","8531324","0.0952381"
"8531324","2066606468","0.0952381"
"2094618313","2099180072","0.047619"
"2099180072","2094618313","0.047619"
"2094618313","2104283247","4.27454"
"2104283247","2094618313","4.27454"
"2094618313","2104956287","0.124542"
"2104956287","2094618313","0.124542"
"2094618313","2112739182","0.124542"
"2112739182","2094618313","0.124542"
"2094618313","2171800211","0.124542"
"2171800211","2094618313","0.124542"
"2094618313","2296214178","0.414286"
"2296214178","2094618313","0.414286"
"2094618313","2338279389","0.047619"
"2338279389","2094618313","0.047619"
"2094618313","2379202430","0.574542"
"2379202430","2094618313","0.574542"
"2094618313","2400291436","0.124542"
"2400291436","2094618313","0.124542"
"2094618313","2552544708","0.124542"
"2552544708","2094618313","0.124542"
"2094618313","2950784951","0.574542"
"2950784951","2094618313","0.574542"
"2094618313","53588593","0.124542"
"53588593","2094618313","0.124542"
"2094618313","8531324","0.047619"
"8531324","2094618313","0.047619"
"2099180072","2104283247","0.047619"
"2104283247","2099180072","0.047619"
"2099180072","2104956287","0.247619"
"2104956287","2099180072","0.247619"
"2099180072","2112739182","0.130952"
"2112739182","2099180072","0.130952"
"2099180072","2171800211","0.130952"
"2171800211","2099180072","0.130952"
"2099180072","2296214178","0.047619"
"2296214178","2099180072","0.047619"
"2099180072","2338279389","0.178571"
"2338279389","2099180072","0.178571"
"2099180072","2379202430","0.255495"
"2379202430","2099180072","0.255495"
"2099180072","2400291436","0.172161"
"2400291436","2099180072","0.172161"
"2099180072","2552544708","0.247619"
"2552544708","2099180072","0.247619"
"2099180072","2950784951","0.124542"
"2950784951","2099180072","0.124542"
"2099180072","53588593","0.178571"
"53588593","2099180072","0.178571"
"2099180072","8531324","0.0952381"
"8531324","2099180072","0.0952381"
"2104283247","2104956287","0.183366"
"2104956287","2104283247","0.183366"
"2104283247","2112739182","0.350032"
"2112739182","2104283247","0.350032"
"2104283247","2171800211","0.350032"
"2171800211","2104283247","0.350032"
"2104283247","2296214178","0.414286"
"2296214178","2104283247","0.414286"
"2104283247","2338279389","0.106443"
"2338279389","2104283247","0.106443"
"2104283247","2379202430","0.600032"
"2379202430","2104283247","0.600032"
"2104283247","2400291436","0.183366"
"2400291436","2104283247","0.183366"
"2104283247","2552544708","0.183366"
"2552544708","2104283247","0.183366"
"2104283247","2950784951","0.600032"
"2950784951","2104283247","0.600032"
"2104283247","53588593","0.183366"
"53588593","2104283247","0.183366"
"2104283247","8531324","0.047619"
"8531324","2104283247","0.047619"
"2104956287","2112739182","2.25151"
"2112739182","2104956287","2.25151"
"2104956287","2171800211","2.36262"
"2171800211","2104956287","2.36262"
"2104956287","2296214178","0.047619"
"2296214178","2104956287","0.047619"
"2104956287","2338279389","1.24217"
"2338279389","2104956287","1.24217"
"2104956287","2379202430","2.9349"
"2379202430","2104956287","2.9349"
"2104956287","2400291436","1.53292"
"2400291436","2104956287","1.53292"
"2104956287","2552544708","9.91738"
"2552544708","2104956287","9.91738"
"2104956287","2950784951","1.34324"
"2950784951","2104956287","1.34324"
"2104956287","53588593","2.67657"
"53588593","2104956287","2.67657"
"2104956287","8531324","0.645238"
"8531324","2104956287","0.645238"
"2112739182","2171800211","3.54242"
"2171800211","2112739182","3.54242"
"2112739182","2296214178","0.047619"
"2296214178","2112739182","0.047619"
"2112739182","2338279389","2.23387"
"2338279389","2112739182","2.23387"
"2112739182","2379202430","2.87661"
"2379202430","2112739182","2.87661"
"2112739182","2400291436","2.26272"
"2400291436","2112739182","2.26272"
"2112739182","2552544708","2.75151"
"2552544708","2112739182","2.75151"
"2112739182","2950784951","2.20161"
"2950784951","2112739182","2.20161"
"2112739182","53588593","2.22938"
"53588593","2112739182","2.22938"
"2112739182","8531324","0.097619"
"8531324","2112739182","0.097619"
"2171800211","2296214178","0.047619"
"2296214178","2171800211","0.047619"
"2171800211","2338279389","1.73387"
"2338279389","2171800211","1.73387"
"2171800211","2379202430","2.87661"
"2379202430","2171800211","2.87661"
"2171800211","2400291436","2.26272"
"2400291436","2171800211","2.26272"
"2171800211","2552544708","2.36262"
"2552544708","2171800211","2.36262"
"2171800211","2950784951","2.20161"
"2950784951","2171800211","2.20161"
"2171800211","53588593","2.22938"
"53588593","2171800211","2.22938"
"2171800211","8531324","0.097619"
"8531324","2171800211","0.097619"
"2296214178","2338279389","0.047619"
"2338279389","2296214178","0.047619"
"2296214178","2400291436","0.047619"
"2400291436","2296214178","0.047619"
"2296214178","2552544708","0.047619"
"2552544708","2296214178","0.047619"
"2296214178","2950784951","1.04762"
"2950784951","2296214178","1.04762"
"2296214178","53588593","0.047619"
"53588593","2296214178","0.047619"
"2296214178","8531324","0.047619"
"8531324","2296214178","0.047619"
"2338279389","2379202430","4.45292"
"2379202430","2338279389","4.45292"
"2338279389","2400291436","3.39816"
"2400291436","2338279389","3.39816"
"2338279389","2552544708","1.74217"
"2552544708","2338279389","1.74217"
"2338279389","2950784951","2.21919"
"2950784951","2338279389","2.21919"
"2338279389","53588593","3.52792"
"53588593","2338279389","3.52792"
"2338279389","8531324","0.216667"
"8531324","2338279389","0.216667"
"2379202430","2400291436","15.1023"
"2400291436","2379202430","15.1023"
"2379202430","2552544708","2.9349"
"2552544708","2379202430","2.9349"
"2379202430","2950784951","26.6662"
"2950784951","2379202430","26.6662"
"2379202430","53588593","8.02184"
"53588593","2379202430","8.02184"
"2379202430","8531324","0.883333"
"8531324","2379202430","0.883333"
"2400291436","2552544708","1.53292"
"2552544708","2400291436","1.53292"
"2400291436","2950784951","5.20194"
"2950784951","2400291436","5.20194"
"2400291436","53588593","4.43375"
"53588593","2400291436","4.43375"
"2400291436","8531324","0.145238"
"8531324","2400291436","0.145238"
"2552544708","2950784951","1.34324"
"2950784951","2552544708","1.34324"
"2552544708","53588593","1.84324"
"53588593","2552544708","1.84324"
"2552544708","8531324","0.169048"
"8531324","2552544708","0.169048"
"2950784951","53588593","4.54089"
"53588593","2950784951","4.54089"
"2950784951","8531324","0.785714"
"8531324","2950784951","0.785714"
"53588593","8531324","0.166667"
"8531324","53588593","0.166667"
"1246105399","2020270463","0.5"
"2020270463","1246105399","0.5"
"1246105399","2398457347","1.83333"
"2398457347","1246105399","1.83333"
"2020270463","2398457347","0.5"
"2398457347","2020270463","0.5"
"1246105399","1583594557","0.2"
"1583594557","1246105399","0.2"
"1246105399","2090161517","0.2"
"2090161517","1246105399","0.2"
"1246105399","2100860047","0.2"
"2100860047","1246105399","0.2"
"1246105399","2997028935","0.2"
"2997028935","1246105399","0.2"
"1583594557","2090161517","3.60092"
"2090161517","1583594557","3.60092"
"1583594557","2100860047","0.2"
"2100860047","1583594557","0.2"
"1583594557","2379202430","0.856479"
"2379202430","1583594557","0.856479"
"1583594557","2997028935","0.2"
"2997028935","1583594557","0.2"
"2090161517","2100860047","0.4"
"2100860047","2090161517","0.4"
"2090161517","2379202430","3.29808"
"2379202430","2090161517","3.29808"
"2090161517","2997028935","0.2"
"2997028935","2090161517","0.2"
"2100860047","2379202430","2.60833"
"2379202430","2100860047","2.60833"
"2100860047","2997028935","0.2"
"2997028935","2100860047","0.2"
"2379202430","2997028935","0.266667"
"2997028935","2379202430","0.266667"
"1246105399","2030129876","0.5"
"2030129876","1246105399","0.5"
"2030129876","2398457347","0.5"
"2398457347","2030129876","0.5"
"2379202430","2398457347","0.333333"
"2398457347","2379202430","0.333333"
"2398457347","2950784951","0.333333"
"2950784951","2398457347","0.333333"
"1710991894","82325710","2.89444"
"82325710","1710991894","2.89444"
"1710991894","1913327415","0.361111"
"1913327415","1710991894","0.361111"
"1913327415","2138230193","0.25"
"2138230193","1913327415","0.25"
"1913327415","82325710","1.19444"
"82325710","1913327415","1.19444"
"1246105399","1923836303","1.25"
"1923836303","1246105399","1.25"
"1246105399","138104976","0.777778"
"138104976","1246105399","0.777778"
"1246105399","1525757705","0.277778"
"1525757705","1246105399","0.277778"
"1246105399","1696444595","0.277778"
"1696444595","1246105399","0.277778"
"138104976","1525757705","0.611111"
"1525757705","138104976","0.611111"
"138104976","1696444595","1.27778"
"1696444595","138104976","1.27778"
"138104976","1710991894","0.611111"
"1710991894","138104976","0.611111"
"138104976","2160838772","0.166667"
"2160838772","138104976","0.166667"
"138104976","82325710","0.944444"
"82325710","138104976","0.944444"
"1525757705","1696444595","11.6111"
"1696444595","1525757705","11.6111"
"1525757705","1710991894","0.277778"
"1710991894","1525757705","0.277778"
"1525757705","2160838772","0.166667"
"2160838772","1525757705","0.166667"
"1525757705","82325710","1.77778"
"82325710","1525757705","1.77778"
"1696444595","1710991894","0.277778"
"1710991894","1696444595","0.277778"
"1696444595","2160838772","0.166667"
"2160838772","1696444595","0.166667"
"1696444595","82325710","0.777778"
"82325710","1696444595","0.777778"
"1923836303","2104956287","2.48368"
"2104956287","1923836303","2.48368"
"1923836303","53588593","2.45437"
"53588593","1923836303","2.45437"
"1923836303","82325710","0.75"
"82325710","1923836303","0.75"
"2104956287","82325710","1.25"
"82325710","2104956287","1.25"
"53588593","82325710","0.25"
"82325710","53588593","0.25"
"1246105399","1509453470","0.25"
"1509453470","1246105399","0.25"
"1246105399","1745716700","0.361111"
"1745716700","1246105399","0.361111"
"1492670167","1509453470","4.69286"
"1509453470","1492670167","4.69286"
"1492670167","1745716700","0.85"
"1745716700","1492670167","0.85"
"1492670167","2138230193","0.35"
"2138230193","1492670167","0.35"
"1509453470","1745716700","1.08333"
"1745716700","1509453470","1.08333"
"1509453470","2138230193","0.25"
"2138230193","1509453470","0.25"
"1745716700","2138230193","0.85"
"2138230193","1745716700","0.85"
"1246105399","18272818","0.5"
"18272818","1246105399","0.5"
"138104976","18272818","2.40385"
"18272818","138104976","2.40385"
"1710991894","2398457347","0.5"
"2398457347","1710991894","0.5"
"138104976","1533736547","0.303968"
"1533736547","138104976","0.303968"
"138104976","1745716700","0.111111"
"1745716700","138104976","0.111111"
"138104976","1913327415","0.692064"
"1913327415","138104976","0.692064"
"138104976","2104283247","0.111111"
"2104283247","138104976","0.111111"
"1525757705","1533736547","0.111111"
"1533736547","1525757705","0.111111"
"1525757705","1745716700","0.694444"
"1745716700","1525757705","0.694444"
"1525757705","1913327415","0.111111"
"1913327415","1525757705","0.111111"
"1525757705","2104283247","0.111111"
"2104283247","1525757705","0.111111"
"1533736547","1696444595","0.111111"
"1696444595","1533736547","0.111111"
"1533736547","1710991894","0.311111"
"1710991894","1533736547","0.311111"
"1533736547","1745716700","0.111111"
"1745716700","1533736547","0.111111"
"1533736547","1913327415","0.111111"
"1913327415","1533736547","0.111111"
"1533736547","82325710","0.111111"
"82325710","1533736547","0.111111"
"1696444595","1745716700","1.61111"
"1745716700","1696444595","1.61111"
"1696444595","1913327415","0.111111"
"1913327415","1696444595","0.111111"
"1696444595","2104283247","0.111111"
"2104283247","1696444595","0.111111"
"1710991894","1745716700","1.94444"
"1745716700","1710991894","1.94444"
"1710991894","2104283247","1.89444"
"2104283247","1710991894","1.89444"
"1745716700","1913327415","1.11111"
"1913327415","1745716700","1.11111"
"1745716700","2104283247","1.27778"
"2104283247","1745716700","1.27778"
"1745716700","82325710","0.111111"
"82325710","1745716700","0.111111"
"1913327415","2104283247","0.111111"
"2104283247","1913327415","0.111111"
"2104283247","82325710","1.34444"
"82325710","2104283247","1.34444"
"138104976","1931780207","1.06099"
"1931780207","138104976","1.06099"
"138104976","1965409896","0.984066"
"1965409896","138104976","0.984066"
"1931780207","1965409896","10.2511"
"1965409896","1931780207","10.2511"
"138104976","1552194903","1.5467"
"1552194903","138104976","1.5467"
"138104976","2066606468","1.37454"
"2066606468","138104976","1.37454"
"138104976","2099180072","1.37454"
"2099180072","138104976","1.37454"
"138104976","1760198100","1.0174"
"1760198100","138104976","1.0174"
"138104976","2157171534","0.576923"
"2157171534","138104976","0.576923"
"138104976","2408258213","1.21978"
"2408258213","138104976","1.21978"
"138104976","2491413840","0.76978"
"2491413840","138104976","0.76978"
"1760198100","2157171534","1.20192"
"2157171534","1760198100","1.20192"
"1760198100","2408258213","3.59478"
"2408258213","1760198100","3.59478"
"1760198100","2491413840","1.51145"
"2491413840","1760198100","1.51145"
"2157171534","2408258213","2.30192"
"2408258213","2157171534","2.30192"
"2157171534","2491413840","1.36859"
"2491413840","2157171534","1.36859"
"2408258213","2491413840","2.51145"
"2491413840","2408258213","2.51145"
"1552194903","1760198100","1.71978"
"1760198100","1552194903","1.71978"
"1552194903","2066606468","1.32692"
"2066606468","1552194903","1.32692"
"1552194903","2099180072","1.32692"
"2099180072","1552194903","1.32692"
"1760198100","2066606468","0.916209"
"2066606468","1760198100","0.916209"
"1760198100","2099180072","0.916209"
"2099180072","1760198100","0.916209"
"1552194903","18272818","0.46337"
"18272818","1552194903","0.46337"
"1552194903","1931780207","0.46337"
"1931780207","1552194903","0.46337"
"1552194903","1965409896","0.21978"
"1965409896","1552194903","0.21978"
"1552194903","2408258213","3.46978"
"2408258213","1552194903","3.46978"
"1552194903","2491413840","0.386447"
"2491413840","1552194903","0.386447"
"1760198100","18272818","0.559066"
"18272818","1760198100","0.559066"
"1760198100","1931780207","0.559066"
"1931780207","1760198100","0.559066"
"1760198100","1965409896","0.315476"
"1965409896","1760198100","0.315476"
"18272818","1931780207","9.70021"
"1931780207","18272818","9.70021"
"18272818","1965409896","10.9566"
"1965409896","18272818","10.9566"
"18272818","2408258213","0.511447"
"2408258213","18272818","0.511447"
"18272818","2491413840","0.39478"
"2491413840","18272818","0.39478"
"1931780207","2408258213","0.511447"
"2408258213","1931780207","0.511447"
"1931780207","2491413840","0.39478"
"2491413840","1931780207","0.39478"
"1965409896","2408258213","0.267857"
"2408258213","1965409896","0.267857"
"1965409896","2491413840","0.317857"
"2491413840","1965409896","0.317857"
"138104976","1509453470","0.859524"
"1509453470","138104976","0.859524"
"138104976","2377307851","0.341209"
"2377307851","138104976","0.341209"
"138104976","2379202430","0.341209"
"2379202430","138104976","0.341209"
"138104976","2400291436","0.341209"
"2400291436","138104976","0.341209"
"1509453470","1931780207","0.216667"
"1931780207","1509453470","0.216667"
"1509453470","1965409896","0.216667"
"1965409896","1509453470","0.216667"
"1509453470","2377307851","0.216667"
"2377307851","1509453470","0.216667"
"1509453470","2379202430","1.45476"
"2379202430","1509453470","1.45476"
"1509453470","2400291436","0.216667"
"2400291436","1509453470","0.216667"
"1931780207","2377307851","6.41654"
"2377307851","1931780207","6.41654"
"1931780207","2379202430","2.16654"
"2379202430","1931780207","2.16654"
"1931780207","2400291436","1.11813"
"2400291436","1931780207","1.11813"
"1965409896","2377307851","3.23321"
"2377307851","1965409896","3.23321"
"1965409896","2379202430","1.10629"
"2379202430","1965409896","1.10629"
"1965409896","2400291436","0.974542"
"2400291436","1965409896","0.974542"
"2377307851","2379202430","1.89845"
"2379202430","2377307851","1.89845"
"2377307851","2400291436","0.850032"
"2400291436","2377307851","0.850032"
"138104976","1548248652","0.247619"
"1548248652","138104976","0.247619"
"138104976","1862604959","0.097619"
"1862604959","138104976","0.097619"
"138104976","1923836303","0.927656"
"1923836303","138104976","0.927656"
"138104976","2030129876","0.174542"
"2030129876","138104976","0.174542"
"138104976","2090161517","0.124542"
"2090161517","138104976","0.124542"
"138104976","2256890838","0.047619"
"2256890838","138104976","0.047619"
"138104976","2338279389","0.097619"
"2338279389","138104976","0.097619"
"138104976","2346717690","0.047619"
"2346717690","138104976","0.047619"
"138104976","2996526892","0.047619"
"2996526892","138104976","0.047619"
"138104976","53588593","0.047619"
"53588593","138104976","0.047619"
"138104976","8531324","0.77381"
"8531324","138104976","0.77381"
"1548248652","1760198100","0.047619"
"1760198100","1548248652","0.047619"
"1548248652","18272818","0.247619"
"18272818","1548248652","0.247619"
"1548248652","1913327415","1.24762"
"1913327415","1548248652","1.24762"
"1548248652","1923836303","0.247619"
"1923836303","1548248652","0.247619"
"1548248652","1931780207","0.047619"
"1931780207","1548248652","0.047619"
"1548248652","1965409896","0.047619"
"1965409896","1548248652","0.047619"
"1548248652","2030129876","0.297619"
"2030129876","1548248652","0.297619"
"1548248652","2090161517","0.047619"
"2090161517","1548248652","0.047619"
"1548248652","2256890838","0.630952"
"2256890838","1548248652","0.630952"
"1548248652","2346717690","0.047619"
"2346717690","1548248652","0.047619"
"1548248652","2377307851","0.047619"
"2377307851","1548248652","0.047619"
"1548248652","2996526892","0.047619"
"2996526892","1548248652","0.047619"
"1760198100","1862604959","0.047619"
"1862604959","1760198100","0.047619"
"1760198100","1913327415","0.047619"
"1913327415","1760198100","0.047619"
"1760198100","1923836303","0.457875"
"1923836303","1760198100","0.457875"
"1760198100","2030129876","0.047619"
"2030129876","1760198100","0.047619"
"1760198100","2090161517","0.047619"
"2090161517","1760198100","0.047619"
"1760198100","2256890838","0.047619"
"2256890838","1760198100","0.047619"
"1760198100","2338279389","0.047619"
"2338279389","1760198100","0.047619"
"1760198100","2346717690","0.047619"
"2346717690","1760198100","0.047619"
"1760198100","2377307851","0.047619"
"2377307851","1760198100","0.047619"
"1760198100","2379202430","0.457875"
"2379202430","1760198100","0.457875"
"1760198100","2400291436","0.124542"
"2400291436","1760198100","0.124542"
"1760198100","2996526892","0.047619"
"2996526892","1760198100","0.047619"
"1760198100","53588593","0.047619"
"53588593","1760198100","0.047619"
"1760198100","8531324","0.797619"
"8531324","1760198100","0.797619"
"18272818","1862604959","0.394841"
"1862604959","18272818","0.394841"
"18272818","1913327415","0.630952"
"1913327415","18272818","0.630952"
"18272818","1923836303","2.35543"
"1923836303","18272818","2.35543"
"18272818","2030129876","0.291209"
"2030129876","18272818","0.291209"
"18272818","2066606468","0.416209"
"2066606468","18272818","0.416209"
"18272818","2090161517","0.685989"
"2090161517","18272818","0.685989"
"18272818","2099180072","0.416209"
"2099180072","18272818","0.416209"
"18272818","2256890838","0.047619"
"2256890838","18272818","0.047619"
"18272818","2338279389","0.269841"
"2338279389","18272818","0.269841"
"18272818","2346717690","0.630098"
"2346717690","18272818","0.630098"
"18272818","2377307851","2.68877"
"2377307851","18272818","2.68877"
"18272818","2379202430","0.891545"
"2379202430","18272818","0.891545"
"18272818","2400291436","0.534799"
"2400291436","18272818","0.534799"
"18272818","2996526892","0.047619"
"2996526892","18272818","0.047619"
"18272818","53588593","0.963431"
"53588593","18272818","0.963431"
"18272818","8531324","0.440476"
"8531324","18272818","0.440476"
"1862604959","1913327415","0.097619"
"1913327415","1862604959","0.097619"
"1862604959","1923836303","1.67189"
"1923836303","1862604959","1.67189"
"1862604959","1931780207","0.436508"
"1931780207","1862604959","0.436508"
"1862604959","1965409896","0.369841"
"1965409896","1862604959","0.369841"
"1862604959","2030129876","0.374542"
"2030129876","1862604959","0.374542"
"1862604959","2090161517","2.96164"
"2090161517","1862604959","2.96164"
"1862604959","2256890838","0.130952"
"2256890838","1862604959","0.130952"
"1862604959","2346717690","2.16919"
"2346717690","1862604959","2.16919"
"1862604959","2377307851","0.495331"
"2377307851","1862604959","0.495331"
"1862604959","2996526892","0.047619"
"2996526892","1862604959","0.047619"
"1913327415","1923836303","0.297619"
"1923836303","1913327415","0.297619"
"1913327415","1931780207","0.097619"
"1931780207","1913327415","0.097619"
"1913327415","1965409896","0.097619"
"1965409896","1913327415","0.097619"
"1913327415","2030129876","4.59762"
"2030129876","1913327415","4.59762"
"1913327415","2066606468","0.047619"
"2066606468","1913327415","0.047619"
"1913327415","2090161517","0.097619"
"2090161517","1913327415","0.097619"
"1913327415","2099180072","0.047619"
"2099180072","1913327415","0.047619"
"1913327415","2256890838","0.047619"
"2256890838","1913327415","0.047619"
"1913327415","2338279389","0.097619"
"2338279389","1913327415","0.097619"
"1913327415","2346717690","0.097619"
"2346717690","1913327415","0.097619"
"1913327415","2377307851","0.097619"
"2377307851","1913327415","0.097619"
"1913327415","2379202430","0.264286"
"2379202430","1913327415","0.264286"
"1913327415","2400291436","0.097619"
"2400291436","1913327415","0.097619"
"1913327415","2996526892","0.047619"
"2996526892","1913327415","0.047619"
"1913327415","53588593","0.097619"
"53588593","1913327415","0.097619"
"1913327415","8531324","0.247619"
"8531324","1913327415","0.247619"
"1923836303","1931780207","2.87369"
"1931780207","1923836303","2.87369"
"1923836303","1965409896","1.7301"
"1965409896","1923836303","1.7301"
"1923836303","2030129876","0.368132"
"2030129876","1923836303","0.368132"
"1923836303","2066606468","0.124542"
"2066606468","1923836303","0.124542"
"1923836303","2090161517","1.15876"
"2090161517","1923836303","1.15876"
"1923836303","2099180072","0.124542"
"2099180072","1923836303","0.124542"
"1923836303","2256890838","0.547619"
"2256890838","1923836303","0.547619"
"1923836303","2338279389","1.32904"
"2338279389","1923836303","1.32904"
"1923836303","2346717690","1.0957"
"2346717690","1923836303","1.0957"
"1923836303","2377307851","1.10559"
"2377307851","1923836303","1.10559"
"1923836303","2379202430","4.08685"
"2379202430","1923836303","4.08685"
"1923836303","2400291436","2.35987"
"2400291436","1923836303","2.35987"
"1923836303","2996526892","0.047619"
"2996526892","1923836303","0.047619"
"1923836303","8531324","2.24524"
"8531324","1923836303","2.24524"
"1931780207","2030129876","0.291209"
"2030129876","1931780207","0.291209"
"1931780207","2066606468","0.416209"
"2066606468","1931780207","0.416209"
"1931780207","2090161517","1.24432"
"2090161517","1931780207","1.24432"
"1931780207","2099180072","0.416209"
"2099180072","1931780207","0.416209"
"1931780207","2256890838","0.047619"
"2256890838","1931780207","0.047619"
"1931780207","2338279389","0.436508"
"2338279389","1931780207","0.436508"
"1931780207","2346717690","0.474542"
"2346717690","1931780207","0.474542"
"1931780207","2996526892","0.047619"
"2996526892","1931780207","0.047619"
"1931780207","53588593","0.474542"
"53588593","1931780207","0.474542"
"1931780207","8531324","0.097619"
"8531324","1931780207","0.097619"
"1965409896","2030129876","0.291209"
"2030129876","1965409896","0.291209"
"1965409896","2066606468","0.172619"
"2066606468","1965409896","0.172619"
"1965409896","2090161517","0.727656"
"2090161517","1965409896","0.727656"
"1965409896","2099180072","0.172619"
"2099180072","1965409896","0.172619"
"1965409896","2256890838","0.047619"
"2256890838","1965409896","0.047619"
"1965409896","2338279389","0.369841"
"2338279389","1965409896","0.369841"
"1965409896","2346717690","0.407875"
"2346717690","1965409896","0.407875"
"1965409896","2996526892","0.047619"
"2996526892","1965409896","0.047619"
"1965409896","53588593","0.407875"
"53588593","1965409896","0.407875"
"1965409896","8531324","0.097619"
"8531324","1965409896","0.097619"
"2030129876","2066606468","0.130952"
"2066606468","2030129876","0.130952"
"2030129876","2090161517","0.174542"
"2090161517","2030129876","0.174542"
"2030129876","2099180072","0.130952"
"2099180072","2030129876","0.130952"
"2030129876","2256890838","0.130952"
"2256890838","2030129876","0.130952"
"2030129876","2338279389","0.374542"
"2338279389","2030129876","0.374542"
"2030129876","2346717690","0.241209"
"2346717690","2030129876","0.241209"
"2030129876","2377307851","0.291209"
"2377307851","2030129876","0.291209"
"2030129876","2379202430","0.707875"
"2379202430","2030129876","0.707875"
"2030129876","2400291436","0.291209"
"2400291436","2030129876","0.291209"
"2030129876","2996526892","0.047619"
"2996526892","2030129876","0.047619"
"2030129876","53588593","0.324542"
"53588593","2030129876","0.324542"
"2030129876","8531324","0.097619"
"8531324","2030129876","0.097619"
"2066606468","2090161517","0.047619"
"2090161517","2066606468","0.047619"
"2066606468","2256890838","0.130952"
"2256890838","2066606468","0.130952"
"2066606468","2346717690","0.047619"
"2346717690","2066606468","0.047619"
"2066606468","2377307851","0.047619"
"2377307851","2066606468","0.047619"
"2066606468","2996526892","0.047619"
"2996526892","2066606468","0.047619"
"2090161517","2099180072","0.047619"
"2099180072","2090161517","0.047619"
"2090161517","2256890838","1.04762"
"2256890838","2090161517","1.04762"
"2090161517","2338279389","1.84378"
"2338279389","2090161517","1.84378"
"2090161517","2346717690","0.884592"
"2346717690","2090161517","0.884592"
"2090161517","2377307851","1.30315"
"2377307851","2090161517","1.30315"
"2090161517","2400291436","1.32547"
"2400291436","2090161517","1.32547"
"2090161517","2996526892","0.047619"
"2996526892","2090161517","0.047619"
"2090161517","53588593","3.00523"
"53588593","2090161517","3.00523"
"2090161517","8531324","0.119048"
"8531324","2090161517","0.119048"
"2099180072","2256890838","0.130952"
"2256890838","2099180072","0.130952"
"2099180072","2346717690","0.047619"
"2346717690","2099180072","0.047619"
"2099180072","2377307851","0.047619"
"2377307851","2099180072","0.047619"
"2099180072","2996526892","0.047619"
"2996526892","2099180072","0.047619"
"2256890838","2338279389","0.130952"
"2338279389","2256890838","0.130952"
"2256890838","2346717690","0.047619"
"2346717690","2256890838","0.047619"
"2256890838","2377307851","0.047619"
"2377307851","2256890838","0.047619"
"2256890838","2379202430","0.130952"
"2379202430","2256890838","0.130952"
"2256890838","2400291436","0.047619"
"2400291436","2256890838","0.047619"
"2256890838","2996526892","0.047619"
"2996526892","2256890838","0.047619"
"2256890838","53588593","0.130952"
"53588593","2256890838","0.130952"
"2256890838","8531324","0.047619"
"8531324","2256890838","0.047619"
"2338279389","2346717690","1.96919"
"2346717690","2338279389","1.96919"
"2338279389","2377307851","0.495331"
"2377307851","2338279389","0.495331"
"2338279389","2996526892","0.047619"
"2996526892","2338279389","0.047619"
"2346717690","2377307851","0.533366"
"2377307851","2346717690","0.533366"
"2346717690","2379202430","2.84889"
"2379202430","2346717690","2.84889"
"2346717690","2400291436","2.21079"
"2400291436","2346717690","2.21079"
"2346717690","2996526892","0.047619"
"2996526892","2346717690","0.047619"
"2346717690","53588593","3.29333"
"53588593","2346717690","3.29333"
"2346717690","8531324","0.119048"
"8531324","2346717690","0.119048"
"2377307851","2996526892","0.047619"
"2996526892","2377307851","0.047619"
"2377307851","53588593","0.533366"
"53588593","2377307851","0.533366"
"2377307851","8531324","0.097619"
"8531324","2377307851","0.097619"
"2379202430","2996526892","0.047619"
"2996526892","2379202430","0.047619"
"2400291436","2996526892","0.047619"
"2996526892","2400291436","0.047619"
"2996526892","53588593","0.047619"
"53588593","2996526892","0.047619"
"2996526892","8531324","0.047619"
"8531324","2996526892","0.047619"
"18272818","82325710","1.83333"
"82325710","18272818","1.83333"
"138104976","2950784951","0.0769231"
"2950784951","138104976","0.0769231"
"1552194903","1923836303","0.487179"
"1923836303","1552194903","0.487179"
"1552194903","2157171534","0.576923"
"2157171534","1552194903","0.576923"
"1552194903","2379202430","0.24359"
"2379202430","1552194903","0.24359"
"1552194903","2400291436","0.0769231"
"2400291436","1552194903","0.0769231"
"1552194903","2950784951","0.0769231"
