"1482461285","1500693694","3.375"
"1500693694","1482461285","3.375"
"1482461285","1604334575","2.625"
"1604334575","1482461285","2.625"
"1500693694","1604334575","4.04167"
"1604334575","1500693694","4.04167"
"1482461285","2170030577","0.875"
"2170030577","1482461285","0.875"
"1500693694","2170030577","3.125"
"2170030577","1500693694","3.125"
"1604334575","2170030577","1.875"
"2170030577","1604334575","1.875"
"1482461285","1586049182","0.541667"
"1586049182","1482461285","0.541667"
"1482461285","1601639357","0.291667"
"1601639357","1482461285","0.291667"
"1482461285","1993525247","0.166667"
"1993525247","1482461285","0.166667"
"1500693694","1586049182","3.625"
"1586049182","1500693694","3.625"
"1500693694","1601639357","2.075"
"1601639357","1500693694","2.075"
"1500693694","1993525247","1.16667"
"1993525247","1500693694","1.16667"
"1586049182","1601639357","7.125"
"1601639357","1586049182","7.125"
"1586049182","1604334575","0.875"
"1604334575","1586049182","0.875"
"1586049182","1993525247","0.166667"
"1993525247","1586049182","0.166667"
"1586049182","2170030577","0.541667"
"2170030577","1586049182","0.541667"
"1601639357","1604334575","1.125"
"1604334575","1601639357","1.125"
"1601639357","1993525247","0.166667"
"1993525247","1601639357","0.166667"
"1601639357","2170030577","0.791667"
"2170030577","1601639357","0.791667"
"1604334575","1993525247","0.166667"
"1993525247","1604334575","0.166667"
"1993525247","2170030577","0.166667"
"2170030577","1993525247","0.166667"
"1482461285","1601460119","0.125"
"1601460119","1482461285","0.125"
"1482461285","1855338040","0.375"
"1855338040","1482461285","0.375"
"1482461285","2025941961","0.125"
"2025941961","1482461285","0.125"
"1500693694","1601460119","0.325"
"1601460119","1500693694","0.325"
"1500693694","1855338040","0.375"
"1855338040","1500693694","0.375"
"1500693694","2025941961","0.125"
"2025941961","1500693694","0.125"
"1586049182","1601460119","0.125"
"1601460119","1586049182","0.125"
"1586049182","1855338040","0.125"
"1855338040","1586049182","0.125"
"1586049182","2025941961","0.125"
"2025941961","1586049182","0.125"
"1601460119","1601639357","0.325"
"1601639357","1601460119","0.325"
"1601460119","1604334575","0.125"
"1604334575","1601460119","0.125"
"1601460119","1855338040","0.125"
"1855338040","1601460119","0.125"
"1601460119","2025941961","0.125"
"2025941961","1601460119","0.125"
"1601460119","2170030577","1.125"
"2170030577","1601460119","1.125"
"1601639357","1855338040","0.125"
"1855338040","1601639357","0.125"
"1601639357","2025941961","0.125"
"2025941961","1601639357","0.125"
"1604334575","1855338040","1.04167"
"1855338040","1604334575","1.04167"
"1604334575","2025941961","0.791667"
"2025941961","1604334575","0.791667"
"1855338040","2025941961","0.791667"
"2025941961","1855338040","0.791667"
"1855338040","2170030577","1.125"
"2170030577","1855338040","1.125"
"2025941961","2170030577","0.125"
"2170030577","2025941961","0.125"
"1482461285","1603146248","0.25"
"1603146248","1482461285","0.25"
"1500693694","1603146248","0.833333"
"1603146248","1500693694","0.833333"
"1603146248","1604334575","1.25"
"1604334575","1603146248","1.25"
"1603146248","1855338040","0.583333"
"1855338040","1603146248","0.583333"
"1482461285","1841452460","0.25"
"1841452460","1482461285","0.25"
"1586049182","1841452460","0.25"
"1841452460","1586049182","0.25"
"1604334575","1841452460","5.41667"
"1841452460","1604334575","5.41667"
"1841452460","2170030577","0.25"
"2170030577","1841452460","0.25"
"1488520505","1568702141","1.5"
"1568702141","1488520505","1.5"
"1488520505","1600061906","0.5"
"1600061906","1488520505","0.5"
"1568702141","1600061906","2.45"
"1600061906","1568702141","2.45"
"1488520505","1534099761","0.25"
"1534099761","1488520505","0.25"
"1488520505","2020532151","0.25"
"2020532151","1488520505","0.25"
"1488520505","2069457500","0.25"
"2069457500","1488520505","0.25"
"1488520505","2159635115","0.25"
"2159635115","1488520505","0.25"
"1534099761","2020532151","1.25"
"2020532151","1534099761","1.25"
"1534099761","2069457500","1.25"
"2069457500","1534099761","1.25"
"1534099761","2159635115","0.25"
"2159635115","1534099761","0.25"
"2020532151","2069457500","6.25"
"2069457500","2020532151","6.25"
"2020532151","2159635115","1.75"
"2159635115","2020532151","1.75"
"2069457500","2159635115","0.25"
"2159635115","2069457500","0.25"
"1488520505","2149029604","1"
"2149029604","1488520505","1"
"1494044289","1607981260","1.66667"
"1607981260","1494044289","1.66667"
"1494044289","1607999894","2.66667"
"1607999894","1494044289","2.66667"
"1494044289","1931957434","1.66667"
"1931957434","1494044289","1.66667"
"1607981260","1607999894","4.16667"
"1607999894","1607981260","4.16667"
"1607981260","1931957434","4.16667"
"1931957434","1607981260","4.16667"
"1607999894","1931957434","4.16667"
"1931957434","1607999894","4.16667"
"1500693694","1841452460","2.83333"
"1841452460","1500693694","2.83333"
"1500693694","1568702141","0.2"
"1568702141","1500693694","0.2"
"1500693694","1600061906","0.533333"
"1600061906","1500693694","0.533333"
"1500693694","1928429288","0.2"
"1928429288","1500693694","0.2"
"1568702141","1601460119","0.95"
"1601460119","1568702141","0.95"
"1568702141","1601639357","0.2"
"1601639357","1568702141","0.2"
"1568702141","1928429288","0.95"
"1928429288","1568702141","0.95"
"1600061906","1601460119","2.2"
"1601460119","1600061906","2.2"
"1600061906","1601639357","0.2"
"1601639357","1600061906","0.2"
"1600061906","1928429288","2.78333"
"1928429288","1600061906","2.78333"
"1601460119","1928429288","0.7"
"1928429288","1601460119","0.7"
"1601639357","1928429288","0.2"
"1928429288","1601639357","0.2"
"1500693694","59659200","1.33333"
"59659200","1500693694","1.33333"
"1604334575","59659200","0.333333"
"59659200","1604334575","0.333333"
"1841452460","59659200","0.333333"
"59659200","1841452460","0.333333"
"1500693694","1587005506","0.25"
"1587005506","1500693694","0.25"
"1500693694","2345491421","0.25"
"2345491421","1500693694","0.25"
"1587005506","1601639357","0.25"
"1601639357","1587005506","0.25"
"1587005506","1603146248","1.33333"
"1603146248","1587005506","1.33333"
"1587005506","2345491421","9.66667"
"2345491421","1587005506","9.66667"
"1601639357","1603146248","1.25"
"1603146248","1601639357","1.25"
"1601639357","2345491421","0.25"
"2345491421","1601639357","0.25"
"1603146248","2345491421","0.833333"
"2345491421","1603146248","0.833333"
"1500693694","1986088676","0.333333"
"1986088676","1500693694","0.333333"
"1600061906","1603146248","0.333333"
"1603146248","1600061906","0.333333"
"1600061906","1986088676","0.333333"
"1986088676","1600061906","0.333333"
"1603146248","1986088676","7.58333"
"1986088676","1603146248","7.58333"
"1534099761","1993525247","3"
"1993525247","1534099761","3"
"1534099761","1586049182","0.5"
"1586049182","1534099761","0.5"
"1534099761","1601639357","0.5"
"1601639357","1534099761","0.5"
"1534099761","1603146248","1"
"1603146248","1534099761","1"
"154117460","1603146248","1"
"1603146248","154117460","1"
"154117460","1568702141","0.25"
"1568702141","154117460","0.25"
"154117460","1587005506","0.25"
"1587005506","154117460","0.25"
"154117460","1601460119","0.25"
"1601460119","154117460","0.25"
"154117460","2345491421","0.25"
"2345491421","154117460","0.25"
"1568702141","1587005506","0.25"
"1587005506","1568702141","0.25"
"1568702141","2345491421","0.25"
"2345491421","1568702141","0.25"
"1587005506","1601460119","0.25"
"1601460119","1587005506","0.25"
"1601460119","2345491421","0.25"
"2345491421","1601460119","0.25"
"154117460","1604334575","0.333333"
"1604334575","154117460","0.333333"
"154117460","1855338040","0.333333"
"1855338040","154117460","0.333333"
"154117460","2025941961","0.333333"
"2025941961","154117460","0.333333"
"1561289899","1975163634","0.583333"
"1975163634","1561289899","0.583333"
"1561289899","2007502498","0.583333"
"2007502498","1561289899","0.583333"
"1561289899","2025941961","0.25"
"2025941961","1561289899","0.25"
"1561289899","2099001177","3.83333"
"2099001177","1561289899","3.83333"
"1975163634","2007502498","0.75"
"2007502498","1975163634","0.75"
"1975163634","2025941961","0.75"
"2025941961","1975163634","0.75"
"1975163634","2099001177","0.25"
"2099001177","1975163634","0.25"
"2007502498","2025941961","4.75"
"2025941961","2007502498","4.75"
"2007502498","2099001177","0.583333"
"2099001177","2007502498","0.583333"
"2025941961","2099001177","0.25"
"2099001177","2025941961","0.25"
"1561289899","1568702141","1.41667"
"1568702141","1561289899","1.41667"
"1561289899","1603146248","0.333333"
"1603146248","1561289899","0.333333"
"1568702141","1603146248","1.33333"
"1603146248","1568702141","1.33333"
"1568702141","1975163634","1.33333"
"1975163634","1568702141","1.33333"
"1603146248","1975163634","0.333333"
"1975163634","1603146248","0.333333"
"1561289899","1600061906","0.75"
"1600061906","1561289899","0.75"
"1561289899","1928429288","0.25"
"1928429288","1561289899","0.25"
"1568702141","2099001177","1.58333"
"2099001177","1568702141","1.58333"
"1600061906","2099001177","0.583333"
"2099001177","1600061906","0.583333"
"1928429288","2099001177","0.583333"
"2099001177","1928429288","0.583333"
"1568702141","2007502498","0.333333"
"2007502498","1568702141","0.333333"
"1568702141","1931957434","2"
"1931957434","1568702141","2"
"1568702141","2025941961","1"
"2025941961","1568702141","1"
"1586049182","1603146248","2"
"1603146248","1586049182","2"
"1587005506","1974675327","1.58333"
"1974675327","1587005506","1.58333"
"1587005506","1986088676","1.08333"
"1986088676","1587005506","1.08333"
"1974675327","1986088676","0.333333"
"1986088676","1974675327","0.333333"
"1974675327","2345491421","0.583333"
"2345491421","1974675327","0.583333"
"1986088676","2345491421","0.583333"
"2345491421","1986088676","0.583333"
"1587005506","2099001177","0.583333"
"2099001177","1587005506","0.583333"
"1603146248","2099001177","0.583333"
"2099001177","1603146248","0.583333"
"1986088676","2099001177","0.25"
"2099001177","1986088676","0.25"
"2099001177","2345491421","0.583333"
"2345491421","2099001177","0.583333"
"1587005506","1855338040","0.25"
"1855338040","1587005506","0.25"
"1587005506","2170187663","0.25"
"2170187663","1587005506","0.25"
"1855338040","1974675327","7.25"
"1974675327","1855338040","7.25"
"1855338040","2170187663","5.41667"
"2170187663","1855338040","5.41667"
"1855338040","2345491421","0.25"
"2345491421","1855338040","0.25"
"1974675327","2170187663","5.91667"
"2170187663","1974675327","5.91667"
"2170187663","2345491421","0.25"
"2345491421","2170187663","0.25"
"1587005506","2020532151","1"
"2020532151","1587005506","1"
"1600061906","1931957434","0.333333"
"1931957434","1600061906","0.333333"
"1928429288","1931957434","0.333333"
"1931957434","1928429288","0.333333"
"1931957434","2099001177","0.333333"
"2099001177","1931957434","0.333333"
"1603146248","1974675327","0.333333"
"1974675327","1603146248","0.333333"
"1603146248","2133949084","0.833333"
"2133949084","1603146248","0.833333"
"1855338040","2133949084","2.5"
"2133949084","1855338040","2.5"
"1974675327","2133949084","5"
"2133949084","1974675327","5"
"1603146248","1841452460","2"
"1841452460","1603146248","2"
"1986088676","2133949084","0.5"
"2133949084","1986088676","0.5"
"1841452460","1855338040","0.333333"
"1855338040","1841452460","0.333333"
"1841452460","2025941961","0.333333"
"2025941961","1841452460","0.333333"
"2133949084","2170187663","3.16667"
"2170187663","2133949084","3.16667"
"1855338040","2099001177","1"
"2099001177","1855338040","1"
"1993525247","2159635115","1"
"2159635115","1993525247","1"
"2020532151","2044572882","1.5"
"2044572882","2020532151","1.5"
"2044572882","2069457500","1"
"2069457500","2044572882","1"
"2044572882","2159635115","0.5"
"2159635115","2044572882","0.5"
"2087623654","2296217683","1"
"2296217683","2087623654","1"
