"139832641","1591825788","0.905357"
"1591825788","139832641","0.905357"
"139832641","2020060134","1.2625"
"2020060134","139832641","1.2625"
"1591825788","2020060134","1.85811"
"2020060134","1591825788","1.85811"
"139832641","1590824348","0.5"
"1590824348","139832641","0.5"
"139832641","2301415919","0.5"
"2301415919","139832641","0.5"
"1590824348","2301415919","0.5"
"2301415919","1590824348","0.5"
"139832641","2744480655","0.5625"
"2744480655","139832641","0.5625"
"2020060134","2744480655","1.92478"
"2744480655","2020060134","1.92478"
"139832641","1561639970","0.2625"
"1561639970","139832641","0.2625"
"139832641","1796158278","0.605357"
"1796158278","139832641","0.605357"
"139832641","2510545926","0.2"
"2510545926","139832641","0.2"
"139832641","2962977744","0.2625"
"2962977744","139832641","0.2625"
"1561639970","1796158278","1.797"
"1796158278","1561639970","1.797"
"1561639970","2020060134","5.31367"
"2020060134","1561639970","5.31367"
"1561639970","2510545926","0.467832"
"2510545926","1561639970","0.467832"
"1561639970","2962977744","0.530332"
"2962977744","1561639970","0.530332"
"1796158278","2020060134","4.24144"
"2020060134","1796158278","4.24144"
"1796158278","2510545926","0.534499"
"2510545926","1796158278","0.534499"
"1796158278","2962977744","0.95811"
"2962977744","1796158278","0.95811"
"2020060134","2510545926","0.567832"
"2510545926","2020060134","0.567832"
"2020060134","2962977744","0.741443"
"2962977744","2020060134","0.741443"
"2510545926","2962977744","3.81783"
"2962977744","2510545926","3.81783"
"139832641","1578370322","1.40536"
"1578370322","139832641","1.40536"
"139832641","2075138637","0.342857"
"2075138637","139832641","0.342857"
"139832641","2128361829","0.142857"
"2128361829","139832641","0.142857"
"139832641","2139287545","0.142857"
"2139287545","139832641","0.142857"
"139832641","2205525215","0.142857"
"2205525215","139832641","0.142857"
"1578370322","1591825788","0.989856"
"1591825788","1578370322","0.989856"
"1578370322","1796158278","1.68986"
"1796158278","1578370322","1.68986"
"1578370322","2075138637","0.442857"
"2075138637","1578370322","0.442857"
"1578370322","2128361829","0.142857"
"2128361829","1578370322","0.142857"
"1578370322","2139287545","0.142857"
"2139287545","1578370322","0.142857"
"1578370322","2205525215","0.142857"
"2205525215","1578370322","0.142857"
"1591825788","1796158278","1.4343"
"1796158278","1591825788","1.4343"
"1591825788","2075138637","0.579894"
"2075138637","1591825788","0.579894"
"1591825788","2128361829","0.379894"
"2128361829","1591825788","0.379894"
"1591825788","2139287545","0.142857"
"2139287545","1591825788","0.142857"
"1591825788","2205525215","0.142857"
"2205525215","1591825788","0.142857"
"1796158278","2075138637","0.342857"
"2075138637","1796158278","0.342857"
"1796158278","2128361829","0.142857"
"2128361829","1796158278","0.142857"
"1796158278","2139287545","0.142857"
"2139287545","1796158278","0.142857"
"1796158278","2205525215","0.142857"
"2205525215","1796158278","0.142857"
"2075138637","2128361829","2.56323"
"2128361829","2075138637","2.56323"
"2075138637","2139287545","0.142857"
"2139287545","2075138637","0.142857"
"2075138637","2205525215","0.142857"
"2205525215","2075138637","0.142857"
"2128361829","2139287545","0.253968"
"2139287545","2128361829","0.253968"
"2128361829","2205525215","0.142857"
"2205525215","2128361829","0.142857"
"2139287545","2205525215","0.142857"
"2205525215","2139287545","0.142857"
"139832641","1511817737","0.2625"
"1511817737","139832641","0.2625"
"1511817737","1578370322","0.2625"
"1578370322","1511817737","0.2625"
"1511817737","1591825788","1.49954"
"1591825788","1511817737","1.49954"
"1511817737","1796158278","1.2625"
"1796158278","1511817737","1.2625"
"1511817737","2075138637","0.437037"
"2075138637","1511817737","0.437037"
"139832641","1703864252","0.0625"
"1703864252","139832641","0.0625"
"139832641","1931655952","0.0625"
"1931655952","139832641","0.0625"
"139832641","2066159756","0.0625"
"2066159756","139832641","0.0625"
"139832641","2108066414","0.0625"
"2108066414","139832641","0.0625"
"139832641","2618263915","0.0625"
"2618263915","139832641","0.0625"
"139832641","2949353116","0.0625"
"2949353116","139832641","0.0625"
"139832641","2950859499","0.0625"
"2950859499","139832641","0.0625"
"139832641","2951663277","0.0625"
"2951663277","139832641","0.0625"
"1511817737","1561639970","0.0625"
"1561639970","1511817737","0.0625"
"1511817737","1703864252","0.0625"
"1703864252","1511817737","0.0625"
"1511817737","1931655952","0.0625"
"1931655952","1511817737","0.0625"
"1511817737","2020060134","0.0625"
"2020060134","1511817737","0.0625"
"1511817737","2066159756","0.0625"
"2066159756","1511817737","0.0625"
"1511817737","2108066414","0.0625"
"2108066414","1511817737","0.0625"
"1511817737","2618263915","0.0625"
"2618263915","1511817737","0.0625"
"1511817737","2744480655","0.0625"
"2744480655","1511817737","0.0625"
"1511817737","2949353116","0.0625"
"2949353116","1511817737","0.0625"
"1511817737","2950859499","0.0625"
"2950859499","1511817737","0.0625"
"1511817737","2951663277","0.0625"
"2951663277","1511817737","0.0625"
"1511817737","2962977744","0.0625"
"2962977744","1511817737","0.0625"
"1561639970","1578370322","1.61367"
"1578370322","1561639970","1.61367"
"1561639970","1591825788","0.646999"
"1591825788","1561639970","0.646999"
"1561639970","1703864252","0.230332"
"1703864252","1561639970","0.230332"
"1561639970","1931655952","0.703409"
"1931655952","1561639970","0.703409"
"1561639970","2066159756","0.389423"
"2066159756","1561639970","0.389423"
"1561639970","2108066414","0.139423"
"2108066414","1561639970","0.139423"
"1561639970","2618263915","0.389423"
"2618263915","1561639970","0.389423"
"1561639970","2744480655","0.480332"
"2744480655","1561639970","0.480332"
"1561639970","2949353116","0.139423"
"2949353116","1561639970","0.139423"
"1561639970","2950859499","0.703409"
"2950859499","1561639970","0.703409"
"1561639970","2951663277","0.230332"
"2951663277","1561639970","0.230332"
"1578370322","1703864252","0.230332"
"1703864252","1578370322","0.230332"
"1578370322","1931655952","0.453409"
"1931655952","1578370322","0.453409"
"1578370322","2020060134","1.61367"
"2020060134","1578370322","1.61367"
"1578370322","2066159756","0.139423"
"2066159756","1578370322","0.139423"
"1578370322","2108066414","0.139423"
"2108066414","1578370322","0.139423"
"1578370322","2618263915","0.139423"
"2618263915","1578370322","0.139423"
"1578370322","2744480655","1.23033"
"2744480655","1578370322","1.23033"
"1578370322","2949353116","0.139423"
"2949353116","1578370322","0.139423"
"1578370322","2950859499","0.453409"
"2950859499","1578370322","0.453409"
"1578370322","2951663277","0.230332"
"2951663277","1578370322","0.230332"
"1578370322","2962977744","0.330332"
"2962977744","1578370322","0.330332"
"1591825788","1703864252","0.941443"
"1703864252","1591825788","0.941443"
"1591825788","1931655952","0.48952"
"1931655952","1591825788","0.48952"
"1591825788","2066159756","0.475534"
"2066159756","1591825788","0.475534"
"1591825788","2108066414","0.250534"
"2108066414","1591825788","0.250534"
"1591825788","2618263915","1.47553"
"2618263915","1591825788","1.47553"
"1591825788","2744480655","1.17478"
"2744480655","1591825788","1.17478"
"1591825788","2949353116","0.139423"
"2949353116","1591825788","0.139423"
"1591825788","2950859499","0.253409"
"2950859499","1591825788","0.253409"
"1591825788","2951663277","0.330332"
"2951663277","1591825788","0.330332"
"1591825788","2962977744","0.899777"
"2962977744","1591825788","0.899777"
"1703864252","1796158278","1.25811"
"1796158278","1703864252","1.25811"
"1703864252","1931655952","1.48119"
"1931655952","1703864252","1.48119"
"1703864252","2020060134","0.441443"
"2020060134","1703864252","0.441443"
"1703864252","2066159756","0.883868"
"2066159756","1703864252","0.883868"
"1703864252","2108066414","0.250534"
"2108066414","1703864252","0.250534"
"1703864252","2618263915","0.550534"
"2618263915","1703864252","0.550534"
"1703864252","2744480655","0.95811"
"2744480655","1703864252","0.95811"
"1703864252","2949353116","0.139423"
"2949353116","1703864252","0.139423"
"1703864252","2950859499","0.420076"
"2950859499","1703864252","0.420076"
"1703864252","2951663277","6.16367"
"2951663277","1703864252","6.16367"
"1703864252","2962977744","2.05811"
"2962977744","1703864252","2.05811"
"1796158278","1931655952","1.13119"
"1931655952","1796158278","1.13119"
"1796158278","2066159756","0.250534"
"2066159756","1796158278","0.250534"
"1796158278","2108066414","0.250534"
"2108066414","1796158278","0.250534"
"1796158278","2618263915","0.583868"
"2618263915","1796158278","0.583868"
"1796158278","2744480655","1.09144"
"2744480655","1796158278","1.09144"
"1796158278","2949353116","0.139423"
"2949353116","1796158278","0.139423"
"1796158278","2950859499","0.770076"
"2950859499","1796158278","0.770076"
"1796158278","2951663277","0.230332"
"2951663277","1796158278","0.230332"
"1931655952","2020060134","0.91452"
"2020060134","1931655952","0.91452"
"1931655952","2066159756","0.598611"
"2066159756","1931655952","0.598611"
"1931655952","2108066414","0.173611"
"2108066414","1931655952","0.173611"
"1931655952","2618263915","0.598611"
"2618263915","1931655952","0.598611"
"1931655952","2744480655","0.881187"
"2744480655","1931655952","0.881187"
"1931655952","2949353116","0.0625"
"2949353116","1931655952","0.0625"
"1931655952","2950859499","2.22008"
"2950859499","1931655952","2.22008"
"1931655952","2951663277","0.253409"
"2951663277","1931655952","0.253409"
"1931655952","2962977744","3.95619"
"2962977744","1931655952","3.95619"
"2020060134","2066159756","0.600534"
"2066159756","2020060134","0.600534"
"2020060134","2108066414","0.250534"
"2108066414","2020060134","0.250534"
"2020060134","2618263915","0.933868"
"2618263915","2020060134","0.933868"
"2020060134","2949353116","0.139423"
"2949353116","2020060134","0.139423"
"2020060134","2950859499","0.803409"
"2950859499","2020060134","0.803409"
"2020060134","2951663277","0.330332"
"2951663277","2020060134","0.330332"
"2066159756","2108066414","0.361645"
"2108066414","2066159756","0.361645"
"2066159756","2618263915","1.92553"
"2618263915","2066159756","1.92553"
"2066159756","2744480655","0.700534"
"2744480655","2066159756","0.700534"
"2066159756","2949353116","0.250534"
"2949353116","2066159756","0.250534"
"2066159756","2950859499","0.1625"
"2950859499","2066159756","0.1625"
"2066159756","2951663277","0.572756"
"2951663277","2066159756","0.572756"
"2066159756","2962977744","0.675534"
"2962977744","2066159756","0.675534"
"2108066414","2618263915","0.250534"
"2618263915","2108066414","0.250534"
"2108066414","2744480655","0.250534"
"2744480655","2108066414","0.250534"
"2108066414","2949353116","3.25053"
"2949353116","2108066414","3.25053"
"2108066414","2950859499","0.0625"
"2950859499","2108066414","0.0625"
"2108066414","2951663277","0.139423"
"2951663277","2108066414","0.139423"
"2108066414","2962977744","0.250534"
"2962977744","2108066414","0.250534"
"2618263915","2744480655","1.03387"
"2744480655","2618263915","1.03387"
"2618263915","2949353116","0.139423"
"2949353116","2618263915","0.139423"
"2618263915","2950859499","0.1625"
"2950859499","2618263915","0.1625"
"2618263915","2951663277","0.239423"
"2951663277","2618263915","0.239423"
"2618263915","2962977744","1.67553"
"2962977744","2618263915","1.67553"
"2744480655","2949353116","0.139423"
"2949353116","2744480655","0.139423"
"2744480655","2950859499","0.320076"
"2950859499","2744480655","0.320076"
"2744480655","2951663277","0.230332"
"2951663277","2744480655","0.230332"
"2744480655","2962977744","2.79144"
"2962977744","2744480655","2.79144"
"2949353116","2950859499","0.0625"
"2950859499","2949353116","0.0625"
"2949353116","2951663277","0.139423"
"2951663277","2949353116","0.139423"
"2949353116","2962977744","0.139423"
"2962977744","2949353116","0.139423"
"2950859499","2951663277","0.253409"
"2951663277","2950859499","0.253409"
"2950859499","2962977744","1.77008"
"2962977744","2950859499","1.77008"
"2951663277","2962977744","0.830332"
"2962977744","2951663277","0.830332"
"1511817737","2066190737","1.03704"
"2066190737","1511817737","1.03704"
"1511817737","2205525215","0.444444"
"2205525215","1511817737","0.444444"
"1511817737","2242976041","0.333333"
"2242976041","1511817737","0.333333"
"1511817737","27149491","0.49537"
"27149491","1511817737","0.49537"
"2205525215","2242976041","0.833333"
"2242976041","2205525215","0.833333"
"2205525215","27149491","1.83333"
"27149491","2205525215","1.83333"
"2242976041","27149491","2.33333"
"27149491","2242976041","2.33333"
"1511817737","1520745363","0.425"
"1520745363","1511817737","0.425"
"1511817737","1577867985","0.1"
"1577867985","1511817737","0.1"
"1511817737","1635862809","0.137037"
"1635862809","1511817737","0.137037"
"1511817737","1937346350","0.211111"
"1937346350","1511817737","0.211111"
"1511817737","2003452699","0.1"
"2003452699","1511817737","0.1"
"1511817737","2003752715","0.137037"
"2003752715","1511817737","0.137037"
"1511817737","2085863229","0.387037"
"2085863229","1511817737","0.387037"
"1511817737","2128361829","0.337037"
"2128361829","1511817737","0.337037"
"1511817737","2130680161","0.137037"
"2130680161","1511817737","0.137037"
"1511817737","2198182223","0.425"
"2198182223","1511817737","0.425"
"1520745363","1577867985","1.2"
"1577867985","1520745363","1.2"
"1520745363","1635862809","0.1"
"1635862809","1520745363","0.1"
"1520745363","1937346350","0.7"
"1937346350","1520745363","0.7"
"1520745363","2003452699","0.1"
"2003452699","1520745363","0.1"
"1520745363","2003752715","0.1"
"2003752715","1520745363","0.1"
"1520745363","2085863229","0.1"
"2085863229","1520745363","0.1"
"1520745363","2128361829","0.3"
"2128361829","1520745363","0.3"
"1520745363","2130680161","0.1"
"2130680161","1520745363","0.1"
"1520745363","2198182223","10.5583"
"2198182223","1520745363","10.5583"
"1577867985","1635862809","0.1"
"1635862809","1577867985","0.1"
"1577867985","1937346350","2.55"
"1937346350","1577867985","2.55"
"1577867985","2003452699","0.1"
"2003452699","1577867985","0.1"
"1577867985","2003752715","0.1"
"2003752715","1577867985","0.1"
"1577867985","2085863229","0.1"
"2085863229","1577867985","0.1"
"1577867985","2128361829","0.1"
"2128361829","1577867985","0.1"
"1577867985","2130680161","0.1"
"2130680161","1577867985","0.1"
"1577867985","2198182223","2.2"
"2198182223","1577867985","2.2"
"1635862809","1937346350","0.1"
"1937346350","1635862809","0.1"
"1635862809","2003452699","0.1"
"2003452699","1635862809","0.1"
"1635862809","2003752715","10.4228"
"2003752715","1635862809","10.4228"
"1635862809","2085863229","0.237037"
"2085863229","1635862809","0.237037"
"1635862809","2128361829","0.237037"
"2128361829","1635862809","0.237037"
"1635862809","2130680161","0.237037"
"2130680161","1635862809","0.237037"
"1635862809","2198182223","0.1"
"2198182223","1635862809","0.1"
"1937346350","2003452699","0.1"
"2003452699","1937346350","0.1"
"1937346350","2003752715","0.1"
"2003752715","1937346350","0.1"
"1937346350","2085863229","0.1"
"2085863229","1937346350","0.1"
"1937346350","2128361829","0.1"
"2128361829","1937346350","0.1"
"1937346350","2130680161","0.1"
"2130680161","1937346350","0.1"
"1937346350","2198182223","0.7"
"2198182223","1937346350","0.7"
"2003452699","2003752715","0.1"
"2003752715","2003452699","0.1"
"2003452699","2085863229","1.1"
"2085863229","2003452699","1.1"
"2003452699","2128361829","0.1"
"2128361829","2003452699","0.1"
"2003452699","2130680161","0.1"
"2130680161","2003452699","0.1"
"2003452699","2198182223","0.1"
"2198182223","2003452699","0.1"
"2003752715","2085863229","0.237037"
"2085863229","2003752715","0.237037"
"2003752715","2128361829","0.237037"
"2128361829","2003752715","0.237037"
"2003752715","2130680161","0.237037"
"2130680161","2003752715","0.237037"
"2003752715","2198182223","0.1"
"2198182223","2003752715","0.1"
"2085863229","2128361829","1.43148"
"2128361829","2085863229","1.43148"
"2085863229","2130680161","0.598148"
"2130680161","2085863229","0.598148"
"2085863229","2198182223","0.1"
"2198182223","2085863229","0.1"
"2128361829","2130680161","0.848148"
"2130680161","2128361829","0.848148"
"2128361829","2198182223","0.3"
"2198182223","2128361829","0.3"
"2130680161","2198182223","0.1"
"2198182223","2130680161","0.1"
"1511817737","2949227506","1.14815"
"2949227506","1511817737","1.14815"
"1511817737","156904418","0.162037"
"156904418","1511817737","0.162037"
"1511817737","1992093760","0.162037"
"1992093760","1511817737","0.162037"
"1511817737","2084300184","0.162037"
"2084300184","1511817737","0.162037"
"1511817737","2170171586","0.162037"
"2170171586","1511817737","0.162037"
"1511817737","2301415919","0.125"
"2301415919","1511817737","0.125"
"1520745363","156904418","0.125"
"156904418","1520745363","0.125"
"1520745363","1992093760","0.125"
"1992093760","1520745363","0.125"
"1520745363","2084300184","0.125"
"2084300184","1520745363","0.125"
"1520745363","2170171586","0.125"
"2170171586","1520745363","0.125"
"1520745363","2301415919","1.125"
"2301415919","1520745363","1.125"
"1520745363","27149491","0.125"
"27149491","1520745363","0.125"
"156904418","1992093760","14.2216"
"1992093760","156904418","14.2216"
"156904418","2084300184","1.79537"
"2084300184","156904418","1.79537"
"156904418","2170171586","2.1287"
"2170171586","156904418","2.1287"
"156904418","2198182223","0.125"
"2198182223","156904418","0.125"
"156904418","2301415919","0.225"
"2301415919","156904418","0.225"
"156904418","27149491","0.162037"
"27149491","156904418","0.162037"
"1992093760","2084300184","1.79537"
"2084300184","1992093760","1.79537"
"1992093760","2170171586","2.1287"
"2170171586","1992093760","2.1287"
"1992093760","2198182223","0.125"
"2198182223","1992093760","0.125"
"1992093760","2301415919","0.225"
"2301415919","1992093760","0.225"
"1992093760","27149491","0.162037"
"27149491","1992093760","0.162037"
"2084300184","2170171586","4.79537"
"2170171586","2084300184","4.79537"
"2084300184","2198182223","0.125"
"2198182223","2084300184","0.125"
"2084300184","2301415919","1.225"
"2301415919","2084300184","1.225"
"2084300184","27149491","0.162037"
"27149491","2084300184","0.162037"
"2170171586","2198182223","0.125"
"2198182223","2170171586","0.125"
"2170171586","2301415919","0.225"
"2301415919","2170171586","0.225"
"2170171586","27149491","0.162037"
"27149491","2170171586","0.162037"
"2198182223","2301415919","0.125"
"2301415919","2198182223","0.125"
"2198182223","27149491","0.125"
"27149491","2198182223","0.125"
"2301415919","27149491","0.658333"
"27149491","2301415919","0.658333"
"1511817737","2003748004","0.287037"
"2003748004","1511817737","0.287037"
"1511817737","2113851063","0.287037"
"2113851063","1511817737","0.287037"
"1511817737","2139287545","0.25"
"2139287545","1511817737","0.25"
"2003748004","2085863229","0.398148"
"2085863229","2003748004","0.398148"
"2003748004","2113851063","10.6315"
"2113851063","2003748004","10.6315"
"2003748004","2139287545","4.96111"
"2139287545","2003748004","4.96111"
"2085863229","2113851063","0.398148"
"2113851063","2085863229","0.398148"
"2085863229","2139287545","0.361111"
"2139287545","2085863229","0.361111"
"2113851063","2139287545","3.76111"
"2139287545","2113851063","3.76111"
"1520745363","1591825788","0.2"
"1591825788","1520745363","0.2"
"1520745363","2075138637","0.2"
"2075138637","1520745363","0.2"
"1591825788","2198182223","0.2"
"2198182223","1591825788","0.2"
"2075138637","2198182223","0.2"
"2198182223","2075138637","0.2"
"1511817737","1514039711","0.111111"
"1514039711","1511817737","0.111111"
"1511817737","1879406887","0.111111"
"1879406887","1511817737","0.111111"
"1511817737","2100245805","0.148148"
"2100245805","1511817737","0.148148"
"1511817737","2106065717","0.148148"
"2106065717","1511817737","0.148148"
"1511817737","2585081756","0.148148"
"2585081756","1511817737","0.148148"
"1511817737","2951572063","0.111111"
"2951572063","1511817737","0.111111"
"1514039711","1879406887","1.29683"
"1879406887","1514039711","1.29683"
"1514039711","1937346350","0.111111"
"1937346350","1514039711","0.111111"
"1514039711","2100245805","0.444444"
"2100245805","1514039711","0.444444"
"1514039711","2106065717","0.111111"
"2106065717","1514039711","0.111111"
"1514039711","2205525215","0.111111"
"2205525215","1514039711","0.111111"
"1514039711","2585081756","0.111111"
"2585081756","1514039711","0.111111"
"1514039711","2949227506","0.111111"
"2949227506","1514039711","0.111111"
"1514039711","2951572063","2.29683"
"2951572063","1514039711","2.29683"
"1879406887","1937346350","0.111111"
"1937346350","1879406887","0.111111"
"1879406887","2100245805","1.7873"
"2100245805","1879406887","1.7873"
"1879406887","2106065717","0.453968"
"2106065717","1879406887","0.453968"
"1879406887","2205525215","0.111111"
"2205525215","1879406887","0.111111"
"1879406887","2585081756","0.253968"
"2585081756","1879406887","0.253968"
"1879406887","2949227506","0.253968"
"2949227506","1879406887","0.253968"
"1879406887","2951572063","1.29683"
"2951572063","1879406887","1.29683"
"1937346350","2100245805","0.211111"
"2100245805","1937346350","0.211111"
"1937346350","2106065717","0.111111"
"2106065717","1937346350","0.111111"
"1937346350","2205525215","0.111111"
"2205525215","1937346350","0.111111"
"1937346350","2585081756","0.111111"
"2585081756","1937346350","0.111111"
"1937346350","2949227506","0.111111"
"2949227506","1937346350","0.111111"
"1937346350","2951572063","0.111111"
"2951572063","1937346350","0.111111"
"2100245805","2106065717","1.24101"
"2106065717","2100245805","1.24101"
"2100245805","2205525215","0.111111"
"2205525215","2100245805","0.111111"
"2100245805","2585081756","0.291005"
"2585081756","2100245805","0.291005"
"2100245805","2949227506","0.541005"
"2949227506","2100245805","0.541005"
"2100245805","2951572063","0.444444"
"2951572063","2100245805","0.444444"
"2106065717","2205525215","0.111111"
"2205525215","2106065717","0.111111"
"2106065717","2585081756","0.291005"
"2585081756","2106065717","0.291005"
"2106065717","2949227506","0.291005"
"2949227506","2106065717","0.291005"
"2106065717","2951572063","0.111111"
"2951572063","2106065717","0.111111"
"2205525215","2585081756","1.61111"
"2585081756","2205525215","1.61111"
"2205525215","2949227506","3.61111"
"2949227506","2205525215","3.61111"
"2205525215","2951572063","0.111111"
"2951572063","2205525215","0.111111"
"2585081756","2949227506","2.29101"
"2949227506","2585081756","2.29101"
"2585081756","2951572063","0.111111"
"2951572063","2585081756","0.111111"
"2949227506","2951572063","0.111111"
"2951572063","2949227506","0.111111"
"1511817737","1550024914","0.037037"
"1550024914","1511817737","0.037037"
"1511817737","1590824348","0.037037"
"1590824348","1511817737","0.037037"
"1511817737","1997842357","0.037037"
"1997842357","1511817737","0.037037"
"1511817737","2032172268","0.037037"
"2032172268","1511817737","0.037037"
"1511817737","2163288278","0.037037"
"2163288278","1511817737","0.037037"
"1511817737","2418605222","0.037037"
"2418605222","1511817737","0.037037"
"1511817737","2594439239","0.037037"
"2594439239","1511817737","0.037037"
"1511817737","2618986323","0.037037"
"2618986323","1511817737","0.037037"
"1550024914","156904418","0.37037"
"156904418","1550024914","0.37037"
"1550024914","1590824348","0.037037"
"1590824348","1550024914","0.037037"
"1550024914","1591825788","0.162037"
"1591825788","1550024914","0.162037"
"1550024914","1635862809","0.037037"
"1635862809","1550024914","0.037037"
"1550024914","1992093760","0.37037"
"1992093760","1550024914","0.37037"
"1550024914","1997842357","0.037037"
"1997842357","1550024914","0.037037"
"1550024914","2003748004","0.037037"
"2003748004","1550024914","0.037037"
"1550024914","2003752715","0.037037"
"2003752715","1550024914","0.037037"
"1550024914","2032172268","9.66204"
"2032172268","1550024914","9.66204"
"1550024914","2066190737","0.537037"
"2066190737","1550024914","0.537037"
"1550024914","2075138637","0.037037"
"2075138637","1550024914","0.037037"
"1550024914","2084300184","0.037037"
"2084300184","1550024914","0.037037"
"1550024914","2085863229","0.037037"
"2085863229","1550024914","0.037037"
"1550024914","2100245805","0.037037"
"2100245805","1550024914","0.037037"
"1550024914","2106065717","0.037037"
"2106065717","1550024914","0.037037"
"1550024914","2113851063","0.037037"
"2113851063","1550024914","0.037037"
"1550024914","2128361829","0.037037"
"2128361829","1550024914","0.037037"
"1550024914","2130680161","0.037037"
"2130680161","1550024914","0.037037"
"1550024914","2163288278","0.037037"
"2163288278","1550024914","0.037037"
"1550024914","2170171586","0.37037"
"2170171586","1550024914","0.37037"
"1550024914","2418605222","0.037037"
"2418605222","1550024914","0.037037"
"1550024914","2585081756","0.037037"
"2585081756","1550024914","0.037037"
"1550024914","2594439239","0.037037"
"2594439239","1550024914","0.037037"
"1550024914","2618986323","0.037037"
"2618986323","1550024914","0.037037"
"1550024914","27149491","0.037037"
"27149491","1550024914","0.037037"
"1550024914","2949227506","0.037037"
"2949227506","1550024914","0.037037"
"156904418","1590824348","0.037037"
"1590824348","156904418","0.037037"
"156904418","1591825788","0.037037"
"1591825788","156904418","0.037037"
"156904418","1635862809","0.137037"
"1635862809","156904418","0.137037"
"156904418","1997842357","0.037037"
"1997842357","156904418","0.037037"
"156904418","2003748004","0.037037"
"2003748004","156904418","0.037037"
"156904418","2003752715","0.137037"
"2003752715","156904418","0.137037"
"156904418","2032172268","0.037037"
"2032172268","156904418","0.037037"
"156904418","2066190737","0.037037"
"2066190737","156904418","0.037037"
"156904418","2075138637","0.337037"
"2075138637","156904418","0.337037"
"156904418","2085863229","0.137037"
"2085863229","156904418","0.137037"
"156904418","2100245805","0.629894"
"2100245805","156904418","0.629894"
"156904418","2106065717","0.379894"
"2106065717","156904418","0.379894"
"156904418","2113851063","0.037037"
"2113851063","156904418","0.037037"
"156904418","2128361829","0.137037"
"2128361829","156904418","0.137037"
"156904418","2130680161","1.17989"
"2130680161","156904418","1.17989"
"156904418","2163288278","0.037037"
"2163288278","156904418","0.037037"
"156904418","2418605222","0.287037"
"2418605222","156904418","0.287037"
"156904418","2585081756","0.179894"
"2585081756","156904418","0.179894"
"156904418","2594439239","0.037037"
"2594439239","156904418","0.037037"
"156904418","2618986323","0.037037"
"2618986323","156904418","0.037037"
"156904418","2949227506","0.429894"
"2949227506","156904418","0.429894"
"1590824348","1591825788","0.037037"
"1591825788","1590824348","0.037037"
"1590824348","1635862809","0.037037"
"1635862809","1590824348","0.037037"
"1590824348","1992093760","0.037037"
"1992093760","1590824348","0.037037"
"1590824348","1997842357","0.037037"
"1997842357","1590824348","0.037037"
"1590824348","2003748004","0.037037"
"2003748004","1590824348","0.037037"
"1590824348","2003752715","0.037037"
"2003752715","1590824348","0.037037"
"1590824348","2032172268","0.037037"
"2032172268","1590824348","0.037037"
"1590824348","2066190737","0.037037"
"2066190737","1590824348","0.037037"
"1590824348","2075138637","0.037037"
"2075138637","1590824348","0.037037"
"1590824348","2084300184","0.037037"
"2084300184","1590824348","0.037037"
"1590824348","2085863229","0.037037"
"2085863229","1590824348","0.037037"
"1590824348","2100245805","0.037037"
"2100245805","1590824348","0.037037"
"1590824348","2106065717","0.037037"
"2106065717","1590824348","0.037037"
"1590824348","2113851063","0.037037"
"2113851063","1590824348","0.037037"
"1590824348","2128361829","0.037037"
"2128361829","1590824348","0.037037"
"1590824348","2130680161","0.037037"
"2130680161","1590824348","0.037037"
"1590824348","2163288278","0.037037"
"2163288278","1590824348","0.037037"
"1590824348","2170171586","0.037037"
"2170171586","1590824348","0.037037"
"1590824348","2418605222","0.037037"
"2418605222","1590824348","0.037037"
"1590824348","2585081756","0.037037"
"2585081756","1590824348","0.037037"
"1590824348","2594439239","13.787"
"2594439239","1590824348","13.787"
"1590824348","2618986323","0.037037"
"2618986323","1590824348","0.037037"
"1590824348","27149491","1.53704"
"27149491","1590824348","1.53704"
"1590824348","2949227506","0.037037"
"2949227506","1590824348","0.037037"
"1591825788","1635862809","0.037037"
"1635862809","1591825788","0.037037"
"1591825788","1992093760","0.037037"
"1992093760","1591825788","0.037037"
"1591825788","1997842357","0.203704"
"1997842357","1591825788","0.203704"
"1591825788","2003748004","0.037037"
"2003748004","1591825788","0.037037"
"1591825788","2003752715","0.037037"
"2003752715","1591825788","0.037037"
"1591825788","2032172268","0.162037"
"2032172268","1591825788","0.162037"
"1591825788","2066190737","0.037037"
"2066190737","1591825788","0.037037"
"1591825788","2084300184","0.037037"
"2084300184","1591825788","0.037037"
"1591825788","2085863229","0.037037"
"2085863229","1591825788","0.037037"
"1591825788","2100245805","0.037037"
"2100245805","1591825788","0.037037"
"1591825788","2106065717","0.037037"
"2106065717","1591825788","0.037037"
"1591825788","2113851063","0.037037"
"2113851063","1591825788","0.037037"
"1591825788","2130680161","0.037037"
"2130680161","1591825788","0.037037"
"1591825788","2163288278","0.203704"
"2163288278","1591825788","0.203704"
"1591825788","2170171586","0.037037"
"2170171586","1591825788","0.037037"
"1591825788","2418605222","0.037037"
"2418605222","1591825788","0.037037"
"1591825788","2585081756","0.037037"
"2585081756","1591825788","0.037037"
"1591825788","2594439239","0.037037"
"2594439239","1591825788","0.037037"
"1591825788","2618986323","0.037037"
"2618986323","1591825788","0.037037"
"1591825788","27149491","0.037037"
"27149491","1591825788","0.037037"
"1591825788","2949227506","0.037037"
"2949227506","1591825788","0.037037"
"1635862809","1992093760","0.137037"
"1992093760","1635862809","0.137037"
"1635862809","1997842357","0.037037"
"1997842357","1635862809","0.037037"
"1635862809","2003748004","0.037037"
"2003748004","1635862809","0.037037"
"1635862809","2032172268","0.037037"
"2032172268","1635862809","0.037037"
"1635862809","2066190737","0.689418"
"2066190737","1635862809","0.689418"
"1635862809","2075138637","0.137037"
"2075138637","1635862809","0.137037"
"1635862809","2084300184","0.637037"
"2084300184","1635862809","0.637037"
"1635862809","2100245805","0.037037"
"2100245805","1635862809","0.037037"
"1635862809","2106065717","0.037037"
"2106065717","1635862809","0.037037"
"1635862809","2113851063","0.037037"
"2113851063","1635862809","0.037037"
"1635862809","2163288278","0.037037"
"2163288278","1635862809","0.037037"
"1635862809","2170171586","0.137037"
"2170171586","1635862809","0.137037"
"1635862809","2418605222","0.037037"
"2418605222","1635862809","0.037037"
"1635862809","2585081756","0.037037"
"2585081756","1635862809","0.037037"
"1635862809","2594439239","0.037037"
"2594439239","1635862809","0.037037"
"1635862809","2618986323","0.037037"
"2618986323","1635862809","0.037037"
"1635862809","27149491","0.037037"
"27149491","1635862809","0.037037"
"1635862809","2949227506","0.037037"
"2949227506","1635862809","0.037037"
"1992093760","1997842357","0.037037"
"1997842357","1992093760","0.037037"
"1992093760","2003748004","0.037037"
"2003748004","1992093760","0.037037"
"1992093760","2003752715","0.137037"
"2003752715","1992093760","0.137037"
"1992093760","2032172268","0.037037"
"2032172268","1992093760","0.037037"
"1992093760","2066190737","0.037037"
"2066190737","1992093760","0.037037"
"1992093760","2075138637","0.337037"
"2075138637","1992093760","0.337037"
"1992093760","2085863229","0.137037"
"2085863229","1992093760","0.137037"
"1992093760","2100245805","0.629894"
"2100245805","1992093760","0.629894"
"1992093760","2106065717","0.379894"
"2106065717","1992093760","0.379894"
"1992093760","2113851063","0.037037"
"2113851063","1992093760","0.037037"
"1992093760","2128361829","0.137037"
"2128361829","1992093760","0.137037"
"1992093760","2130680161","1.17989"
"2130680161","1992093760","1.17989"
"1992093760","2163288278","0.037037"
"2163288278","1992093760","0.037037"
"1992093760","2418605222","0.287037"
"2418605222","1992093760","0.287037"
"1992093760","2585081756","0.179894"
"2585081756","1992093760","0.179894"
"1992093760","2594439239","0.037037"
"2594439239","1992093760","0.037037"
"1992093760","2618986323","0.037037"
"2618986323","1992093760","0.037037"
"1992093760","2949227506","0.429894"
"2949227506","1992093760","0.429894"
"1997842357","2003748004","0.037037"
"2003748004","1997842357","0.037037"
"1997842357","2003752715","0.037037"
"2003752715","1997842357","0.037037"
"1997842357","2032172268","0.037037"
"2032172268","1997842357","0.037037"
"1997842357","2066190737","0.037037"
"2066190737","1997842357","0.037037"
"1997842357","2075138637","0.287037"
"2075138637","1997842357","0.287037"
"1997842357","2084300184","0.037037"
"2084300184","1997842357","0.037037"
"1997842357","2085863229","0.037037"
"2085863229","1997842357","0.037037"
"1997842357","2100245805","0.287037"
"2100245805","1997842357","0.287037"
"1997842357","2106065717","0.037037"
"2106065717","1997842357","0.037037"
"1997842357","2113851063","0.037037"
"2113851063","1997842357","0.037037"
"1997842357","2128361829","0.287037"
"2128361829","1997842357","0.287037"
"1997842357","2130680161","0.287037"
"2130680161","1997842357","0.287037"
"1997842357","2163288278","2.2037"
"2163288278","1997842357","2.2037"
"1997842357","2170171586","0.037037"
"2170171586","1997842357","0.037037"
"1997842357","2418605222","0.037037"
"2418605222","1997842357","0.037037"
"1997842357","2585081756","0.037037"
"2585081756","1997842357","0.037037"
"1997842357","2594439239","0.037037"
"2594439239","1997842357","0.037037"
"1997842357","2618986323","0.037037"
"2618986323","1997842357","0.037037"
"1997842357","27149491","0.037037"
"27149491","1997842357","0.037037"
"1997842357","2949227506","0.037037"
"2949227506","1997842357","0.037037"
"2003748004","2003752715","0.037037"
"2003752715","2003748004","0.037037"
"2003748004","2032172268","0.037037"
"2032172268","2003748004","0.037037"
"2003748004","2066190737","0.037037"
"2066190737","2003748004","0.037037"
"2003748004","2075138637","0.037037"
"2075138637","2003748004","0.037037"
"2003748004","2084300184","0.037037"
"2084300184","2003748004","0.037037"
"2003748004","2100245805","0.037037"
"2100245805","2003748004","0.037037"
"2003748004","2106065717","0.037037"
"2106065717","2003748004","0.037037"
"2003748004","2128361829","0.148148"
"2128361829","2003748004","0.148148"
"2003748004","2130680161","0.148148"
"2130680161","2003748004","0.148148"
"2003748004","2163288278","0.237037"
"2163288278","2003748004","0.237037"
"2003748004","2170171586","0.037037"
"2170171586","2003748004","0.037037"
"2003748004","2418605222","0.037037"
"2418605222","2003748004","0.037037"
"2003748004","2585081756","0.037037"
"2585081756","2003748004","0.037037"
"2003748004","2594439239","0.037037"
"2594439239","2003748004","0.037037"
"2003748004","2618986323","0.037037"
"2618986323","2003748004","0.037037"
"2003748004","27149491","0.57037"
"27149491","2003748004","0.57037"
"2003748004","2949227506","0.037037"
"2949227506","2003748004","0.037037"
"2003752715","2032172268","0.037037"
"2032172268","2003752715","0.037037"
"2003752715","2066190737","0.689418"
"2066190737","2003752715","0.689418"
"2003752715","2075138637","0.137037"
"2075138637","2003752715","0.137037"
"2003752715","2084300184","0.637037"
"2084300184","2003752715","0.637037"
"2003752715","2100245805","0.037037"
"2100245805","2003752715","0.037037"
"2003752715","2106065717","0.037037"
"2106065717","2003752715","0.037037"
"2003752715","2113851063","0.037037"
"2113851063","2003752715","0.037037"
"2003752715","2163288278","0.037037"
"2163288278","2003752715","0.037037"
"2003752715","2170171586","0.137037"
"2170171586","2003752715","0.137037"
"2003752715","2418605222","0.037037"
"2418605222","2003752715","0.037037"
"2003752715","2585081756","0.037037"
"2585081756","2003752715","0.037037"
"2003752715","2594439239","0.037037"
"2594439239","2003752715","0.037037"
"2003752715","2618986323","0.037037"
"2618986323","2003752715","0.037037"
"2003752715","27149491","0.037037"
"27149491","2003752715","0.037037"
"2003752715","2949227506","0.037037"
"2949227506","2003752715","0.037037"
"2032172268","2066190737","0.537037"
"2066190737","2032172268","0.537037"
"2032172268","2075138637","0.037037"
"2075138637","2032172268","0.037037"
"2032172268","2084300184","0.037037"
"2084300184","2032172268","0.037037"
"2032172268","2085863229","0.037037"
"2085863229","2032172268","0.037037"
"2032172268","2100245805","0.037037"
"2100245805","2032172268","0.037037"
"2032172268","2106065717","0.037037"
"2106065717","2032172268","0.037037"
"2032172268","2113851063","0.037037"
"2113851063","2032172268","0.037037"
"2032172268","2128361829","0.037037"
"2128361829","2032172268","0.037037"
"2032172268","2130680161","0.037037"
"2130680161","2032172268","0.037037"
"2032172268","2163288278","0.037037"
"2163288278","2032172268","0.037037"
"2032172268","2170171586","0.037037"
"2170171586","2032172268","0.037037"
"2032172268","2418605222","0.037037"
"2418605222","2032172268","0.037037"
"2032172268","2585081756","0.037037"
"2585081756","2032172268","0.037037"
"2032172268","2594439239","0.037037"
"2594439239","2032172268","0.037037"
"2032172268","2618986323","0.037037"
"2618986323","2032172268","0.037037"
"2032172268","27149491","0.037037"
"27149491","2032172268","0.037037"
"2032172268","2949227506","0.037037"
"2949227506","2032172268","0.037037"
"2066190737","2075138637","0.037037"
"2075138637","2066190737","0.037037"
"2066190737","2084300184","0.037037"
"2084300184","2066190737","0.037037"
"2066190737","2085863229","0.037037"
"2085863229","2066190737","0.037037"
"2066190737","2100245805","0.037037"
"2100245805","2066190737","0.037037"
"2066190737","2106065717","0.037037"
"2106065717","2066190737","0.037037"
"2066190737","2113851063","0.037037"
"2113851063","2066190737","0.037037"
"2066190737","2128361829","0.037037"
"2128361829","2066190737","0.037037"
"2066190737","2130680161","0.037037"
"2130680161","2066190737","0.037037"
"2066190737","2163288278","0.037037"
"2163288278","2066190737","0.037037"
"2066190737","2170171586","0.037037"
"2170171586","2066190737","0.037037"
"2066190737","2418605222","0.037037"
"2418605222","2066190737","0.037037"
"2066190737","2585081756","0.037037"
"2585081756","2066190737","0.037037"
"2066190737","2594439239","0.037037"
"2594439239","2066190737","0.037037"
"2066190737","2618986323","0.037037"
"2618986323","2066190737","0.037037"
"2066190737","27149491","0.037037"
"27149491","2066190737","0.037037"
"2066190737","2949227506","0.037037"
"2949227506","2066190737","0.037037"
"2075138637","2084300184","0.337037"
"2084300184","2075138637","0.337037"
"2075138637","2085863229","0.47037"
"2085863229","2075138637","0.47037"
"2075138637","2100245805","1.22037"
"2100245805","2075138637","1.22037"
"2075138637","2106065717","0.037037"
"2106065717","2075138637","0.037037"
"2075138637","2113851063","0.037037"
"2113851063","2075138637","0.037037"
"2075138637","2130680161","1.08704"
"2130680161","2075138637","1.08704"
"2075138637","2163288278","0.537037"
"2163288278","2075138637","0.537037"
"2075138637","2170171586","0.337037"
"2170171586","2075138637","0.337037"
"2075138637","2418605222","0.037037"
"2418605222","2075138637","0.037037"
"2075138637","2585081756","0.037037"
"2585081756","2075138637","0.037037"
"2075138637","2594439239","0.037037"
"2594439239","2075138637","0.037037"
"2075138637","2618986323","0.037037"
"2618986323","2075138637","0.037037"
"2075138637","27149491","0.037037"
"27149491","2075138637","0.037037"
"2075138637","2949227506","0.037037"
"2949227506","2075138637","0.037037"
"2084300184","2085863229","0.137037"
"2085863229","2084300184","0.137037"
"2084300184","2100245805","0.037037"
"2100245805","2084300184","0.037037"
"2084300184","2106065717","0.037037"
