"1478624091","1489719230","3.08872"
"1489719230","1478624091","3.08872"
"1478624091","1761957453","4.75538"
"1761957453","1478624091","4.75538"
"1478624091","2207067118","2.69586"
"2207067118","1478624091","2.69586"
"1489719230","1761957453","2.42205"
"1761957453","1489719230","2.42205"
"1489719230","2207067118","2.36253"
"2207067118","1489719230","2.36253"
"1761957453","2207067118","4.36253"
"2207067118","1761957453","4.36253"
"1478624091","2064907273","2.08872"
"2064907273","1478624091","2.08872"
"1478624091","2613212056","0.366667"
"2613212056","1478624091","0.366667"
"1489719230","2064907273","1.83872"
"2064907273","1489719230","1.83872"
"1489719230","2613212056","0.366667"
"2613212056","1489719230","0.366667"
"1761957453","2064907273","1.25538"
"2064907273","1761957453","1.25538"
"1761957453","2613212056","0.366667"
"2613212056","1761957453","0.366667"
"2064907273","2207067118","1.19586"
"2207067118","2064907273","1.19586"
"2064907273","2613212056","0.909524"
"2613212056","2064907273","0.909524"
"2207067118","2613212056","0.366667"
"2613212056","2207067118","0.366667"
"1478624091","2199076849","0.829193"
"2199076849","1478624091","0.829193"
"1478624091","2952434347","0.829193"
"2952434347","1478624091","0.829193"
"1489719230","2199076849","2.32919"
"2199076849","1489719230","2.32919"
"1489719230","2952434347","2.07919"
"2952434347","1489719230","2.07919"
"1761957453","2199076849","0.495859"
"2199076849","1761957453","0.495859"
"1761957453","2952434347","0.495859"
"2952434347","1761957453","0.495859"
"2064907273","2199076849","2.44586"
"2199076849","2064907273","2.44586"
"2064907273","2952434347","1.49586"
"2952434347","2064907273","1.49586"
"2199076849","2207067118","0.995859"
"2207067118","2199076849","0.995859"
"2199076849","2952434347","3.52086"
"2952434347","2199076849","3.52086"
"2207067118","2952434347","0.495859"
"2952434347","2207067118","0.495859"
"1478624091","2061706289","1.38872"
"2061706289","1478624091","1.38872"
"2061706289","2064907273","1.38872"
"2064907273","2061706289","1.38872"
"1478624091","1484172663","0.186335"
"1484172663","1478624091","0.186335"
"1478624091","1971427863","0.186335"
"1971427863","1478624091","0.186335"
"1478624091","2132544882","0.186335"
"2132544882","1478624091","0.186335"
"1484172663","1489719230","0.186335"
"1489719230","1484172663","0.186335"
"1484172663","1761957453","0.186335"
"1761957453","1484172663","0.186335"
"1484172663","1971427863","0.686335"
"1971427863","1484172663","0.686335"
"1484172663","2061706289","0.186335"
"2061706289","1484172663","0.186335"
"1484172663","2064907273","1.01134"
"2064907273","1484172663","1.01134"
"1484172663","2132544882","2.18634"
"2132544882","1484172663","2.18634"
"1489719230","1971427863","0.186335"
"1971427863","1489719230","0.186335"
"1489719230","2061706289","0.888716"
"2061706289","1489719230","0.888716"
"1489719230","2132544882","0.436335"
"2132544882","1489719230","0.436335"
"1761957453","1971427863","0.186335"
"1971427863","1761957453","0.186335"
"1761957453","2061706289","0.888716"
"2061706289","1761957453","0.888716"
"1761957453","2132544882","0.186335"
"2132544882","1761957453","0.186335"
"1971427863","2061706289","0.186335"
"2061706289","1971427863","0.186335"
"1971427863","2064907273","0.529193"
"2064907273","1971427863","0.529193"
"1971427863","2132544882","5.19586"
"2132544882","1971427863","5.19586"
"2061706289","2132544882","0.186335"
"2132544882","2061706289","0.186335"
"2064907273","2132544882","0.979193"
"2132544882","2064907273","0.979193"
"1478624091","2606221539","0.333333"
"2606221539","1478624091","0.333333"
"1761957453","2606221539","0.333333"
"2606221539","1761957453","0.333333"
"2207067118","2606221539","0.333333"
"2606221539","2207067118","0.333333"
"1478624091","1541087836","1.5"
"1541087836","1478624091","1.5"
"2061706289","2199076849","0.329193"
"2199076849","2061706289","0.329193"
"2061706289","2207067118","0.495859"
"2207067118","2061706289","0.495859"
"2061706289","2952434347","0.329193"
"2952434347","2061706289","0.329193"
"1478624091","1557748479","0.0434783"
"1557748479","1478624091","0.0434783"
"1478624091","1600196810","1.04348"
"1600196810","1478624091","1.04348"
"1478624091","1839044391","0.0434783"
"1839044391","1478624091","0.0434783"
"1478624091","1944323241","0.0434783"
"1944323241","1478624091","0.0434783"
"1478624091","2046551143","0.0434783"
"2046551143","1478624091","0.0434783"
"1478624091","2118784345","0.0434783"
"2118784345","1478624091","0.0434783"
"1478624091","2129038350","0.0434783"
"2129038350","1478624091","0.0434783"
"1478624091","2345738554","0.0434783"
"2345738554","1478624091","0.0434783"
"1478624091","2520001224","0.0434783"
"2520001224","1478624091","0.0434783"
"1478624091","2612804666","0.0434783"
"2612804666","1478624091","0.0434783"
"1478624091","2628270564","0.0434783"
"2628270564","1478624091","0.0434783"
"1478624091","2750274507","0.0434783"
"2750274507","1478624091","0.0434783"
"1478624091","2995364870","0.0434783"
"2995364870","1478624091","0.0434783"
"1484172663","1557748479","1.08514"
"1557748479","1484172663","1.08514"
"1484172663","1600196810","0.168478"
"1600196810","1484172663","0.168478"
"1484172663","1839044391","0.243478"
"1839044391","1484172663","0.243478"
"1484172663","1944323241","0.876812"
"1944323241","1484172663","0.876812"
"1484172663","2046551143","0.210145"
"2046551143","1484172663","0.210145"
"1484172663","2118784345","1.74348"
"2118784345","1484172663","1.74348"
"1484172663","2129038350","0.168478"
"2129038350","1484172663","0.168478"
"1484172663","2199076849","0.493478"
"2199076849","1484172663","0.493478"
"1484172663","2207067118","0.0434783"
"2207067118","1484172663","0.0434783"
"1484172663","2345738554","0.0434783"
"2345738554","1484172663","0.0434783"
"1484172663","2520001224","0.0434783"
"2520001224","1484172663","0.0434783"
"1484172663","2612804666","0.0434783"
"2612804666","1484172663","0.0434783"
"1484172663","2628270564","0.0434783"
"2628270564","1484172663","0.0434783"
"1484172663","2750274507","0.210145"
"2750274507","1484172663","0.210145"
"1484172663","2952434347","0.293478"
"2952434347","1484172663","0.293478"
"1484172663","2995364870","0.0434783"
"2995364870","1484172663","0.0434783"
"1489719230","1557748479","0.0434783"
"1557748479","1489719230","0.0434783"
"1489719230","1600196810","0.0434783"
"1600196810","1489719230","0.0434783"
"1489719230","1839044391","0.0434783"
"1839044391","1489719230","0.0434783"
"1489719230","1944323241","0.0434783"
"1944323241","1489719230","0.0434783"
"1489719230","2046551143","0.293478"
"2046551143","1489719230","0.293478"
"1489719230","2118784345","0.0434783"
"2118784345","1489719230","0.0434783"
"1489719230","2129038350","0.0434783"
"2129038350","1489719230","0.0434783"
"1489719230","2345738554","0.0434783"
"2345738554","1489719230","0.0434783"
"1489719230","2520001224","0.0434783"
"2520001224","1489719230","0.0434783"
"1489719230","2612804666","0.0434783"
"2612804666","1489719230","0.0434783"
"1489719230","2628270564","0.0434783"
"2628270564","1489719230","0.0434783"
"1489719230","2750274507","0.0434783"
"2750274507","1489719230","0.0434783"
"1489719230","2995364870","0.0434783"
"2995364870","1489719230","0.0434783"
"1557748479","1600196810","0.418478"
"1600196810","1557748479","0.418478"
"1557748479","1761957453","0.0434783"
"1761957453","1557748479","0.0434783"
"1557748479","1839044391","1.04348"
"1839044391","1557748479","1.04348"
"1557748479","1944323241","0.293478"
"1944323241","1557748479","0.293478"
"1557748479","1971427863","0.0434783"
"1971427863","1557748479","0.0434783"
"1557748479","2046551143","0.210145"
"2046551143","1557748479","0.210145"
"1557748479","2061706289","0.0434783"
"2061706289","1557748479","0.0434783"
"1557748479","2064907273","0.418478"
"2064907273","1557748479","0.418478"
"1557748479","2118784345","0.0434783"
"2118784345","1557748479","0.0434783"
"1557748479","2129038350","0.168478"
"2129038350","1557748479","0.168478"
"1557748479","2132544882","1.46014"
"2132544882","1557748479","1.46014"
"1557748479","2199076849","0.0434783"
"2199076849","1557748479","0.0434783"
"1557748479","2207067118","0.0434783"
"2207067118","1557748479","0.0434783"
"1557748479","2345738554","0.0434783"
"2345738554","1557748479","0.0434783"
"1557748479","2520001224","0.0434783"
"2520001224","1557748479","0.0434783"
"1557748479","2612804666","0.0434783"
"2612804666","1557748479","0.0434783"
"1557748479","2628270564","0.0434783"
"2628270564","1557748479","0.0434783"
"1557748479","2750274507","0.210145"
"2750274507","1557748479","0.210145"
"1557748479","2952434347","0.0434783"
"2952434347","1557748479","0.0434783"
"1557748479","2995364870","0.0434783"
"2995364870","1557748479","0.0434783"
"1600196810","1761957453","0.0434783"
"1761957453","1600196810","0.0434783"
"1600196810","1839044391","1.04348"
"1839044391","1600196810","1.04348"
"1600196810","1944323241","0.626812"
"1944323241","1600196810","0.626812"
"1600196810","1971427863","0.876812"
"1971427863","1600196810","0.876812"
"1600196810","2046551143","0.0434783"
"2046551143","1600196810","0.0434783"
"1600196810","2061706289","0.0434783"
"2061706289","1600196810","0.0434783"
"1600196810","2064907273","0.168478"
"2064907273","1600196810","0.168478"
"1600196810","2118784345","0.0434783"
"2118784345","1600196810","0.0434783"
"1600196810","2129038350","5.16848"
"2129038350","1600196810","5.16848"
"1600196810","2132544882","0.626812"
"2132544882","1600196810","0.626812"
"1600196810","2199076849","0.0434783"
"2199076849","1600196810","0.0434783"
"1600196810","2207067118","0.0434783"
"2207067118","1600196810","0.0434783"
"1600196810","2345738554","0.0434783"
"2345738554","1600196810","0.0434783"
"1600196810","2520001224","0.0434783"
"2520001224","1600196810","0.0434783"
"1600196810","2612804666","0.0434783"
"2612804666","1600196810","0.0434783"
"1600196810","2628270564","0.0434783"
"2628270564","1600196810","0.0434783"
"1600196810","2750274507","0.0434783"
"2750274507","1600196810","0.0434783"
"1600196810","2952434347","0.0434783"
"2952434347","1600196810","0.0434783"
"1600196810","2995364870","0.0434783"
"2995364870","1600196810","0.0434783"
"1761957453","1839044391","0.0434783"
"1839044391","1761957453","0.0434783"
"1761957453","1944323241","0.0434783"
"1944323241","1761957453","0.0434783"
"1761957453","2046551143","0.0434783"
"2046551143","1761957453","0.0434783"
"1761957453","2118784345","0.0434783"
"2118784345","1761957453","0.0434783"
"1761957453","2129038350","0.0434783"
"2129038350","1761957453","0.0434783"
"1761957453","2345738554","0.0434783"
"2345738554","1761957453","0.0434783"
"1761957453","2520001224","0.0434783"
"2520001224","1761957453","0.0434783"
"1761957453","2612804666","0.0434783"
"2612804666","1761957453","0.0434783"
"1761957453","2628270564","0.0434783"
"2628270564","1761957453","0.0434783"
"1761957453","2750274507","0.0434783"
"2750274507","1761957453","0.0434783"
"1761957453","2995364870","0.0434783"
"2995364870","1761957453","0.0434783"
"1839044391","1944323241","0.0434783"
"1944323241","1839044391","0.0434783"
"1839044391","1971427863","0.0434783"
"1971427863","1839044391","0.0434783"
"1839044391","2046551143","0.0434783"
"2046551143","1839044391","0.0434783"
"1839044391","2061706289","0.0434783"
"2061706289","1839044391","0.0434783"
"1839044391","2064907273","0.243478"
"2064907273","1839044391","0.243478"
"1839044391","2118784345","0.243478"
"2118784345","1839044391","0.243478"
"1839044391","2129038350","0.0434783"
"2129038350","1839044391","0.0434783"
"1839044391","2132544882","0.0434783"
"2132544882","1839044391","0.0434783"
"1839044391","2199076849","0.243478"
"2199076849","1839044391","0.243478"
"1839044391","2207067118","0.0434783"
"2207067118","1839044391","0.0434783"
"1839044391","2345738554","0.0434783"
"2345738554","1839044391","0.0434783"
"1839044391","2520001224","0.0434783"
"2520001224","1839044391","0.0434783"
"1839044391","2612804666","0.0434783"
"2612804666","1839044391","0.0434783"
"1839044391","2628270564","0.0434783"
"2628270564","1839044391","0.0434783"
"1839044391","2750274507","0.0434783"
"2750274507","1839044391","0.0434783"
"1839044391","2952434347","0.0434783"
"2952434347","1839044391","0.0434783"
"1839044391","2995364870","0.0434783"
"2995364870","1839044391","0.0434783"
"1944323241","1971427863","5.053"
"1971427863","1944323241","5.053"
"1944323241","2046551143","0.493478"
"2046551143","1944323241","0.493478"
"1944323241","2061706289","0.0434783"
"2061706289","1944323241","0.0434783"
"1944323241","2064907273","0.586335"
"2064907273","1944323241","0.586335"
"1944323241","2118784345","0.0434783"
"2118784345","1944323241","0.0434783"
"1944323241","2129038350","0.376812"
"2129038350","1944323241","0.376812"
"1944323241","2132544882","16.0863"
"2132544882","1944323241","16.0863"
"1944323241","2199076849","0.293478"
"2199076849","1944323241","0.293478"
"1944323241","2207067118","0.0434783"
"2207067118","1944323241","0.0434783"
"1944323241","2345738554","0.0434783"
"2345738554","1944323241","0.0434783"
"1944323241","2520001224","0.0434783"
"2520001224","1944323241","0.0434783"
"1944323241","2612804666","0.0434783"
"2612804666","1944323241","0.0434783"
"1944323241","2628270564","0.0434783"
"2628270564","1944323241","0.0434783"
"1944323241","2750274507","0.493478"
"2750274507","1944323241","0.493478"
"1944323241","2952434347","0.293478"
"2952434347","1944323241","0.293478"
"1944323241","2995364870","0.0434783"
"2995364870","1944323241","0.0434783"
"1971427863","2046551143","0.293478"
"2046551143","1971427863","0.293478"
"1971427863","2118784345","0.0434783"
"2118784345","1971427863","0.0434783"
"1971427863","2129038350","0.376812"
"2129038350","1971427863","0.376812"
"1971427863","2199076849","0.0434783"
"2199076849","1971427863","0.0434783"
"1971427863","2207067118","0.0434783"
"2207067118","1971427863","0.0434783"
"1971427863","2345738554","0.0434783"
"2345738554","1971427863","0.0434783"
"1971427863","2520001224","0.0434783"
"2520001224","1971427863","0.0434783"
"1971427863","2612804666","0.0434783"
"2612804666","1971427863","0.0434783"
"1971427863","2628270564","0.0434783"
"2628270564","1971427863","0.0434783"
"1971427863","2750274507","0.293478"
"2750274507","1971427863","0.293478"
"1971427863","2952434347","0.0434783"
"2952434347","1971427863","0.0434783"
"1971427863","2995364870","0.0434783"
"2995364870","1971427863","0.0434783"
"2046551143","2061706289","0.0434783"
"2061706289","2046551143","0.0434783"
"2046551143","2064907273","0.493478"
"2064907273","2046551143","0.493478"
"2046551143","2118784345","0.0434783"
"2118784345","2046551143","0.0434783"
"2046551143","2129038350","0.0434783"
"2129038350","2046551143","0.0434783"
"2046551143","2132544882","0.910145"
"2132544882","2046551143","0.910145"
"2046551143","2199076849","0.0434783"
"2199076849","2046551143","0.0434783"
"2046551143","2207067118","0.0434783"
"2207067118","2046551143","0.0434783"
"2046551143","2345738554","0.0434783"
"2345738554","2046551143","0.0434783"
"2046551143","2520001224","0.0434783"
"2520001224","2046551143","0.0434783"
"2046551143","2612804666","0.0434783"
"2612804666","2046551143","0.0434783"
"2046551143","2628270564","0.0434783"
"2628270564","2046551143","0.0434783"
"2046551143","2750274507","8.16014"
"2750274507","2046551143","8.16014"
"2046551143","2952434347","0.293478"
"2952434347","2046551143","0.293478"
"2046551143","2995364870","0.0434783"
"2995364870","2046551143","0.0434783"
"2061706289","2118784345","0.0434783"
"2118784345","2061706289","0.0434783"
"2061706289","2129038350","0.0434783"
"2129038350","2061706289","0.0434783"
"2061706289","2345738554","0.0434783"
"2345738554","2061706289","0.0434783"
"2061706289","2520001224","0.0434783"
"2520001224","2061706289","0.0434783"
"2061706289","2612804666","0.0434783"
"2612804666","2061706289","0.0434783"
"2061706289","2628270564","0.0434783"
"2628270564","2061706289","0.0434783"
"2061706289","2750274507","0.0434783"
"2750274507","2061706289","0.0434783"
"2061706289","2995364870","0.0434783"
"2995364870","2061706289","0.0434783"
"2064907273","2118784345","1.69348"
"2118784345","2064907273","1.69348"
"2064907273","2129038350","0.168478"
"2129038350","2064907273","0.168478"
"2064907273","2345738554","0.0434783"
"2345738554","2064907273","0.0434783"
"2064907273","2520001224","0.0434783"
"2520001224","2064907273","0.0434783"
"2064907273","2612804666","0.243478"
"2612804666","2064907273","0.243478"
"2064907273","2628270564","0.243478"
"2628270564","2064907273","0.243478"
"2064907273","2750274507","0.243478"
"2750274507","2064907273","0.243478"
"2064907273","2995364870","0.0434783"
"2995364870","2064907273","0.0434783"
"2118784345","2129038350","0.0434783"
"2129038350","2118784345","0.0434783"
"2118784345","2132544882","0.0434783"
"2132544882","2118784345","0.0434783"
"2118784345","2199076849","0.810145"
"2199076849","2118784345","0.810145"
"2118784345","2207067118","0.0434783"
"2207067118","2118784345","0.0434783"
"2118784345","2345738554","0.0434783"
"2345738554","2118784345","0.0434783"
"2118784345","2520001224","0.0434783"
"2520001224","2118784345","0.0434783"
"2118784345","2612804666","0.243478"
"2612804666","2118784345","0.243478"
"2118784345","2628270564","0.243478"
"2628270564","2118784345","0.243478"
"2118784345","2750274507","0.0434783"
"2750274507","2118784345","0.0434783"
"2118784345","2952434347","0.610145"
"2952434347","2118784345","0.610145"
"2118784345","2995364870","0.0434783"
"2995364870","2118784345","0.0434783"
"2129038350","2132544882","0.376812"
"2132544882","2129038350","0.376812"
"2129038350","2199076849","0.0434783"
"2199076849","2129038350","0.0434783"
"2129038350","2207067118","0.0434783"
"2207067118","2129038350","0.0434783"
"2129038350","2345738554","0.0434783"
"2345738554","2129038350","0.0434783"
"2129038350","2520001224","0.0434783"
"2520001224","2129038350","0.0434783"
"2129038350","2612804666","0.0434783"
"2612804666","2129038350","0.0434783"
"2129038350","2628270564","0.0434783"
"2628270564","2129038350","0.0434783"
"2129038350","2750274507","0.0434783"
"2750274507","2129038350","0.0434783"
"2129038350","2952434347","0.0434783"
"2952434347","2129038350","0.0434783"
"2129038350","2995364870","0.0434783"
"2995364870","2129038350","0.0434783"
"2132544882","2199076849","0.293478"
"2199076849","2132544882","0.293478"
"2132544882","2207067118","0.0434783"
"2207067118","2132544882","0.0434783"
"2132544882","2345738554","0.0434783"
"2345738554","2132544882","0.0434783"
"2132544882","2520001224","0.0434783"
"2520001224","2132544882","0.0434783"
"2132544882","2612804666","0.0434783"
"2612804666","2132544882","0.0434783"
"2132544882","2628270564","0.0434783"
"2628270564","2132544882","0.0434783"
"2132544882","2750274507","0.660145"
"2750274507","2132544882","0.660145"
"2132544882","2952434347","0.543478"
"2952434347","2132544882","0.543478"
"2132544882","2995364870","0.0434783"
"2995364870","2132544882","0.0434783"
"2199076849","2345738554","0.168478"
"2345738554","2199076849","0.168478"
"2199076849","2520001224","0.168478"
"2520001224","2199076849","0.168478"
"2199076849","2612804666","0.168478"
"2612804666","2199076849","0.168478"
"2199076849","2628270564","0.168478"
"2628270564","2199076849","0.168478"
"2199076849","2750274507","0.0434783"
"2750274507","2199076849","0.0434783"
"2199076849","2995364870","0.0434783"
"2995364870","2199076849","0.0434783"
"2207067118","2345738554","0.0434783"
"2345738554","2207067118","0.0434783"
"2207067118","2520001224","0.0434783"
"2520001224","2207067118","0.0434783"
"2207067118","2612804666","0.0434783"
"2612804666","2207067118","0.0434783"
"2207067118","2628270564","0.0434783"
"2628270564","2207067118","0.0434783"
"2207067118","2750274507","0.0434783"
"2750274507","2207067118","0.0434783"
"2207067118","2995364870","0.0434783"
"2995364870","2207067118","0.0434783"
"2345738554","2520001224","1.16848"
"2520001224","2345738554","1.16848"
"2345738554","2612804666","1.16848"
"2612804666","2345738554","1.16848"
"2345738554","2628270564","1.16848"
"2628270564","2345738554","1.16848"
"2345738554","2750274507","0.0434783"
"2750274507","2345738554","0.0434783"
"2345738554","2952434347","0.168478"
"2952434347","2345738554","0.168478"
"2345738554","2995364870","0.0434783"
"2995364870","2345738554","0.0434783"
"2520001224","2612804666","2.66848"
"2612804666","2520001224","2.66848"
"2520001224","2628270564","4.66848"
"2628270564","2520001224","4.66848"
"2520001224","2750274507","0.0434783"
"2750274507","2520001224","0.0434783"
"2520001224","2952434347","0.168478"
"2952434347","2520001224","0.168478"
"2520001224","2995364870","0.0434783"
"2995364870","2520001224","0.0434783"
"2612804666","2628270564","2.86848"
"2628270564","2612804666","2.86848"
"2612804666","2750274507","0.0434783"
"2750274507","2612804666","0.0434783"
"2612804666","2952434347","0.168478"
"2952434347","2612804666","0.168478"
"2612804666","2995364870","0.0434783"
"2995364870","2612804666","0.0434783"
"2628270564","2750274507","0.0434783"
"2750274507","2628270564","0.0434783"
"2628270564","2952434347","0.168478"
"2952434347","2628270564","0.168478"
"2628270564","2995364870","0.0434783"
"2995364870","2628270564","0.0434783"
"2750274507","2952434347","0.0434783"
"2952434347","2750274507","0.0434783"
"2750274507","2995364870","0.0434783"
"2995364870","2750274507","0.0434783"
"2952434347","2995364870","0.0434783"
"2995364870","2952434347","0.0434783"
"2061706289","2613212056","0.166667"
"2613212056","2061706289","0.166667"
"1541087836","1761957453","0.5"
"1761957453","1541087836","0.5"
"1484172663","2120202183","1.825"
"2120202183","1484172663","1.825"
"1557748479","2120202183","0.875"
"2120202183","1557748479","0.875"
"1484172663","2613212056","0.5"
"2613212056","1484172663","0.5"
"1944323241","2613212056","1.79286"
"2613212056","1944323241","1.79286"
"1971427863","2613212056","1.59286"
"2613212056","1971427863","1.59286"
"2132544882","2613212056","2.79286"
"2613212056","2132544882","2.79286"
"1484172663","1541087836","0.875"
"1541087836","1484172663","0.875"
"1541087836","1944323241","1.28333"
"1944323241","1541087836","1.28333"
"1541087836","2132544882","1.45"
"2132544882","1541087836","1.45"
"1839044391","2120202183","0.2"
"2120202183","1839044391","0.2"
"2064907273","2120202183","1.275"
"2120202183","2064907273","1.275"
"2118784345","2120202183","6.35"
"2120202183","2118784345","6.35"
"2120202183","2199076849","0.775"
"2199076849","2120202183","0.775"
"1541087836","1557748479","2.54167"
"1557748479","1541087836","2.54167"
"1541087836","2064907273","3.025"
"2064907273","1541087836","3.025"
"1541087836","2120202183","1.65833"
"2120202183","1541087836","1.65833"
"2120202183","2952434347","0.575"
"2952434347","2120202183","0.575"
"1484172663","1989002073","0.125"
"1989002073","1484172663","0.125"
"1484172663","2606221539","0.125"
"2606221539","1484172663","0.125"
"1541087836","1600196810","0.125"
"1600196810","1541087836","0.125"
"1541087836","1989002073","3.79167"
"1989002073","1541087836","3.79167"
"1541087836","2129038350","0.125"
"2129038350","1541087836","0.125"
"1541087836","2606221539","4.79167"
"2606221539","1541087836","4.79167"
"1557748479","1989002073","0.125"
"1989002073","1557748479","0.125"
"1557748479","2606221539","0.125"
"2606221539","1557748479","0.125"
"1600196810","1989002073","0.125"
"1989002073","1600196810","0.125"
"1600196810","2120202183","0.125"
"2120202183","1600196810","0.125"
"1600196810","2606221539","0.125"
"2606221539","1600196810","0.125"
"1989002073","2064907273","0.267857"
"2064907273","1989002073","0.267857"
"1989002073","2120202183","0.783333"
"2120202183","1989002073","0.783333"
"1989002073","2129038350","0.458333"
"2129038350","1989002073","0.458333"
"1989002073","2606221539","13.7929"
"2606221539","1989002073","13.7929"
"2064907273","2606221539","0.267857"
"2606221539","2064907273","0.267857"
"2120202183","2129038350","0.125"
"2129038350","2120202183","0.125"
"2120202183","2606221539","1.28333"
"2606221539","2120202183","1.28333"
"2129038350","2606221539","0.458333"
"2606221539","2129038350","0.458333"
"1484172663","2293889868","0.166667"
"2293889868","1484172663","0.166667"
"1541087836","2046551143","0.166667"
"2046551143","1541087836","0.166667"
"1541087836","2293889868","1"
"2293889868","1541087836","1"
"1541087836","2750274507","0.166667"
"2750274507","1541087836","0.166667"
"1557748479","2293889868","0.166667"
"2293889868","1557748479","0.166667"
"2046551143","2293889868","0.166667"
"2293889868","2046551143","0.166667"
"2132544882","2293889868","0.809524"
"2293889868","2132544882","0.809524"
"2293889868","2750274507","0.166667"
"2750274507","2293889868","0.166667"
"1989002073","2293889868","2.00952"
"2293889868","1989002073","2.00952"
"2293889868","2606221539","4.00952"
"2606221539","2293889868","4.00952"
"1541087836","1971427863","0.45"
"1971427863","1541087836","0.45"
"1541087836","2613212056","0.45"
"2613212056","1541087836","0.45"
"1541087836","2118784345","1.11667"
"2118784345","1541087836","1.11667"
"1541087836","2199076849","0.166667"
"2199076849","1541087836","0.166667"
"1541087836","2952434347","0.166667"
"2952434347","1541087836","0.166667"
"1989002073","2118784345","0.566667"
"2118784345","1989002073","0.566667"
"1989002073","2199076849","0.691667"
"2199076849","1989002073","0.691667"
"1989002073","2952434347","0.691667"
"2952434347","1989002073","0.691667"
"2118784345","2293889868","0.366667"
"2293889868","2118784345","0.366667"
"2118784345","2606221539","1.06667"
"2606221539","2118784345","1.06667"
"2199076849","2293889868","0.366667"
"2293889868","2199076849","0.366667"
"2199076849","2606221539","0.691667"
"2606221539","2199076849","0.691667"
"2293889868","2952434347","0.366667"
"2952434347","2293889868","0.366667"
"2606221539","2952434347","0.691667"
"2952434347","2606221539","0.691667"
"1541087836","2943378839","0.25"
"2943378839","1541087836","0.25"
"2064907273","2943378839","0.25"
"2943378839","2064907273","0.25"
"2118784345","2943378839","0.25"
"2943378839","2118784345","0.25"
"2120202183","2943378839","0.25"
"2943378839","2120202183","0.25"
"1541087836","2612804666","0.2"
"2612804666","1541087836","0.2"
"1541087836","2628270564","0.2"
"2628270564","1541087836","0.2"
"2120202183","2612804666","0.325"
"2612804666","2120202183","0.325"
"2120202183","2628270564","0.325"
"2628270564","2120202183","0.325"
"1557748479","2613212056","0.25"
"2613212056","1557748479","0.25"
"1600196810","2613212056","0.75"
"2613212056","1600196810","0.75"
"1562918491","2293565948","0.5"
"2293565948","1562918491","0.5"
"1562918491","2296203997","0.5"
"2296203997","1562918491","0.5"
"2293565948","2296203997","18"
"2296203997","2293565948","18"
"1562918491","86059869","2"
"86059869","1562918491","2"
"1562918491","2080510575","1"
"2080510575","1562918491","1"
"1803344132","2394521301","13.5"
"2394521301","1803344132","13.5"
"1803344132","2943378839","0.5"
"2943378839","1803344132","0.5"
"2394521301","2943378839","0.5"
"2943378839","2394521301","0.5"
"2199076849","2613212056","0.25"
"2613212056","2199076849","0.25"
"2613212056","2952434347","0.25"
"2952434347","2613212056","0.25"
"1944323241","2293889868","0.642857"
"2293889868","1944323241","0.642857"
"1944323241","1989002073","0.142857"
"1989002073","1944323241","0.142857"
"1944323241","2606221539","0.142857"
"2606221539","1944323241","0.142857"
"1971427863","1989002073","0.142857"
"1989002073","1971427863","0.142857"
"1971427863","2293889868","0.142857"
"2293889868","1971427863","0.142857"
"1971427863","2606221539","0.142857"
"2606221539","1971427863","0.142857"
"1989002073","2132544882","0.642857"
"2132544882","1989002073","0.642857"
"1989002073","2613212056","0.142857"
"2613212056","1989002073","0.142857"
"2064907273","2293889868","0.142857"
"2293889868","2064907273","0.142857"
"2132544882","2606221539","0.642857"
"2606221539","2132544882","0.642857"
"2293889868","2613212056","0.142857"
"2613212056","2293889868","0.142857"
"2606221539","2613212056","0.142857"
"2613212056","2606221539","0.142857"
"2046551143","2613212056","0.7"
"2613212056","2046551143","0.7"
"2613212056","2750274507","0.7"
"2750274507","2613212056","0.7"
"1979152439","97199978","7"
"97199978","1979152439","7"
"1989002073","2345738554","0.125"
"2345738554","1989002073","0.125"
"1989002073","2520001224","0.125"
"2520001224","1989002073","0.125"
"1989002073","2612804666","0.125"
"2612804666","1989002073","0.125"
"1989002073","2628270564","0.125"
"2628270564","1989002073","0.125"
"2120202183","2345738554","0.125"
"2345738554","2120202183","0.125"
"2120202183","2520001224","0.125"
"2520001224","2120202183","0.125"
"2345738554","2606221539","0.125"
"2606221539","2345738554","0.125"
"2520001224","2606221539","0.125"
"2606221539","2520001224","0.125"
"2606221539","2612804666","0.125"
"2612804666","2606221539","0.125"
"2606221539","2628270564","0.125"
"2628270564","2606221539","0.125"
"2129038350","2293889868","0.333333"
"2293889868","2129038350","0.333333"
"2080510575","2293565948","0.5"
"2293565948","2080510575","0.5"
"2080510575","2296203997","0.5"
"2296203997","2080510575","0.5"
"2552111085","2963535556","9.33333"
"2963535556","2552111085","9.33333"
"2552111085","2995364870","7.83333"
"2995364870","2552111085","7.83333"
"2963535556","2995364870","13.8333"
"2995364870","2963535556","13.8333"
"2552111085","2914925440","0.833333"
"2914925440","2552111085","0.833333"
"2914925440","2963535556","1.83333"
"2963535556","2914925440","1.83333"
"2914925440","2995364870","1.33333"
"2995364870","2914925440","1.33333"
