"100506001","1795742672","0.333333"
"1795742672","100506001","0.333333"
"100506001","69565036","2.08333"
"69565036","100506001","2.08333"
"100506001","91586774","1.83333"
"91586774","100506001","1.83333"
"1795742672","69565036","0.833333"
"69565036","1795742672","0.833333"
"1795742672","91586774","0.333333"
"91586774","1795742672","0.333333"
"69565036","91586774","3.83333"
"91586774","69565036","3.83333"
"100506001","1570723646","1"
"1570723646","100506001","1"
"100506001","114403220","0.166667"
"114403220","100506001","0.166667"
"100506001","1513471894","0.166667"
"1513471894","100506001","0.166667"
"100506001","2025748154","0.416667"
"2025748154","100506001","0.416667"
"100506001","2119407118","0.416667"
"2119407118","100506001","0.416667"
"100506001","2130068555","0.416667"
"2130068555","100506001","0.416667"
"100506001","2181488749","0.166667"
"2181488749","100506001","0.166667"
"114403220","1513471894","2.14841"
"1513471894","114403220","2.14841"
"114403220","2025748154","0.548413"
"2025748154","114403220","0.548413"
"114403220","2119407118","0.659524"
"2119407118","114403220","0.659524"
"114403220","2130068555","0.492857"
"2130068555","114403220","0.492857"
"114403220","2181488749","1.14841"
"2181488749","114403220","1.14841"
"1513471894","2025748154","0.548413"
"2025748154","1513471894","0.548413"
"1513471894","2119407118","0.492857"
"2119407118","1513471894","0.492857"
"1513471894","2130068555","0.492857"
"2130068555","1513471894","0.492857"
"1513471894","2181488749","1.48175"
"2181488749","1513471894","1.48175"
"2025748154","2119407118","2.55238"
"2119407118","2025748154","2.55238"
"2025748154","2130068555","1.55238"
"2130068555","2025748154","1.55238"
"2025748154","2181488749","0.548413"
"2181488749","2025748154","0.548413"
"2119407118","2130068555","1.55238"
"2130068555","2119407118","1.55238"
"2119407118","2181488749","0.492857"
"2181488749","2119407118","0.492857"
"2130068555","2181488749","0.492857"
"2181488749","2130068555","0.492857"
"2025748154","69565036","0.25"
"69565036","2025748154","0.25"
"2119407118","69565036","0.25"
"69565036","2119407118","0.25"
"2130068555","69565036","0.25"
"69565036","2130068555","0.25"
"108311680","2274192520","2"
"2274192520","108311680","2"
"108311680","2524964379","0.5"
"2524964379","108311680","0.5"
"2274192520","2524964379","0.5"
"2524964379","2274192520","0.5"
"108311680","1819756443","0.5"
"1819756443","108311680","0.5"
"1819756443","2274192520","0.5"
"2274192520","1819756443","0.5"
"108311680","115104760","1"
"115104760","108311680","1"
"110502499","1993625760","0.636111"
"1993625760","110502499","0.636111"
"110502499","2035860482","0.436111"
"2035860482","110502499","0.436111"
"110502499","2042349423","0.1"
"2042349423","110502499","0.1"
"110502499","2053249018","0.2"
"2053249018","110502499","0.2"
"110502499","2131790475","0.1"
"2131790475","110502499","0.1"
"110502499","2154742203","0.1"
"2154742203","110502499","0.1"
"110502499","2174598924","0.969444"
"2174598924","110502499","0.969444"
"110502499","2185559004","0.1"
"2185559004","110502499","0.1"
"110502499","2229743045","0.1"
"2229743045","110502499","0.1"
"110502499","54053736","0.1"
"54053736","110502499","0.1"
"1993625760","2035860482","1.16944"
"2035860482","1993625760","1.16944"
"1993625760","2042349423","0.1"
"2042349423","1993625760","0.1"
"1993625760","2053249018","0.325"
"2053249018","1993625760","0.325"
"1993625760","2131790475","0.1"
"2131790475","1993625760","0.1"
"1993625760","2154742203","0.1"
"2154742203","1993625760","0.1"
"1993625760","2174598924","0.636111"
"2174598924","1993625760","0.636111"
"1993625760","2185559004","0.1"
"2185559004","1993625760","0.1"
"1993625760","2229743045","0.1"
"2229743045","1993625760","0.1"
"1993625760","54053736","0.1"
"54053736","1993625760","0.1"
"2035860482","2042349423","0.1"
"2042349423","2035860482","0.1"
"2035860482","2053249018","0.2"
"2053249018","2035860482","0.2"
"2035860482","2131790475","0.1"
"2131790475","2035860482","0.1"
"2035860482","2154742203","0.1"
"2154742203","2035860482","0.1"
"2035860482","2174598924","0.436111"
"2174598924","2035860482","0.436111"
"2035860482","2185559004","0.1"
"2185559004","2035860482","0.1"
"2035860482","2229743045","0.1"
"2229743045","2035860482","0.1"
"2035860482","54053736","0.1"
"54053736","2035860482","0.1"
"2042349423","2053249018","0.181667"
"2053249018","2042349423","0.181667"
"2042349423","2131790475","0.265584"
"2131790475","2042349423","0.265584"
"2042349423","2154742203","0.247872"
"2154742203","2042349423","0.247872"
"2042349423","2174598924","0.1"
"2174598924","2042349423","0.1"
"2042349423","2185559004","0.276923"
"2185559004","2042349423","0.276923"
"2042349423","2229743045","0.442508"
"2229743045","2042349423","0.442508"
"2042349423","54053736","0.41978"
"54053736","2042349423","0.41978"
"2053249018","2131790475","0.1"
"2131790475","2053249018","0.1"
"2053249018","2154742203","0.181667"
"2154742203","2053249018","0.181667"
"2053249018","2174598924","0.266667"
"2174598924","2053249018","0.266667"
"2053249018","2185559004","0.166667"
"2185559004","2053249018","0.166667"
"2053249018","2229743045","0.1"
"2229743045","2053249018","0.1"
"2053249018","54053736","0.1"
"54053736","2053249018","0.1"
"2131790475","2154742203","0.456061"
"2154742203","2131790475","0.456061"
"2131790475","2174598924","0.1"
"2174598924","2131790475","0.1"
"2131790475","2185559004","0.1"
"2185559004","2131790475","0.1"
"2131790475","2229743045","1.49177"
"2229743045","2131790475","1.49177"
"2131790475","54053736","1.46905"
"54053736","2131790475","1.46905"
"2154742203","2174598924","0.1"
"2174598924","2154742203","0.1"
"2154742203","2185559004","0.1"
"2185559004","2154742203","0.1"
"2154742203","2229743045","0.456061"
"2229743045","2154742203","0.456061"
"2154742203","54053736","1.43333"
"54053736","2154742203","1.43333"
"2174598924","2185559004","0.166667"
"2185559004","2174598924","0.166667"
"2174598924","2229743045","0.1"
"2229743045","2174598924","0.1"
"2174598924","54053736","0.1"
"54053736","2174598924","0.1"
"2185559004","2229743045","0.276923"
"2229743045","2185559004","0.276923"
"2185559004","54053736","0.276923"
"54053736","2185559004","0.276923"
"2229743045","54053736","3.64597"
"54053736","2229743045","3.64597"
"110502499","1547785900","0.336111"
"1547785900","110502499","0.336111"
"110502499","1961843348","1.20278"
"1961843348","110502499","1.20278"
"110502499","2005635733","0.111111"
"2005635733","110502499","0.111111"
"110502499","2527934518","1.20278"
"2527934518","110502499","1.20278"
"110502499","2791728421","0.669444"
"2791728421","110502499","0.669444"
"110502499","5874145","0.336111"
"5874145","110502499","0.336111"
"1547785900","1961843348","0.536111"
"1961843348","1547785900","0.536111"
"1547785900","1993625760","1.03611"
"1993625760","1547785900","1.03611"
"1547785900","2005635733","2.31111"
"2005635733","1547785900","2.31111"
"1547785900","2035860482","2.53611"
"2035860482","1547785900","2.53611"
"1547785900","2174598924","0.336111"
"2174598924","1547785900","0.336111"
"1547785900","2527934518","0.536111"
"2527934518","1547785900","0.536111"
"1547785900","2791728421","0.336111"
"2791728421","1547785900","0.336111"
"1547785900","5874145","1.92702"
"5874145","1547785900","1.92702"
"1961843348","1993625760","0.736111"
"1993625760","1961843348","0.736111"
"1961843348","2005635733","0.311111"
"2005635733","1961843348","0.311111"
"1961843348","2035860482","0.536111"
"2035860482","1961843348","0.536111"
"1961843348","2174598924","0.936111"
"2174598924","1961843348","0.936111"
"1961843348","2527934518","5.46944"
"2527934518","1961843348","5.46944"
"1961843348","2791728421","0.669444"
"2791728421","1961843348","0.669444"
"1961843348","5874145","0.336111"
"5874145","1961843348","0.336111"
"1993625760","2005635733","0.311111"
"2005635733","1993625760","0.311111"
"1993625760","2527934518","0.736111"
"2527934518","1993625760","0.736111"
"1993625760","2791728421","0.461111"
"2791728421","1993625760","0.461111"
"1993625760","5874145","0.836111"
"5874145","1993625760","0.836111"
"2005635733","2035860482","0.311111"
"2035860482","2005635733","0.311111"
"2005635733","2174598924","0.111111"
"2174598924","2005635733","0.111111"
"2005635733","2527934518","0.311111"
"2527934518","2005635733","0.311111"
"2005635733","2791728421","0.111111"
"2791728421","2005635733","0.111111"
"2005635733","5874145","0.111111"
"5874145","2005635733","0.111111"
"2035860482","2527934518","0.536111"
"2527934518","2035860482","0.536111"
"2035860482","2791728421","0.336111"
"2791728421","2035860482","0.336111"
"2035860482","5874145","0.336111"
"5874145","2035860482","0.336111"
"2174598924","2527934518","0.936111"
"2527934518","2174598924","0.936111"
"2174598924","2791728421","0.336111"
"2791728421","2174598924","0.336111"
"2174598924","5874145","1.33611"
"5874145","2174598924","1.33611"
"2527934518","2791728421","5.6123"
"2791728421","2527934518","5.6123"
"2527934518","5874145","0.336111"
"5874145","2527934518","0.336111"
"2791728421","5874145","0.336111"
"5874145","2791728421","0.336111"
"110502499","2051778861","0.2"
"2051778861","110502499","0.2"
"1961843348","2051778861","0.266667"
"2051778861","1961843348","0.266667"
"1993625760","2051778861","0.533333"
"2051778861","1993625760","0.533333"
"2051778861","2174598924","0.266667"
"2174598924","2051778861","0.266667"
"2051778861","2527934518","0.314286"
"2527934518","2051778861","0.314286"
"110502499","2569697534","0.1"
"2569697534","110502499","0.1"
"1547785900","2053249018","0.190909"
"2053249018","1547785900","0.190909"
"1547785900","2569697534","0.122727"
"2569697534","1547785900","0.122727"
"1961843348","2053249018","0.166667"
"2053249018","1961843348","0.166667"
"1961843348","2569697534","0.1"
"2569697534","1961843348","0.1"
"1993625760","2569697534","0.1"
"2569697534","1993625760","0.1"
"2035860482","2569697534","0.1"
"2569697534","2035860482","0.1"
"2053249018","2527934518","0.166667"
"2527934518","2053249018","0.166667"
"2053249018","2569697534","0.14"
"2569697534","2053249018","0.14"
"2053249018","2791728421","0.225"
"2791728421","2053249018","0.225"
"2053249018","5874145","0.390909"
"5874145","2053249018","0.390909"
"2174598924","2569697534","0.1"
"2569697534","2174598924","0.1"
"2527934518","2569697534","0.247619"
"2569697534","2527934518","0.247619"
"2569697534","2791728421","1.71591"
"2791728421","2569697534","1.71591"
"2569697534","5874145","0.1"
"5874145","2569697534","0.1"
"114061091","142909848","0.722222"
"142909848","114061091","0.722222"
"114061091","174284967","1.47222"
"174284967","114061091","1.47222"
"114061091","2120675930","4.97222"
"2120675930","114061091","4.97222"
"114061091","2182912881","0.597222"
"2182912881","114061091","0.597222"
"142909848","174284967","0.722222"
"174284967","142909848","0.722222"
"142909848","2120675930","0.722222"
"2120675930","142909848","0.722222"
"142909848","2182912881","0.430556"
"2182912881","142909848","0.430556"
"174284967","2120675930","6.49722"
"2120675930","174284967","6.49722"
"174284967","2182912881","1.28889"
"2182912881","174284967","1.28889"
"2120675930","2182912881","1.28889"
"2182912881","2120675930","1.28889"
"114061091","171148194","1.53056"
"171148194","114061091","1.53056"
"114061091","199954805","1.73889"
"199954805","114061091","1.73889"
"114061091","2103526641","1.53056"
"2103526641","114061091","1.53056"
"171148194","174284967","1.46389"
"174284967","171148194","1.46389"
"171148194","199954805","1.28056"
"199954805","171148194","1.28056"
"171148194","2103526641","3.39722"
"2103526641","171148194","3.39722"
"171148194","2120675930","1.46389"
"2120675930","171148194","1.46389"
"171148194","2182912881","1.04722"
"2182912881","171148194","1.04722"
"174284967","199954805","0.972222"
"199954805","174284967","0.972222"
"174284967","2103526641","1.66389"
"2103526641","174284967","1.66389"
"199954805","2103526641","1.28056"
"2103526641","199954805","1.28056"
"199954805","2120675930","0.972222"
"2120675930","199954805","0.972222"
"199954805","2182912881","0.347222"
"2182912881","199954805","0.347222"
"2103526641","2120675930","1.66389"
"2120675930","2103526641","1.66389"
"2103526641","2182912881","0.913889"
"2182912881","2103526641","0.913889"
"114061091","175351670","0.280556"
"175351670","114061091","0.280556"
"114061091","44295252","0.280556"
"44295252","114061091","0.280556"
"114061091","5874145","0.125"
"5874145","114061091","0.125"
"114061091","954564260","0.180556"
"954564260","114061091","0.180556"
"142909848","175351670","0.305556"
"175351670","142909848","0.305556"
"142909848","199954805","0.472222"
"199954805","142909848","0.472222"
"142909848","44295252","0.180556"
"44295252","142909848","0.180556"
"142909848","5874145","0.125"
"5874145","142909848","0.125"
"142909848","954564260","0.180556"
"954564260","142909848","0.180556"
"174284967","175351670","0.180556"
"175351670","174284967","0.180556"
"174284967","44295252","0.180556"
"44295252","174284967","0.180556"
"174284967","5874145","0.125"
"5874145","174284967","0.125"
"174284967","954564260","0.180556"
"954564260","174284967","0.180556"
"175351670","199954805","0.280556"
"199954805","175351670","0.280556"
"175351670","2120675930","0.180556"
"2120675930","175351670","0.180556"
"175351670","44295252","0.280556"
"44295252","175351670","0.280556"
"175351670","5874145","0.325"
"5874145","175351670","0.325"
"175351670","954564260","0.180556"
"954564260","175351670","0.180556"
"199954805","44295252","0.280556"
"44295252","199954805","0.280556"
"199954805","5874145","0.125"
"5874145","199954805","0.125"
"199954805","954564260","0.180556"
"954564260","199954805","0.180556"
"2120675930","44295252","0.180556"
"44295252","2120675930","0.180556"
"2120675930","5874145","0.125"
"5874145","2120675930","0.125"
"2120675930","954564260","0.180556"
"954564260","2120675930","0.180556"
"44295252","5874145","0.125"
"5874145","44295252","0.125"
"44295252","954564260","0.180556"
"954564260","44295252","0.180556"
"5874145","954564260","0.125"
"954564260","5874145","0.125"
"114061091","114403220","0.155556"
"114403220","114061091","0.155556"
"114061091","1513471894","0.155556"
"1513471894","114061091","0.155556"
"114061091","155048176","0.180556"
"155048176","114061091","0.180556"
"114061091","165640288","0.0555556"
"165640288","114061091","0.0555556"
"114061091","198348660","0.155556"
"198348660","114061091","0.155556"
"114061091","2025748154","0.0555556"
"2025748154","114061091","0.0555556"
"114061091","2181488749","0.155556"
"2181488749","114061091","0.155556"
"114061091","2278509445","0.155556"
"2278509445","114061091","0.155556"
"114403220","142909848","0.0555556"
"142909848","114403220","0.0555556"
"114403220","155048176","0.0555556"
"155048176","114403220","0.0555556"
"114403220","165640288","0.381746"
"165640288","114403220","0.381746"
"114403220","171148194","0.155556"
"171148194","114403220","0.155556"
"114403220","174284967","0.0555556"
"174284967","114403220","0.0555556"
"114403220","175351670","0.155556"
"175351670","114403220","0.155556"
"114403220","198348660","0.155556"
"198348660","114403220","0.155556"
"114403220","199954805","0.155556"
"199954805","114403220","0.155556"
"114403220","2103526641","0.155556"
"2103526641","114403220","0.155556"
"114403220","2120675930","0.0555556"
"2120675930","114403220","0.0555556"
"114403220","2182912881","0.0555556"
"2182912881","114403220","0.0555556"
"114403220","2278509445","0.155556"
"2278509445","114403220","0.155556"
"114403220","44295252","0.155556"
"44295252","114403220","0.155556"
"114403220","954564260","0.0555556"
"954564260","114403220","0.0555556"
"142909848","1513471894","0.0555556"
"1513471894","142909848","0.0555556"
"142909848","155048176","0.305556"
"155048176","142909848","0.305556"
"142909848","165640288","0.0555556"
"165640288","142909848","0.0555556"
"142909848","171148194","0.472222"
"171148194","142909848","0.472222"
"142909848","198348660","0.0555556"
"198348660","142909848","0.0555556"
"142909848","2025748154","0.0555556"
"2025748154","142909848","0.0555556"
"142909848","2103526641","0.347222"
"2103526641","142909848","0.347222"
"142909848","2181488749","0.0555556"
"2181488749","142909848","0.0555556"
"142909848","2278509445","0.0555556"
"2278509445","142909848","0.0555556"
"1513471894","155048176","0.0555556"
"155048176","1513471894","0.0555556"
"1513471894","165640288","1.71508"
"165640288","1513471894","1.71508"
"1513471894","171148194","0.488889"
"171148194","1513471894","0.488889"
"1513471894","174284967","0.222222"
"174284967","1513471894","0.222222"
"1513471894","175351670","0.155556"
"175351670","1513471894","0.155556"
"1513471894","198348660","0.155556"
"198348660","1513471894","0.155556"
"1513471894","199954805","0.155556"
"199954805","1513471894","0.155556"
"1513471894","2103526641","0.488889"
"2103526641","1513471894","0.488889"
"1513471894","2120675930","0.222222"
"2120675930","1513471894","0.222222"
"1513471894","2182912881","0.222222"
"2182912881","1513471894","0.222222"
"1513471894","2278509445","0.155556"
"2278509445","1513471894","0.155556"
"1513471894","44295252","0.155556"
"44295252","1513471894","0.155556"
"1513471894","954564260","0.0555556"
"954564260","1513471894","0.0555556"
"155048176","165640288","0.180556"
"165640288","155048176","0.180556"
"155048176","171148194","1.00556"
"171148194","155048176","1.00556"
"155048176","174284967","0.705556"
"174284967","155048176","0.705556"
"155048176","175351670","0.180556"
"175351670","155048176","0.180556"
"155048176","198348660","0.180556"
"198348660","155048176","0.180556"
"155048176","199954805","0.180556"
"199954805","155048176","0.180556"
"155048176","2025748154","0.0555556"
"2025748154","155048176","0.0555556"
"155048176","2103526641","0.580556"
"2103526641","155048176","0.580556"
"155048176","2120675930","0.705556"
"2120675930","155048176","0.705556"
"155048176","2181488749","0.380556"
"2181488749","155048176","0.380556"
"155048176","2182912881","1.03889"
"2182912881","155048176","1.03889"
"155048176","2278509445","0.0555556"
"2278509445","155048176","0.0555556"
"155048176","44295252","0.0555556"
"44295252","155048176","0.0555556"
"155048176","954564260","0.0555556"
"954564260","155048176","0.0555556"
"165640288","171148194","0.0555556"
"171148194","165640288","0.0555556"
"165640288","174284967","0.180556"
"174284967","165640288","0.180556"
"165640288","175351670","0.0555556"
"175351670","165640288","0.0555556"
"165640288","198348660","0.180556"
"198348660","165640288","0.180556"
"165640288","199954805","0.0555556"
"199954805","165640288","0.0555556"
"165640288","2025748154","0.381746"
"2025748154","165640288","0.381746"
"165640288","2103526641","0.0555556"
"2103526641","165640288","0.0555556"
"165640288","2120675930","0.180556"
"2120675930","165640288","0.180556"
"165640288","2181488749","1.17341"
"2181488749","165640288","1.17341"
"165640288","2182912881","0.180556"
"2182912881","165640288","0.180556"
"165640288","2278509445","0.0555556"
"2278509445","165640288","0.0555556"
"165640288","44295252","0.0555556"
"44295252","165640288","0.0555556"
"165640288","954564260","0.0555556"
"954564260","165640288","0.0555556"
"171148194","175351670","0.280556"
"175351670","171148194","0.280556"
"171148194","198348660","0.155556"
"198348660","171148194","0.155556"
"171148194","2025748154","0.0555556"
"2025748154","171148194","0.0555556"
"171148194","2181488749","0.488889"
"2181488749","171148194","0.488889"
"171148194","2278509445","0.155556"
"2278509445","171148194","0.155556"
"171148194","44295252","0.155556"
"44295252","171148194","0.155556"
"171148194","954564260","0.0555556"
"954564260","171148194","0.0555556"
"174284967","198348660","0.180556"
"198348660","174284967","0.180556"
"174284967","2025748154","0.0555556"
"2025748154","174284967","0.0555556"
"174284967","2181488749","0.547222"
"2181488749","174284967","0.547222"
"174284967","2278509445","0.0555556"
"2278509445","174284967","0.0555556"
"175351670","198348660","0.155556"
"198348660","175351670","0.155556"
"175351670","2025748154","0.0555556"
"2025748154","175351670","0.0555556"
"175351670","2103526641","0.155556"
"2103526641","175351670","0.155556"
"175351670","2181488749","0.155556"
"2181488749","175351670","0.155556"
"175351670","2182912881","0.0555556"
"2182912881","175351670","0.0555556"
"175351670","2278509445","0.155556"
"2278509445","175351670","0.155556"
"198348660","199954805","0.155556"
"199954805","198348660","0.155556"
"198348660","2025748154","0.0555556"
"2025748154","198348660","0.0555556"
"198348660","2103526641","0.155556"
"2103526641","198348660","0.155556"
"198348660","2120675930","0.180556"
"2120675930","198348660","0.180556"
"198348660","2181488749","1.28056"
"2181488749","198348660","1.28056"
"198348660","2182912881","0.180556"
"2182912881","198348660","0.180556"
"198348660","2278509445","0.155556"
"2278509445","198348660","0.155556"
"198348660","44295252","0.155556"
"44295252","198348660","0.155556"
"198348660","954564260","0.0555556"
"954564260","198348660","0.0555556"
"199954805","2025748154","0.0555556"
"2025748154","199954805","0.0555556"
"199954805","2181488749","0.155556"
"2181488749","199954805","0.155556"
"199954805","2278509445","0.155556"
"2278509445","199954805","0.155556"
"2025748154","2103526641","0.0555556"
"2103526641","2025748154","0.0555556"
"2025748154","2120675930","0.0555556"
"2120675930","2025748154","0.0555556"
"2025748154","2182912881","0.0555556"
"2182912881","2025748154","0.0555556"
"2025748154","2278509445","0.0555556"
"2278509445","2025748154","0.0555556"
"2025748154","44295252","0.0555556"
"44295252","2025748154","0.0555556"
"2025748154","954564260","0.0555556"
"954564260","2025748154","0.0555556"
"2103526641","2181488749","0.688889"
"2181488749","2103526641","0.688889"
"2103526641","2278509445","0.155556"
"2278509445","2103526641","0.155556"
"2103526641","44295252","0.155556"
"44295252","2103526641","0.155556"
"2103526641","954564260","0.0555556"
"954564260","2103526641","0.0555556"
"2120675930","2181488749","0.547222"
"2181488749","2120675930","0.547222"
"2120675930","2278509445","0.0555556"
"2278509445","2120675930","0.0555556"
"2181488749","2182912881","0.547222"
"2182912881","2181488749","0.547222"
"2181488749","2278509445","0.155556"
"2278509445","2181488749","0.155556"
"2181488749","44295252","0.155556"
"44295252","2181488749","0.155556"
"2181488749","954564260","0.0555556"
"954564260","2181488749","0.0555556"
"2182912881","2278509445","0.0555556"
"2278509445","2182912881","0.0555556"
"2182912881","44295252","0.0555556"
"44295252","2182912881","0.0555556"
"2182912881","954564260","0.0555556"
"954564260","2182912881","0.0555556"
"2278509445","44295252","0.155556"
"44295252","2278509445","0.155556"
"2278509445","954564260","0.0555556"
"954564260","2278509445","0.0555556"
"114061091","896362041","0.5"
"896362041","114061091","0.5"
"2120675930","896362041","0.5"
"896362041","2120675930","0.5"
"114403220","1481962261","0.25"
"1481962261","114403220","0.25"
"114403220","1490562185","0.35"
"1490562185","114403220","0.35"
"114403220","1525515022","0.25"
"1525515022","114403220","0.25"
"114403220","2140697782","0.166667"
"2140697782","114403220","0.166667"
"114403220","87692798","0.166667"
"87692798","114403220","0.166667"
"1481962261","1490562185","1.39286"
"1490562185","1481962261","1.39286"
"1481962261","1525515022","2.89286"
"1525515022","1481962261","2.89286"
"1481962261","2119407118","0.559524"
"2119407118","1481962261","0.559524"
"1481962261","2140697782","0.166667"
"2140697782","1481962261","0.166667"
"1481962261","87692798","0.166667"
"87692798","1481962261","0.166667"
"1490562185","1525515022","2.47619"
"1525515022","1490562185","2.47619"
"1490562185","2119407118","0.659524"
"2119407118","1490562185","0.659524"
"1490562185","2140697782","0.166667"
"2140697782","1490562185","0.166667"
"1490562185","87692798","0.416667"
"87692798","1490562185","0.416667"
"1525515022","2119407118","0.559524"
"2119407118","1525515022","0.559524"
"1525515022","2140697782","0.166667"
"2140697782","1525515022","0.166667"
"1525515022","87692798","0.416667"
"87692798","1525515022","0.416667"
"2119407118","2140697782","0.166667"
"2140697782","2119407118","0.166667"
"2119407118","87692798","0.166667"
"87692798","2119407118","0.166667"
"2140697782","87692798","0.166667"
"87692798","2140697782","0.166667"
"114403220","1520636161","0.183333"
"1520636161","114403220","0.183333"
"114403220","2167267633","0.0833333"
"2167267633","114403220","0.0833333"
"114403220","2488363336","0.32619"
"2488363336","114403220","0.32619"
"1481962261","1513471894","0.0833333"
"1513471894","1481962261","0.0833333"
"1481962261","1520636161","0.72619"
"1520636161","1481962261","0.72619"
"1481962261","165640288","0.0833333"
"165640288","1481962261","0.0833333"
"1481962261","2025748154","0.392857"
"2025748154","1481962261","0.392857"
"1481962261","2130068555","0.392857"
"2130068555","1481962261","0.392857"
"1481962261","2167267633","0.0833333"
"2167267633","1481962261","0.0833333"
"1481962261","2181488749","0.0833333"
"2181488749","1481962261","0.0833333"
"1481962261","2488363336","0.0833333"
"2488363336","1481962261","0.0833333"
"1490562185","1513471894","1.01667"
"1513471894","1490562185","1.01667"
"1490562185","1520636161","9.47821"
"1520636161","1490562185","9.47821"
"1490562185","165640288","0.516667"
"165640288","1490562185","0.516667"
"1490562185","2025748154","0.492857"
"2025748154","1490562185","0.492857"
"1490562185","2130068555","0.492857"
"2130068555","1490562185","0.492857"
"1490562185","2167267633","0.0833333"
"2167267633","1490562185","0.0833333"
"1490562185","2181488749","0.183333"
"2181488749","1490562185","0.183333"
"1490562185","2488363336","0.183333"
"2488363336","1490562185","0.183333"
"1513471894","1520636161","0.183333"
"1520636161","1513471894","0.183333"
"1513471894","1525515022","0.916667"
"1525515022","1513471894","0.916667"
"1513471894","2167267633","0.0833333"
"2167267633","1513471894","0.0833333"
"1513471894","2488363336","0.32619"
"2488363336","1513471894","0.32619"
"1520636161","1525515022","0.97619"
"1525515022","1520636161","0.97619"
"1520636161","165640288","1.18333"
"165640288","1520636161","1.18333"
"1520636161","2025748154","0.492857"
"2025748154","1520636161","0.492857"
"1520636161","2119407118","0.492857"
"2119407118","1520636161","0.492857"
"1520636161","2130068555","0.492857"
"2130068555","1520636161","0.492857"
"1520636161","2167267633","0.0833333"
"2167267633","1520636161","0.0833333"
"1520636161","2181488749","0.183333"
"2181488749","1520636161","0.183333"
"1520636161","2488363336","0.183333"
"2488363336","1520636161","0.183333"
"1525515022","165640288","2.41667"
"165640288","1525515022","2.41667"
"1525515022","2025748154","0.392857"
"2025748154","1525515022","0.392857"
"1525515022","2130068555","0.392857"
"2130068555","1525515022","0.392857"
"1525515022","2167267633","0.0833333"
"2167267633","1525515022","0.0833333"
"1525515022","2181488749","0.0833333"
"2181488749","1525515022","0.0833333"
"1525515022","2488363336","0.0833333"
"2488363336","1525515022","0.0833333"
"165640288","2119407118","0.32619"
"2119407118","165640288","0.32619"
"165640288","2130068555","0.82619"
"2130068555","165640288","0.82619"
"165640288","2167267633","0.75"
"2167267633","165640288","0.75"
"165640288","2488363336","3.49286"
"2488363336","165640288","3.49286"
"2025748154","2167267633","0.0833333"
"2167267633","2025748154","0.0833333"
"2025748154","2488363336","0.32619"
"2488363336","2025748154","0.32619"
"2119407118","2167267633","0.0833333"
"2167267633","2119407118","0.0833333"
"2119407118","2488363336","0.32619"
"2488363336","2119407118","0.32619"
"2130068555","2167267633","0.0833333"
"2167267633","2130068555","0.0833333"
"2130068555","2488363336","0.82619"
"2488363336","2130068555","0.82619"
"2167267633","2181488749","0.75"
"2181488749","2167267633","0.75"
"2167267633","2488363336","0.75"
"2488363336","2167267633","0.75"
"2181488749","2488363336","0.992857"
"2488363336","2181488749","0.992857"
"114403220","2157897371","0.1"
"2157897371","114403220","0.1"
"1490562185","2157897371","0.1"
"2157897371","1490562185","0.1"
"1513471894","2157897371","0.1"
"2157897371","1513471894","0.1"
"1520636161","2157897371","0.1"
"2157897371","1520636161","0.1"
"165640288","2157897371","0.1"
"2157897371","165640288","0.1"
"2025748154","2157897371","0.1"
"2157897371","2025748154","0.1"
"2119407118","2157897371","0.1"
"2157897371","2119407118","0.1"
"2130068555","2157897371","0.1"
"2157897371","2130068555","0.1"
"2157897371","2181488749","0.1"
"2181488749","2157897371","0.1"
"2157897371","2488363336","0.1"
"2488363336","2157897371","0.1"
"115104760","2097970477","0.5"
"2097970477","115104760","0.5"
"115104760","2185110671","0.5"
"2185110671","115104760","0.5"
"2097970477","2185110671","0.5"
"2185110671","2097970477","0.5"
"142909848","1497374982","0.910256"
"1497374982","142909848","0.910256"
"142909848","2185559004","2.51026"
"2185559004","142909848","2.51026"
"142909848","2511572254","0.333333"
"2511572254","142909848","0.333333"
"1497374982","2185559004","0.910256"
"2185559004","1497374982","0.910256"
"1497374982","2511572254","0.399539"
"2511572254","1497374982","0.399539"
"2185559004","2511572254","0.333333"
"2511572254","2185559004","0.333333"
"142909848","1993625760","0.625"
"1993625760","142909848","0.625"
"142909848","2073809844","0.5"
"2073809844","142909848","0.5"
"1993625760","2073809844","0.5"
"2073809844","1993625760","0.5"
"142909848","2036082713","0.1"
"2036082713","142909848","0.1"
"142909848","2042349423","0.176923"
"2042349423","142909848","0.176923"
"142909848","2217572265","0.176923"
"2217572265","142909848","0.176923"
"142909848","2229743045","0.176923"
"2229743045","142909848","0.176923"
"142909848","2256074973","0.176923"
"2256074973","142909848","0.176923"
"142909848","2316875487","0.176923"
"2316875487","142909848","0.176923"
"142909848","2322546103","0.176923"
"2322546103","142909848","0.176923"
"142909848","2809425647","0.176923"
"2809425647","142909848","0.176923"
"142909848","54053736","0.176923"
"54053736","142909848","0.176923"
"2036082713","2042349423","0.1"
"2042349423","2036082713","0.1"
"2036082713","2185559004","0.1"
"2185559004","2036082713","0.1"
"2036082713","2217572265","0.1"
"2217572265","2036082713","0.1"
"2036082713","2229743045","0.1"
"2229743045","2036082713","0.1"
"2036082713","2256074973","0.1"
"2256074973","2036082713","0.1"
"2036082713","2316875487","0.1"
"2316875487","2036082713","0.1"
"2036082713","2322546103","0.1"
"2322546103","2036082713","0.1"
"2036082713","2809425647","0.1"
"2809425647","2036082713","0.1"
"2036082713","54053736","0.1"
"54053736","2036082713","0.1"
"2042349423","2217572265","0.284795"
"2217572265","2042349423","0.284795"
"2042349423","2256074973","0.885986"
"2256074973","2042349423","0.885986"
"2042349423","2316875487","0.23965"
"2316875487","2042349423","0.23965"
"2042349423","2322546103","0.283129"
"2322546103","2042349423","0.283129"
"2042349423","2809425647","0.243129"
"2809425647","2042349423","0.243129"
"2185559004","2217572265","0.176923"
"2217572265","2185559004","0.176923"
"2185559004","2256074973","0.176923"
"2256074973","2185559004","0.176923"
"2185559004","2316875487","0.176923"
"2316875487","2185559004","0.176923"
"2185559004","2322546103","0.176923"
"2322546103","2185559004","0.176923"
"2185559004","2809425647","0.24359"
"2809425647","2185559004","0.24359"
"2217572265","2229743045","0.19965"
"2229743045","2217572265","0.19965"
"2217572265","2256074973","0.243129"
"2256074973","2217572265","0.243129"
"2217572265","2316875487","0.19965"
"2316875487","2217572265","0.19965"
"2217572265","2322546103","0.243129"
"2322546103","2217572265","0.243129"
"2217572265","2809425647","0.243129"
"2809425647","2217572265","0.243129"
"2217572265","54053736","0.176923"
"54053736","2217572265","0.176923"
"2229743045","2256074973","0.485365"
"2256074973","2229743045","0.485365"
"2229743045","2316875487","0.19965"
"2316875487","2229743045","0.19965"
"2229743045","2322546103","0.19965"
"2322546103","2229743045","0.19965"
"2229743045","2809425647","0.19965"
"2809425647","2229743045","0.19965"
"2256074973","2316875487","0.19965"
"2316875487","2256074973","0.19965"
"2256074973","2322546103","0.320052"
"2322546103","2256074973","0.320052"
"2256074973","2809425647","0.981224"
"2809425647","2256074973","0.981224"
"2256074973","54053736","0.462637"
"54053736","2256074973","0.462637"
"2316875487","2322546103","2.53727"
"2322546103","2316875487","2.53727"
"2316875487","2809425647","0.19965"
"2809425647","2316875487","0.19965"
"2316875487","54053736","0.176923"
"54053736","2316875487","0.176923"
"2322546103","2809425647","0.443129"
"2809425647","2322546103","0.443129"
"2322546103","54053736","0.176923"
"54053736","2322546103","0.176923"
"2809425647","54053736","0.176923"
"54053736","2809425647","0.176923"
"142909848","2610333877","0.576923"
"2610333877","142909848","0.576923"
"2185559004","2610333877","0.576923"
"2610333877","2185559004","0.576923"
"142909848","2053249018","0.125"
"2053249018","142909848","0.125"
"142909848","24599495","0.125"
"24599495","142909848","0.125"
"142909848","2791728421","0.125"
"2791728421","142909848","0.125"
"142909848","77077800","0.125"
"77077800","142909848","0.125"
"155048176","1993625760","0.125"
"1993625760","155048176","0.125"
"155048176","2053249018","0.125"
"2053249018","155048176","0.125"
"155048176","24599495","0.125"
"24599495","155048176","0.125"
"155048176","2791728421","0.125"
"2791728421","155048176","0.125"
"155048176","77077800","0.125"
"77077800","155048176","0.125"
"171148194","1993625760","0.125"
"1993625760","171148194","0.125"
"171148194","2053249018","0.125"
"2053249018","171148194","0.125"
"171148194","24599495","0.125"
"24599495","171148194","0.125"
"171148194","2791728421","0.125"
"2791728421","171148194","0.125"
"171148194","77077800","0.625"
"77077800","171148194","0.625"
"175351670","1993625760","0.458333"
"1993625760","175351670","0.458333"
"175351670","2053249018","0.391667"
"2053249018","175351670","0.391667"
"175351670","24599495","0.125"
"24599495","175351670","0.125"
"175351670","2791728421","0.125"
"2791728421","175351670","0.125"
"175351670","77077800","0.125"
"77077800","175351670","0.125"
"1993625760","24599495","0.325"
"24599495","1993625760","0.325"
"1993625760","77077800","0.125"
"77077800","1993625760","0.125"
"2053249018","24599495","0.125"
"24599495","2053249018","0.125"
"2053249018","77077800","0.125"
"77077800","2053249018","0.125"
"24599495","2791728421","0.125"
"2791728421","24599495","0.125"
"24599495","77077800","0.183824"
"77077800","24599495","0.183824"
"2791728421","77077800","0.125"
"77077800","2791728421","0.125"
"142909848","1547785900","0.0769231"
"1547785900","142909848","0.0769231"
"142909848","2006385774","0.0769231"
"2006385774","142909848","0.0769231"
"1497374982","1547785900","0.801137"
"1547785900","1497374982","0.801137"
"1497374982","2006385774","0.661058"
"2006385774","1497374982","0.661058"
"1497374982","2042349423","0.143129"
"2042349423","1497374982","0.143129"
"1497374982","2217572265","0.143129"
"2217572265","1497374982","0.143129"
"1497374982","2229743045","0.242507"
"2229743045","1497374982","0.242507"
"1497374982","2256074973","1.28599"
"2256074973","1497374982","1.28599"
"1497374982","2316875487","0.0996504"
"2316875487","1497374982","0.0996504"
"1497374982","2322546103","0.143129"
"2322546103","1497374982","0.143129"
"1497374982","2610333877","0.619319"
"2610333877","1497374982","0.619319"
"1497374982","2809425647","0.334038"
"2809425647","1497374982","0.334038"
"1497374982","54053736","0.21978"
"54053736","1497374982","0.21978"
"1547785900","2006385774","0.507486"
"2006385774","1547785900","0.507486"
"1547785900","2042349423","0.643129"
"2042349423","1547785900","0.643129"
"1547785900","2185559004","0.0769231"
"2185559004","1547785900","0.0769231"
"1547785900","2217572265","0.143129"
"2217572265","1547785900","0.143129"
"1547785900","2229743045","0.242507"
"2229743045","1547785900","0.242507"
"1547785900","2256074973","4.35741"
"2256074973","1547785900","4.35741"
"1547785900","2316875487","0.0996504"
"2316875487","1547785900","0.0996504"
"1547785900","2322546103","0.143129"
"2322546103","1547785900","0.143129"
"1547785900","2610333877","0.143129"
"2610333877","1547785900","0.143129"
"1547785900","2809425647","0.805466"
"2809425647","1547785900","0.805466"
"1547785900","54053736","0.21978"
"54053736","1547785900","0.21978"
"2006385774","2042349423","0.224795"
"2042349423","2006385774","0.224795"
"2006385774","2185559004","0.0769231"
"2185559004","2006385774","0.0769231"
"2006385774","2217572265","0.184795"
"2217572265","2006385774","0.184795"
"2006385774","2229743045","0.0996504"
"2229743045","2006385774","0.0996504"
"2006385774","2256074973","0.214557"
"2256074973","2006385774","0.214557"
"2006385774","2316875487","0.13965"
"2316875487","2006385774","0.13965"
"2006385774","2322546103","0.183129"
"2322546103","2006385774","0.183129"
"2006385774","2610333877","0.143129"
"2610333877","2006385774","0.143129"
"2006385774","2809425647","0.405466"
"2809425647","2006385774","0.405466"
"2006385774","54053736","0.0769231"
"54053736","2006385774","0.0769231"
"2042349423","2610333877","0.143129"
"2610333877","2042349423","0.143129"
"2217572265","2610333877","0.143129"
"2610333877","2217572265","0.143129"
"2229743045","2610333877","0.0996504"
"2610333877","2229743045","0.0996504"
"2256074973","2610333877","0.720052"
"2610333877","2256074973","0.720052"
"2316875487","2610333877","0.147269"
"2610333877","2316875487","0.147269"
"2322546103","2610333877","0.378782"
"2610333877","2322546103","0.378782"
"2610333877","2809425647","0.476462"
"2809425647","2610333877","0.476462"
"2610333877","54053736","0.0769231"
"54053736","2610333877","0.0769231"
"144615221","155048176","0.291667"
"155048176","144615221","0.291667"
"144615221","165640288","0.125"
"165640288","144615221","0.125"
"144615221","174284967","0.125"
"174284967","144615221","0.125"
"144615221","198348660","0.125"
"198348660","144615221","0.125"
"144615221","2120675930","0.125"
"2120675930","144615221","0.125"
"144615221","2181488749","0.125"
"2181488749","144615221","0.125"
"144615221","2182175885","0.291667"
"2182175885","144615221","0.291667"
"144615221","2182912881","0.125"
"2182912881","144615221","0.125"
"155048176","2182175885","0.291667"
"2182175885","155048176","0.291667"
"165640288","2182175885","0.125"
"2182175885","165640288","0.125"
"174284967","2182175885","0.125"
"2182175885","174284967","0.125"
"198348660","2182175885","0.125"
"2182175885","198348660","0.125"
"2120675930","2182175885","0.125"
"2182175885","2120675930","0.125"
"2181488749","2182175885","0.125"
"2182175885","2181488749","0.125"
"2182175885","2182912881","0.125"
"2182912881","2182175885","0.125"
"144615221","1548270668","2.47273"
"1548270668","144615221","2.47273"
"144615221","2051778861","1.03384"
"2051778861","144615221","1.03384"
"144615221","2121858609","0.533838"
"2121858609","144615221","0.533838"
"144615221","2404094603","0.533838"
"2404094603","144615221","0.533838"
"144615221","42207551","1.06111"
"42207551","144615221","1.06111"
"1548270668","2051778861","1.67106"
"2051778861","1548270668","1.67106"
"1548270668","2121858609","0.347872"
"2121858609","1548270668","0.347872"
"1548270668","2404094603","0.347872"
"2404094603","1548270668","0.347872"
"1548270668","42207551","3.19833"
"42207551","1548270668","3.19833"
"2051778861","2121858609","1.90717"
"2121858609","2051778861","1.90717"
"2051778861","2404094603","1.90717"
"2404094603","2051778861","1.90717"
"2051778861","42207551","1.75944"
"42207551","2051778861","1.75944"
"2121858609","2404094603","8.48398"
"2404094603","2121858609","8.48398"
"2121858609","42207551","0.392778"
"42207551","2121858609","0.392778"
"2404094603","42207551","0.392778"
"42207551","2404094603","0.392778"
"144615221","2217260633","0.467172"
"2217260633","144615221","0.467172"
"144615221","2305350277","0.556061"
"2305350277","144615221","0.556061"
"144615221","954564260","1.25"
"954564260","144615221","1.25"
"2217260633","2305350277","4.62154"
"2305350277","2217260633","4.62154"
