"1032225325","2218263823","1"
"2218263823","1032225325","1"
"1502709522","1512593998","2"
"1512593998","1502709522","2"
"1503599854","2287967176","3.5"
"2287967176","1503599854","3.5"
"1503599854","2224988700","4"
"2224988700","1503599854","4"
"1503599854","2263752828","12.0833"
"2263752828","1503599854","12.0833"
"1503599854","2281771569","3.08333"
"2281771569","1503599854","3.08333"
"2263752828","2281771569","1.25"
"2281771569","2263752828","1.25"
"1503599854","2300028146","1.33333"
"2300028146","1503599854","1.33333"
"2263752828","2300028146","1"
"2300028146","2263752828","1"
"1503599854","2218263823","1"
"2218263823","1503599854","1"
"1503599854","1586421565","0.25"
"1586421565","1503599854","0.25"
"1503599854","1587159398","0.25"
"1587159398","1503599854","0.25"
"1503599854","2263020335","0.75"
"2263020335","1503599854","0.75"
"1503599854","2395025294","1.25"
"2395025294","1503599854","1.25"
"1586421565","1587159398","2.51786"
"1587159398","1586421565","2.51786"
"1586421565","2263020335","0.25"
"2263020335","1586421565","0.25"
"1586421565","2395025294","0.25"
"2395025294","1586421565","0.25"
"1587159398","2263020335","0.75"
"2263020335","1587159398","0.75"
"1587159398","2395025294","0.75"
"2395025294","1587159398","0.75"
"2263020335","2395025294","1.08333"
"2395025294","2263020335","1.08333"
"1503599854","1570521053","1"
"1570521053","1503599854","1"
"1503599854","1583480757","0.833333"
"1583480757","1503599854","0.833333"
"1503599854","2295079897","0.5"
"2295079897","1503599854","0.5"
"1583480757","2295079897","0.5"
"2295079897","1583480757","0.5"
"1503599854","1597774747","0.783333"
"1597774747","1503599854","0.783333"
"1503599854","2284970366","0.783333"
"2284970366","1503599854","0.783333"
"1597774747","2263752828","0.583333"
"2263752828","1597774747","0.583333"
"1597774747","2284970366","29.1107"
"2284970366","1597774747","29.1107"
"2263752828","2284970366","0.583333"
"2284970366","2263752828","0.583333"
"2224988700","2263020335","3.5"
"2263020335","2224988700","3.5"
"2224988700","2263752828","0.5"
"2263752828","2224988700","0.5"
"1503599854","1605518308","0.2"
"1605518308","1503599854","0.2"
"1503599854","2285766947","0.2"
"2285766947","1503599854","0.2"
"1503599854","338063722","0.2"
"338063722","1503599854","0.2"
"1597774747","1605518308","1.38452"
"1605518308","1597774747","1.38452"
"1597774747","2285766947","2.52738"
"2285766947","1597774747","2.52738"
"1597774747","338063722","0.944048"
"338063722","1597774747","0.944048"
"1605518308","2284970366","1.38452"
"2284970366","1605518308","1.38452"
"1605518308","2285766947","0.717857"
"2285766947","1605518308","0.717857"
"1605518308","338063722","0.467857"
"338063722","1605518308","0.467857"
"2284970366","2285766947","1.77738"
"2285766947","2284970366","1.77738"
"2284970366","338063722","1.19405"
"338063722","2284970366","1.19405"
"2285766947","338063722","4.86071"
"338063722","2285766947","4.86071"
"1597774747","2281771569","0.25"
"2281771569","1597774747","0.25"
"2281771569","2284970366","0.25"
"2284970366","2281771569","0.25"
"1583480757","2281771569","0.833333"
"2281771569","1583480757","0.833333"
"1583480757","2300028146","0.333333"
"2300028146","1583480757","0.333333"
"2281771569","2300028146","0.333333"
"2300028146","2281771569","0.333333"
"2281771569","2287967176","0.5"
"2287967176","2281771569","0.5"
"1505314289","1591291053","17.3333"
"1591291053","1505314289","17.3333"
"1505314289","1605859649","0.833333"
"1605859649","1505314289","0.833333"
"1591291053","1605859649","0.833333"
"1605859649","1591291053","0.833333"
"1505314289","2260962309","0.833333"
"2260962309","1505314289","0.833333"
"1591291053","2260962309","0.833333"
"2260962309","1591291053","0.833333"
"1605859649","2260962309","0.333333"
"2260962309","1605859649","0.333333"
"1534738273","2263020335","0.333333"
"2263020335","1534738273","0.333333"
"1534738273","2395025294","0.333333"
"2395025294","1534738273","0.333333"
"1534738273","2757399084","0.333333"
"2757399084","1534738273","0.333333"
"2263020335","2757399084","0.333333"
"2757399084","2263020335","0.333333"
"2395025294","2757399084","0.333333"
"2757399084","2395025294","0.333333"
"1570521053","1605859649","7"
"1605859649","1570521053","7"
"1577077047","2768495471","1.33333"
"2768495471","1577077047","1.33333"
"1577077047","2285766947","0.333333"
"2285766947","1577077047","0.333333"
"1577077047","338063722","0.333333"
"338063722","1577077047","0.333333"
"2285766947","2768495471","0.333333"
"2768495471","2285766947","0.333333"
"2768495471","338063722","0.333333"
"338063722","2768495471","0.333333"
"1583480757","2224988700","0.5"
"2224988700","1583480757","0.5"
"2224988700","2281771569","0.5"
"2281771569","2224988700","0.5"
"1583480757","1605859649","1"
"1605859649","1583480757","1"
"1583480757","2263020335","1"
"2263020335","1583480757","1"
"1586421565","1605859649","0.25"
"1605859649","1586421565","0.25"
"1586421565","2284970366","0.517857"
"2284970366","1586421565","0.517857"
"1586421565","2285766947","0.517857"
"2285766947","1586421565","0.517857"
"1586421565","338063722","0.517857"
"338063722","1586421565","0.517857"
"1605859649","2284970366","0.25"
"2284970366","1605859649","0.25"
"1605859649","2285766947","0.25"
"2285766947","1605859649","0.25"
"1605859649","338063722","0.25"
"338063722","1605859649","0.25"
"1586421565","1597774747","0.267857"
"1597774747","1586421565","0.267857"
"1586421565","2226465660","0.142857"
"2226465660","1586421565","0.142857"
"1586421565","2286318493","0.142857"
"2286318493","1586421565","0.142857"
"1587159398","1597774747","0.994048"
"1597774747","1587159398","0.994048"
"1587159398","2226465660","0.142857"
"2226465660","1587159398","0.142857"
"1587159398","2284970366","0.994048"
"2284970366","1587159398","0.994048"
"1587159398","2285766947","0.660714"
"2285766947","1587159398","0.660714"
"1587159398","2286318493","0.142857"
"2286318493","1587159398","0.142857"
"1587159398","338063722","0.410714"
"338063722","1587159398","0.410714"
"1597774747","2226465660","0.142857"
"2226465660","1597774747","0.142857"
"1597774747","2286318493","2.47619"
"2286318493","1597774747","2.47619"
"2226465660","2284970366","0.142857"
"2284970366","2226465660","0.142857"
"2226465660","2285766947","1.47619"
"2285766947","2226465660","1.47619"
"2226465660","2286318493","0.47619"
"2286318493","2226465660","0.47619"
"2226465660","338063722","1.47619"
"338063722","2226465660","1.47619"
"2284970366","2286318493","2.47619"
"2286318493","2284970366","2.47619"
"2285766947","2286318493","0.47619"
"2286318493","2285766947","0.47619"
"2286318493","338063722","0.47619"
"338063722","2286318493","0.47619"
"1586421565","1605518308","0.125"
"1605518308","1586421565","0.125"
"1586421565","2300028146","0.125"
"2300028146","1586421565","0.125"
"1586421565","2514900756","0.125"
"2514900756","1586421565","0.125"
"1587159398","1605518308","0.517857"
"1605518308","1587159398","0.517857"
"1587159398","2300028146","0.125"
"2300028146","1587159398","0.125"
"1587159398","2514900756","0.60119"
"2514900756","1587159398","0.60119"
"1597774747","2300028146","0.958333"
"2300028146","1597774747","0.958333"
"1597774747","2514900756","1.43452"
"2514900756","1597774747","1.43452"
"1605518308","2300028146","0.458333"
"2300028146","1605518308","0.458333"
"1605518308","2514900756","0.267857"
"2514900756","1605518308","0.267857"
"2284970366","2300028146","0.958333"
"2300028146","2284970366","0.958333"
"2284970366","2514900756","1.43452"
"2514900756","2284970366","1.43452"
"2285766947","2300028146","0.125"
"2300028146","2285766947","0.125"
"2285766947","2514900756","0.60119"
"2514900756","2285766947","0.60119"
"2300028146","2514900756","0.125"
"2514900756","2300028146","0.125"
"2300028146","338063722","0.125"
"338063722","2300028146","0.125"
"2514900756","338063722","0.267857"
"338063722","2514900756","0.267857"
"1587159398","2287967176","0.142857"
"2287967176","1587159398","0.142857"
"1597774747","2287967176","0.142857"
"2287967176","1597774747","0.142857"
"1605518308","2287967176","0.142857"
"2287967176","1605518308","0.142857"
"2284970366","2287967176","0.142857"
"2287967176","2284970366","0.142857"
"2285766947","2287967176","0.142857"
"2287967176","2285766947","0.142857"
"2287967176","2514900756","0.142857"
"2514900756","2287967176","0.142857"
"2287967176","338063722","0.142857"
"338063722","2287967176","0.142857"
"1591291053","2203150134","0.5"
"2203150134","1591291053","0.5"
"1591291053","2224988700","0.5"
"2224988700","1591291053","0.5"
"2203150134","2224988700","0.5"
"2224988700","2203150134","0.5"
"1605518308","2286318493","1.33333"
"2286318493","1605518308","1.33333"
"1605859649","2203150134","0.333333"
"2203150134","1605859649","0.333333"
"1605859649","2263020335","0.333333"
"2263020335","1605859649","0.333333"
"1605859649","2295079897","0.333333"
"2295079897","1605859649","0.333333"
"2203150134","2263020335","0.333333"
"2263020335","2203150134","0.333333"
"2203150134","2295079897","0.333333"
"2295079897","2203150134","0.333333"
"2263020335","2295079897","2.33333"
"2295079897","2263020335","2.33333"
"1605859649","2286318493","1"
"2286318493","1605859649","1"
"2218263823","2293620093","1"
"2293620093","2218263823","1"
"2224988700","2295079897","1"
"2295079897","2224988700","1"
"2278915314","2286318493","1"
"2286318493","2278915314","1"
