"1484740866","1598590094","4.64369"
"1598590094","1484740866","4.64369"
"1484740866","2128579394","1.98535"
"2128579394","1484740866","1.98535"
"1598590094","2128579394","2.43535"
"2128579394","1598590094","2.43535"
"1484740866","1492571680","3.5921"
"1492571680","1484740866","3.5921"
"1484740866","160688998","0.635354"
"160688998","1484740866","0.635354"
"1484740866","2048562664","1.01035"
"2048562664","1484740866","1.01035"
"1484740866","2084859190","0.735354"
"2084859190","1484740866","0.735354"
"1484740866","2106681386","3.5921"
"2106681386","1484740866","3.5921"
"1484740866","2183444404","0.97702"
"2183444404","1484740866","0.97702"
"1484740866","2524814338","1.01035"
"2524814338","1484740866","1.01035"
"1484740866","2892926864","0.190909"
"2892926864","1484740866","0.190909"
"1484740866","3002865399","3.27702"
"3002865399","1484740866","3.27702"
"1492571680","1598590094","2.86591"
"1598590094","1492571680","2.86591"
"1492571680","160688998","0.274242"
"160688998","1492571680","0.274242"
"1492571680","2048562664","1.23258"
"2048562664","1492571680","1.23258"
"1492571680","2084859190","0.374242"
"2084859190","1492571680","0.374242"
"1492571680","2106681386","8.05043"
"2106681386","1492571680","8.05043"
"1492571680","2128579394","0.624242"
"2128579394","1492571680","0.624242"
"1492571680","2183444404","0.865909"
"2183444404","1492571680","0.865909"
"1492571680","2524814338","0.649242"
"2524814338","1492571680","0.649242"
"1492571680","2892926864","0.190909"
"2892926864","1492571680","0.190909"
"1492571680","3002865399","0.665909"
"3002865399","1492571680","0.665909"
"1598590094","160688998","0.385354"
"160688998","1598590094","0.385354"
"1598590094","2048562664","0.42702"
"2048562664","1598590094","0.42702"
"1598590094","2084859190","0.685354"
"2084859190","1598590094","0.685354"
"1598590094","2106681386","3.06591"
"2106681386","1598590094","3.06591"
"1598590094","2183444404","0.97702"
"2183444404","1598590094","0.97702"
"1598590094","2524814338","0.960354"
"2524814338","1598590094","0.960354"
"1598590094","2892926864","0.190909"
"2892926864","1598590094","0.190909"
"1598590094","3002865399","1.47702"
"3002865399","1598590094","1.47702"
"160688998","2048562664","0.30202"
"2048562664","160688998","0.30202"
"160688998","2084859190","0.935354"
"2084859190","160688998","0.935354"
"160688998","2106681386","0.274242"
"2106681386","160688998","0.274242"
"160688998","2128579394","0.946465"
"2128579394","160688998","0.946465"
"160688998","2183444404","2.08535"
"2183444404","160688998","2.08535"
"160688998","2524814338","0.646465"
"2524814338","160688998","0.646465"
"160688998","2892926864","0.0909091"
"2892926864","160688998","0.0909091"
"160688998","3002865399","0.696465"
"3002865399","160688998","0.696465"
"2048562664","2084859190","0.52702"
"2084859190","2048562664","0.52702"
"2048562664","2106681386","1.23258"
"2106681386","2048562664","1.23258"
"2048562664","2128579394","0.62702"
"2128579394","2048562664","0.62702"
"2048562664","2183444404","0.815054"
"2183444404","2048562664","0.815054"
"2048562664","2524814338","6.09646"
"2524814338","2048562664","6.09646"
"2048562664","2892926864","0.20202"
"2892926864","2048562664","0.20202"
"2048562664","3002865399","0.75202"
"3002865399","2048562664","0.75202"
"2084859190","2106681386","0.574242"
"2106681386","2084859190","0.574242"
"2084859190","2128579394","1.26035"
"2128579394","2084859190","1.26035"
"2084859190","2183444404","1.21869"
"2183444404","2084859190","1.21869"
"2084859190","2524814338","1.06035"
"2524814338","2084859190","1.06035"
"2084859190","2892926864","0.0909091"
"2892926864","2084859190","0.0909091"
"2084859190","3002865399","1.01035"
"3002865399","2084859190","1.01035"
"2106681386","2128579394","0.824242"
"2128579394","2106681386","0.824242"
"2106681386","2183444404","0.865909"
"2183444404","2106681386","0.865909"
"2106681386","2524814338","0.849242"
"2524814338","2106681386","0.849242"
"2106681386","2892926864","0.190909"
"2892926864","2106681386","0.190909"
"2106681386","3002865399","0.865909"
"3002865399","2106681386","0.865909"
"2128579394","2183444404","1.38535"
"2183444404","2128579394","1.38535"
"2128579394","2524814338","1.27146"
"2524814338","2128579394","1.27146"
"2128579394","2892926864","1.19091"
"2892926864","2128579394","1.19091"
"2128579394","3002865399","1.82146"
"3002865399","2128579394","1.82146"
"2183444404","2524814338","0.821465"
"2524814338","2183444404","0.821465"
"2183444404","2892926864","0.30202"
"2892926864","2183444404","0.30202"
"2183444404","3002865399","1.67702"
"3002865399","2183444404","1.67702"
"2524814338","2892926864","0.30202"
"2892926864","2524814338","0.30202"
"2524814338","3002865399","2.14646"
"3002865399","2524814338","2.14646"
"2892926864","3002865399","1.69091"
"3002865399","2892926864","1.69091"
"1484740866","2292035231","0.45"
"2292035231","1484740866","0.45"
"1484740866","2735017054","0.519444"
"2735017054","1484740866","0.519444"
"1492571680","2292035231","0.45"
"2292035231","1492571680","0.45"
"1492571680","2735017054","0.408333"
"2735017054","1492571680","0.408333"
"1598590094","2292035231","0.45"
"2292035231","1598590094","0.45"
"1598590094","2735017054","0.519444"
"2735017054","1598590094","0.519444"
"2106681386","2292035231","0.45"
"2292035231","2106681386","0.45"
"2106681386","2735017054","0.408333"
"2735017054","2106681386","0.408333"
"2128579394","2292035231","0.408333"
"2292035231","2128579394","0.408333"
"2128579394","2735017054","0.594444"
"2735017054","2128579394","0.594444"
"2183444404","2292035231","0.45"
"2292035231","2183444404","0.45"
"2183444404","2735017054","0.719444"
"2735017054","2183444404","0.719444"
"2292035231","2524814338","0.308333"
"2524814338","2292035231","0.308333"
"2292035231","2735017054","0.283333"
"2735017054","2292035231","0.283333"
"2292035231","2892926864","0.1"
"2892926864","2292035231","0.1"
"2292035231","3002865399","0.575"
"3002865399","2292035231","0.575"
"2524814338","2735017054","0.419444"
"2735017054","2524814338","0.419444"
"2735017054","2892926864","0.6"
"2892926864","2735017054","0.6"
"2735017054","3002865399","1.21944"
"3002865399","2735017054","1.21944"
"2048562664","2735017054","0.336111"
"2735017054","2048562664","0.336111"
"160688998","2292035231","0.183333"
"2292035231","160688998","0.183333"
"160688998","2735017054","0.494444"
"2735017054","160688998","0.494444"
"2048562664","2292035231","0.225"
"2292035231","2048562664","0.225"
"2084859190","2735017054","0.394444"
"2735017054","2084859190","0.394444"
"1484740866","2892051157","0.583333"
"2892051157","1484740866","0.583333"
"1492571680","2892051157","0.708333"
"2892051157","1492571680","0.708333"
"2106681386","2892051157","0.708333"
"2892051157","2106681386","0.708333"
"1484740866","1555644269","1"
"1555644269","1484740866","1"
"1484740866","2204216670","0.642857"
"2204216670","1484740866","0.642857"
"2128579394","2204216670","0.611111"
"2204216670","2128579394","0.611111"
"1484740866","1487966318","0.166667"
"1487966318","1484740866","0.166667"
"1484740866","1986341518","0.309524"
"1986341518","1484740866","0.309524"
"1487966318","1492571680","0.5"
"1492571680","1487966318","0.5"
"1487966318","1598590094","0.166667"
"1598590094","1487966318","0.166667"
"1487966318","1986341518","0.49359"
"1986341518","1487966318","0.49359"
"1487966318","2106681386","0.5"
"2106681386","1487966318","0.5"
"1487966318","2892051157","0.166667"
"2892051157","1487966318","0.166667"
"1492571680","1986341518","0.434524"
"1986341518","1492571680","0.434524"
"1598590094","1986341518","0.166667"
"1986341518","1598590094","0.166667"
"1598590094","2892051157","0.25"
"2892051157","1598590094","0.25"
"1986341518","2106681386","0.434524"
"2106681386","1986341518","0.434524"
"1986341518","2892051157","0.291667"
"2892051157","1986341518","0.291667"
"1484740866","1584712749","0.142857"
"1584712749","1484740866","0.142857"
"1484740866","1975491777","0.142857"
"1975491777","1484740866","0.142857"
"1484740866","2555187340","0.142857"
"2555187340","1484740866","0.142857"
"1492571680","1584712749","0.142857"
"1584712749","1492571680","0.142857"
"1492571680","1975491777","0.142857"
"1975491777","1492571680","0.142857"
"1492571680","2204216670","0.267857"
"2204216670","1492571680","0.267857"
"1492571680","2555187340","0.142857"
"2555187340","1492571680","0.142857"
"1584712749","1975491777","0.46978"
"1975491777","1584712749","0.46978"
"1584712749","1986341518","2.58089"
"1986341518","1584712749","2.58089"
"1584712749","2106681386","0.142857"
"2106681386","1584712749","0.142857"
"1584712749","2204216670","0.830891"
"2204216670","1584712749","0.830891"
"1584712749","2555187340","2.68452"
"2555187340","1584712749","2.68452"
"1975491777","1986341518","0.46978"
"1986341518","1975491777","0.46978"
"1975491777","2106681386","0.142857"
"2106681386","1975491777","0.142857"
"1975491777","2204216670","0.46978"
"2204216670","1975491777","0.46978"
"1975491777","2555187340","0.267857"
"2555187340","1975491777","0.267857"
"1986341518","2204216670","0.955891"
"2204216670","1986341518","0.955891"
"1986341518","2555187340","0.517857"
"2555187340","1986341518","0.517857"
"2106681386","2204216670","0.267857"
"2204216670","2106681386","0.267857"
"2106681386","2555187340","0.142857"
"2555187340","2106681386","0.142857"
"2204216670","2555187340","0.517857"
"2555187340","2204216670","0.517857"
"1484740866","2130096645","0.25"
"2130096645","1484740866","0.25"
"1492571680","2130096645","1.25"
"2130096645","1492571680","1.25"
"2048562664","2130096645","0.25"
"2130096645","2048562664","0.25"
"2106681386","2130096645","1.25"
"2130096645","2106681386","1.25"
"160688998","2892051157","0.0833333"
"2892051157","160688998","0.0833333"
"2084859190","2292035231","0.208333"
"2292035231","2084859190","0.208333"
"2084859190","2892051157","0.0833333"
"2892051157","2084859190","0.0833333"
"2128579394","2892051157","0.0833333"
"2892051157","2128579394","0.0833333"
"2183444404","2892051157","0.0833333"
"2892051157","2183444404","0.0833333"
"2292035231","2892051157","1.08333"
"2892051157","2292035231","1.08333"
"2524814338","2892051157","0.0833333"
"2892051157","2524814338","0.0833333"
"2735017054","2892051157","0.0833333"
"2892051157","2735017054","0.0833333"
"2892051157","3002865399","0.0833333"
"3002865399","2892051157","0.0833333"
"1487966318","1584712749","1.74359"
"1584712749","1487966318","1.74359"
"1487966318","1826756997","2.52778"
"1826756997","1487966318","2.52778"
"1584712749","1826756997","3.08333"
"1826756997","1584712749","3.08333"
"1487966318","2165925784","1.33333"
"2165925784","1487966318","1.33333"
"1487966318","1555160259","0.410256"
"1555160259","1487966318","0.410256"
"1487966318","1555644269","1.91026"
"1555644269","1487966318","1.91026"
"1487966318","1618421377","0.521368"
"1618421377","1487966318","0.521368"
"1487966318","1975491777","0.0769231"
"1975491777","1487966318","0.0769231"
"1487966318","1988851483","0.0769231"
"1988851483","1487966318","0.0769231"
"1487966318","2048562664","1.02137"
"2048562664","1487966318","1.02137"
"1487966318","2073705506","0.0769231"
"2073705506","1487966318","0.0769231"
"1487966318","2104701057","0.0769231"
"2104701057","1487966318","0.0769231"
"1487966318","2118466886","0.188034"
"2118466886","1487966318","0.188034"
"1487966318","2183444404","0.188034"
"2183444404","1487966318","0.188034"
"1487966318","2204216670","0.0769231"
"2204216670","1487966318","0.0769231"
"1555160259","1555644269","0.0769231"
"1555644269","1555160259","0.0769231"
"1555160259","1584712749","0.326923"
"1584712749","1555160259","0.326923"
"1555160259","1618421377","0.535256"
"1618421377","1555160259","0.535256"
"1555160259","1975491777","0.326923"
"1975491777","1555160259","0.326923"
"1555160259","1986341518","0.451923"
"1986341518","1555160259","0.451923"
"1555160259","1988851483","0.326923"
"1988851483","1555160259","0.326923"
"1555160259","2048562664","0.0769231"
"2048562664","1555160259","0.0769231"
"1555160259","2073705506","0.0769231"
"2073705506","1555160259","0.0769231"
"1555160259","2104701057","8.20192"
"2104701057","1555160259","8.20192"
"1555160259","2118466886","0.451923"
"2118466886","1555160259","0.451923"
"1555160259","2183444404","0.0769231"
"2183444404","1555160259","0.0769231"
"1555160259","2204216670","0.451923"
"2204216670","1555160259","0.451923"
"1555644269","1584712749","0.910256"
"1584712749","1555644269","0.910256"
"1555644269","1618421377","0.0769231"
"1618421377","1555644269","0.0769231"
"1555644269","1975491777","0.0769231"
"1975491777","1555644269","0.0769231"
"1555644269","1986341518","0.326923"
"1986341518","1555644269","0.326923"
"1555644269","1988851483","0.0769231"
"1988851483","1555644269","0.0769231"
"1555644269","2048562664","0.0769231"
"2048562664","1555644269","0.0769231"
"1555644269","2073705506","0.0769231"
"2073705506","1555644269","0.0769231"
"1555644269","2104701057","0.0769231"
"2104701057","1555644269","0.0769231"
"1555644269","2118466886","0.0769231"
"2118466886","1555644269","0.0769231"
"1555644269","2183444404","0.0769231"
"2183444404","1555644269","0.0769231"
"1555644269","2204216670","0.0769231"
"2204216670","1555644269","0.0769231"
"1584712749","1618421377","0.188034"
"1618421377","1584712749","0.188034"
"1584712749","1988851483","0.660256"
"1988851483","1584712749","0.660256"
"1584712749","2048562664","0.0769231"
"2048562664","1584712749","0.0769231"
"1584712749","2073705506","2.07692"
"2073705506","1584712749","2.07692"
"1584712749","2104701057","0.201923"
"2104701057","1584712749","0.201923"
"1584712749","2118466886","0.326923"
"2118466886","1584712749","0.326923"
"1584712749","2183444404","1.07692"
"2183444404","1584712749","1.07692"
"1618421377","1975491777","0.0769231"
"1975491777","1618421377","0.0769231"
"1618421377","1986341518","0.813034"
"1986341518","1618421377","0.813034"
"1618421377","1988851483","0.0769231"
"1988851483","1618421377","0.0769231"
"1618421377","2048562664","0.188034"
"2048562664","1618421377","0.188034"
"1618421377","2073705506","0.0769231"
"2073705506","1618421377","0.0769231"
"1618421377","2104701057","0.0769231"
"2104701057","1618421377","0.0769231"
"1618421377","2118466886","0.313034"
"2118466886","1618421377","0.313034"
"1618421377","2183444404","0.188034"
"2183444404","1618421377","0.188034"
"1618421377","2204216670","0.313034"
"2204216670","1618421377","0.313034"
"1975491777","1988851483","0.326923"
"1988851483","1975491777","0.326923"
"1975491777","2048562664","0.0769231"
"2048562664","1975491777","0.0769231"
"1975491777","2073705506","0.0769231"
"2073705506","1975491777","0.0769231"
"1975491777","2104701057","0.201923"
"2104701057","1975491777","0.201923"
"1975491777","2118466886","0.326923"
"2118466886","1975491777","0.326923"
"1975491777","2183444404","0.0769231"
"2183444404","1975491777","0.0769231"
"1986341518","1988851483","0.326923"
"1988851483","1986341518","0.326923"
"1986341518","2048562664","0.0769231"
"2048562664","1986341518","0.0769231"
"1986341518","2073705506","2.57692"
"2073705506","1986341518","2.57692"
"1986341518","2104701057","0.201923"
"2104701057","1986341518","0.201923"
"1986341518","2118466886","0.451923"
"2118466886","1986341518","0.451923"
"1986341518","2183444404","0.0769231"
"2183444404","1986341518","0.0769231"
"1988851483","2048562664","0.0769231"
"2048562664","1988851483","0.0769231"
"1988851483","2073705506","0.0769231"
"2073705506","1988851483","0.0769231"
"1988851483","2104701057","0.201923"
"2104701057","1988851483","0.201923"
"1988851483","2118466886","0.326923"
"2118466886","1988851483","0.326923"
"1988851483","2183444404","0.0769231"
"2183444404","1988851483","0.0769231"
"1988851483","2204216670","2.32692"
"2204216670","1988851483","2.32692"
"2048562664","2073705506","0.0769231"
"2073705506","2048562664","0.0769231"
"2048562664","2104701057","0.0769231"
"2104701057","2048562664","0.0769231"
"2048562664","2118466886","0.854701"
"2118466886","2048562664","0.854701"
"2048562664","2204216670","0.0769231"
"2204216670","2048562664","0.0769231"
"2073705506","2104701057","0.0769231"
"2104701057","2073705506","0.0769231"
"2073705506","2118466886","0.0769231"
"2118466886","2073705506","0.0769231"
"2073705506","2183444404","0.410256"
"2183444404","2073705506","0.410256"
"2073705506","2204216670","0.0769231"
"2204216670","2073705506","0.0769231"
"2104701057","2118466886","0.201923"
"2118466886","2104701057","0.201923"
"2104701057","2183444404","0.0769231"
"2183444404","2104701057","0.0769231"
"2104701057","2204216670","0.201923"
"2204216670","2104701057","0.201923"
"2118466886","2183444404","0.188034"
"2183444404","2118466886","0.188034"
"2118466886","2204216670","0.451923"
"2204216670","2118466886","0.451923"
"2183444404","2204216670","0.0769231"
"2204216670","2183444404","0.0769231"
"1487966318","1602594702","0.444444"
"1602594702","1487966318","0.444444"
"1487966318","2338684695","0.444444"
"2338684695","1487966318","0.444444"
"1487966318","2524814338","0.444444"
"2524814338","1487966318","0.444444"
"1487966318","2892926864","0.111111"
"2892926864","1487966318","0.111111"
"1602594702","1618421377","0.569444"
"1618421377","1602594702","0.569444"
"1602594702","1826756997","0.777778"
"1826756997","1602594702","0.777778"
"1602594702","2048562664","1.44444"
"2048562664","1602594702","1.44444"
"1602594702","2118466886","1.81944"
"2118466886","1602594702","1.81944"
"1602594702","2183444404","0.111111"
"2183444404","1602594702","0.111111"
"1602594702","2338684695","1.97778"
"2338684695","1602594702","1.97778"
"1602594702","2524814338","1.44444"
"2524814338","1602594702","1.44444"
"1602594702","2892926864","0.111111"
"2892926864","1602594702","0.111111"
"1618421377","1826756997","0.611111"
"1826756997","1618421377","0.611111"
"1618421377","2338684695","1.44444"
"2338684695","1618421377","1.44444"
"1618421377","2524814338","0.888889"
"2524814338","1618421377","0.888889"
"1618421377","2892926864","0.111111"
"2892926864","1618421377","0.111111"
"1826756997","2048562664","0.944444"
"2048562664","1826756997","0.944444"
"1826756997","2118466886","0.444444"
"2118466886","1826756997","0.444444"
"1826756997","2183444404","0.944444"
"2183444404","1826756997","0.944444"
"1826756997","2338684695","0.944444"
"2338684695","1826756997","0.944444"
"1826756997","2524814338","0.111111"
"2524814338","1826756997","0.111111"
"1826756997","2892926864","2.11111"
"2892926864","1826756997","2.11111"
"2048562664","2338684695","1.44444"
"2338684695","2048562664","1.44444"
"2118466886","2338684695","0.444444"
"2338684695","2118466886","0.444444"
"2118466886","2524814338","0.444444"
"2524814338","2118466886","0.444444"
"2118466886","2892926864","0.111111"
"2892926864","2118466886","0.111111"
"2183444404","2338684695","0.111111"
"2338684695","2183444404","0.111111"
"2338684695","2524814338","0.777778"
"2524814338","2338684695","0.777778"
"2338684695","2892926864","0.111111"
"2892926864","2338684695","0.111111"
"1487966318","2153953757","1.25"
"2153953757","1487966318","1.25"
"1555644269","1826756997","0.25"
"1826756997","1555644269","0.25"
"1555644269","2153953757","0.25"
"2153953757","1555644269","0.25"
"1584712749","2153953757","0.25"
"2153953757","1584712749","0.25"
"1826756997","2153953757","0.25"
"2153953757","1826756997","0.25"
"1487966318","2084859190","0.25"
"2084859190","1487966318","0.25"
"1555644269","2084859190","0.25"
"2084859190","1555644269","0.25"
"1584712749","2084859190","0.25"
"2084859190","1584712749","0.25"
"1986341518","2084859190","0.75"
"2084859190","1986341518","0.75"
"1555160259","2524814338","0.333333"
"2524814338","1555160259","0.333333"
"1487966318","2555187340","0.333333"
"2555187340","1487966318","0.333333"
"1555644269","2555187340","0.333333"
"2555187340","1555644269","0.333333"
"1487966318","1507367034","0.5"
"1507367034","1487966318","0.5"
"1507367034","1826756997","0.5"
"1826756997","1507367034","0.5"
"1487966318","160688998","1"
"160688998","1487966318","1"
"1584712749","2165925784","2.44444"
"2165925784","1584712749","2.44444"
"1826756997","2165925784","1.33333"
"2165925784","1826756997","1.33333"
"1490423059","1940563423","3"
"1940563423","1490423059","3"
"1492571680","1555160259","0.125"
"1555160259","1492571680","0.125"
"1492571680","1602594702","0.125"
"1602594702","1492571680","0.125"
"1492571680","1618421377","0.125"
"1618421377","1492571680","0.125"
"1492571680","2118466886","0.125"
"2118466886","1492571680","0.125"
"1555160259","1602594702","0.375"
"1602594702","1555160259","0.375"
"1555160259","2106681386","0.125"
"2106681386","1555160259","0.125"
"1555160259","2892051157","0.125"
"2892051157","1555160259","0.125"
"1602594702","1986341518","0.625"
"1986341518","1602594702","0.625"
"1602594702","2106681386","0.125"
"2106681386","1602594702","0.125"
"1602594702","2204216670","1.625"
"2204216670","1602594702","1.625"
"1602594702","2892051157","0.125"
"2892051157","1602594702","0.125"
"1618421377","2106681386","0.125"
"2106681386","1618421377","0.125"
"1618421377","2892051157","0.125"
"2892051157","1618421377","0.125"
"2106681386","2118466886","0.125"
"2118466886","2106681386","0.125"
"2118466886","2892051157","0.125"
"2892051157","2118466886","0.125"
"2204216670","2892051157","0.125"
"2892051157","2204216670","0.125"
"1492571680","2187211710","0.666667"
"2187211710","1492571680","0.666667"
"2106681386","2187211710","0.666667"
"2187211710","2106681386","0.666667"
"2130096645","2187211710","5.16667"
"2187211710","2130096645","5.16667"
"1598590094","2130096645","0.333333"
"2130096645","1598590094","0.333333"
"1496527740","1555160259","0.25"
"1555160259","1496527740","0.25"
"1496527740","2130096645","0.5"
"2130096645","1496527740","0.5"
"1496527740","2187211710","0.5"
"2187211710","1496527740","0.5"
"1496527740","2292035231","0.25"
"2292035231","1496527740","0.25"
"1555160259","2130096645","0.25"
"2130096645","1555160259","0.25"
"1555160259","2187211710","0.25"
"2187211710","1555160259","0.25"
"1555160259","2292035231","0.25"
"2292035231","1555160259","0.25"
"2130096645","2292035231","0.75"
"2292035231","2130096645","0.75"
"2187211710","2292035231","0.25"
"2292035231","2187211710","0.25"
"1496527740","1560309968","2.25"
"1560309968","1496527740","2.25"
"1496527740","1507367034","1"
"1507367034","1496527740","1"
"1496527740","2042541374","0.25"
"2042541374","1496527740","0.25"
"1560309968","2042541374","0.25"
"2042541374","1560309968","0.25"
"1560309968","2130096645","0.25"
"2130096645","1560309968","0.25"
"1560309968","2187211710","0.25"
"2187211710","1560309968","0.25"
"2042541374","2130096645","0.25"
"2130096645","2042541374","0.25"
"2042541374","2187211710","0.25"
"2187211710","2042541374","0.25"
"1507367034","2153953757","4"
"2153953757","1507367034","4"
"1507367034","1584712749","1"
"1584712749","1507367034","1"
"1584712749","1602594702","1"
"1602594702","1584712749","1"
"1602594702","1975491777","0.75"
"1975491777","1602594702","0.75"
"1602594702","1988851483","0.25"
"1988851483","1602594702","0.25"
"1602594702","2104701057","0.125"
"2104701057","1602594702","0.125"
"1555160259","2555187340","0.125"
"2555187340","1555160259","0.125"
"1602594702","2555187340","1.075"
"2555187340","1602594702","1.075"
"1988851483","2555187340","0.458333"
"2555187340","1988851483","0.458333"
"2118466886","2555187340","0.125"
"2555187340","2118466886","0.125"
"1555644269","2130096645","1.5"
"2130096645","1555644269","1.5"
"1555644269","2292035231","0.5"
"2292035231","1555644269","0.5"
"1555644269","1656279256","1"
"1656279256","1555644269","1"
"1584712749","160688998","1.11111"
"160688998","1584712749","1.11111"
"1584712749","2145183359","0.611111"
"2145183359","1584712749","0.611111"
"2073705506","2145183359","0.5"
"2145183359","2073705506","0.5"
"1986341518","2165925784","1.11111"
"2165925784","1986341518","1.11111"
"1584712749","2892051157","0.333333"
"2892051157","1584712749","0.333333"
"1988851483","2892051157","0.333333"
"2892051157","1988851483","0.333333"
"2555187340","2892051157","0.333333"
"2892051157","2555187340","0.333333"
"1584712749","2128579394","0.111111"
"2128579394","1584712749","0.111111"
"1584712749","2524814338","0.111111"
"2524814338","1584712749","0.111111"
"1584712749","3002865399","0.111111"
"3002865399","1584712749","0.111111"
"160688998","1618421377","0.111111"
"1618421377","160688998","0.111111"
"160688998","1986341518","0.111111"
"1986341518","160688998","0.111111"
"160688998","2145183359","0.111111"
"2145183359","160688998","0.111111"
"160688998","2165925784","0.311111"
"2165925784","160688998","0.311111"
"160688998","2204216670","0.111111"
"2204216670","160688998","0.111111"
"1618421377","2128579394","0.111111"
"2128579394","1618421377","0.111111"
"1618421377","2145183359","0.111111"
"2145183359","1618421377","0.111111"
"1618421377","2165925784","0.111111"
"2165925784","1618421377","0.111111"
"1618421377","3002865399","0.111111"
"3002865399","1618421377","0.111111"
"1986341518","2128579394","0.111111"
"2128579394","1986341518","0.111111"
"1986341518","2145183359","0.111111"
"2145183359","1986341518","0.111111"
"1986341518","2524814338","0.111111"
"2524814338","1986341518","0.111111"
"1986341518","3002865399","0.111111"
"3002865399","1986341518","0.111111"
"2128579394","2145183359","0.111111"
"2145183359","2128579394","0.111111"
"2128579394","2165925784","0.111111"
"2165925784","2128579394","0.111111"
"2145183359","2165925784","0.111111"
"2165925784","2145183359","0.111111"
"2145183359","2204216670","0.111111"
"2204216670","2145183359","0.111111"
"2145183359","2524814338","0.111111"
"2524814338","2145183359","0.111111"
"2145183359","3002865399","0.111111"
"3002865399","2145183359","0.111111"
"2165925784","2204216670","0.111111"
"2204216670","2165925784","0.111111"
"2165925784","2524814338","0.111111"
"2524814338","2165925784","0.111111"
"2165925784","3002865399","0.111111"
"3002865399","2165925784","0.111111"
"2204216670","2524814338","0.111111"
"2524814338","2204216670","0.111111"
"2204216670","3002865399","0.111111"
"3002865399","2204216670","0.111111"
"1584712749","1656279256","1"
"1656279256","1584712749","1"
"1602594702","2130096645","0.5"
"2130096645","1602594702","0.5"
"1975491777","2130096645","0.5"
"2130096645","1975491777","0.5"
"1602594702","160688998","0.2"
"160688998","1602594702","0.2"
"1602594702","2084859190","0.2"
"2084859190","1602594702","0.2"
"1602594702","2165925784","0.2"
"2165925784","1602594702","0.2"
"160688998","2338684695","0.2"
"2338684695","160688998","0.2"
"160688998","2555187340","0.2"
"2555187340","160688998","0.2"
"2084859190","2165925784","0.2"
"2165925784","2084859190","0.2"
"2084859190","2338684695","0.7"
"2338684695","2084859190","0.7"
"2084859190","2555187340","0.2"
"2555187340","2084859190","0.2"
"2165925784","2338684695","0.2"
"2338684695","2165925784","0.2"
"2165925784","2555187340","0.2"
"2555187340","2165925784","0.2"
"2338684695","2555187340","0.2"
"2555187340","2338684695","0.2"
"160688998","1826756997","1.5"
"1826756997","160688998","1.5"
"1986341518","2338684695","2"
"2338684695","1986341518","2"
"1656279256","2017670055","1.33333"
"2017670055","1656279256","1.33333"
"1656279256","2087845408","1.83333"
"2087845408","1656279256","1.83333"
"1656279256","2145183359","2.83333"
"2145183359","1656279256","2.83333"
"2017670055","2087845408","4.83333"
"2087845408","2017670055","4.83333"
"2017670055","2145183359","5.83333"
"2145183359","2017670055","5.83333"
"2087845408","2145183359","6.33333"
"2145183359","2087845408","6.33333"
"1826756997","1975491777","2"
"1975491777","1826756997","2"
"1975491777","2892926864","1"
"2892926864","1975491777","1"
"1826756997","2073705506","0.333333"
"2073705506","1826756997","0.333333"
"1826756997","2084859190","0.333333"
"2084859190","1826756997","0.333333"
"2073705506","2084859190","0.333333"
"2084859190","2073705506","0.333333"
"2048562664","2595225567","0.125"
"2595225567","2048562664","0.125"
"2048562664","2596244769","0.125"
"2596244769","2048562664","0.125"
"2048562664","2600283283","0.125"
"2600283283","2048562664","0.125"
"2084859190","2595225567","0.125"
"2595225567","2084859190","0.125"
"2084859190","2596244769","0.125"
"2596244769","2084859190","0.125"
"2084859190","2600283283","0.125"
"2600283283","2084859190","0.125"
"2128579394","2595225567","0.125"
"2595225567","2128579394","0.125"
"2128579394","2596244769","0.125"
"2596244769","2128579394","0.125"
"2128579394","2600283283","0.125"
"2600283283","2128579394","0.125"
"2292035231","2595225567","3.625"
"2595225567","2292035231","3.625"
"2292035231","2596244769","0.625"
"2596244769","2292035231","0.625"
"2292035231","2600283283","1.125"
"2600283283","2292035231","1.125"
"2524814338","2595225567","0.125"
"2595225567","2524814338","0.125"
"2524814338","2596244769","0.125"
"2596244769","2524814338","0.125"
"2524814338","2600283283","0.125"
"2600283283","2524814338","0.125"
"2595225567","2596244769","5.125"
"2596244769","2595225567","5.125"
"2595225567","2600283283","6.625"
"2600283283","2595225567","6.625"
"2595225567","3002865399","0.125"
"3002865399","2595225567","0.125"
"2596244769","2600283283","5.625"
"2600283283","2596244769","5.625"
"2596244769","3002865399","0.125"
"3002865399","2596244769","0.125"
"2600283283","3002865399","0.125"
"3002865399","2600283283","0.125"
"2183444404","2555187340","1"
"2555187340","2183444404","1"
"2766579375","2892051157","6"
"2892051157","2766579375","6"
