"1652177784","2099984582","0.420687"
"2099984582","1652177784","0.420687"
"1652177784","2243486211","0.579511"
"2243486211","1652177784","0.579511"
"1652177784","2244328756","1.20002"
"2244328756","1652177784","1.20002"
"1652177784","2311810541","4.80954"
"2311810541","1652177784","4.80954"
"2099984582","2243486211","0.670687"
"2243486211","2099984582","0.670687"
"2099984582","2244328756","0.420687"
"2244328756","2099984582","0.420687"
"2099984582","2311810541","0.420687"
"2311810541","2099984582","0.420687"
"2243486211","2244328756","0.479511"
"2244328756","2243486211","0.479511"
"2243486211","2311810541","0.579511"
"2311810541","2243486211","0.579511"
"2244328756","2311810541","1.20002"
"2311810541","2244328756","1.20002"
"1652177784","2037620207","0.261596"
"2037620207","1652177784","0.261596"
"1652177784","2141487161","0.268541"
"2141487161","1652177784","0.268541"
"1652177784","2294599320","0.96371"
"2294599320","1652177784","0.96371"
"1652177784","2543762280","0.612666"
"2543762280","1652177784","0.612666"
"1652177784","2564384037","0.607308"
"2564384037","1652177784","0.607308"
"1652177784","2765892998","0.0909091"
"2765892998","1652177784","0.0909091"
"1652177784","2791925135","0.212233"
"2791925135","1652177784","0.212233"
"1652177784","42176987","0.906134"
"42176987","1652177784","0.906134"
"1652177784","72621652","0.206041"
"72621652","1652177784","0.206041"
"2037620207","2141487161","0.282964"
"2141487161","2037620207","0.282964"
"2037620207","2244328756","0.261596"
"2244328756","2037620207","0.261596"
"2037620207","2294599320","0.199096"
"2294599320","2037620207","0.199096"
"2037620207","2311810541","0.261596"
"2311810541","2037620207","0.261596"
"2037620207","2543762280","0.162338"
"2543762280","2037620207","0.162338"
"2037620207","2564384037","0.244755"
"2564384037","2037620207","0.244755"
"2037620207","2765892998","1.16783"
"2765892998","2037620207","1.16783"
"2037620207","2791925135","0.167832"
"2791925135","2037620207","0.167832"
"2037620207","42176987","0.463519"
"42176987","2037620207","0.463519"
"2037620207","72621652","0.220464"
"72621652","2037620207","0.220464"
"2141487161","2244328756","0.268541"
"2244328756","2141487161","0.268541"
"2141487161","2294599320","0.206041"
"2294599320","2141487161","0.206041"
"2141487161","2311810541","0.268541"
"2311810541","2141487161","0.268541"
"2141487161","2543762280","0.153409"
"2543762280","2141487161","0.153409"
"2141487161","2564384037","0.167832"
"2564384037","2141487161","0.167832"
"2141487161","2765892998","0.167832"
"2765892998","2141487161","0.167832"
"2141487161","2791925135","0.230332"
"2791925135","2141487161","0.230332"
"2141487161","42176987","0.282964"
"42176987","2141487161","0.282964"
"2141487161","72621652","6.28296"
"72621652","2141487161","6.28296"
"2244328756","2294599320","0.554186"
"2294599320","2244328756","0.554186"
"2244328756","2543762280","0.303142"
"2543762280","2244328756","0.303142"
"2244328756","2564384037","0.240642"
"2564384037","2244328756","0.240642"
"2244328756","2765892998","0.0909091"
"2765892998","2244328756","0.0909091"
"2244328756","2791925135","0.212233"
"2791925135","2244328756","0.212233"
"2244328756","42176987","0.463277"
"42176987","2244328756","0.463277"
"2244328756","72621652","0.206041"
"72621652","2244328756","0.206041"
"2294599320","2311810541","0.96371"
"2311810541","2294599320","0.96371"
"2294599320","2543762280","2.25552"
"2543762280","2294599320","2.25552"
"2294599320","2564384037","0.966832"
"2564384037","2294599320","0.966832"
"2294599320","2765892998","0.0909091"
"2765892998","2294599320","0.0909091"
"2294599320","2791925135","0.545566"
"2791925135","2294599320","0.545566"
"2294599320","42176987","0.643634"
"42176987","2294599320","0.643634"
"2294599320","72621652","0.206041"
"72621652","2294599320","0.206041"
"2311810541","2543762280","0.612666"
"2543762280","2311810541","0.612666"
"2311810541","2564384037","0.407308"
"2564384037","2311810541","0.407308"
"2311810541","2765892998","0.0909091"
"2765892998","2311810541","0.0909091"
"2311810541","2791925135","0.212233"
"2791925135","2311810541","0.212233"
"2311810541","42176987","0.906134"
"42176987","2311810541","0.906134"
"2311810541","72621652","0.206041"
"72621652","2311810541","0.206041"
"2543762280","2564384037","0.966832"
"2564384037","2543762280","0.966832"
"2543762280","2765892998","0.20202"
"2765892998","2543762280","0.20202"
"2543762280","2791925135","0.656677"
"2791925135","2543762280","0.656677"
"2543762280","42176987","0.29259"
"42176987","2543762280","0.29259"
"2543762280","72621652","0.153409"
"72621652","2543762280","0.153409"
"2564384037","2765892998","0.167832"
"2765892998","2564384037","0.167832"
"2564384037","2791925135","0.226656"
"2791925135","2564384037","0.226656"
"2564384037","42176987","0.226656"
"42176987","2564384037","0.226656"
"2564384037","72621652","0.167832"
"72621652","2564384037","0.167832"
"2765892998","2791925135","2.1718"
"2791925135","2765892998","2.1718"
"2765892998","42176987","3.16783"
"42176987","2765892998","3.16783"
"2765892998","72621652","0.167832"
"72621652","2765892998","0.167832"
"2791925135","42176987","0.226656"
"42176987","2791925135","0.226656"
"2791925135","72621652","0.230332"
"72621652","2791925135","0.230332"
"42176987","72621652","0.220464"
"72621652","42176987","0.220464"
"1652177784","1923572457","0.0625"
"1923572457","1652177784","0.0625"
"1652177784","1970301324","0.877725"
"1970301324","1652177784","0.877725"
"1652177784","1985600279","0.115132"
"1985600279","1652177784","0.115132"
"1652177784","2058263184","1.41106"
"2058263184","1652177784","1.41106"
"1652177784","2170676943","0.529511"
"2170676943","1652177784","0.529511"
"1652177784","2280020246","0.115132"
"2280020246","1652177784","0.115132"
"1652177784","2331452408","1.2353"
"2331452408","1652177784","1.2353"
"1652177784","2592017671","0.329511"
"2592017671","1652177784","0.329511"
"1652177784","643871556","0.180556"
"643871556","1652177784","0.180556"
"1923572457","1970301324","0.0625"
"1970301324","1923572457","0.0625"
"1923572457","1985600279","0.0625"
"1985600279","1923572457","0.0625"
"1923572457","2037620207","0.0625"
"2037620207","1923572457","0.0625"
"1923572457","2058263184","0.0625"
"2058263184","1923572457","0.0625"
"1923572457","2099984582","0.0625"
"2099984582","1923572457","0.0625"
"1923572457","2141487161","0.0625"
"2141487161","1923572457","0.0625"
"1923572457","2170676943","0.0625"
"2170676943","1923572457","0.0625"
"1923572457","2243486211","0.0625"
"2243486211","1923572457","0.0625"
"1923572457","2244328756","0.0625"
"2244328756","1923572457","0.0625"
"1923572457","2280020246","0.0625"
"2280020246","1923572457","0.0625"
"1923572457","2311810541","0.0625"
"2311810541","1923572457","0.0625"
"1923572457","2331452408","0.0625"
"2331452408","1923572457","0.0625"
"1923572457","2592017671","0.0625"
"2592017671","1923572457","0.0625"
"1923572457","42176987","0.0625"
"42176987","1923572457","0.0625"
"1923572457","643871556","0.0625"
"643871556","1923572457","0.0625"
"1970301324","1985600279","0.240132"
"1985600279","1970301324","0.240132"
"1970301324","2037620207","0.37261"
"2037620207","1970301324","0.37261"
"1970301324","2058263184","1.53798"
"2058263184","1970301324","1.53798"
"1970301324","2099984582","0.545687"
"2099984582","1970301324","0.545687"
"1970301324","2141487161","0.254555"
"2141487161","1970301324","0.254555"
"1970301324","2170676943","0.406434"
"2170676943","1970301324","0.406434"
"1970301324","2243486211","0.656434"
"2243486211","1970301324","0.656434"
"1970301324","2244328756","0.434868"
"2244328756","1970301324","0.434868"
"1970301324","2280020246","0.240132"
"2280020246","1970301324","0.240132"
"1970301324","2311810541","0.877725"
"2311810541","1970301324","0.877725"
"1970301324","2331452408","1.11106"
"2331452408","1970301324","1.11106"
"1970301324","2592017671","0.406434"
"2592017671","1970301324","0.406434"
"1970301324","42176987","3.60048"
"42176987","1970301324","3.60048"
"1970301324","643871556","0.305556"
"643871556","1970301324","0.305556"
"1985600279","2037620207","0.240132"
"2037620207","1985600279","0.240132"
"1985600279","2058263184","0.615132"
"2058263184","1985600279","0.615132"
"1985600279","2099984582","0.740132"
"2099984582","1985600279","0.740132"
"1985600279","2141487161","0.115132"
"2141487161","1985600279","0.115132"
"1985600279","2170676943","0.115132"
"2170676943","1985600279","0.115132"
"1985600279","2243486211","0.115132"
"2243486211","1985600279","0.115132"
"1985600279","2244328756","0.115132"
"2244328756","1985600279","0.115132"
"1985600279","2280020246","2.74013"
"2280020246","1985600279","2.74013"
"1985600279","2311810541","0.115132"
"2311810541","1985600279","0.115132"
"1985600279","2331452408","0.115132"
"2331452408","1985600279","0.115132"
"1985600279","2592017671","0.115132"
"2592017671","1985600279","0.115132"
"1985600279","42176987","0.240132"
"42176987","1985600279","0.240132"
"1985600279","643871556","0.1875"
"643871556","1985600279","0.1875"
"2037620207","2058263184","0.24761"
"2058263184","2037620207","0.24761"
"2037620207","2099984582","0.295687"
"2099984582","2037620207","0.295687"
"2037620207","2170676943","0.324533"
"2170676943","2037620207","0.324533"
"2037620207","2243486211","0.324533"
"2243486211","2037620207","0.324533"
"2037620207","2280020246","0.240132"
"2280020246","2037620207","0.240132"
"2037620207","2331452408","0.24761"
"2331452408","2037620207","0.24761"
"2037620207","2592017671","0.324533"
"2592017671","2037620207","0.324533"
"2037620207","643871556","0.319979"
"643871556","2037620207","0.319979"
"2058263184","2099984582","0.920687"
"2099984582","2058263184","0.920687"
"2058263184","2141487161","0.254555"
"2141487161","2058263184","0.254555"
"2058263184","2170676943","0.606434"
"2170676943","2058263184","0.606434"
"2058263184","2243486211","0.989767"
"2243486211","2058263184","0.989767"
"2058263184","2244328756","0.768201"
"2244328756","2058263184","0.768201"
"2058263184","2280020246","0.115132"
"2280020246","2058263184","0.115132"
"2058263184","2311810541","1.21106"
"2311810541","2058263184","1.21106"
"2058263184","2331452408","1.64439"
"2331452408","2058263184","1.64439"
"2058263184","2592017671","0.406434"
"2592017671","2058263184","0.406434"
"2058263184","42176987","1.47548"
"42176987","2058263184","1.47548"
"2058263184","643871556","0.513889"
"643871556","2058263184","0.513889"
"2099984582","2141487161","0.115132"
"2141487161","2099984582","0.115132"
"2099984582","2170676943","0.420687"
"2170676943","2099984582","0.420687"
"2099984582","2280020246","0.490132"
"2280020246","2099984582","0.490132"
"2099984582","2331452408","0.50402"
"2331452408","2099984582","0.50402"
"2099984582","2592017671","0.420687"
"2592017671","2099984582","0.420687"
"2099984582","42176987","0.545687"
"42176987","2099984582","0.545687"
"2099984582","643871556","2.07639"
"643871556","2099984582","2.07639"
"2141487161","2170676943","0.192055"
"2170676943","2141487161","0.192055"
"2141487161","2243486211","0.192055"
"2243486211","2141487161","0.192055"
"2141487161","2280020246","0.115132"
"2280020246","2141487161","0.115132"
"2141487161","2331452408","0.177632"
"2331452408","2141487161","0.177632"
"2141487161","2592017671","0.192055"
"2592017671","2141487161","0.192055"
"2141487161","643871556","0.125"
"643871556","2141487161","0.125"
"2170676943","2243486211","2.62621"
"2243486211","2170676943","2.62621"
"2170676943","2244328756","0.229511"
"2244328756","2170676943","0.229511"
"2170676943","2280020246","0.115132"
"2280020246","2170676943","0.115132"
"2170676943","2311810541","0.329511"
"2311810541","2170676943","0.329511"
"2170676943","2331452408","0.506434"
"2331452408","2170676943","0.506434"
"2170676943","2592017671","0.733357"
"2592017671","2170676943","0.733357"
"2170676943","42176987","0.406434"
"42176987","2170676943","0.406434"
"2170676943","643871556","0.444979"
"643871556","2170676943","0.444979"
"2243486211","2280020246","0.115132"
"2280020246","2243486211","0.115132"
"2243486211","2331452408","0.306434"
"2331452408","2243486211","0.306434"
"2243486211","2592017671","0.483357"
"2592017671","2243486211","0.483357"
"2243486211","42176987","0.656434"
"42176987","2243486211","0.656434"
"2243486211","643871556","0.528312"
"643871556","2243486211","0.528312"
"2244328756","2280020246","0.115132"
"2280020246","2244328756","0.115132"
"2244328756","2331452408","0.525777"
"2331452408","2244328756","0.525777"
"2244328756","2592017671","0.229511"
"2592017671","2244328756","0.229511"
"2244328756","643871556","0.180556"
"643871556","2244328756","0.180556"
"2280020246","2311810541","0.115132"
"2311810541","2280020246","0.115132"
"2280020246","2331452408","0.115132"
"2331452408","2280020246","0.115132"
"2280020246","2592017671","0.115132"
"2592017671","2280020246","0.115132"
"2280020246","42176987","0.240132"
"42176987","2280020246","0.240132"
"2280020246","643871556","0.4375"
"643871556","2280020246","0.4375"
"2311810541","2331452408","1.0353"
"2331452408","2311810541","1.0353"
"2311810541","2592017671","0.329511"
"2592017671","2311810541","0.329511"
"2311810541","643871556","0.180556"
"643871556","2311810541","0.180556"
"2331452408","2592017671","0.306434"
"2592017671","2331452408","0.306434"
"2331452408","42176987","1.04856"
"42176987","2331452408","1.04856"
"2331452408","643871556","0.924145"
"643871556","2331452408","0.924145"
"2592017671","42176987","0.406434"
"42176987","2592017671","0.406434"
"2592017671","643871556","0.444979"
"643871556","2592017671","0.444979"
"42176987","643871556","0.243056"
"643871556","42176987","0.243056"
"1652177784","1760480417","0.365763"
"1760480417","1652177784","0.365763"
"1652177784","2044226221","0.0909091"
"2044226221","1652177784","0.0909091"
"1652177784","2249355370","0.143541"
"2249355370","1652177784","0.143541"
"1652177784","2294184082","0.0909091"
"2294184082","1652177784","0.0909091"
"1652177784","2533499685","0.290909"
"2533499685","1652177784","0.290909"
"1760480417","2044226221","0.0909091"
"2044226221","1760480417","0.0909091"
"1760480417","2244328756","0.199096"
"2244328756","1760480417","0.199096"
"1760480417","2249355370","6.31021"
"2249355370","1760480417","6.31021"
"1760480417","2294184082","0.590909"
"2294184082","1760480417","0.590909"
"1760480417","2294599320","0.865763"
"2294599320","1760480417","0.865763"
"1760480417","2311810541","0.365763"
"2311810541","1760480417","0.365763"
"1760480417","2331452408","1.1991"
"2331452408","1760480417","1.1991"
"1760480417","2533499685","0.0909091"
"2533499685","1760480417","0.0909091"
"1760480417","2543762280","0.257576"
"2543762280","1760480417","0.257576"
"1760480417","2564384037","0.590909"
"2564384037","1760480417","0.590909"
"2044226221","2244328756","0.0909091"
"2244328756","2044226221","0.0909091"
"2044226221","2249355370","0.0909091"
"2249355370","2044226221","0.0909091"
"2044226221","2294184082","0.0909091"
"2294184082","2044226221","0.0909091"
"2044226221","2294599320","0.0909091"
"2294599320","2044226221","0.0909091"
"2044226221","2311810541","0.0909091"
"2311810541","2044226221","0.0909091"
"2044226221","2331452408","0.0909091"
"2331452408","2044226221","0.0909091"
"2044226221","2533499685","0.0909091"
"2533499685","2044226221","0.0909091"
"2044226221","2543762280","0.0909091"
"2543762280","2044226221","0.0909091"
"2044226221","2564384037","0.0909091"
"2564384037","2044226221","0.0909091"
"2244328756","2249355370","0.143541"
"2249355370","2244328756","0.143541"
"2244328756","2294184082","0.0909091"
"2294184082","2244328756","0.0909091"
"2244328756","2533499685","0.0909091"
"2533499685","2244328756","0.0909091"
"2249355370","2294184082","0.290909"
"2294184082","2249355370","0.290909"
"2249355370","2294599320","0.143541"
"2294599320","2249355370","0.143541"
"2249355370","2311810541","0.143541"
"2311810541","2249355370","0.143541"
"2249355370","2331452408","0.143541"
"2331452408","2249355370","0.143541"
"2249355370","2533499685","0.233766"
"2533499685","2249355370","0.233766"
"2249355370","2543762280","0.0909091"
"2543762280","2249355370","0.0909091"
"2249355370","2564384037","0.233766"
"2564384037","2249355370","0.233766"
"2294184082","2294599320","0.590909"
"2294599320","2294184082","0.590909"
"2294184082","2311810541","0.0909091"
"2311810541","2294184082","0.0909091"
"2294184082","2331452408","0.0909091"
"2331452408","2294184082","0.0909091"
"2294184082","2533499685","0.674242"
"2533499685","2294184082","0.674242"
"2294184082","2543762280","0.0909091"
"2543762280","2294184082","0.0909091"
"2294184082","2564384037","0.0909091"
"2564384037","2294184082","0.0909091"
"2294599320","2331452408","1.5228"
"2331452408","2294599320","1.5228"
"2294599320","2533499685","0.507576"
"2533499685","2294599320","0.507576"
"2311810541","2533499685","0.0909091"
"2533499685","2311810541","0.0909091"
"2331452408","2533499685","1.0171"
"2533499685","2331452408","1.0171"
"2331452408","2543762280","1.27176"
"2543762280","2331452408","1.27176"
"2331452408","2564384037","1.34332"
"2564384037","2331452408","1.34332"
"2533499685","2543762280","0.690115"
"2543762280","2533499685","0.690115"
"2533499685","2564384037","0.850433"
"2564384037","2533499685","0.850433"
"1652177784","1977568006","0.0526316"
"1977568006","1652177784","0.0526316"
"1760480417","1970301324","0.108187"
"1970301324","1760480417","0.108187"
"1760480417","1977568006","0.552632"
"1977568006","1760480417","0.552632"
"1760480417","1985600279","0.0526316"
"1985600279","1760480417","0.0526316"
"1760480417","2037620207","0.108187"
"2037620207","1760480417","0.108187"
"1760480417","2058263184","0.108187"
"2058263184","1760480417","0.108187"
"1760480417","2099984582","0.108187"
"2099984582","1760480417","0.108187"
"1760480417","2141487161","0.0526316"
"2141487161","1760480417","0.0526316"
"1760480417","2170676943","0.108187"
"2170676943","1760480417","0.108187"
"1760480417","2243486211","0.108187"
"2243486211","1760480417","0.108187"
"1760480417","2280020246","0.0526316"
"2280020246","1760480417","0.0526316"
"1760480417","2592017671","0.108187"
"2592017671","1760480417","0.108187"
"1760480417","42176987","0.108187"
"42176987","1760480417","0.108187"
"1760480417","72621652","0.0526316"
"72621652","1760480417","0.0526316"
"1970301324","1977568006","0.0526316"
"1977568006","1970301324","0.0526316"
"1970301324","2249355370","0.0526316"
"2249355370","1970301324","0.0526316"
"1970301324","2294599320","0.615225"
"2294599320","1970301324","0.615225"
"1970301324","72621652","0.192055"
"72621652","1970301324","0.192055"
"1977568006","1985600279","0.0526316"
"1985600279","1977568006","0.0526316"
"1977568006","2037620207","0.0526316"
"2037620207","1977568006","0.0526316"
"1977568006","2058263184","0.0526316"
"2058263184","1977568006","0.0526316"
"1977568006","2099984582","0.0526316"
"2099984582","1977568006","0.0526316"
"1977568006","2141487161","3.05263"
"2141487161","1977568006","3.05263"
"1977568006","2170676943","0.0526316"
"2170676943","1977568006","0.0526316"
"1977568006","2243486211","0.0526316"
"2243486211","1977568006","0.0526316"
"1977568006","2244328756","0.0526316"
"2244328756","1977568006","0.0526316"
"1977568006","2249355370","0.0526316"
"2249355370","1977568006","0.0526316"
"1977568006","2280020246","0.0526316"
"2280020246","1977568006","0.0526316"
"1977568006","2294599320","0.0526316"
"2294599320","1977568006","0.0526316"
"1977568006","2311810541","0.0526316"
"2311810541","1977568006","0.0526316"
"1977568006","2331452408","0.552632"
"2331452408","1977568006","0.552632"
"1977568006","2592017671","0.0526316"
"2592017671","1977568006","0.0526316"
"1977568006","42176987","0.0526316"
"42176987","1977568006","0.0526316"
"1977568006","72621652","3.05263"
"72621652","1977568006","3.05263"
"1985600279","2249355370","0.0526316"
"2249355370","1985600279","0.0526316"
"1985600279","2294599320","0.0526316"
"2294599320","1985600279","0.0526316"
"1985600279","72621652","0.0526316"
"72621652","1985600279","0.0526316"
"2037620207","2249355370","0.0526316"
"2249355370","2037620207","0.0526316"
"2058263184","2249355370","0.0526316"
"2249355370","2058263184","0.0526316"
"2058263184","2294599320","0.781892"
"2294599320","2058263184","0.781892"
"2058263184","72621652","0.192055"
"72621652","2058263184","0.192055"
"2099984582","2249355370","0.0526316"
"2249355370","2099984582","0.0526316"
"2099984582","2294599320","0.358187"
"2294599320","2099984582","0.358187"
"2099984582","72621652","0.0526316"
"72621652","2099984582","0.0526316"
"2141487161","2249355370","0.0526316"
"2249355370","2141487161","0.0526316"
"2170676943","2249355370","0.195489"
"2249355370","2170676943","0.195489"
"2170676943","2294599320","0.267011"
"2294599320","2170676943","0.267011"
"2170676943","72621652","0.129555"
"72621652","2170676943","0.129555"
"2243486211","2249355370","0.195489"
"2249355370","2243486211","0.195489"
"2243486211","2294599320","0.267011"
"2294599320","2243486211","0.267011"
"2243486211","72621652","0.129555"
"72621652","2243486211","0.129555"
"2249355370","2280020246","0.0526316"
"2280020246","2249355370","0.0526316"
"2249355370","2592017671","0.0526316"
"2592017671","2249355370","0.0526316"
"2249355370","42176987","0.0526316"
"42176987","2249355370","0.0526316"
"2249355370","72621652","0.0526316"
"72621652","2249355370","0.0526316"
"2280020246","2294599320","0.302632"
"2294599320","2280020246","0.302632"
"2280020246","72621652","0.0526316"
"72621652","2280020246","0.0526316"
"2294599320","2592017671","0.267011"
"2592017671","2294599320","0.267011"
"2331452408","72621652","0.115132"
"72621652","2331452408","0.115132"
"2592017671","72621652","0.129555"
"72621652","2592017671","0.129555"
"2058263184","2533499685","0.533333"
"2533499685","2058263184","0.533333"
"2058263184","2564384037","0.502413"
"2564384037","2058263184","0.502413"
"2170676943","2533499685","0.342857"
"2533499685","2170676943","0.342857"
"2170676943","2564384037","0.555527"
"2564384037","2170676943","0.555527"
"1652177784","1999274321","0.0555556"
"1999274321","1652177784","0.0555556"
"1652177784","2033640190","0.114379"
"2033640190","1652177784","0.114379"
"1652177784","2159958229","0.0555556"
"2159958229","1652177784","0.0555556"
"1652177784","50428189","0.114379"
"50428189","1652177784","0.114379"
"1760480417","1999274321","0.0555556"
"1999274321","1760480417","0.0555556"
"1760480417","2033640190","0.0555556"
"2033640190","1760480417","0.0555556"
"1760480417","2159958229","0.0555556"
"2159958229","1760480417","0.0555556"
"1760480417","50428189","0.0555556"
"50428189","1760480417","0.0555556"
"1760480417","643871556","0.388889"
"643871556","1760480417","0.388889"
"1970301324","1999274321","0.0555556"
"1999274321","1970301324","0.0555556"
"1970301324","2033640190","0.114379"
"2033640190","1970301324","0.114379"
"1970301324","2159958229","0.180556"
"2159958229","1970301324","0.180556"
"1970301324","50428189","0.114379"
"50428189","1970301324","0.114379"
"1999274321","2033640190","0.846764"
"2033640190","1999274321","0.846764"
"1999274321","2037620207","0.203907"
"2037620207","1999274321","0.203907"
"1999274321","2058263184","0.0555556"
"2058263184","1999274321","0.0555556"
"1999274321","2099984582","0.0555556"
"2099984582","1999274321","0.0555556"
"1999274321","2159958229","5.84676"
"2159958229","1999274321","5.84676"
"1999274321","2170676943","0.132479"
"2170676943","1999274321","0.132479"
"1999274321","2243486211","0.132479"
"2243486211","1999274321","0.132479"
"1999274321","2244328756","0.0555556"
"2244328756","1999274321","0.0555556"
"1999274321","2294599320","0.198413"
"2294599320","1999274321","0.198413"
"1999274321","2311810541","0.0555556"
"2311810541","1999274321","0.0555556"
"1999274321","2331452408","0.132479"
"2331452408","1999274321","0.132479"
"1999274321","2592017671","0.632479"
"2592017671","1999274321","0.632479"
"1999274321","42176987","0.0555556"
"42176987","1999274321","0.0555556"
"1999274321","50428189","0.0555556"
"50428189","1999274321","0.0555556"
"1999274321","643871556","0.132479"
"643871556","1999274321","0.132479"
"2033640190","2037620207","0.203907"
"2037620207","2033640190","0.203907"
"2033640190","2058263184","0.114379"
"2058263184","2033640190","0.114379"
"2033640190","2099984582","0.0555556"
"2099984582","2033640190","0.0555556"
"2033640190","2159958229","0.846764"
"2159958229","2033640190","0.846764"
"2033640190","2170676943","0.191302"
"2170676943","2033640190","0.191302"
"2033640190","2243486211","0.191302"
"2243486211","2033640190","0.191302"
"2033640190","2244328756","0.114379"
"2244328756","2033640190","0.114379"
"2033640190","2294599320","0.257236"
"2294599320","2033640190","0.257236"
"2033640190","2311810541","0.114379"
"2311810541","2033640190","0.114379"
"2033640190","2331452408","0.191302"
"2331452408","2033640190","0.191302"
"2033640190","2592017671","0.191302"
"2592017671","2033640190","0.191302"
"2033640190","42176987","0.114379"
"42176987","2033640190","0.114379"
"2033640190","50428189","0.114379"
"50428189","2033640190","0.114379"
"2033640190","643871556","0.132479"
"643871556","2033640190","0.132479"
"2037620207","2159958229","0.328907"
"2159958229","2037620207","0.328907"
"2037620207","50428189","0.0555556"
"50428189","2037620207","0.0555556"
"2058263184","2159958229","0.0555556"
"2159958229","2058263184","0.0555556"
"2058263184","50428189","0.114379"
"50428189","2058263184","0.114379"
"2099984582","2159958229","0.180556"
"2159958229","2099984582","0.180556"
"2099984582","50428189","0.0555556"
"50428189","2099984582","0.0555556"
"2159958229","2170676943","0.132479"
"2170676943","2159958229","0.132479"
"2159958229","2243486211","0.132479"
"2243486211","2159958229","0.132479"
"2159958229","2244328756","0.0555556"
"2244328756","2159958229","0.0555556"
"2159958229","2294599320","0.198413"
"2294599320","2159958229","0.198413"
"2159958229","2311810541","0.0555556"
"2311810541","2159958229","0.0555556"
"2159958229","2331452408","0.132479"
"2331452408","2159958229","0.132479"
"2159958229","2592017671","0.632479"
"2592017671","2159958229","0.632479"
"2159958229","42176987","0.180556"
"42176987","2159958229","0.180556"
"2159958229","50428189","0.0555556"
"50428189","2159958229","0.0555556"
"2159958229","643871556","0.257479"
"643871556","2159958229","0.257479"
"2170676943","50428189","0.114379"
"50428189","2170676943","0.114379"
"2243486211","50428189","0.114379"
"50428189","2243486211","0.114379"
"2244328756","50428189","0.114379"
"50428189","2244328756","0.114379"
"2294599320","50428189","0.114379"
"50428189","2294599320","0.114379"
"2294599320","643871556","0.368056"
"643871556","2294599320","0.368056"
"2311810541","50428189","0.114379"
"50428189","2311810541","0.114379"
"2331452408","50428189","0.114379"
"50428189","2331452408","0.114379"
"2592017671","50428189","0.114379"
"50428189","2592017671","0.114379"
"42176987","50428189","1.11438"
"50428189","42176987","1.11438"
"50428189","643871556","0.0555556"
"643871556","50428189","0.0555556"
"1652177784","2476331509","0.158824"
"2476331509","1652177784","0.158824"
"1652177784","2621657830","0.158824"
"2621657830","1652177784","0.158824"
"1970301324","2476331509","0.158824"
"2476331509","1970301324","0.158824"
"1970301324","2543762280","0.264181"
"2543762280","1970301324","0.264181"
"1970301324","2564384037","0.135747"
"2564384037","1970301324","0.135747"
"1970301324","2621657830","0.158824"
"2621657830","1970301324","0.158824"
"1970301324","2791925135","0.198247"
"2791925135","1970301324","0.198247"
"2033640190","2476331509","0.135747"
"2476331509","2033640190","0.135747"
"2033640190","2543762280","0.273109"
"2543762280","2033640190","0.273109"
"2033640190","2564384037","0.278604"
"2564384037","2033640190","0.278604"
"2033640190","2621657830","0.0588235"
"2621657830","2033640190","0.0588235"
"2033640190","2791925135","0.0588235"
"2791925135","2033640190","0.0588235"
"2058263184","2476331509","0.158824"
"2476331509","2058263184","0.158824"
"2058263184","2543762280","0.430847"
"2543762280","2058263184","0.430847"
"2058263184","2621657830","0.158824"
"2621657830","2058263184","0.158824"
"2058263184","2791925135","0.198247"
"2791925135","2058263184","0.198247"
"2170676943","2476331509","0.378604"
"2476331509","2170676943","0.378604"
"2170676943","2543762280","0.0588235"
"2543762280","2170676943","0.0588235"
"2170676943","2621657830","0.158824"
"2621657830","2170676943","0.158824"
"2170676943","2791925135","0.135747"
"2791925135","2170676943","0.135747"
"2243486211","2476331509","0.378604"
"2476331509","2243486211","0.378604"
"2243486211","2543762280","0.0588235"
"2543762280","2243486211","0.0588235"
"2243486211","2564384037","0.355527"
"2564384037","2243486211","0.355527"
"2243486211","2621657830","0.158824"
"2621657830","2243486211","0.158824"
"2243486211","2791925135","0.135747"
"2791925135","2243486211","0.135747"
"2244328756","2476331509","0.0588235"
"2476331509","2244328756","0.0588235"
"2244328756","2621657830","0.0588235"
"2621657830","2244328756","0.0588235"
"2294599320","2476331509","0.158824"
"2476331509","2294599320","0.158824"
"2294599320","2621657830","0.158824"
"2621657830","2294599320","0.158824"
"2311810541","2476331509","0.158824"
"2476331509","2311810541","0.158824"
"2311810541","2621657830","0.158824"
"2621657830","2311810541","0.158824"
"2331452408","2476331509","0.135747"
"2476331509","2331452408","0.135747"
"2331452408","2621657830","0.0588235"
"2621657830","2331452408","0.0588235"
"2331452408","2791925135","0.454657"
"2791925135","2331452408","0.454657"
"2476331509","2543762280","0.0588235"
"2543762280","2476331509","0.0588235"
"2476331509","2564384037","0.278604"
"2564384037","2476331509","0.278604"
"2476331509","2592017671","0.235747"
"2592017671","2476331509","0.235747"
"2476331509","2621657830","0.158824"
"2621657830","2476331509","0.158824"
"2476331509","2791925135","0.0588235"
"2791925135","2476331509","0.0588235"
"2476331509","42176987","2.15882"
"42176987","2476331509","2.15882"
"2476331509","50428189","0.0588235"
"50428189","2476331509","0.0588235"
"2543762280","2592017671","0.0588235"
"2592017671","2543762280","0.0588235"
"2543762280","2621657830","0.0588235"
"2621657830","2543762280","0.0588235"
"2543762280","50428189","0.0588235"
"50428189","2543762280","0.0588235"
"2564384037","2592017671","0.21267"
"2592017671","2564384037","0.21267"
"2564384037","2621657830","0.0588235"
"2621657830","2564384037","0.0588235"
"2564384037","50428189","0.0588235"
"50428189","2564384037","0.0588235"
"2592017671","2621657830","0.158824"
"2621657830","2592017671","0.158824"
"2592017671","2791925135","0.135747"
"2791925135","2592017671","0.135747"
"2621657830","2791925135","0.0588235"
"2791925135","2621657830","0.0588235"
"2621657830","42176987","0.158824"
"42176987","2621657830","0.158824"
"2621657830","50428189","0.0588235"
"50428189","2621657830","0.0588235"
"2791925135","50428189","0.0588235"
"50428189","2791925135","0.0588235"
"1652177784","2724905989","0.0625"
"2724905989","1652177784","0.0625"
"1652177784","2750309857","0.0625"
"2750309857","1652177784","0.0625"
"1652177784","2765746997","0.0625"
"2765746997","1652177784","0.0625"
"1652177784","2788778433","0.0625"
"2788778433","1652177784","0.0625"
"1652177784","2885394512","0.0625"
"2885394512","1652177784","0.0625"
"1970301324","2724905989","0.0625"
"2724905989","1970301324","0.0625"
"1970301324","2750309857","0.0625"
"2750309857","1970301324","0.0625"
"1970301324","2765746997","0.0625"
"2765746997","1970301324","0.0625"
"1970301324","2788778433","0.0625"
"2788778433","1970301324","0.0625"
"1970301324","2885394512","0.0625"
"2885394512","1970301324","0.0625"
"2058263184","2724905989","0.320076"
"2724905989","2058263184","0.320076"
"2058263184","2750309857","0.320076"
"2750309857","2058263184","0.320076"
"2058263184","2765746997","0.320076"
"2765746997","2058263184","0.320076"
"2058263184","2788778433","0.153409"
"2788778433","2058263184","0.153409"
"2058263184","2885394512","0.153409"
"2885394512","2058263184","0.153409"
"2141487161","2724905989","0.0625"
"2724905989","2141487161","0.0625"
"2141487161","2750309857","0.0625"
"2750309857","2141487161","0.0625"
"2141487161","2765746997","0.0625"
"2765746997","2141487161","0.0625"
"2141487161","2788778433","0.0625"
"2788778433","2141487161","0.0625"
"2141487161","2885394512","0.0625"
"2885394512","2141487161","0.0625"
"2244328756","2724905989","0.0625"
"2724905989","2244328756","0.0625"
"2244328756","2750309857","0.0625"
"2750309857","2244328756","0.0625"
"2244328756","2765746997","0.0625"
"2765746997","2244328756","0.0625"
"2244328756","2788778433","0.0625"
"2788778433","2244328756","0.0625"
"2244328756","2885394512","0.0625"
"2885394512","2244328756","0.0625"
"2294599320","2724905989","0.0625"
"2724905989","2294599320","0.0625"
"2294599320","2750309857","0.0625"
"2750309857","2294599320","0.0625"
"2294599320","2765746997","0.0625"
"2765746997","2294599320","0.0625"
"2294599320","2788778433","0.0625"
"2788778433","2294599320","0.0625"
"2294599320","2885394512","0.0625"
"2885394512","2294599320","0.0625"
"2311810541","2724905989","0.0625"
"2724905989","2311810541","0.0625"
"2311810541","2750309857","0.0625"
"2750309857","2311810541","0.0625"
"2311810541","2765746997","0.0625"
"2765746997","2311810541","0.0625"
"2311810541","2788778433","0.0625"
"2788778433","2311810541","0.0625"
"2311810541","2885394512","0.0625"
"2885394512","2311810541","0.0625"
"2331452408","2724905989","0.30609"
"2724905989","2331452408","0.30609"
"2331452408","2750309857","0.30609"
"2750309857","2331452408","0.30609"
"2331452408","2765746997","0.229167"
"2765746997","2331452408","0.229167"
"2331452408","2788778433","0.0625"
"2788778433","2331452408","0.0625"
"2331452408","2885394512","0.0625"
"2885394512","2331452408","0.0625"
"2543762280","2724905989","0.24504"
"2724905989","2543762280","0.24504"
"2543762280","2750309857","0.24504"
"2750309857","2543762280","0.24504"
"2543762280","2765746997","0.24504"
"2765746997","2543762280","0.24504"
"2543762280","2788778433","0.24504"
"2788778433","2543762280","0.24504"
"2543762280","2885394512","0.24504"
"2885394512","2543762280","0.24504"
"2543762280","643871556","0.3125"
"643871556","2543762280","0.3125"
"2724905989","2750309857","2.38906"
"2750309857","2724905989","2.38906"
"2724905989","2765746997","1.16928"
"2765746997","2724905989","1.16928"
"2724905989","2788778433","0.585949"
"2788778433","2724905989","0.585949"
"2724905989","2791925135","0.423611"
"2791925135","2724905989","0.423611"
"2724905989","2885394512","0.335949"
"2885394512","2724905989","0.335949"
"2724905989","643871556","0.139423"
"643871556","2724905989","0.139423"
"2724905989","72621652","0.0625"
"72621652","2724905989","0.0625"
"2750309857","2765746997","1.16928"
"2765746997","2750309857","1.16928"
"2750309857","2788778433","0.585949"
"2788778433","2750309857","0.585949"
"2750309857","2791925135","0.423611"
"2791925135","2750309857","0.423611"
"2750309857","2885394512","0.335949"
"2885394512","2750309857","0.335949"
"2750309857","643871556","0.139423"
"643871556","2750309857","0.139423"
"2750309857","72621652","0.0625"
"72621652","2750309857","0.0625"
"2765746997","2788778433","0.769282"
"2788778433","2765746997","0.769282"
"2765746997","2791925135","0.506944"
"2791925135","2765746997","0.506944"
"2765746997","2885394512","0.519282"
"2885394512","2765746997","0.519282"
"2765746997","643871556","0.0625"
"643871556","2765746997","0.0625"
"2765746997","72621652","0.0625"
"72621652","2765746997","0.0625"
"2788778433","2791925135","0.256944"
"2791925135","2788778433","0.256944"
"2788778433","2885394512","0.852615"
"2885394512","2788778433","0.852615"
"2788778433","643871556","0.0625"
"643871556","2788778433","0.0625"
"2788778433","72621652","0.0625"
"72621652","2788778433","0.0625"
"2791925135","2885394512","0.599802"
"2885394512","2791925135","0.599802"
"2791925135","643871556","0.0625"
"643871556","2791925135","0.0625"
"2885394512","643871556","0.0625"
"643871556","2885394512","0.0625"
"2885394512","72621652","0.0625"
"72621652","2885394512","0.0625"
"643871556","72621652","0.0625"
"72621652","643871556","0.0625"
"1760480417","2621657830","2.16667"
"2621657830","1760480417","2.16667"
"1760480417","2724905989","0.166667"
"2724905989","1760480417","0.166667"
"1760480417","2750309857","0.166667"
"2750309857","1760480417","0.166667"
"1760480417","2765746997","0.166667"
"2765746997","1760480417","0.166667"
"1760480417","2805998969","0.166667"
"2805998969","1760480417","0.166667"
"2249355370","2621657830","1.36667"
"2621657830","2249355370","1.36667"
"2249355370","2724905989","0.309524"
"2724905989","2249355370","0.309524"
"2249355370","2750309857","0.309524"
"2750309857","2249355370","0.309524"
"2249355370","2765746997","0.166667"
"2765746997","2249355370","0.166667"
"2249355370","2805998969","0.166667"
"2805998969","2249355370","0.166667"
"2621657830","2724905989","0.166667"
"2724905989","2621657830","0.166667"
"2621657830","2750309857","0.166667"
"2750309857","2621657830","0.166667"
"2621657830","2765746997","0.166667"
"2765746997","2621657830","0.166667"
"2621657830","2805998969","0.166667"
"2805998969","2621657830","0.166667"
"2724905989","2805998969","0.690115"
"2805998969","2724905989","0.690115"
"2750309857","2805998969","0.690115"
"2805998969","2750309857","0.690115"
"2765746997","2805998969","0.873449"
"2805998969","2765746997","0.873449"
"1760480417","2766794608","3.5"
"2766794608","1760480417","3.5"
"2249355370","2766794608","0.7"
"2766794608","2249355370","0.7"
"2564384037","643871556","0.410256"
"643871556","2564384037","0.410256"
"1760480417","1923572457","0.5"
"1923572457","1760480417","0.5"
"1923572457","2249355370","0.5"
"2249355370","1923572457","0.5"
"1970301324","1981104743","0.0769231"
"1981104743","1970301324","0.0769231"
"1970301324","2016793300","0.0769231"
"2016793300","1970301324","0.0769231"
"1970301324","2765892998","0.0769231"
"2765892998","1970301324","0.0769231"
"1981104743","2016793300","0.21978"
"2016793300","1981104743","0.21978"
"1981104743","2037620207","0.0769231"
"2037620207","1981104743","0.0769231"
"1981104743","2058263184","0.0769231"
"2058263184","1981104743","0.0769231"
"1981104743","2141487161","0.0769231"
"2141487161","1981104743","0.0769231"
"1981104743","2170676943","0.0769231"
"2170676943","1981104743","0.0769231"
"1981104743","2243486211","0.0769231"
"2243486211","1981104743","0.0769231"
"1981104743","2564384037","0.21978"
"2564384037","1981104743","0.21978"
"1981104743","2592017671","0.0769231"
"2592017671","1981104743","0.0769231"
"1981104743","2765892998","0.0769231"
"2765892998","1981104743","0.0769231"
"1981104743","2791925135","0.0769231"
"2791925135","1981104743","0.0769231"
"1981104743","42176987","0.0769231"
"42176987","1981104743","0.0769231"
"1981104743","72621652","0.0769231"
"72621652","1981104743","0.0769231"
"2016793300","2037620207","0.0769231"
"2037620207","2016793300","0.0769231"
"2016793300","2058263184","0.0769231"
"2058263184","2016793300","0.0769231"
"2016793300","2141487161","0.0769231"
"2141487161","2016793300","0.0769231"
"2016793300","2170676943","0.0769231"
"2170676943","2016793300","0.0769231"
"2016793300","2243486211","0.0769231"
"2243486211","2016793300","0.0769231"
"2016793300","2564384037","0.21978"
"2564384037","2016793300","0.21978"
"2016793300","2592017671","0.0769231"
"2592017671","2016793300","0.0769231"
"2016793300","2765892998","0.0769231"
"2765892998","2016793300","0.0769231"
"2016793300","2791925135","0.0769231"
"2791925135","2016793300","0.0769231"
"2016793300","42176987","0.0769231"
"42176987","2016793300","0.0769231"
"2016793300","72621652","0.0769231"
"72621652","2016793300","0.0769231"
"2058263184","2765892998","0.167832"
"2765892998","2058263184","0.167832"
"2170676943","2765892998","0.0769231"
"2765892998","2170676943","0.0769231"
"2243486211","2765892998","0.0769231"
"2765892998","2243486211","0.0769231"
"2592017671","2765892998","0.0769231"
"2765892998","2592017671","0.0769231"
"1970301324","1994255655","0.125"
"1994255655","1970301324","0.125"
"1985600279","1994255655","0.125"
"1994255655","1985600279","0.125"
"1985600279","2159958229","0.125"
"2159958229","1985600279","0.125"
"1994255655","2037620207","0.125"
