"1479956180","1748758571","3.68634"
"1748758571","1479956180","3.68634"
"1479956180","2020520625","2.51967"
"2020520625","1479956180","2.51967"
"1479956180","48012899","0.876812"
"48012899","1479956180","0.876812"
"1748758571","2020520625","1.353"
"2020520625","1748758571","1.353"
"1748758571","48012899","4.87681"
"48012899","1748758571","4.87681"
"2020520625","48012899","0.376812"
"48012899","2020520625","0.376812"
"1479956180","2159761160","0.686335"
"2159761160","1479956180","0.686335"
"1748758571","2159761160","3.18634"
"2159761160","1748758571","3.18634"
"1479956180","1796177958","1.54348"
"1796177958","1479956180","1.54348"
"1748758571","1796177958","2.54348"
"1796177958","1748758571","2.54348"
"1479956180","1836739035","1.33333"
"1836739035","1479956180","1.33333"
"1479956180","164174296","1.18634"
"164174296","1479956180","1.18634"
"164174296","2020520625","6.31134"
"2020520625","164174296","6.31134"
"1479956180","174529097","0.519669"
"174529097","1479956180","0.519669"
"1479956180","2040968496","0.376812"
"2040968496","1479956180","0.376812"
"1479956180","69754518","3.21014"
"69754518","1479956180","3.21014"
"174529097","2040968496","0.376812"
"2040968496","174529097","0.376812"
"174529097","69754518","0.376812"
"69754518","174529097","0.376812"
"2040968496","69754518","0.376812"
"69754518","2040968496","0.376812"
"1748758571","69754518","4.04348"
"69754518","1748758571","4.04348"
"1479956180","2154140914","0.333333"
"2154140914","1479956180","0.333333"
"1748758571","2154140914","0.833333"
"2154140914","1748758571","0.833333"
"2154140914","69754518","0.833333"
"69754518","2154140914","0.833333"
"1479956180","1699040754","0.210145"
"1699040754","1479956180","0.210145"
"1479956180","170860954","0.186335"
"170860954","1479956180","0.186335"
"1479956180","1870490608","0.0434783"
"1870490608","1479956180","0.0434783"
"1479956180","1923734031","0.0434783"
"1923734031","1479956180","0.0434783"
"1479956180","200878991","0.0434783"
"200878991","1479956180","0.0434783"
"1479956180","2064513415","0.0434783"
"2064513415","1479956180","0.0434783"
"1479956180","2076989796","0.0434783"
"2076989796","1479956180","0.0434783"
"1479956180","2117761163","0.0434783"
"2117761163","1479956180","0.0434783"
"1479956180","2146398910","1.04348"
"2146398910","1479956180","1.04348"
"1479956180","2153406914","0.0434783"
"2153406914","1479956180","0.0434783"
"1479956180","2168423748","0.0434783"
"2168423748","1479956180","0.0434783"
"1479956180","2222723745","0.0434783"
"2222723745","1479956180","0.0434783"
"1479956180","2592889566","0.186335"
"2592889566","1479956180","0.186335"
"1479956180","943931394","0.460145"
"943931394","1479956180","0.460145"
"164174296","1699040754","0.168478"
"1699040754","164174296","0.168478"
"164174296","170860954","0.811335"
"170860954","164174296","0.811335"
"164174296","174529097","0.186335"
"174529097","164174296","0.186335"
"164174296","1748758571","1.68634"
"1748758571","164174296","1.68634"
"164174296","1796177958","0.168478"
"1796177958","164174296","0.168478"
"164174296","1870490608","0.0434783"
"1870490608","164174296","0.0434783"
"164174296","1923734031","0.0434783"
"1923734031","164174296","0.0434783"
"164174296","200878991","0.0434783"
"200878991","164174296","0.0434783"
"164174296","2040968496","0.0434783"
"2040968496","164174296","0.0434783"
"164174296","2064513415","0.168478"
"2064513415","164174296","0.168478"
"164174296","2076989796","0.0434783"
"2076989796","164174296","0.0434783"
"164174296","2117761163","0.0434783"
"2117761163","164174296","0.0434783"
"164174296","2146398910","0.0434783"
"2146398910","164174296","0.0434783"
"164174296","2153406914","0.0434783"
"2153406914","164174296","0.0434783"
"164174296","2159761160","1.81134"
"2159761160","164174296","1.81134"
"164174296","2168423748","0.0434783"
"2168423748","164174296","0.0434783"
"164174296","2222723745","0.168478"
"2222723745","164174296","0.168478"
"164174296","2592889566","0.186335"
"2592889566","164174296","0.186335"
"164174296","48012899","0.0434783"
"48012899","164174296","0.0434783"
"164174296","69754518","0.0434783"
"69754518","164174296","0.0434783"
"164174296","943931394","0.168478"
"943931394","164174296","0.168478"
"1699040754","170860954","0.335145"
"170860954","1699040754","0.335145"
"1699040754","174529097","0.110145"
"174529097","1699040754","0.110145"
"1699040754","1748758571","5.86015"
"1748758571","1699040754","5.86015"
"1699040754","1796177958","0.168478"
"1796177958","1699040754","0.168478"
"1699040754","1870490608","0.110145"
"1870490608","1699040754","0.110145"
"1699040754","1923734031","0.0434783"
"1923734031","1699040754","0.0434783"
"1699040754","200878991","0.0434783"
"200878991","1699040754","0.0434783"
"1699040754","2020520625","0.501812"
"2020520625","1699040754","0.501812"
"1699040754","2040968496","0.0434783"
"2040968496","1699040754","0.0434783"
"1699040754","2064513415","0.235145"
"2064513415","1699040754","0.235145"
"1699040754","2076989796","0.210145"
"2076989796","1699040754","0.210145"
"1699040754","2117761163","0.210145"
"2117761163","1699040754","0.210145"
"1699040754","2146398910","1.52681"
"2146398910","1699040754","1.52681"
"1699040754","2153406914","0.110145"
"2153406914","1699040754","0.110145"
"1699040754","2159761160","0.501812"
"2159761160","1699040754","0.501812"
"1699040754","2168423748","0.110145"
"2168423748","1699040754","0.110145"
"1699040754","2222723745","0.235145"
"2222723745","1699040754","0.235145"
"1699040754","2592889566","0.0434783"
"2592889566","1699040754","0.0434783"
"1699040754","48012899","0.210145"
"48012899","1699040754","0.210145"
"1699040754","69754518","0.543478"
"69754518","1699040754","0.543478"
"1699040754","943931394","3.65181"
"943931394","1699040754","3.65181"
"170860954","174529097","0.353002"
"174529097","170860954","0.353002"
"170860954","1748758571","2.46967"
"1748758571","170860954","2.46967"
"170860954","1796177958","0.168478"
"1796177958","170860954","0.168478"
"170860954","1870490608","0.126812"
"1870490608","170860954","0.126812"
"170860954","1923734031","0.876812"
"1923734031","170860954","0.876812"
"170860954","200878991","0.293478"
"200878991","170860954","0.293478"
"170860954","2020520625","0.811335"
"2020520625","170860954","0.811335"
"170860954","2040968496","0.126812"
"2040968496","170860954","0.126812"
"170860954","2064513415","1.78514"
"2064513415","170860954","1.78514"
"170860954","2076989796","0.410145"
"2076989796","170860954","0.410145"
"170860954","2117761163","0.210145"
"2117761163","170860954","0.210145"
"170860954","2146398910","0.210145"
"2146398910","170860954","0.210145"
"170860954","2153406914","0.293478"
"2153406914","170860954","0.293478"
"170860954","2159761160","0.311335"
"2159761160","170860954","0.311335"
"170860954","2168423748","0.826812"
"2168423748","170860954","0.826812"
"170860954","2222723745","0.418478"
"2222723745","170860954","0.418478"
"170860954","2592889566","2.01967"
"2592889566","170860954","2.01967"
"170860954","48012899","0.126812"
"48012899","170860954","0.126812"
"170860954","69754518","0.0434783"
"69754518","170860954","0.0434783"
"170860954","943931394","0.585145"
"943931394","170860954","0.585145"
"174529097","1748758571","6.253"
"1748758571","174529097","6.253"
"174529097","1796177958","0.0434783"
"1796177958","174529097","0.0434783"
"174529097","1870490608","0.610145"
"1870490608","174529097","0.610145"
"174529097","1923734031","0.0434783"
"1923734031","174529097","0.0434783"
"174529097","200878991","0.210145"
"200878991","174529097","0.210145"
"174529097","2020520625","0.186335"
"2020520625","174529097","0.186335"
"174529097","2064513415","0.110145"
"2064513415","174529097","0.110145"
"174529097","2076989796","0.0434783"
"2076989796","174529097","0.0434783"
"174529097","2117761163","0.543478"
"2117761163","174529097","0.543478"
"174529097","2146398910","0.943478"
"2146398910","174529097","0.943478"
"174529097","2153406914","0.276812"
"2153406914","174529097","0.276812"
"174529097","2159761160","0.519669"
"2159761160","174529097","0.519669"
"174529097","2168423748","0.110145"
"2168423748","174529097","0.110145"
"174529097","2222723745","0.276812"
"2222723745","174529097","0.276812"
"174529097","2592889566","0.186335"
"2592889566","174529097","0.186335"
"174529097","48012899","0.0434783"
"48012899","174529097","0.0434783"
"174529097","943931394","1.11014"
"943931394","174529097","1.11014"
"1748758571","1870490608","2.36014"
"1870490608","1748758571","2.36014"
"1748758571","1923734031","0.0434783"
"1923734031","1748758571","0.0434783"
"1748758571","200878991","0.210145"
"200878991","1748758571","0.210145"
"1748758571","2040968496","0.0434783"
"2040968496","1748758571","0.0434783"
"1748758571","2064513415","0.560145"
"2064513415","1748758571","0.560145"
"1748758571","2076989796","0.410145"
"2076989796","1748758571","0.410145"
"1748758571","2117761163","1.04348"
"2117761163","1748758571","1.04348"
"1748758571","2146398910","7.52681"
"2146398910","1748758571","7.52681"
"1748758571","2153406914","0.276812"
"2153406914","1748758571","0.276812"
"1748758571","2168423748","2.56014"
"2168423748","1748758571","2.56014"
"1748758571","2222723745","1.27681"
"2222723745","1748758571","1.27681"
"1748758571","2592889566","0.186335"
"2592889566","1748758571","0.186335"
"1748758571","943931394","10.5268"
"943931394","1748758571","10.5268"
"1796177958","1870490608","3.04348"
"1870490608","1796177958","3.04348"
"1796177958","1923734031","0.0434783"
"1923734031","1796177958","0.0434783"
"1796177958","200878991","0.0434783"
"200878991","1796177958","0.0434783"
"1796177958","2020520625","1.00181"
"2020520625","1796177958","1.00181"
"1796177958","2040968496","0.0434783"
"2040968496","1796177958","0.0434783"
"1796177958","2064513415","0.168478"
"2064513415","1796177958","0.168478"
"1796177958","2076989796","0.0434783"
"2076989796","1796177958","0.0434783"
"1796177958","2117761163","0.0434783"
"2117761163","1796177958","0.0434783"
"1796177958","2146398910","0.0434783"
"2146398910","1796177958","0.0434783"
"1796177958","2153406914","0.0434783"
"2153406914","1796177958","0.0434783"
"1796177958","2159761160","1.00181"
"2159761160","1796177958","1.00181"
"1796177958","2168423748","0.0434783"
"2168423748","1796177958","0.0434783"
"1796177958","2222723745","0.168478"
"2222723745","1796177958","0.168478"
"1796177958","2592889566","0.0434783"
"2592889566","1796177958","0.0434783"
"1796177958","48012899","0.0434783"
"48012899","1796177958","0.0434783"
"1796177958","69754518","0.376812"
"69754518","1796177958","0.376812"
"1796177958","943931394","0.168478"
"943931394","1796177958","0.168478"
"1870490608","1923734031","0.0434783"
"1923734031","1870490608","0.0434783"
"1870490608","200878991","0.126812"
"200878991","1870490608","0.126812"
"1870490608","2020520625","0.0434783"
"2020520625","1870490608","0.0434783"
"1870490608","2040968496","0.126812"
"2040968496","1870490608","0.126812"
"1870490608","2064513415","0.443478"
"2064513415","1870490608","0.443478"
"1870490608","2076989796","0.0434783"
"2076989796","1870490608","0.0434783"
"1870490608","2117761163","0.0434783"
"2117761163","1870490608","0.0434783"
"1870490608","2146398910","0.110145"
"2146398910","1870490608","0.110145"
"1870490608","2153406914","0.193478"
"2153406914","1870490608","0.193478"
"1870490608","2159761160","0.0434783"
"2159761160","1870490608","0.0434783"
"1870490608","2168423748","0.943478"
"2168423748","1870490608","0.943478"
"1870490608","2222723745","1.19348"
"2222723745","1870490608","1.19348"
"1870490608","2592889566","0.0434783"
"2592889566","1870490608","0.0434783"
"1870490608","48012899","0.126812"
"48012899","1870490608","0.126812"
"1870490608","69754518","0.0434783"
"69754518","1870490608","0.0434783"
"1870490608","943931394","0.110145"
"943931394","1870490608","0.110145"
"1923734031","200878991","0.0434783"
"200878991","1923734031","0.0434783"
"1923734031","2020520625","0.0434783"
"2020520625","1923734031","0.0434783"
"1923734031","2040968496","0.0434783"
"2040968496","1923734031","0.0434783"
"1923734031","2064513415","0.376812"
"2064513415","1923734031","0.376812"
"1923734031","2076989796","0.0434783"
"2076989796","1923734031","0.0434783"
"1923734031","2117761163","0.0434783"
"2117761163","1923734031","0.0434783"
"1923734031","2146398910","0.0434783"
"2146398910","1923734031","0.0434783"
"1923734031","2153406914","0.0434783"
"2153406914","1923734031","0.0434783"
"1923734031","2159761160","0.0434783"
"2159761160","1923734031","0.0434783"
"1923734031","2168423748","0.0434783"
"2168423748","1923734031","0.0434783"
"1923734031","2222723745","0.0434783"
"2222723745","1923734031","0.0434783"
"1923734031","2592889566","10.3768"
"2592889566","1923734031","10.3768"
"1923734031","48012899","0.0434783"
"48012899","1923734031","0.0434783"
"1923734031","69754518","0.0434783"
"69754518","1923734031","0.0434783"
"1923734031","943931394","0.0434783"
"943931394","1923734031","0.0434783"
"200878991","2020520625","0.0434783"
"2020520625","200878991","0.0434783"
"200878991","2040968496","0.126812"
"2040968496","200878991","0.126812"
"200878991","2064513415","0.126812"
"2064513415","200878991","0.126812"
"200878991","2076989796","0.0434783"
"2076989796","200878991","0.0434783"
"200878991","2117761163","0.0434783"
"2117761163","200878991","0.0434783"
"200878991","2146398910","0.0434783"
"2146398910","200878991","0.0434783"
"200878991","2153406914","6.29348"
"2153406914","200878991","6.29348"
"200878991","2159761160","0.0434783"
"2159761160","200878991","0.0434783"
"200878991","2168423748","0.126812"
"2168423748","200878991","0.126812"
"200878991","2222723745","0.293478"
"2222723745","200878991","0.293478"
"200878991","2592889566","0.0434783"
"2592889566","200878991","0.0434783"
"200878991","48012899","0.126812"
"48012899","200878991","0.126812"
"200878991","69754518","0.0434783"
"69754518","200878991","0.0434783"
"200878991","943931394","0.0434783"
"943931394","200878991","0.0434783"
"2020520625","2040968496","0.0434783"
"2040968496","2020520625","0.0434783"
"2020520625","2064513415","0.168478"
"2064513415","2020520625","0.168478"
"2020520625","2076989796","0.0434783"
"2076989796","2020520625","0.0434783"
"2020520625","2117761163","0.0434783"
"2117761163","2020520625","0.0434783"
"2020520625","2146398910","0.0434783"
"2146398910","2020520625","0.0434783"
"2020520625","2153406914","0.0434783"
"2153406914","2020520625","0.0434783"
"2020520625","2159761160","3.478"
"2159761160","2020520625","3.478"
"2020520625","2168423748","0.0434783"
"2168423748","2020520625","0.0434783"
"2020520625","2222723745","0.168478"
"2222723745","2020520625","0.168478"
"2020520625","2592889566","0.186335"
"2592889566","2020520625","0.186335"
"2020520625","69754518","0.376812"
"69754518","2020520625","0.376812"
"2020520625","943931394","0.168478"
"943931394","2020520625","0.168478"
"2040968496","2064513415","0.126812"
"2064513415","2040968496","0.126812"
"2040968496","2076989796","0.0434783"
"2076989796","2040968496","0.0434783"
"2040968496","2117761163","0.0434783"
"2117761163","2040968496","0.0434783"
"2040968496","2146398910","0.0434783"
"2146398910","2040968496","0.0434783"
"2040968496","2153406914","0.126812"
"2153406914","2040968496","0.126812"
"2040968496","2159761160","0.0434783"
"2159761160","2040968496","0.0434783"
"2040968496","2168423748","0.126812"
"2168423748","2040968496","0.126812"
"2040968496","2222723745","0.126812"
"2222723745","2040968496","0.126812"
"2040968496","2592889566","0.0434783"
"2592889566","2040968496","0.0434783"
"2040968496","48012899","0.126812"
"48012899","2040968496","0.126812"
"2040968496","943931394","0.0434783"
"943931394","2040968496","0.0434783"
"2064513415","2076989796","0.243478"
"2076989796","2064513415","0.243478"
"2064513415","2117761163","0.0434783"
"2117761163","2064513415","0.0434783"
"2064513415","2146398910","0.110145"
"2146398910","2064513415","0.110145"
"2064513415","2153406914","0.693478"
"2153406914","2064513415","0.693478"
"2064513415","2159761160","0.168478"
"2159761160","2064513415","0.168478"
"2064513415","2168423748","0.643478"
"2168423748","2064513415","0.643478"
"2064513415","2222723745","0.318478"
"2222723745","2064513415","0.318478"
"2064513415","2592889566","0.376812"
"2592889566","2064513415","0.376812"
"2064513415","48012899","1.62681"
"48012899","2064513415","1.62681"
"2064513415","69754518","0.0434783"
"69754518","2064513415","0.0434783"
"2064513415","943931394","0.235145"
"943931394","2064513415","0.235145"
"2076989796","2117761163","0.210145"
"2117761163","2076989796","0.210145"
"2076989796","2146398910","0.210145"
"2146398910","2076989796","0.210145"
"2076989796","2153406914","0.0434783"
"2153406914","2076989796","0.0434783"
"2076989796","2159761160","0.0434783"
"2159761160","2076989796","0.0434783"
"2076989796","2168423748","0.243478"
"2168423748","2076989796","0.243478"
"2076989796","2222723745","1.04348"
"2222723745","2076989796","1.04348"
"2076989796","2592889566","0.0434783"
"2592889566","2076989796","0.0434783"
"2076989796","48012899","0.0434783"
"48012899","2076989796","0.0434783"
"2076989796","69754518","0.0434783"
"69754518","2076989796","0.0434783"
"2076989796","943931394","0.210145"
"943931394","2076989796","0.210145"
"2117761163","2146398910","0.210145"
"2146398910","2117761163","0.210145"
"2117761163","2153406914","0.0434783"
"2153406914","2117761163","0.0434783"
"2117761163","2159761160","0.0434783"
"2159761160","2117761163","0.0434783"
"2117761163","2168423748","0.0434783"
"2168423748","2117761163","0.0434783"
"2117761163","2222723745","0.0434783"
"2222723745","2117761163","0.0434783"
"2117761163","2592889566","0.0434783"
"2592889566","2117761163","0.0434783"
"2117761163","48012899","0.0434783"
"48012899","2117761163","0.0434783"
"2117761163","69754518","0.0434783"
"69754518","2117761163","0.0434783"
"2117761163","943931394","0.543478"
"943931394","2117761163","0.543478"
"2146398910","2153406914","0.110145"
"2153406914","2146398910","0.110145"
"2146398910","2159761160","0.376812"
"2159761160","2146398910","0.376812"
"2146398910","2168423748","0.110145"
"2168423748","2146398910","0.110145"
"2146398910","2222723745","0.110145"
"2222723745","2146398910","0.110145"
"2146398910","2592889566","0.0434783"
"2592889566","2146398910","0.0434783"
"2146398910","48012899","1.21014"
"48012899","2146398910","1.21014"
"2146398910","69754518","1.04348"
"69754518","2146398910","1.04348"
"2146398910","943931394","5.11015"
"943931394","2146398910","5.11015"
"2153406914","2159761160","0.0434783"
"2159761160","2153406914","0.0434783"
"2153406914","2168423748","0.193478"
"2168423748","2153406914","0.193478"
"2153406914","2222723745","0.360145"
"2222723745","2153406914","0.360145"
"2153406914","2592889566","0.0434783"
"2592889566","2153406914","0.0434783"
"2153406914","48012899","0.626812"
"48012899","2153406914","0.626812"
"2153406914","69754518","0.0434783"
"69754518","2153406914","0.0434783"
"2153406914","943931394","0.110145"
"943931394","2153406914","0.110145"
"2159761160","2168423748","0.0434783"
"2168423748","2159761160","0.0434783"
"2159761160","2222723745","0.168478"
"2222723745","2159761160","0.168478"
"2159761160","2592889566","0.186335"
"2592889566","2159761160","0.186335"
"2159761160","48012899","0.0434783"
"48012899","2159761160","0.0434783"
"2159761160","69754518","0.710145"
"69754518","2159761160","0.710145"
"2159761160","943931394","0.501812"
"943931394","2159761160","0.501812"
"2168423748","2222723745","0.193478"
"2222723745","2168423748","0.193478"
"2168423748","2592889566","0.0434783"
"2592889566","2168423748","0.0434783"
"2168423748","48012899","0.126812"
"48012899","2168423748","0.126812"
"2168423748","69754518","0.0434783"
"69754518","2168423748","0.0434783"
"2168423748","943931394","0.110145"
"943931394","2168423748","0.110145"
"2222723745","2592889566","0.0434783"
"2592889566","2222723745","0.0434783"
"2222723745","48012899","0.126812"
"48012899","2222723745","0.126812"
"2222723745","69754518","0.0434783"
"69754518","2222723745","0.0434783"
"2222723745","943931394","0.235145"
"943931394","2222723745","0.235145"
"2592889566","48012899","0.0434783"
"48012899","2592889566","0.0434783"
"2592889566","69754518","0.0434783"
"69754518","2592889566","0.0434783"
"2592889566","943931394","0.0434783"
"943931394","2592889566","0.0434783"
"48012899","69754518","0.210145"
"69754518","48012899","0.210145"
"48012899","943931394","0.710145"
"943931394","48012899","0.710145"
"69754518","943931394","1.12681"
"943931394","69754518","1.12681"
"1748758571","1836739035","5.76667"
"1836739035","1748758571","5.76667"
"1836739035","48012899","0.333333"
"48012899","1836739035","0.333333"
"1479956180","2166807618","0.25"
"2166807618","1479956180","0.25"
"1748758571","2166807618","0.75"
"2166807618","1748758571","0.75"
"2146398910","2166807618","0.25"
"2166807618","2146398910","0.25"
"2166807618","69754518","0.25"
"69754518","2166807618","0.25"
"1595253375","1748758571","0.333333"
"1748758571","1595253375","0.333333"
"1595253375","2117761163","0.333333"
"2117761163","1595253375","0.333333"
"1595253375","943931394","0.333333"
"943931394","1595253375","0.333333"
"1602322095","1659514838","0.0666667"
"1659514838","1602322095","0.0666667"
"1602322095","1699040754","1.98333"
"1699040754","1602322095","1.98333"
"1602322095","174529097","0.0666667"
"174529097","1602322095","0.0666667"
"1602322095","1748758571","1.23333"
"1748758571","1602322095","1.23333"
"1602322095","1836739035","1.31667"
"1836739035","1602322095","1.31667"
"1602322095","1870490608","0.0666667"
"1870490608","1602322095","0.0666667"
"1602322095","2051233400","0.0666667"
"2051233400","1602322095","0.0666667"
"1602322095","2064513415","0.0666667"
"2064513415","1602322095","0.0666667"
"1602322095","2146398910","0.316667"
"2146398910","1602322095","0.316667"
"1602322095","2153406914","0.0666667"
"2153406914","1602322095","0.0666667"
"1602322095","2168423748","0.0666667"
"2168423748","1602322095","0.0666667"
"1602322095","2222723745","0.0666667"
"2222723745","1602322095","0.0666667"
"1602322095","2401477628","0.0666667"
"2401477628","1602322095","0.0666667"
"1602322095","4489194","0.0666667"
"4489194","1602322095","0.0666667"
"1602322095","943931394","1.23333"
"943931394","1602322095","1.23333"
"1659514838","1699040754","0.0666667"
"1699040754","1659514838","0.0666667"
"1659514838","174529097","0.0666667"
"174529097","1659514838","0.0666667"
"1659514838","1748758571","0.0666667"
"1748758571","1659514838","0.0666667"
"1659514838","1836739035","0.0666667"
"1836739035","1659514838","0.0666667"
"1659514838","1870490608","0.0666667"
"1870490608","1659514838","0.0666667"
"1659514838","2051233400","0.0666667"
"2051233400","1659514838","0.0666667"
"1659514838","2064513415","1.06667"
"2064513415","1659514838","1.06667"
"1659514838","2146398910","0.0666667"
"2146398910","1659514838","0.0666667"
"1659514838","2153406914","0.0666667"
"2153406914","1659514838","0.0666667"
"1659514838","2168423748","0.0666667"
"2168423748","1659514838","0.0666667"
"1659514838","2222723745","0.0666667"
"2222723745","1659514838","0.0666667"
"1659514838","2401477628","0.0666667"
"2401477628","1659514838","0.0666667"
"1659514838","4489194","0.0666667"
"4489194","1659514838","0.0666667"
"1659514838","943931394","0.0666667"
"943931394","1659514838","0.0666667"
"1699040754","1836739035","0.0666667"
"1836739035","1699040754","0.0666667"
"1699040754","2051233400","0.0666667"
"2051233400","1699040754","0.0666667"
"1699040754","2401477628","0.0666667"
"2401477628","1699040754","0.0666667"
"1699040754","4489194","0.0666667"
"4489194","1699040754","0.0666667"
"174529097","1836739035","2.23333"
"1836739035","174529097","2.23333"
"174529097","2051233400","0.0666667"
"2051233400","174529097","0.0666667"
"174529097","2401477628","0.0666667"
"2401477628","174529097","0.0666667"
"174529097","4489194","0.0666667"
"4489194","174529097","0.0666667"
"1748758571","2051233400","0.0666667"
"2051233400","1748758571","0.0666667"
"1748758571","2401477628","1.06667"
"2401477628","1748758571","1.06667"
"1748758571","4489194","0.0666667"
"4489194","1748758571","0.0666667"
"1836739035","1870490608","0.316667"
"1870490608","1836739035","0.316667"
"1836739035","2051233400","0.0666667"
"2051233400","1836739035","0.0666667"
"1836739035","2064513415","0.516667"
"2064513415","1836739035","0.516667"
"1836739035","2146398910","0.0666667"
"2146398910","1836739035","0.0666667"
"1836739035","2153406914","0.233333"
"2153406914","1836739035","0.233333"
"1836739035","2168423748","0.516667"
"2168423748","1836739035","0.516667"
"1836739035","2222723745","0.233333"
"2222723745","1836739035","0.233333"
"1836739035","2401477628","0.0666667"
"2401477628","1836739035","0.0666667"
"1836739035","4489194","0.0666667"
"4489194","1836739035","0.0666667"
"1836739035","943931394","0.316667"
"943931394","1836739035","0.316667"
"1870490608","2051233400","0.0666667"
"2051233400","1870490608","0.0666667"
"1870490608","2401477628","0.0666667"
"2401477628","1870490608","0.0666667"
"1870490608","4489194","0.0666667"
"4489194","1870490608","0.0666667"
"2051233400","2064513415","0.0666667"
"2064513415","2051233400","0.0666667"
"2051233400","2146398910","0.0666667"
"2146398910","2051233400","0.0666667"
"2051233400","2153406914","0.0666667"
"2153406914","2051233400","0.0666667"
"2051233400","2168423748","0.0666667"
"2168423748","2051233400","0.0666667"
"2051233400","2222723745","0.0666667"
"2222723745","2051233400","0.0666667"
"2051233400","2401477628","0.0666667"
"2401477628","2051233400","0.0666667"
"2051233400","4489194","0.0666667"
"4489194","2051233400","0.0666667"
"2051233400","943931394","0.0666667"
"943931394","2051233400","0.0666667"
"2064513415","2401477628","0.0666667"
"2401477628","2064513415","0.0666667"
"2064513415","4489194","0.0666667"
"4489194","2064513415","0.0666667"
"2146398910","2401477628","0.0666667"
"2401477628","2146398910","0.0666667"
"2146398910","4489194","0.0666667"
"4489194","2146398910","0.0666667"
"2153406914","2401477628","0.0666667"
"2401477628","2153406914","0.0666667"
"2153406914","4489194","0.0666667"
"4489194","2153406914","0.0666667"
"2168423748","2401477628","0.0666667"
"2401477628","2168423748","0.0666667"
"2168423748","4489194","0.0666667"
"4489194","2168423748","0.0666667"
"2222723745","2401477628","0.0666667"
"2401477628","2222723745","0.0666667"
"2222723745","4489194","0.0666667"
"4489194","2222723745","0.0666667"
"2401477628","4489194","0.0666667"
"4489194","2401477628","0.0666667"
"2401477628","943931394","0.0666667"
"943931394","2401477628","0.0666667"
"4489194","943931394","0.0666667"
"943931394","4489194","0.0666667"
"1602322095","170860954","0.25"
"170860954","1602322095","0.25"
"170860954","1836739035","0.616667"
"1836739035","170860954","0.616667"
"1602322095","2040968496","2"
"2040968496","1602322095","2"
"1602322095","1923734031","0.5"
"1923734031","1602322095","0.5"
"1602322095","2592889566","0.5"
"2592889566","1602322095","0.5"
"164174296","1836739035","0.5"
"1836739035","164174296","0.5"
"1699040754","2067918180","0.5"
"2067918180","1699040754","0.5"
"1748758571","2067918180","0.833333"
"2067918180","1748758571","0.833333"
"2067918180","2146398910","0.833333"
"2146398910","2067918180","0.833333"
"2067918180","943931394","0.833333"
"943931394","2067918180","0.833333"
"1836739035","2076989796","0.2"
"2076989796","1836739035","0.2"
"170860954","1975528614","0.0833333"
"1975528614","170860954","0.0833333"
"170860954","1979379566","0.0833333"
"1979379566","170860954","0.0833333"
"170860954","2133734879","0.0833333"
"2133734879","170860954","0.0833333"
"170860954","2166807618","0.0833333"
"2166807618","170860954","0.0833333"
"1870490608","1975528614","0.0833333"
"1975528614","1870490608","0.0833333"
"1870490608","1979379566","0.0833333"
"1979379566","1870490608","0.0833333"
"1870490608","2133734879","0.0833333"
"2133734879","1870490608","0.0833333"
"1870490608","2166807618","0.0833333"
"2166807618","1870490608","0.0833333"
"1975528614","1979379566","0.0833333"
"1979379566","1975528614","0.0833333"
"1975528614","200878991","0.0833333"
"200878991","1975528614","0.0833333"
"1975528614","2040968496","0.0833333"
"2040968496","1975528614","0.0833333"
"1975528614","2064513415","0.0833333"
"2064513415","1975528614","0.0833333"
"1975528614","2133734879","0.0833333"
"2133734879","1975528614","0.0833333"
"1975528614","2153406914","0.0833333"
"2153406914","1975528614","0.0833333"
"1975528614","2166807618","0.0833333"
"2166807618","1975528614","0.0833333"
"1975528614","2168423748","0.0833333"
"2168423748","1975528614","0.0833333"
"1975528614","2222723745","0.0833333"
"2222723745","1975528614","0.0833333"
"1975528614","48012899","0.0833333"
"48012899","1975528614","0.0833333"
"1979379566","200878991","0.0833333"
"200878991","1979379566","0.0833333"
"1979379566","2040968496","0.0833333"
"2040968496","1979379566","0.0833333"
"1979379566","2064513415","0.0833333"
"2064513415","1979379566","0.0833333"
"1979379566","2133734879","0.0833333"
"2133734879","1979379566","0.0833333"
"1979379566","2153406914","0.0833333"
"2153406914","1979379566","0.0833333"
"1979379566","2166807618","0.0833333"
"2166807618","1979379566","0.0833333"
"1979379566","2168423748","0.0833333"
"2168423748","1979379566","0.0833333"
"1979379566","2222723745","0.0833333"
"2222723745","1979379566","0.0833333"
"1979379566","48012899","0.0833333"
"48012899","1979379566","0.0833333"
"200878991","2133734879","0.0833333"
"2133734879","200878991","0.0833333"
"200878991","2166807618","0.0833333"
"2166807618","200878991","0.0833333"
"2040968496","2133734879","0.0833333"
"2133734879","2040968496","0.0833333"
"2040968496","2166807618","1.08333"
"2166807618","2040968496","1.08333"
"2064513415","2133734879","0.0833333"
"2133734879","2064513415","0.0833333"
"2064513415","2166807618","0.0833333"
"2166807618","2064513415","0.0833333"
"2133734879","2153406914","0.0833333"
"2153406914","2133734879","0.0833333"
"2133734879","2166807618","0.0833333"
"2166807618","2133734879","0.0833333"
"2133734879","2168423748","0.0833333"
"2168423748","2133734879","0.0833333"
"2133734879","2222723745","0.0833333"
"2222723745","2133734879","0.0833333"
"2133734879","48012899","0.0833333"
"48012899","2133734879","0.0833333"
"2153406914","2166807618","0.0833333"
"2166807618","2153406914","0.0833333"
"2166807618","2168423748","0.0833333"
"2168423748","2166807618","0.0833333"
"2166807618","2222723745","0.0833333"
"2222723745","2166807618","0.0833333"
"2166807618","48012899","0.583333"
"48012899","2166807618","0.583333"
"1836739035","200878991","0.166667"
"200878991","1836739035","0.166667"
"1979379566","4489194","1"
"4489194","1979379566","1"
"2076989796","2586644637","1"
"2586644637","2076989796","1"
"2133244145","2222723745","1"
"2222723745","2133244145","1"
"2166807618","2401477628","2"
"2401477628","2166807618","2"
"2586644637","2592889566","1"
"2592889566","2586644637","1"
