"1492469144","2602895843","0.333333"
"2602895843","1492469144","0.333333"
"1492469144","751845022","0.533333"
"751845022","1492469144","0.533333"
"1492469144","8159915","1.03333"
"8159915","1492469144","1.03333"
"2602895843","751845022","1.78333"
"751845022","2602895843","1.78333"
"2602895843","8159915","0.783333"
"8159915","2602895843","0.783333"
"751845022","8159915","3.91667"
"8159915","751845022","3.91667"
"1492469144","1569992492","0.5"
"1569992492","1492469144","0.5"
"1492469144","2165161138","0.5"
"2165161138","1492469144","0.5"
"1569992492","2165161138","0.625"
"2165161138","1569992492","0.625"
"1492469144","2128558974","1"
"2128558974","1492469144","1"
"1492469144","2744305814","0.7"
"2744305814","1492469144","0.7"
"2744305814","8159915","3.48333"
"8159915","2744305814","3.48333"
"1492469144","2150045644","0.2"
"2150045644","1492469144","0.2"
"1492469144","2503228406","0.2"
"2503228406","1492469144","0.2"
"2150045644","2503228406","0.2"
"2503228406","2150045644","0.2"
"2150045644","2744305814","0.727778"
"2744305814","2150045644","0.727778"
"2150045644","751845022","2.82778"
"751845022","2150045644","2.82778"
"2150045644","8159915","1.8"
"8159915","2150045644","1.8"
"2503228406","2744305814","3.15"
"2744305814","2503228406","3.15"
"2503228406","751845022","1.95952"
"751845022","2503228406","1.95952"
"2503228406","8159915","1.98333"
"8159915","2503228406","1.98333"
"2744305814","751845022","2.34444"
"751845022","2744305814","2.34444"
"1492469144","2013525544","0.5"
"2013525544","1492469144","0.5"
"1492469144","2129187953","0.5"
"2129187953","1492469144","0.5"
"2013525544","2129187953","1.86993"
"2129187953","2013525544","1.86993"
"1492469144","1550343848","0.25"
"1550343848","1492469144","0.25"
"1492469144","1935694007","0.25"
"1935694007","1492469144","0.25"
"1492469144","2041106080","0.25"
"2041106080","1492469144","0.25"
"1492469144","2160605849","0.25"
"2160605849","1492469144","0.25"
"1550343848","1935694007","1.4616"
"1935694007","1550343848","1.4616"
"1550343848","2041106080","0.25"
"2041106080","1550343848","0.25"
"1550343848","2160605849","0.361111"
"2160605849","1550343848","0.361111"
"1935694007","2041106080","0.5"
"2041106080","1935694007","0.5"
"1935694007","2160605849","0.652778"
"2160605849","1935694007","0.652778"
"2041106080","2160605849","0.25"
"2160605849","2041106080","0.25"
"1509517910","1601802664","3.0866"
"1601802664","1509517910","3.0866"
"1509517910","1520460729","0.0277778"
"1520460729","1509517910","0.0277778"
"1509517910","1549955959","0.0866013"
"1549955959","1509517910","0.0866013"
"1509517910","1550343848","0.0866013"
"1550343848","1509517910","0.0866013"
"1509517910","1578949701","0.0277778"
"1578949701","1509517910","0.0277778"
"1509517910","1749958008","0.0866013"
"1749958008","1509517910","0.0866013"
"1509517910","1780126966","0.0866013"
"1780126966","1509517910","0.0866013"
"1509517910","1857956464","0.586601"
"1857956464","1509517910","0.586601"
"1509517910","1935694007","0.0866013"
"1935694007","1509517910","0.0866013"
"1509517910","1976235497","1.52778"
"1976235497","1509517910","1.52778"
"1509517910","1984065185","0.0866013"
"1984065185","1509517910","0.0866013"
"1509517910","2003383294","0.0866013"
"2003383294","1509517910","0.0866013"
"1509517910","2013525544","0.0866013"
"2013525544","1509517910","0.0866013"
"1509517910","2028187934","0.0277778"
"2028187934","1509517910","0.0277778"
"1509517910","2044425052","0.0277778"
"2044425052","1509517910","0.0277778"
"1509517910","2098421138","0.0277778"
"2098421138","1509517910","0.0277778"
"1509517910","2117247700","0.0277778"
"2117247700","1509517910","0.0277778"
"1509517910","2117836729","0.0866013"
"2117836729","1509517910","0.0866013"
"1509517910","2119343774","0.0277778"
"2119343774","1509517910","0.0277778"
"1509517910","2120719336","0.0277778"
"2120719336","1509517910","0.0277778"
"1509517910","2126146704","0.0866013"
"2126146704","1509517910","0.0866013"
"1509517910","2128558974","0.0866013"
"2128558974","1509517910","0.0866013"
"1509517910","2129187953","0.0866013"
"2129187953","1509517910","0.0866013"
"1509517910","2138038956","0.0277778"
"2138038956","1509517910","0.0277778"
"1509517910","2143181293","0.0277778"
"2143181293","1509517910","0.0277778"
"1509517910","2144115233","0.0277778"
"2144115233","1509517910","0.0277778"
"1509517910","2145134722","0.0277778"
"2145134722","1509517910","0.0277778"
"1509517910","2150045644","0.0866013"
"2150045644","1509517910","0.0866013"
"1509517910","2160605849","0.527778"
"2160605849","1509517910","0.527778"
"1509517910","2285678238","0.0277778"
"2285678238","1509517910","0.0277778"
"1509517910","2440112001","0.0277778"
"2440112001","1509517910","0.0277778"
"1509517910","2557110294","0.0277778"
"2557110294","1509517910","0.0277778"
"1509517910","2744305814","0.0277778"
"2744305814","1509517910","0.0277778"
"1509517910","2917558761","0.586601"
"2917558761","1509517910","0.586601"
"1509517910","391464563","0.0277778"
"391464563","1509517910","0.0277778"
"1509517910","751845022","0.0277778"
"751845022","1509517910","0.0277778"
"1520460729","1549955959","1.14444"
"1549955959","1520460729","1.14444"
"1520460729","1550343848","0.111111"
"1550343848","1520460729","0.111111"
"1520460729","1578949701","0.111111"
"1578949701","1520460729","0.111111"
"1520460729","1601802664","0.444444"
"1601802664","1520460729","0.444444"
"1520460729","1749958008","0.361111"
"1749958008","1520460729","0.361111"
"1520460729","1780126966","0.152778"
"1780126966","1520460729","0.152778"
"1520460729","1857956464","0.0277778"
"1857956464","1520460729","0.0277778"
"1520460729","1935694007","0.611111"
"1935694007","1520460729","0.611111"
"1520460729","1976235497","0.0277778"
"1976235497","1520460729","0.0277778"
"1520460729","1984065185","0.436111"
"1984065185","1520460729","0.436111"
"1520460729","2003383294","0.152778"
"2003383294","1520460729","0.152778"
"1520460729","2013525544","0.236111"
"2013525544","1520460729","0.236111"
"1520460729","2028187934","0.0277778"
"2028187934","1520460729","0.0277778"
"1520460729","2044425052","0.0277778"
"2044425052","1520460729","0.0277778"
"1520460729","2098421138","0.0277778"
"2098421138","1520460729","0.0277778"
"1520460729","2117247700","0.0277778"
"2117247700","1520460729","0.0277778"
"1520460729","2117836729","0.436111"
"2117836729","1520460729","0.436111"
"1520460729","2119343774","0.0277778"
"2119343774","1520460729","0.0277778"
"1520460729","2120719336","0.0277778"
"2120719336","1520460729","0.0277778"
"1520460729","2126146704","1.14444"
"2126146704","1520460729","1.14444"
"1520460729","2128558974","0.0277778"
"2128558974","1520460729","0.0277778"
"1520460729","2129187953","0.0277778"
"2129187953","1520460729","0.0277778"
"1520460729","2138038956","0.111111"
"2138038956","1520460729","0.111111"
"1520460729","2143181293","0.111111"
"2143181293","1520460729","0.111111"
"1520460729","2144115233","0.111111"
"2144115233","1520460729","0.111111"
"1520460729","2145134722","0.0277778"
"2145134722","1520460729","0.0277778"
"1520460729","2150045644","0.0277778"
"2150045644","1520460729","0.0277778"
"1520460729","2160605849","0.477778"
"2160605849","1520460729","0.477778"
"1520460729","2285678238","0.152778"
"2285678238","1520460729","0.152778"
"1520460729","2440112001","0.0277778"
"2440112001","1520460729","0.0277778"
"1520460729","2557110294","0.0277778"
"2557110294","1520460729","0.0277778"
"1520460729","2744305814","0.0277778"
"2744305814","1520460729","0.0277778"
"1520460729","2917558761","0.0277778"
"2917558761","1520460729","0.0277778"
"1520460729","391464563","0.0277778"
"391464563","1520460729","0.0277778"
"1520460729","751845022","0.0277778"
"751845022","1520460729","0.0277778"
"1549955959","1550343848","0.0866013"
"1550343848","1549955959","0.0866013"
"1549955959","1578949701","0.0277778"
"1578949701","1549955959","0.0277778"
"1549955959","1601802664","0.0866013"
"1601802664","1549955959","0.0866013"
"1549955959","1749958008","0.0866013"
"1749958008","1549955959","0.0866013"
"1549955959","1780126966","0.211601"
"1780126966","1549955959","0.211601"
"1549955959","1857956464","0.0866013"
"1857956464","1549955959","0.0866013"
"1549955959","1935694007","0.794935"
"1935694007","1549955959","0.794935"
"1549955959","1976235497","0.152778"
"1976235497","1549955959","0.152778"
"1549955959","1984065185","0.286601"
"1984065185","1549955959","0.286601"
"1549955959","2003383294","0.0866013"
"2003383294","1549955959","0.0866013"
"1549955959","2013525544","0.419935"
"2013525544","1549955959","0.419935"
"1549955959","2028187934","0.0277778"
"2028187934","1549955959","0.0277778"
"1549955959","2044425052","0.0277778"
"2044425052","1549955959","0.0277778"
"1549955959","2098421138","0.0277778"
"2098421138","1549955959","0.0277778"
"1549955959","2117247700","0.0277778"
"2117247700","1549955959","0.0277778"
"1549955959","2117836729","0.411601"
"2117836729","1549955959","0.411601"
"1549955959","2119343774","0.0277778"
"2119343774","1549955959","0.0277778"
"1549955959","2120719336","0.0277778"
"2120719336","1549955959","0.0277778"
"1549955959","2126146704","2.6616"
"2126146704","1549955959","2.6616"
"1549955959","2128558974","0.211601"
"2128558974","1549955959","0.211601"
"1549955959","2129187953","0.0866013"
"2129187953","1549955959","0.0866013"
"1549955959","2138038956","0.0277778"
"2138038956","1549955959","0.0277778"
"1549955959","2143181293","0.0277778"
"2143181293","1549955959","0.0277778"
"1549955959","2144115233","0.0277778"
"2144115233","1549955959","0.0277778"
"1549955959","2145134722","0.0277778"
"2145134722","1549955959","0.0277778"
"1549955959","2150045644","0.0866013"
"2150045644","1549955959","0.0866013"
"1549955959","2160605849","0.936111"
"2160605849","1549955959","0.936111"
"1549955959","2285678238","0.0277778"
"2285678238","1549955959","0.0277778"
"1549955959","2440112001","0.0277778"
"2440112001","1549955959","0.0277778"
"1549955959","2557110294","0.0277778"
"2557110294","1549955959","0.0277778"
"1549955959","2744305814","0.0277778"
"2744305814","1549955959","0.0277778"
"1549955959","2917558761","0.0866013"
"2917558761","1549955959","0.0866013"
"1549955959","391464563","0.0277778"
"391464563","1549955959","0.0277778"
"1549955959","751845022","0.0277778"
"751845022","1549955959","0.0277778"
"1550343848","1578949701","0.111111"
"1578949701","1550343848","0.111111"
"1550343848","1601802664","0.503268"
"1601802664","1550343848","0.503268"
"1550343848","1749958008","0.503268"
"1749958008","1550343848","0.503268"
"1550343848","1780126966","0.479458"
"1780126966","1550343848","0.479458"
"1550343848","1857956464","0.211601"
"1857956464","1550343848","0.211601"
"1550343848","1976235497","0.396825"
"1976235497","1550343848","0.396825"
"1550343848","1984065185","2.28898"
"1984065185","1550343848","2.28898"
"1550343848","2003383294","0.0866013"
"2003383294","1550343848","0.0866013"
"1550343848","2013525544","1.4616"
"2013525544","1550343848","1.4616"
"1550343848","2028187934","0.0277778"
"2028187934","1550343848","0.0277778"
"1550343848","2044425052","0.0277778"
"2044425052","1550343848","0.0277778"
"1550343848","2098421138","0.0277778"
"2098421138","1550343848","0.0277778"
"1550343848","2117247700","0.0277778"
"2117247700","1550343848","0.0277778"
"1550343848","2117836729","2.12827"
"2117836729","1550343848","2.12827"
"1550343848","2119343774","0.253968"
"2119343774","1550343848","0.253968"
"1550343848","2120719336","0.0277778"
"2120719336","1550343848","0.0277778"
"1550343848","2126146704","0.669935"
"2126146704","1550343848","0.669935"
"1550343848","2128558974","0.0866013"
"2128558974","1550343848","0.0866013"
"1550343848","2129187953","0.0866013"
"2129187953","1550343848","0.0866013"
"1550343848","2138038956","0.111111"
"2138038956","1550343848","0.111111"
"1550343848","2143181293","0.396825"
"2143181293","1550343848","0.396825"
"1550343848","2144115233","0.194444"
"2144115233","1550343848","0.194444"
"1550343848","2145134722","0.0277778"
"2145134722","1550343848","0.0277778"
"1550343848","2150045644","0.419935"
"2150045644","1550343848","0.419935"
"1550343848","2285678238","0.0277778"
"2285678238","1550343848","0.0277778"
"1550343848","2440112001","0.0277778"
"2440112001","1550343848","0.0277778"
"1550343848","2557110294","0.0277778"
"2557110294","1550343848","0.0277778"
"1550343848","2744305814","0.0277778"
"2744305814","1550343848","0.0277778"
"1550343848","2917558761","0.336601"
"2917558761","1550343848","0.336601"
"1550343848","391464563","0.0277778"
"391464563","1550343848","0.0277778"
"1550343848","751845022","0.0277778"
"751845022","1550343848","0.0277778"
"1578949701","1601802664","0.111111"
"1601802664","1578949701","0.111111"
"1578949701","1749958008","0.194444"
"1749958008","1578949701","0.194444"
"1578949701","1780126966","0.0277778"
"1780126966","1578949701","0.0277778"
"1578949701","1857956464","0.0277778"
"1857956464","1578949701","0.0277778"
"1578949701","1935694007","0.0277778"
"1935694007","1578949701","0.0277778"
"1578949701","1976235497","2.52778"
"1976235497","1578949701","2.52778"
"1578949701","1984065185","0.311111"
"1984065185","1578949701","0.311111"
"1578949701","2003383294","0.0277778"
"2003383294","1578949701","0.0277778"
"1578949701","2013525544","0.311111"
"2013525544","1578949701","0.311111"
"1578949701","2028187934","0.194444"
"2028187934","1578949701","0.194444"
"1578949701","2044425052","0.0277778"
"2044425052","1578949701","0.0277778"
"1578949701","2098421138","0.0277778"
"2098421138","1578949701","0.0277778"
"1578949701","2117247700","0.0277778"
"2117247700","1578949701","0.0277778"
"1578949701","2117836729","0.111111"
"2117836729","1578949701","0.111111"
"1578949701","2119343774","1.52778"
"2119343774","1578949701","1.52778"
"1578949701","2120719336","0.0277778"
"2120719336","1578949701","0.0277778"
"1578949701","2126146704","0.0277778"
"2126146704","1578949701","0.0277778"
"1578949701","2128558974","0.0277778"
"2128558974","1578949701","0.0277778"
"1578949701","2129187953","0.0277778"
"2129187953","1578949701","0.0277778"
"1578949701","2138038956","0.111111"
"2138038956","1578949701","0.111111"
"1578949701","2143181293","0.111111"
"2143181293","1578949701","0.111111"
"1578949701","2144115233","0.444444"
"2144115233","1578949701","0.444444"
"1578949701","2145134722","1.69444"
"2145134722","1578949701","1.69444"
"1578949701","2150045644","0.0277778"
"2150045644","1578949701","0.0277778"
"1578949701","2160605849","0.0277778"
"2160605849","1578949701","0.0277778"
"1578949701","2285678238","0.0277778"
"2285678238","1578949701","0.0277778"
"1578949701","2440112001","0.0277778"
"2440112001","1578949701","0.0277778"
"1578949701","2557110294","0.0277778"
"2557110294","1578949701","0.0277778"
"1578949701","2744305814","0.0277778"
"2744305814","1578949701","0.0277778"
"1578949701","2917558761","0.394444"
"2917558761","1578949701","0.394444"
"1578949701","391464563","0.194444"
"391464563","1578949701","0.194444"
"1578949701","751845022","0.194444"
"751845022","1578949701","0.194444"
"1601802664","1749958008","0.703268"
"1749958008","1601802664","0.703268"
"1601802664","1780126966","1.86993"
"1780126966","1601802664","1.86993"
"1601802664","1857956464","0.286601"
"1857956464","1601802664","0.286601"
"1601802664","1935694007","0.669935"
"1935694007","1601802664","0.669935"
"1601802664","1976235497","0.299145"
"1976235497","1601802664","0.299145"
"1601802664","1984065185","0.253268"
"1984065185","1601802664","0.253268"
"1601802664","2003383294","0.0866013"
"2003383294","1601802664","0.0866013"
"1601802664","2013525544","1.45327"
"2013525544","1601802664","1.45327"
"1601802664","2028187934","0.0277778"
"2028187934","1601802664","0.0277778"
"1601802664","2044425052","0.0277778"
"2044425052","1601802664","0.0277778"
"1601802664","2098421138","0.0277778"
"2098421138","1601802664","0.0277778"
"1601802664","2117247700","0.715812"
"2117247700","1601802664","0.715812"
"1601802664","2117836729","0.503268"
"2117836729","1601802664","0.503268"
"1601802664","2119343774","0.222222"
"2119343774","1601802664","0.222222"
"1601802664","2120719336","0.0277778"
"2120719336","1601802664","0.0277778"
"1601802664","2126146704","0.0866013"
"2126146704","1601802664","0.0866013"
"1601802664","2128558974","0.0866013"
"2128558974","1601802664","0.0866013"
"1601802664","2129187953","0.286601"
"2129187953","1601802664","0.286601"
"1601802664","2138038956","0.549145"
"2138038956","1601802664","0.549145"
"1601802664","2143181293","0.799145"
"2143181293","1601802664","0.799145"
"1601802664","2144115233","0.632479"
"2144115233","1601802664","0.632479"
"1601802664","2145134722","0.104701"
"2145134722","1601802664","0.104701"
"1601802664","2150045644","0.0866013"
"2150045644","1601802664","0.0866013"
"1601802664","2160605849","0.111111"
"2160605849","1601802664","0.111111"
"1601802664","2285678238","0.0277778"
"2285678238","1601802664","0.0277778"
"1601802664","2440112001","0.0277778"
"2440112001","1601802664","0.0277778"
"1601802664","2557110294","0.0277778"
"2557110294","1601802664","0.0277778"
"1601802664","2744305814","0.0277778"
"2744305814","1601802664","0.0277778"
"1601802664","2917558761","0.336601"
"2917558761","1601802664","0.336601"
"1601802664","391464563","0.0277778"
"391464563","1601802664","0.0277778"
"1601802664","751845022","0.0277778"
"751845022","1601802664","0.0277778"
"1749958008","1780126966","0.286601"
"1780126966","1749958008","0.286601"
"1749958008","1857956464","0.286601"
"1857956464","1749958008","0.286601"
"1749958008","1935694007","0.0866013"
"1935694007","1749958008","0.0866013"
"1749958008","1976235497","0.111111"
"1976235497","1749958008","0.111111"
"1749958008","1984065185","0.703268"
"1984065185","1749958008","0.703268"
"1749958008","2003383294","0.0866013"
"2003383294","1749958008","0.0866013"
"1749958008","2013525544","0.569935"
"2013525544","1749958008","0.569935"
"1749958008","2028187934","0.194444"
"2028187934","1749958008","0.194444"
"1749958008","2044425052","0.0277778"
"2044425052","1749958008","0.0277778"
"1749958008","2098421138","0.0277778"
"2098421138","1749958008","0.0277778"
"1749958008","2117247700","0.0277778"
"2117247700","1749958008","0.0277778"
"1749958008","2117836729","0.619935"
"2117836729","1749958008","0.619935"
"1749958008","2119343774","0.111111"
"2119343774","1749958008","0.111111"
"1749958008","2120719336","0.0277778"
"2120719336","1749958008","0.0277778"
"1749958008","2126146704","0.0866013"
"2126146704","1749958008","0.0866013"
"1749958008","2128558974","0.286601"
"2128558974","1749958008","0.286601"
"1749958008","2129187953","0.286601"
"2129187953","1749958008","0.286601"
"1749958008","2138038956","0.0277778"
"2138038956","1749958008","0.0277778"
"1749958008","2143181293","0.0277778"
"2143181293","1749958008","0.0277778"
"1749958008","2144115233","0.111111"
"2144115233","1749958008","0.111111"
"1749958008","2145134722","0.0277778"
"2145134722","1749958008","0.0277778"
"1749958008","2150045644","0.286601"
"2150045644","1749958008","0.286601"
"1749958008","2160605849","0.111111"
"2160605849","1749958008","0.111111"
"1749958008","2285678238","0.0277778"
"2285678238","1749958008","0.0277778"
"1749958008","2440112001","0.0277778"
"2440112001","1749958008","0.0277778"
"1749958008","2557110294","0.0277778"
"2557110294","1749958008","0.0277778"
"1749958008","2744305814","0.0277778"
"2744305814","1749958008","0.0277778"
"1749958008","2917558761","0.0866013"
"2917558761","1749958008","0.0866013"
"1749958008","391464563","0.194444"
"391464563","1749958008","0.194444"
"1749958008","751845022","0.194444"
"751845022","1749958008","0.194444"
"1780126966","1857956464","0.286601"
"1857956464","1780126966","0.286601"
"1780126966","1935694007","0.794935"
"1935694007","1780126966","0.794935"
"1780126966","1976235497","0.295635"
"1976235497","1780126966","0.295635"
"1780126966","1984065185","0.354458"
"1984065185","1780126966","0.354458"
"1780126966","2003383294","0.211601"
"2003383294","1780126966","0.211601"
"1780126966","2013525544","0.411601"
"2013525544","1780126966","0.411601"
"1780126966","2028187934","0.0277778"
"2028187934","1780126966","0.0277778"
"1780126966","2044425052","0.0277778"
"2044425052","1780126966","0.0277778"
"1780126966","2098421138","0.0277778"
"2098421138","1780126966","0.0277778"
"1780126966","2117247700","0.0277778"
"2117247700","1780126966","0.0277778"
"1780126966","2117836729","0.669935"
"2117836729","1780126966","0.669935"
"1780126966","2119343774","0.0277778"
"2119343774","1780126966","0.0277778"
"1780126966","2120719336","0.0277778"
"2120719336","1780126966","0.0277778"
"1780126966","2126146704","0.211601"
"2126146704","1780126966","0.211601"
"1780126966","2128558974","0.211601"
"2128558974","1780126966","0.211601"
"1780126966","2129187953","0.286601"
"2129187953","1780126966","0.286601"
"1780126966","2138038956","0.0277778"
"2138038956","1780126966","0.0277778"
"1780126966","2143181293","0.170635"
"2143181293","1780126966","0.170635"
"1780126966","2144115233","0.0277778"
"2144115233","1780126966","0.0277778"
"1780126966","2145134722","0.0277778"
"2145134722","1780126966","0.0277778"
"1780126966","2150045644","0.0866013"
"2150045644","1780126966","0.0866013"
"1780126966","2160605849","0.152778"
"2160605849","1780126966","0.152778"
"1780126966","2285678238","0.152778"
"2285678238","1780126966","0.152778"
"1780126966","2440112001","0.0277778"
"2440112001","1780126966","0.0277778"
"1780126966","2557110294","0.0277778"
"2557110294","1780126966","0.0277778"
"1780126966","2744305814","0.0277778"
"2744305814","1780126966","0.0277778"
"1780126966","2917558761","0.336601"
"2917558761","1780126966","0.336601"
"1780126966","391464563","0.0277778"
"391464563","1780126966","0.0277778"
"1780126966","751845022","0.0277778"
"751845022","1780126966","0.0277778"
"1857956464","1935694007","0.211601"
"1935694007","1857956464","0.211601"
"1857956464","1976235497","0.0277778"
"1976235497","1857956464","0.0277778"
"1857956464","1984065185","0.0866013"
"1984065185","1857956464","0.0866013"
"1857956464","2003383294","0.0866013"
"2003383294","1857956464","0.0866013"
"1857956464","2013525544","0.411601"
"2013525544","1857956464","0.411601"
"1857956464","2028187934","0.0277778"
"2028187934","1857956464","0.0277778"
"1857956464","2044425052","0.0277778"
"2044425052","1857956464","0.0277778"
"1857956464","2098421138","0.0277778"
"2098421138","1857956464","0.0277778"
"1857956464","2117247700","0.0277778"
"2117247700","1857956464","0.0277778"
"1857956464","2117836729","0.211601"
"2117836729","1857956464","0.211601"
"1857956464","2119343774","0.0277778"
"2119343774","1857956464","0.0277778"
"1857956464","2120719336","0.0277778"
"2120719336","1857956464","0.0277778"
"1857956464","2126146704","0.0866013"
"2126146704","1857956464","0.0866013"
"1857956464","2128558974","0.586601"
"2128558974","1857956464","0.586601"
"1857956464","2129187953","0.286601"
"2129187953","1857956464","0.286601"
"1857956464","2138038956","0.0277778"
"2138038956","1857956464","0.0277778"
"1857956464","2143181293","0.0277778"
"2143181293","1857956464","0.0277778"
"1857956464","2144115233","0.0277778"
"2144115233","1857956464","0.0277778"
"1857956464","2145134722","0.0277778"
"2145134722","1857956464","0.0277778"
"1857956464","2150045644","0.0866013"
"2150045644","1857956464","0.0866013"
"1857956464","2160605849","0.527778"
"2160605849","1857956464","0.527778"
"1857956464","2285678238","0.0277778"
"2285678238","1857956464","0.0277778"
"1857956464","2440112001","0.0277778"
"2440112001","1857956464","0.0277778"
"1857956464","2557110294","0.0277778"
"2557110294","1857956464","0.0277778"
"1857956464","2744305814","0.0277778"
"2744305814","1857956464","0.0277778"
"1857956464","2917558761","0.586601"
"2917558761","1857956464","0.586601"
"1857956464","391464563","0.0277778"
"391464563","1857956464","0.0277778"
"1857956464","751845022","0.0277778"
"751845022","1857956464","0.0277778"
"1935694007","1976235497","0.152778"
"1976235497","1935694007","0.152778"
"1935694007","1984065185","0.336601"
"1984065185","1935694007","0.336601"
"1935694007","2003383294","0.0866013"
"2003383294","1935694007","0.0866013"
"1935694007","2013525544","0.461601"
"2013525544","1935694007","0.461601"
"1935694007","2028187934","0.0277778"
"2028187934","1935694007","0.0277778"
"1935694007","2044425052","0.0277778"
"2044425052","1935694007","0.0277778"
"1935694007","2098421138","0.0277778"
"2098421138","1935694007","0.0277778"
"1935694007","2117247700","0.0277778"
"2117247700","1935694007","0.0277778"
"1935694007","2117836729","1.41993"
"2117836729","1935694007","1.41993"
"1935694007","2119343774","0.0277778"
"2119343774","1935694007","0.0277778"
"1935694007","2120719336","0.0277778"
"2120719336","1935694007","0.0277778"
"1935694007","2126146704","1.04493"
"2126146704","1935694007","1.04493"
"1935694007","2128558974","0.211601"
"2128558974","1935694007","0.211601"
"1935694007","2129187953","0.0866013"
"2129187953","1935694007","0.0866013"
"1935694007","2138038956","0.0277778"
"2138038956","1935694007","0.0277778"
"1935694007","2143181293","0.0277778"
"2143181293","1935694007","0.0277778"
"1935694007","2144115233","0.0277778"
"2144115233","1935694007","0.0277778"
"1935694007","2145134722","0.0277778"
"2145134722","1935694007","0.0277778"
"1935694007","2150045644","0.0866013"
"2150045644","1935694007","0.0866013"
"1935694007","2285678238","0.0277778"
"2285678238","1935694007","0.0277778"
"1935694007","2440112001","0.0277778"
"2440112001","1935694007","0.0277778"
"1935694007","2557110294","0.0277778"
"2557110294","1935694007","0.0277778"
"1935694007","2744305814","0.0277778"
"2744305814","1935694007","0.0277778"
"1935694007","2917558761","0.336601"
"2917558761","1935694007","0.336601"
"1935694007","391464563","0.0277778"
"391464563","1935694007","0.0277778"
"1935694007","751845022","0.0277778"
"751845022","1935694007","0.0277778"
"1976235497","1984065185","0.563492"
"1984065185","1976235497","0.563492"
"1976235497","2003383294","0.0277778"
"2003383294","1976235497","0.0277778"
"1976235497","2013525544","0.753968"
"2013525544","1976235497","0.753968"
"1976235497","2028187934","0.0277778"
"2028187934","1976235497","0.0277778"
"1976235497","2044425052","0.0277778"
"2044425052","1976235497","0.0277778"
"1976235497","2098421138","0.0277778"
"2098421138","1976235497","0.0277778"
"1976235497","2117247700","0.525336"
"2117247700","1976235497","0.525336"
"1976235497","2117836729","0.152778"
"2117836729","1976235497","0.152778"
"1976235497","2119343774","5.19841"
"2119343774","1976235497","5.19841"
"1976235497","2120719336","0.0277778"
"2120719336","1976235497","0.0277778"
"1976235497","2126146704","0.152778"
"2126146704","1976235497","0.152778"
"1976235497","2128558974","0.152778"
"2128558974","1976235497","0.152778"
"1976235497","2129187953","0.527778"
"2129187953","1976235497","0.527778"
"1976235497","2138038956","0.382479"
"2138038956","1976235497","0.382479"
"1976235497","2143181293","0.977717"
"2143181293","1976235497","0.977717"
"1976235497","2144115233","0.799145"
"2144115233","1976235497","0.799145"
"1976235497","2145134722","0.271368"
"2145134722","1976235497","0.271368"
"1976235497","2150045644","1.12778"
"2150045644","1976235497","1.12778"
"1976235497","2160605849","0.236111"
"2160605849","1976235497","0.236111"
"1976235497","2285678238","0.0277778"
"2285678238","1976235497","0.0277778"
"1976235497","2440112001","0.0277778"
"2440112001","1976235497","0.0277778"
"1976235497","2557110294","0.0277778"
"2557110294","1976235497","0.0277778"
"1976235497","2744305814","0.0277778"
"2744305814","1976235497","0.0277778"
"1976235497","2917558761","0.694444"
"2917558761","1976235497","0.694444"
"1976235497","391464563","0.0277778"
"391464563","1976235497","0.0277778"
"1976235497","751845022","0.877778"
"751845022","1976235497","0.877778"
"1984065185","2003383294","0.461601"
"2003383294","1984065185","0.461601"
"1984065185","2013525544","6.52827"
"2013525544","1984065185","6.52827"
"1984065185","2028187934","0.0277778"
"2028187934","1984065185","0.0277778"
"1984065185","2044425052","0.0277778"
"2044425052","1984065185","0.0277778"
"1984065185","2098421138","0.0277778"
"2098421138","1984065185","0.0277778"
"1984065185","2117247700","0.0277778"
"2117247700","1984065185","0.0277778"
"1984065185","2117836729","2.02827"
"2117836729","1984065185","2.02827"
"1984065185","2119343774","0.420635"
"2119343774","1984065185","0.420635"
"1984065185","2120719336","0.0277778"
"2120719336","1984065185","0.0277778"
"1984065185","2126146704","0.869935"
"2126146704","1984065185","0.869935"
"1984065185","2128558974","1.11993"
"2128558974","1984065185","1.11993"
"1984065185","2129187953","0.669935"
"2129187953","1984065185","0.669935"
"1984065185","2138038956","0.111111"
"2138038956","1984065185","0.111111"
"1984065185","2143181293","0.563492"
"2143181293","1984065185","0.563492"
"1984065185","2144115233","0.194444"
"2144115233","1984065185","0.194444"
"1984065185","2145134722","0.0277778"
"2145134722","1984065185","0.0277778"
"1984065185","2150045644","0.619935"
"2150045644","1984065185","0.619935"
"1984065185","2160605849","0.311111"
"2160605849","1984065185","0.311111"
"1984065185","2285678238","0.152778"
"2285678238","1984065185","0.152778"
"1984065185","2440112001","0.0277778"
"2440112001","1984065185","0.0277778"
"1984065185","2557110294","0.0277778"
"2557110294","1984065185","0.0277778"
"1984065185","2744305814","0.0277778"
"2744305814","1984065185","0.0277778"
"1984065185","2917558761","1.0366"
"2917558761","1984065185","1.0366"
"1984065185","391464563","0.0277778"
"391464563","1984065185","0.0277778"
"1984065185","751845022","0.0277778"
"751845022","1984065185","0.0277778"
"2003383294","2013525544","0.461601"
"2013525544","2003383294","0.461601"
"2003383294","2028187934","0.277778"
"2028187934","2003383294","0.277778"
"2003383294","2044425052","0.277778"
"2044425052","2003383294","0.277778"
"2003383294","2098421138","0.277778"
"2098421138","2003383294","0.277778"
"2003383294","2117247700","0.0277778"
"2117247700","2003383294","0.0277778"
"2003383294","2117836729","0.211601"
"2117836729","2003383294","0.211601"
"2003383294","2119343774","0.0277778"
"2119343774","2003383294","0.0277778"
"2003383294","2120719336","0.0277778"
"2120719336","2003383294","0.0277778"
"2003383294","2126146704","0.0866013"
"2126146704","2003383294","0.0866013"
"2003383294","2128558974","0.836601"
"2128558974","2003383294","0.836601"
"2003383294","2129187953","0.0866013"
"2129187953","2003383294","0.0866013"
"2003383294","2138038956","0.0277778"
"2138038956","2003383294","0.0277778"
"2003383294","2143181293","0.0277778"
"2143181293","2003383294","0.0277778"
"2003383294","2144115233","0.0277778"
"2144115233","2003383294","0.0277778"
"2003383294","2145134722","0.277778"
"2145134722","2003383294","0.277778"
"2003383294","2150045644","0.0866013"
"2150045644","2003383294","0.0866013"
"2003383294","2160605849","0.0277778"
"2160605849","2003383294","0.0277778"
"2003383294","2285678238","0.152778"
"2285678238","2003383294","0.152778"
"2003383294","2440112001","3.77778"
"2440112001","2003383294","3.77778"
"2003383294","2557110294","0.0277778"
"2557110294","2003383294","0.0277778"
"2003383294","2744305814","0.0277778"
"2744305814","2003383294","0.0277778"
"2003383294","2917558761","2.0866"
"2917558761","2003383294","2.0866"
"2003383294","391464563","0.0277778"
"391464563","2003383294","0.0277778"
"2003383294","751845022","0.0277778"
"751845022","2003383294","0.0277778"
"2013525544","2028187934","0.227778"
"2028187934","2013525544","0.227778"
"2013525544","2044425052","0.0277778"
"2044425052","2013525544","0.0277778"
"2013525544","2098421138","0.0277778"
"2098421138","2013525544","0.0277778"
"2013525544","2117247700","0.0277778"
"2117247700","2013525544","0.0277778"
"2013525544","2117836729","0.619935"
"2117836729","2013525544","0.619935"
"2013525544","2119343774","0.111111"
"2119343774","2013525544","0.111111"
"2013525544","2120719336","0.0277778"
"2120719336","2013525544","0.0277778"
"2013525544","2126146704","1.66993"
"2126146704","2013525544","1.66993"
"2013525544","2128558974","2.11993"
"2128558974","2013525544","2.11993"
"2013525544","2138038956","0.111111"
"2138038956","2013525544","0.111111"
"2013525544","2143181293","0.111111"
"2143181293","2013525544","0.111111"
"2013525544","2144115233","0.194444"
"2144115233","2013525544","0.194444"
"2013525544","2145134722","0.0277778"
"2145134722","2013525544","0.0277778"
"2013525544","2150045644","0.486601"
"2150045644","2013525544","0.486601"
"2013525544","2160605849","0.444444"
"2160605849","2013525544","0.444444"
"2013525544","2285678238","0.152778"
"2285678238","2013525544","0.152778"
"2013525544","2440112001","0.0277778"
"2440112001","2013525544","0.0277778"
"2013525544","2557110294","0.227778"
"2557110294","2013525544","0.227778"
"2013525544","2744305814","0.0277778"
"2744305814","2013525544","0.0277778"
"2013525544","2917558761","3.2366"
"2917558761","2013525544","3.2366"
"2013525544","391464563","0.227778"
"391464563","2013525544","0.227778"
"2013525544","751845022","0.0277778"
"751845022","2013525544","0.0277778"
"2028187934","2044425052","0.0277778"
"2044425052","2028187934","0.0277778"
"2028187934","2098421138","0.0277778"
"2098421138","2028187934","0.0277778"
"2028187934","2117247700","0.0277778"
"2117247700","2028187934","0.0277778"
"2028187934","2117836729","0.0277778"
"2117836729","2028187934","0.0277778"
"2028187934","2119343774","0.0277778"
"2119343774","2028187934","0.0277778"
"2028187934","2120719336","0.670635"
"2120719336","2028187934","0.670635"
"2028187934","2126146704","0.0277778"
"2126146704","2028187934","0.0277778"
"2028187934","2128558974","0.611111"
"2128558974","2028187934","0.611111"
"2028187934","2129187953","0.527778"
"2129187953","2028187934","0.527778"
"2028187934","2138038956","0.0277778"
"2138038956","2028187934","0.0277778"
"2028187934","2143181293","0.0277778"
"2143181293","2028187934","0.0277778"
"2028187934","2144115233","0.0277778"
"2144115233","2028187934","0.0277778"
"2028187934","2145134722","1.77778"
"2145134722","2028187934","1.77778"
"2028187934","2150045644","0.227778"
"2150045644","2028187934","0.227778"
"2028187934","2160605849","0.0277778"
"2160605849","2028187934","0.0277778"
"2028187934","2285678238","0.0277778"
"2285678238","2028187934","0.0277778"
"2028187934","2440112001","0.0277778"
"2440112001","2028187934","0.0277778"
"2028187934","2557110294","0.227778"
"2557110294","2028187934","0.227778"
"2028187934","2744305814","0.0277778"
"2744305814","2028187934","0.0277778"
"2028187934","2917558761","1.95397"
"2917558761","2028187934","1.95397"
"2028187934","391464563","10.3706"
"391464563","2028187934","10.3706"
"2028187934","751845022","0.337302"
"751845022","2028187934","0.337302"
"2044425052","2098421138","22.4778"
"2098421138","2044425052","22.4778"
"2044425052","2117247700","0.0277778"
"2117247700","2044425052","0.0277778"
"2044425052","2117836729","0.0277778"
"2117836729","2044425052","0.0277778"
"2044425052","2119343774","0.0277778"
"2119343774","2044425052","0.0277778"
"2044425052","2120719336","0.0277778"
"2120719336","2044425052","0.0277778"
"2044425052","2126146704","0.0277778"
"2126146704","2044425052","0.0277778"
"2044425052","2128558974","0.477778"
"2128558974","2044425052","0.477778"
"2044425052","2129187953","0.0277778"
"2129187953","2044425052","0.0277778"
"2044425052","2138038956","0.0277778"
"2138038956","2044425052","0.0277778"
"2044425052","2143181293","0.0277778"
"2143181293","2044425052","0.0277778"
"2044425052","2144115233","0.0277778"
"2144115233","2044425052","0.0277778"
"2044425052","2145134722","0.0277778"
"2145134722","2044425052","0.0277778"
"2044425052","2150045644","0.0277778"
"2150045644","2044425052","0.0277778"
"2044425052","2160605849","0.0277778"
"2160605849","2044425052","0.0277778"
"2044425052","2285678238","0.0277778"
"2285678238","2044425052","0.0277778"
"2044425052","2440112001","0.0277778"
"2440112001","2044425052","0.0277778"
"2044425052","2557110294","0.227778"
"2557110294","2044425052","0.227778"
"2044425052","2744305814","0.0277778"
"2744305814","2044425052","0.0277778"
"2044425052","2917558761","0.977778"
"2917558761","2044425052","0.977778"
"2044425052","391464563","0.0277778"
"391464563","2044425052","0.0277778"
"2044425052","751845022","0.227778"
"751845022","2044425052","0.227778"
"2098421138","2117247700","0.0277778"
"2117247700","2098421138","0.0277778"
"2098421138","2117836729","0.0277778"
"2117836729","2098421138","0.0277778"
"2098421138","2119343774","0.0277778"
"2119343774","2098421138","0.0277778"
"2098421138","2120719336","0.0277778"
"2120719336","2098421138","0.0277778"
"2098421138","2126146704","0.0277778"
"2126146704","2098421138","0.0277778"
"2098421138","2128558974","0.477778"
"2128558974","2098421138","0.477778"
"2098421138","2129187953","0.0277778"
"2129187953","2098421138","0.0277778"
"2098421138","2138038956","0.0277778"
"2138038956","2098421138","0.0277778"
"2098421138","2143181293","0.0277778"
"2143181293","2098421138","0.0277778"
"2098421138","2144115233","0.0277778"
"2144115233","2098421138","0.0277778"
"2098421138","2145134722","0.0277778"
"2145134722","2098421138","0.0277778"
"2098421138","2150045644","0.0277778"
"2150045644","2098421138","0.0277778"
"2098421138","2160605849","0.0277778"
"2160605849","2098421138","0.0277778"
"2098421138","2285678238","0.0277778"
"2285678238","2098421138","0.0277778"
"2098421138","2440112001","0.0277778"
"2440112001","2098421138","0.0277778"
"2098421138","2557110294","0.227778"
"2557110294","2098421138","0.227778"
"2098421138","2744305814","0.0277778"
"2744305814","2098421138","0.0277778"
"2098421138","2917558761","0.977778"
"2917558761","2098421138","0.977778"
"2098421138","391464563","0.0277778"
"391464563","2098421138","0.0277778"
"2098421138","751845022","0.227778"
"751845022","2098421138","0.227778"
"2117247700","2117836729","0.0277778"
"2117836729","2117247700","0.0277778"
"2117247700","2119343774","0.305556"
"2119343774","2117247700","0.305556"
"2117247700","2120719336","0.0277778"
"2120719336","2117247700","0.0277778"
"2117247700","2126146704","0.0277778"
"2126146704","2117247700","0.0277778"
"2117247700","2128558974","0.0277778"
"2128558974","2117247700","0.0277778"
"2117247700","2129187953","0.0277778"
"2129187953","2117247700","0.0277778"
"2117247700","2138038956","0.932479"
"2138038956","2117247700","0.932479"
"2117247700","2143181293","3.52772"
"2143181293","2117247700","3.52772"
"2117247700","2144115233","1.07534"
"2144115233","2117247700","1.07534"
"2117247700","2145134722","0.104701"
"2145134722","2117247700","0.104701"
"2117247700","2150045644","0.0277778"
"2150045644","2117247700","0.0277778"
"2117247700","2160605849","0.0277778"
"2160605849","2117247700","0.0277778"
"2117247700","2285678238","0.0277778"
"2285678238","2117247700","0.0277778"
"2117247700","2440112001","0.0277778"
"2440112001","2117247700","0.0277778"
"2117247700","2557110294","0.0277778"
"2557110294","2117247700","0.0277778"
"2117247700","2744305814","0.0277778"
"2744305814","2117247700","0.0277778"
"2117247700","2917558761","0.0277778"
"2917558761","2117247700","0.0277778"
"2117247700","391464563","0.0277778"
"391464563","2117247700","0.0277778"
"2117247700","751845022","0.0277778"
"751845022","2117247700","0.0277778"
"2117836729","2119343774","0.0277778"
"2119343774","2117836729","0.0277778"
"2117836729","2120719336","0.0277778"
"2120719336","2117836729","0.0277778"
"2117836729","2126146704","0.411601"
"2126146704","2117836729","0.411601"
"2117836729","2128558974","0.411601"
"2128558974","2117836729","0.411601"
"2117836729","2129187953","0.0866013"
"2129187953","2117836729","0.0866013"
"2117836729","2138038956","0.111111"
"2138038956","2117836729","0.111111"
"2117836729","2143181293","0.111111"
"2143181293","2117836729","0.111111"
"2117836729","2144115233","0.111111"
"2144115233","2117836729","0.111111"
"2117836729","2145134722","0.0277778"
"2145134722","2117836729","0.0277778"
"2117836729","2150045644","0.286601"
"2150045644","2117836729","0.286601"
"2117836729","2160605849","0.352778"
"2160605849","2117836729","0.352778"
"2117836729","2285678238","0.152778"
