"104864130","1487646289","0.0714286"
"1487646289","104864130","0.0714286"
"104864130","1498829414","0.0714286"
"1498829414","104864130","0.0714286"
"104864130","1534520523","0.0714286"
"1534520523","104864130","0.0714286"
"104864130","1916749713","0.0714286"
"1916749713","104864130","0.0714286"
"104864130","1987012339","0.0714286"
"1987012339","104864130","0.0714286"
"104864130","2009548244","0.0714286"
"2009548244","104864130","0.0714286"
"104864130","2013272327","0.0714286"
"2013272327","104864130","0.0714286"
"104864130","2017520893","0.0714286"
"2017520893","104864130","0.0714286"
"104864130","2017711438","0.0714286"
"2017711438","104864130","0.0714286"
"104864130","2037247602","0.0714286"
"2037247602","104864130","0.0714286"
"104864130","2051983088","0.0714286"
"2051983088","104864130","0.0714286"
"104864130","2074225283","0.0714286"
"2074225283","104864130","0.0714286"
"104864130","2081378755","0.0714286"
"2081378755","104864130","0.0714286"
"104864130","2131645924","0.0714286"
"2131645924","104864130","0.0714286"
"1487646289","1498829414","0.0714286"
"1498829414","1487646289","0.0714286"
"1487646289","1534520523","0.148352"
"1534520523","1487646289","0.148352"
"1487646289","1916749713","0.126984"
"1916749713","1487646289","0.126984"
"1487646289","1987012339","0.909264"
"1987012339","1487646289","0.909264"
"1487646289","2009548244","0.210852"
"2009548244","1487646289","0.210852"
"1487646289","2013272327","0.239261"
"2013272327","1487646289","0.239261"
"1487646289","2017520893","0.773983"
"2017520893","1487646289","0.773983"
"1487646289","2017711438","0.346764"
"2017711438","1487646289","0.346764"
"1487646289","2037247602","0.294816"
"2037247602","1487646289","0.294816"
"1487646289","2051983088","0.699578"
"2051983088","1487646289","0.699578"
"1487646289","2074225283","0.0714286"
"2074225283","1487646289","0.0714286"
"1487646289","2081378755","0.126984"
"2081378755","1487646289","0.126984"
"1487646289","2131645924","0.409264"
"2131645924","1487646289","0.409264"
"1498829414","1534520523","0.0714286"
"1534520523","1498829414","0.0714286"
"1498829414","1916749713","3.85476"
"1916749713","1498829414","3.85476"
"1498829414","1987012339","0.18254"
"1987012339","1498829414","0.18254"
"1498829414","2009548244","0.0714286"
"2009548244","1498829414","0.0714286"
"1498829414","2013272327","0.0714286"
"2013272327","1498829414","0.0714286"
"1498829414","2017520893","9.88254"
"2017520893","1498829414","9.88254"
"1498829414","2017711438","0.599206"
"2017711438","1498829414","0.599206"
"1498829414","2037247602","0.0714286"
"2037247602","1498829414","0.0714286"
"1498829414","2051983088","0.0714286"
"2051983088","1498829414","0.0714286"
"1498829414","2074225283","0.0714286"
"2074225283","1498829414","0.0714286"
"1498829414","2081378755","0.0714286"
"2081378755","1498829414","0.0714286"
"1498829414","2131645924","0.88254"
"2131645924","1498829414","0.88254"
"1534520523","1916749713","0.0714286"
"1916749713","1534520523","0.0714286"
"1534520523","1987012339","0.148352"
"1987012339","1534520523","0.148352"
"1534520523","2009548244","0.148352"
"2009548244","1534520523","0.148352"
"1534520523","2013272327","0.148352"
"2013272327","1534520523","0.148352"
"1534520523","2017520893","0.148352"
"2017520893","1534520523","0.148352"
"1534520523","2017711438","0.148352"
"2017711438","1534520523","0.148352"
"1534520523","2037247602","0.148352"
"2037247602","1534520523","0.148352"
"1534520523","2051983088","0.148352"
"2051983088","1534520523","0.148352"
"1534520523","2074225283","0.321429"
"2074225283","1534520523","0.321429"
"1534520523","2081378755","7.65476"
"2081378755","1534520523","7.65476"
"1534520523","2131645924","0.148352"
"2131645924","1534520523","0.148352"
"1916749713","1987012339","0.126984"
"1987012339","1916749713","0.126984"
"1916749713","2009548244","0.0714286"
"2009548244","1916749713","0.0714286"
"1916749713","2013272327","0.0714286"
"2013272327","1916749713","0.0714286"
"1916749713","2017520893","3.41032"
"2017520893","1916749713","3.41032"
"1916749713","2017711438","0.126984"
"2017711438","1916749713","0.126984"
"1916749713","2037247602","0.126984"
"2037247602","1916749713","0.126984"
"1916749713","2051983088","0.126984"
"2051983088","1916749713","0.126984"
"1916749713","2074225283","0.0714286"
"2074225283","1916749713","0.0714286"
"1916749713","2081378755","0.126984"
"2081378755","1916749713","0.126984"
"1916749713","2131645924","0.576984"
"2131645924","1916749713","0.576984"
"1987012339","2009548244","2.86085"
"2009548244","1987012339","2.86085"
"1987012339","2013272327","0.148352"
"2013272327","1987012339","0.148352"
"1987012339","2017520893","1.11085"
"2017520893","1987012339","1.11085"
"1987012339","2017711438","1.05788"
"2017711438","1987012339","1.05788"
"1987012339","2037247602","0.270574"
"2037247602","1987012339","0.270574"
"1987012339","2051983088","0.470574"
"2051983088","1987012339","0.470574"
"1987012339","2074225283","0.0714286"
"2074225283","1987012339","0.0714286"
"1987012339","2081378755","0.126984"
"2081378755","1987012339","0.126984"
"1987012339","2131645924","1.83704"
"2131645924","1987012339","1.83704"
"2009548244","2013272327","1.43487"
"2013272327","2009548244","1.43487"
"2009548244","2017520893","0.277518"
"2017520893","2009548244","0.277518"
"2009548244","2017711438","0.305927"
"2017711438","2009548244","0.305927"
"2009548244","2037247602","0.291941"
"2037247602","2009548244","0.291941"
"2009548244","2051983088","0.381685"
"2051983088","2009548244","0.381685"
"2009548244","2074225283","3.03102"
"2074225283","2009548244","3.03102"
"2009548244","2081378755","0.321429"
"2081378755","2009548244","0.321429"
"2009548244","2131645924","0.860852"
"2131645924","2009548244","0.860852"
"2013272327","2017520893","0.239261"
"2017520893","2013272327","0.239261"
"2013272327","2017711438","0.239261"
"2017711438","2013272327","0.239261"
"2013272327","2037247602","0.316184"
"2037247602","2013272327","0.316184"
"2013272327","2051983088","0.439261"
"2051983088","2013272327","0.439261"
"2013272327","2074225283","3.14769"
"2074225283","2013272327","3.14769"
"2013272327","2081378755","0.271429"
"2081378755","2013272327","0.271429"
"2013272327","2131645924","0.148352"
"2131645924","2013272327","0.148352"
"2017520893","2017711438","0.798352"
"2017711438","2017520893","0.798352"
"2017520893","2037247602","0.361483"
"2037247602","2017520893","0.361483"
"2017520893","2051983088","0.361483"
"2051983088","2017520893","0.361483"
"2017520893","2074225283","0.0714286"
"2074225283","2017520893","0.0714286"
"2017520893","2081378755","0.126984"
"2081378755","2017520893","0.126984"
"2017520893","2131645924","2.14419"
"2131645924","2017520893","2.14419"
"2017711438","2037247602","0.270574"
"2037247602","2017711438","0.270574"
"2017711438","2051983088","0.720574"
"2051983088","2017711438","0.720574"
"2017711438","2074225283","0.162338"
"2074225283","2017711438","0.162338"
"2017711438","2081378755","0.126984"
"2081378755","2017711438","0.126984"
"2017711438","2131645924","1.52454"
"2131645924","2017711438","1.52454"
"2037247602","2051983088","2.52815"
"2051983088","2037247602","2.52815"
"2037247602","2074225283","0.0714286"
"2074225283","2037247602","0.0714286"
"2037247602","2081378755","0.126984"
"2081378755","2037247602","0.126984"
"2037247602","2131645924","0.437241"
"2131645924","2037247602","0.437241"
"2051983088","2074225283","0.404762"
"2074225283","2051983088","0.404762"
"2051983088","2081378755","0.126984"
"2081378755","2051983088","0.126984"
"2051983088","2131645924","1.35391"
"2131645924","2051983088","1.35391"
"2074225283","2081378755","0.771429"
"2081378755","2074225283","0.771429"
"2074225283","2131645924","0.0714286"
"2131645924","2074225283","0.0714286"
"2081378755","2131645924","0.126984"
"2131645924","2081378755","0.126984"
"1487646289","1607142717","0.590909"
"1607142717","1487646289","0.590909"
"1487646289","2113523889","1.38393"
"2113523889","1487646289","1.38393"
"1607142717","2113523889","0.5"
"2113523889","1607142717","0.5"
"1487646289","1987132308","0.683074"
"1987132308","1487646289","0.683074"
"1487646289","2037583279","0.291209"
"2037583279","1487646289","0.291209"
"1487646289","2143755753","0.194979"
"2143755753","1487646289","0.194979"
"1487646289","2803774059","0.357316"
"2803774059","1487646289","0.357316"
"1534520523","1987132308","0.0769231"
"1987132308","1534520523","0.0769231"
"1534520523","2037583279","0.0769231"
"2037583279","1534520523","0.0769231"
"1534520523","2143755753","0.0769231"
"2143755753","1534520523","0.0769231"
"1534520523","2803774059","0.0769231"
"2803774059","1534520523","0.0769231"
"1987012339","1987132308","1.70609"
"1987132308","1987012339","1.70609"
"1987012339","2037583279","0.21978"
"2037583279","1987012339","0.21978"
"1987012339","2143755753","3.20609"
"2143755753","1987012339","3.20609"
"1987012339","2803774059","0.194979"
"2803774059","1987012339","0.194979"
"1987132308","2009548244","0.20609"
"2009548244","1987132308","0.20609"
"1987132308","2013272327","0.0769231"
"2013272327","1987132308","0.0769231"
"1987132308","2017520893","2.85609"
"2017520893","1987132308","2.85609"
"1987132308","2017711438","0.476923"
"2017711438","1987132308","0.476923"
"1987132308","2037247602","0.199145"
"2037247602","1987132308","0.199145"
"1987132308","2037583279","0.148352"
"2037583279","1987132308","0.148352"
"1987132308","2051983088","0.270574"
"2051983088","1987132308","0.270574"
"1987132308","2131645924","0.739423"
"2131645924","1987132308","0.739423"
"1987132308","2143755753","0.539423"
"2143755753","1987132308","0.539423"
"1987132308","2803774059","0.466407"
"2803774059","1987132308","0.466407"
"2009548244","2037583279","0.153846"
"2037583279","2009548244","0.153846"
"2009548244","2143755753","0.539423"
"2143755753","2009548244","0.539423"
"2009548244","2803774059","0.30609"
"2803774059","2009548244","0.30609"
"2013272327","2037583279","0.153846"
"2037583279","2013272327","0.153846"
"2013272327","2143755753","0.0769231"
"2143755753","2013272327","0.0769231"
"2013272327","2803774059","0.167832"
"2803774059","2013272327","0.167832"
"2017520893","2037583279","0.0769231"
"2037583279","2017520893","0.0769231"
"2017520893","2143755753","1.87276"
"2143755753","2017520893","1.87276"
"2017520893","2803774059","0.285888"
"2803774059","2017520893","0.285888"
"2017711438","2037583279","0.21978"
"2037583279","2017711438","0.21978"
"2017711438","2143755753","1.14359"
"2143755753","2017711438","1.14359"
"2017711438","2803774059","0.132479"
"2803774059","2017711438","0.132479"
"2037247602","2037583279","0.153846"
"2037583279","2037247602","0.153846"
"2037247602","2143755753","0.199145"
"2143755753","2037247602","0.199145"
"2037247602","2803774059","0.223388"
"2803774059","2037247602","0.223388"
"2037583279","2051983088","1.54121"
"2051983088","2037583279","1.54121"
"2037583279","2131645924","0.21978"
"2131645924","2037583279","0.21978"
"2037583279","2143755753","0.0769231"
"2143755753","2037583279","0.0769231"
"2037583279","2803774059","0.148352"
"2803774059","2037583279","0.148352"
"2051983088","2143755753","0.199145"
"2143755753","2051983088","0.199145"
"2051983088","2803774059","0.461483"
"2803774059","2051983088","0.461483"
"2131645924","2143755753","2.87276"
"2143755753","2131645924","2.87276"
"2131645924","2803774059","0.528312"
"2803774059","2131645924","0.528312"
"2143755753","2803774059","0.194979"
"2803774059","2143755753","0.194979"
"1487646289","2040644389","1.09425"
"2040644389","1487646289","1.09425"
"1487646289","2242530532","0.388889"
"2242530532","1487646289","0.388889"
"1987012339","2040644389","2.27758"
"2040644389","1987012339","2.27758"
"1987012339","2242530532","1.95556"
"2242530532","1987012339","1.95556"
"2040644389","2242530532","0.80404"
"2242530532","2040644389","0.80404"
"1487646289","1882988315","0.133929"
"1882988315","1487646289","0.133929"
"1487646289","1927527721","0.0625"
"1927527721","1487646289","0.0625"
"1487646289","2012335332","0.280393"
"2012335332","1487646289","0.280393"
"1487646289","2244533930","0.367695"
"2244533930","1487646289","0.367695"
"1487646289","2292568655","0.0625"
"2292568655","1487646289","0.0625"
"1487646289","2324966761","0.530393"
"2324966761","1487646289","0.530393"
"1487646289","993568417","0.0625"
"993568417","1487646289","0.0625"
"1882988315","1927527721","1.22917"
"1927527721","1882988315","1.22917"
"1882988315","1987012339","0.0625"
"1987012339","1882988315","0.0625"
"1882988315","1987132308","0.133929"
"1987132308","1882988315","0.133929"
"1882988315","2009548244","0.0625"
"2009548244","1882988315","0.0625"
"1882988315","2012335332","0.258929"
"2012335332","1882988315","0.258929"
"1882988315","2017520893","0.0625"
"2017520893","1882988315","0.0625"
"1882988315","2040644389","0.0625"
"2040644389","1882988315","0.0625"
"1882988315","2113523889","0.133929"
"2113523889","1882988315","0.133929"
"1882988315","2131645924","0.0625"
"2131645924","1882988315","0.0625"
"1882988315","2143755753","0.0625"
"2143755753","1882988315","0.0625"
"1882988315","2244533930","0.133929"
"2244533930","1882988315","0.133929"
"1882988315","2292568655","0.895833"
"2292568655","1882988315","0.895833"
"1882988315","2324966761","2.48512"
"2324966761","1882988315","2.48512"
"1882988315","2803774059","1.59226"
"2803774059","1882988315","1.59226"
"1882988315","993568417","1.35417"
"993568417","1882988315","1.35417"
"1927527721","1987012339","0.0625"
"1987012339","1927527721","0.0625"
"1927527721","1987132308","0.0625"
"1987132308","1927527721","0.0625"
"1927527721","2009548244","0.0625"
"2009548244","1927527721","0.0625"
"1927527721","2012335332","0.1875"
"2012335332","1927527721","0.1875"
"1927527721","2017520893","0.0625"
"2017520893","1927527721","0.0625"
"1927527721","2040644389","0.0625"
"2040644389","1927527721","0.0625"
"1927527721","2113523889","0.0625"
"2113523889","1927527721","0.0625"
"1927527721","2131645924","0.0625"
"2131645924","1927527721","0.0625"
"1927527721","2143755753","0.0625"
"2143755753","1927527721","0.0625"
"1927527721","2244533930","0.0625"
"2244533930","1927527721","0.0625"
"1927527721","2292568655","1.5625"
"2292568655","1927527721","1.5625"
"1927527721","2324966761","1.35417"
"2324966761","1927527721","1.35417"
"1927527721","2803774059","0.6875"
"2803774059","1927527721","0.6875"
"1927527721","993568417","0.354167"
"993568417","1927527721","0.354167"
"1987012339","2012335332","0.318056"
"2012335332","1987012339","0.318056"
"1987012339","2113523889","1.82361"
"2113523889","1987012339","1.82361"
"1987012339","2244533930","3.53869"
"2244533930","1987012339","3.53869"
"1987012339","2292568655","0.395833"
"2292568655","1987012339","0.395833"
"1987012339","2324966761","0.318056"
"2324966761","1987012339","0.318056"
"1987012339","993568417","0.0625"
"993568417","1987012339","0.0625"
"1987132308","2012335332","0.356151"
"2012335332","1987132308","0.356151"
"1987132308","2040644389","0.351389"
"2040644389","1987132308","0.351389"
"1987132308","2113523889","9.96171"
"2113523889","1987132308","9.96171"
"1987132308","2244533930","0.500595"
"2244533930","1987132308","0.500595"
"1987132308","2292568655","0.0625"
"2292568655","1987132308","0.0625"
"1987132308","2324966761","0.439484"
"2324966761","1987132308","0.439484"
"1987132308","993568417","0.0625"
"993568417","1987132308","0.0625"
"2009548244","2012335332","0.432352"
"2012335332","2009548244","0.432352"
"2009548244","2040644389","0.477652"
"2040644389","2009548244","0.477652"
"2009548244","2113523889","0.129167"
"2113523889","2009548244","0.129167"
"2009548244","2244533930","0.645833"
"2244533930","2009548244","0.645833"
"2009548244","2292568655","0.5625"
"2292568655","2009548244","0.5625"
"2009548244","2324966761","0.230332"
"2324966761","2009548244","0.230332"
"2009548244","993568417","0.0625"
"993568417","2009548244","0.0625"
"2012335332","2017520893","0.375631"
"2017520893","2012335332","0.375631"
"2012335332","2040644389","0.699874"
"2040644389","2012335332","0.699874"
"2012335332","2113523889","0.300595"
"2113523889","2012335332","0.300595"
"2012335332","2131645924","0.118056"
"2131645924","2012335332","0.118056"
"2012335332","2143755753","0.118056"
"2143755753","2012335332","0.118056"
"2012335332","2244533930","0.224838"
"2244533930","2012335332","0.224838"
"2012335332","2292568655","0.1875"
"2292568655","2012335332","0.1875"
"2012335332","2324966761","1.84823"
"2324966761","2012335332","1.84823"
"2012335332","2803774059","0.405393"
"2803774059","2012335332","0.405393"
"2012335332","993568417","0.0625"
"993568417","2012335332","0.0625"
"2017520893","2040644389","0.351389"
"2040644389","2017520893","0.351389"
"2017520893","2113523889","3.02361"
"2113523889","2017520893","3.02361"
"2017520893","2244533930","0.153409"
"2244533930","2017520893","0.153409"
"2017520893","2292568655","0.0625"
"2292568655","2017520893","0.0625"
"2017520893","2324966761","0.458965"
"2324966761","2017520893","0.458965"
"2017520893","993568417","0.0625"
"993568417","2017520893","0.0625"
"2040644389","2113523889","0.879167"
"2113523889","2040644389","0.879167"
"2040644389","2131645924","0.494246"
"2131645924","2040644389","0.494246"
"2040644389","2143755753","0.184722"
"2143755753","2040644389","0.184722"
"2040644389","2244533930","0.955357"
"2244533930","2040644389","0.955357"
"2040644389","2292568655","0.229167"
"2292568655","2040644389","0.229167"
"2040644389","2324966761","0.608965"
"2324966761","2040644389","0.608965"
"2040644389","2803774059","0.284722"
"2803774059","2040644389","0.284722"
"2040644389","993568417","0.0625"
"993568417","2040644389","0.0625"
"2113523889","2131645924","1.74028"
"2131645924","2113523889","1.74028"
"2113523889","2143755753","0.406944"
"2143755753","2113523889","0.406944"
"2113523889","2244533930","1.41726"
"2244533930","2113523889","1.41726"
"2113523889","2292568655","0.0625"
"2292568655","2113523889","0.0625"
"2113523889","2324966761","0.383929"
"2324966761","2113523889","0.383929"
"2113523889","2803774059","0.333929"
"2803774059","2113523889","0.333929"
"2113523889","993568417","0.0625"
"993568417","2113523889","0.0625"
"2131645924","2244533930","1.70536"
"2244533930","2131645924","1.70536"
"2131645924","2292568655","0.0625"
"2292568655","2131645924","0.0625"
"2131645924","2324966761","0.118056"
"2324966761","2131645924","0.118056"
"2131645924","993568417","0.0625"
"993568417","2131645924","0.0625"
"2143755753","2244533930","1.0625"
"2244533930","2143755753","1.0625"
"2143755753","2292568655","0.0625"
"2292568655","2143755753","0.0625"
"2143755753","2324966761","0.118056"
"2324966761","2143755753","0.118056"
"2143755753","993568417","0.0625"
"993568417","2143755753","0.0625"
"2244533930","2292568655","0.0625"
"2292568655","2244533930","0.0625"
"2244533930","2324966761","1.22484"
"2324966761","2244533930","1.22484"
"2244533930","2803774059","0.424838"
"2803774059","2244533930","0.424838"
"2244533930","993568417","0.0625"
"993568417","2244533930","0.0625"
"2292568655","2324966761","1.10417"
"2324966761","2292568655","1.10417"
"2292568655","2803774059","1.89583"
"2803774059","2292568655","1.89583"
"2292568655","993568417","0.1875"
"993568417","2292568655","0.1875"
"2324966761","2803774059","3.19706"
"2803774059","2324966761","3.19706"
"2324966761","993568417","0.354167"
"993568417","2324966761","0.354167"
"2803774059","993568417","0.1875"
"993568417","2803774059","0.1875"
"1487646289","2140412412","0.198413"
"2140412412","1487646289","0.198413"
"1987012339","2140412412","0.559524"
"2140412412","1987012339","0.559524"
"2017711438","2040644389","0.555988"
"2040644389","2017711438","0.555988"
"2017711438","2140412412","0.309524"
"2140412412","2017711438","0.309524"
"2017711438","2244533930","0.72619"
"2244533930","2017711438","0.72619"
"2037583279","2040644389","0.142857"
"2040644389","2037583279","0.142857"
"2037583279","2140412412","0.142857"
"2140412412","2037583279","0.142857"
"2037583279","2244533930","1.21429"
"2244533930","2037583279","1.21429"
"2040644389","2140412412","3.44841"
"2140412412","2040644389","3.44841"
"2131645924","2140412412","0.559524"
"2140412412","2131645924","0.559524"
"2140412412","2244533930","0.392857"
"2244533930","2140412412","0.392857"
"1487646289","1972291581","0.217893"
"1972291581","1487646289","0.217893"
"1487646289","2741926050","0.217893"
"2741926050","1487646289","0.217893"
"1607142717","1972291581","0.0909091"
"1972291581","1607142717","0.0909091"
"1607142717","2012335332","0.0909091"
"2012335332","1607142717","0.0909091"
"1607142717","2013272327","0.0909091"
"2013272327","1607142717","0.0909091"
"1607142717","2017520893","0.0909091"
"2017520893","1607142717","0.0909091"
"1607142717","2037247602","0.0909091"
"2037247602","1607142717","0.0909091"
"1607142717","2051983088","0.0909091"
"2051983088","1607142717","0.0909091"
"1607142717","2244533930","0.0909091"
"2244533930","1607142717","0.0909091"
"1607142717","2324966761","0.0909091"
"2324966761","1607142717","0.0909091"
"1607142717","2741926050","0.0909091"
"2741926050","1607142717","0.0909091"
"1607142717","2803774059","0.0909091"
"2803774059","1607142717","0.0909091"
"1972291581","2012335332","0.544816"
"2012335332","1972291581","0.544816"
"1972291581","2013272327","0.167832"
"2013272327","1972291581","0.167832"
"1972291581","2017520893","0.146465"
"2017520893","1972291581","0.146465"
"1972291581","2037247602","0.390054"
"2037247602","1972291581","0.390054"
"1972291581","2051983088","1.77742"
"2051983088","1972291581","1.77742"
"1972291581","2244533930","0.362338"
"2244533930","1972291581","0.362338"
"1972291581","2324966761","0.937673"
"2324966761","1972291581","0.937673"
"1972291581","2741926050","0.771007"
"2741926050","1972291581","0.771007"
"1972291581","2803774059","0.417893"
"2803774059","1972291581","0.417893"
"2012335332","2013272327","1.91076"
"2013272327","2012335332","1.91076"
"2012335332","2037247602","0.223388"
"2037247602","2012335332","0.223388"
"2012335332","2051983088","0.867893"
"2051983088","2012335332","0.867893"
"2012335332","2741926050","0.294816"
"2741926050","2012335332","0.294816"
"2013272327","2244533930","0.0909091"
"2244533930","2013272327","0.0909091"
"2013272327","2324966761","0.458741"
"2324966761","2013272327","0.458741"
"2013272327","2741926050","0.167832"
"2741926050","2013272327","0.167832"
"2017520893","2741926050","0.146465"
"2741926050","2017520893","0.146465"
"2037247602","2244533930","0.0909091"
"2244533930","2037247602","0.0909091"
"2037247602","2324966761","0.223388"
"2324966761","2037247602","0.223388"
"2037247602","2741926050","0.223388"
"2741926050","2037247602","0.223388"
"2051983088","2244533930","1.91234"
"2244533930","2051983088","1.91234"
"2051983088","2324966761","0.76075"
"2324966761","2051983088","0.76075"
"2051983088","2741926050","0.36075"
"2741926050","2051983088","0.36075"
"2244533930","2741926050","0.162338"
"2741926050","2244533930","0.162338"
"2324966761","2741926050","1.97934"
"2741926050","2324966761","1.97934"
"2741926050","2803774059","1.55123"
"2803774059","2741926050","1.55123"
"1916749713","1972291581","0.0555556"
"1972291581","1916749713","0.0555556"
"1916749713","1987132308","0.255556"
"1987132308","1916749713","0.255556"
"1916749713","2012335332","0.0555556"
"2012335332","1916749713","0.0555556"
"1916749713","2040644389","0.0555556"
"2040644389","1916749713","0.0555556"
"1916749713","2140412412","0.305556"
"2140412412","1916749713","0.305556"
"1916749713","2143755753","0.0555556"
"2143755753","1916749713","0.0555556"
"1916749713","2242530532","0.0555556"
"2242530532","1916749713","0.0555556"
"1916749713","2324966761","0.0555556"
"2324966761","1916749713","0.0555556"
"1916749713","2741926050","0.0555556"
"2741926050","1916749713","0.0555556"
"1916749713","2803774059","0.0555556"
"2803774059","1916749713","0.0555556"
"1972291581","1987012339","1.05556"
"1987012339","1972291581","1.05556"
"1972291581","1987132308","0.326984"
"1987132308","1972291581","0.326984"
"1972291581","2017711438","0.555556"
"2017711438","1972291581","0.555556"
"1972291581","2040644389","0.222222"
"2040644389","1972291581","0.222222"
"1972291581","2081378755","0.0555556"
"2081378755","1972291581","0.0555556"
"1972291581","2131645924","0.722222"
"2131645924","1972291581","0.722222"
"1972291581","2140412412","0.0555556"
"2140412412","1972291581","0.0555556"
"1972291581","2143755753","0.0555556"
"2143755753","1972291581","0.0555556"
"1972291581","2242530532","0.222222"
"2242530532","1972291581","0.222222"
"1987012339","2741926050","0.0555556"
"2741926050","1987012339","0.0555556"
"1987132308","2081378755","0.0555556"
"2081378755","1987132308","0.0555556"
"1987132308","2140412412","0.166667"
"2140412412","1987132308","0.166667"
"1987132308","2242530532","0.322222"
"2242530532","1987132308","0.322222"
"1987132308","2741926050","0.126984"
"2741926050","1987132308","0.126984"
"2012335332","2017711438","0.513131"
"2017711438","2012335332","0.513131"
"2012335332","2081378755","0.0555556"
"2081378755","2012335332","0.0555556"
"2012335332","2140412412","0.0555556"
"2140412412","2012335332","0.0555556"
"2012335332","2242530532","0.348485"
"2242530532","2012335332","0.348485"
"2017520893","2140412412","0.416667"
"2140412412","2017520893","0.416667"
"2017520893","2242530532","0.322222"
"2242530532","2017520893","0.322222"
"2017711438","2242530532","0.213131"
"2242530532","2017711438","0.213131"
"2017711438","2324966761","0.255556"
"2324966761","2017711438","0.255556"
"2017711438","2741926050","0.0555556"
"2741926050","2017711438","0.0555556"
"2037247602","2040644389","0.288889"
"2040644389","2037247602","0.288889"
"2037247602","2140412412","0.0555556"
"2140412412","2037247602","0.0555556"
"2037247602","2242530532","0.288889"
"2242530532","2037247602","0.288889"
"2040644389","2051983088","1.18889"
"2051983088","2040644389","1.18889"
"2040644389","2081378755","0.0555556"
"2081378755","2040644389","0.0555556"
"2040644389","2741926050","0.0555556"
"2741926050","2040644389","0.0555556"
"2051983088","2140412412","0.0555556"
"2140412412","2051983088","0.0555556"
"2051983088","2242530532","0.955556"
"2242530532","2051983088","0.955556"
"2081378755","2140412412","0.0555556"
"2140412412","2081378755","0.0555556"
"2081378755","2143755753","0.0555556"
"2143755753","2081378755","0.0555556"
"2081378755","2242530532","1.25556"
"2242530532","2081378755","1.25556"
"2081378755","2324966761","0.0555556"
"2324966761","2081378755","0.0555556"
"2081378755","2741926050","0.0555556"
"2741926050","2081378755","0.0555556"
"2081378755","2803774059","0.0555556"
"2803774059","2081378755","0.0555556"
"2131645924","2242530532","0.288889"
"2242530532","2131645924","0.288889"
"2131645924","2741926050","0.0555556"
"2741926050","2131645924","0.0555556"
"2140412412","2143755753","0.166667"
"2143755753","2140412412","0.166667"
"2140412412","2242530532","0.0555556"
"2242530532","2140412412","0.0555556"
"2140412412","2324966761","0.0555556"
"2324966761","2140412412","0.0555556"
"2140412412","2741926050","0.0555556"
"2741926050","2140412412","0.0555556"
"2140412412","2803774059","0.0555556"
"2803774059","2140412412","0.0555556"
"2143755753","2242530532","0.122222"
"2242530532","2143755753","0.122222"
"2143755753","2741926050","0.0555556"
"2741926050","2143755753","0.0555556"
"2242530532","2324966761","0.146465"
"2324966761","2242530532","0.146465"
"2242530532","2741926050","0.0555556"
"2741926050","2242530532","0.0555556"
"2242530532","2803774059","0.0555556"
"2803774059","2242530532","0.0555556"
"1487646289","1552311517","1.16667"
"1552311517","1487646289","1.16667"
"1552311517","1987012339","0.9"
"1987012339","1552311517","0.9"
"1552311517","1987132308","1.1"
"1987132308","1552311517","1.1"
"1552311517","2017520893","0.433333"
"2017520893","1552311517","0.433333"
"1552311517","2040644389","0.233333"
"2040644389","1552311517","0.233333"
"1552311517","2113523889","0.6"
"2113523889","1552311517","0.6"
"2051983088","2113523889","1.1381"
"2113523889","2051983088","1.1381"
"1487646289","2085063082","0.0714286"
"2085063082","1487646289","0.0714286"
"1487646289","2247838807","0.0714286"
"2247838807","1487646289","0.0714286"
"1487646289","2554401323","0.0714286"
"2554401323","1487646289","0.0714286"
"1882988315","1972291581","1.04762"
"1972291581","1882988315","1.04762"
"1882988315","2037583279","0.547619"
"2037583279","1882988315","0.547619"
"1882988315","2051983088","0.214286"
"2051983088","1882988315","0.214286"
"1882988315","2085063082","5.17262"
"2085063082","1882988315","5.17262"
"1882988315","2247838807","4.07143"
"2247838807","1882988315","4.07143"
"1882988315","2554401323","3.13095"
"2554401323","1882988315","3.13095"
"1882988315","2741926050","6.08929"
"2741926050","1882988315","6.08929"
"1972291581","2037583279","1.37454"
"2037583279","1972291581","1.37454"
"1972291581","2085063082","2.99762"
"2085063082","1972291581","2.99762"
"1972291581","2113523889","0.271429"
"2113523889","1972291581","0.271429"
"1972291581","2247838807","0.0714286"
"2247838807","1972291581","0.0714286"
"1972291581","2554401323","0.791209"
"2554401323","1972291581","0.791209"
"1987132308","2085063082","0.271429"
"2085063082","1987132308","0.271429"
"1987132308","2247838807","0.0714286"
"2247838807","1987132308","0.0714286"
"1987132308","2554401323","0.0714286"
"2554401323","1987132308","0.0714286"
"2012335332","2037583279","0.398352"
"2037583279","2012335332","0.398352"
"2012335332","2085063082","0.446429"
"2085063082","2012335332","0.446429"
"2012335332","2247838807","0.0714286"
"2247838807","2012335332","0.0714286"
"2012335332","2554401323","0.273352"
"2554401323","2012335332","0.273352"
"2037583279","2085063082","1.46429"
"2085063082","2037583279","1.46429"
"2037583279","2113523889","0.0714286"
"2113523889","2037583279","0.0714286"
"2037583279","2247838807","0.321429"
"2247838807","2037583279","0.321429"
"2037583279","2324966761","0.291209"
"2324966761","2037583279","0.291209"
"2037583279","2554401323","1.04121"
"2554401323","2037583279","1.04121"
"2037583279","2741926050","0.624542"
"2741926050","2037583279","0.624542"
"2051983088","2085063082","0.464286"
"2085063082","2051983088","0.464286"
"2051983088","2247838807","0.0714286"
"2247838807","2051983088","0.0714286"
"2051983088","2554401323","0.214286"
"2554401323","2051983088","0.214286"
"2085063082","2113523889","0.271429"
"2113523889","2085063082","0.271429"
"2085063082","2244533930","0.271429"
"2244533930","2085063082","0.271429"
"2085063082","2247838807","3.90476"
"2247838807","2085063082","3.90476"
"2085063082","2324966761","1.21429"
"2324966761","2085063082","1.21429"
"2085063082","2554401323","1.67262"
"2554401323","2085063082","1.67262"
"2085063082","2741926050","0.964286"
"2741926050","2085063082","0.964286"
"2085063082","2803774059","1.02143"
"2803774059","2085063082","1.02143"
"2113523889","2247838807","0.0714286"
"2247838807","2113523889","0.0714286"
"2113523889","2554401323","0.0714286"
"2554401323","2113523889","0.0714286"
"2113523889","2741926050","0.0714286"
"2741926050","2113523889","0.0714286"
"2244533930","2247838807","0.0714286"
"2247838807","2244533930","0.0714286"
"2244533930","2554401323","0.0714286"
"2554401323","2244533930","0.0714286"
"2247838807","2324966761","0.488095"
"2324966761","2247838807","0.488095"
"2247838807","2554401323","1.07143"
"2554401323","2247838807","1.07143"
"2247838807","2741926050","0.571429"
"2741926050","2247838807","0.571429"
"2247838807","2803774059","0.696429"
"2803774059","2247838807","0.696429"
"2324966761","2554401323","4.33288"
"2554401323","2324966761","4.33288"
"2554401323","2741926050","2.99954"
"2741926050","2554401323","2.99954"
"2554401323","2803774059","1.8631"
"2803774059","2554401323","1.8631"
"1498829414","1987132308","0.977778"
"1987132308","1498829414","0.977778"
"1498829414","2012335332","0.166667"
"2012335332","1498829414","0.166667"
"1498829414","2075938436","0.166667"
"2075938436","1498829414","0.166667"
"1498829414","2113523889","0.277778"
"2113523889","1498829414","0.277778"
"1987132308","2075938436","1.16667"
"2075938436","1987132308","1.16667"
"2012335332","2075938436","0.166667"
"2075938436","2012335332","0.166667"
"2017520893","2075938436","0.166667"
"2075938436","2017520893","0.166667"
"2017711438","2075938436","0.166667"
"2075938436","2017711438","0.166667"
"2017711438","2113523889","0.344444"
"2113523889","2017711438","0.344444"
"2075938436","2113523889","0.166667"
"2113523889","2075938436","0.166667"
"1498829414","1550026455","0.611111"
"1550026455","1498829414","0.611111"
"1550026455","2017520893","0.877778"
"2017520893","1550026455","0.877778"
"1498829414","1560329957","1.08333"
"1560329957","1498829414","1.08333"
"1560329957","2017520893","0.583333"
"2017520893","1560329957","0.583333"
"1560329957","2017711438","0.25"
"2017711438","1560329957","0.25"
"1560329957","2131645924","0.75"
"2131645924","1560329957","0.75"
"1498829414","1592827165","0.2"
"1592827165","1498829414","0.2"
"1592827165","1916749713","0.2"
"1916749713","1592827165","0.2"
"1592827165","1987132308","0.2"
"1987132308","1592827165","0.2"
"1592827165","2017520893","0.2"
"2017520893","1592827165","0.2"
"1592827165","2131645924","0.7"
"2131645924","1592827165","0.7"
"1560329957","1916749713","0.833333"
"1916749713","1560329957","0.833333"
"1498829414","2140412412","0.361111"
"2140412412","1498829414","0.361111"
"1498829414","2143755753","0.111111"
"2143755753","1498829414","0.111111"
"1550026455","1987012339","0.177778"
"1987012339","1550026455","0.177778"
"1550026455","1987132308","3.37778"
"1987132308","1550026455","3.37778"
"1550026455","2017711438","0.177778"
"2017711438","1550026455","0.177778"
"1550026455","2113523889","0.377778"
"2113523889","1550026455","0.377778"
"1550026455","2131645924","1.17778"
"2131645924","1550026455","1.17778"
"1550026455","2140412412","0.111111"
"2140412412","1550026455","0.111111"
"1550026455","2143755753","0.177778"
"2143755753","1550026455","0.177778"
"2113523889","2140412412","0.361111"
"2140412412","2113523889","0.361111"
"1529455481","2017711438","0.25"
"2017711438","1529455481","0.25"
"1529455481","2051983088","0.25"
"2051983088","1529455481","0.25"
"1529455481","2131645924","0.25"
"2131645924","1529455481","0.25"
"1529455481","2244533930","0.25"
"2244533930","1529455481","0.25"
"1529455481","1972291581","1.07692"
"1972291581","1529455481","1.07692"
"1529455481","1997100597","0.0769231"
"1997100597","1529455481","0.0769231"
"1529455481","2009548244","0.0769231"
"2009548244","1529455481","0.0769231"
"1529455481","2012335332","0.0769231"
"2012335332","1529455481","0.0769231"
"1529455481","2013272327","0.0769231"
"2013272327","1529455481","0.0769231"
"1529455481","2037247602","0.0769231"
"2037247602","1529455481","0.0769231"
"1529455481","2037583279","0.0769231"
"2037583279","1529455481","0.0769231"
"1529455481","2175380537","0.0769231"
"2175380537","1529455481","0.0769231"
"1529455481","2324966761","0.0769231"
"2324966761","1529455481","0.0769231"
"1529455481","2554401323","0.0769231"
"2554401323","1529455481","0.0769231"
"1529455481","2741926050","0.0769231"
"2741926050","1529455481","0.0769231"
"1529455481","2804746971","0.0769231"
"2804746971","1529455481","0.0769231"
"1529455481","405438555","0.0769231"
"405438555","1529455481","0.0769231"
"1972291581","1997100597","0.0769231"
"1997100597","1972291581","0.0769231"
"1972291581","2009548244","0.0769231"
"2009548244","1972291581","0.0769231"
"1972291581","2175380537","0.0769231"
"2175380537","1972291581","0.0769231"
"1972291581","2804746971","0.0769231"
"2804746971","1972291581","0.0769231"
"1972291581","405438555","0.0769231"
"405438555","1972291581","0.0769231"
"1997100597","2009548244","2.11985"
"2009548244","1997100597","2.11985"
"1997100597","2012335332","1.61985"
"2012335332","1997100597","1.61985"
"1997100597","2013272327","3.36985"
"2013272327","1997100597","3.36985"
"1997100597","2037247602","0.0769231"
"2037247602","1997100597","0.0769231"
"1997100597","2037583279","0.0769231"
"2037583279","1997100597","0.0769231"
"1997100597","2175380537","0.0769231"
"2175380537","1997100597","0.0769231"
"1997100597","2324966761","0.167832"
"2324966761","1997100597","0.167832"
"1997100597","2554401323","0.0769231"
"2554401323","1997100597","0.0769231"
"1997100597","2741926050","0.0769231"
"2741926050","1997100597","0.0769231"
"1997100597","2804746971","0.167832"
"2804746971","1997100597","0.167832"
"1997100597","405438555","2.03652"
"405438555","1997100597","2.03652"
"2009548244","2175380537","0.0769231"
"2175380537","2009548244","0.0769231"
"2009548244","2554401323","0.0769231"
"2554401323","2009548244","0.0769231"
"2009548244","2741926050","0.0769231"
"2741926050","2009548244","0.0769231"
"2009548244","2804746971","0.167832"
"2804746971","2009548244","0.167832"
"2009548244","405438555","0.953186"
"405438555","2009548244","0.953186"
"2012335332","2175380537","0.0769231"
"2175380537","2012335332","0.0769231"
"2012335332","2804746971","0.292832"
"2804746971","2012335332","0.292832"
"2012335332","405438555","0.619852"
"405438555","2012335332","0.619852"
"2013272327","2175380537","0.0769231"
"2175380537","2013272327","0.0769231"
"2013272327","2554401323","0.0769231"
"2554401323","2013272327","0.0769231"
"2013272327","2804746971","0.167832"
"2804746971","2013272327","0.167832"
"2013272327","405438555","2.03652"
"405438555","2013272327","2.03652"
"2037247602","2175380537","0.0769231"
"2175380537","2037247602","0.0769231"
"2037247602","2554401323","0.0769231"
"2554401323","2037247602","0.0769231"
"2037247602","2804746971","0.0769231"
"2804746971","2037247602","0.0769231"
"2037247602","405438555","0.0769231"
"405438555","2037247602","0.0769231"
"2037583279","2175380537","0.0769231"
"2175380537","2037583279","0.0769231"
"2037583279","2804746971","0.326923"
"2804746971","2037583279","0.326923"
"2037583279","405438555","0.0769231"
"405438555","2037583279","0.0769231"
"2175380537","2324966761","0.0769231"
"2324966761","2175380537","0.0769231"
"2175380537","2554401323","0.0769231"
"2554401323","2175380537","0.0769231"
"2175380537","2741926050","0.0769231"
"2741926050","2175380537","0.0769231"
"2175380537","2804746971","0.0769231"
"2804746971","2175380537","0.0769231"
"2175380537","405438555","0.0769231"
"405438555","2175380537","0.0769231"
"2324966761","2804746971","1.37617"
"2804746971","2324966761","1.37617"
"2324966761","405438555","0.167832"
"405438555","2324966761","0.167832"
"2554401323","2804746971","1.82692"
"2804746971","2554401323","1.82692"
"2554401323","405438555","0.0769231"
"405438555","2554401323","0.0769231"
"2741926050","2804746971","1.45192"
"2804746971","2741926050","1.45192"
"2741926050","405438555","0.0769231"
"405438555","2741926050","0.0769231"
"2804746971","405438555","0.167832"
"405438555","2804746971","0.167832"
"1534520523","1592827165","1.33333"
"1592827165","1534520523","1.33333"
"1534520523","2242530532","0.5"
"2242530532","1534520523","0.5"
"1534520523","2039647679","0.5"
"2039647679","1534520523","0.5"
"2039647679","2081378755","0.75"
"2081378755","2039647679","0.75"
"1534520523","1982692614","0.75"
"1982692614","1534520523","0.75"
"1982692614","2081378755","0.95"
"2081378755","1982692614","0.95"
"1534520523","563925267","0.75"
"563925267","1534520523","0.75"
"1982692614","2074225283","7.15202"
"2074225283","1982692614","7.15202"
"1982692614","563925267","2.81869"
"563925267","1982692614","2.81869"
"2074225283","563925267","1.31869"
"563925267","2074225283","1.31869"
"2081378755","563925267","0.95"
"563925267","2081378755","0.95"
"1534520523","1560329957","0.333333"
"1560329957","1534520523","0.333333"
"1560329957","1592827165","13.8333"
"1592827165","1560329957","13.8333"
"1560329957","2081378755","0.333333"
"2081378755","1560329957","0.333333"
"1592827165","2081378755","0.333333"
"2081378755","1592827165","0.333333"
"1550026455","1552311517","0.266667"
"1552311517","1550026455","0.266667"
"1550026455","2242530532","0.266667"
"2242530532","1550026455","0.266667"
"1552311517","2242530532","0.266667"
"2242530532","1552311517","0.266667"
"2113523889","2242530532","1.1"
"2242530532","2113523889","1.1"
"1550026455","1982692614","0.5"
"1982692614","1550026455","0.5"
"1550026455","563925267","0.566667"
"563925267","1550026455","0.566667"
