"1479667251","165498928","3.26515"
"165498928","1479667251","3.26515"
"1479667251","176799771","2.21515"
"176799771","1479667251","2.21515"
"1479667251","2023613961","6.35682"
"2023613961","1479667251","6.35682"
"1479667251","2072712784","6.22348"
"2072712784","1479667251","6.22348"
"1479667251","2146717104","0.257576"
"2146717104","1479667251","0.257576"
"1479667251","2740647190","0.257576"
"2740647190","1479667251","0.257576"
"165498928","176799771","1.58182"
"176799771","165498928","1.58182"
"165498928","2023613961","2.64196"
"2023613961","165498928","2.64196"
"165498928","2072712784","2.84196"
"2072712784","165498928","2.84196"
"165498928","2146717104","0.301054"
"2146717104","165498928","0.301054"
"165498928","2740647190","0.301054"
"2740647190","165498928","0.301054"
"176799771","2023613961","4.74848"
"2023613961","176799771","4.74848"
"176799771","2072712784","3.41515"
"2072712784","176799771","3.41515"
"176799771","2146717104","0.257576"
"2146717104","176799771","0.257576"
"176799771","2740647190","0.257576"
"2740647190","176799771","0.257576"
"2023613961","2072712784","7.6003"
"2072712784","2023613961","7.6003"
"2023613961","2146717104","0.301054"
"2146717104","2023613961","0.301054"
"2023613961","2740647190","0.301054"
"2740647190","2023613961","0.301054"
"2072712784","2146717104","0.301054"
"2146717104","2072712784","0.301054"
"2072712784","2740647190","0.301054"
"2740647190","2072712784","0.301054"
"2146717104","2740647190","2.13439"
"2740647190","2146717104","2.13439"
"1479667251","1504598460","0.715909"
"1504598460","1479667251","0.715909"
"1504598460","176799771","0.590909"
"176799771","1504598460","0.590909"
"1504598460","2023613961","0.715909"
"2023613961","1504598460","0.715909"
"1504598460","2072712784","0.715909"
"2072712784","1504598460","0.715909"
"1479667251","2152197002","0.874242"
"2152197002","1479667251","0.874242"
"165498928","2152197002","0.740909"
"2152197002","165498928","0.740909"
"176799771","2152197002","2.82424"
"2152197002","176799771","2.82424"
"2023613961","2152197002","6.32424"
"2152197002","2023613961","6.32424"
"2072712784","2152197002","1.74091"
"2152197002","2072712784","1.74091"
"1479667251","1587500748","0.0909091"
"1587500748","1479667251","0.0909091"
"1479667251","1972709099","0.0909091"
"1972709099","1479667251","0.0909091"
"1479667251","197400963","0.0909091"
"197400963","1479667251","0.0909091"
"1479667251","2003745618","0.0909091"
"2003745618","1479667251","0.0909091"
"1479667251","2072840758","0.0909091"
"2072840758","1479667251","0.0909091"
"1479667251","2164619507","0.390909"
"2164619507","1479667251","0.390909"
"1479667251","2165371925","0.0909091"
"2165371925","1479667251","0.0909091"
"1587500748","165498928","0.134387"
"165498928","1587500748","0.134387"
"1587500748","176799771","0.0909091"
"176799771","1587500748","0.0909091"
"1587500748","1972709099","0.134387"
"1972709099","1587500748","0.134387"
"1587500748","197400963","0.549242"
"197400963","1587500748","0.549242"
"1587500748","2003745618","0.549242"
"2003745618","1587500748","0.549242"
"1587500748","2023613961","0.134387"
"2023613961","1587500748","0.134387"
"1587500748","2072712784","0.134387"
"2072712784","1587500748","0.134387"
"1587500748","2072840758","0.549242"
"2072840758","1587500748","0.549242"
"1587500748","2164619507","0.134387"
"2164619507","1587500748","0.134387"
"1587500748","2165371925","17.5927"
"2165371925","1587500748","17.5927"
"165498928","1972709099","0.134387"
"1972709099","165498928","0.134387"
"165498928","197400963","0.0909091"
"197400963","165498928","0.0909091"
"165498928","2003745618","0.0909091"
"2003745618","165498928","0.0909091"
"165498928","2072840758","0.0909091"
"2072840758","165498928","0.0909091"
"165498928","2164619507","0.434387"
"2164619507","165498928","0.434387"
"165498928","2165371925","0.134387"
"2165371925","165498928","0.134387"
"176799771","1972709099","0.0909091"
"1972709099","176799771","0.0909091"
"176799771","197400963","0.290909"
"197400963","176799771","0.290909"
"176799771","2003745618","0.290909"
"2003745618","176799771","0.290909"
"176799771","2072840758","0.0909091"
"2072840758","176799771","0.0909091"
"176799771","2164619507","0.0909091"
"2164619507","176799771","0.0909091"
"176799771","2165371925","0.0909091"
"2165371925","176799771","0.0909091"
"1972709099","197400963","0.0909091"
"197400963","1972709099","0.0909091"
"1972709099","2003745618","0.0909091"
"2003745618","1972709099","0.0909091"
"1972709099","2023613961","0.134387"
"2023613961","1972709099","0.134387"
"1972709099","2072712784","0.134387"
"2072712784","1972709099","0.134387"
"1972709099","2072840758","0.0909091"
"2072840758","1972709099","0.0909091"
"1972709099","2164619507","0.134387"
"2164619507","1972709099","0.134387"
"1972709099","2165371925","0.134387"
"2165371925","1972709099","0.134387"
"197400963","2003745618","5.74283"
"2003745618","197400963","5.74283"
"197400963","2023613961","0.215909"
"2023613961","197400963","0.215909"
"197400963","2072712784","0.0909091"
"2072712784","197400963","0.0909091"
"197400963","2072840758","9.66783"
"2072840758","197400963","9.66783"
"197400963","2164619507","0.0909091"
"2164619507","197400963","0.0909091"
"197400963","2165371925","0.549242"
"2165371925","197400963","0.549242"
"2003745618","2023613961","0.0909091"
"2023613961","2003745618","0.0909091"
"2003745618","2072712784","0.0909091"
"2072712784","2003745618","0.0909091"
"2003745618","2072840758","8.24283"
"2072840758","2003745618","8.24283"
"2003745618","2164619507","0.0909091"
"2164619507","2003745618","0.0909091"
"2003745618","2165371925","0.549242"
"2165371925","2003745618","0.549242"
"2023613961","2072840758","0.465909"
"2072840758","2023613961","0.465909"
"2023613961","2164619507","0.484387"
"2164619507","2023613961","0.484387"
"2023613961","2165371925","0.134387"
"2165371925","2023613961","0.134387"
"2072712784","2072840758","0.0909091"
"2072840758","2072712784","0.0909091"
"2072712784","2164619507","0.434387"
"2164619507","2072712784","0.434387"
"2072712784","2165371925","0.134387"
"2165371925","2072712784","0.134387"
"2072840758","2164619507","0.0909091"
"2164619507","2072840758","0.0909091"
"2072840758","2165371925","0.549242"
"2165371925","2072840758","0.549242"
"2164619507","2165371925","0.134387"
"2165371925","2164619507","0.134387"
"1479667251","2031317221","1.225"
"2031317221","1479667251","1.225"
"1479667251","1978063867","0.2"
"1978063867","1479667251","0.2"
"1479667251","1987567938","0.425"
"1987567938","1479667251","0.425"
"165498928","1978063867","0.576812"
"1978063867","165498928","0.576812"
"165498928","1987567938","0.3"
"1987567938","165498928","0.3"
"1978063867","1987567938","0.4"
"1987567938","1978063867","0.4"
"1978063867","2072712784","0.243478"
"2072712784","1978063867","0.243478"
"1978063867","2164619507","0.443478"
"2164619507","1978063867","0.443478"
"1987567938","2072712784","0.425"
"2072712784","1987567938","0.425"
"1987567938","2164619507","1.5"
"2164619507","1987567938","1.5"
"1479667251","1845288309","0.1"
"1845288309","1479667251","0.1"
"1479667251","2027526469","0.225"
"2027526469","1479667251","0.225"
"1479667251","2086391928","0.1"
"2086391928","1479667251","0.1"
"1479667251","2162027163","0.225"
"2162027163","1479667251","0.225"
"165498928","1845288309","0.143478"
"1845288309","165498928","0.143478"
"165498928","2027526469","0.143478"
"2027526469","165498928","0.143478"
"165498928","2031317221","0.143478"
"2031317221","165498928","0.143478"
"165498928","2086391928","0.143478"
"2086391928","165498928","0.143478"
"165498928","2162027163","0.143478"
"2162027163","165498928","0.143478"
"1845288309","1987567938","0.3"
"1987567938","1845288309","0.3"
"1845288309","2023613961","0.268478"
"2023613961","1845288309","0.268478"
"1845288309","2027526469","0.345401"
"2027526469","1845288309","0.345401"
"1845288309","2031317221","0.345401"
"2031317221","1845288309","0.345401"
"1845288309","2072712784","0.143478"
"2072712784","1845288309","0.143478"
"1845288309","2086391928","8.80181"
"2086391928","1845288309","8.80181"
"1845288309","2162027163","4.5454"
"2162027163","1845288309","4.5454"
"1845288309","2164619507","2.84348"
"2164619507","1845288309","2.84348"
"1987567938","2023613961","0.225"
"2023613961","1987567938","0.225"
"1987567938","2027526469","0.225"
"2027526469","1987567938","0.225"
"1987567938","2031317221","0.225"
"2031317221","1987567938","0.225"
"1987567938","2086391928","0.3"
"2086391928","1987567938","0.3"
"1987567938","2162027163","0.425"
"2162027163","1987567938","0.425"
"2023613961","2027526469","1.14348"
"2027526469","2023613961","1.14348"
"2023613961","2031317221","1.64348"
"2031317221","2023613961","1.64348"
"2023613961","2086391928","0.268478"
"2086391928","2023613961","0.268478"
"2023613961","2162027163","0.393478"
"2162027163","2023613961","0.393478"
"2027526469","2031317221","4.75373"
"2031317221","2027526469","4.75373"
"2027526469","2072712784","0.268478"
"2072712784","2027526469","0.268478"
"2027526469","2086391928","0.268478"
"2086391928","2027526469","0.268478"
"2027526469","2162027163","0.470401"
"2162027163","2027526469","0.470401"
"2027526469","2164619507","0.393478"
"2164619507","2027526469","0.393478"
"2031317221","2072712784","0.268478"
"2072712784","2031317221","0.268478"
"2031317221","2086391928","0.268478"
"2086391928","2031317221","0.268478"
"2031317221","2162027163","0.595401"
"2162027163","2031317221","0.595401"
"2031317221","2164619507","0.393478"
"2164619507","2031317221","0.393478"
"2072712784","2086391928","0.143478"
"2086391928","2072712784","0.143478"
"2072712784","2162027163","0.268478"
"2162027163","2072712784","0.268478"
"2086391928","2162027163","3.46848"
"2162027163","2086391928","3.46848"
"2086391928","2164619507","0.843478"
"2164619507","2086391928","0.843478"
"2162027163","2164619507","1.34348"
"2164619507","2162027163","1.34348"
"1479667251","1555474482","0.0909091"
"1555474482","1479667251","0.0909091"
"1479667251","2086751477","0.0909091"
"2086751477","1479667251","0.0909091"
"1479667251","2770576712","0.0909091"
"2770576712","1479667251","0.0909091"
"1504598460","1555474482","0.0909091"
"1555474482","1504598460","0.0909091"
"1504598460","165498928","0.0909091"
"165498928","1504598460","0.0909091"
"1504598460","2086751477","3.17424"
"2086751477","1504598460","3.17424"
"1504598460","2146717104","2.42424"
"2146717104","1504598460","2.42424"
"1504598460","2152197002","0.0909091"
"2152197002","1504598460","0.0909091"
"1504598460","2740647190","1.92424"
"2740647190","1504598460","1.92424"
"1504598460","2770576712","0.0909091"
"2770576712","1504598460","0.0909091"
"1555474482","165498928","0.0909091"
"165498928","1555474482","0.0909091"
"1555474482","176799771","0.0909091"
"176799771","1555474482","0.0909091"
"1555474482","2023613961","0.0909091"
"2023613961","1555474482","0.0909091"
"1555474482","2072712784","0.0909091"
"2072712784","1555474482","0.0909091"
"1555474482","2086751477","0.0909091"
"2086751477","1555474482","0.0909091"
"1555474482","2146717104","0.0909091"
"2146717104","1555474482","0.0909091"
"1555474482","2152197002","0.0909091"
"2152197002","1555474482","0.0909091"
"1555474482","2740647190","0.0909091"
"2740647190","1555474482","0.0909091"
"1555474482","2770576712","0.0909091"
"2770576712","1555474482","0.0909091"
"165498928","2086751477","0.134387"
"2086751477","165498928","0.134387"
"165498928","2770576712","0.0909091"
"2770576712","165498928","0.0909091"
"176799771","2086751477","0.0909091"
"2086751477","176799771","0.0909091"
"176799771","2770576712","0.0909091"
"2770576712","176799771","0.0909091"
"2023613961","2086751477","0.384387"
"2086751477","2023613961","0.384387"
"2023613961","2770576712","0.0909091"
"2770576712","2023613961","0.0909091"
"2072712784","2086751477","0.134387"
"2086751477","2072712784","0.134387"
"2072712784","2770576712","0.0909091"
"2770576712","2072712784","0.0909091"
"2086751477","2146717104","1.21772"
"2146717104","2086751477","1.21772"
"2086751477","2152197002","0.340909"
"2152197002","2086751477","0.340909"
"2086751477","2740647190","1.21772"
"2740647190","2086751477","1.21772"
"2086751477","2770576712","0.0909091"
"2770576712","2086751477","0.0909091"
"2146717104","2152197002","0.0909091"
"2152197002","2146717104","0.0909091"
"2146717104","2770576712","0.0909091"
"2770576712","2146717104","0.0909091"
"2152197002","2740647190","0.0909091"
"2740647190","2152197002","0.0909091"
"2152197002","2770576712","0.0909091"
"2770576712","2152197002","0.0909091"
"2740647190","2770576712","0.0909091"
"2770576712","2740647190","0.0909091"
"1479667251","1546738280","0.125"
"1546738280","1479667251","0.125"
"1504598460","1546738280","0.125"
"1546738280","1504598460","0.125"
"1504598460","1987567938","0.125"
"1987567938","1504598460","0.125"
"1504598460","2027526469","0.375"
"2027526469","1504598460","0.375"
"1504598460","2031317221","1.625"
"2031317221","1504598460","1.625"
"1504598460","2162027163","0.125"
"2162027163","1504598460","0.125"
"1546738280","1987567938","1.125"
"1987567938","1546738280","1.125"
"1546738280","2023613961","0.168478"
"2023613961","1546738280","0.168478"
"1546738280","2027526469","0.168478"
"2027526469","1546738280","0.168478"
"1546738280","2031317221","0.168478"
"2031317221","1546738280","0.168478"
"1546738280","2072712784","1.16848"
"2072712784","1546738280","1.16848"
"1546738280","2162027163","0.168478"
"2162027163","1546738280","0.168478"
"1497108447","1546994288","1"
"1546994288","1497108447","1"
"1497108447","2019848184","1"
"2019848184","1497108447","1"
"1497108447","197093853","1"
"197093853","1497108447","1"
"1504598460","2131599243","1.25"
"2131599243","1504598460","1.25"
"2031317221","2146717104","0.543478"
"2146717104","2031317221","0.543478"
"1504598460","197400963","0.166667"
"197400963","1504598460","0.166667"
"1504598460","2011265791","0.166667"
"2011265791","1504598460","0.166667"
"1504598460","2052398840","0.166667"
"2052398840","1504598460","0.166667"
"197400963","2011265791","6.31859"
"2011265791","197400963","6.31859"
"197400963","2052398840","0.49359"
"2052398840","197400963","0.49359"
"197400963","2086751477","0.166667"
"2086751477","197400963","0.166667"
"197400963","2146717104","0.166667"
"2146717104","197400963","0.166667"
"197400963","2740647190","0.166667"
"2740647190","197400963","0.166667"
"2011265791","2052398840","0.36859"
"2052398840","2011265791","0.36859"
"2011265791","2086751477","0.166667"
"2086751477","2011265791","0.166667"
"2011265791","2146717104","0.166667"
"2146717104","2011265791","0.166667"
"2011265791","2740647190","0.166667"
"2740647190","2011265791","0.166667"
"2052398840","2086751477","0.166667"
"2086751477","2052398840","0.166667"
"2052398840","2146717104","0.166667"
"2146717104","2052398840","0.166667"
"2052398840","2740647190","0.166667"
"2740647190","2052398840","0.166667"
"1504598460","1978063867","0.25"
"1978063867","1504598460","0.25"
"1978063867","2027526469","1.3704"
"2027526469","1978063867","1.3704"
"1978063867","2146717104","0.293478"
"2146717104","1978063867","0.293478"
"1978063867","2740647190","0.293478"
"2740647190","1978063867","0.293478"
"2027526469","2146717104","0.293478"
"2146717104","2027526469","0.293478"
"2027526469","2740647190","0.293478"
"2740647190","2027526469","0.293478"
"2086751477","2131599243","0.293478"
"2131599243","2086751477","0.293478"
"2131599243","2146717104","0.293478"
"2146717104","2131599243","0.293478"
"2131599243","2740647190","0.293478"
"2740647190","2131599243","0.293478"
"1546738280","2019848184","4"
"2019848184","1546738280","4"
"1987567938","2019848184","0.5"
"2019848184","1987567938","0.5"
"1546738280","1546994288","13.8768"
"1546994288","1546738280","13.8768"
"1546994288","2019848184","12"
"2019848184","1546994288","12"
"1546738280","1587500748","0.0434783"
"1587500748","1546738280","0.0434783"
"1546738280","165498928","0.376812"
"165498928","1546738280","0.376812"
"1546738280","1845288309","0.0434783"
"1845288309","1546738280","0.0434783"
"1546738280","1854325203","0.0434783"
"1854325203","1546738280","0.0434783"
"1546738280","1972709099","0.0434783"
"1972709099","1546738280","0.0434783"
"1546738280","1978063867","0.876812"
"1978063867","1546738280","0.876812"
"1546738280","1984349431","0.0434783"
"1984349431","1546738280","0.0434783"
"1546738280","2033009633","0.0434783"
"2033009633","1546738280","0.0434783"
"1546738280","2086391928","0.0434783"
"2086391928","1546738280","0.0434783"
"1546738280","2086751477","0.0434783"
"2086751477","1546738280","0.0434783"
"1546738280","2101069192","0.0434783"
"2101069192","1546738280","0.0434783"
"1546738280","2128069491","0.0434783"
"2128069491","1546738280","0.0434783"
"1546738280","2131599243","0.0434783"
"2131599243","1546738280","0.0434783"
"1546738280","2146717104","0.0434783"
"2146717104","1546738280","0.0434783"
"1546738280","2164619507","0.0434783"
"2164619507","1546738280","0.0434783"
"1546738280","2165371925","0.0434783"
"2165371925","1546738280","0.0434783"
"1546738280","2740647190","0.0434783"
"2740647190","1546738280","0.0434783"
"1546994288","1587500748","0.0434783"
"1587500748","1546994288","0.0434783"
"1546994288","165498928","0.376812"
"165498928","1546994288","0.376812"
"1546994288","1845288309","0.0434783"
"1845288309","1546994288","0.0434783"
"1546994288","1854325203","0.0434783"
"1854325203","1546994288","0.0434783"
"1546994288","1972709099","0.0434783"
"1972709099","1546994288","0.0434783"
"1546994288","1978063867","2.37681"
"1978063867","1546994288","2.37681"
"1546994288","1984349431","0.0434783"
"1984349431","1546994288","0.0434783"
"1546994288","2023613961","0.0434783"
"2023613961","1546994288","0.0434783"
"1546994288","2027526469","0.0434783"
"2027526469","1546994288","0.0434783"
"1546994288","2031317221","0.0434783"
"2031317221","1546994288","0.0434783"
"1546994288","2033009633","0.0434783"
"2033009633","1546994288","0.0434783"
"1546994288","2072712784","0.0434783"
"2072712784","1546994288","0.0434783"
"1546994288","2086391928","0.0434783"
"2086391928","1546994288","0.0434783"
"1546994288","2086751477","0.0434783"
"2086751477","1546994288","0.0434783"
"1546994288","2101069192","0.0434783"
"2101069192","1546994288","0.0434783"
"1546994288","2128069491","0.0434783"
"2128069491","1546994288","0.0434783"
"1546994288","2131599243","0.0434783"
"2131599243","1546994288","0.0434783"
"1546994288","2146717104","0.0434783"
"2146717104","1546994288","0.0434783"
"1546994288","2162027163","0.0434783"
"2162027163","1546994288","0.0434783"
"1546994288","2164619507","0.0434783"
"2164619507","1546994288","0.0434783"
"1546994288","2165371925","0.0434783"
"2165371925","1546994288","0.0434783"
"1546994288","2740647190","0.0434783"
"2740647190","1546994288","0.0434783"
"1587500748","1845288309","0.0434783"
"1845288309","1587500748","0.0434783"
"1587500748","1854325203","0.0434783"
"1854325203","1587500748","0.0434783"
"1587500748","1978063867","0.0434783"
"1978063867","1587500748","0.0434783"
"1587500748","1984349431","0.0434783"
"1984349431","1587500748","0.0434783"
"1587500748","2027526469","0.0434783"
"2027526469","1587500748","0.0434783"
"1587500748","2031317221","0.668478"
"2031317221","1587500748","0.668478"
"1587500748","2033009633","0.0434783"
"2033009633","1587500748","0.0434783"
"1587500748","2086391928","0.0434783"
"2086391928","1587500748","0.0434783"
"1587500748","2086751477","0.0434783"
"2086751477","1587500748","0.0434783"
"1587500748","2101069192","0.876812"
"2101069192","1587500748","0.876812"
"1587500748","2128069491","0.210145"
"2128069491","1587500748","0.210145"
"1587500748","2131599243","0.0434783"
"2131599243","1587500748","0.0434783"
"1587500748","2146717104","0.0434783"
"2146717104","1587500748","0.0434783"
"1587500748","2162027163","0.168478"
"2162027163","1587500748","0.168478"
"1587500748","2740647190","0.0434783"
"2740647190","1587500748","0.0434783"
"165498928","1854325203","0.243478"
"1854325203","165498928","0.243478"
"165498928","1984349431","0.0434783"
"1984349431","165498928","0.0434783"
"165498928","2033009633","0.0434783"
"2033009633","165498928","0.0434783"
"165498928","2101069192","0.0434783"
"2101069192","165498928","0.0434783"
"165498928","2128069491","0.0434783"
"2128069491","165498928","0.0434783"
"165498928","2131599243","0.0434783"
"2131599243","165498928","0.0434783"
"1845288309","1854325203","0.0434783"
"1854325203","1845288309","0.0434783"
"1845288309","1972709099","0.0434783"
"1972709099","1845288309","0.0434783"
"1845288309","1978063867","0.653735"
"1978063867","1845288309","0.653735"
"1845288309","1984349431","0.0434783"
"1984349431","1845288309","0.0434783"
"1845288309","2033009633","0.0434783"
"2033009633","1845288309","0.0434783"
"1845288309","2086751477","0.0434783"
"2086751477","1845288309","0.0434783"
"1845288309","2101069192","0.0434783"
"2101069192","1845288309","0.0434783"
"1845288309","2128069491","0.0434783"
"2128069491","1845288309","0.0434783"
"1845288309","2131599243","0.376812"
"2131599243","1845288309","0.376812"
"1845288309","2146717104","0.0434783"
"2146717104","1845288309","0.0434783"
"1845288309","2165371925","0.0434783"
"2165371925","1845288309","0.0434783"
"1845288309","2740647190","0.0434783"
"2740647190","1845288309","0.0434783"
"1854325203","1972709099","0.0434783"
"1972709099","1854325203","0.0434783"
"1854325203","1978063867","0.0434783"
"1978063867","1854325203","0.0434783"
"1854325203","1984349431","0.0434783"
"1984349431","1854325203","0.0434783"
"1854325203","2023613961","0.243478"
"2023613961","1854325203","0.243478"
"1854325203","2027526469","0.0434783"
"2027526469","1854325203","0.0434783"
"1854325203","2031317221","0.0434783"
"2031317221","1854325203","0.0434783"
"1854325203","2033009633","0.0434783"
"2033009633","1854325203","0.0434783"
"1854325203","2072712784","0.243478"
"2072712784","1854325203","0.243478"
"1854325203","2086391928","0.0434783"
"2086391928","1854325203","0.0434783"
"1854325203","2086751477","0.0434783"
"2086751477","1854325203","0.0434783"
"1854325203","2101069192","0.0434783"
"2101069192","1854325203","0.0434783"
"1854325203","2128069491","0.0434783"
"2128069491","1854325203","0.0434783"
"1854325203","2131599243","0.0434783"
"2131599243","1854325203","0.0434783"
"1854325203","2146717104","0.0434783"
"2146717104","1854325203","0.0434783"
"1854325203","2162027163","0.0434783"
"2162027163","1854325203","0.0434783"
"1854325203","2164619507","0.0434783"
"2164619507","1854325203","0.0434783"
"1854325203","2165371925","0.0434783"
"2165371925","1854325203","0.0434783"
"1854325203","2740647190","0.0434783"
"2740647190","1854325203","0.0434783"
"1972709099","1978063867","0.0434783"
"1978063867","1972709099","0.0434783"
"1972709099","1984349431","0.0434783"
"1984349431","1972709099","0.0434783"
"1972709099","2027526469","0.0434783"
"2027526469","1972709099","0.0434783"
"1972709099","2031317221","0.0434783"
"2031317221","1972709099","0.0434783"
"1972709099","2033009633","0.0434783"
"2033009633","1972709099","0.0434783"
"1972709099","2086391928","0.0434783"
"2086391928","1972709099","0.0434783"
"1972709099","2086751477","0.0434783"
"2086751477","1972709099","0.0434783"
"1972709099","2101069192","0.0434783"
"2101069192","1972709099","0.0434783"
"1972709099","2128069491","0.0434783"
"2128069491","1972709099","0.0434783"
"1972709099","2131599243","0.0434783"
"2131599243","1972709099","0.0434783"
"1972709099","2146717104","0.0434783"
"2146717104","1972709099","0.0434783"
"1972709099","2162027163","0.0434783"
"2162027163","1972709099","0.0434783"
"1972709099","2740647190","0.0434783"
"2740647190","1972709099","0.0434783"
"1978063867","1984349431","0.0434783"
"1984349431","1978063867","0.0434783"
"1978063867","2023613961","0.0434783"
"2023613961","1978063867","0.0434783"
"1978063867","2031317221","1.1204"
"2031317221","1978063867","1.1204"
"1978063867","2033009633","0.0434783"
"2033009633","1978063867","0.0434783"
"1978063867","2086391928","0.576812"
"2086391928","1978063867","0.576812"
"1978063867","2086751477","0.0434783"
"2086751477","1978063867","0.0434783"
"1978063867","2101069192","0.0434783"
"2101069192","1978063867","0.0434783"
"1978063867","2128069491","0.0434783"
"2128069491","1978063867","0.0434783"
"1978063867","2131599243","0.376812"
"2131599243","1978063867","0.376812"
"1978063867","2162027163","0.320401"
"2162027163","1978063867","0.320401"
"1978063867","2165371925","0.0434783"
"2165371925","1978063867","0.0434783"
"1984349431","2023613961","0.293478"
"2023613961","1984349431","0.293478"
"1984349431","2027526469","0.293478"
"2027526469","1984349431","0.293478"
"1984349431","2031317221","0.293478"
"2031317221","1984349431","0.293478"
"1984349431","2033009633","0.0434783"
"2033009633","1984349431","0.0434783"
"1984349431","2072712784","0.0434783"
"2072712784","1984349431","0.0434783"
"1984349431","2086391928","0.0434783"
"2086391928","1984349431","0.0434783"
"1984349431","2086751477","0.0434783"
"2086751477","1984349431","0.0434783"
"1984349431","2101069192","0.0434783"
"2101069192","1984349431","0.0434783"
"1984349431","2128069491","1.04348"
"2128069491","1984349431","1.04348"
"1984349431","2131599243","0.0434783"
"2131599243","1984349431","0.0434783"
"1984349431","2146717104","0.0434783"
"2146717104","1984349431","0.0434783"
"1984349431","2162027163","0.0434783"
"2162027163","1984349431","0.0434783"
"1984349431","2164619507","0.293478"
"2164619507","1984349431","0.293478"
"1984349431","2165371925","0.0434783"
"2165371925","1984349431","0.0434783"
"1984349431","2740647190","0.0434783"
"2740647190","1984349431","0.0434783"
"2023613961","2033009633","0.0434783"
"2033009633","2023613961","0.0434783"
"2023613961","2101069192","0.0434783"
"2101069192","2023613961","0.0434783"
"2023613961","2128069491","0.0434783"
"2128069491","2023613961","0.0434783"
"2023613961","2131599243","0.0434783"
"2131599243","2023613961","0.0434783"
"2027526469","2033009633","0.0434783"
"2033009633","2027526469","0.0434783"
"2027526469","2086751477","0.293478"
"2086751477","2027526469","0.293478"
"2027526469","2101069192","0.0434783"
"2101069192","2027526469","0.0434783"
"2027526469","2128069491","0.0434783"
"2128069491","2027526469","0.0434783"
"2027526469","2131599243","0.0434783"
"2131599243","2027526469","0.0434783"
"2027526469","2165371925","0.0434783"
"2165371925","2027526469","0.0434783"
"2031317221","2033009633","0.0434783"
"2033009633","2031317221","0.0434783"
"2031317221","2086751477","0.293478"
"2086751477","2031317221","0.293478"
"2031317221","2101069192","0.0434783"
"2101069192","2031317221","0.0434783"
"2031317221","2128069491","0.210145"
"2128069491","2031317221","0.210145"
"2031317221","2131599243","0.243478"
"2131599243","2031317221","0.243478"
"2031317221","2165371925","0.668478"
"2165371925","2031317221","0.668478"
"2031317221","2740647190","0.0434783"
"2740647190","2031317221","0.0434783"
"2033009633","2072712784","0.0434783"
"2072712784","2033009633","0.0434783"
"2033009633","2086391928","0.0434783"
"2086391928","2033009633","0.0434783"
"2033009633","2086751477","0.0434783"
"2086751477","2033009633","0.0434783"
"2033009633","2101069192","0.0434783"
"2101069192","2033009633","0.0434783"
"2033009633","2128069491","1.79348"
"2128069491","2033009633","1.79348"
"2033009633","2131599243","0.0434783"
"2131599243","2033009633","0.0434783"
"2033009633","2146717104","0.0434783"
"2146717104","2033009633","0.0434783"
"2033009633","2162027163","0.0434783"
"2162027163","2033009633","0.0434783"
"2033009633","2164619507","0.0434783"
"2164619507","2033009633","0.0434783"
"2033009633","2165371925","0.0434783"
"2165371925","2033009633","0.0434783"
"2033009633","2740647190","0.0434783"
"2740647190","2033009633","0.0434783"
"2072712784","2101069192","0.0434783"
"2101069192","2072712784","0.0434783"
"2072712784","2128069491","0.0434783"
"2128069491","2072712784","0.0434783"
"2072712784","2131599243","0.0434783"
"2131599243","2072712784","0.0434783"
"2086391928","2086751477","0.0434783"
"2086751477","2086391928","0.0434783"
"2086391928","2101069192","0.0434783"
"2101069192","2086391928","0.0434783"
"2086391928","2128069491","0.0434783"
"2128069491","2086391928","0.0434783"
"2086391928","2131599243","0.626812"
"2131599243","2086391928","0.626812"
"2086391928","2146717104","0.0434783"
"2146717104","2086391928","0.0434783"
"2086391928","2165371925","0.0434783"
"2165371925","2086391928","0.0434783"
"2086391928","2740647190","0.0434783"
"2740647190","2086391928","0.0434783"
"2086751477","2101069192","0.0434783"
"2101069192","2086751477","0.0434783"
"2086751477","2128069491","0.0434783"
"2128069491","2086751477","0.0434783"
"2086751477","2162027163","0.0434783"
"2162027163","2086751477","0.0434783"
"2086751477","2164619507","0.0434783"
"2164619507","2086751477","0.0434783"
"2086751477","2165371925","0.0434783"
"2165371925","2086751477","0.0434783"
"2101069192","2128069491","0.0434783"
"2128069491","2101069192","0.0434783"
"2101069192","2131599243","0.0434783"
"2131599243","2101069192","0.0434783"
"2101069192","2146717104","0.0434783"
"2146717104","2101069192","0.0434783"
"2101069192","2162027163","0.0434783"
"2162027163","2101069192","0.0434783"
"2101069192","2164619507","0.0434783"
"2164619507","2101069192","0.0434783"
"2101069192","2165371925","0.876812"
"2165371925","2101069192","0.876812"
"2101069192","2740647190","0.0434783"
"2740647190","2101069192","0.0434783"
"2128069491","2131599243","0.0434783"
"2131599243","2128069491","0.0434783"
"2128069491","2146717104","0.0434783"
"2146717104","2128069491","0.0434783"
"2128069491","2162027163","0.0434783"
"2162027163","2128069491","0.0434783"
"2128069491","2164619507","0.0434783"
"2164619507","2128069491","0.0434783"
"2128069491","2165371925","0.210145"
"2165371925","2128069491","0.210145"
"2128069491","2740647190","0.0434783"
"2740647190","2128069491","0.0434783"
"2131599243","2162027163","0.0434783"
"2162027163","2131599243","0.0434783"
"2131599243","2164619507","0.0434783"
"2164619507","2131599243","0.0434783"
"2131599243","2165371925","0.0434783"
"2165371925","2131599243","0.0434783"
"2146717104","2162027163","0.0434783"
"2162027163","2146717104","0.0434783"
"2146717104","2164619507","0.0434783"
"2164619507","2146717104","0.0434783"
"2146717104","2165371925","0.0434783"
"2165371925","2146717104","0.0434783"
"2162027163","2165371925","0.168478"
"2165371925","2162027163","0.168478"
"2162027163","2740647190","0.0434783"
"2740647190","2162027163","0.0434783"
"2164619507","2740647190","0.0434783"
"2740647190","2164619507","0.0434783"
"2165371925","2740647190","0.0434783"
"2740647190","2165371925","0.0434783"
"1546994288","1987567938","1.5"
"1987567938","1546994288","1.5"
"1978063867","2019848184","0.5"
"2019848184","1978063867","0.5"
"1555474482","2125442594","3"
"2125442594","1555474482","3"
"1555474482","1856444754","1"
"1856444754","1555474482","1"
"1555474482","2058206503","1"
"2058206503","1555474482","1"
"1555474482","2131599243","1"
"2131599243","1555474482","1"
"1587500748","1971489840","3"
"1971489840","1587500748","3"
"1971489840","2165371925","2"
"2165371925","1971489840","2"
"1587500748","2111243605","0.166667"
"2111243605","1587500748","0.166667"
"1587500748","2148570282","0.166667"
"2148570282","1587500748","0.166667"
"1587500748","2292416399","0.166667"
"2292416399","1587500748","0.166667"
"2031317221","2111243605","0.166667"
"2111243605","2031317221","0.166667"
"2031317221","2148570282","0.166667"
"2148570282","2031317221","0.166667"
"2031317221","2292416399","0.666667"
"2292416399","2031317221","0.666667"
"2111243605","2128069491","0.166667"
"2128069491","2111243605","0.166667"
"2111243605","2148570282","0.166667"
"2148570282","2111243605","0.166667"
"2111243605","2165371925","0.166667"
"2165371925","2111243605","0.166667"
"2111243605","2292416399","0.166667"
"2292416399","2111243605","0.166667"
"2128069491","2148570282","0.166667"
"2148570282","2128069491","0.166667"
"2128069491","2292416399","0.166667"
"2292416399","2128069491","0.166667"
"2148570282","2165371925","0.166667"
"2165371925","2148570282","0.166667"
"2148570282","2292416399","0.166667"
"2292416399","2148570282","0.166667"
"2165371925","2292416399","0.166667"
"2292416399","2165371925","0.166667"
"1587500748","2011265791","0.458333"
"2011265791","1587500748","0.458333"
"197400963","2031317221","1.61026"
"2031317221","197400963","1.61026"
"2003745618","2011265791","6.35192"
"2011265791","2003745618","6.35192"
"2003745618","2031317221","2.68526"
"2031317221","2003745618","2.68526"
"2011265791","2031317221","2.76859"
"2031317221","2011265791","2.76859"
"2011265791","2072840758","8.73526"
"2072840758","2011265791","8.73526"
"2011265791","2165371925","0.458333"
"2165371925","2011265791","0.458333"
"2031317221","2072840758","3.69359"
"2072840758","2031317221","3.69359"
"1587500748","2052398840","0.125"
"2052398840","1587500748","0.125"
"197400963","2162027163","0.326923"
"2162027163","197400963","0.326923"
"2003745618","2052398840","0.201923"
"2052398840","2003745618","0.201923"
"2003745618","2162027163","0.201923"
"2162027163","2003745618","0.201923"
"2011265791","2162027163","0.201923"
"2162027163","2011265791","0.201923"
"2031317221","2052398840","1.82692"
"2052398840","2031317221","1.82692"
"2052398840","2072840758","0.326923"
"2072840758","2052398840","0.326923"
"2052398840","2162027163","0.326923"
"2162027163","2052398840","0.326923"
"2052398840","2165371925","0.125"
"2165371925","2052398840","0.125"
"2072840758","2162027163","0.326923"
"2162027163","2072840758","0.326923"
"1587500748","2770576712","0.333333"
"2770576712","1587500748","0.333333"
"2101069192","2770576712","1.83333"
"2770576712","2101069192","1.83333"
"2165371925","2770576712","0.333333"
"2770576712","2165371925","0.333333"
"176799771","1854325203","0.2"
"1854325203","176799771","0.2"
"1854325203","2152197002","0.2"
"2152197002","1854325203","0.2"
"176799771","2011265791","0.2"
"2011265791","176799771","0.2"
"176799771","2031317221","0.2"
"2031317221","176799771","0.2"
"176799771","2131599243","0.2"
"2131599243","176799771","0.2"
"197400963","2131599243","0.2"
"2131599243","197400963","0.2"
"2003745618","2131599243","0.2"
"2131599243","2003745618","0.2"
"2011265791","2131599243","0.2"
"2131599243","2011265791","0.2"
"1845288309","197400963","0.201923"
"197400963","1845288309","0.201923"
"1845288309","2052398840","0.201923"
"2052398840","1845288309","0.201923"
"1845288309","2072840758","0.201923"
"2072840758","1845288309","0.201923"
"197400963","2027526469","0.201923"
"2027526469","197400963","0.201923"
"197400963","2086391928","0.125"
"2086391928","197400963","0.125"
"2023613961","2052398840","0.125"
"2052398840","2023613961","0.125"
"2027526469","2052398840","0.701923"
"2052398840","2027526469","0.701923"
"2027526469","2072840758","0.985256"
"2072840758","2027526469","0.985256"
"2052398840","2086391928","0.125"
"2086391928","2052398840","0.125"
"2072840758","2086391928","0.125"
"2086391928","2072840758","0.125"
"1845288309","2003680804","0.0769231"
"2003680804","1845288309","0.0769231"
"1845288309","2003745618","0.0769231"
"2003745618","1845288309","0.0769231"
"1845288309","2011265791","0.0769231"
"2011265791","1845288309","0.0769231"
"1845288309","2034614140","0.0769231"
"2034614140","1845288309","0.0769231"
"1845288309","2152197002","0.0769231"
"2152197002","1845288309","0.0769231"
"1845288309","2977031299","0.0769231"
"2977031299","1845288309","0.0769231"
"197400963","1978063867","0.0769231"
"1978063867","197400963","0.0769231"
"197400963","2003680804","0.0769231"
"2003680804","197400963","0.0769231"
"197400963","2034614140","0.0769231"
"2034614140","197400963","0.0769231"
"197400963","2152197002","0.0769231"
"2152197002","197400963","0.0769231"
"197400963","2977031299","0.0769231"
"2977031299","197400963","0.0769231"
"1978063867","2003680804","0.0769231"
"2003680804","1978063867","0.0769231"
"1978063867","2003745618","0.0769231"
"2003745618","1978063867","0.0769231"
"1978063867","2011265791","0.0769231"
"2011265791","1978063867","0.0769231"
"1978063867","2034614140","0.0769231"
"2034614140","1978063867","0.0769231"
"1978063867","2052398840","0.0769231"
"2052398840","1978063867","0.0769231"
"1978063867","2072840758","0.0769231"
"2072840758","1978063867","0.0769231"
"1978063867","2152197002","0.0769231"
"2152197002","1978063867","0.0769231"
"1978063867","2977031299","0.0769231"
"2977031299","1978063867","0.0769231"
"2003680804","2003745618","0.0769231"
"2003745618","2003680804","0.0769231"
"2003680804","2011265791","0.0769231"
"2011265791","2003680804","0.0769231"
"2003680804","2027526469","0.0769231"
"2027526469","2003680804","0.0769231"
"2003680804","2031317221","0.0769231"
"2031317221","2003680804","0.0769231"
"2003680804","2034614140","0.0769231"
"2034614140","2003680804","0.0769231"
"2003680804","2052398840","0.0769231"
"2052398840","2003680804","0.0769231"
"2003680804","2072840758","0.0769231"
"2072840758","2003680804","0.0769231"
"2003680804","2152197002","0.0769231"
"2152197002","2003680804","0.0769231"
"2003680804","2162027163","0.0769231"
"2162027163","2003680804","0.0769231"
"2003680804","2977031299","2.66026"
"2977031299","2003680804","2.66026"
"2003745618","2027526469","1.27692"
"2027526469","2003745618","1.27692"
"2003745618","2034614140","0.0769231"
"2034614140","2003745618","0.0769231"
"2003745618","2152197002","0.276923"
"2152197002","2003745618","0.276923"
"2003745618","2977031299","0.0769231"
"2977031299","2003745618","0.0769231"
"2011265791","2027526469","1.36026"
"2027526469","2011265791","1.36026"
"2011265791","2034614140","0.0769231"
"2034614140","2011265791","0.0769231"
"2011265791","2152197002","0.276923"
"2152197002","2011265791","0.276923"
"2011265791","2977031299","0.0769231"
"2977031299","2011265791","0.0769231"
"2027526469","2034614140","0.0769231"
"2034614140","2027526469","0.0769231"
"2027526469","2152197002","0.526923"
"2152197002","2027526469","0.526923"
"2027526469","2977031299","0.0769231"
"2977031299","2027526469","0.0769231"
"2031317221","2034614140","0.0769231"
"2034614140","2031317221","0.0769231"
"2031317221","2152197002","1.02692"
"2152197002","2031317221","1.02692"
"2031317221","2977031299","0.0769231"
"2977031299","2031317221","0.0769231"
"2034614140","2052398840","0.0769231"
"2052398840","2034614140","0.0769231"
"2034614140","2072840758","0.0769231"
"2072840758","2034614140","0.0769231"
"2034614140","2152197002","0.0769231"
"2152197002","2034614140","0.0769231"
"2034614140","2162027163","0.0769231"
"2162027163","2034614140","0.0769231"
"2034614140","2977031299","0.0769231"
"2977031299","2034614140","0.0769231"
"2052398840","2152197002","0.0769231"
"2152197002","2052398840","0.0769231"
"2052398840","2977031299","0.0769231"
"2977031299","2052398840","0.0769231"
"2072840758","2152197002","0.276923"
"2152197002","2072840758","0.276923"
"2072840758","2977031299","0.0769231"
"2977031299","2072840758","0.0769231"
"2152197002","2162027163","0.0769231"
"2162027163","2152197002","0.0769231"
"2152197002","2977031299","0.0769231"
"2977031299","2152197002","0.0769231"
"2162027163","2977031299","0.0769231"
"2977031299","2162027163","0.0769231"
"1845288309","2740110501","0.5"
"2740110501","1845288309","0.5"
"2086391928","2740110501","0.5"
"2740110501","2086391928","0.5"
"1856444754","2128069491","8"
"2128069491","1856444754","8"
"1860418690","1914489013","2.25"
"1914489013","1860418690","2.25"
"1860418690","2003680804","3.58333"
"2003680804","1860418690","3.58333"
"1860418690","2977031299","3.25"
"2977031299","1860418690","3.25"
"1914489013","2003680804","2.58333"
"2003680804","1914489013","2.58333"
"1914489013","2977031299","6.25"
"2977031299","1914489013","6.25"
"1860418690","2292416399","0.583333"
"2292416399","1860418690","0.583333"
"1914489013","2292416399","1.08333"
"2292416399","1914489013","1.08333"
"2292416399","2977031299","3.08333"
"2977031299","2292416399","3.08333"
"1860418690","748452400","1.33333"
"748452400","1860418690","1.33333"
"1914489013","748452400","0.333333"
"748452400","1914489013","0.333333"
"2977031299","748452400","0.333333"
"748452400","2977031299","0.333333"
"2003680804","2292416399","0.25"
"2292416399","2003680804","0.25"
"1914489013","1977561230","0.5"
"1977561230","1914489013","0.5"
