"1197699172","146966008","0.0974432"
"146966008","1197699172","0.0974432"
"1197699172","1493946371","0.139167"
"1493946371","1197699172","0.139167"
"1197699172","1501486877","0.0814649"
"1501486877","1197699172","0.0814649"
"1197699172","1507205226","0.0601883"
"1507205226","1197699172","0.0601883"
"1197699172","1510783980","0.0814649"
"1510783980","1197699172","0.0814649"
"1197699172","1514355214","0.0814649"
"1514355214","1197699172","0.0814649"
"1197699172","1514728983","0.0814649"
"1514728983","1197699172","0.0814649"
"1197699172","1515594983","0.0520531"
"1515594983","1197699172","0.0520531"
"1197699172","1515690307","0.0520531"
"1515690307","1197699172","0.0520531"
"1197699172","1526563764","0.0814649"
"1526563764","1197699172","0.0814649"
"1197699172","1528025004","0.0959026"
"1528025004","1197699172","0.0959026"
"1197699172","1532385653","0.0601883"
"1532385653","1197699172","0.0601883"
"1197699172","1539811310","0.0601883"
"1539811310","1197699172","0.0601883"
"1197699172","1551115263","0.0450368"
"1551115263","1197699172","0.0450368"
"1197699172","1553941226","0.414565"
"1553941226","1197699172","0.414565"
"1197699172","1557838658","0.0814649"
"1557838658","1197699172","0.0814649"
"1197699172","1560093980","0.0664908"
"1560093980","1197699172","0.0664908"
"1197699172","1564421896","0.319315"
"1564421896","1197699172","0.319315"
"1197699172","1565410438","0.0814649"
"1565410438","1197699172","0.0814649"
"1197699172","1592332227","0.0601883"
"1592332227","1197699172","0.0601883"
"1197699172","1630351046","0.435841"
"1630351046","1197699172","0.435841"
"1197699172","164225662","0.435841"
"164225662","1197699172","0.435841"
"1197699172","1646103681","0.373341"
"1646103681","1197699172","0.373341"
"1197699172","1747557925","0.0601883"
"1747557925","1197699172","0.0601883"
"1197699172","1757070621","0.0450368"
"1757070621","1197699172","0.0450368"
"1197699172","1823009940","0.414565"
"1823009940","1197699172","0.414565"
"1197699172","198056957","0.0520531"
"198056957","1197699172","0.0520531"
"1197699172","199693489","0.750028"
"199693489","1197699172","0.750028"
"1197699172","2025601641","0.103568"
"2025601641","1197699172","0.103568"
"1197699172","2055738688","0.0513393"
"2055738688","1197699172","0.0513393"
"1197699172","2082131185","0.0307765"
"2082131185","1197699172","0.0307765"
"1197699172","2100354748","0.352065"
"2100354748","1197699172","0.352065"
"1197699172","2105904809","0.015625"
"2105904809","1197699172","0.015625"
"1197699172","2117100923","0.0807511"
"2117100923","1197699172","0.0807511"
"1197699172","2118225726","0.0814649"
"2118225726","1197699172","0.0814649"
"1197699172","2124206249","0.414565"
"2124206249","1197699172","0.414565"
"1197699172","2128939267","0.0307765"
"2128939267","1197699172","0.0307765"
"1197699172","2129551511","0.0865359"
"2129551511","1197699172","0.0865359"
"1197699172","2140662998","0.0520531"
"2140662998","1197699172","0.0520531"
"1197699172","2145065758","0.0307765"
"2145065758","1197699172","0.0307765"
"1197699172","2145843059","0.0814649"
"2145843059","1197699172","0.0814649"
"1197699172","2147651291","0.0520531"
"2147651291","1197699172","0.0520531"
"1197699172","2154711245","0.406429"
"2154711245","1197699172","0.406429"
"1197699172","2156502664","0.0959026"
"2156502664","1197699172","0.0959026"
"1197699172","2156564977","0.0307765"
"2156564977","1197699172","0.0307765"
"1197699172","2157385475","0.299433"
"2157385475","1197699172","0.299433"
"1197699172","2157478354","0.0520531"
"2157478354","1197699172","0.0520531"
"1197699172","2160157029","0.0307765"
"2160157029","1197699172","0.0307765"
"1197699172","2163965135","0.0814649"
"2163965135","1197699172","0.0814649"
"1197699172","2168512593","0.0450368"
"2168512593","1197699172","0.0450368"
"1197699172","2172390096","0.0814649"
"2172390096","1197699172","0.0814649"
"1197699172","2201699830","1.45718"
"2201699830","1197699172","1.45718"
"1197699172","2288661224","0.587649"
"2288661224","1197699172","0.587649"
"1197699172","2506273305","0.373341"
"2506273305","1197699172","0.373341"
"1197699172","2514240909","0.257349"
"2514240909","1197699172","0.257349"
"1197699172","2524397826","2.70941"
"2524397826","1197699172","2.70941"
"1197699172","2766820860","0.0865359"
"2766820860","1197699172","0.0865359"
"1197699172","2802837478","0.643408"
"2802837478","1197699172","0.643408"
"1197699172","2997640744","0.0520531"
"2997640744","1197699172","0.0520531"
"1197699172","31604586","0.736134"
"31604586","1197699172","0.736134"
"1197699172","68014590","0.0959026"
"68014590","1197699172","0.0959026"
"1197699172","948081975","0.715275"
"948081975","1197699172","0.715275"
"1197699172","97148157","0.0520531"
"97148157","1197699172","0.0520531"
"1197699172","995546530","0.570616"
"995546530","1197699172","0.570616"
"146966008","1493946371","0.530777"
"1493946371","146966008","0.530777"
"146966008","1501486877","0.0307765"
"1501486877","146966008","0.0307765"
"146966008","1507205226","0.0307765"
"1507205226","146966008","0.0307765"
"146966008","1510783980","0.0307765"
"1510783980","146966008","0.0307765"
"146966008","1514355214","0.155777"
"1514355214","146966008","0.155777"
"146966008","1514728983","0.0307765"
"1514728983","146966008","0.0307765"
"146966008","1515594983","0.197443"
"1515594983","146966008","0.197443"
"146966008","1515690307","0.530777"
"1515690307","146966008","0.530777"
"146966008","1526563764","0.155777"
"1526563764","146966008","0.155777"
"146966008","1528025004","0.197443"
"1528025004","146966008","0.197443"
"146966008","1532385653","0.0307765"
"1532385653","146966008","0.0307765"
"146966008","1539811310","0.0307765"
"1539811310","146966008","0.0307765"
"146966008","1551115263","0.015625"
"1551115263","146966008","0.015625"
"146966008","1553941226","0.0307765"
"1553941226","146966008","0.0307765"
"146966008","1557838658","0.0307765"
"1557838658","146966008","0.0307765"
"146966008","1560093980","0.0307765"
"1560093980","146966008","0.0307765"
"146966008","1564421896","0.16411"
"1564421896","146966008","0.16411"
"146966008","1565410438","0.155777"
"1565410438","146966008","0.155777"
"146966008","1592332227","0.0307765"
"1592332227","146966008","0.0307765"
"146966008","1630351046","0.0307765"
"1630351046","146966008","0.0307765"
"146966008","164225662","0.36411"
"164225662","146966008","0.36411"
"146966008","1646103681","0.36411"
"1646103681","146966008","0.36411"
"146966008","1747557925","0.0307765"
"1747557925","146966008","0.0307765"
"146966008","1757070621","0.015625"
"1757070621","146966008","0.015625"
"146966008","1823009940","0.0307765"
"1823009940","146966008","0.0307765"
"146966008","198056957","0.0307765"
"198056957","146966008","0.0307765"
"146966008","199693489","0.16411"
"199693489","146966008","0.16411"
"146966008","2025601641","0.015625"
"2025601641","146966008","0.015625"
"146966008","2055738688","0.265625"
"2055738688","146966008","0.265625"
"146966008","2082131185","0.0307765"
"2082131185","146966008","0.0307765"
"146966008","2100354748","0.36411"
"2100354748","146966008","0.36411"
"146966008","2105904809","0.015625"
"2105904809","146966008","0.015625"
"146966008","2117100923","0.015625"
"2117100923","146966008","0.015625"
"146966008","2118225726","0.155777"
"2118225726","146966008","0.155777"
"146966008","2124206249","0.0307765"
"2124206249","146966008","0.0307765"
"146966008","2128939267","0.36411"
"2128939267","146966008","0.36411"
"146966008","2129551511","0.0307765"
"2129551511","146966008","0.0307765"
"146966008","2140662998","0.0307765"
"2140662998","146966008","0.0307765"
"146966008","2145065758","0.0307765"
"2145065758","146966008","0.0307765"
"146966008","2145843059","0.0307765"
"2145843059","146966008","0.0307765"
"146966008","2147651291","0.0307765"
"2147651291","146966008","0.0307765"
"146966008","2154711245","0.197443"
"2154711245","146966008","0.197443"
"146966008","2156502664","0.280777"
"2156502664","146966008","0.280777"
"146966008","2156564977","0.0307765"
"2156564977","146966008","0.0307765"
"146966008","2157385475","0.0307765"
"2157385475","146966008","0.0307765"
"146966008","2157478354","0.155777"
"2157478354","146966008","0.155777"
"146966008","2160157029","0.36411"
"2160157029","146966008","0.36411"
"146966008","2163965135","0.0307765"
"2163965135","146966008","0.0307765"
"146966008","2168512593","0.265625"
"2168512593","146966008","0.265625"
"146966008","2172390096","0.0307765"
"2172390096","146966008","0.0307765"
"146966008","2201699830","0.16411"
"2201699830","146966008","0.16411"
"146966008","2288661224","0.148958"
"2288661224","146966008","0.148958"
"146966008","2506273305","0.0307765"
"2506273305","146966008","0.0307765"
"146966008","2514240909","0.015625"
"2514240909","146966008","0.015625"
"146966008","2524397826","0.0974432"
"2524397826","146966008","0.0974432"
"146966008","2766820860","0.197443"
"2766820860","146966008","0.197443"
"146966008","2802837478","0.148958"
"2802837478","146966008","0.148958"
"146966008","2997640744","0.0307765"
"2997640744","146966008","0.0307765"
"146966008","31604586","0.16411"
"31604586","146966008","0.16411"
"146966008","68014590","0.280777"
"68014590","146966008","0.280777"
"146966008","948081975","0.148958"
"948081975","146966008","0.148958"
"146966008","97148157","8.88911"
"97148157","146966008","8.88911"
"146966008","995546530","0.0974432"
"995546530","146966008","0.0974432"
"1493946371","1501486877","0.280757"
"1501486877","1493946371","0.280757"
"1493946371","1507205226","0.0974432"
"1507205226","1493946371","0.0974432"
"1493946371","1510783980","0.306947"
"1510783980","1493946371","0.306947"
"1493946371","1514355214","0.173614"
"1514355214","1493946371","0.173614"
"1493946371","1514728983","0.0699103"
"1514728983","1493946371","0.0699103"
"1493946371","1515594983","0.0699103"
"1515594983","1493946371","0.0699103"
"1493946371","1515690307","0.0699103"
"1515690307","1493946371","0.0699103"
"1493946371","1526563764","0.136577"
"1526563764","1493946371","0.136577"
"1493946371","1528025004","0.1153"
"1528025004","1493946371","0.1153"
"1493946371","1532385653","0.0486337"
"1532385653","1493946371","0.0486337"
"1493946371","1539811310","0.0486337"
"1539811310","1493946371","0.0486337"
"1493946371","1551115263","0.052662"
"1551115263","1493946371","0.052662"
"1493946371","1553941226","0.172785"
"1553941226","1493946371","0.172785"
"1493946371","1557838658","0.0699103"
"1557838658","1493946371","0.0699103"
"1493946371","1560093980","1.19149"
"1560093980","1493946371","1.19149"
"1493946371","1564421896","0.106947"
"1564421896","1493946371","0.106947"
"1493946371","1565410438","0.19491"
"1565410438","1493946371","0.19491"
"1493946371","1592332227","0.0486337"
"1592332227","1493946371","0.0486337"
"1493946371","1630351046","0.157025"
"1630351046","1493946371","0.157025"
"1493946371","164225662","0.657025"
"164225662","1493946371","0.657025"
"1493946371","1646103681","0.616548"
"1646103681","1493946371","0.616548"
"1493946371","1747557925","0.0486337"
"1747557925","1493946371","0.0486337"
"1493946371","1757070621","0.015625"
"1757070621","1493946371","0.015625"
"1493946371","1823009940","0.172785"
"1823009940","1493946371","0.172785"
"1493946371","198056957","0.0699103"
"198056957","1493946371","0.0699103"
"1493946371","199693489","0.0831164"
"199693489","1493946371","0.0831164"
"1493946371","2025601641","0.0369016"
"2025601641","1493946371","0.0369016"
"1493946371","2055738688","0.0334821"
"2055738688","1493946371","0.0334821"
"1493946371","2082131185","1.6153"
"2082131185","1493946371","1.6153"
"1493946371","2100354748","0.327415"
"2100354748","1493946371","0.327415"
"1493946371","2105904809","0.052662"
"2105904809","1493946371","0.052662"
"1493946371","2117100923","0.207292"
"2117100923","1493946371","0.207292"
"1493946371","2118225726","0.306947"
"2118225726","1493946371","0.306947"
"1493946371","2124206249","0.172785"
"2124206249","1493946371","0.172785"
"1493946371","2128939267","0.0486337"
"2128939267","1493946371","0.0486337"
"1493946371","2129551511","0.14143"
"2129551511","1493946371","0.14143"
"1493946371","2140662998","0.106947"
"2140662998","1493946371","0.106947"
"1493946371","2145065758","0.0856707"
"2145065758","1493946371","0.0856707"
"1493946371","2145843059","0.698614"
"2145843059","1493946371","0.698614"
"1493946371","2147651291","0.0699103"
"2147651291","1493946371","0.0699103"
"1493946371","2154711245","0.903585"
"2154711245","1493946371","0.903585"
"1493946371","2156502664","0.0486337"
"2156502664","1493946371","0.0486337"
"1493946371","2156564977","0.0307765"
"2156564977","1493946371","0.0307765"
"1493946371","2157385475","0.0831164"
"2157385475","1493946371","0.0831164"
"1493946371","2157478354","0.106947"
"2157478354","1493946371","0.106947"
"1493946371","2160157029","0.1153"
"2160157029","1493946371","0.1153"
"1493946371","2163965135","0.106947"
"2163965135","1493946371","0.106947"
"1493946371","2168512593","0.015625"
"2168512593","1493946371","0.015625"
"1493946371","2172390096","0.698614"
"2172390096","1493946371","0.698614"
"1493946371","2201699830","0.117891"
"2201699830","1493946371","0.117891"
"1493946371","2288661224","0.015625"
"2288661224","1493946371","0.015625"
"1493946371","2506273305","0.223691"
"2506273305","1493946371","0.223691"
"1493946371","2514240909","0.141873"
"2514240909","1493946371","0.141873"
"1493946371","2524397826","0.139167"
"2524397826","1493946371","0.139167"
"1493946371","2766820860","0.0865359"
"2766820860","1493946371","0.0865359"
"1493946371","2802837478","0.0713844"
"2802837478","1493946371","0.0713844"
"1493946371","2997640744","0.0520531"
"2997640744","1493946371","0.0520531"
"1493946371","31604586","0.0307765"
"31604586","1493946371","0.0307765"
"1493946371","68014590","0.0486337"
"68014590","1493946371","0.0486337"
"1493946371","948081975","0.015625"
"948081975","1493946371","0.015625"
"1493946371","97148157","0.56991"
"97148157","1493946371","0.56991"
"1493946371","995546530","0.0831164"
"995546530","1493946371","0.0831164"
"1501486877","1507205226","1.21019"
"1507205226","1501486877","1.21019"
"1501486877","1510783980","0.118502"
"1510783980","1501486877","0.118502"
"1501486877","1514355214","0.185169"
"1514355214","1501486877","0.185169"
"1501486877","1514728983","1.08146"
"1514728983","1501486877","1.08146"
"1501486877","1515594983","0.0520531"
"1515594983","1501486877","0.0520531"
"1501486877","1515690307","0.0520531"
"1515690307","1501486877","0.0520531"
"1501486877","1526563764","0.148132"
"1526563764","1501486877","0.148132"
"1501486877","1528025004","0.210188"
"1528025004","1501486877","0.210188"
"1501486877","1532385653","0.143522"
"1532385653","1501486877","0.143522"
"1501486877","1539811310","0.143522"
"1539811310","1501486877","0.143522"
"1501486877","1551115263","0.0820738"
"1551115263","1501486877","0.0820738"
"1501486877","1553941226","0.0972253"
"1553941226","1501486877","0.0972253"
"1501486877","1557838658","0.0814649"
"1557838658","1501486877","0.0814649"
"1501486877","1560093980","0.0307765"
"1560093980","1501486877","0.0307765"
"1501486877","1564421896","0.0890901"
"1564421896","1501486877","0.0890901"
"1501486877","1565410438","0.206465"
"1565410438","1501486877","0.206465"
"1501486877","1592332227","0.0601883"
"1592332227","1501486877","0.0601883"
"1501486877","1630351046","0.0814649"
"1630351046","1501486877","0.0814649"
"1501486877","164225662","0.0814649"
"164225662","1501486877","0.0814649"
"1501486877","1646103681","0.148132"
"1646103681","1501486877","0.148132"
"1501486877","1747557925","0.143522"
"1747557925","1501486877","0.143522"
"1501486877","1757070621","0.0450368"
"1757070621","1501486877","0.0450368"
"1501486877","1823009940","0.0972253"
"1823009940","1501486877","0.0972253"
"1501486877","198056957","0.0520531"
"198056957","1501486877","0.0520531"
"1501486877","199693489","0.0601883"
"199693489","1501486877","0.0601883"
"1501486877","2025601641","0.0369016"
"2025601641","1501486877","0.0369016"
"1501486877","2055738688","0.0989583"
"2055738688","1501486877","0.0989583"
"1501486877","2082131185","0.222443"
"2082131185","1501486877","0.222443"
"1501486877","2100354748","0.251855"
"2100354748","1501486877","0.251855"
"1501486877","2105904809","0.052662"
"2105904809","1501486877","0.052662"
"1501486877","2117100923","0.320037"
"2117100923","1501486877","0.320037"
"1501486877","2118225726","0.118502"
"2118225726","1501486877","0.118502"
"1501486877","2124206249","0.0972253"
"2124206249","1501486877","0.0972253"
"1501486877","2128939267","0.0307765"
"2128939267","1501486877","0.0307765"
"1501486877","2129551511","0.0890901"
"2129551511","1501486877","0.0890901"
"1501486877","2140662998","0.0890901"
"2140662998","1501486877","0.0890901"
"1501486877","2145065758","0.0678136"
"2145065758","1501486877","0.0678136"
"1501486877","2145843059","0.310169"
"2145843059","1501486877","0.310169"
"1501486877","2147651291","0.0520531"
"2147651291","1501486877","0.0520531"
"1501486877","2154711245","0.155757"
"2154711245","1501486877","0.155757"
"1501486877","2156502664","0.143522"
"2156502664","1501486877","0.143522"
"1501486877","2156564977","0.0307765"
"2156564977","1501486877","0.0307765"
"1501486877","2157385475","0.0601883"
"2157385475","1501486877","0.0601883"
"1501486877","2157478354","0.172423"
"2157478354","1501486877","0.172423"
"1501486877","2160157029","0.0974432"
"2160157029","1501486877","0.0974432"
"1501486877","2163965135","0.118502"
"2163965135","1501486877","0.118502"
"1501486877","2168512593","0.0450368"
"2168512593","1501486877","0.0450368"
"1501486877","2172390096","0.310169"
"2172390096","1501486877","0.310169"
"1501486877","2201699830","0.0307765"
"2201699830","1501486877","0.0307765"
"1501486877","2288661224","0.015625"
"2288661224","1501486877","0.015625"
"1501486877","2506273305","0.148132"
"2506273305","1501486877","0.148132"
"1501486877","2514240909","0.0369016"
"2514240909","1501486877","0.0369016"
"1501486877","2524397826","0.0520531"
"2524397826","1501486877","0.0520531"
"1501486877","2766820860","0.0520531"
"2766820860","1501486877","0.0520531"
"1501486877","2802837478","0.0369016"
"2802837478","1501486877","0.0369016"
"1501486877","2997640744","0.0520531"
"2997640744","1501486877","0.0520531"
"1501486877","31604586","0.0307765"
"31604586","1501486877","0.0307765"
"1501486877","68014590","0.143522"
"68014590","1501486877","0.143522"
"1501486877","948081975","0.0450368"
"948081975","1501486877","0.0450368"
"1501486877","97148157","0.135386"
"97148157","1501486877","0.135386"
"1501486877","995546530","0.0307765"
"995546530","1501486877","0.0307765"
"1507205226","1510783980","0.0601883"
"1510783980","1507205226","0.0601883"
"1507205226","1514355214","0.251855"
"1514355214","1507205226","0.251855"
"1507205226","1514728983","0.0601883"
"1514728983","1507205226","0.0601883"
"1507205226","1515594983","0.0307765"
"1515594983","1507205226","0.0307765"
"1507205226","1515690307","0.0307765"
"1515690307","1507205226","0.0307765"
"1507205226","1526563764","1.07878"
"1526563764","1507205226","1.07878"
"1507205226","1528025004","0.210188"
"1528025004","1507205226","0.210188"
"1507205226","1532385653","0.143522"
"1532385653","1507205226","0.143522"
"1507205226","1539811310","0.143522"
"1539811310","1507205226","0.143522"
"1507205226","1551115263","0.0450368"
"1551115263","1507205226","0.0450368"
"1507205226","1553941226","0.137111"
"1553941226","1507205226","0.137111"
"1507205226","1557838658","0.137111"
"1557838658","1507205226","0.137111"
"1507205226","1560093980","0.0307765"
"1560093980","1507205226","0.0307765"
"1507205226","1564421896","0.0307765"
"1564421896","1507205226","0.0307765"
"1507205226","1565410438","0.935188"
"1565410438","1507205226","0.935188"
"1507205226","1592332227","0.0601883"
"1592332227","1507205226","0.0601883"
"1507205226","1630351046","0.137111"
"1630351046","1507205226","0.137111"
"1507205226","164225662","0.0601883"
"164225662","1507205226","0.0601883"
"1507205226","1646103681","0.126855"
"1646103681","1507205226","0.126855"
"1507205226","1747557925","0.143522"
"1747557925","1507205226","0.143522"
"1507205226","1757070621","0.0450368"
"1757070621","1507205226","0.0450368"
"1507205226","1823009940","0.137111"
"1823009940","1507205226","0.137111"
"1507205226","198056957","0.0307765"
"198056957","1507205226","0.0307765"
"1507205226","199693489","0.0601883"
"199693489","1507205226","0.0601883"
"1507205226","2025601641","0.015625"
"2025601641","1507205226","0.015625"
"1507205226","2055738688","0.0989583"
"2055738688","1507205226","0.0989583"
"1507205226","2082131185","0.0974432"
"2082131185","1507205226","0.0974432"
"1507205226","2100354748","0.126855"
"2100354748","1507205226","0.126855"
"1507205226","2105904809","0.015625"
"2105904809","1507205226","0.015625"
"1507205226","2117100923","0.195037"
"2117100923","1507205226","0.195037"
"1507205226","2118225726","0.518522"
"2118225726","1507205226","0.518522"
"1507205226","2124206249","0.0601883"
"2124206249","1507205226","0.0601883"
"1507205226","2128939267","0.0307765"
"2128939267","1507205226","0.0307765"
"1507205226","2129551511","0.0307765"
"2129551511","1507205226","0.0307765"
"1507205226","2140662998","0.0307765"
"2140662998","1507205226","0.0307765"
"1507205226","2145065758","0.322443"
"2145065758","1507205226","0.322443"
"1507205226","2145843059","0.126855"
"2145843059","1507205226","0.126855"
"1507205226","2147651291","0.0307765"
"2147651291","1507205226","0.0307765"
"1507205226","2154711245","0.0974432"
"2154711245","1507205226","0.0974432"
"1507205226","2156502664","0.220445"
"2156502664","1507205226","0.220445"
"1507205226","2156564977","0.0307765"
"2156564977","1507205226","0.0307765"
"1507205226","2157385475","0.0601883"
"2157385475","1507205226","0.0601883"
"1507205226","2157478354","0.23911"
"2157478354","1507205226","0.23911"
"1507205226","2160157029","0.0974432"
"2160157029","1507205226","0.0974432"
"1507205226","2163965135","0.0601883"
"2163965135","1507205226","0.0601883"
"1507205226","2168512593","0.12196"
"2168512593","1507205226","0.12196"
"1507205226","2172390096","0.126855"
"2172390096","1507205226","0.126855"
"1507205226","2201699830","0.0307765"
"2201699830","1507205226","0.0307765"
"1507205226","2288661224","0.015625"
"2288661224","1507205226","0.015625"
"1507205226","2506273305","0.126855"
"2506273305","1507205226","0.126855"
"1507205226","2514240909","0.015625"
"2514240909","1507205226","0.015625"
"1507205226","2524397826","0.0307765"
"2524397826","1507205226","0.0307765"
"1507205226","2766820860","0.0307765"
"2766820860","1507205226","0.0307765"
"1507205226","2802837478","0.015625"
"2802837478","1507205226","0.015625"
"1507205226","2997640744","0.0307765"
"2997640744","1507205226","0.0307765"
"1507205226","31604586","0.0307765"
"31604586","1507205226","0.0307765"
"1507205226","68014590","0.143522"
"68014590","1507205226","0.143522"
"1507205226","948081975","0.0450368"
"948081975","1507205226","0.0450368"
"1507205226","97148157","0.11411"
"97148157","1507205226","0.11411"
"1507205226","995546530","0.0307765"
"995546530","1507205226","0.0307765"
"1510783980","1514355214","0.170842"
"1514355214","1510783980","0.170842"
"1510783980","1514728983","0.099322"
"1514728983","1510783980","0.099322"
"1510783980","1515594983","0.288917"
"1515594983","1510783980","0.288917"
"1510783980","1515690307","0.14606"
"1515690307","1510783980","0.14606"
"1510783980","1526563764","0.099322"
"1526563764","1510783980","0.099322"
"1510783980","1528025004","0.154195"
"1528025004","1510783980","0.154195"
"1510783980","1532385653","0.112528"
"1532385653","1510783980","0.112528"
"1510783980","1539811310","0.297052"
"1539811310","1510783980","0.297052"
"1510783980","1551115263","0.116557"
"1551115263","1510783980","0.116557"
"1510783980","1553941226","0.115082"
"1553941226","1510783980","0.115082"
"1510783980","1557838658","0.175471"
"1557838658","1510783980","0.175471"
"1510783980","1560093980","0.0903003"
"1560093980","1510783980","0.0903003"
"1510783980","1564421896","0.183097"
"1564421896","1510783980","0.183097"
"1510783980","1565410438","0.099322"
"1565410438","1510783980","0.099322"
"1510783980","1592332227","0.154195"
"1592332227","1510783980","0.154195"
"1510783980","1630351046","0.133805"
"1630351046","1510783980","0.133805"
"1510783980","164225662","0.099322"
"164225662","1510783980","0.099322"
"1510783980","1646103681","0.099322"
"1646103681","1510783980","0.099322"
"1510783980","1747557925","0.297052"
"1747557925","1510783980","0.297052"
"1510783980","1757070621","0.0867034"
"1757070621","1510783980","0.0867034"
"1510783980","1823009940","0.115082"
"1823009940","1510783980","0.115082"
"1510783980","198056957","0.14606"
"198056957","1510783980","0.14606"
"1510783980","199693489","0.0780454"
"199693489","1510783980","0.0780454"
"1510783980","2025601641","0.0369016"
"2025601641","1510783980","0.0369016"
"1510783980","2055738688","0.0679649"
"2055738688","1510783980","0.0679649"
"1510783980","2082131185","0.173634"
"2082131185","1510783980","0.173634"
"1510783980","2100354748","0.0780454"
"2100354748","1510783980","0.0780454"
"1510783980","2105904809","0.0871448"
"2105904809","1510783980","0.0871448"
"1510783980","2117100923","0.264043"
"2117100923","1510783980","0.264043"
"1510783980","2118225726","0.212508"
"2118225726","1510783980","0.212508"
"1510783980","2124206249","0.115082"
"2124206249","1510783980","0.115082"
"1510783980","2128939267","0.0486337"
"2128939267","1510783980","0.0486337"
"1510783980","2129551511","0.106947"
"2129551511","1510783980","0.106947"
"1510783980","2140662998","0.106947"
"2140662998","1510783980","0.106947"
"1510783980","2145065758","0.16182"
"2145065758","1510783980","0.16182"
"1510783980","2145843059","0.555366"
"2145843059","1510783980","0.555366"
"1510783980","2147651291","0.14606"
"2147651291","1510783980","0.14606"
"1510783980","2154711245","0.106947"
"2154711245","1510783980","0.106947"
"1510783980","2156502664","0.154195"
"2156502664","1510783980","0.154195"
"1510783980","2156564977","0.0307765"
"2156564977","1510783980","0.0307765"
"1510783980","2157385475","0.0780454"
"2157385475","1510783980","0.0780454"
"1510783980","2157478354","0.14143"
"2157478354","1510783980","0.14143"
"1510783980","2160157029","0.0831164"
"2160157029","1510783980","0.0831164"
"1510783980","2163965135","0.136359"
"2163965135","1510783980","0.136359"
"1510783980","2168512593","0.0450368"
"2168512593","1510783980","0.0450368"
"1510783980","2172390096","0.555366"
"2172390096","1510783980","0.555366"
"1510783980","2201699830","0.0307765"
"2201699830","1510783980","0.0307765"
"1510783980","2288661224","0.015625"
"2288661224","1510783980","0.015625"
"1510783980","2506273305","0.099322"
"2506273305","1510783980","0.099322"
"1510783980","2514240909","0.0547587"
"2514240909","1510783980","0.0547587"
"1510783980","2524397826","0.0520531"
"2524397826","1510783980","0.0520531"
"1510783980","2766820860","0.0520531"
"2766820860","1510783980","0.0520531"
"1510783980","2802837478","0.0369016"
"2802837478","1510783980","0.0369016"
"1510783980","2997640744","0.0520531"
"2997640744","1510783980","0.0520531"
"1510783980","31604586","0.0307765"
"31604586","1510783980","0.0307765"
"1510783980","68014590","0.154195"
"68014590","1510783980","0.154195"
"1510783980","948081975","0.0450368"
"948081975","1510783980","0.0450368"
"1510783980","97148157","0.111577"
"97148157","1510783980","0.111577"
"1510783980","995546530","0.0486337"
"995546530","1510783980","0.0486337"
"1514355214","1514728983","0.099322"
"1514728983","1514355214","0.099322"
"1514355214","1515594983","0.104393"
"1515594983","1514355214","0.104393"
"1514355214","1515690307","0.104393"
"1515690307","1514355214","0.104393"
"1514355214","1526563764","0.615989"
"1526563764","1514355214","0.615989"
"1514355214","1528025004","0.179195"
"1528025004","1514355214","0.179195"
"1514355214","1532385653","0.112528"
"1532385653","1514355214","0.112528"
"1514355214","1539811310","0.112528"
"1539811310","1514355214","0.112528"
"1514355214","1551115263","0.116557"
"1551115263","1514355214","0.116557"
"1514355214","1553941226","0.115082"
"1553941226","1514355214","0.115082"
"1514355214","1557838658","0.133805"
"1557838658","1514355214","0.133805"
"1514355214","1560093980","0.0486337"
"1560093980","1514355214","0.0486337"
"1514355214","1564421896","0.14143"
"1564421896","1514355214","0.14143"
"1514355214","1565410438","0.549322"
"1565410438","1514355214","0.549322"
"1514355214","1592332227","0.112528"
"1592332227","1514355214","0.112528"
"1514355214","1630351046","0.133805"
"1630351046","1514355214","0.133805"
"1514355214","164225662","0.099322"
"164225662","1514355214","0.099322"
"1514355214","1646103681","0.165989"
"1646103681","1514355214","0.165989"
"1514355214","1747557925","0.112528"
"1747557925","1514355214","0.112528"
"1514355214","1757070621","0.0450368"
"1757070621","1514355214","0.0450368"
"1514355214","1823009940","0.115082"
"1823009940","1514355214","0.115082"
"1514355214","198056957","0.104393"
"198056957","1514355214","0.104393"
"1514355214","199693489","0.0780454"
"199693489","1514355214","0.0780454"
"1514355214","2025601641","0.0369016"
"2025601641","1514355214","0.0369016"
"1514355214","2055738688","0.0679649"
"2055738688","1514355214","0.0679649"
"1514355214","2082131185","0.0974432"
"2082131185","1514355214","0.0974432"
"1514355214","2100354748","0.144712"
"2100354748","1514355214","0.144712"
"1514355214","2105904809","0.0871448"
"2105904809","1514355214","0.0871448"
"1514355214","2117100923","0.146186"
"2117100923","1514355214","0.146186"
"1514355214","2118225726","0.620842"
"2118225726","1514355214","0.620842"
"1514355214","2124206249","0.115082"
"2124206249","1514355214","0.115082"
"1514355214","2128939267","0.0486337"
"2128939267","1514355214","0.0486337"
"1514355214","2129551511","0.106947"
"2129551511","1514355214","0.106947"
"1514355214","2140662998","0.106947"
"2140662998","1514355214","0.106947"
"1514355214","2145065758","1.94515"
"2145065758","1514355214","1.94515"
"1514355214","2145843059","0.237508"
"2145843059","1514355214","0.237508"
"1514355214","2147651291","0.104393"
"2147651291","1514355214","0.104393"
"1514355214","2154711245","0.173614"
"2154711245","1514355214","0.173614"
"1514355214","2156502664","0.112528"
"2156502664","1514355214","0.112528"
"1514355214","2156564977","0.0307765"
"2156564977","1514355214","0.0307765"
"1514355214","2157385475","0.0780454"
"2157385475","1514355214","0.0780454"
"1514355214","2157478354","0.39143"
"2157478354","1514355214","0.39143"
"1514355214","2160157029","0.149783"
"2160157029","1514355214","0.149783"
"1514355214","2163965135","0.136359"
"2163965135","1514355214","0.136359"
"1514355214","2168512593","0.0450368"
"2168512593","1514355214","0.0450368"
"1514355214","2172390096","0.237508"
"2172390096","1514355214","0.237508"
"1514355214","2201699830","0.0307765"
"2201699830","1514355214","0.0307765"
"1514355214","2288661224","0.015625"
"2288661224","1514355214","0.015625"
"1514355214","2506273305","0.165989"
"2506273305","1514355214","0.165989"
"1514355214","2514240909","0.0547587"
"2514240909","1514355214","0.0547587"
"1514355214","2524397826","0.0520531"
"2524397826","1514355214","0.0520531"
"1514355214","2766820860","0.0520531"
"2766820860","1514355214","0.0520531"
"1514355214","2802837478","0.0369016"
"2802837478","1514355214","0.0369016"
"1514355214","2997640744","0.0520531"
"2997640744","1514355214","0.0520531"
"1514355214","31604586","0.0307765"
"31604586","1514355214","0.0307765"
"1514355214","68014590","0.112528"
"68014590","1514355214","0.112528"
"1514355214","948081975","0.0450368"
"948081975","1514355214","0.0450368"
"1514355214","97148157","0.19491"
"97148157","1514355214","0.19491"
"1514355214","995546530","0.0486337"
"995546530","1514355214","0.0486337"
"1514728983","1515594983","0.0699103"
"1515594983","1514728983","0.0699103"
"1514728983","1515690307","0.0699103"
"1515690307","1514728983","0.0699103"
"1514728983","1526563764","0.099322"
"1526563764","1514728983","0.099322"
"1514728983","1528025004","0.0780454"
"1528025004","1514728983","0.0780454"
"1514728983","1532385653","0.0780454"
"1532385653","1514728983","0.0780454"
"1514728983","1539811310","0.0780454"
"1539811310","1514728983","0.0780454"
"1514728983","1551115263","0.0450368"
"1551115263","1514728983","0.0450368"
"1514728983","1553941226","0.0780454"
"1553941226","1514728983","0.0780454"
"1514728983","1557838658","0.099322"
"1557838658","1514728983","0.099322"
"1514728983","1560093980","0.0486337"
"1560093980","1514728983","0.0486337"
"1514728983","1564421896","0.0699103"
"1564421896","1514728983","0.0699103"
"1514728983","1565410438","0.099322"
"1565410438","1514728983","0.099322"
"1514728983","1592332227","0.0780454"
"1592332227","1514728983","0.0780454"
"1514728983","1630351046","0.099322"
"1630351046","1514728983","0.099322"
"1514728983","164225662","0.349322"
"164225662","1514728983","0.349322"
"1514728983","1646103681","0.349322"
"1646103681","1514728983","0.349322"
"1514728983","1747557925","0.0780454"
"1747557925","1514728983","0.0780454"
"1514728983","1757070621","0.0450368"
"1757070621","1514728983","0.0450368"
"1514728983","1823009940","0.0780454"
"1823009940","1514728983","0.0780454"
"1514728983","198056957","0.0699103"
"198056957","1514728983","0.0699103"
"1514728983","199693489","0.0780454"
"199693489","1514728983","0.0780454"
"1514728983","2025601641","0.0369016"
"2025601641","1514728983","0.0369016"
"1514728983","2055738688","0.0334821"
"2055738688","1514728983","0.0334821"
"1514728983","2082131185","0.0307765"
"2082131185","1514728983","0.0307765"
"1514728983","2100354748","0.328045"
"2100354748","1514728983","0.328045"
"1514728983","2105904809","0.015625"
"2105904809","1514728983","0.015625"
"1514728983","2117100923","0.0450368"
"2117100923","1514728983","0.0450368"
"1514728983","2118225726","0.099322"
"2118225726","1514728983","0.099322"
"1514728983","2124206249","0.0780454"
"2124206249","1514728983","0.0780454"
"1514728983","2128939267","0.0486337"
"2128939267","1514728983","0.0486337"
"1514728983","2129551511","0.0699103"
"2129551511","1514728983","0.0699103"
"1514728983","2140662998","0.0699103"
"2140662998","1514728983","0.0699103"
"1514728983","2145065758","0.0486337"
"2145065758","1514728983","0.0486337"
"1514728983","2145843059","0.099322"
"2145843059","1514728983","0.099322"
"1514728983","2147651291","0.0699103"
"2147651291","1514728983","0.0699103"
"1514728983","2154711245","0.0699103"
"2154711245","1514728983","0.0699103"
"1514728983","2156502664","0.0780454"
"2156502664","1514728983","0.0780454"
"1514728983","2156564977","0.0307765"
"2156564977","1514728983","0.0307765"
"1514728983","2157385475","0.0780454"
"2157385475","1514728983","0.0780454"
"1514728983","2157478354","0.0699103"
"2157478354","1514728983","0.0699103"
"1514728983","2160157029","0.0486337"
"2160157029","1514728983","0.0486337"
"1514728983","2163965135","0.099322"
"2163965135","1514728983","0.099322"
"1514728983","2168512593","0.0450368"
"2168512593","1514728983","0.0450368"
"1514728983","2172390096","0.099322"
"2172390096","1514728983","0.099322"
"1514728983","2201699830","0.0307765"
"2201699830","1514728983","0.0307765"
"1514728983","2288661224","0.015625"
"2288661224","1514728983","0.015625"
"1514728983","2506273305","0.349322"
"2506273305","1514728983","0.349322"
"1514728983","2514240909","0.0547587"
"2514240909","1514728983","0.0547587"
"1514728983","2524397826","0.0520531"
"2524397826","1514728983","0.0520531"
"1514728983","2766820860","0.0520531"
"2766820860","1514728983","0.0520531"
"1514728983","2802837478","0.0369016"
"2802837478","1514728983","0.0369016"
"1514728983","2997640744","0.0520531"
"2997640744","1514728983","0.0520531"
"1514728983","31604586","0.0307765"
"31604586","1514728983","0.0307765"
"1514728983","68014590","0.0780454"
"68014590","1514728983","0.0780454"
"1514728983","948081975","0.0450368"
"948081975","1514728983","0.0450368"
"1514728983","97148157","0.0699103"
"97148157","1514728983","0.0699103"
"1514728983","995546530","0.0486337"
"995546530","1514728983","0.0486337"
"1515594983","1515690307","0.14606"
"1515690307","1515594983","0.14606"
"1515594983","1526563764","0.0699103"
"1526563764","1515594983","0.0699103"
"1515594983","1528025004","0.458116"
"1528025004","1515594983","0.458116"
"1515594983","1532385653","0.0831164"
"1532385653","1515594983","0.0831164"
"1515594983","1539811310","0.26764"
"1539811310","1515594983","0.26764"
"1515594983","1551115263","0.0501078"
"1551115263","1515594983","0.0501078"
"1515594983","1553941226","0.0486337"
"1553941226","1515594983","0.0486337"
"1515594983","1557838658","0.288917"
"1557838658","1515594983","0.288917"
"1515594983","1560093980","0.0903003"
"1560093980","1515594983","0.0903003"
"1515594983","1564421896","0.14606"
"1564421896","1515594983","0.14606"
"1515594983","1565410438","0.0699103"
"1565410438","1515594983","0.0699103"
"1515594983","1592332227","0.124783"
"1592332227","1515594983","0.124783"
"1515594983","1630351046","0.104393"
"1630351046","1515594983","0.104393"
"1515594983","164225662","0.0699103"
"164225662","1515594983","0.0699103"
"1515594983","1646103681","0.0699103"
"1646103681","1515594983","0.0699103"
"1515594983","1747557925","0.26764"
"1747557925","1515594983","0.26764"
"1515594983","1757070621","0.0572917"
"1757070621","1515594983","0.0572917"
"1515594983","1823009940","0.0486337"
"1823009940","1515594983","0.0486337"
"1515594983","198056957","0.288917"
"198056957","1515594983","0.288917"
"1515594983","199693489","0.0486337"
"199693489","1515594983","0.0486337"
"1515594983","2025601641","0.0369016"
"2025601641","1515594983","0.0369016"
"1515594983","2055738688","0.234632"
"2055738688","1515594983","0.234632"
"1515594983","2082131185","0.173634"
"2082131185","1515594983","0.173634"
"1515594983","2100354748","0.0486337"
"2100354748","1515594983","0.0486337"
"1515594983","2105904809","0.0501078"
"2105904809","1515594983","0.0501078"
"1515594983","2117100923","0.234632"
"2117100923","1515594983","0.234632"
"1515594983","2118225726","0.14606"
"2118225726","1515594983","0.14606"
"1515594983","2124206249","0.0486337"
"2124206249","1515594983","0.0486337"
"1515594983","2128939267","0.0486337"
"2128939267","1515594983","0.0486337"
"1515594983","2129551511","0.0699103"
"2129551511","1515594983","0.0699103"
"1515594983","2140662998","0.0699103"
"2140662998","1515594983","0.0699103"
"1515594983","2145065758","0.124783"
"2145065758","1515594983","0.124783"
"1515594983","2145843059","0.288917"
"2145843059","1515594983","0.288917"
"1515594983","2147651291","0.14606"
"2147651291","1515594983","0.14606"
"1515594983","2154711245","0.236577"
"2154711245","1515594983","0.236577"
"1515594983","2156502664","0.124783"
"2156502664","1515594983","0.124783"
"1515594983","2156564977","0.0307765"
"2156564977","1515594983","0.0307765"
"1515594983","2157385475","0.0486337"
"2157385475","1515594983","0.0486337"
"1515594983","2157478354","0.413917"
"2157478354","1515594983","0.413917"
"1515594983","2160157029","0.0831164"
"2160157029","1515594983","0.0831164"
"1515594983","2163965135","0.0699103"
"2163965135","1515594983","0.0699103"
"1515594983","2168512593","0.182292"
"2168512593","1515594983","0.182292"
"1515594983","2172390096","0.288917"
"2172390096","1515594983","0.288917"
"1515594983","2201699830","0.0307765"
"2201699830","1515594983","0.0307765"
"1515594983","2288661224","0.015625"
"2288661224","1515594983","0.015625"
"1515594983","2506273305","0.0699103"
"2506273305","1515594983","0.0699103"
"1515594983","2514240909","0.0547587"
"2514240909","1515594983","0.0547587"
"1515594983","2524397826","0.0520531"
"2524397826","1515594983","0.0520531"
"1515594983","2766820860","0.21872"
"2766820860","1515594983","0.21872"
"1515594983","2802837478","0.0369016"
"2802837478","1515594983","0.0369016"
"1515594983","2997640744","3.36158"
"2997640744","1515594983","3.36158"
"1515594983","31604586","0.0307765"
"31604586","1515594983","0.0307765"
"1515594983","68014590","0.29145"
"68014590","1515594983","0.29145"
"1515594983","948081975","0.015625"
"948081975","1515594983","0.015625"
"1515594983","97148157","0.111577"
