"122513158","1978552335","1.33333"
"1978552335","122513158","1.33333"
"122513158","1577791242","1.08704"
"1577791242","122513158","1.08704"
"122513158","2035959592","14.0995"
"2035959592","122513158","14.0995"
"122513158","1983753875","1.16204"
"1983753875","122513158","1.16204"
"122513158","1999075329","3.21204"
"1999075329","122513158","3.21204"
"1983753875","1999075329","2.21204"
"1999075329","1983753875","2.21204"
"122513158","1974817134","0.249537"
"1974817134","122513158","0.249537"
"122513158","1988866597","0.316204"
"1988866597","122513158","0.316204"
"122513158","2018744542","0.59537"
"2018744542","122513158","0.59537"
"122513158","2046803845","0.878704"
"2046803845","122513158","0.878704"
"122513158","2056618769","0.866204"
"2056618769","122513158","0.866204"
"122513158","2077847570","0.175"
"2077847570","122513158","0.175"
"122513158","2085614456","0.149537"
"2085614456","122513158","0.149537"
"122513158","2100919432","0.262037"
"2100919432","122513158","0.262037"
"122513158","2108594562","0.149537"
"2108594562","122513158","0.149537"
"122513158","2111949228","0.1125"
"2111949228","122513158","0.1125"
"122513158","2131435419","0.262037"
"2131435419","122513158","0.262037"
"122513158","2145515328","0.312037"
"2145515328","122513158","0.312037"
"122513158","2303923175","0.978704"
"2303923175","122513158","0.978704"
"1974817134","1983753875","0.13402"
"1983753875","1974817134","0.13402"
"1974817134","1988866597","1.48257"
"1988866597","1974817134","1.48257"
"1974817134","1999075329","0.149537"
"1999075329","1974817134","0.149537"
"1974817134","2018744542","3.27949"
"2018744542","1974817134","3.27949"
"1974817134","2035959592","0.099537"
"2035959592","1974817134","0.099537"
"1974817134","2046803845","0.18402"
"2046803845","1974817134","0.18402"
"1974817134","2056618769","1.33435"
"2056618769","1974817134","1.33435"
"1974817134","2077847570","0.504657"
"2077847570","1974817134","0.504657"
"1974817134","2085614456","0.267353"
"2085614456","1974817134","0.267353"
"1974817134","2100919432","1.05976"
"2100919432","1974817134","1.05976"
"1974817134","2108594562","1.79851"
"2108594562","1974817134","1.79851"
"1974817134","2111949228","0.533346"
"2111949228","1974817134","0.533346"
"1974817134","2131435419","0.522331"
"2131435419","1974817134","0.522331"
"1974817134","2145515328","1.612"
"2145515328","1974817134","1.612"
"1974817134","2303923175","0.496141"
"2303923175","1974817134","0.496141"
"1983753875","1988866597","0.13402"
"1988866597","1983753875","0.13402"
"1983753875","2018744542","0.19652"
"2018744542","1983753875","0.19652"
"1983753875","2035959592","0.099537"
"2035959592","1983753875","0.099537"
"1983753875","2046803845","2.94652"
"2046803845","1983753875","2.94652"
"1983753875","2056618769","0.466204"
"2056618769","1983753875","0.466204"
"1983753875","2077847570","0.125"
"2077847570","1983753875","0.125"
"1983753875","2085614456","1.35069"
"2085614456","1983753875","1.35069"
"1983753875","2100919432","0.19652"
"2100919432","1983753875","0.19652"
"1983753875","2108594562","0.099537"
"2108594562","1983753875","0.099537"
"1983753875","2111949228","0.0969828"
"2111949228","1983753875","0.0969828"
"1983753875","2131435419","0.19652"
"2131435419","1983753875","0.19652"
"1983753875","2145515328","0.19652"
"2145515328","1983753875","0.19652"
"1983753875","2303923175","0.363186"
"2303923175","1983753875","0.363186"
"1988866597","1999075329","0.099537"
"1999075329","1988866597","0.099537"
"1988866597","2018744542","2.62543"
"2018744542","1988866597","2.62543"
"1988866597","2035959592","0.099537"
"2035959592","1988866597","0.099537"
"1988866597","2046803845","0.350686"
"2046803845","1988866597","0.350686"
"1988866597","2056618769","1.34387"
"2056618769","1988866597","1.34387"
"1988866597","2077847570","0.205357"
"2077847570","1988866597","0.205357"
"1988866597","2085614456","2.31021"
"2085614456","1988866597","2.31021"
"1988866597","2100919432","0.606432"
"2100919432","1988866597","0.606432"
"1988866597","2108594562","0.452324"
"2108594562","1988866597","0.452324"
"1988866597","2111949228","0.533346"
"2111949228","1988866597","0.533346"
"1988866597","2131435419","0.306397"
"2131435419","1988866597","0.306397"
"1988866597","2145515328","1.42533"
"2145515328","1988866597","1.42533"
"1988866597","2303923175","0.796141"
"2303923175","1988866597","0.796141"
"1999075329","2018744542","0.212037"
"2018744542","1999075329","0.212037"
"1999075329","2035959592","0.099537"
"2035959592","1999075329","0.099537"
"1999075329","2046803845","2.54537"
"2046803845","1999075329","2.54537"
"1999075329","2056618769","0.266204"
"2056618769","1999075329","0.266204"
"1999075329","2077847570","0.175"
"2077847570","1999075329","0.175"
"1999075329","2085614456","1.64954"
"2085614456","1999075329","1.64954"
"1999075329","2100919432","0.162037"
"2100919432","1999075329","0.162037"
"1999075329","2108594562","0.149537"
"2108594562","1999075329","0.149537"
"1999075329","2111949228","0.0625"
"2111949228","1999075329","0.0625"
"1999075329","2131435419","0.162037"
"2131435419","1999075329","0.162037"
"1999075329","2145515328","0.212037"
"2145515328","1999075329","0.212037"
"1999075329","2303923175","0.878704"
"2303923175","1999075329","0.878704"
"2018744542","2035959592","0.099537"
"2035959592","2018744542","0.099537"
"2018744542","2046803845","0.579853"
"2046803845","2018744542","0.579853"
"2018744542","2056618769","2.12721"
"2056618769","2018744542","2.12721"
"2018744542","2077847570","0.710014"
"2077847570","2018744542","0.710014"
"2018744542","2085614456","0.217353"
"2085614456","2018744542","0.217353"
"2018744542","2100919432","1.26274"
"2100919432","2018744542","1.26274"
"2018744542","2108594562","0.855653"
"2108594562","2018744542","0.855653"
"2018744542","2111949228","0.533346"
"2111949228","2018744542","0.533346"
"2018744542","2131435419","0.391974"
"2131435419","2018744542","0.391974"
"2018744542","2145515328","2.0245"
"2145515328","2018744542","2.0245"
"2018744542","2303923175","0.508641"
"2303923175","2018744542","0.508641"
"2035959592","2046803845","0.099537"
"2046803845","2035959592","0.099537"
"2035959592","2056618769","0.099537"
"2056618769","2035959592","0.099537"
"2035959592","2077847570","0.0625"
"2077847570","2035959592","0.0625"
"2035959592","2085614456","0.099537"
"2085614456","2035959592","0.099537"
"2035959592","2100919432","0.099537"
"2100919432","2035959592","0.099537"
"2035959592","2108594562","0.099537"
"2108594562","2035959592","0.099537"
"2035959592","2111949228","0.0625"
"2111949228","2035959592","0.0625"
"2035959592","2131435419","0.099537"
"2131435419","2035959592","0.099537"
"2035959592","2145515328","0.099537"
"2145515328","2035959592","0.099537"
"2035959592","2303923175","0.099537"
"2303923175","2035959592","0.099537"
"2046803845","2056618769","0.349537"
"2056618769","2046803845","0.349537"
"2046803845","2077847570","0.125"
"2077847570","2046803845","0.125"
"2046803845","2085614456","0.975686"
"2085614456","2046803845","0.975686"
"2046803845","2100919432","0.24652"
"2100919432","2046803845","0.24652"
"2046803845","2108594562","0.099537"
"2108594562","2046803845","0.099537"
"2046803845","2111949228","0.146983"
"2111949228","2046803845","0.146983"
"2046803845","2131435419","0.579853"
"2131435419","2046803845","0.579853"
"2046803845","2145515328","0.413186"
"2145515328","2046803845","0.413186"
"2046803845","2303923175","0.24652"
"2303923175","2046803845","0.24652"
"2056618769","2077847570","0.205357"
"2077847570","2056618769","0.205357"
"2056618769","2085614456","0.149537"
"2085614456","2056618769","0.149537"
"2056618769","2100919432","0.599537"
"2100919432","2056618769","0.599537"
"2056618769","2108594562","0.411658"
"2108594562","2056618769","0.411658"
"2056618769","2111949228","0.332197"
"2111949228","2056618769","0.332197"
"2056618769","2131435419","0.244992"
"2131435419","2056618769","0.244992"
"2056618769","2145515328","0.816853"
"2145515328","2056618769","0.816853"
"2056618769","2303923175","2.53785"
"2303923175","2056618769","2.53785"
"2077847570","2085614456","0.0625"
"2085614456","2077847570","0.0625"
"2077847570","2100919432","0.183824"
"2100919432","2077847570","0.183824"
"2077847570","2108594562","1.75466"
"2108594562","2077847570","1.75466"
"2077847570","2111949228","0.0625"
"2111949228","2077847570","0.0625"
"2077847570","2131435419","0.125"
"2131435419","2077847570","0.125"
"2077847570","2145515328","0.376681"
"2145515328","2077847570","0.376681"
"2077847570","2303923175","0.175"
"2303923175","2077847570","0.175"
"2085614456","2100919432","0.41021"
"2100919432","2085614456","0.41021"
"2085614456","2108594562","0.099537"
"2108594562","2085614456","0.099537"
"2085614456","2111949228","0.0969828"
"2111949228","2085614456","0.0969828"
"2085614456","2131435419","0.18402"
"2131435419","2085614456","0.18402"
"2085614456","2145515328","0.267353"
"2145515328","2085614456","0.267353"
"2085614456","2303923175","0.18402"
"2303923175","2085614456","0.18402"
"2100919432","2108594562","0.668868"
"2108594562","2100919432","0.668868"
"2100919432","2111949228","0.146983"
"2111949228","2100919432","0.146983"
"2100919432","2131435419","0.6163"
"2131435419","2100919432","0.6163"
"2100919432","2145515328","0.949184"
"2145515328","2100919432","0.949184"
"2100919432","2303923175","0.363186"
"2303923175","2100919432","0.363186"
"2108594562","2111949228","0.107955"
"2111949228","2108594562","0.107955"
"2108594562","2131435419","1.10763"
"2131435419","2108594562","1.10763"
"2108594562","2145515328","1.71829"
"2145515328","2108594562","1.71829"
"2108594562","2303923175","1.26166"
"2303923175","2108594562","1.26166"
"2111949228","2131435419","0.192437"
"2131435419","2111949228","0.192437"
"2111949228","2145515328","0.192437"
"2145515328","2111949228","0.192437"
"2111949228","2303923175","0.192437"
"2303923175","2111949228","0.192437"
"2131435419","2145515328","1.30461"
"2145515328","2131435419","1.30461"
"2131435419","2303923175","0.341974"
"2303923175","2131435419","0.341974"
"2145515328","2303923175","0.958641"
"2303923175","2145515328","0.958641"
"122513158","1605884203","0.1125"
"1605884203","122513158","0.1125"
"122513158","1699825714","0.445833"
"1699825714","122513158","0.445833"
"122513158","1966274907","0.0625"
"1966274907","122513158","0.0625"
"122513158","2091807570","0.0625"
"2091807570","122513158","0.0625"
"122513158","2110491733","0.545833"
"2110491733","122513158","0.545833"
"122513158","2162934302","1.37917"
"2162934302","122513158","1.37917"
"122513158","2247167922","1.19954"
"2247167922","122513158","1.19954"
"1605884203","1699825714","0.146983"
"1699825714","1605884203","0.146983"
"1605884203","1966274907","0.0625"
"1966274907","1605884203","0.0625"
"1605884203","1983753875","0.0969828"
"1983753875","1605884203","0.0969828"
"1605884203","1999075329","0.0625"
"1999075329","1605884203","0.0625"
"1605884203","2018744542","0.146983"
"2018744542","1605884203","0.146983"
"1605884203","2046803845","0.146983"
"2046803845","1605884203","0.146983"
"1605884203","2077847570","0.0625"
"2077847570","1605884203","0.0625"
"1605884203","2091807570","0.0625"
"2091807570","1605884203","0.0625"
"1605884203","2100919432","0.146983"
"2100919432","1605884203","0.146983"
"1605884203","2110491733","0.1125"
"2110491733","1605884203","0.1125"
"1605884203","2131435419","0.146983"
"2131435419","1605884203","0.146983"
"1605884203","2145515328","0.146983"
"2145515328","1605884203","0.146983"
"1605884203","2162934302","0.146983"
"2162934302","1605884203","0.146983"
"1605884203","2247167922","0.0969828"
"2247167922","1605884203","0.0969828"
"1605884203","2303923175","0.146983"
"2303923175","1605884203","0.146983"
"1699825714","1966274907","0.2625"
"1966274907","1699825714","0.2625"
"1699825714","1983753875","0.0969828"
"1983753875","1699825714","0.0969828"
"1699825714","1999075329","0.0625"
"1999075329","1699825714","0.0625"
"1699825714","2018744542","0.644912"
"2018744542","1699825714","0.644912"
"1699825714","2046803845","0.146983"
"2046803845","1699825714","0.146983"
"1699825714","2077847570","0.121324"
"2077847570","1699825714","0.121324"
"1699825714","2091807570","0.343546"
"2091807570","1699825714","0.343546"
"1699825714","2100919432","0.277235"
"2100919432","1699825714","0.277235"
"1699825714","2110491733","0.562716"
"2110491733","1699825714","0.562716"
"1699825714","2131435419","1.19244"
"2131435419","1699825714","1.19244"
"1699825714","2145515328","0.533801"
"2145515328","1699825714","0.533801"
"1699825714","2162934302","0.322689"
"2162934302","1699825714","0.322689"
"1699825714","2247167922","1.44888"
"2247167922","1699825714","1.44888"
"1699825714","2303923175","0.625771"
"2303923175","1699825714","0.625771"
"1966274907","1983753875","0.0625"
"1983753875","1966274907","0.0625"
"1966274907","1999075329","0.0625"
"1999075329","1966274907","0.0625"
"1966274907","2018744542","0.115132"
"2018744542","1966274907","0.115132"
"1966274907","2046803845","0.0625"
"2046803845","1966274907","0.0625"
"1966274907","2077847570","0.395833"
"2077847570","1966274907","0.395833"
"1966274907","2091807570","1.02539"
"2091807570","1966274907","1.02539"
"1966274907","2100919432","0.192055"
"2100919432","1966274907","0.192055"
"1966274907","2110491733","0.192055"
"2110491733","1966274907","0.192055"
"1966274907","2131435419","0.139423"
"2131435419","1966274907","0.139423"
"1966274907","2145515328","0.192055"
"2145515328","1966274907","0.192055"
"1966274907","2162934302","0.192055"
"2162934302","1966274907","0.192055"
"1966274907","2247167922","0.392055"
"2247167922","1966274907","0.392055"
"1966274907","2303923175","0.0625"
"2303923175","1966274907","0.0625"
"1983753875","2091807570","0.0625"
"2091807570","1983753875","0.0625"
"1983753875","2110491733","0.0625"
"2110491733","1983753875","0.0625"
"1983753875","2162934302","0.0969828"
"2162934302","1983753875","0.0969828"
"1983753875","2247167922","0.63402"
"2247167922","1983753875","0.63402"
"1999075329","2091807570","0.0625"
"2091807570","1999075329","0.0625"
"1999075329","2110491733","0.1125"
"2110491733","1999075329","0.1125"
"1999075329","2162934302","0.6125"
"2162934302","1999075329","0.6125"
"1999075329","2247167922","0.449537"
"2247167922","1999075329","0.449537"
"2018744542","2091807570","1.653"
"2091807570","2018744542","1.653"
"2018744542","2110491733","0.432015"
"2110491733","2018744542","0.432015"
"2018744542","2162934302","0.74675"
"2162934302","2018744542","0.74675"
"2018744542","2247167922","1.31712"
"2247167922","2018744542","1.31712"
"2046803845","2091807570","0.0625"
"2091807570","2046803845","0.0625"
"2046803845","2110491733","0.1125"
"2110491733","2046803845","0.1125"
"2046803845","2162934302","0.146983"
"2162934302","2046803845","0.146983"
"2046803845","2247167922","1.30069"
"2247167922","2046803845","1.30069"
"2077847570","2091807570","2.03799"
"2091807570","2077847570","2.03799"
"2077847570","2110491733","0.1125"
"2110491733","2077847570","0.1125"
"2077847570","2162934302","0.171324"
"2162934302","2077847570","0.171324"
"2077847570","2247167922","0.504657"
"2247167922","2077847570","0.504657"
"2091807570","2100919432","0.250878"
"2100919432","2091807570","0.250878"
"2091807570","2110491733","0.192055"
"2110491733","2091807570","0.192055"
"2091807570","2131435419","0.139423"
"2131435419","2091807570","0.139423"
"2091807570","2145515328","0.652898"
"2145515328","2091807570","0.652898"
"2091807570","2162934302","0.250878"
"2162934302","2091807570","0.250878"
"2091807570","2247167922","0.250878"
"2247167922","2091807570","0.250878"
"2091807570","2303923175","0.395833"
"2303923175","2091807570","0.395833"
"2100919432","2110491733","0.85634"
"2110491733","2100919432","0.85634"
"2100919432","2162934302","6.84965"
"2162934302","2100919432","6.84965"
"2100919432","2247167922","2.08668"
"2247167922","2100919432","2.08668"
"2110491733","2131435419","0.527735"
"2131435419","2110491733","0.527735"
"2110491733","2145515328","1.20179"
"2145515328","2110491733","1.20179"
"2110491733","2162934302","4.5768"
"2162934302","2110491733","4.5768"
"2110491733","2247167922","1.02679"
"2247167922","2110491733","1.02679"
"2110491733","2303923175","1.09129"
"2303923175","2110491733","1.09129"
"2131435419","2162934302","0.705075"
"2162934302","2131435419","0.705075"
"2131435419","2247167922","0.692112"
"2247167922","2131435419","0.692112"
"2145515328","2162934302","1.15939"
"2162934302","2145515328","1.15939"
"2145515328","2247167922","1.31309"
"2247167922","2145515328","1.31309"
"2162934302","2247167922","3.23439"
"2247167922","2162934302","3.23439"
"2162934302","2303923175","2.02577"
"2303923175","2162934302","2.02577"
"2247167922","2303923175","0.929474"
"2303923175","2247167922","0.929474"
"122513158","1967226502","1.13704"
"1967226502","122513158","1.13704"
"122513158","2548201047","3.33333"
"2548201047","122513158","3.33333"
"122513158","1524845558","0.303704"
"1524845558","122513158","0.303704"
"122513158","2002763349","0.97037"
"2002763349","122513158","0.97037"
"122513158","2085665535","0.037037"
"2085665535","122513158","0.037037"
"122513158","2115831762","0.187037"
"2115831762","122513158","0.187037"
"122513158","2115918716","0.137037"
"2115918716","122513158","0.137037"
"122513158","2130096729","0.37037"
"2130096729","122513158","0.37037"
"122513158","2130866732","0.037037"
"2130866732","122513158","0.037037"
"122513158","2156960886","0.037037"
"2156960886","122513158","0.037037"
"122513158","2159697637","0.087037"
"2159697637","122513158","0.087037"
"122513158","2542765527","0.037037"
"2542765527","122513158","0.037037"
"1524845558","1577791242","0.615859"
"1577791242","1524845558","0.615859"
"1524845558","1967226502","0.216974"
"1967226502","1524845558","0.216974"
"1524845558","1974817134","2.11373"
"1974817134","1524845558","2.11373"
"1524845558","1983753875","0.438186"
"1983753875","1524845558","0.438186"
"1524845558","1988866597","1.39541"
"1988866597","1524845558","1.39541"
"1524845558","1999075329","0.253704"
"1999075329","1524845558","0.253704"
"1524845558","2002763349","5.42538"
"2002763349","1524845558","5.42538"
"1524845558","2018744542","3.37325"
"2018744542","1524845558","3.37325"
"1524845558","2035959592","0.037037"
"2035959592","1524845558","0.037037"
"1524845558","2046803845","0.27152"
"2046803845","1524845558","0.27152"
"1524845558","2056618769","2.62423"
"2056618769","1524845558","2.62423"
"1524845558","2085614456","0.12152"
"2085614456","1524845558","0.12152"
"1524845558","2085665535","0.294613"
"2085665535","1524845558","0.294613"
"1524845558","2100919432","0.38917"
"2100919432","1524845558","0.38917"
"1524845558","2108594562","0.542999"
"2108594562","1524845558","0.542999"
"1524845558","2115831762","0.878372"
"2115831762","1524845558","0.878372"
"1524845558","2115918716","0.137037"
"2115918716","1524845558","0.137037"
"1524845558","2130096729","0.116974"
"2130096729","1524845558","0.116974"
"1524845558","2130866732","0.675455"
"2130866732","1524845558","0.675455"
"1524845558","2131435419","0.386755"
"2131435419","1524845558","0.386755"
"1524845558","2145515328","1.36601"
"2145515328","1524845558","1.36601"
"1524845558","2156960886","0.256817"
"2156960886","1524845558","0.256817"
"1524845558","2159697637","0.087037"
"2159697637","1524845558","0.087037"
"1524845558","2247167922","1.48224"
"2247167922","1524845558","1.48224"
"1524845558","2303923175","1.7765"
"2303923175","1524845558","1.7765"
"1524845558","2542765527","0.507126"
"2542765527","1524845558","0.507126"
"1577791242","1967226502","0.353704"
"1967226502","1577791242","0.353704"
"1577791242","1974817134","1.13967"
"1974817134","1577791242","1.13967"
"1577791242","1983753875","0.303704"
"1983753875","1577791242","0.303704"
"1577791242","1988866597","0.0896686"
"1988866597","1577791242","0.0896686"
"1577791242","1999075329","0.187037"
"1999075329","1577791242","0.187037"
"1577791242","2002763349","0.179894"
"2002763349","1577791242","0.179894"
"1577791242","2018744542","0.139669"
"2018744542","1577791242","0.139669"
"1577791242","2035959592","0.037037"
"2035959592","1577791242","0.037037"
"1577791242","2046803845","0.303704"
"2046803845","1577791242","0.303704"
"1577791242","2056618769","0.179894"
"2056618769","1577791242","0.179894"
"1577791242","2085614456","0.303704"
"2085614456","1577791242","0.303704"
"1577791242","2085665535","0.037037"
"2085665535","1577791242","0.037037"
"1577791242","2100919432","0.0896686"
"2100919432","1577791242","0.0896686"
"1577791242","2108594562","0.139669"
"2108594562","1577791242","0.139669"
"1577791242","2115831762","0.539669"
"2115831762","1577791242","0.539669"
"1577791242","2115918716","0.087037"
"2115918716","1577791242","0.087037"
"1577791242","2130096729","0.303704"
"2130096729","1577791242","0.303704"
"1577791242","2130866732","0.0896686"
"2130866732","1577791242","0.0896686"
"1577791242","2131435419","0.037037"
"2131435419","1577791242","0.037037"
"1577791242","2145515328","0.539669"
"2145515328","1577791242","0.539669"
"1577791242","2156960886","0.037037"
"2156960886","1577791242","0.037037"
"1577791242","2159697637","0.087037"
"2159697637","1577791242","0.087037"
"1577791242","2247167922","0.239669"
"2247167922","1577791242","0.239669"
"1577791242","2303923175","0.629894"
"2303923175","1577791242","0.629894"
"1577791242","2542765527","0.037037"
"2542765527","1577791242","0.037037"
"1967226502","1974817134","0.216974"
"1974817134","1967226502","0.216974"
"1967226502","1983753875","1.33819"
"1983753875","1967226502","1.33819"
"1967226502","1988866597","0.626498"
"1988866597","1967226502","0.626498"
"1967226502","1999075329","0.187037"
"1999075329","1967226502","0.187037"
"1967226502","2002763349","0.625308"
"2002763349","1967226502","0.625308"
"1967226502","2018744542","0.166974"
"2018744542","1967226502","0.166974"
"1967226502","2035959592","0.037037"
"2035959592","1967226502","0.037037"
"1967226502","2046803845","0.629853"
"2046803845","1967226502","0.629853"
"1967226502","2056618769","0.132492"
"2056618769","1967226502","0.132492"
"1967226502","2085614456","2.18938"
"2085614456","1967226502","2.18938"
"1967226502","2085665535","0.037037"
"2085665535","1967226502","0.037037"
"1967226502","2100919432","0.264377"
"2100919432","1967226502","0.264377"
"1967226502","2108594562","0.132492"
"2108594562","1967226502","0.132492"
"1967226502","2115831762","0.216974"
"2115831762","1967226502","0.216974"
"1967226502","2115918716","2.35489"
"2115918716","1967226502","2.35489"
"1967226502","2130096729","0.383641"
"2130096729","1967226502","0.383641"
"1967226502","2130866732","0.037037"
"2130866732","1967226502","0.037037"
"1967226502","2131435419","0.166974"
"2131435419","1967226502","0.166974"
"1967226502","2145515328","0.383641"
"2145515328","1967226502","0.383641"
"1967226502","2156960886","0.037037"
"2156960886","1967226502","0.037037"
"1967226502","2159697637","2.80489"
"2159697637","1967226502","2.80489"
"1967226502","2247167922","0.483641"
"2247167922","1967226502","0.483641"
"1967226502","2303923175","0.216974"
"2303923175","1967226502","0.216974"
"1967226502","2542765527","0.116974"
"2542765527","1967226502","0.116974"
"1974817134","2002763349","1.823"
"2002763349","1974817134","1.823"
"1974817134","2085665535","0.127946"
"2085665535","1974817134","0.127946"
"1974817134","2115831762","1.03948"
"2115831762","1974817134","1.03948"
"1974817134","2115918716","0.137037"
"2115918716","1974817134","0.137037"
"1974817134","2130096729","0.116974"
"2130096729","1974817134","0.116974"
"1974817134","2130866732","0.702533"
"2130866732","1974817134","0.702533"
"1974817134","2156960886","0.0958606"
"2156960886","1974817134","0.0958606"
"1974817134","2159697637","0.087037"
"2159697637","1974817134","0.087037"
"1974817134","2247167922","1.44748"
"2247167922","1974817134","1.44748"
"1974817134","2542765527","0.67706"
"2542765527","1974817134","0.67706"
"1983753875","2002763349","0.638186"
"2002763349","1983753875","0.638186"
"1983753875","2085665535","0.037037"
"2085665535","1983753875","0.037037"
"1983753875","2115831762","0.0715198"
"2115831762","1983753875","0.0715198"
"1983753875","2115918716","0.787037"
"2115918716","1983753875","0.787037"
"1983753875","2130096729","0.838186"
"2130096729","1983753875","0.838186"
"1983753875","2130866732","0.037037"
"2130866732","1983753875","0.037037"
"1983753875","2156960886","0.037037"
"2156960886","1983753875","0.037037"
"1983753875","2159697637","0.537037"
"2159697637","1983753875","0.537037"
"1983753875","2542765527","0.0715198"
"2542765527","1983753875","0.0715198"
"1988866597","2002763349","2.14919"
"2002763349","1988866597","2.14919"
"1988866597","2085665535","0.419613"
"2085665535","1988866597","0.419613"
"1988866597","2115831762","1.36805"
"2115831762","1988866597","1.36805"
"1988866597","2115918716","0.504894"
"2115918716","1988866597","0.504894"
"1988866597","2130096729","0.450308"
"2130096729","1988866597","0.450308"
"1988866597","2130866732","0.977042"
"2130866732","1988866597","0.977042"
"1988866597","2156960886","0.399674"
"2156960886","1988866597","0.399674"
"1988866597","2159697637","0.379894"
"2159697637","1988866597","0.379894"
"1988866597","2247167922","1.90248"
"2247167922","1988866597","1.90248"
"1988866597","2542765527","0.95157"
"2542765527","1988866597","0.95157"
"1999075329","2002763349","0.403704"
"2002763349","1999075329","0.403704"
"1999075329","2085665535","0.037037"
"2085665535","1999075329","0.037037"
"1999075329","2115831762","0.087037"
"2115831762","1999075329","0.087037"
"1999075329","2115918716","0.337037"
"2115918716","1999075329","0.337037"
"1999075329","2130096729","0.137037"
"2130096729","1999075329","0.137037"
"1999075329","2130866732","0.037037"
"2130866732","1999075329","0.037037"
"1999075329","2156960886","0.037037"
"2156960886","1999075329","0.037037"
"1999075329","2159697637","0.087037"
"2159697637","1999075329","0.087037"
"1999075329","2542765527","0.037037"
"2542765527","1999075329","0.037037"
"2002763349","2018744542","2.78252"
"2018744542","2002763349","2.78252"
"2002763349","2035959592","0.037037"
"2035959592","2002763349","0.037037"
"2002763349","2046803845","0.979853"
"2046803845","2002763349","0.979853"
"2002763349","2056618769","5.37423"
"2056618769","2002763349","5.37423"
"2002763349","2085614456","1.77985"
"2085614456","2002763349","1.77985"
"2002763349","2085665535","0.294613"
"2085665535","2002763349","0.294613"
"2002763349","2100919432","0.238186"
"2100919432","2002763349","0.238186"
"2002763349","2108594562","0.549158"
"2108594562","2002763349","0.549158"
"2002763349","2115831762","1.62098"
"2115831762","2002763349","1.62098"
"2002763349","2115918716","0.212037"
"2115918716","2002763349","0.212037"
"2002763349","2130096729","0.116974"
"2130096729","2002763349","0.116974"
"2002763349","2130866732","0.679966"
"2130866732","2002763349","0.679966"
"2002763349","2131435419","0.550308"
"2131435419","2002763349","0.550308"
"2002763349","2145515328","0.888836"
"2145515328","2002763349","0.888836"
"2002763349","2156960886","0.179894"
"2156960886","2002763349","0.179894"
"2002763349","2159697637","0.162037"
"2159697637","2002763349","0.162037"
"2002763349","2247167922","2.15507"
"2247167922","2002763349","2.15507"
"2002763349","2303923175","1.94316"
"2303923175","2002763349","1.94316"
"2002763349","2542765527","0.707126"
"2542765527","2002763349","0.707126"
"2018744542","2085665535","0.294613"
"2085665535","2018744542","0.294613"
"2018744542","2115831762","2.22282"
"2115831762","2018744542","2.22282"
"2018744542","2115918716","0.087037"
"2115918716","2018744542","0.087037"
"2018744542","2130096729","0.783641"
"2130096729","2018744542","0.783641"
"2018744542","2130866732","1.23587"
"2130866732","2018744542","1.23587"
"2018744542","2156960886","0.238718"
"2156960886","2018744542","0.238718"
"2018744542","2159697637","0.087037"
"2159697637","2018744542","0.087037"
"2018744542","2542765527","0.87706"
"2542765527","2018744542","0.87706"
"2035959592","2085665535","0.037037"
"2085665535","2035959592","0.037037"
"2035959592","2115831762","0.037037"
"2115831762","2035959592","0.037037"
"2035959592","2115918716","0.037037"
"2115918716","2035959592","0.037037"
"2035959592","2130096729","0.037037"
"2130096729","2035959592","0.037037"
"2035959592","2130866732","0.037037"
"2130866732","2035959592","0.037037"
"2035959592","2156960886","0.037037"
"2156960886","2035959592","0.037037"
"2035959592","2159697637","0.037037"
"2159697637","2035959592","0.037037"
"2035959592","2247167922","0.237037"
"2247167922","2035959592","0.237037"
"2035959592","2542765527","0.037037"
"2542765527","2035959592","0.037037"
"2046803845","2085665535","0.037037"
"2085665535","2046803845","0.037037"
"2046803845","2115831762","0.12152"
"2115831762","2046803845","0.12152"
"2046803845","2115918716","0.412037"
"2115918716","2046803845","0.412037"
"2046803845","2130096729","1.67152"
"2130096729","2046803845","1.67152"
"2046803845","2130866732","0.037037"
"2130866732","2046803845","0.037037"
"2046803845","2156960886","0.037037"
"2156960886","2046803845","0.037037"
"2046803845","2159697637","0.162037"
"2159697637","2046803845","0.162037"
"2046803845","2542765527","0.0715198"
"2542765527","2046803845","0.0715198"
"2056618769","2085665535","0.294613"
"2085665535","2056618769","0.294613"
"2056618769","2115831762","3.25316"
"2115831762","2056618769","3.25316"
"2056618769","2115918716","0.087037"
"2115918716","2056618769","0.087037"
"2056618769","2130096729","0.0824916"
"2130096729","2056618769","0.0824916"
"2056618769","2130866732","0.479966"
"2130866732","2056618769","0.479966"
"2056618769","2156960886","0.179894"
"2156960886","2056618769","0.179894"
"2056618769","2159697637","0.037037"
"2159697637","2056618769","0.037037"
"2056618769","2247167922","1.05392"
"2247167922","2056618769","1.05392"
"2056618769","2542765527","0.472643"
"2542765527","2056618769","0.472643"
"2085614456","2085665535","1.03704"
"2085665535","2085614456","1.03704"
"2085614456","2115831762","0.12152"
"2115831762","2085614456","0.12152"
"2085614456","2115918716","0.804894"
"2115918716","2085614456","0.804894"
"2085614456","2130096729","0.838186"
"2130096729","2085614456","0.838186"
"2085614456","2130866732","0.037037"
"2130866732","2085614456","0.037037"
"2085614456","2156960886","0.037037"
"2156960886","2085614456","0.037037"
"2085614456","2159697637","0.504894"
"2159697637","2085614456","0.504894"
"2085614456","2247167922","2.50485"
"2247167922","2085614456","2.50485"
"2085614456","2542765527","0.0715198"
"2542765527","2085614456","0.0715198"
"2085665535","2100919432","0.037037"
"2100919432","2085665535","0.037037"
"2085665535","2108594562","0.037037"
"2108594562","2085665535","0.037037"
"2085665535","2115831762","0.294613"
"2115831762","2085665535","0.294613"
"2085665535","2115918716","0.162037"
"2115918716","2085665535","0.162037"
"2085665535","2130096729","0.037037"
"2130096729","2085665535","0.037037"
"2085665535","2130866732","0.127946"
"2130866732","2085665535","0.127946"
"2085665535","2131435419","0.037037"
"2131435419","2085665535","0.037037"
"2085665535","2145515328","0.037037"
"2145515328","2085665535","0.037037"
"2085665535","2156960886","0.037037"
"2156960886","2085665535","0.037037"
"2085665535","2159697637","0.037037"
"2159697637","2085665535","0.037037"
"2085665535","2247167922","0.162037"
"2247167922","2085665535","0.162037"
"2085665535","2303923175","0.037037"
"2303923175","2085665535","0.037037"
"2085665535","2542765527","0.127946"
"2542765527","2085665535","0.127946"
"2100919432","2115831762","0.628913"
"2115831762","2100919432","0.628913"
"2100919432","2115918716","0.229894"
"2115918716","2100919432","0.229894"
"2100919432","2130096729","0.0715198"
"2130096729","2100919432","0.0715198"
"2100919432","2130866732","0.215159"
"2130866732","2100919432","0.215159"
"2100919432","2156960886","0.172784"
"2156960886","2100919432","0.172784"
"2100919432","2159697637","0.179894"
"2159697637","2100919432","0.179894"
"2100919432","2542765527","0.130343"
"2542765527","2100919432","0.130343"
"2108594562","2115831762","0.567663"
"2115831762","2108594562","0.567663"
"2108594562","2115918716","0.087037"
"2115918716","2108594562","0.087037"
"2108594562","2130096729","0.0824916"
"2130096729","2108594562","0.0824916"
"2108594562","2130866732","2.41913"
"2130866732","2108594562","2.41913"
"2108594562","2156960886","0.922784"
"2156960886","2108594562","0.922784"
"2108594562","2159697637","0.087037"
"2159697637","2108594562","0.087037"
"2108594562","2247167922","1.04468"
"2247167922","2108594562","1.04468"
"2108594562","2542765527","0.452426"
"2542765527","2108594562","0.452426"
"2115831762","2115918716","0.137037"
"2115918716","2115831762","0.137037"
"2115831762","2130096729","0.116974"
"2130096729","2115831762","0.116974"
"2115831762","2130866732","0.575022"
"2130866732","2115831762","0.575022"
"2115831762","2131435419","0.216974"
"2131435419","2115831762","0.216974"
"2115831762","2145515328","1.37357"
"2145515328","2115831762","1.37357"
"2115831762","2156960886","0.037037"
"2156960886","2115831762","0.037037"
"2115831762","2159697637","0.087037"
"2159697637","2115831762","0.087037"
"2115831762","2247167922","0.912463"
"2247167922","2115831762","0.912463"
"2115831762","2303923175","0.666974"
"2303923175","2115831762","0.666974"
"2115831762","2542765527","1.72733"
"2542765527","2115831762","1.72733"
"2115918716","2130096729","0.037037"
"2130096729","2115918716","0.037037"
"2115918716","2130866732","0.037037"
"2130866732","2115918716","0.037037"
"2115918716","2131435419","0.087037"
"2131435419","2115918716","0.087037"
"2115918716","2145515328","0.137037"
"2145515328","2115918716","0.137037"
"2115918716","2156960886","0.037037"
"2156960886","2115918716","0.037037"
"2115918716","2159697637","0.804894"
"2159697637","2115918716","0.804894"
"2115918716","2247167922","0.262037"
"2247167922","2115918716","0.262037"
"2115918716","2303923175","0.137037"
"2303923175","2115918716","0.137037"
"2115918716","2542765527","0.037037"
"2542765527","2115918716","0.037037"
"2130096729","2130866732","0.37037"
"2130866732","2130096729","0.37037"
"2130096729","2131435419","0.116974"
"2131435419","2130096729","0.116974"
"2130096729","2145515328","0.116974"
"2145515328","2130096729","0.116974"
"2130096729","2156960886","0.037037"
"2156960886","2130096729","0.037037"
"2130096729","2159697637","0.037037"
"2159697637","2130096729","0.037037"
"2130096729","2247167922","0.216974"
"2247167922","2130096729","0.216974"
"2130096729","2303923175","1.45031"
"2303923175","2130096729","1.45031"
"2130096729","2542765527","0.116974"
"2542765527","2130096729","0.116974"
"2130866732","2131435419","0.179894"
"2131435419","2130866732","0.179894"
"2130866732","2145515328","1.01004"
"2145515328","2130866732","1.01004"
"2130866732","2156960886","1.84586"
"2156960886","2130866732","1.84586"
"2130866732","2159697637","0.037037"
"2159697637","2130866732","0.037037"
"2130866732","2247167922","0.558016"
"2247167922","2130866732","0.558016"
"2130866732","2303923175","0.103704"
"2303923175","2130866732","0.103704"
"2130866732","2542765527","1.20546"
"2542765527","2130866732","1.20546"
"2131435419","2156960886","0.11396"
"2156960886","2131435419","0.11396"
"2131435419","2159697637","0.037037"
"2159697637","2131435419","0.037037"
"2131435419","2542765527","0.116974"
"2542765527","2131435419","0.116974"
"2145515328","2156960886","0.315641"
"2156960886","2145515328","0.315641"
"2145515328","2159697637","0.087037"
"2159697637","2145515328","0.087037"
"2145515328","2542765527","0.577818"
"2542765527","2145515328","0.577818"
"2156960886","2159697637","0.037037"
"2159697637","2156960886","0.037037"
"2156960886","2247167922","0.815641"
"2247167922","2156960886","0.815641"
"2156960886","2303923175","0.037037"
"2303923175","2156960886","0.037037"
"2156960886","2542765527","0.0958606"
"2542765527","2156960886","0.0958606"
"2159697637","2247167922","0.087037"
"2247167922","2159697637","0.087037"
"2159697637","2303923175","0.087037"
"2303923175","2159697637","0.087037"
"2159697637","2542765527","0.037037"
"2542765527","2159697637","0.037037"
"2247167922","2542765527","0.375798"
"2542765527","2247167922","0.375798"
"2303923175","2542765527","0.116974"
"2542765527","2303923175","0.116974"
"122513158","2061701011","2.43333"
"2061701011","122513158","2.43333"
"122513158","2016120275","1"
"2016120275","122513158","1"
"122513158","2000077490","0.05"
"2000077490","122513158","0.05"
"122513158","2129220059","0.316667"
"2129220059","122513158","0.316667"
"122513158","2777872058","0.266667"
"2777872058","122513158","0.266667"
"1524845558","2000077490","0.319654"
"2000077490","1524845558","0.319654"
"1524845558","2061701011","0.329971"
"2061701011","1524845558","0.329971"
"1524845558","2077847570","0.192857"
"2077847570","1524845558","0.192857"
"1524845558","2110491733","0.346438"
"2110491733","1524845558","0.346438"
"1524845558","2129220059","0.278073"
"2129220059","1524845558","0.278073"
"1524845558","2162934302","0.661873"
"2162934302","1524845558","0.661873"
"1524845558","2777872058","0.155911"
"2777872058","1524845558","0.155911"
"1577791242","2000077490","0.202632"
"2000077490","1577791242","0.202632"
"1577791242","2061701011","0.202632"
"2061701011","1577791242","0.202632"
"1577791242","2077847570","0.05"
"2077847570","1577791242","0.05"
"1577791242","2110491733","0.102632"
"2110491733","1577791242","0.102632"
"1577791242","2129220059","0.05"
"2129220059","1577791242","0.05"
"1577791242","2162934302","0.102632"
"2162934302","1577791242","0.102632"
"1577791242","2777872058","0.15"
"2777872058","1577791242","0.15"
"1967226502","2000077490","0.184483"
"2000077490","1967226502","0.184483"
"1967226502","2061701011","0.234483"
"2061701011","1967226502","0.234483"
"1967226502","2077847570","0.05"
"2077847570","1967226502","0.05"
"1967226502","2110491733","0.145455"
"2110491733","1967226502","0.145455"
"1967226502","2129220059","1.31901"
"2129220059","1967226502","1.31901"
"1967226502","2162934302","0.179937"
"2162934302","1967226502","0.179937"
"1967226502","2777872058","0.52734"
"2777872058","1967226502","0.52734"
"1974817134","2000077490","0.628478"
"2000077490","1974817134","0.628478"
"1974817134","2061701011","0.572128"
"2061701011","1974817134","0.572128"
"1974817134","2110491733","0.562372"
"2110491733","1974817134","0.562372"
"1974817134","2129220059","0.334483"
"2129220059","1974817134","0.334483"
"1974817134","2162934302","0.877107"
"2162934302","1974817134","0.877107"
"1974817134","2777872058","0.348068"
"2777872058","1974817134","0.348068"
"1999075329","2000077490","0.15"
"2000077490","1999075329","0.15"
"1999075329","2061701011","0.15"
"2061701011","1999075329","0.15"
"1999075329","2129220059","0.05"
"2129220059","1999075329","0.05"
"1999075329","2777872058","0.15"
"2777872058","1999075329","0.15"
"2000077490","2018744542","0.628478"
"2018744542","2000077490","0.628478"
"2000077490","2061701011","2.60903"
"2061701011","2000077490","2.60903"
"2000077490","2077847570","0.108824"
"2077847570","2000077490","0.108824"
"2000077490","2108594562","0.361455"
"2108594562","2000077490","0.361455"
"2000077490","2110491733","0.227632"
"2110491733","2000077490","0.227632"
"2000077490","2115831762","0.87521"
"2115831762","2000077490","0.87521"
"2000077490","2115918716","0.175"
"2115918716","2000077490","0.175"
"2000077490","2129220059","0.167816"
"2129220059","2000077490","0.167816"
"2000077490","2145515328","0.3507"
"2145515328","2000077490","0.3507"
"2000077490","2159697637","0.05"
"2159697637","2000077490","0.05"
"2000077490","2162934302","0.9757"
"2162934302","2000077490","0.9757"
"2000077490","2247167922","2.80903"
"2247167922","2000077490","2.80903"
"2000077490","2303923175","0.584483"
"2303923175","2000077490","0.584483"
"2000077490","2777872058","0.77664"
"2777872058","2000077490","0.77664"
"2018744542","2061701011","0.522128"
"2061701011","2018744542","0.522128"
"2018744542","2129220059","0.284483"
"2129220059","2018744542","0.284483"
"2018744542","2777872058","0.348068"
"2777872058","2018744542","0.348068"
"2061701011","2077847570","0.27549"
"2077847570","2061701011","0.27549"
"2061701011","2108594562","0.49955"
"2108594562","2061701011","0.49955"
