"1498190857","1964893015","1"
"1964893015","1498190857","1"
"1498190857","1584440973","2.46726"
"1584440973","1498190857","2.46726"
"1498190857","1999646958","0.467262"
"1999646958","1498190857","0.467262"
"1498190857","2123628025","0.467262"
"2123628025","1498190857","0.467262"
"1584440973","1999646958","1.0586"
"1999646958","1584440973","1.0586"
"1584440973","2123628025","1.36971"
"2123628025","1584440973","1.36971"
"1999646958","2123628025","4.64743"
"2123628025","1999646958","4.64743"
"1498190857","1586410151","0.967262"
"1586410151","1498190857","0.967262"
"1498190857","1903475782","0.633929"
"1903475782","1498190857","0.633929"
"1498190857","1964072565","0.133929"
"1964072565","1498190857","0.133929"
"1498190857","2034758081","0.0714286"
"2034758081","1498190857","0.0714286"
"1498190857","2057117782","0.633929"
"2057117782","1498190857","0.633929"
"1498190857","2063515679","0.133929"
"2063515679","1498190857","0.133929"
"1498190857","2073115105","0.133929"
"2073115105","1498190857","0.133929"
"1498190857","2096793442","0.0714286"
"2096793442","1498190857","0.0714286"
"1498190857","2106292136","0.133929"
"2106292136","1498190857","0.133929"
"1498190857","2111041916","0.133929"
"2111041916","1498190857","0.133929"
"1498190857","2158716558","0.0714286"
"2158716558","1498190857","0.0714286"
"1584440973","1586410151","1.1879"
"1586410151","1584440973","1.1879"
"1584440973","1903475782","1.38595"
"1903475782","1584440973","1.38595"
"1584440973","1964072565","0.524838"
"1964072565","1584440973","0.524838"
"1584440973","2034758081","0.0714286"
"2034758081","1584440973","0.0714286"
"1584440973","2057117782","1.38595"
"2057117782","1584440973","1.38595"
"1584440973","2063515679","0.415747"
"2063515679","1584440973","0.415747"
"1584440973","2073115105","1.27881"
"2073115105","1584440973","1.27881"
"1584440973","2096793442","0.631025"
"2096793442","1584440973","0.631025"
"1584440973","2106292136","0.133929"
"2106292136","1584440973","0.133929"
"1584440973","2111041916","0.324838"
"2111041916","1584440973","0.324838"
"1584440973","2158716558","0.453247"
"2158716558","1584440973","0.453247"
"1586410151","1903475782","2.16409"
"1903475782","1586410151","2.16409"
"1586410151","1964072565","0.585119"
"1964072565","1586410151","0.585119"
"1586410151","1999646958","0.9125"
"1999646958","1586410151","0.9125"
"1586410151","2034758081","0.0714286"
"2034758081","1586410151","0.0714286"
"1586410151","2057117782","2.16409"
"2057117782","1586410151","2.16409"
"1586410151","2063515679","0.585119"
"2063515679","1586410151","0.585119"
"1586410151","2073115105","0.830754"
"2073115105","1586410151","0.830754"
"1586410151","2096793442","0.65754"
"2096793442","1586410151","0.65754"
"1586410151","2106292136","0.133929"
"2106292136","1586410151","0.133929"
"1586410151","2111041916","0.585119"
"2111041916","1586410151","0.585119"
"1586410151","2123628025","1.34861"
"2123628025","1586410151","1.34861"
"1586410151","2158716558","0.279762"
"2158716558","1586410151","0.279762"
"1903475782","1964072565","0.376786"
"1964072565","1903475782","0.376786"
"1903475782","1999646958","0.777219"
"1999646958","1903475782","0.777219"
"1903475782","2034758081","0.0714286"
"2034758081","1903475782","0.0714286"
"1903475782","2057117782","3.33833"
"2057117782","1903475782","3.33833"
"1903475782","2063515679","0.467695"
"2063515679","1903475782","0.467695"
"1903475782","2073115105","1.02881"
"2073115105","1903475782","1.02881"
"1903475782","2096793442","0.540115"
"2096793442","1903475782","0.540115"
"1903475782","2106292136","0.133929"
"2106292136","1903475782","0.133929"
"1903475782","2111041916","0.376786"
"2111041916","1903475782","0.376786"
"1903475782","2123628025","1.08833"
"2123628025","1903475782","1.08833"
"1903475782","2158716558","0.162338"
"2158716558","1903475782","0.162338"
"1964072565","1999646958","1.43747"
"1999646958","1964072565","1.43747"
"1964072565","2034758081","0.0714286"
"2034758081","1964072565","0.0714286"
"1964072565","2057117782","0.376786"
"2057117782","1964072565","0.376786"
"1964072565","2063515679","4.41525"
"2063515679","1964072565","4.41525"
"1964072565","2073115105","0.233929"
"2073115105","1964072565","0.233929"
"1964072565","2096793442","0.857118"
"2096793442","1964072565","0.857118"
"1964072565","2106292136","0.24504"
"2106292136","1964072565","0.24504"
"1964072565","2111041916","4.63748"
"2111041916","1964072565","4.63748"
"1964072565","2123628025","2.22914"
"2123628025","1964072565","2.22914"
"1964072565","2158716558","2.91704"
"2158716558","1964072565","2.91704"
"1999646958","2034758081","0.0714286"
"2034758081","1999646958","0.0714286"
"1999646958","2057117782","0.777219"
"2057117782","1999646958","0.777219"
"1999646958","2063515679","2.27838"
"2063515679","1999646958","2.27838"
"1999646958","2073115105","1.19389"
"2073115105","1999646958","1.19389"
"1999646958","2096793442","1.40636"
"2096793442","1999646958","1.40636"
"1999646958","2106292136","0.133929"
"2106292136","1999646958","0.133929"
"1999646958","2111041916","0.770808"
"2111041916","1999646958","0.770808"
"1999646958","2158716558","0.663503"
"2158716558","1999646958","0.663503"
"2034758081","2057117782","0.0714286"
"2057117782","2034758081","0.0714286"
"2034758081","2063515679","0.321429"
"2063515679","2034758081","0.321429"
"2034758081","2073115105","0.0714286"
"2073115105","2034758081","0.0714286"
"2034758081","2096793442","0.0714286"
"2096793442","2034758081","0.0714286"
"2034758081","2106292136","0.0714286"
"2106292136","2034758081","0.0714286"
"2034758081","2111041916","0.321429"
"2111041916","2034758081","0.321429"
"2034758081","2123628025","0.0714286"
"2123628025","2034758081","0.0714286"
"2034758081","2158716558","0.0714286"
"2158716558","2034758081","0.0714286"
"2057117782","2063515679","0.467695"
"2063515679","2057117782","0.467695"
"2057117782","2073115105","1.02881"
"2073115105","2057117782","1.02881"
"2057117782","2096793442","0.540115"
"2096793442","2057117782","0.540115"
"2057117782","2106292136","0.133929"
"2106292136","2057117782","0.133929"
"2057117782","2111041916","0.376786"
"2111041916","2057117782","0.376786"
"2057117782","2123628025","1.08833"
"2123628025","2057117782","1.08833"
"2057117782","2158716558","0.162338"
"2158716558","2057117782","0.162338"
"2063515679","2073115105","0.324838"
"2073115105","2063515679","0.324838"
"2063515679","2096793442","1.19803"
"2096793442","2063515679","1.19803"
"2063515679","2106292136","0.24504"
"2106292136","2063515679","0.24504"
"2063515679","2111041916","3.38748"
"2111041916","2063515679","3.38748"
"2063515679","2123628025","4.07005"
"2123628025","2063515679","4.07005"
"2063515679","2158716558","2.47461"
"2158716558","2063515679","2.47461"
"2073115105","2096793442","0.956782"
"2096793442","2073115105","0.956782"
"2073115105","2106292136","0.133929"
"2106292136","2073115105","0.133929"
"2073115105","2111041916","0.233929"
"2111041916","2073115105","0.233929"
"2073115105","2123628025","1.505"
"2123628025","2073115105","1.505"
"2073115105","2158716558","0.162338"
"2158716558","2073115105","0.162338"
"2096793442","2106292136","0.0714286"
"2106292136","2096793442","0.0714286"
"2096793442","2111041916","0.857118"
"2111041916","2096793442","0.857118"
"2096793442","2123628025","1.80914"
"2123628025","2096793442","1.80914"
"2096793442","2158716558","0.788503"
"2158716558","2096793442","0.788503"
"2106292136","2111041916","0.133929"
"2111041916","2106292136","0.133929"
"2106292136","2123628025","0.133929"
"2123628025","2106292136","0.133929"
"2106292136","2158716558","0.18254"
"2158716558","2106292136","0.18254"
"2111041916","2123628025","1.06247"
"2123628025","2111041916","1.06247"
"2111041916","2158716558","1.77259"
"2158716558","2111041916","1.77259"
"2123628025","2158716558","0.788503"
"2158716558","2123628025","0.788503"
"1498190857","2099181838","3.33333"
"2099181838","1498190857","3.33333"
"1498190857","2474015102","0.5625"
"2474015102","1498190857","0.5625"
"1586410151","2474015102","0.5625"
"2474015102","1586410151","0.5625"
"1498190857","2038429719","0.333333"
"2038429719","1498190857","0.333333"
"1586410151","2038429719","0.333333"
"2038429719","1586410151","0.333333"
"1586410151","2099181838","0.587302"
"2099181838","1586410151","0.587302"
"2038429719","2099181838","0.583333"
"2099181838","2038429719","0.583333"
"1498190857","2165420164","1"
"2165420164","1498190857","1"
"1498190857","2070888554","0.0625"
"2070888554","1498190857","0.0625"
"1498190857","2073720181","0.0625"
"2073720181","1498190857","0.0625"
"1498190857","2294944160","0.0625"
"2294944160","1498190857","0.0625"
"1498190857","2465368144","0.0625"
"2465368144","1498190857","0.0625"
"1584440973","2070888554","1.04627"
"2070888554","1584440973","1.04627"
"1584440973","2073720181","0.0625"
"2073720181","1584440973","0.0625"
"1584440973","2294944160","0.0625"
"2294944160","1584440973","0.0625"
"1584440973","2465368144","0.0625"
"2465368144","1584440973","0.0625"
"1584440973","2474015102","0.3125"
"2474015102","1584440973","0.3125"
"1586410151","2070888554","0.28869"
"2070888554","1586410151","0.28869"
"1586410151","2073720181","0.145833"
"2073720181","1586410151","0.145833"
"1586410151","2294944160","0.0625"
"2294944160","1586410151","0.0625"
"1586410151","2465368144","0.0625"
"2465368144","1586410151","0.0625"
"1903475782","2070888554","0.0625"
"2070888554","1903475782","0.0625"
"1903475782","2073720181","0.0625"
"2073720181","1903475782","0.0625"
"1903475782","2294944160","0.0625"
"2294944160","1903475782","0.0625"
"1903475782","2465368144","0.0625"
"2465368144","1903475782","0.0625"
"1903475782","2474015102","0.3125"
"2474015102","1903475782","0.3125"
"1964072565","2070888554","2.41644"
"2070888554","1964072565","2.41644"
"1964072565","2073720181","0.833868"
"2073720181","1964072565","0.833868"
"1964072565","2294944160","0.173611"
"2294944160","1964072565","0.173611"
"1964072565","2465368144","0.173611"
"2465368144","1964072565","0.173611"
"1964072565","2474015102","1.17361"
"2474015102","1964072565","1.17361"
"1999646958","2070888554","0.456523"
"2070888554","1999646958","0.456523"
"1999646958","2073720181","0.222756"
"2073720181","1999646958","0.222756"
"1999646958","2294944160","0.0625"
"2294944160","1999646958","0.0625"
"1999646958","2465368144","0.0625"
"2465368144","1999646958","0.0625"
"1999646958","2474015102","0.0625"
"2474015102","1999646958","0.0625"
"2057117782","2070888554","0.0625"
"2070888554","2057117782","0.0625"
"2057117782","2073720181","0.0625"
"2073720181","2057117782","0.0625"
"2057117782","2294944160","0.0625"
"2294944160","2057117782","0.0625"
"2057117782","2465368144","0.0625"
"2465368144","2057117782","0.0625"
"2057117782","2474015102","0.3125"
"2474015102","2057117782","0.3125"
"2063515679","2070888554","2.16644"
"2070888554","2063515679","2.16644"
"2063515679","2073720181","0.333868"
"2073720181","2063515679","0.333868"
"2063515679","2294944160","0.173611"
"2294944160","2063515679","0.173611"
"2063515679","2465368144","0.173611"
"2465368144","2063515679","0.173611"
"2063515679","2474015102","0.173611"
"2474015102","2063515679","0.173611"
"2070888554","2073115105","0.455357"
"2073115105","2070888554","0.455357"
"2070888554","2073720181","4.33387"
"2073720181","2070888554","4.33387"
"2070888554","2106292136","0.173611"
"2106292136","2070888554","0.173611"
"2070888554","2111041916","0.971999"
"2111041916","2070888554","0.971999"
"2070888554","2123628025","0.456523"
"2123628025","2070888554","0.456523"
"2070888554","2294944160","1.00694"
"2294944160","2070888554","1.00694"
"2070888554","2465368144","0.173611"
"2465368144","2070888554","0.173611"
"2070888554","2474015102","2.00694"
"2474015102","2070888554","2.00694"
"2073115105","2073720181","0.0625"
"2073720181","2073115105","0.0625"
"2073115105","2294944160","0.0625"
"2294944160","2073115105","0.0625"
"2073115105","2465368144","0.0625"
"2465368144","2073115105","0.0625"
"2073115105","2474015102","0.3125"
"2474015102","2073115105","0.3125"
"2073720181","2106292136","0.173611"
"2106292136","2073720181","0.173611"
"2073720181","2111041916","0.722756"
"2111041916","2073720181","0.722756"
"2073720181","2123628025","0.222756"
"2123628025","2073720181","0.222756"
"2073720181","2294944160","0.506944"
"2294944160","2073720181","0.506944"
"2073720181","2465368144","0.173611"
"2465368144","2073720181","0.173611"
"2073720181","2474015102","0.506944"
"2474015102","2073720181","0.506944"
"2106292136","2294944160","0.173611"
"2294944160","2106292136","0.173611"
"2106292136","2465368144","0.173611"
"2465368144","2106292136","0.173611"
"2106292136","2474015102","0.173611"
"2474015102","2106292136","0.173611"
"2111041916","2294944160","0.0625"
"2294944160","2111041916","0.0625"
"2111041916","2465368144","0.0625"
"2465368144","2111041916","0.0625"
"2111041916","2474015102","0.0625"
"2474015102","2111041916","0.0625"
"2123628025","2294944160","0.0625"
"2294944160","2123628025","0.0625"
"2123628025","2465368144","0.0625"
"2465368144","2123628025","0.0625"
"2123628025","2474015102","0.0625"
"2474015102","2123628025","0.0625"
"2294944160","2465368144","1.67361"
"2465368144","2294944160","1.67361"
"2294944160","2474015102","7.34028"
"2474015102","2294944160","7.34028"
"2465368144","2474015102","1.67361"
"2474015102","2465368144","1.67361"
"1584440973","2322905375","0.5"
"2322905375","1584440973","0.5"
"2070888554","2322905375","0.5"
"2322905375","2070888554","0.5"
"1584440973","2038429719","0.75"
"2038429719","1584440973","0.75"
"1584440973","2099181838","0.594877"
"2099181838","1584440973","0.594877"
"2038429719","2070888554","0.25"
"2070888554","2038429719","0.25"
"2038429719","2073115105","0.25"
"2073115105","2038429719","0.25"
"2070888554","2099181838","1.96978"
"2099181838","2070888554","1.96978"
"2073115105","2099181838","1.92821"
"2099181838","2073115105","1.92821"
"1584440973","1970019709","0.292929"
"1970019709","1584440973","0.292929"
"1584440973","1990638482","0.20202"
"1990638482","1584440973","0.20202"
"1903475782","1970019709","0.20202"
"1970019709","1903475782","0.20202"
"1903475782","1990638482","0.344877"
"1990638482","1903475782","0.344877"
"1903475782","2099181838","1.20202"
"2099181838","1903475782","1.20202"
"1970019709","1990638482","2.03535"
"1990638482","1970019709","2.03535"
"1970019709","1999646958","0.484932"
"1999646958","1970019709","0.484932"
"1970019709","2057117782","0.20202"
"2057117782","1970019709","0.20202"
"1970019709","2063515679","0.901598"
"2063515679","1970019709","0.901598"
"1970019709","2073115105","5.03535"
"2073115105","1970019709","5.03535"
"1970019709","2096793442","0.887709"
"2096793442","1970019709","0.887709"
"1970019709","2099181838","0.612277"
"2099181838","1970019709","0.612277"
"1970019709","2123628025","0.887709"
"2123628025","1970019709","0.887709"
"1970019709","2158716558","0.758741"
"2158716558","1970019709","0.758741"
"1990638482","1999646958","0.483766"
"1999646958","1990638482","0.483766"
"1990638482","2057117782","0.344877"
"2057117782","1990638482","0.344877"
"1990638482","2063515679","0.257576"
"2063515679","1990638482","0.257576"
"1990638482","2073115105","2.42821"
"2073115105","1990638482","2.42821"
"1990638482","2096793442","0.45202"
"2096793442","1990638482","0.45202"
"1990638482","2099181838","0.535354"
"2099181838","1990638482","0.535354"
"1990638482","2123628025","0.594877"
"2123628025","1990638482","0.594877"
"1990638482","2158716558","0.257576"
"2158716558","1990638482","0.257576"
"1999646958","2099181838","0.310689"
"2099181838","1999646958","0.310689"
"2057117782","2099181838","0.20202"
"2099181838","2057117782","0.20202"
"2063515679","2099181838","0.167832"
"2099181838","2063515679","0.167832"
"2096793442","2099181838","0.278943"
"2099181838","2096793442","0.278943"
"2099181838","2123628025","0.4218"
"2123628025","2099181838","0.4218"
"2099181838","2158716558","0.167832"
"2158716558","2099181838","0.167832"
"1586410151","1970019709","0.319444"
"1970019709","1586410151","0.319444"
"1586410151","1990638482","0.253968"
"1990638482","1586410151","0.253968"
"1584440973","2041835527","0.290909"
"2041835527","1584440973","0.290909"
"1584440973","2100430694","0.0909091"
"2100430694","1584440973","0.0909091"
"1964072565","1970019709","0.977356"
"1970019709","1964072565","0.977356"
"1964072565","2041835527","0.576165"
"2041835527","1964072565","0.576165"
"1964072565","2100430694","1.59402"
"2100430694","1964072565","1.59402"
"1970019709","2041835527","0.376166"
"2041835527","1970019709","0.376166"
"1970019709","2070888554","0.542832"
"2070888554","1970019709","0.542832"
"1970019709","2100430694","1.97736"
"2100430694","1970019709","1.97736"
"1970019709","2111041916","0.977356"
"2111041916","1970019709","0.977356"
"1999646958","2041835527","0.251166"
"2041835527","1999646958","0.251166"
"1999646958","2100430694","0.394023"
"2100430694","1999646958","0.394023"
"2041835527","2063515679","0.376166"
"2063515679","2041835527","0.376166"
"2041835527","2070888554","1.7095"
"2070888554","2041835527","1.7095"
"2041835527","2096793442","0.251166"
"2096793442","2041835527","0.251166"
"2041835527","2100430694","0.709499"
"2100430694","2041835527","0.709499"
"2041835527","2111041916","0.376166"
"2111041916","2041835527","0.376166"
"2041835527","2123628025","0.251166"
"2123628025","2041835527","0.251166"
"2041835527","2158716558","0.909499"
"2158716558","2041835527","0.909499"
"2063515679","2100430694","2.42736"
"2100430694","2063515679","2.42736"
"2070888554","2096793442","0.501166"
"2096793442","2070888554","0.501166"
"2070888554","2100430694","1.24283"
"2100430694","2070888554","1.24283"
"2070888554","2158716558","1.93728"
"2158716558","2070888554","1.93728"
"2096793442","2100430694","0.685689"
"2100430694","2096793442","0.685689"
"2100430694","2111041916","1.59402"
"2111041916","2100430694","1.59402"
"2100430694","2123628025","0.685689"
"2123628025","2100430694","0.685689"
"2100430694","2158716558","1.36783"
"2158716558","2100430694","1.36783"
"1584440973","2146952692","0.5"
"2146952692","1584440973","0.5"
"2038429719","2146952692","0.5"
"2146952692","2038429719","0.5"
"1584440973","2151275531","0.2"
"2151275531","1584440973","0.2"
"1584440973","2602851708","0.2"
"2602851708","1584440973","0.2"
"1964072565","2151275531","1.48526"
"2151275531","1964072565","1.48526"
"1964072565","2602851708","0.2"
"2602851708","1964072565","0.2"
"2041835527","2151275531","0.401923"
"2151275531","2041835527","0.401923"
"2041835527","2602851708","3.53333"
"2602851708","2041835527","3.53333"
"2151275531","2158716558","2.48526"
"2158716558","2151275531","2.48526"
"2151275531","2602851708","0.7"
"2602851708","2151275531","0.7"
"2158716558","2602851708","0.2"
"2602851708","2158716558","0.2"
"1584440973","2165420164","0.142857"
"2165420164","1584440973","0.142857"
"1586410151","2165420164","1.14286"
"2165420164","1586410151","1.14286"
"1999646958","2165420164","0.142857"
"2165420164","1999646958","0.142857"
"2070888554","2165420164","0.142857"
"2165420164","2070888554","0.142857"
"2073115105","2165420164","0.142857"
"2165420164","2073115105","0.142857"
"2099181838","2165420164","1.14286"
"2165420164","2099181838","1.14286"
"2123628025","2165420164","0.142857"
"2165420164","2123628025","0.142857"
"1586410151","2952286880","0.142857"
"2952286880","1586410151","0.142857"
"1903475782","2952286880","0.142857"
"2952286880","1903475782","0.142857"
"1990638482","2952286880","0.142857"
"2952286880","1990638482","0.142857"
"1999646958","2952286880","0.392857"
"2952286880","1999646958","0.392857"
"2057117782","2952286880","0.142857"
"2952286880","2057117782","0.142857"
"2073115105","2952286880","0.142857"
"2952286880","2073115105","0.142857"
"2123628025","2952286880","0.392857"
"2952286880","2123628025","0.392857"
"1586410151","2136468040","0.333333"
"2136468040","1586410151","0.333333"
"1903475782","2136468040","0.333333"
"2136468040","1903475782","0.333333"
"2057117782","2136468040","0.333333"
"2136468040","2057117782","0.333333"
"1586410151","2041835527","0.0833333"
"2041835527","1586410151","0.0833333"
"1586410151","2100430694","0.208333"
"2100430694","1586410151","0.208333"
"1970019709","2073720181","0.326923"
"2073720181","1970019709","0.326923"
"2041835527","2073720181","0.160256"
"2073720181","2041835527","0.160256"
"2073720181","2096793442","0.160256"
"2096793442","2073720181","0.160256"
"2073720181","2100430694","0.326923"
"2100430694","2073720181","0.326923"
"2073720181","2158716558","0.771368"
"2158716558","2073720181","0.771368"
"1662573534","2030534511","0.0833333"
"2030534511","1662573534","0.0833333"
"1662573534","2051530877","0.0833333"
"2051530877","1662573534","0.0833333"
"1662573534","2057313398","0.0833333"
"2057313398","1662573534","0.0833333"
"1662573534","2209233556","0.0833333"
"2209233556","1662573534","0.0833333"
"1662573534","2334978306","1.08333"
"2334978306","1662573534","1.08333"
"1662573534","2366739623","0.583333"
"2366739623","1662573534","0.583333"
"1662573534","2556744667","0.0833333"
"2556744667","1662573534","0.0833333"
"1662573534","2581220703","0.0833333"
"2581220703","1662573534","0.0833333"
"1662573534","2585021848","0.0833333"
"2585021848","1662573534","0.0833333"
"1662573534","2748000169","0.583333"
"2748000169","1662573534","0.583333"
"1662573534","2767434259","0.0833333"
"2767434259","1662573534","0.0833333"
"1662573534","2986336041","0.0833333"
"2986336041","1662573534","0.0833333"
"2030534511","2051530877","0.0833333"
"2051530877","2030534511","0.0833333"
"2030534511","2057313398","0.0833333"
"2057313398","2030534511","0.0833333"
"2030534511","2209233556","0.0833333"
"2209233556","2030534511","0.0833333"
"2030534511","2334978306","2.08333"
"2334978306","2030534511","2.08333"
"2030534511","2366739623","0.0833333"
"2366739623","2030534511","0.0833333"
"2030534511","2556744667","0.0833333"
"2556744667","2030534511","0.0833333"
"2030534511","2581220703","0.0833333"
"2581220703","2030534511","0.0833333"
"2030534511","2585021848","0.0833333"
"2585021848","2030534511","0.0833333"
"2030534511","2748000169","0.0833333"
"2748000169","2030534511","0.0833333"
"2030534511","2767434259","0.0833333"
"2767434259","2030534511","0.0833333"
"2030534511","2986336041","0.0833333"
"2986336041","2030534511","0.0833333"
"2051530877","2057313398","0.957576"
"2057313398","2051530877","0.957576"
"2051530877","2209233556","0.860354"
"2209233556","2051530877","0.860354"
"2051530877","2334978306","0.194444"
"2334978306","2051530877","0.194444"
"2051530877","2366739623","0.90202"
"2366739623","2051530877","0.90202"
"2051530877","2556744667","4.92702"
"2556744667","2051530877","4.92702"
"2051530877","2581220703","10.1354"
"2581220703","2051530877","10.1354"
"2051530877","2585021848","3.54091"
"2585021848","2051530877","3.54091"
"2051530877","2748000169","1.95758"
"2748000169","2051530877","1.95758"
"2051530877","2767434259","1.16591"
"2767434259","2051530877","1.16591"
"2051530877","2986336041","1.91591"
"2986336041","2051530877","1.91591"
"2057313398","2209233556","2.95758"
"2209233556","2057313398","2.95758"
"2057313398","2334978306","0.0833333"
"2334978306","2057313398","0.0833333"
"2057313398","2366739623","0.174242"
"2366739623","2057313398","0.174242"
"2057313398","2556744667","3.29091"
"2556744667","2057313398","3.29091"
"2057313398","2581220703","0.957576"
"2581220703","2057313398","0.957576"
"2057313398","2585021848","0.340909"
"2585021848","2057313398","0.340909"
"2057313398","2748000169","0.174242"
"2748000169","2057313398","0.174242"
"2057313398","2767434259","0.174242"
"2767434259","2057313398","0.174242"
"2057313398","2986336041","0.174242"
"2986336041","2057313398","0.174242"
"2209233556","2334978306","0.194444"
"2334978306","2209233556","0.194444"
"2209233556","2366739623","0.553211"
"2366739623","2209233556","0.553211"
"2209233556","2556744667","1.37821"
"2556744667","2209233556","1.37821"
"2209233556","2581220703","0.860354"
"2581220703","2209233556","0.860354"
"2209233556","2585021848","0.4421"
"2585021848","2209233556","0.4421"
"2209233556","2748000169","0.4421"
"2748000169","2209233556","0.4421"
"2209233556","2767434259","0.3171"
"2767434259","2209233556","0.3171"
"2209233556","2986336041","0.3171"
"2986336041","2209233556","0.3171"
"2334978306","2366739623","0.694444"
"2366739623","2334978306","0.694444"
"2334978306","2556744667","0.194444"
"2556744667","2334978306","0.194444"
"2334978306","2581220703","0.194444"
"2581220703","2334978306","0.194444"
"2334978306","2585021848","0.0833333"
"2585021848","2334978306","0.0833333"
"2334978306","2748000169","2.08333"
"2748000169","2334978306","2.08333"
"2334978306","2767434259","0.0833333"
"2767434259","2334978306","0.0833333"
"2334978306","2986336041","0.0833333"
"2986336041","2334978306","0.0833333"
"2366739623","2556744667","0.919877"
"2556744667","2366739623","0.919877"
"2366739623","2581220703","0.935354"
"2581220703","2366739623","0.935354"
"2366739623","2585021848","1.13377"
"2585021848","2366739623","1.13377"
"2366739623","2748000169","1.13377"
"2748000169","2366739623","1.13377"
"2366739623","2767434259","4.00877"
"2767434259","2366739623","4.00877"
"2366739623","2986336041","1.20877"
"2986336041","2366739623","1.20877"
"2556744667","2581220703","2.76035"
"2581220703","2556744667","2.76035"
"2556744667","2585021848","2.3921"
"2585021848","2556744667","2.3921"
"2556744667","2748000169","1.72543"
"2748000169","2556744667","1.72543"
"2556744667","2767434259","0.808766"
"2767434259","2556744667","0.808766"
"2556744667","2986336041","1.05877"
"2986336041","2556744667","1.05877"
"2581220703","2585021848","2.07424"
"2585021848","2581220703","2.07424"
"2581220703","2748000169","0.990909"
"2748000169","2581220703","0.990909"
"2581220703","2767434259","1.19924"
"2767434259","2581220703","1.19924"
"2581220703","2986336041","1.94924"
"2986336041","2581220703","1.94924"
"2585021848","2748000169","7.25043"
"2748000169","2585021848","7.25043"
"2585021848","2767434259","1.30877"
"2767434259","2585021848","1.30877"
"2585021848","2986336041","2.17543"
"2986336041","2585021848","2.17543"
"2748000169","2767434259","1.30877"
"2767434259","2748000169","1.30877"
"2748000169","2986336041","1.25877"
"2986336041","2748000169","1.25877"
"2767434259","2986336041","1.00877"
"2986336041","2767434259","1.00877"
"1662573534","2290664838","0.5"
"2290664838","1662573534","0.5"
"1662573534","2295967239","0.5"
"2295967239","1662573534","0.5"
"2290664838","2295967239","15.5"
"2295967239","2290664838","15.5"
"1903475782","2146952692","0.333333"
"2146952692","1903475782","0.333333"
"1903475782","2165420164","0.333333"
"2165420164","1903475782","0.333333"
"2057117782","2146952692","0.333333"
"2146952692","2057117782","0.333333"
"2057117782","2165420164","0.333333"
"2165420164","2057117782","0.333333"
"2146952692","2165420164","2.33333"
"2165420164","2146952692","2.33333"
"2070888554","2151275531","1.78526"
"2151275531","2070888554","1.78526"
"1964072565","2099181838","0.0769231"
"2099181838","1964072565","0.0769231"
"1970019709","2151275531","0.201923"
"2151275531","1970019709","0.201923"
"1999646958","2151275531","0.0769231"
"2151275531","1999646958","0.0769231"
"2041835527","2099181838","0.0769231"
"2099181838","2041835527","0.0769231"
"2063515679","2151275531","0.701923"
"2151275531","2063515679","0.701923"
"2073720181","2099181838","0.0769231"
"2099181838","2073720181","0.0769231"
"2073720181","2151275531","0.0769231"
"2151275531","2073720181","0.0769231"
"2096793442","2151275531","0.326923"
"2151275531","2096793442","0.326923"
"2099181838","2100430694","0.0769231"
"2100430694","2099181838","0.0769231"
"2099181838","2111041916","0.0769231"
"2111041916","2099181838","0.0769231"
"2099181838","2151275531","0.0769231"
"2151275531","2099181838","0.0769231"
"2100430694","2151275531","0.451923"
"2151275531","2100430694","0.451923"
"2111041916","2151275531","0.451923"
"2151275531","2111041916","0.451923"
"2123628025","2151275531","0.0769231"
"2151275531","2123628025","0.0769231"
"1964072565","1990638482","0.166667"
"1990638482","1964072565","0.166667"
"1990638482","2070888554","0.166667"
"2070888554","1990638482","0.166667"
"1990638482","2100430694","0.166667"
"2100430694","1990638482","0.166667"
"1990638482","2111041916","0.166667"
"2111041916","1990638482","0.166667"
"1964072565","2952286880","0.111111"
"2952286880","1964072565","0.111111"
"2063515679","2952286880","0.361111"
"2952286880","2063515679","0.361111"
"2070888554","2952286880","0.111111"
"2952286880","2070888554","0.111111"
"2073720181","2952286880","0.111111"
"2952286880","2073720181","0.111111"
"2106292136","2952286880","0.111111"
"2952286880","2106292136","0.111111"
"2158716558","2294944160","0.111111"
"2294944160","2158716558","0.111111"
"2158716558","2465368144","0.111111"
"2465368144","2158716558","0.111111"
"2158716558","2474015102","0.111111"
"2474015102","2158716558","0.111111"
"2158716558","2952286880","0.361111"
"2952286880","2158716558","0.361111"
"2294944160","2952286880","0.111111"
"2952286880","2294944160","0.111111"
"2465368144","2952286880","0.111111"
"2952286880","2465368144","0.111111"
"2474015102","2952286880","0.111111"
"2952286880","2474015102","0.111111"
"1970019709","2034758081","0.333333"
"2034758081","1970019709","0.333333"
"1970019709","2071679154","0.333333"
"2071679154","1970019709","0.333333"
"1970019709","2083053927","0.333333"
"2083053927","1970019709","0.333333"
"2034758081","2071679154","9.41667"
"2071679154","2034758081","9.41667"
"2034758081","2083053927","9.41667"
"2083053927","2034758081","9.41667"
"2071679154","2083053927","12.4167"
"2083053927","2071679154","12.4167"
"1980881127","2158716558","0.5"
"2158716558","1980881127","0.5"
"1980881127","2322905375","1.5"
"2322905375","1980881127","1.5"
"2158716558","2322905375","0.5"
"2322905375","2158716558","0.5"
"1980881127","2048250993","2"
"2048250993","1980881127","2"
"1990638482","2034758081","1"
"2034758081","1990638482","1"
"2006267204","2149862724","1"
"2149862724","2006267204","1"
"2063515679","2071679154","0.25"
"2071679154","2063515679","0.25"
"2063515679","2083053927","0.25"
"2083053927","2063515679","0.25"
"2071679154","2111041916","0.25"
"2111041916","2071679154","0.25"
"2083053927","2111041916","0.25"
"2111041916","2083053927","0.25"
"2034758081","2952286880","0.333333"
"2952286880","2034758081","0.333333"
"2071679154","2952286880","0.333333"
"2952286880","2071679154","0.333333"
"2083053927","2952286880","0.333333"
"2952286880","2083053927","0.333333"
"2036554301","2070888554","0.5"
"2070888554","2036554301","0.5"
"2036554301","2073720181","0.5"
"2073720181","2036554301","0.5"
"2041835527","2952286880","1"
"2952286880","2041835527","1"
"2041835527","2294944160","0.333333"
"2294944160","2041835527","0.333333"
"2041835527","2474015102","0.333333"
"2474015102","2041835527","0.333333"
"2294944160","2602851708","0.833333"
"2602851708","2294944160","0.833333"
"2474015102","2602851708","0.833333"
"2602851708","2474015102","0.833333"
"2042443642","2043554160","1.33333"
"2043554160","2042443642","1.33333"
"2042443642","2210424341","0.333333"
"2210424341","2042443642","0.333333"
"2042443642","2790515939","0.333333"
"2790515939","2042443642","0.333333"
"2043554160","2210424341","5.33333"
"2210424341","2043554160","5.33333"
"2043554160","2790515939","9.33333"
"2790515939","2043554160","9.33333"
"2210424341","2790515939","6.33333"
"2790515939","2210424341","6.33333"
"2042443642","2109651012","1"
"2109651012","2042443642","1"
"2048250993","2051530877","0.166667"
"2051530877","2048250993","0.166667"
"2048250993","2057313398","0.166667"
"2057313398","2048250993","0.166667"
"2048250993","2070978394","0.166667"
"2070978394","2048250993","0.166667"
"2048250993","2518910161","0.166667"
"2518910161","2048250993","0.166667"
"2048250993","2556744667","0.166667"
"2556744667","2048250993","0.166667"
"2048250993","2581220703","0.166667"
"2581220703","2048250993","0.166667"
"2051530877","2070978394","0.166667"
"2070978394","2051530877","0.166667"
"2051530877","2518910161","0.624242"
"2518910161","2051530877","0.624242"
"2057313398","2070978394","0.5"
"2070978394","2057313398","0.5"
"2057313398","2518910161","5.29091"
"2518910161","2057313398","5.29091"
"2070978394","2518910161","1.5"
"2518910161","2070978394","1.5"
"2070978394","2556744667","0.5"
"2556744667","2070978394","0.5"
"2070978394","2581220703","0.166667"
"2581220703","2070978394","0.166667"
"2518910161","2556744667","0.957576"
"2556744667","2518910161","0.957576"
"2518910161","2581220703","0.624242"
"2581220703","2518910161","0.624242"
"2050735883","2136468040","4.5"
"2136468040","2050735883","4.5"
"2050735883","2146952692","0.5"
"2146952692","2050735883","0.5"
"2136468040","2146952692","1.5"
"2146952692","2136468040","1.5"
"2051530877","2234728002","1.65202"
"2234728002","2051530877","1.65202"
"2234728002","2556744667","2.16988"
"2556744667","2234728002","2.16988"
"2234728002","2581220703","1.15202"
"2581220703","2234728002","1.15202"
"2234728002","2585021848","1.18377"
"2585021848","2234728002","1.18377"
"2234728002","2748000169","1.18377"
"2748000169","2234728002","1.18377"
"2209233556","2518910161","0.624242"
"2518910161","2209233556","0.624242"
"2051530877","2532555538","0.277778"
"2532555538","2051530877","0.277778"
"2051530877","2584519571","0.111111"
"2584519571","2051530877","0.111111"
"2051530877","2782913793","0.361111"
"2782913793","2051530877","0.361111"
"2209233556","2234728002","5.30321"
"2234728002","2209233556","5.30321"
"2209233556","2532555538","0.111111"
"2532555538","2209233556","0.111111"
"2209233556","2584519571","0.111111"
"2584519571","2209233556","0.111111"
"2209233556","2782913793","0.611111"
"2782913793","2209233556","0.611111"
"2234728002","2334978306","0.111111"
"2334978306","2234728002","0.111111"
"2234728002","2366739623","0.594877"
"2366739623","2234728002","0.594877"
"2234728002","2532555538","0.111111"
"2532555538","2234728002","0.111111"
"2234728002","2584519571","0.111111"
"2584519571","2234728002","0.111111"
"2234728002","2782913793","0.111111"
"2782913793","2234728002","0.111111"
"2334978306","2532555538","0.111111"
"2532555538","2334978306","0.111111"
"2334978306","2584519571","0.111111"
"2584519571","2334978306","0.111111"
"2334978306","2782913793","0.111111"
"2782913793","2334978306","0.111111"
"2366739623","2532555538","0.111111"
"2532555538","2366739623","0.111111"
"2366739623","2584519571","0.111111"
"2584519571","2366739623","0.111111"
"2366739623","2782913793","0.111111"
"2782913793","2366739623","0.111111"
"2532555538","2556744667","0.277778"
"2556744667","2532555538","0.277778"
"2532555538","2581220703","0.277778"
"2581220703","2532555538","0.277778"
"2532555538","2584519571","0.111111"
"2584519571","2532555538","0.111111"
"2532555538","2782913793","0.111111"
"2782913793","2532555538","0.111111"
"2556744667","2584519571","0.111111"
"2584519571","2556744667","0.111111"
"2556744667","2782913793","0.111111"
"2782913793","2556744667","0.111111"
"2581220703","2584519571","0.611111"
"2584519571","2581220703","0.611111"
"2581220703","2782913793","0.361111"
"2782913793","2581220703","0.361111"
"2584519571","2782913793","0.611111"
"2782913793","2584519571","0.611111"
"2051530877","2244985651","0.291667"
"2244985651","2051530877","0.291667"
"2051530877","2964071396","0.291667"
"2964071396","2051530877","0.291667"
"2244985651","2556744667","0.666667"
"2556744667","2244985651","0.666667"
"2244985651","2581220703","0.791667"
"2581220703","2244985651","0.791667"
"2244985651","2585021848","0.291667"
"2585021848","2244985651","0.291667"
"2244985651","2748000169","0.291667"
"2748000169","2244985651","0.291667"
"2244985651","2964071396","15.2917"
"2964071396","2244985651","15.2917"
"2556744667","2964071396","0.916667"
"2964071396","2556744667","0.916667"
"2581220703","2964071396","0.291667"
"2964071396","2581220703","0.291667"
"2585021848","2964071396","0.541667"
"2964071396","2585021848","0.541667"
"2748000169","2964071396","0.541667"
"2964071396","2748000169","0.541667"
"2057313398","2234728002","1.42424"
"2234728002","2057313398","1.42424"
"2234728002","2518910161","3.42424"
"2518910161","2234728002","3.42424"
"2234728002","2767434259","0.358766"
"2767434259","2234728002","0.358766"
"2234728002","2986336041","0.358766"
"2986336041","2234728002","0.358766"
"2366739623","2518910161","0.0909091"
"2518910161","2366739623","0.0909091"
"2518910161","2585021848","0.257576"
"2585021848","2518910161","0.257576"
"2518910161","2748000169","0.590909"
"2748000169","2518910161","0.590909"
"2518910161","2767434259","0.0909091"
"2767434259","2518910161","0.0909091"
"2518910161","2986336041","0.0909091"
"2986336041","2518910161","0.0909091"
"2051530877","2906735259","0.333333"
"2906735259","2051530877","0.333333"
"2581220703","2906735259","0.333333"
"2906735259","2581220703","0.333333"
"2906735259","2986336041","0.333333"
"2986336041","2906735259","0.333333"
"2585021848","2782913793","0.25"
"2782913793","2585021848","0.25"
"2782913793","2986336041","0.25"
"2986336041","2782913793","0.25"
"2057313398","2532555538","0.166667"
"2532555538","2057313398","0.166667"
"2518910161","2532555538","0.166667"
"2532555538","2518910161","0.166667"
"2532555538","2585021848","0.166667"
"2585021848","2532555538","0.166667"
"2209233556","2244985651","0.625"
"2244985651","2209233556","0.625"
"2209233556","2964071396","0.625"
"2964071396","2209233556","0.625"
"2234728002","2244985651","0.125"
"2244985651","2234728002","0.125"
"2234728002","2964071396","0.125"
"2964071396","2234728002","0.125"
"2244985651","2366739623","0.125"
"2366739623","2244985651","0.125"
"2366739623","2964071396","0.125"
"2964071396","2366739623","0.125"
"2057313398","2063515679","1"
"2063515679","2057313398","1"
"2063515679","2916407884","0.5"
"2916407884","2063515679","0.5"
"2158716558","2916407884","0.5"
"2916407884","2158716558","0.5"
"2070888554","2290664838","0.5"
"2290664838","2070888554","0.5"
"2099181838","2290664838","0.5"
"2290664838","2099181838","0.5"
"2070888554","2109651012","1"
"2109651012","2070888554","1"
"2070888554","2602851708","1"
"2602851708","2070888554","1"
"2070888554","2149862724","1"
"2149862724","2070888554","1"
"2149862724","2532555538","0.5"
"2532555538","2149862724","0.5"
"2149862724","2534342463","0.5"
"2534342463","2149862724","0.5"
"2532555538","2534342463","0.5"
"2534342463","2532555538","0.5"
"2151275531","2782913793","0.5"
"2782913793","2151275531","0.5"
"2602851708","2782913793","0.5"
"2782913793","2602851708","0.5"
"2165420164","2210424341","1"
"2210424341","2165420164","1"
"2209233556","2534342463","1.5"
"2534342463","2209233556","1.5"
"2534342463","2782913793","4"
"2782913793","2534342463","4"
"2234728002","2534342463","2.5"
"2534342463","2234728002","2.5"
"2534342463","2556744667","0.5"
"2556744667","2534342463","0.5"
"2244985651","2584519571","0.5"
"2584519571","2244985651","0.5"
"2290664838","2584519571","2.5"
"2584519571","2290664838","2.5"
"2295967239","2584519571","0.5"
"2584519571","2295967239","0.5"
"2290664838","2748000169","0.5"
"2748000169","2290664838","0.5"
"2295967239","2748000169","0.5"
"2748000169","2295967239","0.5"
"2290664838","2624779900","1"
"2624779900","2290664838","1"
"2291240055","2322905375","1"
"2322905375","2291240055","1"
"2291240055","2790515939","1"
"2790515939","2291240055","1"
"2334978306","2518910161","0.5"
"2518910161","2334978306","0.5"
"2366739623","2764074721","0.2"
"2764074721","2366739623","0.2"
"2366739623","2962917499","0.2"
"2962917499","2366739623","0.2"
"2585021848","2764074721","0.2"
"2764074721","2585021848","0.2"
"2585021848","2962917499","0.2"
"2962917499","2585021848","0.2"
"2748000169","2764074721","0.2"
"2764074721","2748000169","0.2"
"2748000169","2962917499","0.2"
"2962917499","2748000169","0.2"
"2764074721","2962917499","12.3667"
"2962917499","2764074721","12.3667"
"2764074721","2986336041","0.2"
"2986336041","2764074721","0.2"
"2962917499","2986336041","0.2"
"2986336041","2962917499","0.2"
"2518910161","2534342463","1"
"2534342463","2518910161","1"
"2532555538","2602851708","1"
"2602851708","2532555538","1"
"2532555538","2916407884","2"
"2916407884","2532555538","2"
"2534342463","2584519571","0.5"
"2584519571","2534342463","0.5"
"2964071396","2986336041","0.25"
