"146791031","1542619214","0.333333"
"1542619214","146791031","0.333333"
"146791031","2008094317","5.36667"
"2008094317","146791031","5.36667"
"146791031","2085819135","0.333333"
"2085819135","146791031","0.333333"
"1542619214","2008094317","1.58333"
"2008094317","1542619214","1.58333"
"1542619214","2085819135","1.83333"
"2085819135","1542619214","1.83333"
"2008094317","2085819135","0.424242"
"2085819135","2008094317","0.424242"
"146791031","2180044790","2.775"
"2180044790","146791031","2.775"
"146791031","2299567191","0.4"
"2299567191","146791031","0.4"
"146791031","2731735635","0.525"
"2731735635","146791031","0.525"
"146791031","72310019","2.44167"
"72310019","146791031","2.44167"
"2008094317","2180044790","2.65833"
"2180044790","2008094317","2.65833"
"2008094317","2299567191","0.290909"
"2299567191","2008094317","0.290909"
"2008094317","2731735635","0.825"
"2731735635","2008094317","0.825"
"2008094317","72310019","6.99167"
"72310019","2008094317","6.99167"
"2180044790","2299567191","1.4"
"2299567191","2180044790","1.4"
"2180044790","2731735635","4.80192"
"2731735635","2180044790","4.80192"
"2180044790","72310019","1.69167"
"72310019","2180044790","1.69167"
"2299567191","2731735635","0.733333"
"2731735635","2299567191","0.733333"
"2299567191","72310019","0.4"
"72310019","2299567191","0.4"
"2731735635","72310019","0.525"
"72310019","2731735635","0.525"
"146791031","1972820653","0.625"
"1972820653","146791031","0.625"
"146791031","1984668800","0.291667"
"1984668800","146791031","0.291667"
"146791031","2016864600","0.291667"
"2016864600","146791031","0.291667"
"146791031","2468259461","0.125"
"2468259461","146791031","0.125"
"1972820653","1984668800","9.95833"
"1984668800","1972820653","9.95833"
"1972820653","2008094317","0.958333"
"2008094317","1972820653","0.958333"
"1972820653","2016864600","5.45833"
"2016864600","1972820653","5.45833"
"1972820653","2180044790","0.291667"
"2180044790","1972820653","0.291667"
"1972820653","2468259461","0.125"
"2468259461","1972820653","0.125"
"1972820653","2731735635","0.125"
"2731735635","1972820653","0.125"
"1972820653","72310019","0.458333"
"72310019","1972820653","0.458333"
"1984668800","2008094317","1.625"
"2008094317","1984668800","1.625"
"1984668800","2016864600","1.625"
"2016864600","1984668800","1.625"
"1984668800","2180044790","0.291667"
"2180044790","1984668800","0.291667"
"1984668800","2468259461","0.125"
"2468259461","1984668800","0.125"
"1984668800","2731735635","0.125"
"2731735635","1984668800","0.125"
"1984668800","72310019","0.125"
"72310019","1984668800","0.125"
"2008094317","2016864600","1.29167"
"2016864600","2008094317","1.29167"
"2008094317","2468259461","0.125"
"2468259461","2008094317","0.125"
"2016864600","2180044790","0.291667"
"2180044790","2016864600","0.291667"
"2016864600","2468259461","0.125"
"2468259461","2016864600","0.125"
"2016864600","2731735635","0.125"
"2731735635","2016864600","0.125"
"2016864600","72310019","0.125"
"72310019","2016864600","0.125"
"2180044790","2468259461","1.325"
"2468259461","2180044790","1.325"
"2468259461","2731735635","0.658333"
"2731735635","2468259461","0.658333"
"2468259461","72310019","0.125"
"72310019","2468259461","0.125"
"146791031","2555835967","0.2"
"2555835967","146791031","0.2"
"2180044790","2555835967","0.2"
"2555835967","2180044790","0.2"
"2299567191","2555835967","0.533333"
"2555835967","2299567191","0.533333"
"2555835967","2731735635","0.533333"
"2731735635","2555835967","0.533333"
"2555835967","72310019","0.2"
"72310019","2555835967","0.2"
"146791031","1984044729","0.125"
"1984044729","146791031","0.125"
"146791031","1995993925","0.125"
"1995993925","146791031","0.125"
"146791031","2048054536","0.125"
"2048054536","146791031","0.125"
"146791031","2089644544","0.125"
"2089644544","146791031","0.125"
"146791031","2132312879","0.125"
"2132312879","146791031","0.125"
"146791031","2247957643","0.125"
"2247957643","146791031","0.125"
"146791031","2625042051","0.125"
"2625042051","146791031","0.125"
"1984044729","1995993925","4.425"
"1995993925","1984044729","4.425"
"1984044729","2008094317","0.375"
"2008094317","1984044729","0.375"
"1984044729","2048054536","0.125"
"2048054536","1984044729","0.125"
"1984044729","2089644544","0.725"
"2089644544","1984044729","0.725"
"1984044729","2132312879","0.225"
"2132312879","1984044729","0.225"
"1984044729","2247957643","7.99167"
"2247957643","1984044729","7.99167"
"1984044729","2625042051","0.225"
"2625042051","1984044729","0.225"
"1995993925","2008094317","0.291667"
"2008094317","1995993925","0.291667"
"1995993925","2048054536","0.436111"
"2048054536","1995993925","0.436111"
"1995993925","2089644544","1.20119"
"2089644544","1995993925","1.20119"
"1995993925","2132312879","1.06389"
"2132312879","1995993925","1.06389"
"1995993925","2247957643","3.45833"
"2247957643","1995993925","3.45833"
"1995993925","2625042051","0.558333"
"2625042051","1995993925","0.558333"
"2008094317","2048054536","0.125"
"2048054536","2008094317","0.125"
"2008094317","2089644544","0.125"
"2089644544","2008094317","0.125"
"2008094317","2132312879","0.125"
"2132312879","2008094317","0.125"
"2008094317","2247957643","0.125"
"2247957643","2008094317","0.125"
"2008094317","2625042051","0.125"
"2625042051","2008094317","0.125"
"2048054536","2089644544","0.208333"
"2089644544","2048054536","0.208333"
"2048054536","2132312879","10.3528"
"2132312879","2048054536","10.3528"
"2048054536","2247957643","0.125"
"2247957643","2048054536","0.125"
"2048054536","2625042051","0.208333"
"2625042051","2048054536","0.208333"
"2089644544","2132312879","0.308333"
"2132312879","2089644544","0.308333"
"2089644544","2247957643","0.125"
"2247957643","2089644544","0.125"
"2089644544","2625042051","4.17256"
"2625042051","2089644544","4.17256"
"2132312879","2247957643","0.125"
"2247957643","2132312879","0.125"
"2132312879","2625042051","0.308333"
"2625042051","2132312879","0.308333"
"2247957643","2625042051","0.125"
"2625042051","2247957643","0.125"
"146791031","2305253737","0.5"
"2305253737","146791031","0.5"
"2008094317","2305253737","0.590909"
"2305253737","2008094317","0.590909"
"146791031","1971227313","0.166667"
"1971227313","146791031","0.166667"
"1971227313","1972820653","1.7"
"1972820653","1971227313","1.7"
"1971227313","1984668800","1.66667"
"1984668800","1971227313","1.66667"
"1971227313","2008094317","0.166667"
"2008094317","1971227313","0.166667"
"1971227313","2016864600","2.25"
"2016864600","1971227313","2.25"
"1971227313","2180044790","0.166667"
"2180044790","1971227313","0.166667"
"146791031","2064219154","0.5"
"2064219154","146791031","0.5"
"2008094317","2064219154","0.590909"
"2064219154","2008094317","0.590909"
"146791031","2888518795","0.25"
"2888518795","146791031","0.25"
"2008094317","2888518795","0.25"
"2888518795","2008094317","0.25"
"2180044790","2888518795","0.25"
"2888518795","2180044790","0.25"
"2888518795","72310019","0.25"
"72310019","2888518795","0.25"
"1541035835","2785858824","1.5"
"2785858824","1541035835","1.5"
"1541035835","2805298066","0.5"
"2805298066","1541035835","0.5"
"2785858824","2805298066","0.938034"
"2805298066","2785858824","0.938034"
"1541035835","1548127404","0.0833333"
"1548127404","1541035835","0.0833333"
"1541035835","1987859192","0.0833333"
"1987859192","1541035835","0.0833333"
"1541035835","2023716276","0.0833333"
"2023716276","1541035835","0.0833333"
"1541035835","2033472320","0.0833333"
"2033472320","1541035835","0.0833333"
"1541035835","2048054536","0.0833333"
"2048054536","1541035835","0.0833333"
"1541035835","2052660745","0.208333"
"2052660745","1541035835","0.208333"
"1541035835","2054570131","0.208333"
"2054570131","1541035835","0.208333"
"1541035835","2089644544","0.0833333"
"2089644544","1541035835","0.0833333"
"1541035835","2132312879","0.208333"
"2132312879","1541035835","0.208333"
"1541035835","2166392222","0.208333"
"2166392222","1541035835","0.208333"
"1541035835","2594635757","0.208333"
"2594635757","1541035835","0.208333"
"1541035835","2625042051","0.0833333"
"2625042051","1541035835","0.0833333"
"1548127404","1987859192","0.0833333"
"1987859192","1548127404","0.0833333"
"1548127404","2023716276","0.0833333"
"2023716276","1548127404","0.0833333"
"1548127404","2033472320","0.0833333"
"2033472320","1548127404","0.0833333"
"1548127404","2048054536","0.0833333"
"2048054536","1548127404","0.0833333"
"1548127404","2052660745","0.0833333"
"2052660745","1548127404","0.0833333"
"1548127404","2054570131","0.583333"
"2054570131","1548127404","0.583333"
"1548127404","2089644544","0.0833333"
"2089644544","1548127404","0.0833333"
"1548127404","2132312879","0.0833333"
"2132312879","1548127404","0.0833333"
"1548127404","2166392222","3.58333"
"2166392222","1548127404","3.58333"
"1548127404","2594635757","0.0833333"
"2594635757","1548127404","0.0833333"
"1548127404","2625042051","0.0833333"
"2625042051","1548127404","0.0833333"
"1987859192","2023716276","0.0833333"
"2023716276","1987859192","0.0833333"
"1987859192","2033472320","0.95"
"2033472320","1987859192","0.95"
"1987859192","2048054536","0.0833333"
"2048054536","1987859192","0.0833333"
"1987859192","2052660745","0.0833333"
"2052660745","1987859192","0.0833333"
"1987859192","2054570131","0.0833333"
"2054570131","1987859192","0.0833333"
"1987859192","2089644544","0.0833333"
"2089644544","1987859192","0.0833333"
"1987859192","2132312879","0.0833333"
"2132312879","1987859192","0.0833333"
"1987859192","2166392222","0.95"
"2166392222","1987859192","0.95"
"1987859192","2594635757","0.0833333"
"2594635757","1987859192","0.0833333"
"1987859192","2625042051","0.0833333"
"2625042051","1987859192","0.0833333"
"2023716276","2033472320","0.22619"
"2033472320","2023716276","0.22619"
"2023716276","2048054536","0.583333"
"2048054536","2023716276","0.583333"
"2023716276","2052660745","0.82619"
"2052660745","2023716276","0.82619"
"2023716276","2054570131","0.22619"
"2054570131","2023716276","0.22619"
"2023716276","2089644544","5.80708"
"2089644544","2023716276","5.80708"
"2023716276","2132312879","0.183333"
"2132312879","2023716276","0.183333"
"2023716276","2166392222","0.0833333"
"2166392222","2023716276","0.0833333"
"2023716276","2594635757","0.0833333"
"2594635757","2023716276","0.0833333"
"2023716276","2625042051","2.96422"
"2625042051","2023716276","2.96422"
"2033472320","2048054536","0.95"
"2048054536","2033472320","0.95"
"2033472320","2052660745","0.75"
"2052660745","2033472320","0.75"
"2033472320","2054570131","0.0833333"
"2054570131","2033472320","0.0833333"
"2033472320","2089644544","0.22619"
"2089644544","2033472320","0.22619"
"2033472320","2132312879","2.2"
"2132312879","2033472320","2.2"
"2033472320","2166392222","1.95"
"2166392222","2033472320","1.95"
"2033472320","2594635757","0.0833333"
"2594635757","2033472320","0.0833333"
"2033472320","2625042051","0.0833333"
"2625042051","2033472320","0.0833333"
"2048054536","2052660745","5.75"
"2052660745","2048054536","5.75"
"2048054536","2054570131","0.194444"
"2054570131","2048054536","0.194444"
"2048054536","2166392222","0.0833333"
"2166392222","2048054536","0.0833333"
"2048054536","2594635757","0.0833333"
"2594635757","2048054536","0.0833333"
"2052660745","2054570131","0.35119"
"2054570131","2052660745","0.35119"
"2052660745","2089644544","0.32619"
"2089644544","2052660745","0.32619"
"2052660745","2132312879","3.58611"
"2132312879","2052660745","3.58611"
"2052660745","2166392222","0.319444"
"2166392222","2052660745","0.319444"
"2052660745","2594635757","0.208333"
"2594635757","2052660745","0.208333"
"2052660745","2625042051","0.32619"
"2625042051","2052660745","0.32619"
"2054570131","2089644544","0.22619"
"2089644544","2054570131","0.22619"
"2054570131","2132312879","0.319444"
"2132312879","2054570131","0.319444"
"2054570131","2166392222","2.04167"
"2166392222","2054570131","2.04167"
"2054570131","2594635757","4.65833"
"2594635757","2054570131","4.65833"
"2054570131","2625042051","0.22619"
"2625042051","2054570131","0.22619"
"2089644544","2166392222","0.0833333"
"2166392222","2089644544","0.0833333"
"2089644544","2594635757","0.0833333"
"2594635757","2089644544","0.0833333"
"2132312879","2166392222","0.486111"
"2166392222","2132312879","0.486111"
"2132312879","2594635757","0.208333"
"2594635757","2132312879","0.208333"
"2166392222","2594635757","1.54167"
"2594635757","2166392222","1.54167"
"2166392222","2625042051","0.0833333"
"2625042051","2166392222","0.0833333"
"2594635757","2625042051","0.0833333"
"2625042051","2594635757","0.0833333"
"1541035835","1971227313","0.5"
"1971227313","1541035835","0.5"
"1541035835","2126084135","0.5"
"2126084135","1541035835","0.5"
"1971227313","2126084135","1.08333"
"2126084135","1971227313","1.08333"
"1541035835","2002155818","0.125"
"2002155818","1541035835","0.125"
"1541035835","2016165345","0.125"
"2016165345","1541035835","0.125"
"1541035835","2554656963","0.125"
"2554656963","1541035835","0.125"
"2002155818","2016165345","6.57897"
"2016165345","2002155818","6.57897"
"2002155818","2052660745","2.26786"
"2052660745","2002155818","2.26786"
"2002155818","2054570131","0.378968"
"2054570131","2002155818","0.378968"
"2002155818","2132312879","1.43611"
"2132312879","2002155818","1.43611"
"2002155818","2166392222","0.791667"
"2166392222","2002155818","0.791667"
"2002155818","2554656963","0.125"
"2554656963","2002155818","0.125"
"2002155818","2594635757","0.125"
"2594635757","2002155818","0.125"
"2016165345","2052660745","3.47897"
"2052660745","2016165345","3.47897"
"2016165345","2054570131","0.378968"
"2054570131","2016165345","0.378968"
"2016165345","2132312879","1.64722"
"2132312879","2016165345","1.64722"
"2016165345","2166392222","0.902778"
"2166392222","2016165345","0.902778"
"2016165345","2554656963","0.125"
"2554656963","2016165345","0.125"
"2016165345","2594635757","0.125"
"2594635757","2016165345","0.125"
"2052660745","2554656963","0.125"
"2554656963","2052660745","0.125"
"2054570131","2554656963","1.45833"
"2554656963","2054570131","1.45833"
"2132312879","2554656963","0.125"
"2554656963","2132312879","0.125"
"2166392222","2554656963","6.325"
"2554656963","2166392222","6.325"
"2554656963","2594635757","1.45833"
"2594635757","2554656963","1.45833"
"1542619214","2576071426","1"
"2576071426","1542619214","1"
"1542619214","1984668800","0.25"
"1984668800","1542619214","0.25"
"1542619214","2003197017","0.333333"
"2003197017","1542619214","0.333333"
"1542619214","2555835967","0.25"
"2555835967","1542619214","0.25"
"1542619214","2605413239","1.2"
"2605413239","1542619214","1.2"
"1984668800","2003197017","0.25"
"2003197017","1984668800","0.25"
"1984668800","2555835967","0.25"
"2555835967","1984668800","0.25"
"1984668800","2605413239","0.25"
"2605413239","1984668800","0.25"
"2003197017","2555835967","0.25"
"2555835967","2003197017","0.25"
"2003197017","2605413239","11.2436"
"2605413239","2003197017","11.2436"
"2555835967","2605413239","0.25"
"2605413239","2555835967","0.25"
"1542619214","1984044729","1.05"
"1984044729","1542619214","1.05"
"1542619214","2221971807","0.5"
"2221971807","1542619214","0.5"
"1984044729","2085819135","1.66667"
"2085819135","1984044729","1.66667"
"1984044729","2221971807","0.916667"
"2221971807","1984044729","0.916667"
"2085819135","2221971807","0.666667"
"2221971807","2085819135","0.666667"
"1542619214","2592801376","1"
"2592801376","1542619214","1"
"1542619214","1985687606","2.21667"
"1985687606","1542619214","2.21667"
"1542619214","1995993925","0.433333"
"1995993925","1542619214","0.433333"
"1542619214","2016165345","0.1"
"2016165345","1542619214","0.1"
"1542619214","2023716276","0.3"
"2023716276","1542619214","0.3"
"1542619214","2052660745","0.1"
"2052660745","1542619214","0.1"
"1542619214","2089644544","0.3"
"2089644544","1542619214","0.3"
"1542619214","2132312879","0.1"
"2132312879","1542619214","0.1"
"1542619214","2165761296","0.1"
"2165761296","1542619214","0.1"
"1542619214","2625042051","0.3"
"2625042051","1542619214","0.3"
"1984044729","1985687606","0.716667"
"1985687606","1984044729","0.716667"
"1984044729","2016165345","0.1"
"2016165345","1984044729","0.1"
"1984044729","2023716276","0.1"
"2023716276","1984044729","0.1"
"1984044729","2052660745","0.1"
"2052660745","1984044729","0.1"
"1984044729","2165761296","0.1"
"2165761296","1984044729","0.1"
"1985687606","1995993925","0.433333"
"1995993925","1985687606","0.433333"
"1985687606","2016165345","0.1"
"2016165345","1985687606","0.1"
"1985687606","2023716276","0.35"
"2023716276","1985687606","0.35"
"1985687606","2052660745","0.1"
"2052660745","1985687606","0.1"
"1985687606","2089644544","0.1"
"2089644544","1985687606","0.1"
"1985687606","2132312879","0.1"
"2132312879","1985687606","0.1"
"1985687606","2165761296","0.1"
"2165761296","1985687606","0.1"
"1985687606","2625042051","0.35"
"2625042051","1985687606","0.35"
"1995993925","2016165345","0.688889"
"2016165345","1995993925","0.688889"
"1995993925","2023716276","0.742857"
"2023716276","1995993925","0.742857"
"1995993925","2052660745","0.711111"
"2052660745","1995993925","0.711111"
"1995993925","2165761296","0.433333"
"2165761296","1995993925","0.433333"
"2016165345","2023716276","0.242857"
"2023716276","2016165345","0.242857"
"2016165345","2089644544","0.242857"
"2089644544","2016165345","0.242857"
"2016165345","2165761296","0.433333"
"2165761296","2016165345","0.433333"
"2016165345","2625042051","0.242857"
"2625042051","2016165345","0.242857"
"2023716276","2165761296","0.1"
"2165761296","2023716276","0.1"
"2052660745","2165761296","0.1"
"2165761296","2052660745","0.1"
"2089644544","2165761296","0.1"
"2165761296","2089644544","0.1"
"2132312879","2165761296","0.1"
"2165761296","2132312879","0.1"
"2165761296","2625042051","1.1"
"2625042051","2165761296","1.1"
"1542619214","2305253737","0.5"
"2305253737","1542619214","0.5"
"2305253737","2605413239","0.75"
"2605413239","2305253737","0.75"
"1542619214","2410252536","0.5"
"2410252536","1542619214","0.5"
"1985687606","2410252536","2.5"
"2410252536","1985687606","2.5"
"1542619214","1578870273","0.0833333"
"1578870273","1542619214","0.0833333"
"1542619214","1990979046","0.0833333"
"1990979046","1542619214","0.0833333"
"1542619214","2023450259","0.0833333"
"2023450259","1542619214","0.0833333"
"1542619214","2078263418","0.0833333"
"2078263418","1542619214","0.0833333"
"1542619214","2180044790","0.0833333"
"2180044790","1542619214","0.0833333"
"1542619214","2588379369","0.0833333"
"2588379369","1542619214","0.0833333"
"1542619214","72310019","0.25"
"72310019","1542619214","0.25"
"1578870273","1984044729","0.0833333"
"1984044729","1578870273","0.0833333"
"1578870273","1985687606","0.0833333"
"1985687606","1578870273","0.0833333"
"1578870273","1990979046","0.840909"
"1990979046","1578870273","0.840909"
"1578870273","2003197017","0.0833333"
"2003197017","1578870273","0.0833333"
"1578870273","2008094317","0.507576"
"2008094317","1578870273","0.507576"
"1578870273","2023450259","0.0833333"
"2023450259","1578870273","0.0833333"
"1578870273","2078263418","0.674242"
"2078263418","1578870273","0.674242"
"1578870273","2180044790","0.0833333"
"2180044790","1578870273","0.0833333"
"1578870273","2588379369","0.75"
"2588379369","1578870273","0.75"
"1578870273","2605413239","1.08333"
"2605413239","1578870273","1.08333"
"1578870273","72310019","0.0833333"
"72310019","1578870273","0.0833333"
"1984044729","1990979046","0.0833333"
"1990979046","1984044729","0.0833333"
"1984044729","2003197017","0.416667"
"2003197017","1984044729","0.416667"
"1984044729","2023450259","1.45"
"2023450259","1984044729","1.45"
"1984044729","2078263418","0.0833333"
"2078263418","1984044729","0.0833333"
"1984044729","2180044790","0.283333"
"2180044790","1984044729","0.283333"
"1984044729","2588379369","0.0833333"
"2588379369","1984044729","0.0833333"
"1984044729","2605413239","0.45"
"2605413239","1984044729","0.45"
"1984044729","72310019","0.25"
"72310019","1984044729","0.25"
"1985687606","1990979046","0.0833333"
"1990979046","1985687606","0.0833333"
"1985687606","2003197017","0.0833333"
"2003197017","1985687606","0.0833333"
"1985687606","2008094317","0.25"
"2008094317","1985687606","0.25"
"1985687606","2023450259","0.0833333"
"2023450259","1985687606","0.0833333"
"1985687606","2078263418","0.0833333"
"2078263418","1985687606","0.0833333"
"1985687606","2180044790","0.0833333"
"2180044790","1985687606","0.0833333"
"1985687606","2588379369","0.0833333"
"2588379369","1985687606","0.0833333"
"1985687606","2605413239","0.45"
"2605413239","1985687606","0.45"
"1985687606","72310019","0.25"
"72310019","1985687606","0.25"
"1990979046","2003197017","1.33333"
"2003197017","1990979046","1.33333"
"1990979046","2008094317","1.75758"
"2008094317","1990979046","1.75758"
"1990979046","2023450259","0.0833333"
"2023450259","1990979046","0.0833333"
"1990979046","2078263418","19.2576"
"2078263418","1990979046","19.2576"
"1990979046","2180044790","0.0833333"
"2180044790","1990979046","0.0833333"
"1990979046","2588379369","0.0833333"
"2588379369","1990979046","0.0833333"
"1990979046","2605413239","1.25"
"2605413239","1990979046","1.25"
"1990979046","72310019","0.0833333"
"72310019","1990979046","0.0833333"
"2003197017","2008094317","0.0833333"
"2008094317","2003197017","0.0833333"
"2003197017","2023450259","0.0833333"
"2023450259","2003197017","0.0833333"
"2003197017","2078263418","1.33333"
"2078263418","2003197017","1.33333"
"2003197017","2180044790","0.160256"
"2180044790","2003197017","0.160256"
"2003197017","2588379369","0.0833333"
"2588379369","2003197017","0.0833333"
"2003197017","72310019","0.0833333"
"72310019","2003197017","0.0833333"
"2008094317","2023450259","0.0833333"
"2023450259","2008094317","0.0833333"
"2008094317","2078263418","0.757576"
"2078263418","2008094317","0.757576"
"2008094317","2588379369","0.0833333"
"2588379369","2008094317","0.0833333"
"2008094317","2605413239","1.5"
"2605413239","2008094317","1.5"
"2023450259","2078263418","0.0833333"
"2078263418","2023450259","0.0833333"
"2023450259","2180044790","0.283333"
"2180044790","2023450259","0.283333"
"2023450259","2588379369","0.0833333"
"2588379369","2023450259","0.0833333"
"2023450259","2605413239","0.0833333"
"2605413239","2023450259","0.0833333"
"2023450259","72310019","0.0833333"
"72310019","2023450259","0.0833333"
"2078263418","2180044790","0.0833333"
"2180044790","2078263418","0.0833333"
"2078263418","2588379369","0.0833333"
"2588379369","2078263418","0.0833333"
"2078263418","2605413239","1.08333"
"2605413239","2078263418","1.08333"
"2078263418","72310019","0.0833333"
"72310019","2078263418","0.0833333"
"2180044790","2588379369","0.0833333"
"2588379369","2180044790","0.0833333"
"2180044790","2605413239","0.160256"
"2605413239","2180044790","0.160256"
"2588379369","2605413239","0.0833333"
"2605413239","2588379369","0.0833333"
"2588379369","72310019","0.0833333"
"72310019","2588379369","0.0833333"
"2605413239","72310019","0.25"
"72310019","2605413239","0.25"
"1542619214","2078098002","1"
"2078098002","1542619214","1"
"1995993925","2605413239","0.166667"
"2605413239","1995993925","0.166667"
"1995993925","72310019","0.166667"
"72310019","1995993925","0.166667"
"1542619214","2019309127","0.2"
"2019309127","1542619214","0.2"
"1542619214","2074721350","0.2"
"2074721350","1542619214","0.2"
"2019309127","2023716276","1.2"
"2023716276","2019309127","1.2"
"2019309127","2074721350","5.68333"
"2074721350","2019309127","5.68333"
"2019309127","2089644544","3.28333"
"2089644544","2019309127","3.28333"
"2019309127","2625042051","0.45"
"2625042051","2019309127","0.45"
"2023716276","2074721350","0.45"
"2074721350","2023716276","0.45"
"2074721350","2089644544","0.2"
"2089644544","2074721350","0.2"
"2074721350","2625042051","0.45"
"2625042051","2074721350","0.45"
"1542619214","2805298066","1"
"2805298066","1542619214","1"
"1542619214","2247957643","0.366667"
"2247957643","1542619214","0.366667"
"1985687606","2085819135","0.166667"
"2085819135","1985687606","0.166667"
"1985687606","2221971807","0.166667"
"2221971807","1985687606","0.166667"
"1985687606","2247957643","0.566667"
"2247957643","1985687606","0.566667"
"1995993925","2085819135","1"
"2085819135","1995993925","1"
"1995993925","2221971807","1.66667"
"2221971807","1995993925","1.66667"
"2085819135","2247957643","0.833333"
"2247957643","2085819135","0.833333"
"2221971807","2247957643","0.333333"
"2247957643","2221971807","0.333333"
"1542619214","2585918903","0.2"
"2585918903","1542619214","0.2"
"1984044729","2585918903","0.366667"
"2585918903","1984044729","0.366667"
"1985687606","2585918903","0.2"
"2585918903","1985687606","0.2"
"2247957643","2585918903","0.366667"
"2585918903","2247957643","0.366667"
"2247957643","2605413239","0.2"
"2605413239","2247957643","0.2"
"2585918903","2605413239","0.2"
"2605413239","2585918903","0.2"
"1548127404","2554656963","1"
"2554656963","1548127404","1"
"1578870273","2013857641","5.00758"
"2013857641","1578870273","5.00758"
"1578870273","2014179916","1.75"
"2014179916","1578870273","1.75"
"1578870273","2064219154","4.17424"
"2064219154","1578870273","4.17424"
"1578870273","2094768762","2.42424"
"2094768762","1578870273","2.42424"
"2013857641","2014179916","6.83333"
"2014179916","2013857641","6.83333"
"2013857641","2064219154","3.92424"
"2064219154","2013857641","3.92424"
"2013857641","2094768762","0.590909"
"2094768762","2013857641","0.590909"
"2014179916","2064219154","2"
"2064219154","2014179916","2"
"2014179916","2094768762","0.625"
"2094768762","2014179916","0.625"
"2064219154","2094768762","1.42424"
"2094768762","2064219154","1.42424"
"1578870273","2888518795","1.66667"
"2888518795","1578870273","1.66667"
"2064219154","2888518795","0.666667"
"2888518795","2064219154","0.666667"
"1578870273","2078098002","0.757576"
"2078098002","1578870273","0.757576"
"1578870273","2622747834","0.833333"
"2622747834","1578870273","0.833333"
"2078098002","2622747834","2.5"
"2622747834","2078098002","2.5"
"1578870273","2054570131","0.0909091"
"2054570131","1578870273","0.0909091"
"1578870273","2085819135","0.0909091"
"2085819135","1578870273","0.0909091"
"1578870273","2299567191","0.0909091"
"2299567191","1578870273","0.0909091"
"1578870273","2305253737","0.0909091"
"2305253737","1578870273","0.0909091"
"1990979046","2013857641","0.0909091"
"2013857641","1990979046","0.0909091"
"1990979046","2054570131","3.17424"
"2054570131","1990979046","3.17424"
"1990979046","2064219154","0.257576"
"2064219154","1990979046","0.257576"
"1990979046","2078098002","2.25758"
"2078098002","1990979046","2.25758"
"1990979046","2085819135","0.0909091"
"2085819135","1990979046","0.0909091"
"1990979046","2094768762","0.0909091"
"2094768762","1990979046","0.0909091"
"1990979046","2299567191","0.0909091"
"2299567191","1990979046","0.0909091"
"1990979046","2305253737","0.0909091"
"2305253737","1990979046","0.0909091"
"2008094317","2013857641","0.424242"
"2013857641","2008094317","0.424242"
"2008094317","2054570131","0.674242"
"2054570131","2008094317","0.674242"
"2008094317","2078098002","0.0909091"
"2078098002","2008094317","0.0909091"
"2008094317","2094768762","0.0909091"
"2094768762","2008094317","0.0909091"
"2013857641","2054570131","0.0909091"
"2054570131","2013857641","0.0909091"
"2013857641","2078098002","0.0909091"
"2078098002","2013857641","0.0909091"
"2013857641","2078263418","0.0909091"
"2078263418","2013857641","0.0909091"
"2013857641","2085819135","0.0909091"
"2085819135","2013857641","0.0909091"
"2013857641","2299567191","0.0909091"
"2299567191","2013857641","0.0909091"
"2013857641","2305253737","0.0909091"
"2305253737","2013857641","0.0909091"
"2054570131","2064219154","0.0909091"
"2064219154","2054570131","0.0909091"
"2054570131","2078098002","0.0909091"
"2078098002","2054570131","0.0909091"
"2054570131","2078263418","2.17424"
"2078263418","2054570131","2.17424"
"2054570131","2085819135","0.0909091"
"2085819135","2054570131","0.0909091"
"2054570131","2094768762","0.0909091"
"2094768762","2054570131","0.0909091"
"2054570131","2299567191","0.0909091"
"2299567191","2054570131","0.0909091"
"2054570131","2305253737","0.0909091"
"2305253737","2054570131","0.0909091"
"2064219154","2078098002","0.590909"
"2078098002","2064219154","0.590909"
"2064219154","2078263418","0.0909091"
"2078263418","2064219154","0.0909091"
"2064219154","2085819135","0.0909091"
"2085819135","2064219154","0.0909091"
"2064219154","2299567191","0.0909091"
"2299567191","2064219154","0.0909091"
"2064219154","2305253737","0.0909091"
"2305253737","2064219154","0.0909091"
"2078098002","2078263418","0.0909091"
"2078263418","2078098002","0.0909091"
"2078098002","2085819135","0.0909091"
"2085819135","2078098002","0.0909091"
"2078098002","2094768762","1.09091"
"2094768762","2078098002","1.09091"
"2078098002","2299567191","0.0909091"
"2299567191","2078098002","0.0909091"
"2078098002","2305253737","0.0909091"
"2305253737","2078098002","0.0909091"
"2078263418","2085819135","0.0909091"
"2085819135","2078263418","0.0909091"
"2078263418","2094768762","0.0909091"
"2094768762","2078263418","0.0909091"
"2078263418","2299567191","0.0909091"
"2299567191","2078263418","0.0909091"
"2078263418","2305253737","0.0909091"
"2305253737","2078263418","0.0909091"
"2085819135","2094768762","0.0909091"
"2094768762","2085819135","0.0909091"
"2085819135","2299567191","0.0909091"
"2299567191","2085819135","0.0909091"
"2085819135","2305253737","0.0909091"
"2305253737","2085819135","0.0909091"
"2094768762","2299567191","0.0909091"
"2299567191","2094768762","0.0909091"
"2094768762","2305253737","0.0909091"
"2305253737","2094768762","0.0909091"
"2299567191","2305253737","0.0909091"
"2305253737","2299567191","0.0909091"
"1578870273","2576071426","1.66667"
"2576071426","1578870273","1.66667"
"2576071426","2588379369","0.333333"
"2588379369","2576071426","0.333333"
"2576071426","2622747834","1.33333"
"2622747834","2576071426","1.33333"
"2588379369","2622747834","1.83333"
"2622747834","2588379369","1.83333"
"1578870273","2014529054","0.5"
"2014529054","1578870273","0.5"
"2014179916","2014529054","0.5"
"2014529054","2014179916","0.5"
"1578870273","1971227313","0.25"
"1971227313","1578870273","0.25"
"1578870273","2126084135","0.25"
"2126084135","1578870273","0.25"
"1578870273","2785858824","0.25"
"2785858824","1578870273","0.25"
"1971227313","2094768762","0.25"
"2094768762","1971227313","0.25"
"1971227313","2785858824","0.361111"
"2785858824","1971227313","0.361111"
"2094768762","2126084135","0.583333"
"2126084135","2094768762","0.583333"
"2094768762","2785858824","0.25"
"2785858824","2094768762","0.25"
"2126084135","2785858824","0.416667"
"2785858824","2126084135","0.416667"
"2064219154","2576071426","0.333333"
"2576071426","2064219154","0.333333"
"2094768762","2576071426","0.333333"
"2576071426","2094768762","0.333333"
"1578870273","2019309127","0.333333"
"2019309127","1578870273","0.333333"
"2008094317","2019309127","0.333333"
"2019309127","2008094317","0.333333"
"2013857641","2019309127","0.333333"
"2019309127","2013857641","0.333333"
"1578870273","2956342231","1.33333"
"2956342231","1578870273","1.33333"
"1578870273","2892352926","0.333333"
"2892352926","1578870273","0.333333"
"1578870273","2953518335","0.333333"
"2953518335","1578870273","0.333333"
"2588379369","2892352926","0.333333"
"2892352926","2588379369","0.333333"
"2588379369","2953518335","0.333333"
"2953518335","2588379369","0.333333"
"2892352926","2953518335","2.33333"
"2953518335","2892352926","2.33333"
"2014179916","2576071426","0.5"
"2576071426","2014179916","0.5"
"1578870273","2089644544","0.5"
"2089644544","1578870273","0.5"
"1578870273","2794088722","0.5"
"2794088722","1578870273","0.5"
"2089644544","2794088722","0.5"
"2794088722","2089644544","0.5"
"1578870273","2791280689","0.333333"
"2791280689","1578870273","0.333333"
"2605413239","2791280689","0.333333"
"2791280689","2605413239","0.333333"
"2605413239","2956342231","0.583333"
"2956342231","2605413239","0.583333"
"2791280689","2956342231","0.333333"
"2956342231","2791280689","0.333333"
"2576071426","2605413239","1.5"
"2605413239","2576071426","1.5"
"1990979046","2014179916","0.166667"
"2014179916","1990979046","0.166667"
"1990979046","2888518795","0.666667"
"2888518795","1990979046","0.666667"
"2014179916","2078098002","0.166667"
"2078098002","2014179916","0.166667"
"2014179916","2605413239","0.166667"
"2605413239","2014179916","0.166667"
"2014179916","2888518795","0.166667"
"2888518795","2014179916","0.166667"
"2064219154","2605413239","0.166667"
"2605413239","2064219154","0.166667"
"2078098002","2605413239","1.5"
"2605413239","2078098002","1.5"
"2078098002","2888518795","0.166667"
"2888518795","2078098002","0.166667"
"2605413239","2888518795","0.166667"
"2888518795","2605413239","0.166667"
"1587011440","2512421383","10.95"
"2512421383","1587011440","10.95"
"1587011440","2605418200","1"
"2605418200","1587011440","1"
"1587011440","1971227313","0.75"
"1971227313","1587011440","0.75"
"1971227313","2512421383","1.75"
"2512421383","1971227313","1.75"
"1587011440","1985687606","0.2"
"1985687606","1587011440","0.2"
"1587011440","2019309127","0.2"
"2019309127","1587011440","0.2"
"1587011440","2074721350","0.2"
"2074721350","1587011440","0.2"
"1587011440","2247957643","0.2"
"2247957643","1587011440","0.2"
"1985687606","2019309127","0.45"
"2019309127","1985687606","0.45"
"1985687606","2074721350","0.45"
"2074721350","1985687606","0.45"
"1985687606","2512421383","0.2"
"2512421383","1985687606","0.2"
"2019309127","2247957643","0.2"
"2247957643","2019309127","0.2"
"2019309127","2512421383","0.2"
"2512421383","2019309127","0.2"
"2074721350","2247957643","0.533333"
"2247957643","2074721350","0.533333"
"2074721350","2512421383","0.2"
"2512421383","2074721350","0.2"
"2247957643","2512421383","0.2"
"2512421383","2247957643","0.2"
"1587011440","2014529054","0.25"
"2014529054","1587011440","0.25"
"1587011440","2016864600","0.25"
"2016864600","1587011440","0.25"
"1971227313","2014529054","1.25"
"2014529054","1971227313","1.25"
"2014529054","2016864600","0.25"
"2016864600","2014529054","0.25"
"2014529054","2512421383","0.25"
"2512421383","2014529054","0.25"
"2016864600","2512421383","0.25"
"2512421383","2016864600","0.25"
"1591624886","1976394183","11.9444"
"1976394183","1591624886","11.9444"
"1591624886","2033472320","0.5"
"2033472320","1591624886","0.5"
"1591624886","2054076163","2.61111"
"2054076163","1591624886","2.61111"
"2033472320","2054076163","0.5"
"2054076163","2033472320","0.5"
"1591624886","2090672487","0.333333"
"2090672487","1591624886","0.333333"
"1591624886","2127368091","0.333333"
"2127368091","1591624886","0.333333"
"1591624886","2747806047","0.333333"
"2747806047","1591624886","0.333333"
"2090672487","2127368091","1.16667"
"2127368091","2090672487","1.16667"
"2090672487","2747806047","1.16667"
"2747806047","2090672487","1.16667"
"2127368091","2747806047","5.16667"
"2747806047","2127368091","5.16667"
"1591624886","2018316429","2.5"
"2018316429","1591624886","2.5"
"2018316429","2054076163","3.11111"
"2054076163","2018316429","3.11111"
"1976394183","2054076163","0.722222"
"2054076163","1976394183","0.722222"
"1591624886","2162517559","0.444444"
"2162517559","1591624886","0.444444"
"1591624886","2953518335","0.333333"
"2953518335","1591624886","0.333333"
"1976394183","2162517559","0.444444"
"2162517559","1976394183","0.444444"
"1976394183","2953518335","0.333333"
"2953518335","1976394183","0.333333"
"2162517559","2953518335","0.583333"
"2953518335","2162517559","0.583333"
"1591624886","1939296178","0.333333"
"1939296178","1591624886","0.333333"
"1591624886","1973836819","0.333333"
"1973836819","1591624886","0.333333"
"1591624886","1988956820","0.333333"
"1988956820","1591624886","0.333333"
"1939296178","1973836819","0.333333"
"1973836819","1939296178","0.333333"
"1939296178","1988956820","0.333333"
"1988956820","1939296178","0.333333"
"1973836819","1988956820","0.333333"
"1988956820","1973836819","0.333333"
"1591624886","1995993925","0.111111"
"1995993925","1591624886","0.111111"
"1591624886","2002155818","0.111111"
"2002155818","1591624886","0.111111"
"1591624886","2016165345","0.111111"
"2016165345","1591624886","0.111111"
"1591624886","2048054536","0.111111"
"2048054536","1591624886","0.111111"
"1591624886","2054570131","0.111111"
"2054570131","1591624886","0.111111"
"1591624886","2132312879","0.111111"
"2132312879","1591624886","0.111111"
"1976394183","1995993925","0.222222"
"1995993925","1976394183","0.222222"
"1976394183","2002155818","0.111111"
"2002155818","1976394183","0.111111"
"1976394183","2016165345","0.222222"
"2016165345","1976394183","0.222222"
"1976394183","2048054536","0.111111"
"2048054536","1976394183","0.111111"
"1976394183","2054570131","0.111111"
"2054570131","1976394183","0.111111"
"1976394183","2132312879","0.222222"
"2132312879","1976394183","0.222222"
"1995993925","2002155818","0.477778"
"2002155818","1995993925","0.477778"
"1995993925","2054076163","0.222222"
"2054076163","1995993925","0.222222"
"1995993925","2054570131","0.977778"
"2054570131","1995993925","0.977778"
"1995993925","2162517559","0.111111"
"2162517559","1995993925","0.111111"
"2002155818","2048054536","0.311111"
"2048054536","2002155818","0.311111"
"2002155818","2054076163","0.111111"
"2054076163","2002155818","0.111111"
"2002155818","2162517559","0.111111"
"2162517559","2002155818","0.111111"
"2016165345","2048054536","0.311111"
"2048054536","2016165345","0.311111"
"2016165345","2054076163","0.222222"
"2054076163","2016165345","0.222222"
"2016165345","2162517559","0.111111"
"2162517559","2016165345","0.111111"
"2048054536","2054076163","0.111111"
"2054076163","2048054536","0.111111"
"2048054536","2162517559","0.111111"
"2162517559","2048054536","0.111111"
"2054076163","2054570131","0.111111"
"2054570131","2054076163","0.111111"
"2054076163","2132312879","0.222222"
"2132312879","2054076163","0.222222"
"2054076163","2162517559","0.111111"
"2162517559","2054076163","0.111111"
"2054570131","2162517559","0.111111"
"2162517559","2054570131","0.111111"
"2132312879","2162517559","0.361111"
"2162517559","2132312879","0.361111"
"1591624886","1987859192","1"
"1987859192","1591624886","1"
"1905550580","1973836819","1.5"
"1973836819","1905550580","1.5"
"1905550580","1969153322","1.16667"
"1969153322","1905550580","1.16667"
"1905550580","2018316429","0.333333"
"2018316429","1905550580","0.333333"
"1905550580","2096802644","0.166667"
"2096802644","1905550580","0.166667"
"1905550580","2162517559","1.33333"
"2162517559","1905550580","1.33333"
"1905550580","2431750875","0.166667"
"2431750875","1905550580","0.166667"
"1905550580","2555389224","0.166667"
"2555389224","1905550580","0.166667"
"1969153322","2018316429","2.75"
"2018316429","1969153322","2.75"
"1969153322","2096802644","2.5"
"2096802644","1969153322","2.5"
"1969153322","2162517559","3.75"
"2162517559","1969153322","3.75"
"1969153322","2431750875","1.83333"
"2431750875","1969153322","1.83333"
"1969153322","2555389224","0.5"
"2555389224","1969153322","0.5"
"2018316429","2096802644","4.86111"
"2096802644","2018316429","4.86111"
"2018316429","2162517559","1.66667"
"2162517559","2018316429","1.66667"
"2018316429","2431750875","0.166667"
"2431750875","2018316429","0.166667"
"2018316429","2555389224","0.166667"
"2555389224","2018316429","0.166667"
"2096802644","2162517559","27.5833"
"2162517559","2096802644","27.5833"
"2096802644","2431750875","0.166667"
"2431750875","2096802644","0.166667"
"2096802644","2555389224","0.166667"
"2555389224","2096802644","0.166667"
"2162517559","2431750875","0.166667"
"2431750875","2162517559","0.166667"
"2162517559","2555389224","0.166667"
"2555389224","2162517559","0.166667"
"2431750875","2555389224","0.833333"
"2555389224","2431750875","0.833333"
"1905550580","2003197017","1"
"2003197017","1905550580","1"
"1905550580","2605413239","1"
"2605413239","1905550580","1"
"1973836819","2003197017","0.5"
"2003197017","1973836819","0.5"
"1973836819","2605413239","0.5"
"2605413239","1973836819","0.5"
"1905550580","2973344223","0.166667"
"2973344223","1905550580","0.166667"
"1973836819","2018316429","0.166667"
"2018316429","1973836819","0.166667"
"1973836819","2162517559","2"
"2162517559","1973836819","2"
"1973836819","2973344223","0.166667"
"2973344223","1973836819","0.166667"
"2003197017","2018316429","0.416667"
