"12515546","1987950482","1.66667"
"1987950482","12515546","1.66667"
"12515546","2118210872","4.33333"
"2118210872","12515546","4.33333"
"1987950482","2118210872","5.83333"
"2118210872","1987950482","5.83333"
"12515546","1583697438","0.833333"
"1583697438","12515546","0.833333"
"1583697438","1987950482","16.8889"
"1987950482","1583697438","16.8889"
"12515546","1504186633","0.5"
"1504186633","12515546","0.5"
"12515546","2119710029","0.5"
"2119710029","12515546","0.5"
"1504186633","2119710029","0.5"
"2119710029","1504186633","0.5"
"12515546","1482846326","0.666667"
"1482846326","12515546","0.666667"
"1482846326","1583697438","1.83333"
"1583697438","1482846326","1.83333"
"1482846326","1987950482","2.16667"
"1987950482","1482846326","2.16667"
"12515546","2131552526","1.5"
"2131552526","12515546","1.5"
"2118210872","2131552526","7.5"
"2131552526","2118210872","7.5"
"1482846326","2118210872","2.83333"
"2118210872","1482846326","2.83333"
"147424557","2017097583","0.25"
"2017097583","147424557","0.25"
"147424557","2029089311","0.7"
"2029089311","147424557","0.7"
"147424557","2039236379","0.25"
"2039236379","147424557","0.25"
"147424557","2090300806","1.28333"
"2090300806","147424557","1.28333"
"2017097583","2029089311","0.5"
"2029089311","2017097583","0.5"
"2017097583","2039236379","10.5333"
"2039236379","2017097583","10.5333"
"2017097583","2090300806","0.5"
"2090300806","2017097583","0.5"
"2029089311","2039236379","0.25"
"2039236379","2029089311","0.25"
"2029089311","2090300806","1.2"
"2090300806","2029089311","1.2"
"2039236379","2090300806","0.25"
"2090300806","2039236379","0.25"
"147424557","2083607601","1.08333"
"2083607601","147424557","1.08333"
"147424557","2114887408","1.28333"
"2114887408","147424557","1.28333"
"2083607601","2114887408","7.58333"
"2114887408","2083607601","7.58333"
"147424557","1497700052","1.45"
"1497700052","147424557","1.45"
"1497700052","2029089311","3.03333"
"2029089311","1497700052","3.03333"
"1497700052","2083607601","0.583333"
"2083607601","1497700052","0.583333"
"1497700052","2114887408","0.783333"
"2114887408","1497700052","0.783333"
"2029089311","2083607601","1.25"
"2083607601","2029089311","1.25"
"2029089311","2114887408","1.45"
"2114887408","2029089311","1.45"
"147424557","2241270218","0.7"
"2241270218","147424557","0.7"
"1497700052","2090300806","0.45"
"2090300806","1497700052","0.45"
"1497700052","2241270218","0.2"
"2241270218","1497700052","0.2"
"2029089311","2241270218","0.866667"
"2241270218","2029089311","0.866667"
"2090300806","2114887408","1.03333"
"2114887408","2090300806","1.03333"
"2090300806","2241270218","1.2"
"2241270218","2090300806","1.2"
"2114887408","2241270218","0.366667"
"2241270218","2114887408","0.366667"
"2083607601","2090300806","1.33333"
"2090300806","2083607601","1.33333"
"1482846326","2119710029","0.5"
"2119710029","1482846326","0.5"
"2118210872","2119710029","1.5"
"2119710029","2118210872","1.5"
"1491224607","1589249837","2"
"1589249837","1491224607","2"
"1491224607","1503298086","1.5"
"1503298086","1491224607","1.5"
"1491224607","1882517313","0.5"
"1882517313","1491224607","0.5"
"1503298086","1882517313","0.5"
"1882517313","1503298086","0.5"
"1491224607","1547058338","2.5"
"1547058338","1491224607","2.5"
"1491224607","182625656","0.5"
"182625656","1491224607","0.5"
"1503298086","182625656","0.5"
"182625656","1503298086","0.5"
"1503298086","1547058338","1"
"1547058338","1503298086","1"
"1497700052","2017097583","0.25"
"2017097583","1497700052","0.25"
"1497700052","2044966822","0.25"
"2044966822","1497700052","0.25"
"2017097583","2044966822","0.25"
"2044966822","2017097583","0.25"
"2029089311","2044966822","0.416667"
"2044966822","2029089311","0.416667"
"2044966822","2090300806","0.25"
"2090300806","2044966822","0.25"
"1497700052","2039236379","1"
"2039236379","1497700052","1"
"1500026132","2012636810","9.7"
"2012636810","1500026132","9.7"
"1500026132","2043398685","0.416667"
"2043398685","1500026132","0.416667"
"1500026132","2064467039","3.41667"
"2064467039","1500026132","3.41667"
"1500026132","2901210942","0.666667"
"2901210942","1500026132","0.666667"
"2012636810","2043398685","0.416667"
"2043398685","2012636810","0.416667"
"2012636810","2064467039","0.416667"
"2064467039","2012636810","0.416667"
"2012636810","2901210942","0.666667"
"2901210942","2012636810","0.666667"
"2043398685","2064467039","1.41667"
"2064467039","2043398685","1.41667"
"2043398685","2901210942","0.416667"
"2901210942","2043398685","0.416667"
"2064467039","2901210942","0.416667"
"2901210942","2064467039","0.416667"
"1500026132","186347073","2.45"
"186347073","1500026132","2.45"
"1500026132","1971890972","3.2"
"1971890972","1500026132","3.2"
"186347073","1971890972","10.2"
"1971890972","186347073","10.2"
"186347073","2012636810","1.45"
"2012636810","186347073","1.45"
"186347073","2901210942","0.916667"
"2901210942","186347073","0.916667"
"1971890972","2012636810","1.2"
"2012636810","1971890972","1.2"
"1971890972","2901210942","0.916667"
"2901210942","1971890972","0.916667"
"1500026132","2071314222","0.25"
"2071314222","1500026132","0.25"
"186347073","2071314222","1.25"
"2071314222","186347073","1.25"
"1971890972","2071314222","0.25"
"2071314222","1971890972","0.25"
"2012636810","2071314222","0.25"
"2071314222","2012636810","0.25"
"1500026132","2034829411","0.45"
"2034829411","1500026132","0.45"
"1500026132","2081307663","0.45"
"2081307663","1500026132","0.45"
"186347073","2034829411","0.45"
"2034829411","186347073","0.45"
"186347073","2081307663","0.95"
"2081307663","186347073","0.95"
"1971890972","2034829411","0.2"
"2034829411","1971890972","0.2"
"1971890972","2081307663","0.7"
"2081307663","1971890972","0.7"
"2012636810","2034829411","0.45"
"2034829411","2012636810","0.45"
"2012636810","2081307663","0.45"
"2081307663","2012636810","0.45"
"2034829411","2081307663","5.45"
"2081307663","2034829411","5.45"
"186347073","2043398685","0.166667"
"2043398685","186347073","0.166667"
"186347073","2064467039","0.166667"
"2064467039","186347073","0.166667"
"1971890972","2043398685","0.166667"
"2043398685","1971890972","0.166667"
"1971890972","2064467039","0.166667"
"2064467039","1971890972","0.166667"
"1503298086","2114887408","0.5"
"2114887408","1503298086","0.5"
"1547058338","2114887408","0.5"
"2114887408","1547058338","0.5"
"1504186633","2085642644","3.05556"
"2085642644","1504186633","3.05556"
"1504186633","2128769089","1.125"
"2128769089","1504186633","1.125"
"1504186633","2002310479","1.51389"
"2002310479","1504186633","1.51389"
"1504186633","2018855725","1.51389"
"2018855725","1504186633","1.51389"
"1504186633","25660864","0.388889"
"25660864","1504186633","0.388889"
"2002310479","2018855725","0.580556"
"2018855725","2002310479","0.580556"
"2002310479","25660864","1.15556"
"25660864","2002310479","1.15556"
"2018855725","25660864","0.455556"
"25660864","2018855725","0.455556"
"1504186633","2119584606","1"
"2119584606","1504186633","1"
"1504186633","31036540","1"
"31036540","1504186633","1"
"1504186633","2108441106","1"
"2108441106","1504186633","1"
"1504186633","1882517313","1.18056"
"1882517313","1504186633","1.18056"
"1504186633","2110528625","0.125"
"2110528625","1504186633","0.125"
"1504186633","2148460081","0.180556"
"2148460081","1504186633","0.180556"
"1504186633","2162779498","0.180556"
"2162779498","1504186633","0.180556"
"1504186633","2593197694","0.125"
"2593197694","1504186633","0.125"
"1882517313","2002310479","0.247222"
"2002310479","1882517313","0.247222"
"1882517313","2018855725","0.247222"
"2018855725","1882517313","0.247222"
"1882517313","2110528625","0.191667"
"2110528625","1882517313","0.191667"
"1882517313","2128769089","0.125"
"2128769089","1882517313","0.125"
"1882517313","2148460081","0.580556"
"2148460081","1882517313","0.580556"
"1882517313","2162779498","0.247222"
"2162779498","1882517313","0.247222"
"1882517313","2593197694","0.191667"
"2593197694","1882517313","0.191667"
"2002310479","2110528625","0.191667"
"2110528625","2002310479","0.191667"
"2002310479","2128769089","0.125"
"2128769089","2002310479","0.125"
"2002310479","2148460081","0.247222"
"2148460081","2002310479","0.247222"
"2002310479","2162779498","0.247222"
"2162779498","2002310479","0.247222"
"2002310479","2593197694","0.191667"
"2593197694","2002310479","0.191667"
"2018855725","2110528625","0.191667"
"2110528625","2018855725","0.191667"
"2018855725","2128769089","0.125"
"2128769089","2018855725","0.125"
"2018855725","2148460081","2.03056"
"2148460081","2018855725","2.03056"
"2018855725","2162779498","3.03056"
"2162779498","2018855725","3.03056"
"2018855725","2593197694","0.191667"
"2593197694","2018855725","0.191667"
"2110528625","2128769089","0.125"
"2128769089","2110528625","0.125"
"2110528625","2148460081","0.191667"
"2148460081","2110528625","0.191667"
"2110528625","2162779498","0.191667"
"2162779498","2110528625","0.191667"
"2110528625","2593197694","0.191667"
"2593197694","2110528625","0.191667"
"2128769089","2148460081","0.125"
"2148460081","2128769089","0.125"
"2128769089","2162779498","0.125"
"2162779498","2128769089","0.125"
"2128769089","2593197694","0.125"
"2593197694","2128769089","0.125"
"2148460081","2162779498","3.03056"
"2162779498","2148460081","3.03056"
"2148460081","2593197694","0.191667"
"2593197694","2148460081","0.191667"
"2162779498","2593197694","0.191667"
"2593197694","2162779498","0.191667"
"1504186633","1583697438","0.555556"
"1583697438","1504186633","0.555556"
"1504186633","1987950482","0.555556"
"1987950482","1504186633","0.555556"
"1504186633","1508819576","0.0555556"
"1508819576","1504186633","0.0555556"
"1504186633","1580149603","0.0555556"
"1580149603","1504186633","0.0555556"
"1504186633","182625656","0.0555556"
"182625656","1504186633","0.0555556"
"1504186633","1918860106","0.0555556"
"1918860106","1504186633","0.0555556"
"1504186633","1966429959","0.0555556"
"1966429959","1504186633","0.0555556"
"1504186633","206016105","0.0555556"
"206016105","1504186633","0.0555556"
"1504186633","2071314222","0.0555556"
"2071314222","1504186633","0.0555556"
"1504186633","2120996593","0.0555556"
"2120996593","1504186633","0.0555556"
"1504186633","2134835128","0.0555556"
"2134835128","1504186633","0.0555556"
"1508819576","1580149603","0.0555556"
"1580149603","1508819576","0.0555556"
"1508819576","1583697438","0.0555556"
"1583697438","1508819576","0.0555556"
"1508819576","182625656","0.255556"
"182625656","1508819576","0.255556"
"1508819576","1882517313","0.388889"
"1882517313","1508819576","0.388889"
"1508819576","1918860106","2.05556"
"1918860106","1508819576","2.05556"
"1508819576","1966429959","0.0555556"
"1966429959","1508819576","0.0555556"
"1508819576","1987950482","0.0555556"
"1987950482","1508819576","0.0555556"
"1508819576","2002310479","0.0555556"
"2002310479","1508819576","0.0555556"
"1508819576","2018855725","0.505556"
"2018855725","1508819576","0.505556"
"1508819576","206016105","0.0555556"
"206016105","1508819576","0.0555556"
"1508819576","2071314222","0.0555556"
"2071314222","1508819576","0.0555556"
"1508819576","2085642644","0.0555556"
"2085642644","1508819576","0.0555556"
"1508819576","2120996593","1.50556"
"2120996593","1508819576","1.50556"
"1508819576","2134835128","0.388889"
"2134835128","1508819576","0.388889"
"1508819576","2148460081","1.83889"
"2148460081","1508819576","1.83889"
"1508819576","2162779498","0.505556"
"2162779498","1508819576","0.505556"
"1508819576","25660864","0.0555556"
"25660864","1508819576","0.0555556"
"1580149603","1583697438","0.0555556"
"1583697438","1580149603","0.0555556"
"1580149603","182625656","0.0555556"
"182625656","1580149603","0.0555556"
"1580149603","1882517313","0.0555556"
"1882517313","1580149603","0.0555556"
"1580149603","1918860106","0.0555556"
"1918860106","1580149603","0.0555556"
"1580149603","1966429959","9.67222"
"1966429959","1580149603","9.67222"
"1580149603","1987950482","0.0555556"
"1987950482","1580149603","0.0555556"
"1580149603","2002310479","0.0555556"
"2002310479","1580149603","0.0555556"
"1580149603","2018855725","0.0555556"
"2018855725","1580149603","0.0555556"
"1580149603","206016105","0.0555556"
"206016105","1580149603","0.0555556"
"1580149603","2071314222","0.0555556"
"2071314222","1580149603","0.0555556"
"1580149603","2085642644","0.0555556"
"2085642644","1580149603","0.0555556"
"1580149603","2120996593","0.0555556"
"2120996593","1580149603","0.0555556"
"1580149603","2134835128","0.0555556"
"2134835128","1580149603","0.0555556"
"1580149603","2148460081","0.0555556"
"2148460081","1580149603","0.0555556"
"1580149603","2162779498","0.0555556"
"2162779498","1580149603","0.0555556"
"1580149603","25660864","0.0555556"
"25660864","1580149603","0.0555556"
"1583697438","182625656","0.0555556"
"182625656","1583697438","0.0555556"
"1583697438","1882517313","1.05556"
"1882517313","1583697438","1.05556"
"1583697438","1918860106","0.0555556"
"1918860106","1583697438","0.0555556"
"1583697438","1966429959","0.0555556"
"1966429959","1583697438","0.0555556"
"1583697438","2002310479","0.0555556"
"2002310479","1583697438","0.0555556"
"1583697438","2018855725","0.0555556"
"2018855725","1583697438","0.0555556"
"1583697438","206016105","0.0555556"
"206016105","1583697438","0.0555556"
"1583697438","2071314222","0.0555556"
"2071314222","1583697438","0.0555556"
"1583697438","2085642644","0.0555556"
"2085642644","1583697438","0.0555556"
"1583697438","2120996593","0.0555556"
"2120996593","1583697438","0.0555556"
"1583697438","2134835128","0.0555556"
"2134835128","1583697438","0.0555556"
"1583697438","2148460081","0.0555556"
"2148460081","1583697438","0.0555556"
"1583697438","2162779498","0.0555556"
"2162779498","1583697438","0.0555556"
"1583697438","25660864","0.0555556"
"25660864","1583697438","0.0555556"
"182625656","1882517313","0.122222"
"1882517313","182625656","0.122222"
"182625656","1918860106","0.322222"
"1918860106","182625656","0.322222"
"182625656","1966429959","0.0555556"
"1966429959","182625656","0.0555556"
"182625656","1987950482","0.0555556"
"1987950482","182625656","0.0555556"
"182625656","2002310479","0.322222"
"2002310479","182625656","0.322222"
"182625656","2018855725","0.322222"
"2018855725","182625656","0.322222"
"182625656","206016105","0.122222"
"206016105","182625656","0.122222"
"182625656","2071314222","0.0555556"
"2071314222","182625656","0.0555556"
"182625656","2085642644","0.122222"
"2085642644","182625656","0.122222"
"182625656","2120996593","0.522222"
"2120996593","182625656","0.522222"
"182625656","2134835128","3.32222"
"2134835128","182625656","3.32222"
"182625656","2148460081","0.322222"
"2148460081","182625656","0.322222"
"182625656","2162779498","0.322222"
"2162779498","182625656","0.322222"
"182625656","25660864","0.322222"
"25660864","182625656","0.322222"
"1882517313","1918860106","0.122222"
"1918860106","1882517313","0.122222"
"1882517313","1966429959","0.0555556"
"1966429959","1882517313","0.0555556"
"1882517313","1987950482","0.0555556"
"1987950482","1882517313","0.0555556"
"1882517313","206016105","11.4056"
"206016105","1882517313","11.4056"
"1882517313","2071314222","0.0555556"
"2071314222","1882517313","0.0555556"
"1882517313","2085642644","0.122222"
"2085642644","1882517313","0.122222"
"1882517313","2120996593","0.122222"
"2120996593","1882517313","0.122222"
"1882517313","2134835128","1.45556"
"2134835128","1882517313","1.45556"
"1882517313","25660864","0.622222"
"25660864","1882517313","0.622222"
"1918860106","1966429959","0.0555556"
"1966429959","1918860106","0.0555556"
"1918860106","1987950482","0.0555556"
"1987950482","1918860106","0.0555556"
"1918860106","2002310479","0.322222"
"2002310479","1918860106","0.322222"
"1918860106","2018855725","0.122222"
"2018855725","1918860106","0.122222"
"1918860106","206016105","0.122222"
"206016105","1918860106","0.122222"
"1918860106","2071314222","0.0555556"
"2071314222","1918860106","0.0555556"
"1918860106","2085642644","0.122222"
"2085642644","1918860106","0.122222"
"1918860106","2120996593","0.322222"
"2120996593","1918860106","0.322222"
"1918860106","2134835128","0.322222"
"2134835128","1918860106","0.322222"
"1918860106","2148460081","0.122222"
"2148460081","1918860106","0.122222"
"1918860106","2162779498","0.122222"
"2162779498","1918860106","0.122222"
"1918860106","25660864","0.322222"
"25660864","1918860106","0.322222"
"1966429959","1987950482","0.0555556"
"1987950482","1966429959","0.0555556"
"1966429959","2002310479","0.0555556"
"2002310479","1966429959","0.0555556"
"1966429959","2018855725","0.0555556"
"2018855725","1966429959","0.0555556"
"1966429959","206016105","0.0555556"
"206016105","1966429959","0.0555556"
"1966429959","2071314222","0.0555556"
"2071314222","1966429959","0.0555556"
"1966429959","2085642644","0.0555556"
"2085642644","1966429959","0.0555556"
"1966429959","2120996593","0.0555556"
"2120996593","1966429959","0.0555556"
"1966429959","2134835128","0.388889"
"2134835128","1966429959","0.388889"
"1966429959","2148460081","0.0555556"
"2148460081","1966429959","0.0555556"
"1966429959","2162779498","0.0555556"
"2162779498","1966429959","0.0555556"
"1966429959","25660864","0.388889"
"25660864","1966429959","0.388889"
"1987950482","2002310479","0.0555556"
"2002310479","1987950482","0.0555556"
"1987950482","2018855725","0.0555556"
"2018855725","1987950482","0.0555556"
"1987950482","206016105","0.0555556"
"206016105","1987950482","0.0555556"
"1987950482","2071314222","0.0555556"
"2071314222","1987950482","0.0555556"
"1987950482","2085642644","0.0555556"
"2085642644","1987950482","0.0555556"
"1987950482","2120996593","0.0555556"
"2120996593","1987950482","0.0555556"
"1987950482","2134835128","0.0555556"
"2134835128","1987950482","0.0555556"
"1987950482","2148460081","0.0555556"
"2148460081","1987950482","0.0555556"
"1987950482","2162779498","0.0555556"
"2162779498","1987950482","0.0555556"
"1987950482","25660864","0.0555556"
"25660864","1987950482","0.0555556"
"2002310479","206016105","0.122222"
"206016105","2002310479","0.122222"
"2002310479","2071314222","0.0555556"
"2071314222","2002310479","0.0555556"
"2002310479","2085642644","0.122222"
"2085642644","2002310479","0.122222"
"2002310479","2120996593","0.322222"
"2120996593","2002310479","0.322222"
"2002310479","2134835128","0.822222"
"2134835128","2002310479","0.822222"
"2018855725","206016105","0.122222"
"206016105","2018855725","0.122222"
"2018855725","2071314222","0.0555556"
"2071314222","2018855725","0.0555556"
"2018855725","2085642644","0.122222"
"2085642644","2018855725","0.122222"
"2018855725","2120996593","0.905556"
"2120996593","2018855725","0.905556"
"2018855725","2134835128","0.122222"
"2134835128","2018855725","0.122222"
"206016105","2071314222","0.0555556"
"2071314222","206016105","0.0555556"
"206016105","2085642644","0.122222"
"2085642644","206016105","0.122222"
"206016105","2120996593","0.122222"
"2120996593","206016105","0.122222"
"206016105","2134835128","0.122222"
"2134835128","206016105","0.122222"
"206016105","2148460081","0.122222"
"2148460081","206016105","0.122222"
"206016105","2162779498","0.122222"
"2162779498","206016105","0.122222"
"206016105","25660864","0.122222"
"25660864","206016105","0.122222"
"2071314222","2085642644","0.0555556"
"2085642644","2071314222","0.0555556"
"2071314222","2120996593","0.0555556"
"2120996593","2071314222","0.0555556"
"2071314222","2134835128","0.0555556"
"2134835128","2071314222","0.0555556"
"2071314222","2148460081","0.0555556"
"2148460081","2071314222","0.0555556"
"2071314222","2162779498","0.0555556"
"2162779498","2071314222","0.0555556"
"2071314222","25660864","0.0555556"
"25660864","2071314222","0.0555556"
"2085642644","2120996593","0.122222"
"2120996593","2085642644","0.122222"
"2085642644","2134835128","0.122222"
"2134835128","2085642644","0.122222"
"2085642644","2148460081","0.122222"
"2148460081","2085642644","0.122222"
"2085642644","2162779498","0.122222"
"2162779498","2085642644","0.122222"
"2085642644","25660864","0.122222"
"25660864","2085642644","0.122222"
"2120996593","2134835128","0.822222"
"2134835128","2120996593","0.822222"
"2120996593","2148460081","0.905556"
"2148460081","2120996593","0.905556"
"2120996593","2162779498","0.905556"
"2162779498","2120996593","0.905556"
"2120996593","25660864","0.822222"
"25660864","2120996593","0.822222"
"2134835128","2148460081","0.455556"
"2148460081","2134835128","0.455556"
"2134835128","2162779498","0.122222"
"2162779498","2134835128","0.122222"
"2134835128","25660864","6.15556"
"25660864","2134835128","6.15556"
"2148460081","25660864","0.122222"
"25660864","2148460081","0.122222"
"2162779498","25660864","0.122222"
"25660864","2162779498","0.122222"
"1506985352","2151955249","3"
"2151955249","1506985352","3"
"1545436416","1561404454","1.5"
"1561404454","1545436416","1.5"
"1545436416","2075377384","11.3333"
"2075377384","1545436416","11.3333"
"1561404454","2075377384","2.5"
"2075377384","1561404454","2.5"
"1545436416","2110339581","0.5"
"2110339581","1545436416","0.5"
"2075377384","2110339581","1"
"2110339581","2075377384","1"
"1545436416","1882517313","0.333333"
"1882517313","1545436416","0.333333"
"1545436416","2247006881","0.333333"
"2247006881","1545436416","0.333333"
"1882517313","2075377384","0.333333"
"2075377384","1882517313","0.333333"
"1882517313","2247006881","29.0167"
"2247006881","1882517313","29.0167"
"2075377384","2247006881","0.333333"
"2247006881","2075377384","0.333333"
"1547058338","1589249837","2"
"1589249837","1547058338","2"
"1575390247","2051575094","4.5"
"2051575094","1575390247","4.5"
"1575390247","2110339581","5.5"
"2110339581","1575390247","5.5"
"2051575094","2110339581","17"
"2110339581","2051575094","17"
"1575390247","1579960087","2"
"1579960087","1575390247","2"
"1579960087","1985897329","2"
"1985897329","1579960087","2"
"1579960087","2116031377","3"
"2116031377","1579960087","3"
"1985897329","2116031377","12"
"2116031377","1985897329","12"
"1580149603","2013585131","1.78333"
"2013585131","1580149603","1.78333"
"1580149603","2064467039","0.2"
"2064467039","1580149603","0.2"
"1580149603","2149986723","0.533333"
"2149986723","1580149603","0.533333"
"1580149603","2153214875","0.2"
"2153214875","1580149603","0.2"
"1966429959","2013585131","1.78333"
"2013585131","1966429959","1.78333"
"1966429959","2064467039","0.2"
"2064467039","1966429959","0.2"
"1966429959","2149986723","1.03333"
"2149986723","1966429959","1.03333"
"1966429959","2153214875","0.2"
"2153214875","1966429959","0.2"
"2013585131","2064467039","0.533333"
"2064467039","2013585131","0.533333"
"2013585131","2149986723","0.533333"
"2149986723","2013585131","0.533333"
"2013585131","2153214875","0.2"
"2153214875","2013585131","0.2"
"2064467039","2149986723","1.53333"
"2149986723","2064467039","1.53333"
"2064467039","2153214875","1.2"
"2153214875","2064467039","1.2"
"2149986723","2153214875","0.2"
"2153214875","2149986723","0.2"
"1580149603","2108441106","1.08333"
"2108441106","1580149603","1.08333"
"1580149603","2167684516","0.583333"
"2167684516","1580149603","0.583333"
"1966429959","2108441106","1.91667"
"2108441106","1966429959","1.91667"
"1966429959","2167684516","0.583333"
"2167684516","1966429959","0.583333"
"2013585131","2108441106","0.75"
"2108441106","2013585131","0.75"
"2013585131","2167684516","9.41667"
"2167684516","2013585131","9.41667"
"2108441106","2167684516","0.75"
"2167684516","2108441106","0.75"
"2108441106","2149986723","2.83333"
"2149986723","2108441106","2.83333"
"1581554944","2119013082","0.5"
"2119013082","1581554944","0.5"
"1581554944","2241270218","0.5"
"2241270218","1581554944","0.5"
"2119013082","2241270218","0.5"
"2241270218","2119013082","0.5"
"1583697438","2118210872","1"
"2118210872","1583697438","1"
"1584449731","2083607601","1.5"
"2083607601","1584449731","1.5"
"1584449731","2090300806","0.5"
"2090300806","1584449731","0.5"
"1584449731","2034829411","1"
"2034829411","1584449731","1"
"1589249837","2118305801","1"
"2118305801","1589249837","1"
"1589249837","2114887408","0.5"
"2114887408","1589249837","0.5"
"1589249837","31036540","0.5"
"31036540","1589249837","0.5"
"2114887408","31036540","1.5"
"31036540","2114887408","1.5"
"1608154892","2073289639","9"
"2073289639","1608154892","9"
"1608154892","1971890972","1"
"1971890972","1608154892","1"
"182625656","2090300806","1"
"2090300806","182625656","1"
"182625656","2049307712","0.0666667"
"2049307712","182625656","0.0666667"
"182625656","2110528625","0.0666667"
"2110528625","182625656","0.0666667"
"182625656","2247006881","0.0666667"
"2247006881","182625656","0.0666667"
"182625656","2593197694","0.0666667"
"2593197694","182625656","0.0666667"
"1882517313","2049307712","3.1"
"2049307712","1882517313","3.1"
"1918860106","2049307712","0.0666667"
"2049307712","1918860106","0.0666667"
"1918860106","2110528625","0.0666667"
"2110528625","1918860106","0.0666667"
"1918860106","2247006881","0.0666667"
"2247006881","1918860106","0.0666667"
"1918860106","2593197694","0.0666667"
"2593197694","1918860106","0.0666667"
"2002310479","2049307712","0.0666667"
"2049307712","2002310479","0.0666667"
"2002310479","2247006881","0.0666667"
"2247006881","2002310479","0.0666667"
"2018855725","2049307712","0.0666667"
"2049307712","2018855725","0.0666667"
"2018855725","2247006881","0.0666667"
"2247006881","2018855725","0.0666667"
"2049307712","206016105","0.6"
"206016105","2049307712","0.6"
"2049307712","2085642644","0.0666667"
"2085642644","2049307712","0.0666667"
"2049307712","2110528625","0.0666667"
"2110528625","2049307712","0.0666667"
"2049307712","2120996593","0.0666667"
"2120996593","2049307712","0.0666667"
"2049307712","2134835128","0.0666667"
"2134835128","2049307712","0.0666667"
"2049307712","2148460081","0.0666667"
"2148460081","2049307712","0.0666667"
"2049307712","2162779498","0.0666667"
"2162779498","2049307712","0.0666667"
"2049307712","2247006881","2.1"
"2247006881","2049307712","2.1"
"2049307712","25660864","0.0666667"
"25660864","2049307712","0.0666667"
"2049307712","2593197694","1.06667"
"2593197694","2049307712","1.06667"
"206016105","2110528625","0.0666667"
"2110528625","206016105","0.0666667"
"206016105","2247006881","3.35"
"2247006881","206016105","3.35"
"206016105","2593197694","0.0666667"
"2593197694","206016105","0.0666667"
"2085642644","2110528625","0.0666667"
"2110528625","2085642644","0.0666667"
"2085642644","2247006881","0.0666667"
"2247006881","2085642644","0.0666667"
"2085642644","2593197694","0.0666667"
"2593197694","2085642644","0.0666667"
"2110528625","2120996593","0.0666667"
"2120996593","2110528625","0.0666667"
"2110528625","2134835128","0.0666667"
"2134835128","2110528625","0.0666667"
"2110528625","2247006881","0.0666667"
"2247006881","2110528625","0.0666667"
"2110528625","25660864","0.0666667"
"25660864","2110528625","0.0666667"
"2120996593","2247006881","0.0666667"
"2247006881","2120996593","0.0666667"
"2120996593","2593197694","0.0666667"
"2593197694","2120996593","0.0666667"
"2134835128","2247006881","0.566667"
"2247006881","2134835128","0.566667"
"2134835128","2593197694","0.0666667"
"2593197694","2134835128","0.0666667"
"2148460081","2247006881","0.0666667"
"2247006881","2148460081","0.0666667"
"2162779498","2247006881","0.0666667"
"2247006881","2162779498","0.0666667"
"2247006881","25660864","0.0666667"
"25660864","2247006881","0.0666667"
"2247006881","2593197694","0.0666667"
"2593197694","2247006881","0.0666667"
"25660864","2593197694","0.0666667"
"2593197694","25660864","0.0666667"
"1882517313","2017097583","1.78333"
"2017097583","1882517313","1.78333"
"1882517313","2039236379","1.78333"
"2039236379","1882517313","1.78333"
"2017097583","2049307712","0.2"
"2049307712","2017097583","0.2"
"2017097583","206016105","0.45"
"206016105","2017097583","0.45"
"2017097583","2247006881","1.28333"
"2247006881","2017097583","1.28333"
"2039236379","2049307712","0.2"
"2049307712","2039236379","0.2"
"2039236379","206016105","0.45"
"206016105","2039236379","0.45"
"2039236379","2247006881","1.28333"
"2247006881","2039236379","1.28333"
"1918860106","2113465572","2.33333"
"2113465572","1918860106","2.33333"
"1918860106","2044966822","0.333333"
"2044966822","1918860106","0.333333"
"1918860106","2114887408","0.333333"
"2114887408","1918860106","0.333333"
"2044966822","2113465572","0.333333"
"2113465572","2044966822","0.333333"
"2044966822","2114887408","0.5"
"2114887408","2044966822","0.5"
"2113465572","2114887408","0.333333"
"2114887408","2113465572","0.333333"
"1942235752","2029089311","0.166667"
"2029089311","1942235752","0.166667"
"1942235752","2044966822","0.166667"
"2044966822","1942235752","0.166667"
"1942235752","2083607601","0.166667"
"2083607601","1942235752","0.166667"
"1942235752","2108441106","0.166667"
"2108441106","1942235752","0.166667"
"1942235752","2114887408","0.166667"
"2114887408","1942235752","0.166667"
"1942235752","2241270218","0.166667"
"2241270218","1942235752","0.166667"
"2029089311","2108441106","0.166667"
"2108441106","2029089311","0.166667"
"2044966822","2083607601","0.166667"
"2083607601","2044966822","0.166667"
"2044966822","2108441106","0.166667"
"2108441106","2044966822","0.166667"
"2044966822","2241270218","0.166667"
"2241270218","2044966822","0.166667"
"2083607601","2108441106","0.166667"
"2108441106","2083607601","0.166667"
"2083607601","2241270218","0.166667"
"2241270218","2083607601","0.166667"
"2108441106","2114887408","0.166667"
"2114887408","2108441106","0.166667"
"2108441106","2241270218","0.166667"
"2241270218","2108441106","0.166667"
"1942235752","2118305801","1"
"2118305801","1942235752","1"
"2108441106","2134835128","0.333333"
"2134835128","2108441106","0.333333"
"2108441106","25660864","0.333333"
"25660864","2108441106","0.333333"
"1977591130","2034829411","1"
"2034829411","1977591130","1"
"1987950482","2119710029","2"
"2119710029","1987950482","2"
"1987950482","2315412772","1"
"2315412772","1987950482","1"
"1996379305","2061151247","8"
"2061151247","1996379305","8"
"2005338813","2599712850","1"
"2599712850","2005338813","1"
"2064467039","2167684516","0.333333"
"2167684516","2064467039","0.333333"
"2149986723","2167684516","0.333333"
"2167684516","2149986723","0.333333"
"2029089311","2151955249","1"
"2151955249","2029089311","1"
"2034829411","2067889145","2"
"2067889145","2034829411","2"
"2067889145","2081307663","1"
"2081307663","2067889145","1"
"2034829411","2119013082","1"
"2119013082","2034829411","1"
"2039236379","2151955249","1"
"2151955249","2039236379","1"
"2043398685","2153214875","2"
"2153214875","2043398685","2"
"2045401061","2067889145","1"
"2067889145","2045401061","1"
"2051575094","2073289639","1"
"2073289639","2051575094","1"
"2073289639","2110339581","1"
"2110339581","2073289639","1"
"2051575094","2075377384","0.5"
"2075377384","2051575094","0.5"
"2057099965","2116031377","1"
"2116031377","2057099965","1"
"2064467039","2108441106","1"
"2108441106","2064467039","1"
"2083793644","2110339581","1"
"2110339581","2083793644","1"
"2090300806","2119013082","2"
"2119013082","2090300806","2"
"2108441106","2119584606","1"
"2119584606","2108441106","1"
"2118305801","2119584606","1"
"2119584606","2118305801","1"
"2149986723","2567202376","1"
"2567202376","2149986723","1"
"2180345992","2593197694","2"
"2593197694","2180345992","2"
"2315412772","2567202376","7.5"
"2567202376","2315412772","7.5"
"2315412772","2593197694","0.5"
"2593197694","2315412772","0.5"
"2567202376","2593197694","2.5"
"2593197694","2567202376","2.5"
