"132104156","1487696595","2.16071"
"1487696595","132104156","2.16071"
"132104156","2105250349","0.97619"
"2105250349","132104156","0.97619"
"132104156","2253944663","0.47619"
"2253944663","132104156","0.47619"
"1487696595","2105250349","4.38452"
"2105250349","1487696595","4.38452"
"1487696595","2253944663","0.642857"
"2253944663","1487696595","0.642857"
"2105250349","2253944663","2.47619"
"2253944663","2105250349","2.47619"
"132104156","2044686757","3.4"
"2044686757","132104156","3.4"
"132104156","2480355736","0.5"
"2480355736","132104156","0.5"
"2044686757","2480355736","0.833333"
"2480355736","2044686757","0.833333"
"132104156","2138743806","0.491667"
"2138743806","132104156","0.491667"
"132104156","2147637635","0.666667"
"2147637635","132104156","0.666667"
"132104156","237078725","0.166667"
"237078725","132104156","0.166667"
"132104156","347074786","1.39167"
"347074786","132104156","1.39167"
"132104156","55401611","0.366667"
"55401611","132104156","0.366667"
"1487696595","2138743806","1.25"
"2138743806","1487696595","1.25"
"1487696595","2147637635","0.166667"
"2147637635","1487696595","0.166667"
"1487696595","237078725","0.166667"
"237078725","1487696595","0.166667"
"1487696595","347074786","0.708333"
"347074786","1487696595","0.708333"
"1487696595","55401611","0.166667"
"55401611","1487696595","0.166667"
"2138743806","2147637635","0.166667"
"2147637635","2138743806","0.166667"
"2138743806","237078725","0.166667"
"237078725","2138743806","0.166667"
"2138743806","347074786","0.583333"
"347074786","2138743806","0.583333"
"2138743806","55401611","0.166667"
"55401611","2138743806","0.166667"
"2147637635","237078725","1.62549"
"237078725","2147637635","1.62549"
"2147637635","347074786","0.166667"
"347074786","2147637635","0.166667"
"2147637635","55401611","0.22549"
"55401611","2147637635","0.22549"
"237078725","347074786","0.166667"
"347074786","237078725","0.166667"
"237078725","55401611","0.22549"
"55401611","237078725","0.22549"
"347074786","55401611","0.166667"
"55401611","347074786","0.166667"
"132104156","183524701","0.7"
"183524701","132104156","0.7"
"132104156","1936279021","1.15"
"1936279021","132104156","1.15"
"132104156","2109351534","2.525"
"2109351534","132104156","2.525"
"132104156","36219043","0.742857"
"36219043","132104156","0.742857"
"183524701","1936279021","2.03333"
"1936279021","183524701","2.03333"
"183524701","2044686757","1.53333"
"2044686757","183524701","1.53333"
"183524701","2109351534","1.78333"
"2109351534","183524701","1.78333"
"183524701","36219043","0.658824"
"36219043","183524701","0.658824"
"1936279021","2044686757","5.65"
"2044686757","1936279021","5.65"
"1936279021","2109351534","4.56667"
"2109351534","1936279021","4.56667"
"1936279021","36219043","0.6"
"36219043","1936279021","0.6"
"2044686757","2109351534","16.5667"
"2109351534","2044686757","16.5667"
"2044686757","36219043","1.1"
"36219043","2044686757","1.1"
"2109351534","36219043","0.6"
"36219043","2109351534","0.6"
"132104156","1782537397","0.7"
"1782537397","132104156","0.7"
"1782537397","1936279021","0.783333"
"1936279021","1782537397","0.783333"
"1782537397","2044686757","0.825"
"2044686757","1782537397","0.825"
"1782537397","2109351534","0.2"
"2109351534","1782537397","0.2"
"1782537397","2138743806","0.491667"
"2138743806","1782537397","0.491667"
"1936279021","2138743806","0.533333"
"2138743806","1936279021","0.533333"
"2044686757","2138743806","1.65833"
"2138743806","2044686757","1.65833"
"2109351534","2138743806","0.825"
"2138743806","2109351534","0.825"
"132104156","1983404988","0.142857"
"1983404988","132104156","0.142857"
"132104156","199688493","0.142857"
"199688493","132104156","0.142857"
"132104156","2995593521","0.242857"
"2995593521","132104156","0.242857"
"1487696595","1983404988","0.267857"
"1983404988","1487696595","0.267857"
"1487696595","199688493","0.142857"
"199688493","1487696595","0.142857"
"1487696595","2995593521","0.142857"
"2995593521","1487696595","0.142857"
"1487696595","36219043","0.142857"
"36219043","1487696595","0.142857"
"1983404988","199688493","0.142857"
"199688493","1983404988","0.142857"
"1983404988","2105250349","0.267857"
"2105250349","1983404988","0.267857"
"1983404988","2253944663","10.7262"
"2253944663","1983404988","10.7262"
"1983404988","2995593521","0.142857"
"2995593521","1983404988","0.142857"
"1983404988","36219043","0.142857"
"36219043","1983404988","0.142857"
"199688493","2105250349","0.142857"
"2105250349","199688493","0.142857"
"199688493","2253944663","0.142857"
"2253944663","199688493","0.142857"
"199688493","2995593521","0.142857"
"2995593521","199688493","0.142857"
"199688493","36219043","0.142857"
"36219043","199688493","0.142857"
"2105250349","2995593521","0.142857"
"2995593521","2105250349","0.142857"
"2105250349","36219043","0.142857"
"36219043","2105250349","0.142857"
"2253944663","2995593521","1.14286"
"2995593521","2253944663","1.14286"
"2253944663","36219043","0.142857"
"36219043","2253944663","0.142857"
"2995593521","36219043","0.142857"
"36219043","2995593521","0.142857"
"132104156","1559962185","0.592857"
"1559962185","132104156","0.592857"
"132104156","2105848112","0.45"
"2105848112","132104156","0.45"
"1487696595","1559962185","0.592857"
"1559962185","1487696595","0.592857"
"1487696595","2105848112","0.375"
"2105848112","1487696595","0.375"
"1559962185","2105250349","0.45"
"2105250349","1559962185","0.45"
"1559962185","2105848112","2.61667"
"2105848112","1559962185","2.61667"
"2105250349","2105848112","0.375"
"2105848112","2105250349","0.375"
"132104156","168807733","0.142857"
"168807733","132104156","0.142857"
"132104156","1973573653","0.142857"
"1973573653","132104156","0.142857"
"132104156","2009636439","0.717857"
"2009636439","132104156","0.717857"
"132104156","2101317674","0.142857"
"2101317674","132104156","0.142857"
"132104156","920573385","0.142857"
"920573385","132104156","0.142857"
"1487696595","168807733","0.309524"
"168807733","1487696595","0.309524"
"1487696595","1973573653","0.60119"
"1973573653","1487696595","0.60119"
"1487696595","2009636439","10.0095"
"2009636439","1487696595","10.0095"
"1487696595","2101317674","0.142857"
"2101317674","1487696595","0.142857"
"1487696595","920573385","0.142857"
"920573385","1487696595","0.142857"
"1559962185","168807733","1.73501"
"168807733","1559962185","1.73501"
"1559962185","1973573653","0.368347"
"1973573653","1559962185","0.368347"
"1559962185","2009636439","1.95952"
"2009636439","1559962185","1.95952"
"1559962185","2101317674","0.142857"
"2101317674","1559962185","0.142857"
"1559962185","920573385","2.73501"
"920573385","1559962185","2.73501"
"168807733","1973573653","0.201681"
"1973573653","168807733","0.201681"
"168807733","2009636439","0.892857"
"2009636439","168807733","0.892857"
"168807733","2101317674","0.142857"
"2101317674","168807733","0.142857"
"168807733","920573385","8.85168"
"920573385","168807733","8.85168"
"1973573653","2009636439","0.767857"
"2009636439","1973573653","0.767857"
"1973573653","2101317674","0.142857"
"2101317674","1973573653","0.142857"
"1973573653","920573385","0.201681"
"920573385","1973573653","0.201681"
"2009636439","2101317674","0.392857"
"2101317674","2009636439","0.392857"
"2009636439","920573385","0.892857"
"920573385","2009636439","0.892857"
"2101317674","920573385","0.142857"
"920573385","2101317674","0.142857"
"132104156","2028079011","0.225"
"2028079011","132104156","0.225"
"132104156","2214978413","0.225"
"2214978413","132104156","0.225"
"132104156","2618422422","0.725"
"2618422422","132104156","0.725"
"1487696595","2028079011","0.375"
"2028079011","1487696595","0.375"
"1487696595","2109351534","0.458333"
"2109351534","1487696595","0.458333"
"1487696595","2214978413","0.375"
"2214978413","1487696595","0.375"
"1487696595","2618422422","0.583333"
"2618422422","1487696595","0.583333"
"2009636439","2028079011","0.583333"
"2028079011","2009636439","0.583333"
"2009636439","2109351534","1.04167"
"2109351534","2009636439","1.04167"
"2009636439","2138743806","1.125"
"2138743806","2009636439","1.125"
"2009636439","2214978413","0.583333"
"2214978413","2009636439","0.583333"
"2009636439","2618422422","0.875"
"2618422422","2009636439","0.875"
"2009636439","347074786","0.583333"
"347074786","2009636439","0.583333"
"2028079011","2109351534","0.391667"
"2109351534","2028079011","0.391667"
"2028079011","2138743806","0.25"
"2138743806","2028079011","0.25"
"2028079011","2214978413","4.825"
"2214978413","2028079011","4.825"
"2028079011","2618422422","4.28333"
"2618422422","2028079011","4.28333"
"2028079011","347074786","4.15833"
"347074786","2028079011","4.15833"
"2109351534","2214978413","0.391667"
"2214978413","2109351534","0.391667"
"2109351534","2618422422","0.391667"
"2618422422","2109351534","0.391667"
"2109351534","347074786","0.391667"
"347074786","2109351534","0.391667"
"2138743806","2214978413","0.25"
"2214978413","2138743806","0.25"
"2138743806","2618422422","0.583333"
"2618422422","2138743806","0.583333"
"2214978413","2618422422","9.7"
"2618422422","2214978413","9.7"
"2214978413","347074786","4.15833"
"347074786","2214978413","4.15833"
"2618422422","347074786","3.36667"
"347074786","2618422422","3.36667"
"132104156","2164449020","0.35"
"2164449020","132104156","0.35"
"1936279021","2009636439","1.75"
"2009636439","1936279021","1.75"
"1936279021","2105250349","0.25"
"2105250349","1936279021","0.25"
"1936279021","2164449020","1.35"
"2164449020","1936279021","1.35"
"2009636439","2105250349","8.90833"
"2105250349","2009636439","8.90833"
"2009636439","2164449020","0.416667"
"2164449020","2009636439","0.416667"
"2105250349","2164449020","1.25"
"2164449020","2105250349","1.25"
"183524701","2028079011","0.1"
"2028079011","183524701","0.1"
"183524701","2164449020","0.1"
"2164449020","183524701","0.1"
"183524701","2214978413","0.1"
"2214978413","183524701","0.1"
"183524701","2618422422","0.158824"
"2618422422","183524701","0.158824"
"183524701","2995593521","0.1"
"2995593521","183524701","0.1"
"183524701","347074786","0.1"
"347074786","183524701","0.1"
"1936279021","2028079011","0.1"
"2028079011","1936279021","0.1"
"1936279021","2214978413","0.1"
"2214978413","1936279021","0.1"
"1936279021","2618422422","1.35"
"2618422422","1936279021","1.35"
"1936279021","2995593521","0.1"
"2995593521","1936279021","0.1"
"1936279021","347074786","0.1"
"347074786","1936279021","0.1"
"2028079011","2044686757","0.391667"
"2044686757","2028079011","0.391667"
"2028079011","2164449020","4.15833"
"2164449020","2028079011","4.15833"
"2028079011","2995593521","1.25"
"2995593521","2028079011","1.25"
"2044686757","2164449020","2.89167"
"2164449020","2044686757","2.89167"
"2044686757","2214978413","0.391667"
"2214978413","2044686757","0.391667"
"2044686757","2618422422","0.391667"
"2618422422","2044686757","0.391667"
"2044686757","2995593521","0.1"
"2995593521","2044686757","0.1"
"2044686757","347074786","0.391667"
"347074786","2044686757","0.391667"
"2109351534","2164449020","0.266667"
"2164449020","2109351534","0.266667"
"2109351534","2995593521","0.1"
"2995593521","2109351534","0.1"
"2164449020","2214978413","2.74167"
"2214978413","2164449020","2.74167"
"2164449020","2618422422","7.49167"
"2618422422","2164449020","7.49167"
"2164449020","2995593521","4"
"2995593521","2164449020","4"
"2164449020","347074786","2.74167"
"347074786","2164449020","2.74167"
"2214978413","2995593521","0.75"
"2995593521","2214978413","0.75"
"2618422422","2995593521","0.75"
"2995593521","2618422422","0.75"
"2995593521","347074786","1.08333"
"347074786","2995593521","1.08333"
"2147637635","2618422422","0.558824"
"2618422422","2147637635","0.558824"
"132104156","1486089982","1.2"
"1486089982","132104156","1.2"
"1486089982","1559962185","0.258824"
"1559962185","1486089982","0.258824"
"1486089982","2009636439","0.533333"
"2009636439","1486089982","0.533333"
"1486089982","2105848112","8.78333"
"2105848112","1486089982","8.78333"
"1486089982","55401611","0.258824"
"55401611","1486089982","0.258824"
"1559962185","55401611","1.25882"
"55401611","1559962185","1.25882"
"2009636439","2105848112","0.825"
"2105848112","2009636439","0.825"
"2009636439","55401611","0.2"
"55401611","2009636439","0.2"
"2105848112","55401611","0.2"
"55401611","2105848112","0.2"
"1486089982","168807733","0.47549"
"168807733","1486089982","0.47549"
"1486089982","183524701","0.0588235"
"183524701","1486089982","0.0588235"
"1486089982","1973573653","0.0588235"
"1973573653","1486089982","0.0588235"
"1486089982","199810275","0.0588235"
"199810275","1486089982","0.0588235"
"1486089982","2052757975","0.0588235"
"2052757975","1486089982","0.0588235"
"1486089982","2077634190","0.0588235"
"2077634190","1486089982","0.0588235"
"1486089982","2093285517","1.30882"
"2093285517","1486089982","1.30882"
"1486089982","2124669372","0.308824"
"2124669372","1486089982","0.308824"
"1486089982","2147637635","0.0588235"
"2147637635","1486089982","0.0588235"
"1486089982","237078725","0.0588235"
"237078725","1486089982","0.0588235"
"1486089982","2618422422","0.0588235"
"2618422422","1486089982","0.0588235"
"1486089982","2913331658","0.0588235"
"2913331658","1486089982","0.0588235"
"1486089982","36219043","0.0588235"
"36219043","1486089982","0.0588235"
"1486089982","644507273","0.0588235"
"644507273","1486089982","0.0588235"
"1486089982","920573385","0.308824"
"920573385","1486089982","0.308824"
"1559962185","183524701","0.0588235"
"183524701","1559962185","0.0588235"
"1559962185","199810275","0.308824"
"199810275","1559962185","0.308824"
"1559962185","2052757975","0.758824"
"2052757975","1559962185","0.758824"
"1559962185","2077634190","0.0588235"
"2077634190","1559962185","0.0588235"
"1559962185","2093285517","1.92549"
"2093285517","1559962185","1.92549"
"1559962185","2124669372","1.25882"
"2124669372","1559962185","1.25882"
"1559962185","2147637635","0.508824"
"2147637635","1559962185","0.508824"
"1559962185","237078725","0.0588235"
"237078725","1559962185","0.0588235"
"1559962185","2618422422","0.308824"
"2618422422","1559962185","0.308824"
"1559962185","2913331658","0.0588235"
"2913331658","1559962185","0.0588235"
"1559962185","36219043","0.0588235"
"36219043","1559962185","0.0588235"
"1559962185","644507273","0.0588235"
"644507273","1559962185","0.0588235"
"168807733","183524701","0.0588235"
"183524701","168807733","0.0588235"
"168807733","199810275","0.842157"
"199810275","168807733","0.842157"
"168807733","2052757975","0.508824"
"2052757975","168807733","0.508824"
"168807733","2077634190","1.89216"
"2077634190","168807733","1.89216"
"168807733","2093285517","1.67549"
"2093285517","168807733","1.67549"
"168807733","2124669372","0.0588235"
"2124669372","168807733","0.0588235"
"168807733","2147637635","0.62549"
"2147637635","168807733","0.62549"
"168807733","237078725","0.592157"
"237078725","168807733","0.592157"
"168807733","2618422422","0.0588235"
"2618422422","168807733","0.0588235"
"168807733","2913331658","0.0588235"
"2913331658","168807733","0.0588235"
"168807733","36219043","0.0588235"
"36219043","168807733","0.0588235"
"168807733","55401611","0.0588235"
"55401611","168807733","0.0588235"
"168807733","644507273","0.0588235"
"644507273","168807733","0.0588235"
"183524701","1973573653","0.0588235"
"1973573653","183524701","0.0588235"
"183524701","199810275","0.0588235"
"199810275","183524701","0.0588235"
"183524701","2052757975","0.0588235"
"2052757975","183524701","0.0588235"
"183524701","2077634190","0.0588235"
"2077634190","183524701","0.0588235"
"183524701","2093285517","0.0588235"
"2093285517","183524701","0.0588235"
"183524701","2124669372","0.308824"
"2124669372","183524701","0.308824"
"183524701","2147637635","0.0588235"
"2147637635","183524701","0.0588235"
"183524701","237078725","0.308824"
"237078725","183524701","0.308824"
"183524701","2913331658","0.0588235"
"2913331658","183524701","0.0588235"
"183524701","55401611","1.05882"
"55401611","183524701","1.05882"
"183524701","644507273","0.0588235"
"644507273","183524701","0.0588235"
"183524701","920573385","0.0588235"
"920573385","183524701","0.0588235"
"1973573653","199810275","0.0588235"
"199810275","1973573653","0.0588235"
"1973573653","2052757975","1.05882"
"2052757975","1973573653","1.05882"
"1973573653","2077634190","0.0588235"
"2077634190","1973573653","0.0588235"
"1973573653","2093285517","0.0588235"
"2093285517","1973573653","0.0588235"
"1973573653","2124669372","0.0588235"
"2124669372","1973573653","0.0588235"
"1973573653","2147637635","0.0588235"
"2147637635","1973573653","0.0588235"
"1973573653","237078725","0.0588235"
"237078725","1973573653","0.0588235"
"1973573653","2618422422","0.892157"
"2618422422","1973573653","0.892157"
"1973573653","2913331658","0.558824"
"2913331658","1973573653","0.558824"
"1973573653","36219043","0.0588235"
"36219043","1973573653","0.0588235"
"1973573653","55401611","0.0588235"
"55401611","1973573653","0.0588235"
"1973573653","644507273","0.0588235"
"644507273","1973573653","0.0588235"
"199810275","2052757975","0.0588235"
"2052757975","199810275","0.0588235"
"199810275","2077634190","0.592157"
"2077634190","199810275","0.592157"
"199810275","2093285517","0.0588235"
"2093285517","199810275","0.0588235"
"199810275","2124669372","1.05882"
"2124669372","199810275","1.05882"
"199810275","2147637635","0.958824"
"2147637635","199810275","0.958824"
"199810275","237078725","2.45882"
"237078725","199810275","2.45882"
"199810275","2618422422","0.558824"
"2618422422","199810275","0.558824"
"199810275","2913331658","0.0588235"
"2913331658","199810275","0.0588235"
"199810275","36219043","0.0588235"
"36219043","199810275","0.0588235"
"199810275","55401611","0.0588235"
"55401611","199810275","0.0588235"
"199810275","644507273","0.0588235"
"644507273","199810275","0.0588235"
"199810275","920573385","1.54216"
"920573385","199810275","1.54216"
"2052757975","2077634190","0.0588235"
"2077634190","2052757975","0.0588235"
"2052757975","2093285517","0.258824"
"2093285517","2052757975","0.258824"
"2052757975","2124669372","0.0588235"
"2124669372","2052757975","0.0588235"
"2052757975","2147637635","4.00882"
"2147637635","2052757975","4.00882"
"2052757975","237078725","0.0588235"
"237078725","2052757975","0.0588235"
"2052757975","2618422422","0.0588235"
"2618422422","2052757975","0.0588235"
"2052757975","2913331658","0.0588235"
"2913331658","2052757975","0.0588235"
"2052757975","36219043","0.0588235"
"36219043","2052757975","0.0588235"
"2052757975","55401611","0.0588235"
"55401611","2052757975","0.0588235"
"2052757975","644507273","0.0588235"
"644507273","2052757975","0.0588235"
"2052757975","920573385","1.50882"
"920573385","2052757975","1.50882"
"2077634190","2093285517","0.0588235"
"2093285517","2077634190","0.0588235"
"2077634190","2124669372","0.0588235"
"2124669372","2077634190","0.0588235"
"2077634190","2147637635","0.42549"
"2147637635","2077634190","0.42549"
"2077634190","237078725","1.59216"
"237078725","2077634190","1.59216"
"2077634190","2618422422","0.258824"
"2618422422","2077634190","0.258824"
"2077634190","2913331658","0.0588235"
"2913331658","2077634190","0.0588235"
"2077634190","36219043","0.0588235"
"36219043","2077634190","0.0588235"
"2077634190","55401611","0.0588235"
"55401611","2077634190","0.0588235"
"2077634190","644507273","0.0588235"
"644507273","2077634190","0.0588235"
"2077634190","920573385","2.09216"
"920573385","2077634190","2.09216"
"2093285517","2124669372","0.0588235"
"2124669372","2093285517","0.0588235"
"2093285517","2147637635","0.258824"
"2147637635","2093285517","0.258824"
"2093285517","237078725","0.0588235"
"237078725","2093285517","0.0588235"
"2093285517","2618422422","0.0588235"
"2618422422","2093285517","0.0588235"
"2093285517","2913331658","1.05882"
"2913331658","2093285517","1.05882"
"2093285517","36219043","1.05882"
"36219043","2093285517","1.05882"
"2093285517","55401611","0.0588235"
"55401611","2093285517","0.0588235"
"2093285517","644507273","0.0588235"
"644507273","2093285517","0.0588235"
"2093285517","920573385","2.17549"
"920573385","2093285517","2.17549"
"2124669372","2147637635","0.0588235"
"2147637635","2124669372","0.0588235"
"2124669372","237078725","0.308824"
"237078725","2124669372","0.308824"
"2124669372","2618422422","0.558824"
"2618422422","2124669372","0.558824"
"2124669372","2913331658","0.0588235"
"2913331658","2124669372","0.0588235"
"2124669372","36219043","0.0588235"
"36219043","2124669372","0.0588235"
"2124669372","55401611","0.0588235"
"55401611","2124669372","0.0588235"
"2124669372","644507273","0.0588235"
"644507273","2124669372","0.0588235"
"2124669372","920573385","0.0588235"
"920573385","2124669372","0.0588235"
"2147637635","2913331658","0.392157"
"2913331658","2147637635","0.392157"
"2147637635","36219043","0.0588235"
"36219043","2147637635","0.0588235"
"2147637635","644507273","0.0588235"
"644507273","2147637635","0.0588235"
"2147637635","920573385","2.32549"
"920573385","2147637635","2.32549"
"237078725","2618422422","0.0588235"
"2618422422","237078725","0.0588235"
"237078725","2913331658","0.0588235"
"2913331658","237078725","0.0588235"
"237078725","36219043","0.0588235"
"36219043","237078725","0.0588235"
"237078725","644507273","0.0588235"
"644507273","237078725","0.0588235"
"237078725","920573385","1.79216"
"920573385","237078725","1.79216"
"2618422422","2913331658","0.558824"
"2913331658","2618422422","0.558824"
"2618422422","36219043","0.0588235"
"36219043","2618422422","0.0588235"
"2618422422","55401611","0.0588235"
"55401611","2618422422","0.0588235"
"2618422422","644507273","0.0588235"
"644507273","2618422422","0.0588235"
"2618422422","920573385","0.0588235"
"920573385","2618422422","0.0588235"
"2913331658","36219043","0.0588235"
"36219043","2913331658","0.0588235"
"2913331658","55401611","0.0588235"
"55401611","2913331658","0.0588235"
"2913331658","644507273","2.55882"
"644507273","2913331658","2.55882"
"2913331658","920573385","0.0588235"
"920573385","2913331658","0.0588235"
"36219043","55401611","0.558824"
"55401611","36219043","0.558824"
"36219043","644507273","0.0588235"
"644507273","36219043","0.0588235"
"36219043","920573385","0.0588235"
"920573385","36219043","0.0588235"
"55401611","644507273","0.0588235"
"644507273","55401611","0.0588235"
"55401611","920573385","0.0588235"
"920573385","55401611","0.0588235"
"644507273","920573385","0.0588235"
"920573385","644507273","0.0588235"
"1486089982","1983404988","0.333333"
"1983404988","1486089982","0.333333"
"1983404988","2009636439","0.458333"
"2009636439","1983404988","0.458333"
"1983404988","2105848112","2.45833"
"2105848112","1983404988","2.45833"
"1486089982","97493623","0.25"
"97493623","1486089982","0.25"
"168807733","97493623","1.58333"
"97493623","168807733","1.58333"
"2093285517","97493623","2.16667"
"97493623","2093285517","2.16667"
"920573385","97493623","2.08333"
"97493623","920573385","2.08333"
"1486089982","1487696595","1.16667"
"1487696595","1486089982","1.16667"
"1486089982","1782537397","0.416667"
"1782537397","1486089982","0.416667"
"1486089982","2138743806","0.166667"
"2138743806","1486089982","0.166667"
"1486089982","2253944663","0.166667"
"2253944663","1486089982","0.166667"
"1486089982","347074786","0.166667"
"347074786","1486089982","0.166667"
"1487696595","1782537397","1.125"
"1782537397","1487696595","1.125"
"168807733","1782537397","0.166667"
"1782537397","168807733","0.166667"
"168807733","2138743806","0.166667"
"2138743806","168807733","0.166667"
"168807733","2253944663","0.166667"
"2253944663","168807733","0.166667"
"168807733","347074786","0.166667"
"347074786","168807733","0.166667"
"1782537397","2253944663","0.166667"
"2253944663","1782537397","0.166667"
"1782537397","347074786","0.291667"
"347074786","1782537397","0.291667"
"2138743806","2253944663","0.166667"
"2253944663","2138743806","0.166667"
"2253944663","347074786","0.166667"
"347074786","2253944663","0.166667"
"1486089982","2101317674","0.25"
"2101317674","1486089982","0.25"
"1782537397","2101317674","2"
"2101317674","1782537397","2"
"1782537397","2105848112","0.75"
"2105848112","1782537397","0.75"
"1782537397","2124669372","4.58333"
"2124669372","1782537397","4.58333"
"2101317674","2105848112","1.25"
"2105848112","2101317674","1.25"
"2101317674","2124669372","0.75"
"2124669372","2101317674","0.75"
"2105848112","2124669372","0.75"
"2124669372","2105848112","0.75"
"1782537397","2009636439","1.41667"
"2009636439","1782537397","1.41667"
"1973573653","1983404988","0.125"
"1983404988","1973573653","0.125"
"1973573653","2028079011","0.291667"
"2028079011","1973573653","0.291667"
"1973573653","2105250349","0.458333"
"2105250349","1973573653","0.458333"
"1973573653","2105848112","0.291667"
"2105848112","1973573653","0.291667"
"1973573653","2214978413","0.625"
"2214978413","1973573653","0.625"
"1973573653","347074786","0.625"
"347074786","1973573653","0.625"
"1983404988","2028079011","0.375"
"2028079011","1983404988","0.375"
"1983404988","2214978413","0.125"
"2214978413","1983404988","0.125"
"1983404988","347074786","0.125"
"347074786","1983404988","0.125"
"2028079011","2105250349","0.125"
"2105250349","2028079011","0.125"
"2028079011","2105848112","0.291667"
"2105848112","2028079011","0.291667"
"2105250349","2214978413","0.125"
"2214978413","2105250349","0.125"
"2105250349","347074786","0.125"
"347074786","2105250349","0.125"
"2105848112","2214978413","0.791667"
"2214978413","2105848112","0.791667"
"2105848112","347074786","0.291667"
"347074786","2105848112","0.291667"
"1487696595","2093285517","0.333333"
"2093285517","1487696595","0.333333"
"2009636439","2093285517","0.333333"
"2093285517","2009636439","0.333333"
"2093285517","2138743806","0.333333"
"2138743806","2093285517","0.333333"
"1487696595","2124669372","3.45"
"2124669372","1487696595","3.45"
"2009636439","2124669372","2.03333"
"2124669372","2009636439","2.03333"
"1487696595","1936279021","0.583333"
"1936279021","1487696595","0.583333"
"1487696595","2044686757","0.708333"
"2044686757","1487696595","0.708333"
"1936279021","2124669372","0.75"
"2124669372","1936279021","0.75"
"2009636439","2044686757","1.25"
"2044686757","2009636439","1.25"
"2044686757","2124669372","0.75"
"2124669372","2044686757","0.75"
"1487696595","1533448254","0.2"
"1533448254","1487696595","0.2"
"1533448254","1559962185","4.2"
"1559962185","1533448254","4.2"
"1533448254","2009636439","0.2"
"2009636439","1533448254","0.2"
"1533448254","2105250349","0.2"
"2105250349","1533448254","0.2"
"1533448254","2124669372","0.2"
"2124669372","1533448254","0.2"
"2105250349","2124669372","0.2"
"2124669372","2105250349","0.2"
"1487696595","2164449020","0.125"
"2164449020","1487696595","0.125"
"1782537397","2028079011","0.125"
"2028079011","1782537397","0.125"
"1782537397","2164449020","0.125"
"2164449020","1782537397","0.125"
"1782537397","2214978413","0.125"
"2214978413","1782537397","0.125"
"1782537397","2618422422","0.375"
"2618422422","1782537397","0.375"
"2138743806","2164449020","0.625"
"2164449020","2138743806","0.625"
"1523684915","2253944663","1"
"2253944663","1523684915","1"
"1533448254","1599609972","1"
"1599609972","1533448254","1"
"1533448254","1782537397","0.333333"
"1782537397","1533448254","0.333333"
"1533448254","2147637635","0.333333"
"2147637635","1533448254","0.333333"
"1533448254","2913331658","0.333333"
"2913331658","1533448254","0.333333"
"1782537397","2147637635","0.333333"
"2147637635","1782537397","0.333333"
"1782537397","2913331658","0.333333"
"2913331658","1782537397","0.333333"
"1559962185","199688493","0.833333"
"199688493","1559962185","0.833333"
"168807733","199688493","0.25"
"199688493","168807733","0.25"
"199688493","2093285517","0.583333"
"2093285517","199688493","0.583333"
"199688493","920573385","0.25"
"920573385","199688493","0.25"
"1559962185","97493623","1.58333"
"97493623","1559962185","1.58333"
"2052757975","97493623","1"
"97493623","2052757975","1"
"199810275","2009636439","1.41667"
"2009636439","199810275","1.41667"
"199688493","2052757975","0.25"
"2052757975","199688493","0.25"
"199688493","2147637635","0.25"
"2147637635","199688493","0.25"
"199688493","97493623","0.583333"
"97493623","199688493","0.583333"
"2147637635","97493623","1.75"
"97493623","2147637635","1.75"
"1559962185","2028079011","0.416667"
"2028079011","1559962185","0.416667"
"1559962185","2214978413","0.416667"
"2214978413","1559962185","0.416667"
"1559962185","347074786","0.416667"
"347074786","1559962185","0.416667"
"168807733","313008529","0.2"
"313008529","168807733","0.2"
"199810275","313008529","0.2"
"313008529","199810275","0.2"
"2147637635","313008529","0.2"
"313008529","2147637635","0.2"
"237078725","313008529","0.2"
"313008529","237078725","0.2"
"313008529","920573385","0.2"
"920573385","313008529","0.2"
"168807733","2028079011","0.166667"
"2028079011","168807733","0.166667"
"168807733","2164449020","0.166667"
"2164449020","168807733","0.166667"
"168807733","2995593521","0.666667"
"2995593521","168807733","0.666667"
"2028079011","2077634190","0.366667"
"2077634190","2028079011","0.366667"
"2028079011","2147637635","0.166667"
"2147637635","2028079011","0.166667"
"2028079011","920573385","0.166667"
"920573385","2028079011","0.166667"
"2077634190","2164449020","0.366667"
"2164449020","2077634190","0.366667"
"2077634190","2995593521","0.666667"
"2995593521","2077634190","0.666667"
"2147637635","2164449020","0.166667"
"2164449020","2147637635","0.166667"
"2147637635","2995593521","0.166667"
"2995593521","2147637635","0.166667"
"2164449020","920573385","0.166667"
"920573385","2164449020","0.166667"
"2995593521","920573385","0.666667"
"920573385","2995593521","0.666667"
"1936279021","2101317674","0.25"
"2101317674","1936279021","0.25"
"2101317674","2618422422","0.25"
"2618422422","2101317674","0.25"
"1782537397","198146604","1.5"
"198146604","1782537397","1.5"
"1782537397","97493623","0.333333"
"97493623","1782537397","0.333333"
"2009636439","97493623","0.333333"
"97493623","2009636439","0.333333"
"2124669372","97493623","0.333333"
"97493623","2124669372","0.333333"
"1782537397","346713025","0.5"
"346713025","1782537397","0.5"
"198146604","346713025","1"
"346713025","198146604","1"
"1827770152","1973573653","2"
"1973573653","1827770152","2"
"1827770152","2077634190","0.5"
"2077634190","1827770152","0.5"
"1827770152","2995593521","0.5"
"2995593521","1827770152","0.5"
"183524701","97493623","1"
"97493623","183524701","1"
"183524701","2009636439","0.25"
"2009636439","183524701","0.25"
"2009636439","237078725","0.25"
"237078725","2009636439","0.25"
"2109351534","2124669372","0.25"
"2124669372","2109351534","0.25"
"2109351534","237078725","0.25"
"237078725","2109351534","0.25"
"1973573653","2995593521","1"
"2995593521","1973573653","1"
"198146604","2044686757","0.5"
"2044686757","198146604","0.5"
"198146604","2109351534","0.5"
"2109351534","198146604","0.5"
"198146604","2093285517","2"
"2093285517","198146604","2"
"198146604","644507273","0.5"
"644507273","198146604","0.5"
"346713025","644507273","0.5"
"644507273","346713025","0.5"
"1983404988","2044686757","0.333333"
"2044686757","1983404988","0.333333"
"1983404988","2480355736","0.333333"
"2480355736","1983404988","0.333333"
"2044686757","2253944663","0.333333"
"2253944663","2044686757","0.333333"
"2253944663","2480355736","0.333333"
"2480355736","2253944663","0.333333"
"1983404988","2164449020","0.25"
"2164449020","1983404988","0.25"
"1983404988","2618422422","0.25"
"2618422422","1983404988","0.25"
"2028079011","2253944663","0.25"
"2253944663","2028079011","0.25"
"2164449020","2253944663","0.25"
"2253944663","2164449020","0.25"
"2253944663","2618422422","0.25"
"2618422422","2253944663","0.25"
"1983404988","2138743806","1"
"2138743806","1983404988","1"
"1983404988","313008529","1"
"313008529","1983404988","1"
"199688493","55401611","3.5"
"55401611","199688493","3.5"
"199688493","346713025","0.5"
"346713025","199688493","0.5"
"346713025","55401611","1.5"
"55401611","346713025","1.5"
"199810275","2164449020","1.5"
"2164449020","199810275","1.5"
"199810275","2214978413","0.5"
"2214978413","199810275","0.5"
"199810275","2253944663","0.2"
"2253944663","199810275","0.2"
"2077634190","2253944663","0.2"
"2253944663","2077634190","0.2"
"2147637635","2253944663","0.2"
"2253944663","2147637635","0.2"
"2253944663","237078725","0.2"
"237078725","2253944663","0.2"
"2253944663","920573385","0.2"
"920573385","2253944663","0.2"
"199810275","2028079011","0.166667"
"2028079011","199810275","0.166667"
"199810275","347074786","0.166667"
"347074786","199810275","0.166667"
"2077634190","2214978413","0.2"
"2214978413","2077634190","0.2"
"2077634190","347074786","0.2"
"347074786","2077634190","0.2"
"2044686757","55401611","0.5"
"55401611","2044686757","0.5"
"2044686757","2101317674","1.5"
"2101317674","2044686757","1.5"
"2101317674","2109351534","0.5"
"2109351534","2101317674","0.5"
"2052757975","2480355736","1"
"2480355736","2052757975","1"
"2093285517","346713025","1"
"346713025","2093285517","1"
"2101317674","237078725","1"
"237078725","2101317674","1"
"2105848112","2253944663","2"
"2253944663","2105848112","2"
"2105848112","2618422422","1.5"
"2618422422","2105848112","1.5"
"2124669372","2214978413","0.5"
"2214978413","2124669372","0.5"
"2138743806","346713025","0.5"
"346713025","2138743806","0.5"
"2138743806","36219043","0.5"
"36219043","2138743806","0.5"
"346713025","36219043","0.5"
"36219043","346713025","0.5"
"2164449020","2617413997","0.5"
"2617413997","2164449020","0.5"
"2617413997","2618422422","0.5"
"2618422422","2617413997","0.5"
"2164449020","36219043","1"
"36219043","2164449020","1"
"2617413997","2913331658","4.5"
"2913331658","2617413997","4.5"
"2617413997","644507273","1.5"
"644507273","2617413997","1.5"
