"1487126431","2111540240","0.5"
"2111540240","1487126431","0.5"
"1487126431","2147234763","0.5"
"2147234763","1487126431","0.5"
"2111540240","2147234763","0.7"
"2147234763","2111540240","0.7"
"1505910962","1513386654","0.2"
"1513386654","1505910962","0.2"
"1505910962","2087240369","0.2"
"2087240369","1505910962","0.2"
"1505910962","2103372737","0.2"
"2103372737","1505910962","0.2"
"1505910962","2343742239","1.2"
"2343742239","1505910962","1.2"
"1505910962","2913306795","0.429167"
"2913306795","1505910962","0.429167"
"1513386654","2087240369","0.7"
"2087240369","1513386654","0.7"
"1513386654","2103372737","0.2"
"2103372737","1513386654","0.2"
"1513386654","2343742239","0.2"
"2343742239","1513386654","0.2"
"1513386654","2913306795","1.2"
"2913306795","1513386654","1.2"
"2087240369","2103372737","0.2"
"2103372737","2087240369","0.2"
"2087240369","2343742239","0.741667"
"2343742239","2087240369","0.741667"
"2087240369","2913306795","1.7"
"2913306795","2087240369","1.7"
"2103372737","2343742239","0.2"
"2343742239","2103372737","0.2"
"2103372737","2913306795","0.2"
"2913306795","2103372737","0.2"
"2343742239","2913306795","0.408333"
"2913306795","2343742239","0.408333"
"1505910962","2137890728","1.0625"
"2137890728","1505910962","1.0625"
"1505910962","1970660793","0.429167"
"1970660793","1505910962","0.429167"
"1505910962","1985442349","0.416667"
"1985442349","1505910962","0.416667"
"1505910962","2027333824","0.166667"
"2027333824","1505910962","0.166667"
"1505910962","2136256517","0.229167"
"2136256517","1505910962","0.229167"
"1505910962","2139327121","0.479167"
"2139327121","1505910962","0.479167"
"1970660793","1985442349","0.616667"
"1985442349","1970660793","0.616667"
"1970660793","2027333824","4.20833"
"2027333824","1970660793","4.20833"
"1970660793","2136256517","0.429167"
"2136256517","1970660793","0.429167"
"1970660793","2139327121","0.479167"
"2139327121","1970660793","0.479167"
"1970660793","2913306795","0.354167"
"2913306795","1970660793","0.354167"
"1985442349","2027333824","0.416667"
"2027333824","1985442349","0.416667"
"1985442349","2136256517","4.43333"
"2136256517","1985442349","4.43333"
"1985442349","2139327121","0.666667"
"2139327121","1985442349","0.666667"
"1985442349","2913306795","4.75"
"2913306795","1985442349","4.75"
"2027333824","2136256517","0.166667"
"2136256517","2027333824","0.166667"
"2027333824","2139327121","0.416667"
"2139327121","2027333824","0.416667"
"2027333824","2913306795","1.29167"
"2913306795","2027333824","1.29167"
"2136256517","2139327121","0.229167"
"2139327121","2136256517","0.229167"
"2136256517","2913306795","0.520833"
"2913306795","2136256517","0.520833"
"2139327121","2913306795","1.22917"
"2913306795","2139327121","1.22917"
"1505910962","2120457925","0.25"
"2120457925","1505910962","0.25"
"1505910962","3007071044","0.25"
"3007071044","1505910962","0.25"
"1985442349","2120457925","1.76667"
"2120457925","1985442349","1.76667"
"1985442349","3007071044","0.25"
"3007071044","1985442349","0.25"
"2120457925","2139327121","0.5"
"2139327121","2120457925","0.5"
"2120457925","3007071044","0.25"
"3007071044","2120457925","0.25"
"2139327121","3007071044","1.25"
"3007071044","2139327121","1.25"
"1505910962","2037536778","0.2"
"2037536778","1505910962","0.2"
"1505910962","2044467713","0.2"
"2044467713","1505910962","0.2"
"1505910962","207773463","0.2"
"207773463","1505910962","0.2"
"1505910962","2107725544","0.2625"
"2107725544","1505910962","0.2625"
"1970660793","2037536778","0.4"
"2037536778","1970660793","0.4"
"1970660793","2044467713","3.99167"
"2044467713","1970660793","3.99167"
"1970660793","207773463","0.2"
"207773463","1970660793","0.2"
"1970660793","2107725544","18.4958"
"2107725544","1970660793","18.4958"
"2037536778","2044467713","0.2"
"2044467713","2037536778","0.2"
"2037536778","207773463","0.2"
"207773463","2037536778","0.2"
"2037536778","2107725544","0.4"
"2107725544","2037536778","0.4"
"2044467713","207773463","0.2"
"207773463","2044467713","0.2"
"2044467713","2107725544","1.61667"
"2107725544","2044467713","1.61667"
"207773463","2107725544","0.2"
"2107725544","207773463","0.2"
"1505910962","1581567317","0.0625"
"1581567317","1505910962","0.0625"
"1505910962","2007797768","0.0625"
"2007797768","1505910962","0.0625"
"1505910962","2012663856","0.0625"
"2012663856","1505910962","0.0625"
"1505910962","2037242621","0.0625"
"2037242621","1505910962","0.0625"
"1505910962","2068816944","0.0625"
"2068816944","1505910962","0.0625"
"1505910962","2107327607","0.0625"
"2107327607","1505910962","0.0625"
"1505910962","2115618391","0.0625"
"2115618391","1505910962","0.0625"
"1505910962","2133671203","0.0625"
"2133671203","1505910962","0.0625"
"1505910962","2148669107","0.0625"
"2148669107","1505910962","0.0625"
"1505910962","2163787796","0.0625"
"2163787796","1505910962","0.0625"
"1581567317","1970660793","1.12917"
"1970660793","1581567317","1.12917"
"1581567317","2007797768","0.0625"
"2007797768","1581567317","0.0625"
"1581567317","2012663856","0.0625"
"2012663856","1581567317","0.0625"
"1581567317","2037242621","0.0625"
"2037242621","1581567317","0.0625"
"1581567317","2068816944","0.0625"
"2068816944","1581567317","0.0625"
"1581567317","2107327607","0.0625"
"2107327607","1581567317","0.0625"
"1581567317","2107725544","0.7625"
"2107725544","1581567317","0.7625"
"1581567317","2115618391","0.0625"
"2115618391","1581567317","0.0625"
"1581567317","2133671203","0.0625"
"2133671203","1581567317","0.0625"
"1581567317","2136256517","0.2625"
"2136256517","1581567317","0.2625"
"1581567317","2137890728","8.3125"
"2137890728","1581567317","8.3125"
"1581567317","2139327121","0.3125"
"2139327121","1581567317","0.3125"
"1581567317","2148669107","1.0125"
"2148669107","1581567317","1.0125"
"1581567317","2163787796","1.2625"
"2163787796","1581567317","1.2625"
"1581567317","2913306795","0.0625"
"2913306795","1581567317","0.0625"
"1970660793","2007797768","0.0625"
"2007797768","1970660793","0.0625"
"1970660793","2012663856","0.0625"
"2012663856","1970660793","0.0625"
"1970660793","2037242621","0.0625"
"2037242621","1970660793","0.0625"
"1970660793","2068816944","5.0625"
"2068816944","1970660793","5.0625"
"1970660793","2107327607","0.0625"
"2107327607","1970660793","0.0625"
"1970660793","2115618391","0.0625"
"2115618391","1970660793","0.0625"
"1970660793","2133671203","0.0625"
"2133671203","1970660793","0.0625"
"1970660793","2137890728","0.0625"
"2137890728","1970660793","0.0625"
"1970660793","2148669107","0.429167"
"2148669107","1970660793","0.429167"
"1970660793","2163787796","0.554167"
"2163787796","1970660793","0.554167"
"2007797768","2012663856","11.9387"
"2012663856","2007797768","11.9387"
"2007797768","2037242621","4.08036"
"2037242621","2007797768","4.08036"
"2007797768","2068816944","0.0625"
"2068816944","2007797768","0.0625"
"2007797768","2107327607","5.44702"
"2107327607","2007797768","5.44702"
"2007797768","2107725544","0.0625"
"2107725544","2007797768","0.0625"
"2007797768","2115618391","0.372024"
"2115618391","2007797768","0.372024"
"2007797768","2133671203","0.0625"
"2133671203","2007797768","0.0625"
"2007797768","2136256517","0.354167"
"2136256517","2007797768","0.354167"
"2007797768","2137890728","0.0625"
"2137890728","2007797768","0.0625"
"2007797768","2139327121","0.895833"
"2139327121","2007797768","0.895833"
"2007797768","2148669107","0.0625"
"2148669107","2007797768","0.0625"
"2007797768","2163787796","0.0625"
"2163787796","2007797768","0.0625"
"2007797768","2913306795","1.6875"
"2913306795","2007797768","1.6875"
"2012663856","2037242621","4.74702"
"2037242621","2012663856","4.74702"
"2012663856","2068816944","0.0625"
"2068816944","2012663856","0.0625"
"2012663856","2107327607","3.48036"
"2107327607","2012663856","3.48036"
"2012663856","2107725544","0.0625"
"2107725544","2012663856","0.0625"
"2012663856","2115618391","1.12202"
"2115618391","2012663856","1.12202"
"2012663856","2133671203","0.0625"
"2133671203","2012663856","0.0625"
"2012663856","2136256517","0.554167"
"2136256517","2012663856","0.554167"
"2012663856","2137890728","0.0625"
"2137890728","2012663856","0.0625"
"2012663856","2139327121","1.3125"
"2139327121","2012663856","1.3125"
"2012663856","2148669107","0.0625"
"2148669107","2012663856","0.0625"
"2012663856","2163787796","0.0625"
"2163787796","2012663856","0.0625"
"2012663856","2913306795","0.854167"
"2913306795","2012663856","0.854167"
"2037242621","2068816944","0.0625"
"2068816944","2037242621","0.0625"
"2037242621","2107327607","1.41369"
"2107327607","2037242621","1.41369"
"2037242621","2107725544","0.0625"
"2107725544","2037242621","0.0625"
"2037242621","2115618391","1.62202"
"2115618391","2037242621","1.62202"
"2037242621","2133671203","0.0625"
"2133671203","2037242621","0.0625"
"2037242621","2136256517","0.0625"
"2136256517","2037242621","0.0625"
"2037242621","2137890728","0.0625"
"2137890728","2037242621","0.0625"
"2037242621","2139327121","2.8125"
"2139327121","2037242621","2.8125"
"2037242621","2148669107","0.0625"
"2148669107","2037242621","0.0625"
"2037242621","2163787796","0.0625"
"2163787796","2037242621","0.0625"
"2037242621","2913306795","0.3125"
"2913306795","2037242621","0.3125"
"2068816944","2107327607","0.0625"
"2107327607","2068816944","0.0625"
"2068816944","2107725544","2.3125"
"2107725544","2068816944","2.3125"
"2068816944","2115618391","0.0625"
"2115618391","2068816944","0.0625"
"2068816944","2133671203","0.0625"
"2133671203","2068816944","0.0625"
"2068816944","2136256517","0.0625"
"2136256517","2068816944","0.0625"
"2068816944","2137890728","0.0625"
"2137890728","2068816944","0.0625"
"2068816944","2139327121","0.0625"
"2139327121","2068816944","0.0625"
"2068816944","2148669107","0.0625"
"2148669107","2068816944","0.0625"
"2068816944","2163787796","0.0625"
"2163787796","2068816944","0.0625"
"2068816944","2913306795","0.0625"
"2913306795","2068816944","0.0625"
"2107327607","2107725544","0.0625"
"2107725544","2107327607","0.0625"
"2107327607","2115618391","0.53869"
"2115618391","2107327607","0.53869"
"2107327607","2133671203","0.0625"
"2133671203","2107327607","0.0625"
"2107327607","2136256517","0.629167"
"2136256517","2107327607","0.629167"
"2107327607","2137890728","0.0625"
"2137890728","2107327607","0.0625"
"2107327607","2139327121","2.39583"
"2139327121","2107327607","2.39583"
"2107327607","2148669107","0.0625"
"2148669107","2107327607","0.0625"
"2107327607","2163787796","0.0625"
"2163787796","2107327607","0.0625"
"2107327607","2913306795","0.8125"
"2913306795","2107327607","0.8125"
"2107725544","2115618391","0.0625"
"2115618391","2107725544","0.0625"
"2107725544","2133671203","0.0625"
"2133671203","2107725544","0.0625"
"2107725544","2136256517","0.0625"
"2136256517","2107725544","0.0625"
"2107725544","2137890728","0.0625"
"2137890728","2107725544","0.0625"
"2107725544","2139327121","1.0625"
"2139327121","2107725544","1.0625"
"2107725544","2148669107","0.2625"
"2148669107","2107725544","0.2625"
"2107725544","2163787796","0.2625"
"2163787796","2107725544","0.2625"
"2107725544","2913306795","0.0625"
"2913306795","2107725544","0.0625"
"2115618391","2133671203","0.0625"
"2133671203","2115618391","0.0625"
"2115618391","2136256517","0.0625"
"2136256517","2115618391","0.0625"
"2115618391","2137890728","0.0625"
"2137890728","2115618391","0.0625"
"2115618391","2139327121","7.8125"
"2139327121","2115618391","7.8125"
"2115618391","2148669107","0.0625"
"2148669107","2115618391","0.0625"
"2115618391","2163787796","0.0625"
"2163787796","2115618391","0.0625"
"2115618391","2913306795","0.0625"
"2913306795","2115618391","0.0625"
"2133671203","2136256517","0.0625"
"2136256517","2133671203","0.0625"
"2133671203","2137890728","0.395833"
"2137890728","2133671203","0.395833"
"2133671203","2139327121","0.0625"
"2139327121","2133671203","0.0625"
"2133671203","2148669107","0.0625"
"2148669107","2133671203","0.0625"
"2133671203","2163787796","0.0625"
"2163787796","2133671203","0.0625"
"2133671203","2913306795","0.0625"
"2913306795","2133671203","0.0625"
"2136256517","2137890728","0.0625"
"2137890728","2136256517","0.0625"
"2136256517","2148669107","0.0625"
"2148669107","2136256517","0.0625"
"2136256517","2163787796","0.0625"
"2163787796","2136256517","0.0625"
"2137890728","2139327121","0.3125"
"2139327121","2137890728","0.3125"
"2137890728","2148669107","0.0625"
"2148669107","2137890728","0.0625"
"2137890728","2163787796","0.3125"
"2163787796","2137890728","0.3125"
"2137890728","2913306795","0.0625"
"2913306795","2137890728","0.0625"
"2139327121","2148669107","0.3125"
"2148669107","2139327121","0.3125"
"2139327121","2163787796","1.3125"
"2163787796","2139327121","1.3125"
"2148669107","2163787796","3.34583"
"2163787796","2148669107","3.34583"
"2148669107","2913306795","0.0625"
"2913306795","2148669107","0.0625"
"2163787796","2913306795","0.1875"
"2913306795","2163787796","0.1875"
"1513386654","1985442349","2"
"1985442349","1513386654","2"
"1985442349","2087240369","3.38333"
"2087240369","1985442349","3.38333"
"1513386654","2105254736","1"
"2105254736","1513386654","1"
"1513386654","2116796458","0.5"
"2116796458","1513386654","0.5"
"1985442349","2116796458","10.2333"
"2116796458","1985442349","10.2333"
"1513386654","2120457925","1.5"
"2120457925","1513386654","1.5"
"1513386654","2111759698","1.5"
"2111759698","1513386654","1.5"
"2111759698","2120457925","0.5"
"2120457925","2111759698","0.5"
"1513386654","1970660793","1"
"1970660793","1513386654","1"
"1562097319","1970660793","0.366667"
"1970660793","1562097319","0.366667"
"1562097319","1997638116","7.86667"
"1997638116","1562097319","7.86667"
"1562097319","2037536778","0.2"
"2037536778","1562097319","0.2"
"1562097319","2107725544","0.2"
"2107725544","1562097319","0.2"
"1562097319","2138906630","0.2"
"2138906630","1562097319","0.2"
"1970660793","1997638116","0.366667"
"1997638116","1970660793","0.366667"
"1970660793","2138906630","0.2"
"2138906630","1970660793","0.2"
"1997638116","2037536778","0.2"
"2037536778","1997638116","0.2"
"1997638116","2107725544","0.2"
"2107725544","1997638116","0.2"
"1997638116","2138906630","0.2"
"2138906630","1997638116","0.2"
"2037536778","2138906630","0.2"
"2138906630","2037536778","0.2"
"2107725544","2138906630","0.2"
"2138906630","2107725544","0.2"
"1562097319","1581567317","0.166667"
"1581567317","1562097319","0.166667"
"1562097319","2147234763","0.166667"
"2147234763","1562097319","0.166667"
"1562097319","2148669107","0.166667"
"2148669107","1562097319","0.166667"
"1562097319","2163787796","0.166667"
"2163787796","1562097319","0.166667"
"1581567317","1997638116","0.166667"
"1997638116","1581567317","0.166667"
"1581567317","2147234763","0.666667"
"2147234763","1581567317","0.666667"
"1970660793","2147234763","0.416667"
"2147234763","1970660793","0.416667"
"1997638116","2147234763","0.166667"
"2147234763","1997638116","0.166667"
"1997638116","2148669107","0.166667"
"2148669107","1997638116","0.166667"
"1997638116","2163787796","0.166667"
"2163787796","1997638116","0.166667"
"2147234763","2148669107","0.416667"
"2148669107","2147234763","0.416667"
"2147234763","2163787796","0.166667"
"2163787796","2147234763","0.166667"
"1562097319","2105254736","0.5"
"2105254736","1562097319","0.5"
"1997638116","2105254736","0.5"
"2105254736","1997638116","0.5"
"1581567317","2071353971","0.783333"
"2071353971","1581567317","0.783333"
"1970660793","2071353971","0.533333"
"2071353971","1970660793","0.533333"
"2071353971","2107725544","0.533333"
"2107725544","2071353971","0.533333"
"2071353971","2148669107","0.783333"
"2148669107","2071353971","0.783333"
"2071353971","2163787796","0.783333"
"2163787796","2071353971","0.783333"
"1581567317","1985442349","1.2"
"1985442349","1581567317","1.2"
"1581567317","2116796458","0.2"
"2116796458","1581567317","0.2"
"1581567317","2120457925","0.7"
"2120457925","1581567317","0.7"
"1970660793","2116796458","0.2"
"2116796458","1970660793","0.2"
"1970660793","2120457925","0.2"
"2120457925","1970660793","0.2"
"2116796458","2120457925","0.4"
"2120457925","2116796458","0.4"
"2116796458","2136256517","1.53333"
"2136256517","2116796458","1.53333"
"2120457925","2136256517","0.491667"
"2136256517","2120457925","0.491667"
"1581567317","2116812331","0.5"
"2116812331","1581567317","0.5"
"2116812331","2137890728","0.5"
"2137890728","2116812331","0.5"
"1581567317","2113725030","0.5"
"2113725030","1581567317","0.5"
"2113725030","2137890728","2"
"2137890728","2113725030","2"
"1581567317","2105254736","0.5"
"2105254736","1581567317","0.5"
"2105254736","2147234763","0.5"
"2147234763","2105254736","0.5"
"2071353971","2120457925","0.25"
"2120457925","2071353971","0.25"
"2120457925","2148669107","0.25"
"2148669107","2120457925","0.25"
"2120457925","2163787796","0.5"
"2163787796","2120457925","0.5"
"2120457925","2137890728","0.25"
"2137890728","2120457925","0.25"
"1850323027","2143515359","13"
"2143515359","1850323027","13"
"1970660793","2055058987","2.91667"
"2055058987","1970660793","2.91667"
"2027333824","2055058987","3.41667"
"2055058987","2027333824","3.41667"
"2027333824","2068816944","3.33333"
"2068816944","2027333824","3.33333"
"2055058987","2068816944","3.91667"
"2068816944","2055058987","3.91667"
"2027333824","2107725544","2.41667"
"2107725544","2027333824","2.41667"
"1970660793","1994445591","0.125"
"1994445591","1970660793","0.125"
"1970660793","2087240369","0.125"
"2087240369","1970660793","0.125"
"1970660793","2340364116","0.125"
"2340364116","1970660793","0.125"
"1970660793","2752794725","0.458333"
"2752794725","1970660793","0.458333"
"1994445591","2027333824","0.125"
"2027333824","1994445591","0.125"
"1994445591","2044467713","0.125"
"2044467713","1994445591","0.125"
"1994445591","2087240369","0.7"
"2087240369","1994445591","0.7"
"1994445591","2163787796","0.125"
"2163787796","1994445591","0.125"
"1994445591","2340364116","0.125"
"2340364116","1994445591","0.125"
"1994445591","2752794725","1.125"
"2752794725","1994445591","1.125"
"1994445591","2913306795","2"
"2913306795","1994445591","2"
"2027333824","2044467713","0.625"
"2044467713","2027333824","0.625"
"2027333824","2087240369","0.125"
"2087240369","2027333824","0.125"
"2027333824","2163787796","0.125"
"2163787796","2027333824","0.125"
"2027333824","2340364116","0.125"
"2340364116","2027333824","0.125"
"2027333824","2752794725","0.458333"
"2752794725","2027333824","0.458333"
"2044467713","2087240369","0.125"
"2087240369","2044467713","0.125"
"2044467713","2163787796","0.125"
"2163787796","2044467713","0.125"
"2044467713","2340364116","0.125"
"2340364116","2044467713","0.125"
"2044467713","2752794725","0.125"
"2752794725","2044467713","0.125"
"2044467713","2913306795","0.125"
"2913306795","2044467713","0.125"
"2087240369","2163787796","1.125"
"2163787796","2087240369","1.125"
"2087240369","2340364116","0.125"
"2340364116","2087240369","0.125"
"2087240369","2752794725","0.458333"
"2752794725","2087240369","0.458333"
"2163787796","2340364116","1.125"
"2340364116","2163787796","1.125"
"2163787796","2752794725","0.958333"
"2752794725","2163787796","0.958333"
"2340364116","2752794725","6.125"
"2752794725","2340364116","6.125"
"2340364116","2913306795","0.125"
"2913306795","2340364116","0.125"
"2752794725","2913306795","0.125"
"2913306795","2752794725","0.125"
"2068816944","2752794725","0.333333"
"2752794725","2068816944","0.333333"
"1970660793","2312339748","0.25"
"2312339748","1970660793","0.25"
"1970660793","2557362919","0.25"
"2557362919","1970660793","0.25"
"1970660793","750165539","0.25"
"750165539","1970660793","0.25"
"2107725544","2312339748","0.25"
"2312339748","2107725544","0.25"
"2107725544","2557362919","0.25"
"2557362919","2107725544","0.25"
"2107725544","750165539","0.25"
"750165539","2107725544","0.25"
"2312339748","2557362919","5.08333"
"2557362919","2312339748","5.08333"
"2312339748","750165539","7.39286"
"750165539","2312339748","7.39286"
"2557362919","750165539","1.08333"
"750165539","2557362919","1.08333"
"2055058987","2107725544","1.5"
"2107725544","2055058987","1.5"
"2044467713","2068816944","3.16667"
"2068816944","2044467713","3.16667"
"2044467713","2055058987","0.25"
"2055058987","2044467713","0.25"
"2027333824","2071353971","0.333333"
"2071353971","2027333824","0.333333"
"1985442349","2147234763","1.25"
"2147234763","1985442349","1.25"
"2027333824","2147234763","0.25"
"2147234763","2027333824","0.25"
"2139327121","2147234763","1.5"
"2147234763","2139327121","1.5"
"1985442349","2007797768","0.483333"
"2007797768","1985442349","0.483333"
"1985442349","2012663856","1.01667"
"2012663856","1985442349","1.01667"
"2007797768","2087240369","0.858333"
"2087240369","2007797768","0.858333"
"2007797768","2116796458","0.2"
"2116796458","2007797768","0.2"
"2007797768","2120457925","6.775"
"2120457925","2007797768","6.775"
"2012663856","2087240369","1.89167"
"2087240369","2012663856","1.89167"
"2012663856","2116796458","0.2"
"2116796458","2012663856","0.2"
"2012663856","2120457925","4.025"
"2120457925","2012663856","4.025"
"2087240369","2116796458","0.533333"
"2116796458","2087240369","0.533333"
"2087240369","2120457925","2.35833"
"2120457925","2087240369","2.35833"
"1985442349","1994445591","0.283333"
"1994445591","1985442349","0.283333"
"1985442349","2037536778","1.28333"
"2037536778","1985442349","1.28333"
"1985442349","2107327607","1.68333"
"2107327607","1985442349","1.68333"
"1994445591","2037536778","0.408333"
"2037536778","1994445591","0.408333"
"1994445591","2107327607","0.283333"
"2107327607","1994445591","0.283333"
"1994445591","2136256517","0.325"
"2136256517","1994445591","0.325"
"2037536778","2087240369","2.40833"
"2087240369","2037536778","2.40833"
"2037536778","2107327607","1.28333"
"2107327607","2037536778","1.28333"
"2037536778","2136256517","0.325"
"2136256517","2037536778","0.325"
"2087240369","2107327607","2.01667"
"2107327607","2087240369","2.01667"
"2087240369","2136256517","4.19167"
"2136256517","2087240369","4.19167"
"2107327607","2120457925","0.95"
"2120457925","2107327607","0.95"
"1985442349","2752794725","0.333333"
"2752794725","1985442349","0.333333"
"2136256517","2752794725","0.333333"
"2752794725","2136256517","0.333333"
"1985442349","2037242621","0.0833333"
"2037242621","1985442349","0.0833333"
"1985442349","2062770324","0.283333"
"2062770324","1985442349","0.283333"
"1985442349","2100027731","0.0833333"
"2100027731","1985442349","0.0833333"
"1985442349","2343742239","0.0833333"
"2343742239","1985442349","0.0833333"
"1994445591","2007797768","0.708333"
"2007797768","1994445591","0.708333"
"1994445591","2012663856","0.375"
"2012663856","1994445591","0.375"
"1994445591","2037242621","0.25"
"2037242621","1994445591","0.25"
"1994445591","2062770324","0.25"
"2062770324","1994445591","0.25"
"1994445591","2100027731","1.08333"
"2100027731","1994445591","1.08333"
"1994445591","2120457925","0.375"
"2120457925","1994445591","0.375"
"1994445591","2343742239","0.208333"
"2343742239","1994445591","0.208333"
"2007797768","2037536778","0.208333"
"2037536778","2007797768","0.208333"
"2007797768","2062770324","4.93452"
"2062770324","2007797768","4.93452"
"2007797768","2100027731","0.333333"
"2100027731","2007797768","0.333333"
"2007797768","2343742239","1.22619"
"2343742239","2007797768","1.22619"
"2012663856","2037536778","0.208333"
"2037536778","2012663856","0.208333"
"2012663856","2062770324","2.88452"
"2062770324","2012663856","2.88452"
"2012663856","2100027731","0.333333"
"2100027731","2012663856","0.333333"
"2012663856","2343742239","2.72619"
"2343742239","2012663856","2.72619"
"2037242621","2037536778","0.0833333"
"2037536778","2037242621","0.0833333"
"2037242621","2062770324","2.10119"
"2062770324","2037242621","2.10119"
"2037242621","2087240369","0.25"
"2087240369","2037242621","0.25"
"2037242621","2100027731","0.0833333"
"2100027731","2037242621","0.0833333"
"2037242621","2120457925","0.5"
"2120457925","2037242621","0.5"
"2037242621","2343742239","2.51786"
"2343742239","2037242621","2.51786"
"2037536778","2062770324","0.0833333"
"2062770324","2037536778","0.0833333"
"2037536778","2100027731","0.0833333"
"2100027731","2037536778","0.0833333"
"2037536778","2120457925","0.208333"
"2120457925","2037536778","0.208333"
"2037536778","2343742239","0.208333"
"2343742239","2037536778","0.208333"
"2037536778","2913306795","0.208333"
"2913306795","2037536778","0.208333"
"2062770324","2087240369","0.7"
"2087240369","2062770324","0.7"
"2062770324","2100027731","0.0833333"
"2100027731","2062770324","0.0833333"
"2062770324","2107327607","4.88452"
"2107327607","2062770324","4.88452"
"2062770324","2120457925","0.916667"
"2120457925","2062770324","0.916667"
"2062770324","2343742239","1.10119"
"2343742239","2062770324","1.10119"
"2062770324","2913306795","0.916667"
"2913306795","2062770324","0.916667"
"2087240369","2100027731","0.0833333"
"2100027731","2087240369","0.0833333"
"2100027731","2107327607","0.0833333"
"2107327607","2100027731","0.0833333"
"2100027731","2120457925","0.333333"
"2120457925","2100027731","0.333333"
"2100027731","2343742239","0.0833333"
"2343742239","2100027731","0.0833333"
"2100027731","2913306795","0.333333"
"2913306795","2100027731","0.333333"
"2107327607","2343742239","1.43452"
"2343742239","2107327607","1.43452"
"2120457925","2343742239","0.208333"
"2343742239","2120457925","0.208333"
"2120457925","2913306795","1.79167"
"2913306795","2120457925","1.79167"
"2062770324","2136256517","0.366667"
"2136256517","2062770324","0.366667"
"1994445591","1997638116","1"
"1997638116","1994445591","1"
"2136256517","2343742239","0.125"
"2343742239","2136256517","0.125"
"1995920661","2111759698","11.5"
"2111759698","1995920661","11.5"
"1995920661","2138906630","0.5"
"2138906630","1995920661","0.5"
"2111759698","2138906630","1.7"
"2138906630","2111759698","1.7"
"1995920661","2087240369","0.25"
"2087240369","1995920661","0.25"
"1995920661","2139327121","0.25"
"2139327121","1995920661","0.25"
"1995920661","2147234763","0.25"
"2147234763","1995920661","0.25"
"1995920661","2148669107","0.25"
"2148669107","1995920661","0.25"
"2087240369","2139327121","0.25"
"2139327121","2087240369","0.25"
"2087240369","2147234763","0.25"
"2147234763","2087240369","0.25"
"2087240369","2148669107","0.25"
"2148669107","2087240369","0.25"
"1996673440","207773463","1"
"207773463","1996673440","1"
"1997638116","2913306795","1"
"2913306795","1997638116","1"
"2007797768","3007071044","0.684524"
"3007071044","2007797768","0.684524"
"2012663856","3007071044","0.60119"
"3007071044","2012663856","0.60119"
"2037242621","3007071044","1.35119"
"3007071044","2037242621","1.35119"
"2062770324","2115618391","0.47619"
"2115618391","2062770324","0.47619"
"2062770324","3007071044","0.517857"
"3007071044","2062770324","0.517857"
"2107327607","3007071044","0.85119"
"3007071044","2107327607","0.85119"
"2115618391","2343742239","1.22619"
"2343742239","2115618391","1.22619"
"2115618391","3007071044","1.30952"
"3007071044","2115618391","1.30952"
"2343742239","3007071044","0.60119"
"3007071044","2343742239","0.60119"
"2007797768","2047338137","0.833333"
"2047338137","2007797768","0.833333"
"2047338137","2120457925","2.5"
"2120457925","2047338137","2.5"
"2012663856","2047338137","0.333333"
"2047338137","2012663856","0.333333"
"2037242621","2047338137","0.333333"
"2047338137","2037242621","0.333333"
"2007797768","2044467713","0.291667"
"2044467713","2007797768","0.291667"
"2007797768","2564960719","0.125"
"2564960719","2007797768","0.125"
"2012663856","2044467713","0.458333"
"2044467713","2012663856","0.458333"
"2012663856","2564960719","0.125"
"2564960719","2012663856","0.125"
"2037242621","2044467713","0.958333"
"2044467713","2037242621","0.958333"
"2037242621","2564960719","0.625"
"2564960719","2037242621","0.625"
"2044467713","2062770324","0.125"
"2062770324","2044467713","0.125"
"2044467713","2107327607","0.125"
"2107327607","2044467713","0.125"
"2044467713","2343742239","0.458333"
"2343742239","2044467713","0.458333"
"2044467713","2564960719","0.125"
"2564960719","2044467713","0.125"
"2044467713","3007071044","0.958333"
"3007071044","2044467713","0.958333"
"2062770324","2564960719","0.125"
"2564960719","2062770324","0.125"
"2107327607","2564960719","0.125"
"2564960719","2107327607","0.125"
"2343742239","2564960719","1.625"
"2564960719","2343742239","1.625"
"2564960719","3007071044","0.125"
"3007071044","2564960719","0.125"
"2044467713","2115618391","0.833333"
"2115618391","2044467713","0.833333"
"2139327121","2343742239","4.41667"
"2343742239","2139327121","4.41667"
"2012663856","2027333824","0.25"
"2027333824","2012663856","0.25"
"2027333824","2037242621","0.25"
"2037242621","2027333824","0.25"
"2027333824","2062770324","0.25"
"2062770324","2027333824","0.25"
"2027333824","2120457925","0.25"
"2120457925","2027333824","0.25"
"2044467713","2139327121","0.666667"
"2139327121","2044467713","0.666667"
"2027333824","2312339748","0.333333"
"2312339748","2027333824","0.333333"
"2027333824","2343420905","0.333333"
"2343420905","2027333824","0.333333"
"2027333824","750165539","0.333333"
"750165539","2027333824","0.333333"
"2312339748","2343420905","1.33333"
"2343420905","2312339748","1.33333"
"2343420905","750165539","0.333333"
"750165539","2343420905","0.333333"
"2027333824","2921981915","1"
"2921981915","2027333824","1"
"2027333824","2095961898","1"
"2095961898","2027333824","1"
"2027333824","207773463","1"
"207773463","2027333824","1"
"2037536778","2103372737","0.5"
"2103372737","2037536778","0.5"
"2037536778","2343420905","0.5"
"2343420905","2037536778","0.5"
"2103372737","2343420905","5.83333"
"2343420905","2103372737","5.83333"
"2047338137","207773463","6"
"207773463","2047338137","6"
"2055058987","2122738917","0.5"
"2122738917","2055058987","0.5"
"2055058987","2133671203","0.5"
"2133671203","2055058987","0.5"
"2122738917","2133671203","7.33333"
"2133671203","2122738917","7.33333"
"2055058987","2148669107","0.333333"
"2148669107","2055058987","0.333333"
"2055058987","2163787796","0.833333"
"2163787796","2055058987","0.833333"
"2055058987","2752794725","0.833333"
"2752794725","2055058987","0.833333"
"2148669107","2752794725","0.333333"
"2752794725","2148669107","0.333333"
"2062770324","2921981915","1"
"2921981915","2062770324","1"
"2068816944","2508196257","1"
"2508196257","2068816944","1"
"2068816944","2095961898","1"
"2095961898","2068816944","1"
"207773463","2343420905","1"
"2343420905","207773463","1"
"2095961898","2111540240","4"
"2111540240","2095961898","4"
"2100027731","3000426947","1"
"3000426947","2100027731","1"
"2103372737","2137890728","3.83333"
"2137890728","2103372737","3.83333"
"2103372737","2113725030","0.5"
"2113725030","2103372737","0.5"
"2103372737","2111759698","1.33333"
"2111759698","2103372737","1.33333"
"2103372737","2133671203","1.16667"
"2133671203","2103372737","1.16667"
"2133671203","2343420905","2.33333"
"2343420905","2133671203","2.33333"
"2137890728","2343420905","0.333333"
"2343420905","2137890728","0.333333"
"2103372737","2122738917","0.833333"
"2122738917","2103372737","0.833333"
"2111759698","2122738917","0.333333"
"2122738917","2111759698","0.333333"
"2111759698","2133671203","0.333333"
"2133671203","2111759698","0.333333"
"2105254736","2163787796","1"
"2163787796","2105254736","1"
"2111540240","2111759698","0.2"
"2111759698","2111540240","0.2"
"2111540240","2138906630","0.2"
"2138906630","2111540240","0.2"
"2111540240","2143515359","0.2"
"2143515359","2111540240","0.2"
"2111540240","2921981915","0.2"
"2921981915","2111540240","0.2"
"2111759698","2143515359","1.2"
"2143515359","2111759698","1.2"
"2111759698","2147234763","0.2"
"2147234763","2111759698","0.2"
"2111759698","2921981915","0.2"
"2921981915","2111759698","0.2"
"2138906630","2143515359","0.2"
"2143515359","2138906630","0.2"
"2138906630","2147234763","2.2"
"2147234763","2138906630","2.2"
"2138906630","2921981915","0.2"
"2921981915","2138906630","0.2"
"2143515359","2147234763","0.2"
"2147234763","2143515359","0.2"
"2143515359","2921981915","0.2"
"2921981915","2143515359","0.2"
"2147234763","2921981915","0.2"
"2921981915","2147234763","0.2"
"2111540240","2312339748","1"
"2312339748","2111540240","1"
"2111759698","2343742239","0.5"
"2343742239","2111759698","0.5"
"2111759698","2988172132","0.5"
"2988172132","2111759698","0.5"
"2343742239","2988172132","0.5"
"2988172132","2343742239","0.5"
"2113725030","2133671203","1"
"2133671203","2113725030","1"
"2116796458","2139327121","1"
"2139327121","2116796458","1"
"2312339748","2921981915","6.64286"
"2921981915","2312339748","6.64286"
"2557362919","2921981915","4.66667"
"2921981915","2557362919","4.66667"
"2312339748","2508196257","0.97619"
"2508196257","2312339748","0.97619"
"2312339748","2756578209","2.22619"
"2756578209","2312339748","2.22619"
"2312339748","2948130749","0.72619"
"2948130749","2312339748","0.72619"
"2508196257","2557362919","1.33333"
"2557362919","2508196257","1.33333"
"2508196257","2756578209","1.92619"
"2756578209","2508196257","1.92619"
"2508196257","2921981915","2.50952"
"2921981915","2508196257","2.50952"
"2508196257","2948130749","2.25952"
"2948130749","2508196257","2.25952"
"2508196257","750165539","2.17619"
"750165539","2508196257","2.17619"
"2557362919","2756578209","0.583333"
"2756578209","2557362919","0.583333"
"2557362919","2948130749","0.583333"
"2948130749","2557362919","0.583333"
"2756578209","2921981915","11.0095"
"2921981915","2756578209","11.0095"
"2756578209","2948130749","1.67619"
"2948130749","2756578209","1.67619"
"2756578209","750165539","3.92619"
"750165539","2756578209","3.92619"
"2921981915","2948130749","4.50952"
"2948130749","2921981915","4.50952"
"2921981915","750165539","10.8429"
"750165539","2921981915","10.8429"
"2948130749","750165539","0.92619"
"750165539","2948130749","0.92619"
"2312339748","2990116723","1.64286"
"2990116723","2312339748","1.64286"
"2921981915","2990116723","6.67619"
"2990116723","2921981915","6.67619"
"2990116723","750165539","2.34286"
"750165539","2990116723","2.34286"
"2312339748","2913306795","1.14286"
"2913306795","2312339748","1.14286"
"2508196257","2913306795","1.47619"
"2913306795","2508196257","1.47619"
"2508196257","2990116723","4.34286"
"2990116723","2508196257","4.34286"
"2756578209","2913306795","0.142857"
"2913306795","2756578209","0.142857"
"2756578209","2990116723","0.509524"
"2990116723","2756578209","0.509524"
"2913306795","2921981915","0.142857"
"2921981915","2913306795","0.142857"
"2913306795","2948130749","0.47619"
"2948130749","2913306795","0.47619"
"2913306795","2990116723","0.47619"
"2990116723","2913306795","0.47619"
"2913306795","750165539","0.142857"
"750165539","2913306795","0.142857"
"2948130749","2990116723","2.84286"
"2990116723","2948130749","2.84286"
"2557362919","2990116723","0.166667"
"2990116723","2557362919","0.166667"
"2508196257","2795445515","5"
"2795445515","2508196257","5"
"2564960719","3000426947","3"
"3000426947","2564960719","3"
"2752794725","2911455468","1"
"2911455468","2752794725","1"
"2795445515","2948130749","3"
"2948130749","2795445515","3"
"2885310037","2910421826","10"
"2910421826","2885310037","10"
"2988172132","3000426947","4"
"3000426947","2988172132","4"
