"1488719427","2016892599","1.06667"
"2016892599","1488719427","1.06667"
"1488719427","1576295148","1.88333"
"1576295148","1488719427","1.88333"
"1488719427","2120108467","0.65"
"2120108467","1488719427","0.65"
"1488719427","2134195632","3.31667"
"2134195632","1488719427","3.31667"
"1488719427","2153251667","0.733333"
"2153251667","1488719427","0.733333"
"1488719427","2275613000","0.65"
"2275613000","1488719427","0.65"
"1576295148","2120108467","1.35"
"2120108467","1576295148","1.35"
"1576295148","2134195632","5.25"
"2134195632","1576295148","5.25"
"1576295148","2153251667","3.93333"
"2153251667","1576295148","3.93333"
"1576295148","2275613000","0.85"
"2275613000","1576295148","0.85"
"2120108467","2134195632","9.18333"
"2134195632","2120108467","9.18333"
"2120108467","2153251667","7.76667"
"2153251667","2120108467","7.76667"
"2120108467","2275613000","4.93333"
"2275613000","2120108467","4.93333"
"2134195632","2153251667","6.1"
"2153251667","2134195632","6.1"
"2134195632","2275613000","1.43333"
"2275613000","2134195632","1.43333"
"2153251667","2275613000","3.6"
"2275613000","2153251667","3.6"
"1488719427","1521219253","0.191667"
"1521219253","1488719427","0.191667"
"1488719427","1564059483","0.0666667"
"1564059483","1488719427","0.0666667"
"1488719427","1667498960","0.275"
"1667498960","1488719427","0.275"
"1488719427","2037607644","0.0666667"
"2037607644","1488719427","0.0666667"
"1488719427","2045463753","0.0666667"
"2045463753","1488719427","0.0666667"
"1488719427","2056076776","0.0666667"
"2056076776","1488719427","0.0666667"
"1488719427","2073788020","0.0666667"
"2073788020","1488719427","0.0666667"
"1488719427","2112276485","0.191667"
"2112276485","1488719427","0.191667"
"1488719427","2116341550","0.275"
"2116341550","1488719427","0.275"
"1488719427","2116544254","0.0666667"
"2116544254","1488719427","0.0666667"
"1488719427","2125121047","0.275"
"2125121047","1488719427","0.275"
"1488719427","2131006463","0.275"
"2131006463","1488719427","0.275"
"1488719427","2151772234","0.0666667"
"2151772234","1488719427","0.0666667"
"1521219253","1564059483","0.590909"
"1564059483","1521219253","0.590909"
"1521219253","1667498960","0.411447"
"1667498960","1521219253","0.411447"
"1521219253","2016892599","1.09091"
"2016892599","1521219253","1.09091"
"1521219253","2037607644","0.5"
"2037607644","1521219253","0.5"
"1521219253","2045463753","0.0666667"
"2045463753","1521219253","0.0666667"
"1521219253","2056076776","0.0666667"
"2056076776","1521219253","0.0666667"
"1521219253","2073788020","0.0666667"
"2073788020","1521219253","0.0666667"
"1521219253","2112276485","0.511447"
"2112276485","1521219253","0.511447"
"1521219253","2116341550","0.411447"
"2116341550","1521219253","0.411447"
"1521219253","2116544254","0.0666667"
"2116544254","1521219253","0.0666667"
"1521219253","2125121047","1.01145"
"2125121047","1521219253","1.01145"
"1521219253","2131006463","0.511447"
"2131006463","1521219253","0.511447"
"1521219253","2134195632","0.0666667"
"2134195632","1521219253","0.0666667"
"1521219253","2151772234","0.0666667"
"2151772234","1521219253","0.0666667"
"1564059483","1667498960","0.0666667"
"1667498960","1564059483","0.0666667"
"1564059483","2016892599","6.09091"
"2016892599","1564059483","6.09091"
"1564059483","2037607644","4.5"
"2037607644","1564059483","4.5"
"1564059483","2045463753","0.0666667"
"2045463753","1564059483","0.0666667"
"1564059483","2056076776","0.0666667"
"2056076776","1564059483","0.0666667"
"1564059483","2073788020","2.23333"
"2073788020","1564059483","2.23333"
"1564059483","2112276485","0.166667"
"2112276485","1564059483","0.166667"
"1564059483","2116341550","0.0666667"
"2116341550","1564059483","0.0666667"
"1564059483","2116544254","0.0666667"
"2116544254","1564059483","0.0666667"
"1564059483","2125121047","0.166667"
"2125121047","1564059483","0.166667"
"1564059483","2131006463","0.166667"
"2131006463","1564059483","0.166667"
"1564059483","2134195632","0.0666667"
"2134195632","1564059483","0.0666667"
"1564059483","2151772234","0.0666667"
"2151772234","1564059483","0.0666667"
"1667498960","2016892599","0.0666667"
"2016892599","1667498960","0.0666667"
"1667498960","2037607644","0.0666667"
"2037607644","1667498960","0.0666667"
"1667498960","2045463753","0.0666667"
"2045463753","1667498960","0.0666667"
"1667498960","2056076776","0.0666667"
"2056076776","1667498960","0.0666667"
"1667498960","2073788020","0.0666667"
"2073788020","1667498960","0.0666667"
"1667498960","2112276485","1.15311"
"2112276485","1667498960","1.15311"
"1667498960","2116341550","15.7198"
"2116341550","1667498960","15.7198"
"1667498960","2116544254","0.0666667"
"2116544254","1667498960","0.0666667"
"1667498960","2125121047","2.90311"
"2125121047","1667498960","2.90311"
"1667498960","2131006463","3.43645"
"2131006463","1667498960","3.43645"
"1667498960","2134195632","0.0666667"
"2134195632","1667498960","0.0666667"
"1667498960","2151772234","0.0666667"
"2151772234","1667498960","0.0666667"
"2016892599","2037607644","7.5"
"2037607644","2016892599","7.5"
"2016892599","2045463753","0.0666667"
"2045463753","2016892599","0.0666667"
"2016892599","2056076776","0.0666667"
"2056076776","2016892599","0.0666667"
"2016892599","2073788020","6.73333"
"2073788020","2016892599","6.73333"
"2016892599","2112276485","0.309524"
"2112276485","2016892599","0.309524"
"2016892599","2116341550","0.0666667"
"2116341550","2016892599","0.0666667"
"2016892599","2116544254","0.0666667"
"2116544254","2016892599","0.0666667"
"2016892599","2125121047","1.80952"
"2125121047","2016892599","1.80952"
"2016892599","2131006463","0.309524"
"2131006463","2016892599","0.309524"
"2016892599","2134195632","0.0666667"
"2134195632","2016892599","0.0666667"
"2016892599","2151772234","0.0666667"
"2151772234","2016892599","0.0666667"
"2037607644","2045463753","0.0666667"
"2045463753","2037607644","0.0666667"
"2037607644","2056076776","0.0666667"
"2056076776","2037607644","0.0666667"
"2037607644","2073788020","4.23333"
"2073788020","2037607644","4.23333"
"2037607644","2112276485","0.166667"
"2112276485","2037607644","0.166667"
"2037607644","2116341550","0.0666667"
"2116341550","2037607644","0.0666667"
"2037607644","2116544254","0.0666667"
"2116544254","2037607644","0.0666667"
"2037607644","2125121047","0.166667"
"2125121047","2037607644","0.166667"
"2037607644","2131006463","0.166667"
"2131006463","2037607644","0.166667"
"2037607644","2134195632","0.65"
"2134195632","2037607644","0.65"
"2037607644","2151772234","0.0666667"
"2151772234","2037607644","0.0666667"
"2045463753","2056076776","0.0666667"
"2056076776","2045463753","0.0666667"
"2045463753","2073788020","0.0666667"
"2073788020","2045463753","0.0666667"
"2045463753","2112276485","0.0666667"
"2112276485","2045463753","0.0666667"
"2045463753","2116341550","0.209524"
"2116341550","2045463753","0.209524"
"2045463753","2116544254","1.06667"
"2116544254","2045463753","1.06667"
"2045463753","2125121047","0.209524"
"2125121047","2045463753","0.209524"
"2045463753","2131006463","0.0666667"
"2131006463","2045463753","0.0666667"
"2045463753","2134195632","0.0666667"
"2134195632","2045463753","0.0666667"
"2045463753","2151772234","0.0666667"
"2151772234","2045463753","0.0666667"
"2056076776","2073788020","0.0666667"
"2073788020","2056076776","0.0666667"
"2056076776","2112276485","0.0666667"
"2112276485","2056076776","0.0666667"
"2056076776","2116341550","0.0666667"
"2116341550","2056076776","0.0666667"
"2056076776","2116544254","0.0666667"
"2116544254","2056076776","0.0666667"
"2056076776","2125121047","0.0666667"
"2125121047","2056076776","0.0666667"
"2056076776","2131006463","0.0666667"
"2131006463","2056076776","0.0666667"
"2056076776","2134195632","0.0666667"
"2134195632","2056076776","0.0666667"
"2056076776","2151772234","0.0666667"
"2151772234","2056076776","0.0666667"
"2073788020","2112276485","0.0666667"
"2112276485","2073788020","0.0666667"
"2073788020","2116341550","0.0666667"
"2116341550","2073788020","0.0666667"
"2073788020","2116544254","0.0666667"
"2116544254","2073788020","0.0666667"
"2073788020","2125121047","0.0666667"
"2125121047","2073788020","0.0666667"
"2073788020","2131006463","0.0666667"
"2131006463","2073788020","0.0666667"
"2073788020","2134195632","0.0666667"
"2134195632","2073788020","0.0666667"
"2073788020","2151772234","0.0666667"
"2151772234","2073788020","0.0666667"
"2112276485","2116341550","1.29597"
"2116341550","2112276485","1.29597"
"2112276485","2116544254","0.0666667"
"2116544254","2112276485","0.0666667"
"2112276485","2125121047","15.5984"
"2125121047","2112276485","15.5984"
"2112276485","2131006463","6.39597"
"2131006463","2112276485","6.39597"
"2112276485","2134195632","0.0666667"
"2134195632","2112276485","0.0666667"
"2112276485","2151772234","0.0666667"
"2151772234","2112276485","0.0666667"
"2116341550","2116544254","0.0666667"
"2116544254","2116341550","0.0666667"
"2116341550","2125121047","4.33883"
"2125121047","2116341550","4.33883"
"2116341550","2131006463","3.43645"
"2131006463","2116341550","3.43645"
"2116341550","2134195632","0.0666667"
"2134195632","2116341550","0.0666667"
"2116341550","2151772234","0.0666667"
"2151772234","2116341550","0.0666667"
"2116544254","2125121047","0.0666667"
"2125121047","2116544254","0.0666667"
"2116544254","2131006463","0.0666667"
"2131006463","2116544254","0.0666667"
"2116544254","2134195632","0.0666667"
"2134195632","2116544254","0.0666667"
"2116544254","2151772234","0.0666667"
"2151772234","2116544254","0.0666667"
"2125121047","2131006463","10.396"
"2131006463","2125121047","10.396"
"2125121047","2134195632","0.0666667"
"2134195632","2125121047","0.0666667"
"2125121047","2151772234","0.0666667"
"2151772234","2125121047","0.0666667"
"2131006463","2134195632","0.0666667"
"2134195632","2131006463","0.0666667"
"2131006463","2151772234","0.0666667"
"2151772234","2131006463","0.0666667"
"2134195632","2151772234","0.0666667"
"2151772234","2134195632","0.0666667"
"1488719427","1495898622","0.733333"
"1495898622","1488719427","0.733333"
"1488719427","2098025050","0.533333"
"2098025050","1488719427","0.533333"
"1488719427","2099797738","0.8"
"2099797738","1488719427","0.8"
"1488719427","2128756912","1.8"
"2128756912","1488719427","1.8"
"1488719427","2164520297","1.13333"
"2164520297","1488719427","1.13333"
"1495898622","2098025050","1.12424"
"2098025050","1495898622","1.12424"
"1495898622","2099797738","0.4"
"2099797738","1495898622","0.4"
"1495898622","2128756912","0.990909"
"2128756912","1495898622","0.990909"
"1495898622","2164520297","0.733333"
"2164520297","1495898622","0.733333"
"2098025050","2099797738","1.03333"
"2099797738","2098025050","1.03333"
"2098025050","2128756912","15.2076"
"2128756912","2098025050","15.2076"
"2098025050","2164520297","1.36667"
"2164520297","2098025050","1.36667"
"2099797738","2128756912","4.71667"
"2128756912","2099797738","4.71667"
"2099797738","2164520297","9.71667"
"2164520297","2099797738","9.71667"
"2128756912","2164520297","2.88333"
"2164520297","2128756912","2.88333"
"1488719427","1586176254","0.0833333"
"1586176254","1488719427","0.0833333"
"1488719427","1805908277","0.208333"
"1805908277","1488719427","0.208333"
"1488719427","191965751","0.0833333"
"191965751","1488719427","0.0833333"
"1488719427","2103224511","0.0833333"
"2103224511","1488719427","0.0833333"
"1488719427","2155737120","0.0833333"
"2155737120","1488719427","0.0833333"
"1488719427","2221553715","0.208333"
"2221553715","1488719427","0.208333"
"1576295148","1586176254","0.0833333"
"1586176254","1576295148","0.0833333"
"1576295148","1667498960","0.0833333"
"1667498960","1576295148","0.0833333"
"1576295148","1805908277","0.0833333"
"1805908277","1576295148","0.0833333"
"1576295148","191965751","0.0833333"
"191965751","1576295148","0.0833333"
"1576295148","2103224511","0.0833333"
"2103224511","1576295148","0.0833333"
"1576295148","2116341550","0.0833333"
"2116341550","1576295148","0.0833333"
"1576295148","2125121047","0.0833333"
"2125121047","1576295148","0.0833333"
"1576295148","2131006463","0.0833333"
"2131006463","1576295148","0.0833333"
"1576295148","2155737120","0.0833333"
"2155737120","1576295148","0.0833333"
"1576295148","2221553715","0.0833333"
"2221553715","1576295148","0.0833333"
"1586176254","1667498960","0.166667"
"1667498960","1586176254","0.166667"
"1586176254","1805908277","0.0833333"
"1805908277","1586176254","0.0833333"
"1586176254","191965751","4.33333"
"191965751","1586176254","4.33333"
"1586176254","2103224511","0.547619"
"2103224511","1586176254","0.547619"
"1586176254","2116341550","0.547619"
"2116341550","1586176254","0.547619"
"1586176254","2125121047","0.547619"
"2125121047","1586176254","0.547619"
"1586176254","2131006463","0.166667"
"2131006463","1586176254","0.166667"
"1586176254","2153251667","0.0833333"
"2153251667","1586176254","0.0833333"
"1586176254","2155737120","0.547619"
"2155737120","1586176254","0.547619"
"1586176254","2221553715","0.0833333"
"2221553715","1586176254","0.0833333"
"1667498960","1805908277","2.26978"
"1805908277","1667498960","2.26978"
"1667498960","191965751","0.566667"
"191965751","1667498960","0.566667"
"1667498960","2103224511","0.71859"
"2103224511","1667498960","0.71859"
"1667498960","2153251667","0.0833333"
"2153251667","1667498960","0.0833333"
"1667498960","2155737120","0.71859"
"2155737120","1667498960","0.71859"
"1667498960","2221553715","7.28645"
"2221553715","1667498960","7.28645"
"1805908277","191965751","0.0833333"
"191965751","1805908277","0.0833333"
"1805908277","2103224511","0.385256"
"2103224511","1805908277","0.385256"
"1805908277","2116341550","2.26978"
"2116341550","1805908277","2.26978"
"1805908277","2125121047","1.74597"
"2125121047","1805908277","1.74597"
"1805908277","2131006463","0.995971"
"2131006463","1805908277","0.995971"
"1805908277","2153251667","0.0833333"
"2153251667","1805908277","0.0833333"
"1805908277","2155737120","0.385256"
"2155737120","1805908277","0.385256"
"1805908277","2221553715","2.26978"
"2221553715","1805908277","2.26978"
"191965751","2103224511","2.55873"
"2103224511","191965751","2.55873"
"191965751","2116341550","1.7881"
"2116341550","191965751","1.7881"
"191965751","2125121047","2.03095"
"2125121047","191965751","2.03095"
"191965751","2131006463","0.866667"
"2131006463","191965751","0.866667"
"191965751","2153251667","0.916667"
"2153251667","191965751","0.916667"
"191965751","2155737120","2.55873"
"2155737120","191965751","2.55873"
"191965751","2221553715","0.483333"
"2221553715","191965751","0.483333"
"2103224511","2116341550","1.87097"
"2116341550","2103224511","1.87097"
"2103224511","2125121047","1.50669"
"2125121047","2103224511","1.50669"
"2103224511","2131006463","0.81859"
"2131006463","2103224511","0.81859"
"2103224511","2153251667","0.583333"
"2153251667","2103224511","0.583333"
"2103224511","2155737120","17.2583"
"2155737120","2103224511","17.2583"
"2103224511","2221553715","0.385256"
"2221553715","2103224511","0.385256"
"2116341550","2153251667","0.0833333"
"2153251667","2116341550","0.0833333"
"2116341550","2155737120","1.87097"
"2155737120","2116341550","1.87097"
"2116341550","2221553715","8.28645"
"2221553715","2116341550","8.28645"
"2125121047","2153251667","0.0833333"
"2153251667","2125121047","0.0833333"
"2125121047","2155737120","3.61383"
"2155737120","2125121047","3.61383"
"2125121047","2221553715","2.55311"
"2221553715","2125121047","2.55311"
"2131006463","2153251667","0.0833333"
"2153251667","2131006463","0.0833333"
"2131006463","2155737120","0.81859"
"2155737120","2131006463","0.81859"
"2131006463","2221553715","2.00311"
"2221553715","2131006463","2.00311"
"2153251667","2155737120","1.25"
"2155737120","2153251667","1.25"
"2153251667","2221553715","0.0833333"
"2221553715","2153251667","0.0833333"
"2155737120","2221553715","0.385256"
"2221553715","2155737120","0.385256"
"1495898622","2134195632","0.2"
"2134195632","1495898622","0.2"
"2099797738","2134195632","3.43333"
"2134195632","2099797738","3.43333"
"2128756912","2134195632","1.85"
"2134195632","2128756912","1.85"
"2134195632","2164520297","2.26667"
"2164520297","2134195632","2.26667"
"1576295148","2099797738","1.56667"
"2099797738","1576295148","1.56667"
"1576295148","2128756912","1.06667"
"2128756912","1576295148","1.06667"
"1576295148","2164520297","1.06667"
"2164520297","1576295148","1.06667"
"1521219253","1805908277","0.34478"
"1805908277","1521219253","0.34478"
"1521219253","2221553715","0.34478"
"2221553715","1521219253","0.34478"
"1805908277","2112276485","0.612637"
"2112276485","1805908277","0.612637"
"2112276485","2221553715","0.66978"
"2221553715","2112276485","0.66978"
"1495898622","1564059483","0.524242"
"1564059483","1495898622","0.524242"
"1495898622","2016892599","0.6671"
"2016892599","1495898622","0.6671"
"1495898622","2037607644","0.433333"
"2037607644","1495898622","0.433333"
"1495898622","1521219253","0.190909"
"1521219253","1495898622","0.190909"
"1495898622","191965751","0.0909091"
"191965751","1495898622","0.0909091"
"1495898622","1985182453","0.0909091"
"1985182453","1495898622","0.0909091"
"1495898622","2096891167","0.0909091"
"2096891167","1495898622","0.0909091"
"1495898622","2140014286","0.0909091"
"2140014286","1495898622","0.0909091"
"1495898622","2148942721","0.0909091"
"2148942721","1495898622","0.0909091"
"1495898622","2156368555","0.0909091"
"2156368555","1495898622","0.0909091"
"1521219253","191965751","0.424242"
"191965751","1521219253","0.424242"
"1521219253","1985182453","2.79091"
"1985182453","1521219253","2.79091"
"1521219253","2096891167","0.424242"
"2096891167","1521219253","0.424242"
"1521219253","2098025050","0.0909091"
"2098025050","1521219253","0.0909091"
"1521219253","2128756912","0.167832"
"2128756912","1521219253","0.167832"
"1521219253","2140014286","0.424242"
"2140014286","1521219253","0.424242"
"1521219253","2148942721","0.290909"
"2148942721","1521219253","0.290909"
"1521219253","2156368555","0.290909"
"2156368555","1521219253","0.290909"
"1564059483","191965751","0.0909091"
"191965751","1564059483","0.0909091"
"1564059483","1985182453","0.0909091"
"1985182453","1564059483","0.0909091"
"1564059483","2096891167","0.0909091"
"2096891167","1564059483","0.0909091"
"1564059483","2098025050","0.0909091"
"2098025050","1564059483","0.0909091"
"1564059483","2128756912","0.0909091"
"2128756912","1564059483","0.0909091"
"1564059483","2140014286","0.0909091"
"2140014286","1564059483","0.0909091"
"1564059483","2148942721","0.0909091"
"2148942721","1564059483","0.0909091"
"1564059483","2156368555","0.0909091"
"2156368555","1564059483","0.0909091"
"191965751","1985182453","0.340909"
"1985182453","191965751","0.340909"
"191965751","2016892599","0.0909091"
"2016892599","191965751","0.0909091"
"191965751","2096891167","11.4901"
"2096891167","191965751","11.4901"
"191965751","2098025050","0.0909091"
"2098025050","191965751","0.0909091"
"191965751","2128756912","0.0909091"
"2128756912","191965751","0.0909091"
"191965751","2140014286","7.39567"
"2140014286","191965751","7.39567"
"191965751","2148942721","0.0909091"
"2148942721","191965751","0.0909091"
"191965751","2156368555","8.79091"
"2156368555","191965751","8.79091"
"1985182453","2016892599","0.0909091"
"2016892599","1985182453","0.0909091"
"1985182453","2096891167","0.340909"
"2096891167","1985182453","0.340909"
"1985182453","2098025050","0.0909091"
"2098025050","1985182453","0.0909091"
"1985182453","2128756912","0.0909091"
"2128756912","1985182453","0.0909091"
"1985182453","2140014286","0.0909091"
"2140014286","1985182453","0.0909091"
"1985182453","2148942721","0.290909"
"2148942721","1985182453","0.290909"
"1985182453","2156368555","0.290909"
"2156368555","1985182453","0.290909"
"2016892599","2096891167","0.0909091"
"2096891167","2016892599","0.0909091"
"2016892599","2098025050","0.590909"
"2098025050","2016892599","0.590909"
"2016892599","2128756912","0.0909091"
"2128756912","2016892599","0.0909091"
"2016892599","2140014286","0.0909091"
"2140014286","2016892599","0.0909091"
"2016892599","2148942721","0.0909091"
"2148942721","2016892599","0.0909091"
"2016892599","2156368555","0.0909091"
"2156368555","2016892599","0.0909091"
"2096891167","2098025050","0.0909091"
"2098025050","2096891167","0.0909091"
"2096891167","2128756912","0.0909091"
"2128756912","2096891167","0.0909091"
"2096891167","2140014286","0.695671"
"2140014286","2096891167","0.695671"
"2096891167","2148942721","0.0909091"
"2148942721","2096891167","0.0909091"
"2096891167","2156368555","3.79091"
"2156368555","2096891167","3.79091"
"2098025050","2140014286","0.0909091"
"2140014286","2098025050","0.0909091"
"2098025050","2148942721","0.0909091"
"2148942721","2098025050","0.0909091"
"2098025050","2156368555","0.0909091"
"2156368555","2098025050","0.0909091"
"2128756912","2140014286","0.0909091"
"2140014286","2128756912","0.0909091"
"2128756912","2148942721","1.17424"
"2148942721","2128756912","1.17424"
"2128756912","2156368555","0.0909091"
"2156368555","2128756912","0.0909091"
"2140014286","2148942721","0.0909091"
"2148942721","2140014286","0.0909091"
"2140014286","2156368555","0.0909091"
"2156368555","2140014286","0.0909091"
"2148942721","2156368555","0.290909"
"2156368555","2148942721","0.290909"
"1495898622","1805908277","0.142857"
"1805908277","1495898622","0.142857"
"1495898622","2036074375","0.142857"
"2036074375","1495898622","0.142857"
"1495898622","2096565380","0.142857"
"2096565380","1495898622","0.142857"
"1495898622","2112276485","0.242857"
"2112276485","1495898622","0.242857"
"1495898622","2125121047","0.242857"
"2125121047","1495898622","0.242857"
"1495898622","2131006463","0.242857"
"2131006463","1495898622","0.242857"
"1805908277","2016892599","1.14286"
"2016892599","1805908277","1.14286"
"1805908277","2036074375","0.21978"
"2036074375","1805908277","0.21978"
"1805908277","2096565380","0.21978"
"2096565380","1805908277","0.21978"
"2016892599","2036074375","0.142857"
"2036074375","2016892599","0.142857"
"2016892599","2096565380","0.142857"
"2096565380","2016892599","0.142857"
"2036074375","2096565380","21.315"
"2096565380","2036074375","21.315"
"2036074375","2112276485","1.33883"
"2112276485","2036074375","1.33883"
"2036074375","2125121047","3.06502"
"2125121047","2036074375","3.06502"
"2036074375","2131006463","0.636447"
"2131006463","2036074375","0.636447"
"2096565380","2112276485","1.83883"
"2112276485","2096565380","1.83883"
"2096565380","2125121047","3.31502"
"2125121047","2096565380","3.31502"
"2096565380","2131006463","0.636447"
"2131006463","2096565380","0.636447"
"1495898622","2095007791","0.1"
"2095007791","1495898622","0.1"
"1495898622","2103224511","0.1"
"2103224511","1495898622","0.1"
"1495898622","2155737120","0.1"
"2155737120","1495898622","0.1"
"1521219253","2095007791","0.176923"
"2095007791","1521219253","0.176923"
"1521219253","2103224511","0.176923"
"2103224511","1521219253","0.176923"
"1521219253","2155737120","0.176923"
"2155737120","1521219253","0.176923"
"1564059483","2095007791","0.1"
"2095007791","1564059483","0.1"
"1564059483","2103224511","0.1"
"2103224511","1564059483","0.1"
"1564059483","2155737120","0.1"
"2155737120","1564059483","0.1"
"2016892599","2095007791","0.1"
"2095007791","2016892599","0.1"
"2016892599","2103224511","0.1"
"2103224511","2016892599","0.1"
"2016892599","2155737120","0.1"
"2155737120","2016892599","0.1"
"2037607644","2095007791","0.1"
"2095007791","2037607644","0.1"
"2037607644","2103224511","0.1"
"2103224511","2037607644","0.1"
"2037607644","2155737120","0.1"
"2155737120","2037607644","0.1"
"2095007791","2103224511","0.617399"
"2103224511","2095007791","0.617399"
"2095007791","2112276485","0.653114"
"2112276485","2095007791","0.653114"
"2095007791","2125121047","2.3174"
"2125121047","2095007791","2.3174"
"2095007791","2131006463","0.260256"
"2131006463","2095007791","0.260256"
"2095007791","2155737120","0.724542"
"2155737120","2095007791","0.724542"
"2103224511","2112276485","0.670971"
"2112276485","2103224511","0.670971"
"2112276485","2155737120","0.528114"
"2155737120","2112276485","0.528114"
"1521219253","2036074375","0.0769231"
"2036074375","1521219253","0.0769231"
"1521219253","2096565380","0.0769231"
"2096565380","1521219253","0.0769231"
"1667498960","2036074375","0.160256"
"2036074375","1667498960","0.160256"
"1667498960","2095007791","0.160256"
"2095007791","1667498960","0.160256"
"1667498960","2096565380","0.160256"
"2096565380","1667498960","0.160256"
"1667498960","2128756912","0.0769231"
"2128756912","1667498960","0.0769231"
"1805908277","2095007791","0.0769231"
"2095007791","1805908277","0.0769231"
"1805908277","2128756912","0.0769231"
"2128756912","1805908277","0.0769231"
"2036074375","2095007791","0.945971"
"2095007791","2036074375","0.945971"
"2036074375","2103224511","0.588828"
"2103224511","2036074375","0.588828"
"2036074375","2116341550","0.303114"
"2116341550","2036074375","0.303114"
"2036074375","2128756912","0.0769231"
"2128756912","2036074375","0.0769231"
"2036074375","2155737120","1.69597"
"2155737120","2036074375","1.69597"
"2036074375","2221553715","0.0769231"
"2221553715","2036074375","0.0769231"
"2095007791","2096565380","0.695971"
"2096565380","2095007791","0.695971"
"2095007791","2116341550","0.431685"
"2116341550","2095007791","0.431685"
"2095007791","2128756912","0.0769231"
"2128756912","2095007791","0.0769231"
"2095007791","2221553715","0.0769231"
"2221553715","2095007791","0.0769231"
"2096565380","2103224511","0.588828"
"2103224511","2096565380","0.588828"
"2096565380","2116341550","0.303114"
"2116341550","2096565380","0.303114"
"2096565380","2128756912","0.0769231"
"2128756912","2096565380","0.0769231"
"2096565380","2155737120","0.445971"
"2155737120","2096565380","0.445971"
"2096565380","2221553715","0.0769231"
"2221553715","2096565380","0.0769231"
"2103224511","2128756912","0.576923"
"2128756912","2103224511","0.576923"
"2112276485","2128756912","0.0769231"
"2128756912","2112276485","0.0769231"
"2116341550","2128756912","0.0769231"
"2128756912","2116341550","0.0769231"
"2125121047","2128756912","0.0769231"
"2128756912","2125121047","0.0769231"
"2128756912","2131006463","0.0769231"
"2131006463","2128756912","0.0769231"
"2128756912","2155737120","0.910256"
"2155737120","2128756912","0.910256"
"2128756912","2221553715","0.0769231"
"2221553715","2128756912","0.0769231"
"1521219253","2045732046","0.2"
"2045732046","1521219253","0.2"
"1521219253","2070633821","0.2"
"2070633821","1521219253","0.2"
"1985182453","2045732046","0.2"
"2045732046","1985182453","0.2"
"1985182453","2070633821","0.2"
"2070633821","1985182453","0.2"
"2045732046","2070633821","25.7"
"2070633821","2045732046","25.7"
"2045732046","2148942721","0.2"
"2148942721","2045732046","0.2"
"2045732046","2156368555","0.7"
"2156368555","2045732046","0.7"
"2070633821","2148942721","0.2"
"2148942721","2070633821","0.2"
"2070633821","2156368555","0.7"
"2156368555","2070633821","0.7"
"1521219253","2079973394","0.5"
"2079973394","1521219253","0.5"
"1985182453","2079973394","0.5"
"2079973394","1985182453","0.5"
"1534625513","1973897992","3.16667"
"1973897992","1534625513","3.16667"
"1534625513","96282607","1.66667"
"96282607","1534625513","1.66667"
"1973897992","96282607","18"
"96282607","1973897992","18"
"1534625513","2294284203","0.333333"
"2294284203","1534625513","0.333333"
"1973897992","2294284203","0.333333"
"2294284203","1973897992","0.333333"
"2294284203","96282607","0.333333"
"96282607","2294284203","0.333333"
"1534625513","2056076776","7.91667"
"2056076776","1534625513","7.91667"
"1534625513","2108324945","1.91667"
"2108324945","1534625513","1.91667"
"2056076776","2108324945","1.91667"
"2108324945","2056076776","1.91667"
"1534625513","2181430957","1.91667"
"2181430957","1534625513","1.91667"
"1534625513","2222139048","2.08333"
"2222139048","1534625513","2.08333"
"2056076776","2181430957","0.916667"
"2181430957","2056076776","0.916667"
"2056076776","2222139048","1.75"
"2222139048","2056076776","1.75"
"2108324945","2181430957","0.916667"
"2181430957","2108324945","0.916667"
"2108324945","2222139048","0.25"
"2222139048","2108324945","0.25"
"2181430957","2222139048","0.25"
"2222139048","2181430957","0.25"
"1973897992","2056076776","1.83333"
"2056076776","1973897992","1.83333"
"1973897992","2222139048","2.16667"
"2222139048","1973897992","2.16667"
"2222139048","96282607","0.833333"
"96282607","2222139048","0.833333"
"1539182761","1667498960","0.1"
"1667498960","1539182761","0.1"
"1539182761","1805908277","0.1"
"1805908277","1539182761","0.1"
"1539182761","1985182453","0.1"
"1985182453","1539182761","0.1"
"1539182761","2103224511","0.82619"
"2103224511","1539182761","0.82619"
"1539182761","2116341550","0.242857"
"2116341550","1539182761","0.242857"
"1539182761","2125121047","0.242857"
"2125121047","1539182761","0.242857"
"1539182761","2131006463","0.1"
"2131006463","1539182761","0.1"
"1539182761","2155737120","1.49286"
"2155737120","1539182761","1.49286"
"1539182761","2168561231","6.40952"
"2168561231","1539182761","6.40952"
"1539182761","2221553715","0.1"
"2221553715","1539182761","0.1"
"1667498960","1985182453","0.3"
"1985182453","1667498960","0.3"
"1667498960","2168561231","0.1"
"2168561231","1667498960","0.1"
"1805908277","1985182453","0.1"
"1985182453","1805908277","0.1"
"1805908277","2168561231","0.1"
"2168561231","1805908277","0.1"
"1985182453","2103224511","0.1"
"2103224511","1985182453","0.1"
"1985182453","2116341550","0.55"
"2116341550","1985182453","0.55"
"1985182453","2125121047","0.55"
"2125121047","1985182453","0.55"
"1985182453","2131006463","0.3"
"2131006463","1985182453","0.3"
"1985182453","2155737120","0.1"
"2155737120","1985182453","0.1"
"1985182453","2168561231","0.1"
"2168561231","1985182453","0.1"
"1985182453","2221553715","0.1"
"2221553715","1985182453","0.1"
"2103224511","2168561231","0.57619"
"2168561231","2103224511","0.57619"
"2116341550","2168561231","0.242857"
"2168561231","2116341550","0.242857"
"2125121047","2168561231","0.242857"
"2168561231","2125121047","0.242857"
"2131006463","2168561231","0.1"
"2168561231","2131006463","0.1"
"2155737120","2168561231","0.57619"
"2168561231","2155737120","0.57619"
"2168561231","2221553715","0.1"
"2221553715","2168561231","0.1"
"1539182761","2026469784","2.30952"
"2026469784","1539182761","2.30952"
"1539182761","2079973394","0.404762"
"2079973394","1539182761","0.404762"
"2026469784","2079973394","1.7381"
"2079973394","2026469784","1.7381"
"2026469784","2168561231","2.64286"
"2168561231","2026469784","2.64286"
"2079973394","2168561231","0.404762"
"2168561231","2079973394","0.404762"
"1539182761","191965751","0.321429"
"191965751","1539182761","0.321429"
"1539182761","2559989503","1.07143"
"2559989503","1539182761","1.07143"
"191965751","2559989503","1.17619"
"2559989503","191965751","1.17619"
"2103224511","2559989503","2.52381"
"2559989503","2103224511","2.52381"
"2155737120","2559989503","2.63095"
"2559989503","2155737120","2.63095"
"1539182761","2004087619","0.988095"
"2004087619","1539182761","0.988095"
"2004087619","2026469784","1.59921"
"2026469784","2004087619","1.59921"
"2004087619","2168561231","1.32143"
"2168561231","2004087619","1.32143"
"2004087619","2559989503","1.57143"
"2559989503","2004087619","1.57143"
"2026469784","2559989503","2.15476"
"2559989503","2026469784","2.15476"
"2168561231","2559989503","0.821429"
"2559989503","2168561231","0.821429"
"1539182761","2045463753","2.47619"
"2045463753","1539182761","2.47619"
"2045463753","2168561231","1.80952"
"2168561231","2045463753","1.80952"
"2026469784","2045463753","1.8373"
"2045463753","2026469784","1.8373"
"1539182761","1586176254","1.07143"
"1586176254","1539182761","1.07143"
"1539182761","1978185837","0.0714286"
"1978185837","1539182761","0.0714286"
"1539182761","2095007791","0.0714286"
"2095007791","1539182761","0.0714286"
"1539182761","2134145495","0.309524"
"2134145495","1539182761","0.309524"
"1539182761","2294284203","0.309524"
"2294284203","1539182761","0.309524"
"1586176254","1978185837","0.0714286"
"1978185837","1586176254","0.0714286"
"1586176254","2004087619","0.0714286"
"2004087619","1586176254","0.0714286"
"1586176254","2026469784","0.0714286"
"2026469784","1586176254","0.0714286"
"1586176254","2045463753","0.0714286"
"2045463753","1586176254","0.0714286"
"1586176254","2095007791","0.154762"
"2095007791","1586176254","0.154762"
"1586176254","2134145495","0.0714286"
"2134145495","1586176254","0.0714286"
"1586176254","2168561231","0.0714286"
"2168561231","1586176254","0.0714286"
"1586176254","2294284203","0.0714286"
"2294284203","1586176254","0.0714286"
"1586176254","2559989503","0.154762"
"2559989503","1586176254","0.154762"
"1978185837","2004087619","0.0714286"
"2004087619","1978185837","0.0714286"
"1978185837","2026469784","0.0714286"
"2026469784","1978185837","0.0714286"
"1978185837","2045463753","0.0714286"
"2045463753","1978185837","0.0714286"
"1978185837","2095007791","0.0714286"
"2095007791","1978185837","0.0714286"
"1978185837","2103224511","0.0714286"
"2103224511","1978185837","0.0714286"
"1978185837","2116341550","0.0714286"
"2116341550","1978185837","0.0714286"
"1978185837","2125121047","0.0714286"
"2125121047","1978185837","0.0714286"
"1978185837","2134145495","0.0714286"
"2134145495","1978185837","0.0714286"
"1978185837","2155737120","0.0714286"
"2155737120","1978185837","0.0714286"
"1978185837","2168561231","0.0714286"
"2168561231","1978185837","0.0714286"
"1978185837","2294284203","0.0714286"
"2294284203","1978185837","0.0714286"
"1978185837","2559989503","0.0714286"
"2559989503","1978185837","0.0714286"
"2004087619","2045463753","0.93254"
"2045463753","2004087619","0.93254"
"2004087619","2095007791","1.07143"
"2095007791","2004087619","1.07143"
"2004087619","2103224511","0.68254"
"2103224511","2004087619","0.68254"
"2004087619","2116341550","0.0714286"
"2116341550","2004087619","0.0714286"
"2004087619","2125121047","0.0714286"
"2125121047","2004087619","0.0714286"
"2004087619","2134145495","0.68254"
"2134145495","2004087619","0.68254"
"2004087619","2155737120","1.18254"
"2155737120","2004087619","1.18254"
"2004087619","2294284203","3.34921"
"2294284203","2004087619","3.34921"
"2026469784","2095007791","0.404762"
"2095007791","2026469784","0.404762"
"2026469784","2103224511","0.503968"
"2103224511","2026469784","0.503968"
"2026469784","2116341550","0.142857"
"2116341550","2026469784","0.142857"
"2026469784","2125121047","0.142857"
"2125121047","2026469784","0.142857"
"2026469784","2134145495","0.420635"
"2134145495","2026469784","0.420635"
"2026469784","2155737120","0.670635"
"2155737120","2026469784","0.670635"
"2026469784","2294284203","0.420635"
"2294284203","2026469784","0.420635"
"2045463753","2095007791","0.0714286"
"2095007791","2045463753","0.0714286"
"2045463753","2103224511","0.837302"
"2103224511","2045463753","0.837302"
"2045463753","2134145495","0.753968"
"2134145495","2045463753","0.753968"
"2045463753","2155737120","1.8373"
"2155737120","2045463753","1.8373"
"2045463753","2294284203","0.420635"
"2294284203","2045463753","0.420635"
"2045463753","2559989503","0.321429"
"2559989503","2045463753","0.321429"
"2095007791","2134145495","0.0714286"
"2134145495","2095007791","0.0714286"
"2095007791","2168561231","0.0714286"
"2168561231","2095007791","0.0714286"
"2095007791","2294284203","3.57143"
"2294284203","2095007791","3.57143"
"2095007791","2559989503","10.2238"
"2559989503","2095007791","10.2238"
"2103224511","2134145495","0.453968"
"2134145495","2103224511","0.453968"
"2103224511","2294284203","0.253968"
"2294284203","2103224511","0.253968"
"2116341550","2134145495","0.142857"
"2134145495","2116341550","0.142857"
"2116341550","2294284203","0.309524"
"2294284203","2116341550","0.309524"
"2116341550","2559989503","0.354762"
"2559989503","2116341550","0.354762"
"2125121047","2134145495","0.142857"
"2134145495","2125121047","0.142857"
"2125121047","2294284203","0.309524"
"2294284203","2125121047","0.309524"
"2125121047","2559989503","0.890476"
"2559989503","2125121047","0.890476"
"2134145495","2155737120","0.953968"
"2155737120","2134145495","0.953968"
"2134145495","2168561231","0.142857"
"2168561231","2134145495","0.142857"
"2134145495","2294284203","0.420635"
"2294284203","2134145495","0.420635"
"2134145495","2559989503","0.0714286"
"2559989503","2134145495","0.0714286"
"2155737120","2294284203","0.420635"
"2294284203","2155737120","0.420635"
"2168561231","2294284203","0.142857"
"2294284203","2168561231","0.142857"
"2294284203","2559989503","4.07143"
"2559989503","2294284203","4.07143"
"1539182761","2096891167","0.0714286"
"2096891167","1539182761","0.0714286"
"1539182761","2140014286","0.0714286"
"2140014286","1539182761","0.0714286"
"1539182761","2161344493","0.0714286"
"2161344493","1539182761","0.0714286"
"191965751","2026469784","1.93254"
"2026469784","191965751","1.93254"
"191965751","2045463753","2.76587"
"2045463753","191965751","2.76587"
"191965751","2079973394","0.0714286"
"2079973394","191965751","0.0714286"
"191965751","2134145495","0.38254"
"2134145495","191965751","0.38254"
"191965751","2161344493","1.18254"
"2161344493","191965751","1.18254"
"191965751","2168561231","0.0714286"
"2168561231","191965751","0.0714286"
"191965751","2294284203","0.18254"
"2294284203","191965751","0.18254"
"2026469784","2096891167","0.18254"
"2096891167","2026469784","0.18254"
"2026469784","2140014286","0.0714286"
"2140014286","2026469784","0.0714286"
"2026469784","2161344493","0.18254"
"2161344493","2026469784","0.18254"
"2045463753","2079973394","0.0714286"
"2079973394","2045463753","0.0714286"
"2045463753","2096891167","0.18254"
"2096891167","2045463753","0.18254"
"2045463753","2140014286","0.0714286"
"2140014286","2045463753","0.0714286"
"2045463753","2161344493","0.18254"
"2161344493","2045463753","0.18254"
"2079973394","2096891167","0.0714286"
"2096891167","2079973394","0.0714286"
"2079973394","2103224511","0.0714286"
"2103224511","2079973394","0.0714286"
"2079973394","2116341550","0.0714286"
"2116341550","2079973394","0.0714286"
"2079973394","2125121047","0.0714286"
"2125121047","2079973394","0.0714286"
"2079973394","2134145495","0.0714286"
"2134145495","2079973394","0.0714286"
"2079973394","2140014286","0.0714286"
"2140014286","2079973394","0.0714286"
"2079973394","2155737120","0.0714286"
"2155737120","2079973394","0.0714286"
"2079973394","2161344493","0.0714286"
"2161344493","2079973394","0.0714286"
"2079973394","2294284203","0.571429"
"2294284203","2079973394","0.571429"
"2096891167","2103224511","1.55873"
"2103224511","2096891167","1.55873"
"2096891167","2116341550","1.42143"
"2116341550","2096891167","1.42143"
"2096891167","2125121047","1.36429"
"2125121047","2096891167","1.36429"
"2096891167","2134145495","0.38254"
"2134145495","2096891167","0.38254"
"2096891167","2155737120","1.41587"
"2155737120","2096891167","1.41587"
"2096891167","2161344493","0.18254"
"2161344493","2096891167","0.18254"
"2096891167","2168561231","0.0714286"
"2168561231","2096891167","0.0714286"
"2096891167","2294284203","0.18254"
"2294284203","2096891167","0.18254"
"2103224511","2140014286","0.271429"
"2140014286","2103224511","0.271429"
"2103224511","2161344493","0.18254"
"2161344493","2103224511","0.18254"
"2116341550","2140014286","0.0714286"
"2140014286","2116341550","0.0714286"
"2116341550","2161344493","0.0714286"
"2161344493","2116341550","0.0714286"
"2125121047","2140014286","0.0714286"
"2140014286","2125121047","0.0714286"
"2125121047","2161344493","0.0714286"
"2161344493","2125121047","0.0714286"
"2134145495","2140014286","0.271429"
"2140014286","2134145495","0.271429"
"2134145495","2161344493","0.18254"
"2161344493","2134145495","0.18254"
"2140014286","2155737120","0.271429"
"2155737120","2140014286","0.271429"
"2140014286","2161344493","0.0714286"
"2161344493","2140014286","0.0714286"
"2140014286","2168561231","0.0714286"
"2168561231","2140014286","0.0714286"
"2140014286","2294284203","0.0714286"
"2294284203","2140014286","0.0714286"
"2155737120","2161344493","0.18254"
"2161344493","2155737120","0.18254"
"2161344493","2168561231","0.0714286"
"2168561231","2161344493","0.0714286"
"2161344493","2294284203","0.18254"
"2294284203","2161344493","0.18254"
"1539182761","2099797738","0.333333"
"2099797738","1539182761","0.333333"
