"106621143","1539867983","0.5"
"1539867983","106621143","0.5"
"106621143","1563099561","0.70234"
"1563099561","106621143","0.70234"
"106621143","1977171681","1.1047"
"1977171681","106621143","1.1047"
"106621143","2033270956","0.166667"
"2033270956","106621143","0.166667"
"106621143","2079361215","1.22252"
"2079361215","106621143","1.22252"
"106621143","2341627671","0.86859"
"2341627671","106621143","0.86859"
"1539867983","1563099561","0.166667"
"1563099561","1539867983","0.166667"
"1539867983","1977171681","0.166667"
"1977171681","1539867983","0.166667"
"1539867983","2033270956","1.16667"
"2033270956","1539867983","1.16667"
"1539867983","2079361215","0.166667"
"2079361215","1539867983","0.166667"
"1539867983","2341627671","0.166667"
"2341627671","1539867983","0.166667"
"1563099561","1977171681","0.565"
"1977171681","1563099561","0.565"
"1563099561","2033270956","0.166667"
"2033270956","1563099561","0.166667"
"1563099561","2079361215","0.599483"
"2079361215","1563099561","0.599483"
"1563099561","2341627671","0.525"
"2341627671","1563099561","0.525"
"1977171681","2033270956","0.166667"
"2033270956","1977171681","0.166667"
"1977171681","2079361215","23.1594"
"2079361215","1977171681","23.1594"
"1977171681","2341627671","5.36422"
"2341627671","1977171681","5.36422"
"2033270956","2079361215","0.166667"
"2079361215","2033270956","0.166667"
"2033270956","2341627671","0.166667"
"2341627671","2033270956","0.166667"
"2079361215","2341627671","15.3314"
"2341627671","2079361215","15.3314"
"106621143","1753951212","0.680316"
"1753951212","106621143","0.680316"
"106621143","2011191813","0.742816"
"2011191813","106621143","0.742816"
"106621143","2054655136","1.04359"
"2054655136","106621143","1.04359"
"106621143","2070333970","1.35311"
"2070333970","106621143","1.35311"
"106621143","2097743039","0.365038"
"2097743039","106621143","0.365038"
"106621143","2108706544","1.24474"
"2108706544","106621143","1.24474"
"106621143","2109130989","0.699802"
"2109130989","106621143","0.699802"
"106621143","2154549366","0.744739"
"2154549366","106621143","0.744739"
"106621143","2168143534","0.654701"
"2168143534","106621143","0.654701"
"106621143","2404779194","0.268056"
"2404779194","106621143","0.268056"
"106621143","2432267564","0.617816"
"2432267564","106621143","0.617816"
"1753951212","2011191813","0.680316"
"2011191813","1753951212","0.680316"
"1753951212","2054655136","0.334722"
"2054655136","1753951212","0.334722"
"1753951212","2070333970","0.334722"
"2070333970","1753951212","0.334722"
"1753951212","2079361215","0.680316"
"2079361215","1753951212","0.680316"
"1753951212","2097743039","0.302538"
"2097743039","1753951212","0.302538"
"1753951212","2108706544","0.369205"
"2108706544","1753951212","0.369205"
"1753951212","2109130989","0.445833"
"2109130989","1753951212","0.445833"
"1753951212","2154549366","0.369205"
"2154549366","1753951212","0.369205"
"1753951212","2168143534","0.279167"
"2168143534","1753951212","0.279167"
"1753951212","2404779194","0.268056"
"2404779194","1753951212","0.268056"
"1753951212","2432267564","0.451149"
"2432267564","1753951212","0.451149"
"2011191813","2054655136","0.607157"
"2054655136","2011191813","0.607157"
"2011191813","2070333970","1.07222"
"2070333970","2011191813","1.07222"
"2011191813","2079361215","5.33331"
"2079361215","2011191813","5.33331"
"2011191813","2097743039","0.563862"
"2097743039","2011191813","0.563862"
"2011191813","2108706544","0.782816"
"2108706544","2011191813","0.782816"
"2011191813","2109130989","1.19466"
"2109130989","2011191813","1.19466"
"2011191813","2154549366","0.471705"
"2154549366","2011191813","0.471705"
"2011191813","2168143534","0.381667"
"2168143534","2011191813","0.381667"
"2011191813","2404779194","0.968312"
"2404779194","2011191813","0.968312"
"2011191813","2432267564","1.26141"
"2432267564","2011191813","1.26141"
"2054655136","2070333970","1.51383"
"2070333970","2054655136","1.51383"
"2054655136","2079361215","3.27932"
"2079361215","2054655136","3.27932"
"2054655136","2097743039","0.429379"
"2097743039","2054655136","0.429379"
"2054655136","2108706544","1.58161"
"2108706544","2054655136","1.58161"
"2054655136","2109130989","0.544657"
"2109130989","2054655136","0.544657"
"2054655136","2154549366","1.57764"
"2154549366","2054655136","1.57764"
"2054655136","2168143534","1.10542"
"2168143534","2054655136","1.10542"
"2054655136","2404779194","0.308056"
"2404779194","2054655136","0.308056"
"2054655136","2432267564","1.63889"
"2432267564","2054655136","1.63889"
"2070333970","2079361215","4.34994"
"2079361215","2070333970","4.34994"
"2070333970","2097743039","0.430556"
"2097743039","2070333970","0.430556"
"2070333970","2108706544","2.36383"
"2108706544","2070333970","2.36383"
"2070333970","2109130989","0.58869"
"2109130989","2070333970","0.58869"
"2070333970","2154549366","1.37097"
"2154549366","2070333970","1.37097"
"2070333970","2168143534","1.06542"
"2168143534","2070333970","1.06542"
"2070333970","2404779194","0.268056"
"2404779194","2070333970","0.268056"
"2070333970","2432267564","0.85"
"2432267564","2070333970","0.85"
"2079361215","2097743039","0.563862"
"2097743039","2079361215","0.563862"
"2079361215","2108706544","2.43831"
"2108706544","2079361215","2.43831"
"2079361215","2109130989","1.05577"
"2109130989","2079361215","1.05577"
"2079361215","2154549366","1.61212"
"2154549366","2079361215","1.61212"
"2079361215","2168143534","1.43875"
"2168143534","2079361215","1.43875"
"2079361215","2404779194","0.891389"
"2404779194","2079361215","0.891389"
"2079361215","2432267564","2.69559"
"2432267564","2079361215","2.69559"
"2097743039","2108706544","0.405038"
"2108706544","2097743039","0.405038"
"2097743039","2109130989","0.366879"
"2109130989","2097743039","0.366879"
"2097743039","2154549366","0.405038"
"2154549366","2097743039","0.405038"
"2097743039","2168143534","0.315"
"2168143534","2097743039","0.315"
"2097743039","2404779194","0.241389"
"2404779194","2097743039","0.241389"
"2097743039","2432267564","0.173372"
"2432267564","2097743039","0.173372"
"2108706544","2109130989","0.485833"
"2109130989","2108706544","0.485833"
"2108706544","2154549366","1.36212"
"2154549366","2108706544","1.36212"
"2108706544","2168143534","1.43875"
"2168143534","2108706544","1.43875"
"2108706544","2404779194","0.308056"
"2404779194","2108706544","0.308056"
"2108706544","2432267564","0.740038"
"2432267564","2108706544","0.740038"
"2109130989","2154549366","0.485833"
"2154549366","2109130989","0.485833"
"2109130989","2168143534","0.430278"
"2168143534","2109130989","0.430278"
"2109130989","2404779194","0.308056"
"2404779194","2109130989","0.308056"
"2109130989","2432267564","0.45"
"2432267564","2109130989","0.45"
"2154549366","2168143534","1.10542"
"2168143534","2154549366","1.10542"
"2154549366","2404779194","0.308056"
"2404779194","2154549366","0.308056"
"2154549366","2432267564","0.340038"
"2432267564","2154549366","0.340038"
"2168143534","2404779194","0.2525"
"2404779194","2168143534","0.2525"
"2168143534","2432267564","0.0833333"
"2432267564","2168143534","0.0833333"
"2404779194","2432267564","0.215812"
"2432267564","2404779194","0.215812"
"106621143","1997299274","0.156705"
"1997299274","106621143","0.156705"
"106621143","2067877017","0.628927"
"2067877017","106621143","0.628927"
"106621143","2170280625","0.424562"
"2170280625","106621143","0.424562"
"106621143","2232801052","0.156705"
"2232801052","106621143","0.156705"
"1563099561","1753951212","0.330316"
"1753951212","1563099561","0.330316"
"1563099561","1997299274","0.130038"
"1997299274","1563099561","0.130038"
"1563099561","2011191813","0.432816"
"2011191813","1563099561","0.432816"
"1563099561","2054655136","0.287222"
"2054655136","1563099561","0.287222"
"1563099561","2067877017","0.766149"
"2067877017","1563099561","0.766149"
"1563099561","2070333970","0.390079"
"2070333970","1563099561","0.390079"
"1563099561","2097743039","0.655038"
"2097743039","1563099561","0.655038"
"1563099561","2108706544","0.321705"
"2108706544","1563099561","0.321705"
"1563099561","2109130989","0.47869"
"2109130989","1563099561","0.47869"
"1563099561","2154549366","0.321705"
"2154549366","1563099561","0.321705"
"1563099561","2170280625","0.464562"
"2170280625","1563099561","0.464562"
"1563099561","2232801052","0.130038"
"2232801052","1563099561","0.130038"
"1563099561","2404779194","0.158056"
"2404779194","1563099561","0.158056"
"1563099561","2432267564","0.201149"
"2432267564","1563099561","0.201149"
"1753951212","1977171681","0.5625"
"1977171681","1753951212","0.5625"
"1753951212","1997299274","0.156705"
"1997299274","1753951212","0.156705"
"1753951212","2067877017","0.330316"
"2067877017","1753951212","0.330316"
"1753951212","2170280625","0.219205"
"2170280625","1753951212","0.219205"
"1753951212","2232801052","0.156705"
"2232801052","1753951212","0.156705"
"1753951212","2341627671","0.5625"
"2341627671","1753951212","0.5625"
"1977171681","1997299274","0.162222"
"1997299274","1977171681","0.162222"
"1977171681","2011191813","2.44833"
"2011191813","1977171681","2.44833"
"1977171681","2054655136","3.13716"
"2054655136","1977171681","3.13716"
"1977171681","2067877017","1.92016"
"2067877017","1977171681","1.92016"
"1977171681","2070333970","2.74161"
"2070333970","1977171681","2.74161"
"1977171681","2097743039","0.387222"
"2097743039","1977171681","0.387222"
"1977171681","2108706544","1.92049"
"2108706544","1977171681","1.92049"
"1977171681","2109130989","0.913611"
"2109130989","1977171681","0.913611"
"1977171681","2154549366","1.4943"
"2154549366","1977171681","1.4943"
"1977171681","2170280625","0.287222"
"2170280625","1977171681","0.287222"
"1977171681","2232801052","0.162222"
"2232801052","1977171681","0.162222"
"1977171681","2404779194","0.224722"
"2404779194","1977171681","0.224722"
"1977171681","2432267564","1.87778"
"2432267564","1977171681","1.87778"
"1997299274","2011191813","0.332452"
"2011191813","1997299274","0.332452"
"1997299274","2054655136","0.221046"
"2054655136","1997299274","0.221046"
"1997299274","2067877017","0.130038"
"2067877017","1997299274","0.130038"
"1997299274","2070333970","0.122222"
"2070333970","1997299274","0.122222"
"1997299274","2079361215","0.588862"
"2079361215","1997299274","0.588862"
"1997299274","2097743039","0.188862"
"2097743039","1997299274","0.188862"
"1997299274","2108706544","0.196705"
"2108706544","1997299274","0.196705"
"1997299274","2109130989","0.221046"
"2109130989","1997299274","0.221046"
"1997299274","2154549366","0.196705"
"2154549366","1997299274","0.196705"
"1997299274","2170280625","0.188862"
"2170280625","1997299274","0.188862"
"1997299274","2232801052","6.44029"
"2232801052","1997299274","6.44029"
"1997299274","2341627671","0.507969"
"2341627671","1997299274","0.507969"
"1997299274","2404779194","3.32248"
"2404779194","1997299274","3.32248"
"1997299274","2432267564","0.166961"
"2432267564","1997299274","0.166961"
"2011191813","2067877017","0.432816"
"2067877017","2011191813","0.432816"
"2011191813","2170280625","0.380529"
"2170280625","2011191813","0.380529"
"2011191813","2232801052","0.273628"
"2232801052","2011191813","0.273628"
"2011191813","2341627671","4.70519"
"2341627671","2011191813","4.70519"
"2054655136","2067877017","0.809048"
"2067877017","2054655136","0.809048"
"2054655136","2170280625","0.346046"
"2170280625","2054655136","0.346046"
"2054655136","2232801052","0.162222"
"2232801052","2054655136","0.162222"
"2054655136","2341627671","0.703604"
"2341627671","2054655136","0.703604"
"2067877017","2070333970","0.969048"
"2070333970","2067877017","0.969048"
"2067877017","2079361215","2.43797"
"2079361215","2067877017","2.43797"
"2067877017","2097743039","1.90504"
"2097743039","2067877017","1.90504"
"2067877017","2108706544","1.04353"
"2108706544","2067877017","1.04353"
"2067877017","2109130989","0.446944"
"2109130989","2067877017","0.446944"
"2067877017","2154549366","0.84353"
"2154549366","2067877017","0.84353"
"2067877017","2170280625","0.321705"
"2170280625","2067877017","0.321705"
"2067877017","2232801052","0.380038"
"2232801052","2067877017","0.380038"
"2067877017","2341627671","0.558333"
"2341627671","2067877017","0.558333"
"2067877017","2404779194","0.158056"
"2404779194","2067877017","0.158056"
"2067877017","2432267564","0.201149"
"2432267564","2067877017","0.201149"
"2070333970","2170280625","0.390079"
"2170280625","2070333970","0.390079"
"2070333970","2232801052","0.122222"
"2232801052","2070333970","0.122222"
"2070333970","2341627671","1.64478"
"2341627671","2070333970","1.64478"
"2079361215","2170280625","0.380529"
"2170280625","2079361215","0.380529"
"2079361215","2232801052","0.530038"
"2232801052","2079361215","0.530038"
"2097743039","2170280625","0.380529"
"2170280625","2097743039","0.380529"
"2097743039","2232801052","0.380038"
"2232801052","2097743039","0.380038"
"2097743039","2341627671","0.406046"
"2341627671","2097743039","0.406046"
"2108706544","2170280625","0.321705"
"2170280625","2108706544","0.321705"
"2108706544","2232801052","0.196705"
"2232801052","2108706544","0.196705"
"2108706544","2341627671","0.84478"
"2341627671","2108706544","0.84478"
"2109130989","2170280625","1.4264"
"2170280625","2109130989","1.4264"
"2109130989","2232801052","0.162222"
"2232801052","2109130989","0.162222"
"2109130989","2341627671","0.821324"
"2341627671","2109130989","0.821324"
"2154549366","2170280625","0.321705"
"2170280625","2154549366","0.321705"
"2154549366","2232801052","0.196705"
"2232801052","2154549366","0.196705"
"2154549366","2341627671","0.390812"
"2341627671","2154549366","0.390812"
"2170280625","2232801052","0.130038"
"2232801052","2170280625","0.130038"
"2170280625","2341627671","0.306046"
"2341627671","2170280625","0.306046"
"2170280625","2404779194","0.158056"
"2404779194","2170280625","0.158056"
"2170280625","2432267564","0.0900383"
"2432267564","2170280625","0.0900383"
"2232801052","2341627671","0.449145"
"2341627671","2232801052","0.449145"
"2232801052","2404779194","4.07248"
"2404779194","2232801052","4.07248"
"2232801052","2432267564","0.166961"
"2432267564","2232801052","0.166961"
"2341627671","2404779194","4.09498"
"2404779194","2341627671","4.09498"
"2341627671","2432267564","12.338"
"2432267564","2341627671","12.338"
"1977171681","2168143534","1.35542"
"2168143534","1977171681","1.35542"
"2067877017","2168143534","1.25349"
"2168143534","2067877017","1.25349"
"1563099561","2168143534","0.231667"
"2168143534","1563099561","0.231667"
"2168143534","2170280625","0.231667"
"2170280625","2168143534","0.231667"
"2168143534","2341627671","0.335256"
"2341627671","2168143534","0.335256"
"1539867983","2054655136","0.333333"
"2054655136","1539867983","0.333333"
"1539867983","2432267564","0.333333"
"2432267564","1539867983","0.333333"
"106621143","1987111416","0.111406"
"1987111416","106621143","0.111406"
"106621143","2117769694","0.0769231"
"2117769694","106621143","0.0769231"
"106621143","2158170260","0.173906"
"2158170260","106621143","0.173906"
"106621143","2966218872","0.0769231"
"2966218872","106621143","0.0769231"
"106621143","3023169296","0.20609"
"3023169296","106621143","0.20609"
"1977171681","1987111416","0.394701"
"1987111416","1977171681","0.394701"
"1977171681","2117769694","0.0769231"
"2117769694","1977171681","0.0769231"
"1977171681","2158170260","1.15839"
"2158170260","1977171681","1.15839"
"1977171681","2966218872","0.313034"
"2966218872","1977171681","0.313034"
"1977171681","3023169296","0.317201"
"3023169296","1977171681","0.317201"
"1987111416","2054655136","0.394701"
"2054655136","1987111416","0.394701"
"1987111416","2070333970","0.188034"
"2070333970","1987111416","0.188034"
"1987111416","2079361215","0.679184"
"2079361215","1987111416","0.679184"
"1987111416","2108706544","0.429184"
"2108706544","1987111416","0.429184"
"1987111416","2117769694","0.0769231"
"2117769694","1987111416","0.0769231"
"1987111416","2154549366","0.318072"
"2154549366","1987111416","0.318072"
"1987111416","2158170260","0.262517"
"2158170260","1987111416","0.262517"
"1987111416","2168143534","0.616923"
"2168143534","1987111416","0.616923"
"1987111416","2341627671","1.37607"
"2341627671","1987111416","1.37607"
"1987111416","2966218872","0.188034"
"2966218872","1987111416","0.188034"
"1987111416","3023169296","0.938034"
"3023169296","1987111416","0.938034"
"2054655136","2117769694","0.135747"
"2117769694","2054655136","0.135747"
"2054655136","2158170260","0.44728"
"2158170260","2054655136","0.44728"
"2054655136","2966218872","0.201923"
"2966218872","2054655136","0.201923"
"2054655136","3023169296","0.20609"
"3023169296","2054655136","0.20609"
"2070333970","2117769694","0.0769231"
"2117769694","2070333970","0.0769231"
"2070333970","2158170260","1.64339"
"2158170260","2070333970","1.64339"
"2070333970","2966218872","0.513034"
"2966218872","2070333970","0.513034"
"2070333970","3023169296","1.3172"
"3023169296","2070333970","1.3172"
"2079361215","2117769694","0.135747"
"2117769694","2079361215","0.135747"
"2079361215","2158170260","1.71787"
"2158170260","2079361215","1.71787"
"2079361215","2966218872","0.513034"
"2966218872","2079361215","0.513034"
"2079361215","3023169296","0.317201"
"3023169296","2079361215","0.317201"
"2108706544","2117769694","0.0769231"
"2117769694","2108706544","0.0769231"
"2108706544","2158170260","0.881763"
"2158170260","2108706544","0.881763"
"2108706544","2966218872","0.401923"
"2966218872","2108706544","0.401923"
"2108706544","3023169296","0.20609"
"3023169296","2108706544","0.20609"
"2117769694","2154549366","0.0769231"
"2154549366","2117769694","0.0769231"
"2117769694","2158170260","0.0769231"
"2158170260","2117769694","0.0769231"
"2117769694","2168143534","0.0769231"
"2168143534","2117769694","0.0769231"
"2117769694","2341627671","0.135747"
"2341627671","2117769694","0.135747"
"2117769694","2966218872","0.0769231"
"2966218872","2117769694","0.0769231"
"2117769694","3023169296","0.0769231"
"3023169296","2117769694","0.0769231"
"2154549366","2158170260","0.338906"
"2158170260","2154549366","0.338906"
"2154549366","2966218872","0.201923"
"2966218872","2154549366","0.201923"
"2154549366","3023169296","0.20609"
"3023169296","2154549366","0.20609"
"2158170260","2168143534","0.304423"
"2168143534","2158170260","0.304423"
"2158170260","2341627671","1.19339"
"2341627671","2158170260","1.19339"
"2158170260","2966218872","0.513034"
"2966218872","2158170260","0.513034"
"2158170260","3023169296","0.250534"
"3023169296","2158170260","0.250534"
"2168143534","2966218872","0.201923"
"2966218872","2168143534","0.201923"
"2168143534","3023169296","0.20609"
"3023169296","2168143534","0.20609"
"2341627671","2966218872","0.188034"
"2966218872","2341627671","0.188034"
"2341627671","3023169296","0.567201"
"3023169296","2341627671","0.567201"
"2966218872","3023169296","0.188034"
"3023169296","2966218872","0.188034"
"1753951212","3023169296","0.0666667"
"3023169296","1753951212","0.0666667"
"1997299274","2168143534","0.106667"
"2168143534","1997299274","0.106667"
"1997299274","3023169296","0.65"
"3023169296","1997299274","0.65"
"2011191813","3023169296","0.129167"
"3023169296","2011191813","0.129167"
"2109130989","3023169296","0.0666667"
"3023169296","2109130989","0.0666667"
"2168143534","2232801052","0.106667"
"2232801052","2168143534","0.106667"
"2232801052","3023169296","2.4"
"3023169296","2232801052","2.4"
"2404779194","3023169296","1.4"
"3023169296","2404779194","1.4"
"106621143","1495933060","0.142857"
"1495933060","106621143","0.142857"
"106621143","2127983839","0.142857"
"2127983839","106621143","0.142857"
"106621143","2143187015","0.17734"
"2143187015","106621143","0.17734"
"1495933060","1563099561","0.142857"
"1563099561","1495933060","0.142857"
"1495933060","2070333970","0.142857"
"2070333970","1495933060","0.142857"
"1495933060","2109130989","0.142857"
"2109130989","1495933060","0.142857"
"1495933060","2127983839","0.652381"
"2127983839","1495933060","0.652381"
"1495933060","2143187015","1.19597"
"2143187015","1495933060","1.19597"
"1495933060","2170280625","0.142857"
"2170280625","1495933060","0.142857"
"1563099561","2127983839","0.142857"
"2127983839","1563099561","0.142857"
"1563099561","2143187015","0.17734"
"2143187015","1563099561","0.17734"
"2070333970","2127983839","0.142857"
"2127983839","2070333970","0.142857"
"2070333970","2143187015","0.142857"
"2143187015","2070333970","0.142857"
"2109130989","2127983839","0.142857"
"2127983839","2109130989","0.142857"
"2109130989","2143187015","0.201681"
"2143187015","2109130989","0.201681"
"2127983839","2143187015","0.285714"
"2143187015","2127983839","0.285714"
"2127983839","2170280625","0.142857"
"2170280625","2127983839","0.142857"
"2143187015","2170280625","0.236163"
"2170280625","2143187015","0.236163"
"106621143","1573605934","0.0625"
"1573605934","106621143","0.0625"
"1563099561","1573605934","0.0625"
"1573605934","1563099561","0.0625"
"1563099561","2158170260","0.136983"
"2158170260","1563099561","0.136983"
"1563099561","3023169296","0.0625"
"3023169296","1563099561","0.0625"
"1573605934","1977171681","1.14583"
"1977171681","1573605934","1.14583"
"1573605934","2011191813","2.06442"
"2011191813","1573605934","2.06442"
"1573605934","2054655136","0.0625"
"2054655136","1573605934","0.0625"
"1573605934","2067877017","0.2625"
"2067877017","1573605934","0.2625"
"1573605934","2070333970","0.7375"
"2070333970","1573605934","0.7375"
"1573605934","2079361215","6.47083"
"2079361215","1573605934","6.47083"
"1573605934","2097743039","0.1625"
"2097743039","1573605934","0.1625"
"1573605934","2108706544","0.0625"
"2108706544","1573605934","0.0625"
"1573605934","2154549366","0.0625"
"2154549366","1573605934","0.0625"
"1573605934","2158170260","1.20417"
"2158170260","1573605934","1.20417"
"1573605934","2168143534","0.0625"
"2168143534","1573605934","0.0625"
"1573605934","2170280625","0.0625"
"2170280625","1573605934","0.0625"
"1573605934","2341627671","3.35609"
"2341627671","1573605934","3.35609"
"1573605934","3023169296","0.5625"
"3023169296","1573605934","0.5625"
"2011191813","2158170260","0.611983"
"2158170260","2011191813","0.611983"
"2067877017","2158170260","0.586983"
"2158170260","2067877017","0.586983"
"2067877017","3023169296","0.0625"
"3023169296","2067877017","0.0625"
"2097743039","2158170260","0.486983"
"2158170260","2097743039","0.486983"
"2097743039","3023169296","0.0625"
"3023169296","2097743039","0.0625"
"2158170260","2170280625","0.136983"
"2170280625","2158170260","0.136983"
"2170280625","3023169296","0.0625"
"3023169296","2170280625","0.0625"
"106621143","1515330496","0.0344828"
"1515330496","106621143","0.0344828"
"106621143","1525670367","0.0344828"
"1525670367","106621143","0.0344828"
"106621143","195774134","0.0344828"
"195774134","106621143","0.0344828"
"106621143","2007629278","0.0344828"
"2007629278","106621143","0.0344828"
"106621143","2062989810","0.0344828"
"2062989810","106621143","0.0344828"
"106621143","2100077146","0.0344828"
"2100077146","106621143","0.0344828"
"106621143","2117196912","0.0344828"
"2117196912","106621143","0.0344828"
"106621143","2117544284","0.0344828"
"2117544284","106621143","0.0344828"
"106621143","2121359697","0.0344828"
"2121359697","106621143","0.0344828"
"106621143","2130238741","0.0344828"
"2130238741","106621143","0.0344828"
"106621143","2143272814","0.0344828"
"2143272814","106621143","0.0344828"
"106621143","2147487158","0.0344828"
"2147487158","106621143","0.0344828"
"106621143","2158275091","0.0344828"
"2158275091","106621143","0.0344828"
"106621143","2540667567","0.0344828"
"2540667567","106621143","0.0344828"
"1515330496","1525670367","0.241149"
"1525670367","1515330496","0.241149"
"1515330496","1563099561","0.0744828"
"1563099561","1515330496","0.0744828"
"1515330496","1753951212","0.201149"
"1753951212","1515330496","0.201149"
"1515330496","195774134","0.0344828"
"195774134","1515330496","0.0344828"
"1515330496","1987111416","0.241149"
"1987111416","1515330496","0.241149"
"1515330496","1997299274","0.0744828"
"1997299274","1515330496","0.0744828"
"1515330496","2007629278","0.407816"
"2007629278","1515330496","0.407816"
"1515330496","2011191813","0.0744828"
"2011191813","1515330496","0.0744828"
"1515330496","2062989810","0.0344828"
"2062989810","1515330496","0.0344828"
"1515330496","2067877017","0.0744828"
"2067877017","1515330496","0.0744828"
"1515330496","2079361215","0.0744828"
"2079361215","1515330496","0.0744828"
"1515330496","2097743039","0.0744828"
"2097743039","1515330496","0.0744828"
"1515330496","2100077146","0.0744828"
"2100077146","1515330496","0.0744828"
"1515330496","2108706544","0.0744828"
"2108706544","1515330496","0.0744828"
"1515330496","2117196912","0.201149"
"2117196912","1515330496","0.201149"
"1515330496","2117544284","0.741149"
"2117544284","1515330496","0.741149"
"1515330496","2121359697","0.0344828"
"2121359697","1515330496","0.0344828"
"1515330496","2130238741","0.0344828"
"2130238741","1515330496","0.0344828"
"1515330496","2143187015","0.0344828"
"2143187015","1515330496","0.0344828"
"1515330496","2143272814","0.0344828"
"2143272814","1515330496","0.0344828"
"1515330496","2147487158","0.367816"
"2147487158","1515330496","0.367816"
"1515330496","2154549366","0.0744828"
"2154549366","1515330496","0.0744828"
"1515330496","2158170260","0.0744828"
"2158170260","1515330496","0.0744828"
"1515330496","2158275091","0.574483"
"2158275091","1515330496","0.574483"
"1515330496","2170280625","0.0744828"
"2170280625","1515330496","0.0744828"
"1515330496","2232801052","0.0744828"
"2232801052","1515330496","0.0744828"
"1515330496","2432267564","0.201149"
"2432267564","1515330496","0.201149"
"1515330496","2540667567","0.0744828"
"2540667567","1515330496","0.0744828"
"1525670367","1563099561","0.0744828"
"1563099561","1525670367","0.0744828"
"1525670367","1753951212","0.201149"
"1753951212","1525670367","0.201149"
"1525670367","195774134","0.42734"
"195774134","1525670367","0.42734"
"1525670367","1987111416","0.352261"
"1987111416","1525670367","0.352261"
"1525670367","1997299274","0.133306"
"1997299274","1525670367","0.133306"
"1525670367","2007629278","0.0744828"
"2007629278","1525670367","0.0744828"
"1525670367","2011191813","0.387275"
"2011191813","1525670367","0.387275"
"1525670367","2062989810","0.0344828"
"2062989810","1525670367","0.0344828"
"1525670367","2067877017","0.157816"
"2067877017","1525670367","0.157816"
"1525670367","2079361215","0.91664"
"2079361215","1525670367","0.91664"
"1525670367","2097743039","0.133306"
"2097743039","1525670367","0.133306"
"1525670367","2100077146","0.46734"
"2100077146","1525670367","0.46734"
"1525670367","2108706544","0.185594"
"2108706544","1525670367","0.185594"
"1525670367","2117196912","0.343306"
"2117196912","1525670367","0.343306"
"1525670367","2117544284","0.384007"
"2117544284","1525670367","0.384007"
"1525670367","2121359697","0.0344828"
"2121359697","1525670367","0.0344828"
"1525670367","2130238741","0.92734"
"2130238741","1525670367","0.92734"
"1525670367","2143187015","0.0933063"
"2143187015","1525670367","0.0933063"
"1525670367","2143272814","0.0344828"
"2143272814","1525670367","0.0344828"
"1525670367","2147487158","0.0344828"
"2147487158","1525670367","0.0344828"
"1525670367","2154549366","0.0744828"
"2154549366","1525670367","0.0744828"
"1525670367","2158170260","0.0744828"
"2158170260","1525670367","0.0744828"
"1525670367","2158275091","1.55067"
"2158275091","1525670367","1.55067"
"1525670367","2170280625","0.133306"
"2170280625","1525670367","0.133306"
"1525670367","2232801052","0.0744828"
"2232801052","1525670367","0.0744828"
"1525670367","2432267564","0.201149"
"2432267564","1525670367","0.201149"
"1525670367","2540667567","0.133306"
"2540667567","1525670367","0.133306"
"1563099561","195774134","0.0344828"
"195774134","1563099561","0.0344828"
"1563099561","1987111416","0.407816"
"1987111416","1563099561","0.407816"
"1563099561","2007629278","0.0744828"
"2007629278","1563099561","0.0744828"
"1563099561","2062989810","0.0344828"
"2062989810","1563099561","0.0344828"
"1563099561","2100077146","0.0744828"
"2100077146","1563099561","0.0744828"
"1563099561","2117196912","0.0344828"
"2117196912","1563099561","0.0344828"
"1563099561","2117544284","0.0744828"
"2117544284","1563099561","0.0744828"
"1563099561","2121359697","0.0344828"
"2121359697","1563099561","0.0344828"
"1563099561","2130238741","0.0344828"
"2130238741","1563099561","0.0344828"
"1563099561","2143272814","0.0344828"
"2143272814","1563099561","0.0344828"
"1563099561","2147487158","0.0344828"
"2147487158","1563099561","0.0344828"
"1563099561","2158275091","0.0744828"
"2158275091","1563099561","0.0744828"
"1563099561","2540667567","0.0744828"
"2540667567","1563099561","0.0744828"
"1753951212","195774134","0.0344828"
"195774134","1753951212","0.0344828"
"1753951212","1987111416","0.201149"
"1987111416","1753951212","0.201149"
"1753951212","2007629278","0.0344828"
"2007629278","1753951212","0.0344828"
"1753951212","2062989810","0.0344828"
"2062989810","1753951212","0.0344828"
"1753951212","2100077146","0.0344828"
"2100077146","1753951212","0.0344828"
"1753951212","2117196912","0.201149"
"2117196912","1753951212","0.201149"
"1753951212","2117544284","0.201149"
"2117544284","1753951212","0.201149"
"1753951212","2121359697","0.0344828"
"2121359697","1753951212","0.0344828"
"1753951212","2130238741","0.0344828"
"2130238741","1753951212","0.0344828"
"1753951212","2143187015","0.0344828"
"2143187015","1753951212","0.0344828"
"1753951212","2143272814","0.0344828"
"2143272814","1753951212","0.0344828"
"1753951212","2147487158","0.0344828"
"2147487158","1753951212","0.0344828"
"1753951212","2158170260","0.0344828"
"2158170260","1753951212","0.0344828"
"1753951212","2158275091","0.0344828"
"2158275091","1753951212","0.0344828"
"1753951212","2540667567","0.0344828"
"2540667567","1753951212","0.0344828"
"195774134","1987111416","0.367816"
"1987111416","195774134","0.367816"
"195774134","1997299274","0.284483"
"1997299274","195774134","0.284483"
"195774134","2007629278","0.0344828"
"2007629278","195774134","0.0344828"
"195774134","2011191813","0.17734"
"2011191813","195774134","0.17734"
"195774134","2062989810","0.0344828"
"2062989810","195774134","0.0344828"
"195774134","2067877017","0.0344828"
"2067877017","195774134","0.0344828"
"195774134","2079361215","0.0344828"
"2079361215","195774134","0.0344828"
"195774134","2097743039","0.0344828"
"2097743039","195774134","0.0344828"
"195774134","2100077146","4.3376"
"2100077146","195774134","4.3376"
"195774134","2108706544","0.0344828"
"2108706544","195774134","0.0344828"
"195774134","2117196912","0.617816"
"2117196912","195774134","0.617816"
"195774134","2117544284","0.17734"
"2117544284","195774134","0.17734"
"195774134","2121359697","0.117816"
"2121359697","195774134","0.117816"
"195774134","2130238741","2.17093"
"2130238741","195774134","2.17093"
"195774134","2143187015","0.194739"
"2143187015","195774134","0.194739"
"195774134","2143272814","0.367816"
"2143272814","195774134","0.367816"
"195774134","2147487158","0.0344828"
"2147487158","195774134","0.0344828"
"195774134","2154549366","0.0344828"
"2154549366","195774134","0.0344828"
"195774134","2158170260","0.0344828"
"2158170260","195774134","0.0344828"
"195774134","2158275091","2.50426"
"2158275091","195774134","2.50426"
"195774134","2170280625","0.0344828"
"2170280625","195774134","0.0344828"
"195774134","2232801052","0.284483"
"2232801052","195774134","0.284483"
"195774134","2432267564","0.0344828"
"2432267564","195774134","0.0344828"
"195774134","2540667567","0.0344828"
"2540667567","195774134","0.0344828"
"1987111416","1997299274","0.151406"
"1997299274","1987111416","0.151406"
"1987111416","2007629278","0.0744828"
"2007629278","1987111416","0.0744828"
"1987111416","2011191813","0.762517"
"2011191813","1987111416","0.762517"
"1987111416","2062989810","0.0344828"
"2062989810","1987111416","0.0344828"
"1987111416","2067877017","0.907816"
"2067877017","1987111416","0.907816"
"1987111416","2097743039","0.407816"
"2097743039","1987111416","0.407816"
"1987111416","2100077146","0.907816"
"2100077146","1987111416","0.907816"
"1987111416","2117196912","2.03448"
"2117196912","1987111416","2.03448"
"1987111416","2117544284","0.491149"
"2117544284","1987111416","0.491149"
"1987111416","2121359697","0.0344828"
"2121359697","1987111416","0.0344828"
"1987111416","2130238741","0.0344828"
"2130238741","1987111416","0.0344828"
"1987111416","2143187015","0.0344828"
"2143187015","1987111416","0.0344828"
"1987111416","2143272814","0.0344828"
"2143272814","1987111416","0.0344828"
"1987111416","2147487158","0.0344828"
"2147487158","1987111416","0.0344828"
"1987111416","2158275091","0.0744828"
"2158275091","1987111416","0.0744828"
"1987111416","2170280625","0.0744828"
"2170280625","1987111416","0.0744828"
"1987111416","2232801052","0.401406"
"2232801052","1987111416","0.401406"
"1987111416","2432267564","3.55585"
"2432267564","1987111416","3.55585"
"1987111416","2540667567","0.574483"
"2540667567","1987111416","0.574483"
"1997299274","2007629278","0.0744828"
"2007629278","1997299274","0.0744828"
"1997299274","2062989810","0.0344828"
"2062989810","1997299274","0.0344828"
"1997299274","2100077146","0.324483"
"2100077146","1997299274","0.324483"
"1997299274","2117196912","0.843306"
"2117196912","1997299274","0.843306"
"1997299274","2117544284","0.0744828"
"2117544284","1997299274","0.0744828"
"1997299274","2121359697","0.0344828"
"2121359697","1997299274","0.0344828"
"1997299274","2130238741","0.0344828"
"2130238741","1997299274","0.0344828"
"1997299274","2143187015","0.0933063"
"2143187015","1997299274","0.0933063"
"1997299274","2143272814","0.0344828"
"2143272814","1997299274","0.0344828"
"1997299274","2147487158","0.0344828"
"2147487158","1997299274","0.0344828"
"1997299274","2158170260","0.0744828"
"2158170260","1997299274","0.0744828"
"1997299274","2158275091","0.0744828"
"2158275091","1997299274","0.0744828"
"1997299274","2540667567","0.46664"
"2540667567","1997299274","0.46664"
"2007629278","2011191813","0.0744828"
"2011191813","2007629278","0.0744828"
"2007629278","2062989810","0.0344828"
"2062989810","2007629278","0.0344828"
"2007629278","2067877017","0.0744828"
"2067877017","2007629278","0.0744828"
"2007629278","2079361215","0.0744828"
"2079361215","2007629278","0.0744828"
"2007629278","2097743039","0.0744828"
"2097743039","2007629278","0.0744828"
"2007629278","2100077146","0.0744828"
"2100077146","2007629278","0.0744828"
"2007629278","2108706544","0.0744828"
"2108706544","2007629278","0.0744828"
"2007629278","2117196912","0.0344828"
"2117196912","2007629278","0.0344828"
"2007629278","2117544284","0.0744828"
"2117544284","2007629278","0.0744828"
"2007629278","2121359697","0.0344828"
"2121359697","2007629278","0.0344828"
"2007629278","2130238741","0.0344828"
"2130238741","2007629278","0.0344828"
"2007629278","2143187015","0.0344828"
"2143187015","2007629278","0.0344828"
"2007629278","2143272814","0.0344828"
"2143272814","2007629278","0.0344828"
"2007629278","2147487158","9.62374"
"2147487158","2007629278","9.62374"
"2007629278","2154549366","0.0744828"
"2154549366","2007629278","0.0744828"
"2007629278","2158170260","0.0744828"
"2158170260","2007629278","0.0744828"
"2007629278","2158275091","0.274483"
"2158275091","2007629278","0.274483"
"2007629278","2170280625","0.0744828"
"2170280625","2007629278","0.0744828"
"2007629278","2232801052","0.0744828"
"2232801052","2007629278","0.0744828"
"2007629278","2432267564","0.0344828"
"2432267564","2007629278","0.0344828"
"2007629278","2540667567","0.0744828"
"2540667567","2007629278","0.0744828"
"2011191813","2062989810","0.0344828"
"2062989810","2011191813","0.0344828"
"2011191813","2100077146","0.21734"
"2100077146","2011191813","0.21734"
"2011191813","2117196912","0.0933063"
"2117196912","2011191813","0.0933063"
"2011191813","2117544284","1.21734"
"2117544284","2011191813","1.21734"
"2011191813","2121359697","0.0344828"
"2121359697","2011191813","0.0344828"
"2011191813","2130238741","0.17734"
"2130238741","2011191813","0.17734"
"2011191813","2143187015","0.0933063"
"2143187015","2011191813","0.0933063"
"2011191813","2143272814","0.0344828"
"2143272814","2011191813","0.0344828"
"2011191813","2147487158","0.0344828"
"2147487158","2011191813","0.0344828"
"2011191813","2158275091","0.21734"
"2158275091","2011191813","0.21734"
"2011191813","2540667567","0.133306"
"2540667567","2011191813","0.133306"
"2062989810","2067877017","0.0344828"
"2067877017","2062989810","0.0344828"
"2062989810","2079361215","0.0344828"
"2079361215","2062989810","0.0344828"
"2062989810","2097743039","0.0344828"
"2097743039","2062989810","0.0344828"
"2062989810","2100077146","0.0344828"
"2100077146","2062989810","0.0344828"
"2062989810","2108706544","0.0344828"
"2108706544","2062989810","0.0344828"
"2062989810","2117196912","0.0344828"
"2117196912","2062989810","0.0344828"
"2062989810","2117544284","0.0344828"
"2117544284","2062989810","0.0344828"
"2062989810","2121359697","0.0344828"
"2121359697","2062989810","0.0344828"
"2062989810","2130238741","0.0344828"
"2130238741","2062989810","0.0344828"
"2062989810","2143187015","1.11782"
"2143187015","2062989810","1.11782"
"2062989810","2143272814","0.0344828"
"2143272814","2062989810","0.0344828"
"2062989810","2147487158","0.0344828"
"2147487158","2062989810","0.0344828"
"2062989810","2154549366","0.0344828"
"2154549366","2062989810","0.0344828"
"2062989810","2158170260","0.0344828"
"2158170260","2062989810","0.0344828"
"2062989810","2158275091","0.201149"
"2158275091","2062989810","0.201149"
"2062989810","2170280625","0.0344828"
"2170280625","2062989810","0.0344828"
"2062989810","2232801052","0.0344828"
"2232801052","2062989810","0.0344828"
"2062989810","2432267564","0.0344828"
"2432267564","2062989810","0.0344828"
"2062989810","2540667567","0.0344828"
"2540667567","2062989810","0.0344828"
"2067877017","2100077146","0.0744828"
"2100077146","2067877017","0.0744828"
"2067877017","2117196912","0.317816"
"2117196912","2067877017","0.317816"
"2067877017","2117544284","0.0744828"
"2117544284","2067877017","0.0744828"
"2067877017","2121359697","0.0344828"
"2121359697","2067877017","0.0344828"
"2067877017","2130238741","0.0344828"
"2130238741","2067877017","0.0344828"
"2067877017","2143187015","0.0344828"
"2143187015","2067877017","0.0344828"
"2067877017","2143272814","0.0344828"
"2143272814","2067877017","0.0344828"
"2067877017","2147487158","0.0344828"
"2147487158","2067877017","0.0344828"
"2067877017","2158275091","0.357816"
"2158275091","2067877017","0.357816"
"2067877017","2540667567","0.0744828"
"2540667567","2067877017","0.0744828"
"2079361215","2100077146","0.0744828"
"2100077146","2079361215","0.0744828"
"2079361215","2117196912","0.37664"
"2117196912","2079361215","0.37664"
"2079361215","2117544284","0.0744828"
"2117544284","2079361215","0.0744828"
"2079361215","2121359697","0.0344828"
"2121359697","2079361215","0.0344828"
"2079361215","2130238741","0.0344828"
"2130238741","2079361215","0.0344828"
"2079361215","2143187015","0.0933063"
"2143187015","2079361215","0.0933063"
"2079361215","2143272814","0.0344828"
"2143272814","2079361215","0.0344828"
"2079361215","2147487158","0.0344828"
"2147487158","2079361215","0.0344828"
"2079361215","2158275091","0.857816"
"2158275091","2079361215","0.857816"
"2079361215","2540667567","0.46664"
"2540667567","2079361215","0.46664"
"2097743039","2100077146","0.0744828"
"2100077146","2097743039","0.0744828"
"2097743039","2117196912","0.0933063"
"2117196912","2097743039","0.0933063"
"2097743039","2117544284","0.0744828"
"2117544284","2097743039","0.0744828"
"2097743039","2121359697","0.0344828"
"2121359697","2097743039","0.0344828"
"2097743039","2130238741","0.0344828"
"2130238741","2097743039","0.0344828"
"2097743039","2143187015","0.0933063"
"2143187015","2097743039","0.0933063"
"2097743039","2143272814","0.0344828"
"2143272814","2097743039","0.0344828"
"2097743039","2147487158","0.0344828"
"2147487158","2097743039","0.0344828"
"2097743039","2158275091","0.0744828"
"2158275091","2097743039","0.0744828"
"2097743039","2540667567","0.133306"
"2540667567","2097743039","0.133306"
"2100077146","2108706544","0.0744828"
"2108706544","2100077146","0.0744828"
