"1087790031","2016886335","0.333333"
"2016886335","1087790031","0.333333"
"1087790031","2035168844","0.333333"
"2035168844","1087790031","0.333333"
"1087790031","2120621050","0.333333"
"2120621050","1087790031","0.333333"
"2016886335","2035168844","0.333333"
"2035168844","2016886335","0.333333"
"2016886335","2120621050","0.333333"
"2120621050","2016886335","0.333333"
"2035168844","2120621050","0.333333"
"2120621050","2035168844","0.333333"
"1087790031","2285121548","0.25"
"2285121548","1087790031","0.25"
"1087790031","2433075850","0.25"
"2433075850","1087790031","0.25"
"1087790031","2515302938","0.25"
"2515302938","1087790031","0.25"
"1087790031","2612818011","0.25"
"2612818011","1087790031","0.25"
"2285121548","2433075850","0.583333"
"2433075850","2285121548","0.583333"
"2285121548","2515302938","4.08333"
"2515302938","2285121548","4.08333"
"2285121548","2612818011","4.58333"
"2612818011","2285121548","4.58333"
"2433075850","2515302938","1.08333"
"2515302938","2433075850","1.08333"
"2433075850","2612818011","1.08333"
"2612818011","2433075850","1.08333"
"2515302938","2612818011","7.58333"
"2612818011","2515302938","7.58333"
"1087790031","2218182165","1"
"2218182165","1087790031","1"
"143394952","1603838668","1.04756"
"1603838668","143394952","1.04756"
"143394952","2005113828","0.654701"
"2005113828","143394952","0.654701"
"143394952","2112100026","0.2"
"2112100026","143394952","0.2"
"143394952","2122902664","2.04756"
"2122902664","143394952","2.04756"
"143394952","2140010014","0.654701"
"2140010014","143394952","0.654701"
"1603838668","2005113828","0.988034"
"2005113828","1603838668","0.988034"
"1603838668","2112100026","0.2"
"2112100026","1603838668","0.2"
"1603838668","2122902664","1.38089"
"2122902664","1603838668","1.38089"
"1603838668","2140010014","0.988034"
"2140010014","1603838668","0.988034"
"2005113828","2112100026","2.7625"
"2112100026","2005113828","2.7625"
"2005113828","2122902664","1.38387"
"2122902664","2005113828","1.38387"
"2005113828","2140010014","3.55053"
"2140010014","2005113828","3.55053"
"2112100026","2122902664","0.595833"
"2122902664","2112100026","0.595833"
"2112100026","2140010014","1.42917"
"2140010014","2112100026","1.42917"
"2122902664","2140010014","1.05053"
"2140010014","2122902664","1.05053"
"143394952","1591045846","2.46978"
"1591045846","143394952","2.46978"
"143394952","2102394457","0.5"
"2102394457","143394952","0.5"
"1591045846","2102394457","0.5"
"2102394457","1591045846","0.5"
"143394952","2072570490","3.84756"
"2072570490","143394952","3.84756"
"143394952","2131195225","1.14286"
"2131195225","143394952","1.14286"
"2072570490","2131195225","1.97619"
"2131195225","2072570490","1.97619"
"143394952","1834239737","0.664225"
"1834239737","143394952","0.664225"
"143394952","1954187528","0.111111"
"1954187528","143394952","0.111111"
"143394952","2006250242","0.188034"
"2006250242","143394952","0.188034"
"143394952","2166409223","0.538034"
"2166409223","143394952","0.538034"
"1603838668","1834239737","0.497558"
"1834239737","1603838668","0.497558"
"1603838668","1954187528","0.694444"
"1954187528","1603838668","0.694444"
"1603838668","2006250242","0.771368"
"2006250242","1603838668","0.771368"
"1603838668","2072570490","0.597558"
"2072570490","1603838668","0.597558"
"1603838668","2166409223","2.2047"
"2166409223","1603838668","2.2047"
"1834239737","1954187528","0.673611"
"1954187528","1834239737","0.673611"
"1834239737","2005113828","0.250534"
"2005113828","1834239737","0.250534"
"1834239737","2006250242","1.77137"
"2006250242","1834239737","1.77137"
"1834239737","2072570490","0.664225"
"2072570490","1834239737","0.664225"
"1834239737","2122902664","0.393391"
"2122902664","1834239737","0.393391"
"1834239737","2140010014","0.250534"
"2140010014","1834239737","0.250534"
"1834239737","2166409223","1.43803"
"2166409223","1834239737","1.43803"
"1954187528","2005113828","0.173611"
"2005113828","1954187528","0.173611"
"1954187528","2006250242","0.361111"
"2006250242","1954187528","0.361111"
"1954187528","2072570490","0.277778"
"2072570490","1954187528","0.277778"
"1954187528","2122902664","0.173611"
"2122902664","1954187528","0.173611"
"1954187528","2140010014","0.173611"
"2140010014","1954187528","0.173611"
"1954187528","2166409223","0.277778"
"2166409223","1954187528","0.277778"
"2005113828","2006250242","0.438034"
"2006250242","2005113828","0.438034"
"2005113828","2072570490","0.288034"
"2072570490","2005113828","0.288034"
"2005113828","2166409223","0.288034"
"2166409223","2005113828","0.288034"
"2006250242","2072570490","0.188034"
"2072570490","2006250242","0.188034"
"2006250242","2122902664","0.188034"
"2122902664","2006250242","0.188034"
"2006250242","2140010014","0.188034"
"2140010014","2006250242","0.188034"
"2006250242","2166409223","0.438034"
"2166409223","2006250242","0.438034"
"2072570490","2122902664","2.43089"
"2122902664","2072570490","2.43089"
"2072570490","2140010014","0.288034"
"2140010014","2072570490","0.288034"
"2072570490","2166409223","0.454701"
"2166409223","2072570490","0.454701"
"2122902664","2166409223","0.538034"
"2166409223","2122902664","0.538034"
"2140010014","2166409223","0.288034"
"2166409223","2140010014","0.288034"
"143394952","2006662051","0.25"
"2006662051","143394952","0.25"
"143394952","2167401313","0.676923"
"2167401313","143394952","0.676923"
"1591045846","2006662051","0.3125"
"2006662051","1591045846","0.3125"
"1591045846","2072570490","1.96978"
"2072570490","1591045846","1.96978"
"1591045846","2167401313","0.326923"
"2167401313","1591045846","0.326923"
"2006662051","2072570490","0.75"
"2072570490","2006662051","0.75"
"2006662051","2167401313","0.75"
"2167401313","2006662051","0.75"
"2072570490","2167401313","2.92692"
"2167401313","2072570490","2.92692"
"1834239737","2131195225","0.47619"
"2131195225","1834239737","0.47619"
"1591045846","1603838668","1.05311"
"1603838668","1591045846","1.05311"
"1591045846","2005113828","0.30609"
"2005113828","1591045846","0.30609"
"1591045846","2122902664","0.448947"
"2122902664","1591045846","0.448947"
"1591045846","2131195225","0.309524"
"2131195225","1591045846","0.309524"
"1591045846","2140010014","0.30609"
"2140010014","1591045846","0.30609"
"1603838668","2131195225","0.309524"
"2131195225","1603838668","0.309524"
"2005113828","2131195225","0.166667"
"2131195225","2005113828","0.166667"
"2122902664","2131195225","0.309524"
"2131195225","2122902664","0.309524"
"2131195225","2140010014","0.166667"
"2140010014","2131195225","0.166667"
"143394952","2106105896","0.333333"
"2106105896","143394952","0.333333"
"1591045846","2106105896","0.333333"
"2106105896","1591045846","0.333333"
"2072570490","2106105896","0.333333"
"2106105896","2072570490","0.333333"
"143394952","1985281270","0.1"
"1985281270","143394952","0.1"
"143394952","2157316169","0.35"
"2157316169","143394952","0.35"
"143394952","2950461515","0.1"
"2950461515","143394952","0.1"
"1603838668","1985281270","0.1"
"1985281270","1603838668","0.1"
"1603838668","2157316169","0.1"
"2157316169","1603838668","0.1"
"1603838668","2167401313","0.426923"
"2167401313","1603838668","0.426923"
"1603838668","2950461515","0.1"
"2950461515","1603838668","0.1"
"1985281270","2005113828","0.495833"
"2005113828","1985281270","0.495833"
"1985281270","2072570490","0.1"
"2072570490","1985281270","0.1"
"1985281270","2122902664","0.1625"
"2122902664","1985281270","0.1625"
"1985281270","2140010014","0.495833"
"2140010014","1985281270","0.495833"
"1985281270","2157316169","0.1"
"2157316169","1985281270","0.1"
"1985281270","2166409223","0.433333"
"2166409223","1985281270","0.433333"
"1985281270","2167401313","0.433333"
"2167401313","1985281270","0.433333"
"1985281270","2950461515","0.1"
"2950461515","1985281270","0.1"
"2005113828","2157316169","0.1"
"2157316169","2005113828","0.1"
"2005113828","2167401313","0.176923"
"2167401313","2005113828","0.176923"
"2005113828","2950461515","0.1"
"2950461515","2005113828","0.1"
"2072570490","2157316169","0.1"
"2157316169","2072570490","0.1"
"2072570490","2950461515","0.1"
"2950461515","2072570490","0.1"
"2122902664","2157316169","0.1"
"2157316169","2122902664","0.1"
"2122902664","2167401313","0.426923"
"2167401313","2122902664","0.426923"
"2122902664","2950461515","0.1"
"2950461515","2122902664","0.1"
"2140010014","2157316169","0.1"
"2157316169","2140010014","0.1"
"2140010014","2167401313","0.176923"
"2167401313","2140010014","0.176923"
"2140010014","2950461515","0.1"
"2950461515","2140010014","0.1"
"2157316169","2166409223","0.1"
"2166409223","2157316169","0.1"
"2157316169","2167401313","0.1"
"2167401313","2157316169","0.1"
"2157316169","2950461515","0.1"
"2950461515","2157316169","0.1"
"2166409223","2167401313","0.760256"
"2167401313","2166409223","0.760256"
"2166409223","2950461515","0.1"
"2950461515","2166409223","0.1"
"2167401313","2950461515","0.1"
"2950461515","2167401313","0.1"
"143394952","2007589776","0.0769231"
"2007589776","143394952","0.0769231"
"143394952","2104945737","0.0769231"
"2104945737","143394952","0.0769231"
"143394952","2520738984","0.0769231"
"2520738984","143394952","0.0769231"
"1591045846","1834239737","0.28228"
"1834239737","1591045846","0.28228"
"1591045846","2006250242","0.0769231"
"2006250242","1591045846","0.0769231"
"1591045846","2007589776","0.0769231"
"2007589776","1591045846","0.0769231"
"1591045846","2104945737","0.0769231"
"2104945737","1591045846","0.0769231"
"1591045846","2166409223","0.74359"
"2166409223","1591045846","0.74359"
"1591045846","2520738984","0.0769231"
"2520738984","1591045846","0.0769231"
"1603838668","2007589776","0.0769231"
"2007589776","1603838668","0.0769231"
"1603838668","2104945737","0.0769231"
"2104945737","1603838668","0.0769231"
"1603838668","2520738984","0.0769231"
"2520738984","1603838668","0.0769231"
"1834239737","2007589776","0.0769231"
"2007589776","1834239737","0.0769231"
"1834239737","2104945737","0.0769231"
"2104945737","1834239737","0.0769231"
"1834239737","2167401313","0.0769231"
"2167401313","1834239737","0.0769231"
"1834239737","2520738984","0.0769231"
"2520738984","1834239737","0.0769231"
"2005113828","2007589776","0.326923"
"2007589776","2005113828","0.326923"
"2005113828","2104945737","0.326923"
"2104945737","2005113828","0.326923"
"2005113828","2520738984","0.0769231"
"2520738984","2005113828","0.0769231"
"2006250242","2007589776","0.0769231"
"2007589776","2006250242","0.0769231"
"2006250242","2104945737","0.0769231"
"2104945737","2006250242","0.0769231"
"2006250242","2167401313","0.0769231"
"2167401313","2006250242","0.0769231"
"2006250242","2520738984","0.576923"
"2520738984","2006250242","0.576923"
"2007589776","2072570490","0.0769231"
"2072570490","2007589776","0.0769231"
"2007589776","2104945737","0.0769231"
"2104945737","2007589776","0.0769231"
"2007589776","2122902664","0.0769231"
"2122902664","2007589776","0.0769231"
"2007589776","2140010014","0.326923"
"2140010014","2007589776","0.326923"
"2007589776","2166409223","0.0769231"
"2166409223","2007589776","0.0769231"
"2007589776","2167401313","0.0769231"
"2167401313","2007589776","0.0769231"
"2007589776","2520738984","0.576923"
"2520738984","2007589776","0.576923"
"2072570490","2104945737","0.0769231"
"2104945737","2072570490","0.0769231"
"2072570490","2520738984","0.0769231"
"2520738984","2072570490","0.0769231"
"2104945737","2122902664","0.0769231"
"2122902664","2104945737","0.0769231"
"2104945737","2140010014","0.326923"
"2140010014","2104945737","0.326923"
"2104945737","2166409223","0.0769231"
"2166409223","2104945737","0.0769231"
"2104945737","2167401313","1.07692"
"2167401313","2104945737","1.07692"
"2104945737","2520738984","0.0769231"
"2520738984","2104945737","0.0769231"
"2122902664","2520738984","0.0769231"
"2520738984","2122902664","0.0769231"
"2140010014","2520738984","0.0769231"
"2520738984","2140010014","0.0769231"
"2166409223","2520738984","0.0769231"
"2520738984","2166409223","0.0769231"
"2167401313","2520738984","0.0769231"
"2520738984","2167401313","0.0769231"
"143394952","2082948153","0.142857"
"2082948153","143394952","0.142857"
"1591045846","2082948153","0.142857"
"2082948153","1591045846","0.142857"
"1603838668","2082948153","0.142857"
"2082948153","1603838668","0.142857"
"1834239737","2082948153","0.642857"
"2082948153","1834239737","0.642857"
"2072570490","2082948153","0.142857"
"2082948153","2072570490","0.142857"
"2082948153","2122902664","0.142857"
"2122902664","2082948153","0.142857"
"2082948153","2131195225","0.142857"
"2131195225","2082948153","0.142857"
"143394952","2067089961","0.25"
"2067089961","143394952","0.25"
"143394952","2587307698","0.25"
"2587307698","143394952","0.25"
"143394952","2990166677","0.25"
"2990166677","143394952","0.25"
"2067089961","2157316169","0.25"
"2157316169","2067089961","0.25"
"2067089961","2587307698","0.25"
"2587307698","2067089961","0.25"
"2067089961","2990166677","0.25"
"2990166677","2067089961","0.25"
"2157316169","2587307698","0.25"
"2587307698","2157316169","0.25"
"2157316169","2990166677","0.25"
"2990166677","2157316169","0.25"
"2587307698","2990166677","0.25"
"2990166677","2587307698","0.25"
"1487902141","2103513057","1.5"
"2103513057","1487902141","1.5"
"1487902141","2138949292","2"
"2138949292","1487902141","2"
"1487902141","2147011911","0.5625"
"2147011911","1487902141","0.5625"
"2103513057","2147011911","0.5"
"2147011911","2103513057","0.5"
"1487902141","1502314197","0.0625"
"1502314197","1487902141","0.0625"
"1487902141","1591045846","0.0625"
"1591045846","1487902141","0.0625"
"1487902141","1780820054","0.0625"
"1780820054","1487902141","0.0625"
"1487902141","1834239737","0.0625"
"1834239737","1487902141","0.0625"
"1487902141","1954187528","0.0625"
"1954187528","1487902141","0.0625"
"1487902141","1985281270","0.0625"
"1985281270","1487902141","0.0625"
"1487902141","2005113828","0.645833"
"2005113828","1487902141","0.645833"
"1487902141","2006662051","0.0625"
"2006662051","1487902141","0.0625"
"1487902141","2027210664","0.0625"
"2027210664","1487902141","0.0625"
"1487902141","2036014133","0.0625"
"2036014133","1487902141","0.0625"
"1487902141","2067089961","0.0625"
"2067089961","1487902141","0.0625"
"1487902141","2097053934","0.0625"
"2097053934","1487902141","0.0625"
"1487902141","2112100026","0.645833"
"2112100026","1487902141","0.645833"
"1487902141","2122902664","0.0625"
"2122902664","1487902141","0.0625"
"1487902141","2140010014","0.645833"
"2140010014","1487902141","0.645833"
"1502314197","1591045846","0.0625"
"1591045846","1502314197","0.0625"
"1502314197","1780820054","0.3125"
"1780820054","1502314197","0.3125"
"1502314197","1834239737","1.47917"
"1834239737","1502314197","1.47917"
"1502314197","1954187528","0.5625"
"1954187528","1502314197","0.5625"
"1502314197","1985281270","0.0625"
"1985281270","1502314197","0.0625"
"1502314197","2005113828","0.0625"
"2005113828","1502314197","0.0625"
"1502314197","2006662051","0.229167"
"2006662051","1502314197","0.229167"
"1502314197","2027210664","0.5625"
"2027210664","1502314197","0.5625"
"1502314197","2036014133","0.3125"
"2036014133","1502314197","0.3125"
"1502314197","2067089961","0.0625"
"2067089961","1502314197","0.0625"
"1502314197","2097053934","0.0625"
"2097053934","1502314197","0.0625"
"1502314197","2112100026","0.0625"
"2112100026","1502314197","0.0625"
"1502314197","2122902664","0.0625"
"2122902664","1502314197","0.0625"
"1502314197","2140010014","0.0625"
"2140010014","1502314197","0.0625"
"1502314197","2147011911","0.0625"
"2147011911","1502314197","0.0625"
"1591045846","1780820054","0.229167"
"1780820054","1591045846","0.229167"
"1591045846","1954187528","0.229167"
"1954187528","1591045846","0.229167"
"1591045846","1985281270","0.0625"
"1985281270","1591045846","0.0625"
"1591045846","2027210664","0.0625"
"2027210664","1591045846","0.0625"
"1591045846","2036014133","0.0625"
"2036014133","1591045846","0.0625"
"1591045846","2067089961","0.0625"
"2067089961","1591045846","0.0625"
"1591045846","2097053934","0.0625"
"2097053934","1591045846","0.0625"
"1591045846","2112100026","0.0625"
"2112100026","1591045846","0.0625"
"1591045846","2147011911","0.0625"
"2147011911","1591045846","0.0625"
"1780820054","1834239737","0.8125"
"1834239737","1780820054","0.8125"
"1780820054","1954187528","0.8125"
"1954187528","1780820054","0.8125"
"1780820054","1985281270","0.0625"
"1985281270","1780820054","0.0625"
"1780820054","2005113828","0.0625"
"2005113828","1780820054","0.0625"
"1780820054","2006662051","0.395833"
"2006662051","1780820054","0.395833"
"1780820054","2027210664","1.47917"
"2027210664","1780820054","1.47917"
"1780820054","2036014133","0.3125"
"2036014133","1780820054","0.3125"
"1780820054","2067089961","0.0625"
"2067089961","1780820054","0.0625"
"1780820054","2097053934","0.0625"
"2097053934","1780820054","0.0625"
"1780820054","2112100026","0.0625"
"2112100026","1780820054","0.0625"
"1780820054","2122902664","0.0625"
"2122902664","1780820054","0.0625"
"1780820054","2140010014","0.0625"
"2140010014","1780820054","0.0625"
"1780820054","2147011911","0.0625"
"2147011911","1780820054","0.0625"
"1834239737","1985281270","0.0625"
"1985281270","1834239737","0.0625"
"1834239737","2006662051","0.229167"
"2006662051","1834239737","0.229167"
"1834239737","2027210664","1.5625"
"2027210664","1834239737","1.5625"
"1834239737","2036014133","0.3125"
"2036014133","1834239737","0.3125"
"1834239737","2067089961","0.0625"
"2067089961","1834239737","0.0625"
"1834239737","2097053934","0.0625"
"2097053934","1834239737","0.0625"
"1834239737","2112100026","0.0625"
"2112100026","1834239737","0.0625"
"1834239737","2147011911","0.0625"
"2147011911","1834239737","0.0625"
"1954187528","1985281270","0.395833"
"1985281270","1954187528","0.395833"
"1954187528","2006662051","1.39583"
"2006662051","1954187528","1.39583"
"1954187528","2027210664","2.97917"
"2027210664","1954187528","2.97917"
"1954187528","2036014133","0.0625"
"2036014133","1954187528","0.0625"
"1954187528","2067089961","0.0625"
"2067089961","1954187528","0.0625"
"1954187528","2097053934","0.0625"
"2097053934","1954187528","0.0625"
"1954187528","2112100026","0.0625"
"2112100026","1954187528","0.0625"
"1954187528","2147011911","0.0625"
"2147011911","1954187528","0.0625"
"1985281270","2006662051","1.39583"
"2006662051","1985281270","1.39583"
"1985281270","2027210664","0.395833"
"2027210664","1985281270","0.395833"
"1985281270","2036014133","0.0625"
"2036014133","1985281270","0.0625"
"1985281270","2067089961","0.0625"
"2067089961","1985281270","0.0625"
"1985281270","2097053934","0.0625"
"2097053934","1985281270","0.0625"
"1985281270","2112100026","0.0625"
"2112100026","1985281270","0.0625"
"1985281270","2147011911","0.0625"
"2147011911","1985281270","0.0625"
"2005113828","2006662051","0.0625"
"2006662051","2005113828","0.0625"
"2005113828","2027210664","0.0625"
"2027210664","2005113828","0.0625"
"2005113828","2036014133","0.0625"
"2036014133","2005113828","0.0625"
"2005113828","2067089961","0.0625"
"2067089961","2005113828","0.0625"
"2005113828","2097053934","0.0625"
"2097053934","2005113828","0.0625"
"2005113828","2147011911","0.0625"
"2147011911","2005113828","0.0625"
"2006662051","2027210664","1.39583"
"2027210664","2006662051","1.39583"
"2006662051","2036014133","0.0625"
"2036014133","2006662051","0.0625"
"2006662051","2067089961","0.0625"
"2067089961","2006662051","0.0625"
"2006662051","2097053934","0.0625"
"2097053934","2006662051","0.0625"
"2006662051","2112100026","0.0625"
"2112100026","2006662051","0.0625"
"2006662051","2122902664","0.0625"
"2122902664","2006662051","0.0625"
"2006662051","2140010014","0.0625"
"2140010014","2006662051","0.0625"
"2006662051","2147011911","0.0625"
"2147011911","2006662051","0.0625"
"2027210664","2036014133","0.0625"
"2036014133","2027210664","0.0625"
"2027210664","2067089961","0.0625"
"2067089961","2027210664","0.0625"
"2027210664","2097053934","0.0625"
"2097053934","2027210664","0.0625"
"2027210664","2112100026","0.0625"
"2112100026","2027210664","0.0625"
"2027210664","2122902664","0.0625"
"2122902664","2027210664","0.0625"
"2027210664","2140010014","0.0625"
"2140010014","2027210664","0.0625"
"2027210664","2147011911","0.0625"
"2147011911","2027210664","0.0625"
"2036014133","2067089961","0.0625"
"2067089961","2036014133","0.0625"
"2036014133","2097053934","0.0625"
"2097053934","2036014133","0.0625"
"2036014133","2112100026","0.0625"
"2112100026","2036014133","0.0625"
"2036014133","2122902664","0.0625"
"2122902664","2036014133","0.0625"
"2036014133","2140010014","0.0625"
"2140010014","2036014133","0.0625"
"2036014133","2147011911","0.0625"
"2147011911","2036014133","0.0625"
"2067089961","2097053934","0.0625"
"2097053934","2067089961","0.0625"
"2067089961","2112100026","0.0625"
"2112100026","2067089961","0.0625"
"2067089961","2122902664","0.0625"
"2122902664","2067089961","0.0625"
"2067089961","2140010014","0.0625"
"2140010014","2067089961","0.0625"
"2067089961","2147011911","0.0625"
"2147011911","2067089961","0.0625"
"2097053934","2112100026","0.0625"
"2112100026","2097053934","0.0625"
"2097053934","2122902664","0.0625"
"2122902664","2097053934","0.0625"
"2097053934","2140010014","0.0625"
"2140010014","2097053934","0.0625"
"2097053934","2147011911","0.395833"
"2147011911","2097053934","0.395833"
"2112100026","2147011911","0.0625"
"2147011911","2112100026","0.0625"
"2122902664","2147011911","0.0625"
"2147011911","2122902664","0.0625"
"2140010014","2147011911","0.0625"
"2147011911","2140010014","0.0625"
"1487902141","2007589776","0.25"
"2007589776","1487902141","0.25"
"2007589776","2112100026","0.25"
"2112100026","2007589776","0.25"
"1488148696","1502314197","0.166667"
"1502314197","1488148696","0.166667"
"1488148696","1603838668","0.166667"
"1603838668","1488148696","0.166667"
"1488148696","1834239737","0.166667"
"1834239737","1488148696","0.166667"
"1488148696","1954187528","0.166667"
"1954187528","1488148696","0.166667"
"1488148696","2006662051","0.166667"
"2006662051","1488148696","0.166667"
"1488148696","2027210664","0.166667"
"2027210664","1488148696","0.166667"
"1502314197","1603838668","0.166667"
"1603838668","1502314197","0.166667"
"1603838668","2006662051","0.166667"
"2006662051","1603838668","0.166667"
"1603838668","2027210664","1.25"
"2027210664","1603838668","1.25"
"1488816966","2086181186","0.533333"
"2086181186","1488816966","0.533333"
"1488816966","2102639991","0.2"
"2102639991","1488816966","0.2"
"1488816966","2262876226","3.47778"
"2262876226","1488816966","3.47778"
"1488816966","2473405386","0.311111"
"2473405386","1488816966","0.311111"
"1488816966","2846921863","0.2"
"2846921863","1488816966","0.2"
"2086181186","2102639991","0.45"
"2102639991","2086181186","0.45"
"2086181186","2262876226","0.2"
"2262876226","2086181186","0.2"
"2086181186","2473405386","0.2"
"2473405386","2086181186","0.2"
"2086181186","2846921863","0.2"
"2846921863","2086181186","0.2"
"2102639991","2262876226","0.2"
"2262876226","2102639991","0.2"
"2102639991","2473405386","0.866667"
"2473405386","2102639991","0.866667"
"2102639991","2846921863","0.2"
"2846921863","2102639991","0.2"
"2262876226","2473405386","0.311111"
"2473405386","2262876226","0.311111"
"2262876226","2846921863","0.2"
"2846921863","2262876226","0.2"
"2473405386","2846921863","1.30162"
"2846921863","2473405386","1.30162"
"1488816966","2072406625","1"
"2072406625","1488816966","1"
"1488816966","2420293330","1.11111"
"2420293330","1488816966","1.11111"
"1488816966","1979176980","0.444444"
"1979176980","1488816966","0.444444"
"1488816966","2037726512","0.444444"
"2037726512","1488816966","0.444444"
"1979176980","2037726512","0.444444"
"2037726512","1979176980","0.444444"
"1979176980","2086181186","0.583333"
"2086181186","1979176980","0.583333"
"2037726512","2086181186","0.333333"
"2086181186","2037726512","0.333333"
"1488816966","2067089961","0.166667"
"2067089961","1488816966","0.166667"
"1488816966","2074192118","0.166667"
"2074192118","1488816966","0.166667"
"1488816966","2407480582","0.166667"
"2407480582","1488816966","0.166667"
"1488816966","2598275823","0.166667"
"2598275823","1488816966","0.166667"
"1488816966","2604606554","0.166667"
"2604606554","1488816966","0.166667"
"2067089961","2074192118","0.333333"
"2074192118","2067089961","0.333333"
"2067089961","2262876226","0.166667"
"2262876226","2067089961","0.166667"
"2067089961","2407480582","0.333333"
"2407480582","2067089961","0.333333"
"2067089961","2598275823","0.166667"
"2598275823","2067089961","0.166667"
"2067089961","2604606554","0.833333"
"2604606554","2067089961","0.833333"
"2074192118","2262876226","0.166667"
"2262876226","2074192118","0.166667"
"2074192118","2407480582","2.41026"
"2407480582","2074192118","2.41026"
"2074192118","2598275823","0.74359"
"2598275823","2074192118","0.74359"
"2074192118","2604606554","0.410256"
"2604606554","2074192118","0.410256"
"2262876226","2407480582","0.166667"
"2407480582","2262876226","0.166667"
"2262876226","2598275823","0.166667"
"2598275823","2262876226","0.166667"
"2262876226","2604606554","0.166667"
"2604606554","2262876226","0.166667"
"2407480582","2598275823","0.74359"
"2598275823","2407480582","0.74359"
"2407480582","2604606554","0.410256"
"2604606554","2407480582","0.410256"
"2598275823","2604606554","0.49359"
"2604606554","2598275823","0.49359"
"1488816966","2183126858","0.111111"
"2183126858","1488816966","0.111111"
"1488816966","2293133468","0.111111"
"2293133468","1488816966","0.111111"
"1488816966","2991445593","0.111111"
"2991445593","1488816966","0.111111"
"1488816966","823214199","0.111111"
"823214199","1488816966","0.111111"
"1979176980","2183126858","0.111111"
"2183126858","1979176980","0.111111"
"1979176980","2262876226","0.111111"
"2262876226","1979176980","0.111111"
"1979176980","2293133468","0.111111"
"2293133468","1979176980","0.111111"
"1979176980","2420293330","0.111111"
"2420293330","1979176980","0.111111"
"1979176980","2473405386","0.111111"
"2473405386","1979176980","0.111111"
"1979176980","2991445593","0.111111"
"2991445593","1979176980","0.111111"
"1979176980","823214199","0.111111"
"823214199","1979176980","0.111111"
"2037726512","2183126858","0.111111"
"2183126858","2037726512","0.111111"
"2037726512","2262876226","0.111111"
"2262876226","2037726512","0.111111"
"2037726512","2293133468","1.11111"
"2293133468","2037726512","1.11111"
"2037726512","2420293330","5.73611"
"2420293330","2037726512","5.73611"
"2037726512","2473405386","0.111111"
"2473405386","2037726512","0.111111"
"2037726512","2991445593","1.11111"
"2991445593","2037726512","1.11111"
"2037726512","823214199","0.111111"
"823214199","2037726512","0.111111"
"2183126858","2262876226","0.611111"
"2262876226","2183126858","0.611111"
"2183126858","2293133468","0.277778"
"2293133468","2183126858","0.277778"
"2183126858","2420293330","0.111111"
"2420293330","2183126858","0.111111"
"2183126858","2473405386","1.11111"
"2473405386","2183126858","1.11111"
"2183126858","2991445593","0.111111"
"2991445593","2183126858","0.111111"
"2183126858","823214199","1.52778"
"823214199","2183126858","1.52778"
"2262876226","2293133468","0.111111"
"2293133468","2262876226","0.111111"
"2262876226","2420293330","0.111111"
"2420293330","2262876226","0.111111"
"2262876226","2991445593","0.111111"
"2991445593","2262876226","0.111111"
"2262876226","823214199","0.111111"
"823214199","2262876226","0.111111"
"2293133468","2420293330","0.111111"
"2420293330","2293133468","0.111111"
"2293133468","2473405386","0.111111"
"2473405386","2293133468","0.111111"
"2293133468","2991445593","0.111111"
"2991445593","2293133468","0.111111"
"2293133468","823214199","0.277778"
"823214199","2293133468","0.277778"
"2420293330","2473405386","0.111111"
"2473405386","2420293330","0.111111"
"2420293330","2991445593","0.111111"
"2991445593","2420293330","0.111111"
"2420293330","823214199","0.111111"
"823214199","2420293330","0.111111"
"2473405386","2991445593","0.111111"
"2991445593","2473405386","0.111111"
"2473405386","823214199","0.111111"
"823214199","2473405386","0.111111"
"2991445593","823214199","0.111111"
"823214199","2991445593","0.111111"
"1495113092","2112432307","3.30952"
"2112432307","1495113092","3.30952"
"1495113092","2291636048","2.38452"
"2291636048","1495113092","2.38452"
"1495113092","2395001144","0.92619"
"2395001144","1495113092","0.92619"
"2112432307","2291636048","2.05952"
"2291636048","2112432307","2.05952"
"2112432307","2395001144","0.72619"
"2395001144","2112432307","0.72619"
"2291636048","2395001144","2.17619"
"2395001144","2291636048","2.17619"
"1495113092","1573754126","1.30119"
"1573754126","1495113092","1.30119"
"1495113092","1966854728","0.375"
"1966854728","1495113092","0.375"
"1495113092","2128290072","0.467857"
"2128290072","1495113092","0.467857"
"1495113092","2138949292","0.125"
"2138949292","1495113092","0.125"
"1495113092","2293186503","0.267857"
"2293186503","1495113092","0.267857"
"1495113092","4129818","0.267857"
"4129818","1495113092","0.267857"
"1495113092","49625090","0.125"
"49625090","1495113092","0.125"
"1573754126","1966854728","0.375"
"1966854728","1573754126","0.375"
"1573754126","2128290072","0.967857"
"2128290072","1573754126","0.967857"
"1573754126","2138949292","0.125"
"2138949292","1573754126","0.125"
"1573754126","2291636048","1.55119"
"2291636048","1573754126","1.55119"
"1573754126","2293186503","0.517857"
"2293186503","1573754126","0.517857"
"1573754126","4129818","0.767857"
"4129818","1573754126","0.767857"
"1573754126","49625090","0.125"
"49625090","1573754126","0.125"
"1966854728","2128290072","0.125"
"2128290072","1966854728","0.125"
"1966854728","2138949292","0.125"
"2138949292","1966854728","0.125"
"1966854728","2291636048","0.875"
"2291636048","1966854728","0.875"
"1966854728","2293186503","0.625"
"2293186503","1966854728","0.625"
"1966854728","4129818","0.125"
"4129818","1966854728","0.125"
"1966854728","49625090","1.125"
"49625090","1966854728","1.125"
"2128290072","2138949292","1.625"
"2138949292","2128290072","1.625"
"2128290072","2291636048","0.967857"
"2291636048","2128290072","0.967857"
"2128290072","2293186503","0.517857"
"2293186503","2128290072","0.517857"
"2128290072","4129818","3.26786"
"4129818","2128290072","3.26786"
"2128290072","49625090","0.125"
"49625090","2128290072","0.125"
"2138949292","2291636048","0.125"
"2291636048","2138949292","0.125"
"2138949292","2293186503","0.125"
"2293186503","2138949292","0.125"
"2138949292","4129818","2.95833"
"4129818","2138949292","2.95833"
"2138949292","49625090","0.125"
"49625090","2138949292","0.125"
"2291636048","2293186503","1.26786"
"2293186503","2291636048","1.26786"
"2291636048","4129818","0.767857"
"4129818","2291636048","0.767857"
"2291636048","49625090","0.125"
"49625090","2291636048","0.125"
"2293186503","4129818","0.517857"
"4129818","2293186503","0.517857"
"2293186503","49625090","0.125"
"49625090","2293186503","0.125"
"4129818","49625090","1.125"
"49625090","4129818","1.125"
"1573754126","2112432307","0.97619"
"2112432307","1573754126","0.97619"
"1573754126","2395001144","0.592857"
"2395001144","1573754126","0.592857"
"2112432307","2128290072","0.142857"
"2128290072","2112432307","0.142857"
"2112432307","2293186503","0.142857"
"2293186503","2112432307","0.142857"
"2112432307","4129818","0.47619"
"4129818","2112432307","0.47619"
"2128290072","2395001144","0.342857"
"2395001144","2128290072","0.342857"
"2293186503","2395001144","0.142857"
"2395001144","2293186503","0.142857"
"2395001144","4129818","0.142857"
"4129818","2395001144","0.142857"
"1495113092","2394996788","0.45"
"2394996788","1495113092","0.45"
"1573754126","2394996788","0.45"
"2394996788","1573754126","0.45"
"2112432307","2394996788","0.25"
"2394996788","2112432307","0.25"
"2394996788","2395001144","3.2"
"2395001144","2394996788","3.2"
"1966854728","2112432307","0.25"
"2112432307","1966854728","0.25"
"2128290072","2394996788","0.2"
"2394996788","2128290072","0.2"
"2291636048","2394996788","0.7"
"2394996788","2291636048","0.7"
"1502314197","1595329567","0.333333"
"1595329567","1502314197","0.333333"
"1502314197","2006250242","0.333333"
"2006250242","1502314197","0.333333"
"1595329567","1834239737","0.583333"
"1834239737","1595329567","0.583333"
"1595329567","2006250242","0.583333"
"2006250242","1595329567","0.583333"
"1502314197","1968032985","0.333333"
"1968032985","1502314197","0.333333"
"1502314197","2107760270","0.333333"
"2107760270","1502314197","0.333333"
"1834239737","1968032985","0.333333"
"1968032985","1834239737","0.333333"
"1834239737","2107760270","0.333333"
"2107760270","1834239737","0.333333"
"1968032985","2107760270","0.333333"
"2107760270","1968032985","0.333333"
"1502314197","823214199","0.25"
"823214199","1502314197","0.25"
"1780820054","823214199","0.25"
"823214199","1780820054","0.25"
"1834239737","823214199","0.25"
"823214199","1834239737","0.25"
"2036014133","823214199","0.25"
"823214199","2036014133","0.25"
"1502767276","2115886503","1.66667"
"2115886503","1502767276","1.66667"
"1502767276","2752054654","1.5"
"2752054654","1502767276","1.5"
"2115886503","2752054654","1.5"
"2752054654","2115886503","1.5"
"1502767276","1602748860","0.166667"
"1602748860","1502767276","0.166667"
"1502767276","2003033664","0.166667"
"2003033664","1502767276","0.166667"
"1502767276","2026599121","0.166667"
"2026599121","1502767276","0.166667"
"1502767276","2032243580","0.666667"
"2032243580","1502767276","0.666667"
"1502767276","2085165557","0.166667"
"2085165557","1502767276","0.166667"
"1602748860","2003033664","1.66667"
"2003033664","1602748860","1.66667"
"1602748860","2026599121","14.6667"
"2026599121","1602748860","14.6667"
"1602748860","2032243580","1.16667"
"2032243580","1602748860","1.16667"
"1602748860","2085165557","0.166667"
"2085165557","1602748860","0.166667"
"1602748860","2115886503","0.166667"
"2115886503","1602748860","0.166667"
"2003033664","2026599121","1.91667"
"2026599121","2003033664","1.91667"
"2003033664","2032243580","1.33333"
"2032243580","2003033664","1.33333"
"2003033664","2085165557","0.166667"
"2085165557","2003033664","0.166667"
"2003033664","2115886503","0.166667"
"2115886503","2003033664","0.166667"
"2026599121","2032243580","3.16667"
"2032243580","2026599121","3.16667"
"2026599121","2085165557","0.166667"
"2085165557","2026599121","0.166667"
"2026599121","2115886503","0.166667"
"2115886503","2026599121","0.166667"
"2032243580","2085165557","0.166667"
"2085165557","2032243580","0.166667"
"2032243580","2115886503","0.166667"
"2115886503","2032243580","0.166667"
"2085165557","2115886503","0.666667"
"2115886503","2085165557","0.666667"
"1502767276","1575577693","0.5"
"1575577693","1502767276","0.5"
"1575577693","2032243580","0.5"
"2032243580","1575577693","0.5"
"1502767276","2035168844","1"
"2035168844","1502767276","1"
"15067173","2295752414","1"
"2295752414","15067173","1"
"1508027243","2016886335","1.33333"
"2016886335","1508027243","1.33333"
"1508027243","2951120592","0.333333"
"2951120592","1508027243","0.333333"
"1508027243","50815538","1.33333"
"50815538","1508027243","1.33333"
"2016886335","2951120592","0.583333"
"2951120592","2016886335","0.583333"
"2016886335","50815538","0.333333"
"50815538","2016886335","0.333333"
"2951120592","50815538","0.333333"
"50815538","2951120592","0.333333"
"1508027243","2285121548","0.5"
"2285121548","1508027243","0.5"
"1508027243","2612818011","0.5"
"2612818011","1508027243","0.5"
"153182319","1533367756","0.753571"
"1533367756","153182319","0.753571"
"153182319","2043958324","1.0869"
"2043958324","153182319","1.0869"
"153182319","2107418220","0.325"
"2107418220","153182319","0.325"
"153182319","2119050385","0.325"
"2119050385","153182319","0.325"
"153182319","2153160273","0.325"
"2153160273","153182319","0.325"
"1533367756","2043958324","1.03929"
"2043958324","1533367756","1.03929"
"1533367756","2107418220","0.610714"
"2107418220","1533367756","0.610714"
"1533367756","2119050385","0.467857"
"2119050385","1533367756","0.467857"
"1533367756","2153160273","0.325"
"2153160273","1533367756","0.325"
"2043958324","2107418220","0.860714"
"2107418220","2043958324","0.860714"
"2043958324","2119050385","0.717857"
"2119050385","2043958324","0.717857"
"2043958324","2153160273","0.825"
"2153160273","2043958324","0.825"
"2107418220","2119050385","12.694"
"2119050385","2107418220","12.694"
"2107418220","2153160273","1.46786"
"2153160273","2107418220","1.46786"
"2119050385","2153160273","1.13452"
"2153160273","2119050385","1.13452"
"153182319","1897896573","0.744048"
"1897896573","153182319","0.744048"
"153182319","2036461974","0.886905"
"2036461974","153182319","0.886905"
"153182319","2150929954","0.553571"
"2150929954","153182319","0.553571"
"1533367756","1897896573","0.410714"
"1897896573","1533367756","0.410714"
"1533367756","2036461974","0.946429"
"2036461974","1533367756","0.946429"
"1533367756","2150929954","0.946429"
"2150929954","1533367756","0.946429"
"1897896573","2036461974","1.24405"
"2036461974","1897896573","1.24405"
"1897896573","2043958324","6.57738"
"2043958324","1897896573","6.57738"
"1897896573","2107418220","0.125"
"2107418220","1897896573","0.125"
"1897896573","2119050385","0.125"
"2119050385","1897896573","0.125"
"1897896573","2150929954","0.410714"
"2150929954","1897896573","0.410714"
"1897896573","2153160273","1.125"
"2153160273","1897896573","1.125"
"2036461974","2043958324","3.6131"
"2043958324","2036461974","3.6131"
"2036461974","2107418220","0.910714"
"2107418220","2036461974","0.910714"
"2036461974","2119050385","0.910714"
"2119050385","2036461974","0.910714"
"2036461974","2150929954","0.946429"
"2150929954","2036461974","0.946429"
"2036461974","2153160273","1.26786"
"2153160273","2036461974","1.26786"
"2043958324","2150929954","0.696429"
"2150929954","2043958324","0.696429"
"2107418220","2150929954","2.85119"
"2150929954","2107418220","2.85119"
"2119050385","2150929954","1.85119"
"2150929954","2119050385","1.85119"
"2150929954","2153160273","0.791667"
"2153160273","2150929954","0.791667"
"153182319","1968032985","0.428571"
"1968032985","153182319","0.428571"
"153182319","2101748181","0.428571"
"2101748181","153182319","0.428571"
"153182319","2520738984","0.142857"
"2520738984","153182319","0.142857"
"1533367756","1968032985","0.428571"
"1968032985","1533367756","0.428571"
"1533367756","2101748181","0.821429"
"2101748181","1533367756","0.821429"
"1533367756","2520738984","0.142857"
"2520738984","1533367756","0.142857"
"1968032985","2036461974","0.928571"
"2036461974","1968032985","0.928571"
"1968032985","2043958324","0.428571"
"2043958324","1968032985","0.428571"
"1968032985","2101748181","1.2619"
"2101748181","1968032985","1.2619"
"1968032985","2150929954","0.428571"
"2150929954","1968032985","0.428571"
"1968032985","2520738984","0.142857"
"2520738984","1968032985","0.142857"
"2036461974","2101748181","8.54762"
"2101748181","2036461974","8.54762"
"2036461974","2520738984","0.642857"
"2520738984","2036461974","0.642857"
"2043958324","2101748181","0.571429"
"2101748181","2043958324","0.571429"
"2043958324","2520738984","0.142857"
"2520738984","2043958324","0.142857"
"2101748181","2150929954","1.40476"
"2150929954","2101748181","1.40476"
"2101748181","2520738984","0.142857"
"2520738984","2101748181","0.142857"
"2150929954","2520738984","0.142857"
"2520738984","2150929954","0.142857"
"1897896573","1968032985","0.285714"
"1968032985","1897896573","0.285714"
"1897896573","2101748181","0.285714"
"2101748181","1897896573","0.285714"
"1533367756","2043019372","0.392857"
"2043019372","1533367756","0.392857"
"2036461974","2043019372","0.25"
"2043019372","2036461974","0.25"
"2043019372","2101748181","0.25"
"2101748181","2043019372","0.25"
"2043019372","2150929954","0.25"
"2150929954","2043019372","0.25"
"1533367756","2036035006","0.142857"
"2036035006","1533367756","0.142857"
"2036035006","2036461974","0.142857"
"2036461974","2036035006","0.142857"
"2036035006","2043958324","0.142857"
"2043958324","2036035006","0.142857"
"2036035006","2101748181","0.392857"
"2101748181","2036035006","0.392857"
"2036035006","2107418220","2.22619"
"2107418220","2036035006","2.22619"
"2036035006","2119050385","1.22619"
"2119050385","2036035006","1.22619"
"2036035006","2150929954","0.392857"
"2150929954","2036035006","0.392857"
"2101748181","2107418220","2.28571"
"2107418220","2101748181","2.28571"
