"1484330506","2019942346","1.41786"
"2019942346","1484330506","1.41786"
"1484330506","2021608999","0.366667"
"2021608999","1484330506","0.366667"
"1484330506","2054676729","0.834524"
"2054676729","1484330506","0.834524"
"1484330506","2094190061","1.09286"
"2094190061","1484330506","1.09286"
"1484330506","2099620277","0.634524"
"2099620277","1484330506","0.634524"
"1484330506","2151172507","1.41786"
"2151172507","1484330506","1.41786"
"2019942346","2021608999","1.75952"
"2021608999","2019942346","1.75952"
"2019942346","2054676729","12.2274"
"2054676729","2019942346","12.2274"
"2019942346","2094190061","5.90238"
"2094190061","2019942346","5.90238"
"2019942346","2099620277","1.63452"
"2099620277","2019942346","1.63452"
"2019942346","2151172507","6.47738"
"2151172507","2019942346","6.47738"
"2021608999","2054676729","0.509524"
"2054676729","2021608999","0.509524"
"2021608999","2094190061","9.09286"
"2094190061","2021608999","9.09286"
"2021608999","2099620277","0.166667"
"2099620277","2021608999","0.166667"
"2021608999","2151172507","0.509524"
"2151172507","2021608999","0.509524"
"2054676729","2094190061","1.56905"
"2094190061","2054676729","1.56905"
"2054676729","2099620277","1.63452"
"2099620277","2054676729","1.63452"
"2054676729","2151172507","5.39405"
"2151172507","2054676729","5.39405"
"2094190061","2099620277","1.89286"
"2099620277","2094190061","1.89286"
"2094190061","2151172507","3.31905"
"2151172507","2094190061","3.31905"
"2099620277","2151172507","1.30119"
"2151172507","2099620277","1.30119"
"1484330506","2022006917","0.467857"
"2022006917","1484330506","0.467857"
"1484330506","2093990026","0.517857"
"2093990026","1484330506","0.517857"
"2019942346","2022006917","1.55119"
"2022006917","2019942346","1.55119"
"2019942346","2093990026","0.934524"
"2093990026","2019942346","0.934524"
"2022006917","2054676729","1.55119"
"2054676729","2022006917","1.55119"
"2022006917","2093990026","0.684524"
"2093990026","2022006917","0.684524"
"2022006917","2094190061","0.642857"
"2094190061","2022006917","0.642857"
"2022006917","2099620277","0.634524"
"2099620277","2022006917","0.634524"
"2022006917","2151172507","1.55119"
"2151172507","2022006917","1.55119"
"2054676729","2093990026","0.684524"
"2093990026","2054676729","0.684524"
"2093990026","2094190061","0.392857"
"2094190061","2093990026","0.392857"
"2093990026","2099620277","0.434524"
"2099620277","2093990026","0.434524"
"2093990026","2151172507","0.934524"
"2151172507","2093990026","0.934524"
"1484330506","2082055394","0.125"
"2082055394","1484330506","0.125"
"1484330506","2132314908","0.125"
"2132314908","1484330506","0.125"
"2019942346","2082055394","0.125"
"2082055394","2019942346","0.125"
"2019942346","2132314908","1.01786"
"2132314908","2019942346","1.01786"
"2022006917","2082055394","0.125"
"2082055394","2022006917","0.125"
"2022006917","2132314908","0.125"
"2132314908","2022006917","0.125"
"2054676729","2082055394","0.125"
"2082055394","2054676729","0.125"
"2054676729","2132314908","0.517857"
"2132314908","2054676729","0.517857"
"2082055394","2093990026","0.125"
"2093990026","2082055394","0.125"
"2082055394","2099620277","0.125"
"2099620277","2082055394","0.125"
"2082055394","2132314908","2.47083"
"2132314908","2082055394","2.47083"
"2082055394","2151172507","0.125"
"2151172507","2082055394","0.125"
"2093990026","2132314908","0.125"
"2132314908","2093990026","0.125"
"2099620277","2132314908","0.708333"
"2132314908","2099620277","0.708333"
"2132314908","2151172507","0.517857"
"2151172507","2132314908","0.517857"
"1547627874","1912275919","0.1"
"1912275919","1547627874","0.1"
"1547627874","1984070542","0.1"
"1984070542","1547627874","0.1"
"1547627874","2002157036","0.1"
"2002157036","1547627874","0.1"
"1547627874","2033681837","0.1"
"2033681837","1547627874","0.1"
"1547627874","2035512259","0.1"
"2035512259","1547627874","0.1"
"1547627874","2062626555","0.1"
"2062626555","1547627874","0.1"
"1547627874","2070507812","0.1"
"2070507812","1547627874","0.1"
"1547627874","2116566885","0.1"
"2116566885","1547627874","0.1"
"1547627874","2121854496","0.1"
"2121854496","1547627874","0.1"
"1547627874","7157229","0.1"
"7157229","1547627874","0.1"
"1912275919","1984070542","0.1"
"1984070542","1912275919","0.1"
"1912275919","2002157036","0.1"
"2002157036","1912275919","0.1"
"1912275919","2033681837","0.1"
"2033681837","1912275919","0.1"
"1912275919","2035512259","0.1"
"2035512259","1912275919","0.1"
"1912275919","2062626555","0.1"
"2062626555","1912275919","0.1"
"1912275919","2070507812","0.1"
"2070507812","1912275919","0.1"
"1912275919","2116566885","0.266667"
"2116566885","1912275919","0.266667"
"1912275919","2121854496","0.1"
"2121854496","1912275919","0.1"
"1912275919","7157229","0.266667"
"7157229","1912275919","0.266667"
"1984070542","2002157036","0.6"
"2002157036","1984070542","0.6"
"1984070542","2033681837","6.76667"
"2033681837","1984070542","6.76667"
"1984070542","2035512259","0.1"
"2035512259","1984070542","0.1"
"1984070542","2062626555","0.1"
"2062626555","1984070542","0.1"
"1984070542","2070507812","0.1"
"2070507812","1984070542","0.1"
"1984070542","2116566885","0.1"
"2116566885","1984070542","0.1"
"1984070542","2121854496","0.1"
"2121854496","1984070542","0.1"
"1984070542","7157229","0.1"
"7157229","1984070542","0.1"
"2002157036","2033681837","0.1"
"2033681837","2002157036","0.1"
"2002157036","2035512259","0.1"
"2035512259","2002157036","0.1"
"2002157036","2062626555","9.6"
"2062626555","2002157036","9.6"
"2002157036","2070507812","0.1"
"2070507812","2002157036","0.1"
"2002157036","2116566885","0.433333"
"2116566885","2002157036","0.433333"
"2002157036","2121854496","0.266667"
"2121854496","2002157036","0.266667"
"2002157036","7157229","0.1"
"7157229","2002157036","0.1"
"2033681837","2035512259","0.1"
"2035512259","2033681837","0.1"
"2033681837","2062626555","0.1"
"2062626555","2033681837","0.1"
"2033681837","2070507812","0.1"
"2070507812","2033681837","0.1"
"2033681837","2116566885","0.1"
"2116566885","2033681837","0.1"
"2033681837","2121854496","0.1"
"2121854496","2033681837","0.1"
"2033681837","7157229","0.1"
"7157229","2033681837","0.1"
"2035512259","2062626555","0.1"
"2062626555","2035512259","0.1"
"2035512259","2070507812","0.1"
"2070507812","2035512259","0.1"
"2035512259","2116566885","0.1"
"2116566885","2035512259","0.1"
"2035512259","2121854496","0.35"
"2121854496","2035512259","0.35"
"2035512259","7157229","0.3"
"7157229","2035512259","0.3"
"2062626555","2070507812","0.1"
"2070507812","2062626555","0.1"
"2062626555","2116566885","0.1"
"2116566885","2062626555","0.1"
"2062626555","2121854496","0.266667"
"2121854496","2062626555","0.266667"
"2062626555","7157229","0.1"
"7157229","2062626555","0.1"
"2070507812","2116566885","0.1"
"2116566885","2070507812","0.1"
"2070507812","2121854496","0.1"
"2121854496","2070507812","0.1"
"2070507812","7157229","1.1"
"7157229","2070507812","1.1"
"2116566885","2121854496","0.242857"
"2121854496","2116566885","0.242857"
"2116566885","7157229","0.766667"
"7157229","2116566885","0.766667"
"2121854496","7157229","0.35"
"7157229","2121854496","0.35"
"1547627874","2114006712","3.5"
"2114006712","1547627874","3.5"
"1547627874","1593107030","0.5"
"1593107030","1547627874","0.5"
"1547627874","2094144755","0.5"
"2094144755","1547627874","0.5"
"1593107030","2094144755","0.5"
"2094144755","1593107030","0.5"
"1547627874","1988720020","0.5"
"1988720020","1547627874","0.5"
"1988720020","2114006712","0.5"
"2114006712","1988720020","0.5"
"1570431431","2056081579","5.41667"
"2056081579","1570431431","5.41667"
"1570431431","2147671191","4.91667"
"2147671191","1570431431","4.91667"
"2056081579","2147671191","6.89286"
"2147671191","2056081579","6.89286"
"1570431431","2121854496","1.41667"
"2121854496","1570431431","1.41667"
"1570431431","7157229","0.25"
"7157229","1570431431","0.25"
"2056081579","2121854496","1.30952"
"2121854496","2056081579","1.30952"
"2056081579","7157229","0.25"
"7157229","2056081579","0.25"
"2121854496","2147671191","1.55952"
"2147671191","2121854496","1.55952"
"2147671191","7157229","0.25"
"7157229","2147671191","0.25"
"1593107030","1984070542","0.142857"
"1984070542","1593107030","0.142857"
"1593107030","2019406253","0.142857"
"2019406253","1593107030","0.142857"
"1593107030","2342707026","0.142857"
"2342707026","1593107030","0.142857"
"1593107030","2546705495","0.142857"
"2546705495","1593107030","0.142857"
"1593107030","2576107865","0.142857"
"2576107865","1593107030","0.142857"
"1593107030","2585936885","0.142857"
"2585936885","1593107030","0.142857"
"1593107030","2949286092","0.142857"
"2949286092","1593107030","0.142857"
"1984070542","2019406253","0.142857"
"2019406253","1984070542","0.142857"
"1984070542","2342707026","0.142857"
"2342707026","1984070542","0.142857"
"1984070542","2546705495","0.142857"
"2546705495","1984070542","0.142857"
"1984070542","2576107865","0.142857"
"2576107865","1984070542","0.142857"
"1984070542","2585936885","0.142857"
"2585936885","1984070542","0.142857"
"1984070542","2949286092","0.142857"
"2949286092","1984070542","0.142857"
"2019406253","2342707026","1.17619"
"2342707026","2019406253","1.17619"
"2019406253","2546705495","0.142857"
"2546705495","2019406253","0.142857"
"2019406253","2576107865","0.142857"
"2576107865","2019406253","0.142857"
"2019406253","2585936885","28.819"
"2585936885","2019406253","28.819"
"2019406253","2949286092","0.642857"
"2949286092","2019406253","0.642857"
"2342707026","2546705495","0.142857"
"2546705495","2342707026","0.142857"
"2342707026","2576107865","0.142857"
"2576107865","2342707026","0.142857"
"2342707026","2585936885","2.00952"
"2585936885","2342707026","2.00952"
"2342707026","2949286092","8.9373"
"2949286092","2342707026","8.9373"
"2546705495","2576107865","0.142857"
"2576107865","2546705495","0.142857"
"2546705495","2585936885","0.142857"
"2585936885","2546705495","0.142857"
"2546705495","2949286092","0.142857"
"2949286092","2546705495","0.142857"
"2576107865","2585936885","0.142857"
"2585936885","2576107865","0.142857"
"2576107865","2949286092","0.142857"
"2949286092","2576107865","0.142857"
"2585936885","2949286092","0.97619"
"2949286092","2585936885","0.97619"
"1616993132","1970977883","1.29861"
"1970977883","1616993132","1.29861"
"1616993132","2029009258","0.920833"
"2029009258","1616993132","0.920833"
"1616993132","2106532293","0.719444"
"2106532293","1616993132","0.719444"
"1616993132","2953140273","16.7165"
"2953140273","1616993132","16.7165"
"1970977883","2029009258","6.97083"
"2029009258","1970977883","6.97083"
"1970977883","2106532293","1.85278"
"2106532293","1970977883","1.85278"
"1970977883","2953140273","0.673611"
"2953140273","1970977883","0.673611"
"2029009258","2106532293","3.80833"
"2106532293","2029009258","3.80833"
"2029009258","2953140273","0.795833"
"2953140273","2029009258","0.795833"
"2106532293","2953140273","0.594444"
"2953140273","2106532293","0.594444"
"1616993132","1988613011","3.11528"
"1988613011","1616993132","3.11528"
"1616993132","1965372953","0.833333"
"1965372953","1616993132","0.833333"
"1616993132","1967676648","0.854167"
"1967676648","1616993132","0.854167"
"1616993132","2073887333","0.833333"
"2073887333","1616993132","0.833333"
"1965372953","1967676648","0.333333"
"1967676648","1965372953","0.333333"
"1965372953","2073887333","0.333333"
"2073887333","1965372953","0.333333"
"1967676648","2073887333","0.333333"
"2073887333","1967676648","0.333333"
"1616993132","2020313144","0.504167"
"2020313144","1616993132","0.504167"
"1616993132","2026430213","0.545833"
"2026430213","1616993132","0.545833"
"1616993132","2082055394","1.00417"
"2082055394","1616993132","1.00417"
"1616993132","2185885129","0.323611"
"2185885129","1616993132","0.323611"
"1616993132","2342707026","0.906944"
"2342707026","1616993132","0.906944"
"1616993132","2531355666","0.7125"
"2531355666","1616993132","0.7125"
"1616993132","2782730635","0.483333"
"2782730635","1616993132","0.483333"
"1616993132","2949286092","0.511111"
"2949286092","1616993132","0.511111"
"1970977883","1988613011","1.88194"
"1988613011","1970977883","1.88194"
"1970977883","2020313144","0.520833"
"2020313144","1970977883","0.520833"
"1970977883","2026430213","0.595833"
"2026430213","1970977883","0.595833"
"1970977883","2082055394","0.720833"
"2082055394","1970977883","0.720833"
"1970977883","2185885129","0.456944"
"2185885129","1970977883","0.456944"
"1970977883","2342707026","0.256944"
"2342707026","1970977883","0.256944"
"1970977883","2531355666","0.145833"
"2531355666","1970977883","0.145833"
"1970977883","2782730635","0.0833333"
"2782730635","1970977883","0.0833333"
"1970977883","2949286092","0.194444"
"2949286092","1970977883","0.194444"
"1988613011","2020313144","0.3375"
"2020313144","1988613011","0.3375"
"1988613011","2026430213","0.629167"
"2026430213","1988613011","0.629167"
"1988613011","2029009258","2.50417"
"2029009258","1988613011","2.50417"
"1988613011","2082055394","1.50417"
"2082055394","1988613011","1.50417"
"1988613011","2185885129","0.323611"
"2185885129","1988613011","0.323611"
"1988613011","2342707026","0.323611"
"2342707026","1988613011","0.323611"
"1988613011","2531355666","0.379167"
"2531355666","1988613011","0.379167"
"1988613011","2782730635","0.15"
"2782730635","1988613011","0.15"
"1988613011","2949286092","0.261111"
"2949286092","1988613011","0.261111"
"1988613011","2953140273","1.49028"
"2953140273","1988613011","1.49028"
"2020313144","2026430213","2.64702"
"2026430213","2020313144","2.64702"
"2020313144","2029009258","1.8375"
"2029009258","2020313144","1.8375"
"2020313144","2082055394","1.77202"
"2082055394","2020313144","1.77202"
"2020313144","2185885129","0.4625"
"2185885129","2020313144","0.4625"
"2020313144","2342707026","0.2125"
"2342707026","2020313144","0.2125"
"2020313144","2531355666","0.2125"
"2531355666","2020313144","0.2125"
"2020313144","2782730635","0.15"
"2782730635","2020313144","0.15"
"2020313144","2949286092","0.15"
"2949286092","2020313144","0.15"
"2020313144","2953140273","0.379167"
"2953140273","2020313144","0.379167"
"2026430213","2029009258","1.07917"
"2029009258","2026430213","1.07917"
"2026430213","2082055394","4.79702"
"2082055394","2026430213","4.79702"
"2026430213","2185885129","0.6625"
"2185885129","2026430213","0.6625"
"2026430213","2342707026","0.2125"
"2342707026","2026430213","0.2125"
"2026430213","2531355666","0.379167"
"2531355666","2026430213","0.379167"
"2026430213","2782730635","0.15"
"2782730635","2026430213","0.15"
"2026430213","2949286092","0.15"
"2949286092","2026430213","0.15"
"2026430213","2953140273","0.545833"
"2953140273","2026430213","0.545833"
"2029009258","2082055394","1.20417"
"2082055394","2029009258","1.20417"
"2029009258","2185885129","0.6625"
"2185885129","2029009258","0.6625"
"2029009258","2342707026","0.2125"
"2342707026","2029009258","0.2125"
"2029009258","2531355666","0.379167"
"2531355666","2029009258","0.379167"
"2029009258","2782730635","0.15"
"2782730635","2029009258","0.15"
"2029009258","2949286092","0.15"
"2949286092","2029009258","0.15"
"2082055394","2185885129","0.6625"
"2185885129","2082055394","0.6625"
"2082055394","2342707026","0.2125"
"2342707026","2082055394","0.2125"
"2082055394","2531355666","1.37917"
"2531355666","2082055394","1.37917"
"2082055394","2782730635","0.15"
"2782730635","2082055394","0.15"
"2082055394","2949286092","0.15"
"2949286092","2082055394","0.15"
"2082055394","2953140273","0.545833"
"2953140273","2082055394","0.545833"
"2185885129","2342707026","0.323611"
"2342707026","2185885129","0.323611"
"2185885129","2531355666","0.2125"
"2531355666","2185885129","0.2125"
"2185885129","2782730635","0.15"
"2782730635","2185885129","0.15"
"2185885129","2949286092","0.261111"
"2949286092","2185885129","0.261111"
"2185885129","2953140273","0.323611"
"2953140273","2185885129","0.323611"
"2342707026","2531355666","2.12917"
"2531355666","2342707026","2.12917"
"2342707026","2782730635","3.68333"
"2782730635","2342707026","3.68333"
"2342707026","2953140273","0.573611"
"2953140273","2342707026","0.573611"
"2531355666","2782730635","11.0667"
"2782730635","2531355666","11.0667"
"2531355666","2949286092","1.23333"
"2949286092","2531355666","1.23333"
"2531355666","2953140273","0.379167"
"2953140273","2531355666","0.379167"
"2782730635","2949286092","1.81667"
"2949286092","2782730635","1.81667"
"2782730635","2953140273","0.15"
"2953140273","2782730635","0.15"
"2949286092","2953140273","0.511111"
"2953140273","2949286092","0.511111"
"1965372953","2953140273","0.5"
"2953140273","1965372953","0.5"
"1616993132","2021608999","1.22619"
"2021608999","1616993132","1.22619"
"1616993132","2094190061","1.22619"
"2094190061","1616993132","1.22619"
"2020313144","2021608999","0.166667"
"2021608999","2020313144","0.166667"
"2020313144","2094190061","0.166667"
"2094190061","2020313144","0.166667"
"2021608999","2026430213","0.166667"
"2026430213","2021608999","0.166667"
"2021608999","2082055394","0.166667"
"2082055394","2021608999","0.166667"
"2021608999","2953140273","1.22619"
"2953140273","2021608999","1.22619"
"2026430213","2094190061","0.166667"
"2094190061","2026430213","0.166667"
"2082055394","2094190061","0.166667"
"2094190061","2082055394","0.166667"
"2094190061","2953140273","1.22619"
"2953140273","2094190061","1.22619"
"1616993132","1685426458","0.25"
"1685426458","1616993132","0.25"
"1685426458","2342707026","1.25"
"2342707026","1685426458","1.25"
"1685426458","2949286092","0.25"
"2949286092","1685426458","0.25"
"1685426458","2953140273","0.25"
"2953140273","1685426458","0.25"
"1616993132","2002157036","0.5"
"2002157036","1616993132","0.5"
"2002157036","2953140273","0.5"
"2953140273","2002157036","0.5"
"1616993132","299870200","0.254167"
"299870200","1616993132","0.254167"
"1967676648","1970977883","0.1875"
"1970977883","1967676648","0.1875"
"1967676648","1988613011","1.1875"
"1988613011","1967676648","1.1875"
"1967676648","2020313144","0.1875"
"2020313144","1967676648","0.1875"
"1967676648","2029009258","0.1875"
"2029009258","1967676648","0.1875"
"1967676648","2082055394","0.770833"
"2082055394","1967676648","0.770833"
"1967676648","2106532293","0.125"
"2106532293","1967676648","0.125"
"1967676648","299870200","0.1875"
"299870200","1967676648","0.1875"
"1970977883","299870200","0.1875"
"299870200","1970977883","0.1875"
"1988613011","2106532293","0.469444"
"2106532293","1988613011","0.469444"
"1988613011","299870200","0.254167"
"299870200","1988613011","0.254167"
"2020313144","2106532293","0.191667"
"2106532293","2020313144","0.191667"
"2020313144","299870200","1.02202"
"299870200","2020313144","1.02202"
"2029009258","299870200","0.254167"
"299870200","2029009258","0.254167"
"2082055394","2106532293","0.391667"
"2106532293","2082055394","0.391667"
"2082055394","299870200","2.52202"
"299870200","2082055394","2.52202"
"2106532293","299870200","0.191667"
"299870200","2106532293","0.191667"
"1616993132","2132314908","1.70536"
"2132314908","1616993132","1.70536"
"1616993132","1878790362","0.111111"
"1878790362","1616993132","0.111111"
"1616993132","2014849898","0.111111"
"2014849898","1616993132","0.111111"
"1878790362","1970977883","0.111111"
"1970977883","1878790362","0.111111"
"1878790362","1988613011","0.111111"
"1988613011","1878790362","0.111111"
"1878790362","2014849898","0.111111"
"2014849898","1878790362","0.111111"
"1878790362","2106532293","0.111111"
"2106532293","1878790362","0.111111"
"1878790362","2185885129","0.111111"
"2185885129","1878790362","0.111111"
"1878790362","2342707026","0.111111"
"2342707026","1878790362","0.111111"
"1878790362","2949286092","0.111111"
"2949286092","1878790362","0.111111"
"1878790362","2953140273","0.111111"
"2953140273","1878790362","0.111111"
"1970977883","2014849898","0.944444"
"2014849898","1970977883","0.944444"
"1988613011","2014849898","0.444444"
"2014849898","1988613011","0.444444"
"2014849898","2106532293","0.111111"
"2106532293","2014849898","0.111111"
"2014849898","2185885129","0.111111"
"2185885129","2014849898","0.111111"
"2014849898","2342707026","0.111111"
"2342707026","2014849898","0.111111"
"2014849898","2949286092","0.111111"
"2949286092","2014849898","0.111111"
"2014849898","2953140273","0.111111"
"2953140273","2014849898","0.111111"
"2106532293","2185885129","0.377778"
"2185885129","2106532293","0.377778"
"2106532293","2342707026","0.177778"
"2342707026","2106532293","0.177778"
"2106532293","2949286092","0.177778"
"2949286092","2106532293","0.177778"
"1616993132","2094144755","0.166667"
"2094144755","1616993132","0.166667"
"1970977883","2094144755","0.166667"
"2094144755","1970977883","0.166667"
"1988613011","2094144755","0.166667"
"2094144755","1988613011","0.166667"
"2029009258","2094144755","0.166667"
"2094144755","2029009258","0.166667"
"2094144755","2106532293","0.166667"
"2106532293","2094144755","0.166667"
"2094144755","2953140273","0.166667"
"2953140273","2094144755","0.166667"
"2132314908","2953140273","0.705357"
"2953140273","2132314908","0.705357"
"1616993132","2012214630","0.333333"
"2012214630","1616993132","0.333333"
"1967676648","2012214630","0.333333"
"2012214630","1967676648","0.333333"
"2012214630","2082055394","0.967857"
"2082055394","2012214630","0.967857"
"1616993132","2053100920","0.0625"
"2053100920","1616993132","0.0625"
"1616993132","2158255858","0.0625"
"2158255858","1616993132","0.0625"
"1616993132","2167260896","0.0625"
"2167260896","1616993132","0.0625"
"1967676648","2026430213","0.3125"
"2026430213","1967676648","0.3125"
"1967676648","2053100920","0.0625"
"2053100920","1967676648","0.0625"
"1967676648","2132314908","0.3125"
"2132314908","1967676648","0.3125"
"1967676648","2158255858","0.3125"
"2158255858","1967676648","0.3125"
"1967676648","2167260896","0.0625"
"2167260896","1967676648","0.0625"
"1967676648","2185885129","0.0625"
"2185885129","1967676648","0.0625"
"1967676648","2342707026","0.0625"
"2342707026","1967676648","0.0625"
"1967676648","2531355666","0.0625"
"2531355666","1967676648","0.0625"
"1967676648","2953140273","0.0625"
"2953140273","1967676648","0.0625"
"1970977883","2053100920","0.0625"
"2053100920","1970977883","0.0625"
"1970977883","2132314908","0.0625"
"2132314908","1970977883","0.0625"
"1970977883","2158255858","0.0625"
"2158255858","1970977883","0.0625"
"1970977883","2167260896","0.0625"
"2167260896","1970977883","0.0625"
"1988613011","2053100920","0.3125"
"2053100920","1988613011","0.3125"
"1988613011","2132314908","0.3125"
"2132314908","1988613011","0.3125"
"1988613011","2158255858","0.0625"
"2158255858","1988613011","0.0625"
"1988613011","2167260896","1.0625"
"2167260896","1988613011","1.0625"
"2020313144","2053100920","0.0625"
"2053100920","2020313144","0.0625"
"2020313144","2132314908","0.0625"
"2132314908","2020313144","0.0625"
"2020313144","2158255858","0.330357"
"2158255858","2020313144","0.330357"
"2020313144","2167260896","0.0625"
"2167260896","2020313144","0.0625"
"2026430213","2053100920","0.3125"
"2053100920","2026430213","0.3125"
"2026430213","2132314908","2.34583"
"2132314908","2026430213","2.34583"
"2026430213","2158255858","2.36369"
"2158255858","2026430213","2.36369"
"2026430213","2167260896","0.0625"
"2167260896","2026430213","0.0625"
"2026430213","299870200","0.897024"
"299870200","2026430213","0.897024"
"2029009258","2053100920","0.0625"
"2053100920","2029009258","0.0625"
"2029009258","2132314908","0.0625"
"2132314908","2029009258","0.0625"
"2029009258","2158255858","0.0625"
"2158255858","2029009258","0.0625"
"2029009258","2167260896","0.0625"
"2167260896","2029009258","0.0625"
"2053100920","2082055394","1.0625"
"2082055394","2053100920","1.0625"
"2053100920","2132314908","0.3125"
"2132314908","2053100920","0.3125"
"2053100920","2158255858","0.0625"
"2158255858","2053100920","0.0625"
"2053100920","2167260896","0.0625"
"2167260896","2053100920","0.0625"
"2053100920","2185885129","0.0625"
"2185885129","2053100920","0.0625"
"2053100920","2342707026","0.395833"
"2342707026","2053100920","0.395833"
"2053100920","2531355666","0.0625"
"2531355666","2053100920","0.0625"
"2053100920","2953140273","0.0625"
"2953140273","2053100920","0.0625"
"2053100920","299870200","0.0625"
"299870200","2053100920","0.0625"
"2082055394","2158255858","1.11369"
"2158255858","2082055394","1.11369"
"2082055394","2167260896","0.0625"
"2167260896","2082055394","0.0625"
"2132314908","2158255858","1.09583"
"2158255858","2132314908","1.09583"
"2132314908","2167260896","0.0625"
"2167260896","2132314908","0.0625"
"2132314908","2185885129","0.0625"
"2185885129","2132314908","0.0625"
"2132314908","2342707026","0.0625"
"2342707026","2132314908","0.0625"
"2132314908","2531355666","0.395833"
"2531355666","2132314908","0.395833"
"2132314908","299870200","0.0625"
"299870200","2132314908","0.0625"
"2158255858","2167260896","0.229167"
"2167260896","2158255858","0.229167"
"2158255858","2185885129","0.0625"
"2185885129","2158255858","0.0625"
"2158255858","2342707026","0.0625"
"2342707026","2158255858","0.0625"
"2158255858","2531355666","0.0625"
"2531355666","2158255858","0.0625"
"2158255858","2953140273","0.0625"
"2953140273","2158255858","0.0625"
"2158255858","299870200","0.330357"
"299870200","2158255858","0.330357"
"2167260896","2185885129","0.0625"
"2185885129","2167260896","0.0625"
"2167260896","2342707026","0.0625"
"2342707026","2167260896","0.0625"
"2167260896","2531355666","0.0625"
"2531355666","2167260896","0.0625"
"2167260896","2953140273","0.0625"
"2953140273","2167260896","0.0625"
"2167260896","299870200","0.0625"
"299870200","2167260896","0.0625"
"2185885129","299870200","0.129167"
"299870200","2185885129","0.129167"
"2342707026","299870200","0.129167"
"299870200","2342707026","0.129167"
"2531355666","299870200","0.129167"
"299870200","2531355666","0.129167"
"2953140273","299870200","0.129167"
"299870200","2953140273","0.129167"
"2073887333","2953140273","0.5"
"2953140273","2073887333","0.5"
"1616993132","2329317691","0.333333"
"2329317691","1616993132","0.333333"
"1988613011","2329317691","1.33333"
"2329317691","1988613011","1.33333"
"2329317691","2953140273","0.333333"
"2953140273","2329317691","0.333333"
"1616993132","2580079839","0.0666667"
"2580079839","1616993132","0.0666667"
"1616993132","2950171659","0.0666667"
"2950171659","1616993132","0.0666667"
"1988613011","2580079839","0.0666667"
"2580079839","1988613011","0.0666667"
"1988613011","2950171659","0.0666667"
"2950171659","1988613011","0.0666667"
"2020313144","2580079839","0.0666667"
"2580079839","2020313144","0.0666667"
"2020313144","2950171659","0.0666667"
"2950171659","2020313144","0.0666667"
"2026430213","2106532293","0.266667"
"2106532293","2026430213","0.266667"
"2026430213","2580079839","0.0666667"
"2580079839","2026430213","0.0666667"
"2026430213","2950171659","0.0666667"
"2950171659","2026430213","0.0666667"
"2029009258","2580079839","0.566667"
"2580079839","2029009258","0.566667"
"2029009258","2950171659","0.0666667"
"2950171659","2029009258","0.0666667"
"2082055394","2580079839","0.0666667"
"2580079839","2082055394","0.0666667"
"2082055394","2950171659","0.0666667"
"2950171659","2082055394","0.0666667"
"2106532293","2531355666","0.0666667"
"2531355666","2106532293","0.0666667"
"2106532293","2580079839","0.0666667"
"2580079839","2106532293","0.0666667"
"2106532293","2782730635","0.0666667"
"2782730635","2106532293","0.0666667"
"2106532293","2950171659","0.0666667"
"2950171659","2106532293","0.0666667"
"2185885129","2580079839","0.0666667"
"2580079839","2185885129","0.0666667"
"2185885129","2950171659","0.0666667"
"2950171659","2185885129","0.0666667"
"2342707026","2580079839","0.316667"
"2580079839","2342707026","0.316667"
"2342707026","2950171659","0.566667"
"2950171659","2342707026","0.566667"
"2531355666","2580079839","1.81667"
"2580079839","2531355666","1.81667"
"2531355666","2950171659","3.9"
"2950171659","2531355666","3.9"
"2580079839","2782730635","0.316667"
"2782730635","2580079839","0.316667"
"2580079839","2949286092","0.316667"
"2949286092","2580079839","0.316667"
"2580079839","2950171659","0.566667"
"2950171659","2580079839","0.566667"
"2580079839","2953140273","0.0666667"
"2953140273","2580079839","0.0666667"
"2580079839","299870200","0.0666667"
"299870200","2580079839","0.0666667"
"2782730635","2950171659","1.56667"
"2950171659","2782730635","1.56667"
"2782730635","299870200","0.0666667"
"299870200","2782730635","0.0666667"
"2949286092","2950171659","0.566667"
"2950171659","2949286092","0.566667"
"2949286092","299870200","0.0666667"
"299870200","2949286092","0.0666667"
"2950171659","2953140273","0.0666667"
"2953140273","2950171659","0.0666667"
"2950171659","299870200","0.0666667"
"299870200","2950171659","0.0666667"
"1616993132","2546705495","1"
"2546705495","1616993132","1"
"1616993132","94637519","0.5"
"94637519","1616993132","0.5"
"2953140273","94637519","0.5"
"94637519","2953140273","0.5"
"1616993132","2019942346","0.392857"
"2019942346","1616993132","0.392857"
"2019942346","2953140273","0.392857"
"2953140273","2019942346","0.392857"
"1616993132","2054676729","0.142857"
"2054676729","1616993132","0.142857"
"1616993132","2151172507","0.142857"
"2151172507","1616993132","0.142857"
"2021608999","2132314908","0.142857"
"2132314908","2021608999","0.142857"
"2054676729","2953140273","0.142857"
"2953140273","2054676729","0.142857"
"2094190061","2132314908","0.142857"
"2132314908","2094190061","0.142857"
"2151172507","2953140273","0.142857"
"2953140273","2151172507","0.142857"
"1685426458","2053100920","1"
"2053100920","1685426458","1"
"1685426458","1965231990","1"
"1965231990","1685426458","1"
"1685426458","2094144755","0.5"
"2094144755","1685426458","0.5"
"1685426458","2572043595","0.5"
"2572043595","1685426458","0.5"
"2094144755","2572043595","3.5"
"2572043595","2094144755","3.5"
"1685426458","2082055394","0.666667"
"2082055394","1685426458","0.666667"
"1685426458","299870200","0.666667"
"299870200","1685426458","0.666667"
"1685426458","2012214630","0.166667"
"2012214630","1685426458","0.166667"
"1685426458","2020313144","0.166667"
"2020313144","1685426458","0.166667"
"1685426458","2026430213","0.166667"
"2026430213","1685426458","0.166667"
"1685426458","2152646153","0.166667"
"2152646153","1685426458","0.166667"
"2012214630","2020313144","0.434524"
"2020313144","2012214630","0.434524"
"2012214630","2026430213","0.884524"
"2026430213","2012214630","0.884524"
"2012214630","2152646153","3.88452"
"2152646153","2012214630","3.88452"
"2012214630","299870200","0.434524"
"299870200","2012214630","0.434524"
"2020313144","2152646153","0.434524"
"2152646153","2020313144","0.434524"
"2026430213","2152646153","0.884524"
"2152646153","2026430213","0.884524"
"2082055394","2152646153","0.634524"
"2152646153","2082055394","0.634524"
"2152646153","299870200","0.434524"
"299870200","2152646153","0.434524"
"1767221188","2012214630","0.125"
"2012214630","1767221188","0.125"
"1767221188","2020313144","0.125"
"2020313144","1767221188","0.125"
"1767221188","2026430213","0.125"
"2026430213","1767221188","0.125"
"1767221188","2082055394","0.125"
"2082055394","1767221188","0.125"
"1767221188","2152646153","0.125"
"2152646153","1767221188","0.125"
"1767221188","2158255858","0.125"
"2158255858","1767221188","0.125"
"1767221188","299870200","0.125"
"299870200","1767221188","0.125"
"1767221188","94637519","0.125"
"94637519","1767221188","0.125"
"2012214630","2158255858","0.717857"
"2158255858","2012214630","0.717857"
"2012214630","94637519","0.267857"
"94637519","2012214630","0.267857"
"2020313144","94637519","0.267857"
"94637519","2020313144","0.267857"
"2026430213","94637519","0.267857"
"94637519","2026430213","0.267857"
"2082055394","94637519","0.267857"
"94637519","2082055394","0.267857"
"2152646153","2158255858","0.717857"
"2158255858","2152646153","0.717857"
"2152646153","94637519","0.267857"
"94637519","2152646153","0.267857"
"2158255858","94637519","0.267857"
"94637519","2158255858","0.267857"
"299870200","94637519","1.26786"
"94637519","299870200","1.26786"
"1767221188","2546705495","0.5"
"2546705495","1767221188","0.5"
"1767221188","2572043595","0.5"
"2572043595","1767221188","0.5"
"2546705495","2572043595","0.5"
"2572043595","2546705495","0.5"
"1767221188","2002157036","0.333333"
"2002157036","1767221188","0.333333"
"1767221188","2051101123","0.333333"
"2051101123","1767221188","0.333333"
"1767221188","2116566885","0.333333"
"2116566885","1767221188","0.333333"
"2002157036","2051101123","3.5"
"2051101123","2002157036","3.5"
"2051101123","2116566885","0.333333"
"2116566885","2051101123","0.333333"
"1878790362","36361912","1"
"36361912","1878790362","1"
"1912275919","1996246161","1.16667"
"1996246161","1912275919","1.16667"
"1912275919","2006616981","0.166667"
"2006616981","1912275919","0.166667"
"1912275919","2158255858","0.166667"
"2158255858","1912275919","0.166667"
"1912275919","2167260896","0.166667"
"2167260896","1912275919","0.166667"
"1996246161","2006616981","0.166667"
"2006616981","1996246161","0.166667"
"1996246161","2116566885","0.166667"
"2116566885","1996246161","0.166667"
"1996246161","2158255858","0.166667"
"2158255858","1996246161","0.166667"
"1996246161","2167260896","0.166667"
"2167260896","1996246161","0.166667"
"1996246161","7157229","0.166667"
"7157229","1996246161","0.166667"
"2006616981","2116566885","0.166667"
"2116566885","2006616981","0.166667"
"2006616981","2158255858","0.166667"
"2158255858","2006616981","0.166667"
"2006616981","2167260896","0.416667"
"2167260896","2006616981","0.416667"
"2006616981","7157229","0.166667"
"7157229","2006616981","0.166667"
"2116566885","2158255858","0.166667"
"2158255858","2116566885","0.166667"
"2116566885","2167260896","0.166667"
"2167260896","2116566885","0.166667"
"2158255858","7157229","0.166667"
"7157229","2158255858","0.166667"
"2167260896","7157229","0.166667"
"7157229","2167260896","0.166667"
"1965231990","1984070542","4.66667"
"1984070542","1965231990","4.66667"
"1965231990","2033681837","5.5"
"2033681837","1965231990","5.5"
"1965231990","2094144755","0.5"
"2094144755","1965231990","0.5"
"1965231990","2342707026","0.5"
"2342707026","1965231990","0.5"
"2094144755","2342707026","0.5"
"2342707026","2094144755","0.5"
"1965231990","2022006917","3.5"
"2022006917","1965231990","3.5"
"1984070542","2022006917","1.16667"
"2022006917","1984070542","1.16667"
"2022006917","2033681837","3.5"
"2033681837","2022006917","3.5"
"1965231990","1993343070","2.33333"
"1993343070","1965231990","2.33333"
"1984070542","1993343070","0.5"
"1993343070","1984070542","0.5"
"1993343070","2022006917","1.83333"
"2022006917","1993343070","1.83333"
"1993343070","2033681837","2.33333"
"2033681837","1993343070","2.33333"
"1965372953","2029009258","0.5"
"2029009258","1965372953","0.5"
"1965372953","2329317691","0.5"
"2329317691","1965372953","0.5"
"2029009258","2329317691","1"
"2329317691","2029009258","1"
"1965372953","1988613011","1"
"1988613011","1965372953","1"
"2014849898","2029009258","0.833333"
"2029009258","2014849898","0.833333"
"1970977883","2329317691","0.5"
"2329317691","1970977883","0.5"
"1984070542","2148972377","1"
"2148972377","1984070542","1"
"1984070542","2782730635","0.5"
"2782730635","1984070542","0.5"
"2002157036","2782730635","0.5"
"2782730635","2002157036","0.5"
"1984070542","2132314908","0.333333"
"2132314908","1984070542","0.333333"
"1984070542","2531355666","0.333333"
"2531355666","1984070542","0.333333"
"1984070542","2950171659","0.333333"
"2950171659","1984070542","0.333333"
"2132314908","2950171659","0.333333"
"2950171659","2132314908","0.333333"
"1988613011","2915170155","0.25"
"2915170155","1988613011","0.25"
"2026430213","2915170155","0.25"
"2915170155","2026430213","0.25"
"2053100920","2915170155","0.583333"
"2915170155","2053100920","0.583333"
"2132314908","2915170155","1.25"
"2915170155","2132314908","1.25"
"1988720020","2014637920","0.25"
"2014637920","1988720020","0.25"
"1988720020","2035512259","0.25"
"2035512259","1988720020","0.25"
"1988720020","2056081579","0.25"
"2056081579","1988720020","0.25"
"1988720020","2121854496","0.25"
"2121854496","1988720020","0.25"
"2014637920","2035512259","0.25"
"2035512259","2014637920","0.25"
"2014637920","2056081579","0.25"
"2056081579","2014637920","0.25"
"2014637920","2121854496","0.25"
"2121854496","2014637920","0.25"
"2035512259","2056081579","0.25"
"2056081579","2035512259","0.25"
"1996246161","2082840541","1"
"2082840541","1996246161","1"
"1996246161","2099620277","0.333333"
"2099620277","1996246161","0.333333"
"1996246161","2132314908","0.333333"
"2132314908","1996246161","0.333333"
"1996246161","2766449686","0.333333"
"2766449686","1996246161","0.333333"
"2099620277","2766449686","1.33333"
"2766449686","2099620277","1.33333"
"2132314908","2766449686","0.333333"
"2766449686","2132314908","0.333333"
"2000545282","2141999856","1.5"
"2141999856","2000545282","1.5"
"2000545282","2039447541","0.5"
"2039447541","2000545282","0.5"
"2039447541","2141999856","0.666667"
"2141999856","2039447541","0.666667"
"2000545282","2059984218","0.5"
"2059984218","2000545282","0.5"
"2000545282","2342707026","0.5"
"2342707026","2000545282","0.5"
"2059984218","2342707026","0.5"
"2342707026","2059984218","0.5"
"2000545282","2121854496","1"
"2121854496","2000545282","1"
"2001615126","2122437698","5.5"
"2122437698","2001615126","5.5"
"2001615126","2329317691","0.5"
"2329317691","2001615126","0.5"
"2122437698","2329317691","0.5"
"2329317691","2122437698","0.5"
"2001615126","923756419","1"
"923756419","2001615126","1"
"2051101123","2062626555","0.666667"
"2062626555","2051101123","0.666667"
"2002157036","2572043595","0.5"
"2572043595","2002157036","0.5"
"2051101123","2572043595","0.5"
"2572043595","2051101123","0.5"
"2002157036","2039447541","0.166667"
"2039447541","2002157036","0.166667"
"2002157036","2059984218","0.166667"
"2059984218","2002157036","0.166667"
"2002157036","2141999856","0.166667"
"2141999856","2002157036","0.166667"
"2039447541","2051101123","0.166667"
"2051101123","2039447541","0.166667"
"2039447541","2059984218","1.16667"
"2059984218","2039447541","1.16667"
"2039447541","2062626555","0.166667"
"2062626555","2039447541","0.166667"
"2039447541","2121854496","0.166667"
"2121854496","2039447541","0.166667"
"2051101123","2059984218","0.166667"
"2059984218","2051101123","0.166667"
"2051101123","2121854496","0.166667"
"2121854496","2051101123","0.166667"
"2051101123","2141999856","1.16667"
"2141999856","2051101123","1.16667"
"2059984218","2062626555","0.166667"
"2062626555","2059984218","0.166667"
"2059984218","2121854496","0.166667"
"2121854496","2059984218","0.166667"
"2059984218","2141999856","0.166667"
"2141999856","2059984218","0.166667"
"2062626555","2141999856","0.166667"
"2141999856","2062626555","0.166667"
"2121854496","2141999856","0.166667"
"2141999856","2121854496","0.166667"
"2002157036","2094144755","0.5"
"2094144755","2002157036","0.5"
"2062626555","2094144755","0.5"
"2094144755","2062626555","0.5"
"2002157036","2148972377","0.333333"
"2148972377","2002157036","0.333333"
"2002157036","2546705495","0.333333"
"2546705495","2002157036","0.333333"
"2062626555","2148972377","0.333333"
"2148972377","2062626555","0.333333"
"2062626555","2546705495","0.333333"
"2546705495","2062626555","0.333333"
"2148972377","2546705495","0.333333"
"2546705495","2148972377","0.333333"
"2006616981","2056081579","0.25"
"2056081579","2006616981","0.25"
"2006616981","2070507812","0.25"
"2070507812","2006616981","0.25"
"2006616981","2135290016","0.25"
"2135290016","2006616981","0.25"
"2056081579","2070507812","0.25"
"2070507812","2056081579","0.25"
"2056081579","2135290016","0.392857"
"2135290016","2056081579","0.392857"
"2056081579","2167260896","0.25"
"2167260896","2056081579","0.25"
"2070507812","2135290016","0.25"
"2135290016","2070507812","0.25"
"2070507812","2167260896","0.25"
"2167260896","2070507812","0.25"
"2135290016","2167260896","0.25"
"2167260896","2135290016","0.25"
"2012214630","2132314908","0.45"
"2132314908","2012214630","0.45"
"2132314908","2152646153","0.45"
"2152646153","2132314908","0.45"
"2019406253","2135290016","0.97619"
"2135290016","2019406253","0.97619"
"2135290016","2585936885","0.97619"
"2585936885","2135290016","0.97619"
"2019406253","2782730635","1.28333"
"2782730635","2019406253","1.28333"
"2585936885","2782730635","6.11667"
