"1525147170","2093855404","10.9524"
"2093855404","1525147170","10.9524"
"1525147170","2072957930","0.369048"
"2072957930","1525147170","0.369048"
"1525147170","2148959739","0.369048"
"2148959739","1525147170","0.369048"
"2072957930","2093855404","1.24037"
"2093855404","2072957930","1.24037"
"2072957930","2148959739","11.1618"
"2148959739","2072957930","11.1618"
"2093855404","2148959739","1.24037"
"2148959739","2093855404","1.24037"
"1525147170","1585992525","0.112637"
"1585992525","1525147170","0.112637"
"1525147170","1993912146","0.0357143"
"1993912146","1525147170","0.0357143"
"1525147170","2028113911","0.0357143"
"2028113911","1525147170","0.0357143"
"1525147170","2040215619","0.112637"
"2040215619","1525147170","0.112637"
"1525147170","2049626361","0.112637"
"2049626361","1525147170","0.112637"
"1525147170","2075364600","0.0357143"
"2075364600","1525147170","0.0357143"
"1525147170","2080206036","0.0357143"
"2080206036","1525147170","0.0357143"
"1525147170","2098939959","0.112637"
"2098939959","1525147170","0.112637"
"1525147170","2105772399","0.0357143"
"2105772399","1525147170","0.0357143"
"1525147170","2112738128","0.195971"
"2112738128","1525147170","0.195971"
"1525147170","2116111642","0.0357143"
"2116111642","1525147170","0.0357143"
"1525147170","2117618130","0.0357143"
"2117618130","1525147170","0.0357143"
"1525147170","2118154549","0.119048"
"2118154549","1525147170","0.119048"
"1525147170","2126194848","0.195971"
"2126194848","1525147170","0.195971"
"1525147170","2141596757","0.112637"
"2141596757","1525147170","0.112637"
"1525147170","2141976137","0.0357143"
"2141976137","1525147170","0.0357143"
"1525147170","2144475703","0.0357143"
"2144475703","1525147170","0.0357143"
"1525147170","2148380989","0.0357143"
"2148380989","1525147170","0.0357143"
"1525147170","2150846076","0.112637"
"2150846076","1525147170","0.112637"
"1525147170","2153458569","0.0357143"
"2153458569","1525147170","0.0357143"
"1525147170","2166771065","0.0357143"
"2166771065","1525147170","0.0357143"
"1525147170","2172041433","0.0357143"
"2172041433","1525147170","0.0357143"
"1525147170","263617780","0.112637"
"263617780","1525147170","0.112637"
"1525147170","2950817888","0.0357143"
"2950817888","1525147170","0.0357143"
"1525147170","2988110904","0.0357143"
"2988110904","1525147170","0.0357143"
"1585992525","1993912146","0.112637"
"1993912146","1585992525","0.112637"
"1585992525","2028113911","0.208153"
"2028113911","1585992525","0.208153"
"1585992525","2040215619","0.256915"
"2040215619","1585992525","0.256915"
"1585992525","2049626361","1.22569"
"2049626361","1585992525","1.22569"
"1585992525","2072957930","0.107143"
"2072957930","1585992525","0.107143"
"1585992525","2075364600","0.334957"
"2075364600","1585992525","0.334957"
"1585992525","2080206036","0.404401"
"2080206036","1585992525","0.404401"
"1585992525","2093855404","0.0357143"
"2093855404","1585992525","0.0357143"
"1585992525","2098939959","0.959296"
"2098939959","1585992525","0.959296"
"1585992525","2105772399","0.444264"
"2105772399","1585992525","0.444264"
"1585992525","2112738128","1.3258"
"2112738128","1585992525","1.3258"
"1585992525","2116111642","0.202381"
"2116111642","1585992525","0.202381"
"1585992525","2117618130","2.50794"
"2117618130","1585992525","2.50794"
"1585992525","2118154549","0.359661"
"2118154549","1585992525","0.359661"
"1585992525","2126194848","2.28776"
"2126194848","1585992525","2.28776"
"1585992525","2141596757","0.37486"
"2141596757","1585992525","0.37486"
"1585992525","2141976137","34.4478"
"2141976137","1585992525","34.4478"
"1585992525","2144475703","0.0357143"
"2144475703","1585992525","0.0357143"
"1585992525","2148380989","34.4556"
"2148380989","1585992525","34.4556"
"1585992525","2148959739","0.547576"
"2148959739","1585992525","0.547576"
"1585992525","2150846076","32.7321"
"2150846076","1585992525","32.7321"
"1585992525","2153458569","0.0357143"
"2153458569","1585992525","0.0357143"
"1585992525","2166771065","25.2321"
"2166771065","1585992525","25.2321"
"1585992525","2172041433","0.450682"
"2172041433","1585992525","0.450682"
"1585992525","263617780","33.7319"
"263617780","1585992525","33.7319"
"1585992525","2950817888","0.0357143"
"2950817888","1585992525","0.0357143"
"1585992525","2988110904","0.0357143"
"2988110904","1585992525","0.0357143"
"1993912146","2028113911","0.0357143"
"2028113911","1993912146","0.0357143"
"1993912146","2040215619","0.0982143"
"2040215619","1993912146","0.0982143"
"1993912146","2049626361","0.157038"
"2049626361","1993912146","0.157038"
"1993912146","2072957930","0.0982143"
"2072957930","1993912146","0.0982143"
"1993912146","2075364600","0.0945378"
"2075364600","1993912146","0.0945378"
"1993912146","2080206036","0.0982143"
"2080206036","1993912146","0.0982143"
"1993912146","2093855404","0.0982143"
"2093855404","1993912146","0.0982143"
"1993912146","2098939959","0.0357143"
"2098939959","1993912146","0.0357143"
"1993912146","2105772399","0.0982143"
"2105772399","1993912146","0.0982143"
"1993912146","2112738128","1.67755"
"2112738128","1993912146","1.67755"
"1993912146","2116111642","0.0357143"
"2116111642","1993912146","0.0357143"
"1993912146","2117618130","0.0982143"
"2117618130","1993912146","0.0982143"
"1993912146","2118154549","0.400628"
"2118154549","1993912146","0.400628"
"1993912146","2126194848","0.626943"
"2126194848","1993912146","0.626943"
"1993912146","2141596757","0.0357143"
"2141596757","1993912146","0.0357143"
"1993912146","2141976137","0.112637"
"2141976137","1993912146","0.112637"
"1993912146","2144475703","0.320854"
"2144475703","1993912146","0.320854"
"1993912146","2148380989","0.112637"
"2148380989","1993912146","0.112637"
"1993912146","2148959739","0.0982143"
"2148959739","1993912146","0.0982143"
"1993912146","2150846076","0.112637"
"2150846076","1993912146","0.112637"
"1993912146","2153458569","0.0620301"
"2153458569","1993912146","0.0620301"
"1993912146","2166771065","0.171461"
"2166771065","1993912146","0.171461"
"1993912146","2172041433","0.171461"
"2172041433","1993912146","0.171461"
"1993912146","263617780","0.171461"
"263617780","1993912146","0.171461"
"1993912146","2950817888","0.0620301"
"2950817888","1993912146","0.0620301"
"1993912146","2988110904","0.0982143"
"2988110904","1993912146","0.0982143"
"2028113911","2040215619","0.0811688"
"2040215619","2028113911","0.0811688"
"2028113911","2049626361","0.412698"
"2049626361","2028113911","0.412698"
"2028113911","2072957930","2.00714"
"2072957930","2028113911","2.00714"
"2028113911","2075364600","0.0357143"
"2075364600","2028113911","0.0357143"
"2028113911","2080206036","0.0357143"
"2080206036","2028113911","0.0357143"
"2028113911","2093855404","0.285714"
"2093855404","2028113911","0.285714"
"2028113911","2098939959","0.581169"
"2098939959","2028113911","0.581169"
"2028113911","2105772399","16.6915"
"2105772399","2028113911","16.6915"
"2028113911","2112738128","1.20339"
"2112738128","2028113911","1.20339"
"2028113911","2116111642","0.0357143"
"2116111642","2028113911","0.0357143"
"2028113911","2117618130","0.107143"
"2117618130","2028113911","0.107143"
"2028113911","2118154549","0.0357143"
"2118154549","2028113911","0.0357143"
"2028113911","2126194848","2.52482"
"2126194848","2028113911","2.52482"
"2028113911","2141596757","0.0912698"
"2141596757","2028113911","0.0912698"
"2028113911","2141976137","0.208153"
"2141976137","2028113911","0.208153"
"2028113911","2144475703","0.0357143"
"2144475703","2028113911","0.0357143"
"2028113911","2148380989","0.208153"
"2148380989","2028113911","0.208153"
"2028113911","2148959739","2.5627"
"2148959739","2028113911","2.5627"
"2028113911","2150846076","0.458153"
"2150846076","2028113911","0.458153"
"2028113911","2153458569","0.0357143"
"2153458569","2028113911","0.0357143"
"2028113911","2166771065","0.402597"
"2166771065","2028113911","0.402597"
"2028113911","2172041433","0.0811688"
"2172041433","2028113911","0.0811688"
"2028113911","263617780","0.208153"
"263617780","2028113911","0.208153"
"2028113911","2950817888","0.0357143"
"2950817888","2028113911","0.0357143"
"2028113911","2988110904","0.0357143"
"2988110904","2028113911","0.0357143"
"2040215619","2049626361","0.215137"
"2049626361","2040215619","0.215137"
"2040215619","2072957930","0.298214"
"2072957930","2040215619","0.298214"
"2040215619","2075364600","0.369048"
"2075364600","2040215619","0.369048"
"2040215619","2080206036","0.0982143"
"2080206036","2040215619","0.0982143"
"2040215619","2093855404","0.0982143"
"2093855404","2040215619","0.0982143"
"2040215619","2098939959","0.256915"
"2098939959","2040215619","0.256915"
"2040215619","2105772399","0.343669"
"2105772399","2040215619","0.343669"
"2040215619","2112738128","0.319415"
"2112738128","2040215619","0.319415"
"2040215619","2116111642","0.0357143"
"2116111642","2040215619","0.0357143"
"2040215619","2117618130","0.0982143"
"2117618130","2040215619","0.0982143"
"2040215619","2118154549","0.0982143"
"2118154549","2040215619","0.0982143"
"2040215619","2126194848","3.18608"
"2126194848","2040215619","3.18608"
"2040215619","2141596757","2.68597"
"2141596757","2040215619","2.68597"
"2040215619","2141976137","0.179992"
"2141976137","2040215619","0.179992"
"2040215619","2144475703","0.0357143"
"2144475703","2040215619","0.0357143"
"2040215619","2148380989","0.121169"
"2148380989","2040215619","0.121169"
"2040215619","2148959739","0.338214"
"2148959739","2040215619","0.338214"
"2040215619","2150846076","0.256915"
"2150846076","2040215619","0.256915"
"2040215619","2153458569","0.0357143"
"2153458569","2040215619","0.0357143"
"2040215619","2166771065","0.513326"
"2166771065","2040215619","0.513326"
"2040215619","2172041433","0.139992"
"2172041433","2040215619","0.139992"
"2040215619","263617780","0.256915"
"263617780","2040215619","0.256915"
"2040215619","2950817888","0.0357143"
"2950817888","2040215619","0.0357143"
"2040215619","2988110904","0.0982143"
"2988110904","2040215619","0.0982143"
"2049626361","2072957930","0.169643"
"2072957930","2049626361","0.169643"
"2049626361","2075364600","0.256875"
"2075364600","2049626361","0.256875"
"2049626361","2080206036","0.0982143"
"2080206036","2049626361","0.0982143"
"2049626361","2093855404","0.0982143"
"2093855404","2049626361","0.0982143"
"2049626361","2098939959","0.295494"
"2098939959","2049626361","0.295494"
"2049626361","2105772399","0.71131"
"2105772399","2049626361","0.71131"
"2049626361","2112738128","0.400945"
"2112738128","2049626361","0.400945"
"2049626361","2116111642","0.0357143"
"2116111642","2049626361","0.0357143"
"2049626361","2117618130","0.280754"
"2117618130","2049626361","0.280754"
"2049626361","2118154549","0.157038"
"2118154549","2049626361","0.157038"
"2049626361","2126194848","1.86523"
"2126194848","2049626361","1.86523"
"2049626361","2141596757","0.208193"
"2141596757","2049626361","0.208193"
"2049626361","2141976137","1.14877"
"2141976137","2049626361","1.14877"
"2049626361","2144475703","0.0945378"
"2144475703","2049626361","0.0945378"
"2049626361","2148380989","1.14877"
"2148380989","2049626361","1.14877"
"2049626361","2148959739","0.467219"
"2148959739","2049626361","0.467219"
"2049626361","2150846076","2.05902"
"2150846076","2049626361","2.05902"
"2049626361","2153458569","0.107143"
"2153458569","2049626361","0.107143"
"2049626361","2166771065","1.88418"
"2166771065","2049626361","1.88418"
"2049626361","2172041433","0.256875"
"2172041433","2049626361","0.256875"
"2049626361","263617780","2.21308"
"263617780","2049626361","2.21308"
"2049626361","2950817888","0.0357143"
"2950817888","2049626361","0.0357143"
"2049626361","2988110904","0.0982143"
"2988110904","2049626361","0.0982143"
"2072957930","2075364600","0.0357143"
"2075364600","2072957930","0.0357143"
"2072957930","2080206036","0.157038"
"2080206036","2072957930","0.157038"
"2072957930","2098939959","0.0357143"
"2098939959","2072957930","0.0357143"
"2072957930","2105772399","2.49513"
"2105772399","2072957930","2.49513"
"2072957930","2112738128","1.39037"
"2112738128","2072957930","1.39037"
"2072957930","2116111642","0.0357143"
"2116111642","2072957930","0.0357143"
"2072957930","2117618130","0.169643"
"2117618130","2072957930","0.169643"
"2072957930","2118154549","0.157038"
"2118154549","2072957930","0.157038"
"2072957930","2126194848","2.4118"
"2126194848","2072957930","2.4118"
"2072957930","2141596757","0.294538"
"2141596757","2072957930","0.294538"
"2072957930","2141976137","0.107143"
"2141976137","2072957930","0.107143"
"2072957930","2144475703","0.0357143"
"2144475703","2072957930","0.0357143"
"2072957930","2148380989","0.107143"
"2148380989","2072957930","0.107143"
"2072957930","2150846076","0.107143"
"2150846076","2072957930","0.107143"
"2072957930","2153458569","0.0357143"
"2153458569","2072957930","0.0357143"
"2072957930","2166771065","0.107143"
"2166771065","2072957930","0.107143"
"2072957930","2172041433","0.0357143"
"2172041433","2072957930","0.0357143"
"2072957930","263617780","0.107143"
"263617780","2072957930","0.107143"
"2072957930","2950817888","0.0357143"
"2950817888","2072957930","0.0357143"
"2072957930","2988110904","0.0982143"
"2988110904","2072957930","0.0982143"
"2075364600","2080206036","0.202381"
"2080206036","2075364600","0.202381"
"2075364600","2093855404","0.0357143"
"2093855404","2075364600","0.0357143"
"2075364600","2098939959","0.0357143"
"2098939959","2075364600","0.0357143"
"2075364600","2105772399","0.0357143"
"2105772399","2075364600","0.0357143"
"2075364600","2112738128","2.67986"
"2112738128","2075364600","2.67986"
"2075364600","2116111642","0.0357143"
"2116111642","2075364600","0.0357143"
"2075364600","2117618130","0.0357143"
"2117618130","2075364600","0.0357143"
"2075364600","2118154549","0.136204"
"2118154549","2075364600","0.136204"
"2075364600","2126194848","0.540966"
"2126194848","2075364600","0.540966"
"2075364600","2141596757","0.369048"
"2141596757","2075364600","0.369048"
"2075364600","2141976137","0.334957"
"2141976137","2075364600","0.334957"
"2075364600","2144475703","1.09454"
"2144475703","2075364600","1.09454"
"2075364600","2148380989","0.334957"
"2148380989","2075364600","0.334957"
"2075364600","2148959739","0.126623"
"2148959739","2075364600","0.126623"
"2075364600","2150846076","0.751623"
"2150846076","2075364600","0.751623"
"2075364600","2153458569","0.27381"
"2153458569","2075364600","0.27381"
"2075364600","2166771065","0.338225"
"2166771065","2075364600","0.338225"
"2075364600","2172041433","5.67354"
"2172041433","2075364600","5.67354"
"2075364600","263617780","0.465209"
"263617780","2075364600","0.465209"
"2075364600","2950817888","0.0357143"
"2950817888","2075364600","0.0357143"
"2075364600","2988110904","0.0357143"
"2988110904","2075364600","0.0357143"
"2080206036","2093855404","0.157038"
"2093855404","2080206036","0.157038"
"2080206036","2098939959","0.0357143"
"2098939959","2080206036","0.0357143"
"2080206036","2105772399","0.657038"
"2105772399","2080206036","0.657038"
"2080206036","2112738128","0.545927"
"2112738128","2080206036","0.545927"
"2080206036","2116111642","0.0357143"
"2116111642","2080206036","0.0357143"
"2080206036","2117618130","0.0982143"
"2117618130","2080206036","0.0982143"
"2080206036","2118154549","0.157038"
"2118154549","2080206036","0.157038"
"2080206036","2126194848","3.58128"
"2126194848","2080206036","3.58128"
"2080206036","2141596757","0.0945378"
"2141596757","2080206036","0.0945378"
"2080206036","2141976137","0.404401"
"2141976137","2080206036","0.404401"
"2080206036","2144475703","0.0357143"
"2144475703","2080206036","0.0357143"
"2080206036","2148380989","0.404401"
"2148380989","2080206036","0.404401"
"2080206036","2148959739","0.157038"
"2148959739","2080206036","0.157038"
"2080206036","2150846076","0.370213"
"2150846076","2080206036","0.370213"
"2080206036","2153458569","0.0357143"
"2153458569","2080206036","0.0357143"
"2080206036","2166771065","0.314658"
"2166771065","2080206036","0.314658"
"2080206036","2172041433","0.0357143"
"2172041433","2080206036","0.0357143"
"2080206036","263617780","0.481324"
"263617780","2080206036","0.481324"
"2080206036","2950817888","0.0357143"
"2950817888","2080206036","0.0357143"
"2080206036","2988110904","0.0982143"
"2988110904","2080206036","0.0982143"
"2093855404","2098939959","0.0357143"
"2098939959","2093855404","0.0357143"
"2093855404","2105772399","0.407038"
"2105772399","2093855404","0.407038"
"2093855404","2112738128","2.84513"
"2112738128","2093855404","2.84513"
"2093855404","2116111642","0.107143"
"2116111642","2093855404","0.107143"
"2093855404","2117618130","0.0982143"
"2117618130","2093855404","0.0982143"
"2093855404","2118154549","0.240371"
"2118154549","2093855404","0.240371"
"2093855404","2126194848","0.845133"
"2126194848","2093855404","0.845133"
"2093855404","2141596757","0.0945378"
"2141596757","2093855404","0.0945378"
"2093855404","2141976137","0.0357143"
"2141976137","2093855404","0.0357143"
"2093855404","2144475703","0.235714"
"2144475703","2093855404","0.235714"
"2093855404","2148380989","0.0357143"
"2148380989","2093855404","0.0357143"
"2093855404","2150846076","0.0357143"
"2150846076","2093855404","0.0357143"
"2093855404","2153458569","0.0357143"
"2153458569","2093855404","0.0357143"
"2093855404","2166771065","0.0357143"
"2166771065","2093855404","0.0357143"
"2093855404","2172041433","0.0357143"
"2172041433","2093855404","0.0357143"
"2093855404","263617780","0.0357143"
"263617780","2093855404","0.0357143"
"2093855404","2950817888","0.107143"
"2950817888","2093855404","0.107143"
"2093855404","2988110904","0.0982143"
"2988110904","2093855404","0.0982143"
"2098939959","2105772399","0.581169"
"2105772399","2098939959","0.581169"
"2098939959","2112738128","0.431158"
"2112738128","2098939959","0.431158"
"2098939959","2116111642","0.0357143"
"2116111642","2098939959","0.0357143"
"2098939959","2117618130","0.0357143"
"2117618130","2098939959","0.0357143"
"2098939959","2118154549","0.0357143"
"2118154549","2098939959","0.0357143"
"2098939959","2126194848","0.490682"
"2126194848","2098939959","0.490682"
"2098939959","2141596757","0.319304"
"2141596757","2098939959","0.319304"
"2098939959","2141976137","0.882373"
"2141976137","2098939959","0.882373"
"2098939959","2144475703","0.0357143"
"2144475703","2098939959","0.0357143"
"2098939959","2148380989","0.82355"
"2148380989","2098939959","0.82355"
"2098939959","2148959739","0.0757143"
"2148959739","2098939959","0.0757143"
"2098939959","2150846076","0.79263"
"2150846076","2098939959","0.79263"
"2098939959","2153458569","0.0357143"
"2153458569","2098939959","0.0357143"
"2098939959","2166771065","0.354235"
"2166771065","2098939959","0.354235"
"2098939959","2172041433","0.139992"
"2172041433","2098939959","0.139992"
"2098939959","263617780","0.907348"
"263617780","2098939959","0.907348"
"2098939959","2950817888","0.0357143"
"2950817888","2098939959","0.0357143"
"2098939959","2988110904","0.0357143"
"2988110904","2098939959","0.0357143"
"2105772399","2112738128","1.49138"
"2112738128","2105772399","1.49138"
"2105772399","2116111642","0.0357143"
"2116111642","2105772399","0.0357143"
"2105772399","2117618130","0.169643"
"2117618130","2105772399","0.169643"
"2105772399","2118154549","0.157038"
"2118154549","2105772399","0.157038"
"2105772399","2126194848","3.12392"
"2126194848","2105772399","3.12392"
"2105772399","2141596757","0.350093"
"2141596757","2105772399","0.350093"
"2105772399","2141976137","0.444264"
"2141976137","2105772399","0.444264"
"2105772399","2144475703","0.369048"
"2144475703","2105772399","0.369048"
"2105772399","2148380989","0.444264"
"2148380989","2105772399","0.444264"
"2105772399","2148959739","3.05069"
"2148959739","2105772399","3.05069"
"2105772399","2150846076","0.694264"
"2150846076","2105772399","0.694264"
"2105772399","2153458569","0.0357143"
"2153458569","2105772399","0.0357143"
"2105772399","2166771065","0.402597"
"2166771065","2105772399","0.402597"
"2105772399","2172041433","0.0811688"
"2172041433","2105772399","0.0811688"
"2105772399","263617780","0.444264"
"263617780","2105772399","0.444264"
"2105772399","2950817888","0.0357143"
"2950817888","2105772399","0.0357143"
"2105772399","2988110904","0.0982143"
"2988110904","2105772399","0.0982143"
"2112738128","2116111642","1.10714"
"2116111642","2112738128","1.10714"
"2112738128","2117618130","0.0982143"
"2117618130","2112738128","0.0982143"
"2112738128","2118154549","1.98028"
"2118154549","2112738128","1.98028"
"2112738128","2126194848","15.6527"
"2126194848","2112738128","15.6527"
"2112738128","2141596757","0.267016"
"2141596757","2112738128","0.267016"
"2112738128","2141976137","1.33221"
"2141976137","2112738128","1.33221"
"2112738128","2144475703","1.24454"
"2144475703","2112738128","1.24454"
"2112738128","2148380989","1.19005"
"2148380989","2112738128","1.19005"
"2112738128","2148959739","1.81926"
"2148959739","2112738128","1.81926"
"2112738128","2150846076","1.73711"
"2150846076","2112738128","1.73711"
"2112738128","2153458569","0.27381"
"2153458569","2112738128","0.27381"
"2112738128","2166771065","0.957138"
"2166771065","2112738128","0.957138"
"2112738128","2172041433","6.26383"
"2172041433","2112738128","6.26383"
"2112738128","263617780","2.08029"
"263617780","2112738128","2.08029"
"2112738128","2950817888","0.107143"
"2950817888","2112738128","0.107143"
"2112738128","2988110904","0.0982143"
"2988110904","2112738128","0.0982143"
"2116111642","2117618130","0.0357143"
"2117618130","2116111642","0.0357143"
"2116111642","2118154549","0.0357143"
"2118154549","2116111642","0.0357143"
"2116111642","2126194848","0.440476"
"2126194848","2116111642","0.440476"
"2116111642","2141596757","1.03571"
"2141596757","2116111642","1.03571"
"2116111642","2141976137","0.202381"
"2141976137","2116111642","0.202381"
"2116111642","2144475703","1.36905"
"2144475703","2116111642","1.36905"
"2116111642","2148380989","0.202381"
"2148380989","2116111642","0.202381"
"2116111642","2148959739","0.0357143"
"2148959739","2116111642","0.0357143"
"2116111642","2150846076","0.202381"
"2150846076","2116111642","0.202381"
"2116111642","2153458569","0.0357143"
"2153458569","2116111642","0.0357143"
"2116111642","2166771065","0.0357143"
"2166771065","2116111642","0.0357143"
"2116111642","2172041433","0.0357143"
"2172041433","2116111642","0.0357143"
"2116111642","263617780","0.202381"
"263617780","2116111642","0.202381"
"2116111642","2950817888","0.107143"
"2950817888","2116111642","0.107143"
"2116111642","2988110904","0.0357143"
"2988110904","2116111642","0.0357143"
"2117618130","2118154549","0.0982143"
"2118154549","2117618130","0.0982143"
"2117618130","2126194848","2.12361"
"2126194848","2117618130","2.12361"
"2117618130","2141596757","0.535714"
"2141596757","2117618130","0.535714"
"2117618130","2141976137","2.50794"
"2141976137","2117618130","2.50794"
"2117618130","2144475703","0.0357143"
"2144475703","2117618130","0.0357143"
"2117618130","2148380989","2.50794"
"2148380989","2117618130","2.50794"
"2117618130","2148959739","0.5125"
"2148959739","2117618130","0.5125"
"2117618130","2150846076","3.50794"
"2150846076","2117618130","3.50794"
"2117618130","2153458569","0.0357143"
"2153458569","2117618130","0.0357143"
"2117618130","2166771065","1.92063"
"2166771065","2117618130","1.92063"
"2117618130","2172041433","0.0357143"
"2172041433","2117618130","0.0357143"
"2117618130","263617780","2.75794"
"263617780","2117618130","2.75794"
"2117618130","2950817888","0.0357143"
"2950817888","2117618130","0.0357143"
"2117618130","2988110904","0.0982143"
"2988110904","2117618130","0.0982143"
"2118154549","2126194848","0.903361"
"2126194848","2118154549","0.903361"
"2118154549","2141596757","0.0945378"
"2141596757","2118154549","0.0945378"
"2118154549","2141976137","0.359661"
"2141976137","2118154549","0.359661"
"2118154549","2144475703","0.177871"
"2144475703","2118154549","0.177871"
"2118154549","2148380989","0.359661"
"2148380989","2118154549","0.359661"
"2118154549","2148959739","0.157038"
"2148959739","2118154549","0.157038"
"2118154549","2150846076","0.497161"
"2150846076","2118154549","0.497161"
"2118154549","2153458569","0.0357143"
"2153458569","2118154549","0.0357143"
"2118154549","2166771065","0.555985"
"2166771065","2118154549","0.555985"
"2118154549","2172041433","0.314318"
"2172041433","2118154549","0.314318"
"2118154549","263617780","0.701818"
"263617780","2118154549","0.701818"
"2118154549","2950817888","0.0357143"
"2950817888","2118154549","0.0357143"
"2118154549","2988110904","0.0982143"
"2988110904","2118154549","0.0982143"
"2126194848","2141596757","1.30035"
"2141596757","2126194848","1.30035"
"2126194848","2141976137","2.62751"
"2141976137","2126194848","2.62751"
"2126194848","2144475703","1.52085"
"2144475703","2126194848","1.52085"
"2126194848","2148380989","2.15202"
"2148380989","2126194848","2.15202"
"2126194848","2148959739","3.04069"
"2148959739","2126194848","3.04069"
"2126194848","2150846076","2.5586"
"2150846076","2126194848","2.5586"
"2126194848","2153458569","0.133459"
"2153458569","2126194848","0.133459"
"2126194848","2166771065","3.00958"
"2166771065","2126194848","3.00958"
"2126194848","2172041433","0.270244"
"2172041433","2126194848","0.270244"
"2126194848","263617780","3.28273"
"263617780","2126194848","3.28273"
"2126194848","2950817888","0.133459"
"2950817888","2126194848","0.133459"
"2126194848","2988110904","0.0982143"
"2988110904","2126194848","0.0982143"
"2141596757","2141976137","0.297936"
"2141976137","2141596757","0.297936"
"2141596757","2144475703","0.0357143"
"2144475703","2141596757","0.0357143"
"2141596757","2148380989","0.297936"
"2148380989","2141596757","0.297936"
"2141596757","2148959739","0.390093"
"2148959739","2141596757","0.390093"
"2141596757","2150846076","0.208193"
"2150846076","2141596757","0.208193"
"2141596757","2153458569","0.0357143"
"2153458569","2141596757","0.0357143"
"2141596757","2166771065","0.0757143"
"2166771065","2141596757","0.0757143"
"2141596757","2172041433","0.0357143"
"2172041433","2141596757","0.0357143"
"2141596757","263617780","0.37486"
"263617780","2141596757","0.37486"
"2141596757","2950817888","0.0357143"
"2950817888","2141596757","0.0357143"
"2141596757","2988110904","0.0357143"
"2988110904","2141596757","0.0357143"
"2141976137","2144475703","0.0357143"
"2144475703","2141976137","0.0357143"
"2141976137","2148380989","54.3965"
"2148380989","2141976137","54.3965"
"2141976137","2148959739","0.547576"
"2148959739","2141976137","0.547576"
"2141976137","2150846076","65.4472"
"2150846076","2141976137","65.4472"
"2141976137","2153458569","0.0357143"
"2153458569","2141976137","0.0357143"
"2141976137","2166771065","55.6076"
"2166771065","2141976137","55.6076"
"2141976137","2172041433","0.450682"
"2172041433","2141976137","0.450682"
"2141976137","263617780","74.1137"
"263617780","2141976137","74.1137"
"2141976137","2950817888","0.0357143"
"2950817888","2141976137","0.0357143"
"2141976137","2988110904","0.0357143"
"2988110904","2141976137","0.0357143"
"2144475703","2148380989","0.0357143"
"2148380989","2144475703","0.0357143"
"2144475703","2148959739","0.0357143"
"2148959739","2144475703","0.0357143"
"2144475703","2150846076","0.0357143"
"2150846076","2144475703","0.0357143"
"2144475703","2153458569","1.06203"
"2153458569","2144475703","1.06203"
"2144475703","2166771065","0.0945378"
"2166771065","2144475703","0.0945378"
"2144475703","2172041433","0.0945378"
"2172041433","2144475703","0.0945378"
"2144475703","263617780","0.177871"
"263617780","2144475703","0.177871"
"2144475703","2950817888","0.0620301"
"2950817888","2144475703","0.0620301"
"2144475703","2988110904","0.0357143"
"2988110904","2144475703","0.0357143"
"2148380989","2148959739","0.547576"
"2148959739","2148380989","0.547576"
"2148380989","2150846076","52.8539"
"2150846076","2148380989","52.8539"
"2148380989","2153458569","0.0357143"
"2153458569","2148380989","0.0357143"
"2148380989","2166771065","45.3475"
"2166771065","2148380989","45.3475"
"2148380989","2172041433","0.391858"
"2172041433","2148380989","0.391858"
"2148380989","263617780","54.3537"
"263617780","2148380989","54.3537"
"2148380989","2950817888","0.0357143"
"2950817888","2148380989","0.0357143"
"2148380989","2988110904","0.0357143"
"2988110904","2148380989","0.0357143"
"2148959739","2150846076","0.547576"
"2150846076","2148959739","0.547576"
"2148959739","2153458569","0.0357143"
"2153458569","2148959739","0.0357143"
"2148959739","2166771065","0.380909"
"2166771065","2148959739","0.380909"
"2148959739","2172041433","0.126623"
"2172041433","2148959739","0.126623"
"2148959739","263617780","0.547576"
"263617780","2148959739","0.547576"
"2148959739","2950817888","0.0357143"
"2950817888","2148959739","0.0357143"
"2148959739","2988110904","0.0982143"
"2988110904","2148959739","0.0982143"
"2150846076","2153458569","0.202381"
"2153458569","2150846076","0.202381"
"2150846076","2166771065","82.8583"
"2166771065","2150846076","82.8583"
"2150846076","2172041433","0.867348"
"2172041433","2150846076","0.867348"
"2150846076","263617780","98.2916"
"263617780","2150846076","98.2916"
"2150846076","2950817888","0.0357143"
"2950817888","2150846076","0.0357143"
"2150846076","2988110904","0.0357143"
"2988110904","2150846076","0.0357143"
"2153458569","2166771065","0.0357143"
"2166771065","2153458569","0.0357143"
"2153458569","2172041433","0.27381"
"2172041433","2153458569","0.27381"
"2153458569","263617780","0.107143"
"263617780","2153458569","0.107143"
"2153458569","2950817888","0.0620301"
"2950817888","2153458569","0.0620301"
"2153458569","2988110904","0.0357143"
"2988110904","2153458569","0.0357143"
"2166771065","2172041433","0.509505"
"2172041433","2166771065","0.509505"
"2166771065","263617780","98.2342"
"263617780","2166771065","98.2342"
"2166771065","2950817888","0.0357143"
"2950817888","2166771065","0.0357143"
"2166771065","2988110904","0.0357143"
"2988110904","2166771065","0.0357143"
"2172041433","263617780","0.580934"
"263617780","2172041433","0.580934"
"2172041433","2950817888","0.0357143"
"2950817888","2172041433","0.0357143"
"2172041433","2988110904","0.0357143"
"2988110904","2172041433","0.0357143"
"263617780","2950817888","0.0357143"
"2950817888","263617780","0.0357143"
"263617780","2988110904","0.0357143"
"2988110904","263617780","0.0357143"
"2950817888","2988110904","3.36905"
"2988110904","2950817888","3.36905"
"1525147170","2294723619","0.583333"
"2294723619","1525147170","0.583333"
"2093855404","2294723619","1.1881"
"2294723619","2093855404","1.1881"
"1525147170","1892382968","0.0833333"
"1892382968","1525147170","0.0833333"
"1525147170","1988134474","0.0833333"
"1988134474","1525147170","0.0833333"
"1525147170","1990444226","0.0833333"
"1990444226","1525147170","0.0833333"
"1525147170","1999432478","0.0833333"
"1999432478","1525147170","0.0833333"
"1525147170","2153207204","0.0833333"
"2153207204","1525147170","0.0833333"
"1525147170","2271311528","0.0833333"
"2271311528","1525147170","0.0833333"
"1525147170","2528040708","0.0833333"
"2528040708","1525147170","0.0833333"
"1892382968","1988134474","0.186572"
"1988134474","1892382968","0.186572"
"1892382968","1990444226","0.69359"
"1990444226","1892382968","0.69359"
"1892382968","1999432478","0.231685"
"1999432478","1892382968","0.231685"
"1892382968","2093855404","1.35476"
"2093855404","1892382968","1.35476"
"1892382968","2112738128","5.99235"
"2112738128","1892382968","5.99235"
"1892382968","2118154549","0.0833333"
"2118154549","1892382968","0.0833333"
"1892382968","2126194848","5.51867"
"2126194848","1892382968","5.51867"
"1892382968","2153207204","0.688095"
"2153207204","1892382968","0.688095"
"1892382968","2271311528","0.431685"
"2271311528","1892382968","0.431685"
"1892382968","2294723619","1.19133"
"2294723619","1892382968","1.19133"
"1892382968","2528040708","0.625833"
"2528040708","1892382968","0.625833"
"1988134474","1990444226","0.160256"
"1990444226","1988134474","0.160256"
"1988134474","1999432478","0.160256"
"1999432478","1988134474","0.160256"
"1988134474","2093855404","0.0833333"
"2093855404","1988134474","0.0833333"
"1988134474","2112738128","0.610256"
"2112738128","1988134474","0.610256"
"1988134474","2118154549","0.0833333"
"2118154549","1988134474","0.0833333"
"1988134474","2126194848","0.436572"
"2126194848","1988134474","0.436572"
"1988134474","2153207204","0.0833333"
"2153207204","1988134474","0.0833333"
"1988134474","2271311528","0.160256"
"2271311528","1988134474","0.160256"
"1988134474","2294723619","0.186572"
"2294723619","1988134474","0.186572"
"1988134474","2528040708","0.186572"
"2528040708","1988134474","0.186572"
"1990444226","1999432478","0.160256"
"1999432478","1990444226","0.160256"
"1990444226","2093855404","0.145833"
"2093855404","1990444226","0.145833"
"1990444226","2112738128","2.16635"
"2112738128","1990444226","2.16635"
"1990444226","2118154549","0.389423"
"2118154549","1990444226","0.389423"
"1990444226","2126194848","0.389423"
"2126194848","1990444226","0.389423"
"1990444226","2153207204","6.0672"
"2153207204","1990444226","6.0672"
"1990444226","2271311528","3.81079"
"2271311528","1990444226","3.81079"
"1990444226","2294723619","0.49359"
"2294723619","1990444226","0.49359"
"1990444226","2528040708","0.160256"
"2528040708","1990444226","0.160256"
"1999432478","2093855404","0.213585"
"2093855404","1999432478","0.213585"
"1999432478","2112738128","0.540509"
"2112738128","1999432478","0.540509"
"1999432478","2118154549","0.392157"
"2118154549","1999432478","0.392157"
"1999432478","2126194848","0.540509"
"2126194848","1999432478","0.540509"
"1999432478","2153207204","0.213585"
"2153207204","1999432478","0.213585"
"1999432478","2271311528","0.231685"
"2271311528","1999432478","0.231685"
"1999432478","2294723619","0.481685"
"2294723619","1999432478","0.481685"
"1999432478","2528040708","0.231685"
"2528040708","1999432478","0.231685"
"2093855404","2153207204","0.276085"
"2153207204","2093855404","0.276085"
"2093855404","2271311528","0.217262"
"2271311528","2093855404","0.217262"
"2093855404","2528040708","0.154762"
"2528040708","2093855404","0.154762"
"2112738128","2153207204","0.719675"
"2153207204","2112738128","0.719675"
"2112738128","2271311528","1.73777"
"2271311528","2112738128","1.73777"
"2112738128","2294723619","1.91502"
"2294723619","2112738128","1.91502"
"2112738128","2528040708","2.09952"
"2528040708","2112738128","2.09952"
"2118154549","2153207204","0.448247"
"2153207204","2118154549","0.448247"
"2118154549","2271311528","0.389423"
"2271311528","2118154549","0.389423"
"2118154549","2294723619","0.333333"
"2294723619","2118154549","0.333333"
"2118154549","2528040708","0.0833333"
"2528040708","2118154549","0.0833333"
"2126194848","2153207204","0.442752"
"2153207204","2126194848","0.442752"
"2126194848","2271311528","0.460852"
"2271311528","2126194848","0.460852"
"2126194848","2294723619","2.47467"
"2294723619","2126194848","2.47467"
"2126194848","2528040708","0.750833"
"2528040708","2126194848","0.750833"
"2153207204","2271311528","3.8053"
"2271311528","2153207204","3.8053"
"2153207204","2294723619","0.488095"
"2294723619","2153207204","0.488095"
"2153207204","2528040708","0.154762"
"2528040708","2153207204","0.154762"
"2271311528","2294723619","0.231685"
"2294723619","2271311528","0.231685"
"2271311528","2528040708","0.231685"
"2528040708","2271311528","0.231685"
"2294723619","2528040708","0.458001"
"2528040708","2294723619","0.458001"
"1525147170","1585018677","0.0769231"
"1585018677","1525147170","0.0769231"
"1525147170","1976062966","0.0769231"
"1976062966","1525147170","0.0769231"
"1525147170","1982397092","0.0769231"
"1982397092","1525147170","0.0769231"
"1525147170","1995103535","0.0769231"
"1995103535","1525147170","0.0769231"
"1585018677","1585992525","0.283701"
"1585992525","1585018677","0.283701"
"1585018677","1976062966","0.610624"
"1976062966","1585018677","0.610624"
"1585018677","1982397092","0.610624"
"1982397092","1585018677","0.610624"
"1585018677","1995103535","0.610624"
"1995103535","1585018677","0.610624"
"1585018677","2040215619","0.162378"
"2040215619","1585018677","0.162378"
"1585018677","2049626361","0.116923"
"2049626361","1585018677","0.116923"
"1585018677","2098939959","0.162378"
"2098939959","1585018677","0.162378"
"1585018677","2112738128","0.867034"
"2112738128","1585018677","0.867034"
"1585018677","2126194848","0.700368"
"2126194848","1585018677","0.700368"
"1585018677","2141596757","0.116923"
"2141596757","1585018677","0.116923"
"1585018677","2150846076","0.664791"
"2150846076","1585018677","0.664791"
"1585018677","263617780","0.810624"
"263617780","1585018677","0.810624"
"1585992525","1976062966","1.46121"
"1976062966","1585992525","1.46121"
"1585992525","1982397092","1.49094"
"1982397092","1585992525","1.49094"
"1585992525","1995103535","1.45685"
"1995103535","1585992525","1.45685"
"1976062966","1982397092","3.04337"
"1982397092","1976062966","3.04337"
"1976062966","1995103535","1.50531"
"1995103535","1976062966","1.50531"
"1976062966","2040215619","0.221201"
"2040215619","1976062966","0.221201"
"1976062966","2049626361","0.40859"
"2049626361","1976062966","0.40859"
"1976062966","2098939959","0.395444"
"2098939959","1976062966","0.395444"
"1976062966","2112738128","3.25615"
"2112738128","1976062966","3.25615"
"1976062966","2126194848","1.87483"
"2126194848","1976062966","1.87483"
"1976062966","2141596757","0.564636"
"2141596757","1976062966","0.564636"
"1976062966","2150846076","1.88996"
"2150846076","1976062966","1.88996"
"1976062966","263617780","2.32114"
"263617780","1976062966","2.32114"
"1982397092","1995103535","2.50448"
"1995103535","1982397092","2.50448"
"1982397092","2040215619","0.221201"
"2040215619","1982397092","0.221201"
"1982397092","2049626361","0.172479"
"2049626361","1982397092","0.172479"
"1982397092","2098939959","0.395444"
"2098939959","1982397092","0.395444"
"1982397092","2112738128","2.52074"
"2112738128","1982397092","2.52074"
"1982397092","2126194848","1.57276"
"2126194848","1982397092","1.57276"
"1982397092","2141596757","0.172479"
"2141596757","1982397092","0.172479"
"1982397092","2150846076","2.00302"
"2150846076","1982397092","2.00302"
"1982397092","263617780","2.51754"
"263617780","1982397092","2.51754"
"1995103535","2040215619","0.221201"
"2040215619","1995103535","0.221201"
"1995103535","2049626361","0.28359"
"2049626361","1995103535","0.28359"
"1995103535","2098939959","0.395444"
"2098939959","1995103535","0.395444"
"1995103535","2112738128","1.00288"
"2112738128","1995103535","1.00288"
"1995103535","2126194848","0.931089"
"2126194848","1995103535","0.931089"
"1995103535","2141596757","0.172479"
"2141596757","1995103535","0.172479"
"1995103535","2150846076","1.66337"
"2150846076","1995103535","1.66337"
"1995103535","263617780","1.84059"
"263617780","1995103535","1.84059"
"1548497606","2098679662","1.5"
"2098679662","1548497606","1.5"
"1548497606","1976062966","0.142857"
"1976062966","1548497606","0.142857"
"1548497606","1982397092","0.142857"
"1982397092","1548497606","0.142857"
"1548497606","2141976137","0.67619"
"2141976137","1548497606","0.67619"
"1548497606","2150846076","0.67619"
"2150846076","1548497606","0.67619"
"1548497606","2166771065","0.67619"
"2166771065","1548497606","0.67619"
"1548497606","2167686542","0.142857"
"2167686542","1548497606","0.142857"
"1548497606","263617780","0.67619"
"263617780","1548497606","0.67619"
"1976062966","2141976137","1.99305"
"2141976137","1976062966","1.99305"
"1976062966","2166771065","1.36228"
"2166771065","1976062966","1.36228"
"1976062966","2167686542","0.8171"
"2167686542","1976062966","0.8171"
"1982397092","2141976137","2.02278"
"2141976137","1982397092","2.02278"
"1982397092","2166771065","1.3547"
"2166771065","1982397092","1.3547"
"1982397092","2167686542","3.84051"
"2167686542","1982397092","3.84051"
"2141976137","2167686542","1.60599"
"2167686542","2141976137","1.60599"
"2150846076","2167686542","1.63773"
"2167686542","2150846076","1.63773"
"2166771065","2167686542","0.933766"
"2167686542","2166771065","0.933766"
"2167686542","263617780","1.60599"
"263617780","2167686542","1.60599"
"1548497606","2070868259","0.333333"
"2070868259","1548497606","0.333333"
"1548497606","2101006331","0.333333"
"2101006331","1548497606","0.333333"
"1548497606","2148380989","0.666667"
