"1483592191","1997175427","9.39683"
"1997175427","1483592191","9.39683"
"1483592191","2094298886","1.92361"
"2094298886","1483592191","1.92361"
"1483592191","2164762195","1.42361"
"2164762195","1483592191","1.42361"
"1483592191","2759373267","3.49107"
"2759373267","1483592191","3.49107"
"1997175427","2094298886","1.61111"
"2094298886","1997175427","1.61111"
"1997175427","2164762195","1.27778"
"2164762195","1997175427","1.27778"
"1997175427","2759373267","3.26905"
"2759373267","1997175427","3.26905"
"2094298886","2164762195","3.42361"
"2164762195","2094298886","3.42361"
"2094298886","2759373267","5.22917"
"2759373267","2094298886","5.22917"
"2164762195","2759373267","2.8125"
"2759373267","2164762195","2.8125"
"1483592191","1861738855","0.583333"
"1861738855","1483592191","0.583333"
"1483592191","1963779976","1.03869"
"1963779976","1483592191","1.03869"
"1861738855","1963779976","2.73396"
"1963779976","1861738855","2.73396"
"1861738855","2094298886","0.619048"
"2094298886","1861738855","0.619048"
"1861738855","2164762195","0.25"
"2164762195","1861738855","0.25"
"1963779976","2094298886","0.383929"
"2094298886","1963779976","0.383929"
"1963779976","2164762195","0.5125"
"2164762195","1963779976","0.5125"
"1483592191","1989194685","0.935516"
"1989194685","1483592191","0.935516"
"1483592191","2520634214","0.816468"
"2520634214","1483592191","0.816468"
"1483592191","2765219101","0.142857"
"2765219101","1483592191","0.142857"
"1483592191","2903530788","0.931548"
"2903530788","1483592191","0.931548"
"1483592191","2905153436","0.142857"
"2905153436","1483592191","0.142857"
"1483592191","343686539","1.68552"
"343686539","1483592191","1.68552"
"1989194685","2520634214","0.645172"
"2520634214","1989194685","0.645172"
"1989194685","2759373267","2.18644"
"2759373267","1989194685","2.18644"
"1989194685","2765219101","0.238718"
"2765219101","1989194685","0.238718"
"1989194685","2903530788","0.681548"
"2903530788","1989194685","0.681548"
"1989194685","2905153436","0.273109"
"2905153436","1989194685","0.273109"
"1989194685","343686539","5.23601"
"343686539","1989194685","5.23601"
"2520634214","2759373267","3.86739"
"2759373267","2520634214","3.86739"
"2520634214","2765219101","0.179894"
"2765219101","2520634214","0.179894"
"2520634214","2903530788","1.23869"
"2903530788","2520634214","1.23869"
"2520634214","2905153436","0.142857"
"2905153436","2520634214","0.142857"
"2520634214","343686539","1.14147"
"343686539","2520634214","1.14147"
"2759373267","2765219101","1.59656"
"2765219101","2759373267","1.59656"
"2759373267","2903530788","1.40774"
"2903530788","2759373267","1.40774"
"2759373267","2905153436","1.89345"
"2905153436","2759373267","1.89345"
"2759373267","343686539","3.41607"
"343686539","2759373267","3.41607"
"2765219101","2903530788","0.142857"
"2903530788","2765219101","0.142857"
"2765219101","2905153436","2.20168"
"2905153436","2765219101","2.20168"
"2765219101","343686539","0.535014"
"343686539","2765219101","0.535014"
"2903530788","2905153436","0.642857"
"2905153436","2903530788","0.642857"
"2903530788","343686539","2.71488"
"343686539","2903530788","2.71488"
"2905153436","343686539","0.582633"
"343686539","2905153436","0.582633"
"1483592191","2509008543","1.87202"
"2509008543","1483592191","1.87202"
"1483592191","2980736546","1.20536"
"2980736546","1483592191","1.20536"
"2509008543","2759373267","3.30549"
"2759373267","2509008543","3.30549"
"2509008543","2903530788","0.955357"
"2903530788","2509008543","0.955357"
"2509008543","2980736546","1.74169"
"2980736546","2509008543","1.74169"
"2759373267","2980736546","2.24239"
"2980736546","2759373267","2.24239"
"2903530788","2980736546","1.5125"
"2980736546","2903530788","1.5125"
"1483592191","2463821062","0.895833"
"2463821062","1483592191","0.895833"
"1483592191","2492339683","0.0625"
"2492339683","1483592191","0.0625"
"1483592191","2765871399","0.0625"
"2765871399","1483592191","0.0625"
"1483592191","2890579411","0.479167"
"2890579411","1483592191","0.479167"
"1483592191","2895250764","0.205357"
"2895250764","1483592191","0.205357"
"1483592191","2990223215","0.979167"
"2990223215","1483592191","0.979167"
"1963779976","1989194685","3.65598"
"1989194685","1963779976","3.65598"
"1963779976","2463821062","0.358361"
"2463821062","1963779976","0.358361"
"1963779976","2492339683","0.099537"
"2492339683","1963779976","0.099537"
"1963779976","2509008543","0.644075"
"2509008543","1963779976","0.644075"
"1963779976","2520634214","0.099537"
"2520634214","1963779976","0.099537"
"1963779976","2759373267","4.83049"
"2759373267","1963779976","4.83049"
"1963779976","2765871399","0.392752"
"2765871399","1963779976","0.392752"
"1963779976","2890579411","0.129167"
"2890579411","1963779976","0.129167"
"1963779976","2895250764","2.14646"
"2895250764","1963779976","2.14646"
"1963779976","2903530788","0.205357"
"2903530788","1963779976","0.205357"
"1963779976","2980736546","0.158361"
"2980736546","1963779976","0.158361"
"1963779976","2990223215","0.0625"
"2990223215","1963779976","0.0625"
"1963779976","343686539","2.78085"
"343686539","1963779976","2.78085"
"1989194685","2094298886","0.24504"
"2094298886","1989194685","0.24504"
"1989194685","2164762195","1.04028"
"2164762195","1989194685","1.04028"
"1989194685","2463821062","0.650027"
"2463821062","1989194685","0.650027"
"1989194685","2492339683","0.891204"
"2492339683","1989194685","0.891204"
"1989194685","2509008543","0.664313"
"2509008543","1989194685","0.664313"
"1989194685","2765871399","0.446324"
"2765871399","1989194685","0.446324"
"1989194685","2890579411","0.395833"
"2890579411","1989194685","0.395833"
"1989194685","2895250764","4.57622"
"2895250764","1989194685","4.57622"
"1989194685","2980736546","0.301218"
"2980736546","1989194685","0.301218"
"1989194685","2990223215","0.0625"
"2990223215","1989194685","0.0625"
"2094298886","2463821062","0.395833"
"2463821062","2094298886","0.395833"
"2094298886","2492339683","0.0625"
"2492339683","2094298886","0.0625"
"2094298886","2509008543","0.133929"
"2509008543","2094298886","0.133929"
"2094298886","2520634214","0.506944"
"2520634214","2094298886","0.506944"
"2094298886","2765871399","0.110119"
"2765871399","2094298886","0.110119"
"2094298886","2890579411","0.229167"
"2890579411","2094298886","0.229167"
"2094298886","2895250764","0.0625"
"2895250764","2094298886","0.0625"
"2094298886","2903530788","0.5625"
"2903530788","2094298886","0.5625"
"2094298886","2980736546","0.395833"
"2980736546","2094298886","0.395833"
"2094298886","2990223215","0.0625"
"2990223215","2094298886","0.0625"
"2094298886","343686539","0.72123"
"343686539","2094298886","0.72123"
"2164762195","2463821062","0.554167"
"2463821062","2164762195","0.554167"
"2164762195","2492339683","0.729167"
"2492339683","2164762195","0.729167"
"2164762195","2509008543","0.229167"
"2509008543","2164762195","0.229167"
"2164762195","2520634214","0.465278"
"2520634214","2164762195","0.465278"
"2164762195","2765871399","0.0625"
"2765871399","2164762195","0.0625"
"2164762195","2890579411","0.0625"
"2890579411","2164762195","0.0625"
"2164762195","2895250764","0.2625"
"2895250764","2164762195","0.2625"
"2164762195","2903530788","0.0625"
"2903530788","2164762195","0.0625"
"2164762195","2980736546","0.0625"
"2980736546","2164762195","0.0625"
"2164762195","2990223215","0.0625"
"2990223215","2164762195","0.0625"
"2164762195","343686539","0.173611"
"343686539","2164762195","0.173611"
"2463821062","2492339683","1.05787"
"2492339683","2463821062","1.05787"
"2463821062","2509008543","0.450027"
"2509008543","2463821062","0.450027"
"2463821062","2520634214","4.34954"
"2520634214","2463821062","4.34954"
"2463821062","2759373267","2.3912"
"2759373267","2463821062","2.3912"
"2463821062","2765871399","0.246324"
"2765871399","2463821062","0.246324"
"2463821062","2890579411","0.0625"
"2890579411","2463821062","0.0625"
"2463821062","2895250764","2.31669"
"2895250764","2463821062","2.31669"
"2463821062","2903530788","0.0625"
"2903530788","2463821062","0.0625"
"2463821062","2980736546","1.49169"
"2980736546","2463821062","1.49169"
"2463821062","2990223215","0.0625"
"2990223215","2463821062","0.0625"
"2463821062","343686539","0.246324"
"343686539","2463821062","0.246324"
"2492339683","2509008543","0.391204"
"2509008543","2492339683","0.391204"
"2492339683","2520634214","1.25787"
"2520634214","2492339683","1.25787"
"2492339683","2759373267","0.55787"
"2759373267","2492339683","0.55787"
"2492339683","2765871399","0.1875"
"2765871399","2492339683","0.1875"
"2492339683","2890579411","0.2625"
"2890579411","2492339683","0.2625"
"2492339683","2895250764","0.55787"
"2895250764","2492339683","0.55787"
"2492339683","2903530788","0.2625"
"2903530788","2492339683","0.2625"
"2492339683","2980736546","1.09954"
"2980736546","2492339683","1.09954"
"2492339683","2990223215","0.2625"
"2990223215","2492339683","0.2625"
"2492339683","343686539","0.3875"
"343686539","2492339683","0.3875"
"2509008543","2520634214","0.391204"
"2520634214","2509008543","0.391204"
"2509008543","2765871399","0.317752"
"2765871399","2509008543","0.317752"
"2509008543","2890579411","0.5625"
"2890579411","2509008543","0.5625"
"2509008543","2895250764","0.554789"
"2895250764","2509008543","0.554789"
"2509008543","2990223215","0.229167"
"2990223215","2509008543","0.229167"
"2509008543","343686539","1.83918"
"343686539","2509008543","1.83918"
"2520634214","2765871399","0.1875"
"2765871399","2520634214","0.1875"
"2520634214","2890579411","1.2625"
"2890579411","2520634214","1.2625"
"2520634214","2895250764","0.55787"
"2895250764","2520634214","0.55787"
"2520634214","2980736546","1.43287"
"2980736546","2520634214","1.43287"
"2520634214","2990223215","0.929167"
"2990223215","2520634214","0.929167"
"2759373267","2765871399","1.93512"
"2765871399","2759373267","1.93512"
"2759373267","2890579411","1.04583"
"2890579411","2759373267","1.04583"
"2759373267","2895250764","5.81691"
"2895250764","2759373267","5.81691"
"2759373267","2990223215","0.955357"
"2990223215","2759373267","0.955357"
"2765871399","2890579411","0.0625"
"2890579411","2765871399","0.0625"
"2765871399","2895250764","3.55109"
"2895250764","2765871399","3.55109"
"2765871399","2903530788","0.205357"
"2903530788","2765871399","0.205357"
"2765871399","2980736546","0.454657"
"2980736546","2765871399","0.454657"
"2765871399","2990223215","0.455357"
"2990223215","2765871399","0.455357"
"2765871399","343686539","0.943943"
"343686539","2765871399","0.943943"
"2890579411","2895250764","0.9625"
"2895250764","2890579411","0.9625"
"2890579411","2903530788","8.92917"
"2903530788","2890579411","8.92917"
"2890579411","2980736546","2.0625"
"2980736546","2890579411","2.0625"
"2890579411","2990223215","7.5125"
"2990223215","2890579411","7.5125"
"2890579411","343686539","1.32917"
"343686539","2890579411","1.32917"
"2895250764","2903530788","1.92917"
"2903530788","2895250764","1.92917"
"2895250764","2980736546","2.50122"
"2980736546","2895250764","2.50122"
"2895250764","2990223215","2.09583"
"2990223215","2895250764","2.09583"
"2895250764","343686539","3.60585"
"343686539","2895250764","3.60585"
"2903530788","2990223215","4.27202"
"2990223215","2903530788","4.27202"
"2980736546","2990223215","2.7625"
"2990223215","2980736546","2.7625"
"2980736546","343686539","0.514181"
"343686539","2980736546","0.514181"
"2990223215","343686539","0.5125"
"343686539","2990223215","0.5125"
"1997175427","2509008543","1.72619"
"2509008543","1997175427","1.72619"
"1997175427","2890579411","0.483333"
"2890579411","1997175427","0.483333"
"1997175427","2903530788","0.47619"
"2903530788","1997175427","0.47619"
"1997175427","2990223215","0.916667"
"2990223215","1997175427","0.916667"
"1997175427","2980736546","0.892857"
"2980736546","1997175427","0.892857"
"1997175427","343686539","1.54683"
"343686539","1997175427","1.54683"
"1963779976","1997175427","0.87619"
"1997175427","1963779976","0.87619"
"1989194685","1997175427","0.896825"
"1997175427","1989194685","0.896825"
"1997175427","2463821062","0.666667"
"2463821062","1997175427","0.666667"
"1483592191","1987782678","0.25"
"1987782678","1483592191","0.25"
"1483592191","2316093926","0.333333"
"2316093926","1483592191","0.333333"
"1861738855","1987782678","0.25"
"1987782678","1861738855","0.25"
"1861738855","2316093926","0.580952"
"2316093926","1861738855","0.580952"
"1963779976","1987782678","1.2"
"1987782678","1963779976","1.2"
"1963779976","2316093926","0.583333"
"2316093926","1963779976","0.583333"
"1987782678","2316093926","2.60119"
"2316093926","1987782678","2.60119"
"1483592191","2324988010","0.142857"
"2324988010","1483592191","0.142857"
"1989194685","2324988010","0.179894"
"2324988010","1989194685","0.179894"
"1997175427","2324988010","0.142857"
"2324988010","1997175427","0.142857"
"1997175427","2895250764","0.209524"
"2895250764","1997175427","0.209524"
"2324988010","2759373267","3.46323"
"2759373267","2324988010","3.46323"
"2324988010","2895250764","0.713228"
"2895250764","2324988010","0.713228"
"2324988010","2980736546","0.179894"
"2980736546","2324988010","0.179894"
"2324988010","343686539","0.642857"
"343686539","2324988010","0.642857"
"1483592191","1986759966","0.194444"
"1986759966","1483592191","0.194444"
"1483592191","2019405311","0.277778"
"2019405311","1483592191","0.277778"
"1483592191","2090575729","0.111111"
"2090575729","1483592191","0.111111"
"1986759966","1989194685","0.361734"
"1989194685","1986759966","0.361734"
"1986759966","1997175427","0.194444"
"1997175427","1986759966","0.194444"
"1986759966","2019405311","0.671958"
"2019405311","1986759966","0.671958"
"1986759966","2090575729","1.02185"
"2090575729","1986759966","1.02185"
"1986759966","2094298886","0.396825"
"2094298886","1986759966","0.396825"
"1986759966","2164762195","0.111111"
"2164762195","1986759966","0.111111"
"1986759966","2520634214","0.148148"
"2520634214","1986759966","0.148148"
"1986759966","343686539","0.300887"
"343686539","1986759966","0.300887"
"1989194685","2019405311","0.219577"
"2019405311","1989194685","0.219577"
"1989194685","2090575729","1.2784"
"2090575729","1989194685","1.2784"
"1997175427","2019405311","0.277778"
"2019405311","1997175427","0.277778"
"1997175427","2090575729","0.111111"
"2090575729","1997175427","0.111111"
"1997175427","2520634214","0.444444"
"2520634214","1997175427","0.444444"
"2019405311","2090575729","3.60053"
"2090575729","2019405311","3.60053"
"2019405311","2094298886","0.230159"
"2094298886","2019405311","0.230159"
"2019405311","2164762195","0.361111"
"2164762195","2019405311","0.361111"
"2019405311","2520634214","0.648148"
"2520634214","2019405311","0.648148"
"2019405311","343686539","0.325397"
"343686539","2019405311","0.325397"
"2090575729","2094298886","0.230159"
"2094298886","2090575729","0.230159"
"2090575729","2164762195","0.861111"
"2164762195","2090575729","0.861111"
"2090575729","2520634214","1.48148"
"2520634214","2090575729","1.48148"
"2090575729","343686539","1.46755"
"343686539","2090575729","1.46755"
"1483592191","1839283191","0.0833333"
"1839283191","1483592191","0.0833333"
"1483592191","2014894228","0.0833333"
"2014894228","1483592191","0.0833333"
"1483592191","2342028629","0.0833333"
"2342028629","1483592191","0.0833333"
"1483592191","2792554121","0.0833333"
"2792554121","1483592191","0.0833333"
"1483592191","2924593154","0.0833333"
"2924593154","1483592191","0.0833333"
"1839283191","1861738855","1.18704"
"1861738855","1839283191","1.18704"
"1839283191","1963779976","0.187037"
"1963779976","1839283191","0.187037"
"1839283191","1986759966","0.22037"
"1986759966","1839283191","0.22037"
"1839283191","1989194685","0.12037"
"1989194685","1839283191","0.12037"
"1839283191","1997175427","0.275"
"1997175427","1839283191","0.275"
"1839283191","2014894228","0.49537"
"2014894228","1839283191","0.49537"
"1839283191","2316093926","0.791667"
"2316093926","1839283191","0.791667"
"1839283191","2342028629","0.22037"
"2342028629","1839283191","0.22037"
"1839283191","2792554121","0.32037"
"2792554121","1839283191","0.32037"
"1839283191","2924593154","0.0833333"
"2924593154","1839283191","0.0833333"
"1839283191","343686539","0.15"
"343686539","1839283191","0.15"
"1861738855","1986759966","0.298242"
"1986759966","1861738855","0.298242"
"1861738855","1989194685","0.583956"
"1989194685","1861738855","0.583956"
"1861738855","1997175427","0.15"
"1997175427","1861738855","0.15"
"1861738855","2014894228","0.12037"
"2014894228","1861738855","0.12037"
"1861738855","2342028629","0.167989"
"2342028629","1861738855","0.167989"
"1861738855","2792554121","0.391799"
"2792554121","1861738855","0.391799"
"1861738855","2924593154","0.0833333"
"2924593154","1861738855","0.0833333"
"1861738855","343686539","0.589776"
"343686539","1861738855","0.589776"
"1963779976","1986759966","0.322051"
"1986759966","1963779976","0.322051"
"1963779976","2014894228","0.703704"
"2014894228","1963779976","0.703704"
"1963779976","2342028629","0.191799"
"2342028629","1963779976","0.191799"
"1963779976","2792554121","0.263228"
"2792554121","1963779976","0.263228"
"1963779976","2924593154","0.0833333"
"2924593154","1963779976","0.0833333"
"1986759966","2014894228","0.12037"
"2014894228","1986759966","0.12037"
"1986759966","2316093926","0.464286"
"2316093926","1986759966","0.464286"
"1986759966","2342028629","0.339418"
"2342028629","1986759966","0.339418"
"1986759966","2792554121","0.492394"
"2792554121","1986759966","0.492394"
"1986759966","2924593154","0.145833"
"2924593154","1986759966","0.145833"
"1989194685","2014894228","0.12037"
"2014894228","1989194685","0.12037"
"1989194685","2316093926","0.0833333"
"2316093926","1989194685","0.0833333"
"1989194685","2342028629","0.12037"
"2342028629","1989194685","0.12037"
"1989194685","2792554121","0.391799"
"2792554121","1989194685","0.391799"
"1989194685","2924593154","0.0833333"
"2924593154","1989194685","0.0833333"
"1997175427","2014894228","0.541667"
"2014894228","1997175427","0.541667"
"1997175427","2316093926","0.208333"
"2316093926","1997175427","0.208333"
"1997175427","2342028629","0.0833333"
"2342028629","1997175427","0.0833333"
"1997175427","2792554121","0.0833333"
"2792554121","1997175427","0.0833333"
"1997175427","2924593154","0.0833333"
"2924593154","1997175427","0.0833333"
"2014894228","2316093926","1.45833"
"2316093926","2014894228","1.45833"
"2014894228","2342028629","0.62037"
"2342028629","2014894228","0.62037"
"2014894228","2792554121","0.12037"
"2792554121","2014894228","0.12037"
"2014894228","2924593154","0.0833333"
"2924593154","2014894228","0.0833333"
"2014894228","343686539","0.0833333"
"343686539","2014894228","0.0833333"
"2316093926","2342028629","1.63095"
"2342028629","2316093926","1.63095"
"2316093926","2792554121","0.283333"
"2792554121","2316093926","0.283333"
"2316093926","2924593154","0.0833333"
"2924593154","2316093926","0.0833333"
"2316093926","343686539","0.130952"
"343686539","2316093926","0.130952"
"2342028629","2792554121","0.191799"
"2792554121","2342028629","0.191799"
"2342028629","2924593154","0.0833333"
"2924593154","2342028629","0.0833333"
"2342028629","343686539","0.130952"
"343686539","2342028629","0.130952"
"2792554121","2924593154","0.145833"
"2924593154","2792554121","0.145833"
"2792554121","343686539","0.283333"
"343686539","2792554121","0.283333"
"2924593154","343686539","0.333333"
"343686539","2924593154","0.333333"
"2019405311","2759373267","1.50132"
"2759373267","2019405311","1.50132"
"2019405311","2903530788","0.166667"
"2903530788","2019405311","0.166667"
"1587396600","2000905420","0.333333"
"2000905420","1587396600","0.333333"
"1587396600","2092168421","0.333333"
"2092168421","1587396600","0.333333"
"1587396600","2143984002","0.333333"
"2143984002","1587396600","0.333333"
"2000905420","2092168421","0.93718"
"2092168421","2000905420","0.93718"
"2000905420","2143984002","2.07051"
"2143984002","2000905420","2.07051"
"2092168421","2143984002","1.20233"
"2143984002","2092168421","1.20233"
"1839283191","1991934629","0.1"
"1991934629","1839283191","0.1"
"1839283191","1993267542","0.783333"
"1993267542","1839283191","0.783333"
"1839283191","2000905420","0.841667"
"2000905420","1839283191","0.841667"
"1839283191","2021454778","0.433333"
"2021454778","1839283191","0.433333"
"1839283191","2072315088","0.1"
"2072315088","1839283191","0.1"
"1839283191","2090575729","0.137037"
"2090575729","1839283191","0.137037"
"1839283191","2091756592","0.1"
"2091756592","1839283191","0.1"
"1839283191","2905153436","0.1"
"2905153436","1839283191","0.1"
"1986759966","1991934629","0.1"
"1991934629","1986759966","0.1"
"1986759966","1993267542","0.147619"
"1993267542","1986759966","0.147619"
"1986759966","2000905420","0.35"
"2000905420","1986759966","0.35"
"1986759966","2021454778","0.1625"
"2021454778","1986759966","0.1625"
"1986759966","2072315088","0.660119"
"2072315088","1986759966","0.660119"
"1986759966","2091756592","0.1625"
"2091756592","1986759966","0.1625"
"1986759966","2905153436","0.4118"
"2905153436","1986759966","0.4118"
"1991934629","1993267542","1.16264"
"1993267542","1991934629","1.16264"
"1991934629","2000905420","0.371368"
"2000905420","1991934629","0.371368"
"1991934629","2021454778","0.211111"
"2021454778","1991934629","0.211111"
"1991934629","2072315088","0.403114"
"2072315088","1991934629","0.403114"
"1991934629","2090575729","0.211111"
"2090575729","1991934629","0.211111"
"1991934629","2091756592","0.1"
"2091756592","1991934629","0.1"
"1991934629","2342028629","0.294444"
"2342028629","1991934629","0.294444"
"1991934629","2905153436","0.183333"
"2905153436","1991934629","0.183333"
"1993267542","2000905420","2.26218"
"2000905420","1993267542","2.26218"
"1993267542","2021454778","0.266667"
"2021454778","1993267542","0.266667"
"1993267542","2072315088","0.534066"
"2072315088","1993267542","0.534066"
"1993267542","2090575729","0.397619"
"2090575729","1993267542","0.397619"
"1993267542","2091756592","1.4516"
"2091756592","1993267542","1.4516"
"1993267542","2342028629","0.147619"
"2342028629","1993267542","0.147619"
"1993267542","2905153436","0.147619"
"2905153436","1993267542","0.147619"
"2000905420","2021454778","1.87778"
"2021454778","2000905420","1.87778"
"2000905420","2072315088","2.01026"
"2072315088","2000905420","2.01026"
"2000905420","2090575729","0.913492"
"2090575729","2000905420","0.913492"
"2000905420","2091756592","0.801923"
"2091756592","2000905420","0.801923"
"2000905420","2342028629","0.294444"
"2342028629","2000905420","0.294444"
"2000905420","2905153436","0.183333"
"2905153436","2000905420","0.183333"
"2021454778","2072315088","0.329167"
"2072315088","2021454778","0.329167"
"2021454778","2090575729","0.440278"
"2090575729","2021454778","0.440278"
"2021454778","2091756592","0.273611"
"2091756592","2021454778","0.273611"
"2021454778","2342028629","0.211111"
"2342028629","2021454778","0.211111"
"2021454778","2905153436","0.1625"
"2905153436","2021454778","0.1625"
"2072315088","2090575729","1.57679"
"2090575729","2072315088","1.57679"
"2072315088","2091756592","0.1625"
"2091756592","2072315088","0.1625"
"2072315088","2342028629","0.230952"
"2342028629","2072315088","0.230952"
"2072315088","2905153436","0.293452"
"2905153436","2072315088","0.293452"
"2090575729","2091756592","0.1625"
"2091756592","2090575729","0.1625"
"2090575729","2342028629","0.295767"
"2342028629","2090575729","0.295767"
"2090575729","2905153436","1.8737"
"2905153436","2090575729","1.8737"
"2091756592","2342028629","0.1"
"2342028629","2091756592","0.1"
"2091756592","2905153436","0.1625"
"2905153436","2091756592","0.1625"
"2342028629","2905153436","0.302381"
"2905153436","2342028629","0.302381"
"1839283191","2529352843","2.63704"
"2529352843","1839283191","2.63704"
"1839283191","2759373267","3.18704"
"2759373267","1839283191","3.18704"
"2529352843","2759373267","2.0418"
"2759373267","2529352843","2.0418"
"1839283191","2017082632","0.25"
"2017082632","1839283191","0.25"
"1839283191","2110861511","0.375"
"2110861511","1839283191","0.375"
"2000905420","2017082632","0.5"
"2017082632","2000905420","0.5"
"2000905420","2110861511","2.49115"
"2110861511","2000905420","2.49115"
"2000905420","2316093926","1.25"
"2316093926","2000905420","1.25"
"2017082632","2110861511","1.30952"
"2110861511","2017082632","1.30952"
"2017082632","2316093926","0.559524"
"2316093926","2017082632","0.559524"
"2110861511","2316093926","4.14048"
"2316093926","2110861511","4.14048"
"1839283191","1987782678","1.20833"
"1987782678","1839283191","1.20833"
"1987782678","2021454778","1.33333"
"2021454778","1987782678","1.33333"
"2021454778","2316093926","0.333333"
"2316093926","2021454778","0.333333"
"1839283191","1967989298","0.325"
"1967989298","1839283191","0.325"
"1839283191","2075820457","0.558333"
"2075820457","1839283191","0.558333"
"1839283191","2092168421","0.191667"
"2092168421","1839283191","0.191667"
"1967989298","1987782678","0.969023"
"1987782678","1967989298","0.969023"
"1967989298","1993267542","0.792832"
"1993267542","1967989298","0.792832"
"1967989298","1997175427","0.125"
"1997175427","1967989298","0.125"
"1967989298","2014894228","5.83208"
"2014894228","1967989298","5.83208"
"1967989298","2075820457","0.549242"
"2075820457","1967989298","0.549242"
"1967989298","2092168421","0.626166"
"2092168421","1967989298","0.626166"
"1967989298","2316093926","0.125"
"2316093926","1967989298","0.125"
"1987782678","1993267542","2.06946"
"1993267542","1987782678","2.06946"
"1987782678","1997175427","0.125"
"1997175427","1987782678","0.125"
"1987782678","2014894228","1.61783"
"2014894228","1987782678","1.61783"
"1987782678","2075820457","1.18301"
"2075820457","1987782678","1.18301"
"1987782678","2092168421","1.05993"
"2092168421","1987782678","1.05993"
"1993267542","1997175427","0.525"
"1997175427","1993267542","0.525"
"1993267542","2014894228","4.36976"
"2014894228","1993267542","4.36976"
"1993267542","2075820457","3.23612"
"2075820457","1993267542","3.23612"
"1993267542","2092168421","2.11781"
"2092168421","1993267542","2.11781"
"1993267542","2316093926","1.79881"
"2316093926","1993267542","1.79881"
"1997175427","2075820457","0.525"
"2075820457","1997175427","0.525"
"1997175427","2092168421","0.191667"
"2092168421","1997175427","0.191667"
"2014894228","2075820457","0.292832"
"2075820457","2014894228","0.292832"
"2014894228","2092168421","0.369755"
"2092168421","2014894228","0.369755"
"2075820457","2092168421","3.77243"
"2092168421","2075820457","3.77243"
"2075820457","2316093926","0.125"
"2316093926","2075820457","0.125"
"2092168421","2316093926","0.172619"
"2316093926","2092168421","0.172619"
"1839283191","2073476146","0.825"
"2073476146","1839283191","0.825"
"1839283191","2134869655","0.233333"
"2134869655","1839283191","0.233333"
"1839283191","2509733731","0.603704"
"2509733731","1839283191","0.603704"
"1993267542","2073476146","2.5269"
"2073476146","1993267542","2.5269"
"1993267542","2134869655","1.72303"
"2134869655","1993267542","1.72303"
"1993267542","2509733731","0.233333"
"2509733731","1993267542","0.233333"
"2000905420","2073476146","1.05385"
"2073476146","2000905420","1.05385"
"2000905420","2075820457","1.42692"
"2075820457","2000905420","1.42692"
"2000905420","2134869655","1.14359"
"2134869655","2000905420","1.14359"
"2000905420","2509733731","0.166667"
"2509733731","2000905420","0.166667"
"2073476146","2075820457","0.760689"
"2075820457","2073476146","0.760689"
"2073476146","2134869655","0.798785"
"2134869655","2073476146","0.798785"
"2073476146","2509733731","0.5"
"2509733731","2073476146","0.5"
"2075820457","2134869655","1.9641"
"2134869655","2075820457","1.9641"
"2075820457","2509733731","0.233333"
"2509733731","2075820457","0.233333"
"2134869655","2509733731","0.233333"
"2509733731","2134869655","0.233333"
"1839283191","2507984523","0.103704"
"2507984523","1839283191","0.103704"
"1839283191","2890579411","0.0666667"
"2890579411","1839283191","0.0666667"
"1839283191","2895250764","0.303704"
"2895250764","1839283191","0.303704"
"1839283191","2916504848","0.0666667"
"2916504848","1839283191","0.0666667"
"1861738855","1993267542","0.314286"
"1993267542","1861738855","0.314286"
"1861738855","2075820457","0.446919"
"2075820457","1861738855","0.446919"
"1861738855","2092168421","0.114286"
"2092168421","1861738855","0.114286"
"1861738855","2134869655","0.114286"
"2134869655","1861738855","0.114286"
"1861738855","2507984523","0.103704"
"2507984523","1861738855","0.103704"
"1861738855","2509733731","1.1037"
"2509733731","1861738855","1.1037"
"1861738855","2529352843","0.103704"
"2529352843","1861738855","0.103704"
"1861738855","2759373267","2.02037"
"2759373267","1861738855","2.02037"
"1861738855","2890579411","0.0666667"
"2890579411","1861738855","0.0666667"
"1861738855","2895250764","1.16253"
"2895250764","1861738855","1.16253"
"1861738855","2916504848","0.0666667"
"2916504848","1861738855","0.0666667"
"1963779976","1993267542","0.316667"
"1993267542","1963779976","0.316667"
"1963779976","2075820457","0.196919"
"2075820457","1963779976","0.196919"
"1963779976","2092168421","0.316667"
"2092168421","1963779976","0.316667"
"1963779976","2134869655","0.0666667"
"2134869655","1963779976","0.0666667"
"1963779976","2507984523","0.175132"
"2507984523","1963779976","0.175132"
"1963779976","2509733731","0.103704"
"2509733731","1963779976","0.103704"
"1963779976","2529352843","0.175132"
"2529352843","1963779976","0.175132"
"1963779976","2916504848","0.0666667"
"2916504848","1963779976","0.0666667"
"1993267542","2507984523","0.266667"
"2507984523","1993267542","0.266667"
"1993267542","2529352843","0.9"
"2529352843","1993267542","0.9"
"1993267542","2759373267","2.16185"
"2759373267","1993267542","2.16185"
"1993267542","2890579411","0.0666667"
"2890579411","1993267542","0.0666667"
"1993267542","2895250764","0.311422"
"2895250764","1993267542","0.311422"
"1993267542","2916504848","0.0666667"
"2916504848","1993267542","0.0666667"
"1993267542","343686539","0.314286"
"343686539","1993267542","0.314286"
"1997175427","2134869655","0.0666667"
"2134869655","1997175427","0.0666667"
"1997175427","2507984523","0.0666667"
"2507984523","1997175427","0.0666667"
"1997175427","2509733731","0.0666667"
"2509733731","1997175427","0.0666667"
"1997175427","2529352843","0.4"
"2529352843","1997175427","0.4"
"1997175427","2916504848","0.0666667"
"2916504848","1997175427","0.0666667"
"2075820457","2507984523","0.0666667"
"2507984523","2075820457","0.0666667"
"2075820457","2529352843","0.4"
"2529352843","2075820457","0.4"
"2075820457","2759373267","2.79029"
"2759373267","2075820457","2.79029"
"2075820457","2890579411","0.233333"
"2890579411","2075820457","0.233333"
"2075820457","2895250764","0.293322"
"2895250764","2075820457","0.293322"
"2075820457","2916504848","0.129167"
"2916504848","2075820457","0.129167"
"2075820457","343686539","0.12549"
"343686539","2075820457","0.12549"
"2092168421","2134869655","1.10219"
"2134869655","2092168421","1.10219"
"2092168421","2507984523","0.0666667"
"2507984523","2092168421","0.0666667"
"2092168421","2509733731","0.0666667"
"2509733731","2092168421","0.0666667"
"2092168421","2529352843","0.0666667"
"2529352843","2092168421","0.0666667"
"2092168421","2759373267","1.35769"
"2759373267","2092168421","1.35769"
"2092168421","2890579411","0.0666667"
"2890579411","2092168421","0.0666667"
"2092168421","2895250764","0.311422"
"2895250764","2092168421","0.311422"
"2092168421","2916504848","0.129167"
"2916504848","2092168421","0.129167"
"2092168421","343686539","0.114286"
"343686539","2092168421","0.114286"
"2134869655","2507984523","0.0666667"
"2507984523","2134869655","0.0666667"
"2134869655","2529352843","0.0666667"
"2529352843","2134869655","0.0666667"
"2134869655","2759373267","0.980765"
"2759373267","2134869655","0.980765"
"2134869655","2890579411","0.0666667"
"2890579411","2134869655","0.0666667"
"2134869655","2895250764","0.234499"
"2895250764","2134869655","0.234499"
"2134869655","2916504848","0.129167"
"2916504848","2134869655","0.129167"
"2134869655","343686539","0.114286"
"343686539","2134869655","0.114286"
"2507984523","2509733731","0.103704"
"2509733731","2507984523","0.103704"
"2507984523","2529352843","0.175132"
"2529352843","2507984523","0.175132"
"2507984523","2759373267","0.508466"
"2759373267","2507984523","0.508466"
"2507984523","2890579411","0.0666667"
"2890579411","2507984523","0.0666667"
"2507984523","2895250764","0.508466"
"2895250764","2507984523","0.508466"
"2507984523","2916504848","0.0666667"
"2916504848","2507984523","0.0666667"
"2507984523","343686539","0.266667"
"343686539","2507984523","0.266667"
"2509733731","2529352843","5.02037"
"2529352843","2509733731","5.02037"
"2509733731","2759373267","0.103704"
"2759373267","2509733731","0.103704"
"2509733731","2890579411","0.0666667"
"2890579411","2509733731","0.0666667"
"2509733731","2895250764","0.103704"
"2895250764","2509733731","0.103704"
"2509733731","2916504848","0.566667"
"2916504848","2509733731","0.566667"
"2509733731","343686539","0.0666667"
"343686539","2509733731","0.0666667"
"2529352843","2890579411","0.0666667"
"2890579411","2529352843","0.0666667"
"2529352843","2895250764","0.375132"
"2895250764","2529352843","0.375132"
"2529352843","2916504848","0.0666667"
"2916504848","2529352843","0.0666667"
"2529352843","343686539","0.0666667"
"343686539","2529352843","0.0666667"
"2759373267","2916504848","0.129167"
"2916504848","2759373267","0.129167"
"2890579411","2916504848","0.233333"
"2916504848","2890579411","0.233333"
"2895250764","2916504848","0.433333"
"2916504848","2895250764","0.433333"
"2916504848","343686539","0.0666667"
"343686539","2916504848","0.0666667"
"1839283191","2164762195","1.125"
"2164762195","1839283191","1.125"
"1839283191","2327173938","0.991667"
"2327173938","1839283191","0.991667"
"2073476146","2327173938","4.62809"
"2327173938","2073476146","4.62809"
"2073476146","2759373267","1.42928"
"2759373267","2073476146","1.42928"
"2327173938","2759373267","1.54039"
"2759373267","2327173938","1.54039"
"1993267542","2327173938","2.31023"
"2327173938","1993267542","2.31023"
"2000905420","2327173938","5.09115"
"2327173938","2000905420","5.09115"
"2075820457","2327173938","1.04402"
"2327173938","2075820457","1.04402"
"1987782678","2529352843","0.5"
"2529352843","1987782678","0.5"
"1839283191","2324988010","0.237037"
"2324988010","1839283191","0.237037"
"1967989298","2324988010","4.26905"
"2324988010","1967989298","4.26905"
"1967989298","2529352843","0.7"
"2529352843","1967989298","0.7"
"1967989298","2792554121","0.2"
"2792554121","1967989298","0.2"
"1967989298","2895250764","0.701165"
"2895250764","1967989298","0.701165"
"2324988010","2529352843","0.987037"
"2529352843","2324988010","0.987037"
"2324988010","2792554121","0.237037"
"2792554121","2324988010","0.237037"
"2529352843","2792554121","0.308466"
"2792554121","2529352843","0.308466"
"2792554121","2895250764","0.508466"
"2895250764","2792554121","0.508466"
"2327173938","2509733731","0.666667"
"2509733731","2327173938","0.666667"
"2327173938","2529352843","1.66667"
"2529352843","2327173938","1.66667"
"1839283191","2726291047","0.287037"
"2726291047","1839283191","0.287037"
"1987782678","2726291047","0.25"
"2726291047","1987782678","0.25"
"1987782678","2759373267","2.73612"
"2759373267","1987782678","2.73612"
"2014894228","2726291047","0.287037"
"2726291047","2014894228","0.287037"
"2014894228","2759373267","2.1679"
"2759373267","2014894228","2.1679"
"2726291047","2759373267","2.42097"
"2759373267","2726291047","2.42097"
"1839283191","2463821062","0.162037"
"2463821062","1839283191","0.162037"
"1839283191","2520634214","0.162037"
"2520634214","1839283191","0.162037"
"1993267542","2110861511","2.98642"
"2110861511","1993267542","2.98642"
"1993267542","2164762195","0.375"
"2164762195","1993267542","0.375"
"1993267542","2463821062","0.125"
"2463821062","1993267542","0.125"
"1993267542","2520634214","0.125"
"2520634214","1993267542","0.125"
"2000905420","2164762195","0.125"
"2164762195","2000905420","0.125"
"2000905420","2463821062","0.625"
"2463821062","2000905420","0.625"
"2000905420","2520634214","0.625"
"2520634214","2000905420","0.625"
"2073476146","2110861511","0.625708"
"2110861511","2073476146","0.625708"
"2073476146","2164762195","0.125"
"2164762195","2073476146","0.125"
"2073476146","2463821062","0.125"
"2463821062","2073476146","0.125"
"2073476146","2520634214","0.125"
"2520634214","2073476146","0.125"
"2110861511","2164762195","0.125"
"2164762195","2110861511","0.125"
"2110861511","2327173938","0.903485"
"2327173938","2110861511","0.903485"
"2110861511","2463821062","0.125"
"2463821062","2110861511","0.125"
"2110861511","2520634214","0.125"
"2520634214","2110861511","0.125"
"2164762195","2327173938","0.125"
"2327173938","2164762195","0.125"
"2327173938","2463821062","0.125"
"2463821062","2327173938","0.125"
"2327173938","2520634214","0.125"
"2520634214","2327173938","0.125"
"1839283191","1998940406","0.037037"
"1998940406","1839283191","0.037037"
"1839283191","2019405311","0.037037"
"2019405311","1839283191","0.037037"
"1839283191","2303507108","0.037037"
"2303507108","1839283191","0.037037"
"1839283191","2403585062","0.037037"
"2403585062","1839283191","0.037037"
"1839283191","2492339683","0.037037"
"2492339683","1839283191","0.037037"
"1839283191","2509008543","0.037037"
"2509008543","1839283191","0.037037"
"1839283191","2580937131","0.037037"
"2580937131","1839283191","0.037037"
"1839283191","2765219101","0.037037"
"2765219101","1839283191","0.037037"
"1839283191","2980736546","0.037037"
"2980736546","1839283191","0.037037"
"1839283191","2999155157","0.037037"
"2999155157","1839283191","0.037037"
"1861738855","1998940406","0.037037"
"1998940406","1861738855","0.037037"
"1861738855","2019405311","0.156085"
"2019405311","1861738855","0.156085"
"1861738855","2090575729","0.214908"
"2090575729","1861738855","0.214908"
"1861738855","2303507108","0.0846561"
"2303507108","1861738855","0.0846561"
"1861738855","2324988010","0.037037"
"2324988010","1861738855","0.037037"
"1861738855","2403585062","0.037037"
"2403585062","1861738855","0.037037"
"1861738855","2463821062","0.0958606"
"2463821062","1861738855","0.0958606"
"1861738855","2492339683","0.037037"
"2492339683","1861738855","0.037037"
"1861738855","2509008543","0.167289"
"2509008543","1861738855","0.167289"
"1861738855","2520634214","0.037037"
"2520634214","1861738855","0.037037"
"1861738855","2580937131","0.0846561"
"2580937131","1861738855","0.0846561"
"1861738855","2726291047","0.203704"
"2726291047","1861738855","0.203704"
"1861738855","2765219101","0.0958606"
"2765219101","1861738855","0.0958606"
"1861738855","2980736546","0.0958606"
"2980736546","1861738855","0.0958606"
"1861738855","2999155157","0.964908"
"2999155157","1861738855","0.964908"
"1963779976","1998940406","0.62037"
"1998940406","1963779976","0.62037"
"1963779976","2019405311","0.179894"
"2019405311","1963779976","0.179894"
"1963779976","2090575729","0.167289"
"2090575729","1963779976","0.167289"
"1963779976","2303507108","0.037037"
"2303507108","1963779976","0.037037"
"1963779976","2324988010","0.037037"
"2324988010","1963779976","0.037037"
"1963779976","2403585062","0.037037"
"2403585062","1963779976","0.037037"
"1963779976","2580937131","0.308466"
"2580937131","1963779976","0.308466"
"1963779976","2726291047","0.275132"
"2726291047","1963779976","0.275132"
"1963779976","2765219101","0.295861"
"2765219101","1963779976","0.295861"
"1963779976","2999155157","2.05538"
"2999155157","1963779976","2.05538"
"1986759966","1998940406","0.037037"
"1998940406","1986759966","0.037037"
"1986759966","2303507108","0.0846561"
"2303507108","1986759966","0.0846561"
"1986759966","2324988010","0.037037"
"2324988010","1986759966","0.037037"
"1986759966","2403585062","0.037037"
"2403585062","1986759966","0.037037"
"1986759966","2463821062","0.0958606"
"2463821062","1986759966","0.0958606"
"1986759966","2492339683","0.037037"
"2492339683","1986759966","0.037037"
"1986759966","2507984523","0.108466"
"2507984523","1986759966","0.108466"
"1986759966","2509008543","0.238718"
"2509008543","1986759966","0.238718"
"1986759966","2509733731","0.037037"
"2509733731","1986759966","0.037037"
"1986759966","2529352843","0.108466"
"2529352843","1986759966","0.108466"
"1986759966","2580937131","0.156085"
