"114159251","1584440973","11.8667"
"1584440973","114159251","11.8667"
"114159251","2148381466","6.16667"
"2148381466","114159251","6.16667"
"114159251","2123656392","0.5"
"2123656392","114159251","0.5"
"1584440973","2123656392","0.611111"
"2123656392","1584440973","0.611111"
"1584440973","2148381466","6.16667"
"2148381466","1584440973","6.16667"
"114159251","2055447994","0.366667"
"2055447994","114159251","0.366667"
"114159251","2106471919","0.366667"
"2106471919","114159251","0.366667"
"114159251","2146952692","0.2"
"2146952692","114159251","0.2"
"114159251","2162135879","0.366667"
"2162135879","114159251","0.366667"
"1584440973","2055447994","0.366667"
"2055447994","1584440973","0.366667"
"1584440973","2106471919","0.366667"
"2106471919","1584440973","0.366667"
"1584440973","2146952692","0.2"
"2146952692","1584440973","0.2"
"1584440973","2162135879","0.366667"
"2162135879","1584440973","0.366667"
"2055447994","2106471919","3.2"
"2106471919","2055447994","3.2"
"2055447994","2146952692","1.53333"
"2146952692","2055447994","1.53333"
"2055447994","2162135879","7.2"
"2162135879","2055447994","7.2"
"2106471919","2146952692","2.03333"
"2146952692","2106471919","2.03333"
"2106471919","2162135879","4.2"
"2162135879","2106471919","4.2"
"2146952692","2162135879","1.53333"
"2162135879","2146952692","1.53333"
"114159251","2165420164","0.166667"
"2165420164","114159251","0.166667"
"1584440973","2165420164","0.166667"
"2165420164","1584440973","0.166667"
"2055447994","2148381466","0.166667"
"2148381466","2055447994","0.166667"
"2055447994","2165420164","0.166667"
"2165420164","2055447994","0.166667"
"2106471919","2148381466","0.166667"
"2148381466","2106471919","0.166667"
"2106471919","2165420164","0.666667"
"2165420164","2106471919","0.666667"
"2148381466","2162135879","0.166667"
"2162135879","2148381466","0.166667"
"2148381466","2165420164","0.166667"
"2165420164","2148381466","0.166667"
"2162135879","2165420164","0.166667"
"2165420164","2162135879","0.166667"
"114159251","1960993122","1"
"1960993122","114159251","1"
"11613236","2185155982","1.58333"
"2185155982","11613236","1.58333"
"11613236","233481872","0.416667"
"233481872","11613236","0.416667"
"11613236","2602930571","0.333333"
"2602930571","11613236","0.333333"
"11613236","2883284371","0.833333"
"2883284371","11613236","0.833333"
"233481872","2602930571","2.33333"
"2602930571","233481872","2.33333"
"233481872","2883284371","0.47619"
"2883284371","233481872","0.47619"
"2602930571","2883284371","0.333333"
"2883284371","2602930571","0.333333"
"11613236","153989503","0.2"
"153989503","11613236","0.2"
"11613236","1584440973","0.2"
"1584440973","11613236","0.2"
"11613236","2133350412","0.283333"
"2133350412","11613236","0.283333"
"11613236","2186723458","0.2"
"2186723458","11613236","0.2"
"11613236","286152367","0.283333"
"286152367","11613236","0.283333"
"153989503","1584440973","0.542857"
"1584440973","153989503","0.542857"
"153989503","2133350412","1.15397"
"2133350412","153989503","1.15397"
"153989503","2186723458","3.15397"
"2186723458","153989503","3.15397"
"153989503","286152367","1.45397"
"286152367","153989503","1.45397"
"1584440973","2133350412","0.542857"
"2133350412","1584440973","0.542857"
"1584440973","2186723458","0.542857"
"2186723458","1584440973","0.542857"
"1584440973","286152367","0.342857"
"286152367","1584440973","0.342857"
"2133350412","2186723458","1.65397"
"2186723458","2133350412","1.65397"
"2133350412","286152367","0.537302"
"286152367","2133350412","0.537302"
"2186723458","286152367","0.453968"
"286152367","2186723458","0.453968"
"11613236","1526027902","0.0833333"
"1526027902","11613236","0.0833333"
"11613236","1579435408","0.0833333"
"1579435408","11613236","0.0833333"
"11613236","2025283282","0.583333"
"2025283282","11613236","0.583333"
"11613236","2068392212","0.0833333"
"2068392212","11613236","0.0833333"
"11613236","2071975988","0.0833333"
"2071975988","11613236","0.0833333"
"11613236","2128050080","0.0833333"
"2128050080","11613236","0.0833333"
"11613236","2143077131","0.0833333"
"2143077131","11613236","0.0833333"
"11613236","2608948251","0.0833333"
"2608948251","11613236","0.0833333"
"1526027902","1579435408","0.42619"
"1579435408","1526027902","0.42619"
"1526027902","2025283282","0.0833333"
"2025283282","1526027902","0.0833333"
"1526027902","2068392212","0.194444"
"2068392212","1526027902","0.194444"
"1526027902","2071975988","0.22619"
"2071975988","1526027902","0.22619"
"1526027902","2128050080","0.194444"
"2128050080","1526027902","0.194444"
"1526027902","2133350412","0.537302"
"2133350412","1526027902","0.537302"
"1526027902","2143077131","0.0833333"
"2143077131","1526027902","0.0833333"
"1526027902","2185155982","0.194444"
"2185155982","1526027902","0.194444"
"1526027902","233481872","0.0833333"
"233481872","1526027902","0.0833333"
"1526027902","2608948251","0.194444"
"2608948251","1526027902","0.194444"
"1526027902","286152367","0.337302"
"286152367","1526027902","0.337302"
"1579435408","2025283282","0.0833333"
"2025283282","1579435408","0.0833333"
"1579435408","2068392212","0.0833333"
"2068392212","1579435408","0.0833333"
"1579435408","2071975988","0.22619"
"2071975988","1579435408","0.22619"
"1579435408","2128050080","0.0833333"
"2128050080","1579435408","0.0833333"
"1579435408","2133350412","5.92619"
"2133350412","1579435408","5.92619"
"1579435408","2143077131","0.0833333"
"2143077131","1579435408","0.0833333"
"1579435408","2185155982","0.0833333"
"2185155982","1579435408","0.0833333"
"1579435408","233481872","0.0833333"
"233481872","1579435408","0.0833333"
"1579435408","2608948251","0.0833333"
"2608948251","1579435408","0.0833333"
"1579435408","286152367","0.22619"
"286152367","1579435408","0.22619"
"2025283282","2068392212","0.416667"
"2068392212","2025283282","0.416667"
"2025283282","2071975988","0.22619"
"2071975988","2025283282","0.22619"
"2025283282","2128050080","0.416667"
"2128050080","2025283282","0.416667"
"2025283282","2133350412","0.0833333"
"2133350412","2025283282","0.0833333"
"2025283282","2143077131","0.22619"
"2143077131","2025283282","0.22619"
"2025283282","2185155982","4.05952"
"2185155982","2025283282","4.05952"
"2025283282","233481872","0.22619"
"233481872","2025283282","0.22619"
"2025283282","2608948251","0.0833333"
"2608948251","2025283282","0.0833333"
"2025283282","286152367","0.0833333"
"286152367","2025283282","0.0833333"
"2068392212","2071975988","0.0833333"
"2071975988","2068392212","0.0833333"
"2068392212","2128050080","11.3944"
"2128050080","2068392212","11.3944"
"2068392212","2133350412","1.02778"
"2133350412","2068392212","1.02778"
"2068392212","2143077131","0.0833333"
"2143077131","2068392212","0.0833333"
"2068392212","2185155982","0.861111"
"2185155982","2068392212","0.861111"
"2068392212","233481872","0.0833333"
"233481872","2068392212","0.0833333"
"2068392212","2608948251","0.194444"
"2608948251","2068392212","0.194444"
"2068392212","286152367","0.194444"
"286152367","2068392212","0.194444"
"2071975988","2128050080","0.0833333"
"2128050080","2071975988","0.0833333"
"2071975988","2133350412","0.22619"
"2133350412","2071975988","0.22619"
"2071975988","2143077131","0.559524"
"2143077131","2071975988","0.559524"
"2071975988","2185155982","0.22619"
"2185155982","2071975988","0.22619"
"2071975988","233481872","0.22619"
"233481872","2071975988","0.22619"
"2071975988","2608948251","1.08333"
"2608948251","2071975988","1.08333"
"2071975988","286152367","0.22619"
"286152367","2071975988","0.22619"
"2128050080","2133350412","0.527778"
"2133350412","2128050080","0.527778"
"2128050080","2143077131","0.0833333"
"2143077131","2128050080","0.0833333"
"2128050080","2185155982","0.861111"
"2185155982","2128050080","0.861111"
"2128050080","233481872","0.0833333"
"233481872","2128050080","0.0833333"
"2128050080","2608948251","0.194444"
"2608948251","2128050080","0.194444"
"2128050080","286152367","0.194444"
"286152367","2128050080","0.194444"
"2133350412","2143077131","0.0833333"
"2143077131","2133350412","0.0833333"
"2133350412","2185155982","0.527778"
"2185155982","2133350412","0.527778"
"2133350412","233481872","0.0833333"
"233481872","2133350412","0.0833333"
"2133350412","2608948251","0.194444"
"2608948251","2133350412","0.194444"
"2143077131","2185155982","0.22619"
"2185155982","2143077131","0.22619"
"2143077131","233481872","0.22619"
"233481872","2143077131","0.22619"
"2143077131","2608948251","0.0833333"
"2608948251","2143077131","0.0833333"
"2143077131","286152367","0.0833333"
"286152367","2143077131","0.0833333"
"2185155982","233481872","0.22619"
"233481872","2185155982","0.22619"
"2185155982","2608948251","0.194444"
"2608948251","2185155982","0.194444"
"2185155982","286152367","0.194444"
"286152367","2185155982","0.194444"
"233481872","2608948251","0.0833333"
"2608948251","233481872","0.0833333"
"233481872","286152367","0.0833333"
"286152367","233481872","0.0833333"
"2608948251","286152367","0.194444"
"286152367","2608948251","0.194444"
"11613236","2802253798","0.5"
"2802253798","11613236","0.5"
"2802253798","2883284371","9.5"
"2883284371","2802253798","9.5"
"127422473","2608948251","1"
"2608948251","127422473","1"
"1500488572","1554757161","1.94444"
"1554757161","1500488572","1.94444"
"1500488572","1584440973","0.111111"
"1584440973","1500488572","0.111111"
"1500488572","1974054882","0.444444"
"1974054882","1500488572","0.444444"
"1500488572","2095673361","11.9444"
"2095673361","1500488572","11.9444"
"1500488572","2108545961","0.444444"
"2108545961","1500488572","0.444444"
"1500488572","2123656392","0.444444"
"2123656392","1500488572","0.444444"
"1500488572","2131175701","0.111111"
"2131175701","1500488572","0.111111"
"1500488572","2137220040","1.27778"
"2137220040","1500488572","1.27778"
"1500488572","2168694032","0.111111"
"2168694032","1500488572","0.111111"
"1554757161","1584440973","0.111111"
"1584440973","1554757161","0.111111"
"1554757161","1974054882","0.694444"
"1974054882","1554757161","0.694444"
"1554757161","2095673361","2.61111"
"2095673361","1554757161","2.61111"
"1554757161","2108545961","0.111111"
"2108545961","1554757161","0.111111"
"1554757161","2123656392","0.361111"
"2123656392","1554757161","0.361111"
"1554757161","2131175701","0.361111"
"2131175701","1554757161","0.361111"
"1554757161","2137220040","0.444444"
"2137220040","1554757161","0.444444"
"1554757161","2168694032","0.361111"
"2168694032","1554757161","0.361111"
"1584440973","1974054882","0.111111"
"1974054882","1584440973","0.111111"
"1584440973","2095673361","0.111111"
"2095673361","1584440973","0.111111"
"1584440973","2108545961","0.111111"
"2108545961","1584440973","0.111111"
"1584440973","2131175701","0.111111"
"2131175701","1584440973","0.111111"
"1584440973","2137220040","0.111111"
"2137220040","1584440973","0.111111"
"1584440973","2168694032","0.111111"
"2168694032","1584440973","0.111111"
"1974054882","2095673361","0.361111"
"2095673361","1974054882","0.361111"
"1974054882","2108545961","0.611111"
"2108545961","1974054882","0.611111"
"1974054882","2123656392","0.361111"
"2123656392","1974054882","0.361111"
"1974054882","2131175701","0.361111"
"2131175701","1974054882","0.361111"
"1974054882","2137220040","3.86111"
"2137220040","1974054882","3.86111"
"1974054882","2168694032","0.361111"
"2168694032","1974054882","0.361111"
"2095673361","2108545961","0.444444"
"2108545961","2095673361","0.444444"
"2095673361","2123656392","0.111111"
"2123656392","2095673361","0.111111"
"2095673361","2131175701","0.111111"
"2131175701","2095673361","0.111111"
"2095673361","2137220040","0.361111"
"2137220040","2095673361","0.361111"
"2095673361","2168694032","0.111111"
"2168694032","2095673361","0.111111"
"2108545961","2123656392","0.777778"
"2123656392","2108545961","0.777778"
"2108545961","2131175701","0.444444"
"2131175701","2108545961","0.444444"
"2108545961","2137220040","0.944444"
"2137220040","2108545961","0.944444"
"2108545961","2168694032","0.444444"
"2168694032","2108545961","0.444444"
"2123656392","2131175701","0.894444"
"2131175701","2123656392","0.894444"
"2123656392","2137220040","0.444444"
"2137220040","2123656392","0.444444"
"2123656392","2168694032","0.894444"
"2168694032","2123656392","0.894444"
"2131175701","2137220040","0.111111"
"2137220040","2131175701","0.111111"
"2131175701","2168694032","7.56111"
"2168694032","2131175701","7.56111"
"2137220040","2168694032","0.111111"
"2168694032","2137220040","0.111111"
"1500488572","2187827799","0.5"
"2187827799","1500488572","0.5"
"2137220040","2187827799","0.5"
"2187827799","2137220040","0.5"
"1500488572","2078698965","0.333333"
"2078698965","1500488572","0.333333"
"1500488572","2092072097","0.333333"
"2092072097","1500488572","0.333333"
"2078698965","2092072097","12.5333"
"2092072097","2078698965","12.5333"
"2078698965","2095673361","0.666667"
"2095673361","2078698965","0.666667"
"2092072097","2095673361","1.66667"
"2095673361","2092072097","1.66667"
"1525147170","2093855404","11.8333"
"2093855404","1525147170","11.8333"
"1525147170","1647998409","0.5"
"1647998409","1525147170","0.5"
"1647998409","2093855404","0.5"
"2093855404","1647998409","0.5"
"1525147170","2117618130","0.5"
"2117618130","1525147170","0.5"
"2093855404","2117618130","1.5"
"2117618130","2093855404","1.5"
"1525147170","99459152","0.5"
"99459152","1525147170","0.5"
"2093855404","99459152","0.5"
"99459152","2093855404","0.5"
"1525147170","1999432478","0.333333"
"1999432478","1525147170","0.333333"
"1525147170","231806182","0.333333"
"231806182","1525147170","0.333333"
"1999432478","2093855404","2.33333"
"2093855404","1999432478","2.33333"
"1999432478","231806182","0.666667"
"231806182","1999432478","0.666667"
"2093855404","231806182","0.333333"
"231806182","2093855404","0.333333"
"1526027902","1627091850","3.61111"
"1627091850","1526027902","3.61111"
"1526027902","153989503","0.453968"
"153989503","1526027902","0.453968"
"1526027902","1584440973","0.342857"
"1584440973","1526027902","0.342857"
"1526027902","2186723458","0.453968"
"2186723458","1526027902","0.453968"
"153989503","1579435408","0.342857"
"1579435408","153989503","0.342857"
"153989503","2071975988","0.142857"
"2071975988","153989503","0.142857"
"1579435408","1584440973","0.342857"
"1584440973","1579435408","0.342857"
"1579435408","2186723458","0.342857"
"2186723458","1579435408","0.342857"
"1584440973","2071975988","1.14286"
"2071975988","1584440973","1.14286"
"2071975988","2186723458","0.142857"
"2186723458","2071975988","0.142857"
"1526027902","1891254999","1.5"
"1891254999","1526027902","1.5"
"1627091850","1891254999","1.5"
"1891254999","1627091850","1.5"
"153989503","1627091850","0.111111"
"1627091850","153989503","0.111111"
"153989503","2068392212","0.111111"
"2068392212","153989503","0.111111"
"153989503","2128050080","0.111111"
"2128050080","153989503","0.111111"
"153989503","2185155982","0.111111"
"2185155982","153989503","0.111111"
"153989503","2608948251","0.111111"
"2608948251","153989503","0.111111"
"1627091850","2068392212","0.611111"
"2068392212","1627091850","0.611111"
"1627091850","2128050080","0.611111"
"2128050080","1627091850","0.611111"
"1627091850","2133350412","0.111111"
"2133350412","1627091850","0.111111"
"1627091850","2185155982","0.111111"
"2185155982","1627091850","0.111111"
"1627091850","2186723458","0.111111"
"2186723458","1627091850","0.111111"
"1627091850","2608948251","0.111111"
"2608948251","1627091850","0.111111"
"1627091850","286152367","0.111111"
"286152367","1627091850","0.111111"
"2068392212","2186723458","0.611111"
"2186723458","2068392212","0.611111"
"2128050080","2186723458","0.111111"
"2186723458","2128050080","0.111111"
"2185155982","2186723458","0.111111"
"2186723458","2185155982","0.111111"
"2186723458","2608948251","0.111111"
"2608948251","2186723458","0.111111"
"1554757161","2165420164","1"
"2165420164","1554757161","1"
"1579435408","2123656392","0.5"
"2123656392","1579435408","0.5"
"2123656392","2133350412","0.5"
"2133350412","2123656392","0.5"
"1647998409","2097210453","2"
"2097210453","1647998409","2"
"1647998409","99459152","1"
"99459152","1647998409","1"
"1886913647","2003683276","4"
"2003683276","1886913647","4"
"1886913647","2601638040","1"
"2601638040","1886913647","1"
"1891254999","2068392212","0.5"
"2068392212","1891254999","0.5"
"1891254999","2128050080","0.5"
"2128050080","1891254999","0.5"
"1974054882","1999432478","0.25"
"1999432478","1974054882","0.25"
"1974054882","2883284371","0.25"
"2883284371","1974054882","0.25"
"1999432478","2095673361","0.25"
"2095673361","1999432478","0.25"
"1999432478","2137220040","0.25"
"2137220040","1999432478","0.25"
"1999432478","2883284371","0.25"
"2883284371","1999432478","0.25"
"2095673361","2883284371","0.25"
"2883284371","2095673361","0.25"
"2137220040","2883284371","0.25"
"2883284371","2137220040","0.25"
"1974054882","2078698965","1.16667"
"2078698965","1974054882","1.16667"
"1974054882","2092072097","1.16667"
"2092072097","1974054882","1.16667"
"2078698965","2137220040","0.666667"
"2137220040","2078698965","0.666667"
"2092072097","2137220040","0.666667"
"2137220040","2092072097","0.666667"
"1999432478","99459152","1"
"99459152","1999432478","1"
"1999432478","2571271158","0.333333"
"2571271158","1999432478","0.333333"
"1999432478","2602930571","0.333333"
"2602930571","1999432478","0.333333"
"231806182","2571271158","0.333333"
"2571271158","231806182","0.333333"
"231806182","2602930571","0.333333"
"2602930571","231806182","0.333333"
"2571271158","2602930571","0.333333"
"2602930571","2571271158","0.333333"
"1999432478","2117618130","2"
"2117618130","1999432478","2"
"1999432478","2089762495","1"
"2089762495","1999432478","1"
"2089762495","2117618130","2"
"2117618130","2089762495","2"
"2025283282","2089762495","0.142857"
"2089762495","2025283282","0.142857"
"2025283282","2093855404","0.142857"
"2093855404","2025283282","0.142857"
"2025283282","2883284371","0.142857"
"2883284371","2025283282","0.142857"
"2071975988","2089762495","0.142857"
"2089762495","2071975988","0.142857"
"2071975988","2093855404","0.142857"
"2093855404","2071975988","0.142857"
"2071975988","2883284371","0.142857"
"2883284371","2071975988","0.142857"
"2089762495","2093855404","0.142857"
"2093855404","2089762495","0.142857"
"2089762495","2143077131","0.142857"
"2143077131","2089762495","0.142857"
"2089762495","2185155982","0.142857"
"2185155982","2089762495","0.142857"
"2089762495","233481872","0.142857"
"233481872","2089762495","0.142857"
"2089762495","2883284371","0.142857"
"2883284371","2089762495","0.142857"
"2093855404","2143077131","0.142857"
"2143077131","2093855404","0.142857"
"2093855404","2185155982","0.142857"
"2185155982","2093855404","0.142857"
"2093855404","233481872","0.142857"
"233481872","2093855404","0.142857"
"2093855404","2883284371","1.14286"
"2883284371","2093855404","1.14286"
"2143077131","2883284371","0.142857"
"2883284371","2143077131","0.142857"
"2185155982","2883284371","0.142857"
"2883284371","2185155982","0.142857"
"2027393969","2088008685","15"
"2088008685","2027393969","15"
"2027393969","2946097467","1"
"2946097467","2027393969","1"
"2030611346","2145901875","2"
"2145901875","2030611346","2"
"2052662435","2131175701","1.16667"
"2131175701","2052662435","1.16667"
"2052662435","2168694032","0.666667"
"2168694032","2052662435","0.666667"
"2052662435","2185414628","11.7"
"2185414628","2052662435","11.7"
"2131175701","2185414628","1.16667"
"2185414628","2131175701","1.16667"
"2168694032","2185414628","0.666667"
"2185414628","2168694032","0.666667"
"2052662435","2068392212","0.533333"
"2068392212","2052662435","0.533333"
"2052662435","2108545961","0.2"
"2108545961","2052662435","0.2"
"2052662435","2128050080","0.533333"
"2128050080","2052662435","0.533333"
"2052662435","2185369563","1.7"
"2185369563","2052662435","1.7"
"2068392212","2108545961","0.2"
"2108545961","2068392212","0.2"
"2068392212","2185369563","0.2"
"2185369563","2068392212","0.2"
"2068392212","2185414628","0.533333"
"2185414628","2068392212","0.533333"
"2108545961","2128050080","0.2"
"2128050080","2108545961","0.2"
"2108545961","2185369563","0.2"
"2185369563","2108545961","0.2"
"2108545961","2185414628","0.2"
"2185414628","2108545961","0.2"
"2128050080","2185369563","0.2"
"2185369563","2128050080","0.2"
"2128050080","2185414628","0.533333"
"2185414628","2128050080","0.533333"
"2185369563","2185414628","0.7"
"2185414628","2185369563","0.7"
"2052662435","2146952692","0.5"
"2146952692","2052662435","0.5"
"2146952692","2185414628","0.5"
"2185414628","2146952692","0.5"
"2071975988","2528403046","0.333333"
"2528403046","2071975988","0.333333"
"2071975988","2963414520","0.333333"
"2963414520","2071975988","0.333333"
"2143077131","2528403046","0.333333"
"2528403046","2143077131","0.333333"
"2143077131","2963414520","0.333333"
"2963414520","2143077131","0.333333"
"2528403046","2963414520","7.33333"
"2963414520","2528403046","7.33333"
"2078698965","2108545961","0.833333"
"2108545961","2078698965","0.833333"
"2092072097","2108545961","0.833333"
"2108545961","2092072097","0.833333"
"2078698965","2123656392","0.2"
"2123656392","2078698965","0.2"
"2078698965","2131175701","0.2"
"2131175701","2078698965","0.2"
"2078698965","2147387946","0.2"
"2147387946","2078698965","0.2"
"2078698965","2168694032","0.2"
"2168694032","2078698965","0.2"
"2092072097","2123656392","0.2"
"2123656392","2092072097","0.2"
"2092072097","2131175701","0.2"
"2131175701","2092072097","0.2"
"2092072097","2147387946","0.2"
"2147387946","2092072097","0.2"
"2092072097","2168694032","0.2"
"2168694032","2092072097","0.2"
"2123656392","2147387946","1.2"
"2147387946","2123656392","1.2"
"2131175701","2147387946","0.2"
"2147387946","2131175701","0.2"
"2147387946","2168694032","0.2"
"2168694032","2147387946","0.2"
"2089762495","2093705416","3"
"2093705416","2089762495","3"
"2146952692","2165420164","2.5"
"2165420164","2146952692","2.5"
"2117618130","231806182","2"
"231806182","2117618130","2"
"2143077131","2602930571","1"
"2602930571","2143077131","1"
"2182342230","2470330074","1"
"2470330074","2182342230","1"
"2311559738","2594019237","0.5"
"2594019237","2311559738","0.5"
"2311559738","2951430153","5.5"
"2951430153","2311559738","5.5"
"2594019237","2951430153","0.5"
"2951430153","2594019237","0.5"
"231806182","233481872","1"
"233481872","231806182","1"
"2394861700","2519198042","20"
"2519198042","2394861700","20"
"2437030506","2575198900","3.16667"
"2575198900","2437030506","3.16667"
"2437030506","2802987431","1.5"
"2802987431","2437030506","1.5"
"2575198900","2802987431","1.16667"
"2802987431","2575198900","1.16667"
"2437030506","2951702103","1"
"2951702103","2437030506","1"
"2575198900","2951702103","0.666667"
"2951702103","2575198900","0.666667"
"2802987431","2951702103","8.5"
"2951702103","2802987431","8.5"
"2437030506","2598262646","0.333333"
"2598262646","2437030506","0.333333"
"2598262646","2802987431","2.83333"
"2802987431","2598262646","2.83333"
"2598262646","2951702103","0.833333"
"2951702103","2598262646","0.833333"
"2594019237","2775346300","4.08333"
"2775346300","2594019237","4.08333"
"2594019237","2900842054","3.08333"
"2900842054","2594019237","3.08333"
"2594019237","2963050715","4.58333"
"2963050715","2594019237","4.58333"
"2775346300","2900842054","4.08333"
"2900842054","2775346300","4.08333"
"2775346300","2963050715","11.0833"
"2963050715","2775346300","11.0833"
"2900842054","2963050715","5.08333"
"2963050715","2900842054","5.08333"
"2594019237","2900464026","1.25"
"2900464026","2594019237","1.25"
"2775346300","2900464026","1.75"
"2900464026","2775346300","1.75"
"2900464026","2900842054","3.75"
"2900842054","2900464026","3.75"
"2900464026","2963050715","2.25"
"2963050715","2900464026","2.25"
"2608948251","2883284371","1"
"2883284371","2608948251","1"
