"112228497","2067092965","10.9583"
"2067092965","112228497","10.9583"
"112228497","1498047526","0.236111"
"1498047526","112228497","0.236111"
"112228497","1592237688","0.236111"
"1592237688","112228497","0.236111"
"112228497","1966836840","4.45833"
"1966836840","112228497","4.45833"
"112228497","2009144907","0.458333"
"2009144907","112228497","0.458333"
"112228497","2061240327","0.236111"
"2061240327","112228497","0.236111"
"112228497","2144182447","0.736111"
"2144182447","112228497","0.736111"
"112228497","2170645625","0.236111"
"2170645625","112228497","0.236111"
"1498047526","1592237688","0.819444"
"1592237688","1498047526","0.819444"
"1498047526","1966836840","0.125"
"1966836840","1498047526","0.125"
"1498047526","2009144907","0.402778"
"2009144907","1498047526","0.402778"
"1498047526","2061240327","1.21389"
"2061240327","1498047526","1.21389"
"1498047526","2067092965","0.125"
"2067092965","1498047526","0.125"
"1498047526","2144182447","3.71389"
"2144182447","1498047526","3.71389"
"1498047526","2170645625","0.236111"
"2170645625","1498047526","0.236111"
"1592237688","1966836840","0.125"
"1966836840","1592237688","0.125"
"1592237688","2009144907","0.291667"
"2009144907","1592237688","0.291667"
"1592237688","2061240327","1.28157"
"2061240327","1592237688","1.28157"
"1592237688","2067092965","0.125"
"2067092965","1592237688","0.125"
"1592237688","2144182447","1.23611"
"2144182447","1592237688","1.23611"
"1592237688","2170645625","0.236111"
"2170645625","1592237688","0.236111"
"1966836840","2009144907","0.458333"
"2009144907","1966836840","0.458333"
"1966836840","2061240327","0.125"
"2061240327","1966836840","0.125"
"1966836840","2067092965","5.95833"
"2067092965","1966836840","5.95833"
"1966836840","2144182447","0.625"
"2144182447","1966836840","0.625"
"1966836840","2170645625","0.125"
"2170645625","1966836840","0.125"
"2009144907","2061240327","0.445635"
"2061240327","2009144907","0.445635"
"2009144907","2067092965","0.958333"
"2067092965","2009144907","0.958333"
"2009144907","2144182447","1.55278"
"2144182447","2009144907","1.55278"
"2009144907","2170645625","0.125"
"2170645625","2009144907","0.125"
"2061240327","2067092965","0.375"
"2067092965","2061240327","0.375"
"2061240327","2144182447","1.81389"
"2144182447","2061240327","1.81389"
"2061240327","2170645625","0.236111"
"2170645625","2061240327","0.236111"
"2067092965","2144182447","0.625"
"2144182447","2067092965","0.625"
"2067092965","2170645625","0.125"
"2170645625","2067092965","0.125"
"2144182447","2170645625","0.236111"
"2170645625","2144182447","0.236111"
"112228497","1552339598","0.111111"
"1552339598","112228497","0.111111"
"112228497","1852046123","0.111111"
"1852046123","112228497","0.111111"
"112228497","204779855","0.111111"
"204779855","112228497","0.111111"
"112228497","2125543909","0.111111"
"2125543909","112228497","0.111111"
"1498047526","1552339598","0.588889"
"1552339598","1498047526","0.588889"
"1498047526","1852046123","0.388889"
"1852046123","1498047526","0.388889"
"1498047526","204779855","0.722222"
"204779855","1498047526","0.722222"
"1498047526","2125543909","0.388889"
"2125543909","1498047526","0.388889"
"1552339598","1592237688","0.531566"
"1592237688","1552339598","0.531566"
"1552339598","1852046123","5.3022"
"1852046123","1552339598","5.3022"
"1552339598","204779855","1.98889"
"204779855","1552339598","1.98889"
"1552339598","2061240327","3.54387"
"2061240327","1552339598","3.54387"
"1552339598","2125543909","0.988889"
"2125543909","1552339598","0.988889"
"1552339598","2144182447","1.18889"
"2144182447","1552339598","1.18889"
"1552339598","2170645625","0.111111"
"2170645625","1552339598","0.111111"
"1592237688","1852046123","0.781566"
"1852046123","1592237688","0.781566"
"1592237688","204779855","0.694444"
"204779855","1592237688","0.694444"
"1592237688","2125543909","0.611111"
"2125543909","1592237688","0.611111"
"1852046123","204779855","1.23889"
"204779855","1852046123","1.23889"
"1852046123","2061240327","2.03434"
"2061240327","1852046123","2.03434"
"1852046123","2125543909","2.65556"
"2125543909","1852046123","2.65556"
"1852046123","2144182447","0.738889"
"2144182447","1852046123","0.738889"
"1852046123","2170645625","0.111111"
"2170645625","1852046123","0.111111"
"204779855","2061240327","1.48889"
"2061240327","204779855","1.48889"
"204779855","2125543909","0.738889"
"2125543909","204779855","0.738889"
"204779855","2144182447","1.32222"
"2144182447","204779855","1.32222"
"204779855","2170645625","0.111111"
"2170645625","204779855","0.111111"
"2061240327","2125543909","0.988889"
"2125543909","2061240327","0.988889"
"2125543909","2144182447","0.738889"
"2144182447","2125543909","0.738889"
"2125543909","2170645625","0.111111"
"2170645625","2125543909","0.111111"
"112228497","1969806156","0.5"
"1969806156","112228497","0.5"
"112228497","2497050377","0.5"
"2497050377","112228497","0.5"
"1969806156","2497050377","0.5"
"2497050377","1969806156","0.5"
"1480794755","2150433972","1"
"2150433972","1480794755","1"
"1480794755","71532535","1"
"71532535","1480794755","1"
"1480794755","1578664299","0.583333"
"1578664299","1480794755","0.583333"
"1480794755","1782038971","0.25"
"1782038971","1480794755","0.25"
"1480794755","1984057771","0.583333"
"1984057771","1480794755","0.583333"
"1480794755","2156210689","1.58333"
"2156210689","1480794755","1.58333"
"1578664299","1782038971","0.25"
"1782038971","1578664299","0.25"
"1578664299","1984057771","11.0833"
"1984057771","1578664299","11.0833"
"1578664299","2156210689","0.583333"
"2156210689","1578664299","0.583333"
"1782038971","1984057771","0.25"
"1984057771","1782038971","0.25"
"1782038971","2156210689","1.25"
"2156210689","1782038971","1.25"
"1984057771","2156210689","1.83333"
"2156210689","1984057771","1.83333"
"1480794755","1987645871","0.5"
"1987645871","1480794755","0.5"
"1480794755","1995312751","0.5"
"1995312751","1480794755","0.5"
"1987645871","1995312751","1.5"
"1995312751","1987645871","1.5"
"1498047526","2126626732","0.477778"
"2126626732","1498047526","0.477778"
"1498047526","80230477","0.277778"
"80230477","1498047526","0.277778"
"1552339598","2009144907","0.320635"
"2009144907","1552339598","0.320635"
"1552339598","2126626732","0.941089"
"2126626732","1552339598","0.941089"
"1552339598","80230477","0.261111"
"80230477","1552339598","0.261111"
"1852046123","2009144907","0.677778"
"2009144907","1852046123","0.677778"
"1852046123","2126626732","0.574423"
"2126626732","1852046123","0.574423"
"1852046123","80230477","0.261111"
"80230477","1852046123","0.261111"
"2009144907","204779855","0.177778"
"204779855","2009144907","0.177778"
"2009144907","2125543909","0.177778"
"2125543909","2009144907","0.177778"
"2009144907","2126626732","0.927778"
"2126626732","2009144907","0.927778"
"2009144907","80230477","0.927778"
"80230477","2009144907","0.927778"
"204779855","2126626732","0.261111"
"2126626732","204779855","0.261111"
"204779855","80230477","0.261111"
"80230477","204779855","0.261111"
"2061240327","2126626732","0.673232"
"2126626732","2061240327","0.673232"
"2061240327","80230477","0.261111"
"80230477","2061240327","0.261111"
"2125543909","2126626732","0.261111"
"2126626732","2125543909","0.261111"
"2125543909","80230477","0.261111"
"80230477","2125543909","0.261111"
"2126626732","2144182447","1.87778"
"2144182447","2126626732","1.87778"
"2126626732","80230477","3.42778"
"80230477","2126626732","3.42778"
"2144182447","80230477","1.67778"
"80230477","2144182447","1.67778"
"1498047526","2033534839","0.366667"
"2033534839","1498047526","0.366667"
"1552339598","2033534839","1.1395"
"2033534839","1552339598","1.1395"
"2033534839","2061240327","0.871645"
"2061240327","2033534839","0.871645"
"2033534839","2126626732","1.32998"
"2126626732","2033534839","1.32998"
"2033534839","2144182447","0.266667"
"2144182447","2033534839","0.266667"
"1498047526","1854757958","0.583333"
"1854757958","1498047526","0.583333"
"1592237688","1854757958","0.816089"
"1854757958","1592237688","0.816089"
"1854757958","2061240327","0.838312"
"2061240327","1854757958","0.838312"
"1854757958","2144182447","0.733333"
"2144182447","1854757958","0.733333"
"1498047526","2051519617","0.416667"
"2051519617","1498047526","0.416667"
"1498047526","2097276452","0.166667"
"2097276452","1498047526","0.166667"
"1498047526","2186111344","0.166667"
"2186111344","1498047526","0.166667"
"1854757958","2009144907","0.542857"
"2009144907","1854757958","0.542857"
"1854757958","2033534839","0.671645"
"2033534839","1854757958","0.671645"
"1854757958","2051519617","0.309524"
"2051519617","1854757958","0.309524"
"1854757958","2097276452","0.166667"
"2097276452","1854757958","0.166667"
"1854757958","2186111344","0.528788"
"2186111344","1854757958","0.528788"
"2009144907","2033534839","1.37619"
"2033534839","2009144907","1.37619"
"2009144907","2051519617","0.809524"
"2051519617","2009144907","0.809524"
"2009144907","2097276452","0.666667"
"2097276452","2009144907","0.666667"
"2009144907","2186111344","0.233333"
"2186111344","2009144907","0.233333"
"2033534839","2051519617","0.97619"
"2051519617","2033534839","0.97619"
"2033534839","2097276452","0.166667"
"2097276452","2033534839","0.166667"
"2033534839","2186111344","6.54665"
"2186111344","2033534839","6.54665"
"2051519617","2097276452","3.66667"
"2097276452","2051519617","3.66667"
"2051519617","2186111344","0.333333"
"2186111344","2051519617","0.333333"
"2097276452","2186111344","0.166667"
"2186111344","2097276452","0.166667"
"1498047526","1597504361","1"
"1597504361","1498047526","1"
"1498047526","1969806156","0.166667"
"1969806156","1498047526","0.166667"
"1498047526","1980652169","0.166667"
"1980652169","1498047526","0.166667"
"1854757958","1969806156","0.233333"
"1969806156","1854757958","0.233333"
"1854757958","1980652169","0.233333"
"1980652169","1854757958","0.233333"
"1854757958","2126626732","0.528788"
"2126626732","1854757958","0.528788"
"1854757958","80230477","0.483333"
"80230477","1854757958","0.483333"
"1969806156","1980652169","9.06667"
"1980652169","1969806156","9.06667"
"1969806156","2126626732","0.233333"
"2126626732","1969806156","0.233333"
"1969806156","2144182447","0.233333"
"2144182447","1969806156","0.233333"
"1969806156","80230477","0.233333"
"80230477","1969806156","0.233333"
"1980652169","2126626732","0.233333"
"2126626732","1980652169","0.233333"
"1980652169","2144182447","0.233333"
"2144182447","1980652169","0.233333"
"1980652169","80230477","0.233333"
"80230477","1980652169","0.233333"
"1498047526","1516469158","0.25"
"1516469158","1498047526","0.25"
"1516469158","2051519617","0.392857"
"2051519617","1516469158","0.392857"
"1516469158","2061240327","0.392857"
"2061240327","1516469158","0.392857"
"1516469158","2144182447","0.416667"
"2144182447","1516469158","0.416667"
"2051519617","2061240327","1.05952"
"2061240327","2051519617","1.05952"
"2051519617","2144182447","0.583333"
"2144182447","2051519617","0.583333"
"1516469158","1592237688","0.166667"
"1592237688","1516469158","0.166667"
"1516469158","1854757958","0.309524"
"1854757958","1516469158","0.309524"
"1516469158","2009144907","0.309524"
"2009144907","1516469158","0.309524"
"1516469158","2126626732","0.166667"
"2126626732","1516469158","0.166667"
"1516469158","80230477","0.166667"
"80230477","1516469158","0.166667"
"1592237688","2126626732","0.337121"
"2126626732","1592237688","0.337121"
"1592237688","80230477","0.166667"
"80230477","1592237688","0.166667"
"1516469158","1552339598","0.142857"
"1552339598","1516469158","0.142857"
"1516469158","1971604907","0.142857"
"1971604907","1516469158","0.142857"
"1516469158","2033534839","0.142857"
"2033534839","1516469158","0.142857"
"1552339598","1854757958","0.588312"
"1854757958","1552339598","0.588312"
"1552339598","1971604907","0.188312"
"1971604907","1552339598","0.188312"
"1552339598","2051519617","0.809524"
"2051519617","1552339598","0.809524"
"1854757958","1971604907","3.32879"
"1971604907","1854757958","3.32879"
"1971604907","2009144907","0.142857"
"2009144907","1971604907","0.142857"
"1971604907","2033534839","0.188312"
"2033534839","1971604907","0.188312"
"1971604907","2051519617","0.142857"
"2051519617","1971604907","0.142857"
"1971604907","2061240327","1.68831"
"2061240327","1971604907","1.68831"
"1519707738","1578664299","0.154762"
"1578664299","1519707738","0.154762"
"1519707738","1854757958","0.654762"
"1854757958","1519707738","0.654762"
"1519707738","1971604907","0.321429"
"1971604907","1519707738","0.321429"
"1519707738","1972025629","0.521429"
"1972025629","1519707738","0.521429"
"1519707738","1983506100","0.738095"
"1983506100","1519707738","0.738095"
"1519707738","1998631319","0.154762"
"1998631319","1519707738","0.154762"
"1519707738","1999912290","0.154762"
"1999912290","1519707738","0.154762"
"1519707738","2042315498","0.154762"
"2042315498","1519707738","0.154762"
"1519707738","2085638007","1.1881"
"2085638007","1519707738","1.1881"
"1519707738","2122020004","12.0214"
"2122020004","1519707738","12.0214"
"1519707738","2125714474","1.1881"
"2125714474","1519707738","1.1881"
"1519707738","2150433972","1.2381"
"2150433972","1519707738","1.2381"
"1578664299","1854757958","0.154762"
"1854757958","1578664299","0.154762"
"1578664299","1971604907","0.154762"
"1971604907","1578664299","0.154762"
"1578664299","1972025629","0.154762"
"1972025629","1578664299","0.154762"
"1578664299","1983506100","0.154762"
"1983506100","1578664299","0.154762"
"1578664299","1998631319","0.154762"
"1998631319","1578664299","0.154762"
"1578664299","1999912290","0.154762"
"1999912290","1578664299","0.154762"
"1578664299","2042315498","0.154762"
"2042315498","1578664299","0.154762"
"1578664299","2085638007","0.154762"
"2085638007","1578664299","0.154762"
"1578664299","2122020004","0.154762"
"2122020004","1578664299","0.154762"
"1578664299","2125714474","0.154762"
"2125714474","1578664299","0.154762"
"1578664299","2150433972","0.154762"
"2150433972","1578664299","0.154762"
"1854757958","1972025629","1.82323"
"1972025629","1854757958","1.82323"
"1854757958","1983506100","1.2899"
"1983506100","1854757958","1.2899"
"1854757958","1998631319","0.797619"
"1998631319","1854757958","0.797619"
"1854757958","1999912290","0.154762"
"1999912290","1854757958","0.154762"
"1854757958","2042315498","0.366883"
"2042315498","1854757958","0.366883"
"1854757958","2085638007","1.68752"
"2085638007","1854757958","1.68752"
"1854757958","2122020004","0.654762"
"2122020004","1854757958","0.654762"
"1854757958","2125714474","2.07323"
"2125714474","1854757958","2.07323"
"1854757958","2150433972","1.7399"
"2150433972","1854757958","1.7399"
"1971604907","1972025629","0.485931"
"1972025629","1971604907","0.485931"
"1971604907","1983506100","0.652597"
"1983506100","1971604907","0.652597"
"1971604907","1998631319","0.497619"
"1998631319","1971604907","0.497619"
"1971604907","1999912290","0.154762"
"1999912290","1971604907","0.154762"
"1971604907","2042315498","0.200216"
"2042315498","1971604907","0.200216"
"1971604907","2085638007","1.04307"
"2085638007","1971604907","1.04307"
"1971604907","2122020004","0.321429"
"2122020004","1971604907","0.321429"
"1971604907","2125714474","0.685931"
"2125714474","1971604907","0.685931"
"1971604907","2150433972","0.652597"
"2150433972","1971604907","0.652597"
"1972025629","1983506100","1.90657"
"1983506100","1972025629","1.90657"
"1972025629","1998631319","0.597619"
"1998631319","1972025629","0.597619"
"1972025629","1999912290","0.154762"
"1999912290","1972025629","0.154762"
"1972025629","2042315498","0.200216"
"2042315498","1972025629","0.200216"
"1972025629","2085638007","4.18752"
"2085638007","1972025629","4.18752"
"1972025629","2122020004","0.521429"
"2122020004","1972025629","0.521429"
"1972025629","2125714474","3.52323"
"2125714474","1972025629","3.52323"
"1972025629","2150433972","4.9399"
"2150433972","1972025629","4.9399"
"1983506100","1998631319","0.397619"
"1998631319","1983506100","0.397619"
"1983506100","1999912290","0.154762"
"1999912290","1983506100","0.154762"
"1983506100","2042315498","0.450216"
"2042315498","1983506100","0.450216"
"1983506100","2085638007","1.12085"
"2085638007","1983506100","1.12085"
"1983506100","2122020004","0.738095"
"2122020004","1983506100","0.738095"
"1983506100","2125714474","1.70657"
"2125714474","1983506100","1.70657"
"1983506100","2150433972","3.90657"
"2150433972","1983506100","3.90657"
"1998631319","1999912290","0.154762"
"1999912290","1998631319","0.154762"
"1998631319","2042315498","0.154762"
"2042315498","1998631319","0.154762"
"1998631319","2085638007","0.554762"
"2085638007","1998631319","0.554762"
"1998631319","2122020004","0.154762"
"2122020004","1998631319","0.154762"
"1998631319","2125714474","0.797619"
"2125714474","1998631319","0.797619"
"1998631319","2150433972","0.597619"
"2150433972","1998631319","0.597619"
"1999912290","2042315498","0.154762"
"2042315498","1999912290","0.154762"
"1999912290","2085638007","0.154762"
"2085638007","1999912290","0.154762"
"1999912290","2122020004","0.154762"
"2122020004","1999912290","0.154762"
"1999912290","2125714474","0.154762"
"2125714474","1999912290","0.154762"
"1999912290","2150433972","0.154762"
"2150433972","1999912290","0.154762"
"2042315498","2085638007","0.200216"
"2085638007","2042315498","0.200216"
"2042315498","2122020004","0.154762"
"2122020004","2042315498","0.154762"
"2042315498","2125714474","0.200216"
"2125714474","2042315498","0.200216"
"2042315498","2150433972","0.450216"
"2150433972","2042315498","0.450216"
"2085638007","2122020004","1.1881"
"2122020004","2085638007","1.1881"
"2085638007","2125714474","5.05418"
"2125714474","2085638007","5.05418"
"2085638007","2150433972","3.15418"
"2150433972","2085638007","3.15418"
"2122020004","2125714474","1.1881"
"2125714474","2122020004","1.1881"
"2122020004","2150433972","1.2381"
"2150433972","2122020004","1.2381"
"2125714474","2150433972","2.4899"
"2150433972","2125714474","2.4899"
"1519707738","2132677764","1.32143"
"2132677764","1519707738","1.32143"
"1519707738","2147033904","0.0714286"
"2147033904","1519707738","0.0714286"
"1578664299","2132677764","0.0714286"
"2132677764","1578664299","0.0714286"
"1578664299","2147033904","0.0714286"
"2147033904","1578664299","0.0714286"
"1854757958","2132677764","1.17085"
"2132677764","1854757958","1.17085"
"1854757958","2147033904","0.0714286"
"2147033904","1854757958","0.0714286"
"1971604907","2132677764","0.28355"
"2132677764","1971604907","0.28355"
"1971604907","2147033904","0.0714286"
"2147033904","1971604907","0.0714286"
"1972025629","2132677764","1.62085"
"2132677764","1972025629","1.62085"
"1972025629","2147033904","0.0714286"
"2147033904","1972025629","0.0714286"
"1983506100","2132677764","2.12085"
"2132677764","1983506100","2.12085"
"1983506100","2147033904","0.0714286"
"2147033904","1983506100","0.0714286"
"1998631319","2132677764","0.171429"
"2132677764","1998631319","0.171429"
"1998631319","2147033904","0.0714286"
"2147033904","1998631319","0.0714286"
"1999912290","2132677764","0.0714286"
"2132677764","1999912290","0.0714286"
"1999912290","2147033904","0.0714286"
"2147033904","1999912290","0.0714286"
"2042315498","2132677764","0.866883"
"2132677764","2042315498","0.866883"
"2042315498","2147033904","0.0714286"
"2147033904","2042315498","0.0714286"
"2085638007","2132677764","0.727994"
"2132677764","2085638007","0.727994"
"2085638007","2147033904","0.0714286"
"2147033904","2085638007","0.0714286"
"2122020004","2132677764","1.32143"
"2132677764","2122020004","1.32143"
"2122020004","2147033904","0.0714286"
"2147033904","2122020004","0.0714286"
"2125714474","2132677764","0.920851"
"2132677764","2125714474","0.920851"
"2125714474","2147033904","0.0714286"
"2147033904","2125714474","0.0714286"
"2132677764","2147033904","0.0714286"
"2147033904","2132677764","0.0714286"
"2132677764","2150433972","3.37085"
"2150433972","2132677764","3.37085"
"2147033904","2150433972","0.0714286"
"2150433972","2147033904","0.0714286"
"1519707738","71532535","1.25"
"71532535","1519707738","1.25"
"2122020004","71532535","1.25"
"71532535","2122020004","1.25"
"2132677764","71532535","5.13276"
"71532535","2132677764","5.13276"
"1519707738","2164932656","0.2"
"2164932656","1519707738","0.2"
"1972025629","2164932656","0.245455"
"2164932656","1972025629","0.245455"
"2085638007","2164932656","0.245455"
"2164932656","2085638007","0.245455"
"2122020004","2164932656","0.2"
"2164932656","2122020004","0.2"
"2125714474","2164932656","0.245455"
"2164932656","2125714474","0.245455"
"1971604907","71532535","0.212121"
"71532535","1971604907","0.212121"
"1983506100","71532535","2.04942"
"71532535","1983506100","2.04942"
"2150433972","71532535","3.29942"
"71532535","2150433972","3.29942"
"1519707738","1597504361","0.333333"
"1597504361","1519707738","0.333333"
"1519707738","1993855803","0.333333"
"1993855803","1519707738","0.333333"
"1597504361","1993855803","10.1667"
"1993855803","1597504361","10.1667"
"1597504361","2122020004","0.333333"
"2122020004","1597504361","0.333333"
"1993855803","2122020004","0.333333"
"2122020004","1993855803","0.333333"
"1854757958","71532535","1.09942"
"71532535","1854757958","1.09942"
"1531174292","1602561032","0.833333"
"1602561032","1531174292","0.833333"
"1531174292","1923455183","1.33333"
"1923455183","1531174292","1.33333"
"1602561032","1923455183","0.833333"
"1923455183","1602561032","0.833333"
"1531174292","2110055256","0.333333"
"2110055256","1531174292","0.333333"
"1531174292","2570553531","3.83333"
"2570553531","1531174292","3.83333"
"1531174292","65944014","0.666667"
"65944014","1531174292","0.666667"
"2110055256","2570553531","4.33333"
"2570553531","2110055256","4.33333"
"2110055256","65944014","0.333333"
"65944014","2110055256","0.333333"
"2570553531","65944014","2.83333"
"65944014","2570553531","2.83333"
"1923455183","2570553531","5.5"
"2570553531","1923455183","5.5"
"1602561032","65944014","0.333333"
"65944014","1602561032","0.333333"
"1923455183","65944014","0.333333"
"65944014","1923455183","0.333333"
"1552339598","1575476631","0.479978"
"1575476631","1552339598","0.479978"
"1552339598","172637056","0.208333"
"172637056","1552339598","0.208333"
"1552339598","2186111344","0.796645"
"2186111344","1552339598","0.796645"
"1552339598","99422181","0.963312"
"99422181","1552339598","0.963312"
"1575476631","1592237688","0.170455"
"1592237688","1575476631","0.170455"
"1575476631","172637056","0.375"
"172637056","1575476631","0.375"
"1575476631","1852046123","0.313312"
"1852046123","1575476631","0.313312"
"1575476631","2033534839","1.06331"
"2033534839","1575476631","1.06331"
"1575476631","2126626732","8.31331"
"2126626732","1575476631","8.31331"
"1575476631","2186111344","1.06331"
"2186111344","1575476631","1.06331"
"1575476631","99422181","1.06331"
"99422181","1575476631","1.06331"
"1592237688","172637056","0.125"
"172637056","1592237688","0.125"
"1592237688","2033534839","0.170455"
"2033534839","1592237688","0.170455"
"1592237688","2186111344","0.170455"
"2186111344","1592237688","0.170455"
"1592237688","99422181","0.170455"
"99422181","1592237688","0.170455"
"172637056","1852046123","1.20833"
"1852046123","172637056","1.20833"
"172637056","2033534839","0.125"
"2033534839","172637056","0.125"
"172637056","2126626732","0.458333"
"2126626732","172637056","0.458333"
"172637056","2186111344","0.125"
"2186111344","172637056","0.125"
"172637056","99422181","0.208333"
"99422181","172637056","0.208333"
"1852046123","2033534839","0.379978"
"2033534839","1852046123","0.379978"
"1852046123","2186111344","0.379978"
"2186111344","1852046123","0.379978"
"1852046123","99422181","0.963312"
"99422181","1852046123","0.963312"
"2033534839","99422181","0.629978"
"99422181","2033534839","0.629978"
"2126626732","2186111344","1.12998"
"2186111344","2126626732","1.12998"
"2126626732","99422181","2.21331"
"99422181","2126626732","2.21331"
"2186111344","99422181","0.629978"
"99422181","2186111344","0.629978"
"1552339598","1969806156","0.0666667"
"1969806156","1552339598","0.0666667"
"1552339598","1980652169","0.0666667"
"1980652169","1552339598","0.0666667"
"1552339598","2405156862","0.0666667"
"2405156862","1552339598","0.0666667"
"1852046123","1854757958","0.362121"
"1854757958","1852046123","0.362121"
"1852046123","1969806156","0.0666667"
"1969806156","1852046123","0.0666667"
"1852046123","1980652169","0.0666667"
"1980652169","1852046123","0.0666667"
"1852046123","2405156862","0.0666667"
"2405156862","1852046123","0.0666667"
"1854757958","204779855","0.15"
"204779855","1854757958","0.15"
"1854757958","2125543909","0.316667"
"2125543909","1854757958","0.316667"
"1854757958","2405156862","0.0666667"
"2405156862","1854757958","0.0666667"
"1854757958","99422181","0.195455"
"99422181","1854757958","0.195455"
"1969806156","2009144907","0.0666667"
"2009144907","1969806156","0.0666667"
"1969806156","2033534839","0.0666667"
"2033534839","1969806156","0.0666667"
"1969806156","204779855","0.0666667"
"204779855","1969806156","0.0666667"
"1969806156","2061240327","0.0666667"
"2061240327","1969806156","0.0666667"
"1969806156","2125543909","0.0666667"
"2125543909","1969806156","0.0666667"
"1969806156","2186111344","0.0666667"
"2186111344","1969806156","0.0666667"
"1969806156","2405156862","2.9"
"2405156862","1969806156","2.9"
"1969806156","99422181","0.0666667"
"99422181","1969806156","0.0666667"
"1980652169","2009144907","0.0666667"
"2009144907","1980652169","0.0666667"
"1980652169","2033534839","0.0666667"
"2033534839","1980652169","0.0666667"
"1980652169","204779855","0.0666667"
"204779855","1980652169","0.0666667"
"1980652169","2061240327","0.0666667"
"2061240327","1980652169","0.0666667"
"1980652169","2125543909","0.0666667"
"2125543909","1980652169","0.0666667"
"1980652169","2186111344","0.0666667"
"2186111344","1980652169","0.0666667"
"1980652169","2405156862","1.9"
"2405156862","1980652169","1.9"
"1980652169","99422181","0.0666667"
"99422181","1980652169","0.0666667"
"2009144907","2405156862","0.0666667"
"2405156862","2009144907","0.0666667"
"2009144907","99422181","0.0666667"
"99422181","2009144907","0.0666667"
"2033534839","204779855","0.0666667"
"204779855","2033534839","0.0666667"
"2033534839","2125543909","0.0666667"
"2125543909","2033534839","0.0666667"
"2033534839","2405156862","0.0666667"
"2405156862","2033534839","0.0666667"
"2033534839","80230477","0.0666667"
"80230477","2033534839","0.0666667"
"204779855","2186111344","0.0666667"
"2186111344","204779855","0.0666667"
"204779855","2405156862","0.0666667"
"2405156862","204779855","0.0666667"
"204779855","99422181","0.15"
"99422181","204779855","0.15"
"2061240327","2186111344","0.528788"
"2186111344","2061240327","0.528788"
"2061240327","2405156862","0.0666667"
"2405156862","2061240327","0.0666667"
"2061240327","99422181","0.195455"
"99422181","2061240327","0.195455"
"2125543909","2186111344","0.0666667"
"2186111344","2125543909","0.0666667"
"2125543909","2405156862","0.0666667"
"2405156862","2125543909","0.0666667"
"2125543909","99422181","0.15"
"99422181","2125543909","0.15"
"2126626732","2405156862","0.0666667"
"2405156862","2126626732","0.0666667"
"2144182447","2186111344","0.0666667"
"2186111344","2144182447","0.0666667"
"2144182447","2405156862","0.0666667"
"2405156862","2144182447","0.0666667"
"2144182447","99422181","0.15"
"99422181","2144182447","0.15"
"2186111344","2405156862","0.0666667"
"2405156862","2186111344","0.0666667"
"2186111344","80230477","0.0666667"
"80230477","2186111344","0.0666667"
"2405156862","80230477","0.0666667"
"80230477","2405156862","0.0666667"
"2405156862","99422181","0.0666667"
"99422181","2405156862","0.0666667"
"80230477","99422181","0.15"
"99422181","80230477","0.15"
"1552339598","2106153430","0.142857"
"2106153430","1552339598","0.142857"
"1575476631","2106153430","0.642857"
"2106153430","1575476631","0.642857"
"1852046123","2106153430","0.142857"
"2106153430","1852046123","0.142857"
"2033534839","2106153430","0.142857"
"2106153430","2033534839","0.142857"
"2106153430","2126626732","0.642857"
"2126626732","2106153430","0.642857"
"2106153430","2186111344","0.142857"
"2186111344","2106153430","0.142857"
"2106153430","99422181","0.142857"
"99422181","2106153430","0.142857"
"1575476631","2051519617","0.166667"
"2051519617","1575476631","0.166667"
"1575476631","2061240327","0.212121"
"2061240327","1575476631","0.212121"
"2051519617","2126626732","0.166667"
"2126626732","2051519617","0.166667"
"1552339598","2101787379","1.08333"
"2101787379","1552339598","1.08333"
"1552339598","2497050377","0.0833333"
"2497050377","1552339598","0.0833333"
"172637056","1854757958","0.0833333"
"1854757958","172637056","0.0833333"
"172637056","204779855","0.0833333"
"204779855","172637056","0.0833333"
"172637056","2061240327","0.0833333"
"2061240327","172637056","0.0833333"
"172637056","2101787379","0.0833333"
"2101787379","172637056","0.0833333"
"172637056","2125543909","0.0833333"
"2125543909","172637056","0.0833333"
"172637056","2144182447","0.0833333"
"2144182447","172637056","0.0833333"
"172637056","2497050377","0.333333"
"2497050377","172637056","0.333333"
"172637056","80230477","1.33333"
"80230477","172637056","1.33333"
"1852046123","2101787379","2.08333"
"2101787379","1852046123","2.08333"
"1852046123","2497050377","0.0833333"
"2497050377","1852046123","0.0833333"
"1854757958","2101787379","0.0833333"
"2101787379","1854757958","0.0833333"
"1854757958","2497050377","0.0833333"
"2497050377","1854757958","0.0833333"
"204779855","2101787379","0.0833333"
"2101787379","204779855","0.0833333"
"204779855","2497050377","0.0833333"
"2497050377","204779855","0.0833333"
"2061240327","2101787379","0.0833333"
"2101787379","2061240327","0.0833333"
"2061240327","2497050377","0.0833333"
"2497050377","2061240327","0.0833333"
"2101787379","2125543909","0.0833333"
"2125543909","2101787379","0.0833333"
"2101787379","2126626732","0.583333"
"2126626732","2101787379","0.583333"
"2101787379","2144182447","0.0833333"
"2144182447","2101787379","0.0833333"
"2101787379","2497050377","1.91667"
"2497050377","2101787379","1.91667"
"2101787379","80230477","1.08333"
"80230477","2101787379","1.08333"
"2101787379","99422181","0.0833333"
"99422181","2101787379","0.0833333"
"2125543909","2497050377","0.0833333"
"2497050377","2125543909","0.0833333"
"2126626732","2497050377","1.58333"
"2497050377","2126626732","1.58333"
"2144182447","2497050377","0.333333"
"2497050377","2144182447","0.333333"
"2497050377","80230477","3.08333"
"80230477","2497050377","3.08333"
"2497050377","99422181","0.0833333"
"99422181","2497050377","0.0833333"
"1552339598","2099432911","0.5"
"2099432911","1552339598","0.5"
"2061240327","2099432911","0.5"
"2099432911","2061240327","0.5"
"1552339598","2067092965","0.25"
"2067092965","1552339598","0.25"
"1852046123","2067092965","0.25"
"2067092965","1852046123","0.25"
"2067092965","2125543909","0.25"
"2125543909","2067092965","0.25"
"1552339598","1972025629","0.0454545"
"1972025629","1552339598","0.0454545"
"1552339598","1983506100","0.0454545"
"1983506100","1552339598","0.0454545"
"1552339598","1993625478","0.0454545"
"1993625478","1552339598","0.0454545"
"1552339598","2042315498","0.0454545"
"2042315498","1552339598","0.0454545"
"1552339598","2052411822","0.0454545"
"2052411822","1552339598","0.0454545"
"1552339598","2085638007","0.0454545"
"2085638007","1552339598","0.0454545"
"1552339598","2125714474","0.0454545"
"2125714474","1552339598","0.0454545"
"1552339598","2132677764","0.0454545"
"2132677764","1552339598","0.0454545"
"1552339598","2150433972","0.0454545"
"2150433972","1552339598","0.0454545"
"1552339598","2164932656","0.0454545"
"2164932656","1552339598","0.0454545"
"1552339598","2166065644","0.0454545"
"2166065644","1552339598","0.0454545"
"1552339598","71532535","0.0454545"
"71532535","1552339598","0.0454545"
"1575476631","1854757958","0.0454545"
"1854757958","1575476631","0.0454545"
"1575476631","1971604907","0.0454545"
"1971604907","1575476631","0.0454545"
"1575476631","1972025629","0.0454545"
"1972025629","1575476631","0.0454545"
"1575476631","1983506100","0.0454545"
"1983506100","1575476631","0.0454545"
"1575476631","1993625478","0.0454545"
"1993625478","1575476631","0.0454545"
"1575476631","2042315498","0.0454545"
"2042315498","1575476631","0.0454545"
"1575476631","2052411822","0.0454545"
"2052411822","1575476631","0.0454545"
"1575476631","2085638007","0.0454545"
"2085638007","1575476631","0.0454545"
"1575476631","2125714474","0.0454545"
"2125714474","1575476631","0.0454545"
"1575476631","2132677764","0.0454545"
"2132677764","1575476631","0.0454545"
"1575476631","2150433972","0.0454545"
"2150433972","1575476631","0.0454545"
"1575476631","2164932656","0.0454545"
"2164932656","1575476631","0.0454545"
"1575476631","2166065644","0.0454545"
"2166065644","1575476631","0.0454545"
"1575476631","71532535","0.0454545"
"71532535","1575476631","0.0454545"
"1592237688","1971604907","0.545455"
"1971604907","1592237688","0.545455"
"1592237688","1972025629","0.399423"
"1972025629","1592237688","0.399423"
"1592237688","1983506100","0.399423"
"1983506100","1592237688","0.399423"
"1592237688","1993625478","0.145455"
"1993625478","1592237688","0.145455"
"1592237688","2042315498","0.0454545"
"2042315498","1592237688","0.0454545"
"1592237688","2052411822","0.256566"
"2052411822","1592237688","0.256566"
"1592237688","2085638007","0.156566"
"2085638007","1592237688","0.156566"
"1592237688","2125714474","0.399423"
"2125714474","1592237688","0.399423"
"1592237688","2132677764","0.399423"
"2132677764","1592237688","0.399423"
"1592237688","2150433972","0.399423"
"2150433972","1592237688","0.399423"
"1592237688","2164932656","0.0454545"
"2164932656","1592237688","0.0454545"
"1592237688","2166065644","0.0454545"
"2166065644","1592237688","0.0454545"
"1592237688","71532535","0.399423"
"71532535","1592237688","0.399423"
"1852046123","1971604907","0.0454545"
"1971604907","1852046123","0.0454545"
"1852046123","1972025629","0.0454545"
"1972025629","1852046123","0.0454545"
"1852046123","1983506100","0.0454545"
"1983506100","1852046123","0.0454545"
"1852046123","1993625478","0.0454545"
"1993625478","1852046123","0.0454545"
"1852046123","2042315498","0.212121"
"2042315498","1852046123","0.212121"
"1852046123","2052411822","0.0454545"
"2052411822","1852046123","0.0454545"
"1852046123","2085638007","0.0454545"
"2085638007","1852046123","0.0454545"
"1852046123","2125714474","0.0454545"
"2125714474","1852046123","0.0454545"
"1852046123","2132677764","0.0454545"
"2132677764","1852046123","0.0454545"
"1852046123","2150433972","0.0454545"
"2150433972","1852046123","0.0454545"
"1852046123","2164932656","0.212121"
"2164932656","1852046123","0.212121"
"1852046123","2166065644","0.0454545"
"2166065644","1852046123","0.0454545"
"1852046123","71532535","0.0454545"
"71532535","1852046123","0.0454545"
"1854757958","1993625478","0.145455"
"1993625478","1854757958","0.145455"
"1854757958","2052411822","1.24228"
"2052411822","1854757958","1.24228"
"1854757958","2164932656","0.212121"
"2164932656","1854757958","0.212121"
"1854757958","2166065644","0.0454545"
"2166065644","1854757958","0.0454545"
"1971604907","1993625478","0.0454545"
"1993625478","1971604907","0.0454545"
"1971604907","2052411822","0.531169"
"2052411822","1971604907","0.531169"
"1971604907","2126626732","0.0454545"
"2126626732","1971604907","0.0454545"
"1971604907","2164932656","0.0454545"
"2164932656","1971604907","0.0454545"
"1971604907","2166065644","0.0454545"
"2166065644","1971604907","0.0454545"
"1971604907","2186111344","0.0454545"
"2186111344","1971604907","0.0454545"
"1971604907","99422181","0.0454545"
"99422181","1971604907","0.0454545"
"1972025629","1993625478","0.145455"
"1993625478","1972025629","0.145455"
"1972025629","2033534839","0.0454545"
"2033534839","1972025629","0.0454545"
"1972025629","2052411822","0.54228"
"2052411822","1972025629","0.54228"
"1972025629","2061240327","0.0454545"
"2061240327","1972025629","0.0454545"
"1972025629","2126626732","0.0454545"
"2126626732","1972025629","0.0454545"
"1972025629","2166065644","0.0454545"
"2166065644","1972025629","0.0454545"
"1972025629","2186111344","0.0454545"
"2186111344","1972025629","0.0454545"
"1972025629","71532535","1.54942"
"71532535","1972025629","1.54942"
"1972025629","99422181","0.0454545"
"99422181","1972025629","0.0454545"
"1983506100","1993625478","0.145455"
"1993625478","1983506100","0.145455"
"1983506100","2033534839","0.0454545"
"2033534839","1983506100","0.0454545"
"1983506100","2052411822","0.54228"
"2052411822","1983506100","0.54228"
"1983506100","2061240327","0.0454545"
"2061240327","1983506100","0.0454545"
"1983506100","2126626732","0.0454545"
"2126626732","1983506100","0.0454545"
"1983506100","2164932656","0.0454545"
"2164932656","1983506100","0.0454545"
"1983506100","2166065644","0.0454545"
"2166065644","1983506100","0.0454545"
"1983506100","2186111344","0.0454545"
"2186111344","1983506100","0.0454545"
"1983506100","99422181","0.0454545"
"99422181","1983506100","0.0454545"
"1993625478","2033534839","0.0454545"
"2033534839","1993625478","0.0454545"
"1993625478","2042315498","0.0454545"
"2042315498","1993625478","0.0454545"
"1993625478","2052411822","0.145455"
"2052411822","1993625478","0.145455"
"1993625478","2061240327","0.0454545"
"2061240327","1993625478","0.0454545"
"1993625478","2085638007","0.0454545"
"2085638007","1993625478","0.0454545"
"1993625478","2125714474","0.145455"
"2125714474","1993625478","0.145455"
"1993625478","2126626732","0.0454545"
"2126626732","1993625478","0.0454545"
"1993625478","2132677764","0.145455"
"2132677764","1993625478","0.145455"
"1993625478","2150433972","0.145455"
"2150433972","1993625478","0.145455"
"1993625478","2164932656","0.0454545"
"2164932656","1993625478","0.0454545"
"1993625478","2166065644","17.0455"
"2166065644","1993625478","17.0455"
"1993625478","2186111344","0.0454545"
"2186111344","1993625478","0.0454545"
"1993625478","71532535","0.145455"
"71532535","1993625478","0.145455"
"1993625478","99422181","0.0454545"
"99422181","1993625478","0.0454545"
"2033534839","2042315498","0.0454545"
"2042315498","2033534839","0.0454545"
"2033534839","2052411822","0.0454545"
"2052411822","2033534839","0.0454545"
"2033534839","2085638007","0.0454545"
"2085638007","2033534839","0.0454545"
"2033534839","2125714474","0.0454545"
"2125714474","2033534839","0.0454545"
"2033534839","2132677764","0.0454545"
"2132677764","2033534839","0.0454545"
"2033534839","2150433972","0.0454545"
"2150433972","2033534839","0.0454545"
"2033534839","2164932656","0.0454545"
"2164932656","2033534839","0.0454545"
"2033534839","2166065644","0.0454545"
"2166065644","2033534839","0.0454545"
"2033534839","71532535","0.0454545"
"71532535","2033534839","0.0454545"
"2042315498","2052411822","0.0454545"
"2052411822","2042315498","0.0454545"
"2042315498","2061240327","0.0454545"
"2061240327","2042315498","0.0454545"
"2042315498","2126626732","0.0454545"
"2126626732","2042315498","0.0454545"
"2042315498","2164932656","4.04545"
"2164932656","2042315498","4.04545"
"2042315498","2166065644","0.0454545"
"2166065644","2042315498","0.0454545"
"2042315498","2186111344","0.0454545"
"2186111344","2042315498","0.0454545"
"2042315498","71532535","0.295455"
"71532535","2042315498","0.295455"
"2042315498","99422181","0.0454545"
"99422181","2042315498","0.0454545"
"2052411822","2061240327","0.0454545"
"2061240327","2052411822","0.0454545"
"2052411822","2085638007","0.999423"
"2085638007","2052411822","0.999423"
"2052411822","2125714474","1.74228"
"2125714474","2052411822","1.74228"
"2052411822","2126626732","0.0454545"
"2126626732","2052411822","0.0454545"
"2052411822","2132677764","0.256566"
"2132677764","2052411822","0.256566"
"2052411822","2150433972","0.54228"
"2150433972","2052411822","0.54228"
"2052411822","2164932656","0.0454545"
"2164932656","2052411822","0.0454545"
"2052411822","2166065644","0.0454545"
"2166065644","2052411822","0.0454545"
"2052411822","2186111344","0.0454545"
"2186111344","2052411822","0.0454545"
"2052411822","71532535","0.256566"
"71532535","2052411822","0.256566"
"2052411822","99422181","0.0454545"
"99422181","2052411822","0.0454545"
"2061240327","2085638007","0.0454545"
"2085638007","2061240327","0.0454545"
