"1512874001","2125156825","26.75"
"2125156825","1512874001","26.75"
"1512874001","2018398888","2.66667"
"2018398888","1512874001","2.66667"
"1512874001","2009134948","0.666667"
"2009134948","1512874001","0.666667"
"2009134948","2125156825","2.22222"
"2125156825","2009134948","2.22222"
"1512874001","2136635436","0.5"
"2136635436","1512874001","0.5"
"2125156825","2136635436","0.555556"
"2136635436","2125156825","0.555556"
"1512874001","185973768","0.666667"
"185973768","1512874001","0.666667"
"185973768","2125156825","2.66667"
"2125156825","185973768","2.66667"
"1512874001","1593368092","0.5"
"1593368092","1512874001","0.5"
"1512874001","1982410540","0.666667"
"1982410540","1512874001","0.666667"
"1593368092","1982410540","0.75"
"1982410540","1593368092","0.75"
"1593368092","2018398888","0.75"
"2018398888","1593368092","0.75"
"1593368092","2125156825","0.555556"
"2125156825","1593368092","0.555556"
"1982410540","2018398888","22.3929"
"2018398888","1982410540","22.3929"
"1982410540","2125156825","1"
"2125156825","1982410540","1"
"2018398888","2125156825","1"
"2125156825","2018398888","1"
"1512874001","1987958995","0.25"
"1987958995","1512874001","0.25"
"1512874001","2057932305","0.25"
"2057932305","1512874001","0.25"
"1512874001","2280737108","0.416667"
"2280737108","1512874001","0.416667"
"1987958995","2057932305","0.75"
"2057932305","1987958995","0.75"
"1987958995","2125156825","0.25"
"2125156825","1987958995","0.25"
"1987958995","2280737108","0.25"
"2280737108","1987958995","0.25"
"2057932305","2125156825","0.392857"
"2125156825","2057932305","0.392857"
"2057932305","2280737108","0.25"
"2280737108","2057932305","0.25"
"2125156825","2280737108","0.472222"
"2280737108","2125156825","0.472222"
"185973768","1982410540","0.666667"
"1982410540","185973768","0.666667"
"185973768","2009134948","4.66667"
"2009134948","185973768","4.66667"
"185973768","2018398888","0.666667"
"2018398888","185973768","0.666667"
"185973768","2280737108","0.166667"
"2280737108","185973768","0.166667"
"1982410540","2009134948","0.72619"
"2009134948","1982410540","0.72619"
"1982410540","2280737108","0.166667"
"2280737108","1982410540","0.166667"
"2009134948","2018398888","0.72619"
"2018398888","2009134948","0.72619"
"2009134948","2280737108","0.422222"
"2280737108","2009134948","0.422222"
"2018398888","2280737108","0.166667"
"2280737108","2018398888","0.166667"
"1512874001","2163939328","0.333333"
"2163939328","1512874001","0.333333"
"1512874001","2790446188","0.333333"
"2790446188","1512874001","0.333333"
"2125156825","2163939328","0.531746"
"2163939328","2125156825","0.531746"
"2125156825","2790446188","0.333333"
"2790446188","2125156825","0.333333"
"2163939328","2790446188","0.333333"
"2790446188","2163939328","0.333333"
"1562412850","1982410540","0.25"
"1982410540","1562412850","0.25"
"1562412850","2018398888","0.392857"
"2018398888","1562412850","0.392857"
"1562412850","2057932305","0.5"
"2057932305","1562412850","0.5"
"1562412850","2358258772","0.5"
"2358258772","1562412850","0.5"
"1982410540","2057932305","0.392857"
"2057932305","1982410540","0.392857"
"1982410540","2358258772","0.392857"
"2358258772","1982410540","0.392857"
"2018398888","2057932305","0.392857"
"2057932305","2018398888","0.392857"
"2018398888","2358258772","0.392857"
"2358258772","2018398888","0.392857"
"2057932305","2358258772","16.8929"
"2358258772","2057932305","16.8929"
"1562412850","1987958995","0.5"
"1987958995","1562412850","0.5"
"1562412850","2150461699","0.5"
"2150461699","1562412850","0.5"
"1987958995","2150461699","0.5"
"2150461699","1987958995","0.5"
"1562412850","2118036225","0.25"
"2118036225","1562412850","0.25"
"1562412850","221337630","0.25"
"221337630","1562412850","0.25"
"2057932305","2118036225","2.50397"
"2118036225","2057932305","2.50397"
"2057932305","221337630","1.39286"
"221337630","2057932305","1.39286"
"2118036225","221337630","1.30556"
"221337630","2118036225","1.30556"
"2118036225","2358258772","1.39286"
"2358258772","2118036225","1.39286"
"221337630","2358258772","0.25"
"2358258772","221337630","0.25"
"1562412850","1979644923","0.142857"
"1979644923","1562412850","0.142857"
"1562412850","2067771944","0.642857"
"2067771944","1562412850","0.642857"
"1562412850","2562786159","0.142857"
"2562786159","1562412850","0.142857"
"1562412850","2951390818","0.642857"
"2951390818","1562412850","0.642857"
"1562412850","2962648813","0.142857"
"2962648813","1562412850","0.142857"
"1562412850","2963284996","0.142857"
"2963284996","1562412850","0.142857"
"1979644923","2018398888","0.342857"
"2018398888","1979644923","0.342857"
"1979644923","2067771944","0.142857"
"2067771944","1979644923","0.142857"
"1979644923","2562786159","4.67619"
"2562786159","1979644923","4.67619"
"1979644923","2951390818","2.34286"
"2951390818","1979644923","2.34286"
"1979644923","2962648813","0.67619"
"2962648813","1979644923","0.67619"
"1979644923","2963284996","0.67619"
"2963284996","1979644923","0.67619"
"2018398888","2067771944","0.142857"
"2067771944","2018398888","0.142857"
"2018398888","2562786159","1.84286"
"2562786159","2018398888","1.84286"
"2018398888","2951390818","0.342857"
"2951390818","2018398888","0.342857"
"2018398888","2962648813","0.342857"
"2962648813","2018398888","0.342857"
"2018398888","2963284996","0.342857"
"2963284996","2018398888","0.342857"
"2067771944","2562786159","1.47619"
"2562786159","2067771944","1.47619"
"2067771944","2951390818","1.64286"
"2951390818","2067771944","1.64286"
"2067771944","2962648813","1.47619"
"2962648813","2067771944","1.47619"
"2067771944","2963284996","0.47619"
"2963284996","2067771944","0.47619"
"2562786159","2951390818","9.92619"
"2951390818","2562786159","9.92619"
"2562786159","2962648813","5.42619"
"2962648813","2562786159","5.42619"
"2562786159","2963284996","6.92619"
"2963284996","2562786159","6.92619"
"2951390818","2962648813","0.92619"
"2962648813","2951390818","0.92619"
"2951390818","2963284996","0.92619"
"2963284996","2951390818","0.92619"
"2962648813","2963284996","16.9262"
"2963284996","2962648813","16.9262"
"1575245263","1593368092","2.5"
"1593368092","1575245263","2.5"
"1575245263","2157316480","1.5"
"2157316480","1575245263","1.5"
"1593368092","2157316480","0.5"
"2157316480","1593368092","0.5"
"1593368092","2164232018","0.555556"
"2164232018","1593368092","0.555556"
"1593368092","2476125329","0.555556"
"2476125329","1593368092","0.555556"
"2164232018","2476125329","6.38889"
"2476125329","2164232018","6.38889"
"1593368092","2031095833","3.52778"
"2031095833","1593368092","3.52778"
"1593368092","2169743536","0.527778"
"2169743536","1593368092","0.527778"
"1982410540","2031095833","0.25"
"2031095833","1982410540","0.25"
"1982410540","2169743536","1.66667"
"2169743536","1982410540","1.66667"
"2018398888","2031095833","0.25"
"2031095833","2018398888","0.25"
"2018398888","2169743536","1.66667"
"2169743536","2018398888","1.66667"
"2031095833","2169743536","1.09488"
"2169743536","2031095833","1.09488"
"1593368092","2067771944","0.111111"
"2067771944","1593368092","0.111111"
"1593368092","2118036225","0.277778"
"2118036225","1593368092","0.277778"
"1593368092","2128873747","0.277778"
"2128873747","1593368092","0.277778"
"1593368092","2136635436","0.277778"
"2136635436","1593368092","0.277778"
"1593368092","2150461699","0.111111"
"2150461699","1593368092","0.111111"
"1593368092","2168084958","0.277778"
"2168084958","1593368092","0.277778"
"1593368092","2169658215","0.277778"
"2169658215","1593368092","0.277778"
"2031095833","2067771944","0.111111"
"2067771944","2031095833","0.111111"
"2031095833","2118036225","0.277778"
"2118036225","2031095833","0.277778"
"2031095833","2128873747","0.368687"
"2128873747","2031095833","0.368687"
"2031095833","2136635436","0.70202"
"2136635436","2031095833","0.70202"
"2031095833","2150461699","0.111111"
"2150461699","2031095833","0.111111"
"2031095833","2168084958","0.535354"
"2168084958","2031095833","0.535354"
"2031095833","2169658215","0.678211"
"2169658215","2031095833","0.678211"
"2067771944","2118036225","0.111111"
"2118036225","2067771944","0.111111"
"2067771944","2128873747","0.111111"
"2128873747","2067771944","0.111111"
"2067771944","2136635436","0.111111"
"2136635436","2067771944","0.111111"
"2067771944","2150461699","0.111111"
"2150461699","2067771944","0.111111"
"2067771944","2168084958","0.111111"
"2168084958","2067771944","0.111111"
"2067771944","2169658215","0.111111"
"2169658215","2067771944","0.111111"
"2067771944","2169743536","0.111111"
"2169743536","2067771944","0.111111"
"2118036225","2128873747","0.361111"
"2128873747","2118036225","0.361111"
"2118036225","2136635436","3.02183"
"2136635436","2118036225","3.02183"
"2118036225","2150461699","0.253968"
"2150461699","2118036225","0.253968"
"2118036225","2168084958","0.795635"
"2168084958","2118036225","0.795635"
"2118036225","2169658215","2.54563"
"2169658215","2118036225","2.54563"
"2118036225","2169743536","0.361111"
"2169743536","2118036225","0.361111"
"2128873747","2136635436","0.57702"
"2136635436","2128873747","0.57702"
"2128873747","2150461699","0.611111"
"2150461699","2128873747","0.611111"
"2128873747","2168084958","0.368687"
"2168084958","2128873747","0.368687"
"2128873747","2169658215","1.06869"
"2169658215","2128873747","1.06869"
"2128873747","2169743536","0.82702"
"2169743536","2128873747","0.82702"
"2136635436","2150461699","0.753968"
"2150461699","2136635436","0.753968"
"2136635436","2168084958","2.08654"
"2168084958","2136635436","2.08654"
"2136635436","2169658215","2.13654"
"2169658215","2136635436","2.13654"
"2136635436","2169743536","2.11035"
"2169743536","2136635436","2.11035"
"2150461699","2168084958","4.86111"
"2168084958","2150461699","4.86111"
"2150461699","2169658215","0.611111"
"2169658215","2150461699","0.611111"
"2150461699","2169743536","0.111111"
"2169743536","2150461699","0.111111"
"2168084958","2169658215","1.30321"
"2169658215","2168084958","1.30321"
"2168084958","2169743536","0.568687"
"2169743536","2168084958","0.568687"
"2169658215","2169743536","0.511544"
"2169743536","2169658215","0.511544"
"1593368092","2009134948","0.166667"
"2009134948","1593368092","0.166667"
"1593368092","2022286021","0.0555556"
"2022286021","1593368092","0.0555556"
"1593368092","2109749916","0.0555556"
"2109749916","1593368092","0.0555556"
"1593368092","2163939328","0.0555556"
"2163939328","1593368092","0.0555556"
"1593368092","221337630","0.0555556"
"221337630","1593368092","0.0555556"
"1593368092","2280737108","0.0555556"
"2280737108","1593368092","0.0555556"
"1593368092","2562786159","0.0555556"
"2562786159","1593368092","0.0555556"
"1593368092","2952586245","0.0555556"
"2952586245","1593368092","0.0555556"
"2009134948","2022286021","1.52146"
"2022286021","2009134948","1.52146"
"2009134948","2031095833","0.424242"
"2031095833","2009134948","0.424242"
"2009134948","2109749916","0.354798"
"2109749916","2009134948","0.354798"
"2009134948","2118036225","0.392857"
"2118036225","2009134948","0.392857"
"2009134948","2128873747","1.71591"
"2128873747","2009134948","1.71591"
"2009134948","2136635436","1.80877"
"2136635436","2009134948","1.80877"
"2009134948","2163939328","0.604798"
"2163939328","2009134948","0.604798"
"2009134948","2164232018","0.229798"
"2164232018","2009134948","0.229798"
"2009134948","2168084958","0.624242"
"2168084958","2009134948","0.624242"
"2009134948","2169658215","0.424242"
"2169658215","2009134948","0.424242"
"2009134948","2169743536","1.74924"
"2169743536","2009134948","1.74924"
"2009134948","221337630","0.0555556"
"221337630","2009134948","0.0555556"
"2009134948","2476125329","0.263889"
"2476125329","2009134948","0.263889"
"2009134948","2562786159","0.0555556"
"2562786159","2009134948","0.0555556"
"2009134948","2952586245","0.263889"
"2952586245","2009134948","0.263889"
"2022286021","2031095833","0.313131"
"2031095833","2022286021","0.313131"
"2022286021","2109749916","4.12265"
"2109749916","2022286021","4.12265"
"2022286021","2118036225","0.406746"
"2118036225","2022286021","0.406746"
"2022286021","2125156825","0.0555556"
"2125156825","2022286021","0.0555556"
"2022286021","2128873747","0.554798"
"2128873747","2022286021","0.554798"
"2022286021","2136635436","0.622655"
"2136635436","2022286021","0.622655"
"2022286021","2163939328","0.804798"
"2163939328","2022286021","0.804798"
"2022286021","2164232018","0.229798"
"2164232018","2022286021","0.229798"
"2022286021","2168084958","3.08099"
"2168084958","2022286021","3.08099"
"2022286021","2169658215","2.03099"
"2169658215","2022286021","2.03099"
"2022286021","2169743536","0.354798"
"2169743536","2022286021","0.354798"
"2022286021","221337630","0.0555556"
"221337630","2022286021","0.0555556"
"2022286021","2280737108","0.255556"
"2280737108","2022286021","0.255556"
"2022286021","2476125329","0.263889"
"2476125329","2022286021","0.263889"
"2022286021","2562786159","0.0555556"
"2562786159","2022286021","0.0555556"
"2022286021","2952586245","0.263889"
"2952586245","2022286021","0.263889"
"2031095833","2109749916","0.289322"
"2109749916","2031095833","0.289322"
"2031095833","2125156825","0.198413"
"2125156825","2031095833","0.198413"
"2031095833","2163939328","0.289322"
"2163939328","2031095833","0.289322"
"2031095833","2164232018","0.479798"
"2164232018","2031095833","0.479798"
"2031095833","221337630","0.198413"
"221337630","2031095833","0.198413"
"2031095833","2280737108","0.0555556"
"2280737108","2031095833","0.0555556"
"2031095833","2476125329","0.0555556"
"2476125329","2031095833","0.0555556"
"2031095833","2562786159","0.0555556"
"2562786159","2031095833","0.0555556"
"2031095833","2952586245","0.0555556"
"2952586245","2031095833","0.0555556"
"2109749916","2118036225","0.406746"
"2118036225","2109749916","0.406746"
"2109749916","2125156825","0.198413"
"2125156825","2109749916","0.198413"
"2109749916","2128873747","0.354798"
"2128873747","2109749916","0.354798"
"2109749916","2136635436","0.622655"
"2136635436","2109749916","0.622655"
"2109749916","2163939328","0.497655"
"2163939328","2109749916","0.497655"
"2109749916","2164232018","0.229798"
"2164232018","2109749916","0.229798"
"2109749916","2168084958","0.914322"
"2168084958","2109749916","0.914322"
"2109749916","2169658215","1.55718"
"2169658215","2109749916","1.55718"
"2109749916","2169743536","0.497655"
"2169743536","2109749916","0.497655"
"2109749916","221337630","0.198413"
"221337630","2109749916","0.198413"
"2109749916","2280737108","0.0555556"
"2280737108","2109749916","0.0555556"
"2109749916","2476125329","0.263889"
"2476125329","2109749916","0.263889"
"2109749916","2562786159","0.0555556"
"2562786159","2109749916","0.0555556"
"2109749916","2952586245","0.263889"
"2952586245","2109749916","0.263889"
"2118036225","2125156825","0.0555556"
"2125156825","2118036225","0.0555556"
"2118036225","2163939328","0.388889"
"2163939328","2118036225","0.388889"
"2118036225","2164232018","0.138889"
"2164232018","2118036225","0.138889"
"2118036225","2280737108","0.0555556"
"2280737108","2118036225","0.0555556"
"2118036225","2476125329","0.138889"
"2476125329","2118036225","0.138889"
"2118036225","2562786159","0.0555556"
"2562786159","2118036225","0.0555556"
"2118036225","2952586245","0.138889"
"2952586245","2118036225","0.138889"
"2125156825","2128873747","0.0555556"
"2128873747","2125156825","0.0555556"
"2125156825","2164232018","0.388889"
"2164232018","2125156825","0.388889"
"2125156825","2168084958","0.0555556"
"2168084958","2125156825","0.0555556"
"2125156825","2169658215","0.198413"
"2169658215","2125156825","0.198413"
"2125156825","2169743536","0.698413"
"2169743536","2125156825","0.698413"
"2125156825","221337630","0.198413"
"221337630","2125156825","0.198413"
"2125156825","2476125329","0.0555556"
"2476125329","2125156825","0.0555556"
"2125156825","2562786159","0.0555556"
"2562786159","2125156825","0.0555556"
"2125156825","2952586245","0.0555556"
"2952586245","2125156825","0.0555556"
"2128873747","2163939328","1.8048"
"2163939328","2128873747","1.8048"
"2128873747","2164232018","0.229798"
"2164232018","2128873747","0.229798"
"2128873747","221337630","0.0555556"
"221337630","2128873747","0.0555556"
"2128873747","2280737108","5.25556"
"2280737108","2128873747","5.25556"
"2128873747","2476125329","0.263889"
"2476125329","2128873747","0.263889"
"2128873747","2562786159","0.0555556"
"2562786159","2128873747","0.0555556"
"2128873747","2952586245","0.263889"
"2952586245","2128873747","0.263889"
"2136635436","2163939328","0.604798"
"2163939328","2136635436","0.604798"
"2136635436","2164232018","0.563131"
"2164232018","2136635436","0.563131"
"2136635436","221337630","0.0555556"
"221337630","2136635436","0.0555556"
"2136635436","2280737108","1.25556"
"2280737108","2136635436","1.25556"
"2136635436","2476125329","0.263889"
"2476125329","2136635436","0.263889"
"2136635436","2562786159","0.0555556"
"2562786159","2136635436","0.0555556"
"2136635436","2952586245","0.263889"
"2952586245","2136635436","0.263889"
"2163939328","2164232018","0.229798"
"2164232018","2163939328","0.229798"
"2163939328","2168084958","0.396465"
"2168084958","2163939328","0.396465"
"2163939328","2169658215","0.739322"
"2169658215","2163939328","0.739322"
"2163939328","2169743536","2.74766"
"2169743536","2163939328","2.74766"
"2163939328","221337630","0.198413"
"221337630","2163939328","0.198413"
"2163939328","2280737108","0.255556"
"2280737108","2163939328","0.255556"
"2163939328","2476125329","0.263889"
"2476125329","2163939328","0.263889"
"2163939328","2562786159","0.0555556"
"2562786159","2163939328","0.0555556"
"2163939328","2952586245","0.263889"
"2952586245","2163939328","0.263889"
"2164232018","2168084958","0.146465"
"2168084958","2164232018","0.146465"
"2164232018","2169658215","0.146465"
"2169658215","2164232018","0.146465"
"2164232018","2169743536","0.563131"
"2169743536","2164232018","0.563131"
"2164232018","221337630","0.0555556"
"221337630","2164232018","0.0555556"
"2164232018","2280737108","0.0555556"
"2280737108","2164232018","0.0555556"
"2164232018","2562786159","0.0555556"
"2562786159","2164232018","0.0555556"
"2164232018","2952586245","0.138889"
"2952586245","2164232018","0.138889"
"2168084958","221337630","0.0555556"
"221337630","2168084958","0.0555556"
"2168084958","2280737108","0.255556"
"2280737108","2168084958","0.255556"
"2168084958","2476125329","0.0555556"
"2476125329","2168084958","0.0555556"
"2168084958","2562786159","0.0555556"
"2562786159","2168084958","0.0555556"
"2168084958","2952586245","0.0555556"
"2952586245","2168084958","0.0555556"
"2169658215","221337630","0.198413"
"221337630","2169658215","0.198413"
"2169658215","2280737108","0.255556"
"2280737108","2169658215","0.255556"
"2169658215","2476125329","0.0555556"
"2476125329","2169658215","0.0555556"
"2169658215","2562786159","0.388889"
"2562786159","2169658215","0.388889"
"2169658215","2952586245","0.0555556"
"2952586245","2169658215","0.0555556"
"2169743536","221337630","0.198413"
"221337630","2169743536","0.198413"
"2169743536","2280737108","0.255556"
"2280737108","2169743536","0.255556"
"2169743536","2476125329","0.263889"
"2476125329","2169743536","0.263889"
"2169743536","2562786159","0.0555556"
"2562786159","2169743536","0.0555556"
"2169743536","2952586245","0.263889"
"2952586245","2169743536","0.263889"
"221337630","2280737108","1.05556"
"2280737108","221337630","1.05556"
"221337630","2476125329","0.0555556"
"2476125329","221337630","0.0555556"
"221337630","2562786159","0.0555556"
"2562786159","221337630","0.0555556"
"221337630","2952586245","0.0555556"
"2952586245","221337630","0.0555556"
"2280737108","2476125329","0.0555556"
"2476125329","2280737108","0.0555556"
"2280737108","2562786159","0.0555556"
"2562786159","2280737108","0.0555556"
"2280737108","2952586245","0.0555556"
"2952586245","2280737108","0.0555556"
"2476125329","2562786159","0.0555556"
"2562786159","2476125329","0.0555556"
"2476125329","2952586245","0.263889"
"2952586245","2476125329","0.263889"
"2562786159","2952586245","0.805556"
"2952586245","2562786159","0.805556"
"1593368092","2057932305","0.111111"
"2057932305","1593368092","0.111111"
"2009134948","2057932305","0.753968"
"2057932305","2009134948","0.753968"
"2031095833","2057932305","0.253968"
"2057932305","2031095833","0.253968"
"2057932305","2128873747","0.111111"
"2128873747","2057932305","0.111111"
"2057932305","2136635436","0.753968"
"2136635436","2057932305","0.753968"
"2057932305","2168084958","0.111111"
"2168084958","2057932305","0.111111"
"2057932305","2169658215","0.253968"
"2169658215","2057932305","0.253968"
"2057932305","2169743536","0.253968"
"2169743536","2057932305","0.253968"
"185973768","2339136142","0.5"
"2339136142","185973768","0.5"
"2009134948","2339136142","0.5"
"2339136142","2009134948","0.5"
"185973768","2790446188","2"
"2790446188","185973768","2"
"1979644923","2118036225","1"
"2118036225","1979644923","1"
"1979644923","2757016771","1"
"2757016771","1979644923","1"
"1982410540","2562786159","0.5"
"2562786159","1982410540","0.5"
"1982410540","2022286021","0.0833333"
"2022286021","1982410540","0.0833333"
"1982410540","2109749916","0.0833333"
"2109749916","1982410540","0.0833333"
"1982410540","2118036225","0.22619"
"2118036225","1982410540","0.22619"
"1982410540","2128873747","0.0833333"
"2128873747","1982410540","0.0833333"
"1982410540","2136635436","0.22619"
"2136635436","1982410540","0.22619"
"1982410540","2163939328","0.0833333"
"2163939328","1982410540","0.0833333"
"1982410540","2164232018","0.916667"
"2164232018","1982410540","0.916667"
"1982410540","2476125329","0.916667"
"2476125329","1982410540","0.916667"
"1982410540","2952586245","0.0833333"
"2952586245","1982410540","0.0833333"
"2018398888","2022286021","0.0833333"
"2022286021","2018398888","0.0833333"
"2018398888","2109749916","0.0833333"
"2109749916","2018398888","0.0833333"
"2018398888","2118036225","0.22619"
"2118036225","2018398888","0.22619"
"2018398888","2128873747","0.0833333"
"2128873747","2018398888","0.0833333"
"2018398888","2136635436","0.22619"
"2136635436","2018398888","0.22619"
"2018398888","2163939328","0.0833333"
"2163939328","2018398888","0.0833333"
"2018398888","2164232018","0.916667"
"2164232018","2018398888","0.916667"
"2018398888","2476125329","1.91667"
"2476125329","2018398888","1.91667"
"2018398888","2952586245","0.0833333"
"2952586245","2018398888","0.0833333"
"1982410540","812851569","0.333333"
"812851569","1982410540","0.333333"
"2018398888","812851569","0.333333"
"812851569","2018398888","0.333333"
"2476125329","812851569","3.83333"
"812851569","2476125329","3.83333"
"1982410540","221337630","1"
"221337630","1982410540","1"
"2018398888","221337630","1"
"221337630","2018398888","1"
"1982410540","1989291446","1"
"1989291446","1982410540","1"
"1982410540","2150461699","0.142857"
"2150461699","1982410540","0.142857"
"2009134948","2150461699","0.142857"
"2150461699","2009134948","0.142857"
"2009134948","2358258772","0.142857"
"2358258772","2009134948","0.142857"
"2018398888","2150461699","0.142857"
"2150461699","2018398888","0.142857"
"2057932305","2150461699","0.142857"
"2150461699","2057932305","0.142857"
"2136635436","2358258772","0.642857"
"2358258772","2136635436","0.642857"
"2150461699","2358258772","0.142857"
"2358258772","2150461699","0.142857"
"1987958995","812851569","1"
"812851569","1987958995","1"
"1987958995","2009134948","0.5"
"2009134948","1987958995","0.5"
"1989291446","2109749916","2.52543"
"2109749916","1989291446","2.52543"
"1989291446","2009134948","1.50758"
"2009134948","1989291446","1.50758"
"1989291446","2128873747","1.54091"
"2128873747","1989291446","1.54091"
"1989291446","2163939328","3.04091"
"2163939328","1989291446","3.04091"
"1989291446","2169743536","0.340909"
"2169743536","1989291446","0.340909"
"1989291446","2022286021","2.1421"
"2022286021","1989291446","2.1421"
"1989291446","2031095833","0.257576"
"2031095833","1989291446","0.257576"
"1989291446","2136635436","0.608766"
"2136635436","1989291446","0.608766"
"1989291446","2164232018","0.0909091"
"2164232018","1989291446","0.0909091"
"1989291446","2168084958","1.27543"
"2168084958","1989291446","1.27543"
"1989291446","2169658215","1.6421"
"2169658215","1989291446","1.6421"
"1989291446","2075719792","0.934524"
"2075719792","1989291446","0.934524"
"2022286021","2075719792","1.26786"
"2075719792","2022286021","1.26786"
"2075719792","2109749916","0.85119"
"2109749916","2075719792","0.85119"
"2075719792","2168084958","0.684524"
"2168084958","2075719792","0.684524"
"1989291446","2118036225","0.517857"
"2118036225","1989291446","0.517857"
"2075719792","2118036225","0.267857"
"2118036225","2075719792","0.267857"
"2075719792","2136635436","0.267857"
"2136635436","2075719792","0.267857"
"2075719792","2169658215","1.01786"
"2169658215","2075719792","1.01786"
"1989291446","2150461699","0.25"
"2150461699","1989291446","0.25"
"2022286021","2150461699","0.25"
"2150461699","2022286021","0.25"
"2109749916","2150461699","0.25"
"2150461699","2109749916","0.25"
"2009134948","2075719792","1.16667"
"2075719792","2009134948","1.16667"
"2031095833","2075719792","0.166667"
"2075719792","2031095833","0.166667"
"1989291446","2757016771","0.125"
"2757016771","1989291446","0.125"
"2022286021","2757016771","0.125"
"2757016771","2022286021","0.125"
"2075719792","2757016771","0.125"
"2757016771","2075719792","0.125"
"2109749916","2757016771","0.125"
"2757016771","2109749916","0.125"
"2118036225","2757016771","0.125"
"2757016771","2118036225","0.125"
"2136635436","2757016771","0.125"
"2757016771","2136635436","0.125"
"2168084958","2757016771","0.125"
"2757016771","2168084958","0.125"
"2169658215","2757016771","0.125"
"2757016771","2169658215","0.125"
"2075719792","2163939328","0.25"
"2163939328","2075719792","0.25"
"1989291446","2280737108","0.2"
"2280737108","1989291446","0.2"
"2009134948","2395937008","0.2"
"2395937008","2009134948","0.2"
"2136635436","2395937008","0.2"
"2395937008","2136635436","0.2"
"2168084958","2395937008","0.2"
"2395937008","2168084958","0.2"
"2169743536","2395937008","0.2"
"2395937008","2169743536","0.2"
"2280737108","2395937008","1.2"
"2395937008","2280737108","1.2"
"2057932305","2109749916","0.142857"
"2109749916","2057932305","0.142857"
"2057932305","2163939328","0.142857"
"2163939328","2057932305","0.142857"
"2057932305","2476125329","0.75"
"2476125329","2057932305","0.75"
"2358258772","2476125329","0.75"
"2476125329","2358258772","0.75"
"2057932305","2395937008","1.5"
"2395937008","2057932305","1.5"
"2358258772","2395937008","0.5"
"2395937008","2358258772","0.5"
"2057932305","2164232018","0.75"
"2164232018","2057932305","0.75"
"2164232018","2358258772","0.75"
"2358258772","2164232018","0.75"
"2057932305","2386888220","0.25"
"2386888220","2057932305","0.25"
"2164232018","2386888220","0.25"
"2386888220","2164232018","0.25"
"2358258772","2386888220","0.25"
"2386888220","2358258772","0.25"
"2386888220","2476125329","0.75"
"2476125329","2386888220","0.75"
"2114414765","2118036225","1"
"2118036225","2114414765","1"
"2150461699","221337630","1"
"221337630","2150461699","1"
"2164232018","812851569","0.5"
"812851569","2164232018","0.5"
"2169658215","2962648813","0.333333"
"2962648813","2169658215","0.333333"
"2169658215","2963284996","0.333333"
"2963284996","2169658215","0.333333"
"2339136142","2386888220","11.5"
"2386888220","2339136142","11.5"
"2339136142","2476125329","0.5"
"2476125329","2339136142","0.5"
"2395937008","2476125329","1"
"2476125329","2395937008","1"
"2476125329","2757016771","1"
"2757016771","2476125329","1"
"2952586245","2963284996","1.25"
"2963284996","2952586245","1.25"
"2951390818","2952586245","0.25"
"2952586245","2951390818","0.25"
"2952586245","2962648813","0.75"
"2962648813","2952586245","0.75"
"2595853853","2615650274","6"
"2615650274","2595853853","6"
"2615650274","2952586245","1"
"2952586245","2615650274","1"
"2757016771","2952586245","1"
"2952586245","2757016771","1"
