"101003662","1530595269","0.366667"
"1530595269","101003662","0.366667"
"101003662","1590225777","0.366667"
"1590225777","101003662","0.366667"
"101003662","2073825221","0.2"
"2073825221","101003662","0.2"
"101003662","2089055054","0.366667"
"2089055054","101003662","0.366667"
"101003662","2102286993","0.2"
"2102286993","101003662","0.2"
"1530595269","1590225777","0.715502"
"1590225777","1530595269","0.715502"
"1530595269","2073825221","0.2"
"2073825221","1530595269","0.2"
"1530595269","2089055054","0.366667"
"2089055054","1530595269","0.366667"
"1530595269","2102286993","0.2"
"2102286993","1530595269","0.2"
"1590225777","2073825221","0.2"
"2073825221","1590225777","0.2"
"1590225777","2089055054","0.366667"
"2089055054","1590225777","0.366667"
"1590225777","2102286993","0.2"
"2102286993","1590225777","0.2"
"2073825221","2089055054","5.48333"
"2089055054","2073825221","5.48333"
"2073825221","2102286993","5.15"
"2102286993","2073825221","5.15"
"2089055054","2102286993","2.98333"
"2102286993","2089055054","2.98333"
"101003662","2011191813","0.166667"
"2011191813","101003662","0.166667"
"101003662","2059054797","0.166667"
"2059054797","101003662","0.166667"
"101003662","82889883","0.166667"
"82889883","101003662","0.166667"
"1530595269","2011191813","0.355978"
"2011191813","1530595269","0.355978"
"1530595269","2059054797","0.166667"
"2059054797","1530595269","0.166667"
"1530595269","82889883","0.166667"
"82889883","1530595269","0.166667"
"1590225777","2011191813","0.272645"
"2011191813","1590225777","0.272645"
"1590225777","2059054797","0.277778"
"2059054797","1590225777","0.277778"
"1590225777","82889883","0.277778"
"82889883","1590225777","0.277778"
"2011191813","2059054797","0.166667"
"2059054797","2011191813","0.166667"
"2011191813","2089055054","9.45"
"2089055054","2011191813","9.45"
"2011191813","82889883","0.166667"
"82889883","2011191813","0.166667"
"2059054797","2089055054","0.666667"
"2089055054","2059054797","0.666667"
"2059054797","82889883","6.77778"
"82889883","2059054797","6.77778"
"2089055054","82889883","0.166667"
"82889883","2089055054","0.166667"
"120268299","1527659376","0.579167"
"1527659376","120268299","0.579167"
"120268299","1530595269","0.866668"
"1530595269","120268299","0.866668"
"120268299","1578711506","0.598835"
"1578711506","120268299","0.598835"
"120268299","1590225777","0.459947"
"1590225777","120268299","0.459947"
"120268299","1591450657","2.93687"
"1591450657","120268299","2.93687"
"120268299","1604390995","0.749802"
"1604390995","120268299","0.749802"
"120268299","1673310716","0.739423"
"1673310716","120268299","0.739423"
"120268299","1969806156","0.0625"
"1969806156","120268299","0.0625"
"120268299","1980652169","0.0625"
"1980652169","120268299","0.0625"
"120268299","2011191813","0.105978"
"2011191813","120268299","0.105978"
"120268299","2126751256","1.11667"
"2126751256","120268299","1.11667"
"120268299","2144182447","0.339745"
"2144182447","120268299","0.339745"
"120268299","2160642098","0.766668"
"2160642098","120268299","0.766668"
"120268299","2166933393","0.37381"
"2166933393","120268299","0.37381"
"120268299","2562836854","0.739423"
"2562836854","120268299","0.739423"
"120268299","50951307","0.47381"
"50951307","120268299","0.47381"
"1527659376","1530595269","0.4125"
"1530595269","1527659376","0.4125"
"1527659376","1578711506","0.0625"
"1578711506","1527659376","0.0625"
"1527659376","1590225777","2.19028"
"1590225777","1527659376","2.19028"
"1527659376","1591450657","1.5625"
"1591450657","1527659376","1.5625"
"1527659376","1604390995","3.39028"
"1604390995","1527659376","3.39028"
"1527659376","1673310716","0.329167"
"1673310716","1527659376","0.329167"
"1527659376","1969806156","0.0625"
"1969806156","1527659376","0.0625"
"1527659376","1980652169","0.0625"
"1980652169","1527659376","0.0625"
"1527659376","2011191813","0.0625"
"2011191813","1527659376","0.0625"
"1527659376","2126751256","0.329167"
"2126751256","1527659376","0.329167"
"1527659376","2144182447","0.0625"
"2144182447","1527659376","0.0625"
"1527659376","2160642098","0.0625"
"2160642098","1527659376","0.0625"
"1527659376","2166933393","0.3625"
"2166933393","1527659376","0.3625"
"1527659376","2562836854","0.329167"
"2562836854","1527659376","0.329167"
"1527659376","50951307","0.3625"
"50951307","1527659376","0.3625"
"1530595269","1578711506","0.289312"
"1578711506","1530595269","0.289312"
"1530595269","1591450657","0.382901"
"1591450657","1530595269","0.382901"
"1530595269","1604390995","0.1625"
"1604390995","1530595269","0.1625"
"1530595269","1673310716","0.322756"
"1673310716","1530595269","0.322756"
"1530595269","1969806156","0.0625"
"1969806156","1530595269","0.0625"
"1530595269","1980652169","0.0625"
"1980652169","1530595269","0.0625"
"1530595269","2126751256","0.700001"
"2126751256","1530595269","0.700001"
"1530595269","2144182447","0.339745"
"2144182447","1530595269","0.339745"
"1530595269","2160642098","0.857144"
"2160642098","1530595269","0.857144"
"1530595269","2166933393","1.65714"
"2166933393","1530595269","1.65714"
"1530595269","2562836854","0.322756"
"2562836854","1530595269","0.322756"
"1530595269","50951307","0.757144"
"50951307","1530595269","0.757144"
"1578711506","1590225777","0.105978"
"1590225777","1578711506","0.105978"
"1578711506","1591450657","0.248835"
"1591450657","1578711506","0.248835"
"1578711506","1604390995","0.205357"
"1604390995","1578711506","0.205357"
"1578711506","1673310716","0.256944"
"1673310716","1578711506","0.256944"
"1578711506","1969806156","0.125"
"1969806156","1578711506","0.125"
"1578711506","1980652169","0.125"
"1980652169","1578711506","0.125"
"1578711506","2011191813","0.710145"
"2011191813","1578711506","0.710145"
"1578711506","2126751256","0.525423"
"2126751256","1578711506","0.525423"
"1578711506","2144182447","0.868478"
"2144182447","1578711506","0.868478"
"1578711506","2160642098","1.61828"
"2160642098","1578711506","1.61828"
"1578711506","2166933393","0.189312"
"2166933393","1578711506","0.189312"
"1578711506","2562836854","0.145833"
"2562836854","1578711506","0.145833"
"1578711506","50951307","0.414312"
"50951307","1578711506","0.414312"
"1590225777","1591450657","2.55042"
"1591450657","1590225777","2.55042"
"1590225777","1604390995","2.30139"
"1604390995","1590225777","2.30139"
"1590225777","1673310716","0.1625"
"1673310716","1590225777","0.1625"
"1590225777","1969806156","0.0625"
"1969806156","1590225777","0.0625"
"1590225777","1980652169","0.0625"
"1980652169","1590225777","0.0625"
"1590225777","2126751256","2.5155"
"2126751256","1590225777","2.5155"
"1590225777","2144182447","0.248835"
"2144182447","1590225777","0.248835"
"1590225777","2160642098","0.939312"
"2160642098","1590225777","0.939312"
"1590225777","2166933393","0.205978"
"2166933393","1590225777","0.205978"
"1590225777","2562836854","0.1625"
"2562836854","1590225777","0.1625"
"1590225777","50951307","0.872645"
"50951307","1590225777","0.872645"
"1591450657","1604390995","1.98313"
"1604390995","1591450657","1.98313"
"1591450657","1673310716","0.639423"
"1673310716","1591450657","0.639423"
"1591450657","1969806156","0.0625"
"1969806156","1591450657","0.0625"
"1591450657","1980652169","0.0625"
"1980652169","1591450657","0.0625"
"1591450657","2011191813","0.105978"
"2011191813","1591450657","0.105978"
"1591450657","2126751256","0.682901"
"2126751256","1591450657","0.682901"
"1591450657","2144182447","0.105978"
"2144182447","1591450657","0.105978"
"1591450657","2160642098","0.525759"
"2160642098","1591450657","0.525759"
"1591450657","2166933393","0.382901"
"2166933393","1591450657","0.382901"
"1591450657","2562836854","0.639423"
"2562836854","1591450657","0.639423"
"1591450657","50951307","0.382901"
"50951307","1591450657","0.382901"
"1604390995","1673310716","0.1625"
"1673310716","1604390995","0.1625"
"1604390995","1969806156","0.0625"
"1969806156","1604390995","0.0625"
"1604390995","1980652169","0.0625"
"1980652169","1604390995","0.0625"
"1604390995","2011191813","0.0625"
"2011191813","1604390995","0.0625"
"1604390995","2126751256","0.1625"
"2126751256","1604390995","0.1625"
"1604390995","2144182447","0.0625"
"2144182447","1604390995","0.0625"
"1604390995","2160642098","0.205357"
"2160642098","1604390995","0.205357"
"1604390995","2166933393","0.3625"
"2166933393","1604390995","0.3625"
"1604390995","2562836854","0.1625"
"2562836854","1604390995","0.1625"
"1604390995","50951307","0.3625"
"50951307","1604390995","0.3625"
"1673310716","1969806156","0.0625"
"1969806156","1673310716","0.0625"
"1673310716","1980652169","0.0625"
"1980652169","1673310716","0.0625"
"1673310716","2011191813","0.145833"
"2011191813","1673310716","0.145833"
"1673310716","2126751256","1.7672"
"2126751256","1673310716","1.7672"
"1673310716","2144182447","0.0625"
"2144182447","1673310716","0.0625"
"1673310716","2160642098","0.333868"
"2160642098","1673310716","0.333868"
"1673310716","2166933393","0.322756"
"2166933393","1673310716","0.322756"
"1673310716","2562836854","2.65609"
"2562836854","1673310716","2.65609"
"1673310716","50951307","0.322756"
"50951307","1673310716","0.322756"
"1969806156","1980652169","11.4583"
"1980652169","1969806156","11.4583"
"1969806156","2011191813","0.625"
"2011191813","1969806156","0.625"
"1969806156","2126751256","0.0625"
"2126751256","1969806156","0.0625"
"1969806156","2144182447","0.125"
"2144182447","1969806156","0.125"
"1969806156","2160642098","0.0625"
"2160642098","1969806156","0.0625"
"1969806156","2166933393","0.0625"
"2166933393","1969806156","0.0625"
"1969806156","2562836854","0.0625"
"2562836854","1969806156","0.0625"
"1969806156","50951307","0.0625"
"50951307","1969806156","0.0625"
"1980652169","2011191813","0.125"
"2011191813","1980652169","0.125"
"1980652169","2126751256","0.0625"
"2126751256","1980652169","0.0625"
"1980652169","2144182447","0.125"
"2144182447","1980652169","0.125"
"1980652169","2160642098","0.0625"
"2160642098","1980652169","0.0625"
"1980652169","2166933393","0.0625"
"2166933393","1980652169","0.0625"
"1980652169","2562836854","0.0625"
"2562836854","1980652169","0.0625"
"1980652169","50951307","0.0625"
"50951307","1980652169","0.0625"
"2011191813","2126751256","0.314312"
"2126751256","2011191813","0.314312"
"2011191813","2144182447","0.368478"
"2144182447","2011191813","0.368478"
"2011191813","2160642098","0.514312"
"2160642098","2011191813","0.514312"
"2011191813","2166933393","0.189312"
"2166933393","2011191813","0.189312"
"2011191813","2562836854","0.145833"
"2562836854","2011191813","0.145833"
"2011191813","50951307","0.314312"
"50951307","2011191813","0.314312"
"2126751256","2144182447","0.339745"
"2144182447","2126751256","0.339745"
"2126751256","2160642098","2.52659"
"2160642098","2126751256","2.52659"
"2126751256","2166933393","0.457144"
"2166933393","2126751256","0.457144"
"2126751256","2562836854","1.65609"
"2562836854","2126751256","1.65609"
"2126751256","50951307","2.34881"
"50951307","2126751256","2.34881"
"2144182447","2160642098","1.23974"
"2160642098","2144182447","1.23974"
"2144182447","2166933393","0.196887"
"2166933393","2144182447","0.196887"
"2144182447","2562836854","0.0625"
"2562836854","2144182447","0.0625"
"2144182447","50951307","0.696887"
"50951307","2144182447","0.696887"
"2160642098","2166933393","0.557144"
"2166933393","2160642098","0.557144"
"2160642098","2562836854","0.222756"
"2562836854","2160642098","0.222756"
"2160642098","50951307","2.11548"
"50951307","2160642098","2.11548"
"2166933393","2562836854","0.322756"
"2562836854","2166933393","0.322756"
"2166933393","50951307","1.85714"
"50951307","2166933393","1.85714"
"2562836854","50951307","0.322756"
"50951307","2562836854","0.322756"
"120268299","2166368653","0.830159"
"2166368653","120268299","0.830159"
"1591450657","2166368653","0.587302"
"2166368653","1591450657","0.587302"
"1604390995","2166368653","1.02063"
"2166368653","1604390995","1.02063"
"120268299","1494154769","0.377245"
"1494154769","120268299","0.377245"
"120268299","1498047526","0.363258"
"1498047526","120268299","0.363258"
"120268299","1987111416","0.484387"
"1987111416","120268299","0.484387"
"120268299","2022902860","0.234387"
"2022902860","120268299","0.234387"
"120268299","2114826097","0.0434783"
"2114826097","120268299","0.0434783"
"120268299","2115057574","0.62437"
"2115057574","120268299","0.62437"
"120268299","2169344281","0.62437"
"2169344281","120268299","0.62437"
"120268299","2170896428","0.0434783"
"2170896428","120268299","0.0434783"
"120268299","2180566385","0.134387"
"2180566385","120268299","0.134387"
"120268299","2740924709","0.537068"
"2740924709","120268299","0.537068"
"120268299","2914381873","0.0434783"
"2914381873","120268299","0.0434783"
"120268299","2969639627","0.0434783"
"2969639627","120268299","0.0434783"
"120268299","6581905","0.0434783"
"6581905","120268299","0.0434783"
"1494154769","1498047526","0.491693"
"1498047526","1494154769","0.491693"
"1494154769","1530595269","0.660578"
"1530595269","1494154769","0.660578"
"1494154769","1578711506","0.747645"
"1578711506","1494154769","0.747645"
"1494154769","1590225777","0.186335"
"1590225777","1494154769","0.186335"
"1494154769","1591450657","0.243478"
"1591450657","1494154769","0.243478"
"1494154769","1987111416","0.296887"
"1987111416","1494154769","0.296887"
"1494154769","2011191813","0.647645"
"2011191813","1494154769","0.647645"
"1494154769","2022902860","0.921887"
"2022902860","1494154769","0.921887"
"1494154769","2114826097","0.0434783"
"2114826097","1494154769","0.0434783"
"1494154769","2115057574","0.186335"
"2115057574","1494154769","0.186335"
"1494154769","2126751256","0.585578"
"2126751256","1494154769","0.585578"
"1494154769","2144182447","0.482602"
"2144182447","1494154769","0.482602"
"1494154769","2160642098","0.785578"
"2160642098","1494154769","0.785578"
"1494154769","2166933393","0.417721"
"2166933393","1494154769","0.417721"
"1494154769","2169344281","0.186335"
"2169344281","1494154769","0.186335"
"1494154769","2170896428","0.105978"
"2170896428","1494154769","0.105978"
"1494154769","2180566385","0.196887"
"2180566385","1494154769","0.196887"
"1494154769","2740924709","0.105978"
"2740924709","1494154769","0.105978"
"1494154769","2914381873","0.0434783"
"2914381873","1494154769","0.0434783"
"1494154769","2969639627","0.105978"
"2969639627","1494154769","0.105978"
"1494154769","50951307","0.642721"
"50951307","1494154769","0.642721"
"1494154769","6581905","0.105978"
"6581905","1494154769","0.105978"
"1498047526","1530595269","0.563258"
"1530595269","1498047526","0.563258"
"1498047526","1578711506","0.205978"
"1578711506","1498047526","0.205978"
"1498047526","1590225777","0.186335"
"1590225777","1498047526","0.186335"
"1498047526","1591450657","0.120401"
"1591450657","1498047526","0.120401"
"1498047526","1987111416","0.205978"
"1987111416","1498047526","0.205978"
"1498047526","2011191813","0.105978"
"2011191813","1498047526","0.105978"
"1498047526","2022902860","0.205978"
"2022902860","1498047526","0.205978"
"1498047526","2114826097","0.0434783"
"2114826097","1498047526","0.0434783"
"1498047526","2115057574","0.463258"
"2115057574","1498047526","0.463258"
"1498047526","2126751256","0.363258"
"2126751256","1498047526","0.363258"
"1498047526","2144182447","5.00836"
"2144182447","1498047526","5.00836"
"1498047526","2160642098","0.563258"
"2160642098","1498047526","0.563258"
"1498047526","2166933393","0.120401"
"2166933393","1498047526","0.120401"
"1498047526","2169344281","0.463258"
"2169344281","1498047526","0.463258"
"1498047526","2170896428","0.105978"
"2170896428","1498047526","0.105978"
"1498047526","2180566385","0.522645"
"2180566385","1498047526","0.522645"
"1498047526","2740924709","0.182901"
"2740924709","1498047526","0.182901"
"1498047526","2914381873","0.0434783"
"2914381873","1498047526","0.0434783"
"1498047526","2969639627","0.105978"
"2969639627","1498047526","0.105978"
"1498047526","50951307","0.220401"
"50951307","1498047526","0.220401"
"1498047526","6581905","0.105978"
"6581905","1498047526","0.105978"
"1530595269","1987111416","0.484387"
"1987111416","1530595269","0.484387"
"1530595269","2022902860","0.234387"
"2022902860","1530595269","0.234387"
"1530595269","2114826097","0.0434783"
"2114826097","1530595269","0.0434783"
"1530595269","2115057574","0.320401"
"2115057574","1530595269","0.320401"
"1530595269","2169344281","0.320401"
"2169344281","1530595269","0.320401"
"1530595269","2170896428","0.0434783"
"2170896428","1530595269","0.0434783"
"1530595269","2180566385","0.134387"
"2180566385","1530595269","0.134387"
"1530595269","2740924709","0.370401"
"2740924709","1530595269","0.370401"
"1530595269","2914381873","0.0434783"
"2914381873","1530595269","0.0434783"
"1530595269","2969639627","0.0434783"
"2969639627","1530595269","0.0434783"
"1530595269","6581905","0.0434783"
"6581905","1530595269","0.0434783"
"1578711506","1987111416","0.405978"
"1987111416","1578711506","0.405978"
"1578711506","2022902860","0.330978"
"2022902860","1578711506","0.330978"
"1578711506","2114826097","0.0434783"
"2114826097","1578711506","0.0434783"
"1578711506","2115057574","0.436335"
"2115057574","1578711506","0.436335"
"1578711506","2169344281","0.436335"
"2169344281","1578711506","0.436335"
"1578711506","2170896428","0.105978"
"2170896428","1578711506","0.105978"
"1578711506","2180566385","0.417089"
"2180566385","1578711506","0.417089"
"1578711506","2740924709","0.305978"
"2740924709","1578711506","0.305978"
"1578711506","2914381873","0.0434783"
"2914381873","1578711506","0.0434783"
"1578711506","2969639627","0.217089"
"2969639627","1578711506","0.217089"
"1578711506","6581905","0.105978"
"6581905","1578711506","0.105978"
"1590225777","1987111416","0.0434783"
"1987111416","1590225777","0.0434783"
"1590225777","2022902860","0.0434783"
"2022902860","1590225777","0.0434783"
"1590225777","2114826097","0.0434783"
"2114826097","1590225777","0.0434783"
"1590225777","2115057574","0.5157"
"2115057574","1590225777","0.5157"
"1590225777","2169344281","0.5157"
"2169344281","1590225777","0.5157"
"1590225777","2170896428","0.0434783"
"2170896428","1590225777","0.0434783"
"1590225777","2180566385","0.0434783"
"2180566385","1590225777","0.0434783"
"1590225777","2740924709","0.0434783"
"2740924709","1590225777","0.0434783"
"1590225777","2914381873","0.0434783"
"2914381873","1590225777","0.0434783"
"1590225777","2969639627","0.0434783"
"2969639627","1590225777","0.0434783"
"1590225777","6581905","0.0434783"
"6581905","1590225777","0.0434783"
"1591450657","1987111416","0.0434783"
"1987111416","1591450657","0.0434783"
"1591450657","2022902860","0.0434783"
"2022902860","1591450657","0.0434783"
"1591450657","2114826097","0.0434783"
"2114826097","1591450657","0.0434783"
"1591450657","2115057574","0.37437"
"2115057574","1591450657","0.37437"
"1591450657","2169344281","0.37437"
"2169344281","1591450657","0.37437"
"1591450657","2170896428","0.0434783"
"2170896428","1591450657","0.0434783"
"1591450657","2180566385","0.0434783"
"2180566385","1591450657","0.0434783"
"1591450657","2740924709","0.287068"
"2740924709","1591450657","0.287068"
"1591450657","2914381873","0.0434783"
"2914381873","1591450657","0.0434783"
"1591450657","2969639627","0.0434783"
"2969639627","1591450657","0.0434783"
"1591450657","6581905","0.0434783"
"6581905","1591450657","0.0434783"
"1987111416","2011191813","1.93931"
"2011191813","1987111416","1.93931"
"1987111416","2022902860","1.79689"
"2022902860","1987111416","1.79689"
"1987111416","2114826097","0.0434783"
"2114826097","1987111416","0.0434783"
"1987111416","2115057574","0.0434783"
"2115057574","1987111416","0.0434783"
"1987111416","2126751256","0.234387"
"2126751256","1987111416","0.234387"
"1987111416","2144182447","0.396887"
"2144182447","1987111416","0.396887"
"1987111416","2160642098","0.434387"
"2160642098","1987111416","0.434387"
"1987111416","2166933393","0.134387"
"2166933393","1987111416","0.134387"
"1987111416","2169344281","0.0434783"
"2169344281","1987111416","0.0434783"
"1987111416","2170896428","0.272645"
"2170896428","1987111416","0.272645"
"1987111416","2180566385","5.40641"
"2180566385","1987111416","5.40641"
"1987111416","2740924709","2.19884"
"2740924709","1987111416","2.19884"
"1987111416","2914381873","0.793478"
"2914381873","1987111416","0.793478"
"1987111416","2969639627","0.472645"
"2969639627","1987111416","0.472645"
"1987111416","50951307","0.234387"
"50951307","1987111416","0.234387"
"1987111416","6581905","0.472645"
"6581905","1987111416","0.472645"
"2011191813","2022902860","0.230978"
"2022902860","2011191813","0.230978"
"2011191813","2114826097","0.0434783"
"2114826097","2011191813","0.0434783"
"2011191813","2115057574","0.0434783"
"2115057574","2011191813","0.0434783"
"2011191813","2169344281","0.0434783"
"2169344281","2011191813","0.0434783"
"2011191813","2170896428","0.105978"
"2170896428","2011191813","0.105978"
"2011191813","2180566385","1.10598"
"2180566385","2011191813","1.10598"
"2011191813","2740924709","0.272645"
"2740924709","2011191813","0.272645"
"2011191813","2914381873","0.0434783"
"2914381873","2011191813","0.0434783"
"2011191813","2969639627","0.105978"
"2969639627","2011191813","0.105978"
"2011191813","6581905","0.105978"
"6581905","2011191813","0.105978"
"2022902860","2114826097","0.0434783"
"2114826097","2022902860","0.0434783"
"2022902860","2115057574","1.04348"
"2115057574","2022902860","1.04348"
"2022902860","2126751256","0.359387"
"2126751256","2022902860","0.359387"
"2022902860","2144182447","0.196887"
"2144182447","2022902860","0.196887"
"2022902860","2160642098","1.35939"
"2160642098","2022902860","1.35939"
"2022902860","2166933393","0.134387"
"2166933393","2022902860","0.134387"
"2022902860","2169344281","0.0434783"
"2169344281","2022902860","0.0434783"
"2022902860","2170896428","0.105978"
"2170896428","2022902860","0.105978"
"2022902860","2180566385","1.69689"
"2180566385","2022902860","1.69689"
"2022902860","2740924709","0.105978"
"2740924709","2022902860","0.105978"
"2022902860","2914381873","0.293478"
"2914381873","2022902860","0.293478"
"2022902860","2969639627","0.105978"
"2969639627","2022902860","0.105978"
"2022902860","50951307","0.359387"
"50951307","2022902860","0.359387"
"2022902860","6581905","0.105978"
"6581905","2022902860","0.105978"
"2114826097","2115057574","0.0434783"
"2115057574","2114826097","0.0434783"
"2114826097","2126751256","0.0434783"
"2126751256","2114826097","0.0434783"
"2114826097","2144182447","0.0434783"
"2144182447","2114826097","0.0434783"
"2114826097","2160642098","0.0434783"
"2160642098","2114826097","0.0434783"
"2114826097","2166933393","0.0434783"
"2166933393","2114826097","0.0434783"
"2114826097","2169344281","0.0434783"
"2169344281","2114826097","0.0434783"
"2114826097","2170896428","0.376812"
"2170896428","2114826097","0.376812"
"2114826097","2180566385","0.376812"
"2180566385","2114826097","0.376812"
"2114826097","2740924709","0.376812"
"2740924709","2114826097","0.376812"
"2114826097","2914381873","0.0434783"
"2914381873","2114826097","0.0434783"
"2114826097","2969639627","0.0434783"
"2969639627","2114826097","0.0434783"
"2114826097","50951307","0.0434783"
"50951307","2114826097","0.0434783"
"2114826097","6581905","0.0434783"
"6581905","2114826097","0.0434783"
"2115057574","2126751256","0.120401"
"2126751256","2115057574","0.120401"
"2115057574","2144182447","0.353002"
"2144182447","2115057574","0.353002"
"2115057574","2160642098","0.856116"
"2160642098","2115057574","0.856116"
"2115057574","2166933393","0.320401"
"2166933393","2115057574","0.320401"
"2115057574","2169344281","8.695"
"2169344281","2115057574","8.695"
"2115057574","2170896428","0.0434783"
"2170896428","2115057574","0.0434783"
"2115057574","2180566385","0.0434783"
"2180566385","2115057574","0.0434783"
"2115057574","2740924709","0.787068"
"2740924709","2115057574","0.787068"
"2115057574","2914381873","0.0434783"
"2914381873","2115057574","0.0434783"
"2115057574","2969639627","0.0434783"
"2969639627","2115057574","0.0434783"
"2115057574","50951307","0.820401"
"50951307","2115057574","0.820401"
"2115057574","6581905","0.0434783"
"6581905","2115057574","0.0434783"
"2126751256","2169344281","0.120401"
"2169344281","2126751256","0.120401"
"2126751256","2170896428","0.0434783"
"2170896428","2126751256","0.0434783"
"2126751256","2180566385","0.245498"
"2180566385","2126751256","0.245498"
"2126751256","2740924709","0.287068"
"2740924709","2126751256","0.287068"
"2126751256","2914381873","0.0434783"
"2914381873","2126751256","0.0434783"
"2126751256","2969639627","0.154589"
"2969639627","2126751256","0.154589"
"2126751256","6581905","0.0434783"
"6581905","2126751256","0.0434783"
"2144182447","2169344281","0.353002"
"2169344281","2144182447","0.353002"
"2144182447","2170896428","0.105978"
"2170896428","2144182447","0.105978"
"2144182447","2180566385","0.980221"
"2180566385","2144182447","0.980221"
"2144182447","2740924709","0.972645"
"2740924709","2144182447","0.972645"
"2144182447","2914381873","0.0434783"
"2914381873","2144182447","0.0434783"
"2144182447","2969639627","0.105978"
"2969639627","2144182447","0.105978"
"2144182447","6581905","0.105978"
"6581905","2144182447","0.105978"
"2160642098","2169344281","0.856116"
"2169344281","2160642098","0.856116"
"2160642098","2170896428","0.0434783"
"2170896428","2160642098","0.0434783"
"2160642098","2180566385","0.445498"
"2180566385","2160642098","0.445498"
"2160642098","2740924709","0.320401"
"2740924709","2160642098","0.320401"
"2160642098","2914381873","0.0434783"
"2914381873","2160642098","0.0434783"
"2160642098","2969639627","0.154589"
"2969639627","2160642098","0.154589"
"2160642098","6581905","0.0434783"
"6581905","2160642098","0.0434783"
"2166933393","2169344281","0.320401"
"2169344281","2166933393","0.320401"
"2166933393","2170896428","0.0434783"
"2170896428","2166933393","0.0434783"
"2166933393","2180566385","0.134387"
"2180566385","2166933393","0.134387"
"2166933393","2740924709","0.120401"
"2740924709","2166933393","0.120401"
"2166933393","2914381873","0.0434783"
"2914381873","2166933393","0.0434783"
"2166933393","2969639627","0.0434783"
"2969639627","2166933393","0.0434783"
"2166933393","6581905","0.0434783"
"6581905","2166933393","0.0434783"
"2169344281","2170896428","0.0434783"
"2170896428","2169344281","0.0434783"
"2169344281","2180566385","0.0434783"
"2180566385","2169344281","0.0434783"
"2169344281","2740924709","0.787068"
"2740924709","2169344281","0.787068"
"2169344281","2914381873","0.0434783"
"2914381873","2169344281","0.0434783"
"2169344281","2969639627","0.0434783"
"2969639627","2169344281","0.0434783"
"2169344281","50951307","0.820401"
"50951307","2169344281","0.820401"
"2169344281","6581905","0.0434783"
"6581905","2169344281","0.0434783"
"2170896428","2180566385","1.43931"
"2180566385","2170896428","1.43931"
"2170896428","2740924709","0.439312"
"2740924709","2170896428","0.439312"
"2170896428","2914381873","0.0434783"
"2914381873","2170896428","0.0434783"
"2170896428","2969639627","0.605978"
"2969639627","2170896428","0.605978"
"2170896428","50951307","0.0434783"
"50951307","2170896428","0.0434783"
"2170896428","6581905","0.772645"
"6581905","2170896428","0.772645"
"2180566385","2740924709","1.03217"
"2740924709","2180566385","1.03217"
"2180566385","2914381873","5.99348"
"2914381873","2180566385","5.99348"
"2180566385","2969639627","4.36709"
"2969639627","2180566385","4.36709"
"2180566385","50951307","0.134387"
"50951307","2180566385","0.134387"
"2180566385","6581905","1.92264"
"6581905","2180566385","1.92264"
"2740924709","2914381873","0.793478"
"2914381873","2740924709","0.793478"
"2740924709","2969639627","0.689312"
"2969639627","2740924709","0.689312"
"2740924709","50951307","0.620401"
"50951307","2740924709","0.620401"
"2740924709","6581905","0.105978"
"6581905","2740924709","0.105978"
"2914381873","2969639627","3.24348"
"2969639627","2914381873","3.24348"
"2914381873","50951307","0.0434783"
"50951307","2914381873","0.0434783"
"2914381873","6581905","0.243478"
"6581905","2914381873","0.243478"
"2969639627","50951307","0.0434783"
"50951307","2969639627","0.0434783"
"2969639627","6581905","1.42264"
"6581905","2969639627","1.42264"
"50951307","6581905","0.0434783"
"6581905","50951307","0.0434783"
"120268299","2054773288","0.111111"
"2054773288","120268299","0.111111"
"120268299","2059054797","0.111111"
"2059054797","120268299","0.111111"
"120268299","82889883","0.111111"
"82889883","120268299","0.111111"
"1590225777","2054773288","1.11111"
"2054773288","1590225777","1.11111"
"1590225777","2166368653","2.02063"
"2166368653","1590225777","2.02063"
"1591450657","2054773288","0.111111"
"2054773288","1591450657","0.111111"
"1591450657","2059054797","0.111111"
"2059054797","1591450657","0.111111"
"1591450657","82889883","0.111111"
"82889883","1591450657","0.111111"
"1604390995","2054773288","0.111111"
"2054773288","1604390995","0.111111"
"1604390995","2059054797","0.111111"
"2059054797","1604390995","0.111111"
"1604390995","2115057574","0.815079"
"2115057574","1604390995","0.815079"
"1604390995","2169344281","0.815079"
"2169344281","1604390995","0.815079"
"1604390995","82889883","0.111111"
"82889883","1604390995","0.111111"
"2054773288","2059054797","8.11111"
"2059054797","2054773288","8.11111"
"2054773288","2115057574","0.111111"
"2115057574","2054773288","0.111111"
"2054773288","2166368653","0.111111"
"2166368653","2054773288","0.111111"
"2054773288","2169344281","0.111111"
"2169344281","2054773288","0.111111"
"2054773288","82889883","4.61111"
"82889883","2054773288","4.61111"
"2059054797","2115057574","0.111111"
"2115057574","2059054797","0.111111"
"2059054797","2166368653","0.111111"
"2166368653","2059054797","0.111111"
"2059054797","2169344281","0.111111"
"2169344281","2059054797","0.111111"
"2115057574","2166368653","0.253968"
"2166368653","2115057574","0.253968"
"2115057574","82889883","0.111111"
"82889883","2115057574","0.111111"
"2166368653","2169344281","0.253968"
"2169344281","2166368653","0.253968"
"2166368653","82889883","0.111111"
"82889883","2166368653","0.111111"
"2169344281","82889883","0.111111"
"82889883","2169344281","0.111111"
"1578711506","2166368653","0.142857"
"2166368653","1578711506","0.142857"
"2160642098","2166368653","0.142857"
"2166368653","2160642098","0.142857"
"1527659376","2740924709","0.416667"
"2740924709","1527659376","0.416667"
"1673310716","2740924709","0.24359"
"2740924709","1673310716","0.24359"
"2562836854","2740924709","0.24359"
"2740924709","2562836854","0.24359"
"120268299","1559971515","0.190909"
"1559971515","120268299","0.190909"
"1494154769","1559971515","2.96174"
"1559971515","1494154769","2.96174"
"1530595269","1559971515","0.274242"
"1559971515","1530595269","0.274242"
"1559971515","1987111416","0.503409"
"1987111416","1559971515","0.503409"
"1559971515","2022902860","1.12841"
"2022902860","1559971515","1.12841"
"1559971515","2126751256","0.510354"
"2126751256","1559971515","0.510354"
"1559971515","2144182447","0.153409"
"2144182447","1559971515","0.153409"
"1559971515","2160642098","0.510354"
"2160642098","1559971515","0.510354"
"1559971515","2166933393","0.174242"
"2166933393","1559971515","0.174242"
"1559971515","2180566385","0.847854"
"2180566385","1559971515","0.847854"
"1559971515","50951307","0.399242"
"50951307","1559971515","0.399242"
"1498047526","1559971515","0.1625"
"1559971515","1498047526","0.1625"
"1559971515","1578711506","0.481944"
"1578711506","1559971515","0.481944"
"1527659376","2166368653","0.433333"
"2166368653","1527659376","0.433333"
"1530595269","2166368653","0.242857"
"2166368653","1530595269","0.242857"
"1673310716","2166368653","0.1"
"2166368653","1673310716","0.1"
"2126751256","2166368653","0.57619"
"2166368653","2126751256","0.57619"
"2166368653","2166933393","0.1"
"2166933393","2166368653","0.1"
"2166368653","2562836854","0.1"
"2562836854","2166368653","0.1"
"2166368653","50951307","0.433333"
"50951307","2166368653","0.433333"
"1527659376","1987111416","0.25"
"1987111416","1527659376","0.25"
"1494154769","2166368653","0.142857"
"2166368653","1494154769","0.142857"
"1498047526","2166368653","0.142857"
"2166368653","1498047526","0.142857"
"2144182447","2166368653","0.142857"
"2166368653","2144182447","0.142857"
"120268299","1890828259","0.0769231"
"1890828259","120268299","0.0769231"
"1498047526","1673310716","0.0769231"
"1673310716","1498047526","0.0769231"
"1498047526","1890828259","0.0769231"
"1890828259","1498047526","0.0769231"
"1498047526","2562836854","0.0769231"
"2562836854","1498047526","0.0769231"
"1530595269","1890828259","0.0769231"
"1890828259","1530595269","0.0769231"
"1591450657","1890828259","0.0769231"
"1890828259","1591450657","0.0769231"
"1673310716","1890828259","0.0769231"
"1890828259","1673310716","0.0769231"
"1673310716","2115057574","0.0769231"
"2115057574","1673310716","0.0769231"
"1673310716","2169344281","0.0769231"
"2169344281","1673310716","0.0769231"
"1890828259","2115057574","0.188034"
"2115057574","1890828259","0.188034"
"1890828259","2126751256","0.0769231"
"2126751256","1890828259","0.0769231"
"1890828259","2160642098","0.0769231"
"2160642098","1890828259","0.0769231"
"1890828259","2166933393","0.0769231"
"2166933393","1890828259","0.0769231"
"1890828259","2169344281","0.188034"
"2169344281","1890828259","0.188034"
"1890828259","2562836854","0.0769231"
"2562836854","1890828259","0.0769231"
"1890828259","2740924709","0.0769231"
"2740924709","1890828259","0.0769231"
"1890828259","50951307","0.0769231"
"50951307","1890828259","0.0769231"
"2115057574","2562836854","0.0769231"
"2562836854","2115057574","0.0769231"
"2169344281","2562836854","0.0769231"
"2562836854","2169344281","0.0769231"
"1494154769","632121358","0.458333"
"632121358","1494154769","0.458333"
"1578711506","632121358","0.569444"
"632121358","1578711506","0.569444"
"2011191813","632121358","0.458333"
"632121358","2011191813","0.458333"
"1559971515","2011191813","0.270833"
"2011191813","1559971515","0.270833"
"1559971515","632121358","0.236111"
"632121358","1559971515","0.236111"
"2022902860","632121358","0.125"
"632121358","2022902860","0.125"
"2126751256","632121358","0.236111"
"632121358","2126751256","0.236111"
"2160642098","632121358","0.236111"
"632121358","2160642098","0.236111"
"50951307","632121358","0.125"
"632121358","50951307","0.125"
"1494154769","1969806156","0.0625"
"1969806156","1494154769","0.0625"
"1494154769","1980652169","0.0625"
"1980652169","1494154769","0.0625"
"1494154769","200532039","0.0625"
"200532039","1494154769","0.0625"
"1494154769","2879929106","0.0625"
"2879929106","1494154769","0.0625"
"1498047526","1969806156","0.0625"
"1969806156","1498047526","0.0625"
"1498047526","1980652169","0.0625"
"1980652169","1498047526","0.0625"
"1498047526","200532039","0.0625"
"200532039","1498047526","0.0625"
"1498047526","2879929106","0.0625"
"2879929106","1498047526","0.0625"
"1559971515","1969806156","0.0625"
"1969806156","1559971515","0.0625"
"1559971515","1980652169","0.0625"
"1980652169","1559971515","0.0625"
"1559971515","200532039","0.0625"
"200532039","1559971515","0.0625"
"1559971515","2170896428","0.0625"
"2170896428","1559971515","0.0625"
"1559971515","2740924709","0.0625"
"2740924709","1559971515","0.0625"
"1559971515","2879929106","0.173611"
"2879929106","1559971515","0.173611"
"1559971515","2969639627","0.173611"
"2969639627","1559971515","0.173611"
"1559971515","6581905","0.0625"
"6581905","1559971515","0.0625"
"1578711506","200532039","0.0625"
"200532039","1578711506","0.0625"
"1578711506","2879929106","0.173611"
"2879929106","1578711506","0.173611"
"1969806156","1987111416","0.3125"
"1987111416","1969806156","0.3125"
"1969806156","200532039","0.0625"
"200532039","1969806156","0.0625"
"1969806156","2022902860","0.3125"
"2022902860","1969806156","0.3125"
"1969806156","2170896428","0.0625"
"2170896428","1969806156","0.0625"
"1969806156","2180566385","0.5625"
"2180566385","1969806156","0.5625"
"1969806156","2740924709","0.0625"
"2740924709","1969806156","0.0625"
"1969806156","2879929106","0.0625"
"2879929106","1969806156","0.0625"
"1969806156","2969639627","0.3125"
"2969639627","1969806156","0.3125"
"1969806156","6581905","0.0625"
"6581905","1969806156","0.0625"
"1980652169","1987111416","0.0625"
"1987111416","1980652169","0.0625"
"1980652169","200532039","0.0625"
"200532039","1980652169","0.0625"
"1980652169","2022902860","0.0625"
"2022902860","1980652169","0.0625"
"1980652169","2170896428","0.0625"
"2170896428","1980652169","0.0625"
"1980652169","2180566385","0.0625"
"2180566385","1980652169","0.0625"
"1980652169","2740924709","0.0625"
"2740924709","1980652169","0.0625"
"1980652169","2879929106","0.0625"
"2879929106","1980652169","0.0625"
"1980652169","2969639627","0.0625"
"2969639627","1980652169","0.0625"
"1980652169","6581905","0.0625"
"6581905","1980652169","0.0625"
"1987111416","200532039","0.0625"
"200532039","1987111416","0.0625"
"1987111416","2879929106","0.429167"
"2879929106","1987111416","0.429167"
"200532039","2011191813","0.3125"
"2011191813","200532039","0.3125"
"200532039","2022902860","0.0625"
"2022902860","200532039","0.0625"
"200532039","2144182447","0.0625"
"2144182447","200532039","0.0625"
"200532039","2170896428","0.0625"
"2170896428","200532039","0.0625"
"200532039","2180566385","0.0625"
"2180566385","200532039","0.0625"
"200532039","2740924709","0.5625"
"2740924709","200532039","0.5625"
"200532039","2879929106","0.0625"
"2879929106","200532039","0.0625"
"200532039","2969639627","0.0625"
"2969639627","200532039","0.0625"
"200532039","6581905","0.0625"
"6581905","200532039","0.0625"
"2011191813","2879929106","0.0625"
"2879929106","2011191813","0.0625"
"2022902860","2879929106","0.0625"
"2879929106","2022902860","0.0625"
"2144182447","2879929106","0.0625"
"2879929106","2144182447","0.0625"
"2170896428","2879929106","0.229167"
"2879929106","2170896428","0.229167"
"2180566385","2879929106","1.79028"
"2879929106","2180566385","1.79028"
"2740924709","2879929106","0.645833"
"2879929106","2740924709","0.645833"
"2879929106","2969639627","18.9569"
"2969639627","2879929106","18.9569"
"2879929106","6581905","0.929167"
"6581905","2879929106","0.929167"
"1494154769","1497909917","0.142857"
"1497909917","1494154769","0.142857"
"1494154769","2097042476","0.142857"
"2097042476","1494154769","0.142857"
"1497909917","1498047526","0.142857"
"1498047526","1497909917","0.142857"
"1497909917","2097042476","3.5873"
"2097042476","1497909917","3.5873"
"1497909917","2115057574","0.420635"
"2115057574","1497909917","0.420635"
"1497909917","2144182447","0.309524"
"2144182447","1497909917","0.309524"
"1497909917","2160642098","0.142857"
"2160642098","1497909917","0.142857"
"1497909917","2169344281","0.420635"
"2169344281","1497909917","0.420635"
"1498047526","2097042476","0.142857"
"2097042476","1498047526","0.142857"
"2097042476","2115057574","1.42063"
"2115057574","2097042476","1.42063"
"2097042476","2144182447","0.309524"
"2144182447","2097042476","0.309524"
"2097042476","2160642098","0.142857"
"2160642098","2097042476","0.142857"
"2097042476","2169344281","1.42063"
"2169344281","2097042476","1.42063"
"1494154769","1673310716","0.0833333"
"1673310716","1494154769","0.0833333"
"1494154769","2101549186","0.0833333"
"2101549186","1494154769","0.0833333"
"1494154769","2295030075","0.0833333"
"2295030075","1494154769","0.0833333"
"1494154769","2562836854","0.0833333"
"2562836854","1494154769","0.0833333"
"1530595269","2101549186","0.0833333"
"2101549186","1530595269","0.0833333"
"1530595269","2295030075","0.0833333"
"2295030075","1530595269","0.0833333"
"1559971515","1673310716","0.194444"
"1673310716","1559971515","0.194444"
"1559971515","2101549186","0.0833333"
"2101549186","1559971515","0.0833333"
"1559971515","2295030075","0.194444"
"2295030075","1559971515","0.194444"
"1559971515","2562836854","0.0833333"
"2562836854","1559971515","0.0833333"
"1578711506","2101549186","0.0833333"
"2101549186","1578711506","0.0833333"
"1578711506","2295030075","0.194444"
"2295030075","1578711506","0.194444"
"1673310716","2101549186","0.0833333"
"2101549186","1673310716","0.0833333"
"1673310716","2295030075","0.194444"
"2295030075","1673310716","0.194444"
"2011191813","2101549186","0.0833333"
"2101549186","2011191813","0.0833333"
