"1496763101","2011469345","1.875"
"2011469345","1496763101","1.875"
"1496763101","1509707899","1.25"
"1509707899","1496763101","1.25"
"1496763101","2113280469","0.875"
"2113280469","1496763101","0.875"
"1496763101","2595077599","0.875"
"2595077599","1496763101","0.875"
"1509707899","2011469345","2.36667"
"2011469345","1509707899","2.36667"
"1509707899","2113280469","0.833333"
"2113280469","1509707899","0.833333"
"1509707899","2595077599","1.66667"
"2595077599","1509707899","1.66667"
"2011469345","2113280469","3.29167"
"2113280469","2011469345","3.29167"
"2011469345","2595077599","5.49167"
"2595077599","2011469345","5.49167"
"2113280469","2595077599","9.99167"
"2595077599","2113280469","9.99167"
"1496763101","1626459767","1.625"
"1626459767","1496763101","1.625"
"1496763101","1515421961","0.125"
"1515421961","1496763101","0.125"
"1496763101","2002962776","0.125"
"2002962776","1496763101","0.125"
"1496763101","2016728294","1.125"
"2016728294","1496763101","1.125"
"1496763101","2116677259","0.125"
"2116677259","1496763101","0.125"
"1515421961","1626459767","0.125"
"1626459767","1515421961","0.125"
"1515421961","2002962776","1.78258"
"2002962776","1515421961","1.78258"
"1515421961","2011469345","0.125"
"2011469345","1515421961","0.125"
"1515421961","2016728294","0.125"
"2016728294","1515421961","0.125"
"1515421961","2113280469","0.708333"
"2113280469","1515421961","0.708333"
"1515421961","2116677259","3.25758"
"2116677259","1515421961","3.25758"
"1515421961","2595077599","0.583333"
"2595077599","1515421961","0.583333"
"1626459767","2002962776","0.125"
"2002962776","1626459767","0.125"
"1626459767","2011469345","7.74167"
"2011469345","1626459767","7.74167"
"1626459767","2016728294","1.825"
"2016728294","1626459767","1.825"
"1626459767","2113280469","1.70833"
"2113280469","1626459767","1.70833"
"1626459767","2116677259","0.125"
"2116677259","1626459767","0.125"
"1626459767","2595077599","1.20833"
"2595077599","1626459767","1.20833"
"2002962776","2011469345","0.125"
"2011469345","2002962776","0.125"
"2002962776","2016728294","0.125"
"2016728294","2002962776","0.125"
"2002962776","2113280469","0.125"
"2113280469","2002962776","0.125"
"2002962776","2116677259","0.507576"
"2116677259","2002962776","0.507576"
"2002962776","2595077599","0.5"
"2595077599","2002962776","0.5"
"2011469345","2016728294","2.99167"
"2016728294","2011469345","2.99167"
"2011469345","2116677259","0.658333"
"2116677259","2011469345","0.658333"
"2016728294","2113280469","1.29167"
"2113280469","2016728294","1.29167"
"2016728294","2116677259","0.125"
"2116677259","2016728294","0.125"
"2016728294","2595077599","7.29167"
"2595077599","2016728294","7.29167"
"2113280469","2116677259","1.54167"
"2116677259","2113280469","1.54167"
"2116677259","2595077599","1.49167"
"2595077599","2116677259","1.49167"
"1496763101","1998473023","1"
"1998473023","1496763101","1"
"1509707899","2016728294","1.7"
"2016728294","1509707899","1.7"
"1509707899","2129354183","1.2"
"2129354183","1509707899","1.2"
"1509707899","1626459767","0.783333"
"1626459767","1509707899","0.783333"
"1509707899","2115894547","0.2"
"2115894547","1509707899","0.2"
"1626459767","2115894547","7.7"
"2115894547","1626459767","7.7"
"1626459767","2129354183","0.2"
"2129354183","1626459767","0.2"
"2011469345","2115894547","3.7"
"2115894547","2011469345","3.7"
"2011469345","2129354183","0.2"
"2129354183","2011469345","0.2"
"2016728294","2115894547","0.2"
"2115894547","2016728294","0.2"
"2016728294","2129354183","0.2"
"2129354183","2016728294","0.2"
"2115894547","2129354183","0.533333"
"2129354183","2115894547","0.533333"
"1515421961","1565898791","0.9421"
"1565898791","1515421961","0.9421"
"1515421961","1591360767","5.67543"
"1591360767","1515421961","5.67543"
"1565898791","1591360767","0.8171"
"1591360767","1565898791","0.8171"
"1565898791","2116677259","0.424242"
"2116677259","1565898791","0.424242"
"1591360767","2116677259","0.799242"
"2116677259","1591360767","0.799242"
"1591360767","2002962776","1.91591"
"2002962776","1591360767","1.91591"
"1515421961","1545366882","1.15758"
"1545366882","1515421961","1.15758"
"1515421961","2129354183","1.95758"
"2129354183","1515421961","1.95758"
"1545366882","1565898791","0.465909"
"1565898791","1545366882","0.465909"
"1545366882","2002962776","8.47186"
"2002962776","1545366882","8.47186"
"1545366882","2129354183","0.757576"
"2129354183","1545366882","0.757576"
"1565898791","2002962776","0.465909"
"2002962776","1565898791","0.465909"
"1565898791","2129354183","0.715909"
"2129354183","1565898791","0.715909"
"2002962776","2129354183","0.757576"
"2129354183","2002962776","0.757576"
"1515421961","2124686714","3.37619"
"2124686714","1515421961","3.37619"
"1515421961","2135482650","4.0921"
"2135482650","1515421961","4.0921"
"1591360767","2124686714","1.87619"
"2124686714","1591360767","1.87619"
"1591360767","2135482650","2.7171"
"2135482650","1591360767","2.7171"
"2124686714","2135482650","10.4095"
"2135482650","2124686714","10.4095"
"1545366882","1591360767","0.415909"
"1591360767","1545366882","0.415909"
"1545366882","2124686714","0.2"
"2124686714","1545366882","0.2"
"1545366882","2135482650","0.415909"
"2135482650","1545366882","0.415909"
"2002962776","2124686714","0.2"
"2124686714","2002962776","0.2"
"2002962776","2135482650","0.415909"
"2135482650","2002962776","0.415909"
"1515421961","1593225548","0.125"
"1593225548","1515421961","0.125"
"1515421961","1882489098","0.5"
"1882489098","1515421961","0.5"
"1515421961","2110047267","0.291667"
"2110047267","1515421961","0.291667"
"1545366882","1593225548","0.125"
"1593225548","1545366882","0.125"
"1545366882","1882489098","0.333333"
"1882489098","1545366882","0.333333"
"1545366882","2110047267","0.291667"
"2110047267","1545366882","0.291667"
"1545366882","2116677259","0.382576"
"2116677259","1545366882","0.382576"
"1591360767","1593225548","0.125"
"1593225548","1591360767","0.125"
"1591360767","1882489098","0.375"
"1882489098","1591360767","0.375"
"1591360767","2110047267","0.125"
"2110047267","1591360767","0.125"
"1591360767","2129354183","0.665909"
"2129354183","1591360767","0.665909"
"1593225548","1882489098","1.125"
"1882489098","1593225548","1.125"
"1593225548","2002962776","0.125"
"2002962776","1593225548","0.125"
"1593225548","2110047267","0.625"
"2110047267","1593225548","0.625"
"1593225548","2116677259","0.325"
"2116677259","1593225548","0.325"
"1593225548","2129354183","0.458333"
"2129354183","1593225548","0.458333"
"1882489098","2002962776","0.410256"
"2002962776","1882489098","0.410256"
"1882489098","2110047267","1.125"
"2110047267","1882489098","1.125"
"1882489098","2116677259","1.375"
"2116677259","1882489098","1.375"
"1882489098","2129354183","0.25"
"2129354183","1882489098","0.25"
"2002962776","2110047267","0.291667"
"2110047267","2002962776","0.291667"
"2110047267","2116677259","0.125"
"2116677259","2110047267","0.125"
"2110047267","2129354183","0.291667"
"2129354183","2110047267","0.291667"
"2116677259","2129354183","1.57702"
"2129354183","2116677259","1.57702"
"1591360767","2113280469","0.25"
"2113280469","1591360767","0.25"
"1882489098","2113280469","0.75"
"2113280469","1882489098","0.75"
"1515421961","1576354363","0.290909"
"1576354363","1515421961","0.290909"
"1515421961","2162432184","0.0909091"
"2162432184","1515421961","0.0909091"
"1515421961","2802358804","0.400433"
"2802358804","1515421961","0.400433"
"1515421961","2806213802","0.0909091"
"2806213802","1515421961","0.0909091"
"1545366882","1576354363","1.10519"
"1576354363","1545366882","1.10519"
"1545366882","2162432184","0.0909091"
"2162432184","1545366882","0.0909091"
"1545366882","2802358804","0.512338"
"2802358804","1545366882","0.512338"
"1545366882","2806213802","0.0909091"
"2806213802","1545366882","0.0909091"
"1565898791","1576354363","0.0909091"
"1576354363","1565898791","0.0909091"
"1565898791","2135482650","0.608766"
"2135482650","1565898791","0.608766"
"1565898791","2162432184","0.0909091"
"2162432184","1565898791","0.0909091"
"1565898791","2802358804","0.483766"
"2802358804","1565898791","0.483766"
"1565898791","2806213802","0.0909091"
"2806213802","1565898791","0.0909091"
"1576354363","1591360767","0.0909091"
"1591360767","1576354363","0.0909091"
"1576354363","2002962776","1.93212"
"2002962776","1576354363","1.93212"
"1576354363","2116677259","0.257576"
"2116677259","1576354363","0.257576"
"1576354363","2129354183","0.0909091"
"2129354183","1576354363","0.0909091"
"1576354363","2135482650","0.0909091"
"2135482650","1576354363","0.0909091"
"1576354363","2162432184","0.0909091"
"2162432184","1576354363","0.0909091"
"1576354363","2802358804","0.744023"
"2802358804","1576354363","0.744023"
"1576354363","2806213802","0.0909091"
"2806213802","1576354363","0.0909091"
"1591360767","2162432184","0.0909091"
"2162432184","1591360767","0.0909091"
"1591360767","2802358804","0.483766"
"2802358804","1591360767","0.483766"
"1591360767","2806213802","0.0909091"
"2806213802","1591360767","0.0909091"
"2002962776","2162432184","0.0909091"
"2162432184","2002962776","0.0909091"
"2002962776","2802358804","0.589261"
"2802358804","2002962776","0.589261"
"2002962776","2806213802","0.0909091"
"2806213802","2002962776","0.0909091"
"2116677259","2135482650","0.290909"
"2135482650","2116677259","0.290909"
"2116677259","2162432184","1.09091"
"2162432184","2116677259","1.09091"
"2116677259","2802358804","0.45202"
"2802358804","2116677259","0.45202"
"2116677259","2806213802","0.0909091"
"2806213802","2116677259","0.0909091"
"2129354183","2135482650","3.16591"
"2135482650","2129354183","3.16591"
"2129354183","2162432184","0.0909091"
"2162432184","2129354183","0.0909091"
"2129354183","2802358804","0.868687"
"2802358804","2129354183","0.868687"
"2129354183","2806213802","0.424242"
"2806213802","2129354183","0.424242"
"2135482650","2162432184","0.0909091"
"2162432184","2135482650","0.0909091"
"2135482650","2802358804","0.483766"
"2802358804","2135482650","0.483766"
"2135482650","2806213802","0.0909091"
"2806213802","2135482650","0.0909091"
"2162432184","2802358804","0.0909091"
"2802358804","2162432184","0.0909091"
"2162432184","2806213802","0.0909091"
"2806213802","2162432184","0.0909091"
"2802358804","2806213802","0.0909091"
"2806213802","2802358804","0.0909091"
"1515421961","2901934595","0.125"
"2901934595","1515421961","0.125"
"1545366882","2595077599","0.125"
"2595077599","1545366882","0.125"
"1545366882","2901934595","0.458333"
"2901934595","1545366882","0.458333"
"1565898791","1882489098","0.125"
"1882489098","1565898791","0.125"
"1565898791","2595077599","0.125"
"2595077599","1565898791","0.125"
"1565898791","2901934595","0.125"
"2901934595","1565898791","0.125"
"1882489098","2135482650","0.125"
"2135482650","1882489098","0.125"
"1882489098","2595077599","0.125"
"2595077599","1882489098","0.125"
"1882489098","2901934595","0.125"
"2901934595","1882489098","0.125"
"2002962776","2901934595","0.458333"
"2901934595","2002962776","0.458333"
"2129354183","2595077599","1.125"
"2595077599","2129354183","1.125"
"2129354183","2901934595","0.125"
"2901934595","2129354183","0.125"
"2135482650","2595077599","0.325"
"2595077599","2135482650","0.325"
"2135482650","2901934595","0.125"
"2901934595","2135482650","0.125"
"2595077599","2901934595","0.25"
"2901934595","2595077599","0.25"
"1515421961","2412403988","0.309524"
"2412403988","1515421961","0.309524"
"1545366882","2412403988","0.338095"
"2412403988","1545366882","0.338095"
"2002962776","2412403988","0.415018"
"2412403988","2002962776","0.415018"
"2110047267","2412403988","0.5"
"2412403988","2110047267","0.5"
"2110047267","2802358804","0.5"
"2802358804","2110047267","0.5"
"2129354183","2412403988","0.277778"
"2412403988","2129354183","0.277778"
"2412403988","2802358804","5.30708"
"2802358804","2412403988","5.30708"
"1515421961","1606306571","0.2"
"1606306571","1515421961","0.2"
"1515421961","1998473023","0.4"
"1998473023","1515421961","0.4"
"1545366882","1606306571","2.01429"
"1606306571","1545366882","2.01429"
"1545366882","1998473023","0.2"
"1998473023","1545366882","0.2"
"1576354363","1606306571","6.66264"
"1606306571","1576354363","6.66264"
"1576354363","1998473023","0.2"
"1998473023","1576354363","0.2"
"1606306571","1998473023","0.2"
"1998473023","1606306571","0.2"
"1606306571","2002962776","2.09121"
"2002962776","1606306571","2.09121"
"1998473023","2002962776","0.2"
"2002962776","1998473023","0.2"
"1515421961","2804147849","0.142857"
"2804147849","1515421961","0.142857"
"1565898791","2124686714","0.142857"
"2124686714","1565898791","0.142857"
"1565898791","2412403988","0.142857"
"2412403988","1565898791","0.142857"
"1565898791","2804147849","0.142857"
"2804147849","1565898791","0.142857"
"1591360767","2412403988","0.142857"
"2412403988","1591360767","0.142857"
"1591360767","2804147849","0.142857"
"2804147849","1591360767","0.142857"
"2124686714","2412403988","0.142857"
"2412403988","2124686714","0.142857"
"2124686714","2802358804","0.142857"
"2802358804","2124686714","0.142857"
"2124686714","2804147849","0.142857"
"2804147849","2124686714","0.142857"
"2135482650","2412403988","0.142857"
"2412403988","2135482650","0.142857"
"2135482650","2804147849","0.142857"
"2804147849","2135482650","0.142857"
"2412403988","2804147849","2.90708"
"2804147849","2412403988","2.90708"
"2802358804","2804147849","2.99085"
"2804147849","2802358804","2.99085"
"1591360767","1998473023","0.2"
"1998473023","1591360767","0.2"
"1998473023","2124686714","0.2"
"2124686714","1998473023","0.2"
"1998473023","2129354183","5.56111"
"2129354183","1998473023","5.56111"
"1998473023","2135482650","0.2"
"2135482650","1998473023","0.2"
"2124686714","2129354183","0.7"
"2129354183","2124686714","0.7"
"1545366882","1590403160","0.0833333"
"1590403160","1545366882","0.0833333"
"1545366882","1762201507","0.416667"
"1762201507","1545366882","0.416667"
"1545366882","2557821253","0.0833333"
"2557821253","1545366882","0.0833333"
"1545366882","2572662996","0.0833333"
"2572662996","1545366882","0.0833333"
"1545366882","2737332333","0.0833333"
"2737332333","1545366882","0.0833333"
"1545366882","281005445","0.0833333"
"281005445","1545366882","0.0833333"
"1545366882","2945372161","0.333333"
"2945372161","1545366882","0.333333"
"1576354363","1590403160","0.0833333"
"1590403160","1576354363","0.0833333"
"1576354363","1762201507","0.0833333"
"1762201507","1576354363","0.0833333"
"1576354363","1882489098","0.160256"
"1882489098","1576354363","0.160256"
"1576354363","2557821253","0.0833333"
"2557821253","1576354363","0.0833333"
"1576354363","2572662996","0.154762"
"2572662996","1576354363","0.154762"
"1576354363","2737332333","0.0833333"
"2737332333","1576354363","0.0833333"
"1576354363","281005445","0.166667"
"281005445","1576354363","0.166667"
"1576354363","2945372161","1.07692"
"2945372161","1576354363","1.07692"
"1590403160","1606306571","0.0833333"
"1606306571","1590403160","0.0833333"
"1590403160","1762201507","0.0833333"
"1762201507","1590403160","0.0833333"
"1590403160","1882489098","0.0833333"
"1882489098","1590403160","0.0833333"
"1590403160","2002962776","0.0833333"
"2002962776","1590403160","0.0833333"
"1590403160","2557821253","1.28333"
"2557821253","1590403160","1.28333"
"1590403160","2572662996","0.0833333"
"2572662996","1590403160","0.0833333"
"1590403160","2737332333","9.95"
"2737332333","1590403160","9.95"
"1590403160","2802358804","0.0833333"
"2802358804","1590403160","0.0833333"
"1590403160","281005445","0.0833333"
"281005445","1590403160","0.0833333"
"1590403160","2945372161","0.0833333"
"2945372161","1590403160","0.0833333"
"1606306571","1762201507","0.0833333"
"1762201507","1606306571","0.0833333"
"1606306571","1882489098","0.160256"
"1882489098","1606306571","0.160256"
"1606306571","2557821253","0.0833333"
"2557821253","1606306571","0.0833333"
"1606306571","2572662996","0.154762"
"2572662996","1606306571","0.154762"
"1606306571","2737332333","0.0833333"
"2737332333","1606306571","0.0833333"
"1606306571","2802358804","0.986447"
"2802358804","1606306571","0.986447"
"1606306571","281005445","0.166667"
"281005445","1606306571","0.166667"
"1606306571","2945372161","2.07692"
"2945372161","1606306571","2.07692"
"1762201507","1882489098","1.08333"
"1882489098","1762201507","1.08333"
"1762201507","2002962776","0.416667"
"2002962776","1762201507","0.416667"
"1762201507","2557821253","2.08333"
"2557821253","1762201507","2.08333"
"1762201507","2572662996","0.0833333"
"2572662996","1762201507","0.0833333"
"1762201507","2737332333","0.0833333"
"2737332333","1762201507","0.0833333"
"1762201507","2802358804","0.0833333"
"2802358804","1762201507","0.0833333"
"1762201507","281005445","0.0833333"
"281005445","1762201507","0.0833333"
"1762201507","2945372161","0.0833333"
"2945372161","1762201507","0.0833333"
"1882489098","2557821253","0.0833333"
"2557821253","1882489098","0.0833333"
"1882489098","2572662996","0.0833333"
"2572662996","1882489098","0.0833333"
"1882489098","2737332333","0.0833333"
"2737332333","1882489098","0.0833333"
"1882489098","2802358804","1.02692"
"2802358804","1882489098","1.02692"
"1882489098","281005445","0.0833333"
"281005445","1882489098","0.0833333"
"1882489098","2945372161","0.526923"
"2945372161","1882489098","0.526923"
"2002962776","2557821253","0.0833333"
"2557821253","2002962776","0.0833333"
"2002962776","2572662996","0.0833333"
"2572662996","2002962776","0.0833333"
"2002962776","2737332333","0.0833333"
"2737332333","2002962776","0.0833333"
"2002962776","281005445","0.0833333"
"281005445","2002962776","0.0833333"
"2002962776","2945372161","2.49359"
"2945372161","2002962776","2.49359"
"2557821253","2572662996","0.0833333"
"2572662996","2557821253","0.0833333"
"2557821253","2737332333","1.65"
"2737332333","2557821253","1.65"
"2557821253","2802358804","0.0833333"
"2802358804","2557821253","0.0833333"
"2557821253","281005445","0.0833333"
"281005445","2557821253","0.0833333"
"2557821253","2945372161","0.0833333"
"2945372161","2557821253","0.0833333"
"2572662996","2737332333","0.0833333"
"2737332333","2572662996","0.0833333"
"2572662996","2802358804","0.388528"
"2802358804","2572662996","0.388528"
"2572662996","281005445","1.625"
"281005445","2572662996","1.625"
"2572662996","2945372161","0.22619"
"2945372161","2572662996","0.22619"
"2737332333","2802358804","0.0833333"
"2802358804","2737332333","0.0833333"
"2737332333","281005445","0.0833333"
"281005445","2737332333","0.0833333"
"2737332333","2945372161","0.0833333"
"2945372161","2737332333","0.0833333"
"2802358804","281005445","0.166667"
"281005445","2802358804","0.166667"
"2802358804","2945372161","0.964225"
"2945372161","2802358804","0.964225"
"281005445","2945372161","0.5"
"2945372161","281005445","0.5"
"1545366882","2911426928","2.5"
"2911426928","1545366882","2.5"
"2002962776","2911426928","4"
"2911426928","2002962776","4"
"1762201507","2911426928","0.333333"
"2911426928","1762201507","0.333333"
"1545366882","2524473748","0.380952"
"2524473748","1545366882","0.380952"
"1545366882","2563414123","0.0714286"
"2563414123","1545366882","0.0714286"
"1545366882","2613062404","0.314286"
"2613062404","1545366882","0.314286"
"1545366882","2773897169","0.171429"
"2773897169","1545366882","0.171429"
"1545366882","2804147849","0.171429"
"2804147849","1545366882","0.171429"
"1545366882","282568243","0.380952"
"282568243","1545366882","0.380952"
"1545366882","2887720591","0.404762"
"2887720591","1545366882","0.404762"
"1545366882","2963107557","0.314286"
"2963107557","1545366882","0.314286"
"1545366882","2979930862","0.0714286"
"2979930862","1545366882","0.0714286"
"1576354363","2412403988","0.403114"
"2412403988","1576354363","0.403114"
"1576354363","2524473748","0.707875"
"2524473748","1576354363","0.707875"
"1576354363","2563414123","0.238095"
"2563414123","1576354363","0.238095"
"1576354363","2613062404","0.552381"
"2613062404","1576354363","0.552381"
"1576354363","2773897169","0.903114"
"2773897169","1576354363","0.903114"
"1576354363","2804147849","0.403114"
"2804147849","1576354363","0.403114"
"1576354363","282568243","0.547619"
"282568243","1576354363","0.547619"
"1576354363","2887720591","0.47619"
"2887720591","1576354363","0.47619"
"1576354363","2963107557","1.04597"
"2963107557","1576354363","1.04597"
"1576354363","2979930862","0.0714286"
"2979930862","1576354363","0.0714286"
"1606306571","2412403988","0.403114"
"2412403988","1606306571","0.403114"
"1606306571","2524473748","0.541209"
"2524473748","1606306571","0.541209"
"1606306571","2563414123","0.0714286"
"2563414123","1606306571","0.0714286"
"1606306571","2613062404","0.635714"
"2613062404","1606306571","0.635714"
"1606306571","2773897169","0.903114"
"2773897169","1606306571","0.903114"
"1606306571","2804147849","0.403114"
"2804147849","1606306571","0.403114"
"1606306571","282568243","0.380952"
"282568243","1606306571","0.380952"
"1606306571","2887720591","0.47619"
"2887720591","1606306571","0.47619"
"1606306571","2963107557","1.1293"
"2963107557","1606306571","1.1293"
"1606306571","2979930862","0.0714286"
"2979930862","1606306571","0.0714286"
"2002962776","2524473748","0.957875"
"2524473748","2002962776","0.957875"
"2002962776","2563414123","0.0714286"
"2563414123","2002962776","0.0714286"
"2002962776","2613062404","0.564286"
"2613062404","2002962776","0.564286"
"2002962776","2773897169","0.248352"
"2773897169","2002962776","0.248352"
"2002962776","2804147849","0.248352"
"2804147849","2002962776","0.248352"
"2002962776","282568243","0.880952"
"282568243","2002962776","0.880952"
"2002962776","2887720591","0.738095"
"2887720591","2002962776","0.738095"
"2002962776","2963107557","0.974542"
"2963107557","2002962776","0.974542"
"2002962776","2979930862","0.0714286"
"2979930862","2002962776","0.0714286"
"2412403988","2524473748","0.631685"
"2524473748","2412403988","0.631685"
"2412403988","2563414123","0.321429"
"2563414123","2412403988","0.321429"
"2412403988","2613062404","0.553968"
"2613062404","2412403988","0.553968"
"2412403988","2773897169","1.76422"
"2773897169","2412403988","1.76422"
"2412403988","282568243","0.271429"
"282568243","2412403988","0.271429"
"2412403988","2887720591","0.142857"
"2887720591","2412403988","0.142857"
"2412403988","2963107557","1.08089"
"2963107557","2412403988","1.08089"
"2412403988","2979930862","0.0714286"
"2979930862","2412403988","0.0714286"
"2524473748","2563414123","0.238095"
"2563414123","2524473748","0.238095"
"2524473748","2613062404","0.705952"
"2613062404","2524473748","0.705952"
"2524473748","2773897169","0.556685"
"2773897169","2524473748","0.556685"
"2524473748","2802358804","0.798352"
"2802358804","2524473748","0.798352"
"2524473748","2804147849","0.556685"
"2804147849","2524473748","0.556685"
"2524473748","282568243","3.12262"
"282568243","2524473748","3.12262"
"2524473748","2887720591","0.396429"
"2887720591","2524473748","0.396429"
"2524473748","2963107557","1.26621"
"2963107557","2524473748","1.26621"
"2524473748","2979930862","1.57143"
"2979930862","2524473748","1.57143"
"2563414123","2613062404","0.338095"
"2613062404","2563414123","0.338095"
"2563414123","2773897169","0.421429"
"2773897169","2563414123","0.421429"
"2563414123","2802358804","0.588095"
"2802358804","2563414123","0.588095"
"2563414123","2804147849","0.421429"
"2804147849","2563414123","0.421429"
"2563414123","282568243","0.238095"
"282568243","2563414123","0.238095"
"2563414123","2887720591","0.171429"
"2887720591","2563414123","0.171429"
"2563414123","2963107557","0.338095"
"2963107557","2563414123","0.338095"
"2563414123","2979930862","0.0714286"
"2979930862","2563414123","0.0714286"
"2613062404","2773897169","0.721825"
"2773897169","2613062404","0.721825"
"2613062404","2802358804","0.963492"
"2802358804","2613062404","0.963492"
"2613062404","2804147849","0.721825"
"2804147849","2613062404","0.721825"
"2613062404","282568243","0.705952"
"282568243","2613062404","0.705952"
"2613062404","2887720591","0.70119"
"2887720591","2613062404","0.70119"
"2613062404","2963107557","24.3147"
"2963107557","2613062404","24.3147"
"2613062404","2979930862","0.0714286"
"2979930862","2613062404","0.0714286"
"2773897169","2802358804","1.59799"
"2802358804","2773897169","1.59799"
"2773897169","2804147849","4.12299"
"2804147849","2773897169","4.12299"
"2773897169","282568243","0.196429"
"282568243","2773897169","0.196429"
"2773897169","2887720591","0.908766"
"2887720591","2773897169","0.908766"
"2773897169","2963107557","1.33966"
"2963107557","2773897169","1.33966"
"2773897169","2979930862","0.412338"
"2979930862","2773897169","0.412338"
"2802358804","282568243","0.438095"
"282568243","2802358804","0.438095"
"2802358804","2887720591","0.333766"
"2887720591","2802358804","0.333766"
"2802358804","2963107557","1.58132"
"2963107557","2802358804","1.58132"
"2802358804","2979930862","0.162338"
"2979930862","2802358804","0.162338"
"2804147849","282568243","0.196429"
"282568243","2804147849","0.196429"
"2804147849","2887720591","1.2421"
"2887720591","2804147849","1.2421"
"2804147849","2963107557","1.67299"
"2963107557","2804147849","1.67299"
"2804147849","2979930862","0.412338"
"2979930862","2804147849","0.412338"
"282568243","2887720591","0.196429"
"2887720591","282568243","0.196429"
"282568243","2963107557","0.705952"
"2963107557","282568243","0.705952"
"282568243","2979930862","0.0714286"
"2979930862","282568243","0.0714286"
"2887720591","2963107557","1.82543"
"2963107557","2887720591","1.82543"
"2887720591","2979930862","0.162338"
"2979930862","2887720591","0.162338"
"2963107557","2979930862","0.162338"
"2979930862","2963107557","0.162338"
"1606306571","2116677259","0.166667"
"2116677259","1606306571","0.166667"
"2116677259","2524473748","0.166667"
"2524473748","2116677259","0.166667"
"2116677259","282568243","0.166667"
"282568243","2116677259","0.166667"
"1545366882","2964196641","0.1"
"2964196641","1545366882","0.1"
"1576354363","2964196641","0.1"
"2964196641","1576354363","0.1"
"1606306571","2964196641","0.1"
"2964196641","1606306571","0.1"
"2002962776","2964196641","0.1"
"2964196641","2002962776","0.1"
"2412403988","2964196641","0.1"
"2964196641","2412403988","0.1"
"2613062404","2964196641","0.1"
"2964196641","2613062404","0.1"
"2773897169","2964196641","0.1"
"2964196641","2773897169","0.1"
"2802358804","2964196641","0.1"
"2964196641","2802358804","0.1"
"2804147849","2964196641","0.1"
"2964196641","2804147849","0.1"
"2963107557","2964196641","0.6"
"2964196641","2963107557","0.6"
"2887720591","2911426928","0.495671"
"2911426928","2887720591","0.495671"
"2901934595","2911426928","0.804762"
"2911426928","2901934595","0.804762"
"1576354363","2595077599","0.25"
"2595077599","1576354363","0.25"
"1606306571","2595077599","0.25"
"2595077599","1606306571","0.25"
"2595077599","2945372161","1.45"
"2945372161","2595077599","1.45"
"1576354363","2613141550","0.481685"
"2613141550","1576354363","0.481685"
"1606306571","2613141550","0.481685"
"2613141550","1606306571","0.481685"
"2613141550","2887720591","1.51234"
"2887720591","2613141550","1.51234"
"1576354363","2588660802","0.5"
"2588660802","1576354363","0.5"
"1606306571","2588660802","1"
"2588660802","1606306571","1"
"1576354363","2982636875","0.0769231"
"2982636875","1576354363","0.0769231"
"1576354363","3028378014","0.148352"
"3028378014","1576354363","0.148352"
"1606306571","2982636875","0.0769231"
"2982636875","1606306571","0.0769231"
"1606306571","3028378014","0.398352"
"3028378014","1606306571","0.398352"
"1882489098","2412403988","0.44359"
"2412403988","1882489098","0.44359"
"1882489098","2524473748","0.776923"
"2524473748","1882489098","0.776923"
"1882489098","2613141550","0.0769231"
"2613141550","1882489098","0.0769231"
"1882489098","2773897169","0.24359"
"2773897169","1882489098","0.24359"
"1882489098","2804147849","0.24359"
"2804147849","1882489098","0.24359"
"1882489098","2963107557","1.44359"
"2963107557","1882489098","1.44359"
"1882489098","2982636875","0.0769231"
"2982636875","1882489098","0.0769231"
"1882489098","3028378014","0.0769231"
"3028378014","1882489098","0.0769231"
"2002962776","2613141550","0.410256"
"2613141550","2002962776","0.410256"
"2002962776","2982636875","1.07692"
"2982636875","2002962776","1.07692"
"2002962776","3028378014","0.99359"
"3028378014","2002962776","0.99359"
"2412403988","2613141550","0.648352"
"2613141550","2412403988","0.648352"
"2412403988","2945372161","0.638034"
"2945372161","2412403988","0.638034"
"2412403988","2982636875","0.0769231"
"2982636875","2412403988","0.0769231"
"2412403988","3028378014","0.648352"
"3028378014","2412403988","0.648352"
"2524473748","2613141550","0.0769231"
"2613141550","2524473748","0.0769231"
"2524473748","2945372161","0.685256"
"2945372161","2524473748","0.685256"
"2524473748","2982636875","0.201923"
"2982636875","2524473748","0.201923"
"2524473748","3028378014","0.0769231"
"3028378014","2524473748","0.0769231"
"2613141550","2773897169","1.08926"
"2773897169","2613141550","1.08926"
"2613141550","2802358804","0.339261"
"2802358804","2613141550","0.339261"
"2613141550","2804147849","0.589261"
"2804147849","2613141550","0.589261"
"2613141550","2945372161","0.926923"
"2945372161","2613141550","0.926923"
"2613141550","2963107557","1.17259"
"2963107557","2613141550","1.17259"
"2613141550","2982636875","0.167832"
"2982636875","2613141550","0.167832"
"2613141550","3028378014","8.57259"
"3028378014","2613141550","8.57259"
"2773897169","2945372161","2.70589"
"2945372161","2773897169","2.70589"
"2773897169","2982636875","0.292832"
"2982636875","2773897169","0.292832"
"2773897169","3028378014","0.739261"
"3028378014","2773897169","0.739261"
"2802358804","2982636875","0.167832"
"2982636875","2802358804","0.167832"
"2802358804","3028378014","0.239261"
"3028378014","2802358804","0.239261"
"2804147849","2945372161","1.70589"
"2945372161","2804147849","1.70589"
"2804147849","2982636875","0.292832"
"2982636875","2804147849","0.292832"
"2804147849","3028378014","0.572594"
"3028378014","2804147849","0.572594"
"2945372161","2963107557","4.87256"
"2963107557","2945372161","4.87256"
"2945372161","2982636875","0.901923"
"2982636875","2945372161","0.901923"
"2945372161","3028378014","1.61026"
"3028378014","2945372161","1.61026"
"2963107557","2982636875","0.292832"
"2982636875","2963107557","0.292832"
"2963107557","3028378014","2.15593"
"3028378014","2963107557","2.15593"
"2982636875","3028378014","0.367832"
"3028378014","2982636875","0.367832"
"1576354363","2294619265","0.0833333"
"2294619265","1576354363","0.0833333"
"1576354363","2726113388","0.0833333"
"2726113388","1576354363","0.0833333"
"1576354363","2911426928","0.154762"
"2911426928","1576354363","0.154762"
"1606306571","2294619265","0.0833333"
"2294619265","1606306571","0.0833333"
"1606306571","2726113388","0.0833333"
"2726113388","1606306571","0.0833333"
"1606306571","2911426928","0.154762"
"2911426928","1606306571","0.154762"
"2294619265","2412403988","0.0833333"
"2412403988","2294619265","0.0833333"
"2294619265","2524473748","0.333333"
"2524473748","2294619265","0.333333"
"2294619265","2726113388","0.541667"
"2726113388","2294619265","0.541667"
"2294619265","2773897169","0.0833333"
"2773897169","2294619265","0.0833333"
"2294619265","2802358804","0.0833333"
"2802358804","2294619265","0.0833333"
"2294619265","2804147849","0.0833333"
"2804147849","2294619265","0.0833333"
"2294619265","281005445","1.20833"
"281005445","2294619265","1.20833"
"2294619265","2911426928","0.916667"
"2911426928","2294619265","0.916667"
"2294619265","2945372161","0.416667"
"2945372161","2294619265","0.416667"
"2294619265","2963107557","0.0833333"
"2963107557","2294619265","0.0833333"
"2412403988","2726113388","0.0833333"
"2726113388","2412403988","0.0833333"
"2412403988","281005445","0.0833333"
"281005445","2412403988","0.0833333"
"2412403988","2911426928","0.154762"
"2911426928","2412403988","0.154762"
"2524473748","2726113388","0.0833333"
"2726113388","2524473748","0.0833333"
"2524473748","281005445","0.0833333"
"281005445","2524473748","0.0833333"
"2524473748","2911426928","0.0833333"
"2911426928","2524473748","0.0833333"
"2726113388","2773897169","0.0833333"
"2773897169","2726113388","0.0833333"
"2726113388","2802358804","0.0833333"
"2802358804","2726113388","0.0833333"
"2726113388","2804147849","0.0833333"
"2804147849","2726113388","0.0833333"
"2726113388","281005445","9.04167"
"281005445","2726113388","9.04167"
"2726113388","2911426928","0.866667"
"2911426928","2726113388","0.866667"
"2726113388","2945372161","0.0833333"
"2945372161","2726113388","0.0833333"
"2726113388","2963107557","0.333333"
"2963107557","2726113388","0.333333"
"2773897169","281005445","0.0833333"
"281005445","2773897169","0.0833333"
"2773897169","2911426928","0.245671"
"2911426928","2773897169","0.245671"
"2802358804","2911426928","0.245671"
"2911426928","2802358804","0.245671"
"2804147849","281005445","0.0833333"
"281005445","2804147849","0.0833333"
"2804147849","2911426928","0.245671"
"2911426928","2804147849","0.245671"
"281005445","2911426928","0.666667"
"2911426928","281005445","0.666667"
"281005445","2963107557","0.333333"
"2963107557","281005445","0.333333"
"2911426928","2945372161","0.583333"
"2945372161","2911426928","0.583333"
"2911426928","2963107557","1.49567"
"2963107557","2911426928","1.49567"
"1576354363","2463319373","0.0714286"
"2463319373","1576354363","0.0714286"
"1576354363","2901934595","0.0714286"
"2901934595","1576354363","0.0714286"
"1606306571","2463319373","0.0714286"
"2463319373","1606306571","0.0714286"
"1606306571","2901934595","0.0714286"
"2901934595","1606306571","0.0714286"
"2412403988","2463319373","0.0714286"
"2463319373","2412403988","0.0714286"
"2412403988","2572662996","0.0714286"
"2572662996","2412403988","0.0714286"
"2412403988","2901934595","0.0714286"
"2901934595","2412403988","0.0714286"
"2463319373","2572662996","2.67976"
"2572662996","2463319373","2.67976"
"2463319373","2613062404","0.0714286"
"2613062404","2463319373","0.0714286"
"2463319373","2613141550","0.0714286"
"2613141550","2463319373","0.0714286"
"2463319373","2773897169","0.0714286"
"2773897169","2463319373","0.0714286"
"2463319373","2802358804","0.0714286"
"2802358804","2463319373","0.0714286"
"2463319373","2804147849","0.0714286"
"2804147849","2463319373","0.0714286"
"2463319373","2887720591","0.0714286"
"2887720591","2463319373","0.0714286"
"2463319373","2901934595","1.34643"
"2901934595","2463319373","1.34643"
"2463319373","2911426928","0.971429"
"2911426928","2463319373","0.971429"
"2463319373","2963107557","0.0714286"
"2963107557","2463319373","0.0714286"
"2463319373","3028378014","0.0714286"
"3028378014","2463319373","0.0714286"
"2572662996","2613062404","0.214286"
"2613062404","2572662996","0.214286"
"2572662996","2613141550","0.162338"
"2613141550","2572662996","0.162338"
"2572662996","2773897169","0.305195"
"2773897169","2572662996","0.305195"
"2572662996","2804147849","0.305195"
"2804147849","2572662996","0.305195"
"2572662996","2887720591","0.162338"
"2887720591","2572662996","0.162338"
"2572662996","2901934595","2.67976"
"2901934595","2572662996","2.67976"
"2572662996","2911426928","1.06234"
"2911426928","2572662996","1.06234"
"2572662996","2963107557","0.305195"
"2963107557","2572662996","0.305195"
"2572662996","3028378014","0.162338"
"3028378014","2572662996","0.162338"
"2613062404","2613141550","0.504762"
"2613141550","2613062404","0.504762"
"2613062404","2901934595","0.571429"
"2901934595","2613062404","0.571429"
"2613062404","2911426928","0.321429"
"2911426928","2613062404","0.321429"
"2613062404","3028378014","0.321429"
"3028378014","2613062404","0.321429"
"2613141550","2901934595","1.07143"
"2901934595","2613141550","1.07143"
"2613141550","2911426928","1.66234"
"2911426928","2613141550","1.66234"
"2773897169","2901934595","0.0714286"
"2901934595","2773897169","0.0714286"
"2802358804","2901934595","0.0714286"
"2901934595","2802358804","0.0714286"
"2804147849","2901934595","0.0714286"
"2901934595","2804147849","0.0714286"
"2887720591","2901934595","0.271429"
"2901934595","2887720591","0.271429"
"2887720591","3028378014","2.029"
"3028378014","2887720591","2.029"
"2901934595","2963107557","0.571429"
"2963107557","2901934595","0.571429"
"2901934595","3028378014","0.271429"
"3028378014","2901934595","0.271429"
"2911426928","3028378014","1.16234"
"3028378014","2911426928","1.16234"
"1590403160","2011469345","0.333333"
"2011469345","1590403160","0.333333"
"1590403160","2110047267","0.333333"
"2110047267","1590403160","0.333333"
"2011469345","2110047267","0.333333"
"2110047267","2011469345","0.333333"
"2011469345","2737332333","0.833333"
"2737332333","2011469345","0.833333"
"2110047267","2737332333","0.333333"
"2737332333","2110047267","0.333333"
"1590403160","2581522324","0.7"
"2581522324","1590403160","0.7"
"2557821253","2581522324","3.37619"
"2581522324","2557821253","3.37619"
"2581522324","2737332333","1.06667"
"2737332333","2581522324","1.06667"
"1590403160","2113280469","0.333333"
"2113280469","1590403160","0.333333"
"1590403160","2129354183","0.333333"
"2129354183","1590403160","0.333333"
"2113280469","2129354183","1.33333"
"2129354183","2113280469","1.33333"
"2113280469","2737332333","0.333333"
"2737332333","2113280469","0.333333"
"2129354183","2737332333","1.33333"
"2737332333","2129354183","1.33333"
"1590403160","2256437690","0.166667"
"2256437690","1590403160","0.166667"
"1590403160","2725153349","0.366667"
"2725153349","1590403160","0.366667"
"1590403160","2926322826","0.366667"
"2926322826","1590403160","0.366667"
"2256437690","2557821253","0.809524"
"2557821253","2256437690","0.809524"
"2256437690","2581522324","0.47619"
"2581522324","2256437690","0.47619"
"2256437690","2725153349","1.80952"
"2725153349","2256437690","1.80952"
"2256437690","2737332333","0.333333"
"2737332333","2256437690","0.333333"
"2256437690","2926322826","1.80952"
"2926322826","2256437690","1.80952"
"2557821253","2725153349","2.37619"
"2725153349","2557821253","2.37619"
"2557821253","2926322826","2.37619"
"2926322826","2557821253","2.37619"
"2581522324","2725153349","4.12619"
"2725153349","2581522324","4.12619"
"2581522324","2926322826","2.62619"
"2926322826","2581522324","2.62619"
"2725153349","2737332333","0.733333"
"2737332333","2725153349","0.733333"
"2725153349","2926322826","9.55952"
"2926322826","2725153349","9.55952"
"2737332333","2926322826","0.733333"
"2926322826","2737332333","0.733333"
"1593225548","2595077599","0.9"
"2595077599","1593225548","0.9"
"2110047267","2595077599","0.5"
"2595077599","2110047267","0.5"
"1593225548","2115894547","0.333333"
"2115894547","1593225548","0.333333"
"1593225548","2806213802","1.33333"
"2806213802","1593225548","1.33333"
"2115894547","2806213802","0.333333"
"2806213802","2115894547","0.333333"
"1593225548","2113280469","0.533333"
"2113280469","1593225548","0.533333"
"1593225548","2124686714","0.533333"
"2124686714","1593225548","0.533333"
"1593225548","2135482650","0.533333"
"2135482650","1593225548","0.533333"
"2113280469","2124686714","0.333333"
"2124686714","2113280469","0.333333"
"2113280469","2135482650","0.333333"
"2135482650","2113280469","0.333333"
"1593225548","2773897169","0.2"
"2773897169","1593225548","0.2"
"1593225548","2804147849","0.2"
"2804147849","1593225548","0.2"
"1593225548","2945372161","0.2"
"2945372161","1593225548","0.2"
"2113280469","2773897169","0.2"
"2773897169","2113280469","0.2"
"2113280469","2804147849","0.2"
"2804147849","2113280469","0.2"
"2113280469","2945372161","0.2"
"2945372161","2113280469","0.2"
"2595077599","2773897169","0.2"
"2773897169","2595077599","0.2"
"2595077599","2804147849","0.2"
"2804147849","2595077599","0.2"
"1593225548","2011469345","0.2"
"2011469345","1593225548","0.2"
"2011469345","2124686714","0.2"
"2124686714","2011469345","0.2"
"2011469345","2135482650","0.2"
"2135482650","2011469345","0.2"
"2116677259","2124686714","0.2"
"2124686714","2116677259","0.2"
"2124686714","2595077599","0.2"
"2595077599","2124686714","0.2"
"2588660802","2802358804","0.642857"
"2802358804","2588660802","0.642857"
"1626459767","2613141550","0.333333"
"2613141550","1626459767","0.333333"
"2011469345","2613141550","0.333333"
"2613141550","2011469345","0.333333"
"2113280469","2613141550","0.333333"
"2613141550","2113280469","0.333333"
"1626459767","2737332333","0.5"
