"141582705","2108611779","9.73333"
"2108611779","141582705","9.73333"
"141582705","1537555431","0.666667"
"1537555431","141582705","0.666667"
"141582705","2099435377","0.733333"
"2099435377","141582705","0.733333"
"1537555431","2099435377","12.9595"
"2099435377","1537555431","12.9595"
"1537555431","2108611779","0.666667"
"2108611779","1537555431","0.666667"
"2099435377","2108611779","0.733333"
"2108611779","2099435377","0.733333"
"141582705","2165017404","1.20952"
"2165017404","141582705","1.20952"
"141582705","2022743991","1.20952"
"2022743991","141582705","1.20952"
"141582705","1597663074","0.0666667"
"1597663074","141582705","0.0666667"
"141582705","1693491370","0.0666667"
"1693491370","141582705","0.0666667"
"141582705","1845649517","0.0666667"
"1845649517","141582705","0.0666667"
"141582705","1980048347","0.209524"
"1980048347","141582705","0.209524"
"141582705","2006540165","0.0666667"
"2006540165","141582705","0.0666667"
"141582705","2057610886","0.209524"
"2057610886","141582705","0.209524"
"141582705","2070259199","0.0666667"
"2070259199","141582705","0.0666667"
"141582705","2081599077","0.0666667"
"2081599077","141582705","0.0666667"
"141582705","2155867588","0.209524"
"2155867588","141582705","0.209524"
"141582705","2172023103","0.0666667"
"2172023103","141582705","0.0666667"
"141582705","2265232555","0.0666667"
"2265232555","141582705","0.0666667"
"1597663074","1693491370","0.209524"
"1693491370","1597663074","0.209524"
"1597663074","1845649517","0.0666667"
"1845649517","1597663074","0.0666667"
"1597663074","1980048347","0.0666667"
"1980048347","1597663074","0.0666667"
"1597663074","2006540165","0.209524"
"2006540165","1597663074","0.209524"
"1597663074","2022743991","0.0666667"
"2022743991","1597663074","0.0666667"
"1597663074","2057610886","0.209524"
"2057610886","1597663074","0.209524"
"1597663074","2070259199","0.0666667"
"2070259199","1597663074","0.0666667"
"1597663074","2081599077","0.0666667"
"2081599077","1597663074","0.0666667"
"1597663074","2099435377","0.0666667"
"2099435377","1597663074","0.0666667"
"1597663074","2108611779","0.0666667"
"2108611779","1597663074","0.0666667"
"1597663074","2155867588","0.459524"
"2155867588","1597663074","0.459524"
"1597663074","2165017404","0.0666667"
"2165017404","1597663074","0.0666667"
"1597663074","2172023103","1.20952"
"2172023103","1597663074","1.20952"
"1597663074","2265232555","1.45952"
"2265232555","1597663074","1.45952"
"1693491370","1845649517","0.0666667"
"1845649517","1693491370","0.0666667"
"1693491370","1980048347","0.166667"
"1980048347","1693491370","0.166667"
"1693491370","2006540165","0.434524"
"2006540165","1693491370","0.434524"
"1693491370","2022743991","0.166667"
"2022743991","1693491370","0.166667"
"1693491370","2057610886","0.459524"
"2057610886","1693491370","0.459524"
"1693491370","2070259199","0.0666667"
"2070259199","1693491370","0.0666667"
"1693491370","2081599077","0.911905"
"2081599077","1693491370","0.911905"
"1693491370","2099435377","0.666667"
"2099435377","1693491370","0.666667"
"1693491370","2108611779","0.191667"
"2108611779","1693491370","0.191667"
"1693491370","2155867588","0.309524"
"2155867588","1693491370","0.309524"
"1693491370","2165017404","4.24524"
"2165017404","1693491370","4.24524"
"1693491370","2172023103","4.90476"
"2172023103","1693491370","4.90476"
"1693491370","2265232555","1.40476"
"2265232555","1693491370","1.40476"
"1845649517","1980048347","0.459524"
"1980048347","1845649517","0.459524"
"1845649517","2006540165","0.0666667"
"2006540165","1845649517","0.0666667"
"1845649517","2022743991","0.316667"
"2022743991","1845649517","0.316667"
"1845649517","2057610886","1.95952"
"2057610886","1845649517","1.95952"
"1845649517","2070259199","0.0666667"
"2070259199","1845649517","0.0666667"
"1845649517","2081599077","0.0666667"
"2081599077","1845649517","0.0666667"
"1845649517","2099435377","0.209524"
"2099435377","1845649517","0.209524"
"1845649517","2108611779","0.0666667"
"2108611779","1845649517","0.0666667"
"1845649517","2155867588","0.209524"
"2155867588","1845649517","0.209524"
"1845649517","2165017404","0.0666667"
"2165017404","1845649517","0.0666667"
"1845649517","2172023103","0.0666667"
"2172023103","1845649517","0.0666667"
"1845649517","2265232555","0.959524"
"2265232555","1845649517","0.959524"
"1980048347","2006540165","0.166667"
"2006540165","1980048347","0.166667"
"1980048347","2022743991","2.09286"
"2022743991","1980048347","2.09286"
"1980048347","2057610886","1.10238"
"2057610886","1980048347","1.10238"
"1980048347","2070259199","0.0666667"
"2070259199","1980048347","0.0666667"
"1980048347","2081599077","0.266667"
"2081599077","1980048347","0.266667"
"1980048347","2099435377","0.509524"
"2099435377","1980048347","0.509524"
"1980048347","2108611779","0.0666667"
"2108611779","1980048347","0.0666667"
"1980048347","2155867588","2.81905"
"2155867588","1980048347","2.81905"
"1980048347","2165017404","0.37619"
"2165017404","1980048347","0.37619"
"1980048347","2172023103","0.166667"
"2172023103","1980048347","0.166667"
"1980048347","2265232555","3.05952"
"2265232555","1980048347","3.05952"
"2006540165","2022743991","0.166667"
"2022743991","2006540165","0.166667"
"2006540165","2057610886","0.209524"
"2057610886","2006540165","0.209524"
"2006540165","2070259199","0.0666667"
"2070259199","2006540165","0.0666667"
"2006540165","2081599077","0.191667"
"2081599077","2006540165","0.191667"
"2006540165","2099435377","0.166667"
"2099435377","2006540165","0.166667"
"2006540165","2108611779","0.0666667"
"2108611779","2006540165","0.0666667"
"2006540165","2155867588","0.309524"
"2155867588","2006540165","0.309524"
"2006540165","2165017404","1.19167"
"2165017404","2006540165","1.19167"
"2006540165","2172023103","0.934524"
"2172023103","2006540165","0.934524"
"2006540165","2265232555","0.434524"
"2265232555","2006540165","0.434524"
"2022743991","2057610886","0.459524"
"2057610886","2022743991","0.459524"
"2022743991","2070259199","0.816667"
"2070259199","2022743991","0.816667"
"2022743991","2081599077","1.68333"
"2081599077","2022743991","1.68333"
"2022743991","2099435377","1.2"
"2099435377","2022743991","1.2"
"2022743991","2108611779","0.0666667"
"2108611779","2022743991","0.0666667"
"2022743991","2155867588","1.34286"
"2155867588","2022743991","1.34286"
"2022743991","2165017404","0.209524"
"2165017404","2022743991","0.209524"
"2022743991","2172023103","0.166667"
"2172023103","2022743991","0.166667"
"2022743991","2265232555","2.58333"
"2265232555","2022743991","2.58333"
"2057610886","2070259199","0.0666667"
"2070259199","2057610886","0.0666667"
"2057610886","2081599077","0.0666667"
"2081599077","2057610886","0.0666667"
"2057610886","2099435377","0.709524"
"2099435377","2057610886","0.709524"
"2057610886","2108611779","0.0666667"
"2108611779","2057610886","0.0666667"
"2057610886","2155867588","0.661905"
"2155867588","2057610886","0.661905"
"2057610886","2165017404","0.37619"
"2165017404","2057610886","0.37619"
"2057610886","2172023103","0.459524"
"2172023103","2057610886","0.459524"
"2057610886","2265232555","1.85238"
"2265232555","2057610886","1.85238"
"2070259199","2081599077","0.316667"
"2081599077","2070259199","0.316667"
"2070259199","2099435377","0.0666667"
"2099435377","2070259199","0.0666667"
"2070259199","2108611779","0.0666667"
"2108611779","2070259199","0.0666667"
"2070259199","2155867588","0.0666667"
"2155867588","2070259199","0.0666667"
"2070259199","2165017404","0.0666667"
"2165017404","2070259199","0.0666667"
"2070259199","2172023103","0.0666667"
"2172023103","2070259199","0.0666667"
"2070259199","2265232555","0.566667"
"2265232555","2070259199","0.566667"
"2081599077","2099435377","0.266667"
"2099435377","2081599077","0.266667"
"2081599077","2108611779","1.525"
"2108611779","2081599077","1.525"
"2081599077","2155867588","0.266667"
"2155867588","2081599077","0.266667"
"2081599077","2165017404","0.745238"
"2165017404","2081599077","0.745238"
"2081599077","2172023103","0.911905"
"2172023103","2081599077","0.911905"
"2081599077","2265232555","10.9786"
"2265232555","2081599077","10.9786"
"2099435377","2155867588","1.34286"
"2155867588","2099435377","1.34286"
"2099435377","2165017404","0.0666667"
"2165017404","2099435377","0.0666667"
"2099435377","2172023103","0.666667"
"2172023103","2099435377","0.666667"
"2099435377","2265232555","0.559524"
"2265232555","2099435377","0.559524"
"2108611779","2155867588","0.0666667"
"2155867588","2108611779","0.0666667"
"2108611779","2165017404","0.191667"
"2165017404","2108611779","0.191667"
"2108611779","2172023103","0.191667"
"2172023103","2108611779","0.191667"
"2108611779","2265232555","1.525"
"2265232555","2108611779","1.525"
"2155867588","2165017404","1.37619"
"2165017404","2155867588","1.37619"
"2155867588","2172023103","0.559524"
"2172023103","2155867588","0.559524"
"2155867588","2265232555","21.119"
"2265232555","2155867588","21.119"
"2165017404","2172023103","1.74524"
"2172023103","2165017404","1.74524"
"2165017404","2265232555","3.07857"
"2265232555","2165017404","3.07857"
"2172023103","2265232555","1.9881"
"2265232555","2172023103","1.9881"
"141582705","2065354671","0.142857"
"2065354671","141582705","0.142857"
"141582705","2247889503","0.142857"
"2247889503","141582705","0.142857"
"1980048347","2065354671","0.242857"
"2065354671","1980048347","0.242857"
"1980048347","2247889503","0.142857"
"2247889503","1980048347","0.142857"
"2022743991","2065354671","0.242857"
"2065354671","2022743991","0.242857"
"2022743991","2247889503","0.142857"
"2247889503","2022743991","0.142857"
"2057610886","2065354671","0.142857"
"2065354671","2057610886","0.142857"
"2057610886","2247889503","0.142857"
"2247889503","2057610886","0.142857"
"2065354671","2155867588","0.492857"
"2155867588","2065354671","0.492857"
"2065354671","2165017404","0.47619"
"2165017404","2065354671","0.47619"
"2065354671","2247889503","17.9595"
"2247889503","2065354671","17.9595"
"2155867588","2247889503","0.392857"
"2247889503","2155867588","0.392857"
"2165017404","2247889503","0.47619"
"2247889503","2165017404","0.47619"
"1537555431","1693491370","0.642857"
"1693491370","1537555431","0.642857"
"1537555431","1905815368","1.11667"
"1905815368","1537555431","1.11667"
"1537555431","2172023103","0.642857"
"2172023103","1537555431","0.642857"
"1693491370","1905815368","0.35"
"1905815368","1693491370","0.35"
"1905815368","2099435377","1.21667"
"2099435377","1905815368","1.21667"
"1905815368","2172023103","0.35"
"2172023103","1905815368","0.35"
"1537555431","2021280559","0.916667"
"2021280559","1537555431","0.916667"
"1905815368","2021280559","0.666667"
"2021280559","1905815368","0.666667"
"2021280559","2099435377","0.916667"
"2099435377","2021280559","0.916667"
"1537555431","1845649517","0.142857"
"1845649517","1537555431","0.142857"
"1537555431","1980048347","0.342857"
"1980048347","1537555431","0.342857"
"1537555431","2056952330","0.142857"
"2056952330","1537555431","0.142857"
"1537555431","2057610886","0.785714"
"2057610886","1537555431","0.785714"
"1537555431","2155867588","0.819048"
"2155867588","1537555431","0.819048"
"1537555431","2265232555","0.535714"
"2265232555","1537555431","0.535714"
"1845649517","2056952330","0.142857"
"2056952330","1845649517","0.142857"
"1980048347","2056952330","0.142857"
"2056952330","1980048347","0.142857"
"2056952330","2057610886","0.142857"
"2057610886","2056952330","0.142857"
"2056952330","2099435377","0.142857"
"2099435377","2056952330","0.142857"
"2056952330","2155867588","0.392857"
"2155867588","2056952330","0.392857"
"2056952330","2265232555","2.05952"
"2265232555","2056952330","2.05952"
"1537555431","2042961981","0.2"
"2042961981","1537555431","0.2"
"1537555431","2054079656","0.2"
"2054079656","1537555431","0.2"
"1537555431","2247889503","0.2"
"2247889503","1537555431","0.2"
"1905815368","2042961981","0.2"
"2042961981","1905815368","0.2"
"1905815368","2054079656","0.466667"
"2054079656","1905815368","0.466667"
"1905815368","2247889503","0.2"
"2247889503","1905815368","0.2"
"2042961981","2054079656","0.2"
"2054079656","2042961981","0.2"
"2042961981","2099435377","0.2"
"2099435377","2042961981","0.2"
"2042961981","2247889503","22.7"
"2247889503","2042961981","22.7"
"2054079656","2099435377","0.3"
"2099435377","2054079656","0.3"
"2054079656","2247889503","0.533333"
"2247889503","2054079656","0.533333"
"2099435377","2247889503","0.2"
"2247889503","2099435377","0.2"
"2021280559","2057610886","0.25"
"2057610886","2021280559","0.25"
"2021280559","2265232555","0.25"
"2265232555","2021280559","0.25"
"1537555431","2022743991","0.533333"
"2022743991","1537555431","0.533333"
"1537555431","1597663074","0.142857"
"1597663074","1537555431","0.142857"
"1537555431","2006540165","0.142857"
"2006540165","1537555431","0.142857"
"1537555431","2081599077","0.2"
"2081599077","1537555431","0.2"
"1557184775","2265232555","11.0786"
"2265232555","1557184775","11.0786"
"1557184775","1693491370","0.845238"
"1693491370","1557184775","0.845238"
"1557184775","2081599077","1.57857"
"2081599077","1557184775","1.57857"
"1557184775","2108611779","0.125"
"2108611779","1557184775","0.125"
"1557184775","2165017404","1.84524"
"2165017404","1557184775","1.84524"
"1557184775","2171034893","12.5786"
"2171034893","1557184775","12.5786"
"1557184775","2172023103","0.845238"
"2172023103","1557184775","0.845238"
"1557184775","2914026579","1.67857"
"2914026579","1557184775","1.67857"
"1693491370","2171034893","1.09524"
"2171034893","1693491370","1.09524"
"1693491370","2914026579","1.09524"
"2914026579","1693491370","1.09524"
"2081599077","2171034893","2.57857"
"2171034893","2081599077","2.57857"
"2081599077","2914026579","1.09524"
"2914026579","2081599077","1.09524"
"2108611779","2171034893","0.125"
"2171034893","2108611779","0.125"
"2108611779","2914026579","0.125"
"2914026579","2108611779","0.125"
"2165017404","2171034893","2.34524"
"2171034893","2165017404","2.34524"
"2165017404","2914026579","1.67857"
"2914026579","2165017404","1.67857"
"2171034893","2172023103","2.09524"
"2172023103","2171034893","2.09524"
"2171034893","2265232555","10.3286"
"2265232555","2171034893","10.3286"
"2171034893","2914026579","2.42857"
"2914026579","2171034893","2.42857"
"2172023103","2914026579","1.09524"
"2914026579","2172023103","1.09524"
"2265232555","2914026579","1.92857"
"2914026579","2265232555","1.92857"
"1557184775","2065354671","0.4"
"2065354671","1557184775","0.4"
"1557184775","2247889503","0.4"
"2247889503","1557184775","0.4"
"2065354671","2081599077","0.4"
"2081599077","2065354671","0.4"
"2065354671","2171034893","0.4"
"2171034893","2065354671","0.4"
"2065354671","2265232555","0.75"
"2265232555","2065354671","0.75"
"2081599077","2247889503","0.4"
"2247889503","2081599077","0.4"
"2171034893","2247889503","0.4"
"2247889503","2171034893","0.4"
"2247889503","2265232555","0.65"
"2265232555","2247889503","0.65"
"1557184775","1980048347","0.333333"
"1980048347","1557184775","0.333333"
"1557184775","2022743991","0.333333"
"2022743991","1557184775","0.333333"
"1557184775","2166239026","0.333333"
"2166239026","1557184775","0.333333"
"1980048347","2166239026","0.333333"
"2166239026","1980048347","0.333333"
"2022743991","2166239026","0.583333"
"2166239026","2022743991","0.583333"
"1557184775","2006540165","0.125"
"2006540165","1557184775","0.125"
"2006540165","2171034893","0.125"
"2171034893","2006540165","0.125"
"2006540165","2914026579","0.125"
"2914026579","2006540165","0.125"
"1557184775","2056952330","0.5"
"2056952330","1557184775","0.5"
"2056952330","2171034893","0.5"
"2171034893","2056952330","0.5"
"1597663074","2169463887","2.16667"
"2169463887","1597663074","2.16667"
"1597663074","2061620108","0.166667"
"2061620108","1597663074","0.166667"
"1597663074","2130325103","0.166667"
"2130325103","1597663074","0.166667"
"1597663074","2158307368","2.16667"
"2158307368","1597663074","2.16667"
"1597663074","2509835757","0.666667"
"2509835757","1597663074","0.666667"
"1597663074","2606040139","0.166667"
"2606040139","1597663074","0.166667"
"2061620108","2130325103","0.166667"
"2130325103","2061620108","0.166667"
"2061620108","2158307368","0.5"
"2158307368","2061620108","0.5"
"2061620108","2169463887","0.166667"
"2169463887","2061620108","0.166667"
"2061620108","2509835757","0.166667"
"2509835757","2061620108","0.166667"
"2061620108","2606040139","0.166667"
"2606040139","2061620108","0.166667"
"2130325103","2158307368","0.166667"
"2158307368","2130325103","0.166667"
"2130325103","2169463887","1.16667"
"2169463887","2130325103","1.16667"
"2130325103","2509835757","0.166667"
"2509835757","2130325103","0.166667"
"2130325103","2606040139","0.166667"
"2606040139","2130325103","0.166667"
"2158307368","2169463887","4.16667"
"2169463887","2158307368","4.16667"
"2158307368","2509835757","0.666667"
"2509835757","2158307368","0.666667"
"2158307368","2606040139","0.166667"
"2606040139","2158307368","0.166667"
"2169463887","2509835757","0.166667"
"2509835757","2169463887","0.166667"
"2169463887","2606040139","0.166667"
"2606040139","2169463887","0.166667"
"2509835757","2606040139","0.166667"
"2606040139","2509835757","0.166667"
"1597663074","2056952330","0.25"
"2056952330","1597663074","0.25"
"1597663074","2101535084","0.25"
"2101535084","1597663074","0.25"
"2056952330","2101535084","0.25"
"2101535084","2056952330","0.25"
"2101535084","2155867588","0.25"
"2155867588","2101535084","0.25"
"2101535084","2265232555","0.583333"
"2265232555","2101535084","0.583333"
"1597663074","1766432634","1"
"1766432634","1597663074","1"
"1597663074","2056910091","0.5"
"2056910091","1597663074","0.5"
"2056910091","2158307368","1.5"
"2158307368","2056910091","1.5"
"1693491370","2065354671","0.6"
"2065354671","1693491370","0.6"
"2065354671","2172023103","0.85"
"2172023103","2065354671","0.85"
"1693491370","2054079656","0.1"
"2054079656","1693491370","0.1"
"1905815368","1980048347","0.266667"
"1980048347","1905815368","0.266667"
"1905815368","2006540165","0.1"
"2006540165","1905815368","0.1"
"1905815368","2022743991","0.1"
"2022743991","1905815368","0.1"
"1905815368","2065354671","0.1"
"2065354671","1905815368","0.1"
"1905815368","2155867588","0.266667"
"2155867588","1905815368","0.266667"
"1905815368","2265232555","0.266667"
"2265232555","1905815368","0.266667"
"1980048347","2054079656","0.266667"
"2054079656","1980048347","0.266667"
"2006540165","2054079656","0.1"
"2054079656","2006540165","0.1"
"2006540165","2065354671","0.1"
"2065354671","2006540165","0.1"
"2022743991","2054079656","0.1"
"2054079656","2022743991","0.1"
"2054079656","2065354671","0.433333"
"2065354671","2054079656","0.433333"
"2054079656","2155867588","0.266667"
"2155867588","2054079656","0.266667"
"2054079656","2172023103","0.1"
"2172023103","2054079656","0.1"
"2054079656","2265232555","1.26667"
"2265232555","2054079656","1.26667"
"2065354671","2099435377","0.1"
"2099435377","2065354671","0.1"
"1766432634","2056952330","2"
"2056952330","1766432634","2"
"1766432634","2169463887","1"
"2169463887","1766432634","1"
"1905815368","2057610886","0.166667"
"2057610886","1905815368","0.166667"
"1905815368","2165017404","0.166667"
"2165017404","1905815368","0.166667"
"2054079656","2057610886","0.166667"
"2057610886","2054079656","0.166667"
"2054079656","2165017404","0.166667"
"2165017404","2054079656","0.166667"
"1968225261","2115179142","0.5"
"2115179142","1968225261","0.5"
"1968225261","2247889503","0.5"
"2247889503","1968225261","0.5"
"2115179142","2247889503","16.1667"
"2247889503","2115179142","16.1667"
"1968225261","1969206462","1.5"
"1969206462","1968225261","1.5"
"1968225261","2020206927","0.5"
"2020206927","1968225261","0.5"
"1969206462","2020206927","0.5"
"2020206927","1969206462","0.5"
"1968225261","2509835757","1"
"2509835757","1968225261","1"
"1980048347","2139595215","0.333333"
"2139595215","1980048347","0.333333"
"2057610886","2139595215","0.333333"
"2139595215","2057610886","0.333333"
"2139595215","2265232555","0.333333"
"2265232555","2139595215","0.333333"
"2006540165","2101535084","0.5"
"2101535084","2006540165","0.5"
"2101535084","2165017404","0.833333"
"2165017404","2101535084","0.833333"
"2020206927","2101535084","2"
"2101535084","2020206927","2"
"2021280559","2042961981","4.16667"
"2042961981","2021280559","4.16667"
"2021280559","2247889503","2.5"
"2247889503","2021280559","2.5"
"2021280559","2115179142","0.666667"
"2115179142","2021280559","0.666667"
"2042961981","2115179142","0.666667"
"2115179142","2042961981","0.666667"
"2021280559","2054079656","0.333333"
"2054079656","2021280559","0.333333"
"2021280559","2065354671","0.333333"
"2065354671","2021280559","0.333333"
"2022743991","2149943502","1.16667"
"2149943502","2022743991","1.16667"
"2149943502","2265232555","2"
"2265232555","2149943502","2"
"2022743991","2139595215","8.5"
"2139595215","2022743991","8.5"
"2022743991","2171034893","2.5"
"2171034893","2022743991","2.5"
"2139595215","2171034893","0.5"
"2171034893","2139595215","0.5"
"2081599077","2149943502","1.5"
"2149943502","2081599077","1.5"
"2022743991","2914026579","0.25"
"2914026579","2022743991","0.25"
"2070259199","2166239026","0.25"
"2166239026","2070259199","0.25"
"2070259199","2914026579","1.25"
"2914026579","2070259199","1.25"
"2081599077","2166239026","0.25"
"2166239026","2081599077","0.25"
"2166239026","2914026579","0.25"
"2914026579","2166239026","0.25"
"2035265156","2061620108","2.16667"
"2061620108","2035265156","2.16667"
"2035265156","2070259199","2.16667"
"2070259199","2035265156","2.16667"
"2035265156","2158307368","0.333333"
"2158307368","2035265156","0.333333"
"2061620108","2070259199","1.16667"
"2070259199","2061620108","1.16667"
"2070259199","2158307368","0.333333"
"2158307368","2070259199","0.333333"
"2035265156","2101610060","0.333333"
"2101610060","2035265156","0.333333"
"2061620108","2101610060","0.333333"
"2101610060","2061620108","0.333333"
"2070259199","2101610060","0.333333"
"2101610060","2070259199","0.333333"
"2042961981","2078752758","0.333333"
"2078752758","2042961981","0.333333"
"2042961981","2161787409","0.333333"
"2161787409","2042961981","0.333333"
"2078752758","2161787409","23.3333"
"2161787409","2078752758","23.3333"
"2078752758","2247889503","0.333333"
"2247889503","2078752758","0.333333"
"2161787409","2247889503","0.333333"
"2247889503","2161787409","0.333333"
"2056952330","2081599077","0.666667"
"2081599077","2056952330","0.666667"
"2056952330","2149943502","0.333333"
"2149943502","2056952330","0.333333"
"2056952330","2108611779","0.333333"
"2108611779","2056952330","0.333333"
"2056952330","2065354671","0.5"
"2065354671","2056952330","0.5"
"2056952330","2247889503","0.5"
"2247889503","2056952330","0.5"
"2061620108","2265232555","1"
"2265232555","2061620108","1"
"2065354671","2101535084","0.333333"
"2101535084","2065354671","0.333333"
"2101535084","2247889503","0.333333"
"2247889503","2101535084","0.333333"
"2172023103","2247889503","0.25"
"2247889503","2172023103","0.25"
"2070259199","2130325103","1"
"2130325103","2070259199","1"
"2070259199","2101535084","1"
"2101535084","2070259199","1"
"2070259199","2102581323","1"
"2102581323","2070259199","1"
"2101535084","2172023103","0.333333"
"2172023103","2101535084","0.333333"
"2101535084","2509835757","0.333333"
"2509835757","2101535084","0.333333"
"2172023103","2509835757","0.333333"
"2509835757","2172023103","0.333333"
"2265232555","2509835757","0.333333"
"2509835757","2265232555","0.333333"
"2102581323","2509835757","1"
"2509835757","2102581323","1"
"2139595215","2166239026","1"
"2166239026","2139595215","1"
"2158307368","2265232555","1"
"2265232555","2158307368","1"
"2263643212","2606040139","4"
"2606040139","2263643212","4"
"2263643212","2314598940","10"
"2314598940","2263643212","10"
"2263643212","2798385737","3"
"2798385737","2263643212","3"
"2314598940","2798385737","2"
"2798385737","2314598940","2"
"2263643212","2509835757","0.333333"
"2509835757","2263643212","0.333333"
"2263643212","2762529682","0.333333"
"2762529682","2263643212","0.333333"
"2263643212","2950094877","0.333333"
"2950094877","2263643212","0.333333"
"2509835757","2762529682","0.666667"
"2762529682","2509835757","0.666667"
"2509835757","2950094877","15.6667"
"2950094877","2509835757","15.6667"
"2762529682","2950094877","7.66667"
"2950094877","2762529682","7.66667"
"2314598940","2762529682","1"
"2762529682","2314598940","1"
"2314598940","2606040139","0.5"
"2606040139","2314598940","0.5"
"2314598940","2950094877","0.5"
"2950094877","2314598940","0.5"
"2606040139","2950094877","0.5"
"2950094877","2606040139","0.5"
"2509835757","2798385737","0.333333"
"2798385737","2509835757","0.333333"
"2762529682","2798385737","1.33333"
"2798385737","2762529682","1.33333"
"2798385737","2950094877","2.33333"
"2950094877","2798385737","2.33333"
"2606040139","2798385737","1"
"2798385737","2606040139","1"
"2606040139","2762529682","1"
"2762529682","2606040139","1"
