"116233485","1532876834","1"
"1532876834","116233485","1"
"116233485","160347982","1"
"160347982","116233485","1"
"116233485","1990016442","3.53333"
"1990016442","116233485","3.53333"
"116233485","2102705755","13.5167"
"2102705755","116233485","13.5167"
"160347982","1990016442","0.833333"
"1990016442","160347982","0.833333"
"160347982","2102705755","4.16667"
"2102705755","160347982","4.16667"
"1990016442","2102705755","6.95"
"2102705755","1990016442","6.95"
"116233485","1527734868","0.4"
"1527734868","116233485","0.4"
"116233485","1956267735","0.366667"
"1956267735","116233485","0.366667"
"116233485","2026301394","0.4"
"2026301394","116233485","0.4"
"116233485","2144653551","0.4"
"2144653551","116233485","0.4"
"1527734868","1956267735","0.2"
"1956267735","1527734868","0.2"
"1527734868","2026301394","0.594444"
"2026301394","1527734868","0.594444"
"1527734868","2102705755","2.9"
"2102705755","1527734868","2.9"
"1527734868","2144653551","3.26111"
"2144653551","1527734868","3.26111"
"1956267735","2026301394","0.7"
"2026301394","1956267735","0.7"
"1956267735","2102705755","0.7"
"2102705755","1956267735","0.7"
"1956267735","2144653551","0.2"
"2144653551","1956267735","0.2"
"2026301394","2102705755","0.4"
"2102705755","2026301394","0.4"
"2026301394","2144653551","1.79444"
"2144653551","2026301394","1.79444"
"2102705755","2144653551","0.4"
"2144653551","2102705755","0.4"
"116233485","1977070745","0.2"
"1977070745","116233485","0.2"
"116233485","2069593643","0.2"
"2069593643","116233485","0.2"
"116233485","2549918778","0.2"
"2549918778","116233485","0.2"
"1977070745","1990016442","0.2"
"1990016442","1977070745","0.2"
"1977070745","2069593643","0.616667"
"2069593643","1977070745","0.616667"
"1977070745","2102705755","0.45"
"2102705755","1977070745","0.45"
"1977070745","2549918778","0.45"
"2549918778","1977070745","0.45"
"1990016442","2069593643","0.2"
"2069593643","1990016442","0.2"
"1990016442","2549918778","0.2"
"2549918778","1990016442","0.2"
"2069593643","2102705755","0.45"
"2102705755","2069593643","0.45"
"2069593643","2549918778","6.075"
"2549918778","2069593643","6.075"
"2102705755","2549918778","0.45"
"2549918778","2102705755","0.45"
"116233485","2075721911","1"
"2075721911","116233485","1"
"116233485","1515481220","2.78333"
"1515481220","116233485","2.78333"
"1515481220","1527734868","0.7"
"1527734868","1515481220","0.7"
"1515481220","2026301394","0.733333"
"2026301394","1515481220","0.733333"
"1515481220","2102705755","17.2833"
"2102705755","1515481220","17.2833"
"1515481220","2144653551","0.2"
"2144653551","1515481220","0.2"
"116233485","1557973336","1.33333"
"1557973336","116233485","1.33333"
"116233485","2038739199","1.33333"
"2038739199","116233485","1.33333"
"1557973336","2038739199","16.5"
"2038739199","1557973336","16.5"
"1515481220","1990016442","1.41667"
"1990016442","1515481220","1.41667"
"116233485","2158443418","0.5"
"2158443418","116233485","0.5"
"1515481220","2158443418","1.03333"
"2158443418","1515481220","1.03333"
"2102705755","2158443418","1.2"
"2158443418","2102705755","1.2"
"116233485","2164400088","0.333333"
"2164400088","116233485","0.333333"
"1557973336","2164400088","0.333333"
"2164400088","1557973336","0.333333"
"2038739199","2164400088","4.53333"
"2164400088","2038739199","4.53333"
"116233485","2177870563","0.25"
"2177870563","116233485","0.25"
"1515481220","2177870563","0.25"
"2177870563","1515481220","0.25"
"1990016442","2177870563","0.25"
"2177870563","1990016442","0.25"
"2102705755","2177870563","0.25"
"2177870563","2102705755","0.25"
"116233485","2107853397","0.75"
"2107853397","116233485","0.75"
"116233485","2740442565","0.25"
"2740442565","116233485","0.25"
"116233485","2741994321","0.25"
"2741994321","116233485","0.25"
"1990016442","2107853397","1.25"
"2107853397","1990016442","1.25"
"1990016442","2740442565","0.25"
"2740442565","1990016442","0.25"
"1990016442","2741994321","0.25"
"2741994321","1990016442","0.25"
"2107853397","2740442565","0.25"
"2740442565","2107853397","0.25"
"2107853397","2741994321","0.75"
"2741994321","2107853397","0.75"
"2740442565","2741994321","0.25"
"2741994321","2740442565","0.25"
"1515481220","160347982","0.5"
"160347982","1515481220","0.5"
"1515481220","1956267735","0.5"
"1956267735","1515481220","0.5"
"160347982","1956267735","0.166667"
"1956267735","160347982","0.166667"
"160347982","2158443418","0.666667"
"2158443418","160347982","0.666667"
"1956267735","1990016442","0.5"
"1990016442","1956267735","0.5"
"1956267735","2158443418","0.166667"
"2158443418","1956267735","0.166667"
"1990016442","2158443418","0.166667"
"2158443418","1990016442","0.166667"
"2102705755","2107853397","3.5"
"2107853397","2102705755","3.5"
"116233485","2084465406","1"
"2084465406","116233485","1"
"12032051","1515481220","1.58333"
"1515481220","12032051","1.58333"
"12032051","2102705755","1.33333"
"2102705755","12032051","1.33333"
"12032051","1497422232","0.111111"
"1497422232","12032051","0.111111"
"12032051","1527734868","0.111111"
"1527734868","12032051","0.111111"
"12032051","1999939877","0.694444"
"1999939877","12032051","0.694444"
"12032051","2023492421","0.111111"
"2023492421","12032051","0.111111"
"12032051","2026301394","0.111111"
"2026301394","12032051","0.111111"
"12032051","2037187889","0.111111"
"2037187889","12032051","0.111111"
"12032051","2072265453","0.111111"
"2072265453","12032051","0.111111"
"12032051","2144653551","0.111111"
"2144653551","12032051","0.111111"
"12032051","2175908904","0.111111"
"2175908904","12032051","0.111111"
"1497422232","1527734868","0.361111"
"1527734868","1497422232","0.361111"
"1497422232","1999939877","0.194444"
"1999939877","1497422232","0.194444"
"1497422232","2023492421","0.519444"
"2023492421","1497422232","0.519444"
"1497422232","2026301394","0.361111"
"2026301394","1497422232","0.361111"
"1497422232","2037187889","3.8373"
"2037187889","1497422232","3.8373"
"1497422232","2072265453","0.527778"
"2072265453","1497422232","0.527778"
"1497422232","2144653551","0.361111"
"2144653551","1497422232","0.361111"
"1497422232","2175908904","2.8373"
"2175908904","1497422232","2.8373"
"1527734868","1999939877","0.194444"
"1999939877","1527734868","0.194444"
"1527734868","2023492421","0.194444"
"2023492421","1527734868","0.194444"
"1527734868","2037187889","0.361111"
"2037187889","1527734868","0.361111"
"1527734868","2072265453","0.361111"
"2072265453","1527734868","0.361111"
"1527734868","2175908904","0.361111"
"2175908904","1527734868","0.361111"
"1999939877","2023492421","0.194444"
"2023492421","1999939877","0.194444"
"1999939877","2026301394","0.694444"
"2026301394","1999939877","0.694444"
"1999939877","2037187889","0.194444"
"2037187889","1999939877","0.194444"
"1999939877","2072265453","0.944444"
"2072265453","1999939877","0.944444"
"1999939877","2144653551","0.194444"
"2144653551","1999939877","0.194444"
"1999939877","2175908904","0.194444"
"2175908904","1999939877","0.194444"
"2023492421","2026301394","0.194444"
"2026301394","2023492421","0.194444"
"2023492421","2037187889","0.319444"
"2037187889","2023492421","0.319444"
"2023492421","2072265453","0.194444"
"2072265453","2023492421","0.194444"
"2023492421","2144653551","0.194444"
"2144653551","2023492421","0.194444"
"2023492421","2175908904","0.319444"
"2175908904","2023492421","0.319444"
"2026301394","2037187889","0.561111"
"2037187889","2026301394","0.561111"
"2026301394","2072265453","1.73611"
"2072265453","2026301394","1.73611"
"2026301394","2175908904","0.561111"
"2175908904","2026301394","0.561111"
"2037187889","2072265453","1.86111"
"2072265453","2037187889","1.86111"
"2037187889","2144653551","0.561111"
"2144653551","2037187889","0.561111"
"2037187889","2175908904","12.8206"
"2175908904","2037187889","12.8206"
"2072265453","2144653551","0.361111"
"2144653551","2072265453","0.361111"
"2072265453","2175908904","0.861111"
"2175908904","2072265453","0.861111"
"2144653551","2175908904","0.561111"
"2175908904","2144653551","0.561111"
"1515481220","1999939877","1.58333"
"1999939877","1515481220","1.58333"
"1999939877","2102705755","0.333333"
"2102705755","1999939877","0.333333"
"12032051","2121731695","2.25"
"2121731695","12032051","2.25"
"12032051","1528207020","1"
"1528207020","12032051","1"
"12032051","1977070745","0.25"
"1977070745","12032051","0.25"
"1515481220","1977070745","0.783333"
"1977070745","1515481220","0.783333"
"1515481220","2121731695","0.25"
"2121731695","1515481220","0.25"
"1977070745","1999939877","1.75"
"1999939877","1977070745","1.75"
"1977070745","2121731695","0.25"
"2121731695","1977070745","0.25"
"1999939877","2121731695","3"
"2121731695","1999939877","3"
"122993283","1497422232","2.09286"
"1497422232","122993283","2.09286"
"122993283","1824270332","3.09286"
"1824270332","122993283","3.09286"
"122993283","1977070745","0.291667"
"1977070745","122993283","0.291667"
"122993283","2023492421","0.325"
"2023492421","122993283","0.325"
"122993283","2037187889","2.67619"
"2037187889","122993283","2.67619"
"122993283","2158443418","0.325"
"2158443418","122993283","0.325"
"122993283","2164400088","0.125"
"2164400088","122993283","0.125"
"122993283","2175908904","2.67619"
"2175908904","122993283","2.67619"
"1497422232","1824270332","13.4929"
"1824270332","1497422232","13.4929"
"1497422232","1977070745","0.125"
"1977070745","1497422232","0.125"
"1497422232","2158443418","0.325"
"2158443418","1497422232","0.325"
"1497422232","2164400088","0.208333"
"2164400088","1497422232","0.208333"
"1824270332","1977070745","0.125"
"1977070745","1824270332","0.125"
"1824270332","2023492421","0.408333"
"2023492421","1824270332","0.408333"
"1824270332","2037187889","5.09286"
"2037187889","1824270332","5.09286"
"1824270332","2158443418","0.325"
"2158443418","1824270332","0.325"
"1824270332","2164400088","0.541667"
"2164400088","1824270332","0.541667"
"1824270332","2175908904","4.09286"
"2175908904","1824270332","4.09286"
"1977070745","2023492421","0.125"
"2023492421","1977070745","0.125"
"1977070745","2037187889","0.125"
"2037187889","1977070745","0.125"
"1977070745","2158443418","0.658333"
"2158443418","1977070745","0.658333"
"1977070745","2164400088","1.65833"
"2164400088","1977070745","1.65833"
"1977070745","2175908904","0.125"
"2175908904","1977070745","0.125"
"2023492421","2158443418","0.575"
"2158443418","2023492421","0.575"
"2023492421","2164400088","0.458333"
"2164400088","2023492421","0.458333"
"2037187889","2158443418","0.125"
"2158443418","2037187889","0.125"
"2037187889","2164400088","0.541667"
"2164400088","2037187889","0.541667"
"2158443418","2164400088","2.575"
"2164400088","2158443418","2.575"
"2158443418","2175908904","0.125"
"2175908904","2158443418","0.125"
"2164400088","2175908904","0.541667"
"2175908904","2164400088","0.541667"
"122993283","2075721911","3.97619"
"2075721911","122993283","3.97619"
"122993283","1519566594","0.125"
"1519566594","122993283","0.125"
"122993283","1965456679","0.125"
"1965456679","122993283","0.125"
"122993283","2076792390","1.93452"
"2076792390","122993283","1.93452"
"122993283","2098397436","0.125"
"2098397436","122993283","0.125"
"1497422232","1519566594","1.19167"
"1519566594","1497422232","1.19167"
"1497422232","1965456679","2.69167"
"1965456679","1497422232","2.69167"
"1497422232","2076792390","1.25119"
"2076792390","1497422232","1.25119"
"1497422232","2098397436","0.325"
"2098397436","1497422232","0.325"
"1519566594","1824270332","7.025"
"1824270332","1519566594","7.025"
"1519566594","1965456679","12.9417"
"1965456679","1519566594","12.9417"
"1519566594","2037187889","0.458333"
"2037187889","1519566594","0.458333"
"1519566594","2076792390","2.19167"
"2076792390","1519566594","2.19167"
"1519566594","2098397436","1.24167"
"2098397436","1519566594","1.24167"
"1519566594","2175908904","0.458333"
"2175908904","1519566594","0.458333"
"1824270332","1965456679","9.025"
"1965456679","1824270332","9.025"
"1824270332","2076792390","2.58452"
"2076792390","1824270332","2.58452"
"1824270332","2098397436","0.825"
"2098397436","1824270332","0.825"
"1965456679","2037187889","0.458333"
"2037187889","1965456679","0.458333"
"1965456679","2076792390","2.19167"
"2076792390","1965456679","2.19167"
"1965456679","2098397436","1.74167"
"2098397436","1965456679","1.74167"
"1965456679","2175908904","0.458333"
"2175908904","1965456679","0.458333"
"2037187889","2076792390","1.18452"
"2076792390","2037187889","1.18452"
"2037187889","2098397436","0.125"
"2098397436","2037187889","0.125"
"2076792390","2098397436","1.325"
"2098397436","2076792390","1.325"
"2076792390","2175908904","1.18452"
"2175908904","2076792390","1.18452"
"2098397436","2175908904","0.125"
"2175908904","2098397436","0.125"
"122993283","2177870563","3.16667"
"2177870563","122993283","3.16667"
"122993283","2050619404","0.783333"
"2050619404","122993283","0.783333"
"122993283","2284766186","0.533333"
"2284766186","122993283","0.533333"
"2050619404","2076792390","0.333333"
"2076792390","2050619404","0.333333"
"2050619404","2284766186","6.53333"
"2284766186","2050619404","6.53333"
"2076792390","2284766186","0.333333"
"2284766186","2076792390","0.333333"
"122993283","2047315805","1.33333"
"2047315805","122993283","1.33333"
"2037187889","2047315805","0.333333"
"2047315805","2037187889","0.333333"
"2047315805","2175908904","0.333333"
"2175908904","2047315805","0.333333"
"122993283","2038739199","1.41667"
"2038739199","122993283","1.41667"
"2038739199","2047315805","4.5"
"2047315805","2038739199","4.5"
"2038739199","2177870563","2.66667"
"2177870563","2038739199","2.66667"
"2047315805","2177870563","1.5"
"2177870563","2047315805","1.5"
"122993283","1557973336","0.142857"
"1557973336","122993283","0.142857"
"1497422232","1557973336","0.142857"
"1557973336","1497422232","0.142857"
"1497422232","2075721911","0.67619"
"2075721911","1497422232","0.67619"
"1557973336","1824270332","0.142857"
"1824270332","1557973336","0.142857"
"1557973336","2037187889","0.142857"
"2037187889","1557973336","0.142857"
"1557973336","2075721911","0.142857"
"2075721911","1557973336","0.142857"
"1557973336","2076792390","0.142857"
"2076792390","1557973336","0.142857"
"1557973336","2175908904","0.142857"
"2175908904","1557973336","0.142857"
"1824270332","2075721911","1.67619"
"2075721911","1824270332","1.67619"
"2037187889","2075721911","0.142857"
"2075721911","2037187889","0.142857"
"2075721911","2076792390","3.34286"
"2076792390","2075721911","3.34286"
"2075721911","2175908904","0.142857"
"2175908904","2075721911","0.142857"
"122993283","2140137498","0.7"
"2140137498","122993283","0.7"
"2037187889","2050619404","0.45"
"2050619404","2037187889","0.45"
"2037187889","2140137498","0.7"
"2140137498","2037187889","0.7"
"2037187889","2284766186","0.2"
"2284766186","2037187889","0.2"
"2050619404","2140137498","0.2"
"2140137498","2050619404","0.2"
"2050619404","2175908904","0.45"
"2175908904","2050619404","0.45"
"2140137498","2175908904","0.7"
"2175908904","2140137498","0.7"
"2140137498","2284766186","0.2"
"2284766186","2140137498","0.2"
"2175908904","2284766186","0.2"
"2284766186","2175908904","0.2"
"122993283","1528207020","0.166667"
"1528207020","122993283","0.166667"
"122993283","1999939877","0.166667"
"1999939877","122993283","0.166667"
"122993283","2069593643","0.166667"
"2069593643","122993283","0.166667"
"1528207020","1977070745","0.166667"
"1977070745","1528207020","0.166667"
"1528207020","1999939877","0.166667"
"1999939877","1528207020","0.166667"
"1528207020","2038739199","0.166667"
"2038739199","1528207020","0.166667"
"1528207020","2069593643","0.166667"
"2069593643","1528207020","0.166667"
"1528207020","2177870563","0.166667"
"2177870563","1528207020","0.166667"
"1977070745","2038739199","0.416667"
"2038739199","1977070745","0.416667"
"1977070745","2177870563","1.16667"
"2177870563","1977070745","1.16667"
"1999939877","2038739199","0.666667"
"2038739199","1999939877","0.666667"
"1999939877","2069593643","0.416667"
"2069593643","1999939877","0.416667"
"1999939877","2177870563","0.166667"
"2177870563","1999939877","0.166667"
"2038739199","2069593643","3.50119"
"2069593643","2038739199","3.50119"
"2069593643","2177870563","0.166667"
"2177870563","2069593643","0.166667"
"2075721911","2140137498","0.5"
"2140137498","2075721911","0.5"
"122993283","2026301394","0.166667"
"2026301394","122993283","0.166667"
"122993283","2072265453","0.166667"
"2072265453","122993283","0.166667"
"1824270332","2026301394","0.45"
"2026301394","1824270332","0.45"
"1824270332","2072265453","0.75"
"2072265453","1824270332","0.75"
"122993283","2102705755","0.2"
"2102705755","122993283","0.2"
"1497422232","2102705755","0.2"
"2102705755","1497422232","0.2"
"1824270332","2102705755","0.2"
"2102705755","1824270332","0.2"
"2023492421","2102705755","0.2"
"2102705755","2023492421","0.2"
"2037187889","2038739199","0.25"
"2038739199","2037187889","0.25"
"2038739199","2050619404","0.25"
"2050619404","2038739199","0.25"
"2038739199","2175908904","0.25"
"2175908904","2038739199","0.25"
"138816097","168509540","0.125"
"168509540","138816097","0.125"
"138816097","2003281149","0.375"
"2003281149","138816097","0.375"
"138816097","2026301394","0.375"
"2026301394","138816097","0.375"
"138816097","2069593643","3.79167"
"2069593643","138816097","3.79167"
"138816097","2156849891","4.33333"
"2156849891","138816097","4.33333"
"138816097","2182667965","0.708333"
"2182667965","138816097","0.708333"
"138816097","2549918778","1.625"
"2549918778","138816097","1.625"
"138816097","988159969","0.375"
"988159969","138816097","0.375"
"168509540","2003281149","0.267857"
"2003281149","168509540","0.267857"
"168509540","2026301394","0.267857"
"2026301394","168509540","0.267857"
"168509540","2069593643","3.26786"
"2069593643","168509540","3.26786"
"168509540","2156849891","0.267857"
"2156849891","168509540","0.267857"
"168509540","2182667965","0.267857"
"2182667965","168509540","0.267857"
"168509540","2549918778","0.125"
"2549918778","168509540","0.125"
"168509540","988159969","0.267857"
"988159969","168509540","0.267857"
"2003281149","2026301394","21.9595"
"2026301394","2003281149","21.9595"
"2003281149","2069593643","2.07619"
"2069593643","2003281149","2.07619"
"2003281149","2156849891","0.717857"
"2156849891","2003281149","0.717857"
"2003281149","2182667965","3.02619"
"2182667965","2003281149","3.02619"
"2003281149","2549918778","0.375"
"2549918778","2003281149","0.375"
"2003281149","988159969","5.02619"
"988159969","2003281149","5.02619"
"2026301394","2069593643","1.54286"
"2069593643","2026301394","1.54286"
"2026301394","2156849891","0.517857"
"2156849891","2026301394","0.517857"
"2026301394","2182667965","2.04286"
"2182667965","2026301394","2.04286"
"2026301394","2549918778","0.375"
"2549918778","2026301394","0.375"
"2026301394","988159969","1.54286"
"988159969","2026301394","1.54286"
"2069593643","2156849891","7.30119"
"2156849891","2069593643","7.30119"
"2069593643","2182667965","2.57619"
"2182667965","2069593643","2.57619"
"2069593643","988159969","2.07619"
"988159969","2069593643","2.07619"
"2156849891","2182667965","0.717857"
"2182667965","2156849891","0.717857"
"2156849891","2549918778","2"
"2549918778","2156849891","2"
"2156849891","988159969","0.717857"
"988159969","2156849891","0.717857"
"2182667965","2549918778","0.875"
"2549918778","2182667965","0.875"
"2182667965","988159969","6.02619"
"988159969","2182667965","6.02619"
"2549918778","988159969","0.375"
"988159969","2549918778","0.375"
"138816097","2038739199","0.583333"
"2038739199","138816097","0.583333"
"2003281149","2038739199","13.1179"
"2038739199","2003281149","13.1179"
"2026301394","2038739199","6.91786"
"2038739199","2026301394","6.91786"
"2038739199","2156849891","0.392857"
"2156849891","2038739199","0.392857"
"2038739199","2182667965","3.78452"
"2182667965","2038739199","3.78452"
"2038739199","2549918778","0.5"
"2549918778","2038739199","0.5"
"2038739199","988159969","3.61786"
"988159969","2038739199","3.61786"
"138816097","1525813043","1.20833"
"1525813043","138816097","1.20833"
"1525813043","2069593643","0.958333"
"2069593643","1525813043","0.958333"
"1525813043","2156849891","0.583333"
"2156849891","1525813043","0.583333"
"138816097","1977070745","0.333333"
"1977070745","138816097","0.333333"
"138816097","1999939877","0.333333"
"1999939877","138816097","0.333333"
"1977070745","2182667965","0.333333"
"2182667965","1977070745","0.333333"
"1999939877","2182667965","0.333333"
"2182667965","1999939877","0.333333"
"138816097","22730673","0.333333"
"22730673","138816097","0.333333"
"2038739199","22730673","0.333333"
"22730673","2038739199","0.333333"
"2069593643","22730673","1.33333"
"22730673","2069593643","1.33333"
"1525813043","2549918778","0.375"
"2549918778","1525813043","0.375"
"1525813043","2003281149","0.125"
"2003281149","1525813043","0.125"
"1525813043","2026301394","0.125"
"2026301394","1525813043","0.125"
"1525813043","2038739199","0.125"
"2038739199","1525813043","0.125"
"1525813043","2182667965","0.125"
"2182667965","1525813043","0.125"
"1525813043","988159969","0.125"
"988159969","1525813043","0.125"
"138816097","1567955759","0.5"
"1567955759","138816097","0.5"
"1525813043","1567955759","0.5"
"1567955759","1525813043","0.5"
"1519566594","2075721911","0.2"
"2075721911","1519566594","0.2"
"1965456679","2075721911","0.2"
"2075721911","1965456679","0.2"
"1527734868","1824270332","0.25"
"1824270332","1527734868","0.25"
"1824270332","2144653551","0.45"
"2144653551","1824270332","0.45"
"1497422232","2107853397","0.0833333"
"2107853397","1497422232","0.0833333"
"1497422232","2136629812","0.0833333"
"2136629812","1497422232","0.0833333"
"1527734868","2107853397","0.0833333"
"2107853397","1527734868","0.0833333"
"1527734868","2136629812","2.58333"
"2136629812","1527734868","2.58333"
"1527734868","2164400088","0.0833333"
"2164400088","1527734868","0.0833333"
"1824270332","1999939877","0.0833333"
"1999939877","1824270332","0.0833333"
"1824270332","2107853397","0.0833333"
"2107853397","1824270332","0.0833333"
"1824270332","2136629812","0.283333"
"2136629812","1824270332","0.283333"
"1999939877","2107853397","0.0833333"
"2107853397","1999939877","0.0833333"
"1999939877","2136629812","0.0833333"
"2136629812","1999939877","0.0833333"
"1999939877","2164400088","0.0833333"
"2164400088","1999939877","0.0833333"
"2023492421","2107853397","0.333333"
"2107853397","2023492421","0.333333"
"2023492421","2136629812","1.58333"
"2136629812","2023492421","1.58333"
"2026301394","2107853397","2.28333"
"2107853397","2026301394","2.28333"
"2026301394","2136629812","0.283333"
"2136629812","2026301394","0.283333"
"2026301394","2164400088","3.11667"
"2164400088","2026301394","3.11667"
"2037187889","2107853397","0.0833333"
"2107853397","2037187889","0.0833333"
"2037187889","2136629812","0.283333"
"2136629812","2037187889","0.283333"
"2072265453","2107853397","1.08333"
"2107853397","2072265453","1.08333"
"2072265453","2136629812","0.0833333"
"2136629812","2072265453","0.0833333"
"2072265453","2164400088","0.0833333"
"2164400088","2072265453","0.0833333"
"2107853397","2136629812","0.0833333"
"2136629812","2107853397","0.0833333"
"2107853397","2144653551","0.0833333"
"2144653551","2107853397","0.0833333"
"2107853397","2164400088","0.533333"
"2164400088","2107853397","0.533333"
"2107853397","2175908904","0.0833333"
"2175908904","2107853397","0.0833333"
"2136629812","2144653551","1.78333"
"2144653551","2136629812","1.78333"
"2136629812","2164400088","0.0833333"
"2164400088","2136629812","0.0833333"
"2136629812","2175908904","0.283333"
"2175908904","2136629812","0.283333"
"2144653551","2164400088","0.0833333"
"2164400088","2144653551","0.0833333"
"150198413","1977070745","1"
"1977070745","150198413","1"
"150198413","1876226381","0.833333"
"1876226381","150198413","0.833333"
"150198413","2342643914","0.833333"
"2342643914","150198413","0.833333"
"1876226381","2342643914","0.833333"
"2342643914","1876226381","0.833333"
"150198413","1605657707","0.333333"
"1605657707","150198413","0.333333"
"1605657707","1876226381","0.333333"
"1876226381","1605657707","0.333333"
"1605657707","2342643914","10.3333"
"2342643914","1605657707","10.3333"
"1977070745","2026301394","0.866667"
"2026301394","1977070745","0.866667"
"2026301394","2158443418","1.53333"
"2158443418","2026301394","1.53333"
"1515481220","2107853397","0.2"
"2107853397","1515481220","0.2"
"1515481220","2164400088","0.2"
"2164400088","1515481220","0.2"
"1977070745","2107853397","0.2"
"2107853397","1977070745","0.2"
"2107853397","2158443418","0.45"
"2158443418","2107853397","0.45"
"1519566594","2003281149","0.25"
"2003281149","1519566594","0.25"
"1519566594","2026301394","0.25"
"2026301394","1519566594","0.25"
"1965456679","2003281149","0.583333"
"2003281149","1965456679","0.583333"
"1965456679","2026301394","0.583333"
"2026301394","1965456679","0.583333"
"2003281149","2098397436","0.25"
"2098397436","2003281149","0.25"
"2026301394","2098397436","0.25"
"2098397436","2026301394","0.25"
"1519566594","22730673","0.333333"
"22730673","1519566594","0.333333"
"1965456679","22730673","0.333333"
"22730673","1965456679","0.333333"
"2098397436","22730673","0.833333"
"22730673","2098397436","0.833333"
"1519566594","988159969","0.333333"
"988159969","1519566594","0.333333"
"1965456679","988159969","0.333333"
"988159969","1965456679","0.333333"
"2098397436","988159969","0.333333"
"988159969","2098397436","0.333333"
"1525813043","1999939877","0.25"
"1999939877","1525813043","0.25"
"1525813043","2076792390","0.25"
"2076792390","1525813043","0.25"
"1525813043","99863437","0.25"
"99863437","1525813043","0.25"
"1999939877","2076792390","0.25"
"2076792390","1999939877","0.25"
"1999939877","99863437","1.25"
"99863437","1999939877","1.25"
"2069593643","2076792390","0.25"
"2076792390","2069593643","0.25"
"2069593643","99863437","0.75"
"99863437","2069593643","0.75"
"2076792390","99863437","0.25"
"99863437","2076792390","0.25"
"1527734868","1990016442","3"
"1990016442","1527734868","3"
"1528207020","1567955759","1"
"1567955759","1528207020","1"
"1532876834","160347982","2.33333"
"160347982","1532876834","2.33333"
"1532876834","2102705755","0.333333"
"2102705755","1532876834","0.333333"
"1532876834","2741994321","0.333333"
"2741994321","1532876834","0.333333"
"160347982","2741994321","2.83333"
"2741994321","160347982","2.83333"
"2102705755","2741994321","1.33333"
"2741994321","2102705755","1.33333"
"1557973336","2003281149","0.666667"
"2003281149","1557973336","0.666667"
"1557973336","2026301394","0.666667"
"2026301394","1557973336","0.666667"
"1557973336","160347982","0.5"
"160347982","1557973336","0.5"
"160347982","2038739199","0.5"
"2038739199","160347982","0.5"
"1567955759","2038739199","1.5"
"2038739199","1567955759","1.5"
"1567955759","2003281149","0.95"
"2003281149","1567955759","0.95"
"1567955759","2182667965","5.45"
"2182667965","1567955759","5.45"
"1567955759","988159969","1.45"
"988159969","1567955759","1.45"
"1567955759","2069593643","0.2"
"2069593643","1567955759","0.2"
"1567955759","2156849891","0.2"
"2156849891","1567955759","0.2"
"1567955759","99863437","0.25"
"99863437","1567955759","0.25"
"2003281149","99863437","1.11667"
"99863437","2003281149","1.11667"
"2182667965","99863437","0.616667"
"99863437","2182667965","0.616667"
"988159969","99863437","1.45"
"99863437","988159969","1.45"
"160347982","2107853397","0.5"
"2107853397","160347982","0.5"
"168509540","2038739199","0.142857"
"2038739199","168509540","0.142857"
"1956267735","2740442565","0.5"
"2740442565","1956267735","0.5"
"2026301394","2740442565","0.5"
"2740442565","2026301394","0.5"
"1956267735","2023492421","1"
"2023492421","1956267735","1"
"1956267735","2084465406","1"
"2084465406","1956267735","1"
"2023492421","2084465406","6.25"
"2084465406","2023492421","6.25"
"1965456679","2038739199","0.333333"
"2038739199","1965456679","0.333333"
"2038739199","2102705755","0.25"
"2102705755","2038739199","0.25"
"1977070745","2003281149","0.333333"
"2003281149","1977070745","0.333333"
"2003281149","2164400088","1.03333"
"2164400088","2003281149","1.03333"
"1977070745","2101710617","1"
"2101710617","1977070745","1"
"1990016442","2038739199","1"
"2038739199","1990016442","1"
"2072265453","2121731695","0.625"
"2121731695","2072265453","0.625"
"1999939877","2003281149","0.5"
"2003281149","1999939877","0.5"
"2003281149","2121731695","0.375"
"2121731695","2003281149","0.375"
"2026301394","2121731695","0.375"
"2121731695","2026301394","0.375"
"2038739199","2121731695","0.375"
"2121731695","2038739199","0.375"
"2003281149","2072265453","0.375"
"2072265453","2003281149","0.375"
"2038739199","2072265453","0.375"
"2072265453","2038739199","0.375"
"2069593643","2072265453","0.458333"
"2072265453","2069593643","0.458333"
"2069593643","2121731695","0.125"
"2121731695","2069593643","0.125"
"2072265453","2156849891","0.125"
"2156849891","2072265453","0.125"
"2072265453","2182667965","0.458333"
"2182667965","2072265453","0.458333"
"2072265453","988159969","0.125"
"988159969","2072265453","0.125"
"2121731695","2156849891","0.125"
"2156849891","2121731695","0.125"
"2121731695","2182667965","0.125"
"2182667965","2121731695","0.125"
"2121731695","988159969","0.125"
"988159969","2121731695","0.125"
"2026301394","99863437","0.166667"
"99863437","2026301394","0.166667"
"2038739199","99863437","0.7"
"99863437","2038739199","0.7"
"2003281149","2177870563","1"
"2177870563","2003281149","1"
"2026301394","2177870563","1"
"2177870563","2026301394","1"
"2164400088","2182667965","0.2"
"2182667965","2164400088","0.2"
"2164400088","988159969","0.2"
"988159969","2164400088","0.2"
"2164400088","99863437","0.2"
"99863437","2164400088","0.2"
"2003281149","2047315805","0.5"
"2047315805","2003281149","0.5"
"2047315805","988159969","0.5"
"988159969","2047315805","0.5"
"2084465406","2107853397","0.25"
"2107853397","2084465406","0.25"
"2084465406","2158443418","0.25"
"2158443418","2084465406","0.25"
"2084465406","2164400088","0.25"
"2164400088","2084465406","0.25"
"2023492421","2038739199","0.5"
"2038739199","2023492421","0.5"
"2038739199","2136629812","0.5"
"2136629812","2038739199","0.5"
"2026301394","2084465406","1"
"2084465406","2026301394","1"
"2047315805","2069593643","0.333333"
"2069593643","2047315805","0.333333"
"2047315805","2072265453","0.333333"
"2072265453","2047315805","0.333333"
"2047315805","2182667965","0.333333"
"2182667965","2047315805","0.333333"
"2075721911","2102705755","1"
"2102705755","2075721911","1"
"2084465406","2136629812","1"
"2136629812","2084465406","1"
"2098397436","99863437","0.5"
"99863437","2098397436","0.5"
"22730673","99863437","0.5"
"99863437","22730673","0.5"
"2102705755","2136629812","1"
"2136629812","2102705755","1"
"2107853397","2755627547","1"
"2755627547","2107853397","1"
"2164910356","2342643914","1"
"2342643914","2164910356","1"
