"1151141491","2108214384","2.5"
"2108214384","1151141491","2.5"
"1151141491","2079992488","1.5"
"2079992488","1151141491","1.5"
"2079992488","2108214384","10"
"2108214384","2079992488","10"
"132892222","2009418433","0.835747"
"2009418433","132892222","0.835747"
"132892222","2410488981","4.0786"
"2410488981","132892222","4.0786"
"2009418433","2410488981","1.26114"
"2410488981","2009418433","1.26114"
"132892222","2036482831","3.1786"
"2036482831","132892222","3.1786"
"2036482831","2410488981","6.34527"
"2410488981","2036482831","6.34527"
"132892222","1514155126","0.22549"
"1514155126","132892222","0.22549"
"132892222","1516929774","0.42549"
"1516929774","132892222","0.42549"
"132892222","2052496634","1.28575"
"2052496634","132892222","1.28575"
"132892222","2158035799","1.26194"
"2158035799","132892222","1.26194"
"1514155126","1516929774","0.22549"
"1516929774","1514155126","0.22549"
"1514155126","2036482831","0.22549"
"2036482831","1514155126","0.22549"
"1514155126","2052496634","0.22549"
"2052496634","1514155126","0.22549"
"1514155126","2158035799","0.22549"
"2158035799","1514155126","0.22549"
"1514155126","2410488981","2.22549"
"2410488981","1514155126","2.22549"
"1516929774","2036482831","1.42549"
"2036482831","1516929774","1.42549"
"1516929774","2052496634","1.42549"
"2052496634","1516929774","1.42549"
"1516929774","2158035799","0.42549"
"2158035799","1516929774","0.42549"
"1516929774","2410488981","0.42549"
"2410488981","1516929774","0.42549"
"2036482831","2052496634","1.4286"
"2052496634","2036482831","1.4286"
"2036482831","2158035799","2.26194"
"2158035799","2036482831","2.26194"
"2052496634","2158035799","1.29051"
"2158035799","2052496634","1.29051"
"2052496634","2410488981","1.54448"
"2410488981","2052496634","1.54448"
"2158035799","2410488981","3.33337"
"2410488981","2158035799","3.33337"
"132892222","148364001","0.64527"
"148364001","132892222","0.64527"
"132892222","1492437814","0.2"
"1492437814","132892222","0.2"
"132892222","2050400354","0.64527"
"2050400354","132892222","0.64527"
"132892222","2081927170","0.64527"
"2081927170","132892222","0.64527"
"148364001","1492437814","0.533333"
"1492437814","148364001","0.533333"
"148364001","2050400354","6.3421"
"2050400354","148364001","6.3421"
"148364001","2081927170","6.3421"
"2081927170","148364001","6.3421"
"148364001","2410488981","2.19924"
"2410488981","148364001","2.19924"
"1492437814","2050400354","0.533333"
"2050400354","1492437814","0.533333"
"1492437814","2081927170","0.633333"
"2081927170","1492437814","0.633333"
"1492437814","2410488981","0.2"
"2410488981","1492437814","0.2"
"2050400354","2081927170","25.1413"
"2081927170","2050400354","25.1413"
"2050400354","2410488981","2.27067"
"2410488981","2050400354","2.27067"
"2081927170","2410488981","2.27067"
"2410488981","2081927170","2.27067"
"132892222","2001829816","0.278604"
"2001829816","132892222","0.278604"
"132892222","2033157982","0.44359"
"2033157982","132892222","0.44359"
"132892222","2095618476","0.135747"
"2095618476","132892222","0.135747"
"132892222","2138612638","0.66908"
"2138612638","132892222","0.66908"
"132892222","2477604275","0.302413"
"2477604275","132892222","0.302413"
"148364001","2001829816","2.8921"
"2001829816","148364001","2.8921"
"148364001","2009418433","1.13257"
"2009418433","148364001","1.13257"
"148364001","2033157982","1.34359"
"2033157982","148364001","1.34359"
"148364001","2036482831","0.278604"
"2036482831","148364001","0.278604"
"148364001","2052496634","0.489715"
"2052496634","148364001","0.489715"
"148364001","2095618476","1.24924"
"2095618476","148364001","1.24924"
"148364001","2138612638","0.135747"
"2138612638","148364001","0.135747"
"148364001","2158035799","0.278604"
"2158035799","148364001","0.278604"
"148364001","2477604275","0.135747"
"2477604275","148364001","0.135747"
"2001829816","2009418433","0.870667"
"2009418433","2001829816","0.870667"
"2001829816","2033157982","0.248352"
"2033157982","2001829816","0.248352"
"2001829816","2036482831","0.278604"
"2036482831","2001829816","0.278604"
"2001829816","2050400354","9.54686"
"2050400354","2001829816","9.54686"
"2001829816","2052496634","0.72781"
"2052496634","2001829816","0.72781"
"2001829816","2081927170","9.04686"
"2081927170","2001829816","9.04686"
"2001829816","2095618476","2.74924"
"2095618476","2001829816","2.74924"
"2001829816","2138612638","0.135747"
"2138612638","2001829816","0.135747"
"2001829816","2158035799","0.350032"
"2158035799","2001829816","0.350032"
"2001829816","2410488981","0.904001"
"2410488981","2001829816","0.904001"
"2001829816","2477604275","0.135747"
"2477604275","2001829816","0.135747"
"2009418433","2033157982","0.698352"
"2033157982","2009418433","0.698352"
"2009418433","2036482831","0.135747"
"2036482831","2009418433","0.135747"
"2009418433","2050400354","1.98178"
"2050400354","2009418433","1.98178"
"2009418433","2052496634","0.82781"
"2052496634","2009418433","0.82781"
"2009418433","2081927170","2.08178"
"2081927170","2009418433","2.08178"
"2009418433","2095618476","0.882572"
"2095618476","2009418433","0.882572"
"2009418433","2138612638","0.135747"
"2138612638","2009418433","0.135747"
"2009418433","2158035799","0.307175"
"2158035799","2009418433","0.307175"
"2009418433","2477604275","0.135747"
"2477604275","2009418433","0.135747"
"2033157982","2036482831","0.0769231"
"2036482831","2033157982","0.0769231"
"2033157982","2050400354","0.615018"
"2050400354","2033157982","0.615018"
"2033157982","2052496634","0.706685"
"2052496634","2033157982","0.706685"
"2033157982","2081927170","1.61502"
"2081927170","2033157982","1.61502"
"2033157982","2095618476","0.426923"
"2095618476","2033157982","0.426923"
"2033157982","2138612638","0.379701"
"2138612638","2033157982","0.379701"
"2033157982","2158035799","0.148352"
"2158035799","2033157982","0.148352"
"2033157982","2410488981","0.615018"
"2410488981","2033157982","0.615018"
"2033157982","2477604275","0.629701"
"2477604275","2033157982","0.629701"
"2036482831","2050400354","0.278604"
"2050400354","2036482831","0.278604"
"2036482831","2081927170","0.421461"
"2081927170","2036482831","0.421461"
"2036482831","2095618476","0.135747"
"2095618476","2036482831","0.135747"
"2036482831","2138612638","0.811937"
"2138612638","2036482831","0.811937"
"2036482831","2477604275","0.635747"
"2477604275","2036482831","0.635747"
"2050400354","2052496634","0.72781"
"2052496634","2050400354","0.72781"
"2050400354","2095618476","1.74924"
"2095618476","2050400354","1.74924"
"2050400354","2138612638","0.46908"
"2138612638","2050400354","0.46908"
"2050400354","2158035799","0.350032"
"2158035799","2050400354","0.350032"
"2050400354","2477604275","0.135747"
"2477604275","2050400354","0.135747"
"2052496634","2081927170","0.970667"
"2081927170","2052496634","0.970667"
"2052496634","2095618476","0.489715"
"2095618476","2052496634","0.489715"
"2052496634","2138612638","0.811937"
"2138612638","2052496634","0.811937"
"2052496634","2477604275","0.302413"
"2477604275","2052496634","0.302413"
"2081927170","2095618476","1.24924"
"2095618476","2081927170","1.24924"
"2081927170","2138612638","0.278604"
"2138612638","2081927170","0.278604"
"2081927170","2158035799","0.450032"
"2158035799","2081927170","0.450032"
"2081927170","2477604275","0.135747"
"2477604275","2081927170","0.135747"
"2095618476","2138612638","0.135747"
"2138612638","2095618476","0.135747"
"2095618476","2158035799","0.135747"
"2158035799","2095618476","0.135747"
"2095618476","2410488981","0.689715"
"2410488981","2095618476","0.689715"
"2095618476","2477604275","0.135747"
"2477604275","2095618476","0.135747"
"2138612638","2158035799","0.502413"
"2158035799","2138612638","0.502413"
"2138612638","2410488981","0.502413"
"2410488981","2138612638","0.502413"
"2138612638","2477604275","1.50364"
"2477604275","2138612638","1.50364"
"2158035799","2477604275","0.302413"
"2477604275","2158035799","0.302413"
"2410488981","2477604275","2.46908"
"2477604275","2410488981","2.46908"
"132892222","2146067967","0.25"
"2146067967","132892222","0.25"
"132892222","2151011350","0.25"
"2151011350","132892222","0.25"
"2036482831","2146067967","0.25"
"2146067967","2036482831","0.25"
"2036482831","2151011350","0.25"
"2151011350","2036482831","0.25"
"2146067967","2151011350","0.25"
"2151011350","2146067967","0.25"
"2146067967","2410488981","0.25"
"2410488981","2146067967","0.25"
"2151011350","2410488981","0.25"
"2410488981","2151011350","0.25"
"132892222","1998319238","0.2"
"1998319238","132892222","0.2"
"132892222","2001468115","0.258824"
"2001468115","132892222","0.258824"
"1998319238","2001468115","0.38254"
"2001468115","1998319238","0.38254"
"1998319238","2009418433","0.88254"
"2009418433","1998319238","0.88254"
"1998319238","2033157982","2.22976"
"2033157982","1998319238","2.22976"
"1998319238","2410488981","0.271429"
"2410488981","1998319238","0.271429"
"2001468115","2009418433","3.39533"
"2009418433","2001468115","3.39533"
"2001468115","2033157982","0.371429"
"2033157982","2001468115","0.371429"
"2001468115","2410488981","0.541363"
"2410488981","2001468115","0.541363"
"132892222","1536540269","0.166667"
"1536540269","132892222","0.166667"
"132892222","1592894681","0.166667"
"1592894681","132892222","0.166667"
"132892222","2154440943","0.22549"
"2154440943","132892222","0.22549"
"1536540269","1592894681","0.877778"
"1592894681","1536540269","0.877778"
"1536540269","2036482831","0.166667"
"2036482831","1536540269","0.166667"
"1536540269","2052496634","0.166667"
"2052496634","1536540269","0.166667"
"1536540269","2138612638","0.166667"
"2138612638","1536540269","0.166667"
"1536540269","2154440943","0.277778"
"2154440943","1536540269","0.277778"
"1592894681","2036482831","0.166667"
"2036482831","1592894681","0.166667"
"1592894681","2052496634","0.266667"
"2052496634","1592894681","0.266667"
"1592894681","2138612638","0.5"
"2138612638","1592894681","0.5"
"1592894681","2154440943","0.377778"
"2154440943","1592894681","0.377778"
"2036482831","2154440943","0.368347"
"2154440943","2036482831","0.368347"
"2052496634","2154440943","2.25089"
"2154440943","2052496634","2.25089"
"2138612638","2154440943","0.368347"
"2154440943","2138612638","0.368347"
"132892222","1673774254","0.0588235"
"1673774254","132892222","0.0588235"
"148364001","1514155126","0.0588235"
"1514155126","148364001","0.0588235"
"148364001","1516929774","0.0588235"
"1516929774","148364001","0.0588235"
"148364001","1673774254","0.308824"
"1673774254","148364001","0.308824"
"148364001","2001468115","1.07946"
"2001468115","148364001","1.07946"
"148364001","2154440943","0.269935"
"2154440943","148364001","0.269935"
"1514155126","1673774254","0.0588235"
"1673774254","1514155126","0.0588235"
"1514155126","2001468115","0.0588235"
"2001468115","1514155126","0.0588235"
"1514155126","2001829816","0.0588235"
"2001829816","1514155126","0.0588235"
"1514155126","2009418433","0.0588235"
"2009418433","1514155126","0.0588235"
"1514155126","2050400354","0.0588235"
"2050400354","1514155126","0.0588235"
"1514155126","2081927170","0.0588235"
"2081927170","1514155126","0.0588235"
"1514155126","2095618476","0.0588235"
"2095618476","1514155126","0.0588235"
"1514155126","2138612638","0.0588235"
"2138612638","1514155126","0.0588235"
"1514155126","2154440943","0.0588235"
"2154440943","1514155126","0.0588235"
"1514155126","2477604275","0.0588235"
"2477604275","1514155126","0.0588235"
"1516929774","1673774254","0.0588235"
"1673774254","1516929774","0.0588235"
"1516929774","2001468115","0.0588235"
"2001468115","1516929774","0.0588235"
"1516929774","2001829816","0.0588235"
"2001829816","1516929774","0.0588235"
"1516929774","2009418433","0.0588235"
"2009418433","1516929774","0.0588235"
"1516929774","2050400354","0.0588235"
"2050400354","1516929774","0.0588235"
"1516929774","2081927170","0.0588235"
"2081927170","1516929774","0.0588235"
"1516929774","2095618476","0.0588235"
"2095618476","1516929774","0.0588235"
"1516929774","2138612638","0.0588235"
"2138612638","1516929774","0.0588235"
"1516929774","2154440943","0.0588235"
"2154440943","1516929774","0.0588235"
"1516929774","2477604275","0.0588235"
"2477604275","1516929774","0.0588235"
"1673774254","2001468115","0.130252"
"2001468115","1673774254","0.130252"
"1673774254","2001829816","0.130252"
"2001829816","1673774254","0.130252"
"1673774254","2009418433","1.13025"
"2009418433","1673774254","1.13025"
"1673774254","2036482831","0.0588235"
"2036482831","1673774254","0.0588235"
"1673774254","2050400354","0.380252"
"2050400354","1673774254","0.380252"
"1673774254","2052496634","0.130252"
"2052496634","1673774254","0.130252"
"1673774254","2081927170","0.380252"
"2081927170","1673774254","0.380252"
"1673774254","2095618476","0.0588235"
"2095618476","1673774254","0.0588235"
"1673774254","2138612638","0.201681"
"2138612638","1673774254","0.201681"
"1673774254","2154440943","0.130252"
"2154440943","1673774254","0.130252"
"1673774254","2158035799","0.130252"
"2158035799","1673774254","0.130252"
"1673774254","2410488981","0.130252"
"2410488981","1673774254","0.130252"
"1673774254","2477604275","0.0588235"
"2477604275","1673774254","0.0588235"
"2001468115","2001829816","1.48422"
"2001829816","2001468115","1.48422"
"2001468115","2036482831","0.0588235"
"2036482831","2001468115","0.0588235"
"2001468115","2050400354","1.92866"
"2050400354","2001468115","1.92866"
"2001468115","2052496634","0.441363"
"2052496634","2001468115","0.441363"
"2001468115","2081927170","2.02866"
"2081927170","2001468115","2.02866"
"2001468115","2095618476","0.579458"
"2095618476","2001468115","0.579458"
"2001468115","2138612638","0.0588235"
"2138612638","2001468115","0.0588235"
"2001468115","2154440943","0.552474"
"2154440943","2001468115","0.552474"
"2001468115","2158035799","0.230252"
"2158035799","2001468115","0.230252"
"2001468115","2477604275","0.0588235"
"2477604275","2001468115","0.0588235"
"2001829816","2154440943","0.50803"
"2154440943","2001829816","0.50803"
"2009418433","2154440943","0.719141"
"2154440943","2009418433","0.719141"
"2050400354","2154440943","0.619141"
"2154440943","2050400354","0.619141"
"2081927170","2154440943","0.861998"
"2154440943","2081927170","0.861998"
"2095618476","2154440943","0.269935"
"2154440943","2095618476","0.269935"
"2154440943","2158035799","0.230252"
"2158035799","2154440943","0.230252"
"2154440943","2410488981","0.341363"
"2410488981","2154440943","0.341363"
"2154440943","2477604275","0.0588235"
"2477604275","2154440943","0.0588235"
"132892222","2104737365","0.166667"
"2104737365","132892222","0.166667"
"148364001","2104737365","0.309524"
"2104737365","148364001","0.309524"
"2033157982","2104737365","3.5131"
"2104737365","2033157982","3.5131"
"2050400354","2104737365","0.380952"
"2104737365","2050400354","0.380952"
"2081927170","2104737365","0.380952"
"2104737365","2081927170","0.380952"
"2104737365","2410488981","0.238095"
"2410488981","2104737365","0.238095"
"1482913703","2123473763","1.5"
"2123473763","1482913703","1.5"
"1482913703","2480805937","0.5"
"2480805937","1482913703","0.5"
"2123473763","2480805937","13.6429"
"2480805937","2123473763","13.6429"
"1482913703","2145836846","1"
"2145836846","1482913703","1"
"1482913703","1492437814","0.0909091"
"1492437814","1482913703","0.0909091"
"1482913703","2009690650","0.0909091"
"2009690650","1482913703","0.0909091"
"1482913703","2044189186","0.257576"
"2044189186","1482913703","0.257576"
"1482913703","2067988826","0.0909091"
"2067988826","1482913703","0.0909091"
"1482913703","2113398276","0.257576"
"2113398276","1482913703","0.257576"
"1482913703","2135875435","1.09091"
"2135875435","1482913703","1.09091"
"1482913703","2138612638","0.0909091"
"2138612638","1482913703","0.0909091"
"1482913703","2139525922","0.257576"
"2139525922","1482913703","0.257576"
"1482913703","2171179737","0.0909091"
"2171179737","1482913703","0.0909091"
"1482913703","2477604275","0.0909091"
"2477604275","1482913703","0.0909091"
"1482913703","2501466721","0.257576"
"2501466721","1482913703","0.257576"
"1492437814","2009690650","0.562338"
"2009690650","1492437814","0.562338"
"1492437814","2044189186","0.162338"
"2044189186","1492437814","0.162338"
"1492437814","2067988826","0.157576"
"2067988826","1492437814","0.157576"
"1492437814","2113398276","0.0909091"
"2113398276","1492437814","0.0909091"
"1492437814","2135875435","2.16234"
"2135875435","1492437814","2.16234"
"1492437814","2138612638","0.562338"
"2138612638","1492437814","0.562338"
"1492437814","2139525922","0.157576"
"2139525922","1492437814","0.157576"
"1492437814","2171179737","0.229004"
"2171179737","1492437814","0.229004"
"1492437814","2477604275","0.229004"
"2477604275","1492437814","0.229004"
"1492437814","2501466721","0.229004"
"2501466721","1492437814","0.229004"
"2009690650","2044189186","0.579004"
"2044189186","2009690650","0.579004"
"2009690650","2067988826","0.518687"
"2067988826","2009690650","0.518687"
"2009690650","2113398276","0.0909091"
"2113398276","2009690650","0.0909091"
"2009690650","2135875435","0.856782"
"2135875435","2009690650","0.856782"
"2009690650","2138612638","1.20123"
"2138612638","2009690650","1.20123"
"2009690650","2139525922","0.560354"
"2139525922","2009690650","0.560354"
"2009690650","2171179737","0.590115"
"2171179737","2009690650","0.590115"
"2009690650","2477604275","1.61789"
"2477604275","2009690650","1.61789"
"2009690650","2501466721","0.465115"
"2501466721","2009690650","0.465115"
"2044189186","2067988826","0.590909"
"2067988826","2044189186","0.590909"
"2044189186","2113398276","0.257576"
"2113398276","2044189186","0.257576"
"2044189186","2135875435","0.579004"
"2135875435","2044189186","0.579004"
"2044189186","2138612638","0.329004"
"2138612638","2044189186","0.329004"
"2044189186","2139525922","0.257576"
"2139525922","2044189186","0.257576"
"2044189186","2171179737","0.412338"
"2171179737","2044189186","0.412338"
"2044189186","2477604275","1.829"
"2477604275","2044189186","1.829"
"2044189186","2501466721","0.829004"
"2501466721","2044189186","0.829004"
"2067988826","2113398276","0.0909091"
"2113398276","2067988826","0.0909091"
"2067988826","2135875435","1.11869"
"2135875435","2067988826","1.11869"
"2067988826","2138612638","0.518687"
"2138612638","2067988826","0.518687"
"2067988826","2139525922","0.703211"
"2139525922","2067988826","0.703211"
"2067988826","2171179737","0.518687"
"2171179737","2067988826","0.518687"
"2067988826","2477604275","2.26869"
"2477604275","2067988826","2.26869"
"2067988826","2501466721","0.393687"
"2501466721","2067988826","0.393687"
"2113398276","2135875435","0.590909"
"2135875435","2113398276","0.590909"
"2113398276","2138612638","0.0909091"
"2138612638","2113398276","0.0909091"
"2113398276","2139525922","3.75758"
"2139525922","2113398276","3.75758"
"2113398276","2171179737","0.0909091"
"2171179737","2113398276","0.0909091"
"2113398276","2477604275","0.0909091"
"2477604275","2113398276","0.0909091"
"2113398276","2501466721","0.257576"
"2501466721","2113398276","0.257576"
"2135875435","2138612638","1.02345"
"2138612638","2135875435","1.02345"
"2135875435","2139525922","3.16035"
"2139525922","2135875435","3.16035"
"2135875435","2171179737","0.773449"
"2171179737","2135875435","0.773449"
"2135875435","2477604275","3.44012"
"2477604275","2135875435","3.44012"
"2135875435","2501466721","1.39845"
"2501466721","2135875435","1.39845"
"2138612638","2139525922","0.393687"
"2139525922","2138612638","0.393687"
"2138612638","2171179737","0.590115"
"2171179737","2138612638","0.590115"
"2138612638","2501466721","0.465115"
"2501466721","2138612638","0.465115"
"2139525922","2171179737","0.393687"
"2171179737","2139525922","0.393687"
"2139525922","2477604275","0.560354"
"2477604275","2139525922","0.560354"
"2139525922","2501466721","0.560354"
"2501466721","2139525922","0.560354"
"2171179737","2477604275","0.840115"
"2477604275","2171179737","0.840115"
"2171179737","2501466721","0.465115"
"2501466721","2171179737","0.465115"
"2477604275","2501466721","1.21512"
"2501466721","2477604275","1.21512"
"1482913703","1967570720","0.166667"
"1967570720","1482913703","0.166667"
"1482913703","2155176125","0.166667"
"2155176125","1482913703","0.166667"
"1967570720","2044189186","0.166667"
"2044189186","1967570720","0.166667"
"1967570720","2113398276","0.166667"
"2113398276","1967570720","0.166667"
"1967570720","2139525922","0.166667"
"2139525922","1967570720","0.166667"
"1967570720","2155176125","7.16667"
"2155176125","1967570720","7.16667"
"1967570720","2501466721","0.416667"
"2501466721","1967570720","0.416667"
"2044189186","2155176125","0.238095"
"2155176125","2044189186","0.238095"
"2113398276","2155176125","0.166667"
"2155176125","2113398276","0.166667"
"2139525922","2155176125","0.166667"
"2155176125","2139525922","0.166667"
"2155176125","2501466721","0.488095"
"2501466721","2155176125","0.488095"
"1482913703","165119522","0.25"
"165119522","1482913703","0.25"
"1482913703","2114062029","0.25"
"2114062029","1482913703","0.25"
"1482913703","2145388307","0.25"
"2145388307","1482913703","0.25"
"1482913703","2153409247","0.25"
"2153409247","1482913703","0.25"
"165119522","2114062029","2.82619"
"2114062029","165119522","2.82619"
"165119522","2145388307","2.65952"
"2145388307","165119522","2.65952"
"165119522","2153409247","7.32619"
"2153409247","165119522","7.32619"
"2114062029","2145388307","4.0373"
"2145388307","2114062029","4.0373"
"2114062029","2153409247","3.82619"
"2153409247","2114062029","3.82619"
"2145388307","2153409247","2.32619"
"2153409247","2145388307","2.32619"
"1482913703","1998319238","0.5"
"1998319238","1482913703","0.5"
"1482913703","2033157982","0.5"
"2033157982","1482913703","0.5"
"148364001","2244630972","0.25"
"2244630972","148364001","0.25"
"1673774254","2244630972","0.25"
"2244630972","1673774254","0.25"
"2050400354","2244630972","0.25"
"2244630972","2050400354","0.25"
"2081927170","2244630972","0.25"
"2244630972","2081927170","0.25"
"2001468115","2104737365","0.214286"
"2104737365","2001468115","0.214286"
"2001829816","2104737365","0.214286"
"2104737365","2001829816","0.214286"
"2009418433","2104737365","0.464286"
"2104737365","2009418433","0.464286"
"2095618476","2104737365","0.392857"
"2104737365","2095618476","0.392857"
"148364001","2149660273","0.666667"
"2149660273","148364001","0.666667"
"2009418433","2149660273","1"
"2149660273","2009418433","1"
"2001468115","2149660273","1"
"2149660273","2001468115","1"
"2001829816","2149660273","0.166667"
"2149660273","2001829816","0.166667"
"2050400354","2149660273","0.5"
"2149660273","2050400354","0.5"
"2081927170","2149660273","0.5"
"2149660273","2081927170","0.5"
"2095618476","2149660273","0.166667"
"2149660273","2095618476","0.166667"
"2033157982","2154440943","0.838095"
"2154440943","2033157982","0.838095"
"1484620994","2166647826","2"
"2166647826","1484620994","2"
"1484620994","2107455624","0.333333"
"2107455624","1484620994","0.333333"
"1484620994","2410488981","0.916667"
"2410488981","1484620994","0.916667"
"1484620994","2477604275","2.84444"
"2477604275","1484620994","2.84444"
"2107455624","2410488981","1.58333"
"2410488981","2107455624","1.58333"
"2107455624","2477604275","3.75"
"2477604275","2107455624","3.75"
"1484620994","1566114229","1.25397"
"1566114229","1484620994","1.25397"
"1484620994","1983524036","0.320635"
"1983524036","1484620994","0.320635"
"1484620994","2009690650","0.177778"
"2009690650","1484620994","0.177778"
"1484620994","2033157982","0.177778"
"2033157982","1484620994","0.177778"
"1484620994","2102999520","1.00397"
"2102999520","1484620994","1.00397"
"1484620994","2124527135","0.253968"
"2124527135","1484620994","0.253968"
"1484620994","2131518207","0.753968"
"2131518207","1484620994","0.753968"
"1484620994","2138612638","0.320635"
"2138612638","1484620994","0.320635"
"1566114229","1983524036","0.503968"
"1983524036","1566114229","0.503968"
"1566114229","2009690650","0.111111"
"2009690650","1566114229","0.111111"
"1566114229","2033157982","0.111111"
"2033157982","1566114229","0.111111"
"1566114229","2102999520","0.503968"
"2102999520","1566114229","0.503968"
"1566114229","2124527135","1.50397"
"2124527135","1566114229","1.50397"
"1566114229","2131518207","1.50397"
"2131518207","1566114229","1.50397"
"1566114229","2138612638","0.253968"
"2138612638","1566114229","0.253968"
"1566114229","2477604275","0.111111"
"2477604275","1566114229","0.111111"
"1983524036","2009690650","0.943651"
"2009690650","1983524036","0.943651"
"1983524036","2033157982","0.302778"
"2033157982","1983524036","0.302778"
"1983524036","2102999520","0.503968"
"2102999520","1983524036","0.503968"
"1983524036","2124527135","0.503968"
"2124527135","1983524036","0.503968"
"1983524036","2131518207","0.503968"
"2131518207","1983524036","0.503968"
"1983524036","2138612638","1.75317"
"2138612638","1983524036","1.75317"
"1983524036","2477604275","0.943651"
"2477604275","1983524036","0.943651"
"2009690650","2033157982","0.302778"
"2033157982","2009690650","0.302778"
"2009690650","2102999520","0.111111"
"2102999520","2009690650","0.111111"
"2009690650","2124527135","0.111111"
"2124527135","2009690650","0.111111"
"2009690650","2131518207","0.111111"
"2131518207","2009690650","0.111111"
"2033157982","2102999520","0.111111"
"2102999520","2033157982","0.111111"
"2033157982","2124527135","0.361111"
"2124527135","2033157982","0.361111"
"2033157982","2131518207","0.361111"
"2131518207","2033157982","0.361111"
"2102999520","2124527135","0.503968"
"2124527135","2102999520","0.503968"
"2102999520","2131518207","0.503968"
"2131518207","2102999520","0.503968"
"2102999520","2138612638","0.253968"
"2138612638","2102999520","0.253968"
"2102999520","2477604275","0.111111"
"2477604275","2102999520","0.111111"
"2124527135","2131518207","15.004"
"2131518207","2124527135","15.004"
"2124527135","2138612638","0.253968"
"2138612638","2124527135","0.253968"
"2124527135","2477604275","0.361111"
"2477604275","2124527135","0.361111"
"2131518207","2138612638","0.253968"
"2138612638","2131518207","0.253968"
"2131518207","2477604275","0.361111"
"2477604275","2131518207","0.361111"
"1484620994","1492437814","0.0666667"
"1492437814","1484620994","0.0666667"
"1484620994","1533614878","0.0666667"
"1533614878","1484620994","0.0666667"
"1484620994","2057858164","0.0666667"
"2057858164","1484620994","0.0666667"
"1484620994","2067988826","0.0666667"
"2067988826","1484620994","0.0666667"
"1484620994","2104737365","0.566667"
"2104737365","1484620994","0.566667"
"1484620994","2115875363","0.316667"
"2115875363","1484620994","0.316667"
"1484620994","2139525922","0.0666667"
"2139525922","1484620994","0.0666667"
"1484620994","2171179737","0.0666667"
"2171179737","1484620994","0.0666667"
"1484620994","2399886717","0.0666667"
"2399886717","1484620994","0.0666667"
"1484620994","2501466721","0.0666667"
"2501466721","1484620994","0.0666667"
"1492437814","1533614878","0.0666667"
"1533614878","1492437814","0.0666667"
"1492437814","1983524036","0.471429"
"1983524036","1492437814","0.471429"
"1492437814","2033157982","0.0666667"
"2033157982","1492437814","0.0666667"
"1492437814","2057858164","0.166667"
"2057858164","1492437814","0.166667"
"1492437814","2104737365","0.0666667"
"2104737365","1492437814","0.0666667"
"1492437814","2115875363","0.138095"
"2115875363","1492437814","0.138095"
"1492437814","2399886717","0.0666667"
"2399886717","1492437814","0.0666667"
"1533614878","1983524036","0.191667"
"1983524036","1533614878","0.191667"
"1533614878","2009690650","0.191667"
"2009690650","1533614878","0.191667"
"1533614878","2033157982","0.191667"
"2033157982","1533614878","0.191667"
"1533614878","2057858164","0.0666667"
"2057858164","1533614878","0.0666667"
"1533614878","2067988826","0.191667"
"2067988826","1533614878","0.191667"
"1533614878","2104737365","0.0666667"
"2104737365","1533614878","0.0666667"
"1533614878","2115875363","0.0666667"
"2115875363","1533614878","0.0666667"
"1533614878","2138612638","0.191667"
"2138612638","1533614878","0.191667"
"1533614878","2139525922","0.0666667"
"2139525922","1533614878","0.0666667"
"1533614878","2171179737","0.191667"
"2171179737","1533614878","0.191667"
"1533614878","2399886717","0.0666667"
"2399886717","1533614878","0.0666667"
"1533614878","2477604275","0.191667"
"2477604275","1533614878","0.191667"
"1533614878","2501466721","0.0666667"
"2501466721","1533614878","0.0666667"
"1983524036","2057858164","0.0666667"
"2057858164","1983524036","0.0666667"
"1983524036","2067988826","1.42778"
"2067988826","1983524036","1.42778"
"1983524036","2104737365","0.0666667"
"2104737365","1983524036","0.0666667"
"1983524036","2115875363","2.1381"
"2115875363","1983524036","2.1381"
"1983524036","2139525922","0.302778"
"2139525922","1983524036","0.302778"
"1983524036","2171179737","0.499206"
"2171179737","1983524036","0.499206"
"1983524036","2399886717","0.0666667"
"2399886717","1983524036","0.0666667"
"1983524036","2501466721","0.374206"
"2501466721","1983524036","0.374206"
"2009690650","2057858164","0.0666667"
"2057858164","2009690650","0.0666667"
"2009690650","2104737365","0.0666667"
"2104737365","2009690650","0.0666667"
"2009690650","2115875363","0.138095"
"2115875363","2009690650","0.138095"
"2009690650","2399886717","0.0666667"
"2399886717","2009690650","0.0666667"
"2033157982","2057858164","0.471429"
"2057858164","2033157982","0.471429"
"2033157982","2067988826","0.191667"
"2067988826","2033157982","0.191667"
"2033157982","2115875363","1.31667"
"2115875363","2033157982","1.31667"
"2033157982","2139525922","0.0666667"
"2139525922","2033157982","0.0666667"
"2033157982","2171179737","0.191667"
"2171179737","2033157982","0.191667"
"2033157982","2399886717","0.0666667"
"2399886717","2033157982","0.0666667"
"2033157982","2501466721","0.0666667"
"2501466721","2033157982","0.0666667"
"2057858164","2067988826","0.0666667"
"2067988826","2057858164","0.0666667"
"2057858164","2104737365","0.471429"
"2104737365","2057858164","0.471429"
"2057858164","2115875363","0.0666667"
"2115875363","2057858164","0.0666667"
"2057858164","2138612638","0.0666667"
"2138612638","2057858164","0.0666667"
"2057858164","2139525922","0.0666667"
"2139525922","2057858164","0.0666667"
"2057858164","2171179737","0.0666667"
"2171179737","2057858164","0.0666667"
"2057858164","2399886717","0.0666667"
"2399886717","2057858164","0.0666667"
"2057858164","2477604275","0.0666667"
"2477604275","2057858164","0.0666667"
"2057858164","2501466721","0.0666667"
"2501466721","2057858164","0.0666667"
"2067988826","2104737365","0.0666667"
"2104737365","2067988826","0.0666667"
"2067988826","2115875363","0.0666667"
"2115875363","2067988826","0.0666667"
"2067988826","2399886717","0.0666667"
"2399886717","2067988826","0.0666667"
"2104737365","2115875363","0.0666667"
"2115875363","2104737365","0.0666667"
"2104737365","2138612638","0.0666667"
"2138612638","2104737365","0.0666667"
"2104737365","2139525922","0.0666667"
"2139525922","2104737365","0.0666667"
"2104737365","2171179737","0.0666667"
"2171179737","2104737365","0.0666667"
"2104737365","2399886717","0.0666667"
"2399886717","2104737365","0.0666667"
"2104737365","2477604275","0.0666667"
"2477604275","2104737365","0.0666667"
"2104737365","2501466721","0.0666667"
"2501466721","2104737365","0.0666667"
"2115875363","2138612638","0.138095"
"2138612638","2115875363","0.138095"
"2115875363","2139525922","0.0666667"
"2139525922","2115875363","0.0666667"
"2115875363","2171179737","0.138095"
"2171179737","2115875363","0.138095"
"2115875363","2399886717","0.0666667"
"2399886717","2115875363","0.0666667"
"2115875363","2477604275","0.388095"
"2477604275","2115875363","0.388095"
"2115875363","2501466721","0.138095"
"2501466721","2115875363","0.138095"
"2138612638","2399886717","0.0666667"
"2399886717","2138612638","0.0666667"
"2139525922","2399886717","0.0666667"
"2399886717","2139525922","0.0666667"
"2171179737","2399886717","0.0666667"
"2399886717","2171179737","0.0666667"
"2399886717","2477604275","0.0666667"
"2477604275","2399886717","0.0666667"
"2399886717","2501466721","0.0666667"
"2501466721","2399886717","0.0666667"
"1484620994","1673774254","0.142857"
"1673774254","1484620994","0.142857"
"1566114229","1673774254","0.142857"
"1673774254","1566114229","0.142857"
"1673774254","1983524036","0.142857"
"1983524036","1673774254","0.142857"
"1673774254","2102999520","0.142857"
"2102999520","1673774254","0.142857"
"1673774254","2124527135","0.142857"
"2124527135","1673774254","0.142857"
"1673774254","2131518207","0.142857"
"2131518207","1673774254","0.142857"
"2104737365","2131518207","0.5"
"2131518207","2104737365","0.5"
"1484620994","2036482831","0.333333"
"2036482831","1484620994","0.333333"
"1484620994","2240268387","0.5"
"2240268387","1484620994","0.5"
"1484620994","2242409048","0.5"
"2242409048","1484620994","0.5"
"2240268387","2242409048","1.5"
"2242409048","2240268387","1.5"
"1484620994","2209555944","0.5"
"2209555944","1484620994","0.5"
"2102999520","2209555944","0.5"
"2209555944","2102999520","0.5"
"1484620994","25382803","0.25"
"25382803","1484620994","0.25"
"2102999520","2115875363","0.25"
"2115875363","2102999520","0.25"
"2102999520","2410488981","0.25"
"2410488981","2102999520","0.25"
"2102999520","25382803","0.25"
"25382803","2102999520","0.25"
"2115875363","2410488981","0.5"
"2410488981","2115875363","0.5"
"2115875363","25382803","0.25"
"25382803","2115875363","0.25"
"2410488981","25382803","0.25"
"25382803","2410488981","0.25"
"1484620994","1556914271","1"
"1556914271","1484620994","1"
"1490377673","2176045956","9.83333"
"2176045956","1490377673","9.83333"
"1490377673","1566114229","0.5"
"1566114229","1490377673","0.5"
"1566114229","2176045956","0.5"
"2176045956","1566114229","0.5"
"1490377673","2074749431","0.833333"
"2074749431","1490377673","0.833333"
"1490377673","2125623691","0.333333"
"2125623691","1490377673","0.333333"
"2074749431","2125623691","0.333333"
"2125623691","2074749431","0.333333"
"2074749431","2176045956","0.833333"
"2176045956","2074749431","0.833333"
"2125623691","2176045956","0.333333"
"2176045956","2125623691","0.333333"
"1490377673","2131518207","1"
"2131518207","1490377673","1"
"1490377673","2151011350","0.5"
"2151011350","1490377673","0.5"
"2151011350","2176045956","0.5"
"2176045956","2151011350","0.5"
"1492437814","2021993511","0.0714286"
"2021993511","1492437814","0.0714286"
"1492437814","2137167578","0.0714286"
"2137167578","1492437814","0.0714286"
"1492437814","2155176125","0.0714286"
"2155176125","1492437814","0.0714286"
"1492437814","2164436983","0.0714286"
"2164436983","1492437814","0.0714286"
"1492437814","2605369019","0.0714286"
"2605369019","1492437814","0.0714286"
"1983524036","2021993511","0.0714286"
"2021993511","1983524036","0.0714286"
"1983524036","2044189186","0.0714286"
"2044189186","1983524036","0.0714286"
"1983524036","2135875435","0.765873"
"2135875435","1983524036","0.765873"
"1983524036","2137167578","0.0714286"
"2137167578","1983524036","0.0714286"
"1983524036","2155176125","0.0714286"
"2155176125","1983524036","0.0714286"
"1983524036","2164436983","0.0714286"
"2164436983","1983524036","0.0714286"
"1983524036","2605369019","0.0714286"
"2605369019","1983524036","0.0714286"
"2009690650","2021993511","0.238095"
"2021993511","2009690650","0.238095"
"2009690650","2137167578","0.238095"
"2137167578","2009690650","0.238095"
"2009690650","2155176125","0.0714286"
"2155176125","2009690650","0.0714286"
"2009690650","2164436983","0.488095"
"2164436983","2009690650","0.488095"
"2009690650","2605369019","0.238095"
"2605369019","2009690650","0.238095"
"2021993511","2044189186","0.0714286"
"2044189186","2021993511","0.0714286"
"2021993511","2115875363","0.321429"
"2115875363","2021993511","0.321429"
"2021993511","2135875435","0.238095"
"2135875435","2021993511","0.238095"
"2021993511","2137167578","11.1548"
"2137167578","2021993511","11.1548"
"2021993511","2138612638","0.0714286"
"2138612638","2021993511","0.0714286"
"2021993511","2155176125","0.0714286"
"2155176125","2021993511","0.0714286"
"2021993511","2164436983","1.40476"
"2164436983","2021993511","1.40476"
"2021993511","2171179737","0.0714286"
"2171179737","2021993511","0.0714286"
"2021993511","2477604275","0.238095"
"2477604275","2021993511","0.238095"
"2021993511","2501466721","1.07143"
"2501466721","2021993511","1.07143"
"2021993511","2605369019","0.0714286"
"2605369019","2021993511","0.0714286"
"2044189186","2115875363","0.0714286"
"2115875363","2044189186","0.0714286"
"2044189186","2137167578","0.0714286"
"2137167578","2044189186","0.0714286"
"2044189186","2164436983","0.738095"
"2164436983","2044189186","0.738095"
"2044189186","2605369019","0.238095"
"2605369019","2044189186","0.238095"
"2115875363","2135875435","0.0714286"
"2135875435","2115875363","0.0714286"
"2115875363","2137167578","0.321429"
"2137167578","2115875363","0.321429"
"2115875363","2155176125","0.238095"
"2155176125","2115875363","0.238095"
"2115875363","2164436983","0.0714286"
"2164436983","2115875363","0.0714286"
"2115875363","2605369019","0.0714286"
"2605369019","2115875363","0.0714286"
"2135875435","2137167578","0.404762"
"2137167578","2135875435","0.404762"
"2135875435","2155176125","0.0714286"
"2155176125","2135875435","0.0714286"
"2135875435","2164436983","0.654762"
"2164436983","2135875435","0.654762"
"2135875435","2605369019","0.404762"
"2605369019","2135875435","0.404762"
"2137167578","2138612638","0.0714286"
"2138612638","2137167578","0.0714286"
"2137167578","2155176125","0.0714286"
"2155176125","2137167578","0.0714286"
"2137167578","2164436983","1.57143"
"2164436983","2137167578","1.57143"
"2137167578","2171179737","0.0714286"
"2171179737","2137167578","0.0714286"
"2137167578","2477604275","0.238095"
"2477604275","2137167578","0.238095"
"2137167578","2501466721","1.07143"
"2501466721","2137167578","1.07143"
"2137167578","2605369019","0.238095"
"2605369019","2137167578","0.238095"
"2138612638","2155176125","0.0714286"
"2155176125","2138612638","0.0714286"
"2138612638","2164436983","0.238095"
"2164436983","2138612638","0.238095"
"2138612638","2605369019","0.238095"
"2605369019","2138612638","0.238095"
"2155176125","2164436983","0.0714286"
"2164436983","2155176125","0.0714286"
"2155176125","2171179737","0.0714286"
"2171179737","2155176125","0.0714286"
"2155176125","2477604275","0.738095"
"2477604275","2155176125","0.738095"
"2155176125","2605369019","0.0714286"
"2605369019","2155176125","0.0714286"
"2164436983","2171179737","0.321429"
"2171179737","2164436983","0.321429"
"2164436983","2477604275","0.738095"
"2477604275","2164436983","0.738095"
"2164436983","2501466721","1.57143"
"2501466721","2164436983","1.57143"
"2164436983","2605369019","1.90476"
"2605369019","2164436983","1.90476"
"2171179737","2605369019","0.0714286"
"2605369019","2171179737","0.0714286"
"2477604275","2605369019","0.238095"
"2605369019","2477604275","0.238095"
"2501466721","2605369019","0.571429"
"2605369019","2501466721","0.571429"
"1492437814","1521318802","0.1"
"1521318802","1492437814","0.1"
"1492437814","1592894681","0.1"
"1592894681","1492437814","0.1"
"1492437814","2001468115","0.1"
"2001468115","1492437814","0.1"
"1492437814","2009418433","0.1"
"2009418433","1492437814","0.1"
"1492437814","2052496634","0.1"
"2052496634","1492437814","0.1"
"1492437814","2154440943","0.1"
"2154440943","1492437814","0.1"
"1492437814","2157733288","0.1"
"2157733288","1492437814","0.1"
"1492437814","2158035799","0.1"
"2158035799","1492437814","0.1"
"1521318802","1592894681","1.12222"
"1592894681","1521318802","1.12222"
"1521318802","2001468115","0.211111"
"2001468115","1521318802","0.211111"
"1521318802","2009418433","0.211111"
"2009418433","1521318802","0.211111"
"1521318802","2052496634","0.367857"
"2052496634","1521318802","0.367857"
"1521318802","2057858164","0.1"
"2057858164","1521318802","0.1"
"1521318802","2081927170","0.553968"
"2081927170","1521318802","0.553968"
"1521318802","2154440943","0.353968"
"2154440943","1521318802","0.353968"
"1521318802","2157733288","14.3234"
"2157733288","1521318802","14.3234"
"1521318802","2158035799","0.1"
"2158035799","1521318802","0.1"
"1592894681","2001468115","0.211111"
"2001468115","1592894681","0.211111"
"1592894681","2009418433","0.461111"
"2009418433","1592894681","0.461111"
"1592894681","2057858164","0.1"
"2057858164","1592894681","0.1"
