"1205839182","1496631244","0.730788"
"1496631244","1205839182","0.730788"
"1205839182","1522469309","0.569814"
"1522469309","1205839182","0.569814"
"1205839182","1554139141","0.114165"
"1554139141","1205839182","0.114165"
"1205839182","1586940685","0.758826"
"1586940685","1205839182","0.758826"
"1205839182","1749441524","0.114165"
"1749441524","1205839182","0.114165"
"1205839182","2106256275","0.314165"
"2106256275","1205839182","0.314165"
"1205839182","2123203354","0.730788"
"2123203354","1205839182","0.730788"
"1205839182","2137062275","0.721264"
"2137062275","1205839182","0.721264"
"1205839182","2149881941","0.245074"
"2149881941","1205839182","0.245074"
"1205839182","2688037055","0.0909091"
"2688037055","1205839182","0.0909091"
"1205839182","287654039","4.80668"
"287654039","1205839182","4.80668"
"1496631244","1522469309","1.37766"
"1522469309","1496631244","1.37766"
"1496631244","1554139141","0.475276"
"1554139141","1496631244","0.475276"
"1496631244","1586940685","3.78988"
"1586940685","1496631244","3.78988"
"1496631244","1749441524","0.114165"
"1749441524","1496631244","0.114165"
"1496631244","2106256275","1.0975"
"2106256275","1496631244","1.0975"
"1496631244","2123203354","3.21412"
"2123203354","1496631244","3.21412"
"1496631244","2137062275","1.63793"
"2137062275","1496631244","1.63793"
"1496631244","2149881941","0.606185"
"2149881941","1496631244","0.606185"
"1496631244","2688037055","0.20202"
"2688037055","1496631244","0.20202"
"1496631244","287654039","0.730788"
"287654039","1496631244","0.730788"
"1522469309","1554139141","0.482852"
"1554139141","1522469309","0.482852"
"1522469309","1586940685","1.96857"
"1586940685","1522469309","1.96857"
"1522469309","1749441524","1.11416"
"1749441524","1522469309","1.11416"
"1522469309","2106256275","1.14952"
"2106256275","1522469309","1.14952"
"1522469309","2123203354","1.63523"
"2123203354","1522469309","1.63523"
"1522469309","2137062275","0.792376"
"2137062275","1522469309","0.792376"
"1522469309","2149881941","0.225276"
"2149881941","1522469309","0.225276"
"1522469309","2688037055","0.20202"
"2688037055","1522469309","0.20202"
"1522469309","287654039","0.51099"
"287654039","1522469309","0.51099"
"1554139141","1586940685","1.35785"
"1586940685","1554139141","1.35785"
"1554139141","1749441524","0.197498"
"1749441524","1554139141","0.197498"
"1554139141","2106256275","4.27452"
"2106256275","1554139141","4.27452"
"1554139141","2123203354","1.10785"
"2123203354","1554139141","1.10785"
"1554139141","2137062275","1.77452"
"2137062275","1554139141","1.77452"
"1554139141","2149881941","0.933609"
"2149881941","1554139141","0.933609"
"1554139141","2688037055","0.20202"
"2688037055","1554139141","0.20202"
"1554139141","287654039","0.239165"
"287654039","1554139141","0.239165"
"1586940685","1749441524","0.225276"
"1749441524","1586940685","0.225276"
"1586940685","2106256275","1.48007"
"2106256275","1586940685","1.48007"
"1586940685","2123203354","4.58912"
"2123203354","1586940685","4.58912"
"1586940685","2137062275","17.1299"
"2137062275","1586940685","17.1299"
"1586940685","2149881941","0.973609"
"2149881941","1586940685","0.973609"
"1586940685","2688037055","0.20202"
"2688037055","1586940685","0.20202"
"1586940685","287654039","0.883826"
"287654039","1586940685","0.883826"
"1749441524","2106256275","0.197498"
"2106256275","1749441524","0.197498"
"1749441524","2123203354","0.114165"
"2123203354","1749441524","0.114165"
"1749441524","2137062275","1.30861"
"2137062275","1749441524","1.30861"
"1749441524","2149881941","0.197498"
"2149881941","1749441524","0.197498"
"1749441524","2688037055","0.0909091"
"2688037055","1749441524","0.0909091"
"1749441524","287654039","0.114165"
"287654039","1749441524","0.114165"
"2106256275","2123203354","4.29674"
"2123203354","2106256275","4.29674"
"2106256275","2137062275","3.39674"
"2137062275","2106256275","3.39674"
"2106256275","2149881941","1.00028"
"2149881941","2106256275","1.00028"
"2106256275","2688037055","0.20202"
"2688037055","2106256275","0.20202"
"2106256275","287654039","0.439165"
"287654039","2106256275","0.439165"
"2123203354","2137062275","7.50384"
"2137062275","2123203354","7.50384"
"2123203354","2149881941","2.79785"
"2149881941","2123203354","2.79785"
"2123203354","2688037055","0.20202"
"2688037055","2123203354","0.20202"
"2123203354","287654039","0.855788"
"287654039","2123203354","0.855788"
"2137062275","2149881941","4.13119"
"2149881941","2137062275","4.13119"
"2137062275","2688037055","0.20202"
"2688037055","2137062275","0.20202"
"2137062275","287654039","0.846264"
"287654039","2137062275","0.846264"
"2149881941","2688037055","0.20202"
"2688037055","2149881941","0.20202"
"2149881941","287654039","0.370074"
"287654039","2149881941","0.370074"
"2688037055","287654039","0.0909091"
"287654039","2688037055","0.0909091"
"1205839182","1974582353","0.506296"
"1974582353","1205839182","0.506296"
"1205839182","2021609673","1.94646"
"2021609673","1205839182","1.94646"
"1205839182","2045315514","2.16061"
"2045315514","1205839182","2.16061"
"1205839182","2049794366","0.894436"
"2049794366","1205839182","0.894436"
"1205839182","2070487427","0.276789"
"2070487427","1205839182","0.276789"
"1205839182","2086625107","0.522356"
"2086625107","1205839182","0.522356"
"1205839182","2122260893","0.245239"
"2122260893","1205839182","0.245239"
"1205839182","2125335232","0.18588"
"2125335232","1205839182","0.18588"
"1205839182","2131049870","0.460612"
"2131049870","1205839182","0.460612"
"1205839182","2136251160","2.59597"
"2136251160","1205839182","2.59597"
"1205839182","2171989150","0.151397"
"2171989150","1205839182","0.151397"
"1205839182","2188419760","0.247624"
"2188419760","1205839182","0.247624"
"1205839182","2206638789","0.122624"
"2206638789","1205839182","0.122624"
"1205839182","2278313001","0.920193"
"2278313001","1205839182","0.920193"
"1205839182","2744167993","0.311965"
"2744167993","1205839182","0.311965"
"1974582353","2021609673","1.73855"
"2021609673","1974582353","1.73855"
"1974582353","2045315514","0.922588"
"2045315514","1974582353","0.922588"
"1974582353","2049794366","0.330221"
"2049794366","1974582353","0.330221"
"1974582353","2070487427","0.329241"
"2070487427","1974582353","0.329241"
"1974582353","2086625107","0.298663"
"2086625107","1974582353","0.298663"
"1974582353","2122260893","0.365352"
"2122260893","1974582353","0.365352"
"1974582353","2125335232","0.0969828"
"2125335232","1974582353","0.0969828"
"1974582353","2131049870","1.59918"
"2131049870","1974582353","1.59918"
"1974582353","2136251160","0.688064"
"2136251160","1974582353","0.688064"
"1974582353","2171989150","0.205869"
"2171989150","1974582353","0.205869"
"1974582353","2188419760","3.83757"
"2188419760","1974582353","3.83757"
"1974582353","2206638789","0.423906"
"2206638789","1974582353","0.423906"
"1974582353","2278313001","0.496888"
"2278313001","1974582353","0.496888"
"1974582353","2744167993","4.16106"
"2744167993","1974582353","4.16106"
"1974582353","287654039","0.155806"
"287654039","1974582353","0.155806"
"2021609673","2045315514","1.97945"
"2045315514","2021609673","1.97945"
"2021609673","2049794366","1.79661"
"2049794366","2021609673","1.79661"
"2021609673","2070487427","0.645627"
"2070487427","2021609673","0.645627"
"2021609673","2086625107","0.363265"
"2086625107","2021609673","0.363265"
"2021609673","2122260893","0.723925"
"2122260893","2021609673","0.723925"
"2021609673","2125335232","0.276789"
"2125335232","2021609673","0.276789"
"2021609673","2131049870","4.80521"
"2131049870","2021609673","4.80521"
"2021609673","2136251160","8.74814"
"2136251160","2021609673","8.74814"
"2021609673","2171989150","0.183655"
"2171989150","2021609673","0.183655"
"2021609673","2188419760","1.02155"
"2188419760","2021609673","1.02155"
"2021609673","2206638789","0.122624"
"2206638789","2021609673","0.122624"
"2021609673","2278313001","2.32669"
"2278313001","2021609673","2.32669"
"2021609673","2744167993","4.51089"
"2744167993","2021609673","4.51089"
"2021609673","287654039","1.10506"
"287654039","2021609673","1.10506"
"2045315514","2049794366","2.77173"
"2049794366","2045315514","2.77173"
"2045315514","2070487427","2.14131"
"2070487427","2045315514","2.14131"
"2045315514","2086625107","0.606123"
"2086625107","2045315514","0.606123"
"2045315514","2122260893","0.323925"
"2122260893","2045315514","0.323925"
"2045315514","2125335232","0.532344"
"2125335232","2045315514","0.532344"
"2045315514","2131049870","1.27326"
"2131049870","2045315514","1.27326"
"2045315514","2136251160","3.27528"
"2136251160","2045315514","3.27528"
"2045315514","2171989150","0.30171"
"2171989150","2045315514","0.30171"
"2045315514","2188419760","0.238215"
"2188419760","2045315514","0.238215"
"2045315514","2206638789","0.222624"
"2206638789","2045315514","0.222624"
"2045315514","2278313001","1.13037"
"2278313001","2045315514","1.13037"
"2045315514","2744167993","0.243732"
"2744167993","2045315514","0.243732"
"2045315514","287654039","0.578036"
"287654039","2045315514","0.578036"
"2049794366","2070487427","1.90228"
"2070487427","2049794366","1.90228"
"2049794366","2086625107","0.622356"
"2086625107","2049794366","0.622356"
"2049794366","2122260893","0.448925"
"2122260893","2049794366","0.448925"
"2049794366","2125335232","0.591168"
"2125335232","2049794366","0.591168"
"2049794366","2131049870","1.21201"
"2131049870","2049794366","1.21201"
"2049794366","2136251160","2.50445"
"2136251160","2049794366","2.50445"
"2049794366","2171989150","0.298034"
"2171989150","2049794366","0.298034"
"2049794366","2188419760","0.521549"
"2188419760","2049794366","0.521549"
"2049794366","2206638789","0.222624"
"2206638789","2049794366","0.222624"
"2049794366","2278313001","1.16003"
"2278313001","2049794366","1.16003"
"2049794366","2744167993","0.510889"
"2744167993","2049794366","0.510889"
"2049794366","287654039","0.585612"
"287654039","2049794366","0.585612"
"2070487427","2086625107","0.404442"
"2086625107","2070487427","0.404442"
"2070487427","2122260893","0.323925"
"2122260893","2070487427","0.323925"
"2070487427","2125335232","0.734025"
"2125335232","2070487427","0.734025"
"2070487427","2131049870","0.991121"
"2131049870","2070487427","0.991121"
"2070487427","2136251160","1.07598"
"2136251160","2070487427","1.07598"
"2070487427","2171989150","0.360534"
"2171989150","2070487427","0.360534"
"2070487427","2188419760","0.238215"
"2188419760","2070487427","0.238215"
"2070487427","2206638789","0.222624"
"2206638789","2070487427","0.222624"
"2070487427","2278313001","0.65488"
"2278313001","2070487427","0.65488"
"2070487427","2744167993","0.38659"
"2744167993","2070487427","0.38659"
"2070487427","287654039","0.18588"
"287654039","2070487427","0.18588"
"2086625107","2122260893","0.196983"
"2122260893","2086625107","0.196983"
"2086625107","2125335232","0.213533"
"2125335232","2086625107","0.213533"
"2086625107","2131049870","0.463266"
"2131049870","2086625107","0.463266"
"2086625107","2136251160","0.463266"
"2136251160","2086625107","0.463266"
"2086625107","2171989150","0.088141"
"2171989150","2086625107","0.088141"
"2086625107","2188419760","0.122624"
"2188419760","2086625107","0.122624"
"2086625107","2206638789","0.222624"
"2206638789","2086625107","0.222624"
"2086625107","2278313001","0.372356"
"2278313001","2086625107","0.372356"
"2086625107","2744167993","0.088141"
"2744167993","2086625107","0.088141"
"2086625107","287654039","0.431447"
"287654039","2086625107","0.431447"
"2122260893","2125335232","0.120239"
"2125335232","2122260893","0.120239"
"2122260893","2131049870","2.18504"
"2131049870","2122260893","2.18504"
"2122260893","2136251160","0.573925"
"2136251160","2122260893","0.573925"
"2122260893","2171989150","0.229125"
"2171989150","2122260893","0.229125"
"2122260893","2188419760","1.08757"
"2188419760","2122260893","1.08757"
"2122260893","2206638789","0.196983"
"2206638789","2122260893","0.196983"
"2122260893","2278313001","1.0025"
"2278313001","2122260893","1.0025"
"2122260893","2744167993","0.205869"
"2744167993","2122260893","0.205869"
"2122260893","287654039","0.120239"
"287654039","2122260893","0.120239"
"2125335232","2131049870","1.63402"
"2131049870","2125335232","1.63402"
"2125335232","2136251160","0.419646"
"2136251160","2125335232","0.419646"
"2125335232","2171989150","0.265776"
"2171989150","2125335232","0.265776"
"2125335232","2188419760","0.122624"
"2188419760","2125335232","0.122624"
"2125335232","2206638789","0.122624"
"2206638789","2125335232","0.122624"
"2125335232","2278313001","0.376789"
"2278313001","2125335232","0.376789"
"2125335232","2744167993","0.270998"
"2744167993","2125335232","0.270998"
"2125335232","287654039","0.18588"
"287654039","2125335232","0.18588"
"2131049870","2136251160","2.72842"
"2136251160","2131049870","2.72842"
"2131049870","2171989150","1.91643"
"2171989150","2131049870","1.91643"
"2131049870","2188419760","1.27988"
"2188419760","2131049870","1.27988"
"2131049870","2206638789","0.222624"
"2206638789","2131049870","0.222624"
"2131049870","2278313001","1.38037"
"2278313001","2131049870","1.38037"
"2131049870","2744167993","0.414367"
"2744167993","2131049870","0.414367"
"2131049870","287654039","0.244703"
"287654039","2131049870","0.244703"
"2136251160","2171989150","0.246155"
"2171989150","2136251160","0.246155"
"2136251160","2188419760","1.12988"
"2188419760","2136251160","1.12988"
"2136251160","2206638789","0.222624"
"2206638789","2136251160","0.222624"
"2136251160","2278313001","2.74704"
"2278313001","2136251160","2.74704"
"2136251160","2744167993","0.578256"
"2744167993","2136251160","0.578256"
"2136251160","287654039","0.646723"
"287654039","2136251160","0.646723"
"2171989150","2188419760","0.120399"
"2188419760","2171989150","0.120399"
"2171989150","2206638789","0.088141"
"2206638789","2171989150","0.088141"
"2171989150","2278313001","0.246155"
"2278313001","2171989150","0.246155"
"2171989150","2744167993","0.27151"
"2744167993","2171989150","0.27151"
"2171989150","287654039","0.151397"
"287654039","2171989150","0.151397"
"2188419760","2206638789","0.122624"
"2206638789","2188419760","0.122624"
"2188419760","2278313001","0.629882"
"2278313001","2188419760","0.629882"
"2188419760","2744167993","0.353732"
"2744167993","2188419760","0.353732"
"2188419760","287654039","0.122624"
"287654039","2188419760","0.122624"
"2206638789","2278313001","0.222624"
"2278313001","2206638789","0.222624"
"2206638789","2744167993","1.31506"
"2744167993","2206638789","1.31506"
"2206638789","287654039","0.122624"
"287654039","2206638789","0.122624"
"2278313001","2744167993","0.369223"
"2744167993","2278313001","0.369223"
"2278313001","287654039","0.444703"
"287654039","2278313001","0.444703"
"2744167993","287654039","0.128141"
"287654039","2744167993","0.128141"
"1205839182","1560480205","0.267203"
"1560480205","1205839182","0.267203"
"1205839182","206801682","0.150641"
"206801682","1205839182","0.150641"
"1205839182","2068212002","5.35027"
"2068212002","1205839182","5.35027"
"1205839182","2749627623","0.125"
"2749627623","1205839182","0.125"
"1560480205","2021609673","0.850536"
"2021609673","1560480205","0.850536"
"1560480205","2049794366","0.350536"
"2049794366","1560480205","0.350536"
"1560480205","206801682","0.233974"
"206801682","1560480205","0.233974"
"1560480205","2068212002","2.49339"
"2068212002","1560480205","2.49339"
"1560480205","2136251160","1.00124"
"2136251160","1560480205","1.00124"
"1560480205","2744167993","0.502322"
"2744167993","1560480205","0.502322"
"1560480205","2749627623","0.125"
"2749627623","1560480205","0.125"
"2021609673","206801682","0.233974"
"206801682","2021609673","0.233974"
"2021609673","2068212002","1.75753"
"2068212002","2021609673","1.75753"
"2021609673","2749627623","1.125"
"2749627623","2021609673","1.125"
"2049794366","206801682","0.233974"
"206801682","2049794366","0.233974"
"2049794366","2068212002","0.566618"
"2068212002","2049794366","0.566618"
"2049794366","2749627623","0.125"
"2749627623","2049794366","0.125"
"206801682","2068212002","0.233974"
"2068212002","206801682","0.233974"
"206801682","2136251160","0.233974"
"2136251160","206801682","0.233974"
"206801682","2744167993","0.233974"
"2744167993","206801682","0.233974"
"206801682","2749627623","0.125"
"2749627623","206801682","0.125"
"2068212002","2136251160","2.54989"
"2136251160","2068212002","2.54989"
"2068212002","2744167993","0.467913"
"2744167993","2068212002","0.467913"
"2068212002","2749627623","0.125"
"2749627623","2068212002","0.125"
"2136251160","2749627623","0.125"
"2749627623","2136251160","0.125"
"2744167993","2749627623","2.39359"
"2749627623","2744167993","2.39359"
"1205839182","2072788191","0.39772"
"2072788191","1205839182","0.39772"
"2049794366","2072788191","1.22752"
"2072788191","2049794366","1.22752"
"2072788191","2086625107","0.425374"
"2086625107","2072788191","0.425374"
"2072788191","287654039","0.39772"
"287654039","2072788191","0.39772"
"2045315514","2068212002","4.70704"
"2068212002","2045315514","4.70704"
"1205839182","1810133334","0.5"
"1810133334","1205839182","0.5"
"1810133334","2068212002","0.732258"
"2068212002","1810133334","0.732258"
"1205839182","1508555959","0.333333"
"1508555959","1205839182","0.333333"
"1508555959","2137062275","1.33333"
"2137062275","1508555959","1.33333"
"1508555959","287654039","0.333333"
"287654039","1508555959","0.333333"
"1205839182","1655235085","1.26478"
"1655235085","1205839182","1.26478"
"1205839182","2092918476","0.675374"
"2092918476","1205839182","0.675374"
"1205839182","2144113226","0.0844646"
"2144113226","1205839182","0.0844646"
"1205839182","2156241548","0.564779"
"2156241548","1205839182","0.564779"
"1205839182","2287479024","0.14772"
"2287479024","1205839182","0.14772"
"1586940685","1655235085","0.419818"
"1655235085","1586940685","0.419818"
"1586940685","1974582353","0.268422"
"1974582353","1586940685","0.268422"
"1586940685","2021609673","0.339461"
"2021609673","1586940685","0.339461"
"1586940685","2045315514","0.419818"
"2045315514","1586940685","0.419818"
"1586940685","2049794366","0.270017"
"2049794366","1586940685","0.270017"
"1586940685","2068212002","0.374461"
"2068212002","1586940685","0.374461"
"1586940685","2072788191","0.14772"
"2072788191","1586940685","0.14772"
"1586940685","2086625107","0.261804"
"2086625107","1586940685","0.261804"
"1586940685","2092918476","0.316723"
"2092918476","1586940685","0.316723"
"1586940685","2131049870","0.97175"
"2131049870","1586940685","0.97175"
"1586940685","2136251160","0.276961"
"2136251160","1586940685","0.276961"
"1586940685","2144113226","0.45958"
"2144113226","1586940685","0.45958"
"1586940685","2156241548","0.276961"
"2156241548","1586940685","0.276961"
"1586940685","2278313001","0.276961"
"2278313001","1586940685","0.276961"
"1586940685","2287479024","0.179978"
"2287479024","1586940685","0.179978"
"1655235085","1974582353","0.885088"
"1974582353","1655235085","0.885088"
"1655235085","2021609673","1.80461"
"2021609673","1655235085","1.80461"
"1655235085","2045315514","3.67093"
"2045315514","1655235085","3.67093"
"1655235085","2049794366","1.56683"
"2049794366","1655235085","1.56683"
"1655235085","2068212002","1.79037"
"2068212002","1655235085","1.79037"
"1655235085","2072788191","0.27272"
"2072788191","1655235085","0.27272"
"1655235085","2086625107","0.352714"
"2086625107","1655235085","0.352714"
"1655235085","2092918476","0.116723"
"2092918476","1655235085","0.116723"
"1655235085","2131049870","0.776694"
"2131049870","1655235085","0.776694"
"1655235085","2136251160","1.39211"
"2136251160","1655235085","1.39211"
"1655235085","2144113226","0.926246"
"2144113226","1655235085","0.926246"
"1655235085","2156241548","3.02808"
"2156241548","1655235085","3.02808"
"1655235085","2278313001","0.735295"
"2278313001","1655235085","0.735295"
"1655235085","2287479024","0.404978"
"2287479024","1655235085","0.404978"
"1655235085","287654039","0.515536"
"287654039","1655235085","0.515536"
"1974582353","2068212002","0.476055"
"2068212002","1974582353","0.476055"
"1974582353","2072788191","0.0588235"
"2072788191","1974582353","0.0588235"
"1974582353","2092918476","0.0910816"
"2092918476","1974582353","0.0910816"
"1974582353","2144113226","0.233939"
"2144113226","1974582353","0.233939"
"1974582353","2156241548","0.492231"
"2156241548","1974582353","0.492231"
"1974582353","2287479024","0.0910816"
"2287479024","1974582353","0.0910816"
"2021609673","2072788191","0.238629"
"2072788191","2021609673","0.238629"
"2021609673","2092918476","0.207632"
"2092918476","2021609673","0.207632"
"2021609673","2144113226","0.116723"
"2144113226","2021609673","0.116723"
"2021609673","2156241548","0.676041"
"2156241548","2021609673","0.676041"
"2021609673","2287479024","0.270888"
"2287479024","2021609673","0.270888"
"2045315514","2072788191","0.419185"
"2072788191","2045315514","0.419185"
"2045315514","2092918476","0.116723"
"2092918476","2045315514","0.116723"
"2045315514","2144113226","0.926246"
"2144113226","2045315514","0.926246"
"2045315514","2156241548","3.23839"
"2156241548","2045315514","3.23839"
"2045315514","2287479024","0.551443"
"2287479024","2045315514","0.551443"
"2049794366","2092918476","0.207632"
"2092918476","2049794366","0.207632"
"2049794366","2144113226","0.116723"
"2144113226","2049794366","0.116723"
"2049794366","2156241548","1.51832"
"2156241548","2049794366","1.51832"
"2049794366","2287479024","1.10978"
"2287479024","2049794366","1.10978"
"2068212002","2072788191","0.10772"
"2072788191","2068212002","0.10772"
"2068212002","2086625107","0.209856"
"2086625107","2068212002","0.209856"
"2068212002","2092918476","0.616723"
"2092918476","2068212002","0.616723"
"2068212002","2131049870","0.533227"
"2131049870","2068212002","0.533227"
"2068212002","2144113226","1.31672"
"2144113226","2068212002","1.31672"
"2068212002","2156241548","1.31656"
"2156241548","2068212002","1.31656"
"2068212002","2278313001","0.933285"
"2278313001","2068212002","0.933285"
"2068212002","2287479024","0.139978"
"2287479024","2068212002","0.139978"
"2068212002","287654039","0.342203"
"287654039","2068212002","0.342203"
"2072788191","2092918476","0.0844646"
"2092918476","2072788191","0.0844646"
"2072788191","2131049870","0.419185"
"2131049870","2072788191","0.419185"
"2072788191","2136251160","0.488629"
"2136251160","2072788191","0.488629"
"2072788191","2144113226","0.0844646"
"2144113226","2072788191","0.0844646"
"2072788191","2156241548","0.328276"
"2156241548","2072788191","0.328276"
"2072788191","2278313001","0.363629"
"2278313001","2072788191","0.363629"
"2072788191","2287479024","0.977518"
"2287479024","2072788191","0.977518"
"2086625107","2092918476","0.0844646"
"2092918476","2086625107","0.0844646"
"2086625107","2144113226","0.227322"
"2144113226","2086625107","0.227322"
"2086625107","2156241548","0.209856"
"2156241548","2086625107","0.209856"
"2086625107","2287479024","0.175374"
"2287479024","2086625107","0.175374"
"2092918476","2131049870","0.116723"
"2131049870","2092918476","0.116723"
"2092918476","2136251160","0.207632"
"2136251160","2092918476","0.207632"
"2092918476","2144113226","0.116723"
"2144113226","2092918476","0.116723"
"2092918476","2156241548","0.116723"
"2156241548","2092918476","0.116723"
"2092918476","2278313001","0.116723"
"2278313001","2092918476","0.116723"
"2092918476","2287479024","0.116723"
"2287479024","2092918476","0.116723"
"2092918476","287654039","0.175374"
"287654039","2092918476","0.175374"
"2131049870","2144113226","0.116723"
"2144113226","2131049870","0.116723"
"2131049870","2156241548","0.737712"
"2156241548","2131049870","0.737712"
"2131049870","2287479024","0.451443"
"2287479024","2131049870","0.451443"
"2136251160","2144113226","0.116723"
"2144113226","2136251160","0.116723"
"2136251160","2156241548","1.0064"
"2156241548","2136251160","1.0064"
"2136251160","2287479024","0.520888"
"2287479024","2136251160","0.520888"
"2144113226","2156241548","0.783389"
"2156241548","2144113226","0.783389"
"2144113226","2278313001","0.116723"
"2278313001","2144113226","0.116723"
"2144113226","2287479024","0.116723"
"2287479024","2144113226","0.116723"
"2144113226","287654039","0.0844646"
"287654039","2144113226","0.0844646"
"2156241548","2278313001","0.585295"
"2278313001","2156241548","0.585295"
"2156241548","2287479024","0.460534"
"2287479024","2156241548","0.460534"
"2156241548","287654039","0.182203"
"287654039","2156241548","0.182203"
"2278313001","2287479024","0.395888"
"2287479024","2278313001","0.395888"
"2287479024","287654039","0.14772"
"287654039","2287479024","0.14772"
"1205839182","2145485370","0.25"
"2145485370","1205839182","0.25"
"1205839182","2169627230","0.25"
"2169627230","1205839182","0.25"
"2068212002","2145485370","0.25"
"2145485370","2068212002","0.25"
"2068212002","2169627230","0.25"
"2169627230","2068212002","0.25"
"2136251160","2145485370","0.25"
"2145485370","2136251160","0.25"
"2136251160","2169627230","0.25"
"2169627230","2136251160","0.25"
"2145485370","2169627230","14.3429"
"2169627230","2145485370","14.3429"
"1205839182","2595951082","0.309215"
"2595951082","1205839182","0.309215"
"1974582353","2595951082","0.218306"
"2595951082","1974582353","0.218306"
"2068212002","2122260893","0.214997"
"2122260893","2068212002","0.214997"
"2068212002","2188419760","0.300715"
"2188419760","2068212002","0.300715"
"2068212002","2595951082","0.218306"
"2595951082","2068212002","0.218306"
"2122260893","2595951082","0.159483"
"2595951082","2122260893","0.159483"
"2131049870","2595951082","1.90164"
"2595951082","2131049870","1.90164"
"2136251160","2595951082","0.341301"
"2595951082","2136251160","0.341301"
"2188419760","2595951082","0.284483"
"2595951082","2188419760","0.284483"
"2278313001","2595951082","0.318306"
"2595951082","2278313001","0.318306"
"1205839182","2071736430","0.420081"
"2071736430","1205839182","0.420081"
"1496631244","2071736430","1.53675"
"2071736430","1496631244","1.53675"
"1522469309","2071736430","0.731192"
"2071736430","1522469309","0.731192"
"1586940685","2071736430","2.87008"
"2071736430","1586940685","2.87008"
"2071736430","2123203354","2.27008"
"2123203354","2071736430","2.27008"
"2071736430","2137062275","1.59389"
"2137062275","2071736430","1.59389"
"2071736430","287654039","0.420081"
"287654039","2071736430","0.420081"
"1205839182","2086738227","0.2"
"2086738227","1205839182","0.2"
"1655235085","2086738227","0.2"
"2086738227","1655235085","0.2"
"2021609673","2086738227","0.2"
"2086738227","2021609673","0.2"
"2068212002","2086738227","0.2"
"2086738227","2068212002","0.2"
"2086738227","2136251160","0.2"
"2136251160","2086738227","0.2"
"1205839182","1482635267","0.0344828"
"1482635267","1205839182","0.0344828"
"1205839182","1484287044","0.12338"
"1484287044","1205839182","0.12338"
"1205839182","1602179536","0.0577386"
"1602179536","1205839182","0.0577386"
"1205839182","1833916443","0.0577386"
"1833916443","1205839182","0.0577386"
"1205839182","2049458331","0.100124"
"2049458331","1205839182","0.100124"
"1205839182","2077019270","0.0744828"
"2077019270","1205839182","0.0744828"
"1205839182","2128111355","0.0577386"
"2128111355","1205839182","0.0577386"
"1205839182","2148815118","0.0344828"
"2148815118","1205839182","0.0344828"
"1205839182","2578337619","0.377348"
"2578337619","1205839182","0.377348"
"1482635267","1484287044","0.256705"
"1484287044","1482635267","0.256705"
"1482635267","1560480205","0.0344828"
"1560480205","1482635267","0.0344828"
"1482635267","1586940685","0.233407"
"1586940685","1482635267","0.233407"
"1482635267","1602179536","0.466741"
"1602179536","1482635267","0.466741"
"1482635267","1655235085","0.0667408"
"1655235085","1482635267","0.0667408"
"1482635267","1833916443","0.466741"
"1833916443","1482635267","0.466741"
"1482635267","1974582353","0.0667408"
"1974582353","1482635267","0.0667408"
"1482635267","2021609673","0.0667408"
"2021609673","1482635267","0.0667408"
"1482635267","2045315514","0.0667408"
"2045315514","1482635267","0.0667408"
"1482635267","2049458331","0.0667408"
"2049458331","1482635267","0.0667408"
"1482635267","2049794366","0.288963"
"2049794366","1482635267","0.288963"
"1482635267","2068212002","0.0667408"
"2068212002","1482635267","0.0667408"
"1482635267","2070487427","0.122296"
"2070487427","1482635267","0.122296"
"1482635267","2077019270","0.0344828"
"2077019270","1482635267","0.0344828"
"1482635267","2086625107","0.0344828"
"2086625107","1482635267","0.0344828"
"1482635267","2122260893","0.0667408"
"2122260893","1482635267","0.0667408"
"1482635267","2125335232","0.0344828"
"2125335232","1482635267","0.0344828"
"1482635267","2128111355","0.156705"
"2128111355","1482635267","0.156705"
"1482635267","2131049870","0.0667408"
"2131049870","1482635267","0.0667408"
"1482635267","2136251160","0.15765"
"2136251160","1482635267","0.15765"
"1482635267","2148815118","0.466741"
"2148815118","1482635267","0.466741"
"1482635267","2156241548","0.0667408"
"2156241548","1482635267","0.0667408"
"1482635267","2188419760","0.0667408"
"2188419760","1482635267","0.0667408"
"1482635267","2206638789","0.0344828"
"2206638789","1482635267","0.0344828"
"1482635267","2278313001","0.0667408"
"2278313001","1482635267","0.0667408"
"1482635267","2578337619","0.0344828"
"2578337619","1482635267","0.0344828"
"1482635267","2595951082","0.0344828"
"2595951082","1482635267","0.0344828"
"1482635267","287654039","0.0344828"
"287654039","1482635267","0.0344828"
"1484287044","1560480205","0.0833796"
"1560480205","1484287044","0.0833796"
"1484287044","1586940685","0.241435"
"1586940685","1484287044","0.241435"
"1484287044","1602179536","0.488148"
"1602179536","1484287044","0.488148"
"1484287044","1655235085","0.497335"
"1655235085","1484287044","0.497335"
"1484287044","1833916443","0.559577"
"1833916443","1484287044","0.559577"
"1484287044","1974582353","0.0344828"
"1974582353","1484287044","0.0344828"
"1484287044","2021609673","0.12338"
"2021609673","1484287044","0.12338"
"1484287044","2045315514","0.494067"
"2045315514","1484287044","0.494067"
"1484287044","2049458331","0.152755"
"2049458331","1484287044","0.152755"
"1484287044","2049794366","1.01261"
"2049794366","1484287044","1.01261"
"1484287044","2068212002","0.0833796"
"2068212002","1484287044","0.0833796"
"1484287044","2070487427","0.808446"
"2070487427","1484287044","0.808446"
"1484287044","2077019270","0.285938"
"2077019270","1484287044","0.285938"
"1484287044","2086625107","0.0601238"
"2086625107","1484287044","0.0601238"
"1484287044","2122260893","0.0577386"
"2122260893","1484287044","0.0577386"
"1484287044","2125335232","0.437759"
"2125335232","1484287044","0.437759"
"1484287044","2128111355","0.337354"
"2128111355","1484287044","0.337354"
"1484287044","2131049870","0.400259"
"2131049870","1484287044","0.400259"
"1484287044","2136251160","0.18588"
"2136251160","1484287044","0.18588"
"1484287044","2148815118","0.523716"
"2148815118","1484287044","0.523716"
"1484287044","2156241548","0.494067"
"2156241548","1484287044","0.494067"
"1484287044","2188419760","0.0601238"
"2188419760","1484287044","0.0601238"
"1484287044","2206638789","0.0601238"
"2206638789","1484287044","0.0601238"
"1484287044","2278313001","0.28588"
"2278313001","1484287044","0.28588"
"1484287044","2578337619","0.12338"
"2578337619","1484287044","0.12338"
"1484287044","2595951082","0.193306"
"2595951082","1484287044","0.193306"
"1484287044","287654039","0.12338"
"287654039","1484287044","0.12338"
"1560480205","1586940685","0.0833796"
"1586940685","1560480205","0.0833796"
"1560480205","1602179536","0.0577386"
"1602179536","1560480205","0.0577386"
"1560480205","1655235085","0.150046"
"1655235085","1560480205","0.150046"
"1560480205","1833916443","0.0577386"
"1833916443","1560480205","0.0577386"
"1560480205","1974582353","0.0933063"
"1974582353","1560480205","0.0933063"
"1560480205","2045315514","0.166713"
"2045315514","1560480205","0.166713"
"1560480205","2049458331","0.12679"
"2049458331","1560480205","0.12679"
"1560480205","2070487427","0.30957"
"2070487427","1560480205","0.30957"
"1560480205","2077019270","0.0344828"
"2077019270","1560480205","0.0344828"
"1560480205","2086625107","0.0601238"
"2086625107","1560480205","0.0601238"
"1560480205","2122260893","0.0577386"
"2122260893","1560480205","0.0577386"
"1560480205","2125335232","0.226237"
"2125335232","1560480205","0.226237"
"1560480205","2128111355","0.0577386"
"2128111355","1560480205","0.0577386"
"1560480205","2131049870","0.226237"
"2131049870","1560480205","0.226237"
"1560480205","2148815118","0.0344828"
"2148815118","1560480205","0.0344828"
"1560480205","2156241548","0.30957"
"2156241548","1560480205","0.30957"
"1560480205","2188419760","0.210124"
"2188419760","1560480205","0.210124"
"1560480205","2206638789","0.0601238"
"2206638789","1560480205","0.0601238"
"1560480205","2278313001","0.292203"
"2278313001","1560480205","0.292203"
"1560480205","2578337619","0.150046"
"2578337619","1560480205","0.150046"
"1560480205","2595951082","1.09331"
"2595951082","1560480205","1.09331"
"1560480205","287654039","0.0833796"
"287654039","1560480205","0.0833796"
"1586940685","1602179536","0.309295"
"1602179536","1586940685","0.309295"
"1586940685","1833916443","0.434295"
"1833916443","1586940685","0.434295"
"1586940685","2049458331","0.132382"
"2049458331","1586940685","0.132382"
"1586940685","2070487427","0.273693"
"2070487427","1586940685","0.273693"
"1586940685","2077019270","0.199483"
"2077019270","1586940685","0.199483"
"1586940685","2122260893","0.0899966"
"2122260893","1586940685","0.0899966"
"1586940685","2125335232","1.12338"
"2125335232","1586940685","1.12338"
"1586940685","2128111355","0.290926"
"2128111355","1586940685","0.290926"
"1586940685","2148815118","0.702706"
"2148815118","1586940685","0.702706"
"1586940685","2188419760","0.217382"
"2188419760","1586940685","0.217382"
"1586940685","2206638789","0.0601238"
"2206638789","1586940685","0.0601238"
"1586940685","2578337619","0.266237"
"2578337619","1586940685","0.266237"
"1586940685","2595951082","0.492816"
"2595951082","1586940685","0.492816"
"1602179536","1655235085","0.653739"
"1655235085","1602179536","0.653739"
"1602179536","1833916443","3.47502"
"1833916443","1602179536","3.47502"
"1602179536","1974582353","0.0667408"
"1974582353","1602179536","0.0667408"
"1602179536","2021609673","0.161425"
"2021609673","1602179536","0.161425"
"1602179536","2045315514","0.269612"
"2045315514","1602179536","0.269612"
"1602179536","2049458331","0.190801"
"2049458331","1602179536","0.190801"
"1602179536","2049794366","0.591835"
"2049794366","1602179536","0.591835"
"1602179536","2068212002","0.0899966"
"2068212002","1602179536","0.0899966"
"1602179536","2070487427","0.636279"
"2070487427","1602179536","0.636279"
"1602179536","2077019270","1.89823"
"2077019270","1602179536","1.89823"
"1602179536","2086625107","0.0344828"
"2086625107","1602179536","0.0344828"
"1602179536","2122260893","0.328092"
"2122260893","1602179536","0.328092"
"1602179536","2125335232","0.113294"
"2125335232","1602179536","0.113294"
"1602179536","2128111355","1.8761"
"2128111355","1602179536","1.8761"
"1602179536","2131049870","0.269612"
"2131049870","1602179536","0.269612"
"1602179536","2136251160","0.161425"
"2136251160","1602179536","0.161425"
"1602179536","2148815118","2.30177"
"2148815118","1602179536","2.30177"
"1602179536","2156241548","0.269612"
"2156241548","1602179536","0.269612"
"1602179536","2188419760","0.0667408"
"2188419760","1602179536","0.0667408"
"1602179536","2206638789","0.0344828"
"2206638789","1602179536","0.0344828"
"1602179536","2278313001","0.0899966"
"2278313001","1602179536","0.0899966"
"1602179536","2578337619","0.0577386"
"2578337619","1602179536","0.0577386"
"1602179536","2595951082","0.0344828"
"2595951082","1602179536","0.0344828"
"1602179536","287654039","0.0577386"
"287654039","1602179536","0.0577386"
"1655235085","1833916443","0.653739"
"1833916443","1655235085","0.653739"
"1655235085","2049458331","0.342589"
"2049458331","1655235085","0.342589"
"1655235085","2070487427","3.04752"
"2070487427","1655235085","3.04752"
"1655235085","2077019270","0.697049"
"2077019270","1655235085","0.697049"
"1655235085","2122260893","0.0899966"
"2122260893","1655235085","0.0899966"
"1655235085","2125335232","0.382203"
"2125335232","1655235085","0.382203"
"1655235085","2128111355","0.621481"
"2128111355","1655235085","0.621481"
"1655235085","2148815118","0.289307"
"2148815118","1655235085","0.289307"
"1655235085","2188419760","0.159049"
"2188419760","1655235085","0.159049"
"1655235085","2206638789","0.0601238"
"2206638789","1655235085","0.0601238"
"1655235085","2578337619","0.280955"
"2578337619","1655235085","0.280955"
"1655235085","2595951082","0.284215"
"2595951082","1655235085","0.284215"
"1833916443","1974582353","0.0667408"
"1974582353","1833916443","0.0667408"
"1833916443","2021609673","0.161425"
"2021609673","1833916443","0.161425"
"1833916443","2045315514","0.269612"
"2045315514","1833916443","0.269612"
"1833916443","2049458331","0.190801"
"2049458331","1833916443","0.190801"
"1833916443","2049794366","0.591835"
"2049794366","1833916443","0.591835"
"1833916443","2068212002","0.0899966"
"2068212002","1833916443","0.0899966"
"1833916443","2070487427","0.636279"
"2070487427","1833916443","0.636279"
"1833916443","2077019270","2.35656"
"2077019270","1833916443","2.35656"
"1833916443","2086625107","0.0344828"
"2086625107","1833916443","0.0344828"
"1833916443","2122260893","0.328092"
"2122260893","1833916443","0.328092"
"1833916443","2125335232","0.113294"
"2125335232","1833916443","0.113294"
"1833916443","2128111355","2.90586"
"2128111355","1833916443","2.90586"
"1833916443","2131049870","0.269612"
"2131049870","1833916443","0.269612"
"1833916443","2136251160","0.161425"
"2136251160","1833916443","0.161425"
"1833916443","2148815118","2.30177"
"2148815118","1833916443","2.30177"
"1833916443","2156241548","0.269612"
"2156241548","1833916443","0.269612"
"1833916443","2188419760","0.191741"
"2188419760","1833916443","0.191741"
"1833916443","2206638789","0.0344828"
"2206638789","1833916443","0.0344828"
"1833916443","2278313001","0.0899966"
"2278313001","1833916443","0.0899966"
"1833916443","2578337619","0.0577386"
"2578337619","1833916443","0.0577386"
"1833916443","2595951082","0.159483"
"2595951082","1833916443","0.159483"
"1833916443","287654039","0.0577386"
"287654039","1833916443","0.0577386"
"1974582353","2049458331","0.685331"
"2049458331","1974582353","0.685331"
"1974582353","2077019270","0.145594"
"2077019270","1974582353","0.145594"
"1974582353","2128111355","0.0344828"
"2128111355","1974582353","0.0344828"
"1974582353","2148815118","0.427852"
"2148815118","1974582353","0.427852"
"1974582353","2578337619","0.236406"
"2578337619","1974582353","0.236406"
"2021609673","2049458331","0.378053"
"2049458331","2021609673","0.378053"
"2021609673","2077019270","1.02448"
"2077019270","2021609673","1.02448"
"2021609673","2128111355","0.129167"
"2128111355","2021609673","0.129167"
"2021609673","2148815118","0.638169"
"2148815118","2021609673","0.638169"
"2021609673","2578337619","0.4504"
"2578337619","2021609673","0.4504"
"2021609673","2595951082","1.77512"
"2595951082","2021609673","1.77512"
"2045315514","2049458331","0.347351"
"2049458331","2045315514","0.347351"
"2045315514","2077019270","1.32711"
"2077019270","2045315514","1.32711"
"2045315514","2128111355","0.181799"
"2128111355","2045315514","0.181799"
"2045315514","2148815118","0.246357"
"2148815118","2045315514","0.246357"
"2045315514","2578337619","0.339289"
"2578337619","2045315514","0.339289"
"2045315514","2595951082","0.225392"
"2595951082","2045315514","0.225392"
"2049458331","2049794366","0.530684"
"2049794366","2049458331","0.530684"
"2049458331","2068212002","0.0923818"
"2068212002","2049458331","0.0923818"
"2049458331","2070487427","0.347351"
"2070487427","2049458331","0.347351"
"2049458331","2077019270","0.127114"
"2077019270","2049458331","0.127114"
"2049458331","2086625107","0.0601238"
"2086625107","2049458331","0.0601238"
"2049458331","2122260893","0.138169"
"2122260893","2049458331","0.138169"
"2049458331","2125335232","0.100124"
"2125335232","2049458331","0.100124"
"2049458331","2128111355","0.158543"
"2128111355","2049458331","0.158543"
"2049458331","2131049870","0.20381"
