"106960782","32065816","9.2"
"32065816","106960782","9.2"
"106960782","1917884304","1.08333"
"1917884304","106960782","1.08333"
"106960782","2095710322","2.75"
"2095710322","106960782","2.75"
"1917884304","2095710322","2.41667"
"2095710322","1917884304","2.41667"
"1917884304","32065816","4.91667"
"32065816","1917884304","4.91667"
"2095710322","32065816","7.12037"
"32065816","2095710322","7.12037"
"106960782","2067315836","7.61667"
"2067315836","106960782","7.61667"
"2067315836","2095710322","3.28704"
"2095710322","2067315836","3.28704"
"2067315836","32065816","3.98704"
"32065816","2067315836","3.98704"
"1917884304","2067315836","2.58333"
"2067315836","1917884304","2.58333"
"106960782","1973328636","0.45"
"1973328636","106960782","0.45"
"106960782","2021680759","0.95"
"2021680759","106960782","0.95"
"106960782","2046263206","0.95"
"2046263206","106960782","0.95"
"1973328636","2021680759","4.75169"
"2021680759","1973328636","4.75169"
"1973328636","2046263206","8.11836"
"2046263206","1973328636","8.11836"
"1973328636","2067315836","0.237037"
"2067315836","1973328636","0.237037"
"1973328636","32065816","1.2787"
"32065816","1973328636","1.2787"
"2021680759","2046263206","24.4695"
"2046263206","2021680759","24.4695"
"2021680759","2067315836","0.237037"
"2067315836","2021680759","0.237037"
"2021680759","32065816","0.778704"
"32065816","2021680759","0.778704"
"2046263206","2067315836","0.237037"
"2067315836","2046263206","0.237037"
"2046263206","32065816","0.778704"
"32065816","2046263206","0.778704"
"19519474","2025069677","1.5"
"2025069677","19519474","1.5"
"19519474","2095629408","5.08333"
"2095629408","19519474","5.08333"
"2025069677","2095629408","2.5"
"2095629408","2025069677","2.5"
"19519474","2724606249","0.333333"
"2724606249","19519474","0.333333"
"19519474","2946009226","0.333333"
"2946009226","19519474","0.333333"
"2095629408","2724606249","0.333333"
"2724606249","2095629408","0.333333"
"2095629408","2946009226","0.333333"
"2946009226","2095629408","0.333333"
"2724606249","2946009226","30.0182"
"2946009226","2724606249","30.0182"
"19519474","2238078713","0.25"
"2238078713","19519474","0.25"
"19519474","2598631485","0.25"
"2598631485","19519474","0.25"
"19519474","2789476037","0.25"
"2789476037","19519474","0.25"
"2095629408","2238078713","0.25"
"2238078713","2095629408","0.25"
"2095629408","2598631485","0.25"
"2598631485","2095629408","0.25"
"2095629408","2789476037","0.25"
"2789476037","2095629408","0.25"
"2238078713","2598631485","3.84683"
"2598631485","2238078713","3.84683"
"2238078713","2789476037","3.69042"
"2789476037","2238078713","3.69042"
"2598631485","2789476037","6.89683"
"2789476037","2598631485","6.89683"
"1973328636","1997650168","0.242165"
"1997650168","1973328636","0.242165"
"1973328636","2042124591","1.74217"
"2042124591","1973328636","1.74217"
"1973328636","2133351258","0.166667"
"2133351258","1973328636","0.166667"
"1973328636","2145700761","4.86204"
"2145700761","1973328636","4.86204"
"1973328636","2619825482","0.613462"
"2619825482","1973328636","0.613462"
"1997650168","2021680759","0.242165"
"2021680759","1997650168","0.242165"
"1997650168","2042124591","1.10605"
"2042124591","1997650168","1.10605"
"1997650168","2133351258","0.166667"
"2133351258","1997650168","0.166667"
"1997650168","2145700761","0.564815"
"2145700761","1997650168","0.564815"
"1997650168","2619825482","0.633501"
"2619825482","1997650168","0.633501"
"2021680759","2042124591","1.24217"
"2042124591","2021680759","1.24217"
"2021680759","2133351258","0.166667"
"2133351258","2021680759","0.166667"
"2021680759","2145700761","5.42229"
"2145700761","2021680759","5.42229"
"2021680759","2619825482","0.413462"
"2619825482","2021680759","0.413462"
"2042124591","2133351258","0.257576"
"2133351258","2042124591","0.257576"
"2042124591","2145700761","0.502946"
"2145700761","2042124591","0.502946"
"2042124591","2619825482","1.23215"
"2619825482","2042124591","1.23215"
"2133351258","2145700761","0.257576"
"2145700761","2133351258","0.257576"
"2133351258","2619825482","0.257576"
"2619825482","2133351258","0.257576"
"2145700761","2619825482","1.62424"
"2619825482","2145700761","1.62424"
"1973328636","1988757916","0.0754986"
"1988757916","1973328636","0.0754986"
"1973328636","1989735066","0.325499"
"1989735066","1973328636","0.325499"
"1973328636","1989962588","0.358832"
"1989962588","1973328636","0.358832"
"1973328636","2007022086","0.450499"
"2007022086","1973328636","0.450499"
"1973328636","2009130747","2.71002"
"2009130747","1973328636","2.71002"
"1973328636","2014116953","0.200499"
"2014116953","1973328636","0.200499"
"1973328636","2027479172","0.218356"
"2027479172","1973328636","0.218356"
"1973328636","2030623303","0.325499"
"2030623303","1973328636","0.325499"
"1973328636","2030639530","0.0754986"
"2030639530","1973328636","0.0754986"
"1973328636","2056952837","0.181319"
"2056952837","1973328636","0.181319"
"1973328636","2107912893","0.0754986"
"2107912893","1973328636","0.0754986"
"1973328636","2117577756","0.658832"
"2117577756","1973328636","0.658832"
"1973328636","2120785548","0.218356"
"2120785548","1973328636","0.218356"
"1973328636","2138824333","0.450499"
"2138824333","1973328636","0.450499"
"1973328636","2138877737","0.0754986"
"2138877737","1973328636","0.0754986"
"1973328636","2238078713","0.408832"
"2238078713","1973328636","0.408832"
"1973328636","2407167388","0.450499"
"2407167388","1973328636","0.450499"
"1973328636","2577322449","0.0384615"
"2577322449","1973328636","0.0384615"
"1973328636","2580969380","1.03846"
"2580969380","1973328636","1.03846"
"1973328636","2724606249","0.0384615"
"2724606249","1973328636","0.0384615"
"1973328636","2946009226","0.0384615"
"2946009226","1973328636","0.0384615"
"1988757916","1989735066","1.40381"
"1989735066","1988757916","1.40381"
"1988757916","1989962588","0.953811"
"1989962588","1988757916","0.953811"
"1988757916","1997650168","1.50937"
"1997650168","1988757916","1.50937"
"1988757916","2007022086","0.28661"
"2007022086","1988757916","0.28661"
"1988757916","2009130747","0.152422"
"2009130747","1988757916","0.152422"
"1988757916","2014116953","0.208832"
"2014116953","1988757916","0.208832"
"1988757916","2021680759","0.652422"
"2021680759","1988757916","0.652422"
"1988757916","2027479172","1.20381"
"2027479172","1988757916","1.20381"
"1988757916","2030623303","1.90381"
"2030623303","1988757916","1.90381"
"1988757916","2030639530","1.34826"
"2030639530","1988757916","1.34826"
"1988757916","2042124591","15.3199"
"2042124591","1988757916","15.3199"
"1988757916","2046263206","0.152422"
"2046263206","1988757916","0.152422"
"1988757916","2056952837","1.19872"
"2056952837","1988757916","1.19872"
"1988757916","2107912893","0.792699"
"2107912893","1988757916","0.792699"
"1988757916","2117577756","0.787144"
"2117577756","1988757916","0.787144"
"1988757916","2120785548","0.903811"
"2120785548","1988757916","0.903811"
"1988757916","2138824333","0.28661"
"2138824333","1988757916","0.28661"
"1988757916","2138877737","0.792699"
"2138877737","1988757916","0.792699"
"1988757916","2238078713","0.202422"
"2238078713","1988757916","0.202422"
"1988757916","2407167388","0.314387"
"2407167388","1988757916","0.314387"
"1988757916","2577322449","0.115385"
"2577322449","1988757916","0.115385"
"1988757916","2580969380","0.0384615"
"2580969380","1988757916","0.0384615"
"1988757916","2619825482","0.58985"
"2619825482","1988757916","0.58985"
"1988757916","2724606249","0.115385"
"2724606249","1988757916","0.115385"
"1988757916","2946009226","0.115385"
"2946009226","1988757916","0.115385"
"1989735066","1989962588","1.49158"
"1989962588","1989735066","1.49158"
"1989735066","1997650168","1.1717"
"1997650168","1989735066","1.1717"
"1989735066","2007022086","0.94938"
"2007022086","1989735066","0.94938"
"1989735066","2009130747","0.0754986"
"2009130747","1989735066","0.0754986"
"1989735066","2014116953","0.64065"
"2014116953","1989735066","0.64065"
"1989735066","2021680759","0.0754986"
"2021680759","1989735066","0.0754986"
"1989735066","2027479172","0.941906"
"2027479172","1989735066","0.941906"
"1989735066","2030623303","2.71539"
"2030623303","1989735066","2.71539"
"1989735066","2030639530","1.83202"
"2030639530","1989735066","1.83202"
"1989735066","2042124591","1.51085"
"2042124591","1989735066","1.51085"
"1989735066","2046263206","0.0754986"
"2046263206","1989735066","0.0754986"
"1989735066","2056952837","0.0884615"
"2056952837","1989735066","0.0884615"
"1989735066","2107912893","1.03079"
"2107912893","1989735066","1.03079"
"1989735066","2117577756","1.00143"
"2117577756","1989735066","1.00143"
"1989735066","2120785548","1.07048"
"2120785548","1989735066","1.07048"
"1989735066","2138824333","0.889856"
"2138824333","1989735066","0.889856"
"1989735066","2138877737","1.60222"
"2138877737","1989735066","1.60222"
"1989735066","2238078713","0.196927"
"2238078713","1989735066","0.196927"
"1989735066","2407167388","1.17673"
"2407167388","1989735066","1.17673"
"1989735066","2577322449","0.0384615"
"2577322449","1989735066","0.0384615"
"1989735066","2580969380","1.18132"
"2580969380","1989735066","1.18132"
"1989735066","2619825482","4.22719"
"2619825482","1989735066","4.22719"
"1989735066","2724606249","0.347985"
"2724606249","1989735066","0.347985"
"1989735066","2946009226","0.0384615"
"2946009226","1989735066","0.0384615"
"1989962588","1997650168","1.57448"
"1997650168","1989962588","1.57448"
"1989962588","2007022086","2.63549"
"2007022086","1989962588","2.63549"
"1989962588","2009130747","0.358832"
"2009130747","1989962588","0.358832"
"1989962588","2014116953","0.751761"
"2014116953","1989962588","0.751761"
"1989962588","2021680759","0.416408"
"2021680759","1989962588","0.416408"
"1989962588","2027479172","1.32448"
"2027479172","1989962588","1.32448"
"1989962588","2030623303","1.84797"
"2030623303","1989962588","1.84797"
"1989962588","2030639530","2.07369"
"2030639530","1989962588","2.07369"
"1989962588","2042124591","1.41363"
"2042124591","1989962588","1.41363"
"1989962588","2046263206","0.616408"
"2046263206","1989962588","0.616408"
"1989962588","2056952837","0.346037"
"2056952837","1989962588","0.346037"
"1989962588","2107912893","1.75504"
"2107912893","1989962588","1.75504"
"1989962588","2117577756","5.27012"
"2117577756","1989962588","5.27012"
"1989962588","2120785548","1.33639"
"2120785548","1989962588","1.33639"
"1989962588","2138824333","3.45097"
"2138824333","1989962588","3.45097"
"1989962588","2138877737","1.6598"
"2138877737","1989962588","1.6598"
"1989962588","2238078713","0.40526"
"2238078713","1989962588","0.40526"
"1989962588","2407167388","2.0045"
"2407167388","1989962588","2.0045"
"1989962588","2577322449","0.0384615"
"2577322449","1989962588","0.0384615"
"1989962588","2580969380","0.181319"
"2580969380","1989962588","0.181319"
"1989962588","2619825482","2.29385"
"2619825482","1989962588","2.29385"
"1989962588","2724606249","0.347985"
"2724606249","1989962588","0.347985"
"1989962588","2946009226","0.538462"
"2946009226","1989962588","0.538462"
"1997650168","2007022086","1.1295"
"2007022086","1997650168","1.1295"
"1997650168","2009130747","0.18661"
"2009130747","1997650168","0.18661"
"1997650168","2014116953","2.02196"
"2014116953","1997650168","2.02196"
"1997650168","2027479172","1.12246"
"2027479172","1997650168","1.12246"
"1997650168","2030623303","1.33837"
"2030623303","1997650168","1.33837"
"1997650168","2030639530","0.74472"
"2030639530","1997650168","0.74472"
"1997650168","2046263206","0.325499"
"2046263206","1997650168","0.325499"
"1997650168","2056952837","0.0884615"
"2056952837","1997650168","0.0884615"
"1997650168","2107912893","1.08079"
"2107912893","1997650168","1.08079"
"1997650168","2117577756","0.983572"
"2117577756","1997650168","0.983572"
"1997650168","2120785548","0.759366"
"2120785548","1997650168","0.759366"
"1997650168","2138824333","1.2545"
"2138824333","1997650168","1.2545"
"1997650168","2138877737","1.13437"
"2138877737","1997650168","1.13437"
"1997650168","2238078713","0.321927"
"2238078713","1997650168","0.321927"
"1997650168","2407167388","0.899705"
"2407167388","1997650168","0.899705"
"1997650168","2577322449","0.0384615"
"2577322449","1997650168","0.0384615"
"1997650168","2580969380","0.0384615"
"2580969380","1997650168","0.0384615"
"1997650168","2724606249","0.0384615"
"2724606249","1997650168","0.0384615"
"1997650168","2946009226","0.0384615"
"2946009226","1997650168","0.0384615"
"2007022086","2009130747","0.269943"
"2009130747","2007022086","0.269943"
"2007022086","2014116953","1.36287"
"2014116953","2007022086","1.36287"
"2007022086","2021680759","0.450499"
"2021680759","2007022086","0.450499"
"2007022086","2027479172","0.483038"
"2027479172","2007022086","0.483038"
"2007022086","2030623303","0.639856"
"2030623303","2007022086","0.639856"
"2007022086","2030639530","0.581487"
"2030639530","2007022086","0.581487"
"2007022086","2042124591","1.42196"
"2042124591","2007022086","1.42196"
"2007022086","2046263206","0.450499"
"2046263206","2007022086","0.450499"
"2007022086","2056952837","0.0884615"
"2056952837","2007022086","0.0884615"
"2007022086","2107912893","0.358038"
"2107912893","2007022086","0.358038"
"2007022086","2117577756","2.35367"
"2117577756","2007022086","2.35367"
"2007022086","2120785548","0.28661"
"2120785548","2007022086","0.28661"
"2007022086","2138824333","17.2704"
"2138824333","2007022086","17.2704"
"2007022086","2138877737","0.721133"
"2138877737","2007022086","0.721133"
"2007022086","2238078713","0.530261"
"2238078713","2007022086","0.530261"
"2007022086","2407167388","0.740614"
"2407167388","2007022086","0.740614"
"2007022086","2577322449","0.0384615"
"2577322449","2007022086","0.0384615"
"2007022086","2580969380","0.181319"
"2580969380","2007022086","0.181319"
"2007022086","2619825482","1.25358"
"2619825482","2007022086","1.25358"
"2007022086","2724606249","0.347985"
"2724606249","2007022086","0.347985"
"2007022086","2946009226","0.0384615"
"2946009226","2007022086","0.0384615"
"2009130747","2014116953","0.644943"
"2014116953","2009130747","0.644943"
"2009130747","2021680759","3.81195"
"2021680759","2009130747","3.81195"
"2009130747","2027479172","0.218356"
"2027479172","2009130747","0.218356"
"2009130747","2030623303","0.0754986"
"2030623303","2009130747","0.0754986"
"2009130747","2030639530","0.0754986"
"2030639530","2009130747","0.0754986"
"2009130747","2042124591","0.283832"
"2042124591","2009130747","0.283832"
"2009130747","2046263206","3.34528"
"2046263206","2009130747","3.34528"
"2009130747","2056952837","0.358242"
"2056952837","2009130747","0.358242"
"2009130747","2107912893","0.0754986"
"2107912893","2009130747","0.0754986"
"2009130747","2117577756","0.158832"
"2117577756","2009130747","0.158832"
"2009130747","2120785548","0.218356"
"2120785548","2009130747","0.218356"
"2009130747","2138824333","0.269943"
"2138824333","2009130747","0.269943"
"2009130747","2138877737","0.0754986"
"2138877737","2009130747","0.0754986"
"2009130747","2238078713","0.960755"
"2238078713","2009130747","0.960755"
"2009130747","2407167388","0.644943"
"2407167388","2009130747","0.644943"
"2009130747","2577322449","0.240385"
"2577322449","2009130747","0.240385"
"2009130747","2580969380","0.163462"
"2580969380","2009130747","0.163462"
"2009130747","2619825482","0.321795"
"2619825482","2009130747","0.321795"
"2009130747","2724606249","0.240385"
"2724606249","2009130747","0.240385"
"2009130747","2946009226","0.215385"
"2946009226","2009130747","0.215385"
"2014116953","2021680759","0.700499"
"2021680759","2014116953","0.700499"
"2014116953","2027479172","0.125499"
"2027479172","2014116953","0.125499"
"2014116953","2030623303","0.39065"
"2030623303","2014116953","0.39065"
"2014116953","2030639530","0.749741"
"2030639530","2014116953","0.749741"
"2014116953","2042124591","0.535852"
"2042124591","2014116953","0.535852"
"2014116953","2046263206","0.450499"
"2046263206","2014116953","0.450499"
"2014116953","2056952837","0.0384615"
"2056952837","2014116953","0.0384615"
"2014116953","2107912893","0.125499"
"2107912893","2014116953","0.125499"
"2014116953","2117577756","0.23661"
"2117577756","2014116953","0.23661"
"2014116953","2120785548","0.125499"
"2120785548","2014116953","0.125499"
"2014116953","2138824333","2.36287"
"2138824333","2014116953","2.36287"
"2014116953","2138877737","0.125499"
"2138877737","2014116953","0.125499"
"2014116953","2238078713","0.250499"
"2238078713","2014116953","0.250499"
"2014116953","2407167388","6.56363"
"2407167388","2014116953","6.56363"
"2014116953","2577322449","0.0384615"
"2577322449","2014116953","0.0384615"
"2014116953","2580969380","0.0384615"
"2580969380","2014116953","0.0384615"
"2014116953","2619825482","2.0127"
"2619825482","2014116953","2.0127"
"2014116953","2724606249","0.0384615"
"2724606249","2014116953","0.0384615"
"2014116953","2946009226","0.0384615"
"2946009226","2014116953","0.0384615"
"2021680759","2027479172","0.618789"
"2027479172","2021680759","0.618789"
"2021680759","2030623303","0.975931"
"2030623303","2021680759","0.975931"
"2021680759","2030639530","0.0754986"
"2030639530","2021680759","0.0754986"
"2021680759","2056952837","1.25867"
"2056952837","2021680759","1.25867"
"2021680759","2107912893","0.475931"
"2107912893","2021680759","0.475931"
"2021680759","2117577756","0.749741"
"2117577756","2021680759","0.749741"
"2021680759","2120785548","0.618789"
"2120785548","2021680759","0.618789"
"2021680759","2138824333","0.950499"
"2138824333","2021680759","0.950499"
"2021680759","2138877737","0.475931"
"2138877737","2021680759","0.475931"
"2021680759","2238078713","1.91909"
"2238078713","2021680759","1.91909"
"2021680759","2407167388","0.200499"
"2407167388","2021680759","0.200499"
"2021680759","2577322449","0.648718"
"2577322449","2021680759","0.648718"
"2021680759","2580969380","0.488462"
"2580969380","2021680759","0.488462"
"2021680759","2724606249","0.698718"
"2724606249","2021680759","0.698718"
"2021680759","2946009226","0.757051"
"2946009226","2021680759","0.757051"
"2027479172","2030623303","2.50901"
"2030623303","2027479172","2.50901"
"2027479172","2030639530","0.514922"
"2030639530","2027479172","0.514922"
"2027479172","2042124591","0.66161"
"2042124591","2027479172","0.66161"
"2027479172","2046263206","0.309265"
"2046263206","2027479172","0.309265"
"2027479172","2056952837","1.63175"
"2056952837","2027479172","1.63175"
"2027479172","2107912893","1.89789"
"2107912893","2027479172","1.89789"
"2027479172","2117577756","0.824482"
"2117577756","2027479172","0.824482"
"2027479172","2120785548","1.7471"
"2120785548","2027479172","1.7471"
"2027479172","2138824333","0.358038"
"2138824333","2027479172","0.358038"
"2027479172","2138877737","1.70147"
"2138877737","2027479172","1.70147"
"2027479172","2238078713","0.321927"
"2238078713","2027479172","0.321927"
"2027479172","2407167388","0.760816"
"2407167388","2027479172","0.760816"
"2027479172","2577322449","0.0384615"
"2577322449","2027479172","0.0384615"
"2027479172","2580969380","0.0384615"
"2580969380","2027479172","0.0384615"
"2027479172","2619825482","0.577946"
"2619825482","2027479172","0.577946"
"2027479172","2724606249","0.0384615"
"2724606249","2027479172","0.0384615"
"2027479172","2946009226","0.0384615"
"2946009226","2027479172","0.0384615"
"2030623303","2030639530","2.93083"
"2030639530","2030623303","2.93083"
"2030623303","2042124591","1.76085"
"2042124591","2030623303","1.76085"
"2030623303","2046263206","0.166408"
"2046263206","2030623303","0.166408"
"2030623303","2056952837","0.488894"
"2056952837","2030623303","0.488894"
"2030623303","2107912893","1.51456"
"2107912893","2030623303","1.51456"
"2030623303","2117577756","1.27448"
"2117577756","2030623303","1.27448"
"2030623303","2120785548","1.67924"
"2120785548","2030623303","1.67924"
"2030623303","2138824333","0.889856"
"2138824333","2030623303","0.889856"
"2030623303","2138877737","2.40147"
"2138877737","2030623303","2.40147"
"2030623303","2238078713","0.196927"
"2238078713","2030623303","0.196927"
"2030623303","2407167388","1.18506"
"2407167388","2030623303","1.18506"
"2030623303","2577322449","0.0384615"
"2577322449","2030623303","0.0384615"
"2030623303","2580969380","0.0384615"
"2580969380","2030623303","0.0384615"
"2030623303","2619825482","1.81052"
"2619825482","2030623303","1.81052"
"2030623303","2724606249","0.0384615"
"2724606249","2030623303","0.0384615"
"2030623303","2946009226","0.0384615"
"2946009226","2030623303","0.0384615"
"2030639530","2042124591","2.04772"
"2042124591","2030639530","2.04772"
"2030639530","2046263206","0.0754986"
"2046263206","2030639530","0.0754986"
"2030639530","2056952837","0.0884615"
"2056952837","2030639530","0.0884615"
"2030639530","2107912893","0.487144"
"2107912893","2030639530","0.487144"
"2030639530","2117577756","1.31611"
"2117577756","2030639530","1.31611"
"2030639530","2120785548","0.723255"
"2120785548","2030639530","0.723255"
"2030639530","2138824333","0.521963"
"2138824333","2030639530","0.521963"
"2030639530","2138877737","0.921668"
"2138877737","2030639530","0.921668"
"2030639530","2238078713","0.0754986"
"2238078713","2030639530","0.0754986"
"2030639530","2407167388","1.16717"
"2407167388","2030639530","1.16717"
"2030639530","2577322449","0.0384615"
"2577322449","2030639530","0.0384615"
"2030639530","2580969380","0.181319"
"2580969380","2030639530","0.181319"
"2030639530","2619825482","2.15096"
"2619825482","2030639530","2.15096"
"2030639530","2724606249","0.347985"
"2724606249","2030639530","0.347985"
"2030639530","2946009226","0.0384615"
"2946009226","2030639530","0.0384615"
"2042124591","2046263206","0.575499"
"2046263206","2042124591","0.575499"
"2042124591","2056952837","3.12179"
"2056952837","2042124591","3.12179"
"2042124591","2107912893","0.28661"
"2107912893","2042124591","0.28661"
"2042124591","2117577756","1.13939"
"2117577756","2042124591","1.13939"
"2042124591","2120785548","0.28661"
"2120785548","2042124591","0.28661"
"2042124591","2138824333","1.29696"
"2138824333","2042124591","1.29696"
"2042124591","2138877737","0.41161"
"2138877737","2042124591","0.41161"
"2042124591","2238078713","0.583832"
"2238078713","2042124591","0.583832"
"2042124591","2407167388","4.46641"
"2407167388","2042124591","4.46641"
"2042124591","2577322449","0.0384615"
"2577322449","2042124591","0.0384615"
"2042124591","2580969380","0.0384615"
"2580969380","2042124591","0.0384615"
"2042124591","2724606249","0.0384615"
"2724606249","2042124591","0.0384615"
"2042124591","2946009226","0.0384615"
"2946009226","2042124591","0.0384615"
"2046263206","2056952837","1.17415"
"2056952837","2046263206","1.17415"
"2046263206","2107912893","0.166408"
"2107912893","2046263206","0.166408"
"2046263206","2117577756","0.249741"
"2117577756","2046263206","0.249741"
"2046263206","2120785548","0.309265"
"2120785548","2046263206","0.309265"
"2046263206","2138824333","0.700499"
"2138824333","2046263206","0.700499"
"2046263206","2138877737","0.166408"
"2138877737","2046263206","0.166408"
"2046263206","2238078713","1.64409"
"2238078713","2046263206","1.64409"
"2046263206","2407167388","0.200499"
"2407167388","2046263206","0.200499"
"2046263206","2577322449","0.748718"
"2577322449","2046263206","0.748718"
"2046263206","2580969380","0.488462"
"2580969380","2046263206","0.488462"
"2046263206","2619825482","0.446795"
"2619825482","2046263206","0.446795"
"2046263206","2724606249","0.698718"
"2724606249","2046263206","0.698718"
"2046263206","2946009226","0.982051"
"2946009226","2046263206","0.982051"
"2056952837","2107912893","0.488894"
"2107912893","2056952837","0.488894"
"2056952837","2117577756","0.179371"
"2117577756","2056952837","0.179371"
"2056952837","2120785548","0.631752"
"2120785548","2056952837","0.631752"
"2056952837","2138824333","0.0884615"
"2138824333","2056952837","0.0884615"
"2056952837","2138877737","0.488894"
"2138877737","2056952837","0.488894"
"2056952837","2238078713","3.41935"
"2238078713","2056952837","3.41935"
"2056952837","2407167388","0.0884615"
"2407167388","2056952837","0.0884615"
"2056952837","2577322449","1.54435"
"2577322449","2056952837","1.54435"
"2056952837","2580969380","0.0384615"
"2580969380","2056952837","0.0384615"
"2056952837","2619825482","0.0884615"
"2619825482","2056952837","0.0884615"
"2056952837","2724606249","0.226496"
"2724606249","2056952837","0.226496"
"2056952837","2946009226","2.66935"
"2946009226","2056952837","2.66935"
"2107912893","2117577756","1.00504"
"2117577756","2107912893","1.00504"
"2107912893","2120785548","2.02647"
"2120785548","2107912893","2.02647"
"2107912893","2138824333","0.358038"
"2138824333","2107912893","0.358038"
"2107912893","2138877737","2.02647"
"2138877737","2107912893","2.02647"
"2107912893","2238078713","0.196927"
"2238078713","2107912893","0.196927"
"2107912893","2407167388","0.885816"
"2407167388","2107912893","0.885816"
"2107912893","2577322449","0.0384615"
"2577322449","2107912893","0.0384615"
"2107912893","2580969380","0.0384615"
"2580969380","2107912893","0.0384615"
"2107912893","2619825482","0.466835"
"2619825482","2107912893","0.466835"
"2107912893","2724606249","0.0384615"
"2724606249","2107912893","0.0384615"
"2107912893","2946009226","0.0384615"
"2946009226","2107912893","0.0384615"
"2117577756","2120785548","0.836386"
"2120785548","2117577756","0.836386"
"2117577756","2138824333","1.91915"
"2138824333","2117577756","1.91915"
"2117577756","2138877737","1.1598"
"2138877737","2117577756","1.1598"
"2117577756","2238078713","0.40526"
"2238078713","2117577756","0.40526"
"2117577756","2407167388","1.33026"
"2407167388","2117577756","1.33026"
"2117577756","2577322449","0.0384615"
"2577322449","2117577756","0.0384615"
"2117577756","2580969380","0.181319"
"2580969380","2117577756","0.181319"
"2117577756","2619825482","1.11128"
"2619825482","2117577756","1.11128"
"2117577756","2724606249","0.347985"
"2724606249","2117577756","0.347985"
"2117577756","2946009226","0.0384615"
"2946009226","2117577756","0.0384615"
"2120785548","2138824333","0.28661"
"2138824333","2120785548","0.28661"
"2120785548","2138877737","1.90147"
"2138877737","2120785548","1.90147"
"2120785548","2238078713","0.125499"
"2238078713","2120785548","0.125499"
"2120785548","2407167388","0.356054"
"2407167388","2120785548","0.356054"
"2120785548","2577322449","0.0384615"
"2577322449","2120785548","0.0384615"
"2120785548","2580969380","0.0384615"
"2580969380","2120785548","0.0384615"
"2120785548","2619825482","0.506517"
"2619825482","2120785548","0.506517"
"2120785548","2724606249","0.0384615"
"2724606249","2120785548","0.0384615"
"2120785548","2946009226","0.0384615"
"2946009226","2120785548","0.0384615"
"2138824333","2138877737","0.28661"
"2138877737","2138824333","0.28661"
"2138824333","2238078713","0.905261"
"2238078713","2138824333","0.905261"
"2138824333","2407167388","0.865614"
"2407167388","2138824333","0.865614"
"2138824333","2577322449","0.0384615"
"2577322449","2138824333","0.0384615"
"2138824333","2580969380","0.0384615"
"2580969380","2138824333","0.0384615"
"2138824333","2619825482","1.25358"
"2619825482","2138824333","1.25358"
"2138824333","2724606249","0.0384615"
"2724606249","2138824333","0.0384615"
"2138824333","2946009226","0.538462"
"2946009226","2138824333","0.538462"
"2138877737","2238078713","0.250499"
"2238078713","2138877737","0.250499"
"2138877737","2407167388","0.731054"
"2407167388","2138877737","0.731054"
"2138877737","2577322449","0.0384615"
"2577322449","2138877737","0.0384615"
"2138877737","2580969380","0.181319"
"2580969380","2138877737","0.181319"
"2138877737","2619825482","0.395406"
"2619825482","2138877737","0.395406"
"2138877737","2724606249","0.347985"
"2724606249","2138877737","0.347985"
"2138877737","2946009226","0.0384615"
"2946009226","2138877737","0.0384615"
"2238078713","2407167388","0.696927"
"2407167388","2238078713","0.696927"
"2238078713","2577322449","4.92054"
"2577322449","2238078713","4.92054"
"2238078713","2580969380","0.371795"
"2580969380","2238078713","0.371795"
"2238078713","2619825482","1.45156"
"2619825482","2238078713","1.45156"
"2238078713","2724606249","0.726496"
"2724606249","2238078713","0.726496"
"2238078713","2946009226","6.54554"
"2946009226","2238078713","6.54554"
"2407167388","2577322449","0.0384615"
"2577322449","2407167388","0.0384615"
"2407167388","2580969380","0.0384615"
"2580969380","2407167388","0.0384615"
"2407167388","2619825482","4.77302"
"2619825482","2407167388","4.77302"
"2407167388","2724606249","0.0384615"
"2724606249","2407167388","0.0384615"
"2407167388","2946009226","0.0384615"
"2946009226","2407167388","0.0384615"
"2577322449","2580969380","17.8218"
"2580969380","2577322449","17.8218"
"2577322449","2619825482","0.0384615"
"2619825482","2577322449","0.0384615"
"2577322449","2724606249","3.14316"
"2724606249","2577322449","3.14316"
"2577322449","2946009226","12.8455"
"2946009226","2577322449","12.8455"
"2580969380","2619825482","0.371795"
"2619825482","2580969380","0.371795"
"2580969380","2724606249","3.09799"
"2724606249","2580969380","3.09799"
"2580969380","2946009226","2.24679"
"2946009226","2580969380","2.24679"
"2619825482","2724606249","0.0384615"
"2724606249","2619825482","0.0384615"
"2619825482","2946009226","0.0384615"
"2946009226","2619825482","0.0384615"
"1973328636","2025069677","0.142857"
"2025069677","1973328636","0.142857"
"2009130747","2025069677","0.142857"
"2025069677","2009130747","0.142857"
"2021680759","2025069677","0.142857"
"2025069677","2021680759","0.142857"
"2025069677","2027479172","0.142857"
"2027479172","2025069677","0.142857"
"2025069677","2046263206","0.142857"
"2046263206","2025069677","0.142857"
"2025069677","2056952837","0.142857"
"2056952837","2025069677","0.142857"
"2025069677","2120785548","0.142857"
"2120785548","2025069677","0.142857"
"2009130747","2145700761","3.77507"
"2145700761","2009130747","3.77507"
"2014116953","2145700761","1.36406"
"2145700761","2014116953","1.36406"
"2046263206","2145700761","6.63896"
"2145700761","2046263206","6.63896"
"2145700761","2238078713","2.43896"
"2238078713","2145700761","2.43896"
"2145700761","2407167388","1.86406"
"2407167388","2145700761","1.86406"
"1989962588","2145700761","0.661279"
"2145700761","1989962588","0.661279"
"1973328636","2095710322","0.537037"
"2095710322","1973328636","0.537037"
"2007022086","32065816","0.384259"
"32065816","2007022086","0.384259"
"2042124591","32065816","0.384259"
"32065816","2042124591","0.384259"
"2138824333","32065816","0.384259"
"32065816","2138824333","0.384259"
"2238078713","32065816","0.162037"
"32065816","2238078713","0.162037"
"2619825482","32065816","0.180556"
"32065816","2619825482","0.180556"
"1973328636","2159827217","0.37037"
"2159827217","1973328636","0.37037"
"1989735066","2159827217","2.25269"
"2159827217","1989735066","2.25269"
"2030623303","2159827217","8.80193"
"2159827217","2030623303","8.80193"
"2159827217","2407167388","1.95013"
"2407167388","2159827217","1.95013"
"1989962588","2159827217","4.86304"
"2159827217","1989962588","4.86304"
"2007022086","2145700761","1.15572"
"2145700761","2007022086","1.15572"
"2007022086","2159827217","1.73826"
"2159827217","2007022086","1.73826"
"2009130747","2159827217","0.12037"
"2159827217","2009130747","0.12037"
"2021680759","2159827217","0.877946"
"2159827217","2021680759","0.877946"
"2042124591","2159827217","2.10926"
"2159827217","2042124591","2.10926"
"2046263206","2159827217","0.377946"
"2159827217","2046263206","0.377946"
"2117577756","2145700761","0.12037"
"2145700761","2117577756","0.12037"
"2117577756","2159827217","3.4638"
"2159827217","2117577756","3.4638"
"2138824333","2145700761","1.65572"
"2145700761","2138824333","1.65572"
"2138824333","2159827217","2.48826"
"2159827217","2138824333","2.48826"
"2145700761","2159827217","0.12037"
"2159827217","2145700761","0.12037"
"2159827217","2238078713","0.241799"
"2238078713","2159827217","0.241799"
"2159827217","2619825482","2.71448"
"2619825482","2159827217","2.71448"
"1973328636","2005316082","0.037037"
"2005316082","1973328636","0.037037"
"1973328636","2146781646","0.037037"
"2146781646","1973328636","0.037037"
"1988757916","2005316082","1.13757"
"2005316082","1988757916","1.13757"
"1988757916","2067315836","0.037037"
"2067315836","1988757916","0.037037"
"1988757916","2095710322","0.037037"
"2095710322","1988757916","0.037037"
"1988757916","2145700761","0.11396"
"2145700761","1988757916","0.11396"
"1988757916","2146781646","1.13757"
"2146781646","1988757916","1.13757"
"1988757916","2159827217","1.41535"
"2159827217","1988757916","1.41535"
"1988757916","32065816","0.0925926"
"32065816","1988757916","0.0925926"
"1989735066","2005316082","1.30067"
"2005316082","1989735066","1.30067"
"1989735066","2067315836","0.037037"
"2067315836","1989735066","0.037037"
"1989735066","2095710322","0.037037"
"2095710322","1989735066","0.037037"
"1989735066","2145700761","0.127946"
"2145700761","1989735066","0.127946"
"1989735066","2146781646","2.64158"
"2146781646","1989735066","2.64158"
"1989735066","32065816","0.0925926"
"32065816","1989735066","0.0925926"
"1989962588","2005316082","0.934"
"2005316082","1989962588","0.934"
"1989962588","2067315836","0.037037"
"2067315836","1989962588","0.037037"
"1989962588","2095710322","0.037037"
"2095710322","1989962588","0.037037"
"1989962588","2146781646","1.68526"
"2146781646","1989962588","1.68526"
"1989962588","32065816","0.0925926"
"32065816","1989962588","0.0925926"
"1997650168","2005316082","1.23678"
"2005316082","1997650168","1.23678"
"1997650168","2067315836","0.037037"
"2067315836","1997650168","0.037037"
"1997650168","2095710322","0.037037"
"2095710322","1997650168","0.037037"
"1997650168","2146781646","3.10546"
"2146781646","1997650168","3.10546"
"1997650168","2159827217","1.16102"
"2159827217","1997650168","1.16102"
"1997650168","32065816","0.0925926"
"32065816","1997650168","0.0925926"
"2005316082","2007022086","0.530688"
"2007022086","2005316082","0.530688"
"2005316082","2009130747","0.148148"
"2009130747","2005316082","0.148148"
"2005316082","2014116953","0.281481"
"2014116953","2005316082","0.281481"
"2005316082","2021680759","0.037037"
"2021680759","2005316082","0.037037"
"2005316082","2027479172","1.04233"
"2027479172","2005316082","1.04233"
"2005316082","2030623303","1.10067"
"2030623303","2005316082","1.10067"
"2005316082","2030639530","0.532016"
"2030639530","2005316082","0.532016"
"2005316082","2042124591","0.798148"
"2042124591","2005316082","0.798148"
"2005316082","2046263206","0.037037"
"2046263206","2005316082","0.037037"
"2005316082","2067315836","0.037037"
"2067315836","2005316082","0.037037"
"2005316082","2095710322","0.037037"
"2095710322","2005316082","0.037037"
"2005316082","2107912893","1.12567"
"2107912893","2005316082","1.12567"
"2005316082","2117577756","0.542333"
"2117577756","2005316082","0.542333"
"2005316082","2120785548","0.720905"
"2120785548","2005316082","0.720905"
"2005316082","2138824333","0.530688"
"2138824333","2005316082","0.530688"
"2005316082","2138877737","0.720905"
"2138877737","2005316082","0.720905"
"2005316082","2145700761","0.148148"
"2145700761","2005316082","0.148148"
"2005316082","2146781646","1.91178"
"2146781646","2005316082","1.91178"
"2005316082","2159827217","1.71733"
"2159827217","2005316082","1.71733"
"2005316082","2238078713","0.158466"
"2238078713","2005316082","0.158466"
"2005316082","2407167388","1.2418"
"2407167388","2005316082","1.2418"
"2005316082","32065816","0.0925926"
"32065816","2005316082","0.0925926"
"2007022086","2067315836","0.037037"
"2067315836","2007022086","0.037037"
"2007022086","2095710322","0.037037"
"2095710322","2007022086","0.037037"
"2007022086","2146781646","1.06604"
"2146781646","2007022086","1.06604"
"2009130747","2067315836","0.037037"
"2067315836","2009130747","0.037037"
"2009130747","2095710322","0.037037"
"2095710322","2009130747","0.037037"
"2009130747","2146781646","0.148148"
"2146781646","2009130747","0.148148"
"2009130747","32065816","0.037037"
"32065816","2009130747","0.037037"
"2014116953","2067315836","0.037037"
"2067315836","2014116953","0.037037"
"2014116953","2095710322","0.037037"
"2095710322","2014116953","0.037037"
"2014116953","2146781646","0.983502"
"2146781646","2014116953","0.983502"
"2014116953","2159827217","0.372391"
"2159827217","2014116953","0.372391"
"2014116953","32065816","0.037037"
"32065816","2014116953","0.037037"
"2021680759","2095710322","0.037037"
"2095710322","2021680759","0.037037"
"2021680759","2146781646","1.43747"
"2146781646","2021680759","1.43747"
"2027479172","2067315836","0.037037"
"2067315836","2027479172","0.037037"
"2027479172","2095710322","0.037037"
"2095710322","2027479172","0.037037"
"2027479172","2145700761","0.037037"
"2145700761","2027479172","0.037037"
"2027479172","2146781646","1.10943"
"2146781646","2027479172","1.10943"
"2027479172","2159827217","3.99435"
"2159827217","2027479172","3.99435"
"2027479172","32065816","0.0925926"
"32065816","2027479172","0.0925926"
"2030623303","2067315836","0.037037"
"2067315836","2030623303","0.037037"
"2030623303","2095710322","0.037037"
"2095710322","2030623303","0.037037"
"2030623303","2145700761","0.127946"
"2145700761","2030623303","0.127946"
"2030623303","2146781646","3.55034"
"2146781646","2030623303","3.55034"
"2030623303","32065816","0.0925926"
"32065816","2030623303","0.0925926"
"2030639530","2067315836","0.037037"
"2067315836","2030639530","0.037037"
"2030639530","2095710322","0.037037"
"2095710322","2030639530","0.037037"
"2030639530","2145700761","0.037037"
"2145700761","2030639530","0.037037"
"2030639530","2146781646","0.747925"
"2146781646","2030639530","0.747925"
"2030639530","2159827217","2.05904"
"2159827217","2030639530","2.05904"
"2030639530","32065816","0.037037"
"32065816","2030639530","0.037037"
"2042124591","2067315836","0.037037"
"2067315836","2042124591","0.037037"
"2042124591","2095710322","0.037037"
"2095710322","2042124591","0.037037"
"2042124591","2146781646","0.909259"
"2146781646","2042124591","0.909259"
"2046263206","2095710322","0.037037"
"2095710322","2046263206","0.037037"
"2046263206","2146781646","0.294613"
"2146781646","2046263206","0.294613"
"2067315836","2107912893","0.037037"
"2107912893","2067315836","0.037037"
"2067315836","2117577756","0.037037"
"2117577756","2067315836","0.037037"
"2067315836","2120785548","0.037037"
"2120785548","2067315836","0.037037"
"2067315836","2138824333","0.037037"
"2138824333","2067315836","0.037037"
"2067315836","2138877737","0.037037"
"2138877737","2067315836","0.037037"
"2067315836","2145700761","0.037037"
"2145700761","2067315836","0.037037"
"2067315836","2146781646","0.037037"
"2146781646","2067315836","0.037037"
"2067315836","2159827217","0.037037"
"2159827217","2067315836","0.037037"
"2067315836","2238078713","0.037037"
"2238078713","2067315836","0.037037"
"2067315836","2407167388","0.037037"
"2407167388","2067315836","0.037037"
"2095710322","2107912893","0.037037"
"2107912893","2095710322","0.037037"
"2095710322","2117577756","0.037037"
"2117577756","2095710322","0.037037"
"2095710322","2120785548","0.037037"
"2120785548","2095710322","0.037037"
"2095710322","2138824333","0.037037"
"2138824333","2095710322","0.037037"
"2095710322","2138877737","0.037037"
"2138877737","2095710322","0.037037"
"2095710322","2145700761","0.037037"
"2145700761","2095710322","0.037037"
"2095710322","2146781646","0.037037"
"2146781646","2095710322","0.037037"
"2095710322","2159827217","0.037037"
"2159827217","2095710322","0.037037"
"2095710322","2238078713","0.037037"
"2238078713","2095710322","0.037037"
"2095710322","2407167388","0.037037"
"2407167388","2095710322","0.037037"
"2107912893","2145700761","0.037037"
"2145700761","2107912893","0.037037"
"2107912893","2146781646","1.19277"
"2146781646","2107912893","1.19277"
"2107912893","2159827217","2.46658"
"2159827217","2107912893","2.46658"
"2107912893","32065816","0.0925926"
"32065816","2107912893","0.0925926"
"2117577756","2146781646","0.869353"
"2146781646","2117577756","0.869353"
"2117577756","32065816","0.0925926"
"32065816","2117577756","0.0925926"
"2120785548","2145700761","0.037037"
"2145700761","2120785548","0.037037"
"2120785548","2146781646","1.24634"
"2146781646","2120785548","1.24634"
"2120785548","2159827217","1.29792"
