"144593342","2005624335","0.5"
"2005624335","144593342","0.5"
"144593342","2165783263","1"
"2165783263","144593342","1"
"2005624335","2165783263","2.58333"
"2165783263","2005624335","2.58333"
"144593342","1491942900","0.333333"
"1491942900","144593342","0.333333"
"144593342","1565251461","1.52424"
"1565251461","144593342","1.52424"
"144593342","2093938902","0.333333"
"2093938902","144593342","0.333333"
"1491942900","1565251461","0.333333"
"1565251461","1491942900","0.333333"
"1491942900","2093938902","0.333333"
"2093938902","1491942900","0.333333"
"1565251461","2093938902","0.333333"
"2093938902","1565251461","0.333333"
"144593342","2133771440","14.3973"
"2133771440","144593342","14.3973"
"144593342","1992665668","2.53333"
"1992665668","144593342","2.53333"
"144593342","2003000928","1.74359"
"2003000928","144593342","1.74359"
"144593342","2077508096","0.333333"
"2077508096","144593342","0.333333"
"1992665668","2003000928","12.356"
"2003000928","1992665668","12.356"
"1992665668","2077508096","1.16667"
"2077508096","1992665668","1.16667"
"2003000928","2077508096","2.35"
"2077508096","2003000928","2.35"
"144593342","2138456883","1.2298"
"2138456883","144593342","1.2298"
"144593342","2159837087","0.87037"
"2159837087","144593342","0.87037"
"2138456883","2159837087","0.5"
"2159837087","2138456883","0.5"
"144593342","2126292905","1.2"
"2126292905","144593342","1.2"
"144593342","2141283845","2.03333"
"2141283845","144593342","2.03333"
"2126292905","2133771440","1.53333"
"2133771440","2126292905","1.53333"
"2126292905","2141283845","2.7"
"2141283845","2126292905","2.7"
"2133771440","2141283845","2.86667"
"2141283845","2133771440","2.86667"
"144593342","1523665759","0.0555556"
"1523665759","144593342","0.0555556"
"144593342","1533565938","0.0925926"
"1533565938","144593342","0.0925926"
"144593342","163516436","0.164021"
"163516436","144593342","0.164021"
"144593342","1965170530","0.0555556"
"1965170530","144593342","0.0555556"
"144593342","1990476851","0.592593"
"1990476851","144593342","0.592593"
"144593342","1996883034","0.0555556"
"1996883034","144593342","0.0555556"
"144593342","2010378115","0.0555556"
"2010378115","144593342","0.0555556"
"144593342","2020605528","0.164021"
"2020605528","144593342","0.164021"
"144593342","2035310745","0.0555556"
"2035310745","144593342","0.0555556"
"144593342","2087752589","0.60493"
"2087752589","144593342","0.60493"
"144593342","2104655097","0.972222"
"2104655097","144593342","0.972222"
"144593342","2132040258","0.0925926"
"2132040258","144593342","0.0925926"
"144593342","2133184187","1.26072"
"2133184187","144593342","1.26072"
"144593342","2142149253","0.0555556"
"2142149253","144593342","0.0555556"
"144593342","2148429329","0.164021"
"2148429329","144593342","0.164021"
"144593342","2168859597","0.0925926"
"2168859597","144593342","0.0925926"
"144593342","2170541679","0.0925926"
"2170541679","144593342","0.0925926"
"1523665759","1533565938","0.0555556"
"1533565938","1523665759","0.0555556"
"1523665759","163516436","0.0555556"
"163516436","1523665759","0.0555556"
"1523665759","1965170530","0.0555556"
"1965170530","1523665759","0.0555556"
"1523665759","1990476851","0.388889"
"1990476851","1523665759","0.388889"
"1523665759","1996883034","0.0555556"
"1996883034","1523665759","0.0555556"
"1523665759","2010378115","0.0555556"
"2010378115","1523665759","0.0555556"
"1523665759","2020605528","0.0555556"
"2020605528","1523665759","0.0555556"
"1523665759","2035310745","0.0555556"
"2035310745","1523665759","0.0555556"
"1523665759","2087752589","0.0555556"
"2087752589","1523665759","0.0555556"
"1523665759","2104655097","0.0555556"
"2104655097","1523665759","0.0555556"
"1523665759","2132040258","0.0555556"
"2132040258","1523665759","0.0555556"
"1523665759","2133184187","0.0555556"
"2133184187","1523665759","0.0555556"
"1523665759","2138456883","0.0555556"
"2138456883","1523665759","0.0555556"
"1523665759","2142149253","0.0555556"
"2142149253","1523665759","0.0555556"
"1523665759","2148429329","0.0555556"
"2148429329","1523665759","0.0555556"
"1523665759","2168859597","0.0555556"
"2168859597","1523665759","0.0555556"
"1523665759","2170541679","0.0555556"
"2170541679","1523665759","0.0555556"
"1533565938","163516436","0.0925926"
"163516436","1533565938","0.0925926"
"1533565938","1965170530","0.724034"
"1965170530","1533565938","0.724034"
"1533565938","1990476851","2.12593"
"1990476851","1533565938","2.12593"
"1533565938","1996883034","0.422222"
"1996883034","1533565938","0.422222"
"1533565938","2010378115","0.513889"
"2010378115","1533565938","0.513889"
"1533565938","2020605528","0.0925926"
"2020605528","1533565938","0.0925926"
"1533565938","2035310745","0.0555556"
"2035310745","1533565938","0.0555556"
"1533565938","2087752589","0.677738"
"2087752589","1533565938","0.677738"
"1533565938","2104655097","0.0555556"
"2104655097","1533565938","0.0555556"
"1533565938","2132040258","0.342593"
"2132040258","1533565938","0.342593"
"1533565938","2133184187","0.0925926"
"2133184187","1533565938","0.0925926"
"1533565938","2138456883","0.180556"
"2138456883","1533565938","0.180556"
"1533565938","2142149253","0.388889"
"2142149253","1533565938","0.388889"
"1533565938","2148429329","1.45926"
"2148429329","1533565938","1.45926"
"1533565938","2168859597","0.217593"
"2168859597","1533565938","0.217593"
"1533565938","2170541679","0.217593"
"2170541679","1533565938","0.217593"
"163516436","1965170530","0.0555556"
"1965170530","163516436","0.0555556"
"163516436","1990476851","0.294516"
"1990476851","163516436","0.294516"
"163516436","1996883034","0.491667"
"1996883034","163516436","0.491667"
"163516436","2010378115","0.257479"
"2010378115","163516436","0.257479"
"163516436","2020605528","8.28084"
"2020605528","163516436","8.28084"
"163516436","2035310745","0.132479"
"2035310745","163516436","0.132479"
"163516436","2087752589","0.941799"
"2087752589","163516436","0.941799"
"163516436","2104655097","0.0555556"
"2104655097","163516436","0.0555556"
"163516436","2132040258","1.04452"
"2132040258","163516436","1.04452"
"163516436","2133184187","0.826142"
"2133184187","163516436","0.826142"
"163516436","2138456883","0.42601"
"2138456883","163516436","0.42601"
"163516436","2142149253","0.357479"
"2142149253","163516436","0.357479"
"163516436","2148429329","1.36418"
"2148429329","163516436","1.36418"
"163516436","2168859597","0.965825"
"2168859597","163516436","0.965825"
"163516436","2170541679","2.35093"
"2170541679","163516436","2.35093"
"1965170530","1990476851","0.388889"
"1990476851","1965170530","0.388889"
"1965170530","1996883034","0.0555556"
"1996883034","1965170530","0.0555556"
"1965170530","2010378115","0.0555556"
"2010378115","1965170530","0.0555556"
"1965170530","2020605528","0.0555556"
"2020605528","1965170530","0.0555556"
"1965170530","2035310745","0.0555556"
"2035310745","1965170530","0.0555556"
"1965170530","2087752589","0.0990338"
"2087752589","1965170530","0.0990338"
"1965170530","2104655097","0.0555556"
"2104655097","1965170530","0.0555556"
"1965170530","2132040258","0.0555556"
"2132040258","1965170530","0.0555556"
"1965170530","2133184187","0.0555556"
"2133184187","1965170530","0.0555556"
"1965170530","2138456883","0.0555556"
"2138456883","1965170530","0.0555556"
"1965170530","2142149253","0.0555556"
"2142149253","1965170530","0.0555556"
"1965170530","2148429329","0.0555556"
"2148429329","1965170530","0.0555556"
"1965170530","2168859597","0.0555556"
"2168859597","1965170530","0.0555556"
"1965170530","2170541679","0.0555556"
"2170541679","1965170530","0.0555556"
"1990476851","1996883034","0.905556"
"1996883034","1990476851","0.905556"
"1990476851","2010378115","0.465812"
"2010378115","1990476851","0.465812"
"1990476851","2020605528","0.294516"
"2020605528","1990476851","0.294516"
"1990476851","2035310745","0.132479"
"2035310745","1990476851","0.132479"
"1990476851","2087752589","0.675926"
"2087752589","1990476851","0.675926"
"1990476851","2104655097","0.555556"
"2104655097","1990476851","0.555556"
"1990476851","2132040258","0.669516"
"2132040258","1990476851","0.669516"
"1990476851","2133184187","0.342593"
"2133184187","1990476851","0.342593"
"1990476851","2138456883","0.305556"
"2138456883","1990476851","0.305556"
"1990476851","2142149253","1.46581"
"2142149253","1990476851","1.46581"
"1990476851","2148429329","2.82785"
"2148429329","1990476851","2.82785"
"1990476851","2168859597","0.342593"
"2168859597","1990476851","0.342593"
"1990476851","2170541679","0.0925926"
"2170541679","1990476851","0.0925926"
"1996883034","2010378115","0.0555556"
"2010378115","1996883034","0.0555556"
"1996883034","2020605528","0.491667"
"2020605528","1996883034","0.491667"
"1996883034","2035310745","0.0555556"
"2035310745","1996883034","0.0555556"
"1996883034","2087752589","0.333333"
"2087752589","1996883034","0.333333"
"1996883034","2104655097","1.62222"
"2104655097","1996883034","1.62222"
"1996883034","2132040258","0.526984"
"2132040258","1996883034","0.526984"
"1996883034","2133184187","0.0555556"
"2133184187","1996883034","0.0555556"
"1996883034","2138456883","0.0555556"
"2138456883","1996883034","0.0555556"
"1996883034","2142149253","0.0555556"
"2142149253","1996883034","0.0555556"
"1996883034","2148429329","4.29643"
"2148429329","1996883034","4.29643"
"1996883034","2168859597","0.438095"
"2168859597","1996883034","0.438095"
"1996883034","2170541679","0.326984"
"2170541679","1996883034","0.326984"
"2010378115","2020605528","0.257479"
"2020605528","2010378115","0.257479"
"2010378115","2035310745","0.632479"
"2035310745","2010378115","0.632479"
"2010378115","2087752589","0.180556"
"2087752589","2010378115","0.180556"
"2010378115","2104655097","1.05556"
"2104655097","2010378115","1.05556"
"2010378115","2132040258","0.457479"
"2132040258","2010378115","0.457479"
"2010378115","2133184187","0.0555556"
"2133184187","2010378115","0.0555556"
"2010378115","2138456883","0.805556"
"2138456883","2010378115","0.805556"
"2010378115","2142149253","5.267"
"2142149253","2010378115","5.267"
"2010378115","2148429329","1.13248"
"2148429329","2010378115","1.13248"
"2010378115","2168859597","0.380556"
"2168859597","2010378115","0.380556"
"2010378115","2170541679","0.305556"
"2170541679","2010378115","0.305556"
"2020605528","2035310745","0.132479"
"2035310745","2020605528","0.132479"
"2020605528","2087752589","0.941799"
"2087752589","2020605528","0.941799"
"2020605528","2104655097","0.0555556"
"2104655097","2020605528","0.0555556"
"2020605528","2132040258","1.04452"
"2132040258","2020605528","1.04452"
"2020605528","2133184187","0.576142"
"2133184187","2020605528","0.576142"
"2020605528","2138456883","0.42601"
"2138456883","2020605528","0.42601"
"2020605528","2142149253","0.357479"
"2142149253","2020605528","0.357479"
"2020605528","2148429329","1.36418"
"2148429329","2020605528","1.36418"
"2020605528","2168859597","0.965825"
"2168859597","2020605528","0.965825"
"2020605528","2170541679","5.35093"
"2170541679","2020605528","5.35093"
"2035310745","2087752589","0.0555556"
"2087752589","2035310745","0.0555556"
"2035310745","2104655097","0.0555556"
"2104655097","2035310745","0.0555556"
"2035310745","2132040258","0.132479"
"2132040258","2035310745","0.132479"
"2035310745","2133184187","0.0555556"
"2133184187","2035310745","0.0555556"
"2035310745","2138456883","0.0555556"
"2138456883","2035310745","0.0555556"
"2035310745","2142149253","0.132479"
"2142149253","2035310745","0.132479"
"2035310745","2148429329","0.632479"
"2148429329","2035310745","0.632479"
"2035310745","2168859597","0.0555556"
"2168859597","2035310745","0.0555556"
"2035310745","2170541679","0.0555556"
"2170541679","2035310745","0.0555556"
"2087752589","2104655097","0.0555556"
"2104655097","2087752589","0.0555556"
"2087752589","2132040258","0.642593"
"2132040258","2087752589","0.642593"
"2087752589","2133184187","1.44735"
"2133184187","2087752589","1.44735"
"2087752589","2138456883","1.72563"
"2138456883","2087752589","1.72563"
"2087752589","2142149253","0.738889"
"2142149253","2087752589","0.738889"
"2087752589","2148429329","1.1168"
"2148429329","2087752589","1.1168"
"2087752589","2168859597","1.7787"
"2168859597","2087752589","1.7787"
"2087752589","2170541679","0.917593"
"2170541679","2087752589","0.917593"
"2104655097","2132040258","0.0555556"
"2132040258","2104655097","0.0555556"
"2104655097","2133184187","0.0555556"
"2133184187","2104655097","0.0555556"
"2104655097","2138456883","0.0555556"
"2138456883","2104655097","0.0555556"
"2104655097","2142149253","0.0555556"
"2142149253","2104655097","0.0555556"
"2104655097","2148429329","0.788889"
"2148429329","2104655097","0.788889"
"2104655097","2168859597","0.0555556"
"2168859597","2104655097","0.0555556"
"2104655097","2170541679","0.0555556"
"2170541679","2104655097","0.0555556"
"2132040258","2133184187","0.192593"
"2133184187","2132040258","0.192593"
"2132040258","2138456883","0.480556"
"2138456883","2132040258","0.480556"
"2132040258","2142149253","0.557479"
"2142149253","2132040258","0.557479"
"2132040258","2148429329","0.840944"
"2148429329","2132040258","0.840944"
"2132040258","2168859597","2.01402"
"2168859597","2132040258","2.01402"
"2132040258","2170541679","0.889021"
"2170541679","2132040258","0.889021"
"2133184187","2138456883","1.07238"
"2138456883","2133184187","1.07238"
"2133184187","2142149253","0.155556"
"2142149253","2133184187","0.155556"
"2133184187","2148429329","0.386399"
"2148429329","2133184187","0.386399"
"2133184187","2168859597","0.842748"
"2168859597","2133184187","0.842748"
"2133184187","2170541679","0.192593"
"2170541679","2133184187","0.192593"
"2138456883","2142149253","0.613889"
"2142149253","2138456883","0.613889"
"2138456883","2148429329","0.402933"
"2148429329","2138456883","0.402933"
"2138456883","2168859597","5.21404"
"2168859597","2138456883","5.21404"
"2138456883","2170541679","1.43889"
"2170541679","2138456883","1.43889"
"2142149253","2148429329","0.232479"
"2148429329","2142149253","0.232479"
"2142149253","2168859597","0.255556"
"2168859597","2142149253","0.255556"
"2142149253","2170541679","0.180556"
"2170541679","2142149253","0.180556"
"2148429329","2168859597","0.59751"
"2168859597","2148429329","0.59751"
"2148429329","2170541679","0.497355"
"2170541679","2148429329","0.497355"
"2168859597","2170541679","2.70569"
"2170541679","2168859597","2.70569"
"144593342","1997838466","2.29296"
"1997838466","144593342","2.29296"
"144593342","2138789621","1.5"
"2138789621","144593342","1.5"
"144593342","1593969158","2.02051"
"1593969158","144593342","2.02051"
"144593342","2041540104","0.866667"
"2041540104","144593342","0.866667"
"144593342","2142656852","0.366667"
"2142656852","144593342","0.366667"
"2041540104","2126292905","2.36667"
"2126292905","2041540104","2.36667"
"2041540104","2133771440","2.4"
"2133771440","2041540104","2.4"
"2041540104","2141283845","5.36667"
"2141283845","2041540104","5.36667"
"2041540104","2142656852","1.06667"
"2142656852","2041540104","1.06667"
"2126292905","2142656852","0.366667"
"2142656852","2126292905","0.366667"
"2133771440","2142656852","3.11014"
"2142656852","2133771440","3.11014"
"2141283845","2142656852","0.366667"
"2142656852","2141283845","0.366667"
"144593342","1486585997","0.922594"
"1486585997","144593342","0.922594"
"1486585997","1997838466","1.91249"
"1997838466","1486585997","1.91249"
"1486585997","2087752589","0.512338"
"2087752589","1486585997","0.512338"
"1486585997","2138456883","0.830808"
"2138456883","1486585997","0.830808"
"1997838466","2087752589","2.59104"
"2087752589","1997838466","2.59104"
"1997838466","2138456883","5.83359"
"2138456883","1997838466","5.83359"
"144593342","2076396292","0.576923"
"2076396292","144593342","0.576923"
"2076396292","2133184187","0.576923"
"2133184187","2076396292","0.576923"
"144593342","2097064254","0.25"
"2097064254","144593342","0.25"
"144593342","2160105955","1.83333"
"2160105955","144593342","1.83333"
"144593342","2892795","0.833333"
"2892795","144593342","0.833333"
"1990476851","2097064254","0.25"
"2097064254","1990476851","0.25"
"1990476851","2160105955","0.25"
"2160105955","1990476851","0.25"
"1990476851","2892795","0.25"
"2892795","1990476851","0.25"
"2097064254","2160105955","0.25"
"2160105955","2097064254","0.25"
"2097064254","2892795","0.25"
"2892795","2097064254","0.25"
"2160105955","2892795","17.846"
"2892795","2160105955","17.846"
"144593342","2158392373","1.08645"
"2158392373","144593342","1.08645"
"1593969158","1992665668","0.972645"
"1992665668","1593969158","0.972645"
"1593969158","2158392373","2.77576"
"2158392373","1593969158","2.77576"
"1992665668","2158392373","2.47265"
"2158392373","1992665668","2.47265"
"1486585997","2104655097","0.333333"
"2104655097","1486585997","0.333333"
"1997838466","2104655097","0.333333"
"2104655097","1997838466","0.333333"
"144593342","2136144414","1.78704"
"2136144414","144593342","1.78704"
"144593342","1987865193","0.321429"
"1987865193","144593342","0.321429"
"144593342","2101287943","0.25"
"2101287943","144593342","0.25"
"144593342","2244986585","0.25"
"2244986585","144593342","0.25"
"1987865193","1990476851","0.25"
"1990476851","1987865193","0.25"
"1987865193","2101287943","0.25"
"2101287943","1987865193","0.25"
"1987865193","2244986585","0.75"
"2244986585","1987865193","0.75"
"1990476851","2101287943","1.01859"
"2101287943","1990476851","1.01859"
"1990476851","2244986585","0.25"
"2244986585","1990476851","0.25"
"2101287943","2244986585","0.25"
"2244986585","2101287943","0.25"
"144593342","1560291400","0.037037"
"1560291400","144593342","0.037037"
"144593342","1607742411","0.037037"
"1607742411","144593342","0.037037"
"144593342","1985943920","0.127946"
"1985943920","144593342","0.127946"
"144593342","1993085143","0.037037"
"1993085143","144593342","0.037037"
"144593342","1996774168","0.108466"
"1996774168","144593342","0.108466"
"144593342","1999194276","0.037037"
"1999194276","144593342","0.037037"
"144593342","2015174807","0.127946"
"2015174807","144593342","0.127946"
"144593342","2081994413","0.21396"
"2081994413","144593342","0.21396"
"144593342","2091962126","0.127946"
"2091962126","144593342","0.127946"
"144593342","2121990042","0.458466"
"2121990042","144593342","0.458466"
"144593342","2125779607","0.256817"
"2125779607","144593342","0.256817"
"144593342","2159181336","0.199375"
"2159181336","144593342","0.199375"
"144593342","2170236196","0.690151"
"2170236196","144593342","0.690151"
"1533565938","1560291400","0.330515"
"1560291400","1533565938","0.330515"
"1533565938","1607742411","0.037037"
"1607742411","1533565938","0.037037"
"1533565938","1985943920","0.037037"
"1985943920","1533565938","0.037037"
"1533565938","1993085143","0.037037"
"1993085143","1533565938","0.037037"
"1533565938","1996774168","0.037037"
"1996774168","1533565938","0.037037"
"1533565938","1997838466","0.037037"
"1997838466","1533565938","0.037037"
"1533565938","1999194276","0.037037"
"1999194276","1533565938","0.037037"
"1533565938","2015174807","0.037037"
"2015174807","1533565938","0.037037"
"1533565938","2081994413","0.037037"
"2081994413","1533565938","0.037037"
"1533565938","2091962126","0.037037"
"2091962126","1533565938","0.037037"
"1533565938","2121990042","0.578704"
"2121990042","1533565938","0.578704"
"1533565938","2125779607","0.0805153"
"2125779607","1533565938","0.0805153"
"1533565938","2133771440","0.0805153"
"2133771440","1533565938","0.0805153"
"1533565938","2136144414","0.037037"
"2136144414","1533565938","0.037037"
"1533565938","2159181336","0.037037"
"2159181336","1533565938","0.037037"
"1533565938","2159837087","1.12218"
"2159837087","1533565938","1.12218"
"1533565938","2170236196","0.037037"
"2170236196","1533565938","0.037037"
"1560291400","1607742411","0.037037"
"1607742411","1560291400","0.037037"
"1560291400","163516436","0.037037"
"163516436","1560291400","0.037037"
"1560291400","1985943920","0.037037"
"1985943920","1560291400","0.037037"
"1560291400","1990476851","0.037037"
"1990476851","1560291400","0.037037"
"1560291400","1993085143","0.037037"
"1993085143","1560291400","0.037037"
"1560291400","1996774168","0.037037"
"1996774168","1560291400","0.037037"
"1560291400","1997838466","0.037037"
"1997838466","1560291400","0.037037"
"1560291400","1999194276","0.037037"
"1999194276","1560291400","0.037037"
"1560291400","2015174807","0.037037"
"2015174807","1560291400","0.037037"
"1560291400","2020605528","0.037037"
"2020605528","1560291400","0.037037"
"1560291400","2081994413","0.037037"
"2081994413","1560291400","0.037037"
"1560291400","2087752589","0.0805153"
"2087752589","1560291400","0.0805153"
"1560291400","2091962126","0.037037"
"2091962126","1560291400","0.037037"
"1560291400","2121990042","0.037037"
"2121990042","1560291400","0.037037"
"1560291400","2125779607","0.0805153"
"2125779607","1560291400","0.0805153"
"1560291400","2132040258","0.037037"
"2132040258","1560291400","0.037037"
"1560291400","2133184187","0.037037"
"2133184187","1560291400","0.037037"
"1560291400","2133771440","0.0805153"
"2133771440","1560291400","0.0805153"
"1560291400","2136144414","0.037037"
"2136144414","1560291400","0.037037"
"1560291400","2148429329","0.037037"
"2148429329","1560291400","0.037037"
"1560291400","2159181336","0.037037"
"2159181336","1560291400","0.037037"
"1560291400","2159837087","2.47496"
"2159837087","1560291400","2.47496"
"1560291400","2168859597","0.037037"
"2168859597","1560291400","0.037037"
"1560291400","2170236196","0.037037"
"2170236196","1560291400","0.037037"
"1560291400","2170541679","0.037037"
"2170541679","1560291400","0.037037"
"1607742411","163516436","0.37037"
"163516436","1607742411","0.37037"
"1607742411","1985943920","0.037037"
"1985943920","1607742411","0.037037"
"1607742411","1990476851","0.037037"
"1990476851","1607742411","0.037037"
"1607742411","1993085143","0.037037"
"1993085143","1607742411","0.037037"
"1607742411","1996774168","0.037037"
"1996774168","1607742411","0.037037"
"1607742411","1997838466","0.037037"
"1997838466","1607742411","0.037037"
"1607742411","1999194276","0.037037"
"1999194276","1607742411","0.037037"
"1607742411","2015174807","0.037037"
"2015174807","1607742411","0.037037"
"1607742411","2020605528","0.37037"
"2020605528","1607742411","0.37037"
"1607742411","2081994413","0.037037"
"2081994413","1607742411","0.037037"
"1607742411","2087752589","0.037037"
"2087752589","1607742411","0.037037"
"1607742411","2091962126","0.037037"
"2091962126","1607742411","0.037037"
"1607742411","2121990042","0.037037"
"2121990042","1607742411","0.037037"
"1607742411","2125779607","0.037037"
"2125779607","1607742411","0.037037"
"1607742411","2132040258","0.037037"
"2132040258","1607742411","0.037037"
"1607742411","2133184187","0.037037"
"2133184187","1607742411","0.037037"
"1607742411","2133771440","0.037037"
"2133771440","1607742411","0.037037"
"1607742411","2136144414","0.037037"
"2136144414","1607742411","0.037037"
"1607742411","2148429329","0.037037"
"2148429329","1607742411","0.037037"
"1607742411","2159181336","0.037037"
"2159181336","1607742411","0.037037"
"1607742411","2159837087","0.037037"
"2159837087","1607742411","0.037037"
"1607742411","2168859597","0.037037"
"2168859597","1607742411","0.037037"
"1607742411","2170236196","0.037037"
"2170236196","1607742411","0.037037"
"1607742411","2170541679","0.037037"
"2170541679","1607742411","0.037037"
"163516436","1985943920","0.037037"
"1985943920","163516436","0.037037"
"163516436","1993085143","0.447293"
"1993085143","163516436","0.447293"
"163516436","1996774168","0.108466"
"1996774168","163516436","0.108466"
"163516436","1997838466","0.50392"
"1997838466","163516436","0.50392"
"163516436","1999194276","0.037037"
"1999194276","163516436","0.037037"
"163516436","2015174807","0.037037"
"2015174807","163516436","0.037037"
"163516436","2081994413","0.37037"
"2081994413","163516436","0.37037"
"163516436","2091962126","0.037037"
"2091962126","163516436","0.037037"
"163516436","2121990042","1.06958"
"2121990042","163516436","1.06958"
"163516436","2125779607","0.282492"
"2125779607","163516436","0.282492"
"163516436","2133771440","0.037037"
"2133771440","163516436","0.037037"
"163516436","2136144414","0.037037"
"2136144414","163516436","0.037037"
"163516436","2159181336","0.208466"
"2159181336","163516436","0.208466"
"163516436","2159837087","0.037037"
"2159837087","163516436","0.037037"
"163516436","2170236196","0.0824916"
"2170236196","163516436","0.0824916"
"1985943920","1990476851","0.037037"
"1990476851","1985943920","0.037037"
"1985943920","1993085143","0.037037"
"1993085143","1985943920","0.037037"
"1985943920","1996774168","0.037037"
"1996774168","1985943920","0.037037"
"1985943920","1997838466","0.572391"
"1997838466","1985943920","0.572391"
"1985943920","1999194276","0.037037"
"1999194276","1985943920","0.037037"
"1985943920","2015174807","6.32795"
"2015174807","1985943920","6.32795"
"1985943920","2020605528","0.037037"
"2020605528","1985943920","0.037037"
"1985943920","2081994413","0.037037"
"2081994413","1985943920","0.037037"
"1985943920","2087752589","0.127946"
"2087752589","1985943920","0.127946"
"1985943920","2091962126","6.27239"
"2091962126","1985943920","6.27239"
"1985943920","2121990042","0.037037"
"2121990042","1985943920","0.037037"
"1985943920","2125779607","0.037037"
"2125779607","1985943920","0.037037"
"1985943920","2132040258","0.037037"
"2132040258","1985943920","0.037037"
"1985943920","2133184187","0.037037"
"2133184187","1985943920","0.037037"
"1985943920","2133771440","0.037037"
"2133771440","1985943920","0.037037"
"1985943920","2136144414","0.203704"
"2136144414","1985943920","0.203704"
"1985943920","2148429329","0.037037"
"2148429329","1985943920","0.037037"
"1985943920","2159181336","1.62795"
"2159181336","1985943920","1.62795"
"1985943920","2159837087","0.037037"
"2159837087","1985943920","0.037037"
"1985943920","2168859597","0.037037"
"2168859597","1985943920","0.037037"
"1985943920","2170236196","0.037037"
"2170236196","1985943920","0.037037"
"1985943920","2170541679","0.037037"
"2170541679","1985943920","0.037037"
"1990476851","1993085143","1.78063"
"1993085143","1990476851","1.78063"
"1990476851","1996774168","0.037037"
"1996774168","1990476851","0.037037"
"1990476851","1997838466","0.037037"
"1997838466","1990476851","0.037037"
"1990476851","1999194276","0.037037"
"1999194276","1990476851","0.037037"
"1990476851","2015174807","0.037037"
"2015174807","1990476851","0.037037"
"1990476851","2081994413","0.162037"
"2081994413","1990476851","0.162037"
"1990476851","2091962126","0.037037"
"2091962126","1990476851","0.037037"
"1990476851","2121990042","0.037037"
"2121990042","1990476851","0.037037"
"1990476851","2125779607","0.037037"
"2125779607","1990476851","0.037037"
"1990476851","2133771440","0.037037"
"2133771440","1990476851","0.037037"
"1990476851","2136144414","0.037037"
"2136144414","1990476851","0.037037"
"1990476851","2159181336","0.037037"
"2159181336","1990476851","0.037037"
"1990476851","2159837087","0.037037"
"2159837087","1990476851","0.037037"
"1990476851","2170236196","0.037037"
"2170236196","1990476851","0.037037"
"1993085143","1996774168","0.037037"
"1996774168","1993085143","0.037037"
"1993085143","1997838466","0.037037"
"1997838466","1993085143","0.037037"
"1993085143","1999194276","0.037037"
"1999194276","1993085143","0.037037"
"1993085143","2015174807","0.037037"
"2015174807","1993085143","0.037037"
"1993085143","2020605528","0.447293"
"2020605528","1993085143","0.447293"
"1993085143","2081994413","3.27513"
"2081994413","1993085143","3.27513"
"1993085143","2087752589","0.099537"
"2087752589","1993085143","0.099537"
"1993085143","2091962126","0.037037"
"2091962126","1993085143","0.037037"
"1993085143","2121990042","0.108466"
"2121990042","1993085143","0.108466"
"1993085143","2125779607","0.170966"
"2125779607","1993085143","0.170966"
"1993085143","2132040258","0.185389"
"2132040258","1993085143","0.185389"
"1993085143","2133184187","0.037037"
"2133184187","1993085143","0.037037"
"1993085143","2133771440","1.03704"
"2133771440","1993085143","1.03704"
"1993085143","2136144414","0.037037"
"2136144414","1993085143","0.037037"
"1993085143","2148429329","0.185389"
"2148429329","1993085143","0.185389"
"1993085143","2159181336","0.037037"
"2159181336","1993085143","0.037037"
"1993085143","2159837087","0.037037"
"2159837087","1993085143","0.037037"
"1993085143","2168859597","0.108466"
"2168859597","1993085143","0.108466"
"1993085143","2170236196","0.037037"
"2170236196","1993085143","0.037037"
"1993085143","2170541679","0.108466"
"2170541679","1993085143","0.108466"
"1996774168","1997838466","0.483466"
"1997838466","1996774168","0.483466"
"1996774168","1999194276","0.037037"
"1999194276","1996774168","0.037037"
"1996774168","2015174807","0.037037"
"2015174807","1996774168","0.037037"
"1996774168","2020605528","0.108466"
"2020605528","1996774168","0.108466"
"1996774168","2081994413","0.037037"
"2081994413","1996774168","0.037037"
"1996774168","2087752589","0.483466"
"2087752589","1996774168","0.483466"
"1996774168","2091962126","0.037037"
"2091962126","1996774168","0.037037"
"1996774168","2121990042","0.324375"
"2121990042","1996774168","0.324375"
"1996774168","2125779607","0.037037"
"2125779607","1996774168","0.037037"
"1996774168","2132040258","0.037037"
"2132040258","1996774168","0.037037"
"1996774168","2133184187","0.108466"
"2133184187","1996774168","0.108466"
"1996774168","2133771440","0.037037"
"2133771440","1996774168","0.037037"
"1996774168","2136144414","0.037037"
"2136144414","1996774168","0.037037"
"1996774168","2148429329","0.233466"
"2148429329","1996774168","0.233466"
"1996774168","2159181336","0.108466"
"2159181336","1996774168","0.108466"
"1996774168","2159837087","0.037037"
"2159837087","1996774168","0.037037"
"1996774168","2168859597","0.037037"
"2168859597","1996774168","0.037037"
"1996774168","2170236196","0.162037"
"2170236196","1996774168","0.162037"
"1996774168","2170541679","0.037037"
"2170541679","1996774168","0.037037"
"1997838466","1999194276","0.037037"
"1999194276","1997838466","0.037037"
"1997838466","2015174807","0.127946"
"2015174807","1997838466","0.127946"
"1997838466","2020605528","0.25392"
"2020605528","1997838466","0.25392"
"1997838466","2081994413","0.21396"
"2081994413","1997838466","0.21396"
"1997838466","2091962126","0.239057"
"2091962126","1997838466","0.239057"
"1997838466","2121990042","0.87791"
"2121990042","1997838466","0.87791"
"1997838466","2125779607","0.193603"
"2125779607","1997838466","0.193603"
"1997838466","2132040258","0.037037"
"2132040258","1997838466","0.037037"
"1997838466","2133184187","1.95862"
"2133184187","1997838466","1.95862"
"1997838466","2133771440","0.037037"
"2133771440","1997838466","0.037037"
"1997838466","2136144414","0.037037"
"2136144414","1997838466","0.037037"
"1997838466","2148429329","0.27892"
"2148429329","1997838466","0.27892"
"1997838466","2159181336","0.299375"
"2159181336","1997838466","0.299375"
"1997838466","2159837087","0.037037"
"2159837087","1997838466","0.037037"
"1997838466","2168859597","0.543603"
"2168859597","1997838466","0.543603"
"1997838466","2170236196","0.918603"
"2170236196","1997838466","0.918603"
"1997838466","2170541679","0.387037"
"2170541679","1997838466","0.387037"
"1999194276","2015174807","0.037037"
"2015174807","1999194276","0.037037"
"1999194276","2020605528","0.037037"
"2020605528","1999194276","0.037037"
"1999194276","2081994413","0.037037"
"2081994413","1999194276","0.037037"
"1999194276","2087752589","0.037037"
"2087752589","1999194276","0.037037"
"1999194276","2091962126","0.037037"
"2091962126","1999194276","0.037037"
"1999194276","2121990042","0.037037"
"2121990042","1999194276","0.037037"
"1999194276","2125779607","0.037037"
"2125779607","1999194276","0.037037"
"1999194276","2132040258","0.037037"
"2132040258","1999194276","0.037037"
"1999194276","2133184187","0.037037"
"2133184187","1999194276","0.037037"
"1999194276","2133771440","0.037037"
"2133771440","1999194276","0.037037"
"1999194276","2136144414","0.037037"
"2136144414","1999194276","0.037037"
"1999194276","2148429329","0.037037"
"2148429329","1999194276","0.037037"
"1999194276","2159181336","0.190883"
"2159181336","1999194276","0.190883"
"1999194276","2159837087","0.037037"
"2159837087","1999194276","0.037037"
"1999194276","2168859597","0.037037"
"2168859597","1999194276","0.037037"
"1999194276","2170236196","0.037037"
"2170236196","1999194276","0.037037"
"1999194276","2170541679","0.037037"
"2170541679","1999194276","0.037037"
"2015174807","2020605528","0.037037"
"2020605528","2015174807","0.037037"
"2015174807","2081994413","0.037037"
"2081994413","2015174807","0.037037"
"2015174807","2087752589","0.127946"
"2087752589","2015174807","0.127946"
"2015174807","2091962126","3.32795"
"2091962126","2015174807","3.32795"
"2015174807","2121990042","0.037037"
"2121990042","2015174807","0.037037"
"2015174807","2125779607","0.037037"
"2125779607","2015174807","0.037037"
"2015174807","2132040258","0.037037"
"2132040258","2015174807","0.037037"
"2015174807","2133184187","0.037037"
"2133184187","2015174807","0.037037"
"2015174807","2133771440","0.037037"
"2133771440","2015174807","0.037037"
"2015174807","2136144414","0.037037"
"2136144414","2015174807","0.037037"
"2015174807","2148429329","0.037037"
"2148429329","2015174807","0.037037"
"2015174807","2159181336","1.12795"
"2159181336","2015174807","1.12795"
"2015174807","2159837087","0.037037"
"2159837087","2015174807","0.037037"
"2015174807","2168859597","0.037037"
"2168859597","2015174807","0.037037"
"2015174807","2170236196","0.037037"
"2170236196","2015174807","0.037037"
"2015174807","2170541679","0.037037"
"2170541679","2015174807","0.037037"
"2020605528","2081994413","0.37037"
"2081994413","2020605528","0.37037"
"2020605528","2091962126","0.037037"
"2091962126","2020605528","0.037037"
"2020605528","2121990042","1.06958"
"2121990042","2020605528","1.06958"
"2020605528","2125779607","0.282492"
"2125779607","2020605528","0.282492"
"2020605528","2133771440","0.037037"
"2133771440","2020605528","0.037037"
"2020605528","2136144414","0.037037"
"2136144414","2020605528","0.037037"
"2020605528","2159181336","0.208466"
"2159181336","2020605528","0.208466"
"2020605528","2159837087","0.037037"
"2159837087","2020605528","0.037037"
"2020605528","2170236196","0.0824916"
"2170236196","2020605528","0.0824916"
"2081994413","2087752589","0.137037"
"2087752589","2081994413","0.137037"
"2081994413","2091962126","0.037037"
"2091962126","2081994413","0.037037"
"2081994413","2121990042","0.208466"
"2121990042","2081994413","0.208466"
"2081994413","2125779607","0.108466"
"2125779607","2081994413","0.108466"
"2081994413","2132040258","0.108466"
"2132040258","2081994413","0.108466"
"2081994413","2133184187","0.21396"
"2133184187","2081994413","0.21396"
"2081994413","2133771440","0.037037"
"2133771440","2081994413","0.037037"
"2081994413","2136144414","0.037037"
"2136144414","2081994413","0.037037"
"2081994413","2148429329","0.233466"
"2148429329","2081994413","0.233466"
"2081994413","2159181336","0.037037"
"2159181336","2081994413","0.037037"
"2081994413","2159837087","0.037037"
"2159837087","2081994413","0.037037"
"2081994413","2168859597","0.441799"
"2168859597","2081994413","0.441799"
"2081994413","2170236196","0.137037"
"2170236196","2081994413","0.137037"
"2081994413","2170541679","0.108466"
"2170541679","2081994413","0.108466"
"2087752589","2091962126","0.127946"
"2091962126","2087752589","0.127946"
"2087752589","2121990042","1.98624"
"2121990042","2087752589","1.98624"
"2087752589","2125779607","0.454126"
"2125779607","2087752589","0.454126"
"2087752589","2133771440","0.0805153"
"2133771440","2087752589","0.0805153"
"2087752589","2136144414","0.037037"
"2136144414","2087752589","0.037037"
"2087752589","2159181336","0.199375"
"2159181336","2087752589","0.199375"
"2087752589","2159837087","0.0805153"
"2159837087","2087752589","0.0805153"
"2087752589","2170236196","0.262037"
"2170236196","2087752589","0.262037"
"2091962126","2121990042","0.037037"
"2121990042","2091962126","0.037037"
"2091962126","2125779607","0.037037"
"2125779607","2091962126","0.037037"
"2091962126","2132040258","0.037037"
"2132040258","2091962126","0.037037"
"2091962126","2133184187","0.037037"
"2133184187","2091962126","0.037037"
"2091962126","2133771440","0.037037"
"2133771440","2091962126","0.037037"
"2091962126","2136144414","0.403704"
"2136144414","2091962126","0.403704"
"2091962126","2148429329","0.037037"
"2148429329","2091962126","0.037037"
"2091962126","2159181336","1.49461"
"2159181336","2091962126","1.49461"
"2091962126","2159837087","0.037037"
"2159837087","2091962126","0.037037"
"2091962126","2168859597","0.037037"
"2168859597","2091962126","0.037037"
"2091962126","2170236196","0.037037"
"2170236196","2091962126","0.037037"
"2091962126","2170541679","0.037037"
"2170541679","2091962126","0.037037"
"2121990042","2125779607","0.619577"
"2125779607","2121990042","0.619577"
"2121990042","2132040258","1.20847"
"2132040258","2121990042","1.20847"
"2121990042","2133184187","0.419577"
"2133184187","2121990042","0.419577"
"2121990042","2133771440","0.287037"
"2133771440","2121990042","0.287037"
"2121990042","2136144414","0.287037"
"2136144414","2121990042","0.287037"
"2121990042","2148429329","2.64934"
"2148429329","2121990042","2.64934"
"2121990042","2159181336","0.208466"
"2159181336","2121990042","0.208466"
"2121990042","2159837087","0.037037"
"2159837087","2121990042","0.037037"
"2121990042","2168859597","2.40569"
"2168859597","2121990042","2.40569"
"2121990042","2170236196","0.373148"
"2170236196","2121990042","0.373148"
"2121990042","2170541679","0.733466"
"2170541679","2121990042","0.733466"
"2125779607","2132040258","0.708466"
"2132040258","2125779607","0.708466"
"2125779607","2133184187","0.413383"
"2133184187","2125779607","0.413383"
"2125779607","2133771440","0.407438"
"2133771440","2125779607","0.407438"
"2125779607","2136144414","0.037037"
"2136144414","2125779607","0.037037"
"2125779607","2148429329","0.15392"
"2148429329","2125779607","0.15392"
"2125779607","2159181336","0.037037"
"2159181336","2125779607","0.037037"
"2125779607","2159837087","0.0805153"
"2159837087","2125779607","0.0805153"
"2125779607","2168859597","0.665031"
"2168859597","2125779607","0.665031"
"2125779607","2170236196","1.41338"
"2170236196","2125779607","1.41338"
"2125779607","2170541679","1.00847"
"2170541679","2125779607","1.00847"
"2132040258","2133771440","0.037037"
"2133771440","2132040258","0.037037"
"2132040258","2136144414","0.037037"
"2136144414","2132040258","0.037037"
"2132040258","2159181336","0.037037"
"2159181336","2132040258","0.037037"
"2132040258","2159837087","0.037037"
"2159837087","2132040258","0.037037"
"2132040258","2170236196","0.037037"
"2170236196","2132040258","0.037037"
"2133184187","2133771440","0.11396"
"2133771440","2133184187","0.11396"
"2133184187","2136144414","0.037037"
"2136144414","2133184187","0.037037"
"2133184187","2159181336","0.208466"
"2159181336","2133184187","0.208466"
"2133184187","2159837087","0.037037"
"2159837087","2133184187","0.037037"
"2133184187","2170236196","2.09031"
"2170236196","2133184187","2.09031"
"2133771440","2136144414","0.287037"
"2136144414","2133771440","0.287037"
"2133771440","2148429329","0.037037"
"2148429329","2133771440","0.037037"
"2133771440","2159181336","0.037037"
"2159181336","2133771440","0.037037"
"2133771440","2159837087","0.0805153"
"2159837087","2133771440","0.0805153"
"2133771440","2168859597","0.037037"
"2168859597","2133771440","0.037037"
"2133771440","2170236196","0.11396"
"2170236196","2133771440","0.11396"
"2133771440","2170541679","0.037037"
"2170541679","2133771440","0.037037"
"2136144414","2148429329","0.037037"
"2148429329","2136144414","0.037037"
"2136144414","2159181336","1.1537"
"2159181336","2136144414","1.1537"
"2136144414","2159837087","0.037037"
"2159837087","2136144414","0.037037"
"2136144414","2168859597","0.037037"
"2168859597","2136144414","0.037037"
"2136144414","2170236196","0.037037"
"2170236196","2136144414","0.037037"
"2136144414","2170541679","0.037037"
"2170541679","2136144414","0.037037"
"2148429329","2159181336","0.108466"
"2159181336","2148429329","0.108466"
"2148429329","2159837087","0.037037"
