"1006168843","1497844094","0.252632"
"1497844094","1006168843","0.252632"
"1006168843","1529226136","0.228571"
"1529226136","1006168843","0.228571"
"1006168843","1541483377","2.94787"
"1541483377","1006168843","2.94787"
"1006168843","1551461997","0.281203"
"1551461997","1006168843","0.281203"
"1006168843","1926949488","1.53333"
"1926949488","1006168843","1.53333"
"1497844094","1529226136","2.11819"
"1529226136","1497844094","2.11819"
"1497844094","1541483377","0.329555"
"1541483377","1497844094","0.329555"
"1497844094","1551461997","0.329555"
"1551461997","1497844094","0.329555"
"1497844094","1926949488","1.53333"
"1926949488","1497844094","1.53333"
"1529226136","1541483377","0.305495"
"1541483377","1529226136","0.305495"
"1529226136","1551461997","0.305495"
"1551461997","1529226136","0.305495"
"1529226136","1926949488","1.11667"
"1926949488","1529226136","1.11667"
"1541483377","1551461997","0.91695"
"1551461997","1541483377","0.91695"
"1541483377","1926949488","2.03333"
"1926949488","1541483377","2.03333"
"1551461997","1926949488","0.2"
"1926949488","1551461997","0.2"
"1006168843","2407187628","0.361905"
"2407187628","1006168843","0.361905"
"1541483377","2407187628","0.361905"
"2407187628","1541483377","0.361905"
"1926949488","2407187628","0.333333"
"2407187628","1926949488","0.333333"
"1006168843","1556530724","0.081203"
"1556530724","1006168843","0.081203"
"1006168843","1559729415","0.081203"
"1559729415","1006168843","0.081203"
"1006168843","1560862172","0.0285714"
"1560862172","1006168843","0.0285714"
"1006168843","1576035775","0.0285714"
"1576035775","1006168843","0.0285714"
"1006168843","1583904554","0.0285714"
"1583904554","1006168843","0.0285714"
"1006168843","1596880543","0.081203"
"1596880543","1006168843","0.081203"
"1006168843","172538875","0.081203"
"172538875","1006168843","0.081203"
"1006168843","1794871838","0.081203"
"1794871838","1006168843","0.081203"
"1006168843","1844949470","0.0285714"
"1844949470","1006168843","0.0285714"
"1006168843","1997375126","0.081203"
"1997375126","1006168843","0.081203"
"1006168843","2043885422","0.0285714"
"2043885422","1006168843","0.0285714"
"1006168843","2082002584","0.0285714"
"2082002584","1006168843","0.0285714"
"1006168843","2083658889","0.0285714"
"2083658889","1006168843","0.0285714"
"1006168843","2086529872","0.0285714"
"2086529872","1006168843","0.0285714"
"1006168843","2099918651","0.0285714"
"2099918651","1006168843","0.0285714"
"1006168843","2108094106","0.081203"
"2108094106","1006168843","0.081203"
"1006168843","2118017131","0.0285714"
"2118017131","1006168843","0.0285714"
"1006168843","2118229812","0.0285714"
"2118229812","1006168843","0.0285714"
"1006168843","2122816893","0.081203"
"2122816893","1006168843","0.081203"
"1006168843","2139086573","0.081203"
"2139086573","1006168843","0.081203"
"1006168843","2142550009","0.0285714"
"2142550009","1006168843","0.0285714"
"1006168843","2148291485","0.0285714"
"2148291485","1006168843","0.0285714"
"1006168843","2152029707","0.081203"
"2152029707","1006168843","0.081203"
"1006168843","2165481122","0.081203"
"2165481122","1006168843","0.081203"
"1006168843","2229227208","0.081203"
"2229227208","1006168843","0.081203"
"1006168843","2296408038","0.081203"
"2296408038","1006168843","0.081203"
"1006168843","2411457633","0.0285714"
"2411457633","1006168843","0.0285714"
"1006168843","2944240329","0.081203"
"2944240329","1006168843","0.081203"
"1006168843","2953193493","0.0285714"
"2953193493","1006168843","0.0285714"
"1006168843","942791280","0.0285714"
"942791280","1006168843","0.0285714"
"1006168843","976026051","0.0285714"
"976026051","1006168843","0.0285714"
"1529226136","1556530724","0.373352"
"1556530724","1529226136","0.373352"
"1529226136","1559729415","0.278571"
"1559729415","1529226136","0.278571"
"1529226136","1560862172","0.278571"
"1560862172","1529226136","0.278571"
"1529226136","1576035775","0.0285714"
"1576035775","1529226136","0.0285714"
"1529226136","1583904554","0.0285714"
"1583904554","1529226136","0.0285714"
"1529226136","1596880543","0.105495"
"1596880543","1529226136","0.105495"
"1529226136","172538875","0.296429"
"172538875","1529226136","0.296429"
"1529226136","1794871838","0.438828"
"1794871838","1529226136","0.438828"
"1529226136","1844949470","0.278571"
"1844949470","1529226136","0.278571"
"1529226136","1997375126","0.105495"
"1997375126","1529226136","0.105495"
"1529226136","2043885422","0.153571"
"2043885422","1529226136","0.153571"
"1529226136","2082002584","0.0285714"
"2082002584","1529226136","0.0285714"
"1529226136","2083658889","6.11343"
"2083658889","1529226136","6.11343"
"1529226136","2086529872","0.0285714"
"2086529872","1529226136","0.0285714"
"1529226136","2099918651","0.105495"
"2099918651","1529226136","0.105495"
"1529226136","2108094106","0.0285714"
"2108094106","1529226136","0.0285714"
"1529226136","2118017131","0.0285714"
"2118017131","1529226136","0.0285714"
"1529226136","2118229812","0.403571"
"2118229812","1529226136","0.403571"
"1529226136","2122816893","0.105495"
"2122816893","1529226136","0.105495"
"1529226136","2139086573","0.0285714"
"2139086573","1529226136","0.0285714"
"1529226136","2142550009","0.736905"
"2142550009","1529226136","0.736905"
"1529226136","2148291485","0.0285714"
"2148291485","1529226136","0.0285714"
"1529226136","2152029707","0.643651"
"2152029707","1529226136","0.643651"
"1529226136","2165481122","0.105495"
"2165481122","1529226136","0.105495"
"1529226136","2229227208","0.153571"
"2229227208","1529226136","0.153571"
"1529226136","2296408038","0.0285714"
"2296408038","1529226136","0.0285714"
"1529226136","2407187628","0.0285714"
"2407187628","1529226136","0.0285714"
"1529226136","2411457633","0.403571"
"2411457633","1529226136","0.403571"
"1529226136","2944240329","0.176923"
"2944240329","1529226136","0.176923"
"1529226136","2953193493","0.0285714"
"2953193493","1529226136","0.0285714"
"1529226136","942791280","0.0285714"
"942791280","1529226136","0.0285714"
"1529226136","976026051","0.278571"
"976026051","1529226136","0.278571"
"1541483377","1556530724","0.528061"
"1556530724","1541483377","0.528061"
"1541483377","1559729415","1.0812"
"1559729415","1541483377","1.0812"
"1541483377","1560862172","0.0285714"
"1560862172","1541483377","0.0285714"
"1541483377","1576035775","0.198506"
"1576035775","1541483377","0.198506"
"1541483377","1583904554","0.0285714"
"1583904554","1541483377","0.0285714"
"1541483377","1596880543","0.21695"
"1596880543","1541483377","0.21695"
"1541483377","172538875","0.340027"
"172538875","1541483377","0.340027"
"1541483377","1794871838","0.21695"
"1794871838","1541483377","0.21695"
"1541483377","1844949470","0.0285714"
"1844949470","1541483377","0.0285714"
"1541483377","1997375126","0.21695"
"1997375126","1541483377","0.21695"
"1541483377","2043885422","0.0285714"
"2043885422","1541483377","0.0285714"
"1541483377","2082002584","0.0285714"
"2082002584","1541483377","0.0285714"
"1541483377","2083658889","0.216606"
"2083658889","1541483377","0.216606"
"1541483377","2086529872","0.087395"
"2086529872","1541483377","0.087395"
"1541483377","2099918651","0.105495"
"2099918651","1541483377","0.105495"
"1541483377","2108094106","0.251138"
"2108094106","1541483377","0.251138"
"1541483377","2118017131","0.0285714"
"2118017131","1541483377","0.0285714"
"1541483377","2118229812","0.228571"
"2118229812","1541483377","0.228571"
"1541483377","2122816893","1.26924"
"2122816893","1541483377","1.26924"
"1541483377","2139086573","0.140027"
"2139086573","1541483377","0.140027"
"1541483377","2142550009","0.0285714"
"2142550009","1541483377","0.0285714"
"1541483377","2148291485","0.0285714"
"2148291485","1541483377","0.0285714"
"1541483377","2152029707","0.340027"
"2152029707","1541483377","0.340027"
"1541483377","2165481122","0.71695"
"2165481122","1541483377","0.71695"
"1541483377","2229227208","0.140027"
"2229227208","1541483377","0.140027"
"1541483377","2296408038","0.081203"
"2296408038","1541483377","0.081203"
"1541483377","2411457633","0.0285714"
"2411457633","1541483377","0.0285714"
"1541483377","2944240329","0.158126"
"2944240329","1541483377","0.158126"
"1541483377","2953193493","0.087395"
"2953193493","1541483377","0.087395"
"1541483377","942791280","0.0285714"
"942791280","1541483377","0.0285714"
"1541483377","976026051","0.0285714"
"976026051","1541483377","0.0285714"
"1551461997","1556530724","0.459106"
"1556530724","1551461997","0.459106"
"1551461997","1559729415","0.406693"
"1559729415","1551461997","0.406693"
"1551461997","1560862172","0.354062"
"1560862172","1551461997","0.354062"
"1551461997","1576035775","0.087395"
"1576035775","1551461997","0.087395"
"1551461997","1583904554","0.0285714"
"1583904554","1551461997","0.0285714"
"1551461997","1596880543","0.21695"
"1596880543","1551461997","0.21695"
"1551461997","172538875","0.140027"
"172538875","1551461997","0.140027"
"1551461997","1794871838","0.21695"
"1794871838","1551461997","0.21695"
"1551461997","1844949470","0.354062"
"1844949470","1551461997","0.354062"
"1551461997","1997375126","0.21695"
"1997375126","1551461997","0.21695"
"1551461997","2043885422","0.087395"
"2043885422","1551461997","0.087395"
"1551461997","2082002584","0.0285714"
"2082002584","1551461997","0.0285714"
"1551461997","2083658889","0.105495"
"2083658889","1551461997","0.105495"
"1551461997","2086529872","0.087395"
"2086529872","1551461997","0.087395"
"1551461997","2099918651","0.205495"
"2099918651","1551461997","0.205495"
"1551461997","2108094106","0.140027"
"2108094106","1551461997","0.140027"
"1551461997","2118017131","0.0285714"
"2118017131","1551461997","0.0285714"
"1551461997","2118229812","0.087395"
"2118229812","1551461997","0.087395"
"1551461997","2122816893","0.383616"
"2122816893","1551461997","0.383616"
"1551461997","2139086573","0.140027"
"2139086573","1551461997","0.140027"
"1551461997","2142550009","0.087395"
"2142550009","1551461997","0.087395"
"1551461997","2148291485","0.254062"
"2148291485","1551461997","0.254062"
"1551461997","2152029707","0.140027"
"2152029707","1551461997","0.140027"
"1551461997","2165481122","1.04244"
"2165481122","1551461997","1.04244"
"1551461997","2229227208","0.22336"
"2229227208","1551461997","0.22336"
"1551461997","2296408038","0.22336"
"2296408038","1551461997","0.22336"
"1551461997","2407187628","0.354062"
"2407187628","1551461997","0.354062"
"1551461997","2411457633","0.087395"
"2411457633","1551461997","0.087395"
"1551461997","2944240329","0.21695"
"2944240329","1551461997","0.21695"
"1551461997","2953193493","0.087395"
"2953193493","1551461997","0.087395"
"1551461997","942791280","0.354062"
"942791280","1551461997","0.354062"
"1551461997","976026051","0.354062"
"976026051","1551461997","0.354062"
"1556530724","1559729415","0.506693"
"1559729415","1556530724","0.506693"
"1556530724","1560862172","0.354062"
"1560862172","1556530724","0.354062"
"1556530724","1576035775","0.323506"
"1576035775","1556530724","0.323506"
"1556530724","1583904554","0.361905"
"1583904554","1556530724","0.361905"
"1556530724","1596880543","0.800283"
"1596880543","1556530724","0.800283"
"1556530724","172538875","2.98765"
"172538875","1556530724","2.98765"
"1556530724","1794871838","0.34195"
"1794871838","1556530724","0.34195"
"1556530724","1844949470","0.354062"
"1844949470","1556530724","0.354062"
"1556530724","1997375126","0.925283"
"1997375126","1556530724","0.925283"
"1556530724","2043885422","0.270728"
"2043885422","1556530724","0.270728"
"1556530724","2082002584","0.0285714"
"2082002584","1556530724","0.0285714"
"1556530724","2083658889","0.484463"
"2083658889","1556530724","0.484463"
"1556530724","2086529872","0.908824"
"2086529872","1556530724","0.908824"
"1556530724","2099918651","3.27692"
"2099918651","1556530724","3.27692"
"1556530724","2108094106","1.32257"
"2108094106","1556530724","1.32257"
"1556530724","2118017131","0.528571"
"2118017131","1556530724","0.528571"
"1556530724","2118229812","0.287395"
"2118229812","1556530724","0.287395"
"1556530724","2122816893","0.786394"
"2122816893","1556530724","0.786394"
"1556530724","2139086573","0.140027"
"2139086573","1556530724","0.140027"
"1556530724","2142550009","0.270728"
"2142550009","1556530724","0.270728"
"1556530724","2148291485","0.354062"
"2148291485","1556530724","0.354062"
"1556530724","2152029707","0.265027"
"2152029707","1556530724","0.265027"
"1556530724","2165481122","0.459106"
"2165481122","1556530724","0.459106"
"1556530724","2229227208","2.66979"
"2229227208","1556530724","2.66979"
"1556530724","2296408038","0.406693"
"2296408038","1556530724","0.406693"
"1556530724","2407187628","0.354062"
"2407187628","1556530724","0.354062"
"1556530724","2411457633","0.270728"
"2411457633","1556530724","0.270728"
"1556530724","2944240329","4.836"
"2944240329","1556530724","4.836"
"1556530724","2953193493","0.408824"
"2953193493","1556530724","0.408824"
"1556530724","942791280","0.354062"
"942791280","1556530724","0.354062"
"1556530724","976026051","0.354062"
"976026051","1556530724","0.354062"
"1559729415","1560862172","2.97668"
"1560862172","1559729415","2.97668"
"1559729415","1576035775","0.0285714"
"1576035775","1559729415","0.0285714"
"1559729415","1583904554","0.0285714"
"1583904554","1559729415","0.0285714"
"1559729415","1596880543","0.152632"
"1596880543","1559729415","0.152632"
"1559729415","172538875","0.181203"
"172538875","1559729415","0.181203"
"1559729415","1794871838","0.152632"
"1794871838","1559729415","0.152632"
"1559729415","1844949470","3.51001"
"1844949470","1559729415","3.51001"
"1559729415","1997375126","0.152632"
"1997375126","1559729415","0.152632"
"1559729415","2043885422","0.454062"
"2043885422","1559729415","0.454062"
"1559729415","2082002584","0.0285714"
"2082002584","1559729415","0.0285714"
"1559729415","2083658889","0.0285714"
"2083658889","1559729415","0.0285714"
"1559729415","2086529872","0.0285714"
"2086529872","1559729415","0.0285714"
"1559729415","2099918651","0.2"
"2099918651","1559729415","0.2"
"1559729415","2108094106","0.081203"
"2108094106","1559729415","0.081203"
"1559729415","2118017131","0.0285714"
"2118017131","1559729415","0.0285714"
"1559729415","2118229812","0.337395"
"2118229812","1559729415","0.337395"
"1559729415","2122816893","0.378122"
"2122816893","1559729415","0.378122"
"1559729415","2139086573","0.081203"
"2139086573","1559729415","0.081203"
"1559729415","2142550009","0.454062"
"2142550009","1559729415","0.454062"
"1559729415","2148291485","0.858824"
"2148291485","1559729415","0.858824"
"1559729415","2152029707","0.081203"
"2152029707","1559729415","0.081203"
"1559729415","2165481122","0.561455"
"2165481122","1559729415","0.561455"
"1559729415","2229227208","0.164536"
"2229227208","1559729415","0.164536"
"1559729415","2296408038","0.561455"
"2296408038","1559729415","0.561455"
"1559729415","2407187628","2.59335"
"2407187628","1559729415","2.59335"
"1559729415","2411457633","0.454062"
"2411457633","1559729415","0.454062"
"1559729415","2944240329","0.140027"
"2944240329","1559729415","0.140027"
"1559729415","2953193493","0.0285714"
"2953193493","1559729415","0.0285714"
"1559729415","942791280","2.09335"
"942791280","1559729415","2.09335"
"1559729415","976026051","3.51001"
"976026051","1559729415","3.51001"
"1560862172","1576035775","0.0285714"
"1576035775","1560862172","0.0285714"
"1560862172","1583904554","0.0285714"
"1583904554","1560862172","0.0285714"
"1560862172","1596880543","0.1"
"1596880543","1560862172","0.1"
"1560862172","172538875","0.0285714"
"172538875","1560862172","0.0285714"
"1560862172","1794871838","0.1"
"1794871838","1560862172","0.1"
"1560862172","1844949470","3.31001"
"1844949470","1560862172","3.31001"
"1560862172","1997375126","0.1"
"1997375126","1560862172","0.1"
"1560862172","2043885422","0.354062"
"2043885422","1560862172","0.354062"
"1560862172","2082002584","0.0285714"
"2082002584","1560862172","0.0285714"
"1560862172","2083658889","0.0285714"
"2083658889","1560862172","0.0285714"
"1560862172","2086529872","0.0285714"
"2086529872","1560862172","0.0285714"
"1560862172","2099918651","0.2"
"2099918651","1560862172","0.2"
"1560862172","2108094106","0.0285714"
"2108094106","1560862172","0.0285714"
"1560862172","2118017131","0.0285714"
"2118017131","1560862172","0.0285714"
"1560862172","2118229812","0.087395"
"2118229812","1560862172","0.087395"
"1560862172","2122816893","0.32549"
"2122816893","1560862172","0.32549"
"1560862172","2139086573","0.0285714"
"2139086573","1560862172","0.0285714"
"1560862172","2142550009","0.354062"
"2142550009","1560862172","0.354062"
"1560862172","2148291485","0.758824"
"2148291485","1560862172","0.758824"
"1560862172","2152029707","0.0285714"
"2152029707","1560862172","0.0285714"
"1560862172","2165481122","0.508824"
"2165481122","1560862172","0.508824"
"1560862172","2229227208","0.111905"
"2229227208","1560862172","0.111905"
"1560862172","2296408038","0.408824"
"2296408038","1560862172","0.408824"
"1560862172","2407187628","2.14335"
"2407187628","1560862172","2.14335"
"1560862172","2411457633","0.354062"
"2411457633","1560862172","0.354062"
"1560862172","2944240329","0.087395"
"2944240329","1560862172","0.087395"
"1560862172","2953193493","0.0285714"
"2953193493","1560862172","0.0285714"
"1560862172","942791280","2.22668"
"942791280","1560862172","2.22668"
"1560862172","976026051","2.97668"
"976026051","1560862172","2.97668"
"1576035775","1583904554","0.0285714"
"1583904554","1576035775","0.0285714"
"1576035775","1596880543","0.355252"
"1596880543","1576035775","0.355252"
"1576035775","172538875","0.212395"
"172538875","1576035775","0.212395"
"1576035775","1794871838","0.230252"
"1794871838","1576035775","0.230252"
"1576035775","1844949470","0.0285714"
"1844949470","1576035775","0.0285714"
"1576035775","1997375126","0.230252"
"1997375126","1576035775","0.230252"
"1576035775","2043885422","0.0285714"
"2043885422","1576035775","0.0285714"
"1576035775","2082002584","0.0285714"
"2082002584","1576035775","0.0285714"
"1576035775","2083658889","0.139683"
"2083658889","1576035775","0.139683"
"1576035775","2086529872","0.087395"
"2086529872","1576035775","0.087395"
"1576035775","2099918651","0.296429"
"2099918651","1576035775","0.296429"
"1576035775","2108094106","0.466363"
"2108094106","1576035775","0.466363"
"1576035775","2118017131","0.0285714"
"2118017131","1576035775","0.0285714"
"1576035775","2118229812","0.0285714"
"2118229812","1576035775","0.0285714"
"1576035775","2122816893","0.139683"
"2122816893","1576035775","0.139683"
"1576035775","2139086573","0.087395"
"2139086573","1576035775","0.087395"
"1576035775","2142550009","0.0285714"
"2142550009","1576035775","0.0285714"
"1576035775","2148291485","0.0285714"
"2148291485","1576035775","0.0285714"
"1576035775","2152029707","0.212395"
"2152029707","1576035775","0.212395"
"1576035775","2165481122","0.087395"
"2165481122","1576035775","0.087395"
"1576035775","2229227208","0.355252"
"2229227208","1576035775","0.355252"
"1576035775","2296408038","0.0285714"
"2296408038","1576035775","0.0285714"
"1576035775","2407187628","0.0285714"
"2407187628","1576035775","0.0285714"
"1576035775","2411457633","0.0285714"
"2411457633","1576035775","0.0285714"
"1576035775","2944240329","0.296429"
"2944240329","1576035775","0.296429"
"1576035775","2953193493","0.087395"
"2953193493","1576035775","0.087395"
"1576035775","942791280","0.0285714"
"942791280","1576035775","0.0285714"
"1576035775","976026051","0.0285714"
"976026051","1576035775","0.0285714"
"1583904554","1596880543","0.0285714"
"1596880543","1583904554","0.0285714"
"1583904554","172538875","0.0285714"
"172538875","1583904554","0.0285714"
"1583904554","1794871838","0.0285714"
"1794871838","1583904554","0.0285714"
"1583904554","1844949470","0.0285714"
"1844949470","1583904554","0.0285714"
"1583904554","1997375126","0.0285714"
"1997375126","1583904554","0.0285714"
"1583904554","2043885422","0.0285714"
"2043885422","1583904554","0.0285714"
"1583904554","2082002584","0.0285714"
"2082002584","1583904554","0.0285714"
"1583904554","2083658889","0.0285714"
"2083658889","1583904554","0.0285714"
"1583904554","2086529872","0.0285714"
"2086529872","1583904554","0.0285714"
"1583904554","2099918651","0.0285714"
"2099918651","1583904554","0.0285714"
"1583904554","2108094106","0.0285714"
"2108094106","1583904554","0.0285714"
"1583904554","2118017131","0.0285714"
"2118017131","1583904554","0.0285714"
"1583904554","2118229812","0.0285714"
"2118229812","1583904554","0.0285714"
"1583904554","2122816893","0.0285714"
"2122816893","1583904554","0.0285714"
"1583904554","2139086573","0.0285714"
"2139086573","1583904554","0.0285714"
"1583904554","2142550009","0.0285714"
"2142550009","1583904554","0.0285714"
"1583904554","2148291485","0.0285714"
"2148291485","1583904554","0.0285714"
"1583904554","2152029707","0.361905"
"2152029707","1583904554","0.361905"
"1583904554","2165481122","0.0285714"
"2165481122","1583904554","0.0285714"
"1583904554","2229227208","0.0285714"
"2229227208","1583904554","0.0285714"
"1583904554","2296408038","0.0285714"
"2296408038","1583904554","0.0285714"
"1583904554","2407187628","0.0285714"
"2407187628","1583904554","0.0285714"
"1583904554","2411457633","0.0285714"
"2411457633","1583904554","0.0285714"
"1583904554","2944240329","0.361905"
"2944240329","1583904554","0.361905"
"1583904554","2953193493","0.0285714"
"2953193493","1583904554","0.0285714"
"1583904554","942791280","0.0285714"
"942791280","1583904554","0.0285714"
"1583904554","976026051","0.0285714"
"976026051","1583904554","0.0285714"
"1596880543","172538875","0.390027"
"172538875","1596880543","0.390027"
"1596880543","1794871838","4.63957"
"1794871838","1596880543","4.63957"
"1596880543","1844949470","0.1"
"1844949470","1596880543","0.1"
"1596880543","1997375126","4.63957"
"1997375126","1596880543","4.63957"
"1596880543","2043885422","0.0285714"
"2043885422","1596880543","0.0285714"
"1596880543","2082002584","0.0285714"
"2082002584","1596880543","0.0285714"
"1596880543","2083658889","0.105495"
"2083658889","1596880543","0.105495"
"1596880543","2086529872","0.212395"
"2086529872","1596880543","0.212395"
"1596880543","2099918651","0.44478"
"2099918651","1596880543","0.44478"
"1596880543","2108094106","0.866217"
"2108094106","1596880543","0.866217"
"1596880543","2118017131","0.0285714"
"2118017131","1596880543","0.0285714"
"1596880543","2118229812","0.0285714"
"2118229812","1596880543","0.0285714"
"1596880543","2122816893","0.687888"
"2122816893","1596880543","0.687888"
"1596880543","2139086573","0.140027"
"2139086573","1596880543","0.140027"
"1596880543","2142550009","0.0285714"
"2142550009","1596880543","0.0285714"
"1596880543","2148291485","0.1"
"2148291485","1596880543","0.1"
"1596880543","2152029707","0.265027"
"2152029707","1596880543","0.265027"
"1596880543","2165481122","0.288378"
"2165481122","1596880543","0.288378"
"1596880543","2229227208","1.40788"
"2229227208","1596880543","1.40788"
"1596880543","2296408038","0.735965"
"2296408038","1596880543","0.735965"
"1596880543","2407187628","0.35"
"2407187628","1596880543","0.35"
"1596880543","2411457633","0.0285714"
"2411457633","1596880543","0.0285714"
"1596880543","2944240329","0.425983"
"2944240329","1596880543","0.425983"
"1596880543","2953193493","0.212395"
"2953193493","1596880543","0.212395"
"1596880543","942791280","0.1"
"942791280","1596880543","0.1"
"1596880543","976026051","0.1"
"976026051","1596880543","0.1"
"172538875","1794871838","0.265027"
"1794871838","172538875","0.265027"
"172538875","1844949470","0.0285714"
"1844949470","172538875","0.0285714"
"172538875","1997375126","0.265027"
"1997375126","172538875","0.265027"
"172538875","2043885422","0.128571"
"2043885422","172538875","0.128571"
"172538875","2082002584","0.0285714"
"2082002584","172538875","0.0285714"
"172538875","2083658889","0.296429"
"2083658889","172538875","0.296429"
"172538875","2086529872","1.28382"
"2086529872","172538875","1.28382"
"172538875","2099918651","0.225"
"2099918651","172538875","0.225"
"172538875","2108094106","0.461455"
"2108094106","172538875","0.461455"
"172538875","2118017131","0.0285714"
"2118017131","172538875","0.0285714"
"172538875","2118229812","0.228571"
"2118229812","172538875","0.228571"
"172538875","2122816893","0.206203"
"2122816893","172538875","0.206203"
"172538875","2139086573","0.140027"
"2139086573","172538875","0.140027"
"172538875","2142550009","0.128571"
"2142550009","172538875","0.128571"
"172538875","2148291485","0.128571"
"2148291485","172538875","0.128571"
"172538875","2152029707","0.265027"
"2152029707","172538875","0.265027"
"172538875","2165481122","0.140027"
"2165481122","172538875","0.140027"
"172538875","2229227208","0.336455"
"2229227208","172538875","0.336455"
"172538875","2296408038","0.181203"
"2296408038","172538875","0.181203"
"172538875","2407187628","0.0285714"
"2407187628","172538875","0.0285714"
"172538875","2411457633","0.128571"
"2411457633","172538875","0.128571"
"172538875","2944240329","2.38239"
"2944240329","172538875","2.38239"
"172538875","2953193493","0.283824"
"2953193493","172538875","0.283824"
"172538875","942791280","0.0285714"
"942791280","172538875","0.0285714"
"172538875","976026051","0.0285714"
"976026051","172538875","0.0285714"
"1794871838","1844949470","0.1"
"1844949470","1794871838","0.1"
"1794871838","1997375126","4.30624"
"1997375126","1794871838","4.30624"
"1794871838","2043885422","0.0285714"
"2043885422","1794871838","0.0285714"
"1794871838","2082002584","0.0285714"
"2082002584","1794871838","0.0285714"
"1794871838","2083658889","0.105495"
"2083658889","1794871838","0.105495"
"1794871838","2086529872","0.212395"
"2086529872","1794871838","0.212395"
"1794871838","2099918651","0.31978"
"2099918651","1794871838","0.31978"
"1794871838","2108094106","0.741217"
"2108094106","1794871838","0.741217"
"1794871838","2118017131","0.0285714"
"2118017131","1794871838","0.0285714"
"1794871838","2118229812","0.0285714"
"2118229812","1794871838","0.0285714"
"1794871838","2122816893","0.687888"
"2122816893","1794871838","0.687888"
"1794871838","2139086573","0.140027"
"2139086573","1794871838","0.140027"
"1794871838","2142550009","0.0285714"
"2142550009","1794871838","0.0285714"
"1794871838","2148291485","0.1"
"2148291485","1794871838","0.1"
"1794871838","2152029707","0.140027"
"2152029707","1794871838","0.140027"
"1794871838","2165481122","1.28838"
"2165481122","1794871838","1.28838"
"1794871838","2229227208","0.94955"
"2229227208","1794871838","0.94955"
"1794871838","2296408038","0.735965"
"2296408038","1794871838","0.735965"
"1794871838","2407187628","0.35"
"2407187628","1794871838","0.35"
"1794871838","2411457633","0.0285714"
"2411457633","1794871838","0.0285714"
"1794871838","2944240329","0.300983"
"2944240329","1794871838","0.300983"
"1794871838","2953193493","0.212395"
"2953193493","1794871838","0.212395"
"1794871838","942791280","0.1"
"942791280","1794871838","0.1"
"1794871838","976026051","0.1"
"976026051","1794871838","0.1"
"1844949470","1997375126","0.1"
"1997375126","1844949470","0.1"
"1844949470","2043885422","0.354062"
"2043885422","1844949470","0.354062"
"1844949470","2082002584","0.0285714"
"2082002584","1844949470","0.0285714"
"1844949470","2083658889","0.0285714"
"2083658889","1844949470","0.0285714"
"1844949470","2086529872","0.0285714"
"2086529872","1844949470","0.0285714"
"1844949470","2099918651","0.2"
"2099918651","1844949470","0.2"
"1844949470","2108094106","0.0285714"
"2108094106","1844949470","0.0285714"
"1844949470","2118017131","0.0285714"
"2118017131","1844949470","0.0285714"
"1844949470","2118229812","0.087395"
"2118229812","1844949470","0.087395"
"1844949470","2122816893","0.32549"
"2122816893","1844949470","0.32549"
"1844949470","2139086573","0.0285714"
"2139086573","1844949470","0.0285714"
"1844949470","2142550009","0.354062"
"2142550009","1844949470","0.354062"
"1844949470","2148291485","0.758824"
"2148291485","1844949470","0.758824"
"1844949470","2152029707","0.0285714"
"2152029707","1844949470","0.0285714"
"1844949470","2165481122","0.508824"
"2165481122","1844949470","0.508824"
"1844949470","2229227208","0.111905"
"2229227208","1844949470","0.111905"
"1844949470","2296408038","0.408824"
"2296408038","1844949470","0.408824"
"1844949470","2407187628","2.34335"
"2407187628","1844949470","2.34335"
"1844949470","2411457633","0.354062"
"2411457633","1844949470","0.354062"
"1844949470","2944240329","0.087395"
"2944240329","1844949470","0.087395"
"1844949470","2953193493","0.0285714"
"2953193493","1844949470","0.0285714"
"1844949470","942791280","2.42668"
"942791280","1844949470","2.42668"
"1844949470","976026051","3.51001"
"976026051","1844949470","3.51001"
"1997375126","2043885422","0.0285714"
"2043885422","1997375126","0.0285714"
"1997375126","2082002584","0.0285714"
"2082002584","1997375126","0.0285714"
"1997375126","2083658889","0.105495"
"2083658889","1997375126","0.105495"
"1997375126","2086529872","0.212395"
"2086529872","1997375126","0.212395"
"1997375126","2099918651","0.31978"
"2099918651","1997375126","0.31978"
"1997375126","2108094106","0.991217"
"2108094106","1997375126","0.991217"
"1997375126","2118017131","0.0285714"
"2118017131","1997375126","0.0285714"
"1997375126","2118229812","0.0285714"
"2118229812","1997375126","0.0285714"
"1997375126","2122816893","0.604555"
"2122816893","1997375126","0.604555"
"1997375126","2139086573","0.140027"
"2139086573","1997375126","0.140027"
"1997375126","2142550009","0.0285714"
"2142550009","1997375126","0.0285714"
"1997375126","2148291485","0.1"
"2148291485","1997375126","0.1"
"1997375126","2152029707","0.140027"
"2152029707","1997375126","0.140027"
"1997375126","2165481122","0.288378"
"2165481122","1997375126","0.288378"
"1997375126","2229227208","0.94955"
"2229227208","1997375126","0.94955"
"1997375126","2296408038","0.735965"
"2296408038","1997375126","0.735965"
"1997375126","2407187628","0.35"
"2407187628","1997375126","0.35"
"1997375126","2411457633","0.0285714"
"2411457633","1997375126","0.0285714"
"1997375126","2944240329","0.300983"
"2944240329","1997375126","0.300983"
"1997375126","2953193493","0.212395"
"2953193493","1997375126","0.212395"
"1997375126","942791280","0.1"
"942791280","1997375126","0.1"
"1997375126","976026051","0.1"
"976026051","1997375126","0.1"
"2043885422","2082002584","0.0285714"
"2082002584","2043885422","0.0285714"
"2043885422","2083658889","0.153571"
"2083658889","2043885422","0.153571"
"2043885422","2086529872","0.228571"
"2086529872","2043885422","0.228571"
"2043885422","2099918651","0.0285714"
"2099918651","2043885422","0.0285714"
"2043885422","2108094106","0.0285714"
"2108094106","2043885422","0.0285714"
"2043885422","2118017131","0.0285714"
"2118017131","2043885422","0.0285714"
"2043885422","2118229812","0.662395"
"2118229812","2043885422","0.662395"
"2043885422","2122816893","0.087395"
"2122816893","2043885422","0.087395"
"2043885422","2139086573","0.0285714"
"2139086573","2043885422","0.0285714"
"2043885422","2142550009","3.14573"
"2142550009","2043885422","3.14573"
"2043885422","2148291485","0.454062"
"2148291485","2043885422","0.454062"
"2043885422","2152029707","0.0285714"
"2152029707","2043885422","0.0285714"
"2043885422","2165481122","0.170728"
"2165481122","2043885422","0.170728"
"2043885422","2229227208","0.153571"
"2229227208","2043885422","0.153571"
"2043885422","2296408038","0.604062"
"2296408038","2043885422","0.604062"
"2043885422","2407187628","0.354062"
"2407187628","2043885422","0.354062"
"2043885422","2411457633","1.61239"
"2411457633","2043885422","1.61239"
"2043885422","2944240329","0.087395"
"2944240329","2043885422","0.087395"
"2043885422","2953193493","0.228571"
"2953193493","2043885422","0.228571"
"2043885422","942791280","0.354062"
"942791280","2043885422","0.354062"
"2043885422","976026051","0.354062"
"976026051","2043885422","0.354062"
"2082002584","2083658889","0.0285714"
"2083658889","2082002584","0.0285714"
"2082002584","2086529872","0.0285714"
"2086529872","2082002584","0.0285714"
"2082002584","2099918651","0.0285714"
"2099918651","2082002584","0.0285714"
"2082002584","2108094106","0.0285714"
"2108094106","2082002584","0.0285714"
"2082002584","2118017131","19.5286"
"2118017131","2082002584","19.5286"
"2082002584","2118229812","0.0285714"
"2118229812","2082002584","0.0285714"
"2082002584","2122816893","0.0285714"
"2122816893","2082002584","0.0285714"
"2082002584","2139086573","0.0285714"
"2139086573","2082002584","0.0285714"
"2082002584","2142550009","0.0285714"
"2142550009","2082002584","0.0285714"
"2082002584","2148291485","0.0285714"
"2148291485","2082002584","0.0285714"
"2082002584","2152029707","0.0285714"
"2152029707","2082002584","0.0285714"
"2082002584","2165481122","0.0285714"
"2165481122","2082002584","0.0285714"
"2082002584","2229227208","0.0285714"
"2229227208","2082002584","0.0285714"
"2082002584","2296408038","0.0285714"
"2296408038","2082002584","0.0285714"
"2082002584","2407187628","0.0285714"
"2407187628","2082002584","0.0285714"
"2082002584","2411457633","0.0285714"
"2411457633","2082002584","0.0285714"
"2082002584","2944240329","0.0285714"
"2944240329","2082002584","0.0285714"
"2082002584","2953193493","0.0285714"
"2953193493","2082002584","0.0285714"
"2082002584","942791280","0.0285714"
"942791280","2082002584","0.0285714"
"2082002584","976026051","0.0285714"
"976026051","2082002584","0.0285714"
"2083658889","2086529872","0.0285714"
"2086529872","2083658889","0.0285714"
"2083658889","2099918651","0.105495"
"2099918651","2083658889","0.105495"
"2083658889","2108094106","0.139683"
"2108094106","2083658889","0.139683"
"2083658889","2118017131","0.0285714"
"2118017131","2083658889","0.0285714"
"2083658889","2118229812","0.403571"
"2118229812","2083658889","0.403571"
"2083658889","2122816893","0.216606"
"2122816893","2083658889","0.216606"
"2083658889","2139086573","0.0285714"
"2139086573","2083658889","0.0285714"
"2083658889","2142550009","0.153571"
"2142550009","2083658889","0.153571"
"2083658889","2148291485","0.0285714"
"2148291485","2083658889","0.0285714"
"2083658889","2152029707","0.976984"
"2152029707","2083658889","0.976984"
"2083658889","2165481122","0.105495"
"2165481122","2083658889","0.105495"
"2083658889","2229227208","0.153571"
"2229227208","2083658889","0.153571"
"2083658889","2296408038","0.0285714"
"2296408038","2083658889","0.0285714"
"2083658889","2407187628","0.0285714"
"2407187628","2083658889","0.0285714"
"2083658889","2411457633","0.403571"
"2411457633","2083658889","0.403571"
"2083658889","2944240329","0.176923"
"2944240329","2083658889","0.176923"
"2083658889","2953193493","0.0285714"
"2953193493","2083658889","0.0285714"
"2083658889","942791280","0.0285714"
"942791280","2083658889","0.0285714"
"2083658889","976026051","0.0285714"
"976026051","2083658889","0.0285714"
"2086529872","2099918651","0.225"
"2099918651","2086529872","0.225"
"2086529872","2108094106","0.283824"
"2108094106","2086529872","0.283824"
"2086529872","2118017131","0.0285714"
"2118017131","2086529872","0.0285714"
"2086529872","2118229812","0.0285714"
"2118229812","2086529872","0.0285714"
"2086529872","2122816893","0.153571"
"2122816893","2086529872","0.153571"
"2086529872","2139086573","0.087395"
"2139086573","2086529872","0.087395"
"2086529872","2142550009","0.228571"
"2142550009","2086529872","0.228571"
"2086529872","2148291485","0.0285714"
"2148291485","2086529872","0.0285714"
"2086529872","2152029707","0.230252"
"2152029707","2086529872","0.230252"
"2086529872","2165481122","0.087395"
"2165481122","2086529872","0.087395"
"2086529872","2229227208","0.658824"
"2229227208","2086529872","0.658824"
"2086529872","2296408038","0.0285714"
"2296408038","2086529872","0.0285714"
"2086529872","2407187628","0.0285714"
"2407187628","2086529872","0.0285714"
"2086529872","2411457633","0.0285714"
"2411457633","2086529872","0.0285714"
"2086529872","2944240329","0.225"
"2944240329","2086529872","0.225"
"2086529872","2953193493","4.75168"
"2953193493","2086529872","4.75168"
"2086529872","942791280","0.0285714"
"942791280","2086529872","0.0285714"
"2086529872","976026051","0.0285714"
"976026051","2086529872","0.0285714"
"2099918651","2108094106","0.367857"
"2108094106","2099918651","0.367857"
"2099918651","2118017131","0.0285714"
"2118017131","2099918651","0.0285714"
"2099918651","2118229812","0.0285714"
"2118229812","2099918651","0.0285714"
"2099918651","2122816893","1.17692"
"2122816893","2099918651","1.17692"
"2099918651","2139086573","0.0285714"
"2139086573","2099918651","0.0285714"
"2099918651","2142550009","0.0285714"
"2142550009","2099918651","0.0285714"
"2099918651","2148291485","0.1"
"2148291485","2099918651","0.1"
"2099918651","2152029707","0.153571"
"2152029707","2099918651","0.153571"
"2099918651","2165481122","0.276923"
"2165481122","2099918651","0.276923"
"2099918651","2229227208","0.367857"
"2229227208","2099918651","0.367857"
"2099918651","2296408038","0.1"
"2296408038","2099918651","0.1"
"2099918651","2407187628","0.2"
"2407187628","2099918651","0.2"
"2099918651","2411457633","0.0285714"
"2411457633","2099918651","0.0285714"
"2099918651","2944240329","0.81978"
"2944240329","2099918651","0.81978"
"2099918651","2953193493","0.225"
"2953193493","2099918651","0.225"
"2099918651","942791280","0.2"
"942791280","2099918651","0.2"
"2099918651","976026051","0.2"
"976026051","2099918651","0.2"
"2108094106","2118017131","0.0285714"
"2118017131","2108094106","0.0285714"
"2108094106","2118229812","0.0285714"
"2118229812","2108094106","0.0285714"
"2108094106","2122816893","0.567314"
"2122816893","2108094106","0.567314"
"2108094106","2139086573","0.140027"
"2139086573","2108094106","0.140027"
"2108094106","2142550009","0.0285714"
"2142550009","2108094106","0.0285714"
"2108094106","2148291485","0.0285714"
"2148291485","2108094106","0.0285714"
"2108094106","2152029707","0.265027"
"2152029707","2108094106","0.265027"
"2108094106","2165481122","0.140027"
"2165481122","2108094106","0.140027"
"2108094106","2229227208","0.479312"
"2229227208","2108094106","0.479312"
"2108094106","2296408038","0.081203"
"2296408038","2108094106","0.081203"
"2108094106","2407187628","0.0285714"
"2407187628","2108094106","0.0285714"
"2108094106","2411457633","0.0285714"
"2411457633","2108094106","0.0285714"
"2108094106","2944240329","0.420489"
"2944240329","2108094106","0.420489"
"2108094106","2953193493","0.283824"
"2953193493","2108094106","0.283824"
"2108094106","942791280","0.0285714"
"942791280","2108094106","0.0285714"
"2108094106","976026051","0.0285714"
"976026051","2108094106","0.0285714"
"2118017131","2118229812","0.0285714"
"2118229812","2118017131","0.0285714"
"2118017131","2122816893","0.0285714"
"2122816893","2118017131","0.0285714"
"2118017131","2139086573","0.0285714"
"2139086573","2118017131","0.0285714"
"2118017131","2142550009","0.0285714"
"2142550009","2118017131","0.0285714"
"2118017131","2148291485","0.0285714"
"2148291485","2118017131","0.0285714"
"2118017131","2152029707","0.0285714"
"2152029707","2118017131","0.0285714"
"2118017131","2165481122","0.0285714"
"2165481122","2118017131","0.0285714"
"2118017131","2229227208","0.0285714"
"2229227208","2118017131","0.0285714"
"2118017131","2296408038","0.0285714"
"2296408038","2118017131","0.0285714"
"2118017131","2407187628","0.0285714"
"2407187628","2118017131","0.0285714"
"2118017131","2411457633","0.0285714"
"2411457633","2118017131","0.0285714"
"2118017131","2944240329","0.0285714"
"2944240329","2118017131","0.0285714"
"2118017131","2953193493","0.0285714"
"2953193493","2118017131","0.0285714"
"2118017131","942791280","0.0285714"
"942791280","2118017131","0.0285714"
"2118017131","976026051","0.0285714"
"976026051","2118017131","0.0285714"
"2118229812","2122816893","0.087395"
"2122816893","2118229812","0.087395"
"2118229812","2139086573","0.0285714"
"2139086573","2118229812","0.0285714"
"2118229812","2142550009","0.662395"
"2142550009","2118229812","0.662395"
"2118229812","2148291485","0.087395"
"2148291485","2118229812","0.087395"
"2118229812","2152029707","0.728571"
"2152029707","2118229812","0.728571"
"2118229812","2165481122","0.087395"
"2165481122","2118229812","0.087395"
"2118229812","2229227208","0.153571"
"2229227208","2118229812","0.153571"
"2118229812","2296408038","0.087395"
