"102708294","1823076153","0.5"
"1823076153","102708294","0.5"
"102708294","2132731949","0.5"
"2132731949","102708294","0.5"
"1823076153","2132731949","0.5"
"2132731949","1823076153","0.5"
"102708294","1494397996","1.25"
"1494397996","102708294","1.25"
"102708294","1977609394","0.5"
"1977609394","102708294","0.5"
"102708294","2076618134","0.25"
"2076618134","102708294","0.25"
"102708294","2153225416","0.916667"
"2153225416","102708294","0.916667"
"1494397996","1977609394","0.25"
"1977609394","1494397996","0.25"
"1494397996","2076618134","0.25"
"2076618134","1494397996","0.25"
"1494397996","2153225416","0.375"
"2153225416","1494397996","0.375"
"1977609394","2076618134","2.40595"
"2076618134","1977609394","2.40595"
"1977609394","2153225416","0.25"
"2153225416","1977609394","0.25"
"2076618134","2153225416","0.25"
"2153225416","2076618134","0.25"
"102708294","1814600568","0.25"
"1814600568","102708294","0.25"
"102708294","1968207273","0.25"
"1968207273","102708294","0.25"
"102708294","1985737714","0.416667"
"1985737714","102708294","0.416667"
"1814600568","1968207273","0.616667"
"1968207273","1814600568","0.616667"
"1814600568","1977609394","0.616667"
"1977609394","1814600568","0.616667"
"1814600568","1985737714","0.833333"
"1985737714","1814600568","0.833333"
"1968207273","1977609394","0.45"
"1977609394","1968207273","0.45"
"1968207273","1985737714","0.416667"
"1985737714","1968207273","0.416667"
"1977609394","1985737714","0.416667"
"1985737714","1977609394","0.416667"
"102708294","1521022066","0.166667"
"1521022066","102708294","0.166667"
"102708294","2012847278","0.166667"
"2012847278","102708294","0.166667"
"102708294","2397148902","0.166667"
"2397148902","102708294","0.166667"
"102708294","2953250226","0.166667"
"2953250226","102708294","0.166667"
"1521022066","1985737714","0.166667"
"1985737714","1521022066","0.166667"
"1521022066","2012847278","0.166667"
"2012847278","1521022066","0.166667"
"1521022066","2153225416","0.166667"
"2153225416","1521022066","0.166667"
"1521022066","2397148902","0.166667"
"2397148902","1521022066","0.166667"
"1521022066","2953250226","0.166667"
"2953250226","1521022066","0.166667"
"1985737714","2012847278","0.166667"
"2012847278","1985737714","0.166667"
"1985737714","2153225416","0.166667"
"2153225416","1985737714","0.166667"
"1985737714","2397148902","0.166667"
"2397148902","1985737714","0.166667"
"1985737714","2953250226","7.61667"
"2953250226","1985737714","7.61667"
"2012847278","2153225416","1.16667"
"2153225416","2012847278","1.16667"
"2012847278","2397148902","12.6667"
"2397148902","2012847278","12.6667"
"2012847278","2953250226","0.166667"
"2953250226","2012847278","0.166667"
"2153225416","2397148902","0.291667"
"2397148902","2153225416","0.291667"
"2153225416","2953250226","0.166667"
"2953250226","2153225416","0.166667"
"2397148902","2953250226","0.166667"
"2953250226","2397148902","0.166667"
"102708294","1523376574","1"
"1523376574","102708294","1"
"102708294","1586197708","0.5"
"1586197708","102708294","0.5"
"1586197708","2153225416","0.5"
"2153225416","1586197708","0.5"
"102708294","1963702675","0.333333"
"1963702675","102708294","0.333333"
"102708294","2029007784","0.333333"
"2029007784","102708294","0.333333"
"102708294","2295662761","0.333333"
"2295662761","102708294","0.333333"
"1963702675","2029007784","0.533333"
"2029007784","1963702675","0.533333"
"1963702675","2295662761","0.333333"
"2295662761","1963702675","0.333333"
"2029007784","2295662761","0.333333"
"2295662761","2029007784","0.333333"
"105147515","1977609394","0.80119"
"1977609394","105147515","0.80119"
"105147515","2076618134","3.80119"
"2076618134","105147515","3.80119"
"105147515","2100965097","0.333333"
"2100965097","105147515","0.333333"
"1977609394","2100965097","0.333333"
"2100965097","1977609394","0.333333"
"2076618134","2100965097","0.333333"
"2100965097","2076618134","0.333333"
"105147515","1810020568","0.267857"
"1810020568","105147515","0.267857"
"105147515","2345785860","0.634524"
"2345785860","105147515","0.634524"
"105147515","2535189740","0.634524"
"2535189740","105147515","0.634524"
"105147515","2963607721","0.434524"
"2963607721","105147515","0.434524"
"105147515","31535402","0.467857"
"31535402","105147515","0.467857"
"1810020568","1977609394","0.717857"
"1977609394","1810020568","0.717857"
"1810020568","2076618134","0.55119"
"2076618134","1810020568","0.55119"
"1810020568","2345785860","0.85119"
"2345785860","1810020568","0.85119"
"1810020568","2535189740","0.517857"
"2535189740","1810020568","0.517857"
"1810020568","2963607721","0.684524"
"2963607721","1810020568","0.684524"
"1810020568","31535402","0.717857"
"31535402","1810020568","0.717857"
"1977609394","2345785860","0.717857"
"2345785860","1977609394","0.717857"
"1977609394","2535189740","1.21786"
"2535189740","1977609394","1.21786"
"1977609394","2963607721","0.35119"
"2963607721","1977609394","0.35119"
"1977609394","31535402","4.98929"
"31535402","1977609394","4.98929"
"2076618134","2345785860","0.55119"
"2345785860","2076618134","0.55119"
"2076618134","2535189740","0.717857"
"2535189740","2076618134","0.717857"
"2076618134","2963607721","0.660714"
"2963607721","2076618134","0.660714"
"2076618134","31535402","1.98929"
"31535402","2076618134","1.98929"
"2345785860","2535189740","1.71786"
"2535189740","2345785860","1.71786"
"2345785860","2963607721","1.85119"
"2963607721","2345785860","1.85119"
"2345785860","31535402","0.717857"
"31535402","2345785860","0.717857"
"2535189740","2963607721","3.26786"
"2963607721","2535189740","3.26786"
"2535189740","31535402","0.884524"
"31535402","2535189740","0.884524"
"2963607721","31535402","0.517857"
"31535402","2963607721","0.517857"
"105147515","163324474","0.291667"
"163324474","105147515","0.291667"
"105147515","1814600568","0.166667"
"1814600568","105147515","0.166667"
"105147515","2811330833","0.166667"
"2811330833","105147515","0.166667"
"163324474","1814600568","2.41667"
"1814600568","163324474","2.41667"
"163324474","2345785860","1.54167"
"2345785860","163324474","1.54167"
"163324474","2535189740","2.125"
"2535189740","163324474","2.125"
"163324474","2811330833","0.166667"
"2811330833","163324474","0.166667"
"163324474","2963607721","2.26786"
"2963607721","163324474","2.26786"
"1814600568","2345785860","0.333333"
"2345785860","1814600568","0.333333"
"1814600568","2535189740","3.08333"
"2535189740","1814600568","3.08333"
"1814600568","2811330833","0.166667"
"2811330833","1814600568","0.166667"
"1814600568","2963607721","2.41667"
"2963607721","1814600568","2.41667"
"2345785860","2811330833","0.166667"
"2811330833","2345785860","0.166667"
"2535189740","2811330833","0.166667"
"2811330833","2535189740","0.166667"
"2811330833","2963607721","0.166667"
"2963607721","2811330833","0.166667"
"163324474","1810020568","0.541667"
"1810020568","163324474","0.541667"
"163324474","1977609394","0.958333"
"1977609394","163324474","0.958333"
"163324474","2076618134","0.517857"
"2076618134","163324474","0.517857"
"163324474","31535402","0.375"
"31535402","163324474","0.375"
"1483669204","1494397996","0.625"
"1494397996","1483669204","0.625"
"1483669204","192652968","0.125"
"192652968","1483669204","0.125"
"1483669204","2100965097","0.25"
"2100965097","1483669204","0.25"
"1483669204","2132731949","5.125"
"2132731949","1483669204","5.125"
"1483669204","2153225416","0.458333"
"2153225416","1483669204","0.458333"
"1483669204","2293283655","0.125"
"2293283655","1483669204","0.125"
"1483669204","2397148902","0.125"
"2397148902","1483669204","0.125"
"1483669204","2620468789","0.125"
"2620468789","1483669204","0.125"
"1494397996","192652968","0.125"
"192652968","1494397996","0.125"
"1494397996","2100965097","0.125"
"2100965097","1494397996","0.125"
"1494397996","2132731949","0.125"
"2132731949","1494397996","0.125"
"1494397996","2293283655","0.125"
"2293283655","1494397996","0.125"
"1494397996","2397148902","0.125"
"2397148902","1494397996","0.125"
"1494397996","2620468789","0.125"
"2620468789","1494397996","0.125"
"192652968","2100965097","1.625"
"2100965097","192652968","1.625"
"192652968","2132731949","0.125"
"2132731949","192652968","0.125"
"192652968","2153225416","0.625"
"2153225416","192652968","0.625"
"192652968","2293283655","0.125"
"2293283655","192652968","0.125"
"192652968","2397148902","0.125"
"2397148902","192652968","0.125"
"192652968","2620468789","0.125"
"2620468789","192652968","0.125"
"2100965097","2132731949","0.125"
"2132731949","2100965097","0.125"
"2100965097","2153225416","0.125"
"2153225416","2100965097","0.125"
"2100965097","2293283655","0.125"
"2293283655","2100965097","0.125"
"2100965097","2397148902","0.125"
"2397148902","2100965097","0.125"
"2100965097","2620468789","0.125"
"2620468789","2100965097","0.125"
"2132731949","2153225416","0.125"
"2153225416","2132731949","0.125"
"2132731949","2293283655","0.125"
"2293283655","2132731949","0.125"
"2132731949","2397148902","0.125"
"2397148902","2132731949","0.125"
"2132731949","2620468789","0.125"
"2620468789","2132731949","0.125"
"2153225416","2293283655","0.125"
"2293283655","2153225416","0.125"
"2153225416","2620468789","0.125"
"2620468789","2153225416","0.125"
"2293283655","2397148902","0.125"
"2397148902","2293283655","0.125"
"2293283655","2620468789","0.325"
"2620468789","2293283655","0.325"
"2397148902","2620468789","0.125"
"2620468789","2397148902","0.125"
"1483669204","2127378806","0.75"
"2127378806","1483669204","0.75"
"1494397996","2127378806","5"
"2127378806","1494397996","5"
"1483669204","1587260920","0.658333"
"1587260920","1483669204","0.658333"
"1483669204","1784290353","0.125"
"1784290353","1483669204","0.125"
"1483669204","1805882648","0.125"
"1805882648","1483669204","0.125"
"1483669204","1823076153","0.125"
"1823076153","1483669204","0.125"
"1483669204","2138186643","0.375"
"2138186643","1483669204","0.375"
"1483669204","31535402","0.125"
"31535402","1483669204","0.125"
"1483669204","98609384","0.125"
"98609384","1483669204","0.125"
"1587260920","1784290353","0.125"
"1784290353","1587260920","0.125"
"1587260920","1805882648","0.125"
"1805882648","1587260920","0.125"
"1587260920","1823076153","0.125"
"1823076153","1587260920","0.125"
"1587260920","2100965097","0.125"
"2100965097","1587260920","0.125"
"1587260920","2138186643","0.583333"
"2138186643","1587260920","0.583333"
"1587260920","31535402","0.125"
"31535402","1587260920","0.125"
"1587260920","98609384","0.125"
"98609384","1587260920","0.125"
"1784290353","1805882648","0.125"
"1805882648","1784290353","0.125"
"1784290353","1823076153","0.125"
"1823076153","1784290353","0.125"
"1784290353","2100965097","1.125"
"2100965097","1784290353","1.125"
"1784290353","2138186643","1.325"
"2138186643","1784290353","1.325"
"1784290353","31535402","0.125"
"31535402","1784290353","0.125"
"1784290353","98609384","0.325"
"98609384","1784290353","0.325"
"1805882648","1823076153","1.25"
"1823076153","1805882648","1.25"
"1805882648","2100965097","0.25"
"2100965097","1805882648","0.25"
"1805882648","2138186643","0.25"
"2138186643","1805882648","0.25"
"1805882648","31535402","0.125"
"31535402","1805882648","0.125"
"1805882648","98609384","0.125"
"98609384","1805882648","0.125"
"1823076153","2100965097","0.25"
"2100965097","1823076153","0.25"
"1823076153","2138186643","0.25"
"2138186643","1823076153","0.25"
"1823076153","31535402","0.196429"
"31535402","1823076153","0.196429"
"1823076153","98609384","0.125"
"98609384","1823076153","0.125"
"2100965097","2138186643","0.75"
"2138186643","2100965097","0.75"
"2100965097","31535402","0.125"
"31535402","2100965097","0.125"
"2100965097","98609384","1.125"
"98609384","2100965097","1.125"
"2138186643","31535402","0.208333"
"31535402","2138186643","0.208333"
"2138186643","98609384","0.325"
"98609384","2138186643","0.325"
"31535402","98609384","0.125"
"98609384","31535402","0.125"
"1483669204","1595025366","0.2"
"1595025366","1483669204","0.2"
"1483669204","1963702675","0.2"
"1963702675","1483669204","0.2"
"1483669204","1965707923","0.2"
"1965707923","1483669204","0.2"
"1483669204","2029007784","0.2"
"2029007784","1483669204","0.2"
"1587260920","1595025366","0.2"
"1595025366","1587260920","0.2"
"1587260920","1963702675","0.325"
"1963702675","1587260920","0.325"
"1587260920","1965707923","0.2"
"1965707923","1587260920","0.2"
"1587260920","2029007784","0.2"
"2029007784","1587260920","0.2"
"1595025366","1963702675","2.2"
"1963702675","1595025366","2.2"
"1595025366","1965707923","0.2"
"1965707923","1595025366","0.2"
"1595025366","2029007784","0.2"
"2029007784","1595025366","0.2"
"1963702675","1965707923","1.45"
"1965707923","1963702675","1.45"
"1965707923","2029007784","0.2"
"2029007784","1965707923","0.2"
"1483669204","2069791760","0.333333"
"2069791760","1483669204","0.333333"
"1587260920","2069791760","0.333333"
"2069791760","1587260920","0.333333"
"1587260920","2153225416","0.333333"
"2153225416","1587260920","0.333333"
"2069791760","2153225416","0.333333"
"2153225416","2069791760","0.333333"
"1483669204","163324474","0.25"
"163324474","1483669204","0.25"
"1483669204","1977609394","0.25"
"1977609394","1483669204","0.25"
"163324474","2127378806","0.25"
"2127378806","163324474","0.25"
"163324474","2138186643","0.333333"
"2138186643","163324474","0.333333"
"1977609394","2127378806","0.583333"
"2127378806","1977609394","0.583333"
"1977609394","2138186643","1.66667"
"2138186643","1977609394","1.66667"
"2127378806","2138186643","0.708333"
"2138186643","2127378806","0.708333"
"1494397996","1963702675","1.5"
"1963702675","1494397996","1.5"
"1963702675","2127378806","8.95833"
"2127378806","1963702675","8.95833"
"1521022066","1595025366","1.25"
"1595025366","1521022066","1.25"
"1521022066","2031980791","0.25"
"2031980791","1521022066","0.25"
"1521022066","2293283655","0.375"
"2293283655","1521022066","0.375"
"1521022066","931513770","0.25"
"931513770","1521022066","0.25"
"1595025366","2031980791","0.25"
"2031980791","1595025366","0.25"
"1595025366","2293283655","0.25"
"2293283655","1595025366","0.25"
"1595025366","931513770","0.25"
"931513770","1595025366","0.25"
"2031980791","2293283655","0.25"
"2293283655","2031980791","0.25"
"2031980791","931513770","0.25"
"931513770","2031980791","0.25"
"2293283655","931513770","0.25"
"931513770","2293283655","0.25"
"1521022066","1586197708","0.458333"
"1586197708","1521022066","0.458333"
"1521022066","1587260920","0.458333"
"1587260920","1521022066","0.458333"
"1521022066","1963702675","0.196429"
"1963702675","1521022066","0.196429"
"1521022066","2021406418","0.125"
"2021406418","1521022066","0.125"
"1521022066","2127378806","0.125"
"2127378806","1521022066","0.125"
"1521022066","2138186643","0.458333"
"2138186643","1521022066","0.458333"
"1521022066","2156891949","0.196429"
"2156891949","1521022066","0.196429"
"1586197708","1587260920","0.458333"
"1587260920","1586197708","0.458333"
"1586197708","1963702675","0.125"
"1963702675","1586197708","0.125"
"1586197708","2021406418","0.125"
"2021406418","1586197708","0.125"
"1586197708","2127378806","0.125"
"2127378806","1586197708","0.125"
"1586197708","2138186643","1.45833"
"2138186643","1586197708","1.45833"
"1586197708","2156891949","0.125"
"2156891949","1586197708","0.125"
"1586197708","2293283655","0.125"
"2293283655","1586197708","0.125"
"1587260920","2021406418","0.125"
"2021406418","1587260920","0.125"
"1587260920","2127378806","0.125"
"2127378806","1587260920","0.125"
"1587260920","2156891949","0.125"
"2156891949","1587260920","0.125"
"1587260920","2293283655","0.125"
"2293283655","1587260920","0.125"
"1963702675","2021406418","0.625"
"2021406418","1963702675","0.625"
"1963702675","2138186643","1.45833"
"2138186643","1963702675","1.45833"
"1963702675","2156891949","2.39643"
"2156891949","1963702675","2.39643"
"1963702675","2293283655","0.125"
"2293283655","1963702675","0.125"
"2021406418","2127378806","0.125"
"2127378806","2021406418","0.125"
"2021406418","2138186643","0.125"
"2138186643","2021406418","0.125"
"2021406418","2156891949","0.125"
"2156891949","2021406418","0.125"
"2021406418","2293283655","0.125"
"2293283655","2021406418","0.125"
"2127378806","2156891949","0.125"
"2156891949","2127378806","0.125"
"2127378806","2293283655","0.125"
"2293283655","2127378806","0.125"
"2138186643","2156891949","0.125"
"2156891949","2138186643","0.125"
"2138186643","2293283655","0.325"
"2293283655","2138186643","0.325"
"2156891949","2293283655","0.125"
"2293283655","2156891949","0.125"
"1521022066","1523376574","0.0714286"
"1523376574","1521022066","0.0714286"
"1521022066","1575184245","0.0714286"
"1575184245","1521022066","0.0714286"
"1521022066","1823076153","0.0714286"
"1823076153","1521022066","0.0714286"
"1521022066","1977609394","0.0714286"
"1977609394","1521022066","0.0714286"
"1521022066","2010831420","0.0714286"
"2010831420","1521022066","0.0714286"
"1521022066","2066652850","0.0714286"
"2066652850","1521022066","0.0714286"
"1521022066","2069791760","0.0714286"
"2069791760","1521022066","0.0714286"
"1521022066","2076228604","0.0714286"
"2076228604","1521022066","0.0714286"
"1521022066","2076618134","0.0714286"
"2076618134","1521022066","0.0714286"
"1521022066","2106058226","0.0714286"
"2106058226","1521022066","0.0714286"
"1521022066","2573963375","0.0714286"
"2573963375","1521022066","0.0714286"
"1521022066","31535402","0.0714286"
"31535402","1521022066","0.0714286"
"1523376574","1575184245","0.0714286"
"1575184245","1523376574","0.0714286"
"1523376574","1823076153","0.0714286"
"1823076153","1523376574","0.0714286"
"1523376574","1963702675","0.0714286"
"1963702675","1523376574","0.0714286"
"1523376574","1977609394","0.0714286"
"1977609394","1523376574","0.0714286"
"1523376574","2010831420","0.571429"
"2010831420","1523376574","0.571429"
"1523376574","2066652850","0.0714286"
"2066652850","1523376574","0.0714286"
"1523376574","2069791760","0.0714286"
"2069791760","1523376574","0.0714286"
"1523376574","2076228604","0.0714286"
"2076228604","1523376574","0.0714286"
"1523376574","2076618134","0.0714286"
"2076618134","1523376574","0.0714286"
"1523376574","2106058226","0.0714286"
"2106058226","1523376574","0.0714286"
"1523376574","2156891949","0.0714286"
"2156891949","1523376574","0.0714286"
"1523376574","2573963375","0.0714286"
"2573963375","1523376574","0.0714286"
"1523376574","31535402","0.0714286"
"31535402","1523376574","0.0714286"
"1575184245","1823076153","0.196429"
"1823076153","1575184245","0.196429"
"1575184245","1963702675","0.0714286"
"1963702675","1575184245","0.0714286"
"1575184245","1977609394","0.0714286"
"1977609394","1575184245","0.0714286"
"1575184245","2010831420","0.0714286"
"2010831420","1575184245","0.0714286"
"1575184245","2066652850","0.0714286"
"2066652850","1575184245","0.0714286"
"1575184245","2069791760","0.196429"
"2069791760","1575184245","0.196429"
"1575184245","2076228604","3.85476"
"2076228604","1575184245","3.85476"
"1575184245","2076618134","0.0714286"
"2076618134","1575184245","0.0714286"
"1575184245","2106058226","18.9381"
"2106058226","1575184245","18.9381"
"1575184245","2156891949","0.0714286"
"2156891949","1575184245","0.0714286"
"1575184245","2573963375","0.196429"
"2573963375","1575184245","0.196429"
"1575184245","31535402","0.0714286"
"31535402","1575184245","0.0714286"
"1823076153","1963702675","0.821429"
"1963702675","1823076153","0.821429"
"1823076153","1977609394","0.0714286"
"1977609394","1823076153","0.0714286"
"1823076153","2010831420","0.488095"
"2010831420","1823076153","0.488095"
"1823076153","2066652850","0.0714286"
"2066652850","1823076153","0.0714286"
"1823076153","2069791760","0.363095"
"2069791760","1823076153","0.363095"
"1823076153","2076228604","0.0714286"
"2076228604","1823076153","0.0714286"
"1823076153","2076618134","0.0714286"
"2076618134","1823076153","0.0714286"
"1823076153","2106058226","0.0714286"
"2106058226","1823076153","0.0714286"
"1823076153","2156891949","0.0714286"
"2156891949","1823076153","0.0714286"
"1823076153","2573963375","0.196429"
"2573963375","1823076153","0.196429"
"1963702675","1977609394","0.404762"
"1977609394","1963702675","0.404762"
"1963702675","2010831420","0.0714286"
"2010831420","1963702675","0.0714286"
"1963702675","2066652850","0.404762"
"2066652850","1963702675","0.404762"
"1963702675","2069791760","1.40476"
"2069791760","1963702675","1.40476"
"1963702675","2076228604","0.0714286"
"2076228604","1963702675","0.0714286"
"1963702675","2076618134","0.571429"
"2076618134","1963702675","0.571429"
"1963702675","2106058226","0.0714286"
"2106058226","1963702675","0.0714286"
"1963702675","2573963375","0.0714286"
"2573963375","1963702675","0.0714286"
"1963702675","31535402","0.0714286"
"31535402","1963702675","0.0714286"
"1977609394","2010831420","0.0714286"
"2010831420","1977609394","0.0714286"
"1977609394","2066652850","0.0714286"
"2066652850","1977609394","0.0714286"
"1977609394","2069791760","0.0714286"
"2069791760","1977609394","0.0714286"
"1977609394","2076228604","0.0714286"
"2076228604","1977609394","0.0714286"
"1977609394","2106058226","0.0714286"
"2106058226","1977609394","0.0714286"
"1977609394","2156891949","0.0714286"
"2156891949","1977609394","0.0714286"
"1977609394","2573963375","0.154762"
"2573963375","1977609394","0.154762"
"2010831420","2066652850","0.0714286"
"2066652850","2010831420","0.0714286"
"2010831420","2069791760","0.238095"
"2069791760","2010831420","0.238095"
"2010831420","2076228604","0.0714286"
"2076228604","2010831420","0.0714286"
"2010831420","2076618134","0.0714286"
"2076618134","2010831420","0.0714286"
"2010831420","2106058226","0.0714286"
"2106058226","2010831420","0.0714286"
"2010831420","2156891949","0.0714286"
"2156891949","2010831420","0.0714286"
"2010831420","2573963375","0.0714286"
"2573963375","2010831420","0.0714286"
"2010831420","31535402","0.0714286"
"31535402","2010831420","0.0714286"
"2066652850","2069791760","3.2381"
"2069791760","2066652850","3.2381"
"2066652850","2076228604","0.0714286"
"2076228604","2066652850","0.0714286"
"2066652850","2076618134","0.0714286"
"2076618134","2066652850","0.0714286"
"2066652850","2106058226","0.0714286"
"2106058226","2066652850","0.0714286"
"2066652850","2156891949","0.0714286"
"2156891949","2066652850","0.0714286"
"2066652850","2573963375","0.0714286"
"2573963375","2066652850","0.0714286"
"2066652850","31535402","0.0714286"
"31535402","2066652850","0.0714286"
"2069791760","2076228604","0.0714286"
"2076228604","2069791760","0.0714286"
"2069791760","2076618134","0.0714286"
"2076618134","2069791760","0.0714286"
"2069791760","2106058226","0.0714286"
"2106058226","2069791760","0.0714286"
"2069791760","2156891949","0.0714286"
"2156891949","2069791760","0.0714286"
"2069791760","2573963375","0.196429"
"2573963375","2069791760","0.196429"
"2069791760","31535402","0.0714286"
"31535402","2069791760","0.0714286"
"2076228604","2076618134","0.0714286"
"2076618134","2076228604","0.0714286"
"2076228604","2106058226","1.4381"
"2106058226","2076228604","1.4381"
"2076228604","2156891949","0.0714286"
"2156891949","2076228604","0.0714286"
"2076228604","2573963375","0.0714286"
"2573963375","2076228604","0.0714286"
"2076228604","31535402","0.0714286"
"31535402","2076228604","0.0714286"
"2076618134","2106058226","0.0714286"
"2106058226","2076618134","0.0714286"
"2076618134","2156891949","0.0714286"
"2156891949","2076618134","0.0714286"
"2076618134","2573963375","0.154762"
"2573963375","2076618134","0.154762"
"2106058226","2156891949","0.0714286"
"2156891949","2106058226","0.0714286"
"2106058226","2573963375","0.0714286"
"2573963375","2106058226","0.0714286"
"2106058226","31535402","0.0714286"
"31535402","2106058226","0.0714286"
"2156891949","2573963375","0.0714286"
"2573963375","2156891949","0.0714286"
"2156891949","31535402","0.0714286"
"31535402","2156891949","0.0714286"
"2573963375","31535402","0.154762"
"31535402","2573963375","0.154762"
"1521022066","1985835876","0.5"
"1985835876","1521022066","0.5"
"1521022066","2296554289","0.5"
"2296554289","1521022066","0.5"
"1985835876","2296554289","0.5"
"2296554289","1985835876","0.5"
"1523376574","1814600568","0.5"
"1814600568","1523376574","0.5"
"1814600568","2010831420","0.5"
"2010831420","1814600568","0.5"
"153789705","98609384","2"
"98609384","153789705","2"
"1575184245","1889440031","3.78333"
"1889440031","1575184245","3.78333"
"1575184245","2100965097","1.625"
"2100965097","1575184245","1.625"
"1575184245","2341060513","1.75"
"2341060513","1575184245","1.75"
"1889440031","2076228604","21.0333"
"2076228604","1889440031","21.0333"
"1889440031","2100965097","0.75"
"2100965097","1889440031","0.75"
"1889440031","2341060513","0.25"
"2341060513","1889440031","0.25"
"2076228604","2100965097","0.75"
"2100965097","2076228604","0.75"
"2076228604","2341060513","0.75"
"2341060513","2076228604","0.75"
"2100965097","2341060513","0.25"
"2341060513","2100965097","0.25"
"1889440031","2106058226","1.36667"
"2106058226","1889440031","1.36667"
"1575184245","2345785860","1"
"2345785860","1575184245","1"
"1575184245","1805882648","0.125"
"1805882648","1575184245","0.125"
"1575184245","1985737714","0.375"
"1985737714","1575184245","0.375"
"1575184245","2138186643","0.325"
"2138186643","1575184245","0.325"
"1575184245","2739450958","0.125"
"2739450958","1575184245","0.125"
"1805882648","1985737714","0.325"
"1985737714","1805882648","0.325"
"1805882648","2069791760","0.791667"
"2069791760","1805882648","0.791667"
"1805882648","2573963375","0.125"
"2573963375","1805882648","0.125"
"1805882648","2739450958","0.125"
"2739450958","1805882648","0.125"
"1823076153","1985737714","0.125"
"1985737714","1823076153","0.125"
"1823076153","2739450958","0.125"
"2739450958","1823076153","0.125"
"1985737714","2069791760","0.125"
"2069791760","1985737714","0.125"
"1985737714","2100965097","0.125"
"2100965097","1985737714","0.125"
"1985737714","2138186643","0.125"
"2138186643","1985737714","0.125"
"1985737714","2573963375","0.125"
"2573963375","1985737714","0.125"
"1985737714","2739450958","0.125"
"2739450958","1985737714","0.125"
"2069791760","2100965097","1.125"
"2100965097","2069791760","1.125"
"2069791760","2138186643","0.125"
"2138186643","2069791760","0.125"
"2069791760","2739450958","0.125"
"2739450958","2069791760","0.125"
"2100965097","2573963375","0.125"
"2573963375","2100965097","0.125"
"2100965097","2739450958","0.125"
"2739450958","2100965097","0.125"
"2138186643","2573963375","0.208333"
"2573963375","2138186643","0.208333"
"2138186643","2739450958","0.208333"
"2739450958","2138186643","0.208333"
"2573963375","2739450958","2.20833"
"2739450958","2573963375","2.20833"
"1575184245","2549016036","0.783333"
"2549016036","1575184245","0.783333"
"1889440031","2549016036","1.28333"
"2549016036","1889440031","1.28333"
"2076228604","2549016036","1.28333"
"2549016036","2076228604","1.28333"
"2106058226","2549016036","0.45"
"2549016036","2106058226","0.45"
"2106058226","2341060513","1.5"
"2341060513","2106058226","1.5"
"1575184245","2953250226","0.25"
"2953250226","1575184245","0.25"
"1889440031","1985737714","0.25"
"1985737714","1889440031","0.25"
"1889440031","2953250226","0.25"
"2953250226","1889440031","0.25"
"1985737714","2076228604","0.25"
"2076228604","1985737714","0.25"
"2076228604","2953250226","0.25"
"2953250226","2076228604","0.25"
"1889440031","2138186643","0.2"
"2138186643","1889440031","0.2"
"2076228604","2138186643","0.2"
"2138186643","2076228604","0.2"
"2106058226","2138186643","0.2"
"2138186643","2106058226","0.2"
"2138186643","2549016036","0.2"
"2549016036","2138186643","0.2"
"1575184245","2293381437","0.333333"
"2293381437","1575184245","0.333333"
"1889440031","2293381437","0.333333"
"2293381437","1889440031","0.333333"
"2076228604","2293381437","0.333333"
"2293381437","2076228604","0.333333"
"1575184245","2153225416","0.25"
"2153225416","1575184245","0.25"
"1889440031","2153225416","0.25"
"2153225416","1889440031","0.25"
"2076228604","2153225416","0.25"
"2153225416","2076228604","0.25"
"2106058226","2153225416","0.25"
"2153225416","2106058226","0.25"
"1575184245","2605089588","0.25"
"2605089588","1575184245","0.25"
"1889440031","2605089588","0.5"
"2605089588","1889440031","0.5"
"2076228604","2605089588","0.5"
"2605089588","2076228604","0.5"
"2100965097","2605089588","0.5"
"2605089588","2100965097","0.5"
"1586197708","2029007784","1"
"2029007784","1586197708","1"
"1587260920","2886013298","1"
"2886013298","1587260920","1"
"1595025366","2811330833","1"
"2811330833","1595025366","1"
"1595025366","2130532494","1"
"2130532494","1595025366","1"
"163324474","1968207273","0.666667"
"1968207273","163324474","0.666667"
"163324474","2546689421","0.666667"
"2546689421","163324474","0.666667"
"1968207273","2546689421","0.666667"
"2546689421","1968207273","0.666667"
"163324474","1784290353","0.142857"
"1784290353","163324474","0.142857"
"163324474","1979710543","0.142857"
"1979710543","163324474","0.142857"
"163324474","2295662761","0.309524"
"2295662761","163324474","0.309524"
"163324474","2605089588","0.142857"
"2605089588","163324474","0.142857"
"163324474","3011965974","0.142857"
"3011965974","163324474","0.142857"
"1784290353","1979710543","0.142857"
"1979710543","1784290353","0.142857"
"1784290353","2076618134","0.142857"
"2076618134","1784290353","0.142857"
"1784290353","2295662761","0.142857"
"2295662761","1784290353","0.142857"
"1784290353","2605089588","0.142857"
"2605089588","1784290353","0.142857"
"1784290353","2963607721","0.142857"
"2963607721","1784290353","0.142857"
"1784290353","3011965974","0.142857"
"3011965974","1784290353","0.142857"
"1979710543","2076618134","0.47619"
"2076618134","1979710543","0.47619"
"1979710543","2295662761","0.142857"
"2295662761","1979710543","0.142857"
"1979710543","2605089588","0.392857"
"2605089588","1979710543","0.392857"
"1979710543","2963607721","0.142857"
"2963607721","1979710543","0.142857"
"1979710543","3011965974","0.142857"
"3011965974","1979710543","0.142857"
"2076618134","2295662761","0.309524"
"2295662761","2076618134","0.309524"
"2076618134","2605089588","0.142857"
"2605089588","2076618134","0.142857"
"2076618134","3011965974","0.142857"
"3011965974","2076618134","0.142857"
"2295662761","2605089588","0.142857"
"2605089588","2295662761","0.142857"
"2295662761","2963607721","0.309524"
"2963607721","2295662761","0.309524"
"2295662761","3011965974","0.142857"
"3011965974","2295662761","0.142857"
"2605089588","2963607721","0.142857"
"2963607721","2605089588","0.142857"
"2605089588","3011965974","0.142857"
"3011965974","2605089588","0.142857"
"2963607721","3011965974","0.142857"
"3011965974","2963607721","0.142857"
"1810020568","1814600568","0.7"
"1814600568","1810020568","0.7"
"163324474","2551079787","0.416667"
"2551079787","163324474","0.416667"
"2345785860","2551079787","1.75"
"2551079787","2345785860","1.75"
"2535189740","2551079787","0.416667"
"2551079787","2535189740","0.416667"
"2551079787","2963607721","0.416667"
"2963607721","2551079787","0.416667"
"163324474","2250916057","0.333333"
"2250916057","163324474","0.333333"
"2250916057","2345785860","0.333333"
"2345785860","2250916057","0.333333"
"2250916057","2535189740","0.583333"
"2535189740","2250916057","0.583333"
"2250916057","2963607721","0.333333"
"2963607721","2250916057","0.333333"
"163324474","2573963375","0.0833333"
"2573963375","163324474","0.0833333"
"163324474","2616910644","0.0833333"
"2616910644","163324474","0.0833333"
"163324474","2739450958","0.0833333"
"2739450958","163324474","0.0833333"
"1810020568","2138186643","0.0833333"
"2138186643","1810020568","0.0833333"
"1810020568","2250916057","0.0833333"
"2250916057","1810020568","0.0833333"
"1810020568","2573963375","0.0833333"
"2573963375","1810020568","0.0833333"
"1810020568","2616910644","0.0833333"
"2616910644","1810020568","0.0833333"
"1810020568","2739450958","0.0833333"
"2739450958","1810020568","0.0833333"
"1977609394","2250916057","0.0833333"
"2250916057","1977609394","0.0833333"
"1977609394","2616910644","0.0833333"
"2616910644","1977609394","0.0833333"
"1977609394","2739450958","0.0833333"
"2739450958","1977609394","0.0833333"
"2076618134","2138186643","0.0833333"
"2138186643","2076618134","0.0833333"
"2076618134","2250916057","0.0833333"
"2250916057","2076618134","0.0833333"
"2076618134","2616910644","0.0833333"
"2616910644","2076618134","0.0833333"
"2076618134","2739450958","0.0833333"
"2739450958","2076618134","0.0833333"
"2138186643","2250916057","0.0833333"
"2250916057","2138186643","0.0833333"
"2138186643","2345785860","0.0833333"
"2345785860","2138186643","0.0833333"
"2138186643","2535189740","0.0833333"
"2535189740","2138186643","0.0833333"
"2138186643","2616910644","1.08333"
"2616910644","2138186643","1.08333"
"2138186643","2963607721","0.0833333"
"2963607721","2138186643","0.0833333"
"2250916057","2573963375","0.583333"
"2573963375","2250916057","0.583333"
"2250916057","2616910644","0.0833333"
"2616910644","2250916057","0.0833333"
"2250916057","2739450958","0.583333"
"2739450958","2250916057","0.583333"
"2250916057","31535402","0.0833333"
"31535402","2250916057","0.0833333"
"2345785860","2573963375","0.0833333"
"2573963375","2345785860","0.0833333"
"2345785860","2616910644","0.0833333"
"2616910644","2345785860","0.0833333"
"2345785860","2739450958","0.0833333"
"2739450958","2345785860","0.0833333"
"2535189740","2573963375","0.0833333"
"2573963375","2535189740","0.0833333"
"2535189740","2616910644","0.0833333"
"2616910644","2535189740","0.0833333"
"2535189740","2739450958","0.0833333"
"2739450958","2535189740","0.0833333"
"2573963375","2616910644","1.58333"
"2616910644","2573963375","1.58333"
"2573963375","2963607721","0.0833333"
"2963607721","2573963375","0.0833333"
"2616910644","2739450958","0.583333"
"2739450958","2616910644","0.583333"
"2616910644","2963607721","0.0833333"
"2963607721","2616910644","0.0833333"
"2616910644","31535402","0.0833333"
"31535402","2616910644","0.0833333"
"2739450958","2963607721","0.0833333"
"2963607721","2739450958","0.0833333"
"2739450958","31535402","0.0833333"
"31535402","2739450958","0.0833333"
"2076618134","2551079787","0.166667"
"2551079787","2076618134","0.166667"
"2295662761","2535189740","0.166667"
"2535189740","2295662761","0.166667"
"2295662761","2551079787","0.666667"
"2551079787","2295662761","0.666667"
"2295662761","31535402","0.166667"
"31535402","2295662761","0.166667"
"2551079787","31535402","0.166667"
"31535402","2551079787","0.166667"
"163324474","1985737714","0.75"
"1985737714","163324474","0.75"
"163324474","2953250226","0.5"
"2953250226","163324474","0.5"
"1814600568","2546689421","0.166667"
"2546689421","1814600568","0.166667"
"1814600568","2953250226","0.166667"
"2953250226","1814600568","0.166667"
"1968207273","2953250226","0.166667"
"2953250226","1968207273","0.166667"
"1968207273","2963607721","0.166667"
"2963607721","1968207273","0.166667"
"1985737714","2546689421","0.166667"
"2546689421","1985737714","0.166667"
"1985737714","2963607721","0.416667"
"2963607721","1985737714","0.416667"
"2546689421","2953250226","0.166667"
"2953250226","2546689421","0.166667"
"2546689421","2963607721","0.166667"
"2963607721","2546689421","0.166667"
"2953250226","2963607721","0.166667"
"2963607721","2953250226","0.166667"
"1985737714","2535189740","1.41667"
"2535189740","1985737714","1.41667"
"1985737714","2345785860","0.5"
"2345785860","1985737714","0.5"
"2345785860","2953250226","0.333333"
"2953250226","2345785860","0.333333"
"163324474","2012847278","0.5"
"2012847278","163324474","0.5"
"1814600568","2012847278","0.5"
"2012847278","1814600568","0.5"
"1671752000","637926580","1"
"637926580","1671752000","1"
"1731837219","2031980791","0.5"
"2031980791","1731837219","0.5"
"1731837219","2250916057","1.08333"
"2250916057","1731837219","1.08333"
"2031980791","2250916057","0.5"
"2250916057","2031980791","0.5"
"1731837219","1963702675","0.5"
"1963702675","1731837219","0.5"
"1731837219","2138186643","0.5"
"2138186643","1731837219","0.5"
"1731837219","2069791760","0.666667"
"2069791760","1731837219","0.666667"
"1731837219","2401955237","0.583333"
"2401955237","1731837219","0.583333"
"1731837219","2600345989","0.583333"
"2600345989","1731837219","0.583333"
"2069791760","2401955237","0.333333"
"2401955237","2069791760","0.333333"
"2069791760","2600345989","3.83333"
"2600345989","2069791760","3.83333"
"2401955237","2600345989","0.583333"
"2600345989","2401955237","0.583333"
"1731837219","2066652850","1.33333"
"2066652850","1731837219","1.33333"
"2066652850","2250916057","0.333333"
"2250916057","2066652850","0.333333"
"2069791760","2250916057","0.333333"
"2250916057","2069791760","0.333333"
"1731837219","2535189740","0.25"
"2535189740","1731837219","0.25"
"2250916057","2401955237","1.25"
"2401955237","2250916057","1.25"
"2250916057","2600345989","0.75"
"2600345989","2250916057","0.75"
"2401955237","2535189740","0.25"
"2535189740","2401955237","0.25"
"2535189740","2600345989","0.25"
"2600345989","2535189740","0.25"
"1784290353","2620468789","2.2"
"2620468789","1784290353","2.2"
"1784290353","2293283655","0.2"
"2293283655","1784290353","0.2"
"1784290353","795486856","0.2"
"795486856","1784290353","0.2"
"2138186643","2620468789","0.2"
"2620468789","2138186643","0.2"
"2138186643","795486856","0.2"
"795486856","2138186643","0.2"
"2293283655","795486856","0.2"
"795486856","2293283655","0.2"
"2293283655","98609384","0.2"
"98609384","2293283655","0.2"
"2620468789","795486856","0.2"
"795486856","2620468789","0.2"
"2620468789","98609384","0.2"
"98609384","2620468789","0.2"
"795486856","98609384","1.7"
"98609384","795486856","1.7"
"1784290353","1889440031","0.5"
"1889440031","1784290353","0.5"
"1784290353","2076228604","0.5"
"2076228604","1784290353","0.5"
"1784290353","2345785860","1"
"2345785860","1784290353","1"
"1784290353","2153225416","1"
"2153225416","1784290353","1"
"1802324581","2341060513","1"
"2341060513","1802324581","1"
"1805882648","192652968","0.2"
"192652968","1805882648","0.2"
"1805882648","1963702675","0.2"
"1963702675","1805882648","0.2"
"1805882648","2156891949","0.2"
"2156891949","1805882648","0.2"
"1805882648","2953250226","0.2"
"2953250226","1805882648","0.2"
"192652968","1963702675","2.2"
"1963702675","192652968","2.2"
"192652968","1985737714","0.2"
"1985737714","192652968","0.2"
"192652968","2156891949","0.2"
"2156891949","192652968","0.2"
"192652968","2953250226","0.2"
"2953250226","192652968","0.2"
"1963702675","1985737714","0.2"
"1985737714","1963702675","0.2"
"1963702675","2953250226","0.2"
"2953250226","1963702675","0.2"
"1985737714","2156891949","0.2"
"2156891949","1985737714","0.2"
"2156891949","2953250226","0.2"
"2953250226","2156891949","0.2"
"1805882648","2066652850","0.666667"
"2066652850","1805882648","0.666667"
"1805882648","2600345989","0.666667"
"2600345989","1805882648","0.666667"
"2066652850","2600345989","3.5"
"2600345989","2066652850","3.5"
"1805882648","2892010312","1"
"2892010312","1805882648","1"
"1805882648","2400121884","1"
"2400121884","1805882648","1"
"1810020568","2010831420","0.333333"
"2010831420","1810020568","0.333333"
"1810020568","2949382109","1.33333"
"2949382109","1810020568","1.33333"
"2010831420","2345785860","0.333333"
"2345785860","2010831420","0.333333"
"2010831420","2949382109","0.333333"
"2949382109","2010831420","0.333333"
"2345785860","2949382109","0.333333"
"2949382109","2345785860","0.333333"
"1810020568","1985737714","0.166667"
"1985737714","1810020568","0.166667"
"1814600568","31535402","0.366667"
"31535402","1814600568","0.366667"
"1985737714","31535402","0.166667"
"31535402","1985737714","0.166667"
"1810020568","1968207273","0.2"
"1968207273","1810020568","0.2"
"1814600568","2076618134","0.2"
"2076618134","1814600568","0.2"
"1968207273","2076618134","0.2"
"2076618134","1968207273","0.2"
"1968207273","31535402","0.2"
"31535402","1968207273","0.2"
"1814600568","2250916057","0.333333"
"2250916057","1814600568","0.333333"
"1814600568","2295628754","0.333333"
"2295628754","1814600568","0.333333"
"1814600568","2753197229","0.333333"
"2753197229","1814600568","0.333333"
"2250916057","2295628754","0.333333"
"2295628754","2250916057","0.333333"
"2250916057","2753197229","0.333333"
"2753197229","2250916057","0.333333"
"2295628754","2753197229","0.333333"
"2753197229","2295628754","0.333333"
"1823076153","2021406418","0.5"
