"1497018955","2142859739","0.333333"
"2142859739","1497018955","0.333333"
"1497018955","2160805358","0.333333"
"2160805358","1497018955","0.333333"
"1497018955","2186294471","0.333333"
"2186294471","1497018955","0.333333"
"2142859739","2160805358","1.68333"
"2160805358","2142859739","1.68333"
"2142859739","2186294471","3.93333"
"2186294471","2142859739","3.93333"
"2160805358","2186294471","1.73889"
"2186294471","2160805358","1.73889"
"1498233127","2105026739","3.2"
"2105026739","1498233127","3.2"
"1498233127","2884078301","1"
"2884078301","1498233127","1"
"1498233127","1999874211","0.2"
"1999874211","1498233127","0.2"
"1498233127","2046557563","0.2"
"2046557563","1498233127","0.2"
"1498233127","2116277390","0.2"
"2116277390","1498233127","0.2"
"1498233127","2148485166","0.2"
"2148485166","1498233127","0.2"
"1999874211","2046557563","0.7"
"2046557563","1999874211","0.7"
"1999874211","2105026739","0.2"
"2105026739","1999874211","0.2"
"1999874211","2116277390","9.56667"
"2116277390","1999874211","9.56667"
"1999874211","2148485166","10.0667"
"2148485166","1999874211","10.0667"
"2046557563","2105026739","0.2"
"2105026739","2046557563","0.2"
"2046557563","2116277390","0.533333"
"2116277390","2046557563","0.533333"
"2046557563","2148485166","0.7"
"2148485166","2046557563","0.7"
"2105026739","2116277390","0.2"
"2116277390","2105026739","0.2"
"2105026739","2148485166","0.2"
"2148485166","2105026739","0.2"
"2116277390","2148485166","9.06667"
"2148485166","2116277390","9.06667"
"1504817388","1584667816","2"
"1584667816","1504817388","2"
"1504817388","2044728660","1.5"
"2044728660","1504817388","1.5"
"1584667816","2044728660","6.25"
"2044728660","1584667816","6.25"
"1504817388","223947775","1.5"
"223947775","1504817388","1.5"
"2044728660","223947775","0.5"
"223947775","2044728660","0.5"
"1520443866","1540899519","1.58889"
"1540899519","1520443866","1.58889"
"1520443866","1600820873","1.08889"
"1600820873","1520443866","1.08889"
"1520443866","2160805358","3.08175"
"2160805358","1520443866","3.08175"
"1540899519","1600820873","1.08889"
"1600820873","1540899519","1.08889"
"1540899519","2160805358","2.34286"
"2160805358","1540899519","2.34286"
"1600820873","2160805358","0.7"
"2160805358","1600820873","0.7"
"1520443866","2136734906","3.40556"
"2136734906","1520443866","3.40556"
"1520443866","223947775","3.29841"
"223947775","1520443866","3.29841"
"2136734906","223947775","5.28056"
"223947775","2136734906","5.28056"
"1520443866","1921566580","0.5"
"1921566580","1520443866","0.5"
"1921566580","2136734906","0.625"
"2136734906","1921566580","0.625"
"1520443866","2142859739","1.1"
"2142859739","1520443866","1.1"
"1520443866","2186294471","1.15556"
"2186294471","1520443866","1.15556"
"2136734906","2142859739","0.85"
"2142859739","2136734906","0.85"
"2136734906","2160805358","1.65556"
"2160805358","2136734906","1.65556"
"2136734906","2186294471","0.905556"
"2186294471","2136734906","0.905556"
"2142859739","223947775","1.1"
"223947775","2142859739","1.1"
"2160805358","223947775","1.04841"
"223947775","2160805358","1.04841"
"2186294471","223947775","1.15556"
"223947775","2186294471","1.15556"
"1520443866","1547978973","0.0555556"
"1547978973","1520443866","0.0555556"
"1520443866","1592400801","0.0555556"
"1592400801","1520443866","0.0555556"
"1520443866","1697154133","0.255556"
"1697154133","1520443866","0.255556"
"1520443866","1884345311","0.198413"
"1884345311","1520443866","0.198413"
"1520443866","2043793719","0.198413"
"2043793719","1520443866","0.198413"
"1520443866","2060979493","0.0555556"
"2060979493","1520443866","0.0555556"
"1520443866","2095951260","0.255556"
"2095951260","1520443866","0.255556"
"1520443866","2111563469","0.0555556"
"2111563469","1520443866","0.0555556"
"1520443866","2129066856","0.198413"
"2129066856","1520443866","0.198413"
"1520443866","2156305067","0.0555556"
"2156305067","1520443866","0.0555556"
"1520443866","2158312857","0.0555556"
"2158312857","1520443866","0.0555556"
"1520443866","2199625106","0.198413"
"2199625106","1520443866","0.198413"
"1540899519","1547978973","0.166667"
"1547978973","1540899519","0.166667"
"1540899519","1592400801","0.0555556"
"1592400801","1540899519","0.0555556"
"1540899519","1697154133","0.366667"
"1697154133","1540899519","0.366667"
"1540899519","1884345311","0.559524"
"1884345311","1540899519","0.559524"
"1540899519","2043793719","0.559524"
"2043793719","1540899519","0.559524"
"1540899519","2060979493","0.309524"
"2060979493","1540899519","0.309524"
"1540899519","2095951260","0.255556"
"2095951260","1540899519","0.255556"
"1540899519","2111563469","0.166667"
"2111563469","1540899519","0.166667"
"1540899519","2129066856","0.166667"
"2129066856","1540899519","0.166667"
"1540899519","2136734906","0.0555556"
"2136734906","1540899519","0.0555556"
"1540899519","2156305067","0.198413"
"2156305067","1540899519","0.198413"
"1540899519","2158312857","0.0555556"
"2158312857","1540899519","0.0555556"
"1540899519","2186294471","0.0555556"
"2186294471","1540899519","0.0555556"
"1540899519","2199625106","0.559524"
"2199625106","1540899519","0.559524"
"1540899519","223947775","0.0555556"
"223947775","1540899519","0.0555556"
"1547978973","1592400801","0.138889"
"1592400801","1547978973","0.138889"
"1547978973","1600820873","0.82619"
"1600820873","1547978973","0.82619"
"1547978973","1697154133","1.83968"
"1697154133","1547978973","1.83968"
"1547978973","1884345311","0.535714"
"1884345311","1547978973","0.535714"
"1547978973","2043793719","0.730159"
"2043793719","1547978973","0.730159"
"1547978973","2060979493","1.25635"
"2060979493","1547978973","1.25635"
"1547978973","2095951260","1.49841"
"2095951260","1547978973","1.49841"
"1547978973","2111563469","1.38968"
"2111563469","1547978973","1.38968"
"1547978973","2129066856","1.75635"
"2129066856","1547978973","1.75635"
"1547978973","2136734906","0.0555556"
"2136734906","1547978973","0.0555556"
"1547978973","2156305067","0.388889"
"2156305067","1547978973","0.388889"
"1547978973","2158312857","0.516667"
"2158312857","1547978973","0.516667"
"1547978973","2160805358","0.166667"
"2160805358","1547978973","0.166667"
"1547978973","2186294471","0.0555556"
"2186294471","1547978973","0.0555556"
"1547978973","2199625106","0.913492"
"2199625106","1547978973","0.913492"
"1547978973","223947775","1.34286"
"223947775","1547978973","1.34286"
"1592400801","1600820873","0.138889"
"1600820873","1592400801","0.138889"
"1592400801","1697154133","0.138889"
"1697154133","1592400801","0.138889"
"1592400801","1884345311","0.263889"
"1884345311","1592400801","0.263889"
"1592400801","2043793719","0.0555556"
"2043793719","1592400801","0.0555556"
"1592400801","2060979493","0.138889"
"2060979493","1592400801","0.138889"
"1592400801","2095951260","0.138889"
"2095951260","1592400801","0.138889"
"1592400801","2111563469","0.263889"
"2111563469","1592400801","0.263889"
"1592400801","2129066856","0.263889"
"2129066856","1592400801","0.263889"
"1592400801","2136734906","0.430556"
"2136734906","1592400801","0.430556"
"1592400801","2156305067","0.138889"
"2156305067","1592400801","0.138889"
"1592400801","2158312857","0.263889"
"2158312857","1592400801","0.263889"
"1592400801","2160805358","1.05556"
"2160805358","1592400801","1.05556"
"1592400801","2186294471","0.0555556"
"2186294471","1592400801","0.0555556"
"1592400801","2199625106","0.263889"
"2199625106","1592400801","0.263889"
"1592400801","223947775","0.513889"
"223947775","1592400801","0.513889"
"1600820873","1697154133","1.75635"
"1697154133","1600820873","1.75635"
"1600820873","1884345311","0.785714"
"1884345311","1600820873","0.785714"
"1600820873","2043793719","0.980159"
"2043793719","1600820873","0.980159"
"1600820873","2060979493","1.30635"
"2060979493","1600820873","1.30635"
"1600820873","2095951260","0.915079"
"2095951260","1600820873","0.915079"
"1600820873","2111563469","1.55635"
"2111563469","1600820873","1.55635"
"1600820873","2129066856","1.72302"
"2129066856","1600820873","1.72302"
"1600820873","2136734906","0.0555556"
"2136734906","1600820873","0.0555556"
"1600820873","2156305067","0.138889"
"2156305067","1600820873","0.138889"
"1600820873","2158312857","0.711111"
"2158312857","1600820873","0.711111"
"1600820873","2186294471","0.0555556"
"2186294471","1600820873","0.0555556"
"1600820873","2199625106","0.996825"
"2199625106","1600820873","0.996825"
"1600820873","223947775","0.97619"
"223947775","1600820873","0.97619"
"1697154133","1884345311","1.18254"
"1884345311","1697154133","1.18254"
"1697154133","2043793719","1.21032"
"2043793719","1697154133","1.21032"
"1697154133","2060979493","2.06984"
"2060979493","1697154133","2.06984"
"1697154133","2095951260","1.86508"
"2095951260","1697154133","1.86508"
"1697154133","2111563469","3.11984"
"2111563469","1697154133","3.11984"
"1697154133","2129066856","3.15317"
"2129066856","1697154133","3.15317"
"1697154133","2136734906","0.555556"
"2136734906","1697154133","0.555556"
"1697154133","2156305067","0.388889"
"2156305067","1697154133","0.388889"
"1697154133","2158312857","0.877778"
"2158312857","1697154133","0.877778"
"1697154133","2160805358","0.477778"
"2160805358","1697154133","0.477778"
"1697154133","2186294471","0.0555556"
"2186294471","1697154133","0.0555556"
"1697154133","2199625106","1.56032"
"2199625106","1697154133","1.56032"
"1697154133","223947775","1.75952"
"223947775","1697154133","1.75952"
"1884345311","2043793719","2.13492"
"2043793719","1884345311","2.13492"
"1884345311","2060979493","1.8254"
"2060979493","1884345311","1.8254"
"1884345311","2095951260","0.138889"
"2095951260","1884345311","0.138889"
"1884345311","2111563469","1.80754"
"2111563469","1884345311","1.80754"
"1884345311","2129066856","1.9504"
"2129066856","1884345311","1.9504"
"1884345311","2136734906","0.180556"
"2136734906","1884345311","0.180556"
"1884345311","2156305067","0.281746"
"2156305067","1884345311","0.281746"
"1884345311","2158312857","0.625"
"2158312857","1884345311","0.625"
"1884345311","2160805358","0.563492"
"2160805358","1884345311","0.563492"
"1884345311","2186294471","0.0555556"
"2186294471","1884345311","0.0555556"
"1884345311","2199625106","15.3433"
"2199625106","1884345311","15.3433"
"1884345311","223947775","0.906746"
"223947775","1884345311","0.906746"
"2043793719","2060979493","1.51984"
"2060979493","2043793719","1.51984"
"2043793719","2095951260","0.222222"
"2095951260","2043793719","0.222222"
"2043793719","2111563469","2.54365"
"2111563469","2043793719","2.54365"
"2043793719","2129066856","2.85317"
"2129066856","2043793719","2.85317"
"2043793719","2136734906","0.0555556"
"2136734906","2043793719","0.0555556"
"2043793719","2156305067","0.365079"
"2156305067","2043793719","0.365079"
"2043793719","2158312857","0.694444"
"2158312857","2043793719","0.694444"
"2043793719","2160805358","0.563492"
"2160805358","2043793719","0.563492"
"2043793719","2186294471","0.0555556"
"2186294471","2043793719","0.0555556"
"2043793719","2199625106","3.07937"
"2199625106","2043793719","3.07937"
"2043793719","223947775","0.642857"
"223947775","2043793719","0.642857"
"2060979493","2095951260","0.748413"
"2095951260","2060979493","0.748413"
"2060979493","2111563469","1.86984"
"2111563469","2060979493","1.86984"
"2060979493","2129066856","2.23651"
"2129066856","2060979493","2.23651"
"2060979493","2136734906","0.0555556"
"2136734906","2060979493","0.0555556"
"2060979493","2156305067","0.281746"
"2156305067","2060979493","0.281746"
"2060979493","2158312857","0.711111"
"2158312857","2060979493","0.711111"
"2060979493","2160805358","0.420635"
"2160805358","2060979493","0.420635"
"2060979493","2186294471","0.0555556"
"2186294471","2060979493","0.0555556"
"2060979493","2199625106","1.53651"
"2199625106","2060979493","1.53651"
"2060979493","223947775","2.25952"
"223947775","2060979493","2.25952"
"2095951260","2111563469","0.881746"
"2111563469","2095951260","0.881746"
"2095951260","2129066856","1.58175"
"2129066856","2095951260","1.58175"
"2095951260","2136734906","0.0555556"
"2136734906","2095951260","0.0555556"
"2095951260","2156305067","0.388889"
"2156305067","2095951260","0.388889"
"2095951260","2158312857","0.405556"
"2158312857","2095951260","0.405556"
"2095951260","2160805358","0.255556"
"2160805358","2095951260","0.255556"
"2095951260","2186294471","0.0555556"
"2186294471","2095951260","0.0555556"
"2095951260","2199625106","0.405556"
"2199625106","2095951260","0.405556"
"2095951260","223947775","1.56508"
"223947775","2095951260","1.56508"
"2111563469","2129066856","4.07817"
"2129066856","2111563469","4.07817"
"2111563469","2136734906","0.680556"
"2136734906","2111563469","0.680556"
"2111563469","2156305067","0.305556"
"2156305067","2111563469","0.305556"
"2111563469","2158312857","1.16944"
"2158312857","2111563469","1.16944"
"2111563469","2160805358","0.277778"
"2160805358","2111563469","0.277778"
"2111563469","2186294471","0.0555556"
"2186294471","2111563469","0.0555556"
"2111563469","2199625106","3.01865"
"2199625106","2111563469","3.01865"
"2111563469","223947775","1.26786"
"223947775","2111563469","1.26786"
"2129066856","2136734906","0.180556"
"2136734906","2129066856","0.180556"
"2129066856","2156305067","0.305556"
"2156305067","2129066856","0.305556"
"2129066856","2158312857","1.16944"
"2158312857","2129066856","1.16944"
"2129066856","2160805358","0.420635"
"2160805358","2129066856","0.420635"
"2129066856","2186294471","0.0555556"
"2186294471","2129066856","0.0555556"
"2129066856","2199625106","3.16151"
"2199625106","2129066856","3.16151"
"2129066856","223947775","3.11071"
"223947775","2129066856","3.11071"
"2136734906","2156305067","0.0555556"
"2156305067","2136734906","0.0555556"
"2136734906","2158312857","0.180556"
"2158312857","2136734906","0.180556"
"2136734906","2199625106","0.180556"
"2199625106","2136734906","0.180556"
"2156305067","2158312857","0.305556"
"2158312857","2156305067","0.305556"
"2156305067","2160805358","0.198413"
"2160805358","2156305067","0.198413"
"2156305067","2186294471","0.0555556"
"2186294471","2156305067","0.0555556"
"2156305067","2199625106","0.448413"
"2199625106","2156305067","0.448413"
"2156305067","223947775","2.55556"
"223947775","2156305067","2.55556"
"2158312857","2160805358","0.166667"
"2160805358","2158312857","0.166667"
"2158312857","2186294471","0.0555556"
"2186294471","2158312857","0.0555556"
"2158312857","2199625106","1.16944"
"2199625106","2158312857","1.16944"
"2158312857","223947775","0.541667"
"223947775","2158312857","0.541667"
"2160805358","2199625106","0.563492"
"2199625106","2160805358","0.563492"
"2186294471","2199625106","0.0555556"
"2199625106","2186294471","0.0555556"
"2199625106","223947775","0.684524"
"223947775","2199625106","0.684524"
"1520443866","1967338159","0.142857"
"1967338159","1520443866","0.142857"
"1884345311","1967338159","0.142857"
"1967338159","1884345311","0.142857"
"1967338159","2043793719","0.142857"
"2043793719","1967338159","0.142857"
"1967338159","2129066856","0.142857"
"2129066856","1967338159","0.142857"
"1967338159","2160805358","0.142857"
"2160805358","1967338159","0.142857"
"1967338159","2199625106","0.142857"
"2199625106","1967338159","0.142857"
"1967338159","223947775","1.64286"
"223947775","1967338159","1.64286"
"1538789362","53209706","23.6667"
"53209706","1538789362","23.6667"
"1538789362","1981038351","0.666667"
"1981038351","1538789362","0.666667"
"1538789362","2083551829","1.16667"
"2083551829","1538789362","1.16667"
"1981038351","2083551829","5.66667"
"2083551829","1981038351","5.66667"
"1981038351","53209706","0.666667"
"53209706","1981038351","0.666667"
"2083551829","53209706","1.16667"
"53209706","2083551829","1.16667"
"1538789362","1748749724","0.5"
"1748749724","1538789362","0.5"
"1748749724","53209706","1"
"53209706","1748749724","1"
"1540899519","2112222709","0.25"
"2112222709","1540899519","0.25"
"1884345311","2112222709","0.25"
"2112222709","1884345311","0.25"
"2043793719","2112222709","0.25"
"2112222709","2043793719","0.25"
"2112222709","2199625106","0.35"
"2199625106","2112222709","0.35"
"1540899519","2142018073","0.142857"
"2142018073","1540899519","0.142857"
"1884345311","2142018073","0.142857"
"2142018073","1884345311","0.142857"
"2043793719","2142018073","0.142857"
"2142018073","2043793719","0.142857"
"2060979493","2142018073","0.142857"
"2142018073","2060979493","0.142857"
"2142018073","2156305067","12.1429"
"2156305067","2142018073","12.1429"
"2142018073","2160805358","0.142857"
"2160805358","2142018073","0.142857"
"2142018073","2199625106","0.142857"
"2199625106","2142018073","0.142857"
"1547978973","1967890081","0.266667"
"1967890081","1547978973","0.266667"
"1697154133","1967890081","0.266667"
"1967890081","1697154133","0.266667"
"1967890081","2095951260","1.26667"
"2095951260","1967890081","1.26667"
"1967890081","2111563469","0.266667"
"2111563469","1967890081","0.266667"
"1967890081","2129066856","0.266667"
"2129066856","1967890081","0.266667"
"1967890081","223947775","0.166667"
"223947775","1967890081","0.166667"
"1547978973","2112222709","0.1"
"2112222709","1547978973","0.1"
"1600820873","1967890081","0.1"
"1967890081","1600820873","0.1"
"1600820873","2112222709","0.1"
"2112222709","1600820873","0.1"
"1697154133","2112222709","0.1"
"2112222709","1697154133","0.1"
"1967890081","2060979493","0.6"
"2060979493","1967890081","0.6"
"1967890081","2112222709","10.6333"
"2112222709","1967890081","10.6333"
"1967890081","2158312857","0.1"
"2158312857","1967890081","0.1"
"1967890081","2199625106","0.1"
"2199625106","1967890081","0.1"
"2060979493","2112222709","0.6"
"2112222709","2060979493","0.6"
"2095951260","2112222709","0.1"
"2112222709","2095951260","0.1"
"2111563469","2112222709","0.1"
"2112222709","2111563469","0.1"
"2112222709","2129066856","0.1"
"2129066856","2112222709","0.1"
"2112222709","2158312857","0.1"
"2158312857","2112222709","0.1"
"1557856651","1584667816","0.5"
"1584667816","1557856651","0.5"
"1557856651","2044728660","3.5"
"2044728660","1557856651","3.5"
"1584667816","223947775","1"
"223947775","1584667816","1"
"1584667816","1585166509","0.75"
"1585166509","1584667816","0.75"
"1585166509","2044728660","0.95"
"2044728660","1585166509","0.95"
"1584667816","1977417349","0.25"
"1977417349","1584667816","0.25"
"1584667816","2005250451","0.25"
"2005250451","1584667816","0.25"
"1585166509","1977417349","1.61667"
"1977417349","1585166509","1.61667"
"1585166509","2005250451","1.61667"
"2005250451","1585166509","1.61667"
"1977417349","2005250451","7.95"
"2005250451","1977417349","7.95"
"1977417349","2044728660","0.45"
"2044728660","1977417349","0.45"
"2005250451","2044728660","0.45"
"2044728660","2005250451","0.45"
"1585166509","2124627348","2.03333"
"2124627348","1585166509","2.03333"
"1585166509","2165035264","0.533333"
"2165035264","1585166509","0.533333"
"1977417349","2165035264","1.86667"
"2165035264","1977417349","1.86667"
"2005250451","2165035264","0.866667"
"2165035264","2005250451","0.866667"
"1977417349","2124627348","1.36667"
"2124627348","1977417349","1.36667"
"2005250451","2124627348","1.36667"
"2124627348","2005250451","1.36667"
"2044728660","2124627348","0.2"
"2124627348","2044728660","0.2"
"2044728660","2165035264","0.2"
"2165035264","2044728660","0.2"
"2124627348","2165035264","5.86667"
"2165035264","2124627348","5.86667"
"1585166509","2046557563","0.5"
"2046557563","1585166509","0.5"
"2046557563","2124627348","7.83333"
"2124627348","2046557563","7.83333"
"1592400801","1597242206","0.25"
"1597242206","1592400801","0.25"
"1592400801","2130452318","0.25"
"2130452318","1592400801","0.25"
"1597242206","2130452318","0.25"
"2130452318","1597242206","0.25"
"1597242206","2136734906","0.25"
"2136734906","1597242206","0.25"
"1597242206","223947775","0.25"
"223947775","1597242206","0.25"
"2130452318","2136734906","0.25"
"2136734906","2130452318","0.25"
"2130452318","223947775","0.25"
"223947775","2130452318","0.25"
"1592400801","1766171436","0.5"
"1766171436","1592400801","0.5"
"1592400801","2026100521","0.5"
"2026100521","1592400801","0.5"
"1766171436","2026100521","8.58333"
"2026100521","1766171436","8.58333"
"1592400801","1921566580","0.125"
"1921566580","1592400801","0.125"
"1884345311","1921566580","0.125"
"1921566580","1884345311","0.125"
"1921566580","2111563469","0.125"
"2111563469","1921566580","0.125"
"1921566580","2129066856","0.125"
"2129066856","1921566580","0.125"
"1921566580","2158312857","0.125"
"2158312857","1921566580","0.125"
"1921566580","2199625106","0.125"
"2199625106","1921566580","0.125"
"1921566580","223947775","3.625"
"223947775","1921566580","3.625"
"1597242206","2112222709","1"
"2112222709","1597242206","1"
"1597242206","1999874211","0.333333"
"1999874211","1597242206","0.333333"
"1597242206","2116277390","0.333333"
"2116277390","1597242206","0.333333"
"1597242206","2148485166","0.333333"
"2148485166","1597242206","0.333333"
"1748749724","2615924543","1.14286"
"2615924543","1748749724","1.14286"
"1748749724","1981038351","2.33333"
"1981038351","1748749724","2.33333"
"1748749724","2790903485","8.83333"
"2790903485","1748749724","8.83333"
"1748749724","2884078301","0.47619"
"2884078301","1748749724","0.47619"
"1981038351","2790903485","0.333333"
"2790903485","1981038351","0.333333"
"1981038351","2884078301","0.583333"
"2884078301","1981038351","0.583333"
"2790903485","2884078301","0.333333"
"2884078301","2790903485","0.333333"
"2790903485","53209706","0.5"
"53209706","2790903485","0.5"
"1748749724","1934481708","0.142857"
"1934481708","1748749724","0.142857"
"1748749724","2049351579","0.142857"
"2049351579","1748749724","0.142857"
"1748749724","2058803838","0.142857"
"2058803838","1748749724","0.142857"
"1748749724","2429442430","0.142857"
"2429442430","1748749724","0.142857"
"1748749724","2472436677","0.142857"
"2472436677","1748749724","0.142857"
"1934481708","2049351579","0.142857"
"2049351579","1934481708","0.142857"
"1934481708","2058803838","0.142857"
"2058803838","1934481708","0.142857"
"1934481708","2429442430","1.39286"
"2429442430","1934481708","1.39286"
"1934481708","2472436677","0.892857"
"2472436677","1934481708","0.892857"
"1934481708","2615924543","0.142857"
"2615924543","1934481708","0.142857"
"1934481708","2884078301","0.892857"
"2884078301","1934481708","0.892857"
"2049351579","2058803838","28.9762"
"2058803838","2049351579","28.9762"
"2049351579","2429442430","0.142857"
"2429442430","2049351579","0.142857"
"2049351579","2472436677","0.892857"
"2472436677","2049351579","0.892857"
"2049351579","2615924543","0.392857"
"2615924543","2049351579","0.392857"
"2049351579","2884078301","0.392857"
"2884078301","2049351579","0.392857"
"2058803838","2429442430","0.142857"
"2429442430","2058803838","0.142857"
"2058803838","2472436677","0.892857"
"2472436677","2058803838","0.892857"
"2058803838","2615924543","0.392857"
"2615924543","2058803838","0.392857"
"2058803838","2884078301","0.392857"
"2884078301","2058803838","0.392857"
"2429442430","2472436677","2.39286"
"2472436677","2429442430","2.39286"
"2429442430","2615924543","0.642857"
"2615924543","2429442430","0.642857"
"2429442430","2884078301","1.89286"
"2884078301","2429442430","1.89286"
"2472436677","2615924543","1.89286"
"2615924543","2472436677","1.89286"
"2472436677","2884078301","0.892857"
"2884078301","2472436677","0.892857"
"2615924543","2884078301","2.14286"
"2884078301","2615924543","2.14286"
"1766171436","1886224142","2.83333"
"1886224142","1766171436","2.83333"
"1766171436","2032521898","8.58333"
"2032521898","1766171436","8.58333"
"1886224142","2026100521","1.83333"
"2026100521","1886224142","1.83333"
"1886224142","2032521898","4.33333"
"2032521898","1886224142","4.33333"
"2026100521","2032521898","3.58333"
"2032521898","2026100521","3.58333"
"1766171436","1967338159","0.25"
"1967338159","1766171436","0.25"
"1766171436","2064506658","0.25"
"2064506658","1766171436","0.25"
"1967338159","2026100521","0.25"
"2026100521","1967338159","0.25"
"1967338159","2032521898","0.25"
"2032521898","1967338159","0.25"
"1967338159","2064506658","3.25"
"2064506658","1967338159","3.25"
"2026100521","2064506658","0.25"
"2064506658","2026100521","0.25"
"2032521898","2064506658","0.25"
"2064506658","2032521898","0.25"
"1879033282","2069108953","13.5"
"2069108953","1879033282","13.5"
"1879033282","2889282079","1"
"2889282079","1879033282","1"
"2069108953","2889282079","0.5"
"2889282079","2069108953","0.5"
"1879033282","2615924543","0.5"
"2615924543","1879033282","0.5"
"2615924543","2889282079","12"
"2889282079","2615924543","12"
"1917148927","2001528886","2"
"2001528886","1917148927","2"
"1917148927","2059936683","1.5"
"2059936683","1917148927","1.5"
"2001528886","2059936683","0.5"
"2059936683","2001528886","0.5"
"1917148927","2160649177","5.5"
"2160649177","1917148927","5.5"
"2001528886","2160649177","0.5"
"2160649177","2001528886","0.5"
"1921566580","2160805358","1"
"2160805358","1921566580","1"
"1921566580","2884078301","1"
"2884078301","1921566580","1"
"1921566580","1967338159","0.5"
"1967338159","1921566580","0.5"
"1934481708","2584199608","1.25"
"2584199608","1934481708","1.25"
"2429442430","2584199608","5.25"
"2584199608","2429442430","5.25"
"2472436677","2584199608","1.75"
"2584199608","2472436677","1.75"
"2584199608","2884078301","0.75"
"2884078301","2584199608","0.75"
"1967890081","1999874211","0.2"
"1999874211","1967890081","0.2"
"1967890081","2116277390","0.533333"
"2116277390","1967890081","0.533333"
"1967890081","2148485166","0.2"
"2148485166","1967890081","0.2"
"1967890081","2429442430","0.2"
"2429442430","1967890081","0.2"
"1999874211","2112222709","0.2"
"2112222709","1999874211","0.2"
"1999874211","2429442430","0.2"
"2429442430","1999874211","0.2"
"2112222709","2116277390","0.533333"
"2116277390","2112222709","0.533333"
"2112222709","2148485166","0.2"
"2148485166","2112222709","0.2"
"2112222709","2429442430","0.2"
"2429442430","2112222709","0.2"
"2116277390","2429442430","0.2"
"2429442430","2116277390","0.2"
"2148485166","2429442430","0.2"
"2429442430","2148485166","0.2"
"1967890081","2156305067","0.5"
"2156305067","1967890081","0.5"
"2112222709","2156305067","0.5"
"2156305067","2112222709","0.5"
"1967890081","2046557563","0.333333"
"2046557563","1967890081","0.333333"
"2046557563","2112222709","1.33333"
"2112222709","2046557563","1.33333"
"1977417349","2046557563","0.5"
"2046557563","1977417349","0.5"
"2005250451","2046557563","0.5"
"2046557563","2005250451","0.5"
"1981038351","2085963858","0.25"
"2085963858","1981038351","0.25"
"1981038351","2103906746","0.25"
"2103906746","1981038351","0.25"
"1981038351","2984343629","0.25"
"2984343629","1981038351","0.25"
"2085963858","2103906746","0.25"
"2103906746","2085963858","0.25"
"2085963858","2884078301","0.25"
"2884078301","2085963858","0.25"
"2085963858","2984343629","0.25"
"2984343629","2085963858","0.25"
"2103906746","2884078301","0.25"
"2884078301","2103906746","0.25"
"2103906746","2984343629","0.25"
"2984343629","2103906746","0.25"
"2884078301","2984343629","1.25"
"2984343629","2884078301","1.25"
"1999874211","2012451152","1.33333"
"2012451152","1999874211","1.33333"
"2012451152","2116277390","1.83333"
"2116277390","2012451152","1.83333"
"2012451152","2148485166","1.83333"
"2148485166","2012451152","1.83333"
"2002363566","2049351579","0.833333"
"2049351579","2002363566","0.833333"
"2002363566","2058803838","1.83333"
"2058803838","2002363566","1.83333"
"2002363566","2134695286","0.583333"
"2134695286","2002363566","0.583333"
"2002363566","2884078301","0.25"
"2884078301","2002363566","0.25"
"2049351579","2134695286","4.08333"
"2134695286","2049351579","4.08333"
"2058803838","2134695286","4.08333"
"2134695286","2058803838","4.08333"
"2134695286","2884078301","0.25"
"2884078301","2134695286","0.25"
"2002363566","2615924543","1.75"
"2615924543","2002363566","1.75"
"2002363566","2472436677","0.25"
"2472436677","2002363566","0.25"
"2002363566","2889282079","0.5"
"2889282079","2002363566","0.5"
"2044728660","2136734906","1"
"2136734906","2044728660","1"
"2046557563","2129069117","2"
"2129069117","2046557563","2"
"2046557563","2167917855","3.33333"
"2167917855","2046557563","3.33333"
"2129069117","2167917855","10.5"
"2167917855","2129069117","10.5"
"2046557563","2165035264","6.33333"
"2165035264","2046557563","6.33333"
"2046557563","2103906746","1"
"2103906746","2046557563","1"
"2124627348","2129069117","0.5"
"2129069117","2124627348","0.5"
"2124627348","2167917855","0.833333"
"2167917855","2124627348","0.833333"
"2129069117","2165035264","2"
"2165035264","2129069117","2"
"2165035264","2167917855","2.33333"
"2167917855","2165035264","2.33333"
"2130452318","74937692","1"
"74937692","2130452318","1"
"2130452318","2154374509","2"
"2154374509","2130452318","2"
"2154374509","2199625106","1"
"2199625106","2154374509","1"
"223947775","74937692","2"
"74937692","223947775","2"
"2472436677","2984343629","1"
"2984343629","2472436677","1"
"2790903485","2897225817","1"
"2897225817","2790903485","1"
"2884078301","74937692","1"
"74937692","2884078301","1"
