"1178420787","2191840305","1.10589"
"2191840305","1178420787","1.10589"
"1178420787","2524694828","2.45746"
"2524694828","1178420787","2.45746"
"1178420787","2775561574","4.09079"
"2775561574","1178420787","4.09079"
"1178420787","2794425870","4.62845"
"2794425870","1178420787","4.62845"
"1178420787","2964196641","0.373333"
"2964196641","1178420787","0.373333"
"1178420787","79843527","1.85653"
"79843527","1178420787","1.85653"
"2191840305","2524694828","0.500653"
"2524694828","2191840305","0.500653"
"2191840305","2775561574","0.500653"
"2775561574","2191840305","0.500653"
"2191840305","2794425870","1.3916"
"2794425870","2191840305","1.3916"
"2191840305","2964196641","4.04"
"2964196641","2191840305","4.04"
"2191840305","79843527","0.642302"
"79843527","2191840305","0.642302"
"2524694828","2775561574","4.32605"
"2775561574","2524694828","4.32605"
"2524694828","2794425870","1.15984"
"2794425870","2524694828","1.15984"
"2524694828","2964196641","0.166667"
"2964196641","2524694828","0.166667"
"2524694828","79843527","0.268968"
"79843527","2524694828","0.268968"
"2775561574","2794425870","5.87651"
"2794425870","2775561574","5.87651"
"2775561574","2964196641","0.5"
"2964196641","2775561574","0.5"
"2775561574","79843527","0.368968"
"79843527","2775561574","0.368968"
"2794425870","2964196641","2.12333"
"2964196641","2794425870","2.12333"
"2794425870","79843527","1.10653"
"79843527","2794425870","1.10653"
"2964196641","79843527","0.206667"
"79843527","2964196641","0.206667"
"1178420787","2296466349","3.05659"
"2296466349","1178420787","3.05659"
"1178420787","2524370299","7.60143"
"2524370299","1178420787","7.60143"
"2296466349","2524370299","3.20738"
"2524370299","2296466349","3.20738"
"2296466349","2524694828","2.11817"
"2524694828","2296466349","2.11817"
"2296466349","2775561574","1.78484"
"2775561574","2296466349","1.78484"
"2524370299","2524694828","1.64794"
"2524694828","2524370299","1.64794"
"2524370299","2775561574","3.3146"
"2775561574","2524370299","3.3146"
"1178420787","2142079217","0.610028"
"2142079217","1178420787","0.610028"
"1178420787","2143962534","0.796363"
"2143962534","1178420787","0.796363"
"1178420787","2435913858","10.1666"
"2435913858","1178420787","10.1666"
"1178420787","2522558969","2.22732"
"2522558969","1178420787","2.22732"
"2142079217","2143962534","0.467171"
"2143962534","2142079217","0.467171"
"2142079217","2191840305","0.324314"
"2191840305","2142079217","0.324314"
"2142079217","2435913858","0.610028"
"2435913858","2142079217","0.610028"
"2142079217","2522558969","0.324314"
"2522558969","2142079217","0.324314"
"2142079217","79843527","0.26549"
"79843527","2142079217","0.26549"
"2143962534","2191840305","0.724935"
"2191840305","2143962534","0.724935"
"2143962534","2435913858","0.613824"
"2435913858","2143962534","0.613824"
"2143962534","2522558969","0.685252"
"2522558969","2143962534","0.685252"
"2143962534","79843527","0.475635"
"79843527","2143962534","0.475635"
"2191840305","2435913858","1.23837"
"2435913858","2191840305","1.23837"
"2191840305","2522558969","0.738366"
"2522558969","2191840305","0.738366"
"2435913858","2522558969","1.69948"
"2522558969","2435913858","1.69948"
"2435913858","79843527","0.575635"
"79843527","2435913858","0.575635"
"2522558969","79843527","0.908968"
"79843527","2522558969","0.908968"
"1178420787","124909259","0.637316"
"124909259","1178420787","0.637316"
"1178420787","1762201507","0.047619"
"1762201507","1178420787","0.047619"
"1178420787","1797585579","3.97416"
"1797585579","1178420787","3.97416"
"1178420787","1807096734","0.592381"
"1807096734","1178420787","0.592381"
"1178420787","1827565655","1.70151"
"1827565655","1178420787","1.70151"
"1178420787","2100000126","0.182367"
"2100000126","1178420787","0.182367"
"1178420787","2100680119","0.797764"
"2100680119","1178420787","0.797764"
"1178420787","2109499854","1.20508"
"2109499854","1178420787","1.20508"
"1178420787","2134347040","0.89824"
"2134347040","1178420787","0.89824"
"1178420787","2160967540","1.2389"
"2160967540","1178420787","1.2389"
"1178420787","2162153078","0.314635"
"2162153078","1178420787","0.314635"
"1178420787","2557821253","0.047619"
"2557821253","1178420787","0.047619"
"1178420787","2945372161","0.72381"
"2945372161","1178420787","0.72381"
"1178420787","66923425","0.684477"
"66923425","1178420787","0.684477"
"124909259","1762201507","0.247619"
"1762201507","124909259","0.247619"
"124909259","1797585579","0.285014"
"1797585579","124909259","0.285014"
"124909259","1807096734","0.667381"
"1807096734","124909259","0.667381"
"124909259","1827565655","0.395953"
"1827565655","124909259","0.395953"
"124909259","2100000126","0.182367"
"2100000126","124909259","0.182367"
"124909259","2100680119","0.146653"
"2100680119","124909259","0.146653"
"124909259","2109499854","0.0833333"
"2109499854","124909259","0.0833333"
"124909259","2134347040","1.44824"
"2134347040","124909259","1.44824"
"124909259","2160967540","0.197712"
"2160967540","124909259","0.197712"
"124909259","2162153078","0.197712"
"2162153078","124909259","0.197712"
"124909259","2191840305","7.56589"
"2191840305","124909259","7.56589"
"124909259","2296466349","0.257064"
"2296466349","124909259","0.257064"
"124909259","2435913858","0.788109"
"2435913858","124909259","0.788109"
"124909259","2522558969","0.526205"
"2522558969","124909259","0.526205"
"124909259","2524370299","0.435635"
"2524370299","124909259","0.435635"
"124909259","2524694828","0.328492"
"2524694828","124909259","0.328492"
"124909259","2557821253","0.047619"
"2557821253","124909259","0.047619"
"124909259","2775561574","0.328492"
"2775561574","124909259","0.328492"
"124909259","2945372161","0.547619"
"2945372161","124909259","0.547619"
"124909259","66923425","0.932554"
"66923425","124909259","0.932554"
"1762201507","1797585579","0.047619"
"1797585579","1762201507","0.047619"
"1762201507","1807096734","0.247619"
"1807096734","1762201507","0.247619"
"1762201507","1827565655","0.047619"
"1827565655","1762201507","0.047619"
"1762201507","2100000126","0.047619"
"2100000126","1762201507","0.047619"
"1762201507","2100680119","0.047619"
"2100680119","1762201507","0.047619"
"1762201507","2109499854","0.047619"
"2109499854","1762201507","0.047619"
"1762201507","2134347040","0.047619"
"2134347040","1762201507","0.047619"
"1762201507","2160967540","0.047619"
"2160967540","1762201507","0.047619"
"1762201507","2162153078","0.047619"
"2162153078","1762201507","0.047619"
"1762201507","2191840305","0.047619"
"2191840305","1762201507","0.047619"
"1762201507","2296466349","0.047619"
"2296466349","1762201507","0.047619"
"1762201507","2435913858","1.38095"
"2435913858","1762201507","1.38095"
"1762201507","2522558969","0.047619"
"2522558969","1762201507","0.047619"
"1762201507","2524370299","0.047619"
"2524370299","1762201507","0.047619"
"1762201507","2524694828","0.047619"
"2524694828","1762201507","0.047619"
"1762201507","2557821253","2.04762"
"2557821253","1762201507","2.04762"
"1762201507","2775561574","0.047619"
"2775561574","1762201507","0.047619"
"1762201507","2945372161","0.047619"
"2945372161","1762201507","0.047619"
"1762201507","66923425","0.247619"
"66923425","1762201507","0.247619"
"1797585579","1807096734","1.23501"
"1807096734","1797585579","1.23501"
"1797585579","1827565655","2.68025"
"1827565655","1797585579","2.68025"
"1797585579","2100000126","1.47778"
"2100000126","1797585579","1.47778"
"1797585579","2100680119","0.525653"
"2100680119","1797585579","0.525653"
"1797585579","2109499854","5.68915"
"2109499854","1797585579","5.68915"
"1797585579","2134347040","1.87421"
"2134347040","1797585579","1.87421"
"1797585579","2160967540","1.05716"
"2160967540","1797585579","1.05716"
"1797585579","2162153078","0.25908"
"2162153078","1797585579","0.25908"
"1797585579","2191840305","0.330509"
"2191840305","1797585579","0.330509"
"1797585579","2296466349","0.47254"
"2296466349","1797585579","0.47254"
"1797585579","2435913858","0.902731"
"2435913858","1797585579","0.902731"
"1797585579","2522558969","0.724159"
"2522558969","1797585579","0.724159"
"1797585579","2524370299","0.873333"
"2524370299","1797585579","0.873333"
"1797585579","2524694828","0.428114"
"2524694828","1797585579","0.428114"
"1797585579","2557821253","0.047619"
"2557821253","1797585579","0.047619"
"1797585579","2775561574","1.36145"
"2775561574","1797585579","1.36145"
"1797585579","2945372161","1.54762"
"2945372161","1797585579","1.54762"
"1797585579","66923425","0.52662"
"66923425","1797585579","0.52662"
"1807096734","1827565655","0.595953"
"1827565655","1807096734","0.595953"
"1807096734","2100000126","0.182367"
"2100000126","1807096734","0.182367"
"1807096734","2100680119","0.646653"
"2100680119","1807096734","0.646653"
"1807096734","2109499854","1.33333"
"2109499854","1807096734","1.33333"
"1807096734","2134347040","0.564907"
"2134347040","1807096734","0.564907"
"1807096734","2160967540","0.572712"
"2160967540","1807096734","0.572712"
"1807096734","2162153078","0.197712"
"2162153078","1807096734","0.197712"
"1807096734","2191840305","0.395953"
"2191840305","1807096734","0.395953"
"1807096734","2296466349","0.19824"
"2296466349","1807096734","0.19824"
"1807096734","2435913858","2.27095"
"2435913858","1807096734","2.27095"
"1807096734","2522558969","0.467381"
"2522558969","1807096734","0.467381"
"1807096734","2524370299","0.3907"
"2524370299","1807096734","0.3907"
"1807096734","2524694828","0.561335"
"2524694828","1807096734","0.561335"
"1807096734","2557821253","0.047619"
"2557821253","1807096734","0.047619"
"1807096734","2775561574","0.561335"
"2775561574","1807096734","0.561335"
"1807096734","2945372161","0.047619"
"2945372161","1807096734","0.047619"
"1807096734","66923425","0.887619"
"66923425","1807096734","0.887619"
"1827565655","2100000126","0.626812"
"2100000126","1827565655","0.626812"
"1827565655","2100680119","0.400621"
"2100680119","1827565655","0.400621"
"1827565655","2109499854","1.04841"
"2109499854","1827565655","1.04841"
"1827565655","2134347040","0.771256"
"2134347040","1827565655","0.771256"
"1827565655","2160967540","0.197712"
"2160967540","1827565655","0.197712"
"1827565655","2162153078","0.197712"
"2162153078","1827565655","0.197712"
"1827565655","2191840305","0.395953"
"2191840305","1827565655","0.395953"
"1827565655","2296466349","0.38078"
"2296466349","1827565655","0.38078"
"1827565655","2435913858","1.50151"
"2435913858","1827565655","1.50151"
"1827565655","2522558969","1.33484"
"2522558969","1827565655","1.33484"
"1827565655","2524370299","0.5157"
"2524370299","1827565655","0.5157"
"1827565655","2524694828","0.19824"
"2524694828","1827565655","0.19824"
"1827565655","2557821253","0.047619"
"2557821253","1827565655","0.047619"
"1827565655","2775561574","0.831573"
"2775561574","1827565655","0.831573"
"1827565655","2945372161","0.047619"
"2945372161","1827565655","0.047619"
"1827565655","66923425","0.352302"
"66923425","1827565655","0.352302"
"2100000126","2100680119","0.846653"
"2100680119","2100000126","0.846653"
"2100000126","2109499854","1.08333"
"2109499854","2100000126","1.08333"
"2100000126","2134347040","8.80459"
"2134347040","2100000126","8.80459"
"2100000126","2160967540","0.888889"
"2160967540","2100000126","0.888889"
"2100000126","2162153078","0.138889"
"2162153078","2100000126","0.138889"
"2100000126","2191840305","0.182367"
"2191840305","2100000126","0.182367"
"2100000126","2296466349","0.293478"
"2296466349","2100000126","0.293478"
"2100000126","2435913858","0.182367"
"2435913858","2100000126","0.182367"
"2100000126","2522558969","0.182367"
"2522558969","2100000126","0.182367"
"2100000126","2524370299","0.349034"
"2524370299","2100000126","0.349034"
"2100000126","2524694828","0.126812"
"2524694828","2100000126","0.126812"
"2100000126","2557821253","0.047619"
"2557821253","2100000126","0.047619"
"2100000126","2775561574","0.126812"
"2775561574","2100000126","0.126812"
"2100000126","2945372161","0.214286"
"2945372161","2100000126","0.214286"
"2100000126","66923425","0.293478"
"66923425","2100000126","0.293478"
"2100680119","2109499854","3.66851"
"2109499854","2100680119","3.66851"
"2100680119","2134347040","1.4161"
"2134347040","2100680119","1.4161"
"2100680119","2160967540","0.143175"
"2160967540","2100680119","0.143175"
"2100680119","2162153078","1.39317"
"2162153078","2100680119","1.39317"
"2100680119","2191840305","0.263576"
"2191840305","2100680119","0.263576"
"2100680119","2296466349","0.273954"
"2296466349","2100680119","0.273954"
"2100680119","2435913858","0.874687"
"2435913858","2100680119","0.874687"
"2100680119","2522558969","0.374687"
"2522558969","2100680119","0.374687"
"2100680119","2524370299","0.311653"
"2524370299","2100680119","0.311653"
"2100680119","2524694828","0.16802"
"2524694828","2100680119","0.16802"
"2100680119","2557821253","0.047619"
"2557821253","2100680119","0.047619"
"2100680119","2775561574","0.16802"
"2775561574","2100680119","0.16802"
"2100680119","2945372161","0.047619"
"2945372161","2100680119","0.047619"
"2100680119","66923425","0.146653"
"66923425","2100680119","0.146653"
"2109499854","2134347040","0.958333"
"2134347040","2109499854","0.958333"
"2109499854","2160967540","0.123333"
"2160967540","2109499854","0.123333"
"2109499854","2162153078","0.706667"
"2162153078","2109499854","0.706667"
"2109499854","2191840305","0.200256"
"2191840305","2109499854","0.200256"
"2109499854","2296466349","2.88683"
"2296466349","2109499854","2.88683"
"2109499854","2435913858","0.689145"
"2435913858","2109499854","0.689145"
"2109499854","2522558969","0.522479"
"2522558969","2109499854","0.522479"
"2109499854","2524370299","1.00786"
"2524370299","2109499854","1.00786"
"2109499854","2524694828","0.160256"
"2524694828","2109499854","0.160256"
"2109499854","2557821253","0.047619"
"2557821253","2109499854","0.047619"
"2109499854","2775561574","0.260256"
"2775561574","2109499854","0.260256"
"2109499854","2945372161","0.047619"
"2945372161","2109499854","0.047619"
"2109499854","66923425","0.0833333"
"66923425","2109499854","0.0833333"
"2134347040","2160967540","0.408333"
"2160967540","2134347040","0.408333"
"2134347040","2162153078","0.208333"
"2162153078","2134347040","0.208333"
"2134347040","2191840305","1.12681"
"2191840305","2134347040","1.12681"
"2134347040","2296466349","0.364907"
"2296466349","2134347040","0.364907"
"2134347040","2435913858","0.826812"
"2435913858","2134347040","0.826812"
"2134347040","2522558969","0.19824"
"2522558969","2134347040","0.19824"
"2134347040","2524370299","0.293478"
"2524370299","2134347040","0.293478"
"2134347040","2524694828","0.489907"
"2524694828","2134347040","0.489907"
"2134347040","2557821253","0.172619"
"2557821253","2134347040","0.172619"
"2134347040","2775561574","0.489907"
"2775561574","2134347040","0.489907"
"2134347040","2945372161","0.914286"
"2945372161","2134347040","0.914286"
"2134347040","66923425","0.684351"
"66923425","2134347040","0.684351"
"2160967540","2162153078","0.821046"
"2162153078","2160967540","0.821046"
"2160967540","2191840305","0.404379"
"2191840305","2160967540","0.404379"
"2160967540","2296466349","0.123333"
"2296466349","2160967540","0.123333"
"2160967540","2435913858","1.07224"
"2435913858","2160967540","1.07224"
"2160967540","2522558969","0.237712"
"2522558969","2160967540","0.237712"
"2160967540","2524370299","2.81341"
"2524370299","2160967540","2.81341"
"2160967540","2524694828","0.333333"
"2524694828","2160967540","0.333333"
"2160967540","2557821253","0.047619"
"2557821253","2160967540","0.047619"
"2160967540","2775561574","0.5"
"2775561574","2160967540","0.5"
"2160967540","2945372161","0.390476"
"2945372161","2160967540","0.390476"
"2160967540","66923425","1.69771"
"66923425","2160967540","1.69771"
"2162153078","2191840305","0.237712"
"2191840305","2162153078","0.237712"
"2162153078","2296466349","0.123333"
"2296466349","2162153078","0.123333"
"2162153078","2435913858","0.237712"
"2435913858","2162153078","0.237712"
"2162153078","2522558969","0.237712"
"2522558969","2162153078","0.237712"
"2162153078","2524370299","0.637222"
"2524370299","2162153078","0.637222"
"2162153078","2524694828","0.0833333"
"2524694828","2162153078","0.0833333"
"2162153078","2557821253","0.047619"
"2557821253","2162153078","0.047619"
"2162153078","2775561574","0.0833333"
"2775561574","2162153078","0.0833333"
"2162153078","2945372161","0.047619"
"2945372161","2162153078","0.047619"
"2162153078","66923425","0.274635"
"66923425","2162153078","0.274635"
"2191840305","2296466349","0.225635"
"2296466349","2191840305","0.225635"
"2191840305","2524370299","0.642302"
"2524370299","2191840305","0.642302"
"2191840305","2557821253","0.047619"
"2557821253","2191840305","0.047619"
"2191840305","2945372161","0.047619"
"2945372161","2191840305","0.047619"
"2191840305","66923425","0.411125"
"66923425","2191840305","0.411125"
"2296466349","2435913858","1.30897"
"2435913858","2296466349","1.30897"
"2296466349","2522558969","0.630397"
"2522558969","2296466349","0.630397"
"2296466349","2557821253","0.047619"
"2557821253","2296466349","0.047619"
"2296466349","2945372161","0.380952"
"2945372161","2296466349","0.380952"
"2296466349","66923425","0.257064"
"66923425","2296466349","0.257064"
"2435913858","2524370299","2.48079"
"2524370299","2435913858","2.48079"
"2435913858","2524694828","0.879622"
"2524694828","2435913858","0.879622"
"2435913858","2557821253","0.047619"
"2557821253","2435913858","0.047619"
"2435913858","2775561574","1.72962"
"2775561574","2435913858","1.72962"
"2435913858","2945372161","0.390476"
"2945372161","2435913858","0.390476"
"2435913858","66923425","0.425014"
"66923425","2435913858","0.425014"
"2522558969","2524370299","1.17008"
"2524370299","2522558969","1.17008"
"2522558969","2524694828","0.516526"
"2524694828","2522558969","0.516526"
"2522558969","2557821253","0.047619"
"2557821253","2522558969","0.047619"
"2522558969","2775561574","1.06653"
"2775561574","2522558969","1.06653"
"2522558969","2945372161","0.047619"
"2945372161","2522558969","0.047619"
"2522558969","66923425","0.371443"
"66923425","2522558969","0.371443"
"2524370299","2557821253","0.047619"
"2557821253","2524370299","0.047619"
"2524370299","2945372161","0.190476"
"2945372161","2524370299","0.190476"
"2524370299","66923425","0.477302"
"66923425","2524370299","0.477302"
"2524694828","2557821253","0.047619"
"2557821253","2524694828","0.047619"
"2524694828","2945372161","0.047619"
"2945372161","2524694828","0.047619"
"2524694828","66923425","0.507064"
"66923425","2524694828","0.507064"
"2557821253","2775561574","0.047619"
"2775561574","2557821253","0.047619"
"2557821253","2945372161","0.047619"
"2945372161","2557821253","0.047619"
"2557821253","66923425","0.047619"
"66923425","2557821253","0.047619"
"2775561574","2945372161","0.047619"
"2945372161","2775561574","0.047619"
"2775561574","66923425","0.507064"
"66923425","2775561574","0.507064"
"2945372161","66923425","0.047619"
"66923425","2945372161","0.047619"
"1807096734","2794425870","0.911429"
"2794425870","1807096734","0.911429"
"2160967540","2794425870","1.59843"
"2794425870","2160967540","1.59843"
"2435913858","2794425870","3.57613"
"2794425870","2435913858","3.57613"
"2524370299","2794425870","7.75262"
"2794425870","2524370299","7.75262"
"2794425870","66923425","0.636858"
"66923425","2794425870","0.636858"
"2160967540","2964196641","0.206667"
"2964196641","2160967540","0.206667"
"2435913858","2964196641","0.54"
"2964196641","2435913858","0.54"
"2524370299","2964196641","0.206667"
"2964196641","2524370299","0.206667"
"1178420787","2766566792","2.42095"
"2766566792","1178420787","2.42095"
"1178420787","2899627975","0.950256"
"2899627975","1178420787","0.950256"
"2766566792","2899627975","2.37333"
"2899627975","2766566792","2.37333"
"1178420787","2963107557","2.25967"
"2963107557","1178420787","2.25967"
"2435913858","2766566792","0.373333"
"2766566792","2435913858","0.373333"
"2435913858","2963107557","1.36522"
"2963107557","2435913858","1.36522"
"2766566792","2963107557","2.70667"
"2963107557","2766566792","2.70667"
"1178420787","2211348521","0.5"
"2211348521","1178420787","0.5"
"2211348521","2524694828","0.5"
"2524694828","2211348521","0.5"
"1178420787","1413304420","1.98246"
"1413304420","1178420787","1.98246"
"1413304420","2142079217","0.344538"
"2142079217","1413304420","0.344538"
"1413304420","2435913858","1.48246"
"2435913858","1413304420","1.48246"
"1413304420","2524370299","7.98246"
"2524370299","1413304420","7.98246"
"1413304420","2524694828","0.85627"
"2524694828","1413304420","0.85627"
"1413304420","2775561574","1.1896"
"2775561574","1413304420","1.1896"
"1413304420","2794425870","1.80627"
"2794425870","1413304420","1.80627"
"2142079217","2524370299","0.717871"
"2524370299","2142079217","0.717871"
"2142079217","2524694828","0.201681"
"2524694828","2142079217","0.201681"
"2142079217","2775561574","0.201681"
"2775561574","2142079217","0.201681"
"2142079217","2794425870","0.550504"
"2794425870","2142079217","0.550504"
"2109499854","2794425870","2.15746"
"2794425870","2109499854","2.15746"
"2109499854","79843527","1.23286"
"79843527","2109499854","1.23286"
"2296466349","2794425870","1.5923"
"2794425870","2296466349","1.5923"
"2296466349","79843527","0.59627"
"79843527","2296466349","0.59627"
"2524370299","79843527","2.51294"
"79843527","2524370299","2.51294"
"2296466349","2963107557","0.5557"
"2963107557","2296466349","0.5557"
"2775561574","2963107557","2.12126"
"2963107557","2775561574","2.12126"
"2794425870","2963107557","2.46681"
"2963107557","2794425870","2.46681"
"1178420787","2613062404","0.687923"
"2613062404","1178420787","0.687923"
"2613062404","2766566792","0.333333"
"2766566792","2613062404","0.333333"
"2613062404","2963107557","27.9379"
"2963107557","2613062404","27.9379"
"1178420787","17314131","0.474935"
"17314131","1178420787","0.474935"
"1178420787","2129170980","1.00636"
"2129170980","1178420787","1.00636"
"17314131","1827565655","0.376111"
"1827565655","17314131","0.376111"
"17314131","2129170980","0.434935"
"2129170980","17314131","0.434935"
"17314131","2435913858","2.96852"
"2435913858","17314131","2.96852"
"17314131","2522558969","0.551858"
"2522558969","17314131","0.551858"
"17314131","2794425870","0.474935"
"2794425870","17314131","0.474935"
"1827565655","2129170980","0.431667"
"2129170980","1827565655","0.431667"
"1827565655","2794425870","2.68722"
"2794425870","1827565655","2.68722"
"2129170980","2435913858","0.99049"
"2435913858","2129170980","0.99049"
"2129170980","2522558969","0.895252"
"2522558969","2129170980","0.895252"
"2129170980","2794425870","1.75636"
"2794425870","2129170980","1.75636"
"2522558969","2794425870","2.84636"
"2794425870","2522558969","2.84636"
"1178420787","2771484234","0.333333"
"2771484234","1178420787","0.333333"
"2296466349","2771484234","0.333333"
"2771484234","2296466349","0.333333"
"2771484234","2945372161","0.583333"
"2945372161","2771484234","0.583333"
"1178420787","2523580930","0.392857"
"2523580930","1178420787","0.392857"
"1413304420","2160967540","0.565079"
"2160967540","1413304420","0.565079"
"1413304420","2523580930","0.25"
"2523580930","1413304420","0.25"
"2160967540","2523580930","0.166667"
"2523580930","2160967540","0.166667"
"2523580930","2524370299","1.05952"
"2524370299","2523580930","1.05952"
"2523580930","2775561574","0.166667"
"2775561574","2523580930","0.166667"
"2523580930","2794425870","1.80952"
"2794425870","2523580930","1.80952"
"1178420787","2070591515","0.764603"
"2070591515","1178420787","0.764603"
"1178420787","2572827727","0.606288"
"2572827727","1178420787","0.606288"
"1797585579","2070591515","2.08597"
"2070591515","1797585579","2.08597"
"1797585579","2572827727","4.74432"
"2572827727","1797585579","4.74432"
"1797585579","2794425870","1.70987"
"2794425870","1797585579","1.70987"
"1827565655","2070591515","0.835714"
"2070591515","1827565655","0.835714"
"1827565655","2572827727","1.09048"
"2572827727","1827565655","1.09048"
"2070591515","2100680119","2.17803"
"2100680119","2070591515","2.17803"
"2070591515","2109499854","1.64153"
"2109499854","2070591515","1.64153"
"2070591515","2435913858","0.841526"
"2435913858","2070591515","0.841526"
"2070591515","2522558969","0.808193"
"2522558969","2070591515","0.808193"
"2070591515","2572827727","0.645971"
"2572827727","2070591515","0.645971"
"2070591515","2794425870","2.04794"
"2794425870","2070591515","2.04794"
"2100680119","2572827727","0.188034"
"2572827727","2100680119","0.188034"
"2100680119","2794425870","1.20014"
"2794425870","2100680119","1.20014"
"2109499854","2572827727","3.16819"
"2572827727","2109499854","3.16819"
"2435913858","2572827727","0.606288"
"2572827727","2435913858","0.606288"
"2522558969","2572827727","0.406288"
"2572827727","2522558969","0.406288"
"2572827727","2794425870","1.05629"
"2794425870","2572827727","1.05629"
"1178420787","1846981065","0.116923"
"1846981065","1178420787","0.116923"
"1178420787","2160109021","0.440747"
"2160109021","1178420787","0.440747"
"1178420787","2461424641","0.0769231"
"2461424641","1178420787","0.0769231"
"1178420787","2737745668","0.576923"
"2737745668","1178420787","0.576923"
"1178420787","2792338380","0.0769231"
"2792338380","1178420787","0.0769231"
"1178420787","2797908698","0.0769231"
"2797908698","1178420787","0.0769231"
"1797585579","1846981065","0.443846"
"1846981065","1797585579","0.443846"
"1797585579","2160109021","1.519"
"2160109021","1797585579","1.519"
"1797585579","2461424641","0.0769231"
"2461424641","1797585579","0.0769231"
"1797585579","2737745668","0.0769231"
"2737745668","1797585579","0.0769231"
"1797585579","2792338380","0.0769231"
"2792338380","1797585579","0.0769231"
"1797585579","2797908698","0.0769231"
"2797908698","1797585579","0.0769231"
"1797585579","2899627975","0.700256"
"2899627975","1797585579","0.700256"
"1797585579","79843527","0.216923"
"79843527","1797585579","0.216923"
"1846981065","2160109021","0.366923"
"2160109021","1846981065","0.366923"
"1846981065","2162153078","0.366923"
"2162153078","1846981065","0.366923"
"1846981065","2461424641","1.52811"
"2461424641","1846981065","1.52811"
"1846981065","2572827727","0.153846"
"2572827727","1846981065","0.153846"
"1846981065","2737745668","1.71978"
"2737745668","1846981065","1.71978"
"1846981065","2792338380","1.19478"
"2792338380","1846981065","1.19478"
"1846981065","2794425870","0.950256"
"2794425870","1846981065","0.950256"
"1846981065","2797908698","1.19478"
"2797908698","1846981065","1.19478"
"1846981065","2899627975","0.116923"
"2899627975","1846981065","0.116923"
"1846981065","66923425","0.0769231"
"66923425","1846981065","0.0769231"
"1846981065","79843527","0.116923"
"79843527","1846981065","0.116923"
"2160109021","2162153078","0.767016"
"2162153078","2160109021","0.767016"
"2160109021","2461424641","0.0769231"
"2461424641","2160109021","0.0769231"
"2160109021","2572827727","0.223748"
"2572827727","2160109021","0.223748"
"2160109021","2737745668","0.0769231"
"2737745668","2160109021","0.0769231"
"2160109021","2792338380","0.0769231"
"2792338380","2160109021","0.0769231"
"2160109021","2794425870","1.39075"
"2794425870","2160109021","1.39075"
"2160109021","2797908698","0.0769231"
"2797908698","2160109021","0.0769231"
"2160109021","2899627975","0.116923"
"2899627975","2160109021","0.116923"
"2160109021","66923425","0.636858"
"66923425","2160109021","0.636858"
"2160109021","79843527","0.27478"
"79843527","2160109021","0.27478"
"2162153078","2461424641","0.0769231"
"2461424641","2162153078","0.0769231"
"2162153078","2572827727","0.112637"
"2572827727","2162153078","0.112637"
"2162153078","2737745668","0.0769231"
"2737745668","2162153078","0.0769231"
"2162153078","2792338380","0.0769231"
"2792338380","2162153078","0.0769231"
"2162153078","2794425870","0.767016"
"2794425870","2162153078","0.767016"
"2162153078","2797908698","0.0769231"
"2797908698","2162153078","0.0769231"
"2162153078","2899627975","0.116923"
"2899627975","2162153078","0.116923"
"2162153078","79843527","0.172479"
"79843527","2162153078","0.172479"
"2461424641","2572827727","0.0769231"
"2572827727","2461424641","0.0769231"
"2461424641","2737745668","0.612637"
"2737745668","2461424641","0.612637"
"2461424641","2792338380","5.67097"
"2792338380","2461424641","5.67097"
"2461424641","2794425870","0.74359"
"2794425870","2461424641","0.74359"
"2461424641","2797908698","1.08764"
"2797908698","2461424641","1.08764"
"2461424641","2899627975","0.0769231"
"2899627975","2461424641","0.0769231"
"2461424641","66923425","0.0769231"
"66923425","2461424641","0.0769231"
"2461424641","79843527","0.0769231"
"79843527","2461424641","0.0769231"
"2572827727","2737745668","0.0769231"
"2737745668","2572827727","0.0769231"
"2572827727","2792338380","0.0769231"
"2792338380","2572827727","0.0769231"
"2572827727","2797908698","0.0769231"
"2797908698","2572827727","0.0769231"
"2572827727","2899627975","1.41026"
"2899627975","2572827727","1.41026"
"2572827727","66923425","0.223748"
"66923425","2572827727","0.223748"
"2572827727","79843527","0.0769231"
"79843527","2572827727","0.0769231"
"2737745668","2792338380","3.5293"
"2792338380","2737745668","3.5293"
"2737745668","2794425870","0.326923"
"2794425870","2737745668","0.326923"
"2737745668","2797908698","1.36264"
"2797908698","2737745668","1.36264"
"2737745668","2899627975","0.0769231"
"2899627975","2737745668","0.0769231"
"2737745668","66923425","0.0769231"
"66923425","2737745668","0.0769231"
"2737745668","79843527","0.0769231"
"79843527","2737745668","0.0769231"
"2792338380","2794425870","0.410256"
"2794425870","2792338380","0.410256"
"2792338380","2797908698","5.17097"
"2797908698","2792338380","5.17097"
"2792338380","2899627975","0.0769231"
"2899627975","2792338380","0.0769231"
"2792338380","66923425","0.0769231"
"66923425","2792338380","0.0769231"
"2792338380","79843527","0.0769231"
"79843527","2792338380","0.0769231"
"2794425870","2797908698","0.0769231"
"2797908698","2794425870","0.0769231"
"2794425870","2899627975","0.116923"
"2899627975","2794425870","0.116923"
"2797908698","2899627975","0.0769231"
"2899627975","2797908698","0.0769231"
"2797908698","66923425","0.0769231"
"66923425","2797908698","0.0769231"
"2797908698","79843527","0.0769231"
"79843527","2797908698","0.0769231"
"2899627975","66923425","0.0769231"
"66923425","2899627975","0.0769231"
"2899627975","79843527","0.116923"
"79843527","2899627975","0.116923"
"66923425","79843527","0.345892"
"79843527","66923425","0.345892"
"1178420787","2996696953","0.0945378"
"2996696953","1178420787","0.0945378"
"124909259","17314131","0.601601"
"17314131","124909259","0.601601"
"124909259","2129170980","0.706363"
"2129170980","124909259","0.706363"
"124909259","2142079217","0.117647"
"2142079217","124909259","0.117647"
"124909259","2143962534","1.0397"
"2143962534","124909259","1.0397"
"124909259","2160109021","0.323824"
"2160109021","124909259","0.323824"
"124909259","2794425870","0.589697"
"2794425870","124909259","0.589697"
"124909259","2996696953","0.0945378"
"2996696953","124909259","0.0945378"
"17314131","1797585579","0.782889"
"1797585579","17314131","0.782889"
"17314131","1807096734","1.45944"
"1807096734","17314131","1.45944"
"17314131","2142079217","0.157647"
"2142079217","17314131","0.157647"
"17314131","2143962534","0.308268"
"2143962534","17314131","0.308268"
"17314131","2160109021","0.23684"
"2160109021","17314131","0.23684"
"17314131","2160967540","0.134538"
"2160967540","17314131","0.134538"
"17314131","2162153078","0.134538"
"2162153078","17314131","0.134538"
"17314131","2191840305","0.718525"
"2191840305","17314131","0.718525"
"17314131","2996696953","0.171461"
"2996696953","17314131","0.171461"
"17314131","66923425","0.19684"
"66923425","17314131","0.19684"
"1797585579","2129170980","0.737395"
"2129170980","1797585579","0.737395"
"1797585579","2142079217","0.548824"
"2142079217","1797585579","0.548824"
"1797585579","2143962534","0.402395"
"2143962534","1797585579","0.402395"
"1797585579","2996696953","0.171461"
"2996696953","1797585579","0.171461"
"1807096734","2129170980","2.53643"
"2129170980","1807096734","2.53643"
"1807096734","2142079217","0.308824"
"2142079217","1807096734","0.308824"
"1807096734","2143962534","2.28643"
"2143962534","1807096734","2.28643"
"1807096734","2160109021","0.265"
"2160109021","1807096734","0.265"
"1807096734","2996696953","0.0945378"
"2996696953","1807096734","0.0945378"
"1827565655","2142079217","0.201681"
"2142079217","1827565655","0.201681"
"1827565655","2143962534","1.49119"
"2143962534","1827565655","1.49119"
"1827565655","2160109021","0.304683"
"2160109021","1827565655","0.304683"
"1827565655","2996696953","0.344538"
"2996696953","1827565655","0.344538"
"2129170980","2142079217","0.117647"
"2142079217","2129170980","0.117647"
"2129170980","2143962534","1.20636"
"2143962534","2129170980","1.20636"
"2129170980","2160109021","0.323824"
"2160109021","2129170980","0.323824"
"2129170980","2160967540","0.150093"
"2160967540","2129170980","0.150093"
"2129170980","2162153078","0.150093"
"2162153078","2129170980","0.150093"
"2129170980","2191840305","0.434935"
"2191840305","2129170980","0.434935"
"2129170980","2996696953","0.0945378"
"2996696953","2129170980","0.0945378"
"2129170980","66923425","0.634935"
"66923425","2129170980","0.634935"
"2142079217","2160109021","0.407647"
"2160109021","2142079217","0.407647"
"2142079217","2160967540","1.32501"
"2160967540","2142079217","1.32501"
"2142079217","2162153078","3.68216"
"2162153078","2142079217","3.68216"
"2142079217","2996696953","0.0588235"
"2996696953","2142079217","0.0588235"
"2142079217","66923425","0.367647"
"66923425","2142079217","0.367647"
"2143962534","2160109021","0.488824"
"2160109021","2143962534","0.488824"
"2143962534","2160967540","0.315093"
"2160967540","2143962534","0.315093"
"2143962534","2162153078","0.190093"
"2162153078","2143962534","0.190093"
"2143962534","2794425870","0.796363"
"2794425870","2143962534","0.796363"
"2143962534","2996696953","0.0945378"
"2996696953","2143962534","0.0945378"
"2143962534","66923425","1.00993"
"66923425","2143962534","1.00993"
"2160109021","2160967540","1.06509"
"2160967540","2160109021","1.06509"
"2160109021","2191840305","0.292395"
"2191840305","2160109021","0.292395"
"2160109021","2435913858","0.292395"
"2435913858","2160109021","0.292395"
"2160109021","2522558969","0.363824"
"2522558969","2160109021","0.363824"
"2160109021","2996696953","0.0945378"
"2996696953","2160109021","0.0945378"
"2160967540","2996696953","0.0945378"
"2996696953","2160967540","0.0945378"
"2162153078","2996696953","0.0945378"
"2996696953","2162153078","0.0945378"
"2191840305","2996696953","0.171461"
"2996696953","2191840305","0.171461"
"2435913858","2996696953","0.171461"
"2996696953","2435913858","0.171461"
"2522558969","2996696953","0.421461"
"2996696953","2522558969","0.421461"
"2794425870","2996696953","0.844538"
"2996696953","2794425870","0.844538"
"2996696953","66923425","0.0945378"
"66923425","2996696953","0.0945378"
"1413304420","2296466349","1.49119"
"2296466349","1413304420","1.49119"
"1413304420","2522558969","0.463413"
"2522558969","1413304420","0.463413"
"1413304420","2963107557","0.691891"
"2963107557","1413304420","0.691891"
"2522558969","2963107557","0.939034"
"2963107557","2522558969","0.939034"
"2524370299","2963107557","1.67634"
"2963107557","2524370299","1.67634"
"2524694828","2963107557","0.154589"
"2963107557","2524694828","0.154589"
"1413304420","2945372161","0.142857"
"2945372161","1413304420","0.142857"
"2142079217","2945372161","0.142857"
"2945372161","2142079217","0.142857"
"2142079217","2963107557","0.682857"
"2963107557","2142079217","0.682857"
"2160967540","2963107557","0.382857"
"2963107557","2160967540","0.382857"
"2945372161","2963107557","7.67619"
"2963107557","2945372161","7.67619"
"2134347040","2963107557","1.27126"
"2963107557","2134347040","1.27126"
"1178420787","2120327813","0.456667"
"2120327813","1178420787","0.456667"
"1827565655","2120327813","0.166667"
"2120327813","1827565655","0.166667"
"2070591515","2120327813","0.53359"
"2120327813","2070591515","0.53359"
"2109499854","2120327813","20.0336"
"2120327813","2109499854","20.0336"
"2120327813","2435913858","0.28359"
"2435913858","2120327813","0.28359"
"2120327813","2794425870","0.873333"
"2794425870","2120327813","0.873333"
"1178420787","2011527410","0.0757143"
"2011527410","1178420787","0.0757143"
"1178420787","2137985491","0.0757143"
"2137985491","1178420787","0.0757143"
"1178420787","2165939876","0.535714"
"2165939876","1178420787","0.535714"
"124909259","2011527410","0.0357143"
"2011527410","124909259","0.0357143"
"124909259","2070591515","0.0357143"
"2070591515","124909259","0.0357143"
"124909259","2137985491","0.0357143"
"2137985491","124909259","0.0357143"
"124909259","2165939876","0.0357143"
"2165939876","124909259","0.0357143"
"124909259","2572827727","0.107143"
"2572827727","124909259","0.107143"
"17314131","2011527410","0.0757143"
"2011527410","17314131","0.0757143"
"17314131","2070591515","0.152637"
"2070591515","17314131","0.152637"
"17314131","2100000126","0.0791925"
"2100000126","17314131","0.0791925"
"17314131","2109499854","0.152637"
"2109499854","17314131","0.152637"
"17314131","2134347040","0.0791925"
"2134347040","17314131","0.0791925"
"17314131","2137985491","1.07571"
"2137985491","17314131","1.07571"
"17314131","2165939876","0.0357143"
"2165939876","17314131","0.0357143"
"17314131","2296466349","0.178016"
"2296466349","17314131","0.178016"
"17314131","2524370299","0.178016"
"2524370299","17314131","0.178016"
"17314131","2524694828","0.286368"
"2524694828","17314131","0.286368"
"17314131","2572827727","0.184066"
"2572827727","17314131","0.184066"
"17314131","2775561574","0.286368"
"2775561574","17314131","0.286368"
"1797585579","2011527410","0.0757143"
"2011527410","1797585579","0.0757143"
"1797585579","2137985491","0.0757143"
"2137985491","1797585579","0.0757143"
"1797585579","2165939876","0.605159"
"2165939876","1797585579","0.605159"
"1807096734","2011527410","0.0357143"
"2011527410","1807096734","0.0357143"
"1807096734","2070591515","0.0357143"
"2070591515","1807096734","0.0357143"
"1807096734","2137985491","0.0357143"
"2137985491","1807096734","0.0357143"
"1807096734","2165939876","0.0357143"
"2165939876","1807096734","0.0357143"
"1807096734","2572827727","0.307143"
"2572827727","1807096734","0.307143"
"1827565655","2011527410","0.0357143"
"2011527410","1827565655","0.0357143"
"1827565655","2137985491","0.0357143"
"2137985491","1827565655","0.0357143"
"1827565655","2165939876","0.146825"
"2165939876","1827565655","0.146825"
"2011527410","2070591515","0.0757143"
"2070591515","2011527410","0.0757143"
"2011527410","2100000126","0.0357143"
"2100000126","2011527410","0.0357143"
"2011527410","2109499854","0.409048"
"2109499854","2011527410","0.409048"
"2011527410","2129170980","0.0357143"
"2129170980","2011527410","0.0357143"
"2011527410","2134347040","0.0357143"
"2134347040","2011527410","0.0357143"
"2011527410","2137985491","0.0757143"
"2137985491","2011527410","0.0757143"
"2011527410","2143962534","0.0757143"
"2143962534","2011527410","0.0757143"
"2011527410","2160109021","0.0757143"
"2160109021","2011527410","0.0757143"
"2011527410","2160967540","0.0757143"
"2160967540","2011527410","0.0757143"
"2011527410","2162153078","0.409048"
"2162153078","2011527410","0.409048"
"2011527410","2165939876","7.36905"
"2165939876","2011527410","7.36905"
"2011527410","2191840305","0.0757143"
"2191840305","2011527410","0.0757143"
"2011527410","2296466349","0.0757143"
"2296466349","2011527410","0.0757143"
"2011527410","2435913858","0.0757143"
"2435913858","2011527410","0.0757143"
"2011527410","2522558969","0.0757143"
"2522558969","2011527410","0.0757143"
"2011527410","2524370299","0.0757143"
"2524370299","2011527410","0.0757143"
"2011527410","2524694828","0.0357143"
"2524694828","2011527410","0.0357143"
"2011527410","2572827727","0.0357143"
"2572827727","2011527410","0.0357143"
"2011527410","2775561574","0.0357143"
"2775561574","2011527410","0.0357143"
"2011527410","2794425870","0.0757143"
"2794425870","2011527410","0.0757143"
"2011527410","2996696953","0.0357143"
"2996696953","2011527410","0.0357143"
"2011527410","66923425","0.0357143"
"66923425","2011527410","0.0357143"
