"114814947","2132663425","1.5"
"2132663425","114814947","1.5"
"114814947","1787211267","4.33333"
"1787211267","114814947","4.33333"
"114814947","2172163190","1"
"2172163190","114814947","1"
"114814947","2139325522","2"
"2139325522","114814947","2"
"1787211267","2132663425","1.5"
"2132663425","1787211267","1.5"
"114814947","1604918549","1"
"1604918549","114814947","1"
"114814947","1600962606","0.583333"
"1600962606","114814947","0.583333"
"114814947","2141571788","2.83333"
"2141571788","114814947","2.83333"
"1600962606","1787211267","1.33333"
"1787211267","1600962606","1.33333"
"1600962606","2141571788","0.333333"
"2141571788","1600962606","0.333333"
"1787211267","2141571788","1.33333"
"2141571788","1787211267","1.33333"
"114814947","1562055382","0.25"
"1562055382","114814947","0.25"
"114814947","2138993334","0.25"
"2138993334","114814947","0.25"
"114814947","45400066","0.25"
"45400066","114814947","0.25"
"1562055382","1600962606","4.25"
"1600962606","1562055382","4.25"
"1562055382","2138993334","3.98932"
"2138993334","1562055382","3.98932"
"1562055382","45400066","3.48932"
"45400066","1562055382","3.48932"
"1600962606","2138993334","0.25"
"2138993334","1600962606","0.25"
"1600962606","45400066","0.25"
"45400066","1600962606","0.25"
"2138993334","45400066","12.6893"
"45400066","2138993334","12.6893"
"114814947","2428973032","1"
"2428973032","114814947","1"
"114814947","2062415625","0.5"
"2062415625","114814947","0.5"
"114814947","2164031526","0.5"
"2164031526","114814947","0.5"
"2062415625","2164031526","1.47222"
"2164031526","2062415625","1.47222"
"1562055382","1982907589","0.8171"
"1982907589","1562055382","0.8171"
"1982907589","2138993334","1.0171"
"2138993334","1982907589","1.0171"
"1982907589","45400066","1.0171"
"45400066","1982907589","1.0171"
"1562055382","2169351827","2.53535"
"2169351827","1562055382","2.53535"
"1562055382","1824892724","1.17821"
"1824892724","1562055382","1.17821"
"1562055382","1966902801","1.59091"
"1966902801","1562055382","1.59091"
"1562055382","2766597844","1.67821"
"2766597844","1562055382","1.67821"
"1824892724","1966902801","1.59091"
"1966902801","1824892724","1.59091"
"1824892724","2169351827","1.42424"
"2169351827","1824892724","1.42424"
"1824892724","2766597844","4.92821"
"2766597844","1824892724","4.92821"
"1966902801","2169351827","0.340909"
"2169351827","1966902801","0.340909"
"1966902801","2766597844","3.54091"
"2766597844","1966902801","3.54091"
"2169351827","2766597844","0.424242"
"2766597844","2169351827","0.424242"
"1982907589","2766597844","4.68377"
"2766597844","1982907589","4.68377"
"2138993334","2766597844","1.62821"
"2766597844","2138993334","1.62821"
"2766597844","45400066","1.62821"
"45400066","2766597844","1.62821"
"1562055382","1985573404","0.305556"
"1985573404","1562055382","0.305556"
"1562055382","2062415625","0.305556"
"2062415625","1562055382","0.305556"
"1562055382","2096222958","1.87266"
"2096222958","1562055382","1.87266"
"1562055382","2098406449","0.0833333"
"2098406449","1562055382","0.0833333"
"1562055382","2116297178","0.739322"
"2116297178","1562055382","0.739322"
"1562055382","2164031526","0.596465"
"2164031526","1562055382","0.596465"
"1562055382","2512061239","0.0833333"
"2512061239","1562055382","0.0833333"
"1824892724","1985573404","2.19444"
"1985573404","1824892724","2.19444"
"1824892724","2062415625","2.02778"
"2062415625","1824892724","2.02778"
"1824892724","2096222958","1.01154"
"2096222958","1824892724","1.01154"
"1824892724","2098406449","0.583333"
"2098406449","1824892724","0.583333"
"1824892724","2116297178","0.678211"
"2116297178","1824892724","0.678211"
"1824892724","2138993334","0.428211"
"2138993334","1824892724","0.428211"
"1824892724","2164031526","1.61869"
"2164031526","1824892724","1.61869"
"1824892724","2512061239","0.0833333"
"2512061239","1824892724","0.0833333"
"1824892724","45400066","0.428211"
"45400066","1824892724","0.428211"
"1985573404","2062415625","1.13889"
"2062415625","1985573404","1.13889"
"1985573404","2096222958","0.805556"
"2096222958","1985573404","0.805556"
"1985573404","2098406449","1.41667"
"2098406449","1985573404","1.41667"
"1985573404","2116297178","2.80556"
"2116297178","1985573404","2.80556"
"1985573404","2138993334","0.305556"
"2138993334","1985573404","0.305556"
"1985573404","2164031526","0.638889"
"2164031526","1985573404","0.638889"
"1985573404","2169351827","0.694444"
"2169351827","1985573404","0.694444"
"1985573404","2512061239","1.08333"
"2512061239","1985573404","1.08333"
"1985573404","2766597844","0.527778"
"2766597844","1985573404","0.527778"
"1985573404","45400066","0.305556"
"45400066","1985573404","0.305556"
"2062415625","2096222958","1.13889"
"2096222958","2062415625","1.13889"
"2062415625","2098406449","0.0833333"
"2098406449","2062415625","0.0833333"
"2062415625","2116297178","1.30556"
"2116297178","2062415625","1.30556"
"2062415625","2138993334","0.305556"
"2138993334","2062415625","0.305556"
"2062415625","2169351827","0.694444"
"2169351827","2062415625","0.694444"
"2062415625","2512061239","0.0833333"
"2512061239","2062415625","0.0833333"
"2062415625","2766597844","5.52778"
"2766597844","2062415625","5.52778"
"2062415625","45400066","0.305556"
"45400066","2062415625","0.305556"
"2096222958","2098406449","0.0833333"
"2098406449","2096222958","0.0833333"
"2096222958","2116297178","1.28932"
"2116297178","2096222958","1.28932"
"2096222958","2138993334","1.57266"
"2138993334","2096222958","1.57266"
"2096222958","2164031526","0.729798"
"2164031526","2096222958","0.729798"
"2096222958","2169351827","0.785354"
"2169351827","2096222958","0.785354"
"2096222958","2512061239","0.0833333"
"2512061239","2096222958","0.0833333"
"2096222958","2766597844","0.878211"
"2766597844","2096222958","0.878211"
"2096222958","45400066","1.07266"
"45400066","2096222958","1.07266"
"2098406449","2116297178","0.0833333"
"2116297178","2098406449","0.0833333"
"2098406449","2138993334","0.0833333"
"2138993334","2098406449","0.0833333"
"2098406449","2164031526","0.0833333"
"2164031526","2098406449","0.0833333"
"2098406449","2169351827","0.0833333"
"2169351827","2098406449","0.0833333"
"2098406449","2512061239","1.75"
"2512061239","2098406449","1.75"
"2098406449","2766597844","1.5"
"2766597844","2098406449","1.5"
"2098406449","45400066","0.0833333"
"45400066","2098406449","0.0833333"
"2116297178","2138993334","0.739322"
"2138993334","2116297178","0.739322"
"2116297178","2164031526","1.59646"
"2164031526","2116297178","1.59646"
"2116297178","2169351827","2.28535"
"2169351827","2116297178","2.28535"
"2116297178","2512061239","0.333333"
"2512061239","2116297178","0.333333"
"2116297178","2766597844","1.17821"
"2766597844","2116297178","1.17821"
"2116297178","45400066","0.739322"
"45400066","2116297178","0.739322"
"2138993334","2164031526","0.596465"
"2164031526","2138993334","0.596465"
"2138993334","2169351827","0.285354"
"2169351827","2138993334","0.285354"
"2138993334","2512061239","0.0833333"
"2512061239","2138993334","0.0833333"
"2164031526","2169351827","0.285354"
"2169351827","2164031526","0.285354"
"2164031526","2512061239","2.08333"
"2512061239","2164031526","2.08333"
"2164031526","2766597844","1.11869"
"2766597844","2164031526","1.11869"
"2164031526","45400066","0.596465"
"45400066","2164031526","0.596465"
"2169351827","2512061239","1.08333"
"2512061239","2169351827","1.08333"
"2169351827","45400066","0.285354"
"45400066","2169351827","0.285354"
"2512061239","2766597844","4"
"2766597844","2512061239","4"
"2512061239","45400066","0.0833333"
"45400066","2512061239","0.0833333"
"1824892724","1982907589","0.233766"
"1982907589","1824892724","0.233766"
"1982907589","2096222958","1.93377"
"2096222958","1982907589","1.93377"
"1982907589","2116297178","0.233766"
"2116297178","1982907589","0.233766"
"1562055382","2097855313","1.90202"
"2097855313","1562055382","1.90202"
"2096222958","2097855313","0.70202"
"2097855313","2096222958","0.70202"
"1824892724","2097855313","0.590909"
"2097855313","1824892724","0.590909"
"1966902801","1982907589","2.29091"
"1982907589","1966902801","2.29091"
"1966902801","2096222958","2.54091"
"2096222958","1966902801","2.54091"
"1966902801","2097855313","0.0909091"
"2097855313","1966902801","0.0909091"
"1966902801","2116297178","1.34091"
"2116297178","1966902801","1.34091"
"1966902801","2138993334","0.540909"
"2138993334","1966902801","0.540909"
"1966902801","2164031526","0.0909091"
"2164031526","1966902801","0.0909091"
"1966902801","45400066","0.540909"
"45400066","1966902801","0.540909"
"1982907589","2097855313","0.0909091"
"2097855313","1982907589","0.0909091"
"1982907589","2164031526","0.0909091"
"2164031526","1982907589","0.0909091"
"1982907589","2169351827","0.590909"
"2169351827","1982907589","0.590909"
"2097855313","2116297178","0.65202"
"2116297178","2097855313","0.65202"
"2097855313","2138993334","0.40202"
"2138993334","2097855313","0.40202"
"2097855313","2164031526","0.40202"
"2164031526","2097855313","0.40202"
"2097855313","2169351827","0.20202"
"2169351827","2097855313","0.20202"
"2097855313","2766597844","1.59091"
"2766597844","2097855313","1.59091"
"2097855313","45400066","0.40202"
"45400066","2097855313","0.40202"
"1985573404","2097855313","0.111111"
"2097855313","1985573404","0.111111"
"2062415625","2097855313","0.111111"
"2097855313","2062415625","0.111111"
"1562055382","2141571788","1"
"2141571788","1562055382","1"
"1562055382","1787211267","1.33333"
"1787211267","1562055382","1.33333"
"1787211267","2138993334","0.833333"
"2138993334","1787211267","0.833333"
"1787211267","45400066","0.833333"
"45400066","1787211267","0.833333"
"1600962606","2098406449","1.16667"
"2098406449","1600962606","1.16667"
"1600962606","2164031526","1"
"2164031526","1600962606","1"
"1600962606","1604918549","1"
"1604918549","1600962606","1"
"1600962606","2116297178","1"
"2116297178","1600962606","1"
"1600962606","1826361221","1.16667"
"1826361221","1600962606","1.16667"
"1600962606","2108835447","0.166667"
"2108835447","1600962606","0.166667"
"1600962606","2139325522","0.166667"
"2139325522","1600962606","0.166667"
"1600962606","2512061239","0.166667"
"2512061239","1600962606","0.166667"
"1600962606","2766597844","0.166667"
"2766597844","1600962606","0.166667"
"1826361221","2098406449","1.08333"
"2098406449","1826361221","1.08333"
"1826361221","2108835447","0.166667"
"2108835447","1826361221","0.166667"
"1826361221","2139325522","1.75"
"2139325522","1826361221","1.75"
"1826361221","2512061239","0.416667"
"2512061239","1826361221","0.416667"
"1826361221","2766597844","0.416667"
"2766597844","1826361221","0.416667"
"2098406449","2108835447","0.166667"
"2108835447","2098406449","0.166667"
"2098406449","2139325522","1"
"2139325522","2098406449","1"
"2108835447","2139325522","1.16667"
"2139325522","2108835447","1.16667"
"2108835447","2512061239","0.166667"
"2512061239","2108835447","0.166667"
"2108835447","2766597844","0.166667"
"2766597844","2108835447","0.166667"
"2139325522","2512061239","3.41667"
"2512061239","2139325522","3.41667"
"2139325522","2766597844","1.41667"
"2766597844","2139325522","1.41667"
"1600962606","1982907589","1"
"1982907589","1600962606","1"
"1787211267","1966902801","0.5"
"1966902801","1787211267","0.5"
"1787211267","2098406449","2.25"
"2098406449","1787211267","2.25"
"1966902801","2098406449","1.5"
"2098406449","1966902801","1.5"
"1787211267","1826361221","1"
"1826361221","1787211267","1"
"1787211267","1824892724","0.5"
"1824892724","1787211267","0.5"
"1787211267","1982907589","1.25"
"1982907589","1787211267","1.25"
"1982907589","2141571788","0.5"
"2141571788","1982907589","0.5"
"1787211267","2172163190","1"
"2172163190","1787211267","1"
"1787211267","2512061239","1.25"
"2512061239","1787211267","1.25"
"1787211267","2139325522","3.75"
"2139325522","1787211267","3.75"
"1982907589","2098406449","0.583333"
"2098406449","1982907589","0.583333"
"1982907589","2139325522","0.75"
"2139325522","1982907589","0.75"
"1982907589","2512061239","0.25"
"2512061239","1982907589","0.25"
"1824892724","2132663425","0.5"
"2132663425","1824892724","0.5"
"1985573404","2132663425","1.5"
"2132663425","1985573404","1.5"
"1826361221","2132663425","0.833333"
"2132663425","1826361221","0.833333"
"2098406449","2132663425","0.333333"
"2132663425","2098406449","0.333333"
"2132663425","2139325522","0.583333"
"2139325522","2132663425","0.583333"
"1826361221","2116297178","1"
"2116297178","1826361221","1"
"1826361221","1982907589","0.333333"
"1982907589","1826361221","0.333333"
"1826361221","1985573404","0.333333"
"1985573404","1826361221","0.333333"
"1982907589","1985573404","0.333333"
"1985573404","1982907589","0.333333"
"1826361221","2141571788","0.5"
"2141571788","1826361221","0.5"
"2132663425","2141571788","0.5"
"2141571788","2132663425","0.5"
"1966902801","2139325522","1"
"2139325522","1966902801","1"
"2096222958","2139325522","1.5"
"2139325522","2096222958","1.5"
"2116297178","2139325522","0.75"
"2139325522","2116297178","0.75"
"1966902801","1985573404","0.5"
"1985573404","1966902801","0.5"
"1982907589","2062415625","1"
"2062415625","1982907589","1"
"2097855313","2132663425","0.25"
"2132663425","2097855313","0.25"
"2097855313","2139325522","0.25"
"2139325522","2097855313","0.25"
"2097855313","2512061239","0.25"
"2512061239","2097855313","0.25"
"2116297178","2132663425","0.25"
"2132663425","2116297178","0.25"
"2132663425","2512061239","0.25"
"2512061239","2132663425","0.25"
"2137767448","2167645234","1"
"2167645234","2137767448","1"
"2139325522","2164031526","0.5"
"2164031526","2139325522","0.5"
