"108615132","2244998654","1.5"
"2244998654","108615132","1.5"
"108615132","2346780474","1.5"
"2346780474","108615132","1.5"
"2244998654","2346780474","16.5833"
"2346780474","2244998654","16.5833"
"108615132","2065110448","0.166667"
"2065110448","108615132","0.166667"
"108615132","2601530027","0.166667"
"2601530027","108615132","0.166667"
"108615132","2739946816","0.166667"
"2739946816","108615132","0.166667"
"108615132","2897245732","0.166667"
"2897245732","108615132","0.166667"
"108615132","2910109410","0.166667"
"2910109410","108615132","0.166667"
"108615132","2970298096","0.166667"
"2970298096","108615132","0.166667"
"2065110448","2601530027","0.166667"
"2601530027","2065110448","0.166667"
"2065110448","2739946816","0.166667"
"2739946816","2065110448","0.166667"
"2065110448","2897245732","0.166667"
"2897245732","2065110448","0.166667"
"2065110448","2910109410","0.166667"
"2910109410","2065110448","0.166667"
"2065110448","2970298096","0.166667"
"2970298096","2065110448","0.166667"
"2601530027","2739946816","1.16667"
"2739946816","2601530027","1.16667"
"2601530027","2897245732","0.166667"
"2897245732","2601530027","0.166667"
"2601530027","2910109410","0.166667"
"2910109410","2601530027","0.166667"
"2601530027","2970298096","0.166667"
"2970298096","2601530027","0.166667"
"2739946816","2897245732","1.06786"
"2897245732","2739946816","1.06786"
"2739946816","2910109410","2.70119"
"2910109410","2739946816","2.70119"
"2739946816","2970298096","2.20119"
"2970298096","2739946816","2.20119"
"2897245732","2910109410","3.96786"
"2910109410","2897245732","3.96786"
"2897245732","2970298096","3.96786"
"2970298096","2897245732","3.96786"
"2910109410","2970298096","13.8012"
"2970298096","2910109410","13.8012"
"108615132","2258064579","0.5"
"2258064579","108615132","0.5"
"108615132","2300633196","0.5"
"2300633196","108615132","0.5"
"2258064579","2300633196","6.77662"
"2300633196","2258064579","6.77662"
"117605455","1534179852","11.4603"
"1534179852","117605455","11.4603"
"117605455","1968710286","4.36026"
"1968710286","117605455","4.36026"
"1534179852","1968710286","6.27692"
"1968710286","1534179852","6.27692"
"117605455","1965985282","0.55"
"1965985282","117605455","0.55"
"117605455","62428230","0.626923"
"62428230","117605455","0.626923"
"117605455","6310906","2.80117"
"6310906","117605455","2.80117"
"1534179852","1965985282","1.63333"
"1965985282","1534179852","1.63333"
"1534179852","62428230","1.71026"
"62428230","1534179852","1.71026"
"1534179852","6310906","3.96026"
"6310906","1534179852","3.96026"
"1965985282","1968710286","3.86667"
"1968710286","1965985282","3.86667"
"1965985282","62428230","6.96667"
"62428230","1965985282","6.96667"
"1965985282","6310906","0.716667"
"6310906","1965985282","0.716667"
"1968710286","62428230","4.94359"
"62428230","1968710286","4.94359"
"1968710286","6310906","11.8603"
"6310906","1968710286","11.8603"
"62428230","6310906","1.79359"
"6310906","62428230","1.79359"
"117605455","142191673","0.176923"
"142191673","117605455","0.176923"
"117605455","1426176629","0.0769231"
"1426176629","117605455","0.0769231"
"117605455","1966799294","0.0769231"
"1966799294","117605455","0.0769231"
"117605455","1969243587","0.0769231"
"1969243587","117605455","0.0769231"
"117605455","2027287130","0.0769231"
"2027287130","117605455","0.0769231"
"117605455","2066628421","0.0769231"
"2066628421","117605455","0.0769231"
"117605455","2151350448","0.176923"
"2151350448","117605455","0.176923"
"117605455","2151719682","0.0769231"
"2151719682","117605455","0.0769231"
"117605455","2169797554","0.176923"
"2169797554","117605455","0.176923"
"142191673","1426176629","0.0769231"
"1426176629","142191673","0.0769231"
"142191673","1534179852","0.176923"
"1534179852","142191673","0.176923"
"142191673","1966799294","0.0769231"
"1966799294","142191673","0.0769231"
"142191673","1968710286","0.910256"
"1968710286","142191673","0.910256"
"142191673","1969243587","0.24359"
"1969243587","142191673","0.24359"
"142191673","2027287130","0.576923"
"2027287130","142191673","0.576923"
"142191673","2066628421","0.576923"
"2066628421","142191673","0.576923"
"142191673","2151350448","0.176923"
"2151350448","142191673","0.176923"
"142191673","2151719682","0.0769231"
"2151719682","142191673","0.0769231"
"142191673","2169797554","0.176923"
"2169797554","142191673","0.176923"
"142191673","62428230","1.17692"
"62428230","142191673","1.17692"
"142191673","6310906","0.676923"
"6310906","142191673","0.676923"
"1426176629","1534179852","0.0769231"
"1534179852","1426176629","0.0769231"
"1426176629","1966799294","0.0769231"
"1966799294","1426176629","0.0769231"
"1426176629","1968710286","0.0769231"
"1968710286","1426176629","0.0769231"
"1426176629","1969243587","0.0769231"
"1969243587","1426176629","0.0769231"
"1426176629","2027287130","0.0769231"
"2027287130","1426176629","0.0769231"
"1426176629","2066628421","18.1364"
"2066628421","1426176629","18.1364"
"1426176629","2151350448","0.0769231"
"2151350448","1426176629","0.0769231"
"1426176629","2151719682","0.0769231"
"2151719682","1426176629","0.0769231"
"1426176629","2169797554","0.0769231"
"2169797554","1426176629","0.0769231"
"1426176629","62428230","0.0769231"
"62428230","1426176629","0.0769231"
"1426176629","6310906","0.0769231"
"6310906","1426176629","0.0769231"
"1534179852","1966799294","0.0769231"
"1966799294","1534179852","0.0769231"
"1534179852","1969243587","0.0769231"
"1969243587","1534179852","0.0769231"
"1534179852","2027287130","0.0769231"
"2027287130","1534179852","0.0769231"
"1534179852","2066628421","0.0769231"
"2066628421","1534179852","0.0769231"
"1534179852","2151350448","0.176923"
"2151350448","1534179852","0.176923"
"1534179852","2151719682","0.0769231"
"2151719682","1534179852","0.0769231"
"1534179852","2169797554","0.176923"
"2169797554","1534179852","0.176923"
"1966799294","1968710286","0.0769231"
"1968710286","1966799294","0.0769231"
"1966799294","1969243587","1.07692"
"1969243587","1966799294","1.07692"
"1966799294","2027287130","0.0769231"
"2027287130","1966799294","0.0769231"
"1966799294","2066628421","0.0769231"
"2066628421","1966799294","0.0769231"
"1966799294","2151350448","0.0769231"
"2151350448","1966799294","0.0769231"
"1966799294","2151719682","0.0769231"
"2151719682","1966799294","0.0769231"
"1966799294","2169797554","0.0769231"
"2169797554","1966799294","0.0769231"
"1966799294","62428230","0.0769231"
"62428230","1966799294","0.0769231"
"1966799294","6310906","0.0769231"
"6310906","1966799294","0.0769231"
"1968710286","1969243587","0.0769231"
"1969243587","1968710286","0.0769231"
"1968710286","2027287130","0.0769231"
"2027287130","1968710286","0.0769231"
"1968710286","2066628421","0.410256"
"2066628421","1968710286","0.410256"
"1968710286","2151350448","0.0769231"
"2151350448","1968710286","0.0769231"
"1968710286","2151719682","0.0769231"
"2151719682","1968710286","0.0769231"
"1968710286","2169797554","0.0769231"
"2169797554","1968710286","0.0769231"
"1969243587","2027287130","0.0769231"
"2027287130","1969243587","0.0769231"
"1969243587","2066628421","0.24359"
"2066628421","1969243587","0.24359"
"1969243587","2151350448","0.0769231"
"2151350448","1969243587","0.0769231"
"1969243587","2151719682","0.0769231"
"2151719682","1969243587","0.0769231"
"1969243587","2169797554","14.0769"
"2169797554","1969243587","14.0769"
"1969243587","62428230","0.0769231"
"62428230","1969243587","0.0769231"
"1969243587","6310906","0.0769231"
"6310906","1969243587","0.0769231"
"2027287130","2066628421","0.0769231"
"2066628421","2027287130","0.0769231"
"2027287130","2151350448","0.0769231"
"2151350448","2027287130","0.0769231"
"2027287130","2151719682","0.0769231"
"2151719682","2027287130","0.0769231"
"2027287130","2169797554","0.0769231"
"2169797554","2027287130","0.0769231"
"2027287130","62428230","0.0769231"
"62428230","2027287130","0.0769231"
"2027287130","6310906","0.0769231"
"6310906","2027287130","0.0769231"
"2066628421","2151350448","0.0769231"
"2151350448","2066628421","0.0769231"
"2066628421","2151719682","0.0769231"
"2151719682","2066628421","0.0769231"
"2066628421","2169797554","0.0769231"
"2169797554","2066628421","0.0769231"
"2066628421","62428230","0.0769231"
"62428230","2066628421","0.0769231"
"2066628421","6310906","0.0769231"
"6310906","2066628421","0.0769231"
"2151350448","2151719682","2.74359"
"2151719682","2151350448","2.74359"
"2151350448","2169797554","0.176923"
"2169797554","2151350448","0.176923"
"2151350448","62428230","0.176923"
"62428230","2151350448","0.176923"
"2151350448","6310906","0.176923"
"6310906","2151350448","0.176923"
"2151719682","2169797554","0.0769231"
"2169797554","2151719682","0.0769231"
"2151719682","62428230","0.0769231"
"62428230","2151719682","0.0769231"
"2151719682","6310906","0.0769231"
"6310906","2151719682","0.0769231"
"2169797554","62428230","0.176923"
"62428230","2169797554","0.176923"
"2169797554","6310906","0.176923"
"6310906","2169797554","0.176923"
"117605455","1519775745","0.0909091"
"1519775745","117605455","0.0909091"
"117605455","1555625052","0.0909091"
"1555625052","117605455","0.0909091"
"117605455","1580662873","0.0909091"
"1580662873","117605455","0.0909091"
"117605455","1839587738","0.0909091"
"1839587738","117605455","0.0909091"
"117605455","2016222242","0.0909091"
"2016222242","117605455","0.0909091"
"117605455","2084460242","0.0909091"
"2084460242","117605455","0.0909091"
"117605455","2095991627","0.0909091"
"2095991627","117605455","0.0909091"
"117605455","2146517105","0.0909091"
"2146517105","117605455","0.0909091"
"117605455","2146944094","0.0909091"
"2146944094","117605455","0.0909091"
"117605455","2159699146","0.0909091"
"2159699146","117605455","0.0909091"
"1519775745","1555625052","1.00758"
"1555625052","1519775745","1.00758"
"1519775745","1580662873","2.40043"
"1580662873","1519775745","2.40043"
"1519775745","1839587738","1.59091"
"1839587738","1519775745","1.59091"
"1519775745","2016222242","0.0909091"
"2016222242","1519775745","0.0909091"
"1519775745","2084460242","0.424242"
"2084460242","1519775745","0.424242"
"1519775745","2095991627","6.5671"
"2095991627","1519775745","6.5671"
"1519775745","2146517105","0.0909091"
"2146517105","1519775745","0.0909091"
"1519775745","2146944094","2.48377"
"2146944094","1519775745","2.48377"
"1519775745","2159699146","0.257576"
"2159699146","1519775745","0.257576"
"1519775745","6310906","0.0909091"
"6310906","1519775745","0.0909091"
"1555625052","1580662873","0.0909091"
"1580662873","1555625052","0.0909091"
"1555625052","1839587738","0.0909091"
"1839587738","1555625052","0.0909091"
"1555625052","2016222242","0.0909091"
"2016222242","1555625052","0.0909091"
"1555625052","2084460242","1.25758"
"2084460242","1555625052","1.25758"
"1555625052","2095991627","1.50758"
"2095991627","1555625052","1.50758"
"1555625052","2146517105","0.0909091"
"2146517105","1555625052","0.0909091"
"1555625052","2146944094","2.50758"
"2146944094","1555625052","2.50758"
"1555625052","2159699146","0.0909091"
"2159699146","1555625052","0.0909091"
"1555625052","6310906","0.0909091"
"6310906","1555625052","0.0909091"
"1580662873","1839587738","0.0909091"
"1839587738","1580662873","0.0909091"
"1580662873","2016222242","0.0909091"
"2016222242","1580662873","0.0909091"
"1580662873","2084460242","0.0909091"
"2084460242","1580662873","0.0909091"
"1580662873","2095991627","0.233766"
"2095991627","1580662873","0.233766"
"1580662873","2146517105","0.0909091"
"2146517105","1580662873","0.0909091"
"1580662873","2146944094","0.233766"
"2146944094","1580662873","0.233766"
"1580662873","2159699146","0.590909"
"2159699146","1580662873","0.590909"
"1580662873","6310906","0.0909091"
"6310906","1580662873","0.0909091"
"1839587738","2016222242","0.0909091"
"2016222242","1839587738","0.0909091"
"1839587738","2084460242","0.0909091"
"2084460242","1839587738","0.0909091"
"1839587738","2095991627","0.0909091"
"2095991627","1839587738","0.0909091"
"1839587738","2146517105","0.0909091"
"2146517105","1839587738","0.0909091"
"1839587738","2146944094","1.09091"
"2146944094","1839587738","1.09091"
"1839587738","2159699146","0.590909"
"2159699146","1839587738","0.590909"
"1839587738","6310906","0.0909091"
"6310906","1839587738","0.0909091"
"2016222242","2084460242","0.0909091"
"2084460242","2016222242","0.0909091"
"2016222242","2095991627","0.0909091"
"2095991627","2016222242","0.0909091"
"2016222242","2146517105","0.236364"
"2146517105","2016222242","0.236364"
"2016222242","2146944094","0.0909091"
"2146944094","2016222242","0.0909091"
"2016222242","2159699146","0.0909091"
"2159699146","2016222242","0.0909091"
"2016222242","6310906","0.0909091"
"6310906","2016222242","0.0909091"
"2084460242","2095991627","1.09091"
"2095991627","2084460242","1.09091"
"2084460242","2146517105","0.0909091"
"2146517105","2084460242","0.0909091"
"2084460242","2146944094","2.09091"
"2146944094","2084460242","2.09091"
"2084460242","2159699146","0.0909091"
"2159699146","2084460242","0.0909091"
"2084460242","6310906","0.0909091"
"6310906","2084460242","0.0909091"
"2095991627","2146517105","0.0909091"
"2146517105","2095991627","0.0909091"
"2095991627","2146944094","3.48377"
"2146944094","2095991627","3.48377"
"2095991627","2159699146","0.0909091"
"2159699146","2095991627","0.0909091"
"2095991627","6310906","0.0909091"
"6310906","2095991627","0.0909091"
"2146517105","2146944094","0.0909091"
"2146944094","2146517105","0.0909091"
"2146517105","2159699146","0.0909091"
"2159699146","2146517105","0.0909091"
"2146517105","6310906","0.0909091"
"6310906","2146517105","0.0909091"
"2146944094","2159699146","0.0909091"
"2159699146","2146944094","0.0909091"
"2146944094","6310906","0.0909091"
"6310906","2146944094","0.0909091"
"2159699146","6310906","0.0909091"
"6310906","2159699146","0.0909091"
"117605455","190387453","0.1"
"190387453","117605455","0.1"
"117605455","2031480398","0.1"
"2031480398","117605455","0.1"
"117605455","2164813792","0.1"
"2164813792","117605455","0.1"
"142191673","190387453","0.1"
"190387453","142191673","0.1"
"142191673","1965985282","0.1"
"1965985282","142191673","0.1"
"142191673","2031480398","0.1"
"2031480398","142191673","0.1"
"142191673","2164813792","0.1"
"2164813792","142191673","0.1"
"1534179852","190387453","0.1"
"190387453","1534179852","0.1"
"1534179852","2031480398","0.1"
"2031480398","1534179852","0.1"
"1534179852","2164813792","0.1"
"2164813792","1534179852","0.1"
"190387453","1965985282","0.1"
"1965985282","190387453","0.1"
"190387453","2031480398","0.1"
"2031480398","190387453","0.1"
"190387453","2151350448","3.6"
"2151350448","190387453","3.6"
"190387453","2164813792","0.1"
"2164813792","190387453","0.1"
"190387453","2169797554","0.1"
"2169797554","190387453","0.1"
"190387453","62428230","0.1"
"62428230","190387453","0.1"
"190387453","6310906","0.1"
"6310906","190387453","0.1"
"1965985282","2031480398","0.1"
"2031480398","1965985282","0.1"
"1965985282","2151350448","0.1"
"2151350448","1965985282","0.1"
"1965985282","2164813792","0.1"
"2164813792","1965985282","0.1"
"1965985282","2169797554","0.1"
"2169797554","1965985282","0.1"
"2031480398","2151350448","1.1"
"2151350448","2031480398","1.1"
"2031480398","2164813792","0.1"
"2164813792","2031480398","0.1"
"2031480398","2169797554","0.1"
"2169797554","2031480398","0.1"
"2031480398","62428230","0.1"
"62428230","2031480398","0.1"
"2031480398","6310906","0.1"
"6310906","2031480398","0.1"
"2151350448","2164813792","0.1"
"2164813792","2151350448","0.1"
"2164813792","2169797554","2.93333"
"2169797554","2164813792","2.93333"
"2164813792","62428230","0.1"
"62428230","2164813792","0.1"
"2164813792","6310906","0.1"
"6310906","2164813792","0.1"
"118488434","2065110448","1.5"
"2065110448","118488434","1.5"
"118488434","2074935129","0.5"
"2074935129","118488434","0.5"
"2065110448","2074935129","7.91667"
"2074935129","2065110448","7.91667"
"118488434","2142725305","1"
"2142725305","118488434","1"
"118488434","1573491075","1"
"1573491075","118488434","1"
"121204761","1481444010","0.1"
"1481444010","121204761","0.1"
"121204761","1542645505","0.1"
"1542645505","121204761","0.1"
"121204761","1576131575","0.1"
"1576131575","121204761","0.1"
"121204761","1965859262","0.433333"
"1965859262","121204761","0.433333"
"121204761","1980375285","0.35"
"1980375285","121204761","0.35"
"121204761","1999848435","0.558333"
"1999848435","121204761","0.558333"
"121204761","2014582273","0.1"
"2014582273","121204761","0.1"
"121204761","2096086572","0.1"
"2096086572","121204761","0.1"
"121204761","2099141560","1.1"
"2099141560","121204761","1.1"
"121204761","2126898911","3.55833"
"2126898911","121204761","3.55833"
"1481444010","1542645505","0.367857"
"1542645505","1481444010","0.367857"
"1481444010","1576131575","0.367857"
"1576131575","1481444010","0.367857"
"1481444010","1965859262","0.225"
"1965859262","1481444010","0.225"
"1481444010","1980375285","0.225"
"1980375285","1481444010","0.225"
"1481444010","1999848435","0.558333"
"1999848435","1481444010","0.558333"
"1481444010","2014582273","0.242857"
"2014582273","1481444010","0.242857"
"1481444010","2096086572","0.242857"
"2096086572","1481444010","0.242857"
"1481444010","2099141560","0.1"
"2099141560","1481444010","0.1"
"1481444010","2126898911","0.225"
"2126898911","1481444010","0.225"
"1542645505","1576131575","0.70119"
"1576131575","1542645505","0.70119"
"1542645505","1965859262","0.325"
"1965859262","1542645505","0.325"
"1542645505","1980375285","0.225"
"1980375285","1542645505","0.225"
"1542645505","1999848435","0.325"
"1999848435","1542645505","0.325"
"1542645505","2014582273","2.57619"
"2014582273","1542645505","2.57619"
"1542645505","2096086572","0.242857"
"2096086572","1542645505","0.242857"
"1542645505","2099141560","0.1"
"2099141560","1542645505","0.1"
"1542645505","2126898911","0.225"
"2126898911","1542645505","0.225"
"1576131575","1965859262","0.808333"
"1965859262","1576131575","0.808333"
"1576131575","1980375285","0.225"
"1980375285","1576131575","0.225"
"1576131575","1999848435","1.65299"
"1999848435","1576131575","1.65299"
"1576131575","2014582273","0.788312"
"2014582273","1576131575","0.788312"
"1576131575","2096086572","2.47085"
"2096086572","1576131575","2.47085"
"1576131575","2099141560","0.1"
"2099141560","1576131575","0.1"
"1576131575","2126898911","0.225"
"2126898911","1576131575","0.225"
"1965859262","1980375285","1.225"
"1980375285","1965859262","1.225"
"1965859262","1999848435","1.15833"
"1999848435","1965859262","1.15833"
"1965859262","2014582273","0.1"
"2014582273","1965859262","0.1"
"1965859262","2096086572","0.1"
"2096086572","1965859262","0.1"
"1965859262","2099141560","0.1"
"2099141560","1965859262","0.1"
"1965859262","2126898911","0.558333"
"2126898911","1965859262","0.558333"
"1980375285","1999848435","0.35"
"1999848435","1980375285","0.35"
"1980375285","2014582273","0.1"
"2014582273","1980375285","0.1"
"1980375285","2096086572","0.1"
"2096086572","1980375285","0.1"
"1980375285","2099141560","0.6"
"2099141560","1980375285","0.6"
"1980375285","2126898911","0.516667"
"2126898911","1980375285","0.516667"
"1999848435","2014582273","0.645455"
"2014582273","1999848435","0.645455"
"1999848435","2096086572","0.661328"
"2096086572","1999848435","0.661328"
"1999848435","2099141560","0.35"
"2099141560","1999848435","0.35"
"1999848435","2126898911","0.883333"
"2126898911","1999848435","0.883333"
"2014582273","2096086572","0.288312"
"2096086572","2014582273","0.288312"
"2014582273","2099141560","0.1"
"2099141560","2014582273","0.1"
"2014582273","2126898911","0.183333"
"2126898911","2014582273","0.183333"
"2096086572","2099141560","0.1"
"2099141560","2096086572","0.1"
"2096086572","2126898911","0.1"
"2126898911","2096086572","0.1"
"2099141560","2126898911","0.1"
"2126898911","2099141560","0.1"
"121204761","2150710989","3.5"
"2150710989","121204761","3.5"
"121204761","2065110448","0.333333"
"2065110448","121204761","0.333333"
"121204761","2074935129","0.333333"
"2074935129","121204761","0.333333"
"121204761","2161206385","0.333333"
"2161206385","121204761","0.333333"
"2065110448","2161206385","0.333333"
"2161206385","2065110448","0.333333"
"2074935129","2161206385","0.333333"
"2161206385","2074935129","0.333333"
"121204761","1592325815","1.125"
"1592325815","121204761","1.125"
"121204761","2148863172","0.5"
"2148863172","121204761","0.5"
"2148863172","2150710989","0.5"
"2150710989","2148863172","0.5"
"121204761","2100130037","0.75"
"2100130037","121204761","0.75"
"121204761","2110715906","0.125"
"2110715906","121204761","0.125"
"121204761","2142725305","0.125"
"2142725305","121204761","0.125"
"121204761","2158741508","0.25"
"2158741508","121204761","0.25"
"121204761","2184984687","0.25"
"2184984687","121204761","0.25"
"121204761","2808528665","0.125"
"2808528665","121204761","0.125"
"1592325815","1980375285","0.125"
"1980375285","1592325815","0.125"
"1592325815","2100130037","0.125"
"2100130037","1592325815","0.125"
"1592325815","2110715906","0.125"
"2110715906","1592325815","0.125"
"1592325815","2142725305","0.125"
"2142725305","1592325815","0.125"
"1592325815","2158741508","0.125"
"2158741508","1592325815","0.125"
"1592325815","2184984687","0.125"
"2184984687","1592325815","0.125"
"1592325815","2808528665","0.125"
"2808528665","1592325815","0.125"
"1980375285","2100130037","0.666667"
"2100130037","1980375285","0.666667"
"1980375285","2110715906","0.125"
"2110715906","1980375285","0.125"
"1980375285","2142725305","0.125"
"2142725305","1980375285","0.125"
"1980375285","2158741508","1.16667"
"2158741508","1980375285","1.16667"
"1980375285","2184984687","0.583333"
"2184984687","1980375285","0.583333"
"1980375285","2808528665","0.125"
"2808528665","1980375285","0.125"
"2100130037","2110715906","0.125"
"2110715906","2100130037","0.125"
"2100130037","2142725305","0.125"
"2142725305","2100130037","0.125"
"2100130037","2158741508","5.92619"
"2158741508","2100130037","5.92619"
"2100130037","2184984687","2.7"
"2184984687","2100130037","2.7"
"2100130037","2808528665","0.125"
"2808528665","2100130037","0.125"
"2110715906","2142725305","0.125"
"2142725305","2110715906","0.125"
"2110715906","2158741508","0.125"
"2158741508","2110715906","0.125"
"2110715906","2184984687","0.125"
"2184984687","2110715906","0.125"
"2110715906","2808528665","0.125"
"2808528665","2110715906","0.125"
"2142725305","2158741508","0.125"
"2158741508","2142725305","0.125"
"2142725305","2184984687","0.125"
"2184984687","2142725305","0.125"
"2142725305","2808528665","0.125"
"2808528665","2142725305","0.125"
"2158741508","2184984687","3.11111"
"2184984687","2158741508","3.11111"
"2158741508","2808528665","0.125"
"2808528665","2158741508","0.125"
"2184984687","2808528665","0.125"
"2808528665","2184984687","0.125"
"121204761","2007829585","0.125"
"2007829585","121204761","0.125"
"121204761","2091750225","0.125"
"2091750225","121204761","0.125"
"1980375285","2007829585","0.291667"
"2007829585","1980375285","0.291667"
"1980375285","2091750225","0.125"
"2091750225","1980375285","0.125"
"1999848435","2007829585","0.125"
"2007829585","1999848435","0.125"
"1999848435","2091750225","0.802994"
"2091750225","1999848435","0.802994"
"1999848435","2100130037","0.125"
"2100130037","1999848435","0.125"
"1999848435","2158741508","0.486111"
"2158741508","1999848435","0.486111"
"1999848435","2184984687","0.486111"
"2184984687","1999848435","0.486111"
"2007829585","2091750225","0.125"
"2091750225","2007829585","0.125"
"2007829585","2100130037","0.491667"
"2100130037","2007829585","0.491667"
"2007829585","2126898911","2.29167"
"2126898911","2007829585","2.29167"
"2007829585","2158741508","0.325"
"2158741508","2007829585","0.325"
"2007829585","2184984687","0.291667"
"2184984687","2007829585","0.291667"
"2091750225","2100130037","0.125"
"2100130037","2091750225","0.125"
"2091750225","2126898911","0.325"
"2126898911","2091750225","0.325"
"2091750225","2158741508","0.236111"
"2158741508","2091750225","0.236111"
"2091750225","2184984687","0.236111"
"2184984687","2091750225","0.236111"
"2100130037","2126898911","0.625"
"2126898911","2100130037","0.625"
"2126898911","2158741508","1.45833"
"2158741508","2126898911","1.45833"
"2126898911","2184984687","0.375"
"2184984687","2126898911","0.375"
"121204761","2124384306","0.5"
"2124384306","121204761","0.5"
"2100130037","2124384306","7.53333"
"2124384306","2100130037","7.53333"
"142191673","2346780474","0.5"
"2346780474","142191673","0.5"
"2027287130","2346780474","0.5"
"2346780474","2027287130","0.5"
"142191673","2159699146","5"
"2159699146","142191673","5"
"142191673","1580662873","1.5"
"1580662873","142191673","1.5"
"142191673","1909870529","1.5"
"1909870529","142191673","1.5"
"142191673","2098425968","1"
"2098425968","142191673","1"
"1580662873","1909870529","5.64286"
"1909870529","1580662873","5.64286"
"1580662873","2098425968","3.14286"
"2098425968","1580662873","3.14286"
"1909870529","2098425968","3.14286"
"2098425968","1909870529","3.14286"
"1909870529","2159699146","2.5"
"2159699146","1909870529","2.5"
"142191673","2100130037","0.333333"
"2100130037","142191673","0.333333"
"1580662873","2100130037","0.333333"
"2100130037","1580662873","0.333333"
"2100130037","2159699146","0.333333"
"2159699146","2100130037","0.333333"
"142191673","1519775745","0.166667"
"1519775745","142191673","0.166667"
"142191673","2128372630","0.166667"
"2128372630","142191673","0.166667"
"1519775745","1969243587","0.166667"
"1969243587","1519775745","0.166667"
"1519775745","2066628421","0.166667"
"2066628421","1519775745","0.166667"
"1519775745","2128372630","2.89286"
"2128372630","1519775745","2.89286"
"1580662873","1969243587","0.166667"
"1969243587","1580662873","0.166667"
"1580662873","2066628421","0.166667"
"2066628421","1580662873","0.166667"
"1580662873","2128372630","0.309524"
"2128372630","1580662873","0.309524"
"1969243587","2128372630","0.166667"
"2128372630","1969243587","0.166667"
"1969243587","2159699146","1.66667"
"2159699146","1969243587","1.66667"
"2066628421","2128372630","0.166667"
"2128372630","2066628421","0.166667"
"2066628421","2159699146","0.166667"
"2159699146","2066628421","0.166667"
"2128372630","2159699146","0.166667"
"2159699146","2128372630","0.166667"
"142191673","2082105708","0.333333"
"2082105708","142191673","0.333333"
"1968710286","2082105708","0.333333"
"2082105708","1968710286","0.333333"
"2066628421","2082105708","0.333333"
"2082105708","2066628421","0.333333"
"1426176629","2244998654","0.333333"
"2244998654","1426176629","0.333333"
"1426176629","2346780474","0.333333"
"2346780474","1426176629","0.333333"
"2066628421","2244998654","0.333333"
"2244998654","2066628421","0.333333"
"2066628421","2346780474","0.333333"
"2346780474","2066628421","0.333333"
"1426176629","2016440973","0.392857"
"2016440973","1426176629","0.392857"
"1426176629","2071847464","0.72619"
"2071847464","1426176629","0.72619"
"1426176629","2781712876","0.392857"
"2781712876","1426176629","0.392857"
"2016440973","2066628421","0.592857"
"2066628421","2016440973","0.592857"
"2016440973","2071847464","4.18377"
"2071847464","2016440973","4.18377"
"2016440973","2781712876","0.842857"
"2781712876","2016440973","0.842857"
"2066628421","2071847464","0.92619"
"2071847464","2066628421","0.92619"
"2066628421","2781712876","0.592857"
"2781712876","2066628421","0.592857"
"2071847464","2781712876","3.59286"
"2781712876","2071847464","3.59286"
"1426176629","2258064579","0.47619"
"2258064579","1426176629","0.47619"
"2066628421","2258064579","0.67619"
"2258064579","2066628421","0.67619"
"2071847464","2258064579","1.30043"
"2258064579","2071847464","1.30043"
"1426176629","2000277463","0.5"
"2000277463","1426176629","0.5"
"1426176629","565209509","0.5"
"565209509","1426176629","0.5"
"2000277463","565209509","5.5"
"565209509","2000277463","5.5"
"1426176629","2089514923","0.142857"
"2089514923","1426176629","0.142857"
"1426176629","2300633196","0.142857"
"2300633196","1426176629","0.142857"
"2016440973","2089514923","0.3171"
"2089514923","2016440973","0.3171"
"2016440973","2258064579","1.2671"
"2258064579","2016440973","1.2671"
"2016440973","2300633196","1.5171"
"2300633196","2016440973","1.5171"
"2066628421","2089514923","0.142857"
"2089514923","2066628421","0.142857"
"2066628421","2300633196","0.342857"
"2300633196","2066628421","0.342857"
"2071847464","2089514923","0.433766"
"2089514923","2071847464","0.433766"
"2071847464","2300633196","1.63377"
"2300633196","2071847464","1.63377"
"2089514923","2258064579","4.24329"
"2258064579","2089514923","4.24329"
"2089514923","2300633196","5.24329"
"2300633196","2089514923","5.24329"
"2089514923","2781712876","0.142857"
"2781712876","2089514923","0.142857"
"2258064579","2781712876","0.592857"
"2781712876","2258064579","0.592857"
"2300633196","2781712876","0.342857"
"2781712876","2300633196","0.342857"
"1481444010","1585323015","0.125"
"1585323015","1481444010","0.125"
"1481444010","2026315848","0.125"
"2026315848","1481444010","0.125"
"1542645505","1585323015","0.125"
"1585323015","1542645505","0.125"
"1542645505","2026315848","0.125"
"2026315848","1542645505","0.125"
"1576131575","1585323015","0.50855"
"1585323015","1576131575","0.50855"
"1576131575","2026315848","3.30299"
"2026315848","1576131575","3.30299"
"1585323015","1965859262","0.125"
"1965859262","1585323015","0.125"
"1585323015","1980375285","0.125"
"1980375285","1585323015","0.125"
"1585323015","1999848435","0.40855"
"1999848435","1585323015","0.40855"
"1585323015","2026315848","0.241883"
"2026315848","1585323015","0.241883"
"1585323015","2126898911","0.125"
"2126898911","1585323015","0.125"
"1965859262","2026315848","0.375"
"2026315848","1965859262","0.375"
"1980375285","2026315848","0.125"
"2026315848","1980375285","0.125"
"1999848435","2026315848","0.852994"
"2026315848","1999848435","0.852994"
"2026315848","2126898911","0.125"
"2126898911","2026315848","0.125"
"1481444010","2115017921","0.47619"
"2115017921","1481444010","0.47619"
"1481444010","2128372630","0.333333"
"2128372630","1481444010","0.333333"
"1999848435","2115017921","0.916883"
"2115017921","1999848435","0.916883"
"1999848435","2128372630","0.333333"
"2128372630","1999848435","0.333333"
"2115017921","2128372630","0.333333"
"2128372630","2115017921","0.333333"
"1481444010","2016222242","0.142857"
"2016222242","1481444010","0.142857"
"1481444010","2130483084","0.142857"
"2130483084","1481444010","0.142857"
"1542645505","2016222242","0.242857"
"2016222242","1542645505","0.242857"
"1542645505","2115017921","0.242857"
"2115017921","1542645505","0.242857"
"1542645505","2130483084","0.142857"
"2130483084","1542645505","0.142857"
"1576131575","2016222242","0.926407"
"2016222242","1576131575","0.926407"
"1576131575","2115017921","0.893074"
"2115017921","1576131575","0.893074"
"1576131575","2130483084","1.55397"
"2130483084","1576131575","1.55397"
"2014582273","2016222242","0.688312"
"2016222242","2014582273","0.688312"
"2014582273","2115017921","0.188312"
"2115017921","2014582273","0.188312"
"2014582273","2130483084","0.142857"
"2130483084","2014582273","0.142857"
"2016222242","2096086572","0.926407"
"2096086572","2016222242","0.926407"
"2016222242","2115017921","0.35974"
"2115017921","2016222242","0.35974"
"2016222242","2130483084","0.142857"
"2130483084","2016222242","0.142857"
"2096086572","2115017921","0.626407"
"2115017921","2096086572","0.626407"
"2096086572","2130483084","0.253968"
"2130483084","2096086572","0.253968"
"2115017921","2130483084","0.442857"
"2130483084","2115017921","0.442857"
"1491729962","1496005850","2.33333"
"1496005850","1491729962","2.33333"
"1491729962","2090494075","1.33333"
"2090494075","1491729962","1.33333"
"1496005850","2090494075","6.33333"
"2090494075","1496005850","6.33333"
"1491729962","2043548861","0.833333"
"2043548861","1491729962","0.833333"
"1496005850","2043548861","0.333333"
"2043548861","1496005850","0.333333"
"2043548861","2090494075","0.333333"
"2090494075","2043548861","0.333333"
"1491729962","2007671792","0.5"
"2007671792","1491729962","0.5"
"2007671792","2043548861","1.5"
"2043548861","2007671792","1.5"
"1508643881","190387453","0.333333"
"190387453","1508643881","0.333333"
"1508643881","2151350448","0.333333"
"2151350448","1508643881","0.333333"
"1508643881","2158741508","1.27778"
"2158741508","1508643881","1.27778"
"190387453","2158741508","0.333333"
"2158741508","190387453","0.333333"
"2151350448","2158741508","0.333333"
"2158741508","2151350448","0.333333"
"1508643881","2091750225","1.15657"
"2091750225","1508643881","1.15657"
"1508643881","2100130037","0.583333"
"2100130037","1508643881","0.583333"
"1508643881","2124384306","0.916667"
"2124384306","1508643881","0.916667"
"1508643881","2184984687","0.611111"
"2184984687","1508643881","0.611111"
"2124384306","2158741508","4.2"
"2158741508","2124384306","4.2"
"2124384306","2184984687","1.25"
"2184984687","2124384306","1.25"
"1508643881","1535488818","0.361111"
"1535488818","1508643881","0.361111"
"1508643881","1999848435","0.406566"
"1999848435","1508643881","0.406566"
"1508643881","2016222242","0.156566"
"2016222242","1508643881","0.156566"
"1508643881","2033558787","0.111111"
"2033558787","1508643881","0.111111"
"1508643881","2047386507","0.111111"
"2047386507","1508643881","0.111111"
"1508643881","2148863172","0.111111"
"2148863172","1508643881","0.111111"
"1535488818","1999848435","0.361111"
"1999848435","1535488818","0.361111"
"1535488818","2016222242","0.111111"
"2016222242","1535488818","0.111111"
"1535488818","2033558787","0.277778"
"2033558787","1535488818","0.277778"
"1535488818","2047386507","0.111111"
"2047386507","1535488818","0.111111"
"1535488818","2091750225","0.111111"
"2091750225","1535488818","0.111111"
"1535488818","2148863172","2.36111"
"2148863172","1535488818","2.36111"
"1535488818","2158741508","1.44444"
"2158741508","1535488818","1.44444"
"1535488818","2184984687","2.27778"
"2184984687","1535488818","2.27778"
"1999848435","2016222242","6.16133"
"2016222242","1999848435","6.16133"
"1999848435","2033558787","0.111111"
"2033558787","1999848435","0.111111"
"1999848435","2047386507","0.861111"
"2047386507","1999848435","0.861111"
"1999848435","2148863172","0.111111"
"2148863172","1999848435","0.111111"
"2016222242","2033558787","0.111111"
"2033558787","2016222242","0.111111"
"2016222242","2047386507","0.111111"
"2047386507","2016222242","0.111111"
"2016222242","2091750225","0.561328"
"2091750225","2016222242","0.561328"
"2016222242","2148863172","0.111111"
"2148863172","2016222242","0.111111"
"2016222242","2158741508","0.111111"
"2158741508","2016222242","0.111111"
"2016222242","2184984687","0.111111"
"2184984687","2016222242","0.111111"
"2033558787","2047386507","0.111111"
"2047386507","2033558787","0.111111"
"2033558787","2091750225","0.111111"
"2091750225","2033558787","0.111111"
"2033558787","2148863172","0.611111"
"2148863172","2033558787","0.611111"
"2033558787","2158741508","1.39444"
"2158741508","2033558787","1.39444"
"2033558787","2184984687","0.277778"
"2184984687","2033558787","0.277778"
"2047386507","2091750225","0.111111"
"2091750225","2047386507","0.111111"
"2047386507","2148863172","0.111111"
"2148863172","2047386507","0.111111"
"2047386507","2158741508","0.111111"
"2158741508","2047386507","0.111111"
"2047386507","2184984687","0.111111"
"2184984687","2047386507","0.111111"
"2091750225","2148863172","0.111111"
"2148863172","2091750225","0.111111"
"2148863172","2158741508","1.67063"
"2158741508","2148863172","1.67063"
"2148863172","2184984687","2.47778"
"2184984687","2148863172","2.47778"
"1508643881","2065110448","1"
"2065110448","1508643881","1"
"1508643881","1576131575","0.0454545"
"1576131575","1508643881","0.0454545"
"1508643881","1585323015","0.0454545"
"1585323015","1508643881","0.0454545"
"1508643881","1592325815","0.0454545"
"1592325815","1508643881","0.0454545"
"1508643881","1596954642","0.0454545"
"1596954642","1508643881","0.0454545"
"1508643881","1600818196","0.0454545"
"1600818196","1508643881","0.0454545"
"1508643881","1774414873","0.0454545"
"1774414873","1508643881","0.0454545"
"1508643881","2014582273","0.0454545"
"2014582273","1508643881","0.0454545"
"1508643881","2023673894","0.0454545"
"2023673894","1508643881","0.0454545"
"1508643881","2026315848","0.0454545"
"2026315848","1508643881","0.0454545"
"1508643881","2026562765","0.0454545"
"2026562765","1508643881","0.0454545"
"1508643881","2080787777","0.0454545"
"2080787777","1508643881","0.0454545"
"1508643881","2087587997","0.0454545"
"2087587997","1508643881","0.0454545"
"1508643881","2096086572","0.0454545"
"2096086572","1508643881","0.0454545"
"1508643881","2115017921","0.0454545"
"2115017921","1508643881","0.0454545"
"1508643881","2122247359","0.0454545"
"2122247359","1508643881","0.0454545"
"1508643881","2129590386","0.0454545"
"2129590386","1508643881","0.0454545"
"1508643881","2146517105","0.0454545"
"2146517105","1508643881","0.0454545"
"1508643881","2296098406","0.0454545"
"2296098406","1508643881","0.0454545"
"1508643881","2552913471","0.0454545"
"2552913471","1508643881","0.0454545"
"1576131575","1592325815","0.0454545"
"1592325815","1576131575","0.0454545"
"1576131575","1596954642","0.0454545"
"1596954642","1576131575","0.0454545"
"1576131575","1600818196","0.0454545"
"1600818196","1576131575","0.0454545"
"1576131575","1774414873","0.245455"
"1774414873","1576131575","0.245455"
"1576131575","2023673894","0.911328"
"2023673894","1576131575","0.911328"
"1576131575","2026562765","2.36133"
"2026562765","1576131575","2.36133"
"1576131575","2080787777","0.116883"
"2080787777","1576131575","0.116883"
"1576131575","2087587997","2.32799"
"2087587997","1576131575","2.32799"
"1576131575","2091750225","0.550216"
"2091750225","1576131575","0.550216"
"1576131575","2122247359","0.0454545"
"2122247359","1576131575","0.0454545"
"1576131575","2129590386","0.0454545"
"2129590386","1576131575","0.0454545"
"1576131575","2146517105","0.245455"
"2146517105","1576131575","0.245455"
"1576131575","2296098406","0.416883"
"2296098406","1576131575","0.416883"
"1576131575","2552913471","2.36133"
"2552913471","1576131575","2.36133"
"1585323015","1592325815","0.0454545"
"1592325815","1585323015","0.0454545"
"1585323015","1596954642","0.212121"
"1596954642","1585323015","0.212121"
"1585323015","1600818196","0.0454545"
"1600818196","1585323015","0.0454545"
"1585323015","1774414873","0.0454545"
"1774414873","1585323015","0.0454545"
"1585323015","2014582273","0.0454545"
"2014582273","1585323015","0.0454545"
"1585323015","2016222242","0.116883"
"2016222242","1585323015","0.116883"
"1585323015","2023673894","0.550216"
"2023673894","1585323015","0.550216"
"1585323015","2026562765","0.58355"
"2026562765","1585323015","0.58355"
"1585323015","2080787777","0.116883"
"2080787777","1585323015","0.116883"
"1585323015","2087587997","0.216883"
"2087587997","1585323015","0.216883"
"1585323015","2091750225","0.550216"
"2091750225","1585323015","0.550216"
"1585323015","2096086572","0.116883"
"2096086572","1585323015","0.116883"
"1585323015","2115017921","0.88355"
"2115017921","1585323015","0.88355"
"1585323015","2122247359","0.245455"
"2122247359","1585323015","0.245455"
"1585323015","2129590386","0.245455"
"2129590386","1585323015","0.245455"
"1585323015","2146517105","0.0454545"
"2146517105","1585323015","0.0454545"
"1585323015","2296098406","0.58355"
"2296098406","1585323015","0.58355"
"1585323015","2552913471","0.58355"
"2552913471","1585323015","0.58355"
"1592325815","1596954642","0.0454545"
"1596954642","1592325815","0.0454545"
"1592325815","1600818196","0.0454545"
"1600818196","1592325815","0.0454545"
"1592325815","1774414873","0.0454545"
"1774414873","1592325815","0.0454545"
"1592325815","1999848435","0.0454545"
"1999848435","1592325815","0.0454545"
"1592325815","2014582273","0.0454545"
"2014582273","1592325815","0.0454545"
"1592325815","2016222242","0.0454545"
"2016222242","1592325815","0.0454545"
"1592325815","2023673894","0.0454545"
"2023673894","1592325815","0.0454545"
"1592325815","2026315848","0.0454545"
"2026315848","1592325815","0.0454545"
"1592325815","2026562765","0.0454545"
"2026562765","1592325815","0.0454545"
"1592325815","2080787777","0.0454545"
"2080787777","1592325815","0.0454545"
"1592325815","2087587997","0.0454545"
"2087587997","1592325815","0.0454545"
