"1450404840","2123814071","2.21905"
"2123814071","1450404840","2.21905"
"1450404840","2564531126","2.21905"
"2564531126","1450404840","2.21905"
"2123814071","2564531126","6.30238"
"2564531126","2123814071","6.30238"
"1450404840","2071489941","1.46905"
"2071489941","1450404840","1.46905"
"1450404840","2107978013","1.46905"
"2107978013","1450404840","1.46905"
"1450404840","2406586213","4.15238"
"2406586213","1450404840","4.15238"
"2071489941","2107978013","4.88571"
"2107978013","2071489941","4.88571"
"2071489941","2123814071","1.80238"
"2123814071","2071489941","1.80238"
"2071489941","2406586213","1.90238"
"2406586213","2071489941","1.90238"
"2071489941","2564531126","1.80238"
"2564531126","2071489941","1.80238"
"2107978013","2123814071","3.46905"
"2123814071","2107978013","3.46905"
"2107978013","2406586213","2.56905"
"2406586213","2107978013","2.56905"
"2107978013","2564531126","3.46905"
"2564531126","2107978013","3.46905"
"2123814071","2406586213","1.73571"
"2406586213","2123814071","1.73571"
"2406586213","2564531126","1.73571"
"2564531126","2406586213","1.73571"
"1450404840","2032167079","0.392857"
"2032167079","1450404840","0.392857"
"1450404840","2398141323","0.392857"
"2398141323","1450404840","0.392857"
"2032167079","2071489941","0.392857"
"2071489941","2032167079","0.392857"
"2032167079","2107978013","0.392857"
"2107978013","2032167079","0.392857"
"2032167079","2398141323","3.39286"
"2398141323","2032167079","3.39286"
"2071489941","2398141323","0.392857"
"2398141323","2071489941","0.392857"
"2107978013","2398141323","0.392857"
"2398141323","2107978013","0.392857"
"1450404840","2103109712","1"
"2103109712","1450404840","1"
"1450404840","1509445819","1.47619"
"1509445819","1450404840","1.47619"
"1450404840","2081085194","1.04286"
"2081085194","1450404840","1.04286"
"1509445819","2081085194","0.47619"
"2081085194","1509445819","0.47619"
"1509445819","2406586213","0.47619"
"2406586213","1509445819","0.47619"
"2081085194","2406586213","0.97619"
"2406586213","2081085194","0.97619"
"2071489941","2081085194","1.04286"
"2081085194","2071489941","1.04286"
"2081085194","2107978013","1.04286"
"2107978013","2081085194","1.04286"
"2081085194","2123814071","0.709524"
"2123814071","2081085194","0.709524"
"2081085194","2564531126","0.709524"
"2564531126","2081085194","0.709524"
"2032167079","2123814071","0.142857"
"2123814071","2032167079","0.142857"
"2032167079","2406586213","0.142857"
"2406586213","2032167079","0.142857"
"2032167079","2564531126","0.142857"
"2564531126","2032167079","0.142857"
"2123814071","2398141323","0.142857"
"2398141323","2123814071","0.142857"
"2398141323","2406586213","0.142857"
"2406586213","2398141323","0.142857"
"2398141323","2564531126","0.142857"
"2564531126","2398141323","0.142857"
"1450404840","2060267256","0.166667"
"2060267256","1450404840","0.166667"
"2060267256","2071489941","0.166667"
"2071489941","2060267256","0.166667"
"2060267256","2107978013","0.166667"
"2107978013","2060267256","0.166667"
"2060267256","2123814071","0.166667"
"2123814071","2060267256","0.166667"
"2060267256","2406586213","0.166667"
"2406586213","2060267256","0.166667"
"2060267256","2564531126","0.166667"
"2564531126","2060267256","0.166667"
"1509445819","2071489941","0.142857"
"2071489941","1509445819","0.142857"
"1509445819","2107978013","0.142857"
"2107978013","1509445819","0.142857"
"1509445819","2123814071","0.142857"
"2123814071","1509445819","0.142857"
"1509445819","2564531126","0.142857"
"2564531126","1509445819","0.142857"
"1479949419","1590051331","1.87862"
"1590051331","1479949419","1.87862"
"1479949419","1980467166","0.844532"
"1980467166","1479949419","0.844532"
"1479949419","2064384103","0.753623"
"2064384103","1479949419","0.753623"
"1590051331","1980467166","3.17029"
"1980467166","1590051331","3.17029"
"1590051331","2064384103","1.25362"
"2064384103","1590051331","1.25362"
"1980467166","2064384103","2.89453"
"2064384103","1980467166","2.89453"
"1479949419","1965349589","0.813147"
"1965349589","1479949419","0.813147"
"1479949419","2168117830","0.813147"
"2168117830","1479949419","0.813147"
"1965349589","2168117830","4.69765"
"2168117830","1965349589","4.69765"
"1479949419","1967393321","0.125"
"1967393321","1479949419","0.125"
"1479949419","1969507909","1.29529"
"1969507909","1479949419","1.29529"
"1479949419","2001002317","0.125"
"2001002317","1479949419","0.125"
"1479949419","2031133150","0.125"
"2031133150","1479949419","0.125"
"1479949419","2122928210","0.125"
"2122928210","1479949419","0.125"
"1479949419","2575210380","0.125"
"2575210380","1479949419","0.125"
"1479949419","33767710","0.125"
"33767710","1479949419","0.125"
"1590051331","1967393321","0.125"
"1967393321","1590051331","0.125"
"1590051331","1969507909","1.37862"
"1969507909","1590051331","1.37862"
"1590051331","2001002317","0.125"
"2001002317","1590051331","0.125"
"1590051331","2031133150","0.125"
"2031133150","1590051331","0.125"
"1590051331","2122928210","0.125"
"2122928210","1590051331","0.125"
"1590051331","2575210380","0.125"
"2575210380","1590051331","0.125"
"1590051331","33767710","0.125"
"33767710","1590051331","0.125"
"1967393321","1969507909","0.125"
"1969507909","1967393321","0.125"
"1967393321","2001002317","4.35787"
"2001002317","1967393321","4.35787"
"1967393321","2031133150","2.1912"
"2031133150","1967393321","2.1912"
"1967393321","2122928210","0.125"
"2122928210","1967393321","0.125"
"1967393321","2575210380","0.655943"
"2575210380","1967393321","0.655943"
"1967393321","33767710","0.125"
"33767710","1967393321","0.125"
"1969507909","2001002317","0.125"
"2001002317","1969507909","0.125"
"1969507909","2031133150","0.125"
"2031133150","1969507909","0.125"
"1969507909","2122928210","0.125"
"2122928210","1969507909","0.125"
"1969507909","2575210380","0.125"
"2575210380","1969507909","0.125"
"1969507909","33767710","0.125"
"33767710","1969507909","0.125"
"2001002317","2031133150","5.52037"
"2031133150","2001002317","5.52037"
"2001002317","2122928210","0.125"
"2122928210","2001002317","0.125"
"2001002317","2575210380","0.968443"
"2575210380","2001002317","0.968443"
"2001002317","33767710","0.125"
"33767710","2001002317","0.125"
"2031133150","2122928210","0.125"
"2122928210","2031133150","0.125"
"2031133150","2575210380","0.801777"
"2575210380","2031133150","0.801777"
"2031133150","33767710","0.125"
"33767710","2031133150","0.125"
"2122928210","2575210380","0.125"
"2575210380","2122928210","0.125"
"2122928210","33767710","0.125"
"33767710","2122928210","0.125"
"2575210380","33767710","0.125"
"33767710","2575210380","0.125"
"1479949419","1514553993","0.0434783"
"1514553993","1479949419","0.0434783"
"1479949419","1528765987","0.0434783"
"1528765987","1479949419","0.0434783"
"1479949419","1540207466","0.320723"
"1540207466","1479949419","0.320723"
"1479949419","1576405860","0.404056"
"1576405860","1479949419","0.404056"
"1479949419","1816087582","0.0434783"
"1816087582","1479949419","0.0434783"
"1479949419","1908496814","0.42029"
"1908496814","1479949419","0.42029"
"1479949419","194112465","0.261199"
"194112465","1479949419","0.261199"
"1479949419","1981031417","0.177866"
"1981031417","1479949419","0.177866"
"1479949419","2014567105","0.126812"
"2014567105","1479949419","0.126812"
"1479949419","2030285894","0.0434783"
"2030285894","1479949419","0.0434783"
"1479949419","2042101069","0.360578"
"2042101069","1479949419","0.360578"
"1479949419","2073965241","0.0869565"
"2073965241","1479949419","0.0869565"
"1479949419","2123520467","0.404056"
"2123520467","1479949419","0.404056"
"1479949419","2126671130","0.320723"
"2126671130","1479949419","0.320723"
"1479949419","2137871487","0.0869565"
"2137871487","1479949419","0.0869565"
"1479949419","2139197725","0.0434783"
"2139197725","1479949419","0.0434783"
"1479949419","2161291147","0.0869565"
"2161291147","1479949419","0.0869565"
"1514553993","1528765987","0.360145"
"1528765987","1514553993","0.360145"
"1514553993","1540207466","0.0434783"
"1540207466","1514553993","0.0434783"
"1514553993","1576405860","0.176812"
"1576405860","1514553993","0.176812"
"1514553993","1590051331","0.376812"
"1590051331","1514553993","0.376812"
"1514553993","1816087582","0.669644"
"1816087582","1514553993","0.669644"
"1514553993","1908496814","0.719644"
"1908496814","1514553993","0.719644"
"1514553993","194112465","0.310145"
"194112465","1514553993","0.310145"
"1514553993","1965349589","0.387068"
"1965349589","1514553993","0.387068"
"1514553993","1969507909","0.0434783"
"1969507909","1514553993","0.0434783"
"1514553993","1980467166","0.510145"
"1980467166","1514553993","0.510145"
"1514553993","1981031417","0.187068"
"1981031417","1514553993","0.187068"
"1514553993","2014567105","0.0434783"
"2014567105","1514553993","0.0434783"
"1514553993","2030285894","0.201054"
"2030285894","1514553993","0.201054"
"1514553993","2042101069","3.53631"
"2042101069","1514553993","3.53631"
"1514553993","2064384103","1.25298"
"2064384103","1514553993","1.25298"
"1514553993","2073965241","0.187068"
"2073965241","1514553993","0.187068"
"1514553993","2123520467","0.310145"
"2123520467","1514553993","0.310145"
"1514553993","2126671130","0.243478"
"2126671130","1514553993","0.243478"
"1514553993","2137871487","0.120401"
"2137871487","1514553993","0.120401"
"1514553993","2139197725","0.776054"
"2139197725","1514553993","0.776054"
"1514553993","2161291147","0.110145"
"2161291147","1514553993","0.110145"
"1514553993","2168117830","0.187068"
"2168117830","1514553993","0.187068"
"1528765987","1540207466","0.0434783"
"1540207466","1528765987","0.0434783"
"1528765987","1576405860","0.110145"
"1576405860","1528765987","0.110145"
"1528765987","1590051331","0.0434783"
"1590051331","1528765987","0.0434783"
"1528765987","1816087582","0.110145"
"1816087582","1528765987","0.110145"
"1528765987","1908496814","0.110145"
"1908496814","1528765987","0.110145"
"1528765987","194112465","0.235145"
"194112465","1528765987","0.235145"
"1528765987","1965349589","0.0434783"
"1965349589","1528765987","0.0434783"
"1528765987","1969507909","0.0434783"
"1969507909","1528765987","0.0434783"
"1528765987","1980467166","0.110145"
"1980467166","1528765987","0.110145"
"1528765987","1981031417","0.0434783"
"1981031417","1528765987","0.0434783"
"1528765987","2014567105","0.0434783"
"2014567105","1528765987","0.0434783"
"1528765987","2030285894","0.110145"
"2030285894","1528765987","0.110145"
"1528765987","2042101069","0.360145"
"2042101069","1528765987","0.360145"
"1528765987","2064384103","0.110145"
"2064384103","1528765987","0.110145"
"1528765987","2073965241","0.0434783"
"2073965241","1528765987","0.0434783"
"1528765987","2123520467","0.235145"
"2123520467","1528765987","0.235145"
"1528765987","2126671130","0.168478"
"2126671130","1528765987","0.168478"
"1528765987","2137871487","7.50181"
"2137871487","1528765987","7.50181"
"1528765987","2139197725","0.110145"
"2139197725","1528765987","0.110145"
"1528765987","2161291147","0.0434783"
"2161291147","1528765987","0.0434783"
"1528765987","2168117830","0.0434783"
"2168117830","1528765987","0.0434783"
"1540207466","1576405860","0.654056"
"1576405860","1540207466","0.654056"
"1540207466","1590051331","1.08696"
"1590051331","1540207466","1.08696"
"1540207466","1816087582","0.0434783"
"1816087582","1540207466","0.0434783"
"1540207466","1908496814","0.0869565"
"1908496814","1540207466","0.0869565"
"1540207466","194112465","0.761199"
"194112465","1540207466","0.761199"
"1540207466","1965349589","0.313147"
"1965349589","1540207466","0.313147"
"1540207466","1969507909","0.0869565"
"1969507909","1540207466","0.0869565"
"1540207466","1980467166","0.511199"
"1980467166","1540207466","0.511199"
"1540207466","1981031417","0.261199"
"1981031417","1540207466","0.261199"
"1540207466","2014567105","0.0434783"
"2014567105","1540207466","0.0434783"
"1540207466","2030285894","0.0434783"
"2030285894","1540207466","0.0434783"
"1540207466","2042101069","0.277245"
"2042101069","1540207466","0.277245"
"1540207466","2064384103","0.336957"
"2064384103","1540207466","0.336957"
"1540207466","2073965241","0.17029"
"2073965241","1540207466","0.17029"
"1540207466","2123520467","0.654056"
"2123520467","1540207466","0.654056"
"1540207466","2126671130","0.904056"
"2126671130","1540207466","0.904056"
"1540207466","2137871487","0.0869565"
"2137871487","1540207466","0.0869565"
"1540207466","2139197725","0.0434783"
"2139197725","1540207466","0.0434783"
"1540207466","2161291147","0.17029"
"2161291147","1540207466","0.17029"
"1540207466","2168117830","0.313147"
"2168117830","1540207466","0.313147"
"1576405860","1590051331","0.17029"
"1590051331","1576405860","0.17029"
"1576405860","1816087582","0.593478"
"1816087582","1576405860","0.593478"
"1576405860","1908496814","0.67029"
"1908496814","1576405860","0.67029"
"1576405860","194112465","1.1112"
"194112465","1576405860","1.1112"
"1576405860","1965349589","1.04648"
"1965349589","1576405860","1.04648"
"1576405860","1969507909","0.17029"
"1969507909","1576405860","0.17029"
"1576405860","1980467166","1.47787"
"1980467166","1576405860","1.47787"
"1576405860","1981031417","1.44453"
"1981031417","1576405860","1.44453"
"1576405860","2014567105","0.293478"
"2014567105","1576405860","0.293478"
"1576405860","2030285894","0.443478"
"2030285894","1576405860","0.443478"
"1576405860","2042101069","1.02724"
"2042101069","1576405860","1.02724"
"1576405860","2064384103","0.303623"
"2064384103","1576405860","0.303623"
"1576405860","2073965241","0.236957"
"2073965241","1576405860","0.236957"
"1576405860","2123520467","1.25406"
"2123520467","1576405860","1.25406"
"1576405860","2126671130","1.57072"
"2126671130","1576405860","1.57072"
"1576405860","2137871487","0.0869565"
"2137871487","1576405860","0.0869565"
"1576405860","2139197725","0.110145"
"2139197725","1576405860","0.110145"
"1576405860","2161291147","0.486957"
"2161291147","1576405860","0.486957"
"1576405860","2168117830","0.713147"
"2168117830","1576405860","0.713147"
"1590051331","1816087582","0.0434783"
"1816087582","1590051331","0.0434783"
"1590051331","1908496814","0.836957"
"1908496814","1590051331","0.836957"
"1590051331","194112465","0.17029"
"194112465","1590051331","0.17029"
"1590051331","1965349589","0.17029"
"1965349589","1590051331","0.17029"
"1590051331","1981031417","0.0869565"
"1981031417","1590051331","0.0869565"
"1590051331","2014567105","0.126812"
"2014567105","1590051331","0.126812"
"1590051331","2030285894","0.0434783"
"2030285894","1590051331","0.0434783"
"1590051331","2042101069","0.293478"
"2042101069","1590051331","0.293478"
"1590051331","2073965241","0.0869565"
"2073965241","1590051331","0.0869565"
"1590051331","2123520467","0.17029"
"2123520467","1590051331","0.17029"
"1590051331","2126671130","0.0869565"
"2126671130","1590051331","0.0869565"
"1590051331","2137871487","0.336957"
"2137871487","1590051331","0.336957"
"1590051331","2139197725","0.0434783"
"2139197725","1590051331","0.0434783"
"1590051331","2161291147","0.0869565"
"2161291147","1590051331","0.0869565"
"1590051331","2168117830","0.17029"
"2168117830","1590051331","0.17029"
"1816087582","1908496814","1.44742"
"1908496814","1816087582","1.44742"
"1816087582","194112465","0.110145"
"194112465","1816087582","0.110145"
"1816087582","1965349589","0.437068"
"1965349589","1816087582","0.437068"
"1816087582","1969507909","0.0434783"
"1969507909","1816087582","0.0434783"
"1816087582","1980467166","0.176812"
"1980467166","1816087582","0.176812"
"1816087582","1981031417","0.353735"
"1981031417","1816087582","0.353735"
"1816087582","2014567105","0.210145"
"2014567105","1816087582","0.210145"
"1816087582","2030285894","0.312165"
"2030285894","1816087582","0.312165"
"1816087582","2042101069","0.669644"
"2042101069","1816087582","0.669644"
"1816087582","2064384103","1.48075"
"2064384103","1816087582","1.48075"
"1816087582","2073965241","0.187068"
"2073965241","1816087582","0.187068"
"1816087582","2123520467","0.110145"
"2123520467","1816087582","0.110145"
"1816087582","2126671130","0.210145"
"2126671130","1816087582","0.210145"
"1816087582","2137871487","0.120401"
"2137871487","1816087582","0.120401"
"1816087582","2139197725","0.637165"
"2139197725","1816087582","0.637165"
"1816087582","2161291147","0.360145"
"2161291147","1816087582","0.360145"
"1816087582","2168117830","0.687068"
"2168117830","1816087582","0.687068"
"1908496814","194112465","0.527866"
"194112465","1908496814","0.527866"
"1908496814","1965349589","0.404789"
"1965349589","1908496814","0.404789"
"1908496814","1969507909","0.586957"
"1969507909","1908496814","0.586957"
"1908496814","1980467166","1.39453"
"1980467166","1908496814","1.39453"
"1908496814","1981031417","0.688122"
"1981031417","1908496814","0.688122"
"1908496814","2014567105","0.293478"
"2014567105","1908496814","0.293478"
"1908496814","2030285894","0.312165"
"2030285894","1908496814","0.312165"
"1908496814","2042101069","1.16964"
"2042101069","1908496814","1.16964"
"1908496814","2064384103","2.49848"
"2064384103","1908496814","2.49848"
"1908496814","2073965241","0.230546"
"2073965241","1908496814","0.230546"
"1908496814","2123520467","0.527866"
"2123520467","1908496814","0.527866"
"1908496814","2126671130","0.344532"
"2126671130","1908496814","0.344532"
"1908496814","2137871487","0.504789"
"2137871487","1908496814","0.504789"
"1908496814","2139197725","1.0205"
"2139197725","1908496814","1.0205"
"1908496814","2161291147","0.244532"
"2161291147","1908496814","0.244532"
"1908496814","2168117830","0.404789"
"2168117830","1908496814","0.404789"
"194112465","1965349589","0.544532"
"1965349589","194112465","0.544532"
"194112465","1969507909","0.17029"
"1969507909","194112465","0.17029"
"194112465","1980467166","0.752108"
"1980467166","194112465","0.752108"
"194112465","1981031417","0.552108"
"1981031417","194112465","0.552108"
"194112465","2014567105","0.126812"
"2014567105","194112465","0.126812"
"194112465","2030285894","0.110145"
"2030285894","194112465","0.110145"
"194112465","2042101069","1.18439"
"2042101069","194112465","1.18439"
"194112465","2064384103","1.07787"
"2064384103","194112465","1.07787"
"194112465","2073965241","0.17029"
"2073965241","194112465","0.17029"
"194112465","2123520467","5.19377"
"2123520467","194112465","5.19377"
"194112465","2126671130","4.09377"
"2126671130","194112465","4.09377"
"194112465","2137871487","0.302866"
"2137871487","194112465","0.302866"
"194112465","2139197725","0.110145"
"2139197725","194112465","0.110145"
"194112465","2161291147","0.261199"
"2161291147","194112465","0.261199"
"194112465","2168117830","0.344532"
"2168117830","194112465","0.344532"
"1965349589","1969507909","0.17029"
"1969507909","1965349589","0.17029"
"1965349589","1980467166","1.05564"
"1980467166","1965349589","1.05564"
"1965349589","1981031417","1.57146"
"1981031417","1965349589","1.57146"
"1965349589","2014567105","0.126812"
"2014567105","1965349589","0.126812"
"1965349589","2030285894","0.487923"
"2030285894","1965349589","0.487923"
"1965349589","2042101069","3.02993"
"2042101069","1965349589","3.02993"
"1965349589","2064384103","0.404789"
"2064384103","1965349589","0.404789"
"1965349589","2073965241","1.09721"
"2073965241","1965349589","1.09721"
"1965349589","2123520467","1.63183"
"2123520467","1965349589","1.63183"
"1965349589","2126671130","0.937389"
"2126671130","1965349589","0.937389"
"1965349589","2137871487","0.3659"
"2137871487","1965349589","0.3659"
"1965349589","2139197725","0.0434783"
"2139197725","1965349589","0.0434783"
"1965349589","2161291147","1.5612"
"2161291147","1965349589","1.5612"
"1969507909","1980467166","1.25362"
"1980467166","1969507909","1.25362"
"1969507909","1981031417","0.0869565"
"1981031417","1969507909","0.0869565"
"1969507909","2014567105","0.126812"
"2014567105","1969507909","0.126812"
"1969507909","2030285894","0.0434783"
"2030285894","1969507909","0.0434783"
"1969507909","2042101069","0.293478"
"2042101069","1969507909","0.293478"
"1969507909","2064384103","0.67029"
"2064384103","1969507909","0.67029"
"1969507909","2073965241","0.0869565"
"2073965241","1969507909","0.0869565"
"1969507909","2123520467","0.17029"
"2123520467","1969507909","0.17029"
"1969507909","2126671130","0.0869565"
"2126671130","1969507909","0.0869565"
"1969507909","2137871487","0.336957"
"2137871487","1969507909","0.336957"
"1969507909","2139197725","0.0434783"
"2139197725","1969507909","0.0434783"
"1969507909","2161291147","0.0869565"
"2161291147","1969507909","0.0869565"
"1969507909","2168117830","0.17029"
"2168117830","1969507909","0.17029"
"1980467166","1981031417","0.752108"
"1981031417","1980467166","0.752108"
"1980467166","2014567105","0.126812"
"2014567105","1980467166","0.126812"
"1980467166","2030285894","0.221256"
"2030285894","1980467166","0.221256"
"1980467166","2042101069","0.517721"
"2042101069","1980467166","0.517721"
"1980467166","2073965241","0.436957"
"2073965241","1980467166","0.436957"
"1980467166","2123520467","0.613219"
"2123520467","1980467166","0.613219"
"1980467166","2126671130","0.602108"
"2126671130","1980467166","0.602108"
"1980467166","2137871487","0.538977"
"2137871487","1980467166","0.538977"
"1980467166","2139197725","0.443478"
"2139197725","1980467166","0.443478"
"1980467166","2161291147","0.527866"
"2161291147","1980467166","0.527866"
"1980467166","2168117830","0.944532"
"2168117830","1980467166","0.944532"
"1981031417","2014567105","0.210145"
"2014567105","1981031417","0.210145"
"1981031417","2030285894","0.0434783"
"2030285894","1981031417","0.0434783"
"1981031417","2042101069","0.977977"
"2042101069","1981031417","0.977977"
"1981031417","2064384103","0.321455"
"2064384103","1981031417","0.321455"
"1981031417","2073965241","0.31388"
"2073965241","1981031417","0.31388"
"1981031417","2123520467","0.552108"
"2123520467","1981031417","0.552108"
"1981031417","2126671130","1.01877"
"2126671130","1981031417","1.01877"
"1981031417","2137871487","0.254789"
"2137871487","1981031417","0.254789"
"1981031417","2139197725","0.0434783"
"2139197725","1981031417","0.0434783"
"1981031417","2161291147","0.327866"
"2161291147","1981031417","0.327866"
"1981031417","2168117830","0.738122"
"2168117830","1981031417","0.738122"
"2014567105","2030285894","0.0434783"
"2030285894","2014567105","0.0434783"
"2014567105","2042101069","0.126812"
"2042101069","2014567105","0.126812"
"2014567105","2064384103","0.126812"
"2064384103","2014567105","0.126812"
"2014567105","2073965241","0.0434783"
"2073965241","2014567105","0.0434783"
"2014567105","2123520467","0.126812"
"2123520467","2014567105","0.126812"
"2014567105","2126671130","0.210145"
"2126671130","2014567105","0.210145"
"2014567105","2137871487","0.0434783"
"2137871487","2014567105","0.0434783"
"2014567105","2139197725","0.0434783"
"2139197725","2014567105","0.0434783"
"2014567105","2161291147","0.0434783"
"2161291147","2014567105","0.0434783"
"2014567105","2168117830","0.126812"
"2168117830","2014567105","0.126812"
"2030285894","2042101069","1.23439"
"2042101069","2030285894","1.23439"
"2030285894","2064384103","0.312165"
"2064384103","2030285894","0.312165"
"2030285894","2073965241","0.0434783"
"2073965241","2030285894","0.0434783"
"2030285894","2123520467","0.221256"
"2123520467","2030285894","0.221256"
"2030285894","2126671130","0.0434783"
"2126671130","2030285894","0.0434783"
"2030285894","2137871487","0.154589"
"2137871487","2030285894","0.154589"
"2030285894","2139197725","0.312165"
"2139197725","2030285894","0.312165"
"2030285894","2161291147","0.0434783"
"2161291147","2030285894","0.0434783"
"2030285894","2168117830","0.0434783"
"2168117830","2030285894","0.0434783"
"2042101069","2064384103","1.16964"
"2064384103","2042101069","1.16964"
"2042101069","2073965241","0.187068"
"2073965241","2042101069","0.187068"
"2042101069","2123520467","1.91058"
"2123520467","2042101069","1.91058"
"2042101069","2126671130","0.810578"
"2126671130","2042101069","0.810578"
"2042101069","2137871487","1.1204"
"2137871487","2042101069","1.1204"
"2042101069","2139197725","0.776054"
"2139197725","2042101069","0.776054"
"2042101069","2161291147","0.110145"
"2161291147","2042101069","0.110145"
"2042101069","2168117830","0.663258"
"2168117830","2042101069","0.663258"
"2064384103","2073965241","0.230546"
"2073965241","2064384103","0.230546"
"2064384103","2123520467","0.827866"
"2123520467","2064384103","0.827866"
"2064384103","2126671130","0.427866"
"2126671130","2064384103","0.427866"
"2064384103","2137871487","0.254789"
"2137871487","2064384103","0.254789"
"2064384103","2139197725","1.2205"
"2139197725","2064384103","1.2205"
"2064384103","2161291147","0.244532"
"2161291147","2064384103","0.244532"
"2064384103","2168117830","0.404789"
"2168117830","2064384103","0.404789"
"2073965241","2123520467","0.42029"
"2123520467","2073965241","0.42029"
"2073965241","2126671130","0.17029"
"2126671130","2073965241","0.17029"
"2073965241","2137871487","0.16388"
"2137871487","2073965241","0.16388"
"2073965241","2139197725","0.0434783"
"2139197725","2073965241","0.0434783"
"2073965241","2161291147","1.02029"
"2161291147","2073965241","1.02029"
"2073965241","2168117830","1.09721"
"2168117830","2073965241","1.09721"
"2123520467","2126671130","4.31997"
"2126671130","2123520467","4.31997"
"2123520467","2137871487","0.413977"
"2137871487","2123520467","0.413977"
"2123520467","2139197725","0.110145"
"2139197725","2123520467","0.110145"
"2123520467","2161291147","0.511199"
"2161291147","2123520467","0.511199"
"2123520467","2168117830","0.987389"
"2168117830","2123520467","0.987389"
"2126671130","2137871487","0.302866"
"2137871487","2126671130","0.302866"
"2126671130","2139197725","0.0434783"
"2139197725","2126671130","0.0434783"
"2126671130","2161291147","0.261199"
"2161291147","2126671130","0.261199"
"2126671130","2168117830","0.404056"
"2168117830","2126671130","0.404056"
"2137871487","2139197725","0.0434783"
"2139197725","2137871487","0.0434783"
"2137871487","2161291147","0.177866"
"2161291147","2137871487","0.177866"
"2137871487","2168117830","0.254789"
"2168117830","2137871487","0.254789"
"2139197725","2161291147","0.0434783"
"2161291147","2139197725","0.0434783"
"2139197725","2168117830","0.0434783"
"2168117830","2139197725","0.0434783"
"2161291147","2168117830","1.5612"
"2168117830","2161291147","1.5612"
"1479949419","1859772613","0.0909091"
"1859772613","1479949419","0.0909091"
"1479949419","2136636236","0.0909091"
"2136636236","1479949419","0.0909091"
"1479949419","2138755792","0.0909091"
"2138755792","1479949419","0.0909091"
"1540207466","1859772613","0.0909091"
"1859772613","1540207466","0.0909091"
"1540207466","2136636236","0.0909091"
"2136636236","1540207466","0.0909091"
"1540207466","2138755792","0.0909091"
"2138755792","1540207466","0.0909091"
"1576405860","1859772613","0.0909091"
"1859772613","1576405860","0.0909091"
"1576405860","2136636236","0.0909091"
"2136636236","1576405860","0.0909091"
"1576405860","2138755792","0.0909091"
"2138755792","1576405860","0.0909091"
"1859772613","194112465","0.0909091"
"194112465","1859772613","0.0909091"
"1859772613","1980467166","0.0909091"
"1980467166","1859772613","0.0909091"
"1859772613","1981031417","0.0909091"
"1981031417","1859772613","0.0909091"
"1859772613","2042101069","0.0909091"
"2042101069","1859772613","0.0909091"
"1859772613","2123520467","0.0909091"
"2123520467","1859772613","0.0909091"
"1859772613","2126671130","0.0909091"
"2126671130","1859772613","0.0909091"
"1859772613","2136636236","0.0909091"
"2136636236","1859772613","0.0909091"
"1859772613","2138755792","24.0909"
"2138755792","1859772613","24.0909"
"194112465","2136636236","0.0909091"
"2136636236","194112465","0.0909091"
"194112465","2138755792","0.0909091"
"2138755792","194112465","0.0909091"
"1980467166","2136636236","0.0909091"
"2136636236","1980467166","0.0909091"
"1980467166","2138755792","0.0909091"
"2138755792","1980467166","0.0909091"
"1981031417","2136636236","0.0909091"
"2136636236","1981031417","0.0909091"
"1981031417","2138755792","0.0909091"
"2138755792","1981031417","0.0909091"
"2042101069","2136636236","0.0909091"
"2136636236","2042101069","0.0909091"
"2042101069","2138755792","0.0909091"
"2138755792","2042101069","0.0909091"
"2123520467","2136636236","0.0909091"
"2136636236","2123520467","0.0909091"
"2123520467","2138755792","0.0909091"
"2138755792","2123520467","0.0909091"
"2126671130","2136636236","0.0909091"
"2136636236","2126671130","0.0909091"
"2126671130","2138755792","0.0909091"
"2138755792","2126671130","0.0909091"
"2136636236","2138755792","0.0909091"
"2138755792","2136636236","0.0909091"
"1479949419","1511163861","0.0434783"
"1511163861","1479949419","0.0434783"
"1479949419","1541749646","0.0434783"
"1541749646","1479949419","0.0434783"
"1479949419","2109097687","0.0434783"
"2109097687","1479949419","0.0434783"
"1479949419","2122194364","0.0434783"
"2122194364","1479949419","0.0434783"
"1479949419","2129481640","0.0434783"
"2129481640","1479949419","0.0434783"
"1479949419","2135960402","0.0434783"
"2135960402","1479949419","0.0434783"
"1479949419","2156157921","0.0434783"
"2156157921","1479949419","0.0434783"
"1511163861","1540207466","0.0434783"
"1540207466","1511163861","0.0434783"
"1511163861","1541749646","0.134387"
"1541749646","1511163861","0.134387"
"1511163861","1576405860","0.0434783"
"1576405860","1511163861","0.0434783"
"1511163861","1590051331","0.0434783"
"1590051331","1511163861","0.0434783"
"1511163861","1908496814","0.134387"
"1908496814","1511163861","0.134387"
"1511163861","194112465","0.0434783"
"194112465","1511163861","0.0434783"
"1511163861","1965349589","0.0434783"
"1965349589","1511163861","0.0434783"
"1511163861","1969507909","0.0434783"
"1969507909","1511163861","0.0434783"
"1511163861","1980467166","0.0434783"
"1980467166","1511163861","0.0434783"
"1511163861","1981031417","0.0434783"
"1981031417","1511163861","0.0434783"
"1511163861","2064384103","0.134387"
"2064384103","1511163861","0.134387"
"1511163861","2073965241","0.0434783"
"2073965241","1511163861","0.0434783"
"1511163861","2109097687","0.686335"
"2109097687","1511163861","0.686335"
"1511163861","2122194364","0.725296"
"2122194364","1511163861","0.725296"
"1511163861","2123520467","0.0434783"
"2123520467","1511163861","0.0434783"
"1511163861","2126671130","0.0434783"
"2126671130","1511163861","0.0434783"
"1511163861","2129481640","0.277245"
"2129481640","1511163861","0.277245"
"1511163861","2135960402","0.0434783"
"2135960402","1511163861","0.0434783"
"1511163861","2137871487","0.543478"
"2137871487","1511163861","0.543478"
"1511163861","2156157921","0.0434783"
"2156157921","1511163861","0.0434783"
"1511163861","2161291147","0.0434783"
"2161291147","1511163861","0.0434783"
"1511163861","2168117830","0.0434783"
"2168117830","1511163861","0.0434783"
"1540207466","1541749646","0.0434783"
"1541749646","1540207466","0.0434783"
"1540207466","2109097687","0.0434783"
"2109097687","1540207466","0.0434783"
"1540207466","2122194364","0.0434783"
"2122194364","1540207466","0.0434783"
"1540207466","2129481640","0.0434783"
"2129481640","1540207466","0.0434783"
"1540207466","2135960402","0.0434783"
"2135960402","1540207466","0.0434783"
"1540207466","2156157921","0.0434783"
"2156157921","1540207466","0.0434783"
"1541749646","1576405860","0.110145"
"1576405860","1541749646","0.110145"
"1541749646","1590051331","0.0434783"
"1590051331","1541749646","0.0434783"
"1541749646","1908496814","0.187068"
"1908496814","1541749646","0.187068"
"1541749646","194112465","0.168478"
"194112465","1541749646","0.168478"
"1541749646","1965349589","0.298179"
"1965349589","1541749646","0.298179"
"1541749646","1969507909","0.0434783"
"1969507909","1541749646","0.0434783"
"1541749646","1980467166","0.221256"
"1980467166","1541749646","0.221256"
"1541749646","1981031417","0.187068"
"1981031417","1541749646","0.187068"
"1541749646","2064384103","0.187068"
"2064384103","1541749646","0.187068"
"1541749646","2073965241","0.187068"
"2073965241","1541749646","0.187068"
"1541749646","2109097687","0.839846"
"2109097687","1541749646","0.839846"
"1541749646","2122194364","7.47242"
"2122194364","1541749646","7.47242"
"1541749646","2123520467","0.279589"
"2123520467","1541749646","0.279589"
"1541749646","2126671130","0.168478"
"2126671130","1541749646","0.168478"
"1541749646","2129481640","0.0434783"
"2129481640","1541749646","0.0434783"
"1541749646","2135960402","0.210145"
"2135960402","1541749646","0.210145"
"1541749646","2137871487","0.356512"
"2137871487","1541749646","0.356512"
"1541749646","2156157921","0.0434783"
"2156157921","1541749646","0.0434783"
"1541749646","2161291147","0.110145"
"2161291147","1541749646","0.110145"
"1541749646","2168117830","0.437068"
"2168117830","1541749646","0.437068"
"1576405860","2109097687","0.110145"
"2109097687","1576405860","0.110145"
"1576405860","2122194364","0.110145"
"2122194364","1576405860","0.110145"
"1576405860","2129481640","1.36014"
"2129481640","1576405860","1.36014"
"1576405860","2135960402","0.0434783"
"2135960402","1576405860","0.0434783"
"1576405860","2156157921","0.0434783"
"2156157921","1576405860","0.0434783"
"1590051331","2109097687","0.0434783"
"2109097687","1590051331","0.0434783"
"1590051331","2122194364","0.0434783"
"2122194364","1590051331","0.0434783"
"1590051331","2129481640","0.543478"
"2129481640","1590051331","0.543478"
"1590051331","2135960402","0.0434783"
"2135960402","1590051331","0.0434783"
"1590051331","2156157921","0.0434783"
"2156157921","1590051331","0.0434783"
"1908496814","2109097687","0.187068"
"2109097687","1908496814","0.187068"
"1908496814","2122194364","0.187068"
"2122194364","1908496814","0.187068"
"1908496814","2129481640","0.803832"
"2129481640","1908496814","0.803832"
"1908496814","2135960402","0.0434783"
"2135960402","1908496814","0.0434783"
"1908496814","2156157921","0.0434783"
"2156157921","1908496814","0.0434783"
"194112465","2109097687","0.168478"
"2109097687","194112465","0.168478"
"194112465","2122194364","0.168478"
"2122194364","194112465","0.168478"
"194112465","2129481640","0.360145"
"2129481640","194112465","0.360145"
"194112465","2135960402","0.0434783"
"2135960402","194112465","0.0434783"
"194112465","2156157921","0.0434783"
"2156157921","194112465","0.0434783"
"1965349589","2109097687","0.298179"
"2109097687","1965349589","0.298179"
"1965349589","2122194364","0.631512"
"2122194364","1965349589","0.631512"
"1965349589","2129481640","0.0434783"
"2129481640","1965349589","0.0434783"
"1965349589","2135960402","0.0434783"
"2135960402","1965349589","0.0434783"
"1965349589","2156157921","0.0434783"
"2156157921","1965349589","0.0434783"
"1969507909","2109097687","0.0434783"
"2109097687","1969507909","0.0434783"
"1969507909","2122194364","0.0434783"
"2122194364","1969507909","0.0434783"
"1969507909","2129481640","0.210145"
"2129481640","1969507909","0.210145"
"1969507909","2135960402","0.0434783"
"2135960402","1969507909","0.0434783"
"1969507909","2156157921","0.0434783"
"2156157921","1969507909","0.0434783"
"1980467166","2109097687","0.221256"
"2109097687","1980467166","0.221256"
"1980467166","2122194364","1.22126"
"2122194364","1980467166","1.22126"
"1980467166","2129481640","0.943478"
"2129481640","1980467166","0.943478"
"1980467166","2135960402","0.0434783"
"2135960402","1980467166","0.0434783"
"1980467166","2156157921","0.0434783"
"2156157921","1980467166","0.0434783"
"1981031417","2109097687","0.187068"
"2109097687","1981031417","0.187068"
"1981031417","2122194364","0.520401"
"2122194364","1981031417","0.520401"
"1981031417","2129481640","0.0434783"
"2129481640","1981031417","0.0434783"
"1981031417","2135960402","0.0434783"
"2135960402","1981031417","0.0434783"
"1981031417","2156157921","0.0434783"
"2156157921","1981031417","0.0434783"
"2064384103","2109097687","0.187068"
"2109097687","2064384103","0.187068"
"2064384103","2122194364","0.187068"
"2122194364","2064384103","0.187068"
"2064384103","2129481640","1.4705"
"2129481640","2064384103","1.4705"
"2064384103","2135960402","0.0434783"
"2135960402","2064384103","0.0434783"
"2064384103","2156157921","0.0434783"
"2156157921","2064384103","0.0434783"
"2073965241","2109097687","0.187068"
"2109097687","2073965241","0.187068"
"2073965241","2122194364","0.187068"
"2122194364","2073965241","0.187068"
"2073965241","2129481640","0.0434783"
"2129481640","2073965241","0.0434783"
"2073965241","2135960402","0.0434783"
"2135960402","2073965241","0.0434783"
"2073965241","2156157921","0.0434783"
"2156157921","2073965241","0.0434783"
"2109097687","2122194364","5.10651"
"2122194364","2109097687","5.10651"
"2109097687","2123520467","0.279589"
"2123520467","2109097687","0.279589"
"2109097687","2126671130","0.168478"
"2126671130","2109097687","0.168478"
"2109097687","2129481640","0.519669"
"2129481640","2109097687","0.519669"
"2109097687","2135960402","3.11967"
"2135960402","2109097687","3.11967"
"2109097687","2137871487","0.356512"
"2137871487","2109097687","0.356512"
"2109097687","2156157921","0.0434783"
"2156157921","2109097687","0.0434783"
"2109097687","2161291147","0.110145"
"2161291147","2109097687","0.110145"
"2109097687","2168117830","0.187068"
"2168117830","2109097687","0.187068"
"2122194364","2123520467","0.279589"
"2123520467","2122194364","0.279589"
"2122194364","2126671130","0.168478"
"2126671130","2122194364","0.168478"
"2122194364","2129481640","0.0434783"
"2129481640","2122194364","0.0434783"
"2122194364","2135960402","2.97681"
"2135960402","2122194364","2.97681"
"2122194364","2137871487","0.356512"
"2137871487","2122194364","0.356512"
"2122194364","2156157921","0.0434783"
"2156157921","2122194364","0.0434783"
"2122194364","2161291147","0.110145"
"2161291147","2122194364","0.110145"
"2122194364","2168117830","0.437068"
"2168117830","2122194364","0.437068"
"2123520467","2129481640","0.360145"
"2129481640","2123520467","0.360145"
"2123520467","2135960402","0.0434783"
"2135960402","2123520467","0.0434783"
"2123520467","2156157921","0.0434783"
"2156157921","2123520467","0.0434783"
"2126671130","2129481640","0.293478"
"2129481640","2126671130","0.293478"
"2126671130","2135960402","0.0434783"
"2135960402","2126671130","0.0434783"
"2126671130","2156157921","0.0434783"
"2156157921","2126671130","0.0434783"
"2129481640","2135960402","0.0434783"
"2135960402","2129481640","0.0434783"
"2129481640","2137871487","1.37681"
"2137871487","2129481640","1.37681"
"2129481640","2156157921","0.0434783"
"2156157921","2129481640","0.0434783"
"2129481640","2161291147","0.0434783"
"2161291147","2129481640","0.0434783"
"2129481640","2168117830","0.0434783"
"2168117830","2129481640","0.0434783"
"2135960402","2137871487","0.0434783"
"2137871487","2135960402","0.0434783"
"2135960402","2156157921","0.0434783"
"2156157921","2135960402","0.0434783"
"2135960402","2161291147","0.0434783"
"2161291147","2135960402","0.0434783"
"2135960402","2168117830","0.0434783"
"2168117830","2135960402","0.0434783"
"2137871487","2156157921","0.0434783"
"2156157921","2137871487","0.0434783"
"2156157921","2161291147","0.0434783"
"2161291147","2156157921","0.0434783"
"2156157921","2168117830","0.0434783"
"2168117830","2156157921","0.0434783"
"1487984979","2059618665","3.79091"
"2059618665","1487984979","3.79091"
"1487984979","1541749646","0.290909"
"1541749646","1487984979","0.290909"
"1487984979","1575155873","0.2"
"1575155873","1487984979","0.2"
"1487984979","2125989063","0.2"
"2125989063","1487984979","0.2"
"1487984979","2164915870","0.2"
"2164915870","1487984979","0.2"
"1541749646","1575155873","0.325"
"1575155873","1541749646","0.325"
"1541749646","2059618665","0.290909"
"2059618665","1541749646","0.290909"
"1541749646","2125989063","0.366667"
"2125989063","1541749646","0.366667"
"1541749646","2164915870","1.86667"
"2164915870","1541749646","1.86667"
"1575155873","2059618665","0.2"
"2059618665","1575155873","0.2"
"1575155873","2125989063","0.7"
"2125989063","1575155873","0.7"
"1575155873","2164915870","1.02143"
"2164915870","1575155873","1.02143"
"2059618665","2125989063","0.2"
"2125989063","2059618665","0.2"
"2059618665","2164915870","0.2"
"2164915870","2059618665","0.2"
"2125989063","2164915870","0.624242"
"2164915870","2125989063","0.624242"
"1487984979","1969604936","0.5"
"1969604936","1487984979","0.5"
"1969604936","2059618665","0.5"
"2059618665","1969604936","0.5"
