"1073248519","2264566160","0.5"
"2264566160","1073248519","0.5"
"1073248519","2952099486","0.833333"
"2952099486","1073248519","0.833333"
"2264566160","2952099486","0.833333"
"2952099486","2264566160","0.833333"
"1073248519","2469279958","0.333333"
"2469279958","1073248519","0.333333"
"1073248519","2560662722","0.333333"
"2560662722","1073248519","0.333333"
"2469279958","2560662722","0.333333"
"2560662722","2469279958","0.333333"
"2469279958","2952099486","23.7732"
"2952099486","2469279958","23.7732"
"2560662722","2952099486","0.333333"
"2952099486","2560662722","0.333333"
"146903434","1966027336","0.0909091"
"1966027336","146903434","0.0909091"
"146903434","1991418309","0.0909091"
"1991418309","146903434","0.0909091"
"146903434","2001259128","0.0909091"
"2001259128","146903434","0.0909091"
"146903434","2012921801","0.0909091"
"2012921801","146903434","0.0909091"
"146903434","2020547732","0.0909091"
"2020547732","146903434","0.0909091"
"146903434","2061873838","0.0909091"
"2061873838","146903434","0.0909091"
"146903434","2127492100","0.0909091"
"2127492100","146903434","0.0909091"
"146903434","2169343523","0.0909091"
"2169343523","146903434","0.0909091"
"146903434","2338981077","0.0909091"
"2338981077","146903434","0.0909091"
"146903434","2560662722","0.0909091"
"2560662722","146903434","0.0909091"
"146903434","2590878907","0.0909091"
"2590878907","146903434","0.0909091"
"1966027336","1991418309","0.0909091"
"1991418309","1966027336","0.0909091"
"1966027336","2001259128","0.0909091"
"2001259128","1966027336","0.0909091"
"1966027336","2012921801","0.233766"
"2012921801","1966027336","0.233766"
"1966027336","2020547732","0.233766"
"2020547732","1966027336","0.233766"
"1966027336","2061873838","0.590909"
"2061873838","1966027336","0.590909"
"1966027336","2127492100","0.0909091"
"2127492100","1966027336","0.0909091"
"1966027336","2169343523","0.0909091"
"2169343523","1966027336","0.0909091"
"1966027336","2338981077","0.0909091"
"2338981077","1966027336","0.0909091"
"1966027336","2560662722","0.590909"
"2560662722","1966027336","0.590909"
"1966027336","2590878907","0.290909"
"2590878907","1966027336","0.290909"
"1991418309","2001259128","4.59091"
"2001259128","1991418309","4.59091"
"1991418309","2012921801","2.09091"
"2012921801","1991418309","2.09091"
"1991418309","2020547732","0.0909091"
"2020547732","1991418309","0.0909091"
"1991418309","2061873838","11.0909"
"2061873838","1991418309","11.0909"
"1991418309","2127492100","0.0909091"
"2127492100","1991418309","0.0909091"
"1991418309","2169343523","0.0909091"
"2169343523","1991418309","0.0909091"
"1991418309","2338981077","0.0909091"
"2338981077","1991418309","0.0909091"
"1991418309","2560662722","1.09091"
"2560662722","1991418309","1.09091"
"1991418309","2590878907","0.0909091"
"2590878907","1991418309","0.0909091"
"2001259128","2012921801","0.0909091"
"2012921801","2001259128","0.0909091"
"2001259128","2020547732","0.0909091"
"2020547732","2001259128","0.0909091"
"2001259128","2061873838","11.5909"
"2061873838","2001259128","11.5909"
"2001259128","2127492100","0.0909091"
"2127492100","2001259128","0.0909091"
"2001259128","2169343523","0.0909091"
"2169343523","2001259128","0.0909091"
"2001259128","2338981077","0.0909091"
"2338981077","2001259128","0.0909091"
"2001259128","2560662722","0.0909091"
"2560662722","2001259128","0.0909091"
"2001259128","2590878907","0.0909091"
"2590878907","2001259128","0.0909091"
"2012921801","2020547732","2.3138"
"2020547732","2012921801","2.3138"
"2012921801","2061873838","0.0909091"
"2061873838","2012921801","0.0909091"
"2012921801","2127492100","0.0909091"
"2127492100","2012921801","0.0909091"
"2012921801","2169343523","0.391342"
"2169343523","2012921801","0.391342"
"2012921801","2338981077","0.0909091"
"2338981077","2012921801","0.0909091"
"2012921801","2560662722","0.0909091"
"2560662722","2012921801","0.0909091"
"2012921801","2590878907","0.0909091"
"2590878907","2012921801","0.0909091"
"2020547732","2061873838","0.0909091"
"2061873838","2020547732","0.0909091"
"2020547732","2127492100","0.0909091"
"2127492100","2020547732","0.0909091"
"2020547732","2169343523","0.391342"
"2169343523","2020547732","0.391342"
"2020547732","2338981077","0.0909091"
"2338981077","2020547732","0.0909091"
"2020547732","2560662722","0.0909091"
"2560662722","2020547732","0.0909091"
"2020547732","2590878907","0.0909091"
"2590878907","2020547732","0.0909091"
"2061873838","2127492100","0.0909091"
"2127492100","2061873838","0.0909091"
"2061873838","2169343523","0.0909091"
"2169343523","2061873838","0.0909091"
"2061873838","2338981077","0.0909091"
"2338981077","2061873838","0.0909091"
"2061873838","2560662722","0.0909091"
"2560662722","2061873838","0.0909091"
"2061873838","2590878907","0.0909091"
"2590878907","2061873838","0.0909091"
"2127492100","2169343523","0.0909091"
"2169343523","2127492100","0.0909091"
"2127492100","2338981077","0.0909091"
"2338981077","2127492100","0.0909091"
"2127492100","2560662722","0.0909091"
"2560662722","2127492100","0.0909091"
"2127492100","2590878907","0.0909091"
"2590878907","2127492100","0.0909091"
"2169343523","2338981077","0.0909091"
"2338981077","2169343523","0.0909091"
"2169343523","2560662722","0.0909091"
"2560662722","2169343523","0.0909091"
"2169343523","2590878907","0.0909091"
"2590878907","2169343523","0.0909091"
"2338981077","2560662722","0.340909"
"2560662722","2338981077","0.340909"
"2338981077","2590878907","0.0909091"
"2590878907","2338981077","0.0909091"
"2560662722","2590878907","0.0909091"
"2590878907","2560662722","0.0909091"
"146903434","2151118940","1"
"2151118940","146903434","1"
"146903434","1996816151","0.0666667"
"1996816151","146903434","0.0666667"
"146903434","2070645266","0.0666667"
"2070645266","146903434","0.0666667"
"146903434","2109603058","0.0666667"
"2109603058","146903434","0.0666667"
"146903434","2112056172","0.0666667"
"2112056172","146903434","0.0666667"
"146903434","2119867600","0.4"
"2119867600","146903434","0.4"
"146903434","2128914432","0.4"
"2128914432","146903434","0.4"
"146903434","2140540364","0.0666667"
"2140540364","146903434","0.0666667"
"146903434","2171150534","0.0666667"
"2171150534","146903434","0.0666667"
"146903434","2469279958","0.0666667"
"2469279958","146903434","0.0666667"
"146903434","2569283211","0.0666667"
"2569283211","146903434","0.0666667"
"146903434","2949064044","0.0666667"
"2949064044","146903434","0.0666667"
"146903434","2950228844","0.4"
"2950228844","146903434","0.4"
"146903434","2951522744","0.0666667"
"2951522744","146903434","0.0666667"
"146903434","2952099486","0.0666667"
"2952099486","146903434","0.0666667"
"146903434","976684341","0.0666667"
"976684341","146903434","0.0666667"
"1996816151","2070645266","2.60119"
"2070645266","1996816151","2.60119"
"1996816151","2109603058","1.88333"
"2109603058","1996816151","1.88333"
"1996816151","2112056172","2.3298"
"2112056172","1996816151","2.3298"
"1996816151","2119867600","1.65758"
"2119867600","1996816151","1.65758"
"1996816151","2128914432","2.0123"
"2128914432","1996816151","2.0123"
"1996816151","2140540364","2.20119"
"2140540364","1996816151","2.20119"
"1996816151","2171150534","0.629798"
"2171150534","1996816151","0.629798"
"1996816151","2469279958","0.195833"
"2469279958","1996816151","0.195833"
"1996816151","2569283211","23.2308"
"2569283211","1996816151","23.2308"
"1996816151","2949064044","5.89286"
"2949064044","1996816151","5.89286"
"1996816151","2950228844","1.84563"
"2950228844","1996816151","1.84563"
"1996816151","2951522744","1.88333"
"2951522744","1996816151","1.88333"
"1996816151","2952099486","0.195833"
"2952099486","1996816151","0.195833"
"1996816151","976684341","0.0666667"
"976684341","1996816151","0.0666667"
"2070645266","2109603058","0.65"
"2109603058","2070645266","0.65"
"2070645266","2112056172","0.511111"
"2112056172","2070645266","0.511111"
"2070645266","2119867600","1.09841"
"2119867600","2070645266","1.09841"
"2070645266","2128914432","9.25675"
"2128914432","2070645266","9.25675"
"2070645266","2140540364","0.858333"
"2140540364","2070645266","0.858333"
"2070645266","2171150534","0.177778"
"2171150534","2070645266","0.177778"
"2070645266","2469279958","1.3873"
"2469279958","2070645266","1.3873"
"2070645266","2569283211","2.2123"
"2569283211","2070645266","2.2123"
"2070645266","2949064044","0.333333"
"2949064044","2070645266","0.333333"
"2070645266","2950228844","10.0901"
"2950228844","2070645266","10.0901"
"2070645266","2951522744","0.65"
"2951522744","2070645266","0.65"
"2070645266","2952099486","0.244444"
"2952099486","2070645266","0.244444"
"2070645266","976684341","0.0666667"
"976684341","2070645266","0.0666667"
"2109603058","2112056172","1.54444"
"2112056172","2109603058","1.54444"
"2109603058","2119867600","0.497222"
"2119867600","2109603058","0.497222"
"2109603058","2128914432","0.461111"
"2128914432","2109603058","0.461111"
"2109603058","2140540364","1.63333"
"2140540364","2109603058","1.63333"
"2109603058","2171150534","0.177778"
"2171150534","2109603058","0.177778"
"2109603058","2469279958","0.191667"
"2469279958","2109603058","0.191667"
"2109603058","2569283211","2.16111"
"2569283211","2109603058","2.16111"
"2109603058","2949064044","0.0666667"
"2949064044","2109603058","0.0666667"
"2109603058","2950228844","0.461111"
"2950228844","2109603058","0.461111"
"2109603058","2951522744","12.375"
"2951522744","2109603058","12.375"
"2109603058","2952099486","0.191667"
"2952099486","2109603058","0.191667"
"2109603058","976684341","0.0666667"
"976684341","2109603058","0.0666667"
"2112056172","2119867600","2.49646"
"2119867600","2112056172","2.49646"
"2112056172","2128914432","0.0666667"
"2128914432","2112056172","0.0666667"
"2112056172","2140540364","2.37778"
"2140540364","2112056172","2.37778"
"2112056172","2171150534","0.629798"
"2171150534","2112056172","0.629798"
"2112056172","2469279958","0.0666667"
"2469279958","2112056172","0.0666667"
"2112056172","2569283211","1.71869"
"2569283211","2112056172","1.71869"
"2112056172","2949064044","0.0666667"
"2949064044","2112056172","0.0666667"
"2112056172","2950228844","0.0666667"
"2950228844","2112056172","0.0666667"
"2112056172","2951522744","1.54444"
"2951522744","2112056172","1.54444"
"2112056172","2952099486","0.0666667"
"2952099486","2112056172","0.0666667"
"2112056172","976684341","0.0666667"
"976684341","2112056172","0.0666667"
"2119867600","2128914432","1.24286"
"2128914432","2119867600","1.24286"
"2119867600","2140540364","1.48889"
"2140540364","2119867600","1.48889"
"2119867600","2171150534","0.996465"
"2171150534","2119867600","0.996465"
"2119867600","2469279958","0.334524"
"2469279958","2119867600","0.334524"
"2119867600","2569283211","1.3798"
"2569283211","2119867600","1.3798"
"2119867600","2949064044","0.0666667"
"2949064044","2119867600","0.0666667"
"2119867600","2950228844","0.992857"
"2950228844","2119867600","0.992857"
"2119867600","2951522744","0.497222"
"2951522744","2119867600","0.497222"
"2119867600","2952099486","0.191667"
"2952099486","2119867600","0.191667"
"2119867600","976684341","0.0666667"
"976684341","2119867600","0.0666667"
"2128914432","2140540364","0.812302"
"2140540364","2128914432","0.812302"
"2128914432","2171150534","0.266667"
"2171150534","2128914432","0.266667"
"2128914432","2469279958","0.320635"
"2469279958","2128914432","0.320635"
"2128914432","2569283211","1.23452"
"2569283211","2128914432","1.23452"
"2128914432","2949064044","0.409524"
"2949064044","2128914432","0.409524"
"2128914432","2950228844","10.4663"
"2950228844","2128914432","10.4663"
"2128914432","2951522744","0.461111"
"2951522744","2128914432","0.461111"
"2128914432","2952099486","0.177778"
"2952099486","2128914432","0.177778"
"2128914432","976684341","0.0666667"
"976684341","2128914432","0.0666667"
"2140540364","2171150534","0.377778"
"2171150534","2140540364","0.377778"
"2140540364","2469279958","0.0666667"
"2469279958","2140540364","0.0666667"
"2140540364","2569283211","1.47897"
"2569283211","2140540364","1.47897"
"2140540364","2949064044","1.20952"
"2949064044","2140540364","1.20952"
"2140540364","2950228844","0.645635"
"2950228844","2140540364","0.645635"
"2140540364","2951522744","1.3"
"2951522744","2140540364","1.3"
"2140540364","2952099486","0.0666667"
"2952099486","2140540364","0.0666667"
"2140540364","976684341","0.0666667"
"976684341","2140540364","0.0666667"
"2171150534","2469279958","0.0666667"
"2469279958","2171150534","0.0666667"
"2171150534","2569283211","0.518687"
"2569283211","2171150534","0.518687"
"2171150534","2949064044","0.0666667"
"2949064044","2171150534","0.0666667"
"2171150534","2950228844","0.266667"
"2950228844","2171150534","0.266667"
"2171150534","2951522744","0.177778"
"2951522744","2171150534","0.177778"
"2171150534","2952099486","0.0666667"
"2952099486","2171150534","0.0666667"
"2171150534","976684341","0.0666667"
"976684341","2171150534","0.0666667"
"2469279958","2569283211","0.195833"
"2569283211","2469279958","0.195833"
"2469279958","2949064044","0.133333"
"2949064044","2469279958","0.133333"
"2469279958","2950228844","0.320635"
"2950228844","2469279958","0.320635"
"2469279958","2951522744","0.191667"
"2951522744","2469279958","0.191667"
"2469279958","976684341","0.0666667"
"976684341","2469279958","0.0666667"
"2569283211","2949064044","4.89286"
"2949064044","2569283211","4.89286"
"2569283211","2950228844","1.06786"
"2950228844","2569283211","1.06786"
"2569283211","2951522744","2.16111"
"2951522744","2569283211","2.16111"
"2569283211","2952099486","0.195833"
"2952099486","2569283211","0.195833"
"2569283211","976684341","0.0666667"
"976684341","2569283211","0.0666667"
"2949064044","2950228844","0.409524"
"2950228844","2949064044","0.409524"
"2949064044","2951522744","0.0666667"
"2951522744","2949064044","0.0666667"
"2949064044","2952099486","0.133333"
"2952099486","2949064044","0.133333"
"2949064044","976684341","0.0666667"
"976684341","2949064044","0.0666667"
"2950228844","2951522744","0.461111"
"2951522744","2950228844","0.461111"
"2950228844","2952099486","0.177778"
"2952099486","2950228844","0.177778"
"2950228844","976684341","0.0666667"
"976684341","2950228844","0.0666667"
"2951522744","2952099486","0.191667"
"2952099486","2951522744","0.191667"
"2951522744","976684341","0.0666667"
"976684341","2951522744","0.0666667"
"2952099486","976684341","0.0666667"
"976684341","2952099486","0.0666667"
"1595449516","2020547732","1.57008"
"2020547732","1595449516","1.57008"
"1595449516","2131717044","0.549802"
"2131717044","1595449516","0.549802"
"1595449516","2146591355","0.660913"
"2146591355","1595449516","0.660913"
"1595449516","2469279958","0.549802"
"2469279958","1595449516","0.549802"
"1595449516","2952099486","0.406944"
"2952099486","1595449516","0.406944"
"1595449516","2996644733","1.33516"
"2996644733","1595449516","1.33516"
"2020547732","2131717044","6.06882"
"2131717044","2020547732","6.06882"
"2020547732","2146591355","7.16724"
"2146591355","2020547732","7.16724"
"2020547732","2469279958","0.870436"
"2469279958","2020547732","0.870436"
"2020547732","2952099486","0.727579"
"2952099486","2020547732","0.727579"
"2020547732","2996644733","1.44541"
"2996644733","2020547732","1.44541"
"2131717044","2146591355","88.6045"
"2146591355","2131717044","88.6045"
"2131717044","2469279958","1.81806"
"2469279958","2131717044","1.81806"
"2131717044","2952099486","1.31806"
"2952099486","2131717044","1.31806"
"2131717044","2996644733","1.93155"
"2996644733","2131717044","1.93155"
"2146591355","2469279958","1.92917"
"2469279958","2146591355","1.92917"
"2146591355","2952099486","1.42917"
"2952099486","2146591355","1.42917"
"2146591355","2996644733","2.18552"
"2996644733","2146591355","2.18552"
"2469279958","2996644733","0.955357"
"2996644733","2469279958","0.955357"
"2952099486","2996644733","0.955357"
"2996644733","2952099486","0.955357"
"1595449516","1602944680","1.01849"
"1602944680","1595449516","1.01849"
"1595449516","2016792550","0.420635"
"2016792550","1595449516","0.420635"
"1595449516","2140030920","0.392857"
"2140030920","1595449516","0.392857"
"1595449516","2949156361","1.01849"
"2949156361","1595449516","1.01849"
"1602944680","2016792550","0.253968"
"2016792550","1602944680","0.253968"
"1602944680","2131717044","0.614881"
"2131717044","1602944680","0.614881"
"1602944680","2140030920","0.142857"
"2140030920","1602944680","0.142857"
"1602944680","2146591355","0.725992"
"2146591355","1602944680","0.725992"
"1602944680","2949156361","4.32643"
"2949156361","1602944680","4.32643"
"1602944680","2996644733","2.99309"
"2996644733","1602944680","2.99309"
"2016792550","2131717044","0.396825"
"2131717044","2016792550","0.396825"
"2016792550","2140030920","0.285714"
"2140030920","2016792550","0.285714"
"2016792550","2146591355","0.606349"
"2146591355","2016792550","0.606349"
"2016792550","2949156361","0.253968"
"2949156361","2016792550","0.253968"
"2016792550","2996644733","0.473748"
"2996644733","2016792550","0.473748"
"2131717044","2140030920","1.02063"
"2140030920","2131717044","1.02063"
"2131717044","2949156361","0.614881"
"2949156361","2131717044","0.614881"
"2140030920","2146591355","1.16349"
"2146591355","2140030920","1.16349"
"2140030920","2949156361","0.142857"
"2949156361","2140030920","0.142857"
"2140030920","2996644733","2.53571"
"2996644733","2140030920","2.53571"
"2146591355","2949156361","0.725992"
"2949156361","2146591355","0.725992"
"2949156361","2996644733","2.99309"
"2996644733","2949156361","2.99309"
"1595449516","2163154541","2.5"
"2163154541","1595449516","2.5"
"1595449516","2070645266","0.653968"
"2070645266","1595449516","0.653968"
"1595449516","2107569009","1.85536"
"2107569009","1595449516","1.85536"
"1595449516","2119867600","0.559524"
"2119867600","1595449516","0.559524"
"1595449516","2128914432","0.670635"
"2128914432","1595449516","0.670635"
"1595449516","2593294478","0.392857"
"2593294478","1595449516","0.392857"
"1595449516","2950228844","0.420635"
"2950228844","1595449516","0.420635"
"2070645266","2107569009","0.542857"
"2107569009","2070645266","0.542857"
"2070645266","2593294478","0.342857"
"2593294478","2070645266","0.342857"
"2107569009","2119867600","0.559524"
"2119867600","2107569009","0.559524"
"2107569009","2128914432","0.559524"
"2128914432","2107569009","0.559524"
"2107569009","2469279958","0.53869"
"2469279958","2107569009","0.53869"
"2107569009","2593294478","0.392857"
"2593294478","2107569009","0.392857"
"2107569009","2950228844","0.309524"
"2950228844","2107569009","0.309524"
"2119867600","2593294478","0.392857"
"2593294478","2119867600","0.392857"
"2128914432","2593294478","0.392857"
"2593294478","2128914432","0.392857"
"2469279958","2593294478","0.47619"
"2593294478","2469279958","0.47619"
"2593294478","2950228844","0.142857"
"2950228844","2593294478","0.142857"
"1595449516","1606050636","0.0666667"
"1606050636","1595449516","0.0666667"
"1595449516","1845379789","0.379167"
"1845379789","1595449516","0.379167"
"1595449516","1996816151","0.906944"
"1996816151","1595449516","0.906944"
"1595449516","2151078464","0.344444"
"2151078464","1595449516","0.344444"
"1595449516","2151118940","0.0666667"
"2151118940","1595449516","0.0666667"
"1595449516","2562676961","0.0666667"
"2562676961","1595449516","0.0666667"
"1595449516","2569283211","0.740278"
"2569283211","1595449516","0.740278"
"1595449516","2949064044","0.4"
"2949064044","1595449516","0.4"
"1606050636","1845379789","0.0666667"
"1845379789","1606050636","0.0666667"
"1606050636","1996816151","0.939322"
"1996816151","1606050636","0.939322"
"1606050636","2070645266","0.427778"
"2070645266","1606050636","0.427778"
"1606050636","2107569009","0.0666667"
"2107569009","1606050636","0.0666667"
"1606050636","2131717044","1.06667"
"2131717044","1606050636","1.06667"
"1606050636","2146591355","1.06667"
"2146591355","1606050636","1.06667"
"1606050636","2151078464","1.06667"
"2151078464","1606050636","1.06667"
"1606050636","2151118940","3.16313"
"2151118940","1606050636","3.16313"
"1606050636","2469279958","0.0666667"
"2469279958","1606050636","0.0666667"
"1606050636","2562676961","0.0666667"
"2562676961","1606050636","0.0666667"
"1606050636","2569283211","1.27266"
"2569283211","1606050636","1.27266"
"1606050636","2949064044","0.209524"
"2949064044","1606050636","0.209524"
"1606050636","2952099486","0.0666667"
"2952099486","1606050636","0.0666667"
"1606050636","2996644733","0.0666667"
"2996644733","1606050636","0.0666667"
"1845379789","1996816151","0.129167"
"1996816151","1845379789","0.129167"
"1845379789","2070645266","0.0666667"
"2070645266","1845379789","0.0666667"
"1845379789","2107569009","0.40609"
"2107569009","1845379789","0.40609"
"1845379789","2131717044","1.26089"
"2131717044","1845379789","1.26089"
"1845379789","2146591355","1.32755"
"2146591355","1845379789","1.32755"
"1845379789","2151078464","0.420513"
"2151078464","1845379789","0.420513"
"1845379789","2151118940","0.0666667"
"2151118940","1845379789","0.0666667"
"1845379789","2469279958","0.284722"
"2469279958","1845379789","0.284722"
"1845379789","2562676961","0.0666667"
"2562676961","1845379789","0.0666667"
"1845379789","2569283211","0.129167"
"2569283211","1845379789","0.129167"
"1845379789","2949064044","0.166667"
"2949064044","1845379789","0.166667"
"1845379789","2952099486","0.284722"
"2952099486","1845379789","0.284722"
"1845379789","2996644733","1.11165"
"2996644733","1845379789","1.11165"
"1996816151","2107569009","0.795833"
"2107569009","1996816151","0.795833"
"1996816151","2131717044","0.340278"
"2131717044","1996816151","0.340278"
"1996816151","2146591355","0.483135"
"2146591355","1996816151","0.483135"
"1996816151","2151078464","0.694444"
"2151078464","1996816151","0.694444"
"1996816151","2151118940","0.838131"
"2151118940","1996816151","0.838131"
"1996816151","2562676961","0.166667"
"2562676961","1996816151","0.166667"
"1996816151","2996644733","0.633135"
"2996644733","1996816151","0.633135"
"2070645266","2131717044","0.0666667"
"2131717044","2070645266","0.0666667"
"2070645266","2146591355","0.320635"
"2146591355","2070645266","0.320635"
"2070645266","2151078464","0.316667"
"2151078464","2070645266","0.316667"
"2070645266","2151118940","0.386111"
"2151118940","2070645266","0.386111"
"2070645266","2562676961","0.0666667"
"2562676961","2070645266","0.0666667"
"2070645266","2996644733","0.570635"
"2996644733","2070645266","0.570635"
"2107569009","2131717044","0.639423"
"2131717044","2107569009","0.639423"
"2107569009","2146591355","0.639423"
"2146591355","2107569009","0.639423"
"2107569009","2151078464","1.01026"
"2151078464","2107569009","1.01026"
"2107569009","2151118940","0.0666667"
"2151118940","2107569009","0.0666667"
"2107569009","2562676961","0.0666667"
"2562676961","2107569009","0.0666667"
"2107569009","2569283211","0.629167"
"2569283211","2107569009","0.629167"
"2107569009","2949064044","0.4"
"2949064044","2107569009","0.4"
"2107569009","2952099486","0.229167"
"2952099486","2107569009","0.229167"
"2107569009","2996644733","0.729167"
"2996644733","2107569009","0.729167"
"2131717044","2151078464","2.18089"
"2151078464","2131717044","2.18089"
"2131717044","2151118940","0.742857"
"2151118940","2131717044","0.742857"
"2131717044","2562676961","0.333333"
"2562676961","2131717044","0.333333"
"2131717044","2569283211","0.340278"
"2569283211","2131717044","0.340278"
"2131717044","2949064044","0.166667"
"2949064044","2131717044","0.166667"
"2146591355","2151078464","2.18089"
"2151078464","2146591355","2.18089"
"2146591355","2151118940","0.742857"
"2151118940","2146591355","0.742857"
"2146591355","2562676961","0.333333"
"2562676961","2146591355","0.333333"
"2146591355","2569283211","0.483135"
"2569283211","2146591355","0.483135"
"2146591355","2949064044","0.166667"
"2949064044","2146591355","0.166667"
"2151078464","2151118940","0.209524"
"2151118940","2151078464","0.209524"
"2151078464","2469279958","0.333333"
"2469279958","2151078464","0.333333"
"2151078464","2562676961","1.33333"
"2562676961","2151078464","1.33333"
"2151078464","2569283211","0.694444"
"2569283211","2151078464","0.694444"
"2151078464","2949064044","0.233333"
"2949064044","2151078464","0.233333"
"2151078464","2952099486","0.333333"
"2952099486","2151078464","0.333333"
"2151078464","2996644733","1.58089"
"2996644733","2151078464","1.58089"
"2151118940","2469279958","0.0666667"
"2469279958","2151118940","0.0666667"
"2151118940","2562676961","0.0666667"
"2562676961","2151118940","0.0666667"
"2151118940","2569283211","0.838131"
"2569283211","2151118940","0.838131"
"2151118940","2949064044","0.0666667"
"2949064044","2151118940","0.0666667"
"2151118940","2952099486","0.0666667"
"2952099486","2151118940","0.0666667"
"2151118940","2996644733","0.209524"
"2996644733","2151118940","0.209524"
"2469279958","2562676961","0.233333"
"2562676961","2469279958","0.233333"
"2562676961","2569283211","0.166667"
"2569283211","2562676961","0.166667"
"2562676961","2949064044","1.06667"
"2949064044","2562676961","1.06667"
"2562676961","2952099486","0.233333"
"2952099486","2562676961","0.233333"
"2562676961","2996644733","0.0666667"
"2996644733","2562676961","0.0666667"
"2569283211","2996644733","0.633135"
"2996644733","2569283211","0.633135"
"2949064044","2996644733","0.0666667"
"2996644733","2949064044","0.0666667"
"1595449516","1755289444","0.833333"
"1755289444","1595449516","0.833333"
"1755289444","2107569009","1.66667"
"2107569009","1755289444","1.66667"
"1595449516","1665569402","0.257576"
"1665569402","1595449516","0.257576"
"1595449516","2012921801","0.320076"
"2012921801","1595449516","0.320076"
"1595449516","2050239729","0.0909091"
"2050239729","1595449516","0.0909091"
"1595449516","2063909949","0.153409"
"2063909949","1595449516","0.153409"
"1595449516","2135348090","0.0909091"
"2135348090","1595449516","0.0909091"
"1595449516","2139694940","0.0909091"
"2139694940","1595449516","0.0909091"
"1595449516","2952779184","0.0909091"
"2952779184","1595449516","0.0909091"
"1602944680","1665569402","0.683766"
"1665569402","1602944680","0.683766"
"1602944680","2012921801","0.153409"
"2012921801","1602944680","0.153409"
"1602944680","2020547732","0.451822"
"2020547732","1602944680","0.451822"
"1602944680","2050239729","0.0909091"
"2050239729","1602944680","0.0909091"
"1602944680","2063909949","0.153409"
"2063909949","1602944680","0.153409"
"1602944680","2135348090","0.790909"
"2135348090","1602944680","0.790909"
"1602944680","2139694940","0.146465"
"2139694940","1602944680","0.146465"
"1602944680","2952779184","1.04091"
"2952779184","1602944680","1.04091"
"1665569402","2012921801","0.924242"
"2012921801","1665569402","0.924242"
"1665569402","2020547732","0.0909091"
"2020547732","1665569402","0.0909091"
"1665569402","2050239729","0.0909091"
"2050239729","1665569402","0.0909091"
"1665569402","2063909949","0.0909091"
"2063909949","1665569402","0.0909091"
"1665569402","2135348090","0.874242"
"2135348090","1665569402","0.874242"
"1665569402","2139694940","0.0909091"
"2139694940","1665569402","0.0909091"
"1665569402","2949156361","0.433766"
"2949156361","1665569402","0.433766"
"1665569402","2952779184","1.12424"
"2952779184","1665569402","1.12424"
"1665569402","2996644733","0.433766"
"2996644733","1665569402","0.433766"
"2012921801","2050239729","1.39134"
"2050239729","2012921801","1.39134"
"2012921801","2063909949","5.1967"
"2063909949","2012921801","5.1967"
"2012921801","2135348090","1.42424"
"2135348090","2012921801","1.42424"
"2012921801","2139694940","2.2342"
"2139694940","2012921801","2.2342"
"2012921801","2949156361","0.153409"
"2949156361","2012921801","0.153409"
"2012921801","2952779184","0.424242"
"2952779184","2012921801","0.424242"
"2012921801","2996644733","0.153409"
"2996644733","2012921801","0.153409"
"2020547732","2050239729","3.28249"
"2050239729","2020547732","3.28249"
"2020547732","2063909949","5.10259"
"2063909949","2020547732","5.10259"
"2020547732","2135348090","1.37662"
"2135348090","2020547732","1.37662"
"2020547732","2139694940","3.94201"
"2139694940","2020547732","3.94201"
"2020547732","2949156361","0.451822"
"2949156361","2020547732","0.451822"
"2020547732","2952779184","0.233766"
"2952779184","2020547732","0.233766"
"2050239729","2063909949","1.85041"
"2063909949","2050239729","1.85041"
"2050239729","2135348090","0.0909091"
"2135348090","2050239729","0.0909091"
"2050239729","2139694940","6.54797"
"2139694940","2050239729","6.54797"
"2050239729","2949156361","0.0909091"
"2949156361","2050239729","0.0909091"
"2050239729","2952779184","0.0909091"
"2952779184","2050239729","0.0909091"
"2050239729","2996644733","0.167832"
"2996644733","2050239729","0.167832"
"2063909949","2135348090","0.233766"
"2135348090","2063909949","0.233766"
"2063909949","2139694940","4.35557"
"2139694940","2063909949","4.35557"
"2063909949","2949156361","0.153409"
"2949156361","2063909949","0.153409"
"2063909949","2952779184","0.0909091"
"2952779184","2063909949","0.0909091"
"2063909949","2996644733","0.230332"
"2996644733","2063909949","0.230332"
"2135348090","2139694940","0.233766"
"2139694940","2135348090","0.233766"
"2135348090","2949156361","0.290909"
"2949156361","2135348090","0.290909"
"2135348090","2952779184","12.5171"
"2952779184","2135348090","12.5171"
"2135348090","2996644733","0.290909"
"2996644733","2135348090","0.290909"
"2139694940","2949156361","0.146465"
"2949156361","2139694940","0.146465"
"2139694940","2952779184","0.0909091"
"2952779184","2139694940","0.0909091"
"2139694940","2996644733","0.223388"
"2996644733","2139694940","0.223388"
"2949156361","2952779184","0.290909"
"2952779184","2949156361","0.290909"
"2952779184","2996644733","0.290909"
"2996644733","2952779184","0.290909"
"1595449516","2907825062","0.229167"
"2907825062","1595449516","0.229167"
"1595449516","2952108851","0.229167"
"2952108851","1595449516","0.229167"
"1602944680","1845379789","0.218056"
"1845379789","1602944680","0.218056"
"1602944680","1996816151","0.173611"
"1996816151","1602944680","0.173611"
"1602944680","2107569009","0.495833"
"2107569009","1602944680","0.495833"
"1602944680","2469279958","0.88869"
"2469279958","1602944680","0.88869"
"1602944680","2569283211","0.173611"
"2569283211","1602944680","0.173611"
"1602944680","2907825062","0.284722"
"2907825062","1602944680","0.284722"
"1602944680","2952099486","0.722024"
"2952099486","1602944680","0.722024"
"1602944680","2952108851","0.229167"
"2952108851","1602944680","0.229167"
"1845379789","2012921801","0.562933"
"2012921801","1845379789","0.562933"
"1845379789","2020547732","5.84019"
"2020547732","1845379789","5.84019"
"1845379789","2063909949","1.16367"
"2063909949","1845379789","1.16367"
"1845379789","2907825062","0.184722"
"2907825062","1845379789","0.184722"
"1845379789","2949156361","0.218056"
"2949156361","1845379789","0.218056"
"1845379789","2952108851","0.239423"
"2952108851","1845379789","0.239423"
"1996816151","2012921801","0.229167"
"2012921801","1996816151","0.229167"
"1996816151","2020547732","0.1625"
"2020547732","1996816151","0.1625"
"1996816151","2063909949","0.0625"
"2063909949","1996816151","0.0625"
"1996816151","2907825062","0.1625"
"2907825062","1996816151","0.1625"
"1996816151","2949156361","0.173611"
"2949156361","1996816151","0.173611"
"1996816151","2952108851","0.486742"
"2952108851","1996816151","0.486742"
"2012921801","2107569009","0.229167"
"2107569009","2012921801","0.229167"
"2012921801","2131717044","0.503409"
"2131717044","2012921801","0.503409"
"2012921801","2146591355","0.962933"
"2146591355","2012921801","0.962933"
"2012921801","2469279958","0.405357"
"2469279958","2012921801","0.405357"
"2012921801","2569283211","0.229167"
"2569283211","2012921801","0.229167"
"2012921801","2907825062","0.229167"
"2907825062","2012921801","0.229167"
"2012921801","2952099486","0.405357"
"2952099486","2012921801","0.405357"
"2012921801","2952108851","0.0625"
"2952108851","2012921801","0.0625"
"2020547732","2107569009","0.839423"
"2107569009","2020547732","0.839423"
"2020547732","2569283211","0.1625"
"2569283211","2020547732","0.1625"
"2020547732","2907825062","0.495833"
"2907825062","2020547732","0.495833"
"2020547732","2952108851","0.239423"
"2952108851","2020547732","0.239423"
"2063909949","2107569009","0.0625"
"2107569009","2063909949","0.0625"
"2063909949","2131717044","1.95619"
"2131717044","2063909949","1.95619"
"2063909949","2146591355","2.41571"
"2146591355","2063909949","2.41571"
"2063909949","2469279958","0.673214"
"2469279958","2063909949","0.673214"
"2063909949","2569283211","0.0625"
"2569283211","2063909949","0.0625"
"2063909949","2907825062","0.879167"
"2907825062","2063909949","0.879167"
"2063909949","2952099486","0.530357"
"2952099486","2063909949","0.530357"
"2063909949","2952108851","0.0625"
"2952108851","2063909949","0.0625"
"2107569009","2907825062","0.229167"
"2907825062","2107569009","0.229167"
"2107569009","2949156361","0.495833"
"2949156361","2107569009","0.495833"
"2107569009","2952108851","0.30609"
"2952108851","2107569009","0.30609"
"2131717044","2907825062","1.79583"
"2907825062","2131717044","1.79583"
"2131717044","2952108851","0.239423"
"2952108851","2131717044","0.239423"
"2146591355","2907825062","1.75139"
"2907825062","2146591355","1.75139"
"2146591355","2952108851","0.239423"
"2952108851","2146591355","0.239423"
"2469279958","2907825062","1.23472"
"2907825062","2469279958","1.23472"
"2469279958","2949156361","0.63869"
"2949156361","2469279958","0.63869"
"2469279958","2952108851","0.0625"
"2952108851","2469279958","0.0625"
"2569283211","2907825062","0.1625"
"2907825062","2569283211","0.1625"
"2569283211","2949156361","0.173611"
"2949156361","2569283211","0.173611"
"2569283211","2952108851","0.820076"
"2952108851","2569283211","0.820076"
"2907825062","2949156361","0.284722"
"2949156361","2907825062","0.284722"
"2907825062","2952099486","1.23472"
"2952099486","2907825062","1.23472"
"2907825062","2952108851","0.229167"
"2952108851","2907825062","0.229167"
"2907825062","2996644733","0.118056"
"2996644733","2907825062","0.118056"
"2949156361","2952099486","0.472024"
"2952099486","2949156361","0.472024"
"2949156361","2952108851","0.229167"
"2952108851","2949156361","0.229167"
"2952099486","2952108851","0.0625"
"2952108851","2952099486","0.0625"
"2952108851","2996644733","0.0625"
"2996644733","2952108851","0.0625"
"1602944680","2070645266","0.111111"
"2070645266","1602944680","0.111111"
"1602944680","2128914432","0.111111"
"2128914432","1602944680","0.111111"
"1602944680","2950228844","0.111111"
"2950228844","1602944680","0.111111"
"2070645266","2949156361","0.111111"
"2949156361","2070645266","0.111111"
"2128914432","2146591355","0.111111"
"2146591355","2128914432","0.111111"
"2128914432","2949156361","0.111111"
"2949156361","2128914432","0.111111"
"2128914432","2996644733","0.111111"
"2996644733","2128914432","0.111111"
"2146591355","2950228844","0.111111"
"2950228844","2146591355","0.111111"
"2949156361","2950228844","0.111111"
"2950228844","2949156361","0.111111"
"2950228844","2996644733","0.111111"
"2996644733","2950228844","0.111111"
"1845379789","2140030920","0.25"
"2140030920","1845379789","0.25"
"2020547732","2140030920","0.461111"
"2140030920","2020547732","0.461111"
"1665569402","1755289444","0.309524"
"1755289444","1665569402","0.309524"
"1665569402","1996816151","0.166667"
"1996816151","1665569402","0.166667"
"1665569402","2107569009","0.166667"
"2107569009","1665569402","0.166667"
"1665569402","2569283211","0.166667"
"2569283211","1665569402","0.166667"
"1665569402","2949064044","0.166667"
"2949064044","1665569402","0.166667"
"1755289444","1996816151","0.5"
"1996816151","1755289444","0.5"
"1755289444","2569283211","0.5"
"2569283211","1755289444","0.5"
"1755289444","2949064044","0.166667"
"2949064044","1755289444","0.166667"
"1595449516","2168722292","0.5"
"2168722292","1595449516","0.5"
"2163154541","2168722292","1.5"
"2168722292","2163154541","1.5"
"1595449516","2613969981","0.166667"
"2613969981","1595449516","0.166667"
"1602944680","2613969981","0.166667"
"2613969981","1602944680","0.166667"
"2107569009","2613969981","0.24359"
"2613969981","2107569009","0.24359"
"2613969981","2907825062","0.166667"
"2907825062","2613969981","0.166667"
"2613969981","2949156361","0.166667"
"2949156361","2613969981","0.166667"
"2613969981","2952108851","0.74359"
"2952108851","2613969981","0.74359"
"1755289444","2016792550","0.166667"
"2016792550","1755289444","0.166667"
"1755289444","2070645266","0.166667"
"2070645266","1755289444","0.166667"
"1996816151","2016792550","0.420635"
"2016792550","1996816151","0.420635"
"2016792550","2070645266","0.309524"
"2070645266","2016792550","0.309524"
"2016792550","2107569009","0.166667"
"2107569009","2016792550","0.166667"
"2016792550","2569283211","0.420635"
"2569283211","2016792550","0.420635"
"1602944680","2151078464","0.353968"
"2151078464","1602944680","0.353968"
"2016792550","2151078464","0.188034"
"2151078464","2016792550","0.188034"
"2151078464","2949156361","0.353968"
"2949156361","2151078464","0.353968"
"2012921801","2151078464","0.166667"
"2151078464","2012921801","0.166667"
"2012921801","2949064044","0.166667"
"2949064044","2012921801","0.166667"
"1602944680","1755289444","0.142857"
"1755289444","1602944680","0.142857"
"1602944680","2163154541","0.198413"
"2163154541","1602944680","0.198413"
"1665569402","2163154541","0.142857"
"2163154541","1665569402","0.142857"
"1665569402","2469279958","0.642857"
"2469279958","1665569402","0.642857"
"1665569402","2952099486","0.642857"
"2952099486","1665569402","0.642857"
"1755289444","2163154541","0.142857"
"2163154541","1755289444","0.142857"
"1755289444","2469279958","0.142857"
"2469279958","1755289444","0.142857"
"1755289444","2949156361","0.142857"
"2949156361","1755289444","0.142857"
"1755289444","2952099486","0.142857"
"2952099486","1755289444","0.142857"
"1755289444","2996644733","0.142857"
"2996644733","1755289444","0.142857"
"2163154541","2469279958","0.698413"
"2469279958","2163154541","0.698413"
"2163154541","2949156361","0.198413"
"2949156361","2163154541","0.198413"
"2163154541","2952099486","0.698413"
"2952099486","2163154541","0.698413"
"2163154541","2996644733","0.198413"
"2996644733","2163154541","0.198413"
"1602944680","1976612797","0.166667"
"1976612797","1602944680","0.166667"
"1602944680","1988402734","0.166667"
"1988402734","1602944680","0.166667"
"1602944680","2152171734","0.166667"
"2152171734","1602944680","0.166667"
"1976612797","1988402734","0.166667"
"1988402734","1976612797","0.166667"
"1976612797","2107569009","0.166667"
"2107569009","1976612797","0.166667"
"1976612797","2152171734","0.666667"
"2152171734","1976612797","0.666667"
"1976612797","2469279958","0.166667"
"2469279958","1976612797","0.166667"
"1976612797","2949156361","0.166667"
"2949156361","1976612797","0.166667"
"1988402734","2107569009","0.24359"
"2107569009","1988402734","0.24359"
"1988402734","2152171734","0.166667"
"2152171734","1988402734","0.166667"
"1988402734","2469279958","3.29167"
"2469279958","1988402734","3.29167"
"1988402734","2949156361","0.166667"
"2949156361","1988402734","0.166667"
"2107569009","2152171734","2.16667"
"2152171734","2107569009","2.16667"
"2152171734","2469279958","0.166667"
"2469279958","2152171734","0.166667"
"2152171734","2949156361","0.166667"
"2949156361","2152171734","0.166667"
"1602944680","2151118940","0.142857"
"2151118940","1602944680","0.142857"
"2020547732","2151078464","0.596703"
"2151078464","2020547732","0.596703"
"2020547732","2151118940","0.142857"
"2151118940","2020547732","0.142857"
"2151118940","2949156361","0.142857"
"2949156361","2151118940","0.142857"
"1602944680","1997617095","0.0555556"
"1997617095","1602944680","0.0555556"
"1602944680","2022704179","0.0555556"
"2022704179","1602944680","0.0555556"
"1602944680","2068015060","0.0555556"
"2068015060","1602944680","0.0555556"
"1602944680","2157579446","0.0555556"
"2157579446","1602944680","0.0555556"
"1602944680","2340254858","0.0555556"
"2340254858","1602944680","0.0555556"
"1602944680","2620315948","0.0555556"
"2620315948","1602944680","0.0555556"
"1602944680","2624431344","0.0555556"
"2624431344","1602944680","0.0555556"
"1845379789","1997617095","0.132479"
"1997617095","1845379789","0.132479"
"1845379789","2022704179","1.14436"
"2022704179","1845379789","1.14436"
