"1489499991","1527014258","0.5"
"1527014258","1489499991","0.5"
"1489499991","2098647484","0.333333"
"2098647484","1489499991","0.333333"
"1489499991","2155228754","0.642857"
"2155228754","1489499991","0.642857"
"1527014258","2098647484","0.333333"
"2098647484","1527014258","0.333333"
"1527014258","2155228754","3.21905"
"2155228754","1527014258","3.21905"
"2098647484","2155228754","1.11667"
"2155228754","2098647484","1.11667"
"1489499991","1495133270","0.142857"
"1495133270","1489499991","0.142857"
"1489499991","1573996261","0.142857"
"1573996261","1489499991","0.142857"
"1489499991","2032123413","1.30952"
"2032123413","1489499991","1.30952"
"1489499991","2132343759","0.809524"
"2132343759","1489499991","0.809524"
"1489499991","2138757450","0.142857"
"2138757450","1489499991","0.142857"
"1489499991","2148353345","0.142857"
"2148353345","1489499991","0.142857"
"1495133270","1573996261","0.542857"
"1573996261","1495133270","0.542857"
"1495133270","2032123413","1.60238"
"2032123413","1495133270","1.60238"
"1495133270","2132343759","0.902381"
"2132343759","1495133270","0.902381"
"1495133270","2138757450","0.452381"
"2138757450","1495133270","0.452381"
"1495133270","2148353345","0.642857"
"2148353345","1495133270","0.642857"
"1495133270","2155228754","1.90238"
"2155228754","1495133270","1.90238"
"1573996261","2032123413","1.34286"
"2032123413","1573996261","1.34286"
"1573996261","2132343759","0.785714"
"2132343759","1573996261","0.785714"
"1573996261","2138757450","0.642857"
"2138757450","1573996261","0.642857"
"1573996261","2148353345","0.642857"
"2148353345","1573996261","0.642857"
"1573996261","2155228754","2.28571"
"2155228754","1573996261","2.28571"
"2032123413","2132343759","1.93571"
"2132343759","2032123413","1.93571"
"2032123413","2138757450","0.819048"
"2138757450","2032123413","0.819048"
"2032123413","2148353345","5.17619"
"2148353345","2032123413","5.17619"
"2032123413","2155228754","2.63571"
"2155228754","2032123413","2.63571"
"2132343759","2138757450","1.48571"
"2138757450","2132343759","1.48571"
"2132343759","2148353345","0.509524"
"2148353345","2132343759","0.509524"
"2132343759","2155228754","4.52857"
"2155228754","2132343759","4.52857"
"2138757450","2148353345","2.04286"
"2148353345","2138757450","2.04286"
"2138757450","2155228754","5.26905"
"2155228754","2138757450","5.26905"
"2148353345","2155228754","1.54286"
"2155228754","2148353345","1.54286"
"1489499991","2089840379","0.166667"
"2089840379","1489499991","0.166667"
"1489499991","2121630402","0.166667"
"2121630402","1489499991","0.166667"
"1527014258","2032123413","1.07619"
"2032123413","1527014258","1.07619"
"1527014258","2089840379","0.166667"
"2089840379","1527014258","0.166667"
"1527014258","2121630402","1.18571"
"2121630402","1527014258","1.18571"
"1527014258","2132343759","1.18571"
"2132343759","1527014258","1.18571"
"2032123413","2089840379","0.166667"
"2089840379","2032123413","0.166667"
"2032123413","2121630402","2.04286"
"2121630402","2032123413","2.04286"
"2089840379","2121630402","0.166667"
"2121630402","2089840379","0.166667"
"2089840379","2132343759","0.166667"
"2132343759","2089840379","0.166667"
"2089840379","2155228754","0.166667"
"2155228754","2089840379","0.166667"
"2121630402","2132343759","2.10238"
"2132343759","2121630402","2.10238"
"2121630402","2155228754","6.30238"
"2155228754","2121630402","6.30238"
"1489499991","2147287607","0.5"
"2147287607","1489499991","0.5"
"2132343759","2147287607","2.18571"
"2147287607","2132343759","2.18571"
"1495133270","1499150148","0.2"
"1499150148","1495133270","0.2"
"1495133270","1749179515","0.4"
"1749179515","1495133270","0.4"
"1495133270","1986697825","0.4"
"1986697825","1495133270","0.4"
"1495133270","2134532199","0.2"
"2134532199","1495133270","0.2"
"1499150148","1573996261","0.2"
"1573996261","1499150148","0.2"
"1499150148","1749179515","0.2"
"1749179515","1499150148","0.2"
"1499150148","1986697825","0.733333"
"1986697825","1499150148","0.733333"
"1499150148","2134532199","0.4"
"2134532199","1499150148","0.4"
"1573996261","1749179515","0.542857"
"1749179515","1573996261","0.542857"
"1573996261","1986697825","0.542857"
"1986697825","1573996261","0.542857"
"1573996261","2134532199","0.2"
"2134532199","1573996261","0.2"
"1749179515","1986697825","0.542857"
"1986697825","1749179515","0.542857"
"1749179515","2134532199","0.2"
"2134532199","1749179515","0.2"
"1986697825","2134532199","2.65"
"2134532199","1986697825","2.65"
"1495133270","1527014258","0.342857"
"1527014258","1495133270","0.342857"
"1495133270","2121630402","0.309524"
"2121630402","1495133270","0.309524"
"1495133270","2147287607","0.759524"
"2147287607","1495133270","0.759524"
"1527014258","2138757450","1.17619"
"2138757450","1527014258","1.17619"
"1527014258","2147287607","1.01905"
"2147287607","1527014258","1.01905"
"2032123413","2147287607","1.62619"
"2147287607","2032123413","1.62619"
"2121630402","2138757450","1.04286"
"2138757450","2121630402","1.04286"
"2121630402","2147287607","10.7357"
"2147287607","2121630402","10.7357"
"2138757450","2147287607","0.642857"
"2147287607","2138757450","0.642857"
"2147287607","2155228754","3.01905"
"2155228754","2147287607","3.01905"
"1495133270","2126054542","0.2"
"2126054542","1495133270","0.2"
"1573996261","2126054542","1.2"
"2126054542","1573996261","1.2"
"1749179515","2032123413","0.2"
"2032123413","1749179515","0.2"
"1749179515","2126054542","0.2"
"2126054542","1749179515","0.2"
"1986697825","2032123413","0.2"
"2032123413","1986697825","0.2"
"1986697825","2126054542","1.98333"
"2126054542","1986697825","1.98333"
"2032123413","2126054542","0.2"
"2126054542","2032123413","0.2"
"1499150148","2125705219","6.53333"
"2125705219","1499150148","6.53333"
"1499150148","2126054542","1.03333"
"2126054542","1499150148","1.03333"
"1986697825","2125705219","1.78333"
"2125705219","1986697825","1.78333"
"2125705219","2126054542","2.28333"
"2126054542","2125705219","2.28333"
"1499150148","2162975743","3.5"
"2162975743","1499150148","3.5"
"2125705219","2162975743","1.5"
"2162975743","2125705219","1.5"
"1499150148","2166194842","0.2"
"2166194842","1499150148","0.2"
"1986697825","2166194842","0.95"
"2166194842","1986697825","0.95"
"2125705219","2134532199","0.45"
"2134532199","2125705219","0.45"
"2125705219","2166194842","0.45"
"2166194842","2125705219","0.45"
"2126054542","2134532199","0.45"
"2134532199","2126054542","0.45"
"2126054542","2166194842","0.45"
"2166194842","2126054542","0.45"
"2134532199","2166194842","4.95"
"2166194842","2134532199","4.95"
"1499150148","1561200998","1"
"1561200998","1499150148","1"
"1527014258","2148353345","0.366667"
"2148353345","1527014258","0.366667"
"2121630402","2148353345","0.566667"
"2148353345","2121630402","0.566667"
"1527014258","1573996261","0.142857"
"1573996261","1527014258","0.142857"
"1527014258","1749179515","0.142857"
"1749179515","1527014258","0.142857"
"1527014258","1986697825","0.142857"
"1986697825","1527014258","0.142857"
"1573996261","2121630402","0.642857"
"2121630402","1573996261","0.642857"
"1573996261","2147287607","0.142857"
"2147287607","1573996261","0.142857"
"1749179515","2121630402","0.142857"
"2121630402","1749179515","0.142857"
"1749179515","2132343759","0.142857"
"2132343759","1749179515","0.142857"
"1749179515","2147287607","0.142857"
"2147287607","1749179515","0.142857"
"1749179515","2155228754","0.142857"
"2155228754","1749179515","0.142857"
"1986697825","2121630402","0.142857"
"2121630402","1986697825","0.142857"
"1986697825","2132343759","0.642857"
"2132343759","1986697825","0.642857"
"1986697825","2147287607","0.142857"
"2147287607","1986697825","0.142857"
"1986697825","2155228754","0.142857"
"2155228754","1986697825","0.142857"
"2147287607","2148353345","0.166667"
"2148353345","2147287607","0.166667"
"1561200998","2162975743","1"
"2162975743","1561200998","1"
"1561200998","2126054542","1"
"2126054542","1561200998","1"
"1569574247","2883424909","26.6679"
"2883424909","1569574247","26.6679"
"1569574247","2242476862","4.67619"
"2242476862","1569574247","4.67619"
"2242476862","2883424909","6.42619"
"2883424909","2242476862","6.42619"
"1569574247","2056545227","0.25"
"2056545227","1569574247","0.25"
"1569574247","2107214735","0.25"
"2107214735","1569574247","0.25"
"2056545227","2107214735","2.25"
"2107214735","2056545227","2.25"
"2056545227","2242476862","0.25"
"2242476862","2056545227","0.25"
"2056545227","2883424909","0.25"
"2883424909","2056545227","0.25"
"2107214735","2242476862","0.25"
"2242476862","2107214735","0.25"
"2107214735","2883424909","0.25"
"2883424909","2107214735","0.25"
"1569574247","2183333557","1.575"
"2183333557","1569574247","1.575"
"2183333557","2883424909","1.575"
"2883424909","2183333557","1.575"
"1569574247","1660039293","2.83452"
"1660039293","1569574247","2.83452"
"1569574247","1995211436","2.50119"
"1995211436","1569574247","2.50119"
"1660039293","1995211436","10.4512"
"1995211436","1660039293","10.4512"
"1660039293","2883424909","2.50119"
"2883424909","1660039293","2.50119"
"1995211436","2883424909","2.50119"
"2883424909","1995211436","2.50119"
"1569574247","2548952463","0.47619"
"2548952463","1569574247","0.47619"
"2242476862","2548952463","2.36905"
"2548952463","2242476862","2.36905"
"2548952463","2883424909","1.97619"
"2883424909","2548952463","1.97619"
"1569574247","2023082958","0.125"
"2023082958","1569574247","0.125"
"1569574247","2061194905","0.458333"
"2061194905","1569574247","0.458333"
"1569574247","2604776576","0.267857"
"2604776576","1569574247","0.267857"
"1569574247","2794663017","0.267857"
"2794663017","1569574247","0.267857"
"1660039293","2023082958","0.125"
"2023082958","1660039293","0.125"
"1660039293","2061194905","0.458333"
"2061194905","1660039293","0.458333"
"1660039293","2183333557","0.491667"
"2183333557","1660039293","0.491667"
"1660039293","2604776576","0.467857"
"2604776576","1660039293","0.467857"
"1660039293","2794663017","0.467857"
"2794663017","1660039293","0.467857"
"1995211436","2023082958","0.125"
"2023082958","1995211436","0.125"
"1995211436","2061194905","0.125"
"2061194905","1995211436","0.125"
"1995211436","2183333557","0.491667"
"2183333557","1995211436","0.491667"
"1995211436","2604776576","1.13452"
"2604776576","1995211436","1.13452"
"1995211436","2794663017","1.13452"
"2794663017","1995211436","1.13452"
"2023082958","2061194905","1.125"
"2061194905","2023082958","1.125"
"2023082958","2183333557","0.125"
"2183333557","2023082958","0.125"
"2023082958","2604776576","0.125"
"2604776576","2023082958","0.125"
"2023082958","2794663017","0.125"
"2794663017","2023082958","0.125"
"2023082958","2883424909","0.125"
"2883424909","2023082958","0.125"
"2061194905","2183333557","0.125"
"2183333557","2061194905","0.125"
"2061194905","2604776576","0.125"
"2604776576","2061194905","0.125"
"2061194905","2794663017","0.125"
"2794663017","2061194905","0.125"
"2061194905","2883424909","0.125"
"2883424909","2061194905","0.125"
"2183333557","2604776576","0.125"
"2604776576","2183333557","0.125"
"2183333557","2794663017","0.125"
"2794663017","2183333557","0.125"
"2604776576","2794663017","8.36071"
"2794663017","2604776576","8.36071"
"2604776576","2883424909","0.517857"
"2883424909","2604776576","0.517857"
"2794663017","2883424909","0.517857"
"2883424909","2794663017","0.517857"
"1569574247","2264475115","2.16667"
"2264475115","1569574247","2.16667"
"2242476862","2264475115","1.30952"
"2264475115","2242476862","1.30952"
"2264475115","2883424909","3.16667"
"2883424909","2264475115","3.16667"
"1569574247","2725240182","1.45"
"2725240182","1569574247","1.45"
"2183333557","2242476862","0.95"
"2242476862","2183333557","0.95"
"2183333557","2725240182","0.25"
"2725240182","2183333557","0.25"
"2242476862","2725240182","1.39286"
"2725240182","2242476862","1.39286"
"2725240182","2883424909","2.45"
"2883424909","2725240182","2.45"
"1569574247","2340432473","0.7"
"2340432473","1569574247","0.7"
"2340432473","2883424909","1.95"
"2883424909","2340432473","1.95"
"1660039293","2242476862","0.509524"
"2242476862","1660039293","0.509524"
"1995211436","2242476862","0.509524"
"2242476862","1995211436","0.509524"
"1660039293","2340432473","4.06667"
"2340432473","1660039293","4.06667"
"1660039293","2725240182","0.2"
"2725240182","1660039293","0.2"
"1995211436","2340432473","3.56667"
"2340432473","1995211436","3.56667"
"1995211436","2725240182","0.2"
"2725240182","1995211436","0.2"
"2340432473","2725240182","0.67619"
"2725240182","2340432473","0.67619"
"1660039293","2264475115","0.75"
"2264475115","1660039293","0.75"
"1995211436","2264475115","0.75"
"2264475115","1995211436","0.75"
"2183333557","2264475115","0.166667"
"2264475115","2183333557","0.166667"
"1660039293","2548952463","0.142857"
"2548952463","1660039293","0.142857"
"1995211436","2548952463","0.809524"
"2548952463","1995211436","0.809524"
"2242476862","2604776576","0.285714"
"2604776576","2242476862","0.285714"
"2242476862","2794663017","0.285714"
"2794663017","2242476862","0.285714"
"2548952463","2604776576","4.20238"
"2604776576","2548952463","4.20238"
"2548952463","2794663017","4.20238"
"2794663017","2548952463","4.20238"
"1569574247","2034568587","0.333333"
"2034568587","1569574247","0.333333"
"1660039293","2034568587","0.666667"
"2034568587","1660039293","0.666667"
"2034568587","2061194905","0.333333"
"2061194905","2034568587","0.333333"
"1573996261","2068157134","0.5"
"2068157134","1573996261","0.5"
"1573996261","2124581454","0.5"
"2124581454","1573996261","0.5"
"2068157134","2124581454","16.6667"
"2124581454","2068157134","16.6667"
"1574047340","2126054542","1"
"2126054542","1574047340","1"
"1574047340","2068157134","0.333333"
"2068157134","1574047340","0.333333"
"1574047340","2124581454","0.333333"
"2124581454","1574047340","0.333333"
"1574047340","2155537849","1.33333"
"2155537849","1574047340","1.33333"
"2068157134","2155537849","0.666667"
"2155537849","2068157134","0.666667"
"2124581454","2155537849","0.666667"
"2155537849","2124581454","0.666667"
"161696452","2054459949","6.28333"
"2054459949","161696452","6.28333"
"161696452","2093457890","0.333333"
"2093457890","161696452","0.333333"
"161696452","2163100934","2.78333"
"2163100934","161696452","2.78333"
"2054459949","2093457890","0.783333"
"2093457890","2054459949","0.783333"
"2054459949","2163100934","2.78333"
"2163100934","2054459949","2.78333"
"2093457890","2163100934","0.333333"
"2163100934","2093457890","0.333333"
"161696452","2127398375","3"
"2127398375","161696452","3"
"161696452","2399616294","0.25"
"2399616294","161696452","0.25"
"161696452","2604477445","1.75"
"2604477445","161696452","1.75"
"2054459949","2399616294","1.75"
"2399616294","2054459949","1.75"
"2054459949","2604477445","2.25"
"2604477445","2054459949","2.25"
"2163100934","2399616294","0.25"
"2399616294","2163100934","0.25"
"2163100934","2604477445","0.25"
"2604477445","2163100934","0.25"
"2399616294","2604477445","0.75"
"2604477445","2399616294","0.75"
"161696452","2023082958","0.166667"
"2023082958","161696452","0.166667"
"161696452","2096171686","0.166667"
"2096171686","161696452","0.166667"
"161696452","2146825440","0.166667"
"2146825440","161696452","0.166667"
"161696452","2172118809","0.166667"
"2172118809","161696452","0.166667"
"2023082958","2054459949","0.291667"
"2054459949","2023082958","0.291667"
"2023082958","2096171686","0.416667"
"2096171686","2023082958","0.416667"
"2023082958","2146825440","0.513889"
"2146825440","2023082958","0.513889"
"2023082958","2163100934","0.166667"
"2163100934","2023082958","0.166667"
"2023082958","2172118809","2.18056"
"2172118809","2023082958","2.18056"
"2054459949","2096171686","1.9"
"2096171686","2054459949","1.9"
"2054459949","2146825440","0.541667"
"2146825440","2054459949","0.541667"
"2054459949","2172118809","0.291667"
"2172118809","2054459949","0.291667"
"2096171686","2146825440","0.309524"
"2146825440","2096171686","0.309524"
"2096171686","2163100934","0.166667"
"2163100934","2096171686","0.166667"
"2096171686","2172118809","0.416667"
"2172118809","2096171686","0.416667"
"2146825440","2163100934","0.166667"
"2163100934","2146825440","0.166667"
"2146825440","2172118809","0.763889"
"2172118809","2146825440","0.763889"
"2163100934","2172118809","0.166667"
"2172118809","2163100934","0.166667"
"161696452","2096346879","0.2"
"2096346879","161696452","0.2"
"161696452","2155228754","0.533333"
"2155228754","161696452","0.533333"
"161696452","2281368814","0.2"
"2281368814","161696452","0.2"
"2054459949","2096346879","0.2"
"2096346879","2054459949","0.2"
"2054459949","2155228754","0.533333"
"2155228754","2054459949","0.533333"
"2054459949","2281368814","0.2"
"2281368814","2054459949","0.2"
"2096346879","2155228754","0.2"
"2155228754","2096346879","0.2"
"2096346879","2163100934","0.2"
"2163100934","2096346879","0.2"
"2096346879","2281368814","19.2"
"2281368814","2096346879","19.2"
"2155228754","2163100934","0.533333"
"2163100934","2155228754","0.533333"
"2155228754","2281368814","0.2"
"2281368814","2155228754","0.2"
"2163100934","2281368814","0.2"
"2281368814","2163100934","0.2"
"1660039293","2967626403","0.333333"
"2967626403","1660039293","0.333333"
"1995211436","2034568587","0.333333"
"2034568587","1995211436","0.333333"
"1995211436","2967626403","0.333333"
"2967626403","1995211436","0.333333"
"2034568587","2967626403","1.33333"
"2967626403","2034568587","1.33333"
"1660039293","2128123885","1.03333"
"2128123885","1660039293","1.03333"
"1995211436","2128123885","1.53333"
"2128123885","1995211436","1.53333"
"2128123885","2340432473","3.03333"
"2340432473","2128123885","3.03333"
"2264475115","2340432473","0.47619"
"2340432473","2264475115","0.47619"
"1660039293","2802090883","0.25"
"2802090883","1660039293","0.25"
"1660039293","2899610691","0.25"
"2899610691","1660039293","0.25"
"1995211436","2802090883","0.25"
"2802090883","1995211436","0.25"
"1995211436","2899610691","0.25"
"2899610691","1995211436","0.25"
"2264475115","2802090883","0.25"
"2802090883","2264475115","0.25"
"2264475115","2899610691","0.25"
"2899610691","2264475115","0.25"
"2802090883","2899610691","17.25"
"2899610691","2802090883","17.25"
"2128123885","2604776576","0.2"
"2604776576","2128123885","0.2"
"2128123885","2794663017","0.2"
"2794663017","2128123885","0.2"
"2340432473","2604776576","1.84286"
"2604776576","2340432473","1.84286"
"2340432473","2794663017","1.84286"
"2794663017","2340432473","1.84286"
"1749179515","2068157134","1.5"
"2068157134","1749179515","1.5"
"1749179515","2124581454","0.5"
"2124581454","1749179515","0.5"
"1767411849","2155537849","0.5"
"2155537849","1767411849","0.5"
"1767411849","2162975743","0.5"
"2162975743","1767411849","0.5"
"2155537849","2162975743","0.833333"
"2162975743","2155537849","0.833333"
"1767411849","2068157134","0.5"
"2068157134","1767411849","0.5"
"1767411849","2124581454","0.5"
"2124581454","1767411849","0.5"
"181694393","2009603838","1.27778"
"2009603838","181694393","1.27778"
"181694393","2061194905","0.166667"
"2061194905","181694393","0.166667"
"181694393","2135501424","0.166667"
"2135501424","181694393","0.166667"
"181694393","2146825440","3.17063"
"2146825440","181694393","3.17063"
"181694393","2492250339","0.666667"
"2492250339","181694393","0.666667"
"181694393","2522313987","0.666667"
"2522313987","181694393","0.666667"
"2009603838","2061194905","0.166667"
"2061194905","2009603838","0.166667"
"2009603838","2135501424","0.166667"
"2135501424","2009603838","0.166667"
"2009603838","2146825440","0.652778"
"2146825440","2009603838","0.652778"
"2009603838","2492250339","0.166667"
"2492250339","2009603838","0.166667"
"2009603838","2522313987","0.166667"
"2522313987","2009603838","0.166667"
"2061194905","2135501424","0.166667"
"2135501424","2061194905","0.166667"
"2061194905","2146825440","0.166667"
"2146825440","2061194905","0.166667"
"2061194905","2492250339","0.166667"
"2492250339","2061194905","0.166667"
"2061194905","2522313987","0.166667"
"2522313987","2061194905","0.166667"
"2135501424","2146825440","0.166667"
"2146825440","2135501424","0.166667"
"2135501424","2492250339","1.16667"
"2492250339","2135501424","1.16667"
"2135501424","2522313987","1.5"
"2522313987","2135501424","1.5"
"2146825440","2492250339","0.277778"
"2492250339","2146825440","0.277778"
"2146825440","2522313987","0.277778"
"2522313987","2146825440","0.277778"
"2492250339","2522313987","9.27778"
"2522313987","2492250339","9.27778"
"181694393","2054459949","0.416667"
"2054459949","181694393","0.416667"
"181694393","2105997659","0.670635"
"2105997659","181694393","0.670635"
"181694393","2166224193","1.00397"
"2166224193","181694393","1.00397"
"2054459949","2105997659","1.10833"
"2105997659","2054459949","1.10833"
"2054459949","2166224193","2.89167"
"2166224193","2054459949","2.89167"
"2105997659","2146825440","0.628968"
"2146825440","2105997659","0.628968"
"2105997659","2166224193","3.3623"
"2166224193","2105997659","3.3623"
"2146825440","2166224193","0.990079"
"2166224193","2146825440","0.990079"
"181694393","2021293031","0.5"
"2021293031","181694393","0.5"
"2021293031","2146825440","0.5"
"2146825440","2021293031","0.5"
"181694393","2107214735","0.809524"
"2107214735","181694393","0.809524"
"2107214735","2166224193","1.09286"
"2166224193","2107214735","1.09286"
"181694393","2047432893","1.30952"
"2047432893","181694393","1.30952"
"181694393","2096171686","0.309524"
"2096171686","181694393","0.309524"
"181694393","2794663017","0.142857"
"2794663017","181694393","0.142857"
"2047432893","2096171686","6.29286"
"2096171686","2047432893","6.29286"
"2047432893","2105997659","1.20952"
"2105997659","2047432893","1.20952"
"2047432893","2107214735","1.14286"
"2107214735","2047432893","1.14286"
"2047432893","2146825440","0.392857"
"2146825440","2047432893","0.392857"
"2047432893","2166224193","1.29286"
"2166224193","2047432893","1.29286"
"2047432893","2794663017","2.34286"
"2794663017","2047432893","2.34286"
"2096171686","2105997659","1.20952"
"2105997659","2096171686","1.20952"
"2096171686","2107214735","1.14286"
"2107214735","2096171686","1.14286"
"2096171686","2166224193","1.04286"
"2166224193","2096171686","1.04286"
"2096171686","2794663017","1.34286"
"2794663017","2096171686","1.34286"
"2105997659","2107214735","0.309524"
"2107214735","2105997659","0.309524"
"2105997659","2794663017","0.509524"
"2794663017","2105997659","0.509524"
"2107214735","2146825440","0.142857"
"2146825440","2107214735","0.142857"
"2107214735","2794663017","0.342857"
"2794663017","2107214735","0.342857"
"2146825440","2794663017","0.142857"
"2794663017","2146825440","0.142857"
"2166224193","2794663017","0.709524"
"2794663017","2166224193","0.709524"
"181694393","2056545227","0.166667"
"2056545227","181694393","0.166667"
"2047432893","2054459949","0.733333"
"2054459949","2047432893","0.733333"
"2047432893","2056545227","0.5"
"2056545227","2047432893","0.5"
"2054459949","2056545227","0.166667"
"2056545227","2054459949","0.166667"
"2054459949","2107214735","0.616667"
"2107214735","2054459949","0.616667"
"2056545227","2096171686","0.5"
"2096171686","2056545227","0.5"
"2056545227","2105997659","0.166667"
"2105997659","2056545227","0.166667"
"181694393","2023082958","0.111111"
"2023082958","181694393","0.111111"
"181694393","2034568587","0.111111"
"2034568587","181694393","0.111111"
"181694393","2127398375","0.111111"
"2127398375","181694393","0.111111"
"181694393","2172118809","0.111111"
"2172118809","181694393","0.111111"
"181694393","2181474322","0.111111"
"2181474322","181694393","0.111111"
"2009603838","2023082958","0.236111"
"2023082958","2009603838","0.236111"
"2009603838","2034568587","0.111111"
"2034568587","2009603838","0.111111"
"2009603838","2105997659","1.06944"
"2105997659","2009603838","1.06944"
"2009603838","2127398375","0.736111"
"2127398375","2009603838","0.736111"
"2009603838","2166224193","2.31944"
"2166224193","2009603838","2.31944"
"2009603838","2172118809","0.486111"
"2172118809","2009603838","0.486111"
"2009603838","2181474322","0.111111"
"2181474322","2009603838","0.111111"
"2023082958","2034568587","0.777778"
"2034568587","2023082958","0.777778"
"2023082958","2105997659","0.236111"
"2105997659","2023082958","0.236111"
"2023082958","2127398375","0.486111"
"2127398375","2023082958","0.486111"
"2023082958","2166224193","0.347222"
"2166224193","2023082958","0.347222"
"2023082958","2181474322","1.38889"
"2181474322","2023082958","1.38889"
"2034568587","2105997659","0.111111"
"2105997659","2034568587","0.111111"
"2034568587","2127398375","0.111111"
"2127398375","2034568587","0.111111"
"2034568587","2146825440","0.111111"
"2146825440","2034568587","0.111111"
"2034568587","2166224193","0.111111"
"2166224193","2034568587","0.111111"
"2034568587","2172118809","0.444444"
"2172118809","2034568587","0.444444"
"2034568587","2181474322","3.77778"
"2181474322","2034568587","3.77778"
"2105997659","2127398375","0.569444"
"2127398375","2105997659","0.569444"
"2105997659","2172118809","0.236111"
"2172118809","2105997659","0.236111"
"2105997659","2181474322","0.111111"
"2181474322","2105997659","0.111111"
"2127398375","2146825440","0.236111"
"2146825440","2127398375","0.236111"
"2127398375","2166224193","1.06944"
"2166224193","2127398375","1.06944"
"2127398375","2172118809","0.486111"
"2172118809","2127398375","0.486111"
"2127398375","2181474322","0.111111"
"2181474322","2127398375","0.111111"
"2146825440","2181474322","0.222222"
"2181474322","2146825440","0.222222"
"2166224193","2172118809","1.09722"
"2172118809","2166224193","1.09722"
"2166224193","2181474322","0.222222"
"2181474322","2166224193","0.222222"
"2172118809","2181474322","1.05556"
"2181474322","2172118809","1.05556"
"1978128441","2098647484","2"
"2098647484","1978128441","2"
"1978128441","2023082958","0.333333"
"2023082958","1978128441","0.333333"
"1978128441","2034568587","0.333333"
"2034568587","1978128441","0.333333"
"1978128441","2181474322","0.333333"
"2181474322","1978128441","0.333333"
"2132343759","2134532199","0.5"
"2134532199","2132343759","0.5"
"2009603838","2056545227","1"
"2056545227","2009603838","1"
"2009603838","2093457890","0.166667"
"2093457890","2009603838","0.166667"
"2009603838","2098365426","0.5"
"2098365426","2009603838","0.5"
"2009603838","2463283787","0.166667"
"2463283787","2009603838","0.166667"
"2009603838","2951864179","0.5"
"2951864179","2009603838","0.5"
"2056545227","2093457890","0.166667"
"2093457890","2056545227","0.166667"
"2056545227","2098365426","11"
"2098365426","2056545227","11"
"2056545227","2127398375","1.16667"
"2127398375","2056545227","1.16667"
"2056545227","2463283787","0.166667"
"2463283787","2056545227","0.166667"
"2056545227","2951864179","6.5"
"2951864179","2056545227","6.5"
"2093457890","2098365426","0.166667"
"2098365426","2093457890","0.166667"
"2093457890","2127398375","0.166667"
"2127398375","2093457890","0.166667"
"2093457890","2463283787","0.166667"
"2463283787","2093457890","0.166667"
"2093457890","2951864179","0.166667"
"2951864179","2093457890","0.166667"
"2098365426","2127398375","0.166667"
"2127398375","2098365426","0.166667"
"2098365426","2463283787","0.166667"
"2463283787","2098365426","0.166667"
"2098365426","2951864179","6.5"
"2951864179","2098365426","6.5"
"2127398375","2463283787","0.166667"
"2463283787","2127398375","0.166667"
"2127398375","2951864179","0.166667"
"2951864179","2127398375","0.166667"
"2463283787","2951864179","0.166667"
"2951864179","2463283787","0.166667"
"2009603838","2049213427","0.125"
"2049213427","2009603838","0.125"
"2009603838","2054459949","0.125"
"2054459949","2009603838","0.125"
"2023082958","2049213427","0.236111"
"2049213427","2023082958","0.236111"
"2049213427","2054459949","0.125"
"2054459949","2049213427","0.125"
"2049213427","2105997659","0.125"
"2105997659","2049213427","0.125"
"2049213427","2127398375","0.125"
"2127398375","2049213427","0.125"
"2049213427","2146825440","0.236111"
"2146825440","2049213427","0.236111"
"2049213427","2166224193","0.736111"
"2166224193","2049213427","0.736111"
"2049213427","2172118809","0.736111"
"2172118809","2049213427","0.736111"
"2054459949","2127398375","0.625"
"2127398375","2054459949","0.625"
"2009603838","2164334663","0.5"
"2164334663","2009603838","0.5"
"2164334663","2166224193","0.5"
"2166224193","2164334663","0.5"
"2056545227","2166224193","0.5"
"2166224193","2056545227","0.5"
"2009603838","2047432893","0.25"
"2047432893","2009603838","0.25"
"2047432893","2172118809","0.5"
"2172118809","2047432893","0.5"
"2021293031","2967626403","2"
"2967626403","2021293031","2"
"2021293031","2121985689","1.5"
"2121985689","2021293031","1.5"
"2021293031","2107214735","0.5"
"2107214735","2021293031","0.5"
"2107214735","2121985689","0.5"
"2121985689","2107214735","0.5"
"2023082958","2121985689","0.111111"
"2121985689","2023082958","0.111111"
"2023082958","2424558170","0.111111"
"2424558170","2023082958","0.111111"
"2023082958","2492250339","0.111111"
"2492250339","2023082958","0.111111"
"2023082958","2522313987","0.111111"
"2522313987","2023082958","0.111111"
"2049213427","2121985689","0.111111"
"2121985689","2049213427","0.111111"
"2049213427","2181474322","0.111111"
"2181474322","2049213427","0.111111"
"2049213427","2424558170","0.111111"
"2424558170","2049213427","0.111111"
"2049213427","2492250339","0.111111"
"2492250339","2049213427","0.111111"
"2049213427","2522313987","0.111111"
"2522313987","2049213427","0.111111"
"2121985689","2146825440","0.111111"
"2146825440","2121985689","0.111111"
"2121985689","2166224193","0.111111"
"2166224193","2121985689","0.111111"
"2121985689","2172118809","0.111111"
"2172118809","2121985689","0.111111"
"2121985689","2181474322","0.111111"
"2181474322","2121985689","0.111111"
"2121985689","2424558170","0.111111"
"2424558170","2121985689","0.111111"
"2121985689","2492250339","0.111111"
"2492250339","2121985689","0.111111"
"2121985689","2522313987","0.111111"
"2522313987","2121985689","0.111111"
"2146825440","2424558170","0.111111"
"2424558170","2146825440","0.111111"
"2166224193","2424558170","0.111111"
"2424558170","2166224193","0.111111"
"2166224193","2492250339","0.111111"
"2492250339","2166224193","0.111111"
"2166224193","2522313987","0.111111"
"2522313987","2166224193","0.111111"
"2172118809","2424558170","0.111111"
"2424558170","2172118809","0.111111"
"2172118809","2492250339","0.111111"
"2492250339","2172118809","0.111111"
"2172118809","2522313987","0.111111"
"2522313987","2172118809","0.111111"
"2181474322","2424558170","0.111111"
"2424558170","2181474322","0.111111"
"2181474322","2492250339","0.111111"
"2492250339","2181474322","0.111111"
"2181474322","2522313987","0.111111"
"2522313987","2181474322","0.111111"
"2424558170","2492250339","0.611111"
"2492250339","2424558170","0.611111"
"2424558170","2522313987","0.611111"
"2522313987","2424558170","0.611111"
"2023082958","2032123413","0.333333"
"2032123413","2023082958","0.333333"
"2023082958","2148353345","0.333333"
"2148353345","2023082958","0.333333"
"2032123413","2172118809","0.333333"
"2172118809","2032123413","0.333333"
"2148353345","2172118809","0.333333"
"2172118809","2148353345","0.333333"
"2023082958","2098647484","0.25"
"2098647484","2023082958","0.25"
"2023082958","2138757450","0.25"
"2138757450","2023082958","0.25"
"2023082958","2155228754","0.25"
"2155228754","2023082958","0.25"
"2098647484","2138757450","0.783333"
"2138757450","2098647484","0.783333"
"2098647484","2172118809","0.25"
"2172118809","2098647484","0.25"
"2138757450","2172118809","0.25"
"2172118809","2138757450","0.25"
"2155228754","2172118809","0.25"
"2172118809","2155228754","0.25"
"2023082958","2047432893","0.25"
"2047432893","2023082958","0.25"
"2047432893","2127398375","0.25"
"2127398375","2047432893","0.25"
"2096171686","2127398375","0.25"
"2127398375","2096171686","0.25"
"2032123413","2068157134","0.5"
"2068157134","2032123413","0.5"
"2032123413","2098647484","0.5"
"2098647484","2032123413","0.5"
"2068157134","2098647484","1.5"
"2098647484","2068157134","1.5"
"2034568587","2147287607","0.333333"
"2147287607","2034568587","0.333333"
"2034568587","2155228754","0.333333"
"2155228754","2034568587","0.333333"
"2034568587","2407373542","0.333333"
"2407373542","2034568587","0.333333"
"2147287607","2407373542","0.333333"
"2407373542","2147287607","0.333333"
"2155228754","2407373542","0.333333"
"2407373542","2155228754","0.333333"
"2047432893","2967626403","1"
"2967626403","2047432893","1"
"2047432893","2407373542","1.33333"
"2407373542","2047432893","1.33333"
"2056545227","2407373542","0.333333"
"2407373542","2056545227","0.333333"
"2096171686","2407373542","3.33333"
"2407373542","2096171686","3.33333"
"2107214735","2407373542","0.783333"
"2407373542","2107214735","0.783333"
"2054459949","2407373542","0.616667"
"2407373542","2054459949","0.616667"
"2054459949","2794663017","0.566667"
"2794663017","2054459949","0.566667"
"2105997659","2407373542","0.166667"
"2407373542","2105997659","0.166667"
"2166224193","2407373542","0.616667"
"2407373542","2166224193","0.616667"
"2407373542","2794663017","0.366667"
"2794663017","2407373542","0.366667"
"2047432893","2604776576","0.333333"
"2604776576","2047432893","0.333333"
"2096171686","2604776576","0.333333"
"2604776576","2096171686","0.333333"
"2047432893","2061194905","0.2"
"2061194905","2047432893","0.2"
"2054459949","2061194905","0.2"
"2061194905","2054459949","0.2"
"2061194905","2096171686","0.2"
"2096171686","2061194905","0.2"
"2061194905","2105997659","0.2"
"2105997659","2061194905","0.2"
"2061194905","2166224193","0.2"
"2166224193","2061194905","0.2"
"2047432893","2132343759","0.333333"
"2132343759","2047432893","0.333333"
"2047432893","2155228754","0.333333"
"2155228754","2047432893","0.333333"
"2096171686","2132343759","0.333333"
"2132343759","2096171686","0.333333"
"2096171686","2155228754","0.333333"
"2155228754","2096171686","0.333333"
"2093457890","2107214735","0.45"
"2107214735","2093457890","0.45"
"2093457890","2166224193","0.45"
"2166224193","2093457890","0.45"
"2093457890","2407373542","0.45"
"2407373542","2093457890","0.45"
"2093457890","2794663017","1.2"
"2794663017","2093457890","1.2"
"2056545227","2164334663","1.16667"
"2164334663","2056545227","1.16667"
"2098365426","2107214735","0.833333"
"2107214735","2098365426","0.833333"
"2107214735","2951864179","0.333333"
"2951864179","2107214735","0.333333"
"2056545227","2114734227","0.166667"
"2114734227","2056545227","0.166667"
"2056545227","2293558411","0.166667"
"2293558411","2056545227","0.166667"
"2056545227","2604477445","0.166667"
"2604477445","2056545227","0.166667"
"2098365426","2114734227","0.166667"
"2114734227","2098365426","0.166667"
"2098365426","2164334663","0.166667"
"2164334663","2098365426","0.166667"
"2098365426","2293558411","0.166667"
"2293558411","2098365426","0.166667"
"2098365426","2604477445","0.166667"
"2604477445","2098365426","0.166667"
"2114734227","2164334663","0.166667"
"2164334663","2114734227","0.166667"
"2114734227","2293558411","0.166667"
"2293558411","2114734227","0.166667"
"2114734227","2604477445","1.16667"
"2604477445","2114734227","1.16667"
"2114734227","2951864179","0.166667"
"2951864179","2114734227","0.166667"
"2164334663","2293558411","0.166667"
"2293558411","2164334663","0.166667"
"2164334663","2604477445","0.166667"
"2604477445","2164334663","0.166667"
"2164334663","2951864179","0.166667"
"2951864179","2164334663","0.166667"
"2293558411","2604477445","0.166667"
"2604477445","2293558411","0.166667"
"2293558411","2951864179","0.166667"
"2951864179","2293558411","0.166667"
"2604477445","2951864179","0.166667"
"2951864179","2604477445","0.166667"
"2061194905","2098647484","0.333333"
"2098647484","2061194905","0.333333"
"2061194905","2127398375","0.333333"
"2127398375","2061194905","0.333333"
"2061194905","2148353345","0.333333"
"2148353345","2061194905","0.333333"
"2098647484","2127398375","0.333333"
"2127398375","2098647484","0.333333"
"2098647484","2148353345","1.86667"
"2148353345","2098647484","1.86667"
"2127398375","2148353345","0.333333"
"2148353345","2127398375","0.333333"
"2068157134","2162975743","0.333333"
"2162975743","2068157134","0.333333"
"2124581454","2162975743","0.333333"
"2162975743","2124581454","0.333333"
"2068157134","2126054542","0.5"
"2126054542","2068157134","0.5"
"2124581454","2126054542","0.5"
"2126054542","2124581454","0.5"
"2093457890","2293558411","3.83333"
"2293558411","2093457890","3.83333"
"2093457890","2522313987","0.833333"
"2522313987","2093457890","0.833333"
"2293558411","2522313987","0.833333"
"2522313987","2293558411","0.833333"
"2093457890","2135501424","0.333333"
"2135501424","2093457890","0.333333"
"2135501424","2293558411","0.333333"
"2293558411","2135501424","0.333333"
"2096346879","2399616294","1"
"2399616294","2096346879","1"
"2098647484","2121630402","1.2"
"2121630402","2098647484","1.2"
"2098647484","2132343759","0.2"
"2132343759","2098647484","0.2"
"2114734227","2119730907","1"
"2119730907","2114734227","1"
"2121630402","2127398375","0.25"
"2127398375","2121630402","0.25"
"2127398375","2132343759","0.25"
"2132343759","2127398375","0.25"
"2127398375","2147287607","0.25"
"2147287607","2127398375","0.25"
"2127398375","2155228754","0.25"
"2155228754","2127398375","0.25"
"2121985689","2800142148","1"
"2800142148","2121985689","1"
"2148353345","2424558170","2"
"2424558170","2148353345","2"
"2242476862","2340432473","0.392857"
"2340432473","2242476862","0.392857"
"2242476862","2547436379","0.392857"
"2547436379","2242476862","0.392857"
"2264475115","2547436379","0.142857"
"2547436379","2264475115","0.142857"
"2264475115","2548952463","0.142857"
"2548952463","2264475115","0.142857"
"2264475115","2604776576","0.142857"
"2604776576","2264475115","0.142857"
"2264475115","2725240182","0.142857"
"2725240182","2264475115","0.142857"
"2264475115","2794663017","0.142857"
"2794663017","2264475115","0.142857"
"2340432473","2547436379","0.72619"
"2547436379","2340432473","0.72619"
"2340432473","2548952463","0.392857"
"2548952463","2340432473","0.392857"
"2547436379","2548952463","1.64286"
"2548952463","2547436379","1.64286"
"2547436379","2604776576","0.392857"
"2604776576","2547436379","0.392857"
"2547436379","2725240182","0.47619"
"2725240182","2547436379","0.47619"
"2547436379","2794663017","0.392857"
"2794663017","2547436379","0.392857"
"2548952463","2725240182","0.642857"
"2725240182","2548952463","0.642857"
"2604776576","2725240182","0.142857"
"2725240182","2604776576","0.142857"
"2725240182","2794663017","0.142857"
"2794663017","2725240182","0.142857"
"2547436379","2883424909","0.5"
"2883424909","2547436379","0.5"
"2340432473","2967626403","1"
"2967626403","2340432473","1"
"2340432473","2604742448","0.333333"
"2604742448","2340432473","0.333333"
"2547436379","2604742448","0.333333"
"2604742448","2547436379","0.333333"
"2604742448","2725240182","9.83333"
"2725240182","2604742448","9.83333"
"2604742448","2883424909","0.5"
"2883424909","2604742448","0.5"
"2800142148","2899610691","2"
"2899610691","2800142148","2"
