"1508608059","1972933296","0.0909091"
"1972933296","1508608059","0.0909091"
"1508608059","1981545587","0.0909091"
"1981545587","1508608059","0.0909091"
"1508608059","1983306134","0.0909091"
"1983306134","1508608059","0.0909091"
"1508608059","1993626269","0.0909091"
"1993626269","1508608059","0.0909091"
"1508608059","2030110700","0.0909091"
"2030110700","1508608059","0.0909091"
"1508608059","2039726896","0.0909091"
"2039726896","1508608059","0.0909091"
"1508608059","2058494157","0.0909091"
"2058494157","1508608059","0.0909091"
"1508608059","2071314222","0.0909091"
"2071314222","1508608059","0.0909091"
"1508608059","2116279173","0.0909091"
"2116279173","1508608059","0.0909091"
"1508608059","2130183999","0.0909091"
"2130183999","1508608059","0.0909091"
"1508608059","2144405306","0.0909091"
"2144405306","1508608059","0.0909091"
"1972933296","1981545587","0.590909"
"1981545587","1972933296","0.590909"
"1972933296","1983306134","0.153409"
"1983306134","1972933296","0.153409"
"1972933296","1993626269","0.590909"
"1993626269","1972933296","0.590909"
"1972933296","2030110700","0.0909091"
"2030110700","1972933296","0.0909091"
"1972933296","2039726896","0.0909091"
"2039726896","1972933296","0.0909091"
"1972933296","2058494157","0.290909"
"2058494157","1972933296","0.290909"
"1972933296","2071314222","0.0909091"
"2071314222","1972933296","0.0909091"
"1972933296","2116279173","2.59091"
"2116279173","1972933296","2.59091"
"1972933296","2130183999","0.153409"
"2130183999","1972933296","0.153409"
"1972933296","2144405306","0.0909091"
"2144405306","1972933296","0.0909091"
"1981545587","1983306134","0.0909091"
"1983306134","1981545587","0.0909091"
"1981545587","1993626269","0.590909"
"1993626269","1981545587","0.590909"
"1981545587","2030110700","0.0909091"
"2030110700","1981545587","0.0909091"
"1981545587","2039726896","0.0909091"
"2039726896","1981545587","0.0909091"
"1981545587","2058494157","0.0909091"
"2058494157","1981545587","0.0909091"
"1981545587","2071314222","0.0909091"
"2071314222","1981545587","0.0909091"
"1981545587","2116279173","0.0909091"
"2116279173","1981545587","0.0909091"
"1981545587","2130183999","0.0909091"
"2130183999","1981545587","0.0909091"
"1981545587","2144405306","0.0909091"
"2144405306","1981545587","0.0909091"
"1983306134","1993626269","2.21664"
"1993626269","1983306134","2.21664"
"1983306134","2030110700","0.181818"
"2030110700","1983306134","0.181818"
"1983306134","2039726896","0.197352"
"2039726896","1983306134","0.197352"
"1983306134","2058494157","1.91832"
"2058494157","1983306134","1.91832"
"1983306134","2071314222","0.0909091"
"2071314222","1983306134","0.0909091"
"1983306134","2116279173","0.0909091"
"2116279173","1983306134","0.0909091"
"1983306134","2130183999","0.274838"
"2130183999","1983306134","0.274838"
"1983306134","2144405306","0.701198"
"2144405306","1983306134","0.701198"
"1993626269","2030110700","0.0909091"
"2030110700","1993626269","0.0909091"
"1993626269","2039726896","0.384993"
"2039726896","1993626269","0.384993"
"1993626269","2058494157","1.3122"
"2058494157","1993626269","1.3122"
"1993626269","2071314222","0.0909091"
"2071314222","1993626269","0.0909091"
"1993626269","2116279173","0.0909091"
"2116279173","1993626269","0.0909091"
"1993626269","2130183999","0.180909"
"2130183999","1993626269","0.180909"
"1993626269","2144405306","0.751916"
"2144405306","1993626269","0.751916"
"2030110700","2039726896","0.0909091"
"2039726896","2030110700","0.0909091"
"2030110700","2058494157","0.0909091"
"2058494157","2030110700","0.0909091"
"2030110700","2071314222","0.0909091"
"2071314222","2030110700","0.0909091"
"2030110700","2116279173","1.79091"
"2116279173","2030110700","1.79091"
"2030110700","2130183999","0.0909091"
"2130183999","2030110700","0.0909091"
"2030110700","2144405306","0.0909091"
"2144405306","2030110700","0.0909091"
"2039726896","2058494157","0.435447"
"2058494157","2039726896","0.435447"
"2039726896","2071314222","0.0909091"
"2071314222","2039726896","0.0909091"
"2039726896","2116279173","0.0909091"
"2116279173","2039726896","0.0909091"
"2039726896","2130183999","0.0909091"
"2130183999","2039726896","0.0909091"
"2039726896","2144405306","4.55651"
"2144405306","2039726896","4.55651"
"2058494157","2071314222","0.0909091"
"2071314222","2058494157","0.0909091"
"2058494157","2116279173","0.0909091"
"2116279173","2058494157","0.0909091"
"2058494157","2130183999","0.180909"
"2130183999","2058494157","0.180909"
"2058494157","2144405306","0.80237"
"2144405306","2058494157","0.80237"
"2071314222","2116279173","0.0909091"
"2116279173","2071314222","0.0909091"
"2071314222","2130183999","0.0909091"
"2130183999","2071314222","0.0909091"
"2071314222","2144405306","0.0909091"
"2144405306","2071314222","0.0909091"
"2116279173","2130183999","0.0909091"
"2130183999","2116279173","0.0909091"
"2116279173","2144405306","0.0909091"
"2144405306","2116279173","0.0909091"
"2130183999","2144405306","0.130909"
"2144405306","2130183999","0.130909"
"1522211256","1781484016","1.84835"
"1781484016","1522211256","1.84835"
"1522211256","1966901553","0.776923"
"1966901553","1522211256","0.776923"
"1522211256","1983306134","0.462338"
"1983306134","1522211256","0.462338"
"1522211256","1993626269","0.05"
"1993626269","1522211256","0.05"
"1522211256","2014651376","0.126923"
"2014651376","1522211256","0.126923"
"1522211256","2033273035","0.326923"
"2033273035","1522211256","0.326923"
"1522211256","2058494157","0.126923"
"2058494157","1522211256","0.126923"
"1522211256","2063276423","8.27143"
"2063276423","1522211256","8.27143"
"1522211256","2081643791","0.121429"
"2081643791","1522211256","0.121429"
"1522211256","2088197693","0.630952"
"2088197693","1522211256","0.630952"
"1522211256","2108751703","0.126923"
"2108751703","1522211256","0.126923"
"1522211256","2109856517","0.25"
"2109856517","1522211256","0.25"
"1522211256","2110121091","5.2"
"2110121091","1522211256","5.2"
"1522211256","2110632039","2.15788"
"2110632039","1522211256","2.15788"
"1522211256","2130183999","0.964286"
"2130183999","1522211256","0.964286"
"1522211256","2144355012","1.55519"
"2144355012","1522211256","1.55519"
"1522211256","2152372455","0.25"
"2152372455","1522211256","0.25"
"1522211256","2168813690","0.05"
"2168813690","1522211256","0.05"
"1522211256","2171292274","0.126923"
"2171292274","1522211256","0.126923"
"1522211256","2317943859","0.126923"
"2317943859","1522211256","0.126923"
"1781484016","1966901553","1.05241"
"1966901553","1781484016","1.05241"
"1781484016","1983306134","0.904794"
"1983306134","1781484016","0.904794"
"1781484016","1993626269","0.228528"
"1993626269","1781484016","0.228528"
"1781484016","2014651376","0.214542"
"2014651376","1781484016","0.214542"
"1781484016","2033273035","0.126923"
"2033273035","1781484016","0.126923"
"1781484016","2058494157","0.344794"
"2058494157","1781484016","0.344794"
"1781484016","2063276423","2.52168"
"2063276423","1781484016","2.52168"
"1781484016","2081643791","0.121429"
"2081643791","1781484016","0.121429"
"1781484016","2088197693","0.161429"
"2088197693","1781484016","0.161429"
"1781484016","2108751703","0.174542"
"2108751703","1781484016","0.174542"
"1781484016","2109856517","0.05"
"2109856517","1781484016","0.05"
"1781484016","2110121091","1.04"
"2110121091","1781484016","1.04"
"1781484016","2110632039","13.9027"
"2110632039","1781484016","13.9027"
"1781484016","2130183999","1.16143"
"2130183999","1781484016","1.16143"
"1781484016","2144355012","0.161429"
"2144355012","1781484016","0.161429"
"1781484016","2152372455","0.05"
"2152372455","1781484016","0.05"
"1781484016","2168813690","0.05"
"2168813690","1781484016","0.05"
"1781484016","2171292274","0.198352"
"2171292274","1781484016","0.198352"
"1781484016","2317943859","0.733366"
"2317943859","1781484016","0.733366"
"1966901553","1983306134","1.81993"
"1983306134","1966901553","1.81993"
"1966901553","1993626269","0.4"
"1993626269","1966901553","0.4"
"1966901553","2014651376","1.37692"
"2014651376","1966901553","1.37692"
"1966901553","2033273035","0.326923"
"2033273035","1966901553","0.326923"
"1966901553","2058494157","0.535747"
"2058494157","1966901553","0.535747"
"1966901553","2063276423","0.25"
"2063276423","1966901553","0.25"
"1966901553","2081643791","0.161111"
"2081643791","1966901553","0.161111"
"1966901553","2088197693","0.05"
"2088197693","1966901553","0.05"
"1966901553","2108751703","0.238034"
"2108751703","1966901553","0.238034"
"1966901553","2109856517","0.25"
"2109856517","1966901553","0.25"
"1966901553","2110121091","0.25"
"2110121091","1966901553","0.25"
"1966901553","2110632039","0.552413"
"2110632039","1966901553","0.552413"
"1966901553","2130183999","0.05"
"2130183999","1966901553","0.05"
"1966901553","2144355012","0.05"
"2144355012","1966901553","0.05"
"1966901553","2152372455","0.25"
"2152372455","1966901553","0.25"
"1966901553","2168813690","0.161111"
"2168813690","1966901553","0.161111"
"1966901553","2171292274","0.488034"
"2171292274","1966901553","0.488034"
"1966901553","2317943859","0.685747"
"2317943859","1966901553","0.685747"
"1983306134","2014651376","2.08823"
"2014651376","1983306134","2.08823"
"1983306134","2033273035","0.05"
"2033273035","1983306134","0.05"
"1983306134","2063276423","0.298352"
"2063276423","1983306134","0.298352"
"1983306134","2081643791","2.3754"
"2081643791","1983306134","2.3754"
"1983306134","2088197693","0.183929"
"2088197693","1983306134","0.183929"
"1983306134","2108751703","1.31984"
"2108751703","1983306134","1.31984"
"1983306134","2109856517","0.238034"
"2109856517","1983306134","0.238034"
"1983306134","2110121091","0.15"
"2110121091","1983306134","0.15"
"1983306134","2110632039","0.904794"
"2110632039","1983306134","0.904794"
"1983306134","2144355012","0.212338"
"2144355012","1983306134","0.212338"
"1983306134","2152372455","0.383333"
"2152372455","1983306134","0.383333"
"1983306134","2168813690","0.303968"
"2168813690","1983306134","0.303968"
"1983306134","2171292274","1.88486"
"2171292274","1983306134","1.88486"
"1983306134","2317943859","0.156443"
"2317943859","1983306134","0.156443"
"1993626269","2014651376","0.954621"
"2014651376","1993626269","0.954621"
"1993626269","2033273035","0.105556"
"2033273035","1993626269","0.105556"
"1993626269","2063276423","0.09"
"2063276423","1993626269","0.09"
"1993626269","2081643791","0.716667"
"2081643791","1993626269","0.716667"
"1993626269","2088197693","0.09"
"2088197693","1993626269","0.09"
"1993626269","2108751703","0.097619"
"2108751703","1993626269","0.097619"
"1993626269","2109856517","0.126923"
"2109856517","1993626269","0.126923"
"1993626269","2110121091","0.09"
"2110121091","1993626269","0.09"
"1993626269","2110632039","0.228528"
"2110632039","1993626269","0.228528"
"1993626269","2144355012","0.09"
"2144355012","1993626269","0.09"
"1993626269","2152372455","0.438889"
"2152372455","1993626269","0.438889"
"1993626269","2168813690","0.05"
"2168813690","1993626269","0.05"
"1993626269","2171292274","1.07534"
"2171292274","1993626269","1.07534"
"1993626269","2317943859","0.097619"
"2317943859","1993626269","0.097619"
"2014651376","2033273035","0.475957"
"2033273035","2014651376","0.475957"
"2014651376","2058494157","0.864878"
"2058494157","2014651376","0.864878"
"2014651376","2063276423","0.09"
"2063276423","2014651376","0.09"
"2014651376","2081643791","0.216667"
"2081643791","2014651376","0.216667"
"2014651376","2088197693","0.685833"
"2088197693","2014651376","0.685833"
"2014651376","2108751703","0.174542"
"2108751703","2014651376","0.174542"
"2014651376","2109856517","1.33707"
"2109856517","2014651376","1.33707"
"2014651376","2110121091","0.09"
"2110121091","2014651376","0.09"
"2014651376","2110632039","0.214542"
"2110632039","2014651376","0.214542"
"2014651376","2130183999","0.3525"
"2130183999","2014651376","0.3525"
"2014651376","2144355012","0.09"
"2144355012","2014651376","0.09"
"2014651376","2152372455","1.3157"
"2152372455","2014651376","1.3157"
"2014651376","2168813690","0.05"
"2168813690","2014651376","0.05"
"2014651376","2171292274","0.652259"
"2171292274","2014651376","0.652259"
"2014651376","2317943859","0.884687"
"2317943859","2014651376","0.884687"
"2033273035","2058494157","0.182479"
"2058494157","2033273035","0.182479"
"2033273035","2063276423","0.05"
"2063276423","2033273035","0.05"
"2033273035","2081643791","0.05"
"2081643791","2033273035","0.05"
"2033273035","2088197693","0.05"
"2088197693","2033273035","0.05"
"2033273035","2108751703","0.126923"
"2108751703","2033273035","0.126923"
"2033273035","2109856517","1.37681"
"2109856517","2033273035","1.37681"
"2033273035","2110121091","0.05"
"2110121091","2033273035","0.05"
"2033273035","2110632039","0.126923"
"2110632039","2033273035","0.126923"
"2033273035","2130183999","0.05"
"2130183999","2033273035","0.05"
"2033273035","2144355012","0.05"
"2144355012","2033273035","0.05"
"2033273035","2152372455","0.349034"
"2152372455","2033273035","0.349034"
"2033273035","2168813690","0.05"
"2168813690","2033273035","0.05"
"2033273035","2171292274","0.182479"
"2171292274","2033273035","0.182479"
"2033273035","2317943859","0.170401"
"2317943859","2033273035","0.170401"
"2058494157","2063276423","0.09"
"2063276423","2058494157","0.09"
"2058494157","2081643791","0.192857"
"2081643791","2058494157","0.192857"
"2058494157","2088197693","0.09"
"2088197693","2058494157","0.09"
"2058494157","2108751703","0.174542"
"2108751703","2058494157","0.174542"
"2058494157","2109856517","0.126923"
"2109856517","2058494157","0.126923"
"2058494157","2110121091","0.09"
"2110121091","2058494157","0.09"
"2058494157","2110632039","0.344794"
"2110632039","2058494157","0.344794"
"2058494157","2144355012","0.09"
"2144355012","2058494157","0.09"
"2058494157","2152372455","0.438889"
"2152372455","2058494157","0.438889"
"2058494157","2168813690","0.192857"
"2168813690","2058494157","0.192857"
"2058494157","2171292274","1.56654"
"2171292274","2058494157","1.56654"
"2058494157","2317943859","0.233366"
"2317943859","2058494157","0.233366"
"2063276423","2081643791","0.121429"
"2081643791","2063276423","0.121429"
"2063276423","2088197693","0.528095"
"2088197693","2063276423","0.528095"
"2063276423","2108751703","0.05"
"2108751703","2063276423","0.05"
"2063276423","2109856517","0.05"
"2109856517","2063276423","0.05"
"2063276423","2110121091","12.44"
"2110121091","2063276423","12.44"
"2063276423","2110632039","3.55502"
"2110632039","2063276423","3.55502"
"2063276423","2130183999","1.69476"
"2130183999","2063276423","1.69476"
"2063276423","2144355012","1.36143"
"2144355012","2063276423","1.36143"
"2063276423","2152372455","0.05"
"2152372455","2063276423","0.05"
"2063276423","2168813690","0.05"
"2168813690","2063276423","0.05"
"2063276423","2171292274","0.05"
"2171292274","2063276423","0.05"
"2063276423","2317943859","0.05"
"2317943859","2063276423","0.05"
"2081643791","2088197693","0.121429"
"2088197693","2081643791","0.121429"
"2081643791","2108751703","0.161111"
"2108751703","2081643791","0.161111"
"2081643791","2109856517","0.05"
"2109856517","2081643791","0.05"
"2081643791","2110121091","0.05"
"2110121091","2081643791","0.05"
"2081643791","2110632039","0.121429"
"2110632039","2081643791","0.121429"
"2081643791","2130183999","0.121429"
"2130183999","2081643791","0.121429"
"2081643791","2144355012","0.121429"
"2144355012","2081643791","0.121429"
"2081643791","2152372455","0.05"
"2152372455","2081643791","0.05"
"2081643791","2168813690","3.30397"
"2168813690","2081643791","3.30397"
"2081643791","2171292274","0.303968"
"2171292274","2081643791","0.303968"
"2081643791","2317943859","0.05"
"2317943859","2081643791","0.05"
"2088197693","2108751703","0.05"
"2108751703","2088197693","0.05"
"2088197693","2109856517","0.05"
"2109856517","2088197693","0.05"
"2088197693","2110121091","0.456667"
"2110121091","2088197693","0.456667"
"2088197693","2110632039","0.304286"
"2110632039","2088197693","0.304286"
"2088197693","2130183999","1.33345"
"2130183999","2088197693","1.33345"
"2088197693","2144355012","1.03762"
"2144355012","2088197693","1.03762"
"2088197693","2152372455","0.05"
"2152372455","2088197693","0.05"
"2088197693","2168813690","0.05"
"2168813690","2088197693","0.05"
"2088197693","2171292274","0.05"
"2171292274","2088197693","0.05"
"2088197693","2317943859","0.05"
"2317943859","2088197693","0.05"
"2108751703","2109856517","0.161111"
"2109856517","2108751703","0.161111"
"2108751703","2110121091","0.05"
"2110121091","2108751703","0.05"
"2108751703","2110632039","0.174542"
"2110632039","2108751703","0.174542"
"2108751703","2130183999","0.05"
"2130183999","2108751703","0.05"
"2108751703","2144355012","0.05"
"2144355012","2108751703","0.05"
"2108751703","2152372455","0.05"
"2152372455","2108751703","0.05"
"2108751703","2168813690","0.161111"
"2168813690","2108751703","0.161111"
"2108751703","2171292274","0.349145"
"2171292274","2108751703","0.349145"
"2108751703","2317943859","0.174542"
"2317943859","2108751703","0.174542"
"2109856517","2110121091","0.05"
"2110121091","2109856517","0.05"
"2109856517","2110632039","0.05"
"2110632039","2109856517","0.05"
"2109856517","2130183999","0.05"
"2130183999","2109856517","0.05"
"2109856517","2144355012","0.05"
"2144355012","2109856517","0.05"
"2109856517","2152372455","0.460145"
"2152372455","2109856517","0.460145"
"2109856517","2168813690","0.05"
"2168813690","2109856517","0.05"
"2109856517","2171292274","0.238034"
"2171292274","2109856517","0.238034"
"2109856517","2317943859","0.260145"
"2317943859","2109856517","0.260145"
"2110121091","2110632039","1.40667"
"2110632039","2110121091","1.40667"
"2110121091","2130183999","1.62333"
"2130183999","2110121091","1.62333"
"2110121091","2144355012","1.29"
"2144355012","2110121091","1.29"
"2110121091","2152372455","0.05"
"2152372455","2110121091","0.05"
"2110121091","2168813690","0.05"
"2168813690","2110121091","0.05"
"2110121091","2171292274","0.05"
"2171292274","2110121091","0.05"
"2110121091","2317943859","0.05"
"2317943859","2110121091","0.05"
"2110632039","2130183999","0.304286"
"2130183999","2110632039","0.304286"
"2110632039","2144355012","0.304286"
"2144355012","2110632039","0.304286"
"2110632039","2152372455","0.05"
"2152372455","2110632039","0.05"
"2110632039","2168813690","0.05"
"2168813690","2110632039","0.05"
"2110632039","2171292274","0.198352"
"2171292274","2110632039","0.198352"
"2110632039","2317943859","0.233366"
"2317943859","2110632039","0.233366"
"2130183999","2144355012","1.20429"
"2144355012","2130183999","1.20429"
"2130183999","2152372455","0.05"
"2152372455","2130183999","0.05"
"2130183999","2168813690","0.05"
"2168813690","2130183999","0.05"
"2130183999","2171292274","0.05"
"2171292274","2130183999","0.05"
"2130183999","2317943859","0.05"
"2317943859","2130183999","0.05"
"2144355012","2152372455","0.05"
"2152372455","2144355012","0.05"
"2144355012","2168813690","0.05"
"2168813690","2144355012","0.05"
"2144355012","2171292274","0.05"
"2171292274","2144355012","0.05"
"2144355012","2317943859","0.05"
"2317943859","2144355012","0.05"
"2152372455","2168813690","0.3"
"2168813690","2152372455","0.3"
"2152372455","2171292274","0.105556"
"2171292274","2152372455","0.105556"
"2152372455","2317943859","1.84348"
"2317943859","2152372455","1.84348"
"2168813690","2171292274","0.303968"
"2171292274","2168813690","0.303968"
"2168813690","2317943859","0.3"
"2317943859","2168813690","0.3"
"2171292274","2317943859","0.126923"
"2317943859","2171292274","0.126923"
"1522211256","2018558368","0.340909"
"2018558368","1522211256","0.340909"
"1522211256","2793482766","0.321429"
"2793482766","1522211256","0.321429"
"1966901553","2018558368","0.25"
"2018558368","1966901553","0.25"
"1966901553","2793482766","0.25"
"2793482766","1966901553","0.25"
"1983306134","2018558368","0.417832"
"2018558368","1983306134","0.417832"
"1983306134","2793482766","0.585852"
"2793482766","1983306134","0.585852"
"2018558368","2793482766","0.576923"
"2793482766","2018558368","0.576923"
"1522211256","174550609","0.833333"
"174550609","1522211256","0.833333"
"1522211256","2115989188","0.333333"
"2115989188","1522211256","0.333333"
"174550609","2063276423","2.01692"
"2063276423","174550609","2.01692"
"174550609","2088197693","0.206667"
"2088197693","174550609","0.206667"
"174550609","2110121091","1.35667"
"2110121091","174550609","1.35667"
"174550609","2115989188","3.10026"
"2115989188","174550609","3.10026"
"174550609","2130183999","0.206667"
"2130183999","174550609","0.206667"
"2063276423","2115989188","2.68359"
"2115989188","2063276423","2.68359"
"2088197693","2115989188","0.206667"
"2115989188","2088197693","0.206667"
"2110121091","2115989188","2.52333"
"2115989188","2110121091","2.52333"
"2115989188","2130183999","0.54"
"2130183999","2115989188","0.54"
"1522211256","2509762220","0.166667"
"2509762220","1522211256","0.166667"
"174550609","2110632039","0.68359"
"2110632039","174550609","0.68359"
"174550609","2509762220","0.826923"
"2509762220","174550609","0.826923"
"2063276423","2509762220","0.24359"
"2509762220","2063276423","0.24359"
"2110121091","2509762220","0.416667"
"2509762220","2110121091","0.416667"
"2110632039","2115989188","0.794701"
"2115989188","2110632039","0.794701"
"2110632039","2509762220","0.552413"
"2509762220","2110632039","0.552413"
"2115989188","2509762220","0.826923"
"2509762220","2115989188","0.826923"
"1522211256","1973112418","0.7"
"1973112418","1522211256","0.7"
"1973112418","2063276423","0.84"
"2063276423","1973112418","0.84"
"1522211256","1606508719","0.838528"
"1606508719","1522211256","0.838528"
"1522211256","1966669464","0.505195"
"1966669464","1522211256","0.505195"
"1522211256","2038607816","0.305195"
"2038607816","1522211256","0.305195"
"1606508719","1966669464","1.10103"
"1966669464","1606508719","1.10103"
"1606508719","2038607816","0.545195"
"2038607816","1606508719","0.545195"
"1606508719","2088197693","1.50012"
"2088197693","1606508719","1.50012"
"1606508719","2110632039","0.954286"
"2110632039","1606508719","0.954286"
"1606508719","2130183999","1.41679"
"2130183999","1606508719","1.41679"
"1606508719","2144355012","1.37853"
"2144355012","1606508719","1.37853"
"1966669464","2038607816","0.805195"
"2038607816","1966669464","0.805195"
"1966669464","2088197693","6.84345"
"2088197693","1966669464","6.84345"
"1966669464","2110632039","0.214286"
"2110632039","1966669464","0.214286"
"1966669464","2130183999","0.676786"
"2130183999","1966669464","0.676786"
"1966669464","2144355012","0.838528"
"2144355012","1966669464","0.838528"
"2038607816","2088197693","0.954286"
"2088197693","2038607816","0.954286"
"2038607816","2110632039","0.354286"
"2110632039","2038607816","0.354286"
"2038607816","2130183999","0.454286"
"2130183999","2038607816","0.454286"
"2038607816","2144355012","0.345195"
"2144355012","2038607816","0.345195"
"1606508719","2063276423","1.14476"
"2063276423","1606508719","1.14476"
"1606508719","2110121091","1.07333"
"2110121091","1606508719","1.07333"
"1781484016","1973112418","1.81186"
"1973112418","1781484016","1.81186"
"1973112418","2110121091","0.34"
"2110121091","1973112418","0.34"
"1973112418","2110632039","0.811861"
"2110632039","1973112418","0.811861"
"1522211256","2059918482","0.348352"
"2059918482","1522211256","0.348352"
"1966901553","2059918482","0.460256"
"2059918482","1966901553","0.460256"
"2033273035","2059918482","0.320401"
"2059918482","2033273035","0.320401"
"2059918482","2109856517","0.764846"
"2109856517","2059918482","0.764846"
"2059918482","2152372455","0.243478"
"2152372455","2059918482","0.243478"
"1522211256","1991154551","0.0769231"
"1991154551","1522211256","0.0769231"
"1522211256","2026666064","0.148352"
"2026666064","1522211256","0.148352"
"1522211256","2066623533","0.0769231"
"2066623533","1522211256","0.0769231"
"1781484016","1991154551","0.274275"
"1991154551","1781484016","0.274275"
"1781484016","2026666064","0.148352"
"2026666064","1781484016","0.148352"
"1781484016","2059918482","0.148352"
"2059918482","1781484016","0.148352"
"1781484016","2066623533","0.592053"
"2066623533","1781484016","0.592053"
"1966901553","1991154551","0.135747"
"1991154551","1966901553","0.135747"
"1966901553","2026666064","0.0769231"
"2026666064","1966901553","0.0769231"
"1966901553","2066623533","0.135747"
"2066623533","1966901553","0.135747"
"1991154551","2014651376","0.501354"
"2014651376","1991154551","0.501354"
"1991154551","2026666064","0.120401"
"2026666064","1991154551","0.120401"
"1991154551","2033273035","0.120401"
"2033273035","1991154551","0.120401"
"1991154551","2058494157","0.183366"
"2058494157","1991154551","0.183366"
"1991154551","2059918482","0.231512"
"2059918482","1991154551","0.231512"
"1991154551","2066623533","11.2662"
"2066623533","1991154551","11.2662"
"1991154551","2108751703","0.235653"
"2108751703","1991154551","0.235653"
"1991154551","2110632039","0.274275"
"2110632039","1991154551","0.274275"
"1991154551","2171292274","0.188034"
"2171292274","1991154551","0.188034"
"1991154551","2317943859","0.226844"
"2317943859","1991154551","0.226844"
"2014651376","2026666064","0.287068"
"2026666064","2014651376","0.287068"
"2014651376","2059918482","1.13482"
"2059918482","2014651376","1.13482"
"2014651376","2066623533","0.541354"
"2066623533","2014651376","0.541354"
"2026666064","2033273035","0.120401"
"2033273035","2026666064","0.120401"
"2026666064","2058494157","0.0769231"
"2058494157","2026666064","0.0769231"
"2026666064","2059918482","0.19183"
"2059918482","2026666064","0.19183"
"2026666064","2066623533","0.120401"
"2066623533","2026666064","0.120401"
"2026666064","2108751703","0.0769231"
"2108751703","2026666064","0.0769231"
"2026666064","2110632039","0.148352"
"2110632039","2026666064","0.148352"
"2026666064","2171292274","0.0769231"
"2171292274","2026666064","0.0769231"
"2026666064","2317943859","0.287068"
"2317943859","2026666064","0.287068"
"2033273035","2066623533","0.453735"
"2066623533","2033273035","0.453735"
"2058494157","2059918482","0.462179"
"2059918482","2058494157","0.462179"
"2058494157","2066623533","0.223366"
"2066623533","2058494157","0.223366"
"2059918482","2066623533","0.231512"
"2066623533","2059918482","0.231512"
"2059918482","2108751703","0.188034"
"2108751703","2059918482","0.188034"
"2059918482","2110632039","0.148352"
"2110632039","2059918482","0.148352"
"2059918482","2171292274","0.348291"
"2171292274","2059918482","0.348291"
"2059918482","2317943859","0.120401"
"2317943859","2059918482","0.120401"
"2066623533","2108751703","0.235653"
"2108751703","2066623533","0.235653"
"2066623533","2110632039","0.592053"
"2110632039","2066623533","0.592053"
"2066623533","2171292274","0.388034"
"2171292274","2066623533","0.388034"
"2066623533","2317943859","0.226844"
"2317943859","2066623533","0.226844"
"1522211256","2027437447","0.0909091"
"2027437447","1522211256","0.0909091"
"1522211256","2030110700","0.0909091"
"2030110700","1522211256","0.0909091"
"1522211256","2036597628","0.0909091"
"2036597628","1522211256","0.0909091"
"1522211256","2060220453","0.0909091"
"2060220453","1522211256","0.0909091"
"1522211256","2060511402","0.0909091"
"2060511402","1522211256","0.0909091"
"1606508719","1983306134","0.224838"
"1983306134","1606508719","0.224838"
"1606508719","2018558368","0.0909091"
"2018558368","1606508719","0.0909091"
"1606508719","2027437447","0.0909091"
"2027437447","1606508719","0.0909091"
"1606508719","2030110700","0.0909091"
"2030110700","1606508719","0.0909091"
"1606508719","2036597628","0.153409"
"2036597628","1606508719","0.153409"
"1606508719","2060220453","0.290909"
"2060220453","1606508719","0.290909"
"1606508719","2060511402","0.0909091"
"2060511402","1606508719","0.0909091"
"1966669464","1983306134","0.224838"
"1983306134","1966669464","0.224838"
"1966669464","2018558368","0.340909"
"2018558368","1966669464","0.340909"
"1966669464","2027437447","0.257576"
"2027437447","1966669464","0.257576"
"1966669464","2030110700","0.0909091"
"2030110700","1966669464","0.0909091"
"1966669464","2036597628","0.320076"
"2036597628","1966669464","0.320076"
"1966669464","2060220453","0.257576"
"2060220453","1966669464","0.257576"
"1966669464","2060511402","0.0909091"
"2060511402","1966669464","0.0909091"
"1983306134","2027437447","0.0909091"
"2027437447","1983306134","0.0909091"
"1983306134","2036597628","0.153409"
"2036597628","1983306134","0.153409"
"1983306134","2038607816","0.676562"
"2038607816","1983306134","0.676562"
"1983306134","2060220453","0.0909091"
"2060220453","1983306134","0.0909091"
"1983306134","2060511402","0.0909091"
"2060511402","1983306134","0.0909091"
"2018558368","2027437447","0.0909091"
"2027437447","2018558368","0.0909091"
"2018558368","2030110700","0.0909091"
"2030110700","2018558368","0.0909091"
"2018558368","2036597628","0.0909091"
"2036597628","2018558368","0.0909091"
"2018558368","2038607816","0.0909091"
"2038607816","2018558368","0.0909091"
"2018558368","2060220453","0.0909091"
"2060220453","2018558368","0.0909091"
"2018558368","2060511402","0.0909091"
"2060511402","2018558368","0.0909091"
"2018558368","2144355012","0.0909091"
"2144355012","2018558368","0.0909091"
"2027437447","2030110700","0.0909091"
"2030110700","2027437447","0.0909091"
"2027437447","2036597628","1.25758"
"2036597628","2027437447","1.25758"
"2027437447","2038607816","0.0909091"
"2038607816","2027437447","0.0909091"
"2027437447","2060220453","0.257576"
"2060220453","2027437447","0.257576"
"2027437447","2060511402","0.0909091"
"2060511402","2027437447","0.0909091"
"2027437447","2144355012","0.0909091"
"2144355012","2027437447","0.0909091"
"2030110700","2036597628","0.0909091"
"2036597628","2030110700","0.0909091"
"2030110700","2038607816","0.0909091"
"2038607816","2030110700","0.0909091"
"2030110700","2060220453","0.0909091"
"2060220453","2030110700","0.0909091"
"2030110700","2060511402","0.0909091"
"2060511402","2030110700","0.0909091"
"2030110700","2144355012","0.0909091"
"2144355012","2030110700","0.0909091"
"2036597628","2038607816","0.0909091"
"2038607816","2036597628","0.0909091"
"2036597628","2060220453","0.257576"
"2060220453","2036597628","0.257576"
"2036597628","2060511402","0.0909091"
"2060511402","2036597628","0.0909091"
"2036597628","2144355012","0.0909091"
"2144355012","2036597628","0.0909091"
"2038607816","2060220453","0.290909"
"2060220453","2038607816","0.290909"
"2038607816","2060511402","0.0909091"
"2060511402","2038607816","0.0909091"
"2060220453","2060511402","0.0909091"
"2060511402","2060220453","0.0909091"
"2060220453","2144355012","0.0909091"
"2144355012","2060220453","0.0909091"
"2060511402","2144355012","0.0909091"
"2144355012","2060511402","0.0909091"
"1606508719","1781484016","1.61143"
"1781484016","1606508719","1.61143"
"1606508719","2026666064","0.0714286"
"2026666064","1606508719","0.0714286"
"1606508719","2059918482","0.133929"
"2059918482","1606508719","0.133929"
"1606508719","2081643791","0.0714286"
"2081643791","1606508719","0.0714286"
"1606508719","2793482766","0.173929"
"2793482766","1606508719","0.173929"
"1781484016","1966669464","0.0714286"
"1966669464","1781484016","0.0714286"
"1781484016","2038607816","0.211429"
"2038607816","1781484016","0.211429"
"1781484016","2793482766","0.188352"
"2793482766","1781484016","0.188352"
"1966669464","2026666064","0.0714286"
"2026666064","1966669464","0.0714286"
"1966669464","2059918482","0.133929"
"2059918482","1966669464","0.133929"
"1966669464","2063276423","0.0714286"
"2063276423","1966669464","0.0714286"
"1966669464","2081643791","0.0714286"
"2081643791","1966669464","0.0714286"
"1966669464","2793482766","0.550595"
"2793482766","1966669464","0.550595"
"1983306134","2026666064","0.0714286"
"2026666064","1983306134","0.0714286"
"1983306134","2059918482","1.1303"
"2059918482","1983306134","1.1303"
"2026666064","2038607816","0.0714286"
"2038607816","2026666064","0.0714286"
"2026666064","2063276423","0.0714286"
"2063276423","2026666064","0.0714286"
"2026666064","2081643791","0.0714286"
"2081643791","2026666064","0.0714286"
"2026666064","2088197693","0.0714286"
"2088197693","2026666064","0.0714286"
"2026666064","2130183999","0.0714286"
"2130183999","2026666064","0.0714286"
"2026666064","2144355012","0.0714286"
"2144355012","2026666064","0.0714286"
"2026666064","2793482766","0.0714286"
"2793482766","2026666064","0.0714286"
"2038607816","2059918482","0.398352"
"2059918482","2038607816","0.398352"
"2038607816","2063276423","0.211429"
"2063276423","2038607816","0.211429"
"2038607816","2081643791","0.492063"
"2081643791","2038607816","0.492063"
"2038607816","2793482766","0.278095"
"2793482766","2038607816","0.278095"
"2059918482","2063276423","0.0714286"
"2063276423","2059918482","0.0714286"
"2059918482","2081643791","0.738095"
"2081643791","2059918482","0.738095"
"2059918482","2088197693","0.133929"
"2088197693","2059918482","0.133929"
"2059918482","2130183999","0.133929"
"2130183999","2059918482","0.133929"
"2059918482","2144355012","0.0714286"
"2144355012","2059918482","0.0714286"
"2059918482","2793482766","0.425595"
"2793482766","2059918482","0.425595"
"2063276423","2793482766","0.188352"
"2793482766","2063276423","0.188352"
"2081643791","2793482766","0.238095"
"2793482766","2081643791","0.238095"
"2088197693","2793482766","0.173929"
"2793482766","2088197693","0.173929"
"2110632039","2793482766","0.188352"
"2793482766","2110632039","0.188352"
"2130183999","2793482766","0.173929"
"2793482766","2130183999","0.173929"
"2144355012","2793482766","0.111429"
"2793482766","2144355012","0.111429"
"1522211256","1990388336","1"
"1990388336","1522211256","1"
"1544876903","2018558368","1"
"2018558368","1544876903","1"
"1544876903","2030110700","1"
"2030110700","1544876903","1"
"1582940980","1600012251","6.75763"
"1600012251","1582940980","6.75763"
"1582940980","1781484016","0.999689"
"1781484016","1582940980","0.999689"
"1582940980","1973112418","0.278528"
"1973112418","1582940980","0.278528"
"1582940980","1983306134","0.206443"
"1983306134","1582940980","0.206443"
"1582940980","1991154551","0.70132"
"1991154551","1582940980","0.70132"
"1582940980","1993626269","0.278528"
"1993626269","1582940980","0.278528"
"1582940980","2014651376","0.0876191"
"2014651376","1582940980","0.0876191"
"1582940980","2026450968","1.47672"
"2026450968","1582940980","1.47672"
"1582940980","2032840619","0.388261"
"2032840619","1582940980","0.388261"
"1582940980","2039726896","1.74338"
"2039726896","1582940980","1.74338"
"1582940980","2054638878","2.33338"
"2054638878","1582940980","2.33338"
"1582940980","2058494157","0.328982"
"2058494157","1582940980","0.328982"
"1582940980","2066623533","1.24132"
"2066623533","1582940980","1.24132"
"1582940980","2108751703","0.047619"
"2108751703","1582940980","0.047619"
"1582940980","2110632039","0.499689"
"2110632039","1582940980","0.499689"
"1582940980","2121737596","0.737467"
"2121737596","1582940980","0.737467"
"1582940980","2134061793","0.147619"
"2134061793","1582940980","0.147619"
"1582940980","2144405306","2.00763"
"2144405306","1582940980","2.00763"
"1582940980","2155820385","0.615036"
"2155820385","1582940980","0.615036"
"1582940980","2206925937","0.631839"
"2206925937","1582940980","0.631839"
"1582940980","2317943859","0.106443"
"2317943859","1582940980","0.106443"
"1600012251","1781484016","0.999689"
"1781484016","1600012251","0.999689"
"1600012251","1973112418","0.278528"
"1973112418","1600012251","0.278528"
"1600012251","1983306134","0.206443"
"1983306134","1600012251","0.206443"
"1600012251","1991154551","0.70132"
"1991154551","1600012251","0.70132"
"1600012251","1993626269","0.334084"
"1993626269","1600012251","0.334084"
"1600012251","2014651376","0.143175"
"2014651376","1600012251","0.143175"
"1600012251","2026450968","1.86561"
"2026450968","1600012251","1.86561"
"1600012251","2032840619","0.693816"
"2032840619","1600012251","0.693816"
"1600012251","2039726896","2.13227"
"2039726896","1600012251","2.13227"
"1600012251","2054638878","2.66672"
"2054638878","1600012251","2.66672"
"1600012251","2058494157","0.384538"
"2058494157","1600012251","0.384538"
"1600012251","2066623533","1.24132"
"2066623533","1600012251","1.24132"
"1600012251","2108751703","0.047619"
"2108751703","1600012251","0.047619"
"1600012251","2110632039","0.499689"
"2110632039","1600012251","0.499689"
"1600012251","2121737596","1.04302"
"2121737596","1600012251","1.04302"
"1600012251","2134061793","0.203175"
"2134061793","1600012251","0.203175"
"1600012251","2144405306","2.06318"
"2144405306","1600012251","2.06318"
"1600012251","2155820385","0.670592"
"2155820385","1600012251","0.670592"
"1600012251","2206925937","0.631839"
"2206925937","1600012251","0.631839"
"1600012251","2317943859","0.106443"
"2317943859","1600012251","0.106443"
"1781484016","2026450968","1.04656"
"2026450968","1781484016","1.04656"
"1781484016","2032840619","0.454927"
"2032840619","1781484016","0.454927"
"1781484016","2039726896","1.04656"
"2039726896","1781484016","1.04656"
"1781484016","2054638878","1.01348"
"2054638878","1781484016","1.01348"
"1781484016","2121737596","0.637467"
"2121737596","1781484016","0.637467"
"1781484016","2134061793","0.047619"
"2134061793","1781484016","0.047619"
"1781484016","2144405306","0.743279"
"2144405306","1781484016","0.743279"
"1781484016","2155820385","1.02132"
"2155820385","1781484016","1.02132"
"1781484016","2206925937","0.538982"
"2206925937","1781484016","0.538982"
"1973112418","1983306134","0.147619"
"1983306134","1973112418","0.147619"
"1973112418","1991154551","0.138528"
"1991154551","1973112418","0.138528"
"1973112418","1993626269","0.0876191"
"1993626269","1973112418","0.0876191"
"1973112418","2014651376","0.0876191"
"2014651376","1973112418","0.0876191"
"1973112418","2026450968","0.047619"
"2026450968","1973112418","0.047619"
"1973112418","2032840619","0.138528"
"2032840619","1973112418","0.138528"
"1973112418","2039726896","0.047619"
"2039726896","1973112418","0.047619"
"1973112418","2054638878","0.187619"
"2054638878","1973112418","0.187619"
"1973112418","2058494157","0.0876191"
"2058494157","1973112418","0.0876191"
"1973112418","2066623533","0.178528"
"2066623533","1973112418","0.178528"
"1973112418","2108751703","0.047619"
"2108751703","1973112418","0.047619"
"1973112418","2121737596","0.138528"
"2121737596","1973112418","0.138528"
"1973112418","2134061793","0.047619"
"2134061793","1973112418","0.047619"
"1973112418","2144405306","0.278528"
"2144405306","1973112418","0.278528"
"1973112418","2155820385","0.420952"
"2155820385","1973112418","0.420952"
"1973112418","2206925937","0.047619"
"2206925937","1973112418","0.047619"
"1973112418","2317943859","0.047619"
"2317943859","1973112418","0.047619"
"1983306134","1991154551","0.550887"
"1991154551","1983306134","0.550887"
"1983306134","2026450968","0.106443"
"2026450968","1983306134","0.106443"
"1983306134","2032840619","0.509556"
"2032840619","1983306134","0.509556"
"1983306134","2054638878","0.283366"
"2054638878","1983306134","0.283366"
"1983306134","2066623533","0.550887"
"2066623533","1983306134","0.550887"
"1983306134","2121737596","1.24567"
"2121737596","1983306134","1.24567"
"1983306134","2134061793","0.047619"
"2134061793","1983306134","0.047619"
"1983306134","2155820385","0.124542"
"2155820385","1983306134","0.124542"
"1983306134","2206925937","0.183366"
"2206925937","1983306134","0.183366"
"1991154551","1993626269","0.047619"
"1993626269","1991154551","0.047619"
"1991154551","2026450968","0.360411"
"2026450968","1991154551","0.360411"
"1991154551","2032840619","0.197352"
"2032840619","1991154551","0.197352"
"1991154551","2039726896","0.360411"
"2039726896","1991154551","0.360411"
"1991154551","2054638878","1.11041"
"2054638878","1991154551","1.11041"
"1991154551","2121737596","0.419574"
"2121737596","1991154551","0.419574"
"1991154551","2134061793","0.547619"
"2134061793","1991154551","0.547619"
"1991154551","2144405306","0.45132"
"2144405306","1991154551","0.45132"
"1991154551","2155820385","0.15873"
"2155820385","1991154551","0.15873"
"1991154551","2206925937","0.106443"
"2206925937","1991154551","0.106443"
"1993626269","2026450968","0.194084"
"2026450968","1993626269","0.194084"
"1993626269","2032840619","0.697197"
"2032840619","1993626269","0.697197"
"1993626269","2054638878","0.278528"
"2054638878","1993626269","0.278528"
