"1495544169","1974121224","7.5"
"1974121224","1495544169","7.5"
"1495544169","2162009590","0.5"
"2162009590","1495544169","0.5"
"1974121224","2162009590","2"
"2162009590","1974121224","2"
"1509056286","2130903762","1.82692"
"2130903762","1509056286","1.82692"
"1509056286","2600679694","0.826923"
"2600679694","1509056286","0.826923"
"2130903762","2600679694","0.826923"
"2600679694","2130903762","0.826923"
"1509056286","1516373678","0.0769231"
"1516373678","1509056286","0.0769231"
"1509056286","1584407334","0.0769231"
"1584407334","1509056286","0.0769231"
"1509056286","1965913940","0.326923"
"1965913940","1509056286","0.326923"
"1509056286","2007427105","0.0769231"
"2007427105","1509056286","0.0769231"
"1509056286","2039937371","0.0769231"
"2039937371","1509056286","0.0769231"
"1509056286","2079719531","0.0769231"
"2079719531","1509056286","0.0769231"
"1509056286","2101649195","0.0769231"
"2101649195","1509056286","0.0769231"
"1509056286","2133439966","0.0769231"
"2133439966","1509056286","0.0769231"
"1509056286","2166817967","0.0769231"
"2166817967","1509056286","0.0769231"
"1509056286","2170772554","0.0769231"
"2170772554","1509056286","0.0769231"
"1509056286","2340809461","0.0769231"
"2340809461","1509056286","0.0769231"
"1516373678","1584407334","0.410256"
"1584407334","1516373678","0.410256"
"1516373678","1965913940","1.16026"
"1965913940","1516373678","1.16026"
"1516373678","2007427105","0.129555"
"2007427105","1516373678","0.129555"
"1516373678","2039937371","0.660256"
"2039937371","1516373678","0.660256"
"1516373678","2079719531","0.410256"
"2079719531","1516373678","0.410256"
"1516373678","2101649195","0.379555"
"2101649195","1516373678","0.379555"
"1516373678","2130903762","0.0769231"
"2130903762","1516373678","0.0769231"
"1516373678","2133439966","0.0769231"
"2133439966","1516373678","0.0769231"
"1516373678","2166817967","0.326923"
"2166817967","1516373678","0.326923"
"1516373678","2170772554","0.0769231"
"2170772554","1516373678","0.0769231"
"1516373678","2340809461","8.21289"
"2340809461","1516373678","8.21289"
"1516373678","2600679694","1.62955"
"2600679694","1516373678","1.62955"
"1584407334","1965913940","0.49359"
"1965913940","1584407334","0.49359"
"1584407334","2007427105","0.776923"
"2007427105","1584407334","0.776923"
"1584407334","2039937371","5.58645"
"2039937371","1584407334","5.58645"
"1584407334","2079719531","0.24359"
"2079719531","1584407334","0.24359"
"1584407334","2101649195","0.276923"
"2101649195","1584407334","0.276923"
"1584407334","2130903762","0.46978"
"2130903762","1584407334","0.46978"
"1584407334","2133439966","4.74359"
"2133439966","1584407334","4.74359"
"1584407334","2166817967","0.91978"
"2166817967","1584407334","0.91978"
"1584407334","2170772554","3.25311"
"2170772554","1584407334","3.25311"
"1584407334","2340809461","0.410256"
"2340809461","1584407334","0.410256"
"1584407334","2600679694","0.410256"
"2600679694","1584407334","0.410256"
"1965913940","2007427105","1.92692"
"2007427105","1965913940","1.92692"
"1965913940","2039937371","1.16026"
"2039937371","1965913940","1.16026"
"1965913940","2079719531","7.46264"
"2079719531","1965913940","7.46264"
"1965913940","2101649195","3.81978"
"2101649195","1965913940","3.81978"
"1965913940","2130903762","0.326923"
"2130903762","1965913940","0.326923"
"1965913940","2133439966","0.660256"
"2133439966","1965913940","0.660256"
"1965913940","2166817967","2.2793"
"2166817967","1965913940","2.2793"
"1965913940","2170772554","1.32692"
"2170772554","1965913940","1.32692"
"1965913940","2340809461","1.51026"
"2340809461","1965913940","1.51026"
"1965913940","2600679694","0.660256"
"2600679694","1965913940","0.660256"
"2007427105","2039937371","0.776923"
"2039937371","2007427105","0.776923"
"2007427105","2079719531","0.59359"
"2079719531","2007427105","0.59359"
"2007427105","2101649195","0.962888"
"2101649195","2007427105","0.962888"
"2007427105","2130903762","0.0769231"
"2130903762","2007427105","0.0769231"
"2007427105","2133439966","0.410256"
"2133439966","2007427105","0.410256"
"2007427105","2166817967","1.95311"
"2166817967","2007427105","1.95311"
"2007427105","2170772554","0.44359"
"2170772554","2007427105","0.44359"
"2007427105","2340809461","1.72955"
"2340809461","2007427105","1.72955"
"2007427105","2600679694","0.472412"
"2600679694","2007427105","0.472412"
"2039937371","2079719531","0.910256"
"2079719531","2039937371","0.910256"
"2039937371","2101649195","0.276923"
"2101649195","2039937371","0.276923"
"2039937371","2130903762","1.80311"
"2130903762","2039937371","1.80311"
"2039937371","2133439966","6.24359"
"2133439966","2039937371","6.24359"
"2039937371","2166817967","0.91978"
"2166817967","2039937371","0.91978"
"2039937371","2170772554","5.75311"
"2170772554","2039937371","5.75311"
"2039937371","2340809461","0.660256"
"2340809461","2039937371","0.660256"
"2039937371","2600679694","0.660256"
"2600679694","2039937371","0.660256"
"2079719531","2101649195","1.65311"
"2101649195","2079719531","1.65311"
"2079719531","2130903762","1.07692"
"2130903762","2079719531","1.07692"
"2079719531","2133439966","0.410256"
"2133439966","2079719531","0.410256"
"2079719531","2166817967","1.2793"
"2166817967","2079719531","1.2793"
"2079719531","2170772554","1.07692"
"2170772554","2079719531","1.07692"
"2079719531","2340809461","1.01026"
"2340809461","2079719531","1.01026"
"2079719531","2600679694","0.410256"
"2600679694","2079719531","0.410256"
"2101649195","2130903762","0.0769231"
"2130903762","2101649195","0.0769231"
"2101649195","2133439966","0.0769231"
"2133439966","2101649195","0.0769231"
"2101649195","2166817967","1.11978"
"2166817967","2101649195","1.11978"
"2101649195","2170772554","0.276923"
"2170772554","2101649195","0.276923"
"2101649195","2340809461","0.729555"
"2340809461","2101649195","0.729555"
"2101649195","2600679694","0.662888"
"2600679694","2101649195","0.662888"
"2130903762","2133439966","0.326923"
"2133439966","2130903762","0.326923"
"2130903762","2166817967","0.21978"
"2166817967","2130903762","0.21978"
"2130903762","2170772554","0.46978"
"2170772554","2130903762","0.46978"
"2130903762","2340809461","0.0769231"
"2340809461","2130903762","0.0769231"
"2133439966","2166817967","0.410256"
"2166817967","2133439966","0.410256"
"2133439966","2170772554","1.24359"
"2170772554","2133439966","1.24359"
"2133439966","2340809461","0.0769231"
"2340809461","2133439966","0.0769231"
"2133439966","2600679694","0.0769231"
"2600679694","2133439966","0.0769231"
"2166817967","2170772554","0.586447"
"2170772554","2166817967","0.586447"
"2166817967","2340809461","0.576923"
"2340809461","2166817967","0.576923"
"2166817967","2600679694","0.41978"
"2600679694","2166817967","0.41978"
"2170772554","2340809461","0.0769231"
"2340809461","2170772554","0.0769231"
"2170772554","2600679694","0.0769231"
"2600679694","2170772554","0.0769231"
"2340809461","2600679694","3.12955"
"2600679694","2340809461","3.12955"
"1509056286","2120447029","0.25"
"2120447029","1509056286","0.25"
"1965913940","2120447029","0.25"
"2120447029","1965913940","0.25"
"2120447029","2130903762","0.25"
"2130903762","2120447029","0.25"
"2120447029","2600679694","0.25"
"2600679694","2120447029","0.25"
"1509056286","1571056922","0.25"
"1571056922","1509056286","0.25"
"1509056286","1994382199","0.25"
"1994382199","1509056286","0.25"
"1509056286","2035344247","0.25"
"2035344247","1509056286","0.25"
"1509056286","2101007018","0.25"
"2101007018","1509056286","0.25"
"1571056922","1994382199","0.25"
"1994382199","1571056922","0.25"
"1571056922","2035344247","1.58333"
"2035344247","1571056922","1.58333"
"1571056922","2101007018","0.25"
"2101007018","1571056922","0.25"
"1994382199","2035344247","0.25"
"2035344247","1994382199","0.25"
"1994382199","2101007018","3.30952"
"2101007018","1994382199","3.30952"
"2035344247","2101007018","0.25"
"2101007018","2035344247","0.25"
"1516373678","1989611747","0.0526316"
"1989611747","1516373678","0.0526316"
"1516373678","1994156358","0.0526316"
"1994156358","1516373678","0.0526316"
"1516373678","2006271460","0.0526316"
"2006271460","1516373678","0.0526316"
"1516373678","2077977857","0.0526316"
"2077977857","1516373678","0.0526316"
"1516373678","2081536235","1.55263"
"2081536235","1516373678","1.55263"
"1516373678","2082225974","0.0526316"
"2082225974","1516373678","0.0526316"
"1516373678","2125469777","0.0526316"
"2125469777","1516373678","0.0526316"
"1516373678","2142841267","0.0526316"
"2142841267","1516373678","0.0526316"
"1516373678","2255612897","0.0526316"
"2255612897","1516373678","0.0526316"
"1516373678","2400081730","0.0526316"
"2400081730","1516373678","0.0526316"
"1516373678","242668716","0.0526316"
"242668716","1516373678","0.0526316"
"1516373678","2510219711","0.0526316"
"2510219711","1516373678","0.0526316"
"1516373678","2535370137","0.0526316"
"2535370137","1516373678","0.0526316"
"1516373678","2557514016","0.0526316"
"2557514016","1516373678","0.0526316"
"1516373678","2739992143","0.0526316"
"2739992143","1516373678","0.0526316"
"1989611747","1994156358","0.0526316"
"1994156358","1989611747","0.0526316"
"1989611747","2006271460","27.7526"
"2006271460","1989611747","27.7526"
"1989611747","2007427105","0.0526316"
"2007427105","1989611747","0.0526316"
"1989611747","2077977857","0.0526316"
"2077977857","1989611747","0.0526316"
"1989611747","2081536235","0.0526316"
"2081536235","1989611747","0.0526316"
"1989611747","2082225974","0.0526316"
"2082225974","1989611747","0.0526316"
"1989611747","2101649195","0.0526316"
"2101649195","1989611747","0.0526316"
"1989611747","2125469777","0.0526316"
"2125469777","1989611747","0.0526316"
"1989611747","2142841267","0.252632"
"2142841267","1989611747","0.252632"
"1989611747","2255612897","0.252632"
"2255612897","1989611747","0.252632"
"1989611747","2340809461","0.0526316"
"2340809461","1989611747","0.0526316"
"1989611747","2400081730","0.252632"
"2400081730","1989611747","0.252632"
"1989611747","242668716","0.252632"
"242668716","1989611747","0.252632"
"1989611747","2510219711","0.0526316"
"2510219711","1989611747","0.0526316"
"1989611747","2535370137","0.0526316"
"2535370137","1989611747","0.0526316"
"1989611747","2557514016","0.0526316"
"2557514016","1989611747","0.0526316"
"1989611747","2600679694","0.552632"
"2600679694","1989611747","0.552632"
"1989611747","2739992143","0.0526316"
"2739992143","1989611747","0.0526316"
"1994156358","2006271460","0.0526316"
"2006271460","1994156358","0.0526316"
"1994156358","2007427105","0.0526316"
"2007427105","1994156358","0.0526316"
"1994156358","2077977857","0.0526316"
"2077977857","1994156358","0.0526316"
"1994156358","2081536235","1.05263"
"2081536235","1994156358","1.05263"
"1994156358","2082225974","0.0526316"
"2082225974","1994156358","0.0526316"
"1994156358","2101649195","0.0526316"
"2101649195","1994156358","0.0526316"
"1994156358","2125469777","0.0526316"
"2125469777","1994156358","0.0526316"
"1994156358","2142841267","0.719298"
"2142841267","1994156358","0.719298"
"1994156358","2255612897","0.0526316"
"2255612897","1994156358","0.0526316"
"1994156358","2340809461","0.385965"
"2340809461","1994156358","0.385965"
"1994156358","2400081730","0.0526316"
"2400081730","1994156358","0.0526316"
"1994156358","242668716","0.0526316"
"242668716","1994156358","0.0526316"
"1994156358","2510219711","0.385965"
"2510219711","1994156358","0.385965"
"1994156358","2535370137","0.385965"
"2535370137","1994156358","0.385965"
"1994156358","2557514016","26.886"
"2557514016","1994156358","26.886"
"1994156358","2600679694","0.0526316"
"2600679694","1994156358","0.0526316"
"1994156358","2739992143","1.7193"
"2739992143","1994156358","1.7193"
"2006271460","2007427105","0.0526316"
"2007427105","2006271460","0.0526316"
"2006271460","2077977857","0.0526316"
"2077977857","2006271460","0.0526316"
"2006271460","2081536235","0.0526316"
"2081536235","2006271460","0.0526316"
"2006271460","2082225974","0.0526316"
"2082225974","2006271460","0.0526316"
"2006271460","2101649195","0.0526316"
"2101649195","2006271460","0.0526316"
"2006271460","2125469777","0.552632"
"2125469777","2006271460","0.552632"
"2006271460","2142841267","0.252632"
"2142841267","2006271460","0.252632"
"2006271460","2255612897","0.252632"
"2255612897","2006271460","0.252632"
"2006271460","2340809461","0.0526316"
"2340809461","2006271460","0.0526316"
"2006271460","2400081730","0.252632"
"2400081730","2006271460","0.252632"
"2006271460","242668716","0.252632"
"242668716","2006271460","0.252632"
"2006271460","2510219711","0.0526316"
"2510219711","2006271460","0.0526316"
"2006271460","2535370137","0.0526316"
"2535370137","2006271460","0.0526316"
"2006271460","2557514016","0.0526316"
"2557514016","2006271460","0.0526316"
"2006271460","2600679694","0.552632"
"2600679694","2006271460","0.552632"
"2006271460","2739992143","0.0526316"
"2739992143","2006271460","0.0526316"
"2007427105","2077977857","0.0526316"
"2077977857","2007427105","0.0526316"
"2007427105","2081536235","0.0526316"
"2081536235","2007427105","0.0526316"
"2007427105","2082225974","0.0526316"
"2082225974","2007427105","0.0526316"
"2007427105","2125469777","0.0526316"
"2125469777","2007427105","0.0526316"
"2007427105","2142841267","0.0526316"
"2142841267","2007427105","0.0526316"
"2007427105","2255612897","0.195489"
"2255612897","2007427105","0.195489"
"2007427105","2400081730","0.195489"
"2400081730","2007427105","0.195489"
"2007427105","242668716","0.195489"
"242668716","2007427105","0.195489"
"2007427105","2510219711","0.195489"
"2510219711","2007427105","0.195489"
"2007427105","2535370137","0.0526316"
"2535370137","2007427105","0.0526316"
"2007427105","2557514016","0.0526316"
"2557514016","2007427105","0.0526316"
"2007427105","2739992143","0.0526316"
"2739992143","2007427105","0.0526316"
"2077977857","2081536235","1.05263"
"2081536235","2077977857","1.05263"
"2077977857","2082225974","0.0526316"
"2082225974","2077977857","0.0526316"
"2077977857","2101649195","0.0526316"
"2101649195","2077977857","0.0526316"
"2077977857","2125469777","0.0526316"
"2125469777","2077977857","0.0526316"
"2077977857","2142841267","0.0526316"
"2142841267","2077977857","0.0526316"
"2077977857","2255612897","0.0526316"
"2255612897","2077977857","0.0526316"
"2077977857","2340809461","0.0526316"
"2340809461","2077977857","0.0526316"
"2077977857","2400081730","1.05263"
"2400081730","2077977857","1.05263"
"2077977857","242668716","0.0526316"
"242668716","2077977857","0.0526316"
"2077977857","2510219711","0.0526316"
"2510219711","2077977857","0.0526316"
"2077977857","2535370137","0.0526316"
"2535370137","2077977857","0.0526316"
"2077977857","2557514016","0.0526316"
"2557514016","2077977857","0.0526316"
"2077977857","2600679694","0.0526316"
"2600679694","2077977857","0.0526316"
"2077977857","2739992143","0.0526316"
"2739992143","2077977857","0.0526316"
"2081536235","2082225974","0.0526316"
"2082225974","2081536235","0.0526316"
"2081536235","2101649195","0.0526316"
"2101649195","2081536235","0.0526316"
"2081536235","2125469777","0.0526316"
"2125469777","2081536235","0.0526316"
"2081536235","2142841267","0.0526316"
"2142841267","2081536235","0.0526316"
"2081536235","2255612897","0.0526316"
"2255612897","2081536235","0.0526316"
"2081536235","2340809461","2.63596"
"2340809461","2081536235","2.63596"
"2081536235","2400081730","0.0526316"
"2400081730","2081536235","0.0526316"
"2081536235","242668716","0.0526316"
"242668716","2081536235","0.0526316"
"2081536235","2510219711","0.0526316"
"2510219711","2081536235","0.0526316"
"2081536235","2535370137","0.0526316"
"2535370137","2081536235","0.0526316"
"2081536235","2557514016","1.55263"
"2557514016","2081536235","1.55263"
"2081536235","2600679694","0.0526316"
"2600679694","2081536235","0.0526316"
"2081536235","2739992143","0.0526316"
"2739992143","2081536235","0.0526316"
"2082225974","2101649195","0.0526316"
"2101649195","2082225974","0.0526316"
"2082225974","2125469777","9.2193"
"2125469777","2082225974","9.2193"
"2082225974","2142841267","0.0526316"
"2142841267","2082225974","0.0526316"
"2082225974","2255612897","0.0526316"
"2255612897","2082225974","0.0526316"
"2082225974","2340809461","0.0526316"
"2340809461","2082225974","0.0526316"
"2082225974","2400081730","0.0526316"
"2400081730","2082225974","0.0526316"
"2082225974","242668716","0.0526316"
"242668716","2082225974","0.0526316"
"2082225974","2510219711","0.0526316"
"2510219711","2082225974","0.0526316"
"2082225974","2535370137","0.0526316"
"2535370137","2082225974","0.0526316"
"2082225974","2557514016","0.0526316"
"2557514016","2082225974","0.0526316"
"2082225974","2600679694","0.0526316"
"2600679694","2082225974","0.0526316"
"2082225974","2739992143","0.0526316"
"2739992143","2082225974","0.0526316"
"2101649195","2125469777","0.0526316"
"2125469777","2101649195","0.0526316"
"2101649195","2142841267","0.0526316"
"2142841267","2101649195","0.0526316"
"2101649195","2255612897","0.0526316"
"2255612897","2101649195","0.0526316"
"2101649195","2400081730","0.0526316"
"2400081730","2101649195","0.0526316"
"2101649195","242668716","0.0526316"
"242668716","2101649195","0.0526316"
"2101649195","2510219711","0.0526316"
"2510219711","2101649195","0.0526316"
"2101649195","2535370137","0.0526316"
"2535370137","2101649195","0.0526316"
"2101649195","2557514016","0.0526316"
"2557514016","2101649195","0.0526316"
"2101649195","2739992143","0.0526316"
"2739992143","2101649195","0.0526316"
"2125469777","2142841267","0.0526316"
"2142841267","2125469777","0.0526316"
"2125469777","2255612897","0.0526316"
"2255612897","2125469777","0.0526316"
"2125469777","2340809461","0.252632"
"2340809461","2125469777","0.252632"
"2125469777","2400081730","0.0526316"
"2400081730","2125469777","0.0526316"
"2125469777","242668716","0.0526316"
"242668716","2125469777","0.0526316"
"2125469777","2510219711","0.0526316"
"2510219711","2125469777","0.0526316"
"2125469777","2535370137","0.0526316"
"2535370137","2125469777","0.0526316"
"2125469777","2557514016","0.0526316"
"2557514016","2125469777","0.0526316"
"2125469777","2600679694","0.0526316"
"2600679694","2125469777","0.0526316"
"2125469777","2739992143","0.0526316"
"2739992143","2125469777","0.0526316"
"2142841267","2255612897","1.58596"
"2255612897","2142841267","1.58596"
"2142841267","2340809461","0.0526316"
"2340809461","2142841267","0.0526316"
"2142841267","2400081730","0.252632"
"2400081730","2142841267","0.252632"
"2142841267","242668716","1.58596"
"242668716","2142841267","1.58596"
"2142841267","2510219711","1.38596"
"2510219711","2142841267","1.38596"
"2142841267","2535370137","0.719298"
"2535370137","2142841267","0.719298"
"2142841267","2557514016","0.719298"
"2557514016","2142841267","0.719298"
"2142841267","2600679694","0.0526316"
"2600679694","2142841267","0.0526316"
"2142841267","2739992143","0.0526316"
"2739992143","2142841267","0.0526316"
"2255612897","2340809461","0.0526316"
"2340809461","2255612897","0.0526316"
"2255612897","2400081730","1.39549"
"2400081730","2255612897","1.39549"
"2255612897","242668716","11.7288"
"242668716","2255612897","11.7288"
"2255612897","2510219711","0.195489"
"2510219711","2255612897","0.195489"
"2255612897","2535370137","0.385965"
"2535370137","2255612897","0.385965"
"2255612897","2557514016","0.0526316"
"2557514016","2255612897","0.0526316"
"2255612897","2600679694","0.195489"
"2600679694","2255612897","0.195489"
"2255612897","2739992143","0.0526316"
"2739992143","2255612897","0.0526316"
"2340809461","2400081730","0.0526316"
"2400081730","2340809461","0.0526316"
"2340809461","242668716","0.0526316"
"242668716","2340809461","0.0526316"
"2340809461","2510219711","0.0526316"
"2510219711","2340809461","0.0526316"
"2340809461","2535370137","0.0526316"
"2535370137","2340809461","0.0526316"
"2340809461","2557514016","0.385965"
"2557514016","2340809461","0.385965"
"2340809461","2739992143","0.0526316"
"2739992143","2340809461","0.0526316"
"2400081730","242668716","1.39549"
"242668716","2400081730","1.39549"
"2400081730","2510219711","5.19549"
"2510219711","2400081730","5.19549"
"2400081730","2535370137","0.0526316"
"2535370137","2400081730","0.0526316"
"2400081730","2557514016","0.0526316"
"2557514016","2400081730","0.0526316"
"2400081730","2600679694","0.195489"
"2600679694","2400081730","0.195489"
"2400081730","2739992143","0.0526316"
"2739992143","2400081730","0.0526316"
"242668716","2510219711","2.19549"
"2510219711","242668716","2.19549"
"242668716","2535370137","0.385965"
"2535370137","242668716","0.385965"
"242668716","2557514016","0.0526316"
"2557514016","242668716","0.0526316"
"242668716","2600679694","0.195489"
"2600679694","242668716","0.195489"
"242668716","2739992143","0.0526316"
"2739992143","242668716","0.0526316"
"2510219711","2535370137","0.0526316"
"2535370137","2510219711","0.0526316"
"2510219711","2557514016","1.38596"
"2557514016","2510219711","1.38596"
"2510219711","2600679694","0.195489"
"2600679694","2510219711","0.195489"
"2510219711","2739992143","0.0526316"
"2739992143","2510219711","0.0526316"
"2535370137","2557514016","0.385965"
"2557514016","2535370137","0.385965"
"2535370137","2600679694","0.0526316"
"2600679694","2535370137","0.0526316"
"2535370137","2739992143","0.0526316"
"2739992143","2535370137","0.0526316"
"2557514016","2600679694","0.0526316"
"2600679694","2557514016","0.0526316"
"2557514016","2739992143","4.7193"
"2739992143","2557514016","4.7193"
"2600679694","2739992143","0.0526316"
"2739992143","2600679694","0.0526316"
"1516373678","2049020147","0.5"
"2049020147","1516373678","0.5"
"2039937371","2049020147","0.583333"
"2049020147","2039937371","0.583333"
"2049020147","2340809461","1.88333"
"2340809461","2049020147","1.88333"
"2049020147","2600679694","2.33333"
"2600679694","2049020147","2.33333"
"1516373678","2142385501","0.25"
"2142385501","1516373678","0.25"
"2049020147","2142385501","17.6357"
"2142385501","2049020147","17.6357"
"2142385501","2340809461","0.683333"
"2340809461","2142385501","0.683333"
"2142385501","2600679694","1.08333"
"2600679694","2142385501","1.08333"
"1516373678","1970035791","0.333333"
"1970035791","1516373678","0.333333"
"1970035791","2340809461","0.433333"
"2340809461","1970035791","0.433333"
"1970035791","2600679694","0.533333"
"2600679694","1970035791","0.533333"
"1525183229","2052233382","4.66667"
"2052233382","1525183229","4.66667"
"1525183229","2126238368","9.16667"
"2126238368","1525183229","9.16667"
"1525183229","2168709053","6.16667"
"2168709053","1525183229","6.16667"
"1525183229","2181715984","2.75"
"2181715984","1525183229","2.75"
"2052233382","2126238368","5.36667"
"2126238368","2052233382","5.36667"
"2052233382","2168709053","10.8667"
"2168709053","2052233382","10.8667"
"2052233382","2181715984","6.45"
"2181715984","2052233382","6.45"
"2126238368","2168709053","9.36667"
"2168709053","2126238368","9.36667"
"2126238368","2181715984","2.95"
"2181715984","2126238368","2.95"
"2168709053","2181715984","4.45"
"2181715984","2168709053","4.45"
"1525183229","2101249915","0.25"
"2101249915","1525183229","0.25"
"2052233382","2101249915","0.45"
"2101249915","2052233382","0.45"
"2101249915","2126238368","0.95"
"2126238368","2101249915","0.95"
"2101249915","2168709053","0.95"
"2168709053","2101249915","0.95"
"1541617904","2101249915","3.2"
"2101249915","1541617904","3.2"
"1541617904","2052233382","0.2"
"2052233382","1541617904","0.2"
"1541617904","2126238368","0.2"
"2126238368","1541617904","0.2"
"1541617904","2168709053","0.2"
"2168709053","1541617904","0.2"
"1541617904","2181715984","0.2"
"2181715984","1541617904","0.2"
"2101249915","2181715984","0.2"
"2181715984","2101249915","0.2"
"1571056922","1974121224","1"
"1974121224","1571056922","1"
"1571056922","2082225974","0.333333"
"2082225974","1571056922","0.333333"
"1571056922","2125469777","0.333333"
"2125469777","1571056922","0.333333"
"2035344247","2082225974","0.333333"
"2082225974","2035344247","0.333333"
"2035344247","2125469777","0.333333"
"2125469777","2035344247","0.333333"
"1584407334","2012345455","0.333333"
"2012345455","1584407334","0.333333"
"2012345455","2039937371","0.333333"
"2039937371","2012345455","0.333333"
"2012345455","2170772554","0.333333"
"2170772554","2012345455","0.333333"
"1584407334","2120447029","1.83333"
"2120447029","1584407334","1.83333"
"2039937371","2120447029","1.5"
"2120447029","2039937371","1.5"
"2120447029","2133439966","1.16667"
"2133439966","2120447029","1.16667"
"1584407334","2127847352","0.333333"
"2127847352","1584407334","0.333333"
"2120447029","2127847352","0.333333"
"2127847352","2120447029","0.333333"
"2120447029","2170772554","1.16667"
"2170772554","2120447029","1.16667"
"2127847352","2170772554","0.333333"
"2170772554","2127847352","0.333333"
"1584407334","2106985565","0.142857"
"2106985565","1584407334","0.142857"
"1584407334","2140272780","0.142857"
"2140272780","1584407334","0.142857"
"1584407334","2538318319","0.142857"
"2538318319","1584407334","0.142857"
"2039937371","2106985565","0.809524"
"2106985565","2039937371","0.809524"
"2039937371","2140272780","0.47619"
"2140272780","2039937371","0.47619"
"2039937371","2538318319","0.142857"
"2538318319","2039937371","0.142857"
"2106985565","2130903762","0.47619"
"2130903762","2106985565","0.47619"
"2106985565","2140272780","0.142857"
"2140272780","2106985565","0.142857"
"2106985565","2166817967","0.142857"
"2166817967","2106985565","0.142857"
"2106985565","2170772554","0.142857"
"2170772554","2106985565","0.142857"
"2106985565","2538318319","14.1429"
"2538318319","2106985565","14.1429"
"2130903762","2140272780","0.142857"
"2140272780","2130903762","0.142857"
"2130903762","2538318319","0.142857"
"2538318319","2130903762","0.142857"
"2140272780","2166817967","4.06905"
"2166817967","2140272780","4.06905"
"2140272780","2170772554","0.142857"
"2170772554","2140272780","0.142857"
"2140272780","2538318319","0.142857"
"2538318319","2140272780","0.142857"
"2166817967","2538318319","0.142857"
"2538318319","2166817967","0.142857"
"2170772554","2538318319","0.142857"
"2538318319","2170772554","0.142857"
"1606262545","1994382199","7.15952"
"1994382199","1606262545","7.15952"
"1606262545","1965913940","1.82619"
"1965913940","1606262545","1.82619"
"1606262545","2079719531","0.492857"
"2079719531","1606262545","0.492857"
"1606262545","2161673402","0.25"
"2161673402","1606262545","0.25"
"1965913940","1994382199","3.21905"
"1994382199","1965913940","3.21905"
"1965913940","2161673402","1.25"
"2161673402","1965913940","1.25"
"1994382199","2079719531","2.05238"
"2079719531","1994382199","2.05238"
"1994382199","2161673402","0.5"
"2161673402","1994382199","0.5"
"2079719531","2161673402","2.25"
"2161673402","2079719531","2.25"
"1606262545","2101649195","4.07619"
"2101649195","1606262545","4.07619"
"1994382199","2101649195","4.15952"
"2101649195","1994382199","4.15952"
"1606262545","2101007018","0.833333"
"2101007018","1606262545","0.833333"
"2101007018","2101649195","0.833333"
"2101649195","2101007018","0.833333"
"1606262545","2007427105","0.433333"
"2007427105","1606262545","0.433333"
"1994382199","2007427105","0.433333"
"2007427105","1994382199","0.433333"
"1606262545","1970035791","0.433333"
"1970035791","1606262545","0.433333"
"1606262545","2049020147","0.57619"
"2049020147","1606262545","0.57619"
"1606262545","2106985565","0.1"
"2106985565","1606262545","0.1"
"1606262545","2142385501","0.57619"
"2142385501","1606262545","0.57619"
"1606262545","2340809461","0.1"
"2340809461","1606262545","0.1"
"1965913940","1970035791","0.433333"
"1970035791","1965913940","0.433333"
"1965913940","2049020147","2.46905"
"2049020147","1965913940","2.46905"
"1965913940","2106985565","0.6"
"2106985565","1965913940","0.6"
"1965913940","2142385501","1.13571"
"2142385501","1965913940","1.13571"
"1970035791","1994382199","1.76667"
"1994382199","1970035791","1.76667"
"1970035791","2007427105","0.3"
"2007427105","1970035791","0.3"
"1970035791","2049020147","0.1"
"2049020147","1970035791","0.1"
"1970035791","2079719531","0.433333"
"2079719531","1970035791","0.433333"
"1970035791","2101649195","0.633333"
"2101649195","1970035791","0.633333"
"1970035791","2106985565","0.1"
"2106985565","1970035791","0.1"
"1970035791","2142385501","0.1"
"2142385501","1970035791","0.1"
"1994382199","2049020147","1.63571"
"2049020147","1994382199","1.63571"
"1994382199","2106985565","0.1"
"2106985565","1994382199","0.1"
"1994382199","2142385501","1.63571"
"2142385501","1994382199","1.63571"
"1994382199","2340809461","0.1"
"2340809461","1994382199","0.1"
"2007427105","2049020147","0.683333"
"2049020147","2007427105","0.683333"
"2007427105","2106985565","0.1"
"2106985565","2007427105","0.1"
"2007427105","2142385501","0.35"
"2142385501","2007427105","0.35"
"2049020147","2079719531","0.802381"
"2079719531","2049020147","0.802381"
"2049020147","2101649195","0.409524"
"2101649195","2049020147","0.409524"
"2049020147","2106985565","2.18333"
"2106985565","2049020147","2.18333"
"2079719531","2106985565","0.1"
"2106985565","2079719531","0.1"
"2079719531","2142385501","0.802381"
"2142385501","2079719531","0.802381"
"2101649195","2106985565","0.6"
"2106985565","2101649195","0.6"
"2101649195","2142385501","0.409524"
"2142385501","2101649195","0.409524"
"2106985565","2142385501","1.43333"
"2142385501","2106985565","1.43333"
"2106985565","2340809461","0.35"
"2340809461","2106985565","0.35"
"1606262545","2166817967","0.142857"
"2166817967","1606262545","0.142857"
"1994382199","2166817967","0.785714"
"2166817967","1994382199","0.785714"
"2049020147","2166817967","0.285714"
"2166817967","2049020147","0.285714"
"2142385501","2166817967","0.785714"
"2166817967","2142385501","0.785714"
"1753189688","2101249915","0.5"
"2101249915","1753189688","0.5"
"1753189688","2901749532","0.5"
"2901749532","1753189688","0.5"
"2101249915","2901749532","0.5"
"2901749532","2101249915","0.5"
"1753189688","1985048767","0.5"
"1985048767","1753189688","0.5"
"1753189688","2035344247","2.5"
"2035344247","1753189688","2.5"
"1985048767","2035344247","0.5"
"2035344247","1985048767","0.5"
"1800326764","2039742447","2.53333"
"2039742447","1800326764","2.53333"
"1800326764","2579902536","0.333333"
"2579902536","1800326764","0.333333"
"1800326764","2950761877","2.53333"
"2950761877","1800326764","2.53333"
"2039742447","2579902536","2"
"2579902536","2039742447","2"
"2039742447","2950761877","0.533333"
"2950761877","2039742447","0.533333"
"2579902536","2950761877","0.333333"
"2950761877","2579902536","0.333333"
"1800326764","2128926762","0.2"
"2128926762","1800326764","0.2"
"1800326764","2129999935","0.2"
"2129999935","1800326764","0.2"
"1800326764","2160003460","0.2"
"2160003460","1800326764","0.2"
"2039742447","2128926762","2.53333"
"2128926762","2039742447","2.53333"
"2039742447","2129999935","4.2"
"2129999935","2039742447","4.2"
"2039742447","2160003460","2.36667"
"2160003460","2039742447","2.36667"
"2128926762","2129999935","10.2"
"2129999935","2128926762","10.2"
"2128926762","2160003460","2.36667"
"2160003460","2128926762","2.36667"
"2128926762","2950761877","0.2"
"2950761877","2128926762","0.2"
"2129999935","2160003460","1.53333"
"2160003460","2129999935","1.53333"
"2129999935","2950761877","0.2"
"2950761877","2129999935","0.2"
"2160003460","2950761877","0.2"
"2950761877","2160003460","0.2"
"195396825","2086665687","8.5"
"2086665687","195396825","8.5"
"195396825","2170108941","0.5"
"2170108941","195396825","0.5"
"2086665687","2170108941","0.5"
"2170108941","2086665687","0.5"
"195396825","1994382199","0.333333"
"1994382199","195396825","0.333333"
"195396825","2101007018","0.333333"
"2101007018","195396825","0.333333"
"195396825","2101649195","0.333333"
"2101649195","195396825","0.333333"
"1965913940","2101007018","0.47619"
"2101007018","1965913940","0.47619"
"2079719531","2101007018","0.642857"
"2101007018","2079719531","0.642857"
"2101649195","2161673402","0.25"
"2161673402","2101649195","0.25"
"1965913940","1983326645","0.142857"
"1983326645","1965913940","0.142857"
"1983326645","1994382199","1.55952"
"1994382199","1983326645","1.55952"
"1983326645","2049020147","1.05952"
"2049020147","1983326645","1.05952"
"1983326645","2079719531","0.309524"
"2079719531","1983326645","0.309524"
"1983326645","2101007018","1.55952"
"2101007018","1983326645","1.55952"
"1983326645","2142385501","1.05952"
"2142385501","1983326645","1.05952"
"1983326645","2166817967","0.142857"
"2166817967","1983326645","0.142857"
"2049020147","2101007018","0.559524"
"2101007018","2049020147","0.559524"
"2101007018","2142385501","0.559524"
"2142385501","2101007018","0.559524"
"2101007018","2166817967","0.142857"
"2166817967","2101007018","0.142857"
"1965913940","2140272780","0.833333"
"2140272780","1965913940","0.833333"
"2101649195","2140272780","0.95"
"2140272780","2101649195","0.95"
"2007427105","2140272780","2.00952"
"2140272780","2007427105","2.00952"
"2049020147","2140272780","0.333333"
"2140272780","2049020147","0.333333"
"1965913940","2081536235","0.25"
"2081536235","1965913940","0.25"
"2079719531","2081536235","0.25"
"2081536235","2079719531","0.25"
"2081536235","2161673402","0.25"
"2161673402","2081536235","0.25"
"2161673402","2340809461","0.25"
"2340809461","2161673402","0.25"
"1966000522","2049485546","8.83333"
"2049485546","1966000522","8.83333"
"1966000522","2170108941","4.83333"
"2170108941","1966000522","4.83333"
"2049485546","2170108941","8.33333"
"2170108941","2049485546","8.33333"
"1966000522","1970035791","1.33333"
"1970035791","1966000522","1.33333"
"1970035791","2049485546","3.83333"
"2049485546","1970035791","3.83333"
"1970035791","2170108941","2.83333"
"2170108941","1970035791","2.83333"
"1970035791","2140272780","0.2"
"2140272780","1970035791","0.2"
"1970035791","2166817967","0.2"
"2166817967","1970035791","0.2"
"2140272780","2600679694","1.34286"
"2600679694","2140272780","1.34286"
"1970858159","2160003460","1"
"2160003460","1970858159","1"
"1970858159","1992739863","1"
"1992739863","1970858159","1"
"1970858159","2035344247","1"
"2035344247","1970858159","1"
"1974121224","2127847352","1.5"
"2127847352","1974121224","1.5"
"2127847352","2162009590","0.5"
"2162009590","2127847352","0.5"
"1983326645","2101649195","0.166667"
"2101649195","1983326645","0.166667"
"1985048767","2077155875","3.16667"
"2077155875","1985048767","3.16667"
"1985048767","2089813522","4.83333"
"2089813522","1985048767","4.83333"
"1985048767","1992739863","1"
"1992739863","1985048767","1"
"1985048767","2160003460","2"
"2160003460","1985048767","2"
"1992739863","2089813522","1"
"2089813522","1992739863","1"
"1992739863","2160003460","5.16667"
"2160003460","1992739863","5.16667"
"2089813522","2160003460","1"
"2160003460","2089813522","1"
"1992739863","2077155875","2.83333"
"2077155875","1992739863","2.83333"
"2077155875","2089813522","2.16667"
"2089813522","2077155875","2.16667"
"2077155875","2160003460","0.833333"
"2160003460","2077155875","0.833333"
"1992739863","2035344247","1"
"2035344247","1992739863","1"
"1994156358","2531328241","2.66667"
"2531328241","1994156358","2.66667"
"2531328241","2557514016","2.66667"
"2557514016","2531328241","2.66667"
"2531328241","2739992143","1.16667"
"2739992143","2531328241","1.16667"
"1994156358","2093830578","0.666667"
"2093830578","1994156358","0.666667"
"2081536235","2093830578","3.66667"
"2093830578","2081536235","3.66667"
"2093830578","2557514016","1.16667"
"2557514016","2093830578","1.16667"
"1994156358","2133439966","0.5"
"2133439966","1994156358","0.5"
"2133439966","2557514016","0.5"
"2557514016","2133439966","0.5"
"1994382199","2140272780","0.5"
"2140272780","1994382199","0.5"
"2006271460","2166461561","0.5"
"2166461561","2006271460","0.5"
"2125469777","2166461561","3.83333"
"2166461561","2125469777","3.83333"
"2140272780","2255612897","0.142857"
"2255612897","2140272780","0.142857"
"2140272780","2400081730","0.142857"
"2400081730","2140272780","0.142857"
"2140272780","242668716","0.142857"
"242668716","2140272780","0.142857"
"2140272780","2510219711","0.642857"
"2510219711","2140272780","0.642857"
"2166817967","2255612897","0.142857"
"2255612897","2166817967","0.142857"
"2166817967","2400081730","0.142857"
"2400081730","2166817967","0.142857"
"2166817967","242668716","0.142857"
"242668716","2166817967","0.142857"
"2166817967","2510219711","0.642857"
"2510219711","2166817967","0.642857"
"2140272780","2340809461","0.75"
"2340809461","2140272780","0.75"
"2035344247","2135769635","1"
"2135769635","2035344247","1"
"2039742447","2949645714","1.83333"
"2949645714","2039742447","1.83333"
"2129999935","2949645714","0.5"
"2949645714","2129999935","0.5"
"2128926762","2949645714","1.33333"
"2949645714","2128926762","1.33333"
"2160003460","2949645714","0.333333"
"2949645714","2160003460","0.333333"
"2128926762","2579902536","1.16667"
"2579902536","2128926762","1.16667"
"2129999935","2579902536","1.16667"
"2579902536","2129999935","1.16667"
"2039937371","2556986390","0.5"
"2556986390","2039937371","0.5"
"2039937371","2584755563","0.5"
"2584755563","2039937371","0.5"
"2556986390","2584755563","9.5"
"2584755563","2556986390","9.5"
"2039937371","2142385501","0.333333"
"2142385501","2039937371","0.333333"
"2039937371","2535370137","0.333333"
"2535370137","2039937371","0.333333"
"2106985565","2535370137","0.333333"
"2535370137","2106985565","0.333333"
"2130903762","2535370137","0.333333"
"2535370137","2130903762","0.333333"
"2039937371","2101007018","1"
"2101007018","2039937371","1"
"2049020147","2135769635","2.95"
"2135769635","2049020147","2.95"
"2049020147","2049485546","0.5"
"2049485546","2049020147","0.5"
"2049485546","2106985565","0.5"
"2106985565","2049485546","0.5"
"2049020147","2125469777","0.2"
"2125469777","2049020147","0.2"
"2049020147","2127847352","1.11667"
"2127847352","2049020147","1.11667"
"2049020147","2538318319","0.2"
"2538318319","2049020147","0.2"
"2125469777","2127847352","0.2"
"2127847352","2125469777","0.2"
"2125469777","2135769635","0.533333"
"2135769635","2125469777","0.533333"
"2125469777","2538318319","0.2"
"2538318319","2125469777","0.2"
"2127847352","2135769635","2.45"
"2135769635","2127847352","2.45"
"2127847352","2340809461","0.783333"
"2340809461","2127847352","0.783333"
"2127847352","2538318319","0.2"
"2538318319","2127847352","0.2"
"2135769635","2340809461","0.45"
"2340809461","2135769635","0.45"
"2135769635","2538318319","0.2"
"2538318319","2135769635","0.2"
"2340809461","2538318319","0.2"
"2538318319","2340809461","0.2"
"2106985565","2127847352","0.25"
"2127847352","2106985565","0.25"
"2106985565","2135769635","0.25"
"2135769635","2106985565","0.25"
"2135769635","2600679694","2.5"
"2600679694","2135769635","2.5"
"2127847352","2142385501","0.666667"
"2142385501","2127847352","0.666667"
"2127847352","2600679694","0.333333"
"2600679694","2127847352","0.333333"
"2049485546","2535370137","1"
"2535370137","2049485546","1"
"2079719531","2140272780","0.25"
"2140272780","2079719531","0.25"
"2081536235","2097005391","1"
"2097005391","2081536235","1"
"2093830578","2340809461","0.5"
"2340809461","2093830578","0.5"
"2082225974","2166461561","2.33333"
"2166461561","2082225974","2.33333"
"2082225974","2160178360","0.5"
"2160178360","2082225974","0.5"
"2125469777","2160178360","0.5"
"2160178360","2125469777","0.5"
"2082225974","2135769635","0.333333"
"2135769635","2082225974","0.333333"
"2135769635","2166461561","0.333333"
"2166461561","2135769635","0.333333"
"2101249915","2128926762","1"
"2128926762","2101249915","1"
"2106985565","2125469777","1"
"2125469777","2106985565","1"
"2135769635","2579902536","1"
"2579902536","2135769635","1"
"2140272780","2142385501","0.5"
"2142385501","2140272780","0.5"
"2161673402","2538318319","1"
"2538318319","2161673402","1"
"2531328241","2584755563","0.5"
"2584755563","2531328241","0.5"
"2584755563","2739992143","0.5"
"2739992143","2584755563","0.5"
"2739992143","2901749532","1"
"2901749532","2739992143","1"
