"1485206730","1994345439","0.809524"
"1994345439","1485206730","0.809524"
"1485206730","2057125921","1.00952"
"2057125921","1485206730","1.00952"
"1485206730","2060462435","0.366667"
"2060462435","1485206730","0.366667"
"1485206730","2081347125","0.166667"
"2081347125","1485206730","0.166667"
"1485206730","2116824257","0.509524"
"2116824257","1485206730","0.509524"
"1485206730","2166996073","0.166667"
"2166996073","1485206730","0.166667"
"1994345439","2057125921","3.75952"
"2057125921","1994345439","3.75952"
"1994345439","2060462435","0.416667"
"2060462435","1994345439","0.416667"
"1994345439","2081347125","0.416667"
"2081347125","1994345439","0.416667"
"1994345439","2116824257","1.80952"
"2116824257","1994345439","1.80952"
"1994345439","2166996073","0.616667"
"2166996073","1994345439","0.616667"
"2057125921","2060462435","0.366667"
"2060462435","2057125921","0.366667"
"2057125921","2081347125","0.166667"
"2081347125","2057125921","0.166667"
"2057125921","2116824257","0.759524"
"2116824257","2057125921","0.759524"
"2057125921","2166996073","0.166667"
"2166996073","2057125921","0.166667"
"2060462435","2081347125","0.166667"
"2081347125","2060462435","0.166667"
"2060462435","2116824257","0.566667"
"2116824257","2060462435","0.566667"
"2060462435","2166996073","0.166667"
"2166996073","2060462435","0.166667"
"2081347125","2116824257","0.416667"
"2116824257","2081347125","0.416667"
"2081347125","2166996073","9.08333"
"2166996073","2081347125","9.08333"
"2116824257","2166996073","0.416667"
"2166996073","2116824257","0.416667"
"1485206730","1968023063","0.142857"
"1968023063","1485206730","0.142857"
"1485206730","1999946446","0.142857"
"1999946446","1485206730","0.142857"
"1485206730","2045657836","0.142857"
"2045657836","1485206730","0.142857"
"1485206730","2048905749","0.342857"
"2048905749","1485206730","0.342857"
"1968023063","1994345439","3.87619"
"1994345439","1968023063","3.87619"
"1968023063","1999946446","6.16878"
"1999946446","1968023063","6.16878"
"1968023063","2045657836","6.54286"
"2045657836","1968023063","6.54286"
"1968023063","2048905749","0.142857"
"2048905749","1968023063","0.142857"
"1968023063","2057125921","1.50952"
"2057125921","1968023063","1.50952"
"1968023063","2116824257","0.142857"
"2116824257","1968023063","0.142857"
"1994345439","1999946446","3.40952"
"1999946446","1994345439","3.40952"
"1994345439","2045657836","4.10952"
"2045657836","1994345439","4.10952"
"1994345439","2048905749","0.892857"
"2048905749","1994345439","0.892857"
"1999946446","2045657836","4.82619"
"2045657836","1999946446","4.82619"
"1999946446","2048905749","0.392857"
"2048905749","1999946446","0.392857"
"1999946446","2057125921","0.592857"
"2057125921","1999946446","0.592857"
"1999946446","2116824257","0.342857"
"2116824257","1999946446","0.342857"
"2045657836","2048905749","0.392857"
"2048905749","2045657836","0.392857"
"2045657836","2057125921","1.09286"
"2057125921","2045657836","1.09286"
"2045657836","2116824257","0.142857"
"2116824257","2045657836","0.142857"
"2048905749","2057125921","0.842857"
"2057125921","2048905749","0.842857"
"2048905749","2116824257","3.59286"
"2116824257","2048905749","3.59286"
"1485206730","2204085741","0.2"
"2204085741","1485206730","0.2"
"2048905749","2060462435","0.2"
"2060462435","2048905749","0.2"
"2048905749","2204085741","0.2"
"2204085741","2048905749","0.2"
"2057125921","2204085741","0.7"
"2204085741","2057125921","0.7"
"2060462435","2204085741","0.2"
"2204085741","2060462435","0.2"
"2116824257","2204085741","0.2"
"2204085741","2116824257","0.2"
"1499895190","1999946446","1"
"1999946446","1499895190","1"
"1499895190","199408141","0.333333"
"199408141","1499895190","0.333333"
"1499895190","2072796675","0.333333"
"2072796675","1499895190","0.333333"
"1499895190","2085546272","1.33333"
"2085546272","1499895190","1.33333"
"199408141","2072796675","0.392157"
"2072796675","199408141","0.392157"
"199408141","2085546272","1.89216"
"2085546272","199408141","1.89216"
"2072796675","2085546272","1.39216"
"2085546272","2072796675","1.39216"
"1509672509","1971410675","1.5"
"1971410675","1509672509","1.5"
"1509672509","2149245720","3"
"2149245720","1509672509","3"
"1971410675","2149245720","6.25"
"2149245720","1971410675","6.25"
"1509672509","184978292","0.401681"
"184978292","1509672509","0.401681"
"1509672509","2019993753","1.40168"
"2019993753","1509672509","1.40168"
"1509672509","2286508185","0.2"
"2286508185","1509672509","0.2"
"1509672509","2560273181","0.2"
"2560273181","1509672509","0.2"
"1509672509","2998086450","0.2"
"2998086450","1509672509","0.2"
"184978292","2019993753","7.18501"
"2019993753","184978292","7.18501"
"184978292","2286508185","0.533333"
"2286508185","184978292","0.533333"
"184978292","2560273181","0.533333"
"2560273181","184978292","0.533333"
"184978292","2998086450","0.2"
"2998086450","184978292","0.2"
"2019993753","2286508185","0.533333"
"2286508185","2019993753","0.533333"
"2019993753","2560273181","0.533333"
"2560273181","2019993753","0.533333"
"2019993753","2998086450","0.2"
"2998086450","2019993753","0.2"
"2286508185","2560273181","4.86667"
"2560273181","2286508185","4.86667"
"2286508185","2998086450","0.533333"
"2998086450","2286508185","0.533333"
"2560273181","2998086450","0.533333"
"2998086450","2560273181","0.533333"
"1509672509","2150142188","1"
"2150142188","1509672509","1"
"1509672509","1534851233","0.258824"
"1534851233","1509672509","0.258824"
"1509672509","1871521726","0.0588235"
"1871521726","1509672509","0.0588235"
"1509672509","1960997073","0.0588235"
"1960997073","1509672509","0.0588235"
"1509672509","1968023063","0.401681"
"1968023063","1509672509","0.401681"
"1509672509","199408141","0.0588235"
"199408141","1509672509","0.0588235"
"1509672509","1996432790","0.0588235"
"1996432790","1509672509","0.0588235"
"1509672509","1999946446","0.0588235"
"1999946446","1509672509","0.0588235"
"1509672509","2005885386","0.0588235"
"2005885386","1509672509","0.0588235"
"1509672509","2031769266","0.0588235"
"2031769266","1509672509","0.0588235"
"1509672509","2068074809","0.258824"
"2068074809","1509672509","0.258824"
"1509672509","2072796675","0.0588235"
"2072796675","1509672509","0.0588235"
"1509672509","2076520076","0.401681"
"2076520076","1509672509","0.401681"
"1509672509","2085546272","0.201681"
"2085546272","1509672509","0.201681"
"1509672509","44419754","0.201681"
"44419754","1509672509","0.201681"
"1509672509","74970018","0.0588235"
"74970018","1509672509","0.0588235"
"1534851233","184978292","0.0588235"
"184978292","1534851233","0.0588235"
"1534851233","1871521726","0.0588235"
"1871521726","1534851233","0.0588235"
"1534851233","1960997073","0.142157"
"1960997073","1534851233","0.142157"
"1534851233","1968023063","0.258824"
"1968023063","1534851233","0.258824"
"1534851233","199408141","0.0588235"
"199408141","1534851233","0.0588235"
"1534851233","1996432790","1.05882"
"1996432790","1534851233","1.05882"
"1534851233","1999946446","0.142157"
"1999946446","1534851233","0.142157"
"1534851233","2005885386","0.142157"
"2005885386","1534851233","0.142157"
"1534851233","2019993753","0.0588235"
"2019993753","1534851233","0.0588235"
"1534851233","2031769266","0.0588235"
"2031769266","1534851233","0.0588235"
"1534851233","2068074809","1.25882"
"2068074809","1534851233","1.25882"
"1534851233","2072796675","0.0588235"
"2072796675","1534851233","0.0588235"
"1534851233","2076520076","3.25882"
"2076520076","1534851233","3.25882"
"1534851233","2085546272","0.0588235"
"2085546272","1534851233","0.0588235"
"1534851233","44419754","0.142157"
"44419754","1534851233","0.142157"
"1534851233","74970018","0.0588235"
"74970018","1534851233","0.0588235"
"184978292","1871521726","0.0588235"
"1871521726","184978292","0.0588235"
"184978292","1960997073","0.0588235"
"1960997073","184978292","0.0588235"
"184978292","1968023063","0.401681"
"1968023063","184978292","0.401681"
"184978292","199408141","0.0588235"
"199408141","184978292","0.0588235"
"184978292","1996432790","0.0588235"
"1996432790","184978292","0.0588235"
"184978292","1999946446","0.0588235"
"1999946446","184978292","0.0588235"
"184978292","2005885386","0.0588235"
"2005885386","184978292","0.0588235"
"184978292","2031769266","0.0588235"
"2031769266","184978292","0.0588235"
"184978292","2068074809","0.258824"
"2068074809","184978292","0.258824"
"184978292","2072796675","0.0588235"
"2072796675","184978292","0.0588235"
"184978292","2076520076","0.401681"
"2076520076","184978292","0.401681"
"184978292","2085546272","0.201681"
"2085546272","184978292","0.201681"
"184978292","44419754","0.401681"
"44419754","184978292","0.401681"
"184978292","74970018","0.0588235"
"74970018","184978292","0.0588235"
"1871521726","1960997073","0.0588235"
"1960997073","1871521726","0.0588235"
"1871521726","1968023063","0.0588235"
"1968023063","1871521726","0.0588235"
"1871521726","199408141","0.0588235"
"199408141","1871521726","0.0588235"
"1871521726","1996432790","3.30882"
"1996432790","1871521726","3.30882"
"1871521726","1999946446","0.0588235"
"1999946446","1871521726","0.0588235"
"1871521726","2005885386","0.0588235"
"2005885386","1871521726","0.0588235"
"1871521726","2019993753","0.0588235"
"2019993753","1871521726","0.0588235"
"1871521726","2031769266","0.808824"
"2031769266","1871521726","0.808824"
"1871521726","2068074809","0.0588235"
"2068074809","1871521726","0.0588235"
"1871521726","2072796675","0.558824"
"2072796675","1871521726","0.558824"
"1871521726","2076520076","0.0588235"
"2076520076","1871521726","0.0588235"
"1871521726","2085546272","0.0588235"
"2085546272","1871521726","0.0588235"
"1871521726","44419754","0.0588235"
"44419754","1871521726","0.0588235"
"1871521726","74970018","0.0588235"
"74970018","1871521726","0.0588235"
"1960997073","1968023063","1.26835"
"1968023063","1960997073","1.26835"
"1960997073","199408141","0.0588235"
"199408141","1960997073","0.0588235"
"1960997073","1996432790","0.0588235"
"1996432790","1960997073","0.0588235"
"1960997073","1999946446","1.90168"
"1999946446","1960997073","1.90168"
"1960997073","2005885386","4.88501"
"2005885386","1960997073","4.88501"
"1960997073","2019993753","0.0588235"
"2019993753","1960997073","0.0588235"
"1960997073","2031769266","0.0588235"
"2031769266","1960997073","0.0588235"
"1960997073","2068074809","0.201681"
"2068074809","1960997073","0.201681"
"1960997073","2072796675","0.0588235"
"2072796675","1960997073","0.0588235"
"1960997073","2076520076","0.458824"
"2076520076","1960997073","0.458824"
"1960997073","2085546272","0.0588235"
"2085546272","1960997073","0.0588235"
"1960997073","44419754","3.05882"
"44419754","1960997073","3.05882"
"1960997073","74970018","0.0588235"
"74970018","1960997073","0.0588235"
"1968023063","199408141","0.149733"
"199408141","1968023063","0.149733"
"1968023063","1996432790","0.0588235"
"1996432790","1968023063","0.0588235"
"1968023063","2005885386","1.26835"
"2005885386","1968023063","1.26835"
"1968023063","2019993753","0.401681"
"2019993753","1968023063","0.401681"
"1968023063","2031769266","0.0588235"
"2031769266","1968023063","0.0588235"
"1968023063","2068074809","1.19259"
"2068074809","1968023063","1.19259"
"1968023063","2072796675","0.0588235"
"2072796675","1968023063","0.0588235"
"1968023063","2076520076","1.59259"
"2076520076","1968023063","1.59259"
"1968023063","2085546272","0.201681"
"2085546272","1968023063","0.201681"
"1968023063","44419754","3.10168"
"44419754","1968023063","3.10168"
"1968023063","74970018","0.149733"
"74970018","1968023063","0.149733"
"199408141","1996432790","0.0588235"
"1996432790","199408141","0.0588235"
"199408141","1999946446","0.149733"
"1999946446","199408141","0.149733"
"199408141","2005885386","0.0588235"
"2005885386","199408141","0.0588235"
"199408141","2019993753","0.0588235"
"2019993753","199408141","0.0588235"
"199408141","2031769266","0.0588235"
"2031769266","199408141","0.0588235"
"199408141","2068074809","0.149733"
"2068074809","199408141","0.149733"
"199408141","2076520076","0.149733"
"2076520076","199408141","0.149733"
"199408141","44419754","0.0588235"
"44419754","199408141","0.0588235"
"199408141","74970018","0.149733"
"74970018","199408141","0.149733"
"1996432790","1999946446","0.0588235"
"1999946446","1996432790","0.0588235"
"1996432790","2005885386","0.0588235"
"2005885386","1996432790","0.0588235"
"1996432790","2019993753","1.05882"
"2019993753","1996432790","1.05882"
"1996432790","2031769266","14.3088"
"2031769266","1996432790","14.3088"
"1996432790","2068074809","0.0588235"
"2068074809","1996432790","0.0588235"
"1996432790","2072796675","10.3922"
"2072796675","1996432790","10.3922"
"1996432790","2076520076","0.0588235"
"2076520076","1996432790","0.0588235"
"1996432790","2085546272","0.0588235"
"2085546272","1996432790","0.0588235"
"1996432790","44419754","0.0588235"
"44419754","1996432790","0.0588235"
"1996432790","74970018","1.55882"
"74970018","1996432790","1.55882"
"1999946446","2005885386","1.40168"
"2005885386","1999946446","1.40168"
"1999946446","2019993753","0.0588235"
"2019993753","1999946446","0.0588235"
"1999946446","2031769266","0.0588235"
"2031769266","1999946446","0.0588235"
"1999946446","2068074809","0.29259"
"2068074809","1999946446","0.29259"
"1999946446","2072796675","0.308824"
"2072796675","1999946446","0.308824"
"1999946446","2076520076","1.14973"
"2076520076","1999946446","1.14973"
"1999946446","2085546272","0.0588235"
"2085546272","1999946446","0.0588235"
"1999946446","44419754","3.84216"
"44419754","1999946446","3.84216"
"1999946446","74970018","0.149733"
"74970018","1999946446","0.149733"
"2005885386","2019993753","0.0588235"
"2019993753","2005885386","0.0588235"
"2005885386","2031769266","0.0588235"
"2031769266","2005885386","0.0588235"
"2005885386","2068074809","0.201681"
"2068074809","2005885386","0.201681"
"2005885386","2072796675","0.0588235"
"2072796675","2005885386","0.0588235"
"2005885386","2076520076","0.458824"
"2076520076","2005885386","0.458824"
"2005885386","2085546272","0.0588235"
"2085546272","2005885386","0.0588235"
"2005885386","44419754","0.758824"
"44419754","2005885386","0.758824"
"2005885386","74970018","0.0588235"
"74970018","2005885386","0.0588235"
"2019993753","2031769266","0.0588235"
"2031769266","2019993753","0.0588235"
"2019993753","2068074809","0.258824"
"2068074809","2019993753","0.258824"
"2019993753","2072796675","0.0588235"
"2072796675","2019993753","0.0588235"
"2019993753","2076520076","1.40168"
"2076520076","2019993753","1.40168"
"2019993753","2085546272","0.201681"
"2085546272","2019993753","0.201681"
"2019993753","44419754","0.401681"
"44419754","2019993753","0.401681"
"2019993753","74970018","0.0588235"
"74970018","2019993753","0.0588235"
"2031769266","2068074809","0.0588235"
"2068074809","2031769266","0.0588235"
"2031769266","2072796675","7.05882"
"2072796675","2031769266","7.05882"
"2031769266","2076520076","1.05882"
"2076520076","2031769266","1.05882"
"2031769266","2085546272","1.30882"
"2085546272","2031769266","1.30882"
"2031769266","44419754","0.0588235"
"44419754","2031769266","0.0588235"
"2031769266","74970018","1.80882"
"74970018","2031769266","1.80882"
"2068074809","2072796675","0.0588235"
"2072796675","2068074809","0.0588235"
"2068074809","2076520076","2.04973"
"2076520076","2068074809","2.04973"
"2068074809","2085546272","0.0588235"
"2085546272","2068074809","0.0588235"
"2068074809","44419754","0.258824"
"44419754","2068074809","0.258824"
"2068074809","74970018","0.149733"
"74970018","2068074809","0.149733"
"2072796675","2076520076","0.0588235"
"2076520076","2072796675","0.0588235"
"2072796675","44419754","0.308824"
"44419754","2072796675","0.308824"
"2072796675","74970018","0.0588235"
"74970018","2072796675","0.0588235"
"2076520076","2085546272","1.03501"
"2085546272","2076520076","1.03501"
"2076520076","44419754","0.401681"
"44419754","2076520076","0.401681"
"2076520076","74970018","0.483066"
"74970018","2076520076","0.483066"
"2085546272","44419754","0.201681"
"44419754","2085546272","0.201681"
"2085546272","74970018","0.642157"
"74970018","2085546272","0.642157"
"44419754","74970018","0.0588235"
"74970018","44419754","0.0588235"
"1509672509","1533930991","0.2"
"1533930991","1509672509","0.2"
"1533930991","1534851233","1.2"
"1534851233","1533930991","1.2"
"1533930991","1968023063","0.690909"
"1968023063","1533930991","0.690909"
"1533930991","2068074809","0.290909"
"2068074809","1533930991","0.290909"
"1533930991","2076520076","0.690909"
"2076520076","1533930991","0.690909"
"1509672509","2100595539","0.642857"
"2100595539","1509672509","0.642857"
"184978292","2100595539","0.142857"
"2100595539","184978292","0.142857"
"1968023063","2100595539","0.142857"
"2100595539","1968023063","0.142857"
"2019993753","2100595539","0.142857"
"2100595539","2019993753","0.142857"
"2076520076","2100595539","0.642857"
"2100595539","2076520076","0.642857"
"2085546272","2100595539","0.642857"
"2100595539","2085546272","0.642857"
"2100595539","44419754","0.142857"
"44419754","2100595539","0.142857"
"2100595539","2149245720","0.5"
"2149245720","2100595539","0.5"
"1529503513","158080040","6"
"158080040","1529503513","6"
"1533930991","2100595539","1"
"2100595539","1533930991","1"
"1533930991","2337455698","1"
"2337455698","1533930991","1"
"1533930991","1960997073","0.4"
"1960997073","1533930991","0.4"
"1533930991","2005885386","0.4"
"2005885386","1533930991","0.4"
"1533930991","2060462435","0.490909"
"2060462435","1533930991","0.490909"
"1960997073","2060462435","0.742857"
"2060462435","1960997073","0.742857"
"1968023063","2060462435","0.883766"
"2060462435","1968023063","0.883766"
"2005885386","2060462435","0.742857"
"2060462435","2005885386","0.742857"
"2060462435","2076520076","0.490909"
"2076520076","2060462435","0.490909"
"1533930991","2040998606","0.5"
"2040998606","1533930991","0.5"
"1533930991","74970018","0.590909"
"74970018","1533930991","0.590909"
"2040998606","74970018","0.5"
"74970018","2040998606","0.5"
"1533930991","1559634500","0.0909091"
"1559634500","1533930991","0.0909091"
"1533930991","199408141","0.0909091"
"199408141","1533930991","0.0909091"
"1533930991","1999946446","0.0909091"
"1999946446","1533930991","0.0909091"
"1533930991","2087702277","0.0909091"
"2087702277","1533930991","0.0909091"
"1533930991","2126172356","0.0909091"
"2126172356","1533930991","0.0909091"
"1533930991","2149245720","0.0909091"
"2149245720","1533930991","0.0909091"
"1559634500","1968023063","0.483766"
"1968023063","1559634500","0.483766"
"1559634500","199408141","0.0909091"
"199408141","1559634500","0.0909091"
"1559634500","1999946446","1.0671"
"1999946446","1559634500","1.0671"
"1559634500","2060462435","0.233766"
"2060462435","1559634500","0.233766"
"1559634500","2068074809","0.233766"
"2068074809","1559634500","0.233766"
"1559634500","2076520076","0.0909091"
"2076520076","1559634500","0.0909091"
"1559634500","2087702277","0.0909091"
"2087702277","1559634500","0.0909091"
"1559634500","2126172356","0.5671"
"2126172356","1559634500","0.5671"
"1559634500","2149245720","0.0909091"
"2149245720","1559634500","0.0909091"
"1559634500","74970018","0.0909091"
"74970018","1559634500","0.0909091"
"1968023063","2087702277","0.257576"
"2087702277","1968023063","0.257576"
"1968023063","2126172356","0.5671"
"2126172356","1968023063","0.5671"
"1968023063","2149245720","0.0909091"
"2149245720","1968023063","0.0909091"
"199408141","2060462435","0.0909091"
"2060462435","199408141","0.0909091"
"199408141","2087702277","0.0909091"
"2087702277","199408141","0.0909091"
"199408141","2126172356","0.0909091"
"2126172356","199408141","0.0909091"
"199408141","2149245720","0.590909"
"2149245720","199408141","0.590909"
"1999946446","2060462435","0.683766"
"2060462435","1999946446","0.683766"
"1999946446","2087702277","0.257576"
"2087702277","1999946446","0.257576"
"1999946446","2126172356","2.80043"
"2126172356","1999946446","2.80043"
"1999946446","2149245720","0.0909091"
"2149245720","1999946446","0.0909091"
"2060462435","2068074809","0.233766"
"2068074809","2060462435","0.233766"
"2060462435","2087702277","1.09091"
"2087702277","2060462435","1.09091"
"2060462435","2126172356","0.433766"
"2126172356","2060462435","0.433766"
"2060462435","2149245720","0.0909091"
"2149245720","2060462435","0.0909091"
"2060462435","74970018","0.0909091"
"74970018","2060462435","0.0909091"
"2068074809","2087702277","0.0909091"
"2087702277","2068074809","0.0909091"
"2068074809","2126172356","0.233766"
"2126172356","2068074809","0.233766"
"2068074809","2149245720","0.0909091"
"2149245720","2068074809","0.0909091"
"2076520076","2087702277","0.0909091"
"2087702277","2076520076","0.0909091"
"2076520076","2126172356","0.0909091"
"2126172356","2076520076","0.0909091"
"2076520076","2149245720","0.590909"
"2149245720","2076520076","0.590909"
"2087702277","2126172356","0.0909091"
"2126172356","2087702277","0.0909091"
"2087702277","2149245720","0.0909091"
"2149245720","2087702277","0.0909091"
"2087702277","74970018","0.0909091"
"74970018","2087702277","0.0909091"
"2126172356","2149245720","0.0909091"
"2149245720","2126172356","0.0909091"
"2126172356","74970018","0.0909091"
"74970018","2126172356","0.0909091"
"2149245720","74970018","0.0909091"
"74970018","2149245720","0.0909091"
"1534851233","1559634500","0.0833333"
"1559634500","1534851233","0.0833333"
"1534851233","1994345439","0.0833333"
"1994345439","1534851233","0.0833333"
"1534851233","2040998606","0.0833333"
"2040998606","1534851233","0.0833333"
"1534851233","2045657836","0.0833333"
"2045657836","1534851233","0.0833333"
"1534851233","2057125921","0.0833333"
"2057125921","1534851233","0.0833333"
"1534851233","2122109421","0.0833333"
"2122109421","1534851233","0.0833333"
"1534851233","2126172356","0.0833333"
"2126172356","1534851233","0.0833333"
"1534851233","2560273181","0.0833333"
"2560273181","1534851233","0.0833333"
"1559634500","1960997073","0.22619"
"1960997073","1559634500","0.22619"
"1559634500","1994345439","0.333333"
"1994345439","1559634500","0.333333"
"1559634500","2005885386","0.22619"
"2005885386","1559634500","0.22619"
"1559634500","2040998606","0.0833333"
"2040998606","1559634500","0.0833333"
"1559634500","2045657836","0.333333"
"2045657836","1559634500","0.333333"
"1559634500","2057125921","0.0833333"
"2057125921","1559634500","0.0833333"
"1559634500","2122109421","0.333333"
"2122109421","1559634500","0.333333"
"1559634500","2560273181","0.0833333"
"2560273181","1559634500","0.0833333"
"1559634500","44419754","4.91667"
"44419754","1559634500","4.91667"
"1960997073","1994345439","0.333333"
"1994345439","1960997073","0.333333"
"1960997073","2040998606","0.0833333"
"2040998606","1960997073","0.0833333"
"1960997073","2045657836","0.5"
"2045657836","1960997073","0.5"
"1960997073","2057125921","0.0833333"
"2057125921","1960997073","0.0833333"
"1960997073","2122109421","0.333333"
"2122109421","1960997073","0.333333"
"1960997073","2126172356","0.759524"
"2126172356","1960997073","0.759524"
"1960997073","2560273181","0.0833333"
"2560273181","1960997073","0.0833333"
"1994345439","2005885386","0.533333"
"2005885386","1994345439","0.533333"
"1994345439","2040998606","0.0833333"
"2040998606","1994345439","0.0833333"
"1994345439","2122109421","0.333333"
"2122109421","1994345439","0.333333"
"1994345439","2126172356","1.03333"
"2126172356","1994345439","1.03333"
"1994345439","2560273181","0.0833333"
"2560273181","1994345439","0.0833333"
"1994345439","44419754","1.48333"
"44419754","1994345439","1.48333"
"1999946446","2040998606","0.0833333"
"2040998606","1999946446","0.0833333"
"1999946446","2122109421","0.583333"
"2122109421","1999946446","0.583333"
"1999946446","2560273181","0.0833333"
"2560273181","1999946446","0.0833333"
"2005885386","2040998606","0.0833333"
"2040998606","2005885386","0.0833333"
"2005885386","2045657836","0.7"
"2045657836","2005885386","0.7"
"2005885386","2057125921","0.0833333"
"2057125921","2005885386","0.0833333"
"2005885386","2122109421","0.333333"
"2122109421","2005885386","0.333333"
"2005885386","2126172356","0.759524"
"2126172356","2005885386","0.759524"
"2005885386","2560273181","0.0833333"
"2560273181","2005885386","0.0833333"
"2040998606","2045657836","0.0833333"
"2045657836","2040998606","0.0833333"
"2040998606","2057125921","0.0833333"
"2057125921","2040998606","0.0833333"
"2040998606","2122109421","0.0833333"
"2122109421","2040998606","0.0833333"
"2040998606","2126172356","0.0833333"
"2126172356","2040998606","0.0833333"
"2040998606","2560273181","0.0833333"
"2560273181","2040998606","0.0833333"
"2040998606","44419754","0.0833333"
"44419754","2040998606","0.0833333"
"2045657836","2122109421","0.0833333"
"2122109421","2045657836","0.0833333"
"2045657836","2126172356","1.03333"
"2126172356","2045657836","1.03333"
"2045657836","2560273181","0.0833333"
"2560273181","2045657836","0.0833333"
"2045657836","44419754","2.9"
"44419754","2045657836","2.9"
"2057125921","2122109421","0.0833333"
"2122109421","2057125921","0.0833333"
"2057125921","2126172356","0.0833333"
"2126172356","2057125921","0.0833333"
"2057125921","2560273181","0.0833333"
"2560273181","2057125921","0.0833333"
"2057125921","44419754","0.0833333"
"44419754","2057125921","0.0833333"
"2122109421","2126172356","0.583333"
"2126172356","2122109421","0.583333"
"2122109421","2560273181","0.0833333"
"2560273181","2122109421","0.0833333"
"2122109421","44419754","0.583333"
"44419754","2122109421","0.583333"
"2126172356","2560273181","0.0833333"
"2560273181","2126172356","0.0833333"
"2126172356","44419754","1.41667"
"44419754","2126172356","1.41667"
"2560273181","44419754","0.0833333"
"44419754","2560273181","0.0833333"
"1559634500","2337455698","0.5"
"2337455698","1559634500","0.5"
"2337455698","44419754","1.23333"
"44419754","2337455698","1.23333"
"1559634500","2081347125","0.333333"
"2081347125","1559634500","0.333333"
"1559634500","2166996073","0.333333"
"2166996073","1559634500","0.333333"
"2081347125","44419754","0.666667"
"44419754","2081347125","0.666667"
"2166996073","44419754","1.36667"
"44419754","2166996073","1.36667"
"1569826957","2071327713","2"
"2071327713","1569826957","2"
"1569826957","2141685463","0.5"
"2141685463","1569826957","0.5"
"2071327713","2141685463","2.5"
"2141685463","2071327713","2.5"
"1569826957","2045657836","0.5"
"2045657836","1569826957","0.5"
"2045657836","2071327713","0.833333"
"2071327713","2045657836","0.833333"
"158080040","2076520076","0.333333"
"2076520076","158080040","0.333333"
"158080040","2085546272","0.333333"
"2085546272","158080040","0.333333"
"158080040","74970018","0.333333"
"74970018","158080040","0.333333"
"1589920285","2045657836","0.333333"
"2045657836","1589920285","0.333333"
"1589920285","2071327713","0.333333"
"2071327713","1589920285","0.333333"
"1589920285","2126700855","3.33333"
"2126700855","1589920285","3.33333"
"2045657836","2126700855","0.333333"
"2126700855","2045657836","0.333333"
"2071327713","2126700855","0.333333"
"2126700855","2071327713","0.333333"
"1608555937","74970018","1"
"74970018","1608555937","1"
"1608555937","2773979509","1"
"2773979509","1608555937","1"
"184978292","1971410675","0.25"
"1971410675","184978292","0.25"
"184978292","2149245720","0.25"
"2149245720","184978292","0.25"
"184978292","2150142188","0.25"
"2150142188","184978292","0.25"
"1971410675","2019993753","0.25"
"2019993753","1971410675","0.25"
"1971410675","2150142188","1.75"
"2150142188","1971410675","1.75"
"2019993753","2149245720","0.25"
"2149245720","2019993753","0.25"
"2019993753","2150142188","0.25"
"2150142188","2019993753","0.25"
"2149245720","2150142188","1.75"
"2150142188","2149245720","1.75"
"1871521726","2040998606","1"
"2040998606","1871521726","1"
"1871521726","2397056967","0.25"
"2397056967","1871521726","0.25"
"1871521726","2773979509","0.25"
"2773979509","1871521726","0.25"
"1996432790","2397056967","0.25"
"2397056967","1996432790","0.25"
"1996432790","2773979509","0.25"
"2773979509","1996432790","0.25"
"2031769266","2397056967","0.25"
"2397056967","2031769266","0.25"
"2031769266","2773979509","0.25"
"2773979509","2031769266","0.25"
"2397056967","2773979509","15.25"
"2773979509","2397056967","15.25"
"1913917384","2731468263","2"
"2731468263","1913917384","2"
"1913917384","2804204027","4"
"2804204027","1913917384","4"
"2731468263","2804204027","10"
"2804204027","2731468263","10"
"1960997073","2140805191","0.166667"
"2140805191","1960997073","0.166667"
"1968023063","2140805191","0.75"
"2140805191","1968023063","0.75"
"1999946446","2140805191","0.7"
"2140805191","1999946446","0.7"
"2005885386","2140805191","0.166667"
"2140805191","2005885386","0.166667"
"2045657836","2140805191","1.45"
"2140805191","2045657836","1.45"
"2140805191","44419754","0.166667"
"44419754","2140805191","0.166667"
"1960997073","2116824257","0.533333"
"2116824257","1960997073","0.533333"
"2005885386","2116824257","0.533333"
"2116824257","2005885386","0.533333"
"2116824257","2126172356","0.533333"
"2126172356","2116824257","0.533333"
"1960997073","2150142188","0.25"
"2150142188","1960997073","0.25"
"1994345439","2150142188","0.25"
"2150142188","1994345439","0.25"
"2005885386","2150142188","0.25"
"2150142188","2005885386","0.25"
"2122109421","2150142188","0.25"
"2150142188","2122109421","0.25"
"1968023063","2017075355","1.28333"
"2017075355","1968023063","1.28333"
"1994345439","2017075355","1.23333"
"2017075355","1994345439","1.23333"
"1999946446","2017075355","0.733333"
"2017075355","1999946446","0.733333"
"2017075355","2045657836","1.48333"
"2045657836","2017075355","1.48333"
"2017075355","2057125921","2.61667"
"2057125921","2017075355","2.61667"
"1994345439","2140805191","3.03333"
"2140805191","1994345439","3.03333"
"2017075355","2140805191","4.03333"
"2140805191","2017075355","4.03333"
"1968023063","2337455698","0.2"
"2337455698","1968023063","0.2"
"1994345439","2337455698","0.65"
"2337455698","1994345439","0.65"
"1999946446","2337455698","0.2"
"2337455698","1999946446","0.2"
"2045657836","2337455698","0.4"
"2337455698","2045657836","0.4"
"2045657836","2060462435","0.25"
"2060462435","2045657836","0.25"
"1994345439","2087702277","1.16667"
"2087702277","1994345439","1.16667"
"2017075355","2087702277","0.166667"
"2087702277","2017075355","0.166667"
"2045657836","2087702277","0.166667"
"2087702277","2045657836","0.166667"
"2087702277","2140805191","0.166667"
"2140805191","2087702277","0.166667"
"2057125921","2140805191","1.41667"
"2140805191","2057125921","1.41667"
"1968023063","2204085741","0.5"
"2204085741","1968023063","0.5"
"1971410675","199408141","0.5"
"199408141","1971410675","0.5"
"1971410675","2076520076","0.5"
"2076520076","1971410675","0.5"
"1976271807","2031769266","1.25"
"2031769266","1976271807","1.25"
"1976271807","1996432790","0.333333"
"1996432790","1976271807","0.333333"
"1976271807","2072796675","0.333333"
"2072796675","1976271807","0.333333"
"1976271807","2122109421","0.583333"
"2122109421","1976271807","0.583333"
"1996432790","2122109421","0.833333"
"2122109421","1996432790","0.833333"
"2072796675","2122109421","0.583333"
"2122109421","2072796675","0.583333"
"1976271807","2085546272","0.25"
"2085546272","1976271807","0.25"
"1976271807","74970018","0.25"
"74970018","1976271807","0.25"
"2031769266","2122109421","0.75"
"2122109421","2031769266","0.75"
"2085546272","2122109421","0.75"
"2122109421","2085546272","0.75"
"2122109421","74970018","1.25"
"74970018","2122109421","1.25"
"199408141","2122109421","0.5"
"2122109421","199408141","0.5"
"2017075355","2126172356","0.2"
"2126172356","2017075355","0.2"
"2126172356","2140805191","0.7"
"2140805191","2126172356","0.7"
"2048905749","2126172356","0.25"
"2126172356","2048905749","0.25"
"1994345439","2126261368","0.25"
"2126261368","1994345439","0.25"
"2048905749","2126261368","0.25"
"2126261368","2048905749","0.25"
"2057125921","2126261368","0.25"
"2126261368","2057125921","0.25"
"2116824257","2126261368","0.25"
"2126261368","2116824257","0.25"
"2081347125","2337455698","1.58333"
"2337455698","2081347125","1.58333"
"2116824257","2337455698","0.25"
"2337455698","2116824257","0.25"
"2166996073","2337455698","3.78333"
"2337455698","2166996073","3.78333"
"1994345439","2773979509","1"
"2773979509","1994345439","1"
"2017075355","2048905749","0.25"
"2048905749","2017075355","0.25"
"2048905749","2140805191","0.25"
"2140805191","2048905749","0.25"
"2005885386","2166996073","0.2"
"2166996073","2005885386","0.2"
"2005885386","2337455698","0.2"
"2337455698","2005885386","0.2"
"2045657836","2166996073","0.2"
"2166996073","2045657836","0.2"
"1996432790","2040998606","1"
"2040998606","1996432790","1"
"1999946446","2100595539","1"
"2100595539","1999946446","1"
"2072796675","2126172356","0.25"
"2126172356","2072796675","0.25"
"1999946446","2204085741","1"
"2204085741","1999946446","1"
"2031769266","2040998606","4.5"
"2040998606","2031769266","4.5"
"2031769266","2150142188","3"
"2150142188","2031769266","3"
"2031769266","2286508185","0.333333"
"2286508185","2031769266","0.333333"
"2031769266","2560273181","0.333333"
"2560273181","2031769266","0.333333"
"2031769266","2998086450","0.333333"
"2998086450","2031769266","0.333333"
"2040998606","2072796675","0.5"
"2072796675","2040998606","0.5"
"2048905749","2087702277","0.5"
"2087702277","2048905749","0.5"
"2048905749","2166996073","0.5"
"2166996073","2048905749","0.5"
"2087702277","2166996073","1"
"2166996073","2087702277","1"
"2060462435","2337455698","1"
"2337455698","2060462435","1"
"2060462435","2773979509","1"
"2773979509","2060462435","1"
"2072796675","2556622281","1"
"2556622281","2072796675","1"
"2087702277","44419754","0.5"
"44419754","2087702277","0.5"
"2100595539","2104495537","1"
"2104495537","2100595539","1"
"2100595539","2337455698","1"
"2337455698","2100595539","1"
"2100595539","74970018","1"
"74970018","2100595539","1"
"2100595539","2995451515","1"
"2995451515","2100595539","1"
"2150142188","2560273181","1"
"2560273181","2150142188","1"
"2483907864","2556622281","15"
"2556622281","2483907864","15"
"2560273181","2995451515","2"
"2995451515","2560273181","2"
"2773979509","74970018","3"
"74970018","2773979509","3"
