"133070206","1535078221","0.421429"
"1535078221","133070206","0.421429"
"133070206","1575931650","0.1"
"1575931650","133070206","0.1"
"133070206","2002157582","0.504762"
"2002157582","133070206","0.504762"
"133070206","2046651668","0.504762"
"2046651668","133070206","0.504762"
"133070206","21476949","1.01667"
"21476949","133070206","1.01667"
"133070206","2153481120","0.1"
"2153481120","133070206","0.1"
"133070206","2215747195","1.43333"
"2215747195","133070206","1.43333"
"133070206","2291669983","0.504762"
"2291669983","133070206","0.504762"
"133070206","7280080","0.35"
"7280080","133070206","0.35"
"133070206","97842911","0.461111"
"97842911","133070206","0.461111"
"1535078221","1575931650","0.1"
"1575931650","1535078221","0.1"
"1535078221","2002157582","0.421429"
"2002157582","1535078221","0.421429"
"1535078221","2046651668","0.171429"
"2046651668","1535078221","0.171429"
"1535078221","21476949","0.35"
"21476949","1535078221","0.35"
"1535078221","2153481120","0.1"
"2153481120","1535078221","0.1"
"1535078221","2215747195","0.1"
"2215747195","1535078221","0.1"
"1535078221","2291669983","0.171429"
"2291669983","1535078221","0.171429"
"1535078221","7280080","0.35"
"7280080","1535078221","0.35"
"1535078221","97842911","0.6"
"97842911","1535078221","0.6"
"1575931650","2002157582","0.1"
"2002157582","1575931650","0.1"
"1575931650","2046651668","0.1"
"2046651668","1575931650","0.1"
"1575931650","21476949","0.1"
"21476949","1575931650","0.1"
"1575931650","2153481120","0.1"
"2153481120","1575931650","0.1"
"1575931650","2215747195","0.1"
"2215747195","1575931650","0.1"
"1575931650","2291669983","0.1"
"2291669983","1575931650","0.1"
"1575931650","7280080","0.1"
"7280080","1575931650","0.1"
"1575931650","97842911","2.35"
"97842911","1575931650","2.35"
"2002157582","2046651668","0.762338"
"2046651668","2002157582","0.762338"
"2002157582","21476949","0.524242"
"21476949","2002157582","0.524242"
"2002157582","2153481120","6.26667"
"2153481120","2002157582","6.26667"
"2002157582","2215747195","15.2667"
"2215747195","2002157582","15.2667"
"2002157582","2291669983","1.17143"
"2291669983","2002157582","1.17143"
"2002157582","7280080","0.1"
"7280080","2002157582","0.1"
"2002157582","97842911","1.14167"
"97842911","2002157582","1.14167"
"2046651668","21476949","1.52424"
"21476949","2046651668","1.52424"
"2046651668","2153481120","0.433333"
"2153481120","2046651668","0.433333"
"2046651668","2215747195","0.6"
"2215747195","2046651668","0.6"
"2046651668","2291669983","2.10476"
"2291669983","2046651668","2.10476"
"2046651668","7280080","0.1"
"7280080","2046651668","0.1"
"2046651668","97842911","0.1"
"97842911","2046651668","0.1"
"21476949","2153481120","0.1"
"2153481120","21476949","0.1"
"21476949","2215747195","0.433333"
"2215747195","21476949","0.433333"
"21476949","2291669983","2.43333"
"2291669983","21476949","2.43333"
"21476949","7280080","0.35"
"7280080","21476949","0.35"
"21476949","97842911","0.35"
"97842911","21476949","0.35"
"2153481120","2215747195","6.26667"
"2215747195","2153481120","6.26667"
"2153481120","2291669983","0.1"
"2291669983","2153481120","0.1"
"2153481120","7280080","0.1"
"7280080","2153481120","0.1"
"2153481120","97842911","0.1"
"97842911","2153481120","0.1"
"2215747195","2291669983","0.1"
"2291669983","2215747195","0.1"
"2215747195","7280080","0.1"
"7280080","2215747195","0.1"
"2215747195","97842911","0.1"
"97842911","2215747195","0.1"
"2291669983","7280080","0.1"
"7280080","2291669983","0.1"
"2291669983","97842911","0.1"
"97842911","2291669983","0.1"
"7280080","97842911","0.35"
"97842911","7280080","0.35"
"133070206","1484859522","0.111111"
"1484859522","133070206","0.111111"
"133070206","1516135399","0.111111"
"1516135399","133070206","0.111111"
"133070206","1587440954","0.18254"
"1587440954","133070206","0.18254"
"133070206","1608131845","0.111111"
"1608131845","133070206","0.111111"
"133070206","1608271640","0.111111"
"1608271640","133070206","0.111111"
"133070206","202130484","0.111111"
"202130484","133070206","0.111111"
"133070206","2230456294","0.18254"
"2230456294","133070206","0.18254"
"133070206","57244296","0.111111"
"57244296","133070206","0.111111"
"1484859522","1516135399","0.111111"
"1516135399","1484859522","0.111111"
"1484859522","1587440954","0.111111"
"1587440954","1484859522","0.111111"
"1484859522","1608131845","2.28535"
"1608131845","1484859522","2.28535"
"1484859522","1608271640","0.111111"
"1608271640","1484859522","0.111111"
"1484859522","202130484","0.111111"
"202130484","1484859522","0.111111"
"1484859522","2230456294","0.111111"
"2230456294","1484859522","0.111111"
"1484859522","57244296","0.111111"
"57244296","1484859522","0.111111"
"1484859522","97842911","0.111111"
"97842911","1484859522","0.111111"
"1516135399","1587440954","0.611111"
"1587440954","1516135399","0.611111"
"1516135399","1608131845","0.111111"
"1608131845","1516135399","0.111111"
"1516135399","1608271640","3.11111"
"1608271640","1516135399","3.11111"
"1516135399","202130484","0.111111"
"202130484","1516135399","0.111111"
"1516135399","2230456294","0.111111"
"2230456294","1516135399","0.111111"
"1516135399","57244296","0.111111"
"57244296","1516135399","0.111111"
"1516135399","97842911","0.111111"
"97842911","1516135399","0.111111"
"1587440954","1608131845","0.141414"
"1608131845","1587440954","0.141414"
"1587440954","1608271640","2.17042"
"1608271640","1587440954","2.17042"
"1587440954","202130484","0.111111"
"202130484","1587440954","0.111111"
"1587440954","2230456294","0.18254"
"2230456294","1587440954","0.18254"
"1587440954","57244296","0.222222"
"57244296","1587440954","0.222222"
"1587440954","97842911","0.111111"
"97842911","1587440954","0.111111"
"1608131845","1608271640","0.141414"
"1608271640","1608131845","0.141414"
"1608131845","202130484","0.111111"
"202130484","1608131845","0.111111"
"1608131845","2230456294","0.111111"
"2230456294","1608131845","0.111111"
"1608131845","57244296","0.111111"
"57244296","1608131845","0.111111"
"1608131845","97842911","0.365079"
"97842911","1608131845","0.365079"
"1608271640","202130484","0.111111"
"202130484","1608271640","0.111111"
"1608271640","2230456294","0.111111"
"2230456294","1608271640","0.111111"
"1608271640","57244296","0.222222"
"57244296","1608271640","0.222222"
"1608271640","97842911","0.111111"
"97842911","1608271640","0.111111"
"202130484","2230456294","1.70202"
"2230456294","202130484","1.70202"
"202130484","57244296","0.111111"
"57244296","202130484","0.111111"
"202130484","97842911","0.111111"
"97842911","202130484","0.111111"
"2230456294","57244296","0.111111"
"57244296","2230456294","0.111111"
"2230456294","97842911","0.111111"
"97842911","2230456294","0.111111"
"57244296","97842911","1.19444"
"97842911","57244296","1.19444"
"133070206","1566534361","0.0714286"
"1566534361","133070206","0.0714286"
"133070206","1580804456","0.0714286"
"1580804456","133070206","0.0714286"
"133070206","2077779810","0.0714286"
"2077779810","133070206","0.0714286"
"133070206","2295811262","0.0714286"
"2295811262","133070206","0.0714286"
"133070206","2471362704","0.0714286"
"2471362704","133070206","0.0714286"
"133070206","2508380041","0.0714286"
"2508380041","133070206","0.0714286"
"133070206","2909406056","0.0714286"
"2909406056","133070206","0.0714286"
"133070206","419500785","0.0714286"
"419500785","133070206","0.0714286"
"1535078221","1566534361","0.0714286"
"1566534361","1535078221","0.0714286"
"1535078221","1580804456","0.0714286"
"1580804456","1535078221","0.0714286"
"1535078221","1587440954","0.0714286"
"1587440954","1535078221","0.0714286"
"1535078221","2077779810","0.0714286"
"2077779810","1535078221","0.0714286"
"1535078221","2230456294","1.07143"
"2230456294","1535078221","1.07143"
"1535078221","2295811262","0.0714286"
"2295811262","1535078221","0.0714286"
"1535078221","2471362704","0.0714286"
"2471362704","1535078221","0.0714286"
"1535078221","2508380041","0.0714286"
"2508380041","1535078221","0.0714286"
"1535078221","2909406056","0.0714286"
"2909406056","1535078221","0.0714286"
"1535078221","419500785","0.0714286"
"419500785","1535078221","0.0714286"
"1566534361","1580804456","1.12698"
"1580804456","1566534361","1.12698"
"1566534361","1587440954","2.59538"
"1587440954","1566534361","2.59538"
"1566534361","2002157582","0.0714286"
"2002157582","1566534361","0.0714286"
"1566534361","2046651668","0.0714286"
"2046651668","1566534361","0.0714286"
"1566534361","2077779810","0.0714286"
"2077779810","1566534361","0.0714286"
"1566534361","2230456294","0.0714286"
"2230456294","1566534361","0.0714286"
"1566534361","2291669983","0.0714286"
"2291669983","1566534361","0.0714286"
"1566534361","2295811262","0.0714286"
"2295811262","1566534361","0.0714286"
"1566534361","2471362704","0.0714286"
"2471362704","1566534361","0.0714286"
"1566534361","2508380041","0.0714286"
"2508380041","1566534361","0.0714286"
"1566534361","2909406056","0.0714286"
"2909406056","1566534361","0.0714286"
"1566534361","419500785","0.0714286"
"419500785","1566534361","0.0714286"
"1580804456","1587440954","0.126984"
"1587440954","1580804456","0.126984"
"1580804456","2002157582","0.0714286"
"2002157582","1580804456","0.0714286"
"1580804456","2046651668","0.0714286"
"2046651668","1580804456","0.0714286"
"1580804456","2077779810","0.0714286"
"2077779810","1580804456","0.0714286"
"1580804456","2230456294","0.0714286"
"2230456294","1580804456","0.0714286"
"1580804456","2291669983","0.0714286"
"2291669983","1580804456","0.0714286"
"1580804456","2295811262","0.0714286"
"2295811262","1580804456","0.0714286"
"1580804456","2471362704","0.0714286"
"2471362704","1580804456","0.0714286"
"1580804456","2508380041","0.0714286"
"2508380041","1580804456","0.0714286"
"1580804456","2909406056","0.0714286"
"2909406056","1580804456","0.0714286"
"1580804456","419500785","0.0714286"
"419500785","1580804456","0.0714286"
"1587440954","2002157582","0.0714286"
"2002157582","1587440954","0.0714286"
"1587440954","2046651668","0.0714286"
"2046651668","1587440954","0.0714286"
"1587440954","2077779810","0.0714286"
"2077779810","1587440954","0.0714286"
"1587440954","2291669983","0.0714286"
"2291669983","1587440954","0.0714286"
"1587440954","2295811262","0.0714286"
"2295811262","1587440954","0.0714286"
"1587440954","2471362704","0.0714286"
"2471362704","1587440954","0.0714286"
"1587440954","2508380041","0.0714286"
"2508380041","1587440954","0.0714286"
"1587440954","2909406056","0.0714286"
"2909406056","1587440954","0.0714286"
"1587440954","419500785","0.0714286"
"419500785","1587440954","0.0714286"
"2002157582","2077779810","0.0714286"
"2077779810","2002157582","0.0714286"
"2002157582","2230456294","0.0714286"
"2230456294","2002157582","0.0714286"
"2002157582","2295811262","0.0714286"
"2295811262","2002157582","0.0714286"
"2002157582","2471362704","0.0714286"
"2471362704","2002157582","0.0714286"
"2002157582","2508380041","0.0714286"
"2508380041","2002157582","0.0714286"
"2002157582","2909406056","0.0714286"
"2909406056","2002157582","0.0714286"
"2002157582","419500785","0.196429"
"419500785","2002157582","0.196429"
"2046651668","2077779810","0.0714286"
"2077779810","2046651668","0.0714286"
"2046651668","2230456294","0.0714286"
"2230456294","2046651668","0.0714286"
"2046651668","2295811262","0.0714286"
"2295811262","2046651668","0.0714286"
"2046651668","2471362704","0.0714286"
"2471362704","2046651668","0.0714286"
"2046651668","2508380041","0.0714286"
"2508380041","2046651668","0.0714286"
"2046651668","2909406056","0.0714286"
"2909406056","2046651668","0.0714286"
"2046651668","419500785","0.0714286"
"419500785","2046651668","0.0714286"
"2077779810","2230456294","0.0714286"
"2230456294","2077779810","0.0714286"
"2077779810","2291669983","0.0714286"
"2291669983","2077779810","0.0714286"
"2077779810","2295811262","0.0714286"
"2295811262","2077779810","0.0714286"
"2077779810","2471362704","0.0714286"
"2471362704","2077779810","0.0714286"
"2077779810","2508380041","1.97619"
"2508380041","2077779810","1.97619"
"2077779810","2909406056","2.47619"
"2909406056","2077779810","2.47619"
"2077779810","419500785","0.0714286"
"419500785","2077779810","0.0714286"
"2230456294","2291669983","0.0714286"
"2291669983","2230456294","0.0714286"
"2230456294","2295811262","0.0714286"
"2295811262","2230456294","0.0714286"
"2230456294","2471362704","0.404762"
"2471362704","2230456294","0.404762"
"2230456294","2508380041","0.0714286"
"2508380041","2230456294","0.0714286"
"2230456294","2909406056","0.0714286"
"2909406056","2230456294","0.0714286"
"2230456294","419500785","1.07143"
"419500785","2230456294","1.07143"
"2291669983","2295811262","0.0714286"
"2295811262","2291669983","0.0714286"
"2291669983","2471362704","0.0714286"
"2471362704","2291669983","0.0714286"
"2291669983","2508380041","0.0714286"
"2508380041","2291669983","0.0714286"
"2291669983","2909406056","0.0714286"
"2909406056","2291669983","0.0714286"
"2291669983","419500785","0.0714286"
"419500785","2291669983","0.0714286"
"2295811262","2471362704","0.0714286"
"2471362704","2295811262","0.0714286"
"2295811262","2508380041","0.0714286"
"2508380041","2295811262","0.0714286"
"2295811262","2909406056","0.321429"
"2909406056","2295811262","0.321429"
"2295811262","419500785","0.271429"
"419500785","2295811262","0.271429"
"2471362704","2508380041","0.0714286"
"2508380041","2471362704","0.0714286"
"2471362704","2909406056","0.0714286"
"2909406056","2471362704","0.0714286"
"2471362704","419500785","0.0714286"
"419500785","2471362704","0.0714286"
"2508380041","2909406056","5.97619"
"2909406056","2508380041","5.97619"
"2508380041","419500785","0.0714286"
"419500785","2508380041","0.0714286"
"2909406056","419500785","0.0714286"
"419500785","2909406056","0.0714286"
"143739632","1484859522","1.25"
"1484859522","143739632","1.25"
"143739632","1608131845","0.25"
"1608131845","143739632","0.25"
"143739632","167776615","0.25"
"167776615","143739632","0.25"
"143739632","205132029","0.25"
"205132029","143739632","0.25"
"1484859522","167776615","0.674242"
"167776615","1484859522","0.674242"
"1484859522","205132029","1.17424"
"205132029","1484859522","1.17424"
"1608131845","167776615","4.79899"
"167776615","1608131845","4.79899"
"1608131845","205132029","1.42424"
"205132029","1608131845","1.42424"
"167776615","205132029","0.674242"
"205132029","167776615","0.674242"
"143739632","2032013958","0.25"
"2032013958","143739632","0.25"
"143739632","2159965117","0.25"
"2159965117","143739632","0.25"
"143739632","55513189","1.58333"
"55513189","143739632","1.58333"
"143739632","65078276","0.25"
"65078276","143739632","0.25"
"2032013958","2159965117","1.8807"
"2159965117","2032013958","1.8807"
"2032013958","55513189","0.25"
"55513189","2032013958","0.25"
"2032013958","65078276","0.280303"
"65078276","2032013958","0.280303"
"2159965117","55513189","0.25"
"55513189","2159965117","0.25"
"2159965117","65078276","0.815657"
"65078276","2159965117","0.815657"
"55513189","65078276","0.25"
"65078276","55513189","0.25"
"143739632","1556167207","0.833333"
"1556167207","143739632","0.833333"
"143739632","2128933115","0.333333"
"2128933115","143739632","0.333333"
"1556167207","2128933115","0.333333"
"2128933115","1556167207","0.333333"
"1556167207","55513189","0.333333"
"55513189","1556167207","0.333333"
"2128933115","55513189","0.333333"
"55513189","2128933115","0.333333"
"143739632","1516135399","0.5"
"1516135399","143739632","0.5"
"1516135399","1556167207","2.5"
"1556167207","1516135399","2.5"
"1483766546","1608131845","1"
"1608131845","1483766546","1"
"1483766546","1515375631","0.166667"
"1515375631","1483766546","0.166667"
"1483766546","1521272195","0.166667"
"1521272195","1483766546","0.166667"
"1483766546","1607088310","0.166667"
"1607088310","1483766546","0.166667"
"1483766546","2100587876","0.166667"
"2100587876","1483766546","0.166667"
"1483766546","2139234128","0.166667"
"2139234128","1483766546","0.166667"
"1483766546","2146708062","0.333333"
"2146708062","1483766546","0.333333"
"1515375631","1521272195","0.363636"
"1521272195","1515375631","0.363636"
"1515375631","1607088310","0.363636"
"1607088310","1515375631","0.363636"
"1515375631","2100587876","0.333333"
"2100587876","1515375631","0.333333"
"1515375631","2139234128","0.363636"
"2139234128","1515375631","0.363636"
"1515375631","2146708062","1.53788"
"2146708062","1515375631","1.53788"
"1521272195","1607088310","0.633478"
"1607088310","1521272195","0.633478"
"1521272195","2100587876","0.333333"
"2100587876","1521272195","0.333333"
"1521272195","2139234128","0.633478"
"2139234128","1521272195","0.633478"
"1521272195","2146708062","0.363636"
"2146708062","1521272195","0.363636"
"1607088310","2100587876","1.33333"
"2100587876","1607088310","1.33333"
"1607088310","2139234128","0.744589"
"2139234128","1607088310","0.744589"
"1607088310","2146708062","0.363636"
"2146708062","1607088310","0.363636"
"2100587876","2139234128","0.666667"
"2139234128","2100587876","0.666667"
"2100587876","2146708062","0.333333"
"2146708062","2100587876","0.333333"
"2139234128","2146708062","0.363636"
"2146708062","2139234128","0.363636"
"1483766546","1575931650","1"
"1575931650","1483766546","1"
"1483766546","1502424784","0.291667"
"1502424784","1483766546","0.291667"
"1483766546","1575597150","0.291667"
"1575597150","1483766546","0.291667"
"1483766546","2024243998","0.291667"
"2024243998","1483766546","0.291667"
"1483766546","2163386034","1.16667"
"2163386034","1483766546","1.16667"
"1483766546","2164727403","0.166667"
"2164727403","1483766546","0.166667"
"1502424784","1575597150","6.24924"
"1575597150","1502424784","6.24924"
"1502424784","2024243998","0.291667"
"2024243998","1502424784","0.291667"
"1502424784","2146708062","1.61667"
"2146708062","1502424784","1.61667"
"1502424784","2163386034","1.78333"
"2163386034","1502424784","1.78333"
"1502424784","2164727403","0.75"
"2164727403","1502424784","0.75"
"1575597150","2024243998","0.291667"
"2024243998","1575597150","0.291667"
"1575597150","2146708062","0.616667"
"2146708062","1575597150","0.616667"
"1575597150","2163386034","2.03333"
"2163386034","1575597150","2.03333"
"1575597150","2164727403","1.75"
"2164727403","1575597150","1.75"
"2024243998","2146708062","0.583333"
"2146708062","2024243998","0.583333"
"2024243998","2163386034","1.16667"
"2163386034","2024243998","1.16667"
"2024243998","2164727403","0.166667"
"2164727403","2024243998","0.166667"
"2146708062","2163386034","0.366667"
"2163386034","2146708062","0.366667"
"2146708062","2164727403","0.166667"
"2164727403","2146708062","0.166667"
"2163386034","2164727403","2.75"
"2164727403","2163386034","2.75"
"1483766546","2111022379","1"
"2111022379","1483766546","1"
"1483766546","1484315376","0.125"
"1484315376","1483766546","0.125"
"1483766546","1501672718","0.125"
"1501672718","1483766546","0.125"
"1483766546","2109407694","0.125"
"2109407694","1483766546","0.125"
"1483766546","2162723124","0.125"
"2162723124","1483766546","0.125"
"1483766546","65078276","0.125"
"65078276","1483766546","0.125"
"1484315376","1501672718","0.180556"
"1501672718","1484315376","0.180556"
"1484315376","1502424784","0.125"
"1502424784","1484315376","0.125"
"1484315376","1575597150","0.125"
"1575597150","1484315376","0.125"
"1484315376","2024243998","0.125"
"2024243998","1484315376","0.125"
"1484315376","2109407694","0.301768"
"2109407694","1484315376","0.301768"
"1484315376","2162723124","0.251984"
"2162723124","1484315376","0.251984"
"1484315376","65078276","0.210859"
"65078276","1484315376","0.210859"
"1501672718","1502424784","0.325"
"1502424784","1501672718","0.325"
"1501672718","1575597150","0.125"
"1575597150","1501672718","0.125"
"1501672718","2024243998","0.125"
"2024243998","1501672718","0.125"
"1501672718","2109407694","1.53099"
"2109407694","1501672718","1.53099"
"1501672718","2162723124","0.523413"
"2162723124","1501672718","0.523413"
"1501672718","65078276","1.70718"
"65078276","1501672718","1.70718"
"1502424784","2109407694","0.736111"
"2109407694","1502424784","0.736111"
"1502424784","2162723124","0.125"
"2162723124","1502424784","0.125"
"1502424784","65078276","0.436111"
"65078276","1502424784","0.436111"
"1575597150","2109407694","0.125"
"2109407694","1575597150","0.125"
"1575597150","2162723124","0.125"
"2162723124","1575597150","0.125"
"1575597150","65078276","0.125"
"65078276","1575597150","0.125"
"2024243998","2109407694","0.375"
"2109407694","2024243998","0.375"
"2024243998","2162723124","0.125"
"2162723124","2024243998","0.125"
"2024243998","65078276","0.125"
"65078276","2024243998","0.125"
"2109407694","2162723124","0.630556"
"2162723124","2109407694","0.630556"
"2109407694","65078276","2.84026"
"65078276","2109407694","2.84026"
"2162723124","65078276","0.773413"
"65078276","2162723124","0.773413"
"1484315376","1489563048","3.12121"
"1489563048","1484315376","3.12121"
"1484315376","1587440954","1.35931"
"1587440954","1484315376","1.35931"
"1484315376","1608271640","1.35931"
"1608271640","1484315376","1.35931"
"1484315376","1659968074","0.829004"
"1659968074","1484315376","0.829004"
"1587440954","1659968074","0.829004"
"1659968074","1587440954","0.829004"
"1608271640","1659968074","0.829004"
"1659968074","1608271640","0.829004"
"1484315376","1539511145","5.5974"
"1539511145","1484315376","5.5974"
"1484315376","1490363299","0.157287"
"1490363299","1484315376","0.157287"
"1484315376","1521272195","0.248196"
"1521272195","1484315376","0.248196"
"1484315376","1566534361","0.323954"
"1566534361","1484315376","0.323954"
"1484315376","1602798226","0.126984"
"1602798226","1484315376","0.126984"
"1484315376","1607088310","0.101732"
"1607088310","1484315376","0.101732"
"1484315376","2139234128","0.101732"
"2139234128","1484315376","0.101732"
"1484315376","2274296876","0.18254"
"2274296876","1484315376","0.18254"
"1484315376","2471414745","0.18254"
"2471414745","1484315376","0.18254"
"1484315376","75564116","0.248196"
"75564116","1484315376","0.248196"
"1490363299","1521272195","0.7557"
"1521272195","1490363299","0.7557"
"1490363299","1539511145","0.212843"
"1539511145","1490363299","0.212843"
"1490363299","1566534361","0.612843"
"1566534361","1490363299","0.612843"
"1490363299","1587440954","0.357287"
"1587440954","1490363299","0.357287"
"1490363299","1602798226","0.18254"
"1602798226","1490363299","0.18254"
"1490363299","1607088310","0.500144"
"1607088310","1490363299","0.500144"
"1490363299","1608271640","0.357287"
"1608271640","1490363299","0.357287"
"1490363299","1659968074","0.18254"
"1659968074","1490363299","0.18254"
"1490363299","2139234128","0.300144"
"2139234128","1490363299","0.300144"
"1490363299","2162723124","0.925397"
"2162723124","1490363299","0.925397"
"1490363299","2274296876","0.0714286"
"2274296876","1490363299","0.0714286"
"1490363299","2471414745","0.0714286"
"2471414745","1490363299","0.0714286"
"1490363299","75564116","0.212843"
"75564116","1490363299","0.212843"
"1521272195","1539511145","0.303752"
"1539511145","1521272195","0.303752"
"1521272195","1566534361","0.412843"
"1566534361","1521272195","0.412843"
"1521272195","1587440954","0.248196"
"1587440954","1521272195","0.248196"
"1521272195","1602798226","0.18254"
"1602798226","1521272195","0.18254"
"1521272195","1608271640","0.248196"
"1608271640","1521272195","0.248196"
"1521272195","1659968074","0.273449"
"1659968074","1521272195","0.273449"
"1521272195","2162723124","0.725397"
"2162723124","1521272195","0.725397"
"1521272195","2274296876","0.0714286"
"2274296876","1521272195","0.0714286"
"1521272195","2471414745","0.0714286"
"2471414745","1521272195","0.0714286"
"1521272195","75564116","1.80375"
"75564116","1521272195","1.80375"
"1539511145","1566534361","0.379509"
"1566534361","1539511145","0.379509"
"1539511145","1587440954","0.525974"
"1587440954","1539511145","0.525974"
"1539511145","1602798226","0.18254"
"1602798226","1539511145","0.18254"
"1539511145","1607088310","0.282287"
"1607088310","1539511145","0.282287"
"1539511145","1608271640","0.525974"
"1608271640","1539511145","0.525974"
"1539511145","1659968074","0.551227"
"1659968074","1539511145","0.551227"
"1539511145","2139234128","0.157287"
"2139234128","1539511145","0.157287"
"1539511145","2162723124","0.18254"
"2162723124","1539511145","0.18254"
"1539511145","2274296876","0.18254"
"2274296876","1539511145","0.18254"
"1539511145","2471414745","0.18254"
"2471414745","1539511145","0.18254"
"1539511145","75564116","0.303752"
"75564116","1539511145","0.303752"
"1566534361","1602798226","0.18254"
"1602798226","1566534361","0.18254"
"1566534361","1607088310","0.357287"
"1607088310","1566534361","0.357287"
"1566534361","1608271640","0.523954"
"1608271640","1566534361","0.523954"
"1566534361","1659968074","0.349206"
"1659968074","1566534361","0.349206"
"1566534361","2139234128","0.157287"
"2139234128","1566534361","0.157287"
"1566534361","2162723124","0.58254"
"2162723124","1566534361","0.58254"
"1566534361","2274296876","0.0714286"
"2274296876","1566534361","0.0714286"
"1566534361","2471414745","0.0714286"
"2471414745","1566534361","0.0714286"
"1566534361","75564116","0.212843"
"75564116","1566534361","0.212843"
"1587440954","1602798226","0.126984"
"1602798226","1587440954","0.126984"
"1587440954","1607088310","0.301732"
"1607088310","1587440954","0.301732"
"1587440954","2139234128","0.101732"
"2139234128","1587440954","0.101732"
"1587440954","2162723124","0.326984"
"2162723124","1587440954","0.326984"
"1587440954","2274296876","0.18254"
"2274296876","1587440954","0.18254"
"1587440954","2471414745","0.18254"
"2471414745","1587440954","0.18254"
"1587440954","75564116","0.248196"
"75564116","1587440954","0.248196"
"1602798226","1607088310","0.126984"
"1607088310","1602798226","0.126984"
"1602798226","1608271640","0.126984"
"1608271640","1602798226","0.126984"
"1602798226","1659968074","0.18254"
"1659968074","1602798226","0.18254"
"1602798226","2139234128","0.126984"
"2139234128","1602798226","0.126984"
"1602798226","2162723124","0.18254"
"2162723124","1602798226","0.18254"
"1602798226","2274296876","0.0714286"
"2274296876","1602798226","0.0714286"
"1602798226","2471414745","0.0714286"
"2471414745","1602798226","0.0714286"
"1602798226","75564116","5.01587"
"75564116","1602798226","5.01587"
"1607088310","1608271640","0.301732"
"1608271640","1607088310","0.301732"
"1607088310","1659968074","0.126984"
"1659968074","1607088310","0.126984"
"1607088310","2162723124","0.469841"
"2162723124","1607088310","0.469841"
"1607088310","2274296876","0.0714286"
"2274296876","1607088310","0.0714286"
"1607088310","2471414745","0.0714286"
"2471414745","1607088310","0.0714286"
"1607088310","75564116","0.157287"
"75564116","1607088310","0.157287"
"1608271640","2139234128","0.101732"
"2139234128","1608271640","0.101732"
"1608271640","2162723124","0.326984"
"2162723124","1608271640","0.326984"
"1608271640","2274296876","0.18254"
"2274296876","1608271640","0.18254"
"1608271640","2471414745","0.18254"
"2471414745","1608271640","0.18254"
"1608271640","75564116","0.248196"
"75564116","1608271640","0.248196"
"1659968074","2139234128","0.126984"
"2139234128","1659968074","0.126984"
"1659968074","2162723124","0.18254"
"2162723124","1659968074","0.18254"
"1659968074","2274296876","0.18254"
"2274296876","1659968074","0.18254"
"1659968074","2471414745","0.18254"
"2471414745","1659968074","0.18254"
"1659968074","75564116","0.273449"
"75564116","1659968074","0.273449"
"2139234128","2162723124","0.769841"
"2162723124","2139234128","0.769841"
"2139234128","2274296876","0.321429"
"2274296876","2139234128","0.321429"
"2139234128","2471414745","1.82143"
"2471414745","2139234128","1.82143"
"2139234128","75564116","0.157287"
"75564116","2139234128","0.157287"
"2162723124","2274296876","0.0714286"
"2274296876","2162723124","0.0714286"
"2162723124","2471414745","0.0714286"
"2471414745","2162723124","0.0714286"
"2162723124","75564116","0.18254"
"75564116","2162723124","0.18254"
"2274296876","2471414745","1.93254"
"2471414745","2274296876","1.93254"
"2274296876","75564116","0.0714286"
"75564116","2274296876","0.0714286"
"2471414745","75564116","0.0714286"
"75564116","2471414745","0.0714286"
"1484315376","1800739094","0.238095"
"1800739094","1484315376","0.238095"
"1539511145","1800739094","0.238095"
"1800739094","1539511145","0.238095"
"1566534361","1800739094","0.166667"
"1800739094","1566534361","0.166667"
"1587440954","1800739094","0.166667"
"1800739094","1587440954","0.166667"
"1608271640","1800739094","0.166667"
"1800739094","1608271640","0.166667"
"1659968074","1800739094","0.166667"
"1800739094","1659968074","0.166667"
"1484315376","2728955851","0.111111"
"2728955851","1484315376","0.111111"
"1484315376","2878420047","0.111111"
"2878420047","1484315376","0.111111"
"1484315376","57244296","0.111111"
"57244296","1484315376","0.111111"
"1539511145","2728955851","0.166667"
"2728955851","1539511145","0.166667"
"1539511145","2878420047","0.111111"
"2878420047","1539511145","0.111111"
"1539511145","57244296","0.111111"
"57244296","1539511145","0.111111"
"1587440954","2728955851","0.111111"
"2728955851","1587440954","0.111111"
"1587440954","2878420047","0.111111"
"2878420047","1587440954","0.111111"
"1608271640","2728955851","0.111111"
"2728955851","1608271640","0.111111"
"1608271640","2878420047","0.111111"
"2878420047","1608271640","0.111111"
"1659968074","2728955851","0.166667"
"2728955851","1659968074","0.166667"
"1659968074","2878420047","0.111111"
"2878420047","1659968074","0.111111"
"1659968074","57244296","0.111111"
"57244296","1659968074","0.111111"
"2274296876","2728955851","0.111111"
"2728955851","2274296876","0.111111"
"2274296876","2878420047","0.861111"
"2878420047","2274296876","0.861111"
"2274296876","57244296","1.11111"
"57244296","2274296876","1.11111"
"2471414745","2728955851","1.11111"
"2728955851","2471414745","1.11111"
"2471414745","2878420047","0.861111"
"2878420047","2471414745","0.861111"
"2471414745","57244296","0.111111"
"57244296","2471414745","0.111111"
"2728955851","2878420047","0.111111"
"2878420047","2728955851","0.111111"
"2728955851","57244296","0.111111"
"57244296","2728955851","0.111111"
"2878420047","57244296","0.611111"
"57244296","2878420047","0.611111"
"1484315376","202130484","0.0714286"
"202130484","1484315376","0.0714286"
"1484315376","2029282302","0.192641"
"2029282302","1484315376","0.192641"
"1484315376","2032013958","0.192641"
"2032013958","1484315376","0.192641"
"1484315376","2075063881","0.101732"
"2075063881","1484315376","0.101732"
"1484315376","2098382771","0.192641"
"2098382771","1484315376","0.192641"
"1484315376","2106074416","0.0714286"
"2106074416","1484315376","0.0714286"
"1484315376","2146708062","0.192641"
"2146708062","1484315376","0.192641"
"1484315376","2159965117","1.10173"
"2159965117","1484315376","1.10173"
"1484315376","2332761596","0.0714286"
"2332761596","1484315376","0.0714286"
"1484315376","2828703391","0.0714286"
"2828703391","1484315376","0.0714286"
"1484315376","2909406056","0.0714286"
"2909406056","1484315376","0.0714286"
"1484315376","77540285","0.0714286"
"77540285","1484315376","0.0714286"
"1539511145","202130484","0.0714286"
"202130484","1539511145","0.0714286"
"1539511145","2029282302","0.101732"
"2029282302","1539511145","0.101732"
"1539511145","2032013958","0.101732"
"2032013958","1539511145","0.101732"
"1539511145","2075063881","0.101732"
"2075063881","1539511145","0.101732"
"1539511145","2098382771","0.101732"
"2098382771","1539511145","0.101732"
"1539511145","2106074416","0.0714286"
"2106074416","1539511145","0.0714286"
"1539511145","2146708062","0.101732"
"2146708062","1539511145","0.101732"
"1539511145","2159965117","0.101732"
"2159965117","1539511145","0.101732"
"1539511145","2332761596","0.0714286"
"2332761596","1539511145","0.0714286"
"1539511145","2828703391","0.0714286"
"2828703391","1539511145","0.0714286"
"1539511145","2909406056","0.0714286"
"2909406056","1539511145","0.0714286"
"1539511145","77540285","0.0714286"
"77540285","1539511145","0.0714286"
"1800739094","202130484","1.07143"
"202130484","1800739094","1.07143"
"1800739094","2029282302","0.0714286"
"2029282302","1800739094","0.0714286"
"1800739094","2032013958","0.0714286"
"2032013958","1800739094","0.0714286"
"1800739094","2075063881","0.0714286"
"2075063881","1800739094","0.0714286"
"1800739094","2098382771","0.0714286"
"2098382771","1800739094","0.0714286"
"1800739094","2106074416","0.0714286"
"2106074416","1800739094","0.0714286"
"1800739094","2146708062","0.0714286"
"2146708062","1800739094","0.0714286"
"1800739094","2159965117","0.0714286"
"2159965117","1800739094","0.0714286"
"1800739094","2332761596","0.0714286"
"2332761596","1800739094","0.0714286"
"1800739094","2828703391","1.07143"
"2828703391","1800739094","1.07143"
"1800739094","2909406056","0.0714286"
"2909406056","1800739094","0.0714286"
"1800739094","77540285","0.0714286"
"77540285","1800739094","0.0714286"
"202130484","2029282302","0.0714286"
"2029282302","202130484","0.0714286"
"202130484","2032013958","0.0714286"
"2032013958","202130484","0.0714286"
"202130484","2075063881","0.0714286"
"2075063881","202130484","0.0714286"
"202130484","2098382771","0.0714286"
"2098382771","202130484","0.0714286"
"202130484","2106074416","0.829004"
"2106074416","202130484","0.829004"
"202130484","2146708062","0.0714286"
"2146708062","202130484","0.0714286"
"202130484","2159965117","0.0714286"
"2159965117","202130484","0.0714286"
"202130484","2332761596","0.0714286"
"2332761596","202130484","0.0714286"
"202130484","2828703391","0.571429"
"2828703391","202130484","0.571429"
"202130484","2909406056","0.0714286"
"2909406056","202130484","0.0714286"
"202130484","77540285","0.0714286"
"77540285","202130484","0.0714286"
"2029282302","2032013958","1.52161"
"2032013958","2029282302","1.52161"
"2029282302","2075063881","0.810065"
"2075063881","2029282302","0.810065"
"2029282302","2098382771","3.22161"
"2098382771","2029282302","3.22161"
"2029282302","2106074416","0.349206"
"2106074416","2029282302","0.349206"
"2029282302","2146708062","0.359307"
"2146708062","2029282302","0.359307"
"2029282302","2159965117","6.89181"
"2159965117","2029282302","6.89181"
"2029282302","2332761596","1.79643"
"2332761596","2029282302","1.79643"
"2029282302","2828703391","0.0714286"
"2828703391","2029282302","0.0714286"
"2029282302","2909406056","0.0714286"
"2909406056","2029282302","0.0714286"
"2029282302","77540285","0.349206"
"77540285","2029282302","0.349206"
"2032013958","2075063881","0.226732"
"2075063881","2032013958","0.226732"
"2032013958","2098382771","3.02161"
"2098382771","2032013958","3.02161"
"2032013958","2106074416","0.18254"
"2106074416","2032013958","0.18254"
"2032013958","2146708062","0.192641"
"2146708062","2032013958","0.192641"
"2032013958","2332761596","1.0631"
"2332761596","2032013958","1.0631"
"2032013958","2828703391","0.0714286"
"2828703391","2032013958","0.0714286"
"2032013958","2909406056","0.0714286"
"2909406056","2032013958","0.0714286"
"2032013958","77540285","0.18254"
"77540285","2032013958","0.18254"
"2075063881","2098382771","0.226732"
"2098382771","2075063881","0.226732"
"2075063881","2106074416","0.796861"
"2106074416","2075063881","0.796861"
"2075063881","2146708062","0.601732"
"2146708062","2075063881","0.601732"
"2075063881","2159965117","2.90022"
"2159965117","2075063881","2.90022"
"2075063881","2332761596","1.25519"
"2332761596","2075063881","1.25519"
"2075063881","2828703391","0.0714286"
"2828703391","2075063881","0.0714286"
"2075063881","2909406056","0.271429"
"2909406056","2075063881","0.271429"
"2075063881","77540285","1.04686"
"77540285","2075063881","1.04686"
"2098382771","2106074416","0.18254"
"2106074416","2098382771","0.18254"
"2098382771","2146708062","0.192641"
"2146708062","2098382771","0.192641"
"2098382771","2159965117","4.6307"
"2159965117","2098382771","4.6307"
"2098382771","2332761596","1.0631"
"2332761596","2098382771","1.0631"
"2098382771","2828703391","0.0714286"
"2828703391","2098382771","0.0714286"
"2098382771","2909406056","0.0714286"
"2909406056","2098382771","0.0714286"
"2098382771","77540285","0.18254"
"77540285","2098382771","0.18254"
"2106074416","2146708062","0.0714286"
"2146708062","2106074416","0.0714286"
"2106074416","2159965117","0.640115"
"2159965117","2106074416","0.640115"
"2106074416","2332761596","1.12067"
"2332761596","2106074416","1.12067"
"2106074416","2828703391","0.0714286"
"2828703391","2106074416","0.0714286"
"2106074416","2909406056","4.10476"
"2909406056","2106074416","4.10476"
"2106074416","77540285","9.62464"
"77540285","2106074416","9.62464"
"2146708062","2159965117","0.359307"
"2159965117","2146708062","0.359307"
"2146708062","2332761596","0.404762"
"2332761596","2146708062","0.404762"
"2146708062","2828703391","0.0714286"
"2828703391","2146708062","0.0714286"
"2146708062","2909406056","0.0714286"
"2909406056","2146708062","0.0714286"
"2146708062","77540285","0.0714286"
"77540285","2146708062","0.0714286"
"2159965117","2332761596","1.88734"
"2332761596","2159965117","1.88734"
"2159965117","2828703391","0.0714286"
"2828703391","2159965117","0.0714286"
"2159965117","2909406056","0.271429"
"2909406056","2159965117","0.271429"
"2159965117","77540285","0.640115"
"77540285","2159965117","0.640115"
"2332761596","2828703391","0.0714286"
"2828703391","2332761596","0.0714286"
"2332761596","2909406056","0.214286"
"2909406056","2332761596","0.214286"
"2332761596","77540285","0.287338"
"77540285","2332761596","0.287338"
"2828703391","2909406056","0.0714286"
"2909406056","2828703391","0.0714286"
"2828703391","77540285","0.0714286"
"77540285","2828703391","0.0714286"
"2909406056","77540285","1.10476"
"77540285","2909406056","1.10476"
"1484315376","1515375631","0.030303"
"1515375631","1484315376","0.030303"
"1484315376","1528679394","0.030303"
"1528679394","1484315376","0.030303"
"1484315376","1575931650","0.030303"
"1575931650","1484315376","0.030303"
"1484315376","1603514280","0.121212"
"1603514280","1484315376","0.121212"
"1484315376","1608131845","0.030303"
"1608131845","1484315376","0.030303"
"1484315376","1618097974","0.030303"
"1618097974","1484315376","0.030303"
"1484315376","167776615","0.030303"
"167776615","1484315376","0.030303"
"1484315376","1779966140","0.030303"
"1779966140","1484315376","0.030303"
"1484315376","2082753073","0.121212"
"2082753073","1484315376","0.121212"
"1484315376","2106696935","0.0858586"
"2106696935","1484315376","0.0858586"
"1484315376","2162388133","0.0858586"
"2162388133","1484315376","0.0858586"
"1484315376","2291058288","0.030303"
"2291058288","1484315376","0.030303"
"1484315376","2402192282","0.121212"
"2402192282","1484315376","0.121212"
"1484315376","61663770","0.030303"
"61663770","1484315376","0.030303"
"1484315376","80049074","0.121212"
"80049074","1484315376","0.121212"
"1489563048","1490363299","0.0858586"
"1490363299","1489563048","0.0858586"
"1489563048","1515375631","0.121212"
"1515375631","1489563048","0.121212"
"1489563048","1521272195","0.0858586"
"1521272195","1489563048","0.0858586"
"1489563048","1528679394","0.934271"
"1528679394","1489563048","0.934271"
"1489563048","1539511145","1.08586"
"1539511145","1489563048","1.08586"
"1489563048","1566534361","0.0858586"
"1566534361","1489563048","0.0858586"
"1489563048","1575931650","0.030303"
"1575931650","1489563048","0.030303"
"1489563048","1587440954","0.030303"
"1587440954","1489563048","0.030303"
"1489563048","1603514280","0.829149"
"1603514280","1489563048","0.829149"
"1489563048","1607088310","0.363636"
"1607088310","1489563048","0.363636"
"1489563048","1608131845","0.484271"
"1608131845","1489563048","0.484271"
"1489563048","1608271640","0.030303"
"1608271640","1489563048","0.030303"
"1489563048","1618097974","1.5474"
"1618097974","1489563048","1.5474"
"1489563048","167776615","0.841414"
"167776615","1489563048","0.841414"
"1489563048","1779966140","0.612879"
"1779966140","1489563048","0.612879"
"1489563048","2029282302","0.121212"
"2029282302","1489563048","0.121212"
"1489563048","2032013958","0.321212"
"2032013958","1489563048","0.321212"
"1489563048","2075063881","0.829545"
"2075063881","1489563048","0.829545"
"1489563048","2082753073","0.321212"
"2082753073","1489563048","0.321212"
"1489563048","2098382771","0.621212"
"2098382771","1489563048","0.621212"
