"147860157","1551627557","0.92619"
"1551627557","147860157","0.92619"
"147860157","1571534488","2.84683"
"1571534488","147860157","2.84683"
"147860157","1594731196","1.0373"
"1594731196","147860157","1.0373"
"147860157","1631784759","0.311111"
"1631784759","147860157","0.311111"
"147860157","1973749285","2.70397"
"1973749285","147860157","2.70397"
"1551627557","1571534488","1.06905"
"1571534488","1551627557","1.06905"
"1551627557","1594731196","7.06905"
"1594731196","1551627557","7.06905"
"1551627557","1631784759","0.953968"
"1631784759","1551627557","0.953968"
"1551627557","1973749285","1.23571"
"1973749285","1551627557","1.23571"
"1571534488","1594731196","1.18016"
"1594731196","1571534488","1.18016"
"1571534488","1631784759","0.453968"
"1631784759","1571534488","0.453968"
"1571534488","1973749285","3.59683"
"1973749285","1571534488","3.59683"
"1594731196","1631784759","0.953968"
"1631784759","1594731196","0.953968"
"1594731196","1973749285","1.34683"
"1973749285","1594731196","1.34683"
"1631784759","1973749285","0.453968"
"1973749285","1631784759","0.453968"
"147860157","1495441429","5.93849"
"1495441429","147860157","5.93849"
"147860157","2068289711","2.85119"
"2068289711","147860157","2.85119"
"1495441429","2068289711","3.01786"
"2068289711","1495441429","3.01786"
"147860157","2115568737","2.82738"
"2115568737","147860157","2.82738"
"147860157","2298341268","0.333333"
"2298341268","147860157","0.333333"
"147860157","2300935518","0.333333"
"2300935518","147860157","0.333333"
"2115568737","2298341268","0.333333"
"2298341268","2115568737","0.333333"
"2115568737","2300935518","0.333333"
"2300935518","2115568737","0.333333"
"2298341268","2300935518","5.66667"
"2300935518","2298341268","5.66667"
"147860157","1568785044","0.72619"
"1568785044","147860157","0.72619"
"1495441429","1551627557","0.60119"
"1551627557","1495441429","0.60119"
"1495441429","1568785044","0.60119"
"1568785044","1495441429","0.60119"
"1495441429","1571534488","0.855159"
"1571534488","1495441429","0.855159"
"1495441429","1594731196","0.712302"
"1594731196","1495441429","0.712302"
"1495441429","1973749285","0.712302"
"1973749285","1495441429","0.712302"
"1495441429","2115568737","2.36905"
"2115568737","1495441429","2.36905"
"1551627557","1568785044","0.924603"
"1568785044","1551627557","0.924603"
"1551627557","2115568737","1.49008"
"2115568737","1551627557","1.49008"
"1568785044","1571534488","1.11905"
"1571534488","1568785044","1.11905"
"1568785044","1594731196","1.03571"
"1594731196","1568785044","1.03571"
"1568785044","1973749285","1.28571"
"1973749285","1568785044","1.28571"
"1568785044","2115568737","0.990079"
"2115568737","1568785044","0.990079"
"1571534488","2115568737","2.24405"
"2115568737","1571534488","2.24405"
"1594731196","2115568737","0.60119"
"2115568737","1594731196","0.60119"
"1973749285","2115568737","1.10119"
"2115568737","1973749285","1.10119"
"147860157","1969357402","1.29563"
"1969357402","147860157","1.29563"
"1495441429","1969357402","1.3373"
"1969357402","1495441429","1.3373"
"1969357402","2068289711","1.39286"
"2068289711","1969357402","1.39286"
"1969357402","2115568737","0.962302"
"2115568737","1969357402","0.962302"
"2068289711","2115568737","1.78175"
"2115568737","2068289711","1.78175"
"147860157","1965940778","0.47619"
"1965940778","147860157","0.47619"
"1571534488","1965940778","0.47619"
"1965940778","1571534488","0.47619"
"1965940778","1973749285","0.333333"
"1973749285","1965940778","0.333333"
"147860157","2143979434","0.47619"
"2143979434","147860157","0.47619"
"1571534488","2143979434","0.47619"
"2143979434","1571534488","0.47619"
"1973749285","2143979434","0.333333"
"2143979434","1973749285","0.333333"
"1495441429","1631784759","0.111111"
"1631784759","1495441429","0.111111"
"1551627557","1969357402","0.236111"
"1969357402","1551627557","0.236111"
"1568785044","1631784759","0.253968"
"1631784759","1568785044","0.253968"
"1568785044","1969357402","0.236111"
"1969357402","1568785044","0.236111"
"1571534488","1969357402","0.378968"
"1969357402","1571534488","0.378968"
"1594731196","1969357402","0.236111"
"1969357402","1594731196","0.236111"
"1631784759","1969357402","13.1111"
"1969357402","1631784759","13.1111"
"1631784759","2115568737","0.111111"
"2115568737","1631784759","0.111111"
"1969357402","1973749285","0.236111"
"1973749285","1969357402","0.236111"
"147860157","2121412802","0.458333"
"2121412802","147860157","0.458333"
"1495441429","2121412802","0.625"
"2121412802","1495441429","0.625"
"1551627557","2068289711","0.347222"
"2068289711","1551627557","0.347222"
"1551627557","2121412802","0.513889"
"2121412802","1551627557","0.513889"
"1568785044","2068289711","0.347222"
"2068289711","1568785044","0.347222"
"1568785044","2121412802","0.763889"
"2121412802","1568785044","0.763889"
"1571534488","2068289711","0.60119"
"2068289711","1571534488","0.60119"
"1571534488","2121412802","0.708333"
"2121412802","1571534488","0.708333"
"1594731196","2068289711","0.458333"
"2068289711","1594731196","0.458333"
"1594731196","2121412802","0.625"
"2121412802","1594731196","0.625"
"1973749285","2068289711","0.458333"
"2068289711","1973749285","0.458333"
"1973749285","2121412802","0.875"
"2121412802","1973749285","0.875"
"2068289711","2121412802","7.20833"
"2121412802","2068289711","7.20833"
"147860157","1958091613","0.333333"
"1958091613","147860157","0.333333"
"1495441429","1958091613","0.5"
"1958091613","1495441429","0.5"
"1568785044","1958091613","0.972222"
"1958091613","1568785044","0.972222"
"1571534488","1958091613","0.583333"
"1958091613","1571534488","0.583333"
"1594731196","1958091613","0.666667"
"1958091613","1594731196","0.666667"
"1958091613","1973749285","0.583333"
"1973749285","1958091613","0.583333"
"1958091613","2068289711","6.08333"
"2068289711","1958091613","6.08333"
"1958091613","2115568737","0.722222"
"2115568737","1958091613","0.722222"
"1958091613","2121412802","7.08333"
"2121412802","1958091613","7.08333"
"2115568737","2121412802","0.722222"
"2121412802","2115568737","0.722222"
"1551627557","1958091613","1.05556"
"1958091613","1551627557","1.05556"
"147860157","2200456434","0.125"
"2200456434","147860157","0.125"
"1551627557","2200456434","1.43452"
"2200456434","1551627557","1.43452"
"1568785044","2200456434","3.43452"
"2200456434","1568785044","3.43452"
"1571534488","2200456434","0.267857"
"2200456434","1571534488","0.267857"
"1594731196","2200456434","0.434524"
"2200456434","1594731196","0.434524"
"1969357402","2200456434","0.125"
"2200456434","1969357402","0.125"
"1973749285","2200456434","0.434524"
"2200456434","1973749285","0.434524"
"2115568737","2200456434","0.625"
"2200456434","2115568737","0.625"
"1495441429","1965940778","0.142857"
"1965940778","1495441429","0.142857"
"1495441429","2143979434","0.142857"
"2143979434","1495441429","0.142857"
"1965940778","1969357402","0.142857"
"1969357402","1965940778","0.142857"
"1965940778","2068289711","0.309524"
"2068289711","1965940778","0.309524"
"1965940778","2115568737","4.47619"
"2115568737","1965940778","4.47619"
"1965940778","2143979434","0.47619"
"2143979434","1965940778","0.47619"
"1969357402","2143979434","0.142857"
"2143979434","1969357402","0.142857"
"2068289711","2143979434","0.642857"
"2143979434","2068289711","0.642857"
"2115568737","2143979434","1.97619"
"2143979434","2115568737","1.97619"
"1495441429","1551487324","0.166667"
"1551487324","1495441429","0.166667"
"1495441429","2142043836","0.166667"
"2142043836","1495441429","0.166667"
"1551487324","1958091613","0.166667"
"1958091613","1551487324","0.166667"
"1551487324","1969357402","0.166667"
"1969357402","1551487324","0.166667"
"1551487324","2068289711","0.166667"
"2068289711","1551487324","0.166667"
"1551487324","2121412802","0.166667"
"2121412802","1551487324","0.166667"
"1551487324","2142043836","2.91667"
"2142043836","1551487324","2.91667"
"1958091613","1969357402","0.166667"
"1969357402","1958091613","0.166667"
"1958091613","2142043836","0.166667"
"2142043836","1958091613","0.166667"
"1969357402","2121412802","0.166667"
"2121412802","1969357402","0.166667"
"1969357402","2142043836","0.166667"
"2142043836","1969357402","0.166667"
"2068289711","2142043836","0.166667"
"2142043836","2068289711","0.166667"
"2121412802","2142043836","0.166667"
"2142043836","2121412802","0.166667"
"1551487324","2115568737","0.75"
"2115568737","1551487324","0.75"
"1551487324","2130072301","0.25"
"2130072301","1551487324","0.25"
"1551487324","2145829184","0.25"
"2145829184","1551487324","0.25"
"2115568737","2130072301","1.25"
"2130072301","2115568737","1.25"
"2115568737","2142043836","0.75"
"2142043836","2115568737","0.75"
"2115568737","2145829184","1.25"
"2145829184","2115568737","1.25"
"2130072301","2142043836","0.25"
"2142043836","2130072301","0.25"
"2130072301","2145829184","0.25"
"2145829184","2130072301","0.25"
"2142043836","2145829184","1.25"
"2145829184","2142043836","1.25"
"1551627557","2240863057","0.309524"
"2240863057","1551627557","0.309524"
"1568785044","2240863057","0.309524"
"2240863057","1568785044","0.309524"
"1571534488","2240863057","0.142857"
"2240863057","1571534488","0.142857"
"1594731196","2240863057","0.309524"
"2240863057","1594731196","0.309524"
"1631784759","2200456434","0.142857"
"2200456434","1631784759","0.142857"
"1631784759","2240863057","0.142857"
"2240863057","1631784759","0.142857"
"1973749285","2240863057","1.30952"
"2240863057","1973749285","1.30952"
"2200456434","2240863057","1.30952"
"2240863057","2200456434","1.30952"
"1551627557","1907522023","1"
"1907522023","1551627557","1"
"1907522023","1958091613","1.33333"
"1958091613","1907522023","1.33333"
"1551627557","2300935518","0.333333"
"2300935518","1551627557","0.333333"
"1594731196","2300935518","0.333333"
"2300935518","1594731196","0.333333"
"1958091613","2300935518","0.916667"
"2300935518","1958091613","0.916667"
"2121412802","2200456434","0.416667"
"2200456434","2121412802","0.416667"
"2121412802","2240863057","0.416667"
"2240863057","2121412802","0.416667"
"1551627557","2152873891","0.5"
"2152873891","1551627557","0.5"
"1907522023","2152873891","0.5"
"2152873891","1907522023","0.5"
"1958091613","2200456434","0.75"
"2200456434","1958091613","0.75"
"1619679373","1734810151","0.666667"
"1734810151","1619679373","0.666667"
"1619679373","1965940778","0.166667"
"1965940778","1619679373","0.166667"
"1619679373","2115568737","0.166667"
"2115568737","1619679373","0.166667"
"1619679373","2125547396","0.166667"
"2125547396","1619679373","0.166667"
"1619679373","2143979434","0.166667"
"2143979434","1619679373","0.166667"
"1619679373","2152873891","0.666667"
"2152873891","1619679373","0.666667"
"1734810151","1965940778","0.166667"
"1965940778","1734810151","0.166667"
"1734810151","2115568737","0.166667"
"2115568737","1734810151","0.166667"
"1734810151","2125547396","0.166667"
"2125547396","1734810151","0.166667"
"1734810151","2143979434","0.166667"
"2143979434","1734810151","0.166667"
"1734810151","2152873891","3.66667"
"2152873891","1734810151","3.66667"
"1965940778","2125547396","0.333333"
"2125547396","1965940778","0.333333"
"1965940778","2152873891","0.666667"
"2152873891","1965940778","0.666667"
"2115568737","2125547396","0.833333"
"2125547396","2115568737","0.833333"
"2115568737","2152873891","0.666667"
"2152873891","2115568737","0.666667"
"2125547396","2143979434","1.83333"
"2143979434","2125547396","1.83333"
"2125547396","2152873891","0.166667"
"2152873891","2125547396","0.166667"
"2143979434","2152873891","0.166667"
"2152873891","2143979434","0.166667"
"1907522023","2121412802","0.5"
"2121412802","1907522023","0.5"
"1907522023","2298341268","0.333333"
"2298341268","1907522023","0.333333"
"1907522023","2300935518","0.333333"
"2300935518","1907522023","0.333333"
"1958091613","2298341268","0.333333"
"2298341268","1958091613","0.333333"
"1907522023","2268412641","1"
"2268412641","1907522023","1"
"1958091613","2143979434","0.5"
"2143979434","1958091613","0.5"
"2121412802","2143979434","0.5"
"2143979434","2121412802","0.5"
"1958091613","2268412641","1.25"
"2268412641","1958091613","1.25"
"1958091613","2152873891","0.25"
"2152873891","1958091613","0.25"
"2121412802","2152873891","0.25"
"2152873891","2121412802","0.25"
"2121412802","2268412641","0.25"
"2268412641","2121412802","0.25"
"2152873891","2200456434","1.25"
"2200456434","2152873891","1.25"
"2152873891","2268412641","0.25"
"2268412641","2152873891","0.25"
"2200456434","2268412641","0.25"
"2268412641","2200456434","0.25"
"1958091613","2240863057","0.25"
"2240863057","1958091613","0.25"
"2068289711","2240863057","0.75"
"2240863057","2068289711","0.75"
"2068289711","2300935518","0.25"
"2300935518","2068289711","0.25"
"2121412802","2300935518","0.25"
"2300935518","2121412802","0.25"
"2240863057","2300935518","0.25"
"2300935518","2240863057","0.25"
"1958091613","1965940778","0.166667"
"1965940778","1958091613","0.166667"
"1958091613","2125547396","0.166667"
"2125547396","1958091613","0.166667"
"1965940778","2121412802","0.166667"
"2121412802","1965940778","0.166667"
"2068289711","2125547396","0.166667"
"2125547396","2068289711","0.166667"
"2121412802","2125547396","0.166667"
"2125547396","2121412802","0.166667"
"1965940778","2127811426","3.5"
"2127811426","1965940778","3.5"
"1965940778","2130072301","1"
"2130072301","1965940778","1"
"2127811426","2130072301","2"
"2130072301","2127811426","2"
"1969357402","2240863057","0.5"
"2240863057","1969357402","0.5"
"2115568737","2127811426","0.5"
"2127811426","2115568737","0.5"
