"1484654248","2087663869","2.89286"
"2087663869","1484654248","2.89286"
"1484654248","2099435855","0.392857"
"2099435855","1484654248","0.392857"
"1484654248","2188942575","0.392857"
"2188942575","1484654248","0.392857"
"1484654248","2916723970","0.392857"
"2916723970","1484654248","0.392857"
"2087663869","2099435855","0.655357"
"2099435855","2087663869","0.655357"
"2087663869","2188942575","0.92619"
"2188942575","2087663869","0.92619"
"2087663869","2916723970","0.92619"
"2916723970","2087663869","0.92619"
"2099435855","2188942575","1.2119"
"2188942575","2099435855","1.2119"
"2099435855","2916723970","1.2119"
"2916723970","2099435855","1.2119"
"2188942575","2916723970","4.69486"
"2916723970","2188942575","4.69486"
"1484654248","1502817561","0.5"
"1502817561","1484654248","0.5"
"1484654248","2119953525","0.642857"
"2119953525","1484654248","0.642857"
"1502817561","2119953525","5.575"
"2119953525","1502817561","5.575"
"1484654248","2109257704","0.5"
"2109257704","1484654248","0.5"
"2087663869","2109257704","0.5"
"2109257704","2087663869","0.5"
"1484654248","2070740689","0.142857"
"2070740689","1484654248","0.142857"
"1484654248","2181829939","0.142857"
"2181829939","1484654248","0.142857"
"2070740689","2087663869","0.305357"
"2087663869","2070740689","0.305357"
"2070740689","2099435855","0.681548"
"2099435855","2070740689","0.681548"
"2070740689","2119953525","7.89821"
"2119953525","2070740689","7.89821"
"2070740689","2181829939","0.142857"
"2181829939","2070740689","0.142857"
"2070740689","2188942575","0.577381"
"2188942575","2070740689","0.577381"
"2070740689","2916723970","0.577381"
"2916723970","2070740689","0.577381"
"2087663869","2119953525","1.93869"
"2119953525","2087663869","1.93869"
"2087663869","2181829939","0.142857"
"2181829939","2087663869","0.142857"
"2099435855","2119953525","2.15774"
"2119953525","2099435855","2.15774"
"2099435855","2181829939","0.142857"
"2181829939","2099435855","0.142857"
"2119953525","2181829939","0.584145"
"2181829939","2119953525","0.584145"
"2119953525","2188942575","1.66153"
"2188942575","2119953525","1.66153"
"2119953525","2916723970","1.66153"
"2916723970","2119953525","1.66153"
"2181829939","2188942575","0.250812"
"2188942575","2181829939","0.250812"
"2181829939","2916723970","0.250812"
"2916723970","2181829939","0.250812"
"1502817561","2110837255","2.70833"
"2110837255","1502817561","2.70833"
"1502817561","1646006088","0.7625"
"1646006088","1502817561","0.7625"
"1502817561","2107370612","0.479167"
"2107370612","1502817561","0.479167"
"1502817561","2124483996","0.291667"
"2124483996","1502817561","0.291667"
"1502817561","2139273454","0.6625"
"2139273454","1502817561","0.6625"
"1646006088","2107370612","0.479167"
"2107370612","1646006088","0.479167"
"1646006088","2110837255","0.529167"
"2110837255","1646006088","0.529167"
"1646006088","2119953525","1.1125"
"2119953525","1646006088","1.1125"
"1646006088","2124483996","1.47917"
"2124483996","1646006088","1.47917"
"1646006088","2139273454","3.3125"
"2139273454","1646006088","3.3125"
"2107370612","2110837255","1.2625"
"2110837255","2107370612","1.2625"
"2107370612","2119953525","7.38295"
"2119953525","2107370612","7.38295"
"2107370612","2124483996","2.5524"
"2124483996","2107370612","2.5524"
"2107370612","2139273454","0.854167"
"2139273454","2107370612","0.854167"
"2110837255","2119953525","4.35952"
"2119953525","2110837255","4.35952"
"2110837255","2124483996","0.291667"
"2124483996","2110837255","0.291667"
"2110837255","2139273454","0.579167"
"2139273454","2110837255","0.579167"
"2119953525","2124483996","2.43712"
"2124483996","2119953525","2.43712"
"2119953525","2139273454","1.7375"
"2139273454","2119953525","1.7375"
"2124483996","2139273454","0.729167"
"2139273454","2124483996","0.729167"
"1502817561","1985302498","0.166667"
"1985302498","1502817561","0.166667"
"1502817561","2015441003","0.695833"
"2015441003","1502817561","0.695833"
"1502817561","2030453903","2.1"
"2030453903","1502817561","2.1"
"1502817561","2099435855","0.229167"
"2099435855","1502817561","0.229167"
"1502817561","2113095271","0.229167"
"2113095271","1502817561","0.229167"
"1502817561","2168588781","0.495833"
"2168588781","1502817561","0.495833"
"1985302498","2015441003","0.266667"
"2015441003","1985302498","0.266667"
"1985302498","2030453903","0.166667"
"2030453903","1985302498","0.166667"
"1985302498","2099435855","0.166667"
"2099435855","1985302498","0.166667"
"1985302498","2113095271","0.409524"
"2113095271","1985302498","0.409524"
"1985302498","2168588781","0.166667"
"2168588781","1985302498","0.166667"
"2015441003","2030453903","0.266667"
"2030453903","2015441003","0.266667"
"2015441003","2099435855","0.229167"
"2099435855","2015441003","0.229167"
"2015441003","2113095271","0.628312"
"2113095271","2015441003","0.628312"
"2015441003","2168588781","10.4234"
"2168588781","2015441003","10.4234"
"2030453903","2099435855","0.5"
"2099435855","2030453903","0.5"
"2030453903","2113095271","0.166667"
"2113095271","2030453903","0.166667"
"2030453903","2168588781","0.266667"
"2168588781","2030453903","0.266667"
"2099435855","2113095271","0.429167"
"2113095271","2099435855","0.429167"
"2099435855","2168588781","0.229167"
"2168588781","2099435855","0.229167"
"2113095271","2168588781","0.617201"
"2168588781","2113095271","0.617201"
"1502817561","17373346","0.575"
"17373346","1502817561","0.575"
"1502817561","2070740689","0.7625"
"2070740689","1502817561","0.7625"
"1502817561","2106421124","1.66667"
"2106421124","1502817561","1.66667"
"1502817561","2119119231","0.5125"
"2119119231","1502817561","0.5125"
"17373346","2070740689","0.554167"
"2070740689","17373346","0.554167"
"17373346","2106421124","0.245455"
"2106421124","17373346","0.245455"
"17373346","2119119231","8.77892"
"2119119231","17373346","8.77892"
"17373346","2119953525","1.11212"
"2119953525","17373346","1.11212"
"2070740689","2106421124","1.00952"
"2106421124","2070740689","1.00952"
"2070740689","2119119231","0.654167"
"2119119231","2070740689","0.654167"
"2106421124","2119119231","0.689899"
"2119119231","2106421124","0.689899"
"2106421124","2119953525","7.55895"
"2119953525","2106421124","7.55895"
"2119119231","2119953525","1.81629"
"2119953525","2119119231","1.81629"
"1502817561","2027714692","0.35"
"2027714692","1502817561","0.35"
"1502817561","2087663869","0.3625"
"2087663869","1502817561","0.3625"
"1502817561","2147057843","0.1"
"2147057843","1502817561","0.1"
"2015441003","2027714692","0.225"
"2027714692","2015441003","0.225"
"2015441003","2087663869","0.6625"
"2087663869","2015441003","0.6625"
"2015441003","2106421124","1.06768"
"2106421124","2015441003","1.06768"
"2015441003","2110837255","0.529167"
"2110837255","2015441003","0.529167"
"2015441003","2119953525","1.74407"
"2119953525","2015441003","1.74407"
"2015441003","2139273454","0.1"
"2139273454","2015441003","0.1"
"2015441003","2147057843","0.606566"
"2147057843","2015441003","0.606566"
"2027714692","2030453903","0.1"
"2030453903","2027714692","0.1"
"2027714692","2087663869","0.733333"
"2087663869","2027714692","0.733333"
"2027714692","2106421124","0.592857"
"2106421124","2027714692","0.592857"
"2027714692","2110837255","0.45"
"2110837255","2027714692","0.45"
"2027714692","2119953525","1.38452"
"2119953525","2027714692","1.38452"
"2027714692","2139273454","0.35"
"2139273454","2027714692","0.35"
"2027714692","2147057843","0.1"
"2147057843","2027714692","0.1"
"2027714692","2168588781","0.225"
"2168588781","2027714692","0.225"
"2030453903","2087663869","0.1"
"2087663869","2030453903","0.1"
"2030453903","2106421124","0.1"
"2106421124","2030453903","0.1"
"2030453903","2110837255","0.1"
"2110837255","2030453903","0.1"
"2030453903","2119953525","5.39167"
"2119953525","2030453903","5.39167"
"2030453903","2139273454","0.225"
"2139273454","2030453903","0.225"
"2030453903","2147057843","0.1"
"2147057843","2030453903","0.1"
"2087663869","2106421124","0.2"
"2106421124","2087663869","0.2"
"2087663869","2110837255","0.4625"
"2110837255","2087663869","0.4625"
"2087663869","2139273454","0.1"
"2139273454","2087663869","0.1"
"2087663869","2147057843","0.1"
"2147057843","2087663869","0.1"
"2087663869","2168588781","0.6625"
"2168588781","2087663869","0.6625"
"2106421124","2110837255","1.15952"
"2110837255","2106421124","1.15952"
"2106421124","2139273454","0.3"
"2139273454","2106421124","0.3"
"2106421124","2147057843","0.932756"
"2147057843","2106421124","0.932756"
"2106421124","2168588781","0.623232"
"2168588781","2106421124","0.623232"
"2110837255","2147057843","0.867857"
"2147057843","2110837255","0.867857"
"2110837255","2168588781","0.579167"
"2168588781","2110837255","0.579167"
"2119953525","2147057843","4.82442"
"2147057843","2119953525","4.82442"
"2119953525","2168588781","0.949621"
"2168588781","2119953525","0.949621"
"2139273454","2147057843","0.442857"
"2147057843","2139273454","0.442857"
"2139273454","2168588781","2.05"
"2168588781","2139273454","2.05"
"2147057843","2168588781","0.345455"
"2168588781","2147057843","0.345455"
"1502817561","1990589796","0.5125"
"1990589796","1502817561","0.5125"
"1990589796","2015441003","0.644066"
"2015441003","1990589796","0.644066"
"1990589796","2106421124","1.5399"
"2106421124","1990589796","1.5399"
"1990589796","2110837255","0.4875"
"2110837255","1990589796","0.4875"
"1990589796","2119953525","12.6107"
"2119953525","1990589796","12.6107"
"2030453903","2070740689","0.666667"
"2070740689","2030453903","0.666667"
"1502817561","2044434631","0.2625"
"2044434631","1502817561","0.2625"
"1646006088","2044434631","0.3"
"2044434631","1646006088","0.3"
"1646006088","2087663869","0.3"
"2087663869","1646006088","0.3"
"2044434631","2087663869","0.3625"
"2087663869","2044434631","0.3625"
"2044434631","2110837255","0.3625"
"2110837255","2044434631","0.3625"
"2044434631","2119953525","1.15417"
"2119953525","2044434631","1.15417"
"1990589796","2107370612","0.587121"
"2107370612","1990589796","0.587121"
"2106421124","2107370612","2.80657"
"2107370612","2106421124","2.80657"
"1502817561","2075501215","0.0625"
"2075501215","1502817561","0.0625"
"1502817561","2134195052","0.0625"
"2134195052","1502817561","0.0625"
"1502817561","2139201316","0.0625"
"2139201316","1502817561","0.0625"
"17373346","1990589796","0.599621"
"1990589796","17373346","0.599621"
"17373346","2015441003","2.12893"
"2015441003","17373346","2.12893"
"17373346","2044434631","0.0625"
"2044434631","17373346","0.0625"
"17373346","2075501215","0.527735"
"2075501215","17373346","0.527735"
"17373346","2087663869","0.0625"
"2087663869","17373346","0.0625"
"17373346","2099435855","0.0625"
"2099435855","17373346","0.0625"
"17373346","2110837255","0.125"
"2110837255","17373346","0.125"
"17373346","2113095271","0.28228"
"2113095271","17373346","0.28228"
"17373346","2124483996","0.949759"
"2124483996","17373346","0.949759"
"17373346","2134195052","1.81107"
"2134195052","17373346","1.81107"
"17373346","2139201316","0.0625"
"2139201316","17373346","0.0625"
"17373346","2168588781","2.37893"
"2168588781","17373346","2.37893"
"1990589796","2044434631","0.954167"
"2044434631","1990589796","0.954167"
"1990589796","2070740689","0.845833"
"2070740689","1990589796","0.845833"
"1990589796","2075501215","0.666288"
"2075501215","1990589796","0.666288"
"1990589796","2087663869","0.1625"
"2087663869","1990589796","0.1625"
"1990589796","2099435855","0.0625"
"2099435855","1990589796","0.0625"
"1990589796","2113095271","0.273611"
"2113095271","1990589796","0.273611"
"1990589796","2119119231","0.699621"
"2119119231","1990589796","0.699621"
"1990589796","2124483996","0.374621"
"2124483996","1990589796","0.374621"
"1990589796","2134195052","0.669066"
"2134195052","1990589796","0.669066"
"1990589796","2139201316","0.1625"
"2139201316","1990589796","0.1625"
"1990589796","2168588781","0.232955"
"2168588781","1990589796","0.232955"
"2015441003","2044434631","0.0625"
"2044434631","2015441003","0.0625"
"2015441003","2070740689","0.954167"
"2070740689","2015441003","0.954167"
"2015441003","2075501215","0.861068"
"2075501215","2015441003","0.861068"
"2015441003","2119119231","3.36385"
"2119119231","2015441003","3.36385"
"2015441003","2124483996","0.931703"
"2124483996","2015441003","0.931703"
"2015441003","2134195052","0.999957"
"2134195052","2015441003","0.999957"
"2015441003","2139201316","0.0625"
"2139201316","2015441003","0.0625"
"2044434631","2070740689","0.329167"
"2070740689","2044434631","0.329167"
"2044434631","2075501215","0.2875"
"2075501215","2044434631","0.2875"
"2044434631","2099435855","0.0625"
"2099435855","2044434631","0.0625"
"2044434631","2113095271","0.0625"
"2113095271","2044434631","0.0625"
"2044434631","2119119231","0.0625"
"2119119231","2044434631","0.0625"
"2044434631","2124483996","0.0625"
"2124483996","2044434631","0.0625"
"2044434631","2134195052","0.1875"
"2134195052","2044434631","0.1875"
"2044434631","2139201316","0.1625"
"2139201316","2044434631","0.1625"
"2044434631","2168588781","0.0625"
"2168588781","2044434631","0.0625"
"2070740689","2075501215","0.3625"
"2075501215","2070740689","0.3625"
"2070740689","2110837255","0.654167"
"2110837255","2070740689","0.654167"
"2070740689","2113095271","0.1625"
"2113095271","2070740689","0.1625"
"2070740689","2124483996","0.829167"
"2124483996","2070740689","0.829167"
"2070740689","2134195052","0.1875"
"2134195052","2070740689","0.1875"
"2070740689","2139201316","0.3625"
"2139201316","2070740689","0.3625"
"2070740689","2168588781","0.354167"
"2168588781","2070740689","0.354167"
"2075501215","2087663869","0.1625"
"2087663869","2075501215","0.1625"
"2075501215","2099435855","0.0625"
"2099435855","2075501215","0.0625"
"2075501215","2110837255","0.4125"
"2110837255","2075501215","0.4125"
"2075501215","2113095271","0.139423"
"2113095271","2075501215","0.139423"
"2075501215","2119119231","0.718211"
"2119119231","2075501215","0.718211"
"2075501215","2119953525","1.11629"
"2119953525","2075501215","1.11629"
"2075501215","2124483996","0.827735"
"2124483996","2075501215","0.827735"
"2075501215","2134195052","2.65273"
"2134195052","2075501215","2.65273"
"2075501215","2139201316","0.1625"
"2139201316","2075501215","0.1625"
"2075501215","2168588781","0.527735"
"2168588781","2075501215","0.527735"
"2087663869","2113095271","0.2625"
"2113095271","2087663869","0.2625"
"2087663869","2119119231","0.0625"
"2119119231","2087663869","0.0625"
"2087663869","2124483996","0.0625"
"2124483996","2087663869","0.0625"
"2087663869","2134195052","0.0625"
"2134195052","2087663869","0.0625"
"2087663869","2139201316","0.1625"
"2139201316","2087663869","0.1625"
"2099435855","2110837255","0.205357"
"2110837255","2099435855","0.205357"
"2099435855","2119119231","0.0625"
"2119119231","2099435855","0.0625"
"2099435855","2124483996","0.0625"
"2124483996","2099435855","0.0625"
"2099435855","2134195052","0.0625"
"2134195052","2099435855","0.0625"
"2099435855","2139201316","0.0625"
"2139201316","2099435855","0.0625"
"2110837255","2113095271","0.0625"
"2113095271","2110837255","0.0625"
"2110837255","2119119231","0.0625"
"2119119231","2110837255","0.0625"
"2110837255","2134195052","0.9375"
"2134195052","2110837255","0.9375"
"2110837255","2139201316","0.3625"
"2139201316","2110837255","0.3625"
"2113095271","2119119231","0.826725"
"2119119231","2113095271","0.826725"
"2113095271","2119953525","0.806944"
"2119953525","2113095271","0.806944"
"2113095271","2124483996","1.68387"
"2124483996","2113095271","1.68387"
"2113095271","2134195052","0.361645"
"2134195052","2113095271","0.361645"
"2113095271","2139201316","0.0625"
"2139201316","2113095271","0.0625"
"2119119231","2124483996","1.28885"
"2124483996","2119119231","1.28885"
"2119119231","2134195052","1.77932"
"2134195052","2119119231","1.77932"
"2119119231","2139201316","0.0625"
"2139201316","2119119231","0.0625"
"2119119231","2168588781","2.84718"
"2168588781","2119119231","2.84718"
"2119953525","2134195052","1.91907"
"2134195052","2119953525","1.91907"
"2119953525","2139201316","0.3625"
"2139201316","2119953525","0.3625"
"2124483996","2134195052","0.438846"
"2134195052","2124483996","0.438846"
"2124483996","2139201316","0.0625"
"2139201316","2124483996","0.0625"
"2124483996","2168588781","1.8317"
"2168588781","2124483996","1.8317"
"2134195052","2139201316","0.0625"
"2139201316","2134195052","0.0625"
"2134195052","2168588781","0.638846"
"2168588781","2134195052","0.638846"
"2139201316","2168588781","0.0625"
"2168588781","2139201316","0.0625"
"1502817561","2039697429","1"
"2039697429","1502817561","1"
"1502817561","2099871636","0.0625"
"2099871636","1502817561","0.0625"
"1502817561","2109257704","0.0625"
"2109257704","1502817561","0.0625"
"1502817561","2116163449","0.0625"
"2116163449","1502817561","0.0625"
"1502817561","2124525949","0.0625"
"2124525949","1502817561","0.0625"
"1502817561","2181829939","0.0625"
"2181829939","1502817561","0.0625"
"1502817561","2187488439","0.0625"
"2187488439","1502817561","0.0625"
"1502817561","2188942575","0.0625"
"2188942575","1502817561","0.0625"
"1502817561","2916723970","0.0625"
"2916723970","1502817561","0.0625"
"1502817561","58112741","0.0625"
"58112741","1502817561","0.0625"
"1646006088","17373346","0.0625"
"17373346","1646006088","0.0625"
"1646006088","2099871636","0.0625"
"2099871636","1646006088","0.0625"
"1646006088","2109257704","0.0625"
"2109257704","1646006088","0.0625"
"1646006088","2116163449","0.5625"
"2116163449","1646006088","0.5625"
"1646006088","2124525949","0.0625"
"2124525949","1646006088","0.0625"
"1646006088","2181829939","0.0625"
"2181829939","1646006088","0.0625"
"1646006088","2187488439","0.0625"
"2187488439","1646006088","0.0625"
"1646006088","2188942575","0.0625"
"2188942575","1646006088","0.0625"
"1646006088","2916723970","0.0625"
"2916723970","1646006088","0.0625"
"1646006088","58112741","0.0625"
"58112741","1646006088","0.0625"
"17373346","2099871636","0.232955"
"2099871636","17373346","0.232955"
"17373346","2107370612","0.274621"
"2107370612","17373346","0.274621"
"17373346","2109257704","0.250812"
"2109257704","17373346","0.250812"
"17373346","2116163449","0.0625"
"2116163449","17373346","0.0625"
"17373346","2124525949","0.107955"
"2124525949","17373346","0.107955"
"17373346","2139273454","0.205357"
"2139273454","17373346","0.205357"
"17373346","2181829939","0.327735"
"2181829939","17373346","0.327735"
"17373346","2187488439","0.107955"
"2187488439","17373346","0.107955"
"17373346","2188942575","0.107955"
"2188942575","17373346","0.107955"
"17373346","2916723970","0.107955"
"2916723970","17373346","0.107955"
"17373346","58112741","0.0625"
"58112741","17373346","0.0625"
"2099871636","2107370612","0.357955"
"2107370612","2099871636","0.357955"
"2099871636","2109257704","0.107955"
"2109257704","2099871636","0.107955"
"2099871636","2110837255","0.0625"
"2110837255","2099871636","0.0625"
"2099871636","2116163449","0.0625"
"2116163449","2099871636","0.0625"
"2099871636","2119953525","2.48295"
"2119953525","2099871636","2.48295"
"2099871636","2124483996","0.357955"
"2124483996","2099871636","0.357955"
"2099871636","2124525949","0.107955"
"2124525949","2099871636","0.107955"
"2099871636","2139273454","0.3125"
"2139273454","2099871636","0.3125"
"2099871636","2181829939","0.107955"
"2181829939","2099871636","0.107955"
"2099871636","2187488439","0.107955"
"2187488439","2099871636","0.107955"
"2099871636","2188942575","0.107955"
"2188942575","2099871636","0.107955"
"2099871636","2916723970","0.107955"
"2916723970","2099871636","0.107955"
"2099871636","58112741","0.0625"
"58112741","2099871636","0.0625"
"2107370612","2109257704","0.107955"
"2109257704","2107370612","0.107955"
"2107370612","2116163449","0.0625"
"2116163449","2107370612","0.0625"
"2107370612","2124525949","0.107955"
"2124525949","2107370612","0.107955"
"2107370612","2181829939","0.219066"
"2181829939","2107370612","0.219066"
"2107370612","2187488439","0.107955"
"2187488439","2107370612","0.107955"
"2107370612","2188942575","0.441288"
"2188942575","2107370612","0.441288"
"2107370612","2916723970","0.441288"
"2916723970","2107370612","0.441288"
"2107370612","58112741","0.0625"
"58112741","2107370612","0.0625"
"2109257704","2110837255","0.0625"
"2110837255","2109257704","0.0625"
"2109257704","2116163449","0.0625"
"2116163449","2109257704","0.0625"
"2109257704","2119953525","1.10795"
"2119953525","2109257704","1.10795"
"2109257704","2124483996","0.250812"
"2124483996","2109257704","0.250812"
"2109257704","2124525949","0.107955"
"2124525949","2109257704","0.107955"
"2109257704","2139273454","0.0625"
"2139273454","2109257704","0.0625"
"2109257704","2181829939","0.250812"
"2181829939","2109257704","0.250812"
"2109257704","2187488439","0.107955"
"2187488439","2109257704","0.107955"
"2109257704","2188942575","0.107955"
"2188942575","2109257704","0.107955"
"2109257704","2916723970","0.107955"
"2916723970","2109257704","0.107955"
"2109257704","58112741","0.0625"
"58112741","2109257704","0.0625"
"2110837255","2116163449","0.0625"
"2116163449","2110837255","0.0625"
"2110837255","2124525949","0.0625"
"2124525949","2110837255","0.0625"
"2110837255","2181829939","0.0625"
"2181829939","2110837255","0.0625"
"2110837255","2187488439","0.0625"
"2187488439","2110837255","0.0625"
"2110837255","2188942575","0.330357"
"2188942575","2110837255","0.330357"
"2110837255","2916723970","0.330357"
"2916723970","2110837255","0.330357"
"2110837255","58112741","0.455357"
"58112741","2110837255","0.455357"
"2116163449","2119953525","2.1625"
"2119953525","2116163449","2.1625"
"2116163449","2124483996","0.1625"
"2124483996","2116163449","0.1625"
"2116163449","2124525949","0.0625"
"2124525949","2116163449","0.0625"
"2116163449","2139273454","2.39583"
"2139273454","2116163449","2.39583"
"2116163449","2181829939","0.0625"
"2181829939","2116163449","0.0625"
"2116163449","2187488439","0.0625"
"2187488439","2116163449","0.0625"
"2116163449","2188942575","0.0625"
"2188942575","2116163449","0.0625"
"2116163449","2916723970","0.0625"
"2916723970","2116163449","0.0625"
"2116163449","58112741","0.0625"
"58112741","2116163449","0.0625"
"2119953525","2124525949","0.107955"
"2124525949","2119953525","0.107955"
"2119953525","2187488439","0.107955"
"2187488439","2119953525","0.107955"
"2119953525","58112741","1.76488"
"58112741","2119953525","1.76488"
"2124483996","2124525949","0.107955"
"2124525949","2124483996","0.107955"
"2124483996","2181829939","0.438846"
"2181829939","2124483996","0.438846"
"2124483996","2187488439","0.107955"
"2187488439","2124483996","0.107955"
"2124483996","2188942575","0.107955"
"2188942575","2124483996","0.107955"
"2124483996","2916723970","0.107955"
"2916723970","2124483996","0.107955"
"2124483996","58112741","0.0625"
"58112741","2124483996","0.0625"
"2124525949","2139273454","0.0625"
"2139273454","2124525949","0.0625"
"2124525949","2181829939","0.107955"
"2181829939","2124525949","0.107955"
"2124525949","2187488439","0.107955"
"2187488439","2124525949","0.107955"
"2124525949","2188942575","0.107955"
"2188942575","2124525949","0.107955"
"2124525949","2916723970","0.107955"
"2916723970","2124525949","0.107955"
"2124525949","58112741","0.0625"
"58112741","2124525949","0.0625"
"2139273454","2181829939","0.0625"
"2181829939","2139273454","0.0625"
"2139273454","2187488439","0.0625"
"2187488439","2139273454","0.0625"
"2139273454","2188942575","0.0625"
"2188942575","2139273454","0.0625"
"2139273454","2916723970","0.0625"
"2916723970","2139273454","0.0625"
"2139273454","58112741","0.3125"
"58112741","2139273454","0.3125"
"2181829939","2187488439","0.107955"
"2187488439","2181829939","0.107955"
"2181829939","58112741","0.0625"
"58112741","2181829939","0.0625"
"2187488439","2188942575","0.107955"
"2188942575","2187488439","0.107955"
"2187488439","2916723970","0.107955"
"2916723970","2187488439","0.107955"
"2187488439","58112741","0.0625"
"58112741","2187488439","0.0625"
"2188942575","58112741","1.01488"
"58112741","2188942575","1.01488"
"2916723970","58112741","1.01488"
"58112741","2916723970","1.01488"
"1502817561","2117540369","0.25"
"2117540369","1502817561","0.25"
"17373346","2117540369","0.25"
"2117540369","17373346","0.25"
"2117540369","2119119231","0.25"
"2119119231","2117540369","0.25"
"2117540369","2119953525","1.41667"
"2119953525","2117540369","1.41667"
"1646006088","2072609512","1"
"2072609512","1646006088","1"
"1646006088","2168588781","0.5"
"2168588781","1646006088","0.5"
"1646006088","1990589796","0.1"
"1990589796","1646006088","0.1"
"1646006088","2027714692","0.1"
"2027714692","1646006088","0.1"
"1646006088","2070740689","0.1"
"2070740689","1646006088","0.1"
"1646006088","2075501215","0.1"
"2075501215","1646006088","0.1"
"1646006088","2106421124","0.1"
"2106421124","1646006088","0.1"
"1646006088","2139201316","0.1"
"2139201316","1646006088","0.1"
"1990589796","2027714692","0.558333"
"2027714692","1990589796","0.558333"
"2027714692","2044434631","0.1"
"2044434631","2027714692","0.1"
"2027714692","2070740689","0.367857"
"2070740689","2027714692","0.367857"
"2027714692","2075501215","0.1"
"2075501215","2027714692","0.1"
"2027714692","2139201316","0.1"
"2139201316","2027714692","0.1"
"2044434631","2106421124","0.1"
"2106421124","2044434631","0.1"
"2075501215","2106421124","0.595455"
"2106421124","2075501215","0.595455"
"2106421124","2139201316","0.3"
"2139201316","2106421124","0.3"
"1646006088","2113095271","0.5"
"2113095271","1646006088","0.5"
"2113095271","2139273454","3.67619"
"2139273454","2113095271","3.67619"
"17373346","2027714692","0.125"
"2027714692","17373346","0.125"
"1990589796","2099871636","0.170455"
"2099871636","1990589796","0.170455"
"2015441003","2099871636","0.170455"
"2099871636","2015441003","0.170455"
"2027714692","2099871636","0.125"
"2099871636","2027714692","0.125"
"2027714692","2119119231","0.125"
"2119119231","2027714692","0.125"
"2070740689","2099871636","0.125"
"2099871636","2070740689","0.125"
"2099871636","2119119231","0.170455"
"2119119231","2099871636","0.170455"
"2099871636","2168588781","0.170455"
"2168588781","2099871636","0.170455"
"2070740689","2107370612","2.4"
"2107370612","2070740689","2.4"
"2107370612","2119119231","0.323232"
"2119119231","2107370612","0.323232"
"17373346","2000431947","0.21978"
"2000431947","17373346","0.21978"
"17373346","2096346879","0.0769231"
"2096346879","17373346","0.0769231"
"17373346","2159981039","0.41978"
"2159981039","17373346","0.41978"
"17373346","224439989","0.122378"
"224439989","17373346","0.122378"
"17373346","2295908047","0.408092"
"2295908047","17373346","0.408092"
"2000431947","2015441003","0.830891"
"2015441003","2000431947","0.830891"
"2000431947","2075501215","4.66978"
"2075501215","2000431947","4.66978"
"2000431947","2096346879","0.0769231"
"2096346879","2000431947","0.0769231"
"2000431947","2113095271","0.188034"
"2113095271","2000431947","0.188034"
"2000431947","2119119231","0.0769231"
"2119119231","2000431947","0.0769231"
"2000431947","2124483996","0.71978"
"2124483996","2000431947","0.71978"
"2000431947","2134195052","3.08089"
"2134195052","2000431947","3.08089"
"2000431947","2159981039","1.38803"
"2159981039","2000431947","1.38803"
"2000431947","2168588781","0.71978"
"2168588781","2000431947","0.71978"
"2000431947","2181829939","0.0769231"
"2181829939","2000431947","0.0769231"
"2000431947","224439989","1.07692"
"224439989","2000431947","1.07692"
"2000431947","2295908047","0.66978"
"2295908047","2000431947","0.66978"
"2015441003","2096346879","0.0769231"
"2096346879","2015441003","0.0769231"
"2015441003","2159981039","0.288034"
"2159981039","2015441003","0.288034"
"2015441003","2181829939","0.376346"
"2181829939","2015441003","0.376346"
"2015441003","224439989","0.455711"
"224439989","2015441003","0.455711"
"2015441003","2295908047","0.408092"
"2295908047","2015441003","0.408092"
"2075501215","2096346879","0.0769231"
"2096346879","2075501215","0.0769231"
"2075501215","2159981039","0.276923"
"2159981039","2075501215","0.276923"
"2075501215","2181829939","0.122378"
"2181829939","2075501215","0.122378"
"2075501215","224439989","0.455711"
"224439989","2075501215","0.455711"
"2075501215","2295908047","0.915235"
"2295908047","2075501215","0.915235"
"2096346879","2113095271","0.0769231"
"2113095271","2096346879","0.0769231"
"2096346879","2119119231","0.0769231"
"2119119231","2096346879","0.0769231"
"2096346879","2124483996","0.0769231"
"2124483996","2096346879","0.0769231"
"2096346879","2134195052","0.0769231"
"2134195052","2096346879","0.0769231"
"2096346879","2159981039","0.826923"
"2159981039","2096346879","0.826923"
"2096346879","2168588781","0.0769231"
"2168588781","2096346879","0.0769231"
"2096346879","2181829939","0.0769231"
"2181829939","2096346879","0.0769231"
"2096346879","224439989","0.0769231"
"224439989","2096346879","0.0769231"
"2096346879","2295908047","0.826923"
"2295908047","2096346879","0.826923"
"2113095271","2159981039","0.764225"
"2159981039","2113095271","0.764225"
"2113095271","2181829939","0.188034"
"2181829939","2113095271","0.188034"
"2113095271","224439989","0.0769231"
"224439989","2113095271","0.0769231"
"2113095271","2295908047","0.0769231"
"2295908047","2113095271","0.0769231"
"2119119231","2159981039","0.51978"
"2159981039","2119119231","0.51978"
"2119119231","2181829939","0.376346"
"2181829939","2119119231","0.376346"
"2119119231","224439989","0.455711"
"224439989","2119119231","0.455711"
"2119119231","2295908047","0.265235"
"2295908047","2119119231","0.265235"
"2124483996","2159981039","0.176923"
"2159981039","2124483996","0.176923"
"2124483996","224439989","0.122378"
"224439989","2124483996","0.122378"
"2124483996","2295908047","0.408092"
"2295908047","2124483996","0.408092"
"2134195052","2159981039","0.513034"
"2159981039","2134195052","0.513034"
"2134195052","2181829939","0.233489"
"2181829939","2134195052","0.233489"
"2134195052","224439989","0.122378"
"224439989","2134195052","0.122378"
"2134195052","2295908047","0.515235"
"2295908047","2134195052","0.515235"
"2159981039","2168588781","0.0769231"
"2168588781","2159981039","0.0769231"
"2159981039","2181829939","0.0769231"
"2181829939","2159981039","0.0769231"
"2159981039","224439989","1.07692"
"224439989","2159981039","1.07692"
"2159981039","2295908047","1.52692"
"2295908047","2159981039","1.52692"
"2168588781","2181829939","0.376346"
"2181829939","2168588781","0.376346"
"2168588781","224439989","0.122378"
"224439989","2168588781","0.122378"
"2168588781","2295908047","0.408092"
"2295908047","2168588781","0.408092"
"2181829939","224439989","0.122378"
"224439989","2181829939","0.122378"
"2181829939","2295908047","0.265235"
"2295908047","2181829939","0.265235"
"224439989","2295908047","1.62238"
"2295908047","224439989","1.62238"
"1990589796","2159981039","0.869444"
"2159981039","1990589796","0.869444"
"2119953525","2159981039","1.70278"
"2159981039","2119953525","1.70278"
"17373346","1985302498","0.142857"
"1985302498","17373346","0.142857"
"17373346","2111313623","0.188312"
"2111313623","17373346","0.188312"
"17373346","2147057843","0.771645"
"2147057843","17373346","0.771645"
"1985302498","2111313623","0.142857"
"2111313623","1985302498","0.142857"
"1985302498","2119119231","0.242857"
"2119119231","1985302498","0.242857"
"1985302498","2139273454","0.142857"
"2139273454","1985302498","0.142857"
"1985302498","2147057843","0.242857"
"2147057843","1985302498","0.242857"
"1985302498","2159981039","0.242857"
"2159981039","1985302498","0.242857"
"2111313623","2113095271","0.142857"
"2113095271","2111313623","0.142857"
"2111313623","2119119231","0.188312"
"2119119231","2111313623","0.188312"
"2111313623","2139273454","0.392857"
"2139273454","2111313623","0.392857"
"2111313623","2147057843","3.35498"
"2147057843","2111313623","3.35498"
"2111313623","2159981039","1.72619"
"2159981039","2111313623","1.72619"
"2113095271","2147057843","0.553968"
"2147057843","2113095271","0.553968"
"2119119231","2139273454","0.142857"
"2139273454","2119119231","0.142857"
"2119119231","2147057843","0.871645"
"2147057843","2119119231","0.871645"
"2139273454","2159981039","0.47619"
"2159981039","2139273454","0.47619"
"2147057843","2159981039","1.8123"
"2159981039","2147057843","1.8123"
"17373346","2120264533","0.0454545"
"2120264533","17373346","0.0454545"
"1990589796","2109257704","0.0454545"
"2109257704","1990589796","0.0454545"
"1990589796","2111313623","0.378788"
"2111313623","1990589796","0.378788"
"1990589796","2120264533","0.170455"
"2120264533","1990589796","0.170455"
"1990589796","2124525949","0.0454545"
"2124525949","1990589796","0.0454545"
"1990589796","2147057843","1.7149"
"2147057843","1990589796","1.7149"
"1990589796","2181829939","0.0454545"
"2181829939","1990589796","0.0454545"
"1990589796","2187488439","0.0454545"
"2187488439","1990589796","0.0454545"
"1990589796","2188942575","0.837121"
"2188942575","1990589796","0.837121"
"1990589796","224439989","0.0454545"
"224439989","1990589796","0.0454545"
"1990589796","2295908047","0.0454545"
"2295908047","1990589796","0.0454545"
"1990589796","2916723970","0.837121"
"2916723970","1990589796","0.837121"
"2015441003","2107370612","0.656566"
"2107370612","2015441003","0.656566"
"2015441003","2109257704","0.188312"
"2109257704","2015441003","0.188312"
"2015441003","2111313623","0.0454545"
"2111313623","2015441003","0.0454545"
"2015441003","2120264533","0.156566"
"2120264533","2015441003","0.156566"
"2015441003","2124525949","0.0454545"
"2124525949","2015441003","0.0454545"
"2015441003","2187488439","0.0454545"
"2187488439","2015441003","0.0454545"
"2015441003","2188942575","0.0454545"
"2188942575","2015441003","0.0454545"
"2015441003","2916723970","0.0454545"
"2916723970","2015441003","0.0454545"
"2075501215","2099871636","0.0454545"
"2099871636","2075501215","0.0454545"
"2075501215","2107370612","0.370455"
"2107370612","2075501215","0.370455"
"2075501215","2109257704","0.0454545"
"2109257704","2075501215","0.0454545"
"2075501215","2111313623","0.0454545"
"2111313623","2075501215","0.0454545"
"2075501215","2120264533","1.12045"
"2120264533","2075501215","1.12045"
"2075501215","2124525949","0.0454545"
"2124525949","2075501215","0.0454545"
"2075501215","2147057843","0.0454545"
"2147057843","2075501215","0.0454545"
"2075501215","2187488439","0.0454545"
"2187488439","2075501215","0.0454545"
"2075501215","2188942575","0.295455"
"2188942575","2075501215","0.295455"
"2075501215","2916723970","0.295455"
"2916723970","2075501215","0.295455"
"2099871636","2106421124","0.0454545"
"2106421124","2099871636","0.0454545"
"2099871636","2111313623","0.0454545"
"2111313623","2099871636","0.0454545"
"2099871636","2120264533","0.0454545"
"2120264533","2099871636","0.0454545"
"2099871636","2134195052","0.0454545"
"2134195052","2099871636","0.0454545"
"2099871636","2147057843","0.0454545"
"2147057843","2099871636","0.0454545"
"2099871636","224439989","0.0454545"
"224439989","2099871636","0.0454545"
"2099871636","2295908047","0.0454545"
"2295908047","2099871636","0.0454545"
"2106421124","2109257704","0.0454545"
"2109257704","2106421124","0.0454545"
"2106421124","2111313623","0.0454545"
"2111313623","2106421124","0.0454545"
"2106421124","2120264533","0.406566"
"2120264533","2106421124","0.406566"
"2106421124","2124483996","0.156566"
"2124483996","2106421124","0.156566"
"2106421124","2124525949","0.0454545"
"2124525949","2106421124","0.0454545"
"2106421124","2134195052","0.517677"
"2134195052","2106421124","0.517677"
"2106421124","2181829939","0.489899"
"2181829939","2106421124","0.489899"
"2106421124","2187488439","0.0454545"
"2187488439","2106421124","0.0454545"
"2106421124","2188942575","0.331169"
"2188942575","2106421124","0.331169"
"2106421124","224439989","0.0454545"
"224439989","2106421124","0.0454545"
"2106421124","2295908047","0.245455"
"2295908047","2106421124","0.245455"
"2106421124","2916723970","0.331169"
"2916723970","2106421124","0.331169"
"2107370612","2111313623","0.878788"
"2111313623","2107370612","0.878788"
"2107370612","2120264533","0.614899"
"2120264533","2107370612","0.614899"
"2107370612","2134195052","0.781566"
"2134195052","2107370612","0.781566"
"2107370612","2147057843","1.04545"
"2147057843","2107370612","1.04545"
"2107370612","2168588781","0.156566"
"2168588781","2107370612","0.156566"
"2107370612","224439989","0.0454545"
"224439989","2107370612","0.0454545"
"2107370612","2295908047","0.245455"
"2295908047","2107370612","0.245455"
"2109257704","2111313623","0.0454545"
"2111313623","2109257704","0.0454545"
"2109257704","2119119231","0.188312"
"2119119231","2109257704","0.188312"
"2109257704","2120264533","0.0454545"
"2120264533","2109257704","0.0454545"
"2109257704","2134195052","0.0454545"
"2134195052","2109257704","0.0454545"
"2109257704","2147057843","0.0454545"
"2147057843","2109257704","0.0454545"
"2109257704","2168588781","0.188312"
"2168588781","2109257704","0.188312"
"2109257704","224439989","0.0454545"
"224439989","2109257704","0.0454545"
"2109257704","2295908047","0.188312"
"2295908047","2109257704","0.188312"
"2111313623","2119953525","1.54545"
"2119953525","2111313623","1.54545"
"2111313623","2120264533","0.0454545"
"2120264533","2111313623","0.0454545"
"2111313623","2124483996","0.0454545"
"2124483996","2111313623","0.0454545"
"2111313623","2124525949","0.0454545"
"2124525949","2111313623","0.0454545"
"2111313623","2134195052","0.0454545"
"2134195052","2111313623","0.0454545"
"2111313623","2168588781","0.0454545"
"2168588781","2111313623","0.0454545"
"2111313623","2181829939","0.0454545"
"2181829939","2111313623","0.0454545"
"2111313623","2187488439","0.0454545"
"2187488439","2111313623","0.0454545"
"2111313623","2188942575","0.0454545"
"2188942575","2111313623","0.0454545"
"2111313623","224439989","1.04545"
"224439989","2111313623","1.04545"
"2111313623","2295908047","0.295455"
"2295908047","2111313623","0.295455"
"2111313623","2916723970","0.0454545"
"2916723970","2111313623","0.0454545"
"2119119231","2120264533","0.156566"
"2120264533","2119119231","0.156566"
"2119119231","2124525949","0.0454545"
"2124525949","2119119231","0.0454545"
"2119119231","2187488439","0.0454545"
"2187488439","2119119231","0.0454545"
"2119119231","2188942575","0.0454545"
"2188942575","2119119231","0.0454545"
"2119119231","2916723970","0.0454545"
"2916723970","2119119231","0.0454545"
"2119953525","2120264533","1.25379"
"2120264533","2119953525","1.25379"
"2119953525","224439989","0.0454545"
"224439989","2119953525","0.0454545"
"2119953525","2295908047","1.24545"
"2295908047","2119953525","1.24545"
"2120264533","2124483996","0.156566"
"2124483996","2120264533","0.156566"
"2120264533","2124525949","0.0454545"
"2124525949","2120264533","0.0454545"
"2120264533","2134195052","1.03157"
"2134195052","2120264533","1.03157"
"2120264533","2147057843","0.0454545"
"2147057843","2120264533","0.0454545"
"2120264533","2168588781","0.156566"
"2168588781","2120264533","0.156566"
"2120264533","2181829939","0.156566"
"2181829939","2120264533","0.156566"
"2120264533","2187488439","0.0454545"
"2187488439","2120264533","0.0454545"
"2120264533","2188942575","0.0454545"
"2188942575","2120264533","0.0454545"
"2120264533","224439989","0.545455"
"224439989","2120264533","0.545455"
"2120264533","2295908047","0.995455"
"2295908047","2120264533","0.995455"
"2120264533","2916723970","0.0454545"
"2916723970","2120264533","0.0454545"
"2124483996","2147057843","0.145455"
"2147057843","2124483996","0.145455"
"2124525949","2134195052","0.0454545"
"2134195052","2124525949","0.0454545"
"2124525949","2147057843","0.0454545"
"2147057843","2124525949","0.0454545"
"2124525949","2168588781","0.0454545"
"2168588781","2124525949","0.0454545"
"2124525949","224439989","0.0454545"
"224439989","2124525949","0.0454545"
"2124525949","2295908047","0.0454545"
"2295908047","2124525949","0.0454545"
"2134195052","2147057843","0.864899"
"2147057843","2134195052","0.864899"
"2134195052","2187488439","0.0454545"
"2187488439","2134195052","0.0454545"
"2134195052","2188942575","0.420455"
"2188942575","2134195052","0.420455"
"2134195052","2916723970","0.420455"
"2916723970","2134195052","0.420455"
"2147057843","2181829939","0.378788"
"2181829939","2147057843","0.378788"
"2147057843","2187488439","0.0454545"
"2187488439","2147057843","0.0454545"
"2147057843","2188942575","0.313312"
"2188942575","2147057843","0.313312"
