"1495553750","1589259707","3.5"
"1589259707","1495553750","3.5"
"1495553750","2170840886","3"
"2170840886","1495553750","3"
"1495553750","2039532968","1"
"2039532968","1495553750","1"
"1495553750","2169151914","3.5"
"2169151914","1495553750","3.5"
"1589259707","2169151914","1.5"
"2169151914","1589259707","1.5"
"1511116334","2097880962","0.5"
"2097880962","1511116334","0.5"
"1511116334","2136716899","0.5"
"2136716899","1511116334","0.5"
"2097880962","2136716899","17.9125"
"2136716899","2097880962","17.9125"
"1511116334","2018312189","0.333333"
"2018312189","1511116334","0.333333"
"1511116334","2073540046","0.333333"
"2073540046","1511116334","0.333333"
"1511116334","2147320921","0.333333"
"2147320921","1511116334","0.333333"
"2018312189","2073540046","6.73056"
"2073540046","2018312189","6.73056"
"2018312189","2147320921","0.333333"
"2147320921","2018312189","0.333333"
"2073540046","2147320921","1.83333"
"2147320921","2073540046","1.83333"
"1511116334","2049236082","1"
"2049236082","1511116334","1"
"1511116334","2013112375","0.5"
"2013112375","1511116334","0.5"
"1511116334","2078752758","0.5"
"2078752758","1511116334","0.5"
"2013112375","2078752758","12.3667"
"2078752758","2013112375","12.3667"
"1578223324","1603729374","0.1"
"1603729374","1578223324","0.1"
"1578223324","2018312189","0.225"
"2018312189","1578223324","0.225"
"1578223324","2052279667","0.1"
"2052279667","1578223324","0.1"
"1578223324","2052720399","0.225"
"2052720399","1578223324","0.225"
"1578223324","2073540046","0.225"
"2073540046","1578223324","0.225"
"1578223324","2109056561","0.225"
"2109056561","1578223324","0.225"
"1578223324","2115405571","0.225"
"2115405571","1578223324","0.225"
"1578223324","2129750215","0.225"
"2129750215","1578223324","0.225"
"1578223324","2145966577","0.1"
"2145966577","1578223324","0.1"
"1578223324","2158779275","0.641667"
"2158779275","1578223324","0.641667"
"1603729374","2018312189","0.516667"
"2018312189","1603729374","0.516667"
"1603729374","2052279667","0.405556"
"2052279667","1603729374","0.405556"
"1603729374","2052720399","1.51667"
"2052720399","1603729374","1.51667"
"1603729374","2073540046","0.405556"
"2073540046","1603729374","0.405556"
"1603729374","2109056561","0.516667"
"2109056561","1603729374","0.516667"
"1603729374","2115405571","0.516667"
"2115405571","1603729374","0.516667"
"1603729374","2129750215","1.01667"
"2129750215","1603729374","1.01667"
"1603729374","2145966577","0.294444"
"2145966577","1603729374","0.294444"
"1603729374","2158779275","0.711111"
"2158779275","1603729374","0.711111"
"2018312189","2052279667","0.405556"
"2052279667","2018312189","0.405556"
"2018312189","2052720399","2.50833"
"2052720399","2018312189","2.50833"
"2018312189","2109056561","1.56726"
"2109056561","2018312189","1.56726"
"2018312189","2115405571","0.808333"
"2115405571","2018312189","0.808333"
"2018312189","2129750215","10.269"
"2129750215","2018312189","10.269"
"2018312189","2145966577","0.294444"
"2145966577","2018312189","0.294444"
"2018312189","2158779275","2.09131"
"2158779275","2018312189","2.09131"
"2052279667","2052720399","0.905556"
"2052720399","2052279667","0.905556"
"2052279667","2073540046","0.294444"
"2073540046","2052279667","0.294444"
"2052279667","2109056561","0.905556"
"2109056561","2052279667","0.905556"
"2052279667","2115405571","0.405556"
"2115405571","2052279667","0.405556"
"2052279667","2129750215","0.405556"
"2129750215","2052279667","0.405556"
"2052279667","2145966577","0.294444"
"2145966577","2052279667","0.294444"
"2052279667","2158779275","0.211111"
"2158779275","2052279667","0.211111"
"2052720399","2073540046","1.14722"
"2073540046","2052720399","1.14722"
"2052720399","2109056561","1.75833"
"2109056561","2052720399","1.75833"
"2052720399","2115405571","0.808333"
"2115405571","2052720399","0.808333"
"2052720399","2129750215","1.75833"
"2129750215","2052720399","1.75833"
"2052720399","2145966577","0.294444"
"2145966577","2052720399","0.294444"
"2052720399","2158779275","1.65278"
"2158779275","2052720399","1.65278"
"2073540046","2109056561","2.01389"
"2109056561","2073540046","2.01389"
"2073540046","2115405571","1.19722"
"2115405571","2073540046","1.19722"
"2073540046","2129750215","13.5139"
"2129750215","2073540046","13.5139"
"2073540046","2145966577","0.294444"
"2145966577","2073540046","0.294444"
"2073540046","2158779275","1.81944"
"2158779275","2073540046","1.81944"
"2109056561","2115405571","0.808333"
"2115405571","2109056561","0.808333"
"2109056561","2129750215","2.68393"
"2129750215","2109056561","2.68393"
"2109056561","2145966577","0.294444"
"2145966577","2109056561","0.294444"
"2109056561","2158779275","2.01587"
"2158779275","2109056561","2.01587"
"2115405571","2129750215","1.30833"
"2129750215","2115405571","1.30833"
"2115405571","2145966577","0.294444"
"2145966577","2115405571","0.294444"
"2115405571","2158779275","0.502778"
"2158779275","2115405571","0.502778"
"2129750215","2145966577","0.294444"
"2145966577","2129750215","0.294444"
"2129750215","2158779275","3.70797"
"2158779275","2129750215","3.70797"
"2145966577","2158779275","0.211111"
"2158779275","2145966577","0.211111"
"1578223324","2157103624","0.125"
"2157103624","1578223324","0.125"
"2018312189","2157103624","0.319444"
"2157103624","2018312189","0.319444"
"2052720399","2157103624","0.319444"
"2157103624","2052720399","0.319444"
"2073540046","2157103624","0.208333"
"2157103624","2073540046","0.208333"
"2109056561","2157103624","0.319444"
"2157103624","2109056561","0.319444"
"2115405571","2157103624","0.319444"
"2157103624","2115405571","0.319444"
"2129750215","2157103624","0.319444"
"2157103624","2129750215","0.319444"
"2157103624","2158779275","0.125"
"2158779275","2157103624","0.125"
"1578223324","958211961","4"
"958211961","1578223324","4"
"1578223324","2112064847","1.16667"
"2112064847","1578223324","1.16667"
"1578223324","2089326542","0.416667"
"2089326542","1578223324","0.416667"
"1578223324","2107293766","0.166667"
"2107293766","1578223324","0.166667"
"1578223324","2123020735","0.166667"
"2123020735","1578223324","0.166667"
"1578223324","2136716899","0.416667"
"2136716899","1578223324","0.416667"
"2089326542","2107293766","2.10146"
"2107293766","2089326542","2.10146"
"2089326542","2112064847","0.229167"
"2112064847","2089326542","0.229167"
"2089326542","2123020735","1.8836"
"2123020735","2089326542","1.8836"
"2089326542","2136716899","0.622024"
"2136716899","2089326542","0.622024"
"2089326542","2158779275","2.00519"
"2158779275","2089326542","2.00519"
"2107293766","2112064847","0.579167"
"2112064847","2107293766","0.579167"
"2107293766","2123020735","3.90785"
"2123020735","2107293766","3.90785"
"2107293766","2136716899","1.55536"
"2136716899","2107293766","1.55536"
"2107293766","2158779275","0.721861"
"2158779275","2107293766","0.721861"
"2112064847","2123020735","0.579167"
"2123020735","2112064847","0.579167"
"2112064847","2136716899","3.24583"
"2136716899","2112064847","3.24583"
"2112064847","2158779275","0.166667"
"2158779275","2112064847","0.166667"
"2123020735","2136716899","2.05536"
"2136716899","2123020735","2.05536"
"2123020735","2158779275","0.454004"
"2158779275","2123020735","0.454004"
"2136716899","2158779275","0.416667"
"2158779275","2136716899","0.416667"
"1578223324","2097880962","0.25"
"2097880962","1578223324","0.25"
"2089326542","2097880962","0.3125"
"2097880962","2089326542","0.3125"
"2097880962","2158779275","0.25"
"2158779275","2097880962","0.25"
"1584916681","2027763082","3.36667"
"2027763082","1584916681","3.36667"
"1584916681","2039532968","2.7"
"2039532968","1584916681","2.7"
"2027763082","2039532968","4.78333"
"2039532968","2027763082","4.78333"
"1584916681","2013112375","3.45"
"2013112375","1584916681","3.45"
"1584916681","2078752758","2.36667"
"2078752758","1584916681","2.36667"
"1584916681","2098895834","0.916667"
"2098895834","1584916681","0.916667"
"1584916681","2161787409","0.666667"
"2161787409","1584916681","0.666667"
"2013112375","2027763082","2.95"
"2027763082","2013112375","2.95"
"2013112375","2039532968","2.11667"
"2039532968","2013112375","2.11667"
"2013112375","2098895834","0.916667"
"2098895834","2013112375","0.916667"
"2013112375","2161787409","4.58333"
"2161787409","2013112375","4.58333"
"2027763082","2078752758","5.7"
"2078752758","2027763082","5.7"
"2027763082","2098895834","1.16667"
"2098895834","2027763082","1.16667"
"2027763082","2161787409","2.41667"
"2161787409","2027763082","2.41667"
"2039532968","2078752758","1.42619"
"2078752758","2039532968","1.42619"
"2039532968","2098895834","0.559524"
"2098895834","2039532968","0.559524"
"2039532968","2161787409","0.47619"
"2161787409","2039532968","0.47619"
"2078752758","2098895834","1.30952"
"2098895834","2078752758","1.30952"
"2078752758","2161787409","9.72619"
"2161787409","2078752758","9.72619"
"2098895834","2161787409","0.559524"
"2161787409","2098895834","0.559524"
"1584916681","2120436863","1.53333"
"2120436863","1584916681","1.53333"
"2013112375","2120436863","0.533333"
"2120436863","2013112375","0.533333"
"2027763082","2120436863","0.7"
"2120436863","2027763082","0.7"
"2039532968","2120436863","1.53333"
"2120436863","2039532968","1.53333"
"2078752758","2120436863","0.7"
"2120436863","2078752758","0.7"
"1587882401","1603729374","1"
"1603729374","1587882401","1"
"1587882401","1995074666","1.07143"
"1995074666","1587882401","1.07143"
"1587882401","2095661767","0.5"
"2095661767","1587882401","0.5"
"1587882401","2158051918","0.5"
"2158051918","1587882401","0.5"
"1603729374","1995074666","4.55952"
"1995074666","1603729374","4.55952"
"1603729374","2095661767","4.08333"
"2095661767","1603729374","4.08333"
"1603729374","2158051918","2.58333"
"2158051918","1603729374","2.58333"
"1995074666","2095661767","1.58333"
"2095661767","1995074666","1.58333"
"1995074666","2158051918","1.58333"
"2158051918","1995074666","1.58333"
"2095661767","2158051918","9"
"2158051918","2095661767","9"
"1587882401","2018312189","0.0714286"
"2018312189","1587882401","0.0714286"
"1587882401","2024651132","0.0714286"
"2024651132","1587882401","0.0714286"
"1587882401","2044163187","0.0714286"
"2044163187","1587882401","0.0714286"
"1587882401","2089326542","0.0714286"
"2089326542","1587882401","0.0714286"
"1587882401","2107293766","0.0714286"
"2107293766","1587882401","0.0714286"
"1587882401","2109056561","0.0714286"
"2109056561","1587882401","0.0714286"
"1587882401","2123020735","0.0714286"
"2123020735","1587882401","0.0714286"
"1587882401","2129750215","0.0714286"
"2129750215","1587882401","0.0714286"
"1587882401","2130825214","0.0714286"
"2130825214","1587882401","0.0714286"
"1587882401","2158779275","0.0714286"
"2158779275","1587882401","0.0714286"
"1587882401","2433194246","0.0714286"
"2433194246","1587882401","0.0714286"
"1587882401","2798277753","0.0714286"
"2798277753","1587882401","0.0714286"
"1587882401","958211961","0.0714286"
"958211961","1587882401","0.0714286"
"1995074666","2018312189","0.196429"
"2018312189","1995074666","0.196429"
"1995074666","2024651132","0.0714286"
"2024651132","1995074666","0.0714286"
"1995074666","2044163187","0.0714286"
"2044163187","1995074666","0.0714286"
"1995074666","2089326542","0.339286"
"2089326542","1995074666","0.339286"
"1995074666","2107293766","0.339286"
"2107293766","1995074666","0.339286"
"1995074666","2109056561","0.196429"
"2109056561","1995074666","0.196429"
"1995074666","2123020735","0.214286"
"2123020735","1995074666","0.214286"
"1995074666","2129750215","0.196429"
"2129750215","1995074666","0.196429"
"1995074666","2130825214","0.339286"
"2130825214","1995074666","0.339286"
"1995074666","2158779275","0.196429"
"2158779275","1995074666","0.196429"
"1995074666","2433194246","0.0714286"
"2433194246","1995074666","0.0714286"
"1995074666","2798277753","0.196429"
"2798277753","1995074666","0.196429"
"1995074666","958211961","0.0714286"
"958211961","1995074666","0.0714286"
"2018312189","2024651132","1.36221"
"2024651132","2018312189","1.36221"
"2018312189","2044163187","3.00507"
"2044163187","2018312189","3.00507"
"2018312189","2089326542","2.79194"
"2089326542","2018312189","2.79194"
"2018312189","2107293766","1.64951"
"2107293766","2018312189","1.64951"
"2018312189","2123020735","1.18166"
"2123020735","2018312189","1.18166"
"2018312189","2130825214","1.74277"
"2130825214","2018312189","1.74277"
"2018312189","2433194246","0.489358"
"2433194246","2018312189","0.489358"
"2018312189","2798277753","1.24396"
"2798277753","2018312189","1.24396"
"2018312189","958211961","0.265873"
"958211961","2018312189","0.265873"
"2024651132","2044163187","18.0289"
"2044163187","2024651132","18.0289"
"2024651132","2089326542","0.837969"
"2089326542","2024651132","0.837969"
"2024651132","2107293766","0.806656"
"2107293766","2024651132","0.806656"
"2024651132","2109056561","0.678373"
"2109056561","2024651132","0.678373"
"2024651132","2123020735","0.606656"
"2123020735","2024651132","0.606656"
"2024651132","2129750215","1.36221"
"2129750215","2024651132","1.36221"
"2024651132","2130825214","0.617767"
"2130825214","2024651132","0.617767"
"2024651132","2158779275","0.162338"
"2158779275","2024651132","0.162338"
"2024651132","2433194246","0.864358"
"2433194246","2024651132","0.864358"
"2024651132","2798277753","1.3511"
"2798277753","2024651132","1.3511"
"2024651132","958211961","0.0714286"
"958211961","2024651132","0.0714286"
"2044163187","2089326542","0.980826"
"2089326542","2044163187","0.980826"
"2044163187","2107293766","0.949513"
"2107293766","2044163187","0.949513"
"2044163187","2109056561","0.678373"
"2109056561","2044163187","0.678373"
"2044163187","2123020735","0.606656"
"2123020735","2044163187","0.606656"
"2044163187","2129750215","2.00507"
"2129750215","2044163187","2.00507"
"2044163187","2130825214","0.617767"
"2130825214","2044163187","0.617767"
"2044163187","2158779275","0.305195"
"2158779275","2044163187","0.305195"
"2044163187","2433194246","0.864358"
"2433194246","2044163187","0.864358"
"2044163187","2798277753","1.49396"
"2798277753","2044163187","1.49396"
"2044163187","958211961","0.0714286"
"958211961","2044163187","0.0714286"
"2089326542","2109056561","0.864484"
"2109056561","2089326542","0.864484"
"2089326542","2129750215","3.04194"
"2129750215","2089326542","3.04194"
"2089326542","2130825214","0.994715"
"2130825214","2089326542","0.994715"
"2089326542","2433194246","0.981782"
"2433194246","2089326542","0.981782"
"2089326542","2798277753","1.60305"
"2798277753","2089326542","1.60305"
"2089326542","958211961","0.465873"
"958211961","2089326542","0.465873"
"2107293766","2109056561","0.558929"
"2109056561","2107293766","0.558929"
"2107293766","2129750215","1.89951"
"2129750215","2107293766","1.89951"
"2107293766","2130825214","1.02451"
"2130825214","2107293766","1.02451"
"2107293766","2433194246","0.96158"
"2433194246","2107293766","0.96158"
"2107293766","2798277753","1.04951"
"2798277753","2107293766","1.04951"
"2107293766","958211961","0.0714286"
"958211961","2107293766","0.0714286"
"2109056561","2123020735","0.433929"
"2123020735","2109056561","0.433929"
"2109056561","2130825214","0.358929"
"2130825214","2109056561","0.358929"
"2109056561","2433194246","0.0714286"
"2433194246","2109056561","0.0714286"
"2109056561","2798277753","0.592262"
"2798277753","2109056561","0.592262"
"2109056561","958211961","0.265873"
"958211961","2109056561","0.265873"
"2123020735","2129750215","1.18166"
"2129750215","2123020735","1.18166"
"2123020735","2130825214","0.649513"
"2130825214","2123020735","0.649513"
"2123020735","2433194246","0.71158"
"2433194246","2123020735","0.71158"
"2123020735","2798277753","0.531656"
"2798277753","2123020735","0.531656"
"2123020735","958211961","0.0714286"
"958211961","2123020735","0.0714286"
"2129750215","2130825214","0.742767"
"2130825214","2129750215","0.742767"
"2129750215","2433194246","0.739358"
"2433194246","2129750215","0.739358"
"2129750215","2798277753","1.49396"
"2798277753","2129750215","1.49396"
"2129750215","958211961","0.265873"
"958211961","2129750215","0.265873"
"2130825214","2158779275","0.487338"
"2158779275","2130825214","0.487338"
"2130825214","2433194246","0.364358"
"2433194246","2130825214","0.364358"
"2130825214","2798277753","0.842767"
"2798277753","2130825214","0.842767"
"2130825214","958211961","0.271429"
"958211961","2130825214","0.271429"
"2158779275","2433194246","0.196429"
"2433194246","2158779275","0.196429"
"2158779275","2798277753","0.755195"
"2798277753","2158779275","0.755195"
"2158779275","958211961","0.271429"
"958211961","2158779275","0.271429"
"2433194246","2798277753","0.739358"
"2798277753","2433194246","0.739358"
"2433194246","958211961","0.0714286"
"958211961","2433194246","0.0714286"
"2798277753","958211961","0.271429"
"958211961","2798277753","0.271429"
"1603729374","2135503940","0.75"
"2135503940","1603729374","0.75"
"1995074666","2135503940","0.75"
"2135503940","1995074666","0.75"
"2095661767","2135503940","1.25"
"2135503940","2095661767","1.25"
"2135503940","2158051918","1.25"
"2158051918","2135503940","1.25"
"1603729374","1905517305","0.892857"
"1905517305","1603729374","0.892857"
"1603729374","2171034893","1.22619"
"2171034893","1603729374","1.22619"
"1905517305","2171034893","5.89286"
"2171034893","1905517305","5.89286"
"1603729374","958211961","0.694444"
"958211961","1603729374","0.694444"
"2095661767","958211961","0.5"
"958211961","2095661767","0.5"
"1603729374","1967208734","0.25"
"1967208734","1603729374","0.25"
"1603729374","2112912553","0.25"
"2112912553","1603729374","0.25"
"1905517305","1967208734","2.08333"
"1967208734","1905517305","2.08333"
"1905517305","2112912553","1.58333"
"2112912553","1905517305","1.58333"
"1967208734","2112912553","19.4292"
"2112912553","1967208734","19.4292"
"1967208734","2171034893","0.25"
"2171034893","1967208734","0.25"
"2112912553","2171034893","0.25"
"2171034893","2112912553","0.25"
"1603729374","2089326542","0.305556"
"2089326542","1603729374","0.305556"
"1603729374","2157103624","0.194444"
"2157103624","1603729374","0.194444"
"2052279667","2089326542","0.194444"
"2089326542","2052279667","0.194444"
"2052279667","2157103624","0.194444"
"2157103624","2052279667","0.194444"
"2052279667","958211961","0.194444"
"958211961","2052279667","0.194444"
"2052720399","2089326542","1.00556"
"2089326542","2052720399","1.00556"
"2052720399","958211961","1.39444"
"958211961","2052720399","1.39444"
"2089326542","2115405571","0.305556"
"2115405571","2089326542","0.305556"
"2089326542","2157103624","0.194444"
"2157103624","2089326542","0.194444"
"2115405571","958211961","0.194444"
"958211961","2115405571","0.194444"
"2157103624","958211961","0.194444"
"958211961","2157103624","0.194444"
"1603729374","2100235843","0.47619"
"2100235843","1603729374","0.47619"
"1603729374","2112064847","0.142857"
"2112064847","1603729374","0.142857"
"1603729374","2147320921","0.142857"
"2147320921","1603729374","0.142857"
"1603729374","2210479044","0.142857"
"2210479044","1603729374","0.142857"
"1905517305","1995074666","0.142857"
"1995074666","1905517305","0.142857"
"1905517305","2100235843","1.47619"
"2100235843","1905517305","1.47619"
"1905517305","2112064847","0.142857"
"2112064847","1905517305","0.142857"
"1905517305","2147320921","1.14286"
"2147320921","1905517305","1.14286"
"1905517305","2210479044","0.142857"
"2210479044","1905517305","0.142857"
"1995074666","2100235843","0.47619"
"2100235843","1995074666","0.47619"
"1995074666","2112064847","0.142857"
"2112064847","1995074666","0.142857"
"1995074666","2147320921","0.142857"
"2147320921","1995074666","0.142857"
"1995074666","2171034893","0.47619"
"2171034893","1995074666","0.47619"
"1995074666","2210479044","0.142857"
"2210479044","1995074666","0.142857"
"2100235843","2112064847","0.142857"
"2112064847","2100235843","0.142857"
"2100235843","2147320921","0.142857"
"2147320921","2100235843","0.142857"
"2100235843","2171034893","0.47619"
"2171034893","2100235843","0.47619"
"2100235843","2210479044","0.142857"
"2210479044","2100235843","0.142857"
"2112064847","2147320921","0.142857"
"2147320921","2112064847","0.142857"
"2112064847","2171034893","0.392857"
"2171034893","2112064847","0.392857"
"2112064847","2210479044","0.142857"
"2210479044","2112064847","0.142857"
"2147320921","2171034893","0.142857"
"2171034893","2147320921","0.142857"
"2147320921","2210479044","0.142857"
"2210479044","2147320921","0.142857"
"2171034893","2210479044","0.142857"
"2210479044","2171034893","0.142857"
"1603729374","2980716463","0.0833333"
"2980716463","1603729374","0.0833333"
"2018312189","2980716463","0.285354"
"2980716463","2018312189","0.285354"
"2052279667","2980716463","0.0833333"
"2980716463","2052279667","0.0833333"
"2052720399","2980716463","0.0833333"
"2980716463","2052720399","0.0833333"
"2073540046","2089326542","0.194444"
"2089326542","2073540046","0.194444"
"2073540046","2980716463","0.0833333"
"2980716463","2073540046","0.0833333"
"2073540046","958211961","0.0833333"
"958211961","2073540046","0.0833333"
"2089326542","2145966577","0.22619"
"2145966577","2089326542","0.22619"
"2089326542","2980716463","0.194444"
"2980716463","2089326542","0.194444"
"2109056561","2980716463","0.0833333"
"2980716463","2109056561","0.0833333"
"2115405571","2980716463","0.0833333"
"2980716463","2115405571","0.0833333"
"2129750215","2980716463","0.285354"
"2980716463","2129750215","0.285354"
"2145966577","2157103624","0.0833333"
"2157103624","2145966577","0.0833333"
"2145966577","2980716463","0.0833333"
"2980716463","2145966577","0.0833333"
"2145966577","958211961","0.0833333"
"958211961","2145966577","0.0833333"
"2157103624","2980716463","0.0833333"
"2980716463","2157103624","0.0833333"
"2980716463","958211961","0.0833333"
"958211961","2980716463","0.0833333"
"1603729374","2024651132","0.111111"
"2024651132","1603729374","0.111111"
"1603729374","2044163187","0.111111"
"2044163187","1603729374","0.111111"
"2024651132","2052720399","0.111111"
"2052720399","2024651132","0.111111"
"2024651132","2073540046","0.111111"
"2073540046","2024651132","0.111111"
"2024651132","2115405571","0.111111"
"2115405571","2024651132","0.111111"
"2044163187","2052720399","0.111111"
"2052720399","2044163187","0.111111"
"2044163187","2073540046","0.111111"
"2073540046","2044163187","0.111111"
"2044163187","2115405571","0.111111"
"2115405571","2044163187","0.111111"
"181950591","2108061273","3"
"2108061273","181950591","3"
"181950591","2015159801","1"
"2015159801","181950591","1"
"181950591","2039532968","0.142857"
"2039532968","181950591","0.142857"
"181950591","2051228475","0.142857"
"2051228475","181950591","0.142857"
"181950591","2060579849","0.142857"
"2060579849","181950591","0.142857"
"181950591","2078752758","0.142857"
"2078752758","181950591","0.142857"
"181950591","2098895834","0.142857"
"2098895834","181950591","0.142857"
"181950591","2116879341","0.142857"
"2116879341","181950591","0.142857"
"181950591","2161787409","0.142857"
"2161787409","181950591","0.142857"
"2039532968","2051228475","0.309524"
"2051228475","2039532968","0.309524"
"2039532968","2060579849","0.142857"
"2060579849","2039532968","0.142857"
"2039532968","2116879341","1.80952"
"2116879341","2039532968","1.80952"
"2051228475","2060579849","1.80952"
"2060579849","2051228475","1.80952"
"2051228475","2078752758","2.05952"
"2078752758","2051228475","2.05952"
"2051228475","2098895834","0.142857"
"2098895834","2051228475","0.142857"
"2051228475","2116879341","1.22619"
"2116879341","2051228475","1.22619"
"2051228475","2161787409","2.55952"
"2161787409","2051228475","2.55952"
"2060579849","2078752758","1.39286"
"2078752758","2060579849","1.39286"
"2060579849","2098895834","0.142857"
"2098895834","2060579849","0.142857"
"2060579849","2116879341","2.05952"
"2116879341","2060579849","2.05952"
"2060579849","2161787409","1.39286"
"2161787409","2060579849","1.39286"
"2078752758","2116879341","2.55952"
"2116879341","2078752758","2.55952"
"2098895834","2116879341","0.142857"
"2116879341","2098895834","0.142857"
"2116879341","2161787409","1.72619"
"2161787409","2116879341","1.72619"
"1905517305","2097880962","2.5"
"2097880962","1905517305","2.5"
"1905517305","2136716899","4"
"2136716899","1905517305","4"
"1967208734","2136716899","2.4125"
"2136716899","1967208734","2.4125"
"1967208734","2100235843","0.333333"
"2100235843","1967208734","0.333333"
"2100235843","2112912553","0.333333"
"2112912553","2100235843","0.333333"
"1905517305","2615528297","1"
"2615528297","1905517305","1"
"1967208734","2112064847","2.07917"
"2112064847","1967208734","2.07917"
"2112064847","2112912553","1.8125"
"2112912553","2112064847","1.8125"
"1967208734","2024651132","0.6625"
"2024651132","1967208734","0.6625"
"1967208734","2044163187","0.6625"
"2044163187","1967208734","0.6625"
"1967208734","2404900000","0.333333"
"2404900000","1967208734","0.333333"
"2112912553","2136716899","0.645833"
"2136716899","2112912553","0.645833"
"2112912553","2404900000","0.333333"
"2404900000","2112912553","0.333333"
"2136716899","2404900000","0.333333"
"2404900000","2136716899","0.333333"
"1967208734","2095661767","0.333333"
"2095661767","1967208734","0.333333"
"1967208734","2154449382","0.333333"
"2154449382","1967208734","0.333333"
"1967208734","2158051918","0.333333"
"2158051918","1967208734","0.333333"
"2095661767","2154449382","0.333333"
"2154449382","2095661767","0.333333"
"2154449382","2158051918","0.333333"
"2158051918","2154449382","0.333333"
"1967208734","2116879341","2"
"2116879341","1967208734","2"
"1967208734","2073540046","0.2"
"2073540046","1967208734","0.2"
"1967208734","2109056561","0.2625"
"2109056561","1967208734","0.2625"
"1967208734","2129750215","0.3625"
"2129750215","1967208734","0.3625"
"1967208734","2158779275","0.2"
"2158779275","1967208734","0.2"
"2073540046","2112912553","0.2"
"2112912553","2073540046","0.2"
"2109056561","2112912553","0.2625"
"2112912553","2109056561","0.2625"
"2112912553","2129750215","0.2625"
"2129750215","2112912553","0.2625"
"2112912553","2158779275","0.2"
"2158779275","2112912553","0.2"
"1967208734","2097880962","1.57917"
"2097880962","1967208734","1.57917"
"2097880962","2112064847","4.32917"
"2112064847","2097880962","4.32917"
"2097880962","2112912553","0.3125"
"2112912553","2097880962","0.3125"
"1967208734","2018312189","0.1625"
"2018312189","1967208734","0.1625"
"1967208734","2107293766","0.1625"
"2107293766","1967208734","0.1625"
"1967208734","2123020735","0.1625"
"2123020735","1967208734","0.1625"
"1967208734","2167847032","0.1625"
"2167847032","1967208734","0.1625"
"2018312189","2097880962","0.1625"
"2097880962","2018312189","0.1625"
"2018312189","2112064847","0.1625"
"2112064847","2018312189","0.1625"
"2018312189","2136716899","0.1625"
"2136716899","2018312189","0.1625"
"2018312189","2167847032","0.910227"
"2167847032","2018312189","0.910227"
"2024651132","2097880962","0.1625"
"2097880962","2024651132","0.1625"
"2024651132","2112064847","0.1625"
"2112064847","2024651132","0.1625"
"2024651132","2136716899","0.1625"
"2136716899","2024651132","0.1625"
"2024651132","2167847032","0.535227"
"2167847032","2024651132","0.535227"
"2044163187","2097880962","0.1625"
"2097880962","2044163187","0.1625"
"2044163187","2112064847","0.1625"
"2112064847","2044163187","0.1625"
"2044163187","2136716899","0.1625"
"2136716899","2044163187","0.1625"
"2044163187","2167847032","0.535227"
"2167847032","2044163187","0.535227"
"2097880962","2107293766","0.745833"
"2107293766","2097880962","0.745833"
"2097880962","2123020735","1.24583"
"2123020735","2097880962","1.24583"
"2097880962","2129750215","0.1625"
"2129750215","2097880962","0.1625"
"2097880962","2167847032","0.1625"
"2167847032","2097880962","0.1625"
"2107293766","2167847032","1.05308"
"2167847032","2107293766","1.05308"
"2112064847","2129750215","0.1625"
"2129750215","2112064847","0.1625"
"2112064847","2167847032","0.1625"
"2167847032","2112064847","0.1625"
"2123020735","2167847032","1.55308"
"2167847032","2123020735","1.55308"
"2129750215","2136716899","0.1625"
"2136716899","2129750215","0.1625"
"2129750215","2167847032","0.910227"
"2167847032","2129750215","0.910227"
"2136716899","2167847032","0.305357"
"2167847032","2136716899","0.305357"
"1967208734","2089326542","0.0625"
"2089326542","1967208734","0.0625"
"1967208734","2130825214","0.0625"
"2130825214","1967208734","0.0625"
"1967208734","2151930506","0.0625"
"2151930506","1967208734","0.0625"
"1967208734","2798277753","0.0625"
"2798277753","1967208734","0.0625"
"2018312189","2112912553","0.0625"
"2112912553","2018312189","0.0625"
"2018312189","2151930506","0.689196"
"2151930506","2018312189","0.689196"
"2024651132","2112912553","0.0625"
"2112912553","2024651132","0.0625"
"2024651132","2151930506","1.04634"
"2151930506","2024651132","1.04634"
"2044163187","2112912553","0.0625"
"2112912553","2044163187","0.0625"
"2044163187","2151930506","1.1892"
"2151930506","2044163187","1.1892"
"2089326542","2112912553","0.0625"
"2112912553","2089326542","0.0625"
"2089326542","2151930506","0.598286"
"2151930506","2089326542","0.598286"
"2089326542","2167847032","1.11218"
"2167847032","2089326542","1.11218"
"2097880962","2109056561","0.0625"
"2109056561","2097880962","0.0625"
"2097880962","2130825214","0.0625"
"2130825214","2097880962","0.0625"
"2097880962","2151930506","0.0625"
"2151930506","2097880962","0.0625"
"2097880962","2798277753","0.0625"
"2798277753","2097880962","0.0625"
"2107293766","2112912553","0.0625"
"2112912553","2107293766","0.0625"
"2107293766","2151930506","0.578084"
"2151930506","2107293766","0.578084"
"2109056561","2112064847","0.0625"
"2112064847","2109056561","0.0625"
"2109056561","2136716899","0.0625"
"2136716899","2109056561","0.0625"
"2109056561","2151930506","0.1625"
"2151930506","2109056561","0.1625"
"2109056561","2167847032","0.1625"
"2167847032","2109056561","0.1625"
"2112064847","2130825214","0.0625"
"2130825214","2112064847","0.0625"
"2112064847","2151930506","0.0625"
"2151930506","2112064847","0.0625"
"2112064847","2798277753","0.3125"
"2798277753","2112064847","0.3125"
"2112912553","2123020735","0.0625"
"2123020735","2112912553","0.0625"
"2112912553","2130825214","0.0625"
"2130825214","2112912553","0.0625"
"2112912553","2151930506","0.0625"
"2151930506","2112912553","0.0625"
"2112912553","2167847032","0.0625"
"2167847032","2112912553","0.0625"
"2112912553","2798277753","0.0625"
"2798277753","2112912553","0.0625"
"2123020735","2151930506","0.435227"
"2151930506","2123020735","0.435227"
"2129750215","2151930506","0.689196"
"2151930506","2129750215","0.689196"
"2130825214","2136716899","0.205357"
"2136716899","2130825214","0.205357"
"2130825214","2151930506","0.546338"
"2151930506","2130825214","0.546338"
"2130825214","2167847032","1.57808"
"2167847032","2130825214","1.57808"
"2136716899","2151930506","0.0625"
"2151930506","2136716899","0.0625"
"2136716899","2798277753","0.3125"
"2798277753","2136716899","0.3125"
"2151930506","2167847032","0.435227"
"2167847032","2151930506","0.435227"
"2151930506","2798277753","0.589196"
"2798277753","2151930506","0.589196"
"2167847032","2798277753","0.460227"
"2798277753","2167847032","0.460227"
"1970660119","2210479044","1.75"
"2210479044","1970660119","1.75"
"1970660119","2615528297","1.41667"
"2615528297","1970660119","1.41667"
"2210479044","2615528297","1.25"
"2615528297","2210479044","1.25"
"1970660119","2097745829","0.25"
"2097745829","1970660119","0.25"
"1970660119","2265297126","0.583333"
"2265297126","1970660119","0.583333"
"2097745829","2210479044","1.58333"
"2210479044","2097745829","1.58333"
"2097745829","2265297126","3.41667"
"2265297126","2097745829","3.41667"
"2097745829","2615528297","0.75"
"2615528297","2097745829","0.75"
"2210479044","2265297126","1.08333"
"2265297126","2210479044","1.08333"
"2265297126","2615528297","0.583333"
"2615528297","2265297126","0.583333"
"1970660119","2980716463","0.666667"
"2980716463","1970660119","0.666667"
"2265297126","2980716463","0.333333"
"2980716463","2265297126","0.333333"
"2615528297","2980716463","0.666667"
"2980716463","2615528297","0.666667"
"1970660119","2782815351","0.333333"
"2782815351","1970660119","0.333333"
"2615528297","2782815351","0.333333"
"2782815351","2615528297","0.333333"
"2782815351","2980716463","0.333333"
"2980716463","2782815351","0.333333"
"1984979859","2097745829","3.66667"
"2097745829","1984979859","3.66667"
"1984979859","2169262681","0.333333"
"2169262681","1984979859","0.333333"
"1984979859","2265297126","1.16667"
"2265297126","1984979859","1.16667"
"2097745829","2169262681","0.333333"
"2169262681","2097745829","0.333333"
"2169262681","2265297126","0.333333"
"2265297126","2169262681","0.333333"
"1984979859","2210479044","1.33333"
"2210479044","1984979859","1.33333"
"1984979859","2798277753","0.5"
"2798277753","1984979859","0.5"
"2097745829","2798277753","0.5"
"2798277753","2097745829","0.5"
"1995074666","2136716899","0.142857"
"2136716899","1995074666","0.142857"
"1995074666","2145966577","0.142857"
"2145966577","1995074666","0.142857"
"1995074666","2167847032","0.142857"
"2167847032","1995074666","0.142857"
"2107293766","2145966577","0.142857"
"2145966577","2107293766","0.142857"
"2123020735","2145966577","0.142857"
"2145966577","2123020735","0.142857"
"2130825214","2145966577","0.142857"
"2145966577","2130825214","0.142857"
"2136716899","2145966577","0.142857"
"2145966577","2136716899","0.142857"
"2145966577","2167847032","0.142857"
"2167847032","2145966577","0.142857"
"2013112375","2051228475","1.16667"
"2051228475","2013112375","1.16667"
"2013112375","2116879341","6.66667"
"2116879341","2013112375","6.66667"
"2013112375","2060579849","0.75"
"2060579849","2013112375","0.75"
"2027763082","2051228475","0.333333"
"2051228475","2027763082","0.333333"
"2027763082","2060579849","0.166667"
"2060579849","2027763082","0.166667"
"2027763082","2116879341","2.41667"
"2116879341","2027763082","2.41667"
"2151930506","2158779275","0.233766"
"2158779275","2151930506","0.233766"
"2158779275","2167847032","0.215909"
"2167847032","2158779275","0.215909"
"2024651132","2980716463","0.20202"
"2980716463","2024651132","0.20202"
"2044163187","2980716463","0.20202"
"2980716463","2044163187","0.20202"
"2107293766","2980716463","0.0909091"
"2980716463","2107293766","0.0909091"
"2123020735","2980716463","0.0909091"
"2980716463","2123020735","0.0909091"
"2130825214","2980716463","0.20202"
"2980716463","2130825214","0.20202"
"2151930506","2433194246","0.292929"
"2433194246","2151930506","0.292929"
"2151930506","2980716463","0.20202"
"2980716463","2151930506","0.20202"
"2167847032","2433194246","0.306818"
"2433194246","2167847032","0.306818"
"2167847032","2980716463","0.0909091"
"2980716463","2167847032","0.0909091"
"2433194246","2980716463","0.20202"
"2980716463","2433194246","0.20202"
"2798277753","2980716463","11.202"
"2980716463","2798277753","11.202"
"2024651132","2095661767","0.333333"
"2095661767","2024651132","0.333333"
"2024651132","2158051918","0.333333"
"2158051918","2024651132","0.333333"
"2044163187","2095661767","0.333333"
"2095661767","2044163187","0.333333"
"2044163187","2158051918","0.333333"
"2158051918","2044163187","0.333333"
"2027763082","2171034893","1"
"2171034893","2027763082","1"
"2027763082","2112064847","0.5"
"2112064847","2027763082","0.5"
"2027763082","2112912553","0.5"
"2112912553","2027763082","0.5"
"2039532968","2043508455","1"
"2043508455","2039532968","1"
"2040818482","2112509895","1"
"2112509895","2040818482","1"
"2049236082","2124350652","7.83333"
"2124350652","2049236082","7.83333"
"2049236082","2154449382","1.83333"
"2154449382","2049236082","1.83333"
"2124350652","2154449382","0.833333"
"2154449382","2124350652","0.833333"
"2049236082","2782815351","0.333333"
"2782815351","2049236082","0.333333"
"2124350652","2782815351","0.333333"
"2782815351","2124350652","0.333333"
"2154449382","2782815351","0.833333"
"2782815351","2154449382","0.833333"
"2051228475","2147320921","1"
"2147320921","2051228475","1"
"2051228475","2169262681","0.25"
"2169262681","2051228475","0.25"
"2078752758","2169262681","0.25"
"2169262681","2078752758","0.25"
"2116879341","2169262681","0.25"
"2169262681","2116879341","0.25"
"2161787409","2169262681","0.25"
"2169262681","2161787409","0.25"
"2052720399","2404900000","1"
"2404900000","2052720399","1"
"2052720399","2130825214","0.2"
"2130825214","2052720399","0.2"
"2052720399","2798277753","0.2"
"2798277753","2052720399","0.2"
"2129750215","2147320921","0.5"
"2147320921","2129750215","0.5"
"2078752758","2108061273","0.5"
"2108061273","2078752758","0.5"
"2108061273","2161787409","0.5"
"2161787409","2108061273","0.5"
"2087134511","2095661767","0.25"
"2095661767","2087134511","0.25"
"2087134511","2107293766","0.25"
"2107293766","2087134511","0.25"
"2087134511","2130825214","0.25"
"2130825214","2087134511","0.25"
"2087134511","2158051918","0.25"
"2158051918","2087134511","0.25"
"2095661767","2107293766","0.25"
"2107293766","2095661767","0.25"
"2095661767","2130825214","0.25"
"2130825214","2095661767","0.25"
"2107293766","2158051918","0.25"
"2158051918","2107293766","0.25"
"2130825214","2158051918","0.25"
"2158051918","2130825214","0.25"
"2097745829","2151930506","3.5"
"2151930506","2097745829","3.5"
"2151930506","2265297126","0.5"
"2265297126","2151930506","0.5"
"2097880962","2433194246","0.5"
"2433194246","2097880962","0.5"
"2136716899","2433194246","0.5"
"2433194246","2136716899","0.5"
"2097880962","2145966577","0.5"
"2145966577","2097880962","0.5"
"2112064847","2145966577","0.5"
"2145966577","2112064847","0.5"
"2097880962","2108061273","1.5"
"2108061273","2097880962","1.5"
"2097880962","2980716463","0.5"
"2980716463","2097880962","0.5"
"2136716899","2980716463","0.5"
"2980716463","2136716899","0.5"
"2108061273","2136716899","0.5"
"2136716899","2108061273","0.5"
"2107293766","2171034893","1"
"2171034893","2107293766","1"
"2112064847","2154449382","0.25"
"2154449382","2112064847","0.25"
"2136716899","2154449382","0.25"
"2154449382","2136716899","0.25"
"2136716899","2171034893","0.25"
"2171034893","2136716899","0.25"
"2154449382","2171034893","2.25"
"2171034893","2154449382","2.25"
"2154449382","2798277753","0.25"
"2798277753","2154449382","0.25"
"2171034893","2798277753","0.25"
"2798277753","2171034893","0.25"
"2135503940","2147320921","1"
"2147320921","2135503940","1"
"2147320921","2154449382","0.5"
"2154449382","2147320921","0.5"
"2147320921","2782815351","0.5"
"2782815351","2147320921","0.5"
"2151930506","2171034893","1"
"2171034893","2151930506","1"
"2170798490","2302109632","13"
"2302109632","2170798490","13"
"2776794852","2798277753","0.333333"
"2798277753","2776794852","0.333333"
"2776794852","2912129787","0.333333"
"2912129787","2776794852","0.333333"
"2776794852","2913770413","0.333333"
"2913770413","2776794852","0.333333"
"2798277753","2912129787","0.333333"
"2912129787","2798277753","0.333333"
"2798277753","2913770413","0.333333"
"2913770413","2798277753","0.333333"
"2912129787","2913770413","0.333333"
"2913770413","2912129787","0.333333"
