"100284314","1479727723","0.0277778"
"1479727723","100284314","0.0277778"
"100284314","1484070758","0.0277778"
"1484070758","100284314","0.0277778"
"100284314","1495005665","0.0277778"
"1495005665","100284314","0.0277778"
"100284314","1523937092","0.0277778"
"1523937092","100284314","0.0277778"
"100284314","1541815793","0.0277778"
"1541815793","100284314","0.0277778"
"100284314","1567641778","0.0277778"
"1567641778","100284314","0.0277778"
"100284314","1595823987","0.0277778"
"1595823987","100284314","0.0277778"
"100284314","1607604777","0.0277778"
"1607604777","100284314","0.0277778"
"100284314","1902090230","0.0277778"
"1902090230","100284314","0.0277778"
"100284314","1967465096","0.0277778"
"1967465096","100284314","0.0277778"
"100284314","1970959042","0.527778"
"1970959042","100284314","0.527778"
"100284314","1988160630","0.0277778"
"1988160630","100284314","0.0277778"
"100284314","1991808165","0.0277778"
"1991808165","100284314","0.0277778"
"100284314","2006658471","0.0277778"
"2006658471","100284314","0.0277778"
"100284314","2008023154","0.0277778"
"2008023154","100284314","0.0277778"
"100284314","2013587512","0.0277778"
"2013587512","100284314","0.0277778"
"100284314","2018233779","0.361111"
"2018233779","100284314","0.361111"
"100284314","2020182563","0.0277778"
"2020182563","100284314","0.0277778"
"100284314","2031454682","0.0277778"
"2031454682","100284314","0.0277778"
"100284314","2054640944","0.0277778"
"2054640944","100284314","0.0277778"
"100284314","2066348923","1.19444"
"2066348923","100284314","1.19444"
"100284314","2070567333","0.194444"
"2070567333","100284314","0.194444"
"100284314","2077625710","0.0277778"
"2077625710","100284314","0.0277778"
"100284314","2081025867","0.0277778"
"2081025867","100284314","0.0277778"
"100284314","2101969086","0.0277778"
"2101969086","100284314","0.0277778"
"100284314","2105776892","0.0277778"
"2105776892","100284314","0.0277778"
"100284314","2108615062","0.361111"
"2108615062","100284314","0.361111"
"100284314","2131064753","0.0277778"
"2131064753","100284314","0.0277778"
"100284314","2138455069","0.0277778"
"2138455069","100284314","0.0277778"
"100284314","2140452754","0.0277778"
"2140452754","100284314","0.0277778"
"100284314","2146230369","0.0277778"
"2146230369","100284314","0.0277778"
"100284314","2147923182","0.0277778"
"2147923182","100284314","0.0277778"
"100284314","2157134433","0.0277778"
"2157134433","100284314","0.0277778"
"100284314","2188778440","0.0277778"
"2188778440","100284314","0.0277778"
"100284314","225325518","0.0277778"
"225325518","100284314","0.0277778"
"100284314","2933331543","0.0277778"
"2933331543","100284314","0.0277778"
"1479727723","1484070758","0.0277778"
"1484070758","1479727723","0.0277778"
"1479727723","1495005665","0.0277778"
"1495005665","1479727723","0.0277778"
"1479727723","1523937092","0.0277778"
"1523937092","1479727723","0.0277778"
"1479727723","1541815793","0.376641"
"1541815793","1479727723","0.376641"
"1479727723","1567641778","5.76041"
"1567641778","1479727723","5.76041"
"1479727723","1595823987","0.0902778"
"1595823987","1479727723","0.0902778"
"1479727723","1607604777","0.0732323"
"1607604777","1479727723","0.0732323"
"1479727723","1902090230","0.0902778"
"1902090230","1479727723","0.0902778"
"1479727723","1967465096","0.0732323"
"1967465096","1479727723","0.0732323"
"1479727723","1970959042","0.0732323"
"1970959042","1479727723","0.0732323"
"1479727723","1988160630","0.376641"
"1988160630","1479727723","0.376641"
"1479727723","1991808165","0.0277778"
"1991808165","1479727723","0.0277778"
"1479727723","2006658471","0.173232"
"2006658471","1479727723","0.173232"
"1479727723","2008023154","0.0277778"
"2008023154","1479727723","0.0277778"
"1479727723","2013587512","0.226641"
"2013587512","1479727723","0.226641"
"1479727723","2018233779","0.0277778"
"2018233779","1479727723","0.0277778"
"1479727723","2020182563","0.185732"
"2020182563","1479727723","0.185732"
"1479727723","2031454682","0.185732"
"2031454682","1479727723","0.185732"
"1479727723","2054640944","0.276641"
"2054640944","1479727723","0.276641"
"1479727723","2066348923","0.140278"
"2066348923","1479727723","0.140278"
"1479727723","2070567333","0.123232"
"2070567333","1479727723","0.123232"
"1479727723","2077625710","0.0902778"
"2077625710","1479727723","0.0902778"
"1479727723","2081025867","0.0277778"
"2081025867","1479727723","0.0277778"
"1479727723","2101969086","0.164141"
"2101969086","1479727723","0.164141"
"1479727723","2105776892","0.0277778"
"2105776892","1479727723","0.0277778"
"1479727723","2108615062","0.0277778"
"2108615062","1479727723","0.0277778"
"1479727723","2131064753","0.331187"
"2131064753","1479727723","0.331187"
"1479727723","2138455069","0.0277778"
"2138455069","1479727723","0.0277778"
"1479727723","2140452754","0.173232"
"2140452754","1479727723","0.173232"
"1479727723","2146230369","0.177778"
"2146230369","1479727723","0.177778"
"1479727723","2147923182","0.376641"
"2147923182","1479727723","0.376641"
"1479727723","2157134433","0.0277778"
"2157134433","1479727723","0.0277778"
"1479727723","2188778440","0.0277778"
"2188778440","1479727723","0.0277778"
"1479727723","225325518","0.376641"
"225325518","1479727723","0.376641"
"1479727723","2933331543","0.0277778"
"2933331543","1479727723","0.0277778"
"1484070758","1495005665","0.437302"
"1495005665","1484070758","0.437302"
"1484070758","1523937092","0.0277778"
"1523937092","1484070758","0.0277778"
"1484070758","1541815793","1.20397"
"1541815793","1484070758","1.20397"
"1484070758","1567641778","0.0277778"
"1567641778","1484070758","0.0277778"
"1484070758","1595823987","0.0277778"
"1595823987","1484070758","0.0277778"
"1484070758","1607604777","0.0277778"
"1607604777","1484070758","0.0277778"
"1484070758","1902090230","0.0277778"
"1902090230","1484070758","0.0277778"
"1484070758","1967465096","0.0277778"
"1967465096","1484070758","0.0277778"
"1484070758","1970959042","0.561111"
"1970959042","1484070758","0.561111"
"1484070758","1988160630","0.294444"
"1988160630","1484070758","0.294444"
"1484070758","1991808165","0.0277778"
"1991808165","1484070758","0.0277778"
"1484070758","2006658471","0.0277778"
"2006658471","1484070758","0.0277778"
"1484070758","2008023154","0.0277778"
"2008023154","1484070758","0.0277778"
"1484070758","2013587512","0.694444"
"2013587512","1484070758","0.694444"
"1484070758","2018233779","0.0277778"
"2018233779","1484070758","0.0277778"
"1484070758","2020182563","0.0277778"
"2020182563","1484070758","0.0277778"
"1484070758","2031454682","0.0277778"
"2031454682","1484070758","0.0277778"
"1484070758","2054640944","0.127778"
"2054640944","1484070758","0.127778"
"1484070758","2066348923","0.494444"
"2066348923","1484070758","0.494444"
"1484070758","2070567333","0.170635"
"2070567333","1484070758","0.170635"
"1484070758","2077625710","0.0277778"
"2077625710","1484070758","0.0277778"
"1484070758","2081025867","0.0277778"
"2081025867","1484070758","0.0277778"
"1484070758","2101969086","0.337302"
"2101969086","1484070758","0.337302"
"1484070758","2105776892","0.0277778"
"2105776892","1484070758","0.0277778"
"1484070758","2108615062","0.0277778"
"2108615062","1484070758","0.0277778"
"1484070758","2131064753","1.30397"
"2131064753","1484070758","1.30397"
"1484070758","2138455069","0.0277778"
"2138455069","1484070758","0.0277778"
"1484070758","2140452754","0.0277778"
"2140452754","1484070758","0.0277778"
"1484070758","2146230369","0.0277778"
"2146230369","1484070758","0.0277778"
"1484070758","2147923182","0.127778"
"2147923182","1484070758","0.127778"
"1484070758","2157134433","0.127778"
"2157134433","1484070758","0.127778"
"1484070758","2188778440","0.0277778"
"2188778440","1484070758","0.0277778"
"1484070758","225325518","0.437302"
"225325518","1484070758","0.437302"
"1484070758","2933331543","0.0277778"
"2933331543","1484070758","0.0277778"
"1495005665","1523937092","0.0277778"
"1523937092","1495005665","0.0277778"
"1495005665","1541815793","3.16422"
"1541815793","1495005665","3.16422"
"1495005665","1567641778","0.0277778"
"1567641778","1495005665","0.0277778"
"1495005665","1595823987","0.527778"
"1595823987","1495005665","0.527778"
"1495005665","1607604777","0.0277778"
"1607604777","1495005665","0.0277778"
"1495005665","1902090230","0.0277778"
"1902090230","1495005665","0.0277778"
"1495005665","1967465096","0.0277778"
"1967465096","1495005665","0.0277778"
"1495005665","1970959042","0.104701"
"1970959042","1495005665","0.104701"
"1495005665","1988160630","0.371368"
"1988160630","1495005665","0.371368"
"1495005665","1991808165","0.0277778"
"1991808165","1495005665","0.0277778"
"1495005665","2006658471","0.104701"
"2006658471","1495005665","0.104701"
"1495005665","2008023154","0.0277778"
"2008023154","1495005665","0.0277778"
"1495005665","2013587512","0.194444"
"2013587512","1495005665","0.194444"
"1495005665","2018233779","2.67778"
"2018233779","1495005665","2.67778"
"1495005665","2020182563","1.1047"
"2020182563","1495005665","1.1047"
"1495005665","2031454682","0.104701"
"2031454682","1495005665","0.104701"
"1495005665","2054640944","0.204701"
"2054640944","1495005665","0.204701"
"1495005665","2066348923","0.294444"
"2066348923","1495005665","0.294444"
"1495005665","2070567333","0.170635"
"2070567333","1495005665","0.170635"
"1495005665","2077625710","0.527778"
"2077625710","1495005665","0.527778"
"1495005665","2081025867","0.0277778"
"2081025867","1495005665","0.0277778"
"1495005665","2101969086","0.337302"
"2101969086","1495005665","0.337302"
"1495005665","2105776892","0.0277778"
"2105776892","1495005665","0.0277778"
"1495005665","2108615062","1.94444"
"2108615062","1495005665","1.94444"
"1495005665","2131064753","0.347558"
"2131064753","1495005665","0.347558"
"1495005665","2138455069","0.0277778"
"2138455069","1495005665","0.0277778"
"1495005665","2140452754","0.104701"
"2140452754","1495005665","0.104701"
"1495005665","2146230369","0.104701"
"2146230369","1495005665","0.104701"
"1495005665","2147923182","0.127778"
"2147923182","1495005665","0.127778"
"1495005665","2157134433","11.4444"
"2157134433","1495005665","11.4444"
"1495005665","2188778440","0.0277778"
"2188778440","1495005665","0.0277778"
"1495005665","225325518","0.514225"
"225325518","1495005665","0.514225"
"1495005665","2933331543","0.0277778"
"2933331543","1495005665","0.0277778"
"1523937092","1541815793","0.0677778"
"1541815793","1523937092","0.0677778"
"1523937092","1567641778","0.0277778"
"1567641778","1523937092","0.0277778"
"1523937092","1595823987","0.0677778"
"1595823987","1523937092","0.0677778"
"1523937092","1607604777","5.59556"
"1607604777","1523937092","5.59556"
"1523937092","1902090230","0.0677778"
"1902090230","1523937092","0.0677778"
"1523937092","1967465096","0.394701"
"1967465096","1523937092","0.394701"
"1523937092","1970959042","0.0677778"
"1970959042","1523937092","0.0677778"
"1523937092","1988160630","0.144701"
"1988160630","1523937092","0.144701"
"1523937092","1991808165","0.0677778"
"1991808165","1523937092","0.0677778"
"1523937092","2006658471","0.0677778"
"2006658471","1523937092","0.0677778"
"1523937092","2008023154","0.595556"
"2008023154","1523937092","0.595556"
"1523937092","2013587512","0.304701"
"2013587512","1523937092","0.304701"
"1523937092","2018233779","0.388889"
"2018233779","1523937092","0.388889"
"1523937092","2020182563","0.0677778"
"2020182563","1523937092","0.0677778"
"1523937092","2031454682","0.104701"
"2031454682","1523937092","0.104701"
"1523937092","2054640944","0.0277778"
"2054640944","1523937092","0.0277778"
"1523937092","2066348923","0.0677778"
"2066348923","1523937092","0.0677778"
"1523937092","2070567333","0.0277778"
"2070567333","1523937092","0.0277778"
"1523937092","2077625710","0.0677778"
"2077625710","1523937092","0.0677778"
"1523937092","2081025867","0.0277778"
"2081025867","1523937092","0.0277778"
"1523937092","2101969086","0.229701"
"2101969086","1523937092","0.229701"
"1523937092","2105776892","0.0277778"
"2105776892","1523937092","0.0277778"
"1523937092","2108615062","0.430556"
"2108615062","1523937092","0.430556"
"1523937092","2131064753","0.0677778"
"2131064753","1523937092","0.0677778"
"1523937092","2138455069","0.340812"
"2138455069","1523937092","0.340812"
"1523937092","2140452754","0.394701"
"2140452754","1523937092","0.394701"
"1523937092","2146230369","0.0677778"
"2146230369","1523937092","0.0677778"
"1523937092","2147923182","0.0677778"
"2147923182","1523937092","0.0677778"
"1523937092","2157134433","0.0277778"
"2157134433","1523937092","0.0277778"
"1523937092","2188778440","0.0277778"
"2188778440","1523937092","0.0277778"
"1523937092","225325518","0.144701"
"225325518","1523937092","0.144701"
"1523937092","2933331543","0.0277778"
"2933331543","1523937092","0.0277778"
"1541815793","1567641778","0.276641"
"1567641778","1541815793","0.276641"
"1541815793","1595823987","0.471187"
"1595823987","1541815793","0.471187"
"1541815793","1607604777","0.256089"
"1607604777","1541815793","0.256089"
"1541815793","1902090230","0.359444"
"1902090230","1541815793","0.359444"
"1541815793","1967465096","2.02081"
"1967465096","1541815793","2.02081"
"1541815793","1970959042","5.31218"
"1970959042","1541815793","5.31218"
"1541815793","1988160630","3.39281"
"1988160630","1541815793","3.39281"
"1541815793","1991808165","0.0677778"
"1991808165","1541815793","0.0677778"
"1541815793","2006658471","0.526898"
"2006658471","1541815793","0.526898"
"1541815793","2008023154","0.0677778"
"2008023154","1541815793","0.0677778"
"1541815793","2013587512","2.15997"
"2013587512","1541815793","2.15997"
"1541815793","2018233779","1.27778"
"2018233779","1541815793","1.27778"
"1541815793","2020182563","0.445513"
"2020182563","1541815793","0.445513"
"1541815793","2031454682","0.499398"
"2031454682","1541815793","0.499398"
"1541815793","2054640944","0.527807"
"2054640944","1541815793","0.527807"
"1541815793","2066348923","0.938611"
"2066348923","1541815793","0.938611"
"1541815793","2070567333","2.11533"
"2070567333","1541815793","2.11533"
"1541815793","2077625710","0.471187"
"2077625710","1541815793","0.471187"
"1541815793","2081025867","0.0277778"
"2081025867","1541815793","0.0277778"
"1541815793","2101969086","0.906999"
"2101969086","1541815793","0.906999"
"1541815793","2105776892","1.15278"
"2105776892","1541815793","1.15278"
"1541815793","2108615062","1.94444"
"2108615062","1541815793","1.94444"
"1541815793","2131064753","13.3922"
"2131064753","1541815793","13.3922"
"1541815793","2138455069","0.0902778"
"2138455069","1541815793","0.0902778"
"1541815793","2140452754","0.776898"
"2140452754","1541815793","0.776898"
"1541815793","2146230369","0.607201"
"2146230369","1541815793","0.607201"
"1541815793","2147923182","0.829141"
"2147923182","1541815793","0.829141"
"1541815793","2157134433","1.94444"
"2157134433","1541815793","1.94444"
"1541815793","2188778440","0.0277778"
"2188778440","1541815793","0.0277778"
"1541815793","225325518","3.869"
"225325518","1541815793","3.869"
"1541815793","2933331543","0.0277778"
"2933331543","1541815793","0.0277778"
"1567641778","1595823987","0.0902778"
"1595823987","1567641778","0.0902778"
"1567641778","1607604777","0.0732323"
"1607604777","1567641778","0.0732323"
"1567641778","1902090230","0.0902778"
"1902090230","1567641778","0.0902778"
"1567641778","1967465096","0.0732323"
"1967465096","1567641778","0.0732323"
"1567641778","1970959042","0.0732323"
"1970959042","1567641778","0.0732323"
"1567641778","1988160630","0.419499"
"1988160630","1567641778","0.419499"
"1567641778","1991808165","0.0277778"
"1991808165","1567641778","0.0277778"
"1567641778","2006658471","0.0732323"
"2006658471","1567641778","0.0732323"
"1567641778","2008023154","0.0277778"
"2008023154","1567641778","0.0277778"
"1567641778","2013587512","0.226641"
"2013587512","1567641778","0.226641"
"1567641778","2018233779","0.0277778"
"2018233779","1567641778","0.0277778"
"1567641778","2020182563","0.328589"
"2020182563","1567641778","0.328589"
"1567641778","2031454682","0.328589"
"2031454682","1567641778","0.328589"
"1567641778","2054640944","0.419499"
"2054640944","1567641778","0.419499"
"1567641778","2066348923","0.140278"
"2066348923","1567641778","0.140278"
"1567641778","2070567333","0.123232"
"2070567333","1567641778","0.123232"
"1567641778","2077625710","0.0902778"
"2077625710","1567641778","0.0902778"
"1567641778","2081025867","0.0277778"
"2081025867","1567641778","0.0277778"
"1567641778","2101969086","0.164141"
"2101969086","1567641778","0.164141"
"1567641778","2105776892","0.0277778"
"2105776892","1567641778","0.0277778"
"1567641778","2108615062","0.0277778"
"2108615062","1567641778","0.0277778"
"1567641778","2131064753","0.231187"
"2131064753","1567641778","0.231187"
"1567641778","2138455069","0.0277778"
"2138455069","1567641778","0.0277778"
"1567641778","2140452754","0.0732323"
"2140452754","1567641778","0.0732323"
"1567641778","2146230369","0.0777778"
"2146230369","1567641778","0.0777778"
"1567641778","2147923182","0.276641"
"2147923182","1567641778","0.276641"
"1567641778","2157134433","0.0277778"
"2157134433","1567641778","0.0277778"
"1567641778","2188778440","0.0277778"
"2188778440","1567641778","0.0277778"
"1567641778","225325518","0.276641"
"225325518","1567641778","0.276641"
"1567641778","2933331543","0.0277778"
"2933331543","1567641778","0.0277778"
"1595823987","1607604777","0.0677778"
"1607604777","1595823987","0.0677778"
"1595823987","1902090230","0.296944"
"1902090230","1595823987","0.296944"
"1595823987","1967465096","0.408687"
"1967465096","1595823987","0.408687"
"1595823987","1970959042","0.0677778"
"1970959042","1595823987","0.0677778"
"1595823987","1988160630","0.55452"
"1988160630","1595823987","0.55452"
"1595823987","1991808165","0.0677778"
"1991808165","1595823987","0.0677778"
"1595823987","2006658471","0.69202"
"2006658471","1595823987","0.69202"
"1595823987","2008023154","0.0677778"
"2008023154","1595823987","0.0677778"
"1595823987","2013587512","0.0902778"
"2013587512","1595823987","0.0902778"
"1595823987","2018233779","0.0277778"
"2018233779","1595823987","0.0277778"
"1595823987","2020182563","0.491389"
"2020182563","1595823987","0.491389"
"1595823987","2031454682","0.458965"
"2031454682","1595823987","0.458965"
"1595823987","2054640944","0.71452"
"2054640944","1595823987","0.71452"
"1595823987","2066348923","0.241389"
"2066348923","1595823987","0.241389"
"1595823987","2070567333","0.313131"
"2070567333","1595823987","0.313131"
"1595823987","2077625710","10.7823"
"2077625710","1595823987","10.7823"
"1595823987","2081025867","0.638889"
"2081025867","1595823987","0.638889"
"1595823987","2101969086","0.0277778"
"2101969086","1595823987","0.0277778"
"1595823987","2105776892","0.0277778"
"2105776892","1595823987","0.0277778"
"1595823987","2108615062","0.0277778"
"2108615062","1595823987","0.0277778"
"1595823987","2131064753","0.463611"
"2131064753","1595823987","0.463611"
"1595823987","2138455069","0.0277778"
"2138455069","1595823987","0.0277778"
"1595823987","2140452754","0.49202"
"2140452754","1595823987","0.49202"
"1595823987","2146230369","0.517778"
"2146230369","1595823987","0.517778"
"1595823987","2147923182","0.213611"
"2147923182","1595823987","0.213611"
"1595823987","2157134433","0.0277778"
"2157134433","1595823987","0.0277778"
"1595823987","2188778440","0.0277778"
"2188778440","1595823987","0.0277778"
"1595823987","225325518","0.55452"
"225325518","1595823987","0.55452"
"1595823987","2933331543","0.0277778"
"2933331543","1595823987","0.0277778"
"1607604777","1902090230","0.0677778"
"1902090230","1607604777","0.0677778"
"1607604777","1967465096","0.113232"
"1967465096","1607604777","0.113232"
"1607604777","1970959042","0.256089"
"1970959042","1607604777","0.256089"
"1607604777","1988160630","0.113232"
"1988160630","1607604777","0.113232"
"1607604777","1991808165","0.0677778"
"1991808165","1607604777","0.0677778"
"1607604777","2006658471","0.113232"
"2006658471","1607604777","0.113232"
"1607604777","2008023154","0.720556"
"2008023154","1607604777","0.720556"
"1607604777","2013587512","0.0732323"
"2013587512","1607604777","0.0732323"
"1607604777","2018233779","0.388889"
"2018233779","1607604777","0.388889"
"1607604777","2020182563","0.256089"
"2020182563","1607604777","0.256089"
"1607604777","2031454682","0.0732323"
"2031454682","1607604777","0.0732323"
"1607604777","2054640944","0.173232"
"2054640944","1607604777","0.173232"
"1607604777","2066348923","0.0677778"
"2066348923","1607604777","0.0677778"
"1607604777","2070567333","0.0732323"
"2070567333","1607604777","0.0732323"
"1607604777","2077625710","0.0677778"
"2077625710","1607604777","0.0677778"
"1607604777","2081025867","0.127778"
"2081025867","1607604777","0.127778"
"1607604777","2101969086","0.198232"
"2101969086","1607604777","0.198232"
"1607604777","2105776892","0.0277778"
"2105776892","1607604777","0.0277778"
"1607604777","2108615062","0.430556"
"2108615062","1607604777","0.430556"
"1607604777","2131064753","0.210635"
"2131064753","1607604777","0.210635"
"1607604777","2138455069","0.555556"
"2138455069","1607604777","0.555556"
"1607604777","2140452754","0.213232"
"2140452754","1607604777","0.213232"
"1607604777","2146230369","0.0677778"
"2146230369","1607604777","0.0677778"
"1607604777","2147923182","0.113232"
"2147923182","1607604777","0.113232"
"1607604777","2157134433","0.0277778"
"2157134433","1607604777","0.0277778"
"1607604777","2188778440","0.0277778"
"2188778440","1607604777","0.0277778"
"1607604777","225325518","0.113232"
"225325518","1607604777","0.113232"
"1607604777","2933331543","0.0277778"
"2933331543","1607604777","0.0277778"
"1902090230","1967465096","0.0677778"
"1967465096","1902090230","0.0677778"
"1902090230","1970959042","0.130278"
"1970959042","1902090230","0.130278"
"1902090230","1988160630","0.470556"
"1988160630","1902090230","0.470556"
"1902090230","1991808165","0.0677778"
"1991808165","1902090230","0.0677778"
"1902090230","2006658471","0.130278"
"2006658471","1902090230","0.130278"
"1902090230","2008023154","0.0677778"
"2008023154","1902090230","0.0677778"
"1902090230","2013587512","0.201389"
"2013587512","1902090230","0.201389"
"1902090230","2018233779","0.0277778"
"2018233779","1902090230","0.0277778"
"1902090230","2020182563","0.717579"
"2020182563","1902090230","0.717579"
"1902090230","2031454682","0.263889"
"2031454682","1902090230","0.263889"
"1902090230","2054640944","0.201389"
"2054640944","1902090230","0.201389"
"1902090230","2066348923","3.10944"
"2066348923","1902090230","3.10944"
"1902090230","2070567333","0.623611"
"2070567333","1902090230","0.623611"
"1902090230","2077625710","1.29694"
"2077625710","1902090230","1.29694"
"1902090230","2081025867","0.503968"
"2081025867","1902090230","0.503968"
"1902090230","2101969086","0.0277778"
"2101969086","1902090230","0.0277778"
"1902090230","2105776892","0.233135"
"2105776892","1902090230","0.233135"
"1902090230","2108615062","0.0277778"
"2108615062","1902090230","0.0277778"
"1902090230","2131064753","0.359444"
"2131064753","1902090230","0.359444"
"1902090230","2138455069","0.0277778"
"2138455069","1902090230","0.0277778"
"1902090230","2140452754","0.130278"
"2140452754","1902090230","0.130278"
"1902090230","2146230369","0.130278"
"2146230369","1902090230","0.130278"
"1902090230","2147923182","0.192778"
"2147923182","1902090230","0.192778"
"1902090230","2157134433","0.0277778"
"2157134433","1902090230","0.0277778"
"1902090230","2188778440","0.0277778"
"2188778440","1902090230","0.0277778"
"1902090230","225325518","0.470556"
"225325518","1902090230","0.470556"
"1902090230","2933331543","0.0277778"
"2933331543","1902090230","0.0277778"
"1967465096","1970959042","0.113232"
"1970959042","1967465096","0.113232"
"1967465096","1988160630","1.83583"
"1988160630","1967465096","1.83583"
"1967465096","1991808165","0.0677778"
"1991808165","1967465096","0.0677778"
"1967465096","2006658471","0.27557"
"2006658471","1967465096","0.27557"
"1967465096","2008023154","0.0677778"
"2008023154","1967465096","0.0677778"
"1967465096","2013587512","1.40016"
"2013587512","1967465096","1.40016"
"1967465096","2018233779","0.0277778"
"2018233779","1967465096","0.0277778"
"1967465096","2020182563","0.434661"
"2020182563","1967465096","0.434661"
"1967465096","2031454682","0.312493"
"2031454682","1967465096","0.312493"
"1967465096","2054640944","2.10224"
"2054640944","1967465096","2.10224"
"1967465096","2066348923","1.13921"
"2066348923","1967465096","1.13921"
"1967465096","2070567333","0.364141"
"2070567333","1967465096","0.364141"
"1967465096","2077625710","0.408687"
"2077625710","1967465096","0.408687"
"1967465096","2081025867","0.0277778"
"2081025867","1967465096","0.0277778"
"1967465096","2101969086","0.221584"
"2101969086","1967465096","0.221584"
"1967465096","2105776892","0.0277778"
"2105776892","1967465096","0.0277778"
"1967465096","2108615062","0.0277778"
"2108615062","1967465096","0.0277778"
"1967465096","2131064753","0.267778"
"2131064753","1967465096","0.267778"
"1967465096","2138455069","0.104701"
"2138455069","1967465096","0.104701"
"1967465096","2140452754","0.602493"
"2140452754","1967465096","0.602493"
"1967465096","2146230369","0.0677778"
"2146230369","1967465096","0.0677778"
"1967465096","2147923182","0.184661"
"2147923182","1967465096","0.184661"
"1967465096","2157134433","0.0277778"
"2157134433","1967465096","0.0277778"
"1967465096","2188778440","0.111111"
"2188778440","1967465096","0.111111"
"1967465096","225325518","2.09773"
"225325518","1967465096","2.09773"
"1967465096","2933331543","0.0277778"
"2933331543","1967465096","0.0277778"
"1970959042","1988160630","0.452655"
"1988160630","1970959042","0.452655"
"1970959042","1991808165","0.0677778"
"1991808165","1970959042","0.0677778"
"1970959042","2006658471","0.252655"
"2006658471","1970959042","0.252655"
"1970959042","2008023154","0.0677778"
"2008023154","1970959042","0.0677778"
"1970959042","2013587512","0.173232"
"2013587512","1970959042","0.173232"
"1970959042","2018233779","0.0277778"
"2018233779","1970959042","0.0277778"
"1970959042","2020182563","0.333013"
"2020182563","1970959042","0.333013"
"1970959042","2031454682","0.212655"
"2031454682","1970959042","0.212655"
"1970959042","2054640944","0.150155"
"2054640944","1970959042","0.150155"
"1970959042","2066348923","0.763611"
"2066348923","1970959042","0.763611"
"1970959042","2070567333","0.235732"
"2070567333","1970959042","0.235732"
"1970959042","2077625710","0.0677778"
"2077625710","1970959042","0.0677778"
"1970959042","2081025867","0.0277778"
"2081025867","1970959042","0.0277778"
"1970959042","2101969086","0.423232"
"2101969086","1970959042","0.423232"
"1970959042","2105776892","0.0902778"
"2105776892","1970959042","0.0902778"
"1970959042","2108615062","0.0277778"
"2108615062","1970959042","0.0277778"
"1970959042","2131064753","3.26672"
"2131064753","1970959042","3.26672"
"1970959042","2138455069","0.0277778"
"2138455069","1970959042","0.0277778"
"1970959042","2140452754","0.252655"
"2140452754","1970959042","0.252655"
"1970959042","2146230369","0.707201"
"2146230369","1970959042","0.707201"
"1970959042","2147923182","0.275732"
"2147923182","1970959042","0.275732"
"1970959042","2157134433","0.0277778"
"2157134433","1970959042","0.0277778"
"1970959042","2188778440","0.0277778"
"2188778440","1970959042","0.0277778"
"1970959042","225325518","0.702655"
"225325518","1970959042","0.702655"
"1970959042","2933331543","0.0277778"
"2933331543","1970959042","0.0277778"
"1988160630","1991808165","0.0677778"
"1991808165","1988160630","0.0677778"
"1988160630","2006658471","2.19833"
"2006658471","1988160630","2.19833"
"1988160630","2008023154","0.0677778"
"2008023154","1988160630","0.0677778"
"1988160630","2013587512","0.748009"
"2013587512","1988160630","0.748009"
"1988160630","2018233779","0.0277778"
"2018233779","1988160630","0.0277778"
"1988160630","2020182563","0.913767"
"2020182563","1988160630","0.913767"
"1988160630","2031454682","1.44457"
"2031454682","1988160630","1.44457"
"1988160630","2054640944","3.19606"
"2054640944","1988160630","3.19606"
"1988160630","2066348923","2.1779"
"2066348923","1988160630","2.1779"
"1988160630","2070567333","1.082"
"2070567333","1988160630","1.082"
"1988160630","2077625710","0.65452"
"2077625710","1988160630","0.65452"
"1988160630","2081025867","1.25635"
"2081025867","1988160630","1.25635"
"1988160630","2101969086","0.645826"
"2101969086","1988160630","0.645826"
"1988160630","2105776892","0.487302"
"2105776892","1988160630","0.487302"
"1988160630","2108615062","0.0277778"
"2108615062","1988160630","0.0277778"
"1988160630","2131064753","3.15644"
"2131064753","1988160630","3.15644"
"1988160630","2138455069","0.167201"
"2138455069","1988160630","0.167201"
"1988160630","2140452754","2.35858"
"2140452754","1988160630","2.35858"
"1988160630","2146230369","0.790534"
"2146230369","1988160630","0.790534"
"1988160630","2147923182","0.967237"
"2147923182","1988160630","0.967237"
"1988160630","2157134433","0.127778"
"2157134433","1988160630","0.127778"
"1988160630","2188778440","0.303968"
"2188778440","1988160630","0.303968"
"1988160630","225325518","20.6082"
"225325518","1988160630","20.6082"
"1988160630","2933331543","0.127778"
"2933331543","1988160630","0.127778"
"1991808165","2006658471","0.0677778"
"2006658471","1991808165","0.0677778"
"1991808165","2008023154","0.0677778"
"2008023154","1991808165","0.0677778"
"1991808165","2013587512","0.361111"
"2013587512","1991808165","0.361111"
"1991808165","2018233779","0.0277778"
"2018233779","1991808165","0.0277778"
"1991808165","2020182563","0.0677778"
"2020182563","1991808165","0.0677778"
"1991808165","2031454682","0.0277778"
"2031454682","1991808165","0.0277778"
"1991808165","2054640944","0.0277778"
"2054640944","1991808165","0.0277778"
"1991808165","2066348923","0.0677778"
"2066348923","1991808165","0.0677778"
"1991808165","2070567333","0.0277778"
"2070567333","1991808165","0.0277778"
"1991808165","2077625710","0.0677778"
"2077625710","1991808165","0.0677778"
"1991808165","2081025867","0.0277778"
"2081025867","1991808165","0.0277778"
"1991808165","2101969086","0.0277778"
"2101969086","1991808165","0.0277778"
"1991808165","2105776892","0.0277778"
"2105776892","1991808165","0.0277778"
"1991808165","2108615062","0.0277778"
"2108615062","1991808165","0.0277778"
"1991808165","2131064753","0.0677778"
"2131064753","1991808165","0.0677778"
"1991808165","2138455069","0.0277778"
"2138455069","1991808165","0.0277778"
"1991808165","2140452754","0.0677778"
"2140452754","1991808165","0.0677778"
"1991808165","2146230369","0.0677778"
"2146230369","1991808165","0.0677778"
"1991808165","2147923182","0.0677778"
"2147923182","1991808165","0.0677778"
"1991808165","2157134433","0.0277778"
"2157134433","1991808165","0.0277778"
"1991808165","2188778440","0.0277778"
"2188778440","1991808165","0.0277778"
"1991808165","225325518","0.0677778"
"225325518","1991808165","0.0677778"
"1991808165","2933331543","0.0277778"
"2933331543","1991808165","0.0277778"
"2006658471","2008023154","0.0677778"
"2008023154","2006658471","0.0677778"
"2006658471","2013587512","0.0732323"
"2013587512","2006658471","0.0732323"
"2006658471","2018233779","0.0277778"
"2018233779","2006658471","0.0277778"
"2006658471","2020182563","1.26158"
"2020182563","2006658471","1.26158"
"2006658471","2031454682","0.54166"
"2031454682","2006658471","0.54166"
"2006658471","2054640944","5.14583"
"2054640944","2006658471","5.14583"
"2006658471","2066348923","0.368373"
"2066348923","2006658471","0.368373"
"2006658471","2070567333","2.40997"
"2070567333","2006658471","2.40997"
"2006658471","2077625710","0.79202"
"2077625710","2006658471","0.79202"
"2006658471","2081025867","0.627778"
"2081025867","2006658471","0.627778"
"2006658471","2101969086","0.144661"
"2101969086","2006658471","0.144661"
"2006658471","2105776892","3.69028"
"2105776892","2006658471","3.69028"
"2006658471","2108615062","0.0277778"
"2108615062","2006658471","0.0277778"
"2006658471","2131064753","0.473868"
"2131064753","2006658471","0.473868"
"2006658471","2138455069","0.0277778"
"2138455069","2006658471","0.0277778"
"2006658471","2140452754","3.03166"
"2140452754","2006658471","3.03166"
"2006658471","2146230369","6.3072"
"2146230369","2006658471","6.3072"
"2006658471","2147923182","1.73049"
"2147923182","2006658471","1.73049"
"2006658471","2157134433","0.0277778"
"2157134433","2006658471","0.0277778"
"2006658471","2188778440","0.0277778"
"2188778440","2006658471","0.0277778"
"2006658471","225325518","1.96023"
"225325518","2006658471","1.96023"
"2006658471","2933331543","0.127778"
"2933331543","2006658471","0.127778"
"2008023154","2013587512","0.0277778"
"2013587512","2008023154","0.0277778"
"2008023154","2018233779","0.388889"
"2018233779","2008023154","0.388889"
"2008023154","2020182563","0.0677778"
"2020182563","2008023154","0.0677778"
"2008023154","2031454682","0.0277778"
"2031454682","2008023154","0.0277778"
"2008023154","2054640944","0.0277778"
"2054640944","2008023154","0.0277778"
"2008023154","2066348923","0.0677778"
"2066348923","2008023154","0.0677778"
"2008023154","2070567333","0.0277778"
"2070567333","2008023154","0.0277778"
"2008023154","2077625710","0.0677778"
"2077625710","2008023154","0.0677778"
"2008023154","2081025867","0.0277778"
"2081025867","2008023154","0.0277778"
"2008023154","2101969086","0.152778"
"2101969086","2008023154","0.152778"
"2008023154","2105776892","0.0277778"
"2105776892","2008023154","0.0277778"
"2008023154","2108615062","0.430556"
"2108615062","2008023154","0.430556"
"2008023154","2131064753","0.0677778"
"2131064753","2008023154","0.0677778"
"2008023154","2138455069","0.388889"
"2138455069","2008023154","0.388889"
"2008023154","2140452754","0.0677778"
"2140452754","2008023154","0.0677778"
"2008023154","2146230369","0.0677778"
"2146230369","2008023154","0.0677778"
"2008023154","2147923182","0.0677778"
"2147923182","2008023154","0.0677778"
"2008023154","2157134433","0.0277778"
"2157134433","2008023154","0.0277778"
"2008023154","2188778440","0.0277778"
"2188778440","2008023154","0.0277778"
"2008023154","225325518","0.0677778"
"225325518","2008023154","0.0677778"
"2008023154","2933331543","0.0277778"
"2933331543","2008023154","0.0277778"
"2013587512","2018233779","0.0277778"
"2018233779","2013587512","0.0277778"
"2013587512","2020182563","0.246843"
"2020182563","2013587512","0.246843"
"2013587512","2031454682","0.323766"
"2031454682","2013587512","0.323766"
"2013587512","2054640944","0.337753"
"2054640944","2013587512","0.337753"
"2013587512","2066348923","1.85694"
"2066348923","2013587512","1.85694"
"2013587512","2070567333","0.173232"
"2070567333","2013587512","0.173232"
"2013587512","2077625710","0.0902778"
"2077625710","2013587512","0.0902778"
"2013587512","2081025867","0.0277778"
"2081025867","2013587512","0.0277778"
"2013587512","2101969086","2.00773"
"2101969086","2013587512","2.00773"
"2013587512","2105776892","0.0277778"
"2105776892","2013587512","0.0277778"
"2013587512","2108615062","0.0277778"
"2108615062","2013587512","0.0277778"
"2013587512","2131064753","2.11452"
"2131064753","2013587512","2.11452"
"2013587512","2138455069","0.438034"
"2138455069","2013587512","0.438034"
"2013587512","2140452754","0.150155"
"2140452754","2013587512","0.150155"
"2013587512","2146230369","0.0277778"
"2146230369","2013587512","0.0277778"
"2013587512","2147923182","0.493308"
"2147923182","2013587512","0.493308"
"2013587512","2157134433","0.0277778"
"2157134433","2013587512","0.0277778"
"2013587512","2188778440","0.0277778"
"2188778440","2013587512","0.0277778"
"2013587512","225325518","0.748009"
"225325518","2013587512","0.748009"
"2013587512","2933331543","0.0277778"
"2933331543","2013587512","0.0277778"
"2018233779","2020182563","0.0277778"
"2020182563","2018233779","0.0277778"
"2018233779","2031454682","0.0277778"
"2031454682","2018233779","0.0277778"
"2018233779","2054640944","0.0277778"
"2054640944","2018233779","0.0277778"
"2018233779","2066348923","0.0277778"
"2066348923","2018233779","0.0277778"
"2018233779","2070567333","0.0277778"
"2070567333","2018233779","0.0277778"
"2018233779","2077625710","0.0277778"
"2077625710","2018233779","0.0277778"
"2018233779","2081025867","0.0277778"
"2081025867","2018233779","0.0277778"
"2018233779","2101969086","0.152778"
"2101969086","2018233779","0.152778"
"2018233779","2105776892","0.0277778"
"2105776892","2018233779","0.0277778"
"2018233779","2108615062","7.18056"
"2108615062","2018233779","7.18056"
"2018233779","2131064753","0.0277778"
"2131064753","2018233779","0.0277778"
"2018233779","2138455069","0.597222"
"2138455069","2018233779","0.597222"
"2018233779","2140452754","0.0277778"
"2140452754","2018233779","0.0277778"
"2018233779","2146230369","0.0277778"
"2146230369","2018233779","0.0277778"
"2018233779","2147923182","0.0277778"
"2147923182","2018233779","0.0277778"
"2018233779","2157134433","2.84444"
"2157134433","2018233779","2.84444"
"2018233779","2188778440","0.0277778"
"2188778440","2018233779","0.0277778"
"2018233779","225325518","0.0277778"
"225325518","2018233779","0.0277778"
"2018233779","2933331543","0.0277778"
"2933331543","2018233779","0.0277778"
"2020182563","2031454682","0.84202"
"2031454682","2020182563","0.84202"
"2020182563","2054640944","0.730909"
"2054640944","2020182563","0.730909"
"2020182563","2066348923","1.26325"
"2066348923","2020182563","1.26325"
"2020182563","2070567333","5.3772"
"2070567333","2020182563","5.3772"
"2020182563","2077625710","0.491389"
"2077625710","2020182563","0.491389"
"2020182563","2081025867","4.40079"
"2081025867","2020182563","4.40079"
"2020182563","2101969086","0.287518"
"2101969086","2020182563","0.287518"
"2020182563","2105776892","9.64683"
"2105776892","2020182563","9.64683"
"2020182563","2108615062","0.0277778"
"2108615062","2020182563","0.0277778"
"2020182563","2131064753","0.542915"
"2131064753","2020182563","0.542915"
"2020182563","2138455069","0.0277778"
"2138455069","2020182563","0.0277778"
"2020182563","2140452754","0.261584"
"2140452754","2020182563","0.261584"
"2020182563","2146230369","0.194701"
"2146230369","2020182563","0.194701"
"2020182563","2147923182","0.940018"
"2147923182","2020182563","0.940018"
"2020182563","2157134433","0.0277778"
"2157134433","2020182563","0.0277778"
"2020182563","2188778440","0.0277778"
"2188778440","2020182563","0.0277778"
"2020182563","225325518","0.699481"
"225325518","2020182563","0.699481"
"2020182563","2933331543","0.0277778"
"2933331543","2020182563","0.0277778"
"2031454682","2054640944","1.62896"
"2054640944","2031454682","1.62896"
"2031454682","2066348923","0.528175"
"2066348923","2031454682","0.528175"
"2031454682","2070567333","0.68061"
"2070567333","2031454682","0.68061"
"2031454682","2077625710","0.458965"
"2077625710","2031454682","0.458965"
"2031454682","2081025867","0.348413"
"2081025867","2031454682","0.348413"
"2031454682","2101969086","0.221584"
"2101969086","2031454682","0.221584"
"2031454682","2105776892","0.0902778"
"2105776892","2031454682","0.0902778"
"2031454682","2108615062","0.0277778"
"2108615062","2031454682","0.0277778"
"2031454682","2131064753","1.2297"
"2131064753","2031454682","1.2297"
"2031454682","2138455069","0.104701"
"2138455069","2031454682","0.104701"
"2031454682","2140452754","0.618583"
"2140452754","2031454682","0.618583"
"2031454682","2146230369","0.500534"
"2146230369","2031454682","0.500534"
"2031454682","2147923182","0.469661"
"2147923182","2031454682","0.469661"
"2031454682","2157134433","0.0277778"
"2157134433","2031454682","0.0277778"
"2031454682","2188778440","0.0944444"
"2188778440","2031454682","0.0944444"
"2031454682","225325518","1.16362"
"225325518","2031454682","1.16362"
"2031454682","2933331543","0.0277778"
"2933331543","2031454682","0.0277778"
"2054640944","2066348923","0.678373"
"2066348923","2054640944","0.678373"
"2054640944","2070567333","0.297475"
"2070567333","2054640944","0.297475"
"2054640944","2077625710","0.81452"
"2077625710","2054640944","0.81452"
"2054640944","2081025867","0.270635"
"2081025867","2054640944","0.270635"
"2054640944","2101969086","0.23557"
"2101969086","2054640944","0.23557"
"2054640944","2105776892","0.170635"
"2105776892","2054640944","0.170635"
"2054640944","2108615062","0.0277778"
"2108615062","2054640944","0.0277778"
