"1000950318","2286457274","0.825"
"2286457274","1000950318","0.825"
"1000950318","2333422415","0.458333"
"2333422415","1000950318","0.458333"
"1000950318","975351372","1"
"975351372","1000950318","1"
"2286457274","2333422415","1.275"
"2333422415","2286457274","1.275"
"2286457274","975351372","0.95"
"975351372","2286457274","0.95"
"2333422415","975351372","0.783333"
"975351372","2333422415","0.783333"
"1000950318","1604088952","0.458333"
"1604088952","1000950318","0.458333"
"1000950318","1857276211","0.658333"
"1857276211","1000950318","0.658333"
"1000950318","2103406514","0.991667"
"2103406514","1000950318","0.991667"
"1000950318","2168002671","0.375"
"2168002671","1000950318","0.375"
"1000950318","2343086240","1.15833"
"2343086240","1000950318","1.15833"
"1000950318","2981152045","0.491667"
"2981152045","1000950318","0.491667"
"1604088952","1857276211","19.1583"
"1857276211","1604088952","19.1583"
"1604088952","2103406514","0.708333"
"2103406514","1604088952","0.708333"
"1604088952","2168002671","0.125"
"2168002671","1604088952","0.125"
"1604088952","2286457274","0.708333"
"2286457274","1604088952","0.708333"
"1604088952","2333422415","0.791667"
"2333422415","1604088952","0.791667"
"1604088952","2343086240","1.20833"
"2343086240","1604088952","1.20833"
"1604088952","2981152045","0.458333"
"2981152045","1604088952","0.458333"
"1857276211","2103406514","0.908333"
"2103406514","1857276211","0.908333"
"1857276211","2168002671","0.125"
"2168002671","1857276211","0.125"
"1857276211","2286457274","1.10833"
"2286457274","1857276211","1.10833"
"1857276211","2333422415","0.991667"
"2333422415","1857276211","0.991667"
"1857276211","2343086240","2.275"
"2343086240","1857276211","2.275"
"1857276211","2981152045","0.858333"
"2981152045","1857276211","0.858333"
"2103406514","2168002671","0.458333"
"2168002671","2103406514","0.458333"
"2103406514","2286457274","0.691667"
"2286457274","2103406514","0.691667"
"2103406514","2333422415","1.86667"
"2333422415","2103406514","1.86667"
"2103406514","2343086240","7.56667"
"2343086240","2103406514","7.56667"
"2103406514","2981152045","2.69167"
"2981152045","2103406514","2.69167"
"2168002671","2286457274","0.125"
"2286457274","2168002671","0.125"
"2168002671","2333422415","0.125"
"2333422415","2168002671","0.125"
"2168002671","2343086240","0.458333"
"2343086240","2168002671","0.458333"
"2168002671","2981152045","0.458333"
"2981152045","2168002671","0.458333"
"2286457274","2343086240","1.05833"
"2343086240","2286457274","1.05833"
"2286457274","2981152045","1.89167"
"2981152045","2286457274","1.89167"
"2333422415","2343086240","1.06667"
"2343086240","2333422415","1.06667"
"2333422415","2981152045","2.69167"
"2981152045","2333422415","2.69167"
"2343086240","2981152045","1.89167"
"2981152045","2343086240","1.89167"
"1000950318","2006729327","0.25"
"2006729327","1000950318","0.25"
"1000950318","2102855375","0.25"
"2102855375","1000950318","0.25"
"1000950318","2120317424","0.25"
"2120317424","1000950318","0.25"
"2006729327","2102855375","9.2841"
"2102855375","2006729327","9.2841"
"2006729327","2120317424","0.575"
"2120317424","2006729327","0.575"
"2006729327","2168002671","3.24564"
"2168002671","2006729327","3.24564"
"2102855375","2120317424","1.32424"
"2120317424","2102855375","1.32424"
"2102855375","2168002671","2.33654"
"2168002671","2102855375","2.33654"
"2120317424","2168002671","1.04091"
"2168002671","2120317424","1.04091"
"1000950318","2413139494","0.5"
"2413139494","1000950318","0.5"
"2413139494","975351372","4.725"
"975351372","2413139494","4.725"
"1000950318","2804364120","0.166667"
"2804364120","1000950318","0.166667"
"1604088952","2804364120","1"
"2804364120","1604088952","1"
"1857276211","2804364120","3.7"
"2804364120","1857276211","3.7"
"2103406514","2804364120","0.166667"
"2804364120","2103406514","0.166667"
"2343086240","2804364120","0.366667"
"2804364120","2343086240","0.366667"
"2804364120","2981152045","0.366667"
"2981152045","2804364120","0.366667"
"1000950318","2091835598","0.166667"
"2091835598","1000950318","0.166667"
"1604088952","2091835598","0.166667"
"2091835598","1604088952","0.166667"
"1604088952","975351372","0.75"
"975351372","1604088952","0.75"
"1857276211","2091835598","0.166667"
"2091835598","1857276211","0.166667"
"1857276211","975351372","0.75"
"975351372","1857276211","0.75"
"2091835598","2286457274","0.166667"
"2286457274","2091835598","0.166667"
"2091835598","2343086240","0.166667"
"2343086240","2091835598","0.166667"
"2091835598","975351372","1.29167"
"975351372","2091835598","1.29167"
"2343086240","975351372","0.366667"
"975351372","2343086240","0.366667"
"1479848599","2168293873","1"
"2168293873","1479848599","1"
"1479848599","2008511084","2.08333"
"2008511084","1479848599","2.08333"
"1479848599","2099225351","2.08333"
"2099225351","1479848599","2.08333"
"1479848599","2140840007","1.91667"
"2140840007","1479848599","1.91667"
"1479848599","2300261494","2.41667"
"2300261494","1479848599","2.41667"
"2008511084","2099225351","11.1595"
"2099225351","2008511084","11.1595"
"2008511084","2140840007","3.35"
"2140840007","2008511084","3.35"
"2008511084","2300261494","4.25"
"2300261494","2008511084","4.25"
"2099225351","2140840007","3.85"
"2140840007","2099225351","3.85"
"2099225351","2300261494","4.75"
"2300261494","2099225351","4.75"
"2140840007","2300261494","2.08333"
"2300261494","2140840007","2.08333"
"1479848599","2135463074","0.166667"
"2135463074","1479848599","0.166667"
"1479848599","2577167493","0.166667"
"2577167493","1479848599","0.166667"
"1479848599","2954023930","0.166667"
"2954023930","1479848599","0.166667"
"2008511084","2135463074","0.266667"
"2135463074","2008511084","0.266667"
"2008511084","2577167493","0.166667"
"2577167493","2008511084","0.166667"
"2008511084","2954023930","0.166667"
"2954023930","2008511084","0.166667"
"2099225351","2135463074","0.266667"
"2135463074","2099225351","0.266667"
"2099225351","2577167493","0.166667"
"2577167493","2099225351","0.166667"
"2099225351","2954023930","0.166667"
"2954023930","2099225351","0.166667"
"2135463074","2300261494","1.16667"
"2300261494","2135463074","1.16667"
"2135463074","2577167493","0.666667"
"2577167493","2135463074","0.666667"
"2135463074","2954023930","0.666667"
"2954023930","2135463074","0.666667"
"2300261494","2577167493","1.16667"
"2577167493","2300261494","1.16667"
"2300261494","2954023930","0.166667"
"2954023930","2300261494","0.166667"
"2577167493","2954023930","8.66667"
"2954023930","2577167493","8.66667"
"1488297666","2109541479","2.25952"
"2109541479","1488297666","2.25952"
"1488297666","2145472743","1.25"
"2145472743","1488297666","1.25"
"1488297666","2168293873","4.19286"
"2168293873","1488297666","4.19286"
"2109541479","2145472743","7.36667"
"2145472743","2109541479","7.36667"
"2109541479","2168293873","11.5429"
"2168293873","2109541479","11.5429"
"2145472743","2168293873","6.7"
"2168293873","2145472743","6.7"
"1488297666","2069570177","0.242857"
"2069570177","1488297666","0.242857"
"1488297666","2940994954","0.142857"
"2940994954","1488297666","0.142857"
"1488297666","2962979766","0.142857"
"2962979766","1488297666","0.142857"
"1488297666","2976908892","0.142857"
"2976908892","1488297666","0.142857"
"1488297666","975351372","0.242857"
"975351372","1488297666","0.242857"
"2069570177","2109541479","0.142857"
"2109541479","2069570177","0.142857"
"2069570177","2168293873","2.24286"
"2168293873","2069570177","2.24286"
"2069570177","2940994954","0.267857"
"2940994954","2069570177","0.267857"
"2069570177","2962979766","0.767857"
"2962979766","2069570177","0.767857"
"2069570177","2976908892","0.267857"
"2976908892","2069570177","0.267857"
"2069570177","975351372","0.367857"
"975351372","2069570177","0.367857"
"2109541479","2940994954","0.142857"
"2940994954","2109541479","0.142857"
"2109541479","2962979766","0.142857"
"2962979766","2109541479","0.142857"
"2109541479","2976908892","0.142857"
"2976908892","2109541479","0.142857"
"2109541479","975351372","0.142857"
"975351372","2109541479","0.142857"
"2168293873","2940994954","0.142857"
"2940994954","2168293873","0.142857"
"2168293873","2962979766","0.142857"
"2962979766","2168293873","0.142857"
"2168293873","2976908892","0.142857"
"2976908892","2168293873","0.142857"
"2168293873","975351372","0.242857"
"975351372","2168293873","0.242857"
"2940994954","2962979766","0.867857"
"2962979766","2940994954","0.867857"
"2940994954","2976908892","8.85119"
"2976908892","2940994954","8.85119"
"2940994954","975351372","1.76786"
"975351372","2940994954","1.76786"
"2962979766","2976908892","1.70119"
"2976908892","2962979766","1.70119"
"2962979766","975351372","0.267857"
"975351372","2962979766","0.267857"
"2976908892","975351372","2.76786"
"975351372","2976908892","2.76786"
"1488297666","2166103489","0.7"
"2166103489","1488297666","0.7"
"2166103489","2168293873","8.65"
"2168293873","2166103489","8.65"
"1488297666","2116434582","1.02778"
"2116434582","1488297666","1.02778"
"2109541479","2116434582","1.45513"
"2116434582","2109541479","1.45513"
"2116434582","2145472743","0.916667"
"2145472743","2116434582","0.916667"
"2116434582","2168293873","0.25"
"2168293873","2116434582","0.25"
"1488297666","1693769749","0.277778"
"1693769749","1488297666","0.277778"
"1488297666","1991343224","0.607576"
"1991343224","1488297666","0.607576"
"1488297666","2012730477","0.277778"
"2012730477","1488297666","0.277778"
"1488297666","2030198693","0.166667"
"2030198693","1488297666","0.166667"
"1693769749","1991343224","0.276557"
"1991343224","1693769749","0.276557"
"1693769749","2012730477","2.89524"
"2012730477","1693769749","2.89524"
"1693769749","2030198693","0.205128"
"2030198693","1693769749","0.205128"
"1693769749","2109541479","0.205128"
"2109541479","1693769749","0.205128"
"1693769749","2168293873","0.166667"
"2168293873","1693769749","0.166667"
"1991343224","2012730477","0.376557"
"2012730477","1991343224","0.376557"
"1991343224","2030198693","0.580128"
"2030198693","1991343224","0.580128"
"1991343224","2109541479","0.205128"
"2109541479","1991343224","0.205128"
"1991343224","2168293873","0.6"
"2168293873","1991343224","0.6"
"2012730477","2030198693","0.205128"
"2030198693","2012730477","0.205128"
"2012730477","2109541479","0.205128"
"2109541479","2012730477","0.205128"
"2012730477","2168293873","0.166667"
"2168293873","2012730477","0.166667"
"2030198693","2109541479","0.538462"
"2109541479","2030198693","0.538462"
"2030198693","2168293873","2.5"
"2168293873","2030198693","2.5"
"1488297666","1668633305","0.311111"
"1668633305","1488297666","0.311111"
"1488297666","2056708831","0.311111"
"2056708831","1488297666","0.311111"
"1488297666","2101496601","0.111111"
"2101496601","1488297666","0.111111"
"1488297666","2117446385","0.211111"
"2117446385","1488297666","0.211111"
"1488297666","2159948839","0.111111"
"2159948839","1488297666","0.111111"
"1488297666","2573934712","0.211111"
"2573934712","1488297666","0.211111"
"1668633305","1693769749","1.10358"
"1693769749","1668633305","1.10358"
"1668633305","2012730477","1.7306"
"2012730477","1668633305","1.7306"
"1668633305","2056708831","5.21393"
"2056708831","1668633305","5.21393"
"1668633305","2101496601","0.76393"
"2101496601","1668633305","0.76393"
"1668633305","2116434582","0.692502"
"2116434582","1668633305","0.692502"
"1668633305","2117446385","0.93691"
"2117446385","1668633305","0.93691"
"1668633305","2159948839","1.7306"
"2159948839","1668633305","1.7306"
"1668633305","2573934712","1.09802"
"2573934712","1668633305","1.09802"
"1693769749","2056708831","2.10358"
"2056708831","1693769749","2.10358"
"1693769749","2101496601","0.43691"
"2101496601","1693769749","0.43691"
"1693769749","2116434582","0.365482"
"2116434582","1693769749","0.365482"
"1693769749","2117446385","0.471001"
"2117446385","1693769749","0.471001"
"1693769749","2159948839","2.72858"
"2159948839","1693769749","2.72858"
"1693769749","2573934712","0.346001"
"2573934712","1693769749","0.346001"
"2012730477","2056708831","1.84171"
"2056708831","2012730477","1.84171"
"2012730477","2101496601","2.80123"
"2101496601","2012730477","2.80123"
"2012730477","2116434582","3.81314"
"2116434582","2012730477","3.81314"
"2012730477","2117446385","1.25635"
"2117446385","2012730477","1.25635"
"2012730477","2159948839","8.47623"
"2159948839","2012730477","8.47623"
"2012730477","2573934712","1.17302"
"2573934712","2012730477","1.17302"
"2056708831","2101496601","0.875042"
"2101496601","2056708831","0.875042"
"2056708831","2116434582","0.803613"
"2116434582","2056708831","0.803613"
"2056708831","2117446385","1.04802"
"2117446385","2056708831","1.04802"
"2056708831","2159948839","1.84171"
"2159948839","2056708831","1.84171"
"2056708831","2573934712","1.09802"
"2573934712","2056708831","1.09802"
"2101496601","2116434582","4.06314"
"2116434582","2101496601","4.06314"
"2101496601","2117446385","0.798021"
"2117446385","2101496601","0.798021"
"2101496601","2159948839","2.80123"
"2159948839","2101496601","2.80123"
"2101496601","2573934712","0.998021"
"2573934712","2101496601","0.998021"
"2116434582","2117446385","2.05993"
"2117446385","2116434582","2.05993"
"2116434582","2159948839","3.81314"
"2159948839","2116434582","3.81314"
"2116434582","2573934712","1.17659"
"2573934712","2116434582","1.17659"
"2117446385","2159948839","1.25635"
"2159948839","2117446385","1.25635"
"2117446385","2573934712","1.20358"
"2573934712","2117446385","1.20358"
"2159948839","2573934712","1.17302"
"2573934712","2159948839","1.17302"
"1488297666","163398234","0.1"
"163398234","1488297666","0.1"
"1488297666","2156892372","0.440909"
"2156892372","1488297666","0.440909"
"1488297666","2413139494","0.1"
"2413139494","1488297666","0.1"
"1488297666","2419865314","0.1"
"2419865314","1488297666","0.1"
"163398234","1991343224","1.1627"
"1991343224","163398234","1.1627"
"163398234","2069570177","0.1"
"2069570177","163398234","0.1"
"163398234","2117446385","0.138462"
"2117446385","163398234","0.138462"
"163398234","2156892372","1.9377"
"2156892372","163398234","1.9377"
"163398234","2168293873","0.1"
"2168293873","163398234","0.1"
"163398234","2413139494","0.1"
"2413139494","163398234","0.1"
"163398234","2419865314","0.242857"
"2419865314","163398234","0.242857"
"163398234","2573934712","1.48846"
"2573934712","163398234","1.48846"
"163398234","975351372","0.1"
"975351372","163398234","0.1"
"1991343224","2069570177","0.1"
"2069570177","1991343224","0.1"
"1991343224","2117446385","0.20989"
"2117446385","1991343224","0.20989"
"1991343224","2156892372","0.600042"
"2156892372","1991343224","0.600042"
"1991343224","2413139494","0.1"
"2413139494","1991343224","0.1"
"1991343224","2419865314","0.1"
"2419865314","1991343224","0.1"
"1991343224","2573934712","0.476557"
"2573934712","1991343224","0.476557"
"1991343224","975351372","0.1"
"975351372","1991343224","0.1"
"2069570177","2117446385","0.1"
"2117446385","2069570177","0.1"
"2069570177","2156892372","0.1"
"2156892372","2069570177","0.1"
"2069570177","2413139494","0.225"
"2413139494","2069570177","0.225"
"2069570177","2419865314","0.933333"
"2419865314","2069570177","0.933333"
"2069570177","2573934712","1.43333"
"2573934712","2069570177","1.43333"
"2117446385","2156892372","0.634133"
"2156892372","2117446385","0.634133"
"2117446385","2168293873","0.1"
"2168293873","2117446385","0.1"
"2117446385","2413139494","0.1"
"2413139494","2117446385","0.1"
"2117446385","2419865314","0.1"
"2419865314","2117446385","0.1"
"2117446385","975351372","0.1"
"975351372","2117446385","0.1"
"2156892372","2168293873","0.1"
"2168293873","2156892372","0.1"
"2156892372","2413139494","0.1"
"2413139494","2156892372","0.1"
"2156892372","2419865314","0.1"
"2419865314","2156892372","0.1"
"2156892372","2573934712","0.750799"
"2573934712","2156892372","0.750799"
"2156892372","975351372","0.1"
"975351372","2156892372","0.1"
"2168293873","2413139494","1.1"
"2413139494","2168293873","1.1"
"2168293873","2419865314","0.1"
"2419865314","2168293873","0.1"
"2168293873","2573934712","1.1"
"2573934712","2168293873","1.1"
"2413139494","2419865314","0.1"
"2419865314","2413139494","0.1"
"2413139494","2573934712","0.1"
"2573934712","2413139494","0.1"
"2419865314","2573934712","0.1"
"2573934712","2419865314","0.1"
"2419865314","975351372","0.1"
"975351372","2419865314","0.1"
"2573934712","975351372","0.1"
"975351372","2573934712","0.1"
"1668633305","2109541479","0.438462"
"2109541479","1668633305","0.438462"
"1668633305","2166103489","0.4"
"2166103489","1668633305","0.4"
"1668633305","2168293873","0.4"
"2168293873","1668633305","0.4"
"2056708831","2109541479","0.438462"
"2109541479","2056708831","0.438462"
"2056708831","2166103489","0.4"
"2166103489","2056708831","0.4"
"2056708831","2168293873","0.4"
"2168293873","2056708831","0.4"
"2109541479","2166103489","5.15"
"2166103489","2109541479","5.15"
"1488297666","1994987703","0.340909"
"1994987703","1488297666","0.340909"
"1488297666","2012816654","0.0909091"
"2012816654","1488297666","0.0909091"
"1488297666","2064778223","0.0909091"
"2064778223","1488297666","0.0909091"
"1488297666","2135463074","0.340909"
"2135463074","1488297666","0.340909"
"1488297666","2140840007","0.340909"
"2140840007","1488297666","0.340909"
"1488297666","2168002671","0.0909091"
"2168002671","1488297666","0.0909091"
"1488297666","2294226876","0.0909091"
"2294226876","1488297666","0.0909091"
"1488297666","2417093649","0.0909091"
"2417093649","1488297666","0.0909091"
"1488297666","72384329","0.340909"
"72384329","1488297666","0.340909"
"1991343224","1994987703","3.34171"
"1994987703","1991343224","3.34171"
"1991343224","2012816654","0.761946"
"2012816654","1991343224","0.761946"
"1991343224","2064778223","0.229371"
"2064778223","1991343224","0.229371"
"1991343224","2135463074","0.0909091"
"2135463074","1991343224","0.0909091"
"1991343224","2140840007","0.0909091"
"2140840007","1991343224","0.0909091"
"1991343224","2168002671","0.378247"
"2168002671","1991343224","0.378247"
"1991343224","2294226876","1.46747"
"2294226876","1991343224","1.46747"
"1991343224","2417093649","0.0909091"
"2417093649","1991343224","0.0909091"
"1991343224","72384329","0.229371"
"72384329","1991343224","0.229371"
"1994987703","2012816654","0.961946"
"2012816654","1994987703","0.961946"
"1994987703","2064778223","0.562704"
"2064778223","1994987703","0.562704"
"1994987703","2135463074","0.0909091"
"2135463074","1994987703","0.0909091"
"1994987703","2140840007","0.0909091"
"2140840007","1994987703","0.0909091"
"1994987703","2156892372","2.03338"
"2156892372","1994987703","2.03338"
"1994987703","2168002671","0.71158"
"2168002671","1994987703","0.71158"
"1994987703","2294226876","0.467466"
"2294226876","1994987703","0.467466"
"1994987703","2417093649","0.0909091"
"2417093649","1994987703","0.0909091"
"1994987703","72384329","0.562704"
"72384329","1994987703","0.562704"
"2012816654","2064778223","1.54604"
"2064778223","2012816654","1.54604"
"2012816654","2135463074","0.190909"
"2135463074","2012816654","0.190909"
"2012816654","2140840007","0.190909"
"2140840007","2012816654","0.190909"
"2012816654","2156892372","1.00361"
"2156892372","2012816654","1.00361"
"2012816654","2168002671","0.681818"
"2168002671","2012816654","0.681818"
"2012816654","2294226876","0.229371"
"2294226876","2012816654","0.229371"
"2012816654","2417093649","0.0909091"
"2417093649","2012816654","0.0909091"
"2012816654","72384329","0.546037"
"72384329","2012816654","0.546037"
"2064778223","2135463074","0.0909091"
"2135463074","2064778223","0.0909091"
"2064778223","2140840007","0.0909091"
"2140840007","2064778223","0.0909091"
"2064778223","2156892372","0.550006"
"2156892372","2064778223","0.550006"
"2064778223","2168002671","0.344877"
"2168002671","2064778223","0.344877"
"2064778223","2294226876","0.497228"
"2294226876","2064778223","0.497228"
"2064778223","2417093649","0.0909091"
"2417093649","2064778223","0.0909091"
"2064778223","72384329","11.3345"
"72384329","2064778223","11.3345"
"2135463074","2140840007","1.44091"
"2140840007","2135463074","1.44091"
"2135463074","2156892372","0.340909"
"2156892372","2135463074","0.340909"
"2135463074","2168002671","0.0909091"
"2168002671","2135463074","0.0909091"
"2135463074","2294226876","0.190909"
"2294226876","2135463074","0.190909"
"2135463074","2417093649","0.0909091"
"2417093649","2135463074","0.0909091"
"2135463074","72384329","0.340909"
"72384329","2135463074","0.340909"
"2140840007","2156892372","0.340909"
"2156892372","2140840007","0.340909"
"2140840007","2168002671","0.0909091"
"2168002671","2140840007","0.0909091"
"2140840007","2294226876","0.190909"
"2294226876","2140840007","0.190909"
"2140840007","2417093649","0.0909091"
"2417093649","2140840007","0.0909091"
"2140840007","72384329","0.340909"
"72384329","2140840007","0.340909"
"2156892372","2168002671","2.62626"
"2168002671","2156892372","2.62626"
"2156892372","2294226876","0.577423"
"2294226876","2156892372","0.577423"
"2156892372","2417093649","0.0909091"
"2417093649","2156892372","0.0909091"
"2156892372","72384329","0.800006"
"72384329","2156892372","0.800006"
"2168002671","2294226876","0.448052"
"2294226876","2168002671","0.448052"
"2168002671","2417093649","0.0909091"
"2417093649","2168002671","0.0909091"
"2168002671","72384329","0.344877"
"72384329","2168002671","0.344877"
"2294226876","2417093649","0.0909091"
"2417093649","2294226876","0.0909091"
"2294226876","72384329","0.497228"
"72384329","2294226876","0.497228"
"2417093649","72384329","0.0909091"
"72384329","2417093649","0.0909091"
"1488297666","2286457274","0.25"
"2286457274","1488297666","0.25"
"1488297666","2986200512","0.25"
"2986200512","1488297666","0.25"
"1991343224","2286457274","0.25"
"2286457274","1991343224","0.25"
"1991343224","2986200512","0.288462"
"2986200512","1991343224","0.288462"
"1994987703","2286457274","0.25"
"2286457274","1994987703","0.25"
"1994987703","2986200512","0.288462"
"2986200512","1994987703","0.288462"
"2286457274","2986200512","0.25"
"2986200512","2286457274","0.25"
"1520330802","2142410337","3.15"
"2142410337","1520330802","3.15"
"1520330802","2012816654","1.2"
"2012816654","1520330802","1.2"
"1520330802","1857276211","1.15"
"1857276211","1520330802","1.15"
"1520330802","2061997922","1.03333"
"2061997922","1520330802","1.03333"
"1520330802","2090852828","1.81667"
"2090852828","1520330802","1.81667"
"1520330802","2145344816","0.366667"
"2145344816","1520330802","0.366667"
"1857276211","2061997922","0.866667"
"2061997922","1857276211","0.866667"
"1857276211","2090852828","0.983333"
"2090852828","1857276211","0.983333"
"1857276211","2142410337","1.31667"
"2142410337","1857276211","1.31667"
"1857276211","2145344816","0.533333"
"2145344816","1857276211","0.533333"
"2061997922","2090852828","3.33452"
"2090852828","2061997922","3.33452"
"2061997922","2142410337","2.96786"
"2142410337","2061997922","2.96786"
"2061997922","2145344816","1.35833"
"2145344816","2061997922","1.35833"
"2090852828","2142410337","9.65357"
"2142410337","2090852828","9.65357"
"2090852828","2145344816","5.17738"
"2145344816","2090852828","5.17738"
"2142410337","2145344816","2.72738"
"2145344816","2142410337","2.72738"
"1520330802","2119398588","1.28333"
"2119398588","1520330802","1.28333"
"1857276211","2012816654","0.2"
"2012816654","1857276211","0.2"
"1857276211","2119398588","0.616667"
"2119398588","1857276211","0.616667"
"2012816654","2090852828","0.2"
"2090852828","2012816654","0.2"
"2012816654","2119398588","0.2"
"2119398588","2012816654","0.2"
"2012816654","2142410337","0.7"
"2142410337","2012816654","0.7"
"2090852828","2119398588","4.39405"
"2119398588","2090852828","4.39405"
"2119398588","2142410337","10.2036"
"2142410337","2119398588","10.2036"
"2061997922","2119398588","0.458333"
"2119398588","2061997922","0.458333"
"2119398588","2145344816","1.77738"
"2145344816","2119398588","1.77738"
"1581724699","1994987703","0.363095"
"1994987703","1581724699","0.363095"
"1581724699","2012816654","0.333333"
"2012816654","1581724699","0.333333"
"1581724699","2113053869","6.50397"
"2113053869","1581724699","6.50397"
"1581724699","2127947301","0.434524"
"2127947301","1581724699","0.434524"
"1581724699","2156892372","3.8254"
"2156892372","1581724699","3.8254"
"1581724699","2168002671","0.825397"
"2168002671","1581724699","0.825397"
"1994987703","2113053869","1.66591"
"2113053869","1994987703","1.66591"
"1994987703","2127947301","1.82424"
"2127947301","1994987703","1.82424"
"2012816654","2113053869","0.707576"
"2113053869","2012816654","0.707576"
"2012816654","2127947301","2.70758"
"2127947301","2012816654","2.70758"
"2113053869","2127947301","2.47543"
"2127947301","2113053869","2.47543"
"2113053869","2156892372","6.8544"
"2156892372","2113053869","6.8544"
"2113053869","2168002671","2.31273"
"2168002671","2113053869","2.31273"
"2127947301","2156892372","2.47543"
"2156892372","2127947301","2.47543"
"2127947301","2168002671","1.52543"
"2168002671","2127947301","1.52543"
"1581724699","163398234","0.708333"
"163398234","1581724699","0.708333"
"1581724699","2064778223","0.277778"
"2064778223","1581724699","0.277778"
"1581724699","2084679825","0.986111"
"2084679825","1581724699","0.986111"
"1581724699","72384329","0.611111"
"72384329","1581724699","0.611111"
"163398234","2012816654","0.837704"
"2012816654","163398234","0.837704"
"163398234","2064778223","0.430128"
"2064778223","163398234","0.430128"
"163398234","2084679825","0.465909"
"2084679825","163398234","0.465909"
"163398234","72384329","0.763462"
"72384329","163398234","0.763462"
"2012816654","2084679825","0.540909"
"2084679825","2012816654","0.540909"
"2064778223","2084679825","0.736111"
"2084679825","2064778223","0.736111"
"2084679825","2156892372","1.66988"
"2156892372","2084679825","1.66988"
"2084679825","72384329","0.736111"
"72384329","2084679825","0.736111"
"1581724699","2101496601","1.03373"
"2101496601","1581724699","1.03373"
"2084679825","2101496601","1.12897"
"2101496601","2084679825","1.12897"
"2084679825","2113053869","2.83654"
"2113053869","2084679825","2.83654"
"2101496601","2113053869","1.52183"
"2113053869","2101496601","1.52183"
"2101496601","2156892372","2.25596"
"2156892372","2101496601","2.25596"
"1581724699","1991343224","0.196429"
"1991343224","1581724699","0.196429"
"1581724699","2025510320","0.208333"
"2025510320","1581724699","0.208333"
"163398234","1994987703","0.979371"
"1994987703","163398234","0.979371"
"163398234","2025510320","0.333333"
"2025510320","163398234","0.333333"
"163398234","2113053869","0.299242"
"2113053869","163398234","0.299242"
"163398234","2127947301","0.757576"
"2127947301","163398234","0.757576"
"163398234","2168002671","0.299242"
"2168002671","163398234","0.299242"
"1991343224","2025510320","0.125"
"2025510320","1991343224","0.125"
"1991343224","2113053869","0.299242"
"2113053869","1991343224","0.299242"
"1991343224","2127947301","1.62424"
"2127947301","1991343224","1.62424"
"1994987703","2025510320","0.125"
"2025510320","1994987703","0.125"
"2025510320","2113053869","0.416667"
"2113053869","2025510320","0.416667"
"2025510320","2127947301","0.291667"
"2127947301","2025510320","0.291667"
"2025510320","2156892372","0.208333"
"2156892372","2025510320","0.208333"
"2025510320","2168002671","0.5"
"2168002671","2025510320","0.5"
"1581724699","2155485999","0.880952"
"2155485999","1581724699","0.880952"
"2113053869","2155485999","1.10119"
"2155485999","2113053869","1.10119"
"2155485999","2156892372","0.67699"
"2156892372","2155485999","0.67699"
"1581724699","1927207979","0.208333"
"1927207979","1581724699","0.208333"
"1581724699","2120317424","0.208333"
"2120317424","1581724699","0.208333"
"1581724699","2165824191","0.375"
"2165824191","1581724699","0.375"
"1927207979","2084679825","0.424242"
"2084679825","1927207979","0.424242"
"1927207979","2101496601","0.541667"
"2101496601","1927207979","0.541667"
"1927207979","2113053869","0.790909"
"2113053869","1927207979","0.790909"
"1927207979","2120317424","7.42543"
"2120317424","1927207979","7.42543"
"1927207979","2156892372","0.382576"
"2156892372","1927207979","0.382576"
"1927207979","2165824191","0.333333"
"2165824191","1927207979","0.333333"
"1927207979","2168002671","0.790909"
"2168002671","1927207979","0.790909"
"2084679825","2120317424","0.424242"
"2120317424","2084679825","0.424242"
"2084679825","2165824191","1.76786"
"2165824191","2084679825","1.76786"
"2084679825","2168002671","3.01154"
"2168002671","2084679825","3.01154"
"2101496601","2120317424","0.541667"
"2120317424","2101496601","0.541667"
"2101496601","2165824191","0.684524"
"2165824191","2101496601","0.684524"
"2101496601","2168002671","0.843254"
"2168002671","2101496601","0.843254"
"2113053869","2120317424","0.790909"
"2120317424","2113053869","0.790909"
"2113053869","2165824191","0.892857"
"2165824191","2113053869","0.892857"
"2120317424","2156892372","0.382576"
"2156892372","2120317424","0.382576"
"2120317424","2165824191","0.333333"
"2165824191","2120317424","0.333333"
"2156892372","2165824191","0.767857"
"2165824191","2156892372","0.767857"
"2165824191","2168002671","0.559524"
"2168002671","2165824191","0.559524"
"1581724699","2294226876","0.547619"
"2294226876","1581724699","0.547619"
"2084679825","2155485999","0.583333"
"2155485999","2084679825","0.583333"
"2084679825","2294226876","0.583333"
"2294226876","2084679825","0.583333"
"2155485999","2294226876","7.44845"
"2294226876","2155485999","7.44845"
"1581724699","2030198693","0.0833333"
"2030198693","1581724699","0.0833333"
"1581724699","2090852828","0.0833333"
"2090852828","1581724699","0.0833333"
"1581724699","2116434582","0.0833333"
"2116434582","1581724699","0.0833333"
"1581724699","2145344816","0.0833333"
"2145344816","1581724699","0.0833333"
"1581724699","63060100","0.0833333"
"63060100","1581724699","0.0833333"
"163398234","1927207979","0.799242"
"1927207979","163398234","0.799242"
"163398234","2030198693","0.496795"
"2030198693","163398234","0.496795"
"163398234","2090852828","0.22619"
"2090852828","163398234","0.22619"
"163398234","2101496601","0.371795"
"2101496601","163398234","0.371795"
"163398234","2116434582","0.121795"
"2116434582","163398234","0.121795"
"163398234","2120317424","0.799242"
"2120317424","163398234","0.799242"
"163398234","2145344816","0.0833333"
"2145344816","163398234","0.0833333"
"163398234","63060100","0.0833333"
"63060100","163398234","0.0833333"
"1927207979","2025510320","0.875"
"2025510320","1927207979","0.875"
"1927207979","2030198693","0.458333"
"2030198693","1927207979","0.458333"
"1927207979","2090852828","0.916667"
"2090852828","1927207979","0.916667"
"1927207979","2116434582","0.0833333"
"2116434582","1927207979","0.0833333"
"1927207979","2145344816","0.166667"
"2145344816","1927207979","0.166667"
"1927207979","63060100","0.309524"
"63060100","1927207979","0.309524"
"2025510320","2030198693","0.0833333"
"2030198693","2025510320","0.0833333"
"2025510320","2090852828","0.0833333"
"2090852828","2025510320","0.0833333"
"2025510320","2101496601","0.0833333"
"2101496601","2025510320","0.0833333"
"2025510320","2116434582","1.08333"
"2116434582","2025510320","1.08333"
"2025510320","2120317424","0.875"
"2120317424","2025510320","0.875"
"2025510320","2145344816","0.0833333"
"2145344816","2025510320","0.0833333"
"2025510320","63060100","0.0833333"
"63060100","2025510320","0.0833333"
"2030198693","2090852828","0.0833333"
"2090852828","2030198693","0.0833333"
"2030198693","2101496601","0.121795"
"2101496601","2030198693","0.121795"
"2030198693","2116434582","0.121795"
"2116434582","2030198693","0.121795"
"2030198693","2120317424","0.458333"
"2120317424","2030198693","0.458333"
"2030198693","2145344816","0.0833333"
"2145344816","2030198693","0.0833333"
"2030198693","2156892372","0.205128"
"2156892372","2030198693","0.205128"
"2030198693","2168002671","0.0833333"
"2168002671","2030198693","0.0833333"
"2030198693","63060100","0.0833333"
"63060100","2030198693","0.0833333"
"2090852828","2101496601","0.0833333"
"2101496601","2090852828","0.0833333"
"2090852828","2116434582","0.0833333"
"2116434582","2090852828","0.0833333"
"2090852828","2120317424","0.916667"
"2120317424","2090852828","0.916667"
"2090852828","2156892372","0.0833333"
"2156892372","2090852828","0.0833333"
"2090852828","2168002671","0.0833333"
"2168002671","2090852828","0.0833333"
"2090852828","63060100","0.166667"
"63060100","2090852828","0.166667"
"2101496601","2145344816","0.0833333"
"2145344816","2101496601","0.0833333"
"2101496601","63060100","0.35119"
"63060100","2101496601","0.35119"
"2116434582","2120317424","0.0833333"
"2120317424","2116434582","0.0833333"
"2116434582","2145344816","0.0833333"
"2145344816","2116434582","0.0833333"
"2116434582","2156892372","1.55556"
"2156892372","2116434582","1.55556"
"2116434582","2168002671","0.22619"
"2168002671","2116434582","0.22619"
"2116434582","63060100","0.994048"
"63060100","2116434582","0.994048"
"2120317424","2145344816","0.166667"
"2145344816","2120317424","0.166667"
"2120317424","63060100","0.309524"
"63060100","2120317424","0.309524"
"2145344816","2156892372","0.0833333"
"2156892372","2145344816","0.0833333"
"2145344816","2168002671","0.0833333"
"2168002671","2145344816","0.0833333"
"2145344816","63060100","0.166667"
"63060100","2145344816","0.166667"
"2156892372","63060100","0.22619"
"63060100","2156892372","0.22619"
"2168002671","63060100","0.22619"
"63060100","2168002671","0.22619"
"2101496601","2127947301","0.767857"
"2127947301","2101496601","0.767857"
"2101496601","2155485999","0.781788"
"2155485999","2101496601","0.781788"
"2101496601","2294226876","0.781788"
"2294226876","2101496601","0.781788"
"2113053869","2294226876","0.767857"
"2294226876","2113053869","0.767857"
"2127947301","2155485999","0.309524"
"2155485999","2127947301","0.309524"
"2127947301","2294226876","0.309524"
"2294226876","2127947301","0.309524"
"2155485999","2168002671","0.214286"
"2168002671","2155485999","0.214286"
"1581724699","1668633305","0.0714286"
"1668633305","1581724699","0.0714286"
"1581724699","1693769749","0.0714286"
"1693769749","1581724699","0.0714286"
"1581724699","2012730477","0.0714286"
"2012730477","1581724699","0.0714286"
"1581724699","2056708831","0.0714286"
"2056708831","1581724699","0.0714286"
"1581724699","2117446385","0.0714286"
"2117446385","1581724699","0.0714286"
"1581724699","2159948839","0.0714286"
"2159948839","1581724699","0.0714286"
"1581724699","2573934712","0.0714286"
"2573934712","1581724699","0.0714286"
"1668633305","1991343224","0.543223"
"1991343224","1668633305","0.543223"
"1668633305","1994987703","0.543223"
"1994987703","1668633305","0.543223"
"1668633305","2155485999","0.977819"
"2155485999","1668633305","0.977819"
"1668633305","2156892372","0.200799"
"2156892372","1668633305","0.200799"
"1668633305","2168002671","0.0714286"
"2168002671","1668633305","0.0714286"
"1668633305","2294226876","0.627819"
"2294226876","1668633305","0.627819"
"1693769749","1994987703","0.10989"
"1994987703","1693769749","0.10989"
"1693769749","2155485999","0.325799"
"2155485999","1693769749","0.325799"
"1693769749","2156892372","0.10989"
"2156892372","1693769749","0.10989"
"1693769749","2168002671","0.404762"
"2168002671","1693769749","0.404762"
"1693769749","2294226876","0.325799"
"2294226876","1693769749","0.325799"
"1991343224","2056708831","0.543223"
"2056708831","1991343224","0.543223"
"1991343224","2101496601","0.10989"
"2101496601","1991343224","0.10989"
"1991343224","2155485999","0.276557"
"2155485999","1991343224","0.276557"
"1991343224","2159948839","0.20989"
"2159948839","1991343224","0.20989"
"1994987703","2012730477","0.20989"
"2012730477","1994987703","0.20989"
"1994987703","2056708831","0.543223"
"2056708831","1994987703","0.543223"
"1994987703","2101496601","0.693223"
"2101496601","1994987703","0.693223"
"1994987703","2117446385","0.10989"
"2117446385","1994987703","0.10989"
"1994987703","2155485999","0.276557"
"2155485999","1994987703","0.276557"
"1994987703","2159948839","0.20989"
"2159948839","1994987703","0.20989"
"1994987703","2573934712","0.376557"
"2573934712","1994987703","0.376557"
"2012730477","2155485999","1.21393"
"2155485999","2012730477","1.21393"
"2012730477","2156892372","1.4008"
"2156892372","2012730477","1.4008"
"2012730477","2168002671","0.404762"
"2168002671","2012730477","0.404762"
"2012730477","2294226876","1.11393"
"2294226876","2012730477","1.11393"
"2056708831","2155485999","1.08893"
"2155485999","2056708831","1.08893"
"2056708831","2156892372","0.200799"
"2156892372","2056708831","0.200799"
"2056708831","2168002671","0.0714286"
"2168002671","2056708831","0.0714286"
"2056708831","2294226876","0.738931"
"2294226876","2056708831","0.738931"
"2117446385","2155485999","1.10358"
"2155485999","2117446385","1.10358"
"2117446385","2168002671","0.0714286"
"2168002671","2117446385","0.0714286"
"2117446385","2294226876","1.10358"
"2294226876","2117446385","1.10358"
"2155485999","2159948839","1.21393"
"2159948839","2155485999","1.21393"
"2155485999","2573934712","2.34524"
"2573934712","2155485999","2.34524"
"2156892372","2159948839","0.400799"
"2159948839","2156892372","0.400799"
"2159948839","2168002671","0.404762"
"2168002671","2159948839","0.404762"
"2159948839","2294226876","1.11393"
"2294226876","2159948839","1.11393"
"2168002671","2573934712","0.0714286"
"2573934712","2168002671","0.0714286"
"2294226876","2573934712","2.32858"
"2573934712","2294226876","2.32858"
"1581724699","2006729327","0.111111"
"2006729327","1581724699","0.111111"
"1581724699","2102855375","0.111111"
"2102855375","1581724699","0.111111"
"2006729327","2064778223","0.149573"
"2064778223","2006729327","0.149573"
"2006729327","2084679825","3.12897"
"2084679825","2006729327","3.12897"
"2006729327","2101496601","0.29243"
"2101496601","2006729327","0.29243"
"2006729327","2113053869","1.32897"
"2113053869","2006729327","1.32897"
"2006729327","2156892372","0.459096"
"2156892372","2006729327","0.459096"
"2006729327","72384329","0.149573"
"72384329","2006729327","0.149573"
"2064778223","2101496601","0.29243"
"2101496601","2064778223","0.29243"
"2064778223","2102855375","0.149573"
"2102855375","2064778223","0.149573"
"2064778223","2113053869","0.444444"
"2113053869","2064778223","0.444444"
"2084679825","2102855375","1.80321"
"2102855375","2084679825","1.80321"
"2101496601","2102855375","0.29243"
"2102855375","2101496601","0.29243"
"2101496601","72384329","0.29243"
"72384329","2101496601","0.29243"
"2102855375","2113053869","1.50321"
"2113053869","2102855375","1.50321"
"2102855375","2156892372","0.633339"
"2156892372","2102855375","0.633339"
"2102855375","72384329","0.149573"
"72384329","2102855375","0.149573"
"2113053869","72384329","0.444444"
"72384329","2113053869","0.444444"
"1581724699","93094488","0.333333"
"93094488","1581724699","0.333333"
"163398234","93094488","0.371795"
"93094488","163398234","0.371795"
"72384329","93094488","0.371795"
"93094488","72384329","0.371795"
"1604088952","2615445578","0.866667"
"2615445578","1604088952","0.866667"
"1604088952","2800982342","0.866667"
"2800982342","1604088952","0.866667"
"1857276211","2615445578","0.866667"
"2615445578","1857276211","0.866667"
"1857276211","2800982342","0.866667"
"2800982342","1857276211","0.866667"
"2615445578","2800982342","10.7333"
"2800982342","2615445578","10.7333"
"1604088952","2940994954","0.533333"
"2940994954","1604088952","0.533333"
"1604088952","2976908892","0.533333"
"2976908892","1604088952","0.533333"
"1857276211","2940994954","0.533333"
"2940994954","1857276211","0.533333"
"1857276211","2976908892","0.533333"
"2976908892","1857276211","0.533333"
"2615445578","2940994954","2.5"
"2940994954","2615445578","2.5"
"2615445578","2976908892","3.5"
"2976908892","2615445578","3.5"
"2800982342","2940994954","2.75"
"2940994954","2800982342","2.75"
"2800982342","2976908892","3.75"
"2976908892","2800982342","3.75"
"2804364120","975351372","0.333333"
"975351372","2804364120","0.333333"
"1604088952","2069570177","0.333333"
"2069570177","1604088952","0.333333"
"1604088952","2951938868","0.333333"
"2951938868","1604088952","0.333333"
"2069570177","2343086240","0.333333"
"2343086240","2069570177","0.333333"
"2069570177","2951938868","0.333333"
"2951938868","2069570177","0.333333"
"2343086240","2951938868","0.333333"
"2951938868","2343086240","0.333333"
