"102708294","1823076153","0.5"
"1823076153","102708294","0.5"
"102708294","2132731949","0.5"
"2132731949","102708294","0.5"
"1823076153","2132731949","0.5"
"2132731949","1823076153","0.5"
"102708294","1494397996","0.75"
"1494397996","102708294","0.75"
"102708294","1977609394","1.25"
"1977609394","102708294","1.25"
"102708294","2076618134","0.25"
"2076618134","102708294","0.25"
"102708294","2153225416","1.25"
"2153225416","102708294","1.25"
"1494397996","1977609394","0.25"
"1977609394","1494397996","0.25"
"1494397996","2076618134","0.25"
"2076618134","1494397996","0.25"
"1494397996","2153225416","0.416667"
"2153225416","1494397996","0.416667"
"1977609394","2076618134","2.01905"
"2076618134","1977609394","2.01905"
"1977609394","2153225416","0.25"
"2153225416","1977609394","0.25"
"2076618134","2153225416","0.25"
"2153225416","2076618134","0.25"
"102708294","2020825844","0.5"
"2020825844","102708294","0.5"
"2020825844","2153225416","2"
"2153225416","2020825844","2"
"102708294","2091047798","0.5"
"2091047798","102708294","0.5"
"1494397996","2091047798","0.5"
"2091047798","1494397996","0.5"
"102708294","1523376574","1"
"1523376574","102708294","1"
"102708294","1586197708","0.5"
"1586197708","102708294","0.5"
"1586197708","2153225416","0.5"
"2153225416","1586197708","0.5"
"105147515","111429688","0.2"
"111429688","105147515","0.2"
"105147515","1977609394","0.67619"
"1977609394","105147515","0.67619"
"105147515","2076618134","3.00952"
"2076618134","105147515","3.00952"
"105147515","2100965097","0.2"
"2100965097","105147515","0.2"
"105147515","2470728525","0.342857"
"2470728525","105147515","0.342857"
"111429688","1977609394","0.626923"
"1977609394","111429688","0.626923"
"111429688","2076618134","0.2"
"2076618134","111429688","0.2"
"111429688","2100965097","1.6381"
"2100965097","111429688","1.6381"
"111429688","2470728525","1.46978"
"2470728525","111429688","1.46978"
"1977609394","2100965097","0.2"
"2100965097","1977609394","0.2"
"1977609394","2470728525","0.626923"
"2470728525","1977609394","0.626923"
"2076618134","2100965097","0.2"
"2100965097","2076618134","0.2"
"2076618134","2470728525","0.366667"
"2470728525","2076618134","0.366667"
"2100965097","2470728525","0.366667"
"2470728525","2100965097","0.366667"
"105147515","122957096","0.619048"
"122957096","105147515","0.619048"
"105147515","14424850","0.952381"
"14424850","105147515","0.952381"
"105147515","31535402","0.47619"
"31535402","105147515","0.47619"
"105147515","857684163","0.952381"
"857684163","105147515","0.952381"
"122957096","14424850","2"
"14424850","122957096","2"
"122957096","1977609394","1.39597"
"1977609394","122957096","1.39597"
"122957096","2076618134","1.24127"
"2076618134","122957096","1.24127"
"122957096","31535402","1.59048"
"31535402","122957096","1.59048"
"122957096","857684163","0.894383"
"857684163","122957096","0.894383"
"14424850","1977609394","0.785714"
"1977609394","14424850","0.785714"
"14424850","2076618134","2.78571"
"2076618134","14424850","2.78571"
"14424850","31535402","0.857143"
"31535402","14424850","0.857143"
"14424850","857684163","1.2619"
"857684163","14424850","1.2619"
"1977609394","31535402","4.56905"
"31535402","1977609394","4.56905"
"1977609394","857684163","0.862637"
"857684163","1977609394","0.862637"
"2076618134","31535402","1.76905"
"31535402","2076618134","1.76905"
"2076618134","857684163","2.1746"
"857684163","2076618134","2.1746"
"31535402","857684163","0.785714"
"857684163","31535402","0.785714"
"105147515","2399145516","0.142857"
"2399145516","105147515","0.142857"
"105147515","2399478729","0.142857"
"2399478729","105147515","0.142857"
"105147515","2980510282","0.142857"
"2980510282","105147515","0.142857"
"122957096","2399145516","0.142857"
"2399145516","122957096","0.142857"
"122957096","2399478729","7.30629"
"2399478729","122957096","7.30629"
"122957096","2470728525","0.386447"
"2470728525","122957096","0.386447"
"122957096","2980510282","0.198413"
"2980510282","122957096","0.198413"
"14424850","2399145516","0.142857"
"2399145516","14424850","0.142857"
"14424850","2399478729","0.52381"
"2399478729","14424850","0.52381"
"14424850","2470728525","0.309524"
"2470728525","14424850","0.309524"
"14424850","2980510282","0.309524"
"2980510282","14424850","0.309524"
"2399145516","2399478729","0.142857"
"2399478729","2399145516","0.142857"
"2399145516","2470728525","0.142857"
"2470728525","2399145516","0.142857"
"2399145516","2980510282","0.142857"
"2980510282","2399145516","0.142857"
"2399145516","857684163","2.14286"
"857684163","2399145516","2.14286"
"2399478729","2470728525","0.386447"
"2470728525","2399478729","0.386447"
"2399478729","2980510282","0.198413"
"2980510282","2399478729","0.198413"
"2399478729","857684163","0.418193"
"857684163","2399478729","0.418193"
"2470728525","2980510282","0.142857"
"2980510282","2470728525","0.142857"
"2470728525","857684163","0.21978"
"857684163","2470728525","0.21978"
"2980510282","857684163","0.365079"
"857684163","2980510282","0.365079"
"105147515","1496949948","0.142857"
"1496949948","105147515","0.142857"
"122957096","1496949948","0.285714"
"1496949948","122957096","0.285714"
"14424850","1496949948","0.285714"
"1496949948","14424850","0.285714"
"1496949948","1977609394","0.285714"
"1977609394","1496949948","0.285714"
"1496949948","2076618134","0.285714"
"2076618134","1496949948","0.285714"
"1496949948","31535402","0.285714"
"31535402","1496949948","0.285714"
"1496949948","857684163","0.285714"
"857684163","1496949948","0.285714"
"111429688","115146229","12.9412"
"115146229","111429688","12.9412"
"111429688","2127378806","6.70311"
"2127378806","111429688","6.70311"
"115146229","2127378806","7.03645"
"2127378806","115146229","7.03645"
"111429688","113286111","0.771429"
"113286111","111429688","0.771429"
"111429688","31535402","0.571429"
"31535402","111429688","0.571429"
"113286111","31535402","0.571429"
"31535402","113286111","0.571429"
"111429688","2138186643","1.16502"
"2138186643","111429688","1.16502"
"115146229","1977609394","0.510256"
"1977609394","115146229","0.510256"
"115146229","2138186643","1.16502"
"2138186643","115146229","1.16502"
"115146229","2470728525","2.51978"
"2470728525","115146229","2.51978"
"1977609394","2138186643","0.59359"
"2138186643","1977609394","0.59359"
"2138186643","2470728525","0.59359"
"2470728525","2138186643","0.59359"
"111429688","2977920847","0.5"
"2977920847","111429688","0.5"
"2127378806","2977920847","0.75"
"2977920847","2127378806","0.75"
"111429688","1494397996","1.15952"
"1494397996","111429688","1.15952"
"111429688","1525158937","2.70311"
"1525158937","111429688","2.70311"
"111429688","48944886","1.99121"
"48944886","111429688","1.99121"
"115146229","1494397996","1.15952"
"1494397996","115146229","1.15952"
"115146229","1525158937","3.61978"
"1525158937","115146229","3.61978"
"115146229","48944886","2.87454"
"48944886","115146229","2.87454"
"1494397996","1525158937","1.65952"
"1525158937","1494397996","1.65952"
"1494397996","2127378806","1.65952"
"2127378806","1494397996","1.65952"
"1494397996","2470728525","0.309524"
"2470728525","1494397996","0.309524"
"1494397996","48944886","0.509524"
"48944886","1494397996","0.509524"
"1525158937","2127378806","4.53645"
"2127378806","1525158937","4.53645"
"1525158937","2470728525","1.10311"
"2470728525","1525158937","1.10311"
"1525158937","48944886","2.13645"
"48944886","1525158937","2.13645"
"2127378806","2470728525","3.10311"
"2470728525","2127378806","3.10311"
"2127378806","48944886","2.13645"
"48944886","2127378806","2.13645"
"2470728525","48944886","4.18645"
"48944886","2470728525","4.18645"
"111429688","2615504032","0.442857"
"2615504032","111429688","0.442857"
"115146229","2615504032","1.19286"
"2615504032","115146229","1.19286"
"1494397996","2615504032","0.342857"
"2615504032","1494397996","0.342857"
"1525158937","2615504032","0.692857"
"2615504032","1525158937","0.692857"
"2127378806","2615504032","0.692857"
"2615504032","2127378806","0.692857"
"111429688","2547461644","0.510256"
"2547461644","111429688","0.510256"
"115146229","2547461644","0.510256"
"2547461644","115146229","0.510256"
"1525158937","2547461644","0.34359"
"2547461644","1525158937","0.34359"
"2127378806","2547461644","0.34359"
"2547461644","2127378806","0.34359"
"2470728525","2547461644","1.01026"
"2547461644","2470728525","1.01026"
"2547461644","48944886","1.01026"
"48944886","2547461644","1.01026"
"111429688","1483669204","0.348352"
"1483669204","111429688","0.348352"
"115146229","1483669204","0.348352"
"1483669204","115146229","0.348352"
"1483669204","1494397996","0.366667"
"1494397996","1483669204","0.366667"
"1483669204","1525158937","0.276923"
"1525158937","1483669204","0.276923"
"1483669204","2127378806","0.276923"
"2127378806","1483669204","0.276923"
"111429688","122957096","0.148352"
"122957096","111429688","0.148352"
"111429688","14424850","0.0714286"
"14424850","111429688","0.0714286"
"111429688","1805882648","0.571429"
"1805882648","111429688","0.571429"
"111429688","1823076153","0.571429"
"1823076153","111429688","0.571429"
"111429688","2399478729","0.148352"
"2399478729","111429688","0.148352"
"111429688","75295260","0.321429"
"75295260","111429688","0.321429"
"111429688","98609384","0.271429"
"98609384","111429688","0.271429"
"113286111","115146229","0.0714286"
"115146229","113286111","0.0714286"
"113286111","122957096","0.126984"
"122957096","113286111","0.126984"
"113286111","14424850","0.0714286"
"14424850","113286111","0.0714286"
"113286111","1483669204","0.0714286"
"1483669204","113286111","0.0714286"
"113286111","1805882648","0.0714286"
"1805882648","113286111","0.0714286"
"113286111","1823076153","0.571429"
"1823076153","113286111","0.571429"
"113286111","2100965097","0.414286"
"2100965097","113286111","0.414286"
"113286111","2138186643","0.0714286"
"2138186643","113286111","0.0714286"
"113286111","2399478729","0.126984"
"2399478729","113286111","0.126984"
"113286111","48944886","0.326984"
"48944886","113286111","0.326984"
"113286111","75295260","0.321429"
"75295260","113286111","0.321429"
"113286111","98609384","0.271429"
"98609384","113286111","0.271429"
"115146229","122957096","0.148352"
"122957096","115146229","0.148352"
"115146229","14424850","0.0714286"
"14424850","115146229","0.0714286"
"115146229","1805882648","0.0714286"
"1805882648","115146229","0.0714286"
"115146229","1823076153","0.154762"
"1823076153","115146229","0.154762"
"115146229","2100965097","0.238095"
"2100965097","115146229","0.238095"
"115146229","2399478729","0.231685"
"2399478729","115146229","0.231685"
"115146229","31535402","0.154762"
"31535402","115146229","0.154762"
"115146229","75295260","0.321429"
"75295260","115146229","0.321429"
"115146229","98609384","0.0714286"
"98609384","115146229","0.0714286"
"122957096","1483669204","0.148352"
"1483669204","122957096","0.148352"
"122957096","1805882648","0.0714286"
"1805882648","122957096","0.0714286"
"122957096","1823076153","0.321429"
"1823076153","122957096","0.321429"
"122957096","2100965097","0.0714286"
"2100965097","122957096","0.0714286"
"122957096","2138186643","0.148352"
"2138186643","122957096","0.148352"
"122957096","48944886","0.370574"
"48944886","122957096","0.370574"
"122957096","75295260","0.0714286"
"75295260","122957096","0.0714286"
"122957096","98609384","0.0714286"
"98609384","122957096","0.0714286"
"14424850","1483669204","0.0714286"
"1483669204","14424850","0.0714286"
"14424850","1805882648","0.0714286"
"1805882648","14424850","0.0714286"
"14424850","1823076153","0.0714286"
"1823076153","14424850","0.0714286"
"14424850","2100965097","0.0714286"
"2100965097","14424850","0.0714286"
"14424850","2138186643","0.238095"
"2138186643","14424850","0.238095"
"14424850","48944886","0.238095"
"48944886","14424850","0.238095"
"14424850","75295260","0.0714286"
"75295260","14424850","0.0714286"
"14424850","98609384","0.0714286"
"98609384","14424850","0.0714286"
"1483669204","1805882648","0.0714286"
"1805882648","1483669204","0.0714286"
"1483669204","1823076153","0.0714286"
"1823076153","1483669204","0.0714286"
"1483669204","2100965097","0.238095"
"2100965097","1483669204","0.238095"
"1483669204","2138186643","0.148352"
"2138186643","1483669204","0.148352"
"1483669204","2399478729","0.148352"
"2399478729","1483669204","0.148352"
"1483669204","31535402","0.0714286"
"31535402","1483669204","0.0714286"
"1483669204","48944886","0.148352"
"48944886","1483669204","0.148352"
"1483669204","75295260","0.0714286"
"75295260","1483669204","0.0714286"
"1483669204","98609384","0.0714286"
"98609384","1483669204","0.0714286"
"1805882648","1823076153","0.738095"
"1823076153","1805882648","0.738095"
"1805882648","2100965097","0.238095"
"2100965097","1805882648","0.238095"
"1805882648","2138186643","0.238095"
"2138186643","1805882648","0.238095"
"1805882648","2399478729","0.0714286"
"2399478729","1805882648","0.0714286"
"1805882648","31535402","0.0714286"
"31535402","1805882648","0.0714286"
"1805882648","48944886","0.0714286"
"48944886","1805882648","0.0714286"
"1805882648","75295260","0.238095"
"75295260","1805882648","0.238095"
"1805882648","98609384","0.0714286"
"98609384","1805882648","0.0714286"
"1823076153","2100965097","0.238095"
"2100965097","1823076153","0.238095"
"1823076153","2138186643","0.238095"
"2138186643","1823076153","0.238095"
"1823076153","2399478729","0.404762"
"2399478729","1823076153","0.404762"
"1823076153","31535402","0.154762"
"31535402","1823076153","0.154762"
"1823076153","48944886","0.0714286"
"48944886","1823076153","0.0714286"
"1823076153","75295260","0.238095"
"75295260","1823076153","0.238095"
"1823076153","98609384","0.0714286"
"98609384","1823076153","0.0714286"
"2100965097","2138186643","0.404762"
"2138186643","2100965097","0.404762"
"2100965097","2399478729","0.0714286"
"2399478729","2100965097","0.0714286"
"2100965097","31535402","0.0714286"
"31535402","2100965097","0.0714286"
"2100965097","48944886","0.438095"
"48944886","2100965097","0.438095"
"2100965097","75295260","2.2381"
"75295260","2100965097","2.2381"
"2100965097","98609384","0.271429"
"98609384","2100965097","0.271429"
"2138186643","2399478729","0.148352"
"2399478729","2138186643","0.148352"
"2138186643","31535402","0.238095"
"31535402","2138186643","0.238095"
"2138186643","48944886","0.415018"
"48944886","2138186643","0.415018"
"2138186643","75295260","0.238095"
"75295260","2138186643","0.238095"
"2138186643","98609384","0.271429"
"98609384","2138186643","0.271429"
"2399478729","31535402","0.697619"
"31535402","2399478729","0.697619"
"2399478729","48944886","0.370574"
"48944886","2399478729","0.370574"
"2399478729","75295260","0.0714286"
"75295260","2399478729","0.0714286"
"2399478729","98609384","0.0714286"
"98609384","2399478729","0.0714286"
"31535402","48944886","0.0714286"
"48944886","31535402","0.0714286"
"31535402","75295260","0.0714286"
"75295260","31535402","0.0714286"
"31535402","98609384","0.0714286"
"98609384","31535402","0.0714286"
"48944886","75295260","0.0714286"
"75295260","48944886","0.0714286"
"48944886","98609384","0.271429"
"98609384","48944886","0.271429"
"75295260","98609384","0.0714286"
"98609384","75295260","0.0714286"
"2470728525","2615504032","0.992857"
"2615504032","2470728525","0.992857"
"2615504032","48944886","0.242857"
"48944886","2615504032","0.242857"
"111429688","2168209108","0.45"
"2168209108","111429688","0.45"
"111429688","2406572624","0.25"
"2406572624","111429688","0.25"
"115146229","2168209108","0.333333"
"2168209108","115146229","0.333333"
"115146229","2406572624","0.25"
"2406572624","115146229","0.25"
"2168209108","2406572624","0.25"
"2406572624","2168209108","0.25"
"2168209108","75295260","0.25"
"75295260","2168209108","0.25"
"2406572624","75295260","0.25"
"75295260","2406572624","0.25"
"2100965097","2547461644","0.166667"
"2547461644","2100965097","0.166667"
"2138186643","2547461644","0.34359"
"2547461644","2138186643","0.34359"
"111429688","2171477123","0.0769231"
"2171477123","111429688","0.0769231"
"111429688","857684163","0.0769231"
"857684163","111429688","0.0769231"
"115146229","2171477123","0.0769231"
"2171477123","115146229","0.0769231"
"115146229","857684163","0.0769231"
"857684163","115146229","0.0769231"
"122957096","1525158937","0.0769231"
"1525158937","122957096","0.0769231"
"122957096","2127378806","0.0769231"
"2127378806","122957096","0.0769231"
"122957096","2171477123","0.0769231"
"2171477123","122957096","0.0769231"
"122957096","2547461644","0.0769231"
"2547461644","122957096","0.0769231"
"1483669204","1977609394","0.0769231"
"1977609394","1483669204","0.0769231"
"1483669204","2171477123","0.0769231"
"2171477123","1483669204","0.0769231"
"1483669204","2470728525","0.0769231"
"2470728525","1483669204","0.0769231"
"1483669204","2547461644","0.0769231"
"2547461644","1483669204","0.0769231"
"1483669204","857684163","0.0769231"
"857684163","1483669204","0.0769231"
"1525158937","1977609394","0.260256"
"1977609394","1525158937","0.260256"
"1525158937","2138186643","0.176923"
"2138186643","1525158937","0.176923"
"1525158937","2171477123","0.0769231"
"2171477123","1525158937","0.0769231"
"1525158937","2399478729","0.160256"
"2399478729","1525158937","0.160256"
"1525158937","857684163","0.0769231"
"857684163","1525158937","0.0769231"
"1977609394","2127378806","0.176923"
"2127378806","1977609394","0.176923"
"1977609394","2171477123","0.0769231"
"2171477123","1977609394","0.0769231"
"1977609394","2399478729","0.503114"
"2399478729","1977609394","0.503114"
"1977609394","2547461644","0.176923"
"2547461644","1977609394","0.176923"
"1977609394","48944886","0.176923"
"48944886","1977609394","0.176923"
"2127378806","2138186643","0.510256"
"2138186643","2127378806","0.510256"
"2127378806","2171477123","0.0769231"
"2171477123","2127378806","0.0769231"
"2127378806","2399478729","0.0769231"
"2399478729","2127378806","0.0769231"
"2127378806","857684163","0.0769231"
"857684163","2127378806","0.0769231"
"2138186643","2171477123","0.0769231"
"2171477123","2138186643","0.0769231"
"2138186643","857684163","0.24359"
"857684163","2138186643","0.24359"
"2171477123","2399478729","0.0769231"
"2399478729","2171477123","0.0769231"
"2171477123","2470728525","1.07692"
"2470728525","2171477123","1.07692"
"2171477123","2547461644","0.0769231"
"2547461644","2171477123","0.0769231"
"2171477123","48944886","0.576923"
"48944886","2171477123","0.576923"
"2171477123","857684163","0.0769231"
"857684163","2171477123","0.0769231"
"2399478729","2547461644","0.0769231"
"2547461644","2399478729","0.0769231"
"2547461644","857684163","0.0769231"
"857684163","2547461644","0.0769231"
"48944886","857684163","0.132479"
"857684163","48944886","0.132479"
"111429688","639828804","0.1"
"639828804","111429688","0.1"
"115146229","639828804","0.1"
"639828804","115146229","0.1"
"1525158937","639828804","0.1"
"639828804","1525158937","0.1"
"1977609394","2615504032","0.1"
"2615504032","1977609394","0.1"
"1977609394","639828804","0.1"
"639828804","1977609394","0.1"
"2127378806","639828804","1.1"
"639828804","2127378806","1.1"
"2138186643","2615504032","0.1"
"2615504032","2138186643","0.1"
"2138186643","639828804","0.1"
"639828804","2138186643","0.1"
"2470728525","639828804","0.266667"
"639828804","2470728525","0.266667"
"2547461644","2615504032","0.1"
"2615504032","2547461644","0.1"
"2547461644","639828804","0.1"
"639828804","2547461644","0.1"
"2615504032","639828804","2.35"
"639828804","2615504032","2.35"
"48944886","639828804","0.322222"
"639828804","48944886","0.322222"
"113286111","2168209108","3.73333"
"2168209108","113286111","3.73333"
"2100965097","2168209108","0.2"
"2168209108","2100965097","0.2"
"2168209108","48944886","0.2"
"48944886","2168209108","0.2"
"2168209108","98609384","0.4"
"98609384","2168209108","0.4"
"113286111","2945188138","4"
"2945188138","113286111","4"
"113286111","1653383105","3.92222"
"1653383105","113286111","3.92222"
"113286111","1979710543","0.198413"
"1979710543","113286111","0.198413"
"113286111","2020825844","0.0555556"
"2020825844","113286111","0.0555556"
"113286111","2076618134","0.0555556"
"2076618134","113286111","0.0555556"
"113286111","2091047798","1.05556"
"2091047798","113286111","1.05556"
"113286111","2406572624","0.0555556"
"2406572624","113286111","0.0555556"
"113286111","2548481640","1.05556"
"2548481640","113286111","1.05556"
"113286111","2605089588","0.198413"
"2605089588","113286111","0.198413"
"113286111","2767477647","0.0555556"
"2767477647","113286111","0.0555556"
"113286111","2891796645","0.305556"
"2891796645","113286111","0.305556"
"113286111","2895337427","4.42222"
"2895337427","113286111","4.42222"
"113286111","2899400605","0.0555556"
"2899400605","113286111","0.0555556"
"113286111","2980510282","0.0555556"
"2980510282","113286111","0.0555556"
"113286111","639828804","0.305556"
"639828804","113286111","0.305556"
"113286111","857684163","0.0555556"
"857684163","113286111","0.0555556"
"122957096","1653383105","0.255556"
"1653383105","122957096","0.255556"
"122957096","1979710543","0.0555556"
"1979710543","122957096","0.0555556"
"122957096","2020825844","0.255556"
"2020825844","122957096","0.255556"
"122957096","2091047798","0.0555556"
"2091047798","122957096","0.0555556"
"122957096","2406572624","0.0555556"
"2406572624","122957096","0.0555556"
"122957096","2548481640","0.255556"
"2548481640","122957096","0.255556"
"122957096","2605089588","0.0555556"
"2605089588","122957096","0.0555556"
"122957096","2767477647","0.0555556"
"2767477647","122957096","0.0555556"
"122957096","2891796645","0.0555556"
"2891796645","122957096","0.0555556"
"122957096","2895337427","0.0555556"
"2895337427","122957096","0.0555556"
"122957096","2899400605","0.0555556"
"2899400605","122957096","0.0555556"
"122957096","639828804","0.222222"
"639828804","122957096","0.222222"
"1653383105","1979710543","0.0555556"
"1979710543","1653383105","0.0555556"
"1653383105","2020825844","0.255556"
"2020825844","1653383105","0.255556"
"1653383105","2076618134","0.838889"
"2076618134","1653383105","0.838889"
"1653383105","2091047798","1.13889"
"2091047798","1653383105","1.13889"
"1653383105","2399478729","0.338889"
"2399478729","1653383105","0.338889"
"1653383105","2406572624","0.0555556"
"2406572624","1653383105","0.0555556"
"1653383105","2548481640","0.0555556"
"2548481640","1653383105","0.0555556"
"1653383105","2605089588","0.0555556"
"2605089588","1653383105","0.0555556"
"1653383105","2767477647","0.0555556"
"2767477647","1653383105","0.0555556"
"1653383105","2891796645","0.0555556"
"2891796645","1653383105","0.0555556"
"1653383105","2895337427","0.922222"
"2895337427","1653383105","0.922222"
"1653383105","2899400605","0.0555556"
"2899400605","1653383105","0.0555556"
"1653383105","2980510282","0.0555556"
"2980510282","1653383105","0.0555556"
"1653383105","48944886","0.0555556"
"48944886","1653383105","0.0555556"
"1653383105","639828804","0.0555556"
"639828804","1653383105","0.0555556"
"1653383105","857684163","0.0555556"
"857684163","1653383105","0.0555556"
"1979710543","2020825844","0.388889"
"2020825844","1979710543","0.388889"
"1979710543","2076618134","0.388889"
"2076618134","1979710543","0.388889"
"1979710543","2091047798","0.0555556"
"2091047798","1979710543","0.0555556"
"1979710543","2399478729","0.0555556"
"2399478729","1979710543","0.0555556"
"1979710543","2406572624","0.0555556"
"2406572624","1979710543","0.0555556"
"1979710543","2548481640","0.0555556"
"2548481640","1979710543","0.0555556"
"1979710543","2605089588","0.198413"
"2605089588","1979710543","0.198413"
"1979710543","2767477647","0.0555556"
"2767477647","1979710543","0.0555556"
"1979710543","2891796645","0.388889"
"2891796645","1979710543","0.388889"
"1979710543","2895337427","0.0555556"
"2895337427","1979710543","0.0555556"
"1979710543","2899400605","0.0555556"
"2899400605","1979710543","0.0555556"
"1979710543","2980510282","0.0555556"
"2980510282","1979710543","0.0555556"
"1979710543","48944886","0.0555556"
"48944886","1979710543","0.0555556"
"1979710543","639828804","0.0555556"
"639828804","1979710543","0.0555556"
"1979710543","857684163","0.0555556"
"857684163","1979710543","0.0555556"
"2020825844","2076618134","0.588889"
"2076618134","2020825844","0.588889"
"2020825844","2091047798","0.0555556"
"2091047798","2020825844","0.0555556"
"2020825844","2399478729","0.255556"
"2399478729","2020825844","0.255556"
"2020825844","2406572624","0.0555556"
"2406572624","2020825844","0.0555556"
"2020825844","2548481640","0.255556"
"2548481640","2020825844","0.255556"
"2020825844","2605089588","0.0555556"
"2605089588","2020825844","0.0555556"
"2020825844","2767477647","0.0555556"
"2767477647","2020825844","0.0555556"
"2020825844","2891796645","0.388889"
"2891796645","2020825844","0.388889"
"2020825844","2895337427","0.0555556"
"2895337427","2020825844","0.0555556"
"2020825844","2899400605","0.0555556"
"2899400605","2020825844","0.0555556"
"2020825844","2980510282","0.0555556"
"2980510282","2020825844","0.0555556"
"2020825844","48944886","0.0555556"
"48944886","2020825844","0.0555556"
"2020825844","639828804","0.0555556"
"639828804","2020825844","0.0555556"
"2020825844","857684163","0.0555556"
"857684163","2020825844","0.0555556"
"2076618134","2091047798","0.138889"
"2091047798","2076618134","0.138889"
"2076618134","2399478729","0.848413"
"2399478729","2076618134","0.848413"
"2076618134","2406572624","0.0555556"
"2406572624","2076618134","0.0555556"
"2076618134","2548481640","0.255556"
"2548481640","2076618134","0.255556"
"2076618134","2605089588","0.0555556"
"2605089588","2076618134","0.0555556"
"2076618134","2767477647","0.0555556"
"2767477647","2076618134","0.0555556"
"2076618134","2891796645","1.38889"
"2891796645","2076618134","1.38889"
"2076618134","2895337427","0.0555556"
"2895337427","2076618134","0.0555556"
"2076618134","2899400605","0.0555556"
"2899400605","2076618134","0.0555556"
"2076618134","2980510282","0.222222"
"2980510282","2076618134","0.222222"
"2076618134","48944886","0.222222"
"48944886","2076618134","0.222222"
"2076618134","639828804","0.222222"
"639828804","2076618134","0.222222"
"2091047798","2399478729","0.138889"
"2399478729","2091047798","0.138889"
"2091047798","2406572624","0.0555556"
"2406572624","2091047798","0.0555556"
"2091047798","2548481640","0.0555556"
"2548481640","2091047798","0.0555556"
"2091047798","2605089588","0.0555556"
"2605089588","2091047798","0.0555556"
"2091047798","2767477647","0.555556"
"2767477647","2091047798","0.555556"
"2091047798","2891796645","0.0555556"
"2891796645","2091047798","0.0555556"
"2091047798","2895337427","1.55556"
"2895337427","2091047798","1.55556"
"2091047798","2899400605","0.0555556"
"2899400605","2091047798","0.0555556"
"2091047798","2980510282","0.0555556"
"2980510282","2091047798","0.0555556"
"2091047798","48944886","0.0555556"
"48944886","2091047798","0.0555556"
"2091047798","639828804","0.0555556"
"639828804","2091047798","0.0555556"
"2091047798","857684163","0.0555556"
"857684163","2091047798","0.0555556"
"2399478729","2406572624","0.0555556"
"2406572624","2399478729","0.0555556"
"2399478729","2548481640","0.255556"
"2548481640","2399478729","0.255556"
"2399478729","2605089588","0.0555556"
"2605089588","2399478729","0.0555556"
"2399478729","2767477647","0.0555556"
"2767477647","2399478729","0.0555556"
"2399478729","2891796645","0.0555556"
"2891796645","2399478729","0.0555556"
"2399478729","2895337427","0.0555556"
"2895337427","2399478729","0.0555556"
"2399478729","2899400605","0.0555556"
"2899400605","2399478729","0.0555556"
"2399478729","639828804","0.222222"
"639828804","2399478729","0.222222"
"2406572624","2548481640","0.0555556"
"2548481640","2406572624","0.0555556"
"2406572624","2605089588","0.0555556"
"2605089588","2406572624","0.0555556"
"2406572624","2767477647","0.0555556"
"2767477647","2406572624","0.0555556"
"2406572624","2891796645","0.0555556"
"2891796645","2406572624","0.0555556"
"2406572624","2895337427","0.0555556"
"2895337427","2406572624","0.0555556"
"2406572624","2899400605","0.0555556"
"2899400605","2406572624","0.0555556"
"2406572624","2980510282","0.0555556"
"2980510282","2406572624","0.0555556"
"2406572624","48944886","0.0555556"
"48944886","2406572624","0.0555556"
"2406572624","639828804","0.0555556"
"639828804","2406572624","0.0555556"
"2406572624","857684163","0.0555556"
"857684163","2406572624","0.0555556"
"2548481640","2605089588","0.0555556"
"2605089588","2548481640","0.0555556"
"2548481640","2767477647","0.0555556"
"2767477647","2548481640","0.0555556"
"2548481640","2891796645","0.0555556"
"2891796645","2548481640","0.0555556"
"2548481640","2895337427","0.0555556"
"2895337427","2548481640","0.0555556"
"2548481640","2899400605","0.0555556"
"2899400605","2548481640","0.0555556"
"2548481640","2980510282","0.0555556"
"2980510282","2548481640","0.0555556"
"2548481640","48944886","0.0555556"
"48944886","2548481640","0.0555556"
"2548481640","639828804","0.0555556"
"639828804","2548481640","0.0555556"
"2548481640","857684163","1.55556"
"857684163","2548481640","1.55556"
"2605089588","2767477647","0.555556"
"2767477647","2605089588","0.555556"
"2605089588","2891796645","0.0555556"
"2891796645","2605089588","0.0555556"
"2605089588","2895337427","0.0555556"
"2895337427","2605089588","0.0555556"
"2605089588","2899400605","0.0555556"
"2899400605","2605089588","0.0555556"
"2605089588","2980510282","0.0555556"
"2980510282","2605089588","0.0555556"
"2605089588","48944886","0.0555556"
"48944886","2605089588","0.0555556"
"2605089588","639828804","0.0555556"
"639828804","2605089588","0.0555556"
"2605089588","857684163","0.0555556"
"857684163","2605089588","0.0555556"
"2767477647","2891796645","0.0555556"
"2891796645","2767477647","0.0555556"
"2767477647","2895337427","0.555556"
"2895337427","2767477647","0.555556"
"2767477647","2899400605","0.0555556"
"2899400605","2767477647","0.0555556"
"2767477647","2980510282","0.0555556"
"2980510282","2767477647","0.0555556"
"2767477647","48944886","0.0555556"
"48944886","2767477647","0.0555556"
"2767477647","639828804","0.0555556"
"639828804","2767477647","0.0555556"
"2767477647","857684163","0.0555556"
"857684163","2767477647","0.0555556"
"2891796645","2895337427","0.0555556"
"2895337427","2891796645","0.0555556"
"2891796645","2899400605","0.888889"
"2899400605","2891796645","0.888889"
"2891796645","2980510282","0.0555556"
"2980510282","2891796645","0.0555556"
"2891796645","48944886","0.0555556"
"48944886","2891796645","0.0555556"
"2891796645","639828804","0.305556"
"639828804","2891796645","0.305556"
"2891796645","857684163","0.0555556"
"857684163","2891796645","0.0555556"
"2895337427","2899400605","0.0555556"
"2899400605","2895337427","0.0555556"
"2895337427","2980510282","0.0555556"
"2980510282","2895337427","0.0555556"
"2895337427","48944886","0.0555556"
"48944886","2895337427","0.0555556"
"2895337427","639828804","0.0555556"
"639828804","2895337427","0.0555556"
"2895337427","857684163","0.0555556"
"857684163","2895337427","0.0555556"
"2899400605","2980510282","0.0555556"
"2980510282","2899400605","0.0555556"
"2899400605","48944886","0.0555556"
"48944886","2899400605","0.0555556"
"2899400605","639828804","0.0555556"
"639828804","2899400605","0.0555556"
"2899400605","857684163","0.0555556"
"857684163","2899400605","0.0555556"
"2980510282","48944886","0.0555556"
"48944886","2980510282","0.0555556"
"2980510282","639828804","1.05556"
"639828804","2980510282","1.05556"
"639828804","857684163","0.0555556"
"857684163","639828804","0.0555556"
"2895337427","2945188138","4"
"2945188138","2895337427","4"
"113286111","2615504032","0.25"
"2615504032","113286111","0.25"
"2615504032","2891796645","0.25"
"2891796645","2615504032","0.25"
"2615504032","75295260","2.25"
"75295260","2615504032","2.25"
"2891796645","75295260","0.25"
"75295260","2891796645","0.25"
"639828804","75295260","1.25"
"75295260","639828804","1.25"
"1823076153","2895337427","0.5"
"2895337427","1823076153","0.5"
"1653383105","2945188138","1"
"2945188138","1653383105","1"
"1653383105","2168209108","11.8167"
"2168209108","1653383105","11.8167"
"2168209108","2895337427","0.533333"
"2895337427","2168209108","0.533333"
"113286111","1966839689","0.342857"
"1966839689","113286111","0.342857"
"113286111","2113596997","0.67619"
"2113596997","113286111","0.67619"
"113286111","2963102202","0.142857"
"2963102202","113286111","0.142857"
"113286111","93150254","0.142857"
"93150254","113286111","0.142857"
"1966839689","1979710543","0.142857"
"1979710543","1966839689","0.142857"
"1966839689","2100965097","0.309524"
"2100965097","1966839689","0.309524"
"1966839689","2113596997","0.592857"
"2113596997","1966839689","0.592857"
"1966839689","2605089588","0.142857"
"2605089588","1966839689","0.142857"
"1966839689","2963102202","0.142857"
"2963102202","1966839689","0.142857"
"1966839689","93150254","0.392857"
"93150254","1966839689","0.392857"
"1979710543","2100965097","0.142857"
"2100965097","1979710543","0.142857"
"1979710543","2113596997","0.142857"
"2113596997","1979710543","0.142857"
"1979710543","2963102202","0.142857"
"2963102202","1979710543","0.142857"
"1979710543","93150254","0.142857"
"93150254","1979710543","0.142857"
"2100965097","2113596997","0.142857"
"2113596997","2100965097","0.142857"
"2100965097","2605089588","0.642857"
"2605089588","2100965097","0.642857"
"2100965097","2963102202","0.142857"
"2963102202","2100965097","0.142857"
"2100965097","93150254","0.142857"
"93150254","2100965097","0.142857"
"2113596997","2605089588","0.142857"
"2605089588","2113596997","0.142857"
"2113596997","2963102202","0.142857"
"2963102202","2113596997","0.142857"
"2113596997","93150254","1.89286"
"93150254","2113596997","1.89286"
"2605089588","2963102202","2.64286"
"2963102202","2605089588","2.64286"
"2605089588","93150254","0.142857"
"93150254","2605089588","0.142857"
"2963102202","93150254","0.142857"
"93150254","2963102202","0.142857"
"1653383105","2113596997","0.533333"
"2113596997","1653383105","0.533333"
"2113596997","2895337427","0.533333"
"2895337427","2113596997","0.533333"
"1653383105","1966839689","0.2"
"1966839689","1653383105","0.2"
"1966839689","2168209108","0.2"
"2168209108","1966839689","0.2"
"1966839689","2895337427","0.2"
"2895337427","1966839689","0.2"
"2113596997","2168209108","0.2"
"2168209108","2113596997","0.2"
"115146229","2977920847","0.25"
"2977920847","115146229","0.25"
"1525158937","2977920847","0.25"
"2977920847","1525158937","0.25"
"2977920847","48944886","0.25"
"48944886","2977920847","0.25"
"115146229","1496949948","1"
"1496949948","115146229","1"
"115146229","1523376574","0.0833333"
"1523376574","115146229","0.0833333"
"115146229","1653383105","0.0833333"
"1653383105","115146229","0.0833333"
"115146229","2076618134","0.0833333"
"2076618134","115146229","0.0833333"
"115146229","2091047798","0.0833333"
"2091047798","115146229","0.0833333"
"115146229","2151149636","0.0833333"
"2151149636","115146229","0.0833333"
"115146229","2156891949","0.0833333"
"2156891949","115146229","0.0833333"
"1523376574","1525158937","0.0833333"
"1525158937","1523376574","0.0833333"
"1523376574","1653383105","0.0833333"
"1653383105","1523376574","0.0833333"
"1523376574","1823076153","0.0833333"
"1823076153","1523376574","0.0833333"
"1523376574","1977609394","0.0833333"
"1977609394","1523376574","0.0833333"
"1523376574","2076618134","0.0833333"
"2076618134","1523376574","0.0833333"
"1523376574","2091047798","0.0833333"
"2091047798","1523376574","0.0833333"
"1523376574","2151149636","0.0833333"
"2151149636","1523376574","0.0833333"
"1523376574","2156891949","0.0833333"
"2156891949","1523376574","0.0833333"
"1523376574","2168209108","0.0833333"
"2168209108","1523376574","0.0833333"
"1523376574","2399478729","0.0833333"
"2399478729","1523376574","0.0833333"
"1523376574","31535402","0.0833333"
"31535402","1523376574","0.0833333"
"1525158937","1653383105","0.0833333"
"1653383105","1525158937","0.0833333"
"1525158937","1823076153","0.0833333"
"1823076153","1525158937","0.0833333"
"1525158937","2076618134","1.08333"
"2076618134","1525158937","1.08333"
"1525158937","2091047798","0.0833333"
"2091047798","1525158937","0.0833333"
"1525158937","2151149636","0.0833333"
"2151149636","1525158937","0.0833333"
"1525158937","2156891949","0.0833333"
"2156891949","1525158937","0.0833333"
"1525158937","2168209108","0.0833333"
"2168209108","1525158937","0.0833333"
"1525158937","31535402","0.0833333"
"31535402","1525158937","0.0833333"
"1653383105","1823076153","0.0833333"
"1823076153","1653383105","0.0833333"
"1653383105","1977609394","0.283333"
"1977609394","1653383105","0.283333"
"1653383105","2151149636","0.0833333"
"2151149636","1653383105","0.0833333"
"1653383105","2156891949","0.0833333"
"2156891949","1653383105","0.0833333"
"1653383105","31535402","0.283333"
"31535402","1653383105","0.283333"
"1823076153","1977609394","0.0833333"
"1977609394","1823076153","0.0833333"
"1823076153","2076618134","0.0833333"
"2076618134","1823076153","0.0833333"
"1823076153","2091047798","0.0833333"
"2091047798","1823076153","0.0833333"
"1823076153","2151149636","0.0833333"
"2151149636","1823076153","0.0833333"
"1823076153","2156891949","0.0833333"
"2156891949","1823076153","0.0833333"
"1823076153","2168209108","0.0833333"
"2168209108","1823076153","0.0833333"
"1977609394","2091047798","0.0833333"
"2091047798","1977609394","0.0833333"
"1977609394","2151149636","0.0833333"
"2151149636","1977609394","0.0833333"
"1977609394","2156891949","0.0833333"
"2156891949","1977609394","0.0833333"
"1977609394","2168209108","0.0833333"
"2168209108","1977609394","0.0833333"
"2076618134","2151149636","0.0833333"
"2151149636","2076618134","0.0833333"
"2076618134","2156891949","0.0833333"
"2156891949","2076618134","0.0833333"
"2076618134","2168209108","0.0833333"
"2168209108","2076618134","0.0833333"
"2091047798","2151149636","0.0833333"
"2151149636","2091047798","0.0833333"
"2091047798","2156891949","0.0833333"
"2156891949","2091047798","0.0833333"
"2091047798","2168209108","0.0833333"
"2168209108","2091047798","0.0833333"
"2091047798","31535402","0.0833333"
"31535402","2091047798","0.0833333"
"2151149636","2156891949","0.0833333"
"2156891949","2151149636","0.0833333"
"2151149636","2168209108","0.0833333"
"2168209108","2151149636","0.0833333"
"2151149636","2399478729","0.0833333"
"2399478729","2151149636","0.0833333"
"2151149636","31535402","0.0833333"
"31535402","2151149636","0.0833333"
"2156891949","2168209108","0.0833333"
"2168209108","2156891949","0.0833333"
"2156891949","2399478729","0.0833333"
"2399478729","2156891949","0.0833333"
"2156891949","31535402","0.0833333"
"31535402","2156891949","0.0833333"
"2168209108","2399478729","0.0833333"
"2399478729","2168209108","0.0833333"
"2168209108","31535402","0.0833333"
"31535402","2168209108","0.0833333"
"1496949948","2399478729","0.142857"
"2399478729","1496949948","0.142857"
"14424850","639828804","0.166667"
"639828804","14424850","0.166667"
"2020825844","31535402","0.2"
"31535402","2020825844","0.2"
"2548481640","31535402","0.7"
"31535402","2548481640","0.7"
"122957096","2600345989","0.25"
"2600345989","122957096","0.25"
"122957096","2984383593","0.25"
"2984383593","122957096","0.25"
"1823076153","2600345989","1.58333"
"2600345989","1823076153","1.58333"
"1823076153","2984383593","1.25"
"2984383593","1823076153","1.25"
"2399478729","2600345989","0.25"
"2600345989","2399478729","0.25"
"2399478729","2984383593","0.25"
"2984383593","2399478729","0.25"
"2600345989","2984383593","0.25"
"2984383593","2600345989","0.25"
"14424850","2784308500","1"
"2784308500","14424850","1"
"14424850","1653383105","1.5"
"1653383105","14424850","1.5"
"14424850","2171477123","1"
"2171477123","14424850","1"
"1653383105","2171477123","1"
"2171477123","1653383105","1"
"1977609394","2980510282","0.166667"
"2980510282","1977609394","0.166667"
"2076618134","2138186643","0.166667"
"2138186643","2076618134","0.166667"
"2138186643","2980510282","0.166667"
"2980510282","2138186643","0.166667"
"2980510282","31535402","0.166667"
"31535402","2980510282","0.166667"
"1483669204","1966839689","0.166667"
"1966839689","1483669204","0.166667"
"1483669204","2132731949","5.16667"
"2132731949","1483669204","5.16667"
"1483669204","2153225416","0.5"
"2153225416","1483669204","0.5"
"1483669204","2170747163","0.166667"
