"113776889","174959926","10.1917"
"174959926","113776889","10.1917"
"113776889","1521222738","5.69167"
"1521222738","113776889","5.69167"
"1521222738","174959926","13.7391"
"174959926","1521222738","13.7391"
"113776889","136575154","0.625"
"136575154","113776889","0.625"
"136575154","174959926","2.34746"
"174959926","136575154","2.34746"
"113776889","1985309557","1.19167"
"1985309557","113776889","1.19167"
"1521222738","1985309557","7.02246"
"1985309557","1521222738","7.02246"
"174959926","1985309557","2.88198"
"1985309557","174959926","2.88198"
"113776889","1501524276","0.125"
"1501524276","113776889","0.125"
"113776889","1928996079","0.125"
"1928996079","113776889","0.125"
"113776889","2140770284","0.325"
"2140770284","113776889","0.325"
"113776889","2155591242","0.525"
"2155591242","113776889","0.525"
"136575154","1501524276","0.125"
"1501524276","136575154","0.125"
"136575154","1521222738","1.7046"
"1521222738","136575154","1.7046"
"136575154","1928996079","0.808766"
"1928996079","136575154","0.808766"
"136575154","1985309557","1.34746"
"1985309557","136575154","1.34746"
"136575154","2140770284","0.4375"
"2140770284","136575154","0.4375"
"136575154","2155591242","1.05877"
"2155591242","136575154","1.05877"
"1501524276","1521222738","0.325"
"1521222738","1501524276","0.325"
"1501524276","174959926","0.325"
"174959926","1501524276","0.325"
"1501524276","1928996079","0.325"
"1928996079","1501524276","0.325"
"1501524276","1985309557","0.325"
"1985309557","1501524276","0.325"
"1501524276","2140770284","0.125"
"2140770284","1501524276","0.125"
"1501524276","2155591242","0.325"
"2155591242","1501524276","0.325"
"1521222738","1928996079","1.85996"
"1928996079","1521222738","1.85996"
"1521222738","2140770284","2.81369"
"2140770284","1521222738","2.81369"
"1521222738","2155591242","1.50996"
"2155591242","1521222738","1.50996"
"174959926","1928996079","1.77662"
"1928996079","174959926","1.77662"
"174959926","2140770284","0.530357"
"2140770284","174959926","0.530357"
"174959926","2155591242","1.42662"
"2155591242","174959926","1.42662"
"1928996079","1985309557","3.35996"
"1985309557","1928996079","3.35996"
"1928996079","2140770284","0.35119"
"2140770284","1928996079","0.35119"
"1928996079","2155591242","6.60996"
"2155591242","1928996079","6.60996"
"1985309557","2140770284","1.81369"
"2140770284","1985309557","1.81369"
"1985309557","2155591242","2.50996"
"2155591242","1985309557","2.50996"
"2140770284","2155591242","0.55119"
"2155591242","2140770284","0.55119"
"113776889","2137321767","0.533333"
"2137321767","113776889","0.533333"
"1521222738","2137321767","0.290909"
"2137321767","1521222738","0.290909"
"174959926","2137321767","0.290909"
"2137321767","174959926","0.290909"
"1985309557","2137321767","0.290909"
"2137321767","1985309557","0.290909"
"2137321767","2155591242","0.290909"
"2155591242","2137321767","0.290909"
"113776889","160673594","0.333333"
"160673594","113776889","0.333333"
"113776889","27976699","0.333333"
"27976699","113776889","0.333333"
"160673594","2137321767","5.33333"
"2137321767","160673594","5.33333"
"160673594","27976699","5.33333"
"27976699","160673594","5.33333"
"2137321767","27976699","5.33333"
"27976699","2137321767","5.33333"
"136575154","2059056873","0.205357"
"2059056873","136575154","0.205357"
"136575154","2061418381","1.14286"
"2061418381","136575154","1.14286"
"136575154","2104072443","0.796266"
"2104072443","136575154","0.796266"
"136575154","2144249866","2.79627"
"2144249866","136575154","2.79627"
"136575154","82705410","4.18912"
"82705410","136575154","4.18912"
"174959926","2059056873","0.205357"
"2059056873","174959926","0.205357"
"174959926","2061418381","0.642857"
"2061418381","174959926","0.642857"
"174959926","2104072443","0.421266"
"2104072443","174959926","0.421266"
"174959926","2144249866","0.421266"
"2144249866","174959926","0.421266"
"174959926","82705410","0.564123"
"82705410","174959926","0.564123"
"1985309557","2059056873","0.205357"
"2059056873","1985309557","0.205357"
"1985309557","2061418381","0.42619"
"2061418381","1985309557","0.42619"
"1985309557","2104072443","0.5046"
"2104072443","1985309557","0.5046"
"1985309557","2144249866","0.7046"
"2144249866","1985309557","0.7046"
"1985309557","82705410","0.647457"
"82705410","1985309557","0.647457"
"2059056873","2061418381","0.142857"
"2061418381","2059056873","0.142857"
"2059056873","2104072443","0.205357"
"2104072443","2059056873","0.205357"
"2059056873","2144249866","1.20536"
"2144249866","2059056873","1.20536"
"2059056873","82705410","0.205357"
"82705410","2059056873","0.205357"
"2061418381","2104072443","0.22619"
"2104072443","2061418381","0.22619"
"2061418381","2144249866","0.42619"
"2144249866","2061418381","0.42619"
"2061418381","82705410","0.22619"
"82705410","2061418381","0.22619"
"2104072443","2144249866","1.0046"
"2144249866","2104072443","1.0046"
"2104072443","82705410","1.0046"
"82705410","2104072443","1.0046"
"2144249866","82705410","3.67127"
"82705410","2144249866","3.67127"
"136575154","1580803093","1.48674"
"1580803093","136575154","1.48674"
"1580803093","2144249866","3.19508"
"2144249866","1580803093","3.19508"
"1580803093","2155591242","1.29924"
"2155591242","1580803093","1.29924"
"1580803093","82705410","1.69508"
"82705410","1580803093","1.69508"
"2144249866","2155591242","0.799242"
"2155591242","2144249866","0.799242"
"2155591242","82705410","0.9421"
"82705410","2155591242","0.9421"
"136575154","2159003775","0.205357"
"2159003775","136575154","0.205357"
"1521222738","2159003775","0.348214"
"2159003775","1521222738","0.348214"
"1521222738","82705410","0.5046"
"82705410","1521222738","0.5046"
"174959926","2159003775","0.348214"
"2159003775","174959926","0.348214"
"1928996079","2159003775","0.285714"
"2159003775","1928996079","0.285714"
"1928996079","82705410","0.4421"
"82705410","1928996079","0.4421"
"1985309557","2159003775","0.348214"
"2159003775","1985309557","0.348214"
"2155591242","2159003775","0.285714"
"2159003775","2155591242","0.285714"
"2159003775","82705410","0.205357"
"82705410","2159003775","0.205357"
"136575154","2342604872","0.333333"
"2342604872","136575154","0.333333"
"2144249866","2342604872","0.333333"
"2342604872","2144249866","0.333333"
"2342604872","82705410","0.333333"
"82705410","2342604872","0.333333"
"136575154","1530079550","0.486742"
"1530079550","136575154","0.486742"
"136575154","2137321767","0.340909"
"2137321767","136575154","0.340909"
"1521222738","1530079550","0.353409"
"1530079550","1521222738","0.353409"
"1521222738","1580803093","0.361742"
"1580803093","1521222738","0.361742"
"1521222738","2104072443","0.361742"
"2104072443","1521222738","0.361742"
"1521222738","2144249866","0.561742"
"2144249866","1521222738","0.561742"
"1530079550","1580803093","0.653409"
"1580803093","1530079550","0.653409"
"1530079550","174959926","0.153409"
"174959926","1530079550","0.153409"
"1530079550","1928996079","0.0909091"
"1928996079","1530079550","0.0909091"
"1530079550","1985309557","0.353409"
"1985309557","1530079550","0.353409"
"1530079550","2104072443","0.153409"
"2104072443","1530079550","0.153409"
"1530079550","2137321767","1.42424"
"2137321767","1530079550","1.42424"
"1530079550","2144249866","1.52008"
"2144249866","1530079550","1.52008"
"1530079550","2155591242","0.0909091"
"2155591242","1530079550","0.0909091"
"1530079550","82705410","0.820076"
"82705410","1530079550","0.820076"
"1580803093","174959926","0.278409"
"174959926","1580803093","0.278409"
"1580803093","1928996079","0.299242"
"1928996079","1580803093","0.299242"
"1580803093","1985309557","0.361742"
"1985309557","1580803093","0.361742"
"1580803093","2104072443","0.861742"
"2104072443","1580803093","0.861742"
"1580803093","2137321767","0.0909091"
"2137321767","1580803093","0.0909091"
"1928996079","2104072443","0.799242"
"2104072443","1928996079","0.799242"
"1928996079","2137321767","0.0909091"
"2137321767","1928996079","0.0909091"
"1928996079","2144249866","0.299242"
"2144249866","1928996079","0.299242"
"2104072443","2137321767","0.0909091"
"2137321767","2104072443","0.0909091"
"2104072443","2155591242","0.299242"
"2155591242","2104072443","0.299242"
"2137321767","2144249866","1.75758"
"2144249866","2137321767","1.75758"
"2137321767","82705410","1.00758"
"82705410","2137321767","1.00758"
"136575154","2485631942","0.25"
"2485631942","136575154","0.25"
"2137321767","2140770284","0.583333"
"2140770284","2137321767","0.583333"
"2137321767","2485631942","0.25"
"2485631942","2137321767","0.25"
"2140770284","2485631942","0.25"
"2485631942","2140770284","0.25"
"2140770284","82705410","0.729167"
"82705410","2140770284","0.729167"
"2485631942","82705410","0.25"
"82705410","2485631942","0.25"
"136575154","1596677177","0.0625"
"1596677177","136575154","0.0625"
"136575154","1857795680","0.0625"
"1857795680","136575154","0.0625"
"136575154","2089737197","0.0625"
"2089737197","136575154","0.0625"
"136575154","2142375316","0.0625"
"2142375316","136575154","0.0625"
"136575154","2284066135","0.0625"
"2284066135","136575154","0.0625"
"1521222738","1596677177","0.145833"
"1596677177","1521222738","0.145833"
"1521222738","1857795680","0.145833"
"1857795680","1521222738","0.145833"
"1521222738","2059056873","0.0625"
"2059056873","1521222738","0.0625"
"1521222738","2089737197","0.145833"
"2089737197","1521222738","0.145833"
"1521222738","2142375316","0.0625"
"2142375316","1521222738","0.0625"
"1521222738","2284066135","0.0625"
"2284066135","1521222738","0.0625"
"1530079550","1596677177","0.0625"
"1596677177","1530079550","0.0625"
"1530079550","1857795680","0.0625"
"1857795680","1530079550","0.0625"
"1530079550","2059056873","0.0625"
"2059056873","1530079550","0.0625"
"1530079550","2089737197","0.0625"
"2089737197","1530079550","0.0625"
"1530079550","2140770284","0.2625"
"2140770284","1530079550","0.2625"
"1530079550","2142375316","0.0625"
"2142375316","1530079550","0.0625"
"1530079550","2159003775","0.0625"
"2159003775","1530079550","0.0625"
"1530079550","2284066135","0.0625"
"2284066135","1530079550","0.0625"
"1580803093","1596677177","0.145833"
"1596677177","1580803093","0.145833"
"1580803093","1857795680","0.145833"
"1857795680","1580803093","0.145833"
"1580803093","2059056873","0.0625"
"2059056873","1580803093","0.0625"
"1580803093","2089737197","0.145833"
"2089737197","1580803093","0.145833"
"1580803093","2140770284","0.145833"
"2140770284","1580803093","0.145833"
"1580803093","2142375316","0.0625"
"2142375316","1580803093","0.0625"
"1580803093","2159003775","0.0625"
"2159003775","1580803093","0.0625"
"1580803093","2284066135","0.0625"
"2284066135","1580803093","0.0625"
"1596677177","174959926","0.0625"
"174959926","1596677177","0.0625"
"1596677177","1857795680","12.9792"
"1857795680","1596677177","12.9792"
"1596677177","1985309557","0.145833"
"1985309557","1596677177","0.145833"
"1596677177","2059056873","0.0625"
"2059056873","1596677177","0.0625"
"1596677177","2089737197","8.97917"
"2089737197","1596677177","8.97917"
"1596677177","2104072443","0.145833"
"2104072443","1596677177","0.145833"
"1596677177","2140770284","0.145833"
"2140770284","1596677177","0.145833"
"1596677177","2142375316","1.39583"
"2142375316","1596677177","1.39583"
"1596677177","2144249866","0.145833"
"2144249866","1596677177","0.145833"
"1596677177","2159003775","0.0625"
"2159003775","1596677177","0.0625"
"1596677177","2284066135","0.0625"
"2284066135","1596677177","0.0625"
"1596677177","82705410","0.145833"
"82705410","1596677177","0.145833"
"174959926","1857795680","0.0625"
"1857795680","174959926","0.0625"
"174959926","2089737197","0.0625"
"2089737197","174959926","0.0625"
"174959926","2142375316","0.0625"
"2142375316","174959926","0.0625"
"174959926","2284066135","0.0625"
"2284066135","174959926","0.0625"
"1857795680","1985309557","0.145833"
"1985309557","1857795680","0.145833"
"1857795680","2059056873","0.0625"
"2059056873","1857795680","0.0625"
"1857795680","2089737197","9.97917"
"2089737197","1857795680","9.97917"
"1857795680","2104072443","0.145833"
"2104072443","1857795680","0.145833"
"1857795680","2140770284","0.145833"
"2140770284","1857795680","0.145833"
"1857795680","2142375316","1.39583"
"2142375316","1857795680","1.39583"
"1857795680","2144249866","0.145833"
"2144249866","1857795680","0.145833"
"1857795680","2159003775","0.0625"
"2159003775","1857795680","0.0625"
"1857795680","2284066135","0.0625"
"2284066135","1857795680","0.0625"
"1857795680","82705410","0.145833"
"82705410","1857795680","0.145833"
"1985309557","2089737197","0.145833"
"2089737197","1985309557","0.145833"
"1985309557","2142375316","0.0625"
"2142375316","1985309557","0.0625"
"1985309557","2284066135","0.0625"
"2284066135","1985309557","0.0625"
"2059056873","2089737197","0.0625"
"2089737197","2059056873","0.0625"
"2059056873","2140770284","0.0625"
"2140770284","2059056873","0.0625"
"2059056873","2142375316","0.0625"
"2142375316","2059056873","0.0625"
"2059056873","2159003775","0.0625"
"2159003775","2059056873","0.0625"
"2059056873","2284066135","8.89583"
"2284066135","2059056873","8.89583"
"2089737197","2104072443","0.145833"
"2104072443","2089737197","0.145833"
"2089737197","2140770284","0.145833"
"2140770284","2089737197","0.145833"
"2089737197","2142375316","1.39583"
"2142375316","2089737197","1.39583"
"2089737197","2144249866","0.145833"
"2144249866","2089737197","0.145833"
"2089737197","2159003775","0.0625"
"2159003775","2089737197","0.0625"
"2089737197","2284066135","0.0625"
"2284066135","2089737197","0.0625"
"2089737197","82705410","0.145833"
"82705410","2089737197","0.145833"
"2104072443","2140770284","0.145833"
"2140770284","2104072443","0.145833"
"2104072443","2142375316","0.0625"
"2142375316","2104072443","0.0625"
"2104072443","2159003775","0.0625"
"2159003775","2104072443","0.0625"
"2104072443","2284066135","0.0625"
"2284066135","2104072443","0.0625"
"2140770284","2142375316","0.0625"
"2142375316","2140770284","0.0625"
"2140770284","2144249866","0.679167"
"2144249866","2140770284","0.679167"
"2140770284","2159003775","0.205357"
"2159003775","2140770284","0.205357"
"2140770284","2284066135","0.0625"
"2284066135","2140770284","0.0625"
"2142375316","2144249866","0.0625"
"2144249866","2142375316","0.0625"
"2142375316","2159003775","0.0625"
"2159003775","2142375316","0.0625"
"2142375316","2284066135","0.0625"
"2284066135","2142375316","0.0625"
"2142375316","82705410","0.0625"
"82705410","2142375316","0.0625"
"2144249866","2159003775","0.0625"
"2159003775","2144249866","0.0625"
"2144249866","2284066135","0.0625"
"2284066135","2144249866","0.0625"
"2159003775","2284066135","0.0625"
"2284066135","2159003775","0.0625"
"2284066135","82705410","0.0625"
"82705410","2284066135","0.0625"
"1501524276","2015662797","1"
"2015662797","1501524276","1"
"1501524276","1987000429","0.333333"
"1987000429","1501524276","0.333333"
"1501524276","1994305268","0.333333"
"1994305268","1501524276","0.333333"
"1501524276","2113363259","0.333333"
"2113363259","1501524276","0.333333"
"1987000429","1994305268","5.45"
"1994305268","1987000429","5.45"
"1987000429","2113363259","5.45"
"2113363259","1987000429","5.45"
"1994305268","2113363259","18.95"
"2113363259","1994305268","18.95"
"1521222738","2061418381","0.783333"
"2061418381","1521222738","0.783333"
"1580803093","2061418381","0.0833333"
"2061418381","1580803093","0.0833333"
"1596677177","1928996079","0.0833333"
"1928996079","1596677177","0.0833333"
"1596677177","2061418381","0.0833333"
"2061418381","1596677177","0.0833333"
"1596677177","2155591242","0.0833333"
"2155591242","1596677177","0.0833333"
"1857795680","1928996079","0.0833333"
"1928996079","1857795680","0.0833333"
"1857795680","2061418381","0.0833333"
"2061418381","1857795680","0.0833333"
"1857795680","2155591242","0.0833333"
"2155591242","1857795680","0.0833333"
"1928996079","2061418381","0.0833333"
"2061418381","1928996079","0.0833333"
"1928996079","2089737197","0.0833333"
"2089737197","1928996079","0.0833333"
"2061418381","2089737197","0.0833333"
"2089737197","2061418381","0.0833333"
"2061418381","2140770284","0.283333"
"2140770284","2061418381","0.283333"
"2061418381","2155591242","0.0833333"
"2155591242","2061418381","0.0833333"
"2089737197","2155591242","0.0833333"
"2155591242","2089737197","0.0833333"
"1530079550","2061418381","0.2"
"2061418381","1530079550","0.2"
"1521222738","2342604872","0.142857"
"2342604872","1521222738","0.142857"
"174959926","2342604872","0.142857"
"2342604872","174959926","0.142857"
"1928996079","2342604872","0.142857"
"2342604872","1928996079","0.142857"
"1985309557","2342604872","0.142857"
"2342604872","1985309557","0.142857"
"2140770284","2342604872","1.14286"
"2342604872","2140770284","1.14286"
"2155591242","2342604872","0.142857"
"2342604872","2155591242","0.142857"
"2159003775","2342604872","0.142857"
"2342604872","2159003775","0.142857"
"1580803093","1585445430","0.5"
"1585445430","1580803093","0.5"
"1585445430","2155591242","1"
"2155591242","1585445430","1"
"1585445430","1928996079","1"
"1928996079","1585445430","1"
"1585445430","2170160220","1"
"2170160220","1585445430","1"
"1585445430","2104072443","0.5"
"2104072443","1585445430","0.5"
"1588334334","2009169514","0.75"
"2009169514","1588334334","0.75"
"1588334334","2017064567","0.75"
"2017064567","1588334334","0.75"
"2009169514","2017064567","1"
"2017064567","2009169514","1"
"1588334334","2055292158","0.25"
"2055292158","1588334334","0.25"
"1588334334","2545649789","0.25"
"2545649789","1588334334","0.25"
"2009169514","2055292158","2"
"2055292158","2009169514","2"
"2009169514","2545649789","0.25"
"2545649789","2009169514","0.25"
"2017064567","2055292158","0.5"
"2055292158","2017064567","0.5"
"2017064567","2545649789","1.25"
"2545649789","2017064567","1.25"
"2055292158","2545649789","0.25"
"2545649789","2055292158","0.25"
"1601418983","2016652422","0.916667"
"2016652422","1601418983","0.916667"
"1601418983","2117010345","2.66667"
"2117010345","1601418983","2.66667"
"1601418983","2127628926","4.66667"
"2127628926","1601418983","4.66667"
"1601418983","2287468533","1.5"
"2287468533","1601418983","1.5"
"2016652422","2117010345","1.41667"
"2117010345","2016652422","1.41667"
"2016652422","2127628926","1.91667"
"2127628926","2016652422","1.91667"
"2016652422","2287468533","1.08333"
"2287468533","2016652422","1.08333"
"2117010345","2127628926","4.5"
"2127628926","2117010345","4.5"
"2117010345","2287468533","6.33333"
"2287468533","2117010345","6.33333"
"2127628926","2287468533","4.33333"
"2287468533","2127628926","4.33333"
"1601418983","2080393976","0.583333"
"2080393976","1601418983","0.583333"
"1601418983","2104031512","0.333333"
"2104031512","1601418983","0.333333"
"2016652422","2080393976","6"
"2080393976","2016652422","6"
"2016652422","2104031512","3.5"
"2104031512","2016652422","3.5"
"2080393976","2104031512","1.5"
"2104031512","2080393976","1.5"
"2080393976","2117010345","1.41667"
"2117010345","2080393976","1.41667"
"2080393976","2127628926","1.41667"
"2127628926","2080393976","1.41667"
"2080393976","2287468533","1.41667"
"2287468533","2080393976","1.41667"
"2104031512","2117010345","0.333333"
"2117010345","2104031512","0.333333"
"2104031512","2127628926","0.333333"
"2127628926","2104031512","0.333333"
"2104031512","2287468533","0.333333"
"2287468533","2104031512","0.333333"
"1601418983","2061418381","0.333333"
"2061418381","1601418983","0.333333"
"2061418381","2117010345","0.333333"
"2117010345","2061418381","0.333333"
"2061418381","2127628926","0.833333"
"2127628926","2061418381","0.833333"
"1636970240","2396382682","3.84286"
"2396382682","1636970240","3.84286"
"1636970240","2899500964","1.25952"
"2899500964","1636970240","1.25952"
"2396382682","2899500964","1.94524"
"2899500964","2396382682","1.94524"
"1636970240","2009169514","0.2"
"2009169514","1636970240","0.2"
"1636970240","2019803754","0.909524"
"2019803754","1636970240","0.909524"
"1636970240","2070299948","1.09286"
"2070299948","1636970240","1.09286"
"1636970240","2460087158","0.342857"
"2460087158","1636970240","0.342857"
"1636970240","2470088391","0.592857"
"2470088391","1636970240","0.592857"
"1636970240","2566147423","0.842857"
"2566147423","1636970240","0.842857"
"1636970240","2740751575","0.2"
"2740751575","1636970240","0.2"
"1636970240","3023447977","0.366667"
"3023447977","1636970240","0.366667"
"2009169514","2019803754","1.1"
"2019803754","2009169514","1.1"
"2009169514","2070299948","0.4"
"2070299948","2009169514","0.4"
"2009169514","2396382682","1.4"
"2396382682","2009169514","1.4"
"2009169514","2460087158","0.2"
"2460087158","2009169514","0.2"
"2009169514","2470088391","0.2"
"2470088391","2009169514","0.2"
"2009169514","2566147423","0.4"
"2566147423","2009169514","0.4"
"2009169514","2740751575","0.2"
"2740751575","2009169514","0.2"
"2009169514","2899500964","0.4"
"2899500964","2009169514","0.4"
"2009169514","3023447977","0.2"
"3023447977","2009169514","0.2"
"2019803754","2070299948","1.46905"
"2070299948","2019803754","1.46905"
"2019803754","2396382682","2.91905"
"2396382682","2019803754","2.91905"
"2019803754","2460087158","0.242857"
"2460087158","2019803754","0.242857"
"2019803754","2470088391","1.41905"
"2470088391","2019803754","1.41905"
"2019803754","2566147423","1.41905"
"2566147423","2019803754","1.41905"
"2019803754","2740751575","0.35"
"2740751575","2019803754","0.35"
"2019803754","2899500964","1.58571"
"2899500964","2019803754","1.58571"
"2019803754","3023447977","0.609524"
"3023447977","2019803754","0.609524"
"2070299948","2396382682","2.60238"
"2396382682","2070299948","2.60238"
"2070299948","2460087158","0.342857"
"2460087158","2070299948","0.342857"
"2070299948","2470088391","0.735714"
"2470088391","2070299948","0.735714"
"2070299948","2566147423","8.68571"
"2566147423","2070299948","8.68571"
"2070299948","2740751575","0.2"
"2740751575","2070299948","0.2"
"2070299948","2899500964","0.852381"
"2899500964","2070299948","0.852381"
"2070299948","3023447977","0.842857"
"3023447977","2070299948","0.842857"
"2396382682","2460087158","0.485714"
"2460087158","2396382682","0.485714"
"2396382682","2470088391","1.07857"
"2470088391","2396382682","1.07857"
"2396382682","2566147423","2.69524"
"2566147423","2396382682","2.69524"
"2396382682","2740751575","0.342857"
"2740751575","2396382682","0.342857"
"2396382682","3023447977","0.852381"
"3023447977","2396382682","0.852381"
"2460087158","2470088391","0.485714"
"2470088391","2460087158","0.485714"
"2460087158","2566147423","0.735714"
"2566147423","2460087158","0.735714"
"2460087158","2740751575","0.592857"
"2740751575","2460087158","0.592857"
"2460087158","2899500964","0.735714"
"2899500964","2460087158","0.735714"
"2460087158","3023447977","0.342857"
"3023447977","2460087158","0.342857"
"2470088391","2566147423","1.32857"
"2566147423","2470088391","1.32857"
"2470088391","2740751575","0.592857"
"2740751575","2470088391","0.592857"
"2470088391","2899500964","2.9119"
"2899500964","2470088391","2.9119"
"2470088391","3023447977","0.685714"
"3023447977","2470088391","0.685714"
"2566147423","2740751575","2.84286"
"2740751575","2566147423","2.84286"
"2566147423","2899500964","4.19524"
"2899500964","2566147423","4.19524"
"2566147423","3023447977","1.93571"
"3023447977","2566147423","1.93571"
"2740751575","2899500964","1.59286"
"2899500964","2740751575","1.59286"
"2740751575","3023447977","0.592857"
"3023447977","2740751575","0.592857"
"2899500964","3023447977","1.10238"
"3023447977","2899500964","1.10238"
"1636970240","2798663050","0.35"
"2798663050","1636970240","0.35"
"2019803754","2798663050","0.833333"
"2798663050","2019803754","0.833333"
"2396382682","2798663050","0.55"
"2798663050","2396382682","0.55"
"2798663050","2899500964","2.13333"
"2899500964","2798663050","2.13333"
"2009169514","2798663050","0.3"
"2798663050","2009169514","0.3"
"2070299948","2798663050","0.633333"
"2798663050","2070299948","0.633333"
"2460087158","2798663050","0.35"
"2798663050","2460087158","0.35"
"2470088391","2798663050","0.683333"
"2798663050","2470088391","0.683333"
"2566147423","2798663050","1.63333"
"2798663050","2566147423","1.63333"
"2740751575","2798663050","1.35"
"2798663050","2740751575","1.35"
"2798663050","3023447977","4.18333"
"3023447977","2798663050","4.18333"
"1974316974","2035922847","8.16667"
"2035922847","1974316974","8.16667"
"1974316974","2231580935","4.16667"
"2231580935","1974316974","4.16667"
"2035922847","2231580935","5.16667"
"2231580935","2035922847","5.16667"
"1974316974","2485631942","0.666667"
"2485631942","1974316974","0.666667"
"2035922847","2485631942","3.16667"
"2485631942","2035922847","3.16667"
"2231580935","2485631942","4.66667"
"2485631942","2231580935","4.66667"
"1987000429","2238389354","0.333333"
"2238389354","1987000429","0.333333"
"1994305268","2238389354","1.33333"
"2238389354","1994305268","1.33333"
"2113363259","2238389354","0.333333"
"2238389354","2113363259","0.333333"
"1987000429","2114346296","2.45"
"2114346296","1987000429","2.45"
"1994305268","2114346296","8.95"
"2114346296","1994305268","8.95"
"2113363259","2114346296","5.95"
"2114346296","2113363259","5.95"
"1987000429","2005054045","0.45"
"2005054045","1987000429","0.45"
"1994305268","2005054045","1.95"
"2005054045","1994305268","1.95"
"2005054045","2113363259","0.95"
"2113363259","2005054045","0.95"
"2005054045","2114346296","0.45"
"2114346296","2005054045","0.45"
"1987000429","2165028455","0.2"
"2165028455","1987000429","0.2"
"1994305268","2165028455","0.2"
"2165028455","1994305268","0.2"
"2005054045","2165028455","15.0333"
"2165028455","2005054045","15.0333"
"2113363259","2165028455","0.2"
"2165028455","2113363259","0.2"
"2114346296","2165028455","0.2"
"2165028455","2114346296","0.2"
"1987000429","2009169514","0.333333"
"2009169514","1987000429","0.333333"
"1994305268","2009169514","0.833333"
"2009169514","1994305268","0.833333"
"2009169514","2113363259","0.833333"
"2113363259","2009169514","0.833333"
"1994305268","2022520289","0.5"
"2022520289","1994305268","0.5"
"1994305268","2048955106","0.5"
"2048955106","1994305268","0.5"
"2022520289","2048955106","0.5"
"2048955106","2022520289","0.5"
"2005054045","2260560630","1.5"
"2260560630","2005054045","1.5"
"2165028455","2260560630","0.5"
"2260560630","2165028455","0.5"
"2005054045","2284066135","0.833333"
"2284066135","2005054045","0.833333"
"2165028455","2284066135","0.833333"
"2284066135","2165028455","0.833333"
"2005054045","2059056873","0.833333"
"2059056873","2005054045","0.833333"
"2059056873","2165028455","0.833333"
"2165028455","2059056873","0.833333"
"2009169514","2022520289","1"
"2022520289","2009169514","1"
"2009169514","2400777513","0.75"
"2400777513","2009169514","0.75"
"2055292158","2400777513","0.75"
"2400777513","2055292158","0.75"
"2009169514","2114346296","0.25"
"2114346296","2009169514","0.25"
"2017064567","2114346296","0.25"
"2114346296","2017064567","0.25"
"2017064567","2400777513","0.25"
"2400777513","2017064567","0.25"
"2055292158","2114346296","0.25"
"2114346296","2055292158","0.25"
"2114346296","2400777513","0.25"
"2400777513","2114346296","0.25"
"2015662797","2042130547","6.83333"
"2042130547","2015662797","6.83333"
"2015662797","2061418381","0.833333"
"2061418381","2015662797","0.833333"
"2015662797","2952461507","0.333333"
"2952461507","2015662797","0.333333"
"2042130547","2061418381","0.833333"
"2061418381","2042130547","0.833333"
"2042130547","2952461507","0.333333"
"2952461507","2042130547","0.333333"
"2061418381","2952461507","0.333333"
"2952461507","2061418381","0.333333"
"2016652422","2061418381","1.16667"
"2061418381","2016652422","1.16667"
"2061418381","2080393976","0.666667"
"2080393976","2061418381","0.666667"
"2061418381","2104031512","0.666667"
"2104031512","2061418381","0.666667"
"2019803754","2048955106","0.142857"
"2048955106","2019803754","0.142857"
"2048955106","2070299948","0.142857"
"2070299948","2048955106","0.142857"
"2048955106","2396382682","2.14286"
"2396382682","2048955106","2.14286"
"2048955106","2470088391","0.142857"
"2470088391","2048955106","0.142857"
"2048955106","2566147423","0.142857"
"2566147423","2048955106","0.142857"
"2048955106","2899500964","0.142857"
"2899500964","2048955106","0.142857"
"2048955106","3023447977","0.142857"
"3023447977","2048955106","0.142857"
"2022520289","2284066135","0.5"
"2284066135","2022520289","0.5"
"2022520289","2952461507","0.5"
"2952461507","2022520289","0.5"
"2284066135","2952461507","1"
"2952461507","2284066135","1"
"2035922847","2144249866","0.5"
"2144249866","2035922847","0.5"
"2144249866","2485631942","0.5"
"2485631942","2144249866","0.5"
"2048955106","2059056873","1"
"2059056873","2048955106","1"
"2048955106","2284066135","1"
"2284066135","2048955106","1"
"2059056873","2952461507","0.5"
"2952461507","2059056873","0.5"
"2061418381","2238389354","1"
"2238389354","2061418381","1"
"2282573215","2474436427","1.5"
"2474436427","2282573215","1.5"
"2282573215","2545649789","1.5"
"2545649789","2282573215","1.5"
"2474436427","2545649789","0.5"
"2545649789","2474436427","0.5"
"2396382682","2572252154","0.142857"
"2572252154","2396382682","0.142857"
"2460087158","2572252154","0.142857"
"2572252154","2460087158","0.142857"
"2470088391","2572252154","0.142857"
"2572252154","2470088391","0.142857"
"2566147423","2572252154","0.142857"
"2572252154","2566147423","0.142857"
"2572252154","2740751575","0.142857"
"2740751575","2572252154","0.142857"
"2572252154","2899500964","0.142857"
"2899500964","2572252154","0.142857"
"2572252154","3023447977","0.142857"
"3023447977","2572252154","0.142857"
