"1490356693","1571814343","0.571429"
"1571814343","1490356693","0.571429"
"1490356693","1602092643","0.988095"
"1602092643","1490356693","0.988095"
"1490356693","2008689209","0.654762"
"2008689209","1490356693","0.654762"
"1490356693","2065403368","12.1548"
"2065403368","1490356693","12.1548"
"1571814343","1602092643","0.321429"
"1602092643","1571814343","0.321429"
"1571814343","2008689209","0.571429"
"2008689209","1571814343","0.571429"
"1571814343","2065403368","0.571429"
"2065403368","1571814343","0.571429"
"1602092643","2008689209","0.654762"
"2008689209","1602092643","0.654762"
"1602092643","2065403368","0.988095"
"2065403368","1602092643","0.988095"
"2008689209","2065403368","7.15476"
"2065403368","2008689209","7.15476"
"1490356693","2343724232","5.16667"
"2343724232","1490356693","5.16667"
"2065403368","2343724232","3.80952"
"2343724232","2065403368","3.80952"
"1490356693","1528219485","0.321429"
"1528219485","1490356693","0.321429"
"1490356693","2086975263","0.821429"
"2086975263","1490356693","0.821429"
"1490356693","25086975","0.5"
"25086975","1490356693","0.5"
"1528219485","2065403368","0.321429"
"2065403368","1528219485","0.321429"
"1528219485","2086975263","5.32143"
"2086975263","1528219485","5.32143"
"1528219485","25086975","0.25"
"25086975","1528219485","0.25"
"2065403368","2086975263","2.46429"
"2086975263","2065403368","2.46429"
"2065403368","25086975","0.5"
"25086975","2065403368","0.5"
"2086975263","25086975","2.5"
"25086975","2086975263","2.5"
"1490356693","1669021284","0.321429"
"1669021284","1490356693","0.321429"
"1571814343","1669021284","3.82143"
"1669021284","1571814343","3.82143"
"1571814343","25086975","3.75"
"25086975","1571814343","3.75"
"1669021284","2065403368","0.321429"
"2065403368","1669021284","0.321429"
"1669021284","25086975","6"
"25086975","1669021284","6"
"1490356693","54548619","0.5"
"54548619","1490356693","0.5"
"1602092643","54548619","0.333333"
"54548619","1602092643","0.333333"
"2065403368","54548619","0.642857"
"54548619","2065403368","0.642857"
"1490356693","1574180199","0.0714286"
"1574180199","1490356693","0.0714286"
"1490356693","2021834189","0.238095"
"2021834189","1490356693","0.238095"
"1490356693","2025081100","0.0714286"
"2025081100","1490356693","0.0714286"
"1490356693","2040298877","0.0714286"
"2040298877","1490356693","0.0714286"
"1490356693","2091171277","0.0714286"
"2091171277","1490356693","0.0714286"
"1490356693","2119866339","0.0714286"
"2119866339","1490356693","0.0714286"
"1490356693","2148239836","0.238095"
"2148239836","1490356693","0.238095"
"1528219485","1571814343","1.21429"
"1571814343","1528219485","1.21429"
"1528219485","1574180199","0.571429"
"1574180199","1528219485","0.571429"
"1528219485","1602092643","0.0714286"
"1602092643","1528219485","0.0714286"
"1528219485","1669021284","0.571429"
"1669021284","1528219485","0.571429"
"1528219485","2008689209","0.0714286"
"2008689209","1528219485","0.0714286"
"1528219485","2021834189","0.238095"
"2021834189","1528219485","0.238095"
"1528219485","2025081100","0.880952"
"2025081100","1528219485","0.880952"
"1528219485","2040298877","0.0714286"
"2040298877","1528219485","0.0714286"
"1528219485","2091171277","0.0714286"
"2091171277","1528219485","0.0714286"
"1528219485","2119866339","0.880952"
"2119866339","1528219485","0.880952"
"1528219485","2148239836","1.21429"
"2148239836","1528219485","1.21429"
"1571814343","1574180199","0.654762"
"1574180199","1571814343","0.654762"
"1571814343","2021834189","0.404762"
"2021834189","1571814343","0.404762"
"1571814343","2025081100","1.04762"
"2025081100","1571814343","1.04762"
"1571814343","2040298877","0.321429"
"2040298877","1571814343","0.321429"
"1571814343","2086975263","1.82143"
"2086975263","1571814343","1.82143"
"1571814343","2091171277","0.571429"
"2091171277","1571814343","0.571429"
"1571814343","2119866339","0.380952"
"2119866339","1571814343","0.380952"
"1571814343","2148239836","1.21429"
"2148239836","1571814343","1.21429"
"1574180199","1602092643","0.0714286"
"1602092643","1574180199","0.0714286"
"1574180199","1669021284","38.2381"
"1669021284","1574180199","38.2381"
"1574180199","2008689209","0.0714286"
"2008689209","1574180199","0.0714286"
"1574180199","2021834189","0.321429"
"2021834189","1574180199","0.321429"
"1574180199","2025081100","0.0714286"
"2025081100","1574180199","0.0714286"
"1574180199","2040298877","0.0714286"
"2040298877","1574180199","0.0714286"
"1574180199","2065403368","0.0714286"
"2065403368","1574180199","0.0714286"
"1574180199","2086975263","0.321429"
"2086975263","1574180199","0.321429"
"1574180199","2091171277","1.32143"
"2091171277","1574180199","1.32143"
"1574180199","2119866339","0.321429"
"2119866339","1574180199","0.321429"
"1574180199","2148239836","1.2381"
"2148239836","1574180199","1.2381"
"1602092643","1669021284","0.0714286"
"1669021284","1602092643","0.0714286"
"1602092643","2021834189","0.0714286"
"2021834189","1602092643","0.0714286"
"1602092643","2025081100","0.0714286"
"2025081100","1602092643","0.0714286"
"1602092643","2040298877","0.0714286"
"2040298877","1602092643","0.0714286"
"1602092643","2086975263","0.0714286"
"2086975263","1602092643","0.0714286"
"1602092643","2091171277","0.0714286"
"2091171277","1602092643","0.0714286"
"1602092643","2119866339","0.0714286"
"2119866339","1602092643","0.0714286"
"1602092643","2148239836","0.0714286"
"2148239836","1602092643","0.0714286"
"1669021284","2008689209","0.571429"
"2008689209","1669021284","0.571429"
"1669021284","2021834189","0.488095"
"2021834189","1669021284","0.488095"
"1669021284","2025081100","0.0714286"
"2025081100","1669021284","0.0714286"
"1669021284","2040298877","0.571429"
"2040298877","1669021284","0.571429"
"1669021284","2086975263","2.32143"
"2086975263","1669021284","2.32143"
"1669021284","2091171277","1.32143"
"2091171277","1669021284","1.32143"
"1669021284","2119866339","0.321429"
"2119866339","1669021284","0.321429"
"1669021284","2148239836","1.2381"
"2148239836","1669021284","1.2381"
"2008689209","2021834189","0.0714286"
"2021834189","2008689209","0.0714286"
"2008689209","2025081100","0.0714286"
"2025081100","2008689209","0.0714286"
"2008689209","2040298877","2.57143"
"2040298877","2008689209","2.57143"
"2008689209","2086975263","0.571429"
"2086975263","2008689209","0.571429"
"2008689209","2091171277","1.07143"
"2091171277","2008689209","1.07143"
"2008689209","2119866339","0.0714286"
"2119866339","2008689209","0.0714286"
"2008689209","2148239836","0.0714286"
"2148239836","2008689209","0.0714286"
"2021834189","2025081100","1.07143"
"2025081100","2021834189","1.07143"
"2021834189","2040298877","0.0714286"
"2040298877","2021834189","0.0714286"
"2021834189","2065403368","0.238095"
"2065403368","2021834189","0.238095"
"2021834189","2086975263","1.2381"
"2086975263","2021834189","1.2381"
"2021834189","2091171277","0.0714286"
"2091171277","2021834189","0.0714286"
"2021834189","2119866339","1.40476"
"2119866339","2021834189","1.40476"
"2021834189","2148239836","0.571429"
"2148239836","2021834189","0.571429"
"2025081100","2040298877","0.0714286"
"2040298877","2025081100","0.0714286"
"2025081100","2065403368","0.0714286"
"2065403368","2025081100","0.0714286"
"2025081100","2086975263","0.0714286"
"2086975263","2025081100","0.0714286"
"2025081100","2091171277","0.0714286"
"2091171277","2025081100","0.0714286"
"2025081100","2119866339","4.58095"
"2119866339","2025081100","4.58095"
"2025081100","2148239836","0.214286"
"2148239836","2025081100","0.214286"
"2040298877","2065403368","0.0714286"
"2065403368","2040298877","0.0714286"
"2040298877","2086975263","0.0714286"
"2086975263","2040298877","0.0714286"
"2040298877","2091171277","0.0714286"
"2091171277","2040298877","0.0714286"
"2040298877","2119866339","0.0714286"
"2119866339","2040298877","0.0714286"
"2040298877","2148239836","0.0714286"
"2148239836","2040298877","0.0714286"
"2065403368","2091171277","1.21429"
"2091171277","2065403368","1.21429"
"2065403368","2119866339","0.214286"
"2119866339","2065403368","0.214286"
"2065403368","2148239836","0.380952"
"2148239836","2065403368","0.380952"
"2086975263","2091171277","0.714286"
"2091171277","2086975263","0.714286"
"2086975263","2119866339","0.464286"
"2119866339","2086975263","0.464286"
"2086975263","2148239836","1.21429"
"2148239836","2086975263","1.21429"
"2091171277","2119866339","0.214286"
"2119866339","2091171277","0.214286"
"2091171277","2148239836","0.214286"
"2148239836","2091171277","0.214286"
"2119866339","2148239836","2.69048"
"2148239836","2119866339","2.69048"
"1490356693","2135311261","0.166667"
"2135311261","1490356693","0.166667"
"2021834189","2135311261","3"
"2135311261","2021834189","3"
"2021834189","2343724232","0.166667"
"2343724232","2021834189","0.166667"
"2021834189","54548619","5.75"
"54548619","2021834189","5.75"
"2065403368","2135311261","0.309524"
"2135311261","2065403368","0.309524"
"2135311261","2148239836","0.785714"
"2148239836","2135311261","0.785714"
"2135311261","2343724232","0.309524"
"2343724232","2135311261","0.309524"
"2135311261","54548619","7.72619"
"54548619","2135311261","7.72619"
"2148239836","2343724232","0.309524"
"2343724232","2148239836","0.309524"
"2148239836","54548619","5.30952"
"54548619","2148239836","5.30952"
"2343724232","54548619","0.309524"
"54548619","2343724232","0.309524"
"1528219485","27917198","0.5"
"27917198","1528219485","0.5"
"1528219485","29666108","0.5"
"29666108","1528219485","0.5"
"27917198","29666108","4.33333"
"29666108","27917198","4.33333"
"1528219485","154341081","0.166667"
"154341081","1528219485","0.166667"
"1528219485","2135311261","0.309524"
"2135311261","1528219485","0.309524"
"1528219485","54548619","1.16667"
"54548619","1528219485","1.16667"
"154341081","2021834189","0.333333"
"2021834189","154341081","0.333333"
"154341081","2025081100","3.45"
"2025081100","154341081","3.45"
"154341081","2119866339","0.533333"
"2119866339","154341081","0.533333"
"154341081","2135311261","0.7"
"2135311261","154341081","0.7"
"154341081","54548619","0.333333"
"54548619","154341081","0.333333"
"2025081100","2135311261","1.50952"
"2135311261","2025081100","1.50952"
"2025081100","54548619","1"
"54548619","2025081100","1"
"2119866339","2135311261","1.56905"
"2135311261","2119866339","1.56905"
"2119866339","54548619","0.72619"
"54548619","2119866339","0.72619"
"1528219485","1956117811","0.642857"
"1956117811","1528219485","0.642857"
"1528219485","2075097795","0.5"
"2075097795","1528219485","0.5"
"1956117811","2075097795","9.53333"
"2075097795","1956117811","9.53333"
"1528219485","2243662349","1"
"2243662349","1528219485","1"
"1528219485","2164861862","1"
"2164861862","1528219485","1"
"1528219485","82053528","1.14286"
"82053528","1528219485","1.14286"
"1571814343","1956117811","1.14286"
"1956117811","1571814343","1.14286"
"1571814343","2135311261","0.97619"
"2135311261","1571814343","0.97619"
"1571814343","82053528","11.3095"
"82053528","1571814343","11.3095"
"1956117811","2025081100","2.25952"
"2025081100","1956117811","2.25952"
"1956117811","2119866339","2.75952"
"2119866339","1956117811","2.75952"
"1956117811","2135311261","1.00952"
"2135311261","1956117811","1.00952"
"1956117811","2148239836","0.97619"
"2148239836","1956117811","0.97619"
"1956117811","82053528","0.142857"
"82053528","1956117811","0.142857"
"2025081100","82053528","0.309524"
"82053528","2025081100","0.309524"
"2119866339","82053528","0.309524"
"82053528","2119866339","0.309524"
"2135311261","82053528","0.142857"
"82053528","2135311261","0.142857"
"2148239836","82053528","0.142857"
"82053528","2148239836","0.142857"
"1528219485","2502600090","1"
"2502600090","1528219485","1"
"154341081","1571814343","1.16667"
"1571814343","154341081","1.16667"
"154341081","1956117811","1.45"
"1956117811","154341081","1.45"
"154341081","2075097795","0.45"
"2075097795","154341081","0.45"
"154341081","2193061621","0.25"
"2193061621","154341081","0.25"
"1956117811","2193061621","3.58333"
"2193061621","1956117811","3.58333"
"2025081100","2075097795","0.45"
"2075097795","2025081100","0.45"
"2025081100","2193061621","0.25"
"2193061621","2025081100","0.25"
"2075097795","2193061621","6.58333"
"2193061621","2075097795","6.58333"
"154341081","82053528","0.166667"
"82053528","154341081","0.166667"
"1571814343","54548619","0.666667"
"54548619","1571814343","0.666667"
"2021834189","82053528","0.166667"
"82053528","2021834189","0.166667"
"54548619","82053528","0.5"
"82053528","54548619","0.5"
"2075097795","2119866339","0.783333"
"2119866339","2075097795","0.783333"
"2075097795","2135311261","0.2"
"2135311261","2075097795","0.2"
"1571814343","27917198","0.416667"
"27917198","1571814343","0.416667"
"1669021284","27917198","0.583333"
"27917198","1669021284","0.583333"
"2086975263","27917198","1.25"
"27917198","2086975263","1.25"
"25086975","27917198","0.416667"
"27917198","25086975","0.416667"
"2008689209","25086975","0.5"
"25086975","2008689209","0.5"
"2040298877","25086975","0.5"
"25086975","2040298877","0.5"
"1571814343","2164861862","1"
"2164861862","1571814343","1"
"1571814343","2245246619","0.666667"
"2245246619","1571814343","0.666667"
"1669021284","2245246619","0.666667"
"2245246619","1669021284","0.666667"
"2245246619","25086975","0.666667"
"25086975","2245246619","0.666667"
"1571814343","29666108","0.166667"
"29666108","1571814343","0.166667"
"1669021284","29666108","0.583333"
"29666108","1669021284","0.583333"
"2021834189","25086975","0.166667"
"25086975","2021834189","0.166667"
"2021834189","27917198","0.166667"
"27917198","2021834189","0.166667"
"2021834189","29666108","0.166667"
"29666108","2021834189","0.166667"
"2086975263","29666108","0.166667"
"29666108","2086975263","0.166667"
"25086975","29666108","0.416667"
"29666108","25086975","0.416667"
"1571814343","2243662349","0.25"
"2243662349","1571814343","0.25"
"1669021284","2243662349","1.66667"
"2243662349","1669021284","1.66667"
"2086975263","2243662349","0.5"
"2243662349","2086975263","0.5"
"2243662349","25086975","0.25"
"25086975","2243662349","0.25"
"1574180199","25086975","0.583333"
"25086975","1574180199","0.583333"
"1574180199","2135311261","2.58333"
"2135311261","1574180199","2.58333"
"1574180199","54548619","6.08333"
"54548619","1574180199","6.08333"
"1669021284","2135311261","2.58333"
"2135311261","1669021284","2.58333"
"1669021284","54548619","6.08333"
"54548619","1669021284","6.08333"
"1574180199","2243662349","1.41667"
"2243662349","1574180199","1.41667"
"2091171277","54548619","0.892857"
"54548619","2091171277","0.892857"
"1574180199","82053528","0.333333"
"82053528","1574180199","0.333333"
"1669021284","82053528","0.333333"
"82053528","1669021284","0.333333"
"1574180199","2164861862","0.25"
"2164861862","1574180199","0.25"
"1669021284","2164861862","0.25"
"2164861862","1669021284","0.25"
"2091171277","2164861862","0.25"
"2164861862","2091171277","0.25"
"2164861862","54548619","0.25"
"54548619","2164861862","0.25"
"2021834189","2243662349","0.25"
"2243662349","2021834189","0.25"
"2243662349","54548619","0.416667"
"54548619","2243662349","0.416667"
"1574180199","27917198","0.166667"
"27917198","1574180199","0.166667"
"1574180199","29666108","0.166667"
"29666108","1574180199","0.166667"
"2091171277","2243662349","0.166667"
"2243662349","2091171277","0.166667"
"2091171277","27917198","0.166667"
"27917198","2091171277","0.166667"
"2091171277","29666108","0.166667"
"29666108","2091171277","0.166667"
"2243662349","27917198","0.166667"
"27917198","2243662349","0.166667"
"2243662349","29666108","0.166667"
"29666108","2243662349","0.166667"
"27917198","54548619","0.166667"
"54548619","27917198","0.166667"
"29666108","54548619","0.166667"
"54548619","29666108","0.166667"
"2008689209","29666108","0.25"
"29666108","2008689209","0.25"
"2040298877","29666108","0.25"
"29666108","2040298877","0.25"
"192574927","2010560519","2.5"
"2010560519","192574927","2.5"
"192574927","29666108","1"
"29666108","192574927","1"
"2010560519","29666108","2"
"29666108","2010560519","2"
"192574927","27917198","0.5"
"27917198","192574927","0.5"
"2010560519","27917198","2.83333"
"27917198","2010560519","2.83333"
"1956117811","2086975263","0.25"
"2086975263","1956117811","0.25"
"1956117811","2243662349","0.25"
"2243662349","1956117811","0.25"
"2075097795","2086975263","0.25"
"2086975263","2075097795","0.25"
"2075097795","2243662349","0.25"
"2243662349","2075097795","0.25"
"2119866339","2243662349","0.25"
"2243662349","2119866339","0.25"
"2119866339","2193061621","0.333333"
"2193061621","2119866339","0.333333"
"1996234431","2613465221","9"
"2613465221","1996234431","9"
"2010560519","2086975263","0.833333"
"2086975263","2010560519","0.833333"
"2010560519","2245246619","1.83333"
"2245246619","2010560519","1.83333"
"2086975263","2245246619","0.333333"
"2245246619","2086975263","0.333333"
"2245246619","27917198","0.833333"
"27917198","2245246619","0.833333"
"2021834189","2213458976","0.333333"
"2213458976","2021834189","0.333333"
"2148239836","2213458976","1.33333"
"2213458976","2148239836","1.33333"
"2213458976","54548619","0.333333"
"54548619","2213458976","0.333333"
"2025081100","2213458976","0.333333"
"2213458976","2025081100","0.333333"
"2119866339","2213458976","1.33333"
"2213458976","2119866339","1.33333"
"2135311261","2213458976","0.333333"
"2213458976","2135311261","0.333333"
"2086975263","2135311261","1.64286"
"2135311261","2086975263","1.64286"
"2086975263","2343724232","0.142857"
"2343724232","2086975263","0.142857"
"2086975263","54548619","0.642857"
"54548619","2086975263","0.642857"
"2091171277","2135311261","0.142857"
"2135311261","2091171277","0.142857"
"2091171277","2343724232","0.142857"
"2343724232","2091171277","0.142857"
"2119866339","2343724232","0.142857"
"2343724232","2119866339","0.142857"
"2065403368","2243662349","0.5"
"2243662349","2065403368","0.5"
"2243662349","2343724232","0.5"
"2343724232","2243662349","0.5"
"2091171277","2213458976","1"
"2213458976","2091171277","1"
"2119866339","29666108","0.5"
"29666108","2119866339","0.5"
"2148239836","29666108","3"
"29666108","2148239836","3"
"2148239836","27917198","2.5"
"27917198","2148239836","2.5"
"2164861862","2243662349","1"
"2243662349","2164861862","1"
