"117115851","2110437951","2.16667"
"2110437951","117115851","2.16667"
"117115851","2532890539","1.33333"
"2532890539","117115851","1.33333"
"2110437951","2532890539","0.833333"
"2532890539","2110437951","0.833333"
"117115851","2099426598","1.91667"
"2099426598","117115851","1.91667"
"117115851","2166855330","1.66667"
"2166855330","117115851","1.66667"
"2099426598","2166855330","3.66667"
"2166855330","2099426598","3.66667"
"117115851","1562494836","0.666667"
"1562494836","117115851","0.666667"
"117115851","1991796154","0.833333"
"1991796154","117115851","0.833333"
"1562494836","1991796154","6.45"
"1991796154","1562494836","6.45"
"1562494836","2099426598","2"
"2099426598","1562494836","2"
"1562494836","2532890539","5.825"
"2532890539","1562494836","5.825"
"1991796154","2099426598","1.66667"
"2099426598","1991796154","1.66667"
"1991796154","2532890539","2.99167"
"2532890539","1991796154","2.99167"
"2099426598","2532890539","1.75"
"2532890539","2099426598","1.75"
"2099426598","2110437951","5.16667"
"2110437951","2099426598","5.16667"
"1562494836","2110437951","1"
"2110437951","1562494836","1"
"1562494836","2166855330","0.5"
"2166855330","1562494836","0.5"
"1991796154","2110437951","0.666667"
"2110437951","1991796154","0.666667"
"1991796154","2166855330","0.666667"
"2166855330","1991796154","0.666667"
"2110437951","2166855330","11"
"2166855330","2110437951","11"
"2166855330","2532890539","0.333333"
"2532890539","2166855330","0.333333"
"117115851","2531160404","0.25"
"2531160404","117115851","0.25"
"1562494836","2531160404","5.03333"
"2531160404","1562494836","5.03333"
"1991796154","2531160404","10.7333"
"2531160404","1991796154","10.7333"
"2531160404","2532890539","2.40833"
"2532890539","2531160404","2.40833"
"117115851","2604504584","0.166667"
"2604504584","117115851","0.166667"
"1991796154","2604504584","0.291667"
"2604504584","1991796154","0.291667"
"2099426598","2604504584","0.166667"
"2604504584","2099426598","0.166667"
"2110437951","2604504584","0.166667"
"2604504584","2110437951","0.166667"
"2166855330","2604504584","0.166667"
"2604504584","2166855330","0.166667"
"2532890539","2604504584","0.291667"
"2604504584","2532890539","0.291667"
"1545869360","172773819","2.2"
"172773819","1545869360","2.2"
"1545869360","2004625705","2.2"
"2004625705","1545869360","2.2"
"1545869360","2112343979","0.2"
"2112343979","1545869360","0.2"
"1545869360","26515836","0.283333"
"26515836","1545869360","0.283333"
"1545869360","41167425","8.11667"
"41167425","1545869360","8.11667"
"172773819","2004625705","8.2"
"2004625705","172773819","8.2"
"172773819","2112343979","0.2"
"2112343979","172773819","0.2"
"172773819","26515836","0.283333"
"26515836","172773819","0.283333"
"172773819","41167425","1.86667"
"41167425","172773819","1.86667"
"2004625705","2112343979","0.2"
"2112343979","2004625705","0.2"
"2004625705","26515836","0.408333"
"26515836","2004625705","0.408333"
"2004625705","41167425","1.86667"
"41167425","2004625705","1.86667"
"2112343979","26515836","0.2"
"26515836","2112343979","0.2"
"2112343979","41167425","0.2"
"41167425","2112343979","0.2"
"26515836","41167425","0.283333"
"41167425","26515836","0.283333"
"1545869360","1690412751","1.33333"
"1690412751","1545869360","1.33333"
"1690412751","172773819","2.33333"
"172773819","1690412751","2.33333"
"1690412751","2004625705","2.65833"
"2004625705","1690412751","2.65833"
"1690412751","41167425","1.33333"
"41167425","1690412751","1.33333"
"1545869360","1978789120","1.25"
"1978789120","1545869360","1.25"
"1545869360","2132324494","0.333333"
"2132324494","1545869360","0.333333"
"1690412751","1978789120","1.29167"
"1978789120","1690412751","1.29167"
"1690412751","2132324494","3.49167"
"2132324494","1690412751","3.49167"
"172773819","1978789120","2.33333"
"1978789120","172773819","2.33333"
"172773819","2132324494","0.333333"
"2132324494","172773819","0.333333"
"1978789120","2004625705","4.70833"
"2004625705","1978789120","4.70833"
"1978789120","2132324494","1.20833"
"2132324494","1978789120","1.20833"
"1978789120","41167425","0.916667"
"41167425","1978789120","0.916667"
"2004625705","2132324494","0.908333"
"2132324494","2004625705","0.908333"
"2132324494","41167425","0.333333"
"41167425","2132324494","0.333333"
"1545869360","2150844677","1.25"
"2150844677","1545869360","1.25"
"2150844677","41167425","1.25"
"41167425","2150844677","1.25"
"1545869360","2788725334","1"
"2788725334","1545869360","1"
"1545869360","1995299500","0.333333"
"1995299500","1545869360","0.333333"
"1978789120","1995299500","0.333333"
"1995299500","1978789120","0.333333"
"1978789120","2150844677","0.5"
"2150844677","1978789120","0.5"
"1995299500","2150844677","0.25"
"2150844677","1995299500","0.25"
"1995299500","41167425","0.333333"
"41167425","1995299500","0.333333"
"1545869360","1562494836","0.0833333"
"1562494836","1545869360","0.0833333"
"1545869360","1991796154","0.0833333"
"1991796154","1545869360","0.0833333"
"1545869360","2028776453","0.0833333"
"2028776453","1545869360","0.0833333"
"1545869360","2101549216","0.0833333"
"2101549216","1545869360","0.0833333"
"1545869360","2419660181","0.0833333"
"2419660181","1545869360","0.0833333"
"1545869360","2531160404","0.0833333"
"2531160404","1545869360","0.0833333"
"1562494836","172773819","0.25"
"172773819","1562494836","0.25"
"1562494836","1978789120","0.208333"
"1978789120","1562494836","0.208333"
"1562494836","1995299500","0.0833333"
"1995299500","1562494836","0.0833333"
"1562494836","2004625705","0.541667"
"2004625705","1562494836","0.541667"
"1562494836","2028776453","3.2"
"2028776453","1562494836","3.2"
"1562494836","2101549216","0.0833333"
"2101549216","1562494836","0.0833333"
"1562494836","2419660181","0.0833333"
"2419660181","1562494836","0.0833333"
"1562494836","26515836","1.70833"
"26515836","1562494836","1.70833"
"1562494836","41167425","0.0833333"
"41167425","1562494836","0.0833333"
"172773819","1991796154","0.25"
"1991796154","172773819","0.25"
"172773819","1995299500","0.0833333"
"1995299500","172773819","0.0833333"
"172773819","2028776453","0.0833333"
"2028776453","172773819","0.0833333"
"172773819","2101549216","0.0833333"
"2101549216","172773819","0.0833333"
"172773819","2419660181","0.0833333"
"2419660181","172773819","0.0833333"
"172773819","2531160404","0.25"
"2531160404","172773819","0.25"
"1978789120","1991796154","0.458333"
"1991796154","1978789120","0.458333"
"1978789120","2028776453","0.208333"
"2028776453","1978789120","0.208333"
"1978789120","2101549216","0.0833333"
"2101549216","1978789120","0.0833333"
"1978789120","2419660181","0.0833333"
"2419660181","1978789120","0.0833333"
"1978789120","2531160404","0.208333"
"2531160404","1978789120","0.208333"
"1978789120","26515836","0.208333"
"26515836","1978789120","0.208333"
"1991796154","1995299500","0.283333"
"1995299500","1991796154","0.283333"
"1991796154","2004625705","0.991667"
"2004625705","1991796154","0.991667"
"1991796154","2028776453","1.7"
"2028776453","1991796154","1.7"
"1991796154","2101549216","0.0833333"
"2101549216","1991796154","0.0833333"
"1991796154","2419660181","0.0833333"
"2419660181","1991796154","0.0833333"
"1991796154","26515836","0.208333"
"26515836","1991796154","0.208333"
"1991796154","41167425","0.0833333"
"41167425","1991796154","0.0833333"
"1995299500","2004625705","0.283333"
"2004625705","1995299500","0.283333"
"1995299500","2028776453","0.0833333"
"2028776453","1995299500","0.0833333"
"1995299500","2101549216","0.0833333"
"2101549216","1995299500","0.0833333"
"1995299500","2419660181","0.0833333"
"2419660181","1995299500","0.0833333"
"1995299500","2531160404","0.283333"
"2531160404","1995299500","0.283333"
"1995299500","26515836","0.0833333"
"26515836","1995299500","0.0833333"
"2004625705","2028776453","0.208333"
"2028776453","2004625705","0.208333"
"2004625705","2101549216","0.0833333"
"2101549216","2004625705","0.0833333"
"2004625705","2419660181","1.08333"
"2419660181","2004625705","1.08333"
"2004625705","2531160404","0.741667"
"2531160404","2004625705","0.741667"
"2028776453","2101549216","0.0833333"
"2101549216","2028776453","0.0833333"
"2028776453","2419660181","0.0833333"
"2419660181","2028776453","0.0833333"
"2028776453","2531160404","3.2"
"2531160404","2028776453","3.2"
"2028776453","26515836","0.708333"
"26515836","2028776453","0.708333"
"2028776453","41167425","0.0833333"
"41167425","2028776453","0.0833333"
"2101549216","2419660181","0.0833333"
"2419660181","2101549216","0.0833333"
"2101549216","2531160404","0.0833333"
"2531160404","2101549216","0.0833333"
"2101549216","26515836","1.08333"
"26515836","2101549216","1.08333"
"2101549216","41167425","0.0833333"
"41167425","2101549216","0.0833333"
"2419660181","2531160404","0.0833333"
"2531160404","2419660181","0.0833333"
"2419660181","26515836","0.0833333"
"26515836","2419660181","0.0833333"
"2419660181","41167425","0.0833333"
"41167425","2419660181","0.0833333"
"2531160404","26515836","1.20833"
"26515836","2531160404","1.20833"
"2531160404","41167425","0.0833333"
"41167425","2531160404","0.0833333"
"1562494836","1997824659","0.458333"
"1997824659","1562494836","0.458333"
"1991796154","1997824659","1.45833"
"1997824659","1991796154","1.45833"
"1997824659","2099426598","0.333333"
"2099426598","1997824659","0.333333"
"1562494836","1690412751","0.291667"
"1690412751","1562494836","0.291667"
"1562494836","2132324494","0.125"
"2132324494","1562494836","0.125"
"1690412751","1991796154","0.491667"
"1991796154","1690412751","0.491667"
"1690412751","2028776453","0.125"
"2028776453","1690412751","0.125"
"1690412751","2531160404","0.491667"
"2531160404","1690412751","0.491667"
"1690412751","26515836","0.125"
"26515836","1690412751","0.125"
"1991796154","2132324494","0.575"
"2132324494","1991796154","0.575"
"2028776453","2132324494","0.125"
"2132324494","2028776453","0.125"
"2132324494","2531160404","0.325"
"2531160404","2132324494","0.325"
"2132324494","26515836","0.125"
"26515836","2132324494","0.125"
"1690412751","2532890539","0.166667"
"2532890539","1690412751","0.166667"
"172773819","2532890539","0.166667"
"2532890539","172773819","0.166667"
"2004625705","2532890539","0.333333"
"2532890539","2004625705","0.333333"
"1562494836","2574022511","0.95"
"2574022511","1562494836","0.95"
"1991796154","2574022511","1.45"
"2574022511","1991796154","1.45"
"2099426598","2531160404","0.416667"
"2531160404","2099426598","0.416667"
"2099426598","2574022511","0.75"
"2574022511","2099426598","0.75"
"2531160404","2574022511","2.95"
"2574022511","2531160404","2.95"
"2004625705","2099426598","0.166667"
"2099426598","2004625705","0.166667"
"2004625705","2574022511","0.166667"
"2574022511","2004625705","0.166667"
"2532890539","2574022511","0.866667"
"2574022511","2532890539","0.866667"
"2028776453","2532890539","0.325"
"2532890539","2028776453","0.325"
"2028776453","2574022511","0.2"
"2574022511","2028776453","0.2"
"1562494836","22399762","0.125"
"22399762","1562494836","0.125"
"1562494836","2604504584","0.125"
"2604504584","1562494836","0.125"
"1562494836","2611461819","0.125"
"2611461819","1562494836","0.125"
"1991796154","22399762","0.125"
"22399762","1991796154","0.125"
"1991796154","2611461819","0.375"
"2611461819","1991796154","0.375"
"1997824659","2028776453","0.125"
"2028776453","1997824659","0.125"
"1997824659","22399762","0.125"
"22399762","1997824659","0.125"
"1997824659","2531160404","0.125"
"2531160404","1997824659","0.125"
"1997824659","2532890539","0.125"
"2532890539","1997824659","0.125"
"1997824659","2604504584","1.125"
"2604504584","1997824659","1.125"
"1997824659","2611461819","1.125"
"2611461819","1997824659","1.125"
"2028776453","22399762","0.125"
"22399762","2028776453","0.125"
"2028776453","2604504584","0.125"
"2604504584","2028776453","0.125"
"2028776453","2611461819","0.125"
"2611461819","2028776453","0.125"
"22399762","2531160404","0.125"
"2531160404","22399762","0.125"
"22399762","2532890539","0.125"
"2532890539","22399762","0.125"
"22399762","2604504584","0.125"
"2604504584","22399762","0.125"
"22399762","2611461819","0.125"
"2611461819","22399762","0.125"
"2531160404","2604504584","0.125"
"2604504584","2531160404","0.125"
"2531160404","2611461819","0.708333"
"2611461819","2531160404","0.708333"
"2532890539","2611461819","0.125"
"2611461819","2532890539","0.125"
"2604504584","2611461819","0.625"
"2611461819","2604504584","0.625"
"1690412751","1995299500","0.2"
"1995299500","1690412751","0.2"
"1995299500","2132324494","0.2"
"2132324494","1995299500","0.2"
"1690412751","1965395441","1.33333"
"1965395441","1690412751","1.33333"
"1690412751","2556820590","0.333333"
"2556820590","1690412751","0.333333"
"1965395441","2132324494","1.33333"
"2132324494","1965395441","1.33333"
"1965395441","2556820590","1.08333"
"2556820590","1965395441","1.08333"
"2132324494","2556820590","0.333333"
"2556820590","2132324494","0.333333"
"1965395441","2406057056","5.5"
"2406057056","1965395441","5.5"
"1965395441","1991796154","0.25"
"1991796154","1965395441","0.25"
"1965395441","2531160404","0.25"
"2531160404","1965395441","0.25"
"1965395441","2574022511","0.25"
"2574022511","1965395441","0.25"
"1991796154","2556820590","0.25"
"2556820590","1991796154","0.25"
"2531160404","2556820590","0.25"
"2556820590","2531160404","0.25"
"2556820590","2574022511","0.25"
"2574022511","2556820590","0.25"
"2406057056","2556820590","0.5"
"2556820590","2406057056","0.5"
"1991796154","2150844677","0.25"
"2150844677","1991796154","0.25"
"2004625705","2150844677","1.25"
"2150844677","2004625705","1.25"
"2132324494","2150844677","0.25"
"2150844677","2132324494","0.25"
"1979769549","2759641418","6"
"2759641418","1979769549","6"
"1979769549","2155982052","2"
"2155982052","1979769549","2"
"2155982052","2759641418","4"
"2759641418","2155982052","4"
"1991796154","2802756541","0.25"
"2802756541","1991796154","0.25"
"2531160404","2802756541","0.583333"
"2802756541","2531160404","0.583333"
"2574022511","2611461819","14.5833"
"2611461819","2574022511","14.5833"
"2574022511","2802756541","0.583333"
"2802756541","2574022511","0.583333"
"2611461819","2802756541","5.08333"
"2802756541","2611461819","5.08333"
"1995299500","2155335011","1"
"2155335011","1995299500","1"
"1995299500","2247938394","0.5"
"2247938394","1995299500","0.5"
"1995299500","2556820590","0.5"
"2556820590","1995299500","0.5"
"2247938394","2556820590","0.5"
"2556820590","2247938394","0.5"
"1995299500","2897010653","0.5"
"2897010653","1995299500","0.5"
"1995299500","2962923118","0.5"
"2962923118","1995299500","0.5"
"2897010653","2962923118","16"
"2962923118","2897010653","16"
"1997824659","2534728401","1"
"2534728401","1997824659","1"
"1997824659","2150844677","1"
"2150844677","1997824659","1"
"1997824659","2941503969","1"
"2941503969","1997824659","1"
"2004625705","2556820590","1"
"2556820590","2004625705","1"
"2004625705","2534728401","1"
"2534728401","2004625705","1"
"2039971573","2604504584","1"
"2604504584","2039971573","1"
"2045926622","2127395777","3.41667"
"2127395777","2045926622","3.41667"
"2045926622","2276592352","2.41667"
"2276592352","2045926622","2.41667"
"2045926622","2425732125","0.666667"
"2425732125","2045926622","0.666667"
"2127395777","2276592352","11.4167"
"2276592352","2127395777","11.4167"
"2127395777","2425732125","2.16667"
"2425732125","2127395777","2.16667"
"2276592352","2425732125","1.16667"
"2425732125","2276592352","1.16667"
"2045926622","2396473468","0.25"
"2396473468","2045926622","0.25"
"2045926622","2522988508","0.25"
"2522988508","2045926622","0.25"
"2127395777","2396473468","0.25"
"2396473468","2127395777","0.25"
"2127395777","2522988508","0.25"
"2522988508","2127395777","0.25"
"2276592352","2396473468","1.25"
"2396473468","2276592352","1.25"
"2276592352","2522988508","1.25"
"2522988508","2276592352","1.25"
"2396473468","2522988508","0.25"
"2522988508","2396473468","0.25"
"2045926622","2740660508","1"
"2740660508","2045926622","1"
"2045926622","2987225481","1"
"2987225481","2045926622","1"
"2094311405","2556820590","3.5"
"2556820590","2094311405","3.5"
"2094311405","2898168138","1.5"
"2898168138","2094311405","1.5"
"2556820590","2898168138","3.5"
"2898168138","2556820590","3.5"
"2101549216","22399762","0.333333"
"22399762","2101549216","0.333333"
"2101549216","2522988508","0.333333"
"2522988508","2101549216","0.333333"
"2101549216","2759641418","0.333333"
"2759641418","2101549216","0.333333"
"22399762","2522988508","0.333333"
"2522988508","22399762","0.333333"
"22399762","2759641418","0.333333"
"2759641418","22399762","0.333333"
"2522988508","2759641418","0.333333"
"2759641418","2522988508","0.333333"
"2112343979","2585980799","1"
"2585980799","2112343979","1"
"2112343979","2562585624","1"
"2562585624","2112343979","1"
"2124553891","2247938394","2"
"2247938394","2124553891","2"
"2124553891","2155335011","2"
"2155335011","2124553891","2"
"2127395777","2286635690","0.5"
"2286635690","2127395777","0.5"
"2276592352","2286635690","0.5"
"2286635690","2276592352","0.5"
"2127395777","2465178348","2"
"2465178348","2127395777","2"
"2150844677","2765425003","1.33333"
"2765425003","2150844677","1.33333"
"2150844677","2925395532","0.333333"
"2925395532","2150844677","0.333333"
"2150844677","2991382639","0.333333"
"2991382639","2150844677","0.333333"
"2765425003","2925395532","5.7"
"2925395532","2765425003","5.7"
"2765425003","2991382639","4.2"
"2991382639","2765425003","4.2"
"2925395532","2991382639","1.7"
"2991382639","2925395532","1.7"
"2155335011","2247938394","3"
"2247938394","2155335011","3"
"2276592352","2604504584","0.5"
"2604504584","2276592352","0.5"
"2276592352","2611461819","0.5"
"2611461819","2276592352","0.5"
"2345127029","2905033469","14.9167"
"2905033469","2345127029","14.9167"
"2345127029","2759633270","7.91667"
"2759633270","2345127029","7.91667"
"2759633270","2905033469","12.9167"
"2905033469","2759633270","12.9167"
"2345127029","2775352277","1.91667"
"2775352277","2345127029","1.91667"
"2759633270","2775352277","6.41667"
"2775352277","2759633270","6.41667"
"2775352277","2905033469","3.41667"
"2905033469","2775352277","3.41667"
"2345127029","2949409203","0.25"
"2949409203","2345127029","0.25"
"2759633270","2949409203","0.25"
"2949409203","2759633270","0.25"
"2775352277","2949409203","5.25"
"2949409203","2775352277","5.25"
"2905033469","2949409203","0.25"
"2949409203","2905033469","0.25"
"2396473468","2768210308","0.5"
"2768210308","2396473468","0.5"
"2396473468","2946190525","0.5"
"2946190525","2396473468","0.5"
"2768210308","2946190525","0.833333"
"2946190525","2768210308","0.833333"
"2419660181","2988426147","1"
"2988426147","2419660181","1"
"2511205268","2897010653","0.5"
"2897010653","2511205268","0.5"
"2511205268","2962923118","0.5"
"2962923118","2511205268","0.5"
"2522988508","2615369579","2"
"2615369579","2522988508","2"
"2522988508","2740660508","2"
"2740660508","2522988508","2"
"2562585624","2585980799","7"
"2585980799","2562585624","7"
"2574022511","2604504584","1"
"2604504584","2574022511","1"
"2598406783","2796076551","3.5"
"2796076551","2598406783","3.5"
"2598406783","2740660508","2.5"
"2740660508","2598406783","2.5"
"2740660508","2796076551","2.5"
"2796076551","2740660508","2.5"
"2611461819","2759633270","0.5"
"2759633270","2611461819","0.5"
"2759633270","2802756541","0.5"
"2802756541","2759633270","0.5"
"2740660508","2941913689","3"
"2941913689","2740660508","3"
"2759633270","2898487268","0.5"
"2898487268","2759633270","0.5"
"2898487268","2905033469","0.5"
"2905033469","2898487268","0.5"
"2765425003","2908461307","1.86667"
"2908461307","2765425003","1.86667"
"2908461307","2925395532","4.11667"
"2925395532","2908461307","4.11667"
"2765425003","2788725334","0.366667"
"2788725334","2765425003","0.366667"
"2765425003","3028041409","0.2"
"3028041409","2765425003","0.2"
"2788725334","2908461307","1.11667"
"2908461307","2788725334","1.11667"
"2788725334","2925395532","1.95"
"2925395532","2788725334","1.95"
"2788725334","2991382639","0.366667"
"2991382639","2788725334","0.366667"
"2788725334","3028041409","1.78333"
"3028041409","2788725334","1.78333"
"2908461307","2991382639","7.36667"
"2991382639","2908461307","7.36667"
"2908461307","3028041409","0.45"
"3028041409","2908461307","0.45"
"2925395532","3028041409","0.45"
"3028041409","2925395532","0.45"
"2991382639","3028041409","0.2"
"3028041409","2991382639","0.2"
"2765425003","2905033469","0.166667"
"2905033469","2765425003","0.166667"
"2765425003","3004259684","0.166667"
"3004259684","2765425003","0.166667"
"2788725334","2905033469","0.166667"
"2905033469","2788725334","0.166667"
"2788725334","3004259684","3"
"3004259684","2788725334","3"
"2905033469","2908461307","0.166667"
"2908461307","2905033469","0.166667"
"2905033469","2925395532","0.166667"
"2925395532","2905033469","0.166667"
"2905033469","2991382639","0.166667"
"2991382639","2905033469","0.166667"
"2905033469","3004259684","0.166667"
"3004259684","2905033469","0.166667"
"2908461307","3004259684","0.666667"
"3004259684","2908461307","0.666667"
"2925395532","3004259684","0.666667"
"3004259684","2925395532","0.666667"
"2991382639","3004259684","0.666667"
"3004259684","2991382639","0.666667"
"2768210308","2788725334","0.333333"
"2788725334","2768210308","0.333333"
"2768210308","2925395532","0.333333"
"2925395532","2768210308","0.333333"
"2788725334","2946190525","2.33333"
"2946190525","2788725334","2.33333"
"2925395532","2946190525","0.333333"
"2946190525","2925395532","0.333333"
"2788725334","2941913689","2"
"2941913689","2788725334","2"
"2788725334","2911376306","0.583333"
"2911376306","2788725334","0.583333"
"2911376306","3004259684","0.333333"
"3004259684","2911376306","0.333333"
"2911376306","3028041409","1.58333"
"3028041409","2911376306","1.58333"
"3004259684","3028041409","0.333333"
"3028041409","3004259684","0.333333"
"2908461307","2911376306","0.25"
"2911376306","2908461307","0.25"
"2911376306","2925395532","0.25"
"2925395532","2911376306","0.25"
"2796076551","2911376306","1"
"2911376306","2796076551","1"
"2796076551","2941913689","2"
"2941913689","2796076551","2"
"2941503969","3007629644","2.5"
"3007629644","2941503969","2.5"
"2941503969","2991127591","2.5"
"2991127591","2941503969","2.5"
"2991127591","3007629644","0.5"
"3007629644","2991127591","0.5"
"2941913689","3004259684","1"
"3004259684","2941913689","1"
"2988426147","2991127591","1"
"2991127591","2988426147","1"
