"1484405533","1994962537","6.5"
"1994962537","1484405533","6.5"
"1484405533","2067193733","0.201149"
"2067193733","1484405533","0.201149"
"1484405533","2107391785","0.166667"
"2107391785","1484405533","0.166667"
"1484405533","3013693561","0.48037"
"3013693561","1484405533","0.48037"
"1484405533","431230153","1.58333"
"431230153","1484405533","1.58333"
"1484405533","69546934","0.166667"
"69546934","1484405533","0.166667"
"1994962537","2067193733","0.166667"
"2067193733","1994962537","0.166667"
"1994962537","2107391785","0.166667"
"2107391785","1994962537","0.166667"
"1994962537","3013693561","0.166667"
"3013693561","1994962537","0.166667"
"1994962537","431230153","1.25"
"431230153","1994962537","1.25"
"1994962537","69546934","0.166667"
"69546934","1994962537","0.166667"
"2067193733","2107391785","0.5"
"2107391785","2067193733","0.5"
"2067193733","3013693561","0.701149"
"3013693561","2067193733","0.701149"
"2067193733","431230153","0.166667"
"431230153","2067193733","0.166667"
"2067193733","69546934","0.166667"
"69546934","2067193733","0.166667"
"2107391785","3013693561","0.333333"
"3013693561","2107391785","0.333333"
"2107391785","431230153","0.166667"
"431230153","2107391785","0.166667"
"2107391785","69546934","0.166667"
"69546934","2107391785","0.166667"
"3013693561","431230153","0.166667"
"431230153","3013693561","0.166667"
"3013693561","69546934","0.166667"
"69546934","3013693561","0.166667"
"431230153","69546934","0.166667"
"69546934","431230153","0.166667"
"1484405533","2440199141","3.76446"
"2440199141","1484405533","3.76446"
"1484405533","1971005684","1.14704"
"1971005684","1484405533","1.14704"
"1484405533","2155019111","0.556128"
"2155019111","1484405533","0.556128"
"1484405533","2296676777","0.344007"
"2296676777","1484405533","0.344007"
"1484405533","2536168991","1.91489"
"2536168991","1484405533","1.91489"
"1484405533","2606197134","0.47619"
"2606197134","1484405533","0.47619"
"1484405533","2898408330","0.142857"
"2898408330","1484405533","0.142857"
"1971005684","2155019111","9.87279"
"2155019111","1971005684","9.87279"
"1971005684","2296676777","1.34401"
"2296676777","1971005684","1.34401"
"1971005684","2536168991","1.3637"
"2536168991","1971005684","1.3637"
"1971005684","2606197134","1.55952"
"2606197134","1971005684","1.55952"
"1971005684","2898408330","0.142857"
"2898408330","1971005684","0.142857"
"1971005684","3013693561","1.5637"
"3013693561","1971005684","1.5637"
"2155019111","2296676777","1.17734"
"2296676777","2155019111","1.17734"
"2155019111","2536168991","0.939461"
"2536168991","2155019111","0.939461"
"2155019111","2606197134","1.22619"
"2606197134","2155019111","1.22619"
"2155019111","2898408330","0.142857"
"2898408330","2155019111","0.142857"
"2155019111","3013693561","0.472794"
"3013693561","2155019111","0.472794"
"2296676777","2536168991","1.17734"
"2536168991","2296676777","1.17734"
"2296676777","2606197134","0.142857"
"2606197134","2296676777","0.142857"
"2296676777","2898408330","0.142857"
"2898408330","2296676777","0.142857"
"2296676777","3013693561","0.17734"
"3013693561","2296676777","0.17734"
"2536168991","2606197134","0.559524"
"2606197134","2536168991","0.559524"
"2536168991","2898408330","0.142857"
"2898408330","2536168991","0.142857"
"2536168991","3013693561","1.39704"
"3013693561","2536168991","1.39704"
"2606197134","2898408330","0.809524"
"2898408330","2606197134","0.809524"
"2606197134","3013693561","8.59286"
"3013693561","2606197134","8.59286"
"2898408330","3013693561","0.809524"
"3013693561","2898408330","0.809524"
"1484405533","1966540900","0.5"
"1966540900","1484405533","0.5"
"1484405533","2145067130","0.5"
"2145067130","1484405533","0.5"
"1966540900","2145067130","8.25"
"2145067130","1966540900","8.25"
"1484405533","1716333758","0.188312"
"1716333758","1484405533","0.188312"
"1484405533","1875199223","0.48037"
"1875199223","1484405533","0.48037"
"1484405533","2150614537","1.22279"
"2150614537","1484405533","1.22279"
"1484405533","2167275936","0.48037"
"2167275936","1484405533","0.48037"
"1484405533","2429229938","0.347794"
"2429229938","1484405533","0.347794"
"1716333758","1875199223","0.488312"
"1875199223","1716333758","0.488312"
"1716333758","2150614537","0.804978"
"2150614537","1716333758","0.804978"
"1716333758","2167275936","0.671645"
"2167275936","1716333758","0.671645"
"1716333758","2429229938","0.271645"
"2429229938","1716333758","0.271645"
"1716333758","2440199141","0.588312"
"2440199141","1716333758","0.588312"
"1716333758","2536168991","0.321645"
"2536168991","1716333758","0.321645"
"1875199223","2150614537","0.664461"
"2150614537","1875199223","0.664461"
"1875199223","2167275936","1.23037"
"2167275936","1875199223","1.23037"
"1875199223","2429229938","0.431128"
"2429229938","1875199223","0.431128"
"1875199223","2440199141","1.13946"
"2440199141","1875199223","1.13946"
"1875199223","2536168991","0.488704"
"2536168991","1875199223","0.488704"
"2150614537","2167275936","0.975572"
"2167275936","2150614537","0.975572"
"2150614537","2429229938","0.458906"
"2429229938","2150614537","0.458906"
"2150614537","2440199141","0.975572"
"2440199141","2150614537","0.975572"
"2150614537","2536168991","0.397794"
"2536168991","2150614537","0.397794"
"2167275936","2429229938","0.542239"
"2429229938","2167275936","0.542239"
"2167275936","2440199141","2.96724"
"2440199141","2167275936","2.96724"
"2167275936","2536168991","0.572037"
"2536168991","2167275936","0.572037"
"2429229938","2440199141","3.30057"
"2440199141","2429229938","3.30057"
"2429229938","2536168991","0.472794"
"2536168991","2429229938","0.472794"
"2440199141","2536168991","1.18946"
"2536168991","2440199141","1.18946"
"1484405533","2003645866","0.0799373"
"2003645866","1484405533","0.0799373"
"1484405533","2035599448","0.962513"
"2035599448","1484405533","0.962513"
"1484405533","2071155420","0.170846"
"2071155420","1484405533","0.170846"
"1484405533","2071898519","0.170846"
"2071898519","1484405533","0.170846"
"1484405533","2100156887","0.0799373"
"2100156887","1484405533","0.0799373"
"1484405533","2101903378","0.295846"
"2101903378","1484405533","0.295846"
"1484405533","2122868005","0.0799373"
"2122868005","1484405533","0.0799373"
"1484405533","2140048308","0.0454545"
"2140048308","1484405533","0.0454545"
"1484405533","2147596559","0.0799373"
"2147596559","1484405533","0.0799373"
"1484405533","2165735734","0.0799373"
"2165735734","1484405533","0.0799373"
"1484405533","2395738520","0.204937"
"2395738520","1484405533","0.204937"
"1484405533","2970604792","0.170846"
"2970604792","1484405533","0.170846"
"1716333758","1971005684","0.262121"
"1971005684","1716333758","0.262121"
"1716333758","2003645866","0.462121"
"2003645866","1716333758","0.462121"
"1716333758","2035599448","0.262121"
"2035599448","1716333758","0.262121"
"1716333758","2071155420","0.112121"
"2071155420","1716333758","0.112121"
"1716333758","2071898519","0.462121"
"2071898519","1716333758","0.462121"
"1716333758","2100156887","0.278788"
"2100156887","1716333758","0.278788"
"1716333758","2101903378","0.728788"
"2101903378","1716333758","0.728788"
"1716333758","2122868005","0.362121"
"2122868005","1716333758","0.362121"
"1716333758","2140048308","0.462121"
"2140048308","1716333758","0.462121"
"1716333758","2147596559","0.345455"
"2147596559","1716333758","0.345455"
"1716333758","2155019111","0.178788"
"2155019111","1716333758","0.178788"
"1716333758","2165735734","0.278788"
"2165735734","1716333758","0.278788"
"1716333758","2395738520","0.162121"
"2395738520","1716333758","0.162121"
"1716333758","2970604792","0.395455"
"2970604792","1716333758","0.395455"
"1716333758","3013693561","2.64545"
"3013693561","1716333758","2.64545"
"1875199223","1971005684","0.570846"
"1971005684","1875199223","0.570846"
"1875199223","2003645866","0.521604"
"2003645866","1875199223","0.521604"
"1875199223","2035599448","0.537513"
"2035599448","1875199223","0.537513"
"1875199223","2071155420","0.237513"
"2071155420","1875199223","0.237513"
"1875199223","2071898519","0.712513"
"2071898519","1875199223","0.712513"
"1875199223","2100156887","0.396604"
"2100156887","1875199223","0.396604"
"1875199223","2101903378","1.47918"
"2101903378","1875199223","1.47918"
"1875199223","2122868005","1.1466"
"2122868005","1875199223","1.1466"
"1875199223","2140048308","0.487121"
"2140048308","1875199223","0.487121"
"1875199223","2147596559","0.713271"
"2147596559","1875199223","0.713271"
"1875199223","2155019111","0.229937"
"2155019111","1875199223","0.229937"
"1875199223","2165735734","0.538271"
"2165735734","1875199223","0.538271"
"1875199223","2395738520","0.321604"
"2395738520","1875199223","0.321604"
"1875199223","2970604792","0.345846"
"2970604792","1875199223","0.345846"
"1875199223","3013693561","0.25418"
"3013693561","1875199223","0.25418"
"1971005684","2003645866","1.90772"
"2003645866","1971005684","1.90772"
"1971005684","2035599448","0.220846"
"2035599448","1971005684","0.220846"
"1971005684","2071155420","0.170846"
"2071155420","1971005684","0.170846"
"1971005684","2071898519","1.01529"
"2071898519","1971005684","1.01529"
"1971005684","2100156887","0.379937"
"2100156887","1971005684","0.379937"
"1971005684","2101903378","0.598624"
"2101903378","1971005684","0.598624"
"1971005684","2122868005","0.296604"
"2122868005","1971005684","0.296604"
"1971005684","2140048308","0.789899"
"2140048308","1971005684","0.789899"
"1971005684","2147596559","0.313271"
"2147596559","1971005684","0.313271"
"1971005684","2150614537","0.241048"
"2150614537","1971005684","0.241048"
"1971005684","2165735734","0.313271"
"2165735734","1971005684","0.313271"
"1971005684","2167275936","0.665291"
"2167275936","1971005684","0.665291"
"1971005684","2395738520","0.129937"
"2395738520","1971005684","0.129937"
"1971005684","2429229938","0.274382"
"2429229938","1971005684","0.274382"
"1971005684","2440199141","0.491048"
"2440199141","1971005684","0.491048"
"1971005684","2970604792","0.220846"
"2970604792","1971005684","0.220846"
"2003645866","2035599448","0.554937"
"2035599448","2003645866","0.554937"
"2003645866","2071155420","0.0799373"
"2071155420","2003645866","0.0799373"
"2003645866","2071898519","1.72438"
"2071898519","2003645866","1.72438"
"2003645866","2100156887","0.929937"
"2100156887","2003645866","0.929937"
"2003645866","2101903378","0.816048"
"2101903378","2003645866","0.816048"
"2003645866","2122868005","0.604937"
"2122868005","2003645866","0.604937"
"2003645866","2140048308","1.6899"
"2140048308","2003645866","1.6899"
"2003645866","2147596559","0.521604"
"2147596559","2003645866","0.521604"
"2003645866","2150614537","0.241048"
"2150614537","2003645866","0.241048"
"2003645866","2155019111","0.713271"
"2155019111","2003645866","0.713271"
"2003645866","2165735734","0.521604"
"2165735734","2003645866","0.521604"
"2003645866","2167275936","0.732715"
"2167275936","2003645866","0.732715"
"2003645866","2395738520","0.129937"
"2395738520","2003645866","0.129937"
"2003645866","2429229938","0.274382"
"2429229938","2003645866","0.274382"
"2003645866","2440199141","0.649382"
"2440199141","2003645866","0.649382"
"2003645866","2536168991","0.413271"
"2536168991","2003645866","0.413271"
"2003645866","2970604792","0.229937"
"2970604792","2003645866","0.229937"
"2003645866","3013693561","0.346604"
"3013693561","2003645866","0.346604"
"2035599448","2071155420","0.237513"
"2071155420","2035599448","0.237513"
"2035599448","2071898519","0.520846"
"2071898519","2035599448","0.520846"
"2035599448","2100156887","0.329937"
"2100156887","2035599448","0.329937"
"2035599448","2101903378","1.42085"
"2101903378","2035599448","1.42085"
"2035599448","2122868005","0.254937"
"2122868005","2035599448","0.254937"
"2035599448","2140048308","0.395455"
"2140048308","2035599448","0.395455"
"2035599448","2147596559","1.00494"
"2147596559","2035599448","1.00494"
"2035599448","2150614537","0.321604"
"2150614537","2035599448","0.321604"
"2035599448","2155019111","0.129937"
"2155019111","2035599448","0.129937"
"2035599448","2165735734","0.254937"
"2165735734","2035599448","0.254937"
"2035599448","2167275936","0.970846"
"2167275936","2035599448","0.970846"
"2035599448","2395738520","0.696604"
"2395738520","2035599448","0.696604"
"2035599448","2429229938","0.529937"
"2429229938","2035599448","0.529937"
"2035599448","2440199141","4.95494"
"2440199141","2035599448","4.95494"
"2035599448","2536168991","1.33751"
"2536168991","2035599448","1.33751"
"2035599448","2970604792","0.77918"
"2970604792","2035599448","0.77918"
"2035599448","3013693561","2.27085"
"3013693561","2035599448","2.27085"
"2071155420","2071898519","0.170846"
"2071898519","2071155420","0.170846"
"2071155420","2100156887","0.0799373"
"2100156887","2071155420","0.0799373"
"2071155420","2101903378","0.237513"
"2101903378","2071155420","0.237513"
"2071155420","2122868005","0.0799373"
"2122868005","2071155420","0.0799373"
"2071155420","2140048308","0.0454545"
"2140048308","2071155420","0.0454545"
"2071155420","2147596559","0.146604"
"2147596559","2071155420","0.146604"
"2071155420","2150614537","0.646604"
"2150614537","2071155420","0.646604"
"2071155420","2155019111","0.0799373"
"2155019111","2071155420","0.0799373"
"2071155420","2165735734","0.0799373"
"2165735734","2071155420","0.0799373"
"2071155420","2167275936","0.237513"
"2167275936","2071155420","0.237513"
"2071155420","2395738520","0.146604"
"2395738520","2071155420","0.146604"
"2071155420","2429229938","0.0799373"
"2429229938","2071155420","0.0799373"
"2071155420","2440199141","0.146604"
"2440199141","2071155420","0.146604"
"2071155420","2536168991","0.170846"
"2536168991","2071155420","0.170846"
"2071155420","2970604792","0.170846"
"2970604792","2071155420","0.170846"
"2071155420","3013693561","0.170846"
"3013693561","2071155420","0.170846"
"2071898519","2100156887","1.76327"
"2100156887","2071898519","1.76327"
"2071898519","2101903378","2.09029"
"2101903378","2071898519","2.09029"
"2071898519","2122868005","0.604937"
"2122868005","2071898519","0.604937"
"2071898519","2140048308","15.0828"
"2140048308","2071898519","15.0828"
"2071898519","2147596559","0.621604"
"2147596559","2071898519","0.621604"
"2071898519","2150614537","0.241048"
"2150614537","2071898519","0.241048"
"2071898519","2155019111","0.729937"
"2155019111","2071898519","0.729937"
"2071898519","2165735734","1.2466"
"2165735734","2071898519","1.2466"
"2071898519","2167275936","1.69862"
"2167275936","2071898519","1.69862"
"2071898519","2395738520","0.129937"
"2395738520","2071898519","0.129937"
"2071898519","2429229938","0.274382"
"2429229938","2071898519","0.274382"
"2071898519","2440199141","0.857715"
"2440199141","2071898519","0.857715"
"2071898519","2536168991","0.75418"
"2536168991","2071898519","0.75418"
"2071898519","2970604792","0.320846"
"2970604792","2071898519","0.320846"
"2071898519","3013693561","0.770846"
"3013693561","2071898519","0.770846"
"2100156887","2101903378","0.396604"
"2101903378","2100156887","0.396604"
"2100156887","2122868005","0.396604"
"2122868005","2100156887","0.396604"
"2100156887","2140048308","1.72879"
"2140048308","2100156887","1.72879"
"2100156887","2147596559","0.296604"
"2147596559","2100156887","0.296604"
"2100156887","2150614537","0.129937"
"2150614537","2100156887","0.129937"
"2100156887","2155019111","0.296604"
"2155019111","2100156887","0.296604"
"2100156887","2165735734","0.313271"
"2165735734","2100156887","0.313271"
"2100156887","2167275936","0.479937"
"2167275936","2100156887","0.479937"
"2100156887","2395738520","0.129937"
"2395738520","2100156887","0.129937"
"2100156887","2429229938","0.163271"
"2429229938","2100156887","0.163271"
"2100156887","2440199141","0.313271"
"2440199141","2100156887","0.313271"
"2100156887","2536168991","0.329937"
"2536168991","2100156887","0.329937"
"2100156887","2970604792","0.129937"
"2970604792","2100156887","0.129937"
"2100156887","3013693561","0.496604"
"3013693561","2100156887","0.496604"
"2101903378","2122868005","1.10494"
"2122868005","2101903378","1.10494"
"2101903378","2140048308","1.53157"
"2140048308","2101903378","1.53157"
"2101903378","2147596559","1.4716"
"2147596559","2101903378","1.4716"
"2101903378","2150614537","0.707715"
"2150614537","2101903378","0.707715"
"2101903378","2155019111","0.313271"
"2155019111","2101903378","0.313271"
"2101903378","2165735734","3.3716"
"2165735734","2101903378","3.3716"
"2101903378","2167275936","2.37362"
"2167275936","2101903378","2.37362"
"2101903378","2395738520","0.771604"
"2395738520","2101903378","0.771604"
"2101903378","2429229938","0.599382"
"2429229938","2101903378","0.599382"
"2101903378","2440199141","4.85772"
"2440199141","2101903378","4.85772"
"2101903378","2536168991","0.42918"
"2536168991","2101903378","0.42918"
"2101903378","2970604792","1.02085"
"2970604792","2101903378","1.02085"
"2101903378","3013693561","0.437513"
"3013693561","2101903378","0.437513"
"2122868005","2140048308","0.570455"
"2140048308","2122868005","0.570455"
"2122868005","2147596559","0.546604"
"2147596559","2122868005","0.546604"
"2122868005","2150614537","0.129937"
"2150614537","2122868005","0.129937"
"2122868005","2155019111","0.213271"
"2155019111","2122868005","0.213271"
"2122868005","2165735734","0.521604"
"2165735734","2122868005","0.521604"
"2122868005","2167275936","0.521604"
"2167275936","2122868005","0.521604"
"2122868005","2395738520","0.129937"
"2395738520","2122868005","0.129937"
"2122868005","2429229938","0.163271"
"2429229938","2122868005","0.163271"
"2122868005","2440199141","0.438271"
"2440199141","2122868005","0.438271"
"2122868005","2536168991","0.213271"
"2536168991","2122868005","0.213271"
"2122868005","2970604792","0.129937"
"2970604792","2122868005","0.129937"
"2122868005","3013693561","0.246604"
"3013693561","2122868005","0.246604"
"2140048308","2147596559","0.487121"
"2147596559","2140048308","0.487121"
"2140048308","2150614537","0.206566"
"2150614537","2140048308","0.206566"
"2140048308","2155019111","0.595455"
"2155019111","2140048308","0.595455"
"2140048308","2165735734","1.11212"
"2165735734","2140048308","1.11212"
"2140048308","2167275936","1.2399"
"2167275936","2140048308","1.2399"
"2140048308","2395738520","0.0954545"
"2395738520","2140048308","0.0954545"
"2140048308","2429229938","0.239899"
"2429229938","2140048308","0.239899"
"2140048308","2440199141","0.489899"
"2440199141","2140048308","0.489899"
"2140048308","2536168991","0.628788"
"2536168991","2140048308","0.628788"
"2140048308","2970604792","0.195455"
"2970604792","2140048308","0.195455"
"2140048308","3013693561","0.645455"
"3013693561","2140048308","0.645455"
"2147596559","2150614537","0.396604"
"2150614537","2147596559","0.396604"
"2147596559","2155019111","0.229937"
"2155019111","2147596559","0.229937"
"2147596559","2165735734","0.438271"
"2165735734","2147596559","0.438271"
"2147596559","2167275936","0.704937"
"2167275936","2147596559","0.704937"
"2147596559","2395738520","0.646604"
"2395738520","2147596559","0.646604"
"2147596559","2429229938","0.863271"
"2429229938","2147596559","0.863271"
"2147596559","2440199141","1.65494"
"2440199141","2147596559","1.65494"
"2147596559","2536168991","0.129937"
"2536168991","2147596559","0.129937"
"2147596559","2970604792","0.596604"
"2970604792","2147596559","0.596604"
"2147596559","3013693561","0.263271"
"3013693561","2147596559","0.263271"
"2150614537","2155019111","0.129937"
"2155019111","2150614537","0.129937"
"2150614537","2165735734","0.129937"
"2165735734","2150614537","0.129937"
"2150614537","2395738520","0.521604"
"2395738520","2150614537","0.521604"
"2150614537","2970604792","0.254937"
"2970604792","2150614537","0.254937"
"2150614537","3013693561","0.579937"
"3013693561","2150614537","0.579937"
"2155019111","2165735734","0.313271"
"2165735734","2155019111","0.313271"
"2155019111","2167275936","0.213271"
"2167275936","2155019111","0.213271"
"2155019111","2395738520","0.129937"
"2395738520","2155019111","0.129937"
"2155019111","2429229938","0.0799373"
"2429229938","2155019111","0.0799373"
"2155019111","2440199141","0.129937"
"2440199141","2155019111","0.129937"
"2155019111","2970604792","0.129937"
"2970604792","2155019111","0.129937"
"2165735734","2167275936","0.438271"
"2167275936","2165735734","0.438271"
"2165735734","2395738520","0.129937"
"2395738520","2165735734","0.129937"
"2165735734","2429229938","0.0799373"
"2429229938","2165735734","0.0799373"
"2165735734","2440199141","0.354937"
"2440199141","2165735734","0.354937"
"2165735734","2536168991","0.213271"
"2536168991","2165735734","0.213271"
"2165735734","2970604792","0.129937"
"2970604792","2165735734","0.129937"
"2165735734","3013693561","0.246604"
"3013693561","2165735734","0.246604"
"2167275936","2395738520","0.521604"
"2395738520","2167275936","0.521604"
"2167275936","2970604792","0.77918"
"2970604792","2167275936","0.77918"
"2167275936","3013693561","0.520846"
"3013693561","2167275936","0.520846"
"2395738520","2429229938","0.329937"
"2429229938","2395738520","0.329937"
"2395738520","2440199141","0.896604"
"2440199141","2395738520","0.896604"
"2395738520","2536168991","0.379937"
"2536168991","2395738520","0.379937"
"2395738520","2970604792","0.254937"
"2970604792","2395738520","0.254937"
"2395738520","3013693561","0.0799373"
"3013693561","2395738520","0.0799373"
"2429229938","2970604792","0.971604"
"2970604792","2429229938","0.971604"
"2429229938","3013693561","0.0799373"
"3013693561","2429229938","0.0799373"
"2440199141","2970604792","2.70494"
"2970604792","2440199141","2.70494"
"2440199141","3013693561","0.679937"
"3013693561","2440199141","0.679937"
"2536168991","2970604792","0.345846"
"2970604792","2536168991","0.345846"
"2970604792","3013693561","0.270846"
"3013693561","2970604792","0.270846"
"1484405533","1974778163","0.5"
"1974778163","1484405533","0.5"
"1974778163","1994962537","0.5"
"1994962537","1974778163","0.5"
"1484405533","2126144529","0.0909091"
"2126144529","1484405533","0.0909091"
"1875199223","2126144529","0.157576"
"2126144529","1875199223","0.157576"
"1971005684","2126144529","0.0909091"
"2126144529","1971005684","0.0909091"
"2035599448","2126144529","0.157576"
"2126144529","2035599448","0.157576"
"2071155420","2126144529","0.657576"
"2126144529","2071155420","0.657576"
"2071898519","2126144529","0.0909091"
"2126144529","2071898519","0.0909091"
"2101903378","2126144529","0.157576"
"2126144529","2101903378","0.157576"
"2126144529","2167275936","0.157576"
"2167275936","2126144529","0.157576"
"2126144529","2536168991","0.0909091"
"2536168991","2126144529","0.0909091"
"2126144529","2970604792","0.0909091"
"2970604792","2126144529","0.0909091"
"2126144529","3013693561","0.0909091"
"3013693561","2126144529","0.0909091"
"1484405533","2431986789","0.583333"
"2431986789","1484405533","0.583333"
"1994962537","2431986789","0.333333"
"2431986789","1994962537","0.333333"
"2431986789","431230153","0.583333"
"431230153","2431986789","0.583333"
"1484405533","1718163567","0.0344828"
"1718163567","1484405533","0.0344828"
"1484405533","1890921491","0.201149"
"1890921491","1484405533","0.201149"
"1484405533","2107056341","0.0344828"
"2107056341","1484405533","0.0344828"
"1484405533","2548961596","0.367816"
"2548961596","1484405533","0.367816"
"1484405533","2794564092","0.159483"
"2794564092","1484405533","0.159483"
"1484405533","2949588619","0.0344828"
"2949588619","1484405533","0.0344828"
"1484405533","2959774563","0.159483"
"2959774563","1484405533","0.159483"
"1718163567","1875199223","0.0344828"
"1875199223","1718163567","0.0344828"
"1718163567","1890921491","0.0344828"
"1890921491","1718163567","0.0344828"
"1718163567","1971005684","0.0344828"
"1971005684","1718163567","0.0344828"
"1718163567","2003645866","0.0344828"
"2003645866","1718163567","0.0344828"
"1718163567","2035599448","0.0344828"
"2035599448","1718163567","0.0344828"
"1718163567","2067193733","0.0344828"
"2067193733","1718163567","0.0344828"
"1718163567","2071155420","0.0344828"
"2071155420","1718163567","0.0344828"
"1718163567","2071898519","0.451149"
"2071898519","1718163567","0.451149"
"1718163567","2100156887","0.0344828"
"2100156887","1718163567","0.0344828"
"1718163567","2101903378","0.451149"
"2101903378","1718163567","0.451149"
"1718163567","2107056341","0.0344828"
"2107056341","1718163567","0.0344828"
"1718163567","2122868005","0.0344828"
"2122868005","1718163567","0.0344828"
"1718163567","2147596559","0.0344828"
"2147596559","1718163567","0.0344828"
"1718163567","2150614537","0.0344828"
"2150614537","1718163567","0.0344828"
"1718163567","2155019111","0.0344828"
"2155019111","1718163567","0.0344828"
"1718163567","2165735734","0.451149"
"2165735734","1718163567","0.451149"
"1718163567","2167275936","0.0344828"
"2167275936","1718163567","0.0344828"
"1718163567","2296676777","0.0344828"
"2296676777","1718163567","0.0344828"
"1718163567","2395738520","0.0344828"
"2395738520","1718163567","0.0344828"
"1718163567","2429229938","0.0344828"
"2429229938","1718163567","0.0344828"
"1718163567","2440199141","0.0344828"
"2440199141","1718163567","0.0344828"
"1718163567","2536168991","0.0344828"
"2536168991","1718163567","0.0344828"
"1718163567","2548961596","0.0344828"
"2548961596","1718163567","0.0344828"
"1718163567","2794564092","0.0344828"
"2794564092","1718163567","0.0344828"
"1718163567","2949588619","0.0344828"
"2949588619","1718163567","0.0344828"
"1718163567","2959774563","0.0344828"
"2959774563","1718163567","0.0344828"
"1718163567","2970604792","0.0344828"
"2970604792","1718163567","0.0344828"
"1718163567","3013693561","0.0344828"
"3013693561","1718163567","0.0344828"
"1875199223","1890921491","1.56782"
"1890921491","1875199223","1.56782"
"1875199223","2067193733","0.0344828"
"2067193733","1875199223","0.0344828"
"1875199223","2107056341","0.201149"
"2107056341","1875199223","0.201149"
"1875199223","2296676777","0.201149"
"2296676777","1875199223","0.201149"
"1875199223","2548961596","0.0344828"
"2548961596","1875199223","0.0344828"
"1875199223","2794564092","0.151149"
"2794564092","1875199223","0.151149"
"1875199223","2949588619","0.201149"
"2949588619","1875199223","0.201149"
"1875199223","2959774563","0.151149"
"2959774563","1875199223","0.151149"
"1890921491","1971005684","0.301149"
"1971005684","1890921491","0.301149"
"1890921491","2003645866","0.0344828"
"2003645866","1890921491","0.0344828"
"1890921491","2035599448","0.101149"
"2035599448","1890921491","0.101149"
"1890921491","2067193733","0.0344828"
"2067193733","1890921491","0.0344828"
"1890921491","2071155420","0.101149"
"2071155420","1890921491","0.101149"
"1890921491","2071898519","0.134483"
"2071898519","1890921491","0.134483"
"1890921491","2100156887","0.0344828"
"2100156887","1890921491","0.0344828"
"1890921491","2101903378","0.401149"
"2101903378","1890921491","0.401149"
"1890921491","2107056341","0.201149"
"2107056341","1890921491","0.201149"
"1890921491","2122868005","0.0344828"
"2122868005","1890921491","0.0344828"
"1890921491","2147596559","0.201149"
"2147596559","1890921491","0.201149"
"1890921491","2150614537","0.301149"
"2150614537","1890921491","0.301149"
"1890921491","2155019111","0.134483"
"2155019111","1890921491","0.134483"
"1890921491","2165735734","0.134483"
"2165735734","1890921491","0.134483"
"1890921491","2167275936","0.467816"
"2167275936","1890921491","0.467816"
"1890921491","2296676777","0.201149"
"2296676777","1890921491","0.201149"
"1890921491","2395738520","0.101149"
"2395738520","1890921491","0.101149"
"1890921491","2429229938","0.0344828"
"2429229938","1890921491","0.0344828"
"1890921491","2440199141","0.467816"
"2440199141","1890921491","0.467816"
"1890921491","2536168991","0.0344828"
"2536168991","1890921491","0.0344828"
"1890921491","2548961596","0.0344828"
"2548961596","1890921491","0.0344828"
"1890921491","2794564092","0.101149"
"2794564092","1890921491","0.101149"
"1890921491","2949588619","0.201149"
"2949588619","1890921491","0.201149"
"1890921491","2959774563","0.101149"
"2959774563","1890921491","0.101149"
"1890921491","2970604792","0.0344828"
"2970604792","1890921491","0.0344828"
"1890921491","3013693561","0.0344828"
"3013693561","1890921491","0.0344828"
"1971005684","2067193733","0.701149"
"2067193733","1971005684","0.701149"
"1971005684","2107056341","0.134483"
"2107056341","1971005684","0.134483"
"1971005684","2548961596","0.0344828"
"2548961596","1971005684","0.0344828"
"1971005684","2794564092","0.0844828"
"2794564092","1971005684","0.0844828"
"1971005684","2949588619","0.134483"
"2949588619","1971005684","0.134483"
"1971005684","2959774563","0.0844828"
"2959774563","1971005684","0.0844828"
"2003645866","2067193733","0.0344828"
"2067193733","2003645866","0.0344828"
"2003645866","2107056341","0.0344828"
"2107056341","2003645866","0.0344828"
"2003645866","2296676777","0.0344828"
"2296676777","2003645866","0.0344828"
"2003645866","2548961596","0.0344828"
"2548961596","2003645866","0.0344828"
"2003645866","2794564092","0.0844828"
"2794564092","2003645866","0.0844828"
"2003645866","2949588619","0.0344828"
"2949588619","2003645866","0.0344828"
"2003645866","2959774563","0.0844828"
"2959774563","2003645866","0.0844828"
"2035599448","2067193733","0.0344828"
"2067193733","2035599448","0.0344828"
"2035599448","2107056341","0.101149"
"2107056341","2035599448","0.101149"
"2035599448","2296676777","0.0344828"
"2296676777","2035599448","0.0344828"
"2035599448","2548961596","0.0344828"
"2548961596","2035599448","0.0344828"
"2035599448","2794564092","0.276149"
"2794564092","2035599448","0.276149"
"2035599448","2949588619","0.101149"
"2949588619","2035599448","0.101149"
"2035599448","2959774563","0.276149"
"2959774563","2035599448","0.276149"
"2067193733","2071155420","0.0344828"
"2071155420","2067193733","0.0344828"
"2067193733","2071898519","0.0344828"
"2071898519","2067193733","0.0344828"
"2067193733","2100156887","2.03448"
"2100156887","2067193733","2.03448"
"2067193733","2101903378","0.0344828"
"2101903378","2067193733","0.0344828"
"2067193733","2107056341","0.0344828"
"2107056341","2067193733","0.0344828"
"2067193733","2122868005","0.0344828"
"2122868005","2067193733","0.0344828"
"2067193733","2147596559","0.0344828"
"2147596559","2067193733","0.0344828"
"2067193733","2150614537","0.0344828"
"2150614537","2067193733","0.0344828"
"2067193733","2155019111","0.701149"
"2155019111","2067193733","0.701149"
"2067193733","2165735734","0.0344828"
"2165735734","2067193733","0.0344828"
"2067193733","2167275936","0.0344828"
"2167275936","2067193733","0.0344828"
"2067193733","2296676777","0.0344828"
"2296676777","2067193733","0.0344828"
"2067193733","2395738520","0.0344828"
"2395738520","2067193733","0.0344828"
"2067193733","2429229938","0.0344828"
"2429229938","2067193733","0.0344828"
"2067193733","2440199141","0.0344828"
"2440199141","2067193733","0.0344828"
"2067193733","2536168991","0.0344828"
"2536168991","2067193733","0.0344828"
"2067193733","2548961596","0.0344828"
"2548961596","2067193733","0.0344828"
"2067193733","2794564092","0.0344828"
"2794564092","2067193733","0.0344828"
"2067193733","2949588619","0.0344828"
"2949588619","2067193733","0.0344828"
"2067193733","2959774563","0.0344828"
"2959774563","2067193733","0.0344828"
"2067193733","2970604792","0.0344828"
"2970604792","2067193733","0.0344828"
"2071155420","2107056341","0.101149"
"2107056341","2071155420","0.101149"
"2071155420","2296676777","0.0344828"
"2296676777","2071155420","0.0344828"
"2071155420","2548961596","0.0344828"
"2548961596","2071155420","0.0344828"
"2071155420","2794564092","0.101149"
"2794564092","2071155420","0.101149"
"2071155420","2949588619","0.101149"
"2949588619","2071155420","0.101149"
"2071155420","2959774563","0.101149"
"2959774563","2071155420","0.101149"
"2071898519","2107056341","0.27734"
"2107056341","2071898519","0.27734"
"2071898519","2296676777","0.201149"
"2296676777","2071898519","0.201149"
"2071898519","2548961596","0.0344828"
"2548961596","2071898519","0.0344828"
"2071898519","2794564092","0.0844828"
"2794564092","2071898519","0.0844828"
"2071898519","2949588619","0.27734"
"2949588619","2071898519","0.27734"
"2071898519","2959774563","0.0844828"
"2959774563","2071898519","0.0844828"
"2100156887","2107056341","0.0344828"
"2107056341","2100156887","0.0344828"
"2100156887","2296676777","0.0344828"
"2296676777","2100156887","0.0344828"
"2100156887","2548961596","0.0344828"
"2548961596","2100156887","0.0344828"
"2100156887","2794564092","0.0844828"
"2794564092","2100156887","0.0844828"
"2100156887","2949588619","0.0344828"
"2949588619","2100156887","0.0344828"
"2100156887","2959774563","0.0844828"
"2959774563","2100156887","0.0844828"
"2101903378","2107056341","0.651149"
"2107056341","2101903378","0.651149"
"2101903378","2296676777","0.0344828"
"2296676777","2101903378","0.0344828"
"2101903378","2548961596","0.0344828"
"2548961596","2101903378","0.0344828"
"2101903378","2794564092","0.776149"
"2794564092","2101903378","0.776149"
"2101903378","2949588619","0.651149"
"2949588619","2101903378","0.651149"
"2101903378","2959774563","0.776149"
"2959774563","2101903378","0.776149"
"2107056341","2122868005","0.0344828"
"2122868005","2107056341","0.0344828"
"2107056341","2147596559","0.701149"
"2147596559","2107056341","0.701149"
"2107056341","2150614537","0.101149"
"2150614537","2107056341","0.101149"
"2107056341","2155019111","0.134483"
"2155019111","2107056341","0.134483"
"2107056341","2165735734","0.134483"
"2165735734","2107056341","0.134483"
"2107056341","2167275936","0.101149"
"2167275936","2107056341","0.101149"
"2107056341","2296676777","0.0344828"
"2296676777","2107056341","0.0344828"
"2107056341","2395738520","0.101149"
"2395738520","2107056341","0.101149"
"2107056341","2429229938","0.0344828"
"2429229938","2107056341","0.0344828"
"2107056341","2440199141","0.601149"
"2440199141","2107056341","0.601149"
"2107056341","2536168991","0.0344828"
"2536168991","2107056341","0.0344828"
"2107056341","2548961596","0.0344828"
"2548961596","2107056341","0.0344828"
"2107056341","2794564092","0.101149"
"2794564092","2107056341","0.101149"
"2107056341","2949588619","16.0773"
"2949588619","2107056341","16.0773"
"2107056341","2959774563","0.101149"
"2959774563","2107056341","0.101149"
"2107056341","2970604792","0.484483"
"2970604792","2107056341","0.484483"
"2107056341","3013693561","0.617816"
"3013693561","2107056341","0.617816"
"2122868005","2296676777","0.0344828"
"2296676777","2122868005","0.0344828"
"2122868005","2548961596","0.0344828"
"2548961596","2122868005","0.0344828"
"2122868005","2794564092","0.0844828"
"2794564092","2122868005","0.0844828"
"2122868005","2949588619","0.0344828"
"2949588619","2122868005","0.0344828"
"2122868005","2959774563","0.0844828"
"2959774563","2122868005","0.0844828"
"2147596559","2296676777","0.0344828"
"2296676777","2147596559","0.0344828"
"2147596559","2548961596","0.0344828"
"2548961596","2147596559","0.0344828"
"2147596559","2794564092","0.151149"
"2794564092","2147596559","0.151149"
"2147596559","2949588619","0.701149"
"2949588619","2147596559","0.701149"
"2147596559","2959774563","0.151149"
"2959774563","2147596559","0.151149"
"2150614537","2296676777","0.0344828"
"2296676777","2150614537","0.0344828"
"2150614537","2548961596","0.0344828"
"2548961596","2150614537","0.0344828"
"2150614537","2794564092","0.151149"
"2794564092","2150614537","0.151149"
"2150614537","2949588619","0.101149"
"2949588619","2150614537","0.101149"
"2150614537","2959774563","0.151149"
"2959774563","2150614537","0.151149"
"2155019111","2548961596","0.0344828"
"2548961596","2155019111","0.0344828"
"2155019111","2794564092","0.0844828"
"2794564092","2155019111","0.0844828"
"2155019111","2949588619","0.134483"
"2949588619","2155019111","0.134483"
"2155019111","2959774563","0.0844828"
"2959774563","2155019111","0.0844828"
"2165735734","2296676777","0.0344828"
"2296676777","2165735734","0.0344828"
"2165735734","2548961596","0.0344828"
"2548961596","2165735734","0.0344828"
"2165735734","2794564092","0.0844828"
"2794564092","2165735734","0.0844828"
"2165735734","2949588619","0.134483"
"2949588619","2165735734","0.134483"
"2165735734","2959774563","0.0844828"
"2959774563","2165735734","0.0844828"
"2167275936","2296676777","0.201149"
"2296676777","2167275936","0.201149"
"2167275936","2548961596","0.0344828"
"2548961596","2167275936","0.0344828"
"2167275936","2794564092","0.901149"
"2794564092","2167275936","0.901149"
"2167275936","2949588619","0.101149"
"2949588619","2167275936","0.101149"
"2167275936","2959774563","0.901149"
"2959774563","2167275936","0.901149"
"2296676777","2395738520","0.0344828"
"2395738520","2296676777","0.0344828"
"2296676777","2429229938","0.0344828"
"2429229938","2296676777","0.0344828"
"2296676777","2440199141","0.201149"
"2440199141","2296676777","0.201149"
"2296676777","2548961596","0.0344828"
"2548961596","2296676777","0.0344828"
"2296676777","2794564092","0.0344828"
"2794564092","2296676777","0.0344828"
"2296676777","2949588619","0.0344828"
"2949588619","2296676777","0.0344828"
"2296676777","2959774563","0.0344828"
"2959774563","2296676777","0.0344828"
"2296676777","2970604792","0.0344828"
"2970604792","2296676777","0.0344828"
"2395738520","2548961596","0.0344828"
"2548961596","2395738520","0.0344828"
"2395738520","2794564092","0.276149"
"2794564092","2395738520","0.276149"
"2395738520","2949588619","0.101149"
"2949588619","2395738520","0.101149"
"2395738520","2959774563","0.276149"
"2959774563","2395738520","0.276149"
"2429229938","2548961596","0.125392"
"2548961596","2429229938","0.125392"
"2429229938","2794564092","0.159483"
"2794564092","2429229938","0.159483"
"2429229938","2949588619","0.0344828"
"2949588619","2429229938","0.0344828"
"2429229938","2959774563","0.159483"
"2959774563","2429229938","0.159483"
"2440199141","2548961596","0.367816"
"2548961596","2440199141","0.367816"
"2440199141","2794564092","0.776149"
"2794564092","2440199141","0.776149"
"2440199141","2949588619","0.601149"
"2949588619","2440199141","0.601149"
"2440199141","2959774563","1.10948"
"2959774563","2440199141","1.10948"
"2536168991","2548961596","0.0344828"
"2548961596","2536168991","0.0344828"
"2536168991","2794564092","0.209483"
"2794564092","2536168991","0.209483"
"2536168991","2949588619","0.0344828"
"2949588619","2536168991","0.0344828"
"2536168991","2959774563","0.209483"
"2959774563","2536168991","0.209483"
"2548961596","2794564092","0.0344828"
"2794564092","2548961596","0.0344828"
"2548961596","2949588619","0.0344828"
"2949588619","2548961596","0.0344828"
"2548961596","2959774563","0.0344828"
"2959774563","2548961596","0.0344828"
"2548961596","2970604792","0.0344828"
"2970604792","2548961596","0.0344828"
"2548961596","3013693561","0.0344828"
"3013693561","2548961596","0.0344828"
"2794564092","2949588619","0.101149"
"2949588619","2794564092","0.101149"
"2794564092","2959774563","16.2761"
"2959774563","2794564092","16.2761"
"2794564092","2970604792","0.834483"
"2970604792","2794564092","0.834483"
"2794564092","3013693561","0.534483"
"3013693561","2794564092","0.534483"
"2949588619","2959774563","0.101149"
"2959774563","2949588619","0.101149"
"2949588619","2970604792","0.484483"
"2970604792","2949588619","0.484483"
"2949588619","3013693561","0.617816"
"3013693561","2949588619","0.617816"
"2959774563","2970604792","0.834483"
"2970604792","2959774563","0.834483"
"2959774563","3013693561","0.534483"
"3013693561","2959774563","0.534483"
"2440199141","431230153","0.833333"
"431230153","2440199141","0.833333"
"2548961596","431230153","0.333333"
"431230153","2548961596","0.333333"
"1484405533","2757267823","0.25"
"2757267823","1484405533","0.25"
"2431986789","2440199141","0.583333"
"2440199141","2431986789","0.583333"
"2431986789","2757267823","0.25"
"2757267823","2431986789","0.25"
"2440199141","2757267823","2.51667"
"2757267823","2440199141","2.51667"
"2757267823","431230153","0.25"
"431230153","2757267823","0.25"
"1489928229","2100399041","11.1667"
"2100399041","1489928229","11.1667"
"1489928229","2146310406","4"
"2146310406","1489928229","4"
"1489928229","2162192988","4.83333"
"2162192988","1489928229","4.83333"
"1489928229","2117854600","1.66667"
"2117854600","1489928229","1.66667"
"1489928229","2158098837","2.66667"
"2158098837","1489928229","2.66667"
"2100399041","2117854600","3.30952"
