"10692407","1480544766","0.0227273"
"1480544766","10692407","0.0227273"
"10692407","1496122072","0.0227273"
"1496122072","10692407","0.0227273"
"10692407","1526900956","0.106061"
"1526900956","10692407","0.106061"
"10692407","1665364881","0.320277"
"1665364881","10692407","0.320277"
"10692407","177056882","0.205898"
"177056882","10692407","0.205898"
"10692407","1977024080","0.0435606"
"1977024080","10692407","0.0435606"
"10692407","1982394981","0.0435606"
"1982394981","10692407","0.0435606"
"10692407","2001350744","0.102384"
"2001350744","10692407","0.102384"
"10692407","2008176559","0.248849"
"2008176559","10692407","0.248849"
"10692407","2010953838","0.154672"
"2010953838","10692407","0.154672"
"10692407","2019041558","1.57583"
"2019041558","10692407","1.57583"
"10692407","2027447481","0.291868"
"2027447481","10692407","0.291868"
"10692407","2039324668","0.154672"
"2039324668","10692407","0.154672"
"10692407","2045029544","0.525634"
"2045029544","10692407","0.525634"
"10692407","2057843111","0.0227273"
"2057843111","10692407","0.0227273"
"10692407","2060088964","0.500797"
"2060088964","10692407","0.500797"
"10692407","2063736421","0.291868"
"2063736421","10692407","0.291868"
"10692407","2067934326","0.0435606"
"2067934326","10692407","0.0435606"
"10692407","2068346543","0.248849"
"2068346543","10692407","0.248849"
"10692407","2096523845","0.102384"
"2096523845","10692407","0.102384"
"10692407","2118149148","0.0227273"
"2118149148","10692407","0.0227273"
"10692407","2140116260","0.106061"
"2140116260","10692407","0.106061"
"10692407","2150948842","0.0227273"
"2150948842","10692407","0.0227273"
"10692407","2171513952","0.161616"
"2171513952","10692407","0.161616"
"10692407","2282586151","0.161616"
"2282586151","10692407","0.161616"
"10692407","2340809295","0.154672"
"2340809295","10692407","0.154672"
"10692407","2405635203","0.182449"
"2405635203","10692407","0.182449"
"10692407","2463977740","0.0435606"
"2463977740","10692407","0.0435606"
"10692407","2562424539","0.0227273"
"2562424539","10692407","0.0227273"
"10692407","2564666952","0.0435606"
"2564666952","10692407","0.0435606"
"10692407","2580317810","0.0435606"
"2580317810","10692407","0.0435606"
"10692407","25876242","0.165584"
"25876242","10692407","0.165584"
"10692407","2589654697","0.0435606"
"2589654697","10692407","0.0435606"
"10692407","2592240698","0.0435606"
"2592240698","10692407","0.0435606"
"10692407","2593237442","0.161616"
"2593237442","10692407","0.161616"
"10692407","2594388115","0.0227273"
"2594388115","10692407","0.0227273"
"10692407","2613683361","0.0435606"
"2613683361","10692407","0.0435606"
"10692407","2731602999","0.0991162"
"2731602999","10692407","0.0991162"
"10692407","2749506121","0.0991162"
"2749506121","10692407","0.0991162"
"10692407","311301339","0.154672"
"311301339","10692407","0.154672"
"10692407","73606465","0.154672"
"73606465","10692407","0.154672"
"10692407","779130886","0.0435606"
"779130886","10692407","0.0435606"
"10692407","78119776","0.243561"
"78119776","10692407","0.243561"
"10692407","92355514","0.0782828"
"92355514","10692407","0.0782828"
"1480544766","1496122072","0.0676768"
"1496122072","1480544766","0.0676768"
"1480544766","1526900956","0.0676768"
"1526900956","1480544766","0.0676768"
"1480544766","1665364881","0.0676768"
"1665364881","1480544766","0.0676768"
"1480544766","177056882","0.0454545"
"177056882","1480544766","0.0454545"
"1480544766","1977024080","0.0449495"
"1977024080","1480544766","0.0449495"
"1480544766","1982394981","0.522727"
"1982394981","1480544766","0.522727"
"1480544766","2001350744","0.0676768"
"2001350744","1480544766","0.0676768"
"1480544766","2008176559","0.0676768"
"2008176559","1480544766","0.0676768"
"1480544766","2010953838","0.0227273"
"2010953838","1480544766","0.0227273"
"1480544766","2019041558","0.0227273"
"2019041558","1480544766","0.0227273"
"1480544766","2027447481","0.0676768"
"2027447481","1480544766","0.0676768"
"1480544766","2039324668","0.0676768"
"2039324668","1480544766","0.0676768"
"1480544766","2045029544","0.410534"
"2045029544","1480544766","0.410534"
"1480544766","2057843111","0.0449495"
"2057843111","1480544766","0.0449495"
"1480544766","2060088964","0.0676768"
"2060088964","1480544766","0.0676768"
"1480544766","2063736421","0.0227273"
"2063736421","1480544766","0.0227273"
"1480544766","2067934326","0.0449495"
"2067934326","1480544766","0.0449495"
"1480544766","2068346543","0.0676768"
"2068346543","1480544766","0.0676768"
"1480544766","2096523845","0.0676768"
"2096523845","1480544766","0.0676768"
"1480544766","2118149148","2.06053"
"2118149148","1480544766","2.06053"
"1480544766","2140116260","0.0676768"
"2140116260","1480544766","0.0676768"
"1480544766","2150948842","0.0676768"
"2150948842","1480544766","0.0676768"
"1480544766","2171513952","0.0676768"
"2171513952","1480544766","0.0676768"
"1480544766","2282586151","0.0454545"
"2282586151","1480544766","0.0454545"
"1480544766","2340809295","0.0227273"
"2340809295","1480544766","0.0227273"
"1480544766","2405635203","0.0454545"
"2405635203","1480544766","0.0454545"
"1480544766","2463977740","0.0227273"
"2463977740","1480544766","0.0227273"
"1480544766","2562424539","0.0227273"
"2562424539","1480544766","0.0227273"
"1480544766","2564666952","0.0676768"
"2564666952","1480544766","0.0676768"
"1480544766","2580317810","0.0676768"
"2580317810","1480544766","0.0676768"
"1480544766","25876242","1.4272"
"25876242","1480544766","1.4272"
"1480544766","2589654697","0.0227273"
"2589654697","1480544766","0.0227273"
"1480544766","2592240698","0.0227273"
"2592240698","1480544766","0.0227273"
"1480544766","2593237442","0.0676768"
"2593237442","1480544766","0.0676768"
"1480544766","2594388115","0.672727"
"2594388115","1480544766","0.672727"
"1480544766","2613683361","0.0227273"
"2613683361","1480544766","0.0227273"
"1480544766","2731602999","0.0449495"
"2731602999","1480544766","0.0449495"
"1480544766","2749506121","0.0227273"
"2749506121","1480544766","0.0227273"
"1480544766","311301339","0.0454545"
"311301339","1480544766","0.0454545"
"1480544766","73606465","0.0449495"
"73606465","1480544766","0.0449495"
"1480544766","779130886","0.0227273"
"779130886","1480544766","0.0227273"
"1480544766","78119776","0.0449495"
"78119776","1480544766","0.0449495"
"1480544766","92355514","0.0449495"
"92355514","1480544766","0.0449495"
"1496122072","1526900956","0.338621"
"1526900956","1496122072","0.338621"
"1496122072","1665364881","0.136941"
"1665364881","1496122072","0.136941"
"1496122072","177056882","0.0454545"
"177056882","1496122072","0.0454545"
"1496122072","1977024080","0.068759"
"1977024080","1496122072","0.068759"
"1496122072","1982394981","0.417914"
"1982394981","1496122072","0.417914"
"1496122072","2001350744","0.113131"
"2001350744","1496122072","0.113131"
"1496122072","2008176559","0.0914863"
"2008176559","1496122072","0.0914863"
"1496122072","2010953838","0.127005"
"2010953838","1496122072","0.127005"
"1496122072","2019041558","0.0227273"
"2019041558","1496122072","0.0227273"
"1496122072","2027447481","0.130177"
"2027447481","1496122072","0.130177"
"1496122072","2039324668","0.130177"
"2039324668","1496122072","0.130177"
"1496122072","2045029544","0.130177"
"2045029544","1496122072","0.130177"
"1496122072","2057843111","0.0449495"
"2057843111","1496122072","0.0449495"
"1496122072","2060088964","0.113131"
"2060088964","1496122072","0.113131"
"1496122072","2063736421","0.917914"
"2063736421","1496122072","0.917914"
"1496122072","2067934326","0.114214"
"2067934326","1496122072","0.114214"
"1496122072","2068346543","0.0676768"
"2068346543","1496122072","0.0676768"
"1496122072","2096523845","0.0676768"
"2096523845","1496122072","0.0676768"
"1496122072","2118149148","0.0914863"
"2118149148","1496122072","0.0914863"
"1496122072","2140116260","0.234343"
"2140116260","1496122072","0.234343"
"1496122072","2150948842","0.130177"
"2150948842","1496122072","0.130177"
"1496122072","2171513952","0.273034"
"2171513952","1496122072","0.273034"
"1496122072","2282586151","0.273542"
"2282586151","1496122072","0.273542"
"1496122072","2340809295","0.317914"
"2340809295","1496122072","0.317914"
"1496122072","2405635203","0.0454545"
"2405635203","1496122072","0.0454545"
"1496122072","2463977740","0.0227273"
"2463977740","1496122072","0.0227273"
"1496122072","2562424539","0.0227273"
"2562424539","1496122072","0.0227273"
"1496122072","2564666952","0.136941"
"2564666952","1496122072","0.136941"
"1496122072","2580317810","0.0914863"
"2580317810","1496122072","0.0914863"
"1496122072","25876242","0.0914863"
"25876242","1496122072","0.0914863"
"1496122072","2589654697","0.127005"
"2589654697","1496122072","0.127005"
"1496122072","2592240698","0.0465368"
"2592240698","1496122072","0.0465368"
"1496122072","2593237442","0.0914863"
"2593237442","1496122072","0.0914863"
"1496122072","2594388115","0.0227273"
"2594388115","1496122072","0.0227273"
"1496122072","2613683361","0.0227273"
"2613683361","1496122072","0.0227273"
"1496122072","2731602999","0.131259"
"2731602999","1496122072","0.131259"
"1496122072","2749506121","0.109037"
"2749506121","1496122072","0.109037"
"1496122072","311301339","0.364451"
"311301339","1496122072","0.364451"
"1496122072","73606465","0.349228"
"73606465","1496122072","0.349228"
"1496122072","779130886","0.0227273"
"779130886","1496122072","0.0227273"
"1496122072","78119776","0.0449495"
"78119776","1496122072","0.0449495"
"1496122072","92355514","0.340137"
"92355514","1496122072","0.340137"
"1526900956","1665364881","0.175402"
"1665364881","1526900956","0.175402"
"1526900956","177056882","0.0454545"
"177056882","1526900956","0.0454545"
"1526900956","1977024080","0.107221"
"1977024080","1526900956","0.107221"
"1526900956","1982394981","0.198434"
"1982394981","1526900956","0.198434"
"1526900956","2001350744","0.151593"
"2001350744","1526900956","0.151593"
"1526900956","2008176559","0.206871"
"2008176559","1526900956","0.206871"
"1526900956","2010953838","0.198434"
"2010953838","1526900956","0.198434"
"1526900956","2019041558","0.0227273"
"2019041558","1526900956","0.0227273"
"1526900956","2027447481","0.49579"
"2027447481","1526900956","0.49579"
"1526900956","2039324668","0.0676768"
"2039324668","1526900956","0.0676768"
"1526900956","2045029544","0.266395"
"2045029544","1526900956","0.266395"
"1526900956","2057843111","0.0449495"
"2057843111","1526900956","0.0449495"
"1526900956","2060088964","0.151593"
"2060088964","1526900956","0.151593"
"1526900956","2063736421","0.35869"
"2063736421","1526900956","0.35869"
"1526900956","2067934326","0.277675"
"2067934326","1526900956","0.277675"
"1526900956","2068346543","0.106138"
"2068346543","1526900956","0.106138"
"1526900956","2096523845","0.0676768"
"2096523845","1526900956","0.0676768"
"1526900956","2118149148","0.129948"
"2118149148","1526900956","0.129948"
"1526900956","2140116260","0.3946"
"2140116260","1526900956","0.3946"
"1526900956","2150948842","0.612457"
"2150948842","1526900956","0.612457"
"1526900956","2171513952","0.561724"
"2171513952","1526900956","0.561724"
"1526900956","2282586151","2.76319"
"2282586151","1526900956","2.76319"
"1526900956","2340809295","0.313819"
"2340809295","1526900956","0.313819"
"1526900956","2405635203","0.205711"
"2405635203","1526900956","0.205711"
"1526900956","2463977740","0.0611888"
"2463977740","1526900956","0.0611888"
"1526900956","2562424539","0.0227273"
"2562424539","1526900956","0.0227273"
"1526900956","2564666952","0.136941"
"2564666952","1526900956","0.136941"
"1526900956","2580317810","0.129948"
"2580317810","1526900956","0.129948"
"1526900956","25876242","0.0914863"
"25876242","1526900956","0.0914863"
"1526900956","2589654697","0.198434"
"2589654697","1526900956","0.198434"
"1526900956","2592240698","0.0465368"
"2592240698","1526900956","0.0465368"
"1526900956","2593237442","0.251743"
"2593237442","1526900956","0.251743"
"1526900956","2594388115","0.222727"
"2594388115","1526900956","0.222727"
"1526900956","2613683361","0.0611888"
"2613683361","1526900956","0.0611888"
"1526900956","2731602999","0.145682"
"2731602999","1526900956","0.145682"
"1526900956","2749506121","0.12346"
"2749506121","1526900956","0.12346"
"1526900956","311301339","0.244971"
"311301339","1526900956","0.244971"
"1526900956","73606465","0.553989"
"73606465","1526900956","0.553989"
"1526900956","779130886","0.0227273"
"779130886","1526900956","0.0227273"
"1526900956","78119776","0.083411"
"78119776","1526900956","0.083411"
"1526900956","92355514","0.553989"
"92355514","1526900956","0.553989"
"1665364881","177056882","0.317514"
"177056882","1665364881","0.317514"
"1665364881","1977024080","1.06223"
"1977024080","1665364881","1.06223"
"1665364881","1982394981","0.29798"
"1982394981","1665364881","0.29798"
"1665364881","2001350744","4.36272"
"2001350744","1665364881","4.36272"
"1665364881","2008176559","0.655329"
"2008176559","1665364881","0.655329"
"1665364881","2010953838","0.242424"
"2010953838","1665364881","0.242424"
"1665364881","2019041558","0.264722"
"2019041558","1665364881","0.264722"
"1665364881","2027447481","0.517029"
"2027447481","1665364881","0.517029"
"1665364881","2039324668","0.349674"
"2039324668","1665364881","0.349674"
"1665364881","2045029544","0.416188"
"2045029544","1665364881","0.416188"
"1665364881","2057843111","0.0925685"
"2057843111","1665364881","0.0925685"
"1665364881","2060088964","8.13046"
"2060088964","1665364881","8.13046"
"1665364881","2063736421","0.253989"
"2063736421","1665364881","0.253989"
"1665364881","2067934326","1.71858"
"2067934326","1665364881","1.71858"
"1665364881","2068346543","0.615646"
"2068346543","1665364881","0.615646"
"1665364881","2096523845","0.327545"
"2096523845","1665364881","0.327545"
"1665364881","2118149148","0.129948"
"2118149148","1665364881","0.129948"
"1665364881","2140116260","0.128523"
"2140116260","1665364881","0.128523"
"1665364881","2150948842","0.188047"
"2150948842","1665364881","0.188047"
"1665364881","2171513952","0.243603"
"2171513952","1665364881","0.243603"
"1665364881","2282586151","0.373021"
"2282586151","1665364881","0.373021"
"1665364881","2340809295","0.280886"
"2340809295","1665364881","0.280886"
"1665364881","2405635203","0.706351"
"2405635203","1665364881","0.706351"
"1665364881","2463977740","0.316935"
"2463977740","1665364881","0.316935"
"1665364881","2562424539","2.02273"
"2562424539","1665364881","2.02273"
"1665364881","2564666952","0.825496"
"2564666952","1665364881","0.825496"
"1665364881","2580317810","0.532158"
"2580317810","1665364881","0.532158"
"1665364881","25876242","1.37482"
"25876242","1665364881","1.37482"
"1665364881","2589654697","0.179924"
"2589654697","1665364881","0.179924"
"1665364881","2592240698","0.199849"
"2592240698","1665364881","0.199849"
"1665364881","2593237442","0.231698"
"2593237442","1665364881","0.231698"
"1665364881","2594388115","0.106061"
"2594388115","1665364881","0.106061"
"1665364881","2613683361","0.0820221"
"2613683361","1665364881","0.0820221"
"1665364881","2731602999","0.2261"
"2731602999","1665364881","0.2261"
"1665364881","2749506121","0.287211"
"2749506121","1665364881","0.287211"
"1665364881","311301339","0.57658"
"311301339","1665364881","0.57658"
"1665364881","73606465","0.320202"
"73606465","1665364881","0.320202"
"1665364881","779130886","0.0435606"
"779130886","1665364881","0.0435606"
"1665364881","78119776","1.20636"
"78119776","1665364881","1.20636"
"1665364881","92355514","0.20846"
"92355514","1665364881","0.20846"
"177056882","1977024080","0.0435606"
"1977024080","177056882","0.0435606"
"177056882","1982394981","0.0991162"
"1982394981","177056882","0.0991162"
"177056882","2001350744","0.0996212"
"2001350744","177056882","0.0996212"
"177056882","2008176559","0.862752"
"2008176559","177056882","0.862752"
"177056882","2010953838","0.0435606"
"2010953838","177056882","0.0435606"
"177056882","2019041558","0.205898"
"2019041558","177056882","0.205898"
"177056882","2027447481","0.172439"
"2027447481","177056882","0.172439"
"177056882","2039324668","0.155177"
"2039324668","177056882","0.155177"
"177056882","2045029544","0.241126"
"2045029544","177056882","0.241126"
"177056882","2057843111","0.0227273"
"2057843111","177056882","0.0227273"
"177056882","2060088964","0.355177"
"2060088964","177056882","0.355177"
"177056882","2063736421","0.0941558"
"2063736421","177056882","0.0941558"
"177056882","2067934326","0.0768939"
"2067934326","177056882","0.0768939"
"177056882","2068346543","0.682197"
"2068346543","177056882","0.682197"
"177056882","2096523845","0.371843"
"2096523845","177056882","0.371843"
"177056882","2118149148","0.0454545"
"2118149148","177056882","0.0454545"
"177056882","2140116260","0.0454545"
"2140116260","177056882","0.0454545"
"177056882","2150948842","0.0454545"
"2150948842","177056882","0.0454545"
"177056882","2171513952","0.0454545"
"2171513952","177056882","0.0454545"
"177056882","2282586151","0.0787879"
"2282586151","177056882","0.0787879"
"177056882","2340809295","0.0435606"
"2340809295","177056882","0.0435606"
"177056882","2405635203","0.280177"
"2405635203","177056882","0.280177"
"177056882","2463977740","0.0768939"
"2463977740","177056882","0.0768939"
"177056882","2562424539","0.0227273"
"2562424539","177056882","0.0227273"
"177056882","2564666952","0.0662879"
"2564666952","177056882","0.0662879"
"177056882","2580317810","0.155177"
"2580317810","177056882","0.155177"
"177056882","25876242","0.0787879"
"25876242","177056882","0.0787879"
"177056882","2589654697","0.0435606"
"2589654697","177056882","0.0435606"
"177056882","2592240698","0.0991162"
"2592240698","177056882","0.0991162"
"177056882","2593237442","0.0454545"
"2593237442","177056882","0.0454545"
"177056882","2594388115","0.0227273"
"2594388115","177056882","0.0227273"
"177056882","2613683361","0.0435606"
"2613683361","177056882","0.0435606"
"177056882","2731602999","0.0768939"
"2731602999","177056882","0.0768939"
"177056882","2749506121","0.0768939"
"2749506121","177056882","0.0768939"
"177056882","311301339","0.155177"
"311301339","177056882","0.155177"
"177056882","73606465","0.0991162"
"73606465","177056882","0.0991162"
"177056882","779130886","0.0435606"
"779130886","177056882","0.0435606"
"177056882","78119776","0.0768939"
"78119776","177056882","0.0768939"
"177056882","92355514","0.0227273"
"92355514","177056882","0.0227273"
"1977024080","1982394981","0.0435606"
"1982394981","1977024080","0.0435606"
"1977024080","2001350744","0.722548"
"2001350744","1977024080","0.722548"
"1977024080","2008176559","0.287102"
"2008176559","1977024080","0.287102"
"1977024080","2010953838","0.0435606"
"2010953838","1977024080","0.0435606"
"1977024080","2019041558","0.0435606"
"2019041558","1977024080","0.0435606"
"1977024080","2027447481","0.0849495"
"2027447481","1977024080","0.0849495"
"1977024080","2039324668","0.153402"
"2039324668","1977024080","0.153402"
"1977024080","2045029544","0.083411"
"2045029544","1977024080","0.083411"
"1977024080","2057843111","0.0925685"
"2057843111","1977024080","0.0925685"
"1977024080","2060088964","0.515882"
"2060088964","1977024080","0.515882"
"1977024080","2063736421","0.0227273"
"2063736421","1977024080","0.0227273"
"1977024080","2067934326","0.767693"
"2067934326","1977024080","0.767693"
"1977024080","2068346543","0.191863"
"2068346543","1977024080","0.191863"
"1977024080","2096523845","0.105783"
"2096523845","1977024080","0.105783"
"1977024080","2118149148","0.107221"
"2118149148","1977024080","0.107221"
"1977024080","2140116260","0.068759"
"2140116260","1977024080","0.068759"
"1977024080","2150948842","0.0449495"
"2150948842","1977024080","0.0449495"
"1977024080","2171513952","0.0449495"
"2171513952","1977024080","0.0449495"
"1977024080","2282586151","0.132617"
"2282586151","1977024080","0.132617"
"1977024080","2340809295","0.0820221"
"2340809295","1977024080","0.0820221"
"1977024080","2405635203","0.740436"
"2405635203","1977024080","0.740436"
"1977024080","2463977740","0.205355"
"2463977740","1977024080","0.205355"
"1977024080","2562424539","0.0227273"
"2562424539","1977024080","0.0227273"
"1977024080","2564666952","0.655992"
"2564666952","1977024080","0.655992"
"1977024080","2580317810","0.484721"
"2580317810","1977024080","0.484721"
"1977024080","25876242","0.068759"
"25876242","1977024080","0.068759"
"1977024080","2589654697","0.0435606"
"2589654697","1977024080","0.0435606"
"1977024080","2592240698","0.0673701"
"2592240698","1977024080","0.0673701"
"1977024080","2593237442","0.116378"
"2593237442","1977024080","0.116378"
"1977024080","2594388115","0.0227273"
"2594388115","1977024080","0.0227273"
"1977024080","2613683361","0.239598"
"2613683361","1977024080","0.239598"
"1977024080","2731602999","0.22812"
"2731602999","1977024080","0.22812"
"1977024080","2749506121","0.705898"
"2749506121","1977024080","0.705898"
"1977024080","311301339","0.10737"
"311301339","1977024080","0.10737"
"1977024080","73606465","0.0657828"
"73606465","1977024080","0.0657828"
"1977024080","779130886","0.0435606"
"779130886","1977024080","0.0435606"
"1977024080","78119776","0.839691"
"78119776","1977024080","0.839691"
"1977024080","92355514","0.0449495"
"92355514","1977024080","0.0449495"
"1982394981","2001350744","0.0890151"
"2001350744","1982394981","0.0890151"
"1982394981","2008176559","0.0991162"
"2008176559","1982394981","0.0991162"
"1982394981","2010953838","1.12268"
"2010953838","1982394981","1.12268"
"1982394981","2019041558","0.0435606"
"2019041558","1982394981","0.0435606"
"1982394981","2027447481","0.0782828"
"2027447481","1982394981","0.0782828"
"1982394981","2039324668","0.0991162"
"2039324668","1982394981","0.0991162"
"1982394981","2045029544","0.0227273"
"2045029544","1982394981","0.0227273"
"1982394981","2057843111","0.0227273"
"2057843111","1982394981","0.0227273"
"1982394981","2060088964","0.207071"
"2060088964","1982394981","0.207071"
"1982394981","2063736421","1.1322"
"2063736421","1982394981","1.1322"
"1982394981","2067934326","0.242424"
"2067934326","1982394981","0.242424"
"1982394981","2068346543","0.0435606"
"2068346543","1982394981","0.0435606"
"1982394981","2096523845","0.0991162"
"2096523845","1982394981","0.0991162"
"1982394981","2118149148","0.0227273"
"2118149148","1982394981","0.0227273"
"1982394981","2140116260","0.0227273"
"2140116260","1982394981","0.0227273"
"1982394981","2150948842","0.0227273"
"2150948842","1982394981","0.0227273"
"1982394981","2171513952","0.0227273"
"2171513952","1982394981","0.0227273"
"1982394981","2282586151","0.227005"
"2282586151","1982394981","0.227005"
"1982394981","2340809295","3.48025"
"2340809295","1982394981","3.48025"
"1982394981","2405635203","0.161616"
"2405635203","1982394981","0.161616"
"1982394981","2463977740","0.0435606"
"2463977740","1982394981","0.0435606"
"1982394981","2562424539","0.0227273"
"2562424539","1982394981","0.0227273"
"1982394981","2564666952","0.0890151"
"2564666952","1982394981","0.0890151"
"1982394981","2580317810","0.0991162"
"2580317810","1982394981","0.0991162"
"1982394981","25876242","0.0227273"
"25876242","1982394981","0.0227273"
"1982394981","2589654697","0.560176"
"2589654697","1982394981","0.560176"
"1982394981","2592240698","0.0991162"
"2592240698","1982394981","0.0991162"
"1982394981","2593237442","0.0227273"
"2593237442","1982394981","0.0227273"
"1982394981","2594388115","0.0227273"
"2594388115","1982394981","0.0227273"
"1982394981","2613683361","0.0435606"
"2613683361","1982394981","0.0435606"
"1982394981","2731602999","0.0435606"
"2731602999","1982394981","0.0435606"
"1982394981","2749506121","0.0435606"
"2749506121","1982394981","0.0435606"
"1982394981","311301339","1.95247"
"311301339","1982394981","1.95247"
"1982394981","73606465","0.628232"
"73606465","1982394981","0.628232"
"1982394981","779130886","1.04356"
"779130886","1982394981","1.04356"
"1982394981","78119776","0.0435606"
"78119776","1982394981","0.0435606"
"1982394981","92355514","0.761367"
"92355514","1982394981","0.761367"
"2001350744","2008176559","0.485054"
"2008176559","2001350744","0.485054"
"2001350744","2010953838","0.0890151"
"2010953838","2001350744","0.0890151"
"2001350744","2019041558","0.102384"
"2019041558","2001350744","0.102384"
"2001350744","2027447481","0.378141"
"2027447481","2001350744","0.378141"
"2001350744","2039324668","0.421103"
"2039324668","2001350744","0.421103"
"2001350744","2045029544","0.198295"
"2045029544","2001350744","0.198295"
"2001350744","2057843111","0.148124"
"2057843111","2001350744","0.148124"
"2001350744","2060088964","3.90165"
"2060088964","2001350744","3.90165"
"2001350744","2063736421","0.127005"
"2063736421","2001350744","0.127005"
"2001350744","2067934326","1.07108"
"2067934326","2001350744","1.07108"
"2001350744","2068346543","0.524737"
"2068346543","2001350744","0.524737"
"2001350744","2096523845","0.27199"
"2096523845","2001350744","0.27199"
"2001350744","2118149148","0.106138"
"2118149148","2001350744","0.106138"
"2001350744","2140116260","0.104714"
"2140116260","2001350744","0.104714"
"2001350744","2150948842","0.231698"
"2150948842","2001350744","0.231698"
"2001350744","2171513952","0.231698"
"2171513952","2001350744","0.231698"
"2001350744","2282586151","0.337307"
"2282586151","2001350744","0.337307"
"2001350744","2340809295","0.127477"
"2340809295","2001350744","0.127477"
"2001350744","2405635203","2.13079"
"2405635203","2001350744","2.13079"
"2001350744","2463977740","0.316935"
"2463977740","2001350744","0.316935"
"2001350744","2562424539","0.356061"
"2562424539","2001350744","0.356061"
"2001350744","2564666952","1.8799"
"2564666952","2001350744","1.8799"
"2001350744","2580317810","0.852793"
"2580317810","2001350744","0.852793"
"2001350744","25876242","0.10101"
"25876242","2001350744","0.10101"
"2001350744","2589654697","0.0890151"
"2589654697","2001350744","0.0890151"
"2001350744","2592240698","0.120484"
"2592240698","2001350744","0.120484"
"2001350744","2593237442","0.402333"
"2593237442","2001350744","0.402333"
"2001350744","2594388115","0.0941558"
"2594388115","2001350744","0.0941558"
"2001350744","2613683361","0.295153"
"2613683361","2001350744","0.295153"
"2001350744","2731602999","0.686057"
"2731602999","2001350744","0.686057"
"2001350744","2749506121","0.774946"
"2749506121","2001350744","0.774946"
"2001350744","311301339","0.343806"
"311301339","2001350744","0.343806"
"2001350744","73606465","0.111237"
"73606465","2001350744","0.111237"
"2001350744","779130886","0.0435606"
"779130886","2001350744","0.0435606"
"2001350744","78119776","0.36783"
"78119776","2001350744","0.36783"
"2001350744","92355514","0.090404"
"92355514","2001350744","0.090404"
"2008176559","2010953838","0.0435606"
"2010953838","2008176559","0.0435606"
"2008176559","2019041558","0.193293"
"2019041558","2008176559","0.193293"
"2008176559","2027447481","0.494746"
"2027447481","2008176559","0.494746"
"2008176559","2039324668","0.371896"
"2039324668","2008176559","0.371896"
"2008176559","2045029544","0.38835"
"2045029544","2008176559","0.38835"
"2008176559","2057843111","0.0925685"
"2057843111","2008176559","0.0925685"
"2008176559","2060088964","0.581562"
"2060088964","2008176559","0.581562"
"2008176559","2063736421","0.414029"
"2063736421","2008176559","0.414029"
"2008176559","2067934326","0.215673"
"2067934326","2008176559","0.215673"
"2008176559","2068346543","2.41842"
"2068346543","2008176559","2.41842"
"2008176559","2096523845","0.327545"
"2096523845","2008176559","0.327545"
"2008176559","2118149148","0.129948"
"2118149148","2008176559","0.129948"
"2008176559","2140116260","0.205446"
"2140116260","2008176559","0.205446"
"2008176559","2150948842","0.237192"
"2150948842","2008176559","0.237192"
"2008176559","2171513952","0.215825"
"2171513952","2008176559","0.215825"
"2008176559","2282586151","0.266456"
"2282586151","2008176559","0.266456"
"2008176559","2340809295","0.158945"
"2340809295","2008176559","0.158945"
"2008176559","2405635203","2.44049"
"2405635203","2008176559","2.44049"
"2008176559","2463977740","0.206678"
"2463977740","2008176559","0.206678"
"2008176559","2562424539","0.0227273"
"2562424539","2008176559","0.0227273"
"2008176559","2564666952","0.196976"
"2564666952","2008176559","0.196976"
"2008176559","2580317810","0.386548"
"2580317810","2008176559","0.386548"
"2008176559","25876242","0.0914863"
"25876242","2008176559","0.0914863"
"2008176559","2589654697","0.0435606"
"2589654697","2008176559","0.0435606"
"2008176559","2592240698","0.122926"
"2592240698","2008176559","0.122926"
"2008176559","2593237442","0.308621"
"2593237442","2008176559","0.308621"
"2008176559","2594388115","0.0227273"
"2594388115","2008176559","0.0227273"
"2008176559","2613683361","0.0820221"
"2613683361","2008176559","0.0820221"
"2008176559","2731602999","0.325246"
"2731602999","2008176559","0.325246"
"2008176559","2749506121","0.303023"
"2749506121","2008176559","0.303023"
"2008176559","311301339","1.43327"
"311301339","2008176559","1.43327"
"2008176559","73606465","0.121338"
"73606465","2008176559","0.121338"
"2008176559","779130886","0.0435606"
"779130886","2008176559","0.0435606"
"2008176559","78119776","0.175673"
"78119776","2008176559","0.175673"
"2008176559","92355514","0.100505"
"92355514","2008176559","0.100505"
"2010953838","2019041558","0.154672"
"2019041558","2010953838","0.154672"
"2010953838","2027447481","0.0227273"
"2027447481","2010953838","0.0227273"
"2010953838","2039324668","0.297529"
"2039324668","2010953838","0.297529"
"2010953838","2045029544","0.0227273"
"2045029544","2010953838","0.0227273"
"2010953838","2057843111","0.356061"
"2057843111","2010953838","0.356061"
"2010953838","2060088964","0.151515"
"2060088964","2010953838","0.151515"
"2010953838","2063736421","0.198434"
"2063736421","2010953838","0.198434"
"2010953838","2067934326","0.242424"
"2067934326","2010953838","0.242424"
"2010953838","2068346543","0.0435606"
"2068346543","2010953838","0.0435606"
"2010953838","2096523845","0.0435606"
"2096523845","2010953838","0.0435606"
"2010953838","2118149148","0.0227273"
"2118149148","2010953838","0.0227273"
"2010953838","2140116260","0.0227273"
"2140116260","2010953838","0.0227273"
"2010953838","2150948842","0.0227273"
"2150948842","2010953838","0.0227273"
"2010953838","2171513952","0.0227273"
"2171513952","2010953838","0.0227273"
"2010953838","2282586151","0.127005"
"2282586151","2010953838","0.127005"
"2010953838","2340809295","2.15442"
"2340809295","2010953838","2.15442"
"2010953838","2405635203","0.272727"
"2405635203","2010953838","0.272727"
"2010953838","2463977740","0.0435606"
"2463977740","2010953838","0.0435606"
"2010953838","2562424539","0.0227273"
"2562424539","2010953838","0.0227273"
"2010953838","2564666952","0.0890151"
"2564666952","2010953838","0.0890151"
"2010953838","2580317810","0.0435606"
"2580317810","2010953838","0.0435606"
"2010953838","25876242","0.0227273"
"25876242","2010953838","0.0227273"
"2010953838","2589654697","0.560176"
"2589654697","2010953838","0.560176"
"2010953838","2592240698","0.210227"
"2592240698","2010953838","0.210227"
"2010953838","2593237442","0.189394"
"2593237442","2010953838","0.189394"
"2010953838","2594388115","0.0227273"
"2594388115","2010953838","0.0227273"
"2010953838","2613683361","0.0435606"
"2613683361","2010953838","0.0435606"
"2010953838","2731602999","0.0435606"
"2731602999","2010953838","0.0435606"
"2010953838","2749506121","0.0435606"
"2749506121","2010953838","0.0435606"
"2010953838","311301339","0.904422"
"311301339","2010953838","0.904422"
"2010953838","73606465","0.793311"
"73606465","2010953838","0.793311"
"2010953838","779130886","0.154672"
"779130886","2010953838","0.154672"
"2010953838","78119776","0.0435606"
"78119776","2010953838","0.0435606"
"2010953838","92355514","0.260934"
"92355514","2010953838","0.260934"
"2019041558","2027447481","0.152979"
"2027447481","2019041558","0.152979"
"2019041558","2039324668","0.154672"
"2039324668","2019041558","0.154672"
"2019041558","2045029544","0.243888"
"2045029544","2019041558","0.243888"
"2019041558","2057843111","0.0227273"
"2057843111","2019041558","0.0227273"
"2019041558","2060088964","0.302384"
"2060088964","2019041558","0.302384"
"2019041558","2063736421","0.152979"
"2063736421","2019041558","0.152979"
"2019041558","2067934326","0.0435606"
"2067934326","2019041558","0.0435606"
"2019041558","2068346543","0.193293"
"2068346543","2019041558","0.193293"
"2019041558","2096523845","0.102384"
"2096523845","2019041558","0.102384"
"2019041558","2118149148","0.0227273"
"2118149148","2019041558","0.0227273"
"2019041558","2140116260","0.0227273"
"2140116260","2019041558","0.0227273"
"2019041558","2150948842","0.0227273"
"2150948842","2019041558","0.0227273"
"2019041558","2171513952","0.0227273"
"2171513952","2019041558","0.0227273"
"2019041558","2282586151","0.0227273"
"2282586151","2019041558","0.0227273"
"2019041558","2340809295","0.154672"
"2340809295","2019041558","0.154672"
"2019041558","2405635203","0.0435606"
"2405635203","2019041558","0.0435606"
"2019041558","2463977740","0.0435606"
"2463977740","2019041558","0.0435606"
"2019041558","2562424539","0.0227273"
"2562424539","2019041558","0.0227273"
"2019041558","2564666952","0.0435606"
"2564666952","2019041558","0.0435606"
"2019041558","2580317810","0.0435606"
"2580317810","2019041558","0.0435606"
"2019041558","25876242","0.0227273"
"25876242","2019041558","0.0227273"
"2019041558","2589654697","0.0435606"
"2589654697","2019041558","0.0435606"
"2019041558","2592240698","0.0435606"
"2592240698","2019041558","0.0435606"
"2019041558","2593237442","0.0227273"
"2593237442","2019041558","0.0227273"
"2019041558","2594388115","0.0227273"
"2594388115","2019041558","0.0227273"
"2019041558","2613683361","0.0435606"
"2613683361","2019041558","0.0435606"
"2019041558","2731602999","0.0435606"
"2731602999","2019041558","0.0435606"
"2019041558","2749506121","0.0435606"
"2749506121","2019041558","0.0435606"
"2019041558","311301339","0.154672"
"311301339","2019041558","0.154672"
"2019041558","73606465","0.154672"
"73606465","2019041558","0.154672"
"2019041558","779130886","0.0435606"
"779130886","2019041558","0.0435606"
"2019041558","78119776","0.243561"
"78119776","2019041558","0.243561"
"2019041558","92355514","0.0227273"
"92355514","2019041558","0.0227273"
"2027447481","2039324668","0.571301"
"2039324668","2027447481","0.571301"
"2027447481","2045029544","1.55957"
"2045029544","2027447481","1.55957"
"2027447481","2057843111","0.0449495"
"2057843111","2027447481","0.0449495"
"2027447481","2060088964","0.420482"
"2060088964","2027447481","0.420482"
"2027447481","2063736421","0.452125"
"2063736421","2027447481","0.452125"
"2027447481","2067934326","0.272449"
"2067934326","2027447481","0.272449"
"2027447481","2068346543","0.445601"
"2068346543","2027447481","0.445601"
"2027447481","2096523845","1.39005"
"2096523845","2027447481","1.39005"
"2027447481","2118149148","0.0676768"
"2118149148","2027447481","0.0676768"
"2027447481","2140116260","0.32747"
"2140116260","2027447481","0.32747"
"2027447481","2150948842","1.73124"
"2150948842","2027447481","1.73124"
"2027447481","2171513952","1.54321"
"2171513952","2027447481","1.54321"
"2027447481","2282586151","1.25478"
"2282586151","2027447481","1.25478"
"2027447481","2340809295","0.0996504"
"2340809295","2027447481","0.0996504"
"2027447481","2405635203","0.568462"
"2405635203","2027447481","0.568462"
"2027447481","2463977740","0.147383"
"2463977740","2027447481","0.147383"
"2027447481","2562424539","0.0227273"
"2562424539","2027447481","0.0227273"
"2027447481","2564666952","0.152333"
"2564666952","2027447481","0.152333"
"2027447481","2580317810","0.365944"
"2580317810","2027447481","0.365944"
"2027447481","25876242","0.0676768"
"25876242","2027447481","0.0676768"
"2027447481","2589654697","0.0227273"
"2589654697","2027447481","0.0227273"
"2027447481","2592240698","0.0782828"
"2592240698","2027447481","0.0782828"
"2027447481","2593237442","0.320526"
"2593237442","2027447481","0.320526"
"2027447481","2594388115","0.177489"
"2594388115","2027447481","0.177489"
"2027447481","2613683361","0.0227273"
"2613683361","2027447481","0.0227273"
"2027447481","2731602999","0.295484"
"2731602999","2027447481","0.295484"
"2027447481","2749506121","0.356595"
"2749506121","2027447481","0.356595"
"2027447481","311301339","0.271962"
"311301339","2027447481","0.271962"
"2027447481","73606465","0.100505"
"73606465","2027447481","0.100505"
"2027447481","779130886","0.0227273"
"779130886","2027447481","0.0227273"
"2027447481","78119776","0.0449495"
"78119776","2027447481","0.0449495"
"2027447481","92355514","0.100505"
"92355514","2027447481","0.100505"
"2039324668","2045029544","0.16351"
"2045029544","2039324668","0.16351"
"2039324668","2057843111","0.0925685"
"2057843111","2039324668","0.0925685"
"2039324668","2060088964","0.324555"
"2060088964","2039324668","0.324555"
"2039324668","2063736421","0.0227273"
"2063736421","2039324668","0.0227273"
"2039324668","2067934326","0.249235"
"2067934326","2039324668","0.249235"
"2039324668","2068346543","0.316341"
"2068346543","2039324668","0.316341"
"2039324668","2096523845","0.268722"
"2096523845","2039324668","0.268722"
"2039324668","2118149148","0.0676768"
"2118149148","2039324668","0.0676768"
"2039324668","2140116260","0.167214"
"2140116260","2039324668","0.167214"
"2039324668","2150948842","0.428127"
"2150948842","2039324668","0.428127"
"2039324668","2171513952","0.428127"
"2171513952","2039324668","0.428127"
"2039324668","2282586151","0.38732"
"2282586151","2039324668","0.38732"
"2039324668","2340809295","0.630862"
"2340809295","2039324668","0.630862"
"2039324668","2405635203","0.454436"
"2405635203","2039324668","0.454436"
"2039324668","2463977740","0.20155"
"2463977740","2039324668","0.20155"
"2039324668","2562424539","0.0227273"
"2562424539","2039324668","0.0227273"
"2039324668","2564666952","0.173166"
"2564666952","2039324668","0.173166"
"2039324668","2580317810","0.420111"
"2580317810","2039324668","0.420111"
"2039324668","25876242","0.10101"
"25876242","2039324668","0.10101"
"2039324668","2589654697","0.0435606"
"2589654697","2039324668","0.0435606"
"2039324668","2592240698","0.0991162"
"2592240698","2039324668","0.0991162"
"2039324668","2593237442","0.152333"
"2593237442","2039324668","0.152333"
"2039324668","2594388115","0.0941558"
"2594388115","2039324668","0.0941558"
"2039324668","2613683361","0.0435606"
"2613683361","2039324668","0.0435606"
"2039324668","2731602999","0.264791"
"2731602999","2039324668","0.264791"
"2039324668","2749506121","0.242569"
"2749506121","2039324668","0.242569"
"2039324668","311301339","2.3301"
"311301339","2039324668","2.3301"
"2039324668","73606465","0.875307"
"73606465","2039324668","0.875307"
"2039324668","779130886","0.0435606"
"779130886","2039324668","0.0435606"
"2039324668","78119776","0.0991162"
"78119776","2039324668","0.0991162"
"2039324668","92355514","0.0449495"
"92355514","2039324668","0.0449495"
"2045029544","2057843111","0.0449495"
"2057843111","2045029544","0.0449495"
"2045029544","2060088964","0.396708"
"2060088964","2045029544","0.396708"
"2045029544","2063736421","0.452125"
"2063736421","2045029544","0.452125"
"2045029544","2067934326","0.116744"
"2067934326","2045029544","0.116744"
"2045029544","2068346543","0.39476"
"2068346543","2045029544","0.39476"
"2045029544","2096523845","0.209834"
"2096523845","2045029544","0.209834"
"2045029544","2118149148","0.248995"
"2118149148","2045029544","0.248995"
"2045029544","2140116260","0.227933"
"2140116260","2045029544","0.227933"
"2045029544","2150948842","0.2071"
"2150948842","2045029544","0.2071"
"2045029544","2171513952","0.269066"
"2171513952","2045029544","0.269066"
"2045029544","2282586151","0.256138"
"2282586151","2045029544","0.256138"
"2045029544","2340809295","0.138112"
"2340809295","2045029544","0.138112"
"2045029544","2405635203","0.2946"
"2405635203","2045029544","0.2946"
"2045029544","2463977740","0.719522"
"2463977740","2045029544","0.719522"
"2045029544","2562424539","0.0227273"
"2562424539","2045029544","0.0227273"
"2045029544","2564666952","0.0676768"
"2564666952","2045029544","0.0676768"
"2045029544","2580317810","0.139472"
"2580317810","2045029544","0.139472"
"2045029544","25876242","0.711724"
"25876242","2045029544","0.711724"
