"1488515281","2062179223","25.4443"
"2062179223","1488515281","25.4443"
"1488515281","2147620601","10.7659"
"2147620601","1488515281","10.7659"
"2062179223","2147620601","11.7659"
"2147620601","2062179223","11.7659"
"1488515281","2055699991","2.79167"
"2055699991","1488515281","2.79167"
"1488515281","2048030021","4.18258"
"2048030021","1488515281","4.18258"
"1488515281","4333350","6.63258"
"4333350","1488515281","6.63258"
"2048030021","4333350","4.32543"
"4333350","2048030021","4.32543"
"1488515281","64908097","5.80817"
"64908097","1488515281","5.80817"
"1488515281","2122956714","11.7"
"2122956714","1488515281","11.7"
"1488515281","2110952388","4.9"
"2110952388","1488515281","4.9"
"1488515281","2126191191","0.483333"
"2126191191","1488515281","0.483333"
"1488515281","2155987510","2.89091"
"2155987510","1488515281","2.89091"
"1488515281","2172013605","3.54444"
"2172013605","1488515281","3.54444"
"2062179223","2110952388","6.15"
"2110952388","2062179223","6.15"
"2062179223","2126191191","0.2"
"2126191191","2062179223","0.2"
"2062179223","2155987510","0.474242"
"2155987510","2062179223","0.474242"
"2062179223","2172013605","2.48333"
"2172013605","2062179223","2.48333"
"2110952388","2126191191","0.2"
"2126191191","2110952388","0.2"
"2110952388","2155987510","0.283333"
"2155987510","2110952388","0.283333"
"2110952388","2172013605","2.48333"
"2172013605","2110952388","2.48333"
"2126191191","2155987510","1.28333"
"2155987510","2126191191","1.28333"
"2126191191","2172013605","0.2"
"2172013605","2126191191","0.2"
"2155987510","2172013605","0.283333"
"2172013605","2155987510","0.283333"
"1488515281","2085394315","0.940909"
"2085394315","1488515281","0.940909"
"2062179223","2085394315","0.607576"
"2085394315","2062179223","0.607576"
"2062179223","4333350","2.23258"
"4333350","2062179223","2.23258"
"2085394315","2147620601","0.607576"
"2147620601","2085394315","0.607576"
"2085394315","4333350","0.750433"
"4333350","2085394315","0.750433"
"2147620601","4333350","1.89924"
"4333350","2147620601","1.89924"
"1488515281","2136246134","0.971205"
"2136246134","1488515281","0.971205"
"2062179223","2136246134","1.11174"
"2136246134","2062179223","1.11174"
"2136246134","2147620601","0.333333"
"2147620601","2136246134","0.333333"
"1488515281","2118778444","4.06843"
"2118778444","1488515281","4.06843"
"2118778444","64908097","1.22484"
"64908097","2118778444","1.22484"
"2062179223","2122956714","4.61667"
"2122956714","2062179223","4.61667"
"2110952388","2122956714","5.61667"
"2122956714","2110952388","5.61667"
"2122956714","2172013605","3.03333"
"2172013605","2122956714","3.03333"
"1488515281","2089492940","1.04"
"2089492940","1488515281","1.04"
"1488515281","2086370422","0.166667"
"2086370422","1488515281","0.166667"
"1488515281","2496336271","2.08343"
"2496336271","1488515281","2.08343"
"1488515281","2537388716","0.206667"
"2537388716","1488515281","0.206667"
"2062179223","2086370422","0.166667"
"2086370422","2062179223","0.166667"
"2062179223","2496336271","1.11174"
"2496336271","2062179223","1.11174"
"2062179223","2537388716","0.166667"
"2537388716","2062179223","0.166667"
"2086370422","2110952388","0.166667"
"2110952388","2086370422","0.166667"
"2086370422","2122956714","0.166667"
"2122956714","2086370422","0.166667"
"2086370422","2496336271","0.166667"
"2496336271","2086370422","0.166667"
"2086370422","2537388716","0.166667"
"2537388716","2086370422","0.166667"
"2110952388","2496336271","0.166667"
"2496336271","2110952388","0.166667"
"2110952388","2537388716","0.166667"
"2537388716","2110952388","0.166667"
"2122956714","2496336271","0.166667"
"2496336271","2122956714","0.166667"
"2122956714","2537388716","0.166667"
"2537388716","2122956714","0.166667"
"2496336271","2537388716","0.206667"
"2537388716","2496336271","0.206667"
"1488515281","2026493302","1.14924"
"2026493302","1488515281","1.14924"
"1488515281","2078187416","1.84924"
"2078187416","1488515281","1.84924"
"2026493302","2078187416","130.053"
"2078187416","2026493302","130.053"
"1488515281","2020165008","1.40278"
"2020165008","1488515281","1.40278"
"2020165008","2048030021","0.208333"
"2048030021","2020165008","0.208333"
"2020165008","2055699991","0.291667"
"2055699991","2020165008","0.291667"
"2020165008","2062179223","0.208333"
"2062179223","2020165008","0.208333"
"2020165008","2110952388","0.208333"
"2110952388","2020165008","0.208333"
"2020165008","2122956714","0.291667"
"2122956714","2020165008","0.291667"
"2020165008","2172013605","0.319444"
"2172013605","2020165008","0.319444"
"2020165008","4333350","0.208333"
"4333350","2020165008","0.208333"
"2048030021","2055699991","0.208333"
"2055699991","2048030021","0.208333"
"2048030021","2062179223","1.98258"
"2062179223","2048030021","1.98258"
"2048030021","2110952388","0.333333"
"2110952388","2048030021","0.333333"
"2048030021","2122956714","0.333333"
"2122956714","2048030021","0.333333"
"2048030021","2172013605","0.333333"
"2172013605","2048030021","0.333333"
"2055699991","2062179223","0.208333"
"2062179223","2055699991","0.208333"
"2055699991","2110952388","0.208333"
"2110952388","2055699991","0.208333"
"2055699991","2122956714","0.791667"
"2122956714","2055699991","0.791667"
"2055699991","2172013605","0.208333"
"2172013605","2055699991","0.208333"
"2055699991","4333350","0.208333"
"4333350","2055699991","0.208333"
"2110952388","4333350","0.333333"
"4333350","2110952388","0.333333"
"2122956714","4333350","0.333333"
"4333350","2122956714","0.333333"
"2172013605","4333350","0.333333"
"4333350","2172013605","0.333333"
"1488515281","2099505562","0.526761"
"2099505562","1488515281","0.526761"
"1488515281","2116413397","0.735094"
"2116413397","1488515281","0.735094"
"1488515281","2130416896","0.751761"
"2130416896","1488515281","0.751761"
"1488515281","2151856228","0.426761"
"2151856228","1488515281","0.426761"
"1488515281","2154096079","0.278409"
"2154096079","1488515281","0.278409"
"1488515281","2161835057","0.797594"
"2161835057","1488515281","0.797594"
"2062179223","2099505562","0.278409"
"2099505562","2062179223","0.278409"
"2062179223","2116413397","0.153409"
"2116413397","2062179223","0.153409"
"2062179223","2118778444","0.153409"
"2118778444","2062179223","0.153409"
"2062179223","2130416896","0.753409"
"2130416896","2062179223","0.753409"
"2062179223","2151856228","0.278409"
"2151856228","2062179223","0.278409"
"2062179223","2154096079","0.278409"
"2154096079","2062179223","0.278409"
"2062179223","2161835057","0.215909"
"2161835057","2062179223","0.215909"
"2062179223","64908097","0.153409"
"64908097","2062179223","0.153409"
"2099505562","2116413397","0.568427"
"2116413397","2099505562","0.568427"
"2099505562","2118778444","0.401761"
"2118778444","2099505562","0.401761"
"2099505562","2130416896","1.06009"
"2130416896","2099505562","1.06009"
"2099505562","2136246134","1.76009"
"2136246134","2099505562","1.76009"
"2099505562","2151856228","2.82676"
"2151856228","2099505562","2.82676"
"2099505562","2154096079","0.978409"
"2154096079","2099505562","0.978409"
"2099505562","2161835057","1.79759"
"2161835057","2099505562","1.79759"
"2099505562","2496336271","0.626761"
"2496336271","2099505562","0.626761"
"2099505562","64908097","0.224838"
"64908097","2099505562","0.224838"
"2116413397","2118778444","0.401761"
"2118778444","2116413397","0.401761"
"2116413397","2130416896","1.16843"
"2130416896","2116413397","1.16843"
"2116413397","2136246134","0.968427"
"2136246134","2116413397","0.968427"
"2116413397","2151856228","0.301761"
"2151856228","2116413397","0.301761"
"2116413397","2154096079","0.153409"
"2154096079","2116413397","0.153409"
"2116413397","2161835057","2.43926"
"2161835057","2116413397","2.43926"
"2116413397","2496336271","0.301761"
"2496336271","2116413397","0.301761"
"2116413397","64908097","0.224838"
"64908097","2116413397","0.224838"
"2118778444","2130416896","0.401761"
"2130416896","2118778444","0.401761"
"2118778444","2136246134","0.401761"
"2136246134","2118778444","0.401761"
"2118778444","2151856228","0.301761"
"2151856228","2118778444","0.301761"
"2118778444","2154096079","0.153409"
"2154096079","2118778444","0.153409"
"2118778444","2161835057","0.339261"
"2161835057","2118778444","0.339261"
"2118778444","2496336271","0.635094"
"2496336271","2118778444","0.635094"
"2130416896","2136246134","1.46009"
"2136246134","2130416896","1.46009"
"2130416896","2151856228","0.626761"
"2151856228","2130416896","0.626761"
"2130416896","2154096079","0.278409"
"2154096079","2130416896","0.278409"
"2130416896","2161835057","1.39759"
"2161835057","2130416896","1.39759"
"2130416896","2496336271","0.426761"
"2496336271","2130416896","0.426761"
"2130416896","64908097","0.224838"
"64908097","2130416896","0.224838"
"2136246134","2151856228","2.82676"
"2151856228","2136246134","2.82676"
"2136246134","2154096079","0.478409"
"2154096079","2136246134","0.478409"
"2136246134","2161835057","3.19759"
"2161835057","2136246134","3.19759"
"2136246134","2496336271","0.626761"
"2496336271","2136246134","0.626761"
"2136246134","64908097","0.224838"
"64908097","2136246134","0.224838"
"2151856228","2154096079","0.978409"
"2154096079","2151856228","0.978409"
"2151856228","2161835057","0.364261"
"2161835057","2151856228","0.364261"
"2151856228","2496336271","0.626761"
"2496336271","2151856228","0.626761"
"2151856228","64908097","0.224838"
"64908097","2151856228","0.224838"
"2154096079","2161835057","0.215909"
"2161835057","2154096079","0.215909"
"2154096079","2496336271","0.478409"
"2496336271","2154096079","0.478409"
"2154096079","64908097","0.153409"
"64908097","2154096079","0.153409"
"2161835057","2496336271","0.364261"
"2496336271","2161835057","0.364261"
"2161835057","64908097","0.162338"
"64908097","2161835057","0.162338"
"2496336271","64908097","0.474838"
"64908097","2496336271","0.474838"
"1488515281","1987722292","0.611111"
"1987722292","1488515281","0.611111"
"1987722292","2062179223","0.5"
"2062179223","1987722292","0.5"
"1987722292","2147620601","0.5"
"2147620601","1987722292","0.5"
"1488515281","2931245725","1.04"
"2931245725","1488515281","1.04"
"1488515281","2105126945","6.33333"
"2105126945","1488515281","6.33333"
"1488515281","2124288185","2.12752"
"2124288185","1488515281","2.12752"
"2124288185","64908097","2.21726"
"64908097","2124288185","2.21726"
"1488515281","1546438029","0.25"
"1546438029","1488515281","0.25"
"1546438029","2124288185","0.25"
"2124288185","1546438029","0.25"
"1546438029","2496336271","1.25"
"2496336271","1546438029","1.25"
"1546438029","64908097","0.25"
"64908097","1546438029","0.25"
"2124288185","2496336271","2.46085"
"2496336271","2124288185","2.46085"
"1488515281","1521014365","0.310852"
"1521014365","1488515281","0.310852"
"1488515281","1993521476","0.977518"
"1993521476","1488515281","0.977518"
"1488515281","2107056945","0.2625"
"2107056945","1488515281","0.2625"
"1488515281","2124077530","0.435852"
"2124077530","1488515281","0.435852"
"1488515281","341336861","0.729167"
"341336861","1488515281","0.729167"
"1521014365","1993521476","0.510852"
"1993521476","1521014365","0.510852"
"1521014365","2062179223","0.0625"
"2062179223","1521014365","0.0625"
"1521014365","2099505562","0.677518"
"2099505562","1521014365","0.677518"
"1521014365","2107056945","0.2625"
"2107056945","1521014365","0.2625"
"1521014365","2116413397","2.07752"
"2116413397","1521014365","2.07752"
"1521014365","2118778444","0.310852"
"2118778444","1521014365","0.310852"
"1521014365","2124077530","0.677518"
"2124077530","1521014365","0.677518"
"1521014365","2124288185","0.210852"
"2124288185","1521014365","0.210852"
"1521014365","2130416896","1.27752"
"2130416896","1521014365","1.27752"
"1521014365","2136246134","3.07752"
"2136246134","1521014365","3.07752"
"1521014365","2151856228","0.410852"
"2151856228","1521014365","0.410852"
"1521014365","2154096079","0.0625"
"2154096079","1521014365","0.0625"
"1521014365","2496336271","0.210852"
"2496336271","1521014365","0.210852"
"1521014365","341336861","0.0625"
"341336861","1521014365","0.0625"
"1521014365","64908097","0.133929"
"64908097","1521014365","0.133929"
"1993521476","2062179223","0.0625"
"2062179223","1993521476","0.0625"
"1993521476","2099505562","1.47752"
"2099505562","1993521476","1.47752"
"1993521476","2107056945","0.229167"
"2107056945","1993521476","0.229167"
"1993521476","2116413397","0.844185"
"2116413397","1993521476","0.844185"
"1993521476","2118778444","0.644185"
"2118778444","1993521476","0.644185"
"1993521476","2124077530","0.310852"
"2124077530","1993521476","0.310852"
"1993521476","2124288185","0.544185"
"2124288185","1993521476","0.544185"
"1993521476","2130416896","0.677518"
"2130416896","1993521476","0.677518"
"1993521476","2136246134","0.477518"
"2136246134","1993521476","0.477518"
"1993521476","2151856228","0.210852"
"2151856228","1993521476","0.210852"
"1993521476","2154096079","0.0625"
"2154096079","1993521476","0.0625"
"1993521476","2496336271","0.210852"
"2496336271","1993521476","0.210852"
"1993521476","341336861","0.0625"
"341336861","1993521476","0.0625"
"1993521476","64908097","0.133929"
"64908097","1993521476","0.133929"
"2062179223","2107056945","0.2625"
"2107056945","2062179223","0.2625"
"2062179223","2124077530","0.1875"
"2124077530","2062179223","0.1875"
"2062179223","2124288185","0.0625"
"2124288185","2062179223","0.0625"
"2062179223","341336861","0.395833"
"341336861","2062179223","0.395833"
"2099505562","2107056945","0.629167"
"2107056945","2099505562","0.629167"
"2099505562","2124077530","0.477518"
"2124077530","2099505562","0.477518"
"2099505562","2124288185","0.210852"
"2124288185","2099505562","0.210852"
"2099505562","341336861","0.0625"
"341336861","2099505562","0.0625"
"2107056945","2116413397","0.0625"
"2116413397","2107056945","0.0625"
"2107056945","2118778444","0.0625"
"2118778444","2107056945","0.0625"
"2107056945","2124077530","0.0625"
"2124077530","2107056945","0.0625"
"2107056945","2124288185","0.0625"
"2124288185","2107056945","0.0625"
"2107056945","2130416896","0.429167"
"2130416896","2107056945","0.429167"
"2107056945","2136246134","1.6625"
"2136246134","2107056945","1.6625"
"2107056945","2151856228","0.9625"
"2151856228","2107056945","0.9625"
"2107056945","2154096079","0.2625"
"2154096079","2107056945","0.2625"
"2107056945","2496336271","0.2625"
"2496336271","2107056945","0.2625"
"2107056945","341336861","0.0625"
"341336861","2107056945","0.0625"
"2107056945","64908097","0.0625"
"64908097","2107056945","0.0625"
"2116413397","2124077530","0.677518"
"2124077530","2116413397","0.677518"
"2116413397","2124288185","0.210852"
"2124288185","2116413397","0.210852"
"2116413397","341336861","0.0625"
"341336861","2116413397","0.0625"
"2118778444","2124077530","0.310852"
"2124077530","2118778444","0.310852"
"2118778444","2124288185","1.04418"
"2124288185","2118778444","1.04418"
"2118778444","341336861","0.395833"
"341336861","2118778444","0.395833"
"2124077530","2124288185","0.210852"
"2124288185","2124077530","0.210852"
"2124077530","2130416896","6.13585"
"2130416896","2124077530","6.13585"
"2124077530","2136246134","0.677518"
"2136246134","2124077530","0.677518"
"2124077530","2151856228","0.210852"
"2151856228","2124077530","0.210852"
"2124077530","2154096079","0.0625"
"2154096079","2124077530","0.0625"
"2124077530","2496336271","0.210852"
"2496336271","2124077530","0.210852"
"2124077530","341336861","0.0625"
"341336861","2124077530","0.0625"
"2124077530","64908097","0.133929"
"64908097","2124077530","0.133929"
"2124288185","2130416896","0.210852"
"2130416896","2124288185","0.210852"
"2124288185","2136246134","0.210852"
"2136246134","2124288185","0.210852"
"2124288185","2151856228","0.210852"
"2151856228","2124288185","0.210852"
"2124288185","2154096079","0.0625"
"2154096079","2124288185","0.0625"
"2124288185","341336861","0.0625"
"341336861","2124288185","0.0625"
"2130416896","341336861","0.0625"
"341336861","2130416896","0.0625"
"2136246134","341336861","0.0625"
"341336861","2136246134","0.0625"
"2151856228","341336861","0.0625"
"341336861","2151856228","0.0625"
"2154096079","341336861","0.0625"
"341336861","2154096079","0.0625"
"2496336271","341336861","0.395833"
"341336861","2496336271","0.395833"
"341336861","64908097","0.0625"
"64908097","341336861","0.0625"
"1488515281","2168386304","0.248352"
"2168386304","1488515281","0.248352"
"1521014365","2161835057","1.01502"
"2161835057","1521014365","1.01502"
"1521014365","2168386304","0.648352"
"2168386304","1521014365","0.648352"
"1993521476","2161835057","1.94835"
"2161835057","1993521476","1.94835"
"1993521476","2168386304","1.61502"
"2168386304","1993521476","1.61502"
"2099505562","2168386304","1.41502"
"2168386304","2099505562","1.41502"
"2116413397","2168386304","0.648352"
"2168386304","2116413397","0.648352"
"2118778444","2168386304","0.248352"
"2168386304","2118778444","0.248352"
"2124077530","2161835057","0.615018"
"2161835057","2124077530","0.615018"
"2124077530","2168386304","0.248352"
"2168386304","2124077530","0.248352"
"2124288185","2161835057","0.148352"
"2161835057","2124288185","0.148352"
"2124288185","2168386304","0.148352"
"2168386304","2124288185","0.148352"
"2130416896","2168386304","0.815018"
"2168386304","2130416896","0.815018"
"2136246134","2168386304","0.615018"
"2168386304","2136246134","0.615018"
"2151856228","2168386304","0.148352"
"2168386304","2151856228","0.148352"
"2161835057","2168386304","1.81502"
"2168386304","2161835057","1.81502"
"2168386304","2496336271","0.148352"
"2496336271","2168386304","0.148352"
"2168386304","64908097","0.0714286"
"64908097","2168386304","0.0714286"
"1488515281","2122354813","0.5"
"2122354813","1488515281","0.5"
"1488515281","70064007","0.840909"
"70064007","1488515281","0.840909"
"2062179223","2122354813","0.5"
"2122354813","2062179223","0.5"
"2062179223","70064007","0.840909"
"70064007","2062179223","0.840909"
"2122354813","2147620601","0.5"
"2147620601","2122354813","0.5"
"2122354813","70064007","0.903968"
"70064007","2122354813","0.903968"
"2147620601","70064007","0.840909"
"70064007","2147620601","0.840909"
"1488515281","1919803322","4.39444"
"1919803322","1488515281","4.39444"
"1919803322","2062179223","2.75"
"2062179223","1919803322","2.75"
"1488515281","1541280084","0.658333"
"1541280084","1488515281","0.658333"
"1488515281","2951361729","0.698333"
"2951361729","1488515281","0.698333"
"1541280084","2048030021","0.325"
"2048030021","1541280084","0.325"
"1541280084","2062179223","0.125"
"2062179223","1541280084","0.125"
"1541280084","2110952388","0.125"
"2110952388","1541280084","0.125"
"1541280084","2122956714","0.125"
"2122956714","1541280084","0.125"
"1541280084","2172013605","0.125"
"2172013605","1541280084","0.125"
"1541280084","2951361729","27.7842"
"2951361729","1541280084","27.7842"
"1541280084","4333350","0.525"
"4333350","1541280084","0.525"
"2048030021","2951361729","0.325"
"2951361729","2048030021","0.325"
"2062179223","2951361729","0.125"
"2951361729","2062179223","0.125"
"2110952388","2951361729","0.125"
"2951361729","2110952388","0.125"
"2122956714","2951361729","0.125"
"2951361729","2122956714","0.125"
"2172013605","2951361729","0.125"
"2951361729","2172013605","0.125"
"2951361729","4333350","0.525"
"4333350","2951361729","0.525"
"1919803322","2124288185","0.333333"
"2124288185","1919803322","0.333333"
"1919803322","64908097","0.333333"
"64908097","1919803322","0.333333"
"2048030021","2147620601","1.64924"
"2147620601","2048030021","1.64924"
"2048030021","2085394315","0.500433"
"2085394315","2048030021","0.500433"
"2048030021","70064007","0.400433"
"70064007","2048030021","0.400433"
"2085394315","70064007","1.60043"
"70064007","2085394315","1.60043"
"4333350","70064007","0.400433"
"70064007","4333350","0.400433"
"1488515281","1977952460","1.89444"
"1977952460","1488515281","1.89444"
"1488515281","2005811099","0.977778"
"2005811099","1488515281","0.977778"
"1488515281","2012395755","1.78333"
"2012395755","1488515281","1.78333"
"1919803322","1977952460","3.89444"
"1977952460","1919803322","3.89444"
"1919803322","2005811099","5.47778"
"2005811099","1919803322","5.47778"
"1919803322","2012395755","0.2"
"2012395755","1919803322","0.2"
"1919803322","2172013605","0.561111"
"2172013605","1919803322","0.561111"
"1977952460","2005811099","3.39444"
"2005811099","1977952460","3.39444"
"1977952460","2012395755","0.2"
"2012395755","1977952460","0.2"
"1977952460","2172013605","0.561111"
"2172013605","1977952460","0.561111"
"2005811099","2012395755","0.2"
"2012395755","2005811099","0.2"
"2005811099","2172013605","0.561111"
"2172013605","2005811099","0.561111"
"2012395755","2172013605","0.283333"
"2172013605","2012395755","0.283333"
"1488515281","2094827065","0.25"
"2094827065","1488515281","0.25"
"2062179223","2094827065","0.25"
"2094827065","2062179223","0.25"
"2094827065","2122354813","2.56111"
"2122354813","2094827065","2.56111"
"2094827065","2147620601","0.25"
"2147620601","2094827065","0.25"
"2026493302","2048030021","0.458766"
"2048030021","2026493302","0.458766"
"2026493302","2062179223","0.315909"
"2062179223","2026493302","0.315909"
"2026493302","2124077530","0.958333"
"2124077530","2026493302","0.958333"
"2026493302","2130416896","0.558333"
"2130416896","2026493302","0.558333"
"2026493302","2147620601","0.315909"
"2147620601","2026493302","0.315909"
"2026493302","4333350","0.458766"
"4333350","2026493302","0.458766"
"2048030021","2078187416","0.458766"
"2078187416","2048030021","0.458766"
"2048030021","2124077530","0.125"
"2124077530","2048030021","0.125"
"2048030021","2130416896","0.225"
"2130416896","2048030021","0.225"
"2062179223","2078187416","0.315909"
"2078187416","2062179223","0.315909"
"2078187416","2124077530","0.958333"
"2124077530","2078187416","0.958333"
"2078187416","2130416896","0.558333"
"2130416896","2078187416","0.558333"
"2078187416","2147620601","0.315909"
"2147620601","2078187416","0.315909"
"2078187416","4333350","0.658766"
"4333350","2078187416","0.658766"
"2124077530","2147620601","0.125"
"2147620601","2124077530","0.125"
"2124077530","4333350","0.125"
"4333350","2124077530","0.125"
"2130416896","2147620601","0.225"
"2147620601","2130416896","0.225"
"2130416896","4333350","0.225"
"4333350","2130416896","0.225"
"1488515281","2086413055","0.25"
"2086413055","1488515281","0.25"
"1488515281","2345285933","0.25"
"2345285933","1488515281","0.25"
"2062179223","2086413055","0.25"
"2086413055","2062179223","0.25"
"2062179223","2345285933","0.25"
"2345285933","2062179223","0.25"
"2086413055","2147620601","0.25"
"2147620601","2086413055","0.25"
"2086413055","2345285933","5.27866"
"2345285933","2086413055","5.27866"
"2147620601","2345285933","0.25"
"2345285933","2147620601","0.25"
"1488515281","2166914830","0.5"
"2166914830","1488515281","0.5"
"1488515281","2963486721","0.166667"
"2963486721","1488515281","0.166667"
"2012395755","2020165008","0.0833333"
"2020165008","2012395755","0.0833333"
"2012395755","2048030021","0.0833333"
"2048030021","2012395755","0.0833333"
"2012395755","2055699991","0.583333"
"2055699991","2012395755","0.583333"
"2012395755","2062179223","0.0833333"
"2062179223","2012395755","0.0833333"
"2012395755","2110952388","0.0833333"
"2110952388","2012395755","0.0833333"
"2012395755","2122956714","0.0833333"
"2122956714","2012395755","0.0833333"
"2012395755","2155987510","0.0833333"
"2155987510","2012395755","0.0833333"
"2012395755","2166914830","0.0833333"
"2166914830","2012395755","0.0833333"
"2012395755","2963486721","4.08333"
"2963486721","2012395755","4.08333"
"2012395755","4333350","0.0833333"
"4333350","2012395755","0.0833333"
"2020165008","2155987510","0.166667"
"2155987510","2020165008","0.166667"
"2020165008","2166914830","0.0833333"
"2166914830","2020165008","0.0833333"
"2020165008","2963486721","0.166667"
"2963486721","2020165008","0.166667"
"2048030021","2155987510","0.274242"
"2155987510","2048030021","0.274242"
"2048030021","2166914830","0.25"
"2166914830","2048030021","0.25"
"2048030021","2963486721","0.0833333"
"2963486721","2048030021","0.0833333"
"2055699991","2155987510","0.166667"
"2155987510","2055699991","0.166667"
"2055699991","2166914830","0.0833333"
"2166914830","2055699991","0.0833333"
"2055699991","2963486721","0.166667"
"2963486721","2055699991","0.166667"
"2062179223","2166914830","0.5"
"2166914830","2062179223","0.5"
"2062179223","2963486721","0.0833333"
"2963486721","2062179223","0.0833333"
"2110952388","2166914830","0.0833333"
"2166914830","2110952388","0.0833333"
"2110952388","2963486721","0.0833333"
"2963486721","2110952388","0.0833333"
"2122956714","2155987510","0.166667"
"2155987510","2122956714","0.166667"
"2122956714","2166914830","0.0833333"
"2166914830","2122956714","0.0833333"
"2122956714","2963486721","0.166667"
"2963486721","2122956714","0.166667"
"2155987510","2166914830","0.0833333"
"2166914830","2155987510","0.0833333"
"2155987510","2963486721","0.166667"
"2963486721","2155987510","0.166667"
"2155987510","4333350","1.27424"
"4333350","2155987510","1.27424"
"2166914830","2172013605","0.0833333"
"2172013605","2166914830","0.0833333"
"2166914830","2963486721","0.0833333"
"2963486721","2166914830","0.0833333"
"2166914830","4333350","0.25"
"4333350","2166914830","0.25"
"2172013605","2963486721","0.0833333"
"2963486721","2172013605","0.0833333"
"2963486721","4333350","0.0833333"
"4333350","2963486721","0.0833333"
"1541280084","2155987510","0.333333"
"2155987510","1541280084","0.333333"
"2155987510","2951361729","0.333333"
"2951361729","2155987510","0.333333"
"1488515281","2072918779","0.24"
"2072918779","1488515281","0.24"
"1541280084","2072918779","0.366667"
"2072918779","1541280084","0.366667"
"2048030021","2072918779","0.2"
"2072918779","2048030021","0.2"
"2072918779","2951361729","0.406667"
"2951361729","2072918779","0.406667"
"2072918779","4333350","0.2"
"4333350","2072918779","0.2"
"1488515281","2292299557","0.24"
"2292299557","1488515281","0.24"
"2062179223","2292299557","0.2"
"2292299557","2062179223","0.2"
"2110952388","2292299557","0.2"
"2292299557","2110952388","0.2"
"2122956714","2292299557","0.2"
"2292299557","2122956714","0.2"
"2172013605","2292299557","0.2"
"2292299557","2172013605","0.2"
"1488515281","1548361610","0.527778"
"1548361610","1488515281","0.527778"
"1488515281","192714392","0.174242"
"192714392","1488515281","0.174242"
"1488515281","2510343936","0.0833333"
"2510343936","1488515281","0.0833333"
"1548361610","1919803322","0.527778"
"1919803322","1548361610","0.527778"
"1548361610","192714392","0.0833333"
"192714392","1548361610","0.0833333"
"1548361610","2005811099","0.194444"
"2005811099","1548361610","0.194444"
"1548361610","2020165008","0.194444"
"2020165008","1548361610","0.194444"
"1548361610","2055699991","0.0833333"
"2055699991","1548361610","0.0833333"
"1548361610","2085394315","0.0833333"
"2085394315","1548361610","0.0833333"
"1548361610","2122956714","0.0833333"
"2122956714","1548361610","0.0833333"
"1548361610","2126191191","0.0833333"
"2126191191","1548361610","0.0833333"
"1548361610","2155987510","0.0833333"
"2155987510","1548361610","0.0833333"
"1548361610","2510343936","0.0833333"
"2510343936","1548361610","0.0833333"
"1548361610","2963486721","0.0833333"
"2963486721","1548361610","0.0833333"
"1919803322","192714392","0.0833333"
"192714392","1919803322","0.0833333"
"1919803322","2020165008","0.194444"
"2020165008","1919803322","0.194444"
"1919803322","2055699991","0.0833333"
"2055699991","1919803322","0.0833333"
"1919803322","2085394315","0.0833333"
"2085394315","1919803322","0.0833333"
"1919803322","2122956714","0.0833333"
"2122956714","1919803322","0.0833333"
"1919803322","2126191191","0.0833333"
"2126191191","1919803322","0.0833333"
"1919803322","2155987510","0.0833333"
"2155987510","1919803322","0.0833333"
"1919803322","2510343936","0.0833333"
"2510343936","1919803322","0.0833333"
"1919803322","2963486721","0.0833333"
"2963486721","1919803322","0.0833333"
"192714392","2005811099","0.0833333"
"2005811099","192714392","0.0833333"
"192714392","2020165008","0.0833333"
"2020165008","192714392","0.0833333"
"192714392","2055699991","0.0833333"
"2055699991","192714392","0.0833333"
"192714392","2085394315","3.43377"
"2085394315","192714392","3.43377"
"192714392","2122956714","0.0833333"
"2122956714","192714392","0.0833333"
"192714392","2126191191","0.0833333"
"2126191191","192714392","0.0833333"
"192714392","2155987510","0.174242"
"2155987510","192714392","0.174242"
"192714392","2510343936","0.0833333"
"2510343936","192714392","0.0833333"
"192714392","2963486721","0.0833333"
"2963486721","192714392","0.0833333"
"2005811099","2020165008","0.194444"
"2020165008","2005811099","0.194444"
"2005811099","2055699991","0.0833333"
"2055699991","2005811099","0.0833333"
"2005811099","2085394315","0.0833333"
"2085394315","2005811099","0.0833333"
"2005811099","2122956714","0.0833333"
"2122956714","2005811099","0.0833333"
"2005811099","2126191191","0.0833333"
"2126191191","2005811099","0.0833333"
"2005811099","2155987510","0.0833333"
"2155987510","2005811099","0.0833333"
"2005811099","2510343936","0.0833333"
"2510343936","2005811099","0.0833333"
"2005811099","2963486721","0.0833333"
"2963486721","2005811099","0.0833333"
"2020165008","2085394315","0.0833333"
"2085394315","2020165008","0.0833333"
"2020165008","2126191191","0.0833333"
"2126191191","2020165008","0.0833333"
"2020165008","2510343936","0.0833333"
"2510343936","2020165008","0.0833333"
"2055699991","2085394315","0.0833333"
"2085394315","2055699991","0.0833333"
"2055699991","2126191191","0.0833333"
"2126191191","2055699991","0.0833333"
"2055699991","2510343936","1.08333"
"2510343936","2055699991","1.08333"
"2085394315","2122956714","0.333333"
"2122956714","2085394315","0.333333"
"2085394315","2126191191","0.0833333"
"2126191191","2085394315","0.0833333"
"2085394315","2155987510","0.274242"
"2155987510","2085394315","0.274242"
"2085394315","2510343936","0.0833333"
"2510343936","2085394315","0.0833333"
"2085394315","2963486721","0.0833333"
"2963486721","2085394315","0.0833333"
"2122956714","2126191191","0.0833333"
"2126191191","2122956714","0.0833333"
"2122956714","2510343936","0.0833333"
"2510343936","2122956714","0.0833333"
"2126191191","2510343936","0.0833333"
"2510343936","2126191191","0.0833333"
"2126191191","2963486721","0.0833333"
"2963486721","2126191191","0.0833333"
"2155987510","2510343936","0.0833333"
"2510343936","2155987510","0.0833333"
"2510343936","2963486721","1.08333"
"2963486721","2510343936","1.08333"
"2147620601","2496336271","0.666667"
"2496336271","2147620601","0.666667"
"1488515281","1992766323","0.04"
"1992766323","1488515281","0.04"
"1488515281","2013976210","0.04"
"2013976210","1488515281","0.04"
"1488515281","2020367605","0.04"
"2020367605","1488515281","0.04"
"1488515281","2034771068","0.04"
"2034771068","1488515281","0.04"
"1488515281","2071309374","0.573333"
"2071309374","1488515281","0.573333"
"1488515281","2074050720","0.04"
"2074050720","1488515281","0.04"
"1488515281","2243537967","0.04"
"2243537967","1488515281","0.04"
"1488515281","2281453564","0.04"
"2281453564","1488515281","0.04"
"1488515281","2290431464","0.04"
"2290431464","1488515281","0.04"
"1488515281","2368253142","0.04"
"2368253142","1488515281","0.04"
"1488515281","2377151214","0.04"
"2377151214","1488515281","0.04"
"1488515281","2382845619","0.04"
"2382845619","1488515281","0.04"
"1488515281","2584793944","0.04"
"2584793944","1488515281","0.04"
"1488515281","2624200503","0.373333"
"2624200503","1488515281","0.373333"
"1488515281","2775293231","0.04"
"2775293231","1488515281","0.04"
"1488515281","2804714470","0.04"
"2804714470","1488515281","0.04"
"1488515281","2895944166","0.04"
"2895944166","1488515281","0.04"
"1488515281","2904119005","0.04"
"2904119005","1488515281","0.04"
"1992766323","2013976210","0.944948"
"2013976210","1992766323","0.944948"
"1992766323","2020367605","0.143175"
"2020367605","1992766323","0.143175"
"1992766323","2034771068","0.668757"
"2034771068","1992766323","0.668757"
"1992766323","2071309374","1.28799"
"2071309374","1992766323","1.28799"
"1992766323","2072918779","0.151111"
"2072918779","1992766323","0.151111"
"1992766323","2074050720","14.0805"
"2074050720","1992766323","14.0805"
"1992766323","2089492940","0.377091"
"2089492940","1992766323","0.377091"
"1992766323","2243537967","0.334035"
"2243537967","1992766323","0.334035"
"1992766323","2281453564","0.186416"
"2281453564","1992766323","0.186416"
"1992766323","2290431464","0.992747"
"2290431464","1992766323","0.992747"
"1992766323","2292299557","0.0876191"
"2292299557","1992766323","0.0876191"
"1992766323","2368253142","0.439591"
"2368253142","1992766323","0.439591"
"1992766323","2377151214","0.467368"
"2377151214","1992766323","0.467368"
"1992766323","2382845619","0.788202"
"2382845619","1992766323","0.788202"
"1992766323","2496336271","0.04"
"2496336271","1992766323","0.04"
"1992766323","2537388716","0.743559"
"2537388716","1992766323","0.743559"
"1992766323","2584793944","1.31697"
"2584793944","1992766323","1.31697"
"1992766323","2624200503","0.892152"
"2624200503","1992766323","0.892152"
"1992766323","2775293231","0.815781"
"2775293231","1992766323","0.815781"
"1992766323","2804714470","0.789591"
"2804714470","1992766323","0.789591"
"1992766323","2895944166","0.542747"
"2895944166","1992766323","0.542747"
"1992766323","2904119005","0.497726"
"2904119005","1992766323","0.497726"
"1992766323","2931245725","0.133074"
"2931245725","1992766323","0.133074"
"1992766323","2951361729","1.74475"
"2951361729","1992766323","1.74475"
"2013976210","2020367605","0.143175"
"2020367605","2013976210","0.143175"
"2013976210","2034771068","0.828771"
"2034771068","2013976210","0.828771"
"2013976210","2071309374","0.287985"
"2071309374","2013976210","0.287985"
"2013976210","2072918779","0.0955556"
"2072918779","2013976210","0.0955556"
"2013976210","2074050720","0.513995"
"2074050720","2013976210","0.513995"
"2013976210","2089492940","0.884327"
"2089492940","2013976210","0.884327"
"2013976210","2243537967","1.06449"
"2243537967","2013976210","1.06449"
"2013976210","2281453564","0.18274"
"2281453564","2013976210","0.18274"
"2013976210","2290431464","0.954349"
"2290431464","2013976210","0.954349"
"2013976210","2292299557","0.0876191"
"2292299557","2013976210","0.0876191"
"2013976210","2368253142","0.759327"
"2368253142","2013976210","0.759327"
"2013976210","2377151214","0.675994"
"2377151214","2013976210","0.675994"
"2013976210","2382845619","0.660914"
"2382845619","2013976210","0.660914"
"2013976210","2496336271","0.04"
"2496336271","2013976210","0.04"
"2013976210","2537388716","0.952184"
"2537388716","2013976210","0.952184"
"2013976210","2584793944","1.27004"
"2584793944","2013976210","1.27004"
"2013976210","2624200503","0.412985"
"2624200503","2013976210","0.412985"
"2013976210","2775293231","0.79266"
"2775293231","2013976210","0.79266"
"2013976210","2804714470","0.800503"
"2804714470","2013976210","0.800503"
"2013976210","2895944166","0.292747"
"2895944166","2013976210","0.292747"
"2013976210","2904119005","0.553281"
"2904119005","2013976210","0.553281"
"2013976210","2931245725","0.188629"
"2931245725","2013976210","0.188629"
"2013976210","2951361729","2.3879"
"2951361729","2013976210","2.3879"
"2020367605","2034771068","0.309841"
"2034771068","2020367605","0.309841"
"2020367605","2071309374","0.04"
"2071309374","2020367605","0.04"
"2020367605","2072918779","5.04"
"2072918779","2020367605","5.04"
"2020367605","2074050720","0.04"
"2074050720","2020367605","0.04"
"2020367605","2089492940","0.309841"
"2089492940","2020367605","0.309841"
"2020367605","2243537967","0.0876191"
"2243537967","2020367605","0.0876191"
"2020367605","2281453564","0.04"
"2281453564","2020367605","0.04"
"2020367605","2290431464","0.309841"
"2290431464","2020367605","0.309841"
"2020367605","2292299557","4.08762"
"2292299557","2020367605","4.08762"
"2020367605","2368253142","0.143175"
"2368253142","2020367605","0.143175"
"2020367605","2377151214","0.143175"
"2377151214","2020367605","0.143175"
"2020367605","2382845619","0.309841"
"2382845619","2020367605","0.309841"
"2020367605","2496336271","0.04"
"2496336271","2020367605","0.04"
"2020367605","2537388716","0.143175"
"2537388716","2020367605","0.143175"
"2020367605","2584793944","0.143175"
"2584793944","2020367605","0.143175"
"2020367605","2624200503","0.04"
"2624200503","2020367605","0.04"
"2020367605","2775293231","0.143175"
"2775293231","2020367605","0.143175"
"2020367605","2804714470","0.143175"
"2804714470","2020367605","0.143175"
"2020367605","2895944166","0.0876191"
"2895944166","2020367605","0.0876191"
"2020367605","2904119005","0.0876191"
"2904119005","2020367605","0.0876191"
"2020367605","2931245725","0.0876191"
"2931245725","2020367605","0.0876191"
"2020367605","2951361729","0.143175"
"2951361729","2020367605","0.143175"
"2034771068","2071309374","0.145128"
"2071309374","2034771068","0.145128"
"2034771068","2072918779","0.04"
"2072918779","2034771068","0.04"
"2034771068","2074050720","0.315583"
"2074050720","2034771068","0.315583"
"2034771068","2089492940","0.870438"
"2089492940","2034771068","0.870438"
"2034771068","2243537967","1.38476"
"2243537967","2034771068","1.38476"
"2034771068","2281453564","0.18274"
"2281453564","2034771068","0.18274"
"2034771068","2290431464","1.45276"
"2290431464","2034771068","1.45276"
"2034771068","2292299557","0.0876191"
"2292299557","2034771068","0.0876191"
"2034771068","2368253142","1.27682"
"2368253142","2034771068","1.27682"
"2034771068","2377151214","0.840315"
"2377151214","2034771068","0.840315"
"2034771068","2382845619","0.838692"
"2382845619","2034771068","0.838692"
"2034771068","2496336271","0.04"
"2496336271","2034771068","0.04"
"2034771068","2537388716","0.66849"
"2537388716","2034771068","0.66849"
"2034771068","2584793944","1.70377"
"2584793944","2034771068","1.70377"
"2034771068","2624200503","0.270128"
"2624200503","2034771068","0.270128"
"2034771068","2775293231","0.710157"
"2775293231","2034771068","0.710157"
"2034771068","2804714470","1.218"
"2804714470","2034771068","1.218"
"2034771068","2895944166","0.192747"
"2895944166","2034771068","0.192747"
"2034771068","2904119005","0.254868"
"2904119005","2034771068","0.254868"
"2034771068","2931245725","0.133074"
"2931245725","2034771068","0.133074"
"2034771068","2951361729","1.75698"
"2951361729","2034771068","1.75698"
"2071309374","2072918779","0.04"
"2072918779","2071309374","0.04"
"2071309374","2074050720","1.78799"
"2074050720","2071309374","1.78799"
"2071309374","2089492940","0.145128"
"2089492940","2071309374","0.145128"
"2071309374","2243537967","0.0784615"
"2243537967","2071309374","0.0784615"
"2071309374","2281453564","0.0784615"
"2281453564","2071309374","0.0784615"
"2071309374","2290431464","0.0784615"
"2290431464","2071309374","0.0784615"
"2071309374","2292299557","0.04"
"2292299557","2071309374","0.04"
"2071309374","2368253142","0.145128"
"2368253142","2071309374","0.145128"
"2071309374","2377151214","0.145128"
"2377151214","2071309374","0.145128"
"2071309374","2382845619","0.145128"
"2382845619","2071309374","0.145128"
"2071309374","2496336271","0.24"
"2496336271","2071309374","0.24"
"2071309374","2537388716","0.0784615"
"2537388716","2071309374","0.0784615"
"2071309374","2584793944","0.287985"
"2584793944","2071309374","0.287985"
"2071309374","2624200503","11.788"
"2624200503","2071309374","11.788"
"2071309374","2775293231","0.0784615"
"2775293231","2071309374","0.0784615"
"2071309374","2804714470","0.145128"
"2804714470","2071309374","0.145128"
"2071309374","2895944166","0.145128"
"2895944166","2071309374","0.145128"
"2071309374","2904119005","0.0784615"
"2904119005","2071309374","0.0784615"
"2071309374","2931245725","0.04"
"2931245725","2071309374","0.04"
"2071309374","2951361729","0.287985"
"2951361729","2071309374","0.287985"
"2072918779","2074050720","0.0955556"
"2074050720","2072918779","0.0955556"
"2072918779","2089492940","0.0955556"
"2089492940","2072918779","0.0955556"
"2072918779","2243537967","0.0955556"
"2243537967","2072918779","0.0955556"
"2072918779","2281453564","0.04"
"2281453564","2072918779","0.04"
"2072918779","2290431464","0.206667"
"2290431464","2072918779","0.206667"
"2072918779","2292299557","0.54"
"2292299557","2072918779","0.54"
"2072918779","2368253142","0.0955556"
