"128104045","1973763660","14.4444"
"1973763660","128104045","14.4444"
"128104045","1514328173","0.111111"
"1514328173","128104045","0.111111"
"128104045","1585509450","1.11111"
"1585509450","128104045","1.11111"
"128104045","2014975478","0.111111"
"2014975478","128104045","0.111111"
"128104045","2118729420","0.111111"
"2118729420","128104045","0.111111"
"128104045","2121391558","0.111111"
"2121391558","128104045","0.111111"
"128104045","2127969535","0.111111"
"2127969535","128104045","0.111111"
"128104045","2136487460","0.111111"
"2136487460","128104045","0.111111"
"128104045","2152940919","1.11111"
"2152940919","128104045","1.11111"
"1514328173","1585509450","0.111111"
"1585509450","1514328173","0.111111"
"1514328173","1973763660","0.111111"
"1973763660","1514328173","0.111111"
"1514328173","2014975478","0.111111"
"2014975478","1514328173","0.111111"
"1514328173","2118729420","8.45397"
"2118729420","1514328173","8.45397"
"1514328173","2121391558","1.14683"
"2121391558","1514328173","1.14683"
"1514328173","2127969535","1.00397"
"2127969535","1514328173","1.00397"
"1514328173","2136487460","2.67063"
"2136487460","1514328173","2.67063"
"1514328173","2152940919","0.111111"
"2152940919","1514328173","0.111111"
"1585509450","1973763660","1.11111"
"1973763660","1585509450","1.11111"
"1585509450","2014975478","0.444444"
"2014975478","1585509450","0.444444"
"1585509450","2118729420","0.111111"
"2118729420","1585509450","0.111111"
"1585509450","2121391558","0.111111"
"2121391558","1585509450","0.111111"
"1585509450","2127969535","0.111111"
"2127969535","1585509450","0.111111"
"1585509450","2136487460","0.111111"
"2136487460","1585509450","0.111111"
"1585509450","2152940919","0.444444"
"2152940919","1585509450","0.444444"
"1973763660","2014975478","0.111111"
"2014975478","1973763660","0.111111"
"1973763660","2118729420","0.111111"
"2118729420","1973763660","0.111111"
"1973763660","2121391558","0.111111"
"2121391558","1973763660","0.111111"
"1973763660","2127969535","0.111111"
"2127969535","1973763660","0.111111"
"1973763660","2136487460","0.111111"
"2136487460","1973763660","0.111111"
"1973763660","2152940919","0.111111"
"2152940919","1973763660","0.111111"
"2014975478","2118729420","0.111111"
"2118729420","2014975478","0.111111"
"2014975478","2121391558","0.111111"
"2121391558","2014975478","0.111111"
"2014975478","2127969535","0.111111"
"2127969535","2014975478","0.111111"
"2014975478","2136487460","0.111111"
"2136487460","2014975478","0.111111"
"2014975478","2152940919","17.9444"
"2152940919","2014975478","17.9444"
"2118729420","2121391558","0.503968"
"2121391558","2118729420","0.503968"
"2118729420","2127969535","0.361111"
"2127969535","2118729420","0.361111"
"2118729420","2136487460","3.00397"
"2136487460","2118729420","3.00397"
"2118729420","2152940919","0.111111"
"2152940919","2118729420","0.111111"
"2121391558","2127969535","6.20397"
"2127969535","2121391558","6.20397"
"2121391558","2136487460","1.1873"
"2136487460","2121391558","1.1873"
"2121391558","2152940919","0.111111"
"2152940919","2121391558","0.111111"
"2127969535","2136487460","0.544444"
"2136487460","2127969535","0.544444"
"2127969535","2152940919","0.111111"
"2152940919","2127969535","0.111111"
"2136487460","2152940919","0.111111"
"2152940919","2136487460","0.111111"
"128104045","1903091963","0.333333"
"1903091963","128104045","0.333333"
"128104045","2041073712","0.333333"
"2041073712","128104045","0.333333"
"1903091963","1973763660","0.333333"
"1973763660","1903091963","0.333333"
"1903091963","2041073712","0.333333"
"2041073712","1903091963","0.333333"
"1973763660","2041073712","0.333333"
"2041073712","1973763660","0.333333"
"1501096658","1534658745","0.25"
"1534658745","1501096658","0.25"
"1501096658","1568833694","0.25"
"1568833694","1501096658","0.25"
"1501096658","2136487460","2.35"
"2136487460","1501096658","2.35"
"1501096658","2163537852","0.35"
"2163537852","1501096658","0.35"
"1534658745","1568833694","0.25"
"1568833694","1534658745","0.25"
"1534658745","2136487460","0.25"
"2136487460","1534658745","0.25"
"1534658745","2163537852","0.25"
"2163537852","1534658745","0.25"
"1568833694","2136487460","0.25"
"2136487460","1568833694","0.25"
"1568833694","2163537852","0.25"
"2163537852","1568833694","0.25"
"2136487460","2163537852","0.35"
"2163537852","2136487460","0.35"
"1501096658","1514328173","1"
"1514328173","1501096658","1"
"1501096658","1729562701","0.833333"
"1729562701","1501096658","0.833333"
"1501096658","2118729420","0.5"
"2118729420","1501096658","0.5"
"1514328173","1729562701","9.80952"
"1729562701","1514328173","9.80952"
"1729562701","2118729420","8.64286"
"2118729420","1729562701","8.64286"
"1729562701","2136487460","2.39286"
"2136487460","1729562701","2.39286"
"1501096658","2121391558","0.766667"
"2121391558","1501096658","0.766667"
"1501096658","2127969535","0.266667"
"2127969535","1501096658","0.266667"
"1501096658","2158992555","0.166667"
"2158992555","1501096658","0.166667"
"1501096658","2995910934","0.166667"
"2995910934","1501096658","0.166667"
"1514328173","2158992555","0.642857"
"2158992555","1514328173","0.642857"
"1514328173","2995910934","0.333333"
"2995910934","1514328173","0.333333"
"2121391558","2158992555","2.81786"
"2158992555","2121391558","2.81786"
"2121391558","2995910934","0.333333"
"2995910934","2121391558","0.333333"
"2127969535","2158992555","0.742857"
"2158992555","2127969535","0.742857"
"2127969535","2995910934","0.333333"
"2995910934","2127969535","0.333333"
"2136487460","2158992555","0.333333"
"2158992555","2136487460","0.333333"
"2136487460","2995910934","0.333333"
"2995910934","2136487460","0.333333"
"2158992555","2995910934","0.333333"
"2995910934","2158992555","0.333333"
"1501096658","1504239663","0.1"
"1504239663","1501096658","0.1"
"1501096658","1505673315","0.1"
"1505673315","1501096658","0.1"
"1501096658","1541387361","0.1"
"1541387361","1501096658","0.1"
"1501096658","1859343538","0.1"
"1859343538","1501096658","0.1"
"1501096658","2137729235","0.6"
"2137729235","1501096658","0.6"
"1501096658","2767665719","0.1"
"2767665719","1501096658","0.1"
"1504239663","1505673315","5.15198"
"1505673315","1504239663","5.15198"
"1504239663","1541387361","0.607937"
"1541387361","1504239663","0.607937"
"1504239663","1859343538","1.54405"
"1859343538","1504239663","1.54405"
"1504239663","2121391558","3.77262"
"2121391558","1504239663","3.77262"
"1504239663","2127969535","1.09286"
"2127969535","1504239663","1.09286"
"1504239663","2136487460","0.242857"
"2136487460","1504239663","0.242857"
"1504239663","2137729235","0.3"
"2137729235","1504239663","0.3"
"1504239663","2163537852","0.3"
"2163537852","1504239663","0.3"
"1504239663","2767665719","0.411111"
"2767665719","1504239663","0.411111"
"1505673315","1541387361","0.465079"
"1541387361","1505673315","0.465079"
"1505673315","1859343538","1.01071"
"1859343538","1505673315","1.01071"
"1505673315","2121391558","3.0131"
"2121391558","1505673315","3.0131"
"1505673315","2127969535","1.00952"
"2127969535","1505673315","1.00952"
"1505673315","2136487460","0.492857"
"2136487460","1505673315","0.492857"
"1505673315","2137729235","0.3"
"2137729235","1505673315","0.3"
"1505673315","2163537852","0.3"
"2163537852","1505673315","0.3"
"1505673315","2767665719","0.411111"
"2767665719","1505673315","0.411111"
"1541387361","1859343538","0.242857"
"1859343538","1541387361","0.242857"
"1541387361","2121391558","0.385714"
"2121391558","1541387361","0.385714"
"1541387361","2127969535","0.1"
"2127969535","1541387361","0.1"
"1541387361","2136487460","0.1"
"2136487460","1541387361","0.1"
"1541387361","2137729235","2.18333"
"2137729235","1541387361","2.18333"
"1541387361","2163537852","0.1"
"2163537852","1541387361","0.1"
"1541387361","2767665719","0.211111"
"2767665719","1541387361","0.211111"
"1859343538","2121391558","1.64405"
"2121391558","1859343538","1.64405"
"1859343538","2127969535","0.45"
"2127969535","1859343538","0.45"
"1859343538","2136487460","0.1"
"2136487460","1859343538","0.1"
"1859343538","2137729235","0.1"
"2137729235","1859343538","0.1"
"1859343538","2163537852","0.1"
"2163537852","1859343538","0.1"
"1859343538","2767665719","0.466667"
"2767665719","1859343538","0.466667"
"2121391558","2137729235","0.1"
"2137729235","2121391558","0.1"
"2121391558","2163537852","0.1"
"2163537852","2121391558","0.1"
"2121391558","2767665719","0.1"
"2767665719","2121391558","0.1"
"2127969535","2137729235","0.1"
"2137729235","2127969535","0.1"
"2127969535","2163537852","0.1"
"2163537852","2127969535","0.1"
"2127969535","2767665719","0.1"
"2767665719","2127969535","0.1"
"2136487460","2137729235","0.6"
"2137729235","2136487460","0.6"
"2136487460","2767665719","0.1"
"2767665719","2136487460","0.1"
"2137729235","2163537852","0.3"
"2163537852","2137729235","0.3"
"2137729235","2767665719","0.1"
"2767665719","2137729235","0.1"
"2163537852","2767665719","0.1"
"2767665719","2163537852","0.1"
"1504239663","1511339756","6.24246"
"1511339756","1504239663","6.24246"
"1504239663","1534658745","3.82738"
"1534658745","1504239663","3.82738"
"1504239663","2096708607","0.990079"
"2096708607","1504239663","0.990079"
"1504239663","2164716731","4.8004"
"2164716731","1504239663","4.8004"
"1505673315","1511339756","3.76627"
"1511339756","1505673315","3.76627"
"1505673315","1534658745","4.43452"
"1534658745","1505673315","4.43452"
"1505673315","2096708607","0.790079"
"2096708607","1505673315","0.790079"
"1505673315","2164716731","6.07421"
"2164716731","1505673315","6.07421"
"1511339756","1534658745","2.07738"
"1534658745","1511339756","2.07738"
"1511339756","1859343538","1.44405"
"1859343538","1511339756","1.44405"
"1511339756","2096708607","0.990079"
"2096708607","1511339756","0.990079"
"1511339756","2121391558","2.05357"
"2121391558","1511339756","2.05357"
"1511339756","2164716731","3.09802"
"2164716731","1511339756","3.09802"
"1534658745","1859343538","0.567857"
"1859343538","1534658745","0.567857"
"1534658745","2096708607","0.567857"
"2096708607","1534658745","0.567857"
"1534658745","2121391558","2.17738"
"2121391558","1534658745","2.17738"
"1534658745","2164716731","4.82738"
"2164716731","1534658745","4.82738"
"1859343538","2096708607","0.984524"
"2096708607","1859343538","0.984524"
"1859343538","2164716731","0.910714"
"2164716731","1859343538","0.910714"
"2096708607","2121391558","0.817857"
"2121391558","2096708607","0.817857"
"2096708607","2164716731","0.678968"
"2164716731","2096708607","0.678968"
"2121391558","2164716731","2.97262"
"2164716731","2121391558","2.97262"
"1534658745","2127969535","0.516667"
"2127969535","1534658745","0.516667"
"2127969535","2164716731","0.82619"
"2164716731","2127969535","0.82619"
"1504239663","1514328173","0.652381"
"1514328173","1504239663","0.652381"
"1504239663","1729562701","0.309524"
"1729562701","1504239663","0.309524"
"1504239663","2118729420","0.342857"
"2118729420","1504239663","0.342857"
"1505673315","1514328173","1.06905"
"1514328173","1505673315","1.06905"
"1505673315","1729562701","0.559524"
"1729562701","1505673315","0.559524"
"1505673315","2118729420","0.592857"
"2118729420","1505673315","0.592857"
"1514328173","2164716731","0.819048"
"2164716731","1514328173","0.819048"
"1729562701","2121391558","0.559524"
"2121391558","1729562701","0.559524"
"1729562701","2164716731","0.309524"
"2164716731","1729562701","0.309524"
"2118729420","2164716731","0.342857"
"2164716731","2118729420","0.342857"
"2136487460","2164716731","0.142857"
"2164716731","2136487460","0.142857"
"1504239663","2125184816","0.365079"
"2125184816","1504239663","0.365079"
"1504239663","2152361608","0.365079"
"2152361608","1504239663","0.365079"
"1511339756","1541387361","0.507937"
"1541387361","1511339756","0.507937"
"1511339756","2125184816","0.365079"
"2125184816","1511339756","0.365079"
"1511339756","2152361608","0.365079"
"2152361608","1511339756","0.365079"
"1534658745","1541387361","0.142857"
"1541387361","1534658745","0.142857"
"1534658745","2125184816","0.142857"
"2125184816","1534658745","0.142857"
"1534658745","2152361608","0.142857"
"2152361608","1534658745","0.142857"
"1541387361","2125184816","0.615079"
"2125184816","1541387361","0.615079"
"1541387361","2152361608","3.44841"
"2152361608","1541387361","3.44841"
"1541387361","2164716731","0.396825"
"2164716731","1541387361","0.396825"
"2121391558","2125184816","0.142857"
"2125184816","2121391558","0.142857"
"2121391558","2152361608","0.142857"
"2152361608","2121391558","0.142857"
"2125184816","2152361608","0.948413"
"2152361608","2125184816","0.948413"
"2125184816","2164716731","0.253968"
"2164716731","2125184816","0.253968"
"2152361608","2164716731","0.253968"
"2164716731","2152361608","0.253968"
"1504239663","1596499456","0.1"
"1596499456","1504239663","0.1"
"1504239663","2158992555","0.567857"
"2158992555","1504239663","0.567857"
"1505673315","1596499456","0.266667"
"1596499456","1505673315","0.266667"
"1505673315","2158992555","1.03452"
"2158992555","1505673315","1.03452"
"1511339756","1596499456","0.1"
"1596499456","1511339756","0.1"
"1511339756","2127969535","0.266667"
"2127969535","1511339756","0.266667"
"1511339756","2158992555","0.425"
"2158992555","1511339756","0.425"
"1534658745","1596499456","0.1"
"1596499456","1534658745","0.1"
"1534658745","2158992555","0.225"
"2158992555","1534658745","0.225"
"1596499456","1859343538","1.6"
"1859343538","1596499456","1.6"
"1596499456","2096708607","0.35"
"2096708607","1596499456","0.35"
"1596499456","2121391558","0.766667"
"2121391558","1596499456","0.766667"
"1596499456","2127969535","0.516667"
"2127969535","1596499456","0.516667"
"1596499456","2158992555","0.516667"
"2158992555","1596499456","0.516667"
"1596499456","2164716731","0.266667"
"2164716731","1596499456","0.266667"
"1859343538","2158992555","0.675"
"2158992555","1859343538","0.675"
"2096708607","2127969535","0.1"
"2127969535","2096708607","0.1"
"2096708607","2158992555","0.675"
"2158992555","2096708607","0.675"
"2158992555","2164716731","0.534524"
"2164716731","2158992555","0.534524"
"1504239663","2115941024","0.111111"
"2115941024","1504239663","0.111111"
"1504239663","337941963","0.222222"
"337941963","1504239663","0.222222"
"1505673315","2115941024","0.111111"
"2115941024","1505673315","0.111111"
"1505673315","2125184816","0.222222"
"2125184816","1505673315","0.222222"
"1505673315","2152361608","0.222222"
"2152361608","1505673315","0.222222"
"1505673315","337941963","0.222222"
"337941963","1505673315","0.222222"
"1511339756","2115941024","0.111111"
"2115941024","1511339756","0.111111"
"1511339756","337941963","0.222222"
"337941963","1511339756","0.222222"
"1541387361","2096708607","0.222222"
"2096708607","1541387361","0.222222"
"1541387361","2115941024","0.111111"
"2115941024","1541387361","0.111111"
"1541387361","337941963","0.222222"
"337941963","1541387361","0.222222"
"2096708607","2115941024","0.277778"
"2115941024","2096708607","0.277778"
"2096708607","2125184816","0.222222"
"2125184816","2096708607","0.222222"
"2096708607","2152361608","0.222222"
"2152361608","2096708607","0.222222"
"2096708607","337941963","0.222222"
"337941963","2096708607","0.222222"
"2115941024","2125184816","0.111111"
"2125184816","2115941024","0.111111"
"2115941024","2152361608","0.111111"
"2152361608","2115941024","0.111111"
"2115941024","2164716731","0.111111"
"2164716731","2115941024","0.111111"
"2115941024","337941963","0.111111"
"337941963","2115941024","0.111111"
"2125184816","337941963","0.222222"
"337941963","2125184816","0.222222"
"2152361608","337941963","0.222222"
"337941963","2152361608","0.222222"
"2164716731","337941963","0.111111"
"337941963","2164716731","0.111111"
"1504239663","1966145975","0.166667"
"1966145975","1504239663","0.166667"
"1504239663","2192906486","0.166667"
"2192906486","1504239663","0.166667"
"1505673315","1966145975","0.166667"
"1966145975","1505673315","0.166667"
"1505673315","2192906486","0.166667"
"2192906486","1505673315","0.166667"
"1514328173","1966145975","0.166667"
"1966145975","1514328173","0.166667"
"1514328173","2192906486","0.166667"
"2192906486","1514328173","0.166667"
"1729562701","1966145975","0.166667"
"1966145975","1729562701","0.166667"
"1729562701","2192906486","0.166667"
"2192906486","1729562701","0.166667"
"1966145975","2164716731","0.166667"
"2164716731","1966145975","0.166667"
"1966145975","2192906486","17.1667"
"2192906486","1966145975","17.1667"
"2164716731","2192906486","0.166667"
"2192906486","2164716731","0.166667"
"1511339756","2767665719","0.311111"
"2767665719","1511339756","0.311111"
"2164716731","2767665719","0.2"
"2767665719","2164716731","0.2"
"1504239663","2138038907","0.342857"
"2138038907","1504239663","0.342857"
"1505673315","2138038907","0.342857"
"2138038907","1505673315","0.342857"
"1511339756","2138038907","0.342857"
"2138038907","1511339756","0.342857"
"2121391558","2138038907","0.592857"
"2138038907","2121391558","0.592857"
"2138038907","2164716731","0.342857"
"2164716731","2138038907","0.342857"
"1504239663","2167552430","0.25"
"2167552430","1504239663","0.25"
"1505673315","2167552430","0.45"
"2167552430","1505673315","0.45"
"1534658745","2167552430","0.25"
"2167552430","1534658745","0.25"
"2164716731","2167552430","0.25"
"2167552430","2164716731","0.25"
"1504239663","1969269637","0.2"
"1969269637","1504239663","0.2"
"1504239663","2158510081","0.2"
"2158510081","1504239663","0.2"
"1505673315","1969269637","0.2"
"1969269637","1505673315","0.2"
"1505673315","2158510081","0.2"
"2158510081","1505673315","0.2"
"1969269637","2137729235","0.7"
"2137729235","1969269637","0.7"
"1969269637","2158510081","0.2"
"2158510081","1969269637","0.2"
"1969269637","2163537852","0.2"
"2163537852","1969269637","0.2"
"2137729235","2158510081","0.2"
"2158510081","2137729235","0.2"
"2158510081","2163537852","0.2"
"2163537852","2158510081","0.2"
"1504239663","2896295809","0.111111"
"2896295809","1504239663","0.111111"
"1505673315","2896295809","0.111111"
"2896295809","1505673315","0.111111"
"1511339756","2896295809","0.111111"
"2896295809","1511339756","0.111111"
"1541387361","2896295809","0.111111"
"2896295809","1541387361","0.111111"
"2096708607","2767665719","0.277778"
"2767665719","2096708607","0.277778"
"2096708607","2896295809","0.277778"
"2896295809","2096708607","0.277778"
"2125184816","2767665719","0.111111"
"2767665719","2125184816","0.111111"
"2125184816","2896295809","0.111111"
"2896295809","2125184816","0.111111"
"2152361608","2767665719","0.111111"
"2767665719","2152361608","0.111111"
"2152361608","2896295809","0.111111"
"2896295809","2152361608","0.111111"
"2767665719","2896295809","5.27778"
"2896295809","2767665719","5.27778"
"2767665719","337941963","0.111111"
"337941963","2767665719","0.111111"
"2896295809","337941963","0.111111"
"337941963","2896295809","0.111111"
"1511339756","1514328173","0.2"
"1514328173","1511339756","0.2"
"1511339756","2118729420","0.2"
"2118729420","1511339756","0.2"
"1541387361","2138038907","0.142857"
"2138038907","1541387361","0.142857"
"1859343538","2138038907","2.39286"
"2138038907","1859343538","2.39286"
"1504239663","1568833694","0.142857"
"1568833694","1504239663","0.142857"
"1505673315","1568833694","0.142857"
"1568833694","1505673315","0.142857"
"1514328173","1568833694","0.142857"
"1568833694","1514328173","0.142857"
"1568833694","2121391558","0.142857"
"2121391558","1568833694","0.142857"
"1568833694","2127969535","0.142857"
"2127969535","1568833694","0.142857"
"1568833694","2158992555","0.142857"
"2158992555","1568833694","0.142857"
"1568833694","2164716731","0.142857"
"2164716731","1568833694","0.142857"
"1505673315","1947521587","0.2"
"1947521587","1505673315","0.2"
"1505673315","2056489686","0.2"
"2056489686","1505673315","0.2"
"1505673315","2150863269","0.2"
"2150863269","1505673315","0.2"
"1511339756","1947521587","0.2"
"1947521587","1511339756","0.2"
"1511339756","2056489686","0.2"
"2056489686","1511339756","0.2"
"1511339756","2150863269","0.2"
"2150863269","1511339756","0.2"
"1511339756","2167552430","0.2"
"2167552430","1511339756","0.2"
"1947521587","2056489686","0.271429"
"2056489686","1947521587","0.271429"
"1947521587","2150863269","0.2"
"2150863269","1947521587","0.2"
"1947521587","2167552430","0.2"
"2167552430","1947521587","0.2"
"2056489686","2150863269","0.2"
"2150863269","2056489686","0.2"
"2056489686","2167552430","0.2"
"2167552430","2056489686","0.2"
"2150863269","2167552430","1.7"
"2167552430","2150863269","1.7"
"1514328173","1596499456","0.166667"
"1596499456","1514328173","0.166667"
"1510007506","2099256377","1"
"2099256377","1510007506","1"
"1510007506","1900485554","1"
"1900485554","1510007506","1"
"1729562701","2127969535","0.416667"
"2127969535","1729562701","0.416667"
"1514328173","2007221736","0.5"
"2007221736","1514328173","0.5"
"1729562701","2007221736","0.5"
"2007221736","1729562701","0.5"
"1729562701","2158992555","0.166667"
"2158992555","1729562701","0.166667"
"1729562701","2995910934","0.166667"
"2995910934","1729562701","0.166667"
"1514328173","1965818795","0.5"
"1965818795","1514328173","0.5"
"1965818795","2118729420","0.5"
"2118729420","1965818795","0.5"
"1516237311","2025215347","0.333333"
"2025215347","1516237311","0.333333"
"1516237311","2070549533","0.666667"
"2070549533","1516237311","0.666667"
"1516237311","2105928639","1.66667"
"2105928639","1516237311","1.66667"
"2025215347","2070549533","11.1667"
"2070549533","2025215347","11.1667"
"2025215347","2105928639","3.83333"
"2105928639","2025215347","3.83333"
"2070549533","2105928639","5.16667"
"2105928639","2070549533","5.16667"
"1516237311","1965818795","0.333333"
"1965818795","1516237311","0.333333"
"1965818795","2070549533","0.333333"
"2070549533","1965818795","0.333333"
"1965818795","2105928639","0.333333"
"2105928639","1965818795","0.333333"
"1537294165","1824207222","12.5"
"1824207222","1537294165","12.5"
"1537294165","1965333302","0.5"
"1965333302","1537294165","0.5"
"1824207222","1965333302","0.5"
"1965333302","1824207222","0.5"
"1537294165","2119747537","1"
"2119747537","1537294165","1"
"2137729235","2152361608","9.66667"
"2152361608","2137729235","9.66667"
"1541387361","1568402586","1"
"1568402586","1541387361","1"
"1541387361","202801272","1.58333"
"202801272","1541387361","1.58333"
"202801272","2137729235","1.83333"
"2137729235","202801272","1.83333"
"202801272","2152361608","0.833333"
"2152361608","202801272","0.833333"
"1541387361","2158510081","1"
"2158510081","1541387361","1"
"1541387361","1824207222","0.5"
"1824207222","1541387361","0.5"
"1541387361","2129734259","1.5"
"2129734259","1541387361","1.5"
"1824207222","2129734259","0.5"
"2129734259","1824207222","0.5"
"202801272","2125184816","0.25"
"2125184816","202801272","0.25"
"2125184816","2137729235","0.583333"
"2137729235","2125184816","0.583333"
"1568402586","2129734259","11.5833"
"2129734259","1568402586","11.5833"
"1568402586","2125184816","0.333333"
"2125184816","1568402586","0.333333"
"1568402586","2137729235","0.583333"
"2137729235","1568402586","0.583333"
"1568402586","2152361608","0.583333"
"2152361608","1568402586","0.583333"
"1568402586","2761031172","0.333333"
"2761031172","1568402586","0.333333"
"1568402586","2805704837","0.333333"
"2805704837","1568402586","0.333333"
"2129734259","2761031172","0.333333"
"2761031172","2129734259","0.333333"
"2129734259","2805704837","0.333333"
"2805704837","2129734259","0.333333"
"2761031172","2805704837","17.8333"
"2805704837","2761031172","17.8333"
"1568402586","1919489871","0.583333"
"1919489871","1568402586","0.583333"
"1568402586","2141951313","0.583333"
"2141951313","1568402586","0.583333"
"1568402586","2160373678","0.333333"
"2160373678","1568402586","0.333333"
"1919489871","2141951313","1.58333"
"2141951313","1919489871","1.58333"
"1919489871","2160373678","0.333333"
"2160373678","1919489871","0.333333"
"2141951313","2160373678","1.16667"
"2160373678","2141951313","1.16667"
"1568402586","2789620542","0.25"
"2789620542","1568402586","0.25"
"1568402586","2896730096","0.25"
"2896730096","1568402586","0.25"
"1919489871","2789620542","0.25"
"2789620542","1919489871","0.25"
"1919489871","2896730096","0.25"
"2896730096","1919489871","0.25"
"2141951313","2789620542","0.25"
"2789620542","2141951313","0.25"
"2141951313","2896730096","0.25"
"2896730096","2141951313","0.25"
"2789620542","2896730096","0.25"
"2896730096","2789620542","0.25"
"1568402586","202801272","0.25"
"202801272","1568402586","0.25"
"202801272","2129734259","1.25"
"2129734259","202801272","1.25"
"2129734259","2137729235","0.25"
"2137729235","2129734259","0.25"
"2129734259","2152361608","0.25"
"2152361608","2129734259","0.25"
"1568402586","2053858166","0.5"
"2053858166","1568402586","0.5"
"2053858166","2129734259","0.5"
"2129734259","2053858166","0.5"
"1568402586","2007221736","0.5"
"2007221736","1568402586","0.5"
"2007221736","2129734259","0.5"
"2129734259","2007221736","0.5"
"1585509450","1797231308","4"
"1797231308","1585509450","4"
"1585509450","2010701456","1"
"2010701456","1585509450","1"
"1585509450","2115941024","1.33333"
"2115941024","1585509450","1.33333"
"2014975478","2115941024","3.83333"
"2115941024","2014975478","3.83333"
"2115941024","2152940919","4.83333"
"2152940919","2115941024","4.83333"
"1591689000","2010241793","7"
"2010241793","1591689000","7"
"1596499456","2138038907","3.25"
"2138038907","1596499456","3.25"
"2127969535","2138038907","0.25"
"2138038907","2127969535","0.25"
"1596499456","1797231308","1"
"1797231308","1596499456","1"
"1759994076","2009045943","14.5714"
"2009045943","1759994076","14.5714"
"1759994076","1859701809","2.07143"
"1859701809","1759994076","2.07143"
"1859701809","2009045943","8.07143"
"2009045943","1859701809","8.07143"
"1759994076","1900485554","0.5"
"1900485554","1759994076","0.5"
"1900485554","2009045943","0.5"
"2009045943","1900485554","0.5"
"1759994076","2547560744","0.571429"
"2547560744","1759994076","0.571429"
"2009045943","2547560744","0.571429"
"2547560744","2009045943","0.571429"
"1759994076","1947521587","0.0714286"
"1947521587","1759994076","0.0714286"
"1759994076","1965333302","0.0714286"
"1965333302","1759994076","0.0714286"
"1759994076","1991714385","1.07143"
"1991714385","1759994076","1.07143"
"1759994076","2010701456","0.0714286"
"2010701456","1759994076","0.0714286"
"1759994076","2012408435","0.0714286"
"2012408435","1759994076","0.0714286"
"1759994076","2056489686","0.0714286"
"2056489686","1759994076","0.0714286"
"1759994076","2099295175","0.571429"
"2099295175","1759994076","0.571429"
"1759994076","2149019668","0.0714286"
"2149019668","1759994076","0.0714286"
"1759994076","2565110636","0.0714286"
"2565110636","1759994076","0.0714286"
"1759994076","2598756903","0.0714286"
"2598756903","1759994076","0.0714286"
"1759994076","2751248904","0.0714286"
"2751248904","1759994076","0.0714286"
"1859701809","1947521587","0.0714286"
"1947521587","1859701809","0.0714286"
"1859701809","1965333302","0.0714286"
"1965333302","1859701809","0.0714286"
"1859701809","1991714385","0.0714286"
"1991714385","1859701809","0.0714286"
"1859701809","2010701456","0.0714286"
"2010701456","1859701809","0.0714286"
"1859701809","2012408435","0.0714286"
"2012408435","1859701809","0.0714286"
"1859701809","2056489686","0.0714286"
"2056489686","1859701809","0.0714286"
"1859701809","2099295175","0.0714286"
"2099295175","1859701809","0.0714286"
"1859701809","2149019668","0.0714286"
"2149019668","1859701809","0.0714286"
"1859701809","2547560744","0.0714286"
"2547560744","1859701809","0.0714286"
"1859701809","2565110636","0.0714286"
"2565110636","1859701809","0.0714286"
"1859701809","2598756903","0.0714286"
"2598756903","1859701809","0.0714286"
"1859701809","2751248904","0.0714286"
"2751248904","1859701809","0.0714286"
"1947521587","1965333302","0.0714286"
"1965333302","1947521587","0.0714286"
"1947521587","1991714385","0.0714286"
"1991714385","1947521587","0.0714286"
"1947521587","2009045943","0.0714286"
"2009045943","1947521587","0.0714286"
"1947521587","2010701456","0.0714286"
"2010701456","1947521587","0.0714286"
"1947521587","2012408435","0.0714286"
"2012408435","1947521587","0.0714286"
"1947521587","2099295175","0.0714286"
"2099295175","1947521587","0.0714286"
"1947521587","2149019668","0.0714286"
"2149019668","1947521587","0.0714286"
"1947521587","2547560744","0.0714286"
"2547560744","1947521587","0.0714286"
"1947521587","2565110636","0.0714286"
"2565110636","1947521587","0.0714286"
"1947521587","2598756903","0.0714286"
"2598756903","1947521587","0.0714286"
"1947521587","2751248904","0.0714286"
"2751248904","1947521587","0.0714286"
"1965333302","1991714385","0.0714286"
"1991714385","1965333302","0.0714286"
"1965333302","2009045943","0.0714286"
"2009045943","1965333302","0.0714286"
"1965333302","2010701456","0.0714286"
"2010701456","1965333302","0.0714286"
"1965333302","2012408435","3.7381"
"2012408435","1965333302","3.7381"
"1965333302","2056489686","17.8214"
"2056489686","1965333302","17.8214"
"1965333302","2099295175","0.0714286"
"2099295175","1965333302","0.0714286"
"1965333302","2149019668","0.0714286"
"2149019668","1965333302","0.0714286"
"1965333302","2547560744","0.0714286"
"2547560744","1965333302","0.0714286"
"1965333302","2565110636","0.0714286"
"2565110636","1965333302","0.0714286"
"1965333302","2598756903","0.0714286"
"2598756903","1965333302","0.0714286"
"1965333302","2751248904","0.0714286"
"2751248904","1965333302","0.0714286"
"1991714385","2009045943","0.0714286"
"2009045943","1991714385","0.0714286"
"1991714385","2010701456","0.0714286"
"2010701456","1991714385","0.0714286"
"1991714385","2012408435","0.0714286"
"2012408435","1991714385","0.0714286"
"1991714385","2056489686","0.0714286"
"2056489686","1991714385","0.0714286"
"1991714385","2099295175","0.0714286"
"2099295175","1991714385","0.0714286"
"1991714385","2149019668","0.0714286"
"2149019668","1991714385","0.0714286"
"1991714385","2547560744","0.0714286"
"2547560744","1991714385","0.0714286"
"1991714385","2565110636","0.0714286"
"2565110636","1991714385","0.0714286"
"1991714385","2598756903","0.0714286"
"2598756903","1991714385","0.0714286"
"1991714385","2751248904","0.0714286"
"2751248904","1991714385","0.0714286"
"2009045943","2010701456","0.0714286"
"2010701456","2009045943","0.0714286"
"2009045943","2012408435","0.0714286"
"2012408435","2009045943","0.0714286"
"2009045943","2056489686","0.0714286"
"2056489686","2009045943","0.0714286"
"2009045943","2099295175","0.571429"
"2099295175","2009045943","0.571429"
"2009045943","2149019668","0.0714286"
"2149019668","2009045943","0.0714286"
"2009045943","2565110636","0.0714286"
"2565110636","2009045943","0.0714286"
"2009045943","2598756903","0.0714286"
"2598756903","2009045943","0.0714286"
"2009045943","2751248904","0.0714286"
"2751248904","2009045943","0.0714286"
"2010701456","2012408435","0.0714286"
"2012408435","2010701456","0.0714286"
"2010701456","2056489686","0.0714286"
"2056489686","2010701456","0.0714286"
"2010701456","2099295175","0.0714286"
"2099295175","2010701456","0.0714286"
"2010701456","2149019668","0.0714286"
"2149019668","2010701456","0.0714286"
"2010701456","2547560744","0.0714286"
"2547560744","2010701456","0.0714286"
"2010701456","2565110636","0.0714286"
"2565110636","2010701456","0.0714286"
"2010701456","2598756903","0.0714286"
"2598756903","2010701456","0.0714286"
"2010701456","2751248904","0.0714286"
"2751248904","2010701456","0.0714286"
"2012408435","2056489686","2.7381"
"2056489686","2012408435","2.7381"
"2012408435","2099295175","0.0714286"
"2099295175","2012408435","0.0714286"
"2012408435","2149019668","0.0714286"
"2149019668","2012408435","0.0714286"
"2012408435","2547560744","0.0714286"
"2547560744","2012408435","0.0714286"
"2012408435","2565110636","0.0714286"
"2565110636","2012408435","0.0714286"
"2012408435","2598756903","0.0714286"
"2598756903","2012408435","0.0714286"
"2012408435","2751248904","0.0714286"
"2751248904","2012408435","0.0714286"
"2056489686","2099295175","0.0714286"
"2099295175","2056489686","0.0714286"
"2056489686","2149019668","0.0714286"
"2149019668","2056489686","0.0714286"
"2056489686","2547560744","0.0714286"
"2547560744","2056489686","0.0714286"
"2056489686","2565110636","0.0714286"
"2565110636","2056489686","0.0714286"
"2056489686","2598756903","0.0714286"
"2598756903","2056489686","0.0714286"
"2056489686","2751248904","0.0714286"
"2751248904","2056489686","0.0714286"
"2099295175","2149019668","5.57143"
"2149019668","2099295175","5.57143"
"2099295175","2547560744","0.0714286"
"2547560744","2099295175","0.0714286"
"2099295175","2565110636","0.571429"
"2565110636","2099295175","0.571429"
"2099295175","2598756903","0.0714286"
"2598756903","2099295175","0.0714286"
"2099295175","2751248904","0.0714286"
"2751248904","2099295175","0.0714286"
"2149019668","2547560744","0.0714286"
"2547560744","2149019668","0.0714286"
"2149019668","2565110636","0.571429"
"2565110636","2149019668","0.571429"
"2149019668","2598756903","0.0714286"
"2598756903","2149019668","0.0714286"
"2149019668","2751248904","0.0714286"
"2751248904","2149019668","0.0714286"
"2547560744","2565110636","0.0714286"
"2565110636","2547560744","0.0714286"
"2547560744","2598756903","0.0714286"
"2598756903","2547560744","0.0714286"
"2547560744","2751248904","0.0714286"
"2751248904","2547560744","0.0714286"
"2565110636","2598756903","0.0714286"
"2598756903","2565110636","0.0714286"
"2565110636","2751248904","0.0714286"
"2751248904","2565110636","0.0714286"
"2598756903","2751248904","0.0714286"
"2751248904","2598756903","0.0714286"
"1759994076","2148640771","1"
"2148640771","1759994076","1"
"1859343538","1987380307","0.166667"
"1987380307","1859343538","0.166667"
"1859343538","2005539035","0.166667"
"2005539035","1859343538","0.166667"
"1859343538","2115941024","0.166667"
"2115941024","1859343538","0.166667"
"1859343538","2896295809","0.166667"
"2896295809","1859343538","0.166667"
"1987380307","2005539035","1.16667"
"2005539035","1987380307","1.16667"
"1987380307","2096708607","0.166667"
"2096708607","1987380307","0.166667"
"1987380307","2115941024","0.166667"
"2115941024","1987380307","0.166667"
"1987380307","2767665719","0.166667"
"2767665719","1987380307","0.166667"
"1987380307","2896295809","0.166667"
"2896295809","1987380307","0.166667"
"2005539035","2096708607","0.166667"
"2096708607","2005539035","0.166667"
"2005539035","2115941024","0.166667"
"2115941024","2005539035","0.166667"
"2005539035","2767665719","0.666667"
"2767665719","2005539035","0.666667"
"2005539035","2896295809","0.666667"
"2896295809","2005539035","0.666667"
"2115941024","2767665719","0.166667"
"2767665719","2115941024","0.166667"
"2115941024","2896295809","0.166667"
"2896295809","2115941024","0.166667"
"1859343538","2022613648","1"
"2022613648","1859343538","1"
"1859343538","2157503245","0.5"
"2157503245","1859343538","0.5"
"1859343538","2789620542","0.5"
"2789620542","1859343538","0.5"
"2157503245","2789620542","0.5"
"2789620542","2157503245","0.5"
"1859701809","2520753739","1"
"2520753739","1859701809","1"
"1900485554","2761031172","1.5"
"2761031172","1900485554","1.5"
"1900485554","2805704837","1.5"
"2805704837","1900485554","1.5"
"1903091963","1969269637","7.5"
"1969269637","1903091963","7.5"
"1903091963","2028783725","1.5"
"2028783725","1903091963","1.5"
"1969269637","2028783725","2"
"2028783725","1969269637","2"
"1919489871","2010241793","0.5"
"2010241793","1919489871","0.5"
"1919489871","2170211491","0.5"
"2170211491","1919489871","0.5"
"2010241793","2170211491","0.5"
"2170211491","2010241793","0.5"
"1930431693","337941963","11.5"
"337941963","1930431693","11.5"
"1930431693","1947521587","0.5"
"1947521587","1930431693","0.5"
"1947521587","337941963","0.5"
"337941963","1947521587","0.5"
"1947521587","2065500976","1.5"
"2065500976","1947521587","1.5"
"1947521587","1976152192","1"
"1976152192","1947521587","1"
"1976152192","2065500976","0.75"
"2065500976","1976152192","0.75"
"1947521587","2161932339","1.5"
"2161932339","1947521587","1.5"
"1976152192","2161932339","8.16667"
"2161932339","1976152192","8.16667"
"1953117107","2127997508","12.3333"
"2127997508","1953117107","12.3333"
"1953117107","2160373678","4.83333"
"2160373678","1953117107","4.83333"
"2127997508","2160373678","5.33333"
"2160373678","2127997508","5.33333"
"1953117107","2141951313","0.833333"
"2141951313","1953117107","0.833333"
"2127997508","2141951313","0.333333"
"2141951313","2127997508","0.333333"
"1953117107","2896696673","1"
"2896696673","1953117107","1"
"1965333302","2109554690","1.41667"
"2109554690","1965333302","1.41667"
"2056489686","2109554690","1.41667"
"2109554690","2056489686","1.41667"
"1965333302","2148640771","0.583333"
"2148640771","1965333302","0.583333"
"2056489686","2148640771","0.583333"
"2148640771","2056489686","0.583333"
"2109554690","2148640771","7.91667"
"2148640771","2109554690","7.91667"
"1965333302","2160373678","0.333333"
"2160373678","1965333302","0.333333"
"2012408435","2160373678","0.333333"
"2160373678","2012408435","0.333333"
"2056489686","2160373678","0.333333"
"2160373678","2056489686","0.333333"
"2012408435","2109554690","0.333333"
"2109554690","2012408435","0.333333"
"1965333302","2157503245","0.25"
"2157503245","1965333302","0.25"
"2056489686","2157503245","0.25"
"2157503245","2056489686","0.25"
"2109554690","2157503245","0.583333"
"2157503245","2109554690","0.583333"
"2148640771","2157503245","1.58333"
"2157503245","2148640771","1.58333"
"1965818795","2001870528","1"
"2001870528","1965818795","1"
"2028783725","2137729235","0.5"
"2137729235","2028783725","0.5"
"1973763660","2804125732","1"
"2804125732","1973763660","1"
"1976152192","1987380307","0.25"
"1987380307","1976152192","0.25"
"1976152192","2751248904","0.25"
"2751248904","1976152192","0.25"
"1987380307","2065500976","0.25"
"2065500976","1987380307","0.25"
"1987380307","2161932339","0.25"
"2161932339","1987380307","0.25"
"1987380307","2751248904","0.25"
"2751248904","1987380307","0.25"
"2065500976","2161932339","0.25"
"2161932339","2065500976","0.25"
"2065500976","2751248904","0.25"
"2751248904","2065500976","0.25"
"2161932339","2751248904","0.25"
"2751248904","2161932339","0.25"
"1976152192","2265638863","0.916667"
"2265638863","1976152192","0.916667"
"1976152192","2950753689","0.916667"
"2950753689","1976152192","0.916667"
"2161932339","2265638863","0.916667"
"2265638863","2161932339","0.916667"
"2161932339","2950753689","0.916667"
"2950753689","2161932339","0.916667"
"2265638863","2950753689","14.1167"
"2950753689","2265638863","14.1167"
"1976152192","2106570511","1.75"
"2106570511","1976152192","1.75"
"2106570511","2161932339","0.75"
"2161932339","2106570511","0.75"
"2106570511","2265638863","0.95"
"2265638863","2106570511","0.95"
"2106570511","2950753689","0.95"
"2950753689","2106570511","0.95"
"1976152192","2099295175","1"
"2099295175","1976152192","1"
"1987380307","2171170967","2"
"2171170967","1987380307","2"
"1991714385","2754994148","5.33333"
"2754994148","1991714385","5.33333"
"1991714385","2492804124","3.33333"
"2492804124","1991714385","3.33333"
"1991714385","2521296040","0.833333"
"2521296040","1991714385","0.833333"
"2492804124","2521296040","0.833333"
"2521296040","2492804124","0.833333"
"2492804124","2754994148","1.83333"
"2754994148","2492804124","1.83333"
"2521296040","2754994148","0.833333"
"2754994148","2521296040","0.833333"
"1991714385","2804125732","0.5"
"2804125732","1991714385","0.5"
"2521296040","2804125732","2.5"
"2804125732","2521296040","2.5"
"1991714385","2041612024","0.5"
"2041612024","1991714385","0.5"
"1991714385","2520753739","0.5"
"2520753739","1991714385","0.5"
"2041612024","2520753739","21.5"
"2520753739","2041612024","21.5"
"2001870528","2008214185","1"
"2008214185","2001870528","1"
"2005539035","2598756903","2"
"2598756903","2005539035","2"
"2005539035","2171170967","2"
"2171170967","2005539035","2"
"2007221736","2149019668","1"
"2149019668","2007221736","1"
"2007221736","2012408435","1"
"2012408435","2007221736","1"
"2008214185","2010797982","1"
"2010797982","2008214185","1"
"2009045943","2022613648","1"
"2022613648","2009045943","1"
"2009045943","2099256377","0.5"
"2099256377","2009045943","0.5"
"2009045943","2158510081","0.5"
"2158510081","2009045943","0.5"
"2099256377","2158510081","0.5"
"2158510081","2099256377","0.5"
"2009045943","2896730096","0.25"
