"1699152122","1995199924","0.912302"
"1995199924","1699152122","0.912302"
"1699152122","2015961513","15.948"
"2015961513","1699152122","15.948"
"1699152122","2022829943","1.17619"
"2022829943","1699152122","1.17619"
"1699152122","2097057782","7.77183"
"2097057782","1699152122","7.77183"
"1699152122","2105398277","0.125"
"2105398277","1699152122","0.125"
"1699152122","2118789532","3.50516"
"2118789532","1699152122","3.50516"
"1699152122","2150084651","8.3623"
"2150084651","1699152122","8.3623"
"1699152122","2797928606","0.208333"
"2797928606","1699152122","0.208333"
"1995199924","2015961513","0.669877"
"2015961513","1995199924","0.669877"
"1995199924","2022829943","0.665909"
"2022829943","1995199924","0.665909"
"1995199924","2097057782","0.32702"
"2097057782","1995199924","0.32702"
"1995199924","2105398277","0.325"
"2105398277","1995199924","0.325"
"1995199924","2118789532","0.669877"
"2118789532","1995199924","0.669877"
"1995199924","2150084651","1.45321"
"2150084651","1995199924","1.45321"
"1995199924","2797928606","0.125"
"2797928606","1995199924","0.125"
"2015961513","2022829943","0.858766"
"2022829943","2015961513","0.858766"
"2015961513","2097057782","5.86273"
"2097057782","2015961513","5.86273"
"2015961513","2105398277","0.125"
"2105398277","2015961513","0.125"
"2015961513","2118789532","2.56273"
"2118789532","2015961513","2.56273"
"2015961513","2150084651","1.16988"
"2150084651","2015961513","1.16988"
"2015961513","2797928606","0.125"
"2797928606","2015961513","0.125"
"2022829943","2097057782","0.608766"
"2097057782","2022829943","0.608766"
"2022829943","2105398277","0.325"
"2105398277","2022829943","0.325"
"2022829943","2118789532","9.27543"
"2118789532","2022829943","9.27543"
"2022829943","2150084651","1.11591"
"2150084651","2022829943","1.11591"
"2022829943","2797928606","0.208333"
"2797928606","2022829943","0.208333"
"2097057782","2105398277","0.125"
"2105398277","2097057782","0.125"
"2097057782","2118789532","4.46988"
"2118789532","2097057782","4.46988"
"2097057782","2150084651","0.32702"
"2150084651","2097057782","0.32702"
"2097057782","2797928606","0.125"
"2797928606","2097057782","0.125"
"2105398277","2118789532","0.416667"
"2118789532","2105398277","0.416667"
"2105398277","2150084651","0.325"
"2150084651","2105398277","0.325"
"2105398277","2797928606","2.33333"
"2797928606","2105398277","2.33333"
"2118789532","2150084651","1.11988"
"2150084651","2118789532","1.11988"
"2118789532","2797928606","0.5"
"2797928606","2118789532","0.5"
"2150084651","2797928606","0.125"
"2797928606","2150084651","0.125"
"1699152122","1878685718","2.18016"
"1878685718","1699152122","2.18016"
"1878685718","2015961513","0.937734"
"2015961513","1878685718","0.937734"
"1878685718","2022829943","0.790909"
"2022829943","1878685718","0.790909"
"1878685718","2150084651","2.57821"
"2150084651","1878685718","2.57821"
"1699152122","2092088668","0.333333"
"2092088668","1699152122","0.333333"
"1699152122","2151990594","0.333333"
"2151990594","1699152122","0.333333"
"2015961513","2092088668","0.333333"
"2092088668","2015961513","0.333333"
"2015961513","2151990594","0.333333"
"2151990594","2015961513","0.333333"
"2092088668","2151990594","0.333333"
"2151990594","2092088668","0.333333"
"1699152122","2097180277","0.453968"
"2097180277","1699152122","0.453968"
"1699152122","2127952499","0.428571"
"2127952499","1699152122","0.428571"
"1878685718","1995199924","3.32821"
"1995199924","1878685718","3.32821"
"1878685718","2097180277","0.344877"
"2097180277","1878685718","0.344877"
"1878685718","2118789532","1.54488"
"2118789532","1878685718","1.54488"
"1878685718","2127952499","0.285714"
"2127952499","1878685718","0.285714"
"1995199924","2097180277","0.344877"
"2097180277","1995199924","0.344877"
"1995199924","2127952499","0.142857"
"2127952499","1995199924","0.142857"
"2015961513","2097180277","0.344877"
"2097180277","2015961513","0.344877"
"2015961513","2127952499","0.428571"
"2127952499","2015961513","0.428571"
"2097180277","2118789532","3.54488"
"2118789532","2097180277","3.54488"
"2097180277","2127952499","1.30952"
"2127952499","2097180277","1.30952"
"2097180277","2150084651","0.544877"
"2150084651","2097180277","0.544877"
"2118789532","2127952499","1.95238"
"2127952499","2118789532","1.95238"
"2127952499","2150084651","0.142857"
"2150084651","2127952499","0.142857"
"1699152122","2120372853","1.58333"
"2120372853","1699152122","1.58333"
"2015961513","2120372853","1.5"
"2120372853","2015961513","1.5"
"2097057782","2120372853","3.5"
"2120372853","2097057782","3.5"
"1699152122","1834085549","0.253968"
"1834085549","1699152122","0.253968"
"1699152122","2181164912","0.337302"
"2181164912","1699152122","0.337302"
"1834085549","1878685718","0.344877"
"1878685718","1834085549","0.344877"
"1834085549","1995199924","0.20202"
"1995199924","1834085549","0.20202"
"1834085549","2015961513","0.344877"
"2015961513","1834085549","0.344877"
"1834085549","2097057782","0.344877"
"2097057782","1834085549","0.344877"
"1834085549","2097180277","1.61869"
"2097180277","1834085549","1.61869"
"1834085549","2118789532","0.80202"
"2118789532","1834085549","0.80202"
"1834085549","2150084651","0.20202"
"2150084651","1834085549","0.20202"
"1834085549","2181164912","0.344877"
"2181164912","1834085549","0.344877"
"1878685718","2097057782","0.344877"
"2097057782","1878685718","0.344877"
"1878685718","2181164912","0.344877"
"2181164912","1878685718","0.344877"
"1995199924","2181164912","0.20202"
"2181164912","1995199924","0.20202"
"2015961513","2181164912","0.594877"
"2181164912","2015961513","0.594877"
"2097057782","2097180277","0.20202"
"2097180277","2097057782","0.20202"
"2097057782","2181164912","0.344877"
"2181164912","2097057782","0.344877"
"2097180277","2181164912","0.618687"
"2181164912","2097180277","0.618687"
"2118789532","2181164912","1.07702"
"2181164912","2118789532","1.07702"
"2150084651","2181164912","0.45202"
"2181164912","2150084651","0.45202"
"1699152122","1865834431","0.42619"
"1865834431","1699152122","0.42619"
"1865834431","2022829943","2.82619"
"2022829943","1865834431","2.82619"
"1865834431","2097180277","1.2"
"2097180277","1865834431","1.2"
"1865834431","2118789532","2.07619"
"2118789532","1865834431","2.07619"
"1865834431","2150084651","0.2"
"2150084651","1865834431","0.2"
"2022829943","2097180277","0.874242"
"2097180277","2022829943","0.874242"
"2118789532","2120372853","5.975"
"2120372853","2118789532","5.975"
"1699152122","1717863745","0.125"
"1717863745","1699152122","0.125"
"1699152122","2114345835","0.208333"
"2114345835","1699152122","0.208333"
"1699152122","2134978098","0.125"
"2134978098","1699152122","0.125"
"1699152122","2258675270","0.125"
"2258675270","1699152122","0.125"
"1699152122","2771041964","0.125"
"2771041964","1699152122","0.125"
"1699152122","2945015580","0.208333"
"2945015580","1699152122","0.208333"
"1699152122","3027566061","0.125"
"3027566061","1699152122","0.125"
"1717863745","2022829943","0.875"
"2022829943","1717863745","0.875"
"1717863745","2114345835","1.875"
"2114345835","1717863745","1.875"
"1717863745","2134978098","1.625"
"2134978098","1717863745","1.625"
"1717863745","2258675270","0.958333"
"2258675270","1717863745","0.958333"
"1717863745","2771041964","0.125"
"2771041964","1717863745","0.125"
"1717863745","2945015580","0.125"
"2945015580","1717863745","0.125"
"1717863745","3027566061","0.375"
"3027566061","1717863745","0.375"
"2022829943","2114345835","1.15758"
"2114345835","2022829943","1.15758"
"2022829943","2134978098","2.25"
"2134978098","2022829943","2.25"
"2022829943","2258675270","0.325"
"2258675270","2022829943","0.325"
"2022829943","2771041964","0.658333"
"2771041964","2022829943","0.658333"
"2022829943","2945015580","1.03333"
"2945015580","2022829943","1.03333"
"2022829943","3027566061","0.291667"
"3027566061","2022829943","0.291667"
"2114345835","2134978098","2.73333"
"2134978098","2114345835","2.73333"
"2114345835","2258675270","0.858333"
"2258675270","2114345835","0.858333"
"2114345835","2771041964","0.525"
"2771041964","2114345835","0.525"
"2114345835","2945015580","1.86667"
"2945015580","2114345835","1.86667"
"2114345835","3027566061","0.708333"
"3027566061","2114345835","0.708333"
"2134978098","2258675270","1.69167"
"2258675270","2134978098","1.69167"
"2134978098","2771041964","2.525"
"2771041964","2134978098","2.525"
"2134978098","2945015580","1.28333"
"2945015580","2134978098","1.28333"
"2134978098","3027566061","0.741667"
"3027566061","2134978098","0.741667"
"2258675270","2771041964","2.55833"
"2771041964","2258675270","2.55833"
"2258675270","2945015580","0.858333"
"2945015580","2258675270","0.858333"
"2258675270","3027566061","0.325"
"3027566061","2258675270","0.325"
"2771041964","2945015580","6.85833"
"2945015580","2771041964","6.85833"
"2771041964","3027566061","0.825"
"3027566061","2771041964","0.825"
"2945015580","3027566061","1.49167"
"3027566061","2945015580","1.49167"
"1699152122","2108828993","0.142857"
"2108828993","1699152122","0.142857"
"1865834431","2015961513","0.142857"
"2015961513","1865834431","0.142857"
"1865834431","2097057782","0.142857"
"2097057782","1865834431","0.142857"
"1865834431","2108828993","0.142857"
"2108828993","1865834431","0.142857"
"1865834431","2127952499","0.392857"
"2127952499","1865834431","0.392857"
"2015961513","2108828993","0.233766"
"2108828993","2015961513","0.233766"
"2022829943","2108828993","0.6921"
"2108828993","2022829943","0.6921"
"2022829943","2127952499","2.64286"
"2127952499","2022829943","2.64286"
"2097057782","2108828993","0.233766"
"2108828993","2097057782","0.233766"
"2097057782","2127952499","0.285714"
"2127952499","2097057782","0.285714"
"2108828993","2118789532","0.483766"
"2118789532","2108828993","0.483766"
"2108828993","2127952499","1.14286"
"2127952499","2108828993","1.14286"
"1699152122","1787695726","0.142857"
"1787695726","1699152122","0.142857"
"1787695726","1834085549","0.142857"
"1834085549","1787695726","0.142857"
"1787695726","1878685718","0.142857"
"1878685718","1787695726","0.142857"
"1787695726","2015961513","0.142857"
"2015961513","1787695726","0.142857"
"1787695726","2097057782","0.142857"
"2097057782","1787695726","0.142857"
"1787695726","2127952499","1.39286"
"2127952499","1787695726","1.39286"
"1787695726","2181164912","0.142857"
"2181164912","1787695726","0.142857"
"1834085549","2127952499","1.55952"
"2127952499","1834085549","1.55952"
"2127952499","2181164912","0.142857"
"2181164912","2127952499","0.142857"
"1699152122","1985372952","0.0833333"
"1985372952","1699152122","0.0833333"
"1699152122","2120153268","0.0833333"
"2120153268","1699152122","0.0833333"
"1699152122","2141270567","0.0833333"
"2141270567","1699152122","0.0833333"
"1699152122","2587888755","0.0833333"
"2587888755","1699152122","0.0833333"
"1865834431","1985372952","0.0833333"
"1985372952","1865834431","0.0833333"
"1865834431","2114345835","0.583333"
"2114345835","1865834431","0.583333"
"1865834431","2120153268","0.0833333"
"2120153268","1865834431","0.0833333"
"1865834431","2120372853","0.283333"
"2120372853","1865834431","0.283333"
"1865834431","2141270567","0.0833333"
"2141270567","1865834431","0.0833333"
"1865834431","2181164912","0.0833333"
"2181164912","1865834431","0.0833333"
"1865834431","2587888755","0.0833333"
"2587888755","1865834431","0.0833333"
"1865834431","2797928606","0.0833333"
"2797928606","1865834431","0.0833333"
"1865834431","2945015580","0.0833333"
"2945015580","1865834431","0.0833333"
"1985372952","2022829943","0.866667"
"2022829943","1985372952","0.866667"
"1985372952","2114345835","0.583333"
"2114345835","1985372952","0.583333"
"1985372952","2118789532","0.375"
"2118789532","1985372952","0.375"
"1985372952","2120153268","10.875"
"2120153268","1985372952","10.875"
"1985372952","2120372853","0.541667"
"2120372853","1985372952","0.541667"
"1985372952","2141270567","7.625"
"2141270567","1985372952","7.625"
"1985372952","2181164912","6.20833"
"2181164912","1985372952","6.20833"
"1985372952","2587888755","0.0833333"
"2587888755","1985372952","0.0833333"
"1985372952","2797928606","2.95833"
"2797928606","1985372952","2.95833"
"1985372952","2945015580","0.583333"
"2945015580","1985372952","0.583333"
"2022829943","2120153268","0.0833333"
"2120153268","2022829943","0.0833333"
"2022829943","2120372853","2.475"
"2120372853","2022829943","2.475"
"2022829943","2141270567","0.0833333"
"2141270567","2022829943","0.0833333"
"2022829943","2181164912","0.174242"
"2181164912","2022829943","0.174242"
"2022829943","2587888755","0.283333"
"2587888755","2022829943","0.283333"
"2114345835","2118789532","2.70758"
"2118789532","2114345835","2.70758"
"2114345835","2120153268","0.0833333"
"2120153268","2114345835","0.0833333"
"2114345835","2120372853","2.74167"
"2120372853","2114345835","2.74167"
"2114345835","2141270567","0.0833333"
"2141270567","2114345835","0.0833333"
"2114345835","2181164912","0.174242"
"2181164912","2114345835","0.174242"
"2114345835","2587888755","0.283333"
"2587888755","2114345835","0.283333"
"2114345835","2797928606","0.0833333"
"2797928606","2114345835","0.0833333"
"2118789532","2120153268","0.208333"
"2120153268","2118789532","0.208333"
"2118789532","2141270567","0.208333"
"2141270567","2118789532","0.208333"
"2118789532","2587888755","0.283333"
"2587888755","2118789532","0.283333"
"2118789532","2945015580","0.0833333"
"2945015580","2118789532","0.0833333"
"2120153268","2120372853","0.375"
"2120372853","2120153268","0.375"
"2120153268","2141270567","1.125"
"2141270567","2120153268","1.125"
"2120153268","2181164912","1.875"
"2181164912","2120153268","1.875"
"2120153268","2587888755","0.0833333"
"2587888755","2120153268","0.0833333"
"2120153268","2797928606","1.125"
"2797928606","2120153268","1.125"
"2120153268","2945015580","0.0833333"
"2945015580","2120153268","0.0833333"
"2120372853","2141270567","0.375"
"2141270567","2120372853","0.375"
"2120372853","2181164912","0.791667"
"2181164912","2120372853","0.791667"
"2120372853","2587888755","0.283333"
"2587888755","2120372853","0.283333"
"2120372853","2797928606","0.541667"
"2797928606","2120372853","0.541667"
"2120372853","2945015580","0.375"
"2945015580","2120372853","0.375"
"2141270567","2181164912","2.29167"
"2181164912","2141270567","2.29167"
"2141270567","2587888755","0.0833333"
"2587888755","2141270567","0.0833333"
"2141270567","2797928606","2.04167"
"2797928606","2141270567","2.04167"
"2141270567","2945015580","0.0833333"
"2945015580","2141270567","0.0833333"
"2181164912","2587888755","0.0833333"
"2587888755","2181164912","0.0833333"
"2181164912","2797928606","1.625"
"2797928606","2181164912","1.625"
"2181164912","2945015580","0.583333"
"2945015580","2181164912","0.583333"
"2587888755","2797928606","0.583333"
"2797928606","2587888755","0.583333"
"2587888755","2945015580","0.583333"
"2945015580","2587888755","0.583333"
"2797928606","2945015580","4.58333"
"2945015580","2797928606","4.58333"
"1717863745","1984676112","3.75"
"1984676112","1717863745","3.75"
"1984676112","2114345835","11.6583"
"2114345835","1984676112","11.6583"
"1984676112","2134978098","10.4417"
"2134978098","1984676112","10.4417"
"1984676112","3027566061","1.08333"
"3027566061","1984676112","1.08333"
"1717863745","2155047372","0.333333"
"2155047372","1717863745","0.333333"
"1717863745","2989706124","0.583333"
"2989706124","1717863745","0.583333"
"2155047372","2258675270","1.86667"
"2258675270","2155047372","1.86667"
"2155047372","2989706124","0.333333"
"2989706124","2155047372","0.333333"
"2258675270","2989706124","0.733333"
"2989706124","2258675270","0.733333"
"1717863745","1865834431","0.25"
"1865834431","1717863745","0.25"
"1865834431","2134978098","0.25"
"2134978098","1865834431","0.25"
"1865834431","2989706124","0.25"
"2989706124","1865834431","0.25"
"2022829943","2989706124","1.24167"
"2989706124","2022829943","1.24167"
"2134978098","2989706124","3.10833"
"2989706124","2134978098","3.10833"
"1772250503","2475326882","3.83333"
"2475326882","1772250503","3.83333"
"1772250503","2022829943","0.25"
"2022829943","1772250503","0.25"
"1772250503","2097057782","0.25"
"2097057782","1772250503","0.25"
"1772250503","2118789532","0.25"
"2118789532","1772250503","0.25"
"1772250503","2120372853","0.25"
"2120372853","1772250503","0.25"
"1772250503","2181164912","0.333333"
"2181164912","1772250503","0.333333"
"1772250503","2258675270","0.333333"
"2258675270","1772250503","0.333333"
"1772250503","2728846189","0.333333"
"2728846189","1772250503","0.333333"
"2181164912","2258675270","0.333333"
"2258675270","2181164912","0.333333"
"2181164912","2728846189","0.333333"
"2728846189","2181164912","0.333333"
"2258675270","2728846189","0.666667"
"2728846189","2258675270","0.666667"
"1772250503","1865834431","0.333333"
"1865834431","1772250503","0.333333"
"1772250503","3027566061","1.83333"
"3027566061","1772250503","1.83333"
"1865834431","2475326882","1.83333"
"2475326882","1865834431","1.83333"
"1865834431","3027566061","0.833333"
"3027566061","1865834431","0.833333"
"2475326882","3027566061","1.83333"
"3027566061","2475326882","1.83333"
"1787695726","1997196653","1"
"1997196653","1787695726","1"
"1787695726","2134978098","0.533333"
"2134978098","1787695726","0.533333"
"1787695726","2155047372","0.333333"
"2155047372","1787695726","0.333333"
"1787695726","2945015580","1.83333"
"2945015580","1787695726","1.83333"
"2134978098","2155047372","0.533333"
"2155047372","2134978098","0.533333"
"2155047372","2945015580","1.16667"
"2945015580","2155047372","1.16667"
"1787695726","2108828993","0.7"
"2108828993","1787695726","0.7"
"1787695726","2114345835","2.03333"
"2114345835","1787695726","2.03333"
"1787695726","2475326882","0.2"
"2475326882","1787695726","0.2"
"1787695726","2989706124","0.7"
"2989706124","1787695726","0.7"
"2108828993","2114345835","5.08258"
"2114345835","2108828993","5.08258"
"2108828993","2134978098","0.825"
"2134978098","2108828993","0.825"
"2108828993","2475326882","0.2"
"2475326882","2108828993","0.2"
"2108828993","2989706124","0.825"
"2989706124","2108828993","0.825"
"2114345835","2475326882","0.2"
"2475326882","2114345835","0.2"
"2114345835","2989706124","0.858333"
"2989706124","2114345835","0.858333"
"2134978098","2475326882","1.06667"
"2475326882","2134978098","1.06667"
"2475326882","2989706124","0.2"
"2989706124","2475326882","0.2"
"1787695726","2096561439","3"
"2096561439","1787695726","3"
"1787695726","2118789532","1.25"
"2118789532","1787695726","1.25"
"1787695726","2151990594","0.75"
"2151990594","1787695726","0.75"
"2118789532","2151990594","2.875"
"2151990594","2118789532","2.875"
"1787695726","2022829943","0.25"
"2022829943","1787695726","0.25"
"2022829943","2151990594","1.25"
"2151990594","2022829943","1.25"
"2127952499","2151990594","0.666667"
"2151990594","2127952499","0.666667"
"1787695726","2120372853","1"
"2120372853","1787695726","1"
"1787695726","1984676112","0.333333"
"1984676112","1787695726","0.333333"
"1787695726","46612192","0.833333"
"46612192","1787695726","0.833333"
"1984676112","46612192","0.666667"
"46612192","1984676112","0.666667"
"2114345835","46612192","1"
"46612192","2114345835","1"
"2118789532","46612192","0.5"
"46612192","2118789532","0.5"
"1834085549","2022829943","1.69091"
"2022829943","1834085549","1.69091"
"1834085549","1865834431","0.4"
"1865834431","1834085549","0.4"
"1834085549","2098380284","0.2"
"2098380284","1834085549","0.2"
"1834085549","2120372853","0.566667"
"2120372853","1834085549","0.566667"
"1865834431","2098380284","0.45"
"2098380284","1865834431","0.45"
"2022829943","2098380284","1.98333"
"2098380284","2022829943","1.98333"
"2098380284","2118789532","2.56667"
"2118789532","2098380284","2.56667"
"2098380284","2120372853","1.56667"
"2120372853","2098380284","1.56667"
"1834085549","2114345835","0.957576"
"2114345835","1834085549","0.957576"
"1834085549","2587888755","0.2"
"2587888755","1834085549","0.2"
"1834085549","2108828993","0.0909091"
"2108828993","1834085549","0.0909091"
"1878685718","2108828993","0.0909091"
"2108828993","1878685718","0.0909091"
"1878685718","2114345835","0.0909091"
"2114345835","1878685718","0.0909091"
"1995199924","2108828993","0.0909091"
"2108828993","1995199924","0.0909091"
"1995199924","2114345835","0.0909091"
"2114345835","1995199924","0.0909091"
"2015961513","2114345835","0.0909091"
"2114345835","2015961513","0.0909091"
"2097057782","2114345835","0.0909091"
"2114345835","2097057782","0.0909091"
"2097180277","2108828993","0.340909"
"2108828993","2097180277","0.340909"
"2097180277","2114345835","0.507576"
"2114345835","2097180277","0.507576"
"2108828993","2150084651","0.0909091"
"2150084651","2108828993","0.0909091"
"2108828993","2181164912","0.340909"
"2181164912","2108828993","0.340909"
"2114345835","2150084651","0.0909091"
"2150084651","2114345835","0.0909091"
"1834085549","1984676112","0.416667"
"1984676112","1834085549","0.416667"
"1834085549","2151990594","0.416667"
"2151990594","1834085549","0.416667"
"1984676112","2097180277","0.7"
"2097180277","1984676112","0.7"
"1984676112","2120372853","0.491667"
"2120372853","1984676112","0.491667"
"1984676112","2127952499","0.75"
"2127952499","1984676112","0.75"
"1984676112","2151990594","0.416667"
"2151990594","1984676112","0.416667"
"2097180277","2120372853","0.833333"
"2120372853","2097180277","0.833333"
"2097180277","2151990594","0.166667"
"2151990594","2097180277","0.166667"
"2114345835","2127952499","0.416667"
"2127952499","2114345835","0.416667"
"2114345835","2151990594","0.916667"
"2151990594","2114345835","0.916667"
"2120372853","2127952499","0.166667"
"2127952499","2120372853","0.166667"
"2120372853","2151990594","0.291667"
"2151990594","2120372853","0.291667"
"1834085549","1904767349","0.25"
"1904767349","1834085549","0.25"
"1834085549","2728846189","0.25"
"2728846189","1834085549","0.25"
"1904767349","2097180277","0.25"
"2097180277","1904767349","0.25"
"1904767349","2114345835","1.25"
"2114345835","1904767349","1.25"
"1904767349","2728846189","0.25"
"2728846189","1904767349","0.25"
"2097180277","2728846189","2.28333"
"2728846189","2097180277","2.28333"
"2114345835","2728846189","0.25"
"2728846189","2114345835","0.25"
"1834085549","1997196653","0.2"
"1997196653","1834085549","0.2"
"1834085549","2096561439","0.2"
"2096561439","1834085549","0.2"
"1865834431","1997196653","0.7"
"1997196653","1865834431","0.7"
"1865834431","2096561439","0.7"
"2096561439","1865834431","0.7"
"1997196653","2022829943","0.2"
"2022829943","1997196653","0.2"
"1997196653","2096561439","0.2"
"2096561439","1997196653","0.2"
"1997196653","2118789532","0.2"
"2118789532","1997196653","0.2"
"2022829943","2096561439","3.025"
"2096561439","2022829943","3.025"
"2096561439","2118789532","0.4"
"2118789532","2096561439","0.4"
"1997196653","2475326882","0.5"
"2475326882","1997196653","0.5"
"2096561439","3027566061","0.5"
"3027566061","2096561439","0.5"
"2098380284","2127952499","0.583333"
"2127952499","2098380284","0.583333"
"1878685718","1985372952","0.45"
"1985372952","1878685718","0.45"
"1985372952","1995199924","0.45"
"1995199924","1985372952","0.45"
"1985372952","2150084651","0.45"
"2150084651","1985372952","0.45"
"1878685718","2105398277","0.2"
"2105398277","1878685718","0.2"
"1985372952","2105398277","3.49167"
"2105398277","1985372952","3.49167"
"1904767349","2127952499","5.33333"
"2127952499","1904767349","5.33333"
"1904767349","2022829943","1.33333"
"2022829943","1904767349","1.33333"
"1904767349","2118789532","0.333333"
"2118789532","1904767349","0.333333"
"1965013794","2097180277","0.333333"
"2097180277","1965013794","0.333333"
"1965013794","2475326882","0.333333"
"2475326882","1965013794","0.333333"
"1965013794","2728846189","0.333333"
"2728846189","1965013794","0.333333"
"2097180277","2475326882","0.533333"
"2475326882","2097180277","0.533333"
"2475326882","2728846189","0.866667"
"2728846189","2475326882","0.866667"
"1984676112","2096561439","3.19167"
"2096561439","1984676112","3.19167"
"1984676112","2258675270","0.533333"
"2258675270","1984676112","0.533333"
"1984676112","2771041964","0.7"
"2771041964","1984676112","0.7"
"1984676112","2155047372","1.2"
"2155047372","1984676112","1.2"
"2114345835","2155047372","0.2"
"2155047372","2114345835","0.2"
"2155047372","2771041964","0.533333"
"2771041964","2155047372","0.533333"
"1984676112","2022829943","1.49167"
"2022829943","1984676112","1.49167"
"2096561439","2114345835","0.458333"
"2114345835","2096561439","0.458333"
"2096561439","2134978098","1.49167"
"2134978098","2096561439","1.49167"
"1984676112","2160033581","0.333333"
"2160033581","1984676112","0.333333"
"2022829943","2160033581","0.333333"
"2160033581","2022829943","0.333333"
"2127952499","2160033581","0.333333"
"2160033581","2127952499","0.333333"
"1984676112","2108828993","0.125"
"2108828993","1984676112","0.125"
"1984676112","2945015580","1.125"
"2945015580","1984676112","1.125"
"1984676112","2989706124","0.791667"
"2989706124","1984676112","0.791667"
"2096561439","2108828993","0.125"
"2108828993","2096561439","0.125"
"2096561439","2120372853","0.325"
"2120372853","2096561439","0.325"
"2096561439","2945015580","0.125"
"2945015580","2096561439","0.125"
"2096561439","2989706124","1.125"
"2989706124","2096561439","1.125"
"2108828993","2120372853","3.54167"
"2120372853","2108828993","3.54167"
"2108828993","2945015580","0.125"
"2945015580","2108828993","0.125"
"2120372853","2134978098","1.04167"
"2134978098","2120372853","1.04167"
"2120372853","2989706124","0.291667"
"2989706124","2120372853","0.291667"
"2945015580","2989706124","1.19167"
"2989706124","2945015580","1.19167"
"1984676112","2098380284","0.2"
"2098380284","1984676112","0.2"
"1984676112","2118789532","1.86667"
"2118789532","1984676112","1.86667"
"2096561439","2098380284","0.2"
"2098380284","2096561439","0.2"
"1984676112","2475326882","0.533333"
"2475326882","1984676112","0.533333"
"2096561439","2475326882","0.533333"
"2475326882","2096561439","0.533333"
"1984676112","2728846189","0.2"
"2728846189","1984676112","0.2"
"2096561439","2097180277","1.2"
"2097180277","2096561439","1.2"
"2096561439","2728846189","0.2"
"2728846189","2096561439","0.2"
"2097180277","2134978098","0.2"
"2134978098","2097180277","0.2"
"2134978098","2728846189","0.533333"
"2728846189","2134978098","0.533333"
"2134978098","46612192","0.333333"
"46612192","2134978098","0.333333"
"2989706124","46612192","0.333333"
"46612192","2989706124","0.333333"
"2118789532","3027566061","0.333333"
"3027566061","2118789532","0.333333"
"1985372952","2097180277","0.166667"
"2097180277","1985372952","0.166667"
"2097180277","2105398277","0.166667"
"2105398277","2097180277","0.166667"
"2097180277","2797928606","0.166667"
"2797928606","2097180277","0.166667"
"2105398277","2120372853","0.458333"
"2120372853","2105398277","0.458333"
"2105398277","2181164912","2.29167"
"2181164912","2105398277","2.29167"
"1985372952","2092088668","0.833333"
"2092088668","1985372952","0.833333"
"2092088668","2141270567","0.833333"
"2141270567","2092088668","0.833333"
"2092088668","2797928606","0.333333"
"2797928606","2092088668","0.333333"
"1985372952","2151990594","0.125"
"2151990594","1985372952","0.125"
"2105398277","2120153268","1.29167"
"2120153268","2105398277","1.29167"
"2105398277","2141270567","0.875"
"2141270567","2105398277","0.875"
"2105398277","2151990594","0.125"
"2151990594","2105398277","0.125"
"2120153268","2151990594","0.125"
"2151990594","2120153268","0.125"
"2141270567","2151990594","0.125"
"2151990594","2141270567","0.125"
"2151990594","2181164912","0.125"
"2181164912","2151990594","0.125"
"2151990594","2797928606","0.125"
"2797928606","2151990594","0.125"
"1985372952","2108828993","0.333333"
"2108828993","1985372952","0.333333"
"1985372952","46612192","0.333333"
"46612192","1985372952","0.333333"
"2022829943","46612192","0.333333"
"46612192","2022829943","0.333333"
"2108828993","46612192","2"
"46612192","2108828993","2"
"1985372952","2160033581","0.5"
"2160033581","1985372952","0.5"
"2114345835","2160033581","0.5"
"2160033581","2114345835","0.5"
"1995199924","2092088668","1"
"2092088668","1995199924","1"
"2015961513","2098380284","0.25"
"2098380284","2015961513","0.25"
"2098380284","2150084651","0.25"
"2150084651","2098380284","0.25"
"2098380284","2181164912","0.25"
"2181164912","2098380284","0.25"
"2098380284","2134978098","0.416667"
"2134978098","2098380284","0.416667"
"2098380284","2945015580","0.166667"
"2945015580","2098380284","0.166667"
"2098380284","2989706124","0.166667"
"2989706124","2098380284","0.166667"
"2098380284","3027566061","0.166667"
"3027566061","2098380284","0.166667"
"2120372853","3027566061","0.166667"
"3027566061","2120372853","0.166667"
"2989706124","3027566061","0.366667"
"3027566061","2989706124","0.366667"
"2097180277","2098380284","0.75"
"2098380284","2097180277","0.75"
"2771041964","2989706124","0.4"
"2989706124","2771041964","0.4"
"2098380284","2771041964","0.333333"
"2771041964","2098380284","0.333333"
"2118789532","2771041964","0.333333"
"2771041964","2118789532","0.333333"
"2118789532","2134978098","0.25"
"2134978098","2118789532","0.25"
"2092088668","2181164912","1"
"2181164912","2092088668","1"
"2092088668","2098380284","1"
"2098380284","2092088668","1"
"2096561439","46612192","1"
"46612192","2096561439","1"
"2096561439","2151990594","1"
"2151990594","2096561439","1"
"2097057782","2098380284","0.5"
"2098380284","2097057782","0.5"
"2097057782","3027566061","1"
"3027566061","2097057782","1"
"2127952499","2728846189","0.5"
"2728846189","2127952499","0.5"
"2105398277","2155047372","1"
"2155047372","2105398277","1"
"2120372853","46612192","0.666667"
"46612192","2120372853","0.666667"
"2108828993","2151990594","1"
"2151990594","2108828993","1"
"2151990594","2945015580","1.5"
"2945015580","2151990594","1.5"
"2120153268","2155047372","0.5"
"2155047372","2120153268","0.5"
"2155047372","2181164912","1"
"2181164912","2155047372","1"
"2127952499","2945015580","1"
"2945015580","2127952499","1"
"2134978098","2181164912","1"
"2181164912","2134978098","1"
"2258675270","2475326882","0.333333"
"2475326882","2258675270","0.333333"
"2155047372","2475326882","0.5"
"2475326882","2155047372","0.5"
"2181164912","2475326882","0.5"
"2475326882","2181164912","0.5"
"2155047372","2797928606","0.5"
"2797928606","2155047372","0.5"
"2258675270","2587888755","0.5"
"2587888755","2258675270","0.5"
"2587888755","2771041964","0.5"
"2771041964","2587888755","0.5"
"2475326882","2587888755","1"
"2587888755","2475326882","1"
"2587888755","3027566061","2"
"3027566061","2587888755","2"
"2771041964","46612192","1"
"46612192","2771041964","1"
"2797928606","2989706124","1.5"
"2989706124","2797928606","1.5"
