"1485471583","814524868","3.16667"
"814524868","1485471583","3.16667"
"1485471583","2570913087","3.33333"
"2570913087","1485471583","3.33333"
"1485471583","1553505364","0.333333"
"1553505364","1485471583","0.333333"
"1485471583","2770385712","3.66667"
"2770385712","1485471583","3.66667"
"1553505364","2770385712","0.333333"
"2770385712","1553505364","0.333333"
"1553505364","814524868","0.333333"
"814524868","1553505364","0.333333"
"2770385712","814524868","3.16667"
"814524868","2770385712","3.16667"
"2570913087","2770385712","4.33333"
"2770385712","2570913087","4.33333"
"2570913087","814524868","1.33333"
"814524868","2570913087","1.33333"
"1485471583","2896289089","0.5"
"2896289089","1485471583","0.5"
"2770385712","2896289089","3.5"
"2896289089","2770385712","3.5"
"1496366168","1504163381","4.03472"
"1504163381","1496366168","4.03472"
"1496366168","1518099467","0.722222"
"1518099467","1496366168","0.722222"
"1496366168","1535019668","0.722222"
"1535019668","1496366168","0.722222"
"1496366168","1874987659","0.506944"
"1874987659","1496366168","0.506944"
"1504163381","1518099467","0.722222"
"1518099467","1504163381","0.722222"
"1504163381","1535019668","0.722222"
"1535019668","1504163381","0.722222"
"1504163381","1874987659","0.506944"
"1874987659","1504163381","0.506944"
"1518099467","1535019668","9.31746"
"1535019668","1518099467","9.31746"
"1518099467","1874987659","0.646825"
"1874987659","1518099467","0.646825"
"1535019668","1874987659","0.646825"
"1874987659","1535019668","0.646825"
"1496366168","1503561778","0.0625"
"1503561778","1496366168","0.0625"
"1496366168","1529617944","1.79425"
"1529617944","1496366168","1.79425"
"1496366168","1607910667","0.0625"
"1607910667","1496366168","0.0625"
"1496366168","185696137","0.0625"
"185696137","1496366168","0.0625"
"1496366168","1955379498","0.229167"
"1955379498","1496366168","0.229167"
"1496366168","1980975236","0.0625"
"1980975236","1496366168","0.0625"
"1496366168","1988665168","0.145833"
"1988665168","1496366168","0.145833"
"1496366168","1994301803","1.42758"
"1994301803","1496366168","1.42758"
"1496366168","2050891512","0.0625"
"2050891512","1496366168","0.0625"
"1496366168","2072190968","0.0625"
"2072190968","1496366168","0.0625"
"1496366168","2098091886","0.429167"
"2098091886","1496366168","0.429167"
"1496366168","2119211421","2.29425"
"2119211421","1496366168","2.29425"
"1496366168","2155750326","0.0625"
"2155750326","1496366168","0.0625"
"1496366168","67662832","2.92758"
"67662832","1496366168","2.92758"
"1503561778","1504163381","0.0625"
"1504163381","1503561778","0.0625"
"1503561778","1529617944","0.0625"
"1529617944","1503561778","0.0625"
"1503561778","1607910667","16.7034"
"1607910667","1503561778","16.7034"
"1503561778","185696137","0.2625"
"185696137","1503561778","0.2625"
"1503561778","1874987659","0.0625"
"1874987659","1503561778","0.0625"
"1503561778","1955379498","0.0625"
"1955379498","1503561778","0.0625"
"1503561778","1980975236","0.129167"
"1980975236","1503561778","0.129167"
"1503561778","1988665168","0.220076"
"1988665168","1503561778","0.220076"
"1503561778","1994301803","0.0625"
"1994301803","1503561778","0.0625"
"1503561778","2050891512","1.32917"
"2050891512","1503561778","1.32917"
"1503561778","2072190968","0.579167"
"2072190968","1503561778","0.579167"
"1503561778","2098091886","0.0625"
"2098091886","1503561778","0.0625"
"1503561778","2119211421","0.0625"
"2119211421","1503561778","0.0625"
"1503561778","2155750326","0.129167"
"2155750326","1503561778","0.129167"
"1503561778","67662832","0.0625"
"67662832","1503561778","0.0625"
"1504163381","1529617944","1.45139"
"1529617944","1504163381","1.45139"
"1504163381","1607910667","0.0625"
"1607910667","1504163381","0.0625"
"1504163381","185696137","0.0625"
"185696137","1504163381","0.0625"
"1504163381","1955379498","0.0625"
"1955379498","1504163381","0.0625"
"1504163381","1980975236","0.0625"
"1980975236","1504163381","0.0625"
"1504163381","1988665168","0.145833"
"1988665168","1504163381","0.145833"
"1504163381","1994301803","1.45139"
"1994301803","1504163381","1.45139"
"1504163381","2050891512","0.0625"
"2050891512","1504163381","0.0625"
"1504163381","2072190968","0.0625"
"2072190968","1504163381","0.0625"
"1504163381","2098091886","0.0625"
"2098091886","1504163381","0.0625"
"1504163381","2119211421","1.95139"
"2119211421","1504163381","1.95139"
"1504163381","2155750326","0.0625"
"2155750326","1504163381","0.0625"
"1504163381","67662832","3.03472"
"67662832","1504163381","3.03472"
"1529617944","1607910667","0.0625"
"1607910667","1529617944","0.0625"
"1529617944","185696137","0.0625"
"185696137","1529617944","0.0625"
"1529617944","1874987659","1.8998"
"1874987659","1529617944","1.8998"
"1529617944","1955379498","0.429167"
"1955379498","1529617944","0.429167"
"1529617944","1980975236","0.205357"
"1980975236","1529617944","0.205357"
"1529617944","1988665168","0.145833"
"1988665168","1529617944","0.145833"
"1529617944","1994301803","7.74663"
"1994301803","1529617944","7.74663"
"1529617944","2050891512","0.5625"
"2050891512","1529617944","0.5625"
"1529617944","2072190968","0.0625"
"2072190968","1529617944","0.0625"
"1529617944","2098091886","0.429167"
"2098091886","1529617944","0.429167"
"1529617944","2119211421","2.61329"
"2119211421","1529617944","2.61329"
"1529617944","2155750326","0.0625"
"2155750326","1529617944","0.0625"
"1529617944","67662832","2.07996"
"67662832","1529617944","2.07996"
"1607910667","185696137","0.2625"
"185696137","1607910667","0.2625"
"1607910667","1874987659","0.0625"
"1874987659","1607910667","0.0625"
"1607910667","1955379498","0.0625"
"1955379498","1607910667","0.0625"
"1607910667","1980975236","0.129167"
"1980975236","1607910667","0.129167"
"1607910667","1988665168","0.220076"
"1988665168","1607910667","0.220076"
"1607910667","1994301803","0.0625"
"1994301803","1607910667","0.0625"
"1607910667","2050891512","1.32917"
"2050891512","1607910667","1.32917"
"1607910667","2072190968","0.579167"
"2072190968","1607910667","0.579167"
"1607910667","2098091886","0.0625"
"2098091886","1607910667","0.0625"
"1607910667","2119211421","0.0625"
"2119211421","1607910667","0.0625"
"1607910667","2155750326","0.129167"
"2155750326","1607910667","0.129167"
"1607910667","67662832","0.0625"
"67662832","1607910667","0.0625"
"185696137","1874987659","0.0625"
"1874987659","185696137","0.0625"
"185696137","1955379498","0.0625"
"1955379498","185696137","0.0625"
"185696137","1980975236","0.0625"
"1980975236","185696137","0.0625"
"185696137","1988665168","0.0625"
"1988665168","185696137","0.0625"
"185696137","1994301803","0.0625"
"1994301803","185696137","0.0625"
"185696137","2050891512","0.173611"
"2050891512","185696137","0.173611"
"185696137","2072190968","12.5736"
"2072190968","185696137","12.5736"
"185696137","2098091886","0.0625"
"2098091886","185696137","0.0625"
"185696137","2119211421","0.0625"
"2119211421","185696137","0.0625"
"185696137","2155750326","0.0625"
"2155750326","185696137","0.0625"
"185696137","67662832","0.0625"
"67662832","185696137","0.0625"
"1874987659","1955379498","0.205357"
"1955379498","1874987659","0.205357"
"1874987659","1980975236","0.395833"
"1980975236","1874987659","0.395833"
"1874987659","1988665168","0.479167"
"1988665168","1874987659","0.479167"
"1874987659","1994301803","9.8998"
"1994301803","1874987659","9.8998"
"1874987659","2050891512","0.0625"
"2050891512","1874987659","0.0625"
"1874987659","2072190968","0.395833"
"2072190968","1874987659","0.395833"
"1874987659","2098091886","0.205357"
"2098091886","1874987659","0.205357"
"1874987659","2119211421","0.399802"
"2119211421","1874987659","0.399802"
"1874987659","2155750326","0.0625"
"2155750326","1874987659","0.0625"
"1874987659","67662832","0.399802"
"67662832","1874987659","0.399802"
"1955379498","1980975236","0.0625"
"1980975236","1955379498","0.0625"
"1955379498","1988665168","0.0625"
"1988665168","1955379498","0.0625"
"1955379498","1994301803","1.09583"
"1994301803","1955379498","1.09583"
"1955379498","2050891512","0.0625"
"2050891512","1955379498","0.0625"
"1955379498","2072190968","0.0625"
"2072190968","1955379498","0.0625"
"1955379498","2098091886","5.70536"
"2098091886","1955379498","5.70536"
"1955379498","2119211421","0.429167"
"2119211421","1955379498","0.429167"
"1955379498","2155750326","0.0625"
"2155750326","1955379498","0.0625"
"1955379498","67662832","0.2625"
"67662832","1955379498","0.2625"
"1980975236","1988665168","0.4625"
"1988665168","1980975236","0.4625"
"1980975236","1994301803","0.205357"
"1994301803","1980975236","0.205357"
"1980975236","2050891512","0.129167"
"2050891512","1980975236","0.129167"
"1980975236","2072190968","1.9625"
"2072190968","1980975236","1.9625"
"1980975236","2098091886","0.0625"
"2098091886","1980975236","0.0625"
"1980975236","2119211421","0.205357"
"2119211421","1980975236","0.205357"
"1980975236","2155750326","0.129167"
"2155750326","1980975236","0.129167"
"1980975236","67662832","0.205357"
"67662832","1980975236","0.205357"
"1988665168","1994301803","0.145833"
"1994301803","1988665168","0.145833"
"1988665168","2050891512","0.129167"
"2050891512","1988665168","0.129167"
"1988665168","2072190968","0.4625"
"2072190968","1988665168","0.4625"
"1988665168","2098091886","0.0625"
"2098091886","1988665168","0.0625"
"1988665168","2119211421","0.145833"
"2119211421","1988665168","0.145833"
"1988665168","2155750326","6.55536"
"2155750326","1988665168","6.55536"
"1988665168","67662832","0.145833"
"67662832","1988665168","0.145833"
"1994301803","2050891512","0.0625"
"2050891512","1994301803","0.0625"
"1994301803","2072190968","0.0625"
"2072190968","1994301803","0.0625"
"1994301803","2098091886","0.5625"
"2098091886","1994301803","0.5625"
"1994301803","2119211421","2.24663"
"2119211421","1994301803","2.24663"
"1994301803","2155750326","0.0625"
"2155750326","1994301803","0.0625"
"1994301803","67662832","2.57996"
"67662832","1994301803","2.57996"
"2050891512","2072190968","0.573611"
"2072190968","2050891512","0.573611"
"2050891512","2098091886","0.0625"
"2098091886","2050891512","0.0625"
"2050891512","2119211421","0.0625"
"2119211421","2050891512","0.0625"
"2050891512","2155750326","0.129167"
"2155750326","2050891512","0.129167"
"2050891512","67662832","0.0625"
"67662832","2050891512","0.0625"
"2072190968","2098091886","0.0625"
"2098091886","2072190968","0.0625"
"2072190968","2119211421","0.0625"
"2119211421","2072190968","0.0625"
"2072190968","2155750326","0.629167"
"2155750326","2072190968","0.629167"
"2072190968","67662832","0.0625"
"67662832","2072190968","0.0625"
"2098091886","2119211421","0.429167"
"2119211421","2098091886","0.429167"
"2098091886","2155750326","0.0625"
"2155750326","2098091886","0.0625"
"2098091886","67662832","0.0625"
"67662832","2098091886","0.0625"
"2119211421","2155750326","0.0625"
"2155750326","2119211421","0.0625"
"2119211421","67662832","2.32996"
"67662832","2119211421","2.32996"
"2155750326","67662832","0.0625"
"67662832","2155750326","0.0625"
"1496366168","2171910301","4.14841"
"2171910301","1496366168","4.14841"
"1504163381","2171910301","5.30556"
"2171910301","1504163381","5.30556"
"2171910301","67662832","3.68413"
"67662832","2171910301","3.68413"
"1496366168","1533114902","0.25"
"1533114902","1496366168","0.25"
"1496366168","1591365838","0.25"
"1591365838","1496366168","0.25"
"1496366168","2081776774","0.25"
"2081776774","1496366168","0.25"
"1533114902","1591365838","0.75"
"1591365838","1533114902","0.75"
"1533114902","2081776774","0.5"
"2081776774","1533114902","0.5"
"1533114902","67662832","0.25"
"67662832","1533114902","0.25"
"1591365838","2081776774","2.16667"
"2081776774","1591365838","2.16667"
"1591365838","67662832","0.25"
"67662832","1591365838","0.25"
"2081776774","67662832","0.75"
"67662832","2081776774","0.75"
"1529617944","2171910301","2.46746"
"2171910301","1529617944","2.46746"
"1994301803","2171910301","2.10079"
"2171910301","1994301803","2.10079"
"2119211421","2171910301","2.96746"
"2171910301","2119211421","2.96746"
"1496366168","2098231756","0.477778"
"2098231756","1496366168","0.477778"
"1529617944","2098231756","0.477778"
"2098231756","1529617944","0.477778"
"2098091886","2098231756","0.866667"
"2098231756","2098091886","0.866667"
"2098091886","2171910301","0.866667"
"2171910301","2098091886","0.866667"
"2098231756","2119211421","0.477778"
"2119211421","2098231756","0.477778"
"2098231756","2171910301","0.477778"
"2171910301","2098231756","0.477778"
"1496366168","1558663790","0.142857"
"1558663790","1496366168","0.142857"
"1496366168","2401896332","0.142857"
"2401896332","1496366168","0.142857"
"1529617944","1558663790","0.142857"
"1558663790","1529617944","0.142857"
"1529617944","2401896332","0.142857"
"2401896332","1529617944","0.142857"
"1558663790","1994301803","0.142857"
"1994301803","1558663790","0.142857"
"1558663790","2119211421","0.142857"
"2119211421","1558663790","0.142857"
"1558663790","2171910301","0.142857"
"2171910301","1558663790","0.142857"
"1558663790","2401896332","16.7857"
"2401896332","1558663790","16.7857"
"1558663790","67662832","0.142857"
"67662832","1558663790","0.142857"
"1994301803","2401896332","0.142857"
"2401896332","1994301803","0.142857"
"2119211421","2401896332","0.142857"
"2401896332","2119211421","0.142857"
"2171910301","2401896332","0.142857"
"2401896332","2171910301","0.142857"
"2401896332","67662832","0.142857"
"67662832","2401896332","0.142857"
"1496366168","1510355928","0.0833333"
"1510355928","1496366168","0.0833333"
"1496366168","195334787","0.0833333"
"195334787","1496366168","0.0833333"
"1496366168","1966973805","0.0833333"
"1966973805","1496366168","0.0833333"
"1496366168","2084357467","0.0833333"
"2084357467","1496366168","0.0833333"
"1496366168","2156843716","0.0833333"
"2156843716","1496366168","0.0833333"
"1504163381","1510355928","0.0833333"
"1510355928","1504163381","0.0833333"
"1504163381","195334787","0.0833333"
"195334787","1504163381","0.0833333"
"1504163381","1966973805","0.0833333"
"1966973805","1504163381","0.0833333"
"1504163381","2084357467","0.0833333"
"2084357467","1504163381","0.0833333"
"1504163381","2156843716","0.0833333"
"2156843716","1504163381","0.0833333"
"1510355928","1529617944","0.0833333"
"1529617944","1510355928","0.0833333"
"1510355928","1874987659","0.0833333"
"1874987659","1510355928","0.0833333"
"1510355928","195334787","0.0833333"
"195334787","1510355928","0.0833333"
"1510355928","1966973805","0.0833333"
"1966973805","1510355928","0.0833333"
"1510355928","1988665168","0.22619"
"1988665168","1510355928","0.22619"
"1510355928","1994301803","0.0833333"
"1994301803","1510355928","0.0833333"
"1510355928","2084357467","0.0833333"
"2084357467","1510355928","0.0833333"
"1510355928","2119211421","0.0833333"
"2119211421","1510355928","0.0833333"
"1510355928","2156843716","6.14286"
"2156843716","1510355928","6.14286"
"1510355928","67662832","0.0833333"
"67662832","1510355928","0.0833333"
"1529617944","195334787","0.0833333"
"195334787","1529617944","0.0833333"
"1529617944","1966973805","0.0833333"
"1966973805","1529617944","0.0833333"
"1529617944","2084357467","0.0833333"
"2084357467","1529617944","0.0833333"
"1529617944","2156843716","0.0833333"
"2156843716","1529617944","0.0833333"
"1874987659","195334787","0.0833333"
"195334787","1874987659","0.0833333"
"1874987659","1966973805","0.0833333"
"1966973805","1874987659","0.0833333"
"1874987659","2084357467","0.0833333"
"2084357467","1874987659","0.0833333"
"1874987659","2156843716","0.0833333"
"2156843716","1874987659","0.0833333"
"195334787","1966973805","3.59091"
"1966973805","195334787","3.59091"
"195334787","1988665168","2.09091"
"1988665168","195334787","2.09091"
"195334787","1994301803","0.0833333"
"1994301803","195334787","0.0833333"
"195334787","2084357467","1.92424"
"2084357467","195334787","1.92424"
"195334787","2119211421","0.0833333"
"2119211421","195334787","0.0833333"
"195334787","2156843716","0.0833333"
"2156843716","195334787","0.0833333"
"195334787","67662832","0.0833333"
"67662832","195334787","0.0833333"
"1966973805","1988665168","1.09091"
"1988665168","1966973805","1.09091"
"1966973805","1994301803","0.0833333"
"1994301803","1966973805","0.0833333"
"1966973805","2084357467","1.92424"
"2084357467","1966973805","1.92424"
"1966973805","2119211421","0.0833333"
"2119211421","1966973805","0.0833333"
"1966973805","2156843716","0.0833333"
"2156843716","1966973805","0.0833333"
"1966973805","67662832","0.0833333"
"67662832","1966973805","0.0833333"
"1988665168","2084357467","22.2076"
"2084357467","1988665168","22.2076"
"1988665168","2156843716","0.22619"
"2156843716","1988665168","0.22619"
"1994301803","2084357467","0.0833333"
"2084357467","1994301803","0.0833333"
"1994301803","2156843716","0.0833333"
"2156843716","1994301803","0.0833333"
"2084357467","2119211421","0.0833333"
"2119211421","2084357467","0.0833333"
"2084357467","2156843716","0.0833333"
"2156843716","2084357467","0.0833333"
"2084357467","67662832","0.0833333"
"67662832","2084357467","0.0833333"
"2119211421","2156843716","0.0833333"
"2156843716","2119211421","0.0833333"
"2156843716","67662832","0.0833333"
"67662832","2156843716","0.0833333"
"1518099467","1529617944","1.4246"
"1529617944","1518099467","1.4246"
"1518099467","1994301803","0.924603"
"1994301803","1518099467","0.924603"
"1518099467","2119211421","0.924603"
"2119211421","1518099467","0.924603"
"1518099467","2171910301","0.924603"
"2171910301","1518099467","0.924603"
"1518099467","67662832","0.924603"
"67662832","1518099467","0.924603"
"1529617944","1535019668","0.924603"
"1535019668","1529617944","0.924603"
"1535019668","1994301803","0.924603"
"1994301803","1535019668","0.924603"
"1535019668","2119211421","0.924603"
"2119211421","1535019668","0.924603"
"1535019668","2171910301","1.9246"
"2171910301","1535019668","1.9246"
"1535019668","67662832","0.924603"
"67662832","1535019668","0.924603"
"1504163381","2098231756","0.111111"
"2098231756","1504163381","0.111111"
"1518099467","2098231756","0.111111"
"2098231756","1518099467","0.111111"
"1535019668","2098231756","0.111111"
"2098231756","1535019668","0.111111"
"1994301803","2098231756","0.611111"
"2098231756","1994301803","0.611111"
"2098231756","67662832","0.111111"
"67662832","2098231756","0.111111"
"1496366168","2794376480","0.25"
"2794376480","1496366168","0.25"
"1504163381","2794376480","0.25"
"2794376480","1504163381","0.25"
"2119211421","2794376480","0.25"
"2794376480","2119211421","0.25"
"2171910301","2794376480","0.75"
"2794376480","2171910301","0.75"
"1955379498","2098231756","1.16667"
"2098231756","1955379498","1.16667"
"1955379498","2171910301","0.366667"
"2171910301","1955379498","0.366667"
"1874987659","2171910301","0.253968"
"2171910301","1874987659","0.253968"
"1503561778","1522984974","6.30758"
"1522984974","1503561778","6.30758"
"1522984974","1607910667","4.80758"
"1607910667","1522984974","4.80758"
"1503561778","1993871915","0.2"
"1993871915","1503561778","0.2"
"1503561778","2054997481","0.857576"
"2054997481","1503561778","0.857576"
"1522984974","1993871915","0.2"
"1993871915","1522984974","0.2"
"1522984974","2050891512","1.26667"
"2050891512","1522984974","1.26667"
"1522984974","2054997481","0.357576"
"2054997481","1522984974","0.357576"
"1607910667","1993871915","0.2"
"1993871915","1607910667","0.2"
"1607910667","2054997481","0.857576"
"2054997481","1607910667","0.857576"
"1993871915","2050891512","0.2"
"2050891512","1993871915","0.2"
"1993871915","2054997481","14.119"
"2054997481","1993871915","14.119"
"2050891512","2054997481","0.377778"
"2054997481","2050891512","0.377778"
"1503561778","2098231756","1.75"
"2098231756","1503561778","1.75"
"1522984974","2098231756","1.75"
"2098231756","1522984974","1.75"
"1503561778","2046287143","0.2"
"2046287143","1503561778","0.2"
"1522984974","185696137","0.2"
"185696137","1522984974","0.2"
"1522984974","2046287143","0.2"
"2046287143","1522984974","0.2"
"1522984974","2072190968","0.516667"
"2072190968","1522984974","0.516667"
"1607910667","2046287143","0.2"
"2046287143","1607910667","0.2"
"185696137","2046287143","0.2"
"2046287143","185696137","0.2"
"2046287143","2072190968","5.2"
"2072190968","2046287143","5.2"
"1607910667","2098231756","1.25"
"2098231756","1607910667","1.25"
"1503561778","2067439036","0.333333"
"2067439036","1503561778","0.333333"
"1503561778","2113947050","0.333333"
"2113947050","1503561778","0.333333"
"1607910667","2067439036","0.333333"
"2067439036","1607910667","0.333333"
"1607910667","2113947050","0.333333"
"2113947050","1607910667","0.333333"
"2067439036","2113947050","8.80952"
"2113947050","2067439036","8.80952"
"1503561778","1535296259","0.157576"
"1535296259","1503561778","0.157576"
"1503561778","1591365838","0.0909091"
"1591365838","1503561778","0.0909091"
"1503561778","1604951479","0.0909091"
"1604951479","1503561778","0.0909091"
"1503561778","195334787","0.157576"
"195334787","1503561778","0.157576"
"1503561778","1966973805","0.157576"
"1966973805","1503561778","0.157576"
"1503561778","2084357467","0.157576"
"2084357467","1503561778","0.157576"
"1503561778","2094280778","0.157576"
"2094280778","1503561778","0.157576"
"1522984974","1535296259","0.157576"
"1535296259","1522984974","0.157576"
"1522984974","1591365838","0.924242"
"1591365838","1522984974","0.924242"
"1522984974","1604951479","0.924242"
"1604951479","1522984974","0.924242"
"1522984974","195334787","0.157576"
"195334787","1522984974","0.157576"
"1522984974","1966973805","0.157576"
"1966973805","1522984974","0.157576"
"1522984974","1988665168","0.657576"
"1988665168","1522984974","0.657576"
"1522984974","2084357467","0.657576"
"2084357467","1522984974","0.657576"
"1522984974","2094280778","0.157576"
"2094280778","1522984974","0.157576"
"1535296259","1591365838","0.0909091"
"1591365838","1535296259","0.0909091"
"1535296259","1604951479","0.0909091"
"1604951479","1535296259","0.0909091"
"1535296259","1607910667","0.157576"
"1607910667","1535296259","0.157576"
"1535296259","195334787","1.42424"
"195334787","1535296259","1.42424"
"1535296259","1966973805","0.757576"
"1966973805","1535296259","0.757576"
"1535296259","1988665168","1.09091"
"1988665168","1535296259","1.09091"
"1535296259","2054997481","0.157576"
"2054997481","1535296259","0.157576"
"1535296259","2084357467","3.25758"
"2084357467","1535296259","3.25758"
"1535296259","2094280778","1.72424"
"2094280778","1535296259","1.72424"
"1591365838","1604951479","2.42424"
"1604951479","1591365838","2.42424"
"1591365838","1607910667","0.590909"
"1607910667","1591365838","0.590909"
"1591365838","195334787","0.0909091"
"195334787","1591365838","0.0909091"
"1591365838","1966973805","0.0909091"
"1966973805","1591365838","0.0909091"
"1591365838","1988665168","0.0909091"
"1988665168","1591365838","0.0909091"
"1591365838","2054997481","0.0909091"
"2054997481","1591365838","0.0909091"
"1591365838","2084357467","0.0909091"
"2084357467","1591365838","0.0909091"
"1591365838","2094280778","0.0909091"
"2094280778","1591365838","0.0909091"
"1604951479","1607910667","0.590909"
"1607910667","1604951479","0.590909"
"1604951479","195334787","0.0909091"
"195334787","1604951479","0.0909091"
"1604951479","1966973805","0.0909091"
"1966973805","1604951479","0.0909091"
"1604951479","1988665168","0.0909091"
"1988665168","1604951479","0.0909091"
"1604951479","2054997481","0.0909091"
"2054997481","1604951479","0.0909091"
"1604951479","2084357467","0.0909091"
"2084357467","1604951479","0.0909091"
"1604951479","2094280778","0.0909091"
"2094280778","1604951479","0.0909091"
"1607910667","195334787","0.157576"
"195334787","1607910667","0.157576"
"1607910667","1966973805","0.157576"
"1966973805","1607910667","0.157576"
"1607910667","2084357467","0.157576"
"2084357467","1607910667","0.157576"
"1607910667","2094280778","0.157576"
"2094280778","1607910667","0.157576"
"195334787","2054997481","0.157576"
"2054997481","195334787","0.157576"
"195334787","2094280778","1.14091"
"2094280778","195334787","1.14091"
"1966973805","2054997481","0.157576"
"2054997481","1966973805","0.157576"
"1966973805","2094280778","0.807576"
"2094280778","1966973805","0.807576"
"1988665168","2054997481","0.157576"
"2054997481","1988665168","0.157576"
"1988665168","2094280778","3.5671"
"2094280778","1988665168","3.5671"
"2054997481","2084357467","0.157576"
"2084357467","2054997481","0.157576"
"2054997481","2094280778","0.157576"
"2094280778","2054997481","0.157576"
"2084357467","2094280778","6.25758"
"2094280778","2084357467","6.25758"
"1503561778","1991768762","0.0666667"
"1991768762","1503561778","0.0666667"
"1503561778","2613744000","0.0666667"
"2613744000","1503561778","0.0666667"
"1522984974","1980975236","0.0666667"
"1980975236","1522984974","0.0666667"
"1522984974","1991768762","0.0666667"
"1991768762","1522984974","0.0666667"
"1522984974","2155750326","0.0666667"
"2155750326","1522984974","0.0666667"
"1522984974","2613744000","0.0666667"
"2613744000","1522984974","0.0666667"
"1535296259","1980975236","0.4"
"1980975236","1535296259","0.4"
"1535296259","1991768762","0.0666667"
"1991768762","1535296259","0.0666667"
"1535296259","2050891512","0.0666667"
"2050891512","1535296259","0.0666667"
"1535296259","2072190968","0.0666667"
"2072190968","1535296259","0.0666667"
"1535296259","2155750326","0.266667"
"2155750326","1535296259","0.266667"
"1535296259","2613744000","0.0666667"
"2613744000","1535296259","0.0666667"
"1607910667","1991768762","0.0666667"
"1991768762","1607910667","0.0666667"
"1607910667","2613744000","0.0666667"
"2613744000","1607910667","0.0666667"
"195334787","1980975236","0.566667"
"1980975236","195334787","0.566667"
"195334787","1991768762","0.0666667"
"1991768762","195334787","0.0666667"
"195334787","2050891512","0.0666667"
"2050891512","195334787","0.0666667"
"195334787","2072190968","0.566667"
"2072190968","195334787","0.566667"
"195334787","2155750326","2.26667"
"2155750326","195334787","2.26667"
"195334787","2613744000","0.0666667"
"2613744000","195334787","0.0666667"
"1966973805","1980975236","1.56667"
"1980975236","1966973805","1.56667"
"1966973805","1991768762","0.0666667"
"1991768762","1966973805","0.0666667"
"1966973805","2050891512","0.0666667"
"2050891512","1966973805","0.0666667"
"1966973805","2072190968","0.0666667"
"2072190968","1966973805","0.0666667"
"1966973805","2155750326","1.76667"
"2155750326","1966973805","1.76667"
"1966973805","2613744000","0.0666667"
"2613744000","1966973805","0.0666667"
"1980975236","1991768762","2.06667"
"1991768762","1980975236","2.06667"
"1980975236","2054997481","0.0666667"
"2054997481","1980975236","0.0666667"
"1980975236","2084357467","0.9"
"2084357467","1980975236","0.9"
"1980975236","2094280778","0.0666667"
"2094280778","1980975236","0.0666667"
"1980975236","2613744000","0.0666667"
"2613744000","1980975236","0.0666667"
"1988665168","1991768762","0.0666667"
"1991768762","1988665168","0.0666667"
"1988665168","2613744000","0.0666667"
"2613744000","1988665168","0.0666667"
"1991768762","2050891512","0.0666667"
"2050891512","1991768762","0.0666667"
"1991768762","2054997481","0.0666667"
"2054997481","1991768762","0.0666667"
"1991768762","2072190968","1.06667"
"2072190968","1991768762","1.06667"
"1991768762","2084357467","0.0666667"
"2084357467","1991768762","0.0666667"
"1991768762","2094280778","0.0666667"
"2094280778","1991768762","0.0666667"
"1991768762","2155750326","0.0666667"
"2155750326","1991768762","0.0666667"
"1991768762","2613744000","0.0666667"
"2613744000","1991768762","0.0666667"
"2050891512","2084357467","0.0666667"
"2084357467","2050891512","0.0666667"
"2050891512","2094280778","0.0666667"
"2094280778","2050891512","0.0666667"
"2050891512","2613744000","0.0666667"
"2613744000","2050891512","0.0666667"
"2054997481","2072190968","0.177778"
"2072190968","2054997481","0.177778"
"2054997481","2155750326","0.0666667"
"2155750326","2054997481","0.0666667"
"2054997481","2613744000","0.0666667"
"2613744000","2054997481","0.0666667"
"2072190968","2084357467","0.0666667"
"2084357467","2072190968","0.0666667"
"2072190968","2094280778","0.0666667"
"2094280778","2072190968","0.0666667"
"2072190968","2613744000","0.0666667"
"2613744000","2072190968","0.0666667"
"2084357467","2155750326","1.35"
"2155750326","2084357467","1.35"
"2084357467","2613744000","0.0666667"
"2613744000","2084357467","0.0666667"
"2094280778","2155750326","1.79286"
"2155750326","2094280778","1.79286"
"2094280778","2613744000","0.0666667"
"2613744000","2094280778","0.0666667"
"2155750326","2613744000","0.0666667"
"2613744000","2155750326","0.0666667"
"1503561778","1533114902","0.5"
"1533114902","1503561778","0.5"
"1503561778","1794826094","0.5"
"1794826094","1503561778","0.5"
"1533114902","1794826094","10.1968"
"1794826094","1533114902","10.1968"
"2072190968","2098231756","2.75"
"2098231756","2072190968","2.75"
"1504163381","1591365838","0.166667"
"1591365838","1504163381","0.166667"
"1504163381","2081776774","0.166667"
"2081776774","1504163381","0.166667"
"1529617944","1591365838","0.166667"
"1591365838","1529617944","0.166667"
"1529617944","2081776774","0.166667"
"2081776774","1529617944","0.166667"
"1591365838","1994301803","1.5"
"1994301803","1591365838","1.5"
"1591365838","2119211421","0.166667"
"2119211421","1591365838","0.166667"
"1591365838","2171910301","1.16667"
"2171910301","1591365838","1.16667"
"1994301803","2081776774","0.666667"
"2081776774","1994301803","0.666667"
"2081776774","2119211421","0.166667"
"2119211421","2081776774","0.166667"
"2081776774","2171910301","1.16667"
"2171910301","2081776774","1.16667"
"1510355928","2081776774","0.47619"
"2081776774","1510355928","0.47619"
"1510355928","2613744000","0.916667"
"2613744000","1510355928","0.916667"
"2081776774","2156843716","0.97619"
"2156843716","2081776774","0.97619"
"2081776774","2613744000","0.333333"
"2613744000","2081776774","0.333333"
"2156843716","2613744000","0.916667"
"2613744000","2156843716","0.916667"
"1510355928","1591365838","4.91667"
"1591365838","1510355928","4.91667"
"1591365838","2156843716","4.08333"
"2156843716","1591365838","4.08333"
"1510355928","2067439036","0.642857"
"2067439036","1510355928","0.642857"
"1510355928","2094280778","0.142857"
"2094280778","1510355928","0.142857"
"1510355928","2113947050","0.642857"
"2113947050","1510355928","0.642857"
"1510355928","2155750326","0.142857"
"2155750326","1510355928","0.142857"
"1988665168","2067439036","0.142857"
"2067439036","1988665168","0.142857"
"1988665168","2081776774","0.142857"
"2081776774","1988665168","0.142857"
"1988665168","2113947050","0.142857"
"2113947050","1988665168","0.142857"
"2067439036","2081776774","0.142857"
"2081776774","2067439036","0.142857"
"2067439036","2094280778","0.142857"
"2094280778","2067439036","0.142857"
"2067439036","2155750326","0.142857"
"2155750326","2067439036","0.142857"
"2067439036","2156843716","0.142857"
"2156843716","2067439036","0.142857"
"2081776774","2094280778","0.142857"
"2094280778","2081776774","0.142857"
"2081776774","2113947050","1.14286"
"2113947050","2081776774","1.14286"
"2081776774","2155750326","0.142857"
"2155750326","2081776774","0.142857"
"2094280778","2113947050","0.142857"
"2113947050","2094280778","0.142857"
"2094280778","2156843716","0.142857"
"2156843716","2094280778","0.142857"
"2113947050","2155750326","0.142857"
"2155750326","2113947050","0.142857"
"2113947050","2156843716","0.142857"
"2156843716","2113947050","0.142857"
"2155750326","2156843716","0.142857"
"2156843716","2155750326","0.142857"
"1510355928","2794376480","0.583333"
"2794376480","1510355928","0.583333"
"1510355928","2969529490","0.333333"
"2969529490","1510355928","0.333333"
"1591365838","2794376480","1.58333"
"2794376480","1591365838","1.58333"
"1591365838","2969529490","0.333333"
"2969529490","1591365838","0.333333"
"2794376480","2969529490","0.333333"
"2969529490","2794376480","0.333333"
"1591365838","2613744000","0.916667"
"2613744000","1591365838","0.916667"
"2156843716","2794376480","0.25"
"2794376480","2156843716","0.25"
"2613744000","2794376480","4.25"
"2794376480","2613744000","4.25"
"1510355928","2171910301","1"
"2171910301","1510355928","1"
"1510355928","2759308881","1"
"2759308881","1510355928","1"
"1518099467","1980975236","0.142857"
"1980975236","1518099467","0.142857"
"1535019668","1980975236","0.642857"
"1980975236","1535019668","0.642857"
"1980975236","2171910301","0.142857"
"2171910301","1980975236","0.142857"
"1518099467","2050891512","0.5"
"2050891512","1518099467","0.5"
"1518099467","1558663790","0.142857"
"1558663790","1518099467","0.142857"
"1518099467","1955379498","0.142857"
"1955379498","1518099467","0.142857"
"1518099467","2098091886","0.142857"
"2098091886","1518099467","0.142857"
"1518099467","2182666325","0.142857"
"2182666325","1518099467","0.142857"
"1518099467","2401896332","0.142857"
"2401896332","1518099467","0.142857"
"1535019668","1558663790","0.142857"
"1558663790","1535019668","0.142857"
"1535019668","1955379498","0.142857"
"1955379498","1535019668","0.142857"
"1535019668","2098091886","0.142857"
"2098091886","1535019668","0.142857"
"1535019668","2182666325","0.142857"
"2182666325","1535019668","0.142857"
"1535019668","2401896332","0.142857"
"2401896332","1535019668","0.142857"
"1558663790","1874987659","0.142857"
"1874987659","1558663790","0.142857"
"1558663790","1955379498","0.642857"
"1955379498","1558663790","0.642857"
"1558663790","2098091886","0.142857"
"2098091886","1558663790","0.142857"
"1558663790","2182666325","0.142857"
"2182666325","1558663790","0.142857"
"1874987659","2182666325","0.142857"
"2182666325","1874987659","0.142857"
"1874987659","2401896332","0.142857"
"2401896332","1874987659","0.142857"
"1955379498","2182666325","0.642857"
"2182666325","1955379498","0.642857"
"1955379498","2401896332","0.642857"
"2401896332","1955379498","0.642857"
"2098091886","2182666325","9.14286"
"2182666325","2098091886","9.14286"
"2098091886","2401896332","0.142857"
"2401896332","2098091886","0.142857"
"2182666325","2401896332","0.142857"
"2401896332","2182666325","0.142857"
"1522984974","2113947050","1.33333"
"2113947050","1522984974","1.33333"
"1591365838","2113947050","0.333333"
"2113947050","1591365838","0.333333"
"1604951479","2113947050","0.333333"
"2113947050","1604951479","0.333333"
"2050891512","2113947050","1.83333"
"2113947050","2050891512","1.83333"
"1533114902","1551219252","2.54683"
"1551219252","1533114902","2.54683"
"1533114902","164121321","1.38016"
"164121321","1533114902","1.38016"
"1551219252","164121321","1.46349"
"164121321","1551219252","1.46349"
"1551219252","1794826094","3.78016"
"1794826094","1551219252","3.78016"
"164121321","1794826094","2.36349"
"1794826094","164121321","2.36349"
"1533114902","1993871915","3.71905"
"1993871915","1533114902","3.71905"
"1533114902","2092982915","2.08016"
"2092982915","1533114902","2.08016"
"1993871915","2092982915","3.16905"
"2092982915","1993871915","3.16905"
"1533114902","2098091886","0.333333"
"2098091886","1533114902","0.333333"
"1551219252","2098091886","0.333333"
"2098091886","1551219252","0.333333"
"1794826094","2098091886","0.333333"
"2098091886","1794826094","0.333333"
"1533114902","2054997481","2.96349"
"2054997481","1533114902","2.96349"
"1551219252","1993871915","1.33571"
"1993871915","1551219252","1.33571"
"1551219252","2054997481","1.78016"
"2054997481","1551219252","1.78016"
"1551219252","2092982915","0.996825"
"2092982915","1551219252","0.996825"
"1794826094","1993871915","2.28571"
"1993871915","1794826094","2.28571"
"1794826094","2054997481","2.03016"
"2054997481","1794826094","2.03016"
"1794826094","2092982915","1.94683"
"2092982915","1794826094","1.94683"
"2054997481","2092982915","3.08016"
"2092982915","2054997481","3.08016"
"1533114902","1560377896","0.685714"
"1560377896","1533114902","0.685714"
"1551219252","1560377896","1.31905"
"1560377896","1551219252","1.31905"
"1560377896","164121321","4.41905"
"164121321","1560377896","4.41905"
"1560377896","1794826094","1.71905"
"1794826094","1560377896","1.71905"
"1560377896","1993871915","1.18571"
"1993871915","1560377896","1.18571"
"1560377896","2054997481","0.485714"
"2054997481","1560377896","0.485714"
"1560377896","2092982915","4.18571"
"2092982915","1560377896","4.18571"
"164121321","1993871915","1.38571"
"1993871915","164121321","1.38571"
"164121321","2054997481","1.29683"
"2054997481","164121321","1.29683"
"164121321","2092982915","2.49683"
"2092982915","164121321","2.49683"
"1533114902","185696137","0.811111"
"185696137","1533114902","0.811111"
"1533114902","2072190968","0.811111"
"2072190968","1533114902","0.811111"
"1591365838","185696137","0.5"
"185696137","1591365838","0.5"
"1591365838","2072190968","0.5"
"2072190968","1591365838","0.5"
"185696137","2081776774","0.25"
"2081776774","185696137","0.25"
"2072190968","2081776774","0.25"
"2081776774","2072190968","0.25"
"1533114902","2050891512","0.111111"
"2050891512","1533114902","0.111111"
"1533114902","2571663906","0.111111"
"2571663906","1533114902","0.111111"
"1551219252","185696137","0.111111"
"185696137","1551219252","0.111111"
"1551219252","2050891512","0.111111"
"2050891512","1551219252","0.111111"
"1551219252","2072190968","0.111111"
"2072190968","1551219252","0.111111"
"1551219252","2571663906","0.111111"
"2571663906","1551219252","0.111111"
"164121321","185696137","1.56111"
"185696137","164121321","1.56111"
"164121321","2050891512","0.111111"
"2050891512","164121321","0.111111"
"164121321","2072190968","0.561111"
"2072190968","164121321","0.561111"
"164121321","2571663906","0.111111"
"2571663906","164121321","0.111111"
"1794826094","185696137","0.311111"
"185696137","1794826094","0.311111"
"1794826094","2050891512","0.111111"
"2050891512","1794826094","0.111111"
"1794826094","2072190968","0.311111"
"2072190968","1794826094","0.311111"
"1794826094","2571663906","0.111111"
"2571663906","1794826094","0.111111"
"185696137","2054997481","0.111111"
"2054997481","185696137","0.111111"
"185696137","2092982915","0.111111"
"2092982915","185696137","0.111111"
"185696137","2571663906","0.111111"
"2571663906","185696137","0.111111"
"2050891512","2092982915","0.111111"
"2092982915","2050891512","0.111111"
"2050891512","2571663906","0.111111"
"2571663906","2050891512","0.111111"
"2054997481","2571663906","1.11111"
"2571663906","2054997481","1.11111"
"2072190968","2092982915","0.111111"
"2092982915","2072190968","0.111111"
"2072190968","2571663906","0.111111"
"2571663906","2072190968","0.111111"
"2092982915","2571663906","0.111111"
"2571663906","2092982915","0.111111"
"1591365838","164121321","0.25"
"164121321","1591365838","0.25"
"1560377896","185696137","0.2"
"185696137","1560377896","0.2"
"1560377896","2072190968","0.2"
"2072190968","1560377896","0.2"
"1535019668","195334787","0.5"
"195334787","1535019668","0.5"
"1535296259","2168969239","2.66667"
"2168969239","1535296259","2.66667"
"1535296259","2098231756","0.333333"
"2098231756","1535296259","0.333333"
"195334787","2098231756","0.333333"
"2098231756","195334787","0.333333"
"195334787","2168969239","0.333333"
"2168969239","195334787","0.333333"
"2098231756","2168969239","0.333333"
"2168969239","2098231756","0.333333"
"1980975236","2168969239","0.333333"
"2168969239","1980975236","0.333333"
"2084357467","2168969239","4"
"2168969239","2084357467","4"
"1553505364","2735625533","11.5"
"2735625533","1553505364","11.5"
"1553505364","2969529490","0.5"
"2969529490","1553505364","0.5"
"2735625533","2969529490","0.5"
"2969529490","2735625533","0.5"
"1560377896","1988665168","0.2"
"1988665168","1560377896","0.2"
"1560377896","2084357467","0.2"
"2084357467","1560377896","0.2"
"1560377896","2094280778","0.2"
"2094280778","1560377896","0.2"
"164121321","1988665168","0.2"
"1988665168","164121321","0.2"
"164121321","2084357467","0.2"
"2084357467","164121321","0.2"
"164121321","2094280778","0.2"
"2094280778","164121321","0.2"
"1988665168","2092982915","0.2"
"2092982915","1988665168","0.2"
"2084357467","2092982915","0.2"
"2092982915","2084357467","0.2"
"2092982915","2094280778","0.2"
"2094280778","2092982915","0.2"
"1591365838","1955379498","0.333333"
"1955379498","1591365838","0.333333"
"1955379498","2613744000","0.333333"
"2613744000","1955379498","0.333333"
"1994301803","2613744000","0.333333"
"2613744000","1994301803","0.333333"
