"1487596382","2622005089","5.01667"
"2622005089","1487596382","5.01667"
"1487596382","1999070506","2.51667"
"1999070506","1487596382","2.51667"
"1487596382","2164454204","0.433333"
"2164454204","1487596382","0.433333"
"1999070506","2164454204","1.8"
"2164454204","1999070506","1.8"
"1999070506","2622005089","9.25"
"2622005089","1999070506","9.25"
"2164454204","2622005089","3.16472"
"2622005089","2164454204","3.16472"
"1487596382","2072995744","2.51667"
"2072995744","1487596382","2.51667"
"1487596382","2142710768","2.75"
"2142710768","1487596382","2.75"
"1999070506","2072995744","0.516667"
"2072995744","1999070506","0.516667"
"1999070506","2142710768","3.08333"
"2142710768","1999070506","3.08333"
"2072995744","2142710768","2.5"
"2142710768","2072995744","2.5"
"2072995744","2622005089","2.8"
"2622005089","2072995744","2.8"
"2142710768","2622005089","14.381"
"2622005089","2142710768","14.381"
"1487596382","1999113424","0.266667"
"1999113424","1487596382","0.266667"
"1487596382","2156966384","0.266667"
"2156966384","1487596382","0.266667"
"1999070506","1999113424","0.8"
"1999113424","1999070506","0.8"
"1999070506","2156966384","3.46667"
"2156966384","1999070506","3.46667"
"1999113424","2072995744","0.266667"
"2072995744","1999113424","0.266667"
"1999113424","2142710768","0.214286"
"2142710768","1999113424","0.214286"
"1999113424","2156966384","1.08139"
"2156966384","1999113424","1.08139"
"1999113424","2622005089","1.42424"
"2622005089","1999113424","1.42424"
"2072995744","2156966384","0.266667"
"2156966384","2072995744","0.266667"
"2142710768","2156966384","0.214286"
"2156966384","2142710768","0.214286"
"2156966384","2622005089","3.74805"
"2622005089","2156966384","3.74805"
"1487596382","2071242924","0.433333"
"2071242924","1487596382","0.433333"
"1999070506","2071242924","5.38333"
"2071242924","1999070506","5.38333"
"2071242924","2622005089","0.883333"
"2622005089","2071242924","0.883333"
"1487596382","1980955479","0.1"
"1980955479","1487596382","0.1"
"1487596382","2013333366","0.1"
"2013333366","1487596382","0.1"
"1487596382","2149783190","0.1"
"2149783190","1487596382","0.1"
"1980955479","1999070506","0.1"
"1999070506","1980955479","0.1"
"1980955479","1999113424","0.147619"
"1999113424","1980955479","0.147619"
"1980955479","2013333366","9.1"
"2013333366","1980955479","9.1"
"1980955479","2071242924","0.35"
"2071242924","1980955479","0.35"
"1980955479","2072995744","0.85"
"2072995744","1980955479","0.85"
"1980955479","2149783190","0.1"
"2149783190","1980955479","0.1"
"1980955479","2156966384","0.147619"
"2156966384","1980955479","0.147619"
"1980955479","2164454204","0.647619"
"2164454204","1980955479","0.647619"
"1980955479","2622005089","0.230952"
"2622005089","1980955479","0.230952"
"1999070506","2013333366","0.1"
"2013333366","1999070506","0.1"
"1999070506","2149783190","0.1"
"2149783190","1999070506","0.1"
"1999113424","2013333366","0.1"
"2013333366","1999113424","0.1"
"1999113424","2071242924","0.3"
"2071242924","1999113424","0.3"
"1999113424","2149783190","0.1"
"2149783190","1999113424","0.1"
"1999113424","2164454204","0.748052"
"2164454204","1999113424","0.748052"
"2013333366","2071242924","0.35"
"2071242924","2013333366","0.35"
"2013333366","2072995744","0.85"
"2072995744","2013333366","0.85"
"2013333366","2149783190","0.1"
"2149783190","2013333366","0.1"
"2013333366","2156966384","0.1"
"2156966384","2013333366","0.1"
"2013333366","2164454204","0.6"
"2164454204","2013333366","0.6"
"2013333366","2622005089","0.1"
"2622005089","2013333366","0.1"
"2071242924","2072995744","0.35"
"2072995744","2071242924","0.35"
"2071242924","2149783190","0.1"
"2149783190","2071242924","0.1"
"2071242924","2156966384","0.55"
"2156966384","2071242924","0.55"
"2071242924","2164454204","3.05"
"2164454204","2071242924","3.05"
"2072995744","2149783190","1.3"
"2149783190","2072995744","1.3"
"2072995744","2164454204","0.35"
"2164454204","2072995744","0.35"
"2149783190","2156966384","0.1"
"2156966384","2149783190","0.1"
"2149783190","2164454204","0.1"
"2164454204","2149783190","0.1"
"2149783190","2622005089","0.3"
"2622005089","2149783190","0.3"
"2156966384","2164454204","1.24805"
"2164454204","2156966384","1.24805"
"1487596382","1501551450","0.0555556"
"1501551450","1487596382","0.0555556"
"1487596382","1522929576","0.0555556"
"1522929576","1487596382","0.0555556"
"1487596382","1592378263","0.0555556"
"1592378263","1487596382","0.0555556"
"1487596382","1844487989","0.0555556"
"1844487989","1487596382","0.0555556"
"1487596382","1963619741","0.0555556"
"1963619741","1487596382","0.0555556"
"1487596382","1976707215","0.0555556"
"1976707215","1487596382","0.0555556"
"1487596382","2033201493","0.0555556"
"2033201493","1487596382","0.0555556"
"1487596382","2081588298","0.0555556"
"2081588298","1487596382","0.0555556"
"1487596382","2096109431","0.0555556"
"2096109431","1487596382","0.0555556"
"1487596382","2111398081","0.0555556"
"2111398081","1487596382","0.0555556"
"1487596382","2119368079","0.0555556"
"2119368079","1487596382","0.0555556"
"1487596382","2129558680","0.0555556"
"2129558680","1487596382","0.0555556"
"1487596382","2134161546","0.0555556"
"2134161546","1487596382","0.0555556"
"1487596382","2149833616","0.0555556"
"2149833616","1487596382","0.0555556"
"1487596382","2165193650","0.0555556"
"2165193650","1487596382","0.0555556"
"1487596382","2172207436","0.0555556"
"2172207436","1487596382","0.0555556"
"1487596382","2558648780","0.0555556"
"2558648780","1487596382","0.0555556"
"1487596382","93792061","0.0555556"
"93792061","1487596382","0.0555556"
"1501551450","1522929576","0.132479"
"1522929576","1501551450","0.132479"
"1501551450","1592378263","2.0048"
"1592378263","1501551450","2.0048"
"1501551450","1844487989","0.322955"
"1844487989","1501551450","0.322955"
"1501551450","1963619741","0.396465"
"1963619741","1501551450","0.396465"
"1501551450","1976707215","0.513889"
"1976707215","1501551450","0.513889"
"1501551450","2033201493","0.473388"
"2033201493","1501551450","0.473388"
"1501551450","2081588298","1.21389"
"2081588298","1501551450","1.21389"
"1501551450","2096109431","0.346764"
"2096109431","1501551450","0.346764"
"1501551450","2111398081","0.313131"
"2111398081","1501551450","0.313131"
"1501551450","2119368079","0.380098"
"2119368079","1501551450","0.380098"
"1501551450","2129558680","3.89766"
"2129558680","1501551450","3.89766"
"1501551450","2134161546","0.322955"
"2134161546","1501551450","0.322955"
"1501551450","2149833616","0.0555556"
"2149833616","1501551450","0.0555556"
"1501551450","2165193650","0.322955"
"2165193650","1501551450","0.322955"
"1501551450","2172207436","0.0555556"
"2172207436","1501551450","0.0555556"
"1501551450","2558648780","4.84766"
"2558648780","1501551450","4.84766"
"1501551450","93792061","0.180556"
"93792061","1501551450","0.180556"
"1522929576","1592378263","0.0555556"
"1592378263","1522929576","0.0555556"
"1522929576","1844487989","1.4543"
"1844487989","1522929576","1.4543"
"1522929576","1963619741","0.842857"
"1963619741","1522929576","0.842857"
"1522929576","1976707215","0.0555556"
"1976707215","1522929576","0.0555556"
"1522929576","2033201493","2.0043"
"2033201493","1522929576","2.0043"
"1522929576","2081588298","0.0555556"
"2081588298","1522929576","0.0555556"
"1522929576","2096109431","1.08764"
"2096109431","1522929576","1.08764"
"1522929576","2111398081","0.842857"
"2111398081","1522929576","0.842857"
"1522929576","2119368079","0.232479"
"2119368079","1522929576","0.232479"
"1522929576","2129558680","0.488889"
"2129558680","1522929576","0.488889"
"1522929576","2134161546","2.2043"
"2134161546","1522929576","2.2043"
"1522929576","2149833616","0.0555556"
"2149833616","1522929576","0.0555556"
"1522929576","2165193650","0.978114"
"2165193650","1522929576","0.978114"
"1522929576","2172207436","0.0555556"
"2172207436","1522929576","0.0555556"
"1522929576","2558648780","0.0555556"
"2558648780","1522929576","0.0555556"
"1522929576","93792061","0.555556"
"93792061","1522929576","0.555556"
"1592378263","1844487989","0.0555556"
"1844487989","1592378263","0.0555556"
"1592378263","1963619741","0.146465"
"1963619741","1592378263","0.146465"
"1592378263","1976707215","0.180556"
"1976707215","1592378263","0.180556"
"1592378263","2033201493","0.396465"
"2033201493","1592378263","0.396465"
"1592378263","2081588298","0.963889"
"2081588298","1592378263","0.963889"
"1592378263","2096109431","0.0555556"
"2096109431","1592378263","0.0555556"
"1592378263","2111398081","0.146465"
"2111398081","1592378263","0.146465"
"1592378263","2119368079","0.0555556"
"2119368079","1592378263","0.0555556"
"1592378263","2129558680","2.13813"
"2129558680","1592378263","2.13813"
"1592378263","2134161546","0.0555556"
"2134161546","1592378263","0.0555556"
"1592378263","2149833616","0.0555556"
"2149833616","1592378263","0.0555556"
"1592378263","2165193650","0.0555556"
"2165193650","1592378263","0.0555556"
"1592378263","2172207436","0.0555556"
"2172207436","1592378263","0.0555556"
"1592378263","2558648780","3.08813"
"2558648780","1592378263","3.08813"
"1592378263","93792061","0.180556"
"93792061","1592378263","0.180556"
"1844487989","1963619741","1.00833"
"1963619741","1844487989","1.00833"
"1844487989","1976707215","0.103175"
"1976707215","1844487989","0.103175"
"1844487989","2033201493","2.82375"
"2033201493","1844487989","2.82375"
"1844487989","2081588298","0.0555556"
"2081588298","1844487989","0.0555556"
"1844487989","2096109431","2.55629"
"2096109431","1844487989","2.55629"
"1844487989","2111398081","1.15714"
"2111398081","1844487989","1.15714"
"1844487989","2119368079","0.405098"
"2119368079","1844487989","0.405098"
"1844487989","2129558680","0.665079"
"2129558680","1844487989","0.665079"
"1844487989","2134161546","5.65589"
"2134161546","1844487989","5.65589"
"1844487989","2149833616","0.0555556"
"2149833616","1844487989","0.0555556"
"1844487989","2165193650","3.89319"
"2165193650","1844487989","3.89319"
"1844487989","2172207436","0.0555556"
"2172207436","1844487989","0.0555556"
"1844487989","2558648780","0.446032"
"2558648780","1844487989","0.446032"
"1844487989","93792061","0.103175"
"93792061","1844487989","0.103175"
"1963619741","1976707215","0.436508"
"1976707215","1963619741","0.436508"
"1963619741","2033201493","2.07543"
"2033201493","1963619741","2.07543"
"1963619741","2081588298","0.0555556"
"2081588298","1963619741","0.0555556"
"1963619741","2096109431","0.975"
"2096109431","1963619741","0.975"
"1963619741","2111398081","2.92424"
"2111398081","1963619741","2.92424"
"1963619741","2119368079","0.555556"
"2119368079","1963619741","0.555556"
"1963619741","2129558680","0.396465"
"2129558680","1963619741","0.396465"
"1963619741","2134161546","1.59167"
"2134161546","1963619741","1.59167"
"1963619741","2149833616","0.0555556"
"2149833616","1963619741","0.0555556"
"1963619741","2165193650","0.817857"
"2165193650","1963619741","0.817857"
"1963619741","2172207436","0.0555556"
"2172207436","1963619741","0.0555556"
"1963619741","2558648780","0.777417"
"2558648780","1963619741","0.777417"
"1963619741","93792061","0.686508"
"93792061","1963619741","0.686508"
"1976707215","2033201493","0.103175"
"2033201493","1976707215","0.103175"
"1976707215","2081588298","0.180556"
"2081588298","1976707215","0.180556"
"1976707215","2096109431","0.103175"
"2096109431","1976707215","0.103175"
"1976707215","2111398081","0.103175"
"2111398081","1976707215","0.103175"
"1976707215","2119368079","0.722222"
"2119368079","1976707215","0.722222"
"1976707215","2129558680","0.180556"
"2129558680","1976707215","0.180556"
"1976707215","2134161546","0.103175"
"2134161546","1976707215","0.103175"
"1976707215","2149833616","0.0555556"
"2149833616","1976707215","0.0555556"
"1976707215","2165193650","0.0555556"
"2165193650","1976707215","0.0555556"
"1976707215","2172207436","0.0555556"
"2172207436","1976707215","0.0555556"
"1976707215","2558648780","0.228175"
"2558648780","1976707215","0.228175"
"1976707215","93792061","4.64484"
"93792061","1976707215","4.64484"
"2033201493","2081588298","0.0555556"
"2081588298","2033201493","0.0555556"
"2033201493","2096109431","2.36422"
"2096109431","2033201493","2.36422"
"2033201493","2111398081","2.14091"
"2111398081","2033201493","2.14091"
"2033201493","2119368079","2.06581"
"2119368079","2033201493","2.06581"
"2033201493","2129558680","0.496465"
"2129558680","2033201493","0.496465"
"2033201493","2134161546","9.74042"
"2134161546","2033201493","9.74042"
"2033201493","2149833616","0.0555556"
"2149833616","2033201493","0.0555556"
"2033201493","2165193650","2.84994"
"2165193650","2033201493","2.84994"
"2033201493","2172207436","0.0555556"
"2172207436","2033201493","0.0555556"
"2033201493","2558648780","0.194084"
"2558648780","2033201493","0.194084"
"2033201493","93792061","0.103175"
"93792061","2033201493","0.103175"
"2081588298","2096109431","0.0555556"
"2096109431","2081588298","0.0555556"
"2081588298","2111398081","0.0555556"
"2111398081","2081588298","0.0555556"
"2081588298","2119368079","0.0555556"
"2119368079","2081588298","0.0555556"
"2081588298","2129558680","0.763889"
"2129558680","2081588298","0.763889"
"2081588298","2134161546","0.0555556"
"2134161546","2081588298","0.0555556"
"2081588298","2149833616","0.0555556"
"2149833616","2081588298","0.0555556"
"2081588298","2165193650","0.0555556"
"2165193650","2081588298","0.0555556"
"2081588298","2172207436","0.0555556"
"2172207436","2081588298","0.0555556"
"2081588298","2558648780","0.963889"
"2558648780","2081588298","0.963889"
"2081588298","93792061","0.180556"
"93792061","2081588298","0.180556"
"2096109431","2111398081","0.957143"
"2111398081","2096109431","0.957143"
"2096109431","2119368079","0.446764"
"2119368079","2096109431","0.446764"
"2096109431","2129558680","0.822222"
"2129558680","2096109431","0.822222"
"2096109431","2134161546","2.94518"
"2134161546","2096109431","2.94518"
"2096109431","2149833616","0.0555556"
"2149833616","2096109431","0.0555556"
"2096109431","2165193650","1.99915"
"2165193650","2096109431","1.99915"
"2096109431","2172207436","0.0555556"
"2172207436","2096109431","0.0555556"
"2096109431","2558648780","0.603175"
"2558648780","2096109431","0.603175"
"2096109431","93792061","0.103175"
"93792061","2096109431","0.103175"
"2111398081","2119368079","0.0555556"
"2119368079","2111398081","0.0555556"
"2111398081","2129558680","0.479798"
"2129558680","2111398081","0.479798"
"2111398081","2134161546","2.32381"
"2134161546","2111398081","2.32381"
"2111398081","2149833616","0.0555556"
"2149833616","2111398081","0.0555556"
"2111398081","2165193650","0.8"
"2165193650","2111398081","0.8"
"2111398081","2172207436","0.0555556"
"2172207436","2111398081","0.0555556"
"2111398081","2558648780","0.694084"
"2558648780","2111398081","0.694084"
"2111398081","93792061","0.103175"
"93792061","2111398081","0.103175"
"2119368079","2129558680","0.355556"
"2129558680","2119368079","0.355556"
"2119368079","2134161546","1.6051"
"2134161546","2119368079","1.6051"
"2119368079","2149833616","0.555556"
"2149833616","2119368079","0.555556"
"2119368079","2165193650","0.605098"
"2165193650","2119368079","0.605098"
"2119368079","2172207436","0.555556"
"2172207436","2119368079","0.555556"
"2119368079","2558648780","0.755556"
"2558648780","2119368079","0.755556"
"2119368079","93792061","0.722222"
"93792061","2119368079","0.722222"
"2129558680","2134161546","0.665079"
"2134161546","2129558680","0.665079"
"2129558680","2149833616","0.0555556"
"2149833616","2129558680","0.0555556"
"2129558680","2165193650","0.465079"
"2165193650","2129558680","0.465079"
"2129558680","2172207436","0.0555556"
"2172207436","2129558680","0.0555556"
"2129558680","2558648780","6.51432"
"2558648780","2129558680","6.51432"
"2129558680","93792061","0.180556"
"93792061","2129558680","0.180556"
"2134161546","2149833616","0.0555556"
"2149833616","2134161546","0.0555556"
"2134161546","2165193650","3.48208"
"2165193650","2134161546","3.48208"
"2134161546","2172207436","0.0555556"
"2172207436","2134161546","0.0555556"
"2134161546","2558648780","1.44603"
"2558648780","2134161546","1.44603"
"2134161546","93792061","0.103175"
"93792061","2134161546","0.103175"
"2149833616","2165193650","0.0555556"
"2165193650","2149833616","0.0555556"
"2149833616","2172207436","1.38889"
"2172207436","2149833616","1.38889"
"2149833616","2558648780","0.0555556"
"2558648780","2149833616","0.0555556"
"2149833616","93792061","0.0555556"
"93792061","2149833616","0.0555556"
"2165193650","2172207436","0.0555556"
"2172207436","2165193650","0.0555556"
"2165193650","2558648780","0.198413"
"2558648780","2165193650","0.198413"
"2165193650","93792061","0.0555556"
"93792061","2165193650","0.0555556"
"2172207436","2558648780","0.0555556"
"2558648780","2172207436","0.0555556"
"2172207436","93792061","0.0555556"
"93792061","2172207436","0.0555556"
"2558648780","93792061","0.228175"
"93792061","2558648780","0.228175"
"1487596382","1968391024","0.25"
"1968391024","1487596382","0.25"
"1968391024","1999070506","0.25"
"1999070506","1968391024","0.25"
"1968391024","2142710768","0.25"
"2142710768","1968391024","0.25"
"1968391024","2622005089","0.25"
"2622005089","1968391024","0.25"
"1487596382","2610195107","0.25"
"2610195107","1487596382","0.25"
"1999070506","2610195107","0.25"
"2610195107","1999070506","0.25"
"2142710768","2610195107","0.25"
"2610195107","2142710768","0.25"
"2610195107","2622005089","0.25"
"2622005089","2610195107","0.25"
"1498151767","2101939980","1.30311"
"2101939980","1498151767","1.30311"
"1498151767","1972489181","0.21978"
"1972489181","1498151767","0.21978"
"1498151767","1996748299","0.303114"
"1996748299","1498151767","0.303114"
"1498151767","2247427928","0.303114"
"2247427928","1498151767","0.303114"
"1498151767","2428086900","0.46978"
"2428086900","1498151767","0.46978"
"1498151767","2440916957","0.46978"
"2440916957","1498151767","0.46978"
"1498151767","2441844958","0.21978"
"2441844958","1498151767","0.21978"
"1972489181","1996748299","0.895971"
"1996748299","1972489181","0.895971"
"1972489181","2101939980","0.895971"
"2101939980","1972489181","0.895971"
"1972489181","2247427928","0.895971"
"2247427928","1972489181","0.895971"
"1972489181","2428086900","0.562637"
"2428086900","1972489181","0.562637"
"1972489181","2440916957","0.562637"
"2440916957","1972489181","0.562637"
"1972489181","2441844958","0.362637"
"2441844958","1972489181","0.362637"
"1996748299","2101939980","6.44541"
"2101939980","1996748299","6.44541"
"1996748299","2247427928","14.4549"
"2247427928","1996748299","14.4549"
"1996748299","2428086900","2.86482"
"2428086900","1996748299","2.86482"
"1996748299","2440916957","2.86482"
"2440916957","1996748299","2.86482"
"1996748299","2441844958","1.51085"
"2441844958","1996748299","1.51085"
"2101939980","2247427928","7.55652"
"2247427928","2101939980","7.55652"
"2101939980","2428086900","2.63307"
"2428086900","2101939980","2.63307"
"2101939980","2440916957","2.63307"
"2440916957","2101939980","2.63307"
"2101939980","2441844958","1.47911"
"2441844958","2101939980","1.47911"
"2247427928","2428086900","3.28545"
"2428086900","2247427928","3.28545"
"2247427928","2440916957","3.28545"
"2440916957","2247427928","3.28545"
"2247427928","2441844958","1.93149"
"2441844958","2247427928","1.93149"
"2428086900","2440916957","12.4021"
"2440916957","2428086900","12.4021"
"2428086900","2441844958","2.63149"
"2441844958","2428086900","2.63149"
"2440916957","2441844958","3.63149"
"2441844958","2440916957","3.63149"
"1498151767","2029693579","0.160256"
"2029693579","1498151767","0.160256"
"1498151767","2071214138","0.0833333"
"2071214138","1498151767","0.0833333"
"1498151767","2293753260","0.160256"
"2293753260","1498151767","0.160256"
"1498151767","2406076246","0.326923"
"2406076246","1498151767","0.326923"
"1498151767","2434361155","0.0833333"
"2434361155","1498151767","0.0833333"
"1498151767","2566343010","0.160256"
"2566343010","1498151767","0.160256"
"1498151767","2973020520","0.160256"
"2973020520","1498151767","0.160256"
"1996748299","2029693579","1.07398"
"2029693579","1996748299","1.07398"
"1996748299","2071214138","2.01611"
"2071214138","1996748299","2.01611"
"1996748299","2293753260","0.587836"
"2293753260","1996748299","0.587836"
"1996748299","2406076246","0.887836"
"2406076246","1996748299","0.887836"
"1996748299","2434361155","0.523611"
"2434361155","1996748299","0.523611"
"1996748299","2566343010","0.948586"
"2566343010","1996748299","0.948586"
"1996748299","2973020520","0.948586"
"2973020520","1996748299","0.948586"
"2029693579","2071214138","0.830393"
"2071214138","2029693579","0.830393"
"2029693579","2101939980","0.707316"
"2101939980","2029693579","0.707316"
"2029693579","2247427928","1.07398"
"2247427928","2029693579","1.07398"
"2029693579","2293753260","0.444979"
"2293753260","2029693579","0.444979"
"2029693579","2406076246","1.54498"
"2406076246","2029693579","1.54498"
"2029693579","2428086900","0.633868"
"2428086900","2029693579","0.633868"
"2029693579","2434361155","0.523611"
"2434361155","2029693579","0.523611"
"2029693579","2440916957","0.633868"
"2440916957","2029693579","0.633868"
"2029693579","2566343010","0.662872"
"2566343010","2029693579","0.662872"
"2029693579","2973020520","0.662872"
"2973020520","2029693579","0.662872"
"2071214138","2101939980","1.67325"
"2101939980","2071214138","1.67325"
"2071214138","2247427928","2.01611"
"2247427928","2071214138","2.01611"
"2071214138","2293753260","0.510913"
"2293753260","2071214138","0.510913"
"2071214138","2406076246","0.810913"
"2406076246","2071214138","0.810913"
"2071214138","2428086900","1.20933"
"2428086900","2071214138","1.20933"
"2071214138","2434361155","0.356944"
"2434361155","2071214138","0.356944"
"2071214138","2440916957","1.20933"
"2440916957","2071214138","1.20933"
"2071214138","2566343010","0.562139"
"2566343010","2071214138","0.562139"
"2071214138","2973020520","0.562139"
"2973020520","2071214138","0.562139"
"2101939980","2293753260","0.698947"
"2293753260","2101939980","0.698947"
"2101939980","2406076246","0.998947"
"2406076246","2101939980","0.998947"
"2101939980","2434361155","0.356944"
"2434361155","2101939980","0.356944"
"2101939980","2566343010","0.750173"
"2566343010","2101939980","0.750173"
"2101939980","2973020520","0.750173"
"2973020520","2101939980","0.750173"
"2247427928","2293753260","0.698947"
"2293753260","2247427928","0.698947"
"2247427928","2406076246","1.1418"
"2406076246","2247427928","1.1418"
"2247427928","2434361155","0.833135"
"2434361155","2247427928","0.833135"
"2247427928","2566343010","1.36922"
"2566343010","2247427928","1.36922"
"2247427928","2973020520","1.36922"
"2973020520","2247427928","1.36922"
"2293753260","2406076246","0.698947"
"2406076246","2293753260","0.698947"
"2293753260","2428086900","0.587836"
"2428086900","2293753260","0.587836"
"2293753260","2434361155","0.256944"
"2434361155","2293753260","0.256944"
"2293753260","2440916957","0.587836"
"2440916957","2293753260","0.587836"
"2293753260","2566343010","0.444979"
"2566343010","2293753260","0.444979"
"2293753260","2973020520","0.444979"
"2973020520","2293753260","0.444979"
"2406076246","2428086900","1.33069"
"2428086900","2406076246","1.33069"
"2406076246","2434361155","0.499802"
"2434361155","2406076246","0.499802"
"2406076246","2440916957","2.33069"
"2440916957","2406076246","2.33069"
"2406076246","2566343010","0.587836"
"2566343010","2406076246","0.587836"
"2406076246","2973020520","0.587836"
"2973020520","2406076246","0.587836"
"2428086900","2434361155","0.755357"
"2434361155","2428086900","0.755357"
"2428086900","2566343010","2.29577"
"2566343010","2428086900","2.29577"
"2428086900","2973020520","2.29577"
"2973020520","2428086900","2.29577"
"2434361155","2440916957","0.755357"
"2440916957","2434361155","0.755357"
"2434361155","2566343010","2.93314"
"2566343010","2434361155","2.93314"
"2434361155","2973020520","2.93314"
"2973020520","2434361155","2.93314"
"2440916957","2566343010","1.79577"
"2566343010","2440916957","1.79577"
"2440916957","2973020520","1.79577"
"2973020520","2440916957","1.79577"
"2566343010","2973020520","18.7692"
"2973020520","2566343010","18.7692"
"1498151767","2023966441","0.0769231"
"2023966441","1498151767","0.0769231"
"1972489181","2023966441","0.21978"
"2023966441","1972489181","0.21978"
"1972489181","2029693579","0.0769231"
"2029693579","1972489181","0.0769231"
"1972489181","2293753260","0.0769231"
"2293753260","1972489181","0.0769231"
"1972489181","2406076246","0.0769231"
"2406076246","1972489181","0.0769231"
"1972489181","2566343010","0.0769231"
"2566343010","1972489181","0.0769231"
"1972489181","2973020520","0.0769231"
"2973020520","1972489181","0.0769231"
"1996748299","2023966441","1.55097"
"2023966441","1996748299","1.55097"
"2023966441","2029693579","0.50811"
"2029693579","2023966441","0.50811"
"2023966441","2101939980","0.995412"
"2101939980","2023966441","0.995412"
"2023966441","2247427928","1.66208"
"2247427928","2023966441","1.66208"
"2023966441","2293753260","0.361645"
"2293753260","2023966441","0.361645"
"2023966441","2406076246","0.561645"
"2406076246","2023966441","0.561645"
"2023966441","2428086900","0.504502"
"2428086900","2023966441","0.504502"
"2023966441","2440916957","0.504502"
"2440916957","2023966441","0.504502"
"2023966441","2441844958","0.393391"
"2441844958","2023966441","0.393391"
"2023966441","2566343010","1.17478"
"2566343010","2023966441","1.17478"
"2023966441","2973020520","1.17478"
"2973020520","2023966441","1.17478"
"2029693579","2441844958","0.239423"
"2441844958","2029693579","0.239423"
"2293753260","2441844958","0.250534"
"2441844958","2293753260","0.250534"
"2406076246","2441844958","0.826725"
"2441844958","2406076246","0.826725"
"2441844958","2566343010","1.04577"
"2566343010","2441844958","1.04577"
"2441844958","2973020520","1.04577"
"2973020520","2441844958","1.04577"
"1498151767","1547250093","0.166667"
"1547250093","1498151767","0.166667"
"1498151767","2014722699","0.166667"
"2014722699","1498151767","0.166667"
"1498151767","2751336567","0.166667"
"2751336567","1498151767","0.166667"
"1547250093","2014722699","1.29484"
"2014722699","1547250093","1.29484"
"1547250093","2406076246","0.229167"
"2406076246","1547250093","0.229167"
"1547250093","2428086900","0.479167"
"2428086900","1547250093","0.479167"
"1547250093","2440916957","0.479167"
"2440916957","1547250093","0.479167"
"1547250093","2751336567","16.4672"
"2751336567","1547250093","16.4672"
"2014722699","2406076246","0.166667"
"2406076246","2014722699","0.166667"
"2014722699","2428086900","0.166667"
"2428086900","2014722699","0.166667"
"2014722699","2440916957","0.166667"
"2440916957","2014722699","0.166667"
"2014722699","2751336567","1.24722"
"2751336567","2014722699","1.24722"
"2406076246","2751336567","0.229167"
"2751336567","2406076246","0.229167"
"2428086900","2751336567","0.479167"
"2751336567","2428086900","0.479167"
"2440916957","2751336567","0.479167"
"2751336567","2440916957","0.479167"
"1501551450","1999113424","3.86902"
"1999113424","1501551450","3.86902"
"1999113424","2129558680","8.8921"
"2129558680","1999113424","8.8921"
"1999113424","2558648780","9.28972"
"2558648780","1999113424","9.28972"
"1501551450","2480596804","1.13526"
"2480596804","1501551450","1.13526"
"1999113424","2119368079","4.33526"
"2119368079","1999113424","4.33526"
"1999113424","2480596804","1.13526"
"2480596804","1999113424","1.13526"
"2119368079","2480596804","0.276923"
"2480596804","2119368079","0.276923"
"2129558680","2480596804","0.858333"
"2480596804","2129558680","0.858333"
"2480596804","2558648780","1.05833"
"2558648780","2480596804","1.05833"
"1592378263","1999113424","2.03258"
"1999113424","1592378263","2.03258"
"1592378263","2480596804","0.858333"
"2480596804","1592378263","0.858333"
"1999113424","2081588298","0.658333"
"2081588298","1999113424","0.658333"
"2081588298","2480596804","0.658333"
"2480596804","2081588298","0.658333"
"1976707215","1999113424","0.505952"
"1999113424","1976707215","0.505952"
"1976707215","2480596804","0.125"
"2480596804","1976707215","0.125"
"1999113424","93792061","0.505952"
"93792061","1999113424","0.505952"
"2480596804","93792061","0.125"
"93792061","2480596804","0.125"
"1501551450","1547250093","0.047619"
"1547250093","1501551450","0.047619"
"1501551450","1568832590","0.047619"
"1568832590","1501551450","0.047619"
"1501551450","2014722699","0.380952"
"2014722699","1501551450","0.380952"
"1501551450","2019565841","0.047619"
"2019565841","1501551450","0.047619"
"1501551450","2058254784","0.124542"
"2058254784","1501551450","0.124542"
"1501551450","2075188627","0.047619"
"2075188627","1501551450","0.047619"
"1501551450","2091814660","0.047619"
"2091814660","1501551450","0.047619"
"1501551450","2098994245","0.047619"
"2098994245","1501551450","0.047619"
"1501551450","2102723596","0.047619"
"2102723596","1501551450","0.047619"
"1501551450","2121446380","0.124542"
"2121446380","1501551450","0.124542"
"1501551450","2127474081","0.047619"
"2127474081","1501551450","0.047619"
"1501551450","2142006107","0.047619"
"2142006107","1501551450","0.047619"
"1501551450","2149122409","0.047619"
"2149122409","1501551450","0.047619"
"1501551450","2155144363","0.047619"
"2155144363","1501551450","0.047619"
"1501551450","2777703586","0.047619"
"2777703586","1501551450","0.047619"
"1501551450","2909416645","0.047619"
"2909416645","1501551450","0.047619"
"1547250093","1568832590","2.85043"
"1568832590","1547250093","2.85043"
"1547250093","1844487989","0.15873"
"1844487989","1547250093","0.15873"
"1547250093","2019565841","0.047619"
"2019565841","1547250093","0.047619"
"1547250093","2058254784","0.15873"
"2058254784","1547250093","0.15873"
"1547250093","2075188627","0.346764"
"2075188627","1547250093","0.346764"
"1547250093","2091814660","0.047619"
"2091814660","1547250093","0.047619"
"1547250093","2096109431","0.15873"
"2096109431","1547250093","0.15873"
"1547250093","2098994245","0.641306"
"2098994245","1547250093","0.641306"
"1547250093","2102723596","2.10037"
"2102723596","1547250093","2.10037"
"1547250093","2119368079","0.15873"
"2119368079","1547250093","0.15873"
"1547250093","2121446380","0.15873"
"2121446380","1547250093","0.15873"
"1547250093","2127474081","0.119048"
"2127474081","1547250093","0.119048"
"1547250093","2134161546","0.047619"
"2134161546","1547250093","0.047619"
"1547250093","2142006107","0.15873"
"2142006107","1547250093","0.15873"
"1547250093","2149122409","0.119048"
"2149122409","1547250093","0.119048"
"1547250093","2155144363","0.047619"
"2155144363","1547250093","0.047619"
"1547250093","2165193650","0.15873"
"2165193650","1547250093","0.15873"
"1547250093","2777703586","2.09405"
"2777703586","1547250093","2.09405"
"1547250093","2909416645","3.03609"
"2909416645","1547250093","3.03609"
"1568832590","1844487989","0.15873"
"1844487989","1568832590","0.15873"
"1568832590","2014722699","1.0754"
"2014722699","1568832590","1.0754"
"1568832590","2019565841","0.047619"
"2019565841","1568832590","0.047619"
"1568832590","2058254784","0.15873"
"2058254784","1568832590","0.15873"
"1568832590","2075188627","0.603175"
"2075188627","1568832590","0.603175"
"1568832590","2091814660","0.047619"
"2091814660","1568832590","0.047619"
"1568832590","2096109431","0.15873"
"2096109431","1568832590","0.15873"
"1568832590","2098994245","1.72464"
"2098994245","1568832590","1.72464"
"1568832590","2102723596","1.94012"
"2102723596","1568832590","1.94012"
"1568832590","2119368079","0.15873"
"2119368079","1568832590","0.15873"
"1568832590","2121446380","0.15873"
"2121446380","1568832590","0.15873"
"1568832590","2127474081","0.047619"
"2127474081","1568832590","0.047619"
"1568832590","2134161546","0.047619"
"2134161546","1568832590","0.047619"
"1568832590","2142006107","0.15873"
"2142006107","1568832590","0.15873"
"1568832590","2149122409","1.04762"
"2149122409","1568832590","1.04762"
"1568832590","2155144363","0.380952"
"2155144363","1568832590","0.380952"
"1568832590","2165193650","0.15873"
"2165193650","1568832590","0.15873"
"1568832590","2777703586","2.01151"
"2777703586","1568832590","2.01151"
"1568832590","2909416645","2.11472"
"2909416645","1568832590","2.11472"
"1844487989","2014722699","0.047619"
"2014722699","1844487989","0.047619"
"1844487989","2019565841","0.047619"
"2019565841","1844487989","0.047619"
"1844487989","2058254784","2.76581"
"2058254784","1844487989","2.76581"
"1844487989","2075188627","0.047619"
"2075188627","1844487989","0.047619"
"1844487989","2091814660","0.047619"
"2091814660","1844487989","0.047619"
"1844487989","2098994245","0.047619"
"2098994245","1844487989","0.047619"
"1844487989","2102723596","0.047619"
"2102723596","1844487989","0.047619"
"1844487989","2121446380","1.54835"
"2121446380","1844487989","1.54835"
"1844487989","2127474081","0.0952381"
"2127474081","1844487989","0.0952381"
"1844487989","2142006107","2.28214"
"2142006107","1844487989","2.28214"
"1844487989","2149122409","0.047619"
"2149122409","1844487989","0.047619"
"1844487989","2155144363","0.047619"
"2155144363","1844487989","0.047619"
"1844487989","2777703586","0.15873"
"2777703586","1844487989","0.15873"
"1844487989","2909416645","0.047619"
"2909416645","1844487989","0.047619"
"2014722699","2019565841","0.047619"
"2019565841","2014722699","0.047619"
"2014722699","2058254784","0.047619"
"2058254784","2014722699","0.047619"
"2014722699","2075188627","1.15873"
"2075188627","2014722699","1.15873"
"2014722699","2091814660","0.047619"
"2091814660","2014722699","0.047619"
"2014722699","2096109431","0.047619"
"2096109431","2014722699","0.047619"
"2014722699","2098994245","0.214286"
"2098994245","2014722699","0.214286"
"2014722699","2102723596","0.119048"
"2102723596","2014722699","0.119048"
"2014722699","2119368079","0.047619"
"2119368079","2014722699","0.047619"
"2014722699","2121446380","0.047619"
"2121446380","2014722699","0.047619"
"2014722699","2127474081","0.047619"
"2127474081","2014722699","0.047619"
"2014722699","2134161546","0.047619"
"2134161546","2014722699","0.047619"
"2014722699","2142006107","0.047619"
"2142006107","2014722699","0.047619"
"2014722699","2149122409","0.047619"
"2149122409","2014722699","0.047619"
"2014722699","2155144363","0.047619"
"2155144363","2014722699","0.047619"
"2014722699","2165193650","0.047619"
"2165193650","2014722699","0.047619"
"2014722699","2777703586","0.689683"
"2777703586","2014722699","0.689683"
"2014722699","2909416645","0.58254"
"2909416645","2014722699","0.58254"
"2019565841","2058254784","0.047619"
"2058254784","2019565841","0.047619"
"2019565841","2075188627","0.047619"
"2075188627","2019565841","0.047619"
"2019565841","2091814660","13.7595"
"2091814660","2019565841","13.7595"
"2019565841","2096109431","0.047619"
"2096109431","2019565841","0.047619"
"2019565841","2098994245","0.047619"
"2098994245","2019565841","0.047619"
"2019565841","2102723596","0.114286"
"2102723596","2019565841","0.114286"
"2019565841","2119368079","0.047619"
"2119368079","2019565841","0.047619"
"2019565841","2121446380","0.047619"
"2121446380","2019565841","0.047619"
"2019565841","2127474081","0.507143"
"2127474081","2019565841","0.507143"
"2019565841","2134161546","0.714286"
"2134161546","2019565841","0.714286"
"2019565841","2142006107","0.047619"
"2142006107","2019565841","0.047619"
"2019565841","2149122409","0.547619"
"2149122409","2019565841","0.547619"
"2019565841","2155144363","1.38095"
"2155144363","2019565841","1.38095"
"2019565841","2165193650","0.297619"
"2165193650","2019565841","0.297619"
"2019565841","2777703586","0.047619"
"2777703586","2019565841","0.047619"
"2019565841","2909416645","0.047619"
"2909416645","2019565841","0.047619"
"2058254784","2075188627","0.047619"
"2075188627","2058254784","0.047619"
"2058254784","2091814660","0.047619"
"2091814660","2058254784","0.047619"
"2058254784","2096109431","1.41462"
"2096109431","2058254784","1.41462"
"2058254784","2098994245","0.047619"
"2098994245","2058254784","0.047619"
"2058254784","2102723596","0.047619"
"2102723596","2058254784","0.047619"
"2058254784","2119368079","2.51621"
"2119368079","2058254784","2.51621"
"2058254784","2121446380","2.59121"
"2121446380","2058254784","2.59121"
"2058254784","2127474081","0.047619"
"2127474081","2058254784","0.047619"
"2058254784","2134161546","5.32137"
"2134161546","2058254784","5.32137"
"2058254784","2142006107","1.97222"
"2142006107","2058254784","1.97222"
"2058254784","2149122409","1.04762"
"2149122409","2058254784","1.04762"
"2058254784","2155144363","0.047619"
"2155144363","2058254784","0.047619"
"2058254784","2165193650","2.56581"
"2165193650","2058254784","2.56581"
"2058254784","2777703586","0.15873"
"2777703586","2058254784","0.15873"
"2058254784","2909416645","0.047619"
"2909416645","2058254784","0.047619"
"2075188627","2091814660","0.047619"
"2091814660","2075188627","0.047619"
"2075188627","2096109431","0.047619"
"2096109431","2075188627","0.047619"
"2075188627","2098994245","0.492063"
"2098994245","2075188627","0.492063"
"2075188627","2102723596","0.235653"
"2102723596","2075188627","0.235653"
"2075188627","2119368079","0.15873"
"2119368079","2075188627","0.15873"
"2075188627","2121446380","0.15873"
"2121446380","2075188627","0.15873"
"2075188627","2127474081","0.247619"
"2127474081","2075188627","0.247619"
"2075188627","2134161546","0.047619"
"2134161546","2075188627","0.047619"
"2075188627","2142006107","0.047619"
"2142006107","2075188627","0.047619"
"2075188627","2149122409","0.047619"
"2149122409","2075188627","0.047619"
"2075188627","2155144363","0.380952"
"2155144363","2075188627","0.380952"
"2075188627","2165193650","0.047619"
"2165193650","2075188627","0.047619"
"2075188627","2777703586","0.15873"
"2777703586","2075188627","0.15873"
"2075188627","2909416645","0.124542"
"2909416645","2075188627","0.124542"
"2091814660","2096109431","0.047619"
"2096109431","2091814660","0.047619"
"2091814660","2098994245","0.047619"
"2098994245","2091814660","0.047619"
"2091814660","2102723596","0.114286"
"2102723596","2091814660","0.114286"
"2091814660","2119368079","0.047619"
"2119368079","2091814660","0.047619"
"2091814660","2121446380","0.047619"
"2121446380","2091814660","0.047619"
"2091814660","2127474081","0.707143"
"2127474081","2091814660","0.707143"
"2091814660","2134161546","0.714286"
"2134161546","2091814660","0.714286"
"2091814660","2142006107","0.047619"
"2142006107","2091814660","0.047619"
"2091814660","2149122409","0.547619"
"2149122409","2091814660","0.547619"
"2091814660","2155144363","0.380952"
"2155144363","2091814660","0.380952"
"2091814660","2165193650","0.297619"
"2165193650","2091814660","0.297619"
"2091814660","2777703586","0.047619"
"2777703586","2091814660","0.047619"
"2091814660","2909416645","0.047619"
"2909416645","2091814660","0.047619"
"2096109431","2098994245","0.047619"
"2098994245","2096109431","0.047619"
"2096109431","2102723596","0.047619"
"2102723596","2096109431","0.047619"
"2096109431","2121446380","1.09002"
"2121446380","2096109431","1.09002"
"2096109431","2127474081","0.345238"
"2127474081","2096109431","0.345238"
"2096109431","2142006107","1.56429"
"2142006107","2096109431","1.56429"
"2096109431","2149122409","0.047619"
"2149122409","2096109431","0.047619"
"2096109431","2155144363","1.04762"
"2155144363","2096109431","1.04762"
"2096109431","2777703586","0.15873"
"2777703586","2096109431","0.15873"
"2096109431","2909416645","0.047619"
"2909416645","2096109431","0.047619"
"2098994245","2102723596","0.724639"
"2102723596","2098994245","0.724639"
"2098994245","2119368079","0.15873"
"2119368079","2098994245","0.15873"
"2098994245","2121446380","0.15873"
"2121446380","2098994245","0.15873"
"2098994245","2127474081","0.047619"
"2127474081","2098994245","0.047619"
"2098994245","2134161546","0.047619"
"2134161546","2098994245","0.047619"
"2098994245","2142006107","0.047619"
"2142006107","2098994245","0.047619"
"2098994245","2149122409","0.047619"
"2149122409","2098994245","0.047619"
"2098994245","2155144363","0.380952"
"2155144363","2098994245","0.380952"
"2098994245","2165193650","0.047619"
"2165193650","2098994245","0.047619"
"2098994245","2777703586","0.65873"
"2777703586","2098994245","0.65873"
"2098994245","2909416645","0.613528"
"2909416645","2098994245","0.613528"
"2102723596","2119368079","0.15873"
