"112453727","1531019793","0.236111"
"1531019793","112453727","0.236111"
"112453727","1551627600","0.236111"
"1551627600","112453727","0.236111"
"112453727","2031779765","0.236111"
"2031779765","112453727","0.236111"
"112453727","2121273346","0.111111"
"2121273346","112453727","0.111111"
"112453727","2123003976","0.236111"
"2123003976","112453727","0.236111"
"112453727","2128237021","0.811111"
"2128237021","112453727","0.811111"
"112453727","2266375225","2.31111"
"2266375225","112453727","2.31111"
"112453727","262581405","0.111111"
"262581405","112453727","0.111111"
"112453727","73784630","1.23611"
"73784630","112453727","1.23611"
"1531019793","1551627600","0.736111"
"1551627600","1531019793","0.736111"
"1531019793","2031779765","0.378968"
"2031779765","1531019793","0.378968"
"1531019793","2121273346","0.111111"
"2121273346","1531019793","0.111111"
"1531019793","2123003976","0.378968"
"2123003976","1531019793","0.378968"
"1531019793","2128237021","0.111111"
"2128237021","1531019793","0.111111"
"1531019793","2266375225","0.253968"
"2266375225","1531019793","0.253968"
"1531019793","262581405","0.111111"
"262581405","1531019793","0.111111"
"1531019793","73784630","0.236111"
"73784630","1531019793","0.236111"
"1551627600","2031779765","0.486111"
"2031779765","1551627600","0.486111"
"1551627600","2121273346","0.611111"
"2121273346","1551627600","0.611111"
"1551627600","2123003976","0.486111"
"2123003976","1551627600","0.486111"
"1551627600","2128237021","0.111111"
"2128237021","1551627600","0.111111"
"1551627600","2266375225","0.111111"
"2266375225","1551627600","0.111111"
"1551627600","262581405","0.111111"
"262581405","1551627600","0.111111"
"1551627600","73784630","0.236111"
"73784630","1551627600","0.236111"
"2031779765","2121273346","0.731746"
"2121273346","2031779765","0.731746"
"2031779765","2123003976","1.7496"
"2123003976","2031779765","1.7496"
"2031779765","2128237021","0.111111"
"2128237021","2031779765","0.111111"
"2031779765","2266375225","0.253968"
"2266375225","2031779765","0.253968"
"2031779765","262581405","0.111111"
"262581405","2031779765","0.111111"
"2031779765","73784630","1.85675"
"73784630","2031779765","1.85675"
"2121273346","2123003976","1.26508"
"2123003976","2121273346","1.26508"
"2121273346","2128237021","0.18254"
"2128237021","2121273346","0.18254"
"2121273346","2266375225","0.111111"
"2266375225","2121273346","0.111111"
"2121273346","262581405","0.111111"
"262581405","2121273346","0.111111"
"2121273346","73784630","1.06508"
"73784630","2121273346","1.06508"
"2123003976","2128237021","0.111111"
"2128237021","2123003976","0.111111"
"2123003976","2266375225","0.253968"
"2266375225","2123003976","0.253968"
"2123003976","262581405","0.472222"
"262581405","2123003976","0.472222"
"2123003976","73784630","0.856746"
"73784630","2123003976","0.856746"
"2128237021","2266375225","1.31111"
"2266375225","2128237021","1.31111"
"2128237021","262581405","0.111111"
"262581405","2128237021","0.111111"
"2128237021","73784630","0.111111"
"73784630","2128237021","0.111111"
"2266375225","262581405","0.111111"
"262581405","2266375225","0.111111"
"2266375225","73784630","0.111111"
"73784630","2266375225","0.111111"
"262581405","73784630","1.11111"
"73784630","262581405","1.11111"
"112453727","1511527373","0.491667"
"1511527373","112453727","0.491667"
"112453727","2133091666","0.825"
"2133091666","112453727","0.825"
"112453727","2322968364","0.125"
"2322968364","112453727","0.125"
"1511527373","1531019793","0.125"
"1531019793","1511527373","0.125"
"1511527373","1551627600","0.125"
"1551627600","1511527373","0.125"
"1511527373","2031779765","0.325"
"2031779765","1511527373","0.325"
"1511527373","2123003976","0.436111"
"2123003976","1511527373","0.436111"
"1511527373","2133091666","6.16587"
"2133091666","1511527373","6.16587"
"1511527373","2322968364","0.125"
"2322968364","1511527373","0.125"
"1511527373","73784630","1.825"
"73784630","1511527373","1.825"
"1531019793","2133091666","0.767857"
"2133091666","1531019793","0.767857"
"1531019793","2322968364","0.125"
"2322968364","1531019793","0.125"
"1551627600","2133091666","1.70833"
"2133091666","1551627600","1.70833"
"1551627600","2322968364","0.125"
"2322968364","1551627600","0.125"
"2031779765","2133091666","1.63849"
"2133091666","2031779765","1.63849"
"2031779765","2322968364","0.125"
"2322968364","2031779765","0.125"
"2123003976","2133091666","2.28294"
"2133091666","2123003976","2.28294"
"2123003976","2322968364","0.125"
"2322968364","2123003976","0.125"
"2133091666","2322968364","1.45833"
"2322968364","2133091666","1.45833"
"2133091666","73784630","3.07897"
"73784630","2133091666","3.07897"
"2322968364","73784630","0.125"
"73784630","2322968364","0.125"
"112453727","2569247438","0.5"
"2569247438","112453727","0.5"
"2128237021","2133091666","1.32698"
"2133091666","2128237021","1.32698"
"2128237021","2569247438","0.555556"
"2569247438","2128237021","0.555556"
"2133091666","2569247438","3.45238"
"2569247438","2133091666","3.45238"
"112453727","1978414516","0.2"
"1978414516","112453727","0.2"
"1511527373","1978414516","0.366667"
"1978414516","1511527373","0.366667"
"1511527373","2128237021","0.693651"
"2128237021","1511527373","0.693651"
"1511527373","2266375225","0.533333"
"2266375225","1511527373","0.533333"
"1978414516","2128237021","1.2"
"2128237021","1978414516","1.2"
"1978414516","2133091666","2.18016"
"2133091666","1978414516","2.18016"
"1978414516","2266375225","2.09286"
"2266375225","1978414516","2.09286"
"2133091666","2266375225","6.09286"
"2266375225","2133091666","6.09286"
"112453727","1901811652","0.166667"
"1901811652","112453727","0.166667"
"112453727","2123241859","0.166667"
"2123241859","112453727","0.166667"
"1511527373","1901811652","0.604762"
"1901811652","1511527373","0.604762"
"1511527373","2123241859","0.222222"
"2123241859","1511527373","0.222222"
"1511527373","2569247438","0.666667"
"2569247438","1511527373","0.666667"
"1901811652","2123241859","0.222222"
"2123241859","1901811652","0.222222"
"1901811652","2128237021","0.293651"
"2128237021","1901811652","0.293651"
"1901811652","2133091666","2.4381"
"2133091666","1901811652","2.4381"
"1901811652","2569247438","0.222222"
"2569247438","1901811652","0.222222"
"2123241859","2128237021","0.222222"
"2128237021","2123241859","0.222222"
"2123241859","2133091666","1.53175"
"2133091666","2123241859","1.53175"
"2123241859","2569247438","5.61508"
"2569247438","2123241859","5.61508"
"1477589808","1901811652","3.24444"
"1901811652","1477589808","3.24444"
"1477589808","1962363309","0.511111"
"1962363309","1477589808","0.511111"
"1477589808","1964048550","0.4"
"1964048550","1477589808","0.4"
"1477589808","2021944660","0.566667"
"2021944660","1477589808","0.566667"
"1477589808","2154703852","7.21111"
"2154703852","1477589808","7.21111"
"1901811652","1962363309","1.73254"
"1962363309","1901811652","1.73254"
"1901811652","1964048550","0.816667"
"1964048550","1901811652","0.816667"
"1901811652","2021944660","0.816667"
"2021944660","1901811652","0.816667"
"1901811652","2154703852","2.38333"
"2154703852","1901811652","2.38333"
"1962363309","1964048550","0.983333"
"1964048550","1962363309","0.983333"
"1962363309","2021944660","1.23333"
"2021944660","1962363309","1.23333"
"1962363309","2154703852","0.961111"
"2154703852","1962363309","0.961111"
"1964048550","2021944660","4.48333"
"2021944660","1964048550","4.48333"
"1964048550","2154703852","0.65"
"2154703852","1964048550","0.65"
"2021944660","2154703852","0.816667"
"2154703852","2021944660","0.816667"
"1477589808","1511527373","0.811111"
"1511527373","1477589808","0.811111"
"1477589808","2115358726","0.811111"
"2115358726","1477589808","0.811111"
"1477589808","2121273346","0.366667"
"2121273346","1477589808","0.366667"
"1477589808","313721732","0.311111"
"313721732","1477589808","0.311111"
"1511527373","2115358726","5.33254"
"2115358726","1511527373","5.33254"
"1511527373","2121273346","0.971429"
"2121273346","1511527373","0.971429"
"1511527373","313721732","3.61667"
"313721732","1511527373","3.61667"
"1901811652","2115358726","0.638095"
"2115358726","1901811652","0.638095"
"1901811652","2121273346","0.915873"
"2121273346","1901811652","0.915873"
"1901811652","313721732","0.566667"
"313721732","1901811652","0.566667"
"2115358726","2121273346","0.980952"
"2121273346","2115358726","0.980952"
"2115358726","313721732","8.54286"
"313721732","2115358726","8.54286"
"2121273346","313721732","0.542857"
"313721732","2121273346","0.542857"
"1477589808","1551136449","0.7"
"1551136449","1477589808","0.7"
"1477589808","1551408939","2.2"
"1551408939","1477589808","2.2"
"1477589808","2102494876","0.366667"
"2102494876","1477589808","0.366667"
"1551136449","1551408939","0.2"
"1551408939","1551136449","0.2"
"1551136449","1901811652","3.2"
"1901811652","1551136449","3.2"
"1551136449","2102494876","0.7"
"2102494876","1551136449","0.7"
"1551136449","2154703852","1.53333"
"2154703852","1551136449","1.53333"
"1551408939","1901811652","0.326984"
"1901811652","1551408939","0.326984"
"1551408939","2102494876","0.7"
"2102494876","1551408939","0.7"
"1551408939","2154703852","5.25556"
"2154703852","1551408939","5.25556"
"1901811652","2102494876","0.366667"
"2102494876","1901811652","0.366667"
"2102494876","2154703852","0.7"
"2154703852","2102494876","0.7"
"1511527373","1551408939","1.2381"
"1551408939","1511527373","1.2381"
"1511527373","2154703852","0.666667"
"2154703852","1511527373","0.666667"
"1477589808","39255559","0.833333"
"39255559","1477589808","0.833333"
"1511527373","39255559","1.16667"
"39255559","1511527373","1.16667"
"1551408939","2115358726","2.2381"
"2115358726","1551408939","2.2381"
"1551408939","2121273346","0.238095"
"2121273346","1551408939","0.238095"
"1551408939","39255559","0.5"
"39255559","1551408939","0.5"
"2115358726","2154703852","0.333333"
"2154703852","2115358726","0.333333"
"2115358726","39255559","3.2"
"39255559","2115358726","3.2"
"2121273346","2154703852","0.166667"
"2154703852","2121273346","0.166667"
"2121273346","39255559","0.366667"
"39255559","2121273346","0.366667"
"2154703852","39255559","0.7"
"39255559","2154703852","0.7"
"1477589808","2161642932","1"
"2161642932","1477589808","1"
"1901811652","39255559","1.03333"
"39255559","1901811652","1.03333"
"1477589808","1800163202","0.166667"
"1800163202","1477589808","0.166667"
"1477589808","2299613593","0.166667"
"2299613593","1477589808","0.166667"
"1551408939","1800163202","0.404762"
"1800163202","1551408939","0.404762"
"1551408939","2021944660","0.166667"
"2021944660","1551408939","0.166667"
"1551408939","2299613593","0.222222"
"2299613593","1551408939","0.222222"
"1800163202","2021944660","0.166667"
"2021944660","1800163202","0.166667"
"1800163202","2102494876","0.166667"
"2102494876","1800163202","0.166667"
"1800163202","2154703852","0.222222"
"2154703852","1800163202","0.222222"
"1800163202","2299613593","0.222222"
"2299613593","1800163202","0.222222"
"2021944660","2102494876","0.333333"
"2102494876","2021944660","0.333333"
"2021944660","2299613593","0.166667"
"2299613593","2021944660","0.166667"
"2102494876","2299613593","0.166667"
"2299613593","2102494876","0.166667"
"2154703852","2299613593","0.222222"
"2299613593","2154703852","0.222222"
"1477589808","2025938145","0.111111"
"2025938145","1477589808","0.111111"
"1477589808","2131822674","0.111111"
"2131822674","1477589808","0.111111"
"1477589808","2204553623","0.111111"
"2204553623","1477589808","0.111111"
"1511527373","1962363309","2.70198"
"1962363309","1511527373","2.70198"
"1511527373","2025938145","3.46389"
"2025938145","1511527373","3.46389"
"1511527373","2131822674","1.78532"
"2131822674","1511527373","1.78532"
"1511527373","2204553623","0.474206"
"2204553623","1511527373","0.474206"
"1901811652","2025938145","1.11111"
"2025938145","1901811652","1.11111"
"1901811652","2131822674","0.349206"
"2131822674","1901811652","0.349206"
"1901811652","2204553623","0.604762"
"2204553623","1901811652","0.604762"
"1962363309","2025938145","2.46389"
"2025938145","1962363309","2.46389"
"1962363309","2115358726","1.33254"
"2115358726","1962363309","1.33254"
"1962363309","2131822674","2.78532"
"2131822674","1962363309","2.78532"
"1962363309","2204553623","1.45198"
"2204553623","1962363309","1.45198"
"1962363309","313721732","0.561111"
"313721732","1962363309","0.561111"
"2025938145","2115358726","2.82063"
"2115358726","2025938145","2.82063"
"2025938145","2131822674","3.60675"
"2131822674","2025938145","3.60675"
"2025938145","2154703852","0.111111"
"2154703852","2025938145","0.111111"
"2025938145","2204553623","2.40675"
"2204553623","2025938145","2.40675"
"2025938145","313721732","1.00397"
"313721732","2025938145","1.00397"
"2115358726","2131822674","1.69206"
"2131822674","2115358726","1.69206"
"2115358726","2204553623","0.880952"
"2204553623","2115358726","0.880952"
"2131822674","2154703852","0.111111"
"2154703852","2131822674","0.111111"
"2131822674","2204553623","6.22817"
"2204553623","2131822674","6.22817"
"2131822674","313721732","0.503968"
"313721732","2131822674","0.503968"
"2154703852","2204553623","0.366667"
"2204553623","2154703852","0.366667"
"2154703852","313721732","0.166667"
"313721732","2154703852","0.166667"
"2204553623","313721732","0.559524"
"313721732","2204553623","0.559524"
"1511527373","1800163202","1.40476"
"1800163202","1511527373","1.40476"
"1800163202","2133091666","6.04921"
"2133091666","1800163202","6.04921"
"1962363309","2128237021","0.271429"
"2128237021","1962363309","0.271429"
"2025938145","2128237021","0.2"
"2128237021","2025938145","0.2"
"2115358726","2128237021","0.326984"
"2128237021","2115358726","0.326984"
"2128237021","2131822674","0.271429"
"2131822674","2128237021","0.271429"
"1511527373","2126527016","3.8631"
"2126527016","1511527373","3.8631"
"2126527016","2133091666","1.02976"
"2133091666","2126527016","1.02976"
"1511527373","262581405","0.444444"
"262581405","1511527373","0.444444"
"1800163202","262581405","0.444444"
"262581405","1800163202","0.444444"
"2133091666","262581405","1.77778"
"262581405","2133091666","1.77778"
"1511527373","2161642932","0.333333"
"2161642932","1511527373","0.333333"
"1800163202","2121273346","2.04921"
"2121273346","1800163202","2.04921"
"1800163202","2161642932","0.611111"
"2161642932","1800163202","0.611111"
"2121273346","2161642932","0.753968"
"2161642932","2121273346","0.753968"
"1511527373","2087025987","1.51587"
"2087025987","1511527373","1.51587"
"1511527373","2146380854","0.571429"
"2146380854","1511527373","0.571429"
"1551408939","2087025987","0.238095"
"2087025987","1551408939","0.238095"
"1551408939","2123003976","0.111111"
"2123003976","1551408939","0.111111"
"1551408939","2133091666","0.238095"
"2133091666","1551408939","0.238095"
"1551408939","2146380854","0.238095"
"2146380854","1551408939","0.238095"
"1551408939","2569247438","0.166667"
"2569247438","1551408939","0.166667"
"1551408939","262581405","0.111111"
"262581405","1551408939","0.111111"
"1800163202","2087025987","0.238095"
"2087025987","1800163202","0.238095"
"1800163202","2115358726","0.238095"
"2115358726","1800163202","0.238095"
"1800163202","2123003976","1.92222"
"2123003976","1800163202","1.92222"
"1800163202","2146380854","0.549206"
"2146380854","1800163202","0.549206"
"1800163202","2569247438","0.166667"
"2569247438","1800163202","0.166667"
"2087025987","2115358726","3.9381"
"2115358726","2087025987","3.9381"
"2087025987","2123003976","0.111111"
"2123003976","2087025987","0.111111"
"2087025987","2133091666","0.715873"
"2133091666","2087025987","0.715873"
"2087025987","2146380854","0.238095"
"2146380854","2087025987","0.238095"
"2087025987","2569247438","0.166667"
"2569247438","2087025987","0.166667"
"2087025987","262581405","0.111111"
"262581405","2087025987","0.111111"
"2115358726","2123003976","0.111111"
"2123003976","2115358726","0.111111"
"2115358726","2133091666","1.33095"
"2133091666","2115358726","1.33095"
"2115358726","2146380854","0.238095"
"2146380854","2115358726","0.238095"
"2115358726","2569247438","0.166667"
"2569247438","2115358726","0.166667"
"2115358726","262581405","0.111111"
"262581405","2115358726","0.111111"
"2123003976","2146380854","0.565079"
"2146380854","2123003976","0.565079"
"2123003976","2569247438","1.48016"
"2569247438","2123003976","1.48016"
"2133091666","2146380854","3.35873"
"2146380854","2133091666","3.35873"
"2146380854","2569247438","0.309524"
"2569247438","2146380854","0.309524"
"2146380854","262581405","0.111111"
"262581405","2146380854","0.111111"
"2569247438","262581405","0.694444"
"262581405","2569247438","0.694444"
"1511527373","2104872759","1"
"2104872759","1511527373","1"
"1511527373","1590086676","1.3631"
"1590086676","1511527373","1.3631"
"1511527373","329272824","0.125"
"329272824","1511527373","0.125"
"1590086676","1962363309","0.30754"
"1962363309","1590086676","0.30754"
"1590086676","2025938145","0.236111"
"2025938145","1590086676","0.236111"
"1590086676","2126527016","3.3631"
"2126527016","1590086676","3.3631"
"1590086676","2131822674","0.30754"
"2131822674","1590086676","0.30754"
"1590086676","2133091666","0.363095"
"2133091666","1590086676","0.363095"
"1590086676","2204553623","0.363095"
"2204553623","1590086676","0.363095"
"1590086676","329272824","0.125"
"329272824","1590086676","0.125"
"1962363309","2126527016","0.80754"
"2126527016","1962363309","0.80754"
"1962363309","2133091666","3.59087"
"2133091666","1962363309","3.59087"
"1962363309","329272824","0.125"
"329272824","1962363309","0.125"
"2025938145","2126527016","1.06944"
"2126527016","2025938145","1.06944"
"2025938145","2133091666","2.1623"
"2133091666","2025938145","2.1623"
"2025938145","329272824","0.125"
"329272824","2025938145","0.125"
"2126527016","2131822674","1.05754"
"2131822674","2126527016","1.05754"
"2126527016","2204553623","1.1131"
"2204553623","2126527016","1.1131"
"2126527016","329272824","0.125"
"329272824","2126527016","0.125"
"2131822674","2133091666","3.03373"
"2133091666","2131822674","3.03373"
"2131822674","329272824","0.125"
"329272824","2131822674","0.125"
"2133091666","2204553623","1.95595"
"2204553623","2133091666","1.95595"
"2133091666","329272824","0.125"
"329272824","2133091666","0.125"
"2204553623","329272824","0.125"
"329272824","2204553623","0.125"
"1511527373","1597257129","0.222222"
"1597257129","1511527373","0.222222"
"1597257129","1978414516","0.166667"
"1978414516","1597257129","0.166667"
"1597257129","2025938145","0.166667"
"2025938145","1597257129","0.166667"
"1597257129","2087025987","0.722222"
"2087025987","1597257129","0.722222"
"1597257129","2115358726","0.555556"
"2115358726","1597257129","0.555556"
"1597257129","2131822674","0.333333"
"2131822674","1597257129","0.333333"
"1978414516","2025938145","2.80952"
"2025938145","1978414516","2.80952"
"1978414516","2087025987","0.166667"
"2087025987","1978414516","0.166667"
"1978414516","2115358726","0.309524"
"2115358726","1978414516","0.309524"
"1978414516","2131822674","1.30952"
"2131822674","1978414516","1.30952"
"2025938145","2087025987","2.47778"
"2087025987","2025938145","2.47778"
"2087025987","2131822674","0.515873"
"2131822674","2087025987","0.515873"
"1511527373","19690058","0.166667"
"19690058","1511527373","0.166667"
"1590086676","19690058","0.166667"
"19690058","1590086676","0.166667"
"1590086676","2087025987","0.238095"
"2087025987","1590086676","0.238095"
"1962363309","19690058","0.111111"
"19690058","1962363309","0.111111"
"1962363309","2087025987","0.18254"
"2087025987","1962363309","0.18254"
"19690058","2025938145","0.111111"
"2025938145","19690058","0.111111"
"19690058","2087025987","1.16667"
"2087025987","19690058","1.16667"
"19690058","2126527016","0.166667"
"2126527016","19690058","0.166667"
"19690058","2131822674","0.111111"
"2131822674","19690058","0.111111"
"19690058","2133091666","0.166667"
"2133091666","19690058","0.166667"
"19690058","2204553623","0.166667"
"2204553623","19690058","0.166667"
"2087025987","2126527016","0.404762"
"2126527016","2087025987","0.404762"
"2087025987","2204553623","0.404762"
"2204553623","2087025987","0.404762"
"1962363309","2146380854","0.404762"
"2146380854","1962363309","0.404762"
"1511527373","2299613593","0.0555556"
"2299613593","1511527373","0.0555556"
"1551408939","1590086676","0.126984"
"1590086676","1551408939","0.126984"
"1551408939","1597257129","0.0555556"
"1597257129","1551408939","0.0555556"
"1551408939","19690058","0.0555556"
"19690058","1551408939","0.0555556"
"1551408939","2123241859","0.0555556"
"2123241859","1551408939","0.0555556"
"1551408939","2126527016","0.126984"
"2126527016","1551408939","0.126984"
"1551408939","2128237021","0.126984"
"2128237021","1551408939","0.126984"
"1551408939","2204553623","0.126984"
"2204553623","1551408939","0.126984"
"1551408939","313721732","0.0555556"
"313721732","1551408939","0.0555556"
"1590086676","1597257129","0.0555556"
"1597257129","1590086676","0.0555556"
"1590086676","1800163202","0.126984"
"1800163202","1590086676","0.126984"
"1590086676","1901811652","0.126984"
"1901811652","1590086676","0.126984"
"1590086676","2115358726","0.126984"
"2115358726","1590086676","0.126984"
"1590086676","2123241859","0.0555556"
"2123241859","1590086676","0.0555556"
"1590086676","2128237021","0.126984"
"2128237021","1590086676","0.126984"
"1590086676","2146380854","0.126984"
"2146380854","1590086676","0.126984"
"1590086676","2154703852","0.0555556"
"2154703852","1590086676","0.0555556"
"1590086676","2299613593","0.0555556"
"2299613593","1590086676","0.0555556"
"1590086676","2569247438","0.0555556"
"2569247438","1590086676","0.0555556"
"1590086676","313721732","0.0555556"
"313721732","1590086676","0.0555556"
"1597257129","1800163202","0.0555556"
"1800163202","1597257129","0.0555556"
"1597257129","1901811652","0.222222"
"1901811652","1597257129","0.222222"
"1597257129","19690058","0.0555556"
"19690058","1597257129","0.0555556"
"1597257129","2123241859","0.0555556"
"2123241859","1597257129","0.0555556"
"1597257129","2126527016","0.222222"
"2126527016","1597257129","0.222222"
"1597257129","2128237021","0.0555556"
"2128237021","1597257129","0.0555556"
"1597257129","2133091666","0.222222"
"2133091666","1597257129","0.222222"
"1597257129","2146380854","0.0555556"
"2146380854","1597257129","0.0555556"
"1597257129","2154703852","0.0555556"
"2154703852","1597257129","0.0555556"
"1597257129","2204553623","0.222222"
"2204553623","1597257129","0.222222"
"1597257129","2299613593","0.0555556"
"2299613593","1597257129","0.0555556"
"1597257129","2569247438","0.0555556"
"2569247438","1597257129","0.0555556"
"1597257129","313721732","0.388889"
"313721732","1597257129","0.388889"
"1800163202","1901811652","0.738095"
"1901811652","1800163202","0.738095"
"1800163202","19690058","0.0555556"
"19690058","1800163202","0.0555556"
"1800163202","2123241859","0.0555556"
"2123241859","1800163202","0.0555556"
"1800163202","2126527016","0.126984"
"2126527016","1800163202","0.126984"
"1800163202","2128237021","0.126984"
"2128237021","1800163202","0.126984"
"1800163202","2204553623","0.126984"
"2204553623","1800163202","0.126984"
"1800163202","313721732","0.0555556"
"313721732","1800163202","0.0555556"
"1901811652","19690058","0.0555556"
"19690058","1901811652","0.0555556"
"1901811652","2087025987","0.293651"
"2087025987","1901811652","0.293651"
"1901811652","2126527016","0.293651"
"2126527016","1901811652","0.293651"
"1901811652","2146380854","0.238095"
"2146380854","1901811652","0.238095"
"1901811652","2299613593","1.25556"
"2299613593","1901811652","1.25556"
"19690058","2115358726","0.0555556"
"2115358726","19690058","0.0555556"
"19690058","2123241859","0.0555556"
"2123241859","19690058","0.0555556"
"19690058","2128237021","0.0555556"
"2128237021","19690058","0.0555556"
"19690058","2146380854","0.0555556"
"2146380854","19690058","0.0555556"
"19690058","2154703852","0.0555556"
"2154703852","19690058","0.0555556"
"19690058","2299613593","0.0555556"
"2299613593","19690058","0.0555556"
"19690058","2569247438","0.0555556"
"2569247438","19690058","0.0555556"
"19690058","313721732","0.0555556"
"313721732","19690058","0.0555556"
"2087025987","2123241859","0.0555556"
"2123241859","2087025987","0.0555556"
"2087025987","2128237021","0.126984"
"2128237021","2087025987","0.126984"
"2087025987","2154703852","0.0555556"
"2154703852","2087025987","0.0555556"
"2087025987","2299613593","0.0555556"
"2299613593","2087025987","0.0555556"
"2087025987","313721732","0.388889"
"313721732","2087025987","0.388889"
"2115358726","2123241859","0.0555556"
"2123241859","2115358726","0.0555556"
"2115358726","2126527016","0.376984"
"2126527016","2115358726","0.376984"
"2115358726","2299613593","0.255556"
"2299613593","2115358726","0.255556"
"2123241859","2126527016","0.0555556"
"2126527016","2123241859","0.0555556"
"2123241859","2146380854","0.0555556"
"2146380854","2123241859","0.0555556"
"2123241859","2154703852","0.0555556"
"2154703852","2123241859","0.0555556"
"2123241859","2204553623","0.0555556"
"2204553623","2123241859","0.0555556"
"2123241859","2299613593","0.0555556"
"2299613593","2123241859","0.0555556"
"2123241859","313721732","0.0555556"
"313721732","2123241859","0.0555556"
"2126527016","2128237021","0.126984"
"2128237021","2126527016","0.126984"
"2126527016","2146380854","0.126984"
"2146380854","2126527016","0.126984"
"2126527016","2154703852","0.0555556"
"2154703852","2126527016","0.0555556"
"2126527016","2299613593","0.0555556"
"2299613593","2126527016","0.0555556"
"2126527016","2569247438","0.0555556"
"2569247438","2126527016","0.0555556"
"2126527016","313721732","0.305556"
"313721732","2126527016","0.305556"
"2128237021","2146380854","0.626984"
"2146380854","2128237021","0.626984"
"2128237021","2154703852","0.0555556"
"2154703852","2128237021","0.0555556"
"2128237021","2204553623","0.126984"
"2204553623","2128237021","0.126984"
"2128237021","2299613593","0.0555556"
"2299613593","2128237021","0.0555556"
"2128237021","313721732","0.0555556"
"313721732","2128237021","0.0555556"
"2133091666","2154703852","0.588889"
"2154703852","2133091666","0.588889"
"2133091666","2299613593","0.388889"
"2299613593","2133091666","0.388889"
"2133091666","313721732","0.198413"
"313721732","2133091666","0.198413"
"2146380854","2154703852","0.0555556"
"2154703852","2146380854","0.0555556"
"2146380854","2204553623","0.126984"
"2204553623","2146380854","0.126984"
"2146380854","2299613593","0.0555556"
"2299613593","2146380854","0.0555556"
"2146380854","313721732","0.0555556"
"313721732","2146380854","0.0555556"
"2154703852","2569247438","0.0555556"
"2569247438","2154703852","0.0555556"
"2204553623","2299613593","0.888889"
"2299613593","2204553623","0.888889"
"2204553623","2569247438","0.0555556"
"2569247438","2204553623","0.0555556"
"2299613593","2569247438","0.0555556"
"2569247438","2299613593","0.0555556"
"2299613593","313721732","0.255556"
"313721732","2299613593","0.255556"
"2569247438","313721732","0.0555556"
"313721732","2569247438","0.0555556"
"1551408939","1962363309","1.07143"
"1962363309","1551408939","1.07143"
"1551408939","2131822674","0.0714286"
"2131822674","1551408939","0.0714286"
"1590086676","2121273346","0.0714286"
"2121273346","1590086676","0.0714286"
"1800163202","1962363309","0.0714286"
"1962363309","1800163202","0.0714286"
"1800163202","2131822674","0.0714286"
"2131822674","1800163202","0.0714286"
"1962363309","2121273346","0.604762"
"2121273346","1962363309","0.604762"
"2087025987","2121273346","0.271429"
"2121273346","2087025987","0.271429"
"2121273346","2126527016","0.0714286"
"2126527016","2121273346","0.0714286"
"2121273346","2131822674","0.214286"
"2131822674","2121273346","0.214286"
"2121273346","2133091666","3.23492"
"2133091666","2121273346","3.23492"
"2121273346","2146380854","0.38254"
"2146380854","2121273346","0.38254"
"2121273346","2204553623","0.214286"
"2204553623","2121273346","0.214286"
"2131822674","2146380854","0.0714286"
"2146380854","2131822674","0.0714286"
"2266375225","2569247438","0.47619"
"2569247438","2266375225","0.47619"
"1531019793","1978414516","0.142857"
"1978414516","1531019793","0.142857"
"1531019793","2146380854","0.142857"
"2146380854","1531019793","0.142857"
"1531019793","2569247438","0.142857"
"2569247438","1531019793","0.142857"
"1978414516","2031779765","0.253968"
"2031779765","1978414516","0.253968"
"1978414516","2123003976","0.253968"
"2123003976","1978414516","0.253968"
"1978414516","2146380854","2.0873"
"2146380854","1978414516","2.0873"
"1978414516","2569247438","0.142857"
"2569247438","1978414516","0.142857"
"2031779765","2146380854","0.253968"
"2146380854","2031779765","0.253968"
"2031779765","2569247438","0.285714"
"2569247438","2031779765","0.285714"
"2146380854","2266375225","0.47619"
"2266375225","2146380854","0.47619"
"1551136449","2133091666","0.333333"
"2133091666","1551136449","0.333333"
"1551136449","1563448312","0.5"
"1563448312","1551136449","0.5"
"1551136449","1964048550","0.5"
"1964048550","1551136449","0.5"
"1563448312","1964048550","1.5"
"1964048550","1563448312","1.5"
"1563448312","2102494876","0.5"
"2102494876","1563448312","0.5"
"1964048550","2102494876","0.5"
"2102494876","1964048550","0.5"
"1551136449","2121273346","1"
"2121273346","1551136449","1"
"1551136449","1962363309","0.166667"
"1962363309","1551136449","0.166667"
"1551136449","2021944660","0.166667"
"2021944660","1551136449","0.166667"
"1563448312","1901811652","0.166667"
"1901811652","1563448312","0.166667"
"1563448312","1962363309","0.166667"
"1962363309","1563448312","0.166667"
"1563448312","2021944660","0.166667"
"2021944660","1563448312","0.166667"
"1962363309","2102494876","0.166667"
"2102494876","1962363309","0.166667"
"1551408939","2201914834","0.333333"
"2201914834","1551408939","0.333333"
"2102494876","2201914834","0.333333"
"2201914834","2102494876","0.333333"
"2154703852","2201914834","0.333333"
"2201914834","2154703852","0.333333"
"1551627600","2123241859","0.333333"
"2123241859","1551627600","0.333333"
"1551627600","2569247438","0.333333"
"2569247438","1551627600","0.333333"
"1551627600","2161642932","0.25"
"2161642932","1551627600","0.25"
"2031779765","2161642932","0.670635"
"2161642932","2031779765","0.670635"
"2123003976","2161642932","1.25397"
"2161642932","2123003976","1.25397"
"2133091666","2161642932","0.670635"
"2161642932","2133091666","0.670635"
"1563448312","2395337565","4"
"2395337565","1563448312","4"
"1754205611","1800163202","0.333333"
"1800163202","1754205611","0.333333"
"1754205611","2104872759","0.333333"
"2104872759","1754205611","0.333333"
"1754205611","2133091666","0.333333"
"2133091666","1754205611","0.333333"
"1800163202","2104872759","0.333333"
"2104872759","1800163202","0.333333"
"2104872759","2133091666","0.333333"
"2133091666","2104872759","0.333333"
"1800163202","1978414516","0.111111"
"1978414516","1800163202","0.111111"
"1800163202","2031779765","0.277778"
"2031779765","1800163202","0.277778"
"1800163202","73784630","0.611111"
"73784630","1800163202","0.611111"
"1901811652","1978414516","0.111111"
"1978414516","1901811652","0.111111"
"1901811652","2031779765","0.111111"
"2031779765","1901811652","0.111111"
"1901811652","2123003976","0.111111"
"2123003976","1901811652","0.111111"
"1901811652","2161642932","0.111111"
"2161642932","1901811652","0.111111"
"1901811652","73784630","0.111111"
"73784630","1901811652","0.111111"
"1978414516","2121273346","0.253968"
"2121273346","1978414516","0.253968"
"1978414516","2161642932","0.111111"
"2161642932","1978414516","0.111111"
"1978414516","73784630","0.611111"
"73784630","1978414516","0.611111"
"2146380854","2161642932","0.111111"
"2161642932","2146380854","0.111111"
"2146380854","73784630","0.111111"
"73784630","2146380854","0.111111"
"2161642932","73784630","0.420635"
"73784630","2161642932","0.420635"
"1800163202","39255559","0.5"
"39255559","1800163202","0.5"
"1800163202","1977135436","0.2"
"1977135436","1800163202","0.2"
"1977135436","2121273346","0.2"
"2121273346","1977135436","0.2"
"1977135436","2123003976","0.2"
"2123003976","1977135436","0.2"
"1977135436","2133091666","0.2"
"2133091666","1977135436","0.2"
"1977135436","2146380854","0.2"
"2146380854","1977135436","0.2"
"1962363309","2299613593","0.2"
"2299613593","1962363309","0.2"
"2121273346","2299613593","0.2"
"2299613593","2121273346","0.2"
"1962363309","39255559","0.2"
"39255559","1962363309","0.2"
"2133091666","39255559","0.4"
"39255559","2133091666","0.4"
"2204553623","39255559","0.2"
"39255559","2204553623","0.2"
"1962363309","2266375225","1.75"
"2266375225","1962363309","1.75"
"2131822674","2266375225","0.5"
"2266375225","2131822674","0.5"
"1962363309","2322968364","0.5"
"2322968364","1962363309","0.5"
"2266375225","2322968364","6.5"
"2322968364","2266375225","6.5"
"1962363309","1978414516","0.416667"
"1978414516","1962363309","0.416667"
"1978414516","2021944660","0.416667"
"2021944660","1978414516","0.416667"
"2021944660","2133091666","0.25"
"2133091666","2021944660","0.25"
"2021944660","2266375225","0.416667"
"2266375225","2021944660","0.416667"
"1962363309","2395337565","0.166667"
"2395337565","1962363309","0.166667"
"1964048550","1978414516","0.166667"
"1978414516","1964048550","0.166667"
"1964048550","2266375225","0.166667"
"2266375225","1964048550","0.166667"
"1964048550","2322968364","0.166667"
"2322968364","1964048550","0.166667"
"1964048550","2395337565","0.166667"
"2395337565","1964048550","0.166667"
"1978414516","2322968364","0.166667"
"2322968364","1978414516","0.166667"
"1978414516","2395337565","0.166667"
"2395337565","1978414516","0.166667"
"2021944660","2322968364","0.166667"
"2322968364","2021944660","0.166667"
"2021944660","2395337565","0.166667"
"2395337565","2021944660","0.166667"
"2266375225","2395337565","0.166667"
"2395337565","2266375225","0.166667"
"2322968364","2395337565","0.166667"
"2395337565","2322968364","0.166667"
"1964048550","2025938145","0.5"
"2025938145","1964048550","0.5"
"2021944660","2025938145","0.5"
"2025938145","2021944660","0.5"
"1978414516","2126527016","2"
"2126527016","1978414516","2"
"1978414516","2204553623","0.642857"
"2204553623","1978414516","0.642857"
"1978414516","313721732","0.142857"
"313721732","1978414516","0.142857"
"2025938145","2121273346","0.342857"
"2121273346","2025938145","0.342857"
"2025938145","39255559","0.2"
"39255559","2025938145","0.2"
"2087025987","39255559","0.2"
"39255559","2087025987","0.2"
"2031779765","2123241859","0.142857"
"2123241859","2031779765","0.142857"
"2121273346","2123241859","0.142857"
"2123241859","2121273346","0.142857"
"2121273346","2569247438","0.142857"
"2569247438","2121273346","0.142857"
"2123003976","2123241859","1.22619"
"2123241859","2123003976","1.22619"
"2123241859","2161642932","0.72619"
"2161642932","2123241859","0.72619"
"2123241859","73784630","0.142857"
"73784630","2123241859","0.142857"
"2161642932","2569247438","0.72619"
"2569247438","2161642932","0.72619"
"2569247438","73784630","0.142857"
"73784630","2569247438","0.142857"
"313721732","39255559","0.5"
"39255559","313721732","0.5"
"2123241859","262581405","0.583333"
"262581405","2123241859","0.583333"
"2161642932","262581405","0.25"
"262581405","2161642932","0.25"
"2131822674","2299613593","0.833333"
"2299613593","2131822674","0.833333"
"2201914834","2248658274","1"
"2248658274","2201914834","1"
