"126924136","2057506443","26.3214"
"2057506443","126924136","26.3214"
"126924136","1964563026","4.61667"
"1964563026","126924136","4.61667"
"126924136","2043545458","1.12143"
"2043545458","126924136","1.12143"
"126924136","2141087758","1.02143"
"2141087758","126924136","1.02143"
"126924136","333587792","0.321429"
"333587792","126924136","0.321429"
"2043545458","2057506443","1.71234"
"2057506443","2043545458","1.71234"
"2043545458","2141087758","1.02143"
"2141087758","2043545458","1.02143"
"2043545458","333587792","0.755952"
"333587792","2043545458","0.755952"
"2057506443","2141087758","1.52143"
"2141087758","2057506443","1.52143"
"2057506443","333587792","0.321429"
"333587792","2057506443","0.321429"
"2141087758","333587792","0.654762"
"333587792","2141087758","0.654762"
"1964563026","2057506443","4.61667"
"2057506443","1964563026","4.61667"
"126924136","1878377492","0.75"
"1878377492","126924136","0.75"
"1878377492","2057506443","0.75"
"2057506443","1878377492","0.75"
"1878377492","2141087758","0.5"
"2141087758","1878377492","0.5"
"126924136","2028672257","0.333333"
"2028672257","126924136","0.333333"
"126924136","62664711","0.404762"
"62664711","126924136","0.404762"
"2028672257","2057506443","0.424242"
"2057506443","2028672257","0.424242"
"2028672257","62664711","0.644023"
"62664711","2028672257","0.644023"
"2057506443","62664711","0.495671"
"62664711","2057506443","0.495671"
"126924136","2124890708","0.421429"
"2124890708","126924136","0.421429"
"126924136","2170877117","0.838095"
"2170877117","126924136","0.838095"
"126924136","2916602686","1.2881"
"2916602686","126924136","1.2881"
"2057506443","2124890708","0.512338"
"2124890708","2057506443","0.512338"
"2057506443","2170877117","0.838095"
"2170877117","2057506443","0.838095"
"2057506443","2916602686","1.379"
"2916602686","2057506443","1.379"
"2124890708","2170877117","0.421429"
"2170877117","2124890708","0.421429"
"2124890708","2916602686","0.512338"
"2916602686","2124890708","0.512338"
"2170877117","2916602686","0.588095"
"2916602686","2170877117","0.588095"
"126924136","2114254223","0.666667"
"2114254223","126924136","0.666667"
"126924136","2167403283","1.16667"
"2167403283","126924136","1.16667"
"2057506443","2114254223","0.666667"
"2114254223","2057506443","0.666667"
"2057506443","2167403283","1.16667"
"2167403283","2057506443","1.16667"
"2114254223","2167403283","8.2"
"2167403283","2114254223","8.2"
"1878377492","1964563026","0.416667"
"1964563026","1878377492","0.416667"
"1878377492","2170877117","0.416667"
"2170877117","1878377492","0.416667"
"1964563026","2170877117","0.416667"
"2170877117","1964563026","0.416667"
"1964563026","2043545458","0.2"
"2043545458","1964563026","0.2"
"1964563026","2141087758","0.366667"
"2141087758","1964563026","0.366667"
"1964563026","2916602686","0.366667"
"2916602686","1964563026","0.366667"
"2043545458","2916602686","0.462338"
"2916602686","2043545458","0.462338"
"2141087758","2916602686","0.438095"
"2916602686","2141087758","0.438095"
"126924136","2063687840","0.171429"
"2063687840","126924136","0.171429"
"126924136","2064210461","0.171429"
"2064210461","126924136","0.171429"
"126924136","2071018795","0.171429"
"2071018795","126924136","0.171429"
"126924136","2089391273","0.1"
"2089391273","126924136","0.1"
"126924136","2100453679","0.171429"
"2100453679","126924136","0.171429"
"2043545458","2063687840","0.314286"
"2063687840","2043545458","0.314286"
"2043545458","2064210461","1.89329"
"2064210461","2043545458","1.89329"
"2043545458","2071018795","0.333766"
"2071018795","2043545458","0.333766"
"2043545458","2089391273","0.524242"
"2089391273","2043545458","0.524242"
"2043545458","2100453679","0.476623"
"2100453679","2043545458","0.476623"
"2043545458","2124890708","4.0711"
"2124890708","2043545458","4.0711"
"2043545458","2170877117","0.171429"
"2170877117","2043545458","0.171429"
"2057506443","2063687840","0.171429"
"2063687840","2057506443","0.171429"
"2057506443","2064210461","0.262338"
"2064210461","2057506443","0.262338"
"2057506443","2071018795","0.171429"
"2071018795","2057506443","0.171429"
"2057506443","2089391273","0.190909"
"2089391273","2057506443","0.190909"
"2057506443","2100453679","0.171429"
"2100453679","2057506443","0.171429"
"2063687840","2064210461","0.171429"
"2064210461","2063687840","0.171429"
"2063687840","2071018795","0.171429"
"2071018795","2063687840","0.171429"
"2063687840","2089391273","0.1"
"2089391273","2063687840","0.1"
"2063687840","2100453679","0.171429"
"2100453679","2063687840","0.171429"
"2063687840","2124890708","0.314286"
"2124890708","2063687840","0.314286"
"2063687840","2170877117","0.171429"
"2170877117","2063687840","0.171429"
"2063687840","2916602686","0.171429"
"2916602686","2063687840","0.171429"
"2064210461","2071018795","0.37619"
"2071018795","2064210461","0.37619"
"2064210461","2089391273","0.324242"
"2089391273","2064210461","0.324242"
"2064210461","2100453679","0.37619"
"2100453679","2064210461","0.37619"
"2064210461","2124890708","2.20996"
"2124890708","2064210461","2.20996"
"2064210461","2170877117","0.171429"
"2170877117","2064210461","0.171429"
"2064210461","2916602686","0.262338"
"2916602686","2064210461","0.262338"
"2071018795","2089391273","0.233333"
"2089391273","2071018795","0.233333"
"2071018795","2100453679","0.633766"
"2100453679","2071018795","0.633766"
"2071018795","2124890708","0.400433"
"2124890708","2071018795","0.400433"
"2071018795","2170877117","0.171429"
"2170877117","2071018795","0.171429"
"2071018795","2916602686","0.171429"
"2916602686","2071018795","0.171429"
"2089391273","2100453679","0.310256"
"2100453679","2089391273","0.310256"
"2089391273","2124890708","0.257576"
"2124890708","2089391273","0.257576"
"2089391273","2170877117","0.1"
"2170877117","2089391273","0.1"
"2089391273","2916602686","0.267832"
"2916602686","2089391273","0.267832"
"2100453679","2124890708","0.876623"
"2124890708","2100453679","0.876623"
"2100453679","2170877117","0.171429"
"2170877117","2100453679","0.171429"
"2100453679","2916602686","0.581685"
"2916602686","2100453679","0.581685"
"126924136","2023211294","0.2"
"2023211294","126924136","0.2"
"126924136","2024111953","0.2"
"2024111953","126924136","0.2"
"126924136","2045316077","0.2"
"2045316077","126924136","0.2"
"126924136","2052819443","0.2"
"2052819443","126924136","0.2"
"2023211294","2024111953","0.529762"
"2024111953","2023211294","0.529762"
"2023211294","2045316077","1.54643"
"2045316077","2023211294","1.54643"
"2023211294","2052819443","0.342857"
"2052819443","2023211294","0.342857"
"2023211294","2057506443","0.290909"
"2057506443","2023211294","0.290909"
"2024111953","2045316077","0.463095"
"2045316077","2024111953","0.463095"
"2024111953","2052819443","0.2"
"2052819443","2024111953","0.2"
"2024111953","2057506443","0.2"
"2057506443","2024111953","0.2"
"2045316077","2052819443","0.2"
"2052819443","2045316077","0.2"
"2045316077","2057506443","0.2"
"2057506443","2045316077","0.2"
"2052819443","2057506443","0.2"
"2057506443","2052819443","0.2"
"126924136","2046025323","0.0714286"
"2046025323","126924136","0.0714286"
"126924136","2184542614","0.0714286"
"2184542614","126924136","0.0714286"
"2043545458","2046025323","0.828571"
"2046025323","2043545458","0.828571"
"2043545458","2184542614","0.828571"
"2184542614","2043545458","0.828571"
"2043545458","62664711","0.448052"
"62664711","2043545458","0.448052"
"2046025323","2057506443","0.0714286"
"2057506443","2046025323","0.0714286"
"2046025323","2063687840","0.0714286"
"2063687840","2046025323","0.0714286"
"2046025323","2064210461","0.709524"
"2064210461","2046025323","0.709524"
"2046025323","2071018795","0.209524"
"2071018795","2046025323","0.209524"
"2046025323","2100453679","0.352381"
"2100453679","2046025323","0.352381"
"2046025323","2124890708","0.695238"
"2124890708","2046025323","0.695238"
"2046025323","2141087758","0.0714286"
"2141087758","2046025323","0.0714286"
"2046025323","2170877117","0.0714286"
"2170877117","2046025323","0.0714286"
"2046025323","2184542614","6.00635"
"2184542614","2046025323","6.00635"
"2046025323","2916602686","0.0714286"
"2916602686","2046025323","0.0714286"
"2046025323","333587792","1.93254"
"333587792","2046025323","1.93254"
"2046025323","62664711","0.0714286"
"62664711","2046025323","0.0714286"
"2057506443","2184542614","0.0714286"
"2184542614","2057506443","0.0714286"
"2063687840","2141087758","2.07143"
"2141087758","2063687840","2.07143"
"2063687840","2184542614","0.0714286"
"2184542614","2063687840","0.0714286"
"2063687840","333587792","0.214286"
"333587792","2063687840","0.214286"
"2063687840","62664711","0.214286"
"62664711","2063687840","0.214286"
"2064210461","2141087758","1.60476"
"2141087758","2064210461","1.60476"
"2064210461","2184542614","0.709524"
"2184542614","2064210461","0.709524"
"2064210461","333587792","0.571429"
"333587792","2064210461","0.571429"
"2064210461","62664711","0.505195"
"62664711","2064210461","0.505195"
"2071018795","2141087758","0.0714286"
"2141087758","2071018795","0.0714286"
"2071018795","2184542614","0.209524"
"2184542614","2071018795","0.209524"
"2071018795","333587792","0.271429"
"333587792","2071018795","0.271429"
"2071018795","62664711","0.0714286"
"62664711","2071018795","0.0714286"
"2100453679","2141087758","0.0714286"
"2141087758","2100453679","0.0714286"
"2100453679","2184542614","0.352381"
"2184542614","2100453679","0.352381"
"2100453679","333587792","2.48168"
"333587792","2100453679","2.48168"
"2100453679","62664711","3.68168"
"62664711","2100453679","3.68168"
"2124890708","2141087758","0.571429"
"2141087758","2124890708","0.571429"
"2124890708","2184542614","0.695238"
"2184542614","2124890708","0.695238"
"2124890708","333587792","0.505952"
"333587792","2124890708","0.505952"
"2124890708","62664711","0.448052"
"62664711","2124890708","0.448052"
"2141087758","2170877117","0.238095"
"2170877117","2141087758","0.238095"
"2141087758","2184542614","0.0714286"
"2184542614","2141087758","0.0714286"
"2141087758","62664711","2.60476"
"62664711","2141087758","2.60476"
"2170877117","2184542614","0.0714286"
"2184542614","2170877117","0.0714286"
"2170877117","333587792","0.0714286"
"333587792","2170877117","0.0714286"
"2170877117","62664711","0.0714286"
"62664711","2170877117","0.0714286"
"2184542614","2916602686","0.0714286"
"2916602686","2184542614","0.0714286"
"2184542614","333587792","0.93254"
"333587792","2184542614","0.93254"
"2184542614","62664711","0.0714286"
"62664711","2184542614","0.0714286"
"2916602686","333587792","1.48168"
"333587792","2916602686","1.48168"
"2916602686","62664711","1.07259"
"62664711","2916602686","1.07259"
"333587792","62664711","0.624542"
"62664711","333587792","0.624542"
"1878377492","2916602686","0.166667"
"2916602686","1878377492","0.166667"
"1490636636","2539511637","1"
"2539511637","1490636636","1"
"1490636636","1522927312","1"
"1522927312","1490636636","1"
"1490636636","2160732687","1"
"2160732687","1490636636","1"
"1490636636","2959613672","1"
"2959613672","1490636636","1"
"1490636636","2128981757","0.333333"
"2128981757","1490636636","0.333333"
"1490636636","2494256607","0.333333"
"2494256607","1490636636","0.333333"
"1490636636","37083855","0.333333"
"37083855","1490636636","0.333333"
"2128981757","2494256607","3.66667"
"2494256607","2128981757","3.66667"
"2128981757","37083855","1.66667"
"37083855","2128981757","1.66667"
"2494256607","37083855","0.666667"
"37083855","2494256607","0.666667"
"1522927312","2130496177","1"
"2130496177","1522927312","1"
"1522927312","2037935179","0.5"
"2037935179","1522927312","0.5"
"1522927312","2141087758","0.833333"
"2141087758","1522927312","0.833333"
"2037935179","2141087758","0.5"
"2141087758","2037935179","0.5"
"1522927312","2154053567","1"
"2154053567","1522927312","1"
"1522927312","2157682389","0.5"
"2157682389","1522927312","0.5"
"1522927312","62664711","1.5"
"62664711","1522927312","1.5"
"2157682389","62664711","2.53333"
"62664711","2157682389","2.53333"
"1522927312","2064210461","0.333333"
"2064210461","1522927312","0.333333"
"1522927312","333587792","0.333333"
"333587792","1522927312","0.333333"
"1522927312","2063687840","1"
"2063687840","1522927312","1"
"1529557697","2141087758","0.533333"
"2141087758","1529557697","0.533333"
"1529557697","2157682389","0.533333"
"2157682389","1529557697","0.533333"
"1529557697","62664711","1.11026"
"62664711","1529557697","1.11026"
"2141087758","2157682389","0.533333"
"2157682389","2141087758","0.533333"
"1529557697","2150969552","0.5"
"2150969552","1529557697","0.5"
"2150969552","62664711","0.5"
"62664711","2150969552","0.5"
"1529557697","200673309","0.0769231"
"200673309","1529557697","0.0769231"
"1529557697","2023211294","0.276923"
"2023211294","1529557697","0.276923"
"1529557697","2027940250","0.0769231"
"2027940250","1529557697","0.0769231"
"1529557697","2028672257","0.0769231"
"2028672257","1529557697","0.0769231"
"1529557697","2030055826","0.0769231"
"2030055826","1529557697","0.0769231"
"1529557697","2089391273","0.0769231"
"2089391273","1529557697","0.0769231"
"1529557697","2100453679","0.0769231"
"2100453679","1529557697","0.0769231"
"1529557697","2114254223","0.0769231"
"2114254223","1529557697","0.0769231"
"1529557697","2124261054","0.0769231"
"2124261054","1529557697","0.0769231"
"1529557697","2152478904","0.0769231"
"2152478904","1529557697","0.0769231"
"1529557697","2916602686","0.0769231"
"2916602686","1529557697","0.0769231"
"1529557697","333587792","0.0769231"
"333587792","1529557697","0.0769231"
"200673309","2023211294","0.0769231"
"2023211294","200673309","0.0769231"
"200673309","2027940250","0.0769231"
"2027940250","200673309","0.0769231"
"200673309","2028672257","0.0769231"
"2028672257","200673309","0.0769231"
"200673309","2030055826","0.0769231"
"2030055826","200673309","0.0769231"
"200673309","2089391273","0.0769231"
"2089391273","200673309","0.0769231"
"200673309","2100453679","0.0769231"
"2100453679","200673309","0.0769231"
"200673309","2114254223","0.0769231"
"2114254223","200673309","0.0769231"
"200673309","2124261054","0.0769231"
"2124261054","200673309","0.0769231"
"200673309","2152478904","1.07692"
"2152478904","200673309","1.07692"
"200673309","2916602686","0.0769231"
"2916602686","200673309","0.0769231"
"200673309","333587792","0.0769231"
"333587792","200673309","0.0769231"
"200673309","62664711","0.0769231"
"62664711","200673309","0.0769231"
"2023211294","2027940250","0.0769231"
"2027940250","2023211294","0.0769231"
"2023211294","2028672257","13.6801"
"2028672257","2023211294","13.6801"
"2023211294","2030055826","0.372594"
"2030055826","2023211294","0.372594"
"2023211294","2089391273","5.30117"
"2089391273","2023211294","5.30117"
"2023211294","2100453679","0.615018"
"2100453679","2023211294","0.615018"
"2023211294","2114254223","0.0769231"
"2114254223","2023211294","0.0769231"
"2023211294","2124261054","0.281685"
"2124261054","2023211294","0.281685"
"2023211294","2152478904","0.601923"
"2152478904","2023211294","0.601923"
"2023211294","2916602686","0.167832"
"2916602686","2023211294","0.167832"
"2023211294","333587792","0.955891"
"333587792","2023211294","0.955891"
"2023211294","62664711","0.653546"
"62664711","2023211294","0.653546"
"2027940250","2028672257","0.0769231"
"2028672257","2027940250","0.0769231"
"2027940250","2030055826","0.0769231"
"2030055826","2027940250","0.0769231"
"2027940250","2089391273","0.0769231"
"2089391273","2027940250","0.0769231"
"2027940250","2100453679","0.410256"
"2100453679","2027940250","0.410256"
"2027940250","2114254223","0.0769231"
"2114254223","2027940250","0.0769231"
"2027940250","2124261054","0.0769231"
"2124261054","2027940250","0.0769231"
"2027940250","2152478904","0.410256"
"2152478904","2027940250","0.410256"
"2027940250","2916602686","0.0769231"
"2916602686","2027940250","0.0769231"
"2027940250","333587792","0.0769231"
"333587792","2027940250","0.0769231"
"2027940250","62664711","0.410256"
"62664711","2027940250","0.410256"
"2028672257","2030055826","0.301165"
"2030055826","2028672257","0.301165"
"2028672257","2089391273","5.30117"
"2089391273","2028672257","5.30117"
"2028672257","2100453679","0.54359"
"2100453679","2028672257","0.54359"
"2028672257","2114254223","0.0769231"
"2114254223","2028672257","0.0769231"
"2028672257","2124261054","0.210256"
"2124261054","2028672257","0.210256"
"2028672257","2152478904","0.601923"
"2152478904","2028672257","0.601923"
"2028672257","2916602686","0.167832"
"2916602686","2028672257","0.167832"
"2028672257","333587792","0.789225"
"333587792","2028672257","0.789225"
"2030055826","2089391273","0.301165"
"2089391273","2030055826","0.301165"
"2030055826","2100453679","0.448352"
"2100453679","2030055826","0.448352"
"2030055826","2114254223","0.0769231"
"2114254223","2030055826","0.0769231"
"2030055826","2124261054","1.14835"
"2124261054","2030055826","1.14835"
"2030055826","2152478904","0.14359"
"2152478904","2030055826","0.14359"
"2030055826","2916602686","0.167832"
"2916602686","2030055826","0.167832"
"2030055826","333587792","0.526923"
"333587792","2030055826","0.526923"
"2030055826","62664711","0.167832"
"62664711","2030055826","0.167832"
"2089391273","2114254223","0.0769231"
"2114254223","2089391273","0.0769231"
"2089391273","2124261054","0.210256"
"2124261054","2089391273","0.210256"
"2089391273","2152478904","0.14359"
"2152478904","2089391273","0.14359"
"2089391273","333587792","0.0769231"
"333587792","2089391273","0.0769231"
"2089391273","62664711","0.167832"
"62664711","2089391273","0.167832"
"2100453679","2114254223","0.610256"
"2114254223","2100453679","0.610256"
"2100453679","2124261054","0.424542"
"2124261054","2100453679","0.424542"
"2100453679","2152478904","0.810256"
"2152478904","2100453679","0.810256"
"2114254223","2124261054","0.0769231"
"2124261054","2114254223","0.0769231"
"2114254223","2152478904","0.0769231"
"2152478904","2114254223","0.0769231"
"2114254223","2916602686","0.0769231"
"2916602686","2114254223","0.0769231"
"2114254223","333587792","0.0769231"
"333587792","2114254223","0.0769231"
"2114254223","62664711","1.11026"
"62664711","2114254223","1.11026"
"2124261054","2152478904","0.14359"
"2152478904","2124261054","0.14359"
"2124261054","2916602686","0.0769231"
"2916602686","2124261054","0.0769231"
"2124261054","333587792","0.276923"
"333587792","2124261054","0.276923"
"2124261054","62664711","0.0769231"
"62664711","2124261054","0.0769231"
"2152478904","2916602686","0.576923"
"2916602686","2152478904","0.576923"
"2152478904","333587792","0.535256"
"333587792","2152478904","0.535256"
"2152478904","62664711","1.94359"
"62664711","2152478904","1.94359"
"1529557697","2064210461","0.2"
"2064210461","1529557697","0.2"
"2023211294","2064210461","1.05519"
"2064210461","2023211294","1.05519"
"2023211294","2141087758","0.2"
"2141087758","2023211294","0.2"
"2023211294","2157682389","0.2"
"2157682389","2023211294","0.2"
"2064210461","2157682389","0.2"
"2157682389","2064210461","0.2"
"1878377492","2052819443","0.333333"
"2052819443","1878377492","0.333333"
"1878377492","2124890708","0.333333"
"2124890708","1878377492","0.333333"
"1878377492","2167403283","0.333333"
"2167403283","1878377492","0.333333"
"2052819443","2124890708","0.47619"
"2124890708","2052819443","0.47619"
"2052819443","2167403283","2.23333"
"2167403283","2052819443","2.23333"
"2124890708","2167403283","0.333333"
"2167403283","2124890708","0.333333"
"1973714356","2023221658","0.366667"
"2023221658","1973714356","0.366667"
"1973714356","2032909675","7.95"
"2032909675","1973714356","7.95"
"1973714356","2037935179","0.7"
"2037935179","1973714356","0.7"
"1973714356","2154053567","0.416667"
"2154053567","1973714356","0.416667"
"1973714356","2171837816","0.616667"
"2171837816","1973714356","0.616667"
"1973714356","2917300136","0.366667"
"2917300136","1973714356","0.366667"
"2023221658","2032909675","1.11667"
"2032909675","2023221658","1.11667"
"2023221658","2037935179","0.616667"
"2037935179","2023221658","0.616667"
"2023221658","2154053567","0.166667"
"2154053567","2023221658","0.166667"
"2023221658","2171837816","10.6167"
"2171837816","2023221658","10.6167"
"2023221658","2917300136","3.36667"
"2917300136","2023221658","3.36667"
"2032909675","2037935179","0.95"
"2037935179","2032909675","0.95"
"2032909675","2154053567","1.41667"
"2154053567","2032909675","1.41667"
"2032909675","2171837816","1.36667"
"2171837816","2032909675","1.36667"
"2032909675","2917300136","0.616667"
"2917300136","2032909675","0.616667"
"2037935179","2154053567","2.16667"
"2154053567","2037935179","2.16667"
"2037935179","2171837816","0.616667"
"2171837816","2037935179","0.616667"
"2037935179","2917300136","1.61667"
"2917300136","2037935179","1.61667"
"2154053567","2171837816","0.916667"
"2171837816","2154053567","0.916667"
"2154053567","2917300136","0.666667"
"2917300136","2154053567","0.666667"
"2171837816","2917300136","5.61667"
"2917300136","2171837816","5.61667"
"1973714356","1989174562","0.611111"
"1989174562","1973714356","0.611111"
"1973714356","2023211294","0.111111"
"2023211294","1973714356","0.111111"
"1973714356","2028672257","0.111111"
"2028672257","1973714356","0.111111"
"1973714356","2046025323","0.111111"
"2046025323","1973714356","0.111111"
"1973714356","2119571791","0.111111"
"2119571791","1973714356","0.111111"
"1973714356","2121236959","0.111111"
"2121236959","1973714356","0.111111"
"1973714356","2150969552","0.111111"
"2150969552","1973714356","0.111111"
"1973714356","2184542614","0.111111"
"2184542614","1973714356","0.111111"
"1973714356","333587792","0.111111"
"333587792","1973714356","0.111111"
"1989174562","2023211294","0.70754"
"2023211294","1989174562","0.70754"
"1989174562","2028672257","0.636111"
"2028672257","1989174562","0.636111"
"1989174562","2046025323","1.45159"
"2046025323","1989174562","1.45159"
"1989174562","2119571791","1.26631"
"2119571791","1989174562","1.26631"
"1989174562","2121236959","0.111111"
"2121236959","1989174562","0.111111"
"1989174562","2150969552","0.111111"
"2150969552","1989174562","0.111111"
"1989174562","2184542614","1.45159"
"2184542614","1989174562","1.45159"
"1989174562","333587792","0.236111"
"333587792","1989174562","0.236111"
"2023211294","2046025323","0.249206"
"2046025323","2023211294","0.249206"
"2023211294","2119571791","0.815873"
"2119571791","2023211294","0.815873"
"2023211294","2121236959","0.111111"
"2121236959","2023211294","0.111111"
"2023211294","2150969552","0.111111"
"2150969552","2023211294","0.111111"
"2023211294","2184542614","0.249206"
"2184542614","2023211294","0.249206"
"2028672257","2046025323","0.177778"
"2046025323","2028672257","0.177778"
"2028672257","2119571791","0.744444"
"2119571791","2028672257","0.744444"
"2028672257","2121236959","0.111111"
"2121236959","2028672257","0.111111"
"2028672257","2150969552","0.111111"
"2150969552","2028672257","0.111111"
"2028672257","2184542614","0.177778"
"2184542614","2028672257","0.177778"
"2046025323","2119571791","0.842063"
"2119571791","2046025323","0.842063"
"2046025323","2121236959","0.777778"
"2121236959","2046025323","0.777778"
"2046025323","2150969552","1.27778"
"2150969552","2046025323","1.27778"
"2119571791","2121236959","0.111111"
"2121236959","2119571791","0.111111"
"2119571791","2150969552","0.111111"
"2150969552","2119571791","0.111111"
"2119571791","2184542614","0.842063"
"2184542614","2119571791","0.842063"
"2119571791","333587792","0.311111"
"333587792","2119571791","0.311111"
"2121236959","2150969552","21.1111"
"2150969552","2121236959","21.1111"
"2121236959","2184542614","0.777778"
"2184542614","2121236959","0.777778"
"2121236959","333587792","0.111111"
"333587792","2121236959","0.111111"
"2150969552","2184542614","1.27778"
"2184542614","2150969552","1.27778"
"2150969552","333587792","0.111111"
"333587792","2150969552","0.111111"
"1973714356","2507800839","0.333333"
"2507800839","1973714356","0.333333"
"2032909675","2507800839","0.333333"
"2507800839","2032909675","0.333333"
"2037935179","2507800839","2.33333"
"2507800839","2037935179","2.33333"
"1973714356","2130496177","0.5"
"2130496177","1973714356","0.5"
"1973714356","2141087758","0.5"
"2141087758","1973714356","0.5"
"2130496177","2141087758","4"
"2141087758","2130496177","4"
"1989174562","2032909675","0.5"
"2032909675","1989174562","0.5"
"1973714356","2108740562","0.25"
"2108740562","1973714356","0.25"
"2032909675","2108740562","0.25"
"2108740562","2032909675","0.25"
"2108740562","2154053567","0.75"
"2154053567","2108740562","0.75"
"2108740562","2171837816","0.25"
"2171837816","2108740562","0.25"
"1973714356","2064210461","0.5"
"2064210461","1973714356","0.5"
"2032909675","2064210461","0.5"
"2064210461","2032909675","0.5"
"1975930001","1989174562","0.407576"
"1989174562","1975930001","0.407576"
"1975930001","2043545458","0.340909"
"2043545458","1975930001","0.340909"
"1975930001","2045316077","0.157576"
"2045316077","1975930001","0.157576"
"1975930001","2071018795","0.324242"
"2071018795","1975930001","0.324242"
"1975930001","2100453679","0.324242"
"2100453679","1975930001","0.324242"
"1975930001","2119571791","0.324242"
"2119571791","1975930001","0.324242"
"1975930001","2124890708","0.340909"
"2124890708","1975930001","0.340909"
"1975930001","213042921","0.0909091"
"213042921","1975930001","0.0909091"
"1975930001","2160732687","0.840909"
"2160732687","1975930001","0.840909"
"1975930001","2574608776","0.0909091"
"2574608776","1975930001","0.0909091"
"1975930001","2776449696","0.257576"
"2776449696","1975930001","0.257576"
"1989174562","2043545458","2.88972"
"2043545458","1989174562","2.88972"
"1989174562","2045316077","0.973052"
"2045316077","1989174562","0.973052"
"1989174562","2071018795","0.229004"
"2071018795","1989174562","0.229004"
"1989174562","2100453679","0.705195"
"2100453679","1989174562","0.705195"
"1989174562","2124890708","3.68972"
"2124890708","1989174562","3.68972"
"1989174562","213042921","0.0909091"
"213042921","1989174562","0.0909091"
"1989174562","2160732687","1.09091"
"2160732687","1989174562","1.09091"
"1989174562","2574608776","0.0909091"
"2574608776","1989174562","0.0909091"
"1989174562","2776449696","0.0909091"
"2776449696","1989174562","0.0909091"
"2043545458","2045316077","0.739719"
"2045316077","2043545458","0.739719"
"2043545458","2119571791","0.505195"
"2119571791","2043545458","0.505195"
"2043545458","213042921","0.0909091"
"213042921","2043545458","0.0909091"
"2043545458","2160732687","0.0909091"
"2160732687","2043545458","0.0909091"
"2043545458","2574608776","0.0909091"
"2574608776","2043545458","0.0909091"
"2043545458","2776449696","0.0909091"
"2776449696","2043545458","0.0909091"
"2045316077","2071018795","0.229004"
"2071018795","2045316077","0.229004"
"2045316077","2100453679","0.705195"
"2100453679","2045316077","0.705195"
"2045316077","2119571791","0.371861"
"2119571791","2045316077","0.371861"
"2045316077","2124890708","0.989719"
"2124890708","2045316077","0.989719"
"2045316077","213042921","0.0909091"
"213042921","2045316077","0.0909091"
"2045316077","2160732687","0.0909091"
"2160732687","2045316077","0.0909091"
"2045316077","2574608776","0.0909091"
"2574608776","2045316077","0.0909091"
"2045316077","2776449696","0.0909091"
"2776449696","2045316077","0.0909091"
"2071018795","2119571791","1.66234"
"2119571791","2071018795","1.66234"
"2071018795","213042921","0.0909091"
"213042921","2071018795","0.0909091"
"2071018795","2160732687","0.157576"
"2160732687","2071018795","0.157576"
"2071018795","2574608776","0.0909091"
"2574608776","2071018795","0.0909091"
"2071018795","2776449696","0.257576"
"2776449696","2071018795","0.257576"
"2100453679","2119571791","0.795671"
"2119571791","2100453679","0.795671"
"2100453679","213042921","0.0909091"
"213042921","2100453679","0.0909091"
"2100453679","2160732687","0.157576"
"2160732687","2100453679","0.157576"
"2100453679","2574608776","0.0909091"
"2574608776","2100453679","0.0909091"
"2100453679","2776449696","0.257576"
"2776449696","2100453679","0.257576"
"2119571791","2124890708","0.705195"
"2124890708","2119571791","0.705195"
"2119571791","213042921","0.0909091"
"213042921","2119571791","0.0909091"
"2119571791","2160732687","0.157576"
"2160732687","2119571791","0.157576"
"2119571791","2574608776","0.0909091"
"2574608776","2119571791","0.0909091"
"2119571791","2776449696","0.257576"
"2776449696","2119571791","0.257576"
"2124890708","213042921","0.0909091"
"213042921","2124890708","0.0909091"
"2124890708","2160732687","0.157576"
"2160732687","2124890708","0.157576"
"2124890708","2574608776","0.0909091"
"2574608776","2124890708","0.0909091"
"2124890708","2776449696","0.0909091"
"2776449696","2124890708","0.0909091"
"213042921","2160732687","0.0909091"
"2160732687","213042921","0.0909091"
"213042921","2574608776","0.0909091"
"2574608776","213042921","0.0909091"
"213042921","2776449696","0.0909091"
"2776449696","213042921","0.0909091"
"2160732687","2574608776","0.924242"
"2574608776","2160732687","0.924242"
"2160732687","2776449696","0.340909"
"2776449696","2160732687","0.340909"
"2574608776","2776449696","0.0909091"
"2776449696","2574608776","0.0909091"
"1975930001","200673309","0.75"
"200673309","1975930001","0.75"
"200673309","2160732687","2.25"
"2160732687","200673309","2.25"
"1975930001","2027940250","1"
"2027940250","1975930001","1"
"1975930001","2023211294","0.0666667"
"2023211294","1975930001","0.0666667"
"1975930001","2024111953","0.0666667"
"2024111953","1975930001","0.0666667"
"1975930001","2028672257","0.0666667"
"2028672257","1975930001","0.0666667"
"1975930001","2030055826","0.233333"
"2030055826","1975930001","0.233333"
"1975930001","2030103537","0.233333"
"2030103537","1975930001","0.233333"
"1975930001","2064210461","0.0666667"
"2064210461","1975930001","0.0666667"
"1975930001","2068599126","0.0666667"
"2068599126","1975930001","0.0666667"
"1975930001","2089391273","0.0666667"
"2089391273","1975930001","0.0666667"
"1975930001","2124261054","0.316667"
"2124261054","1975930001","0.316667"
"1975930001","2152478904","0.0666667"
"2152478904","1975930001","0.0666667"
"1989174562","2024111953","0.263095"
"2024111953","1989174562","0.263095"
"1989174562","2030055826","0.138095"
"2030055826","1989174562","0.138095"
"1989174562","2030103537","0.138095"
"2030103537","1989174562","0.138095"
"1989174562","2064210461","1.1381"
"2064210461","1989174562","1.1381"
"1989174562","2068599126","0.0666667"
"2068599126","1989174562","0.0666667"
"1989174562","2089391273","0.4"
"2089391273","1989174562","0.4"
"1989174562","2124261054","2.99048"
"2124261054","1989174562","2.99048"
"1989174562","2152478904","0.191667"
"2152478904","1989174562","0.191667"
"2023211294","2030103537","0.438528"
"2030103537","2023211294","0.438528"
"2023211294","2068599126","0.133333"
"2068599126","2023211294","0.133333"
"2023211294","2071018795","0.204762"
"2071018795","2023211294","0.204762"
"2024111953","2028672257","0.258333"
"2028672257","2024111953","0.258333"
"2024111953","2030055826","0.204762"
"2030055826","2024111953","0.204762"
"2024111953","2030103537","0.204762"
"2030103537","2024111953","0.204762"
"2024111953","2064210461","0.204762"
"2064210461","2024111953","0.204762"
"2024111953","2068599126","0.133333"
"2068599126","2024111953","0.133333"
"2024111953","2071018795","0.204762"
"2071018795","2024111953","0.204762"
"2024111953","2089391273","0.133333"
"2089391273","2024111953","0.133333"
"2024111953","2100453679","0.204762"
"2100453679","2024111953","0.204762"
"2024111953","2119571791","0.204762"
"2119571791","2024111953","0.204762"
"2024111953","2124261054","0.204762"
"2124261054","2024111953","0.204762"
"2024111953","2152478904","0.191667"
"2152478904","2024111953","0.191667"
"2028672257","2030103537","0.224242"
"2030103537","2028672257","0.224242"
"2028672257","2045316077","1.10833"
"2045316077","2028672257","1.10833"
"2028672257","2064210461","0.474242"
"2064210461","2028672257","0.474242"
"2028672257","2068599126","0.133333"
"2068599126","2028672257","0.133333"
"2028672257","2071018795","0.133333"
"2071018795","2028672257","0.133333"
"2030055826","2030103537","6.24567"
"2030103537","2030055826","6.24567"
"2030055826","2045316077","0.138095"
"2045316077","2030055826","0.138095"
"2030055826","2064210461","0.295671"
"2064210461","2030055826","0.295671"
"2030055826","2068599126","0.133333"
"2068599126","2030055826","0.133333"
"2030055826","2071018795","0.904762"
"2071018795","2030055826","0.904762"
"2030055826","2119571791","0.571429"
"2119571791","2030055826","0.571429"
"2030103537","2045316077","0.138095"
"2045316077","2030103537","0.138095"
"2030103537","2064210461","0.438528"
"2064210461","2030103537","0.438528"
"2030103537","2068599126","0.133333"
"2068599126","2030103537","0.133333"
"2030103537","2071018795","0.904762"
"2071018795","2030103537","0.904762"
"2030103537","2089391273","0.224242"
"2089391273","2030103537","0.224242"
"2030103537","2100453679","0.371429"
"2100453679","2030103537","0.371429"
"2030103537","2119571791","0.571429"
"2119571791","2030103537","0.571429"
"2030103537","2124261054","0.738095"
"2124261054","2030103537","0.738095"
"2030103537","2152478904","0.0666667"
"2152478904","2030103537","0.0666667"
"2045316077","2064210461","0.304762"
"2064210461","2045316077","0.304762"
"2045316077","2068599126","0.0666667"
"2068599126","2045316077","0.0666667"
"2045316077","2089391273","0.0666667"
"2089391273","2045316077","0.0666667"
"2045316077","2124261054","0.42381"
"2124261054","2045316077","0.42381"
"2045316077","2152478904","0.191667"
"2152478904","2045316077","0.191667"
"2064210461","2068599126","0.133333"
"2068599126","2064210461","0.133333"
"2064210461","2119571791","0.204762"
"2119571791","2064210461","0.204762"
"2064210461","2124261054","0.204762"
"2124261054","2064210461","0.204762"
"2064210461","2152478904","0.0666667"
"2152478904","2064210461","0.0666667"
"2068599126","2071018795","0.133333"
"2071018795","2068599126","0.133333"
"2068599126","2089391273","0.133333"
"2089391273","2068599126","0.133333"
"2068599126","2100453679","0.133333"
"2100453679","2068599126","0.133333"
"2068599126","2119571791","0.133333"
"2119571791","2068599126","0.133333"
"2068599126","2124261054","0.133333"
"2124261054","2068599126","0.133333"
"2068599126","2152478904","0.0666667"
"2152478904","2068599126","0.0666667"
"2071018795","2124261054","0.738095"
"2124261054","2071018795","0.738095"
"2071018795","2152478904","0.0666667"
"2152478904","2071018795","0.0666667"
"2089391273","2119571791","0.133333"
"2119571791","2089391273","0.133333"
"2119571791","2124261054","1.99762"
"2124261054","2119571791","1.99762"
"2119571791","2152478904","0.566667"
"2152478904","2119571791","0.566667"
"1975930001","2141659418","0.25"
"2141659418","1975930001","0.25"
"1975930001","2917300136","0.25"
"2917300136","1975930001","0.25"
"200673309","2141659418","0.25"
"2141659418","200673309","0.25"
"200673309","2917300136","0.75"
"2917300136","200673309","0.75"
"2141659418","2160732687","0.25"
"2160732687","2141659418","0.25"
"2141659418","2917300136","0.25"
"2917300136","2141659418","0.25"
"2160732687","2917300136","2"
"2917300136","2160732687","2"
"2043545458","2124261054","1.34048"
"2124261054","2043545458","1.34048"
"2124261054","2124890708","1.70714"
"2124890708","2124261054","1.70714"
"1975930001","2140147287","1"
"2140147287","1975930001","1"
"1975930001","2150969552","1"
"2150969552","1975930001","1"
"2030055826","2776449696","0.166667"
"2776449696","2030055826","0.166667"
"2030103537","2776449696","0.166667"
"2776449696","2030103537","0.166667"
"1989174562","2140147287","1.16667"
"2140147287","1989174562","1.16667"
"2064210461","2140147287","1.65043"
"2140147287","2064210461","1.65043"
"2023211294","2043545458","0.989719"
"2043545458","2023211294","0.989719"
"2023211294","2124890708","1.88972"
"2124890708","2023211294","1.88972"
"2024111953","2043545458","0.696429"
"2043545458","2024111953","0.696429"
"2024111953","2124890708","0.763095"
"2124890708","2024111953","0.763095"
"2024111953","333587792","0.125"
"333587792","2024111953","0.125"
"2028672257","2043545458","0.608766"
"2043545458","2028672257","0.608766"
"2028672257","2124890708","0.675433"
"2124890708","2028672257","0.675433"
"2043545458","2152478904","0.125"
"2152478904","2043545458","0.125"
"2045316077","333587792","0.291667"
"333587792","2045316077","0.291667"
"2124890708","2152478904","0.125"
"2152478904","2124890708","0.125"
"2045316077","2046025323","0.357143"
"2046025323","2045316077","0.357143"
"2045316077","2184542614","0.357143"
"2184542614","2045316077","0.357143"
"2046025323","2124261054","1.40714"
"2124261054","2046025323","1.40714"
"2124261054","2184542614","1.40714"
"2184542614","2124261054","1.40714"
"1989174562","2784922187","0.5"
"2784922187","1989174562","0.5"
"2124261054","2784922187","0.5"
"2784922187","2124261054","0.5"
"1989174562","2130496177","2"
"2130496177","1989174562","2"
"1989174562","2141659418","0.333333"
"2141659418","1989174562","0.333333"
"1989174562","2916602686","0.333333"
"2916602686","1989174562","0.333333"
"2140147287","2141659418","4.33333"
"2141659418","2140147287","4.33333"
"2140147287","2916602686","0.424242"
"2916602686","2140147287","0.424242"
"2141659418","2916602686","0.333333"
"2916602686","2141659418","0.333333"
"2043545458","2140147287","2.48377"
"2140147287","2043545458","2.48377"
"2089391273","2140147287","0.424242"
"2140147287","2089391273","0.424242"
"2024111953","2046025323","0.138095"
"2046025323","2024111953","0.138095"
"2024111953","2184542614","0.138095"
"2184542614","2024111953","0.138095"
"2030055826","2043545458","0.162338"
"2043545458","2030055826","0.162338"
"2030055826","2046025323","0.388095"
"2046025323","2030055826","0.388095"
"2030055826","2124890708","0.229004"
"2124890708","2030055826","0.229004"
"2030055826","2184542614","0.388095"
"2184542614","2030055826","0.388095"
"2030103537","2043545458","0.305195"
"2043545458","2030103537","0.305195"
"2030103537","2046025323","0.388095"
"2046025323","2030103537","0.388095"
"2030103537","2124890708","0.371861"
"2124890708","2030103537","0.371861"
"2030103537","2184542614","0.388095"
"2184542614","2030103537","0.388095"
"200673309","2539511637","2"
"2539511637","200673309","2"
"200673309","2171837816","0.5"
"2171837816","200673309","0.5"
"200673309","2776449696","0.5"
"2776449696","200673309","0.5"
"2171837816","2776449696","0.5"
"2776449696","2171837816","0.5"
"200673309","2574608776","1"
"2574608776","200673309","1"
"2023211294","2063687840","0.142857"
"2063687840","2023211294","0.142857"
"2028672257","2052819443","0.142857"
"2052819443","2028672257","0.142857"
"2028672257","2063687840","0.142857"
"2063687840","2028672257","0.142857"
"2043545458","2052819443","0.142857"
"2052819443","2043545458","0.142857"
"2052819443","2063687840","0.142857"
"2063687840","2052819443","0.142857"
"2052819443","333587792","0.142857"
"333587792","2052819443","0.142857"
"2052819443","62664711","1.04286"
"62664711","2052819443","1.04286"
"2023211294","2112670995","0.25"
"2112670995","2023211294","0.25"
"2028672257","2112670995","0.25"
"2112670995","2028672257","0.25"
"2045316077","2112670995","0.25"
"2112670995","2045316077","0.25"
"2112670995","2124890708","0.25"
"2124890708","2112670995","0.25"
"2023211294","2140147287","1.48377"
"2140147287","2023211294","1.48377"
"2124890708","2140147287","2.23377"
"2140147287","2124890708","2.23377"
"2023211294","2160732687","0.0666667"
"2160732687","2023211294","0.0666667"
"2024111953","2160732687","0.0666667"
"2160732687","2024111953","0.0666667"
"2028672257","2160732687","0.0666667"
"2160732687","2028672257","0.0666667"
"2030055826","2160732687","0.0666667"
"2160732687","2030055826","0.0666667"
"2030103537","2160732687","0.0666667"
"2160732687","2030103537","0.0666667"
"2046025323","2068599126","0.0666667"
"2068599126","2046025323","0.0666667"
"2046025323","2089391273","0.0666667"
"2089391273","2046025323","0.0666667"
"2046025323","2160732687","0.0666667"
"2160732687","2046025323","0.0666667"
"2064210461","2160732687","0.0666667"
"2160732687","2064210461","0.0666667"
"2068599126","2124890708","0.0666667"
"2124890708","2068599126","0.0666667"
"2068599126","2160732687","0.0666667"
"2160732687","2068599126","0.0666667"
"2068599126","2184542614","0.0666667"
"2184542614","2068599126","0.0666667"
