"132885894","13476507","0.0555556"
"13476507","132885894","0.0555556"
"132885894","1498470348","0.0555556"
"1498470348","132885894","0.0555556"
"132885894","1570748171","0.0555556"
"1570748171","132885894","0.0555556"
"132885894","1824634186","0.0555556"
"1824634186","132885894","0.0555556"
"132885894","2053727994","0.0555556"
"2053727994","132885894","0.0555556"
"132885894","2061779725","0.0555556"
"2061779725","132885894","0.0555556"
"132885894","2098682382","0.0555556"
"2098682382","132885894","0.0555556"
"132885894","2099019567","0.0555556"
"2099019567","132885894","0.0555556"
"132885894","2101921506","0.0555556"
"2101921506","132885894","0.0555556"
"132885894","2127034059","1.05556"
"2127034059","132885894","1.05556"
"132885894","2149731317","0.0555556"
"2149731317","132885894","0.0555556"
"132885894","2155709245","0.0555556"
"2155709245","132885894","0.0555556"
"132885894","2162454879","0.0555556"
"2162454879","132885894","0.0555556"
"132885894","2171479472","0.0555556"
"2171479472","132885894","0.0555556"
"132885894","2520379610","0.0555556"
"2520379610","132885894","0.0555556"
"132885894","2614592379","0.0555556"
"2614592379","132885894","0.0555556"
"132885894","2951290357","0.0555556"
"2951290357","132885894","0.0555556"
"132885894","2952669245","0.0555556"
"2952669245","132885894","0.0555556"
"13476507","1498470348","0.479798"
"1498470348","13476507","0.479798"
"13476507","1570748171","0.555556"
"1570748171","13476507","0.555556"
"13476507","1824634186","0.222222"
"1824634186","13476507","0.222222"
"13476507","2053727994","0.0555556"
"2053727994","13476507","0.0555556"
"13476507","2061779725","0.0555556"
"2061779725","13476507","0.0555556"
"13476507","2098682382","0.313131"
"2098682382","13476507","0.313131"
"13476507","2099019567","0.755556"
"2099019567","13476507","0.755556"
"13476507","2101921506","0.479798"
"2101921506","13476507","0.479798"
"13476507","2127034059","0.755556"
"2127034059","13476507","0.755556"
"13476507","2149731317","0.0555556"
"2149731317","13476507","0.0555556"
"13476507","2155709245","0.646465"
"2155709245","13476507","0.646465"
"13476507","2162454879","0.0555556"
"2162454879","13476507","0.0555556"
"13476507","2171479472","0.255556"
"2171479472","13476507","0.255556"
"13476507","2520379610","1.38889"
"2520379610","13476507","1.38889"
"13476507","2614592379","0.0555556"
"2614592379","13476507","0.0555556"
"13476507","2951290357","0.0555556"
"2951290357","13476507","0.0555556"
"13476507","2952669245","0.255556"
"2952669245","13476507","0.255556"
"1498470348","1570748171","1.15017"
"1570748171","1498470348","1.15017"
"1498470348","1824634186","6.84506"
"1824634186","1498470348","6.84506"
"1498470348","2053727994","0.671002"
"2053727994","1498470348","0.671002"
"1498470348","2061779725","2.98673"
"2061779725","1498470348","2.98673"
"1498470348","2098682382","4.62006"
"2098682382","1498470348","4.62006"
"1498470348","2099019567","1.24923"
"2099019567","1498470348","1.24923"
"1498470348","2101921506","0.490763"
"2101921506","1498470348","0.490763"
"1498470348","2127034059","0.459259"
"2127034059","1498470348","0.459259"
"1498470348","2149731317","0.179616"
"2149731317","1498470348","0.179616"
"1498470348","2155709245","0.40743"
"2155709245","1498470348","0.40743"
"1498470348","2162454879","2.28902"
"2162454879","1498470348","2.28902"
"1498470348","2171479472","0.458319"
"2171479472","1498470348","0.458319"
"1498470348","2520379610","0.805688"
"2520379610","1498470348","0.805688"
"1498470348","2614592379","0.0555556"
"2614592379","1498470348","0.0555556"
"1498470348","2951290357","0.118056"
"2951290357","1498470348","0.118056"
"1498470348","2952669245","0.205688"
"2952669245","1498470348","0.205688"
"1570748171","1824634186","1.32068"
"1824634186","1570748171","1.32068"
"1570748171","2053727994","0.608502"
"2053727994","1570748171","0.608502"
"1570748171","2061779725","1.27187"
"2061779725","1570748171","1.27187"
"1570748171","2098682382","0.980963"
"2098682382","1570748171","0.980963"
"1570748171","2099019567","2.9552"
"2099019567","1570748171","2.9552"
"1570748171","2101921506","0.0972222"
"2101921506","1570748171","0.0972222"
"1570748171","2127034059","1.43545"
"2127034059","1570748171","1.43545"
"1570748171","2149731317","0.132479"
"2149731317","1570748171","0.132479"
"1570748171","2155709245","0.197222"
"2155709245","1570748171","0.197222"
"1570748171","2162454879","0.246439"
"2162454879","1570748171","0.246439"
"1570748171","2171479472","0.877116"
"2171479472","1570748171","0.877116"
"1570748171","2520379610","0.311182"
"2520379610","1570748171","0.311182"
"1570748171","2614592379","0.132479"
"2614592379","1570748171","0.132479"
"1570748171","2951290357","0.0555556"
"2951290357","1570748171","0.0555556"
"1570748171","2952669245","0.877116"
"2952669245","1570748171","0.877116"
"1824634186","2053727994","0.813859"
"2053727994","1824634186","0.813859"
"1824634186","2061779725","2.78343"
"2061779725","1824634186","2.78343"
"1824634186","2098682382","2.55919"
"2098682382","1824634186","2.55919"
"1824634186","2099019567","1.06974"
"2099019567","1824634186","1.06974"
"1824634186","2101921506","0.542711"
"2101921506","1824634186","0.542711"
"1824634186","2127034059","0.702116"
"2127034059","1824634186","0.702116"
"1824634186","2149731317","0.256539"
"2149731317","1824634186","0.256539"
"1824634186","2155709245","0.392711"
"2155709245","1824634186","0.392711"
"1824634186","2162454879","0.442867"
"2162454879","1824634186","0.442867"
"1824634186","2171479472","0.601177"
"2171479472","1824634186","0.601177"
"1824634186","2520379610","0.632611"
"2520379610","1824634186","0.632611"
"1824634186","2614592379","0.275336"
"2614592379","1824634186","0.275336"
"1824634186","2951290357","0.260913"
"2951290357","1824634186","0.260913"
"1824634186","2952669245","0.348545"
"2952669245","1824634186","0.348545"
"2053727994","2061779725","1.68886"
"2061779725","2053727994","1.68886"
"2053727994","2098682382","0.831283"
"2098682382","2053727994","0.831283"
"2053727994","2099019567","0.183502"
"2099019567","2053727994","0.183502"
"2053727994","2101921506","0.0555556"
"2101921506","2053727994","0.0555556"
"2053727994","2127034059","0.23545"
"2127034059","2053727994","0.23545"
"2053727994","2149731317","0.0555556"
"2149731317","2053727994","0.0555556"
"2053727994","2155709245","0.0555556"
"2155709245","2053727994","0.0555556"
"2053727994","2162454879","0.0925926"
"2162454879","2053727994","0.0925926"
"2053727994","2171479472","0.23545"
"2171479472","2053727994","0.23545"
"2053727994","2520379610","0.525926"
"2520379610","2053727994","0.525926"
"2053727994","2614592379","0.0555556"
"2614592379","2053727994","0.0555556"
"2053727994","2951290357","0.118056"
"2951290357","2053727994","0.118056"
"2053727994","2952669245","0.23545"
"2952669245","2053727994","0.23545"
"2061779725","2098682382","2.65205"
"2098682382","2061779725","2.65205"
"2061779725","2099019567","0.845932"
"2099019567","2061779725","0.845932"
"2061779725","2101921506","0.149854"
"2101921506","2061779725","0.149854"
"2061779725","2127034059","0.578307"
"2127034059","2061779725","0.578307"
"2061779725","2149731317","1.25654"
"2149731317","2061779725","1.25654"
"2061779725","2155709245","0.149854"
"2155709245","2061779725","0.149854"
"2061779725","2162454879","0.776201"
"2162454879","2061779725","0.776201"
"2061779725","2171479472","0.744034"
"2171479472","2061779725","0.744034"
"2061779725","2520379610","1.21594"
"2520379610","2061779725","1.21594"
"2061779725","2614592379","0.132479"
"2614592379","2061779725","0.132479"
"2061779725","2951290357","0.118056"
"2951290357","2061779725","0.118056"
"2061779725","2952669245","0.691402"
"2952669245","2061779725","0.691402"
"2098682382","2099019567","0.755023"
"2099019567","2098682382","0.755023"
"2098682382","2101921506","0.240763"
"2101921506","2098682382","0.240763"
"2098682382","2127034059","0.478307"
"2127034059","2098682382","0.478307"
"2098682382","2149731317","0.256539"
"2149731317","2098682382","0.256539"
"2098682382","2155709245","0.50743"
"2155709245","2098682382","0.50743"
"2098682382","2162454879","0.776201"
"2162454879","2098682382","0.776201"
"2098682382","2171479472","0.544034"
"2171479472","2098682382","0.544034"
"2098682382","2520379610","0.615944"
"2520379610","2098682382","0.615944"
"2098682382","2614592379","0.132479"
"2614592379","2098682382","0.132479"
"2098682382","2951290357","0.118056"
"2951290357","2098682382","0.118056"
"2098682382","2952669245","0.491402"
"2952669245","2098682382","0.491402"
"2099019567","2101921506","0.149854"
"2101921506","2099019567","0.149854"
"2099019567","2127034059","5.06878"
"2127034059","2099019567","5.06878"
"2099019567","2149731317","0.256539"
"2149731317","2099019567","0.256539"
"2099019567","2155709245","0.149854"
"2155709245","2099019567","0.149854"
"2099019567","2162454879","0.317867"
"2162454879","2099019567","0.317867"
"2099019567","2171479472","1.73451"
"2171479472","2099019567","1.73451"
"2099019567","2520379610","1.28261"
"2520379610","2099019567","1.28261"
"2099019567","2614592379","0.132479"
"2614592379","2099019567","0.132479"
"2099019567","2951290357","0.0555556"
"2951290357","2099019567","0.0555556"
"2099019567","2952669245","1.48188"
"2952669245","2099019567","1.48188"
"2101921506","2127034059","0.0555556"
"2127034059","2101921506","0.0555556"
"2101921506","2149731317","0.108187"
"2149731317","2101921506","0.108187"
"2101921506","2155709245","9.336"
"2155709245","2101921506","9.336"
"2101921506","2162454879","0.0555556"
"2162454879","2101921506","0.0555556"
"2101921506","2171479472","0.149854"
"2171479472","2101921506","0.149854"
"2101921506","2520379610","0.430556"
"2520379610","2101921506","0.430556"
"2101921506","2614592379","0.198413"
"2614592379","2101921506","0.198413"
"2101921506","2951290357","0.198413"
"2951290357","2101921506","0.198413"
"2101921506","2952669245","0.0972222"
"2952669245","2101921506","0.0972222"
"2127034059","2149731317","0.0555556"
"2149731317","2127034059","0.0555556"
"2127034059","2155709245","0.155556"
"2155709245","2127034059","0.155556"
"2127034059","2162454879","0.0925926"
"2162454879","2127034059","0.0925926"
"2127034059","2171479472","1.71164"
"2171479472","2127034059","1.71164"
"2127034059","2520379610","0.0925926"
"2520379610","2127034059","0.0925926"
"2127034059","2614592379","0.0555556"
"2614592379","2127034059","0.0555556"
"2127034059","2951290357","0.0555556"
"2951290357","2127034059","0.0555556"
"2127034059","2952669245","1.51164"
"2952669245","2127034059","1.51164"
"2149731317","2155709245","0.108187"
"2155709245","2149731317","0.108187"
"2149731317","2162454879","1.20391"
"2162454879","2149731317","1.20391"
"2149731317","2171479472","0.179616"
"2171479472","2149731317","0.179616"
"2149731317","2520379610","1.66032"
"2520379610","2149731317","1.66032"
"2149731317","2614592379","0.0555556"
"2614592379","2149731317","0.0555556"
"2149731317","2951290357","0.0555556"
"2951290357","2149731317","0.0555556"
"2149731317","2952669245","0.126984"
"2952669245","2149731317","0.126984"
"2155709245","2162454879","0.0555556"
"2162454879","2155709245","0.0555556"
"2155709245","2171479472","0.149854"
"2171479472","2155709245","0.149854"
"2155709245","2520379610","0.430556"
"2520379610","2155709245","0.430556"
"2155709245","2614592379","0.198413"
"2614592379","2155709245","0.198413"
"2155709245","2951290357","0.698413"
"2951290357","2155709245","0.698413"
"2155709245","2952669245","0.0972222"
"2952669245","2155709245","0.0972222"
"2162454879","2171479472","0.164021"
"2171479472","2162454879","0.164021"
"2162454879","2520379610","1.24094"
"2520379610","2162454879","1.24094"
"2162454879","2614592379","0.132479"
"2614592379","2162454879","0.132479"
"2162454879","2951290357","0.34127"
"2951290357","2162454879","0.34127"
"2162454879","2952669245","0.164021"
"2952669245","2162454879","0.164021"
"2171479472","2520379610","0.205688"
"2520379610","2171479472","0.205688"
"2171479472","2614592379","0.0555556"
"2614592379","2171479472","0.0555556"
"2171479472","2951290357","0.0555556"
"2951290357","2171479472","0.0555556"
"2171479472","2952669245","2.62474"
"2952669245","2171479472","2.62474"
"2520379610","2614592379","1.13248"
"2614592379","2520379610","1.13248"
"2520379610","2951290357","0.388889"
"2951290357","2520379610","0.388889"
"2520379610","2952669245","0.205688"
"2952669245","2520379610","0.205688"
"2614592379","2951290357","0.198413"
"2951290357","2614592379","0.198413"
"2614592379","2952669245","0.0555556"
"2952669245","2614592379","0.0555556"
"2951290357","2952669245","0.0555556"
"2952669245","2951290357","0.0555556"
"132885894","1780225521","0.45"
"1780225521","132885894","0.45"
"132885894","2138312296","1.03333"
"2138312296","132885894","1.03333"
"132885894","2332955060","1.48333"
"2332955060","132885894","1.48333"
"132885894","2510416511","0.65"
"2510416511","132885894","0.65"
"132885894","2935741862","0.783333"
"2935741862","132885894","0.783333"
"1780225521","2138312296","0.2"
"2138312296","1780225521","0.2"
"1780225521","2332955060","0.45"
"2332955060","1780225521","0.45"
"1780225521","2510416511","0.616667"
"2510416511","1780225521","0.616667"
"1780225521","2935741862","0.616667"
"2935741862","1780225521","0.616667"
"2138312296","2332955060","1.03333"
"2332955060","2138312296","1.03333"
"2138312296","2510416511","0.2"
"2510416511","2138312296","0.2"
"2138312296","2935741862","0.533333"
"2935741862","2138312296","0.533333"
"2332955060","2510416511","0.802778"
"2510416511","2332955060","0.802778"
"2332955060","2935741862","1.89444"
"2935741862","2332955060","1.89444"
"2510416511","2935741862","3.57208"
"2935741862","2510416511","3.57208"
"132885894","2041665683","0.7"
"2041665683","132885894","0.7"
"132885894","2095675311","0.7"
"2095675311","132885894","0.7"
"2041665683","2095675311","15.2694"
"2095675311","2041665683","15.2694"
"132885894","23641749","0.2"
"23641749","132885894","0.2"
"2041665683","2332955060","0.352778"
"2332955060","2041665683","0.352778"
"2041665683","23641749","0.866667"
"23641749","2041665683","0.866667"
"2041665683","2510416511","1.23874"
"2510416511","2041665683","1.23874"
"2095675311","2332955060","0.352778"
"2332955060","2095675311","0.352778"
"2095675311","23641749","3.86667"
"23641749","2095675311","3.86667"
"2095675311","2510416511","1.18611"
"2510416511","2095675311","1.18611"
"2332955060","23641749","0.2"
"23641749","2332955060","0.2"
"23641749","2510416511","0.366667"
"2510416511","23641749","0.366667"
"13476507","2041665683","0.5"
"2041665683","13476507","0.5"
"13476507","2095675311","0.5"
"2095675311","13476507","0.5"
"13476507","2073981175","0.257576"
"2073981175","13476507","0.257576"
"13476507","2165048316","0.166667"
"2165048316","13476507","0.166667"
"13476507","2949074981","0.257576"
"2949074981","13476507","0.257576"
"1498470348","2073981175","2.20278"
"2073981175","1498470348","2.20278"
"1498470348","2165048316","0.260965"
"2165048316","1498470348","0.260965"
"1498470348","2949074981","1.19521"
"2949074981","1498470348","1.19521"
"2073981175","2098682382","6.69905"
"2098682382","2073981175","6.69905"
"2073981175","2155709245","0.399242"
"2155709245","2073981175","0.399242"
"2073981175","2165048316","0.208333"
"2165048316","2073981175","0.208333"
"2073981175","2949074981","2.53239"
"2949074981","2073981175","2.53239"
"2098682382","2165048316","0.260965"
"2165048316","2098682382","0.260965"
"2098682382","2949074981","2.53239"
"2949074981","2098682382","2.53239"
"2155709245","2165048316","4.21335"
"2165048316","2155709245","4.21335"
"2155709245","2949074981","0.399242"
"2949074981","2155709245","0.399242"
"2165048316","2949074981","0.208333"
"2949074981","2165048316","0.208333"
"13476507","2068986562","0.5"
"2068986562","13476507","0.5"
"13476507","2953301406","0.5"
"2953301406","13476507","0.5"
"2068986562","2953301406","10.3333"
"2953301406","2068986562","10.3333"
"13476507","1632815424","0.0909091"
"1632815424","13476507","0.0909091"
"13476507","1779881208","0.0909091"
"1779881208","13476507","0.0909091"
"13476507","1854918676","0.0909091"
"1854918676","13476507","0.0909091"
"13476507","2157243294","0.0909091"
"2157243294","13476507","0.0909091"
"13476507","84222935","0.0909091"
"84222935","13476507","0.0909091"
"1498470348","1632815424","0.515446"
"1632815424","1498470348","0.515446"
"1498470348","1779881208","1.09091"
"1779881208","1498470348","1.09091"
"1498470348","1854918676","0.515446"
"1854918676","1498470348","0.515446"
"1498470348","2157243294","0.340909"
"2157243294","1498470348","0.340909"
"1498470348","84222935","0.0909091"
"84222935","1498470348","0.0909091"
"1632815424","1779881208","0.417832"
"1779881208","1632815424","0.417832"
"1632815424","1854918676","2.71783"
"1854918676","1632815424","2.71783"
"1632815424","2073981175","1.01929"
"2073981175","1632815424","1.01929"
"1632815424","2098682382","1.35263"
"2098682382","1632815424","1.35263"
"1632815424","2101921506","0.79329"
"2101921506","1632815424","0.79329"
"1632815424","2155709245","1.89329"
"2155709245","1632815424","1.89329"
"1632815424","2157243294","0.650433"
"2157243294","1632815424","0.650433"
"1632815424","2949074981","1.01929"
"2949074981","1632815424","1.01929"
"1632815424","84222935","0.0909091"
"84222935","1632815424","0.0909091"
"1779881208","1854918676","0.0909091"
"1854918676","1779881208","0.0909091"
"1779881208","2073981175","0.167832"
"2073981175","1779881208","0.167832"
"1779881208","2098682382","0.167832"
"2098682382","1779881208","0.167832"
"1779881208","2101921506","0.340909"
"2101921506","1779881208","0.340909"
"1779881208","2155709245","0.340909"
"2155709245","1779881208","0.340909"
"1779881208","2157243294","0.340909"
"2157243294","1779881208","0.340909"
"1779881208","2949074981","0.167832"
"2949074981","1779881208","0.167832"
"1779881208","84222935","0.0909091"
"84222935","1779881208","0.0909091"
"1854918676","2073981175","0.765446"
"2073981175","1854918676","0.765446"
"1854918676","2098682382","0.765446"
"2098682382","1854918676","0.765446"
"1854918676","2101921506","0.709957"
"2101921506","1854918676","0.709957"
"1854918676","2155709245","0.709957"
"2155709245","1854918676","0.709957"
"1854918676","2157243294","0.5671"
"2157243294","1854918676","0.5671"
"1854918676","2949074981","0.765446"
"2949074981","1854918676","0.765446"
"1854918676","84222935","0.0909091"
"84222935","1854918676","0.0909091"
"2073981175","2101921506","0.132576"
"2101921506","2073981175","0.132576"
"2073981175","2157243294","0.0909091"
"2157243294","2073981175","0.0909091"
"2073981175","84222935","0.0909091"
"84222935","2073981175","0.0909091"
"2098682382","2157243294","0.0909091"
"2157243294","2098682382","0.0909091"
"2098682382","84222935","0.0909091"
"84222935","2098682382","0.0909091"
"2101921506","2157243294","5.37662"
"2157243294","2101921506","5.37662"
"2101921506","2949074981","0.132576"
"2949074981","2101921506","0.132576"
"2101921506","84222935","0.0909091"
"84222935","2101921506","0.0909091"
"2155709245","2157243294","3.62662"
"2157243294","2155709245","3.62662"
"2155709245","84222935","0.0909091"
"84222935","2155709245","0.0909091"
"2157243294","2949074981","0.0909091"
"2949074981","2157243294","0.0909091"
"2157243294","84222935","0.0909091"
"84222935","2157243294","0.0909091"
"2949074981","84222935","0.0909091"
"84222935","2949074981","0.0909091"
"13476507","1879968191","0.366667"
"1879968191","13476507","0.366667"
"1879968191","2099019567","3.1943"
"2099019567","1879968191","3.1943"
"1879968191","2127034059","1.90952"
"2127034059","1879968191","1.90952"
"1879968191","2171479472","0.837155"
"2171479472","1879968191","0.837155"
"1879968191","2952669245","0.584524"
"2952669245","1879968191","0.584524"
"1498470348","1879968191","1.7943"
"1879968191","1498470348","1.7943"
"1570748171","1879968191","0.741667"
"1879968191","1570748171","0.741667"
"1824634186","1879968191","1.60382"
"1879968191","1824634186","1.60382"
"1480714486","1570748171","0.301923"
"1570748171","1480714486","0.301923"
"1480714486","1632815424","0.0769231"
"1632815424","1480714486","0.0769231"
"1480714486","1824634186","0.354555"
"1824634186","1480714486","0.354555"
"1480714486","2061779725","0.229555"
"2061779725","1480714486","0.229555"
"1480714486","2073981175","0.0769231"
"2073981175","1480714486","0.0769231"
"1480714486","2098682382","0.129555"
"2098682382","1480714486","0.129555"
"1480714486","2099019567","0.129555"
"2099019567","1480714486","0.129555"
"1480714486","2107005225","0.901923"
"2107005225","1480714486","0.901923"
"1480714486","2162454879","0.0769231"
"2162454879","1480714486","0.0769231"
"1480714486","2170742693","0.0769231"
"2170742693","1480714486","0.0769231"
"1480714486","2520379610","0.176923"
"2520379610","1480714486","0.176923"
"1480714486","2614592379","0.0769231"
"2614592379","1480714486","0.0769231"
"1480714486","2949074981","0.0769231"
"2949074981","1480714486","0.0769231"
"1570748171","1632815424","0.290883"
"1632815424","1570748171","0.290883"
"1570748171","2073981175","0.673459"
"2073981175","1570748171","0.673459"
"1570748171","2107005225","0.280627"
"2107005225","1570748171","0.280627"
"1570748171","2170742693","0.11396"
"2170742693","1570748171","0.11396"
"1570748171","2949074981","0.33255"
"2949074981","1570748171","0.33255"
"1632815424","1824634186","0.478383"
"1824634186","1632815424","0.478383"
"1632815424","2061779725","0.378383"
"2061779725","1632815424","0.378383"
"1632815424","2099019567","0.190883"
"2099019567","1632815424","0.190883"
"1632815424","2107005225","0.11396"
"2107005225","1632815424","0.11396"
"1632815424","2162454879","0.315883"
"2162454879","1632815424","0.315883"
"1632815424","2170742693","0.11396"
"2170742693","1632815424","0.11396"
"1632815424","2520379610","0.447293"
"2520379610","1632815424","0.447293"
"1632815424","2614592379","0.0769231"
"2614592379","1632815424","0.0769231"
"1824634186","2073981175","1.99905"
"2073981175","1824634186","1.99905"
"1824634186","2107005225","0.602055"
"2107005225","1824634186","0.602055"
"1824634186","2170742693","0.11396"
"2170742693","1824634186","0.11396"
"1824634186","2949074981","0.991478"
"2949074981","1824634186","0.991478"
"2061779725","2073981175","1.81572"
"2073981175","2061779725","1.81572"
"2061779725","2107005225","1.06039"
"2107005225","2061779725","1.06039"
"2061779725","2170742693","0.11396"
"2170742693","2061779725","0.11396"
"2061779725","2949074981","1.22481"
"2949074981","2061779725","1.22481"
"2073981175","2099019567","0.394888"
"2099019567","2073981175","0.394888"
"2073981175","2107005225","0.227055"
"2107005225","2073981175","0.227055"
"2073981175","2162454879","0.387312"
"2162454879","2073981175","0.387312"
"2073981175","2170742693","0.11396"
"2170742693","2073981175","0.11396"
"2073981175","2520379610","0.227055"
"2520379610","2073981175","0.227055"
"2073981175","2614592379","0.0769231"
"2614592379","2073981175","0.0769231"
"2098682382","2107005225","0.560389"
"2107005225","2098682382","0.560389"
"2098682382","2170742693","0.11396"
"2170742693","2098682382","0.11396"
"2099019567","2107005225","0.227055"
"2107005225","2099019567","0.227055"
"2099019567","2170742693","0.11396"
"2170742693","2099019567","0.11396"
"2099019567","2949074981","0.303978"
"2949074981","2099019567","0.303978"
"2107005225","2162454879","1.44729"
"2162454879","2107005225","1.44729"
"2107005225","2170742693","1.11396"
"2170742693","2107005225","1.11396"
"2107005225","2520379610","1.67706"
"2520379610","2107005225","1.67706"
"2107005225","2614592379","0.0769231"
"2614592379","2107005225","0.0769231"
"2107005225","2949074981","0.227055"
"2949074981","2107005225","0.227055"
"2162454879","2170742693","0.11396"
"2170742693","2162454879","0.11396"
"2162454879","2949074981","0.387312"
"2949074981","2162454879","0.387312"
"2170742693","2520379610","0.36396"
"2520379610","2170742693","0.36396"
"2170742693","2614592379","0.0769231"
"2614592379","2170742693","0.0769231"
"2170742693","2949074981","0.11396"
"2949074981","2170742693","0.11396"
"2520379610","2949074981","0.227055"
"2949074981","2520379610","0.227055"
"2614592379","2949074981","0.0769231"
"2949074981","2614592379","0.0769231"
"1480714486","1635398439","0.2"
"1635398439","1480714486","0.2"
"1480714486","2083524178","0.2"
"2083524178","1480714486","0.2"
"1480714486","2118804864","4.325"
"2118804864","1480714486","4.325"
"1480714486","2158721538","0.2"
"2158721538","1480714486","0.2"
"1635398439","2083524178","6.61667"
"2083524178","1635398439","6.61667"
"1635398439","2107005225","0.45"
"2107005225","1635398439","0.45"
"1635398439","2118804864","0.2"
"2118804864","1635398439","0.2"
"1635398439","2158721538","0.2"
"2158721538","1635398439","0.2"
"2083524178","2107005225","1.45"
"2107005225","2083524178","1.45"
"2083524178","2118804864","0.2"
"2118804864","2083524178","0.2"
"2083524178","2158721538","0.2"
"2158721538","2083524178","0.2"
"2107005225","2118804864","0.325"
"2118804864","2107005225","0.325"
"2107005225","2158721538","0.237037"
"2158721538","2107005225","0.237037"
"2118804864","2158721538","0.2"
"2158721538","2118804864","0.2"
"1480714486","1498470348","0.277632"
"1498470348","1480714486","0.277632"
"1480714486","165831877","0.0526316"
"165831877","1480714486","0.0526316"
"1480714486","1879968191","0.0526316"
"1879968191","1480714486","0.0526316"
"1480714486","1997168556","0.0526316"
"1997168556","1480714486","0.0526316"
"1480714486","2041665683","0.0526316"
"2041665683","1480714486","0.0526316"
"1480714486","2049175337","0.0526316"
"2049175337","1480714486","0.0526316"
"1480714486","2079931838","0.152632"
"2079931838","1480714486","0.152632"
"1480714486","2101921506","0.0526316"
"2101921506","1480714486","0.0526316"
"1480714486","2149731317","0.0526316"
"2149731317","1480714486","0.0526316"
"1480714486","2155709245","0.0526316"
"2155709245","1480714486","0.0526316"
"1480714486","2163223408","0.0526316"
"2163223408","1480714486","0.0526316"
"1480714486","2165048316","0.0526316"
"2165048316","1480714486","0.0526316"
"1480714486","2171479472","0.0526316"
"2171479472","1480714486","0.0526316"
"1480714486","2510416511","0.177632"
"2510416511","1480714486","0.177632"
"1480714486","2935741862","0.177632"
"2935741862","1480714486","0.177632"
"1498470348","165831877","0.0526316"
"165831877","1498470348","0.0526316"
"1498470348","1997168556","0.0942982"
"1997168556","1498470348","0.0942982"
"1498470348","2041665683","0.594298"
"2041665683","1498470348","0.594298"
"1498470348","2049175337","0.0942982"
"2049175337","1498470348","0.0942982"
"1498470348","2079931838","0.47406"
"2079931838","1498470348","0.47406"
"1498470348","2163223408","0.0942982"
"2163223408","1498470348","0.0942982"
"1498470348","2510416511","0.219298"
"2510416511","1498470348","0.219298"
"1498470348","2935741862","0.268541"
"2935741862","1498470348","0.268541"
"165831877","1824634186","0.129555"
"1824634186","165831877","0.129555"
"165831877","1879968191","0.0526316"
"1879968191","165831877","0.0526316"
"165831877","1997168556","0.163743"
"1997168556","165831877","0.163743"
"165831877","2041665683","0.413743"
"2041665683","165831877","0.413743"
"165831877","2049175337","0.0526316"
"2049175337","165831877","0.0526316"
"165831877","2061779725","0.129555"
"2061779725","165831877","0.129555"
"165831877","2079931838","0.129555"
"2079931838","165831877","0.129555"
"165831877","2098682382","0.129555"
"2098682382","165831877","0.129555"
"165831877","2099019567","0.129555"
"2099019567","165831877","0.129555"
"165831877","2101921506","0.0526316"
"2101921506","165831877","0.0526316"
"165831877","2149731317","0.129555"
"2149731317","165831877","0.129555"
"165831877","2155709245","0.0526316"
"2155709245","165831877","0.0526316"
"165831877","2163223408","0.163743"
"2163223408","165831877","0.163743"
"165831877","2165048316","0.0526316"
"2165048316","165831877","0.0526316"
"165831877","2171479472","0.0526316"
"2171479472","165831877","0.0526316"
"165831877","2510416511","0.163743"
"2510416511","165831877","0.163743"
"165831877","2935741862","0.413743"
"2935741862","165831877","0.413743"
"1824634186","1997168556","0.0942982"
"1997168556","1824634186","0.0942982"
"1824634186","2041665683","0.0942982"
"2041665683","1824634186","0.0942982"
"1824634186","2049175337","0.0942982"
"2049175337","1824634186","0.0942982"
"1824634186","2079931838","0.300983"
"2079931838","1824634186","0.300983"
"1824634186","2163223408","0.0942982"
"2163223408","1824634186","0.0942982"
"1824634186","2165048316","0.0942982"
"2165048316","1824634186","0.0942982"
"1824634186","2510416511","0.219298"
"2510416511","1824634186","0.219298"
"1824634186","2935741862","0.268541"
"2935741862","1824634186","0.268541"
"1879968191","1997168556","0.0942982"
"1997168556","1879968191","0.0942982"
"1879968191","2041665683","0.0942982"
"2041665683","1879968191","0.0942982"
"1879968191","2049175337","0.0942982"
"2049175337","1879968191","0.0942982"
"1879968191","2061779725","0.237155"
"2061779725","1879968191","0.237155"
"1879968191","2079931838","0.0526316"
"2079931838","1879968191","0.0526316"
"1879968191","2098682382","0.237155"
"2098682382","1879968191","0.237155"
"1879968191","2101921506","0.0942982"
"2101921506","1879968191","0.0942982"
"1879968191","2149731317","0.0526316"
"2149731317","1879968191","0.0526316"
"1879968191","2155709245","0.0942982"
"2155709245","1879968191","0.0942982"
"1879968191","2163223408","0.0942982"
"2163223408","1879968191","0.0942982"
"1879968191","2165048316","0.0942982"
"2165048316","1879968191","0.0942982"
"1879968191","2510416511","0.0942982"
"2510416511","1879968191","0.0942982"
"1879968191","2935741862","0.0526316"
"2935741862","1879968191","0.0526316"
"1997168556","2041665683","0.205409"
"2041665683","1997168556","0.205409"
"1997168556","2049175337","0.0942982"
"2049175337","1997168556","0.0942982"
"1997168556","2061779725","0.0942982"
"2061779725","1997168556","0.0942982"
"1997168556","2079931838","0.0526316"
"2079931838","1997168556","0.0526316"
"1997168556","2098682382","0.0942982"
"2098682382","1997168556","0.0942982"
"1997168556","2099019567","0.0942982"
"2099019567","1997168556","0.0942982"
"1997168556","2101921506","0.0942982"
"2101921506","1997168556","0.0942982"
"1997168556","2149731317","0.0526316"
"2149731317","1997168556","0.0526316"
"1997168556","2155709245","0.0942982"
"2155709245","1997168556","0.0942982"
"1997168556","2163223408","15.0387"
"2163223408","1997168556","15.0387"
"1997168556","2165048316","0.0942982"
"2165048316","1997168556","0.0942982"
"1997168556","2171479472","0.0942982"
"2171479472","1997168556","0.0942982"
"1997168556","2510416511","0.205409"
"2510416511","1997168556","0.205409"
"1997168556","2935741862","0.163743"
"2935741862","1997168556","0.163743"
"2041665683","2049175337","0.0942982"
"2049175337","2041665683","0.0942982"
"2041665683","2061779725","0.594298"
"2061779725","2041665683","0.594298"
"2041665683","2079931838","0.0526316"
"2079931838","2041665683","0.0526316"
"2041665683","2098682382","0.0942982"
"2098682382","2041665683","0.0942982"
"2041665683","2099019567","0.0942982"
"2099019567","2041665683","0.0942982"
"2041665683","2101921506","0.0942982"
"2101921506","2041665683","0.0942982"
"2041665683","2149731317","0.0526316"
"2149731317","2041665683","0.0526316"
"2041665683","2155709245","0.0942982"
"2155709245","2041665683","0.0942982"
"2041665683","2163223408","0.205409"
"2163223408","2041665683","0.205409"
"2041665683","2165048316","0.0942982"
"2165048316","2041665683","0.0942982"
"2041665683","2171479472","0.0942982"
"2171479472","2041665683","0.0942982"
"2041665683","2935741862","2.08041"
"2935741862","2041665683","2.08041"
"2049175337","2061779725","0.0942982"
"2061779725","2049175337","0.0942982"
"2049175337","2079931838","0.0526316"
"2079931838","2049175337","0.0526316"
"2049175337","2098682382","0.0942982"
"2098682382","2049175337","0.0942982"
"2049175337","2099019567","0.0942982"
"2099019567","2049175337","0.0942982"
"2049175337","2101921506","1.65382"
"2101921506","2049175337","1.65382"
"2049175337","2149731317","0.0526316"
"2149731317","2049175337","0.0526316"
"2049175337","2155709245","1.65382"
"2155709245","2049175337","1.65382"
"2049175337","2163223408","0.0942982"
"2163223408","2049175337","0.0942982"
"2049175337","2165048316","0.237155"
"2165048316","2049175337","0.237155"
"2049175337","2171479472","0.0942982"
"2171479472","2049175337","0.0942982"
"2049175337","2510416511","0.0942982"
"2510416511","2049175337","0.0942982"
"2049175337","2935741862","0.0526316"
"2935741862","2049175337","0.0526316"
"2061779725","2079931838","0.550983"
"2079931838","2061779725","0.550983"
"2061779725","2163223408","0.0942982"
"2163223408","2061779725","0.0942982"
"2061779725","2165048316","0.0942982"
"2165048316","2061779725","0.0942982"
"2061779725","2510416511","0.0942982"
"2510416511","2061779725","0.0942982"
"2061779725","2935741862","0.143541"
"2935741862","2061779725","0.143541"
"2079931838","2098682382","0.450983"
"2098682382","2079931838","0.450983"
"2079931838","2099019567","0.200983"
"2099019567","2079931838","0.200983"
"2079931838","2101921506","0.0526316"
"2101921506","2079931838","0.0526316"
"2079931838","2149731317","0.700983"
"2149731317","2079931838","0.700983"
"2079931838","2155709245","0.0526316"
"2155709245","2079931838","0.0526316"
"2079931838","2163223408","0.0526316"
"2163223408","2079931838","0.0526316"
"2079931838","2165048316","0.0526316"
"2165048316","2079931838","0.0526316"
"2079931838","2171479472","0.12406"
"2171479472","2079931838","0.12406"
"2079931838","2510416511","0.0526316"
"2510416511","2079931838","0.0526316"
"2079931838","2935741862","0.0526316"
"2935741862","2079931838","0.0526316"
"2098682382","2163223408","0.0942982"
"2163223408","2098682382","0.0942982"
"2098682382","2510416511","0.0942982"
"2510416511","2098682382","0.0942982"
"2098682382","2935741862","0.0526316"
"2935741862","2098682382","0.0526316"
"2099019567","2163223408","0.0942982"
"2163223408","2099019567","0.0942982"
"2099019567","2165048316","0.0942982"
"2165048316","2099019567","0.0942982"
"2099019567","2510416511","0.0942982"
"2510416511","2099019567","0.0942982"
"2099019567","2935741862","0.143541"
"2935741862","2099019567","0.143541"
"2101921506","2163223408","0.0942982"
"2163223408","2101921506","0.0942982"
"2101921506","2165048316","0.713346"
"2165048316","2101921506","0.713346"
"2101921506","2510416511","0.0942982"
"2510416511","2101921506","0.0942982"
"2101921506","2935741862","0.0526316"
"2935741862","2101921506","0.0526316"
"2149731317","2163223408","0.0526316"
"2163223408","2149731317","0.0526316"
"2149731317","2165048316","0.0526316"
"2165048316","2149731317","0.0526316"
"2149731317","2510416511","0.0526316"
"2510416511","2149731317","0.0526316"
"2149731317","2935741862","0.0526316"
"2935741862","2149731317","0.0526316"
"2155709245","2163223408","0.0942982"
"2163223408","2155709245","0.0942982"
"2155709245","2510416511","0.0942982"
"2510416511","2155709245","0.0942982"
"2155709245","2935741862","0.0526316"
"2935741862","2155709245","0.0526316"
"2163223408","2165048316","0.0942982"
"2165048316","2163223408","0.0942982"
"2163223408","2171479472","0.0942982"
"2171479472","2163223408","0.0942982"
"2163223408","2510416511","0.205409"
"2510416511","2163223408","0.205409"
"2163223408","2935741862","0.163743"
"2935741862","2163223408","0.163743"
"2165048316","2171479472","0.0942982"
"2171479472","2165048316","0.0942982"
"2165048316","2510416511","0.0942982"
"2510416511","2165048316","0.0942982"
"2165048316","2935741862","0.0526316"
"2935741862","2165048316","0.0526316"
"2171479472","2510416511","0.0942982"
"2510416511","2171479472","0.0942982"
"2171479472","2935741862","0.0526316"
"2935741862","2171479472","0.0526316"
"1480714486","2156735593","0.5"
"2156735593","1480714486","0.5"
"2107005225","2156735593","1.87037"
"2156735593","2107005225","1.87037"
"1480714486","2053727994","0.225"
"2053727994","1480714486","0.225"
"1480714486","2104264891","0.1"
"2104264891","1480714486","0.1"
"1480714486","2135114214","0.1"
"2135114214","1480714486","0.1"
"1480714486","2168911445","0.1"
"2168911445","1480714486","0.1"
"1498470348","2104264891","0.549375"
"2104264891","1498470348","0.549375"
"1498470348","2135114214","0.190909"
"2135114214","1498470348","0.190909"
"1498470348","2168911445","0.190909"
"2168911445","1498470348","0.190909"
"1570748171","2079931838","0.176923"
"2079931838","1570748171","0.176923"
"1570748171","2104264891","0.227946"
"2104264891","1570748171","0.227946"
"1570748171","2135114214","0.190909"
"2135114214","1570748171","0.190909"
"1570748171","2168911445","0.190909"
"2168911445","1570748171","0.190909"
"1824634186","2104264891","0.549375"
"2104264891","1824634186","0.549375"
"1824634186","2135114214","0.190909"
"2135114214","1824634186","0.190909"
"1824634186","2168911445","0.190909"
"2168911445","1824634186","0.190909"
"2053727994","2079931838","0.1"
"2079931838","2053727994","0.1"
"2053727994","2104264891","0.227946"
"2104264891","2053727994","0.227946"
"2053727994","2135114214","0.190909"
"2135114214","2053727994","0.190909"
"2053727994","2168911445","0.190909"
"2168911445","2053727994","0.190909"
"2061779725","2104264891","0.299375"
"2104264891","2061779725","0.299375"
"2061779725","2135114214","0.190909"
"2135114214","2061779725","0.190909"
"2061779725","2168911445","0.190909"
"2168911445","2061779725","0.190909"
"2079931838","2104264891","0.171429"
"2104264891","2079931838","0.171429"
"2079931838","2135114214","0.1"
"2135114214","2079931838","0.1"
"2079931838","2168911445","0.1"
"2168911445","2079931838","0.1"
"2079931838","2520379610","2.17143"
"2520379610","2079931838","2.17143"
"2104264891","2135114214","0.190909"
"2135114214","2104264891","0.190909"
"2104264891","2168911445","0.190909"
"2168911445","2104264891","0.190909"
"2104264891","2520379610","0.208466"
"2520379610","2104264891","0.208466"
"2135114214","2168911445","10.0242"
"2168911445","2135114214","10.0242"
"2135114214","2520379610","0.1"
"2520379610","2135114214","0.1"
"2168911445","2520379610","0.1"
"2520379610","2168911445","0.1"
"1498470348","2107005225","0.775132"
"2107005225","1498470348","0.775132"
"1498470348","2118804864","0.125"
"2118804864","1498470348","0.125"
"1570748171","2118804864","0.125"
"2118804864","1570748171","0.125"
"1570748171","2510416511","0.166667"
"2510416511","1570748171","0.166667"
"1570748171","2935741862","0.215909"
"2935741862","1570748171","0.215909"
"1824634186","2118804864","0.125"
"2118804864","1824634186","0.125"
"2053727994","2107005225","0.162037"
"2107005225","2053727994","0.162037"
"2053727994","2118804864","0.125"
"2118804864","2053727994","0.125"
"2053727994","2510416511","0.125"
"2510416511","2053727994","0.125"
"2053727994","2935741862","0.215909"
"2935741862","2053727994","0.215909"
"2107005225","2510416511","0.166667"
"2510416511","2107005225","0.166667"
"2107005225","2935741862","0.125"
"2935741862","2107005225","0.125"
"2118804864","2510416511","0.125"
"2510416511","2118804864","0.125"
"2118804864","2935741862","0.125"
"2935741862","2118804864","0.125"
"1487976951","1576533511","2.83333"
"1576533511","1487976951","2.83333"
"1487976951","2135114214","2.83333"
"2135114214","1487976951","2.83333"
"1576533511","2135114214","3.83333"
"2135114214","1576533511","3.83333"
"1487976951","2168911445","2.33333"
"2168911445","1487976951","2.33333"
"1576533511","2168911445","2.33333"
"2168911445","1576533511","2.33333"
"1498470348","2095675311","0.0787037"
"2095675311","1498470348","0.0787037"
"1498470348","2159197595","0.0416667"
"2159197595","1498470348","0.0416667"
"1498470348","2185835357","0.132576"
"2185835357","1498470348","0.132576"
"1498470348","2332955060","0.0416667"
"2332955060","1498470348","0.0416667"
"1570748171","1997168556","0.0416667"
"1997168556","1570748171","0.0416667"
"1570748171","2041665683","0.0416667"
"2041665683","1570748171","0.0416667"
"1570748171","2049175337","0.0416667"
"2049175337","1570748171","0.0416667"
"1570748171","2095675311","0.0787037"
"2095675311","1570748171","0.0787037"
"1570748171","2159197595","0.141667"
"2159197595","1570748171","0.141667"
"1570748171","2163223408","0.0416667"
"2163223408","1570748171","0.0416667"
