"144062141","1497392877","4.5"
"1497392877","144062141","4.5"
"144062141","2512564603","2.5"
"2512564603","144062141","2.5"
"1497392877","2512564603","2.5"
"2512564603","1497392877","2.5"
"1484140279","1858644309","0.527778"
"1858644309","1484140279","0.527778"
"1484140279","1981058017","0.527778"
"1981058017","1484140279","0.527778"
"1484140279","2051292379","0.277778"
"2051292379","1484140279","0.277778"
"1484140279","2110997697","6.77778"
"2110997697","1484140279","6.77778"
"1484140279","2155389073","5.72778"
"2155389073","1484140279","5.72778"
"1484140279","2476176513","0.333333"
"2476176513","1484140279","0.333333"
"1858644309","1981058017","6.63889"
"1981058017","1858644309","6.63889"
"1858644309","2051292379","5.27778"
"2051292379","1858644309","5.27778"
"1858644309","2110997697","0.527778"
"2110997697","1858644309","0.527778"
"1858644309","2155389073","0.527778"
"2155389073","1858644309","0.527778"
"1858644309","2476176513","0.166667"
"2476176513","1858644309","0.166667"
"1981058017","2051292379","12.6111"
"2051292379","1981058017","12.6111"
"1981058017","2110997697","0.527778"
"2110997697","1981058017","0.527778"
"1981058017","2155389073","0.527778"
"2155389073","1981058017","0.527778"
"1981058017","2476176513","0.166667"
"2476176513","1981058017","0.166667"
"2051292379","2110997697","1.27778"
"2110997697","2051292379","1.27778"
"2051292379","2155389073","0.277778"
"2155389073","2051292379","0.277778"
"2051292379","2476176513","0.166667"
"2476176513","2051292379","0.166667"
"2110997697","2155389073","6.77778"
"2155389073","2110997697","6.77778"
"2110997697","2476176513","0.333333"
"2476176513","2110997697","0.333333"
"2155389073","2476176513","0.333333"
"2476176513","2155389073","0.333333"
"1484140279","1552723090","0.25"
"1552723090","1484140279","0.25"
"1484140279","2145906988","0.25"
"2145906988","1484140279","0.25"
"1552723090","2110997697","0.25"
"2110997697","1552723090","0.25"
"1552723090","2145906988","3.45"
"2145906988","1552723090","3.45"
"1552723090","2155389073","0.25"
"2155389073","1552723090","0.25"
"2110997697","2145906988","0.25"
"2145906988","2110997697","0.25"
"2145906988","2155389073","0.25"
"2155389073","2145906988","0.25"
"1484140279","2130160321","0.833333"
"2130160321","1484140279","0.833333"
"2130160321","2155389073","0.833333"
"2155389073","2130160321","0.833333"
"1484140279","2021798868","0.25"
"2021798868","1484140279","0.25"
"1484140279","2207808565","0.25"
"2207808565","1484140279","0.25"
"1484140279","2514051120","0.25"
"2514051120","1484140279","0.25"
"2021798868","2155389073","0.25"
"2155389073","2021798868","0.25"
"2021798868","2207808565","11.425"
"2207808565","2021798868","11.425"
"2021798868","2514051120","9.925"
"2514051120","2021798868","9.925"
"2155389073","2207808565","0.25"
"2207808565","2155389073","0.25"
"2155389073","2514051120","0.25"
"2514051120","2155389073","0.25"
"2207808565","2514051120","3.475"
"2514051120","2207808565","3.475"
"1484140279","1964864810","0.477778"
"1964864810","1484140279","0.477778"
"1484140279","1998491255","0.111111"
"1998491255","1484140279","0.111111"
"1484140279","2068647234","0.477778"
"2068647234","1484140279","0.477778"
"1484140279","2407809428","0.477778"
"2407809428","1484140279","0.477778"
"1858644309","1964864810","0.111111"
"1964864810","1858644309","0.111111"
"1858644309","1998491255","0.111111"
"1998491255","1858644309","0.111111"
"1858644309","2068647234","0.111111"
"2068647234","1858644309","0.111111"
"1858644309","2407809428","0.111111"
"2407809428","1858644309","0.111111"
"1964864810","1981058017","0.587302"
"1981058017","1964864810","0.587302"
"1964864810","1998491255","0.111111"
"1998491255","1964864810","0.111111"
"1964864810","2051292379","0.444444"
"2051292379","1964864810","0.444444"
"1964864810","2068647234","8.42778"
"2068647234","1964864810","8.42778"
"1964864810","2110997697","0.277778"
"2110997697","1964864810","0.277778"
"1964864810","2155389073","1.97778"
"2155389073","1964864810","1.97778"
"1964864810","2407809428","3.9873"
"2407809428","1964864810","3.9873"
"1981058017","1998491255","0.111111"
"1998491255","1981058017","0.111111"
"1981058017","2068647234","0.111111"
"2068647234","1981058017","0.111111"
"1981058017","2407809428","0.253968"
"2407809428","1981058017","0.253968"
"1998491255","2051292379","0.111111"
"2051292379","1998491255","0.111111"
"1998491255","2068647234","0.111111"
"2068647234","1998491255","0.111111"
"1998491255","2110997697","0.111111"
"2110997697","1998491255","0.111111"
"1998491255","2155389073","0.111111"
"2155389073","1998491255","0.111111"
"1998491255","2407809428","0.111111"
"2407809428","1998491255","0.111111"
"2051292379","2068647234","0.111111"
"2068647234","2051292379","0.111111"
"2051292379","2407809428","0.111111"
"2407809428","2051292379","0.111111"
"2068647234","2110997697","0.277778"
"2110997697","2068647234","0.277778"
"2068647234","2155389073","0.477778"
"2155389073","2068647234","0.477778"
"2068647234","2407809428","4.84444"
"2407809428","2068647234","4.84444"
"2110997697","2407809428","0.277778"
"2407809428","2110997697","0.277778"
"2155389073","2407809428","0.477778"
"2407809428","2155389073","0.477778"
"1484140279","2084222143","0.2"
"2084222143","1484140279","0.2"
"1964864810","2084222143","0.2"
"2084222143","1964864810","0.2"
"2068647234","2084222143","0.2"
"2084222143","2068647234","0.2"
"2084222143","2155389073","0.2"
"2155389073","2084222143","0.2"
"2084222143","2407809428","0.2"
"2407809428","2084222143","0.2"
"1964864810","2476176513","0.166667"
"2476176513","1964864810","0.166667"
"2068647234","2476176513","0.166667"
"2476176513","2068647234","0.166667"
"2407809428","2476176513","0.166667"
"2476176513","2407809428","0.166667"
"2110997697","2130160321","0.333333"
"2130160321","2110997697","0.333333"
"1497392877","1603596181","0.333333"
"1603596181","1497392877","0.333333"
"1497392877","2140538566","0.333333"
"2140538566","1497392877","0.333333"
"1497392877","2167851099","0.333333"
"2167851099","1497392877","0.333333"
"1603596181","2140538566","4.91667"
"2140538566","1603596181","4.91667"
"1603596181","2167851099","7.91667"
"2167851099","1603596181","7.91667"
"2140538566","2167851099","15.5278"
"2167851099","2140538566","15.5278"
"1497392877","2029557547","0.4"
"2029557547","1497392877","0.4"
"1497392877","2064831393","0.2"
"2064831393","1497392877","0.2"
"1497392877","2095647087","0.2"
"2095647087","1497392877","0.2"
"1497392877","2161078926","0.2"
"2161078926","1497392877","0.2"
"1497392877","2753396776","0.2"
"2753396776","1497392877","0.2"
"2029557547","2064831393","1.86667"
"2064831393","2029557547","1.86667"
"2029557547","2095647087","3.86667"
"2095647087","2029557547","3.86667"
"2029557547","2161078926","2.53333"
"2161078926","2029557547","2.53333"
"2029557547","2753396776","0.2"
"2753396776","2029557547","0.2"
"2064831393","2095647087","1.36667"
"2095647087","2064831393","1.36667"
"2064831393","2161078926","11.7333"
"2161078926","2064831393","11.7333"
"2064831393","2753396776","2.2"
"2753396776","2064831393","2.2"
"2095647087","2161078926","0.533333"
"2161078926","2095647087","0.533333"
"2095647087","2753396776","0.2"
"2753396776","2095647087","0.2"
"2161078926","2753396776","4.7"
"2753396776","2161078926","4.7"
"1497392877","2152836443","0.2"
"2152836443","1497392877","0.2"
"1497392877","2154342740","0.2"
"2154342740","1497392877","0.2"
"1497392877","2310139742","0.2"
"2310139742","1497392877","0.2"
"1497392877","2897584471","0.2"
"2897584471","1497392877","0.2"
"2029557547","2152836443","0.2"
"2152836443","2029557547","0.2"
"2029557547","2154342740","0.2"
"2154342740","2029557547","0.2"
"2029557547","2310139742","0.2"
"2310139742","2029557547","0.2"
"2029557547","2897584471","0.2"
"2897584471","2029557547","0.2"
"2152836443","2154342740","12.9"
"2154342740","2152836443","12.9"
"2152836443","2310139742","0.2"
"2310139742","2152836443","0.2"
"2152836443","2897584471","0.2"
"2897584471","2152836443","0.2"
"2154342740","2310139742","0.2"
"2310139742","2154342740","0.2"
"2154342740","2897584471","0.2"
"2897584471","2154342740","0.2"
"2310139742","2897584471","4.2"
"2897584471","2310139742","4.2"
"1514510077","1653731856","3.17857"
"1653731856","1514510077","3.17857"
"1514510077","1987037275","0.795238"
"1987037275","1514510077","0.795238"
"1514510077","2104578546","1.12857"
"2104578546","1514510077","1.12857"
"1514510077","2104730143","2.04524"
"2104730143","1514510077","2.04524"
"1514510077","2145906988","1.04524"
"2145906988","1514510077","1.04524"
"1514510077","2151705537","1.42857"
"2151705537","1514510077","1.42857"
"1514510077","2183719844","2.87857"
"2183719844","1514510077","2.87857"
"1653731856","1987037275","0.928571"
"1987037275","1653731856","0.928571"
"1653731856","2104578546","1.2619"
"2104578546","1653731856","1.2619"
"1653731856","2104730143","1.17857"
"2104730143","1653731856","1.17857"
"1653731856","2145906988","1.17857"
"2145906988","1653731856","1.17857"
"1653731856","2151705537","0.928571"
"2151705537","1653731856","0.928571"
"1653731856","2183719844","4.34524"
"2183719844","1653731856","4.34524"
"1987037275","2104578546","6.99524"
"2104578546","1987037275","6.99524"
"1987037275","2104730143","1.82857"
"2104730143","1987037275","1.82857"
"1987037275","2145906988","0.995238"
"2145906988","1987037275","0.995238"
"1987037275","2151705537","2.4619"
"2151705537","1987037275","2.4619"
"1987037275","2183719844","1.12857"
"2183719844","1987037275","1.12857"
"2104578546","2104730143","1.82857"
"2104730143","2104578546","1.82857"
"2104578546","2145906988","0.995238"
"2145906988","2104578546","0.995238"
"2104578546","2151705537","2.9619"
"2151705537","2104578546","2.9619"
"2104578546","2183719844","1.4619"
"2183719844","2104578546","1.4619"
"2104730143","2145906988","5.9119"
"2145906988","2104730143","5.9119"
"2104730143","2151705537","0.961905"
"2151705537","2104730143","0.961905"
"2104730143","2183719844","1.37857"
"2183719844","2104730143","1.37857"
"2145906988","2151705537","1.12857"
"2151705537","2145906988","1.12857"
"2145906988","2183719844","1.87857"
"2183719844","2145906988","1.87857"
"2151705537","2183719844","1.42857"
"2183719844","2151705537","1.42857"
"1514510077","2057313398","0.5"
"2057313398","1514510077","0.5"
"1653731856","2057313398","0.5"
"2057313398","1653731856","0.5"
"1546982033","2163771852","0.5"
"2163771852","1546982033","0.5"
"1546982033","2173268769","0.5"
"2173268769","1546982033","0.5"
"2163771852","2173268769","18.25"
"2173268769","2163771852","18.25"
"1546982033","2125497927","3.33333"
"2125497927","1546982033","3.33333"
"1546982033","2107731587","0.333333"
"2107731587","1546982033","0.333333"
"1546982033","47878016","0.333333"
"47878016","1546982033","0.333333"
"2107731587","2125497927","0.333333"
"2125497927","2107731587","0.333333"
"2107731587","47878016","28.75"
"47878016","2107731587","28.75"
"2125497927","47878016","0.333333"
"47878016","2125497927","0.333333"
"1551765785","1964864810","4.05952"
"1964864810","1551765785","4.05952"
"1551765785","2155389073","0.5"
"2155389073","1551765785","0.5"
"1551765785","2068647234","2.08333"
"2068647234","1551765785","2.08333"
"1551765785","1981058017","0.47619"
"1981058017","1551765785","0.47619"
"1551765785","1991392515","0.392857"
"1991392515","1551765785","0.392857"
"1551765785","2003933781","0.142857"
"2003933781","1551765785","0.142857"
"1551765785","2063512168","0.392857"
"2063512168","1551765785","0.392857"
"1551765785","2153639522","0.142857"
"2153639522","1551765785","0.142857"
"1551765785","2407809428","0.47619"
"2407809428","1551765785","0.47619"
"1964864810","1991392515","1.67619"
"1991392515","1964864810","1.67619"
"1964864810","2003933781","0.142857"
"2003933781","1964864810","0.142857"
"1964864810","2063512168","1.67619"
"2063512168","1964864810","1.67619"
"1964864810","2153639522","1.09286"
"2153639522","1964864810","1.09286"
"1981058017","1991392515","0.253968"
"1991392515","1981058017","0.253968"
"1981058017","2003933781","0.142857"
"2003933781","1981058017","0.142857"
"1981058017","2063512168","0.253968"
"2063512168","1981058017","0.253968"
"1981058017","2153639522","0.142857"
"2153639522","1981058017","0.142857"
"1991392515","2003933781","0.642857"
"2003933781","1991392515","0.642857"
"1991392515","2063512168","8.2873"
"2063512168","1991392515","8.2873"
"1991392515","2153639522","0.342857"
"2153639522","1991392515","0.342857"
"1991392515","2407809428","1.09286"
"2407809428","1991392515","1.09286"
"2003933781","2063512168","0.642857"
"2063512168","2003933781","0.642857"
"2003933781","2153639522","0.142857"
"2153639522","2003933781","0.142857"
"2003933781","2407809428","0.142857"
"2407809428","2003933781","0.142857"
"2063512168","2153639522","0.342857"
"2153639522","2063512168","0.342857"
"2063512168","2407809428","1.09286"
"2407809428","2063512168","1.09286"
"2153639522","2407809428","0.592857"
"2407809428","2153639522","0.592857"
"1551765785","2147710303","1"
"2147710303","1551765785","1"
"1551765785","2051292379","0.333333"
"2051292379","1551765785","0.333333"
"1991392515","2068647234","1.53333"
"2068647234","1991392515","1.53333"
"2063512168","2068647234","1.53333"
"2068647234","2063512168","1.53333"
"1552723090","2104730143","2.2"
"2104730143","1552723090","2.2"
"1552723090","2290664838","1"
"2290664838","1552723090","1"
"1552723090","2113050619","1"
"2113050619","1552723090","1"
"1552723090","1987037275","0.2"
"1987037275","1552723090","0.2"
"1552723090","2104578546","0.2"
"2104578546","1552723090","0.2"
"1552723090","2151705537","0.2"
"2151705537","1552723090","0.2"
"1552723090","2152836443","0.5"
"2152836443","1552723090","0.5"
"1552723090","2154342740","0.5"
"2154342740","1552723090","0.5"
"1588878898","2163771852","3.83333"
"2163771852","1588878898","3.83333"
"1588878898","2173268769","2.83333"
"2173268769","1588878898","2.83333"
"1588878898","1623724720","0.333333"
"1623724720","1588878898","0.333333"
"1623724720","2163771852","1.33333"
"2163771852","1623724720","1.33333"
"1623724720","2173268769","0.333333"
"2173268769","1623724720","0.333333"
"1588878898","2107731587","1"
"2107731587","1588878898","1"
"1588878898","47878016","1"
"47878016","1588878898","1"
"2107731587","2163771852","1.16667"
"2163771852","2107731587","1.16667"
"2107731587","2173268769","1.16667"
"2173268769","2107731587","1.16667"
"2163771852","47878016","1.16667"
"47878016","2163771852","1.16667"
"2173268769","47878016","1.16667"
"47878016","2173268769","1.16667"
"1603596181","1678673799","0.25"
"1678673799","1603596181","0.25"
"1603596181","1844760852","0.25"
"1844760852","1603596181","0.25"
"1678673799","1844760852","42.1667"
"1844760852","1678673799","42.1667"
"1678673799","2140538566","0.25"
"2140538566","1678673799","0.25"
"1678673799","2167851099","0.25"
"2167851099","1678673799","0.25"
"1844760852","2140538566","0.25"
"2140538566","1844760852","0.25"
"1844760852","2167851099","0.25"
"2167851099","1844760852","0.25"
"1603596181","2029557547","0.333333"
"2029557547","1603596181","0.333333"
"2029557547","2140538566","0.333333"
"2140538566","2029557547","0.333333"
"2029557547","2167851099","0.333333"
"2167851099","2029557547","0.333333"
"160546098","2045067045","1"
"2045067045","160546098","1"
"160546098","1623724720","1"
"1623724720","160546098","1"
"1623724720","2029557547","2"
"2029557547","1623724720","2"
"1623724720","2074329842","0.333333"
"2074329842","1623724720","0.333333"
"1623724720","2109100546","0.666667"
"2109100546","1623724720","0.666667"
"1623724720","92763846","1.33333"
"92763846","1623724720","1.33333"
"2074329842","2109100546","2.44444"
"2109100546","2074329842","2.44444"
"2074329842","92763846","0.333333"
"92763846","2074329842","0.333333"
"2109100546","92763846","0.333333"
"92763846","2109100546","0.333333"
"1623724720","2021798868","1"
"2021798868","1623724720","1"
"1623724720","2095647087","0.333333"
"2095647087","1623724720","0.333333"
"1623724720","2134155244","0.333333"
"2134155244","1623724720","0.333333"
"2095647087","2109100546","0.333333"
"2109100546","2095647087","0.333333"
"2095647087","2134155244","0.333333"
"2134155244","2095647087","0.333333"
"2109100546","2134155244","3.33333"
"2134155244","2109100546","3.33333"
"1623724720","2167851099","1"
"2167851099","1623724720","1"
"1653731856","2132020996","0.5"
"2132020996","1653731856","0.5"
"2132020996","2183719844","0.5"
"2183719844","2132020996","0.5"
"1662573534","2030534511","0.0625"
"2030534511","1662573534","0.0625"
"1662573534","2051530877","0.0625"
"2051530877","1662573534","0.0625"
"1662573534","2057313398","0.0625"
"2057313398","1662573534","0.0625"
"1662573534","2209233556","0.0625"
"2209233556","1662573534","0.0625"
"1662573534","2246338463","0.173611"
"2246338463","1662573534","0.173611"
"1662573534","2283304333","0.0625"
"2283304333","1662573534","0.0625"
"1662573534","2334978306","0.506944"
"2334978306","1662573534","0.506944"
"1662573534","2366739623","0.173611"
"2366739623","1662573534","0.173611"
"1662573534","2533452169","0.0625"
"2533452169","1662573534","0.0625"
"1662573534","2556744667","0.0625"
"2556744667","1662573534","0.0625"
"1662573534","2581220703","0.0625"
"2581220703","1662573534","0.0625"
"1662573534","2585021848","0.0625"
"2585021848","1662573534","0.0625"
"1662573534","2745130260","0.0625"
"2745130260","1662573534","0.0625"
"1662573534","2748000169","0.395833"
"2748000169","1662573534","0.395833"
"1662573534","2767434259","0.0625"
"2767434259","1662573534","0.0625"
"1662573534","2964219675","0.0625"
"2964219675","1662573534","0.0625"
"2030534511","2051530877","0.0625"
"2051530877","2030534511","0.0625"
"2030534511","2057313398","0.0625"
"2057313398","2030534511","0.0625"
"2030534511","2209233556","0.0625"
"2209233556","2030534511","0.0625"
"2030534511","2246338463","0.0625"
"2246338463","2030534511","0.0625"
"2030534511","2283304333","0.0625"
"2283304333","2030534511","0.0625"
"2030534511","2334978306","2.0625"
"2334978306","2030534511","2.0625"
"2030534511","2366739623","0.0625"
"2366739623","2030534511","0.0625"
"2030534511","2533452169","0.0625"
"2533452169","2030534511","0.0625"
"2030534511","2556744667","0.0625"
"2556744667","2030534511","0.0625"
"2030534511","2581220703","0.0625"
"2581220703","2030534511","0.0625"
"2030534511","2585021848","0.0625"
"2585021848","2030534511","0.0625"
"2030534511","2745130260","0.5625"
"2745130260","2030534511","0.5625"
"2030534511","2748000169","0.0625"
"2748000169","2030534511","0.0625"
"2030534511","2767434259","0.0625"
"2767434259","2030534511","0.0625"
"2030534511","2964219675","0.0625"
"2964219675","2030534511","0.0625"
"2051530877","2057313398","0.995833"
"2057313398","2051530877","0.995833"
"2051530877","2209233556","0.873611"
"2209233556","2051530877","0.873611"
"2051530877","2246338463","0.840278"
"2246338463","2051530877","0.840278"
"2051530877","2283304333","1.7625"
"2283304333","2051530877","1.7625"
"2051530877","2334978306","0.229167"
"2334978306","2051530877","0.229167"
"2051530877","2366739623","0.934722"
"2366739623","2051530877","0.934722"
"2051530877","2533452169","0.0625"
"2533452169","2051530877","0.0625"
"2051530877","2556744667","4.45139"
"2556744667","2051530877","4.45139"
"2051530877","2581220703","10.4458"
"2581220703","2051530877","10.4458"
"2051530877","2585021848","3.87917"
"2585021848","2051530877","3.87917"
"2051530877","2745130260","0.0625"
"2745130260","2051530877","0.0625"
"2051530877","2748000169","1.67917"
"2748000169","2051530877","1.67917"
"2051530877","2767434259","1.15694"
"2767434259","2051530877","1.15694"
"2051530877","2964219675","0.0625"
"2964219675","2051530877","0.0625"
"2057313398","2209233556","2.92917"
"2209233556","2057313398","2.92917"
"2057313398","2246338463","0.145833"
"2246338463","2057313398","0.145833"
"2057313398","2283304333","0.0625"
"2283304333","2057313398","0.0625"
"2057313398","2334978306","0.0625"
"2334978306","2057313398","0.0625"
"2057313398","2366739623","0.145833"
"2366739623","2057313398","0.145833"
"2057313398","2533452169","0.5625"
"2533452169","2057313398","0.5625"
"2057313398","2556744667","2.74583"
"2556744667","2057313398","2.74583"
"2057313398","2581220703","0.995833"
"2581220703","2057313398","0.995833"
"2057313398","2585021848","0.345833"
"2585021848","2057313398","0.345833"
"2057313398","2745130260","0.0625"
"2745130260","2057313398","0.0625"
"2057313398","2748000169","0.145833"
"2748000169","2057313398","0.145833"
"2057313398","2767434259","0.145833"
"2767434259","2057313398","0.145833"
"2057313398","2964219675","0.0625"
"2964219675","2057313398","0.0625"
"2209233556","2246338463","0.145833"
"2246338463","2209233556","0.145833"
"2209233556","2283304333","0.298611"
"2283304333","2209233556","0.298611"
"2209233556","2334978306","0.229167"
"2334978306","2209233556","0.229167"
"2209233556","2366739623","0.548611"
"2366739623","2209233556","0.548611"
"2209233556","2533452169","0.0625"
"2533452169","2209233556","0.0625"
"2209233556","2556744667","1.3875"
"2556744667","2209233556","1.3875"
"2209233556","2581220703","0.873611"
"2581220703","2209233556","0.873611"
"2209233556","2585021848","0.381944"
"2585021848","2209233556","0.381944"
"2209233556","2745130260","0.0625"
"2745130260","2209233556","0.0625"
"2209233556","2748000169","0.381944"
"2748000169","2209233556","0.381944"
"2209233556","2767434259","0.270833"
"2767434259","2209233556","0.270833"
"2209233556","2964219675","0.1875"
"2964219675","2209233556","0.1875"
"2246338463","2283304333","0.506944"
"2283304333","2246338463","0.506944"
"2246338463","2334978306","1.87361"
"2334978306","2246338463","1.87361"
"2246338463","2366739623","1.36806"
"2366739623","2246338463","1.36806"
"2246338463","2533452169","0.2625"
"2533452169","2246338463","0.2625"
"2246338463","2556744667","0.590278"
"2556744667","2246338463","0.590278"
"2246338463","2581220703","0.506944"
"2581220703","2246338463","0.506944"
"2246338463","2585021848","0.590278"
"2585021848","2246338463","0.590278"
"2246338463","2745130260","0.2625"
"2745130260","2246338463","0.2625"
"2246338463","2748000169","0.790278"
"2748000169","2246338463","0.790278"
"2246338463","2767434259","0.256944"
"2767434259","2246338463","0.256944"
"2246338463","2964219675","0.0625"
"2964219675","2246338463","0.0625"
"2283304333","2334978306","0.0625"
"2334978306","2283304333","0.0625"
"2283304333","2366739623","0.609722"
"2366739623","2283304333","0.609722"
"2283304333","2533452169","6.0625"
"2533452169","2283304333","6.0625"
"2283304333","2556744667","1.77639"
"2556744667","2283304333","1.77639"
"2283304333","2581220703","2.09583"
"2581220703","2283304333","2.09583"
"2283304333","2585021848","1.02083"
"2585021848","2283304333","1.02083"
"2283304333","2745130260","0.0625"
"2745130260","2283304333","0.0625"
"2283304333","2748000169","1.02083"
"2748000169","2283304333","1.02083"
"2283304333","2767434259","0.498611"
"2767434259","2283304333","0.498611"
"2283304333","2964219675","0.1875"
"2964219675","2283304333","0.1875"
"2334978306","2366739623","0.340278"
"2366739623","2334978306","0.340278"
"2334978306","2533452169","0.7625"
"2533452169","2334978306","0.7625"
"2334978306","2556744667","0.229167"
"2556744667","2334978306","0.229167"
"2334978306","2581220703","0.229167"
"2581220703","2334978306","0.229167"
"2334978306","2585021848","0.0625"
"2585021848","2334978306","0.0625"
"2334978306","2745130260","0.2625"
"2745130260","2334978306","0.2625"
"2334978306","2748000169","1.59583"
"2748000169","2334978306","1.59583"
"2334978306","2767434259","0.0625"
"2767434259","2334978306","0.0625"
"2334978306","2964219675","0.0625"
"2964219675","2334978306","0.0625"
"2366739623","2533452169","0.0625"
"2533452169","2366739623","0.0625"
"2366739623","2556744667","0.948611"
"2556744667","2366739623","0.948611"
"2366739623","2581220703","0.984722"
"2581220703","2366739623","0.984722"
"2366739623","2585021848","1.44306"
"2585021848","2366739623","1.44306"
"2366739623","2745130260","0.0625"
"2745130260","2366739623","0.0625"
"2366739623","2748000169","1.44306"
"2748000169","2366739623","1.44306"
"2366739623","2767434259","4.03194"
"2767434259","2366739623","4.03194"
"2366739623","2964219675","0.1875"
"2964219675","2366739623","0.1875"
"2533452169","2556744667","0.0625"
"2556744667","2533452169","0.0625"
"2533452169","2581220703","0.0625"
"2581220703","2533452169","0.0625"
"2533452169","2585021848","0.0625"
"2585021848","2533452169","0.0625"
"2533452169","2745130260","0.2625"
"2745130260","2533452169","0.2625"
"2533452169","2748000169","0.2625"
"2748000169","2533452169","0.2625"
"2533452169","2767434259","0.0625"
"2767434259","2533452169","0.0625"
"2533452169","2964219675","0.0625"
"2964219675","2533452169","0.0625"
"2556744667","2581220703","2.58472"
"2581220703","2556744667","2.58472"
"2556744667","2585021848","2.22639"
"2585021848","2556744667","2.22639"
"2556744667","2745130260","0.0625"
"2745130260","2556744667","0.0625"
"2556744667","2748000169","1.52639"
"2748000169","2556744667","1.52639"
"2556744667","2767434259","0.781944"
"2767434259","2556744667","0.781944"
"2556744667","2964219675","0.1875"
"2964219675","2556744667","0.1875"
"2581220703","2585021848","2.59583"
"2585021848","2581220703","2.59583"
"2581220703","2745130260","0.0625"
"2745130260","2581220703","0.0625"
"2581220703","2748000169","0.895833"
"2748000169","2581220703","0.895833"
"2581220703","2767434259","1.20694"
"2767434259","2581220703","1.20694"
"2581220703","2964219675","0.0625"
"2964219675","2581220703","0.0625"
"2585021848","2745130260","0.0625"
"2745130260","2585021848","0.0625"
"2585021848","2748000169","7.3875"
"2748000169","2585021848","7.3875"
"2585021848","2767434259","1.33194"
"2767434259","2585021848","1.33194"
"2585021848","2964219675","0.1875"
"2964219675","2585021848","0.1875"
"2745130260","2748000169","0.2625"
"2748000169","2745130260","0.2625"
"2745130260","2767434259","0.0625"
"2767434259","2745130260","0.0625"
"2745130260","2964219675","0.0625"
"2964219675","2745130260","0.0625"
"2748000169","2767434259","1.33194"
"2767434259","2748000169","1.33194"
"2748000169","2964219675","0.1875"
"2964219675","2748000169","0.1875"
"2767434259","2964219675","0.1875"
"2964219675","2767434259","0.1875"
"1662573534","2417168758","0.444444"
"2417168758","1662573534","0.444444"
"2334978306","2417168758","0.444444"
"2417168758","2334978306","0.444444"
"2417168758","2748000169","0.333333"
"2748000169","2417168758","0.333333"
"1662573534","1676481935","0.111111"
"1676481935","1662573534","0.111111"
"1662573534","1984939154","0.111111"
"1984939154","1662573534","0.111111"
"1662573534","2006085716","0.111111"
"2006085716","1662573534","0.111111"
"1662573534","2238265222","0.111111"
"2238265222","1662573534","0.111111"
"1662573534","2897584471","0.111111"
"2897584471","1662573534","0.111111"
"1676481935","1984939154","0.111111"
"1984939154","1676481935","0.111111"
"1676481935","2006085716","0.111111"
"2006085716","1676481935","0.111111"
"1676481935","2238265222","0.111111"
"2238265222","1676481935","0.111111"
"1676481935","2246338463","0.111111"
"2246338463","1676481935","0.111111"
"1676481935","2334978306","0.111111"
"2334978306","1676481935","0.111111"
"1676481935","2366739623","0.111111"
"2366739623","1676481935","0.111111"
"1676481935","2417168758","0.111111"
"2417168758","1676481935","0.111111"
"1676481935","2897584471","1.11111"
"2897584471","1676481935","1.11111"
"1984939154","2006085716","0.503968"
"2006085716","1984939154","0.503968"
"1984939154","2238265222","14.2746"
"2238265222","1984939154","14.2746"
"1984939154","2246338463","0.611111"
"2246338463","1984939154","0.611111"
"1984939154","2334978306","0.111111"
"2334978306","1984939154","0.111111"
"1984939154","2366739623","0.111111"
"2366739623","1984939154","0.111111"
"1984939154","2417168758","0.587302"
"2417168758","1984939154","0.587302"
"1984939154","2897584471","0.111111"
"2897584471","1984939154","0.111111"
"2006085716","2238265222","0.503968"
"2238265222","2006085716","0.503968"
"2006085716","2246338463","0.111111"
"2246338463","2006085716","0.111111"
"2006085716","2334978306","0.111111"
"2334978306","2006085716","0.111111"
"2006085716","2366739623","0.111111"
"2366739623","2006085716","0.111111"
"2006085716","2417168758","0.111111"
"2417168758","2006085716","0.111111"
"2006085716","2897584471","0.111111"
"2897584471","2006085716","0.111111"
"2238265222","2246338463","0.861111"
"2246338463","2238265222","0.861111"
"2238265222","2334978306","0.111111"
"2334978306","2238265222","0.111111"
"2238265222","2366739623","0.111111"
"2366739623","2238265222","0.111111"
"2238265222","2417168758","0.587302"
"2417168758","2238265222","0.587302"
"2238265222","2897584471","0.111111"
"2897584471","2238265222","0.111111"
"2246338463","2417168758","0.361111"
"2417168758","2246338463","0.361111"
"2246338463","2897584471","0.111111"
"2897584471","2246338463","0.111111"
"2334978306","2897584471","0.111111"
"2897584471","2334978306","0.111111"
"2366739623","2417168758","0.111111"
"2417168758","2366739623","0.111111"
"2366739623","2897584471","0.111111"
"2897584471","2366739623","0.111111"
"2417168758","2897584471","0.111111"
"2897584471","2417168758","0.111111"
"1662573534","2290664838","0.5"
"2290664838","1662573534","0.5"
"1662573534","2295967239","0.5"
"2295967239","1662573534","0.5"
"2290664838","2295967239","12.8583"
"2295967239","2290664838","12.8583"
"1678673799","2125497927","1.58333"
"2125497927","1678673799","1.58333"
"1844760852","2125497927","1.58333"
"2125497927","1844760852","1.58333"
"1678673799","2126183471","0.833333"
"2126183471","1678673799","0.833333"
"1844760852","2126183471","0.833333"
"2126183471","1844760852","0.833333"
"2125497927","2126183471","0.333333"
"2126183471","2125497927","0.333333"
"1678673799","2619319957","0.5"
"2619319957","1678673799","0.5"
"1844760852","2619319957","0.5"
"2619319957","1844760852","0.5"
"1678673799","2290664838","0.333333"
"2290664838","1678673799","0.333333"
"1678673799","2295967239","0.333333"
"2295967239","1678673799","0.333333"
"1844760852","2290664838","0.333333"
"2290664838","1844760852","0.333333"
"1844760852","2295967239","0.333333"
"2295967239","1844760852","0.333333"
"1678673799","2084222143","0.5"
"2084222143","1678673799","0.5"
"1844760852","2084222143","0.5"
"2084222143","1844760852","0.5"
"1678673799","2130160321","0.5"
"2130160321","1678673799","0.5"
"1844760852","2130160321","0.5"
"2130160321","1844760852","0.5"
"1678673799","2163771852","0.25"
"2163771852","1678673799","0.25"
"1678673799","2173268769","0.25"
"2173268769","1678673799","0.25"
"1844760852","2163771852","0.25"
"2163771852","1844760852","0.25"
"1844760852","2173268769","0.25"
"2173268769","1844760852","0.25"
"2125497927","2163771852","0.25"
"2163771852","2125497927","0.25"
"2125497927","2173268769","0.25"
"2173268769","2125497927","0.25"
"1813011526","1858644309","0.111111"
"1858644309","1813011526","0.111111"
"1813011526","1981058017","0.111111"
"1981058017","1813011526","0.111111"
"1813011526","1991392515","0.111111"
"1991392515","1813011526","0.111111"
"1813011526","2063512168","0.111111"
"2063512168","1813011526","0.111111"
"1813011526","2074329842","0.111111"
"2074329842","1813011526","0.111111"
"1813011526","2109100546","0.111111"
"2109100546","1813011526","0.111111"
"1813011526","2130160321","0.111111"
"2130160321","1813011526","0.111111"
"1813011526","2140538566","0.111111"
"2140538566","1813011526","0.111111"
"1813011526","2167851099","0.111111"
"2167851099","1813011526","0.111111"
"1858644309","1991392515","0.111111"
"1991392515","1858644309","0.111111"
"1858644309","2063512168","0.111111"
"2063512168","1858644309","0.111111"
"1858644309","2074329842","0.111111"
"2074329842","1858644309","0.111111"
"1858644309","2109100546","0.111111"
"2109100546","1858644309","0.111111"
"1858644309","2130160321","0.111111"
"2130160321","1858644309","0.111111"
"1858644309","2140538566","0.111111"
"2140538566","1858644309","0.111111"
"1858644309","2167851099","0.111111"
"2167851099","1858644309","0.111111"
"1981058017","2074329842","0.111111"
"2074329842","1981058017","0.111111"
"1981058017","2109100546","0.111111"
"2109100546","1981058017","0.111111"
"1981058017","2130160321","0.111111"
"2130160321","1981058017","0.111111"
"1981058017","2140538566","0.111111"
"2140538566","1981058017","0.111111"
"1981058017","2167851099","0.111111"
"2167851099","1981058017","0.111111"
"1991392515","2074329842","0.111111"
"2074329842","1991392515","0.111111"
"1991392515","2109100546","0.111111"
"2109100546","1991392515","0.111111"
"1991392515","2130160321","0.111111"
"2130160321","1991392515","0.111111"
"1991392515","2140538566","0.111111"
"2140538566","1991392515","0.111111"
"1991392515","2167851099","0.111111"
"2167851099","1991392515","0.111111"
"2063512168","2074329842","0.111111"
"2074329842","2063512168","0.111111"
"2063512168","2109100546","0.111111"
"2109100546","2063512168","0.111111"
"2063512168","2130160321","0.111111"
"2130160321","2063512168","0.111111"
"2063512168","2140538566","0.111111"
"2140538566","2063512168","0.111111"
"2063512168","2167851099","0.111111"
"2167851099","2063512168","0.111111"
"2074329842","2130160321","0.948413"
"2130160321","2074329842","0.948413"
"2074329842","2140538566","0.111111"
"2140538566","2074329842","0.111111"
"2074329842","2167851099","0.111111"
"2167851099","2074329842","0.111111"
"2109100546","2130160321","0.111111"
"2130160321","2109100546","0.111111"
"2109100546","2140538566","0.111111"
"2140538566","2109100546","0.111111"
"2109100546","2167851099","0.111111"
"2167851099","2109100546","0.111111"
"2130160321","2140538566","0.111111"
"2140538566","2130160321","0.111111"
"2130160321","2167851099","0.111111"
"2167851099","2130160321","0.111111"
"1813011526","2082434106","1"
"2082434106","1813011526","1"
"1813011526","2753396776","1"
"2753396776","1813011526","1"
"1825977590","2096673493","0.333333"
"2096673493","1825977590","0.333333"
"1825977590","2167851099","0.333333"
"2167851099","1825977590","0.333333"
"1825977590","66108774","0.333333"
"66108774","1825977590","0.333333"
"2096673493","2167851099","0.333333"
"2167851099","2096673493","0.333333"
"2096673493","66108774","0.333333"
"66108774","2096673493","0.333333"
"2167851099","66108774","0.583333"
"66108774","2167851099","0.583333"
"1858644309","2078417425","1"
"2078417425","1858644309","1"
"2068647234","2153639522","0.95"
"2153639522","2068647234","0.95"
"1964864810","2283304333","0.25"
"2283304333","1964864810","0.25"
"2068647234","2283304333","0.25"
"2283304333","2068647234","0.25"
"2153639522","2283304333","0.25"
"2283304333","2153639522","0.25"
"2283304333","2407809428","0.25"
"2407809428","2283304333","0.25"
"1964864810","2096673493","1.33333"
"2096673493","1964864810","1.33333"
"2068647234","2096673493","0.333333"
"2096673493","2068647234","0.333333"
"2096673493","2407809428","0.333333"
"2407809428","2096673493","0.333333"
"1965413989","2060708031","2"
"2060708031","1965413989","2"
"1965413989","2745130260","0.5"
"2745130260","1965413989","0.5"
"2060708031","2745130260","0.5"
"2745130260","2060708031","0.5"
"1965413989","1996975866","0.5"
"1996975866","1965413989","0.5"
"1996975866","2060708031","0.5"
"2060708031","1996975866","0.5"
"1965413989","2072213906","1"
"2072213906","1965413989","1"
"1978753461","2133593315","3"
"2133593315","1978753461","3"
"1978753461","2051530877","0.25"
"2051530877","1978753461","0.25"
"1978753461","2246338463","0.25"
"2246338463","1978753461","0.25"
"1978753461","2417168758","0.25"
"2417168758","1978753461","0.25"
"1978753461","2581220703","0.25"
"2581220703","1978753461","0.25"
"2051530877","2417168758","0.25"
"2417168758","2051530877","0.25"
"2417168758","2581220703","0.25"
"2581220703","2417168758","0.25"
"1981058017","2183470472","1"
"2183470472","1981058017","1"
"1981058017","2119424404","1"
"2119424404","1981058017","1"
"1981058017","2147710303","1"
"2147710303","1981058017","1"
"1984939154","2032543966","0.592857"
"2032543966","1984939154","0.592857"
"1984939154","2126183471","0.142857"
"2126183471","1984939154","0.142857"
"1984939154","2534342463","0.592857"
"2534342463","1984939154","0.592857"
"1984939154","2600860262","0.285714"
"2600860262","1984939154","0.285714"
"1984939154","2753396776","0.142857"
"2753396776","1984939154","0.142857"
"2032543966","2126183471","0.142857"
"2126183471","2032543966","0.142857"
"2032543966","2238265222","0.592857"
"2238265222","2032543966","0.592857"
"2032543966","2417168758","0.142857"
"2417168758","2032543966","0.142857"
"2032543966","2534342463","0.592857"
"2534342463","2032543966","0.592857"
"2032543966","2600860262","0.142857"
"2600860262","2032543966","0.142857"
"2032543966","2753396776","0.142857"
"2753396776","2032543966","0.142857"
"2126183471","2238265222","0.142857"
"2238265222","2126183471","0.142857"
"2126183471","2417168758","0.142857"
"2417168758","2126183471","0.142857"
"2126183471","2534342463","0.142857"
"2534342463","2126183471","0.142857"
"2126183471","2600860262","0.142857"
"2600860262","2126183471","0.142857"
"2126183471","2753396776","0.142857"
"2753396776","2126183471","0.142857"
"2238265222","2534342463","2.59286"
"2534342463","2238265222","2.59286"
"2238265222","2600860262","0.535714"
"2600860262","2238265222","0.535714"
"2238265222","2753396776","0.142857"
"2753396776","2238265222","0.142857"
"2417168758","2534342463","0.142857"
"2534342463","2417168758","0.142857"
"2417168758","2600860262","1.64286"
"2600860262","2417168758","1.64286"
"2417168758","2753396776","0.142857"
"2753396776","2417168758","0.142857"
"2534342463","2600860262","0.142857"
"2600860262","2534342463","0.142857"
"2534342463","2753396776","0.142857"
"2753396776","2534342463","0.142857"
"2600860262","2753396776","0.142857"
"2753396776","2600860262","0.142857"
"1984939154","2045117626","1.00952"
"2045117626","1984939154","1.00952"
"2045117626","2238265222","2.00952"
"2238265222","2045117626","2.00952"
"2045117626","2417168758","0.333333"
"2417168758","2045117626","0.333333"
"1984939154","2040736673","0.5"
"2040736673","1984939154","0.5"
"1984939154","2045067045","1.2"
"2045067045","1984939154","1.2"
"2040736673","2045067045","0.5"
"2045067045","2040736673","0.5"
"2040736673","2238265222","0.5"
"2238265222","2040736673","0.5"
"2045067045","2238265222","1.2"
"2238265222","2045067045","1.2"
"1984939154","2209233556","0.2"
"2209233556","1984939154","0.2"
"1984939154","2234728002","0.45"
"2234728002","1984939154","0.45"
"2032543966","2209233556","1.2"
"2209233556","2032543966","1.2"
"2032543966","2234728002","0.45"
"2234728002","2032543966","0.45"
"2209233556","2234728002","5.01944"
"2234728002","2209233556","5.01944"
"2209233556","2238265222","0.2"
"2238265222","2209233556","0.2"
"2209233556","2534342463","1.7"
"2534342463","2209233556","1.7"
"2234728002","2238265222","0.45"
"2238265222","2234728002","0.45"
"2234728002","2534342463","1.45"
"2534342463","2234728002","1.45"
"1984939154","2051530877","0.111111"
"2051530877","1984939154","0.111111"
"1984939154","2244985651","0.311111"
"2244985651","1984939154","0.311111"
"1984939154","2283304333","0.111111"
"2283304333","1984939154","0.111111"
"1984939154","2556744667","0.453968"
"2556744667","1984939154","0.453968"
"1984939154","2581220703","0.111111"
"2581220703","1984939154","0.111111"
"1984939154","2585021848","0.111111"
"2585021848","1984939154","0.111111"
"1984939154","2748000169","0.111111"
"2748000169","1984939154","0.111111"
"1984939154","2964071396","0.311111"
"2964071396","1984939154","0.311111"
"2051530877","2238265222","0.111111"
"2238265222","2051530877","0.111111"
"2051530877","2244985651","0.222222"
"2244985651","2051530877","0.222222"
"2051530877","2964071396","0.222222"
"2964071396","2051530877","0.222222"
"2238265222","2244985651","1.56111"
"2244985651","2238265222","1.56111"
"2238265222","2283304333","0.111111"
"2283304333","2238265222","0.111111"
"2238265222","2556744667","0.453968"
"2556744667","2238265222","0.453968"
"2238265222","2581220703","0.111111"
"2581220703","2238265222","0.111111"
"2238265222","2585021848","0.111111"
"2585021848","2238265222","0.111111"
"2238265222","2748000169","0.111111"
"2748000169","2238265222","0.111111"
"2238265222","2964071396","1.56111"
"2964071396","2238265222","1.56111"
