"1492518391","1551134912","0.5"
"1551134912","1492518391","0.5"
"1492518391","1835849596","0.5"
"1835849596","1492518391","0.5"
"1551134912","1835849596","9"
"1835849596","1551134912","9"
"1492518391","1932411089","1.25"
"1932411089","1492518391","1.25"
"1492518391","2101115379","1.25"
"2101115379","1492518391","1.25"
"1492518391","1885634126","0.5"
"1885634126","1492518391","0.5"
"1492518391","2043809848","0.5"
"2043809848","1492518391","0.5"
"1885634126","2043809848","1.34091"
"2043809848","1885634126","1.34091"
"1492518391","2138122984","1"
"2138122984","1492518391","1"
"1492518391","2023991263","0.25"
"2023991263","1492518391","0.25"
"1492518391","2049571782","1"
"2049571782","1492518391","1"
"1492518391","2137849194","0.25"
"2137849194","1492518391","0.25"
"1492518391","2256212224","0.25"
"2256212224","1492518391","0.25"
"2023991263","2049571782","0.291667"
"2049571782","2023991263","0.291667"
"2023991263","2137849194","0.25"
"2137849194","2023991263","0.25"
"2023991263","2256212224","0.25"
"2256212224","2023991263","0.25"
"2049571782","2137849194","0.25"
"2137849194","2049571782","0.25"
"2049571782","2256212224","0.25"
"2256212224","2049571782","0.25"
"2137849194","2256212224","0.25"
"2256212224","2137849194","0.25"
"1492518391","2951999808","1.25"
"2951999808","1492518391","1.25"
"2049571782","2951999808","0.75"
"2951999808","2049571782","0.75"
"1492518391","2105839956","0.5"
"2105839956","1492518391","0.5"
"2105839956","2951999808","0.75"
"2951999808","2105839956","0.75"
"1932411089","2049571782","1.58333"
"2049571782","1932411089","1.58333"
"1932411089","2101115379","2.2"
"2101115379","1932411089","2.2"
"1932411089","2951999808","1.2"
"2951999808","1932411089","1.2"
"2049571782","2101115379","0.25"
"2101115379","2049571782","0.25"
"2101115379","2951999808","0.7"
"2951999808","2101115379","0.7"
"1509788081","2132812559","1"
"2132812559","1509788081","1"
"1509788081","1554542134","2"
"1554542134","1509788081","2"
"1512252797","1932411089","2.2"
"1932411089","1512252797","2.2"
"1512252797","2137849194","1.2"
"2137849194","1512252797","1.2"
"1512252797","2951999808","0.7"
"2951999808","1512252797","0.7"
"1512252797","2101115379","0.2"
"2101115379","1512252797","0.2"
"1512252797","2180771322","0.2"
"2180771322","1512252797","0.2"
"1932411089","2137849194","0.45"
"2137849194","1932411089","0.45"
"1932411089","2180771322","0.2"
"2180771322","1932411089","0.2"
"2101115379","2137849194","0.45"
"2137849194","2101115379","0.45"
"2101115379","2180771322","0.2"
"2180771322","2101115379","0.2"
"2137849194","2180771322","0.2"
"2180771322","2137849194","0.2"
"2137849194","2951999808","0.45"
"2951999808","2137849194","0.45"
"2180771322","2951999808","0.2"
"2951999808","2180771322","0.2"
"1512252797","2950040279","0.5"
"2950040279","1512252797","0.5"
"1932411089","2950040279","2"
"2950040279","1932411089","2"
"1523785268","1750821775","0.236111"
"1750821775","1523785268","0.236111"
"1523785268","1782109769","0.319444"
"1782109769","1523785268","0.319444"
"1523785268","1902127772","0.361111"
"1902127772","1523785268","0.361111"
"1523785268","2023991263","0.252778"
"2023991263","1523785268","0.252778"
"1523785268","2098701033","0.861111"
"2098701033","1523785268","0.861111"
"1523785268","2102235961","0.361111"
"2102235961","1523785268","0.361111"
"1523785268","2118990407","0.361111"
"2118990407","1523785268","0.361111"
"1523785268","2132812559","4.46111"
"2132812559","1523785268","4.46111"
"1523785268","2133002765","0.211111"
"2133002765","1523785268","0.211111"
"1750821775","1782109769","0.194444"
"1782109769","1750821775","0.194444"
"1750821775","1902127772","2.49208"
"1902127772","1750821775","2.49208"
"1750821775","2023991263","0.200397"
"2023991263","1750821775","0.200397"
"1750821775","2098701033","2.89593"
"2098701033","1750821775","2.89593"
"1750821775","2102235961","2.59329"
"2102235961","1750821775","2.59329"
"1750821775","2118990407","2.06351"
"2118990407","1750821775","2.06351"
"1750821775","2132812559","2.89593"
"2132812559","1750821775","2.89593"
"1750821775","2133002765","0.15873"
"2133002765","1750821775","0.15873"
"1782109769","1902127772","2.08056"
"1902127772","1782109769","2.08056"
"1782109769","2023991263","0.236111"
"2023991263","1782109769","0.236111"
"1782109769","2098701033","2.08056"
"2098701033","1782109769","2.08056"
"1782109769","2102235961","1.83056"
"2102235961","1782109769","1.83056"
"1782109769","2118990407","2.08056"
"2118990407","1782109769","2.08056"
"1782109769","2132812559","0.444444"
"2132812559","1782109769","0.444444"
"1782109769","2133002765","0.236111"
"2133002765","1782109769","0.236111"
"1902127772","2023991263","1.10873"
"2023991263","1902127772","1.10873"
"1902127772","2098701033","72.2253"
"2098701033","1902127772","72.2253"
"1902127772","2102235961","8.80597"
"2102235961","1902127772","8.80597"
"1902127772","2118990407","5.51336"
"2118990407","1902127772","5.51336"
"1902127772","2132812559","3.29471"
"2132812559","1902127772","3.29471"
"1902127772","2133002765","0.617063"
"2133002765","1902127772","0.617063"
"2023991263","2098701033","1.10873"
"2098701033","2023991263","1.10873"
"2023991263","2102235961","0.525397"
"2102235961","2023991263","0.525397"
"2023991263","2118990407","0.775397"
"2118990407","2023991263","0.775397"
"2023991263","2132812559","0.300397"
"2132812559","2023991263","0.300397"
"2023991263","2133002765","21.5504"
"2133002765","2023991263","21.5504"
"2098701033","2102235961","11.4598"
"2102235961","2098701033","11.4598"
"2098701033","2118990407","5.8467"
"2118990407","2098701033","5.8467"
"2098701033","2132812559","5.69856"
"2132812559","2098701033","5.69856"
"2098701033","2133002765","0.617063"
"2133002765","2098701033","0.617063"
"2102235961","2118990407","4.59406"
"2118990407","2102235961","4.59406"
"2102235961","2132812559","3.39593"
"2132812559","2102235961","3.39593"
"2102235961","2133002765","0.28373"
"2133002765","2102235961","0.28373"
"2118990407","2132812559","2.36614"
"2132812559","2118990407","2.36614"
"2118990407","2133002765","0.28373"
"2133002765","2118990407","0.28373"
"2132812559","2133002765","0.25873"
"2133002765","2132812559","0.25873"
"1523785268","1878200177","0.0416667"
"1878200177","1523785268","0.0416667"
"1523785268","1914123299","0.0416667"
"1914123299","1523785268","0.0416667"
"1523785268","1916828887","0.0416667"
"1916828887","1523785268","0.0416667"
"1523785268","1920299814","0.141667"
"1920299814","1523785268","0.141667"
"1523785268","1938730739","0.0416667"
"1938730739","1523785268","0.0416667"
"1523785268","1949132757","0.0416667"
"1949132757","1523785268","0.0416667"
"1523785268","1959291933","0.0416667"
"1959291933","1523785268","0.0416667"
"1523785268","1963034903","0.0416667"
"1963034903","1523785268","0.0416667"
"1523785268","1963235946","0.0416667"
"1963235946","1523785268","0.0416667"
"1523785268","2049571782","0.0416667"
"2049571782","1523785268","0.0416667"
"1523785268","2052663321","0.0416667"
"2052663321","1523785268","0.0416667"
"1523785268","2121416023","0.0416667"
"2121416023","1523785268","0.0416667"
"1523785268","2124496971","0.0416667"
"2124496971","1523785268","0.0416667"
"1523785268","2126579362","0.0416667"
"2126579362","1523785268","0.0416667"
"1523785268","2153328219","0.0416667"
"2153328219","1523785268","0.0416667"
"1523785268","2153630194","0.125"
"2153630194","1523785268","0.125"
"1523785268","2765925652","0.725"
"2765925652","1523785268","0.725"
"1750821775","1878200177","1.86906"
"1878200177","1750821775","1.86906"
"1750821775","1914123299","3.78482"
"1914123299","1750821775","3.78482"
"1750821775","1916828887","2.78482"
"1916828887","1750821775","2.78482"
"1750821775","1920299814","2.45148"
"1920299814","1750821775","2.45148"
"1750821775","1938730739","4.03482"
"1938730739","1750821775","4.03482"
"1750821775","1949132757","1.86906"
"1949132757","1750821775","1.86906"
"1750821775","1959291933","1.86906"
"1959291933","1750821775","1.86906"
"1750821775","1963034903","3.64885"
"1963034903","1750821775","3.64885"
"1750821775","1963235946","1.86906"
"1963235946","1750821775","1.86906"
"1750821775","2049571782","0.0416667"
"2049571782","1750821775","0.0416667"
"1750821775","2052663321","0.0416667"
"2052663321","1750821775","0.0416667"
"1750821775","2121416023","1.86906"
"2121416023","1750821775","1.86906"
"1750821775","2124496971","2.45148"
"2124496971","1750821775","2.45148"
"1750821775","2126579362","2.78482"
"2126579362","1750821775","2.78482"
"1750821775","2153328219","1.71618"
"2153328219","1750821775","1.71618"
"1750821775","2153630194","1.9524"
"2153630194","1750821775","1.9524"
"1750821775","2765925652","0.125"
"2765925652","1750821775","0.125"
"1878200177","1902127772","1.9217"
"1902127772","1878200177","1.9217"
"1878200177","1914123299","1.9217"
"1914123299","1878200177","1.9217"
"1878200177","1916828887","1.9217"
"1916828887","1878200177","1.9217"
"1878200177","1920299814","1.9217"
"1920299814","1878200177","1.9217"
"1878200177","1938730739","1.9217"
"1938730739","1878200177","1.9217"
"1878200177","1949132757","1.9217"
"1949132757","1878200177","1.9217"
"1878200177","1959291933","1.9217"
"1959291933","1878200177","1.9217"
"1878200177","1963034903","1.86906"
"1963034903","1878200177","1.86906"
"1878200177","1963235946","1.9217"
"1963235946","1878200177","1.9217"
"1878200177","2023991263","0.0892857"
"2023991263","1878200177","0.0892857"
"1878200177","2049571782","0.0416667"
"2049571782","1878200177","0.0416667"
"1878200177","2052663321","0.0416667"
"2052663321","1878200177","0.0416667"
"1878200177","2098701033","1.9217"
"2098701033","1878200177","1.9217"
"1878200177","2102235961","1.86906"
"2102235961","1878200177","1.86906"
"1878200177","2118990407","1.9217"
"2118990407","1878200177","1.9217"
"1878200177","2121416023","1.9217"
"2121416023","1878200177","1.9217"
"1878200177","2124496971","1.9217"
"2124496971","1878200177","1.9217"
"1878200177","2126579362","1.9217"
"2126579362","1878200177","1.9217"
"1878200177","2132812559","1.9217"
"2132812559","1878200177","1.9217"
"1878200177","2153328219","1.76881"
"2153328219","1878200177","1.76881"
"1878200177","2153630194","1.9217"
"2153630194","1878200177","1.9217"
"1878200177","2765925652","0.0416667"
"2765925652","1878200177","0.0416667"
"1902127772","1914123299","2.35027"
"1914123299","1902127772","2.35027"
"1902127772","1916828887","2.35027"
"1916828887","1902127772","2.35027"
"1902127772","1920299814","4.46138"
"1920299814","1902127772","4.46138"
"1902127772","1938730739","2.35027"
"1938730739","1902127772","2.35027"
"1902127772","1949132757","3.68281"
"1949132757","1902127772","3.68281"
"1902127772","1959291933","4.09947"
"1959291933","1902127772","4.09947"
"1902127772","1963034903","2.29764"
"1963034903","1902127772","2.29764"
"1902127772","1963235946","1.9217"
"1963235946","1902127772","1.9217"
"1902127772","2049571782","0.0416667"
"2049571782","1902127772","0.0416667"
"1902127772","2052663321","0.727778"
"2052663321","1902127772","0.727778"
"1902127772","2121416023","1.9217"
"2121416023","1902127772","1.9217"
"1902127772","2124496971","2.46138"
"2124496971","1902127772","2.46138"
"1902127772","2126579362","2.79471"
"2126579362","1902127772","2.79471"
"1902127772","2153328219","1.87993"
"2153328219","1902127772","1.87993"
"1902127772","2153630194","2.24114"
"2153630194","1902127772","2.24114"
"1902127772","2765925652","0.325"
"2765925652","1902127772","0.325"
"1914123299","1916828887","2.83745"
"1916828887","1914123299","2.83745"
"1914123299","1920299814","2.50411"
"1920299814","1914123299","2.50411"
"1914123299","1938730739","10.8374"
"1938730739","1914123299","10.8374"
"1914123299","1949132757","1.9217"
"1949132757","1914123299","1.9217"
"1914123299","1959291933","1.9217"
"1959291933","1914123299","1.9217"
"1914123299","1963034903","3.45148"
"1963034903","1914123299","3.45148"
"1914123299","1963235946","1.9217"
"1963235946","1914123299","1.9217"
"1914123299","2023991263","0.0892857"
"2023991263","1914123299","0.0892857"
"1914123299","2049571782","0.0416667"
"2049571782","1914123299","0.0416667"
"1914123299","2052663321","0.0416667"
"2052663321","1914123299","0.0416667"
"1914123299","2098701033","2.50411"
"2098701033","1914123299","2.50411"
"1914123299","2102235961","2.45148"
"2102235961","1914123299","2.45148"
"1914123299","2118990407","1.9217"
"2118990407","1914123299","1.9217"
"1914123299","2121416023","1.9217"
"2121416023","1914123299","1.9217"
"1914123299","2124496971","2.50411"
"2124496971","1914123299","2.50411"
"1914123299","2126579362","2.83745"
"2126579362","1914123299","2.83745"
"1914123299","2132812559","2.50411"
"2132812559","1914123299","2.50411"
"1914123299","2153328219","1.76881"
"2153328219","1914123299","1.76881"
"1914123299","2153630194","1.9217"
"2153630194","1914123299","1.9217"
"1914123299","2765925652","0.0416667"
"2765925652","1914123299","0.0416667"
"1916828887","1920299814","6.50411"
"1920299814","1916828887","6.50411"
"1916828887","1938730739","2.83745"
"1938730739","1916828887","2.83745"
"1916828887","1949132757","1.9217"
"1949132757","1916828887","1.9217"
"1916828887","1959291933","1.9217"
"1959291933","1916828887","1.9217"
"1916828887","1963034903","2.45148"
"1963034903","1916828887","2.45148"
"1916828887","1963235946","1.9217"
"1963235946","1916828887","1.9217"
"1916828887","2023991263","0.0892857"
"2023991263","1916828887","0.0892857"
"1916828887","2049571782","1.04167"
"2049571782","1916828887","1.04167"
"1916828887","2052663321","0.0416667"
"2052663321","1916828887","0.0416667"
"1916828887","2098701033","3.50411"
"2098701033","1916828887","3.50411"
"1916828887","2102235961","2.45148"
"2102235961","1916828887","2.45148"
"1916828887","2118990407","1.9217"
"2118990407","1916828887","1.9217"
"1916828887","2121416023","1.9217"
"2121416023","1916828887","1.9217"
"1916828887","2124496971","2.50411"
"2124496971","1916828887","2.50411"
"1916828887","2126579362","2.83745"
"2126579362","1916828887","2.83745"
"1916828887","2132812559","2.50411"
"2132812559","1916828887","2.50411"
"1916828887","2153328219","1.76881"
"2153328219","1916828887","1.76881"
"1916828887","2153630194","1.9217"
"2153630194","1916828887","1.9217"
"1916828887","2765925652","0.0416667"
"2765925652","1916828887","0.0416667"
"1920299814","1938730739","2.50411"
"1938730739","1920299814","2.50411"
"1920299814","1949132757","1.9217"
"1949132757","1920299814","1.9217"
"1920299814","1959291933","1.9217"
"1959291933","1920299814","1.9217"
"1920299814","1963034903","2.45148"
"1963034903","1920299814","2.45148"
"1920299814","1963235946","1.9217"
"1963235946","1920299814","1.9217"
"1920299814","2023991263","0.189286"
"2023991263","1920299814","0.189286"
"1920299814","2049571782","0.0416667"
"2049571782","1920299814","0.0416667"
"1920299814","2052663321","0.152778"
"2052663321","1920299814","0.152778"
"1920299814","2098701033","7.94856"
"2098701033","1920299814","7.94856"
"1920299814","2102235961","4.89593"
"2102235961","1920299814","4.89593"
"1920299814","2118990407","2.03281"
"2118990407","1920299814","2.03281"
"1920299814","2121416023","1.9217"
"2121416023","1920299814","1.9217"
"1920299814","2124496971","2.61522"
"2124496971","1920299814","2.61522"
"1920299814","2126579362","3.33745"
"2126579362","1920299814","3.33745"
"1920299814","2132812559","4.10411"
"2132812559","1920299814","4.10411"
"1920299814","2153328219","1.76881"
"2153328219","1920299814","1.76881"
"1920299814","2153630194","1.9217"
"2153630194","1920299814","1.9217"
"1920299814","2765925652","0.141667"
"2765925652","1920299814","0.141667"
"1938730739","1949132757","1.9217"
"1949132757","1938730739","1.9217"
"1938730739","1959291933","1.9217"
"1959291933","1938730739","1.9217"
"1938730739","1963034903","3.70148"
"1963034903","1938730739","3.70148"
"1938730739","1963235946","1.9217"
"1963235946","1938730739","1.9217"
"1938730739","2023991263","0.0892857"
"2023991263","1938730739","0.0892857"
"1938730739","2049571782","0.0416667"
"2049571782","1938730739","0.0416667"
"1938730739","2052663321","0.0416667"
"2052663321","1938730739","0.0416667"
"1938730739","2098701033","2.75411"
"2098701033","1938730739","2.75411"
"1938730739","2102235961","2.45148"
"2102235961","1938730739","2.45148"
"1938730739","2118990407","1.9217"
"2118990407","1938730739","1.9217"
"1938730739","2121416023","1.9217"
"2121416023","1938730739","1.9217"
"1938730739","2124496971","2.50411"
"2124496971","1938730739","2.50411"
"1938730739","2126579362","2.83745"
"2126579362","1938730739","2.83745"
"1938730739","2132812559","2.75411"
"2132812559","1938730739","2.75411"
"1938730739","2153328219","1.76881"
"2153328219","1938730739","1.76881"
"1938730739","2153630194","1.9217"
"2153630194","1938730739","1.9217"
"1938730739","2765925652","0.0416667"
"2765925652","1938730739","0.0416667"
"1949132757","1959291933","2.43281"
"1959291933","1949132757","2.43281"
"1949132757","1963034903","1.86906"
"1963034903","1949132757","1.86906"
"1949132757","1963235946","1.9217"
"1963235946","1949132757","1.9217"
"1949132757","2023991263","0.0892857"
"2023991263","1949132757","0.0892857"
"1949132757","2049571782","0.0416667"
"2049571782","1949132757","0.0416667"
"1949132757","2052663321","0.0416667"
"2052663321","1949132757","0.0416667"
"1949132757","2098701033","3.68281"
"2098701033","1949132757","3.68281"
"1949132757","2102235961","2.43018"
"2102235961","1949132757","2.43018"
"1949132757","2118990407","2.23281"
"2118990407","1949132757","2.23281"
"1949132757","2121416023","1.9217"
"2121416023","1949132757","1.9217"
"1949132757","2124496971","1.9217"
"2124496971","1949132757","1.9217"
"1949132757","2126579362","2.03281"
"2126579362","1949132757","2.03281"
"1949132757","2132812559","1.9217"
"2132812559","1949132757","1.9217"
"1949132757","2153328219","1.87993"
"2153328219","1949132757","1.87993"
"1949132757","2153630194","2.03281"
"2153630194","1949132757","2.03281"
"1949132757","2765925652","0.0416667"
"2765925652","1949132757","0.0416667"
"1959291933","1963034903","1.86906"
"1963034903","1959291933","1.86906"
"1959291933","1963235946","1.9217"
"1963235946","1959291933","1.9217"
"1959291933","2023991263","0.0892857"
"2023991263","1959291933","0.0892857"
"1959291933","2049571782","0.0416667"
"2049571782","1959291933","0.0416667"
"1959291933","2052663321","0.0416667"
"2052663321","1959291933","0.0416667"
"1959291933","2098701033","4.93281"
"2098701033","1959291933","4.93281"
"1959291933","2102235961","20.8468"
"2102235961","1959291933","20.8468"
"1959291933","2118990407","2.23281"
"2118990407","1959291933","2.23281"
"1959291933","2121416023","1.9217"
"2121416023","1959291933","1.9217"
"1959291933","2124496971","1.9217"
"2124496971","1959291933","1.9217"
"1959291933","2126579362","2.36614"
"2126579362","1959291933","2.36614"
"1959291933","2132812559","1.9217"
"2132812559","1959291933","1.9217"
"1959291933","2153328219","1.87993"
"2153328219","1959291933","1.87993"
"1959291933","2153630194","2.03281"
"2153630194","1959291933","2.03281"
"1959291933","2765925652","0.0416667"
"2765925652","1959291933","0.0416667"
"1963034903","1963235946","1.86906"
"1963235946","1963034903","1.86906"
"1963034903","2023991263","0.0892857"
"2023991263","1963034903","0.0892857"
"1963034903","2049571782","0.0416667"
"2049571782","1963034903","0.0416667"
"1963034903","2052663321","0.0416667"
"2052663321","1963034903","0.0416667"
"1963034903","2098701033","2.70148"
"2098701033","1963034903","2.70148"
"1963034903","2102235961","2.39885"
"2102235961","1963034903","2.39885"
"1963034903","2118990407","1.86906"
"2118990407","1963034903","1.86906"
"1963034903","2121416023","1.86906"
"2121416023","1963034903","1.86906"
"1963034903","2124496971","2.45148"
"2124496971","1963034903","2.45148"
"1963034903","2126579362","2.45148"
"2126579362","1963034903","2.45148"
"1963034903","2132812559","2.70148"
"2132812559","1963034903","2.70148"
"1963034903","2153328219","1.71618"
"2153328219","1963034903","1.71618"
"1963034903","2153630194","1.86906"
"2153630194","1963034903","1.86906"
"1963034903","2765925652","0.0416667"
"2765925652","1963034903","0.0416667"
"1963235946","2023991263","0.0892857"
"2023991263","1963235946","0.0892857"
"1963235946","2049571782","0.0416667"
"2049571782","1963235946","0.0416667"
"1963235946","2052663321","0.0416667"
"2052663321","1963235946","0.0416667"
"1963235946","2098701033","1.9217"
"2098701033","1963235946","1.9217"
"1963235946","2102235961","1.86906"
"2102235961","1963235946","1.86906"
"1963235946","2118990407","1.9217"
"2118990407","1963235946","1.9217"
"1963235946","2121416023","1.9217"
"2121416023","1963235946","1.9217"
"1963235946","2124496971","1.9217"
"2124496971","1963235946","1.9217"
"1963235946","2126579362","1.9217"
"2126579362","1963235946","1.9217"
"1963235946","2132812559","1.9217"
"2132812559","1963235946","1.9217"
"1963235946","2153328219","1.76881"
"2153328219","1963235946","1.76881"
"1963235946","2153630194","1.9217"
"2153630194","1963235946","1.9217"
"1963235946","2765925652","0.0416667"
"2765925652","1963235946","0.0416667"
"2023991263","2052663321","0.166667"
"2052663321","2023991263","0.166667"
"2023991263","2121416023","0.0892857"
"2121416023","2023991263","0.0892857"
"2023991263","2124496971","0.0892857"
"2124496971","2023991263","0.0892857"
"2023991263","2126579362","0.0892857"
"2126579362","2023991263","0.0892857"
"2023991263","2153328219","0.0416667"
"2153328219","2023991263","0.0416667"
"2023991263","2153630194","0.0892857"
"2153630194","2023991263","0.0892857"
"2023991263","2765925652","0.341667"
"2765925652","2023991263","0.341667"
"2049571782","2052663321","0.0416667"
"2052663321","2049571782","0.0416667"
"2049571782","2098701033","0.0416667"
"2098701033","2049571782","0.0416667"
"2049571782","2102235961","0.0416667"
"2102235961","2049571782","0.0416667"
"2049571782","2118990407","0.0416667"
"2118990407","2049571782","0.0416667"
"2049571782","2121416023","0.0416667"
"2121416023","2049571782","0.0416667"
"2049571782","2124496971","0.0416667"
"2124496971","2049571782","0.0416667"
"2049571782","2126579362","0.0416667"
"2126579362","2049571782","0.0416667"
"2049571782","2132812559","0.0416667"
"2132812559","2049571782","0.0416667"
"2049571782","2153328219","0.0416667"
"2153328219","2049571782","0.0416667"
"2049571782","2153630194","0.0416667"
"2153630194","2049571782","0.0416667"
"2049571782","2765925652","0.0416667"
"2765925652","2049571782","0.0416667"
"2052663321","2098701033","0.727778"
"2098701033","2052663321","0.727778"
"2052663321","2102235961","0.477778"
"2102235961","2052663321","0.477778"
"2052663321","2118990407","0.727778"
"2118990407","2052663321","0.727778"
"2052663321","2121416023","0.0416667"
"2121416023","2052663321","0.0416667"
"2052663321","2124496971","0.152778"
"2124496971","2052663321","0.152778"
"2052663321","2126579362","0.0416667"
"2126579362","2052663321","0.0416667"
"2052663321","2132812559","0.0416667"
"2132812559","2052663321","0.0416667"
"2052663321","2153328219","0.0416667"
"2153328219","2052663321","0.0416667"
"2052663321","2153630194","0.0416667"
"2153630194","2052663321","0.0416667"
"2052663321","2765925652","0.0416667"
"2765925652","2052663321","0.0416667"
"2098701033","2121416023","1.9217"
"2121416023","2098701033","1.9217"
"2098701033","2124496971","2.61522"
"2124496971","2098701033","2.61522"
"2098701033","2126579362","3.78189"
"2126579362","2098701033","3.78189"
"2098701033","2153328219","1.87993"
"2153328219","2098701033","1.87993"
"2098701033","2153630194","2.24114"
"2153630194","2098701033","2.24114"
"2098701033","2765925652","0.325"
"2765925652","2098701033","0.325"
"2102235961","2121416023","1.86906"
"2121416023","2102235961","1.86906"
"2102235961","2124496971","2.56259"
"2124496971","2102235961","2.56259"
"2102235961","2126579362","2.89593"
"2126579362","2102235961","2.89593"
"2102235961","2153328219","1.87993"
"2153328219","2102235961","1.87993"
"2102235961","2153630194","2.68851"
"2153630194","2102235961","2.68851"
"2102235961","2765925652","0.325"
"2765925652","2102235961","0.325"
"2118990407","2121416023","1.9217"
"2121416023","2118990407","1.9217"
"2118990407","2124496971","2.03281"
"2124496971","2118990407","2.03281"
"2118990407","2126579362","2.03281"
"2126579362","2118990407","2.03281"
"2118990407","2153328219","1.87993"
"2153328219","2118990407","1.87993"
"2118990407","2153630194","2.24114"
"2153630194","2118990407","2.24114"
"2118990407","2765925652","0.325"
"2765925652","2118990407","0.325"
"2121416023","2124496971","1.9217"
"2124496971","2121416023","1.9217"
"2121416023","2126579362","1.9217"
"2126579362","2121416023","1.9217"
"2121416023","2132812559","1.9217"
"2132812559","2121416023","1.9217"
"2121416023","2153328219","1.76881"
"2153328219","2121416023","1.76881"
"2121416023","2153630194","1.9217"
"2153630194","2121416023","1.9217"
"2121416023","2765925652","0.0416667"
"2765925652","2121416023","0.0416667"
"2124496971","2126579362","2.50411"
"2126579362","2124496971","2.50411"
"2124496971","2132812559","2.50411"
"2132812559","2124496971","2.50411"
"2124496971","2153328219","1.76881"
"2153328219","2124496971","1.76881"
"2124496971","2153630194","1.9217"
"2153630194","2124496971","1.9217"
"2124496971","2765925652","0.0416667"
"2765925652","2124496971","0.0416667"
"2126579362","2132812559","2.50411"
"2132812559","2126579362","2.50411"
"2126579362","2153328219","1.87993"
"2153328219","2126579362","1.87993"
"2126579362","2153630194","2.03281"
"2153630194","2126579362","2.03281"
"2126579362","2765925652","0.0416667"
"2765925652","2126579362","0.0416667"
"2132812559","2153328219","1.76881"
"2153328219","2132812559","1.76881"
"2132812559","2153630194","5.96336"
"2153630194","2132812559","5.96336"
"2132812559","2765925652","1.05833"
"2765925652","2132812559","1.05833"
"2153328219","2153630194","1.87993"
"2153630194","2153328219","1.87993"
"2153328219","2765925652","0.0416667"
"2765925652","2153328219","0.0416667"
"2153630194","2765925652","0.458333"
"2765925652","2153630194","0.458333"
"1523785268","1587573180","0.1"
"1587573180","1523785268","0.1"
"1523785268","1823831154","0.1"
"1823831154","1523785268","0.1"
"1523785268","2016300466","0.183333"
"2016300466","1523785268","0.183333"
"1523785268","2105839956","0.1"
"2105839956","1523785268","0.1"
"1523785268","2111896270","0.183333"
"2111896270","1523785268","0.183333"
"1587573180","1823831154","0.1"
"1823831154","1587573180","0.1"
"1587573180","1920299814","4.21111"
"1920299814","1587573180","4.21111"
"1587573180","2016300466","0.1"
"2016300466","1587573180","0.1"
"1587573180","2023991263","0.1"
"2023991263","1587573180","0.1"
"1587573180","2105839956","0.1"
"2105839956","1587573180","0.1"
"1587573180","2111896270","0.1"
"2111896270","1587573180","0.1"
"1587573180","2132812559","0.1"
"2132812559","1587573180","0.1"
"1587573180","2133002765","0.1"
"2133002765","1587573180","0.1"
"1587573180","2765925652","0.1"
"2765925652","1587573180","0.1"
"1823831154","1920299814","0.1"
"1920299814","1823831154","0.1"
"1823831154","2016300466","1.1"
"2016300466","1823831154","1.1"
"1823831154","2023991263","0.1"
"2023991263","1823831154","0.1"
"1823831154","2105839956","0.1"
"2105839956","1823831154","0.1"
"1823831154","2111896270","0.1"
"2111896270","1823831154","0.1"
"1823831154","2132812559","0.433333"
"2132812559","1823831154","0.433333"
"1823831154","2133002765","0.1"
"2133002765","1823831154","0.1"
"1823831154","2765925652","0.433333"
"2765925652","1823831154","0.433333"
"1920299814","2016300466","0.1"
"2016300466","1920299814","0.1"
"1920299814","2105839956","0.1"
"2105839956","1920299814","0.1"
"1920299814","2111896270","0.1"
"2111896270","1920299814","0.1"
"1920299814","2133002765","0.147619"
"2133002765","1920299814","0.147619"
"2016300466","2023991263","0.1"
"2023991263","2016300466","0.1"
"2016300466","2105839956","0.1"
"2105839956","2016300466","0.1"
"2016300466","2111896270","0.183333"
"2111896270","2016300466","0.183333"
"2016300466","2132812559","0.183333"
"2132812559","2016300466","0.183333"
"2016300466","2133002765","0.1"
"2133002765","2016300466","0.1"
"2016300466","2765925652","0.183333"
"2765925652","2016300466","0.183333"
"2023991263","2105839956","0.1"
"2105839956","2023991263","0.1"
"2023991263","2111896270","1.1"
"2111896270","2023991263","1.1"
"2105839956","2111896270","0.1"
"2111896270","2105839956","0.1"
"2105839956","2132812559","0.1"
"2132812559","2105839956","0.1"
"2105839956","2133002765","0.1"
"2133002765","2105839956","0.1"
"2105839956","2765925652","0.1"
"2765925652","2105839956","0.1"
"2111896270","2132812559","0.183333"
"2132812559","2111896270","0.183333"
"2111896270","2133002765","0.1"
"2133002765","2111896270","0.1"
"2111896270","2765925652","0.183333"
"2765925652","2111896270","0.183333"
"2133002765","2765925652","0.1"
"2765925652","2133002765","0.1"
"1523785268","1673817654","0.125"
"1673817654","1523785268","0.125"
"1523785268","2137849194","0.125"
"2137849194","1523785268","0.125"
"1673817654","1782109769","0.561111"
"1782109769","1673817654","0.561111"
"1673817654","1902127772","0.811111"
"1902127772","1673817654","0.811111"
"1673817654","2098701033","0.811111"
"2098701033","1673817654","0.811111"
"1673817654","2102235961","0.561111"
"2102235961","1673817654","0.561111"
"1673817654","2118990407","0.811111"
"2118990407","1673817654","0.811111"
"1673817654","2132812559","0.125"
"2132812559","1673817654","0.125"
"1673817654","2137849194","1.125"
"2137849194","1673817654","1.125"
"1782109769","2137849194","0.125"
"2137849194","1782109769","0.125"
"1902127772","2137849194","0.125"
"2137849194","1902127772","0.125"
"2098701033","2137849194","0.458333"
"2137849194","2098701033","0.458333"
"2102235961","2137849194","0.458333"
"2137849194","2102235961","0.458333"
"2118990407","2137849194","0.458333"
"2137849194","2118990407","0.458333"
"2132812559","2137849194","0.125"
"2137849194","2132812559","0.125"
"1523785268","2230408956","0.0833333"
"2230408956","1523785268","0.0833333"
"1750821775","2016300466","0.0833333"
"2016300466","1750821775","0.0833333"
"1750821775","2111896270","0.0833333"
"2111896270","1750821775","0.0833333"
"1750821775","2230408956","0.0833333"
"2230408956","1750821775","0.0833333"
"1782109769","2016300466","0.0833333"
"2016300466","1782109769","0.0833333"
"1782109769","2111896270","0.0833333"
"2111896270","1782109769","0.0833333"
"1782109769","2153630194","0.208333"
"2153630194","1782109769","0.208333"
"1782109769","2230408956","0.208333"
"2230408956","1782109769","0.208333"
"1782109769","2765925652","0.0833333"
"2765925652","1782109769","0.0833333"
"1902127772","2016300466","0.0833333"
"2016300466","1902127772","0.0833333"
"1902127772","2111896270","0.0833333"
"2111896270","1902127772","0.0833333"
"1902127772","2230408956","0.208333"
"2230408956","1902127772","0.208333"
"2016300466","2098701033","0.0833333"
"2098701033","2016300466","0.0833333"
"2016300466","2102235961","0.0833333"
"2102235961","2016300466","0.0833333"
"2016300466","2118990407","0.0833333"
"2118990407","2016300466","0.0833333"
"2016300466","2153630194","0.0833333"
"2153630194","2016300466","0.0833333"
"2016300466","2230408956","0.0833333"
"2230408956","2016300466","0.0833333"
"2098701033","2111896270","0.0833333"
"2111896270","2098701033","0.0833333"
"2098701033","2230408956","0.208333"
"2230408956","2098701033","0.208333"
"2102235961","2111896270","0.0833333"
"2111896270","2102235961","0.0833333"
"2102235961","2230408956","0.208333"
"2230408956","2102235961","0.208333"
"2111896270","2118990407","0.0833333"
"2118990407","2111896270","0.0833333"
"2111896270","2153630194","0.0833333"
"2153630194","2111896270","0.0833333"
"2111896270","2230408956","0.0833333"
"2230408956","2111896270","0.0833333"
"2118990407","2230408956","0.208333"
"2230408956","2118990407","0.208333"
"2132812559","2230408956","0.208333"
"2230408956","2132812559","0.208333"
"2153630194","2230408956","0.208333"
"2230408956","2153630194","0.208333"
"2230408956","2765925652","0.0833333"
"2765925652","2230408956","0.0833333"
"1551134912","1759300969","1"
"1759300969","1551134912","1"
"1759300969","1835849596","1"
"1835849596","1759300969","1"
"1551134912","2256212224","0.5"
"2256212224","1551134912","0.5"
"1835849596","2256212224","0.5"
"2256212224","1835849596","0.5"
"1551134912","1932411089","0.333333"
"1932411089","1551134912","0.333333"
"1551134912","2049571782","0.333333"
"2049571782","1551134912","0.333333"
"1551134912","2105839956","0.333333"
"2105839956","1551134912","0.333333"
"1932411089","2105839956","1.08333"
"2105839956","1932411089","1.08333"
"2049571782","2105839956","0.333333"
"2105839956","2049571782","0.333333"
"1554184843","1554542134","1.68763"
"1554542134","1554184843","1.68763"
"1554184843","1750821775","1.68763"
"1750821775","1554184843","1.68763"
"1554184843","1914123299","1.68763"
"1914123299","1554184843","1.68763"
"1554184843","1916828887","1.68763"
"1916828887","1554184843","1.68763"
"1554184843","1938730739","1.68763"
"1938730739","1554184843","1.68763"
"1554184843","2126579362","1.68763"
"2126579362","1554184843","1.68763"
"1554542134","1750821775","1.68763"
"1750821775","1554542134","1.68763"
"1554542134","1914123299","1.68763"
"1914123299","1554542134","1.68763"
"1554542134","1916828887","1.68763"
"1916828887","1554542134","1.68763"
"1554542134","1938730739","1.68763"
"1938730739","1554542134","1.68763"
"1554542134","2126579362","1.68763"
"2126579362","1554542134","1.68763"
"1554184843","1878200177","0.771884"
"1878200177","1554184843","0.771884"
"1554184843","1902127772","1.20046"
"1902127772","1554184843","1.20046"
"1554184843","1920299814","1.3543"
"1920299814","1554184843","1.3543"
"1554184843","1949132757","0.771884"
"1949132757","1554184843","0.771884"
"1554184843","1959291933","0.771884"
"1959291933","1554184843","0.771884"
"1554184843","1960621937","0.771884"
"1960621937","1554184843","0.771884"
"1554184843","1963034903","1.3543"
"1963034903","1554184843","1.3543"
"1554184843","1963235946","0.771884"
"1963235946","1554184843","0.771884"
"1554184843","1973103963","0.771884"
"1973103963","1554184843","0.771884"
"1554184843","2098701033","1.3543"
"2098701033","1554184843","1.3543"
"1554184843","2102235961","1.3543"
"2102235961","1554184843","1.3543"
"1554184843","2118990407","0.771884"
"2118990407","1554184843","0.771884"
"1554184843","2121416023","0.771884"
"2121416023","1554184843","0.771884"
"1554184843","2124496971","1.3543"
"2124496971","1554184843","1.3543"
"1554184843","2132812559","1.3543"
"2132812559","1554184843","1.3543"
"1554184843","2153328219","0.771884"
"2153328219","1554184843","0.771884"
"1554184843","2153630194","0.771884"
"2153630194","1554184843","0.771884"
"1554542134","1878200177","0.771884"
"1878200177","1554542134","0.771884"
"1554542134","1902127772","1.20046"
"1902127772","1554542134","1.20046"
"1554542134","1920299814","3.3543"
"1920299814","1554542134","3.3543"
"1554542134","1949132757","0.771884"
"1949132757","1554542134","0.771884"
"1554542134","1959291933","0.771884"
"1959291933","1554542134","0.771884"
"1554542134","1960621937","0.771884"
"1960621937","1554542134","0.771884"
"1554542134","1963034903","1.3543"
"1963034903","1554542134","1.3543"
"1554542134","1963235946","0.771884"
"1963235946","1554542134","0.771884"
"1554542134","1973103963","0.771884"
"1973103963","1554542134","0.771884"
"1554542134","2098701033","1.3543"
"2098701033","1554542134","1.3543"
"1554542134","2102235961","1.3543"
"2102235961","1554542134","1.3543"
"1554542134","2118990407","0.771884"
"2118990407","1554542134","0.771884"
"1554542134","2121416023","0.771884"
"2121416023","1554542134","0.771884"
"1554542134","2124496971","1.3543"
"2124496971","1554542134","1.3543"
"1554542134","2132812559","1.3543"
"2132812559","1554542134","1.3543"
"1554542134","2153328219","0.771884"
"2153328219","1554542134","0.771884"
"1554542134","2153630194","0.771884"
"2153630194","1554542134","0.771884"
"1750821775","1960621937","1.67452"
"1960621937","1750821775","1.67452"
"1750821775","1973103963","0.771884"
"1973103963","1750821775","0.771884"
"1878200177","1960621937","1.72715"
"1960621937","1878200177","1.72715"
"1878200177","1973103963","0.771884"
"1973103963","1878200177","0.771884"
"1902127772","1960621937","1.96326"
"1960621937","1902127772","1.96326"
"1902127772","1973103963","1.02188"
"1973103963","1902127772","1.02188"
"1914123299","1960621937","1.72715"
"1960621937","1914123299","1.72715"
"1914123299","1973103963","0.771884"
"1973103963","1914123299","0.771884"
"1916828887","1960621937","1.72715"
"1960621937","1916828887","1.72715"
"1916828887","1973103963","0.771884"
"1973103963","1916828887","0.771884"
"1920299814","1960621937","1.72715"
"1960621937","1920299814","1.72715"
"1920299814","1973103963","0.771884"
"1973103963","1920299814","0.771884"
"1938730739","1960621937","1.72715"
"1960621937","1938730739","1.72715"
"1938730739","1973103963","0.771884"
"1973103963","1938730739","0.771884"
"1949132757","1960621937","2.83826"
"1960621937","1949132757","2.83826"
"1949132757","1973103963","1.02188"
"1973103963","1949132757","1.02188"
"1959291933","1960621937","1.83826"
"1960621937","1959291933","1.83826"
"1959291933","1973103963","0.771884"
"1973103963","1959291933","0.771884"
"1960621937","1963034903","1.67452"
"1963034903","1960621937","1.67452"
"1960621937","1963235946","1.72715"
"1963235946","1960621937","1.72715"
"1960621937","1973103963","0.771884"
"1973103963","1960621937","0.771884"
"1960621937","2098701033","1.96326"
"2098701033","1960621937","1.96326"
"1960621937","2102235961","1.96326"
"2102235961","1960621937","1.96326"
"1960621937","2118990407","1.96326"
"2118990407","1960621937","1.96326"
"1960621937","2121416023","1.72715"
"2121416023","1960621937","1.72715"
"1960621937","2124496971","1.72715"
"2124496971","1960621937","1.72715"
"1960621937","2126579362","1.83826"
"2126579362","1960621937","1.83826"
"1960621937","2132812559","1.85215"
"2132812559","1960621937","1.85215"
"1960621937","2153328219","1.83826"
"2153328219","1960621937","1.83826"
"1960621937","2153630194","1.96326"
"2153630194","1960621937","1.96326"
"1963034903","1973103963","0.771884"
"1973103963","1963034903","0.771884"
"1963235946","1973103963","0.771884"
"1973103963","1963235946","0.771884"
"1973103963","2098701033","1.02188"
"2098701033","1973103963","1.02188"
"1973103963","2102235961","1.02188"
"2102235961","1973103963","1.02188"
"1973103963","2118990407","0.771884"
"2118990407","1973103963","0.771884"
"1973103963","2121416023","0.771884"
"2121416023","1973103963","0.771884"
"1973103963","2124496971","0.771884"
"2124496971","1973103963","0.771884"
"1973103963","2126579362","0.771884"
"2126579362","1973103963","0.771884"
"1973103963","2132812559","0.771884"
"2132812559","1973103963","0.771884"
"1973103963","2153328219","0.771884"
"2153328219","1973103963","0.771884"
"1973103963","2153630194","0.771884"
"2153630194","1973103963","0.771884"
"1554184843","2199525388","0.624084"
"2199525388","1554184843","0.624084"
"1554542134","2199525388","0.624084"
"2199525388","1554542134","0.624084"
"1750821775","2199525388","0.624084"
"2199525388","1750821775","0.624084"
"1914123299","2199525388","0.624084"
"2199525388","1914123299","0.624084"
"1916828887","2199525388","0.624084"
"2199525388","1916828887","0.624084"
"1920299814","2199525388","0.624084"
"2199525388","1920299814","0.624084"
"1938730739","2199525388","0.624084"
"2199525388","1938730739","0.624084"
"1963034903","2199525388","0.624084"
"2199525388","1963034903","0.624084"
"2098701033","2199525388","0.874084"
"2199525388","2098701033","0.874084"
"2102235961","2199525388","0.874084"
"2199525388","2102235961","0.874084"
"2124496971","2199525388","0.624084"
"2199525388","2124496971","0.624084"
"2126579362","2199525388","0.624084"
"2199525388","2126579362","0.624084"
"2132812559","2199525388","0.624084"
"2199525388","2132812559","0.624084"
"1902127772","2199525388","0.720238"
"2199525388","1902127772","0.720238"
"1554184843","2300819095","0.04"
"2300819095","1554184843","0.04"
"1554184843","2567214930","0.04"
"2567214930","1554184843","0.04"
"1554542134","2300819095","0.04"
"2300819095","1554542134","0.04"
"1554542134","2567214930","0.04"
"2567214930","1554542134","0.04"
"1750821775","2300819095","0.0926316"
