"1039849826","2076541236","8.71667"
"2076541236","1039849826","8.71667"
"1039849826","1977320861","0.816667"
"1977320861","1039849826","0.816667"
"1039849826","2129403419","1"
"2129403419","1039849826","1"
"1039849826","2131824121","2.15833"
"2131824121","1039849826","2.15833"
"1039849826","2163004878","0.691667"
"2163004878","1039849826","0.691667"
"1977320861","2076541236","0.888095"
"2076541236","1977320861","0.888095"
"1977320861","2129403419","0.438095"
"2129403419","1977320861","0.438095"
"1977320861","2131824121","0.625"
"2131824121","1977320861","0.625"
"1977320861","2163004878","3.3631"
"2163004878","1977320861","3.3631"
"2076541236","2129403419","1.07143"
"2129403419","2076541236","1.07143"
"2076541236","2131824121","1.40833"
"2131824121","2076541236","1.40833"
"2076541236","2163004878","0.763095"
"2163004878","2076541236","0.763095"
"2129403419","2131824121","0.716667"
"2131824121","2129403419","0.716667"
"2129403419","2163004878","0.438095"
"2163004878","2129403419","0.438095"
"2131824121","2163004878","3.96786"
"2163004878","2131824121","3.96786"
"1039849826","2101498152","1.41667"
"2101498152","1039849826","1.41667"
"1039849826","2159275187","0.433333"
"2159275187","1039849826","0.433333"
"1977320861","2101498152","0.846429"
"2101498152","1977320861","0.846429"
"1977320861","2159275187","0.304762"
"2159275187","1977320861","0.304762"
"2076541236","2101498152","1.4881"
"2101498152","2076541236","1.4881"
"2076541236","2159275187","0.504762"
"2159275187","2076541236","0.504762"
"2101498152","2131824121","1.54167"
"2131824121","2101498152","1.54167"
"2101498152","2159275187","1.6381"
"2159275187","2101498152","1.6381"
"2101498152","2163004878","1.92976"
"2163004878","2101498152","1.92976"
"2131824121","2159275187","0.566667"
"2159275187","2131824121","0.566667"
"2159275187","2163004878","0.638095"
"2163004878","2159275187","0.638095"
"1039849826","2293253366","0.5"
"2293253366","1039849826","0.5"
"2076541236","2293253366","0.75"
"2293253366","2076541236","0.75"
"1039849826","1526211794","0.125"
"1526211794","1039849826","0.125"
"1039849826","1556253886","0.258333"
"1556253886","1039849826","0.258333"
"1039849826","2159686758","0.258333"
"2159686758","1039849826","0.258333"
"1039849826","2159793945","0.258333"
"2159793945","1039849826","0.258333"
"1039849826","2169196165","0.258333"
"2169196165","1039849826","0.258333"
"1526211794","1556253886","0.583333"
"1556253886","1526211794","0.583333"
"1526211794","1977320861","0.583333"
"1977320861","1526211794","0.583333"
"1526211794","2076541236","0.291667"
"2076541236","1526211794","0.291667"
"1526211794","2101498152","0.75"
"2101498152","1526211794","0.75"
"1526211794","2159686758","1.13452"
"2159686758","1526211794","1.13452"
"1526211794","2159793945","1"
"2159793945","1526211794","1"
"1526211794","2169196165","4.17619"
"2169196165","1526211794","4.17619"
"1556253886","1977320861","14.5381"
"1977320861","1556253886","14.5381"
"1556253886","2076541236","0.329762"
"2076541236","1556253886","0.329762"
"1556253886","2101498152","0.388095"
"2101498152","1556253886","0.388095"
"1556253886","2159686758","0.263095"
"2159686758","1556253886","0.263095"
"1556253886","2159793945","0.383333"
"2159793945","1556253886","0.383333"
"1556253886","2169196165","1.72143"
"2169196165","1556253886","1.72143"
"1977320861","2159686758","0.929762"
"2159686758","1977320861","0.929762"
"1977320861","2159793945","0.483333"
"2159793945","1977320861","0.483333"
"1977320861","2169196165","1.2881"
"2169196165","1977320861","1.2881"
"2076541236","2159686758","0.496429"
"2159686758","2076541236","0.496429"
"2076541236","2159793945","0.258333"
"2159793945","2076541236","0.258333"
"2076541236","2169196165","0.496429"
"2169196165","2076541236","0.496429"
"2101498152","2159686758","0.929762"
"2159686758","2101498152","0.929762"
"2101498152","2159793945","2.41667"
"2159793945","2101498152","2.41667"
"2101498152","2169196165","0.454762"
"2169196165","2101498152","0.454762"
"2159686758","2159793945","1.29167"
"2159793945","2159686758","1.29167"
"2159686758","2169196165","2.92262"
"2169196165","2159686758","2.92262"
"2159793945","2169196165","0.9"
"2169196165","2159793945","0.9"
"1039849826","1981578383","0.133333"
"1981578383","1039849826","0.133333"
"1039849826","2017666497","0.133333"
"2017666497","1039849826","0.133333"
"1039849826","2103849501","0.2"
"2103849501","1039849826","0.2"
"1039849826","2106039833","0.525"
"2106039833","1039849826","0.525"
"1039849826","2139021951","0.525"
"2139021951","1039849826","0.525"
"1039849826","2903719939","0.133333"
"2903719939","1039849826","0.133333"
"1556253886","1981578383","0.133333"
"1981578383","1556253886","0.133333"
"1556253886","2017666497","0.454762"
"2017666497","1556253886","0.454762"
"1556253886","2103849501","0.329762"
"2103849501","1556253886","0.329762"
"1556253886","2106039833","0.204762"
"2106039833","1556253886","0.204762"
"1556253886","2131824121","0.0666667"
"2131824121","1556253886","0.0666667"
"1556253886","2139021951","0.133333"
"2139021951","1556253886","0.133333"
"1556253886","2163004878","1.70476"
"2163004878","1556253886","1.70476"
"1556253886","2903719939","0.0666667"
"2903719939","1556253886","0.0666667"
"1977320861","1981578383","0.133333"
"1981578383","1977320861","0.133333"
"1977320861","2017666497","0.454762"
"2017666497","1977320861","0.454762"
"1977320861","2103849501","0.496429"
"2103849501","1977320861","0.496429"
"1977320861","2106039833","0.496429"
"2106039833","1977320861","0.496429"
"1977320861","2139021951","0.825"
"2139021951","1977320861","0.825"
"1977320861","2903719939","0.133333"
"2903719939","1977320861","0.133333"
"1981578383","2017666497","0.133333"
"2017666497","1981578383","0.133333"
"1981578383","2076541236","0.133333"
"2076541236","1981578383","0.133333"
"1981578383","2101498152","0.0666667"
"2101498152","1981578383","0.0666667"
"1981578383","2103849501","0.133333"
"2103849501","1981578383","0.133333"
"1981578383","2106039833","0.133333"
"2106039833","1981578383","0.133333"
"1981578383","2131824121","0.0666667"
"2131824121","1981578383","0.0666667"
"1981578383","2139021951","1.88333"
"2139021951","1981578383","1.88333"
"1981578383","2159686758","0.0666667"
"2159686758","1981578383","0.0666667"
"1981578383","2159793945","0.133333"
"2159793945","1981578383","0.133333"
"1981578383","2163004878","0.133333"
"2163004878","1981578383","0.133333"
"1981578383","2169196165","0.0666667"
"2169196165","1981578383","0.0666667"
"1981578383","2903719939","0.316667"
"2903719939","1981578383","0.316667"
"2017666497","2076541236","0.204762"
"2076541236","2017666497","0.204762"
"2017666497","2101498152","0.388095"
"2101498152","2017666497","0.388095"
"2017666497","2103849501","0.204762"
"2103849501","2017666497","0.204762"
"2017666497","2106039833","0.538095"
"2106039833","2017666497","0.538095"
"2017666497","2131824121","0.65"
"2131824121","2017666497","0.65"
"2017666497","2139021951","0.133333"
"2139021951","2017666497","0.133333"
"2017666497","2159686758","0.471429"
"2159686758","2017666497","0.471429"
"2017666497","2159793945","0.133333"
"2159793945","2017666497","0.133333"
"2017666497","2163004878","0.538095"
"2163004878","2017666497","0.538095"
"2017666497","2169196165","0.471429"
"2169196165","2017666497","0.471429"
"2017666497","2903719939","0.0666667"
"2903719939","2017666497","0.0666667"
"2076541236","2103849501","0.438095"
"2103849501","2076541236","0.438095"
"2076541236","2106039833","0.596429"
"2106039833","2076541236","0.596429"
"2076541236","2139021951","0.941667"
"2139021951","2076541236","0.941667"
"2076541236","2903719939","0.133333"
"2903719939","2076541236","0.133333"
"2101498152","2103849501","1.92976"
"2103849501","2101498152","1.92976"
"2101498152","2106039833","0.629762"
"2106039833","2101498152","0.629762"
"2101498152","2139021951","0.258333"
"2139021951","2101498152","0.258333"
"2101498152","2903719939","0.133333"
"2903719939","2101498152","0.133333"
"2103849501","2106039833","0.371429"
"2106039833","2103849501","0.371429"
"2103849501","2131824121","0.77619"
"2131824121","2103849501","0.77619"
"2103849501","2139021951","0.509524"
"2139021951","2103849501","0.509524"
"2103849501","2159686758","2.86429"
"2159686758","2103849501","2.86429"
"2103849501","2159793945","1.94167"
"2159793945","2103849501","1.94167"
"2103849501","2163004878","2.76429"
"2163004878","2103849501","2.76429"
"2103849501","2169196165","4.47262"
"2169196165","2103849501","4.47262"
"2103849501","2903719939","0.133333"
"2903719939","2103849501","0.133333"
"2106039833","2131824121","1.125"
"2131824121","2106039833","1.125"
"2106039833","2139021951","0.325"
"2139021951","2106039833","0.325"
"2106039833","2159686758","0.638095"
"2159686758","2106039833","0.638095"
"2106039833","2159793945","0.233333"
"2159793945","2106039833","0.233333"
"2106039833","2163004878","1.1631"
"2163004878","2106039833","1.1631"
"2106039833","2169196165","0.204762"
"2169196165","2106039833","0.204762"
"2106039833","2903719939","0.133333"
"2903719939","2106039833","0.133333"
"2131824121","2139021951","0.65119"
"2139021951","2131824121","0.65119"
"2131824121","2159686758","0.809524"
"2159686758","2131824121","0.809524"
"2131824121","2159793945","0.0666667"
"2159793945","2131824121","0.0666667"
"2131824121","2169196165","0.97619"
"2169196165","2131824121","0.97619"
"2131824121","2903719939","0.133333"
"2903719939","2131824121","0.133333"
"2139021951","2159686758","0.442857"
"2159686758","2139021951","0.442857"
"2139021951","2159793945","0.133333"
"2159793945","2139021951","0.133333"
"2139021951","2163004878","0.467857"
"2163004878","2139021951","0.467857"
"2139021951","2169196165","0.442857"
"2169196165","2139021951","0.442857"
"2139021951","2903719939","0.383333"
"2903719939","2139021951","0.383333"
"2159686758","2163004878","1.23095"
"2163004878","2159686758","1.23095"
"2159686758","2903719939","1.13333"
"2903719939","2159686758","1.13333"
"2159793945","2163004878","0.233333"
"2163004878","2159793945","0.233333"
"2159793945","2903719939","0.0666667"
"2903719939","2159793945","0.0666667"
"2163004878","2169196165","0.797619"
"2169196165","2163004878","0.797619"
"2163004878","2903719939","0.133333"
"2903719939","2163004878","0.133333"
"2169196165","2903719939","0.133333"
"2903719939","2169196165","0.133333"
"1039849826","1480652413","0.791667"
"1480652413","1039849826","0.791667"
"1039849826","1969411444","0.0666667"
"1969411444","1039849826","0.0666667"
"1039849826","2105658717","0.0666667"
"2105658717","1039849826","0.0666667"
"1039849826","2305490902","0.0666667"
"2305490902","1039849826","0.0666667"
"1039849826","2953289575","0.0666667"
"2953289575","1039849826","0.0666667"
"1480652413","1556253886","0.138095"
"1556253886","1480652413","0.138095"
"1480652413","1969411444","1.1381"
"1969411444","1480652413","1.1381"
"1480652413","1977320861","1.42976"
"1977320861","1480652413","1.42976"
"1480652413","1981578383","0.0666667"
"1981578383","1480652413","0.0666667"
"1480652413","2017666497","0.138095"
"2017666497","1480652413","0.138095"
"1480652413","2076541236","0.863095"
"2076541236","1480652413","0.863095"
"1480652413","2103849501","0.304762"
"2103849501","1480652413","0.304762"
"1480652413","2105658717","0.138095"
"2105658717","1480652413","0.138095"
"1480652413","2106039833","0.429762"
"2106039833","1480652413","0.429762"
"1480652413","2139021951","0.458333"
"2139021951","1480652413","0.458333"
"1480652413","2159793945","1.66667"
"2159793945","1480652413","1.66667"
"1480652413","2163004878","0.429762"
"2163004878","1480652413","0.429762"
"1480652413","2305490902","0.0666667"
"2305490902","1480652413","0.0666667"
"1480652413","2953289575","0.0666667"
"2953289575","1480652413","0.0666667"
"1556253886","1969411444","0.388095"
"1969411444","1556253886","0.388095"
"1556253886","2105658717","0.388095"
"2105658717","1556253886","0.388095"
"1556253886","2305490902","0.0666667"
"2305490902","1556253886","0.0666667"
"1556253886","2953289575","0.0666667"
"2953289575","1556253886","0.0666667"
"1969411444","1977320861","0.388095"
"1977320861","1969411444","0.388095"
"1969411444","1981578383","0.0666667"
"1981578383","1969411444","0.0666667"
"1969411444","2017666497","5.8881"
"2017666497","1969411444","5.8881"
"1969411444","2076541236","0.138095"
"2076541236","1969411444","0.138095"
"1969411444","2103849501","0.138095"
"2103849501","1969411444","0.138095"
"1969411444","2105658717","2.3881"
"2105658717","1969411444","2.3881"
"1969411444","2106039833","0.138095"
"2106039833","1969411444","0.138095"
"1969411444","2139021951","0.0666667"
"2139021951","1969411444","0.0666667"
"1969411444","2159793945","0.0666667"
"2159793945","1969411444","0.0666667"
"1969411444","2163004878","0.138095"
"2163004878","1969411444","0.138095"
"1969411444","2305490902","0.0666667"
"2305490902","1969411444","0.0666667"
"1969411444","2953289575","0.0666667"
"2953289575","1969411444","0.0666667"
"1977320861","2105658717","0.388095"
"2105658717","1977320861","0.388095"
"1977320861","2305490902","0.0666667"
"2305490902","1977320861","0.0666667"
"1977320861","2953289575","0.0666667"
"2953289575","1977320861","0.0666667"
"1981578383","2105658717","0.0666667"
"2105658717","1981578383","0.0666667"
"1981578383","2305490902","2.06667"
"2305490902","1981578383","2.06667"
"1981578383","2953289575","0.0666667"
"2953289575","1981578383","0.0666667"
"2017666497","2105658717","3.8881"
"2105658717","2017666497","3.8881"
"2017666497","2305490902","0.566667"
"2305490902","2017666497","0.566667"
"2017666497","2953289575","0.0666667"
"2953289575","2017666497","0.0666667"
"2076541236","2105658717","0.138095"
"2105658717","2076541236","0.138095"
"2076541236","2305490902","0.0666667"
"2305490902","2076541236","0.0666667"
"2076541236","2953289575","0.316667"
"2953289575","2076541236","0.316667"
"2103849501","2105658717","0.138095"
"2105658717","2103849501","0.138095"
"2103849501","2305490902","0.0666667"
"2305490902","2103849501","0.0666667"
"2103849501","2953289575","0.0666667"
"2953289575","2103849501","0.0666667"
"2105658717","2106039833","0.138095"
"2106039833","2105658717","0.138095"
"2105658717","2139021951","0.0666667"
"2139021951","2105658717","0.0666667"
"2105658717","2159793945","0.0666667"
"2159793945","2105658717","0.0666667"
"2105658717","2163004878","0.138095"
"2163004878","2105658717","0.138095"
"2105658717","2305490902","0.0666667"
"2305490902","2105658717","0.0666667"
"2105658717","2953289575","0.0666667"
"2953289575","2105658717","0.0666667"
"2106039833","2305490902","0.0666667"
"2305490902","2106039833","0.0666667"
"2106039833","2953289575","0.0666667"
"2953289575","2106039833","0.0666667"
"2139021951","2305490902","0.0666667"
"2305490902","2139021951","0.0666667"
"2139021951","2953289575","1.81667"
"2953289575","2139021951","1.81667"
"2159793945","2305490902","0.0666667"
"2305490902","2159793945","0.0666667"
"2159793945","2953289575","0.0666667"
"2953289575","2159793945","0.0666667"
"2163004878","2305490902","0.0666667"
"2305490902","2163004878","0.0666667"
"2163004878","2953289575","0.0666667"
"2953289575","2163004878","0.0666667"
"2305490902","2953289575","0.0666667"
"2953289575","2305490902","0.0666667"
"1480652413","2101498152","0.863095"
"2101498152","1480652413","0.863095"
"1480652413","2131824121","1.19167"
"2131824121","1480652413","1.19167"
"1480652413","2129403419","0.438095"
"2129403419","1480652413","0.438095"
"1480652413","2159275187","0.338095"
"2159275187","1480652413","0.338095"
"2129403419","2139021951","0.266667"
"2139021951","2129403419","0.266667"
"2129403419","2159275187","0.338095"
"2159275187","2129403419","0.338095"
"2139021951","2159275187","0.266667"
"2159275187","2139021951","0.266667"
"1039849826","2479722630","0.0666667"
"2479722630","1039849826","0.0666667"
"1480652413","2159686758","0.238095"
"2159686758","1480652413","0.238095"
"1480652413","2169196165","0.138095"
"2169196165","1480652413","0.138095"
"1480652413","2479722630","0.0666667"
"2479722630","1480652413","0.0666667"
"1480652413","2903719939","0.0666667"
"2903719939","1480652413","0.0666667"
"1977320861","2479722630","0.0666667"
"2479722630","1977320861","0.0666667"
"2076541236","2479722630","0.0666667"
"2479722630","2076541236","0.0666667"
"2101498152","2129403419","2.02143"
"2129403419","2101498152","2.02143"
"2101498152","2479722630","0.0666667"
"2479722630","2101498152","0.0666667"
"2103849501","2129403419","1.2381"
"2129403419","2103849501","1.2381"
"2103849501","2159275187","0.138095"
"2159275187","2103849501","0.138095"
"2103849501","2479722630","0.0666667"
"2479722630","2103849501","0.0666667"
"2106039833","2129403419","0.438095"
"2129403419","2106039833","0.438095"
"2106039833","2159275187","0.138095"
"2159275187","2106039833","0.138095"
"2106039833","2479722630","0.0666667"
"2479722630","2106039833","0.0666667"
"2129403419","2159686758","0.238095"
"2159686758","2129403419","0.238095"
"2129403419","2169196165","0.138095"
"2169196165","2129403419","0.138095"
"2129403419","2479722630","0.0666667"
"2479722630","2129403419","0.0666667"
"2129403419","2903719939","0.0666667"
"2903719939","2129403419","0.0666667"
"2131824121","2479722630","0.0666667"
"2479722630","2131824121","0.0666667"
"2139021951","2479722630","3.81667"
"2479722630","2139021951","3.81667"
"2159275187","2159686758","0.138095"
"2159686758","2159275187","0.138095"
"2159275187","2169196165","0.138095"
"2169196165","2159275187","0.138095"
"2159275187","2479722630","0.0666667"
"2479722630","2159275187","0.0666667"
"2159275187","2903719939","0.0666667"
"2903719939","2159275187","0.0666667"
"2159686758","2479722630","0.0666667"
"2479722630","2159686758","0.0666667"
"2163004878","2479722630","0.0666667"
"2479722630","2163004878","0.0666667"
"2169196165","2479722630","0.0666667"
"2479722630","2169196165","0.0666667"
"2479722630","2903719939","1.31667"
"2903719939","2479722630","1.31667"
"1039849826","1973656812","0.333333"
"1973656812","1039849826","0.333333"
"1480652413","1973656812","0.333333"
"1973656812","1480652413","0.333333"
"1973656812","2076541236","0.333333"
"2076541236","1973656812","0.333333"
"1480652413","2113455536","0.1"
"2113455536","1480652413","0.1"
"1480652413","2162294668","0.1"
"2162294668","1480652413","0.1"
"1977320861","2113455536","0.1"
"2113455536","1977320861","0.1"
"1977320861","2162294668","0.1"
"2162294668","1977320861","0.1"
"2101498152","2113455536","0.1"
"2113455536","2101498152","0.1"
"2101498152","2162294668","0.1"
"2162294668","2101498152","0.1"
"2103849501","2113455536","0.1"
"2113455536","2103849501","0.1"
"2103849501","2162294668","0.1"
"2162294668","2103849501","0.1"
"2106039833","2113455536","0.1"
"2113455536","2106039833","0.1"
"2106039833","2162294668","0.1"
"2162294668","2106039833","0.1"
"2113455536","2129403419","0.1"
"2129403419","2113455536","0.1"
"2113455536","2159686758","0.1"
"2159686758","2113455536","0.1"
"2113455536","2159793945","0.1"
"2159793945","2113455536","0.1"
"2113455536","2162294668","0.1"
"2162294668","2113455536","0.1"
"2113455536","2163004878","0.1"
"2163004878","2113455536","0.1"
"2129403419","2159793945","0.1"
"2159793945","2129403419","0.1"
"2129403419","2162294668","0.1"
"2162294668","2129403419","0.1"
"2159686758","2162294668","0.1"
"2162294668","2159686758","0.1"
"2159793945","2162294668","0.1"
"2162294668","2159793945","0.1"
"2162294668","2163004878","0.1"
"2163004878","2162294668","0.1"
"1556253886","2129403419","0.0714286"
"2129403419","1556253886","0.0714286"
"1556253886","2159275187","0.0714286"
"2159275187","1556253886","0.0714286"
"1969411444","2101498152","0.0714286"
"2101498152","1969411444","0.0714286"
"1969411444","2129403419","0.0714286"
"2129403419","1969411444","0.0714286"
"1969411444","2159275187","0.0714286"
"2159275187","1969411444","0.0714286"
"1969411444","2159686758","0.0714286"
"2159686758","1969411444","0.0714286"
"1969411444","2169196165","0.0714286"
"2169196165","1969411444","0.0714286"
"2017666497","2129403419","0.321429"
"2129403419","2017666497","0.321429"
"2017666497","2159275187","0.0714286"
"2159275187","2017666497","0.0714286"
"2101498152","2105658717","0.0714286"
"2105658717","2101498152","0.0714286"
"2105658717","2129403419","0.0714286"
"2129403419","2105658717","0.0714286"
"2105658717","2159275187","0.0714286"
"2159275187","2105658717","0.0714286"
"2105658717","2159686758","0.0714286"
"2159686758","2105658717","0.0714286"
"2105658717","2169196165","0.0714286"
"2169196165","2105658717","0.0714286"
"1526211794","1587829740","21.575"
"1587829740","1526211794","21.575"
"1526211794","2142317753","8.10119"
"2142317753","1526211794","8.10119"
"1587829740","2142317753","6.45833"
"2142317753","1587829740","6.45833"
"1526211794","2103849501","0.684524"
"2103849501","1526211794","0.684524"
"1556253886","1587829740","0.125"
"1587829740","1556253886","0.125"
"1556253886","2142317753","0.125"
"2142317753","1556253886","0.125"
"1587829740","1977320861","0.125"
"1977320861","1587829740","0.125"
"1587829740","2101498152","0.125"
"2101498152","1587829740","0.125"
"1587829740","2103849501","0.875"
"2103849501","1587829740","0.875"
"1587829740","2159793945","0.708333"
"2159793945","1587829740","0.708333"
"1587829740","2169196165","2.90833"
"2169196165","1587829740","2.90833"
"1977320861","2142317753","0.125"
"2142317753","1977320861","0.125"
"2101498152","2142317753","0.125"
"2142317753","2101498152","0.125"
"2103849501","2142317753","0.517857"
"2142317753","2103849501","0.517857"
"2142317753","2159793945","0.125"
"2159793945","2142317753","0.125"
"2142317753","2169196165","1.35119"
"2169196165","2142317753","1.35119"
"1526211794","2131824121","0.342857"
"2131824121","1526211794","0.342857"
"1526211794","2139021951","0.309524"
"2139021951","1526211794","0.309524"
"1526211794","2163004878","0.342857"
"2163004878","1526211794","0.342857"
"2131824121","2142317753","0.142857"
"2142317753","2131824121","0.142857"
"2139021951","2142317753","0.142857"
"2142317753","2139021951","0.142857"
"2142317753","2159686758","0.392857"
"2159686758","2142317753","0.392857"
"2142317753","2163004878","0.392857"
"2163004878","2142317753","0.392857"
"1587829740","2131824121","0.2"
"2131824121","1587829740","0.2"
"1587829740","2159686758","0.366667"
"2159686758","1587829740","0.366667"
"1587829740","2163004878","0.2"
"2163004878","1587829740","0.2"
"1587829740","2076541236","0.166667"
"2076541236","1587829740","0.166667"
"1587829740","2139021951","0.166667"
"2139021951","1587829740","0.166667"
"1526211794","1820290817","1"
"1820290817","1526211794","1"
"1820290817","2101498152","1"
"2101498152","1820290817","1"
"1820290817","2017666497","0.333333"
"2017666497","1820290817","0.333333"
"1820290817","2159686758","0.333333"
"2159686758","1820290817","0.333333"
"1820290817","2169196165","0.333333"
"2169196165","1820290817","0.333333"
"1969411444","1973656812","0.5"
"1973656812","1969411444","0.5"
"1973656812","2017666497","0.75"
"2017666497","1973656812","0.75"
"1969411444","2479722630","1"
"2479722630","1969411444","1"
"1973656812","1977320861","0.5"
"1977320861","1973656812","0.5"
"1973656812","2139021951","0.5"
"2139021951","1973656812","0.5"
"1973656812","2101498152","0.25"
"2101498152","1973656812","0.25"
"1973656812","2129403419","0.25"
"2129403419","1973656812","0.25"
"1973656812","2131824121","0.25"
"2131824121","1973656812","0.25"
"1981578383","2479722630","1.08333"
"2479722630","1981578383","1.08333"
"1981578383","2526029773","0.333333"
"2526029773","1981578383","0.333333"
"1981578383","2810723601","0.333333"
"2810723601","1981578383","0.333333"
"2479722630","2526029773","0.333333"
"2526029773","2479722630","0.333333"
"2479722630","2810723601","0.333333"
"2810723601","2479722630","0.333333"
"2526029773","2810723601","0.333333"
"2810723601","2526029773","0.333333"
"1981578383","2293253366","0.25"
"2293253366","1981578383","0.25"
"2139021951","2293253366","3.5"
"2293253366","2139021951","3.5"
"2293253366","2479722630","0.75"
"2479722630","2293253366","0.75"
"2293253366","2903719939","0.25"
"2903719939","2293253366","0.25"
"2017666497","2479722630","0.5"
"2479722630","2017666497","0.5"
"2105658717","2479722630","0.5"
"2479722630","2105658717","0.5"
"2017666497","953665677","0.5"
"953665677","2017666497","0.5"
"2305490902","953665677","0.5"
"953665677","2305490902","0.5"
"2033565095","2139021951","0.5"
"2139021951","2033565095","0.5"
"2033565095","2293253366","0.5"
"2293253366","2033565095","0.5"
"2131824121","2293253366","0.25"
"2293253366","2131824121","0.25"
"2131824121","2953289575","0.25"
"2953289575","2131824121","0.25"
"2293253366","2953289575","0.25"
"2953289575","2293253366","0.25"
"2103849501","953665677","1"
"953665677","2103849501","1"
"2479722630","2953289575","2.5"
"2953289575","2479722630","2.5"
"2159275187","2159793945","1"
"2159793945","2159275187","1"
"2810723601","2903719939","0.333333"
"2903719939","2810723601","0.333333"
"2810723601","2953289575","0.333333"
"2953289575","2810723601","0.333333"
"2810723601","3013103751","0.333333"
"3013103751","2810723601","0.333333"
"2903719939","2953289575","0.333333"
"2953289575","2903719939","0.333333"
"2903719939","3013103751","0.333333"
"3013103751","2903719939","0.333333"
"2953289575","3013103751","5.33333"
"3013103751","2953289575","5.33333"
