"1039849826","2076541236","8.69805"
"2076541236","1039849826","8.69805"
"1039849826","2194326812","2.66472"
"2194326812","1039849826","2.66472"
"2076541236","2194326812","3.27583"
"2194326812","2076541236","3.27583"
"1039849826","2131824121","1.82143"
"2131824121","1039849826","1.82143"
"1039849826","2147298415","1.83377"
"2147298415","1039849826","1.83377"
"2076541236","2131824121","1.82143"
"2131824121","2076541236","1.82143"
"2076541236","2147298415","0.944877"
"2147298415","2076541236","0.944877"
"2131824121","2147298415","0.916667"
"2147298415","2131824121","0.916667"
"1039849826","2151604269","0.954762"
"2151604269","1039849826","0.954762"
"2076541236","2151604269","1.06587"
"2151604269","2076541236","1.06587"
"2131824121","2151604269","1.5381"
"2151604269","2131824121","1.5381"
"2131824121","2194326812","2.7881"
"2194326812","2131824121","2.7881"
"2151604269","2194326812","1.73254"
"2194326812","2151604269","1.73254"
"1039849826","1976957990","0.633766"
"1976957990","1039849826","0.633766"
"1039849826","2101827111","0.705195"
"2101827111","1039849826","0.705195"
"1039849826","2127753549","0.429004"
"2127753549","1039849826","0.429004"
"1039849826","2159893463","1.08139"
"2159893463","1039849826","1.08139"
"1039849826","2167541073","0.229004"
"2167541073","1039849826","0.229004"
"1039849826","2171467255","0.371861"
"2171467255","1039849826","0.371861"
"1039849826","2401502514","0.705195"
"2401502514","1039849826","0.705195"
"1039849826","2404273137","0.562338"
"2404273137","1039849826","0.562338"
"1976957990","2076541236","0.300433"
"2076541236","1976957990","0.300433"
"1976957990","2101827111","5.48377"
"2101827111","1976957990","5.48377"
"1976957990","2127753549","0.424242"
"2127753549","1976957990","0.424242"
"1976957990","2147298415","0.474242"
"2147298415","1976957990","0.474242"
"1976957990","2159893463","0.3671"
"2159893463","1976957990","0.3671"
"1976957990","2167541073","0.157576"
"2167541073","1976957990","0.157576"
"1976957990","2171467255","0.224242"
"2171467255","1976957990","0.224242"
"1976957990","2194326812","2.6671"
"2194326812","1976957990","2.6671"
"1976957990","2401502514","1.03377"
"2401502514","1976957990","1.03377"
"1976957990","2404273137","2.05758"
"2404273137","1976957990","2.05758"
"2076541236","2101827111","0.371861"
"2101827111","2076541236","0.371861"
"2076541236","2127753549","0.540115"
"2127753549","2076541236","0.540115"
"2076541236","2159893463","1.1925"
"2159893463","2076541236","1.1925"
"2076541236","2167541073","0.229004"
"2167541073","2076541236","0.229004"
"2076541236","2171467255","0.482973"
"2171467255","2076541236","0.482973"
"2076541236","2401502514","0.371861"
"2401502514","2076541236","0.371861"
"2076541236","2404273137","1.17345"
"2404273137","2076541236","1.17345"
"2101827111","2127753549","0.638528"
"2127753549","2101827111","0.638528"
"2101827111","2147298415","0.474242"
"2147298415","2101827111","0.474242"
"2101827111","2159893463","0.438528"
"2159893463","2101827111","0.438528"
"2101827111","2167541073","0.371861"
"2167541073","2101827111","0.371861"
"2101827111","2171467255","0.295671"
"2171467255","2101827111","0.295671"
"2101827111","2194326812","1.90519"
"2194326812","2101827111","1.90519"
"2101827111","2401502514","0.771861"
"2401502514","2101827111","0.771861"
"2101827111","2404273137","0.295671"
"2404273137","2101827111","0.295671"
"2127753549","2147298415","0.335354"
"2147298415","2127753549","0.335354"
"2127753549","2159893463","0.940115"
"2159893463","2127753549","0.940115"
"2127753549","2167541073","1.80519"
"2167541073","2127753549","1.80519"
"2127753549","2171467255","0.906782"
"2171467255","2127753549","0.906782"
"2127753549","2194326812","0.540115"
"2194326812","2127753549","0.540115"
"2127753549","2401502514","0.295671"
"2401502514","2127753549","0.295671"
"2127753549","2404273137","2.27345"
"2404273137","2127753549","2.27345"
"2147298415","2159893463","2.92821"
"2159893463","2147298415","2.92821"
"2147298415","2167541073","0.357576"
"2167541073","2147298415","0.357576"
"2147298415","2171467255","0.678211"
"2171467255","2147298415","0.678211"
"2147298415","2194326812","1.27821"
"2194326812","2147298415","1.27821"
"2147298415","2401502514","0.224242"
"2401502514","2147298415","0.224242"
"2147298415","2404273137","1.08535"
"2404273137","2147298415","1.08535"
"2159893463","2167541073","0.229004"
"2167541073","2159893463","0.229004"
"2159893463","2171467255","0.549639"
"2171467255","2159893463","0.549639"
"2159893463","2194326812","1.65916"
"2194326812","2159893463","1.65916"
"2159893463","2401502514","0.438528"
"2401502514","2159893463","0.438528"
"2159893463","2404273137","1.49012"
"2404273137","2159893463","1.49012"
"2167541073","2171467255","0.429004"
"2171467255","2167541073","0.429004"
"2167541073","2194326812","0.229004"
"2194326812","2167541073","0.229004"
"2167541073","2401502514","0.229004"
"2401502514","2167541073","0.229004"
"2167541073","2404273137","1.09567"
"2404273137","2167541073","1.09567"
"2171467255","2194326812","0.482973"
"2194326812","2171467255","0.482973"
"2171467255","2401502514","0.295671"
"2401502514","2171467255","0.295671"
"2171467255","2404273137","0.406782"
"2404273137","2171467255","0.406782"
"2194326812","2401502514","0.705195"
"2401502514","2194326812","0.705195"
"2194326812","2404273137","3.17345"
"2404273137","2194326812","3.17345"
"2401502514","2404273137","0.629004"
"2404273137","2401502514","0.629004"
"1039849826","1584754763","0.338095"
"1584754763","1039849826","0.338095"
"1039849826","2115347616","0.447619"
"2115347616","1039849826","0.447619"
"1584754763","1976957990","0.0666667"
"1976957990","1584754763","0.0666667"
"1584754763","2076541236","0.338095"
"2076541236","1584754763","0.338095"
"1584754763","2101827111","0.804762"
"2101827111","1584754763","0.804762"
"1584754763","2115347616","3.80476"
"2115347616","1584754763","3.80476"
"1584754763","2127753549","0.138095"
"2127753549","1584754763","0.138095"
"1584754763","2131824121","0.671429"
"2131824121","1584754763","0.671429"
"1584754763","2147298415","0.0666667"
"2147298415","1584754763","0.0666667"
"1584754763","2151604269","0.338095"
"2151604269","1584754763","0.338095"
"1584754763","2159893463","0.138095"
"2159893463","1584754763","0.138095"
"1584754763","2167541073","0.138095"
"2167541073","1584754763","0.138095"
"1584754763","2171467255","0.138095"
"2171467255","1584754763","0.138095"
"1584754763","2194326812","0.338095"
"2194326812","1584754763","0.338095"
"1584754763","2401502514","0.138095"
"2401502514","1584754763","0.138095"
"1584754763","2404273137","0.138095"
"2404273137","1584754763","0.138095"
"1976957990","2115347616","0.27619"
"2115347616","1976957990","0.27619"
"1976957990","2131824121","0.383333"
"2131824121","1976957990","0.383333"
"1976957990","2151604269","0.516667"
"2151604269","1976957990","0.516667"
"2076541236","2115347616","0.447619"
"2115347616","2076541236","0.447619"
"2101827111","2115347616","1.51429"
"2115347616","2101827111","1.51429"
"2101827111","2131824121","1.2881"
"2131824121","2101827111","1.2881"
"2101827111","2151604269","0.588095"
"2151604269","2101827111","0.588095"
"2115347616","2127753549","0.204762"
"2127753549","2115347616","0.204762"
"2115347616","2131824121","1.5381"
"2131824121","2115347616","1.5381"
"2115347616","2147298415","0.133333"
"2147298415","2115347616","0.133333"
"2115347616","2151604269","0.304762"
"2151604269","2115347616","0.304762"
"2115347616","2159893463","0.514286"
"2159893463","2115347616","0.514286"
"2115347616","2167541073","0.138095"
"2167541073","2115347616","0.138095"
"2115347616","2171467255","0.204762"
"2171467255","2115347616","0.204762"
"2115347616","2194326812","0.947619"
"2194326812","2115347616","0.947619"
"2115347616","2401502514","0.347619"
"2401502514","2115347616","0.347619"
"2115347616","2404273137","0.204762"
"2404273137","2115347616","0.204762"
"2127753549","2131824121","0.738095"
"2131824121","2127753549","0.738095"
"2127753549","2151604269","1.14921"
"2151604269","2127753549","1.14921"
"2131824121","2159893463","0.938095"
"2159893463","2131824121","0.938095"
"2131824121","2167541073","0.138095"
"2167541073","2131824121","0.138095"
"2131824121","2171467255","0.204762"
"2171467255","2131824121","0.204762"
"2131824121","2401502514","0.204762"
"2401502514","2131824121","0.204762"
"2131824121","2404273137","0.538095"
"2404273137","2131824121","0.538095"
"2147298415","2151604269","1.54444"
"2151604269","2147298415","1.54444"
"2151604269","2159893463","1.03254"
"2159893463","2151604269","1.03254"
"2151604269","2167541073","0.338095"
"2167541073","2151604269","0.338095"
"2151604269","2171467255","0.949206"
"2171467255","2151604269","0.949206"
"2151604269","2401502514","0.138095"
"2401502514","2151604269","0.138095"
"2151604269","2404273137","1.66587"
"2404273137","2151604269","1.66587"
"1039849826","2035274534","0.142857"
"2035274534","1039849826","0.142857"
"1039849826","2983681716","0.142857"
"2983681716","1039849826","0.142857"
"2035274534","2076541236","0.142857"
"2076541236","2035274534","0.142857"
"2035274534","2147298415","0.142857"
"2147298415","2035274534","0.142857"
"2035274534","2159893463","0.142857"
"2159893463","2035274534","0.142857"
"2035274534","2171467255","0.142857"
"2171467255","2035274534","0.142857"
"2035274534","2194326812","0.142857"
"2194326812","2035274534","0.142857"
"2035274534","2983681716","2.47619"
"2983681716","2035274534","2.47619"
"2076541236","2983681716","0.142857"
"2983681716","2076541236","0.142857"
"2147298415","2983681716","0.142857"
"2983681716","2147298415","0.142857"
"2159893463","2983681716","0.142857"
"2983681716","2159893463","0.142857"
"2171467255","2983681716","0.142857"
"2983681716","2171467255","0.142857"
"2194326812","2983681716","0.142857"
"2983681716","2194326812","0.142857"
"1039849826","1973898145","0.166667"
"1973898145","1039849826","0.166667"
"1973898145","2076541236","0.277778"
"2076541236","1973898145","0.277778"
"1973898145","2115347616","0.233333"
"2115347616","1973898145","0.233333"
"1973898145","2151604269","0.844444"
"2151604269","1973898145","0.844444"
"1973898145","2159893463","0.511111"
"2159893463","1973898145","0.511111"
"1973898145","2194326812","0.977778"
"2194326812","1973898145","0.977778"
"1039849826","2952564647","0.0714286"
"2952564647","1039849826","0.0714286"
"1584754763","2952564647","0.404762"
"2952564647","1584754763","0.404762"
"2076541236","2952564647","0.0714286"
"2952564647","2076541236","0.0714286"
"2101827111","2952564647","0.404762"
"2952564647","2101827111","0.404762"
"2115347616","2952564647","0.404762"
"2952564647","2115347616","0.404762"
"2127753549","2952564647","0.0714286"
"2952564647","2127753549","0.0714286"
"2131824121","2952564647","0.0714286"
"2952564647","2131824121","0.0714286"
"2151604269","2952564647","0.0714286"
"2952564647","2151604269","0.0714286"
"2159893463","2952564647","0.0714286"
"2952564647","2159893463","0.0714286"
"2167541073","2952564647","0.0714286"
"2952564647","2167541073","0.0714286"
"2171467255","2952564647","0.0714286"
"2952564647","2171467255","0.0714286"
"2194326812","2952564647","0.0714286"
"2952564647","2194326812","0.0714286"
"2401502514","2952564647","0.0714286"
"2952564647","2401502514","0.0714286"
"2404273137","2952564647","0.571429"
"2952564647","2404273137","0.571429"
"137781046","2167541073","3.76667"
"2167541073","137781046","3.76667"
"137781046","1976216213","5.16667"
"1976216213","137781046","5.16667"
"137781046","2137133993","5.16667"
"2137133993","137781046","5.16667"
"137781046","2404273137","0.866667"
"2404273137","137781046","0.866667"
"1976216213","2137133993","18.7833"
"2137133993","1976216213","18.7833"
"1976216213","2404273137","1"
"2404273137","1976216213","1"
"2137133993","2404273137","1"
"2404273137","2137133993","1"
"137781046","2072269087","0.6"
"2072269087","137781046","0.6"
"137781046","2099636580","1.76667"
"2099636580","137781046","1.76667"
"137781046","2111465715","3.06667"
"2111465715","137781046","3.06667"
"137781046","2127753549","0.6"
"2127753549","137781046","0.6"
"2072269087","2099636580","0.6"
"2099636580","2072269087","0.6"
"2072269087","2111465715","0.4"
"2111465715","2072269087","0.4"
"2072269087","2127753549","1.6"
"2127753549","2072269087","1.6"
"2072269087","2167541073","1.6"
"2167541073","2072269087","1.6"
"2099636580","2111465715","2.56667"
"2111465715","2099636580","2.56667"
"2099636580","2127753549","1.5"
"2127753549","2099636580","1.5"
"2099636580","2167541073","14.6333"
"2167541073","2099636580","14.6333"
"2111465715","2127753549","0.542857"
"2127753549","2111465715","0.542857"
"2111465715","2167541073","1.70952"
"2167541073","2111465715","1.70952"
"137781046","2147298415","1"
"2147298415","137781046","1"
"2072269087","2404273137","0.2"
"2404273137","2072269087","0.2"
"2099636580","2404273137","2.01667"
"2404273137","2099636580","2.01667"
"1567115458","1577330595","36.5667"
"1577330595","1567115458","36.5667"
"1567115458","1973898145","0.0666667"
"1973898145","1567115458","0.0666667"
"1567115458","1976957990","0.0666667"
"1976957990","1567115458","0.0666667"
"1567115458","2099636580","0.0666667"
"2099636580","1567115458","0.0666667"
"1567115458","2101827111","0.0666667"
"2101827111","1567115458","0.0666667"
"1567115458","2115347616","0.0666667"
"2115347616","1567115458","0.0666667"
"1567115458","2127753549","0.0666667"
"2127753549","1567115458","0.0666667"
"1567115458","2131824121","0.0666667"
"2131824121","1567115458","0.0666667"
"1567115458","2137869805","0.0666667"
"2137869805","1567115458","0.0666667"
"1567115458","2147298415","0.0666667"
"2147298415","1567115458","0.0666667"
"1567115458","2159893463","0.0666667"
"2159893463","1567115458","0.0666667"
"1567115458","2171467255","0.0666667"
"2171467255","1567115458","0.0666667"
"1567115458","2292438761","0.566667"
"2292438761","1567115458","0.566667"
"1567115458","2401502514","0.0666667"
"2401502514","1567115458","0.0666667"
"1567115458","2404273137","0.0666667"
"2404273137","1567115458","0.0666667"
"1577330595","1973898145","0.0666667"
"1973898145","1577330595","0.0666667"
"1577330595","1976957990","0.0666667"
"1976957990","1577330595","0.0666667"
"1577330595","2099636580","0.0666667"
"2099636580","1577330595","0.0666667"
"1577330595","2101827111","0.0666667"
"2101827111","1577330595","0.0666667"
"1577330595","2115347616","0.0666667"
"2115347616","1577330595","0.0666667"
"1577330595","2127753549","0.0666667"
"2127753549","1577330595","0.0666667"
"1577330595","2131824121","0.0666667"
"2131824121","1577330595","0.0666667"
"1577330595","2137869805","0.0666667"
"2137869805","1577330595","0.0666667"
"1577330595","2147298415","0.0666667"
"2147298415","1577330595","0.0666667"
"1577330595","2159893463","0.0666667"
"2159893463","1577330595","0.0666667"
"1577330595","2171467255","0.0666667"
"2171467255","1577330595","0.0666667"
"1577330595","2292438761","0.566667"
"2292438761","1577330595","0.566667"
"1577330595","2401502514","0.0666667"
"2401502514","1577330595","0.0666667"
"1577330595","2404273137","0.0666667"
"2404273137","1577330595","0.0666667"
"1973898145","1976957990","0.6"
"1976957990","1973898145","0.6"
"1973898145","2099636580","0.266667"
"2099636580","1973898145","0.266667"
"1973898145","2101827111","0.6"
"2101827111","1973898145","0.6"
"1973898145","2127753549","0.377778"
"2127753549","1973898145","0.377778"
"1973898145","2131824121","0.0666667"
"2131824121","1973898145","0.0666667"
"1973898145","2137869805","0.344444"
"2137869805","1973898145","0.344444"
"1973898145","2147298415","0.544444"
"2147298415","1973898145","0.544444"
"1973898145","2171467255","0.377778"
"2171467255","1973898145","0.377778"
"1973898145","2292438761","0.0666667"
"2292438761","1973898145","0.0666667"
"1973898145","2401502514","0.0666667"
"2401502514","1973898145","0.0666667"
"1973898145","2404273137","0.344444"
"2404273137","1973898145","0.344444"
"1976957990","2099636580","0.0666667"
"2099636580","1976957990","0.0666667"
"1976957990","2137869805","0.0666667"
"2137869805","1976957990","0.0666667"
"1976957990","2292438761","0.0666667"
"2292438761","1976957990","0.0666667"
"2099636580","2101827111","0.0666667"
"2101827111","2099636580","0.0666667"
"2099636580","2115347616","0.0666667"
"2115347616","2099636580","0.0666667"
"2099636580","2131824121","0.0666667"
"2131824121","2099636580","0.0666667"
"2099636580","2137869805","0.0666667"
"2137869805","2099636580","0.0666667"
"2099636580","2147298415","1.85"
"2147298415","2099636580","1.85"
"2099636580","2159893463","0.65"
"2159893463","2099636580","0.65"
"2099636580","2171467255","0.266667"
"2171467255","2099636580","0.266667"
"2099636580","2292438761","0.0666667"
"2292438761","2099636580","0.0666667"
"2099636580","2401502514","0.0666667"
"2401502514","2099636580","0.0666667"
"2101827111","2137869805","0.0666667"
"2137869805","2101827111","0.0666667"
"2101827111","2292438761","0.0666667"
"2292438761","2101827111","0.0666667"
"2115347616","2137869805","0.0666667"
"2137869805","2115347616","0.0666667"
"2115347616","2292438761","0.0666667"
"2292438761","2115347616","0.0666667"
"2127753549","2137869805","0.177778"
"2137869805","2127753549","0.177778"
"2127753549","2292438761","0.0666667"
"2292438761","2127753549","0.0666667"
"2131824121","2137869805","0.0666667"
"2137869805","2131824121","0.0666667"
"2131824121","2292438761","0.0666667"
"2292438761","2131824121","0.0666667"
"2137869805","2147298415","10.1778"
"2147298415","2137869805","10.1778"
"2137869805","2159893463","0.344444"
"2159893463","2137869805","0.344444"
"2137869805","2171467255","0.177778"
"2171467255","2137869805","0.177778"
"2137869805","2292438761","0.0666667"
"2292438761","2137869805","0.0666667"
"2137869805","2401502514","0.0666667"
"2401502514","2137869805","0.0666667"
"2137869805","2404273137","0.344444"
"2404273137","2137869805","0.344444"
"2147298415","2292438761","0.0666667"
"2292438761","2147298415","0.0666667"
"2159893463","2292438761","0.0666667"
"2292438761","2159893463","0.0666667"
"2171467255","2292438761","0.0666667"
"2292438761","2171467255","0.0666667"
"2292438761","2401502514","0.0666667"
"2401502514","2292438761","0.0666667"
"2292438761","2404273137","0.0666667"
"2404273137","2292438761","0.0666667"
"189337624","2082425356","1.33333"
"2082425356","189337624","1.33333"
"189337624","2075552472","0.5"
"2075552472","189337624","0.5"
"189337624","2147298415","0.5"
"2147298415","189337624","0.5"
"2075552472","2147298415","1.5"
"2147298415","2075552472","1.5"
"189337624","1976216213","0.333333"
"1976216213","189337624","0.333333"
"189337624","2056859949","0.333333"
"2056859949","189337624","0.333333"
"1976216213","2056859949","1.28333"
"2056859949","1976216213","1.28333"
"1976216213","2082425356","0.533333"
"2082425356","1976216213","0.533333"
"2056859949","2082425356","0.67619"
"2082425356","2056859949","0.67619"
"2137869805","2151604269","0.777778"
"2151604269","2137869805","0.777778"
"2137869805","2194326812","0.277778"
"2194326812","2137869805","0.277778"
"1973898145","2167541073","0.2"
"2167541073","1973898145","0.2"
"2099636580","2151604269","0.45"
"2151604269","2099636580","0.45"
"2076541236","2137869805","0.111111"
"2137869805","2076541236","0.111111"
"2056859949","2137133993","0.95"
"2137133993","2056859949","0.95"
"1976216213","2111465715","0.25"
"2111465715","1976216213","0.25"
"1976216213","2134286919","1.45"
"2134286919","1976216213","1.45"
"2056859949","2111465715","0.392857"
"2111465715","2056859949","0.392857"
"2056859949","2134286919","6.59286"
"2134286919","2056859949","6.59286"
"2111465715","2134286919","0.392857"
"2134286919","2111465715","0.392857"
"2111465715","2137133993","0.25"
"2137133993","2111465715","0.25"
"2134286919","2137133993","0.45"
"2137133993","2134286919","0.45"
"1976216213","2296063924","0.333333"
"2296063924","1976216213","0.333333"
"2137133993","2296063924","0.333333"
"2296063924","2137133993","0.333333"
"2296063924","2404273137","8.66667"
"2404273137","2296063924","8.66667"
"1976216213","2137869805","0.333333"
"2137869805","1976216213","0.333333"
"1976216213","2147298415","0.333333"
"2147298415","1976216213","0.333333"
"2137133993","2137869805","0.333333"
"2137869805","2137133993","0.333333"
"2137133993","2147298415","0.333333"
"2147298415","2137133993","0.333333"
"1976216213","2075552472","0.2"
"2075552472","1976216213","0.2"
"2056859949","2075552472","1.34286"
"2075552472","2056859949","1.34286"
"2075552472","2082425356","3.34286"
"2082425356","2075552472","3.34286"
"2075552472","2134286919","0.342857"
"2134286919","2075552472","0.342857"
"2075552472","2137133993","0.2"
"2137133993","2075552472","0.2"
"2082425356","2134286919","0.342857"
"2134286919","2082425356","0.342857"
"2082425356","2137133993","0.2"
"2137133993","2082425356","0.2"
"2035274534","2042454345","1.5"
"2042454345","2035274534","1.5"
"2035274534","3014705052","1"
"3014705052","2035274534","1"
"2035274534","2261248299","0.333333"
"2261248299","2035274534","0.333333"
"2035274534","2526076264","1.33333"
"2526076264","2035274534","1.33333"
"2261248299","2526076264","8.5"
"2526076264","2261248299","8.5"
"2261248299","2983681716","0.333333"
"2983681716","2261248299","0.333333"
"2526076264","2983681716","1.33333"
"2983681716","2526076264","1.33333"
"2035274534","2126697916","0.5"
"2126697916","2035274534","0.5"
"2042454345","2126697916","0.5"
"2126697916","2042454345","0.5"
"2042454345","2983681716","1"
"2983681716","2042454345","1"
"2042454345","3014705052","2"
"3014705052","2042454345","2"
"2042454345","2296063924","1"
"2296063924","2042454345","1"
"2042454345","2526076264","3.5"
"2526076264","2042454345","3.5"
"2296063924","2526076264","3.16667"
"2526076264","2296063924","3.16667"
"2042454345","2404273137","0.5"
"2404273137","2042454345","0.5"
"2404273137","2526076264","4.83333"
"2526076264","2404273137","4.83333"
"2056859949","2101827111","0.142857"
"2101827111","2056859949","0.142857"
"2056859949","2127753549","0.142857"
"2127753549","2056859949","0.142857"
"2056859949","2167541073","0.142857"
"2167541073","2056859949","0.142857"
"2075552472","2101827111","0.142857"
"2101827111","2075552472","0.142857"
"2075552472","2111465715","0.142857"
"2111465715","2075552472","0.142857"
"2075552472","2127753549","0.142857"
"2127753549","2075552472","0.142857"
"2075552472","2167541073","0.142857"
"2167541073","2075552472","0.142857"
"2082425356","2101827111","0.142857"
"2101827111","2082425356","0.142857"
"2082425356","2111465715","0.142857"
"2111465715","2082425356","0.142857"
"2082425356","2127753549","0.142857"
"2127753549","2082425356","0.142857"
"2082425356","2167541073","0.142857"
"2167541073","2082425356","0.142857"
"2101827111","2111465715","0.142857"
"2111465715","2101827111","0.142857"
"2101827111","2134286919","0.142857"
"2134286919","2101827111","0.142857"
"2127753549","2134286919","0.142857"
"2134286919","2127753549","0.142857"
"2134286919","2167541073","0.142857"
"2167541073","2134286919","0.142857"
"2099636580","2296063924","0.5"
"2296063924","2099636580","0.5"
"2099636580","2953146293","0.333333"
"2953146293","2099636580","0.333333"
"2167541073","2953146293","0.333333"
"2953146293","2167541073","0.333333"
"2404273137","2953146293","0.333333"
"2953146293","2404273137","0.333333"
"2126697916","2134286919","1"
"2134286919","2126697916","1"
"2126697916","2296063924","1"
"2296063924","2126697916","1"
"2127753549","2953146293","1"
"2953146293","2127753549","1"
"2261248299","2296063924","0.666667"
"2296063924","2261248299","0.666667"
"2261248299","2404273137","0.333333"
"2404273137","2261248299","0.333333"
"2261248299","3024834760","0.5"
"3024834760","2261248299","0.5"
"2526076264","3024834760","0.5"
"3024834760","2526076264","0.5"
"2261248299","2952564647","0.333333"
"2952564647","2261248299","0.333333"
"2296063924","2952564647","1.33333"
"2952564647","2296063924","1.33333"
"2526076264","2952564647","2.83333"
"2952564647","2526076264","2.83333"
"2983681716","3014705052","3"
"3014705052","2983681716","3"
