"1494344760","2060256944","3.90278"
"2060256944","1494344760","3.90278"
"1494344760","2073083495","1.15278"
"2073083495","1494344760","1.15278"
"1494344760","2141746909","0.819444"
"2141746909","1494344760","0.819444"
"2060256944","2073083495","3.01389"
"2073083495","2060256944","3.01389"
"2060256944","2141746909","0.569444"
"2141746909","2060256944","0.569444"
"2073083495","2141746909","0.569444"
"2141746909","2073083495","0.569444"
"1494344760","1965092032","0.236111"
"1965092032","1494344760","0.236111"
"1494344760","2042021320","0.486111"
"2042021320","1494344760","0.486111"
"1494344760","2101936509","1.06944"
"2101936509","1494344760","1.06944"
"1494344760","2128802620","0.236111"
"2128802620","1494344760","0.236111"
"1494344760","2431495623","0.986111"
"2431495623","1494344760","0.986111"
"1965092032","2042021320","0.819444"
"2042021320","1965092032","0.819444"
"1965092032","2060256944","0.236111"
"2060256944","1965092032","0.236111"
"1965092032","2073083495","0.486111"
"2073083495","1965092032","0.486111"
"1965092032","2101936509","0.236111"
"2101936509","1965092032","0.236111"
"1965092032","2128802620","0.236111"
"2128802620","1965092032","0.236111"
"1965092032","2141746909","0.236111"
"2141746909","1965092032","0.236111"
"1965092032","2431495623","0.236111"
"2431495623","1965092032","0.236111"
"2042021320","2060256944","1.23611"
"2060256944","2042021320","1.23611"
"2042021320","2073083495","0.486111"
"2073083495","2042021320","0.486111"
"2042021320","2101936509","0.236111"
"2101936509","2042021320","0.236111"
"2042021320","2128802620","0.236111"
"2128802620","2042021320","0.236111"
"2042021320","2141746909","0.486111"
"2141746909","2042021320","0.486111"
"2042021320","2431495623","1.23611"
"2431495623","2042021320","1.23611"
"2060256944","2101936509","1.06944"
"2101936509","2060256944","1.06944"
"2060256944","2128802620","0.236111"
"2128802620","2060256944","0.236111"
"2060256944","2431495623","1.73611"
"2431495623","2060256944","1.73611"
"2073083495","2101936509","0.569444"
"2101936509","2073083495","0.569444"
"2073083495","2128802620","0.236111"
"2128802620","2073083495","0.236111"
"2073083495","2431495623","0.486111"
"2431495623","2073083495","0.486111"
"2101936509","2128802620","0.236111"
"2128802620","2101936509","0.236111"
"2101936509","2141746909","0.236111"
"2141746909","2101936509","0.236111"
"2101936509","2431495623","0.236111"
"2431495623","2101936509","0.236111"
"2128802620","2141746909","0.236111"
"2141746909","2128802620","0.236111"
"2128802620","2431495623","0.236111"
"2431495623","2128802620","0.236111"
"2141746909","2431495623","0.236111"
"2431495623","2141746909","0.236111"
"1494344760","1983196405","0.111111"
"1983196405","1494344760","0.111111"
"1965092032","1983196405","0.611111"
"1983196405","1965092032","0.611111"
"1983196405","2042021320","0.111111"
"2042021320","1983196405","0.111111"
"1983196405","2060256944","0.111111"
"2060256944","1983196405","0.111111"
"1983196405","2073083495","0.111111"
"2073083495","1983196405","0.111111"
"1983196405","2101936509","0.111111"
"2101936509","1983196405","0.111111"
"1983196405","2128802620","0.111111"
"2128802620","1983196405","0.111111"
"1983196405","2141746909","0.111111"
"2141746909","1983196405","0.111111"
"1983196405","2431495623","0.111111"
"2431495623","1983196405","0.111111"
"1494344760","2027754581","1.25"
"2027754581","1494344760","1.25"
"1494344760","2142797887","0.25"
"2142797887","1494344760","0.25"
"2027754581","2073083495","0.25"
"2073083495","2027754581","0.25"
"2027754581","2142797887","0.25"
"2142797887","2027754581","0.25"
"2027754581","2431495623","0.25"
"2431495623","2027754581","0.25"
"2073083495","2142797887","1"
"2142797887","2073083495","1"
"2142797887","2431495623","0.25"
"2431495623","2142797887","0.25"
"1494344760","1937960452","0.25"
"1937960452","1494344760","0.25"
"1494344760","2046437626","1.25"
"2046437626","1494344760","1.25"
"1937960452","2042021320","0.25"
"2042021320","1937960452","0.25"
"1937960452","2046437626","0.25"
"2046437626","1937960452","0.25"
"1937960452","2141746909","0.25"
"2141746909","1937960452","0.25"
"2042021320","2046437626","0.25"
"2046437626","2042021320","0.25"
"2046437626","2141746909","0.25"
"2141746909","2046437626","0.25"
"1548497606","2027754581","1"
"2027754581","1548497606","1"
"1548497606","1785837166","2"
"1785837166","1548497606","2"
"1548497606","1608747793","0.563492"
"1608747793","1548497606","0.563492"
"1548497606","1976062966","0.111111"
"1976062966","1548497606","0.111111"
"1548497606","1982397092","0.111111"
"1982397092","1548497606","0.111111"
"1548497606","2086333236","0.111111"
"2086333236","1548497606","0.111111"
"1548497606","2141976137","0.563492"
"2141976137","1548497606","0.563492"
"1548497606","2150846076","0.563492"
"2150846076","1548497606","0.563492"
"1548497606","2166771065","0.563492"
"2166771065","1548497606","0.563492"
"1548497606","2167686542","0.111111"
"2167686542","1548497606","0.111111"
"1548497606","263617780","0.563492"
"263617780","1548497606","0.563492"
"1608747793","1976062966","2.32188"
"1976062966","1608747793","2.32188"
"1608747793","1982397092","2.90368"
"1982397092","1608747793","2.90368"
"1608747793","2086333236","0.111111"
"2086333236","1608747793","0.111111"
"1608747793","2141976137","59.2161"
"2141976137","1608747793","59.2161"
"1608747793","2150846076","76.1127"
"2150846076","1608747793","76.1127"
"1608747793","2166771065","73.5545"
"2166771065","1608747793","73.5545"
"1608747793","2167686542","1.85725"
"2167686542","1608747793","1.85725"
"1608747793","263617780","96.3605"
"263617780","1608747793","96.3605"
"1976062966","1982397092","2.6865"
"1982397092","1976062966","2.6865"
"1976062966","2086333236","0.111111"
"2086333236","1976062966","0.111111"
"1976062966","2141976137","1.97188"
"2141976137","1976062966","1.97188"
"1976062966","2150846076","1.88653"
"2150846076","1976062966","1.88653"
"1976062966","2166771065","1.27065"
"2166771065","1976062966","1.27065"
"1976062966","2167686542","0.72916"
"2167686542","1976062966","0.72916"
"1976062966","263617780","2.32188"
"263617780","1976062966","2.32188"
"1982397092","2086333236","0.111111"
"2086333236","1982397092","0.111111"
"1982397092","2141976137","1.80368"
"2141976137","1982397092","1.80368"
"1982397092","2150846076","1.90582"
"2150846076","1982397092","1.90582"
"1982397092","2166771065","1.36589"
"2166771065","1982397092","1.36589"
"1982397092","2167686542","3.26632"
"2167686542","1982397092","3.26632"
"1982397092","263617780","2.40368"
"263617780","1982397092","2.40368"
"2086333236","2141976137","0.111111"
"2141976137","2086333236","0.111111"
"2086333236","2150846076","0.111111"
"2150846076","2086333236","0.111111"
"2086333236","2166771065","0.111111"
"2166771065","2086333236","0.111111"
"2086333236","2167686542","0.111111"
"2167686542","2086333236","0.111111"
"2086333236","263617780","0.111111"
"263617780","2086333236","0.111111"
"2141976137","2150846076","54.1294"
"2150846076","2141976137","54.1294"
"2141976137","2166771065","45.8116"
"2166771065","2141976137","45.8116"
"2141976137","2167686542","1.35725"
"2167686542","2141976137","1.35725"
"2141976137","263617780","59.2066"
"263617780","2141976137","59.2066"
"2150846076","2166771065","65.3283"
"2166771065","2150846076","65.3283"
"2150846076","2167686542","1.43301"
"2167686542","2150846076","1.43301"
"2150846076","263617780","76.3532"
"263617780","2150846076","76.3532"
"2166771065","2167686542","0.770851"
"2167686542","2166771065","0.770851"
"2166771065","263617780","74.8045"
"263617780","2166771065","74.8045"
"2167686542","263617780","1.35725"
"263617780","2167686542","1.35725"
"1548497606","2041396216","0.166667"
"2041396216","1548497606","0.166667"
"1548497606","2070868259","0.166667"
"2070868259","1548497606","0.166667"
"1548497606","2101006331","0.166667"
"2101006331","1548497606","0.166667"
"1548497606","2142797887","1.16667"
"2142797887","1548497606","1.16667"
"1548497606","2148380989","0.452381"
"2148380989","1548497606","0.452381"
"1548497606","2170841926","0.166667"
"2170841926","1548497606","0.166667"
"2041396216","2070868259","0.670635"
"2070868259","2041396216","0.670635"
"2041396216","2101006331","0.277778"
"2101006331","2041396216","0.277778"
"2041396216","2142797887","5.65278"
"2142797887","2041396216","5.65278"
"2041396216","2148380989","0.795635"
"2148380989","2041396216","0.795635"
"2041396216","2170841926","0.166667"
"2170841926","2041396216","0.166667"
"2070868259","2101006331","0.944444"
"2101006331","2070868259","0.944444"
"2070868259","2142797887","0.527778"
"2142797887","2070868259","0.527778"
"2070868259","2148380989","1.81852"
"2148380989","2070868259","1.81852"
"2070868259","2170841926","0.166667"
"2170841926","2070868259","0.166667"
"2101006331","2142797887","0.277778"
"2142797887","2101006331","0.277778"
"2101006331","2148380989","0.611111"
"2148380989","2101006331","0.611111"
"2101006331","2170841926","0.166667"
"2170841926","2101006331","0.166667"
"2142797887","2148380989","0.652778"
"2148380989","2142797887","0.652778"
"2142797887","2170841926","0.416667"
"2170841926","2142797887","0.416667"
"2148380989","2170841926","0.166667"
"2170841926","2148380989","0.166667"
"1548497606","1585992525","0.452381"
"1585992525","1548497606","0.452381"
"1585992525","1608747793","29.6978"
"1608747793","1585992525","29.6978"
"1585992525","2141976137","29.8478"
"2141976137","1585992525","29.8478"
"1585992525","2148380989","30.0074"
"2148380989","1585992525","30.0074"
"1585992525","2150846076","28.4444"
"2150846076","1585992525","28.4444"
"1585992525","2166771065","21.7267"
"2166771065","1585992525","21.7267"
"1585992525","263617780","29.1883"
"263617780","1585992525","29.1883"
"1608747793","2148380989","45.6478"
"2148380989","1608747793","45.6478"
"2141976137","2148380989","45.9478"
"2148380989","2141976137","45.9478"
"2148380989","2150846076","44.6444"
"2150846076","2148380989","44.6444"
"2148380989","2166771065","38.0267"
"2166771065","2148380989","38.0267"
"2148380989","263617780","45.8883"
"263617780","2148380989","45.8883"
"1585018677","1608747793","0.832341"
"1608747793","1585018677","0.832341"
"1585018677","2141976137","0.565675"
"2141976137","1585018677","0.565675"
"1585018677","2148380989","0.565675"
"2148380989","1585018677","0.565675"
"1585018677","2150846076","0.654563"
"2150846076","1585018677","0.654563"
"1585018677","2166771065","0.554563"
"2166771065","1585018677","0.554563"
"1585018677","263617780","0.832341"
"263617780","1585018677","0.832341"
"1585018677","1585992525","0.356151"
"1585992525","1585018677","0.356151"
"1585018677","1976062966","0.772817"
"1976062966","1585018677","0.772817"
"1585018677","1982397092","0.772817"
"1982397092","1585018677","0.772817"
"1585018677","1995103535","0.772817"
"1995103535","1585018677","0.772817"
"1585018677","2029550988","0.173611"
"2029550988","1585018677","0.173611"
"1585018677","2075190119","0.439484"
"2075190119","1585018677","0.439484"
"1585018677","2082576493","0.118056"
"2082576493","1585018677","0.118056"
"1585018677","2098939959","0.218056"
"2098939959","1585018677","0.218056"
"1585018677","2166611481","5.28472"
"2166611481","1585018677","5.28472"
"1585018677","2172041433","0.0625"
"2172041433","1585018677","0.0625"
"1585992525","1976062966","1.55601"
"1976062966","1585992525","1.55601"
"1585992525","1982397092","1.52114"
"1982397092","1585992525","1.52114"
"1585992525","1995103535","1.56697"
"1995103535","1585992525","1.56697"
"1585992525","2029550988","0.318651"
"2029550988","1585992525","0.318651"
"1585992525","2075190119","0.389701"
"2075190119","1585992525","0.389701"
"1585992525","2082576493","0.200595"
"2082576493","1585992525","0.200595"
"1585992525","2098939959","1.03472"
"2098939959","1585992525","1.03472"
"1585992525","2166611481","0.208965"
"2166611481","1585992525","0.208965"
"1585992525","2172041433","0.493427"
"2172041433","1585992525","0.493427"
"1608747793","1995103535","1.84673"
"1995103535","1608747793","1.84673"
"1608747793","2029550988","0.612302"
"2029550988","1608747793","0.612302"
"1608747793","2075190119","0.556367"
"2075190119","1608747793","0.556367"
"1608747793","2082576493","0.327579"
"2082576493","1608747793","0.327579"
"1608747793","2098939959","1.11806"
"2098939959","1608747793","1.11806"
"1608747793","2166611481","0.575631"
"2166611481","1608747793","0.575631"
"1608747793","2172041433","0.802951"
"2172041433","1608747793","0.802951"
"1976062966","1995103535","1.65115"
"1995103535","1976062966","1.65115"
"1976062966","2029550988","1.36363"
"2029550988","1976062966","1.36363"
"1976062966","2075190119","2.18137"
"2075190119","1976062966","2.18137"
"1976062966","2082576493","0.337836"
"2082576493","1976062966","0.337836"
"1976062966","2098939959","0.456151"
"2098939959","1976062966","0.456151"
"1976062966","2148380989","1.45601"
"2148380989","1976062966","1.45601"
"1976062966","2166611481","0.534722"
"2166611481","1976062966","0.534722"
"1976062966","2172041433","0.133929"
"2172041433","1976062966","0.133929"
"1982397092","1995103535","2.72164"
"1995103535","1982397092","2.72164"
"1982397092","2029550988","0.914225"
"2029550988","1982397092","0.914225"
"1982397092","2075190119","1.0147"
"2075190119","1982397092","1.0147"
"1982397092","2082576493","0.337836"
"2082576493","1982397092","0.337836"
"1982397092","2098939959","0.456151"
"2098939959","1982397092","0.456151"
"1982397092","2148380989","1.42114"
"2148380989","1982397092","1.42114"
"1982397092","2166611481","0.534722"
"2166611481","1982397092","0.534722"
"1982397092","2172041433","0.133929"
"2172041433","1982397092","0.133929"
"1995103535","2029550988","0.560058"
"2029550988","1995103535","0.560058"
"1995103535","2075190119","0.806367"
"2075190119","1995103535","0.806367"
"1995103535","2082576493","0.337836"
"2082576493","1995103535","0.337836"
"1995103535","2098939959","0.456151"
"2098939959","1995103535","0.456151"
"1995103535","2141976137","1.49673"
"2141976137","1995103535","1.49673"
"1995103535","2148380989","1.46697"
"2148380989","1995103535","1.46697"
"1995103535","2150846076","1.66896"
"2150846076","1995103535","1.66896"
"1995103535","2166611481","0.284722"
"2166611481","1995103535","0.284722"
"1995103535","2166771065","1.05402"
"2166771065","1995103535","1.05402"
"1995103535","2172041433","0.133929"
"2172041433","1995103535","0.133929"
"1995103535","263617780","1.84673"
"263617780","1995103535","1.84673"
"2029550988","2075190119","0.659722"
"2075190119","2029550988","0.659722"
"2029550988","2082576493","4.33307"
"2082576493","2029550988","4.33307"
"2029550988","2098939959","0.201389"
"2098939959","2029550988","0.201389"
"2029550988","2141976137","0.473413"
"2141976137","2029550988","0.473413"
"2029550988","2148380989","0.390079"
"2148380989","2029550988","0.390079"
"2029550988","2150846076","0.383135"
"2150846076","2029550988","0.383135"
"2029550988","2166611481","0.423611"
"2166611481","2029550988","0.423611"
"2029550988","2166771065","0.39504"
"2166771065","2029550988","0.39504"
"2029550988","2172041433","0.0625"
"2172041433","2029550988","0.0625"
"2029550988","263617780","0.612302"
"263617780","2029550988","0.612302"
"2075190119","2082576493","0.133929"
"2082576493","2075190119","0.133929"
"2075190119","2098939959","0.272817"
"2098939959","2075190119","0.272817"
"2075190119","2141976137","0.473034"
"2141976137","2075190119","0.473034"
"2075190119","2148380989","0.318272"
"2148380989","2075190119","0.318272"
"2075190119","2150846076","0.389701"
"2150846076","2075190119","0.389701"
"2075190119","2166611481","0.368056"
"2166611481","2075190119","0.368056"
"2075190119","2166771065","0.473034"
"2166771065","2075190119","0.473034"
"2075190119","2172041433","0.133929"
"2172041433","2075190119","0.133929"
"2075190119","263617780","0.556367"
"263617780","2075190119","0.556367"
"2082576493","2098939959","0.133929"
"2098939959","2082576493","0.133929"
"2082576493","2141976137","0.272024"
"2141976137","2082576493","0.272024"
"2082576493","2148380989","0.200595"
"2148380989","2082576493","0.200595"
"2082576493","2150846076","0.327579"
"2150846076","2082576493","0.327579"
"2082576493","2166611481","0.118056"
"2166611481","2082576493","0.118056"
"2082576493","2166771065","0.327579"
"2166771065","2082576493","0.327579"
"2082576493","2172041433","0.133929"
"2172041433","2082576493","0.133929"
"2082576493","263617780","0.327579"
"263617780","2082576493","0.327579"
"2098939959","2141976137","0.934722"
"2141976137","2098939959","0.934722"
"2098939959","2148380989","0.863294"
"2148380989","2098939959","0.863294"
"2098939959","2150846076","0.868056"
"2150846076","2098939959","0.868056"
"2098939959","2166611481","0.118056"
"2166611481","2098939959","0.118056"
"2098939959","2166771065","0.422817"
"2166771065","2098939959","0.422817"
"2098939959","2172041433","0.200595"
"2172041433","2098939959","0.200595"
"2098939959","263617780","0.975198"
"263617780","2098939959","0.975198"
"2141976137","2166611481","0.208965"
"2166611481","2141976137","0.208965"
"2141976137","2172041433","0.493427"
"2172041433","2141976137","0.493427"
"2148380989","2166611481","0.408965"
"2166611481","2148380989","0.408965"
"2148380989","2172041433","0.421999"
"2172041433","2148380989","0.421999"
"2150846076","2166611481","0.46452"
"2166611481","2150846076","0.46452"
"2150846076","2172041433","1.16009"
"2172041433","2150846076","1.16009"
"2166611481","2166771065","0.373611"
"2166771065","2166611481","0.373611"
"2166611481","2172041433","0.0625"
"2172041433","2166611481","0.0625"
"2166611481","263617780","0.575631"
"263617780","2166611481","0.575631"
"2166771065","2172041433","0.636285"
"2172041433","2166771065","0.636285"
"2172041433","263617780","0.802951"
"263617780","2172041433","0.802951"
"1585018677","1976094288","0.122222"
"1976094288","1585018677","0.122222"
"1585018677","1997458143","0.0555556"
"1997458143","1585018677","0.0555556"
"1585018677","2022749020","0.122222"
"2022749020","1585018677","0.122222"
"1585018677","2070868259","0.193651"
"2070868259","1585018677","0.193651"
"1585018677","2080206036","0.0555556"
"2080206036","1585018677","0.0555556"
"1585018677","2136317921","0.0555556"
"2136317921","1585018677","0.0555556"
"1585018677","2140251882","0.193651"
"2140251882","1585018677","0.193651"
"1585018677","2143394441","0.0555556"
"2143394441","1585018677","0.0555556"
"1608747793","1976094288","0.275631"
"1976094288","1608747793","0.275631"
"1608747793","1997458143","0.423339"
"1997458143","1608747793","0.423339"
"1608747793","2022749020","1.03618"
"2022749020","1608747793","1.03618"
"1608747793","2070868259","1.1717"
"2070868259","1608747793","1.1717"
"1608747793","2080206036","0.423339"
"2080206036","1608747793","0.423339"
"1608747793","2136317921","0.431419"
"2136317921","1608747793","0.431419"
"1608747793","2140251882","1.08304"
"2140251882","1608747793","1.08304"
"1608747793","2143394441","2.05739"
"2143394441","1608747793","2.05739"
"1976062966","1976094288","0.122222"
"1976094288","1976062966","0.122222"
"1976062966","1997458143","0.473388"
"1997458143","1976062966","0.473388"
"1976062966","2022749020","0.399362"
"2022749020","1976062966","0.399362"
"1976062966","2070868259","0.620058"
"2070868259","1976062966","0.620058"
"1976062966","2080206036","0.473388"
"2080206036","1976062966","0.473388"
"1976062966","2136317921","0.177933"
"2136317921","1976062966","0.177933"
"1976062966","2140251882","0.708886"
"2140251882","1976062966","0.708886"
"1976062966","2143394441","0.203907"
"2143394441","1976062966","0.203907"
"1976094288","1982397092","0.184722"
"1982397092","1976094288","0.184722"
"1976094288","1995103535","0.122222"
"1995103535","1976094288","0.122222"
"1976094288","1997458143","0.0555556"
"1997458143","1976094288","0.0555556"
"1976094288","2022749020","0.122222"
"2022749020","1976094288","0.122222"
"1976094288","2029550988","2.05258"
"2029550988","1976094288","2.05258"
"1976094288","2070868259","0.184722"
"2070868259","1976094288","0.184722"
"1976094288","2080206036","0.0555556"
"2080206036","1976094288","0.0555556"
"1976094288","2082576493","0.0555556"
"2082576493","1976094288","0.0555556"
"1976094288","2136317921","0.0555556"
"2136317921","1976094288","0.0555556"
"1976094288","2140251882","0.122222"
"2140251882","1976094288","0.122222"
"1976094288","2143394441","0.0555556"
"2143394441","1976094288","0.0555556"
"1976094288","2150846076","0.146465"
"2150846076","1976094288","0.146465"
"1976094288","2166611481","0.146465"
"2166611481","1976094288","0.146465"
"1976094288","2166771065","0.0555556"
"2166771065","1976094288","0.0555556"
"1976094288","263617780","0.275631"
"263617780","1976094288","0.275631"
"1982397092","1997458143","0.276019"
"1997458143","1982397092","0.276019"
"1982397092","2022749020","1.95477"
"2022749020","1982397092","1.95477"
"1982397092","2070868259","1.01495"
"2070868259","1982397092","1.01495"
"1982397092","2080206036","0.276019"
"2080206036","1982397092","0.276019"
"1982397092","2136317921","0.983343"
"2136317921","1982397092","0.983343"
"1982397092","2140251882","0.874612"
"2140251882","1982397092","0.874612"
"1982397092","2143394441","0.548205"
"2143394441","1982397092","0.548205"
"1995103535","1997458143","0.18511"
"1997458143","1995103535","0.18511"
"1995103535","2022749020","1.24366"
"2022749020","1995103535","1.24366"
"1995103535","2070868259","1.23023"
"2070868259","1995103535","1.23023"
"1995103535","2080206036","0.18511"
"2080206036","1995103535","0.18511"
"1995103535","2136317921","0.522231"
"2136317921","1995103535","0.522231"
"1995103535","2140251882","2.6183"
"2140251882","1995103535","2.6183"
"1995103535","2143394441","0.881539"
"2143394441","1995103535","0.881539"
"1997458143","2022749020","0.18511"
"2022749020","1997458143","0.18511"
"1997458143","2029550988","0.199145"
"2029550988","1997458143","0.199145"
"1997458143","2070868259","0.108187"
"2070868259","1997458143","0.108187"
"1997458143","2080206036","13.4169"
"2080206036","1997458143","13.4169"
"1997458143","2082576493","0.199145"
"2082576493","1997458143","0.199145"
"1997458143","2136317921","0.251777"
"2136317921","1997458143","0.251777"
"1997458143","2140251882","0.18511"
"2140251882","1997458143","0.18511"
"1997458143","2143394441","0.251777"
"2143394441","1997458143","0.251777"
"1997458143","2150846076","0.33243"
"2150846076","1997458143","0.33243"
"1997458143","2166611481","0.0555556"
"2166611481","1997458143","0.0555556"
"1997458143","2166771065","0.279798"
"2166771065","1997458143","0.279798"
"1997458143","263617780","0.423339"
"263617780","1997458143","0.423339"
"2022749020","2029550988","0.203907"
"2029550988","2022749020","0.203907"
"2022749020","2070868259","0.416737"
"2070868259","2022749020","0.416737"
"2022749020","2080206036","0.18511"
"2080206036","2022749020","0.18511"
"2022749020","2082576493","0.203907"
"2082576493","2022749020","0.203907"
"2022749020","2136317921","2.98334"
"2136317921","2022749020","2.98334"
"2022749020","2140251882","0.576993"
"2140251882","2022749020","0.576993"
"2022749020","2143394441","0.748205"
"2143394441","2022749020","0.748205"
"2022749020","2150846076","0.886181"
"2150846076","2022749020","0.886181"
"2022749020","2166611481","0.0555556"
"2166611481","2022749020","0.0555556"
"2022749020","2166771065","0.505772"
"2166771065","2022749020","0.505772"
"2022749020","263617780","1.03618"
"263617780","2022749020","1.03618"
"2029550988","2070868259","0.344246"
"2070868259","2029550988","0.344246"
"2029550988","2080206036","1.19915"
"2080206036","2029550988","1.19915"
"2029550988","2136317921","0.199145"
"2136317921","2029550988","0.199145"
"2029550988","2140251882","0.203907"
"2140251882","2029550988","0.203907"
"2029550988","2143394441","0.270574"
"2143394441","2029550988","0.270574"
"2070868259","2080206036","0.108187"
"2080206036","2070868259","0.108187"
"2070868259","2082576493","0.198413"
"2082576493","2070868259","0.198413"
"2070868259","2136317921","0.278642"
"2136317921","2070868259","0.278642"
"2070868259","2140251882","0.754039"
"2140251882","2070868259","0.754039"
"2070868259","2143394441","0.304616"
"2143394441","2070868259","0.304616"
"2070868259","2150846076","0.959197"
"2150846076","2070868259","0.959197"
"2070868259","2166611481","0.0555556"
"2166611481","2070868259","0.0555556"
"2070868259","2166771065","0.541486"
"2166771065","2070868259","0.541486"
"2070868259","263617780","1.1717"
"263617780","2070868259","1.1717"
"2080206036","2082576493","0.199145"
"2082576493","2080206036","0.199145"
"2080206036","2136317921","0.251777"
"2136317921","2080206036","0.251777"
"2080206036","2140251882","0.18511"
"2140251882","2080206036","0.18511"
"2080206036","2143394441","0.251777"
"2143394441","2080206036","0.251777"
"2080206036","2150846076","0.33243"
"2150846076","2080206036","0.33243"
"2080206036","2166611481","0.0555556"
"2166611481","2080206036","0.0555556"
"2080206036","2166771065","0.279798"
"2166771065","2080206036","0.279798"
"2080206036","263617780","0.423339"
"263617780","2080206036","0.423339"
"2082576493","2136317921","0.199145"
"2136317921","2082576493","0.199145"
"2082576493","2140251882","0.203907"
"2140251882","2082576493","0.203907"
"2082576493","2143394441","0.270574"
"2143394441","2082576493","0.270574"
"2136317921","2140251882","0.355565"
"2140251882","2136317921","0.355565"
"2136317921","2143394441","0.543444"
"2143394441","2136317921","0.543444"
"2136317921","2150846076","0.598086"
"2150846076","2136317921","0.598086"
"2136317921","2166611481","0.0555556"
"2166611481","2136317921","0.0555556"
"2136317921","2166771065","0.167677"
"2166771065","2136317921","0.167677"
"2136317921","263617780","0.431419"
"263617780","2136317921","0.431419"
"2140251882","2143394441","0.714872"
"2143394441","2140251882","0.714872"
"2140251882","2150846076","1.01638"
"2150846076","2140251882","1.01638"
"2140251882","2166611481","0.0555556"
"2166611481","2140251882","0.0555556"
"2140251882","2166771065","0.656205"
"2166771065","2140251882","0.656205"
"2140251882","263617780","1.08304"
"263617780","2140251882","1.08304"
"2143394441","2150846076","2.22406"
"2150846076","2143394441","2.22406"
"2143394441","2166611481","0.0555556"
"2166611481","2143394441","0.0555556"
"2143394441","2166771065","0.804762"
"2166771065","2143394441","0.804762"
"2143394441","263617780","2.05739"
"263617780","2143394441","2.05739"
"1585018677","2031674781","0.177778"
"2031674781","1585018677","0.177778"
"1585018677","2073021764","0.238095"
"2073021764","1585018677","0.238095"
"1585018677","2118154549","0.177778"
"2118154549","1585018677","0.177778"
"1608747793","2031674781","0.767206"
"2031674781","1608747793","0.767206"
"1608747793","2073021764","2.21854"
"2073021764","1608747793","2.21854"
"1608747793","2118154549","0.74579"
"2118154549","1608747793","0.74579"
"1976062966","2031674781","0.223232"
"2031674781","1976062966","0.223232"
"1976062966","2073021764","0.450216"
"2073021764","1976062966","0.450216"
"1976062966","2118154549","0.473232"
"2118154549","1976062966","0.473232"
"1982397092","2031674781","0.275864"
"2031674781","1982397092","0.275864"
"1982397092","2073021764","0.549423"
"2073021764","1982397092","0.549423"
"1982397092","2118154549","0.223232"
"2118154549","1982397092","0.223232"
"1995103535","2031674781","0.275864"
"2031674781","1995103535","0.275864"
"1995103535","2073021764","1.07089"
"2073021764","1995103535","1.07089"
"1995103535","2118154549","0.223232"
"2118154549","1995103535","0.223232"
"2031674781","2073021764","0.156566"
"2073021764","2031674781","0.156566"
"2031674781","2118154549","0.366089"
"2118154549","2031674781","0.366089"
"2031674781","2166611481","0.111111"
"2166611481","2031674781","0.111111"
"2031674781","263617780","0.767206"
"263617780","2031674781","0.767206"
"2073021764","2118154549","0.156566"
"2118154549","2073021764","0.156566"
"2073021764","2166611481","0.166667"
"2166611481","2073021764","0.166667"
"2073021764","263617780","2.46854"
"263617780","2073021764","2.46854"
"2118154549","2166611481","0.111111"
"2166611481","2118154549","0.111111"
"2118154549","263617780","0.74579"
"263617780","2118154549","0.74579"
"1585018677","1977632284","0.0666667"
"1977632284","1585018677","0.0666667"
"1585992525","1976094288","0.220076"
"1976094288","1585992525","0.220076"
"1585992525","1977632284","0.191667"
"1977632284","1585992525","0.191667"
"1585992525","2022749020","0.459197"
"2022749020","1585992525","0.459197"
"1585992525","2031674781","0.346571"
"2031674781","1585992525","0.346571"
"1585992525","2070868259","2.12805"
"2070868259","1585992525","2.12805"
"1585992525","2118154549","0.380711"
"2118154549","1585992525","0.380711"
"1585992525","2140251882","0.956059"
"2140251882","1585992525","0.956059"
"1608747793","1977632284","0.191667"
"1977632284","1608747793","0.191667"
"1976062966","1977632284","1.06667"
"1977632284","1976062966","1.06667"
"1976094288","1977632284","0.0666667"
"1977632284","1976094288","0.0666667"
"1976094288","2031674781","0.0666667"
"2031674781","1976094288","0.0666667"
"1976094288","2118154549","0.0666667"
"2118154549","1976094288","0.0666667"
"1976094288","2141976137","0.220076"
"2141976137","1976094288","0.220076"
"1976094288","2148380989","0.220076"
"2148380989","1976094288","0.220076"
"1977632284","1982397092","0.0666667"
"1982397092","1977632284","0.0666667"
"1977632284","1995103535","0.0666667"
"1995103535","1977632284","0.0666667"
"1977632284","2022749020","0.0666667"
"2022749020","1977632284","0.0666667"
"1977632284","2031674781","0.0666667"
"2031674781","1977632284","0.0666667"
"1977632284","2070868259","0.0666667"
"2070868259","1977632284","0.0666667"
"1977632284","2118154549","0.4"
"2118154549","1977632284","0.4"
"1977632284","2140251882","0.0666667"
"2140251882","1977632284","0.0666667"
"1977632284","2141976137","0.191667"
"2141976137","1977632284","0.191667"
"1977632284","2148380989","0.191667"
"2148380989","1977632284","0.191667"
"1977632284","263617780","0.191667"
"263617780","1977632284","0.191667"
"2022749020","2031674781","0.164753"
"2031674781","2022749020","0.164753"
"2022749020","2118154549","0.112121"
"2118154549","2022749020","0.112121"
"2022749020","2141976137","0.530626"
"2141976137","2022749020","0.530626"
"2022749020","2148380989","0.530626"
"2148380989","2022749020","0.530626"
"2031674781","2070868259","0.164753"
"2070868259","2031674781","0.164753"
"2031674781","2140251882","0.164753"
"2140251882","2031674781","0.164753"
"2031674781","2141976137","0.346571"
"2141976137","2031674781","0.346571"
"2031674781","2148380989","0.346571"
"2148380989","2031674781","0.346571"
"2070868259","2118154549","0.112121"
"2118154549","2070868259","0.112121"
"2070868259","2141976137","1.11614"
"2141976137","2070868259","1.11614"
"2118154549","2140251882","0.112121"
"2140251882","2118154549","0.112121"
"2118154549","2141976137","0.380711"
"2141976137","2118154549","0.380711"
"2118154549","2148380989","0.380711"
"2148380989","2118154549","0.380711"
"2140251882","2141976137","1.02749"
"2141976137","2140251882","1.02749"
"2140251882","2148380989","1.02749"
"2148380989","2140251882","1.02749"
"1585018677","2049626361","0.155556"
"2049626361","1585018677","0.155556"
"1585018677","2094283130","0.0555556"
"2094283130","1585018677","0.0555556"
"1585018677","2714779472","0.155556"
"2714779472","1585018677","0.155556"
"1585992525","2049626361","1.37464"
"2049626361","1585992525","1.37464"
"1585992525","2073021764","1.19076"
"2073021764","1585992525","1.19076"
"1585992525","2094283130","0.72601"
"2094283130","1585992525","0.72601"
"1585992525","2714779472","0.289484"
"2714779472","1585992525","0.289484"
"1608747793","2049626361","2.55083"
"2049626361","1608747793","2.55083"
"1608747793","2094283130","0.892677"
"2094283130","1608747793","0.892677"
"1608747793","2714779472","0.289484"
"2714779472","1608747793","0.289484"
"1976062966","2049626361","0.463095"
"2049626361","1976062966","0.463095"
"1976062966","2094283130","0.172439"
"2094283130","1976062966","0.172439"
"1976062966","2714779472","0.560317"
"2714779472","1976062966","0.560317"
"1982397092","2049626361","0.226984"
"2049626361","1982397092","0.226984"
"1982397092","2094283130","0.172439"
"2094283130","1982397092","0.172439"
"1982397092","2714779472","0.289484"
"2714779472","1982397092","0.289484"
"1995103535","2049626361","0.338095"
"2049626361","1995103535","0.338095"
"1995103535","2094283130","0.172439"
"2094283130","1995103535","0.172439"
"1995103535","2714779472","0.226984"
"2714779472","1995103535","0.226984"
"2029550988","2049626361","0.0555556"
"2049626361","2029550988","0.0555556"
"2029550988","2073021764","0.205556"
"2073021764","2029550988","0.205556"
"2029550988","2094283130","0.0555556"
"2094283130","2029550988","0.0555556"
"2029550988","2714779472","0.243056"
"2714779472","2029550988","0.243056"
"2049626361","2073021764","0.0555556"
"2073021764","2049626361","0.0555556"
"2049626361","2075190119","0.0555556"
"2075190119","2049626361","0.0555556"
"2049626361","2094283130","0.347222"
"2094283130","2049626361","0.347222"
"2049626361","2098939959","0.365079"
"2098939959","2049626361","0.365079"
"2049626361","2141976137","1.27464"
"2141976137","2049626361","1.27464"
"2049626361","2148380989","1.27464"
"2148380989","2049626361","1.27464"
"2049626361","2150846076","2.57464"
"2150846076","2049626361","2.57464"
"2049626361","2166611481","0.0555556"
"2166611481","2049626361","0.0555556"
"2049626361","2166771065","2.26432"
"2166771065","2049626361","2.26432"
"2049626361","263617780","2.40797"
"263617780","2049626361","2.40797"
"2049626361","2714779472","0.226984"
"2714779472","2049626361","0.226984"
"2073021764","2075190119","0.255772"
"2075190119","2073021764","0.255772"
"2073021764","2094283130","0.10101"
"2094283130","2073021764","0.10101"
"2073021764","2098939959","0.0555556"
"2098939959","2073021764","0.0555556"
"2073021764","2141976137","1.5241"
"2141976137","2073021764","1.5241"
"2073021764","2148380989","1.19076"
"2148380989","2073021764","1.19076"
"2073021764","2150846076","2.19076"
"2150846076","2073021764","2.19076"
"2073021764","2166771065","1.53799"
"2166771065","2073021764","1.53799"
"2073021764","2714779472","0.0555556"
"2714779472","2073021764","0.0555556"
"2075190119","2094283130","0.172439"
"2094283130","2075190119","0.172439"
"2075190119","2714779472","0.0555556"
"2714779472","2075190119","0.0555556"
"2094283130","2098939959","0.126984"
"2098939959","2094283130","0.126984"
"2094283130","2141976137","0.72601"
"2141976137","2094283130","0.72601"
"2094283130","2148380989","0.654582"
"2148380989","2094283130","0.654582"
"2094283130","2150846076","0.72601"
"2150846076","2094283130","0.72601"
"2094283130","2166611481","0.0555556"
"2166611481","2094283130","0.0555556"
"2094283130","2166771065","5.72601"
"2166771065","2094283130","5.72601"
"2094283130","263617780","0.892677"
"263617780","2094283130","0.892677"
"2094283130","2714779472","0.0555556"
"2714779472","2094283130","0.0555556"
"2098939959","2714779472","0.155556"
"2714779472","2098939959","0.155556"
"2141976137","2714779472","0.189484"
"2714779472","2141976137","0.189484"
"2148380989","2714779472","0.189484"
"2714779472","2148380989","0.189484"
"2150846076","2714779472","0.226984"
"2714779472","2150846076","0.226984"
"2166611481","2714779472","0.0555556"
"2714779472","2166611481","0.0555556"
"2166771065","2714779472","0.0555556"
"2714779472","2166771065","0.0555556"
"263617780","2714779472","0.289484"
"2714779472","263617780","0.289484"
"1585018677","2228018000","0.142857"
"2228018000","1585018677","0.142857"
"1608747793","2228018000","3.2619"
"2228018000","1608747793","3.2619"
"2141976137","2228018000","3.2619"
"2228018000","2141976137","3.2619"
"2148380989","2228018000","2.2619"
"2228018000","2148380989","2.2619"
"2150846076","2228018000","3.2619"
"2228018000","2150846076","3.2619"
"2166771065","2228018000","3.2619"
"2228018000","2166771065","3.2619"
"2228018000","263617780","3.2619"
"263617780","2228018000","3.2619"
"2070868259","2073021764","0.200216"
"2073021764","2070868259","0.200216"
"2070868259","2075190119","0.354978"
"2075190119","2070868259","0.354978"
"2073021764","2140251882","0.820887"
"2140251882","2073021764","0.820887"
"2075190119","2140251882","0.200216"
"2140251882","2075190119","0.200216"
"1585992525","2167686542","0.796138"
"2167686542","1585992525","0.796138"
"1585992525","2791723757","0.396104"
"2791723757","1585992525","0.396104"
"1608747793","2791723757","0.562771"
"2791723757","1608747793","0.562771"
"2141976137","2791723757","0.479437"
"2791723757","2141976137","0.479437"
"2150846076","2791723757","0.396104"
"2791723757","2150846076","0.396104"
"2166771065","2791723757","0.479437"
"2791723757","2166771065","0.479437"
"2167686542","2791723757","0.214286"
"2791723757","2167686542","0.214286"
"263617780","2791723757","0.562771"
"2791723757","263617780","0.562771"
"1585992525","2169896292","2.89802"
"2169896292","1585992525","2.89802"
"1608747793","2169896292","2.98135"
"2169896292","1608747793","2.98135"
"2141976137","2169896292","2.89802"
"2169896292","2141976137","2.89802"
"2148380989","2169896292","2.89802"
"2169896292","2148380989","2.89802"
"2166771065","2169896292","1.125"
"2169896292","2166771065","1.125"
"2169896292","263617780","2.47183"
"263617780","2169896292","2.47183"
"1585992525","2041396216","0.771825"
"2041396216","1585992525","0.771825"
"1608747793","2041396216","0.721825"
"2041396216","1608747793","0.721825"
"2041396216","2141976137","0.521825"
"2141976137","2041396216","0.521825"
"2041396216","2150846076","0.721825"
"2150846076","2041396216","0.721825"
"2041396216","2166771065","0.485714"
"2166771065","2041396216","0.485714"
"2041396216","263617780","0.721825"
"263617780","2041396216","0.721825"
"2150846076","2169896292","2.36468"
"2169896292","2150846076","2.36468"
"1585992525","1990444226","0.369852"
"1990444226","1585992525","0.369852"
"1585992525","2075364600","0.346571"
"2075364600","1585992525","0.346571"
"1608747793","1990444226","0.369852"
"1990444226","1608747793","0.369852"
"1608747793","2075364600","0.656095"
"2075364600","1608747793","0.656095"
"1990444226","2031674781","0.0909091"
"2031674781","1990444226","0.0909091"
"1990444226","2049626361","0.257576"
"2049626361","1990444226","0.257576"
"1990444226","2075364600","0.0909091"
"2075364600","1990444226","0.0909091"
"1990444226","2141976137","0.369852"
"2141976137","1990444226","0.369852"
"1990444226","2148380989","0.369852"
"2148380989","1990444226","0.369852"
"1990444226","2150846076","0.278943"
"2150846076","1990444226","0.278943"
"1990444226","2166771065","0.278943"
"2166771065","1990444226","0.278943"
"1990444226","2172041433","0.167832"
"2172041433","1990444226","0.167832"
"1990444226","263617780","0.369852"
"263617780","1990444226","0.369852"
"2031674781","2049626361","0.400433"
"2049626361","2031674781","0.400433"
"2031674781","2075364600","5.75609"
"2075364600","2031674781","5.75609"
"2031674781","2150846076","0.946571"
"2150846076","2031674781","0.946571"
"2031674781","2166771065","0.37013"
"2166771065","2031674781","0.37013"
"2031674781","2172041433","3.5671"
"2172041433","2031674781","3.5671"
"2049626361","2075364600","0.4671"
"2075364600","2049626361","0.4671"
"2049626361","2172041433","0.4671"
"2172041433","2049626361","0.4671"
"2075364600","2141976137","0.346571"
"2141976137","2075364600","0.346571"
"2075364600","2148380989","0.346571"
"2148380989","2075364600","0.346571"
"2075364600","2150846076","1.01324"
"2150846076","2075364600","1.01324"
"2075364600","2166771065","0.436797"
"2166771065","2075364600","0.436797"
"2075364600","2172041433","7.63377"
"2172041433","2075364600","7.63377"
"2075364600","263617780","0.656095"
"263617780","2075364600","0.656095"
"1977632284","2073021764","0.125"
"2073021764","1977632284","0.125"
"1977632284","2150846076","0.125"
"2150846076","1977632284","0.125"
"1977632284","2166771065","0.125"
"2166771065","1977632284","0.125"
"1585992525","2228018000","0.142857"
"2228018000","1585992525","0.142857"
"2049626361","2169896292","1.12897"
"2169896292","2049626361","1.12897"
"2098939959","2169896292","0.595238"
"2169896292","2098939959","0.595238"
"1995103535","2167686542","0.889295"
"2167686542","1995103535","0.889295"
