"1027052726","1511292443","0.171429"
"1511292443","1027052726","0.171429"
"1027052726","1550053887","0.171429"
"1550053887","1027052726","0.171429"
"1027052726","1575885106","0.171429"
"1575885106","1027052726","0.171429"
"1027052726","1988545508","0.0714286"
"1988545508","1027052726","0.0714286"
"1027052726","200275619","0.171429"
"200275619","1027052726","0.171429"
"1027052726","2077128897","0.0714286"
"2077128897","1027052726","0.0714286"
"1027052726","2130599936","0.0714286"
"2130599936","1027052726","0.0714286"
"1027052726","2142646318","0.171429"
"2142646318","1027052726","0.171429"
"1027052726","2151680116","0.171429"
"2151680116","1027052726","0.171429"
"1027052726","2160747363","0.171429"
"2160747363","1027052726","0.171429"
"1027052726","2405532049","0.0714286"
"2405532049","1027052726","0.0714286"
"1027052726","2462343204","0.0714286"
"2462343204","1027052726","0.0714286"
"1027052726","269919247","0.0714286"
"269919247","1027052726","0.0714286"
"1027052726","2951565607","0.0714286"
"2951565607","1027052726","0.0714286"
"1511292443","1550053887","1.49121"
"1550053887","1511292443","1.49121"
"1511292443","1575885106","0.414286"
"1575885106","1511292443","0.414286"
"1511292443","1988545508","1.34002"
"1988545508","1511292443","1.34002"
"1511292443","200275619","0.504762"
"200275619","1511292443","0.504762"
"1511292443","2077128897","0.415018"
"2077128897","1511292443","0.415018"
"1511292443","2130599936","0.271429"
"2130599936","1511292443","0.271429"
"1511292443","2142646318","0.640018"
"2142646318","1511292443","0.640018"
"1511292443","2151680116","0.557875"
"2151680116","1511292443","0.557875"
"1511292443","2160747363","0.296429"
"2160747363","1511292443","0.296429"
"1511292443","2405532049","0.0714286"
"2405532049","1511292443","0.0714286"
"1511292443","2462343204","0.0714286"
"2462343204","1511292443","0.0714286"
"1511292443","269919247","0.404762"
"269919247","1511292443","0.404762"
"1511292443","2951565607","0.263095"
"2951565607","1511292443","0.263095"
"1550053887","1575885106","2.14762"
"1575885106","1550053887","2.14762"
"1550053887","1988545508","3.61502"
"1988545508","1550053887","3.61502"
"1550053887","200275619","0.921429"
"200275619","1550053887","0.921429"
"1550053887","2077128897","2.83169"
"2077128897","1550053887","2.83169"
"1550053887","2130599936","0.0714286"
"2130599936","1550053887","0.0714286"
"1550053887","2142646318","0.515018"
"2142646318","1550053887","0.515018"
"1550053887","2151680116","1.79121"
"2151680116","1550053887","1.79121"
"1550053887","2160747363","1.17143"
"2160747363","1550053887","1.17143"
"1550053887","2405532049","1.07143"
"2405532049","1550053887","1.07143"
"1550053887","2462343204","0.0714286"
"2462343204","1550053887","0.0714286"
"1550053887","269919247","1.4881"
"269919247","1550053887","1.4881"
"1550053887","2951565607","0.588095"
"2951565607","1550053887","0.588095"
"1575885106","1988545508","1.00476"
"1988545508","1575885106","1.00476"
"1575885106","200275619","0.838095"
"200275619","1575885106","0.838095"
"1575885106","2077128897","1.07143"
"2077128897","1575885106","1.07143"
"1575885106","2130599936","0.571429"
"2130599936","1575885106","0.571429"
"1575885106","2142646318","0.171429"
"2142646318","1575885106","0.171429"
"1575885106","2151680116","0.914286"
"2151680116","1575885106","0.914286"
"1575885106","2160747363","0.171429"
"2160747363","1575885106","0.171429"
"1575885106","2405532049","0.238095"
"2405532049","1575885106","0.238095"
"1575885106","2462343204","0.0714286"
"2462343204","1575885106","0.0714286"
"1575885106","269919247","0.904762"
"269919247","1575885106","0.904762"
"1575885106","2951565607","0.571429"
"2951565607","1575885106","0.571429"
"1988545508","200275619","0.0714286"
"200275619","1988545508","0.0714286"
"1988545508","2077128897","1.24835"
"2077128897","1988545508","1.24835"
"1988545508","2130599936","0.271429"
"2130599936","1988545508","0.271429"
"1988545508","2142646318","7.32335"
"2142646318","1988545508","7.32335"
"1988545508","2151680116","1.14835"
"2151680116","1988545508","1.14835"
"1988545508","2160747363","0.196429"
"2160747363","1988545508","0.196429"
"1988545508","2405532049","0.571429"
"2405532049","1988545508","0.571429"
"1988545508","2462343204","1.07143"
"2462343204","1988545508","1.07143"
"1988545508","269919247","0.904762"
"269919247","1988545508","0.904762"
"1988545508","2951565607","3.9631"
"2951565607","1988545508","3.9631"
"200275619","2077128897","0.321429"
"2077128897","200275619","0.321429"
"200275619","2130599936","0.0714286"
"2130599936","200275619","0.0714286"
"200275619","2142646318","0.171429"
"2142646318","200275619","0.171429"
"200275619","2151680116","0.338095"
"2151680116","200275619","0.338095"
"200275619","2160747363","0.171429"
"2160747363","200275619","0.171429"
"200275619","2405532049","0.238095"
"2405532049","200275619","0.238095"
"200275619","2462343204","0.0714286"
"2462343204","200275619","0.0714286"
"200275619","269919247","0.654762"
"269919247","200275619","0.654762"
"200275619","2951565607","0.821429"
"2951565607","200275619","0.821429"
"2077128897","2130599936","0.0714286"
"2130599936","2077128897","0.0714286"
"2077128897","2142646318","0.415018"
"2142646318","2077128897","0.415018"
"2077128897","2151680116","1.04835"
"2151680116","2077128897","1.04835"
"2077128897","2160747363","0.0714286"
"2160747363","2077128897","0.0714286"
"2077128897","2405532049","1.07143"
"2405532049","2077128897","1.07143"
"2077128897","2462343204","0.0714286"
"2462343204","2077128897","0.0714286"
"2077128897","269919247","0.821429"
"269919247","2077128897","0.821429"
"2077128897","2951565607","0.388095"
"2951565607","2077128897","0.388095"
"2130599936","2142646318","0.0714286"
"2142646318","2130599936","0.0714286"
"2130599936","2151680116","0.0714286"
"2151680116","2130599936","0.0714286"
"2130599936","2160747363","0.0714286"
"2160747363","2130599936","0.0714286"
"2130599936","2405532049","0.0714286"
"2405532049","2130599936","0.0714286"
"2130599936","2462343204","0.0714286"
"2462343204","2130599936","0.0714286"
"2130599936","269919247","0.571429"
"269919247","2130599936","0.571429"
"2130599936","2951565607","0.0714286"
"2951565607","2130599936","0.0714286"
"2142646318","2151680116","0.315018"
"2151680116","2142646318","0.315018"
"2142646318","2160747363","1.29643"
"2160747363","2142646318","1.29643"
"2142646318","2405532049","0.0714286"
"2405532049","2142646318","0.0714286"
"2142646318","2462343204","0.0714286"
"2462343204","2142646318","0.0714286"
"2142646318","269919247","0.0714286"
"269919247","2142646318","0.0714286"
"2142646318","2951565607","1.59643"
"2951565607","2142646318","1.59643"
"2151680116","2160747363","0.171429"
"2160747363","2151680116","0.171429"
"2151680116","2405532049","0.238095"
"2405532049","2151680116","0.238095"
"2151680116","2462343204","0.0714286"
"2462343204","2151680116","0.0714286"
"2151680116","269919247","0.404762"
"269919247","2151680116","0.404762"
"2151680116","2951565607","0.138095"
"2951565607","2151680116","0.138095"
"2160747363","2405532049","0.0714286"
"2405532049","2160747363","0.0714286"
"2160747363","2462343204","0.0714286"
"2462343204","2160747363","0.0714286"
"2160747363","269919247","0.0714286"
"269919247","2160747363","0.0714286"
"2160747363","2951565607","0.196429"
"2951565607","2160747363","0.196429"
"2405532049","2462343204","0.0714286"
"2462343204","2405532049","0.0714286"
"2405532049","269919247","0.0714286"
"269919247","2405532049","0.0714286"
"2405532049","2951565607","0.271429"
"2951565607","2405532049","0.271429"
"2462343204","269919247","1.9381"
"269919247","2462343204","1.9381"
"2462343204","2951565607","5.85476"
"2951565607","2462343204","5.85476"
"269919247","2951565607","4.9381"
"2951565607","269919247","4.9381"
"1027052726","1906647448","0.1"
"1906647448","1027052726","0.1"
"1027052726","2090824188","0.1"
"2090824188","1027052726","0.1"
"1027052726","2431100065","0.1"
"2431100065","1027052726","0.1"
"1511292443","1906647448","0.4"
"1906647448","1511292443","0.4"
"1511292443","2090824188","0.1"
"2090824188","1511292443","0.1"
"1511292443","2431100065","0.1"
"2431100065","1511292443","0.1"
"1550053887","1906647448","0.1"
"1906647448","1550053887","0.1"
"1550053887","2090824188","0.1"
"2090824188","1550053887","0.1"
"1550053887","2431100065","0.1"
"2431100065","1550053887","0.1"
"1575885106","1906647448","0.2"
"1906647448","1575885106","0.2"
"1575885106","2090824188","0.1"
"2090824188","1575885106","0.1"
"1575885106","2431100065","0.1"
"2431100065","1575885106","0.1"
"1906647448","200275619","0.1"
"200275619","1906647448","0.1"
"1906647448","2090824188","0.55"
"2090824188","1906647448","0.55"
"1906647448","2142646318","0.433333"
"2142646318","1906647448","0.433333"
"1906647448","2151680116","0.2"
"2151680116","1906647448","0.2"
"1906647448","2160747363","0.1"
"2160747363","1906647448","0.1"
"1906647448","2431100065","0.8"
"2431100065","1906647448","0.8"
"200275619","2090824188","0.1"
"2090824188","200275619","0.1"
"200275619","2431100065","0.1"
"2431100065","200275619","0.1"
"2090824188","2142646318","0.1"
"2142646318","2090824188","0.1"
"2090824188","2151680116","0.1"
"2151680116","2090824188","0.1"
"2090824188","2160747363","0.1"
"2160747363","2090824188","0.1"
"2090824188","2431100065","1.25"
"2431100065","2090824188","1.25"
"2142646318","2431100065","0.1"
"2431100065","2142646318","0.1"
"2151680116","2431100065","0.1"
"2431100065","2151680116","0.1"
"2160747363","2431100065","0.1"
"2431100065","2160747363","0.1"
"109344023","1500420698","0.286447"
"1500420698","109344023","0.286447"
"109344023","1511292443","0.411447"
"1511292443","109344023","0.411447"
"109344023","1550053887","0.286447"
"1550053887","109344023","0.286447"
"109344023","1789926538","0.209524"
"1789926538","109344023","0.209524"
"109344023","1931256343","0.209524"
"1931256343","109344023","0.209524"
"109344023","1968648267","0.14359"
"1968648267","109344023","0.14359"
"109344023","1988545508","1.26859"
"1988545508","109344023","1.26859"
"109344023","2077128897","0.14359"
"2077128897","109344023","0.14359"
"109344023","2127020419","0.14359"
"2127020419","109344023","0.14359"
"109344023","2142646318","0.76859"
"2142646318","109344023","0.76859"
"109344023","2144593768","0.14359"
"2144593768","109344023","0.14359"
"109344023","2151680116","0.286447"
"2151680116","109344023","0.286447"
"109344023","2248827100","0.14359"
"2248827100","109344023","0.14359"
"109344023","22495568","0.191667"
"22495568","109344023","0.191667"
"109344023","2951565607","0.191667"
"2951565607","109344023","0.191667"
"1500420698","1511292443","0.286447"
"1511292443","1500420698","0.286447"
"1500420698","1550053887","0.486447"
"1550053887","1500420698","0.486447"
"1500420698","1789926538","0.209524"
"1789926538","1500420698","0.209524"
"1500420698","1931256343","0.209524"
"1931256343","1500420698","0.209524"
"1500420698","1968648267","0.14359"
"1968648267","1500420698","0.14359"
"1500420698","1988545508","1.17692"
"1988545508","1500420698","1.17692"
"1500420698","2077128897","0.14359"
"2077128897","1500420698","0.14359"
"1500420698","2127020419","0.14359"
"2127020419","1500420698","0.14359"
"1500420698","2142646318","0.14359"
"2142646318","1500420698","0.14359"
"1500420698","2144593768","0.14359"
"2144593768","1500420698","0.14359"
"1500420698","2151680116","0.286447"
"2151680116","1500420698","0.286447"
"1500420698","2248827100","2.67692"
"2248827100","1500420698","2.67692"
"1500420698","22495568","0.0666667"
"22495568","1500420698","0.0666667"
"1500420698","2951565607","1.1"
"2951565607","1500420698","1.1"
"1511292443","1789926538","0.209524"
"1789926538","1511292443","0.209524"
"1511292443","1931256343","0.209524"
"1931256343","1511292443","0.209524"
"1511292443","1968648267","0.14359"
"1968648267","1511292443","0.14359"
"1511292443","2127020419","0.24359"
"2127020419","1511292443","0.24359"
"1511292443","2144593768","0.24359"
"2144593768","1511292443","0.24359"
"1511292443","2248827100","0.44359"
"2248827100","1511292443","0.44359"
"1511292443","22495568","0.191667"
"22495568","1511292443","0.191667"
"1550053887","1789926538","0.209524"
"1789926538","1550053887","0.209524"
"1550053887","1931256343","0.209524"
"1931256343","1550053887","0.209524"
"1550053887","1968648267","0.476923"
"1968648267","1550053887","0.476923"
"1550053887","2127020419","0.14359"
"2127020419","1550053887","0.14359"
"1550053887","2144593768","0.14359"
"2144593768","1550053887","0.14359"
"1550053887","2248827100","0.876923"
"2248827100","1550053887","0.876923"
"1550053887","22495568","0.0666667"
"22495568","1550053887","0.0666667"
"1789926538","1931256343","0.209524"
"1931256343","1789926538","0.209524"
"1789926538","1968648267","0.0666667"
"1968648267","1789926538","0.0666667"
"1789926538","1988545508","0.0666667"
"1988545508","1789926538","0.0666667"
"1789926538","2077128897","0.0666667"
"2077128897","1789926538","0.0666667"
"1789926538","2127020419","0.0666667"
"2127020419","1789926538","0.0666667"
"1789926538","2142646318","0.0666667"
"2142646318","1789926538","0.0666667"
"1789926538","2144593768","0.0666667"
"2144593768","1789926538","0.0666667"
"1789926538","2151680116","0.209524"
"2151680116","1789926538","0.209524"
"1789926538","2248827100","0.233333"
"2248827100","1789926538","0.233333"
"1789926538","22495568","0.0666667"
"22495568","1789926538","0.0666667"
"1789926538","2951565607","0.0666667"
"2951565607","1789926538","0.0666667"
"1931256343","1968648267","0.0666667"
"1968648267","1931256343","0.0666667"
"1931256343","1988545508","5.35"
"1988545508","1931256343","5.35"
"1931256343","2077128897","0.0666667"
"2077128897","1931256343","0.0666667"
"1931256343","2127020419","0.6"
"2127020419","1931256343","0.6"
"1931256343","2142646318","1.01667"
"2142646318","1931256343","1.01667"
"1931256343","2144593768","0.0666667"
"2144593768","1931256343","0.0666667"
"1931256343","2151680116","0.542857"
"2151680116","1931256343","0.542857"
"1931256343","2248827100","0.0666667"
"2248827100","1931256343","0.0666667"
"1931256343","22495568","1.31667"
"22495568","1931256343","1.31667"
"1931256343","2951565607","0.0666667"
"2951565607","1931256343","0.0666667"
"1968648267","1988545508","0.476923"
"1988545508","1968648267","0.476923"
"1968648267","2077128897","0.14359"
"2077128897","1968648267","0.14359"
"1968648267","2127020419","0.14359"
"2127020419","1968648267","0.14359"
"1968648267","2142646318","0.14359"
"2142646318","1968648267","0.14359"
"1968648267","2144593768","0.476923"
"2144593768","1968648267","0.476923"
"1968648267","2151680116","0.14359"
"2151680116","1968648267","0.14359"
"1968648267","2248827100","0.14359"
"2248827100","1968648267","0.14359"
"1968648267","22495568","0.0666667"
"22495568","1968648267","0.0666667"
"1968648267","2951565607","1.06667"
"2951565607","1968648267","1.06667"
"1988545508","2127020419","1.77692"
"2127020419","1988545508","1.77692"
"1988545508","2144593768","0.24359"
"2144593768","1988545508","0.24359"
"1988545508","2248827100","2.14359"
"2248827100","1988545508","2.14359"
"1988545508","22495568","8.775"
"22495568","1988545508","8.775"
"2077128897","2127020419","0.14359"
"2127020419","2077128897","0.14359"
"2077128897","2144593768","0.14359"
"2144593768","2077128897","0.14359"
"2077128897","2248827100","0.676923"
"2248827100","2077128897","0.676923"
"2077128897","22495568","0.0666667"
"22495568","2077128897","0.0666667"
"2127020419","2142646318","0.34359"
"2142646318","2127020419","0.34359"
"2127020419","2144593768","0.24359"
"2144593768","2127020419","0.24359"
"2127020419","2151680116","0.576923"
"2151680116","2127020419","0.576923"
"2127020419","2248827100","0.24359"
"2248827100","2127020419","0.24359"
"2127020419","22495568","0.0666667"
"22495568","2127020419","0.0666667"
"2127020419","2951565607","0.0666667"
"2951565607","2127020419","0.0666667"
"2142646318","2144593768","0.14359"
"2144593768","2142646318","0.14359"
"2142646318","2248827100","0.34359"
"2248827100","2142646318","0.34359"
"2142646318","22495568","0.441667"
"22495568","2142646318","0.441667"
"2144593768","2151680116","0.24359"
"2151680116","2144593768","0.24359"
"2144593768","2248827100","0.24359"
"2248827100","2144593768","0.24359"
"2144593768","22495568","1.06667"
"22495568","2144593768","1.06667"
"2144593768","2951565607","0.0666667"
"2951565607","2144593768","0.0666667"
"2151680116","2248827100","0.24359"
"2248827100","2151680116","0.24359"
"2151680116","22495568","0.0666667"
"22495568","2151680116","0.0666667"
"2248827100","22495568","0.4"
"22495568","2248827100","0.4"
"2248827100","2951565607","1.1"
"2951565607","2248827100","1.1"
"22495568","2951565607","0.191667"
"2951565607","22495568","0.191667"
"109344023","1575885106","0.642857"
"1575885106","109344023","0.642857"
"1500420698","1575885106","0.142857"
"1575885106","1500420698","0.142857"
"1575885106","1789926538","0.142857"
"1789926538","1575885106","0.142857"
"1575885106","1931256343","0.142857"
"1931256343","1575885106","0.142857"
"109344023","1529006120","0.125"
"1529006120","109344023","0.125"
"109344023","2031194666","0.125"
"2031194666","109344023","0.125"
"109344023","2160747363","0.125"
"2160747363","109344023","0.125"
"1511292443","1529006120","0.425"
"1529006120","1511292443","0.425"
"1511292443","2031194666","0.425"
"2031194666","1511292443","0.425"
"1529006120","1988545508","1.70833"
"1988545508","1529006120","1.70833"
"1529006120","2031194666","0.925"
"2031194666","1529006120","0.925"
"1529006120","2142646318","0.575"
"2142646318","1529006120","0.575"
"1529006120","2160747363","0.125"
"2160747363","1529006120","0.125"
"1529006120","22495568","0.708333"
"22495568","1529006120","0.708333"
"1529006120","2951565607","0.125"
"2951565607","1529006120","0.125"
"1988545508","2031194666","0.925"
"2031194666","1988545508","0.925"
"2031194666","2142646318","0.125"
"2142646318","2031194666","0.125"
"2031194666","2160747363","0.125"
"2160747363","2031194666","0.125"
"2031194666","22495568","0.125"
"22495568","2031194666","0.125"
"2031194666","2951565607","0.125"
"2951565607","2031194666","0.125"
"2160747363","22495568","0.125"
"22495568","2160747363","0.125"
"109344023","2127735615","0.0769231"
"2127735615","109344023","0.0769231"
"109344023","2186423455","0.0769231"
"2186423455","109344023","0.0769231"
"1500420698","2127735615","0.0769231"
"2127735615","1500420698","0.0769231"
"1500420698","2186423455","0.0769231"
"2186423455","1500420698","0.0769231"
"1511292443","2127735615","0.0769231"
"2127735615","1511292443","0.0769231"
"1511292443","2186423455","0.0769231"
"2186423455","1511292443","0.0769231"
"1550053887","2127735615","1.41026"
"2127735615","1550053887","1.41026"
"1550053887","2186423455","0.576923"
"2186423455","1550053887","0.576923"
"1968648267","2127735615","0.410256"
"2127735615","1968648267","0.410256"
"1968648267","2186423455","0.0769231"
"2186423455","1968648267","0.0769231"
"1988545508","2127735615","0.910256"
"2127735615","1988545508","0.910256"
"1988545508","2186423455","0.576923"
"2186423455","1988545508","0.576923"
"2077128897","2127735615","0.0769231"
"2127735615","2077128897","0.0769231"
"2077128897","2186423455","0.576923"
"2186423455","2077128897","0.576923"
"2127020419","2127735615","0.0769231"
"2127735615","2127020419","0.0769231"
"2127020419","2186423455","0.0769231"
"2186423455","2127020419","0.0769231"
"2127735615","2142646318","0.0769231"
"2142646318","2127735615","0.0769231"
"2127735615","2144593768","0.0769231"
"2144593768","2127735615","0.0769231"
"2127735615","2151680116","0.576923"
"2151680116","2127735615","0.576923"
"2127735615","2186423455","0.576923"
"2186423455","2127735615","0.576923"
"2127735615","2248827100","0.0769231"
"2248827100","2127735615","0.0769231"
"2142646318","2186423455","0.0769231"
"2186423455","2142646318","0.0769231"
"2144593768","2186423455","0.0769231"
"2186423455","2144593768","0.0769231"
"2151680116","2186423455","0.24359"
"2186423455","2151680116","0.24359"
"2186423455","2248827100","0.0769231"
"2248827100","2186423455","0.0769231"
"1500420698","2145154883","0.2"
"2145154883","1500420698","0.2"
"1550053887","2145154883","0.2"
"2145154883","1550053887","0.2"
"1988545508","2145154883","0.5"
"2145154883","1988545508","0.5"
"2145154883","2248827100","0.3"
"2248827100","2145154883","0.3"
"2145154883","2951565607","0.2"
"2951565607","2145154883","0.2"
"1500615737","1581000938","8.73611"
"1581000938","1500615737","8.73611"
"1500615737","2104476081","0.791667"
"2104476081","1500615737","0.791667"
"1581000938","2104476081","0.791667"
"2104476081","1581000938","0.791667"
"1500615737","2133627877","2.61111"
"2133627877","1500615737","2.61111"
"1581000938","2133627877","2.61111"
"2133627877","1581000938","2.61111"
"1500615737","2134532199","4.73611"
"2134532199","1500615737","4.73611"
"1581000938","2134532199","3.23611"
"2134532199","1581000938","3.23611"
"1500615737","2140539965","0.5"
"2140539965","1500615737","0.5"
"1581000938","2140539965","0.5"
"2140539965","1581000938","0.5"
"1500615737","2148832586","0.902778"
"2148832586","1500615737","0.902778"
"1581000938","2148832586","0.902778"
"2148832586","1581000938","0.902778"
"1500615737","1884109169","0.736111"
"1884109169","1500615737","0.736111"
"1500615737","2133640934","0.402778"
"2133640934","1500615737","0.402778"
"1500615737","2144571231","0.111111"
"2144571231","1500615737","0.111111"
"1500615737","2166194842","0.736111"
"2166194842","1500615737","0.736111"
"1500615737","2168168936","0.236111"
"2168168936","1500615737","0.236111"
"1581000938","1884109169","0.236111"
"1884109169","1581000938","0.236111"
"1581000938","2133640934","0.402778"
"2133640934","1581000938","0.402778"
"1581000938","2144571231","0.111111"
"2144571231","1581000938","0.111111"
"1581000938","2166194842","0.736111"
"2166194842","1581000938","0.736111"
"1581000938","2168168936","0.236111"
"2168168936","1581000938","0.236111"
"1884109169","2133627877","0.361111"
"2133627877","1884109169","0.361111"
"1884109169","2133640934","1.06944"
"2133640934","1884109169","1.06944"
"1884109169","2134532199","2.48611"
"2134532199","1884109169","2.48611"
"1884109169","2144571231","0.361111"
"2144571231","1884109169","0.361111"
"1884109169","2148832586","0.236111"
"2148832586","1884109169","0.236111"
"1884109169","2166194842","0.986111"
"2166194842","1884109169","0.986111"
"1884109169","2168168936","0.819444"
"2168168936","1884109169","0.819444"
"2133627877","2133640934","0.361111"
"2133640934","2133627877","0.361111"
"2133627877","2134532199","0.111111"
"2134532199","2133627877","0.111111"
"2133627877","2144571231","0.361111"
"2144571231","2133627877","0.361111"
"2133627877","2148832586","6.11111"
"2148832586","2133627877","6.11111"
"2133627877","2166194842","0.111111"
"2166194842","2133627877","0.111111"
"2133627877","2168168936","0.361111"
"2168168936","2133627877","0.361111"
"2133640934","2134532199","0.652778"
"2134532199","2133640934","0.652778"
"2133640934","2144571231","0.361111"
"2144571231","2133640934","0.361111"
"2133640934","2148832586","0.402778"
"2148832586","2133640934","0.402778"
"2133640934","2166194842","0.652778"
"2166194842","2133640934","0.652778"
"2133640934","2168168936","0.819444"
"2168168936","2133640934","0.819444"
"2134532199","2144571231","0.111111"
"2144571231","2134532199","0.111111"
"2134532199","2148832586","0.652778"
"2148832586","2134532199","0.652778"
"2134532199","2166194842","2.48611"
"2166194842","2134532199","2.48611"
"2134532199","2168168936","0.236111"
"2168168936","2134532199","0.236111"
"2144571231","2148832586","0.111111"
"2148832586","2144571231","0.111111"
"2144571231","2166194842","0.111111"
"2166194842","2144571231","0.111111"
"2144571231","2168168936","0.361111"
"2168168936","2144571231","0.361111"
"2148832586","2166194842","0.402778"
"2166194842","2148832586","0.402778"
"2148832586","2168168936","0.236111"
"2168168936","2148832586","0.236111"
"2166194842","2168168936","0.236111"
"2168168936","2166194842","0.236111"
"2104476081","2133640934","1.875"
"2133640934","2104476081","1.875"
"2104476081","2134532199","1.79167"
"2134532199","2104476081","1.79167"
"2104476081","2148832586","1.54167"
"2148832586","2104476081","1.54167"
"2104476081","2166194842","0.541667"
"2166194842","2104476081","0.541667"
"1500615737","2157752164","0.5"
"2157752164","1500615737","0.5"
"1581000938","2157752164","0.5"
"2157752164","1581000938","0.5"
"1884109169","2104476081","1.70833"
"2104476081","1884109169","1.70833"
"2104476081","2168168936","0.458333"
"2168168936","2104476081","0.458333"
"1529006120","1906647448","0.3"
"1906647448","1529006120","0.3"
"1529006120","2130599936","0.2"
"2130599936","1529006120","0.2"
"1906647448","1988545508","0.966667"
"1988545508","1906647448","0.966667"
"1906647448","2031194666","0.3"
"2031194666","1906647448","0.3"
"1906647448","2130599936","0.2"
"2130599936","1906647448","0.2"
"2031194666","2130599936","0.2"
"2130599936","2031194666","0.2"
"1511292443","2145154883","0.1"
"2145154883","1511292443","0.1"
"1529006120","1575885106","0.1"
"1575885106","1529006120","0.1"
"1529006120","2127020419","0.3"
"2127020419","1529006120","0.3"
"1529006120","2144593768","0.1"
"2144593768","1529006120","0.1"
"1529006120","2145154883","0.3"
"2145154883","1529006120","0.3"
"1529006120","2151680116","0.1"
"2151680116","1529006120","0.1"
"1529006120","2248827100","0.433333"
"2248827100","1529006120","0.433333"
"1575885106","2031194666","0.1"
"2031194666","1575885106","0.1"
"1575885106","2127020419","0.1"
"2127020419","1575885106","0.1"
"1575885106","2144593768","0.1"
"2144593768","1575885106","0.1"
"1575885106","2145154883","0.1"
"2145154883","1575885106","0.1"
"1575885106","2248827100","0.1"
"2248827100","1575885106","0.1"
"1906647448","2127020419","0.1"
"2127020419","1906647448","0.1"
"1906647448","2144593768","0.1"
"2144593768","1906647448","0.1"
"1906647448","2145154883","0.1"
"2145154883","1906647448","0.1"
"1906647448","2248827100","0.1"
"2248827100","1906647448","0.1"
"2031194666","2127020419","0.1"
"2127020419","2031194666","0.1"
"2031194666","2144593768","0.1"
"2144593768","2031194666","0.1"
"2031194666","2145154883","0.1"
"2145154883","2031194666","0.1"
"2031194666","2151680116","0.1"
"2151680116","2031194666","0.1"
"2031194666","2248827100","0.1"
"2248827100","2031194666","0.1"
"2127020419","2145154883","0.3"
"2145154883","2127020419","0.3"
"2144593768","2145154883","0.1"
"2145154883","2144593768","0.1"
"2145154883","2151680116","0.1"
"2151680116","2145154883","0.1"
"1518726310","2013469079","0.492857"
"2013469079","1518726310","0.492857"
"1518726310","2110034127","2.07341"
"2110034127","1518726310","2.07341"
"1518726310","2118356300","0.267857"
"2118356300","1518726310","0.267857"
"1518726310","2145102654","1.0873"
"2145102654","1518726310","1.0873"
"1518726310","2163360598","0.142857"
"2163360598","1518726310","0.142857"
"1518726310","2164896748","2.57341"
"2164896748","1518726310","2.57341"
"1518726310","2173431721","0.267857"
"2173431721","1518726310","0.267857"
"2013469079","2110034127","0.842857"
"2110034127","2013469079","0.842857"
"2013469079","2118356300","0.142857"
"2118356300","2013469079","0.142857"
"2013469079","2145102654","0.842857"
"2145102654","2013469079","0.842857"
"2013469079","2163360598","0.392857"
"2163360598","2013469079","0.392857"
"2013469079","2164896748","0.842857"
"2164896748","2013469079","0.842857"
"2013469079","2173431721","0.142857"
"2173431721","2013469079","0.142857"
"2110034127","2118356300","0.378968"
"2118356300","2110034127","0.378968"
"2110034127","2145102654","2.14841"
"2145102654","2110034127","2.14841"
"2110034127","2163360598","0.392857"
"2163360598","2110034127","0.392857"
"2110034127","2164896748","3.13452"
"2164896748","2110034127","3.13452"
"2110034127","2173431721","0.378968"
"2173431721","2110034127","0.378968"
"2118356300","2145102654","0.962302"
"2145102654","2118356300","0.962302"
"2118356300","2163360598","0.142857"
"2163360598","2118356300","0.142857"
"2118356300","2164896748","0.628968"
"2164896748","2118356300","0.628968"
"2118356300","2173431721","7.7123"
"2173431721","2118356300","7.7123"
"2145102654","2163360598","0.392857"
"2163360598","2145102654","0.392857"
"2145102654","2164896748","2.56508"
"2164896748","2145102654","2.56508"
"2145102654","2173431721","0.628968"
"2173431721","2145102654","0.628968"
"2163360598","2164896748","0.517857"
"2164896748","2163360598","0.517857"
"2163360598","2173431721","0.142857"
"2173431721","2163360598","0.142857"
"2164896748","2173431721","0.628968"
"2173431721","2164896748","0.628968"
"1518726310","2059756710","1.11111"
"2059756710","1518726310","1.11111"
"2059756710","2164896748","1.11111"
"2164896748","2059756710","1.11111"
"1518726310","2134007343","1.51389"
"2134007343","1518726310","1.51389"
"2110034127","2134007343","3.45833"
"2134007343","2110034127","3.45833"
"2134007343","2145102654","3.55556"
"2145102654","2134007343","3.55556"
"2134007343","2164896748","7.16667"
"2164896748","2134007343","7.16667"
"1518726310","1779918463","0.377778"
"1779918463","1518726310","0.377778"
"1518726310","1982047300","1.75278"
"1982047300","1518726310","1.75278"
"1518726310","2026263225","0.697222"
"2026263225","1518726310","0.697222"
"1518726310","2037770158","0.1"
"2037770158","1518726310","0.1"
"1518726310","2102239864","0.461111"
"2102239864","1518726310","0.461111"
"1518726310","2116595366","0.738889"
"2116595366","1518726310","0.738889"
"1518726310","2248827100","0.502778"
"2248827100","1518726310","0.502778"
"1518726310","2266701481","0.502778"
"2266701481","1518726310","0.502778"
"1518726310","2340468006","0.211111"
"2340468006","1518726310","0.211111"
"1779918463","1982047300","0.933333"
"1982047300","1779918463","0.933333"
"1779918463","2013469079","0.1"
"2013469079","1779918463","0.1"
"1779918463","2026263225","0.211111"
"2026263225","1779918463","0.211111"
"1779918463","2037770158","0.1"
"2037770158","1779918463","0.1"
"1779918463","2102239864","0.6"
"2102239864","1779918463","0.6"
"1779918463","2116595366","0.377778"
"2116595366","1779918463","0.377778"
"1779918463","2248827100","1.04444"
"2248827100","1779918463","1.04444"
"1779918463","2266701481","1.04444"
"2266701481","1779918463","1.04444"
"1779918463","2340468006","0.211111"
"2340468006","1779918463","0.211111"
"1982047300","2013469079","0.1"
"2013469079","1982047300","0.1"
"1982047300","2026263225","0.502778"
"2026263225","1982047300","0.502778"
"1982047300","2037770158","0.266667"
"2037770158","1982047300","0.266667"
"1982047300","2102239864","2.00278"
"2102239864","1982047300","2.00278"
"1982047300","2116595366","0.669444"
"2116595366","1982047300","0.669444"
"1982047300","2248827100","0.433333"
"2248827100","1982047300","0.433333"
"1982047300","2266701481","0.433333"
"2266701481","1982047300","0.433333"
"1982047300","2340468006","0.1"
"2340468006","1982047300","0.1"
"2013469079","2026263225","0.1"
"2026263225","2013469079","0.1"
"2013469079","2037770158","0.3"
"2037770158","2013469079","0.3"
"2013469079","2102239864","0.1"
"2102239864","2013469079","0.1"
"2013469079","2116595366","0.1"
"2116595366","2013469079","0.1"
"2013469079","2248827100","0.1"
"2248827100","2013469079","0.1"
"2013469079","2266701481","0.1"
"2266701481","2013469079","0.1"
"2013469079","2340468006","1.3"
"2340468006","2013469079","1.3"
"2026263225","2037770158","0.377778"
"2037770158","2026263225","0.377778"
"2026263225","2102239864","0.627778"
"2102239864","2026263225","0.627778"
"2026263225","2116595366","4.68333"
"2116595366","2026263225","4.68333"
"2026263225","2248827100","0.336111"
"2248827100","2026263225","0.336111"
"2026263225","2266701481","0.336111"
"2266701481","2026263225","0.336111"
"2026263225","2340468006","0.211111"
"2340468006","2026263225","0.211111"
"2037770158","2102239864","0.433333"
"2102239864","2037770158","0.433333"
"2037770158","2116595366","0.377778"
"2116595366","2037770158","0.377778"
"2037770158","2248827100","0.1"
"2248827100","2037770158","0.1"
"2037770158","2266701481","0.1"
"2266701481","2037770158","0.1"
"2037770158","2340468006","0.3"
"2340468006","2037770158","0.3"
"2102239864","2116595366","0.502778"
"2116595366","2102239864","0.502778"
"2102239864","2248827100","0.225"
"2248827100","2102239864","0.225"
"2102239864","2266701481","0.225"
"2266701481","2102239864","0.225"
"2102239864","2340468006","0.1"
"2340468006","2102239864","0.1"
"2116595366","2248827100","0.377778"
"2248827100","2116595366","0.377778"
"2116595366","2266701481","0.377778"
"2266701481","2116595366","0.377778"
"2116595366","2340468006","0.211111"
"2340468006","2116595366","0.211111"
"2248827100","2266701481","1.16944"
"2266701481","2248827100","1.16944"
"2248827100","2340468006","0.211111"
"2340468006","2248827100","0.211111"
"2266701481","2340468006","0.211111"
"2340468006","2266701481","0.211111"
"1982047300","2110034127","0.819444"
"2110034127","1982047300","0.819444"
"1982047300","2134007343","0.486111"
"2134007343","1982047300","0.486111"
"1982047300","2145102654","1.23611"
"2145102654","1982047300","1.23611"
"1982047300","2164896748","0.652778"
"2164896748","1982047300","0.652778"
"2026263225","2110034127","0.708333"
"2110034127","2026263225","0.708333"
"2026263225","2134007343","2.54167"
"2134007343","2026263225","2.54167"
"2026263225","2145102654","0.472222"
"2145102654","2026263225","0.472222"
"2026263225","2164896748","1.04167"
"2164896748","2026263225","1.04167"
"2102239864","2110034127","1.19444"
"2110034127","2102239864","1.19444"
"2102239864","2134007343","1.31944"
"2134007343","2102239864","1.31944"
"2102239864","2145102654","0.236111"
"2145102654","2102239864","0.236111"
"2102239864","2164896748","0.819444"
"2164896748","2102239864","0.819444"
"2110034127","2116595366","0.75"
"2116595366","2110034127","0.75"
"2116595366","2134007343","2.25"
"2134007343","2116595366","2.25"
"2116595366","2145102654","0.472222"
"2145102654","2116595366","0.472222"
"2116595366","2164896748","3.25"
"2164896748","2116595366","3.25"
"1518726310","2024490588","0.125"
"2024490588","1518726310","0.125"
"2024490588","2026263225","0.125"
"2026263225","2024490588","0.125"
"2024490588","2102239864","0.125"
"2102239864","2024490588","0.125"
"2024490588","2110034127","0.125"
"2110034127","2024490588","0.125"
"2024490588","2134007343","0.125"
"2134007343","2024490588","0.125"
"2024490588","2164896748","0.125"
"2164896748","2024490588","0.125"
"2024490588","2248827100","0.125"
"2248827100","2024490588","0.125"
"2024490588","2266701481","0.125"
"2266701481","2024490588","0.125"
"2110034127","2248827100","0.569444"
"2248827100","2110034127","0.569444"
"2110034127","2266701481","0.569444"
"2266701481","2110034127","0.569444"
"2134007343","2248827100","0.236111"
"2248827100","2134007343","0.236111"
"2134007343","2266701481","0.236111"
"2266701481","2134007343","0.236111"
"2164896748","2248827100","0.402778"
"2248827100","2164896748","0.402778"
"2164896748","2266701481","0.402778"
"2266701481","2164896748","0.402778"
"1779918463","2110034127","0.444444"
"2110034127","1779918463","0.444444"
"1779918463","2134007343","0.111111"
"2134007343","1779918463","0.111111"
"1779918463","2164896748","0.277778"
"2164896748","1779918463","0.277778"
"2110034127","2340468006","0.311111"
"2340468006","2110034127","0.311111"
"2134007343","2340468006","0.111111"
"2340468006","2134007343","0.111111"
"2164896748","2340468006","0.311111"
"2340468006","2164896748","0.311111"
"2026263225","2118356300","0.236111"
"2118356300","2026263225","0.236111"
"2026263225","2173431721","0.236111"
"2173431721","2026263225","0.236111"
"2116595366","2118356300","0.236111"
"2118356300","2116595366","0.236111"
"2116595366","2173431721","0.236111"
"2173431721","2116595366","0.236111"
"2118356300","2134007343","0.486111"
"2134007343","2118356300","0.486111"
"2134007343","2173431721","0.486111"
"2173431721","2134007343","0.486111"
"1982047300","2059756710","0.277778"
"2059756710","1982047300","0.277778"
"2026263225","2059756710","0.277778"
"2059756710","2026263225","0.277778"
"2059756710","2102239864","0.277778"
"2102239864","2059756710","0.277778"
"2059756710","2110034127","0.111111"
"2110034127","2059756710","0.111111"
"2059756710","2116595366","0.277778"
"2116595366","2059756710","0.277778"
"2059756710","2134007343","0.111111"
"2134007343","2059756710","0.111111"
"2059756710","2145102654","0.111111"
"2145102654","2059756710","0.111111"
"1529006120","1931256343","0.45"
"1931256343","1529006120","0.45"
"1931256343","2145154883","0.2"
"2145154883","1931256343","0.2"
"2142646318","2145154883","0.2"
"2145154883","2142646318","0.2"
"1550053887","2068069008","0.833333"
"2068069008","1550053887","0.833333"
"1575885106","2068069008","0.166667"
"2068069008","1575885106","0.166667"
"1575885106","2186423455","0.166667"
"2186423455","1575885106","0.166667"
"200275619","2068069008","0.166667"
"2068069008","200275619","0.166667"
"200275619","2186423455","0.166667"
"2186423455","200275619","0.166667"
"2068069008","2151680116","0.5"
"2151680116","2068069008","0.5"
"2068069008","2186423455","2.83333"
"2186423455","2068069008","2.83333"
"2068069008","2405532049","2.03333"
"2405532049","2068069008","2.03333"
"2186423455","2405532049","1"
"2405532049","2186423455","1"
"2068069008","2077128897","1.33333"
"2077128897","2068069008","1.33333"
"1550053887","2415539709","0.833333"
"2415539709","1550053887","0.833333"
"2127735615","2415539709","0.5"
"2415539709","2127735615","0.5"
"1575885106","2415539709","0.333333"
"2415539709","1575885106","0.333333"
"1988545508","2415539709","1.33333"
"2415539709","1988545508","1.33333"
"1573378519","2030805174","10.1667"
"2030805174","1573378519","10.1667"
"1573378519","2037770158","0.666667"
"2037770158","1573378519","0.666667"
"1573378519","2157752164","2.16667"
"2157752164","1573378519","2.16667"
"2030805174","2037770158","0.666667"
"2037770158","2030805174","0.666667"
"2030805174","2157752164","1.16667"
"2157752164","2030805174","1.16667"
"2037770158","2157752164","0.666667"
"2157752164","2037770158","0.666667"
"1573378519","2142646318","1"
"2142646318","1573378519","1"
"1645178665","2126849458","21.9583"
"2126849458","1645178665","21.9583"
"1645178665","2148832586","1"
"2148832586","1645178665","1"
"2126849458","2148832586","1"
"2148832586","2126849458","1"
"1645178665","2133627877","0.5"
"2133627877","1645178665","0.5"
"2126849458","2133627877","0.5"
"2133627877","2126849458","0.5"
"1645178665","1789926538","0.125"
"1789926538","1645178665","0.125"
"1645178665","2084176459","0.125"
"2084176459","1645178665","0.125"
"1645178665","2102239864","0.125"
"2102239864","1645178665","0.125"
"1645178665","2127735615","0.125"
"2127735615","1645178665","0.125"
"1645178665","2134007343","0.125"
"2134007343","1645178665","0.125"
"1645178665","2163360598","0.125"
"2163360598","1645178665","0.125"
"1645178665","2164896748","0.125"
"2164896748","1645178665","0.125"
"1789926538","2084176459","0.125"
"2084176459","1789926538","0.125"
"1789926538","2102239864","0.125"
"2102239864","1789926538","0.125"
"1789926538","2126849458","0.125"
"2126849458","1789926538","0.125"
"1789926538","2127735615","0.125"
"2127735615","1789926538","0.125"
"1789926538","2134007343","1.125"
"2134007343","1789926538","1.125"
"1789926538","2163360598","0.125"
"2163360598","1789926538","0.125"
"1789926538","2164896748","0.291667"
"2164896748","1789926538","0.291667"
"2084176459","2102239864","0.125"
"2102239864","2084176459","0.125"
"2084176459","2126849458","0.125"
"2126849458","2084176459","0.125"
"2084176459","2127735615","0.125"
"2127735615","2084176459","0.125"
"2084176459","2134007343","0.125"
"2134007343","2084176459","0.125"
"2084176459","2163360598","0.125"
"2163360598","2084176459","0.125"
"2084176459","2164896748","0.125"
"2164896748","2084176459","0.125"
"2102239864","2126849458","0.125"
"2126849458","2102239864","0.125"
"2102239864","2127735615","0.125"
"2127735615","2102239864","0.125"
"2102239864","2163360598","0.125"
"2163360598","2102239864","0.125"
"2126849458","2127735615","0.125"
"2127735615","2126849458","0.125"
"2126849458","2134007343","0.125"
"2134007343","2126849458","0.125"
"2126849458","2163360598","0.125"
"2163360598","2126849458","0.125"
"2126849458","2164896748","0.125"
