"102383941","2092833514","0.333333"
"2092833514","102383941","0.333333"
"102383941","2171262729","1.25758"
"2171262729","102383941","1.25758"
"102383941","2592994894","6.42424"
"2592994894","102383941","6.42424"
"2092833514","2171262729","0.333333"
"2171262729","2092833514","0.333333"
"2092833514","2592994894","0.333333"
"2592994894","2092833514","0.333333"
"2171262729","2592994894","4.84848"
"2592994894","2171262729","4.84848"
"102383941","1513728926","0.0909091"
"1513728926","102383941","0.0909091"
"102383941","205525098","0.290909"
"205525098","102383941","0.290909"
"102383941","2069897123","0.257576"
"2069897123","102383941","0.257576"
"102383941","2093189534","0.149733"
"2093189534","102383941","0.149733"
"102383941","2101610060","0.0909091"
"2101610060","102383941","0.0909091"
"102383941","2142151675","0.0909091"
"2142151675","102383941","0.0909091"
"102383941","2156138852","0.316399"
"2156138852","102383941","0.316399"
"102383941","2438792749","0.149733"
"2438792749","102383941","0.149733"
"102383941","343945789","0.0909091"
"343945789","102383941","0.0909091"
"1513728926","205525098","0.0909091"
"205525098","1513728926","0.0909091"
"1513728926","2069897123","0.0909091"
"2069897123","1513728926","0.0909091"
"1513728926","2093189534","0.0909091"
"2093189534","1513728926","0.0909091"
"1513728926","2101610060","0.0909091"
"2101610060","1513728926","0.0909091"
"1513728926","2142151675","0.0909091"
"2142151675","1513728926","0.0909091"
"1513728926","2156138852","0.0909091"
"2156138852","1513728926","0.0909091"
"1513728926","2171262729","0.0909091"
"2171262729","1513728926","0.0909091"
"1513728926","2438792749","0.0909091"
"2438792749","1513728926","0.0909091"
"1513728926","2592994894","0.0909091"
"2592994894","1513728926","0.0909091"
"1513728926","343945789","0.0909091"
"343945789","1513728926","0.0909091"
"205525098","2069897123","0.0909091"
"2069897123","205525098","0.0909091"
"205525098","2093189534","0.0909091"
"2093189534","205525098","0.0909091"
"205525098","2101610060","0.0909091"
"2101610060","205525098","0.0909091"
"205525098","2142151675","0.506818"
"2142151675","205525098","0.506818"
"205525098","2156138852","0.415909"
"2156138852","205525098","0.415909"
"205525098","2171262729","0.0909091"
"2171262729","205525098","0.0909091"
"205525098","2438792749","0.0909091"
"2438792749","205525098","0.0909091"
"205525098","2592994894","0.0909091"
"2592994894","205525098","0.0909091"
"205525098","343945789","0.506818"
"343945789","205525098","0.506818"
"2069897123","2093189534","0.0909091"
"2093189534","2069897123","0.0909091"
"2069897123","2101610060","0.290909"
"2101610060","2069897123","0.290909"
"2069897123","2142151675","1.88398"
"2142151675","2069897123","1.88398"
"2069897123","2156138852","0.257576"
"2156138852","2069897123","0.257576"
"2069897123","2171262729","0.336364"
"2171262729","2069897123","0.336364"
"2069897123","2438792749","0.0909091"
"2438792749","2069897123","0.0909091"
"2069897123","2592994894","0.257576"
"2592994894","2069897123","0.257576"
"2069897123","343945789","1.49351"
"343945789","2069897123","1.49351"
"2093189534","2101610060","0.0909091"
"2101610060","2093189534","0.0909091"
"2093189534","2142151675","0.0909091"
"2142151675","2093189534","0.0909091"
"2093189534","2156138852","0.149733"
"2156138852","2093189534","0.149733"
"2093189534","2171262729","0.0909091"
"2171262729","2093189534","0.0909091"
"2093189534","2438792749","0.149733"
"2438792749","2093189534","0.149733"
"2093189534","2592994894","0.0909091"
"2592994894","2093189534","0.0909091"
"2093189534","343945789","0.0909091"
"343945789","2093189534","0.0909091"
"2101610060","2142151675","0.0909091"
"2142151675","2101610060","0.0909091"
"2101610060","2156138852","0.590909"
"2156138852","2101610060","0.590909"
"2101610060","2171262729","0.590909"
"2171262729","2101610060","0.590909"
"2101610060","2438792749","0.0909091"
"2438792749","2101610060","0.0909091"
"2101610060","2592994894","0.0909091"
"2592994894","2101610060","0.0909091"
"2101610060","343945789","0.0909091"
"343945789","2101610060","0.0909091"
"2142151675","2156138852","0.415909"
"2156138852","2142151675","0.415909"
"2142151675","2171262729","0.792352"
"2171262729","2142151675","0.792352"
"2142151675","2438792749","0.290909"
"2438792749","2142151675","0.290909"
"2142151675","2592994894","0.181818"
"2592994894","2142151675","0.181818"
"2142151675","343945789","1.71461"
"343945789","2142151675","1.71461"
"2156138852","2171262729","1.59091"
"2171262729","2156138852","1.59091"
"2156138852","2438792749","0.149733"
"2438792749","2156138852","0.149733"
"2156138852","2592994894","0.257576"
"2592994894","2156138852","0.257576"
"2156138852","343945789","0.915909"
"343945789","2156138852","0.915909"
"2171262729","2438792749","0.0909091"
"2438792749","2171262729","0.0909091"
"2171262729","343945789","0.136364"
"343945789","2171262729","0.136364"
"2438792749","2592994894","0.0909091"
"2592994894","2438792749","0.0909091"
"2438792749","343945789","0.0909091"
"343945789","2438792749","0.0909091"
"2592994894","343945789","0.0909091"
"343945789","2592994894","0.0909091"
"102383941","1970591376","0.333333"
"1970591376","102383941","0.333333"
"1970591376","2171262729","0.923665"
"2171262729","1970591376","0.923665"
"1970591376","2592994894","0.424242"
"2592994894","1970591376","0.424242"
"102383941","1617966546","0.22549"
"1617966546","102383941","0.22549"
"102383941","1969621019","0.0588235"
"1969621019","102383941","0.0588235"
"102383941","1997679129","0.0588235"
"1997679129","102383941","0.0588235"
"102383941","2010679348","0.0588235"
"2010679348","102383941","0.0588235"
"102383941","2057822303","0.0588235"
"2057822303","102383941","0.0588235"
"102383941","2092364718","0.0588235"
"2092364718","102383941","0.0588235"
"102383941","2123575619","0.0588235"
"2123575619","102383941","0.0588235"
"102383941","2135767707","0.0588235"
"2135767707","102383941","0.0588235"
"102383941","2140116426","0.258824"
"2140116426","102383941","0.258824"
"102383941","2140602286","0.592157"
"2140602286","102383941","0.592157"
"102383941","2151803977","0.0588235"
"2151803977","102383941","0.0588235"
"102383941","2166983036","0.758824"
"2166983036","102383941","0.758824"
"102383941","2402694377","0.0588235"
"2402694377","102383941","0.0588235"
"102383941","2579510729","0.0588235"
"2579510729","102383941","0.0588235"
"1617966546","1969621019","0.183824"
"1969621019","1617966546","0.183824"
"1617966546","1997679129","0.0588235"
"1997679129","1617966546","0.0588235"
"1617966546","2010679348","0.22549"
"2010679348","1617966546","0.22549"
"1617966546","2057822303","0.183824"
"2057822303","1617966546","0.183824"
"1617966546","2092364718","0.183824"
"2092364718","1617966546","0.183824"
"1617966546","2093189534","0.0588235"
"2093189534","1617966546","0.0588235"
"1617966546","2123575619","0.35049"
"2123575619","1617966546","0.35049"
"1617966546","2135767707","0.35049"
"2135767707","1617966546","0.35049"
"1617966546","2140116426","0.183824"
"2140116426","1617966546","0.183824"
"1617966546","2140602286","0.0588235"
"2140602286","1617966546","0.0588235"
"1617966546","2151803977","0.0588235"
"2151803977","1617966546","0.0588235"
"1617966546","2156138852","0.392157"
"2156138852","1617966546","0.392157"
"1617966546","2166983036","2.45092"
"2166983036","1617966546","2.45092"
"1617966546","2402694377","0.0588235"
"2402694377","1617966546","0.0588235"
"1617966546","2438792749","0.0588235"
"2438792749","1617966546","0.0588235"
"1617966546","2579510729","0.22549"
"2579510729","1617966546","0.22549"
"1969621019","1997679129","0.558824"
"1997679129","1969621019","0.558824"
"1969621019","2010679348","0.392157"
"2010679348","1969621019","0.392157"
"1969621019","2057822303","1.51716"
"2057822303","1969621019","1.51716"
"1969621019","2092364718","3.51716"
"2092364718","1969621019","3.51716"
"1969621019","2093189534","0.0588235"
"2093189534","1969621019","0.0588235"
"1969621019","2123575619","0.85049"
"2123575619","1969621019","0.85049"
"1969621019","2135767707","1.10049"
"2135767707","1969621019","1.10049"
"1969621019","2140116426","0.562611"
"2140116426","1969621019","0.562611"
"1969621019","2140602286","0.0588235"
"2140602286","1969621019","0.0588235"
"1969621019","2151803977","0.642157"
"2151803977","1969621019","0.642157"
"1969621019","2156138852","0.0588235"
"2156138852","1969621019","0.0588235"
"1969621019","2166983036","0.183824"
"2166983036","1969621019","0.183824"
"1969621019","2402694377","0.308824"
"2402694377","1969621019","0.308824"
"1969621019","2438792749","0.0588235"
"2438792749","1969621019","0.0588235"
"1969621019","2579510729","0.0588235"
"2579510729","1969621019","0.0588235"
"1997679129","2010679348","0.0588235"
"2010679348","1997679129","0.0588235"
"1997679129","2057822303","0.0588235"
"2057822303","1997679129","0.0588235"
"1997679129","2092364718","0.183824"
"2092364718","1997679129","0.183824"
"1997679129","2093189534","0.0588235"
"2093189534","1997679129","0.0588235"
"1997679129","2123575619","0.0588235"
"2123575619","1997679129","0.0588235"
"1997679129","2135767707","0.308824"
"2135767707","1997679129","0.308824"
"1997679129","2140116426","0.0588235"
"2140116426","1997679129","0.0588235"
"1997679129","2140602286","0.0588235"
"2140602286","1997679129","0.0588235"
"1997679129","2151803977","0.433824"
"2151803977","1997679129","0.433824"
"1997679129","2156138852","0.0588235"
"2156138852","1997679129","0.0588235"
"1997679129","2166983036","0.183824"
"2166983036","1997679129","0.183824"
"1997679129","2402694377","0.433824"
"2402694377","1997679129","0.433824"
"1997679129","2438792749","0.0588235"
"2438792749","1997679129","0.0588235"
"1997679129","2579510729","0.0588235"
"2579510729","1997679129","0.0588235"
"2010679348","2057822303","0.0588235"
"2057822303","2010679348","0.0588235"
"2010679348","2092364718","0.392157"
"2092364718","2010679348","0.392157"
"2010679348","2093189534","0.0588235"
"2093189534","2010679348","0.0588235"
"2010679348","2123575619","0.22549"
"2123575619","2010679348","0.22549"
"2010679348","2135767707","0.558824"
"2135767707","2010679348","0.558824"
"2010679348","2140116426","0.0588235"
"2140116426","2010679348","0.0588235"
"2010679348","2140602286","0.0588235"
"2140602286","2010679348","0.0588235"
"2010679348","2151803977","0.0588235"
"2151803977","2010679348","0.0588235"
"2010679348","2156138852","0.22549"
"2156138852","2010679348","0.22549"
"2010679348","2166983036","0.22549"
"2166983036","2010679348","0.22549"
"2010679348","2402694377","0.0588235"
"2402694377","2010679348","0.0588235"
"2010679348","2438792749","0.0588235"
"2438792749","2010679348","0.0588235"
"2010679348","2579510729","0.22549"
"2579510729","2010679348","0.22549"
"2057822303","2092364718","1.35049"
"2092364718","2057822303","1.35049"
"2057822303","2093189534","0.558824"
"2093189534","2057822303","0.558824"
"2057822303","2123575619","0.183824"
"2123575619","2057822303","0.183824"
"2057822303","2135767707","0.183824"
"2135767707","2057822303","0.183824"
"2057822303","2140116426","0.183824"
"2140116426","2057822303","0.183824"
"2057822303","2140602286","0.0588235"
"2140602286","2057822303","0.0588235"
"2057822303","2151803977","0.72549"
"2151803977","2057822303","0.72549"
"2057822303","2156138852","0.0588235"
"2156138852","2057822303","0.0588235"
"2057822303","2166983036","2.51716"
"2166983036","2057822303","2.51716"
"2057822303","2402694377","0.558824"
"2402694377","2057822303","0.558824"
"2057822303","2438792749","0.0588235"
"2438792749","2057822303","0.0588235"
"2057822303","2579510729","0.0588235"
"2579510729","2057822303","0.0588235"
"2092364718","2093189534","0.0588235"
"2093189534","2092364718","0.0588235"
"2092364718","2123575619","0.85049"
"2123575619","2092364718","0.85049"
"2092364718","2135767707","1.55049"
"2135767707","2092364718","1.55049"
"2092364718","2140116426","0.517157"
"2140116426","2092364718","0.517157"
"2092364718","2140602286","0.0588235"
"2140602286","2092364718","0.0588235"
"2092364718","2151803977","0.517157"
"2151803977","2092364718","0.517157"
"2092364718","2156138852","0.0588235"
"2156138852","2092364718","0.0588235"
"2092364718","2166983036","1.64216"
"2166983036","2092364718","1.64216"
"2092364718","2402694377","0.183824"
"2402694377","2092364718","0.183824"
"2092364718","2438792749","0.0588235"
"2438792749","2092364718","0.0588235"
"2092364718","2579510729","0.0588235"
"2579510729","2092364718","0.0588235"
"2093189534","2123575619","0.0588235"
"2123575619","2093189534","0.0588235"
"2093189534","2135767707","0.0588235"
"2135767707","2093189534","0.0588235"
"2093189534","2140116426","0.0588235"
"2140116426","2093189534","0.0588235"
"2093189534","2140602286","0.0588235"
"2140602286","2093189534","0.0588235"
"2093189534","2151803977","0.0588235"
"2151803977","2093189534","0.0588235"
"2093189534","2166983036","0.0588235"
"2166983036","2093189534","0.0588235"
"2093189534","2402694377","0.558824"
"2402694377","2093189534","0.558824"
"2093189534","2579510729","0.0588235"
"2579510729","2093189534","0.0588235"
"2123575619","2135767707","0.683824"
"2135767707","2123575619","0.683824"
"2123575619","2140116426","0.517157"
"2140116426","2123575619","0.517157"
"2123575619","2140602286","0.0588235"
"2140602286","2123575619","0.0588235"
"2123575619","2151803977","0.0588235"
"2151803977","2123575619","0.0588235"
"2123575619","2156138852","0.22549"
"2156138852","2123575619","0.22549"
"2123575619","2166983036","0.35049"
"2166983036","2123575619","0.35049"
"2123575619","2402694377","0.0588235"
"2402694377","2123575619","0.0588235"
"2123575619","2438792749","0.0588235"
"2438792749","2123575619","0.0588235"
"2123575619","2579510729","0.22549"
"2579510729","2123575619","0.22549"
"2135767707","2140116426","0.183824"
"2140116426","2135767707","0.183824"
"2135767707","2140602286","0.0588235"
"2140602286","2135767707","0.0588235"
"2135767707","2151803977","0.0588235"
"2151803977","2135767707","0.0588235"
"2135767707","2156138852","0.22549"
"2156138852","2135767707","0.22549"
"2135767707","2166983036","0.85049"
"2166983036","2135767707","0.85049"
"2135767707","2402694377","0.0588235"
"2402694377","2135767707","0.0588235"
"2135767707","2438792749","0.0588235"
"2438792749","2135767707","0.0588235"
"2135767707","2579510729","0.22549"
"2579510729","2135767707","0.22549"
"2140116426","2140602286","0.758824"
"2140602286","2140116426","0.758824"
"2140116426","2151803977","0.0588235"
"2151803977","2140116426","0.0588235"
"2140116426","2156138852","0.0588235"
"2156138852","2140116426","0.0588235"
"2140116426","2166983036","0.383824"
"2166983036","2140116426","0.383824"
"2140116426","2402694377","0.0588235"
"2402694377","2140116426","0.0588235"
"2140116426","2438792749","0.0588235"
"2438792749","2140116426","0.0588235"
"2140116426","2579510729","0.0588235"
"2579510729","2140116426","0.0588235"
"2140602286","2151803977","0.0588235"
"2151803977","2140602286","0.0588235"
"2140602286","2156138852","0.0588235"
"2156138852","2140602286","0.0588235"
"2140602286","2166983036","0.683066"
"2166983036","2140602286","0.683066"
"2140602286","2402694377","0.0588235"
"2402694377","2140602286","0.0588235"
"2140602286","2438792749","0.0588235"
"2438792749","2140602286","0.0588235"
"2140602286","2579510729","0.0588235"
"2579510729","2140602286","0.0588235"
"2151803977","2156138852","0.0588235"
"2156138852","2151803977","0.0588235"
"2151803977","2166983036","0.183824"
"2166983036","2151803977","0.183824"
"2151803977","2402694377","1.93382"
"2402694377","2151803977","1.93382"
"2151803977","2438792749","0.558824"
"2438792749","2151803977","0.558824"
"2151803977","2579510729","0.0588235"
"2579510729","2151803977","0.0588235"
"2156138852","2166983036","0.392157"
"2166983036","2156138852","0.392157"
"2156138852","2402694377","0.0588235"
"2402694377","2156138852","0.0588235"
"2156138852","2579510729","0.22549"
"2579510729","2156138852","0.22549"
"2166983036","2402694377","0.183824"
"2402694377","2166983036","0.183824"
"2166983036","2438792749","0.0588235"
"2438792749","2166983036","0.0588235"
"2166983036","2579510729","0.22549"
"2579510729","2166983036","0.22549"
"2402694377","2438792749","0.558824"
"2438792749","2402694377","0.558824"
"2402694377","2579510729","0.0588235"
"2579510729","2402694377","0.0588235"
"2438792749","2579510729","0.0588235"
"2579510729","2438792749","0.0588235"
"102383941","2108223890","0.533333"
"2108223890","102383941","0.533333"
"205525098","2108223890","0.790909"
"2108223890","205525098","0.790909"
"205525098","2140116426","0.2"
"2140116426","205525098","0.2"
"205525098","2140602286","0.290909"
"2140602286","205525098","0.290909"
"205525098","2166983036","0.290909"
"2166983036","205525098","0.290909"
"2108223890","2140116426","0.918074"
"2140116426","2108223890","0.918074"
"2108223890","2140602286","8.79091"
"2140602286","2108223890","8.79091"
"2108223890","2166983036","1.74924"
"2166983036","2108223890","1.74924"
"102383941","2153508518","0.166667"
"2153508518","102383941","0.166667"
"1617966546","2069897123","0.509524"
"2069897123","1617966546","0.509524"
"1617966546","2153508518","0.166667"
"2153508518","1617966546","0.166667"
"1617966546","2592994894","0.257576"
"2592994894","1617966546","0.257576"
"2069897123","2153508518","0.212121"
"2153508518","2069897123","0.212121"
"2069897123","2166983036","0.509524"
"2166983036","2069897123","0.509524"
"2153508518","2156138852","0.491667"
"2156138852","2153508518","0.491667"
"2153508518","2166983036","0.166667"
"2166983036","2153508518","0.166667"
"2153508518","2592994894","0.666667"
"2592994894","2153508518","0.666667"
"2166983036","2592994894","0.257576"
"2592994894","2166983036","0.257576"
"110811278","1977786400","4.96429"
"1977786400","110811278","4.96429"
"110811278","2152191782","5.7"
"2152191782","110811278","5.7"
"1977786400","2152191782","6"
"2152191782","1977786400","6"
"110811278","2017740323","1.33095"
"2017740323","110811278","1.33095"
"1977786400","2017740323","1.71429"
"2017740323","1977786400","1.71429"
"2017740323","2152191782","18.5926"
"2152191782","2017740323","18.5926"
"110811278","2097989803","1.33095"
"2097989803","110811278","1.33095"
"1977786400","2097989803","1.96429"
"2097989803","1977786400","1.96429"
"2097989803","2152191782","14.2926"
"2152191782","2097989803","14.2926"
"110811278","2155758146","0.797619"
"2155758146","110811278","0.797619"
"2152191782","2155758146","0.916667"
"2155758146","2152191782","0.916667"
"2017740323","2097989803","6.30688"
"2097989803","2017740323","6.30688"
"110811278","2092833514","0.997619"
"2092833514","110811278","0.997619"
"110811278","2142151675","0.830952"
"2142151675","110811278","0.830952"
"2017740323","2092833514","1.30644"
"2092833514","2017740323","1.30644"
"2017740323","2142151675","4.05688"
"2142151675","2017740323","4.05688"
"2092833514","2097989803","1.50644"
"2097989803","2092833514","1.50644"
"2092833514","2142151675","2.63978"
"2142151675","2092833514","2.63978"
"2092833514","2152191782","2.95882"
"2152191782","2092833514","2.95882"
"2097989803","2142151675","2.89021"
"2142151675","2097989803","2.89021"
"2142151675","2152191782","11.7093"
"2152191782","2142151675","11.7093"
"110811278","2113970290","0.380952"
"2113970290","110811278","0.380952"
"2113970290","2142151675","1.87177"
"2142151675","2113970290","1.87177"
"2113970290","2152191782","2.00092"
"2152191782","2113970290","2.00092"
"1977786400","2155758146","0.297619"
"2155758146","1977786400","0.297619"
"2017740323","2155758146","0.297619"
"2155758146","2017740323","0.297619"
"110811278","2068306568","0.333333"
"2068306568","110811278","0.333333"
"110811278","2081963263","0.380952"
"2081963263","110811278","0.380952"
"110811278","2294548604","0.333333"
"2294548604","110811278","0.333333"
"2068306568","2081963263","17.4767"
"2081963263","2068306568","17.4767"
"2068306568","2294548604","3.35119"
"2294548604","2068306568","3.35119"
"2081963263","2294548604","3.35119"
"2294548604","2081963263","3.35119"
"110811278","121527401","0.047619"
"121527401","110811278","0.047619"
"110811278","1560604137","0.047619"
"1560604137","110811278","0.047619"
"110811278","1970591376","0.047619"
"1970591376","110811278","0.047619"
"110811278","1990274372","0.047619"
"1990274372","110811278","0.047619"
"110811278","2098082683","0.047619"
"2098082683","110811278","0.047619"
"110811278","2117079821","0.047619"
"2117079821","110811278","0.047619"
"110811278","2119240138","0.047619"
"2119240138","110811278","0.047619"
"110811278","2132741574","0.047619"
"2132741574","110811278","0.047619"
"110811278","2138356326","0.047619"
"2138356326","110811278","0.047619"
"110811278","2152293830","0.047619"
"2152293830","110811278","0.047619"
"110811278","2153508518","0.047619"
"2153508518","110811278","0.047619"
"110811278","2172059872","0.047619"
"2172059872","110811278","0.047619"
"110811278","343945789","0.047619"
"343945789","110811278","0.047619"
"121527401","1560604137","1.93535"
"1560604137","121527401","1.93535"
"121527401","1970591376","0.719336"
"1970591376","121527401","0.719336"
"121527401","1977786400","0.047619"
"1977786400","121527401","0.047619"
"121527401","1990274372","2.28911"
"1990274372","121527401","2.28911"
"121527401","2017740323","0.047619"
"2017740323","121527401","0.047619"
"121527401","2081963263","0.349206"
"2081963263","121527401","0.349206"
"121527401","2092833514","0.047619"
"2092833514","121527401","0.047619"
"121527401","2097989803","0.047619"
"2097989803","121527401","0.047619"
"121527401","2098082683","0.047619"
"2098082683","121527401","0.047619"
"121527401","2113970290","0.569264"
"2113970290","121527401","0.569264"
"121527401","2117079821","1.45916"
"2117079821","121527401","1.45916"
"121527401","2119240138","0.715368"
"2119240138","121527401","0.715368"
"121527401","2132741574","2.42381"
"2132741574","121527401","2.42381"
"121527401","2138356326","1.07302"
"2138356326","121527401","1.07302"
"121527401","2142151675","2.50664"
"2142151675","121527401","2.50664"
"121527401","2152293830","1.58911"
"2152293830","121527401","1.58911"
"121527401","2153508518","0.350649"
"2153508518","121527401","0.350649"
"121527401","2155758146","0.993506"
"2155758146","121527401","0.993506"
"121527401","2172059872","0.963348"
"2172059872","121527401","0.963348"
"121527401","343945789","1.23557"
"343945789","121527401","1.23557"
"1560604137","1970591376","0.281385"
"1970591376","1560604137","0.281385"
"1560604137","1977786400","0.047619"
"1977786400","1560604137","0.047619"
"1560604137","1990274372","1.0925"
"1990274372","1560604137","1.0925"
"1560604137","2017740323","2.03139"
"2017740323","1560604137","2.03139"
"1560604137","2081963263","0.468254"
"2081963263","1560604137","0.468254"
"1560604137","2092833514","0.414286"
"2092833514","1560604137","0.414286"
"1560604137","2097989803","0.731385"
"2097989803","1560604137","0.731385"
"1560604137","2098082683","0.047619"
"2098082683","1560604137","0.047619"
"1560604137","2113970290","1.25758"
"2113970290","1560604137","1.25758"
"1560604137","2117079821","1.57583"
"2117079821","1560604137","1.57583"
"1560604137","2119240138","0.814719"
"2119240138","1560604137","0.814719"
"1560604137","2132741574","3.82424"
"2132741574","1560604137","3.82424"
"1560604137","2138356326","0.616306"
"2138356326","1560604137","0.616306"
"1560604137","2142151675","2.54848"
"2142151675","1560604137","2.54848"
"1560604137","2152293830","0.72583"
"2152293830","1560604137","0.72583"
"1560604137","2153508518","0.229437"
"2153508518","1560604137","0.229437"
"1560604137","2155758146","2.78139"
"2155758146","1560604137","2.78139"
"1560604137","2172059872","0.683405"
"2172059872","1560604137","0.683405"
"1560604137","343945789","0.392496"
"343945789","1560604137","0.392496"
"1970591376","1977786400","0.047619"
"1977786400","1970591376","0.047619"
"1970591376","1990274372","0.140693"
"1990274372","1970591376","0.140693"
"1970591376","2017740323","0.047619"
"2017740323","1970591376","0.047619"
"1970591376","2081963263","0.0952381"
"2081963263","1970591376","0.0952381"
"1970591376","2092833514","0.047619"
"2092833514","1970591376","0.047619"
"1970591376","2097989803","0.047619"
"2097989803","1970591376","0.047619"
"1970591376","2098082683","0.047619"
"2098082683","1970591376","0.047619"
"1970591376","2113970290","0.0930736"
"2113970290","1970591376","0.0930736"
"1970591376","2117079821","0.138528"
"2117079821","1970591376","0.138528"
"1970591376","2119240138","0.556277"
"2119240138","1970591376","0.556277"
"1970591376","2132741574","0.047619"
"2132741574","1970591376","0.047619"
"1970591376","2138356326","0.295238"
"2138356326","1970591376","0.295238"
"1970591376","2142151675","1.51025"
"2142151675","1970591376","1.51025"
"1970591376","2152293830","0.140693"
"2152293830","1970591376","0.140693"
"1970591376","2153508518","0.183983"
"2153508518","1970591376","0.183983"
"1970591376","2155758146","0.32684"
"2155758146","1970591376","0.32684"
"1970591376","2172059872","0.342713"
"2172059872","1970591376","0.342713"
"1970591376","343945789","0.608225"
"343945789","1970591376","0.608225"
"1977786400","1990274372","0.047619"
"1990274372","1977786400","0.047619"
"1977786400","2081963263","0.047619"
"2081963263","1977786400","0.047619"
"1977786400","2092833514","0.297619"
"2092833514","1977786400","0.297619"
"1977786400","2098082683","0.047619"
"2098082683","1977786400","0.047619"
"1977786400","2113970290","0.047619"
"2113970290","1977786400","0.047619"
"1977786400","2117079821","0.047619"
"2117079821","1977786400","0.047619"
"1977786400","2119240138","0.047619"
"2119240138","1977786400","0.047619"
"1977786400","2132741574","0.047619"
"2132741574","1977786400","0.047619"
"1977786400","2138356326","1.04762"
"2138356326","1977786400","1.04762"
"1977786400","2142151675","0.047619"
"2142151675","1977786400","0.047619"
"1977786400","2152293830","0.047619"
"2152293830","1977786400","0.047619"
"1977786400","2153508518","0.047619"
"2153508518","1977786400","0.047619"
"1977786400","2172059872","0.047619"
"2172059872","1977786400","0.047619"
"1977786400","343945789","0.047619"
"343945789","1977786400","0.047619"
"1990274372","2017740323","1.03068"
"2017740323","1990274372","1.03068"
"1990274372","2081963263","0.866363"
"2081963263","1990274372","0.866363"
"1990274372","2092833514","0.106443"
"2092833514","1990274372","0.106443"
"1990274372","2097989803","0.197352"
"2097989803","1990274372","0.197352"
"1990274372","2098082683","0.297619"
"2098082683","1990274372","0.297619"
"1990274372","2113970290","0.510663"
"2113970290","1990274372","0.510663"
"1990274372","2117079821","0.811111"
"2117079821","1990274372","0.811111"
"1990274372","2119240138","0.390693"
"2119240138","1990274372","0.390693"
"1990274372","2132741574","5.95688"
"2132741574","1990274372","5.95688"
"1990274372","2138356326","0.981082"
"2138356326","1990274372","0.981082"
"1990274372","2142151675","1.80987"
"2142151675","1990274372","1.80987"
"1990274372","2152293830","13.215"
"2152293830","1990274372","13.215"
"1990274372","2153508518","0.183983"
"2153508518","1990274372","0.183983"
"1990274372","2155758146","0.0930736"
"2155758146","1990274372","0.0930736"
"1990274372","2172059872","1.25343"
"2172059872","1990274372","1.25343"
"1990274372","343945789","0.501804"
"343945789","1990274372","0.501804"
"2017740323","2081963263","0.9493"
"2081963263","2017740323","0.9493"
"2017740323","2098082683","0.047619"
"2098082683","2017740323","0.047619"
"2017740323","2113970290","0.340209"
"2113970290","2017740323","0.340209"
"2017740323","2117079821","0.297619"
"2117079821","2017740323","0.297619"
"2017740323","2119240138","0.047619"
"2119240138","2017740323","0.047619"
"2017740323","2132741574","0.540209"
"2132741574","2017740323","0.540209"
"2017740323","2138356326","0.197352"
"2138356326","2017740323","0.197352"
"2017740323","2152293830","0.197352"
"2152293830","2017740323","0.197352"
"2017740323","2153508518","0.138528"
"2153508518","2017740323","0.138528"
"2017740323","2172059872","0.138528"
"2172059872","2017740323","0.138528"
"2017740323","343945789","0.047619"
"343945789","2017740323","0.047619"
"2081963263","2092833514","0.356443"
"2092833514","2081963263","0.356443"
"2081963263","2097989803","1.61597"
"2097989803","2081963263","1.61597"
"2081963263","2098082683","9.2754"
"2098082683","2081963263","9.2754"
"2081963263","2113970290","1.15208"
"2113970290","2081963263","1.15208"
"2081963263","2117079821","0.801587"
"2117079821","2081963263","0.801587"
"2081963263","2119240138","0.0952381"
"2119240138","2081963263","0.0952381"
"2081963263","2132741574","1.77708"
"2132741574","2081963263","1.77708"
"2081963263","2138356326","1.72351"
"2138356326","2081963263","1.72351"
"2081963263","2142151675","6.45089"
"2142151675","2081963263","6.45089"
"2081963263","2152293830","0.866363"
"2152293830","2081963263","0.866363"
"2081963263","2153508518","0.380952"
"2153508518","2081963263","0.380952"
"2081963263","2155758146","1.04762"
"2155758146","2081963263","1.04762"
"2081963263","2172059872","0.349206"
"2172059872","2081963263","0.349206"
"2081963263","343945789","0.206349"
"343945789","2081963263","0.206349"
"2092833514","2098082683","0.047619"
"2098082683","2092833514","0.047619"
"2092833514","2113970290","0.356443"
"2113970290","2092833514","0.356443"
"2092833514","2117079821","0.247619"
"2117079821","2092833514","0.247619"
"2092833514","2119240138","0.247619"
"2119240138","2092833514","0.247619"
"2092833514","2132741574","0.356443"
"2132741574","2092833514","0.356443"
"2092833514","2138356326","0.273109"
"2138356326","2092833514","0.273109"
"2092833514","2152293830","0.106443"
"2152293830","2092833514","0.106443"
"2092833514","2153508518","0.047619"
"2153508518","2092833514","0.047619"
"2092833514","2155758146","1.04762"
"2155758146","2092833514","1.04762"
"2092833514","2172059872","0.297619"
"2172059872","2092833514","0.297619"
"2092833514","343945789","0.047619"
"343945789","2092833514","0.047619"
"2097989803","2098082683","0.047619"
"2098082683","2097989803","0.047619"
"2097989803","2113970290","0.340209"
"2113970290","2097989803","0.340209"
"2097989803","2117079821","1.49762"
"2117079821","2097989803","1.49762"
"2097989803","2119240138","0.247619"
"2119240138","2097989803","0.247619"
"2097989803","2132741574","0.540209"
"2132741574","2097989803","0.540209"
"2097989803","2138356326","0.197352"
"2138356326","2097989803","0.197352"
"2097989803","2152293830","0.197352"
"2152293830","2097989803","0.197352"
"2097989803","2153508518","0.138528"
"2153508518","2097989803","0.138528"
"2097989803","2155758146","0.047619"
"2155758146","2097989803","0.047619"
"2097989803","2172059872","0.388528"
"2172059872","2097989803","0.388528"
"2097989803","343945789","0.047619"
"343945789","2097989803","0.047619"
"2098082683","2113970290","0.15873"
"2113970290","2098082683","0.15873"
"2098082683","2117079821","0.047619"
"2117079821","2098082683","0.047619"
"2098082683","2119240138","0.047619"
"2119240138","2098082683","0.047619"
"2098082683","2132741574","0.15873"
"2132741574","2098082683","0.15873"
"2098082683","2138356326","0.047619"
"2138356326","2098082683","0.047619"
"2098082683","2142151675","2.35873"
"2142151675","2098082683","2.35873"
"2098082683","2152293830","0.297619"
"2152293830","2098082683","0.297619"
"2098082683","2153508518","0.047619"
"2153508518","2098082683","0.047619"
"2098082683","2155758146","0.047619"
"2155758146","2098082683","0.047619"
"2098082683","2172059872","0.047619"
"2172059872","2098082683","0.047619"
"2098082683","343945789","0.047619"
"343945789","2098082683","0.047619"
"2113970290","2117079821","0.357143"
"2117079821","2113970290","0.357143"
"2113970290","2119240138","0.0930736"
"2119240138","2113970290","0.0930736"
"2113970290","2132741574","5.59418"
"2132741574","2113970290","5.59418"
"2113970290","2138356326","0.947352"
"2138356326","2113970290","0.947352"
"2113970290","2152293830","0.510663"
"2152293830","2113970290","0.510663"
"2113970290","2153508518","0.183983"
"2153508518","2113970290","0.183983"
"2113970290","2155758146","0.593074"
"2155758146","2113970290","0.593074"
"2113970290","2172059872","0.618506"
"2172059872","2113970290","0.618506"
"2113970290","343945789","0.0930736"
"343945789","2113970290","0.0930736"
"2117079821","2119240138","0.338528"
"2119240138","2117079821","0.338528"
"2117079821","2132741574","1.42381"
"2132741574","2117079821","1.42381"
"2117079821","2138356326","0.525397"
"2138356326","2117079821","0.525397"
"2117079821","2142151675","0.671861"
"2142151675","2117079821","0.671861"
"2117079821","2152293830","0.444444"
"2152293830","2117079821","0.444444"
"2117079821","2153508518","0.138528"
"2153508518","2117079821","0.138528"
"2117079821","2155758146","0.138528"
"2155758146","2117079821","0.138528"
"2117079821","2172059872","3.73535"
"2172059872","2117079821","3.73535"
"2117079821","343945789","0.249639"
"343945789","2117079821","0.249639"
"2119240138","2132741574","0.047619"
"2132741574","2119240138","0.047619"
"2119240138","2138356326","0.0952381"
"2138356326","2119240138","0.0952381"
"2119240138","2142151675","1.22294"
"2142151675","2119240138","1.22294"
"2119240138","2152293830","0.390693"
"2152293830","2119240138","0.390693"
"2119240138","2153508518","0.183983"
"2153508518","2119240138","0.183983"
"2119240138","2155758146","0.660173"
"2155758146","2119240138","0.660173"
"2119240138","2172059872","0.231602"
"2172059872","2119240138","0.231602"
"2119240138","343945789","0.715368"
"343945789","2119240138","0.715368"
"2132741574","2138356326","1.81402"
"2138356326","2132741574","1.81402"
"2132741574","2142151675","3.68465"
"2142151675","2132741574","3.68465"
"2132741574","2152293830","2.25688"
"2152293830","2132741574","2.25688"
"2132741574","2153508518","0.305195"
"2153508518","2132741574","0.305195"
"2132741574","2155758146","0.547619"
"2155758146","2132741574","0.547619"
"2132741574","2172059872","1.27305"
"2172059872","2132741574","1.27305"
"2132741574","343945789","0.047619"
"343945789","2132741574","0.047619"
"2138356326","2142151675","1.06997"
"2142151675","2138356326","1.06997"
"2138356326","2152293830","1.48108"
"2152293830","2138356326","1.48108"
"2138356326","2153508518","0.305195"
"2153508518","2138356326","0.305195"
"2138356326","2155758146","0.214286"
"2155758146","2138356326","0.214286"
"2138356326","2172059872","1.78892"
"2172059872","2138356326","1.78892"
"2138356326","343945789","0.206349"
"343945789","2138356326","0.206349"
"2142151675","2152293830","1.10987"
"2152293830","2142151675","1.10987"
"2142151675","2153508518","2.09989"
"2153508518","2142151675","2.09989"
"2142151675","2155758146","3.66017"
"2155758146","2142151675","3.66017"
"2142151675","2172059872","1.18362"
"2172059872","2142151675","1.18362"
"2152293830","2153508518","0.183983"
"2153508518","2152293830","0.183983"
"2152293830","2155758146","0.0930736"
"2155758146","2152293830","0.0930736"
"2152293830","2172059872","1.25343"
"2172059872","2152293830","1.25343"
"2152293830","343945789","0.501804"
"343945789","2152293830","0.501804"
"2153508518","2155758146","0.683983"
"2155758146","2153508518","0.683983"
"2153508518","2172059872","0.774892"
"2172059872","2153508518","0.774892"
"2153508518","343945789","0.508983"
"343945789","2153508518","0.508983"
"2155758146","2172059872","0.850649"
"2172059872","2155758146","0.850649"
"2155758146","343945789","0.32684"
"343945789","2155758146","0.32684"
"2172059872","343945789","0.342713"
"343945789","2172059872","0.342713"
"121527401","2108267498","1.89394"
"2108267498","121527401","1.89394"
"121527401","2108758014","0.65873"
"2108758014","121527401","0.65873"
"121527401","2296119762","0.65873"
"2296119762","121527401","0.65873"
"2108758014","2296119762","26.9421"
"2296119762","2108758014","26.9421"
"121527401","2110686900","0.671717"
"2110686900","121527401","0.671717"
"1560604137","2108267498","0.868687"
"2108267498","1560604137","0.868687"
"1560604137","2110686900","0.257576"
"2110686900","1560604137","0.257576"
"1970591376","2108267498","0.871717"
"2108267498","1970591376","0.871717"
"1970591376","2110686900","2.01219"
"2110686900","1970591376","2.01219"
"2108267498","2110686900","1.07172"
"2110686900","2108267498","1.07172"
"2108267498","2117079821","0.20202"
"2117079821","2108267498","0.20202"
"2108267498","2119240138","0.608225"
"2119240138","2108267498","0.608225"
"2108267498","2142151675","1.28283"
"2142151675","2108267498","1.28283"
"2108267498","2153508518","0.136364"
"2153508518","2108267498","0.136364"
"2108267498","2155758146","0.136364"
"2155758146","2108267498","0.136364"
"2108267498","2172059872","0.406205"
"2172059872","2108267498","0.406205"
"2108267498","343945789","0.771284"
"343945789","2108267498","0.771284"
"2110686900","2117079821","0.0909091"
"2117079821","2110686900","0.0909091"
"2110686900","2119240138","0.774892"
"2119240138","2110686900","0.774892"
"2110686900","2142151675","1.03838"
"2142151675","2110686900","1.03838"
"2110686900","2153508518","0.136364"
"2153508518","2110686900","0.136364"
"2110686900","2155758146","0.136364"
"2155758146","2110686900","0.136364"
"2110686900","2172059872","0.295094"
"2172059872","2110686900","0.295094"
"2110686900","343945789","0.183983"
"343945789","2110686900","0.183983"
"121527401","1969621019","0.0454545"
"1969621019","121527401","0.0454545"
"121527401","1982124942","0.0454545"
"1982124942","121527401","0.0454545"
"121527401","2020694521","0.458153"
"2020694521","121527401","0.458153"
"121527401","2069897123","0.0930736"
"2069897123","121527401","0.0930736"
"121527401","2080757240","0.549062"
"2080757240","121527401","0.549062"
"121527401","2108223890","0.235931"
"2108223890","121527401","0.235931"
"121527401","2140116426","0.235931"
"2140116426","121527401","0.235931"
"121527401","2148572968","0.235931"
"2148572968","121527401","0.235931"
"121527401","2171262729","0.501443"
"2171262729","121527401","0.501443"
"121527401","73146770","0.847042"
"73146770","121527401","0.847042"
"1969621019","1970591376","0.0454545"
"1970591376","1969621019","0.0454545"
"1969621019","1982124942","0.0454545"
"1982124942","1969621019","0.0454545"
"1969621019","1990274372","0.0454545"
"1990274372","1969621019","0.0454545"
"1969621019","2020694521","0.0454545"
"2020694521","1969621019","0.0454545"
"1969621019","2069897123","0.245455"
"2069897123","1969621019","0.245455"
"1969621019","2080757240","0.0454545"
"2080757240","1969621019","0.0454545"
"1969621019","2108223890","1.17045"
"2108223890","1969621019","1.17045"
"1969621019","2108267498","0.0454545"
"2108267498","1969621019","0.0454545"
"1969621019","2110686900","0.0454545"
"2110686900","1969621019","0.0454545"
"1969621019","2113970290","0.0454545"
"2113970290","1969621019","0.0454545"
"1969621019","2119240138","0.0454545"
"2119240138","1969621019","0.0454545"
"1969621019","2142151675","0.245455"
"2142151675","1969621019","0.245455"
"1969621019","2148572968","0.0454545"
"2148572968","1969621019","0.0454545"
"1969621019","2152293830","0.0454545"
"2152293830","1969621019","0.0454545"
"1969621019","2153508518","0.0454545"
"2153508518","1969621019","0.0454545"
"1969621019","2155758146","0.0454545"
"2155758146","1969621019","0.0454545"
"1969621019","2171262729","0.245455"
"2171262729","1969621019","0.245455"
"1969621019","2172059872","0.0454545"
"2172059872","1969621019","0.0454545"
"1969621019","343945789","0.0454545"
"343945789","1969621019","0.0454545"
"1969621019","73146770","0.0454545"
"73146770","1969621019","0.0454545"
"1970591376","1982124942","0.0454545"
"1982124942","1970591376","0.0454545"
"1970591376","2020694521","1.68752"
"2020694521","1970591376","1.68752"
"1970591376","2069897123","1.73593"
"2069897123","1970591376","1.73593"
"1970591376","2080757240","0.871717"
"2080757240","1970591376","0.871717"
"1970591376","2108223890","0.183983"
"2108223890","1970591376","0.183983"
"1970591376","2140116426","0.235931"
"2140116426","1970591376","0.235931"
"1970591376","2148572968","0.543074"
"2148572968","1970591376","0.543074"
"1970591376","73146770","0.437951"
"73146770","1970591376","0.437951"
"1982124942","1990274372","0.0454545"
"1990274372","1982124942","0.0454545"
"1982124942","2020694521","0.0454545"
"2020694521","1982124942","0.0454545"
