"116828910","1495348261","0.683333"
"1495348261","116828910","0.683333"
"116828910","1504720407","0.211111"
"1504720407","116828910","0.211111"
"116828910","1518787404","0.586111"
"1518787404","116828910","0.586111"
"116828910","1773825873","0.1"
"1773825873","116828910","0.1"
"116828910","1973006770","0.211111"
"1973006770","116828910","0.211111"
"116828910","2038585278","2.33611"
"2038585278","116828910","2.33611"
"116828910","2112163170","0.461111"
"2112163170","116828910","0.461111"
"116828910","2115905651","0.1"
"2115905651","116828910","0.1"
"116828910","2126720065","0.1"
"2126720065","116828910","0.1"
"116828910","58626289","0.1"
"58626289","116828910","0.1"
"1495348261","1504720407","0.425"
"1504720407","1495348261","0.425"
"1495348261","1518787404","2.175"
"1518787404","1495348261","2.175"
"1495348261","1773825873","0.1"
"1773825873","1495348261","0.1"
"1495348261","1973006770","0.425"
"1973006770","1495348261","0.425"
"1495348261","2038585278","0.1"
"2038585278","1495348261","0.1"
"1495348261","2112163170","2.375"
"2112163170","1495348261","2.375"
"1495348261","2115905651","0.266667"
"2115905651","1495348261","0.266667"
"1495348261","2126720065","0.266667"
"2126720065","1495348261","0.266667"
"1495348261","58626289","0.266667"
"58626289","1495348261","0.266667"
"1504720407","1518787404","0.336111"
"1518787404","1504720407","0.336111"
"1504720407","1773825873","0.266667"
"1773825873","1504720407","0.266667"
"1504720407","1973006770","3.36944"
"1973006770","1504720407","3.36944"
"1504720407","2038585278","0.211111"
"2038585278","1504720407","0.211111"
"1504720407","2112163170","2.03611"
"2112163170","1504720407","2.03611"
"1504720407","2115905651","0.266667"
"2115905651","1504720407","0.266667"
"1504720407","2126720065","0.266667"
"2126720065","1504720407","0.266667"
"1504720407","58626289","0.266667"
"58626289","1504720407","0.266667"
"1518787404","1773825873","0.1"
"1773825873","1518787404","0.1"
"1518787404","1973006770","0.336111"
"1973006770","1518787404","0.336111"
"1518787404","2038585278","0.336111"
"2038585278","1518787404","0.336111"
"1518787404","2112163170","1.28611"
"2112163170","1518787404","1.28611"
"1518787404","2115905651","0.266667"
"2115905651","1518787404","0.266667"
"1518787404","2126720065","0.266667"
"2126720065","1518787404","0.266667"
"1518787404","58626289","0.266667"
"58626289","1518787404","0.266667"
"1773825873","1973006770","0.1"
"1973006770","1773825873","0.1"
"1773825873","2038585278","0.274242"
"2038585278","1773825873","0.274242"
"1773825873","2112163170","0.266667"
"2112163170","1773825873","0.266667"
"1773825873","2115905651","2.27424"
"2115905651","1773825873","2.27424"
"1773825873","2126720065","1.43333"
"2126720065","1773825873","1.43333"
"1773825873","58626289","2.18333"
"58626289","1773825873","2.18333"
"1973006770","2038585278","0.211111"
"2038585278","1973006770","0.211111"
"1973006770","2112163170","0.869444"
"2112163170","1973006770","0.869444"
"1973006770","2115905651","0.1"
"2115905651","1973006770","0.1"
"1973006770","2126720065","0.1"
"2126720065","1973006770","0.1"
"1973006770","58626289","0.1"
"58626289","1973006770","0.1"
"2038585278","2112163170","0.211111"
"2112163170","2038585278","0.211111"
"2038585278","2115905651","0.274242"
"2115905651","2038585278","0.274242"
"2038585278","2126720065","0.1"
"2126720065","2038585278","0.1"
"2038585278","58626289","0.183333"
"58626289","2038585278","0.183333"
"2112163170","2115905651","0.433333"
"2115905651","2112163170","0.433333"
"2112163170","2126720065","0.433333"
"2126720065","2112163170","0.433333"
"2112163170","58626289","0.433333"
"58626289","2112163170","0.433333"
"2115905651","2126720065","1.26667"
"2126720065","2115905651","1.26667"
"2115905651","58626289","3.01667"
"58626289","2115905651","3.01667"
"2126720065","58626289","1.26667"
"58626289","2126720065","1.26667"
"116828910","1862498859","0.375"
"1862498859","116828910","0.375"
"1495348261","1862498859","0.583333"
"1862498859","1495348261","0.583333"
"1518787404","1862498859","0.708333"
"1862498859","1518787404","0.708333"
"1862498859","2112163170","0.583333"
"2112163170","1862498859","0.583333"
"116828910","1568886083","0.236111"
"1568886083","116828910","0.236111"
"116828910","1583131843","0.236111"
"1583131843","116828910","0.236111"
"116828910","1604775357","0.111111"
"1604775357","116828910","0.111111"
"116828910","1989455386","0.236111"
"1989455386","116828910","0.236111"
"1504720407","1568886083","0.569444"
"1568886083","1504720407","0.569444"
"1504720407","1583131843","0.569444"
"1583131843","1504720407","0.569444"
"1504720407","1604775357","3.26944"
"1604775357","1504720407","3.26944"
"1504720407","1989455386","0.444444"
"1989455386","1504720407","0.444444"
"1518787404","1568886083","0.561111"
"1568886083","1518787404","0.561111"
"1518787404","1583131843","0.561111"
"1583131843","1518787404","0.561111"
"1518787404","1604775357","0.236111"
"1604775357","1518787404","0.236111"
"1518787404","1989455386","0.436111"
"1989455386","1518787404","0.436111"
"1568886083","1583131843","3.22778"
"1583131843","1568886083","3.22778"
"1568886083","1604775357","0.236111"
"1604775357","1568886083","0.236111"
"1568886083","1973006770","0.236111"
"1973006770","1568886083","0.236111"
"1568886083","1989455386","2.10278"
"1989455386","1568886083","2.10278"
"1568886083","2038585278","0.236111"
"2038585278","1568886083","0.236111"
"1568886083","2112163170","0.769444"
"2112163170","1568886083","0.769444"
"1583131843","1604775357","0.236111"
"1604775357","1583131843","0.236111"
"1583131843","1973006770","0.236111"
"1973006770","1583131843","0.236111"
"1583131843","1989455386","9.10278"
"1989455386","1583131843","9.10278"
"1583131843","2038585278","0.236111"
"2038585278","1583131843","0.236111"
"1583131843","2112163170","0.769444"
"2112163170","1583131843","0.769444"
"1604775357","1973006770","4.26944"
"1973006770","1604775357","4.26944"
"1604775357","1989455386","0.111111"
"1989455386","1604775357","0.111111"
"1604775357","2038585278","0.111111"
"2038585278","1604775357","0.111111"
"1604775357","2112163170","1.76944"
"2112163170","1604775357","1.76944"
"1973006770","1989455386","0.111111"
"1989455386","1973006770","0.111111"
"1989455386","2038585278","0.236111"
"2038585278","1989455386","0.236111"
"1989455386","2112163170","0.644444"
"2112163170","1989455386","0.644444"
"116828910","1524543221","0.333333"
"1524543221","116828910","0.333333"
"116828910","2107355210","0.333333"
"2107355210","116828910","0.333333"
"1495348261","1524543221","0.658333"
"1524543221","1495348261","0.658333"
"1495348261","2107355210","0.333333"
"2107355210","1495348261","0.333333"
"1524543221","2107355210","0.333333"
"2107355210","1524543221","0.333333"
"116828910","2154105459","0.125"
"2154105459","116828910","0.125"
"116828910","2163707446","0.125"
"2163707446","116828910","0.125"
"1518787404","2154105459","0.125"
"2154105459","1518787404","0.125"
"1518787404","2163707446","0.125"
"2163707446","1518787404","0.125"
"1568886083","1862498859","0.125"
"1862498859","1568886083","0.125"
"1568886083","2154105459","0.125"
"2154105459","1568886083","0.125"
"1568886083","2163707446","0.125"
"2163707446","1568886083","0.125"
"1583131843","1862498859","0.125"
"1862498859","1583131843","0.125"
"1583131843","2154105459","0.125"
"2154105459","1583131843","0.125"
"1583131843","2163707446","0.125"
"2163707446","1583131843","0.125"
"1862498859","1989455386","0.125"
"1989455386","1862498859","0.125"
"1862498859","2038585278","0.125"
"2038585278","1862498859","0.125"
"1862498859","2154105459","0.125"
"2154105459","1862498859","0.125"
"1862498859","2163707446","0.125"
"2163707446","1862498859","0.125"
"1989455386","2154105459","0.125"
"2154105459","1989455386","0.125"
"1989455386","2163707446","0.125"
"2163707446","1989455386","0.125"
"2038585278","2154105459","0.125"
"2154105459","2038585278","0.125"
"2038585278","2163707446","0.125"
"2163707446","2038585278","0.125"
"2154105459","2163707446","0.125"
"2163707446","2154105459","0.125"
"125375360","2004161795","9.5"
"2004161795","125375360","9.5"
"125375360","2007683451","0.333333"
"2007683451","125375360","0.333333"
"125375360","2109229478","0.333333"
"2109229478","125375360","0.333333"
"2004161795","2007683451","0.333333"
"2007683451","2004161795","0.333333"
"2004161795","2109229478","0.333333"
"2109229478","2004161795","0.333333"
"2007683451","2109229478","0.833333"
"2109229478","2007683451","0.833333"
"125375360","1531407324","0.666667"
"1531407324","125375360","0.666667"
"125375360","2117445427","1.16667"
"2117445427","125375360","1.16667"
"1531407324","2004161795","0.666667"
"2004161795","1531407324","0.666667"
"1531407324","2117445427","1.73333"
"2117445427","1531407324","1.73333"
"2004161795","2117445427","1.16667"
"2117445427","2004161795","1.16667"
"1423153893","1627982422","1.30281"
"1627982422","1423153893","1.30281"
"1423153893","2066335447","1.42781"
"2066335447","1423153893","1.42781"
"1423153893","2114564057","1.5869"
"2114564057","1423153893","1.5869"
"1423153893","2148027061","0.80119"
"2148027061","1423153893","0.80119"
"1423153893","2765944171","8.51309"
"2765944171","1423153893","8.51309"
"1423153893","2899434313","4.654"
"2899434313","1423153893","4.654"
"1627982422","2066335447","12.3714"
"2066335447","1627982422","12.3714"
"1627982422","2114564057","3.10549"
"2114564057","1627982422","3.10549"
"1627982422","2148027061","1.25877"
"2148027061","1627982422","1.25877"
"1627982422","2765944171","1.7119"
"2765944171","1627982422","1.7119"
"1627982422","2899434313","1.86115"
"2899434313","1627982422","1.86115"
"2066335447","2114564057","3.35549"
"2114564057","2066335447","3.35549"
"2066335447","2148027061","1.16786"
"2148027061","2066335447","1.16786"
"2066335447","2765944171","1.3369"
"2765944171","2066335447","1.3369"
"2066335447","2899434313","1.86115"
"2899434313","2066335447","1.86115"
"2114564057","2148027061","2.55696"
"2148027061","2114564057","2.55696"
"2114564057","2765944171","1.5869"
"2765944171","2114564057","1.5869"
"2114564057","2899434313","1.54524"
"2899434313","2114564057","1.54524"
"2148027061","2765944171","1.30119"
"2765944171","2148027061","1.30119"
"2148027061","2899434313","1.90952"
"2899434313","2148027061","1.90952"
"2765944171","2899434313","4.5631"
"2899434313","2765944171","4.5631"
"1423153893","1965201404","0.125"
"1965201404","1423153893","0.125"
"1423153893","1999684908","0.753571"
"1999684908","1423153893","0.753571"
"1423153893","3016374013","0.860714"
"3016374013","1423153893","0.860714"
"1965201404","1999684908","0.125"
"1999684908","1965201404","0.125"
"1965201404","2066335447","0.851923"
"2066335447","1965201404","0.851923"
"1965201404","2114564057","0.616026"
"2114564057","1965201404","0.616026"
"1965201404","2148027061","1.591"
"2148027061","1965201404","1.591"
"1965201404","2765944171","0.125"
"2765944171","1965201404","0.125"
"1965201404","2899434313","0.225"
"2899434313","1965201404","0.225"
"1965201404","3016374013","0.125"
"3016374013","1965201404","0.125"
"1999684908","2066335447","0.761905"
"2066335447","1999684908","0.761905"
"1999684908","2114564057","0.761905"
"2114564057","1999684908","0.761905"
"1999684908","2148027061","1.05119"
"2148027061","1999684908","1.05119"
"1999684908","2765944171","2.25357"
"2765944171","1999684908","2.25357"
"1999684908","2899434313","0.761905"
"2899434313","1999684908","0.761905"
"1999684908","3016374013","0.610714"
"3016374013","1999684908","0.610714"
"2066335447","3016374013","1.16071"
"3016374013","2066335447","1.16071"
"2114564057","3016374013","0.410714"
"3016374013","2114564057","0.410714"
"2148027061","3016374013","0.325"
"3016374013","2148027061","0.325"
"2765944171","3016374013","0.860714"
"3016374013","2765944171","0.860714"
"2899434313","3016374013","2.41071"
"3016374013","2899434313","2.41071"
"1423153893","1972376392","0.0909091"
"1972376392","1423153893","0.0909091"
"1423153893","1973002078","0.0909091"
"1973002078","1423153893","0.0909091"
"1423153893","2054072622","0.233766"
"2054072622","1423153893","0.233766"
"1423153893","2078758046","0.0909091"
"2078758046","1423153893","0.0909091"
"1423153893","2121401786","0.590909"
"2121401786","1423153893","0.590909"
"1423153893","2303747302","0.233766"
"2303747302","1423153893","0.233766"
"1423153893","2728441325","0.0909091"
"2728441325","1423153893","0.0909091"
"1423153893","2953004062","0.0909091"
"2953004062","1423153893","0.0909091"
"1627982422","1972376392","0.942075"
"1972376392","1627982422","0.942075"
"1627982422","1973002078","1.19207"
"1973002078","1627982422","1.19207"
"1627982422","2054072622","0.190909"
"2054072622","1627982422","0.190909"
"1627982422","2078758046","0.417832"
"2078758046","1627982422","0.417832"
"1627982422","2121401786","0.515152"
"2121401786","1627982422","0.515152"
"1627982422","2303747302","0.617075"
"2303747302","1627982422","0.617075"
"1627982422","2728441325","1.74207"
"2728441325","1627982422","1.74207"
"1627982422","2953004062","0.0909091"
"2953004062","1627982422","0.0909091"
"1972376392","1973002078","1.84592"
"1973002078","1972376392","1.84592"
"1972376392","2054072622","1.54627"
"2054072622","1972376392","1.54627"
"1972376392","2066335447","0.976165"
"2066335447","1972376392","0.976165"
"1972376392","2078758046","0.86302"
"2078758046","1972376392","0.86302"
"1972376392","2121401786","1.77957"
"2121401786","1972376392","1.77957"
"1972376392","2303747302","2.28907"
"2303747302","1972376392","2.28907"
"1972376392","2728441325","0.617075"
"2728441325","1972376392","0.617075"
"1972376392","2899434313","0.424242"
"2899434313","1972376392","0.424242"
"1972376392","2953004062","0.153409"
"2953004062","1972376392","0.153409"
"1973002078","2054072622","1.50758"
"2054072622","1973002078","1.50758"
"1973002078","2066335447","1.10117"
"2066335447","1973002078","1.10117"
"1973002078","2078758046","0.471678"
"2078758046","1973002078","0.471678"
"1973002078","2121401786","2.13374"
"2121401786","1973002078","2.13374"
"1973002078","2303747302","0.985664"
"2303747302","1973002078","0.985664"
"1973002078","2728441325","1.24207"
"2728441325","1973002078","1.24207"
"1973002078","2899434313","0.674242"
"2899434313","1973002078","0.674242"
"1973002078","2953004062","0.0909091"
"2953004062","1973002078","0.0909091"
"2054072622","2066335447","0.190909"
"2066335447","2054072622","0.190909"
"2054072622","2078758046","0.333766"
"2078758046","2054072622","0.333766"
"2054072622","2121401786","0.570076"
"2121401786","2054072622","0.570076"
"2054072622","2303747302","5.04627"
"2303747302","2054072622","5.04627"
"2054072622","2728441325","0.0909091"
"2728441325","2054072622","0.0909091"
"2054072622","2899434313","0.333766"
"2899434313","2054072622","0.333766"
"2054072622","2953004062","0.153409"
"2953004062","2054072622","0.153409"
"2066335447","2078758046","0.417832"
"2078758046","2066335447","0.417832"
"2066335447","2121401786","1.17424"
"2121401786","2066335447","1.17424"
"2066335447","2303747302","1.27617"
"2303747302","2066335447","1.27617"
"2066335447","2728441325","0.651165"
"2728441325","2066335447","0.651165"
"2066335447","2953004062","0.0909091"
"2953004062","2066335447","0.0909091"
"2078758046","2121401786","0.384499"
"2121401786","2078758046","0.384499"
"2078758046","2303747302","1.05233"
"2303747302","2078758046","1.05233"
"2078758046","2728441325","0.317832"
"2728441325","2078758046","0.317832"
"2078758046","2899434313","0.190909"
"2899434313","2078758046","0.190909"
"2078758046","2953004062","0.0909091"
"2953004062","2078758046","0.0909091"
"2121401786","2303747302","1.62124"
"2303747302","2121401786","1.62124"
"2121401786","2728441325","1.31515"
"2728441325","2121401786","1.31515"
"2121401786","2899434313","0.174242"
"2899434313","2121401786","0.174242"
"2121401786","2953004062","0.153409"
"2953004062","2121401786","0.153409"
"2303747302","2728441325","0.492075"
"2728441325","2303747302","0.492075"
"2303747302","2899434313","0.3171"
"2899434313","2303747302","0.3171"
"2303747302","2953004062","0.153409"
"2953004062","2303747302","0.153409"
"2728441325","2899434313","0.424242"
"2899434313","2728441325","0.424242"
"2728441325","2953004062","0.0909091"
"2953004062","2728441325","0.0909091"
"2899434313","2953004062","0.0909091"
"2953004062","2899434313","0.0909091"
"1627982422","1999684908","0.636905"
"1999684908","1627982422","0.636905"
"1627982422","3016374013","1.03571"
"3016374013","1627982422","1.03571"
"1423153893","2033172550","0.833333"
"2033172550","1423153893","0.833333"
"2033172550","2765944171","0.333333"
"2765944171","2033172550","0.333333"
"2033172550","2899434313","0.458333"
"2899434313","2033172550","0.458333"
"2033172550","2121401786","3.85609"
"2121401786","2033172550","3.85609"
"1423153893","2155668133","0.142857"
"2155668133","1423153893","0.142857"
"1423153893","2901911814","0.142857"
"2901911814","1423153893","0.142857"
"1423153893","2958971529","0.142857"
"2958971529","1423153893","0.142857"
"2054072622","2155668133","0.948214"
"2155668133","2054072622","0.948214"
"2054072622","2765944171","0.142857"
"2765944171","2054072622","0.142857"
"2054072622","2901911814","0.142857"
"2901911814","2054072622","0.142857"
"2054072622","2958971529","0.142857"
"2958971529","2054072622","0.142857"
"2155668133","2303747302","0.862933"
"2303747302","2155668133","0.862933"
"2155668133","2765944171","0.142857"
"2765944171","2155668133","0.142857"
"2155668133","2899434313","0.742857"
"2899434313","2155668133","0.742857"
"2155668133","2901911814","0.142857"
"2901911814","2155668133","0.142857"
"2155668133","2958971529","0.142857"
"2958971529","2155668133","0.142857"
"2303747302","2765944171","0.142857"
"2765944171","2303747302","0.142857"
"2303747302","2901911814","0.317857"
"2901911814","2303747302","0.317857"
"2303747302","2958971529","0.21978"
"2958971529","2303747302","0.21978"
"2765944171","2901911814","0.142857"
"2901911814","2765944171","0.142857"
"2765944171","2958971529","0.142857"
"2958971529","2765944171","0.142857"
"2899434313","2901911814","0.392857"
"2901911814","2899434313","0.392857"
"2899434313","2958971529","0.142857"
"2958971529","2899434313","0.142857"
"2901911814","2958971529","0.142857"
"2958971529","2901911814","0.142857"
"1423153893","2107355210","0.5"
"2107355210","1423153893","0.5"
"1423153893","2229332794","0.5"
"2229332794","1423153893","0.5"
"2107355210","2229332794","0.5"
"2229332794","2107355210","0.5"
"1423153893","1604261882","0.2"
"1604261882","1423153893","0.2"
"1604261882","1999684908","0.2"
"1999684908","1604261882","0.2"
"1604261882","2148027061","0.2"
"2148027061","1604261882","0.2"
"1604261882","2765944171","0.7"
"2765944171","1604261882","0.7"
"1604261882","3016374013","0.2"
"3016374013","1604261882","0.2"
"1481853140","1485738204","10.8333"
"1485738204","1481853140","10.8333"
"1481853140","2142507905","1.5"
"2142507905","1481853140","1.5"
"1485738204","2142507905","2.5"
"2142507905","1485738204","2.5"
"1481853140","1568331579","0.333333"
"1568331579","1481853140","0.333333"
"1481853140","1773825873","0.333333"
"1773825873","1481853140","0.333333"
"1485738204","1568331579","0.333333"
"1568331579","1485738204","0.333333"
"1485738204","1773825873","0.333333"
"1773825873","1485738204","0.333333"
"1568331579","1773825873","0.833333"
"1773825873","1568331579","0.833333"
"1490216362","2163707446","3"
"2163707446","1490216362","3"
"1490216362","1532129485","0.5"
"1532129485","1490216362","0.5"
"1490216362","1606762416","2"
"1606762416","1490216362","2"
"1532129485","1606762416","3"
"1606762416","1532129485","3"
"1490216362","2107355210","1.5"
"2107355210","1490216362","1.5"
"1606762416","2107355210","1.33333"
"2107355210","1606762416","1.33333"
"1491850287","2007683451","0.5"
"2007683451","1491850287","0.5"
"1491850287","2109229478","0.5"
"2109229478","1491850287","0.5"
"1495348261","1568886083","0.325"
"1568886083","1495348261","0.325"
"1495348261","1583131843","0.325"
"1583131843","1495348261","0.325"
"1495348261","1604775357","0.325"
"1604775357","1495348261","0.325"
"1504720407","1524543221","0.325"
"1524543221","1504720407","0.325"
"1518787404","1524543221","0.125"
"1524543221","1518787404","0.125"
"1524543221","1568886083","0.125"
"1568886083","1524543221","0.125"
"1524543221","1583131843","0.125"
"1583131843","1524543221","0.125"
"1524543221","1604775357","0.325"
"1604775357","1524543221","0.325"
"1524543221","1973006770","0.325"
"1973006770","1524543221","0.325"
"1524543221","2112163170","0.325"
"2112163170","1524543221","0.325"
"1495348261","2140329953","0.166667"
"2140329953","1495348261","0.166667"
"1518787404","2140329953","0.166667"
"2140329953","1518787404","0.166667"
"2112163170","2140329953","0.166667"
"2140329953","2112163170","0.166667"
"2115905651","2140329953","1"
"2140329953","2115905651","1"
"2126720065","2140329953","10"
"2140329953","2126720065","10"
"2140329953","58626289","0.666667"
"58626289","2140329953","0.666667"
"1495348261","1989455386","0.2"
"1989455386","1495348261","0.2"
"1504720407","1568331579","0.166667"
"1568331579","1504720407","0.166667"
"1568331579","2112163170","0.166667"
"2112163170","1568331579","0.166667"
"1568331579","2115905651","0.166667"
"2115905651","1568331579","0.166667"
"1568331579","2126720065","0.5"
"2126720065","1568331579","0.5"
"1568331579","58626289","0.5"
"58626289","1568331579","0.5"
"1514030063","2150492351","2.52541"
"2150492351","1514030063","2.52541"
"1514030063","1835679808","2.43182"
"1835679808","1514030063","2.43182"
"1514030063","1965201404","1.02541"
"1965201404","1514030063","1.02541"
"1514030063","1972376392","0.325408"
"1972376392","1514030063","0.325408"
"1514030063","2030050965","1.06076"
"2030050965","1514030063","1.06076"
"1514030063","2044167811","1.05051"
"2044167811","1514030063","1.05051"
"1514030063","2044492647","0.436519"
"2044492647","1514030063","0.436519"
"1514030063","2064483758","0.59561"
"2064483758","1514030063","0.59561"
"1514030063","2078758046","0.810761"
"2078758046","1514030063","0.810761"
"1514030063","2112268371","2.11985"
"2112268371","1514030063","2.11985"
"1514030063","2114564057","0.14359"
"2114564057","1514030063","0.14359"
"1514030063","2148027061","0.977428"
"2148027061","1514030063","0.977428"
"1514030063","2155668133","0.531818"
"2155668133","1514030063","0.531818"
"1514030063","2229332794","0.157576"
"2229332794","1514030063","0.157576"
"1514030063","2303747302","0.157576"
"2303747302","1514030063","0.157576"
"1835679808","1965201404","1.469"
"1965201404","1835679808","1.469"
"1835679808","1972376392","0.409499"
"1972376392","1835679808","0.409499"
"1835679808","2030050965","0.781818"
"2030050965","1835679808","0.781818"
"1835679808","2044167811","1.33374"
"2044167811","1835679808","1.33374"
"1835679808","2044492647","0.401166"
"2044492647","1835679808","0.401166"
"1835679808","2064483758","1.06859"
"2064483758","1835679808","1.06859"
"1835679808","2078758046","1.30233"
"2078758046","1835679808","1.30233"
"1835679808","2112268371","0.725408"
"2112268371","1835679808","0.725408"
"1835679808","2114564057","0.337179"
"2114564057","1835679808","0.337179"
"1835679808","2148027061","1.219"
"2148027061","1835679808","1.219"
"1835679808","2150492351","0.751166"
"2150492351","1835679808","0.751166"
"1835679808","2155668133","0.784499"
"2155668133","1835679808","0.784499"
"1835679808","2229332794","0.157576"
"2229332794","1835679808","0.157576"
"1835679808","2303747302","0.360256"
"2303747302","1835679808","0.360256"
"1965201404","1972376392","0.591754"
"1972376392","1965201404","0.591754"
"1965201404","2030050965","1.35457"
"2030050965","1965201404","1.35457"
"1965201404","2044167811","2.86215"
"2044167811","1965201404","2.86215"
"1965201404","2044492647","3.95085"
"2044492647","1965201404","3.95085"
"1965201404","2064483758","1.18834"
"2064483758","1965201404","1.18834"
"1965201404","2078758046","1.55618"
"2078758046","1965201404","1.55618"
"1965201404","2112268371","2.61483"
"2112268371","1965201404","2.61483"
"1965201404","2150492351","1.42809"
"2150492351","1965201404","1.42809"
"1965201404","2155668133","1.28033"
"2155668133","1965201404","1.28033"
"1965201404","2229332794","0.157576"
"2229332794","1965201404","0.157576"
"1965201404","2303747302","0.590589"
"2303747302","1965201404","0.590589"
"1972376392","2030050965","0.580765"
"2030050965","1972376392","0.580765"
"1972376392","2044167811","0.794751"
"2044167811","1972376392","0.794751"
"1972376392","2044492647","0.541754"
"2044492647","1972376392","0.541754"
"1972376392","2064483758","1.42092"
"2064483758","1972376392","1.42092"
"1972376392","2112268371","0.346999"
"2112268371","1972376392","0.346999"
"1972376392","2114564057","1.19744"
"2114564057","1972376392","1.19744"
"1972376392","2148027061","1.29026"
"2148027061","1972376392","1.29026"
"1972376392","2150492351","0.284499"
"2150492351","1972376392","0.284499"
"1972376392","2155668133","0.453842"
"2155668133","1972376392","0.453842"
"1972376392","2229332794","0.157576"
"2229332794","1972376392","0.157576"
"2030050965","2044167811","2.5892"
"2044167811","2030050965","2.5892"
"2030050965","2044492647","0.499019"
"2044492647","2030050965","0.499019"
"2030050965","2064483758","0.39561"
"2064483758","2030050965","0.39561"
"2030050965","2078758046","1.10362"
"2078758046","2030050965","1.10362"
"2030050965","2112268371","1.08235"
"2112268371","2030050965","1.08235"
"2030050965","2114564057","0.19359"
"2114564057","2030050965","0.19359"
"2030050965","2148027061","2.16612"
"2148027061","2030050965","2.16612"
"2030050965","2150492351","3.90874"
"2150492351","2030050965","3.90874"
"2030050965","2155668133","2.07051"
"2155668133","2030050965","2.07051"
"2030050965","2229332794","0.157576"
"2229332794","2030050965","0.157576"
"2030050965","2303747302","0.270076"
"2303747302","2030050965","0.270076"
"2044167811","2044492647","0.922096"
"2044492647","2044167811","0.922096"
"2044167811","2064483758","1.40126"
"2064483758","2044167811","1.40126"
"2044167811","2078758046","1.18695"
"2078758046","2044167811","1.18695"
"2044167811","2112268371","1.59902"
"2112268371","2044167811","1.59902"
"2044167811","2114564057","0.460256"
"2114564057","2044167811","0.460256"
"2044167811","2148027061","1.63203"
"2148027061","2044167811","1.63203"
"2044167811","2150492351","1.15874"
"2150492351","2044167811","1.15874"
"2044167811","2155668133","1.28077"
"2155668133","2044167811","1.28077"
"2044167811","2229332794","0.157576"
"2229332794","2044167811","0.157576"
"2044167811","2303747302","0.602652"
"2303747302","2044167811","0.602652"
"2044492647","2064483758","0.666123"
"2064483758","2044492647","0.666123"
"2044492647","2078758046","0.590365"
"2078758046","2044492647","0.590365"
"2044492647","2112268371","0.741443"
"2112268371","2044492647","0.741443"
"2044492647","2114564057","0.297436"
"2114564057","2044492647","0.297436"
"2044492647","2148027061","0.575942"
"2148027061","2044492647","0.575942"
"2044492647","2150492351","0.234499"
"2150492351","2044492647","0.234499"
"2044492647","2155668133","0.310985"
"2155668133","2044492647","0.310985"
"2044492647","2229332794","0.157576"
"2229332794","2044492647","0.157576"
"2044492647","2303747302","0.540589"
"2303747302","2044492647","0.540589"
"2064483758","2078758046","0.982789"
"2078758046","2064483758","0.982789"
"2064483758","2112268371","0.554701"
"2112268371","2064483758","0.554701"
"2064483758","2114564057","1.03077"
"2114564057","2064483758","1.03077"
"2064483758","2148027061","1.35511"
"2148027061","2064483758","1.35511"
"2064483758","2150492351","0.284499"
"2150492351","2064483758","0.284499"
"2064483758","2155668133","0.157576"
"2155668133","2064483758","0.157576"
"2064483758","2229332794","0.0666667"
"2229332794","2064483758","0.0666667"
"2064483758","2303747302","0.927331"
"2303747302","2064483758","0.927331"
"2078758046","2112268371","0.913442"
"2112268371","2078758046","0.913442"
"2078758046","2114564057","1.09103"
"2114564057","2078758046","1.09103"
"2078758046","2148027061","1.4908"
"2148027061","2078758046","1.4908"
"2078758046","2150492351","0.818998"
"2150492351","2078758046","0.818998"
"2078758046","2155668133","0.918265"
"2155668133","2078758046","0.918265"
"2078758046","2229332794","0.157576"
"2229332794","2078758046","0.157576"
"2112268371","2114564057","0.337179"
"2114564057","2112268371","0.337179"
"2112268371","2148027061","1.14261"
"2148027061","2112268371","1.14261"
"2112268371","2150492351","1.62809"
"2150492351","2112268371","1.62809"
"2112268371","2155668133","0.646999"
"2155668133","2112268371","0.646999"
"2112268371","2229332794","0.157576"
"2229332794","2112268371","0.157576"
"2112268371","2303747302","0.179167"
"2303747302","2112268371","0.179167"
"2114564057","2150492351","0.337179"
"2150492351","2114564057","0.337179"
"2114564057","2155668133","0.210256"
"2155668133","2114564057","0.210256"
"2114564057","2229332794","0.0666667"
"2229332794","2114564057","0.0666667"
"2114564057","2303747302","1.49551"
"2303747302","2114564057","1.49551"
"2148027061","2150492351","0.985664"
"2150492351","2148027061","0.985664"
"2148027061","2155668133","1.98077"
"2155668133","2148027061","1.98077"
"2148027061","2229332794","0.157576"
"2229332794","2148027061","0.157576"
"2148027061","2303747302","0.521241"
"2303747302","2148027061","0.521241"
"2150492351","2155668133","3.3345"
"2155668133","2150492351","3.3345"
"2150492351","2229332794","0.0666667"
"2229332794","2150492351","0.0666667"
"2150492351","2303747302","0.207576"
"2303747302","2150492351","0.207576"
"2155668133","2229332794","0.157576"
"2229332794","2155668133","0.157576"
"2229332794","2303747302","0.0666667"
"2303747302","2229332794","0.0666667"
"1514030063","1773825873","0.174242"
"1773825873","1514030063","0.174242"
"1514030063","2038585278","0.174242"
"2038585278","1514030063","0.174242"
"1514030063","2115905651","1.17424"
"2115905651","1514030063","1.17424"
"1514030063","58626289","0.0833333"
"58626289","1514030063","0.0833333"
"1773825873","1835679808","0.174242"
"1835679808","1773825873","0.174242"
"1773825873","1965201404","0.174242"
"1965201404","1773825873","0.174242"
"1773825873","2030050965","0.174242"
"2030050965","1773825873","0.174242"
"1773825873","2044167811","0.174242"
"2044167811","1773825873","0.174242"
"1773825873","2078758046","0.174242"
"2078758046","1773825873","0.174242"
"1773825873","2112268371","0.174242"
"2112268371","1773825873","0.174242"
"1773825873","2148027061","0.174242"
"2148027061","1773825873","0.174242"
"1773825873","2155668133","0.0833333"
"2155668133","1773825873","0.0833333"
"1835679808","2038585278","1.31783"
"2038585278","1835679808","1.31783"
"1835679808","2115905651","1.17424"
"2115905651","1835679808","1.17424"
"1835679808","58626289","0.0833333"
"58626289","1835679808","0.0833333"
"1965201404","2038585278","0.484499"
"2038585278","1965201404","0.484499"
"1965201404","2115905651","0.174242"
"2115905651","1965201404","0.174242"
"1965201404","58626289","0.0833333"
"58626289","1965201404","0.0833333"
"2030050965","2038585278","0.174242"
"2038585278","2030050965","0.174242"
"2030050965","2115905651","0.674242"
"2115905651","2030050965","0.674242"
"2030050965","58626289","0.0833333"
"58626289","2030050965","0.0833333"
"2038585278","2044167811","0.484499"
"2044167811","2038585278","0.484499"
"2038585278","2078758046","0.484499"
"2078758046","2038585278","0.484499"
"2038585278","2112268371","0.317832"
"2112268371","2038585278","0.317832"
"2038585278","2148027061","0.484499"
"2148027061","2038585278","0.484499"
"2038585278","2155668133","0.226923"
"2155668133","2038585278","0.226923"
"2044167811","2115905651","1.17424"
"2115905651","2044167811","1.17424"
"2044167811","58626289","0.0833333"
"58626289","2044167811","0.0833333"
"2078758046","2115905651","0.174242"
"2115905651","2078758046","0.174242"
"2078758046","58626289","0.0833333"
"58626289","2078758046","0.0833333"
"2112268371","2115905651","0.174242"
"2115905651","2112268371","0.174242"
"2112268371","58626289","0.0833333"
"58626289","2112268371","0.0833333"
"2115905651","2148027061","0.174242"
"2148027061","2115905651","0.174242"
"2115905651","2155668133","0.0833333"
"2155668133","2115905651","0.0833333"
"2148027061","58626289","0.0833333"
"58626289","2148027061","0.0833333"
"2155668133","58626289","0.0833333"
"58626289","2155668133","0.0833333"
"1514030063","1627982422","0.1"
"1627982422","1514030063","0.1"
"1514030063","2054072622","0.1"
"2054072622","1514030063","0.1"
"1514030063","2066335447","0.1"
"2066335447","1514030063","0.1"
"1514030063","2899434313","0.1"
"2899434313","1514030063","0.1"
"1627982422","1965201404","0.817832"
"1965201404","1627982422","0.817832"
"1627982422","2030050965","0.15"
"2030050965","1627982422","0.15"
"1627982422","2150492351","0.15"
"2150492351","1627982422","0.15"
"1627982422","2155668133","0.1"
"2155668133","1627982422","0.1"
"1965201404","2054072622","0.1625"
"2054072622","1965201404","0.1625"
"2030050965","2054072622","0.305357"
"2054072622","2030050965","0.305357"
"2030050965","2066335447","0.15"
"2066335447","2030050965","0.15"
"2030050965","2899434313","0.1"
"2899434313","2030050965","0.1"
"2054072622","2148027061","0.555357"
"2148027061","2054072622","0.555357"
"2054072622","2150492351","0.1"
"2150492351","2054072622","0.1"
"2066335447","2150492351","0.15"
"2150492351","2066335447","0.15"
"2066335447","2155668133","0.1"
"2155668133","2066335447","0.1"
"2150492351","2899434313","0.6"
"2899434313","2150492351","0.6"
"1514030063","2033172550","0.111111"
"2033172550","1514030063","0.111111"
"1514030063","2088513711","0.188034"
"2088513711","1514030063","0.188034"
"2030050965","2033172550","0.223611"
"2033172550","2030050965","0.223611"
"2030050965","2088513711","0.350534"
"2088513711","2030050965","0.350534"
"2033172550","2044167811","0.173611"
"2044167811","2033172550","0.173611"
"2033172550","2044492647","0.327457"
"2044492647","2033172550","0.327457"
"2033172550","2064483758","1.53996"
"2064483758","2033172550","1.53996"
"2033172550","2078758046","1.41496"
"2078758046","2033172550","1.41496"
"2033172550","2088513711","0.327457"
"2088513711","2033172550","0.327457"
"2033172550","2112268371","0.223611"
"2112268371","2033172550","0.223611"
"2033172550","2148027061","0.300534"
"2148027061","2033172550","0.300534"
"2044167811","2088513711","0.417201"
"2088513711","2044167811","0.417201"
"2044492647","2088513711","0.40438"
"2088513711","2044492647","0.40438"
"2064483758","2088513711","0.34188"
"2088513711","2064483758","0.34188"
"2078758046","2088513711","0.58547"
"2088513711","2078758046","0.58547"
"2088513711","2112268371","0.494124"
"2112268371","2088513711","0.494124"
"2088513711","2148027061","0.571047"
"2148027061","2088513711","0.571047"
"1514030063","2136818371","0.440909"
"2136818371","1514030063","0.440909"
"2030050965","2136818371","1.69627"
"2136818371","2030050965","1.69627"
"2044167811","2136818371","1.41486"
"2136818371","2044167811","1.41486"
"2112268371","2136818371","0.70609"
"2136818371","2112268371","0.70609"
"1514030063","2123843803","0.75"
"2123843803","1514030063","0.75"
"1965201404","2123843803","0.867832"
"2123843803","1965201404","0.867832"
"2064483758","2123843803","1.68258"
"2123843803","2064483758","1.68258"
"2112268371","2123843803","0.94359"
"2123843803","2112268371","0.94359"
"1972376392","2136818371","0.471266"
"2136818371","1972376392","0.471266"
"2044492647","2136818371","0.153409"
"2136818371","2044492647","0.153409"
"2064483758","2136818371","0.265909"
"2136818371","2064483758","0.265909"
"2078758046","2136818371","0.627356"
"2136818371","2078758046","0.627356"
"2136818371","2148027061","0.689856"
"2148027061","2136818371","0.689856"
"2136818371","2150492351","0.884499"
"2150492351","2136818371","0.884499"
"2136818371","2155668133","1.03986"
"2155668133","2136818371","1.03986"
"2136818371","2303747302","0.203409"
"2303747302","2136818371","0.203409"
"2123843803","2150492351","0.69359"
"2150492351","2123843803","0.69359"
"1514030063","1973002078","0.0769231"
"1973002078","1514030063","0.0769231"
"1514030063","2958971529","0.0769231"
"2958971529","1514030063","0.0769231"
"1965201404","1973002078","0.371678"
"1973002078","1965201404","0.371678"
"1965201404","2088513711","0.536859"
"2088513711","1965201404","0.536859"
"1965201404","2958971529","0.153846"
"2958971529","1965201404","0.153846"
"1972376392","2088513711","0.959936"
"2088513711","1972376392","0.959936"
"1972376392","2958971529","0.353846"
"2958971529","1972376392","0.353846"
"1973002078","2030050965","0.126923"
"2030050965","1973002078","0.126923"
"1973002078","2044492647","0.230769"
"2044492647","1973002078","0.230769"
"1973002078","2064483758","0.930012"
"2064483758","1973002078","0.930012"
"1973002078","2088513711","0.564103"
"2088513711","1973002078","0.564103"
"1973002078","2112268371","0.126923"
"2112268371","1973002078","0.126923"
"1973002078","2114564057","1.2141"
"2114564057","1973002078","1.2141"
"1973002078","2148027061","0.378089"
"2148027061","1973002078","0.378089"
"1973002078","2150492351","0.126923"
"2150492351","1973002078","0.126923"
"1973002078","2958971529","2.18718"
"2958971529","1973002078","2.18718"
"2030050965","2958971529","0.0769231"
"2958971529","2030050965","0.0769231"
"2044492647","2958971529","0.153846"
"2958971529","2044492647","0.153846"
"2064483758","2958971529","0.153846"
"2958971529","2064483758","0.153846"
"2078758046","2958971529","0.153846"
"2958971529","2078758046","0.153846"
"2088513711","2114564057","0.374359"
"2114564057","2088513711","0.374359"
"2088513711","2150492351","0.320513"
"2150492351","2088513711","0.320513"
"2088513711","2958971529","2.65385"
"2958971529","2088513711","2.65385"
"2112268371","2958971529","0.0769231"
"2958971529","2112268371","0.0769231"
"2114564057","2958971529","0.487179"
"2958971529","2114564057","0.487179"
"2148027061","2958971529","0.0769231"
"2958971529","2148027061","0.0769231"
"2150492351","2958971529","0.0769231"
"2958971529","2150492351","0.0769231"
"2044167811","2123843803","1.44283"
"2123843803","2044167811","1.44283"
"2123843803","2148027061","0.826165"
"2148027061","2123843803","0.826165"
"1835679808","2136818371","0.71859"
"2136818371","1835679808","0.71859"
"1965201404","2136818371","0.65609"
"2136818371","1965201404","0.65609"
"1773825873","2150492351","0.0909091"
"2150492351","1773825873","0.0909091"
"2038585278","2150492351","0.234499"
"2150492351","2038585278","0.234499"
"2115905651","2150492351","0.0909091"
"2150492351","2115905651","0.0909091"
"1524543221","1531445544","4"
"1531445544","1524543221","4"
"1531088572","1548726752","1.25"
"1548726752","1531088572","1.25"
"1531088572","1564514512","1.5"
"1564514512","1531088572","1.5"
"1531088572","2091679483","1.75"
"2091679483","1531088572","1.75"
"1531088572","2168935341","0.5"
"2168935341","1531088572","0.5"
"1548726752","1564514512","1.75"
"1564514512","1548726752","1.75"
"1548726752","2091679483","2.25"
"2091679483","1548726752","2.25"
"1548726752","2168935341","1.25"
"2168935341","1548726752","1.25"
"1564514512","2091679483","1.5"
"2091679483","1564514512","1.5"
"1564514512","2168935341","1"
"2168935341","1564514512","1"
"2091679483","2168935341","0.5"
"2168935341","2091679483","0.5"
"1531088572","2041375084","0.25"
"2041375084","1531088572","0.25"
"1564514512","2041375084","0.25"
"2041375084","1564514512","0.25"
"2041375084","2091679483","0.25"
"2091679483","2041375084","0.25"
"2041375084","2168935341","2.08333"
"2168935341","2041375084","2.08333"
"1531088572","1976170358","0.25"
"1976170358","1531088572","0.25"
"1531088572","2118867530","0.25"
"2118867530","1531088572","0.25"
"1531088572","2148389173","0.25"
"2148389173","1531088572","0.25"
"1976170358","2091679483","0.25"
"2091679483","1976170358","0.25"
"1976170358","2118867530","1.39286"
"2118867530","1976170358","1.39286"
"1976170358","2148389173","4.22619"
"2148389173","1976170358","4.22619"
"2091679483","2118867530","0.25"
"2118867530","2091679483","0.25"
"2091679483","2148389173","0.25"
"2148389173","2091679483","0.25"
"2118867530","2148389173","1.39286"
"2148389173","2118867530","1.39286"
"1531407324","1835679808","0.0666667"
"1835679808","1531407324","0.0666667"
"1531407324","1965201404","0.0666667"
"1965201404","1531407324","0.0666667"
