"113575107","1590652847","6.47619"
"1590652847","113575107","6.47619"
"113575107","2479167044","1.34488"
"2479167044","113575107","1.34488"
"1590652847","2479167044","1.38571"
"2479167044","1590652847","1.38571"
"113575107","1963503386","0.162338"
"1963503386","113575107","0.162338"
"113575107","1966538283","0.162338"
"1966538283","113575107","0.162338"
"113575107","1966691458","2.97742"
"1966691458","113575107","2.97742"
"113575107","1970531334","0.162338"
"1970531334","113575107","0.162338"
"113575107","1973429506","0.162338"
"1973429506","113575107","0.162338"
"113575107","1973510656","0.305195"
"1973510656","113575107","0.305195"
"113575107","1981982250","1.99323"
"1981982250","113575107","1.99323"
"113575107","1995734985","0.844877"
"1995734985","113575107","0.844877"
"113575107","1998006504","0.38456"
"1998006504","113575107","0.38456"
"113575107","2007775866","0.273449"
"2007775866","113575107","0.273449"
"113575107","2010395898","0.273449"
"2010395898","113575107","0.273449"
"113575107","2018077134","0.495671"
"2018077134","113575107","0.495671"
"113575107","2031731345","0.0909091"
"2031731345","113575107","0.0909091"
"113575107","2037465598","0.477356"
"2037465598","113575107","0.477356"
"113575107","2066046820","0.162338"
"2066046820","113575107","0.162338"
"113575107","2078205535","0.20202"
"2078205535","113575107","0.20202"
"113575107","2098307847","0.0909091"
"2098307847","113575107","0.0909091"
"113575107","2105361141","0.0909091"
"2105361141","113575107","0.0909091"
"113575107","2124892836","0.0909091"
"2124892836","113575107","0.0909091"
"113575107","2158317811","0.122378"
"2158317811","113575107","0.122378"
"113575107","909055189","0.162338"
"909055189","113575107","0.162338"
"1963503386","1966538283","0.412338"
"1966538283","1963503386","0.412338"
"1963503386","1966691458","0.508009"
"1966691458","1963503386","0.508009"
"1963503386","1970531334","12.5628"
"1970531334","1963503386","12.5628"
"1963503386","1973429506","1.10801"
"1973429506","1963503386","1.10801"
"1963503386","1973510656","0.779437"
"1973510656","1963503386","0.779437"
"1963503386","1981982250","0.912338"
"1981982250","1963503386","0.912338"
"1963503386","1995734985","0.345671"
"1995734985","1963503386","0.345671"
"1963503386","1998006504","0.579437"
"1998006504","1963503386","0.579437"
"1963503386","2007775866","0.488528"
"2007775866","1963503386","0.488528"
"1963503386","2010395898","0.779437"
"2010395898","1963503386","0.779437"
"1963503386","2018077134","3.84567"
"2018077134","1963503386","3.84567"
"1963503386","2031731345","0.3171"
"2031731345","1963503386","0.3171"
"1963503386","2037465598","0.0909091"
"2037465598","1963503386","0.0909091"
"1963503386","2066046820","0.412338"
"2066046820","1963503386","0.412338"
"1963503386","2078205535","0.508009"
"2078205535","1963503386","0.508009"
"1963503386","2098307847","0.324675"
"2098307847","1963503386","0.324675"
"1963503386","2105361141","0.324675"
"2105361141","1963503386","0.324675"
"1963503386","2124892836","0.408009"
"2124892836","1963503386","0.408009"
"1963503386","2158317811","0.0454545"
"2158317811","1963503386","0.0454545"
"1963503386","2479167044","0.4171"
"2479167044","1963503386","0.4171"
"1963503386","909055189","0.412338"
"909055189","1963503386","0.412338"
"1966538283","1966691458","0.162338"
"1966691458","1966538283","0.162338"
"1966538283","1970531334","0.162338"
"1970531334","1966538283","0.162338"
"1966538283","1973429506","0.162338"
"1973429506","1966538283","0.162338"
"1966538283","1973510656","0.162338"
"1973510656","1966538283","0.162338"
"1966538283","1981982250","4.36234"
"1981982250","1966538283","4.36234"
"1966538283","1995734985","0.0909091"
"1995734985","1966538283","0.0909091"
"1966538283","1998006504","0.162338"
"1998006504","1966538283","0.162338"
"1966538283","2007775866","0.162338"
"2007775866","1966538283","0.162338"
"1966538283","2010395898","0.162338"
"2010395898","1966538283","0.162338"
"1966538283","2018077134","0.162338"
"2018077134","1966538283","0.162338"
"1966538283","2031731345","0.0909091"
"2031731345","1966538283","0.0909091"
"1966538283","2037465598","0.0909091"
"2037465598","1966538283","0.0909091"
"1966538283","2066046820","7.529"
"2066046820","1966538283","7.529"
"1966538283","2078205535","0.0909091"
"2078205535","1966538283","0.0909091"
"1966538283","2098307847","0.0909091"
"2098307847","1966538283","0.0909091"
"1966538283","2105361141","0.0909091"
"2105361141","1966538283","0.0909091"
"1966538283","2124892836","0.0909091"
"2124892836","1966538283","0.0909091"
"1966538283","2158317811","0.0454545"
"2158317811","1966538283","0.0454545"
"1966538283","2479167044","0.0909091"
"2479167044","1966538283","0.0909091"
"1966538283","909055189","8.529"
"909055189","1966538283","8.529"
"1966691458","1970531334","0.408009"
"1970531334","1966691458","0.408009"
"1966691458","1973429506","3.01991"
"1973429506","1966691458","3.01991"
"1966691458","1973510656","2.16991"
"1973510656","1966691458","2.16991"
"1966691458","1981982250","2.96631"
"1981982250","1966691458","2.96631"
"1966691458","1995734985","3.34726"
"1995734985","1966691458","3.34726"
"1966691458","1998006504","2.57706"
"1998006504","1966691458","2.57706"
"1966691458","2007775866","1.9544"
"2007775866","1966691458","1.9544"
"1966691458","2010395898","1.37864"
"2010395898","1966691458","1.37864"
"1966691458","2018077134","0.162338"
"2018077134","1966691458","0.162338"
"1966691458","2031731345","1.21789"
"2031731345","1966691458","1.21789"
"1966691458","2037465598","0.757576"
"2037465598","1966691458","0.757576"
"1966691458","2066046820","0.495671"
"2066046820","1966691458","0.495671"
"1966691458","2078205535","1.80721"
"2078205535","1966691458","1.80721"
"1966691458","2098307847","3.91277"
"2098307847","1966691458","3.91277"
"1966691458","2105361141","0.662771"
"2105361141","1966691458","0.662771"
"1966691458","2124892836","0.801659"
"2124892836","1966691458","0.801659"
"1966691458","2158317811","0.0454545"
"2158317811","1966691458","0.0454545"
"1966691458","2479167044","1.16789"
"2479167044","1966691458","1.16789"
"1966691458","909055189","0.495671"
"909055189","1966691458","0.495671"
"1970531334","1973429506","0.408009"
"1973429506","1970531334","0.408009"
"1970531334","1973510656","0.479437"
"1973510656","1970531334","0.479437"
"1970531334","1981982250","0.162338"
"1981982250","1970531334","0.162338"
"1970531334","1995734985","0.245671"
"1995734985","1970531334","0.245671"
"1970531334","1998006504","0.479437"
"1998006504","1970531334","0.479437"
"1970531334","2007775866","0.388528"
"2007775866","1970531334","0.388528"
"1970531334","2010395898","0.479437"
"2010395898","1970531334","0.479437"
"1970531334","2018077134","2.74567"
"2018077134","1970531334","2.74567"
"1970531334","2031731345","0.3171"
"2031731345","1970531334","0.3171"
"1970531334","2037465598","0.0909091"
"2037465598","1970531334","0.0909091"
"1970531334","2066046820","0.162338"
"2066046820","1970531334","0.162338"
"1970531334","2078205535","0.408009"
"2078205535","1970531334","0.408009"
"1970531334","2098307847","0.324675"
"2098307847","1970531334","0.324675"
"1970531334","2105361141","0.324675"
"2105361141","1970531334","0.324675"
"1970531334","2124892836","0.408009"
"2124892836","1970531334","0.408009"
"1970531334","2158317811","0.0454545"
"2158317811","1970531334","0.0454545"
"1970531334","2479167044","0.3171"
"2479167044","1970531334","0.3171"
"1970531334","909055189","0.162338"
"909055189","1970531334","0.162338"
"1973429506","1973510656","2.17074"
"1973510656","1973429506","2.17074"
"1973429506","1981982250","0.362338"
"1981982250","1973429506","0.362338"
"1973429506","1995734985","1.01631"
"1995734985","1973429506","1.01631"
"1973429506","1998006504","2.51797"
"1998006504","1973429506","2.51797"
"1973429506","2007775866","2.44928"
"2007775866","1973429506","2.44928"
"1973429506","2010395898","1.97233"
"2010395898","1973429506","1.97233"
"1973429506","2018077134","0.362338"
"2018077134","1973429506","0.362338"
"1973429506","2031731345","0.808802"
"2031731345","1973429506","0.808802"
"1973429506","2037465598","0.0909091"
"2037465598","1973429506","0.0909091"
"1973429506","2066046820","0.162338"
"2066046820","1973429506","0.162338"
"1973429506","2078205535","2.06757"
"2078205535","1973429506","2.06757"
"1973429506","2098307847","2.38265"
"2098307847","1973429506","2.38265"
"1973429506","2105361141","2.01757"
"2105361141","1973429506","2.01757"
"1973429506","2124892836","1.77312"
"2124892836","1973429506","1.77312"
"1973429506","2158317811","0.0454545"
"2158317811","1973429506","0.0454545"
"1973429506","2479167044","1.09491"
"2479167044","1973429506","1.09491"
"1973429506","909055189","0.162338"
"909055189","1973429506","0.162338"
"1973510656","1981982250","0.771861"
"1981982250","1973510656","0.771861"
"1973510656","1995734985","2.09329"
"1995734985","1973510656","2.09329"
"1973510656","1998006504","2.964"
"1998006504","1973510656","2.964"
"1973510656","2007775866","2.75245"
"2007775866","1973510656","2.75245"
"1973510656","2010395898","3.2517"
"2010395898","1973510656","3.2517"
"1973510656","2018077134","0.362338"
"2018077134","1973510656","0.362338"
"1973510656","2031731345","0.713564"
"2031731345","1973510656","0.713564"
"1973510656","2037465598","0.400433"
"2037465598","1973510656","0.400433"
"1973510656","2066046820","0.162338"
"2066046820","1973510656","0.162338"
"1973510656","2078205535","2.64693"
"2078205535","1973510656","2.64693"
"1973510656","2098307847","5.20249"
"2098307847","1973510656","5.20249"
"1973510656","2105361141","2.00408"
"2105361141","1973510656","2.00408"
"1973510656","2124892836","2.14535"
"2124892836","1973510656","2.14535"
"1973510656","2158317811","0.0454545"
"2158317811","1973510656","0.0454545"
"1973510656","2479167044","1.56475"
"2479167044","1973510656","1.56475"
"1973510656","909055189","0.162338"
"909055189","1973510656","0.162338"
"1981982250","1995734985","0.500433"
"1995734985","1981982250","0.500433"
"1981982250","1998006504","0.373449"
"1998006504","1981982250","0.373449"
"1981982250","2007775866","0.262338"
"2007775866","1981982250","0.262338"
"1981982250","2010395898","0.262338"
"2010395898","1981982250","0.262338"
"1981982250","2018077134","1.01234"
"2018077134","1981982250","1.01234"
"1981982250","2031731345","0.0909091"
"2031731345","1981982250","0.0909091"
"1981982250","2037465598","0.167832"
"2037465598","1981982250","0.167832"
"1981982250","2066046820","4.69567"
"2066046820","1981982250","4.69567"
"1981982250","2078205535","0.190909"
"2078205535","1981982250","0.190909"
"1981982250","2098307847","0.0909091"
"2098307847","1981982250","0.0909091"
"1981982250","2105361141","0.0909091"
"2105361141","1981982250","0.0909091"
"1981982250","2124892836","0.0909091"
"2124892836","1981982250","0.0909091"
"1981982250","2158317811","0.233489"
"2158317811","1981982250","0.233489"
"1981982250","2479167044","0.190909"
"2479167044","1981982250","0.190909"
"1981982250","909055189","5.44567"
"909055189","1981982250","5.44567"
"1995734985","1998006504","1.39091"
"1998006504","1995734985","1.39091"
"1995734985","2007775866","1.47027"
"2007775866","1995734985","1.47027"
"1995734985","2010395898","2.47027"
"2010395898","1995734985","2.47027"
"1995734985","2018077134","0.0909091"
"2018077134","1995734985","0.0909091"
"1995734985","2031731345","0.694084"
"2031731345","1995734985","0.694084"
"1995734985","2037465598","0.0909091"
"2037465598","1995734985","0.0909091"
"1995734985","2066046820","0.0909091"
"2066046820","1995734985","0.0909091"
"1995734985","2078205535","5.47027"
"2078205535","1995734985","5.47027"
"1995734985","2098307847","0.909163"
"2098307847","1995734985","0.909163"
"1995734985","2105361141","0.659163"
"2105361141","1995734985","0.659163"
"1995734985","2124892836","0.964719"
"2124892836","1995734985","0.964719"
"1995734985","2158317811","0.188312"
"2158317811","1995734985","0.188312"
"1995734985","2479167044","1.92186"
"2479167044","1995734985","1.92186"
"1995734985","909055189","0.0909091"
"909055189","1995734985","0.0909091"
"1998006504","2007775866","3.58579"
"2007775866","1998006504","3.58579"
"1998006504","2010395898","2.20051"
"2010395898","1998006504","2.20051"
"1998006504","2018077134","0.162338"
"2018077134","1998006504","0.162338"
"1998006504","2031731345","1.65801"
"2031731345","1998006504","1.65801"
"1998006504","2037465598","0.0909091"
"2037465598","1998006504","0.0909091"
"1998006504","2066046820","0.162338"
"2066046820","1998006504","0.162338"
"1998006504","2078205535","2.29574"
"2078205535","1998006504","2.29574"
"1998006504","2098307847","2.27193"
"2098307847","1998006504","2.27193"
"1998006504","2105361141","1.90685"
"2105361141","1998006504","1.90685"
"1998006504","2124892836","1.79019"
"2124892836","1998006504","1.79019"
"1998006504","2158317811","0.0454545"
"2158317811","1998006504","0.0454545"
"1998006504","2479167044","1.35245"
"2479167044","1998006504","1.35245"
"1998006504","909055189","0.995671"
"909055189","1998006504","0.995671"
"2007775866","2010395898","2.18896"
"2010395898","2007775866","2.18896"
"2007775866","2018077134","0.162338"
"2018077134","2007775866","0.162338"
"2007775866","2031731345","0.880231"
"2031731345","2007775866","0.880231"
"2007775866","2037465598","0.0909091"
"2037465598","2007775866","0.0909091"
"2007775866","2066046820","0.162338"
"2066046820","2007775866","0.162338"
"2007775866","2078205535","2.2842"
"2078205535","2007775866","2.2842"
"2007775866","2098307847","1.98102"
"2098307847","2007775866","1.98102"
"2007775866","2105361141","1.61595"
"2105361141","2007775866","1.61595"
"2007775866","2124892836","1.77864"
"2124892836","2007775866","1.77864"
"2007775866","2158317811","0.0454545"
"2158317811","2007775866","0.0454545"
"2007775866","2479167044","1.15245"
"2479167044","2007775866","1.15245"
"2007775866","909055189","0.162338"
"909055189","2007775866","0.162338"
"2010395898","2018077134","0.362338"
"2018077134","2010395898","0.362338"
"2010395898","2031731345","0.713564"
"2031731345","2010395898","0.713564"
"2010395898","2037465598","1.50758"
"2037465598","2010395898","1.50758"
"2010395898","2066046820","0.162338"
"2066046820","2010395898","0.162338"
"2010395898","2078205535","5.06916"
"2078205535","2010395898","5.06916"
"2010395898","2098307847","7.61122"
"2098307847","2010395898","7.61122"
"2010395898","2105361141","1.16281"
"2105361141","2010395898","1.16281"
"2010395898","2124892836","3.8136"
"2124892836","2010395898","3.8136"
"2010395898","2158317811","0.0454545"
"2158317811","2010395898","0.0454545"
"2010395898","2479167044","1.42031"
"2479167044","2010395898","1.42031"
"2010395898","909055189","0.162338"
"909055189","2010395898","0.162338"
"2018077134","2031731345","0.0909091"
"2031731345","2018077134","0.0909091"
"2018077134","2037465598","0.0909091"
"2037465598","2018077134","0.0909091"
"2018077134","2066046820","0.412338"
"2066046820","2018077134","0.412338"
"2018077134","2078205535","0.0909091"
"2078205535","2018077134","0.0909091"
"2018077134","2098307847","0.0909091"
"2098307847","2018077134","0.0909091"
"2018077134","2105361141","0.0909091"
"2105361141","2018077134","0.0909091"
"2018077134","2124892836","0.0909091"
"2124892836","2018077134","0.0909091"
"2018077134","2158317811","0.0454545"
"2158317811","2018077134","0.0454545"
"2018077134","2479167044","0.0909091"
"2479167044","2018077134","0.0909091"
"2018077134","909055189","0.162338"
"909055189","2018077134","0.162338"
"2031731345","2037465598","0.0909091"
"2037465598","2031731345","0.0909091"
"2031731345","2066046820","0.0909091"
"2066046820","2031731345","0.0909091"
"2031731345","2078205535","0.713564"
"2078205535","2031731345","0.713564"
"2031731345","2098307847","0.491342"
"2098307847","2031731345","0.491342"
"2031731345","2105361141","0.691342"
"2105361141","2031731345","0.691342"
"2031731345","2124892836","0.630231"
"2124892836","2031731345","0.630231"
"2031731345","2158317811","0.388312"
"2158317811","2031731345","0.388312"
"2031731345","2479167044","0.408009"
"2479167044","2031731345","0.408009"
"2031731345","909055189","0.0909091"
"909055189","2031731345","0.0909091"
"2037465598","2066046820","0.0909091"
"2066046820","2037465598","0.0909091"
"2037465598","2078205535","0.0909091"
"2078205535","2037465598","0.0909091"
"2037465598","2098307847","0.233766"
"2098307847","2037465598","0.233766"
"2037465598","2105361141","0.0909091"
"2105361141","2037465598","0.0909091"
"2037465598","2124892836","0.233766"
"2124892836","2037465598","0.233766"
"2037465598","2158317811","0.122378"
"2158317811","2037465598","0.122378"
"2037465598","2479167044","0.936147"
"2479167044","2037465598","0.936147"
"2037465598","909055189","0.0909091"
"909055189","2037465598","0.0909091"
"2066046820","2078205535","0.0909091"
"2078205535","2066046820","0.0909091"
"2066046820","2098307847","0.0909091"
"2098307847","2066046820","0.0909091"
"2066046820","2105361141","0.0909091"
"2105361141","2066046820","0.0909091"
"2066046820","2124892836","0.0909091"
"2124892836","2066046820","0.0909091"
"2066046820","2158317811","0.0454545"
"2158317811","2066046820","0.0454545"
"2066046820","2479167044","0.0909091"
"2479167044","2066046820","0.0909091"
"2066046820","909055189","19.6123"
"909055189","2066046820","19.6123"
"2078205535","2098307847","3.70213"
"2098307847","2078205535","3.70213"
"2078205535","2105361141","1.16281"
"2105361141","2078205535","1.16281"
"2078205535","2124892836","7.3136"
"2124892836","2078205535","7.3136"
"2078205535","2158317811","0.378788"
"2158317811","2078205535","0.378788"
"2078205535","2479167044","2.92031"
"2479167044","2078205535","2.92031"
"2078205535","909055189","0.0909091"
"909055189","2078205535","0.0909091"
"2098307847","2105361141","4.62074"
"2105361141","2098307847","4.62074"
"2098307847","2124892836","3.76122"
"2124892836","2098307847","3.76122"
"2098307847","2158317811","0.0454545"
"2158317811","2098307847","0.0454545"
"2098307847","2479167044","1.00364"
"2479167044","2098307847","1.00364"
"2098307847","909055189","0.0909091"
"909055189","2098307847","0.0909091"
"2105361141","2124892836","1.06281"
"2124892836","2105361141","1.06281"
"2105361141","2158317811","0.245455"
"2158317811","2105361141","0.245455"
"2105361141","2479167044","1.63856"
"2479167044","2105361141","1.63856"
"2105361141","909055189","0.0909091"
"909055189","2105361141","0.0909091"
"2124892836","2158317811","3.87879"
"2158317811","2124892836","3.87879"
"2124892836","2479167044","1.09809"
"2479167044","2124892836","1.09809"
"2124892836","909055189","0.0909091"
"909055189","2124892836","0.0909091"
"2158317811","2479167044","0.0454545"
"2479167044","2158317811","0.0454545"
"2158317811","909055189","0.0454545"
"909055189","2158317811","0.0454545"
"2479167044","909055189","0.0909091"
"909055189","2479167044","0.0909091"
"113575107","2238451662","0.333333"
"2238451662","113575107","0.333333"
"113575107","2566441476","0.833333"
"2566441476","113575107","0.833333"
"2018077134","2238451662","0.333333"
"2238451662","2018077134","0.333333"
"2018077134","2566441476","0.333333"
"2566441476","2018077134","0.333333"
"2238451662","2566441476","0.333333"
"2566441476","2238451662","0.333333"
"113575107","1991898226","0.453968"
"1991898226","113575107","0.453968"
"113575107","2024303949","0.21978"
"2024303949","113575107","0.21978"
"113575107","2157006196","0.253968"
"2157006196","113575107","0.253968"
"1966691458","1991898226","1.07063"
"1991898226","1966691458","1.07063"
"1966691458","2024303949","0.759524"
"2024303949","1966691458","0.759524"
"1966691458","2157006196","0.870635"
"2157006196","1966691458","0.870635"
"1973510656","1991898226","0.509524"
"1991898226","1973510656","0.509524"
"1973510656","2024303949","0.795238"
"2024303949","1973510656","0.795238"
"1973510656","2157006196","0.652381"
"2157006196","1973510656","0.652381"
"1981982250","1991898226","0.981746"
"1991898226","1981982250","0.981746"
"1981982250","2024303949","0.836447"
"2024303949","1981982250","0.836447"
"1981982250","2157006196","0.981746"
"2157006196","1981982250","0.981746"
"1991898226","1995734985","0.309524"
"1995734985","1991898226","0.309524"
"1991898226","2024303949","0.759524"
"2024303949","1991898226","0.759524"
"1991898226","2157006196","0.981746"
"2157006196","1991898226","0.981746"
"1995734985","2024303949","0.595238"
"2024303949","1995734985","0.595238"
"1995734985","2157006196","0.595238"
"2157006196","1995734985","0.595238"
"2024303949","2157006196","2.24524"
"2157006196","2024303949","2.24524"
"113575107","1577970501","0.142857"
"1577970501","113575107","0.142857"
"113575107","1980899288","0.386447"
"1980899288","113575107","0.386447"
"113575107","2040082158","0.142857"
"2040082158","113575107","0.142857"
"113575107","2063734355","0.142857"
"2063734355","113575107","0.142857"
"1577970501","1590652847","2.39286"
"1590652847","1577970501","2.39286"
"1577970501","1980899288","3.42619"
"1980899288","1577970501","3.42619"
"1577970501","2037465598","5.59286"
"2037465598","1577970501","5.59286"
"1577970501","2040082158","4.29286"
"2040082158","1577970501","4.29286"
"1577970501","2063734355","5.45952"
"2063734355","1577970501","5.45952"
"1577970501","2479167044","0.309524"
"2479167044","1577970501","0.309524"
"1590652847","1980899288","0.142857"
"1980899288","1590652847","0.142857"
"1590652847","2037465598","0.535714"
"2037465598","1590652847","0.535714"
"1590652847","2040082158","0.702381"
"2040082158","1590652847","0.702381"
"1590652847","2063734355","0.702381"
"2063734355","1590652847","0.702381"
"1980899288","2037465598","12.7055"
"2037465598","1980899288","12.7055"
"1980899288","2040082158","3.42619"
"2040082158","1980899288","3.42619"
"1980899288","2063734355","4.06905"
"2063734355","1980899288","4.06905"
"1980899288","2479167044","1.70238"
"2479167044","1980899288","1.70238"
"2037465598","2040082158","3.73571"
"2040082158","2037465598","3.73571"
"2037465598","2063734355","5.15238"
"2063734355","2037465598","5.15238"
"2040082158","2063734355","7.44286"
"2063734355","2040082158","7.44286"
"2040082158","2479167044","0.952381"
"2479167044","2040082158","0.952381"
"2063734355","2479167044","0.809524"
"2479167044","2063734355","0.809524"
"113575107","1984646932","0.111111"
"1984646932","113575107","0.111111"
"113575107","2126471258","0.354701"
"2126471258","113575107","0.354701"
"113575107","2486427871","0.188034"
"2486427871","113575107","0.188034"
"113575107","2981644205","0.672222"
"2981644205","113575107","0.672222"
"1966691458","1984646932","0.111111"
"1984646932","1966691458","0.111111"
"1966691458","2126471258","0.111111"
"2126471258","1966691458","0.111111"
"1966691458","2486427871","0.111111"
"2486427871","1966691458","0.111111"
"1966691458","2981644205","0.672222"
"2981644205","1966691458","0.672222"
"1981982250","1984646932","0.111111"
"1984646932","1981982250","0.111111"
"1981982250","2126471258","0.188034"
"2126471258","1981982250","0.188034"
"1981982250","2486427871","0.299145"
"2486427871","1981982250","0.299145"
"1981982250","2981644205","0.222222"
"2981644205","1981982250","0.222222"
"1984646932","1991898226","0.311111"
"1991898226","1984646932","0.311111"
"1984646932","1998006504","0.111111"
"1998006504","1984646932","0.111111"
"1984646932","2126471258","0.944444"
"2126471258","1984646932","0.944444"
"1984646932","2157006196","0.611111"
"2157006196","1984646932","0.611111"
"1984646932","2486427871","0.111111"
"2486427871","1984646932","0.111111"
"1984646932","2981644205","0.111111"
"2981644205","1984646932","0.111111"
"1991898226","1998006504","0.236111"
"1998006504","1991898226","0.236111"
"1991898226","2126471258","0.236111"
"2126471258","1991898226","0.236111"
"1991898226","2486427871","0.222222"
"2486427871","1991898226","0.222222"
"1991898226","2981644205","1.54722"
"2981644205","1991898226","1.54722"
"1998006504","2126471258","0.569444"
"2126471258","1998006504","0.569444"
"1998006504","2157006196","0.111111"
"2157006196","1998006504","0.111111"
"1998006504","2486427871","0.111111"
"2486427871","1998006504","0.111111"
"1998006504","2981644205","0.347222"
"2981644205","1998006504","0.347222"
"2126471258","2157006196","0.611111"
"2157006196","2126471258","0.611111"
"2126471258","2486427871","1.39637"
"2486427871","2126471258","1.39637"
"2126471258","2981644205","0.236111"
"2981644205","2126471258","0.236111"
"2157006196","2486427871","0.815079"
"2486427871","2157006196","0.815079"
"2157006196","2981644205","0.222222"
"2981644205","2157006196","0.222222"
"2486427871","2981644205","0.222222"
"2981644205","2486427871","0.222222"
"113575107","2138563868","0.227994"
"2138563868","113575107","0.227994"
"1966691458","2138563868","3.39271"
"2138563868","1966691458","3.39271"
"1995734985","2138563868","1.87323"
"2138563868","1995734985","1.87323"
"1995734985","2981644205","0.111111"
"2981644205","1995734985","0.111111"
"1998006504","2138563868","1.85346"
"2138563868","1998006504","1.85346"
"2007775866","2138563868","1.84192"
"2138563868","2007775866","1.84192"
"2007775866","2981644205","0.111111"
"2981644205","2007775866","0.111111"
"2010395898","2138563868","1.7483"
"2138563868","2010395898","1.7483"
"2010395898","2981644205","0.111111"
"2981644205","2010395898","0.111111"
"2078205535","2138563868","1.67688"
"2138563868","2078205535","1.67688"
"2078205535","2981644205","0.111111"
"2981644205","2078205535","0.111111"
"2138563868","2479167044","1.18041"
"2479167044","2138563868","1.18041"
"2138563868","2981644205","0.111111"
"2981644205","2138563868","0.111111"
"2479167044","2981644205","0.111111"
"2981644205","2479167044","0.111111"
"113575107","2547831408","0.333333"
"2547831408","113575107","0.333333"
"1590652847","2547831408","0.333333"
"2547831408","1590652847","0.333333"
"1590652847","2566441476","0.333333"
"2566441476","1590652847","0.333333"
"2547831408","2566441476","0.333333"
"2566441476","2547831408","0.333333"
"113575107","1586146650","0.45"
"1586146650","113575107","0.45"
"113575107","2060407761","0.526923"
"2060407761","113575107","0.526923"
"1586146650","1966691458","0.45"
"1966691458","1586146650","0.45"
"1586146650","1991898226","0.2"
"1991898226","1586146650","0.2"
"1586146650","2060407761","8.95"
"2060407761","1586146650","8.95"
"1586146650","2981644205","0.45"
"2981644205","1586146650","0.45"
"1966691458","2060407761","0.45"
"2060407761","1966691458","0.45"
"1991898226","2060407761","0.311111"
"2060407761","1991898226","0.311111"
"2060407761","2981644205","0.894444"
"2981644205","2060407761","0.894444"
"1963503386","2138563868","0.450649"
"2138563868","1963503386","0.450649"
"1966538283","2138563868","0.116883"
"2138563868","1966538283","0.116883"
"1970531334","2138563868","0.350649"
"2138563868","1970531334","0.350649"
"1973429506","2138563868","1.53243"
"2138563868","1973429506","1.53243"
"1973510656","2138563868","2.08957"
"2138563868","1973510656","2.08957"
"1981982250","2138563868","0.216883"
"2138563868","1981982250","0.216883"
"2018077134","2138563868","0.116883"
"2138563868","2018077134","0.116883"
"2031731345","2138563868","1.08478"
"2138563868","2031731345","1.08478"
"2037465598","2138563868","0.188312"
"2138563868","2037465598","0.188312"
"2066046820","2138563868","0.116883"
"2138563868","2066046820","0.116883"
"2098307847","2138563868","3.27251"
"2138563868","2098307847","3.27251"
"2105361141","2138563868","2.25862"
"2138563868","2105361141","2.25862"
"2124892836","2138563868","1.17132"
"2138563868","2124892836","1.17132"
"2138563868","909055189","0.116883"
"909055189","2138563868","0.116883"
"113575107","198561312","0.24359"
"198561312","113575107","0.24359"
"113575107","2002697805","0.0769231"
"2002697805","113575107","0.0769231"
"113575107","2088872894","0.0769231"
"2088872894","113575107","0.0769231"
"113575107","2164662393","0.0769231"
"2164662393","113575107","0.0769231"
"113575107","2517120592","0.0769231"
"2517120592","113575107","0.0769231"
"1980899288","1981982250","0.0769231"
"1981982250","1980899288","0.0769231"
"1980899288","198561312","2.24359"
"198561312","1980899288","2.24359"
"1980899288","2002697805","0.0769231"
"2002697805","1980899288","0.0769231"
"1980899288","2024303949","0.21978"
"2024303949","1980899288","0.21978"
"1980899288","2060407761","0.0769231"
"2060407761","1980899288","0.0769231"
"1980899288","2088872894","0.0769231"
"2088872894","1980899288","0.0769231"
"1980899288","2126471258","0.24359"
"2126471258","1980899288","0.24359"
"1980899288","2158317811","0.0769231"
"2158317811","1980899288","0.0769231"
"1980899288","2164662393","0.0769231"
"2164662393","1980899288","0.0769231"
"1980899288","2486427871","0.0769231"
"2486427871","1980899288","0.0769231"
"1980899288","2517120592","0.0769231"
"2517120592","1980899288","0.0769231"
"1981982250","198561312","0.926923"
"198561312","1981982250","0.926923"
"1981982250","2002697805","3.23803"
"2002697805","1981982250","3.23803"
"1981982250","2060407761","0.188034"
"2060407761","1981982250","0.188034"
"1981982250","2088872894","0.0769231"
"2088872894","1981982250","0.0769231"
"1981982250","2164662393","0.0769231"
"2164662393","1981982250","0.0769231"
"1981982250","2517120592","1.72692"
"2517120592","1981982250","1.72692"
"198561312","2002697805","0.0769231"
"2002697805","198561312","0.0769231"
"198561312","2024303949","0.0769231"
"2024303949","198561312","0.0769231"
"198561312","2037465598","0.24359"
"2037465598","198561312","0.24359"
"198561312","2060407761","0.0769231"
"2060407761","198561312","0.0769231"
"198561312","2088872894","0.0769231"
"2088872894","198561312","0.0769231"
"198561312","2126471258","0.74359"
"2126471258","198561312","0.74359"
"198561312","2158317811","0.0769231"
"2158317811","198561312","0.0769231"
"198561312","2164662393","0.0769231"
"2164662393","198561312","0.0769231"
"198561312","2486427871","0.0769231"
"2486427871","198561312","0.0769231"
"198561312","2517120592","0.0769231"
"2517120592","198561312","0.0769231"
"2002697805","2024303949","0.0769231"
"2024303949","2002697805","0.0769231"
"2002697805","2037465598","0.0769231"
"2037465598","2002697805","0.0769231"
"2002697805","2060407761","0.188034"
"2060407761","2002697805","0.188034"
"2002697805","2088872894","0.0769231"
"2088872894","2002697805","0.0769231"
"2002697805","2126471258","0.0769231"
"2126471258","2002697805","0.0769231"
"2002697805","2158317811","0.188034"
"2158317811","2002697805","0.188034"
"2002697805","2164662393","0.0769231"
"2164662393","2002697805","0.0769231"
"2002697805","2486427871","0.188034"
"2486427871","2002697805","0.188034"
"2002697805","2517120592","4.32692"
"2517120592","2002697805","4.32692"
"2024303949","2037465598","0.21978"
"2037465598","2024303949","0.21978"
"2024303949","2060407761","0.0769231"
"2060407761","2024303949","0.0769231"
"2024303949","2088872894","0.201923"
"2088872894","2024303949","0.201923"
"2024303949","2126471258","6.61859"
"2126471258","2024303949","6.61859"
"2024303949","2158317811","0.41978"
"2158317811","2024303949","0.41978"
"2024303949","2164662393","0.285256"
"2164662393","2024303949","0.285256"
"2024303949","2486427871","4.87811"
"2486427871","2024303949","4.87811"
"2024303949","2517120592","0.0769231"
"2517120592","2024303949","0.0769231"
"2037465598","2060407761","0.0769231"
"2060407761","2037465598","0.0769231"
"2037465598","2088872894","0.0769231"
"2088872894","2037465598","0.0769231"
"2037465598","2126471258","0.24359"
"2126471258","2037465598","0.24359"
"2037465598","2164662393","0.0769231"
"2164662393","2037465598","0.0769231"
"2037465598","2486427871","0.0769231"
"2486427871","2037465598","0.0769231"
"2037465598","2517120592","0.0769231"
"2517120592","2037465598","0.0769231"
"2060407761","2088872894","0.0769231"
"2088872894","2060407761","0.0769231"
"2060407761","2126471258","0.910256"
"2126471258","2060407761","0.910256"
"2060407761","2158317811","3.27137"
"2158317811","2060407761","3.27137"
"2060407761","2164662393","0.0769231"
"2164662393","2060407761","0.0769231"
"2060407761","2486427871","0.938034"
"2486427871","2060407761","0.938034"
"2060407761","2517120592","0.0769231"
"2517120592","2060407761","0.0769231"
"2088872894","2126471258","0.201923"
"2126471258","2088872894","0.201923"
"2088872894","2158317811","0.0769231"
"2158317811","2088872894","0.0769231"
"2088872894","2164662393","2.20192"
"2164662393","2088872894","2.20192"
"2088872894","2486427871","0.201923"
"2486427871","2088872894","0.201923"
"2088872894","2517120592","0.0769231"
"2517120592","2088872894","0.0769231"
"2126471258","2158317811","0.576923"
"2158317811","2126471258","0.576923"
"2126471258","2164662393","0.285256"
"2164662393","2126471258","0.285256"
"2126471258","2517120592","0.0769231"
"2517120592","2126471258","0.0769231"
"2158317811","2164662393","0.0769231"
"2164662393","2158317811","0.0769231"
"2158317811","2486427871","4.11422"
"2486427871","2158317811","4.11422"
"2158317811","2517120592","0.0769231"
"2517120592","2158317811","0.0769231"
"2164662393","2486427871","0.201923"
"2486427871","2164662393","0.201923"
"2164662393","2517120592","0.0769231"
"2517120592","2164662393","0.0769231"
"2486427871","2517120592","0.0769231"
"2517120592","2486427871","0.0769231"
"113575107","2529087958","0.166667"
"2529087958","113575107","0.166667"
"1980899288","2529087958","0.416667"
"2529087958","1980899288","0.416667"
"1980899288","2566441476","0.416667"
"2566441476","1980899288","0.416667"
"198561312","2529087958","0.166667"
"2529087958","198561312","0.166667"
"198561312","2566441476","0.166667"
"2566441476","198561312","0.166667"
"2037465598","2529087958","0.666667"
"2529087958","2037465598","0.666667"
"2037465598","2566441476","1.16667"
"2566441476","2037465598","1.16667"
"2126471258","2529087958","0.25"
"2529087958","2126471258","0.25"
"2126471258","2566441476","0.166667"
"2566441476","2126471258","0.166667"
"2529087958","2566441476","2.5"
"2566441476","2529087958","2.5"
"1574620740","1966691458","4.16667"
"1966691458","1574620740","4.16667"
"1574620740","1980899288","0.5"
"1980899288","1574620740","0.5"
"1574620740","2037465598","0.833333"
"2037465598","1574620740","0.833333"
"1966691458","1980899288","0.333333"
"1980899288","1966691458","0.333333"
"1574620740","1590652847","1.45833"
"1590652847","1574620740","1.45833"
"1574620740","2060407761","0.833333"
"2060407761","1574620740","0.833333"
"1574620740","2981644205","0.458333"
"2981644205","1574620740","0.458333"
"1590652847","2060407761","0.333333"
"2060407761","1590652847","0.333333"
"1590652847","2981644205","0.458333"
"2981644205","1590652847","0.458333"
"1574620740","1586146650","0.5"
"1586146650","1574620740","0.5"
"1574620740","1998006504","3.125"
"1998006504","1574620740","3.125"
"1574620740","1983521670","0.125"
"1983521670","1574620740","0.125"
"1574620740","1991898226","0.125"
"1991898226","1574620740","0.125"
"1574620740","1993626219","0.125"
"1993626219","1574620740","0.125"
"1574620740","2126471258","0.125"
"2126471258","1574620740","0.125"
"1574620740","2305365322","0.125"
"2305365322","1574620740","0.125"
"1590652847","1983521670","1.91071"
"1983521670","1590652847","1.91071"
"1590652847","1991898226","0.125"
"1991898226","1590652847","0.125"
"1590652847","1993626219","0.434524"
"1993626219","1590652847","0.434524"
"1590652847","1998006504","0.225"
"1998006504","1590652847","0.225"
"1590652847","2126471258","0.125"
"2126471258","1590652847","0.125"
"1590652847","2305365322","0.267857"
"2305365322","1590652847","0.267857"
"1983521670","1991898226","0.125"
"1991898226","1983521670","0.125"
"1983521670","1993626219","8.08452"
"1993626219","1983521670","8.08452"
"1983521670","1998006504","0.208333"
"1998006504","1983521670","0.208333"
"1983521670","2126471258","0.541667"
"2126471258","1983521670","0.541667"
"1983521670","2305365322","5.85119"
"2305365322","1983521670","5.85119"
"1983521670","2981644205","0.125"
"2981644205","1983521670","0.125"
"1991898226","1993626219","0.125"
"1993626219","1991898226","0.125"
"1991898226","2305365322","0.125"
"2305365322","1991898226","0.125"
"1993626219","1998006504","0.208333"
"1998006504","1993626219","0.208333"
"1993626219","2126471258","0.208333"
"2126471258","1993626219","0.208333"
"1993626219","2305365322","20.9421"
"2305365322","1993626219","20.9421"
"1993626219","2981644205","0.125"
"2981644205","1993626219","0.125"
"1998006504","2305365322","0.125"
"2305365322","1998006504","0.125"
"2126471258","2305365322","0.208333"
"2305365322","2126471258","0.208333"
"2305365322","2981644205","0.125"
"2981644205","2305365322","0.125"
"1574620740","2063734355","0.5"
"2063734355","1574620740","0.5"
"1966691458","2063734355","0.333333"
"2063734355","1966691458","0.333333"
"1574620740","2007775866","0.5"
"2007775866","1574620740","0.5"
"1574620740","1577970501","0.166667"
"1577970501","1574620740","0.166667"
"1574620740","2010395898","0.166667"
"2010395898","1574620740","0.166667"
"1574620740","2040082158","0.166667"
"2040082158","1574620740","0.166667"
"1577970501","2010395898","0.166667"
"2010395898","1577970501","0.166667"
"1980899288","2010395898","0.166667"
"2010395898","1980899288","0.166667"
"2010395898","2040082158","0.416667"
"2040082158","2010395898","0.416667"
"2010395898","2063734355","0.166667"
"2063734355","2010395898","0.166667"
"1577970501","1983521670","2.11667"
"1983521670","1577970501","2.11667"
"1577970501","2114357029","2.28333"
"2114357029","1577970501","2.28333"
"1577970501","2144269213","2.45"
"2144269213","1577970501","2.45"
"1983521670","2040082158","5.32619"
"2040082158","1983521670","5.32619"
"1983521670","2063734355","3.82619"
"2063734355","1983521670","3.82619"
"1983521670","2114357029","7.96905"
"2114357029","1983521670","7.96905"
"1983521670","2144269213","8.05238"
"2144269213","1983521670","8.05238"
"2040082158","2114357029","0.742857"
"2114357029","2040082158","0.742857"
"2040082158","2144269213","0.909524"
"2144269213","2040082158","0.909524"
"2063734355","2114357029","2.65952"
"2114357029","2063734355","2.65952"
"2063734355","2144269213","2.82619"
"2144269213","2063734355","2.82619"
"2114357029","2144269213","9.05238"
"2144269213","2114357029","9.05238"
"1577970501","1993626219","0.166667"
"1993626219","1577970501","0.166667"
"1590652847","2144269213","0.702381"
"2144269213","1590652847","0.702381"
"1993626219","2040082158","1.23333"
"2040082158","1993626219","1.23333"
"1993626219","2063734355","2.37619"
"2063734355","1993626219","2.37619"
"1993626219","2144269213","1.29286"
"2144269213","1993626219","1.29286"
"1577970501","1973510656","0.5"
"1973510656","1577970501","0.5"
"1973510656","1980899288","0.642857"
"1980899288","1973510656","0.642857"
"1973510656","2040082158","0.5"
"2040082158","1973510656","0.5"
"1577970501","1984646932","0.333333"
"1984646932","1577970501","0.333333"
"1590652847","1984646932","0.333333"
"1984646932","1590652847","0.333333"
"1983521670","1984646932","0.416667"
"1984646932","1983521670","0.416667"
"1577970501","2238451662","0.5"
"2238451662","1577970501","0.5"
"2037465598","2238451662","0.5"
"2238451662","2037465598","0.5"
"1577970501","2566441476","0.5"
"2566441476","1577970501","0.5"
"1577970501","2140447133","0.2"
"2140447133","1577970501","0.2"
"1980899288","2140447133","0.2"
"2140447133","1980899288","0.2"
"2037465598","2140447133","0.2"
"2140447133","2037465598","0.2"
"2040082158","2140447133","0.2"
"2140447133","2040082158","0.2"
"2063734355","2140447133","0.2"
"2140447133","2063734355","0.2"
"1590652847","2114357029","0.535714"
"2114357029","1590652847","0.535714"
"1973510656","2063734355","0.309524"
"2063734355","1973510656","0.309524"
"1586146650","1989277334","9.66667"
"1989277334","1586146650","9.66667"
"1989277334","2060407761","6.66667"
"2060407761","1989277334","6.66667"
"1586146650","2157006196","2.33333"
"2157006196","1586146650","2.33333"
"1586146650","2158317811","2.08333"
"2158317811","1586146650","2.08333"
"1989277334","2157006196","2.5"
"2157006196","1989277334","2.5"
"1989277334","2158317811","3.25"
"2158317811","1989277334","3.25"
"2060407761","2157006196","2.94444"
"2157006196","2060407761","2.94444"
"2157006196","2158317811","4.5373"
"2158317811","2157006196","4.5373"
"1586146650","2031731345","0.333333"
"2031731345","1586146650","0.333333"
"1989277334","2031731345","0.333333"
"2031731345","1989277334","0.333333"
