"146203292","1596527906","3.31619"
"1596527906","146203292","3.31619"
"146203292","1824220208","1.98286"
"1824220208","146203292","1.98286"
"146203292","1974273882","0.325"
"1974273882","146203292","0.325"
"146203292","2099105442","0.282857"
"2099105442","146203292","0.282857"
"146203292","2109240574","0.427302"
"2109240574","146203292","0.427302"
"146203292","2143615813","0.325"
"2143615813","146203292","0.325"
"146203292","2346100606","0.239379"
"2346100606","146203292","0.239379"
"146203292","2554152673","0.239379"
"2554152673","146203292","0.239379"
"1596527906","1824220208","2.59344"
"1824220208","1596527906","2.59344"
"1596527906","1974273882","0.658333"
"1974273882","1596527906","0.658333"
"1596527906","2099105442","0.583453"
"2099105442","1596527906","0.583453"
"1596527906","2109240574","0.713016"
"2109240574","1596527906","0.713016"
"1596527906","2143615813","1.65833"
"2143615813","1596527906","1.65833"
"1596527906","2346100606","0.239379"
"2346100606","1596527906","0.239379"
"1596527906","2554152673","0.239379"
"2554152673","1596527906","0.239379"
"1824220208","1974273882","1.05119"
"1974273882","1824220208","1.05119"
"1824220208","2099105442","1.48454"
"2099105442","1824220208","1.48454"
"1824220208","2109240574","0.570159"
"2109240574","1824220208","0.570159"
"1824220208","2143615813","0.717157"
"2143615813","1824220208","0.717157"
"1824220208","2346100606","1.69106"
"2346100606","1824220208","1.69106"
"1824220208","2554152673","1.19106"
"2554152673","1824220208","1.19106"
"1974273882","2099105442","0.60119"
"2099105442","1974273882","0.60119"
"1974273882","2109240574","0.575"
"2109240574","1974273882","0.575"
"1974273882","2143615813","3.575"
"2143615813","1974273882","3.575"
"1974273882","2346100606","0.85119"
"2346100606","1974273882","0.85119"
"1974273882","2554152673","0.85119"
"2554152673","1974273882","0.85119"
"2099105442","2109240574","0.566725"
"2109240574","2099105442","0.566725"
"2099105442","2143615813","0.517157"
"2143615813","2099105442","0.517157"
"2099105442","2346100606","0.531969"
"2346100606","2099105442","0.531969"
"2099105442","2554152673","0.531969"
"2554152673","2099105442","0.531969"
"2109240574","2143615813","0.575"
"2143615813","2109240574","0.575"
"2109240574","2346100606","0.183824"
"2346100606","2109240574","0.183824"
"2109240574","2554152673","0.183824"
"2554152673","2109240574","0.183824"
"2143615813","2346100606","0.517157"
"2346100606","2143615813","0.517157"
"2143615813","2554152673","0.517157"
"2554152673","2143615813","0.517157"
"2346100606","2554152673","3.1153"
"2554152673","2346100606","3.1153"
"146203292","1504306258","0.0434783"
"1504306258","146203292","0.0434783"
"146203292","1924168632","0.0434783"
"1924168632","146203292","0.0434783"
"146203292","2021662740","1.49119"
"2021662740","146203292","1.49119"
"146203292","2030589840","0.0434783"
"2030589840","146203292","0.0434783"
"146203292","2031992207","0.157857"
"2031992207","146203292","0.157857"
"146203292","2042314861","0.157857"
"2042314861","146203292","0.157857"
"146203292","2057624885","0.0434783"
"2057624885","146203292","0.0434783"
"146203292","2101965159","0.0434783"
"2101965159","146203292","0.0434783"
"146203292","2108268240","0.0434783"
"2108268240","146203292","0.0434783"
"146203292","2128771953","0.0990338"
"2128771953","146203292","0.0990338"
"146203292","2137205163","0.157857"
"2137205163","146203292","0.157857"
"146203292","2151257102","0.491191"
"2151257102","146203292","0.491191"
"146203292","2155686436","0.0434783"
"2155686436","146203292","0.0434783"
"146203292","2160307100","0.0434783"
"2160307100","146203292","0.0434783"
"146203292","2160759173","0.157857"
"2160759173","146203292","0.157857"
"146203292","2162364423","0.0434783"
"2162364423","146203292","0.0434783"
"146203292","2162546780","0.0434783"
"2162546780","146203292","0.0434783"
"146203292","2168523997","0.0434783"
"2168523997","146203292","0.0434783"
"146203292","2171321441","0.0990338"
"2171321441","146203292","0.0990338"
"1504306258","1596527906","0.205978"
"1596527906","1504306258","0.205978"
"1504306258","1824220208","0.0434783"
"1824220208","1504306258","0.0434783"
"1504306258","1924168632","0.205978"
"1924168632","1504306258","0.205978"
"1504306258","2021662740","0.0434783"
"2021662740","1504306258","0.0434783"
"1504306258","2030589840","0.205978"
"2030589840","1504306258","0.205978"
"1504306258","2031992207","0.105978"
"2031992207","1504306258","0.105978"
"1504306258","2042314861","0.0434783"
"2042314861","1504306258","0.0434783"
"1504306258","2057624885","0.543478"
"2057624885","1504306258","0.543478"
"1504306258","2099105442","0.105978"
"2099105442","1504306258","0.105978"
"1504306258","2101965159","0.543478"
"2101965159","1504306258","0.543478"
"1504306258","2108268240","0.143478"
"2108268240","1504306258","0.143478"
"1504306258","2109240574","0.0434783"
"2109240574","1504306258","0.0434783"
"1504306258","2128771953","0.105978"
"2128771953","1504306258","0.105978"
"1504306258","2137205163","0.105978"
"2137205163","1504306258","0.105978"
"1504306258","2151257102","0.0434783"
"2151257102","1504306258","0.0434783"
"1504306258","2155686436","1.10598"
"2155686436","1504306258","1.10598"
"1504306258","2160307100","1.10598"
"2160307100","1504306258","1.10598"
"1504306258","2160759173","0.0434783"
"2160759173","1504306258","0.0434783"
"1504306258","2162364423","2.14348"
"2162364423","1504306258","2.14348"
"1504306258","2162546780","0.105978"
"2162546780","1504306258","0.105978"
"1504306258","2168523997","0.205978"
"2168523997","1504306258","0.205978"
"1504306258","2171321441","0.105978"
"2171321441","1504306258","0.105978"
"1596527906","1924168632","1.6066"
"1924168632","1596527906","1.6066"
"1596527906","2021662740","1.6061"
"2021662740","1596527906","1.6061"
"1596527906","2030589840","1.41179"
"2030589840","1596527906","1.41179"
"1596527906","2031992207","0.478121"
"2031992207","1596527906","0.478121"
"1596527906","2042314861","0.201336"
"2042314861","1596527906","0.201336"
"1596527906","2057624885","0.186335"
"2057624885","1596527906","0.186335"
"1596527906","2101965159","0.0869565"
"2101965159","1596527906","0.0869565"
"1596527906","2108268240","0.329814"
"2108268240","1596527906","0.329814"
"1596527906","2128771953","0.419298"
"2128771953","1596527906","0.419298"
"1596527906","2137205163","2.26384"
"2137205163","1596527906","2.26384"
"1596527906","2151257102","0.534669"
"2151257102","1596527906","0.534669"
"1596527906","2155686436","0.220885"
"2155686436","1596527906","0.220885"
"1596527906","2160307100","2.57965"
"2160307100","1596527906","2.57965"
"1596527906","2160759173","0.201336"
"2160759173","1596527906","0.201336"
"1596527906","2162364423","0.258385"
"2162364423","1596527906","0.258385"
"1596527906","2162546780","0.345885"
"2162546780","1596527906","0.345885"
"1596527906","2168523997","0.846318"
"2168523997","1596527906","0.846318"
"1596527906","2171321441","0.659016"
"2171321441","1596527906","0.659016"
"1824220208","1924168632","0.288637"
"1924168632","1824220208","0.288637"
"1824220208","2021662740","1.09349"
"2021662740","1824220208","1.09349"
"1824220208","2030589840","0.177866"
"2030589840","1824220208","0.177866"
"1824220208","2031992207","1.59419"
"2031992207","1824220208","1.59419"
"1824220208","2042314861","0.701336"
"2042314861","1824220208","0.701336"
"1824220208","2057624885","0.0434783"
"2057624885","1824220208","0.0434783"
"1824220208","2101965159","0.0869565"
"2101965159","1824220208","0.0869565"
"1824220208","2108268240","1.14578"
"2108268240","1824220208","1.14578"
"1824220208","2128771953","0.951336"
"2128771953","1824220208","0.951336"
"1824220208","2137205163","1.40302"
"2137205163","1824220208","1.40302"
"1824220208","2151257102","0.784669"
"2151257102","1824220208","0.784669"
"1824220208","2155686436","0.14578"
"2155686436","1824220208","0.14578"
"1824220208","2160307100","0.236689"
"2160307100","1824220208","0.236689"
"1824220208","2160759173","1.78467"
"2160759173","1824220208","1.78467"
"1824220208","2162364423","0.14578"
"2162364423","1824220208","0.14578"
"1824220208","2162546780","0.0869565"
"2162546780","1824220208","0.0869565"
"1824220208","2168523997","0.236689"
"2168523997","1824220208","0.236689"
"1824220208","2171321441","1.54224"
"2171321441","1824220208","1.54224"
"1924168632","2021662740","0.217209"
"2021662740","1924168632","0.217209"
"1924168632","2030589840","3.22132"
"2030589840","1924168632","3.22132"
"1924168632","2031992207","0.454651"
"2031992207","1924168632","0.454651"
"1924168632","2042314861","0.0869565"
"2042314861","1924168632","0.0869565"
"1924168632","2057624885","0.420102"
"2057624885","1924168632","0.420102"
"1924168632","2099105442","0.36123"
"2099105442","1924168632","0.36123"
"1924168632","2101965159","0.253623"
"2101965159","1924168632","0.253623"
"1924168632","2108268240","2.69816"
"2108268240","1924168632","2.69816"
"1924168632","2109240574","0.329193"
"2109240574","1924168632","0.329193"
"1924168632","2128771953","0.638475"
"2128771953","1924168632","0.638475"
"1924168632","2137205163","0.33328"
"2137205163","1924168632","0.33328"
"1924168632","2151257102","0.0869565"
"2151257102","1924168632","0.0869565"
"1924168632","2155686436","0.513475"
"2155686436","1924168632","0.513475"
"1924168632","2160307100","2.51347"
"2160307100","1924168632","2.51347"
"1924168632","2160759173","0.0869565"
"2160759173","1924168632","0.0869565"
"1924168632","2162364423","0.626732"
"2162364423","1924168632","0.626732"
"1924168632","2162546780","0.436794"
"2162546780","1924168632","0.436794"
"1924168632","2168523997","0.689232"
"2168523997","1924168632","0.689232"
"1924168632","2171321441","0.805142"
"2171321441","1924168632","0.805142"
"2021662740","2030589840","0.158385"
"2030589840","2021662740","0.158385"
"2021662740","2031992207","0.549687"
"2031992207","2021662740","0.549687"
"2021662740","2042314861","1.90326"
"2042314861","2021662740","1.90326"
"2021662740","2057624885","0.0434783"
"2057624885","2021662740","0.0434783"
"2021662740","2099105442","0.365033"
"2099105442","2021662740","0.365033"
"2021662740","2101965159","0.0869565"
"2101965159","2021662740","0.0869565"
"2021662740","2108268240","0.14578"
"2108268240","2021662740","0.14578"
"2021662740","2109240574","0.179225"
"2109240574","2021662740","0.179225"
"2021662740","2128771953","0.674687"
"2128771953","2021662740","0.674687"
"2021662740","2137205163","0.260159"
"2137205163","2021662740","0.260159"
"2021662740","2151257102","3.94493"
"2151257102","2021662740","3.94493"
"2021662740","2155686436","0.419132"
"2155686436","2021662740","0.419132"
"2021662740","2160307100","0.417209"
"2160307100","2021662740","0.417209"
"2021662740","2160759173","0.534669"
"2160759173","2021662740","0.534669"
"2021662740","2162364423","0.217209"
"2162364423","2021662740","0.217209"
"2021662740","2162546780","0.360308"
"2162546780","2021662740","0.360308"
"2021662740","2168523997","0.417209"
"2168523997","2021662740","0.417209"
"2021662740","2171321441","0.972764"
"2171321441","2021662740","0.972764"
"2030589840","2031992207","0.311794"
"2031992207","2030589840","0.311794"
"2030589840","2042314861","0.0869565"
"2042314861","2030589840","0.0869565"
"2030589840","2057624885","0.277245"
"2057624885","2030589840","0.277245"
"2030589840","2099105442","0.177407"
"2099105442","2030589840","0.177407"
"2030589840","2101965159","0.378623"
"2101965159","2030589840","0.378623"
"2030589840","2108268240","5.23259"
"2108268240","2030589840","5.23259"
"2030589840","2109240574","0.376812"
"2109240574","2030589840","0.376812"
"2030589840","2128771953","0.936794"
"2128771953","2030589840","0.936794"
"2030589840","2137205163","0.149457"
"2137205163","2030589840","0.149457"
"2030589840","2151257102","0.0869565"
"2151257102","2030589840","0.0869565"
"2030589840","2155686436","0.565762"
"2155686436","2030589840","0.565762"
"2030589840","2160307100","1.68048"
"2160307100","2030589840","1.68048"
"2030589840","2160759173","0.0869565"
"2160759173","2030589840","0.0869565"
"2030589840","2162364423","1.35958"
"2162364423","2030589840","1.35958"
"2030589840","2162546780","0.422905"
"2162546780","2030589840","0.422905"
"2030589840","2168523997","1.14791"
"2168523997","2030589840","1.14791"
"2030589840","2171321441","0.948338"
"2171321441","2030589840","0.948338"
"2031992207","2042314861","0.278259"
"2042314861","2031992207","0.278259"
"2031992207","2057624885","0.277245"
"2057624885","2031992207","0.277245"
"2031992207","2099105442","0.431209"
"2099105442","2031992207","0.431209"
"2031992207","2101965159","0.149457"
"2101965159","2031992207","0.149457"
"2031992207","2108268240","0.149457"
"2108268240","2031992207","0.149457"
"2031992207","2109240574","0.384582"
"2109240574","2031992207","0.384582"
"2031992207","2128771953","3.9663"
"2128771953","2031992207","3.9663"
"2031992207","2137205163","2.60669"
"2137205163","2031992207","2.60669"
"2031992207","2151257102","0.278259"
"2151257102","2031992207","0.278259"
"2031992207","2155686436","0.888717"
"2155686436","2031992207","0.888717"
"2031992207","2160307100","0.574294"
"2160307100","2031992207","0.574294"
"2031992207","2160759173","0.713836"
"2160759173","2031992207","0.713836"
"2031992207","2162364423","0.158385"
"2162364423","2031992207","0.158385"
"2031992207","2162546780","0.451217"
"2162546780","2031992207","0.451217"
"2031992207","2168523997","2.12624"
"2168523997","2031992207","2.12624"
"2031992207","2171321441","2.12687"
"2171321441","2031992207","2.12687"
"2042314861","2057624885","0.0434783"
"2057624885","2042314861","0.0434783"
"2042314861","2099105442","0.43478"
"2099105442","2042314861","0.43478"
"2042314861","2101965159","0.0869565"
"2101965159","2042314861","0.0869565"
"2042314861","2108268240","0.0869565"
"2108268240","2042314861","0.0869565"
"2042314861","2109240574","0.379225"
"2109240574","2042314861","0.379225"
"2042314861","2128771953","0.344435"
"2128771953","2042314861","0.344435"
"2042314861","2137205163","0.401336"
"2137205163","2042314861","0.401336"
"2042314861","2151257102","0.278259"
"2151257102","2042314861","0.278259"
"2042314861","2155686436","0.28888"
"2155686436","2042314861","0.28888"
"2042314861","2160307100","0.0869565"
"2160307100","2042314861","0.0869565"
"2042314861","2160759173","0.201336"
"2160759173","2042314861","0.201336"
"2042314861","2162364423","0.0869565"
"2162364423","2042314861","0.0869565"
"2042314861","2162546780","0.28888"
"2162546780","2042314861","0.28888"
"2042314861","2168523997","0.0869565"
"2168523997","2042314861","0.0869565"
"2042314861","2171321441","0.142512"
"2171321441","2042314861","0.142512"
"2057624885","2099105442","0.0434783"
"2099105442","2057624885","0.0434783"
"2057624885","2101965159","0.0434783"
"2101965159","2057624885","0.0434783"
"2057624885","2108268240","0.429193"
"2108268240","2057624885","0.429193"
"2057624885","2109240574","0.186335"
"2109240574","2057624885","0.186335"
"2057624885","2128771953","0.936768"
"2128771953","2057624885","0.936768"
"2057624885","2137205163","2.28634"
"2137205163","2057624885","2.28634"
"2057624885","2151257102","0.0434783"
"2151257102","2057624885","0.0434783"
"2057624885","2155686436","0.377245"
"2155686436","2057624885","0.377245"
"2057624885","2160307100","1.29391"
"2160307100","2057624885","1.29391"
"2057624885","2160759173","0.0434783"
"2160759173","2057624885","0.0434783"
"2057624885","2162364423","0.186335"
"2162364423","2057624885","0.186335"
"2057624885","2162546780","0.134387"
"2162546780","2057624885","0.134387"
"2057624885","2168523997","0.845859"
"2168523997","2057624885","0.845859"
"2057624885","2171321441","0.836768"
"2171321441","2057624885","0.836768"
"2099105442","2101965159","0.105978"
"2101965159","2099105442","0.105978"
"2099105442","2108268240","0.164802"
"2108268240","2099105442","0.164802"
"2099105442","2128771953","0.806209"
"2128771953","2099105442","0.806209"
"2099105442","2137205163","2.17128"
"2137205163","2099105442","2.17128"
"2099105442","2151257102","0.23478"
"2151257102","2099105442","0.23478"
"2099105442","2155686436","0.313153"
"2155686436","2099105442","0.313153"
"2099105442","2160307100","0.54873"
"2160307100","2099105442","0.54873"
"2099105442","2160759173","0.220357"
"2160759173","2099105442","0.220357"
"2099105442","2162364423","0.42373"
"2162364423","2099105442","0.42373"
"2099105442","2162546780","0.44183"
"2162546780","2099105442","0.44183"
"2099105442","2168523997","0.806306"
"2168523997","2099105442","0.806306"
"2099105442","2171321441","0.674362"
"2171321441","2099105442","0.674362"
"2101965159","2108268240","0.441123"
"2108268240","2101965159","0.441123"
"2101965159","2109240574","0.105978"
"2109240574","2101965159","0.105978"
"2101965159","2128771953","0.274457"
"2128771953","2101965159","0.274457"
"2101965159","2137205163","0.0869565"
"2137205163","2101965159","0.0869565"
"2101965159","2151257102","0.0869565"
"2151257102","2101965159","0.0869565"
"2101965159","2155686436","0.0869565"
"2155686436","2101965159","0.0869565"
"2101965159","2160307100","0.149457"
"2160307100","2101965159","0.149457"
"2101965159","2160759173","0.149457"
"2160759173","2101965159","0.149457"
"2101965159","2162364423","1.87862"
"2162364423","2101965159","1.87862"
"2101965159","2162546780","1.14946"
"2162546780","2101965159","1.14946"
"2101965159","2168523997","0.441123"
"2168523997","2101965159","0.441123"
"2101965159","2171321441","0.378623"
"2171321441","2101965159","0.378623"
"2108268240","2109240574","0.248835"
"2109240574","2108268240","0.248835"
"2108268240","2128771953","1.57614"
"2128771953","2108268240","1.57614"
"2108268240","2137205163","0.74578"
"2137205163","2108268240","0.74578"
"2108268240","2151257102","0.0869565"
"2151257102","2108268240","0.0869565"
"2108268240","2155686436","0.749748"
"2155686436","2108268240","0.749748"
"2108268240","2160307100","3.06225"
"2160307100","2108268240","3.06225"
"2108268240","2160759173","0.149457"
"2160759173","2108268240","0.149457"
"2108268240","2162364423","1.6803"
"2162364423","2108268240","1.6803"
"2108268240","2162546780","0.260568"
"2162546780","2108268240","0.260568"
"2108268240","2168523997","1.95391"
"2168523997","2108268240","1.95391"
"2108268240","2171321441","0.941415"
"2171321441","2108268240","0.941415"
"2109240574","2128771953","0.325758"
"2128771953","2109240574","0.325758"
"2109240574","2137205163","0.802302"
"2137205163","2109240574","0.802302"
"2109240574","2151257102","0.179225"
"2151257102","2109240574","0.179225"
"2109240574","2155686436","2.1204"
"2155686436","2109240574","2.1204"
"2109240574","2160307100","0.582169"
"2160307100","2109240574","0.582169"
"2109240574","2160759173","0.414802"
"2160759173","2109240574","0.414802"
"2109240574","2162364423","0.376812"
"2162364423","2109240574","0.376812"
"2109240574","2162546780","1.1829"
"2162546780","2109240574","1.1829"
"2109240574","2168523997","0.248835"
"2168523997","2109240574","0.248835"
"2109240574","2171321441","0.0434783"
"2171321441","2109240574","0.0434783"
"2128771953","2137205163","1.66503"
"2137205163","2128771953","1.66503"
"2128771953","2151257102","0.219435"
"2151257102","2128771953","0.219435"
"2128771953","2155686436","1.17254"
"2155686436","2128771953","1.17254"
"2128771953","2160307100","2.94264"
"2160307100","2128771953","2.94264"
"2128771953","2160759173","0.988345"
"2160759173","2128771953","0.988345"
"2128771953","2162364423","0.992209"
"2162364423","2128771953","0.992209"
"2128771953","2162546780","0.701217"
"2162546780","2128771953","0.701217"
"2128771953","2168523997","3.78626"
"2168523997","2128771953","3.78626"
"2128771953","2171321441","8.35236"
"2171321441","2128771953","8.35236"
"2137205163","2151257102","1.20134"
"2151257102","2137205163","1.20134"
"2137205163","2155686436","0.30828"
"2155686436","2137205163","0.30828"
"2137205163","2160307100","1.14161"
"2160307100","2137205163","1.14161"
"2137205163","2160759173","0.734669"
"2160759173","2137205163","0.734669"
"2137205163","2162364423","0.14578"
"2162364423","2137205163","0.14578"
"2137205163","2162546780","2.60779"
"2162546780","2137205163","2.60779"
"2137205163","2168523997","0.87538"
"2168523997","2137205163","0.87538"
"2137205163","2171321441","1.1226"
"2171321441","2137205163","1.1226"
"2151257102","2155686436","0.16388"
"2155686436","2151257102","0.16388"
"2151257102","2160307100","0.0869565"
"2160307100","2151257102","0.0869565"
"2151257102","2160759173","0.534669"
"2160759173","2151257102","0.534669"
"2151257102","2162364423","0.0869565"
"2162364423","2151257102","0.0869565"
"2151257102","2162546780","0.16388"
"2162546780","2151257102","0.16388"
"2151257102","2168523997","0.0869565"
"2168523997","2151257102","0.0869565"
"2151257102","2171321441","0.142512"
"2171321441","2151257102","0.142512"
"2155686436","2160307100","0.581729"
"2160307100","2155686436","0.581729"
"2155686436","2160759173","0.0869565"
"2160759173","2155686436","0.0869565"
"2155686436","2162364423","0.360066"
"2162364423","2155686436","0.360066"
"2155686436","2162546780","0.624828"
"2162546780","2155686436","0.624828"
"2155686436","2168523997","0.49082"
"2168523997","2155686436","0.49082"
"2155686436","2171321441","0.874586"
"2171321441","2155686436","0.874586"
"2160307100","2160759173","0.149457"
"2160759173","2160307100","0.149457"
"2160307100","2162364423","3.03388"
"2162364423","2160307100","3.03388"
"2160307100","2162546780","0.943739"
"2162546780","2160307100","0.943739"
"2160307100","2168523997","7.34542"
"2168523997","2160307100","7.34542"
"2160307100","2171321441","1.5643"
"2171321441","2160307100","1.5643"
"2160759173","2162364423","0.0869565"
"2162364423","2160759173","0.0869565"
"2160759173","2162546780","0.149457"
"2162546780","2160759173","0.149457"
"2160759173","2168523997","0.149457"
"2168523997","2160759173","0.149457"
"2160759173","2171321441","0.392512"
"2171321441","2160759173","0.392512"
"2162364423","2162546780","0.158385"
"2162546780","2162364423","0.158385"
"2162364423","2168523997","1.92554"
"2168523997","2162364423","1.92554"
"2162364423","2171321441","0.985066"
"2171321441","2162364423","0.985066"
"2162546780","2168523997","0.85283"
"2168523997","2162546780","0.85283"
"2162546780","2171321441","0.672905"
"2171321441","2162546780","0.672905"
"2168523997","2171321441","8.91549"
"2171321441","2168523997","8.91549"
"146203292","1497733649","0.114379"
"1497733649","146203292","0.114379"
"146203292","1552540318","0.114379"
"1552540318","146203292","0.114379"
"146203292","2136967963","0.114379"
"2136967963","146203292","0.114379"
"146203292","2154530361","0.114379"
"2154530361","146203292","0.114379"
"146203292","2177062958","0.114379"
"2177062958","146203292","0.114379"
"1497733649","1552540318","0.264112"
"1552540318","1497733649","0.264112"
"1497733649","1596527906","0.257236"
"1596527906","1497733649","0.257236"
"1497733649","1824220208","0.958917"
"1824220208","1497733649","0.958917"
"1497733649","2021662740","0.173203"
"2021662740","1497733649","0.173203"
"1497733649","2031992207","0.319736"
"2031992207","1497733649","0.319736"
"1497733649","2042314861","0.314379"
"2042314861","1497733649","0.314379"
"1497733649","2099105442","1.16947"
"2099105442","1497733649","1.16947"
"1497733649","2128771953","0.176879"
"2128771953","1497733649","0.176879"
"1497733649","2136967963","0.267788"
"2136967963","1497733649","0.267788"
"1497733649","2137205163","0.606969"
"2137205163","1497733649","0.606969"
"1497733649","2151257102","0.114379"
"2151257102","1497733649","0.114379"
"1497733649","2154530361","2.81233"
"2154530361","1497733649","2.81233"
"1497733649","2160759173","0.426879"
"2160759173","1497733649","0.426879"
"1497733649","2171321441","0.205288"
"2171321441","1497733649","0.205288"
"1497733649","2177062958","0.319736"
"2177062958","1497733649","0.319736"
"1497733649","2346100606","0.406969"
"2346100606","1497733649","0.406969"
"1497733649","2554152673","0.406969"
"2554152673","1497733649","0.406969"
"1552540318","1596527906","0.114379"
"1596527906","1552540318","0.114379"
"1552540318","1824220208","0.173203"
"1824220208","1552540318","0.173203"
"1552540318","2021662740","0.173203"
"2021662740","1552540318","0.173203"
"1552540318","2031992207","0.257236"
"2031992207","1552540318","0.257236"
"1552540318","2042314861","0.114379"
"2042314861","1552540318","0.114379"
"1552540318","2099105442","0.389112"
"2099105442","1552540318","0.389112"
"1552540318","2128771953","0.382236"
"2128771953","1552540318","0.382236"
"1552540318","2136967963","0.330288"
"2136967963","1552540318","0.330288"
"1552540318","2137205163","2.8653"
"2137205163","1552540318","2.8653"
"1552540318","2151257102","0.114379"
"2151257102","1552540318","0.114379"
"1552540318","2154530361","0.264112"
"2154530361","1552540318","0.264112"
"1552540318","2160759173","0.114379"
"2160759173","1552540318","0.114379"
"1552540318","2171321441","0.473145"
"2171321441","1552540318","0.473145"
"1552540318","2177062958","0.114379"
"2177062958","1552540318","0.114379"
"1552540318","2346100606","0.264112"
"2346100606","1552540318","0.264112"
"1552540318","2554152673","0.264112"
"2554152673","1552540318","0.264112"
"1596527906","2136967963","0.607695"
"2136967963","1596527906","0.607695"
"1596527906","2154530361","0.257236"
"2154530361","1596527906","0.257236"
"1596527906","2177062958","0.300714"
"2177062958","1596527906","0.300714"
"1824220208","2136967963","0.248766"
"2136967963","1824220208","0.248766"
"1824220208","2154530361","0.958917"
"2154530361","1824220208","0.958917"
"1824220208","2177062958","0.300714"
"2177062958","1824220208","0.300714"
"2021662740","2136967963","0.431209"
"2136967963","2021662740","0.431209"
"2021662740","2154530361","0.250126"
"2154530361","2021662740","0.250126"
"2021662740","2177062958","0.23478"
"2177062958","2021662740","0.23478"
"2021662740","2346100606","0.173203"
"2346100606","2021662740","0.173203"
"2021662740","2554152673","0.173203"
"2554152673","2021662740","0.173203"
"2031992207","2136967963","1.13121"
"2136967963","2031992207","1.13121"
"2031992207","2154530361","0.396659"
"2154530361","2031992207","0.396659"
"2031992207","2177062958","3.27347"
"2177062958","2031992207","3.27347"
"2031992207","2346100606","0.114379"
"2346100606","2031992207","0.114379"
"2031992207","2554152673","0.114379"
"2554152673","2031992207","0.114379"
"2042314861","2136967963","0.35978"
"2136967963","2042314861","0.35978"
"2042314861","2154530361","0.391302"
"2154530361","2042314861","0.391302"
"2042314861","2177062958","0.23478"
"2177062958","2042314861","0.23478"
"2042314861","2346100606","0.114379"
"2346100606","2042314861","0.114379"
"2042314861","2554152673","0.614379"
"2554152673","2042314861","0.614379"
"2099105442","2136967963","0.60364"
"2136967963","2099105442","0.60364"
"2099105442","2154530361","1.24639"
"2154530361","2099105442","1.24639"
"2099105442","2177062958","0.253802"
"2177062958","2099105442","0.253802"
"2128771953","2136967963","1.65572"
"2136967963","2128771953","1.65572"
"2128771953","2154530361","0.253802"
"2154530361","2128771953","0.253802"
"2128771953","2177062958","0.238457"
"2177062958","2128771953","0.238457"
"2128771953","2346100606","0.114379"
"2346100606","2128771953","0.114379"
"2128771953","2554152673","0.114379"
"2554152673","2128771953","0.114379"
"2136967963","2137205163","0.9696"
"2137205163","2136967963","0.9696"
"2136967963","2151257102","0.23478"
"2151257102","2136967963","0.23478"
"2136967963","2154530361","0.344711"
"2154530361","2136967963","0.344711"
"2136967963","2160759173","0.753691"
"2160759173","2136967963","0.753691"
"2136967963","2171321441","1.10923"
"2171321441","2136967963","1.10923"
"2136967963","2177062958","0.29728"
"2177062958","2136967963","0.29728"
"2136967963","2346100606","0.205288"
"2346100606","2136967963","0.205288"
"2136967963","2554152673","0.205288"
"2554152673","2136967963","0.205288"
"2137205163","2154530361","0.606969"
"2154530361","2137205163","0.606969"
"2137205163","2177062958","0.157857"
"2177062958","2137205163","0.157857"
"2137205163","2346100606","0.406969"
"2346100606","2137205163","0.406969"
"2137205163","2554152673","2.40697"
"2554152673","2137205163","2.40697"
"2151257102","2154530361","0.191302"
"2154530361","2151257102","0.191302"
"2151257102","2177062958","1.23478"
"2177062958","2151257102","1.23478"
"2151257102","2346100606","0.364379"
"2346100606","2151257102","0.364379"
"2151257102","2554152673","0.364379"
"2554152673","2151257102","0.364379"
"2154530361","2160759173","0.176879"
"2160759173","2154530361","0.176879"
"2154530361","2171321441","0.455288"
"2171321441","2154530361","0.455288"
"2154530361","2177062958","0.396659"
"2177062958","2154530361","0.396659"
"2154530361","2346100606","0.406969"
"2346100606","2154530361","0.406969"
"2154530361","2554152673","0.406969"
"2554152673","2154530361","0.406969"
"2160759173","2177062958","0.220357"
"2177062958","2160759173","0.220357"
"2160759173","2346100606","0.114379"
"2346100606","2160759173","0.114379"
"2160759173","2554152673","0.114379"
"2554152673","2160759173","0.114379"
"2171321441","2177062958","0.0990338"
"2177062958","2171321441","0.0990338"
"2171321441","2346100606","0.205288"
"2346100606","2171321441","0.205288"
"2171321441","2554152673","0.205288"
"2554152673","2171321441","0.205288"
"2177062958","2346100606","0.114379"
"2346100606","2177062958","0.114379"
"2177062958","2554152673","0.114379"
"2554152673","2177062958","0.114379"
"1497733649","2109240574","0.714181"
"2109240574","1497733649","0.714181"
"1552540318","2109240574","0.558824"
"2109240574","1552540318","0.558824"
"2109240574","2136967963","0.198247"
"2136967963","2109240574","0.198247"
"2109240574","2154530361","0.541104"
"2154530361","2109240574","0.541104"
"2109240574","2177062958","0.341104"
"2177062958","2109240574","0.341104"
"1497733649","1974273882","0.392857"
"1974273882","1497733649","0.392857"
"1497733649","2143615813","0.308824"
"2143615813","1497733649","0.308824"
"1974273882","2160759173","0.25"
"2160759173","1974273882","0.25"
"2143615813","2160759173","0.25"
"2160759173","2143615813","0.25"
"1497733649","1924168632","0.201681"
"1924168632","1497733649","0.201681"
"1924168632","2154530361","0.201681"
"2154530361","1924168632","0.201681"
"1924168632","2177062958","0.186335"
"2177062958","1924168632","0.186335"
"1974273882","2137205163","0.47619"
"2137205163","1974273882","0.47619"
"1974273882","2154530361","0.142857"
"2154530361","1974273882","0.142857"
"1497733649","2101965159","0.0625"
"2101965159","1497733649","0.0625"
"1497733649","2108268240","0.121324"
"2108268240","1497733649","0.121324"
"1497733649","2127327101","0.0625"
"2127327101","1497733649","0.0625"
"1497733649","2134558520","0.153409"
"2134558520","1497733649","0.153409"
"1497733649","2158407140","0.153409"
"2158407140","1497733649","0.153409"
"1497733649","2160307100","0.121324"
"2160307100","1497733649","0.121324"
"1497733649","2162546780","0.0625"
"2162546780","1497733649","0.0625"
"1497733649","2168523997","0.212233"
"2168523997","1497733649","0.212233"
"2031992207","2127327101","0.33631"
"2127327101","2031992207","0.33631"
"2031992207","2134558520","0.125"
"2134558520","2031992207","0.125"
"2031992207","2158407140","0.669644"
"2158407140","2031992207","0.669644"
"2099105442","2127327101","0.201923"
"2127327101","2099105442","0.201923"
"2099105442","2134558520","0.382576"
"2134558520","2099105442","0.382576"
"2099105442","2158407140","0.459499"
"2158407140","2099105442","0.459499"
"2101965159","2127327101","0.230978"
"2127327101","2101965159","0.230978"
"2101965159","2134558520","0.0625"
"2134558520","2101965159","0.0625"
"2101965159","2136967963","0.105978"
"2136967963","2101965159","0.105978"
"2101965159","2154530361","0.0625"
"2154530361","2101965159","0.0625"
"2101965159","2158407140","0.230978"
"2158407140","2101965159","0.230978"
"2101965159","2177062958","0.105978"
"2177062958","2101965159","0.105978"
"2108268240","2127327101","1.43495"
"2127327101","2108268240","1.43495"
"2108268240","2134558520","0.2625"
"2134558520","2108268240","0.2625"
"2108268240","2136967963","0.317089"
"2136967963","2108268240","0.317089"
"2108268240","2154530361","0.121324"
"2154530361","2108268240","0.121324"
"2108268240","2158407140","0.692089"
"2158407140","2108268240","0.692089"
"2108268240","2177062958","0.105978"
"2177062958","2108268240","0.105978"
"2109240574","2127327101","0.139423"
"2127327101","2109240574","0.139423"
"2109240574","2134558520","0.0625"
"2134558520","2109240574","0.0625"
"2109240574","2158407140","0.139423"
"2158407140","2109240574","0.139423"
"2127327101","2128771953","0.68631"
"2128771953","2127327101","0.68631"
"2127327101","2134558520","0.790909"
"2134558520","2127327101","0.790909"
"2127327101","2136967963","0.922422"
"2136967963","2127327101","0.922422"
"2127327101","2154530361","0.389423"
"2154530361","2127327101","0.389423"
"2127327101","2158407140","1.38833"
"2158407140","2127327101","1.38833"
"2127327101","2160307100","0.811408"
"2160307100","2127327101","0.811408"
"2127327101","2160759173","0.105978"
"2160759173","2127327101","0.105978"
"2127327101","2162546780","0.822422"
"2162546780","2127327101","0.822422"
"2127327101","2168523997","0.695498"
"2168523997","2127327101","0.695498"
"2127327101","2177062958","0.182901"
"2177062958","2127327101","0.182901"
"2128771953","2134558520","0.35"
"2134558520","2128771953","0.35"
"2128771953","2158407140","1.15298"
"2158407140","2128771953","1.15298"
"2134558520","2136967963","1.24015"
"2136967963","2134558520","1.24015"
"2134558520","2154530361","0.153409"
"2154530361","2134558520","0.153409"
"2134558520","2158407140","4.40682"
"2158407140","2134558520","4.40682"
"2134558520","2160307100","0.440909"
"2160307100","2134558520","0.440909"
"2134558520","2160759173","0.0625"
"2160759173","2134558520","0.0625"
"2134558520","2162546780","0.625"
"2162546780","2134558520","0.625"
"2134558520","2168523997","0.798485"
"2168523997","2134558520","0.798485"
"2134558520","2177062958","0.0625"
"2177062958","2134558520","0.0625"
"2136967963","2158407140","1.47166"
"2158407140","2136967963","1.47166"
"2136967963","2160307100","0.566927"
"2160307100","2136967963","0.566927"
"2136967963","2162546780","1.05294"
"2162546780","2136967963","1.05294"
"2136967963","2168523997","0.757836"
"2168523997","2136967963","0.757836"
"2154530361","2158407140","0.230332"
"2158407140","2154530361","0.230332"
"2154530361","2160307100","0.371324"
"2160307100","2154530361","0.371324"
"2154530361","2162546780","0.139423"
"2162546780","2154530361","0.139423"
"2154530361","2168523997","0.212233"
"2168523997","2154530361","0.212233"
"2158407140","2160307100","1.15307"
"2160307100","2158407140","1.15307"
"2158407140","2160759173","0.105978"
"2160759173","2158407140","0.105978"
"2158407140","2162546780","1.94742"
"2162546780","2158407140","1.94742"
"2158407140","2168523997","2.87807"
"2168523997","2158407140","2.87807"
"2158407140","2177062958","0.516235"
"2177062958","2158407140","0.516235"
"2160307100","2177062958","0.105978"
"2177062958","2160307100","0.105978"
"2162546780","2177062958","0.182901"
"2177062958","2162546780","0.182901"
"2168523997","2177062958","0.439312"
"2177062958","2168523997","0.439312"
"1552540318","2134558520","0.0909091"
"2134558520","1552540318","0.0909091"
"1552540318","2158407140","0.424242"
"2158407140","1552540318","0.424242"
"1552540318","2168523997","0.29259"
"2168523997","1552540318","0.29259"
"2134558520","2137205163","0.253409"
"2137205163","2134558520","0.253409"
"2134558520","2171321441","0.869318"
"2171321441","2134558520","0.869318"
"2134558520","2346100606","0.0909091"
"2346100606","2134558520","0.0909091"
"2134558520","2554152673","0.0909091"
"2554152673","2134558520","0.0909091"
"2137205163","2158407140","0.530221"
"2158407140","2137205163","0.530221"
"2158407140","2171321441","1.65648"
"2171321441","2158407140","1.65648"
"2158407140","2346100606","0.0909091"
"2346100606","2158407140","0.0909091"
"2158407140","2554152673","0.0909091"
"2554152673","2158407140","0.0909091"
"2168523997","2346100606","0.149733"
"2346100606","2168523997","0.149733"
"2168523997","2554152673","0.149733"
"2554152673","2168523997","0.149733"
"1497733649","2155686436","0.0588235"
"2155686436","1497733649","0.0588235"
"1497733649","2162364423","0.0588235"
"2162364423","1497733649","0.0588235"
"1552540318","1924168632","0.183824"
"1924168632","1552540318","0.183824"
"1552540318","2108268240","0.0588235"
"2108268240","1552540318","0.0588235"
"1552540318","2143615813","0.892157"
"2143615813","1552540318","0.892157"
"1552540318","2155686436","0.0588235"
"2155686436","1552540318","0.0588235"
"1552540318","2160307100","0.0588235"
"2160307100","1552540318","0.0588235"
"1552540318","2162364423","0.0588235"
"2162364423","1552540318","0.0588235"
"1924168632","2143615813","0.0588235"
"2143615813","1924168632","0.0588235"
"1924168632","2346100606","0.0588235"
"2346100606","1924168632","0.0588235"
"1924168632","2554152673","0.0588235"
"2554152673","1924168632","0.0588235"
"2021662740","2143615813","0.0588235"
"2143615813","2021662740","0.0588235"
"2108268240","2143615813","0.0588235"
"2143615813","2108268240","0.0588235"
"2108268240","2346100606","0.0588235"
"2346100606","2108268240","0.0588235"
"2108268240","2554152673","0.0588235"
"2554152673","2108268240","0.0588235"
"2128771953","2143615813","0.0588235"
"2143615813","2128771953","0.0588235"
"2137205163","2143615813","1.22549"
"2143615813","2137205163","1.22549"
"2143615813","2154530361","0.0588235"
"2154530361","2143615813","0.0588235"
"2143615813","2155686436","0.0588235"
"2155686436","2143615813","0.0588235"
"2143615813","2160307100","0.0588235"
"2160307100","2143615813","0.0588235"
"2143615813","2162364423","0.0588235"
"2162364423","2143615813","0.0588235"
"2143615813","2168523997","0.0588235"
"2168523997","2143615813","0.0588235"
"2143615813","2171321441","0.0588235"
"2171321441","2143615813","0.0588235"
"2154530361","2155686436","0.135747"
"2155686436","2154530361","0.135747"
"2154530361","2162364423","0.0588235"
"2162364423","2154530361","0.0588235"
"2155686436","2346100606","0.0588235"
"2346100606","2155686436","0.0588235"
"2155686436","2554152673","0.0588235"
"2554152673","2155686436","0.0588235"
"2160307100","2346100606","0.0588235"
"2346100606","2160307100","0.0588235"
"2160307100","2554152673","0.0588235"
"2554152673","2160307100","0.0588235"
"2162364423","2346100606","0.0588235"
"2346100606","2162364423","0.0588235"
"2162364423","2554152673","0.0588235"
"2554152673","2162364423","0.0588235"
"1504306258","2127327101","0.1625"
"2127327101","1504306258","0.1625"
"1504306258","2134558520","0.1625"
"2134558520","1504306258","0.1625"
"1504306258","2136967963","0.1625"
"2136967963","1504306258","0.1625"
"1504306258","2158407140","0.1625"
"2158407140","1504306258","0.1625"
"1596527906","2127327101","0.296887"
"2127327101","1596527906","0.296887"
"1596527906","2134558520","0.545076"
"2134558520","1596527906","0.545076"
"1596527906","2158407140","1.58855"
"2158407140","1596527906","1.58855"
"1924168632","2127327101","0.939744"
"2127327101","1924168632","0.939744"
"1924168632","2134558520","0.1625"
"2134558520","1924168632","0.1625"
"1924168632","2136967963","0.402407"
"2136967963","1924168632","0.402407"
"1924168632","2158407140","0.296887"
"2158407140","1924168632","0.296887"
"2030589840","2127327101","0.766765"
"2127327101","2030589840","0.766765"
"2030589840","2134558520","0.253409"
"2134558520","2030589840","0.253409"
"2030589840","2136967963","0.479427"
"2136967963","2030589840","0.479427"
"2030589840","2158407140","0.623908"
"2158407140","2030589840","0.623908"
"2127327101","2162364423","0.411335"
"2162364423","2127327101","0.411335"
"2134558520","2162364423","0.1"
"2162364423","2134558520","0.1"
"2136967963","2162364423","0.214907"
"2162364423","2136967963","0.214907"
"2158407140","2162364423","0.668478"
"2162364423","2158407140","0.668478"
"2127327101","2137205163","0.205978"
"2137205163","2127327101","0.205978"
"2127327101","2155686436","1.00278"
"2155686436","2127327101","1.00278"
"2127327101","2171321441","1.16676"
"2171321441","2127327101","1.16676"
"2134558520","2155686436","0.2875"
"2155686436","2134558520","0.2875"
"2136967963","2155686436","0.490441"
