"1014725521","2000809552","12.8333"
"2000809552","1014725521","12.8333"
"1014725521","2057073157","1"
"2057073157","1014725521","1"
"1014725521","102383941","0.5"
"102383941","1014725521","0.5"
"102383941","2000809552","1.5"
"2000809552","102383941","1.5"
"1014725521","2107254606","0.333333"
"2107254606","1014725521","0.333333"
"1014725521","2952588774","0.333333"
"2952588774","1014725521","0.333333"
"2000809552","2107254606","0.5"
"2107254606","2000809552","0.5"
"2000809552","2952588774","0.611111"
"2952588774","2000809552","0.611111"
"2107254606","2952588774","4.44306"
"2952588774","2107254606","4.44306"
"102383941","2026147624","1.5"
"2026147624","102383941","1.5"
"102383941","2008138653","0.5"
"2008138653","102383941","0.5"
"2008138653","2026147624","0.75"
"2026147624","2008138653","0.75"
"102383941","2058788555","0.5"
"2058788555","102383941","0.5"
"102383941","2139646386","1.2"
"2139646386","102383941","1.2"
"2058788555","2139646386","0.5"
"2139646386","2058788555","0.5"
"102383941","1565102206","0.2"
"1565102206","102383941","0.2"
"102383941","2296045323","1.2"
"2296045323","102383941","1.2"
"102383941","2526076264","0.2"
"2526076264","102383941","0.2"
"102383941","2951656503","0.2"
"2951656503","102383941","0.2"
"1565102206","2139646386","4.91648"
"2139646386","1565102206","4.91648"
"1565102206","2296045323","0.41978"
"2296045323","1565102206","0.41978"
"1565102206","2526076264","0.637888"
"2526076264","1565102206","0.637888"
"1565102206","2951656503","8.49233"
"2951656503","1565102206","8.49233"
"2139646386","2296045323","3.75311"
"2296045323","2139646386","3.75311"
"2139646386","2526076264","3.67122"
"2526076264","2139646386","3.67122"
"2139646386","2951656503","3.07567"
"2951656503","2139646386","3.07567"
"2296045323","2526076264","0.276923"
"2526076264","2296045323","0.276923"
"2296045323","2951656503","0.342857"
"2951656503","2296045323","0.342857"
"2526076264","2951656503","0.477632"
"2951656503","2526076264","0.477632"
"102383941","2153508518","0.5"
"2153508518","102383941","0.5"
"2139646386","2153508518","3.16667"
"2153508518","2139646386","3.16667"
"1181317657","1497523460","0.267857"
"1497523460","1181317657","0.267857"
"1181317657","1557940919","0.142857"
"1557940919","1181317657","0.142857"
"1181317657","2000809552","2.26786"
"2000809552","1181317657","2.26786"
"1181317657","2057073157","1.01786"
"2057073157","1181317657","1.01786"
"1181317657","2139646386","1.39286"
"2139646386","1181317657","1.39286"
"1181317657","2950216427","0.142857"
"2950216427","1181317657","0.142857"
"1181317657","2952371036","0.267857"
"2952371036","1181317657","0.267857"
"1497523460","1557940919","0.523223"
"1557940919","1497523460","0.523223"
"1497523460","2000809552","0.434524"
"2000809552","1497523460","0.434524"
"1497523460","2057073157","1.00952"
"2057073157","1497523460","1.00952"
"1497523460","2139646386","2.67481"
"2139646386","1497523460","2.67481"
"1497523460","2950216427","0.303443"
"2950216427","1497523460","0.303443"
"1497523460","2952371036","6.14233"
"2952371036","1497523460","6.14233"
"1557940919","2000809552","0.142857"
"2000809552","1557940919","0.142857"
"1557940919","2057073157","0.142857"
"2057073157","1557940919","0.142857"
"1557940919","2139646386","0.606557"
"2139646386","1557940919","0.606557"
"1557940919","2950216427","3.36297"
"2950216427","1557940919","3.36297"
"1557940919","2952371036","0.303443"
"2952371036","1557940919","0.303443"
"2000809552","2057073157","0.684524"
"2057073157","2000809552","0.684524"
"2000809552","2139646386","1.73016"
"2139646386","2000809552","1.73016"
"2000809552","2950216427","0.142857"
"2950216427","2000809552","0.142857"
"2000809552","2952371036","0.462302"
"2952371036","2000809552","0.462302"
"2057073157","2139646386","1.13452"
"2139646386","2057073157","1.13452"
"2057073157","2950216427","0.142857"
"2950216427","2057073157","0.142857"
"2057073157","2952371036","0.92619"
"2952371036","2057073157","0.92619"
"2139646386","2950216427","0.529634"
"2950216427","2139646386","0.529634"
"2139646386","2952371036","1.50067"
"2952371036","2139646386","1.50067"
"2950216427","2952371036","0.303443"
"2952371036","2950216427","0.303443"
"1181317657","2963720295","0.625"
"2963720295","1181317657","0.625"
"2057073157","2963720295","0.625"
"2963720295","2057073157","0.625"
"1181317657","2014772881","0.125"
"2014772881","1181317657","0.125"
"1181317657","2261248299","0.125"
"2261248299","1181317657","0.125"
"1181317657","2526076264","0.125"
"2526076264","1181317657","0.125"
"1497523460","2014772881","0.25"
"2014772881","1497523460","0.25"
"1497523460","2261248299","0.25"
"2261248299","1497523460","0.25"
"1497523460","2526076264","0.896221"
"2526076264","1497523460","0.896221"
"1497523460","2963720295","0.125"
"2963720295","1497523460","0.125"
"2000809552","2014772881","0.125"
"2014772881","2000809552","0.125"
"2000809552","2261248299","0.458333"
"2261248299","2000809552","0.458333"
"2000809552","2526076264","0.541667"
"2526076264","2000809552","0.541667"
"2000809552","2963720295","0.125"
"2963720295","2000809552","0.125"
"2014772881","2057073157","0.583333"
"2057073157","2014772881","0.583333"
"2014772881","2261248299","3.08333"
"2261248299","2014772881","3.08333"
"2014772881","2526076264","5.08333"
"2526076264","2014772881","5.08333"
"2014772881","2952371036","0.25"
"2952371036","2014772881","0.25"
"2014772881","2963720295","0.125"
"2963720295","2014772881","0.125"
"2057073157","2261248299","0.583333"
"2261248299","2057073157","0.583333"
"2057073157","2526076264","1.1"
"2526076264","2057073157","1.1"
"2261248299","2526076264","5.41667"
"2526076264","2261248299","5.41667"
"2261248299","2952371036","0.25"
"2952371036","2261248299","0.25"
"2261248299","2963720295","0.125"
"2963720295","2261248299","0.125"
"2526076264","2952371036","0.735965"
"2952371036","2526076264","0.735965"
"2526076264","2963720295","0.125"
"2963720295","2526076264","0.125"
"2952371036","2963720295","0.125"
"2963720295","2952371036","0.125"
"1181317657","1577500738","0.583333"
"1577500738","1181317657","0.583333"
"1181317657","2261544779","0.25"
"2261544779","1181317657","0.25"
"1577500738","2057073157","0.25"
"2057073157","1577500738","0.25"
"1577500738","2139646386","2.62619"
"2139646386","1577500738","2.62619"
"1577500738","2261544779","1.2"
"2261544779","1577500738","1.2"
"2057073157","2261544779","0.25"
"2261544779","2057073157","0.25"
"2139646386","2261544779","4.2"
"2261544779","2139646386","4.2"
"1181317657","2026147624","1.33333"
"2026147624","1181317657","1.33333"
"1181317657","2030530147","0.333333"
"2030530147","1181317657","0.333333"
"1577500738","2026147624","2.89286"
"2026147624","1577500738","2.89286"
"1577500738","2030530147","0.333333"
"2030530147","1577500738","0.333333"
"2026147624","2030530147","0.333333"
"2030530147","2026147624","0.333333"
"1497523460","1521736627","1.22448"
"1521736627","1497523460","1.22448"
"1497523460","2073545563","1.06111"
"2073545563","1497523460","1.06111"
"1497523460","2110411158","1.40205"
"2110411158","1497523460","1.40205"
"1521736627","2073545563","0.672222"
"2073545563","1521736627","0.672222"
"1521736627","2110411158","0.759197"
"2110411158","1521736627","0.759197"
"1521736627","2952371036","1.12725"
"2952371036","1521736627","1.12725"
"2073545563","2110411158","4.26111"
"2110411158","2073545563","4.26111"
"2073545563","2952371036","1.17222"
"2952371036","2073545563","1.17222"
"2110411158","2952371036","1.2592"
"2952371036","2110411158","1.2592"
"1497523460","1563968750","1.24584"
"1563968750","1497523460","1.24584"
"1497523460","1565102206","2.11926"
"1565102206","1497523460","2.11926"
"1497523460","1979101951","0.312888"
"1979101951","1497523460","0.312888"
"1497523460","2107254606","1.26092"
"2107254606","1497523460","1.26092"
"1497523460","2119363954","0.756954"
"2119363954","1497523460","0.756954"
"1497523460","2251214202","0.725155"
"2251214202","1497523460","0.725155"
"1497523460","2295127861","0.422378"
"2295127861","1497523460","0.422378"
"1497523460","2296045323","0.0769231"
"2296045323","1497523460","0.0769231"
"1497523460","2433074751","0.176923"
"2433074751","1497523460","0.176923"
"1497523460","2952588774","1.11806"
"2952588774","1497523460","1.11806"
"1557940919","1563968750","0.320843"
"1563968750","1557940919","0.320843"
"1557940919","1565102206","0.606557"
"1565102206","1557940919","0.606557"
"1557940919","1979101951","0.129555"
"1979101951","1557940919","0.129555"
"1557940919","2107254606","0.4637"
"2107254606","1557940919","0.4637"
"1557940919","2119363954","0.320843"
"2119363954","1557940919","0.320843"
"1557940919","2251214202","0.122378"
"2251214202","1557940919","0.122378"
"1557940919","2295127861","0.122378"
"2295127861","1557940919","0.122378"
"1557940919","2296045323","0.21978"
"2296045323","1557940919","0.21978"
"1557940919","2433074751","0.0769231"
"2433074751","1557940919","0.0769231"
"1557940919","2526076264","0.129555"
"2526076264","1557940919","0.129555"
"1557940919","2952588774","0.320843"
"2952588774","1557940919","0.320843"
"1563968750","1565102206","1.02084"
"1565102206","1563968750","1.02084"
"1563968750","1979101951","0.212888"
"1979101951","1563968750","0.212888"
"1563968750","2107254606","0.920843"
"2107254606","1563968750","0.920843"
"1563968750","2119363954","1.94862"
"2119363954","1563968750","1.94862"
"1563968750","2139646386","2.38195"
"2139646386","1563968750","2.38195"
"1563968750","2251214202","0.666822"
"2251214202","1563968750","0.666822"
"1563968750","2295127861","0.122378"
"2295127861","1563968750","0.122378"
"1563968750","2296045323","0.0769231"
"2296045323","1563968750","0.0769231"
"1563968750","2433074751","0.0769231"
"2433074751","1563968750","0.0769231"
"1563968750","2526076264","0.129555"
"2526076264","1563968750","0.129555"
"1563968750","2952588774","1.03195"
"2952588774","1563968750","1.03195"
"1565102206","1979101951","0.646221"
"1979101951","1565102206","0.646221"
"1565102206","2107254606","2.55259"
"2107254606","1565102206","2.55259"
"1565102206","2119363954","0.965287"
"2119363954","1565102206","0.965287"
"1565102206","2251214202","0.850155"
"2251214202","1565102206","0.850155"
"1565102206","2295127861","0.422378"
"2295127861","1565102206","0.422378"
"1565102206","2433074751","0.176923"
"2433074751","1565102206","0.176923"
"1565102206","2952588774","2.0764"
"2952588774","1565102206","2.0764"
"1979101951","2107254606","0.646221"
"2107254606","1979101951","0.646221"
"1979101951","2119363954","0.212888"
"2119363954","1979101951","0.212888"
"1979101951","2139646386","0.646221"
"2139646386","1979101951","0.646221"
"1979101951","2251214202","2.16026"
"2251214202","1979101951","2.16026"
"1979101951","2295127861","0.176923"
"2295127861","1979101951","0.176923"
"1979101951","2296045323","0.0769231"
"2296045323","1979101951","0.0769231"
"1979101951","2433074751","0.176923"
"2433074751","1979101951","0.176923"
"1979101951","2526076264","1.12955"
"2526076264","1979101951","1.12955"
"1979101951","2952588774","0.312888"
"2952588774","1979101951","0.312888"
"2107254606","2119363954","0.865287"
"2119363954","2107254606","0.865287"
"2107254606","2139646386","2.21529"
"2139646386","2107254606","2.21529"
"2107254606","2251214202","0.750155"
"2251214202","2107254606","0.750155"
"2107254606","2295127861","0.422378"
"2295127861","2107254606","0.422378"
"2107254606","2296045323","0.0769231"
"2296045323","2107254606","0.0769231"
"2107254606","2433074751","0.176923"
"2433074751","2107254606","0.176923"
"2107254606","2526076264","0.212888"
"2526076264","2107254606","0.212888"
"2119363954","2139646386","1.0764"
"2139646386","2119363954","1.0764"
"2119363954","2251214202","0.877933"
"2251214202","2119363954","0.877933"
"2119363954","2295127861","0.122378"
"2295127861","2119363954","0.122378"
"2119363954","2296045323","0.0769231"
"2296045323","2119363954","0.0769231"
"2119363954","2433074751","0.0769231"
"2433074751","2119363954","0.0769231"
"2119363954","2526076264","0.229555"
"2526076264","2119363954","0.229555"
"2119363954","2952588774","0.976398"
"2952588774","2119363954","0.976398"
"2139646386","2251214202","0.961267"
"2251214202","2139646386","0.961267"
"2139646386","2295127861","4.08904"
"2295127861","2139646386","4.08904"
"2139646386","2433074751","1.84359"
"2433074751","2139646386","1.84359"
"2139646386","2952588774","1.99306"
"2952588774","2139646386","1.99306"
"2251214202","2295127861","0.622378"
"2295127861","2251214202","0.622378"
"2251214202","2296045323","0.0769231"
"2296045323","2251214202","0.0769231"
"2251214202","2433074751","0.576923"
"2433074751","2251214202","0.576923"
"2251214202","2526076264","0.260256"
"2526076264","2251214202","0.260256"
"2251214202","2952588774","0.861266"
"2952588774","2251214202","0.861266"
"2295127861","2296045323","1.91026"
"2296045323","2295127861","1.91026"
"2295127861","2433074751","3.84359"
"2433074751","2295127861","3.84359"
"2295127861","2526076264","0.410256"
"2526076264","2295127861","0.410256"
"2295127861","2952588774","0.422378"
"2952588774","2295127861","0.422378"
"2296045323","2433074751","0.910256"
"2433074751","2296045323","0.910256"
"2296045323","2952588774","0.0769231"
"2952588774","2296045323","0.0769231"
"2433074751","2526076264","0.410256"
"2526076264","2433074751","0.410256"
"2433074751","2952588774","0.176923"
"2952588774","2433074751","0.176923"
"2526076264","2952588774","0.212888"
"2952588774","2526076264","0.212888"
"1497523460","2951656503","1.69114"
"2951656503","1497523460","1.69114"
"1521736627","1563968750","1.28836"
"1563968750","1521736627","1.28836"
"1521736627","1565102206","1.32567"
"1565102206","1521736627","1.32567"
"1521736627","2107254606","1.28281"
"2107254606","1521736627","1.28281"
"1521736627","2119363954","1.49948"
"2119363954","1521736627","1.49948"
"1521736627","2139646386","1.32567"
"2139646386","1521736627","1.32567"
"1521736627","2251214202","0.884343"
"2251214202","1521736627","0.884343"
"1521736627","2951656503","1.22844"
"2951656503","1521736627","1.22844"
"1521736627","2952588774","1.39392"
"2952588774","1521736627","1.39392"
"1563968750","2951656503","0.930031"
"2951656503","1563968750","0.930031"
"1563968750","2952371036","1.15503"
"2952371036","1563968750","1.15503"
"1565102206","2952371036","1.69114"
"2952371036","1565102206","1.69114"
"2107254606","2951656503","1.79114"
"2951656503","2107254606","1.79114"
"2107254606","2952371036","0.832808"
"2952371036","2107254606","0.832808"
"2119363954","2951656503","0.874475"
"2951656503","2119363954","0.874475"
"2119363954","2952371036","0.666142"
"2952371036","2119363954","0.666142"
"2251214202","2951656503","0.67601"
"2951656503","2251214202","0.67601"
"2251214202","2952371036","0.55101"
"2952371036","2251214202","0.55101"
"2951656503","2952371036","1.80225"
"2952371036","2951656503","1.80225"
"2951656503","2952588774","1.90225"
"2952588774","2951656503","1.90225"
"2952371036","2952588774","0.943919"
"2952588774","2952371036","0.943919"
"1497523460","1577500738","1"
"1577500738","1497523460","1"
"1497523460","2951943777","0.971697"
"2951943777","1497523460","0.971697"
"1521736627","2951943777","0.271697"
"2951943777","1521736627","0.271697"
"1565102206","2073545563","0.211111"
"2073545563","1565102206","0.211111"
"1565102206","2110411158","0.552054"
"2110411158","1565102206","0.552054"
"1565102206","2951943777","0.371697"
"2951943777","1565102206","0.371697"
"2073545563","2107254606","0.311111"
"2107254606","2073545563","0.311111"
"2073545563","2951656503","0.322222"
"2951656503","2073545563","0.322222"
"2073545563","2951943777","0.811111"
"2951943777","2073545563","0.811111"
"2073545563","2952588774","0.422222"
"2952588774","2073545563","0.422222"
"2107254606","2110411158","0.885388"
"2110411158","2107254606","0.885388"
"2107254606","2951943777","0.271697"
"2951943777","2107254606","0.271697"
"2110411158","2951656503","0.409197"
"2951656503","2110411158","0.409197"
"2110411158","2951943777","0.909197"
"2951943777","2110411158","0.909197"
"2110411158","2952588774","0.742531"
"2952588774","2110411158","0.742531"
"2951656503","2951943777","0.371697"
"2951943777","2951656503","0.371697"
"2951943777","2952371036","0.971697"
"2952371036","2951943777","0.971697"
"2951943777","2952588774","0.271697"
"2952588774","2951943777","0.271697"
"1497523460","1982124942","0.160586"
"1982124942","1497523460","0.160586"
"1497523460","2040393854","0.160586"
"2040393854","1497523460","0.160586"
"1497523460","2064290367","0.160586"
"2064290367","1497523460","0.160586"
"1497523460","2137242774","0.240943"
"2137242774","1497523460","0.240943"
"1521736627","1557940919","0.386777"
"1557940919","1521736627","0.386777"
"1521736627","1979101951","0.235965"
"1979101951","1521736627","0.235965"
"1521736627","1982124942","0.360586"
"1982124942","1521736627","0.360586"
"1521736627","2040393854","0.343919"
"2040393854","1521736627","0.343919"
"1521736627","2064290367","0.443919"
"2064290367","1521736627","0.443919"
"1521736627","2137242774","0.381419"
"2137242774","1521736627","0.381419"
"1521736627","2526076264","0.235965"
"2526076264","1521736627","0.235965"
"1521736627","2950216427","0.386777"
"2950216427","1521736627","0.386777"
"1557940919","1982124942","0.160586"
"1982124942","1557940919","0.160586"
"1557940919","2040393854","0.777253"
"2040393854","1557940919","0.777253"
"1557940919","2064290367","1.27725"
"2064290367","1557940919","1.27725"
"1557940919","2110411158","0.240943"
"2110411158","1557940919","0.240943"
"1557940919","2137242774","0.524277"
"2137242774","1557940919","0.524277"
"1557940919","2951656503","0.386777"
"2951656503","1557940919","0.386777"
"1557940919","2951943777","0.160586"
"2951943777","1557940919","0.160586"
"1563968750","1982124942","0.160586"
"1982124942","1563968750","0.160586"
"1563968750","2040393854","0.243919"
"2040393854","1563968750","0.243919"
"1563968750","2064290367","0.243919"
"2064290367","1563968750","0.243919"
"1563968750","2110411158","0.798086"
"2110411158","1563968750","0.798086"
"1563968750","2137242774","0.431419"
"2137242774","1563968750","0.431419"
"1563968750","2950216427","0.243919"
"2950216427","1563968750","0.243919"
"1563968750","2951943777","1.86059"
"2951943777","1563968750","1.86059"
"1565102206","1982124942","0.160586"
"1982124942","1565102206","0.160586"
"1565102206","2040393854","0.243919"
"2040393854","1565102206","0.243919"
"1565102206","2064290367","0.243919"
"2064290367","1565102206","0.243919"
"1565102206","2137242774","0.324277"
"2137242774","1565102206","0.324277"
"1565102206","2950216427","0.386777"
"2950216427","1565102206","0.386777"
"1979101951","1982124942","0.0526316"
"1982124942","1979101951","0.0526316"
"1979101951","2040393854","0.0526316"
"2040393854","1979101951","0.0526316"
"1979101951","2064290367","0.0526316"
"2064290367","1979101951","0.0526316"
"1979101951","2110411158","0.0526316"
"2110411158","1979101951","0.0526316"
"1979101951","2137242774","0.0526316"
"2137242774","1979101951","0.0526316"
"1979101951","2950216427","0.0526316"
"2950216427","1979101951","0.0526316"
"1979101951","2951656503","0.235965"
"2951656503","1979101951","0.235965"
"1979101951","2951943777","0.0526316"
"2951943777","1979101951","0.0526316"
"1979101951","2952371036","0.235965"
"2952371036","1979101951","0.235965"
"1982124942","2040393854","0.593919"
"2040393854","1982124942","0.593919"
"1982124942","2064290367","0.693919"
"2064290367","1982124942","0.693919"
"1982124942","2107254606","0.360586"
"2107254606","1982124942","0.360586"
"1982124942","2110411158","0.964753"
"2110411158","1982124942","0.964753"
"1982124942","2119363954","0.160586"
"2119363954","1982124942","0.160586"
"1982124942","2137242774","0.298086"
"2137242774","1982124942","0.298086"
"1982124942","2139646386","0.327253"
"2139646386","1982124942","0.327253"
"1982124942","2526076264","0.0526316"
"2526076264","1982124942","0.0526316"
"1982124942","2950216427","0.160586"
"2950216427","1982124942","0.160586"
"1982124942","2951656503","0.160586"
"2951656503","1982124942","0.160586"
"1982124942","2951943777","0.160586"
"2951943777","1982124942","0.160586"
"1982124942","2952371036","0.160586"
"2952371036","1982124942","0.160586"
"1982124942","2952588774","0.360586"
"2952588774","1982124942","0.360586"
"2040393854","2064290367","20.2106"
"2064290367","2040393854","20.2106"
"2040393854","2107254606","0.343919"
"2107254606","2040393854","0.343919"
"2040393854","2110411158","0.198086"
"2110411158","2040393854","0.198086"
"2040393854","2119363954","0.243919"
"2119363954","2040393854","0.243919"
"2040393854","2137242774","0.981419"
"2137242774","2040393854","0.981419"
"2040393854","2139646386","0.243919"
"2139646386","2040393854","0.243919"
"2040393854","2526076264","0.0526316"
"2526076264","2040393854","0.0526316"
"2040393854","2950216427","0.577253"
"2950216427","2040393854","0.577253"
"2040393854","2951656503","0.243919"
"2951656503","2040393854","0.243919"
"2040393854","2951943777","0.160586"
"2951943777","2040393854","0.160586"
"2040393854","2952371036","0.160586"
"2952371036","2040393854","0.160586"
"2040393854","2952588774","0.343919"
"2952588774","2040393854","0.343919"
"2064290367","2107254606","0.443919"
"2107254606","2064290367","0.443919"
"2064290367","2110411158","0.298086"
"2110411158","2064290367","0.298086"
"2064290367","2119363954","0.243919"
"2119363954","2064290367","0.243919"
"2064290367","2137242774","1.08142"
"2137242774","2064290367","1.08142"
"2064290367","2139646386","0.243919"
"2139646386","2064290367","0.243919"
"2064290367","2526076264","0.0526316"
"2526076264","2064290367","0.0526316"
"2064290367","2950216427","1.07725"
"2950216427","2064290367","1.07725"
"2064290367","2951656503","0.243919"
"2951656503","2064290367","0.243919"
"2064290367","2951943777","0.160586"
"2951943777","2064290367","0.160586"
"2064290367","2952371036","0.160586"
"2952371036","2064290367","0.160586"
"2064290367","2952588774","0.443919"
"2952588774","2064290367","0.443919"
"2107254606","2137242774","0.524277"
"2137242774","2107254606","0.524277"
"2107254606","2950216427","0.243919"
"2950216427","2107254606","0.243919"
"2110411158","2119363954","0.198086"
"2119363954","2110411158","0.198086"
"2110411158","2137242774","0.60761"
"2137242774","2110411158","0.60761"
"2110411158","2139646386","1.13142"
"2139646386","2110411158","1.13142"
"2110411158","2526076264","0.152632"
"2526076264","2110411158","0.152632"
"2110411158","2950216427","0.0980861"
"2950216427","2110411158","0.0980861"
"2119363954","2137242774","0.431419"
"2137242774","2119363954","0.431419"
"2119363954","2950216427","0.243919"
"2950216427","2119363954","0.243919"
"2119363954","2951943777","0.160586"
"2951943777","2119363954","0.160586"
"2137242774","2139646386","0.490943"
"2139646386","2137242774","0.490943"
"2137242774","2526076264","0.0526316"
"2526076264","2137242774","0.0526316"
"2137242774","2950216427","0.181419"
"2950216427","2137242774","0.181419"
"2137242774","2951656503","0.181419"
"2951656503","2137242774","0.181419"
"2137242774","2951943777","0.0980861"
"2951943777","2137242774","0.0980861"
"2137242774","2952371036","0.0980861"
"2952371036","2137242774","0.0980861"
"2137242774","2952588774","0.381419"
"2952588774","2137242774","0.381419"
"2139646386","2951943777","0.260586"
"2951943777","2139646386","0.260586"
"2526076264","2950216427","0.0526316"
"2950216427","2526076264","0.0526316"
"2526076264","2951943777","0.0526316"
"2951943777","2526076264","0.0526316"
"2950216427","2951656503","0.386777"
"2951656503","2950216427","0.386777"
"2950216427","2951943777","0.160586"
"2951943777","2950216427","0.160586"
"2950216427","2952588774","0.243919"
"2952588774","2950216427","0.243919"
"1497523460","2030530147","0.1"
"2030530147","1497523460","0.1"
"1563968750","2030530147","0.1"
"2030530147","1563968750","0.1"
"1563968750","2057073157","0.1"
"2057073157","1563968750","0.1"
"1563968750","2073545563","1.06111"
"2073545563","1563968750","1.06111"
"1565102206","2030530147","0.1"
"2030530147","1565102206","0.1"
"1565102206","2057073157","2.49167"
"2057073157","1565102206","2.49167"
"2030530147","2057073157","0.1"
"2057073157","2030530147","0.1"
"2030530147","2073545563","0.1"
"2073545563","2030530147","0.1"
"2030530147","2110411158","0.1"
"2110411158","2030530147","0.1"
"2030530147","2139646386","0.1"
"2139646386","2030530147","0.1"
"2030530147","2951656503","0.1"
"2951656503","2030530147","0.1"
"2030530147","2951943777","0.1"
"2951943777","2030530147","0.1"
"2030530147","2952371036","0.1"
"2952371036","2030530147","0.1"
"2057073157","2073545563","0.1"
"2073545563","2057073157","0.1"
"2057073157","2110411158","0.2"
"2110411158","2057073157","0.2"
"2057073157","2951656503","2.075"
"2951656503","2057073157","2.075"
"2057073157","2951943777","0.1"
"2951943777","2057073157","0.1"
"2073545563","2139646386","0.211111"
"2139646386","2073545563","0.211111"
"1497523460","2003684739","0.271645"
"2003684739","1497523460","0.271645"
"1497523460","2026147624","0.128788"
"2026147624","1497523460","0.128788"
"1497523460","2092262612","0.334145"
"2092262612","1497523460","0.334145"
"1521736627","2003684739","0.328788"
"2003684739","1521736627","0.328788"
"1521736627","2026147624","0.128788"
"2026147624","1521736627","0.128788"
"1521736627","2092262612","0.291288"
"2092262612","1521736627","0.291288"
"1521736627","2295127861","0.345455"
"2295127861","1521736627","0.345455"
"1557940919","2003684739","0.188312"
"2003684739","1557940919","0.188312"
"1557940919","2026147624","0.0454545"
"2026147624","1557940919","0.0454545"
"1557940919","2092262612","0.450812"
"2092262612","1557940919","0.450812"
"1563968750","2003684739","0.0454545"
"2003684739","1563968750","0.0454545"
"1563968750","2026147624","0.0454545"
"2026147624","1563968750","0.0454545"
"1563968750","2092262612","0.691288"
"2092262612","1563968750","0.691288"
"1565102206","2003684739","0.271645"
"2003684739","1565102206","0.271645"
"1565102206","2026147624","0.128788"
"2026147624","1565102206","0.128788"
"1565102206","2092262612","0.334145"
"2092262612","1565102206","0.334145"
"1982124942","2003684739","1.24545"
"2003684739","1982124942","1.24545"
"1982124942","2026147624","0.212121"
"2026147624","1982124942","0.212121"
"1982124942","2092262612","0.374621"
"2092262612","1982124942","0.374621"
"1982124942","2251214202","0.0454545"
"2251214202","1982124942","0.0454545"
"1982124942","2295127861","0.245455"
"2295127861","1982124942","0.245455"
"2003684739","2026147624","0.128788"
"2026147624","2003684739","0.128788"
"2003684739","2040393854","0.145455"
"2040393854","2003684739","0.145455"
"2003684739","2064290367","0.245455"
"2064290367","2003684739","0.245455"
"2003684739","2092262612","0.371645"
"2092262612","2003684739","0.371645"
"2003684739","2107254606","0.471645"
"2107254606","2003684739","0.471645"
"2003684739","2110411158","5.38831"
"2110411158","2003684739","5.38831"
"2003684739","2119363954","0.0454545"
"2119363954","2003684739","0.0454545"
"2003684739","2137242774","0.388312"
"2137242774","2003684739","0.388312"
"2003684739","2139646386","0.128788"
"2139646386","2003684739","0.128788"
"2003684739","2251214202","0.128788"
"2251214202","2003684739","0.128788"
"2003684739","2295127861","0.245455"
"2295127861","2003684739","0.245455"
"2003684739","2950216427","0.0454545"
"2950216427","2003684739","0.0454545"
"2003684739","2951656503","0.0454545"
"2951656503","2003684739","0.0454545"
"2003684739","2951943777","0.0454545"
"2951943777","2003684739","0.0454545"
"2003684739","2952371036","0.0454545"
"2952371036","2003684739","0.0454545"
"2003684739","2952588774","0.328788"
"2952588774","2003684739","0.328788"
"2026147624","2040393854","0.0454545"
"2040393854","2026147624","0.0454545"
"2026147624","2064290367","0.0454545"
"2064290367","2026147624","0.0454545"
"2026147624","2092262612","0.438312"
"2092262612","2026147624","0.438312"
"2026147624","2107254606","0.128788"
"2107254606","2026147624","0.128788"
"2026147624","2110411158","0.878788"
"2110411158","2026147624","0.878788"
"2026147624","2119363954","0.0454545"
"2119363954","2026147624","0.0454545"
"2026147624","2137242774","0.354978"
"2137242774","2026147624","0.354978"
"2026147624","2139646386","2.35498"
"2139646386","2026147624","2.35498"
"2026147624","2251214202","0.128788"
"2251214202","2026147624","0.128788"
"2026147624","2295127861","0.0454545"
"2295127861","2026147624","0.0454545"
"2026147624","2950216427","0.0454545"
"2950216427","2026147624","0.0454545"
"2026147624","2951656503","0.0454545"
"2951656503","2026147624","0.0454545"
"2026147624","2951943777","0.0454545"
"2951943777","2026147624","0.0454545"
"2026147624","2952371036","0.0454545"
"2952371036","2026147624","0.0454545"
"2026147624","2952588774","0.128788"
"2952588774","2026147624","0.128788"
"2040393854","2092262612","0.307955"
"2092262612","2040393854","0.307955"
"2040393854","2251214202","0.0454545"
"2251214202","2040393854","0.0454545"
"2040393854","2295127861","0.145455"
"2295127861","2040393854","0.145455"
"2064290367","2092262612","0.407955"
"2092262612","2064290367","0.407955"
"2064290367","2251214202","0.0454545"
"2251214202","2064290367","0.0454545"
"2064290367","2295127861","0.245455"
"2295127861","2064290367","0.245455"
"2092262612","2107254606","0.767478"
"2107254606","2092262612","0.767478"
"2092262612","2110411158","0.788312"
"2110411158","2092262612","0.788312"
"2092262612","2119363954","0.691288"
"2119363954","2092262612","0.691288"
"2092262612","2137242774","1.88117"
"2137242774","2092262612","1.88117"
"2092262612","2139646386","0.500812"
"2139646386","2092262612","0.500812"
"2092262612","2251214202","0.128788"
"2251214202","2092262612","0.128788"
"2092262612","2295127861","0.145455"
"2295127861","2092262612","0.145455"
"2092262612","2950216427","0.107955"
"2950216427","2092262612","0.107955"
"2092262612","2951656503","0.107955"
"2951656503","2092262612","0.107955"
"2092262612","2951943777","0.107955"
"2951943777","2092262612","0.107955"
"2092262612","2952371036","0.107955"
"2952371036","2092262612","0.107955"
"2092262612","2952588774","0.624621"
"2952588774","2092262612","0.624621"
"2110411158","2251214202","0.145455"
"2251214202","2110411158","0.145455"
"2110411158","2295127861","0.245455"
"2295127861","2110411158","0.245455"
"2137242774","2251214202","0.0454545"
"2251214202","2137242774","0.0454545"
"2137242774","2295127861","0.245455"
"2295127861","2137242774","0.245455"
"2251214202","2950216427","0.0454545"
"2950216427","2251214202","0.0454545"
"2251214202","2951943777","0.0454545"
"2951943777","2251214202","0.0454545"
"2295127861","2950216427","0.0454545"
"2950216427","2295127861","0.0454545"
"2295127861","2951656503","0.345455"
"2951656503","2295127861","0.345455"
"2295127861","2951943777","0.0454545"
"2951943777","2295127861","0.0454545"
"2295127861","2952371036","0.345455"
"2952371036","2295127861","0.345455"
"1565102206","2014772881","0.458333"
"2014772881","1565102206","0.458333"
"1565102206","2261248299","0.125"
"2261248299","1565102206","0.125"
"2014772881","2139646386","0.458333"
"2139646386","2014772881","0.458333"
"2014772881","2951656503","0.125"
"2951656503","2014772881","0.125"
"2139646386","2261248299","0.125"
"2261248299","2139646386","0.125"
"2261248299","2951656503","0.125"
"2951656503","2261248299","0.125"
"1521736627","2000809552","0.277778"
"2000809552","1521736627","0.277778"
"1521736627","2057073157","0.183333"
"2057073157","1521736627","0.183333"
"1565102206","2000809552","0.166667"
"2000809552","1565102206","0.166667"
"2000809552","2003684739","0.0833333"
"2003684739","2000809552","0.0833333"
"2000809552","2026147624","0.392857"
"2026147624","2000809552","0.392857"
"2000809552","2092262612","0.72619"
"2092262612","2000809552","0.72619"
"2000809552","2251214202","0.277778"
"2251214202","2000809552","0.277778"
"2003684739","2057073157","0.0833333"
"2057073157","2003684739","0.0833333"
"2003684739","2526076264","0.0833333"
"2526076264","2003684739","0.0833333"
"2026147624","2057073157","0.0833333"
"2057073157","2026147624","0.0833333"
"2026147624","2526076264","0.0833333"
"2526076264","2026147624","0.0833333"
"2057073157","2092262612","0.0833333"
"2092262612","2057073157","0.0833333"
"2057073157","2107254606","0.333333"
"2107254606","2057073157","0.333333"
"2057073157","2251214202","0.183333"
"2251214202","2057073157","0.183333"
"2057073157","2952588774","0.333333"
"2952588774","2057073157","0.333333"
"2092262612","2526076264","0.0833333"
"2526076264","2092262612","0.0833333"
"1563968750","2000809552","1.52778"
"2000809552","1563968750","1.52778"
"1979101951","2000809552","0.0833333"
"2000809552","1979101951","0.0833333"
"2000809552","2119363954","2.52778"
"2119363954","2000809552","2.52778"
"2000809552","2951656503","0.194444"
"2951656503","2000809552","0.194444"
"1521736627","2433074751","0.1"
"2433074751","1521736627","0.1"
"2433074751","2951656503","0.1"
"2951656503","2433074751","0.1"
"2433074751","2952371036","0.1"
"2952371036","2433074751","0.1"
"2057073157","2119363954","0.1"
"2119363954","2057073157","0.1"
"1982124942","2073545563","0.2"
"2073545563","1982124942","0.2"
"2003684739","2073545563","0.2"
"2073545563","2003684739","0.2"
"2064290367","2073545563","0.4"
"2073545563","2064290367","0.4"
"2073545563","2092262612","0.55"
"2092262612","2073545563","0.55"
"2073545563","2137242774","0.65"
"2137242774","2073545563","0.65"
"2073545563","2295127861","0.2"
"2295127861","2073545563","0.2"
"1521736627","2271831620","1.14286"
"2271831620","1521736627","1.14286"
"2000809552","2073545563","0.111111"
"2073545563","2000809552","0.111111"
"2073545563","2119363954","0.361111"
"2119363954","2073545563","0.361111"
"2073545563","2251214202","0.111111"
"2251214202","2073545563","0.111111"
"1521736627","2296045323","0.142857"
"2296045323","1521736627","0.142857"
"1557940919","2271831620","0.142857"
"2271831620","1557940919","0.142857"
"1565102206","2271831620","0.309524"
"2271831620","1565102206","0.309524"
"2139646386","2271831620","0.309524"
"2271831620","2139646386","0.309524"
"2271831620","2296045323","0.142857"
"2296045323","2271831620","0.142857"
"2271831620","2950216427","0.142857"
"2950216427","2271831620","0.142857"
"2271831620","2951656503","0.309524"
"2951656503","2271831620","0.309524"
"2296045323","2950216427","0.142857"
"2950216427","2296045323","0.142857"
"2040393854","2073545563","0.3"
"2073545563","2040393854","0.3"
"1557940919","2073545563","0.2"
"2073545563","1557940919","0.2"
"1563968750","1577500738","0.25"
"1577500738","1563968750","0.25"
"1563968750","2261544779","0.25"
"2261544779","1563968750","0.25"
"1563968750","2949326040","0.25"
"2949326040","1563968750","0.25"
"1577500738","2949326040","12.8762"
"2949326040","1577500738","12.8762"
"2139646386","2949326040","1.87619"
"2949326040","2139646386","1.87619"
"2261544779","2949326040","0.45"
"2949326040","2261544779","0.45"
"1563968750","2271831620","0.166667"
"2271831620","1563968750","0.166667"
"2107254606","2271831620","0.166667"
"2271831620","2107254606","0.166667"
"2271831620","2952588774","0.166667"
"2952588774","2271831620","0.166667"
"2026147624","2949326040","2.05952"
"2949326040","2026147624","2.05952"
"1577500738","1999024497","3.87619"
"1999024497","1577500738","3.87619"
"1577500738","2079567859","0.4"
"2079567859","1577500738","0.4"
"1577500738","2526076264","0.7"
"2526076264","1577500738","0.7"
"1999024497","2079567859","0.4"
"2079567859","1999024497","0.4"
"1999024497","2139646386","2.37619"
"2139646386","1999024497","2.37619"
"1999024497","2526076264","1.53333"
"2526076264","1999024497","1.53333"
"1999024497","2949326040","2.87619"
"2949326040","1999024497","2.87619"
"2079567859","2139646386","0.4"
"2139646386","2079567859","0.4"
"2079567859","2526076264","0.2"
"2526076264","2079567859","0.2"
"2079567859","2949326040","0.4"
"2949326040","2079567859","0.4"
"2526076264","2949326040","0.2"
"2949326040","2526076264","0.2"
"1577500738","2110411158","0.666667"
"2110411158","1577500738","0.666667"
"1577500738","2008138653","0.75"
"2008138653","1577500738","0.75"
"2008138653","2139646386","0.25"
"2139646386","2008138653","0.25"
"2008138653","2949326040","0.25"
"2949326040","2008138653","0.25"
"1577500738","2000809552","0.142857"
"2000809552","1577500738","0.142857"
"1577500738","2092262612","0.142857"
"2092262612","1577500738","0.142857"
"1577500738","2137242774","0.309524"
"2137242774","1577500738","0.309524"
"1999024497","2000809552","0.142857"
"2000809552","1999024497","0.142857"
"1999024497","2026147624","0.309524"
"2026147624","1999024497","0.309524"
"1999024497","2092262612","0.142857"
"2092262612","1999024497","0.142857"
"1999024497","2137242774","0.309524"
"2137242774","1999024497","0.309524"
"2000809552","2137242774","0.142857"
"2137242774","2000809552","0.142857"
"2000809552","2949326040","0.142857"
"2949326040","2000809552","0.142857"
"2092262612","2949326040","0.142857"
"2949326040","2092262612","0.142857"
"2137242774","2949326040","0.309524"
"2949326040","2137242774","0.309524"
"1999024497","2110411158","0.166667"
"2110411158","1999024497","0.166667"
"2110411158","2949326040","0.166667"
"2949326040","2110411158","0.166667"
"2008138653","2261544779","0.5"
"2261544779","2008138653","0.5"
"1999024497","2261544779","0.2"
"2261544779","1999024497","0.2"
"2079567859","2261544779","0.2"
"2261544779","2079567859","0.2"
"1982124942","2153508518","2.16667"
"2153508518","1982124942","2.16667"
"1982124942","2271831620","0.833333"
"2271831620","1982124942","0.833333"
"2153508518","2271831620","0.5"
"2271831620","2153508518","0.5"
"1982124942","2000809552","0.166667"
"2000809552","1982124942","0.166667"
"2000809552","2110411158","0.166667"
"2110411158","2000809552","0.166667"
"2000809552","2153508518","0.166667"
"2153508518","2000809552","0.166667"
"2026147624","2153508518","0.166667"
"2153508518","2026147624","0.166667"
"2092262612","2153508518","0.166667"
"2153508518","2092262612","0.166667"
"2110411158","2153508518","3.16667"
"2153508518","2110411158","3.16667"
"2040393854","2271831620","0.833333"
"2271831620","2040393854","0.833333"
"2064290367","2271831620","0.833333"
"2271831620","2064290367","0.833333"
"1999024497","2014772881","0.333333"
"2014772881","1999024497","0.333333"
"1999024497","2261248299","0.333333"
"2261248299","1999024497","0.333333"
"2008138653","2526076264","1"
"2526076264","2008138653","1"
"2026147624","2261544779","1.5"
"2261544779","2026147624","1.5"
"2030530147","2153508518","1"
"2153508518","2030530147","1"
