"1539591837","2133676910","12.0167"
"2133676910","1539591837","12.0167"
"1539591837","1598687587","1.4"
"1598687587","1539591837","1.4"
"1539591837","1653149942","2.23333"
"1653149942","1539591837","2.23333"
"1539591837","2096598900","0.733333"
"2096598900","1539591837","0.733333"
"1539591837","2105423800","0.266667"
"2105423800","1539591837","0.266667"
"1539591837","2121516976","1.2"
"2121516976","1539591837","1.2"
"1598687587","1653149942","1.525"
"1653149942","1598687587","1.525"
"1598687587","2096598900","0.491667"
"2096598900","1598687587","0.491667"
"1598687587","2105423800","0.391667"
"2105423800","1598687587","0.391667"
"1598687587","2121516976","0.658333"
"2121516976","1598687587","0.658333"
"1598687587","2133676910","0.9"
"2133676910","1598687587","0.9"
"1653149942","2096598900","0.852778"
"2096598900","1653149942","0.852778"
"1653149942","2105423800","0.752778"
"2105423800","1653149942","0.752778"
"1653149942","2121516976","0.769444"
"2121516976","1653149942","0.769444"
"1653149942","2133676910","1.06667"
"2133676910","1653149942","1.06667"
"2096598900","2105423800","1.00278"
"2105423800","2096598900","1.00278"
"2096598900","2121516976","1.93611"
"2121516976","2096598900","1.93611"
"2096598900","2133676910","0.733333"
"2133676910","2096598900","0.733333"
"2105423800","2121516976","0.836111"
"2121516976","2105423800","0.836111"
"2105423800","2133676910","0.266667"
"2133676910","2105423800","0.266667"
"2121516976","2133676910","1.03333"
"2133676910","2121516976","1.03333"
"1539591837","1559390933","0.466667"
"1559390933","1539591837","0.466667"
"1539591837","2028128906","0.8"
"2028128906","1539591837","0.8"
"1559390933","1598687587","0.758333"
"1598687587","1559390933","0.758333"
"1559390933","1653149942","6.95278"
"1653149942","1559390933","6.95278"
"1559390933","2028128906","7.11944"
"2028128906","1559390933","7.11944"
"1559390933","2133676910","0.466667"
"2133676910","1559390933","0.466667"
"1598687587","2028128906","1.09167"
"2028128906","1598687587","1.09167"
"1653149942","2028128906","5.45278"
"2028128906","1653149942","5.45278"
"2028128906","2133676910","0.8"
"2133676910","2028128906","0.8"
"1539591837","2143124645","1.95"
"2143124645","1539591837","1.95"
"1539591837","2281290965","2.2"
"2281290965","1539591837","2.2"
"1598687587","2143124645","1.24167"
"2143124645","1598687587","1.24167"
"1598687587","2281290965","2.40833"
"2281290965","1598687587","2.40833"
"2143124645","2281290965","7.68611"
"2281290965","2143124645","7.68611"
"1539591837","2167029568","0.45"
"2167029568","1539591837","0.45"
"1539591837","2167181946","0.45"
"2167181946","1539591837","0.45"
"2133676910","2143124645","1.11667"
"2143124645","2133676910","1.11667"
"2133676910","2167029568","0.45"
"2167029568","2133676910","0.45"
"2133676910","2167181946","0.45"
"2167181946","2133676910","0.45"
"2143124645","2167029568","0.416667"
"2167029568","2143124645","0.416667"
"2143124645","2167181946","0.616667"
"2167181946","2143124645","0.616667"
"2167029568","2167181946","2.93333"
"2167181946","2167029568","2.93333"
"1559390933","2096598900","0.752778"
"2096598900","1559390933","0.752778"
"1559390933","2105423800","0.586111"
"2105423800","1559390933","0.586111"
"1559390933","2121516976","0.502778"
"2121516976","1559390933","0.502778"
"1559390933","2143124645","0.919444"
"2143124645","1559390933","0.919444"
"1559390933","2281290965","1.08611"
"2281290965","1559390933","1.08611"
"1653149942","2143124645","1.60278"
"2143124645","1653149942","1.60278"
"1653149942","2281290965","2.10278"
"2281290965","1653149942","2.10278"
"2028128906","2096598900","0.502778"
"2096598900","2028128906","0.502778"
"2028128906","2105423800","0.336111"
"2105423800","2028128906","0.336111"
"2028128906","2121516976","0.502778"
"2121516976","2028128906","0.502778"
"2028128906","2143124645","1.91944"
"2143124645","2028128906","1.91944"
"2028128906","2281290965","1.08611"
"2281290965","2028128906","1.08611"
"2096598900","2143124645","1.18611"
"2143124645","2096598900","1.18611"
"2096598900","2281290965","1.01944"
"2281290965","2096598900","1.01944"
"2105423800","2143124645","0.919444"
"2143124645","2105423800","0.919444"
"2105423800","2281290965","0.919444"
"2281290965","2105423800","0.919444"
"2121516976","2143124645","2.10278"
"2143124645","2121516976","2.10278"
"2121516976","2281290965","1.35278"
"2281290965","2121516976","1.35278"
"2133676910","2281290965","0.2"
"2281290965","2133676910","0.2"
"1539591837","40242999","0.166667"
"40242999","1539591837","0.166667"
"1539591837","87639205","0.266667"
"87639205","1539591837","0.266667"
"1598687587","40242999","0.166667"
"40242999","1598687587","0.166667"
"1598687587","87639205","2.85"
"87639205","1598687587","2.85"
"1653149942","40242999","0.166667"
"40242999","1653149942","0.166667"
"1653149942","87639205","0.266667"
"87639205","1653149942","0.266667"
"2121516976","40242999","0.166667"
"40242999","2121516976","0.166667"
"2121516976","87639205","0.266667"
"87639205","2121516976","0.266667"
"2281290965","40242999","0.166667"
"40242999","2281290965","0.166667"
"2281290965","87639205","0.85"
"87639205","2281290965","0.85"
"40242999","87639205","0.166667"
"87639205","40242999","0.166667"
"1539591837","2309954360","0.3"
"2309954360","1539591837","0.3"
"2096598900","2167029568","0.366667"
"2167029568","2096598900","0.366667"
"2096598900","2167181946","0.616667"
"2167181946","2096598900","0.616667"
"2096598900","2309954360","0.466667"
"2309954360","2096598900","0.466667"
"2133676910","2309954360","0.3"
"2309954360","2133676910","0.3"
"2167029568","2309954360","9.01667"
"2309954360","2167029568","9.01667"
"2167181946","2309954360","4.88333"
"2309954360","2167181946","4.88333"
"1539591837","2124410446","0.1"
"2124410446","1539591837","0.1"
"1598687587","2124410446","0.433333"
"2124410446","1598687587","0.433333"
"1598687587","2309954360","0.35"
"2309954360","1598687587","0.35"
"1653149942","2124410446","0.6"
"2124410446","1653149942","0.6"
"1653149942","2309954360","0.433333"
"2309954360","1653149942","0.433333"
"2096598900","2124410446","0.1"
"2124410446","2096598900","0.1"
"2096598900","87639205","0.1"
"87639205","2096598900","0.1"
"2121516976","2124410446","0.1"
"2124410446","2121516976","0.1"
"2121516976","2309954360","0.35"
"2309954360","2121516976","0.35"
"2124410446","2133676910","0.1"
"2133676910","2124410446","0.1"
"2124410446","2143124645","0.266667"
"2143124645","2124410446","0.266667"
"2124410446","2281290965","0.266667"
"2281290965","2124410446","0.266667"
"2124410446","2309954360","0.3"
"2309954360","2124410446","0.3"
"2124410446","87639205","0.1"
"87639205","2124410446","0.1"
"2133676910","87639205","0.1"
"87639205","2133676910","0.1"
"2143124645","2309954360","2.71667"
"2309954360","2143124645","2.71667"
"2143124645","87639205","0.683333"
"87639205","2143124645","0.683333"
"2281290965","2309954360","0.766667"
"2309954360","2281290965","0.766667"
"2309954360","87639205","0.35"
"87639205","2309954360","0.35"
"1559390933","2064784316","0.25"
"2064784316","1559390933","0.25"
"1559390933","2167181946","0.25"
"2167181946","1559390933","0.25"
"2064784316","2096598900","0.25"
"2096598900","2064784316","0.25"
"2064784316","2105423800","0.25"
"2105423800","2064784316","0.25"
"2064784316","2167181946","0.25"
"2167181946","2064784316","0.25"
"2105423800","2167181946","0.25"
"2167181946","2105423800","0.25"
"1559390933","2243940303","2"
"2243940303","1559390933","2"
"1653149942","2243940303","0.5"
"2243940303","1653149942","0.5"
"1559390933","1606421461","0.166667"
"1606421461","1559390933","0.166667"
"1559390933","2124410446","0.166667"
"2124410446","1559390933","0.166667"
"1606421461","1653149942","0.5"
"1653149942","1606421461","0.5"
"1606421461","2028128906","0.166667"
"2028128906","1606421461","0.166667"
"1606421461","2124410446","13.8333"
"2124410446","1606421461","13.8333"
"1606421461","2143124645","0.166667"
"2143124645","1606421461","0.166667"
"1606421461","2281290965","0.166667"
"2281290965","1606421461","0.166667"
"2028128906","2124410446","0.166667"
"2124410446","2028128906","0.166667"
"2028128906","2243940303","0.5"
"2243940303","2028128906","0.5"
"1559390933","2309954360","0.333333"
"2309954360","1559390933","0.333333"
"2028128906","2309954360","0.333333"
"2309954360","2028128906","0.333333"
"1559390933","2098571654","0.111111"
"2098571654","1559390933","0.111111"
"1559390933","2277719984","0.111111"
"2277719984","1559390933","0.111111"
"1653149942","2098571654","0.111111"
"2098571654","1653149942","0.111111"
"1653149942","2277719984","0.111111"
"2277719984","1653149942","0.111111"
"2028128906","2098571654","0.111111"
"2098571654","2028128906","0.111111"
"2028128906","2277719984","0.111111"
"2277719984","2028128906","0.111111"
"2096598900","2098571654","2.44444"
"2098571654","2096598900","2.44444"
"2096598900","2277719984","2.27778"
"2277719984","2096598900","2.27778"
"2098571654","2105423800","0.111111"
"2105423800","2098571654","0.111111"
"2098571654","2121516976","0.277778"
"2121516976","2098571654","0.277778"
"2098571654","2143124645","0.644444"
"2143124645","2098571654","0.644444"
"2098571654","2277719984","7.34444"
"2277719984","2098571654","7.34444"
"2098571654","2281290965","0.444444"
"2281290965","2098571654","0.444444"
"2105423800","2277719984","0.111111"
"2277719984","2105423800","0.111111"
"2121516976","2277719984","0.277778"
"2277719984","2121516976","0.277778"
"2143124645","2277719984","0.477778"
"2277719984","2143124645","0.477778"
"2277719984","2281290965","0.277778"
"2281290965","2277719984","0.277778"
"1598687587","1606421461","0.333333"
"1606421461","1598687587","0.333333"
"1606421461","2113618143","0.333333"
"2113618143","1606421461","0.333333"
"1606421461","2167136297","0.333333"
"2167136297","1606421461","0.333333"
"2113618143","2124410446","0.533333"
"2124410446","2113618143","0.533333"
"2113618143","2167136297","0.783333"
"2167136297","2113618143","0.783333"
"2124410446","2167136297","0.533333"
"2167136297","2124410446","0.533333"
"1857172640","2243940303","1"
"2243940303","1857172640","1"
"1857172640","2064784316","11"
"2064784316","1857172640","11"
"1857172640","2121516976","0.25"
"2121516976","1857172640","0.25"
"1857172640","2215874560","0.25"
"2215874560","1857172640","0.25"
"1857172640","2281290965","0.25"
"2281290965","1857172640","0.25"
"1857172640","2309954360","0.25"
"2309954360","1857172640","0.25"
"2121516976","2215874560","0.25"
"2215874560","2121516976","0.25"
"2215874560","2281290965","0.25"
"2281290965","2215874560","0.25"
"2215874560","2309954360","0.25"
"2309954360","2215874560","0.25"
"1857172640","2167136297","1.5"
"2167136297","1857172640","1.5"
"2064784316","2167136297","1.5"
"2167136297","2064784316","1.5"
"1857172640","2277719984","0.5"
"2277719984","1857172640","0.5"
"2064784316","2277719984","0.5"
"2277719984","2064784316","0.5"
"2045948812","2121516976","1"
"2121516976","2045948812","1"
"2045948812","2167439683","1.5"
"2167439683","2045948812","1.5"
"2045948812","2281290965","0.5"
"2281290965","2045948812","0.5"
"2167439683","2281290965","0.5"
"2281290965","2167439683","0.5"
"2096598900","2243940303","1"
"2243940303","2096598900","1"
"2098571654","2167029568","0.533333"
"2167029568","2098571654","0.533333"
"2098571654","2167181946","0.733333"
"2167181946","2098571654","0.733333"
"2098571654","2309954360","0.733333"
"2309954360","2098571654","0.733333"
"2167029568","2281290965","0.166667"
"2281290965","2167029568","0.166667"
"2167181946","2281290965","0.166667"
"2281290965","2167181946","0.166667"
"2096598900","2113618143","0.166667"
"2113618143","2096598900","0.166667"
"2098571654","2113618143","2.73333"
"2113618143","2098571654","2.73333"
"2113618143","2121516976","0.166667"
"2121516976","2113618143","0.166667"
"2113618143","2143124645","0.866667"
"2143124645","2113618143","0.866667"
"2113618143","2277719984","0.733333"
"2277719984","2113618143","0.733333"
"2113618143","2281290965","0.166667"
"2281290965","2113618143","0.166667"
"2096820050","2167136297","2"
"2167136297","2096820050","2"
"2096820050","2113618143","3"
"2113618143","2096820050","3"
"2096820050","2167029568","0.5"
"2167029568","2096820050","0.5"
"2096820050","2309954360","0.5"
"2309954360","2096820050","0.5"
"2113618143","2167029568","1.65"
"2167029568","2113618143","1.65"
"2113618143","2309954360","1.85"
"2309954360","2113618143","1.85"
"2096820050","2124120298","1"
"2124120298","2096820050","1"
"2096820050","2143124645","0.5"
"2143124645","2096820050","0.5"
"2096820050","2098571654","0.666667"
"2098571654","2096820050","0.666667"
"2096820050","2277719984","0.666667"
"2277719984","2096820050","0.666667"
"2096820050","2167181946","0.166667"
"2167181946","2096820050","0.166667"
"2113618143","2167181946","1.01667"
"2167181946","2113618143","1.01667"
"2167029568","2277719984","0.366667"
"2277719984","2167029568","0.366667"
"2167181946","2277719984","0.566667"
"2277719984","2167181946","0.566667"
"2277719984","2309954360","1.56667"
"2309954360","2277719984","1.56667"
"2096820050","2105423800","1"
"2105423800","2096820050","1"
"2124410446","2167029568","0.2"
"2167029568","2124410446","0.2"
"2124410446","2167181946","0.2"
"2167181946","2124410446","0.2"
"2167029568","2167136297","0.95"
"2167136297","2167029568","0.95"
"2167136297","2167181946","0.45"
"2167181946","2167136297","0.45"
"2167136297","2309954360","0.95"
"2309954360","2167136297","0.95"
"2124120298","2167029568","1"
"2167029568","2124120298","1"
"2243940303","2281290965","1"
"2281290965","2243940303","1"
"2269642658","2309954360","1"
"2309954360","2269642658","1"
"2269642658","965234318","4"
"965234318","2269642658","4"
