"1421378112","1539849472","0.820946"
"1539849472","1421378112","0.820946"
"1421378112","1544579617","1.37607"
"1544579617","1421378112","1.37607"
"1421378112","1976957887","0.407814"
"1976957887","1421378112","0.407814"
"1421378112","1977801463","1.96466"
"1977801463","1421378112","1.96466"
"1421378112","2056524360","0.642735"
"2056524360","1421378112","0.642735"
"1421378112","2120063789","3.77021"
"2120063789","1421378112","3.77021"
"1421378112","2156454290","1.05355"
"2156454290","1421378112","1.05355"
"1421378112","2553211886","8.13132"
"2553211886","1421378112","8.13132"
"1421378112","2951298784","1.84958"
"2951298784","1421378112","1.84958"
"1539849472","1544579617","0.487179"
"1544579617","1539849472","0.487179"
"1539849472","1976957887","0.768926"
"1976957887","1539849472","0.768926"
"1539849472","1977801463","1.85513"
"1977801463","1539849472","1.85513"
"1539849472","2056524360","0.587179"
"2056524360","1539849472","0.587179"
"1539849472","2120063789","0.632912"
"2120063789","1539849472","0.632912"
"1539849472","2156454290","0.855134"
"2156454290","1539849472","0.855134"
"1539849472","2553211886","0.744023"
"2553211886","1539849472","0.744023"
"1539849472","2951298784","0.278943"
"2951298784","1539849472","0.278943"
"1544579617","1976957887","0.669719"
"1976957887","1544579617","0.669719"
"1544579617","1977801463","0.410256"
"1977801463","1544579617","0.410256"
"1544579617","2056524360","1.44551"
"2056524360","1544579617","1.44551"
"1544579617","2120063789","0.188034"
"2120063789","1544579617","0.188034"
"1544579617","2156454290","1.36859"
"2156454290","1544579617","1.36859"
"1544579617","2553211886","0.299145"
"2553211886","1544579617","0.299145"
"1544579617","2951298784","0.188034"
"2951298784","1544579617","0.188034"
"1976957887","1977801463","0.442002"
"1977801463","1976957887","0.442002"
"1976957887","2056524360","0.876068"
"2056524360","1976957887","0.876068"
"1976957887","2120063789","0.830891"
"2120063789","1976957887","0.830891"
"1976957887","2156454290","0.442002"
"2156454290","1976957887","0.442002"
"1976957887","2553211886","0.330891"
"2553211886","1976957887","0.330891"
"1976957887","2951298784","0.188034"
"2951298784","1976957887","0.188034"
"1977801463","2056524360","1.67692"
"2056524360","1977801463","1.67692"
"1977801463","2120063789","2.33036"
"2120063789","1977801463","2.33036"
"1977801463","2156454290","1.59799"
"2156454290","1977801463","1.59799"
"1977801463","2553211886","2.06466"
"2553211886","1977801463","2.06466"
"1977801463","2951298784","1.36624"
"2951298784","1977801463","1.36624"
"2056524360","2120063789","0.954701"
"2120063789","2056524360","0.954701"
"2056524360","2156454290","11.7519"
"2156454290","2056524360","11.7519"
"2056524360","2553211886","0.565812"
"2553211886","2056524360","0.565812"
"2056524360","2951298784","0.188034"
"2951298784","2056524360","0.188034"
"2120063789","2156454290","1.37577"
"2156454290","2120063789","1.37577"
"2120063789","2553211886","2.87021"
"2553211886","2120063789","2.87021"
"2120063789","2951298784","5.90494"
"2951298784","2120063789","5.90494"
"2156454290","2553211886","1.15355"
"2553211886","2156454290","1.15355"
"2156454290","2951298784","0.855134"
"2951298784","2156454290","0.855134"
"2553211886","2951298784","1.94958"
"2951298784","2553211886","1.94958"
"1421378112","1502577746","0.407814"
"1502577746","1421378112","0.407814"
"1421378112","2102563702","0.264957"
"2102563702","1421378112","0.264957"
"1421378112","2142126162","0.67619"
"2142126162","1421378112","0.67619"
"1502577746","1539849472","1.51893"
"1539849472","1502577746","1.51893"
"1502577746","1544579617","0.501068"
"1544579617","1502577746","0.501068"
"1502577746","1977801463","0.485481"
"1977801463","1502577746","0.485481"
"1502577746","2056524360","0.501068"
"2056524360","1502577746","0.501068"
"1502577746","2102563702","0.376068"
"2102563702","1502577746","0.376068"
"1502577746","2142126162","0.408558"
"2142126162","1502577746","0.408558"
"1502577746","2156454290","0.567002"
"2156454290","1502577746","0.567002"
"1502577746","2553211886","0.330891"
"2553211886","1502577746","0.330891"
"1539849472","2102563702","0.376068"
"2102563702","1539849472","0.376068"
"1539849472","2142126162","0.333333"
"2142126162","1539849472","0.333333"
"1544579617","2102563702","2.37607"
"2102563702","1544579617","2.37607"
"1544579617","2142126162","0.222222"
"2142126162","1544579617","0.222222"
"1977801463","2102563702","1.29915"
"2102563702","1977801463","1.29915"
"1977801463","2142126162","0.93078"
"2142126162","1977801463","0.93078"
"2056524360","2102563702","0.376068"
"2102563702","2056524360","0.376068"
"2056524360","2142126162","0.222222"
"2142126162","2056524360","0.222222"
"2102563702","2142126162","0.222222"
"2142126162","2102563702","0.222222"
"2102563702","2156454290","0.299145"
"2156454290","2102563702","0.299145"
"2102563702","2553211886","0.188034"
"2553211886","2102563702","0.188034"
"2142126162","2156454290","0.57619"
"2156454290","2142126162","0.57619"
"2142126162","2553211886","0.77619"
"2553211886","2142126162","0.77619"
"1421378112","1527233671","0.822533"
"1527233671","1421378112","0.822533"
"1421378112","184217578","0.176923"
"184217578","1421378112","0.176923"
"1421378112","2013973777","0.376923"
"2013973777","1421378112","0.376923"
"1421378112","2135463074","0.1"
"2135463074","1421378112","0.1"
"1527233671","1539849472","0.566977"
"1539849472","1527233671","0.566977"
"1527233671","184217578","0.910058"
"184217578","1527233671","0.910058"
"1527233671","1977801463","0.856721"
"1977801463","1527233671","0.856721"
"1527233671","2013973777","0.910058"
"2013973777","1527233671","0.910058"
"1527233671","2056524360","0.531624"
"2056524360","1527233671","0.531624"
"1527233671","2120063789","0.912277"
"2120063789","1527233671","0.912277"
"1527233671","2135463074","0.603968"
"2135463074","1527233671","0.603968"
"1527233671","2156454290","0.799578"
"2156454290","1527233671","0.799578"
"1527233671","2553211886","0.74561"
"2553211886","1527233671","0.74561"
"1539849472","184217578","0.176923"
"184217578","1539849472","0.176923"
"1539849472","2013973777","0.176923"
"2013973777","1539849472","0.176923"
"1539849472","2135463074","0.1"
"2135463074","1539849472","0.1"
"184217578","1977801463","0.1"
"1977801463","184217578","0.1"
"184217578","2013973777","10.2206"
"2013973777","184217578","10.2206"
"184217578","2056524360","0.276923"
"2056524360","184217578","0.276923"
"184217578","2120063789","0.266667"
"2120063789","184217578","0.266667"
"184217578","2135463074","1.13905"
"2135463074","184217578","1.13905"
"184217578","2156454290","0.842857"
"2156454290","184217578","0.842857"
"184217578","2553211886","0.1"
"2553211886","184217578","0.1"
"1977801463","2013973777","0.1"
"2013973777","1977801463","0.1"
"1977801463","2135463074","0.243478"
"2135463074","1977801463","0.243478"
"2013973777","2056524360","0.276923"
"2056524360","2013973777","0.276923"
"2013973777","2120063789","0.266667"
"2120063789","2013973777","0.266667"
"2013973777","2135463074","1.38905"
"2135463074","2013973777","1.38905"
"2013973777","2156454290","0.842857"
"2156454290","2013973777","0.842857"
"2013973777","2553211886","0.1"
"2553211886","2013973777","0.1"
"2056524360","2135463074","0.166667"
"2135463074","2056524360","0.166667"
"2120063789","2135463074","0.243478"
"2135463074","2120063789","0.243478"
"2135463074","2156454290","0.409524"
"2156454290","2135463074","0.409524"
"2135463074","2553211886","0.2"
"2553211886","2135463074","0.2"
"1421378112","2795048224","5.75983"
"2795048224","1421378112","5.75983"
"1527233671","2951298784","0.367832"
"2951298784","1527233671","0.367832"
"1421378112","2048914925","1"
"2048914925","1421378112","1"
"2553211886","2795048224","4.93291"
"2795048224","2553211886","4.93291"
"1977801463","2795048224","0.932912"
"2795048224","1977801463","0.932912"
"2120063789","2142126162","1.62522"
"2142126162","2120063789","1.62522"
"2120063789","2795048224","1.18291"
"2795048224","2120063789","1.18291"
"2142126162","2795048224","0.565079"
"2795048224","2142126162","0.565079"
"2142126162","2951298784","0.353968"
"2951298784","2142126162","0.353968"
"2156454290","2795048224","0.4218"
"2795048224","2156454290","0.4218"
"2795048224","2951298784","0.8718"
"2951298784","2795048224","0.8718"
"1421378112","1998341696","0.2"
"1998341696","1421378112","0.2"
"1421378112","2070593017","0.2"
"2070593017","1421378112","0.2"
"1421378112","2112776329","0.2"
"2112776329","1421378112","0.2"
"1421378112","52023404","0.2"
"52023404","1421378112","0.2"
"1998341696","2013973777","0.2"
"2013973777","1998341696","0.2"
"1998341696","2070593017","19.0095"
"2070593017","1998341696","19.0095"
"1998341696","2112776329","0.2"
"2112776329","1998341696","0.2"
"1998341696","52023404","0.342857"
"52023404","1998341696","0.342857"
"2013973777","2070593017","0.2"
"2070593017","2013973777","0.2"
"2013973777","2112776329","0.383333"
"2112776329","2013973777","0.383333"
"2013973777","52023404","0.2"
"52023404","2013973777","0.2"
"2070593017","2112776329","0.2"
"2112776329","2070593017","0.2"
"2070593017","52023404","0.342857"
"52023404","2070593017","0.342857"
"2112776329","52023404","0.2"
"52023404","2112776329","0.2"
"1421378112","2034588466","0.25"
"2034588466","1421378112","0.25"
"1421378112","2157207306","0.25"
"2157207306","1421378112","0.25"
"1421378112","2268621885","0.25"
"2268621885","1421378112","0.25"
"2034588466","2157207306","1"
"2157207306","2034588466","1"
"2034588466","2268621885","0.75"
"2268621885","2034588466","0.75"
"2034588466","2795048224","0.25"
"2795048224","2034588466","0.25"
"2157207306","2268621885","0.75"
"2268621885","2157207306","0.75"
"2157207306","2795048224","0.25"
"2795048224","2157207306","0.25"
"2268621885","2795048224","0.25"
"2795048224","2268621885","0.25"
"1421378112","2766701629","1"
"2766701629","1421378112","1"
"1421378112","2417093649","0.25"
"2417093649","1421378112","0.25"
"1421378112","2962676535","0.25"
"2962676535","1421378112","0.25"
"2417093649","2553211886","0.25"
"2553211886","2417093649","0.25"
"2417093649","2795048224","0.25"
"2795048224","2417093649","0.25"
"2417093649","2962676535","2.11978"
"2962676535","2417093649","2.11978"
"2553211886","2962676535","0.25"
"2962676535","2553211886","0.25"
"2795048224","2962676535","0.25"
"2962676535","2795048224","0.25"
"1421378112","2008472130","0.0769231"
"2008472130","1421378112","0.0769231"
"1421378112","2284316579","0.0769231"
"2284316579","1421378112","0.0769231"
"1421378112","2769480762","0.0769231"
"2769480762","1421378112","0.0769231"
"1502577746","1527233671","0.264957"
"1527233671","1502577746","0.264957"
"1502577746","184217578","0.0769231"
"184217578","1502577746","0.0769231"
"1502577746","1976957887","0.407814"
"1976957887","1502577746","0.407814"
"1502577746","2008472130","0.0769231"
"2008472130","1502577746","0.0769231"
"1502577746","2013973777","0.0769231"
"2013973777","1502577746","0.0769231"
"1502577746","2284316579","0.0769231"
"2284316579","1502577746","0.0769231"
"1502577746","2769480762","0.176923"
"2769480762","1502577746","0.176923"
"1502577746","2795048224","0.153846"
"2795048224","1502577746","0.153846"
"1527233671","1544579617","0.264957"
"1544579617","1527233671","0.264957"
"1527233671","1976957887","0.264957"
"1976957887","1527233671","0.264957"
"1527233671","2008472130","0.560689"
"2008472130","1527233671","0.560689"
"1527233671","2102563702","0.264957"
"2102563702","1527233671","0.264957"
"1527233671","2284316579","0.167832"
"2284316579","1527233671","0.167832"
"1527233671","2769480762","0.834499"
"2769480762","1527233671","0.834499"
"1527233671","2795048224","0.355866"
"2795048224","1527233671","0.355866"
"1539849472","2008472130","0.0769231"
"2008472130","1539849472","0.0769231"
"1539849472","2284316579","0.0769231"
"2284316579","1539849472","0.0769231"
"1539849472","2769480762","0.0769231"
"2769480762","1539849472","0.0769231"
"1539849472","2795048224","0.605866"
"2795048224","1539849472","0.605866"
"1544579617","184217578","0.0769231"
"184217578","1544579617","0.0769231"
"1544579617","2008472130","0.0769231"
"2008472130","1544579617","0.0769231"
"1544579617","2013973777","0.0769231"
"2013973777","1544579617","0.0769231"
"1544579617","2284316579","0.0769231"
"2284316579","1544579617","0.0769231"
"1544579617","2769480762","0.0769231"
"2769480762","1544579617","0.0769231"
"1544579617","2795048224","0.153846"
"2795048224","1544579617","0.153846"
"184217578","1976957887","0.0769231"
"1976957887","184217578","0.0769231"
"184217578","2008472130","0.330891"
"2008472130","184217578","0.330891"
"184217578","2102563702","0.0769231"
"2102563702","184217578","0.0769231"
"184217578","2284316579","0.0769231"
"2284316579","184217578","0.0769231"
"184217578","2769480762","0.334499"
"2769480762","184217578","0.334499"
"184217578","2795048224","0.0769231"
"2795048224","184217578","0.0769231"
"1976957887","2008472130","0.0769231"
"2008472130","1976957887","0.0769231"
"1976957887","2013973777","0.0769231"
"2013973777","1976957887","0.0769231"
"1976957887","2102563702","0.264957"
"2102563702","1976957887","0.264957"
"1976957887","2284316579","0.0769231"
"2284316579","1976957887","0.0769231"
"1976957887","2769480762","0.0769231"
"2769480762","1976957887","0.0769231"
"1976957887","2795048224","0.403846"
"2795048224","1976957887","0.403846"
"2008472130","2013973777","0.330891"
"2013973777","2008472130","0.330891"
"2008472130","2056524360","0.0769231"
"2056524360","2008472130","0.0769231"
"2008472130","2102563702","0.0769231"
"2102563702","2008472130","0.0769231"
"2008472130","2284316579","0.310689"
"2284316579","2008472130","0.310689"
"2008472130","2769480762","0.167832"
"2769480762","2008472130","0.167832"
"2008472130","2795048224","0.0769231"
"2795048224","2008472130","0.0769231"
"2013973777","2102563702","0.0769231"
"2102563702","2013973777","0.0769231"
"2013973777","2284316579","0.0769231"
"2284316579","2013973777","0.0769231"
"2013973777","2769480762","0.334499"
"2769480762","2013973777","0.334499"
"2013973777","2795048224","0.0769231"
"2795048224","2013973777","0.0769231"
"2056524360","2284316579","0.0769231"
"2284316579","2056524360","0.0769231"
"2056524360","2769480762","0.0769231"
"2769480762","2056524360","0.0769231"
"2056524360","2795048224","0.153846"
"2795048224","2056524360","0.153846"
"2102563702","2284316579","0.0769231"
"2284316579","2102563702","0.0769231"
"2102563702","2769480762","0.0769231"
"2769480762","2102563702","0.0769231"
"2102563702","2795048224","0.153846"
"2795048224","2102563702","0.153846"
"2284316579","2769480762","0.667832"
"2769480762","2284316579","0.667832"
"2284316579","2795048224","0.0769231"
"2795048224","2284316579","0.0769231"
"2769480762","2795048224","0.0769231"
"2795048224","2769480762","0.0769231"
"1421378112","2048812944","0.20202"
"2048812944","1421378112","0.20202"
"1527233671","2048812944","0.713564"
"2048812944","1527233671","0.713564"
"1527233671","2142126162","1.88889"
"2142126162","1527233671","1.88889"
"1539849472","2048812944","0.20202"
"2048812944","1539849472","0.20202"
"1977801463","2048812944","0.20202"
"2048812944","1977801463","0.20202"
"2048812944","2120063789","0.868687"
"2120063789","2048812944","0.868687"
"2048812944","2142126162","0.277778"
"2142126162","2048812944","0.277778"
"2048812944","2156454290","0.411544"
"2156454290","2048812944","0.411544"
"2048812944","2553211886","0.20202"
"2553211886","2048812944","0.20202"
"2048812944","2795048224","0.20202"
"2795048224","2048812944","0.20202"
"1421378112","2137152603","0.0909091"
"2137152603","1421378112","0.0909091"
"1421378112","2146128955","0.0909091"
"2146128955","1421378112","0.0909091"
"1527233671","2137152603","0.181818"
"2137152603","1527233671","0.181818"
"1527233671","2146128955","0.181818"
"2146128955","1527233671","0.181818"
"1539849472","2137152603","0.0909091"
"2137152603","1539849472","0.0909091"
"1539849472","2146128955","0.0909091"
"2146128955","1539849472","0.0909091"
"1977801463","2137152603","0.190909"
"2137152603","1977801463","0.190909"
"1977801463","2146128955","0.190909"
"2146128955","1977801463","0.190909"
"2048812944","2137152603","0.181818"
"2137152603","2048812944","0.181818"
"2048812944","2146128955","0.181818"
"2146128955","2048812944","0.181818"
"2048812944","2951298784","0.590909"
"2951298784","2048812944","0.590909"
"2120063789","2137152603","0.274242"
"2137152603","2120063789","0.274242"
"2120063789","2146128955","0.524242"
"2146128955","2120063789","0.524242"
"2137152603","2146128955","7.93225"
"2146128955","2137152603","7.93225"
"2137152603","2156454290","0.190909"
"2156454290","2137152603","0.190909"
"2137152603","2553211886","0.190909"
"2553211886","2137152603","0.190909"
"2137152603","2795048224","0.0909091"
"2795048224","2137152603","0.0909091"
"2137152603","2951298784","0.274242"
"2951298784","2137152603","0.274242"
"2146128955","2156454290","0.190909"
"2156454290","2146128955","0.190909"
"2146128955","2553211886","0.190909"
"2553211886","2146128955","0.190909"
"2146128955","2795048224","0.0909091"
"2795048224","2146128955","0.0909091"
"2146128955","2951298784","0.274242"
"2951298784","2146128955","0.274242"
"1421378112","2076826101","0.111111"
"2076826101","1421378112","0.111111"
"1421378112","2109280074","0.111111"
"2109280074","1421378112","0.111111"
"1421378112","2158269779","0.111111"
"2158269779","1421378112","0.111111"
"1977801463","2076826101","0.154589"
"2076826101","1977801463","0.154589"
"1977801463","2109280074","0.111111"
"2109280074","1977801463","0.111111"
"1977801463","2158269779","0.154589"
"2158269779","1977801463","0.154589"
"2076826101","2109280074","9.01111"
"2109280074","2076826101","9.01111"
"2076826101","2120063789","0.487923"
"2120063789","2076826101","0.487923"
"2076826101","2142126162","0.154589"
"2142126162","2076826101","0.154589"
"2076826101","2158269779","9.80459"
"2158269779","2076826101","9.80459"
"2076826101","2553211886","0.111111"
"2553211886","2076826101","0.111111"
"2076826101","2795048224","0.111111"
"2795048224","2076826101","0.111111"
"2076826101","2951298784","0.444444"
"2951298784","2076826101","0.444444"
"2109280074","2120063789","0.111111"
"2120063789","2109280074","0.111111"
"2109280074","2142126162","0.253968"
"2142126162","2109280074","0.253968"
"2109280074","2158269779","10.4873"
"2158269779","2109280074","10.4873"
"2109280074","2553211886","0.111111"
"2553211886","2109280074","0.111111"
"2109280074","2795048224","0.361111"
"2795048224","2109280074","0.361111"
"2109280074","2951298784","0.111111"
"2951298784","2109280074","0.111111"
"2120063789","2158269779","0.154589"
"2158269779","2120063789","0.154589"
"2142126162","2158269779","0.297447"
"2158269779","2142126162","0.297447"
"2158269779","2553211886","0.111111"
"2553211886","2158269779","0.111111"
"2158269779","2795048224","0.361111"
"2795048224","2158269779","0.361111"
"2158269779","2951298784","0.111111"
"2951298784","2158269779","0.111111"
"1421378112","2756522268","1"
"2756522268","1421378112","1"
"1502577746","2120063789","0.263258"
"2120063789","1502577746","0.263258"
"1502577746","2951298784","0.0769231"
"2951298784","1502577746","0.0769231"
"2102563702","2120063789","0.0769231"
"2120063789","2102563702","0.0769231"
"2102563702","2951298784","0.0769231"
"2951298784","2102563702","0.0769231"
"1421378112","2065259291","0.5"
"2065259291","1421378112","0.5"
"1421378112","2097184821","0.5"
"2097184821","1421378112","0.5"
"2065259291","2097184821","18.625"
"2097184821","2065259291","18.625"
"1421378112","2794783741","0.2"
"2794783741","1421378112","0.2"
"1421378112","2952457440","0.2"
"2952457440","1421378112","0.2"
"1977801463","2794783741","0.2"
"2794783741","1977801463","0.2"
"1977801463","2952457440","0.2"
"2952457440","1977801463","0.2"
"2120063789","2794783741","0.2"
"2794783741","2120063789","0.2"
"2120063789","2952457440","0.2"
"2952457440","2120063789","0.2"
"2553211886","2794783741","0.2"
"2794783741","2553211886","0.2"
"2553211886","2952457440","0.2"
"2952457440","2553211886","0.2"
"2794783741","2952457440","16.8693"
"2952457440","2794783741","16.8693"
"1481200545","1520108263","0.666667"
"1520108263","1481200545","0.666667"
"1481200545","1749665618","0.936508"
"1749665618","1481200545","0.936508"
"1481200545","1780651344","0.424242"
"1780651344","1481200545","0.424242"
"1520108263","1749665618","0.559524"
"1749665618","1520108263","0.559524"
"1520108263","1780651344","1.03333"
"1780651344","1520108263","1.03333"
"1749665618","1780651344","0.333333"
"1780651344","1749665618","0.333333"
"1481200545","1932196479","1.33254"
"1932196479","1481200545","1.33254"
"1481200545","1994593080","1.58297"
"1994593080","1481200545","1.58297"
"1481200545","1502577746","0.266667"
"1502577746","1481200545","0.266667"
"1481200545","1735573056","0.892063"
"1735573056","1481200545","0.892063"
"1481200545","1866159721","0.603175"
"1866159721","1481200545","0.603175"
"1481200545","1884291928","0.15"
"1884291928","1481200545","0.15"
"1481200545","2019034771","0.292857"
"2019034771","1481200545","0.292857"
"1481200545","2048914925","1.34921"
"2048914925","1481200545","1.34921"
"1481200545","2062912142","0.266667"
"2062912142","1481200545","0.266667"
"1481200545","2135415639","0.607576"
"2135415639","1481200545","0.607576"
"1481200545","2148754732","0.447619"
"2148754732","1481200545","0.447619"
"1502577746","1735573056","0.766667"
"1735573056","1502577746","0.766667"
"1502577746","1749665618","0.333333"
"1749665618","1502577746","0.333333"
"1502577746","1866159721","0.166667"
"1866159721","1502577746","0.166667"
"1502577746","1884291928","0.0833333"
"1884291928","1502577746","0.0833333"
"1502577746","1932196479","0.0833333"
"1932196479","1502577746","0.0833333"
"1502577746","1994593080","0.625"
"1994593080","1502577746","0.625"
"1502577746","2019034771","0.0833333"
"2019034771","1502577746","0.0833333"
"1502577746","2048914925","0.166667"
"2048914925","1502577746","0.166667"
"1502577746","2062912142","4.225"
"2062912142","1502577746","4.225"
"1502577746","2135415639","0.933333"
"2135415639","1502577746","0.933333"
"1502577746","2148754732","0.333333"
"2148754732","1502577746","0.333333"
"1735573056","1749665618","1.3254"
"1749665618","1735573056","1.3254"
"1735573056","1866159721","0.742063"
"1866159721","1735573056","0.742063"
"1735573056","1884291928","0.15"
"1884291928","1735573056","0.15"
"1735573056","1932196479","0.221429"
"1932196479","1735573056","0.221429"
"1735573056","1994593080","0.825397"
"1994593080","1735573056","0.825397"
"1735573056","2019034771","0.292857"
"2019034771","1735573056","0.292857"
"1735573056","2048914925","0.238095"
"2048914925","1735573056","0.238095"
"1735573056","2062912142","0.666667"
"2062912142","1735573056","0.666667"
"1735573056","2135415639","0.166667"
"2135415639","1735573056","0.166667"
"1735573056","2148754732","0.947619"
"2148754732","1735573056","0.947619"
"1749665618","1866159721","0.603175"
"1866159721","1749665618","0.603175"
"1749665618","1884291928","0.0833333"
"1884291928","1749665618","0.0833333"
"1749665618","1932196479","0.265873"
"1932196479","1749665618","0.265873"
"1749665618","1994593080","0.801587"
"1994593080","1749665618","0.801587"
"1749665618","2019034771","0.22619"
"2019034771","1749665618","0.22619"
"1749665618","2048914925","0.492063"
"2048914925","1749665618","0.492063"
"1749665618","2062912142","0.333333"
"2062912142","1749665618","0.333333"
"1749665618","2135415639","0.333333"
"2135415639","1749665618","0.333333"
"1749665618","2148754732","0.690476"
"2148754732","1749665618","0.690476"
"1866159721","1884291928","0.0833333"
"1884291928","1866159721","0.0833333"
"1866159721","1932196479","0.265873"
"1932196479","1866159721","0.265873"
"1866159721","1994593080","0.492063"
"1994593080","1866159721","0.492063"
"1866159721","2019034771","0.22619"
"2019034771","1866159721","0.22619"
"1866159721","2048914925","0.349206"
"2048914925","1866159721","0.349206"
"1866159721","2062912142","0.166667"
"2062912142","1866159721","0.166667"
"1866159721","2135415639","0.166667"
"2135415639","1866159721","0.166667"
"1866159721","2148754732","0.380952"
"2148754732","1866159721","0.380952"
"1884291928","1932196479","0.4"
"1932196479","1884291928","0.4"
"1884291928","1994593080","0.0833333"
"1994593080","1884291928","0.0833333"
"1884291928","2019034771","2.04167"
"2019034771","1884291928","2.04167"
"1884291928","2048914925","0.0833333"
"2048914925","1884291928","0.0833333"
"1884291928","2062912142","0.0833333"
"2062912142","1884291928","0.0833333"
"1884291928","2135415639","0.0833333"
"2135415639","1884291928","0.0833333"
"1884291928","2148754732","0.15"
"2148754732","1884291928","0.15"
"1932196479","1994593080","0.154762"
"1994593080","1932196479","0.154762"
"1932196479","2019034771","0.4"
"2019034771","1932196479","0.4"
"1932196479","2048914925","0.265873"
"2048914925","1932196479","0.265873"
"1932196479","2062912142","0.0833333"
"2062912142","1932196479","0.0833333"
"1932196479","2135415639","0.0833333"
"2135415639","1932196479","0.0833333"
"1932196479","2148754732","0.221429"
"2148754732","1932196479","0.221429"
"1994593080","2019034771","0.22619"
"2019034771","1994593080","0.22619"
"1994593080","2048914925","0.714286"
"2048914925","1994593080","0.714286"
"1994593080","2062912142","0.625"
"2062912142","1994593080","0.625"
"1994593080","2135415639","0.424242"
"2135415639","1994593080","0.424242"
"1994593080","2148754732","1.33333"
"2148754732","1994593080","1.33333"
"2019034771","2048914925","0.0833333"
"2048914925","2019034771","0.0833333"
"2019034771","2062912142","0.0833333"
"2062912142","2019034771","0.0833333"
"2019034771","2135415639","0.0833333"
"2135415639","2019034771","0.0833333"
"2019034771","2148754732","0.292857"
"2148754732","2019034771","0.292857"
"2048914925","2062912142","0.166667"
"2062912142","2048914925","0.166667"
"2048914925","2135415639","0.166667"
"2135415639","2048914925","0.166667"
"2048914925","2148754732","0.380952"
"2148754732","2048914925","0.380952"
"2062912142","2135415639","1.18333"
"2135415639","2062912142","1.18333"
"2062912142","2148754732","0.333333"
"2148754732","2062912142","0.333333"
"2135415639","2148754732","0.5"
"2148754732","2135415639","0.5"
"1481200545","1488071040","0.0666667"
"1488071040","1481200545","0.0666667"
"1481200545","2014465906","0.138095"
"2014465906","1481200545","0.138095"
"1481200545","2018577048","0.0666667"
"2018577048","1481200545","0.0666667"
"1481200545","2048812944","0.380952"
"2048812944","1481200545","0.380952"
"1481200545","2056524360","0.9"
"2056524360","1481200545","0.9"
"1481200545","2074241604","0.0666667"
"2074241604","1481200545","0.0666667"
"1481200545","2084007999","0.138095"
"2084007999","1481200545","0.138095"
"1481200545","2135463074","0.0666667"
"2135463074","1481200545","0.0666667"
"1481200545","2147786507","0.166667"
"2147786507","1481200545","0.166667"
"1481200545","2156454290","0.9"
"2156454290","1481200545","0.9"
"1488071040","1735573056","0.0666667"
"1735573056","1488071040","0.0666667"
"1488071040","1884291928","0.0666667"
"1884291928","1488071040","0.0666667"
"1488071040","1932196479","0.566667"
"1932196479","1488071040","0.566667"
"1488071040","2014465906","0.177778"
"2014465906","1488071040","0.177778"
"1488071040","2018577048","7.23611"
"2018577048","1488071040","7.23611"
"1488071040","2019034771","0.0666667"
"2019034771","1488071040","0.0666667"
"1488071040","2048812944","0.0666667"
"2048812944","1488071040","0.0666667"
"1488071040","2056524360","0.0666667"
"2056524360","1488071040","0.0666667"
"1488071040","2074241604","0.0666667"
"2074241604","1488071040","0.0666667"
"1488071040","2084007999","0.912302"
"2084007999","1488071040","0.912302"
"1488071040","2135463074","0.0666667"
"2135463074","1488071040","0.0666667"
"1488071040","2147786507","0.0666667"
"2147786507","1488071040","0.0666667"
"1488071040","2148754732","0.0666667"
"2148754732","1488071040","0.0666667"
"1488071040","2156454290","0.0666667"
"2156454290","1488071040","0.0666667"
"1735573056","2014465906","0.471429"
"2014465906","1735573056","0.471429"
"1735573056","2018577048","0.0666667"
"2018577048","1735573056","0.0666667"
"1735573056","2048812944","0.280952"
"2048812944","1735573056","0.280952"
"1735573056","2056524360","0.4"
"2056524360","1735573056","0.4"
"1735573056","2074241604","0.0666667"
"2074241604","1735573056","0.0666667"
"1735573056","2084007999","0.721429"
"2084007999","1735573056","0.721429"
"1735573056","2135463074","0.0666667"
"2135463074","1735573056","0.0666667"
"1735573056","2147786507","0.0666667"
"2147786507","1735573056","0.0666667"
"1735573056","2156454290","0.4"
"2156454290","1735573056","0.4"
"1884291928","2014465906","0.0666667"
"2014465906","1884291928","0.0666667"
"1884291928","2018577048","0.0666667"
"2018577048","1884291928","0.0666667"
"1884291928","2048812944","0.0666667"
"2048812944","1884291928","0.0666667"
"1884291928","2056524360","0.0666667"
"2056524360","1884291928","0.0666667"
"1884291928","2074241604","1.55"
"2074241604","1884291928","1.55"
"1884291928","2084007999","0.316667"
"2084007999","1884291928","0.316667"
"1884291928","2135463074","0.0666667"
"2135463074","1884291928","0.0666667"
"1884291928","2147786507","1.65"
"2147786507","1884291928","1.65"
"1884291928","2156454290","0.0666667"
"2156454290","1884291928","0.0666667"
"1932196479","2014465906","0.338095"
"2014465906","1932196479","0.338095"
"1932196479","2018577048","0.0666667"
"2018577048","1932196479","0.0666667"
"1932196479","2048812944","0.138095"
"2048812944","1932196479","0.138095"
"1932196479","2056524360","0.266667"
"2056524360","1932196479","0.266667"
"1932196479","2074241604","0.0666667"
"2074241604","1932196479","0.0666667"
"1932196479","2084007999","0.588095"
"2084007999","1932196479","0.588095"
"1932196479","2135463074","0.0666667"
"2135463074","1932196479","0.0666667"
"1932196479","2147786507","0.516667"
"2147786507","1932196479","0.516667"
"1932196479","2156454290","0.266667"
"2156454290","1932196479","0.266667"
"2014465906","2018577048","0.177778"
"2018577048","2014465906","0.177778"
"2014465906","2019034771","0.0666667"
"2019034771","2014465906","0.0666667"
"2014465906","2048812944","0.138095"
"2048812944","2014465906","0.138095"
"2014465906","2056524360","0.266667"
"2056524360","2014465906","0.266667"
"2014465906","2074241604","0.0666667"
"2074241604","2014465906","0.0666667"
"2014465906","2084007999","2.48254"
"2084007999","2014465906","2.48254"
"2014465906","2135463074","0.0666667"
"2135463074","2014465906","0.0666667"
"2014465906","2147786507","0.266667"
"2147786507","2014465906","0.266667"
"2014465906","2148754732","0.138095"
"2148754732","2014465906","0.138095"
"2014465906","2156454290","0.266667"
"2156454290","2014465906","0.266667"
"2018577048","2019034771","0.0666667"
"2019034771","2018577048","0.0666667"
"2018577048","2048812944","0.0666667"
"2048812944","2018577048","0.0666667"
"2018577048","2056524360","0.0666667"
"2056524360","2018577048","0.0666667"
"2018577048","2074241604","0.0666667"
"2074241604","2018577048","0.0666667"
"2018577048","2084007999","0.819444"
"2084007999","2018577048","0.819444"
"2018577048","2135463074","0.0666667"
"2135463074","2018577048","0.0666667"
"2018577048","2147786507","0.0666667"
"2147786507","2018577048","0.0666667"
"2018577048","2148754732","0.0666667"
"2148754732","2018577048","0.0666667"
"2018577048","2156454290","0.0666667"
"2156454290","2018577048","0.0666667"
"2019034771","2048812944","0.209524"
"2048812944","2019034771","0.209524"
"2019034771","2056524360","0.0666667"
"2056524360","2019034771","0.0666667"
"2019034771","2074241604","3.425"
"2074241604","2019034771","3.425"
"2019034771","2084007999","0.316667"
"2084007999","2019034771","0.316667"
"2019034771","2135463074","0.0666667"
"2135463074","2019034771","0.0666667"
"2019034771","2147786507","0.65"
"2147786507","2019034771","0.65"
"2019034771","2156454290","0.0666667"
"2156454290","2019034771","0.0666667"
"2048812944","2056524360","0.0666667"
"2056524360","2048812944","0.0666667"
"2048812944","2074241604","0.0666667"
"2074241604","2048812944","0.0666667"
"2048812944","2084007999","0.138095"
"2084007999","2048812944","0.138095"
"2048812944","2135463074","0.661544"
"2135463074","2048812944","0.661544"
"2048812944","2147786507","0.166667"
"2147786507","2048812944","0.166667"
"2048812944","2148754732","0.280952"
"2148754732","2048812944","0.280952"
"2056524360","2074241604","0.0666667"
"2074241604","2056524360","0.0666667"
"2056524360","2084007999","0.266667"
"2084007999","2056524360","0.266667"
"2056524360","2147786507","0.266667"
"2147786507","2056524360","0.266667"
"2056524360","2148754732","0.233333"
"2148754732","2056524360","0.233333"
"2074241604","2084007999","0.0666667"
"2084007999","2074241604","0.0666667"
"2074241604","2135463074","0.12549"
"2135463074","2074241604","0.12549"
"2074241604","2147786507","0.4"
"2147786507","2074241604","0.4"
"2074241604","2148754732","0.0666667"
"2148754732","2074241604","0.0666667"
"2074241604","2156454290","0.0666667"
"2156454290","2074241604","0.0666667"
"2084007999","2135463074","0.0666667"
"2135463074","2084007999","0.0666667"
"2084007999","2147786507","0.516667"
"2147786507","2084007999","0.516667"
"2084007999","2148754732","0.388095"
"2148754732","2084007999","0.388095"
"2084007999","2156454290","0.266667"
"2156454290","2084007999","0.266667"
"2135463074","2147786507","0.0666667"
"2147786507","2135463074","0.0666667"
"2135463074","2148754732","0.0666667"
"2148754732","2135463074","0.0666667"
"2147786507","2148754732","0.0666667"
"2148754732","2147786507","0.0666667"
"2147786507","2156454290","0.266667"
"2156454290","2147786507","0.266667"
"2148754732","2156454290","0.233333"
"2156454290","2148754732","0.233333"
"1481200545","1973155422","0.1"
"1973155422","1481200545","0.1"
"1481200545","2023075593","0.1"
"2023075593","1481200545","0.1"
"1481200545","2149631228","0.1"
"2149631228","1481200545","0.1"
"1481200545","2167837018","0.1"
"2167837018","1481200545","0.1"
"1481200545","2953006070","0.1"
"2953006070","1481200545","0.1"
"1502577746","1973155422","0.1"
"1973155422","1502577746","0.1"
"1502577746","2023075593","0.1"
"2023075593","1502577746","0.1"
"1502577746","2048812944","0.1"
"2048812944","1502577746","0.1"
"1502577746","2147786507","0.1"
"2147786507","1502577746","0.1"
"1502577746","2149631228","0.1"
"2149631228","1502577746","0.1"
"1502577746","2167837018","0.1"
"2167837018","1502577746","0.1"
"1502577746","2953006070","0.1"
"2953006070","1502577746","0.1"
"1973155422","2023075593","0.1"
"2023075593","1973155422","0.1"
"1973155422","2048812944","0.1"
"2048812944","1973155422","0.1"
"1973155422","2062912142","0.1"
"2062912142","1973155422","0.1"
"1973155422","2135415639","0.1"
"2135415639","1973155422","0.1"
"1973155422","2147786507","0.1"
"2147786507","1973155422","0.1"
"1973155422","2149631228","0.433333"
"2149631228","1973155422","0.433333"
"1973155422","2167837018","4.13333"
"2167837018","1973155422","4.13333"
"1973155422","2953006070","2.63333"
"2953006070","1973155422","2.63333"
"2023075593","2048812944","0.1"
"2048812944","2023075593","0.1"
"2023075593","2062912142","0.1"
"2062912142","2023075593","0.1"
"2023075593","2135415639","0.1"
"2135415639","2023075593","0.1"
"2023075593","2147786507","0.1"
"2147786507","2023075593","0.1"
"2023075593","2149631228","0.1"
"2149631228","2023075593","0.1"
"2023075593","2167837018","0.1"
"2167837018","2023075593","0.1"
"2023075593","2953006070","0.1"
"2953006070","2023075593","0.1"
"2048812944","2062912142","0.1"
"2062912142","2048812944","0.1"
"2048812944","2135415639","0.1"
"2135415639","2048812944","0.1"
"2048812944","2149631228","0.1"
"2149631228","2048812944","0.1"
"2048812944","2167837018","0.1"
"2167837018","2048812944","0.1"
"2048812944","2953006070","0.1"
"2953006070","2048812944","0.1"
"2062912142","2147786507","0.1"
"2147786507","2062912142","0.1"
"2062912142","2149631228","0.1"
"2149631228","2062912142","0.1"
"2062912142","2167837018","0.1"
"2167837018","2062912142","0.1"
"2062912142","2953006070","0.1"
"2953006070","2062912142","0.1"
"2135415639","2147786507","0.1"
"2147786507","2135415639","0.1"
"2135415639","2149631228","0.1"
"2149631228","2135415639","0.1"
"2135415639","2167837018","0.1"
"2167837018","2135415639","0.1"
"2135415639","2953006070","0.1"
"2953006070","2135415639","0.1"
"2147786507","2149631228","0.1"
"2149631228","2147786507","0.1"
"2147786507","2167837018","0.1"
"2167837018","2147786507","0.1"
"2147786507","2953006070","0.1"
"2953006070","2147786507","0.1"
"2149631228","2167837018","3.56667"
"2167837018","2149631228","3.56667"
"2149631228","2953006070","1.86667"
"2953006070","2149631228","1.86667"
"2167837018","2953006070","7.23333"
"2953006070","2167837018","7.23333"
"1481200545","1493205727","0.305556"
"1493205727","1481200545","0.305556"
"1481200545","2010375381","0.376984"
"2010375381","1481200545","0.376984"
"1493205727","1502577746","0.0833333"
"1502577746","1493205727","0.0833333"
"1493205727","1520108263","0.0833333"
"1520108263","1493205727","0.0833333"
"1493205727","1735573056","0.444444"
"1735573056","1493205727","0.444444"
"1493205727","1749665618","0.305556"
"1749665618","1493205727","0.305556"
"1493205727","1866159721","0.555556"
"1866159721","1493205727","0.555556"
"1493205727","1994593080","0.194444"
"1994593080","1493205727","0.194444"
"1493205727","2010375381","0.305556"
"2010375381","1493205727","0.305556"
"1493205727","2048914925","0.194444"
"2048914925","1493205727","0.194444"
"1493205727","2062912142","0.0833333"
"2062912142","1493205727","0.0833333"
"1493205727","2135415639","0.0833333"
"2135415639","1493205727","0.0833333"
"1493205727","2148754732","0.0833333"
"2148754732","1493205727","0.0833333"
"1502577746","1520108263","0.0833333"
"1520108263","1502577746","0.0833333"
"1502577746","2010375381","0.375"
"2010375381","1502577746","0.375"
"1520108263","1735573056","0.0833333"
"1735573056","1520108263","0.0833333"
"1520108263","1866159721","0.0833333"
"1866159721","1520108263","0.0833333"
"1520108263","1994593080","1.47619"
"1994593080","1520108263","1.47619"
"1520108263","2010375381","0.7"
"2010375381","1520108263","0.7"
"1520108263","2048914925","0.559524"
"2048914925","1520108263","0.559524"
"1520108263","2062912142","0.0833333"
"2062912142","1520108263","0.0833333"
"1520108263","2135415639","0.333333"
"2135415639","1520108263","0.333333"
"1520108263","2148754732","0.22619"
"2148754732","1520108263","0.22619"
"1735573056","2010375381","1.09921"
"2010375381","1735573056","1.09921"
"1749665618","2010375381","0.376984"
"2010375381","1749665618","0.376984"
"1866159721","2010375381","2.37698"
"2010375381","1866159721","2.37698"
"1994593080","2010375381","4.4004"
"2010375381","1994593080","4.4004"
"2010375381","2048914925","0.265873"
"2048914925","2010375381","0.265873"
"2010375381","2062912142","0.375"
"2062912142","2010375381","0.375"
"2010375381","2135415639","0.0833333"
"2135415639","2010375381","0.0833333"
"2010375381","2148754732","3.54762"
"2148754732","2010375381","3.54762"
"1481200545","1491117507","0.293651"
"1491117507","1481200545","0.293651"
"1481200545","1544579617","0.293651"
"1544579617","1481200545","0.293651"
"1481200545","1976957887","0.63456"
"1976957887","1481200545","0.63456"
"1491117507","1493205727","0.222222"
"1493205727","1491117507","0.222222"
"1491117507","1544579617","0.293651"
"1544579617","1491117507","0.293651"
"1491117507","1749665618","0.293651"
"1749665618","1491117507","0.293651"
"1491117507","1866159721","0.293651"
"1866159721","1491117507","0.293651"
"1491117507","1932196479","0.18254"
"1932196479","1491117507","0.18254"
"1491117507","1976957887","0.293651"
"1976957887","1491117507","0.293651"
"1491117507","2010375381","1.29365"
"2010375381","1491117507","1.29365"
"1491117507","2048914925","0.18254"
"2048914925","1491117507","0.18254"
"1493205727","1544579617","0.222222"
"1544579617","1493205727","0.222222"
"1493205727","1932196479","0.111111"
"1932196479","1493205727","0.111111"
"1493205727","1976957887","0.222222"
"1976957887","1493205727","0.222222"
"1544579617","1749665618","0.293651"
"1749665618","1544579617","0.293651"
"1544579617","1866159721","0.293651"
"1866159721","1544579617","0.293651"
