"1494233816","2044244438","1.1"
"2044244438","1494233816","1.1"
"1494233816","1519460759","0.25"
"1519460759","1494233816","0.25"
"1494233816","2080747411","0.833333"
"2080747411","1494233816","0.833333"
"1494233816","2109300365","0.5"
"2109300365","1494233816","0.5"
"1494233816","2139336600","0.833333"
"2139336600","1494233816","0.833333"
"1519460759","2080747411","0.634524"
"2080747411","1519460759","0.634524"
"1519460759","2109300365","0.25"
"2109300365","1519460759","0.25"
"1519460759","2139336600","0.491667"
"2139336600","1519460759","0.491667"
"2080747411","2109300365","0.5"
"2109300365","2080747411","0.5"
"2080747411","2139336600","1.25263"
"2139336600","2080747411","1.25263"
"2109300365","2139336600","0.5"
"2139336600","2109300365","0.5"
"1494233816","1539181550","0.1"
"1539181550","1494233816","0.1"
"1494233816","2081611990","0.1"
"2081611990","1494233816","0.1"
"1494233816","2108563232","0.55"
"2108563232","1494233816","0.55"
"1494233816","2137596716","0.633333"
"2137596716","1494233816","0.633333"
"1494233816","2139864694","0.1"
"2139864694","1494233816","0.1"
"1494233816","2152131375","0.3"
"2152131375","1494233816","0.3"
"1494233816","2160128013","0.1"
"2160128013","1494233816","0.1"
"1494233816","2679684481","0.1"
"2679684481","1494233816","0.1"
"1494233816","951820106","0.1"
"951820106","1494233816","0.1"
"1539181550","2044244438","0.1"
"2044244438","1539181550","0.1"
"1539181550","2081611990","0.1"
"2081611990","1539181550","0.1"
"1539181550","2108563232","2.91611"
"2108563232","1539181550","2.91611"
"1539181550","2137596716","1.04111"
"2137596716","1539181550","1.04111"
"1539181550","2139864694","0.1"
"2139864694","1539181550","0.1"
"1539181550","2152131375","0.663475"
"2152131375","1539181550","0.663475"
"1539181550","2160128013","0.1"
"2160128013","1539181550","0.1"
"1539181550","2679684481","0.99944"
"2679684481","1539181550","0.99944"
"1539181550","951820106","0.1"
"951820106","1539181550","0.1"
"2044244438","2081611990","0.1"
"2081611990","2044244438","0.1"
"2044244438","2108563232","0.1"
"2108563232","2044244438","0.1"
"2044244438","2137596716","0.1"
"2137596716","2044244438","0.1"
"2044244438","2139864694","0.1"
"2139864694","2044244438","0.1"
"2044244438","2152131375","0.1"
"2152131375","2044244438","0.1"
"2044244438","2160128013","0.1"
"2160128013","2044244438","0.1"
"2044244438","2679684481","0.1"
"2679684481","2044244438","0.1"
"2044244438","951820106","0.1"
"951820106","2044244438","0.1"
"2081611990","2108563232","0.1"
"2108563232","2081611990","0.1"
"2081611990","2137596716","0.1"
"2137596716","2081611990","0.1"
"2081611990","2139864694","1.52421"
"2139864694","2081611990","1.52421"
"2081611990","2152131375","0.1"
"2152131375","2081611990","0.1"
"2081611990","2160128013","1.8631"
"2160128013","2081611990","1.8631"
"2081611990","2679684481","0.1"
"2679684481","2081611990","0.1"
"2081611990","951820106","0.248352"
"951820106","2081611990","0.248352"
"2108563232","2137596716","2.30363"
"2137596716","2108563232","2.30363"
"2108563232","2139864694","0.1"
"2139864694","2108563232","0.1"
"2108563232","2152131375","2.09148"
"2152131375","2108563232","2.09148"
"2108563232","2160128013","0.1"
"2160128013","2108563232","0.1"
"2108563232","2679684481","1.91911"
"2679684481","2108563232","1.91911"
"2108563232","951820106","0.1"
"951820106","2108563232","0.1"
"2137596716","2139864694","1.1"
"2139864694","2137596716","1.1"
"2137596716","2152131375","1.59148"
"2152131375","2137596716","1.59148"
"2137596716","2160128013","0.1"
"2160128013","2137596716","0.1"
"2137596716","2679684481","2.53578"
"2679684481","2137596716","2.53578"
"2137596716","951820106","0.1"
"951820106","2137596716","0.1"
"2139864694","2152131375","0.1"
"2152131375","2139864694","0.1"
"2139864694","2160128013","0.696429"
"2160128013","2139864694","0.696429"
"2139864694","2679684481","0.1"
"2679684481","2139864694","0.1"
"2139864694","951820106","0.233929"
"951820106","2139864694","0.233929"
"2152131375","2160128013","0.1"
"2160128013","2152131375","0.1"
"2152131375","2679684481","1.24862"
"2679684481","2152131375","1.24862"
"2152131375","951820106","0.1"
"951820106","2152131375","0.1"
"2160128013","2679684481","0.1"
"2679684481","2160128013","0.1"
"2160128013","951820106","0.171429"
"951820106","2160128013","0.171429"
"2679684481","951820106","0.1"
"951820106","2679684481","0.1"
"1494233816","1525630739","0.2"
"1525630739","1494233816","0.2"
"1494233816","2096653918","0.2"
"2096653918","1494233816","0.2"
"1525630739","2096653918","0.2"
"2096653918","1525630739","0.2"
"1525630739","2108563232","0.59693"
"2108563232","1525630739","0.59693"
"1525630739","2137596716","0.34693"
"2137596716","1525630739","0.34693"
"1525630739","2152131375","0.252632"
"2152131375","1525630739","0.252632"
"2096653918","2108563232","0.45"
"2108563232","2096653918","0.45"
"2096653918","2137596716","0.2"
"2137596716","2096653918","0.2"
"2096653918","2152131375","0.2"
"2152131375","2096653918","0.2"
"2080747411","2108563232","1.25501"
"2108563232","2080747411","1.25501"
"2108563232","2109300365","0.25"
"2109300365","2108563232","0.25"
"2108563232","2139336600","1.11911"
"2139336600","2108563232","1.11911"
"2080747411","2137596716","1.27049"
"2137596716","2080747411","1.27049"
"2137596716","2139336600","1.61078"
"2139336600","2137596716","1.61078"
"1514757139","2002352982","1.16278"
"2002352982","1514757139","1.16278"
"1514757139","2093367651","1.58564"
"2093367651","1514757139","1.58564"
"1514757139","2096653918","0.125"
"2096653918","1514757139","0.125"
"1514757139","2108563232","4.06251"
"2108563232","1514757139","4.06251"
"1514757139","2112022568","4.56251"
"2112022568","1514757139","4.56251"
"1514757139","2126256482","0.125"
"2126256482","1514757139","0.125"
"1514757139","2145341289","0.812509"
"2145341289","1514757139","0.812509"
"1514757139","2161180563","0.125"
"2161180563","1514757139","0.125"
"2002352982","2093367651","1.22111"
"2093367651","2002352982","1.22111"
"2002352982","2096653918","0.25"
"2096653918","2002352982","0.25"
"2002352982","2108563232","0.983265"
"2108563232","2002352982","0.983265"
"2002352982","2112022568","1.43063"
"2112022568","2002352982","1.43063"
"2002352982","2126256482","0.25"
"2126256482","2002352982","0.25"
"2002352982","2145341289","1.77374"
"2145341289","2002352982","1.77374"
"2002352982","2161180563","0.25"
"2161180563","2002352982","0.25"
"2093367651","2096653918","0.25"
"2096653918","2093367651","0.25"
"2093367651","2108563232","0.763267"
"2108563232","2093367651","0.763267"
"2093367651","2112022568","0.710635"
"2112022568","2093367651","0.710635"
"2093367651","2126256482","0.45"
"2126256482","2093367651","0.45"
"2093367651","2145341289","4.22993"
"2145341289","2093367651","4.22993"
"2093367651","2161180563","0.45"
"2161180563","2093367651","0.45"
"2096653918","2112022568","0.25"
"2112022568","2096653918","0.25"
"2096653918","2126256482","0.25"
"2126256482","2096653918","0.25"
"2096653918","2145341289","0.25"
"2145341289","2096653918","0.25"
"2096653918","2161180563","1.25"
"2161180563","2096653918","1.25"
"2108563232","2112022568","5.33037"
"2112022568","2108563232","5.33037"
"2108563232","2126256482","0.25"
"2126256482","2108563232","0.25"
"2108563232","2145341289","1.57744"
"2145341289","2108563232","1.57744"
"2108563232","2161180563","0.25"
"2161180563","2108563232","0.25"
"2112022568","2126256482","0.25"
"2126256482","2112022568","0.25"
"2112022568","2145341289","0.937509"
"2145341289","2112022568","0.937509"
"2112022568","2161180563","0.25"
"2161180563","2112022568","0.25"
"2126256482","2145341289","0.45"
"2145341289","2126256482","0.45"
"2126256482","2161180563","0.45"
"2161180563","2126256482","0.45"
"2145341289","2161180563","0.45"
"2161180563","2145341289","0.45"
"1514757139","1996428067","0.5966"
"1996428067","1514757139","0.5966"
"1514757139","199752024","0.263267"
"199752024","1514757139","0.263267"
"1514757139","2106463421","1.02084"
"2106463421","1514757139","1.02084"
"1514757139","2130541626","0.2216"
"2130541626","1514757139","0.2216"
"1514757139","2137596716","0.437509"
"2137596716","1514757139","0.437509"
"1514757139","2139336600","0.437509"
"2139336600","1514757139","0.437509"
"1514757139","2160271984","0.204443"
"2160271984","1514757139","0.204443"
"1514757139","2486137232","0.304933"
"2486137232","1514757139","0.304933"
"1514757139","2679684481","0.395842"
"2679684481","1514757139","0.395842"
"1514757139","5320521","0.437509"
"5320521","1514757139","0.437509"
"1996428067","199752024","0.482565"
"199752024","1996428067","0.482565"
"1996428067","2002352982","0.357075"
"2002352982","1996428067","0.357075"
"1996428067","2093367651","0.363267"
"2093367651","1996428067","0.363267"
"1996428067","2106463421","0.915898"
"2106463421","1996428067","0.915898"
"1996428067","2108563232","0.649232"
"2108563232","1996428067","0.649232"
"1996428067","2112022568","0.5966"
"2112022568","1996428067","0.5966"
"1996428067","2130541626","0.2216"
"2130541626","1996428067","0.2216"
"1996428067","2137596716","0.665898"
"2137596716","1996428067","0.665898"
"1996428067","2139336600","2.49923"
"2139336600","1996428067","2.49923"
"1996428067","2145341289","0.499232"
"2145341289","1996428067","0.499232"
"1996428067","2160271984","0.357075"
"2160271984","1996428067","0.357075"
"1996428067","2486137232","0.357565"
"2486137232","1996428067","0.357565"
"1996428067","2679684481","0.524232"
"2679684481","1996428067","0.524232"
"1996428067","5320521","0.399232"
"5320521","1996428067","0.399232"
"199752024","2002352982","0.423741"
"2002352982","199752024","0.423741"
"199752024","2093367651","0.429933"
"2093367651","199752024","0.429933"
"199752024","2106463421","1.77701"
"2106463421","199752024","1.77701"
"199752024","2108563232","1.34368"
"2108563232","199752024","1.34368"
"199752024","2112022568","0.263267"
"2112022568","199752024","0.263267"
"199752024","2130541626","0.2216"
"2130541626","199752024","0.2216"
"199752024","2137596716","1.11034"
"2137596716","199752024","1.11034"
"199752024","2139336600","0.527009"
"2139336600","199752024","0.527009"
"199752024","2145341289","0.860343"
"2145341289","199752024","0.860343"
"199752024","2160271984","0.468186"
"2160271984","199752024","0.468186"
"199752024","2486137232","0.274232"
"2486137232","199752024","0.274232"
"199752024","2679684481","0.968676"
"2679684481","199752024","0.968676"
"199752024","5320521","0.415898"
"5320521","199752024","0.415898"
"2002352982","2106463421","0.523741"
"2106463421","2002352982","0.523741"
"2002352982","2130541626","0.162776"
"2130541626","2002352982","0.162776"
"2002352982","2137596716","0.357075"
"2137596716","2002352982","0.357075"
"2002352982","2139336600","0.357075"
"2139336600","2002352982","0.357075"
"2002352982","2160271984","0.499932"
"2160271984","2002352982","0.499932"
"2002352982","2486137232","0.215408"
"2486137232","2002352982","0.215408"
"2002352982","2679684481","0.215408"
"2679684481","2002352982","0.215408"
"2002352982","5320521","0.757075"
"5320521","2002352982","0.757075"
"2093367651","2106463421","0.863267"
"2106463421","2093367651","0.863267"
"2093367651","2130541626","0.168968"
"2130541626","2093367651","0.168968"
"2093367651","2137596716","0.6966"
"2137596716","2093367651","0.6966"
"2093367651","2139336600","0.6966"
"2139336600","2093367651","0.6966"
"2093367651","2160271984","0.304443"
"2160271984","2093367651","0.304443"
"2093367651","2486137232","0.2216"
"2486137232","2093367651","0.2216"
"2093367651","2679684481","0.2216"
"2679684481","2093367651","0.2216"
"2093367651","5320521","0.263267"
"5320521","2093367651","0.263267"
"2106463421","2108563232","3.61911"
"2108563232","2106463421","3.61911"
"2106463421","2112022568","1.02084"
"2112022568","2106463421","1.02084"
"2106463421","2130541626","0.2216"
"2130541626","2106463421","0.2216"
"2106463421","2137596716","6.86078"
"2137596716","2106463421","6.86078"
"2106463421","2139336600","2.90244"
"2139336600","2106463421","2.90244"
"2106463421","2145341289","1.97744"
"2145341289","2106463421","1.97744"
"2106463421","2160271984","0.711043"
"2160271984","2106463421","0.711043"
"2106463421","2486137232","0.357565"
"2486137232","2106463421","0.357565"
"2106463421","2679684481","1.64292"
"2679684481","2106463421","1.64292"
"2106463421","5320521","0.732998"
"5320521","2106463421","0.732998"
"2108563232","2130541626","1.4216"
"2130541626","2108563232","1.4216"
"2108563232","2160271984","1.1539"
"2160271984","2108563232","1.1539"
"2108563232","2486137232","0.557565"
"2486137232","2108563232","0.557565"
"2108563232","5320521","2.033"
"5320521","2108563232","2.033"
"2112022568","2130541626","0.2216"
"2130541626","2112022568","0.2216"
"2112022568","2137596716","0.437509"
"2137596716","2112022568","0.437509"
"2112022568","2139336600","0.437509"
"2139336600","2112022568","0.437509"
"2112022568","2160271984","0.3473"
"2160271984","2112022568","0.3473"
"2112022568","2486137232","0.304933"
"2486137232","2112022568","0.304933"
"2112022568","2679684481","0.395842"
"2679684481","2112022568","0.395842"
"2112022568","5320521","0.437509"
"5320521","2112022568","0.437509"
"2130541626","2137596716","0.2216"
"2137596716","2130541626","0.2216"
"2130541626","2139336600","0.2216"
"2139336600","2130541626","0.2216"
"2130541626","2145341289","0.2216"
"2145341289","2130541626","0.2216"
"2130541626","2160271984","0.162776"
"2160271984","2130541626","0.162776"
"2130541626","2486137232","0.4216"
"2486137232","2130541626","0.4216"
"2130541626","2679684481","0.2216"
"2679684481","2130541626","0.2216"
"2130541626","5320521","0.4216"
"5320521","2130541626","0.4216"
"2137596716","2145341289","1.31078"
"2145341289","2137596716","1.31078"
"2137596716","2160271984","0.711043"
"2160271984","2137596716","0.711043"
"2137596716","2486137232","0.857565"
"2486137232","2137596716","0.857565"
"2137596716","5320521","0.732998"
"5320521","2137596716","0.732998"
"2139336600","2145341289","1.44411"
"2145341289","2139336600","1.44411"
"2139336600","2160271984","0.711043"
"2160271984","2139336600","0.711043"
"2139336600","2486137232","0.357565"
"2486137232","2139336600","0.357565"
"2139336600","2679684481","0.559585"
"2679684481","2139336600","0.559585"
"2139336600","5320521","0.732998"
"5320521","2139336600","0.732998"
"2145341289","2160271984","0.711043"
"2160271984","2145341289","0.711043"
"2145341289","2486137232","0.357565"
"2486137232","2145341289","0.357565"
"2145341289","2679684481","0.926252"
"2679684481","2145341289","0.926252"
"2145341289","5320521","1.733"
"5320521","2145341289","1.733"
"2160271984","2486137232","0.215408"
"2486137232","2160271984","0.215408"
"2160271984","2679684481","0.326519"
"2679684481","2160271984","0.326519"
"2160271984","5320521","0.499932"
"5320521","2160271984","0.499932"
"2486137232","2679684481","0.357565"
"2679684481","2486137232","0.357565"
"2486137232","5320521","1.55756"
"5320521","2486137232","1.55756"
"2679684481","5320521","0.448474"
"5320521","2679684481","0.448474"
"1514757139","1525630739","0.344298"
"1525630739","1514757139","0.344298"
"1514757139","1539181550","0.577364"
"1539181550","1514757139","0.577364"
"1525630739","1539181550","6.0636"
"1539181550","1525630739","6.0636"
"1525630739","2112022568","0.344298"
"2112022568","1525630739","0.344298"
"1539181550","2112022568","0.577364"
"2112022568","1539181550","0.577364"
"1514757139","2117942153","0.375"
"2117942153","1514757139","0.375"
"2108563232","2117942153","1.26786"
"2117942153","2108563232","1.26786"
"2112022568","2117942153","0.375"
"2117942153","2112022568","0.375"
"1514757139","1977493358","0.102302"
"1977493358","1514757139","0.102302"
"1514757139","2152131375","0.276544"
"2152131375","1514757139","0.276544"
"1514757139","2404533548","0.193211"
"2404533548","1514757139","0.193211"
"1539181550","1977493358","0.0588235"
"1977493358","1539181550","0.0588235"
"1539181550","1996428067","0.289087"
"1996428067","1539181550","0.289087"
"1539181550","199752024","0.733531"
"199752024","1539181550","0.733531"
"1539181550","2093367651","2.01979"
"2093367651","1539181550","2.01979"
"1539181550","2106463421","2.28277"
"2106463421","1539181550","2.28277"
"1539181550","2130541626","0.111455"
"2130541626","1539181550","0.111455"
"1539181550","2139336600","2.11611"
"2139336600","1539181550","2.11611"
"1539181550","2145341289","3.52444"
"2145341289","1539181550","3.52444"
"1539181550","2404533548","0.816399"
"2404533548","1539181550","0.816399"
"1539181550","2486137232","0.24742"
"2486137232","1539181550","0.24742"
"1539181550","5320521","0.713329"
"5320521","1539181550","0.713329"
"1977493358","1996428067","0.102302"
"1996428067","1977493358","0.102302"
"1977493358","199752024","0.102302"
"199752024","1977493358","0.102302"
"1977493358","2093367651","0.102302"
"2093367651","1977493358","0.102302"
"1977493358","2106463421","0.102302"
"2106463421","1977493358","0.102302"
"1977493358","2108563232","0.835635"
"2108563232","1977493358","0.835635"
"1977493358","2112022568","0.102302"
"2112022568","1977493358","0.102302"
"1977493358","2130541626","0.302302"
"2130541626","1977493358","0.302302"
"1977493358","2137596716","0.102302"
"2137596716","1977493358","0.102302"
"1977493358","2139336600","0.102302"
"2139336600","1977493358","0.102302"
"1977493358","2145341289","0.102302"
"2145341289","1977493358","0.102302"
"1977493358","2152131375","0.102302"
"2152131375","1977493358","0.102302"
"1977493358","2404533548","0.102302"
"2404533548","1977493358","0.102302"
"1977493358","2486137232","0.302302"
"2486137232","1977493358","0.302302"
"1977493358","2679684481","0.102302"
"2679684481","1977493358","0.102302"
"1977493358","5320521","0.835635"
"5320521","1977493358","0.835635"
"1996428067","2152131375","0.404933"
"2152131375","1996428067","0.404933"
"1996428067","2404533548","0.102302"
"2404533548","1996428067","0.102302"
"199752024","2152131375","0.724378"
"2152131375","199752024","0.724378"
"199752024","2404533548","0.102302"
"2404533548","199752024","0.102302"
"2093367651","2152131375","0.154933"
"2152131375","2093367651","0.154933"
"2093367651","2404533548","0.102302"
"2404533548","2093367651","0.102302"
"2106463421","2152131375","1.29148"
"2152131375","2106463421","1.29148"
"2106463421","2404533548","0.193211"
"2404533548","2106463421","0.193211"
"2108563232","2404533548","0.859878"
"2404533548","2108563232","0.859878"
"2112022568","2152131375","0.276544"
"2152131375","2112022568","0.276544"
"2112022568","2404533548","0.193211"
"2404533548","2112022568","0.193211"
"2130541626","2152131375","0.102302"
"2152131375","2130541626","0.102302"
"2130541626","2404533548","0.102302"
"2404533548","2130541626","0.102302"
"2137596716","2404533548","0.193211"
"2404533548","2137596716","0.193211"
"2139336600","2152131375","0.583144"
"2152131375","2139336600","0.583144"
"2139336600","2404533548","0.193211"
"2404533548","2139336600","0.193211"
"2145341289","2152131375","0.916477"
"2152131375","2145341289","0.916477"
"2145341289","2404533548","0.359878"
"2404533548","2145341289","0.359878"
"2152131375","2404533548","0.359878"
"2404533548","2152131375","0.359878"
"2152131375","2486137232","0.238267"
"2486137232","2152131375","0.238267"
"2152131375","5320521","0.472033"
"5320521","2152131375","0.472033"
"2404533548","2486137232","0.102302"
"2486137232","2404533548","0.102302"
"2404533548","2679684481","0.193211"
"2679684481","2404533548","0.193211"
"2404533548","5320521","0.193211"
"5320521","2404533548","0.193211"
"1514757139","1519460759","0.0416667"
"1519460759","1514757139","0.0416667"
"1514757139","1557702318","0.0851449"
"1557702318","1514757139","0.0851449"
"1514757139","2080747411","0.0942982"
"2080747411","1514757139","0.0942982"
"1514757139","2104147801","0.291667"
"2104147801","1514757139","0.291667"
"1514757139","2107663819","0.291667"
"2107663819","1514757139","0.291667"
"1514757139","2155903101","0.0851449"
"2155903101","1514757139","0.0851449"
"1514757139","2756075574","0.0851449"
"2756075574","1514757139","0.0851449"
"1514757139","41714111","0.0942982"
"41714111","1514757139","0.0942982"
"1514757139","71083564","0.0416667"
"71083564","1514757139","0.0416667"
"1519460759","1525630739","0.0416667"
"1525630739","1519460759","0.0416667"
"1519460759","1539181550","0.0416667"
"1539181550","1519460759","0.0416667"
"1519460759","1557702318","0.0416667"
"1557702318","1519460759","0.0416667"
"1519460759","1996428067","0.141667"
"1996428067","1519460759","0.141667"
"1519460759","199752024","0.141667"
"199752024","1519460759","0.141667"
"1519460759","2002352982","0.141667"
"2002352982","1519460759","0.141667"
"1519460759","2093367651","0.141667"
"2093367651","1519460759","0.141667"
"1519460759","2104147801","0.0416667"
"2104147801","1519460759","0.0416667"
"1519460759","2106463421","1.24167"
"2106463421","1519460759","1.24167"
"1519460759","2107663819","0.184524"
"2107663819","1519460759","0.184524"
"1519460759","2108563232","1.68452"
"2108563232","1519460759","1.68452"
"1519460759","2112022568","0.0416667"
"2112022568","1519460759","0.0416667"
"1519460759","2117942153","0.284524"
"2117942153","1519460759","0.284524"
"1519460759","2137596716","0.384524"
"2137596716","1519460759","0.384524"
"1519460759","2145341289","0.241667"
"2145341289","1519460759","0.241667"
"1519460759","2155903101","0.241667"
"2155903101","1519460759","0.241667"
"1519460759","2160271984","1.74167"
"2160271984","1519460759","1.74167"
"1519460759","2756075574","0.0416667"
"2756075574","1519460759","0.0416667"
"1519460759","41714111","0.0416667"
"41714111","1519460759","0.0416667"
"1519460759","5320521","0.141667"
"5320521","1519460759","0.141667"
"1519460759","71083564","0.0416667"
"71083564","1519460759","0.0416667"
"1525630739","1557702318","0.0416667"
"1557702318","1525630739","0.0416667"
"1525630739","1996428067","0.14693"
"1996428067","1525630739","0.14693"
"1525630739","199752024","0.313596"
"199752024","1525630739","0.313596"
"1525630739","2002352982","0.313596"
"2002352982","1525630739","0.313596"
"1525630739","2080747411","0.0942982"
"2080747411","1525630739","0.0942982"
"1525630739","2093367651","0.260965"
"2093367651","1525630739","0.260965"
"1525630739","2104147801","0.0942982"
"2104147801","1525630739","0.0942982"
"1525630739","2106463421","0.313596"
"2106463421","1525630739","0.313596"
"1525630739","2107663819","0.0942982"
"2107663819","1525630739","0.0942982"
"1525630739","2117942153","0.0416667"
"2117942153","1525630739","0.0416667"
"1525630739","2139336600","0.64693"
"2139336600","1525630739","0.64693"
"1525630739","2145341289","0.313596"
"2145341289","1525630739","0.313596"
"1525630739","2155903101","0.0942982"
"2155903101","1525630739","0.0942982"
"1525630739","2160271984","0.14693"
"2160271984","1525630739","0.14693"
"1525630739","2756075574","0.0942982"
"2756075574","1525630739","0.0942982"
"1525630739","41714111","0.0942982"
"41714111","1525630739","0.0942982"
"1525630739","5320521","0.14693"
"5320521","1525630739","0.14693"
"1525630739","71083564","0.0416667"
"71083564","1525630739","0.0416667"
"1539181550","1557702318","0.166667"
"1557702318","1539181550","0.166667"
"1539181550","2002352982","0.313596"
"2002352982","1539181550","0.313596"
"1539181550","2080747411","0.219298"
"2080747411","1539181550","0.219298"
"1539181550","2104147801","0.294298"
"2104147801","1539181550","0.294298"
"1539181550","2107663819","0.294298"
"2107663819","1539181550","0.294298"
"1539181550","2117942153","0.166667"
"2117942153","1539181550","0.166667"
"1539181550","2155903101","1.51096"
"2155903101","1539181550","1.51096"
"1539181550","2160271984","0.258041"
"2160271984","1539181550","0.258041"
"1539181550","2756075574","0.0942982"
"2756075574","1539181550","0.0942982"
"1539181550","41714111","0.427632"
"41714111","1539181550","0.427632"
"1539181550","71083564","0.416667"
"71083564","1539181550","0.416667"
"1557702318","1996428067","0.0851449"
"1996428067","1557702318","0.0851449"
"1557702318","199752024","0.0851449"
"199752024","1557702318","0.0851449"
"1557702318","2002352982","0.0851449"
"2002352982","1557702318","0.0851449"
"1557702318","2080747411","0.366667"
"2080747411","1557702318","0.366667"
"1557702318","2093367651","0.0851449"
"2093367651","1557702318","0.0851449"
"1557702318","2104147801","0.0416667"
"2104147801","1557702318","0.0416667"
"1557702318","2106463421","0.410145"
"2106463421","1557702318","0.410145"
"1557702318","2107663819","1.24167"
"2107663819","1557702318","1.24167"
"1557702318","2108563232","0.210145"
"2108563232","1557702318","0.210145"
"1557702318","2112022568","0.0851449"
"2112022568","1557702318","0.0851449"
"1557702318","2117942153","0.366667"
"2117942153","1557702318","0.366667"
"1557702318","2137596716","0.0851449"
"2137596716","1557702318","0.0851449"
"1557702318","2139336600","0.210145"
"2139336600","1557702318","0.210145"
"1557702318","2145341289","0.285145"
"2145341289","1557702318","0.285145"
"1557702318","2155903101","0.0851449"
"2155903101","1557702318","0.0851449"
"1557702318","2160271984","0.0851449"
"2160271984","1557702318","0.0851449"
"1557702318","2756075574","0.0851449"
"2756075574","1557702318","0.0851449"
"1557702318","41714111","0.0416667"
"41714111","1557702318","0.0416667"
"1557702318","5320521","0.0851449"
"5320521","1557702318","0.0851449"
"1557702318","71083564","0.166667"
"71083564","1557702318","0.166667"
"1996428067","2080747411","0.194298"
"2080747411","1996428067","0.194298"
"1996428067","2104147801","0.0942982"
"2104147801","1996428067","0.0942982"
"1996428067","2107663819","0.0942982"
"2107663819","1996428067","0.0942982"
"1996428067","2117942153","0.0416667"
"2117942153","1996428067","0.0416667"
"1996428067","2155903101","0.237777"
"2155903101","1996428067","0.237777"
"1996428067","2756075574","0.137777"
"2756075574","1996428067","0.137777"
"1996428067","41714111","0.0942982"
"41714111","1996428067","0.0942982"
"1996428067","71083564","0.0416667"
"71083564","1996428067","0.0416667"
"199752024","2080747411","0.194298"
"2080747411","199752024","0.194298"
"199752024","2104147801","0.219298"
"2104147801","199752024","0.219298"
"199752024","2107663819","0.219298"
"2107663819","199752024","0.219298"
"199752024","2117942153","0.266667"
"2117942153","199752024","0.266667"
"199752024","2155903101","0.737777"
"2155903101","199752024","0.737777"
"199752024","2756075574","0.137777"
"2756075574","199752024","0.137777"
"199752024","41714111","0.219298"
"41714111","199752024","0.219298"
"199752024","71083564","0.291667"
"71083564","199752024","0.291667"
"2002352982","2080747411","0.337155"
"2080747411","2002352982","0.337155"
"2002352982","2104147801","0.237155"
"2104147801","2002352982","0.237155"
"2002352982","2107663819","0.237155"
"2107663819","2002352982","0.237155"
"2002352982","2117942153","0.0416667"
"2117942153","2002352982","0.0416667"
"2002352982","2155903101","0.237777"
"2155903101","2002352982","0.237777"
"2002352982","2756075574","0.137777"
"2756075574","2002352982","0.137777"
"2002352982","41714111","0.0942982"
"41714111","2002352982","0.0942982"
"2002352982","71083564","0.0416667"
"71083564","2002352982","0.0416667"
"2080747411","2093367651","0.141667"
"2093367651","2080747411","0.141667"
"2080747411","2104147801","0.184524"
"2104147801","2080747411","0.184524"
"2080747411","2106463421","1.1193"
"2106463421","2080747411","1.1193"
"2080747411","2107663819","0.527381"
"2107663819","2080747411","0.527381"
"2080747411","2112022568","0.237155"
"2112022568","2080747411","0.237155"
"2080747411","2117942153","0.942857"
"2117942153","2080747411","0.942857"
"2080747411","2145341289","0.494298"
"2145341289","2080747411","0.494298"
"2080747411","2155903101","0.575"
"2155903101","2080747411","0.575"
"2080747411","2160271984","0.437155"
"2160271984","2080747411","0.437155"
"2080747411","2756075574","0.0416667"
"2756075574","2080747411","0.0416667"
"2080747411","41714111","0.0942982"
"41714111","2080747411","0.0942982"
"2080747411","5320521","0.194298"
"5320521","2080747411","0.194298"
"2080747411","71083564","0.166667"
"71083564","2080747411","0.166667"
"2093367651","2104147801","0.0942982"
"2104147801","2093367651","0.0942982"
"2093367651","2107663819","0.0942982"
"2107663819","2093367651","0.0942982"
"2093367651","2117942153","0.0416667"
"2117942153","2093367651","0.0416667"
"2093367651","2155903101","0.237777"
"2155903101","2093367651","0.237777"
"2093367651","2756075574","0.137777"
"2756075574","2093367651","0.137777"
"2093367651","41714111","0.0416667"
"41714111","2093367651","0.0416667"
"2093367651","71083564","0.0416667"
"71083564","2093367651","0.0416667"
"2104147801","2106463421","0.219298"
"2106463421","2104147801","0.219298"
"2104147801","2107663819","12.0122"
"2107663819","2104147801","12.0122"
"2104147801","2108563232","1.81216"
"2108563232","2104147801","1.81216"
"2104147801","2112022568","0.434524"
"2112022568","2104147801","0.434524"
"2104147801","2117942153","0.0416667"
"2117942153","2104147801","0.0416667"
"2104147801","2137596716","0.619298"
"2137596716","2104147801","0.619298"
"2104147801","2139336600","0.0942982"
"2139336600","2104147801","0.0942982"
"2104147801","2145341289","0.794298"
"2145341289","2104147801","0.794298"
"2104147801","2155903101","0.219298"
"2155903101","2104147801","0.219298"
"2104147801","2160271984","0.237155"
"2160271984","2104147801","0.237155"
"2104147801","2756075574","0.0942982"
"2756075574","2104147801","0.0942982"
"2104147801","41714111","0.166667"
"41714111","2104147801","0.166667"
"2104147801","5320521","0.594298"
"5320521","2104147801","0.594298"
"2104147801","71083564","0.0416667"
"71083564","2104147801","0.0416667"
"2106463421","2107663819","0.419298"
"2107663819","2106463421","0.419298"
"2106463421","2117942153","1.09167"
"2117942153","2106463421","1.09167"
"2106463421","2155903101","0.587776"
"2155903101","2106463421","0.587776"
"2106463421","2756075574","0.137777"
"2756075574","2106463421","0.137777"
"2106463421","41714111","0.469298"
"41714111","2106463421","0.469298"
"2106463421","71083564","0.166667"
"71083564","2106463421","0.166667"
"2107663819","2108563232","1.95501"
"2108563232","2107663819","1.95501"
"2107663819","2112022568","0.434524"
"2112022568","2107663819","0.434524"
"2107663819","2117942153","1.38452"
"2117942153","2107663819","1.38452"
"2107663819","2137596716","0.762155"
"2137596716","2107663819","0.762155"
"2107663819","2139336600","0.0942982"
"2139336600","2107663819","0.0942982"
"2107663819","2145341289","0.494298"
"2145341289","2107663819","0.494298"
"2107663819","2155903101","0.219298"
"2155903101","2107663819","0.219298"
"2107663819","2160271984","0.237155"
"2160271984","2107663819","0.237155"
"2107663819","2756075574","0.0942982"
"2756075574","2107663819","0.0942982"
"2107663819","41714111","0.166667"
"41714111","2107663819","0.166667"
"2107663819","5320521","0.0942982"
"5320521","2107663819","0.0942982"
"2107663819","71083564","0.0416667"
"71083564","2107663819","0.0416667"
"2108563232","2155903101","0.754443"
"2155903101","2108563232","0.754443"
"2108563232","2756075574","0.337777"
"2756075574","2108563232","0.337777"
"2108563232","41714111","0.552632"
"41714111","2108563232","0.552632"
"2108563232","71083564","0.166667"
"71083564","2108563232","0.166667"
"2112022568","2155903101","0.0851449"
"2155903101","2112022568","0.0851449"
"2112022568","2756075574","0.0851449"
"2756075574","2112022568","0.0851449"
"2112022568","41714111","0.0942982"
"41714111","2112022568","0.0942982"
"2112022568","71083564","0.0416667"
"71083564","2112022568","0.0416667"
"2117942153","2137596716","1.90952"
"2137596716","2117942153","1.90952"
"2117942153","2139336600","0.266667"
"2139336600","2117942153","0.266667"
"2117942153","2145341289","0.341667"
"2145341289","2117942153","0.341667"
"2117942153","2155903101","0.6"
"2155903101","2117942153","0.6"
"2117942153","2160271984","0.141667"
"2160271984","2117942153","0.141667"
"2117942153","2756075574","0.0416667"
"2756075574","2117942153","0.0416667"
"2117942153","41714111","0.0416667"
"41714111","2117942153","0.0416667"
"2117942153","5320521","0.141667"
"5320521","2117942153","0.141667"
"2117942153","71083564","0.666667"
"71083564","2117942153","0.666667"
"2137596716","2155903101","0.587776"
"2155903101","2137596716","0.587776"
"2137596716","2756075574","0.137777"
"2756075574","2137596716","0.137777"
"2137596716","41714111","0.469298"
"41714111","2137596716","0.469298"
"2137596716","71083564","0.541667"
"71083564","2137596716","0.541667"
"2139336600","2155903101","0.337777"
"2155903101","2139336600","0.337777"
"2139336600","2756075574","0.137777"
"2756075574","2139336600","0.137777"
"2139336600","41714111","0.0942982"
"41714111","2139336600","0.0942982"
"2139336600","71083564","0.166667"
"71083564","2139336600","0.166667"
"2145341289","2155903101","0.504443"
"2155903101","2145341289","0.504443"
"2145341289","2756075574","0.137777"
"2756075574","2145341289","0.137777"
"2145341289","41714111","0.0942982"
"41714111","2145341289","0.0942982"
"2145341289","71083564","0.0416667"
"71083564","2145341289","0.0416667"
"2155903101","2160271984","0.337777"
"2160271984","2155903101","0.337777"
"2155903101","2756075574","0.137777"
"2756075574","2155903101","0.137777"
"2155903101","41714111","0.166667"
"41714111","2155903101","0.166667"
"2155903101","5320521","1.43778"
"5320521","2155903101","1.43778"
"2155903101","71083564","0.291667"
"71083564","2155903101","0.291667"
"2160271984","2756075574","0.137777"
"2756075574","2160271984","0.137777"
"2160271984","41714111","0.0942982"
"41714111","2160271984","0.0942982"
"2160271984","71083564","0.0416667"
"71083564","2160271984","0.0416667"
"2756075574","41714111","0.104167"
"41714111","2756075574","0.104167"
"2756075574","5320521","0.337777"
"5320521","2756075574","0.337777"
"2756075574","71083564","0.184524"
"71083564","2756075574","0.184524"
"41714111","5320521","0.427632"
"5320521","41714111","0.427632"
"41714111","71083564","0.0416667"
"71083564","41714111","0.0416667"
"5320521","71083564","0.0416667"
"71083564","5320521","0.0416667"
"1514757139","2152074578","0.0526316"
"2152074578","1514757139","0.0526316"
"1525630739","2130541626","0.0526316"
"2130541626","1525630739","0.0526316"
"1525630739","2152074578","0.0526316"
"2152074578","1525630739","0.0526316"
"1525630739","2486137232","0.105263"
"2486137232","1525630739","0.105263"
"1525630739","2679684481","0.105263"
"2679684481","1525630739","0.105263"
"1539181550","2152074578","0.177632"
"2152074578","1539181550","0.177632"
"1996428067","2152074578","0.0526316"
"2152074578","1996428067","0.0526316"
"199752024","2152074578","0.0526316"
"2152074578","199752024","0.0526316"
"2002352982","2152074578","0.195489"
"2152074578","2002352982","0.195489"
"2080747411","2130541626","0.0526316"
"2130541626","2080747411","0.0526316"
"2080747411","2152074578","13.63"
"2152074578","2080747411","13.63"
"2080747411","2486137232","0.0526316"
"2486137232","2080747411","0.0526316"
"2080747411","2679684481","0.195489"
"2679684481","2080747411","0.195489"
"2106463421","2152074578","0.177632"
"2152074578","2106463421","0.177632"
"2108563232","2152074578","0.963346"
"2152074578","2108563232","0.963346"
"2112022568","2152074578","0.195489"
"2152074578","2112022568","0.195489"
"2130541626","2152074578","0.0526316"
"2152074578","2130541626","0.0526316"
"2130541626","41714111","0.0526316"
"41714111","2130541626","0.0526316"
"2137596716","2152074578","0.195489"
"2152074578","2137596716","0.195489"
"2139336600","2152074578","0.177632"
"2152074578","2139336600","0.177632"
"2145341289","2152074578","0.0526316"
"2152074578","2145341289","0.0526316"
"2152074578","2160271984","0.195489"
"2160271984","2152074578","0.195489"
"2152074578","2486137232","0.0526316"
"2486137232","2152074578","0.0526316"
"2152074578","2679684481","0.195489"
"2679684481","2152074578","0.195489"
"2152074578","41714111","0.0526316"
"41714111","2152074578","0.0526316"
"2152074578","5320521","0.0526316"
"5320521","2152074578","0.0526316"
"2486137232","41714111","0.115132"
"41714111","2486137232","0.115132"
"2679684481","41714111","0.427632"
"41714111","2679684481","0.427632"
"1514757139","2158037536","0.0434783"
"2158037536","1514757139","0.0434783"
"1514757139","2579030831","0.0434783"
"2579030831","1514757139","0.0434783"
"1557702318","1977493358","0.0434783"
"1977493358","1557702318","0.0434783"
"1557702318","2130541626","0.0434783"
"2130541626","1557702318","0.0434783"
"1557702318","2152131375","0.0434783"
"2152131375","1557702318","0.0434783"
"1557702318","2158037536","0.0434783"
"2158037536","1557702318","0.0434783"
"1557702318","2404533548","0.0434783"
"2404533548","1557702318","0.0434783"
"1557702318","2486137232","0.0434783"
"2486137232","1557702318","0.0434783"
"1557702318","2579030831","0.0434783"
"2579030831","1557702318","0.0434783"
"1557702318","2679684481","0.0434783"
"2679684481","1557702318","0.0434783"
"1977493358","2002352982","0.0434783"
"2002352982","1977493358","0.0434783"
"1977493358","2155903101","0.243478"
"2155903101","1977493358","0.243478"
"1977493358","2158037536","0.0434783"
"2158037536","1977493358","0.0434783"
"1977493358","2160271984","0.0434783"
"2160271984","1977493358","0.0434783"
"1977493358","2579030831","0.0434783"
"2579030831","1977493358","0.0434783"
"1977493358","2756075574","0.243478"
"2756075574","1977493358","0.243478"
"1996428067","2158037536","0.0434783"
"2158037536","1996428067","0.0434783"
"1996428067","2579030831","0.0434783"
"2579030831","1996428067","0.0434783"
"199752024","2158037536","0.0434783"
"2158037536","199752024","0.0434783"
"199752024","2579030831","0.0434783"
"2579030831","199752024","0.0434783"
"2002352982","2152131375","0.0961098"
"2152131375","2002352982","0.0961098"
"2002352982","2158037536","0.0434783"
"2158037536","2002352982","0.0434783"
"2002352982","2404533548","0.0434783"
"2404533548","2002352982","0.0434783"
"2002352982","2579030831","0.0434783"
"2579030831","2002352982","0.0434783"
"2093367651","2158037536","0.0434783"
"2158037536","2093367651","0.0434783"
"2093367651","2579030831","0.0434783"
"2579030831","2093367651","0.0434783"
"2106463421","2158037536","0.0434783"
"2158037536","2106463421","0.0434783"
"2106463421","2579030831","0.0434783"
"2579030831","2106463421","0.0434783"
"2108563232","2158037536","0.376812"
"2158037536","2108563232","0.376812"
"2108563232","2579030831","0.376812"
"2579030831","2108563232","0.376812"
"2112022568","2158037536","0.0434783"
"2158037536","2112022568","0.0434783"
"2112022568","2579030831","0.0434783"
"2579030831","2112022568","0.0434783"
"2130541626","2155903101","0.0434783"
"2155903101","2130541626","0.0434783"
"2130541626","2158037536","0.0434783"
"2158037536","2130541626","0.0434783"
"2130541626","2579030831","0.0434783"
"2579030831","2130541626","0.0434783"
"2130541626","2756075574","0.243478"
"2756075574","2130541626","0.243478"
"2137596716","2158037536","0.0434783"
"2158037536","2137596716","0.0434783"
"2137596716","2579030831","0.0434783"
"2579030831","2137596716","0.0434783"
"2139336600","2158037536","0.0434783"
"2158037536","2139336600","0.0434783"
"2139336600","2579030831","0.0434783"
"2579030831","2139336600","0.0434783"
"2145341289","2158037536","0.0434783"
"2158037536","2145341289","0.0434783"
"2145341289","2579030831","0.0434783"
"2579030831","2145341289","0.0434783"
"2152131375","2155903101","0.387776"
"2155903101","2152131375","0.387776"
"2152131375","2158037536","0.0434783"
"2158037536","2152131375","0.0434783"
"2152131375","2160271984","0.350078"
"2160271984","2152131375","0.350078"
"2152131375","2579030831","0.0434783"
"2579030831","2152131375","0.0434783"
"2152131375","2756075574","0.0961098"
"2756075574","2152131375","0.0961098"
"2155903101","2158037536","0.0434783"
"2158037536","2155903101","0.0434783"
"2155903101","2404533548","0.210145"
"2404533548","2155903101","0.210145"
"2155903101","2486137232","0.0961098"
"2486137232","2155903101","0.0961098"
"2155903101","2579030831","0.0434783"
"2579030831","2155903101","0.0434783"
"2155903101","2679684481","0.34611"
"2679684481","2155903101","0.34611"
"2158037536","2160271984","0.0434783"
"2160271984","2158037536","0.0434783"
"2158037536","2404533548","0.0434783"
"2404533548","2158037536","0.0434783"
"2158037536","2486137232","0.677407"
