"1483624827","2023188792","0.529762"
"2023188792","1483624827","0.529762"
"1483624827","2026439336","0.481685"
"2026439336","1483624827","0.481685"
"1483624827","2043257601","0.606685"
"2043257601","1483624827","0.606685"
"2023188792","2026439336","1.93698"
"2026439336","2023188792","1.93698"
"2023188792","2043257601","1.77286"
"2043257601","2023188792","1.77286"
"2026439336","2043257601","1.72493"
"2043257601","2026439336","1.72493"
"1483624827","169877547","1.07692"
"169877547","1483624827","1.07692"
"1483624827","2146987563","1"
"2146987563","1483624827","1"
"1483624827","1988036041","0.273352"
"1988036041","1483624827","0.273352"
"1483624827","2009607991","0.125"
"2009607991","1483624827","0.125"
"1483624827","2026893190","0.273352"
"2026893190","1483624827","0.273352"
"1483624827","2053448995","0.201923"
"2053448995","1483624827","0.201923"
"1483624827","2148213263","0.125"
"2148213263","1483624827","0.125"
"1483624827","2150662514","0.196429"
"2150662514","1483624827","0.196429"
"1988036041","2009607991","0.125"
"2009607991","1988036041","0.125"
"1988036041","2023188792","0.696429"
"2023188792","1988036041","0.696429"
"1988036041","2026893190","0.773352"
"2026893190","1988036041","0.773352"
"1988036041","2043257601","0.773352"
"2043257601","1988036041","0.773352"
"1988036041","2053448995","0.201923"
"2053448995","1988036041","0.201923"
"1988036041","2148213263","0.125"
"2148213263","1988036041","0.125"
"1988036041","2150662514","0.196429"
"2150662514","1988036041","0.196429"
"2009607991","2023188792","0.168478"
"2023188792","2009607991","0.168478"
"2009607991","2026893190","0.208333"
"2026893190","2009607991","0.208333"
"2009607991","2043257601","0.528735"
"2043257601","2009607991","0.528735"
"2009607991","2053448995","1.56207"
"2053448995","2009607991","1.56207"
"2009607991","2148213263","1.37873"
"2148213263","2009607991","1.37873"
"2009607991","2150662514","0.218478"
"2150662514","2009607991","0.218478"
"2023188792","2026893190","3.84077"
"2026893190","2023188792","3.84077"
"2023188792","2053448995","0.409766"
"2053448995","2023188792","0.409766"
"2023188792","2148213263","0.983497"
"2148213263","2023188792","0.983497"
"2023188792","2150662514","3.58008"
"2150662514","2023188792","3.58008"
"2026893190","2043257601","1.3756"
"2043257601","2026893190","1.3756"
"2026893190","2053448995","0.459878"
"2053448995","2026893190","0.459878"
"2026893190","2148213263","0.356685"
"2148213263","2026893190","0.356685"
"2026893190","2150662514","2.20327"
"2150662514","2026893190","2.20327"
"2043257601","2053448995","1.82149"
"2053448995","2043257601","1.82149"
"2043257601","2148213263","0.295401"
"2148213263","2043257601","0.295401"
"2043257601","2150662514","0.527028"
"2150662514","2043257601","0.527028"
"2053448995","2148213263","0.328735"
"2148213263","2053448995","0.328735"
"2053448995","2150662514","0.280599"
"2150662514","2053448995","0.280599"
"2148213263","2150662514","0.36683"
"2150662514","2148213263","0.36683"
"1483624827","1708482005","0.148352"
"1708482005","1483624827","0.148352"
"1483624827","186077783","0.148352"
"186077783","1483624827","0.148352"
"1483624827","2087051999","0.0769231"
"2087051999","1483624827","0.0769231"
"1483624827","2132542839","0.0769231"
"2132542839","1483624827","0.0769231"
"1483624827","2132577486","0.148352"
"2132577486","1483624827","0.148352"
"1483624827","2340394573","0.0769231"
"2340394573","1483624827","0.0769231"
"1483624827","96949676","0.148352"
"96949676","1483624827","0.148352"
"169877547","1708482005","0.0769231"
"1708482005","169877547","0.0769231"
"169877547","186077783","0.21978"
"186077783","169877547","0.21978"
"169877547","1988036041","0.0769231"
"1988036041","169877547","0.0769231"
"169877547","2026439336","0.271368"
"2026439336","169877547","0.271368"
"169877547","2026893190","0.0769231"
"2026893190","169877547","0.0769231"
"169877547","2043257601","0.0769231"
"2043257601","169877547","0.0769231"
"169877547","2053448995","0.160256"
"2053448995","169877547","0.160256"
"169877547","2087051999","3.16422"
"2087051999","169877547","3.16422"
"169877547","2132542839","0.0769231"
"2132542839","169877547","0.0769231"
"169877547","2132577486","0.0769231"
"2132577486","169877547","0.0769231"
"169877547","2340394573","2.16422"
"2340394573","169877547","2.16422"
"169877547","96949676","0.188034"
"96949676","169877547","0.188034"
"1708482005","186077783","1.19987"
"186077783","1708482005","1.19987"
"1708482005","1988036041","0.148352"
"1988036041","1708482005","0.148352"
"1708482005","2026439336","1.34987"
"2026439336","1708482005","1.34987"
"1708482005","2026893190","1.14987"
"2026893190","1708482005","1.14987"
"1708482005","2043257601","0.463483"
"2043257601","1708482005","0.463483"
"1708482005","2053448995","1.22276"
"2053448995","1708482005","1.22276"
"1708482005","2087051999","0.0769231"
"2087051999","1708482005","0.0769231"
"1708482005","2132542839","0.0769231"
"2132542839","1708482005","0.0769231"
"1708482005","2132577486","9.1832"
"2132577486","1708482005","9.1832"
"1708482005","2340394573","0.0769231"
"2340394573","1708482005","0.0769231"
"1708482005","96949676","0.788758"
"96949676","1708482005","0.788758"
"186077783","1988036041","0.148352"
"1988036041","186077783","0.148352"
"186077783","2026439336","1.46773"
"2026439336","186077783","1.46773"
"186077783","2026893190","2.6582"
"2026893190","186077783","2.6582"
"186077783","2043257601","1.11467"
"2043257601","186077783","1.11467"
"186077783","2053448995","0.28228"
"2053448995","186077783","0.28228"
"186077783","2087051999","0.0769231"
"2087051999","186077783","0.0769231"
"186077783","2132542839","0.0769231"
"2132542839","186077783","0.0769231"
"186077783","2132577486","1.34273"
"2132577486","186077783","1.34273"
"186077783","2340394573","0.0769231"
"2340394573","186077783","0.0769231"
"186077783","96949676","0.731615"
"96949676","186077783","0.731615"
"1988036041","2026439336","0.148352"
"2026439336","1988036041","0.148352"
"1988036041","2087051999","0.0769231"
"2087051999","1988036041","0.0769231"
"1988036041","2132542839","1.41026"
"2132542839","1988036041","1.41026"
"1988036041","2132577486","0.148352"
"2132577486","1988036041","0.148352"
"1988036041","2340394573","0.0769231"
"2340394573","1988036041","0.0769231"
"1988036041","96949676","0.148352"
"96949676","1988036041","0.148352"
"2026439336","2026893190","2.4832"
"2026893190","2026439336","2.4832"
"2026439336","2053448995","3.2592"
"2053448995","2026439336","3.2592"
"2026439336","2087051999","0.188034"
"2087051999","2026439336","0.188034"
"2026439336","2132542839","0.0769231"
"2132542839","2026439336","0.0769231"
"2026439336","2132577486","1.45106"
"2132577486","2026439336","1.45106"
"2026439336","2340394573","0.264957"
"2340394573","2026439336","0.264957"
"2026439336","96949676","1.40384"
"96949676","2026439336","1.40384"
"2026893190","2087051999","0.0769231"
"2087051999","2026893190","0.0769231"
"2026893190","2132542839","0.0769231"
"2132542839","2026893190","0.0769231"
"2026893190","2132577486","1.15366"
"2132577486","2026893190","1.15366"
"2026893190","2340394573","0.0769231"
"2340394573","2026893190","0.0769231"
"2026893190","96949676","0.838758"
"96949676","2026893190","0.838758"
"2043257601","2087051999","0.558608"
"2087051999","2043257601","0.558608"
"2043257601","2132542839","0.0769231"
"2132542839","2043257601","0.0769231"
"2043257601","2132577486","0.895273"
"2132577486","2043257601","0.895273"
"2043257601","2340394573","0.635531"
"2340394573","2043257601","0.635531"
"2043257601","96949676","1.23315"
"96949676","2043257601","1.23315"
"2053448995","2087051999","1.06618"
"2087051999","2053448995","1.06618"
"2053448995","2132542839","0.326923"
"2132542839","2053448995","0.326923"
"2053448995","2132577486","0.654546"
"2132577486","2053448995","0.654546"
"2053448995","2340394573","0.559774"
"2340394573","2053448995","0.559774"
"2053448995","96949676","0.525759"
"96949676","2053448995","0.525759"
"2087051999","2132542839","0.0769231"
"2132542839","2087051999","0.0769231"
"2087051999","2132577486","0.0769231"
"2132577486","2087051999","0.0769231"
"2087051999","2340394573","4.40349"
"2340394573","2087051999","4.40349"
"2087051999","96949676","0.188034"
"96949676","2087051999","0.188034"
"2132542839","2132577486","0.0769231"
"2132577486","2132542839","0.0769231"
"2132542839","2340394573","0.0769231"
"2340394573","2132542839","0.0769231"
"2132542839","96949676","0.0769231"
"96949676","2132542839","0.0769231"
"2132577486","2340394573","0.0769231"
"2340394573","2132577486","0.0769231"
"2132577486","96949676","1.67509"
"96949676","2132577486","1.67509"
"2340394573","96949676","0.188034"
"96949676","2340394573","0.188034"
"1483624827","1968518318","0.0714286"
"1968518318","1483624827","0.0714286"
"1483624827","2012214630","0.0714286"
"2012214630","1483624827","0.0714286"
"1483624827","2024100438","0.0714286"
"2024100438","1483624827","0.0714286"
"1483624827","2152646153","0.0714286"
"2152646153","1483624827","0.0714286"
"1708482005","1968518318","0.906279"
"1968518318","1708482005","0.906279"
"1708482005","2012214630","0.522946"
"2012214630","1708482005","0.522946"
"1708482005","2023188792","0.770314"
"2023188792","1708482005","0.770314"
"1708482005","2024100438","0.18656"
"2024100438","1708482005","0.18656"
"1708482005","2150662514","2.07924"
"2150662514","1708482005","2.07924"
"1708482005","2152646153","0.522946"
"2152646153","1708482005","0.522946"
"186077783","1968518318","1.74795"
"1968518318","186077783","1.74795"
"186077783","2012214630","0.522946"
"2012214630","186077783","0.522946"
"186077783","2023188792","1.44531"
"2023188792","186077783","1.44531"
"186077783","2024100438","0.31156"
"2024100438","186077783","0.31156"
"186077783","2150662514","1.109"
"2150662514","186077783","1.109"
"186077783","2152646153","0.522946"
"2152646153","186077783","0.522946"
"1968518318","1988036041","0.0714286"
"1988036041","1968518318","0.0714286"
"1968518318","2012214630","0.647946"
"2012214630","1968518318","0.647946"
"1968518318","2023188792","1.92591"
"2023188792","1968518318","1.92591"
"1968518318","2024100438","0.31156"
"2024100438","1968518318","0.31156"
"1968518318","2026439336","8.23406"
"2026439336","1968518318","8.23406"
"1968518318","2026893190","2.0184"
"2026893190","1968518318","2.0184"
"1968518318","2043257601","1.05049"
"2043257601","1968518318","1.05049"
"1968518318","2132577486","1.12021"
"2132577486","1968518318","1.12021"
"1968518318","2150662514","0.788414"
"2150662514","1968518318","0.788414"
"1968518318","2152646153","0.522946"
"2152646153","1968518318","0.522946"
"1968518318","96949676","1.16642"
"96949676","1968518318","1.16642"
"1988036041","2012214630","0.0714286"
"2012214630","1988036041","0.0714286"
"1988036041","2024100438","0.0714286"
"2024100438","1988036041","0.0714286"
"1988036041","2152646153","0.0714286"
"2152646153","1988036041","0.0714286"
"2012214630","2023188792","0.595314"
"2023188792","2012214630","0.595314"
"2012214630","2024100438","0.18656"
"2024100438","2012214630","0.18656"
"2012214630","2026439336","0.647946"
"2026439336","2012214630","0.647946"
"2012214630","2026893190","1.64795"
"2026893190","2012214630","1.64795"
"2012214630","2043257601","0.18656"
"2043257601","2012214630","0.18656"
"2012214630","2132577486","0.647946"
"2132577486","2012214630","0.647946"
"2012214630","2150662514","0.407814"
"2150662514","2012214630","0.407814"
"2012214630","2152646153","0.856279"
"2152646153","2012214630","0.856279"
"2012214630","96949676","0.411835"
"96949676","2012214630","0.411835"
"2023188792","2024100438","0.258929"
"2024100438","2023188792","0.258929"
"2023188792","2132577486","0.984247"
"2132577486","2023188792","0.984247"
"2023188792","2152646153","0.470314"
"2152646153","2023188792","0.470314"
"2023188792","96949676","0.947126"
"96949676","2023188792","0.947126"
"2024100438","2026439336","0.31156"
"2026439336","2024100438","0.31156"
"2024100438","2026893190","0.31156"
"2026893190","2024100438","0.31156"
"2024100438","2043257601","0.31156"
"2043257601","2024100438","0.31156"
"2024100438","2132577486","0.18656"
"2132577486","2024100438","0.18656"
"2024100438","2150662514","0.196429"
"2150662514","2024100438","0.196429"
"2024100438","2152646153","0.18656"
"2152646153","2024100438","0.18656"
"2024100438","96949676","0.18656"
"96949676","2024100438","0.18656"
"2026439336","2150662514","0.966148"
"2150662514","2026439336","0.966148"
"2026439336","2152646153","0.522946"
"2152646153","2026439336","0.522946"
"2026893190","2152646153","0.522946"
"2152646153","2026893190","0.522946"
"2043257601","2152646153","0.18656"
"2152646153","2043257601","0.18656"
"2132577486","2150662514","1.09675"
"2150662514","2132577486","1.09675"
"2132577486","2152646153","1.52295"
"2152646153","2132577486","1.52295"
"2150662514","2152646153","0.407814"
"2152646153","2150662514","0.407814"
"2150662514","96949676","0.490182"
"96949676","2150662514","0.490182"
"2152646153","96949676","0.411835"
"96949676","2152646153","0.411835"
"1494468215","1970461679","1.46726"
"1970461679","1494468215","1.46726"
"1494468215","2007810306","2.71726"
"2007810306","1494468215","2.71726"
"1494468215","2114566577","1.02462"
"2114566577","1494468215","1.02462"
"1494468215","2118146863","1.17641"
"2118146863","1494468215","1.17641"
"1494468215","2148213263","2.04129"
"2148213263","1494468215","2.04129"
"1494468215","2148473175","0.541288"
"2148473175","1494468215","0.541288"
"1970461679","2007810306","15.9885"
"2007810306","1970461679","15.9885"
"1970461679","2114566577","0.779167"
"2114566577","1970461679","0.779167"
"1970461679","2118146863","0.238095"
"2118146863","1970461679","0.238095"
"1970461679","2148213263","1.48931"
"2148213263","1970461679","1.48931"
"1970461679","2148473175","0.645833"
"2148473175","1970461679","0.645833"
"2007810306","2114566577","1.5625"
"2114566577","2007810306","1.5625"
"2007810306","2118146863","1.82143"
"2118146863","2007810306","1.82143"
"2007810306","2148213263","2.53931"
"2148213263","2007810306","2.53931"
"2007810306","2148473175","0.9125"
"2148473175","2007810306","0.9125"
"2114566577","2118146863","1.29545"
"2118146863","2114566577","1.29545"
"2114566577","2148213263","0.757955"
"2148213263","2114566577","0.757955"
"2114566577","2148473175","0.735732"
"2148473175","2114566577","0.735732"
"2118146863","2148213263","1.39545"
"2148213263","2118146863","1.39545"
"2118146863","2148473175","0.312121"
"2148473175","2118146863","0.312121"
"2148213263","2148473175","0.707955"
"2148473175","2148213263","0.707955"
"1494468215","1997214779","0.166667"
"1997214779","1494468215","0.166667"
"1494468215","2740342782","0.166667"
"2740342782","1494468215","0.166667"
"1970461679","1997214779","0.210145"
"1997214779","1970461679","0.210145"
"1970461679","2740342782","0.166667"
"2740342782","1970461679","0.166667"
"1997214779","2007810306","0.210145"
"2007810306","1997214779","0.210145"
"1997214779","2148213263","0.210145"
"2148213263","1997214779","0.210145"
"1997214779","2148473175","0.166667"
"2148473175","1997214779","0.166667"
"1997214779","2740342782","0.553409"
"2740342782","1997214779","0.553409"
"2007810306","2740342782","0.166667"
"2740342782","2007810306","0.166667"
"2148213263","2740342782","0.166667"
"2740342782","2148213263","0.166667"
"2148473175","2740342782","0.166667"
"2740342782","2148473175","0.166667"
"1494468215","1708482005","0.0714286"
"1708482005","1494468215","0.0714286"
"1494468215","1988144039","0.0714286"
"1988144039","1494468215","0.0714286"
"1494468215","2012652795","0.116883"
"2012652795","1494468215","0.116883"
"1494468215","2035370633","0.0714286"
"2035370633","1494468215","0.0714286"
"1494468215","2109706235","0.276786"
"2109706235","1494468215","0.276786"
"1494468215","2114374682","0.88355"
"2114374682","1494468215","0.88355"
"1494468215","2133777313","0.0714286"
"2133777313","1494468215","0.0714286"
"1494468215","2150662514","0.214286"
"2150662514","1494468215","0.214286"
"1494468215","2307814545","0.0714286"
"2307814545","1494468215","0.0714286"
"1494468215","58594626","0.60974"
"58594626","1494468215","0.60974"
"1494468215","968552848","0.0714286"
"968552848","1494468215","0.0714286"
"1708482005","1970461679","0.0714286"
"1970461679","1708482005","0.0714286"
"1708482005","1988144039","0.0714286"
"1988144039","1708482005","0.0714286"
"1708482005","2007810306","0.0714286"
"2007810306","1708482005","0.0714286"
"1708482005","2012652795","0.516002"
"2012652795","1708482005","0.516002"
"1708482005","2035370633","0.0714286"
"2035370633","1708482005","0.0714286"
"1708482005","2109706235","0.0714286"
"2109706235","1708482005","0.0714286"
"1708482005","2114374682","0.0714286"
"2114374682","1708482005","0.0714286"
"1708482005","2118146863","0.0714286"
"2118146863","1708482005","0.0714286"
"1708482005","2133777313","0.200983"
"2133777313","1708482005","0.200983"
"1708482005","2307814545","0.0714286"
"2307814545","1708482005","0.0714286"
"1708482005","58594626","0.0714286"
"58594626","1708482005","0.0714286"
"1708482005","968552848","0.0714286"
"968552848","1708482005","0.0714286"
"1970461679","1988144039","0.0714286"
"1988144039","1970461679","0.0714286"
"1970461679","2012652795","0.114907"
"2012652795","1970461679","0.114907"
"1970461679","2035370633","0.114907"
"2035370633","1970461679","0.114907"
"1970461679","2109706235","0.383929"
"2109706235","1970461679","0.383929"
"1970461679","2114374682","1.14268"
"2114374682","1970461679","1.14268"
"1970461679","2133777313","0.0714286"
"2133777313","1970461679","0.0714286"
"1970461679","2150662514","0.164907"
"2150662514","1970461679","0.164907"
"1970461679","2307814545","0.114907"
"2307814545","1970461679","0.114907"
"1970461679","58594626","0.788095"
"58594626","1970461679","0.788095"
"1970461679","968552848","0.0714286"
"968552848","1970461679","0.0714286"
"1988144039","2007810306","0.0714286"
"2007810306","1988144039","0.0714286"
"1988144039","2012652795","0.0714286"
"2012652795","1988144039","0.0714286"
"1988144039","2035370633","1.82143"
"2035370633","1988144039","1.82143"
"1988144039","2109706235","0.0714286"
"2109706235","1988144039","0.0714286"
"1988144039","2114374682","0.0714286"
"2114374682","1988144039","0.0714286"
"1988144039","2118146863","0.0714286"
"2118146863","1988144039","0.0714286"
"1988144039","2133777313","3.06502"
"2133777313","1988144039","3.06502"
"1988144039","2150662514","0.0714286"
"2150662514","1988144039","0.0714286"
"1988144039","2307814545","0.0714286"
"2307814545","1988144039","0.0714286"
"1988144039","58594626","0.0714286"
"58594626","1988144039","0.0714286"
"1988144039","968552848","0.0714286"
"968552848","1988144039","0.0714286"
"2007810306","2012652795","0.281574"
"2012652795","2007810306","0.281574"
"2007810306","2035370633","0.281574"
"2035370633","2007810306","0.281574"
"2007810306","2109706235","0.333929"
"2109706235","2007810306","0.333929"
"2007810306","2114374682","0.992685"
"2114374682","2007810306","0.992685"
"2007810306","2133777313","0.0714286"
"2133777313","2007810306","0.0714286"
"2007810306","2150662514","0.114907"
"2150662514","2007810306","0.114907"
"2007810306","2307814545","0.114907"
"2307814545","2007810306","0.114907"
"2007810306","58594626","0.921429"
"58594626","2007810306","0.921429"
"2007810306","968552848","0.0714286"
"968552848","2007810306","0.0714286"
"2012652795","2035370633","0.327028"
"2035370633","2012652795","0.327028"
"2012652795","2109706235","0.0714286"
"2109706235","2012652795","0.0714286"
"2012652795","2114374682","0.260361"
"2114374682","2012652795","0.260361"
"2012652795","2118146863","0.116883"
"2118146863","2012652795","0.116883"
"2012652795","2133777313","0.272412"
"2133777313","2012652795","0.272412"
"2012652795","2150662514","0.452303"
"2150662514","2012652795","0.452303"
"2012652795","2307814545","1.11491"
"2307814545","2012652795","1.11491"
"2012652795","58594626","0.595671"
"58594626","2012652795","0.595671"
"2012652795","968552848","0.0714286"
"968552848","2012652795","0.0714286"
"2035370633","2109706235","0.0714286"
"2109706235","2035370633","0.0714286"
"2035370633","2114374682","0.114907"
"2114374682","2035370633","0.114907"
"2035370633","2118146863","0.0714286"
"2118146863","2035370633","0.0714286"
"2035370633","2133777313","7.9881"
"2133777313","2035370633","7.9881"
"2035370633","2150662514","0.160361"
"2150662514","2035370633","0.160361"
"2035370633","2307814545","0.114907"
"2307814545","2035370633","0.114907"
"2035370633","58594626","0.116883"
"58594626","2035370633","0.116883"
"2035370633","968552848","0.0714286"
"968552848","2035370633","0.0714286"
"2109706235","2114374682","0.955952"
"2114374682","2109706235","0.955952"
"2109706235","2118146863","0.214286"
"2118146863","2109706235","0.214286"
"2109706235","2133777313","0.0714286"
"2133777313","2109706235","0.0714286"
"2109706235","2150662514","0.264286"
"2150662514","2109706235","0.264286"
"2109706235","2307814545","0.138095"
"2307814545","2109706235","0.138095"
"2109706235","58594626","0.264286"
"58594626","2109706235","0.264286"
"2109706235","968552848","0.396429"
"968552848","2109706235","0.396429"
"2114374682","2118146863","0.516883"
"2118146863","2114374682","0.516883"
"2114374682","2133777313","0.0714286"
"2133777313","2114374682","0.0714286"
"2114374682","2150662514","0.164907"
"2150662514","2114374682","0.164907"
"2114374682","2307814545","0.114907"
"2307814545","2114374682","0.114907"
"2114374682","58594626","0.33355"
"58594626","2114374682","0.33355"
"2114374682","968552848","0.196429"
"968552848","2114374682","0.196429"
"2118146863","2133777313","0.0714286"
"2133777313","2118146863","0.0714286"
"2118146863","2150662514","0.214286"
"2150662514","2118146863","0.214286"
"2118146863","2307814545","0.0714286"
"2307814545","2118146863","0.0714286"
"2118146863","58594626","0.752597"
"58594626","2118146863","0.752597"
"2118146863","968552848","0.0714286"
"968552848","2118146863","0.0714286"
"2133777313","2150662514","0.148352"
"2150662514","2133777313","0.148352"
"2133777313","2307814545","0.0714286"
"2307814545","2133777313","0.0714286"
"2133777313","58594626","0.0714286"
"58594626","2133777313","0.0714286"
"2133777313","968552848","0.0714286"
"968552848","2133777313","0.0714286"
"2150662514","2307814545","0.114907"
"2307814545","2150662514","0.114907"
"2150662514","58594626","1.04307"
"58594626","2150662514","1.04307"
"2150662514","968552848","0.0714286"
"968552848","2150662514","0.0714286"
"2307814545","58594626","0.0714286"
"58594626","2307814545","0.0714286"
"2307814545","968552848","0.0714286"
"968552848","2307814545","0.0714286"
"58594626","968552848","0.0714286"
"968552848","58594626","0.0714286"
"1494468215","169877547","0.142857"
"169877547","1494468215","0.142857"
"1494468215","186077783","0.142857"
"186077783","1494468215","0.142857"
"1494468215","2122437698","0.142857"
"2122437698","1494468215","0.142857"
"169877547","2109706235","0.142857"
"2109706235","169877547","0.142857"
"169877547","2118146863","0.142857"
"2118146863","169877547","0.142857"
"169877547","2122437698","0.142857"
"2122437698","169877547","0.142857"
"169877547","2150662514","0.142857"
"2150662514","169877547","0.142857"
"169877547","58594626","0.642857"
"58594626","169877547","0.642857"
"186077783","2109706235","0.142857"
"2109706235","186077783","0.142857"
"186077783","2118146863","0.142857"
"2118146863","186077783","0.142857"
"186077783","2122437698","0.142857"
"2122437698","186077783","0.142857"
"186077783","58594626","0.47619"
"58594626","186077783","0.47619"
"2109706235","2122437698","0.142857"
"2122437698","2109706235","0.142857"
"2118146863","2122437698","0.142857"
"2122437698","2118146863","0.142857"
"2122437698","2150662514","0.142857"
"2150662514","2122437698","0.142857"
"2122437698","58594626","0.142857"
"58594626","2122437698","0.142857"
"1494468215","1586274592","1.67462"
"1586274592","1494468215","1.67462"
"1586274592","2007810306","0.783756"
"2007810306","1586274592","0.783756"
"1586274592","2114374682","5.19568"
"2114374682","1586274592","5.19568"
"1586274592","2114566577","0.619066"
"2114566577","1586274592","0.619066"
"1586274592","2118146863","0.945455"
"2118146863","1586274592","0.945455"
"2114374682","2114566577","0.856566"
"2114566577","2114374682","0.856566"
"1494468215","1821283806","0.145455"
"1821283806","1494468215","0.145455"
"1494468215","1997632490","0.0454545"
"1997632490","1494468215","0.0454545"
"1494468215","2056214029","0.707955"
"2056214029","1494468215","0.707955"
"1494468215","2072852944","0.0454545"
"2072852944","1494468215","0.0454545"
"1494468215","2077501222","0.0454545"
"2077501222","1494468215","0.0454545"
"1494468215","2077916364","0.0454545"
"2077916364","1494468215","0.0454545"
"1494468215","2085912806","0.0454545"
"2085912806","1494468215","0.0454545"
"1494468215","2088589638","0.145455"
"2088589638","1494468215","0.145455"
"1494468215","2109993347","0.0454545"
"2109993347","1494468215","0.0454545"
"1494468215","2123573303","0.145455"
"2123573303","1494468215","0.145455"
"1494468215","2139739078","0.0454545"
"2139739078","1494468215","0.0454545"
"1494468215","2294880871","0.0454545"
"2294880871","1494468215","0.0454545"
"1494468215","24701829","0.274621"
"24701829","1494468215","0.274621"
"1494468215","296548042","0.0454545"
"296548042","1494468215","0.0454545"
"1586274592","1821283806","0.733766"
"1821283806","1586274592","0.733766"
"1586274592","1997632490","0.0454545"
"1997632490","1586274592","0.0454545"
"1586274592","2012652795","0.301054"
"2012652795","1586274592","0.301054"
"1586274592","2056214029","1.29429"
"2056214029","1586274592","1.29429"
"1586274592","2072852944","0.0454545"
"2072852944","1586274592","0.0454545"
"1586274592","2077501222","0.157576"
"2077501222","1586274592","0.157576"
"1586274592","2077916364","0.156566"
"2077916364","1586274592","0.156566"
"1586274592","2085912806","0.190909"
"2085912806","1586274592","0.190909"
"1586274592","2088589638","0.188312"
"2088589638","1586274592","0.188312"
"1586274592","2109993347","0.0454545"
"2109993347","1586274592","0.0454545"
"1586274592","2123573303","0.0454545"
"2123573303","1586274592","0.0454545"
"1586274592","2139739078","0.190909"
"2139739078","1586274592","0.190909"
"1586274592","2148213263","1.79429"
"2148213263","1586274592","1.79429"
"1586274592","2148473175","0.219066"
"2148473175","1586274592","0.219066"
"1586274592","2294880871","0.633766"
"2294880871","1586274592","0.633766"
"1586274592","24701829","2.92978"
"24701829","1586274592","2.92978"
"1586274592","296548042","0.35661"
"296548042","1586274592","0.35661"
"1586274592","58594626","0.324242"
"58594626","1586274592","0.324242"
"1821283806","1997632490","0.112121"
"1997632490","1821283806","0.112121"
"1821283806","2012652795","0.0909091"
"2012652795","1821283806","0.0909091"
"1821283806","2056214029","0.312121"
"2056214029","1821283806","0.312121"
"1821283806","2072852944","1.26523"
"2072852944","1821283806","1.26523"
"1821283806","2077501222","0.424242"
"2077501222","1821283806","0.424242"
"1821283806","2077916364","0.0454545"
"2077916364","1821283806","0.0454545"
"1821283806","2085912806","0.0909091"
"2085912806","1821283806","0.0909091"
"1821283806","2088589638","0.538312"
"2088589638","1821283806","0.538312"
"1821283806","2109993347","0.0454545"
"2109993347","1821283806","0.0454545"
"1821283806","2114374682","0.0454545"
"2114374682","1821283806","0.0454545"
"1821283806","2114566577","0.145455"
"2114566577","1821283806","0.145455"
"1821283806","2118146863","0.895455"
"2118146863","1821283806","0.895455"
"1821283806","2123573303","0.145455"
"2123573303","1821283806","0.145455"
"1821283806","2139739078","0.0909091"
"2139739078","1821283806","0.0909091"
"1821283806","2148213263","2.94857"
"2148213263","1821283806","2.94857"
"1821283806","2148473175","0.145455"
"2148473175","1821283806","0.145455"
"1821283806","2294880871","0.5671"
"2294880871","1821283806","0.5671"
"1821283806","24701829","1.23117"
"24701829","1821283806","1.23117"
"1821283806","296548042","0.234499"
"296548042","1821283806","0.234499"
"1821283806","58594626","0.524242"
"58594626","1821283806","0.524242"
"1997632490","2012652795","0.0454545"
"2012652795","1997632490","0.0454545"
"1997632490","2056214029","0.0454545"
"2056214029","1997632490","0.0454545"
"1997632490","2072852944","0.0454545"
"2072852944","1997632490","0.0454545"
"1997632490","2077501222","2.04545"
"2077501222","1997632490","2.04545"
"1997632490","2077916364","0.0454545"
"2077916364","1997632490","0.0454545"
"1997632490","2085912806","0.0454545"
"2085912806","1997632490","0.0454545"
"1997632490","2088589638","0.0454545"
"2088589638","1997632490","0.0454545"
"1997632490","2109993347","0.0454545"
"2109993347","1997632490","0.0454545"
"1997632490","2114374682","0.0454545"
"2114374682","1997632490","0.0454545"
"1997632490","2114566577","0.0454545"
"2114566577","1997632490","0.0454545"
"1997632490","2118146863","0.0454545"
"2118146863","1997632490","0.0454545"
"1997632490","2123573303","0.0454545"
"2123573303","1997632490","0.0454545"
"1997632490","2139739078","0.0454545"
"2139739078","1997632490","0.0454545"
"1997632490","2148213263","0.0454545"
"2148213263","1997632490","0.0454545"
"1997632490","2148473175","0.0454545"
"2148473175","1997632490","0.0454545"
"1997632490","2294880871","1.04545"
"2294880871","1997632490","1.04545"
"1997632490","24701829","0.112121"
"24701829","1997632490","0.112121"
"1997632490","296548042","0.178788"
"296548042","1997632490","0.178788"
"1997632490","58594626","0.0454545"
"58594626","1997632490","0.0454545"
"2012652795","2056214029","0.0889328"
"2056214029","2012652795","0.0889328"
"2012652795","2072852944","2.66212"
"2072852944","2012652795","2.66212"
"2012652795","2077501222","2.64567"
"2077501222","2012652795","2.64567"
"2012652795","2077916364","0.0454545"
"2077916364","2012652795","0.0454545"
"2012652795","2085912806","1.95678"
"2085912806","2012652795","1.95678"
"2012652795","2088589638","0.0454545"
"2088589638","2012652795","0.0454545"
"2012652795","2109993347","0.445455"
"2109993347","2012652795","0.445455"
"2012652795","2114566577","0.0454545"
"2114566577","2012652795","0.0454545"
"2012652795","2123573303","0.0454545"
"2123573303","2012652795","0.0454545"
"2012652795","2139739078","2.90678"
"2139739078","2012652795","2.90678"
"2012652795","2148213263","0.403951"
"2148213263","2012652795","0.403951"
"2012652795","2148473175","0.212121"
"2148473175","2012652795","0.212121"
"2012652795","2294880871","0.357576"
"2294880871","2012652795","0.357576"
"2012652795","24701829","0.236181"
"24701829","2012652795","0.236181"
"2012652795","296548042","1.19178"
"296548042","2012652795","1.19178"
"2056214029","2072852944","0.178788"
"2072852944","2056214029","0.178788"
"2056214029","2077501222","0.0954545"
"2077501222","2056214029","0.0954545"
"2056214029","2077916364","0.0454545"
"2077916364","2056214029","0.0454545"
"2056214029","2085912806","0.0454545"
"2085912806","2056214029","0.0454545"
"2056214029","2088589638","0.145455"
"2088589638","2056214029","0.145455"
"2056214029","2109993347","0.0454545"
"2109993347","2056214029","0.0454545"
"2056214029","2114374682","0.865123"
"2114374682","2056214029","0.865123"
"2056214029","2114566577","0.257955"
"2114566577","2056214029","0.257955"
"2056214029","2118146863","0.145455"
"2118146863","2056214029","0.145455"
"2056214029","2123573303","0.145455"
"2123573303","2056214029","0.145455"
"2056214029","2139739078","0.0454545"
"2139739078","2056214029","0.0454545"
"2056214029","2148213263","0.634766"
"2148213263","2056214029","0.634766"
"2056214029","2148473175","0.207955"
"2148473175","2056214029","0.207955"
"2056214029","2294880871","0.0954545"
"2294880871","2056214029","0.0954545"
"2056214029","24701829","0.500812"
"24701829","2056214029","0.500812"
"2056214029","296548042","0.138933"
"296548042","2056214029","0.138933"
"2056214029","58594626","0.362121"
"58594626","2056214029","0.362121"
"2072852944","2077501222","1.71212"
"2077501222","2072852944","1.71212"
"2072852944","2077916364","0.0454545"
"2077916364","2072852944","0.0454545"
"2072852944","2085912806","0.662121"
"2085912806","2072852944","0.662121"
"2072852944","2088589638","0.0454545"
"2088589638","2072852944","0.0454545"
"2072852944","2109993347","0.0454545"
"2109993347","2072852944","0.0454545"
"2072852944","2114374682","0.0954545"
"2114374682","2072852944","0.0954545"
"2072852944","2114566577","0.0954545"
"2114566577","2072852944","0.0954545"
"2072852944","2118146863","0.0454545"
"2118146863","2072852944","0.0454545"
"2072852944","2123573303","0.0454545"
"2123573303","2072852944","0.0454545"
"2072852944","2139739078","1.16212"
"2139739078","2072852944","1.16212"
"2072852944","2148213263","0.178788"
"2148213263","2072852944","0.178788"
"2072852944","2148473175","0.0454545"
"2148473175","2072852944","0.0454545"
"2072852944","2294880871","0.0954545"
"2294880871","2072852944","0.0954545"
"2072852944","24701829","0.188312"
"24701829","2072852944","0.188312"
"2072852944","296548042","0.539044"
"296548042","2072852944","0.539044"
"2072852944","58594626","0.595455"
"58594626","2072852944","0.595455"
"2077501222","2077916364","0.0454545"
"2077916364","2077501222","0.0454545"
"2077501222","2085912806","1.71234"
"2085912806","2077501222","1.71234"
"2077501222","2088589638","0.0454545"
"2088589638","2077501222","0.0454545"
"2077501222","2109993347","0.778788"
"2109993347","2077501222","0.778788"
"2077501222","2114374682","0.0954545"
"2114374682","2077501222","0.0954545"
"2077501222","2114566577","0.0954545"
"2114566577","2077501222","0.0954545"
"2077501222","2118146863","0.188312"
"2118146863","2077501222","0.188312"
"2077501222","2123573303","0.0454545"
"2123573303","2077501222","0.0454545"
"2077501222","2139739078","4.329"
"2139739078","2077501222","4.329"
"2077501222","2148213263","0.428788"
"2148213263","2077501222","0.428788"
"2077501222","2148473175","0.0454545"
"2148473175","2077501222","0.0454545"
"2077501222","2294880871","4.40758"
"2294880871","2077501222","4.40758"
"2077501222","24701829","0.112121"
"24701829","2077501222","0.112121"
"2077501222","296548042","0.979004"
"296548042","2077501222","0.979004"
"2077501222","58594626","5.05043"
"58594626","2077501222","5.05043"
"2077916364","2085912806","0.0454545"
"2085912806","2077916364","0.0454545"
"2077916364","2088589638","0.0454545"
"2088589638","2077916364","0.0454545"
"2077916364","2109993347","0.0454545"
"2109993347","2077916364","0.0454545"
"2077916364","2114374682","0.156566"
"2114374682","2077916364","0.156566"
"2077916364","2114566577","0.156566"
"2114566577","2077916364","0.156566"
"2077916364","2118146863","0.0454545"
"2118146863","2077916364","0.0454545"
"2077916364","2123573303","0.0454545"
"2123573303","2077916364","0.0454545"
"2077916364","2139739078","0.0454545"
"2139739078","2077916364","0.0454545"
"2077916364","2148213263","0.0454545"
"2148213263","2077916364","0.0454545"
"2077916364","2148473175","0.156566"
"2148473175","2077916364","0.156566"
"2077916364","2294880871","0.0454545"
"2294880871","2077916364","0.0454545"
"2077916364","24701829","0.156566"
"24701829","2077916364","0.156566"
"2077916364","296548042","4.10657"
"296548042","2077916364","4.10657"
"2077916364","58594626","0.0454545"
"58594626","2077916364","0.0454545"
"2085912806","2088589638","0.0454545"
"2088589638","2085912806","0.0454545"
"2085912806","2109993347","2.82879"
"2109993347","2085912806","2.82879"
"2085912806","2114374682","0.145455"
"2114374682","2085912806","0.145455"
"2085912806","2114566577","0.0454545"
"2114566577","2085912806","0.0454545"
"2085912806","2118146863","0.0454545"
"2118146863","2085912806","0.0454545"
"2085912806","2123573303","0.0454545"
"2123573303","2085912806","0.0454545"
"2085912806","2139739078","1.70678"
"2139739078","2085912806","1.70678"
"2085912806","2148213263","0.0454545"
"2148213263","2085912806","0.0454545"
"2085912806","2148473175","0.0454545"
"2148473175","2085912806","0.0454545"
"2085912806","2294880871","0.540909"
"2294880871","2085912806","0.540909"
"2085912806","24701829","0.0454545"
"24701829","2085912806","0.0454545"
"2085912806","296548042","0.979004"
"296548042","2085912806","0.979004"
"2085912806","58594626","0.257576"
"58594626","2085912806","0.257576"
"2088589638","2109993347","0.0454545"
"2109993347","2088589638","0.0454545"
"2088589638","2114374682","0.0454545"
"2114374682","2088589638","0.0454545"
"2088589638","2114566577","0.145455"
"2114566577","2088589638","0.145455"
"2088589638","2118146863","0.395455"
"2118146863","2088589638","0.395455"
"2088589638","2123573303","0.145455"
"2123573303","2088589638","0.145455"
"2088589638","2139739078","0.0454545"
"2139739078","2088589638","0.0454545"
"2088589638","2148213263","0.538312"
"2148213263","2088589638","0.538312"
"2088589638","2148473175","0.145455"
"2148473175","2088589638","0.145455"
"2088589638","2294880871","0.188312"
"2294880871","2088589638","0.188312"
"2088589638","24701829","0.188312"
"24701829","2088589638","0.188312"
"2088589638","296548042","0.0454545"
"296548042","2088589638","0.0454545"
"2088589638","58594626","0.145455"
"58594626","2088589638","0.145455"
"2109993347","2114374682","0.0454545"
"2114374682","2109993347","0.0454545"
"2109993347","2114566577","0.0454545"
"2114566577","2109993347","0.0454545"
"2109993347","2118146863","0.0454545"
"2118146863","2109993347","0.0454545"
"2109993347","2123573303","0.0454545"
"2123573303","2109993347","0.0454545"
"2109993347","2139739078","0.445455"
"2139739078","2109993347","0.445455"
"2109993347","2148213263","0.0454545"
"2148213263","2109993347","0.0454545"
"2109993347","2148473175","0.0454545"
"2148473175","2109993347","0.0454545"
"2109993347","2294880871","0.295455"
"2294880871","2109993347","0.295455"
"2109993347","24701829","0.0454545"
"24701829","2109993347","0.0454545"
"2109993347","296548042","1.69545"
"296548042","2109993347","1.69545"
"2109993347","58594626","1.24545"
"58594626","2109993347","1.24545"
"2114374682","2123573303","0.0454545"
"2123573303","2114374682","0.0454545"
"2114374682","2139739078","0.145455"
"2139739078","2114374682","0.145455"
"2114374682","2148213263","0.388933"
"2148213263","2114374682","0.388933"
"2114374682","2148473175","0.156566"
"2148473175","2114374682","0.156566"
"2114374682","2294880871","0.0954545"
"2294880871","2114374682","0.0954545"
"2114374682","24701829","1.57442"
"24701829","2114374682","1.57442"
"2114374682","296548042","0.361155"
"296548042","2114374682","0.361155"
"2114566577","2123573303","0.395455"
"2123573303","2114566577","0.395455"
"2114566577","2139739078","0.0454545"
"2139739078","2114566577","0.0454545"
"2114566577","2294880871","0.0954545"
"2294880871","2114566577","0.0954545"
"2114566577","24701829","0.219066"
"24701829","2114566577","0.219066"
"2114566577","296548042","0.206566"
"296548042","2114566577","0.206566"
"2114566577","58594626","0.445455"
"58594626","2114566577","0.445455"
"2118146863","2123573303","0.145455"
"2123573303","2118146863","0.145455"
"2118146863","2139739078","0.0454545"
"2139739078","2118146863","0.0454545"
"2118146863","2294880871","0.0454545"
"2294880871","2118146863","0.0454545"
"2118146863","24701829","0.0454545"
"24701829","2118146863","0.0454545"
"2118146863","296548042","0.0454545"
"296548042","2118146863","0.0454545"
"2123573303","2139739078","0.0454545"
"2139739078","2123573303","0.0454545"
"2123573303","2148213263","0.145455"
"2148213263","2123573303","0.145455"
"2123573303","2148473175","0.395455"
"2148473175","2123573303","0.395455"
"2123573303","2294880871","0.0454545"
"2294880871","2123573303","0.0454545"
"2123573303","24701829","0.0454545"
"24701829","2123573303","0.0454545"
"2123573303","296548042","0.0454545"
"296548042","2123573303","0.0454545"
"2123573303","58594626","0.145455"
"58594626","2123573303","0.145455"
"2139739078","2148213263","0.0454545"
"2148213263","2139739078","0.0454545"
"2139739078","2148473175","0.0454545"
"2148473175","2139739078","0.0454545"
"2139739078","2294880871","0.290909"
"2294880871","2139739078","0.290909"
"2139739078","24701829","0.0454545"
"24701829","2139739078","0.0454545"
"2139739078","296548042","0.929004"
"296548042","2139739078","0.929004"
"2139739078","58594626","0.957576"
"58594626","2139739078","0.957576"
