"113947185","2121720883","1.5"
"2121720883","113947185","1.5"
"113947185","2294598291","0.5"
"2294598291","113947185","0.5"
"2121720883","2294598291","0.5"
"2294598291","2121720883","0.5"
"113947185","1978509522","4.5"
"1978509522","113947185","4.5"
"113947185","2270438969","1"
"2270438969","113947185","1"
"113947185","2120359376","1"
"2120359376","113947185","1"
"113947185","1533634757","1"
"1533634757","113947185","1"
"113947185","2118463418","1"
"2118463418","113947185","1"
"113947185","2157855380","0.5"
"2157855380","113947185","0.5"
"1978509522","2157855380","0.5"
"2157855380","1978509522","0.5"
"125046591","2006542531","1.41667"
"2006542531","125046591","1.41667"
"125046591","2012263865","1.75"
"2012263865","125046591","1.75"
"125046591","2124071631","0.666667"
"2124071631","125046591","0.666667"
"2006542531","2012263865","10.4167"
"2012263865","2006542531","10.4167"
"2006542531","2124071631","0.333333"
"2124071631","2006542531","0.333333"
"2012263865","2124071631","6.16667"
"2124071631","2012263865","6.16667"
"125046591","2293400123","0.583333"
"2293400123","125046591","0.583333"
"125046591","2962739979","0.25"
"2962739979","125046591","0.25"
"2006542531","2293400123","0.583333"
"2293400123","2006542531","0.583333"
"2006542531","2962739979","0.25"
"2962739979","2006542531","0.25"
"2012263865","2293400123","0.666667"
"2293400123","2012263865","0.666667"
"2012263865","2962739979","0.25"
"2962739979","2012263865","0.25"
"2293400123","2962739979","11.375"
"2962739979","2293400123","11.375"
"125046591","1973141741","0.333333"
"1973141741","125046591","0.333333"
"1973141741","2012263865","0.333333"
"2012263865","1973141741","0.333333"
"1973141741","2124071631","0.333333"
"2124071631","1973141741","0.333333"
"1276517374","1971451420","1.56667"
"1971451420","1276517374","1.56667"
"1276517374","2001689582","0.566667"
"2001689582","1276517374","0.566667"
"1971451420","2001689582","4.35"
"2001689582","1971451420","4.35"
"1276517374","1483693629","0.0666667"
"1483693629","1276517374","0.0666667"
"1276517374","1543003006","0.0666667"
"1543003006","1276517374","0.0666667"
"1276517374","1989519960","0.0666667"
"1989519960","1276517374","0.0666667"
"1276517374","2043884223","0.0666667"
"2043884223","1276517374","0.0666667"
"1276517374","2065281625","0.0666667"
"2065281625","1276517374","0.0666667"
"1276517374","2077253912","0.0666667"
"2077253912","1276517374","0.0666667"
"1276517374","2090259770","0.0666667"
"2090259770","1276517374","0.0666667"
"1276517374","2100325481","0.0666667"
"2100325481","1276517374","0.0666667"
"1276517374","2137101044","0.0666667"
"2137101044","1276517374","0.0666667"
"1276517374","2158070451","0.0666667"
"2158070451","1276517374","0.0666667"
"1276517374","2216897733","0.0666667"
"2216897733","1276517374","0.0666667"
"1276517374","2476163393","0.0666667"
"2476163393","1276517374","0.0666667"
"1276517374","69625385","0.0666667"
"69625385","1276517374","0.0666667"
"1483693629","1543003006","0.0666667"
"1543003006","1483693629","0.0666667"
"1483693629","1971451420","0.0666667"
"1971451420","1483693629","0.0666667"
"1483693629","1989519960","0.0666667"
"1989519960","1483693629","0.0666667"
"1483693629","2001689582","0.0666667"
"2001689582","1483693629","0.0666667"
"1483693629","2043884223","0.0666667"
"2043884223","1483693629","0.0666667"
"1483693629","2065281625","0.0666667"
"2065281625","1483693629","0.0666667"
"1483693629","2077253912","5.15"
"2077253912","1483693629","5.15"
"1483693629","2090259770","0.0666667"
"2090259770","1483693629","0.0666667"
"1483693629","2100325481","0.0666667"
"2100325481","1483693629","0.0666667"
"1483693629","2137101044","0.0666667"
"2137101044","1483693629","0.0666667"
"1483693629","2158070451","1.06667"
"2158070451","1483693629","1.06667"
"1483693629","2216897733","0.316667"
"2216897733","1483693629","0.316667"
"1483693629","2476163393","0.0666667"
"2476163393","1483693629","0.0666667"
"1483693629","69625385","0.0666667"
"69625385","1483693629","0.0666667"
"1543003006","1971451420","0.0666667"
"1971451420","1543003006","0.0666667"
"1543003006","1989519960","1.5"
"1989519960","1543003006","1.5"
"1543003006","2001689582","0.0666667"
"2001689582","1543003006","0.0666667"
"1543003006","2043884223","0.0666667"
"2043884223","1543003006","0.0666667"
"1543003006","2065281625","0.5"
"2065281625","1543003006","0.5"
"1543003006","2077253912","0.0666667"
"2077253912","1543003006","0.0666667"
"1543003006","2090259770","0.0666667"
"2090259770","1543003006","0.0666667"
"1543003006","2100325481","0.0666667"
"2100325481","1543003006","0.0666667"
"1543003006","2137101044","0.257576"
"2137101044","1543003006","0.257576"
"1543003006","2158070451","0.0666667"
"2158070451","1543003006","0.0666667"
"1543003006","2216897733","0.0666667"
"2216897733","1543003006","0.0666667"
"1543003006","2476163393","1"
"2476163393","1543003006","1"
"1543003006","69625385","0.757576"
"69625385","1543003006","0.757576"
"1971451420","1989519960","0.0666667"
"1989519960","1971451420","0.0666667"
"1971451420","2043884223","0.0666667"
"2043884223","1971451420","0.0666667"
"1971451420","2065281625","0.0666667"
"2065281625","1971451420","0.0666667"
"1971451420","2077253912","0.0666667"
"2077253912","1971451420","0.0666667"
"1971451420","2090259770","0.0666667"
"2090259770","1971451420","0.0666667"
"1971451420","2100325481","0.0666667"
"2100325481","1971451420","0.0666667"
"1971451420","2137101044","0.0666667"
"2137101044","1971451420","0.0666667"
"1971451420","2158070451","3.51667"
"2158070451","1971451420","3.51667"
"1971451420","2216897733","0.0666667"
"2216897733","1971451420","0.0666667"
"1971451420","2476163393","0.0666667"
"2476163393","1971451420","0.0666667"
"1971451420","69625385","0.316667"
"69625385","1971451420","0.316667"
"1989519960","2001689582","0.0666667"
"2001689582","1989519960","0.0666667"
"1989519960","2043884223","0.898835"
"2043884223","1989519960","0.898835"
"1989519960","2065281625","0.605978"
"2065281625","1989519960","0.605978"
"1989519960","2077253912","0.0666667"
"2077253912","1989519960","0.0666667"
"1989519960","2090259770","0.129167"
"2090259770","1989519960","0.129167"
"1989519960","2100325481","0.43869"
"2100325481","1989519960","0.43869"
"1989519960","2137101044","0.689312"
"2137101044","1989519960","0.689312"
"1989519960","2158070451","1.62917"
"2158070451","1989519960","1.62917"
"1989519960","2216897733","0.110145"
"2216897733","1989519960","0.110145"
"1989519960","2476163393","0.272645"
"2476163393","1989519960","0.272645"
"1989519960","69625385","0.915502"
"69625385","1989519960","0.915502"
"2001689582","2043884223","0.0666667"
"2043884223","2001689582","0.0666667"
"2001689582","2065281625","0.0666667"
"2065281625","2001689582","0.0666667"
"2001689582","2077253912","0.0666667"
"2077253912","2001689582","0.0666667"
"2001689582","2090259770","0.0666667"
"2090259770","2001689582","0.0666667"
"2001689582","2100325481","0.0666667"
"2100325481","2001689582","0.0666667"
"2001689582","2137101044","0.0666667"
"2137101044","2001689582","0.0666667"
"2001689582","2158070451","0.516667"
"2158070451","2001689582","0.516667"
"2001689582","2216897733","0.0666667"
"2216897733","2001689582","0.0666667"
"2001689582","2476163393","0.0666667"
"2476163393","2001689582","0.0666667"
"2001689582","69625385","0.316667"
"69625385","2001689582","0.316667"
"2043884223","2065281625","10.7226"
"2065281625","2043884223","10.7226"
"2043884223","2077253912","0.0666667"
"2077253912","2043884223","0.0666667"
"2043884223","2090259770","2.2125"
"2090259770","2043884223","2.2125"
"2043884223","2100325481","0.272024"
"2100325481","2043884223","0.272024"
"2043884223","2137101044","0.422645"
"2137101044","2043884223","0.422645"
"2043884223","2158070451","0.129167"
"2158070451","2043884223","0.129167"
"2043884223","2216897733","0.110145"
"2216897733","2043884223","0.110145"
"2043884223","2476163393","0.172645"
"2476163393","2043884223","0.172645"
"2043884223","69625385","0.315502"
"69625385","2043884223","0.315502"
"2065281625","2077253912","0.0666667"
"2077253912","2065281625","0.0666667"
"2065281625","2090259770","1.7125"
"2090259770","2065281625","1.7125"
"2065281625","2100325481","0.129167"
"2100325481","2065281625","0.129167"
"2065281625","2137101044","0.272645"
"2137101044","2065281625","0.272645"
"2065281625","2158070451","0.129167"
"2158070451","2065281625","0.129167"
"2065281625","2216897733","0.110145"
"2216897733","2065281625","0.110145"
"2065281625","2476163393","0.272645"
"2476163393","2065281625","0.272645"
"2065281625","69625385","0.272645"
"69625385","2065281625","0.272645"
"2077253912","2090259770","0.0666667"
"2090259770","2077253912","0.0666667"
"2077253912","2100325481","0.0666667"
"2100325481","2077253912","0.0666667"
"2077253912","2137101044","0.0666667"
"2137101044","2077253912","0.0666667"
"2077253912","2158070451","0.0666667"
"2158070451","2077253912","0.0666667"
"2077253912","2216897733","0.316667"
"2216897733","2077253912","0.316667"
"2077253912","2476163393","0.0666667"
"2476163393","2077253912","0.0666667"
"2077253912","69625385","0.0666667"
"69625385","2077253912","0.0666667"
"2090259770","2100325481","0.129167"
"2100325481","2090259770","0.129167"
"2090259770","2137101044","0.129167"
"2137101044","2090259770","0.129167"
"2090259770","2158070451","0.129167"
"2158070451","2090259770","0.129167"
"2090259770","2216897733","0.0666667"
"2216897733","2090259770","0.0666667"
"2090259770","2476163393","0.129167"
"2476163393","2090259770","0.129167"
"2090259770","69625385","0.129167"
"69625385","2090259770","0.129167"
"2100325481","2137101044","0.295833"
"2137101044","2100325481","0.295833"
"2100325481","2158070451","0.295833"
"2158070451","2100325481","0.295833"
"2100325481","2216897733","0.0666667"
"2216897733","2100325481","0.0666667"
"2100325481","2476163393","0.129167"
"2476163393","2100325481","0.129167"
"2100325481","69625385","0.272024"
"69625385","2100325481","0.272024"
"2137101044","2158070451","0.4625"
"2158070451","2137101044","0.4625"
"2137101044","2216897733","0.110145"
"2216897733","2137101044","0.110145"
"2137101044","2476163393","0.272645"
"2476163393","2137101044","0.272645"
"2137101044","69625385","0.696887"
"69625385","2137101044","0.696887"
"2158070451","2216897733","0.0666667"
"2216897733","2158070451","0.0666667"
"2158070451","2476163393","0.129167"
"2476163393","2158070451","0.129167"
"2158070451","69625385","0.379167"
"69625385","2158070451","0.379167"
"2216897733","2476163393","0.360145"
"2476163393","2216897733","0.360145"
"2216897733","69625385","0.360145"
"69625385","2216897733","0.360145"
"2476163393","69625385","5.72264"
"69625385","2476163393","5.72264"
"1276517374","2101591109","0.5"
"2101591109","1276517374","0.5"
"1276517374","2137348364","0.5"
"2137348364","1276517374","0.5"
"2101591109","2137348364","2.75"
"2137348364","2101591109","2.75"
"1276517374","2964556660","1"
"2964556660","1276517374","1"
"1467218772","2047332899","0.125"
"2047332899","1467218772","0.125"
"1467218772","2065927910","0.125"
"2065927910","1467218772","0.125"
"1467218772","2293400123","0.125"
"2293400123","1467218772","0.125"
"1467218772","2295418620","0.125"
"2295418620","1467218772","0.125"
"1467218772","2809623940","0.125"
"2809623940","1467218772","0.125"
"1467218772","2950107353","0.125"
"2950107353","1467218772","0.125"
"1467218772","2962739979","0.125"
"2962739979","1467218772","0.125"
"1467218772","53742686","0.125"
"53742686","1467218772","0.125"
"2047332899","2065927910","0.125"
"2065927910","2047332899","0.125"
"2047332899","2293400123","0.125"
"2293400123","2047332899","0.125"
"2047332899","2295418620","0.125"
"2295418620","2047332899","0.125"
"2047332899","2809623940","0.125"
"2809623940","2047332899","0.125"
"2047332899","2950107353","0.125"
"2950107353","2047332899","0.125"
"2047332899","2962739979","0.125"
"2962739979","2047332899","0.125"
"2047332899","53742686","13.375"
"53742686","2047332899","13.375"
"2065927910","2293400123","0.208333"
"2293400123","2065927910","0.208333"
"2065927910","2295418620","0.125"
"2295418620","2065927910","0.125"
"2065927910","2809623940","0.125"
"2809623940","2065927910","0.125"
"2065927910","2950107353","10.125"
"2950107353","2065927910","10.125"
"2065927910","2962739979","0.125"
"2962739979","2065927910","0.125"
"2065927910","53742686","0.125"
"53742686","2065927910","0.125"
"2293400123","2295418620","0.125"
"2295418620","2293400123","0.125"
"2293400123","2809623940","0.125"
"2809623940","2293400123","0.125"
"2293400123","2950107353","0.125"
"2950107353","2293400123","0.125"
"2293400123","53742686","0.125"
"53742686","2293400123","0.125"
"2295418620","2809623940","0.125"
"2809623940","2295418620","0.125"
"2295418620","2950107353","0.125"
"2950107353","2295418620","0.125"
"2295418620","2962739979","0.125"
"2962739979","2295418620","0.125"
"2295418620","53742686","0.125"
"53742686","2295418620","0.125"
"2809623940","2950107353","0.125"
"2950107353","2809623940","0.125"
"2809623940","2962739979","0.125"
"2962739979","2809623940","0.125"
"2809623940","53742686","0.125"
"53742686","2809623940","0.125"
"2950107353","2962739979","0.125"
"2962739979","2950107353","0.125"
"2950107353","53742686","0.125"
"53742686","2950107353","0.125"
"2962739979","53742686","0.125"
"53742686","2962739979","0.125"
"1467218772","1997605386","0.333333"
"1997605386","1467218772","0.333333"
"1467218772","2465197035","0.333333"
"2465197035","1467218772","0.333333"
"1467218772","2476163393","0.333333"
"2476163393","1467218772","0.333333"
"1997605386","2465197035","0.395833"
"2465197035","1997605386","0.395833"
"1997605386","2476163393","0.645833"
"2476163393","1997605386","0.645833"
"2465197035","2476163393","2.63931"
"2476163393","2465197035","2.63931"
"1483693629","1529633025","4.08333"
"1529633025","1483693629","4.08333"
"1529633025","2077253912","4.08333"
"2077253912","1529633025","4.08333"
"1483693629","2402582395","0.583333"
"2402582395","1483693629","0.583333"
"1529633025","2402582395","0.583333"
"2402582395","1529633025","0.583333"
"2077253912","2402582395","0.583333"
"2402582395","2077253912","0.583333"
"1483693629","2144095655","1"
"2144095655","1483693629","1"
"1529633025","2216897733","0.25"
"2216897733","1529633025","0.25"
"2216897733","2402582395","3.54348"
"2402582395","2216897733","3.54348"
"1502227646","1512059866","2.5"
"1512059866","1502227646","2.5"
"1502227646","2299703862","12.5333"
"2299703862","1502227646","12.5333"
"1512059866","2299703862","2.5"
"2299703862","1512059866","2.5"
"1502227646","1944899499","2.5"
"1944899499","1502227646","2.5"
"1944899499","2299703862","2.5"
"2299703862","1944899499","2.5"
"1502227646","2097353874","0.166667"
"2097353874","1502227646","0.166667"
"1502227646","2105786208","0.166667"
"2105786208","1502227646","0.166667"
"1502227646","2181454762","0.166667"
"2181454762","1502227646","0.166667"
"1512059866","1944899499","0.5"
"1944899499","1512059866","0.5"
"1512059866","2097353874","5.33333"
"2097353874","1512059866","5.33333"
"1512059866","2105786208","3.33333"
"2105786208","1512059866","3.33333"
"1512059866","2181454762","3.5"
"2181454762","1512059866","3.5"
"1944899499","2097353874","0.166667"
"2097353874","1944899499","0.166667"
"1944899499","2105786208","0.166667"
"2105786208","1944899499","0.166667"
"1944899499","2181454762","0.166667"
"2181454762","1944899499","0.166667"
"2097353874","2105786208","3"
"2105786208","2097353874","3"
"2097353874","2181454762","2.5"
"2181454762","2097353874","2.5"
"2097353874","2299703862","0.166667"
"2299703862","2097353874","0.166667"
"2105786208","2181454762","3"
"2181454762","2105786208","3"
"2105786208","2299703862","0.166667"
"2299703862","2105786208","0.166667"
"2181454762","2299703862","0.166667"
"2299703862","2181454762","0.166667"
"1502227646","1971005684","0.7"
"1971005684","1502227646","0.7"
"1502227646","2095661767","1.03333"
"2095661767","1502227646","1.03333"
"1502227646","2158051918","0.7"
"2158051918","1502227646","0.7"
"1502227646","2590762625","0.166667"
"2590762625","1502227646","0.166667"
"1502227646","2765392594","0.166667"
"2765392594","1502227646","0.166667"
"1971005684","2095661767","2.86667"
"2095661767","1971005684","2.86667"
"1971005684","2158051918","1.53333"
"2158051918","1971005684","1.53333"
"1971005684","2299703862","0.7"
"2299703862","1971005684","0.7"
"1971005684","2590762625","1.21014"
"2590762625","1971005684","1.21014"
"1971005684","2765392594","1.87681"
"2765392594","1971005684","1.87681"
"2095661767","2158051918","11.3667"
"2158051918","2095661767","11.3667"
"2095661767","2299703862","1.03333"
"2299703862","2095661767","1.03333"
"2095661767","2590762625","1.16667"
"2590762625","2095661767","1.16667"
"2095661767","2765392594","1.33333"
"2765392594","2095661767","1.33333"
"2158051918","2299703862","0.7"
"2299703862","2158051918","0.7"
"2158051918","2590762625","0.666667"
"2590762625","2158051918","0.666667"
"2158051918","2765392594","0.833333"
"2765392594","2158051918","0.833333"
"2299703862","2590762625","0.166667"
"2590762625","2299703862","0.166667"
"2299703862","2765392594","0.166667"
"2765392594","2299703862","0.166667"
"2590762625","2765392594","13.5435"
"2765392594","2590762625","13.5435"
"1502227646","2296676777","0.2"
"2296676777","1502227646","0.2"
"1971005684","2296676777","2.54286"
"2296676777","1971005684","2.54286"
"2095661767","2296676777","0.2"
"2296676777","2095661767","0.2"
"2158051918","2296676777","0.2"
"2296676777","2158051918","0.2"
"2296676777","2299703862","0.2"
"2299703862","2296676777","0.2"
"1512059866","1559253132","2"
"1559253132","1512059866","2"
"1559253132","2097353874","5.16667"
"2097353874","1559253132","5.16667"
"1559253132","2105786208","3"
"2105786208","1559253132","3"
"1559253132","2181454762","1.16667"
"2181454762","1559253132","1.16667"
"1512059866","2058386549","1.33333"
"2058386549","1512059866","1.33333"
"2058386549","2097353874","1.83333"
"2097353874","2058386549","1.83333"
"2058386549","2181454762","1.33333"
"2181454762","2058386549","1.33333"
"1529633025","1999099974","0.142857"
"1999099974","1529633025","0.142857"
"1529633025","2032152151","0.342857"
"2032152151","1529633025","0.342857"
"1529633025","2040838113","0.142857"
"2040838113","1529633025","0.142857"
"1529633025","2096665641","0.342857"
"2096665641","1529633025","0.342857"
"1529633025","2101451417","0.142857"
"2101451417","1529633025","0.142857"
"1529633025","2165633547","0.142857"
"2165633547","1529633025","0.142857"
"1529633025","2465197035","0.342857"
"2465197035","1529633025","0.342857"
"1999099974","2032152151","0.392857"
"2032152151","1999099974","0.392857"
"1999099974","2040838113","0.559524"
"2040838113","1999099974","0.559524"
"1999099974","2096665641","0.809524"
"2096665641","1999099974","0.809524"
"1999099974","2101451417","0.309524"
"2101451417","1999099974","0.309524"
"1999099974","2165633547","0.559524"
"2165633547","1999099974","0.559524"
"1999099974","2465197035","0.392857"
"2465197035","1999099974","0.392857"
"2032152151","2040838113","0.142857"
"2040838113","2032152151","0.142857"
"2032152151","2096665641","1.59286"
"2096665641","2032152151","1.59286"
"2032152151","2101451417","0.142857"
"2101451417","2032152151","0.142857"
"2032152151","2165633547","0.142857"
"2165633547","2032152151","0.142857"
"2032152151","2465197035","0.592857"
"2465197035","2032152151","0.592857"
"2040838113","2096665641","3.64286"
"2096665641","2040838113","3.64286"
"2040838113","2101451417","2.89286"
"2101451417","2040838113","2.89286"
"2040838113","2165633547","1.30952"
"2165633547","2040838113","1.30952"
"2040838113","2465197035","0.142857"
"2465197035","2040838113","0.142857"
"2096665641","2101451417","4.39286"
"2101451417","2096665641","4.39286"
"2096665641","2165633547","2.30952"
"2165633547","2096665641","2.30952"
"2096665641","2465197035","0.592857"
"2465197035","2096665641","0.592857"
"2101451417","2165633547","3.05952"
"2165633547","2101451417","3.05952"
"2101451417","2465197035","0.142857"
"2465197035","2101451417","0.142857"
"2165633547","2465197035","0.142857"
"2465197035","2165633547","0.142857"
"1529633025","2144095655","2"
"2144095655","1529633025","2"
"1529633025","1915427226","0.2"
"1915427226","1529633025","0.2"
"1529633025","2104483553","0.2"
"2104483553","1529633025","0.2"
"1915427226","2032152151","0.2"
"2032152151","1915427226","0.2"
"1915427226","2096665641","3.36667"
"2096665641","1915427226","3.36667"
"1915427226","2104483553","0.2"
"2104483553","1915427226","0.2"
"1915427226","2465197035","0.2"
"2465197035","1915427226","0.2"
"2032152151","2104483553","0.45"
"2104483553","2032152151","0.45"
"2096665641","2104483553","0.45"
"2104483553","2096665641","0.45"
"2104483553","2465197035","0.45"
"2465197035","2104483553","0.45"
"1529633025","2135794236","2"
"2135794236","1529633025","2"
"1529633025","1971451420","0.333333"
"1971451420","1529633025","0.333333"
"1529633025","1976104092","0.333333"
"1976104092","1529633025","0.333333"
"1529633025","2001689582","0.333333"
"2001689582","1529633025","0.333333"
"1971451420","1976104092","0.333333"
"1976104092","1971451420","0.333333"
"1976104092","2001689582","0.333333"
"2001689582","1976104092","0.333333"
"1533634757","2077524676","0.5"
"2077524676","1533634757","0.5"
"1533634757","2327434152","0.5"
"2327434152","1533634757","0.5"
"2077524676","2327434152","8.31508"
"2327434152","2077524676","8.31508"
"1533634757","2121720883","3.2"
"2121720883","1533634757","3.2"
"1533634757","1554603706","5.45"
"1554603706","1533634757","5.45"
"1533634757","2056771426","0.45"
"2056771426","1533634757","0.45"
"1533634757","2105312312","0.25"
"2105312312","1533634757","0.25"
"1533634757","2270438969","0.45"
"2270438969","1533634757","0.45"
"1554603706","2056771426","0.45"
"2056771426","1554603706","0.45"
"1554603706","2105312312","0.25"
"2105312312","1554603706","0.25"
"1554603706","2270438969","0.45"
"2270438969","1554603706","0.45"
"2056771426","2105312312","2.25"
"2105312312","2056771426","2.25"
"2056771426","2270438969","0.45"
"2270438969","2056771426","0.45"
"2105312312","2270438969","0.25"
"2270438969","2105312312","0.25"
"1533634757","2000496613","0.2"
"2000496613","1533634757","0.2"
"1554603706","2000496613","0.2"
"2000496613","1554603706","0.2"
"1554603706","2121720883","0.2"
"2121720883","1554603706","0.2"
"2000496613","2056771426","0.2"
"2056771426","2000496613","0.2"
"2000496613","2121720883","0.2"
"2121720883","2000496613","0.2"
"2000496613","2270438969","0.2"
"2270438969","2000496613","0.2"
"2056771426","2121720883","0.2"
"2121720883","2056771426","0.2"
"2121720883","2270438969","0.2"
"2270438969","2121720883","0.2"
"153677436","1550954934","10.5436"
"1550954934","153677436","10.5436"
"153677436","1975865841","5.54359"
"1975865841","153677436","5.54359"
"153677436","2167388807","1.09359"
"2167388807","153677436","1.09359"
"1550954934","1975865841","4.66859"
"1975865841","1550954934","4.66859"
"1550954934","2167388807","1.21859"
"2167388807","1550954934","1.21859"
"1975865841","2167388807","4.13526"
"2167388807","1975865841","4.13526"
"153677436","2157855380","0.626923"
"2157855380","153677436","0.626923"
"1550954934","2157855380","1.75192"
"2157855380","1550954934","1.75192"
"1975865841","2157855380","1.08526"
"2157855380","1975865841","1.08526"
"2157855380","2167388807","2.38526"
"2167388807","2157855380","2.38526"
"153677436","1985991610","0.95"
"1985991610","153677436","0.95"
"153677436","2095945990","0.95"
"2095945990","153677436","0.95"
"1550954934","1985991610","1.075"
"1985991610","1550954934","1.075"
"1550954934","2095945990","1.075"
"2095945990","1550954934","1.075"
"1975865841","1985991610","1.075"
"1985991610","1975865841","1.075"
"1975865841","2095945990","1.075"
"2095945990","1975865841","1.075"
"1985991610","2095945990","13.0417"
"2095945990","1985991610","13.0417"
"153677436","2196824873","0.176923"
"2196824873","153677436","0.176923"
"153677436","2298643255","0.176923"
"2298643255","153677436","0.176923"
"153677436","2466704232","0.176923"
"2466704232","153677436","0.176923"
"153677436","2566523111","0.176923"
"2566523111","153677436","0.176923"
"153677436","2608108869","0.176923"
"2608108869","153677436","0.176923"
"153677436","2794925497","0.1"
"2794925497","153677436","0.1"
"1550954934","2196824873","0.176923"
"2196824873","1550954934","0.176923"
"1550954934","2298643255","0.176923"
"2298643255","1550954934","0.176923"
"1550954934","2466704232","0.176923"
"2466704232","1550954934","0.176923"
"1550954934","2566523111","0.176923"
"2566523111","1550954934","0.176923"
"1550954934","2608108869","0.176923"
"2608108869","1550954934","0.176923"
"1550954934","2794925497","0.1"
"2794925497","1550954934","0.1"
"1975865841","2196824873","0.510256"
"2196824873","1975865841","0.510256"
"1975865841","2298643255","0.176923"
"2298643255","1975865841","0.176923"
"1975865841","2466704232","0.260256"
"2466704232","1975865841","0.260256"
"1975865841","2566523111","0.260256"
"2566523111","1975865841","0.260256"
"1975865841","2608108869","0.176923"
"2608108869","1975865841","0.176923"
"1975865841","2794925497","0.183333"
"2794925497","1975865841","0.183333"
"2157855380","2196824873","0.510256"
"2196824873","2157855380","0.510256"
"2157855380","2298643255","0.176923"
"2298643255","2157855380","0.176923"
"2157855380","2466704232","0.176923"
"2466704232","2157855380","0.176923"
"2157855380","2566523111","0.176923"
"2566523111","2157855380","0.176923"
"2157855380","2608108869","0.176923"
"2608108869","2157855380","0.176923"
"2157855380","2794925497","0.1"
"2794925497","2157855380","0.1"
"2167388807","2196824873","0.260256"
"2196824873","2167388807","0.260256"
"2167388807","2298643255","0.510256"
"2298643255","2167388807","0.510256"
"2167388807","2466704232","0.59359"
"2466704232","2167388807","0.59359"
"2167388807","2566523111","0.260256"
"2566523111","2167388807","0.260256"
"2167388807","2608108869","0.176923"
"2608108869","2167388807","0.176923"
"2167388807","2794925497","0.183333"
"2794925497","2167388807","0.183333"
"2196824873","2298643255","0.176923"
"2298643255","2196824873","0.176923"
"2196824873","2466704232","4.84359"
"2466704232","2196824873","4.84359"
"2196824873","2566523111","1.06581"
"2566523111","2196824873","1.06581"
"2196824873","2608108869","2.59359"
"2608108869","2196824873","2.59359"
"2196824873","2794925497","0.238889"
"2794925497","2196824873","0.238889"
"2298643255","2466704232","0.176923"
"2466704232","2298643255","0.176923"
"2298643255","2566523111","0.467832"
"2566523111","2298643255","0.467832"
"2298643255","2608108869","0.176923"
"2608108869","2298643255","0.176923"
"2298643255","2794925497","0.1"
"2794925497","2298643255","0.1"
"2466704232","2566523111","1.4047"
"2566523111","2466704232","1.4047"
"2466704232","2608108869","1.4047"
"2608108869","2466704232","1.4047"
"2466704232","2794925497","1.26667"
"2794925497","2466704232","1.26667"
"2566523111","2608108869","0.876923"
"2608108869","2566523111","0.876923"
"2566523111","2794925497","0.822222"
"2794925497","2566523111","0.822222"
"2608108869","2794925497","0.655556"
"2794925497","2608108869","0.655556"
"153677436","1576766753","0.0769231"
"1576766753","153677436","0.0769231"
"153677436","1973141741","0.0769231"
"1973141741","153677436","0.0769231"
"153677436","2111626951","0.0769231"
"2111626951","153677436","0.0769231"
"153677436","2184084574","0.0769231"
"2184084574","153677436","0.0769231"
"1550954934","1576766753","0.0769231"
"1576766753","1550954934","0.0769231"
"1550954934","1973141741","0.0769231"
"1973141741","1550954934","0.0769231"
"1550954934","2111626951","0.201923"
"2111626951","1550954934","0.201923"
"1550954934","2184084574","0.201923"
"2184084574","1550954934","0.201923"
"1576766753","1973141741","0.160256"
"1973141741","1576766753","0.160256"
"1576766753","1975865841","0.160256"
"1975865841","1576766753","0.160256"
"1576766753","2111626951","0.160256"
"2111626951","1576766753","0.160256"
"1576766753","2157855380","0.0769231"
"2157855380","1576766753","0.0769231"
"1576766753","2167388807","0.160256"
"2167388807","1576766753","0.160256"
"1576766753","2184084574","0.160256"
"2184084574","1576766753","0.160256"
"1576766753","2196824873","1.54915"
"2196824873","1576766753","1.54915"
"1576766753","2298643255","0.0769231"
"2298643255","1576766753","0.0769231"
"1576766753","2466704232","1.07692"
"2466704232","1576766753","1.07692"
"1576766753","2566523111","0.299145"
"2566523111","1576766753","0.299145"
"1576766753","2608108869","1.16026"
"2608108869","1576766753","1.16026"
"1973141741","1975865841","0.410256"
"1975865841","1973141741","0.410256"
"1973141741","2111626951","6.94359"
"2111626951","1973141741","6.94359"
"1973141741","2157855380","1.41026"
"2157855380","1973141741","1.41026"
"1973141741","2167388807","0.826923"
"2167388807","1973141741","0.826923"
"1973141741","2184084574","0.410256"
"2184084574","1973141741","0.410256"
"1973141741","2196824873","2.74359"
"2196824873","1973141741","2.74359"
"1973141741","2298643255","0.410256"
"2298643255","1973141741","0.410256"
"1973141741","2466704232","0.69359"
"2466704232","1973141741","0.69359"
"1973141741","2566523111","0.360256"
"2566523111","1973141741","0.360256"
"1973141741","2608108869","0.94359"
"2608108869","1973141741","0.94359"
"1975865841","2111626951","0.535256"
"2111626951","1975865841","0.535256"
"1975865841","2184084574","2.36859"
"2184084574","1975865841","2.36859"
"2111626951","2157855380","3.53526"
"2157855380","2111626951","3.53526"
"2111626951","2167388807","1.95192"
"2167388807","2111626951","1.95192"
"2111626951","2184084574","0.86859"
"2184084574","2111626951","0.86859"
"2111626951","2196824873","2.94359"
"2196824873","2111626951","2.94359"
"2111626951","2298643255","0.410256"
"2298643255","2111626951","0.410256"
"2111626951","2466704232","0.69359"
"2466704232","2111626951","0.69359"
"2111626951","2566523111","0.360256"
"2566523111","2111626951","0.360256"
"2111626951","2608108869","1.11026"
"2608108869","2111626951","1.11026"
"2157855380","2184084574","0.535256"
"2184084574","2157855380","0.535256"
"2167388807","2184084574","2.61859"
"2184084574","2167388807","2.61859"
"2184084574","2196824873","0.410256"
"2196824873","2184084574","0.410256"
"2184084574","2298643255","0.0769231"
"2298643255","2184084574","0.0769231"
"2184084574","2466704232","0.160256"
"2466704232","2184084574","0.160256"
"2184084574","2566523111","0.160256"
"2566523111","2184084574","0.160256"
"2184084574","2608108869","0.0769231"
"2608108869","2184084574","0.0769231"
"1985991610","2157855380","0.825"
"2157855380","1985991610","0.825"
"2095945990","2157855380","0.325"
"2157855380","2095945990","0.325"
"1543003006","2101229914","0.524242"
"2101229914","1543003006","0.524242"
"1543003006","2465197035","0.424242"
"2465197035","1543003006","0.424242"
"2101229914","2465197035","1.01355"
"2465197035","2101229914","1.01355"
"2101229914","2476163393","1.12264"
"2476163393","2101229914","1.12264"
"1543003006","1550954934","0.433333"
"1550954934","1543003006","0.433333"
"1550954934","1989519960","2.10952"
"1989519960","1550954934","2.10952"
"1550954934","2065281625","0.433333"
"2065281625","1550954934","0.433333"
"1543003006","1971005684","0.1"
"1971005684","1543003006","0.1"
"1543003006","1991667471","0.1"
"1991667471","1543003006","0.1"
"1543003006","2403656421","0.1"
"2403656421","1543003006","0.1"
"1550954934","1971005684","0.742857"
"1971005684","1550954934","0.742857"
"1550954934","1991667471","0.1"
"1991667471","1550954934","0.1"
"1550954934","2101229914","0.409524"
"2101229914","1550954934","0.409524"
"1550954934","2137101044","0.516667"
"2137101044","1550954934","0.516667"
"1550954934","2403656421","0.35"
"2403656421","1550954934","0.35"
"1550954934","2476163393","0.1"
"2476163393","1550954934","0.1"
"1550954934","69625385","0.242857"
"69625385","1550954934","0.242857"
"1971005684","1989519960","0.786335"
"1989519960","1971005684","0.786335"
"1971005684","1991667471","0.433333"
"1991667471","1971005684","0.433333"
"1971005684","2065281625","0.643478"
"2065281625","1971005684","0.643478"
"1971005684","2101229914","0.453002"
"2101229914","1971005684","0.453002"
"1971005684","2137101044","0.310145"
"2137101044","1971005684","0.310145"
"1971005684","2403656421","0.1"
"2403656421","1971005684","0.1"
"1971005684","2476163393","0.143478"
"2476163393","1971005684","0.143478"
"1971005684","69625385","0.286335"
"69625385","1971005684","0.286335"
"1989519960","1991667471","0.1"
"1991667471","1989519960","0.1"
"1989519960","2101229914","0.515502"
"2101229914","1989519960","0.515502"
"1989519960","2403656421","0.35"
"2403656421","1989519960","0.35"
"1991667471","2065281625","0.1"
"2065281625","1991667471","0.1"
"1991667471","2101229914","0.1"
"2101229914","1991667471","0.1"
"1991667471","2137101044","0.1"
"2137101044","1991667471","0.1"
"1991667471","2403656421","0.1"
"2403656421","1991667471","0.1"
"1991667471","2476163393","0.3"
"2476163393","1991667471","0.3"
"1991667471","69625385","0.3"
"69625385","1991667471","0.3"
"2065281625","2101229914","0.205978"
"2101229914","2065281625","0.205978"
"2065281625","2403656421","0.1"
"2403656421","2065281625","0.1"
"2101229914","2137101044","5.99689"
"2137101044","2101229914","5.99689"
"2101229914","2403656421","0.1"
"2403656421","2101229914","0.1"
"2101229914","69625385","1.02308"
"69625385","2101229914","1.02308"
"2137101044","2403656421","0.1"
"2403656421","2137101044","0.1"
"2403656421","2476163393","0.1"
"2476163393","2403656421","0.1"
"2403656421","69625385","0.1"
"69625385","2403656421","0.1"
"1543003006","2162782384","0.333333"
"2162782384","1543003006","0.333333"
"1543003006","2548218624","0.333333"
"2548218624","1543003006","0.333333"
"1543003006","2765392594","0.333333"
"2765392594","1543003006","0.333333"
"2162782384","2548218624","0.333333"
"2548218624","2162782384","0.333333"
"2162782384","2765392594","0.333333"
"2765392594","2162782384","0.333333"
"2548218624","2765392594","0.333333"
"2765392594","2548218624","0.333333"
"1543003006","1561880138","0.0909091"
"1561880138","1543003006","0.0909091"
"1543003006","1594653212","0.0909091"
"1594653212","1543003006","0.0909091"
"1543003006","1861819370","0.0909091"
"1861819370","1543003006","0.0909091"
"1543003006","2038277197","0.0909091"
"2038277197","1543003006","0.0909091"
"1543003006","2103747520","0.0909091"
"2103747520","1543003006","0.0909091"
"1543003006","2553504646","0.0909091"
"2553504646","1543003006","0.0909091"
"1543003006","2967218597","0.0909091"
"2967218597","1543003006","0.0909091"
"1561880138","1594653212","4.98974"
"1594653212","1561880138","4.98974"
"1561880138","1861819370","1.72008"
"1861819370","1561880138","1.72008"
"1561880138","2038277197","1.13377"
"2038277197","1561880138","1.13377"
"1561880138","2101229914","0.480221"
"2101229914","1561880138","0.480221"
"1561880138","2103747520","0.236742"
"2103747520","1561880138","0.236742"
"1561880138","2137101044","0.196887"
"2137101044","1561880138","0.196887"
"1561880138","2465197035","2.59689"
"2465197035","1561880138","2.59689"
"1561880138","2553504646","1.13377"
"2553504646","1561880138","1.13377"
"1561880138","2967218597","0.693911"
"2967218597","1561880138","0.693911"
"1561880138","69625385","1.06355"
"69625385","1561880138","1.06355"
"1594653212","1861819370","1.02008"
"1861819370","1594653212","1.02008"
"1594653212","2038277197","0.683766"
"2038277197","1594653212","0.683766"
"1594653212","2101229914","0.280221"
"2101229914","1594653212","0.280221"
"1594653212","2103747520","1.23674"
"2103747520","1594653212","1.23674"
"1594653212","2137101044","0.196887"
"2137101044","1594653212","0.196887"
"1594653212","2465197035","3.89689"
"2465197035","1594653212","3.89689"
"1594653212","2553504646","0.683766"
"2553504646","1594653212","0.683766"
"1594653212","2967218597","0.693911"
"2967218597","1594653212","0.693911"
"1594653212","69625385","3.56355"
"69625385","1594653212","3.56355"
"1861819370","2038277197","0.374242"
"2038277197","1861819370","0.374242"
"1861819370","2101229914","2.10341"
"2101229914","1861819370","2.10341"
"1861819370","2103747520","0.236742"
"2103747520","1861819370","0.236742"
"1861819370","2137101044","0.486742"
"2137101044","1861819370","0.486742"
"1861819370","2465197035","0.936742"
"2465197035","1861819370","0.936742"
"1861819370","2553504646","0.374242"
"2553504646","1861819370","0.374242"
"1861819370","2967218597","0.0909091"
"2967218597","1861819370","0.0909091"
"1861819370","69625385","3.30341"
"69625385","1861819370","3.30341"
"2038277197","2101229914","0.374242"
"2101229914","2038277197","0.374242"
"2038277197","2103747520","0.174242"
"2103747520","2038277197","0.174242"
"2038277197","2137101044","0.0909091"
"2137101044","2038277197","0.0909091"
"2038277197","2465197035","0.574242"
"2465197035","2038277197","0.574242"
"2038277197","2553504646","6.63377"
"2553504646","2038277197","6.63377"
"2038277197","2967218597","0.400433"
"2967218597","2038277197","0.400433"
"2038277197","69625385","0.174242"
"69625385","2038277197","0.174242"
"2101229914","2103747520","0.436742"
"2103747520","2101229914","0.436742"
"2101229914","2553504646","0.374242"
"2553504646","2101229914","0.374242"
"2101229914","2967218597","0.134387"
"2967218597","2101229914","0.134387"
"2103747520","2137101044","0.353409"
"2137101044","2103747520","0.353409"
"2103747520","2465197035","0.436742"
"2465197035","2103747520","0.436742"
"2103747520","2553504646","0.174242"
"2553504646","2103747520","0.174242"
"2103747520","2967218597","0.0909091"
"2967218597","2103747520","0.0909091"
"2103747520","69625385","0.736742"
"69625385","2103747520","0.736742"
"2137101044","2465197035","0.396887"
"2465197035","2137101044","0.396887"
"2137101044","2553504646","0.0909091"
"2553504646","2137101044","0.0909091"
"2137101044","2967218597","0.134387"
"2967218597","2137101044","0.134387"
"2465197035","2553504646","0.574242"
"2553504646","2465197035","0.574242"
"2465197035","2967218597","0.384387"
"2967218597","2465197035","0.384387"
"2465197035","69625385","0.280221"
"69625385","2465197035","0.280221"
"2553504646","2967218597","0.400433"
"2967218597","2553504646","0.400433"
"2553504646","69625385","0.174242"
"69625385","2553504646","0.174242"
"2967218597","69625385","0.134387"
"69625385","2967218597","0.134387"
"1550954934","2123344731","0.125"
"2123344731","1550954934","0.125"
"1975865841","2123344731","0.125"
"2123344731","1975865841","0.125"
"1985991610","2111626951","1.35833"
"2111626951","1985991610","1.35833"
"1985991610","2123344731","0.491667"
"2123344731","1985991610","0.491667"
"1985991610","2167388807","0.625"
"2167388807","1985991610","0.625"
"1985991610","2184084574","0.458333"
"2184084574","1985991610","0.458333"
"2095945990","2111626951","0.858333"
"2111626951","2095945990","0.858333"
"2095945990","2123344731","0.325"
"2123344731","2095945990","0.325"
"2095945990","2167388807","0.125"
"2167388807","2095945990","0.125"
"2095945990","2184084574","0.458333"
"2184084574","2095945990","0.458333"
"2111626951","2123344731","0.291667"
"2123344731","2111626951","0.291667"
"2123344731","2157855380","0.125"
"2157855380","2123344731","0.125"
"2123344731","2167388807","0.125"
"2167388807","2123344731","0.125"
"2123344731","2184084574","0.125"
"2184084574","2123344731","0.125"
"1550954934","2043884223","0.72619"
"2043884223","1550954934","0.72619"
"1550954934","2100325481","0.309524"
"2100325481","1550954934","0.309524"
"1550954934","2296676777","0.142857"
"2296676777","1550954934","0.142857"
"1971005684","2043884223","0.186335"
"2043884223","1971005684","0.186335"
"1971005684","2100325481","1.30952"
"2100325481","1971005684","1.30952"
"1989519960","2296676777","0.142857"
"2296676777","1989519960","0.142857"
"2043884223","2101229914","0.248835"
"2101229914","2043884223","0.248835"
"2043884223","2296676777","0.142857"
"2296676777","2043884223","0.142857"
"2100325481","2101229914","0.372024"
"2101229914","2100325481","0.372024"
"2100325481","2296676777","0.142857"
"2296676777","2100325481","0.142857"
"2101229914","2296676777","0.142857"
"2296676777","2101229914","0.142857"
"2296676777","69625385","0.142857"
"69625385","2296676777","0.142857"
"1550954934","2158070451","0.5"
"2158070451","1550954934","0.5"
"1971005684","2158070451","0.7"
