"107789802","2010259002","1.39637"
"2010259002","107789802","1.39637"
"107789802","2020200953","0.785256"
"2020200953","107789802","0.785256"
"107789802","252871029","0.771368"
"252871029","107789802","0.771368"
"2010259002","2020200953","1.53526"
"2020200953","2010259002","1.53526"
"2010259002","252871029","1.06303"
"252871029","2010259002","1.06303"
"2020200953","252871029","0.701923"
"252871029","2020200953","0.701923"
"107789802","1537088494","0.563034"
"1537088494","107789802","0.563034"
"107789802","2034977219","0.938034"
"2034977219","107789802","0.938034"
"107789802","2507627684","1.45192"
"2507627684","107789802","1.45192"
"107789802","2759229360","0.563034"
"2759229360","107789802","0.563034"
"107789802","2767328950","0.563034"
"2767328950","107789802","0.563034"
"107789802","2768007961","0.563034"
"2768007961","107789802","0.563034"
"1537088494","2010259002","0.888034"
"2010259002","1537088494","0.888034"
"1537088494","2020200953","0.326923"
"2020200953","1537088494","0.326923"
"1537088494","2034977219","0.638034"
"2034977219","1537088494","0.638034"
"1537088494","2507627684","0.526923"
"2507627684","1537088494","0.526923"
"1537088494","2759229360","0.638034"
"2759229360","1537088494","0.638034"
"1537088494","2767328950","0.688034"
"2767328950","1537088494","0.688034"
"1537088494","2768007961","0.438034"
"2768007961","1537088494","0.438034"
"2010259002","2034977219","4.63803"
"2034977219","2010259002","4.63803"
"2010259002","2507627684","2.1595"
"2507627684","2010259002","2.1595"
"2010259002","2759229360","1.4297"
"2759229360","2010259002","1.4297"
"2010259002","2767328950","0.979701"
"2767328950","2010259002","0.979701"
"2010259002","2768007961","1.2297"
"2768007961","2010259002","1.2297"
"2020200953","2034977219","0.326923"
"2034977219","2020200953","0.326923"
"2020200953","2507627684","1.36859"
"2507627684","2020200953","1.36859"
"2020200953","2759229360","0.86859"
"2759229360","2020200953","0.86859"
"2020200953","2767328950","0.86859"
"2767328950","2020200953","0.86859"
"2020200953","2768007961","0.86859"
"2768007961","2020200953","0.86859"
"2034977219","2507627684","1.02692"
"2507627684","2034977219","1.02692"
"2034977219","2759229360","1.13803"
"2759229360","2034977219","1.13803"
"2034977219","2767328950","0.438034"
"2767328950","2034977219","0.438034"
"2034977219","2768007961","0.938034"
"2768007961","2034977219","0.938034"
"2507627684","2759229360","1.06859"
"2759229360","2507627684","1.06859"
"2507627684","2767328950","0.86859"
"2767328950","2507627684","0.86859"
"2507627684","2768007961","0.86859"
"2768007961","2507627684","0.86859"
"2759229360","2767328950","0.979701"
"2767328950","2759229360","0.979701"
"2759229360","2768007961","0.979701"
"2768007961","2759229360","0.979701"
"2767328950","2768007961","0.979701"
"2768007961","2767328950","0.979701"
"107789802","1518829424","0.125"
"1518829424","107789802","0.125"
"107789802","1991892717","0.125"
"1991892717","107789802","0.125"
"107789802","2102661342","0.125"
"2102661342","107789802","0.125"
"107789802","2130385090","0.125"
"2130385090","107789802","0.125"
"107789802","2145276935","0.125"
"2145276935","107789802","0.125"
"107789802","2613212520","0.125"
"2613212520","107789802","0.125"
"1518829424","1537088494","0.125"
"1537088494","1518829424","0.125"
"1518829424","1991892717","0.125"
"1991892717","1518829424","0.125"
"1518829424","2102661342","0.125"
"2102661342","1518829424","0.125"
"1518829424","2130385090","0.125"
"2130385090","1518829424","0.125"
"1518829424","2145276935","0.125"
"2145276935","1518829424","0.125"
"1518829424","252871029","0.125"
"252871029","1518829424","0.125"
"1518829424","2613212520","0.25"
"2613212520","1518829424","0.25"
"1537088494","1991892717","0.125"
"1991892717","1537088494","0.125"
"1537088494","2102661342","0.125"
"2102661342","1537088494","0.125"
"1537088494","2130385090","0.125"
"2130385090","1537088494","0.125"
"1537088494","2145276935","0.125"
"2145276935","1537088494","0.125"
"1537088494","252871029","0.563034"
"252871029","1537088494","0.563034"
"1537088494","2613212520","0.125"
"2613212520","1537088494","0.125"
"1991892717","2102661342","0.125"
"2102661342","1991892717","0.125"
"1991892717","2130385090","0.125"
"2130385090","1991892717","0.125"
"1991892717","2145276935","0.125"
"2145276935","1991892717","0.125"
"1991892717","252871029","0.125"
"252871029","1991892717","0.125"
"1991892717","2613212520","0.125"
"2613212520","1991892717","0.125"
"2102661342","2130385090","0.458333"
"2130385090","2102661342","0.458333"
"2102661342","2145276935","1.625"
"2145276935","2102661342","1.625"
"2102661342","252871029","0.125"
"252871029","2102661342","0.125"
"2102661342","2613212520","0.125"
"2613212520","2102661342","0.125"
"2130385090","2145276935","2.575"
"2145276935","2130385090","2.575"
"2130385090","252871029","0.125"
"252871029","2130385090","0.125"
"2130385090","2613212520","0.325"
"2613212520","2130385090","0.325"
"2145276935","252871029","0.125"
"252871029","2145276935","0.125"
"2145276935","2613212520","0.325"
"2613212520","2145276935","0.325"
"252871029","2613212520","0.125"
"2613212520","252871029","0.125"
"107789802","2126281141","0.111111"
"2126281141","107789802","0.111111"
"107789802","2181863784","0.313034"
"2181863784","107789802","0.313034"
"1537088494","2126281141","0.361111"
"2126281141","1537088494","0.361111"
"1537088494","2181863784","1.08803"
"2181863784","1537088494","1.08803"
"2010259002","2126281141","3.02778"
"2126281141","2010259002","3.02778"
"2010259002","2181863784","1.29637"
"2181863784","2010259002","1.29637"
"2034977219","2126281141","0.277778"
"2126281141","2034977219","0.277778"
"2034977219","2181863784","0.888034"
"2181863784","2034977219","0.888034"
"2034977219","252871029","0.188034"
"252871029","2034977219","0.188034"
"2126281141","2181863784","0.277778"
"2181863784","2126281141","0.277778"
"2126281141","252871029","0.361111"
"252871029","2126281141","0.361111"
"2126281141","2759229360","0.111111"
"2759229360","2126281141","0.111111"
"2126281141","2767328950","0.361111"
"2767328950","2126281141","0.361111"
"2126281141","2768007961","0.277778"
"2768007961","2126281141","0.277778"
"2181863784","252871029","0.313034"
"252871029","2181863784","0.313034"
"2181863784","2759229360","0.513034"
"2759229360","2181863784","0.513034"
"2181863784","2767328950","0.313034"
"2767328950","2181863784","0.313034"
"2181863784","2768007961","0.813034"
"2768007961","2181863784","0.813034"
"252871029","2759229360","0.479701"
"2759229360","252871029","0.479701"
"252871029","2767328950","0.729701"
"2767328950","252871029","0.729701"
"252871029","2768007961","0.479701"
"2768007961","252871029","0.479701"
"2020200953","2181863784","0.285256"
"2181863784","2020200953","0.285256"
"2181863784","2507627684","0.401923"
"2507627684","2181863784","0.401923"
"2507627684","252871029","0.36859"
"252871029","2507627684","0.36859"
"107789802","2081280752","0.0769231"
"2081280752","107789802","0.0769231"
"107789802","2158612053","0.0769231"
"2158612053","107789802","0.0769231"
"107789802","2592364259","0.0769231"
"2592364259","107789802","0.0769231"
"1537088494","2081280752","0.0769231"
"2081280752","1537088494","0.0769231"
"1537088494","2158612053","0.0769231"
"2158612053","1537088494","0.0769231"
"1537088494","2592364259","0.0769231"
"2592364259","1537088494","0.0769231"
"2010259002","2081280752","0.0769231"
"2081280752","2010259002","0.0769231"
"2010259002","2158612053","1.07692"
"2158612053","2010259002","1.07692"
"2010259002","2592364259","0.167832"
"2592364259","2010259002","0.167832"
"2020200953","2081280752","0.188034"
"2081280752","2020200953","0.188034"
"2020200953","2158612053","0.0769231"
"2158612053","2020200953","0.0769231"
"2020200953","2592364259","0.188034"
"2592364259","2020200953","0.188034"
"2034977219","2081280752","0.0769231"
"2081280752","2034977219","0.0769231"
"2034977219","2158612053","0.0769231"
"2158612053","2034977219","0.0769231"
"2034977219","2592364259","0.0769231"
"2592364259","2034977219","0.0769231"
"2081280752","2158612053","0.0769231"
"2158612053","2081280752","0.0769231"
"2081280752","2181863784","0.0769231"
"2181863784","2081280752","0.0769231"
"2081280752","2507627684","0.0769231"
"2507627684","2081280752","0.0769231"
"2081280752","252871029","0.0769231"
"252871029","2081280752","0.0769231"
"2081280752","2592364259","2.13248"
"2592364259","2081280752","2.13248"
"2081280752","2759229360","0.0769231"
"2759229360","2081280752","0.0769231"
"2081280752","2767328950","0.0769231"
"2767328950","2081280752","0.0769231"
"2081280752","2768007961","0.0769231"
"2768007961","2081280752","0.0769231"
"2158612053","2181863784","0.0769231"
"2181863784","2158612053","0.0769231"
"2158612053","2507627684","0.0769231"
"2507627684","2158612053","0.0769231"
"2158612053","252871029","0.0769231"
"252871029","2158612053","0.0769231"
"2158612053","2592364259","0.0769231"
"2592364259","2158612053","0.0769231"
"2158612053","2759229360","0.0769231"
"2759229360","2158612053","0.0769231"
"2158612053","2767328950","0.0769231"
"2767328950","2158612053","0.0769231"
"2158612053","2768007961","0.0769231"
"2768007961","2158612053","0.0769231"
"2181863784","2592364259","0.0769231"
"2592364259","2181863784","0.0769231"
"2507627684","2592364259","0.167832"
"2592364259","2507627684","0.167832"
"252871029","2592364259","0.0769231"
"2592364259","252871029","0.0769231"
"2592364259","2759229360","0.0769231"
"2759229360","2592364259","0.0769231"
"2592364259","2767328950","0.0769231"
"2767328950","2592364259","0.0769231"
"2592364259","2768007961","0.0769231"
"2768007961","2592364259","0.0769231"
"140922766","2165389462","1"
"2165389462","140922766","1"
"140922766","2153801716","1"
"2153801716","140922766","1"
"1511573436","2004579804","5"
"2004579804","1511573436","5"
"1518829424","2153801716","1"
"2153801716","1518829424","1"
"1518829424","1751501637","0.125"
"1751501637","1518829424","0.125"
"1518829424","1967498673","0.25"
"1967498673","1518829424","0.25"
"1518829424","2102306213","2.45833"
"2102306213","1518829424","2.45833"
"1518829424","2132706284","0.458333"
"2132706284","1518829424","0.458333"
"1518829424","2134440707","0.125"
"2134440707","1518829424","0.125"
"1518829424","2144156154","1.45833"
"2144156154","1518829424","1.45833"
"1518829424","2171457800","1.29167"
"2171457800","1518829424","1.29167"
"1751501637","1967498673","0.125"
"1967498673","1751501637","0.125"
"1751501637","2102306213","0.125"
"2102306213","1751501637","0.125"
"1751501637","2132706284","1.125"
"2132706284","1751501637","1.125"
"1751501637","2134440707","0.125"
"2134440707","1751501637","0.125"
"1751501637","2144156154","0.125"
"2144156154","1751501637","0.125"
"1751501637","2171457800","0.125"
"2171457800","1751501637","0.125"
"1751501637","2613212520","0.125"
"2613212520","1751501637","0.125"
"1967498673","2102306213","0.60119"
"2102306213","1967498673","0.60119"
"1967498673","2132706284","0.125"
"2132706284","1967498673","0.125"
"1967498673","2134440707","3.79405"
"2134440707","1967498673","3.79405"
"1967498673","2144156154","0.267857"
"2144156154","1967498673","0.267857"
"1967498673","2171457800","0.458333"
"2171457800","1967498673","0.458333"
"1967498673","2613212520","0.125"
"2613212520","1967498673","0.125"
"2102306213","2132706284","0.625"
"2132706284","2102306213","0.625"
"2102306213","2134440707","0.267857"
"2134440707","2102306213","0.267857"
"2102306213","2144156154","2.26786"
"2144156154","2102306213","2.26786"
"2102306213","2171457800","3.79167"
"2171457800","2102306213","3.79167"
"2102306213","2613212520","0.125"
"2613212520","2102306213","0.125"
"2132706284","2134440707","0.125"
"2134440707","2132706284","0.125"
"2132706284","2144156154","0.458333"
"2144156154","2132706284","0.458333"
"2132706284","2171457800","1.95833"
"2171457800","2132706284","1.95833"
"2132706284","2613212520","0.125"
"2613212520","2132706284","0.125"
"2134440707","2144156154","0.267857"
"2144156154","2134440707","0.267857"
"2134440707","2171457800","0.125"
"2171457800","2134440707","0.125"
"2134440707","2613212520","0.125"
"2613212520","2134440707","0.125"
"2144156154","2171457800","0.458333"
"2171457800","2144156154","0.458333"
"2144156154","2613212520","0.125"
"2613212520","2144156154","0.125"
"2171457800","2613212520","0.125"
"2613212520","2171457800","0.125"
"1518829424","2169853709","0.625"
"2169853709","1518829424","0.625"
"2102306213","2169853709","0.5"
"2169853709","2102306213","0.5"
"1518829424","1986827153","0.625"
"1986827153","1518829424","0.625"
"1518829424","2010259002","0.125"
"2010259002","1518829424","0.125"
"1518829424","2114811766","0.125"
"2114811766","1518829424","0.125"
"1518829424","2538426055","0.125"
"2538426055","1518829424","0.125"
"1518829424","2611325507","0.125"
"2611325507","1518829424","0.125"
"1518829424","2950184844","0.125"
"2950184844","1518829424","0.125"
"1967498673","1986827153","0.267857"
"1986827153","1967498673","0.267857"
"1967498673","2010259002","0.965909"
"2010259002","1967498673","0.965909"
"1967498673","2114811766","6.71988"
"2114811766","1967498673","6.71988"
"1967498673","2169853709","0.267857"
"2169853709","1967498673","0.267857"
"1967498673","2538426055","2.0623"
"2538426055","1967498673","2.0623"
"1967498673","2611325507","2.15877"
"2611325507","1967498673","2.15877"
"1967498673","2950184844","0.965909"
"2950184844","1967498673","0.965909"
"1986827153","2010259002","0.125"
"2010259002","1986827153","0.125"
"1986827153","2114811766","0.767857"
"2114811766","1986827153","0.767857"
"1986827153","2169853709","0.434524"
"2169853709","1986827153","0.434524"
"1986827153","2538426055","0.434524"
"2538426055","1986827153","0.434524"
"1986827153","2611325507","2.125"
"2611325507","1986827153","2.125"
"1986827153","2950184844","0.625"
"2950184844","1986827153","0.625"
"2010259002","2114811766","0.215909"
"2114811766","2010259002","0.215909"
"2010259002","2169853709","0.375"
"2169853709","2010259002","0.375"
"2010259002","2538426055","0.325"
"2538426055","2010259002","0.325"
"2010259002","2611325507","0.415909"
"2611325507","2010259002","0.415909"
"2010259002","2950184844","0.965909"
"2950184844","2010259002","0.965909"
"2114811766","2169853709","0.125"
"2169853709","2114811766","0.125"
"2114811766","2538426055","0.402778"
"2538426055","2114811766","0.402778"
"2114811766","2611325507","0.882576"
"2611325507","2114811766","0.882576"
"2114811766","2950184844","0.715909"
"2950184844","2114811766","0.715909"
"2169853709","2538426055","0.577381"
"2538426055","2169853709","0.577381"
"2169853709","2611325507","0.267857"
"2611325507","2169853709","0.267857"
"2169853709","2950184844","0.125"
"2950184844","2169853709","0.125"
"2538426055","2611325507","9.5123"
"2611325507","2538426055","9.5123"
"2538426055","2950184844","0.625"
"2950184844","2538426055","0.625"
"2611325507","2950184844","0.215909"
"2950184844","2611325507","0.215909"
"1518829424","1532423646","0.833333"
"1532423646","1518829424","0.833333"
"1532423646","1986827153","0.5"
"1986827153","1532423646","0.5"
"1532423646","2102306213","0.333333"
"2102306213","1532423646","0.333333"
"1532423646","2171457800","0.333333"
"2171457800","1532423646","0.333333"
"1532423646","2767328950","1"
"2767328950","1532423646","1"
"1532423646","1994822227","0.533333"
"1994822227","1532423646","0.533333"
"1532423646","2010259002","0.0833333"
"2010259002","1532423646","0.0833333"
"1532423646","2020200953","0.0833333"
"2020200953","1532423646","0.0833333"
"1532423646","2050727066","0.333333"
"2050727066","1532423646","0.333333"
"1532423646","2084929085","0.333333"
"2084929085","1532423646","0.333333"
"1532423646","2126226055","0.0833333"
"2126226055","1532423646","0.0833333"
"1532423646","2145276935","0.0833333"
"2145276935","1532423646","0.0833333"
"1532423646","2150937237","0.0833333"
"2150937237","1532423646","0.0833333"
"1532423646","2153801716","0.533333"
"2153801716","1532423646","0.533333"
"1532423646","2165389462","0.0833333"
"2165389462","1532423646","0.0833333"
"1532423646","2168979393","0.0833333"
"2168979393","1532423646","0.0833333"
"1532423646","2181863784","0.283333"
"2181863784","1532423646","0.283333"
"1994822227","2010259002","0.0833333"
"2010259002","1994822227","0.0833333"
"1994822227","2020200953","0.0833333"
"2020200953","1994822227","0.0833333"
"1994822227","2050727066","0.5"
"2050727066","1994822227","0.5"
"1994822227","2084929085","0.5"
"2084929085","1994822227","0.5"
"1994822227","2126226055","0.25"
"2126226055","1994822227","0.25"
"1994822227","2145276935","0.0833333"
"2145276935","1994822227","0.0833333"
"1994822227","2150937237","0.0833333"
"2150937237","1994822227","0.0833333"
"1994822227","2153801716","0.7"
"2153801716","1994822227","0.7"
"1994822227","2165389462","0.25"
"2165389462","1994822227","0.25"
"1994822227","2168979393","0.0833333"
"2168979393","1994822227","0.0833333"
"1994822227","2181863784","0.45"
"2181863784","1994822227","0.45"
"2010259002","2050727066","0.533333"
"2050727066","2010259002","0.533333"
"2010259002","2084929085","0.45"
"2084929085","2010259002","0.45"
"2010259002","2126226055","0.0833333"
"2126226055","2010259002","0.0833333"
"2010259002","2145276935","0.0833333"
"2145276935","2010259002","0.0833333"
"2010259002","2150937237","0.0833333"
"2150937237","2010259002","0.0833333"
"2010259002","2153801716","1.08333"
"2153801716","2010259002","1.08333"
"2010259002","2165389462","0.0833333"
"2165389462","2010259002","0.0833333"
"2010259002","2168979393","0.5"
"2168979393","2010259002","0.5"
"2020200953","2050727066","0.0833333"
"2050727066","2020200953","0.0833333"
"2020200953","2084929085","0.0833333"
"2084929085","2020200953","0.0833333"
"2020200953","2126226055","0.0833333"
"2126226055","2020200953","0.0833333"
"2020200953","2145276935","0.0833333"
"2145276935","2020200953","0.0833333"
"2020200953","2150937237","0.416667"
"2150937237","2020200953","0.416667"
"2020200953","2153801716","0.0833333"
"2153801716","2020200953","0.0833333"
"2020200953","2165389462","0.0833333"
"2165389462","2020200953","0.0833333"
"2020200953","2168979393","0.0833333"
"2168979393","2020200953","0.0833333"
"2050727066","2084929085","5.62619"
"2084929085","2050727066","5.62619"
"2050727066","2126226055","0.7"
"2126226055","2050727066","0.7"
"2050727066","2145276935","0.0833333"
"2145276935","2050727066","0.0833333"
"2050727066","2150937237","0.283333"
"2150937237","2050727066","0.283333"
"2050727066","2153801716","6.7"
"2153801716","2050727066","6.7"
"2050727066","2165389462","0.5"
"2165389462","2050727066","0.5"
"2050727066","2168979393","3.55952"
"2168979393","2050727066","3.55952"
"2050727066","2181863784","2.03333"
"2181863784","2050727066","2.03333"
"2084929085","2126226055","0.65"
"2126226055","2084929085","0.65"
"2084929085","2145276935","0.0833333"
"2145276935","2084929085","0.0833333"
"2084929085","2150937237","0.283333"
"2150937237","2084929085","0.283333"
"2084929085","2153801716","3.95"
"2153801716","2084929085","3.95"
"2084929085","2165389462","1.75"
"2165389462","2084929085","1.75"
"2084929085","2168979393","3.14286"
"2168979393","2084929085","3.14286"
"2084929085","2181863784","1.2"
"2181863784","2084929085","1.2"
"2126226055","2145276935","0.0833333"
"2145276935","2126226055","0.0833333"
"2126226055","2150937237","0.283333"
"2150937237","2126226055","0.283333"
"2126226055","2153801716","0.7"
"2153801716","2126226055","0.7"
"2126226055","2165389462","4.5"
"2165389462","2126226055","4.5"
"2126226055","2168979393","0.0833333"
"2168979393","2126226055","0.0833333"
"2126226055","2181863784","0.25"
"2181863784","2126226055","0.25"
"2145276935","2150937237","1.5"
"2150937237","2145276935","1.5"
"2145276935","2153801716","0.583333"
"2153801716","2145276935","0.583333"
"2145276935","2165389462","0.0833333"
"2165389462","2145276935","0.0833333"
"2145276935","2168979393","0.0833333"
"2168979393","2145276935","0.0833333"
"2145276935","2181863784","0.0833333"
"2181863784","2145276935","0.0833333"
"2150937237","2153801716","0.533333"
"2153801716","2150937237","0.533333"
"2150937237","2165389462","0.333333"
"2165389462","2150937237","0.333333"
"2150937237","2168979393","0.0833333"
"2168979393","2150937237","0.0833333"
"2150937237","2181863784","0.0833333"
"2181863784","2150937237","0.0833333"
"2153801716","2165389462","1.25"
"2165389462","2153801716","1.25"
"2153801716","2168979393","1"
"2168979393","2153801716","1"
"2153801716","2181863784","3.2"
"2181863784","2153801716","3.2"
"2165389462","2168979393","0.0833333"
"2168979393","2165389462","0.0833333"
"2165389462","2181863784","0.25"
"2181863784","2165389462","0.25"
"2168979393","2181863784","1.83333"
"2181863784","2168979393","1.83333"
"1532423646","1537088494","0.2"
"1537088494","1532423646","0.2"
"1532423646","2127746435","0.2"
"2127746435","1532423646","0.2"
"1537088494","1994822227","0.2"
"1994822227","1537088494","0.2"
"1537088494","2127746435","0.2"
"2127746435","1537088494","0.2"
"1537088494","2153801716","1.7"
"2153801716","1537088494","1.7"
"1994822227","2127746435","0.2"
"2127746435","1994822227","0.2"
"2127746435","2153801716","0.7"
"2153801716","2127746435","0.7"
"2127746435","2181863784","0.2"
"2181863784","2127746435","0.2"
"1532423646","2741170534","1"
"2741170534","1532423646","1"
"1532423646","1751501637","1"
"1751501637","1532423646","1"
"1537088494","2084929085","0.5"
"2084929085","1537088494","0.5"
"1537088494","2097083044","0.5"
"2097083044","1537088494","0.5"
"2084929085","2097083044","0.5"
"2097083044","2084929085","0.5"
"1537088494","2159745320","1.5"
"2159745320","1537088494","1.5"
"1537088494","2055109219","1"
"2055109219","1537088494","1"
"1537088494","2033383147","0.5"
"2033383147","1537088494","0.5"
"2033383147","2159745320","1.5"
"2159745320","2033383147","1.5"
"1537088494","2134440707","0.5"
"2134440707","1537088494","0.5"
"1537088494","2464406276","0.5"
"2464406276","1537088494","0.5"
"2134440707","2464406276","0.5"
"2464406276","2134440707","0.5"
"1890669130","1986827153","0.309524"
"1986827153","1890669130","0.309524"
"1890669130","2020728328","0.309524"
"2020728328","1890669130","0.309524"
"1890669130","2050727066","0.892857"
"2050727066","1890669130","0.892857"
"1890669130","2089350162","0.166667"
"2089350162","1890669130","0.166667"
"1890669130","2169853709","9.25952"
"2169853709","1890669130","9.25952"
"1890669130","2538426055","0.309524"
"2538426055","1890669130","0.309524"
"1986827153","2020728328","0.309524"
"2020728328","1986827153","0.309524"
"1986827153","2050727066","0.309524"
"2050727066","1986827153","0.309524"
"1986827153","2089350162","0.166667"
"2089350162","1986827153","0.166667"
"2020728328","2050727066","0.309524"
"2050727066","2020728328","0.309524"
"2020728328","2089350162","1.16667"
"2089350162","2020728328","1.16667"
"2020728328","2169853709","1.80952"
"2169853709","2020728328","1.80952"
"2020728328","2538426055","0.559524"
"2538426055","2020728328","0.559524"
"2050727066","2089350162","0.166667"
"2089350162","2050727066","0.166667"
"2050727066","2169853709","0.892857"
"2169853709","2050727066","0.892857"
"2050727066","2538426055","0.509524"
"2538426055","2050727066","0.509524"
"2089350162","2169853709","0.166667"
"2169853709","2089350162","0.166667"
"2089350162","2538426055","0.166667"
"2538426055","2089350162","0.166667"
"1890669130","2168979393","1.72619"
"2168979393","1890669130","1.72619"
"2168979393","2169853709","2.22619"
"2169853709","2168979393","2.22619"
"1890669130","2102661342","0.666667"
"2102661342","1890669130","0.666667"
"1890669130","2108002797","0.666667"
"2108002797","1890669130","0.666667"
"2102661342","2108002797","6"
"2108002797","2102661342","6"
"2102661342","2169853709","1.16667"
"2169853709","2102661342","1.16667"
"2108002797","2169853709","0.666667"
"2169853709","2108002797","0.666667"
"1890669130","2084929085","0.342857"
"2084929085","1890669130","0.342857"
"1890669130","2126226055","0.2"
"2126226055","1890669130","0.2"
"1890669130","2126281141","0.2"
"2126281141","1890669130","0.2"
"1890669130","2156470649","0.2"
"2156470649","1890669130","0.2"
"2084929085","2126281141","1.36667"
"2126281141","2084929085","1.36667"
"2084929085","2156470649","0.2"
"2156470649","2084929085","0.2"
"2084929085","2169853709","0.342857"
"2169853709","2084929085","0.342857"
"2126226055","2126281141","0.2"
"2126281141","2126226055","0.2"
"2126226055","2156470649","0.45"
"2156470649","2126226055","0.45"
"2126226055","2169853709","0.2"
"2169853709","2126226055","0.2"
"2126281141","2156470649","0.2"
"2156470649","2126281141","0.2"
"2126281141","2169853709","0.2"
"2169853709","2126281141","0.2"
"2156470649","2169853709","0.7"
"2169853709","2156470649","0.7"
"1890669130","2150937237","0.5"
"2150937237","1890669130","0.5"
"2150937237","2169853709","1.5"
"2169853709","2150937237","1.5"
"1986827153","2084929085","0.142857"
"2084929085","1986827153","0.142857"
"1986827153","2168979393","0.142857"
"2168979393","1986827153","0.142857"
"2020728328","2084929085","0.142857"
"2084929085","2020728328","0.142857"
"2020728328","2168979393","0.142857"
"2168979393","2020728328","0.142857"
"2084929085","2538426055","0.342857"
"2538426055","2084929085","0.342857"
"2168979393","2538426055","0.142857"
"2538426055","2168979393","0.142857"
"1890669130","2010259002","0.25"
"2010259002","1890669130","0.25"
"1967498673","2592364259","6.12821"
"2592364259","1967498673","6.12821"
"1967498673","2159745320","0.342857"
"2159745320","1967498673","0.342857"
"1967498673","2740935584","0.366667"
"2740935584","1967498673","0.366667"
"2134440707","2159745320","1.34286"
"2159745320","2134440707","1.34286"
"2134440707","2538426055","1.35397"
"2538426055","2134440707","1.35397"
"2134440707","2611325507","1.22063"
"2611325507","2134440707","1.22063"
"2134440707","2740935584","0.533333"
"2740935584","2134440707","0.533333"
"2159745320","2538426055","0.342857"
"2538426055","2159745320","0.342857"
"2159745320","2611325507","0.342857"
"2611325507","2159745320","0.342857"
"2159745320","2740935584","0.2"
"2740935584","2159745320","0.2"
"2538426055","2740935584","1.2"
"2740935584","2538426055","1.2"
"2611325507","2740935584","1.36667"
"2740935584","2611325507","1.36667"
"1967498673","2020728328","1.2"
"2020728328","1967498673","1.2"
"1967498673","2052379065","2.06111"
"2052379065","1967498673","2.06111"
"2020728328","2052379065","0.45"
"2052379065","2020728328","0.45"
"2020728328","2592364259","0.25"
"2592364259","2020728328","0.25"
"2052379065","2538426055","0.472222"
"2538426055","2052379065","0.472222"
"2052379065","2592364259","0.972222"
"2592364259","2052379065","0.972222"
"2538426055","2592364259","1.81508"
"2592364259","2538426055","1.81508"
"1967498673","2040638623","1.07107"
"2040638623","1967498673","1.07107"
"1967498673","2759345366","0.511544"
"2759345366","1967498673","0.511544"
"1986827153","2040638623","0.142857"
"2040638623","1986827153","0.142857"
"1986827153","2102306213","0.142857"
"2102306213","1986827153","0.142857"
"1986827153","2134440707","0.392857"
"2134440707","1986827153","0.392857"
"1986827153","2144156154","0.142857"
"2144156154","1986827153","0.142857"
"1986827153","2759345366","0.392857"
"2759345366","1986827153","0.392857"
"2040638623","2102306213","0.142857"
"2102306213","2040638623","0.142857"
"2040638623","2114811766","8.01154"
"2114811766","2040638623","8.01154"
"2040638623","2134440707","0.285714"
"2134440707","2040638623","0.285714"
"2040638623","2144156154","0.142857"
"2144156154","2040638623","0.142857"
"2040638623","2759345366","0.344877"
"2759345366","2040638623","0.344877"
"2102306213","2114811766","0.142857"
"2114811766","2102306213","0.142857"
"2102306213","2759345366","0.142857"
"2759345366","2102306213","0.142857"
"2114811766","2134440707","2.72619"
"2134440707","2114811766","2.72619"
"2114811766","2144156154","0.142857"
"2144156154","2114811766","0.142857"
"2114811766","2759345366","0.344877"
"2759345366","2114811766","0.344877"
"2134440707","2759345366","0.392857"
"2759345366","2134440707","0.392857"
"2144156154","2759345366","0.142857"
"2759345366","2144156154","0.142857"
"1967498673","2029860830","0.624242"
"2029860830","1967498673","0.624242"
"2029860830","2040638623","0.257576"
"2040638623","2029860830","0.257576"
"2029860830","2114811766","0.257576"
"2114811766","2029860830","0.257576"
"2029860830","2538426055","3.11667"
"2538426055","2029860830","3.11667"
"2029860830","2592364259","0.757576"
"2592364259","2029860830","0.757576"
"2029860830","2611325507","1.70758"
"2611325507","2029860830","1.70758"
"2040638623","2538426055","0.420635"
"2538426055","2040638623","0.420635"
"2040638623","2592364259","0.678211"
"2592364259","2040638623","0.678211"
"2040638623","2611325507","0.5671"
"2611325507","2040638623","0.5671"
"2114811766","2592364259","1.20202"
"2592364259","2114811766","1.20202"
"2592364259","2611325507","1.21154"
"2611325507","2592364259","1.21154"
"1967498673","2465191537","0.768687"
"2465191537","1967498673","0.768687"
"1967498673","2471896774","0.0909091"
"2471896774","1967498673","0.0909091"
"1967498673","2507627684","0.340909"
"2507627684","1967498673","0.340909"
"2010259002","2029860830","0.0909091"
"2029860830","2010259002","0.0909091"
"2010259002","2040638623","0.340909"
"2040638623","2010259002","0.340909"
"2010259002","2465191537","0.0909091"
"2465191537","2010259002","0.0909091"
"2010259002","2471896774","0.0909091"
"2471896774","2010259002","0.0909091"
"2010259002","2759345366","0.0909091"
"2759345366","2010259002","0.0909091"
"2029860830","2465191537","1.70758"
"2465191537","2029860830","1.70758"
"2029860830","2471896774","0.424242"
"2471896774","2029860830","0.424242"
"2029860830","2507627684","0.0909091"
"2507627684","2029860830","0.0909091"
"2029860830","2759345366","0.840909"
"2759345366","2029860830","0.840909"
"2029860830","2950184844","0.590909"
"2950184844","2029860830","0.590909"
"2040638623","2465191537","0.20202"
"2465191537","2040638623","0.20202"
"2040638623","2471896774","0.0909091"
"2471896774","2040638623","0.0909091"
"2040638623","2507627684","0.340909"
"2507627684","2040638623","0.340909"
"2040638623","2950184844","0.340909"
"2950184844","2040638623","0.340909"
"2114811766","2465191537","0.20202"
"2465191537","2114811766","0.20202"
"2114811766","2471896774","0.0909091"
"2471896774","2114811766","0.0909091"
"2114811766","2507627684","0.0909091"
"2507627684","2114811766","0.0909091"
"2465191537","2471896774","0.0909091"
"2471896774","2465191537","0.0909091"
"2465191537","2507627684","0.0909091"
"2507627684","2465191537","0.0909091"
"2465191537","2592364259","1.34646"
"2592364259","2465191537","1.34646"
"2465191537","2611325507","2.93535"
"2611325507","2465191537","2.93535"
"2465191537","2759345366","0.868687"
"2759345366","2465191537","0.868687"
"2465191537","2950184844","0.0909091"
"2950184844","2465191537","0.0909091"
"2471896774","2507627684","0.0909091"
"2507627684","2471896774","0.0909091"
"2471896774","2592364259","0.424242"
"2592364259","2471896774","0.424242"
"2471896774","2611325507","1.09091"
"2611325507","2471896774","1.09091"
"2471896774","2759345366","0.0909091"
"2759345366","2471896774","0.0909091"
"2471896774","2950184844","0.0909091"
"2950184844","2471896774","0.0909091"
"2507627684","2611325507","0.0909091"
"2611325507","2507627684","0.0909091"
"2507627684","2759345366","0.0909091"
"2759345366","2507627684","0.0909091"
"2507627684","2950184844","0.340909"
"2950184844","2507627684","0.340909"
"2592364259","2759345366","1.61869"
"2759345366","2592364259","1.61869"
"2592364259","2950184844","0.0909091"
"2950184844","2592364259","0.0909091"
"2611325507","2759345366","1.09091"
"2759345366","2611325507","1.09091"
"2759345366","2950184844","0.0909091"
"2950184844","2759345366","0.0909091"
"2465191537","2538426055","5.45556"
"2538426055","2465191537","5.45556"
"2538426055","2759345366","1.61111"
"2759345366","2538426055","1.61111"
"1967498673","2153801716","0.333333"
"2153801716","1967498673","0.333333"
"2102306213","2153801716","0.333333"
"2153801716","2102306213","0.333333"
"2153801716","2171457800","0.333333"
"2171457800","2153801716","0.333333"
"1967498673","2034048675","0.75"
"2034048675","1967498673","0.75"
"2020728328","2034048675","0.25"
"2034048675","2020728328","0.25"
"2020728328","2114811766","0.25"
"2114811766","2020728328","0.25"
"2020728328","2134440707","0.95"
"2134440707","2020728328","0.95"
"2034048675","2114811766","1.58333"
"2114811766","2034048675","1.58333"
"2034048675","2134440707","0.583333"
"2134440707","2034048675","0.583333"
"1967498673","2592757767","0.2"
"2592757767","1967498673","0.2"
"2020728328","2592757767","0.2"
"2592757767","2020728328","0.2"
"2020728328","2611325507","0.7"
"2611325507","2020728328","0.7"
"2052379065","2134440707","0.311111"
"2134440707","2052379065","0.311111"
"2052379065","2592757767","0.2"
"2592757767","2052379065","0.2"
"2052379065","2611325507","0.477778"
"2611325507","2052379065","0.477778"
"2134440707","2592757767","0.95"
"2592757767","2134440707","0.95"
"2592757767","2611325507","0.2"
"2611325507","2592757767","0.2"
"2134440707","2465191537","0.677778"
"2465191537","2134440707","0.677778"
"2134440707","2592364259","0.870635"
"2592364259","2134440707","0.870635"
"2052379065","2114811766","0.444444"
"2114811766","2052379065","0.444444"
"1967498673","2039168366","0.277778"
"2039168366","1967498673","0.277778"
"2039168366","2040638623","0.277778"
"2040638623","2039168366","0.277778"
"2039168366","2052379065","0.388889"
"2052379065","2039168366","0.388889"
"2039168366","2592364259","0.388889"
"2592364259","2039168366","0.388889"
"2039168366","2611325507","0.277778"
"2611325507","2039168366","0.277778"
"2039168366","2740935584","0.166667"
"2740935584","2039168366","0.166667"
"2040638623","2052379065","0.277778"
"2052379065","2040638623","0.277778"
"2040638623","2740935584","0.166667"
"2740935584","2040638623","0.166667"
"2052379065","2740935584","0.166667"
"2740935584","2052379065","0.166667"
"2592364259","2740935584","1.16667"
"2740935584","2592364259","1.16667"
"1967498673","2081280752","0.111111"
"2081280752","1967498673","0.111111"
"2039168366","2081280752","0.222222"
"2081280752","2039168366","0.222222"
"2039168366","2114811766","0.111111"
"2114811766","2039168366","0.111111"
"2039168366","2465191537","0.222222"
"2465191537","2039168366","0.222222"
"2039168366","2538426055","0.222222"
"2538426055","2039168366","0.222222"
"2039168366","2759345366","0.111111"
"2759345366","2039168366","0.111111"
"2040638623","2081280752","0.111111"
"2081280752","2040638623","0.111111"
"2052379065","2081280752","0.222222"
"2081280752","2052379065","0.222222"
"2052379065","2465191537","0.222222"
"2465191537","2052379065","0.222222"
"2052379065","2759345366","0.111111"
"2759345366","2052379065","0.111111"
"2081280752","2114811766","0.111111"
"2114811766","2081280752","0.111111"
"2081280752","2465191537","0.388889"
"2465191537","2081280752","0.388889"
"2081280752","2538426055","0.388889"
"2538426055","2081280752","0.388889"
"2081280752","2759345366","0.111111"
"2759345366","2081280752","0.111111"
"1967498673","2020200953","0.333333"
"2020200953","1967498673","0.333333"
"1967498673","2150937237","0.333333"
"2150937237","1967498673","0.333333"
"2020200953","2134440707","0.444444"
"2134440707","2020200953","0.444444"
"2134440707","2150937237","1.16667"
"2150937237","2134440707","1.16667"
"2029860830","2134440707","0.2"
"2134440707","2029860830","0.2"
"2040638623","2159745320","0.142857"
"2159745320","2040638623","0.142857"
"2040638623","2169853709","0.142857"
"2169853709","2040638623","0.142857"
"2134440707","2169853709","0.142857"
"2169853709","2134440707","0.142857"
"2159745320","2169853709","0.142857"
"2169853709","2159745320","0.142857"
"2159745320","2592364259","0.142857"
"2592364259","2159745320","0.142857"
"2169853709","2592364259","0.142857"
"2592364259","2169853709","0.142857"
"1986827153","2029860830","0.333333"
"2029860830","1986827153","0.333333"
"1986827153","2471896774","0.333333"
"2471896774","1986827153","0.333333"
"1986827153","2592364259","0.583333"
"2592364259","1986827153","0.583333"
"1986827153","2592757767","0.25"
"2592757767","1986827153","0.25"
"2592364259","2592757767","0.25"
"2592757767","2592364259","0.25"
"2592757767","2759345366","0.25"
"2759345366","2592757767","0.25"
"1986827153","2740935584","2"
"2740935584","1986827153","2"
"1991892717","2020728328","0.25"
"2020728328","1991892717","0.25"
"1991892717","2117626478","0.25"
"2117626478","1991892717","0.25"
"1991892717","2126488676","0.25"
"2126488676","1991892717","0.25"
"1991892717","2153801716","0.25"
"2153801716","1991892717","0.25"
"2020728328","2117626478","0.25"
"2117626478","2020728328","0.25"
"2020728328","2126488676","0.25"
"2126488676","2020728328","0.25"
"2020728328","2153801716","0.25"
"2153801716","2020728328","0.25"
"2117626478","2126488676","0.25"
"2126488676","2117626478","0.25"
"2117626478","2153801716","3.58333"
"2153801716","2117626478","3.58333"
"2126488676","2153801716","1.75"
"2153801716","2126488676","1.75"
"2004579804","2084929085","1"
"2084929085","2004579804","1"
"2004579804","2592757767","1"
"2592757767","2004579804","1"
"2004579804","2740935584","2"
"2740935584","2004579804","2"
"2007753644","2471896774","7"
"2471896774","2007753644","7"
"2007753644","2594262932","1"
"2594262932","2007753644","1"
"2471896774","2594262932","1"
"2594262932","2471896774","1"
"2010259002","2107329943","0.5"
"2107329943","2010259002","0.5"
"2107329943","2126281141","0.5"
"2126281141","2107329943","0.5"
"2034977219","2084929085","0.166667"
"2084929085","2034977219","0.166667"
"2034977219","2168979393","0.166667"
"2168979393","2034977219","0.166667"
"2084929085","2768007961","0.166667"
"2768007961","2084929085","0.166667"
"2126281141","2168979393","0.166667"
"2168979393","2126281141","0.166667"
"2168979393","2768007961","0.166667"
"2768007961","2168979393","0.166667"
"2050727066","2611325507","0.2"
"2611325507","2050727066","0.2"
"2084929085","2611325507","0.2"
"2611325507","2084929085","0.2"
"2181863784","2538426055","0.2"
"2538426055","2181863784","0.2"
"2181863784","2611325507","0.2"
"2611325507","2181863784","0.2"
"2020200953","2114811766","0.5"
"2114811766","2020200953","0.5"
"2020200953","2741293783","1.61111"
"2741293783","2020200953","1.61111"
"2114811766","2741293783","1.5"
"2741293783","2114811766","1.5"
"2020200953","2039168366","0.111111"
"2039168366","2020200953","0.111111"
"2020200953","2052379065","0.111111"
"2052379065","2020200953","0.111111"
"2020200953","2465191537","0.111111"
"2465191537","2020200953","0.111111"
"2020200953","2538426055","0.111111"
"2538426055","2020200953","0.111111"
"2020200953","2611325507","0.111111"
"2611325507","2020200953","0.111111"
"2039168366","2134440707","0.111111"
"2134440707","2039168366","0.111111"
"2039168366","2741293783","0.111111"
"2741293783","2039168366","0.111111"
"2052379065","2741293783","0.111111"
"2741293783","2052379065","0.111111"
"2081280752","2134440707","0.277778"
"2134440707","2081280752","0.277778"
"2081280752","2611325507","0.277778"
"2611325507","2081280752","0.277778"
"2081280752","2741293783","0.111111"
"2741293783","2081280752","0.111111"
"2134440707","2741293783","0.444444"
"2741293783","2134440707","0.444444"
"2465191537","2741293783","0.111111"
"2741293783","2465191537","0.111111"
"2538426055","2741293783","0.111111"
"2741293783","2538426055","0.111111"
"2592364259","2741293783","1.11111"
"2741293783","2592364259","1.11111"
"2611325507","2741293783","0.111111"
"2741293783","2611325507","0.111111"
"2020728328","2107329943","1"
"2107329943","2020728328","1"
"2020728328","2029860830","0.5"
"2029860830","2020728328","0.5"
"2020728328","2127746435","0.5"
"2127746435","2020728328","0.5"
"2127746435","2169853709","0.5"
"2169853709","2127746435","0.5"
"2029860830","2740935584","0.5"
"2740935584","2029860830","0.5"
"2034048675","2145276935","4.45"
"2145276935","2034048675","4.45"
"2034048675","2040638623","1.5"
"2040638623","2034048675","1.5"
"2034048675","2044406579","5.11667"
"2044406579","2034048675","5.11667"
"2034048675","2130385090","3.28333"
"2130385090","2034048675","3.28333"
"2034048675","2150937237","1.91667"
"2150937237","2034048675","1.91667"
"2044406579","2130385090","0.616667"
