"139202495","2014054353","0.5"
"2014054353","139202495","0.5"
"139202495","2146211964","0.75"
"2146211964","139202495","0.75"
"2014054353","2146211964","5.75"
"2146211964","2014054353","5.75"
"139202495","1585030920","0.333333"
"1585030920","139202495","0.333333"
"139202495","2135933483","0.333333"
"2135933483","139202495","0.333333"
"139202495","2422454030","0.333333"
"2422454030","139202495","0.333333"
"1585030920","2135933483","0.444444"
"2135933483","1585030920","0.444444"
"1585030920","2422454030","21.4038"
"2422454030","1585030920","21.4038"
"2135933483","2422454030","0.444444"
"2422454030","2135933483","0.444444"
"139202495","2058658095","0.25"
"2058658095","139202495","0.25"
"139202495","2130553454","0.25"
"2130553454","139202495","0.25"
"139202495","2742875625","0.25"
"2742875625","139202495","0.25"
"2058658095","2130553454","0.25"
"2130553454","2058658095","0.25"
"2058658095","2146211964","0.25"
"2146211964","2058658095","0.25"
"2058658095","2742875625","0.25"
"2742875625","2058658095","0.25"
"2130553454","2146211964","0.25"
"2146211964","2130553454","0.25"
"2130553454","2742875625","0.25"
"2742875625","2130553454","0.25"
"2146211964","2742875625","0.75"
"2742875625","2146211964","0.75"
"1508926539","2137972841","5.58333"
"2137972841","1508926539","5.58333"
"1508926539","2156991838","0.5"
"2156991838","1508926539","0.5"
"2137972841","2156991838","1.5"
"2156991838","2137972841","1.5"
"1508926539","151855835","0.0833333"
"151855835","1508926539","0.0833333"
"1508926539","1958570116","0.0833333"
"1958570116","1508926539","0.0833333"
"1508926539","1968606833","0.0833333"
"1968606833","1508926539","0.0833333"
"1508926539","1975431506","0.0833333"
"1975431506","1508926539","0.0833333"
"1508926539","1975549305","0.0833333"
"1975549305","1508926539","0.0833333"
"1508926539","2008565899","0.0833333"
"2008565899","1508926539","0.0833333"
"1508926539","2045802085","0.0833333"
"2045802085","1508926539","0.0833333"
"1508926539","2054514509","0.0833333"
"2054514509","1508926539","0.0833333"
"1508926539","2080291321","0.0833333"
"2080291321","1508926539","0.0833333"
"1508926539","2119675572","0.0833333"
"2119675572","1508926539","0.0833333"
"1508926539","2993429078","0.0833333"
"2993429078","1508926539","0.0833333"
"151855835","1958570116","2.13333"
"1958570116","151855835","2.13333"
"151855835","1968606833","0.97619"
"1968606833","151855835","0.97619"
"151855835","1975431506","3.14405"
"1975431506","151855835","3.14405"
"151855835","1975549305","5.35119"
"1975549305","151855835","5.35119"
"151855835","2008565899","1.77619"
"2008565899","151855835","1.77619"
"151855835","2045802085","1.91071"
"2045802085","151855835","1.91071"
"151855835","2054514509","0.719048"
"2054514509","151855835","0.719048"
"151855835","2080291321","4.325"
"2080291321","151855835","4.325"
"151855835","2119675572","0.892857"
"2119675572","151855835","0.892857"
"151855835","2137972841","0.22619"
"2137972841","151855835","0.22619"
"151855835","2993429078","0.0833333"
"2993429078","151855835","0.0833333"
"1958570116","1968606833","0.508333"
"1968606833","1958570116","0.508333"
"1958570116","1975431506","1.78333"
"1975431506","1958570116","1.78333"
"1958570116","1975549305","4.01667"
"1975549305","1958570116","4.01667"
"1958570116","2008565899","0.408333"
"2008565899","1958570116","0.408333"
"1958570116","2045802085","1.78333"
"2045802085","1958570116","1.78333"
"1958570116","2054514509","0.408333"
"2054514509","1958570116","0.408333"
"1958570116","2080291321","0.966667"
"2080291321","1958570116","0.966667"
"1958570116","2119675572","0.183333"
"2119675572","1958570116","0.183333"
"1958570116","2137972841","0.0833333"
"2137972841","1958570116","0.0833333"
"1958570116","2993429078","0.0833333"
"2993429078","1958570116","0.0833333"
"1968606833","1975431506","0.890476"
"1975431506","1968606833","0.890476"
"1968606833","1975549305","1.91905"
"1975549305","1968606833","1.91905"
"1968606833","2008565899","2.97798"
"2008565899","1968606833","2.97798"
"1968606833","2045802085","2.4994"
"2045802085","1968606833","2.4994"
"1968606833","2054514509","1.91071"
"2054514509","1968606833","1.91071"
"1968606833","2080291321","1.22619"
"2080291321","1968606833","1.22619"
"1968606833","2119675572","1.31964"
"2119675572","1968606833","1.31964"
"1968606833","2137972841","0.0833333"
"2137972841","1968606833","0.0833333"
"1968606833","2993429078","0.145833"
"2993429078","1968606833","0.145833"
"1975431506","1975549305","2.44405"
"1975549305","1975431506","2.44405"
"1975431506","2008565899","0.690476"
"2008565899","1975431506","0.690476"
"1975431506","2045802085","1.75754"
"2045802085","1975431506","1.75754"
"1975431506","2054514509","0.873016"
"2054514509","1975431506","0.873016"
"1975431506","2080291321","2.33452"
"2080291321","1975431506","2.33452"
"1975431506","2119675572","0.440476"
"2119675572","1975431506","0.440476"
"1975431506","2137972841","0.22619"
"2137972841","1975431506","0.22619"
"1975431506","2993429078","0.0833333"
"2993429078","1975431506","0.0833333"
"1975549305","2008565899","1.77619"
"2008565899","1975549305","1.77619"
"1975549305","2045802085","2.16071"
"2045802085","1975549305","2.16071"
"1975549305","2054514509","0.57619"
"2054514509","1975549305","0.57619"
"1975549305","2080291321","15.4345"
"2080291321","1975549305","15.4345"
"1975549305","2119675572","1.22619"
"2119675572","1975549305","1.22619"
"1975549305","2137972841","0.0833333"
"2137972841","1975549305","0.0833333"
"1975549305","2993429078","0.0833333"
"2993429078","1975549305","0.0833333"
"2008565899","2045802085","2.61052"
"2045802085","2008565899","2.61052"
"2008565899","2054514509","2.30933"
"2054514509","2008565899","2.30933"
"2008565899","2080291321","1.35952"
"2080291321","2008565899","1.35952"
"2008565899","2119675572","8.84583"
"2119675572","2008565899","8.84583"
"2008565899","2137972841","0.22619"
"2137972841","2008565899","0.22619"
"2008565899","2993429078","0.0833333"
"2993429078","2008565899","0.0833333"
"2045802085","2054514509","3.19782"
"2054514509","2045802085","3.19782"
"2045802085","2080291321","1.51786"
"2080291321","2045802085","1.51786"
"2045802085","2119675572","1.04107"
"2119675572","2045802085","1.04107"
"2045802085","2137972841","0.22619"
"2137972841","2045802085","0.22619"
"2045802085","2993429078","0.0833333"
"2993429078","2045802085","0.0833333"
"2054514509","2080291321","0.683333"
"2080291321","2054514509","0.683333"
"2054514509","2119675572","1.27321"
"2119675572","2054514509","1.27321"
"2054514509","2137972841","0.22619"
"2137972841","2054514509","0.22619"
"2054514509","2993429078","0.145833"
"2993429078","2054514509","0.145833"
"2080291321","2119675572","0.559524"
"2119675572","2080291321","0.559524"
"2080291321","2137972841","0.0833333"
"2137972841","2080291321","0.0833333"
"2080291321","2993429078","0.0833333"
"2993429078","2080291321","0.0833333"
"2119675572","2137972841","0.22619"
"2137972841","2119675572","0.22619"
"2119675572","2993429078","0.0833333"
"2993429078","2119675572","0.0833333"
"2137972841","2993429078","0.0833333"
"2993429078","2137972841","0.0833333"
"1508926539","2096002060","0.333333"
"2096002060","1508926539","0.333333"
"1508926539","2096876644","0.333333"
"2096876644","1508926539","0.333333"
"1508926539","2108563232","0.333333"
"2108563232","1508926539","0.333333"
"2096002060","2096876644","0.333333"
"2096876644","2096002060","0.333333"
"2096002060","2108563232","0.333333"
"2108563232","2096002060","0.333333"
"2096876644","2108563232","3.07543"
"2108563232","2096876644","3.07543"
"1514757139","2002352982","1.38674"
"2002352982","1514757139","1.38674"
"1514757139","2096876644","0.490909"
"2096876644","1514757139","0.490909"
"1514757139","2108563232","4.95023"
"2108563232","1514757139","4.95023"
"1514757139","2112022568","5.45023"
"2112022568","1514757139","5.45023"
"2002352982","2096876644","0.574242"
"2096876644","2002352982","0.574242"
"2002352982","2108563232","1.97008"
"2108563232","2002352982","1.97008"
"2002352982","2112022568","2.38674"
"2112022568","2002352982","2.38674"
"2096876644","2112022568","0.490909"
"2112022568","2096876644","0.490909"
"2108563232","2112022568","6.45023"
"2112022568","2108563232","6.45023"
"1514757139","2008565899","0.0666667"
"2008565899","1514757139","0.0666667"
"1514757139","2041180892","0.15"
"2041180892","1514757139","0.15"
"1514757139","2091095338","0.525992"
"2091095338","1514757139","0.525992"
"1514757139","2106463421","1.28357"
"2106463421","1514757139","1.28357"
"1514757139","2134021315","0.2125"
"2134021315","1514757139","0.2125"
"1514757139","2135933483","0.525992"
"2135933483","1514757139","0.525992"
"1514757139","2137596716","0.700234"
"2137596716","1514757139","0.700234"
"1514757139","2147649629","0.15"
"2147649629","1514757139","0.15"
"1514757139","2148130403","0.0666667"
"2148130403","1514757139","0.0666667"
"1514757139","2150284667","0.2125"
"2150284667","1514757139","0.2125"
"1514757139","5320521","0.700234"
"5320521","1514757139","0.700234"
"2002352982","2008565899","0.0666667"
"2008565899","2002352982","0.0666667"
"2002352982","2041180892","0.233333"
"2041180892","2002352982","0.233333"
"2002352982","2091095338","0.129167"
"2091095338","2002352982","0.129167"
"2002352982","2106463421","0.920076"
"2106463421","2002352982","0.920076"
"2002352982","2134021315","0.629167"
"2134021315","2002352982","0.629167"
"2002352982","2135933483","0.129167"
"2135933483","2002352982","0.129167"
"2002352982","2137596716","0.586742"
"2137596716","2002352982","0.586742"
"2002352982","2147649629","0.233333"
"2147649629","2002352982","0.233333"
"2002352982","2148130403","0.15"
"2148130403","2002352982","0.15"
"2002352982","2150284667","1.62917"
"2150284667","2002352982","1.62917"
"2002352982","5320521","1.38674"
"5320521","2002352982","1.38674"
"2008565899","2041180892","0.380952"
"2041180892","2008565899","0.380952"
"2008565899","2091095338","0.0666667"
"2091095338","2008565899","0.0666667"
"2008565899","2096876644","0.191667"
"2096876644","2008565899","0.191667"
"2008565899","2106463421","0.263095"
"2106463421","2008565899","0.263095"
"2008565899","2108563232","0.563095"
"2108563232","2008565899","0.563095"
"2008565899","2112022568","0.0666667"
"2112022568","2008565899","0.0666667"
"2008565899","2134021315","0.316667"
"2134021315","2008565899","0.316667"
"2008565899","2135933483","0.0666667"
"2135933483","2008565899","0.0666667"
"2008565899","2137596716","0.591667"
"2137596716","2008565899","0.591667"
"2008565899","2147649629","0.434524"
"2147649629","2008565899","0.434524"
"2008565899","2148130403","1.43611"
"2148130403","2008565899","1.43611"
"2008565899","2150284667","0.0666667"
"2150284667","2008565899","0.0666667"
"2008565899","5320521","0.0666667"
"5320521","2008565899","0.0666667"
"2041180892","2091095338","0.65"
"2091095338","2041180892","0.65"
"2041180892","2096876644","1.02619"
"2096876644","2041180892","1.02619"
"2041180892","2106463421","1.34762"
"2106463421","2041180892","1.34762"
"2041180892","2108563232","0.947619"
"2108563232","2041180892","0.947619"
"2041180892","2112022568","0.15"
"2112022568","2041180892","0.15"
"2041180892","2134021315","0.233333"
"2134021315","2041180892","0.233333"
"2041180892","2135933483","0.65"
"2135933483","2041180892","0.65"
"2041180892","2137596716","2.20952"
"2137596716","2041180892","2.20952"
"2041180892","2147649629","7.79286"
"2147649629","2041180892","7.79286"
"2041180892","2148130403","0.292857"
"2148130403","2041180892","0.292857"
"2041180892","2150284667","0.233333"
"2150284667","2041180892","0.233333"
"2041180892","5320521","0.233333"
"5320521","2041180892","0.233333"
"2091095338","2096876644","0.0666667"
"2096876644","2091095338","0.0666667"
"2091095338","2106463421","1.12599"
"2106463421","2091095338","1.12599"
"2091095338","2108563232","1.62599"
"2108563232","2091095338","1.62599"
"2091095338","2112022568","0.525992"
"2112022568","2091095338","0.525992"
"2091095338","2134021315","0.479167"
"2134021315","2091095338","0.479167"
"2091095338","2135933483","4.24266"
"2135933483","2091095338","4.24266"
"2091095338","2137596716","1.12599"
"2137596716","2091095338","1.12599"
"2091095338","2147649629","0.4"
"2147649629","2091095338","0.4"
"2091095338","2148130403","0.5"
"2148130403","2091095338","0.5"
"2091095338","2150284667","1.67917"
"2150284667","2091095338","1.67917"
"2091095338","5320521","0.525992"
"5320521","2091095338","0.525992"
"2096876644","2106463421","1.3671"
"2106463421","2096876644","1.3671"
"2096876644","2134021315","0.358333"
"2134021315","2096876644","0.358333"
"2096876644","2135933483","0.0666667"
"2135933483","2096876644","0.0666667"
"2096876644","2137596716","1.4921"
"2137596716","2096876644","1.4921"
"2096876644","2147649629","0.883333"
"2147649629","2096876644","0.883333"
"2096876644","2148130403","0.292857"
"2148130403","2096876644","0.292857"
"2096876644","2150284667","0.233333"
"2150284667","2096876644","0.233333"
"2096876644","5320521","0.574242"
"5320521","2096876644","0.574242"
"2106463421","2108563232","5.58119"
"2108563232","2106463421","5.58119"
"2106463421","2112022568","1.28357"
"2112022568","2106463421","1.28357"
"2106463421","2134021315","2.02083"
"2134021315","2106463421","2.02083"
"2106463421","2135933483","0.875992"
"2135933483","2106463421","0.875992"
"2106463421","2137596716","6.37642"
"2137596716","2106463421","6.37642"
"2106463421","2147649629","1.00833"
"2147649629","2106463421","1.00833"
"2106463421","2148130403","0.392857"
"2148130403","2106463421","0.392857"
"2106463421","2150284667","2.89583"
"2150284667","2106463421","2.89583"
"2106463421","5320521","1.3669"
"5320521","2106463421","1.3669"
"2108563232","2134021315","0.6875"
"2134021315","2108563232","0.6875"
"2108563232","2135933483","0.625992"
"2135933483","2108563232","0.625992"
"2108563232","2137596716","4.35143"
"2137596716","2108563232","4.35143"
"2108563232","2147649629","0.733333"
"2147649629","2108563232","0.733333"
"2108563232","2148130403","0.592857"
"2148130403","2108563232","0.592857"
"2108563232","2150284667","0.5625"
"2150284667","2108563232","0.5625"
"2108563232","5320521","4.95023"
"5320521","2108563232","4.95023"
"2112022568","2134021315","0.2125"
"2134021315","2112022568","0.2125"
"2112022568","2135933483","0.525992"
"2135933483","2112022568","0.525992"
"2112022568","2137596716","0.700234"
"2137596716","2112022568","0.700234"
"2112022568","2147649629","0.15"
"2147649629","2112022568","0.15"
"2112022568","2148130403","0.0666667"
"2148130403","2112022568","0.0666667"
"2112022568","2150284667","0.2125"
"2150284667","2112022568","0.2125"
"2112022568","5320521","0.700234"
"5320521","2112022568","0.700234"
"2134021315","2135933483","0.229167"
"2135933483","2134021315","0.229167"
"2134021315","2137596716","1.1875"
"2137596716","2134021315","1.1875"
"2134021315","2147649629","0.358333"
"2147649629","2134021315","0.358333"
"2134021315","2148130403","0.25"
"2148130403","2134021315","0.25"
"2134021315","2150284667","6.22917"
"2150284667","2134021315","6.22917"
"2134021315","5320521","0.295833"
"5320521","2134021315","0.295833"
"2135933483","2137596716","0.875992"
"2137596716","2135933483","0.875992"
"2135933483","2147649629","0.4"
"2147649629","2135933483","0.4"
"2135933483","2148130403","0.5"
"2148130403","2135933483","0.5"
"2135933483","2150284667","0.929167"
"2150284667","2135933483","0.929167"
"2135933483","5320521","0.525992"
"5320521","2135933483","0.525992"
"2137596716","2147649629","1.81667"
"2147649629","2137596716","1.81667"
"2137596716","2148130403","0.592857"
"2148130403","2137596716","0.592857"
"2137596716","2150284667","2.0625"
"2150284667","2137596716","2.0625"
"2137596716","5320521","1.3669"
"5320521","2137596716","1.3669"
"2147649629","2148130403","0.15"
"2148130403","2147649629","0.15"
"2147649629","2150284667","0.233333"
"2150284667","2147649629","0.233333"
"2147649629","5320521","0.233333"
"5320521","2147649629","0.233333"
"2148130403","2150284667","0.25"
"2150284667","2148130403","0.25"
"2148130403","5320521","0.15"
"5320521","2148130403","0.15"
"2150284667","5320521","0.295833"
"5320521","2150284667","0.295833"
"1514757139","2124398102","0.583333"
"2124398102","1514757139","0.583333"
"2106463421","2124398102","2.32143"
"2124398102","2106463421","2.32143"
"2108563232","2124398102","0.922619"
"2124398102","2108563232","0.922619"
"2112022568","2124398102","0.583333"
"2124398102","2112022568","0.583333"
"1514757139","1585030920","0.111111"
"1585030920","1514757139","0.111111"
"1514757139","2422454030","0.20202"
"2422454030","1514757139","0.20202"
"1585030920","2091095338","0.111111"
"2091095338","1585030920","0.111111"
"1585030920","2106463421","0.253968"
"2106463421","1585030920","0.253968"
"1585030920","2108563232","0.396825"
"2108563232","1585030920","0.396825"
"1585030920","2112022568","0.111111"
"2112022568","1585030920","0.111111"
"1585030920","2137596716","0.253968"
"2137596716","1585030920","0.253968"
"1585030920","5320521","0.111111"
"5320521","1585030920","0.111111"
"2091095338","2422454030","0.111111"
"2422454030","2091095338","0.111111"
"2106463421","2422454030","0.344877"
"2422454030","2106463421","0.344877"
"2108563232","2422454030","0.487734"
"2422454030","2108563232","0.487734"
"2112022568","2422454030","0.20202"
"2422454030","2112022568","0.20202"
"2137596716","2422454030","0.344877"
"2422454030","2137596716","0.344877"
"2422454030","5320521","0.20202"
"5320521","2422454030","0.20202"
"1514757139","2054514509","0.3125"
"2054514509","1514757139","0.3125"
"1514757139","2296458221","0.340909"
"2296458221","1514757139","0.340909"
"2054514509","2108563232","0.579167"
"2108563232","2054514509","0.579167"
"2054514509","2112022568","0.3125"
"2112022568","2054514509","0.3125"
"2054514509","2296458221","0.983333"
"2296458221","2054514509","0.983333"
"2108563232","2296458221","0.440909"
"2296458221","2108563232","0.440909"
"2112022568","2296458221","0.340909"
"2296458221","2112022568","0.340909"
"1514757139","1519460759","0.0909091"
"1519460759","1514757139","0.0909091"
"1514757139","2756075574","0.153409"
"2756075574","1514757139","0.153409"
"1519460759","2002352982","0.290909"
"2002352982","1519460759","0.290909"
"1519460759","2096876644","0.465909"
"2096876644","1519460759","0.465909"
"1519460759","2106463421","1.54091"
"2106463421","1519460759","1.54091"
"1519460759","2108563232","2.21591"
"2108563232","1519460759","2.21591"
"1519460759","2112022568","0.0909091"
"2112022568","1519460759","0.0909091"
"1519460759","2137596716","0.665909"
"2137596716","1519460759","0.665909"
"1519460759","2296458221","0.0909091"
"2296458221","1519460759","0.0909091"
"1519460759","2422454030","0.0909091"
"2422454030","1519460759","0.0909091"
"1519460759","2756075574","0.0909091"
"2756075574","1519460759","0.0909091"
"1519460759","5320521","0.340909"
"5320521","1519460759","0.340909"
"2002352982","2296458221","0.0909091"
"2296458221","2002352982","0.0909091"
"2002352982","2422454030","0.0909091"
"2422454030","2002352982","0.0909091"
"2002352982","2756075574","0.236742"
"2756075574","2002352982","0.236742"
"2096876644","2296458221","0.0909091"
"2296458221","2096876644","0.0909091"
"2096876644","2422454030","0.233766"
"2422454030","2096876644","0.233766"
"2096876644","2756075574","0.174242"
"2756075574","2096876644","0.174242"
"2106463421","2296458221","0.0909091"
"2296458221","2106463421","0.0909091"
"2106463421","2756075574","0.236742"
"2756075574","2106463421","0.236742"
"2108563232","2756075574","0.570076"
"2756075574","2108563232","0.570076"
"2112022568","2756075574","0.153409"
"2756075574","2112022568","0.153409"
"2137596716","2296458221","0.290909"
"2296458221","2137596716","0.290909"
"2137596716","2756075574","0.236742"
"2756075574","2137596716","0.236742"
"2296458221","2422454030","0.0909091"
"2422454030","2296458221","0.0909091"
"2296458221","2756075574","0.0909091"
"2756075574","2296458221","0.0909091"
"2296458221","5320521","0.0909091"
"5320521","2296458221","0.0909091"
"2422454030","2756075574","0.26452"
"2756075574","2422454030","0.26452"
"2756075574","5320521","0.570076"
"5320521","2756075574","0.570076"
"1514757139","1975431506","0.0833333"
"1975431506","1514757139","0.0833333"
"1975431506","2002352982","0.0833333"
"2002352982","1975431506","0.0833333"
"1975431506","2041180892","0.154762"
"2041180892","1975431506","0.154762"
"1975431506","2096876644","1.08333"
"2096876644","1975431506","1.08333"
"1975431506","2106463421","0.154762"
"2106463421","1975431506","0.154762"
"1975431506","2108563232","0.154762"
"2108563232","1975431506","0.154762"
"1975431506","2112022568","0.0833333"
"2112022568","1975431506","0.0833333"
"1975431506","2134021315","0.0833333"
"2134021315","1975431506","0.0833333"
"1975431506","2137596716","0.0833333"
"2137596716","1975431506","0.0833333"
"1975431506","2147649629","0.0833333"
"2147649629","1975431506","0.0833333"
"1975431506","2150284667","0.333333"
"2150284667","1975431506","0.333333"
"1975431506","5320521","0.0833333"
"5320521","1975431506","0.0833333"
"1514757139","1916258859","0.0625"
"1916258859","1514757139","0.0625"
"1514757139","1968606833","0.0625"
"1968606833","1514757139","0.0625"
"1514757139","2025367667","0.0625"
"2025367667","1514757139","0.0625"
"1514757139","2993429078","0.0625"
"2993429078","1514757139","0.0625"
"1916258859","1968606833","0.473214"
"1968606833","1916258859","0.473214"
"1916258859","2002352982","0.0625"
"2002352982","1916258859","0.0625"
"1916258859","2025367667","0.0625"
"2025367667","1916258859","0.0625"
"1916258859","2054514509","0.806548"
"2054514509","1916258859","0.806548"
"1916258859","2091095338","1.0625"
"2091095338","1916258859","1.0625"
"1916258859","2106463421","0.1875"
"2106463421","1916258859","0.1875"
"1916258859","2108563232","0.0625"
"2108563232","1916258859","0.0625"
"1916258859","2112022568","0.0625"
"2112022568","1916258859","0.0625"
"1916258859","2134021315","0.1875"
"2134021315","1916258859","0.1875"
"1916258859","2135933483","0.5625"
"2135933483","1916258859","0.5625"
"1916258859","2137596716","0.0625"
"2137596716","1916258859","0.0625"
"1916258859","2150284667","1.8125"
"2150284667","1916258859","1.8125"
"1916258859","2756075574","0.0625"
"2756075574","1916258859","0.0625"
"1916258859","2993429078","0.0625"
"2993429078","1916258859","0.0625"
"1916258859","5320521","0.0625"
"5320521","1916258859","0.0625"
"1968606833","2002352982","0.0625"
"2002352982","1968606833","0.0625"
"1968606833","2025367667","0.35"
"2025367667","1968606833","0.35"
"1968606833","2091095338","0.1625"
"2091095338","1968606833","0.1625"
"1968606833","2106463421","0.358929"
"2106463421","1968606833","0.358929"
"1968606833","2108563232","0.558929"
"2108563232","1968606833","0.558929"
"1968606833","2112022568","0.0625"
"2112022568","1968606833","0.0625"
"1968606833","2134021315","0.4125"
"2134021315","1968606833","0.4125"
"1968606833","2135933483","0.1625"
"2135933483","1968606833","0.1625"
"1968606833","2137596716","1.0875"
"2137596716","1968606833","1.0875"
"1968606833","2150284667","0.1625"
"2150284667","1968606833","0.1625"
"1968606833","2756075574","1.325"
"2756075574","1968606833","1.325"
"1968606833","5320521","0.0625"
"5320521","1968606833","0.0625"
"2002352982","2025367667","0.0625"
"2025367667","2002352982","0.0625"
"2002352982","2054514509","0.0625"
"2054514509","2002352982","0.0625"
"2002352982","2993429078","0.0625"
"2993429078","2002352982","0.0625"
"2025367667","2054514509","1.11508"
"2054514509","2025367667","1.11508"
"2025367667","2091095338","0.1625"
"2091095338","2025367667","0.1625"
"2025367667","2106463421","0.1625"
"2106463421","2025367667","0.1625"
"2025367667","2108563232","0.1625"
"2108563232","2025367667","0.1625"
"2025367667","2112022568","0.0625"
"2112022568","2025367667","0.0625"
"2025367667","2134021315","0.1625"
"2134021315","2025367667","0.1625"
"2025367667","2135933483","0.1625"
"2135933483","2025367667","0.1625"
"2025367667","2137596716","0.1625"
"2137596716","2025367667","0.1625"
"2025367667","2150284667","0.3625"
"2150284667","2025367667","0.3625"
"2025367667","2756075574","0.847222"
"2756075574","2025367667","0.847222"
"2025367667","2993429078","0.0625"
"2993429078","2025367667","0.0625"
"2025367667","5320521","0.0625"
"5320521","2025367667","0.0625"
"2054514509","2091095338","0.2625"
"2091095338","2054514509","0.2625"
"2054514509","2106463421","0.354167"
"2106463421","2054514509","0.354167"
"2054514509","2134021315","0.354167"
"2134021315","2054514509","0.354167"
"2054514509","2135933483","0.2625"
"2135933483","2054514509","0.2625"
"2054514509","2137596716","0.429167"
"2137596716","2054514509","0.429167"
"2054514509","2150284667","0.429167"
"2150284667","2054514509","0.429167"
"2054514509","2756075574","0.347222"
"2756075574","2054514509","0.347222"
"2054514509","5320521","0.0625"
"5320521","2054514509","0.0625"
"2091095338","2756075574","0.0625"
"2756075574","2091095338","0.0625"
"2091095338","2993429078","0.0625"
"2993429078","2091095338","0.0625"
"2106463421","2993429078","0.0625"
"2993429078","2106463421","0.0625"
"2108563232","2993429078","0.0625"
"2993429078","2108563232","0.0625"
"2112022568","2993429078","0.0625"
"2993429078","2112022568","0.0625"
"2134021315","2756075574","0.145833"
"2756075574","2134021315","0.145833"
"2134021315","2993429078","0.0625"
"2993429078","2134021315","0.0625"
"2135933483","2756075574","0.0625"
"2756075574","2135933483","0.0625"
"2135933483","2993429078","0.0625"
"2993429078","2135933483","0.0625"
"2137596716","2993429078","0.0625"
"2993429078","2137596716","0.0625"
"2150284667","2756075574","0.145833"
"2756075574","2150284667","0.145833"
"2150284667","2993429078","0.0625"
"2993429078","2150284667","0.0625"
"2756075574","2993429078","0.0625"
"2993429078","2756075574","0.0625"
"2993429078","5320521","0.0625"
"5320521","2993429078","0.0625"
"151855835","1916258859","5.57738"
"1916258859","151855835","5.57738"
"1916258859","1975549305","3.57738"
"1975549305","1916258859","3.57738"
"1916258859","2080291321","1.43452"
"2080291321","1916258859","1.43452"
"151855835","2925590689","0.583333"
"2925590689","151855835","0.583333"
"1916258859","1975431506","1.47024"
"1975431506","1916258859","1.47024"
"1916258859","2925590689","0.25"
"2925590689","1916258859","0.25"
"1975431506","2925590689","0.25"
"2925590689","1975431506","0.25"
"1975549305","2925590689","1.58333"
"2925590689","1975549305","1.58333"
"2080291321","2925590689","1.33333"
"2925590689","2080291321","1.33333"
"1916258859","2008565899","0.410714"
"2008565899","1916258859","0.410714"
"1916258859","2045802085","0.970238"
"2045802085","1916258859","0.970238"
"1916258859","2119675572","0.410714"
"2119675572","1916258859","0.410714"
"1916258859","2137972841","0.142857"
"2137972841","1916258859","0.142857"
"151855835","2032127253","0.875"
"2032127253","151855835","0.875"
"1975431506","2032127253","1.14643"
"2032127253","1975431506","1.14643"
"2032127253","2080291321","0.791667"
"2080291321","2032127253","0.791667"
"151855835","2158718916","2"
"2158718916","151855835","2"
"151855835","1524294845","1.08333"
"1524294845","151855835","1.08333"
"1524294845","1975431506","1.16587"
"1975431506","1524294845","1.16587"
"1524294845","1975549305","1.05"
"1975549305","1524294845","1.05"
"1524294845","2045802085","0.903968"
"2045802085","1524294845","0.903968"
"1524294845","2080291321","0.75"
"2080291321","1524294845","0.75"
"1524294845","1958570116","2.35833"
"1958570116","1524294845","2.35833"
"1524294845","1968606833","0.639286"
"1968606833","1524294845","0.639286"
"1524294845","2008565899","0.539286"
"2008565899","1524294845","0.539286"
"1524294845","2054514509","0.912302"
"2054514509","1524294845","0.912302"
"151855835","2768087169","0.47619"
"2768087169","151855835","0.47619"
"1916258859","2768087169","0.142857"
"2768087169","1916258859","0.142857"
"1968606833","2768087169","0.142857"
"2768087169","1968606833","0.142857"
"1975431506","2768087169","0.142857"
"2768087169","1975431506","0.142857"
"1975549305","2768087169","0.142857"
"2768087169","1975549305","0.142857"
"2045802085","2768087169","0.142857"
"2768087169","2045802085","0.142857"
"2054514509","2768087169","0.142857"
"2768087169","2054514509","0.142857"
"151855835","2137596716","0.1"
"2137596716","151855835","0.1"
"151855835","2296458221","0.1"
"2296458221","151855835","0.1"
"1524294845","2137596716","0.2"
"2137596716","1524294845","0.2"
"1524294845","2296458221","0.533333"
"2296458221","1524294845","0.533333"
"1958570116","2137596716","0.2"
"2137596716","1958570116","0.2"
"1958570116","2296458221","0.2"
"2296458221","1958570116","0.2"
"1968606833","2296458221","0.1"
"2296458221","1968606833","0.1"
"1975549305","2137596716","0.1"
"2137596716","1975549305","0.1"
"1975549305","2296458221","0.1"
"2296458221","1975549305","0.1"
"2008565899","2296458221","0.2"
"2296458221","2008565899","0.2"
"2045802085","2137596716","0.466667"
"2137596716","2045802085","0.466667"
"2045802085","2296458221","0.4"
"2296458221","2045802085","0.4"
"2080291321","2137596716","0.1"
"2137596716","2080291321","0.1"
"2080291321","2296458221","0.1"
"2296458221","2080291321","0.1"
"1524294845","1916258859","0.458333"
"1916258859","1524294845","0.458333"
"1524294845","2032127253","0.196429"
"2032127253","1524294845","0.196429"
"1916258859","1958570116","0.375"
"1958570116","1916258859","0.375"
"1916258859","2032127253","0.541667"
"2032127253","1916258859","0.541667"
"1958570116","2032127253","0.125"
"2032127253","1958570116","0.125"
"1975549305","2032127253","0.458333"
"2032127253","1975549305","0.458333"
"2032127253","2045802085","0.291667"
"2045802085","2032127253","0.291667"
"151855835","2045970339","1"
"2045970339","151855835","1"
"151855835","2150284667","0.25"
"2150284667","151855835","0.25"
"2032127253","2150284667","0.25"
"2150284667","2032127253","0.25"
"151855835","1552283367","0.333333"
"1552283367","151855835","0.333333"
"1552283367","2008565899","0.333333"
"2008565899","1552283367","0.333333"
"1552283367","2768087169","0.333333"
"2768087169","1552283367","0.333333"
"2008565899","2768087169","0.333333"
"2768087169","2008565899","0.333333"
"1519460759","2025367667","0.333333"
"2025367667","1519460759","0.333333"
"1519460759","2109300365","0.333333"
"2109300365","1519460759","0.333333"
"1519460759","2668937683","0.333333"
"2668937683","1519460759","0.333333"
"2025367667","2109300365","1.33333"
"2109300365","2025367667","1.33333"
"2025367667","2668937683","2.3498"
"2668937683","2025367667","2.3498"
"2109300365","2668937683","1.33333"
"2668937683","2109300365","1.33333"
"1519460759","1894699249","0.2"
"1894699249","1519460759","0.2"
"1519460759","2113808602","0.2"
"2113808602","1519460759","0.2"
"1894699249","2002352982","0.7"
"2002352982","1894699249","0.7"
"1894699249","2106463421","0.271429"
"2106463421","1894699249","0.271429"
"1894699249","2113808602","21.2714"
"2113808602","1894699249","21.2714"
"1894699249","2137596716","0.2"
"2137596716","1894699249","0.2"
"2002352982","2113808602","0.7"
"2113808602","2002352982","0.7"
"2106463421","2113808602","0.271429"
"2113808602","2106463421","0.271429"
"2113808602","2137596716","0.2"
"2137596716","2113808602","0.2"
"1519460759","1968606833","0.125"
"1968606833","1519460759","0.125"
"1519460759","2008565899","0.125"
"2008565899","1519460759","0.125"
"1519460759","2119675572","0.125"
"2119675572","1519460759","0.125"
"1519460759","2124398102","0.125"
"2124398102","1519460759","0.125"
"1519460759","2134021315","0.125"
"2134021315","1519460759","0.125"
"1968606833","2096876644","0.125"
"2096876644","1968606833","0.125"
"1968606833","2124398102","0.196429"
"2124398102","1968606833","0.196429"
"2008565899","2124398102","6.19643"
"2124398102","2008565899","6.19643"
"2096876644","2119675572","0.125"
"2119675572","2096876644","0.125"
"2096876644","2124398102","0.458333"
"2124398102","2096876644","0.458333"
"2108563232","2119675572","0.496429"
"2119675572","2108563232","0.496429"
"2119675572","2124398102","0.696429"
"2124398102","2119675572","0.696429"
"2119675572","2134021315","0.25"
"2134021315","2119675572","0.25"
"2119675572","2137596716","0.425"
"2137596716","2119675572","0.425"
"2124398102","2134021315","0.125"
"2134021315","2124398102","0.125"
"2124398102","2137596716","0.458333"
"2137596716","2124398102","0.458333"
"1524294845","2422454030","1"
"2422454030","1524294845","1"
"1524294845","2003500686","2"
"2003500686","1524294845","2"
"1524294845","2025367667","0.111111"
"2025367667","1524294845","0.111111"
"1524294845","2151067443","0.611111"
"2151067443","1524294845","0.611111"
"1524294845","2578772021","0.611111"
"2578772021","1524294845","0.611111"
"1524294845","2668937683","0.111111"
"2668937683","1524294845","0.111111"
"1524294845","2756075574","0.111111"
"2756075574","1524294845","0.111111"
"1524294845","2771921572","1.11111"
"2771921572","1524294845","1.11111"
"1975431506","2025367667","0.253968"
"2025367667","1975431506","0.253968"
"1975431506","2151067443","0.111111"
"2151067443","1975431506","0.111111"
"1975431506","2578772021","0.111111"
"2578772021","1975431506","0.111111"
"1975431506","2668937683","0.253968"
"2668937683","1975431506","0.253968"
"1975431506","2756075574","0.311111"
"2756075574","1975431506","0.311111"
"1975431506","2771921572","0.111111"
"2771921572","1975431506","0.111111"
"2025367667","2045802085","1.65258"
"2045802085","2025367667","1.65258"
"2025367667","2151067443","0.347222"
"2151067443","2025367667","0.347222"
"2025367667","2578772021","0.347222"
"2578772021","2025367667","0.347222"
"2025367667","2771921572","0.311111"
"2771921572","2025367667","0.311111"
"2045802085","2151067443","0.347222"
"2151067443","2045802085","0.347222"
"2045802085","2578772021","0.347222"
"2578772021","2045802085","0.347222"
"2045802085","2668937683","0.316468"
"2668937683","2045802085","0.316468"
"2045802085","2756075574","0.284722"
"2756075574","2045802085","0.284722"
"2045802085","2771921572","0.111111"
"2771921572","2045802085","0.111111"
"2054514509","2151067443","0.347222"
"2151067443","2054514509","0.347222"
"2054514509","2578772021","0.347222"
"2578772021","2054514509","0.347222"
"2054514509","2668937683","0.316468"
"2668937683","2054514509","0.316468"
"2054514509","2771921572","0.111111"
"2771921572","2054514509","0.111111"
"2151067443","2578772021","21.5722"
"2578772021","2151067443","21.5722"
"2151067443","2668937683","0.444444"
"2668937683","2151067443","0.444444"
"2151067443","2756075574","0.222222"
"2756075574","2151067443","0.222222"
"2151067443","2771921572","0.111111"
"2771921572","2151067443","0.111111"
"2578772021","2668937683","0.444444"
"2668937683","2578772021","0.444444"
"2578772021","2756075574","0.222222"
"2756075574","2578772021","0.222222"
"2578772021","2771921572","0.111111"
"2771921572","2578772021","0.111111"
"2668937683","2756075574","0.173611"
"2756075574","2668937683","0.173611"
"2668937683","2771921572","0.311111"
"2771921572","2668937683","0.311111"
"2756075574","2771921572","0.111111"
"2771921572","2756075574","0.111111"
"1916258859","2296458221","0.333333"
"2296458221","1916258859","0.333333"
"1524294845","1894699249","0.0714286"
"1894699249","1524294845","0.0714286"
"1524294845","2041180892","0.314286"
"2041180892","1524294845","0.314286"
"1524294845","2106463421","0.0714286"
"2106463421","1524294845","0.0714286"
"1524294845","2108563232","0.171429"
"2108563232","1524294845","0.171429"
"1524294845","2113808602","0.0714286"
"2113808602","1524294845","0.0714286"
"1524294845","2119675572","0.314286"
"2119675572","1524294845","0.314286"
"1524294845","2124398102","0.0714286"
"2124398102","1524294845","0.0714286"
"1524294845","2140055604","0.0714286"
"2140055604","1524294845","0.0714286"
"1524294845","2144388841","0.0714286"
"2144388841","1524294845","0.0714286"
"1524294845","2158718916","0.0714286"
"2158718916","1524294845","0.0714286"
"1894699249","1968606833","0.0714286"
"1968606833","1894699249","0.0714286"
"1894699249","1975431506","0.0714286"
"1975431506","1894699249","0.0714286"
"1894699249","2008565899","0.0714286"
"2008565899","1894699249","0.0714286"
"1894699249","2032127253","0.0714286"
"2032127253","1894699249","0.0714286"
"1894699249","2041180892","0.0714286"
"2041180892","1894699249","0.0714286"
"1894699249","2108563232","0.571429"
"2108563232","1894699249","0.571429"
"1894699249","2119675572","1.07143"
"2119675572","1894699249","1.07143"
"1894699249","2124398102","0.0714286"
"2124398102","1894699249","0.0714286"
"1894699249","2140055604","0.0714286"
"2140055604","1894699249","0.0714286"
"1894699249","2144388841","0.0714286"
"2144388841","1894699249","0.0714286"
"1894699249","2158718916","0.0714286"
"2158718916","1894699249","0.0714286"
"1968606833","2032127253","0.0714286"
"2032127253","1968606833","0.0714286"
"1968606833","2041180892","0.214286"
"2041180892","1968606833","0.214286"
"1968606833","2113808602","0.0714286"
"2113808602","1968606833","0.0714286"
"1968606833","2140055604","0.0714286"
"2140055604","1968606833","0.0714286"
"1968606833","2144388841","0.0714286"
"2144388841","1968606833","0.0714286"
"1968606833","2158718916","0.0714286"
"2158718916","1968606833","0.0714286"
"1975431506","2113808602","0.0714286"
"2113808602","1975431506","0.0714286"
"1975431506","2124398102","0.0714286"
"2124398102","1975431506","0.0714286"
"1975431506","2140055604","0.0714286"
"2140055604","1975431506","0.0714286"
"1975431506","2144388841","1.07143"
"2144388841","1975431506","1.07143"
"1975431506","2158718916","0.0714286"
"2158718916","1975431506","0.0714286"
"2008565899","2032127253","0.0714286"
"2032127253","2008565899","0.0714286"
"2008565899","2113808602","0.0714286"
"2113808602","2008565899","0.0714286"
"2008565899","2140055604","0.0714286"
"2140055604","2008565899","0.0714286"
"2008565899","2144388841","0.0714286"
"2144388841","2008565899","0.0714286"
"2008565899","2158718916","0.0714286"
"2158718916","2008565899","0.0714286"
"2032127253","2041180892","0.0714286"
"2041180892","2032127253","0.0714286"
"2032127253","2106463421","0.0714286"
"2106463421","2032127253","0.0714286"
"2032127253","2108563232","0.0714286"
"2108563232","2032127253","0.0714286"
"2032127253","2113808602","0.0714286"
"2113808602","2032127253","0.0714286"
"2032127253","2119675572","0.0714286"
"2119675572","2032127253","0.0714286"
"2032127253","2124398102","0.0714286"
"2124398102","2032127253","0.0714286"
"2032127253","2140055604","0.0714286"
"2140055604","2032127253","0.0714286"
"2032127253","2144388841","1.2381"
"2144388841","2032127253","1.2381"
"2032127253","2158718916","0.0714286"
"2158718916","2032127253","0.0714286"
"2041180892","2113808602","0.0714286"
"2113808602","2041180892","0.0714286"
"2041180892","2119675572","0.314286"
"2119675572","2041180892","0.314286"
"2041180892","2124398102","0.404762"
"2124398102","2041180892","0.404762"
"2041180892","2140055604","0.0714286"
"2140055604","2041180892","0.0714286"
"2041180892","2144388841","0.0714286"
"2144388841","2041180892","0.0714286"
"2041180892","2158718916","0.0714286"
"2158718916","2041180892","0.0714286"
"2106463421","2119675572","0.196429"
"2119675572","2106463421","0.196429"
"2106463421","2140055604","0.0714286"
"2140055604","2106463421","0.0714286"
"2106463421","2144388841","0.0714286"
"2144388841","2106463421","0.0714286"
"2106463421","2158718916","0.321429"
"2158718916","2106463421","0.321429"
"2108563232","2113808602","0.821429"
"2113808602","2108563232","0.821429"
"2108563232","2140055604","0.571429"
"2140055604","2108563232","0.571429"
"2108563232","2144388841","0.321429"
"2144388841","2108563232","0.321429"
"2108563232","2158718916","0.214286"
"2158718916","2108563232","0.214286"
"2113808602","2119675572","0.0714286"
"2119675572","2113808602","0.0714286"
"2113808602","2124398102","0.0714286"
"2124398102","2113808602","0.0714286"
"2113808602","2140055604","0.0714286"
"2140055604","2113808602","0.0714286"
"2113808602","2144388841","0.321429"
"2144388841","2113808602","0.321429"
"2113808602","2158718916","0.0714286"
"2158718916","2113808602","0.0714286"
"2119675572","2140055604","0.0714286"
"2140055604","2119675572","0.0714286"
"2119675572","2144388841","0.0714286"
"2144388841","2119675572","0.0714286"
"2119675572","2158718916","0.0714286"
"2158718916","2119675572","0.0714286"
"2124398102","2140055604","0.0714286"
