"1481979104","1487865000","0.166667"
"1487865000","1481979104","0.166667"
"1481979104","1549909472","0.166667"
"1549909472","1481979104","0.166667"
"1481979104","1994966918","0.166667"
"1994966918","1481979104","0.166667"
"1481979104","1998894210","0.166667"
"1998894210","1481979104","0.166667"
"1481979104","2115575686","0.166667"
"2115575686","1481979104","0.166667"
"1481979104","2162618434","0.166667"
"2162618434","1481979104","0.166667"
"1487865000","1549909472","0.238095"
"1549909472","1487865000","0.238095"
"1487865000","1994966918","1.74762"
"1994966918","1487865000","1.74762"
"1487865000","1998894210","1.41429"
"1998894210","1487865000","1.41429"
"1487865000","2115575686","0.5"
"2115575686","1487865000","0.5"
"1487865000","2162618434","0.166667"
"2162618434","1487865000","0.166667"
"1549909472","1994966918","0.488095"
"1994966918","1549909472","0.488095"
"1549909472","1998894210","0.488095"
"1998894210","1549909472","0.488095"
"1549909472","2115575686","0.166667"
"2115575686","1549909472","0.166667"
"1549909472","2162618434","0.166667"
"2162618434","1549909472","0.166667"
"1994966918","1998894210","2.86667"
"1998894210","1994966918","2.86667"
"1994966918","2115575686","0.5"
"2115575686","1994966918","0.5"
"1994966918","2162618434","0.166667"
"2162618434","1994966918","0.166667"
"1998894210","2115575686","1.25"
"2115575686","1998894210","1.25"
"1998894210","2162618434","0.166667"
"2162618434","1998894210","0.166667"
"2115575686","2162618434","0.166667"
"2162618434","2115575686","0.166667"
"1481979104","2137314976","1"
"2137314976","1481979104","1"
"1485910126","1559365288","3.83333"
"1559365288","1485910126","3.83333"
"1485910126","2124777633","1.5"
"2124777633","1485910126","1.5"
"1485910126","1593624493","0.333333"
"1593624493","1485910126","0.333333"
"1485910126","2009196115","1.33333"
"2009196115","1485910126","1.33333"
"1559365288","1593624493","0.944444"
"1593624493","1559365288","0.944444"
"1559365288","2009196115","0.944444"
"2009196115","1559365288","0.944444"
"1593624493","2009196115","5.47222"
"2009196115","1593624493","5.47222"
"1485910126","1549909472","0.5"
"1549909472","1485910126","0.5"
"1485910126","2076006872","0.5"
"2076006872","1485910126","0.5"
"1549909472","2076006872","0.5"
"2076006872","1549909472","0.5"
"1559365288","2124777633","0.611111"
"2124777633","1559365288","0.611111"
"1487814593","2113273124","10.3333"
"2113273124","1487814593","10.3333"
"1487814593","2076006872","4.33333"
"2076006872","1487814593","4.33333"
"2076006872","2113273124","5.16667"
"2113273124","2076006872","5.16667"
"1487814593","1559119672","1"
"1559119672","1487814593","1"
"1487814593","1900055350","0.333333"
"1900055350","1487814593","0.333333"
"1900055350","2076006872","7.125"
"2076006872","1900055350","7.125"
"1900055350","2113273124","1.66667"
"2113273124","1900055350","1.66667"
"1487865000","1510724145","0.214286"
"1510724145","1487865000","0.214286"
"1487865000","1570860943","0.414286"
"1570860943","1487865000","0.414286"
"1487865000","2068463433","0.547619"
"2068463433","1487865000","0.547619"
"1487865000","2107837808","0.747619"
"2107837808","1487865000","0.747619"
"1487865000","2122751567","0.142857"
"2122751567","1487865000","0.142857"
"1510724145","1570860943","0.940476"
"1570860943","1510724145","0.940476"
"1510724145","1994966918","1.54762"
"1994966918","1510724145","1.54762"
"1510724145","1998894210","0.547619"
"1998894210","1510724145","0.547619"
"1510724145","2068463433","0.914286"
"2068463433","1510724145","0.914286"
"1510724145","2107837808","0.414286"
"2107837808","1510724145","0.414286"
"1510724145","2122751567","0.142857"
"2122751567","1510724145","0.142857"
"1570860943","1994966918","1.86667"
"1994966918","1570860943","1.86667"
"1570860943","1998894210","3.2"
"1998894210","1570860943","3.2"
"1570860943","2068463433","1.08333"
"2068463433","1570860943","1.08333"
"1570860943","2107837808","1.47381"
"2107837808","1570860943","1.47381"
"1570860943","2122751567","0.392857"
"2122751567","1570860943","0.392857"
"1994966918","2068463433","2.41667"
"2068463433","1994966918","2.41667"
"1994966918","2107837808","1.14048"
"2107837808","1994966918","1.14048"
"1994966918","2122751567","1.39286"
"2122751567","1994966918","1.39286"
"1998894210","2068463433","3.08333"
"2068463433","1998894210","3.08333"
"1998894210","2107837808","1.39048"
"2107837808","1998894210","1.39048"
"1998894210","2122751567","0.392857"
"2122751567","1998894210","0.392857"
"2068463433","2107837808","1.14048"
"2107837808","2068463433","1.14048"
"2068463433","2122751567","1.17619"
"2122751567","2068463433","1.17619"
"2107837808","2122751567","0.342857"
"2122751567","2107837808","0.342857"
"1487865000","1541840304","0.2"
"1541840304","1487865000","0.2"
"1541840304","1570860943","0.342857"
"1570860943","1541840304","0.342857"
"1541840304","1994966918","0.342857"
"1994966918","1541840304","0.342857"
"1541840304","1998894210","0.342857"
"1998894210","1541840304","0.342857"
"1541840304","2107837808","0.542857"
"2107837808","1541840304","0.542857"
"1487865000","2000987725","1.07143"
"2000987725","1487865000","1.07143"
"1487865000","1938672772","0.0714286"
"1938672772","1487865000","0.0714286"
"1487865000","2025117268","0.0714286"
"2025117268","1487865000","0.0714286"
"1487865000","2073830447","0.0714286"
"2073830447","1487865000","0.0714286"
"1487865000","2116441169","0.0714286"
"2116441169","1487865000","0.0714286"
"1487865000","2128921353","0.0714286"
"2128921353","1487865000","0.0714286"
"1487865000","2157785456","0.0714286"
"2157785456","1487865000","0.0714286"
"1510724145","1549909472","0.214286"
"1549909472","1510724145","0.214286"
"1510724145","1938672772","3.06429"
"1938672772","1510724145","3.06429"
"1510724145","2000987725","0.0714286"
"2000987725","1510724145","0.0714286"
"1510724145","2025117268","3.06429"
"2025117268","1510724145","3.06429"
"1510724145","2073830447","0.321429"
"2073830447","1510724145","0.321429"
"1510724145","2116441169","1.27143"
"2116441169","1510724145","1.27143"
"1510724145","2128921353","0.0714286"
"2128921353","1510724145","0.0714286"
"1510724145","2157785456","0.0714286"
"2157785456","1510724145","0.0714286"
"1549909472","1570860943","0.464286"
"1570860943","1549909472","0.464286"
"1549909472","1938672772","0.214286"
"1938672772","1549909472","0.214286"
"1549909472","2000987725","0.0714286"
"2000987725","1549909472","0.0714286"
"1549909472","2025117268","0.214286"
"2025117268","1549909472","0.214286"
"1549909472","2068463433","0.0714286"
"2068463433","1549909472","0.0714286"
"1549909472","2073830447","0.0714286"
"2073830447","1549909472","0.0714286"
"1549909472","2107837808","0.0714286"
"2107837808","1549909472","0.0714286"
"1549909472","2116441169","0.0714286"
"2116441169","1549909472","0.0714286"
"1549909472","2128921353","1.07143"
"2128921353","1549909472","1.07143"
"1549909472","2157785456","0.0714286"
"2157785456","1549909472","0.0714286"
"1570860943","1938672772","0.214286"
"1938672772","1570860943","0.214286"
"1570860943","2000987725","1.35714"
"2000987725","1570860943","1.35714"
"1570860943","2025117268","0.214286"
"2025117268","1570860943","0.214286"
"1570860943","2073830447","0.0714286"
"2073830447","1570860943","0.0714286"
"1570860943","2116441169","0.0714286"
"2116441169","1570860943","0.0714286"
"1570860943","2128921353","0.214286"
"2128921353","1570860943","0.214286"
"1570860943","2157785456","2.52381"
"2157785456","1570860943","2.52381"
"1938672772","1994966918","0.0714286"
"1994966918","1938672772","0.0714286"
"1938672772","1998894210","0.0714286"
"1998894210","1938672772","0.0714286"
"1938672772","2000987725","0.0714286"
"2000987725","1938672772","0.0714286"
"1938672772","2025117268","7.51429"
"2025117268","1938672772","7.51429"
"1938672772","2068463433","0.521429"
"2068463433","1938672772","0.521429"
"1938672772","2073830447","0.404762"
"2073830447","1938672772","0.404762"
"1938672772","2107837808","0.271429"
"2107837808","1938672772","0.271429"
"1938672772","2116441169","0.271429"
"2116441169","1938672772","0.271429"
"1938672772","2128921353","0.0714286"
"2128921353","1938672772","0.0714286"
"1938672772","2157785456","0.0714286"
"2157785456","1938672772","0.0714286"
"1994966918","2000987725","0.357143"
"2000987725","1994966918","0.357143"
"1994966918","2025117268","0.0714286"
"2025117268","1994966918","0.0714286"
"1994966918","2073830447","0.0714286"
"2073830447","1994966918","0.0714286"
"1994966918","2116441169","0.0714286"
"2116441169","1994966918","0.0714286"
"1994966918","2128921353","0.214286"
"2128921353","1994966918","0.214286"
"1994966918","2157785456","0.357143"
"2157785456","1994966918","0.357143"
"1998894210","2000987725","2.19048"
"2000987725","1998894210","2.19048"
"1998894210","2025117268","0.0714286"
"2025117268","1998894210","0.0714286"
"1998894210","2073830447","0.0714286"
"2073830447","1998894210","0.0714286"
"1998894210","2116441169","0.0714286"
"2116441169","1998894210","0.0714286"
"1998894210","2128921353","0.214286"
"2128921353","1998894210","0.214286"
"1998894210","2157785456","0.357143"
"2157785456","1998894210","0.357143"
"2000987725","2025117268","0.0714286"
"2025117268","2000987725","0.0714286"
"2000987725","2068463433","6.39048"
"2068463433","2000987725","6.39048"
"2000987725","2073830447","0.0714286"
"2073830447","2000987725","0.0714286"
"2000987725","2107837808","1.58095"
"2107837808","2000987725","1.58095"
"2000987725","2116441169","0.0714286"
"2116441169","2000987725","0.0714286"
"2000987725","2128921353","0.214286"
"2128921353","2000987725","0.214286"
"2000987725","2157785456","2.02381"
"2157785456","2000987725","2.02381"
"2025117268","2068463433","0.521429"
"2068463433","2025117268","0.521429"
"2025117268","2073830447","0.404762"
"2073830447","2025117268","0.404762"
"2025117268","2107837808","0.271429"
"2107837808","2025117268","0.271429"
"2025117268","2116441169","0.271429"
"2116441169","2025117268","0.271429"
"2025117268","2128921353","0.0714286"
"2128921353","2025117268","0.0714286"
"2025117268","2157785456","0.0714286"
"2157785456","2025117268","0.0714286"
"2068463433","2073830447","0.321429"
"2073830447","2068463433","0.321429"
"2068463433","2116441169","0.271429"
"2116441169","2068463433","0.271429"
"2068463433","2128921353","0.214286"
"2128921353","2068463433","0.214286"
"2068463433","2157785456","0.857143"
"2157785456","2068463433","0.857143"
"2073830447","2107837808","0.0714286"
"2107837808","2073830447","0.0714286"
"2073830447","2116441169","0.0714286"
"2116441169","2073830447","0.0714286"
"2073830447","2128921353","0.0714286"
"2128921353","2073830447","0.0714286"
"2073830447","2157785456","0.0714286"
"2157785456","2073830447","0.0714286"
"2107837808","2116441169","0.0714286"
"2116441169","2107837808","0.0714286"
"2107837808","2128921353","0.0714286"
"2128921353","2107837808","0.0714286"
"2107837808","2157785456","1.04762"
"2157785456","2107837808","1.04762"
"2116441169","2128921353","0.0714286"
"2128921353","2116441169","0.0714286"
"2116441169","2157785456","0.0714286"
"2157785456","2116441169","0.0714286"
"2128921353","2157785456","0.214286"
"2157785456","2128921353","0.214286"
"1510724145","1543578083","0.45"
"1543578083","1510724145","0.45"
"1510724145","1900055350","0.392857"
"1900055350","1510724145","0.392857"
"1510724145","2034642258","0.25"
"2034642258","1510724145","0.25"
"1543578083","1570860943","0.25"
"1570860943","1543578083","0.25"
"1543578083","1900055350","0.25"
"1900055350","1543578083","0.25"
"1543578083","2034642258","1.75"
"2034642258","1543578083","1.75"
"1570860943","1900055350","0.392857"
"1900055350","1570860943","0.392857"
"1570860943","2034642258","0.25"
"2034642258","1570860943","0.25"
"1900055350","2034642258","0.25"
"2034642258","1900055350","0.25"
"1510724145","1566825263","0.2"
"1566825263","1510724145","0.2"
"1510724145","2006106389","0.2"
"2006106389","1510724145","0.2"
"1510724145","2129235726","0.2"
"2129235726","1510724145","0.2"
"1566825263","1938672772","1.11667"
"1938672772","1566825263","1.11667"
"1566825263","2006106389","0.2"
"2006106389","1566825263","0.2"
"1566825263","2025117268","1.11667"
"2025117268","1566825263","1.11667"
"1566825263","2129235726","4.06667"
"2129235726","1566825263","4.06667"
"1938672772","2006106389","0.2"
"2006106389","1938672772","0.2"
"1938672772","2129235726","1.31667"
"2129235726","1938672772","1.31667"
"2006106389","2025117268","0.2"
"2025117268","2006106389","0.2"
"2006106389","2129235726","0.325"
"2129235726","2006106389","0.325"
"2025117268","2129235726","1.31667"
"2129235726","2025117268","1.31667"
"1510724145","1541840304","0.65"
"1541840304","1510724145","0.65"
"1541840304","1543578083","0.283333"
"1543578083","1541840304","0.283333"
"1541840304","1938672772","0.4"
"1938672772","1541840304","0.4"
"1541840304","2025117268","0.4"
"2025117268","1541840304","0.4"
"1543578083","1938672772","0.4"
"1938672772","1543578083","0.4"
"1543578083","2025117268","0.4"
"2025117268","1543578083","0.4"
"1543578083","2107837808","0.2"
"2107837808","1543578083","0.2"
"1510724145","1559119672","0.25"
"1559119672","1510724145","0.25"
"1559119672","1938672772","0.25"
"1938672772","1559119672","0.25"
"1559119672","2025117268","0.25"
"2025117268","1559119672","0.25"
"1559119672","2068463433","2.25"
"2068463433","1559119672","2.25"
"1510724145","2036553810","0.25"
"2036553810","1510724145","0.25"
"1541840304","2036553810","1.33333"
"2036553810","1541840304","1.33333"
"1541840304","2068463433","0.592857"
"2068463433","1541840304","0.592857"
"1541840304","2073830447","1.25"
"2073830447","1541840304","1.25"
"2036553810","2068463433","0.25"
"2068463433","2036553810","0.25"
"2036553810","2073830447","6.08333"
"2073830447","2036553810","6.08333"
"1510724145","2035389756","0.142857"
"2035389756","1510724145","0.142857"
"1510724145","2109987964","0.142857"
"2109987964","1510724145","0.142857"
"1549909472","1900055350","0.142857"
"1900055350","1549909472","0.142857"
"1549909472","2035389756","0.142857"
"2035389756","1549909472","0.142857"
"1549909472","2109987964","0.642857"
"2109987964","1549909472","0.642857"
"1570860943","2035389756","0.142857"
"2035389756","1570860943","0.142857"
"1570860943","2109987964","0.142857"
"2109987964","1570860943","0.142857"
"1900055350","1938672772","0.142857"
"1938672772","1900055350","0.142857"
"1900055350","2025117268","0.142857"
"2025117268","1900055350","0.142857"
"1900055350","2035389756","0.142857"
"2035389756","1900055350","0.142857"
"1900055350","2109987964","0.142857"
"2109987964","1900055350","0.142857"
"1938672772","2035389756","0.142857"
"2035389756","1938672772","0.142857"
"1938672772","2109987964","0.142857"
"2109987964","1938672772","0.142857"
"2025117268","2035389756","0.142857"
"2035389756","2025117268","0.142857"
"2025117268","2109987964","0.142857"
"2109987964","2025117268","0.142857"
"2035389756","2109987964","0.142857"
"2109987964","2035389756","0.142857"
"1541840304","2116441169","0.2"
"2116441169","1541840304","0.2"
"1541840304","2157785456","3.14286"
"2157785456","1541840304","3.14286"
"1541840304","1593624493","0.0833333"
"1593624493","1541840304","0.0833333"
"1541840304","1934050262","0.0833333"
"1934050262","1541840304","0.0833333"
"1541840304","2009196115","0.0833333"
"2009196115","1541840304","0.0833333"
"1541840304","2091389042","0.0833333"
"2091389042","1541840304","0.0833333"
"1541840304","2103404183","0.0833333"
"2103404183","1541840304","0.0833333"
"1541840304","2124777633","0.0833333"
"2124777633","1541840304","0.0833333"
"1541840304","2129235726","0.0833333"
"2129235726","1541840304","0.0833333"
"1541840304","2135753071","0.0833333"
"2135753071","1541840304","0.0833333"
"1541840304","2147709600","0.0833333"
"2147709600","1541840304","0.0833333"
"1541840304","2162618434","0.0833333"
"2162618434","1541840304","0.0833333"
"1543578083","1593624493","0.777778"
"1593624493","1543578083","0.777778"
"1543578083","1934050262","0.194444"
"1934050262","1543578083","0.194444"
"1543578083","2009196115","0.777778"
"2009196115","1543578083","0.777778"
"1543578083","2036553810","0.0833333"
"2036553810","1543578083","0.0833333"
"1543578083","2091389042","8.01111"
"2091389042","1543578083","8.01111"
"1543578083","2103404183","0.194444"
"2103404183","1543578083","0.194444"
"1543578083","2124777633","0.644444"
"2124777633","1543578083","0.644444"
"1543578083","2129235726","1.31667"
"2129235726","1543578083","1.31667"
"1543578083","2135753071","0.0833333"
"2135753071","1543578083","0.0833333"
"1543578083","2147709600","0.283333"
"2147709600","1543578083","0.283333"
"1543578083","2162618434","0.0833333"
"2162618434","1543578083","0.0833333"
"1593624493","1934050262","0.305556"
"1934050262","1593624493","0.305556"
"1593624493","2036553810","0.0833333"
"2036553810","1593624493","0.0833333"
"1593624493","2091389042","0.777778"
"2091389042","1593624493","0.777778"
"1593624493","2103404183","0.194444"
"2103404183","1593624493","0.194444"
"1593624493","2124777633","0.305556"
"2124777633","1593624493","0.305556"
"1593624493","2129235726","0.333333"
"2129235726","1593624493","0.333333"
"1593624493","2135753071","0.0833333"
"2135753071","1593624493","0.0833333"
"1593624493","2147709600","0.194444"
"2147709600","1593624493","0.194444"
"1593624493","2162618434","0.0833333"
"2162618434","1593624493","0.0833333"
"1934050262","2009196115","0.305556"
"2009196115","1934050262","0.305556"
"1934050262","2036553810","0.0833333"
"2036553810","1934050262","0.0833333"
"1934050262","2091389042","0.194444"
"2091389042","1934050262","0.194444"
"1934050262","2103404183","0.194444"
"2103404183","1934050262","0.194444"
"1934050262","2124777633","6.30556"
"2124777633","1934050262","6.30556"
"1934050262","2129235726","0.25"
"2129235726","1934050262","0.25"
"1934050262","2135753071","0.0833333"
"2135753071","1934050262","0.0833333"
"1934050262","2147709600","0.361111"
"2147709600","1934050262","0.361111"
"1934050262","2162618434","1.91667"
"2162618434","1934050262","1.91667"
"2009196115","2036553810","0.0833333"
"2036553810","2009196115","0.0833333"
"2009196115","2091389042","0.777778"
"2091389042","2009196115","0.777778"
"2009196115","2103404183","0.194444"
"2103404183","2009196115","0.194444"
"2009196115","2124777633","0.430556"
"2124777633","2009196115","0.430556"
"2009196115","2129235726","0.458333"
"2129235726","2009196115","0.458333"
"2009196115","2135753071","0.0833333"
"2135753071","2009196115","0.0833333"
"2009196115","2147709600","0.194444"
"2147709600","2009196115","0.194444"
"2009196115","2162618434","0.208333"
"2162618434","2009196115","0.208333"
"2036553810","2091389042","0.0833333"
"2091389042","2036553810","0.0833333"
"2036553810","2103404183","0.0833333"
"2103404183","2036553810","0.0833333"
"2036553810","2124777633","0.0833333"
"2124777633","2036553810","0.0833333"
"2036553810","2129235726","0.0833333"
"2129235726","2036553810","0.0833333"
"2036553810","2135753071","0.0833333"
"2135753071","2036553810","0.0833333"
"2036553810","2147709600","0.0833333"
"2147709600","2036553810","0.0833333"
"2036553810","2162618434","0.0833333"
"2162618434","2036553810","0.0833333"
"2091389042","2103404183","0.194444"
"2103404183","2091389042","0.194444"
"2091389042","2124777633","0.644444"
"2124777633","2091389042","0.644444"
"2091389042","2129235726","1.56667"
"2129235726","2091389042","1.56667"
"2091389042","2135753071","0.0833333"
"2135753071","2091389042","0.0833333"
"2091389042","2147709600","0.283333"
"2147709600","2091389042","0.283333"
"2091389042","2162618434","0.0833333"
"2162618434","2091389042","0.0833333"
"2103404183","2124777633","0.194444"
"2124777633","2103404183","0.194444"
"2103404183","2129235726","0.0833333"
"2129235726","2103404183","0.0833333"
"2103404183","2135753071","0.0833333"
"2135753071","2103404183","0.0833333"
"2103404183","2147709600","0.0833333"
"2147709600","2103404183","0.0833333"
"2103404183","2162618434","0.0833333"
"2162618434","2103404183","0.0833333"
"2124777633","2129235726","1.075"
"2129235726","2124777633","1.075"
"2124777633","2135753071","0.0833333"
"2135753071","2124777633","0.0833333"
"2124777633","2147709600","0.861111"
"2147709600","2124777633","0.861111"
"2124777633","2162618434","7.04167"
"2162618434","2124777633","7.04167"
"2129235726","2135753071","0.208333"
"2135753071","2129235726","0.208333"
"2129235726","2147709600","2.075"
"2147709600","2129235726","2.075"
"2129235726","2162618434","0.208333"
"2162618434","2129235726","0.208333"
"2135753071","2147709600","0.375"
"2147709600","2135753071","0.375"
"2135753071","2162618434","0.0833333"
"2162618434","2135753071","0.0833333"
"2147709600","2162618434","1.08333"
"2162618434","2147709600","1.08333"
"1541840304","2000987725","0.142857"
"2000987725","1541840304","0.142857"
"1543578083","1549909472","6.45"
"1549909472","1543578083","6.45"
"1543578083","1566825263","0.783333"
"1566825263","1543578083","0.783333"
"1549909472","1566825263","0.45"
"1566825263","1549909472","0.45"
"1549909472","2091389042","0.45"
"2091389042","1549909472","0.45"
"1549909472","2124777633","0.2"
"2124777633","1549909472","0.2"
"1549909472","2129235726","0.45"
"2129235726","1549909472","0.45"
"1566825263","2091389042","1.03333"
"2091389042","1566825263","1.03333"
"1566825263","2124777633","0.366667"
"2124777633","1566825263","0.366667"
"1543578083","2109987964","0.25"
"2109987964","1543578083","0.25"
"1543578083","2224638167","0.25"
"2224638167","1543578083","0.25"
"2091389042","2109987964","0.25"
"2109987964","2091389042","0.25"
"2091389042","2224638167","0.25"
"2224638167","2091389042","0.25"
"2109987964","2124777633","0.375"
"2124777633","2109987964","0.375"
"2109987964","2224638167","0.25"
"2224638167","2109987964","0.25"
"2124777633","2224638167","0.694444"
"2224638167","2124777633","0.694444"
"2034642258","2091389042","0.5"
"2091389042","2034642258","0.5"
"1543578083","2035389756","0.5"
"2035389756","1543578083","0.5"
"2035389756","2091389042","0.5"
"2091389042","2035389756","0.5"
"1938672772","2091389042","0.45"
"2091389042","1938672772","0.45"
"1938672772","2147709600","0.2"
"2147709600","1938672772","0.2"
"2025117268","2091389042","0.45"
"2091389042","2025117268","0.45"
"2025117268","2147709600","0.2"
"2147709600","2025117268","0.2"
"1543578083","1559365288","0.111111"
"1559365288","1543578083","0.111111"
"1543578083","1570709442","0.111111"
"1570709442","1543578083","0.111111"
"1543578083","2083196438","0.111111"
"2083196438","1543578083","0.111111"
"1559365288","1570709442","0.111111"
"1570709442","1559365288","0.111111"
"1559365288","1934050262","0.111111"
"1934050262","1559365288","0.111111"
"1559365288","2083196438","0.111111"
"2083196438","1559365288","0.111111"
"1559365288","2091389042","0.111111"
"2091389042","1559365288","0.111111"
"1559365288","2103404183","0.111111"
"2103404183","1559365288","0.111111"
"1570709442","1593624493","0.222222"
"1593624493","1570709442","0.222222"
"1570709442","1934050262","1.22222"
"1934050262","1570709442","1.22222"
"1570709442","2009196115","1.22222"
"2009196115","1570709442","1.22222"
"1570709442","2083196438","0.111111"
"2083196438","1570709442","0.111111"
"1570709442","2091389042","0.111111"
"2091389042","1570709442","0.111111"
"1570709442","2103404183","0.111111"
"2103404183","1570709442","0.111111"
"1570709442","2124777633","0.222222"
"2124777633","1570709442","0.222222"
"1593624493","2083196438","0.111111"
"2083196438","1593624493","0.111111"
"1934050262","2083196438","0.277778"
"2083196438","1934050262","0.277778"
"2009196115","2083196438","0.111111"
"2083196438","2009196115","0.111111"
"2083196438","2091389042","0.111111"
"2091389042","2083196438","0.111111"
"2083196438","2103404183","0.111111"
"2103404183","2083196438","0.111111"
"2083196438","2124777633","0.277778"
"2124777633","2083196438","0.277778"
"1549909472","2122751567","1.25"
"2122751567","1549909472","1.25"
"1549909472","2137314976","0.5"
"2137314976","1549909472","0.5"
"2109987964","2137314976","0.5"
"2137314976","2109987964","0.5"
"1559119672","1900055350","0.944444"
"1900055350","1559119672","0.944444"
"1900055350","2068463433","0.5"
"2068463433","1900055350","0.5"
"1559119672","1570709442","0.111111"
"1570709442","1559119672","0.111111"
"1559119672","1593624493","0.361111"
"1593624493","1559119672","0.361111"
"1559119672","1934050262","0.111111"
"1934050262","1559119672","0.111111"
"1559119672","2009196115","0.361111"
"2009196115","1559119672","0.361111"
"1559119672","2124777633","0.111111"
"2124777633","1559119672","0.111111"
"1559119672","2147709600","0.111111"
"2147709600","1559119672","0.111111"
"1559119672","2157785456","0.361111"
"2157785456","1559119672","0.361111"
"1559119672","2224638167","0.111111"
"2224638167","1559119672","0.111111"
"1570709442","1900055350","0.111111"
"1900055350","1570709442","0.111111"
"1570709442","2147709600","0.111111"
"2147709600","1570709442","0.111111"
"1570709442","2157785456","0.111111"
"2157785456","1570709442","0.111111"
"1570709442","2224638167","0.111111"
"2224638167","1570709442","0.111111"
"1593624493","1900055350","0.611111"
"1900055350","1593624493","0.611111"
"1593624493","2157785456","0.361111"
"2157785456","1593624493","0.361111"
"1593624493","2224638167","0.111111"
"2224638167","1593624493","0.111111"
"1900055350","1934050262","0.111111"
"1934050262","1900055350","0.111111"
"1900055350","2009196115","0.611111"
"2009196115","1900055350","0.611111"
"1900055350","2124777633","0.111111"
"2124777633","1900055350","0.111111"
"1900055350","2147709600","0.236111"
"2147709600","1900055350","0.236111"
"1900055350","2157785456","0.111111"
"2157785456","1900055350","0.111111"
"1900055350","2224638167","0.111111"
"2224638167","1900055350","0.111111"
"1934050262","2157785456","0.111111"
"2157785456","1934050262","0.111111"
"1934050262","2224638167","0.444444"
"2224638167","1934050262","0.444444"
"2009196115","2157785456","0.361111"
"2157785456","2009196115","0.361111"
"2009196115","2224638167","0.111111"
"2224638167","2009196115","0.111111"
"2124777633","2157785456","0.111111"
"2157785456","2124777633","0.111111"
"2147709600","2157785456","0.111111"
"2157785456","2147709600","0.111111"
"2147709600","2224638167","0.111111"
"2224638167","2147709600","0.111111"
"2157785456","2224638167","0.111111"
"2224638167","2157785456","0.111111"
"1559119672","2076006872","2.08333"
"2076006872","1559119672","2.08333"
"2068463433","2076006872","0.5"
"2076006872","2068463433","0.5"
"1593624493","2076006872","0.25"
"2076006872","1593624493","0.25"
"2009196115","2076006872","0.25"
"2076006872","2009196115","0.25"
"2076006872","2157785456","0.25"
"2157785456","2076006872","0.25"
"1559119672","2036553810","0.333333"
"2036553810","1559119672","0.333333"
"1900055350","2036553810","0.333333"
"2036553810","1900055350","0.333333"
"2036553810","2076006872","1.33333"
"2076006872","2036553810","1.33333"
"1566825263","1934050262","0.166667"
"1934050262","1566825263","0.166667"
"1566825263","2068463433","0.166667"
"2068463433","1566825263","0.166667"
"1566825263","2083196438","0.166667"
"2083196438","1566825263","0.166667"
"1566825263","2147709600","0.166667"
"2147709600","1566825263","0.166667"
"1934050262","2068463433","0.166667"
"2068463433","1934050262","0.166667"
"2068463433","2083196438","1.16667"
"2083196438","2068463433","1.16667"
"2068463433","2124777633","0.166667"
"2124777633","2068463433","0.166667"
"2068463433","2129235726","0.309524"
"2129235726","2068463433","0.309524"
"2068463433","2147709600","0.166667"
"2147709600","2068463433","0.166667"
"2083196438","2129235726","0.166667"
"2129235726","2083196438","0.166667"
"2083196438","2147709600","0.333333"
"2147709600","2083196438","0.333333"
"1570709442","2034642258","4.5"
"2034642258","1570709442","4.5"
"1570709442","2076006872","1.5"
"2076006872","1570709442","1.5"
"2034642258","2076006872","0.5"
"2076006872","2034642258","0.5"
"1570709442","2137314976","1"
"2137314976","1570709442","1"
"1570860943","2129235726","0.142857"
"2129235726","1570860943","0.142857"
"1994966918","2129235726","0.142857"
"2129235726","1994966918","0.142857"
"1998894210","2129235726","0.142857"
"2129235726","1998894210","0.142857"
"2000987725","2129235726","0.142857"
"2129235726","2000987725","0.142857"
"2128921353","2129235726","0.267857"
"2129235726","2128921353","0.267857"
"2129235726","2157785456","0.142857"
"2157785456","2129235726","0.142857"
"1570860943","2115575686","0.5"
"2115575686","1570860943","0.5"
"2115575686","2157785456","0.5"
"2157785456","2115575686","0.5"
"1570860943","2082624265","0.333333"
"2082624265","1570860943","0.333333"
"2000987725","2082624265","0.866667"
"2082624265","2000987725","0.866667"
"2082624265","2157785456","0.333333"
"2157785456","2082624265","0.333333"
"1586525629","2076006872","0.5"
"2076006872","1586525629","0.5"
"1586525629","2113273124","0.5"
"2113273124","1586525629","0.5"
"1605850873","2135753071","2"
"2135753071","1605850873","2"
"1605850873","2006106389","1"
"2006106389","1605850873","1"
"1605850873","2076006872","1"
"2076006872","1605850873","1"
"1605850873","2147709600","2"
"2147709600","1605850873","2"
"1900055350","2162618434","1"
"2162618434","1900055350","1"
"1900055350","1915603404","1"
"1915603404","1900055350","1"
"1900055350","2299098687","1"
"2299098687","1900055350","1"
"1915603404","2299098687","9"
"2299098687","1915603404","9"
"1900055350","1965296145","0.125"
"1965296145","1900055350","0.125"
"1900055350","2082624265","0.125"
"2082624265","1900055350","0.125"
"1900055350","2120007278","0.125"
"2120007278","1900055350","0.125"
"1900055350","2126589555","0.125"
"2126589555","1900055350","0.125"
"1900055350","2129235726","0.125"
"2129235726","1900055350","0.125"
"1900055350","2135753071","0.125"
"2135753071","1900055350","0.125"
"1965296145","2076006872","1.79167"
"2076006872","1965296145","1.79167"
"1965296145","2082624265","8.29167"
"2082624265","1965296145","8.29167"
"1965296145","2120007278","1.45833"
"2120007278","1965296145","1.45833"
"1965296145","2126589555","2.95833"
"2126589555","1965296145","2.95833"
"1965296145","2129235726","0.25"
"2129235726","1965296145","0.25"
"1965296145","2135753071","2.45833"
"2135753071","1965296145","2.45833"
"1965296145","2147709600","0.291667"
"2147709600","1965296145","0.291667"
"2076006872","2082624265","0.291667"
"2082624265","2076006872","0.291667"
"2076006872","2120007278","0.458333"
"2120007278","2076006872","0.458333"
"2076006872","2126589555","0.291667"
"2126589555","2076006872","0.291667"
"2076006872","2129235726","0.125"
"2129235726","2076006872","0.125"
"2076006872","2135753071","0.291667"
"2135753071","2076006872","0.291667"
"2076006872","2147709600","1.625"
"2147709600","2076006872","1.625"
"2082624265","2120007278","1.45833"
"2120007278","2082624265","1.45833"
"2082624265","2126589555","4.45833"
"2126589555","2082624265","4.45833"
"2082624265","2129235726","0.125"
"2129235726","2082624265","0.125"
"2082624265","2135753071","1.95833"
"2135753071","2082624265","1.95833"
"2082624265","2147709600","0.291667"
"2147709600","2082624265","0.291667"
"2120007278","2126589555","0.125"
"2126589555","2120007278","0.125"
"2120007278","2129235726","0.125"
"2129235726","2120007278","0.125"
"2120007278","2135753071","0.125"
"2135753071","2120007278","0.125"
"2120007278","2147709600","0.458333"
"2147709600","2120007278","0.458333"
"2126589555","2129235726","0.125"
"2129235726","2126589555","0.125"
"2126589555","2135753071","0.958333"
"2135753071","2126589555","0.958333"
"2126589555","2147709600","0.291667"
"2147709600","2126589555","0.291667"
"1900055350","2045729350","0.333333"
"2045729350","1900055350","0.333333"
"2045729350","2076006872","0.666667"
"2076006872","2045729350","0.666667"
"2045729350","2113273124","0.333333"
"2113273124","2045729350","0.333333"
"2162618434","2224638167","0.333333"
"2224638167","2162618434","0.333333"
"1938672772","2036553810","0.333333"
"2036553810","1938672772","0.333333"
"2025117268","2036553810","0.333333"
"2036553810","2025117268","0.333333"
"1965296145","2103404183","1"
"2103404183","1965296145","1"
"1965296145","2006106389","0.125"
"2006106389","1965296145","0.125"
"1965296145","2009196115","0.125"
"2009196115","1965296145","0.125"
"1965296145","2045729350","0.125"
"2045729350","1965296145","0.125"
"1965296145","2109987964","0.125"
"2109987964","1965296145","0.125"
"1965296145","2124777633","0.125"
"2124777633","1965296145","0.125"
"1965296145","2128921353","0.125"
"2128921353","1965296145","0.125"
"1965296145","2162618434","0.125"
"2162618434","1965296145","0.125"
"2006106389","2009196115","0.125"
"2009196115","2006106389","0.125"
"2006106389","2045729350","2.125"
"2045729350","2006106389","2.125"
"2006106389","2109987964","0.125"
"2109987964","2006106389","0.125"
"2006106389","2124777633","0.125"
"2124777633","2006106389","0.125"
"2006106389","2128921353","0.125"
"2128921353","2006106389","0.125"
"2006106389","2162618434","0.125"
"2162618434","2006106389","0.125"
"2009196115","2045729350","0.125"
"2045729350","2009196115","0.125"
"2009196115","2109987964","0.125"
"2109987964","2009196115","0.125"
"2009196115","2128921353","0.125"
"2128921353","2009196115","0.125"
"2045729350","2109987964","0.125"
"2109987964","2045729350","0.125"
"2045729350","2124777633","0.125"
"2124777633","2045729350","0.125"
"2045729350","2128921353","0.125"
"2128921353","2045729350","0.125"
"2045729350","2129235726","0.125"
"2129235726","2045729350","0.125"
"2045729350","2162618434","0.125"
"2162618434","2045729350","0.125"
"2109987964","2128921353","0.125"
"2128921353","2109987964","0.125"
"2109987964","2129235726","0.125"
"2129235726","2109987964","0.125"
"2109987964","2162618434","0.125"
"2162618434","2109987964","0.125"
"2124777633","2128921353","0.125"
"2128921353","2124777633","0.125"
"2128921353","2162618434","0.125"
"2162618434","2128921353","0.125"
"1965296145","2083196438","3.5"
"2083196438","1965296145","3.5"
"2082624265","2083196438","5"
"2083196438","2082624265","5"
"2083196438","2120007278","0.333333"
"2120007278","2083196438","0.333333"
"2076006872","2083196438","0.666667"
"2083196438","2076006872","0.666667"
"2083196438","2126589555","0.916667"
"2126589555","2083196438","0.916667"
"2083196438","2135753071","0.666667"
"2135753071","2083196438","0.666667"
"2068463433","2115575686","0.7"
"2115575686","2068463433","0.7"
"1998894210","2083196438","0.25"
"2083196438","1998894210","0.25"
"1998894210","2126589555","0.25"
"2126589555","1998894210","0.25"
"2083196438","2107837808","0.25"
"2107837808","2083196438","0.25"
"2083196438","2115575686","0.25"
"2115575686","2083196438","0.25"
"2107837808","2115575686","0.45"
"2115575686","2107837808","0.45"
"2107837808","2126589555","0.25"
"2126589555","2107837808","0.25"
"2115575686","2126589555","0.25"
"2126589555","2115575686","0.25"
"2000987725","2083196438","2"
"2083196438","2000987725","2"
"2000987725","2122751567","1.03333"
"2122751567","2000987725","1.03333"
"2000987725","2115575686","0.2"
"2115575686","2000987725","0.2"
"2068463433","2082624265","0.533333"
"2082624265","2068463433","0.533333"
"2082624265","2107837808","0.2"
"2107837808","2082624265","0.2"
"2082624265","2115575686","1.2"
"2115575686","2082624265","1.2"
"2082624265","2122751567","0.533333"
"2122751567","2082624265","0.533333"
"2115575686","2122751567","3.2"
"2122751567","2115575686","3.2"
"2000987725","2147709600","1"
"2147709600","2000987725","1"
"2006106389","2073830447","1"
"2073830447","2006106389","1"
"2036553810","2045729350","1"
"2045729350","2036553810","1"
"2036553810","2126122936","0.5"
"2126122936","2036553810","0.5"
"2073830447","2126122936","0.5"
"2126122936","2073830447","0.5"
"2045729350","2073830447","1"
"2073830447","2045729350","1"
"2045729350","2120007278","0.333333"
"2120007278","2045729350","0.333333"
"2045729350","2147709600","0.333333"
"2147709600","2045729350","0.333333"
"2045729350","2137314976","1"
"2137314976","2045729350","1"
"2103404183","2137314976","1"
"2137314976","2103404183","1"
"2103404183","2120007278","1"
"2120007278","2103404183","1"
"2116441169","2126122936","1"
"2126122936","2116441169","1"
