"1479826017","2761075141","10.3088"
"2761075141","1479826017","10.3088"
"1479826017","1588110365","0.102302"
"1588110365","1479826017","0.102302"
"1479826017","1967186050","0.0434783"
"1967186050","1479826017","0.0434783"
"1479826017","1980260088","0.0434783"
"1980260088","1479826017","0.0434783"
"1479826017","1981880290","0.302302"
"1981880290","1479826017","0.302302"
"1479826017","2006826852","1.24516"
"2006826852","1479826017","1.24516"
"1479826017","2021624113","0.243478"
"2021624113","1479826017","0.243478"
"1479826017","2027393881","0.578492"
"2027393881","1479826017","0.578492"
"1479826017","2029801487","0.210145"
"2029801487","1479826017","0.210145"
"1479826017","2043196319","0.302302"
"2043196319","1479826017","0.302302"
"1479826017","2044050772","0.0434783"
"2044050772","1479826017","0.0434783"
"1479826017","2068282352","0.185635"
"2068282352","1479826017","0.185635"
"1479826017","2068338255","0.543478"
"2068338255","1479826017","0.543478"
"1479826017","2072768981","1.49516"
"2072768981","1479826017","1.49516"
"1479826017","2074215267","0.102302"
"2074215267","1479826017","0.102302"
"1479826017","2085373553","1.6023"
"2085373553","1479826017","1.6023"
"1479826017","2086431959","0.210145"
"2086431959","1479826017","0.210145"
"1479826017","2092933988","0.243478"
"2092933988","1479826017","0.243478"
"1479826017","2094502467","0.102302"
"2094502467","1479826017","0.102302"
"1479826017","2108332272","0.185635"
"2108332272","1479826017","0.185635"
"1479826017","2115726190","0.102302"
"2115726190","1479826017","0.102302"
"1479826017","2116139218","0.460145"
"2116139218","1479826017","0.460145"
"1479826017","2130508343","0.245159"
"2130508343","1479826017","0.245159"
"1479826017","2567086669","0.245159"
"2567086669","1479826017","0.245159"
"1588110365","1967186050","0.290318"
"1967186050","1588110365","0.290318"
"1588110365","1980260088","0.624964"
"1980260088","1588110365","0.624964"
"1588110365","1981880290","1.18791"
"1981880290","1588110365","1.18791"
"1588110365","2006826852","0.393994"
"2006826852","1588110365","0.393994"
"1588110365","2021624113","1.47358"
"2021624113","1588110365","1.47358"
"1588110365","2027393881","0.493994"
"2027393881","1588110365","0.493994"
"1588110365","2029801487","1.03142"
"2029801487","1588110365","1.03142"
"1588110365","2043196319","1.04212"
"2043196319","1588110365","1.04212"
"1588110365","2044050772","0.595797"
"2044050772","1588110365","0.595797"
"1588110365","2068282352","1.2324"
"2068282352","1588110365","1.2324"
"1588110365","2068338255","0.637424"
"2068338255","1588110365","0.637424"
"1588110365","2072768981","1.99153"
"2072768981","1588110365","1.99153"
"1588110365","2074215267","1.2699"
"2074215267","1588110365","1.2699"
"1588110365","2085373553","1.81295"
"2085373553","1588110365","1.81295"
"1588110365","2086431959","0.945798"
"2086431959","1588110365","0.945798"
"1588110365","2092933988","0.78843"
"2092933988","1588110365","0.78843"
"1588110365","2094502467","1.00522"
"2094502467","1588110365","1.00522"
"1588110365","2108332272","1.26329"
"2108332272","1588110365","1.26329"
"1588110365","2115726190","0.857399"
"2115726190","1588110365","0.857399"
"1588110365","2116139218","1.42309"
"2116139218","1588110365","1.42309"
"1588110365","2130508343","0.477818"
"2130508343","1588110365","0.477818"
"1588110365","2567086669","0.349141"
"2567086669","1588110365","0.349141"
"1967186050","1980260088","0.404604"
"1980260088","1967186050","0.404604"
"1967186050","1981880290","0.286957"
"1981880290","1967186050","0.286957"
"1967186050","2006826852","0.286957"
"2006826852","1967186050","0.286957"
"1967186050","2021624113","0.337937"
"2021624113","1967186050","0.337937"
"1967186050","2027393881","0.286957"
"2027393881","1967186050","0.286957"
"1967186050","2029801487","0.612447"
"2029801487","1967186050","0.612447"
"1967186050","2043196319","0.354604"
"2043196319","1967186050","0.354604"
"1967186050","2044050772","0.287937"
"2044050772","1967186050","0.287937"
"1967186050","2068282352","0.404604"
"2068282352","1967186050","0.404604"
"1967186050","2068338255","0.17029"
"2068338255","1967186050","0.17029"
"1967186050","2072768981","1.4046"
"2072768981","1967186050","1.4046"
"1967186050","2074215267","0.404604"
"2074215267","1967186050","0.404604"
"1967186050","2085373553","0.337937"
"2085373553","1967186050","0.337937"
"1967186050","2086431959","0.354604"
"2086431959","1967186050","0.354604"
"1967186050","2092933988","0.244459"
"2092933988","1967186050","0.244459"
"1967186050","2094502467","1.67911"
"2094502467","1967186050","1.67911"
"1967186050","2108332272","0.286957"
"2108332272","1967186050","0.286957"
"1967186050","2115726190","0.404604"
"2115726190","1967186050","0.404604"
"1967186050","2116139218","0.34578"
"2116139218","1967186050","0.34578"
"1967186050","2130508343","1.67911"
"2130508343","1967186050","1.67911"
"1967186050","2567086669","0.356985"
"2567086669","1967186050","0.356985"
"1980260088","1981880290","0.803632"
"1981880290","1980260088","0.803632"
"1980260088","2006826852","0.578623"
"2006826852","1980260088","0.578623"
"1980260088","2021624113","3.34319"
"2021624113","1980260088","3.34319"
"1980260088","2027393881","0.641123"
"2027393881","1980260088","0.641123"
"1980260088","2029801487","4.0302"
"2029801487","1980260088","4.0302"
"1980260088","2043196319","1.86125"
"2043196319","1980260088","1.86125"
"1980260088","2044050772","2.16542"
"2044050772","1980260088","2.16542"
"1980260088","2068282352","2.83903"
"2068282352","1980260088","2.83903"
"1980260088","2068338255","0.499466"
"2068338255","1980260088","0.499466"
"1980260088","2072768981","1.35532"
"2072768981","1980260088","1.35532"
"1980260088","2074215267","2.11542"
"2074215267","1980260088","2.11542"
"1980260088","2085373553","0.944582"
"2085373553","1980260088","0.944582"
"1980260088","2086431959","2.50986"
"2086431959","1980260088","2.50986"
"1980260088","2092933988","3.9886"
"2092933988","1980260088","3.9886"
"1980260088","2094502467","0.695401"
"2094502467","1980260088","0.695401"
"1980260088","2108332272","1.63959"
"2108332272","1980260088","1.63959"
"1980260088","2115726190","5.12236"
"2115726190","1980260088","5.12236"
"1980260088","2116139218","1.86152"
"2116139218","1980260088","1.86152"
"1980260088","2130508343","0.516613"
"2130508343","1980260088","0.516613"
"1980260088","2567086669","0.631985"
"2567086669","1980260088","0.631985"
"1981880290","2006826852","1.32663"
"2006826852","1981880290","1.32663"
"1981880290","2021624113","2.29162"
"2021624113","1981880290","2.29162"
"1981880290","2027393881","0.609961"
"2027393881","1981880290","0.609961"
"1981880290","2029801487","1.98329"
"2029801487","1981880290","1.98329"
"1981880290","2043196319","5.92961"
"2043196319","1981880290","5.92961"
"1981880290","2044050772","2.01662"
"2044050772","1981880290","2.01662"
"1981880290","2068282352","0.942113"
"2068282352","1981880290","0.942113"
"1981880290","2068338255","1.09351"
"2068338255","1981880290","1.09351"
"1981880290","2072768981","3.43305"
"2072768981","1981880290","3.43305"
"1981880290","2074215267","3.3558"
"2074215267","1981880290","3.3558"
"1981880290","2085373553","2.22496"
"2085373553","1981880290","2.22496"
"1981880290","2086431959","1.42496"
"2086431959","1981880290","1.42496"
"1981880290","2092933988","0.835644"
"2092933988","1981880290","0.835644"
"1981880290","2094502467","0.625058"
"2094502467","1981880290","0.625058"
"1981880290","2108332272","1.23224"
"2108332272","1981880290","1.23224"
"1981880290","2115726190","0.883289"
"2115726190","1981880290","0.883289"
"1981880290","2116139218","1.98329"
"2116139218","1981880290","1.98329"
"1981880290","2130508343","0.609961"
"2130508343","1981880290","0.609961"
"1981880290","2567086669","0.807685"
"2567086669","1981880290","0.807685"
"2006826852","2021624113","0.945022"
"2021624113","2006826852","0.945022"
"2006826852","2027393881","1.934"
"2027393881","2006826852","1.934"
"2006826852","2029801487","0.876137"
"2029801487","2006826852","0.876137"
"2006826852","2043196319","0.679604"
"2043196319","2006826852","0.679604"
"2006826852","2044050772","0.445022"
"2044050772","2006826852","0.445022"
"2006826852","2068282352","0.742536"
"2068282352","2006826852","0.742536"
"2006826852","2068338255","1.35481"
"2068338255","2006826852","1.35481"
"2006826852","2072768981","4.18222"
"2072768981","2006826852","4.18222"
"2006826852","2074215267","1.34412"
"2074215267","2006826852","1.34412"
"2006826852","2085373553","0.761058"
"2085373553","2006826852","0.761058"
"2006826852","2086431959","0.787447"
"2086431959","2006826852","0.787447"
"2006826852","2092933988","0.373135"
"2092933988","2006826852","0.373135"
"2006826852","2094502467","1.33893"
"2094502467","2006826852","1.33893"
"2006826852","2108332272","1.96734"
"2108332272","2006826852","1.96734"
"2006826852","2115726190","0.887248"
"2115726190","2006826852","0.887248"
"2006826852","2116139218","2.13328"
"2116139218","2006826852","2.13328"
"2006826852","2130508343","1.8677"
"2130508343","2006826852","1.8677"
"2006826852","2567086669","2.70888"
"2567086669","2006826852","2.70888"
"2021624113","2027393881","0.411689"
"2027393881","2021624113","0.411689"
"2021624113","2029801487","2.65549"
"2029801487","2021624113","2.65549"
"2021624113","2043196319","5.5421"
"2043196319","2021624113","5.5421"
"2021624113","2044050772","1.66515"
"2044050772","2021624113","1.66515"
"2021624113","2068282352","3.32904"
"2068282352","2021624113","3.32904"
"2021624113","2068338255","0.799466"
"2068338255","2021624113","0.799466"
"2021624113","2072768981","3.43541"
"2072768981","2021624113","3.43541"
"2021624113","2074215267","3.66078"
"2074215267","2021624113","3.66078"
"2021624113","2085373553","1.28208"
"2085373553","2021624113","1.28208"
"2021624113","2086431959","4.76987"
"2086431959","2021624113","4.76987"
"2021624113","2092933988","2.37937"
"2092933988","2021624113","2.37937"
"2021624113","2094502467","1.3695"
"2094502467","2021624113","1.3695"
"2021624113","2108332272","1.19349"
"2108332272","2021624113","1.19349"
"2021624113","2115726190","2.84597"
"2115726190","2021624113","2.84597"
"2021624113","2116139218","1.47014"
"2116139218","2021624113","1.47014"
"2021624113","2130508343","0.879604"
"2130508343","2021624113","0.879604"
"2021624113","2567086669","0.598651"
"2567086669","2021624113","0.598651"
"2027393881","2029801487","0.38328"
"2029801487","2027393881","0.38328"
"2027393881","2043196319","0.70877"
"2043196319","2027393881","0.70877"
"2027393881","2044050772","0.361689"
"2044050772","2027393881","0.361689"
"2027393881","2068282352","0.683013"
"2068282352","2027393881","0.683013"
"2027393881","2068338255","1.63815"
"2068338255","2027393881","1.63815"
"2027393881","2072768981","3.33936"
"2072768981","2027393881","3.33936"
"2027393881","2074215267","0.64829"
"2074215267","2027393881","0.64829"
"2027393881","2085373553","0.661058"
"2085373553","2027393881","0.661058"
"2027393881","2086431959","0.337447"
"2086431959","2027393881","0.337447"
"2027393881","2092933988","0.289802"
"2092933988","2027393881","0.289802"
"2027393881","2094502467","0.869881"
"2094502467","2027393881","0.869881"
"2027393881","2108332272","3.10365"
"2108332272","2027393881","3.10365"
"2027393881","2115726190","0.811058"
"2115726190","2027393881","0.811058"
"2027393881","2116139218","1.39995"
"2116139218","2027393881","1.39995"
"2027393881","2130508343","2.54448"
"2130508343","2027393881","2.54448"
"2027393881","2567086669","1.29221"
"2567086669","2027393881","1.29221"
"2029801487","2043196319","2.12077"
"2043196319","2029801487","2.12077"
"2029801487","2044050772","1.99875"
"2044050772","2029801487","1.99875"
"2029801487","2068282352","3.17216"
"2068282352","2029801487","3.17216"
"2029801487","2068338255","0.832799"
"2068338255","2029801487","0.832799"
"2029801487","2072768981","1.90354"
"2072768981","2029801487","1.90354"
"2029801487","2074215267","2.91522"
"2074215267","2029801487","2.91522"
"2029801487","2085373553","1.31493"
"2085373553","2029801487","1.31493"
"2029801487","2086431959","2.42772"
"2086431959","2029801487","2.42772"
"2029801487","2092933988","2.82888"
"2092933988","2029801487","2.82888"
"2029801487","2094502467","1.77069"
"2094502467","2029801487","1.77069"
"2029801487","2108332272","0.874602"
"2108332272","2029801487","0.874602"
"2029801487","2115726190","6.705"
"2115726190","2029801487","6.705"
"2029801487","2116139218","2.10298"
"2116139218","2029801487","2.10298"
"2029801487","2130508343","1.15114"
"2130508343","2029801487","1.15114"
"2029801487","2567086669","0.506494"
"2567086669","2029801487","0.506494"
"2043196319","2044050772","2.40757"
"2044050772","2043196319","2.40757"
"2043196319","2068282352","2.41223"
"2068282352","2043196319","2.41223"
"2043196319","2068338255","0.499466"
"2068338255","2043196319","0.499466"
"2043196319","2072768981","2.29916"
"2072768981","2043196319","2.29916"
"2043196319","2074215267","2.64259"
"2074215267","2043196319","2.64259"
"2043196319","2085373553","2.83674"
"2085373553","2043196319","2.83674"
"2043196319","2086431959","6.05876"
"2086431959","2043196319","6.05876"
"2043196319","2092933988","2.13076"
"2092933988","2043196319","2.13076"
"2043196319","2094502467","1.29638"
"2094502467","2043196319","1.29638"
"2043196319","2108332272","1.4239"
"2108332272","2043196319","1.4239"
"2043196319","2115726190","2.51174"
"2115726190","2043196319","2.51174"
"2043196319","2116139218","1.57153"
"2116139218","2043196319","1.57153"
"2043196319","2130508343","1.05926"
"2130508343","2043196319","1.05926"
"2043196319","2567086669","0.474141"
"2567086669","2043196319","0.474141"
"2044050772","2068282352","3.99848"
"2068282352","2044050772","3.99848"
"2044050772","2068338255","0.499466"
"2068338255","2044050772","0.499466"
"2044050772","2072768981","1.24255"
"2072768981","2044050772","1.24255"
"2044050772","2074215267","2.68181"
"2074215267","2044050772","2.68181"
"2044050772","2085373553","1.08208"
"2085373553","2044050772","1.08208"
"2044050772","2086431959","1.75757"
"2086431959","2044050772","1.75757"
"2044050772","2092933988","6.03493"
"2092933988","2044050772","6.03493"
"2044050772","2094502467","0.658391"
"2094502467","2044050772","0.658391"
"2044050772","2108332272","0.693487"
"2108332272","2044050772","0.693487"
"2044050772","2115726190","3.44875"
"2115726190","2044050772","3.44875"
"2044050772","2116139218","0.991173"
"2116139218","2044050772","0.991173"
"2044050772","2130508343","0.39627"
"2130508343","2044050772","0.39627"
"2044050772","2567086669","0.515318"
"2567086669","2044050772","0.515318"
"2068282352","2068338255","0.749466"
"2068338255","2068282352","0.749466"
"2068282352","2072768981","1.45257"
"2072768981","2068282352","1.45257"
"2068282352","2074215267","2.01425"
"2074215267","2068282352","2.01425"
"2068282352","2085373553","1.31591"
"2085373553","2068282352","1.31591"
"2068282352","2086431959","1.87702"
"2086431959","2068282352","1.87702"
"2068282352","2092933988","9.73771"
"2092933988","2068282352","9.73771"
"2068282352","2094502467","1.39618"
"2094502467","2068282352","1.39618"
"2068282352","2108332272","1.07433"
"2108332272","2068282352","1.07433"
"2068282352","2115726190","3.38932"
"2115726190","2068282352","3.38932"
"2068282352","2116139218","1.55228"
"2116139218","2068282352","1.55228"
"2068282352","2130508343","0.835451"
"2130508343","2068282352","0.835451"
"2068282352","2567086669","0.457475"
"2567086669","2068282352","0.457475"
"2068338255","2072768981","4.39873"
"2072768981","2068338255","4.39873"
"2068338255","2074215267","0.642323"
"2074215267","2068338255","0.642323"
"2068338255","2085373553","1.0328"
"2085373553","2068338255","1.0328"
"2068338255","2086431959","0.666132"
"2086431959","2068338255","0.666132"
"2068338255","2092933988","0.893487"
"2092933988","2068338255","0.893487"
"2068338255","2094502467","0.507411"
"2094502467","2068338255","0.507411"
"2068338255","2108332272","0.627088"
"2108332272","2068338255","0.627088"
"2068338255","2115726190","0.499466"
"2115726190","2068338255","0.499466"
"2068338255","2116139218","2.44947"
"2116139218","2068338255","2.44947"
"2068338255","2130508343","0.854814"
"2130508343","2068338255","0.854814"
"2068338255","2567086669","0.723861"
"2567086669","2068338255","0.723861"
"2072768981","2074215267","4.63451"
"2074215267","2072768981","4.63451"
"2072768981","2085373553","5.33776"
"2085373553","2072768981","5.33776"
"2072768981","2086431959","2.42784"
"2086431959","2072768981","2.42784"
"2072768981","2092933988","1.67067"
"2092933988","2072768981","1.67067"
"2072768981","2094502467","3.17237"
"2094502467","2072768981","3.17237"
"2072768981","2108332272","5.68783"
"2108332272","2072768981","5.68783"
"2072768981","2115726190","2.33061"
"2115726190","2072768981","2.33061"
"2072768981","2116139218","7.31068"
"2116139218","2072768981","7.31068"
"2072768981","2130508343","2.05569"
"2130508343","2072768981","2.05569"
"2072768981","2567086669","7.09319"
"2567086669","2072768981","7.09319"
"2074215267","2085373553","1.51452"
"2085373553","2074215267","1.51452"
"2074215267","2086431959","3.47543"
"2086431959","2074215267","3.47543"
"2074215267","2092933988","2.55854"
"2092933988","2074215267","2.55854"
"2074215267","2094502467","2.23527"
"2094502467","2074215267","2.23527"
"2074215267","2108332272","1.09676"
"2108332272","2074215267","1.09676"
"2074215267","2115726190","4.38396"
"2115726190","2074215267","4.38396"
"2074215267","2116139218","1.66597"
"2116139218","2074215267","1.66597"
"2074215267","2130508343","1.13009"
"2130508343","2074215267","1.13009"
"2074215267","2567086669","0.690808"
"2567086669","2074215267","0.690808"
"2085373553","2086431959","1.29875"
"2086431959","2085373553","1.29875"
"2085373553","2092933988","1.2011"
"2092933988","2085373553","1.2011"
"2085373553","2094502467","1.01117"
"2094502467","2085373553","1.01117"
"2085373553","2108332272","1.02619"
"2108332272","2085373553","1.02619"
"2085373553","2115726190","1.17702"
"2115726190","2085373553","1.17702"
"2085373553","2116139218","1.49068"
"2116139218","2085373553","1.49068"
"2085373553","2130508343","0.60877"
"2130508343","2085373553","0.60877"
"2085373553","2567086669","0.390808"
"2567086669","2085373553","0.390808"
"2086431959","2092933988","1.61826"
"2092933988","2086431959","1.61826"
"2086431959","2094502467","2.15839"
"2094502467","2086431959","2.15839"
"2086431959","2108332272","0.869245"
"2108332272","2086431959","0.869245"
"2086431959","2115726190","2.35153"
"2115726190","2086431959","2.35153"
"2086431959","2116139218","1.70903"
"2116139218","2086431959","1.70903"
"2086431959","2130508343","0.562937"
"2130508343","2086431959","0.562937"
"2086431959","2567086669","0.581985"
"2567086669","2086431959","0.581985"
"2092933988","2094502467","1.18436"
"2094502467","2092933988","1.18436"
"2092933988","2108332272","0.5591"
"2108332272","2092933988","0.5591"
"2092933988","2115726190","3.54555"
"2115726190","2092933988","3.54555"
"2092933988","2116139218","0.954639"
"2116139218","2092933988","0.954639"
"2092933988","2130508343","0.415292"
"2130508343","2092933988","0.415292"
"2092933988","2567086669","0.305173"
"2567086669","2092933988","0.305173"
"2094502467","2108332272","1.57226"
"2108332272","2094502467","1.57226"
"2094502467","2115726190","1.2818"
"2115726190","2094502467","1.2818"
"2094502467","2116139218","0.802346"
"2116139218","2094502467","0.802346"
"2094502467","2130508343","3.12782"
"2130508343","2094502467","3.12782"
"2094502467","2567086669","0.465318"
"2567086669","2094502467","0.465318"
"2108332272","2115726190","1.05238"
"2115726190","2108332272","1.05238"
"2108332272","2116139218","0.881745"
"2116139218","2108332272","0.881745"
"2108332272","2130508343","1.31115"
"2130508343","2108332272","1.31115"
"2108332272","2567086669","3.33983"
"2567086669","2108332272","3.33983"
"2115726190","2116139218","1.16013"
"2116139218","2115726190","1.16013"
"2115726190","2130508343","0.818294"
"2130508343","2115726190","0.818294"
"2115726190","2567086669","0.524141"
"2567086669","2115726190","0.524141"
"2116139218","2130508343","0.50877"
"2130508343","2116139218","0.50877"
"2116139218","2567086669","1.25649"
"2567086669","2116139218","1.25649"
"2130508343","2567086669","1.4177"
"2567086669","2130508343","1.4177"
"1479826017","1595152431","12.3683"
"1595152431","1479826017","12.3683"
"1479826017","2040466357","1.5"
"2040466357","1479826017","1.5"
"1595152431","2040466357","1.22917"
"2040466357","1595152431","1.22917"
"1595152431","2085373553","0.72549"
"2085373553","1595152431","0.72549"
"2040466357","2085373553","1.06418"
"2085373553","2040466357","1.06418"
"1479826017","2007907335","0.5"
"2007907335","1479826017","0.5"
"2007907335","2072768981","5.83313"
"2072768981","2007907335","5.83313"
"1595152431","2761075141","3.72549"
"2761075141","1595152431","3.72549"
"1479826017","1985026633","0.0833333"
"1985026633","1479826017","0.0833333"
"1479826017","2069406445","0.142157"
"2069406445","1479826017","0.142157"
"1479826017","2085083199","0.47619"
"2085083199","1479826017","0.47619"
"1479826017","2252433314","0.0833333"
"2252433314","1479826017","0.0833333"
"1595152431","1985026633","0.583333"
"1985026633","1595152431","0.583333"
"1595152431","2027393881","1.47251"
"2027393881","1595152431","1.47251"
"1595152431","2068282352","0.308824"
"2068282352","1595152431","0.308824"
"1595152431","2068338255","1.60417"
"2068338255","1595152431","1.60417"
"1595152431","2069406445","0.246324"
"2069406445","1595152431","0.246324"
"1595152431","2072768981","1.45168"
"2072768981","1595152431","1.45168"
"1595152431","2085083199","0.60119"
"2085083199","1595152431","0.60119"
"1595152431","2108332272","1.30882"
"2108332272","1595152431","1.30882"
"1595152431","2116139218","0.416667"
"2116139218","1595152431","0.416667"
"1595152431","2252433314","0.25"
"2252433314","1595152431","0.25"
"1985026633","2027393881","1.45"
"2027393881","1985026633","1.45"
"1985026633","2040466357","3.79132"
"2040466357","1985026633","3.79132"
"1985026633","2068282352","1.54264"
"2068282352","1985026633","1.54264"
"1985026633","2068338255","6.60952"
"2068338255","1985026633","6.60952"
"1985026633","2069406445","1.33333"
"2069406445","1985026633","1.33333"
"1985026633","2072768981","1.30729"
"2072768981","1985026633","1.30729"
"1985026633","2085083199","0.302632"
"2085083199","1985026633","0.302632"
"1985026633","2108332272","0.0833333"
"2108332272","1985026633","0.0833333"
"1985026633","2116139218","1.06513"
"2116139218","1985026633","1.06513"
"1985026633","2252433314","7.15173"
"2252433314","1985026633","7.15173"
"2027393881","2040466357","0.908197"
"2040466357","2027393881","0.908197"
"2027393881","2069406445","0.791201"
"2069406445","2027393881","0.791201"
"2027393881","2085083199","1.99573"
"2085083199","2027393881","1.99573"
"2027393881","2252433314","0.733766"
"2252433314","2027393881","0.733766"
"2040466357","2068282352","1.28843"
"2068282352","2040466357","1.28843"
"2040466357","2068338255","1.19191"
"2068338255","2040466357","1.19191"
"2040466357","2069406445","0.8671"
"2069406445","2040466357","0.8671"
"2040466357","2072768981","3.74795"
"2072768981","2040466357","3.74795"
"2040466357","2085083199","0.231419"
"2085083199","2040466357","0.231419"
"2040466357","2108332272","0.620697"
"2108332272","2040466357","0.620697"
"2040466357","2116139218","1.03085"
"2116139218","2040466357","1.03085"
"2040466357","2252433314","1.17769"
"2252433314","2040466357","1.17769"
"2068282352","2069406445","0.762233"
"2069406445","2068282352","0.762233"
"2068282352","2085083199","0.420256"
"2085083199","2068282352","0.420256"
"2068282352","2252433314","0.979763"
"2252433314","2068282352","0.979763"
"2068338255","2069406445","0.175"
"2069406445","2068338255","0.175"
"2068338255","2085083199","0.425467"
"2085083199","2068338255","0.425467"
"2068338255","2252433314","1.22879"
"2252433314","2068338255","1.22879"
"2069406445","2072768981","2.56025"
"2072768981","2069406445","2.56025"
"2069406445","2085083199","0.325"
"2085083199","2069406445","0.325"
"2069406445","2108332272","1.30072"
"2108332272","2069406445","1.30072"
"2069406445","2116139218","1.08036"
"2116139218","2069406445","1.08036"
"2069406445","2252433314","1.33496"
"2252433314","2069406445","1.33496"
"2072768981","2085083199","7.14645"
"2085083199","2072768981","7.14645"
"2072768981","2252433314","1.6127"
"2252433314","2072768981","1.6127"
"2085083199","2108332272","1.6555"
"2108332272","2085083199","1.6555"
"2085083199","2116139218","1.37026"
"2116139218","2085083199","1.37026"
"2085083199","2252433314","0.414753"
"2252433314","2085083199","0.414753"
"2108332272","2252433314","1.04329"
"2252433314","2108332272","1.04329"
"2116139218","2252433314","0.743919"
"2252433314","2116139218","0.743919"
"1588110365","1595152431","0.121324"
"1595152431","1588110365","0.121324"
"1588110365","2069406445","1.01299"
"2069406445","1588110365","1.01299"
"1588110365","2761075141","0.153361"
"2761075141","1588110365","0.153361"
"1595152431","1981880290","0.683824"
"1981880290","1595152431","0.683824"
"1595152431","2006826852","0.410014"
"2006826852","1595152431","0.410014"
"1595152431","2043196319","0.22549"
"2043196319","1595152431","0.22549"
"1595152431","2074215267","0.66299"
"2074215267","1595152431","0.66299"
"1595152431","2094502467","0.16299"
"2094502467","1595152431","0.16299"
"1595152431","2115726190","0.22549"
"2115726190","1595152431","0.22549"
"1595152431","2130508343","0.472514"
"2130508343","1595152431","0.472514"
"1595152431","2567086669","0.743347"
"2567086669","1595152431","0.743347"
"1981880290","2069406445","0.171324"
"2069406445","1981880290","0.171324"
"1981880290","2761075141","0.594538"
"2761075141","1981880290","0.594538"
"2006826852","2069406445","0.445368"
"2069406445","2006826852","0.445368"
"2006826852","2761075141","0.205649"
"2761075141","2006826852","0.205649"
"2027393881","2761075141","0.372316"
"2761075141","2027393881","0.372316"
"2043196319","2069406445","1.08085"
"2069406445","2043196319","1.08085"
"2043196319","2761075141","0.153361"
"2761075141","2043196319","0.153361"
"2068282352","2761075141","0.153361"
"2761075141","2068282352","0.153361"
"2069406445","2074215267","1.22037"
"2074215267","2069406445","1.22037"
"2069406445","2085373553","0.424101"
"2085373553","2069406445","0.424101"
"2069406445","2094502467","1.48363"
"2094502467","2069406445","1.48363"
"2069406445","2115726190","0.324101"
"2115726190","2069406445","0.324101"
"2069406445","2130508343","0.430847"
"2130508343","2069406445","0.430847"
"2069406445","2567086669","0.267157"
"2567086669","2069406445","0.267157"
"2069406445","2761075141","0.169935"
"2761075141","2069406445","0.169935"
"2072768981","2761075141","1.26447"
"2761075141","2072768981","1.26447"
"2074215267","2761075141","0.264472"
"2761075141","2074215267","0.264472"
"2085373553","2761075141","0.264472"
"2761075141","2085373553","0.264472"
"2094502467","2761075141","0.205649"
"2761075141","2094502467","0.205649"
"2108332272","2761075141","0.205649"
"2761075141","2108332272","0.205649"
"2115726190","2761075141","0.264472"
"2761075141","2115726190","0.264472"
"2130508343","2761075141","0.153361"
"2761075141","2130508343","0.153361"
"2567086669","2761075141","0.153361"
"2761075141","2567086669","0.153361"
"2006826852","2085083199","1.49573"
"2085083199","2006826852","1.49573"
"2085083199","2130508343","0.812395"
"2130508343","2085083199","0.812395"
"2085083199","2567086669","0.703571"
"2567086669","2085083199","0.703571"
"1479826017","1983624708","0.2"
"1983624708","1479826017","0.2"
"1981880290","1983624708","1.26713"
"1983624708","1981880290","1.26713"
"1983624708","2021624113","1.56634"
"2021624113","1983624708","1.56634"
"1983624708","2043196319","1.18856"
"2043196319","1983624708","1.18856"
"1983624708","2092933988","0.871896"
"2092933988","1983624708","0.871896"
"1479826017","1990564389","0.75"
"1990564389","1479826017","0.75"
"1479826017","2016092979","0.75"
"2016092979","1479826017","0.75"
"1990564389","2016092979","1.08333"
"2016092979","1990564389","1.08333"
"1990564389","2085083199","0.285714"
"2085083199","1990564389","0.285714"
"1990564389","2761075141","0.285714"
"2761075141","1990564389","0.285714"
"2016092979","2085083199","1.25"
"2085083199","2016092979","1.25"
"2016092979","2761075141","0.25"
"2761075141","2016092979","0.25"
"2085083199","2761075141","0.452381"
"2761075141","2085083199","0.452381"
"1595152431","2029801487","0.333333"
"2029801487","1595152431","0.333333"
"1595152431","2086431959","0.270833"
"2086431959","1595152431","0.270833"
"2029801487","2040466357","0.78085"
"2040466357","2029801487","0.78085"
"2040466357","2086431959","0.501683"
"2086431959","2040466357","0.501683"
"1527051746","1981880290","1.21618"
"1981880290","1527051746","1.21618"
"1527051746","1985026633","3.7066"
"1985026633","1527051746","3.7066"
"1527051746","1990564389","0.178571"
"1990564389","1527051746","0.178571"
"1527051746","2007907335","0.857359"
"2007907335","1527051746","0.857359"
"1527051746","2040466357","1.54094"
"2040466357","1527051746","1.54094"
"1527051746","2068338255","1.10736"
"2068338255","1527051746","1.10736"
"1527051746","2074215267","1.11048"
"2074215267","1527051746","1.11048"
"1981880290","1985026633","0.405357"
"1985026633","1981880290","0.405357"
"1981880290","1990564389","0.178571"
"1990564389","1981880290","0.178571"
"1981880290","2007907335","2.10883"
"2007907335","1981880290","2.10883"
"1981880290","2040466357","1.05441"
"2040466357","1981880290","1.05441"
"1985026633","1990564389","3.47619"
"1990564389","1985026633","3.47619"
"1985026633","2007907335","0.305357"
"2007907335","1985026633","0.305357"
"1985026633","2074215267","0.591055"
"2074215267","1985026633","0.591055"
"1990564389","2007907335","0.178571"
"2007907335","1990564389","0.178571"
"1990564389","2040466357","0.885714"
"2040466357","1990564389","0.885714"
"1990564389","2068338255","4.0119"
"2068338255","1990564389","4.0119"
"1990564389","2074215267","0.278571"
"2074215267","1990564389","0.278571"
"2007907335","2040466357","2.14429"
"2040466357","2007907335","2.14429"
"2007907335","2068338255","1.82133"
"2068338255","2007907335","1.82133"
"2007907335","2074215267","1.51567"
"2074215267","2007907335","1.51567"
"2040466357","2074215267","1.44795"
"2074215267","2040466357","1.44795"
"1527051746","2252433314","1.85086"
"2252433314","1527051746","1.85086"
"1527051746","1553132990","0.235965"
"1553132990","1527051746","0.235965"
"1527051746","2021624113","1.85374"
"2021624113","1527051746","1.85374"
"1527051746","2058906820","0.1"
"2058906820","1527051746","0.1"
"1527051746","2072768981","2.67596"
"2072768981","1527051746","2.67596"
"1553132990","1981880290","0.1"
"1981880290","1553132990","0.1"
"1553132990","1985026633","0.485965"
"1985026633","1553132990","0.485965"
"1553132990","2007907335","0.1"
"2007907335","1553132990","0.1"
"1553132990","2021624113","0.326874"
"2021624113","1553132990","0.326874"
"1553132990","2040466357","1.91021"
"2040466357","1553132990","1.91021"
"1553132990","2058906820","0.1"
"2058906820","1553132990","0.1"
"1553132990","2068338255","0.1"
"2068338255","1553132990","0.1"
"1553132990","2072768981","1.49354"
"2072768981","1553132990","1.49354"
"1553132990","2252433314","1.57687"
"2252433314","1553132990","1.57687"
"1981880290","2058906820","0.6625"
"2058906820","1981880290","0.6625"
"1981880290","2252433314","0.557955"
"2252433314","1981880290","0.557955"
"1985026633","2021624113","0.596809"
"2021624113","1985026633","0.596809"
"1985026633","2058906820","0.1625"
"2058906820","1985026633","0.1625"
"2007907335","2021624113","1.66031"
"2021624113","2007907335","1.66031"
"2007907335","2058906820","0.504167"
"2058906820","2007907335","0.504167"
"2007907335","2252433314","0.724621"
"2252433314","2007907335","0.724621"
"2021624113","2040466357","0.875926"
"2040466357","2021624113","0.875926"
"2021624113","2058906820","0.725"
"2058906820","2021624113","0.725"
"2021624113","2252433314","1.20893"
"2252433314","2021624113","1.20893"
"2040466357","2058906820","0.1625"
"2058906820","2040466357","0.1625"
"2058906820","2068338255","0.441667"
"2068338255","2058906820","0.441667"
"2058906820","2072768981","1.5375"
"2072768981","2058906820","1.5375"
"2058906820","2252433314","0.495833"
"2252433314","2058906820","0.495833"
"1527051746","2027393881","1.32787"
"2027393881","1527051746","1.32787"
"1527051746","2116139218","1.39262"
"2116139218","1527051746","1.39262"
"1527051746","1588110365","0.9588"
"1588110365","1527051746","0.9588"
"1527051746","1983624708","0.99228"
"1983624708","1527051746","0.99228"
"1527051746","2069406445","0.325"
"2069406445","1527051746","0.325"
"1588110365","1983624708","0.588562"
"1983624708","1588110365","0.588562"
"1588110365","2040466357","0.554064"
"2040466357","1588110365","0.554064"
"1983624708","2027393881","0.628571"
"2027393881","1983624708","0.628571"
"1983624708","2040466357","1.33831"
"2040466357","1983624708","1.33831"
"1983624708","2069406445","0.77619"
"2069406445","1983624708","0.77619"
"1527051746","2068282352","1.01207"
"2068282352","1527051746","1.01207"
"1527051746","1980260088","0.394912"
"1980260088","1527051746","0.394912"
"1527051746","2029801487","0.578735"
"2029801487","1527051746","0.578735"
"1527051746","2043196319","0.567624"
"2043196319","1527051746","0.567624"
"1527051746","2044050772","0.342624"
"2044050772","1527051746","0.342624"
"1527051746","2085083199","0.759291"
"2085083199","1527051746","0.759291"
"1527051746","2085373553","0.567134"
"2085373553","1527051746","0.567134"
"1527051746","2086431959","0.453735"
"2086431959","1527051746","0.453735"
"1527051746","2092933988","0.442624"
"2092933988","1527051746","0.442624"
"1527051746","2094502467","0.206659"
"2094502467","1527051746","0.206659"
"1527051746","2115726190","0.394912"
"2115726190","1527051746","0.394912"
"1588110365","2007907335","1.26448"
"2007907335","1588110365","1.26448"
"1588110365","2085083199","0.236432"
"2085083199","1588110365","0.236432"
"1588110365","2252433314","1.09441"
"2252433314","1588110365","1.09441"
"1980260088","1983624708","1.01634"
"1983624708","1980260088","1.01634"
"1980260088","2007907335","0.549197"
"2007907335","1980260088","0.549197"
"1980260088","2040466357","0.385017"
"2040466357","1980260088","0.385017"
"1980260088","2085083199","0.511432"
"2085083199","1980260088","0.511432"
"1980260088","2252433314","1.01802"
"2252433314","1980260088","1.01802"
"1981880290","2085083199","0.809291"
"2085083199","1981880290","0.809291"
"1983624708","2007907335","0.288562"
"2007907335","1983624708","0.288562"
"1983624708","2029801487","0.599673"
"2029801487","1983624708","0.599673"
"1983624708","2044050772","0.871896"
"2044050772","1983624708","0.871896"
"1983624708","2068282352","0.683007"
"2068282352","1983624708","0.683007"
"1983624708","2068338255","0.1338"
"2068338255","1983624708","0.1338"
"1983624708","2072768981","0.793324"
"2072768981","1983624708","0.793324"
"1983624708","2074215267","0.988562"
"2074215267","1983624708","0.988562"
"1983624708","2085083199","0.1338"
"2085083199","1983624708","0.1338"
"1983624708","2085373553","0.405229"
"2085373553","1983624708","0.405229"
"1983624708","2086431959","0.649673"
"2086431959","1983624708","0.649673"
"1983624708","2094502467","0.264502"
"2094502467","1983624708","0.264502"
"1983624708","2115726190","0.649673"
"2115726190","1983624708","0.649673"
"1983624708","2116139218","0.288562"
"2116139218","1983624708","0.288562"
"1983624708","2252433314","0.899423"
"2252433314","1983624708","0.899423"
"2007907335","2029801487","1.03065"
"2029801487","2007907335","1.03065"
"2007907335","2043196319","0.582531"
"2043196319","2007907335","0.582531"
"2007907335","2044050772","0.582531"
"2044050772","2007907335","0.582531"
"2007907335","2068282352","0.972809"
"2068282352","2007907335","0.972809"
"2007907335","2085083199","0.7588"
"2085083199","2007907335","0.7588"
"2007907335","2085373553","1.14503"
"2085373553","2007907335","1.14503"
"2007907335","2086431959","0.882531"
"2086431959","2007907335","0.882531"
"2007907335","2092933988","0.712664"
"2092933988","2007907335","0.712664"
"2007907335","2094502467","0.523258"
"2094502467","2007907335","0.523258"
"2007907335","2115726190","0.722809"
"2115726190","2007907335","0.722809"
"2007907335","2116139218","4.28948"
"2116139218","2007907335","4.28948"
"2021624113","2085083199","1.33692"
"2085083199","2021624113","1.33692"
"2029801487","2085083199","0.570256"
"2085083199","2029801487","0.570256"
"2029801487","2252433314","1.12219"
"2252433314","2029801487","1.12219"
"2040466357","2043196319","0.535017"
"2043196319","2040466357","0.535017"
"2040466357","2044050772","0.925926"
"2044050772","2040466357","0.925926"
"2040466357","2092933988","0.891539"
"2092933988","2040466357","0.891539"
"2040466357","2094502467","0.349052"
"2094502467","2040466357","0.349052"
"2040466357","2115726190","0.78085"
"2115726190","2040466357","0.78085"
"2043196319","2085083199","1.05359"
"2085083199","2043196319","1.05359"
"2043196319","2252433314","1.11524"
"2252433314","2043196319","1.11524"
"2044050772","2085083199","0.353589"
"2085083199","2044050772","0.353589"
"2044050772","2252433314","0.664485"
"2252433314","2044050772","0.664485"
"2074215267","2085083199","0.903589"
"2085083199","2074215267","0.903589"
"2074215267","2252433314","0.951985"
"2252433314","2074215267","0.951985"
"2085083199","2085373553","0.278099"
"2085373553","2085083199","0.278099"
"2085083199","2086431959","0.970255"
"2086431959","2085083199","0.970255"
"2085083199","2092933988","0.353589"
"2092933988","2085083199","0.353589"
"2085083199","2094502467","0.548326"
"2094502467","2085083199","0.548326"
"2085083199","2115726190","0.344765"
"2115726190","2085083199","0.344765"
"2085373553","2252433314","2.48608"
"2252433314","2085373553","2.48608"
"2086431959","2252433314","0.518021"
"2252433314","2086431959","0.518021"
"2092933988","2252433314","1.06941"
"2252433314","2092933988","1.06941"
"2094502467","2252433314","0.376302"
"2252433314","2094502467","0.376302"
"2115726190","2252433314","1.08052"
"2252433314","2115726190","1.08052"
"1553132990","1588110365","0.302632"
"1588110365","1553132990","0.302632"
"1553132990","1980260088","0.135965"
"1980260088","1553132990","0.135965"
"1553132990","2029801487","0.135965"
"2029801487","1553132990","0.135965"
"1553132990","2043196319","0.135965"
"2043196319","1553132990","0.135965"
"1553132990","2044050772","0.726874"
"2044050772","1553132990","0.726874"
"1553132990","2068282352","1.72687"
"2068282352","1553132990","1.72687"
"1553132990","2074215267","1.22687"
"2074215267","1553132990","1.22687"
"1553132990","2085083199","0.0526316"
"2085083199","1553132990","0.0526316"
"1553132990","2085373553","0.0526316"
"2085373553","1553132990","0.0526316"
"1553132990","2086431959","0.135965"
"2086431959","1553132990","0.135965"
"1553132990","2092933988","0.469298"
"2092933988","1553132990","0.469298"
"1553132990","2115726190","0.469298"
"2115726190","1553132990","0.469298"
"1553132990","2116139218","0.0526316"
"2116139218","1553132990","0.0526316"
"1588110365","1985026633","0.173955"
"1985026633","1588110365","0.173955"
"1980260088","1985026633","0.396809"
"1985026633","1980260088","0.396809"
"1985026633","2029801487","0.459309"
"2029801487","1985026633","0.459309"
"1985026633","2043196319","0.635698"
"2043196319","1985026633","0.635698"
"1985026633","2044050772","0.619031"
"2044050772","1985026633","0.619031"
"1985026633","2085373553","1.1982"
"2085373553","1985026633","1.1982"
"1985026633","2086431959","0.396809"
"2086431959","1985026633","0.396809"
"1985026633","2092933988","0.448198"
"2092933988","1985026633","0.448198"
"1985026633","2115726190","0.459309"
"2115726190","1985026633","0.459309"
"1527051746","2130508343","0.286204"
"2130508343","1527051746","0.286204"
"1527051746","2567086669","0.102381"
"2567086669","1527051746","0.102381"
"2130508343","2252433314","0.334524"
"2252433314","2130508343","0.334524"
"2252433314","2567086669","0.292157"
"2567086669","2252433314","0.292157"
"1527051746","2006826852","0.294538"
"2006826852","1527051746","0.294538"
"2006826852","2040466357","0.744506"
"2040466357","2006826852","0.744506"
