"106253273","1575124344","3.70202"
"1575124344","106253273","3.70202"
"106253273","1974034305","0.333333"
"1974034305","106253273","0.333333"
"106253273","2073632481","5.85758"
"2073632481","106253273","5.85758"
"1575124344","1974034305","0.333333"
"1974034305","1575124344","0.333333"
"1575124344","2073632481","4.70202"
"2073632481","1575124344","4.70202"
"1974034305","2073632481","0.333333"
"2073632481","1974034305","0.333333"
"106253273","2143222421","1.35833"
"2143222421","106253273","1.35833"
"1575124344","2143222421","0.733333"
"2143222421","1575124344","0.733333"
"2073632481","2143222421","0.733333"
"2143222421","2073632481","0.733333"
"106253273","1483740431","0.958333"
"1483740431","106253273","0.958333"
"106253273","1566392645","0.372222"
"1566392645","106253273","0.372222"
"106253273","1975013669","0.504798"
"1975013669","106253273","0.504798"
"106253273","2009334044","0.483333"
"2009334044","106253273","0.483333"
"106253273","2021845463","0.372222"
"2021845463","106253273","0.372222"
"106253273","2027716013","0.683333"
"2027716013","106253273","0.683333"
"106253273","2098072594","0.458333"
"2098072594","106253273","0.458333"
"1483740431","1566392645","0.125"
"1566392645","1483740431","0.125"
"1483740431","1975013669","0.125"
"1975013669","1483740431","0.125"
"1483740431","2009334044","0.125"
"2009334044","1483740431","0.125"
"1483740431","2021845463","0.125"
"2021845463","1483740431","0.125"
"1483740431","2027716013","0.125"
"2027716013","1483740431","0.125"
"1483740431","2098072594","0.125"
"2098072594","1483740431","0.125"
"1483740431","2143222421","5.70833"
"2143222421","1483740431","5.70833"
"1566392645","1975013669","0.247222"
"1975013669","1566392645","0.247222"
"1566392645","2009334044","4.20556"
"2009334044","1566392645","4.20556"
"1566392645","2021845463","0.372222"
"2021845463","1566392645","0.372222"
"1566392645","2027716013","4.20556"
"2027716013","1566392645","4.20556"
"1566392645","2098072594","0.247222"
"2098072594","1566392645","0.247222"
"1566392645","2143222421","0.191667"
"2143222421","1566392645","0.191667"
"1975013669","2009334044","0.693478"
"2009334044","1975013669","0.693478"
"1975013669","2021845463","2.76806"
"2021845463","1975013669","2.76806"
"1975013669","2027716013","1.52681"
"2027716013","1975013669","1.52681"
"1975013669","2098072594","18.4226"
"2098072594","1975013669","18.4226"
"1975013669","2143222421","0.254167"
"2143222421","1975013669","0.254167"
"2009334044","2021845463","0.497222"
"2021845463","2009334044","0.497222"
"2009334044","2027716013","16.0685"
"2027716013","2009334044","16.0685"
"2009334044","2098072594","0.526812"
"2098072594","2009334044","0.526812"
"2009334044","2143222421","0.191667"
"2143222421","2009334044","0.191667"
"2021845463","2027716013","0.497222"
"2027716013","2021845463","0.497222"
"2021845463","2098072594","2.76806"
"2098072594","2021845463","2.76806"
"2021845463","2143222421","0.504167"
"2143222421","2021845463","0.504167"
"2027716013","2098072594","0.526812"
"2098072594","2027716013","0.526812"
"2027716013","2143222421","0.191667"
"2143222421","2027716013","0.191667"
"2098072594","2143222421","0.254167"
"2143222421","2098072594","0.254167"
"106253273","1487667621","0.122222"
"1487667621","106253273","0.122222"
"106253273","1517995670","0.0555556"
"1517995670","106253273","0.0555556"
"106253273","1856234801","0.180556"
"1856234801","106253273","0.180556"
"106253273","1916200643","0.391667"
"1916200643","106253273","0.391667"
"106253273","1972908505","0.213131"
"1972908505","106253273","0.213131"
"106253273","2000329845","0.236111"
"2000329845","106253273","0.236111"
"106253273","2037297425","0.433333"
"2037297425","106253273","0.433333"
"106253273","2085302500","1.14646"
"2085302500","106253273","1.14646"
"106253273","2085525982","0.311111"
"2085525982","106253273","0.311111"
"106253273","2088082235","0.155556"
"2088082235","106253273","0.155556"
"106253273","2105351359","0.122222"
"2105351359","106253273","0.122222"
"106253273","2106357990","0.0555556"
"2106357990","106253273","0.0555556"
"1487667621","1517995670","0.451389"
"1517995670","1487667621","0.451389"
"1487667621","1566392645","0.122222"
"1566392645","1487667621","0.122222"
"1487667621","1856234801","0.0555556"
"1856234801","1487667621","0.0555556"
"1487667621","1916200643","0.0555556"
"1916200643","1487667621","0.0555556"
"1487667621","1972908505","1.01806"
"1972908505","1487667621","1.01806"
"1487667621","1975013669","0.309722"
"1975013669","1487667621","0.309722"
"1487667621","2000329845","0.0555556"
"2000329845","1487667621","0.0555556"
"1487667621","2009334044","0.247222"
"2009334044","1487667621","0.247222"
"1487667621","2021845463","0.309722"
"2021845463","1487667621","0.309722"
"1487667621","2027716013","0.247222"
"2027716013","1487667621","0.247222"
"1487667621","2037297425","0.184722"
"2037297425","1487667621","0.184722"
"1487667621","2085302500","0.0555556"
"2085302500","1487667621","0.0555556"
"1487667621","2085525982","0.180556"
"2085525982","1487667621","0.180556"
"1487667621","2088082235","0.180556"
"2088082235","1487667621","0.180556"
"1487667621","2098072594","0.309722"
"2098072594","1487667621","0.309722"
"1487667621","2105351359","2.01806"
"2105351359","1487667621","2.01806"
"1487667621","2106357990","0.118056"
"2106357990","1487667621","0.118056"
"1517995670","1566392645","1.05556"
"1566392645","1517995670","1.05556"
"1517995670","1856234801","0.0555556"
"1856234801","1517995670","0.0555556"
"1517995670","1916200643","0.0555556"
"1916200643","1517995670","0.0555556"
"1517995670","1972908505","0.451389"
"1972908505","1517995670","0.451389"
"1517995670","1975013669","0.118056"
"1975013669","1517995670","0.118056"
"1517995670","2000329845","0.0555556"
"2000329845","1517995670","0.0555556"
"1517995670","2009334044","0.0555556"
"2009334044","1517995670","0.0555556"
"1517995670","2021845463","0.118056"
"2021845463","1517995670","0.118056"
"1517995670","2027716013","0.0555556"
"2027716013","1517995670","0.0555556"
"1517995670","2037297425","0.118056"
"2037297425","1517995670","0.118056"
"1517995670","2085302500","0.0555556"
"2085302500","1517995670","0.0555556"
"1517995670","2085525982","0.388889"
"2085525982","1517995670","0.388889"
"1517995670","2088082235","0.388889"
"2088082235","1517995670","0.388889"
"1517995670","2098072594","0.118056"
"2098072594","1517995670","0.118056"
"1517995670","2105351359","1.45139"
"2105351359","1517995670","1.45139"
"1517995670","2106357990","0.118056"
"2106357990","1517995670","0.118056"
"1566392645","1856234801","0.180556"
"1856234801","1566392645","0.180556"
"1566392645","1916200643","0.180556"
"1916200643","1566392645","0.180556"
"1566392645","1972908505","0.122222"
"1972908505","1566392645","0.122222"
"1566392645","2000329845","0.180556"
"2000329845","1566392645","0.180556"
"1566392645","2037297425","0.122222"
"2037297425","1566392645","0.122222"
"1566392645","2085302500","0.0555556"
"2085302500","1566392645","0.0555556"
"1566392645","2085525982","0.0555556"
"2085525982","1566392645","0.0555556"
"1566392645","2088082235","0.0555556"
"2088082235","1566392645","0.0555556"
"1566392645","2105351359","0.122222"
"2105351359","1566392645","0.122222"
"1566392645","2106357990","0.0555556"
"2106357990","1566392645","0.0555556"
"1856234801","1916200643","1.09903"
"1916200643","1856234801","1.09903"
"1856234801","1972908505","0.0555556"
"1972908505","1856234801","0.0555556"
"1856234801","1975013669","0.0990338"
"1975013669","1856234801","0.0990338"
"1856234801","2000329845","1.09903"
"2000329845","1856234801","1.09903"
"1856234801","2009334044","0.224034"
"2009334044","1856234801","0.224034"
"1856234801","2021845463","0.180556"
"2021845463","1856234801","0.180556"
"1856234801","2027716013","0.224034"
"2027716013","1856234801","0.224034"
"1856234801","2037297425","0.0990338"
"2037297425","1856234801","0.0990338"
"1856234801","2085302500","0.224034"
"2085302500","1856234801","0.224034"
"1856234801","2085525982","0.0990338"
"2085525982","1856234801","0.0990338"
"1856234801","2088082235","0.0990338"
"2088082235","1856234801","0.0990338"
"1856234801","2098072594","0.0990338"
"2098072594","1856234801","0.0990338"
"1856234801","2105351359","0.0555556"
"2105351359","1856234801","0.0555556"
"1856234801","2106357990","0.0990338"
"2106357990","1856234801","0.0990338"
"1916200643","1972908505","0.388889"
"1972908505","1916200643","0.388889"
"1916200643","1975013669","0.210145"
"1975013669","1916200643","0.210145"
"1916200643","2000329845","5.99189"
"2000329845","1916200643","5.99189"
"1916200643","2009334044","0.585145"
"2009334044","1916200643","0.585145"
"1916200643","2021845463","0.323413"
"2021845463","1916200643","0.323413"
"1916200643","2027716013","0.585145"
"2027716013","1916200643","0.585145"
"1916200643","2037297425","0.353002"
"2037297425","1916200643","0.353002"
"1916200643","2085302500","0.557367"
"2085302500","1916200643","0.557367"
"1916200643","2085525982","0.341891"
"2085525982","1916200643","0.341891"
"1916200643","2088082235","0.241891"
"2088082235","1916200643","0.241891"
"1916200643","2098072594","0.210145"
"2098072594","1916200643","0.210145"
"1916200643","2105351359","0.0555556"
"2105351359","1916200643","0.0555556"
"1916200643","2106357990","0.0990338"
"2106357990","1916200643","0.0990338"
"1972908505","1975013669","0.442298"
"1975013669","1972908505","0.442298"
"1972908505","2000329845","0.0555556"
"2000329845","1972908505","0.0555556"
"1972908505","2009334044","0.288889"
"2009334044","1972908505","0.288889"
"1972908505","2021845463","0.184722"
"2021845463","1972908505","0.184722"
"1972908505","2027716013","0.122222"
"2027716013","1972908505","0.122222"
"1972908505","2037297425","0.184722"
"2037297425","1972908505","0.184722"
"1972908505","2085302500","1.64646"
"2085302500","1972908505","1.64646"
"1972908505","2085525982","0.0555556"
"2085525982","1972908505","0.0555556"
"1972908505","2088082235","0.0555556"
"2088082235","1972908505","0.0555556"
"1972908505","2098072594","0.184722"
"2098072594","1972908505","0.184722"
"1972908505","2105351359","1.35139"
"2105351359","1972908505","1.35139"
"1972908505","2106357990","0.618056"
"2106357990","1972908505","0.618056"
"1975013669","2000329845","0.154589"
"2000329845","1975013669","0.154589"
"1975013669","2037297425","0.339312"
"2037297425","1975013669","0.339312"
"1975013669","2085302500","0.35661"
"2085302500","1975013669","0.35661"
"1975013669","2085525982","0.279589"
"2085525982","1975013669","0.279589"
"1975013669","2088082235","0.474034"
"2088082235","1975013669","0.474034"
"1975013669","2105351359","0.184722"
"2105351359","1975013669","0.184722"
"1975013669","2106357990","0.994867"
"2106357990","1975013669","0.994867"
"2000329845","2009334044","0.474034"
"2009334044","2000329845","0.474034"
"2000329845","2021845463","0.323413"
"2021845463","2000329845","0.323413"
"2000329845","2027716013","0.474034"
"2027716013","2000329845","0.474034"
"2000329845","2037297425","0.241891"
"2037297425","2000329845","0.241891"
"2000329845","2085302500","0.224034"
"2085302500","2000329845","0.224034"
"2000329845","2085525982","0.297447"
"2085525982","2000329845","0.297447"
"2000329845","2088082235","0.241891"
"2088082235","2000329845","0.241891"
"2000329845","2098072594","0.0990338"
"2098072594","2000329845","0.0990338"
"2000329845","2105351359","0.0555556"
"2105351359","2000329845","0.0555556"
"2000329845","2106357990","0.0990338"
"2106357990","2000329845","0.0990338"
"2009334044","2037297425","0.276812"
"2037297425","2009334044","0.276812"
"2009334044","2085302500","0.2657"
"2085302500","2009334044","0.2657"
"2009334044","2085525982","0.224034"
"2085525982","2009334044","0.224034"
"2009334044","2088082235","0.224034"
"2088082235","2009334044","0.224034"
"2009334044","2105351359","0.122222"
"2105351359","2009334044","0.122222"
"2009334044","2106357990","0.2657"
"2106357990","2009334044","0.2657"
"2021845463","2037297425","5.82758"
"2037297425","2021845463","5.82758"
"2021845463","2085302500","0.0555556"
"2085302500","2021845463","0.0555556"
"2021845463","2085525982","0.323413"
"2085525982","2021845463","0.323413"
"2021845463","2088082235","0.323413"
"2088082235","2021845463","0.323413"
"2021845463","2105351359","0.184722"
"2105351359","2021845463","0.184722"
"2021845463","2106357990","0.451389"
"2106357990","2021845463","0.451389"
"2027716013","2037297425","1.47681"
"2037297425","2027716013","1.47681"
"2027716013","2085302500","0.0990338"
"2085302500","2027716013","0.0990338"
"2027716013","2085525982","0.224034"
"2085525982","2027716013","0.224034"
"2027716013","2088082235","0.224034"
"2088082235","2027716013","0.224034"
"2027716013","2105351359","0.122222"
"2105351359","2027716013","0.122222"
"2027716013","2106357990","0.0990338"
"2106357990","2027716013","0.0990338"
"2037297425","2085302500","0.0990338"
"2085302500","2037297425","0.0990338"
"2037297425","2085525982","2.74189"
"2085525982","2037297425","2.74189"
"2037297425","2088082235","2.74189"
"2088082235","2037297425","2.74189"
"2037297425","2098072594","0.339312"
"2098072594","2037297425","0.339312"
"2037297425","2105351359","1.18472"
"2105351359","2037297425","1.18472"
"2037297425","2106357990","0.161534"
"2106357990","2037297425","0.161534"
"2085302500","2085525982","0.0990338"
"2085525982","2085302500","0.0990338"
"2085302500","2088082235","0.0990338"
"2088082235","2085302500","0.0990338"
"2085302500","2098072594","0.0990338"
"2098072594","2085302500","0.0990338"
"2085302500","2105351359","1.05556"
"2105351359","2085302500","1.05556"
"2085302500","2106357990","0.2657"
"2106357990","2085302500","0.2657"
"2085525982","2088082235","9.41689"
"2088082235","2085525982","9.41689"
"2085525982","2098072594","0.324034"
"2098072594","2085525982","0.324034"
"2085525982","2105351359","0.0555556"
"2105351359","2085525982","0.0555556"
"2085525982","2106357990","0.0990338"
"2106357990","2085525982","0.0990338"
"2088082235","2098072594","0.324034"
"2098072594","2088082235","0.324034"
"2088082235","2105351359","0.0555556"
"2105351359","2088082235","0.0555556"
"2088082235","2106357990","0.0990338"
"2106357990","2088082235","0.0990338"
"2098072594","2105351359","0.184722"
"2105351359","2098072594","0.184722"
"2098072594","2106357990","0.494867"
"2106357990","2098072594","0.494867"
"2105351359","2106357990","0.451389"
"2106357990","2105351359","0.451389"
"106253273","130810398","0.246465"
"130810398","106253273","0.246465"
"106253273","1977498533","0.446465"
"1977498533","106253273","0.446465"
"106253273","1998904260","0.346465"
"1998904260","106253273","0.346465"
"106253273","2016618979","0.246465"
"2016618979","106253273","0.246465"
"106253273","2030599241","0.246465"
"2030599241","106253273","0.246465"
"106253273","2052446938","0.571465"
"2052446938","106253273","0.571465"
"106253273","2154673119","0.1"
"2154673119","106253273","0.1"
"130810398","1916200643","0.143478"
"1916200643","130810398","0.143478"
"130810398","1977498533","0.246465"
"1977498533","130810398","0.246465"
"130810398","1998904260","0.446465"
"1998904260","130810398","0.446465"
"130810398","2016618979","8.49947"
"2016618979","130810398","8.49947"
"130810398","2030599241","0.289943"
"2030599241","130810398","0.289943"
"130810398","2052446938","0.65661"
"2052446938","130810398","0.65661"
"130810398","2073632481","0.613131"
"2073632481","130810398","0.613131"
"130810398","2085525982","0.5657"
"2085525982","130810398","0.5657"
"130810398","2154673119","0.143478"
"2154673119","130810398","0.143478"
"1916200643","1977498533","0.475"
"1977498533","1916200643","0.475"
"1916200643","1998904260","0.225"
"1998904260","1916200643","0.225"
"1916200643","2016618979","0.268478"
"2016618979","1916200643","0.268478"
"1916200643","2030599241","0.143478"
"2030599241","1916200643","0.143478"
"1916200643","2052446938","1.53634"
"2052446938","1916200643","1.53634"
"1916200643","2073632481","0.336111"
"2073632481","1916200643","0.336111"
"1916200643","2154673119","0.143478"
"2154673119","1916200643","0.143478"
"1977498533","1998904260","0.871465"
"1998904260","1977498533","0.871465"
"1977498533","2016618979","0.371465"
"2016618979","1977498533","0.371465"
"1977498533","2030599241","0.246465"
"2030599241","1977498533","0.246465"
"1977498533","2052446938","0.821465"
"2052446938","1977498533","0.821465"
"1977498533","2073632481","0.371465"
"2073632481","1977498533","0.371465"
"1977498533","2085525982","0.155556"
"2085525982","1977498533","0.155556"
"1977498533","2154673119","0.1"
"2154673119","1977498533","0.1"
"1998904260","2016618979","0.571465"
"2016618979","1998904260","0.571465"
"1998904260","2030599241","0.246465"
"2030599241","1998904260","0.246465"
"1998904260","2052446938","0.371465"
"2052446938","1998904260","0.371465"
"1998904260","2073632481","0.471465"
"2073632481","1998904260","0.471465"
"1998904260","2085525982","0.255556"
"2085525982","1998904260","0.255556"
"1998904260","2154673119","0.1"
"2154673119","1998904260","0.1"
"2016618979","2030599241","1.1328"
"2030599241","2016618979","1.1328"
"2016618979","2052446938","1.03161"
"2052446938","2016618979","1.03161"
"2016618979","2073632481","1.13099"
"2073632481","2016618979","1.13099"
"2016618979","2085525982","0.5657"
"2085525982","2016618979","0.5657"
"2016618979","2154673119","0.393478"
"2154673119","2016618979","0.393478"
"2030599241","2052446938","0.789943"
"2052446938","2030599241","0.789943"
"2030599241","2073632481","0.639322"
"2073632481","2030599241","0.639322"
"2030599241","2085525982","0.199034"
"2085525982","2030599241","0.199034"
"2030599241","2154673119","5.14348"
"2154673119","2030599241","5.14348"
"2052446938","2073632481","0.738131"
"2073632481","2052446938","0.738131"
"2052446938","2085525982","0.708558"
"2085525982","2052446938","0.708558"
"2052446938","2154673119","0.643478"
"2154673119","2052446938","0.643478"
"2073632481","2085525982","0.622222"
"2085525982","2073632481","0.622222"
"2073632481","2154673119","0.1"
"2154673119","2073632481","0.1"
"2085525982","2154673119","0.143478"
"2154673119","2085525982","0.143478"
"106253273","1861333627","0.2"
"1861333627","106253273","0.2"
"1861333627","1977498533","0.2"
"1977498533","1861333627","0.2"
"1861333627","2027716013","2.03515"
"2027716013","1861333627","2.03515"
"1861333627","2037297425","0.305978"
"2037297425","1861333627","0.305978"
"1861333627","2052446938","0.243478"
"2052446938","1861333627","0.243478"
"1977498533","2027716013","0.2"
"2027716013","1977498533","0.2"
"1977498533","2037297425","0.2"
"2037297425","1977498533","0.2"
"2027716013","2052446938","0.618478"
"2052446938","2027716013","0.618478"
"2037297425","2052446938","0.386335"
"2052446938","2037297425","0.386335"
"106253273","2013563212","0.0555556"
"2013563212","106253273","0.0555556"
"106253273","2018934980","0.0555556"
"2018934980","106253273","0.0555556"
"106253273","2020400760","0.0555556"
"2020400760","106253273","0.0555556"
"106253273","2032470294","0.0555556"
"2032470294","106253273","0.0555556"
"106253273","2040244607","0.0555556"
"2040244607","106253273","0.0555556"
"106253273","2069388533","0.0555556"
"2069388533","106253273","0.0555556"
"106253273","2248352351","0.0555556"
"2248352351","106253273","0.0555556"
"106253273","2807315886","0.0555556"
"2807315886","106253273","0.0555556"
"130810398","1975013669","0.189943"
"1975013669","130810398","0.189943"
"130810398","2000329845","0.0990338"
"2000329845","130810398","0.0990338"
"130810398","2013563212","0.0555556"
"2013563212","130810398","0.0555556"
"130810398","2018934980","0.255556"
"2018934980","130810398","0.255556"
"130810398","2020400760","0.0555556"
"2020400760","130810398","0.0555556"
"130810398","2032470294","0.0555556"
"2032470294","130810398","0.0555556"
"130810398","2040244607","0.255556"
"2040244607","130810398","0.255556"
"130810398","2069388533","0.255556"
"2069388533","130810398","0.255556"
"130810398","2248352351","0.0555556"
"2248352351","130810398","0.0555556"
"130810398","2807315886","0.0555556"
"2807315886","130810398","0.0555556"
"1975013669","1977498533","0.646465"
"1977498533","1975013669","0.646465"
"1975013669","1998904260","0.646465"
"1998904260","1975013669","0.646465"
"1975013669","2013563212","0.0555556"
"2013563212","1975013669","0.0555556"
"1975013669","2016618979","0.189943"
"2016618979","1975013669","0.189943"
"1975013669","2018934980","1.05556"
"2018934980","1975013669","1.05556"
"1975013669","2020400760","0.0555556"
"2020400760","1975013669","0.0555556"
"1975013669","2030599241","0.439943"
"2030599241","1975013669","0.439943"
"1975013669","2032470294","0.0555556"
"2032470294","1975013669","0.0555556"
"1975013669","2040244607","0.0555556"
"2040244607","1975013669","0.0555556"
"1975013669","2052446938","0.439943"
"2052446938","1975013669","0.439943"
"1975013669","2069388533","0.0555556"
"2069388533","1975013669","0.0555556"
"1975013669","2073632481","0.824242"
"2073632481","1975013669","0.824242"
"1975013669","2248352351","0.0555556"
"2248352351","1975013669","0.0555556"
"1975013669","2807315886","0.555556"
"2807315886","1975013669","0.555556"
"1977498533","2000329845","0.430556"
"2000329845","1977498533","0.430556"
"1977498533","2013563212","0.0555556"
"2013563212","1977498533","0.0555556"
"1977498533","2018934980","0.0555556"
"2018934980","1977498533","0.0555556"
"1977498533","2020400760","0.0555556"
"2020400760","1977498533","0.0555556"
"1977498533","2032470294","0.0555556"
"2032470294","1977498533","0.0555556"
"1977498533","2040244607","0.0555556"
"2040244607","1977498533","0.0555556"
"1977498533","2069388533","0.0555556"
"2069388533","1977498533","0.0555556"
"1977498533","2248352351","0.0555556"
"2248352351","1977498533","0.0555556"
"1977498533","2807315886","0.0555556"
"2807315886","1977498533","0.0555556"
"1998904260","2000329845","0.180556"
"2000329845","1998904260","0.180556"
"1998904260","2013563212","0.0555556"
"2013563212","1998904260","0.0555556"
"1998904260","2018934980","0.255556"
"2018934980","1998904260","0.255556"
"1998904260","2020400760","0.0555556"
"2020400760","1998904260","0.0555556"
"1998904260","2032470294","0.0555556"
"2032470294","1998904260","0.0555556"
"1998904260","2040244607","0.255556"
"2040244607","1998904260","0.255556"
"1998904260","2069388533","0.255556"
"2069388533","1998904260","0.255556"
"1998904260","2248352351","0.305556"
"2248352351","1998904260","0.305556"
"1998904260","2807315886","0.305556"
"2807315886","1998904260","0.305556"
"2000329845","2013563212","0.0555556"
"2013563212","2000329845","0.0555556"
"2000329845","2016618979","0.224034"
"2016618979","2000329845","0.224034"
"2000329845","2018934980","0.0555556"
"2018934980","2000329845","0.0555556"
"2000329845","2020400760","0.0555556"
"2020400760","2000329845","0.0555556"
"2000329845","2030599241","0.0990338"
"2030599241","2000329845","0.0990338"
"2000329845","2032470294","0.0555556"
"2032470294","2000329845","0.0555556"
"2000329845","2040244607","0.388889"
"2040244607","2000329845","0.388889"
"2000329845","2052446938","1.49189"
"2052446938","2000329845","1.49189"
"2000329845","2069388533","0.388889"
"2069388533","2000329845","0.388889"
"2000329845","2073632481","0.180556"
"2073632481","2000329845","0.180556"
"2000329845","2248352351","0.0555556"
"2248352351","2000329845","0.0555556"
"2000329845","2807315886","0.0555556"
"2807315886","2000329845","0.0555556"
"2013563212","2016618979","0.448413"
"2016618979","2013563212","0.448413"
"2013563212","2018934980","0.0555556"
"2018934980","2013563212","0.0555556"
"2013563212","2020400760","0.0555556"
"2020400760","2013563212","0.0555556"
"2013563212","2030599241","0.615079"
"2030599241","2013563212","0.615079"
"2013563212","2032470294","0.365079"
"2032470294","2013563212","0.365079"
"2013563212","2040244607","0.365079"
"2040244607","2013563212","0.365079"
"2013563212","2052446938","0.0555556"
"2052446938","2013563212","0.0555556"
"2013563212","2069388533","0.365079"
"2069388533","2013563212","0.365079"
"2013563212","2073632481","0.448413"
"2073632481","2013563212","0.448413"
"2013563212","2085525982","0.0555556"
"2085525982","2013563212","0.0555556"
"2013563212","2248352351","0.365079"
"2248352351","2013563212","0.365079"
"2013563212","2807315886","0.472222"
"2807315886","2013563212","0.472222"
"2016618979","2018934980","0.255556"
"2018934980","2016618979","0.255556"
"2016618979","2020400760","0.0555556"
"2020400760","2016618979","0.0555556"
"2016618979","2032470294","0.398413"
"2032470294","2016618979","0.398413"
"2016618979","2040244607","0.398413"
"2040244607","2016618979","0.398413"
"2016618979","2069388533","0.398413"
"2069388533","2016618979","0.398413"
"2016618979","2248352351","0.398413"
"2248352351","2016618979","0.398413"
"2016618979","2807315886","0.505556"
"2807315886","2016618979","0.505556"
"2018934980","2020400760","0.0555556"
"2020400760","2018934980","0.0555556"
"2018934980","2030599241","0.0555556"
"2030599241","2018934980","0.0555556"
"2018934980","2032470294","0.0555556"
"2032470294","2018934980","0.0555556"
"2018934980","2040244607","0.255556"
"2040244607","2018934980","0.255556"
"2018934980","2052446938","0.0555556"
"2052446938","2018934980","0.0555556"
"2018934980","2069388533","0.255556"
"2069388533","2018934980","0.255556"
"2018934980","2073632481","0.0555556"
"2073632481","2018934980","0.0555556"
"2018934980","2085525982","0.0555556"
"2085525982","2018934980","0.0555556"
"2018934980","2248352351","0.0555556"
"2248352351","2018934980","0.0555556"
"2018934980","2807315886","0.0555556"
"2807315886","2018934980","0.0555556"
"2020400760","2030599241","0.0555556"
"2030599241","2020400760","0.0555556"
"2020400760","2032470294","1.05556"
"2032470294","2020400760","1.05556"
"2020400760","2040244607","0.0555556"
"2040244607","2020400760","0.0555556"
"2020400760","2052446938","0.0555556"
"2052446938","2020400760","0.0555556"
"2020400760","2069388533","0.0555556"
"2069388533","2020400760","0.0555556"
"2020400760","2073632481","0.0555556"
"2073632481","2020400760","0.0555556"
"2020400760","2085525982","0.0555556"
"2085525982","2020400760","0.0555556"
"2020400760","2248352351","0.0555556"
"2248352351","2020400760","0.0555556"
"2020400760","2807315886","0.0555556"
"2807315886","2020400760","0.0555556"
"2030599241","2032470294","2.56508"
"2032470294","2030599241","2.56508"
"2030599241","2040244607","0.365079"
"2040244607","2030599241","0.365079"
"2030599241","2069388533","0.365079"
"2069388533","2030599241","0.365079"
"2030599241","2248352351","0.565079"
"2248352351","2030599241","0.565079"
"2030599241","2807315886","0.672222"
"2807315886","2030599241","0.672222"
"2032470294","2040244607","1.06508"
"2040244607","2032470294","1.06508"
"2032470294","2052446938","0.0555556"
"2052446938","2032470294","0.0555556"
"2032470294","2069388533","1.06508"
"2069388533","2032470294","1.06508"
"2032470294","2073632481","0.698413"
"2073632481","2032470294","0.698413"
"2032470294","2085525982","0.0555556"
"2085525982","2032470294","0.0555556"
"2032470294","2248352351","0.765079"
"2248352351","2032470294","0.765079"
"2032470294","2807315886","0.422222"
"2807315886","2032470294","0.422222"
"2040244607","2052446938","0.0555556"
"2052446938","2040244607","0.0555556"
"2040244607","2069388533","13.2984"
"2069388533","2040244607","13.2984"
"2040244607","2073632481","0.198413"
"2073632481","2040244607","0.198413"
"2040244607","2085525982","0.0555556"
"2085525982","2040244607","0.0555556"
"2040244607","2248352351","1.31508"
"2248352351","2040244607","1.31508"
"2040244607","2807315886","0.422222"
"2807315886","2040244607","0.422222"
"2052446938","2069388533","0.0555556"
"2069388533","2052446938","0.0555556"
"2052446938","2248352351","0.0555556"
"2248352351","2052446938","0.0555556"
"2052446938","2807315886","0.0555556"
"2807315886","2052446938","0.0555556"
"2069388533","2073632481","0.198413"
"2073632481","2069388533","0.198413"
"2069388533","2085525982","0.0555556"
"2085525982","2069388533","0.0555556"
"2069388533","2248352351","1.06508"
"2248352351","2069388533","1.06508"
"2069388533","2807315886","0.422222"
"2807315886","2069388533","0.422222"
"2073632481","2248352351","0.198413"
"2248352351","2073632481","0.198413"
"2073632481","2807315886","0.805556"
"2807315886","2073632481","0.805556"
"2085525982","2248352351","0.0555556"
"2248352351","2085525982","0.0555556"
"2085525982","2807315886","0.0555556"
"2807315886","2085525982","0.0555556"
"2248352351","2807315886","0.672222"
"2807315886","2248352351","0.672222"
"106253273","2047765141","0.111111"
"2047765141","106253273","0.111111"
"1575124344","1916200643","0.111111"
"1916200643","1575124344","0.111111"
"1575124344","1975013669","0.268687"
"1975013669","1575124344","0.268687"
"1575124344","2009334044","0.177778"
"2009334044","1575124344","0.177778"
"1575124344","2027716013","0.177778"
"2027716013","1575124344","0.177778"
"1575124344","2037297425","0.177778"
"2037297425","1575124344","0.177778"
"1575124344","2047765141","0.111111"
"2047765141","1575124344","0.111111"
"1575124344","2098072594","0.277778"
"2098072594","1575124344","0.277778"
"1916200643","2047765141","0.111111"
"2047765141","1916200643","0.111111"
"1975013669","2047765141","0.173611"
"2047765141","1975013669","0.173611"
"2009334044","2047765141","0.111111"
"2047765141","2009334044","0.111111"
"2009334044","2073632481","0.177778"
"2073632481","2009334044","0.177778"
"2027716013","2047765141","0.111111"
"2047765141","2027716013","0.111111"
"2027716013","2073632481","0.177778"
"2073632481","2027716013","0.177778"
"2037297425","2047765141","0.173611"
"2047765141","2037297425","0.173611"
"2037297425","2073632481","0.177778"
"2073632481","2037297425","0.177778"
"2047765141","2073632481","0.611111"
"2073632481","2047765141","0.611111"
"2047765141","2098072594","0.173611"
"2098072594","2047765141","0.173611"
"2073632481","2098072594","0.277778"
"2098072594","2073632481","0.277778"
"130810398","1575124344","0.0909091"
"1575124344","130810398","0.0909091"
"130810398","1972908505","0.0909091"
"1972908505","130810398","0.0909091"
"130810398","2085302500","0.134387"
"2085302500","130810398","0.134387"
"1575124344","1972908505","0.157576"
"1972908505","1575124344","0.157576"
"1575124344","1977498533","0.0909091"
"1977498533","1575124344","0.0909091"
"1575124344","1998904260","0.190909"
"1998904260","1575124344","0.190909"
"1575124344","2016618979","0.0909091"
"2016618979","1575124344","0.0909091"
"1575124344","2030599241","0.0909091"
"2030599241","1575124344","0.0909091"
"1575124344","2052446938","0.0909091"
"2052446938","1575124344","0.0909091"
"1575124344","2085302500","0.0909091"
"2085302500","1575124344","0.0909091"
"1972908505","1977498533","0.0909091"
"1977498533","1972908505","0.0909091"
"1972908505","1998904260","0.0909091"
"1998904260","1972908505","0.0909091"
"1972908505","2016618979","0.0909091"
"2016618979","1972908505","0.0909091"
"1972908505","2030599241","0.0909091"
"2030599241","1972908505","0.0909091"
"1972908505","2052446938","0.0909091"
"2052446938","1972908505","0.0909091"
"1972908505","2073632481","0.157576"
"2073632481","1972908505","0.157576"
"1977498533","2085302500","0.215909"
"2085302500","1977498533","0.215909"
"1998904260","2085302500","0.215909"
"2085302500","1998904260","0.215909"
"2016618979","2085302500","0.259387"
"2085302500","2016618979","0.259387"
"2030599241","2085302500","0.134387"
"2085302500","2030599241","0.134387"
"2052446938","2085302500","0.259387"
"2085302500","2052446938","0.259387"
"2073632481","2085302500","0.215909"
"2085302500","2073632481","0.215909"
"1566392645","2052446938","0.125"
"2052446938","1566392645","0.125"
"1856234801","2052446938","0.543478"
"2052446938","1856234801","0.543478"
"2009334044","2052446938","1.41848"
"2052446938","2009334044","1.41848"
"2021845463","2052446938","1.26786"
"2052446938","2021845463","1.26786"
"1483740431","1575124344","0.333333"
"1575124344","1483740431","0.333333"
"1483740431","2073632481","0.333333"
"2073632481","1483740431","0.333333"
"106253273","1516303864","0.1"
"1516303864","106253273","0.1"
"106253273","1771994432","0.1"
"1771994432","106253273","0.1"
"106253273","2075401488","0.1"
"2075401488","106253273","0.1"
"106253273","2078791546","0.1"
"2078791546","106253273","0.1"
"1516303864","1575124344","0.1"
"1575124344","1516303864","0.1"
"1516303864","1771994432","0.1"
"1771994432","1516303864","0.1"
"1516303864","1998904260","0.1"
"1998904260","1516303864","0.1"
"1516303864","2073632481","0.1"
"2073632481","1516303864","0.1"
"1516303864","2075401488","0.1"
"2075401488","1516303864","0.1"
"1516303864","2078791546","0.1"
"2078791546","1516303864","0.1"
"1516303864","2085525982","0.1"
"2085525982","1516303864","0.1"
"1516303864","2088082235","0.1"
"2088082235","1516303864","0.1"
"1516303864","2098072594","0.1"
"2098072594","1516303864","0.1"
"1575124344","1771994432","0.1"
"1771994432","1575124344","0.1"
"1575124344","2075401488","0.1"
"2075401488","1575124344","0.1"
"1575124344","2078791546","0.1"
"2078791546","1575124344","0.1"
"1575124344","2085525982","0.1"
"2085525982","1575124344","0.1"
"1575124344","2088082235","0.1"
"2088082235","1575124344","0.1"
"1771994432","1998904260","0.1"
"1998904260","1771994432","0.1"
"1771994432","2073632481","0.1"
"2073632481","1771994432","0.1"
"1771994432","2075401488","10.2863"
"2075401488","1771994432","10.2863"
"1771994432","2078791546","0.143478"
"2078791546","1771994432","0.143478"
"1771994432","2085525982","0.143478"
"2085525982","1771994432","0.143478"
"1771994432","2088082235","0.143478"
"2088082235","1771994432","0.143478"
"1771994432","2098072594","0.143478"
"2098072594","1771994432","0.143478"
"1998904260","2075401488","0.1"
"2075401488","1998904260","0.1"
"1998904260","2078791546","0.1"
"2078791546","1998904260","0.1"
"1998904260","2088082235","0.1"
"2088082235","1998904260","0.1"
"1998904260","2098072594","0.1"
"2098072594","1998904260","0.1"
"2073632481","2075401488","0.1"
"2075401488","2073632481","0.1"
"2073632481","2078791546","0.266667"
"2078791546","2073632481","0.266667"
"2073632481","2088082235","0.466667"
"2088082235","2073632481","0.466667"
"2075401488","2078791546","0.143478"
"2078791546","2075401488","0.143478"
"2075401488","2085525982","0.143478"
"2085525982","2075401488","0.143478"
"2075401488","2088082235","0.143478"
"2088082235","2075401488","0.143478"
"2075401488","2098072594","0.143478"
"2098072594","2075401488","0.143478"
"2078791546","2085525982","5.28634"
"2085525982","2078791546","5.28634"
"2078791546","2088082235","5.28634"
"2088082235","2078791546","5.28634"
"2078791546","2098072594","0.143478"
"2098072594","2078791546","0.143478"
"106253273","2114588503","0.0666667"
"2114588503","106253273","0.0666667"
"106253273","2157871120","0.0666667"
"2157871120","106253273","0.0666667"
"1487667621","1575124344","0.0666667"
"1575124344","1487667621","0.0666667"
"1487667621","2073632481","0.0666667"
"2073632481","1487667621","0.0666667"
"1487667621","2114588503","0.0666667"
"2114588503","1487667621","0.0666667"
"1487667621","2143222421","0.129167"
"2143222421","1487667621","0.129167"
"1487667621","2157871120","0.0666667"
"2157871120","1487667621","0.0666667"
"1566392645","1575124344","0.0666667"
"1575124344","1566392645","0.0666667"
"1566392645","2073632481","0.0666667"
"2073632481","1566392645","0.0666667"
"1566392645","2114588503","0.0666667"
"2114588503","1566392645","0.0666667"
"1566392645","2157871120","0.0666667"
"2157871120","1566392645","0.0666667"
"1575124344","2021845463","0.0666667"
"2021845463","1575124344","0.0666667"
"1575124344","2105351359","0.0666667"
"2105351359","1575124344","0.0666667"
"1575124344","2114588503","0.0666667"
"2114588503","1575124344","0.0666667"
"1575124344","2157871120","0.0666667"
"2157871120","1575124344","0.0666667"
"1972908505","2114588503","0.0666667"
"2114588503","1972908505","0.0666667"
"1972908505","2143222421","0.129167"
"2143222421","1972908505","0.129167"
"1972908505","2157871120","0.0666667"
"2157871120","1972908505","0.0666667"
"1975013669","2114588503","0.0666667"
"2114588503","1975013669","0.0666667"
"1975013669","2157871120","0.0666667"
"2157871120","1975013669","0.0666667"
"2009334044","2114588503","0.0666667"
"2114588503","2009334044","0.0666667"
"2009334044","2157871120","0.0666667"
"2157871120","2009334044","0.0666667"
"2021845463","2073632481","0.0666667"
"2073632481","2021845463","0.0666667"
"2021845463","2114588503","0.0666667"
"2114588503","2021845463","0.0666667"
"2021845463","2157871120","1.525"
"2157871120","2021845463","1.525"
"2027716013","2114588503","0.0666667"
"2114588503","2027716013","0.0666667"
"2027716013","2157871120","0.0666667"
"2157871120","2027716013","0.0666667"
"2037297425","2114588503","0.0666667"
"2114588503","2037297425","0.0666667"
"2037297425","2143222421","0.129167"
"2143222421","2037297425","0.129167"
"2037297425","2157871120","0.0666667"
"2157871120","2037297425","0.0666667"
"2073632481","2105351359","0.0666667"
"2105351359","2073632481","0.0666667"
"2073632481","2114588503","0.0666667"
"2114588503","2073632481","0.0666667"
"2073632481","2157871120","0.0666667"
"2157871120","2073632481","0.0666667"
"2098072594","2114588503","0.0666667"
"2114588503","2098072594","0.0666667"
"2098072594","2157871120","0.0666667"
"2157871120","2098072594","0.0666667"
"2105351359","2114588503","0.0666667"
"2114588503","2105351359","0.0666667"
"2105351359","2143222421","0.129167"
"2143222421","2105351359","0.129167"
"2105351359","2157871120","0.0666667"
"2157871120","2105351359","0.0666667"
"2114588503","2143222421","0.0666667"
"2143222421","2114588503","0.0666667"
"2114588503","2157871120","0.0666667"
"2157871120","2114588503","0.0666667"
"2143222421","2157871120","1.56667"
"2157871120","2143222421","1.56667"
"130810398","2088082235","0.410145"
"2088082235","130810398","0.410145"
"2016618979","2088082235","0.410145"
"2088082235","2016618979","0.410145"
"2052446938","2088082235","0.803002"
"2088082235","2052446938","0.803002"
"130810398","2078791546","0.210145"
"2078791546","130810398","0.210145"
"2016618979","2078791546","0.210145"
"2078791546","2016618979","0.210145"
"2052446938","2078791546","0.353002"
"2078791546","2052446938","0.353002"
"130810398","1558567769","0.0434783"
"1558567769","130810398","0.0434783"
"130810398","1771994432","0.186335"
"1771994432","130810398","0.186335"
"130810398","1856234801","0.0434783"
"1856234801","130810398","0.0434783"
"130810398","1861333627","0.0434783"
"1861333627","130810398","0.0434783"
"130810398","1978875779","0.0434783"
"1978875779","130810398","0.0434783"
"130810398","2009334044","0.0434783"
"2009334044","130810398","0.0434783"
"130810398","2027716013","0.0434783"
"2027716013","130810398","0.0434783"
"130810398","2037297425","0.0434783"
"2037297425","130810398","0.0434783"
"130810398","2075401488","0.186335"
"2075401488","130810398","0.186335"
"130810398","2098072594","0.0434783"
"2098072594","130810398","0.0434783"
"130810398","2106357990","0.0434783"
"2106357990","130810398","0.0434783"
"130810398","72720792","0.0434783"
"72720792","130810398","0.0434783"
"1558567769","1771994432","0.210145"
"1771994432","1558567769","0.210145"
"1558567769","1856234801","0.0434783"
"1856234801","1558567769","0.0434783"
"1558567769","1861333627","0.0434783"
"1861333627","1558567769","0.0434783"
"1558567769","1916200643","0.0434783"
"1916200643","1558567769","0.0434783"
"1558567769","1975013669","0.0434783"
"1975013669","1558567769","0.0434783"
"1558567769","1978875779","11.3351"
"1978875779","1558567769","11.3351"
"1558567769","2000329845","0.0434783"
"2000329845","1558567769","0.0434783"
"1558567769","2009334044","0.0434783"
"2009334044","1558567769","0.0434783"
"1558567769","2016618979","0.0434783"
"2016618979","1558567769","0.0434783"
"1558567769","2027716013","0.0434783"
"2027716013","1558567769","0.0434783"
"1558567769","2030599241","0.210145"
"2030599241","1558567769","0.210145"
"1558567769","2037297425","0.0434783"
"2037297425","1558567769","0.0434783"
"1558567769","2052446938","0.0434783"
"2052446938","1558567769","0.0434783"
"1558567769","2075401488","0.210145"
"2075401488","1558567769","0.210145"
"1558567769","2078791546","0.0434783"
"2078791546","1558567769","0.0434783"
"1558567769","2085302500","0.0434783"
