"131954719","1983812418","0.416667"
"1983812418","131954719","0.416667"
"131954719","2023448865","1.0664"
"2023448865","131954719","1.0664"
"131954719","2076203838","0.507576"
"2076203838","131954719","0.507576"
"131954719","2127483059","0.816399"
"2127483059","131954719","0.816399"
"131954719","2161600801","3.02473"
"2161600801","131954719","3.02473"
"131954719","2775580503","0.166667"
"2775580503","131954719","0.166667"
"1983812418","2023448865","0.583333"
"2023448865","1983812418","0.583333"
"1983812418","2076203838","0.666667"
"2076203838","1983812418","0.666667"
"1983812418","2127483059","0.333333"
"2127483059","1983812418","0.333333"
"1983812418","2161600801","1.08333"
"2161600801","1983812418","1.08333"
"1983812418","2775580503","0.166667"
"2775580503","1983812418","0.166667"
"2023448865","2076203838","2.95758"
"2076203838","2023448865","2.95758"
"2023448865","2127483059","2.2664"
"2127483059","2023448865","2.2664"
"2023448865","2161600801","2.34973"
"2161600801","2023448865","2.34973"
"2023448865","2775580503","0.166667"
"2775580503","2023448865","0.166667"
"2076203838","2127483059","2.12424"
"2127483059","2076203838","2.12424"
"2076203838","2161600801","1.12424"
"2161600801","2076203838","1.12424"
"2076203838","2775580503","0.166667"
"2775580503","2076203838","0.166667"
"2127483059","2161600801","1.7664"
"2161600801","2127483059","1.7664"
"2127483059","2775580503","0.166667"
"2775580503","2127483059","0.166667"
"2161600801","2775580503","0.166667"
"2775580503","2161600801","0.166667"
"131954719","1982806687","2.85807"
"1982806687","131954719","2.85807"
"131954719","2147399912","0.458333"
"2147399912","131954719","0.458333"
"1982806687","2147399912","0.458333"
"2147399912","1982806687","0.458333"
"1982806687","2161600801","1.10807"
"2161600801","1982806687","1.10807"
"2147399912","2161600801","0.458333"
"2161600801","2147399912","0.458333"
"131954719","1554570771","0.0588235"
"1554570771","131954719","0.0588235"
"131954719","1992642694","0.0588235"
"1992642694","131954719","0.0588235"
"131954719","1998600401","0.0588235"
"1998600401","131954719","0.0588235"
"131954719","2029128277","0.149733"
"2029128277","131954719","0.149733"
"131954719","2049645827","0.0588235"
"2049645827","131954719","0.0588235"
"131954719","2055837960","0.0588235"
"2055837960","131954719","0.0588235"
"131954719","2060348361","0.0588235"
"2060348361","131954719","0.0588235"
"131954719","2074804516","0.0588235"
"2074804516","131954719","0.0588235"
"131954719","2108991785","2.14973"
"2108991785","131954719","2.14973"
"131954719","2117759244","0.149733"
"2117759244","131954719","0.149733"
"131954719","2289049650","0.0588235"
"2289049650","131954719","0.0588235"
"131954719","2405505693","0.0588235"
"2405505693","131954719","0.0588235"
"131954719","2474556572","0.0588235"
"2474556572","131954719","0.0588235"
"1554570771","1982806687","0.0588235"
"1982806687","1554570771","0.0588235"
"1554570771","1992642694","0.380252"
"1992642694","1554570771","0.380252"
"1554570771","1998600401","0.480252"
"1998600401","1554570771","0.480252"
"1554570771","2023448865","0.0588235"
"2023448865","1554570771","0.0588235"
"1554570771","2029128277","0.680252"
"2029128277","1554570771","0.680252"
"1554570771","2049645827","1.58025"
"2049645827","1554570771","1.58025"
"1554570771","2055837960","0.283824"
"2055837960","1554570771","0.283824"
"1554570771","2060348361","0.605252"
"2060348361","1554570771","0.605252"
"1554570771","2074804516","0.380252"
"2074804516","1554570771","0.380252"
"1554570771","2108991785","0.0588235"
"2108991785","1554570771","0.0588235"
"1554570771","2117759244","0.533824"
"2117759244","1554570771","0.533824"
"1554570771","2127483059","0.0588235"
"2127483059","1554570771","0.0588235"
"1554570771","2161600801","0.0588235"
"2161600801","1554570771","0.0588235"
"1554570771","2289049650","0.480252"
"2289049650","1554570771","0.480252"
"1554570771","2405505693","0.580252"
"2405505693","1554570771","0.580252"
"1554570771","2474556572","0.480252"
"2474556572","1554570771","0.480252"
"1982806687","1992642694","0.0588235"
"1992642694","1982806687","0.0588235"
"1982806687","1998600401","0.0588235"
"1998600401","1982806687","0.0588235"
"1982806687","2023448865","0.899733"
"2023448865","1982806687","0.899733"
"1982806687","2029128277","0.149733"
"2029128277","1982806687","0.149733"
"1982806687","2049645827","0.0588235"
"2049645827","1982806687","0.0588235"
"1982806687","2055837960","0.0588235"
"2055837960","1982806687","0.0588235"
"1982806687","2060348361","0.0588235"
"2060348361","1982806687","0.0588235"
"1982806687","2074804516","0.0588235"
"2074804516","1982806687","0.0588235"
"1982806687","2108991785","0.399733"
"2108991785","1982806687","0.399733"
"1982806687","2117759244","0.149733"
"2117759244","1982806687","0.149733"
"1982806687","2127483059","0.649733"
"2127483059","1982806687","0.649733"
"1982806687","2289049650","0.0588235"
"2289049650","1982806687","0.0588235"
"1982806687","2405505693","0.0588235"
"2405505693","1982806687","0.0588235"
"1982806687","2474556572","0.0588235"
"2474556572","1982806687","0.0588235"
"1992642694","1998600401","1.4778"
"1998600401","1992642694","1.4778"
"1992642694","2023448865","0.0588235"
"2023448865","1992642694","0.0588235"
"1992642694","2029128277","1.2662"
"2029128277","1992642694","1.2662"
"1992642694","2049645827","0.641201"
"2049645827","1992642694","0.641201"
"1992642694","2055837960","0.292647"
"2055837960","1992642694","0.292647"
"1992642694","2060348361","1.18614"
"2060348361","1992642694","1.18614"
"1992642694","2074804516","1.13689"
"2074804516","1992642694","1.13689"
"1992642694","2108991785","0.558824"
"2108991785","1992642694","0.558824"
"1992642694","2117759244","0.806536"
"2117759244","1992642694","0.806536"
"1992642694","2127483059","0.0588235"
"2127483059","1992642694","0.0588235"
"1992642694","2161600801","0.0588235"
"2161600801","1992642694","0.0588235"
"1992642694","2289049650","1.26189"
"2289049650","1992642694","1.26189"
"1992642694","2405505693","1.65509"
"2405505693","1992642694","1.65509"
"1992642694","2474556572","0.825024"
"2474556572","1992642694","0.825024"
"1998600401","2023448865","0.0588235"
"2023448865","1998600401","0.0588235"
"1998600401","2029128277","1.75626"
"2029128277","1998600401","1.75626"
"1998600401","2049645827","1.17655"
"2049645827","1998600401","1.17655"
"1998600401","2055837960","2.20687"
"2055837960","1998600401","2.20687"
"1998600401","2060348361","1.56508"
"2060348361","1998600401","1.56508"
"1998600401","2074804516","4.93723"
"2074804516","1998600401","4.93723"
"1998600401","2108991785","0.169935"
"2108991785","1998600401","0.169935"
"1998600401","2117759244","1.43548"
"2117759244","1998600401","1.43548"
"1998600401","2127483059","0.0588235"
"2127483059","1998600401","0.0588235"
"1998600401","2161600801","0.0588235"
"2161600801","1998600401","0.0588235"
"1998600401","2289049650","4.92536"
"2289049650","1998600401","4.92536"
"1998600401","2405505693","0.988423"
"2405505693","1998600401","0.988423"
"1998600401","2474556572","4.95516"
"2474556572","1998600401","4.95516"
"2023448865","2029128277","0.566399"
"2029128277","2023448865","0.566399"
"2023448865","2049645827","0.0588235"
"2049645827","2023448865","0.0588235"
"2023448865","2055837960","0.0588235"
"2055837960","2023448865","0.0588235"
"2023448865","2060348361","0.0588235"
"2060348361","2023448865","0.0588235"
"2023448865","2074804516","0.0588235"
"2074804516","2023448865","0.0588235"
"2023448865","2108991785","4.2664"
"2108991785","2023448865","4.2664"
"2023448865","2117759244","0.149733"
"2117759244","2023448865","0.149733"
"2023448865","2289049650","0.0588235"
"2289049650","2023448865","0.0588235"
"2023448865","2405505693","0.308824"
"2405505693","2023448865","0.308824"
"2023448865","2474556572","0.0588235"
"2474556572","2023448865","0.0588235"
"2029128277","2049645827","3.12933"
"2049645827","2029128277","3.12933"
"2029128277","2055837960","2.45797"
"2055837960","2029128277","2.45797"
"2029128277","2060348361","2.69514"
"2060348361","2029128277","2.69514"
"2029128277","2074804516","3.70221"
"2074804516","2029128277","3.70221"
"2029128277","2108991785","3.12751"
"2108991785","2029128277","3.12751"
"2029128277","2117759244","7.28423"
"2117759244","2029128277","7.28423"
"2029128277","2127483059","0.316399"
"2127483059","2029128277","0.316399"
"2029128277","2161600801","1.45926"
"2161600801","2029128277","1.45926"
"2029128277","2289049650","1.17924"
"2289049650","2029128277","1.17924"
"2029128277","2405505693","1.18842"
"2405505693","2029128277","1.18842"
"2029128277","2474556572","1.50903"
"2474556572","2029128277","1.50903"
"2049645827","2055837960","0.219935"
"2055837960","2049645827","0.219935"
"2049645827","2060348361","1.41822"
"2060348361","2049645827","1.41822"
"2049645827","2074804516","1.10585"
"2074804516","2049645827","1.10585"
"2049645827","2108991785","0.0588235"
"2108991785","2049645827","0.0588235"
"2049645827","2117759244","1.32195"
"2117759244","2049645827","1.32195"
"2049645827","2127483059","0.0588235"
"2127483059","2049645827","0.0588235"
"2049645827","2161600801","0.0588235"
"2161600801","2049645827","0.0588235"
"2049645827","2289049650","0.752312"
"2289049650","2049645827","0.752312"
"2049645827","2405505693","1.10509"
"2405505693","2049645827","1.10509"
"2049645827","2474556572","0.787666"
"2474556572","2049645827","0.787666"
"2055837960","2060348361","0.46957"
"2060348361","2055837960","0.46957"
"2055837960","2074804516","4.21798"
"2074804516","2055837960","4.21798"
"2055837960","2108991785","0.619935"
"2108991785","2055837960","0.619935"
"2055837960","2117759244","0.34457"
"2117759244","2055837960","0.34457"
"2055837960","2127483059","0.0588235"
"2127483059","2055837960","0.0588235"
"2055837960","2161600801","0.0588235"
"2161600801","2055837960","0.0588235"
"2055837960","2289049650","1.51243"
"2289049650","2055837960","1.51243"
"2055837960","2405505693","0.233824"
"2405505693","2055837960","0.233824"
"2055837960","2474556572","1.54021"
"2474556572","2055837960","1.54021"
"2060348361","2074804516","1.03326"
"2074804516","2060348361","1.03326"
"2060348361","2108991785","0.0588235"
"2108991785","2060348361","0.0588235"
"2060348361","2117759244","6.96881"
"2117759244","2060348361","6.96881"
"2060348361","2127483059","0.0588235"
"2127483059","2060348361","0.0588235"
"2060348361","2161600801","0.0588235"
"2161600801","2060348361","0.0588235"
"2060348361","2289049650","1.47417"
"2289049650","2060348361","1.47417"
"2060348361","2405505693","0.53009"
"2405505693","2060348361","0.53009"
"2060348361","2474556572","1.19286"
"2474556572","2060348361","1.19286"
"2074804516","2108991785","1.61993"
"2108991785","2074804516","1.61993"
"2074804516","2117759244","0.99457"
"2117759244","2074804516","0.99457"
"2074804516","2127483059","0.0588235"
"2127483059","2074804516","0.0588235"
"2074804516","2161600801","0.0588235"
"2161600801","2074804516","0.0588235"
"2074804516","2289049650","4.48445"
"2289049650","2074804516","4.48445"
"2074804516","2405505693","0.897514"
"2405505693","2074804516","0.897514"
"2074804516","2474556572","3.22334"
"2474556572","2074804516","3.22334"
"2108991785","2117759244","0.149733"
"2117759244","2108991785","0.149733"
"2108991785","2127483059","1.09973"
"2127483059","2108991785","1.09973"
"2108991785","2161600801","4.68307"
"2161600801","2108991785","4.68307"
"2108991785","2289049650","0.0588235"
"2289049650","2108991785","0.0588235"
"2108991785","2405505693","0.642157"
"2405505693","2108991785","0.642157"
"2108991785","2474556572","0.169935"
"2474556572","2108991785","0.169935"
"2117759244","2127483059","0.149733"
"2127483059","2117759244","0.149733"
"2117759244","2161600801","0.149733"
"2161600801","2117759244","0.149733"
"2117759244","2289049650","1.43548"
"2289049650","2117759244","1.43548"
"2117759244","2405505693","1.23382"
"2405505693","2117759244","1.23382"
"2117759244","2474556572","0.79659"
"2474556572","2117759244","0.79659"
"2127483059","2289049650","0.0588235"
"2289049650","2127483059","0.0588235"
"2127483059","2405505693","0.0588235"
"2405505693","2127483059","0.0588235"
"2127483059","2474556572","0.0588235"
"2474556572","2127483059","0.0588235"
"2161600801","2289049650","0.0588235"
"2289049650","2161600801","0.0588235"
"2161600801","2405505693","0.0588235"
"2405505693","2161600801","0.0588235"
"2161600801","2474556572","0.0588235"
"2474556572","2161600801","0.0588235"
"2289049650","2405505693","0.564181"
"2405505693","2289049650","0.564181"
"2289049650","2474556572","3.81425"
"2474556572","2289049650","3.81425"
"2405505693","2474556572","0.821756"
"2474556572","2405505693","0.821756"
"131954719","2166928503","0.25"
"2166928503","131954719","0.25"
"1983812418","2108991785","2.53333"
"2108991785","1983812418","2.53333"
"1983812418","2166928503","1.23178"
"2166928503","1983812418","1.23178"
"2108991785","2166928503","0.5"
"2166928503","2108991785","0.5"
"2161600801","2166928503","0.392857"
"2166928503","2161600801","0.392857"
"131954719","2145747124","0.625"
"2145747124","131954719","0.625"
"1982806687","2145747124","0.625"
"2145747124","1982806687","0.625"
"131954719","198157877","0.0909091"
"198157877","131954719","0.0909091"
"131954719","2041183606","0.0909091"
"2041183606","131954719","0.0909091"
"131954719","2875902436","0.0909091"
"2875902436","131954719","0.0909091"
"198157877","1982806687","0.0909091"
"1982806687","198157877","0.0909091"
"198157877","2023448865","0.0909091"
"2023448865","198157877","0.0909091"
"198157877","2029128277","9.23953"
"2029128277","198157877","9.23953"
"198157877","2041183606","0.344877"
"2041183606","198157877","0.344877"
"198157877","2076203838","0.0909091"
"2076203838","198157877","0.0909091"
"198157877","2108991785","0.0909091"
"2108991785","198157877","0.0909091"
"198157877","2117759244","2.3643"
"2117759244","198157877","2.3643"
"198157877","2127483059","0.0909091"
"2127483059","198157877","0.0909091"
"198157877","2161600801","0.233766"
"2161600801","198157877","0.233766"
"198157877","2875902436","0.20202"
"2875902436","198157877","0.20202"
"1982806687","2041183606","0.0909091"
"2041183606","1982806687","0.0909091"
"1982806687","2076203838","0.340909"
"2076203838","1982806687","0.340909"
"1982806687","2875902436","0.0909091"
"2875902436","1982806687","0.0909091"
"2023448865","2041183606","1.70758"
"2041183606","2023448865","1.70758"
"2023448865","2875902436","0.0909091"
"2875902436","2023448865","0.0909091"
"2029128277","2041183606","0.955988"
"2041183606","2029128277","0.955988"
"2029128277","2076203838","0.257576"
"2076203838","2029128277","0.257576"
"2029128277","2875902436","0.82702"
"2875902436","2029128277","0.82702"
"2041183606","2076203838","1.20758"
"2076203838","2041183606","1.20758"
"2041183606","2108991785","14.152"
"2108991785","2041183606","14.152"
"2041183606","2117759244","0.20202"
"2117759244","2041183606","0.20202"
"2041183606","2127483059","0.540909"
"2127483059","2041183606","0.540909"
"2041183606","2161600801","1.2671"
"2161600801","2041183606","1.2671"
"2041183606","2875902436","0.0909091"
"2875902436","2041183606","0.0909091"
"2076203838","2108991785","1.37424"
"2108991785","2076203838","1.37424"
"2076203838","2117759244","0.0909091"
"2117759244","2076203838","0.0909091"
"2076203838","2875902436","0.0909091"
"2875902436","2076203838","0.0909091"
"2108991785","2875902436","0.290909"
"2875902436","2108991785","0.290909"
"2117759244","2875902436","0.741399"
"2875902436","2117759244","0.741399"
"2127483059","2875902436","0.0909091"
"2875902436","2127483059","0.0909091"
"2161600801","2875902436","0.0909091"
"2875902436","2161600801","0.0909091"
"131954719","2163771852","0.125"
"2163771852","131954719","0.125"
"131954719","2173268769","0.125"
"2173268769","131954719","0.125"
"131954719","2241815672","0.125"
"2241815672","131954719","0.125"
"131954719","2304936688","0.125"
"2304936688","131954719","0.125"
"1982806687","2163771852","0.125"
"2163771852","1982806687","0.125"
"1982806687","2173268769","0.125"
"2173268769","1982806687","0.125"
"1982806687","2241815672","0.125"
"2241815672","1982806687","0.125"
"1982806687","2304936688","0.125"
"2304936688","1982806687","0.125"
"2145747124","2147399912","0.125"
"2147399912","2145747124","0.125"
"2145747124","2161600801","0.125"
"2161600801","2145747124","0.125"
"2145747124","2163771852","0.125"
"2163771852","2145747124","0.125"
"2145747124","2173268769","0.125"
"2173268769","2145747124","0.125"
"2145747124","2241815672","0.274733"
"2241815672","2145747124","0.274733"
"2145747124","2304936688","0.125"
"2304936688","2145747124","0.125"
"2147399912","2163771852","1.625"
"2163771852","2147399912","1.625"
"2147399912","2173268769","1.29167"
"2173268769","2147399912","1.29167"
"2147399912","2241815672","0.125"
"2241815672","2147399912","0.125"
"2147399912","2304936688","0.958333"
"2304936688","2147399912","0.958333"
"2161600801","2163771852","0.125"
"2163771852","2161600801","0.125"
"2161600801","2173268769","0.125"
"2173268769","2161600801","0.125"
"2161600801","2241815672","0.125"
"2241815672","2161600801","0.125"
"2161600801","2304936688","1.125"
"2304936688","2161600801","1.125"
"2163771852","2173268769","17.9583"
"2173268769","2163771852","17.9583"
"2163771852","2241815672","0.125"
"2241815672","2163771852","0.125"
"2163771852","2304936688","3.625"
"2304936688","2163771852","3.625"
"2173268769","2241815672","0.125"
"2241815672","2173268769","0.125"
"2173268769","2304936688","2.625"
"2304936688","2173268769","2.625"
"2241815672","2304936688","0.125"
"2304936688","2241815672","0.125"
"1486495115","1575207522","1.03109"
"1575207522","1486495115","1.03109"
"1486495115","1598689448","0.475534"
"1598689448","1486495115","0.475534"
"1486495115","1989778772","0.395833"
"1989778772","1486495115","0.395833"
"1486495115","2027145322","0.947756"
"2027145322","1486495115","0.947756"
"1486495115","2041398293","1.16006"
"2041398293","1486495115","1.16006"
"1486495115","2047602785","7.53506"
"2047602785","1486495115","7.53506"
"1486495115","2095576022","0.173611"
"2095576022","1486495115","0.173611"
"1486495115","2145747124","0.475534"
"2145747124","1486495115","0.475534"
"1486495115","2148361370","1.60172"
"2148361370","1486495115","1.60172"
"1575207522","1598689448","1.82729"
"1598689448","1575207522","1.82729"
"1575207522","1989778772","0.593546"
"1989778772","1575207522","0.593546"
"1575207522","2027145322","3.35146"
"2027145322","1575207522","3.35146"
"1575207522","2041398293","1.21165"
"2041398293","1575207522","1.21165"
"1575207522","2047602785","2.5459"
"2047602785","1575207522","2.5459"
"1575207522","2095576022","2.1491"
"2095576022","1575207522","2.1491"
"1575207522","2145747124","6.69237"
"2145747124","1575207522","6.69237"
"1575207522","2148361370","2.32721"
"2148361370","1575207522","2.32721"
"1598689448","1989778772","0.482435"
"1989778772","1598689448","0.482435"
"1598689448","2027145322","0.986378"
"2027145322","1598689448","0.986378"
"1598689448","2041398293","0.544979"
"2041398293","1598689448","0.544979"
"1598689448","2047602785","1.31971"
"2047602785","1598689448","1.31971"
"1598689448","2095576022","0.232435"
"2095576022","1598689448","0.232435"
"1598689448","2145747124","1.71618"
"2145747124","1598689448","1.71618"
"1598689448","2148361370","0.517691"
"2148361370","1598689448","0.517691"
"1989778772","2027145322","0.843546"
"2027145322","1989778772","0.843546"
"1989778772","2041398293","0.395833"
"2041398293","1989778772","0.395833"
"1989778772","2047602785","0.454657"
"2047602785","1989778772","0.454657"
"1989778772","2095576022","0.232435"
"2095576022","1989778772","0.232435"
"1989778772","2145747124","0.482435"
"2145747124","1989778772","0.482435"
"1989778772","2148361370","0.704657"
"2148361370","1989778772","0.704657"
"2027145322","2041398293","0.767201"
"2041398293","2027145322","0.767201"
"2027145322","2047602785","1.93479"
"2047602785","2027145322","1.93479"
"2027145322","2095576022","0.565768"
"2095576022","2027145322","0.565768"
"2027145322","2145747124","2.35146"
"2145747124","2027145322","2.35146"
"2027145322","2148361370","5.38277"
"2148361370","2027145322","5.38277"
"2041398293","2047602785","3.46561"
"2047602785","2041398293","3.46561"
"2041398293","2095576022","0.173611"
"2095576022","2041398293","0.173611"
"2041398293","2145747124","0.433868"
"2145747124","2041398293","0.433868"
"2041398293","2148361370","2.92117"
"2148361370","2041398293","2.92117"
"2047602785","2095576022","0.232435"
"2095576022","2047602785","0.232435"
"2047602785","2145747124","1.60146"
"2145747124","2047602785","1.60146"
"2047602785","2148361370","2.49785"
"2148361370","2047602785","2.49785"
"2095576022","2145747124","1.1491"
"2145747124","2095576022","1.1491"
"2095576022","2148361370","0.232435"
"2148361370","2095576022","0.232435"
"2145747124","2148361370","0.827215"
"2148361370","2145747124","0.827215"
"1486495115","2002104789","0.239423"
"2002104789","1486495115","0.239423"
"1486495115","2075706635","0.0769231"
"2075706635","1486495115","0.0769231"
"1486495115","2084884890","0.604502"
"2084884890","1486495115","0.604502"
"1486495115","2107120175","0.604502"
"2107120175","1486495115","0.604502"
"1486495115","2134561292","0.424145"
"2134561292","1486495115","0.424145"
"1486495115","2992327106","0.990614"
"2992327106","1486495115","0.990614"
"1575207522","2002104789","1.17124"
"2002104789","1575207522","1.17124"
"1575207522","2075706635","0.167832"
"2075706635","1575207522","0.167832"
"1575207522","2084884890","3.11208"
"2084884890","1575207522","3.11208"
"1575207522","2107120175","3.11208"
"2107120175","1575207522","3.11208"
"1575207522","2134561292","0.622558"
"2134561292","1575207522","0.622558"
"1575207522","2992327106","2.99749"
"2992327106","1575207522","2.99749"
"1598689448","2002104789","0.837908"
"2002104789","1598689448","0.837908"
"1598689448","2075706635","0.167832"
"2075706635","1598689448","0.167832"
"1598689448","2084884890","0.580332"
"2084884890","1598689448","0.580332"
"1598689448","2107120175","0.580332"
"2107120175","1598689448","0.580332"
"1598689448","2134561292","0.201923"
"2134561292","1598689448","0.201923"
"1598689448","2992327106","0.914156"
"2992327106","1598689448","0.914156"
"2002104789","2027145322","0.580332"
"2027145322","2002104789","0.580332"
"2002104789","2041398293","0.322756"
"2041398293","2002104789","0.322756"
"2002104789","2047602785","0.580332"
"2047602785","2002104789","0.580332"
"2002104789","2075706635","0.167832"
"2075706635","2002104789","0.167832"
"2002104789","2084884890","0.913665"
"2084884890","2002104789","0.913665"
"2002104789","2107120175","0.913665"
"2107120175","2002104789","0.913665"
"2002104789","2134561292","0.0769231"
"2134561292","2002104789","0.0769231"
"2002104789","2145747124","0.837908"
"2145747124","2002104789","0.837908"
"2002104789","2148361370","0.222756"
"2148361370","2002104789","0.222756"
"2002104789","2992327106","0.480332"
"2992327106","2002104789","0.480332"
"2027145322","2075706635","0.167832"
"2075706635","2027145322","0.167832"
"2027145322","2084884890","2.16763"
"2084884890","2027145322","2.16763"
"2027145322","2107120175","2.16763"
"2107120175","2027145322","2.16763"
"2027145322","2134561292","0.872558"
"2134561292","2027145322","0.872558"
"2027145322","2992327106","6.46971"
"2992327106","2027145322","6.46971"
"2041398293","2075706635","0.0769231"
"2075706635","2041398293","0.0769231"
"2041398293","2084884890","0.798947"
"2084884890","2041398293","0.798947"
"2041398293","2107120175","0.798947"
"2107120175","2041398293","0.798947"
"2041398293","2134561292","1.29915"
"2134561292","2041398293","1.29915"
"2041398293","2992327106","0.810058"
"2992327106","2041398293","0.810058"
"2047602785","2075706635","0.167832"
"2075706635","2047602785","0.167832"
"2047602785","2084884890","1.19938"
"2084884890","2047602785","1.19938"
"2047602785","2107120175","1.19938"
"2107120175","2047602785","1.19938"
"2047602785","2134561292","1.567"
"2134561292","2047602785","1.567"
"2047602785","2992327106","1.75146"
"2992327106","2047602785","1.75146"
"2075706635","2084884890","0.167832"
"2084884890","2075706635","0.167832"
"2075706635","2107120175","0.167832"
"2107120175","2075706635","0.167832"
"2075706635","2134561292","0.0769231"
"2134561292","2075706635","0.0769231"
"2075706635","2145747124","0.167832"
"2145747124","2075706635","0.167832"
"2075706635","2148361370","0.0769231"
"2148361370","2075706635","0.0769231"
"2075706635","2992327106","0.167832"
"2992327106","2075706635","0.167832"
"2084884890","2107120175","3.36605"
"2107120175","2084884890","3.36605"
"2084884890","2134561292","0.497558"
"2134561292","2084884890","0.497558"
"2084884890","2145747124","0.723189"
"2145747124","2084884890","0.723189"
"2084884890","2148361370","1.00847"
"2148361370","2084884890","1.00847"
"2084884890","2992327106","0.789856"
"2992327106","2084884890","0.789856"
"2107120175","2134561292","0.497558"
"2134561292","2107120175","0.497558"
"2107120175","2145747124","0.723189"
"2145747124","2107120175","0.723189"
"2107120175","2148361370","1.00847"
"2148361370","2107120175","1.00847"
"2107120175","2992327106","0.789856"
"2992327106","2107120175","0.789856"
"2134561292","2145747124","0.34478"
"2145747124","2134561292","0.34478"
"2134561292","2148361370","0.567002"
"2148361370","2134561292","0.567002"
"2134561292","2992327106","0.674145"
"2992327106","2134561292","0.674145"
"2145747124","2992327106","1.16416"
"2992327106","2145747124","1.16416"
"2148361370","2992327106","1.49388"
"2992327106","2148361370","1.49388"
"1486495115","2147399912","0.5"
"2147399912","1486495115","0.5"
"2047602785","2147399912","0.5"
"2147399912","2047602785","0.5"
"1486495115","2067591112","0.1"
"2067591112","1486495115","0.1"
"1575207522","2067591112","1.24418"
"2067591112","1575207522","1.24418"
"1598689448","2067591112","0.444177"
"2067591112","1598689448","0.444177"
"2002104789","2067591112","0.274242"
"2067591112","2002104789","0.274242"
"2027145322","2067591112","1.85327"
"2067591112","2027145322","1.85327"
"2041398293","2067591112","0.294444"
"2067591112","2041398293","0.294444"
"2047602785","2067591112","0.853268"
"2067591112","2047602785","0.853268"
"2067591112","2084884890","0.35"
"2084884890","2067591112","0.35"
"2067591112","2107120175","0.35"
"2107120175","2067591112","0.35"
"2067591112","2145747124","0.333066"
"2145747124","2067591112","0.333066"
"1486495115","865976024","0.53869"
"865976024","1486495115","0.53869"
"1575207522","865976024","1.63799"
"865976024","1575207522","1.63799"
"1989778772","2134561292","0.472222"
"2134561292","1989778772","0.472222"
"1989778772","2992327106","2.09355"
"2992327106","1989778772","2.09355"
"1989778772","865976024","3.84355"
"865976024","1989778772","3.84355"
"2027145322","865976024","2.51021"
"865976024","2027145322","2.51021"
"2041398293","865976024","0.649802"
"865976024","2041398293","0.649802"
"2047602785","865976024","1.12529"
"865976024","2047602785","1.12529"
"2134561292","865976024","0.638889"
"865976024","2134561292","0.638889"
"2148361370","865976024","1.45863"
"865976024","2148361370","1.45863"
"2992327106","865976024","7.62529"
"865976024","2992327106","7.62529"
"2084884890","865976024","0.705357"
"865976024","2084884890","0.705357"
"2107120175","865976024","0.705357"
"865976024","2107120175","0.705357"
"1486495115","1977493358","0.0625"
"1977493358","1486495115","0.0625"
"1486495115","2167411443","0.0625"
"2167411443","1486495115","0.0625"
"1575207522","1977493358","0.886475"
"1977493358","1575207522","0.886475"
"1575207522","2167411443","0.969808"
"2167411443","1575207522","0.969808"
"1598689448","1977493358","0.303142"
"1977493358","1598689448","0.303142"
"1598689448","2167411443","0.386475"
"2167411443","1598689448","0.386475"
"1598689448","865976024","0.28799"
"865976024","1598689448","0.28799"
"1977493358","1989778772","0.121324"
"1989778772","1977493358","0.121324"
"1977493358","2002104789","0.244318"
"2002104789","1977493358","0.244318"
"1977493358","2027145322","0.545566"
"2027145322","1977493358","0.545566"
"1977493358","2041398293","0.0625"
"2041398293","1977493358","0.0625"
"1977493358","2047602785","0.212233"
"2047602785","1977493358","0.212233"
"1977493358","2084884890","0.153409"
"2084884890","1977493358","0.153409"
"1977493358","2095576022","0.371324"
"2095576022","1977493358","0.371324"
"1977493358","2107120175","0.153409"
"2107120175","1977493358","0.153409"
"1977493358","2145747124","0.553142"
"2145747124","1977493358","0.553142"
"1977493358","2148361370","0.121324"
"2148361370","1977493358","0.121324"
"1977493358","2167411443","0.886475"
"2167411443","1977493358","0.886475"
"1977493358","2992327106","0.212233"
"2992327106","1977493358","0.212233"
"1977493358","865976024","0.121324"
"865976024","1977493358","0.121324"
"1989778772","2002104789","0.0625"
"2002104789","1989778772","0.0625"
"1989778772","2084884890","0.173611"
"2084884890","1989778772","0.173611"
"1989778772","2107120175","0.173611"
"2107120175","1989778772","0.173611"
"1989778772","2167411443","0.121324"
"2167411443","1989778772","0.121324"
"2002104789","2095576022","0.0625"
"2095576022","2002104789","0.0625"
"2002104789","2167411443","0.327652"
"2167411443","2002104789","0.327652"
"2002104789","865976024","0.229167"
"865976024","2002104789","0.229167"
"2027145322","2167411443","0.628899"
"2167411443","2027145322","0.628899"
"2041398293","2167411443","0.145833"
"2167411443","2041398293","0.145833"
"2047602785","2167411443","0.295566"
"2167411443","2047602785","0.295566"
"2084884890","2095576022","0.0625"
"2095576022","2084884890","0.0625"
"2084884890","2167411443","0.236742"
"2167411443","2084884890","0.236742"
"2095576022","2107120175","0.0625"
"2107120175","2095576022","0.0625"
"2095576022","2167411443","0.371324"
"2167411443","2095576022","0.371324"
"2095576022","2992327106","0.621324"
"2992327106","2095576022","0.621324"
"2095576022","865976024","0.621324"
"865976024","2095576022","0.621324"
"2107120175","2167411443","0.236742"
"2167411443","2107120175","0.236742"
"2145747124","2167411443","0.636475"
"2167411443","2145747124","0.636475"
"2145747124","865976024","1.03799"
"865976024","2145747124","1.03799"
"2148361370","2167411443","0.204657"
"2167411443","2148361370","0.204657"
"2167411443","2992327106","0.295566"
"2992327106","2167411443","0.295566"
"2167411443","865976024","0.121324"
"865976024","2167411443","0.121324"
"1527770072","1575207522","0.424242"
"1575207522","1527770072","0.424242"
"1527770072","2067591112","0.824242"
"2067591112","1527770072","0.824242"
"1527770072","2241815672","0.824242"
"2241815672","1527770072","0.824242"
"1527770072","2511129296","0.824242"
"2511129296","1527770072","0.824242"
"1527770072","2765146749","0.824242"
"2765146749","1527770072","0.824242"
"1527770072","2830176335","0.824242"
"2830176335","1527770072","0.824242"
"1575207522","2241815672","0.794177"
"2241815672","1575207522","0.794177"
"1575207522","2511129296","0.794177"
"2511129296","1575207522","0.794177"
"1575207522","2765146749","0.683066"
"2765146749","1575207522","0.683066"
"1575207522","2830176335","0.794177"
"2830176335","1575207522","0.794177"
"2067591112","2241815672","1.44418"
"2241815672","2067591112","1.44418"
"2067591112","2511129296","1.44418"
"2511129296","2067591112","1.44418"
"2067591112","2765146749","1.33307"
"2765146749","2067591112","1.33307"
"2067591112","2830176335","1.44418"
"2830176335","2067591112","1.44418"
"2241815672","2511129296","3.77751"
"2511129296","2241815672","3.77751"
"2241815672","2765146749","3.33307"
"2765146749","2241815672","3.33307"
"2241815672","2830176335","3.27751"
"2830176335","2241815672","3.27751"
"2511129296","2765146749","4.49973"
"2765146749","2511129296","4.49973"
"2511129296","2830176335","5.11084"
"2830176335","2511129296","5.11084"
"2765146749","2830176335","4.6664"
"2830176335","2765146749","4.6664"
"1527770072","1598689448","0.0909091"
"1598689448","1527770072","0.0909091"
"1527770072","1977493358","0.0909091"
"1977493358","1527770072","0.0909091"
"1527770072","2002104789","0.0909091"
"2002104789","1527770072","0.0909091"
"1527770072","2145747124","0.0909091"
"2145747124","1527770072","0.0909091"
"1527770072","2167411443","0.0909091"
"2167411443","1527770072","0.0909091"
"1598689448","2241815672","0.260844"
"2241815672","1598689448","0.260844"
"1598689448","2511129296","0.260844"
"2511129296","1598689448","0.260844"
"1598689448","2765146749","0.149733"
"2765146749","1598689448","0.149733"
"1598689448","2830176335","0.260844"
"2830176335","1598689448","0.260844"
"1977493358","2067591112","0.149733"
"2067591112","1977493358","0.149733"
"1977493358","2241815672","0.149733"
"2241815672","1977493358","0.149733"
"1977493358","2511129296","0.149733"
"2511129296","1977493358","0.149733"
"1977493358","2765146749","0.149733"
"2765146749","1977493358","0.149733"
"1977493358","2830176335","0.149733"
"2830176335","1977493358","0.149733"
"2002104789","2241815672","0.0909091"
"2241815672","2002104789","0.0909091"
"2002104789","2511129296","0.0909091"
"2511129296","2002104789","0.0909091"
"2002104789","2765146749","0.0909091"
"2765146749","2002104789","0.0909091"
"2002104789","2830176335","0.0909091"
"2830176335","2002104789","0.0909091"
"2067591112","2167411443","0.233066"
"2167411443","2067591112","0.233066"
"2145747124","2511129296","0.149733"
"2511129296","2145747124","0.149733"
"2145747124","2765146749","1.14973"
"2765146749","2145747124","1.14973"
"2145747124","2830176335","0.149733"
"2830176335","2145747124","0.149733"
"2167411443","2241815672","0.149733"
"2241815672","2167411443","0.149733"
"2167411443","2511129296","0.149733"
"2511129296","2167411443","0.149733"
"2167411443","2765146749","0.149733"
"2765146749","2167411443","0.149733"
"2167411443","2830176335","0.149733"
"2830176335","2167411443","0.149733"
"1553545708","1575207522","0.111111"
"1575207522","1553545708","0.111111"
"1553545708","1981648022","0.111111"
"1981648022","1553545708","0.111111"
"1553545708","2041398293","0.111111"
"2041398293","1553545708","0.111111"
"1553545708","2047602785","0.111111"
"2047602785","1553545708","0.111111"
"1553545708","2084884890","0.111111"
"2084884890","1553545708","0.111111"
"1553545708","2107120175","0.111111"
"2107120175","1553545708","0.111111"
"1553545708","2148361370","0.111111"
"2148361370","1553545708","0.111111"
"1553545708","2992327106","0.111111"
"2992327106","1553545708","0.111111"
"1553545708","865976024","0.111111"
"865976024","1553545708","0.111111"
"1575207522","1981648022","1.00327"
"1981648022","1575207522","1.00327"
"1981648022","2041398293","0.111111"
"2041398293","1981648022","0.111111"
"1981648022","2047602785","0.169935"
"2047602785","1981648022","0.169935"
"1981648022","2084884890","0.277778"
"2084884890","1981648022","0.277778"
"1981648022","2107120175","0.277778"
"2107120175","1981648022","0.277778"
"1981648022","2148361370","0.336601"
"2148361370","1981648022","0.336601"
"1981648022","2992327106","0.169935"
"2992327106","1981648022","0.169935"
"1981648022","865976024","0.336601"
"865976024","1981648022","0.336601"
"1553545708","2006069086","1.58333"
"2006069086","1553545708","1.58333"
"1553545708","2137401082","1.08333"
"2137401082","1553545708","1.08333"
"2006069086","2137401082","1.33333"
"2137401082","2006069086","1.33333"
"1553545708","2071358357","1.08333"
"2071358357","1553545708","1.08333"
"2006069086","2071358357","4.66667"
"2071358357","2006069086","4.66667"
"2071358357","2137401082","1.83333"
"2137401082","2071358357","1.83333"
"1553545708","2154839659","0.25"
"2154839659","1553545708","0.25"
"2006069086","2154839659","4.6"
"2154839659","2006069086","4.6"
"2071358357","2154839659","0.833333"
"2154839659","2071358357","0.833333"
"2137401082","2154839659","0.5"
"2154839659","2137401082","0.5"
"1554570771","198157877","0.171429"
"198157877","1554570771","0.171429"
"1554570771","2095029525","0.271429"
"2095029525","1554570771","0.271429"
"1554570771","2166928503","0.371429"
"2166928503","1554570771","0.371429"
"1554570771","2614931832","0.0714286"
"2614931832","1554570771","0.0714286"
"1554570771","2762887147","0.171429"
"2762887147","1554570771","0.171429"
"198157877","1992642694","0.532377"
"1992642694","198157877","0.532377"
"198157877","1998600401","0.80021"
"1998600401","198157877","0.80021"
"198157877","2049645827","1.17606"
"2049645827","198157877","1.17606"
"198157877","2060348361","0.67521"
"2060348361","198157877","0.67521"
"198157877","2074804516","1.29617"
"2074804516","198157877","1.29617"
"198157877","2095029525","1.25299"
"2095029525","198157877","1.25299"
"198157877","2166928503","3.94862"
"2166928503","198157877","3.94862"
"198157877","2289049650","0.5843"
"2289049650","198157877","0.5843"
"198157877","2405505693","0.462933"
"2405505693","198157877","0.462933"
"198157877","2474556572","0.730765"
"2474556572","198157877","0.730765"
"198157877","2614931832","0.133929"
"2614931832","198157877","0.133929"
"198157877","2762887147","0.630357"
"2762887147","198157877","0.630357"
"1992642694","2095029525","0.471266"
"2095029525","1992642694","0.471266"
"1992642694","2166928503","0.766201"
"2166928503","1992642694","0.766201"
"1992642694","2614931832","0.353863"
"2614931832","1992642694","0.353863"
"1992642694","2762887147","0.966958"
"2762887147","1992642694","0.966958"
"1998600401","2095029525","0.514098"
"2095029525","1998600401","0.514098"
"1998600401","2166928503","1.39514"
"2166928503","1998600401","1.39514"
"1998600401","2614931832","0.353863"
"2614931832","1998600401","0.353863"
"1998600401","2762887147","1.79474"
"2762887147","1998600401","1.79474"
"2029128277","2095029525","2.42799"
"2095029525","2029128277","2.42799"
"2029128277","2166928503","23.4431"
"2166928503","2029128277","23.4431"
"2029128277","2614931832","0.183929"
"2614931832","2029128277","0.183929"
"2029128277","2762887147","0.791468"
"2762887147","2029128277","0.791468"
"2049645827","2095029525","1.63995"
"2095029525","2049645827","1.63995"
"2049645827","2166928503","1.78718"
"2166928503","2049645827","1.78718"
"2049645827","2614931832","0.183929"
"2614931832","2049645827","0.183929"
"2049645827","2762887147","0.566468"
"2762887147","2049645827","0.566468"
"2060348361","2095029525","0.939098"
"2095029525","2060348361","0.939098"
"2060348361","2166928503","1.44514"
"2166928503","2060348361","1.44514"
"2060348361","2614931832","0.353863"
"2614931832","2060348361","0.353863"
"2060348361","2762887147","0.886403"
"2762887147","2060348361","0.886403"
"2074804516","2095029525","0.443391"
"2095029525","2074804516","0.443391"
"2074804516","2166928503","1.47444"
"2166928503","2074804516","1.47444"
"2074804516","2614931832","0.353863"
"2614931832","2074804516","0.353863"
"2074804516","2762887147","1.19474"
"2762887147","2074804516","1.19474"
"2095029525","2166928503","2.06132"
"2166928503","2095029525","2.06132"
"2095029525","2289049650","0.423189"
"2289049650","2095029525","0.423189"
"2095029525","2405505693","1.3796"
"2405505693","2095029525","1.3796"
"2095029525","2474556572","0.780765"
"2474556572","2095029525","0.780765"
"2095029525","2614931832","0.183929"
"2614931832","2095029525","0.183929"
"2095029525","2762887147","0.455357"
"2762887147","2095029525","0.455357"
"2166928503","2289049650","1.17924"
"2289049650","2166928503","1.17924"
"2166928503","2405505693","0.712933"
"2405505693","2166928503","0.712933"
"2166928503","2474556572","1.31459"
"2474556572","2166928503","1.31459"
"2166928503","2614931832","0.242752"
"2614931832","2166928503","0.242752"
"2166928503","2762887147","0.850292"
"2762887147","2166928503","0.850292"
"2289049650","2614931832","0.464974"
"2614931832","2289049650","0.464974"
"2289049650","2762887147","2.98085"
"2762887147","2289049650","2.98085"
"2405505693","2614931832","0.183929"
"2614931832","2405505693","0.183929"
"2405505693","2762887147","0.255357"
"2762887147","2405505693","0.255357"
"2474556572","2614931832","0.464974"
"2614931832","2474556572","0.464974"
"2474556572","2762887147","1.00307"
"2762887147","2474556572","1.00307"
"2614931832","2762887147","1.71497"
"2762887147","2614931832","1.71497"
"1554570771","2396691604","0.125"
"2396691604","1554570771","0.125"
"1992642694","2396691604","0.344935"
"2396691604","1992642694","0.344935"
