"1247011791","649141713","6.83333"
"649141713","1247011791","6.83333"
"1247011791","2080432338","1.33333"
"2080432338","1247011791","1.33333"
"2080432338","649141713","0.833333"
"649141713","2080432338","0.833333"
"1247011791","1999894066","1.16667"
"1999894066","1247011791","1.16667"
"1247011791","2121256667","1.91667"
"2121256667","1247011791","1.91667"
"1999894066","2080432338","0.833333"
"2080432338","1999894066","0.833333"
"1999894066","2121256667","0.916667"
"2121256667","1999894066","0.916667"
"1999894066","649141713","1.33333"
"649141713","1999894066","1.33333"
"2080432338","2121256667","0.583333"
"2121256667","2080432338","0.583333"
"2121256667","649141713","5.33333"
"649141713","2121256667","5.33333"
"1247011791","2082199419","1"
"2082199419","1247011791","1"
"1247011791","2032751340","1.53333"
"2032751340","1247011791","1.53333"
"1999894066","2032751340","0.966667"
"2032751340","1999894066","0.966667"
"2032751340","2121256667","0.416667"
"2121256667","2032751340","0.416667"
"1247011791","2024224018","2.86667"
"2024224018","1247011791","2.86667"
"1247011791","1998661617","0.283333"
"1998661617","1247011791","0.283333"
"1247011791","2081085782","1.2"
"2081085782","1247011791","1.2"
"1247011791","2164455335","0.533333"
"2164455335","1247011791","0.533333"
"1998661617","2024224018","0.560256"
"2024224018","1998661617","0.560256"
"1998661617","2032751340","0.283333"
"2032751340","1998661617","0.283333"
"1998661617","2081085782","0.283333"
"2081085782","1998661617","0.283333"
"1998661617","2164455335","0.2"
"2164455335","1998661617","0.2"
"2024224018","2032751340","1.50758"
"2032751340","2024224018","1.50758"
"2024224018","2081085782","1.50758"
"2081085782","2024224018","1.50758"
"2024224018","2164455335","0.2"
"2164455335","2024224018","0.2"
"2032751340","2081085782","18.5909"
"2081085782","2032751340","18.5909"
"2032751340","2164455335","0.533333"
"2164455335","2032751340","0.533333"
"2081085782","2164455335","0.533333"
"2164455335","2081085782","0.533333"
"1999894066","2081085782","0.633333"
"2081085782","1999894066","0.633333"
"2032751340","2080432338","0.833333"
"2080432338","2032751340","0.833333"
"2080432338","2081085782","0.833333"
"2081085782","2080432338","0.833333"
"1247011791","2016389981","0.583333"
"2016389981","1247011791","0.583333"
"1247011791","2120398388","0.5"
"2120398388","1247011791","0.5"
"2016389981","2120398388","1.59091"
"2120398388","2016389981","1.59091"
"1999894066","2024224018","3.63333"
"2024224018","1999894066","3.63333"
"2024224018","2080432338","0.333333"
"2080432338","2024224018","0.333333"
"2024224018","2121256667","0.333333"
"2121256667","2024224018","0.333333"
"1247011791","1964346230","0.0833333"
"1964346230","1247011791","0.0833333"
"1247011791","1967350113","0.0833333"
"1967350113","1247011791","0.0833333"
"1247011791","2024428474","0.0833333"
"2024428474","1247011791","0.0833333"
"1964346230","1967350113","2.83526"
"1967350113","1964346230","2.83526"
"1964346230","1998661617","0.45609"
"1998661617","1964346230","0.45609"
"1964346230","1999894066","0.383333"
"1999894066","1964346230","0.383333"
"1964346230","2016389981","0.260256"
"2016389981","1964346230","0.260256"
"1964346230","2024224018","0.960256"
"2024224018","1964346230","0.960256"
"1964346230","2024428474","2.46859"
"2024428474","1964346230","2.46859"
"1964346230","2032751340","0.383333"
"2032751340","1964346230","0.383333"
"1964346230","2080432338","0.0833333"
"2080432338","1964346230","0.0833333"
"1964346230","2081085782","0.383333"
"2081085782","1964346230","0.383333"
"1964346230","2121256667","0.0833333"
"2121256667","1964346230","0.0833333"
"1964346230","649141713","0.0833333"
"649141713","1964346230","0.0833333"
"1967350113","1998661617","1.12216"
"1998661617","1967350113","1.12216"
"1967350113","1999894066","0.0833333"
"1999894066","1967350113","0.0833333"
"1967350113","2016389981","0.917832"
"2016389981","1967350113","0.917832"
"1967350113","2024224018","1.45117"
"2024224018","1967350113","1.45117"
"1967350113","2024428474","4.03569"
"2024428474","1967350113","4.03569"
"1967350113","2032751340","0.174242"
"2032751340","1967350113","0.174242"
"1967350113","2080432338","0.0833333"
"2080432338","1967350113","0.0833333"
"1967350113","2081085782","0.174242"
"2081085782","1967350113","0.174242"
"1967350113","2121256667","0.0833333"
"2121256667","1967350113","0.0833333"
"1967350113","649141713","0.0833333"
"649141713","1967350113","0.0833333"
"1998661617","1999894066","0.0833333"
"1999894066","1998661617","0.0833333"
"1998661617","2016389981","0.410256"
"2016389981","1998661617","0.410256"
"1998661617","2024428474","3.01978"
"2024428474","1998661617","3.01978"
"1998661617","2080432338","0.0833333"
"2080432338","1998661617","0.0833333"
"1998661617","2121256667","1.08333"
"2121256667","1998661617","1.08333"
"1998661617","649141713","0.0833333"
"649141713","1998661617","0.0833333"
"1999894066","2016389981","1.18333"
"2016389981","1999894066","1.18333"
"1999894066","2024428474","0.383333"
"2024428474","1999894066","0.383333"
"2016389981","2024224018","0.851165"
"2024224018","2016389981","0.851165"
"2016389981","2024428474","1.76783"
"2024428474","2016389981","1.76783"
"2016389981","2032751340","0.274242"
"2032751340","2016389981","0.274242"
"2016389981","2080432338","0.0833333"
"2080432338","2016389981","0.0833333"
"2016389981","2081085782","0.274242"
"2081085782","2016389981","0.274242"
"2016389981","2121256667","0.0833333"
"2121256667","2016389981","0.0833333"
"2016389981","649141713","0.0833333"
"649141713","2016389981","0.0833333"
"2024224018","2024428474","1.25117"
"2024428474","2024224018","1.25117"
"2024224018","649141713","1.08333"
"649141713","2024224018","1.08333"
"2024428474","2032751340","0.474242"
"2032751340","2024428474","0.474242"
"2024428474","2080432338","0.0833333"
"2080432338","2024428474","0.0833333"
"2024428474","2081085782","0.474242"
"2081085782","2024428474","0.474242"
"2024428474","2121256667","0.0833333"
"2121256667","2024428474","0.0833333"
"2024428474","649141713","0.0833333"
"649141713","2024428474","0.0833333"
"2032751340","649141713","0.0833333"
"649141713","2032751340","0.0833333"
"2081085782","2121256667","0.0833333"
"2121256667","2081085782","0.0833333"
"2081085782","649141713","0.0833333"
"649141713","2081085782","0.0833333"
"1516763708","1967350113","1.12857"
"1967350113","1516763708","1.12857"
"1516763708","1998661617","1.80774"
"1998661617","1516763708","1.80774"
"1516763708","2016361990","7.45774"
"2016361990","1516763708","7.45774"
"1516763708","2055820261","1.70774"
"2055820261","1516763708","1.70774"
"1516763708","2076296473","1.64107"
"2076296473","1516763708","1.64107"
"1516763708","3335761","0.229167"
"3335761","1516763708","0.229167"
"1967350113","2016361990","5.51383"
"2016361990","1967350113","5.51383"
"1967350113","2055820261","2.79524"
"2055820261","1967350113","2.79524"
"1967350113","2076296473","0.838828"
"2076296473","1967350113","0.838828"
"1967350113","3335761","0.166667"
"3335761","1967350113","0.166667"
"1998661617","2016361990","2.58466"
"2016361990","1998661617","2.58466"
"1998661617","2055820261","1.89107"
"2055820261","1998661617","1.89107"
"1998661617","2076296473","21.8347"
"2076296473","1998661617","21.8347"
"1998661617","3335761","0.229167"
"3335761","1998661617","0.229167"
"2016361990","2055820261","2.20774"
"2055820261","2016361990","2.20774"
"2016361990","2076296473","3.16799"
"2076296473","2016361990","3.16799"
"2016361990","3335761","0.229167"
"3335761","2016361990","0.229167"
"2055820261","2076296473","1.2244"
"2076296473","2055820261","1.2244"
"2055820261","3335761","0.229167"
"3335761","2055820261","0.229167"
"2076296473","3335761","0.229167"
"3335761","2076296473","0.229167"
"1516763708","2120398388","1.49524"
"2120398388","1516763708","1.49524"
"1998661617","2120398388","1.1119"
"2120398388","1998661617","1.1119"
"2016361990","2120398388","4.8369"
"2120398388","2016361990","4.8369"
"2076296473","2120398388","1.19524"
"2120398388","2076296473","1.19524"
"1516763708","1523380656","0.129167"
"1523380656","1516763708","0.129167"
"1516763708","1964346230","0.495833"
"1964346230","1516763708","0.495833"
"1516763708","1986268113","0.129167"
"1986268113","1516763708","0.129167"
"1516763708","2000295574","0.683333"
"2000295574","1516763708","0.683333"
"1516763708","2021198620","0.129167"
"2021198620","1516763708","0.129167"
"1516763708","2022565484","0.0666667"
"2022565484","1516763708","0.0666667"
"1516763708","2024428474","0.659524"
"2024428474","1516763708","0.659524"
"1516763708","2175098095","0.414881"
"2175098095","1516763708","0.414881"
"1516763708","2186791032","0.0666667"
"2186791032","1516763708","0.0666667"
"1516763708","2998979401","0.0666667"
"2998979401","1516763708","0.0666667"
"1523380656","1964346230","0.33109"
"1964346230","1523380656","0.33109"
"1523380656","1986268113","0.254167"
"1986268113","1523380656","0.254167"
"1523380656","1998661617","2.65609"
"1998661617","1523380656","2.65609"
"1523380656","2000295574","0.0666667"
"2000295574","1523380656","0.0666667"
"1523380656","2016361990","0.53109"
"2016361990","1523380656","0.53109"
"1523380656","2021198620","0.33109"
"2021198620","1523380656","0.33109"
"1523380656","2022565484","0.26859"
"2022565484","1523380656","0.26859"
"1523380656","2024428474","1.05192"
"2024428474","1523380656","1.05192"
"1523380656","2055820261","0.129167"
"2055820261","1523380656","0.129167"
"1523380656","2076296473","2.32276"
"2076296473","1523380656","2.32276"
"1523380656","2120398388","0.391667"
"2120398388","1523380656","0.391667"
"1523380656","2175098095","0.129167"
"2175098095","1523380656","0.129167"
"1523380656","2186791032","0.4"
"2186791032","1523380656","0.4"
"1523380656","2998979401","0.0666667"
"2998979401","1523380656","0.0666667"
"1964346230","1986268113","6.6875"
"1986268113","1964346230","6.6875"
"1964346230","2000295574","0.433333"
"2000295574","1964346230","0.433333"
"1964346230","2016361990","5.63109"
"2016361990","1964346230","5.63109"
"1964346230","2021198620","4.41442"
"2021198620","1964346230","4.41442"
"1964346230","2022565484","0.71859"
"2022565484","1964346230","0.71859"
"1964346230","2055820261","0.495833"
"2055820261","1964346230","0.495833"
"1964346230","2076296473","0.45609"
"2076296473","1964346230","0.45609"
"1964346230","2120398388","2.375"
"2120398388","1964346230","2.375"
"1964346230","2175098095","0.495833"
"2175098095","1964346230","0.495833"
"1964346230","2186791032","0.433333"
"2186791032","1964346230","0.433333"
"1964346230","2998979401","0.0666667"
"2998979401","1964346230","0.0666667"
"1986268113","1998661617","0.129167"
"1998661617","1986268113","0.129167"
"1986268113","2000295574","0.0666667"
"2000295574","1986268113","0.0666667"
"1986268113","2016361990","0.670833"
"2016361990","1986268113","0.670833"
"1986268113","2021198620","9.4375"
"2021198620","1986268113","9.4375"
"1986268113","2022565484","0.191667"
"2022565484","1986268113","0.191667"
"1986268113","2024428474","0.458333"
"2024428474","1986268113","0.458333"
"1986268113","2055820261","0.129167"
"2055820261","1986268113","0.129167"
"1986268113","2076296473","0.129167"
"2076296473","1986268113","0.129167"
"1986268113","2120398388","0.858333"
"2120398388","1986268113","0.858333"
"1986268113","2175098095","0.379167"
"2175098095","1986268113","0.379167"
"1986268113","2186791032","0.0666667"
"2186791032","1986268113","0.0666667"
"1986268113","2998979401","0.0666667"
"2998979401","1986268113","0.0666667"
"1998661617","2000295574","0.0666667"
"2000295574","1998661617","0.0666667"
"1998661617","2021198620","0.20609"
"2021198620","1998661617","0.20609"
"1998661617","2022565484","0.14359"
"2022565484","1998661617","0.14359"
"1998661617","2175098095","0.748214"
"2175098095","1998661617","0.748214"
"1998661617","2186791032","0.4"
"2186791032","1998661617","0.4"
"1998661617","2998979401","0.0666667"
"2998979401","1998661617","0.0666667"
"2000295574","2016361990","0.683333"
"2016361990","2000295574","0.683333"
"2000295574","2021198620","0.0666667"
"2021198620","2000295574","0.0666667"
"2000295574","2022565484","0.0666667"
"2022565484","2000295574","0.0666667"
"2000295574","2024428474","0.35"
"2024428474","2000295574","0.35"
"2000295574","2055820261","0.433333"
"2055820261","2000295574","0.433333"
"2000295574","2076296473","0.0666667"
"2076296473","2000295574","0.0666667"
"2000295574","2120398388","0.15"
"2120398388","2000295574","0.15"
"2000295574","2175098095","0.716667"
"2175098095","2000295574","0.716667"
"2000295574","2186791032","0.683333"
"2186791032","2000295574","0.683333"
"2000295574","2998979401","0.0666667"
"2998979401","2000295574","0.0666667"
"2016361990","2021198620","1.39776"
"2021198620","2016361990","1.39776"
"2016361990","2022565484","0.71859"
"2022565484","2016361990","0.71859"
"2016361990","2024428474","2.54478"
"2024428474","2016361990","2.54478"
"2016361990","2175098095","0.664881"
"2175098095","2016361990","0.664881"
"2016361990","2186791032","0.0666667"
"2186791032","2016361990","0.0666667"
"2016361990","2998979401","0.0666667"
"2998979401","2016361990","0.0666667"
"2021198620","2022565484","0.26859"
"2022565484","2021198620","0.26859"
"2021198620","2024428474","1.57617"
"2024428474","2021198620","1.57617"
"2021198620","2055820261","0.129167"
"2055820261","2021198620","0.129167"
"2021198620","2076296473","0.20609"
"2076296473","2021198620","0.20609"
"2021198620","2120398388","1.34924"
"2120398388","2021198620","1.34924"
"2021198620","2175098095","0.379167"
"2175098095","2021198620","0.379167"
"2021198620","2186791032","0.0666667"
"2186791032","2021198620","0.0666667"
"2021198620","2998979401","0.0666667"
"2998979401","2021198620","0.0666667"
"2022565484","2024428474","0.46859"
"2024428474","2022565484","0.46859"
"2022565484","2055820261","0.0666667"
"2055820261","2022565484","0.0666667"
"2022565484","2076296473","0.39359"
"2076296473","2022565484","0.39359"
"2022565484","2120398388","0.641667"
"2120398388","2022565484","0.641667"
"2022565484","2175098095","0.0666667"
"2175098095","2022565484","0.0666667"
"2022565484","2186791032","0.0666667"
"2186791032","2022565484","0.0666667"
"2022565484","2998979401","0.0666667"
"2998979401","2022565484","0.0666667"
"2024428474","2055820261","0.659524"
"2055820261","2024428474","0.659524"
"2024428474","2076296473","1.56978"
"2076296473","2024428474","1.56978"
"2024428474","2120398388","3.4421"
"2120398388","2024428474","3.4421"
"2024428474","2175098095","0.0666667"
"2175098095","2024428474","0.0666667"
"2024428474","2186791032","0.0666667"
"2186791032","2024428474","0.0666667"
"2024428474","2998979401","0.0666667"
"2998979401","2024428474","0.0666667"
"2055820261","2120398388","0.745238"
"2120398388","2055820261","0.745238"
"2055820261","2175098095","1.33155"
"2175098095","2055820261","1.33155"
"2055820261","2186791032","0.0666667"
"2186791032","2055820261","0.0666667"
"2055820261","2998979401","0.4"
"2998979401","2055820261","0.4"
"2076296473","2175098095","0.748214"
"2175098095","2076296473","0.748214"
"2076296473","2186791032","0.0666667"
"2186791032","2076296473","0.0666667"
"2076296473","2998979401","0.0666667"
"2998979401","2076296473","0.0666667"
"2120398388","2175098095","0.352381"
"2175098095","2120398388","0.352381"
"2120398388","2186791032","0.0666667"
"2186791032","2120398388","0.0666667"
"2120398388","2998979401","0.0666667"
"2998979401","2120398388","0.0666667"
"2175098095","2186791032","6.93333"
"2186791032","2175098095","6.93333"
"2175098095","2998979401","0.0666667"
"2998979401","2175098095","0.0666667"
"2186791032","2998979401","0.0666667"
"2998979401","2186791032","0.0666667"
"1967350113","2120398388","1.41115"
"2120398388","1967350113","1.41115"
"1967350113","2175098095","0.785714"
"2175098095","1967350113","0.785714"
"1516763708","2149048679","0.416667"
"2149048679","1516763708","0.416667"
"2000295574","2149048679","1.25952"
"2149048679","2000295574","1.25952"
"2016361990","2149048679","0.416667"
"2149048679","2016361990","0.416667"
"1516763708","193547928","0.283333"
"193547928","1516763708","0.283333"
"193547928","2000295574","0.7"
"2000295574","193547928","0.7"
"193547928","2016361990","1.28333"
"2016361990","193547928","1.28333"
"193547928","2024428474","0.283333"
"2024428474","193547928","0.283333"
"193547928","2055820261","0.366667"
"2055820261","193547928","0.366667"
"1516763708","2135971703","0.2"
"2135971703","1516763708","0.2"
"1964346230","2135971703","0.2"
"2135971703","1964346230","0.2"
"1967350113","2135971703","0.366667"
"2135971703","1967350113","0.366667"
"2016361990","2135971703","0.2"
"2135971703","2016361990","0.2"
"2055820261","2135971703","2.2"
"2135971703","2055820261","2.2"
"1516763708","1559935822","0.0625"
"1559935822","1516763708","0.0625"
"1516763708","1591886962","0.145833"
"1591886962","1516763708","0.145833"
"1516763708","1860396002","0.145833"
"1860396002","1516763708","0.145833"
"1516763708","1987107395","0.0625"
"1987107395","1516763708","0.0625"
"1516763708","2068825673","0.0625"
"2068825673","1516763708","0.0625"
"1516763708","2088307184","0.0625"
"2088307184","1516763708","0.0625"
"1523380656","1559935822","0.0625"
"1559935822","1523380656","0.0625"
"1523380656","1591886962","0.0625"
"1591886962","1523380656","0.0625"
"1523380656","1860396002","0.0625"
"1860396002","1523380656","0.0625"
"1523380656","1987107395","0.0625"
"1987107395","1523380656","0.0625"
"1523380656","2068825673","0.139423"
"2068825673","1523380656","0.139423"
"1523380656","2088307184","0.0625"
"2088307184","1523380656","0.0625"
"1523380656","3335761","0.0625"
"3335761","1523380656","0.0625"
"1559935822","1591886962","0.0625"
"1591886962","1559935822","0.0625"
"1559935822","1860396002","0.229167"
"1860396002","1559935822","0.229167"
"1559935822","1964346230","0.0625"
"1964346230","1559935822","0.0625"
"1559935822","1986268113","0.0625"
"1986268113","1559935822","0.0625"
"1559935822","1987107395","0.572024"
"1987107395","1559935822","0.572024"
"1559935822","1998661617","0.0625"
"1998661617","1559935822","0.0625"
"1559935822","2016361990","0.3125"
"2016361990","1559935822","0.3125"
"1559935822","2021198620","0.0625"
"2021198620","1559935822","0.0625"
"1559935822","2055820261","0.0625"
"2055820261","1559935822","0.0625"
"1559935822","2068825673","0.0625"
"2068825673","1559935822","0.0625"
"1559935822","2076296473","0.0625"
"2076296473","1559935822","0.0625"
"1559935822","2088307184","4.82202"
"2088307184","1559935822","4.82202"
"1559935822","2175098095","0.2625"
"2175098095","1559935822","0.2625"
"1559935822","3335761","0.0625"
"3335761","1559935822","0.0625"
"1591886962","1860396002","0.145833"
"1860396002","1591886962","0.145833"
"1591886962","1964346230","0.395833"
"1964346230","1591886962","0.395833"
"1591886962","1986268113","0.0625"
"1986268113","1591886962","0.0625"
"1591886962","1987107395","0.0625"
"1987107395","1591886962","0.0625"
"1591886962","1998661617","0.0625"
"1998661617","1591886962","0.0625"
"1591886962","2016361990","0.479167"
"2016361990","1591886962","0.479167"
"1591886962","2021198620","0.0625"
"2021198620","1591886962","0.0625"
"1591886962","2055820261","0.145833"
"2055820261","1591886962","0.145833"
"1591886962","2068825673","0.0625"
"2068825673","1591886962","0.0625"
"1591886962","2076296473","0.0625"
"2076296473","1591886962","0.0625"
"1591886962","2088307184","0.0625"
"2088307184","1591886962","0.0625"
"1591886962","2175098095","0.0625"
"2175098095","1591886962","0.0625"
"1591886962","3335761","0.0625"
"3335761","1591886962","0.0625"
"1860396002","1964346230","0.0625"
"1964346230","1860396002","0.0625"
"1860396002","1986268113","0.0625"
"1986268113","1860396002","0.0625"
"1860396002","1987107395","1.22917"
"1987107395","1860396002","1.22917"
"1860396002","1998661617","0.0625"
"1998661617","1860396002","0.0625"
"1860396002","2016361990","0.145833"
"2016361990","1860396002","0.145833"
"1860396002","2021198620","0.5625"
"2021198620","1860396002","0.5625"
"1860396002","2055820261","0.145833"
"2055820261","1860396002","0.145833"
"1860396002","2068825673","0.0625"
"2068825673","1860396002","0.0625"
"1860396002","2076296473","0.0625"
"2076296473","1860396002","0.0625"
"1860396002","2088307184","0.229167"
"2088307184","1860396002","0.229167"
"1860396002","2175098095","0.0625"
"2175098095","1860396002","0.0625"
"1860396002","3335761","0.0625"
"3335761","1860396002","0.0625"
"1964346230","1987107395","0.429167"
"1987107395","1964346230","0.429167"
"1964346230","2068825673","1.57276"
"2068825673","1964346230","1.57276"
"1964346230","2088307184","0.0625"
"2088307184","1964346230","0.0625"
"1964346230","3335761","0.0625"
"3335761","1964346230","0.0625"
"1986268113","1987107395","0.0625"
"1987107395","1986268113","0.0625"
"1986268113","2068825673","4.74583"
"2068825673","1986268113","4.74583"
"1986268113","2088307184","0.0625"
"2088307184","1986268113","0.0625"
"1986268113","3335761","0.0625"
"3335761","1986268113","0.0625"
"1987107395","1998661617","0.0625"
"1998661617","1987107395","0.0625"
"1987107395","2016361990","0.0625"
"2016361990","1987107395","0.0625"
"1987107395","2021198620","0.0625"
"2021198620","1987107395","0.0625"
"1987107395","2055820261","0.145833"
"2055820261","1987107395","0.145833"
"1987107395","2068825673","0.0625"
"2068825673","1987107395","0.0625"
"1987107395","2076296473","0.0625"
"2076296473","1987107395","0.0625"
"1987107395","2088307184","0.572024"
"2088307184","1987107395","0.572024"
"1987107395","2175098095","0.7125"
"2175098095","1987107395","0.7125"
"1987107395","3335761","0.0625"
"3335761","1987107395","0.0625"
"1998661617","2068825673","0.139423"
"2068825673","1998661617","0.139423"
"1998661617","2088307184","0.0625"
"2088307184","1998661617","0.0625"
"2016361990","2068825673","0.389423"
"2068825673","2016361990","0.389423"
"2016361990","2088307184","0.3125"
"2088307184","2016361990","0.3125"
"2021198620","2068825673","2.91367"
"2068825673","2021198620","2.91367"
"2021198620","2088307184","0.0625"
"2088307184","2021198620","0.0625"
"2021198620","3335761","0.0625"
"3335761","2021198620","0.0625"
"2055820261","2068825673","0.0625"
"2068825673","2055820261","0.0625"
"2055820261","2088307184","0.0625"
"2088307184","2055820261","0.0625"
"2068825673","2076296473","0.139423"
"2076296473","2068825673","0.139423"
"2068825673","2088307184","0.0625"
"2088307184","2068825673","0.0625"
"2068825673","2175098095","0.3125"
"2175098095","2068825673","0.3125"
"2068825673","3335761","0.0625"
"3335761","2068825673","0.0625"
"2076296473","2088307184","0.0625"
"2088307184","2076296473","0.0625"
"2088307184","2175098095","0.2625"
"2175098095","2088307184","0.2625"
"2088307184","3335761","0.0625"
"3335761","2088307184","0.0625"
"2175098095","3335761","0.0625"
"3335761","2175098095","0.0625"
"1516763708","1531995374","0.0833333"
"1531995374","1516763708","0.0833333"
"1516763708","1596338084","0.0833333"
"1596338084","1516763708","0.0833333"
"1516763708","2122548193","0.0833333"
"2122548193","1516763708","0.0833333"
"1531995374","1591886962","0.0833333"
"1591886962","1531995374","0.0833333"
"1531995374","1596338084","0.166667"
"1596338084","1531995374","0.166667"
"1531995374","1860396002","0.0833333"
"1860396002","1531995374","0.0833333"
"1531995374","193547928","0.166667"
"193547928","1531995374","0.166667"
"1531995374","2000295574","0.166667"
"2000295574","1531995374","0.166667"
"1531995374","2016361990","0.0833333"
"2016361990","1531995374","0.0833333"
"1531995374","2024428474","0.0833333"
"2024428474","1531995374","0.0833333"
"1531995374","2055820261","0.333333"
"2055820261","1531995374","0.333333"
"1531995374","2120398388","0.0833333"
"2120398388","1531995374","0.0833333"
"1531995374","2122548193","0.333333"
"2122548193","1531995374","0.333333"
"1531995374","2149048679","0.166667"
"2149048679","1531995374","0.166667"
"1591886962","1596338084","0.0833333"
"1596338084","1591886962","0.0833333"
"1591886962","193547928","0.0833333"
"193547928","1591886962","0.0833333"
"1591886962","2000295574","0.0833333"
"2000295574","1591886962","0.0833333"
"1591886962","2024428474","0.0833333"
"2024428474","1591886962","0.0833333"
"1591886962","2120398388","0.0833333"
"2120398388","1591886962","0.0833333"
"1591886962","2122548193","0.0833333"
"2122548193","1591886962","0.0833333"
"1591886962","2149048679","0.0833333"
"2149048679","1591886962","0.0833333"
"1596338084","1860396002","1.08333"
"1860396002","1596338084","1.08333"
"1596338084","193547928","0.166667"
"193547928","1596338084","0.166667"
"1596338084","2000295574","0.166667"
"2000295574","1596338084","0.166667"
"1596338084","2016361990","0.0833333"
"2016361990","1596338084","0.0833333"
"1596338084","2024428474","0.0833333"
"2024428474","1596338084","0.0833333"
"1596338084","2055820261","0.166667"
"2055820261","1596338084","0.166667"
"1596338084","2120398388","0.0833333"
"2120398388","1596338084","0.0833333"
"1596338084","2122548193","0.166667"
"2122548193","1596338084","0.166667"
"1596338084","2149048679","0.166667"
"2149048679","1596338084","0.166667"
"1860396002","193547928","1.41667"
"193547928","1860396002","1.41667"
"1860396002","2000295574","0.583333"
"2000295574","1860396002","0.583333"
"1860396002","2024428474","0.0833333"
"2024428474","1860396002","0.0833333"
"1860396002","2120398388","0.0833333"
"2120398388","1860396002","0.0833333"
"1860396002","2122548193","0.0833333"
"2122548193","1860396002","0.0833333"
"1860396002","2149048679","0.0833333"
"2149048679","1860396002","0.0833333"
"193547928","2120398388","0.0833333"
"2120398388","193547928","0.0833333"
"193547928","2122548193","0.166667"
"2122548193","193547928","0.166667"
"193547928","2149048679","0.166667"
"2149048679","193547928","0.166667"
"2000295574","2122548193","0.166667"
"2122548193","2000295574","0.166667"
"2016361990","2122548193","0.0833333"
"2122548193","2016361990","0.0833333"
"2024428474","2122548193","0.0833333"
"2122548193","2024428474","0.0833333"
"2024428474","2149048679","0.0833333"
"2149048679","2024428474","0.0833333"
"2055820261","2122548193","5.16667"
"2122548193","2055820261","5.16667"
"2055820261","2149048679","0.166667"
"2149048679","2055820261","0.166667"
"2120398388","2122548193","0.0833333"
"2122548193","2120398388","0.0833333"
"2120398388","2149048679","0.0833333"
"2149048679","2120398388","0.0833333"
"2122548193","2149048679","0.166667"
"2149048679","2122548193","0.166667"
"1523380656","2016389981","0.326923"
"2016389981","1523380656","0.326923"
"2016389981","2076296473","0.326923"
"2076296473","2016389981","0.326923"
"1523380656","2152123033","0.666667"
"2152123033","1523380656","0.666667"
"1998661617","2152123033","0.666667"
"2152123033","1998661617","0.666667"
"2076296473","2152123033","0.333333"
"2152123033","2076296473","0.333333"
"1523380656","1967350113","0.201923"
"1967350113","1523380656","0.201923"
"1523380656","2015861943","0.0769231"
"2015861943","1523380656","0.0769231"
"1523380656","2024224018","0.0769231"
"2024224018","1523380656","0.0769231"
"1523380656","2082199419","0.0769231"
"2082199419","1523380656","0.0769231"
"1964346230","2015861943","1.07692"
"2015861943","1964346230","1.07692"
"1964346230","2082199419","0.0769231"
"2082199419","1964346230","0.0769231"
"1967350113","2015861943","0.501166"
"2015861943","1967350113","0.501166"
"1967350113","2021198620","2.6095"
"2021198620","1967350113","2.6095"
"1967350113","2022565484","0.401923"
"2022565484","1967350113","0.401923"
"1967350113","2068825673","0.167832"
"2068825673","1967350113","0.167832"
"1967350113","2082199419","0.367832"
"2082199419","1967350113","0.367832"
"1998661617","2015861943","0.0769231"
"2015861943","1998661617","0.0769231"
"1998661617","2082199419","0.276923"
"2082199419","1998661617","0.276923"
"2015861943","2016361990","0.0769231"
"2016361990","2015861943","0.0769231"
"2015861943","2016389981","0.501166"
"2016389981","2015861943","0.501166"
"2015861943","2021198620","0.167832"
"2021198620","2015861943","0.167832"
"2015861943","2022565484","0.0769231"
"2022565484","2015861943","0.0769231"
"2015861943","2024224018","0.167832"
"2024224018","2015861943","0.167832"
"2015861943","2024428474","0.501166"
"2024428474","2015861943","0.501166"
"2015861943","2068825673","0.167832"
"2068825673","2015861943","0.167832"
"2015861943","2076296473","0.0769231"
"2076296473","2015861943","0.0769231"
"2015861943","2082199419","0.167832"
"2082199419","2015861943","0.167832"
"2016361990","2016389981","0.410256"
"2016389981","2016361990","0.410256"
"2016361990","2024224018","0.0769231"
"2024224018","2016361990","0.0769231"
"2016361990","2082199419","0.0769231"
"2082199419","2016361990","0.0769231"
"2016389981","2021198620","0.267832"
"2021198620","2016389981","0.267832"
"2016389981","2022565484","0.0769231"
"2022565484","2016389981","0.0769231"
"2016389981","2068825673","0.267832"
"2068825673","2016389981","0.267832"
"2016389981","2082199419","0.167832"
"2082199419","2016389981","0.167832"
"2021198620","2024224018","0.267832"
"2024224018","2021198620","0.267832"
"2021198620","2082199419","0.167832"
"2082199419","2021198620","0.167832"
"2022565484","2024224018","0.0769231"
"2024224018","2022565484","0.0769231"
"2022565484","2068825673","0.0769231"
"2068825673","2022565484","0.0769231"
"2022565484","2082199419","0.0769231"
"2082199419","2022565484","0.0769231"
"2024224018","2068825673","0.267832"
"2068825673","2024224018","0.267832"
"2024224018","2076296473","0.0769231"
"2076296473","2024224018","0.0769231"
"2024224018","2082199419","0.867832"
"2082199419","2024224018","0.867832"
"2024428474","2068825673","0.267832"
"2068825673","2024428474","0.267832"
"2024428474","2082199419","0.367832"
"2082199419","2024428474","0.367832"
"2068825673","2082199419","0.167832"
"2082199419","2068825673","0.167832"
"2076296473","2082199419","0.0769231"
"2082199419","2076296473","0.0769231"
"2152123033","2186791032","0.95"
"2186791032","2152123033","0.95"
"1967350113","1986268113","0.291667"
"1986268113","1967350113","0.291667"
"1531995374","1991013599","1.08333"
"1991013599","1531995374","1.08333"
"1531995374","1555428313","0.0833333"
"1555428313","1531995374","0.0833333"
"1531995374","1987107395","0.0833333"
"1987107395","1531995374","0.0833333"
"1531995374","2024224018","0.0833333"
"2024224018","1531995374","0.0833333"
"1531995374","2041935955","0.0833333"
"2041935955","1531995374","0.0833333"
"1531995374","2175098095","0.0833333"
"2175098095","1531995374","0.0833333"
"1555428313","1596338084","0.0833333"
"1596338084","1555428313","0.0833333"
"1555428313","193547928","0.0833333"
"193547928","1555428313","0.0833333"
"1555428313","1987107395","0.392857"
"1987107395","1555428313","0.392857"
"1555428313","1991013599","0.392857"
"1991013599","1555428313","0.392857"
"1555428313","2000295574","0.892857"
"2000295574","1555428313","0.892857"
"1555428313","2024224018","0.0833333"
"2024224018","1555428313","0.0833333"
"1555428313","2041935955","0.0833333"
"2041935955","1555428313","0.0833333"
"1555428313","2055820261","0.0833333"
"2055820261","1555428313","0.0833333"
"1555428313","2122548193","0.0833333"
"2122548193","1555428313","0.0833333"
"1555428313","2149048679","0.22619"
"2149048679","1555428313","0.22619"
"1555428313","2175098095","0.0833333"
"2175098095","1555428313","0.0833333"
"1596338084","1987107395","0.0833333"
"1987107395","1596338084","0.0833333"
"1596338084","1991013599","0.0833333"
"1991013599","1596338084","0.0833333"
"1596338084","2024224018","0.0833333"
"2024224018","1596338084","0.0833333"
"1596338084","2041935955","0.0833333"
"2041935955","1596338084","0.0833333"
"1596338084","2175098095","0.0833333"
"2175098095","1596338084","0.0833333"
"193547928","1987107395","0.0833333"
"1987107395","193547928","0.0833333"
"193547928","1991013599","0.0833333"
"1991013599","193547928","0.0833333"
"193547928","2024224018","0.0833333"
"2024224018","193547928","0.0833333"
"193547928","2041935955","0.0833333"
"2041935955","193547928","0.0833333"
"193547928","2175098095","0.0833333"
"2175098095","193547928","0.0833333"
"1987107395","1991013599","0.892857"
"1991013599","1987107395","0.892857"
"1987107395","2000295574","6.20952"
"2000295574","1987107395","6.20952"
"1987107395","2024224018","0.0833333"
"2024224018","1987107395","0.0833333"
"1987107395","2041935955","0.0833333"
"2041935955","1987107395","0.0833333"
"1987107395","2122548193","0.0833333"
"2122548193","1987107395","0.0833333"
"1987107395","2149048679","0.842857"
"2149048679","1987107395","0.842857"
"1991013599","2000295574","0.892857"
"2000295574","1991013599","0.892857"
"1991013599","2024224018","0.0833333"
"2024224018","1991013599","0.0833333"
"1991013599","2041935955","0.333333"
"2041935955","1991013599","0.333333"
"1991013599","2055820261","0.583333"
"2055820261","1991013599","0.583333"
"1991013599","2122548193","0.0833333"
"2122548193","1991013599","0.0833333"
"1991013599","2149048679","0.22619"
"2149048679","1991013599","0.22619"
"1991013599","2175098095","0.0833333"
"2175098095","1991013599","0.0833333"
"2000295574","2024224018","0.0833333"
"2024224018","2000295574","0.0833333"
"2000295574","2041935955","0.0833333"
"2041935955","2000295574","0.0833333"
"2024224018","2041935955","0.0833333"
"2041935955","2024224018","0.0833333"
"2024224018","2055820261","0.0833333"
"2055820261","2024224018","0.0833333"
"2024224018","2122548193","0.0833333"
"2122548193","2024224018","0.0833333"
"2024224018","2149048679","0.0833333"
"2149048679","2024224018","0.0833333"
"2024224018","2175098095","0.0833333"
"2175098095","2024224018","0.0833333"
"2041935955","2055820261","0.0833333"
"2055820261","2041935955","0.0833333"
"2041935955","2122548193","0.0833333"
"2122548193","2041935955","0.0833333"
"2041935955","2149048679","0.0833333"
"2149048679","2041935955","0.0833333"
"2041935955","2175098095","0.0833333"
"2175098095","2041935955","0.0833333"
"2122548193","2175098095","0.0833333"
"2175098095","2122548193","0.0833333"
"2149048679","2175098095","0.95"
"2175098095","2149048679","0.95"
"1531995374","1967350113","0.166667"
"1967350113","1531995374","0.166667"
"1531995374","1998661617","0.166667"
"1998661617","1531995374","0.166667"
"1531995374","2076296473","0.166667"
"2076296473","1531995374","0.166667"
"1531995374","2135971703","0.166667"
"2135971703","1531995374","0.166667"
"1967350113","2122548193","0.166667"
"2122548193","1967350113","0.166667"
"1998661617","2122548193","0.166667"
"2122548193","1998661617","0.166667"
"1998661617","2135971703","0.166667"
"2135971703","1998661617","0.166667"
"2076296473","2122548193","0.166667"
"2122548193","2076296473","0.166667"
"2076296473","2135971703","0.166667"
"2135971703","2076296473","0.166667"
"2122548193","2135971703","1.5"
"2135971703","2122548193","1.5"
"1531995374","2035983439","1"
"2035983439","1531995374","1"
"1553123407","1555428313","2.14286"
"1555428313","1553123407","2.14286"
"1553123407","2055820261","1.5"
"2055820261","1553123407","1.5"
"1553123407","2135971703","1"
"2135971703","1553123407","1"
"1553123407","1998661617","0.5"
"1998661617","1553123407","0.5"
"1555428313","1998661617","1.5"
"1998661617","1555428313","1.5"
"1553123407","1559935822","0.142857"
"1559935822","1553123407","0.142857"
"1553123407","1987107395","0.142857"
"1987107395","1553123407","0.142857"
"1553123407","1991013599","0.142857"
"1991013599","1553123407","0.142857"
"1553123407","2000295574","0.142857"
"2000295574","1553123407","0.142857"
"1553123407","2088307184","0.142857"
"2088307184","1553123407","0.142857"
"1553123407","2149048679","0.142857"
"2149048679","1553123407","0.142857"
"1555428313","1559935822","0.809524"
"1559935822","1555428313","0.809524"
"1555428313","2088307184","0.309524"
"2088307184","1555428313","0.309524"
"1559935822","1991013599","1.05952"
"1991013599","1559935822","1.05952"
"1559935822","2000295574","2.50952"
"2000295574","1559935822","2.50952"
"1559935822","2149048679","0.342857"
"2149048679","1559935822","0.342857"
"1991013599","2088307184","2.05952"
"2088307184","1991013599","2.05952"
"2000295574","2088307184","1.00952"
"2088307184","2000295574","1.00952"
"2088307184","2149048679","0.342857"
"2149048679","2088307184","0.342857"
"1553123407","2122548193","0.5"
"2122548193","1553123407","0.5"
"1553123407","1860396002","0.5"
"1860396002","1553123407","0.5"
"1555428313","1860396002","0.666667"
"1860396002","1555428313","0.666667"
"1860396002","1991013599","0.666667"
"1991013599","1860396002","0.666667"
"1559935822","2041935955","0.25"
"2041935955","1559935822","0.25"
"1991013599","2016361990","0.583333"
"2016361990","1991013599","0.583333"
"2016361990","2041935955","0.25"
"2041935955","2016361990","0.25"
"2041935955","2088307184","0.25"
"2088307184","2041935955","0.25"
"1591886962","1991013599","0.333333"
"1991013599","1591886962","0.333333"
"1964346230","1991013599","0.333333"
"1991013599","1964346230","0.333333"
"1596338084","2135971703","1"
"2135971703","1596338084","1"
"1860396002","2015861943","0.333333"
"2015861943","1860396002","0.333333"
"193547928","2015861943","0.333333"
"2015861943","193547928","0.333333"
"2000295574","2015861943","0.333333"
"2015861943","2000295574","0.333333"
"1991013599","2021198620","0.5"
"2021198620","1991013599","0.5"
"1964346230","2164455335","0.2"
"2164455335","1964346230","0.2"
"1967350113","2164455335","0.7"
"2164455335","1967350113","0.7"
"2016361990","2164455335","0.7"
"2164455335","2016361990","0.7"
"2021198620","2164455335","0.2"
"2164455335","2021198620","0.2"
"2120398388","2164455335","0.7"
"2164455335","2120398388","0.7"
"1964346230","1985118059","0.1"
"1985118059","1964346230","0.1"
"1985118059","1986268113","0.1"
"1986268113","1985118059","0.1"
"1985118059","1999894066","0.1"
"1999894066","1985118059","0.1"
"1985118059","2016389981","0.190909"
"2016389981","1985118059","0.190909"
"1985118059","2021198620","0.190909"
"2021198620","1985118059","0.190909"
"1985118059","2024224018","0.690909"
"2024224018","1985118059","0.690909"
"1985118059","2024428474","0.190909"
"2024428474","1985118059","0.190909"
"1985118059","2032751340","0.190909"
"2032751340","1985118059","0.190909"
"1985118059","2068825673","0.190909"
"2068825673","1985118059","0.190909"
"1985118059","2081085782","0.190909"
"2081085782","1985118059","0.190909"
"1986268113","1999894066","0.1"
"1999894066","1986268113","0.1"
"1986268113","2016389981","0.1"
"2016389981","1986268113","0.1"
"1986268113","2024224018","0.1"
"2024224018","1986268113","0.1"
"1986268113","2032751340","0.1"
"2032751340","1986268113","0.1"
"1986268113","2081085782","0.1"
"2081085782","1986268113","0.1"
"1999894066","2021198620","0.1"
"2021198620","1999894066","0.1"
"1999894066","2068825673","0.1"
"2068825673","1999894066","0.1"
"2021198620","2032751340","0.190909"
"2032751340","2021198620","0.190909"
"2021198620","2081085782","0.190909"
"2081085782","2021198620","0.190909"
"2032751340","2068825673","0.190909"
"2068825673","2032751340","0.190909"
"2068825673","2081085782","0.190909"
"2081085782","2068825673","0.190909"
"1964346230","2035983439","1"
"2035983439","1964346230","1"
"2024224018","2120398388","0.590909"
"2120398388","2024224018","0.590909"
"1964346230","2149048679","0.166667"
"2149048679","1964346230","0.166667"
"1964346230","2152123033","0.366667"
"2152123033","1964346230","0.366667"
"1987107395","2152123033","1.11667"
"2152123033","1987107395","1.11667"
"1987107395","2186791032","0.616667"
"2186791032","1987107395","0.616667"
"2000295574","2152123033","6.11667"
"2152123033","2000295574","6.11667"
"2149048679","2152123033","5.41667"
"2152123033","2149048679","5.41667"
"2149048679","2186791032","0.916667"
"2186791032","2149048679","0.916667"
"2152123033","2175098095","0.366667"
"2175098095","2152123033","0.366667"
"1964346230","2168314028","1"
"2168314028","1964346230","1"
"1964346230","2032387160","0.333333"
"2032387160","1964346230","0.333333"
"1986268113","2032387160","0.333333"
"2032387160","1986268113","0.333333"
"2021198620","2032387160","0.333333"
"2032387160","2021198620","0.333333"
"1967350113","1985118059","0.0909091"
"1985118059","1967350113","0.0909091"
"1985118059","2015861943","0.0909091"
"2015861943","1985118059","0.0909091"
"1985118059","2082199419","0.590909"
"2082199419","1985118059","0.590909"
"1985118059","2120398388","0.0909091"
