"106621143","1977171681","1.01869"
"1977171681","106621143","1.01869"
"106621143","2079361215","1.13081"
"2079361215","106621143","1.13081"
"106621143","2097703350","0.564141"
"2097703350","106621143","0.564141"
"106621143","2341627671","0.818687"
"2341627671","106621143","0.818687"
"106621143","2402435489","0.379798"
"2402435489","106621143","0.379798"
"106621143","2735785486","0.435354"
"2735785486","106621143","0.435354"
"1977171681","2079361215","20.1137"
"2079361215","1977171681","20.1137"
"1977171681","2097703350","1.65855"
"2097703350","1977171681","1.65855"
"1977171681","2341627671","4.37565"
"2341627671","1977171681","4.37565"
"1977171681","2402435489","0.809926"
"2402435489","1977171681","0.809926"
"1977171681","2735785486","0.942405"
"2735785486","1977171681","0.942405"
"2079361215","2097703350","3.83222"
"2097703350","2079361215","3.83222"
"2079361215","2341627671","13.0027"
"2341627671","2079361215","13.0027"
"2079361215","2402435489","1.1127"
"2402435489","2079361215","1.1127"
"2079361215","2735785486","1.44518"
"2735785486","2079361215","1.44518"
"2097703350","2341627671","10.1762"
"2341627671","2097703350","10.1762"
"2097703350","2402435489","4.96649"
"2402435489","2097703350","4.96649"
"2097703350","2735785486","4.89897"
"2735785486","2097703350","4.89897"
"2341627671","2402435489","3.23636"
"2402435489","2341627671","3.23636"
"2341627671","2735785486","4.21884"
"2735785486","2341627671","4.21884"
"2402435489","2735785486","15.5915"
"2735785486","2402435489","15.5915"
"106621143","1481232215","1.82323"
"1481232215","106621143","1.82323"
"106621143","1753951212","0.630808"
"1753951212","106621143","0.630808"
"106621143","2011191813","0.697475"
"2011191813","106621143","0.697475"
"106621143","2054655136","0.994444"
"2054655136","106621143","0.994444"
"106621143","2070333970","1.86111"
"2070333970","106621143","1.86111"
"106621143","2108706544","0.906566"
"2108706544","106621143","0.906566"
"106621143","2116838486","1.23535"
"2116838486","106621143","1.23535"
"106621143","2154549366","0.706566"
"2154549366","106621143","0.706566"
"106621143","2168143534","0.605556"
"2168143534","106621143","0.605556"
"106621143","2404779194","0.244444"
"2404779194","106621143","0.244444"
"106621143","2432267564","0.591919"
"2432267564","106621143","0.591919"
"1481232215","1753951212","0.539899"
"1753951212","1481232215","0.539899"
"1481232215","2011191813","0.973995"
"2011191813","1481232215","0.973995"
"1481232215","2054655136","1.16935"
"2054655136","1481232215","1.16935"
"1481232215","2070333970","1.49915"
"2070333970","1481232215","1.49915"
"1481232215","2079361215","1.88306"
"2079361215","1481232215","1.88306"
"1481232215","2097703350","0.717585"
"2097703350","1481232215","0.717585"
"1481232215","2108706544","1.35925"
"2108706544","1481232215","1.35925"
"1481232215","2116838486","0.922222"
"2116838486","1481232215","0.922222"
"1481232215","2154549366","0.828361"
"2154549366","1481232215","0.828361"
"1481232215","2168143534","0.560684"
"2168143534","1481232215","0.560684"
"1481232215","2402435489","0.160684"
"2402435489","1481232215","0.160684"
"1481232215","2404779194","0.282906"
"2404779194","1481232215","0.282906"
"1481232215","2432267564","0.962121"
"2432267564","1481232215","0.962121"
"1481232215","2735785486","0.216239"
"2735785486","1481232215","0.216239"
"1753951212","2011191813","0.630808"
"2011191813","1753951212","0.630808"
"1753951212","2054655136","0.327778"
"2054655136","1753951212","0.327778"
"1753951212","2070333970","0.327778"
"2070333970","1753951212","0.327778"
"1753951212","2079361215","0.630808"
"2079361215","1753951212","0.630808"
"1753951212","2097703350","0.397475"
"2097703350","1753951212","0.397475"
"1753951212","2108706544","0.373232"
"2108706544","1753951212","0.373232"
"1753951212","2116838486","0.435354"
"2116838486","1753951212","0.435354"
"1753951212","2154549366","0.373232"
"2154549366","1753951212","0.373232"
"1753951212","2168143534","0.272222"
"2168143534","1753951212","0.272222"
"1753951212","2402435489","0.213131"
"2402435489","1753951212","0.213131"
"1753951212","2404779194","0.244444"
"2404779194","1753951212","0.244444"
"1753951212","2432267564","0.508586"
"2432267564","1753951212","0.508586"
"1753951212","2735785486","0.268687"
"2735785486","1753951212","0.268687"
"2011191813","2054655136","0.675763"
"2054655136","2011191813","0.675763"
"2011191813","2070333970","0.850311"
"2070333970","2011191813","0.850311"
"2011191813","2079361215","3.85688"
"2079361215","2011191813","3.85688"
"2011191813","2097703350","3.16742"
"2097703350","2011191813","3.16742"
"2011191813","2108706544","0.732329"
"2108706544","2011191813","0.732329"
"2011191813","2116838486","3.17398"
"2116838486","2011191813","3.17398"
"2011191813","2154549366","0.478361"
"2154549366","2011191813","0.478361"
"2011191813","2168143534","0.37735"
"2168143534","2011191813","0.37735"
"2011191813","2402435489","0.658158"
"2402435489","2011191813","0.658158"
"2011191813","2404779194","0.745027"
"2404779194","2011191813","0.745027"
"2011191813","2432267564","0.776263"
"2432267564","2011191813","0.776263"
"2011191813","2735785486","1.99064"
"2735785486","2011191813","1.99064"
"2054655136","2070333970","1.31542"
"2070333970","2054655136","1.31542"
"2054655136","2079361215","3.12054"
"2079361215","2054655136","3.12054"
"2054655136","2097703350","0.744353"
"2097703350","2054655136","0.744353"
"2054655136","2108706544","1.49673"
"2108706544","2054655136","1.49673"
"2054655136","2116838486","0.944444"
"2116838486","2054655136","0.944444"
"2054655136","2154549366","1.44362"
"2154549366","2054655136","1.44362"
"2054655136","2168143534","1.05473"
"2168143534","2054655136","1.05473"
"2054655136","2402435489","0.160684"
"2402435489","2054655136","0.160684"
"2054655136","2404779194","0.282906"
"2404779194","2054655136","0.282906"
"2054655136","2432267564","0.788889"
"2432267564","2054655136","0.788889"
"2054655136","2735785486","0.216239"
"2735785486","2054655136","0.216239"
"2070333970","2079361215","3.71295"
"2079361215","2070333970","3.71295"
"2070333970","2097703350","0.918901"
"2097703350","2070333970","0.918901"
"2070333970","2108706544","1.82653"
"2108706544","2070333970","1.82653"
"2070333970","2116838486","1.29198"
"2116838486","2070333970","1.29198"
"2070333970","2154549366","1.23849"
"2154549366","2070333970","1.23849"
"2070333970","2168143534","1.01627"
"2168143534","2070333970","1.01627"
"2070333970","2402435489","0.122222"
"2402435489","2070333970","0.122222"
"2070333970","2404779194","0.244444"
"2404779194","2070333970","0.244444"
"2070333970","2432267564","0.625"
"2432267564","2070333970","0.625"
"2070333970","2735785486","0.254701"
"2735785486","2070333970","0.254701"
"2079361215","2108706544","2.21044"
"2108706544","2079361215","2.21044"
"2079361215","2116838486","6.32971"
"2116838486","2079361215","6.32971"
"2079361215","2154549366","1.48907"
"2154549366","2079361215","1.48907"
"2079361215","2168143534","1.38806"
"2168143534","2079361215","1.38806"
"2079361215","2404779194","0.699573"
"2404779194","2079361215","0.699573"
"2079361215","2432267564","1.87247"
"2432267564","2079361215","1.87247"
"2097703350","2108706544","0.800919"
"2108706544","2097703350","0.800919"
"2097703350","2116838486","4.74183"
"2116838486","2097703350","4.74183"
"2097703350","2154549366","0.470027"
"2154549366","2097703350","0.470027"
"2097703350","2168143534","0.369017"
"2168143534","2097703350","0.369017"
"2097703350","2404779194","0.755284"
"2404779194","2097703350","0.755284"
"2097703350","2432267564","4.04571"
"2432267564","2097703350","4.04571"
"2108706544","2116838486","0.755556"
"2116838486","2108706544","0.755556"
"2108706544","2154549366","1.32241"
"2154549366","2108706544","1.32241"
"2108706544","2168143534","1.38806"
"2168143534","2108706544","1.38806"
"2108706544","2402435489","0.160684"
"2402435489","2108706544","0.160684"
"2108706544","2404779194","0.282906"
"2404779194","2108706544","0.282906"
"2108706544","2432267564","0.612121"
"2432267564","2108706544","0.612121"
"2108706544","2735785486","0.216239"
"2735785486","2108706544","0.216239"
"2116838486","2154549366","0.611111"
"2154549366","2116838486","0.611111"
"2116838486","2168143534","0.388889"
"2168143534","2116838486","0.388889"
"2116838486","2402435489","1.88636"
"2402435489","2116838486","1.88636"
"2116838486","2404779194","1.47323"
"2404779194","2116838486","1.47323"
"2116838486","2432267564","3.48914"
"2432267564","2116838486","3.48914"
"2116838486","2735785486","2.46884"
"2735785486","2116838486","2.46884"
"2154549366","2168143534","1.05473"
"2168143534","2154549366","1.05473"
"2154549366","2402435489","0.160684"
"2402435489","2154549366","0.160684"
"2154549366","2404779194","0.282906"
"2404779194","2154549366","0.282906"
"2154549366","2432267564","0.334343"
"2432267564","2154549366","0.334343"
"2154549366","2735785486","0.216239"
"2735785486","2154549366","0.216239"
"2168143534","2402435489","0.160684"
"2402435489","2168143534","0.160684"
"2168143534","2404779194","0.22735"
"2404779194","2168143534","0.22735"
"2168143534","2432267564","0.0666667"
"2432267564","2168143534","0.0666667"
"2168143534","2735785486","0.160684"
"2735785486","2168143534","0.160684"
"2402435489","2404779194","0.206138"
"2404779194","2402435489","0.206138"
"2402435489","2432267564","0.830808"
"2432267564","2402435489","0.830808"
"2404779194","2432267564","0.167677"
"2432267564","2404779194","0.167677"
"2404779194","2735785486","0.261694"
"2735785486","2404779194","0.261694"
"2432267564","2735785486","1.48636"
"2735785486","2432267564","1.48636"
"106621143","2085843229","0.455556"
"2085843229","106621143","0.455556"
"1481232215","2085843229","0.455556"
"2085843229","1481232215","0.455556"
"2070333970","2085843229","0.455556"
"2085843229","2070333970","0.455556"
"2085843229","2108706544","0.455556"
"2108706544","2085843229","0.455556"
"2085843229","2116838486","0.367677"
"2116838486","2085843229","0.367677"
"106621143","1997299274","0.167677"
"1997299274","106621143","0.167677"
"106621143","2067877017","0.597475"
"2067877017","106621143","0.597475"
"106621143","2232801052","0.167677"
"2232801052","106621143","0.167677"
"1481232215","1977171681","1.35427"
"1977171681","1481232215","1.35427"
"1481232215","1997299274","0.206138"
"1997299274","1481232215","0.206138"
"1481232215","2067877017","0.461694"
"2067877017","1481232215","0.461694"
"1481232215","2232801052","0.206138"
"2232801052","1481232215","0.206138"
"1481232215","2341627671","0.880891"
"2341627671","1481232215","0.880891"
"1753951212","1977171681","0.518687"
"1977171681","1753951212","0.518687"
"1753951212","1997299274","0.167677"
"1997299274","1753951212","0.167677"
"1753951212","2067877017","0.330808"
"2067877017","1753951212","0.330808"
"1753951212","2232801052","0.167677"
"2232801052","1753951212","0.167677"
"1753951212","2341627671","0.518687"
"2341627671","1753951212","0.518687"
"1977171681","1997299274","0.160684"
"1997299274","1977171681","0.160684"
"1977171681","2011191813","1.70107"
"2011191813","1977171681","1.70107"
"1977171681","2054655136","2.95388"
"2054655136","1977171681","2.95388"
"1977171681","2067877017","1.85834"
"2067877017","1977171681","1.85834"
"1977171681","2070333970","2.18871"
"2070333970","1977171681","2.18871"
"1977171681","2108706544","1.73165"
"2108706544","1977171681","1.73165"
"1977171681","2116838486","2.04317"
"2116838486","1977171681","2.04317"
"1977171681","2154549366","1.37695"
"2154549366","1977171681","1.37695"
"1977171681","2232801052","0.160684"
"2232801052","1977171681","0.160684"
"1977171681","2404779194","0.216239"
"2404779194","1977171681","0.216239"
"1977171681","2432267564","1.35758"
"2432267564","1977171681","1.35758"
"1997299274","2011191813","0.351593"
"2011191813","1997299274","0.351593"
"1997299274","2054655136","0.260684"
"2054655136","1997299274","0.260684"
"1997299274","2067877017","0.139472"
"2067877017","1997299274","0.139472"
"1997299274","2070333970","0.122222"
"2070333970","1997299274","0.122222"
"1997299274","2079361215","0.448995"
"2079361215","1997299274","0.448995"
"1997299274","2097703350","0.427783"
"2097703350","1997299274","0.427783"
"1997299274","2108706544","0.206138"
"2108706544","1997299274","0.206138"
"1997299274","2116838486","0.493867"
"2116838486","1997299274","0.493867"
"1997299274","2154549366","0.206138"
"2154549366","1997299274","0.206138"
"1997299274","2232801052","7.64445"
"2232801052","1997299274","7.64445"
"1997299274","2341627671","0.517677"
"2341627671","1997299274","0.517677"
"1997299274","2404779194","3.45614"
"2404779194","1997299274","3.45614"
"1997299274","2432267564","0.146465"
"2432267564","1997299274","0.146465"
"1997299274","2735785486","0.139472"
"2735785486","1997299274","0.139472"
"2011191813","2067877017","0.435936"
"2067877017","2011191813","0.435936"
"2011191813","2232801052","0.251593"
"2232801052","2011191813","0.251593"
"2011191813","2341627671","3.53906"
"2341627671","2011191813","3.53906"
"2054655136","2067877017","0.76743"
"2067877017","2054655136","0.76743"
"2054655136","2232801052","0.160684"
"2232801052","2054655136","0.160684"
"2054655136","2341627671","0.714225"
"2341627671","2054655136","0.714225"
"2067877017","2070333970","0.928968"
"2070333970","2067877017","0.928968"
"2067877017","2079361215","2.60379"
"2079361215","2067877017","2.60379"
"2067877017","2097703350","0.74427"
"2097703350","2067877017","0.74427"
"2067877017","2108706544","1.01288"
"2108706544","2067877017","1.01288"
"2067877017","2116838486","0.40202"
"2116838486","2067877017","0.40202"
"2067877017","2154549366","0.812884"
"2154549366","2067877017","0.812884"
"2067877017","2232801052","0.472805"
"2232801052","2067877017","0.472805"
"2067877017","2341627671","0.55202"
"2341627671","2067877017","0.55202"
"2067877017","2404779194","0.149573"
"2404779194","2067877017","0.149573"
"2067877017","2432267564","0.191919"
"2432267564","2067877017","0.191919"
"2067877017","2735785486","0.240482"
"2735785486","2067877017","0.240482"
"2070333970","2232801052","0.122222"
"2232801052","2070333970","0.122222"
"2070333970","2341627671","1.39112"
"2341627671","2070333970","1.39112"
"2079361215","2232801052","0.348995"
"2232801052","2079361215","0.348995"
"2097703350","2232801052","0.327783"
"2232801052","2097703350","0.327783"
"2108706544","2232801052","0.206138"
"2232801052","2108706544","0.206138"
"2108706544","2341627671","0.814225"
"2341627671","2108706544","0.814225"
"2116838486","2232801052","0.493867"
"2232801052","2116838486","0.493867"
"2116838486","2341627671","11.8212"
"2341627671","2116838486","11.8212"
"2154549366","2232801052","0.206138"
"2232801052","2154549366","0.206138"
"2154549366","2341627671","0.394444"
"2341627671","2154549366","0.394444"
"2232801052","2341627671","0.417677"
"2341627671","2232801052","0.417677"
"2232801052","2404779194","4.70614"
"2404779194","2232801052","4.70614"
"2232801052","2432267564","0.146465"
"2432267564","2232801052","0.146465"
"2232801052","2735785486","0.139472"
"2735785486","2232801052","0.139472"
"2341627671","2404779194","1.96682"
"2404779194","2341627671","1.96682"
"2341627671","2432267564","4.56136"
"2432267564","2341627671","4.56136"
"1977171681","2168143534","1.3214"
"2168143534","1977171681","1.3214"
"2067877017","2168143534","1.04521"
"2168143534","2067877017","1.04521"
"2168143534","2341627671","0.338889"
"2341627671","2168143534","0.338889"
"2067877017","2402435489","0.184926"
"2402435489","2067877017","0.184926"
"1753951212","2085843229","0.122222"
"2085843229","1753951212","0.122222"
"1977171681","2085843229","0.255556"
"2085843229","1977171681","0.255556"
"2011191813","2085843229","0.234343"
"2085843229","2011191813","0.234343"
"2054655136","2085843229","0.255556"
"2085843229","2054655136","0.255556"
"2067877017","2085843229","0.122222"
"2085843229","2067877017","0.122222"
"2079361215","2085843229","0.255556"
"2085843229","2079361215","0.255556"
"2085843229","2097703350","0.448232"
"2097703350","2085843229","0.448232"
"2085843229","2154549366","0.255556"
"2154549366","2085843229","0.255556"
"2085843229","2168143534","0.255556"
"2168143534","2085843229","0.255556"
"2085843229","2341627671","0.55101"
"2341627671","2085843229","0.55101"
"2085843229","2402435489","0.10101"
"2402435489","2085843229","0.10101"
"2085843229","2404779194","0.167677"
"2404779194","2085843229","0.167677"
"2085843229","2735785486","0.10101"
"2735785486","2085843229","0.10101"
"106621143","1987111416","0.112121"
"1987111416","106621143","0.112121"
"106621143","2117769694","0.0666667"
"2117769694","106621143","0.0666667"
"106621143","2158170260","0.178788"
"2158170260","106621143","0.178788"
"106621143","2341465005","0.0666667"
"2341465005","106621143","0.0666667"
"1481232215","1987111416","0.84344"
"1987111416","1481232215","0.84344"
"1481232215","2117769694","0.0666667"
"2117769694","1481232215","0.0666667"
"1481232215","2158170260","0.560839"
"2158170260","1481232215","0.560839"
"1481232215","2341465005","0.760256"
"2341465005","1481232215","0.760256"
"1977171681","1987111416","0.371795"
"1987111416","1977171681","0.371795"
"1977171681","2117769694","0.0666667"
"2117769694","1977171681","0.0666667"
"1977171681","2158170260","0.995421"
"2158170260","1977171681","0.995421"
"1977171681","2341465005","0.829701"
"2341465005","1977171681","0.829701"
"1987111416","2054655136","0.414652"
"2054655136","1987111416","0.414652"
"1987111416","2070333970","0.166667"
"2070333970","1987111416","0.166667"
"1987111416","2079361215","0.528361"
"2079361215","1987111416","0.528361"
"1987111416","2085843229","0.334343"
"2085843229","1987111416","0.334343"
"1987111416","2108706544","0.460107"
"2108706544","1987111416","0.460107"
"1987111416","2116838486","0.856566"
"2116838486","1987111416","0.856566"
"1987111416","2117769694","0.0666667"
"2117769694","1987111416","0.0666667"
"1987111416","2154549366","0.317249"
"2154549366","1987111416","0.317249"
"1987111416","2158170260","0.250583"
"2158170260","1987111416","0.250583"
"1987111416","2168143534","0.438462"
"2168143534","1987111416","0.438462"
"1987111416","2341465005","0.212121"
"2341465005","1987111416","0.212121"
"1987111416","2341627671","0.766089"
"2341627671","1987111416","0.766089"
"2054655136","2117769694","0.166667"
"2117769694","2054655136","0.166667"
"2054655136","2158170260","0.391575"
"2158170260","2054655136","0.391575"
"2054655136","2341465005","0.14359"
"2341465005","2054655136","0.14359"
"2070333970","2117769694","0.0666667"
"2117769694","2070333970","0.0666667"
"2070333970","2158170260","1.41454"
"2158170260","2070333970","1.41454"
"2070333970","2341465005","0.635256"
"2341465005","2070333970","0.635256"
"2079361215","2117769694","0.166667"
"2117769694","2079361215","0.166667"
"2079361215","2158170260","1.49845"
"2158170260","2079361215","1.49845"
"2079361215","2341465005","1.99637"
"2341465005","2079361215","1.99637"
"2085843229","2117769694","0.0666667"
"2117769694","2085843229","0.0666667"
"2085843229","2158170260","0.133333"
"2158170260","2085843229","0.133333"
"2085843229","2341465005","0.112121"
"2341465005","2085843229","0.112121"
"2108706544","2117769694","0.0666667"
"2117769694","2108706544","0.0666667"
"2108706544","2158170260","0.803696"
"2158170260","2108706544","0.803696"
"2108706544","2341465005","0.310256"
"2341465005","2108706544","0.310256"
"2116838486","2117769694","0.0666667"
"2117769694","2116838486","0.0666667"
"2116838486","2158170260","0.311422"
"2158170260","2116838486","0.311422"
"2116838486","2341465005","0.237121"
"2341465005","2116838486","0.237121"
"2117769694","2154549366","0.0666667"
"2154549366","2117769694","0.0666667"
"2117769694","2158170260","0.0666667"
"2158170260","2117769694","0.0666667"
"2117769694","2168143534","0.0666667"
"2168143534","2117769694","0.0666667"
"2117769694","2341465005","0.0666667"
"2341465005","2117769694","0.0666667"
"2117769694","2341627671","0.166667"
"2341627671","2117769694","0.166667"
"2154549366","2158170260","0.360107"
"2158170260","2154549366","0.360107"
"2154549366","2341465005","0.0666667"
"2341465005","2154549366","0.0666667"
"2158170260","2168143534","0.314652"
"2168143534","2158170260","0.314652"
"2158170260","2341465005","0.410256"
"2341465005","2158170260","0.410256"
"2158170260","2341627671","1.00501"
"2341627671","2158170260","1.00501"
"2168143534","2341465005","0.0666667"
"2341465005","2168143534","0.0666667"
"2341465005","2341627671","0.664044"
"2341627671","2341465005","0.664044"
"1997299274","2085843229","0.112121"
"2085843229","1997299274","0.112121"
"1997299274","2168143534","0.105128"
"2168143534","1997299274","0.105128"
"2085843229","2232801052","0.112121"
"2232801052","2085843229","0.112121"
"2168143534","2232801052","0.105128"
"2232801052","2168143534","0.105128"
"106621143","1573605934","0.0666667"
"1573605934","106621143","0.0666667"
"106621143","2015887370","0.0666667"
"2015887370","106621143","0.0666667"
"1481232215","1573605934","0.366667"
"1573605934","1481232215","0.366667"
"1481232215","2015887370","0.309524"
"2015887370","1481232215","0.309524"
"1573605934","1977171681","0.81337"
"1977171681","1573605934","0.81337"
"1573605934","2011191813","1.2914"
"2011191813","1573605934","1.2914"
"1573605934","2015887370","6.28981"
"2015887370","1573605934","6.28981"
"1573605934","2054655136","0.0666667"
"2054655136","1573605934","0.0666667"
"1573605934","2067877017","0.316667"
"2067877017","1573605934","0.316667"
"1573605934","2070333970","0.511422"
"2070333970","1573605934","0.511422"
"1573605934","2079361215","5.22928"
"2079361215","1573605934","5.22928"
"1573605934","2085843229","0.412121"
"2085843229","1573605934","0.412121"
"1573605934","2108706544","0.0666667"
"2108706544","1573605934","0.0666667"
"1573605934","2154549366","0.0666667"
"2154549366","1573605934","0.0666667"
"1573605934","2158170260","1.07809"
"2158170260","1573605934","1.07809"
"1573605934","2168143534","0.0666667"
"2168143534","1573605934","0.0666667"
"1573605934","2341627671","1.87473"
"2341627671","1573605934","1.87473"
"1977171681","2015887370","0.93837"
"2015887370","1977171681","0.93837"
"2011191813","2015887370","1.63584"
"2015887370","2011191813","1.63584"
"2011191813","2158170260","0.495338"
"2158170260","2011191813","0.495338"
"2015887370","2054655136","0.166667"
"2054655136","2015887370","0.166667"
"2015887370","2067877017","0.566667"
"2067877017","2015887370","0.566667"
"2015887370","2070333970","0.636422"
"2070333970","2015887370","0.636422"
"2015887370","2079361215","4.26539"
"2079361215","2015887370","4.26539"
"2015887370","2085843229","1.02736"
"2085843229","2015887370","1.02736"
"2015887370","2108706544","0.0666667"
"2108706544","2015887370","0.0666667"
"2015887370","2154549366","0.0666667"
"2154549366","2015887370","0.0666667"
"2015887370","2158170260","0.411422"
"2158170260","2015887370","0.411422"
"2015887370","2168143534","0.0666667"
"2168143534","2015887370","0.0666667"
"2015887370","2341627671","6.4711"
"2341627671","2015887370","6.4711"
"2067877017","2158170260","0.683916"
"2158170260","2067877017","0.683916"
"106621143","2075949491","0.0454545"
"2075949491","106621143","0.0454545"
"106621143","2079040080","0.0454545"
"2079040080","106621143","0.0454545"
"106621143","2097804851","0.0454545"
"2097804851","106621143","0.0454545"
"106621143","2105481965","0.0454545"
"2105481965","106621143","0.0454545"
"106621143","2180566385","0.0454545"
"2180566385","106621143","0.0454545"
"106621143","2405818311","0.0454545"
"2405818311","106621143","0.0454545"
"106621143","2879929106","0.0454545"
"2879929106","106621143","0.0454545"
"106621143","2969639627","0.0454545"
"2969639627","106621143","0.0454545"
"106621143","6581905","0.0454545"
"6581905","106621143","0.0454545"
"1481232215","2075949491","0.0454545"
"2075949491","1481232215","0.0454545"
"1481232215","2079040080","0.0839161"
"2079040080","1481232215","0.0839161"
"1481232215","2097804851","0.0454545"
"2097804851","1481232215","0.0454545"
"1481232215","2105481965","0.208916"
"2105481965","1481232215","0.208916"
"1481232215","2180566385","0.283916"
"2180566385","1481232215","0.283916"
"1481232215","2405818311","0.188312"
"2405818311","1481232215","0.188312"
"1481232215","2879929106","0.0454545"
"2879929106","1481232215","0.0454545"
"1481232215","2969639627","0.0839161"
"2969639627","1481232215","0.0839161"
"1481232215","6581905","0.0839161"
"6581905","1481232215","0.0839161"
"1753951212","1987111416","0.295455"
"1987111416","1753951212","0.295455"
"1753951212","2075949491","0.0454545"
"2075949491","1753951212","0.0454545"
"1753951212","2079040080","0.0454545"
"2079040080","1753951212","0.0454545"
"1753951212","2097804851","0.0454545"
"2097804851","1753951212","0.0454545"
"1753951212","2105481965","0.0454545"
"2105481965","1753951212","0.0454545"
"1753951212","2158170260","0.0454545"
"2158170260","1753951212","0.0454545"
"1753951212","2180566385","0.0454545"
"2180566385","1753951212","0.0454545"
"1753951212","2405818311","0.0454545"
"2405818311","1753951212","0.0454545"
"1753951212","2879929106","0.0454545"
"2879929106","1753951212","0.0454545"
"1753951212","2969639627","0.0454545"
"2969639627","1753951212","0.0454545"
"1753951212","6581905","0.0454545"
"6581905","1753951212","0.0454545"
"1987111416","1997299274","0.129371"
"1997299274","1987111416","0.129371"
"1987111416","2011191813","0.583339"
"2011191813","1987111416","0.583339"
"1987111416","2067877017","0.667249"
"2067877017","1987111416","0.667249"
"1987111416","2075949491","0.10101"
"2075949491","1987111416","0.10101"
"1987111416","2079040080","1.33392"
"2079040080","1987111416","1.33392"
"1987111416","2097703350","2.23889"
"2097703350","1987111416","2.23889"
"1987111416","2097804851","0.0454545"
"2097804851","1987111416","0.0454545"
"1987111416","2105481965","0.750583"
"2105481965","1987111416","0.750583"
"1987111416","2180566385","4.4228"
"2180566385","1987111416","4.4228"
"1987111416","2232801052","0.379371"
"2232801052","1987111416","0.379371"
"1987111416","2405818311","1.09091"
"2405818311","1987111416","1.09091"
"1987111416","2432267564","1.60202"
"2432267564","1987111416","1.60202"
"1987111416","2879929106","0.378788"
"2879929106","1987111416","0.378788"
"1987111416","2969639627","0.417249"
"2969639627","1987111416","0.417249"
"1987111416","6581905","0.417249"
"6581905","1987111416","0.417249"
"1997299274","2075949491","0.0454545"
"2075949491","1997299274","0.0454545"
"1997299274","2079040080","0.0839161"
"2079040080","1997299274","0.0839161"
"1997299274","2097804851","0.145455"
"2097804851","1997299274","0.145455"
"1997299274","2105481965","0.0839161"
"2105481965","1997299274","0.0839161"
"1997299274","2158170260","0.0839161"
"2158170260","1997299274","0.0839161"
"1997299274","2180566385","0.0839161"
"2180566385","1997299274","0.0839161"
"1997299274","2405818311","0.0909091"
"2405818311","1997299274","0.0909091"
"1997299274","2879929106","0.0454545"
"2879929106","1997299274","0.0454545"
"1997299274","2969639627","0.0839161"
"2969639627","1997299274","0.0839161"
"1997299274","6581905","0.0839161"
"6581905","1997299274","0.0839161"
"2011191813","2075949491","0.0454545"
"2075949491","2011191813","0.0454545"
"2011191813","2079040080","0.0839161"
"2079040080","2011191813","0.0839161"
"2011191813","2097804851","0.645455"
"2097804851","2011191813","0.645455"
"2011191813","2105481965","0.208916"
"2105481965","2011191813","0.208916"
"2011191813","2180566385","1.28392"
"2180566385","2011191813","1.28392"
"2011191813","2405818311","0.0909091"
"2405818311","2011191813","0.0909091"
"2011191813","2879929106","0.0454545"
"2879929106","2011191813","0.0454545"
"2011191813","2969639627","0.0839161"
"2969639627","2011191813","0.0839161"
"2011191813","6581905","0.0839161"
"6581905","2011191813","0.0839161"
"2067877017","2075949491","0.0454545"
"2075949491","2067877017","0.0454545"
"2067877017","2079040080","0.333916"
"2079040080","2067877017","0.333916"
"2067877017","2097804851","0.0454545"
"2097804851","2067877017","0.0454545"
"2067877017","2105481965","0.0839161"
"2105481965","2067877017","0.0839161"
"2067877017","2180566385","0.333916"
"2180566385","2067877017","0.333916"
"2067877017","2405818311","0.0454545"
"2405818311","2067877017","0.0454545"
"2067877017","2879929106","0.0454545"
"2879929106","2067877017","0.0454545"
"2067877017","2969639627","0.0839161"
"2969639627","2067877017","0.0839161"
"2067877017","6581905","0.0839161"
"6581905","2067877017","0.0839161"
"2075949491","2079040080","0.378788"
"2079040080","2075949491","0.378788"
"2075949491","2079361215","0.878788"
"2079361215","2075949491","0.878788"
"2075949491","2097703350","0.10101"
"2097703350","2075949491","0.10101"
"2075949491","2097804851","0.0454545"
"2097804851","2075949491","0.0454545"
"2075949491","2105481965","0.0454545"
"2105481965","2075949491","0.0454545"
"2075949491","2108706544","0.0454545"
"2108706544","2075949491","0.0454545"
"2075949491","2154549366","0.0454545"
"2154549366","2075949491","0.0454545"
"2075949491","2158170260","0.0454545"
"2158170260","2075949491","0.0454545"
"2075949491","2180566385","5.00244"
"2180566385","2075949491","5.00244"
"2075949491","2232801052","0.0454545"
"2232801052","2075949491","0.0454545"
"2075949491","2405818311","0.170455"
"2405818311","2075949491","0.170455"
"2075949491","2432267564","0.0454545"
"2432267564","2075949491","0.0454545"
"2075949491","2879929106","0.0454545"
"2879929106","2075949491","0.0454545"
"2075949491","2969639627","0.0454545"
"2969639627","2075949491","0.0454545"
"2075949491","6581905","0.0454545"
"6581905","2075949491","0.0454545"
"2079040080","2079361215","0.417249"
"2079361215","2079040080","0.417249"
"2079040080","2097703350","0.688617"
"2097703350","2079040080","0.688617"
"2079040080","2097804851","0.0454545"
"2097804851","2079040080","0.0454545"
"2079040080","2105481965","0.417249"
"2105481965","2079040080","0.417249"
"2079040080","2108706544","0.0839161"
"2108706544","2079040080","0.0839161"
"2079040080","2154549366","0.0839161"
"2154549366","2079040080","0.0839161"
"2079040080","2158170260","0.0839161"
"2158170260","2079040080","0.0839161"
"2079040080","2180566385","11.2053"
"2180566385","2079040080","11.2053"
"2079040080","2232801052","0.0839161"
"2232801052","2079040080","0.0839161"
"2079040080","2405818311","0.189044"
"2405818311","2079040080","0.189044"
"2079040080","2432267564","0.556566"
"2432267564","2079040080","0.556566"
"2079040080","2879929106","0.983489"
"2879929106","2079040080","0.983489"
"2079040080","2969639627","2.45528"
"2969639627","2079040080","2.45528"
"2079040080","6581905","0.683916"
"6581905","2079040080","0.683916"
"2079361215","2097804851","1.64545"
"2097804851","2079361215","1.64545"
"2079361215","2105481965","0.0839161"
"2105481965","2079361215","0.0839161"
"2079361215","2180566385","2.91725"
"2180566385","2079361215","2.91725"
"2079361215","2405818311","0.378788"
"2405818311","2079361215","0.378788"
"2079361215","2879929106","0.0454545"
"2879929106","2079361215","0.0454545"
"2079361215","2969639627","0.0839161"
"2969639627","2079361215","0.0839161"
"2079361215","6581905","0.0839161"
"6581905","2079361215","0.0839161"
"2097703350","2097804851","0.145455"
"2097804851","2097703350","0.145455"
"2097703350","2105481965","0.208916"
"2105481965","2097703350","0.208916"
"2097703350","2158170260","0.505594"
"2158170260","2097703350","0.505594"
"2097703350","2180566385","1.24417"
"2180566385","2097703350","1.24417"
"2097703350","2405818311","1.56783"
"2405818311","2097703350","1.56783"
"2097703350","2879929106","0.650155"
"2879929106","2097703350","0.650155"
"2097703350","2969639627","0.688617"
"2969639627","2097703350","0.688617"
"2097703350","6581905","0.0839161"
"6581905","2097703350","0.0839161"
"2097804851","2105481965","0.0454545"
"2105481965","2097804851","0.0454545"
"2097804851","2108706544","0.0454545"
"2108706544","2097804851","0.0454545"
"2097804851","2154549366","0.0454545"
"2154549366","2097804851","0.0454545"
"2097804851","2158170260","0.0454545"
"2158170260","2097804851","0.0454545"
"2097804851","2180566385","0.0454545"
"2180566385","2097804851","0.0454545"
"2097804851","2232801052","0.0454545"
"2232801052","2097804851","0.0454545"
"2097804851","2405818311","0.0454545"
"2405818311","2097804851","0.0454545"
"2097804851","2432267564","0.0454545"
"2432267564","2097804851","0.0454545"
"2097804851","2879929106","0.0454545"
"2879929106","2097804851","0.0454545"
"2097804851","2969639627","0.0454545"
"2969639627","2097804851","0.0454545"
"2097804851","6581905","0.0454545"
"6581905","2097804851","0.0454545"
"2105481965","2108706544","0.0839161"
"2108706544","2105481965","0.0839161"
"2105481965","2154549366","0.0839161"
"2154549366","2105481965","0.0839161"
"2105481965","2158170260","0.0839161"
"2158170260","2105481965","0.0839161"
"2105481965","2180566385","0.750583"
"2180566385","2105481965","0.750583"
"2105481965","2232801052","0.0839161"
"2232801052","2105481965","0.0839161"
"2105481965","2405818311","0.0454545"
"2405818311","2105481965","0.0454545"
"2105481965","2432267564","0.0454545"
"2432267564","2105481965","0.0454545"
"2105481965","2879929106","0.0454545"
"2879929106","2105481965","0.0454545"
"2105481965","2969639627","0.0839161"
"2969639627","2105481965","0.0839161"
"2105481965","6581905","0.0839161"
"6581905","2105481965","0.0839161"
"2108706544","2180566385","0.0839161"
"2180566385","2108706544","0.0839161"
"2108706544","2405818311","0.0454545"
"2405818311","2108706544","0.0454545"
"2108706544","2879929106","0.0454545"
"2879929106","2108706544","0.0454545"
"2108706544","2969639627","0.0839161"
"2969639627","2108706544","0.0839161"
"2108706544","6581905","0.0839161"
"6581905","2108706544","0.0839161"
"2154549366","2180566385","0.0839161"
"2180566385","2154549366","0.0839161"
"2154549366","2405818311","0.0454545"
"2405818311","2154549366","0.0454545"
"2154549366","2879929106","0.0454545"
"2879929106","2154549366","0.0454545"
"2154549366","2969639627","0.0839161"
"2969639627","2154549366","0.0839161"
"2154549366","6581905","0.0839161"
"6581905","2154549366","0.0839161"
"2158170260","2180566385","0.0839161"
"2180566385","2158170260","0.0839161"
"2158170260","2232801052","0.417249"
"2232801052","2158170260","0.417249"
"2158170260","2405818311","0.0454545"
"2405818311","2158170260","0.0454545"
"2158170260","2432267564","0.312121"
"2432267564","2158170260","0.312121"
"2158170260","2879929106","0.0454545"
"2879929106","2158170260","0.0454545"
"2158170260","2969639627","0.0839161"
"2969639627","2158170260","0.0839161"
"2158170260","6581905","0.0839161"
"6581905","2158170260","0.0839161"
"2180566385","2232801052","0.333916"
"2232801052","2180566385","0.333916"
"2180566385","2405818311","0.189044"
"2405818311","2180566385","0.189044"
"2180566385","2432267564","0.806566"
"2432267564","2180566385","0.806566"
"2180566385","2879929106","1.56682"
"2879929106","2180566385","1.56682"
"2180566385","2969639627","4.03862"
"2969639627","2180566385","4.03862"
"2180566385","6581905","1.68392"
"6581905","2180566385","1.68392"
"2232801052","2405818311","0.0909091"
"2405818311","2232801052","0.0909091"
"2232801052","2879929106","0.0454545"
"2879929106","2232801052","0.0454545"
"2232801052","2969639627","0.0839161"
"2969639627","2232801052","0.0839161"
"2232801052","6581905","0.0839161"
"6581905","2232801052","0.0839161"
"2405818311","2432267564","8.97424"
"2432267564","2405818311","8.97424"
"2405818311","2879929106","0.122378"
"2879929106","2405818311","0.122378"
"2405818311","2969639627","0.189044"
"2969639627","2405818311","0.189044"
"2405818311","6581905","0.112121"
"6581905","2405818311","0.112121"
"2432267564","2879929106","0.156566"
"2879929106","2432267564","0.156566"
"2432267564","2969639627","0.223232"
"2969639627","2432267564","0.223232"
"2432267564","6581905","0.112121"
"6581905","2432267564","0.112121"
"2879929106","2969639627","18.3502"
"2969639627","2879929106","18.3502"
"2879929106","6581905","0.878788"
"6581905","2879929106","0.878788"
"2969639627","6581905","1.18392"
"6581905","2969639627","1.18392"
"109218057","1497774109","0.652778"
"1497774109","109218057","0.652778"
"109218057","1554944210","0.111111"
"1554944210","109218057","0.111111"
"109218057","1977171681","0.111111"
"1977171681","109218057","0.111111"
"109218057","199035648","0.152778"
"199035648","109218057","0.152778"
"109218057","2011191813","0.111111"
"2011191813","109218057","0.111111"
"109218057","2079361215","0.111111"
"2079361215","109218057","0.111111"
"109218057","2146570986","0.420635"
"2146570986","109218057","0.420635"
"109218057","2341465005","0.277778"
"2341465005","109218057","0.277778"
"109218057","2532189199","0.462302"
"2532189199","109218057","0.462302"
"1497774109","1554944210","0.361111"
"1554944210","1497774109","0.361111"
"1497774109","1977171681","0.111111"
"1977171681","1497774109","0.111111"
"1497774109","199035648","0.458333"
"199035648","1497774109","0.458333"
"1497774109","2011191813","0.111111"
"2011191813","1497774109","0.111111"
"1497774109","2079361215","0.111111"
"2079361215","1497774109","0.111111"
"1497774109","2146570986","0.277778"
"2146570986","1497774109","0.277778"
"1497774109","2341465005","0.277778"
"2341465005","1497774109","0.277778"
"1497774109","2532189199","0.319444"
"2532189199","1497774109","0.319444"
"1554944210","1977171681","0.399145"
"1977171681","1554944210","0.399145"
"1554944210","199035648","0.361111"
"199035648","1554944210","0.361111"
"1554944210","2011191813","0.222222"
"2011191813","1554944210","0.222222"
"1554944210","2079361215","0.649145"
"2079361215","1554944210","0.649145"
"1554944210","2146570986","0.111111"
"2146570986","1554944210","0.111111"
"1554944210","2341465005","0.288034"
"2341465005","1554944210","0.288034"
"1554944210","2532189199","0.604701"
"2532189199","1554944210","0.604701"
"1977171681","199035648","0.188034"
"199035648","1977171681","0.188034"
"1977171681","2146570986","0.149573"
"2146570986","1977171681","0.149573"
"1977171681","2532189199","0.226496"
"2532189199","1977171681","0.226496"
"199035648","2011191813","0.233489"
"2011191813","199035648","0.233489"
"199035648","2079361215","0.188034"
"2079361215","199035648","0.188034"
"199035648","2146570986","0.111111"
"2146570986","199035648","0.111111"
"199035648","2341465005","0.156566"
"2341465005","199035648","0.156566"
"199035648","2532189199","0.152778"
"2532189199","199035648","0.152778"
"2011191813","2146570986","0.41743"
"2146570986","2011191813","0.41743"
"2011191813","2341465005","0.156566"
"2341465005","2011191813","0.156566"
"2011191813","2532189199","1.14124"
"2532189199","2011191813","1.14124"
"2079361215","2146570986","0.149573"
"2146570986","2079361215","0.149573"
"2079361215","2532189199","0.476496"
"2532189199","2079361215","0.476496"
"2146570986","2341465005","0.277778"
"2341465005","2146570986","0.277778"
"2146570986","2532189199","0.78602"
"2532189199","2146570986","0.78602"
"2341465005","2532189199","0.354701"
"2532189199","2341465005","0.354701"
"109218057","164607750","0.35119"
"164607750","109218057","0.35119"
"109218057","1989822231","0.184524"
"1989822231","109218057","0.184524"
"109218057","2015887370","0.917857"
"2015887370","109218057","0.917857"
"109218057","2185160456","0.184524"
"2185160456","109218057","0.184524"
"109218057","2293385817","0.142857"
"2293385817","109218057","0.142857"
"164607750","1989822231","0.990223"
"1989822231","164607750","0.990223"
"164607750","2015887370","1.56208"
"2015887370","164607750","1.56208"
"164607750","2146570986","0.142857"
"2146570986","164607750","0.142857"
"164607750","2185160456","1.54039"
"2185160456","164607750","1.54039"
"164607750","2293385817","0.142857"
"2293385817","164607750","0.142857"
"164607750","2532189199","0.25119"
"2532189199","164607750","0.25119"
"1989822231","2015887370","1.16971"
"2015887370","1989822231","1.16971"
"1989822231","2146570986","0.642857"
"2146570986","1989822231","0.642857"
"1989822231","2185160456","1.20923"
"2185160456","1989822231","1.20923"
"1989822231","2293385817","0.253968"
"2293385817","1989822231","0.253968"
"1989822231","2532189199","0.487302"
"2532189199","1989822231","0.487302"
"2015887370","2146570986","0.761447"
"2146570986","2015887370","0.761447"
