"1064539551","2735538678","17"
"2735538678","1064539551","17"
"1064539551","2027257432","10.5"
"2027257432","1064539551","10.5"
"2027257432","2735538678","42.5"
"2735538678","2027257432","42.5"
"1064539551","1978658266","0.5"
"1978658266","1064539551","0.5"
"1978658266","2735538678","0.5"
"2735538678","1978658266","0.5"
"1481049970","2064803206","11.2766"
"2064803206","1481049970","11.2766"
"1481049970","1540529248","0.648846"
"1540529248","1481049970","0.648846"
"1481049970","1551561454","3.62107"
"1551561454","1481049970","3.62107"
"1481049970","2126400629","0.557936"
"2126400629","1481049970","0.557936"
"1481049970","3023428462","0.557936"
"3023428462","1481049970","0.557936"
"1540529248","1551561454","5.91551"
"1551561454","1540529248","5.91551"
"1540529248","2064803206","0.648846"
"2064803206","1540529248","0.648846"
"1540529248","2126400629","1.24683"
"2126400629","1540529248","1.24683"
"1540529248","3023428462","1.24683"
"3023428462","1540529248","1.24683"
"1551561454","2064803206","2.62107"
"2064803206","1551561454","2.62107"
"1551561454","2126400629","1.05238"
"2126400629","1551561454","1.05238"
"1551561454","3023428462","1.05238"
"3023428462","1551561454","1.05238"
"2064803206","2126400629","0.557936"
"2126400629","2064803206","0.557936"
"2064803206","3023428462","0.557936"
"3023428462","2064803206","0.557936"
"2126400629","3023428462","14.5647"
"3023428462","2126400629","14.5647"
"1481049970","1556344493","0.333333"
"1556344493","1481049970","0.333333"
"1481049970","201801013","0.369048"
"201801013","1481049970","0.369048"
"1556344493","201801013","0.5"
"201801013","1556344493","0.5"
"1556344493","2064803206","0.333333"
"2064803206","1556344493","0.333333"
"201801013","2064803206","0.369048"
"2064803206","201801013","0.369048"
"1481049970","1518491478","0.257937"
"1518491478","1481049970","0.257937"
"1481049970","1538285186","0.869048"
"1538285186","1481049970","0.869048"
"1481049970","1576360267","0.237734"
"1576360267","1481049970","0.237734"
"1481049970","1885645864","0.146825"
"1885645864","1481049970","0.146825"
"1481049970","195718486","0.246825"
"195718486","1481049970","0.246825"
"1481049970","2000473687","0.348846"
"2000473687","1481049970","0.348846"
"1481049970","2108457969","1.08016"
"2108457969","1481049970","1.08016"
"1518491478","1538285186","0.457936"
"1538285186","1518491478","0.457936"
"1518491478","1540529248","0.357937"
"1540529248","1518491478","0.357937"
"1518491478","1576360267","0.702381"
"1576360267","1518491478","0.702381"
"1518491478","1885645864","0.402381"
"1885645864","1518491478","0.402381"
"1518491478","195718486","0.952381"
"195718486","1518491478","0.952381"
"1518491478","2000473687","0.813492"
"2000473687","1518491478","0.813492"
"1518491478","2064803206","0.257937"
"2064803206","1518491478","0.257937"
"1518491478","2108457969","0.202381"
"2108457969","1518491478","0.202381"
"1538285186","1540529248","0.257937"
"1540529248","1538285186","0.257937"
"1538285186","1576360267","0.146825"
"1576360267","1538285186","0.146825"
"1538285186","1885645864","0.146825"
"1885645864","1538285186","0.146825"
"1538285186","195718486","0.346825"
"195718486","1538285186","0.346825"
"1538285186","2000473687","0.457936"
"2000473687","1538285186","0.457936"
"1538285186","2064803206","0.869048"
"2064803206","1538285186","0.869048"
"1538285186","2108457969","1.39683"
"2108457969","1538285186","1.39683"
"1540529248","1576360267","0.448846"
"1576360267","1540529248","0.448846"
"1540529248","1885645864","0.424603"
"1885645864","1540529248","0.424603"
"1540529248","195718486","0.469048"
"195718486","1540529248","0.469048"
"1540529248","2000473687","0.559957"
"2000473687","1540529248","0.559957"
"1540529248","2108457969","0.369048"
"2108457969","1540529248","0.369048"
"1576360267","1885645864","0.513492"
"1885645864","1576360267","0.513492"
"1576360267","195718486","0.413492"
"195718486","1576360267","0.413492"
"1576360267","2000473687","0.39329"
"2000473687","1576360267","0.39329"
"1576360267","2064803206","0.237734"
"2064803206","1576360267","0.237734"
"1576360267","2108457969","0.313492"
"2108457969","1576360267","0.313492"
"1885645864","195718486","0.375992"
"195718486","1885645864","0.375992"
"1885645864","2000473687","0.202381"
"2000473687","1885645864","0.202381"
"1885645864","2064803206","0.146825"
"2064803206","1885645864","0.146825"
"1885645864","2108457969","0.375992"
"2108457969","1885645864","0.375992"
"195718486","2000473687","0.613492"
"2000473687","195718486","0.613492"
"195718486","2064803206","0.246825"
"2064803206","195718486","0.246825"
"195718486","2108457969","0.837103"
"2108457969","195718486","0.837103"
"2000473687","2064803206","0.348846"
"2064803206","2000473687","0.348846"
"2000473687","2108457969","0.438492"
"2108457969","2000473687","0.438492"
"2064803206","2108457969","1.08016"
"2108457969","2064803206","1.08016"
"1481049970","1977496278","0.561111"
"1977496278","1481049970","0.561111"
"1481049970","2047866469","0.561111"
"2047866469","1481049970","0.561111"
"1481049970","2078937669","0.146825"
"2078937669","1481049970","0.146825"
"1481049970","2144212226","0.361111"
"2144212226","1481049970","0.361111"
"1481049970","2172186225","0.246825"
"2172186225","1481049970","0.246825"
"1538285186","1977496278","0.361111"
"1977496278","1538285186","0.361111"
"1538285186","2047866469","0.361111"
"2047866469","1538285186","0.361111"
"1538285186","2078937669","0.146825"
"2078937669","1538285186","0.146825"
"1538285186","2126400629","0.457936"
"2126400629","1538285186","0.457936"
"1538285186","2144212226","0.111111"
"2144212226","1538285186","0.111111"
"1538285186","2172186225","0.346825"
"2172186225","1538285186","0.346825"
"1538285186","3023428462","0.457936"
"3023428462","1538285186","0.457936"
"1977496278","2047866469","21.9123"
"2047866469","1977496278","21.9123"
"1977496278","2064803206","0.561111"
"2064803206","1977496278","0.561111"
"1977496278","2078937669","0.253968"
"2078937669","1977496278","0.253968"
"1977496278","2126400629","0.728968"
"2126400629","1977496278","0.728968"
"1977496278","2144212226","0.111111"
"2144212226","1977496278","0.111111"
"1977496278","2172186225","0.353968"
"2172186225","1977496278","0.353968"
"1977496278","3023428462","0.728968"
"3023428462","1977496278","0.728968"
"2047866469","2064803206","0.561111"
"2064803206","2047866469","0.561111"
"2047866469","2078937669","0.253968"
"2078937669","2047866469","0.253968"
"2047866469","2126400629","0.728968"
"2126400629","2047866469","0.728968"
"2047866469","2144212226","0.111111"
"2144212226","2047866469","0.111111"
"2047866469","2172186225","0.353968"
"2172186225","2047866469","0.353968"
"2047866469","3023428462","0.728968"
"3023428462","2047866469","0.728968"
"2064803206","2078937669","0.146825"
"2078937669","2064803206","0.146825"
"2064803206","2144212226","0.361111"
"2144212226","2064803206","0.361111"
"2064803206","2172186225","0.246825"
"2172186225","2064803206","0.246825"
"2078937669","2126400629","0.345238"
"2126400629","2078937669","0.345238"
"2078937669","2144212226","0.111111"
"2144212226","2078937669","0.111111"
"2078937669","2172186225","0.289683"
"2172186225","2078937669","0.289683"
"2078937669","3023428462","0.345238"
"3023428462","2078937669","0.345238"
"2126400629","2144212226","0.111111"
"2144212226","2126400629","0.111111"
"2126400629","2172186225","1.88968"
"2172186225","2126400629","1.88968"
"2144212226","2172186225","0.111111"
"2172186225","2144212226","0.111111"
"2144212226","3023428462","0.111111"
"3023428462","2144212226","0.111111"
"2172186225","3023428462","1.88968"
"3023428462","2172186225","1.88968"
"1481049970","1483135265","0.1"
"1483135265","1481049970","0.1"
"1481049970","1784417002","0.1"
"1784417002","1481049970","0.1"
"1481049970","1922718437","0.1"
"1922718437","1481049970","0.1"
"1481049970","2128906841","0.1"
"2128906841","1481049970","0.1"
"1481049970","2154496743","0.1"
"2154496743","1481049970","0.1"
"1483135265","1784417002","2.03674"
"1784417002","1483135265","2.03674"
"1483135265","1922718437","1.50341"
"1922718437","1483135265","1.50341"
"1483135265","195718486","0.3625"
"195718486","1483135265","0.3625"
"1483135265","1977496278","0.253409"
"1977496278","1483135265","0.253409"
"1483135265","2047866469","0.3"
"2047866469","1483135265","0.3"
"1483135265","2064803206","0.1"
"2064803206","1483135265","0.1"
"1483135265","2108457969","0.3625"
"2108457969","1483135265","0.3625"
"1483135265","2128906841","0.42702"
"2128906841","1483135265","0.42702"
"1483135265","2154496743","0.3"
"2154496743","1483135265","0.3"
"1784417002","1922718437","4.25341"
"1922718437","1784417002","4.25341"
"1784417002","195718486","0.3625"
"195718486","1784417002","0.3625"
"1784417002","1977496278","0.253409"
"1977496278","1784417002","0.253409"
"1784417002","2047866469","0.1"
"2047866469","1784417002","0.1"
"1784417002","2064803206","0.1"
"2064803206","1784417002","0.1"
"1784417002","2108457969","0.1625"
"2108457969","1784417002","0.1625"
"1784417002","2128906841","0.190909"
"2128906841","1784417002","0.190909"
"1784417002","2154496743","0.1"
"2154496743","1784417002","0.1"
"1922718437","195718486","0.1625"
"195718486","1922718437","0.1625"
"1922718437","1977496278","0.253409"
"1977496278","1922718437","0.253409"
"1922718437","2047866469","0.1"
"2047866469","1922718437","0.1"
"1922718437","2064803206","0.1"
"2064803206","1922718437","0.1"
"1922718437","2108457969","0.1625"
"2108457969","1922718437","0.1625"
"1922718437","2128906841","0.190909"
"2128906841","1922718437","0.190909"
"1922718437","2154496743","0.1"
"2154496743","1922718437","0.1"
"195718486","1977496278","0.9125"
"1977496278","195718486","0.9125"
"195718486","2047866469","0.85"
"2047866469","195718486","0.85"
"195718486","2128906841","0.1"
"2128906841","195718486","0.1"
"195718486","2154496743","0.1"
"2154496743","195718486","0.1"
"1977496278","2108457969","1.62083"
"2108457969","1977496278","1.62083"
"1977496278","2128906841","0.315909"
"2128906841","1977496278","0.315909"
"1977496278","2154496743","0.1"
"2154496743","1977496278","0.1"
"2047866469","2108457969","0.558333"
"2108457969","2047866469","0.558333"
"2047866469","2128906841","0.225"
"2128906841","2047866469","0.225"
"2047866469","2154496743","0.3"
"2154496743","2047866469","0.3"
"2064803206","2128906841","0.1"
"2128906841","2064803206","0.1"
"2064803206","2154496743","0.1"
"2154496743","2064803206","0.1"
"2108457969","2128906841","0.225"
"2128906841","2108457969","0.225"
"2108457969","2154496743","0.1"
"2154496743","2108457969","0.1"
"2128906841","2154496743","1.1"
"2154496743","2128906841","1.1"
"1481049970","2093456341","0.237734"
"2093456341","1481049970","0.237734"
"1518491478","1551561454","0.502381"
"1551561454","1518491478","0.502381"
"1518491478","2093456341","0.502381"
"2093456341","1518491478","0.502381"
"1518491478","2126400629","0.302381"
"2126400629","1518491478","0.302381"
"1518491478","3023428462","0.302381"
"3023428462","1518491478","0.302381"
"1538285186","1551561454","0.146825"
"1551561454","1538285186","0.146825"
"1538285186","2093456341","0.346825"
"2093456341","1538285186","0.346825"
"1540529248","2093456341","0.448846"
"2093456341","1540529248","0.448846"
"1551561454","2000473687","0.39329"
"2000473687","1551561454","0.39329"
"1551561454","2093456341","0.726623"
"2093456341","1551561454","0.726623"
"2000473687","2093456341","0.904401"
"2093456341","2000473687","0.904401"
"2000473687","2126400629","0.302381"
"2126400629","2000473687","0.302381"
"2000473687","3023428462","0.302381"
"3023428462","2000473687","0.302381"
"2064803206","2093456341","0.237734"
"2093456341","2064803206","0.237734"
"2093456341","2126400629","0.302381"
"2126400629","2093456341","0.302381"
"2093456341","3023428462","0.302381"
"3023428462","2093456341","0.302381"
"1551561454","2108457969","1.11905"
"2108457969","1551561454","1.11905"
"1551561454","2144212226","0.361111"
"2144212226","1551561454","0.361111"
"2108457969","2144212226","0.861111"
"2144212226","2108457969","0.861111"
"1481049970","1506285740","0.126623"
"1506285740","1481049970","0.126623"
"1481049970","1520890006","0.126623"
"1520890006","1481049970","0.126623"
"1481049970","1904370593","0.126623"
"1904370593","1481049970","0.126623"
"1481049970","1959454218","0.126623"
"1959454218","1481049970","0.126623"
"1481049970","2147368163","0.126623"
"2147368163","1481049970","0.126623"
"1506285740","1520890006","0.49329"
"1520890006","1506285740","0.49329"
"1506285740","1540529248","0.126623"
"1540529248","1506285740","0.126623"
"1506285740","1551561454","0.126623"
"1551561454","1506285740","0.126623"
"1506285740","1576360267","0.126623"
"1576360267","1506285740","0.126623"
"1506285740","1904370593","0.189123"
"1904370593","1506285740","0.189123"
"1506285740","1959454218","0.326623"
"1959454218","1506285740","0.326623"
"1506285740","2000473687","0.61829"
"2000473687","1506285740","0.61829"
"1506285740","2064803206","0.126623"
"2064803206","1506285740","0.126623"
"1506285740","2093456341","0.326623"
"2093456341","1506285740","0.326623"
"1506285740","2147368163","0.126623"
"2147368163","1506285740","0.126623"
"1520890006","1540529248","0.337734"
"1540529248","1520890006","0.337734"
"1520890006","1551561454","0.282179"
"1551561454","1520890006","0.282179"
"1520890006","1576360267","0.282179"
"1576360267","1520890006","0.282179"
"1520890006","1904370593","0.182179"
"1904370593","1520890006","0.182179"
"1520890006","1959454218","0.382179"
"1959454218","1520890006","0.382179"
"1520890006","2000473687","0.759957"
"2000473687","1520890006","0.759957"
"1520890006","2064803206","0.126623"
"2064803206","1520890006","0.126623"
"1520890006","2093456341","0.59329"
"2093456341","1520890006","0.59329"
"1520890006","2147368163","0.282179"
"2147368163","1520890006","0.282179"
"1540529248","1904370593","0.404401"
"1904370593","1540529248","0.404401"
"1540529248","1959454218","0.126623"
"1959454218","1540529248","0.126623"
"1540529248","2147368163","0.226623"
"2147368163","1540529248","0.226623"
"1551561454","1576360267","0.59329"
"1576360267","1551561454","0.59329"
"1551561454","1904370593","0.659957"
"1904370593","1551561454","0.659957"
"1551561454","1959454218","0.382179"
"1959454218","1551561454","0.382179"
"1551561454","2147368163","0.815512"
"2147368163","1551561454","0.815512"
"1576360267","1904370593","0.69329"
"1904370593","1576360267","0.69329"
"1576360267","1959454218","0.582179"
"1959454218","1576360267","0.582179"
"1576360267","2093456341","0.282179"
"2093456341","1576360267","0.282179"
"1576360267","2147368163","0.682179"
"2147368163","1576360267","0.682179"
"1904370593","1959454218","4.08218"
"1959454218","1904370593","4.08218"
"1904370593","2000473687","0.182179"
"2000473687","1904370593","0.182179"
"1904370593","2064803206","0.126623"
"2064803206","1904370593","0.126623"
"1904370593","2093456341","0.182179"
"2093456341","1904370593","0.182179"
"1904370593","2147368163","0.582179"
"2147368163","1904370593","0.582179"
"1959454218","2000473687","0.382179"
"2000473687","1959454218","0.382179"
"1959454218","2064803206","0.126623"
"2064803206","1959454218","0.126623"
"1959454218","2093456341","0.382179"
"2093456341","1959454218","0.382179"
"1959454218","2147368163","0.582179"
"2147368163","1959454218","0.582179"
"2000473687","2147368163","0.282179"
"2147368163","2000473687","0.282179"
"2064803206","2147368163","0.126623"
"2147368163","2064803206","0.126623"
"2093456341","2147368163","0.615512"
"2147368163","2093456341","0.615512"
"1481049970","1802520911","0.135714"
"1802520911","1481049970","0.135714"
"1481049970","947166667","0.135714"
"947166667","1481049970","0.135714"
"1540529248","1802520911","0.835714"
"1802520911","1540529248","0.835714"
"1540529248","1977496278","0.1"
"1977496278","1540529248","0.1"
"1540529248","2047866469","0.1"
"2047866469","1540529248","0.1"
"1540529248","2172186225","0.335714"
"2172186225","1540529248","0.335714"
"1540529248","947166667","2.00238"
"947166667","1540529248","2.00238"
"1551561454","1802520911","0.335714"
"1802520911","1551561454","0.335714"
"1551561454","1977496278","0.683333"
"1977496278","1551561454","0.683333"
"1551561454","2047866469","0.683333"
"2047866469","1551561454","0.683333"
"1551561454","2172186225","0.335714"
"2172186225","1551561454","0.335714"
"1551561454","947166667","0.502381"
"947166667","1551561454","0.502381"
"1802520911","1977496278","0.242857"
"1977496278","1802520911","0.242857"
"1802520911","2047866469","0.242857"
"2047866469","1802520911","0.242857"
"1802520911","2064803206","0.135714"
"2064803206","1802520911","0.135714"
"1802520911","2126400629","1.6119"
"2126400629","1802520911","1.6119"
"1802520911","2172186225","3.1119"
"2172186225","1802520911","3.1119"
"1802520911","3023428462","1.6119"
"3023428462","1802520911","1.6119"
"1802520911","947166667","10.5702"
"947166667","1802520911","10.5702"
"1977496278","947166667","0.242857"
"947166667","1977496278","0.242857"
"2047866469","947166667","0.242857"
"947166667","2047866469","0.242857"
"2064803206","947166667","0.135714"
"947166667","2064803206","0.135714"
"2126400629","947166667","1.6119"
"947166667","2126400629","1.6119"
"2172186225","947166667","5.1119"
"947166667","2172186225","5.1119"
"3023428462","947166667","1.6119"
"947166667","3023428462","1.6119"
"1481049970","1846189125","0.25"
"1846189125","1481049970","0.25"
"1538285186","1846189125","0.25"
"1846189125","1538285186","0.25"
"1846189125","2064803206","0.25"
"2064803206","1846189125","0.25"
"1846189125","2108457969","0.375"
"2108457969","1846189125","0.375"
"1481049970","2134964460","0.5"
"2134964460","1481049970","0.5"
"2064803206","2134964460","0.5"
"2134964460","2064803206","0.5"
"1481049970","1484413656","0.0357143"
"1484413656","1481049970","0.0357143"
"1481049970","1641039719","0.0357143"
"1641039719","1481049970","0.0357143"
"1481049970","2119745643","0.0357143"
"2119745643","1481049970","0.0357143"
"1481049970","2158454296","0.0357143"
"2158454296","1481049970","0.0357143"
"1481049970","2285300206","0.0357143"
"2285300206","1481049970","0.0357143"
"1484413656","1506285740","5.53357"
"1506285740","1484413656","5.53357"
"1484413656","1518491478","0.0357143"
"1518491478","1484413656","0.0357143"
"1484413656","1520890006","0.513492"
"1520890006","1484413656","0.513492"
"1484413656","1538285186","0.0357143"
"1538285186","1484413656","0.0357143"
"1484413656","1540529248","0.146825"
"1540529248","1484413656","0.146825"
"1484413656","1551561454","0.0357143"
"1551561454","1484413656","0.0357143"
"1484413656","1576360267","0.0357143"
"1576360267","1484413656","0.0357143"
"1484413656","1641039719","0.0357143"
"1641039719","1484413656","0.0357143"
"1484413656","1802520911","0.0357143"
"1802520911","1484413656","0.0357143"
"1484413656","1885645864","0.189123"
"1885645864","1484413656","0.189123"
"1484413656","1904370593","0.0982143"
"1904370593","1484413656","0.0982143"
"1484413656","195718486","0.542659"
"195718486","1484413656","0.542659"
"1484413656","1959454218","0.235714"
"1959454218","1484413656","0.235714"
"1484413656","2000473687","0.513492"
"2000473687","1484413656","0.513492"
"1484413656","201801013","0.146825"
"201801013","1484413656","0.146825"
"1484413656","2064803206","0.0357143"
"2064803206","1484413656","0.0357143"
"1484413656","2078937669","0.271825"
"2078937669","1484413656","0.271825"
"1484413656","2093456341","0.346825"
"2093456341","1484413656","0.346825"
"1484413656","2108457969","0.209325"
"2108457969","1484413656","0.209325"
"1484413656","2119745643","0.0357143"
"2119745643","1484413656","0.0357143"
"1484413656","2126400629","0.0357143"
"2126400629","1484413656","0.0357143"
"1484413656","2147368163","0.0357143"
"2147368163","1484413656","0.0357143"
"1484413656","2158454296","0.0357143"
"2158454296","1484413656","0.0357143"
"1484413656","2172186225","0.202381"
"2172186225","1484413656","0.202381"
"1484413656","2285300206","0.0357143"
"2285300206","1484413656","0.0357143"
"1484413656","3023428462","0.0357143"
"3023428462","1484413656","0.0357143"
"1484413656","947166667","0.0357143"
"947166667","1484413656","0.0357143"
"1506285740","1518491478","0.0357143"
"1518491478","1506285740","0.0357143"
"1506285740","1538285186","0.0357143"
"1538285186","1506285740","0.0357143"
"1506285740","1641039719","0.0357143"
"1641039719","1506285740","0.0357143"
"1506285740","1802520911","0.160714"
"1802520911","1506285740","0.160714"
"1506285740","1885645864","0.189123"
"1885645864","1506285740","0.189123"
"1506285740","195718486","0.431548"
"195718486","1506285740","0.431548"
"1506285740","201801013","0.0357143"
"201801013","1506285740","0.0357143"
"1506285740","2078937669","0.146825"
"2078937669","1506285740","0.146825"
"1506285740","2108457969","0.223214"
"2108457969","1506285740","0.223214"
"1506285740","2119745643","0.0357143"
"2119745643","1506285740","0.0357143"
"1506285740","2126400629","0.0357143"
"2126400629","1506285740","0.0357143"
"1506285740","2158454296","0.0357143"
"2158454296","1506285740","0.0357143"
"1506285740","2172186225","0.202381"
"2172186225","1506285740","0.202381"
"1506285740","2285300206","0.0357143"
"2285300206","1506285740","0.0357143"
"1506285740","3023428462","0.0357143"
"3023428462","1506285740","0.0357143"
"1506285740","947166667","0.160714"
"947166667","1506285740","0.160714"
"1518491478","1520890006","0.19127"
"1520890006","1518491478","0.19127"
"1518491478","1641039719","0.29127"
"1641039719","1518491478","0.29127"
"1518491478","1802520911","0.0357143"
"1802520911","1518491478","0.0357143"
"1518491478","1904370593","0.49127"
"1904370593","1518491478","0.49127"
"1518491478","1959454218","0.49127"
"1959454218","1518491478","0.49127"
"1518491478","201801013","0.0912698"
"201801013","1518491478","0.0912698"
"1518491478","2078937669","0.0912698"
"2078937669","1518491478","0.0912698"
"1518491478","2119745643","0.0357143"
"2119745643","1518491478","0.0357143"
"1518491478","2147368163","0.79127"
"2147368163","1518491478","0.79127"
"1518491478","2158454296","0.0912698"
"2158454296","1518491478","0.0912698"
"1518491478","2172186225","0.0357143"
"2172186225","1518491478","0.0357143"
"1518491478","2285300206","0.0357143"
"2285300206","1518491478","0.0357143"
"1518491478","947166667","0.0357143"
"947166667","1518491478","0.0357143"
"1520890006","1538285186","0.0357143"
"1538285186","1520890006","0.0357143"
"1520890006","1641039719","0.0912698"
"1641039719","1520890006","0.0912698"
"1520890006","1802520911","0.0357143"
"1802520911","1520890006","0.0357143"
"1520890006","1885645864","0.0912698"
"1885645864","1520890006","0.0912698"
"1520890006","195718486","0.302381"
"195718486","1520890006","0.302381"
"1520890006","201801013","0.202381"
"201801013","1520890006","0.202381"
"1520890006","2078937669","0.0912698"
"2078937669","1520890006","0.0912698"
"1520890006","2108457969","0.202381"
"2108457969","1520890006","0.202381"
"1520890006","2119745643","0.0357143"
"2119745643","1520890006","0.0357143"
"1520890006","2126400629","0.19127"
"2126400629","1520890006","0.19127"
"1520890006","2158454296","0.0912698"
"2158454296","1520890006","0.0912698"
"1520890006","2172186225","0.202381"
"2172186225","1520890006","0.202381"
"1520890006","2285300206","0.0357143"
"2285300206","1520890006","0.0357143"
"1520890006","3023428462","0.19127"
"3023428462","1520890006","0.19127"
"1520890006","947166667","0.0357143"
"947166667","1520890006","0.0357143"
"1538285186","1641039719","0.235714"
"1641039719","1538285186","0.235714"
"1538285186","1802520911","0.235714"
"1802520911","1538285186","0.235714"
"1538285186","1904370593","0.0357143"
"1904370593","1538285186","0.0357143"
"1538285186","1959454218","0.0357143"
"1959454218","1538285186","0.0357143"
"1538285186","201801013","0.0357143"
"201801013","1538285186","0.0357143"
"1538285186","2119745643","0.0357143"
"2119745643","1538285186","0.0357143"
"1538285186","2147368163","0.0357143"
"2147368163","1538285186","0.0357143"
"1538285186","2158454296","0.0357143"
"2158454296","1538285186","0.0357143"
"1538285186","2285300206","0.0357143"
"2285300206","1538285186","0.0357143"
"1538285186","947166667","0.235714"
"947166667","1538285186","0.235714"
"1540529248","1641039719","0.146825"
"1641039719","1540529248","0.146825"
"1540529248","201801013","0.146825"
"201801013","1540529248","0.146825"
"1540529248","2078937669","0.0357143"
"2078937669","1540529248","0.0357143"
"1540529248","2119745643","0.0357143"
"2119745643","1540529248","0.0357143"
"1540529248","2158454296","0.0357143"
"2158454296","1540529248","0.0357143"
"1540529248","2285300206","0.0357143"
"2285300206","1540529248","0.0357143"
"1551561454","1641039719","0.202381"
"1641039719","1551561454","0.202381"
"1551561454","1885645864","0.369048"
"1885645864","1551561454","0.369048"
"1551561454","195718486","0.302381"
"195718486","1551561454","0.302381"
"1551561454","201801013","0.0912698"
"201801013","1551561454","0.0912698"
"1551561454","2078937669","0.0912698"
"2078937669","1551561454","0.0912698"
"1551561454","2119745643","0.0357143"
"2119745643","1551561454","0.0357143"
"1551561454","2158454296","0.0912698"
"2158454296","1551561454","0.0912698"
"1551561454","2285300206","0.0357143"
"2285300206","1551561454","0.0357143"
"1576360267","1641039719","0.202381"
"1641039719","1576360267","0.202381"
"1576360267","1802520911","0.0357143"
"1802520911","1576360267","0.0357143"
"1576360267","201801013","0.0912698"
"201801013","1576360267","0.0912698"
"1576360267","2078937669","0.0912698"
"2078937669","1576360267","0.0912698"
"1576360267","2119745643","0.0357143"
"2119745643","1576360267","0.0357143"
"1576360267","2126400629","0.19127"
"2126400629","1576360267","0.19127"
"1576360267","2158454296","0.0912698"
"2158454296","1576360267","0.0912698"
"1576360267","2172186225","0.0357143"
"2172186225","1576360267","0.0357143"
"1576360267","2285300206","0.0357143"
"2285300206","1576360267","0.0357143"
"1576360267","3023428462","0.19127"
"3023428462","1576360267","0.19127"
"1576360267","947166667","0.0357143"
"947166667","1576360267","0.0357143"
"1641039719","1802520911","0.0357143"
"1802520911","1641039719","0.0357143"
"1641039719","1885645864","0.535714"
"1885645864","1641039719","0.535714"
"1641039719","1904370593","0.202381"
"1904370593","1641039719","0.202381"
"1641039719","195718486","0.402381"
"195718486","1641039719","0.402381"
"1641039719","1959454218","0.0912698"
"1959454218","1641039719","0.0912698"
"1641039719","2000473687","0.29127"
"2000473687","1641039719","0.29127"
"1641039719","201801013","0.0912698"
"201801013","1641039719","0.0912698"
"1641039719","2064803206","0.0357143"
"2064803206","1641039719","0.0357143"
"1641039719","2078937669","0.0912698"
"2078937669","1641039719","0.0912698"
"1641039719","2093456341","1.29127"
"2093456341","1641039719","1.29127"
"1641039719","2108457969","0.202381"
"2108457969","1641039719","0.202381"
"1641039719","2119745643","0.0357143"
"2119745643","1641039719","0.0357143"
"1641039719","2126400629","0.0912698"
"2126400629","1641039719","0.0912698"
"1641039719","2147368163","0.0912698"
"2147368163","1641039719","0.0912698"
"1641039719","2158454296","0.424603"
"2158454296","1641039719","0.424603"
"1641039719","2172186225","0.0357143"
"2172186225","1641039719","0.0357143"
"1641039719","2285300206","0.0357143"
"2285300206","1641039719","0.0357143"
"1641039719","3023428462","0.0912698"
"3023428462","1641039719","0.0912698"
"1641039719","947166667","0.0357143"
"947166667","1641039719","0.0357143"
"1802520911","1885645864","0.0357143"
"1885645864","1802520911","0.0357143"
"1802520911","1904370593","0.0357143"
"1904370593","1802520911","0.0357143"
"1802520911","195718486","0.0357143"
"195718486","1802520911","0.0357143"
"1802520911","1959454218","0.0357143"
"1959454218","1802520911","0.0357143"
"1802520911","2000473687","0.160714"
"2000473687","1802520911","0.160714"
"1802520911","201801013","0.0357143"
"201801013","1802520911","0.0357143"
"1802520911","2078937669","0.178571"
"2078937669","1802520911","0.178571"
"1802520911","2093456341","0.0357143"
"2093456341","1802520911","0.0357143"
"1802520911","2108457969","0.160714"
"2108457969","1802520911","0.160714"
"1802520911","2119745643","0.0357143"
"2119745643","1802520911","0.0357143"
"1802520911","2147368163","0.0357143"
"2147368163","1802520911","0.0357143"
"1802520911","2158454296","0.0357143"
"2158454296","1802520911","0.0357143"
"1802520911","2285300206","0.0357143"
"2285300206","1802520911","0.0357143"
"1885645864","1904370593","0.631548"
"1904370593","1885645864","0.631548"
"1885645864","1959454218","0.29127"
"1959454218","1885645864","0.29127"
"1885645864","201801013","0.0912698"
"201801013","1885645864","0.0912698"
"1885645864","2078937669","0.0912698"
"2078937669","1885645864","0.0912698"
"1885645864","2093456341","0.0912698"
"2093456341","1885645864","0.0912698"
"1885645864","2119745643","0.0357143"
"2119745643","1885645864","0.0357143"
"1885645864","2126400629","0.0912698"
"2126400629","1885645864","0.0912698"
"1885645864","2147368163","0.29127"
"2147368163","1885645864","0.29127"
"1885645864","2158454296","1.4246"
"2158454296","1885645864","1.4246"
"1885645864","2172186225","0.0357143"
"2172186225","1885645864","0.0357143"
"1885645864","2285300206","0.0357143"
"2285300206","1885645864","0.0357143"
"1885645864","3023428462","0.0912698"
"3023428462","1885645864","0.0912698"
"1885645864","947166667","0.202381"
"947166667","1885645864","0.202381"
"1904370593","195718486","0.598214"
"195718486","1904370593","0.598214"
"1904370593","201801013","0.0912698"
"201801013","1904370593","0.0912698"
"1904370593","2078937669","0.0912698"
"2078937669","1904370593","0.0912698"
"1904370593","2108457969","0.264881"
"2108457969","1904370593","0.264881"
"1904370593","2119745643","0.0357143"
"2119745643","1904370593","0.0357143"
"1904370593","2126400629","0.0912698"
"2126400629","1904370593","0.0912698"
"1904370593","2158454296","0.0912698"
"2158454296","1904370593","0.0912698"
"1904370593","2172186225","0.0357143"
"2172186225","1904370593","0.0357143"
"1904370593","2285300206","0.0357143"
"2285300206","1904370593","0.0357143"
"1904370593","3023428462","0.0912698"
"3023428462","1904370593","0.0912698"
"1904370593","947166667","0.202381"
"947166667","1904370593","0.202381"
"195718486","1959454218","0.0912698"
"1959454218","195718486","0.0912698"
"195718486","201801013","0.202381"
"201801013","195718486","0.202381"
"195718486","2078937669","0.0912698"
"2078937669","195718486","0.0912698"
"195718486","2093456341","0.502381"
"2093456341","195718486","0.502381"
"195718486","2119745643","0.0357143"
"2119745643","195718486","0.0357143"
"195718486","2126400629","0.19127"
"2126400629","195718486","0.19127"
"195718486","2147368163","0.39127"
"2147368163","195718486","0.39127"
"195718486","2158454296","0.0912698"
"2158454296","195718486","0.0912698"
"195718486","2172186225","0.0357143"
"2172186225","195718486","0.0357143"
"195718486","2285300206","0.0357143"
"2285300206","195718486","0.0357143"
"195718486","3023428462","0.19127"
"3023428462","195718486","0.19127"
"195718486","947166667","0.0357143"
"947166667","195718486","0.0357143"
"1959454218","201801013","0.0912698"
"201801013","1959454218","0.0912698"
"1959454218","2078937669","0.0912698"
"2078937669","1959454218","0.0912698"
"1959454218","2108457969","0.0912698"
"2108457969","1959454218","0.0912698"
"1959454218","2119745643","0.0357143"
"2119745643","1959454218","0.0357143"
"1959454218","2126400629","0.0912698"
"2126400629","1959454218","0.0912698"
"1959454218","2158454296","0.0912698"
"2158454296","1959454218","0.0912698"
"1959454218","2172186225","0.0357143"
"2172186225","1959454218","0.0357143"
"1959454218","2285300206","0.0357143"
"2285300206","1959454218","0.0357143"
"1959454218","3023428462","0.0912698"
"3023428462","1959454218","0.0912698"
"1959454218","947166667","0.0357143"
"947166667","1959454218","0.0357143"
"2000473687","201801013","0.202381"
"201801013","2000473687","0.202381"
"2000473687","2078937669","0.0912698"
"2078937669","2000473687","0.0912698"
"2000473687","2119745643","0.0357143"
"2119745643","2000473687","0.0357143"
"2000473687","2158454296","0.0912698"
"2158454296","2000473687","0.0912698"
"2000473687","2172186225","0.202381"
"2172186225","2000473687","0.202381"
"2000473687","2285300206","0.0357143"
"2285300206","2000473687","0.0357143"
"2000473687","947166667","0.160714"
"947166667","2000473687","0.160714"
"201801013","2078937669","0.0912698"
"2078937669","201801013","0.0912698"
"201801013","2093456341","0.202381"
"2093456341","201801013","0.202381"
"201801013","2108457969","0.202381"
"2108457969","201801013","0.202381"
"201801013","2119745643","0.0357143"
"2119745643","201801013","0.0357143"
"201801013","2126400629","0.0912698"
"2126400629","201801013","0.0912698"
"201801013","2147368163","0.0912698"
"2147368163","201801013","0.0912698"
"201801013","2158454296","0.0912698"
"2158454296","201801013","0.0912698"
"201801013","2172186225","0.0357143"
"2172186225","201801013","0.0357143"
"201801013","2285300206","0.0357143"
"2285300206","201801013","0.0357143"
"201801013","3023428462","0.0912698"
"3023428462","201801013","0.0912698"
"201801013","947166667","0.0357143"
"947166667","201801013","0.0357143"
"2064803206","2119745643","0.0357143"
"2119745643","2064803206","0.0357143"
"2064803206","2158454296","0.0357143"
"2158454296","2064803206","0.0357143"
"2064803206","2285300206","0.0357143"
"2285300206","2064803206","0.0357143"
"2078937669","2093456341","0.0912698"
"2093456341","2078937669","0.0912698"
"2078937669","2108457969","0.0912698"
"2108457969","2078937669","0.0912698"
"2078937669","2119745643","0.0357143"
"2119745643","2078937669","0.0357143"
"2078937669","2147368163","0.0912698"
"2147368163","2078937669","0.0912698"
"2078937669","2158454296","0.0912698"
"2158454296","2078937669","0.0912698"
"2078937669","2285300206","0.0357143"
"2285300206","2078937669","0.0357143"
"2078937669","947166667","0.178571"
"947166667","2078937669","0.178571"
"2093456341","2108457969","0.202381"
"2108457969","2093456341","0.202381"
"2093456341","2119745643","0.0357143"
"2119745643","2093456341","0.0357143"
"2093456341","2158454296","0.0912698"
"2158454296","2093456341","0.0912698"
"2093456341","2172186225","0.0357143"
"2172186225","2093456341","0.0357143"
"2093456341","2285300206","0.0357143"
"2285300206","2093456341","0.0357143"
"2093456341","947166667","0.0357143"
"947166667","2093456341","0.0357143"
"2108457969","2119745643","0.0357143"
"2119745643","2108457969","0.0357143"
"2108457969","2126400629","0.21627"
"2126400629","2108457969","0.21627"
"2108457969","2147368163","0.0912698"
"2147368163","2108457969","0.0912698"
"2108457969","2158454296","0.0912698"
"2158454296","2108457969","0.0912698"
"2108457969","2172186225","0.0357143"
"2172186225","2108457969","0.0357143"
"2108457969","2285300206","0.0357143"
"2285300206","2108457969","0.0357143"
"2108457969","3023428462","0.21627"
"3023428462","2108457969","0.21627"
"2108457969","947166667","0.160714"
"947166667","2108457969","0.160714"
"2119745643","2126400629","0.0357143"
"2126400629","2119745643","0.0357143"
"2119745643","2147368163","0.0357143"
"2147368163","2119745643","0.0357143"
"2119745643","2158454296","0.0357143"
"2158454296","2119745643","0.0357143"
"2119745643","2172186225","0.0357143"
"2172186225","2119745643","0.0357143"
"2119745643","2285300206","0.0357143"
"2285300206","2119745643","0.0357143"
"2119745643","3023428462","0.0357143"
"3023428462","2119745643","0.0357143"
"2119745643","947166667","0.0357143"
"947166667","2119745643","0.0357143"
"2126400629","2147368163","0.19127"
"2147368163","2126400629","0.19127"
"2126400629","2158454296","0.0912698"
"2158454296","2126400629","0.0912698"
"2126400629","2285300206","0.0357143"
"2285300206","2126400629","0.0357143"
"2147368163","2158454296","0.0912698"
"2158454296","2147368163","0.0912698"
"2147368163","2172186225","0.0357143"
"2172186225","2147368163","0.0357143"
"2147368163","2285300206","0.0357143"
"2285300206","2147368163","0.0357143"
"2147368163","3023428462","0.19127"
"3023428462","2147368163","0.19127"
"2147368163","947166667","0.0357143"
"947166667","2147368163","0.0357143"
"2158454296","2172186225","0.0357143"
"2172186225","2158454296","0.0357143"
"2158454296","2285300206","0.0357143"
"2285300206","2158454296","0.0357143"
"2158454296","3023428462","0.0912698"
"3023428462","2158454296","0.0912698"
"2158454296","947166667","0.0357143"
"947166667","2158454296","0.0357143"
"2172186225","2285300206","0.0357143"
"2285300206","2172186225","0.0357143"
"2285300206","3023428462","0.0357143"
"3023428462","2285300206","0.0357143"
"2285300206","947166667","0.0357143"
"947166667","2285300206","0.0357143"
"1483135265","1484413656","1.63952"
"1484413656","1483135265","1.63952"
"1483135265","1506285740","0.26452"
"1506285740","1483135265","0.26452"
"1483135265","1576962511","2.03952"
"1576962511","1483135265","2.03952"
"1483135265","1689168227","0.486742"
"1689168227","1483135265","0.486742"
"1483135265","1885645864","0.153409"
"1885645864","1483135265","0.153409"
"1483135265","2100406636","0.618687"
"2100406636","1483135265","0.618687"
"1483135265","2166559705","0.556187"
"2166559705","1483135265","0.556187"
"1484413656","1576962511","0.63952"
"1576962511","1484413656","0.63952"
"1484413656","1689168227","0.153409"
"1689168227","1484413656","0.153409"
"1484413656","1784417002","0.153409"
"1784417002","1484413656","0.153409"
"1484413656","1922718437","0.153409"
"1922718437","1484413656","0.153409"
"1484413656","1977496278","0.486742"
"1977496278","1484413656","0.486742"
"1484413656","2100406636","1.20202"
"2100406636","1484413656","1.20202"
"1484413656","2128906841","0.32702"
"2128906841","1484413656","0.32702"
"1484413656","2166559705","2.05619"
"2166559705","1484413656","2.05619"
"1506285740","1576962511","0.26452"
"1576962511","1506285740","0.26452"
"1506285740","1689168227","0.153409"
"1689168227","1506285740","0.153409"
"1506285740","1784417002","0.153409"
"1784417002","1506285740","0.153409"
"1506285740","1922718437","0.153409"
"1922718437","1506285740","0.153409"
"1506285740","1977496278","0.486742"
"1977496278","1506285740","0.486742"
"1506285740","2100406636","0.82702"
"2100406636","1506285740","0.82702"
"1506285740","2128906841","0.20202"
"2128906841","1506285740","0.20202"
"1506285740","2166559705","1.05619"
"2166559705","1506285740","1.05619"
"1576962511","1689168227","1.07008"
"1689168227","1576962511","1.07008"
"1576962511","1784417002","1.07008"
"1784417002","1576962511","1.07008"
"1576962511","1885645864","0.153409"
"1885645864","1576962511","0.153409"
"1576962511","1922718437","1.07008"
"1922718437","1576962511","1.07008"
"1576962511","1977496278","0.153409"
"1977496278","1576962511","0.153409"
"1576962511","2100406636","0.20202"
"2100406636","1576962511","0.20202"
"1576962511","2128906841","0.32702"
"2128906841","1576962511","0.32702"
"1576962511","2166559705","0.38952"
"2166559705","1576962511","0.38952"
"1689168227","1784417002","1.90341"
"1784417002","1689168227","1.90341"
"1689168227","1885645864","0.320076"
"1885645864","1689168227","0.320076"
"1689168227","1922718437","2.23674"
"1922718437","1689168227","2.23674"
"1689168227","1977496278","0.153409"
"1977496278","1689168227","0.153409"
"1689168227","2100406636","0.0909091"
"2100406636","1689168227","0.0909091"
"1689168227","2128906841","0.0909091"
"2128906841","1689168227","0.0909091"
"1689168227","2166559705","0.153409"
"2166559705","1689168227","0.153409"
"1784417002","1885645864","0.153409"
"1885645864","1784417002","0.153409"
"1784417002","2100406636","0.340909"
"2100406636","1784417002","0.340909"
"1784417002","2166559705","0.153409"
"2166559705","1784417002","0.153409"
"1885645864","1922718437","0.153409"
"1922718437","1885645864","0.153409"
"1885645864","1977496278","0.153409"
"1977496278","1885645864","0.153409"
"1885645864","2100406636","0.0909091"
"2100406636","1885645864","0.0909091"
"1885645864","2128906841","0.0909091"
"2128906841","1885645864","0.0909091"
"1885645864","2166559705","0.153409"
"2166559705","1885645864","0.153409"
"1922718437","2100406636","0.507576"
"2100406636","1922718437","0.507576"
"1922718437","2166559705","0.320076"
