"100783751","2406114359","2.22584"
"2406114359","100783751","2.22584"
"100783751","1533198084","0.171429"
"1533198084","100783751","0.171429"
"100783751","1886782000","0.10084"
"1886782000","100783751","0.10084"
"100783751","2030103067","1.20084"
"2030103067","100783751","1.20084"
"100783751","2043420170","0.20084"
"2043420170","100783751","0.20084"
"100783751","2113021202","0.171429"
"2113021202","100783751","0.171429"
"100783751","2118739340","0.10084"
"2118739340","100783751","0.10084"
"100783751","2144948358","0.492507"
"2144948358","100783751","0.492507"
"100783751","2162181203","0.20084"
"2162181203","100783751","0.20084"
"100783751","2398558317","0.10084"
"2398558317","100783751","0.10084"
"100783751","2513812716","0.10084"
"2513812716","100783751","0.10084"
"100783751","2522781938","0.0714286"
"2522781938","100783751","0.0714286"
"100783751","2584608588","0.0714286"
"2584608588","100783751","0.0714286"
"100783751","66241193","0.10084"
"66241193","100783751","0.10084"
"1533198084","1886782000","0.0714286"
"1886782000","1533198084","0.0714286"
"1533198084","2030103067","0.504762"
"2030103067","1533198084","0.504762"
"1533198084","2043420170","2.54048"
"2043420170","1533198084","2.54048"
"1533198084","2113021202","0.171429"
"2113021202","1533198084","0.171429"
"1533198084","2118739340","0.0714286"
"2118739340","1533198084","0.0714286"
"1533198084","2144948358","0.171429"
"2144948358","1533198084","0.171429"
"1533198084","2162181203","0.504762"
"2162181203","1533198084","0.504762"
"1533198084","2398558317","0.404762"
"2398558317","1533198084","0.404762"
"1533198084","2406114359","0.357143"
"2406114359","1533198084","0.357143"
"1533198084","2513812716","0.607143"
"2513812716","1533198084","0.607143"
"1533198084","2522781938","0.0714286"
"2522781938","1533198084","0.0714286"
"1533198084","2584608588","0.0714286"
"2584608588","1533198084","0.0714286"
"1533198084","66241193","1.07143"
"66241193","1533198084","1.07143"
"1886782000","2030103067","1.55246"
"2030103067","1886782000","1.55246"
"1886782000","2043420170","0.10084"
"2043420170","1886782000","0.10084"
"1886782000","2113021202","0.0714286"
"2113021202","1886782000","0.0714286"
"1886782000","2118739340","1.29294"
"2118739340","1886782000","1.29294"
"1886782000","2144948358","0.10084"
"2144948358","1886782000","0.10084"
"1886782000","2162181203","4.00246"
"2162181203","1886782000","4.00246"
"1886782000","2398558317","0.517507"
"2398558317","1886782000","0.517507"
"1886782000","2406114359","1.76751"
"2406114359","1886782000","1.76751"
"1886782000","2513812716","0.10084"
"2513812716","1886782000","0.10084"
"1886782000","2522781938","0.0714286"
"2522781938","1886782000","0.0714286"
"1886782000","2584608588","0.0714286"
"2584608588","1886782000","0.0714286"
"1886782000","66241193","1.37627"
"66241193","1886782000","1.37627"
"2030103067","2043420170","0.596674"
"2043420170","2030103067","0.596674"
"2030103067","2113021202","0.233929"
"2113021202","2030103067","0.233929"
"2030103067","2118739340","3.63044"
"2118739340","2030103067","3.63044"
"2030103067","2144948358","0.32584"
"2144948358","2030103067","0.32584"
"2030103067","2162181203","8.35663"
"2162181203","2030103067","8.35663"
"2030103067","2398558317","0.746674"
"2398558317","2030103067","0.746674"
"2030103067","2406114359","0.88834"
"2406114359","2030103067","0.88834"
"2030103067","2513812716","1.11334"
"2513812716","2030103067","1.11334"
"2030103067","2522781938","0.133929"
"2522781938","2030103067","0.133929"
"2030103067","2584608588","0.271429"
"2584608588","2030103067","0.271429"
"2030103067","66241193","2.17211"
"66241193","2030103067","2.17211"
"2043420170","2113021202","0.433929"
"2113021202","2043420170","0.433929"
"2043420170","2118739340","0.16334"
"2118739340","2043420170","0.16334"
"2043420170","2144948358","0.20084"
"2144948358","2043420170","0.20084"
"2043420170","2162181203","0.26334"
"2162181203","2043420170","0.26334"
"2043420170","2398558317","0.16334"
"2398558317","2043420170","0.16334"
"2043420170","2406114359","1.28239"
"2406114359","2043420170","1.28239"
"2043420170","2513812716","2.09905"
"2513812716","2043420170","2.09905"
"2043420170","2522781938","0.333929"
"2522781938","2043420170","0.333929"
"2043420170","2584608588","0.0714286"
"2584608588","2043420170","0.0714286"
"2043420170","66241193","0.86334"
"66241193","2043420170","0.86334"
"2113021202","2118739340","0.383929"
"2118739340","2113021202","0.383929"
"2113021202","2144948358","0.171429"
"2144948358","2113021202","0.171429"
"2113021202","2162181203","0.483929"
"2162181203","2113021202","0.483929"
"2113021202","2398558317","0.383929"
"2398558317","2113021202","0.383929"
"2113021202","2406114359","0.133929"
"2406114359","2113021202","0.133929"
"2113021202","2513812716","0.333929"
"2513812716","2113021202","0.333929"
"2113021202","2522781938","10.3339"
"2522781938","2113021202","10.3339"
"2113021202","2584608588","0.0714286"
"2584608588","2113021202","0.0714286"
"2113021202","66241193","0.333929"
"66241193","2113021202","0.333929"
"2118739340","2144948358","0.16334"
"2144948358","2118739340","0.16334"
"2118739340","2162181203","2.64711"
"2162181203","2118739340","2.64711"
"2118739340","2398558317","0.66334"
"2398558317","2118739340","0.66334"
"2118739340","2406114359","0.47584"
"2406114359","2118739340","0.47584"
"2118739340","2513812716","0.67584"
"2513812716","2118739340","0.67584"
"2118739340","2522781938","0.133929"
"2522781938","2118739340","0.133929"
"2118739340","2584608588","0.271429"
"2584608588","2118739340","0.271429"
"2118739340","66241193","1.02925"
"66241193","2118739340","1.02925"
"2144948358","2162181203","0.343697"
"2162181203","2144948358","0.343697"
"2144948358","2398558317","0.10084"
"2398558317","2144948358","0.10084"
"2144948358","2406114359","1.56334"
"2406114359","2144948358","1.56334"
"2144948358","2513812716","0.16334"
"2513812716","2144948358","0.16334"
"2144948358","2522781938","0.0714286"
"2522781938","2144948358","0.0714286"
"2144948358","2584608588","0.0714286"
"2584608588","2144948358","0.0714286"
"2144948358","66241193","0.10084"
"66241193","2144948358","0.10084"
"2162181203","2398558317","1.41334"
"2398558317","2162181203","1.41334"
"2162181203","2406114359","2.68001"
"2406114359","2162181203","2.68001"
"2162181203","2513812716","0.41334"
"2513812716","2162181203","0.41334"
"2162181203","2522781938","0.133929"
"2522781938","2162181203","0.133929"
"2162181203","2584608588","0.0714286"
"2584608588","2162181203","0.0714286"
"2162181203","66241193","1.18877"
"66241193","2162181203","1.18877"
"2398558317","2406114359","0.830007"
"2406114359","2398558317","0.830007"
"2398558317","2513812716","0.880602"
"2513812716","2398558317","0.880602"
"2398558317","2522781938","0.133929"
"2522781938","2398558317","0.133929"
"2398558317","2584608588","0.404762"
"2584608588","2398558317","0.404762"
"2398558317","66241193","0.580007"
"66241193","2398558317","0.580007"
"2406114359","2513812716","2.76155"
"2513812716","2406114359","2.76155"
"2406114359","2522781938","0.133929"
"2522781938","2406114359","0.133929"
"2406114359","2584608588","0.0714286"
"2584608588","2406114359","0.0714286"
"2406114359","66241193","1.08001"
"66241193","2406114359","1.08001"
"2513812716","2522781938","1.33393"
"2522781938","2513812716","1.33393"
"2513812716","2584608588","5.8631"
"2584608588","2513812716","5.8631"
"2513812716","66241193","1.06334"
"66241193","2513812716","1.06334"
"2522781938","2584608588","0.0714286"
"2584608588","2522781938","0.0714286"
"2522781938","66241193","0.333929"
"66241193","2522781938","0.333929"
"2584608588","66241193","0.271429"
"66241193","2584608588","0.271429"
"100783751","1596947943","2.32108"
"1596947943","100783751","2.32108"
"100783751","1985712423","0.821078"
"1985712423","100783751","0.821078"
"100783751","2051582400","0.696078"
"2051582400","100783751","0.696078"
"1596947943","1985712423","1.45005"
"1985712423","1596947943","1.45005"
"1596947943","2051582400","1.44191"
"2051582400","1596947943","1.44191"
"1985712423","2051582400","1.65144"
"2051582400","1985712423","1.65144"
"100783751","1981590391","0.166667"
"1981590391","100783751","0.166667"
"100783751","2043437843","0.166667"
"2043437843","100783751","0.166667"
"100783751","2104511295","0.166667"
"2104511295","100783751","0.166667"
"100783751","2139929608","0.166667"
"2139929608","100783751","0.166667"
"100783751","51908901","0.196078"
"51908901","100783751","0.196078"
"100783751","61518770","0.166667"
"61518770","100783751","0.166667"
"1981590391","2043437843","0.5625"
"2043437843","1981590391","0.5625"
"1981590391","2104511295","10.6623"
"2104511295","1981590391","10.6623"
"1981590391","2139929608","2.17063"
"2139929608","1981590391","2.17063"
"1981590391","51908901","2.47778"
"51908901","1981590391","2.47778"
"1981590391","61518770","3.75952"
"61518770","1981590391","3.75952"
"2043437843","2104511295","0.238095"
"2104511295","2043437843","0.238095"
"2043437843","2139929608","0.238095"
"2139929608","2043437843","0.238095"
"2043437843","51908901","0.166667"
"51908901","2043437843","0.166667"
"2043437843","61518770","0.238095"
"61518770","2043437843","0.238095"
"2104511295","2139929608","3.74206"
"2139929608","2104511295","3.74206"
"2104511295","51908901","5.31111"
"51908901","2104511295","5.31111"
"2104511295","61518770","10.1643"
"61518770","2104511295","10.1643"
"2139929608","51908901","0.277778"
"51908901","2139929608","0.277778"
"2139929608","61518770","2.13095"
"61518770","2139929608","2.13095"
"51908901","61518770","1.86667"
"61518770","51908901","1.86667"
"100783751","147934850","0.1"
"147934850","100783751","0.1"
"100783751","1993451156","0.1"
"1993451156","100783751","0.1"
"100783751","2001558548","0.1"
"2001558548","100783751","0.1"
"100783751","2175958941","0.1"
"2175958941","100783751","0.1"
"147934850","1533198084","1.35"
"1533198084","147934850","1.35"
"147934850","1993451156","8.075"
"1993451156","147934850","8.075"
"147934850","2001558548","0.1"
"2001558548","147934850","0.1"
"147934850","2030103067","0.825"
"2030103067","147934850","0.825"
"147934850","2043420170","0.85"
"2043420170","147934850","0.85"
"147934850","2113021202","0.1"
"2113021202","147934850","0.1"
"147934850","2144948358","0.225"
"2144948358","147934850","0.225"
"147934850","2162181203","0.2"
"2162181203","147934850","0.2"
"147934850","2175958941","0.1"
"2175958941","147934850","0.1"
"1533198084","1993451156","0.35"
"1993451156","1533198084","0.35"
"1533198084","2001558548","0.1"
"2001558548","1533198084","0.1"
"1533198084","2175958941","0.1"
"2175958941","1533198084","0.1"
"1993451156","2001558548","0.1"
"2001558548","1993451156","0.1"
"1993451156","2030103067","0.3875"
"2030103067","1993451156","0.3875"
"1993451156","2043420170","1.4125"
"2043420170","1993451156","1.4125"
"1993451156","2113021202","0.1625"
"2113021202","1993451156","0.1625"
"1993451156","2144948358","0.617857"
"2144948358","1993451156","0.617857"
"1993451156","2162181203","0.405357"
"2162181203","1993451156","0.405357"
"1993451156","2175958941","1.1625"
"2175958941","1993451156","1.1625"
"2001558548","2030103067","0.1"
"2030103067","2001558548","0.1"
"2001558548","2043420170","0.1"
"2043420170","2001558548","0.1"
"2001558548","2113021202","0.1"
"2113021202","2001558548","0.1"
"2001558548","2144948358","0.1"
"2144948358","2001558548","0.1"
"2001558548","2162181203","0.1"
"2162181203","2001558548","0.1"
"2001558548","2175958941","0.1"
"2175958941","2001558548","0.1"
"2030103067","2175958941","0.1625"
"2175958941","2030103067","0.1625"
"2043420170","2175958941","0.3625"
"2175958941","2043420170","0.3625"
"2113021202","2175958941","0.6125"
"2175958941","2113021202","0.6125"
"2144948358","2175958941","0.1625"
"2175958941","2144948358","0.1625"
"2162181203","2175958941","0.4125"
"2175958941","2162181203","0.4125"
"100783751","2051322257","0.321078"
"2051322257","100783751","0.321078"
"100783751","2127812868","0.321078"
"2127812868","100783751","0.321078"
"100783751","2952530419","0.321078"
"2952530419","100783751","0.321078"
"1596947943","2051322257","0.383578"
"2051322257","1596947943","0.383578"
"1596947943","2127812868","0.55719"
"2127812868","1596947943","0.55719"
"1596947943","2144948358","0.383578"
"2144948358","1596947943","0.383578"
"1596947943","2406114359","1.38338"
"2406114359","1596947943","1.38338"
"1596947943","2952530419","0.321078"
"2952530419","1596947943","0.321078"
"2051322257","2127812868","1.30977"
"2127812868","2051322257","1.30977"
"2051322257","2144948358","7.13477"
"2144948358","2051322257","7.13477"
"2051322257","2406114359","1.74191"
"2406114359","2051322257","1.74191"
"2051322257","2952530419","3.94727"
"2952530419","2051322257","3.94727"
"2127812868","2144948358","1.55977"
"2144948358","2127812868","1.55977"
"2127812868","2406114359","1.34052"
"2406114359","2127812868","1.34052"
"2127812868","2952530419","0.997269"
"2952530419","2127812868","0.997269"
"2144948358","2952530419","4.94727"
"2952530419","2144948358","4.94727"
"2406114359","2952530419","1.30441"
"2952530419","2406114359","1.30441"
"100783751","1480700989","0.0294118"
"1480700989","100783751","0.0294118"
"100783751","1489291989","0.0294118"
"1489291989","100783751","0.0294118"
"100783751","1499090527","0.0294118"
"1499090527","100783751","0.0294118"
"100783751","1502688274","0.0294118"
"1502688274","100783751","0.0294118"
"100783751","1563482070","0.0294118"
"1563482070","100783751","0.0294118"
"100783751","161656270","0.0294118"
"161656270","100783751","0.0294118"
"100783751","1998982581","0.362745"
"1998982581","100783751","0.362745"
"100783751","2029841382","0.0294118"
"2029841382","100783751","0.0294118"
"100783751","2067308467","0.0294118"
"2067308467","100783751","0.0294118"
"100783751","2073531191","0.654412"
"2073531191","100783751","0.654412"
"100783751","2140564105","0.0294118"
"2140564105","100783751","0.0294118"
"100783751","2143237190","0.0294118"
"2143237190","100783751","0.0294118"
"100783751","2144607742","0.0294118"
"2144607742","100783751","0.0294118"
"100783751","2149770511","0.0294118"
"2149770511","100783751","0.0294118"
"100783751","2155758146","0.0294118"
"2155758146","100783751","0.0294118"
"100783751","2156543375","0.0294118"
"2156543375","100783751","0.0294118"
"100783751","2157060173","0.0294118"
"2157060173","100783751","0.0294118"
"1480700989","1489291989","0.129412"
"1489291989","1480700989","0.129412"
"1480700989","1499090527","0.129412"
"1499090527","1480700989","0.129412"
"1480700989","1502688274","0.0294118"
"1502688274","1480700989","0.0294118"
"1480700989","1563482070","0.0294118"
"1563482070","1480700989","0.0294118"
"1480700989","1596947943","0.407821"
"1596947943","1480700989","0.407821"
"1480700989","161656270","0.0294118"
"161656270","1480700989","0.0294118"
"1480700989","1886782000","2.02865"
"1886782000","1480700989","2.02865"
"1480700989","1985712423","0.258578"
"1985712423","1480700989","0.258578"
"1480700989","1998982581","0.0294118"
"1998982581","1480700989","0.0294118"
"1480700989","2029841382","0.0294118"
"2029841382","1480700989","0.0294118"
"1480700989","2030103067","0.532821"
"2030103067","1480700989","0.532821"
"1480700989","2043420170","0.0919118"
"2043420170","1480700989","0.0919118"
"1480700989","2051322257","0.0294118"
"2051322257","1480700989","0.0294118"
"1480700989","2051582400","0.129412"
"2051582400","1480700989","0.129412"
"1480700989","2067308467","0.562745"
"2067308467","1480700989","0.562745"
"1480700989","2073531191","0.0294118"
"2073531191","1480700989","0.0294118"
"1480700989","2118739340","0.682821"
"2118739340","1480700989","0.682821"
"1480700989","2127812868","0.0919118"
"2127812868","1480700989","0.0919118"
"1480700989","2140564105","0.129412"
"2140564105","1480700989","0.129412"
"1480700989","2143237190","0.562745"
"2143237190","1480700989","0.562745"
"1480700989","2144607742","0.0294118"
"2144607742","1480700989","0.0294118"
"1480700989","2144948358","0.0294118"
"2144948358","1480700989","0.0294118"
"1480700989","2149770511","0.0294118"
"2149770511","1480700989","0.0294118"
"1480700989","2155758146","0.562745"
"2155758146","1480700989","0.562745"
"1480700989","2156543375","1.02941"
"2156543375","1480700989","1.02941"
"1480700989","2157060173","0.0294118"
"2157060173","1480700989","0.0294118"
"1480700989","2162181203","2.06615"
"2162181203","1480700989","2.06615"
"1480700989","2398558317","0.258578"
"2398558317","1480700989","0.258578"
"1480700989","2406114359","0.358578"
"2406114359","1480700989","0.358578"
"1480700989","2513812716","0.0919118"
"2513812716","1480700989","0.0919118"
"1480700989","2952530419","0.0294118"
"2952530419","1480700989","0.0294118"
"1480700989","51908901","0.0294118"
"51908901","1480700989","0.0294118"
"1480700989","66241193","0.474488"
"66241193","1480700989","0.474488"
"1489291989","1499090527","0.129412"
"1499090527","1489291989","0.129412"
"1489291989","1502688274","0.0294118"
"1502688274","1489291989","0.0294118"
"1489291989","1563482070","1.77941"
"1563482070","1489291989","1.77941"
"1489291989","1596947943","0.796078"
"1596947943","1489291989","0.796078"
"1489291989","161656270","0.0294118"
"161656270","1489291989","0.0294118"
"1489291989","1886782000","0.0294118"
"1886782000","1489291989","0.0294118"
"1489291989","1985712423","0.321078"
"1985712423","1489291989","0.321078"
"1489291989","1998982581","1.02941"
"1998982581","1489291989","1.02941"
"1489291989","2029841382","0.0294118"
"2029841382","1489291989","0.0294118"
"1489291989","2030103067","3.75441"
"2030103067","1489291989","3.75441"
"1489291989","2043420170","0.0294118"
"2043420170","1489291989","0.0294118"
"1489291989","2051322257","0.321078"
"2051322257","1489291989","0.321078"
"1489291989","2051582400","1.62941"
"2051582400","1489291989","1.62941"
"1489291989","2067308467","0.0294118"
"2067308467","1489291989","0.0294118"
"1489291989","2073531191","0.321078"
"2073531191","1489291989","0.321078"
"1489291989","2118739340","0.362745"
"2118739340","1489291989","0.362745"
"1489291989","2127812868","0.0294118"
"2127812868","1489291989","0.0294118"
"1489291989","2140564105","0.129412"
"2140564105","1489291989","0.129412"
"1489291989","2143237190","0.0294118"
"2143237190","1489291989","0.0294118"
"1489291989","2144607742","0.0294118"
"2144607742","1489291989","0.0294118"
"1489291989","2144948358","0.321078"
"2144948358","1489291989","0.321078"
"1489291989","2149770511","0.362745"
"2149770511","1489291989","0.362745"
"1489291989","2155758146","0.0294118"
"2155758146","1489291989","0.0294118"
"1489291989","2156543375","0.0294118"
"2156543375","1489291989","0.0294118"
"1489291989","2157060173","0.0294118"
"2157060173","1489291989","0.0294118"
"1489291989","2162181203","0.129412"
"2162181203","1489291989","0.129412"
"1489291989","2398558317","0.0294118"
"2398558317","1489291989","0.0294118"
"1489291989","2406114359","0.254412"
"2406114359","1489291989","0.254412"
"1489291989","2513812716","0.0294118"
"2513812716","1489291989","0.0294118"
"1489291989","2952530419","0.196078"
"2952530419","1489291989","0.196078"
"1489291989","51908901","0.0294118"
"51908901","1489291989","0.0294118"
"1489291989","66241193","0.0294118"
"66241193","1489291989","0.0294118"
"1499090527","1502688274","0.0294118"
"1502688274","1499090527","0.0294118"
"1499090527","1563482070","0.0294118"
"1563482070","1499090527","0.0294118"
"1499090527","1596947943","0.605602"
"1596947943","1499090527","0.605602"
"1499090527","161656270","0.0294118"
"161656270","1499090527","0.0294118"
"1499090527","1886782000","0.0294118"
"1886782000","1499090527","0.0294118"
"1499090527","1985712423","0.172269"
"1985712423","1499090527","0.172269"
"1499090527","1998982581","0.0294118"
"1998982581","1499090527","0.0294118"
"1499090527","2029841382","0.0294118"
"2029841382","1499090527","0.0294118"
"1499090527","2030103067","0.462745"
"2030103067","1499090527","0.462745"
"1499090527","2043420170","4.76513"
"2043420170","1499090527","4.76513"
"1499090527","2051322257","0.0294118"
"2051322257","1499090527","0.0294118"
"1499090527","2051582400","0.129412"
"2051582400","1499090527","0.129412"
"1499090527","2067308467","0.0294118"
"2067308467","1499090527","0.0294118"
"1499090527","2073531191","0.0294118"
"2073531191","1499090527","0.0294118"
"1499090527","2118739340","0.0294118"
"2118739340","1499090527","0.0294118"
"1499090527","2127812868","0.0294118"
"2127812868","1499090527","0.0294118"
"1499090527","2140564105","2.78179"
"2140564105","1499090527","2.78179"
"1499090527","2143237190","0.422269"
"2143237190","1499090527","0.422269"
"1499090527","2144607742","0.0294118"
"2144607742","1499090527","0.0294118"
"1499090527","2144948358","0.0294118"
"2144948358","1499090527","0.0294118"
"1499090527","2149770511","0.0294118"
"2149770511","1499090527","0.0294118"
"1499090527","2155758146","0.172269"
"2155758146","1499090527","0.172269"
"1499090527","2156543375","0.0294118"
"2156543375","1499090527","0.0294118"
"1499090527","2157060173","0.0294118"
"2157060173","1499090527","0.0294118"
"1499090527","2162181203","0.129412"
"2162181203","1499090527","0.129412"
"1499090527","2398558317","0.0294118"
"2398558317","1499090527","0.0294118"
"1499090527","2406114359","0.748459"
"2406114359","1499090527","0.748459"
"1499090527","2513812716","1.26513"
"2513812716","1499090527","1.26513"
"1499090527","2952530419","0.0294118"
"2952530419","1499090527","0.0294118"
"1499090527","51908901","0.0294118"
"51908901","1499090527","0.0294118"
"1499090527","66241193","0.0294118"
"66241193","1499090527","0.0294118"
"1502688274","1563482070","0.0294118"
"1563482070","1502688274","0.0294118"
"1502688274","1596947943","0.0294118"
"1596947943","1502688274","0.0294118"
"1502688274","161656270","0.0294118"
"161656270","1502688274","0.0294118"
"1502688274","1886782000","0.0294118"
"1886782000","1502688274","0.0294118"
"1502688274","1985712423","0.0294118"
"1985712423","1502688274","0.0294118"
"1502688274","1998982581","0.0294118"
"1998982581","1502688274","0.0294118"
"1502688274","2029841382","4.43417"
"2029841382","1502688274","4.43417"
"1502688274","2030103067","0.0294118"
"2030103067","1502688274","0.0294118"
"1502688274","2043420170","0.0294118"
"2043420170","1502688274","0.0294118"
"1502688274","2051322257","0.0294118"
"2051322257","1502688274","0.0294118"
"1502688274","2051582400","0.0294118"
"2051582400","1502688274","0.0294118"
"1502688274","2067308467","0.0294118"
"2067308467","1502688274","0.0294118"
"1502688274","2073531191","0.0294118"
"2073531191","1502688274","0.0294118"
"1502688274","2118739340","0.0294118"
"2118739340","1502688274","0.0294118"
"1502688274","2127812868","0.0294118"
"2127812868","1502688274","0.0294118"
"1502688274","2140564105","0.0294118"
"2140564105","1502688274","0.0294118"
"1502688274","2143237190","0.0294118"
"2143237190","1502688274","0.0294118"
"1502688274","2144607742","0.0294118"
"2144607742","1502688274","0.0294118"
"1502688274","2144948358","0.0294118"
"2144948358","1502688274","0.0294118"
"1502688274","2149770511","0.0294118"
"2149770511","1502688274","0.0294118"
"1502688274","2155758146","0.0294118"
"2155758146","1502688274","0.0294118"
"1502688274","2156543375","0.0294118"
"2156543375","1502688274","0.0294118"
"1502688274","2157060173","0.0294118"
"2157060173","1502688274","0.0294118"
"1502688274","2162181203","0.0294118"
"2162181203","1502688274","0.0294118"
"1502688274","2398558317","0.10084"
"2398558317","1502688274","0.10084"
"1502688274","2406114359","0.529412"
"2406114359","1502688274","0.529412"
"1502688274","2513812716","0.60084"
"2513812716","1502688274","0.60084"
"1502688274","2952530419","0.0294118"
"2952530419","1502688274","0.0294118"
"1502688274","51908901","0.0294118"
"51908901","1502688274","0.0294118"
"1502688274","66241193","0.0294118"
"66241193","1502688274","0.0294118"
"1563482070","1596947943","0.0294118"
"1596947943","1563482070","0.0294118"
"1563482070","161656270","0.979412"
"161656270","1563482070","0.979412"
"1563482070","1886782000","0.0294118"
"1886782000","1563482070","0.0294118"
"1563482070","1985712423","0.0294118"
"1985712423","1563482070","0.0294118"
"1563482070","1998982581","0.0294118"
"1998982581","1563482070","0.0294118"
"1563482070","2029841382","0.0294118"
"2029841382","1563482070","0.0294118"
"1563482070","2030103067","1.02941"
"2030103067","1563482070","1.02941"
"1563482070","2043420170","0.0294118"
"2043420170","1563482070","0.0294118"
"1563482070","2051322257","0.0294118"
"2051322257","1563482070","0.0294118"
"1563482070","2051582400","0.0294118"
"2051582400","1563482070","0.0294118"
"1563482070","2067308467","0.0294118"
"2067308467","1563482070","0.0294118"
"1563482070","2073531191","0.0294118"
"2073531191","1563482070","0.0294118"
"1563482070","2118739340","0.0294118"
"2118739340","1563482070","0.0294118"
"1563482070","2127812868","0.0294118"
"2127812868","1563482070","0.0294118"
"1563482070","2140564105","0.0294118"
"2140564105","1563482070","0.0294118"
"1563482070","2143237190","0.0294118"
"2143237190","1563482070","0.0294118"
"1563482070","2144607742","0.0294118"
"2144607742","1563482070","0.0294118"
"1563482070","2144948358","0.0294118"
"2144948358","1563482070","0.0294118"
"1563482070","2149770511","0.0294118"
"2149770511","1563482070","0.0294118"
"1563482070","2155758146","0.0294118"
"2155758146","1563482070","0.0294118"
"1563482070","2156543375","0.0294118"
"2156543375","1563482070","0.0294118"
"1563482070","2157060173","0.0294118"
"2157060173","1563482070","0.0294118"
"1563482070","2162181203","0.0294118"
"2162181203","1563482070","0.0294118"
"1563482070","2398558317","0.0294118"
"2398558317","1563482070","0.0294118"
"1563482070","2406114359","0.0294118"
"2406114359","1563482070","0.0294118"
"1563482070","2513812716","0.0294118"
"2513812716","1563482070","0.0294118"
"1563482070","2952530419","0.0294118"
"2952530419","1563482070","0.0294118"
"1563482070","51908901","0.229412"
"51908901","1563482070","0.229412"
"1563482070","66241193","0.0294118"
"66241193","1563482070","0.0294118"
"1596947943","161656270","0.0294118"
"161656270","1596947943","0.0294118"
"1596947943","1886782000","0.463178"
"1886782000","1596947943","0.463178"
"1596947943","1998982581","0.425245"
"1998982581","1596947943","0.425245"
"1596947943","2029841382","0.0294118"
"2029841382","1596947943","0.0294118"
"1596947943","2030103067","2.36734"
"2030103067","1596947943","2.36734"
"1596947943","2043420170","0.568102"
"2043420170","1596947943","0.568102"
"1596947943","2067308467","0.140523"
"2067308467","1596947943","0.140523"
"1596947943","2073531191","0.216912"
"2073531191","1596947943","0.216912"
"1596947943","2118739340","1.90365"
"2118739340","1596947943","1.90365"
"1596947943","2140564105","0.272269"
"2140564105","1596947943","0.272269"
"1596947943","2143237190","0.140523"
"2143237190","1596947943","0.140523"
"1596947943","2144607742","0.0919118"
"2144607742","1596947943","0.0919118"
"1596947943","2149770511","0.786356"
"2149770511","1596947943","0.786356"
"1596947943","2155758146","0.0294118"
"2155758146","1596947943","0.0294118"
"1596947943","2156543375","0.0294118"
"2156543375","1596947943","0.0294118"
"1596947943","2157060173","0.140523"
"2157060173","1596947943","0.140523"
"1596947943","2162181203","2.00068"
"2162181203","1596947943","2.00068"
"1596947943","2398558317","0.0919118"
"2398558317","1596947943","0.0919118"
"1596947943","2513812716","0.297269"
"2513812716","1596947943","0.297269"
"1596947943","51908901","0.0919118"
"51908901","1596947943","0.0919118"
"1596947943","66241193","0.775678"
"66241193","1596947943","0.775678"
"161656270","1886782000","0.0294118"
"1886782000","161656270","0.0294118"
"161656270","1985712423","0.0294118"
"1985712423","161656270","0.0294118"
"161656270","1998982581","0.0294118"
"1998982581","161656270","0.0294118"
"161656270","2029841382","0.0294118"
"2029841382","161656270","0.0294118"
"161656270","2030103067","0.0294118"
"2030103067","161656270","0.0294118"
"161656270","2043420170","0.0294118"
"2043420170","161656270","0.0294118"
"161656270","2051322257","0.0294118"
"2051322257","161656270","0.0294118"
"161656270","2051582400","0.0294118"
"2051582400","161656270","0.0294118"
"161656270","2067308467","0.0294118"
"2067308467","161656270","0.0294118"
"161656270","2073531191","0.0294118"
"2073531191","161656270","0.0294118"
"161656270","2118739340","0.0294118"
"2118739340","161656270","0.0294118"
"161656270","2127812868","0.0294118"
"2127812868","161656270","0.0294118"
"161656270","2140564105","0.0294118"
"2140564105","161656270","0.0294118"
"161656270","2143237190","0.0294118"
"2143237190","161656270","0.0294118"
"161656270","2144607742","0.0294118"
"2144607742","161656270","0.0294118"
"161656270","2144948358","0.0294118"
"2144948358","161656270","0.0294118"
"161656270","2149770511","0.0294118"
"2149770511","161656270","0.0294118"
"161656270","2155758146","0.529412"
"2155758146","161656270","0.529412"
"161656270","2156543375","0.0294118"
"2156543375","161656270","0.0294118"
"161656270","2157060173","0.0294118"
"2157060173","161656270","0.0294118"
"161656270","2162181203","0.0294118"
"2162181203","161656270","0.0294118"
"161656270","2398558317","0.0294118"
"2398558317","161656270","0.0294118"
"161656270","2406114359","0.0294118"
"2406114359","161656270","0.0294118"
"161656270","2513812716","0.0294118"
"2513812716","161656270","0.0294118"
"161656270","2952530419","0.0294118"
"2952530419","161656270","0.0294118"
"161656270","51908901","1.72941"
"51908901","161656270","1.72941"
"161656270","66241193","0.0294118"
"66241193","161656270","0.0294118"
"1886782000","1985712423","0.446078"
"1985712423","1886782000","0.446078"
"1886782000","1998982581","0.0294118"
"1998982581","1886782000","0.0294118"
"1886782000","2029841382","0.0294118"
"2029841382","1886782000","0.0294118"
"1886782000","2051322257","0.0294118"
"2051322257","1886782000","0.0294118"
"1886782000","2051582400","0.0294118"
"2051582400","1886782000","0.0294118"
"1886782000","2067308467","0.479412"
"2067308467","1886782000","0.479412"
"1886782000","2073531191","0.0294118"
"2073531191","1886782000","0.0294118"
"1886782000","2127812868","0.0294118"
"2127812868","1886782000","0.0294118"
"1886782000","2140564105","0.0294118"
"2140564105","1886782000","0.0294118"
"1886782000","2143237190","0.479412"
"2143237190","1886782000","0.479412"
"1886782000","2144607742","0.0294118"
"2144607742","1886782000","0.0294118"
"1886782000","2149770511","0.0294118"
"2149770511","1886782000","0.0294118"
"1886782000","2155758146","0.229412"
"2155758146","1886782000","0.229412"
"1886782000","2156543375","0.0294118"
"2156543375","1886782000","0.0294118"
"1886782000","2157060173","0.0294118"
"2157060173","1886782000","0.0294118"
"1886782000","2952530419","0.0294118"
"2952530419","1886782000","0.0294118"
"1886782000","51908901","0.0294118"
"51908901","1886782000","0.0294118"
"1985712423","1998982581","0.0919118"
"1998982581","1985712423","0.0919118"
"1985712423","2029841382","0.0294118"
"2029841382","1985712423","0.0294118"
"1985712423","2030103067","0.216912"
"2030103067","1985712423","0.216912"
"1985712423","2043420170","0.234769"
"2043420170","1985712423","0.234769"
"1985712423","2051322257","1.9681"
"2051322257","1985712423","1.9681"
"1985712423","2067308467","0.140523"
"2067308467","1985712423","0.140523"
"1985712423","2073531191","1.0181"
"2073531191","1985712423","1.0181"
"1985712423","2118739340","0.154412"
"2118739340","1985712423","0.154412"
"1985712423","2127812868","2.81671"
"2127812868","1985712423","2.81671"
"1985712423","2140564105","0.172269"
"2140564105","1985712423","0.172269"
"1985712423","2143237190","0.140523"
"2143237190","1985712423","0.140523"
"1985712423","2144607742","0.234769"
"2144607742","1985712423","0.234769"
"1985712423","2144948358","2.2181"
"2144948358","1985712423","2.2181"
"1985712423","2149770511","0.59588"
"2149770511","1985712423","0.59588"
"1985712423","2155758146","0.0294118"
"2155758146","1985712423","0.0294118"
"1985712423","2156543375","0.172269"
"2156543375","1985712423","0.172269"
"1985712423","2157060173","0.78338"
"2157060173","1985712423","0.78338"
"1985712423","2162181203","0.651436"
"2162181203","1985712423","0.651436"
"1985712423","2398558317","0.508578"
"2398558317","1985712423","0.508578"
"1985712423","2406114359","2.53457"
"2406114359","1985712423","2.53457"
"1985712423","2513812716","0.297269"
"2513812716","1985712423","0.297269"
"1985712423","2952530419","1.5306"
"2952530419","1985712423","1.5306"
"1985712423","51908901","0.0919118"
"51908901","1985712423","0.0919118"
"1985712423","66241193","0.508578"
"66241193","1985712423","0.508578"
"1998982581","2029841382","0.0294118"
"2029841382","1998982581","0.0294118"
"1998982581","2030103067","0.0294118"
"2030103067","1998982581","0.0294118"
"1998982581","2043420170","0.0294118"
"2043420170","1998982581","0.0294118"
"1998982581","2051322257","0.0919118"
"2051322257","1998982581","0.0919118"
"1998982581","2051582400","2.17525"
"2051582400","1998982581","2.17525"
"1998982581","2067308467","0.0294118"
"2067308467","1998982581","0.0294118"
"1998982581","2073531191","0.0919118"
"2073531191","1998982581","0.0919118"
"1998982581","2118739340","0.0919118"
"2118739340","1998982581","0.0919118"
"1998982581","2127812868","0.0919118"
"2127812868","1998982581","0.0919118"
"1998982581","2140564105","0.0294118"
"2140564105","1998982581","0.0294118"
"1998982581","2143237190","0.0294118"
"2143237190","1998982581","0.0294118"
"1998982581","2144607742","0.591912"
"2144607742","1998982581","0.591912"
"1998982581","2144948358","0.0919118"
"2144948358","1998982581","0.0919118"
"1998982581","2149770511","0.591912"
"2149770511","1998982581","0.591912"
"1998982581","2155758146","0.0294118"
"2155758146","1998982581","0.0294118"
"1998982581","2156543375","0.0294118"
"2156543375","1998982581","0.0294118"
"1998982581","2157060173","0.279412"
"2157060173","1998982581","0.279412"
"1998982581","2162181203","0.0294118"
"2162181203","1998982581","0.0294118"
"1998982581","2398558317","0.0294118"
"2398558317","1998982581","0.0294118"
"1998982581","2406114359","0.841912"
"2406114359","1998982581","0.841912"
"1998982581","2513812716","0.341912"
"2513812716","1998982581","0.341912"
"1998982581","2952530419","0.0294118"
"2952530419","1998982581","0.0294118"
"1998982581","51908901","0.0919118"
"51908901","1998982581","0.0919118"
"1998982581","66241193","0.0294118"
"66241193","1998982581","0.0294118"
"2029841382","2030103067","0.0294118"
"2030103067","2029841382","0.0294118"
"2029841382","2043420170","0.0294118"
"2043420170","2029841382","0.0294118"
"2029841382","2051322257","0.0294118"
"2051322257","2029841382","0.0294118"
"2029841382","2051582400","0.0294118"
"2051582400","2029841382","0.0294118"
"2029841382","2067308467","0.0294118"
"2067308467","2029841382","0.0294118"
"2029841382","2073531191","0.0294118"
"2073531191","2029841382","0.0294118"
"2029841382","2118739340","0.0294118"
"2118739340","2029841382","0.0294118"
"2029841382","2127812868","0.0294118"
"2127812868","2029841382","0.0294118"
"2029841382","2140564105","0.0294118"
"2140564105","2029841382","0.0294118"
"2029841382","2143237190","0.0294118"
"2143237190","2029841382","0.0294118"
"2029841382","2144607742","0.0294118"
"2144607742","2029841382","0.0294118"
"2029841382","2144948358","0.0294118"
"2144948358","2029841382","0.0294118"
"2029841382","2149770511","0.0294118"
"2149770511","2029841382","0.0294118"
"2029841382","2155758146","0.0294118"
"2155758146","2029841382","0.0294118"
"2029841382","2156543375","0.0294118"
"2156543375","2029841382","0.0294118"
"2029841382","2157060173","0.0294118"
"2157060173","2029841382","0.0294118"
"2029841382","2162181203","0.0294118"
"2162181203","2029841382","0.0294118"
"2029841382","2398558317","0.16334"
"2398558317","2029841382","0.16334"
"2029841382","2406114359","0.529412"
"2406114359","2029841382","0.529412"
"2029841382","2513812716","0.16334"
"2513812716","2029841382","0.16334"
"2029841382","2952530419","0.0294118"
"2952530419","2029841382","0.0294118"
"2029841382","51908901","0.0294118"
"51908901","2029841382","0.0294118"
"2029841382","66241193","0.0294118"
"66241193","2029841382","0.0294118"
"2030103067","2051322257","0.154412"
"2051322257","2030103067","0.154412"
"2030103067","2051582400","1.12941"
"2051582400","2030103067","1.12941"
"2030103067","2067308467","0.0294118"
"2067308467","2030103067","0.0294118"
"2030103067","2073531191","0.654412"
"2073531191","2030103067","0.654412"
"2030103067","2127812868","0.0919118"
"2127812868","2030103067","0.0919118"
"2030103067","2140564105","0.129412"
"2140564105","2030103067","0.129412"
"2030103067","2143237190","0.0294118"
"2143237190","2030103067","0.0294118"
"2030103067","2144607742","0.0294118"
"2144607742","2030103067","0.0294118"
"2030103067","2149770511","0.0294118"
"2149770511","2030103067","0.0294118"
"2030103067","2155758146","0.0294118"
"2155758146","2030103067","0.0294118"
"2030103067","2156543375","0.0294118"
"2156543375","2030103067","0.0294118"
"2030103067","2157060173","0.0294118"
"2157060173","2030103067","0.0294118"
"2030103067","2952530419","0.0294118"
"2952530419","2030103067","0.0294118"
"2030103067","51908901","0.0294118"
"51908901","2030103067","0.0294118"
"2043420170","2051322257","0.0294118"
"2051322257","2043420170","0.0294118"
"2043420170","2051582400","1.27941"
"2051582400","2043420170","1.27941"
"2043420170","2067308467","0.0294118"
"2067308467","2043420170","0.0294118"
"2043420170","2073531191","0.0294118"
"2073531191","2043420170","0.0294118"
"2043420170","2127812868","0.0919118"
"2127812868","2043420170","0.0919118"
"2043420170","2140564105","2.68179"
"2140564105","2043420170","2.68179"
"2043420170","2143237190","0.422269"
"2143237190","2043420170","0.422269"
"2043420170","2144607742","0.279412"
"2144607742","2043420170","0.279412"
"2043420170","2149770511","0.0294118"
"2149770511","2043420170","0.0294118"
"2043420170","2155758146","0.172269"
"2155758146","2043420170","0.172269"
"2043420170","2156543375","0.0294118"
"2156543375","2043420170","0.0294118"
"2043420170","2157060173","0.279412"
"2157060173","2043420170","0.279412"
"2043420170","2952530419","0.0294118"
"2952530419","2043420170","0.0294118"
"2043420170","51908901","0.0294118"
"51908901","2043420170","0.0294118"
"2051322257","2051582400","0.425245"
"2051582400","2051322257","0.425245"
"2051322257","2067308467","0.0294118"
"2067308467","2051322257","0.0294118"
"2051322257","2073531191","1.2681"
"2073531191","2051322257","1.2681"
"2051322257","2118739340","0.0919118"
"2118739340","2051322257","0.0919118"
"2051322257","2140564105","0.0294118"
"2140564105","2051322257","0.0294118"
"2051322257","2143237190","0.0294118"
"2143237190","2051322257","0.0294118"
"2051322257","2144607742","0.0919118"
"2144607742","2051322257","0.0919118"
"2051322257","2149770511","0.0919118"
"2149770511","2051322257","0.0919118"
"2051322257","2155758146","0.0294118"
"2155758146","2051322257","0.0294118"
"2051322257","2156543375","0.279412"
"2156543375","2051322257","0.279412"
"2051322257","2157060173","0.0294118"
"2157060173","2051322257","0.0294118"
"2051322257","2162181203","0.172269"
"2162181203","2051322257","0.172269"
"2051322257","2398558317","0.0294118"
"2398558317","2051322257","0.0294118"
"2051322257","2513812716","0.0919118"
"2513812716","2051322257","0.0919118"
"2051322257","51908901","0.0919118"
"51908901","2051322257","0.0919118"
"2051322257","66241193","0.0294118"
"66241193","2051322257","0.0294118"
"2051582400","2067308467","0.362745"
"2067308467","2051582400","0.362745"
"2051582400","2073531191","0.258578"
"2073531191","2051582400","0.258578"
"2051582400","2118739340","0.0919118"
"2118739340","2051582400","0.0919118"
"2051582400","2127812868","0.258578"
"2127812868","2051582400","0.258578"
"2051582400","2140564105","0.129412"
"2140564105","2051582400","0.129412"
"2051582400","2143237190","0.362745"
"2143237190","2051582400","0.362745"
"2051582400","2144607742","7.17882"
"2144607742","2051582400","7.17882"
"2051582400","2144948358","0.425245"
"2144948358","2051582400","0.425245"
"2051582400","2149770511","2.33596"
"2149770511","2051582400","2.33596"
"2051582400","2155758146","0.0294118"
"2155758146","2051582400","0.0294118"
