"10715555","1556061037","1.13269"
"1556061037","10715555","1.13269"
"10715555","1994424971","3.91911"
"1994424971","10715555","3.91911"
"10715555","2040263621","0.166667"
"2040263621","10715555","0.166667"
"10715555","2091990279","5.03578"
"2091990279","10715555","5.03578"
"10715555","2166685976","0.266667"
"2166685976","10715555","0.266667"
"10715555","2172080108","1.34402"
"2172080108","10715555","1.34402"
"1556061037","1994424971","1.26602"
"1994424971","1556061037","1.26602"
"1556061037","2040263621","0.25"
"2040263621","1556061037","0.25"
"1556061037","2091990279","2.04936"
"2091990279","1556061037","2.04936"
"1556061037","2166685976","0.166667"
"2166685976","1556061037","0.166667"
"1556061037","2172080108","0.682857"
"2172080108","1556061037","0.682857"
"1994424971","2040263621","0.166667"
"2040263621","1994424971","0.166667"
"1994424971","2091990279","11.0858"
"2091990279","1994424971","11.0858"
"1994424971","2166685976","0.166667"
"2166685976","1994424971","0.166667"
"1994424971","2172080108","1.57021"
"2172080108","1994424971","1.57021"
"2040263621","2091990279","0.25"
"2091990279","2040263621","0.25"
"2040263621","2166685976","0.666667"
"2166685976","2040263621","0.666667"
"2040263621","2172080108","0.25"
"2172080108","2040263621","0.25"
"2091990279","2166685976","0.166667"
"2166685976","2091990279","0.166667"
"2091990279","2172080108","3.17736"
"2172080108","2091990279","3.17736"
"2166685976","2172080108","0.166667"
"2172080108","2166685976","0.166667"
"10715555","1605096432","0.769023"
"1605096432","10715555","0.769023"
"1605096432","1994424971","2.35236"
"1994424971","1605096432","2.35236"
"1605096432","2091990279","1.01902"
"2091990279","1605096432","1.01902"
"10715555","2077190068","2.11026"
"2077190068","10715555","2.11026"
"1556061037","2077190068","0.783333"
"2077190068","1556061037","0.783333"
"2077190068","2091990279","2.86026"
"2091990279","2077190068","2.86026"
"1994424971","2077190068","1.16026"
"2077190068","1994424971","1.16026"
"2077190068","2172080108","0.636447"
"2172080108","2077190068","0.636447"
"10715555","2612063921","1.31859"
"2612063921","10715555","1.31859"
"1994424971","2612063921","0.985256"
"2612063921","1994424971","0.985256"
"2077190068","2612063921","1.39286"
"2612063921","2077190068","1.39286"
"2091990279","2612063921","1.81859"
"2612063921","2091990279","1.81859"
"10715555","2055743632","1.43377"
"2055743632","10715555","1.43377"
"10715555","2096504421","0.433333"
"2096504421","10715555","0.433333"
"10715555","2125555508","1.67317"
"2125555508","10715555","1.67317"
"2055743632","2096504421","0.47619"
"2096504421","2055743632","0.47619"
"2055743632","2125555508","1.43377"
"2125555508","2055743632","1.43377"
"2096504421","2125555508","1.1873"
"2125555508","2096504421","1.1873"
"10715555","1541338408","0.369755"
"1541338408","10715555","0.369755"
"10715555","202016214","1.25428"
"202016214","10715555","1.25428"
"10715555","2028931136","0.277013"
"2028931136","10715555","0.277013"
"10715555","2030680965","0.277013"
"2030680965","10715555","0.277013"
"10715555","2031030051","0.402013"
"2031030051","10715555","0.402013"
"10715555","2162821775","0.402013"
"2162821775","10715555","0.402013"
"10715555","2164813792","0.369755"
"2164813792","10715555","0.369755"
"10715555","2169797554","0.244755"
"2169797554","10715555","0.244755"
"1541338408","1994424971","1.03642"
"1994424971","1541338408","1.03642"
"1541338408","202016214","0.244755"
"202016214","1541338408","0.244755"
"1541338408","2028931136","0.387612"
"2028931136","1541338408","0.387612"
"1541338408","2030680965","0.387612"
"2030680965","1541338408","0.387612"
"1541338408","2031030051","2.97372"
"2031030051","1541338408","2.97372"
"1541338408","2091990279","0.786422"
"2091990279","1541338408","0.786422"
"1541338408","2162821775","0.369755"
"2162821775","1541338408","0.369755"
"1541338408","2164813792","1.55309"
"2164813792","1541338408","1.55309"
"1541338408","2169797554","1.0392"
"2169797554","1541338408","1.0392"
"1541338408","2172080108","0.394023"
"2172080108","1541338408","0.394023"
"1994424971","202016214","1.48047"
"202016214","1994424971","1.48047"
"1994424971","2028931136","0.860347"
"2028931136","1994424971","0.860347"
"1994424971","2030680965","0.610347"
"2030680965","1994424971","0.610347"
"1994424971","2031030051","2.56868"
"2031030051","1994424971","2.56868"
"1994424971","2162821775","0.402013"
"2162821775","1994424971","0.402013"
"1994424971","2164813792","0.369755"
"2164813792","1994424971","0.369755"
"1994424971","2169797554","0.244755"
"2169797554","1994424971","0.244755"
"202016214","2028931136","0.444755"
"2028931136","202016214","0.444755"
"202016214","2030680965","0.444755"
"2030680965","202016214","0.444755"
"202016214","2031030051","0.944755"
"2031030051","202016214","0.944755"
"202016214","2091990279","1.75428"
"2091990279","202016214","1.75428"
"202016214","2162821775","0.244755"
"2162821775","202016214","0.244755"
"202016214","2164813792","0.244755"
"2164813792","202016214","0.244755"
"202016214","2169797554","0.244755"
"2169797554","202016214","0.244755"
"202016214","2172080108","7.57021"
"2172080108","202016214","7.57021"
"2028931136","2030680965","5.34765"
"2030680965","2028931136","5.34765"
"2028931136","2031030051","0.730982"
"2031030051","2028931136","0.730982"
"2028931136","2091990279","0.527013"
"2091990279","2028931136","0.527013"
"2028931136","2162821775","0.878124"
"2162821775","2028931136","0.878124"
"2028931136","2164813792","0.244755"
"2164813792","2028931136","0.244755"
"2028931136","2169797554","0.244755"
"2169797554","2028931136","0.244755"
"2028931136","2172080108","0.600689"
"2172080108","2028931136","0.600689"
"2030680965","2031030051","0.730982"
"2031030051","2030680965","0.730982"
"2030680965","2091990279","0.277013"
"2091990279","2030680965","0.277013"
"2030680965","2162821775","0.838124"
"2162821775","2030680965","0.838124"
"2030680965","2164813792","0.244755"
"2164813792","2030680965","0.244755"
"2030680965","2169797554","0.244755"
"2169797554","2030680965","0.244755"
"2030680965","2172080108","0.310689"
"2172080108","2030680965","0.310689"
"2031030051","2091990279","0.81868"
"2091990279","2031030051","0.81868"
"2031030051","2162821775","0.560743"
"2162821775","2031030051","0.560743"
"2031030051","2164813792","0.700708"
"2164813792","2031030051","0.700708"
"2031030051","2169797554","0.729676"
"2169797554","2031030051","0.729676"
"2031030051","2172080108","0.394023"
"2172080108","2031030051","0.394023"
"2091990279","2162821775","0.402013"
"2162821775","2091990279","0.402013"
"2091990279","2164813792","0.453089"
"2164813792","2091990279","0.453089"
"2091990279","2169797554","0.328089"
"2169797554","2091990279","0.328089"
"2162821775","2164813792","0.494297"
"2164813792","2162821775","0.494297"
"2162821775","2169797554","0.369297"
"2169797554","2162821775","0.369297"
"2162821775","2172080108","0.207832"
"2172080108","2162821775","0.207832"
"2164813792","2169797554","1.05263"
"2169797554","2164813792","1.05263"
"2164813792","2172080108","0.251166"
"2172080108","2164813792","0.251166"
"2169797554","2172080108","0.251166"
"2172080108","2169797554","0.251166"
"10715555","1602455240","0.109181"
"1602455240","10715555","0.109181"
"10715555","2035716662","0.109181"
"2035716662","10715555","0.109181"
"1541338408","1602455240","0.160256"
"1602455240","1541338408","0.160256"
"1541338408","2035716662","0.160256"
"2035716662","1541338408","0.160256"
"1541338408","2612063921","0.678114"
"2612063921","1541338408","0.678114"
"1602455240","1994424971","0.109181"
"1994424971","1602455240","0.109181"
"1602455240","202016214","0.0769231"
"202016214","1602455240","0.0769231"
"1602455240","2028931136","0.309181"
"2028931136","1602455240","0.309181"
"1602455240","2030680965","0.309181"
"2030680965","1602455240","0.309181"
"1602455240","2031030051","0.792515"
"2031030051","1602455240","0.792515"
"1602455240","2035716662","12.9805"
"2035716662","1602455240","12.9805"
"1602455240","2091990279","0.192514"
"2091990279","1602455240","0.192514"
"1602455240","2162821775","0.386104"
"2162821775","1602455240","0.386104"
"1602455240","2164813792","0.337179"
"2164813792","1602455240","0.337179"
"1602455240","2169797554","0.237179"
"2169797554","1602455240","0.237179"
"1602455240","2612063921","0.0769231"
"2612063921","1602455240","0.0769231"
"1994424971","2035716662","0.109181"
"2035716662","1994424971","0.109181"
"202016214","2035716662","0.0769231"
"2035716662","202016214","0.0769231"
"202016214","2612063921","0.44359"
"2612063921","202016214","0.44359"
"2028931136","2035716662","0.309181"
"2035716662","2028931136","0.309181"
"2028931136","2612063921","0.553114"
"2612063921","2028931136","0.553114"
"2030680965","2035716662","0.309181"
"2035716662","2030680965","0.309181"
"2030680965","2612063921","0.553114"
"2612063921","2030680965","0.553114"
"2031030051","2035716662","0.792515"
"2035716662","2031030051","0.792515"
"2031030051","2612063921","0.678114"
"2612063921","2031030051","0.678114"
"2035716662","2091990279","0.192514"
"2091990279","2035716662","0.192514"
"2035716662","2162821775","0.386104"
"2162821775","2035716662","0.386104"
"2035716662","2164813792","0.337179"
"2164813792","2035716662","0.337179"
"2035716662","2169797554","0.237179"
"2169797554","2035716662","0.237179"
"2035716662","2612063921","0.0769231"
"2612063921","2035716662","0.0769231"
"2162821775","2612063921","0.201923"
"2612063921","2162821775","0.201923"
"2164813792","2612063921","0.201923"
"2612063921","2164813792","0.201923"
"2169797554","2612063921","0.0769231"
"2612063921","2169797554","0.0769231"
"1541338408","1605096432","0.34478"
"1605096432","1541338408","0.34478"
"1541338408","2077190068","0.21978"
"2077190068","1541338408","0.21978"
"1605096432","202016214","0.21978"
"202016214","1605096432","0.21978"
"1605096432","2028931136","1.25311"
"2028931136","1605096432","1.25311"
"1605096432","2030680965","1.25311"
"2030680965","1605096432","1.25311"
"1605096432","2031030051","0.34478"
"2031030051","1605096432","0.34478"
"1605096432","2077190068","0.46978"
"2077190068","1605096432","0.46978"
"1605096432","2162821775","0.401923"
"2162821775","1605096432","0.401923"
"1605096432","2164813792","0.201923"
"2164813792","1605096432","0.201923"
"1605096432","2169797554","0.0769231"
"2169797554","1605096432","0.0769231"
"1605096432","2172080108","0.362637"
"2172080108","1605096432","0.362637"
"202016214","2077190068","0.24359"
"2077190068","202016214","0.24359"
"2028931136","2077190068","0.553114"
"2077190068","2028931136","0.553114"
"2030680965","2077190068","0.553114"
"2077190068","2030680965","0.553114"
"2031030051","2077190068","0.21978"
"2077190068","2031030051","0.21978"
"2077190068","2162821775","0.0769231"
"2162821775","2077190068","0.0769231"
"2077190068","2164813792","0.0769231"
"2164813792","2077190068","0.0769231"
"2077190068","2169797554","0.0769231"
"2169797554","2077190068","0.0769231"
"10715555","2583394995","0.25"
"2583394995","10715555","0.25"
"202016214","2125555508","0.25"
"2125555508","202016214","0.25"
"202016214","2583394995","0.25"
"2583394995","202016214","0.25"
"2091990279","2125555508","0.739834"
"2125555508","2091990279","0.739834"
"2091990279","2583394995","0.25"
"2583394995","2091990279","0.25"
"2125555508","2583394995","0.25"
"2583394995","2125555508","0.25"
"1605096432","2612063921","0.267857"
"2612063921","1605096432","0.267857"
"2172080108","2612063921","1.50952"
"2612063921","2172080108","1.50952"
"1556061037","1605096432","0.483766"
"1605096432","1556061037","0.483766"
"1556061037","202016214","0.142857"
"202016214","1556061037","0.142857"
"1556061037","2055743632","2.0571"
"2055743632","1556061037","2.0571"
"1605096432","2055743632","0.233766"
"2055743632","1605096432","0.233766"
"1994424971","2055743632","0.5671"
"2055743632","1994424971","0.5671"
"202016214","2055743632","0.842857"
"2055743632","202016214","0.842857"
"2055743632","2091990279","3.0171"
"2091990279","2055743632","3.0171"
"2055743632","2172080108","0.26619"
"2172080108","2055743632","0.26619"
"10715555","1993691981","0.266667"
"1993691981","10715555","0.266667"
"10715555","2128905604","0.298925"
"2128905604","10715555","0.298925"
"1556061037","1993691981","0.166667"
"1993691981","1556061037","0.166667"
"1556061037","2125555508","0.489834"
"2125555508","1556061037","0.489834"
"1556061037","2128905604","0.198925"
"2128905604","1556061037","0.198925"
"1993691981","2055743632","0.309524"
"2055743632","1993691981","0.309524"
"1993691981","2091990279","0.166667"
"2091990279","1993691981","0.166667"
"1993691981","2125555508","1.22063"
"2125555508","1993691981","1.22063"
"1993691981","2128905604","5.24444"
"2128905604","1993691981","5.24444"
"2055743632","2128905604","0.166667"
"2128905604","2055743632","0.166667"
"2091990279","2128905604","0.198925"
"2128905604","2091990279","0.198925"
"2125555508","2128905604","2.21004"
"2128905604","2125555508","2.21004"
"10715555","134975041","0.0322581"
"134975041","10715555","0.0322581"
"10715555","1480671327","0.132258"
"1480671327","10715555","0.132258"
"10715555","1542267346","0.0322581"
"1542267346","10715555","0.0322581"
"10715555","1563601573","0.0322581"
"1563601573","10715555","0.0322581"
"10715555","1572902858","0.0322581"
"1572902858","10715555","0.0322581"
"10715555","1578264642","0.0322581"
"1578264642","10715555","0.0322581"
"10715555","183172906","0.0322581"
"183172906","10715555","0.0322581"
"10715555","1898031563","0.0322581"
"1898031563","10715555","0.0322581"
"10715555","1986040934","0.0322581"
"1986040934","10715555","0.0322581"
"10715555","2020994597","0.0322581"
"2020994597","10715555","0.0322581"
"10715555","2034841618","0.0322581"
"2034841618","10715555","0.0322581"
"10715555","2057820341","0.0322581"
"2057820341","10715555","0.0322581"
"10715555","2111696212","0.132258"
"2111696212","10715555","0.132258"
"10715555","2133954496","0.0322581"
"2133954496","10715555","0.0322581"
"10715555","2142804468","0.0322581"
"2142804468","10715555","0.0322581"
"10715555","2142827986","0.0322581"
"2142827986","10715555","0.0322581"
"10715555","2150667285","0.0322581"
"2150667285","10715555","0.0322581"
"10715555","2161816739","0.123167"
"2161816739","10715555","0.123167"
"10715555","2171310792","0.0322581"
"2171310792","10715555","0.0322581"
"10715555","2582409643","0.0322581"
"2582409643","10715555","0.0322581"
"134975041","1480671327","0.0910816"
"1480671327","134975041","0.0910816"
"134975041","1542267346","0.0910816"
"1542267346","134975041","0.0910816"
"134975041","1556061037","0.0322581"
"1556061037","134975041","0.0322581"
"134975041","1563601573","0.0910816"
"1563601573","134975041","0.0910816"
"134975041","1572902858","0.991082"
"1572902858","134975041","0.991082"
"134975041","1578264642","0.0322581"
"1578264642","134975041","0.0322581"
"134975041","1602455240","0.0322581"
"1602455240","134975041","0.0322581"
"134975041","183172906","0.157748"
"183172906","134975041","0.157748"
"134975041","1898031563","0.157748"
"1898031563","134975041","0.157748"
"134975041","1986040934","0.157748"
"1986040934","134975041","0.157748"
"134975041","1994424971","0.0322581"
"1994424971","134975041","0.0322581"
"134975041","2020994597","0.0910816"
"2020994597","134975041","0.0910816"
"134975041","2028931136","0.0322581"
"2028931136","134975041","0.0322581"
"134975041","2030680965","0.0322581"
"2030680965","134975041","0.0322581"
"134975041","2031030051","0.0989247"
"2031030051","134975041","0.0989247"
"134975041","2034841618","0.157748"
"2034841618","134975041","0.157748"
"134975041","2035716662","0.0322581"
"2035716662","134975041","0.0322581"
"134975041","2057820341","0.0910816"
"2057820341","134975041","0.0910816"
"134975041","2091990279","0.0322581"
"2091990279","134975041","0.0322581"
"134975041","2111696212","0.0322581"
"2111696212","134975041","0.0322581"
"134975041","2125555508","0.0322581"
"2125555508","134975041","0.0322581"
"134975041","2128905604","0.0322581"
"2128905604","134975041","0.0322581"
"134975041","2133954496","0.0322581"
"2133954496","134975041","0.0322581"
"134975041","2142804468","0.157748"
"2142804468","134975041","0.157748"
"134975041","2142827986","0.0322581"
"2142827986","134975041","0.0322581"
"134975041","2150667285","0.157748"
"2150667285","134975041","0.157748"
"134975041","2161816739","0.0322581"
"2161816739","134975041","0.0322581"
"134975041","2162821775","0.0322581"
"2162821775","134975041","0.0322581"
"134975041","2171310792","0.0989247"
"2171310792","134975041","0.0989247"
"134975041","2582409643","0.0322581"
"2582409643","134975041","0.0322581"
"1480671327","1542267346","0.291082"
"1542267346","1480671327","0.291082"
"1480671327","1556061037","0.0722581"
"1556061037","1480671327","0.0722581"
"1480671327","1563601573","0.379116"
"1563601573","1480671327","0.379116"
"1480671327","1572902858","0.331082"
"1572902858","1480671327","0.331082"
"1480671327","1578264642","0.149181"
"1578264642","1480671327","0.149181"
"1480671327","1602455240","0.520292"
"1602455240","1480671327","0.520292"
"1480671327","183172906","0.208005"
"183172906","1480671327","0.208005"
"1480671327","1898031563","0.875526"
"1898031563","1480671327","0.875526"
"1480671327","1986040934","0.591082"
"1986040934","1480671327","0.591082"
"1480671327","1994424971","0.0322581"
"1994424971","1480671327","0.0322581"
"1480671327","2020994597","0.291082"
"2020994597","1480671327","0.291082"
"1480671327","2028931136","0.0722581"
"2028931136","1480671327","0.0722581"
"1480671327","2030680965","0.0322581"
"2030680965","1480671327","0.0322581"
"1480671327","2031030051","0.0322581"
"2031030051","1480671327","0.0322581"
"1480671327","2034841618","0.408005"
"2034841618","1480671327","0.408005"
"1480671327","2035716662","0.520292"
"2035716662","1480671327","0.520292"
"1480671327","2057820341","0.0910816"
"2057820341","1480671327","0.0910816"
"1480671327","2091990279","0.0322581"
"2091990279","1480671327","0.0322581"
"1480671327","2111696212","0.172258"
"2111696212","1480671327","0.172258"
"1480671327","2125555508","0.132258"
"2125555508","1480671327","0.132258"
"1480671327","2128905604","0.132258"
"2128905604","1480671327","0.132258"
"1480671327","2133954496","0.0322581"
"2133954496","1480671327","0.0322581"
"1480671327","2142804468","0.291082"
"2142804468","1480671327","0.291082"
"1480671327","2142827986","0.243369"
"2142827986","1480671327","0.243369"
"1480671327","2150667285","1.27553"
"2150667285","1480671327","1.27553"
"1480671327","2161816739","0.0322581"
"2161816739","1480671327","0.0322581"
"1480671327","2162821775","0.149181"
"2162821775","1480671327","0.149181"
"1480671327","2171310792","0.653626"
"2171310792","1480671327","0.653626"
"1480671327","2582409643","0.0722581"
"2582409643","1480671327","0.0722581"
"1542267346","1556061037","0.0322581"
"1556061037","1542267346","0.0322581"
"1542267346","1563601573","0.0910816"
"1563601573","1542267346","0.0910816"
"1542267346","1572902858","0.0910816"
"1572902858","1542267346","0.0910816"
"1542267346","1578264642","0.0322581"
"1578264642","1542267346","0.0322581"
"1542267346","1602455240","0.282258"
"1602455240","1542267346","0.282258"
"1542267346","183172906","0.0910816"
"183172906","1542267346","0.0910816"
"1542267346","1898031563","0.0910816"
"1898031563","1542267346","0.0910816"
"1542267346","1986040934","0.291082"
"1986040934","1542267346","0.291082"
"1542267346","1994424971","0.0322581"
"1994424971","1542267346","0.0322581"
"1542267346","2020994597","7.29108"
"2020994597","1542267346","7.29108"
"1542267346","2028931136","0.0322581"
"2028931136","1542267346","0.0322581"
"1542267346","2030680965","0.0322581"
"2030680965","1542267346","0.0322581"
"1542267346","2031030051","0.0322581"
"2031030051","1542267346","0.0322581"
"1542267346","2034841618","1.04108"
"2034841618","1542267346","1.04108"
"1542267346","2035716662","0.282258"
"2035716662","1542267346","0.282258"
"1542267346","2057820341","0.0910816"
"2057820341","1542267346","0.0910816"
"1542267346","2091990279","0.0322581"
"2091990279","1542267346","0.0322581"
"1542267346","2111696212","0.0322581"
"2111696212","1542267346","0.0322581"
"1542267346","2125555508","0.0322581"
"2125555508","1542267346","0.0322581"
"1542267346","2128905604","0.0322581"
"2128905604","1542267346","0.0322581"
"1542267346","2133954496","0.0322581"
"2133954496","1542267346","0.0322581"
"1542267346","2142804468","0.0910816"
"2142804468","1542267346","0.0910816"
"1542267346","2142827986","0.0989247"
"2142827986","1542267346","0.0989247"
"1542267346","2150667285","1.04108"
"2150667285","1542267346","1.04108"
"1542267346","2161816739","0.0322581"
"2161816739","1542267346","0.0322581"
"1542267346","2162821775","0.0322581"
"2162821775","1542267346","0.0322581"
"1542267346","2171310792","0.0322581"
"2171310792","1542267346","0.0322581"
"1542267346","2582409643","0.0322581"
"2582409643","1542267346","0.0322581"
"1556061037","1563601573","0.0322581"
"1563601573","1556061037","0.0322581"
"1556061037","1572902858","0.0722581"
"1572902858","1556061037","0.0722581"
"1556061037","1578264642","0.0722581"
"1578264642","1556061037","0.0722581"
"1556061037","1602455240","0.115591"
"1602455240","1556061037","0.115591"
"1556061037","183172906","0.0722581"
"183172906","1556061037","0.0722581"
"1556061037","1898031563","0.0722581"
"1898031563","1556061037","0.0722581"
"1556061037","1986040934","0.0322581"
"1986040934","1556061037","0.0322581"
"1556061037","2020994597","0.0322581"
"2020994597","1556061037","0.0322581"
"1556061037","2028931136","0.322258"
"2028931136","1556061037","0.322258"
"1556061037","2030680965","0.0322581"
"2030680965","1556061037","0.0322581"
"1556061037","2031030051","0.615591"
"2031030051","1556061037","0.615591"
"1556061037","2034841618","0.0722581"
"2034841618","1556061037","0.0722581"
"1556061037","2035716662","0.115591"
"2035716662","1556061037","0.115591"
"1556061037","2057820341","0.0322581"
"2057820341","1556061037","0.0322581"
"1556061037","2111696212","0.0722581"
"2111696212","1556061037","0.0722581"
"1556061037","2133954496","0.0322581"
"2133954496","1556061037","0.0322581"
"1556061037","2142804468","0.0322581"
"2142804468","1556061037","0.0322581"
"1556061037","2142827986","0.0322581"
"2142827986","1556061037","0.0322581"
"1556061037","2150667285","0.0722581"
"2150667285","1556061037","0.0722581"
"1556061037","2161816739","0.123167"
"2161816739","1556061037","0.123167"
"1556061037","2162821775","0.0722581"
"2162821775","1556061037","0.0722581"
"1556061037","2171310792","0.0322581"
"2171310792","1556061037","0.0322581"
"1556061037","2582409643","0.0722581"
"2582409643","1556061037","0.0722581"
"1563601573","1572902858","0.0910816"
"1572902858","1563601573","0.0910816"
"1563601573","1578264642","0.240134"
"1578264642","1563601573","0.240134"
"1563601573","1602455240","0.420292"
"1602455240","1563601573","0.420292"
"1563601573","183172906","0.298957"
"183172906","1563601573","0.298957"
"1563601573","1898031563","0.433145"
"1898031563","1563601573","0.433145"
"1563601573","1986040934","0.191082"
"1986040934","1563601573","0.191082"
"1563601573","1994424971","0.0322581"
"1994424971","1563601573","0.0322581"
"1563601573","2020994597","0.0910816"
"2020994597","1563601573","0.0910816"
"1563601573","2028931136","0.0322581"
"2028931136","1563601573","0.0322581"
"1563601573","2030680965","0.0322581"
"2030680965","1563601573","0.0322581"
"1563601573","2031030051","0.179877"
"2031030051","1563601573","0.179877"
"1563601573","2034841618","0.298957"
"2034841618","1563601573","0.298957"
"1563601573","2035716662","0.420292"
"2035716662","1563601573","0.420292"
"1563601573","2057820341","0.0910816"
"2057820341","1563601573","0.0910816"
"1563601573","2091990279","0.0322581"
"2091990279","1563601573","0.0322581"
"1563601573","2111696212","0.0322581"
"2111696212","1563601573","0.0322581"
"1563601573","2125555508","0.0322581"
"2125555508","1563601573","0.0322581"
"1563601573","2128905604","0.0322581"
"2128905604","1563601573","0.0322581"
"1563601573","2133954496","0.0322581"
"2133954496","1563601573","0.0322581"
"1563601573","2142804468","0.0910816"
"2142804468","1563601573","0.0910816"
"1563601573","2142827986","0.443369"
"2142827986","1563601573","0.443369"
"1563601573","2150667285","0.533145"
"2150667285","1563601573","0.533145"
"1563601573","2161816739","0.0322581"
"2161816739","1563601573","0.0322581"
"1563601573","2162821775","0.240134"
"2162821775","1563601573","0.240134"
"1563601573","2171310792","0.320292"
"2171310792","1563601573","0.320292"
"1563601573","2582409643","0.232258"
"2582409643","1563601573","0.232258"
"1572902858","1578264642","0.0722581"
"1578264642","1572902858","0.0722581"
"1572902858","1602455240","0.0322581"
"1602455240","1572902858","0.0322581"
"1572902858","183172906","0.197748"
"183172906","1572902858","0.197748"
"1572902858","1898031563","0.531082"
"1898031563","1572902858","0.531082"
"1572902858","1986040934","2.05775"
"1986040934","1572902858","2.05775"
"1572902858","1994424971","0.0322581"
"1994424971","1572902858","0.0322581"
"1572902858","2020994597","0.0910816"
"2020994597","1572902858","0.0910816"
"1572902858","2028931136","0.0722581"
"2028931136","1572902858","0.0722581"
"1572902858","2030680965","0.0322581"
"2030680965","1572902858","0.0322581"
"1572902858","2031030051","0.0989247"
"2031030051","1572902858","0.0989247"
"1572902858","2034841618","0.197748"
"2034841618","1572902858","0.197748"
"1572902858","2035716662","0.232258"
"2035716662","1572902858","0.232258"
"1572902858","2057820341","0.757748"
"2057820341","1572902858","0.757748"
"1572902858","2091990279","0.0322581"
"2091990279","1572902858","0.0322581"
"1572902858","2111696212","0.405591"
"2111696212","1572902858","0.405591"
"1572902858","2125555508","0.0322581"
"2125555508","1572902858","0.0322581"
"1572902858","2128905604","0.0322581"
"2128905604","1572902858","0.0322581"
"1572902858","2133954496","0.0322581"
"2133954496","1572902858","0.0322581"
"1572902858","2142804468","2.02442"
"2142804468","1572902858","2.02442"
"1572902858","2142827986","0.0322581"
"2142827986","1572902858","0.0322581"
"1572902858","2150667285","0.731082"
"2150667285","1572902858","0.731082"
"1572902858","2161816739","0.0322581"
"2161816739","1572902858","0.0322581"
"1572902858","2162821775","0.0722581"
"2162821775","1572902858","0.0722581"
"1572902858","2171310792","0.0989247"
"2171310792","1572902858","0.0989247"
"1572902858","2582409643","0.0722581"
"2582409643","1572902858","0.0722581"
"1578264642","1602455240","0.109181"
"1602455240","1578264642","0.109181"
"1578264642","183172906","1.0468"
"183172906","1578264642","1.0468"
"1578264642","1898031563","1.20321"
"1898031563","1578264642","1.20321"
"1578264642","1986040934","0.0322581"
"1986040934","1578264642","0.0322581"
"1578264642","1994424971","0.0322581"
"1994424971","1578264642","0.0322581"
"1578264642","2020994597","0.143369"
"2020994597","1578264642","0.143369"
"1578264642","2028931136","0.183369"
"2028931136","1578264642","0.183369"
"1578264642","2030680965","0.143369"
"2030680965","1578264642","0.143369"
"1578264642","2031030051","0.190988"
"2031030051","1578264642","0.190988"
"1578264642","2034841618","1.71347"
"2034841618","1578264642","1.71347"
"1578264642","2035716662","0.109181"
"2035716662","1578264642","0.109181"
"1578264642","2057820341","0.0322581"
"2057820341","1578264642","0.0322581"
"1578264642","2091990279","0.0322581"
"2091990279","1578264642","0.0322581"
"1578264642","2111696212","0.0722581"
"2111696212","1578264642","0.0722581"
"1578264642","2125555508","0.0322581"
"2125555508","1578264642","0.0322581"
"1578264642","2128905604","0.0322581"
"2128905604","1578264642","0.0322581"
"1578264642","2133954496","0.0322581"
"2133954496","1578264642","0.0322581"
"1578264642","2142804468","0.0322581"
"2142804468","1578264642","0.0322581"
"1578264642","2142827986","0.0322581"
"2142827986","1578264642","0.0322581"
"1578264642","2150667285","1.58099"
"2150667285","1578264642","1.58099"
"1578264642","2161816739","0.0322581"
"2161816739","1578264642","0.0322581"
"1578264642","2162821775","1.65791"
"2162821775","1578264642","1.65791"
"1578264642","2171310792","0.109181"
"2171310792","1578264642","0.109181"
"1578264642","2582409643","0.183369"
"2582409643","1578264642","0.183369"
"1602455240","183172906","0.109181"
"183172906","1602455240","0.109181"
"1602455240","1898031563","0.443369"
"1898031563","1602455240","0.443369"
"1602455240","1986040934","0.132258"
"1986040934","1602455240","0.132258"
"1602455240","2020994597","0.0322581"
"2020994597","1602455240","0.0322581"
"1602455240","2034841618","0.359181"
"2034841618","1602455240","0.359181"
"1602455240","2057820341","0.0322581"
"2057820341","1602455240","0.0322581"
"1602455240","2111696212","0.282258"
"2111696212","1602455240","0.282258"
"1602455240","2125555508","0.0322581"
"2125555508","1602455240","0.0322581"
"1602455240","2128905604","0.0322581"
"2128905604","1602455240","0.0322581"
"1602455240","2133954496","0.0322581"
"2133954496","1602455240","0.0322581"
"1602455240","2142804468","0.0322581"
"2142804468","1602455240","0.0322581"
"1602455240","2142827986","0.993369"
"2142827986","1602455240","0.993369"
"1602455240","2150667285","1.04337"
"2150667285","1602455240","1.04337"
"1602455240","2161816739","0.0322581"
"2161816739","1602455240","0.0322581"
"1602455240","2171310792","0.320292"
"2171310792","1602455240","0.320292"
"1602455240","2582409643","0.0322581"
"2582409643","1602455240","0.0322581"
"183172906","1898031563","0.328701"
"1898031563","183172906","0.328701"
"183172906","1986040934","0.491082"
"1986040934","183172906","0.491082"
"183172906","1994424971","0.0322581"
"1994424971","183172906","0.0322581"
"183172906","2020994597","0.0910816"
"2020994597","183172906","0.0910816"
"183172906","2028931136","0.0722581"
"2028931136","183172906","0.0722581"
"183172906","2030680965","0.0322581"
"2030680965","183172906","0.0322581"
"183172906","2031030051","0.146544"
"2031030051","183172906","0.146544"
"183172906","2034841618","3.50562"
"2034841618","183172906","3.50562"
"183172906","2035716662","0.109181"
"2035716662","183172906","0.109181"
"183172906","2057820341","0.0910816"
"2057820341","183172906","0.0910816"
"183172906","2091990279","0.0322581"
"2091990279","183172906","0.0322581"
"183172906","2111696212","0.0722581"
"2111696212","183172906","0.0722581"
"183172906","2125555508","0.0322581"
"2125555508","183172906","0.0322581"
"183172906","2128905604","0.0322581"
"2128905604","183172906","0.0322581"
"183172906","2133954496","0.0322581"
"2133954496","183172906","0.0322581"
"183172906","2142804468","0.157748"
"2142804468","183172906","0.157748"
"183172906","2142827986","0.365591"
"2142827986","183172906","0.365591"
"183172906","2150667285","0.595367"
"2150667285","183172906","0.595367"
"183172906","2161816739","0.0322581"
"2161816739","183172906","0.0322581"
"183172906","2162821775","0.5468"
"2162821775","183172906","0.5468"
"183172906","2171310792","0.375848"
"2171310792","183172906","0.375848"
"183172906","2582409643","0.0722581"
"2582409643","183172906","0.0722581"
"1898031563","1986040934","0.257748"
"1986040934","1898031563","0.257748"
"1898031563","1994424971","0.0322581"
"1994424971","1898031563","0.0322581"
"1898031563","2020994597","0.0910816"
"2020994597","1898031563","0.0910816"
"1898031563","2028931136","0.0722581"
"2028931136","1898031563","0.0722581"
"1898031563","2030680965","0.0322581"
"2030680965","1898031563","0.0322581"
"1898031563","2031030051","0.146544"
"2031030051","1898031563","0.146544"
"1898031563","2034841618","1.19537"
"2034841618","1898031563","1.19537"
"1898031563","2035716662","0.443369"
"2035716662","1898031563","0.443369"
"1898031563","2057820341","0.0910816"
"2057820341","1898031563","0.0910816"
"1898031563","2091990279","0.0322581"
"2091990279","1898031563","0.0322581"
"1898031563","2111696212","0.0722581"
"2111696212","1898031563","0.0722581"
"1898031563","2125555508","0.0322581"
"2125555508","1898031563","0.0322581"
"1898031563","2128905604","0.0322581"
"2128905604","1898031563","0.0322581"
"1898031563","2133954496","0.0322581"
"2133954496","1898031563","0.0322581"
"1898031563","2142804468","0.157748"
"2142804468","1898031563","0.157748"
"1898031563","2142827986","0.243369"
"2142827986","1898031563","0.243369"
"1898031563","2150667285","3.60648"
"2150667285","1898031563","3.60648"
"1898031563","2161816739","0.0322581"
"2161816739","1898031563","0.0322581"
"1898031563","2162821775","1.20321"
"2162821775","1898031563","1.20321"
"1898031563","2171310792","0.310036"
"2171310792","1898031563","0.310036"
"1898031563","2582409643","0.0722581"
"2582409643","1898031563","0.0722581"
"1986040934","1994424971","0.0322581"
"1994424971","1986040934","0.0322581"
"1986040934","2020994597","0.291082"
"2020994597","1986040934","0.291082"
"1986040934","2028931136","0.0322581"
"2028931136","1986040934","0.0322581"
"1986040934","2030680965","0.0322581"
"2030680965","1986040934","0.0322581"
"1986040934","2031030051","0.0989247"
"2031030051","1986040934","0.0989247"
"1986040934","2034841618","0.691082"
"2034841618","1986040934","0.691082"
"1986040934","2035716662","0.332258"
"2035716662","1986040934","0.332258"
"1986040934","2057820341","0.757748"
"2057820341","1986040934","0.757748"
"1986040934","2091990279","0.0322581"
"2091990279","1986040934","0.0322581"
"1986040934","2111696212","0.365591"
"2111696212","1986040934","0.365591"
"1986040934","2125555508","0.0322581"
"2125555508","1986040934","0.0322581"
"1986040934","2128905604","0.0322581"
"2128905604","1986040934","0.0322581"
"1986040934","2133954496","0.0322581"
"2133954496","1986040934","0.0322581"
"1986040934","2142804468","3.35775"
"2142804468","1986040934","3.35775"
"1986040934","2142827986","0.465591"
"2142827986","1986040934","0.465591"
"1986040934","2150667285","1.65775"
"2150667285","1986040934","1.65775"
"1986040934","2161816739","0.0322581"
"2161816739","1986040934","0.0322581"
"1986040934","2162821775","0.0322581"
"2162821775","1986040934","0.0322581"
"1986040934","2171310792","0.198925"
"2171310792","1986040934","0.198925"
"1986040934","2582409643","0.0322581"
"2582409643","1986040934","0.0322581"
"1994424971","2020994597","0.0322581"
"2020994597","1994424971","0.0322581"
"1994424971","2034841618","0.0322581"
"2034841618","1994424971","0.0322581"
"1994424971","2057820341","0.0322581"
"2057820341","1994424971","0.0322581"
"1994424971","2111696212","0.0322581"
"2111696212","1994424971","0.0322581"
"1994424971","2125555508","0.123167"
"2125555508","1994424971","0.123167"
"1994424971","2128905604","0.0322581"
"2128905604","1994424971","0.0322581"
"1994424971","2133954496","0.0322581"
"2133954496","1994424971","0.0322581"
"1994424971","2142804468","0.0322581"
"2142804468","1994424971","0.0322581"
"1994424971","2142827986","0.0322581"
"2142827986","1994424971","0.0322581"
"1994424971","2150667285","0.0322581"
"2150667285","1994424971","0.0322581"
"1994424971","2161816739","0.123167"
"2161816739","1994424971","0.123167"
"1994424971","2171310792","0.0322581"
"2171310792","1994424971","0.0322581"
"1994424971","2582409643","0.0322581"
"2582409643","1994424971","0.0322581"
"2020994597","2028931136","0.143369"
"2028931136","2020994597","0.143369"
"2020994597","2030680965","0.143369"
"2030680965","2020994597","0.143369"
"2020994597","2031030051","0.143369"
"2031030051","2020994597","0.143369"
"2020994597","2034841618","0.291082"
"2034841618","2020994597","0.291082"
"2020994597","2035716662","0.0322581"
"2035716662","2020994597","0.0322581"
"2020994597","2057820341","0.0910816"
"2057820341","2020994597","0.0910816"
"2020994597","2091990279","0.0322581"
"2091990279","2020994597","0.0322581"
"2020994597","2111696212","0.0322581"
"2111696212","2020994597","0.0322581"
"2020994597","2125555508","0.0322581"
"2125555508","2020994597","0.0322581"
"2020994597","2128905604","0.0322581"
"2128905604","2020994597","0.0322581"
"2020994597","2133954496","0.0322581"
"2133954496","2020994597","0.0322581"
"2020994597","2142804468","0.0910816"
"2142804468","2020994597","0.0910816"
"2020994597","2142827986","0.0322581"
"2142827986","2020994597","0.0322581"
"2020994597","2150667285","0.402193"
"2150667285","2020994597","0.402193"
"2020994597","2161816739","0.0322581"
"2161816739","2020994597","0.0322581"
"2020994597","2162821775","0.143369"
"2162821775","2020994597","0.143369"
"2020994597","2171310792","0.0322581"
"2171310792","2020994597","0.0322581"
"2020994597","2582409643","0.143369"
"2582409643","2020994597","0.143369"
"2028931136","2034841618","0.0722581"
"2034841618","2028931136","0.0722581"
"2028931136","2057820341","0.0322581"
"2057820341","2028931136","0.0322581"
"2028931136","2111696212","0.0722581"
"2111696212","2028931136","0.0722581"
"2028931136","2125555508","0.0322581"
"2125555508","2028931136","0.0322581"
"2028931136","2128905604","0.0322581"
"2128905604","2028931136","0.0322581"
"2028931136","2133954496","0.0322581"
"2133954496","2028931136","0.0322581"
"2028931136","2142804468","0.0322581"
"2142804468","2028931136","0.0322581"
"2028931136","2142827986","0.0322581"
"2142827986","2028931136","0.0322581"
"2028931136","2150667285","0.183369"
"2150667285","2028931136","0.183369"
"2028931136","2161816739","0.0322581"
"2161816739","2028931136","0.0322581"
"2028931136","2171310792","0.0322581"
"2171310792","2028931136","0.0322581"
"2028931136","2582409643","0.183369"
"2582409643","2028931136","0.183369"
"2030680965","2034841618","0.0322581"
"2034841618","2030680965","0.0322581"
"2030680965","2057820341","0.0322581"
"2057820341","2030680965","0.0322581"
"2030680965","2111696212","0.0322581"
"2111696212","2030680965","0.0322581"
"2030680965","2125555508","0.0322581"
"2125555508","2030680965","0.0322581"
"2030680965","2128905604","0.0322581"
"2128905604","2030680965","0.0322581"
"2030680965","2133954496","0.0322581"
"2133954496","2030680965","0.0322581"
"2030680965","2142804468","0.0322581"
"2142804468","2030680965","0.0322581"
"2030680965","2142827986","0.0322581"
"2142827986","2030680965","0.0322581"
"2030680965","2150667285","0.143369"
"2150667285","2030680965","0.143369"
"2030680965","2161816739","0.0322581"
"2161816739","2030680965","0.0322581"
"2030680965","2171310792","0.0322581"
"2171310792","2030680965","0.0322581"
"2030680965","2582409643","0.143369"
"2582409643","2030680965","0.143369"
"2031030051","2034841618","0.146544"
"2034841618","2031030051","0.146544"
"2031030051","2057820341","0.0322581"
"2057820341","2031030051","0.0322581"
"2031030051","2111696212","0.132258"
"2111696212","2031030051","0.132258"
"2031030051","2125555508","0.386226"
"2125555508","2031030051","0.386226"
"2031030051","2128905604","0.143369"
"2128905604","2031030051","0.143369"
"2031030051","2133954496","0.132258"
"2133954496","2031030051","0.132258"
"2031030051","2142804468","0.0989247"
"2142804468","2031030051","0.0989247"
"2031030051","2142827986","0.0322581"
"2142827986","2031030051","0.0322581"
"2031030051","2150667285","0.600512"
"2150667285","2031030051","0.600512"
"2031030051","2161816739","0.632258"
"2161816739","2031030051","0.632258"
"2031030051","2171310792","0.198925"
"2171310792","2031030051","0.198925"
"2031030051","2582409643","0.25448"
"2582409643","2031030051","0.25448"
"2034841618","2035716662","0.359181"
"2035716662","2034841618","0.359181"
"2034841618","2057820341","0.0910816"
"2057820341","2034841618","0.0910816"
"2034841618","2091990279","0.0322581"
"2091990279","2034841618","0.0322581"
"2034841618","2111696212","0.0722581"
"2111696212","2034841618","0.0722581"
"2034841618","2125555508","0.0322581"
"2125555508","2034841618","0.0322581"
"2034841618","2128905604","0.0322581"
"2128905604","2034841618","0.0322581"
"2034841618","2133954496","0.0322581"
"2133954496","2034841618","0.0322581"
"2034841618","2142804468","0.157748"
"2142804468","2034841618","0.157748"
"2034841618","2142827986","0.865591"
"2142827986","2034841618","0.865591"
"2034841618","2150667285","7.05489"
"2150667285","2034841618","7.05489"
"2034841618","2161816739","0.0322581"
"2161816739","2034841618","0.0322581"
"2034841618","2162821775","1.21347"
"2162821775","2034841618","1.21347"
"2034841618","2171310792","0.652038"
