"104021040","2168528736","1.92063"
"2168528736","104021040","1.92063"
"104021040","311004003","1.25397"
"311004003","104021040","1.25397"
"2168528736","311004003","6.1996"
"311004003","2168528736","6.1996"
"104021040","189813572","3.25397"
"189813572","104021040","3.25397"
"104021040","2113031313","2.45238"
"2113031313","104021040","2.45238"
"189813572","2113031313","1.30952"
"2113031313","189813572","1.30952"
"189813572","2168528736","4.19246"
"2168528736","189813572","4.19246"
"2113031313","2168528736","0.97619"
"2168528736","2113031313","0.97619"
"104021040","2040555718","0.920635"
"2040555718","104021040","0.920635"
"2040555718","2168528736","4.32341"
"2168528736","2040555718","4.32341"
"2040555718","311004003","1.90675"
"311004003","2040555718","1.90675"
"104021040","1596932914","2.48016"
"1596932914","104021040","2.48016"
"104021040","2030390110","0.75"
"2030390110","104021040","0.75"
"1596932914","2030390110","6.28571"
"2030390110","1596932914","6.28571"
"1596932914","2113031313","4.03571"
"2113031313","1596932914","4.03571"
"2030390110","2113031313","0.5"
"2113031313","2030390110","0.5"
"1596932914","189813572","1.25794"
"189813572","1596932914","1.25794"
"104021040","2123089829","0.309524"
"2123089829","104021040","0.309524"
"189813572","2030390110","0.72619"
"2030390110","189813572","0.72619"
"189813572","2040555718","1.54563"
"2040555718","189813572","1.54563"
"189813572","2123089829","0.791667"
"2123089829","189813572","0.791667"
"189813572","311004003","2.18849"
"311004003","189813572","2.18849"
"2030390110","2040555718","2.14286"
"2040555718","2030390110","2.14286"
"2030390110","2123089829","1.66667"
"2123089829","2030390110","1.66667"
"2030390110","2168528736","0.97619"
"2168528736","2030390110","0.97619"
"2030390110","311004003","1.47619"
"311004003","2030390110","1.47619"
"2040555718","2123089829","2.29563"
"2123089829","2040555718","2.29563"
"2123089829","2168528736","2.38611"
"2168528736","2123089829","2.38611"
"2123089829","311004003","2.38611"
"311004003","2123089829","2.38611"
"104021040","1887202616","0.111111"
"1887202616","104021040","0.111111"
"104021040","2054542377","0.277778"
"2054542377","104021040","0.277778"
"104021040","2104990432","0.277778"
"2104990432","104021040","0.277778"
"104021040","2116231264","0.111111"
"2116231264","104021040","0.111111"
"1596932914","1887202616","0.365079"
"1887202616","1596932914","0.365079"
"1596932914","2040555718","2.09683"
"2040555718","1596932914","2.09683"
"1596932914","2054542377","0.388889"
"2054542377","1596932914","0.388889"
"1596932914","2104990432","0.388889"
"2104990432","1596932914","0.388889"
"1596932914","2116231264","0.565079"
"2116231264","1596932914","0.565079"
"1596932914","2168528736","2.09127"
"2168528736","1596932914","2.09127"
"1596932914","311004003","1.31349"
"311004003","1596932914","1.31349"
"1887202616","189813572","0.365079"
"189813572","1887202616","0.365079"
"1887202616","2040555718","0.111111"
"2040555718","1887202616","0.111111"
"1887202616","2054542377","0.365079"
"2054542377","1887202616","0.365079"
"1887202616","2104990432","0.865079"
"2104990432","1887202616","0.865079"
"1887202616","2116231264","0.507937"
"2116231264","1887202616","0.507937"
"1887202616","2168528736","0.698413"
"2168528736","1887202616","0.698413"
"1887202616","311004003","0.111111"
"311004003","1887202616","0.111111"
"189813572","2054542377","0.865079"
"2054542377","189813572","0.865079"
"189813572","2104990432","0.365079"
"2104990432","189813572","0.365079"
"189813572","2116231264","0.365079"
"2116231264","189813572","0.365079"
"2040555718","2054542377","0.111111"
"2054542377","2040555718","0.111111"
"2040555718","2104990432","0.111111"
"2104990432","2040555718","0.111111"
"2040555718","2116231264","0.311111"
"2116231264","2040555718","0.311111"
"2054542377","2104990432","1.78175"
"2104990432","2054542377","1.78175"
"2054542377","2116231264","0.365079"
"2116231264","2054542377","0.365079"
"2054542377","2168528736","0.531746"
"2168528736","2054542377","0.531746"
"2054542377","311004003","0.111111"
"311004003","2054542377","0.111111"
"2104990432","2116231264","1.36508"
"2116231264","2104990432","1.36508"
"2104990432","2168528736","0.531746"
"2168528736","2104990432","0.531746"
"2104990432","311004003","0.111111"
"311004003","2104990432","0.111111"
"2116231264","2168528736","0.865079"
"2168528736","2116231264","0.865079"
"2116231264","311004003","0.111111"
"311004003","2116231264","0.111111"
"104021040","2099973138","1"
"2099973138","104021040","1"
"104021040","2106252902","0.142857"
"2106252902","104021040","0.142857"
"104021040","2179498003","0.559524"
"2179498003","104021040","0.559524"
"1596932914","2106252902","0.596825"
"2106252902","1596932914","0.596825"
"1596932914","2179498003","1.36905"
"2179498003","1596932914","1.36905"
"189813572","2106252902","0.753968"
"2106252902","189813572","0.753968"
"189813572","2179498003","0.285714"
"2179498003","189813572","0.285714"
"2106252902","2113031313","0.142857"
"2113031313","2106252902","0.142857"
"2106252902","2168528736","0.587302"
"2168528736","2106252902","0.587302"
"2106252902","2179498003","1.14286"
"2179498003","2106252902","1.14286"
"2106252902","311004003","0.142857"
"311004003","2106252902","0.142857"
"2113031313","2179498003","0.309524"
"2179498003","2113031313","0.309524"
"2113031313","311004003","0.47619"
"311004003","2113031313","0.47619"
"2168528736","2179498003","0.452381"
"2179498003","2168528736","0.452381"
"2179498003","311004003","0.285714"
"311004003","2179498003","0.285714"
"104021040","2167214840","0.166667"
"2167214840","104021040","0.166667"
"1596932914","2167214840","0.420635"
"2167214840","1596932914","0.420635"
"2054542377","2167214840","2.50397"
"2167214840","2054542377","2.50397"
"2054542377","2179498003","0.75"
"2179498003","2054542377","0.75"
"2104990432","2167214840","1.67063"
"2167214840","2104990432","1.67063"
"2104990432","2179498003","0.416667"
"2179498003","2104990432","0.416667"
"2167214840","2168528736","0.420635"
"2168528736","2167214840","0.420635"
"2167214840","2179498003","0.416667"
"2179498003","2167214840","0.416667"
"104021040","2171548451","0.25"
"2171548451","104021040","0.25"
"1596932914","2171548451","1.17619"
"2171548451","1596932914","1.17619"
"2030390110","2171548451","3.22619"
"2171548451","2030390110","3.22619"
"2030390110","2179498003","3.05952"
"2179498003","2030390110","3.05952"
"2171548451","2179498003","1.05952"
"2179498003","2171548451","1.05952"
"104021040","1672298349","0.309524"
"1672298349","104021040","0.309524"
"104021040","2164105883","0.142857"
"2164105883","104021040","0.142857"
"104021040","2232325453","0.309524"
"2232325453","104021040","0.309524"
"1596932914","1672298349","0.392857"
"1672298349","1596932914","0.392857"
"1596932914","2123089829","0.142857"
"2123089829","1596932914","0.142857"
"1596932914","2164105883","1.64286"
"2164105883","1596932914","1.64286"
"1596932914","2232325453","6.25952"
"2232325453","1596932914","6.25952"
"1672298349","2040555718","1.88452"
"2040555718","1672298349","1.88452"
"1672298349","2113031313","1.22619"
"2113031313","1672298349","1.22619"
"1672298349","2123089829","3.96786"
"2123089829","1672298349","3.96786"
"1672298349","2164105883","2.21786"
"2164105883","1672298349","2.21786"
"1672298349","2232325453","1.80952"
"2232325453","1672298349","1.80952"
"2040555718","2113031313","1.55952"
"2113031313","2040555718","1.55952"
"2040555718","2164105883","2.12897"
"2164105883","2040555718","2.12897"
"2040555718","2232325453","8.7873"
"2232325453","2040555718","8.7873"
"2113031313","2123089829","0.785714"
"2123089829","2113031313","0.785714"
"2113031313","2164105883","0.642857"
"2164105883","2113031313","0.642857"
"2113031313","2232325453","1.95238"
"2232325453","2113031313","1.95238"
"2123089829","2164105883","14.579"
"2164105883","2123089829","14.579"
"2123089829","2232325453","1.39683"
"2232325453","2123089829","1.39683"
"2164105883","2232325453","0.920635"
"2232325453","2164105883","0.920635"
"1672298349","189813572","0.291667"
"189813572","1672298349","0.291667"
"1672298349","2168528736","2.075"
"2168528736","1672298349","2.075"
"189813572","2232325453","0.333333"
"2232325453","189813572","0.333333"
"2168528736","2232325453","0.694444"
"2232325453","2168528736","0.694444"
"1126991912","2356882517","1"
"2356882517","1126991912","1"
"1126991912","2113031313","1"
"2113031313","1126991912","1"
"118900859","2167214840","1"
"2167214840","118900859","1"
"118900859","1801798365","0.5"
"1801798365","118900859","0.5"
"118900859","2054542377","0.5"
"2054542377","118900859","0.5"
"1801798365","2054542377","1.08333"
"2054542377","1801798365","1.08333"
"118900859","2119788152","1"
"2119788152","118900859","1"
"1504926927","2104990432","1.0873"
"2104990432","1504926927","1.0873"
"1504926927","2106252902","0.944444"
"2106252902","1504926927","0.944444"
"1504926927","2203492552","0.333333"
"2203492552","1504926927","0.333333"
"2104990432","2106252902","0.944444"
"2106252902","2104990432","0.944444"
"2104990432","2203492552","0.333333"
"2203492552","2104990432","0.333333"
"2106252902","2203492552","0.333333"
"2203492552","2106252902","0.333333"
"1504926927","2334693611","1"
"2334693611","1504926927","1"
"1504926927","1596932914","0.111111"
"1596932914","1504926927","0.111111"
"1504926927","1887202616","0.253968"
"1887202616","1504926927","0.253968"
"1504926927","189813572","0.253968"
"189813572","1504926927","0.253968"
"1504926927","2054542377","0.253968"
"2054542377","1504926927","0.253968"
"1504926927","2116231264","0.253968"
"2116231264","1504926927","0.253968"
"1504926927","2167214840","0.253968"
"2167214840","1504926927","0.253968"
"1504926927","2168528736","0.253968"
"2168528736","1504926927","0.253968"
"1887202616","2106252902","2.0873"
"2106252902","1887202616","2.0873"
"1887202616","2167214840","0.396825"
"2167214840","1887202616","0.396825"
"189813572","2167214840","0.253968"
"2167214840","189813572","0.253968"
"2054542377","2106252902","0.611111"
"2106252902","2054542377","0.611111"
"2106252902","2116231264","2.45397"
"2116231264","2106252902","2.45397"
"2106252902","2167214840","0.253968"
"2167214840","2106252902","0.253968"
"2116231264","2167214840","0.396825"
"2167214840","2116231264","0.396825"
"1504926927","2030390110","1"
"2030390110","1504926927","1"
"2030390110","2104990432","1"
"2104990432","2030390110","1"
"2030390110","2106252902","0.642857"
"2106252902","2030390110","0.642857"
"1577838689","2095763930","4.33333"
"2095763930","1577838689","4.33333"
"1577838689","2091729411","5.33333"
"2091729411","1577838689","5.33333"
"1577838689","2137378906","0.333333"
"2137378906","1577838689","0.333333"
"2091729411","2095763930","2.91667"
"2095763930","2091729411","2.91667"
"2091729411","2137378906","1.83333"
"2137378906","2091729411","1.83333"
"2095763930","2137378906","0.333333"
"2137378906","2095763930","0.333333"
"1596932914","1801798365","0.142857"
"1801798365","1596932914","0.142857"
"1596932914","2151356822","0.142857"
"2151356822","1596932914","0.142857"
"1801798365","1887202616","0.142857"
"1887202616","1801798365","0.142857"
"1801798365","2030390110","0.142857"
"2030390110","1801798365","0.142857"
"1801798365","2106252902","0.142857"
"2106252902","1801798365","0.142857"
"1801798365","2116231264","2.14286"
"2116231264","1801798365","2.14286"
"1801798365","2151356822","0.142857"
"2151356822","1801798365","0.142857"
"1801798365","2167214840","0.72619"
"2167214840","1801798365","0.72619"
"1887202616","2030390110","0.142857"
"2030390110","1887202616","0.142857"
"1887202616","2151356822","0.142857"
"2151356822","1887202616","0.142857"
"2030390110","2116231264","0.142857"
"2116231264","2030390110","0.142857"
"2030390110","2151356822","1.14286"
"2151356822","2030390110","1.14286"
"2030390110","2167214840","0.142857"
"2167214840","2030390110","0.142857"
"2106252902","2151356822","0.142857"
"2151356822","2106252902","0.142857"
"2116231264","2151356822","0.142857"
"2151356822","2116231264","0.142857"
"2151356822","2167214840","0.142857"
"2167214840","2151356822","0.142857"
"1596932914","1966027336","1.25"
"1966027336","1596932914","1.25"
"1596932914","2203492552","0.25"
"2203492552","1596932914","0.25"
"1966027336","2040555718","0.25"
"2040555718","1966027336","0.25"
"1966027336","2113031313","0.25"
"2113031313","1966027336","0.25"
"1966027336","2203492552","0.25"
"2203492552","1966027336","0.25"
"2040555718","2203492552","0.25"
"2203492552","2040555718","0.25"
"2113031313","2203492552","0.25"
"2203492552","2113031313","0.25"
"1596932914","2356882517","4.33333"
"2356882517","1596932914","4.33333"
"2164105883","2356882517","0.5"
"2356882517","2164105883","0.5"
"2179498003","2356882517","0.5"
"2356882517","2179498003","0.5"
"1596932914","2207873924","0.833333"
"2207873924","1596932914","0.833333"
"1596932914","2766933667","1.5"
"2766933667","1596932914","1.5"
"2207873924","2232325453","2.97619"
"2232325453","2207873924","2.97619"
"2207873924","2766933667","0.666667"
"2766933667","2207873924","0.666667"
"2232325453","2766933667","2.11111"
"2766933667","2232325453","2.11111"
"1596932914","2005259267","0.166667"
"2005259267","1596932914","0.166667"
"1596932914","2131698864","0.166667"
"2131698864","1596932914","0.166667"
"2005259267","2113031313","2.47619"
"2113031313","2005259267","2.47619"
"2005259267","2131698864","0.277778"
"2131698864","2005259267","0.277778"
"2005259267","2179498003","0.166667"
"2179498003","2005259267","0.166667"
"2005259267","2232325453","1.17063"
"2232325453","2005259267","1.17063"
"2005259267","2766933667","6.67778"
"2766933667","2005259267","6.67778"
"2113031313","2131698864","0.166667"
"2131698864","2113031313","0.166667"
"2113031313","2766933667","3.83333"
"2766933667","2113031313","3.83333"
"2131698864","2179498003","0.166667"
"2179498003","2131698864","0.166667"
"2131698864","2232325453","0.277778"
"2232325453","2131698864","0.277778"
"2131698864","2766933667","0.277778"
"2766933667","2131698864","0.277778"
"2179498003","2232325453","0.5"
"2232325453","2179498003","0.5"
"2179498003","2766933667","0.166667"
"2766933667","2179498003","0.166667"
"1672298349","2171548451","1.25"
"2171548451","1672298349","1.25"
"2040555718","2171548451","1.75952"
"2171548451","2040555718","1.75952"
"2171548451","2232325453","1.28333"
"2232325453","2171548451","1.28333"
"189813572","2171548451","0.142857"
"2171548451","189813572","0.142857"
"2040555718","2179498003","0.809524"
"2179498003","2040555718","0.809524"
"2168528736","2171548451","0.142857"
"2171548451","2168528736","0.142857"
"2171548451","311004003","0.142857"
"311004003","2171548451","0.142857"
"1596932914","3022001143","0.833333"
"3022001143","1596932914","0.833333"
"2356882517","3022001143","6.33333"
"3022001143","2356882517","6.33333"
"2232325453","2356882517","0.333333"
"2356882517","2232325453","0.333333"
"2232325453","3022001143","0.333333"
"3022001143","2232325453","0.333333"
"1596932914","1895978999","0.5"
"1895978999","1596932914","0.5"
"1895978999","2356882517","0.833333"
"2356882517","1895978999","0.833333"
"1596932914","2949801688","0.5"
"2949801688","1596932914","0.5"
"2207873924","2949801688","7.64286"
"2949801688","2207873924","7.64286"
"2040555718","2106252902","0.2"
"2106252902","2040555718","0.2"
"2106252902","2171548451","0.2"
"2171548451","2106252902","0.2"
"2106252902","2232325453","0.2"
"2232325453","2106252902","0.2"
"2116231264","2171548451","0.2"
"2171548451","2116231264","0.2"
"2116231264","2232325453","0.2"
"2232325453","2116231264","0.2"
"1672298349","311004003","2.65833"
"311004003","1672298349","2.65833"
"1672298349","2005259267","1.56667"
"2005259267","1672298349","1.56667"
"2005259267","2123089829","5.90397"
"2123089829","2005259267","5.90397"
"1672298349","2121827699","0.741667"
"2121827699","1672298349","0.741667"
"1672298349","2766933667","0.616667"
"2766933667","1672298349","0.616667"
"2005259267","2121827699","1.75952"
"2121827699","2005259267","1.75952"
"2005259267","2164105883","2.31111"
"2164105883","2005259267","2.31111"
"2121827699","2123089829","2.35119"
"2123089829","2121827699","2.35119"
"2121827699","2164105883","1.875"
"2164105883","2121827699","1.875"
"2121827699","2232325453","3.22619"
"2232325453","2121827699","3.22619"
"2121827699","2766933667","0.366667"
"2766933667","2121827699","0.366667"
"2123089829","2766933667","2.31111"
"2766933667","2123089829","2.31111"
"2164105883","2766933667","1.61111"
"2766933667","2164105883","1.61111"
"1672298349","2099973138","2.5"
"2099973138","1672298349","2.5"
"1672298349","2275467866","1.5"
"2275467866","1672298349","1.5"
"2099973138","2275467866","0.5"
"2275467866","2099973138","0.5"
"1672298349","3022001143","1"
"3022001143","1672298349","1"
"1672298349","1994868616","0.325"
"1994868616","1672298349","0.325"
"189813572","1994868616","0.125"
"1994868616","189813572","0.125"
"189813572","2121827699","0.291667"
"2121827699","189813572","0.291667"
"189813572","2164105883","1.04167"
"2164105883","189813572","1.04167"
"1994868616","2040555718","1.01944"
"2040555718","1994868616","1.01944"
"1994868616","2121827699","0.717857"
"2121827699","1994868616","0.717857"
"1994868616","2123089829","2.6623"
"2123089829","1994868616","2.6623"
"1994868616","2164105883","2.56944"
"2164105883","1994868616","2.56944"
"1994868616","2168528736","0.436111"
"2168528736","1994868616","0.436111"
"1994868616","311004003","0.436111"
"311004003","1994868616","0.436111"
"2040555718","2121827699","1.575"
"2121827699","2040555718","1.575"
"2121827699","2168528736","0.625"
"2168528736","2121827699","0.625"
"2121827699","311004003","0.875"
"311004003","2121827699","0.875"
"2164105883","2168528736","1.35278"
"2168528736","2164105883","1.35278"
"2164105883","311004003","1.35278"
"311004003","2164105883","1.35278"
"1672298349","2179498003","1"
"2179498003","1672298349","1"
"2232325453","311004003","1.02778"
"311004003","2232325453","1.02778"
"1672298349","2207873924","0.333333"
"2207873924","1672298349","0.333333"
"2113031313","2207873924","0.809524"
"2207873924","2113031313","0.809524"
"1994868616","2005259267","3.2373"
"2005259267","1994868616","3.2373"
"1994868616","2766933667","1.59444"
"2766933667","1994868616","1.59444"
"2005259267","2040555718","1.47778"
"2040555718","2005259267","1.47778"
"2040555718","2766933667","0.311111"
"2766933667","2040555718","0.311111"
"2005259267","2168528736","0.511111"
"2168528736","2005259267","0.511111"
"2005259267","311004003","0.511111"
"311004003","2005259267","0.511111"
"1672298349","1895978999","0.333333"
"1895978999","1672298349","0.333333"
"1895978999","2040555718","0.333333"
"2040555718","1895978999","0.333333"
"1895978999","2113031313","2.66667"
"2113031313","1895978999","2.66667"
"1801798365","2104990432","0.25"
"2104990432","1801798365","0.25"
"1801798365","2179498003","0.25"
"2179498003","1801798365","0.25"
"1801798365","2091729411","1.33333"
"2091729411","1801798365","1.33333"
"2054542377","2091729411","0.333333"
"2091729411","2054542377","0.333333"
"2091729411","2167214840","1.33333"
"2167214840","2091729411","1.33333"
"1801798365","2171548451","1"
"2171548451","1801798365","1"
"18286363","2054542377","5.83333"
"2054542377","18286363","5.83333"
"18286363","2171548451","0.333333"
"2171548451","18286363","0.333333"
"18286363","2179498003","0.333333"
"2179498003","18286363","0.333333"
"2054542377","2171548451","0.333333"
"2171548451","2054542377","0.333333"
"18286363","2167214840","0.5"
"2167214840","18286363","0.5"
"18286363","2091729411","1.33333"
"2091729411","18286363","1.33333"
"18286363","2095763930","0.333333"
"2095763930","18286363","0.333333"
"18286363","2116231264","0.333333"
"2116231264","18286363","0.333333"
"2091729411","2116231264","0.333333"
"2116231264","2091729411","0.333333"
"2095763930","2116231264","0.333333"
"2116231264","2095763930","0.333333"
"18286363","2030390110","1"
"2030390110","18286363","1"
"1887202616","2091729411","0.333333"
"2091729411","1887202616","0.333333"
"2091729411","2106252902","0.333333"
"2106252902","2091729411","0.333333"
"2091729411","2168528736","0.333333"
"2168528736","2091729411","0.333333"
"1895978999","2914259101","2.33333"
"2914259101","1895978999","2.33333"
"1895978999","2784499877","2"
"2784499877","1895978999","2"
"2113031313","2356882517","2.33333"
"2356882517","2113031313","2.33333"
"2113031313","2914259101","0.333333"
"2914259101","2113031313","0.333333"
"2356882517","2914259101","0.833333"
"2914259101","2356882517","0.833333"
"2113031313","2121827699","0.309524"
"2121827699","2113031313","0.309524"
"1994868616","2113031313","0.72619"
"2113031313","1994868616","0.72619"
"1994868616","2207873924","0.142857"
"2207873924","1994868616","0.142857"
"1994868616","2232325453","0.753968"
"2232325453","1994868616","0.753968"
"1994868616","2949801688","0.142857"
"2949801688","1994868616","0.142857"
"2005259267","2207873924","0.142857"
"2207873924","2005259267","0.142857"
"2005259267","2949801688","0.142857"
"2949801688","2005259267","0.142857"
"2113031313","2949801688","0.47619"
"2949801688","2113031313","0.47619"
"2121827699","2207873924","0.142857"
"2207873924","2121827699","0.142857"
"2121827699","2949801688","0.142857"
"2949801688","2121827699","0.142857"
"2123089829","2207873924","0.47619"
"2207873924","2123089829","0.47619"
"2123089829","2949801688","0.47619"
"2949801688","2123089829","0.47619"
"2232325453","2949801688","1.30952"
"2949801688","2232325453","1.30952"
"1994868616","2131698864","0.111111"
"2131698864","1994868616","0.111111"
"2040555718","2131698864","0.111111"
"2131698864","2040555718","0.111111"
"2123089829","2131698864","0.111111"
"2131698864","2123089829","0.111111"
"2131698864","2164105883","0.111111"
"2164105883","2131698864","0.111111"
"2131698864","2168528736","0.111111"
"2168528736","2131698864","0.111111"
"2131698864","311004003","0.111111"
"311004003","2131698864","0.111111"
"2168528736","2766933667","0.311111"
"2766933667","2168528736","0.311111"
"2766933667","311004003","0.311111"
"311004003","2766933667","0.311111"
"2005259267","2030390110","0.5"
"2030390110","2005259267","0.5"
"2005259267","2104990432","1"
"2104990432","2005259267","1"
"2030390110","2099973138","1"
"2099973138","2030390110","1"
"2030390110","2077566950","4.16667"
"2077566950","2030390110","4.16667"
"2030390110","2137378906","3.41667"
"2137378906","2030390110","3.41667"
"2030390110","2169250641","3.91667"
"2169250641","2030390110","3.91667"
"2030390110","2207873924","0.333333"
"2207873924","2030390110","0.333333"
"2137378906","2169250641","0.583333"
"2169250641","2137378906","0.583333"
"2137378906","2207873924","0.333333"
"2207873924","2137378906","0.333333"
"2169250641","2207873924","0.333333"
"2207873924","2169250641","0.333333"
"2030390110","2275467866","4.83333"
"2275467866","2030390110","4.83333"
"2077566950","2275467866","12.6667"
"2275467866","2077566950","12.6667"
"2030390110","2091729411","0.5"
"2091729411","2030390110","0.5"
"2030390110","2232325453","0.833333"
"2232325453","2030390110","0.833333"
"2137378906","2168528736","0.25"
"2168528736","2137378906","0.25"
"2137378906","311004003","0.25"
"311004003","2137378906","0.25"
"2168528736","2169250641","0.25"
"2169250641","2168528736","0.25"
"2169250641","311004003","0.25"
"311004003","2169250641","0.25"
"2077566950","2137378906","0.333333"
"2137378906","2077566950","0.333333"
"2137378906","2275467866","0.333333"
"2275467866","2137378906","0.333333"
"2030390110","2111077066","2"
"2111077066","2030390110","2"
"2030390110","2095763930","0.333333"
"2095763930","2030390110","0.333333"
"2077566950","2095763930","0.333333"
"2095763930","2077566950","0.333333"
"2077566950","2169250641","5.16667"
"2169250641","2077566950","5.16667"
"2095763930","2169250641","0.333333"
"2169250641","2095763930","0.333333"
"2104990432","2171548451","0.5"
"2171548451","2104990432","0.5"
"2040555718","2207873924","0.333333"
"2207873924","2040555718","0.333333"
"2040555718","2949801688","0.333333"
"2949801688","2040555718","0.333333"
"2169250641","2275467866","1.83333"
"2275467866","2169250641","1.83333"
"2077566950","2151356822","0.333333"
"2151356822","2077566950","0.333333"
"2151356822","2169250641","0.333333"
"2169250641","2151356822","0.333333"
"2151356822","2275467866","0.333333"
"2275467866","2151356822","0.333333"
"2091729411","2120702690","3.75"
"2120702690","2091729411","3.75"
"2091729411","2179498003","2.25"
"2179498003","2091729411","2.25"
"2091729411","2334693611","0.75"
"2334693611","2091729411","0.75"
"2095763930","2120702690","1.25"
"2120702690","2095763930","1.25"
"2095763930","2179498003","0.25"
"2179498003","2095763930","0.25"
"2095763930","2334693611","0.25"
"2334693611","2095763930","0.25"
"2120702690","2179498003","0.25"
"2179498003","2120702690","0.25"
"2120702690","2334693611","0.25"
"2334693611","2120702690","0.25"
"2179498003","2334693611","0.25"
"2334693611","2179498003","0.25"
"2120702690","2137378906","1.5"
"2137378906","2120702690","1.5"
"2091729411","2119788152","1"
"2119788152","2091729411","1"
"2137378906","2334693611","0.5"
"2334693611","2137378906","0.5"
"2095763930","2356882517","0.5"
"2356882517","2095763930","0.5"
"2095763930","2914259101","0.5"
"2914259101","2095763930","0.5"
"2095763930","2111077066","1"
"2111077066","2095763930","1"
"2110183893","2169250641","1"
"2169250641","2110183893","1"
"2111077066","2179498003","2"
"2179498003","2111077066","2"
"2111077066","2275467866","1"
"2275467866","2111077066","1"
"2111077066","2123089829","1"
"2123089829","2111077066","1"
"2766933667","2949801688","0.333333"
"2949801688","2766933667","0.333333"
"2116231264","2203492552","0.5"
"2203492552","2116231264","0.5"
"2168528736","2203492552","1.5"
"2203492552","2168528736","1.5"
"2119788152","2167214840","4"
"2167214840","2119788152","4"
"2136375290","2275467866","1"
"2275467866","2136375290","1"
"2164105883","2179498003","1"
"2179498003","2164105883","1"
"2179498003","2275467866","1"
"2275467866","2179498003","1"
"2207873924","2334693611","0.5"
"2334693611","2207873924","0.5"
"2334693611","2949801688","0.5"
"2949801688","2334693611","0.5"
"2356882517","2784499877","1.5"
"2784499877","2356882517","1.5"
"2784499877","3022001143","0.5"
"3022001143","2784499877","0.5"
"2784499877","2914259101","3"
"2914259101","2784499877","3"
