"1020153513","1965028235","1.63953"
"1965028235","1020153513","1.63953"
"1020153513","2395425816","1.97286"
"2395425816","1020153513","1.97286"
"1965028235","2395425816","3.23953"
"2395425816","1965028235","3.23953"
"1020153513","2082244270","4.97296"
"2082244270","1020153513","4.97296"
"1020153513","150715854","7.50118"
"150715854","1020153513","7.50118"
"1020153513","1972866788","5.19477"
"1972866788","1020153513","5.19477"
"150715854","1972866788","7.25876"
"1972866788","150715854","7.25876"
"1020153513","2145898068","8.84872"
"2145898068","1020153513","8.84872"
"1020153513","1483143865","2.69231"
"1483143865","1020153513","2.69231"
"1020153513","1547696260","0.405518"
"1547696260","1020153513","0.405518"
"1020153513","2054807817","0.619261"
"2054807817","1020153513","0.619261"
"1020153513","2117355841","0.549059"
"2117355841","1020153513","0.549059"
"1020153513","2179170820","0.826079"
"2179170820","1020153513","0.826079"
"1020153513","60432172","1.2177"
"60432172","1020153513","1.2177"
"1547696260","2054807817","0.979497"
"2054807817","1547696260","0.979497"
"1547696260","2117355841","0.784259"
"2117355841","1547696260","0.784259"
"1547696260","2179170820","0.839814"
"2179170820","1547696260","0.839814"
"1547696260","60432172","0.456142"
"60432172","1547696260","0.456142"
"2054807817","2117355841","1.44321"
"2117355841","2054807817","1.44321"
"2054807817","2179170820","1.99083"
"2179170820","2054807817","1.99083"
"2054807817","60432172","0.567253"
"60432172","2054807817","0.567253"
"2117355841","2179170820","1.64166"
"2179170820","2117355841","1.64166"
"2117355841","60432172","0.456142"
"60432172","2117355841","0.456142"
"2179170820","60432172","0.456142"
"60432172","2179170820","0.456142"
"1020153513","1837018088","1.35897"
"1837018088","1020153513","1.35897"
"1837018088","60432172","5.54186"
"60432172","1837018088","5.54186"
"1020153513","2011396747","3.97411"
"2011396747","1020153513","3.97411"
"1020153513","2207734749","7.20732"
"2207734749","1020153513","7.20732"
"2011396747","2207734749","16.2491"
"2207734749","2011396747","16.2491"
"1020153513","1517388762","0.702204"
"1517388762","1020153513","0.702204"
"1517388762","2082244270","0.588462"
"2082244270","1517388762","0.588462"
"1020153513","1593151701","0.335538"
"1593151701","1020153513","0.335538"
"1020153513","1757200940","0.430409"
"1757200940","1020153513","0.430409"
"1020153513","1803124022","0.287302"
"1803124022","1020153513","0.287302"
"1020153513","2024081861","0.402204"
"2024081861","1020153513","0.402204"
"1020153513","2082737904","0.235538"
"2082737904","1020153513","0.235538"
"1020153513","2094018360","0.477845"
"2094018360","1020153513","0.477845"
"1020153513","2101319014","0.335538"
"2101319014","1020153513","0.335538"
"1517388762","1593151701","0.454224"
"1593151701","1517388762","0.454224"
"1517388762","1757200940","0.254652"
"1757200940","1517388762","0.254652"
"1517388762","1803124022","0.111111"
"1803124022","1517388762","0.111111"
"1517388762","2024081861","0.252204"
"2024081861","1517388762","0.252204"
"1517388762","2082737904","0.293113"
"2082737904","1517388762","0.293113"
"1517388762","2094018360","0.252204"
"2094018360","1517388762","0.252204"
"1517388762","2101319014","0.293113"
"2101319014","1517388762","0.293113"
"1517388762","2207734749","0.252204"
"2207734749","1517388762","0.252204"
"1593151701","1757200940","1.49751"
"1757200940","1593151701","1.49751"
"1593151701","1803124022","0.144444"
"1803124022","1593151701","0.144444"
"1593151701","2024081861","0.285538"
"2024081861","1593151701","0.285538"
"1593151701","2082737904","0.326447"
"2082737904","1593151701","0.326447"
"1593151701","2094018360","0.285538"
"2094018360","1593151701","0.285538"
"1593151701","2101319014","0.738947"
"2101319014","1593151701","0.738947"
"1593151701","2207734749","0.348038"
"2207734749","1593151701","0.348038"
"1757200940","1803124022","0.111111"
"1803124022","1757200940","0.111111"
"1757200940","2024081861","0.497076"
"2024081861","1757200940","0.497076"
"1757200940","2082737904","0.421318"
"2082737904","1757200940","0.421318"
"1757200940","2094018360","0.330409"
"2094018360","1757200940","0.330409"
"1757200940","2101319014","0.771318"
"2101319014","1757200940","0.771318"
"1757200940","2207734749","0.330409"
"2207734749","1757200940","0.330409"
"1803124022","2024081861","0.930159"
"2024081861","1803124022","0.930159"
"1803124022","2082737904","0.144444"
"2082737904","1803124022","0.144444"
"1803124022","2094018360","0.144444"
"2094018360","1803124022","0.144444"
"1803124022","2101319014","0.287302"
"2101319014","1803124022","0.287302"
"1803124022","2207734749","13.4397"
"2207734749","1803124022","13.4397"
"2024081861","2082737904","0.435538"
"2082737904","2024081861","0.435538"
"2024081861","2094018360","0.985538"
"2094018360","2024081861","0.985538"
"2024081861","2101319014","0.711728"
"2101319014","2024081861","0.711728"
"2024081861","2207734749","2.34817"
"2207734749","2024081861","2.34817"
"2082737904","2094018360","0.268871"
"2094018360","2082737904","0.268871"
"2082737904","2101319014","0.693113"
"2101319014","2082737904","0.693113"
"2082737904","2207734749","0.540299"
"2207734749","2082737904","0.540299"
"2094018360","2101319014","0.291093"
"2101319014","2094018360","0.291093"
"2094018360","2207734749","9.38662"
"2207734749","2094018360","9.38662"
"2101319014","2207734749","0.69645"
"2207734749","2101319014","0.69645"
"1020153513","1975852288","2.55107"
"1975852288","1020153513","2.55107"
"1020153513","2126611302","2.55107"
"2126611302","1020153513","2.55107"
"1975852288","2126611302","5.79955"
"2126611302","1975852288","5.79955"
"1975852288","2395425816","1.19594"
"2395425816","1975852288","1.19594"
"2126611302","2395425816","1.19594"
"2395425816","2126611302","1.19594"
"1020153513","59549118","2.9206"
"59549118","1020153513","2.9206"
"1020153513","1571418258","0.169182"
"1571418258","1020153513","0.169182"
"1020153513","1581897247","1.10638"
"1581897247","1020153513","1.10638"
"1020153513","188172877","0.266801"
"188172877","1020153513","0.266801"
"1020153513","206885600","0.316801"
"206885600","1020153513","0.316801"
"1020153513","2097933912","0.844877"
"2097933912","1020153513","0.844877"
"1020153513","2109746343","0.30144"
"2109746343","1020153513","0.30144"
"1020153513","2140439590","0.216801"
"2140439590","1020153513","0.216801"
"1020153513","2174573294","0.233766"
"2174573294","1020153513","0.233766"
"1020153513","2432267564","0.920518"
"2432267564","1020153513","0.920518"
"1571418258","1581897247","0.424242"
"1581897247","1571418258","0.424242"
"1571418258","188172877","0.611732"
"188172877","1571418258","0.611732"
"1571418258","206885600","0.325747"
"206885600","1571418258","0.325747"
"1571418258","2097933912","0.136364"
"2097933912","1571418258","0.136364"
"1571418258","2109746343","0.240952"
"2109746343","1571418258","0.240952"
"1571418258","2117355841","0.802208"
"2117355841","1571418258","0.802208"
"1571418258","2140439590","0.48316"
"2140439590","1571418258","0.48316"
"1571418258","2174573294","0.136364"
"2174573294","1571418258","0.136364"
"1571418258","2179170820","0.659351"
"2179170820","1571418258","0.659351"
"1571418258","2432267564","0.18832"
"2432267564","1571418258","0.18832"
"1581897247","188172877","0.0909091"
"188172877","1581897247","0.0909091"
"1581897247","206885600","0.0909091"
"206885600","1581897247","0.0909091"
"1581897247","2097933912","0.0909091"
"2097933912","1581897247","0.0909091"
"1581897247","2109746343","0.123167"
"2109746343","1581897247","0.123167"
"1581897247","2117355841","0.456501"
"2117355841","1581897247","0.456501"
"1581897247","2140439590","0.0909091"
"2140439590","1581897247","0.0909091"
"1581897247","2174573294","0.0909091"
"2174573294","1581897247","0.0909091"
"1581897247","2179170820","0.214076"
"2179170820","1581897247","0.214076"
"1581897247","2432267564","0.0909091"
"2432267564","1581897247","0.0909091"
"188172877","206885600","0.520985"
"206885600","188172877","0.520985"
"188172877","2097933912","0.207792"
"2097933912","188172877","0.207792"
"188172877","2109746343","0.240952"
"2109746343","188172877","0.240952"
"188172877","2117355841","1.84188"
"2117355841","188172877","1.84188"
"188172877","2140439590","0.971506"
"2140439590","188172877","0.971506"
"188172877","2174573294","0.207792"
"2174573294","188172877","0.207792"
"188172877","2179170820","1.82032"
"2179170820","188172877","1.82032"
"188172877","2432267564","0.551071"
"2432267564","188172877","0.551071"
"206885600","2097933912","0.136364"
"2097933912","206885600","0.136364"
"206885600","2109746343","0.314636"
"2109746343","206885600","0.314636"
"206885600","2117355841","0.732097"
"2117355841","206885600","0.732097"
"206885600","2140439590","0.687652"
"2140439590","206885600","0.687652"
"206885600","2174573294","0.136364"
"2174573294","206885600","0.136364"
"206885600","2179170820","0.920985"
"2179170820","206885600","0.920985"
"206885600","2432267564","0.209624"
"2432267564","206885600","0.209624"
"2097933912","2109746343","0.136364"
"2109746343","2097933912","0.136364"
"2097933912","2117355841","0.207792"
"2117355841","2097933912","0.207792"
"2097933912","2140439590","0.207792"
"2140439590","2097933912","0.207792"
"2097933912","2174573294","0.850649"
"2174573294","2097933912","0.850649"
"2097933912","2179170820","0.207792"
"2179170820","2097933912","0.207792"
"2097933912","2432267564","0.136364"
"2432267564","2097933912","0.136364"
"2109746343","2117355841","0.49821"
"2117355841","2109746343","0.49821"
"2109746343","2140439590","0.365952"
"2140439590","2109746343","0.365952"
"2109746343","2174573294","0.136364"
"2174573294","2109746343","0.136364"
"2109746343","2179170820","0.39821"
"2179170820","2109746343","0.39821"
"2109746343","2432267564","0.18832"
"2432267564","2109746343","0.18832"
"2117355841","2140439590","1.04651"
"2140439590","2117355841","1.04651"
"2117355841","2174573294","0.207792"
"2174573294","2117355841","0.207792"
"2117355841","2432267564","0.413571"
"2432267564","2117355841","0.413571"
"2140439590","2174573294","0.207792"
"2174573294","2140439590","0.207792"
"2140439590","2179170820","1.96079"
"2179170820","2140439590","1.96079"
"2140439590","2432267564","0.367142"
"2432267564","2140439590","0.367142"
"2174573294","2179170820","0.207792"
"2179170820","2174573294","0.207792"
"2174573294","2432267564","0.136364"
"2432267564","2174573294","0.136364"
"2179170820","2432267564","2.51337"
"2432267564","2179170820","2.51337"
"1020153513","173421291","0.0578991"
"173421291","1020153513","0.0578991"
"1020153513","1775333591","0.846757"
"1775333591","1020153513","0.846757"
"1020153513","1859302478","0.255243"
"1859302478","1020153513","0.255243"
"1020153513","194888264","0.273992"
"194888264","1020153513","0.273992"
"1020153513","1967789071","0.0322581"
"1967789071","1020153513","0.0322581"
"1020153513","2028678069","0.193369"
"2028678069","1020153513","0.193369"
"1020153513","2052939876","0.899389"
"2052939876","1020153513","0.899389"
"1020153513","2083451209","0.0322581"
"2083451209","1020153513","0.0322581"
"1020153513","2095486409","0.28691"
"2095486409","1020153513","0.28691"
"1020153513","2102880413","0.105518"
"2102880413","1020153513","0.105518"
"1020153513","2120669055","0.654694"
"2120669055","1020153513","0.654694"
"1020153513","2133173433","0.175115"
"2133173433","1020153513","0.175115"
"1020153513","2146442966","0.105518"
"2146442966","1020153513","0.105518"
"1020153513","2159633885","0.107899"
"2159633885","1020153513","0.107899"
"1020153513","2167091752","0.148808"
"2167091752","1020153513","0.148808"
"1020153513","2170581471","0.132258"
"2170581471","1020153513","0.132258"
"1020153513","2171957117","0.414499"
"2171957117","1020153513","0.414499"
"1020153513","2172088232","0.413027"
"2172088232","1020153513","0.413027"
"1020153513","2554254441","0.0739247"
"2554254441","1020153513","0.0739247"
"1020153513","2607430131","0.105518"
"2607430131","1020153513","0.105518"
"1020153513","2972402651","0.0322581"
"2972402651","1020153513","0.0322581"
"1020153513","37489049","0.573497"
"37489049","1020153513","0.573497"
"150715854","1547696260","0.0322581"
"1547696260","150715854","0.0322581"
"150715854","1581897247","0.655218"
"1581897247","150715854","0.655218"
"150715854","173421291","0.0322581"
"173421291","150715854","0.0322581"
"150715854","1775333591","0.411629"
"1775333591","150715854","0.411629"
"150715854","1859302478","0.161629"
"1859302478","150715854","0.161629"
"150715854","194888264","0.213577"
"194888264","150715854","0.213577"
"150715854","1967789071","0.0322581"
"1967789071","150715854","0.0322581"
"150715854","2028678069","0.0322581"
"2028678069","150715854","0.0322581"
"150715854","2052939876","0.411629"
"2052939876","150715854","0.411629"
"150715854","2054807817","0.0322581"
"2054807817","150715854","0.0322581"
"150715854","2083451209","0.0322581"
"2083451209","150715854","0.0322581"
"150715854","2095486409","0.0322581"
"2095486409","150715854","0.0322581"
"150715854","2102880413","0.0322581"
"2102880413","150715854","0.0322581"
"150715854","2109746343","0.0322581"
"2109746343","150715854","0.0322581"
"150715854","2117355841","0.123167"
"2117355841","150715854","0.123167"
"150715854","2120669055","0.252538"
"2120669055","150715854","0.252538"
"150715854","2133173433","0.0322581"
"2133173433","150715854","0.0322581"
"150715854","2146442966","0.0322581"
"2146442966","150715854","0.0322581"
"150715854","2159633885","0.0322581"
"2159633885","150715854","0.0322581"
"150715854","2167091752","0.0322581"
"2167091752","150715854","0.0322581"
"150715854","2170581471","0.0322581"
"2170581471","150715854","0.0322581"
"150715854","2171957117","0.143369"
"2171957117","150715854","0.143369"
"150715854","2172088232","0.0707196"
"2172088232","150715854","0.0707196"
"150715854","2179170820","0.0322581"
"2179170820","150715854","0.0322581"
"150715854","2554254441","0.0322581"
"2554254441","150715854","0.0322581"
"150715854","2607430131","0.0322581"
"2607430131","150715854","0.0322581"
"150715854","2972402651","0.0322581"
"2972402651","150715854","0.0322581"
"150715854","37489049","0.0707196"
"37489049","150715854","0.0707196"
"150715854","59549118","0.597337"
"59549118","150715854","0.597337"
"1547696260","1581897247","0.0322581"
"1581897247","1547696260","0.0322581"
"1547696260","173421291","0.284215"
"173421291","1547696260","0.284215"
"1547696260","1775333591","0.256265"
"1775333591","1547696260","0.256265"
"1547696260","1859302478","0.0322581"
"1859302478","1547696260","0.0322581"
"1547696260","194888264","0.117548"
"194888264","1547696260","0.117548"
"1547696260","1967789071","0.0322581"
"1967789071","1547696260","0.0322581"
"1547696260","1972866788","0.0322581"
"1972866788","1547696260","0.0322581"
"1547696260","2028678069","0.165591"
"2028678069","1547696260","0.165591"
"1547696260","2052939876","0.212786"
"2052939876","1547696260","0.212786"
"1547696260","2083451209","0.0322581"
"2083451209","1547696260","0.0322581"
"1547696260","2095486409","0.284981"
"2095486409","1547696260","0.284981"
"1547696260","2102880413","0.248996"
"2102880413","1547696260","0.248996"
"1547696260","2109746343","0.229669"
"2109746343","1547696260","0.229669"
"1547696260","2120669055","0.0578991"
"2120669055","1547696260","0.0578991"
"1547696260","2133173433","0.0322581"
"2133173433","1547696260","0.0322581"
"1547696260","2146442966","0.248996"
"2146442966","1547696260","0.248996"
"1547696260","2159633885","0.257899"
"2159633885","1547696260","0.257899"
"1547696260","2167091752","0.427693"
"2167091752","1547696260","0.427693"
"1547696260","2170581471","0.158574"
"2170581471","1547696260","0.158574"
"1547696260","2171957117","0.177288"
"2171957117","1547696260","0.177288"
"1547696260","2172088232","0.0578991"
"2172088232","1547696260","0.0578991"
"1547696260","2554254441","0.0322581"
"2554254441","1547696260","0.0322581"
"1547696260","2607430131","0.186471"
"2607430131","1547696260","0.186471"
"1547696260","2972402651","0.0322581"
"2972402651","1547696260","0.0322581"
"1547696260","37489049","0.0919072"
"37489049","1547696260","0.0919072"
"1547696260","59549118","0.586423"
"59549118","1547696260","0.586423"
"1581897247","173421291","0.0322581"
"173421291","1581897247","0.0322581"
"1581897247","1775333591","0.0322581"
"1775333591","1581897247","0.0322581"
"1581897247","1859302478","0.0322581"
"1859302478","1581897247","0.0322581"
"1581897247","194888264","0.0322581"
"194888264","1581897247","0.0322581"
"1581897247","1967789071","0.0322581"
"1967789071","1581897247","0.0322581"
"1581897247","1972866788","0.482142"
"1972866788","1581897247","0.482142"
"1581897247","2028678069","0.0322581"
"2028678069","1581897247","0.0322581"
"1581897247","2052939876","0.0322581"
"2052939876","1581897247","0.0322581"
"1581897247","2054807817","0.0322581"
"2054807817","1581897247","0.0322581"
"1581897247","2083451209","0.0322581"
"2083451209","1581897247","0.0322581"
"1581897247","2095486409","0.123167"
"2095486409","1581897247","0.123167"
"1581897247","2102880413","0.0322581"
"2102880413","1581897247","0.0322581"
"1581897247","2120669055","0.0322581"
"2120669055","1581897247","0.0322581"
"1581897247","2133173433","0.0322581"
"2133173433","1581897247","0.0322581"
"1581897247","2146442966","0.0322581"
"2146442966","1581897247","0.0322581"
"1581897247","2159633885","0.0322581"
"2159633885","1581897247","0.0322581"
"1581897247","2167091752","0.123167"
"2167091752","1581897247","0.123167"
"1581897247","2170581471","0.0322581"
"2170581471","1581897247","0.0322581"
"1581897247","2171957117","0.0322581"
"2171957117","1581897247","0.0322581"
"1581897247","2172088232","0.0322581"
"2172088232","1581897247","0.0322581"
"1581897247","2554254441","0.0322581"
"2554254441","1581897247","0.0322581"
"1581897247","2607430131","0.0322581"
"2607430131","1581897247","0.0322581"
"1581897247","2972402651","0.0322581"
"2972402651","1581897247","0.0322581"
"1581897247","37489049","0.0322581"
"37489049","1581897247","0.0322581"
"1581897247","59549118","1.03226"
"59549118","1581897247","1.03226"
"173421291","1775333591","0.117548"
"1775333591","173421291","0.117548"
"173421291","1859302478","0.175115"
"1859302478","173421291","0.175115"
"173421291","194888264","0.117548"
"194888264","173421291","0.117548"
"173421291","1967789071","0.157258"
"1967789071","173421291","0.157258"
"173421291","1972866788","0.0322581"
"1972866788","173421291","0.0322581"
"173421291","2028678069","0.0941628"
"2028678069","173421291","0.0941628"
"173421291","2052939876","0.117548"
"2052939876","173421291","0.117548"
"173421291","2054807817","0.312786"
"2054807817","173421291","0.312786"
"173421291","2083451209","0.0322581"
"2083451209","173421291","0.0322581"
"173421291","2095486409","0.120479"
"2095486409","173421291","0.120479"
"173421291","2102880413","0.0578991"
"2102880413","173421291","0.0578991"
"173421291","2109746343","0.0842149"
"2109746343","173421291","0.0842149"
"173421291","2117355841","0.117548"
"2117355841","173421291","0.117548"
"173421291","2120669055","0.0864705"
"2120669055","173421291","0.0864705"
"173421291","2133173433","0.0322581"
"2133173433","173421291","0.0322581"
"173421291","2146442966","0.0578991"
"2146442966","173421291","0.0578991"
"173421291","2159633885","4.94004"
"2159633885","173421291","4.94004"
"173421291","2167091752","0.227072"
"2167091752","173421291","0.227072"
"173421291","2170581471","0.201431"
"2170581471","173421291","0.201431"
"173421291","2171957117","0.112786"
"2171957117","173421291","0.112786"
"173421291","2172088232","0.419804"
"2172088232","173421291","0.419804"
"173421291","2179170820","3.73779"
"2179170820","173421291","3.73779"
"173421291","2554254441","0.0322581"
"2554254441","173421291","0.0322581"
"173421291","2607430131","0.119804"
"2607430131","173421291","0.119804"
"173421291","2972402651","0.0322581"
"2972402651","173421291","0.0322581"
"173421291","37489049","0.453812"
"37489049","173421291","0.453812"
"173421291","59549118","0.227072"
"59549118","173421291","0.227072"
"1775333591","1859302478","0.346153"
"1859302478","1775333591","0.346153"
"1775333591","194888264","1.23523"
"194888264","1775333591","1.23523"
"1775333591","1967789071","0.0322581"
"1967789071","1775333591","0.0322581"
"1775333591","1972866788","0.0707196"
"1972866788","1775333591","0.0707196"
"1775333591","2028678069","0.0655914"
"2028678069","1775333591","0.0655914"
"1775333591","2052939876","6.30868"
"2052939876","1775333591","6.30868"
"1775333591","2054807817","0.296265"
"2054807817","1775333591","0.296265"
"1775333591","2083451209","0.0322581"
"2083451209","1775333591","0.0322581"
"1775333591","2095486409","0.250637"
"2095486409","1775333591","0.250637"
"1775333591","2102880413","0.148996"
"2102880413","1775333591","0.148996"
"1775333591","2109746343","0.0842149"
"2109746343","1775333591","0.0842149"
"1775333591","2117355841","0.59541"
"2117355841","1775333591","0.59541"
"1775333591","2120669055","0.483637"
"2120669055","1775333591","0.483637"
"1775333591","2133173433","0.0322581"
"2133173433","1775333591","0.0322581"
"1775333591","2146442966","0.148996"
"2146442966","1775333591","0.148996"
"1775333591","2159633885","0.202344"
"2159633885","1775333591","0.202344"
"1775333591","2167091752","0.127693"
"2167091752","1775333591","0.127693"
"1775333591","2170581471","0.0585739"
"2170581471","1775333591","0.0585739"
"1775333591","2171957117","0.282945"
"2171957117","1775333591","0.282945"
"1775333591","2172088232","0.274138"
"2172088232","1775333591","0.274138"
"1775333591","2179170820","0.661344"
"2179170820","1775333591","0.661344"
"1775333591","2554254441","0.185036"
"2554254441","1775333591","0.185036"
"1775333591","2607430131","0.226471"
"2607430131","1775333591","0.226471"
"1775333591","2972402651","0.0322581"
"2972402651","1775333591","0.0322581"
"1775333591","37489049","2.31997"
"37489049","1775333591","2.31997"
"1775333591","59549118","0.175312"
"59549118","1775333591","0.175312"
"1859302478","194888264","0.255243"
"194888264","1859302478","0.255243"
"1859302478","1967789071","0.0322581"
"1967789071","1859302478","0.0322581"
"1859302478","1972866788","0.0707196"
"1972866788","1859302478","0.0707196"
"1859302478","2028678069","0.0322581"
"2028678069","1859302478","0.0322581"
"1859302478","2052939876","0.346153"
"2052939876","1859302478","0.346153"
"1859302478","2054807817","0.0322581"
"2054807817","1859302478","0.0322581"
"1859302478","2083451209","0.0322581"
"2083451209","1859302478","0.0322581"
"1859302478","2095486409","0.0322581"
"2095486409","1859302478","0.0322581"
"1859302478","2102880413","0.0322581"
"2102880413","1859302478","0.0322581"
"1859302478","2109746343","0.0322581"
"2109746343","1859302478","0.0322581"
"1859302478","2117355841","0.0322581"
"2117355841","1859302478","0.0322581"
"1859302478","2120669055","0.203295"
"2120669055","1859302478","0.203295"
"1859302478","2133173433","0.175115"
"2133173433","1859302478","0.175115"
"1859302478","2146442966","0.0322581"
"2146442966","1859302478","0.0322581"
"1859302478","2159633885","0.175115"
"2159633885","1859302478","0.175115"
"1859302478","2167091752","0.0322581"
"2167091752","1859302478","0.0322581"
"1859302478","2170581471","0.0322581"
"2170581471","1859302478","0.0322581"
"1859302478","2171957117","0.175115"
"2171957117","1859302478","0.175115"
"1859302478","2172088232","0.0707196"
"2172088232","1859302478","0.0707196"
"1859302478","2179170820","0.175115"
"2179170820","1859302478","0.175115"
"1859302478","2554254441","0.616782"
"2554254441","1859302478","0.616782"
"1859302478","2607430131","0.0322581"
"2607430131","1859302478","0.0322581"
"1859302478","2972402651","0.0322581"
"2972402651","1859302478","0.0322581"
"1859302478","37489049","0.255243"
"37489049","1859302478","0.255243"
"1859302478","59549118","0.0322581"
"59549118","1859302478","0.0322581"
"194888264","1967789071","0.0322581"
"1967789071","194888264","0.0322581"
"194888264","1972866788","0.0707196"
"1972866788","194888264","0.0707196"
"194888264","2028678069","0.0655914"
"2028678069","194888264","0.0655914"
"194888264","2052939876","0.954533"
"2052939876","194888264","0.954533"
"194888264","2054807817","0.21018"
"2054807817","194888264","0.21018"
"194888264","2083451209","0.0322581"
"2083451209","194888264","0.0322581"
"194888264","2095486409","0.144539"
"2095486409","194888264","0.144539"
"194888264","2102880413","0.0578991"
"2102880413","194888264","0.0578991"
"194888264","2109746343","0.136846"
"2109746343","194888264","0.136846"
"194888264","2117355841","0.287103"
"2117355841","194888264","0.287103"
"194888264","2120669055","0.21495"
"2120669055","194888264","0.21495"
"194888264","2133173433","0.0322581"
"2133173433","194888264","0.0322581"
"194888264","2146442966","0.0578991"
"2146442966","194888264","0.0578991"
"194888264","2159633885","0.0912324"
"2159633885","194888264","0.0912324"
"194888264","2167091752","0.0842149"
"2167091752","194888264","0.0842149"
"194888264","2170581471","0.0585739"
"2170581471","194888264","0.0585739"
"194888264","2171957117","0.287958"
"2171957117","194888264","0.287958"
"194888264","2172088232","0.0963606"
"2172088232","194888264","0.0963606"
"194888264","2179170820","0.21018"
"2179170820","194888264","0.21018"
"194888264","2554254441","0.0739247"
"2554254441","194888264","0.0739247"
"194888264","2607430131","0.131232"
"2607430131","194888264","0.131232"
"194888264","2972402651","0.0322581"
"2972402651","194888264","0.0322581"
"194888264","37489049","0.88267"
"37489049","194888264","0.88267"
"194888264","59549118","0.0842149"
"59549118","194888264","0.0842149"
"1967789071","1972866788","0.0322581"
"1972866788","1967789071","0.0322581"
"1967789071","2028678069","0.0322581"
"2028678069","1967789071","0.0322581"
"1967789071","2052939876","0.0322581"
"2052939876","1967789071","0.0322581"
"1967789071","2054807817","0.0322581"
"2054807817","1967789071","0.0322581"
"1967789071","2083451209","0.0322581"
"2083451209","1967789071","0.0322581"
"1967789071","2095486409","0.0322581"
"2095486409","1967789071","0.0322581"
"1967789071","2102880413","0.0322581"
"2102880413","1967789071","0.0322581"
"1967789071","2109746343","0.0322581"
"2109746343","1967789071","0.0322581"
"1967789071","2117355841","0.0322581"
"2117355841","1967789071","0.0322581"
"1967789071","2120669055","0.0322581"
"2120669055","1967789071","0.0322581"
"1967789071","2133173433","0.0322581"
"2133173433","1967789071","0.0322581"
"1967789071","2146442966","0.0322581"
"2146442966","1967789071","0.0322581"
"1967789071","2159633885","0.407258"
"2159633885","1967789071","0.407258"
"1967789071","2167091752","0.0322581"
"2167091752","1967789071","0.0322581"
"1967789071","2170581471","0.0322581"
"2170581471","1967789071","0.0322581"
"1967789071","2171957117","0.0322581"
"2171957117","1967789071","0.0322581"
"1967789071","2172088232","0.0322581"
"2172088232","1967789071","0.0322581"
"1967789071","2179170820","0.407258"
"2179170820","1967789071","0.407258"
"1967789071","2554254441","0.0322581"
"2554254441","1967789071","0.0322581"
"1967789071","2607430131","0.0322581"
"2607430131","1967789071","0.0322581"
"1967789071","2972402651","0.0322581"
"2972402651","1967789071","0.0322581"
"1967789071","37489049","0.0322581"
"37489049","1967789071","0.0322581"
"1967789071","59549118","0.0322581"
"59549118","1967789071","0.0322581"
"1972866788","2028678069","0.0322581"
"2028678069","1972866788","0.0322581"
"1972866788","2052939876","0.0707196"
"2052939876","1972866788","0.0707196"
"1972866788","2054807817","0.0322581"
"2054807817","1972866788","0.0322581"
"1972866788","2083451209","0.0322581"
"2083451209","1972866788","0.0322581"
"1972866788","2095486409","0.0322581"
"2095486409","1972866788","0.0322581"
"1972866788","2102880413","0.0322581"
"2102880413","1972866788","0.0322581"
"1972866788","2109746343","0.0322581"
"2109746343","1972866788","0.0322581"
"1972866788","2117355841","0.0322581"
"2117355841","1972866788","0.0322581"
"1972866788","2120669055","0.0707196"
"2120669055","1972866788","0.0707196"
"1972866788","2133173433","0.0322581"
"2133173433","1972866788","0.0322581"
"1972866788","2146442966","0.0322581"
"2146442966","1972866788","0.0322581"
"1972866788","2159633885","0.0322581"
"2159633885","1972866788","0.0322581"
"1972866788","2167091752","0.0322581"
"2167091752","1972866788","0.0322581"
"1972866788","2170581471","0.0322581"
"2170581471","1972866788","0.0322581"
"1972866788","2171957117","0.143369"
"2171957117","1972866788","0.143369"
"1972866788","2172088232","0.0707196"
"2172088232","1972866788","0.0707196"
"1972866788","2179170820","0.0322581"
"2179170820","1972866788","0.0322581"
"1972866788","2554254441","0.0322581"
"2554254441","1972866788","0.0322581"
"1972866788","2607430131","0.0322581"
"2607430131","1972866788","0.0322581"
"1972866788","2972402651","0.0322581"
"2972402651","1972866788","0.0322581"
"1972866788","37489049","0.0707196"
"37489049","1972866788","0.0707196"
"1972866788","59549118","0.847337"
"59549118","1972866788","0.847337"
"2028678069","2052939876","0.0655914"
"2052939876","2028678069","0.0655914"
"2028678069","2054807817","0.355274"
"2054807817","2028678069","0.355274"
"2028678069","2083451209","0.0322581"
"2083451209","2028678069","0.0322581"
"2028678069","2095486409","0.305274"
"2095486409","2028678069","0.305274"
"2028678069","2102880413","0.132258"
"2102880413","2028678069","0.132258"
"2028678069","2109746343","0.0322581"
"2109746343","2028678069","0.0322581"
"2028678069","2117355841","0.0655914"
"2117355841","2028678069","0.0655914"
"2028678069","2120669055","0.0608295"
"2120669055","2028678069","0.0608295"
"2028678069","2133173433","0.0322581"
"2133173433","2028678069","0.0322581"
"2028678069","2146442966","0.132258"
"2146442966","2028678069","0.132258"
"2028678069","2159633885","0.206663"
"2159633885","2028678069","0.206663"
"2028678069","2167091752","0.132258"
"2167091752","2028678069","0.132258"
"2028678069","2170581471","0.0322581"
"2170581471","2028678069","0.0322581"
"2028678069","2171957117","0.110829"
"2171957117","2028678069","0.110829"
"2028678069","2172088232","0.0608295"
"2172088232","2028678069","0.0608295"
"2028678069","2179170820","0.889203"
"2179170820","2028678069","0.889203"
"2028678069","2554254441","0.0322581"
"2554254441","2028678069","0.0322581"
"2028678069","2607430131","4.26083"
"2607430131","2028678069","4.26083"
"2028678069","2972402651","0.0322581"
"2972402651","2028678069","0.0322581"
"2028678069","37489049","0.0941628"
"37489049","2028678069","0.0941628"
"2028678069","59549118","0.132258"
"59549118","2028678069","0.132258"
"2052939876","2054807817","0.455418"
"2054807817","2052939876","0.455418"
"2052939876","2083451209","0.0322581"
"2083451209","2052939876","0.0322581"
"2052939876","2095486409","0.192158"
"2095486409","2052939876","0.192158"
"2052939876","2102880413","0.105518"
"2102880413","2052939876","0.105518"
"2052939876","2109746343","0.136846"
"2109746343","2052939876","0.136846"
"2052939876","2117355841","0.704563"
"2117355841","2052939876","0.704563"
"2052939876","2120669055","0.372526"
"2120669055","2052939876","0.372526"
"2052939876","2133173433","0.0322581"
"2133173433","2052939876","0.0322581"
"2052939876","2146442966","0.105518"
"2146442966","2052939876","0.105518"
"2052939876","2159633885","0.0912324"
"2159633885","2052939876","0.0912324"
"2052939876","2167091752","0.184215"
"2167091752","2052939876","0.184215"
"2052939876","2170581471","0.0585739"
"2170581471","2052939876","0.0585739"
"2052939876","2171957117","0.385577"
"2171957117","2052939876","0.385577"
"2052939876","2172088232","0.163027"
"2172088232","2052939876","0.163027"
"2052939876","2179170820","0.720497"
"2179170820","2052939876","0.720497"
"2052939876","2554254441","0.185036"
"2554254441","2052939876","0.185036"
"2052939876","2607430131","0.226471"
"2607430131","2052939876","0.226471"
"2052939876","2972402651","0.0322581"
"2972402651","2052939876","0.0322581"
"2052939876","37489049","1.98664"
"37489049","2052939876","1.98664"
"2052939876","59549118","0.131834"
"59549118","2052939876","0.131834"
"2054807817","2083451209","0.0322581"
"2083451209","2054807817","0.0322581"
"2054807817","2095486409","0.577546"
"2095486409","2054807817","0.577546"
"2054807817","2102880413","0.504949"
"2102880413","2054807817","0.504949"
"2054807817","2109746343","0.282301"
"2109746343","2054807817","0.282301"
"2054807817","2120669055","0.244209"
"2120669055","2054807817","0.244209"
"2054807817","2133173433","0.0322581"
"2133173433","2054807817","0.0322581"
"2054807817","2146442966","0.504949"
"2146442966","2054807817","0.504949"
"2054807817","2159633885","0.436721"
"2159633885","2054807817","0.436721"
"2054807817","2167091752","0.375312"
"2167091752","2054807817","0.375312"
"2054807817","2170581471","0.158574"
"2170581471","2054807817","0.158574"
"2054807817","2171957117","0.446111"
"2171957117","2054807817","0.446111"
"2054807817","2172088232","0.19659"
"2172088232","2054807817","0.19659"
"2054807817","2554254441","0.0322581"
"2554254441","2054807817","0.0322581"
"2054807817","2607430131","0.255042"
"2607430131","2054807817","0.255042"
"2054807817","2972402651","0.0322581"
"2972402651","2054807817","0.0322581"
"2054807817","37489049","0.160479"
"37489049","2054807817","0.160479"
"2054807817","59549118","0.517376"
"59549118","2054807817","0.517376"
"2083451209","2095486409","0.0322581"
"2095486409","2083451209","0.0322581"
"2083451209","2102880413","0.0322581"
"2102880413","2083451209","0.0322581"
"2083451209","2109746343","0.0322581"
"2109746343","2083451209","0.0322581"
"2083451209","2117355841","0.0322581"
"2117355841","2083451209","0.0322581"
"2083451209","2120669055","0.0322581"
"2120669055","2083451209","0.0322581"
"2083451209","2133173433","0.0322581"
"2133173433","2083451209","0.0322581"
"2083451209","2146442966","0.0322581"
"2146442966","2083451209","0.0322581"
"2083451209","2159633885","0.0322581"
"2159633885","2083451209","0.0322581"
"2083451209","2167091752","0.0322581"
"2167091752","2083451209","0.0322581"
"2083451209","2170581471","0.0322581"
"2170581471","2083451209","0.0322581"
"2083451209","2171957117","0.0322581"
"2171957117","2083451209","0.0322581"
"2083451209","2172088232","0.0322581"
"2172088232","2083451209","0.0322581"
"2083451209","2179170820","0.0322581"
"2179170820","2083451209","0.0322581"
"2083451209","2554254441","0.0322581"
"2554254441","2083451209","0.0322581"
"2083451209","2607430131","0.0322581"
"2607430131","2083451209","0.0322581"
"2083451209","2972402651","0.0322581"
"2972402651","2083451209","0.0322581"
"2083451209","37489049","0.0322581"
"37489049","2083451209","0.0322581"
"2083451209","59549118","0.0322581"
"59549118","2083451209","0.0322581"
"2095486409","2102880413","0.132258"
"2102880413","2095486409","0.132258"
"2095486409","2109746343","0.15666"
"2109746343","2095486409","0.15666"
"2095486409","2117355841","0.290244"
"2117355841","2095486409","0.290244"
"2095486409","2120669055","0.21956"
"2120669055","2095486409","0.21956"
"2095486409","2133173433","0.0322581"
"2133173433","2095486409","0.0322581"
"2095486409","2146442966","0.132258"
"2146442966","2095486409","0.132258"
"2095486409","2159633885","0.305525"
"2159633885","2095486409","0.305525"
"2095486409","2167091752","0.297102"
"2167091752","2095486409","0.297102"
"2095486409","2170581471","0.0585739"
"2170581471","2095486409","0.0585739"
"2095486409","2171957117","0.28047"
"2171957117","2095486409","0.28047"
"2095486409","2172088232","0.171941"
"2172088232","2095486409","0.171941"
"2095486409","2179170820","1.46607"
"2179170820","2095486409","1.46607"
"2095486409","2554254441","0.0322581"
"2554254441","2095486409","0.0322581"
"2095486409","2607430131","0.141782"
"2607430131","2095486409","0.141782"
"2095486409","2972402651","0.0322581"
"2972402651","2095486409","0.0322581"
"2095486409","37489049","0.120479"
"37489049","2095486409","0.120479"
"2095486409","59549118","0.158574"
"59549118","2095486409","0.158574"
"2102880413","2109746343","0.0578991"
"2109746343","2102880413","0.0578991"
"2102880413","2117355841","0.738282"
"2117355841","2102880413","0.738282"
"2102880413","2120669055","0.105518"
"2120669055","2102880413","0.105518"
"2102880413","2133173433","0.0322581"
"2133173433","2102880413","0.0322581"
"2102880413","2146442966","10.5883"
"2146442966","2102880413","10.5883"
"2102880413","2159633885","0.0578991"
"2159633885","2102880413","0.0578991"
"2102880413","2167091752","0.201377"
"2167091752","2102880413","0.201377"
"2102880413","2170581471","0.282258"
"2170581471","2102880413","0.282258"
"2102880413","2171957117","0.0578991"
"2171957117","2102880413","0.0578991"
"2102880413","2172088232","0.105518"
"2172088232","2102880413","0.105518"
"2102880413","2179170820","0.504949"
"2179170820","2102880413","0.504949"
"2102880413","2554254441","0.0322581"
"2554254441","2102880413","0.0322581"
"2102880413","2607430131","0.105518"
"2607430131","2102880413","0.105518"
"2102880413","2972402651","0.0322581"
"2972402651","2102880413","0.0322581"
"2102880413","37489049","0.0322581"
"37489049","2102880413","0.0322581"
"2102880413","59549118","1.62995"
"59549118","2102880413","1.62995"
"2109746343","2120669055","0.0578991"
"2120669055","2109746343","0.0578991"
"2109746343","2133173433","0.0322581"
"2133173433","2109746343","0.0322581"
"2109746343","2146442966","0.0578991"
"2146442966","2109746343","0.0578991"
"2109746343","2159633885","0.0578991"
"2159633885","2109746343","0.0578991"
"2109746343","2167091752","0.209215"
"2167091752","2109746343","0.209215"
"2109746343","2170581471","0.158574"
"2170581471","2109746343","0.158574"
"2109746343","2171957117","0.182301"
"2171957117","2109746343","0.182301"
"2109746343","2172088232","0.0578991"
"2172088232","2109746343","0.0578991"
"2109746343","2554254441","0.0322581"
"2554254441","2109746343","0.0322581"
"2109746343","2607430131","0.0578991"
"2607430131","2109746343","0.0578991"
"2109746343","2972402651","0.0322581"
"2972402651","2109746343","0.0322581"
"2109746343","37489049","0.0585739"
"37489049","2109746343","0.0585739"
"2109746343","59549118","0.0842149"
"59549118","2109746343","0.0842149"
"2117355841","2120669055","0.33585"
"2120669055","2117355841","0.33585"
"2117355841","2133173433","0.0322581"
"2133173433","2117355841","0.0322581"
"2117355841","2146442966","0.738282"
"2146442966","2117355841","0.738282"
"2117355841","2159633885","0.143864"
"2159633885","2117355841","0.143864"
"2117355841","2167091752","0.352693"
"2167091752","2117355841","0.352693"
"2117355841","2170581471","0.358574"
"2170581471","2117355841","0.358574"
"2117355841","2171957117","0.26992"
"2171957117","2117355841","0.26992"
"2117355841","2172088232","0.168018"
"2172088232","2117355841","0.168018"
"2117355841","2554254441","0.0322581"
"2554254441","2117355841","0.0322581"
"2117355841","2607430131","0.226471"
"2607430131","2117355841","0.226471"
"2117355841","2972402651","0.0322581"
"2972402651","2117355841","0.0322581"
"2117355841","37489049","0.131907"
"37489049","2117355841","0.131907"
"2117355841","59549118","0.617376"
"59549118","2117355841","0.617376"
"2120669055","2133173433","0.0322581"
"2133173433","2120669055","0.0322581"
"2120669055","2146442966","0.105518"
"2146442966","2120669055","0.105518"
"2120669055","2159633885","0.445201"
"2159633885","2120669055","0.445201"
"2120669055","2167091752","0.105518"
"2167091752","2120669055","0.105518"
"2120669055","2170581471","0.0322581"
"2170581471","2120669055","0.0322581"
"2120669055","2171957117","0.13409"
"2171957117","2120669055","0.13409"
"2120669055","2172088232","2.9295"
"2172088232","2120669055","2.9295"
"2120669055","2179170820","0.915637"
"2179170820","2120669055","0.915637"
"2120669055","2554254441","0.0739247"
"2554254441","2120669055","0.0739247"
"2120669055","2607430131","0.0864705"
"2607430131","2120669055","0.0864705"
"2120669055","2972402651","0.0322581"
"2972402651","2120669055","0.0322581"
"2120669055","37489049","0.207624"
"37489049","2120669055","0.207624"
"2120669055","59549118","0.105518"
"59549118","2120669055","0.105518"
"2133173433","2146442966","0.0322581"
"2146442966","2133173433","0.0322581"
"2133173433","2159633885","0.0322581"
