"1016442203","2109158422","2"
"2109158422","1016442203","2"
"1016442203","2099035968","3.16374"
"2099035968","1016442203","3.16374"
"1016442203","2794632349","1.14444"
"2794632349","1016442203","1.14444"
"2099035968","2794632349","1.11111"
"2794632349","2099035968","1.11111"
"1016442203","1852662819","0.392857"
"1852662819","1016442203","0.392857"
"1016442203","2100387739","0.559524"
"2100387739","1016442203","0.559524"
"1016442203","2147344977","0.592857"
"2147344977","1016442203","0.592857"
"1016442203","2396012111","1.64286"
"2396012111","1016442203","1.64286"
"1852662819","2100387739","0.392857"
"2100387739","1852662819","0.392857"
"1852662819","2147344977","0.642857"
"2147344977","1852662819","0.642857"
"1852662819","2396012111","0.642857"
"2396012111","1852662819","0.642857"
"2100387739","2147344977","0.392857"
"2147344977","2100387739","0.392857"
"2100387739","2396012111","0.642857"
"2396012111","2100387739","0.642857"
"2147344977","2396012111","0.97619"
"2396012111","2147344977","0.97619"
"1016442203","2097608897","0.142857"
"2097608897","1016442203","0.142857"
"1016442203","2102729946","0.809524"
"2102729946","1016442203","0.809524"
"1016442203","2296279039","0.142857"
"2296279039","1016442203","0.142857"
"1852662819","2097608897","0.142857"
"2097608897","1852662819","0.142857"
"1852662819","2102729946","0.142857"
"2102729946","1852662819","0.142857"
"1852662819","2296279039","0.142857"
"2296279039","1852662819","0.142857"
"2097608897","2100387739","0.342857"
"2100387739","2097608897","0.342857"
"2097608897","2102729946","0.142857"
"2102729946","2097608897","0.142857"
"2097608897","2147344977","0.392857"
"2147344977","2097608897","0.392857"
"2097608897","2296279039","0.142857"
"2296279039","2097608897","0.142857"
"2097608897","2396012111","0.142857"
"2396012111","2097608897","0.142857"
"2100387739","2102729946","0.142857"
"2102729946","2100387739","0.142857"
"2100387739","2296279039","0.142857"
"2296279039","2100387739","0.142857"
"2102729946","2147344977","0.142857"
"2147344977","2102729946","0.142857"
"2102729946","2296279039","0.142857"
"2296279039","2102729946","0.142857"
"2102729946","2396012111","0.142857"
"2396012111","2102729946","0.142857"
"2147344977","2296279039","1.39286"
"2296279039","2147344977","1.39286"
"2296279039","2396012111","0.142857"
"2396012111","2296279039","0.142857"
"1016442203","2101161250","0.719298"
"2101161250","1016442203","0.719298"
"2099035968","2101161250","2.88596"
"2101161250","2099035968","2.88596"
"1016442203","1972305796","4.0566"
"1972305796","1016442203","4.0566"
"1016442203","2027748129","0.473267"
"2027748129","1016442203","0.473267"
"1016442203","2397360326","1.36216"
"2397360326","1016442203","1.36216"
"1016442203","2585664214","1.20952"
"2585664214","1016442203","1.20952"
"1016442203","2989593421","0.142857"
"2989593421","1016442203","0.142857"
"1016442203","3023346860","0.142857"
"3023346860","1016442203","0.142857"
"1016442203","3025772098","0.195489"
"3025772098","1016442203","0.195489"
"1972305796","2027748129","0.3066"
"2027748129","1972305796","0.3066"
"1972305796","2397360326","2.19549"
"2397360326","1972305796","2.19549"
"1972305796","2585664214","0.142857"
"2585664214","1972305796","0.142857"
"1972305796","2989593421","0.142857"
"2989593421","1972305796","0.142857"
"1972305796","3023346860","0.142857"
"3023346860","1972305796","0.142857"
"1972305796","3025772098","0.195489"
"3025772098","1972305796","0.195489"
"2027748129","2397360326","0.612155"
"2397360326","2027748129","0.612155"
"2027748129","2585664214","0.142857"
"2585664214","2027748129","0.142857"
"2027748129","2989593421","0.142857"
"2989593421","2027748129","0.142857"
"2027748129","3023346860","0.142857"
"3023346860","2027748129","0.142857"
"2027748129","3025772098","0.195489"
"3025772098","2027748129","0.195489"
"2397360326","2585664214","0.142857"
"2585664214","2397360326","0.142857"
"2397360326","2989593421","0.142857"
"2989593421","2397360326","0.142857"
"2397360326","3023346860","0.142857"
"3023346860","2397360326","0.142857"
"2397360326","3025772098","0.195489"
"3025772098","2397360326","0.195489"
"2585664214","2989593421","0.142857"
"2989593421","2585664214","0.142857"
"2585664214","3023346860","0.142857"
"3023346860","2585664214","0.142857"
"2585664214","3025772098","0.142857"
"3025772098","2585664214","0.142857"
"2989593421","3023346860","6.64286"
"3023346860","2989593421","6.64286"
"2989593421","3025772098","1.14286"
"3025772098","2989593421","1.14286"
"3023346860","3025772098","2.14286"
"3025772098","3023346860","2.14286"
"1016442203","2396309311","1.7"
"2396309311","1016442203","1.7"
"1016442203","2755385361","1.9"
"2755385361","1016442203","1.9"
"2396309311","2755385361","26.3583"
"2755385361","2396309311","26.3583"
"1016442203","2798325362","0.7"
"2798325362","1016442203","0.7"
"2396012111","2396309311","0.5"
"2396309311","2396012111","0.5"
"2396012111","2755385361","0.5"
"2755385361","2396012111","0.5"
"2396012111","2798325362","0.5"
"2798325362","2396012111","0.5"
"2396309311","2798325362","2.65833"
"2798325362","2396309311","2.65833"
"2755385361","2798325362","2.80119"
"2798325362","2755385361","2.80119"
"1016442203","2188262136","0.413743"
"2188262136","1016442203","0.413743"
"1016442203","2251728956","0.25"
"2251728956","1016442203","0.25"
"1016442203","2806056912","1.25"
"2806056912","1016442203","1.25"
"1972305796","2188262136","0.413743"
"2188262136","1972305796","0.413743"
"1972305796","2251728956","0.25"
"2251728956","1972305796","0.25"
"1972305796","2806056912","0.25"
"2806056912","1972305796","0.25"
"2188262136","2251728956","0.5"
"2251728956","2188262136","0.5"
"2188262136","2806056912","0.25"
"2806056912","2188262136","0.25"
"2251728956","2806056912","0.25"
"2806056912","2251728956","0.25"
"1016442203","1993786250","0.45"
"1993786250","1016442203","0.45"
"1016442203","2000656232","0.45"
"2000656232","1016442203","0.45"
"1016442203","2163763098","0.2"
"2163763098","1016442203","0.2"
"1016442203","2168931213","0.2"
"2168931213","1016442203","0.2"
"1993786250","2000656232","6.43333"
"2000656232","1993786250","6.43333"
"1993786250","2147344977","2.28333"
"2147344977","1993786250","2.28333"
"1993786250","2163763098","1.15"
"2163763098","1993786250","1.15"
"1993786250","2168931213","0.95"
"2168931213","1993786250","0.95"
"2000656232","2147344977","3.28333"
"2147344977","2000656232","3.28333"
"2000656232","2163763098","0.65"
"2163763098","2000656232","0.65"
"2000656232","2168931213","1.45"
"2168931213","2000656232","1.45"
"2147344977","2163763098","0.2"
"2163763098","2147344977","0.2"
"2147344977","2168931213","0.2"
"2168931213","2147344977","0.2"
"2163763098","2168931213","17.95"
"2168931213","2163763098","17.95"
"1016442203","2260671045","0.697076"
"2260671045","1016442203","0.697076"
"1016442203","2435648513","0.7"
"2435648513","1016442203","0.7"
"2260671045","2435648513","0.2"
"2435648513","2260671045","0.2"
"2260671045","2585664214","0.533333"
"2585664214","2260671045","0.533333"
"2260671045","2755385361","0.533333"
"2755385361","2260671045","0.533333"
"2260671045","2794632349","0.644444"
"2794632349","2260671045","0.644444"
"2435648513","2585664214","0.2"
"2585664214","2435648513","0.2"
"2435648513","2755385361","0.2"
"2755385361","2435648513","0.2"
"2435648513","2794632349","0.2"
"2794632349","2435648513","0.2"
"2585664214","2755385361","4.65952"
"2755385361","2585664214","4.65952"
"2585664214","2794632349","0.67619"
"2794632349","2585664214","0.67619"
"2755385361","2794632349","0.342857"
"2794632349","2755385361","0.342857"
"1972305796","2435648513","0.5"
"2435648513","1972305796","0.5"
"1016442203","2145015575","0.25"
"2145015575","1016442203","0.25"
"1016442203","2398254416","0.616667"
"2398254416","1016442203","0.616667"
"2145015575","2396309311","0.95"
"2396309311","2145015575","0.95"
"2145015575","2398254416","0.783333"
"2398254416","2145015575","0.783333"
"2145015575","2755385361","0.95"
"2755385361","2145015575","0.95"
"2396309311","2398254416","2.35833"
"2398254416","2396309311","2.35833"
"2398254416","2755385361","2.35833"
"2755385361","2398254416","2.35833"
"1016442203","1991665234","0.0526316"
"1991665234","1016442203","0.0526316"
"1016442203","2003515726","0.163743"
"2003515726","1016442203","0.163743"
"1016442203","2106771621","1.05263"
"2106771621","1016442203","1.05263"
"1016442203","2394534308","0.0526316"
"2394534308","1016442203","0.0526316"
"1016442203","2430414709","0.0526316"
"2430414709","1016442203","0.0526316"
"1016442203","2753588408","0.0526316"
"2753588408","1016442203","0.0526316"
"1016442203","2767766062","0.163743"
"2767766062","1016442203","0.163743"
"1016442203","2939293933","0.219298"
"2939293933","1016442203","0.219298"
"1016442203","2950405263","0.219298"
"2950405263","1016442203","0.219298"
"1016442203","30166824","0.719298"
"30166824","1016442203","0.719298"
"1016442203","55656182","0.219298"
"55656182","1016442203","0.219298"
"1972305796","1991665234","0.0526316"
"1991665234","1972305796","0.0526316"
"1972305796","2003515726","0.163743"
"2003515726","1972305796","0.163743"
"1972305796","2099035968","0.163743"
"2099035968","1972305796","0.163743"
"1972305796","2101161250","0.0526316"
"2101161250","1972305796","0.0526316"
"1972305796","2106771621","0.0526316"
"2106771621","1972305796","0.0526316"
"1972305796","2260671045","0.163743"
"2260671045","1972305796","0.163743"
"1972305796","2394534308","0.0526316"
"2394534308","1972305796","0.0526316"
"1972305796","2430414709","0.0526316"
"2430414709","1972305796","0.0526316"
"1972305796","2753588408","0.0526316"
"2753588408","1972305796","0.0526316"
"1972305796","2767766062","0.163743"
"2767766062","1972305796","0.163743"
"1972305796","2939293933","0.0526316"
"2939293933","1972305796","0.0526316"
"1972305796","2950405263","0.0526316"
"2950405263","1972305796","0.0526316"
"1972305796","30166824","0.0526316"
"30166824","1972305796","0.0526316"
"1972305796","55656182","0.0526316"
"55656182","1972305796","0.0526316"
"1991665234","2003515726","0.552632"
"2003515726","1991665234","0.552632"
"1991665234","2027748129","0.0526316"
"2027748129","1991665234","0.0526316"
"1991665234","2099035968","0.0526316"
"2099035968","1991665234","0.0526316"
"1991665234","2101161250","0.0526316"
"2101161250","1991665234","0.0526316"
"1991665234","2106771621","0.0526316"
"2106771621","1991665234","0.0526316"
"1991665234","2188262136","0.0526316"
"2188262136","1991665234","0.0526316"
"1991665234","2260671045","0.0526316"
"2260671045","1991665234","0.0526316"
"1991665234","2394534308","0.0526316"
"2394534308","1991665234","0.0526316"
"1991665234","2397360326","0.552632"
"2397360326","1991665234","0.552632"
"1991665234","2430414709","0.0526316"
"2430414709","1991665234","0.0526316"
"1991665234","2753588408","0.0526316"
"2753588408","1991665234","0.0526316"
"1991665234","2767766062","0.0526316"
"2767766062","1991665234","0.0526316"
"1991665234","2939293933","0.0526316"
"2939293933","1991665234","0.0526316"
"1991665234","2950405263","0.0526316"
"2950405263","1991665234","0.0526316"
"1991665234","30166824","0.0526316"
"30166824","1991665234","0.0526316"
"1991665234","3025772098","0.0526316"
"3025772098","1991665234","0.0526316"
"1991665234","55656182","0.0526316"
"55656182","1991665234","0.0526316"
"2003515726","2027748129","0.163743"
"2027748129","2003515726","0.163743"
"2003515726","2099035968","2.49708"
"2099035968","2003515726","2.49708"
"2003515726","2101161250","3.05263"
"2101161250","2003515726","3.05263"
"2003515726","2106771621","0.219298"
"2106771621","2003515726","0.219298"
"2003515726","2188262136","0.330409"
"2188262136","2003515726","0.330409"
"2003515726","2260671045","1.16374"
"2260671045","2003515726","1.16374"
"2003515726","2394534308","0.0526316"
"2394534308","2003515726","0.0526316"
"2003515726","2397360326","0.552632"
"2397360326","2003515726","0.552632"
"2003515726","2430414709","0.0526316"
"2430414709","2003515726","0.0526316"
"2003515726","2753588408","0.0526316"
"2753588408","2003515726","0.0526316"
"2003515726","2767766062","0.163743"
"2767766062","2003515726","0.163743"
"2003515726","2939293933","0.0526316"
"2939293933","2003515726","0.0526316"
"2003515726","2950405263","0.0526316"
"2950405263","2003515726","0.0526316"
"2003515726","30166824","0.219298"
"30166824","2003515726","0.219298"
"2003515726","3025772098","0.0526316"
"3025772098","2003515726","0.0526316"
"2003515726","55656182","0.219298"
"55656182","2003515726","0.219298"
"2027748129","2099035968","0.413743"
"2099035968","2027748129","0.413743"
"2027748129","2101161250","0.219298"
"2101161250","2027748129","0.219298"
"2027748129","2106771621","1.30263"
"2106771621","2027748129","1.30263"
"2027748129","2188262136","0.163743"
"2188262136","2027748129","0.163743"
"2027748129","2260671045","0.413743"
"2260671045","2027748129","0.413743"
"2027748129","2394534308","0.0526316"
"2394534308","2027748129","0.0526316"
"2027748129","2430414709","0.0526316"
"2430414709","2027748129","0.0526316"
"2027748129","2753588408","0.0526316"
"2753588408","2027748129","0.0526316"
"2027748129","2767766062","0.163743"
"2767766062","2027748129","0.163743"
"2027748129","2939293933","0.0526316"
"2939293933","2027748129","0.0526316"
"2027748129","2950405263","0.0526316"
"2950405263","2027748129","0.0526316"
"2027748129","30166824","0.219298"
"30166824","2027748129","0.219298"
"2027748129","55656182","0.219298"
"55656182","2027748129","0.219298"
"2099035968","2106771621","0.802632"
"2106771621","2099035968","0.802632"
"2099035968","2188262136","0.163743"
"2188262136","2099035968","0.163743"
"2099035968","2260671045","0.747076"
"2260671045","2099035968","0.747076"
"2099035968","2394534308","0.0526316"
"2394534308","2099035968","0.0526316"
"2099035968","2397360326","0.302632"
"2397360326","2099035968","0.302632"
"2099035968","2430414709","0.0526316"
"2430414709","2099035968","0.0526316"
"2099035968","2753588408","0.0526316"
"2753588408","2099035968","0.0526316"
"2099035968","2767766062","0.163743"
"2767766062","2099035968","0.163743"
"2099035968","2939293933","0.0526316"
"2939293933","2099035968","0.0526316"
"2099035968","2950405263","0.0526316"
"2950405263","2099035968","0.0526316"
"2099035968","30166824","0.0526316"
"30166824","2099035968","0.0526316"
"2099035968","3025772098","0.0526316"
"3025772098","2099035968","0.0526316"
"2099035968","55656182","0.0526316"
"55656182","2099035968","0.0526316"
"2101161250","2106771621","0.219298"
"2106771621","2101161250","0.219298"
"2101161250","2188262136","0.219298"
"2188262136","2101161250","0.219298"
"2101161250","2260671045","0.0526316"
"2260671045","2101161250","0.0526316"
"2101161250","2394534308","0.0526316"
"2394534308","2101161250","0.0526316"
"2101161250","2397360326","0.219298"
"2397360326","2101161250","0.219298"
"2101161250","2430414709","0.0526316"
"2430414709","2101161250","0.0526316"
"2101161250","2753588408","0.0526316"
"2753588408","2101161250","0.0526316"
"2101161250","2767766062","0.0526316"
"2767766062","2101161250","0.0526316"
"2101161250","2939293933","0.0526316"
"2939293933","2101161250","0.0526316"
"2101161250","2950405263","0.0526316"
"2950405263","2101161250","0.0526316"
"2101161250","30166824","0.385965"
"30166824","2101161250","0.385965"
"2101161250","3025772098","0.552632"
"3025772098","2101161250","0.552632"
"2101161250","55656182","0.385965"
"55656182","2101161250","0.385965"
"2106771621","2188262136","0.219298"
"2188262136","2106771621","0.219298"
"2106771621","2260671045","0.302632"
"2260671045","2106771621","0.302632"
"2106771621","2394534308","0.0526316"
"2394534308","2106771621","0.0526316"
"2106771621","2397360326","0.302632"
"2397360326","2106771621","0.302632"
"2106771621","2430414709","0.0526316"
"2430414709","2106771621","0.0526316"
"2106771621","2753588408","0.0526316"
"2753588408","2106771621","0.0526316"
"2106771621","2767766062","0.0526316"
"2767766062","2106771621","0.0526316"
"2106771621","2939293933","0.0526316"
"2939293933","2106771621","0.0526316"
"2106771621","2950405263","0.0526316"
"2950405263","2106771621","0.0526316"
"2106771621","30166824","0.219298"
"30166824","2106771621","0.219298"
"2106771621","3025772098","0.0526316"
"3025772098","2106771621","0.0526316"
"2106771621","55656182","0.219298"
"55656182","2106771621","0.219298"
"2188262136","2260671045","0.163743"
"2260671045","2188262136","0.163743"
"2188262136","2394534308","0.0526316"
"2394534308","2188262136","0.0526316"
"2188262136","2397360326","0.0526316"
"2397360326","2188262136","0.0526316"
"2188262136","2430414709","0.0526316"
"2430414709","2188262136","0.0526316"
"2188262136","2753588408","0.0526316"
"2753588408","2188262136","0.0526316"
"2188262136","2767766062","0.163743"
"2767766062","2188262136","0.163743"
"2188262136","2939293933","0.0526316"
"2939293933","2188262136","0.0526316"
"2188262136","2950405263","0.0526316"
"2950405263","2188262136","0.0526316"
"2188262136","30166824","0.802632"
"30166824","2188262136","0.802632"
"2188262136","3025772098","0.0526316"
"3025772098","2188262136","0.0526316"
"2188262136","55656182","0.802632"
"55656182","2188262136","0.802632"
"2260671045","2394534308","0.0526316"
"2394534308","2260671045","0.0526316"
"2260671045","2397360326","0.302632"
"2397360326","2260671045","0.302632"
"2260671045","2430414709","0.0526316"
"2430414709","2260671045","0.0526316"
"2260671045","2753588408","0.0526316"
"2753588408","2260671045","0.0526316"
"2260671045","2767766062","0.163743"
"2767766062","2260671045","0.163743"
"2260671045","2939293933","0.0526316"
"2939293933","2260671045","0.0526316"
"2260671045","2950405263","0.0526316"
"2950405263","2260671045","0.0526316"
"2260671045","30166824","0.0526316"
"30166824","2260671045","0.0526316"
"2260671045","3025772098","0.0526316"
"3025772098","2260671045","0.0526316"
"2260671045","55656182","0.0526316"
"55656182","2260671045","0.0526316"
"2394534308","2397360326","0.0526316"
"2397360326","2394534308","0.0526316"
"2394534308","2430414709","0.0526316"
"2430414709","2394534308","0.0526316"
"2394534308","2753588408","0.0526316"
"2753588408","2394534308","0.0526316"
"2394534308","2767766062","0.0526316"
"2767766062","2394534308","0.0526316"
"2394534308","2939293933","0.0526316"
"2939293933","2394534308","0.0526316"
"2394534308","2950405263","0.0526316"
"2950405263","2394534308","0.0526316"
"2394534308","30166824","0.0526316"
"30166824","2394534308","0.0526316"
"2394534308","3025772098","0.0526316"
"3025772098","2394534308","0.0526316"
"2394534308","55656182","0.0526316"
"55656182","2394534308","0.0526316"
"2397360326","2430414709","0.0526316"
"2430414709","2397360326","0.0526316"
"2397360326","2753588408","0.0526316"
"2753588408","2397360326","0.0526316"
"2397360326","2767766062","0.0526316"
"2767766062","2397360326","0.0526316"
"2397360326","2939293933","0.0526316"
"2939293933","2397360326","0.0526316"
"2397360326","2950405263","0.0526316"
"2950405263","2397360326","0.0526316"
"2397360326","30166824","0.219298"
"30166824","2397360326","0.219298"
"2397360326","55656182","0.219298"
"55656182","2397360326","0.219298"
"2430414709","2753588408","0.0526316"
"2753588408","2430414709","0.0526316"
"2430414709","2767766062","1.05263"
"2767766062","2430414709","1.05263"
"2430414709","2939293933","0.0526316"
"2939293933","2430414709","0.0526316"
"2430414709","2950405263","0.0526316"
"2950405263","2430414709","0.0526316"
"2430414709","30166824","0.0526316"
"30166824","2430414709","0.0526316"
"2430414709","3025772098","0.0526316"
"3025772098","2430414709","0.0526316"
"2430414709","55656182","0.0526316"
"55656182","2430414709","0.0526316"
"2753588408","2767766062","0.0526316"
"2767766062","2753588408","0.0526316"
"2753588408","2939293933","0.0526316"
"2939293933","2753588408","0.0526316"
"2753588408","2950405263","0.0526316"
"2950405263","2753588408","0.0526316"
"2753588408","30166824","0.0526316"
"30166824","2753588408","0.0526316"
"2753588408","3025772098","0.0526316"
"3025772098","2753588408","0.0526316"
"2753588408","55656182","0.0526316"
"55656182","2753588408","0.0526316"
"2767766062","2939293933","0.0526316"
"2939293933","2767766062","0.0526316"
"2767766062","2950405263","0.0526316"
"2950405263","2767766062","0.0526316"
"2767766062","30166824","0.0526316"
"30166824","2767766062","0.0526316"
"2767766062","3025772098","0.0526316"
"3025772098","2767766062","0.0526316"
"2767766062","55656182","0.0526316"
"55656182","2767766062","0.0526316"
"2939293933","2950405263","10.6122"
"2950405263","2939293933","10.6122"
"2939293933","30166824","0.0526316"
"30166824","2939293933","0.0526316"
"2939293933","3025772098","0.302632"
"3025772098","2939293933","0.302632"
"2939293933","55656182","0.0526316"
"55656182","2939293933","0.0526316"
"2950405263","30166824","0.0526316"
"30166824","2950405263","0.0526316"
"2950405263","3025772098","0.302632"
"3025772098","2950405263","0.302632"
"2950405263","55656182","0.0526316"
"55656182","2950405263","0.0526316"
"30166824","3025772098","0.0526316"
"3025772098","30166824","0.0526316"
"30166824","55656182","1.9693"
"55656182","30166824","1.9693"
"3025772098","55656182","0.0526316"
"55656182","3025772098","0.0526316"
"1016442203","2509839597","0.111111"
"2509839597","1016442203","0.111111"
"1972305796","2509839597","0.111111"
"2509839597","1972305796","0.111111"
"1972305796","2794632349","0.111111"
"2794632349","1972305796","0.111111"
"2003515726","2509839597","0.111111"
"2509839597","2003515726","0.111111"
"2003515726","2794632349","0.111111"
"2794632349","2003515726","0.111111"
"2027748129","2509839597","0.111111"
"2509839597","2027748129","0.111111"
"2027748129","2794632349","0.111111"
"2794632349","2027748129","0.111111"
"2099035968","2509839597","0.111111"
"2509839597","2099035968","0.111111"
"2188262136","2509839597","0.111111"
"2509839597","2188262136","0.111111"
"2188262136","2794632349","0.111111"
"2794632349","2188262136","0.111111"
"2260671045","2509839597","0.111111"
"2509839597","2260671045","0.111111"
"2509839597","2767766062","0.111111"
"2767766062","2509839597","0.111111"
"2509839597","2794632349","0.111111"
"2794632349","2509839597","0.111111"
"2767766062","2794632349","0.111111"
"2794632349","2767766062","0.111111"
"2100387739","2396309311","0.533333"
"2396309311","2100387739","0.533333"
"2100387739","2398254416","0.533333"
"2398254416","2100387739","0.533333"
"2100387739","2755385361","0.533333"
"2755385361","2100387739","0.533333"
"2100387739","2939293933","0.166667"
"2939293933","2100387739","0.166667"
"2100387739","2950405263","0.166667"
"2950405263","2100387739","0.166667"
"2396309311","2939293933","0.166667"
"2939293933","2396309311","0.166667"
"2396309311","2950405263","0.166667"
"2950405263","2396309311","0.166667"
"2398254416","2939293933","0.166667"
"2939293933","2398254416","0.166667"
"2398254416","2950405263","0.166667"
"2950405263","2398254416","0.166667"
"2755385361","2939293933","0.309524"
"2939293933","2755385361","0.309524"
"2755385361","2950405263","0.309524"
"2950405263","2755385361","0.309524"
"1016442203","2089247435","0.25"
"2089247435","1016442203","0.25"
"1993786250","2089247435","5.65"
"2089247435","1993786250","5.65"
"1993786250","2798325362","0.583333"
"2798325362","1993786250","0.583333"
"2000656232","2089247435","24.1917"
"2089247435","2000656232","24.1917"
"2000656232","2798325362","0.708333"
"2798325362","2000656232","0.708333"
"2089247435","2798325362","0.708333"
"2798325362","2089247435","0.708333"
"2102729946","30166824","8.41667"
"30166824","2102729946","8.41667"
"2396309311","2585664214","3.31667"
"2585664214","2396309311","3.31667"
"2398254416","2585664214","2.23333"
"2585664214","2398254416","2.23333"
"2398254416","2798325362","1.075"
"2798325362","2398254416","1.075"
"2585664214","2798325362","0.67619"
"2798325362","2585664214","0.67619"
"2027748129","2102729946","0.166667"
"2102729946","2027748129","0.166667"
"2101161250","2102729946","0.833333"
"2102729946","2101161250","0.833333"
"2102729946","2397360326","0.166667"
"2397360326","2102729946","0.166667"
"2102729946","55656182","3.91667"
"55656182","2102729946","3.91667"
"1505016874","1561478962","2.07619"
"1561478962","1505016874","2.07619"
"1505016874","2011912678","4.07619"
"2011912678","1505016874","4.07619"
"1505016874","2109906716","1.04286"
"2109906716","1505016874","1.04286"
"1505016874","2113569768","18.0762"
"2113569768","1505016874","18.0762"
"1505016874","2141465732","3.9"
"2141465732","1505016874","3.9"
"1561478962","2011912678","15.0762"
"2011912678","1561478962","15.0762"
"1561478962","2109906716","4.04286"
"2109906716","1561478962","4.04286"
"1561478962","2113569768","1.57619"
"2113569768","1561478962","1.57619"
"1561478962","2141465732","0.4"
"2141465732","1561478962","0.4"
"2011912678","2109906716","2.20952"
"2109906716","2011912678","2.20952"
"2011912678","2113569768","3.57619"
"2113569768","2011912678","3.57619"
"2011912678","2141465732","1.4"
"2141465732","2011912678","1.4"
"2109906716","2113569768","1.04286"
"2113569768","2109906716","1.04286"
"2109906716","2141465732","0.4"
"2141465732","2109906716","0.4"
"2113569768","2141465732","2.9"
"2141465732","2113569768","2.9"
"1505016874","1964338930","0.342857"
"1964338930","1505016874","0.342857"
"1505016874","2145015575","0.2"
"2145015575","1505016874","0.2"
"1561478962","1964338930","0.342857"
"1964338930","1561478962","0.342857"
"1561478962","2145015575","0.2"
"2145015575","1561478962","0.2"
"1964338930","2011912678","0.67619"
"2011912678","1964338930","0.67619"
"1964338930","2113569768","0.342857"
"2113569768","1964338930","0.342857"
"1964338930","2145015575","0.2"
"2145015575","1964338930","0.2"
"2011912678","2145015575","2.2"
"2145015575","2011912678","2.2"
"2113569768","2145015575","0.2"
"2145015575","2113569768","0.2"
"1505016874","1993786250","0.5"
"1993786250","1505016874","0.5"
"1993786250","2113569768","0.5"
"2113569768","1993786250","0.5"
"1505016874","1991665234","1.5"
"1991665234","1505016874","1.5"
"1505016874","2101161250","0.5"
"2101161250","1505016874","0.5"
"1505016874","2916238833","0.5"
"2916238833","1505016874","0.5"
"2101161250","2916238833","2"
"2916238833","2101161250","2"
"1991665234","2113569768","0.5"
"2113569768","1991665234","0.5"
"1505016874","2110898590","0.142857"
"2110898590","1505016874","0.142857"
"1505016874","2120061223","0.142857"
"2120061223","1505016874","0.142857"
"1561478962","2110898590","0.142857"
"2110898590","1561478962","0.142857"
"1561478962","2120061223","0.142857"
"2120061223","1561478962","0.142857"
"1964338930","2109906716","0.47619"
"2109906716","1964338930","0.47619"
"1964338930","2110898590","0.47619"
"2110898590","1964338930","0.47619"
"1964338930","2120061223","0.47619"
"2120061223","1964338930","0.47619"
"2011912678","2110898590","0.47619"
"2110898590","2011912678","0.47619"
"2011912678","2120061223","0.47619"
"2120061223","2011912678","0.47619"
"2109906716","2110898590","0.142857"
"2110898590","2109906716","0.142857"
"2109906716","2120061223","0.142857"
"2120061223","2109906716","0.142857"
"2110898590","2113569768","0.142857"
"2113569768","2110898590","0.142857"
"2110898590","2120061223","8.47619"
"2120061223","2110898590","8.47619"
"2113569768","2120061223","0.142857"
"2120061223","2113569768","0.142857"
"1513057195","1964338930","5.33333"
"1964338930","1513057195","5.33333"
"1513057195","2000656232","0.333333"
"2000656232","1513057195","0.333333"
"1513057195","2089247435","0.333333"
"2089247435","1513057195","0.333333"
"1964338930","2000656232","0.333333"
"2000656232","1964338930","0.333333"
"1964338930","2089247435","0.333333"
"2089247435","1964338930","0.333333"
"1549939222","2245240469","1.5"
"2245240469","1549939222","1.5"
"1549939222","2509839597","3.5"
"2509839597","1549939222","3.5"
"2245240469","2509839597","18"
"2509839597","2245240469","18"
"1549939222","1991665234","2.5"
"1991665234","1549939222","2.5"
"1991665234","2509839597","3.5"
"2509839597","1991665234","3.5"
"1991665234","2245240469","3.5"
"2245240469","1991665234","3.5"
"1549939222","2794632349","0.5"
"2794632349","1549939222","0.5"
"1991665234","2794632349","0.5"
"2794632349","1991665234","0.5"
"1549939222","2767766062","1"
"2767766062","1549939222","1"
"1852662819","1993786250","0.25"
"1993786250","1852662819","0.25"
"1852662819","2000656232","0.25"
"2000656232","1852662819","0.25"
"1993786250","2396012111","0.833333"
"2396012111","1993786250","0.833333"
"2000656232","2396012111","0.833333"
"2396012111","2000656232","0.833333"
"1964338930","2132823934","0.333333"
"2132823934","1964338930","0.333333"
"1964338930","2398254416","0.333333"
"2398254416","1964338930","0.333333"
"2109906716","2132823934","4.5"
"2132823934","2109906716","4.5"
"2109906716","2398254416","1"
"2398254416","2109906716","1"
"2132823934","2398254416","2"
"2398254416","2132823934","2"
"1964338930","2147344977","1"
"2147344977","1964338930","1"
"1974637590","2027748129","2"
"2027748129","1974637590","2"
"2089247435","2163763098","0.45"
"2163763098","2089247435","0.45"
"2089247435","2168931213","0.25"
"2168931213","2089247435","0.25"
"2089247435","2147344977","2"
"2147344977","2089247435","2"
"1993786250","2098117079","0.2"
"2098117079","1993786250","0.2"
"1993786250","2109158422","0.366667"
"2109158422","1993786250","0.366667"
"1993786250","2160214263","0.2"
"2160214263","1993786250","0.2"
"2000656232","2098117079","0.533333"
"2098117079","2000656232","0.533333"
"2000656232","2109158422","1.24167"
"2109158422","2000656232","1.24167"
"2000656232","2160214263","0.533333"
"2160214263","2000656232","0.533333"
"2089247435","2098117079","0.533333"
"2098117079","2089247435","0.533333"
"2089247435","2109158422","0.741667"
"2109158422","2089247435","0.741667"
"2089247435","2160214263","0.533333"
"2160214263","2089247435","0.533333"
"2098117079","2109158422","0.2"
"2109158422","2098117079","0.2"
"2098117079","2160214263","7.28333"
"2160214263","2098117079","7.28333"
"2109158422","2160214263","0.45"
"2160214263","2109158422","0.45"
"1993786250","2097608897","0.45"
"2097608897","1993786250","0.45"
"1993786250","2100387739","0.45"
"2100387739","1993786250","0.45"
"2000656232","2097608897","0.45"
"2097608897","2000656232","0.45"
"2000656232","2100387739","1.45"
"2100387739","2000656232","1.45"
"2089247435","2097608897","0.45"
"2097608897","2089247435","0.45"
"2089247435","2100387739","0.45"
"2100387739","2089247435","0.45"
"2097608897","2163763098","0.2"
"2163763098","2097608897","0.2"
"2100387739","2163763098","0.2"
"2163763098","2100387739","0.2"
"2089247435","2396012111","0.25"
"2396012111","2089247435","0.25"
"1993786250","2099035968","0.166667"
"2099035968","1993786250","0.166667"
"1993786250","2146238719","0.166667"
"2146238719","1993786250","0.166667"
"1993786250","2481035216","0.166667"
"2481035216","1993786250","0.166667"
"2000656232","2099035968","0.166667"
"2099035968","2000656232","0.166667"
"2000656232","2146238719","0.166667"
"2146238719","2000656232","0.166667"
"2000656232","2481035216","0.166667"
"2481035216","2000656232","0.166667"
"2089247435","2099035968","0.166667"
"2099035968","2089247435","0.166667"
"2089247435","2146238719","0.166667"
"2146238719","2089247435","0.166667"
"2089247435","2481035216","0.166667"
"2481035216","2089247435","0.166667"
"2099035968","2109158422","1.66667"
"2109158422","2099035968","1.66667"
"2099035968","2146238719","0.166667"
"2146238719","2099035968","0.166667"
"2099035968","2481035216","0.166667"
"2481035216","2099035968","0.166667"
"2109158422","2146238719","0.166667"
"2146238719","2109158422","0.166667"
"2109158422","2481035216","0.166667"
"2481035216","2109158422","0.166667"
"2146238719","2481035216","4.16667"
"2481035216","2146238719","4.16667"
"1993786250","2296279039","0.25"
"2296279039","1993786250","0.25"
"2000656232","2296279039","0.75"
"2296279039","2000656232","0.75"
"2089247435","2296279039","0.75"
"2296279039","2089247435","0.75"
"1993786250","2145015575","0.333333"
"2145015575","1993786250","0.333333"
"1993786250","2398254416","0.833333"
"2398254416","1993786250","0.833333"
"1993786250","2585664214","0.833333"
"2585664214","1993786250","0.833333"
"2145015575","2585664214","0.533333"
"2585664214","2145015575","0.533333"
"2000656232","2102729946","0.5"
"2102729946","2000656232","0.5"
"2089247435","2102729946","0.5"
"2102729946","2089247435","0.5"
"2000656232","3023346860","0.5"
"3023346860","2000656232","0.5"
"2147344977","3023346860","0.5"
"3023346860","2147344977","0.5"
"2000656232","2158050820","0.875"
"2158050820","2000656232","0.875"
"2109158422","2158050820","0.875"
"2158050820","2109158422","0.875"
"2000656232","2145335345","0.375"
"2145335345","2000656232","0.375"
"2089247435","2145335345","0.375"
"2145335345","2089247435","0.375"
"2089247435","2158050820","0.375"
"2158050820","2089247435","0.375"
"2109158422","2145335345","1.875"
"2145335345","2109158422","1.875"
"2145335345","2158050820","1.375"
"2158050820","2145335345","1.375"
"2000656232","2396309311","0.125"
"2396309311","2000656232","0.125"
"2000656232","2398254416","0.125"
"2398254416","2000656232","0.125"
"2000656232","2755385361","0.125"
"2755385361","2000656232","0.125"
"2089247435","2396309311","0.125"
"2396309311","2089247435","0.125"
"2089247435","2398254416","0.125"
"2398254416","2089247435","0.125"
"2089247435","2755385361","0.125"
"2755385361","2089247435","0.125"
"2109158422","2396309311","0.125"
"2396309311","2109158422","0.125"
"2109158422","2398254416","0.375"
"2398254416","2109158422","0.375"
"2109158422","2755385361","0.125"
"2755385361","2109158422","0.125"
"2109158422","2798325362","0.375"
"2798325362","2109158422","0.375"
"2145335345","2396309311","0.125"
"2396309311","2145335345","0.125"
"2145335345","2398254416","0.125"
"2398254416","2145335345","0.125"
"2145335345","2755385361","0.125"
"2755385361","2145335345","0.125"
"2145335345","2798325362","0.125"
"2798325362","2145335345","0.125"
"2158050820","2396309311","0.125"
"2396309311","2158050820","0.125"
"2158050820","2398254416","0.125"
"2398254416","2158050820","0.125"
"2158050820","2755385361","0.125"
"2755385361","2158050820","0.125"
"2158050820","2798325362","0.125"
"2798325362","2158050820","0.125"
"2002597960","2167258506","1"
"2167258506","2002597960","1"
"2003515726","2435648513","1.83333"
"2435648513","2003515726","1.83333"
"2101161250","2435648513","6.83333"
"2435648513","2101161250","6.83333"
"2099035968","2435648513","1.83333"
"2435648513","2099035968","1.83333"
"2003515726","2102729946","0.166667"
"2102729946","2003515726","0.166667"
"2102729946","2106771621","1.16667"
"2106771621","2102729946","1.16667"
"2102729946","2188262136","0.75"
"2188262136","2102729946","0.75"
"2003515726","2167258506","1"
"2167258506","2003515726","1"
"2011912678","2132823934","0.416667"
"2132823934","2011912678","0.416667"
"2011912678","2989593421","0.25"
"2989593421","2011912678","0.25"
"2011912678","3023346860","0.25"
"3023346860","2011912678","0.25"
"2011912678","3025772098","0.25"
"3025772098","2011912678","0.25"
"2132823934","2989593421","0.25"
"2989593421","2132823934","0.25"
"2132823934","3023346860","0.25"
"3023346860","2132823934","0.25"
"2132823934","3025772098","0.25"
"3025772098","2132823934","0.25"
"2011912678","2100387739","0.166667"
"2100387739","2011912678","0.166667"
"2011912678","2396309311","0.166667"
"2396309311","2011912678","0.166667"
"2011912678","2398254416","0.166667"
"2398254416","2011912678","0.166667"
"2011912678","2755385361","0.166667"
"2755385361","2011912678","0.166667"
"2100387739","2109906716","0.166667"
"2109906716","2100387739","0.166667"
"2100387739","2132823934","0.166667"
"2132823934","2100387739","0.166667"
"2109906716","2396309311","0.166667"
"2396309311","2109906716","0.166667"
"2109906716","2755385361","0.166667"
"2755385361","2109906716","0.166667"
"2132823934","2396309311","0.416667"
"2396309311","2132823934","0.416667"
"2132823934","2755385361","0.416667"
"2755385361","2132823934","0.416667"
"2011912678","2147344977","2"
"2147344977","2011912678","2"
"2027748129","2916238833","1"
"2916238833","2027748129","1"
"2031130839","2296279039","1"
"2296279039","2031130839","1"
"2097608897","2129908242","2"
"2129908242","2097608897","2"
"2097608897","2132823934","0.25"
"2132823934","2097608897","0.25"
"2097608897","2396309311","0.25"
"2396309311","2097608897","0.25"
"2097608897","2585664214","0.25"
"2585664214","2097608897","0.25"
"2097608897","2755385361","0.25"
"2755385361","2097608897","0.25"
"2132823934","2585664214","0.25"
"2585664214","2132823934","0.25"
"2098117079","2145335345","1"
"2145335345","2098117079","1"
"2098117079","2132823934","0.25"
"2132823934","2098117079","0.25"
"2098117079","2398254416","0.75"
"2398254416","2098117079","0.75"
"2098117079","2798325362","0.25"
"2798325362","2098117079","0.25"
"2132823934","2160214263","0.5"
"2160214263","2132823934","0.5"
"2132823934","2798325362","1.5"
"2798325362","2132823934","1.5"
"2160214263","2398254416","1"
"2398254416","2160214263","1"
"2160214263","2798325362","0.5"
"2798325362","2160214263","0.5"
"2099035968","2396309311","0.333333"
"2396309311","2099035968","0.333333"
"2099035968","2755385361","0.583333"
"2755385361","2099035968","0.583333"
"2260671045","2396309311","0.333333"
"2396309311","2260671045","0.333333"
"2099035968","2129908242","0.25"
"2129908242","2099035968","0.25"
"2099035968","2806056912","0.25"
"2806056912","2099035968","0.25"
"2099035968","2916238833","0.25"
"2916238833","2099035968","0.25"
"2129908242","2755385361","0.25"
"2755385361","2129908242","0.25"
"2129908242","2806056912","1.25"
"2806056912","2129908242","1.25"
"2129908242","2916238833","0.25"
"2916238833","2129908242","0.25"
"2755385361","2806056912","0.392857"
"2806056912","2755385361","0.392857"
"2755385361","2916238833","1.39286"
"2916238833","2755385361","1.39286"
"2806056912","2916238833","0.392857"
"2916238833","2806056912","0.392857"
"2106771621","2794632349","0.5"
"2794632349","2106771621","0.5"
"2109158422","2435648513","0.5"
"2435648513","2109158422","0.5"
"2100387739","2145015575","0.2"
"2145015575","2100387739","0.2"
"2100387739","2585664214","0.2"
"2585664214","2100387739","0.2"
"2101161250","2481035216","1.5"
"2481035216","2101161250","1.5"
"2435648513","3025772098","0.5"
"3025772098","2435648513","0.5"
"2102729946","2481035216","0.5"
"2481035216","2102729946","0.5"
"2435648513","2916238833","0.5"
"2916238833","2435648513","0.5"
"2102729946","2251728956","1.25"
"2251728956","2102729946","1.25"
"2251728956","30166824","0.25"
"30166824","2251728956","0.25"
"2251728956","55656182","2.25"
"55656182","2251728956","2.25"
"2106771621","2109158422","0.5"
"2109158422","2106771621","0.5"
"2106771621","2145335345","0.5"
"2145335345","2106771621","0.5"
"2109158422","2898303870","1"
"2898303870","2109158422","1"
"2109158422","2132823934","0.25"
"2132823934","2109158422","0.25"
"2109906716","2146238719","0.5"
"2146238719","2109906716","0.5"
"2132823934","2146238719","1"
"2146238719","2132823934","1"
"2110898590","2161371090","2"
"2161371090","2110898590","2"
"2120061223","2161371090","7.33333"
"2161371090","2120061223","7.33333"
"2120061223","2141465732","0.333333"
"2141465732","2120061223","0.333333"
"2120061223","2767766062","0.333333"
"2767766062","2120061223","0.333333"
"2141465732","2161371090","1.33333"
"2161371090","2141465732","1.33333"
"2141465732","2767766062","0.333333"
"2767766062","2141465732","0.333333"
"2161371090","2767766062","0.333333"
"2767766062","2161371090","0.333333"
"2146238719","2398254416","0.5"
"2398254416","2146238719","0.5"
"2146238719","2158050820","1"
"2158050820","2146238719","1"
"2167258506","2481035216","1"
"2481035216","2167258506","1"
"2260671045","2398254416","1"
"2398254416","2260671045","1"
"2260671045","2916238833","1"
"2916238833","2260671045","1"
"2394534308","2613261966","2"
"2613261966","2394534308","2"
"2396012111","2398254416","0.25"
"2398254416","2396012111","0.25"
"2398254416","2435648513","1"
"2435648513","2398254416","1"
"2585664214","2806056912","0.142857"
"2806056912","2585664214","0.142857"
"2585664214","2916238833","0.142857"
"2916238833","2585664214","0.142857"
"2585664214","2939293933","0.142857"
"2939293933","2585664214","0.142857"
"2585664214","2950405263","0.142857"
"2950405263","2585664214","0.142857"
"2794632349","2798325362","0.142857"
