"144645526","2120834556","2"
"2120834556","144645526","2"
"1483118879","1585060098","0.171429"
"1585060098","1483118879","0.171429"
"1483118879","1883874340","0.171429"
"1883874340","1483118879","0.171429"
"1483118879","1982353653","0.1"
"1982353653","1483118879","0.1"
"1483118879","2037047753","1.41667"
"2037047753","1483118879","1.41667"
"1483118879","2095924956","0.1"
"2095924956","1483118879","0.1"
"1483118879","2110669103","0.171429"
"2110669103","1483118879","0.171429"
"1483118879","2124546138","0.171429"
"2124546138","1483118879","0.171429"
"1483118879","2134941368","0.1"
"2134941368","1483118879","0.1"
"1483118879","2164731112","0.171429"
"2164731112","1483118879","0.171429"
"1483118879","2324352247","0.171429"
"2324352247","1483118879","0.171429"
"1585060098","1883874340","0.740724"
"1883874340","1585060098","0.740724"
"1585060098","1982353653","0.169295"
"1982353653","1585060098","0.169295"
"1585060098","2037047753","0.169295"
"2037047753","1585060098","0.169295"
"1585060098","2095924956","0.1"
"2095924956","1585060098","0.1"
"1585060098","2110669103","0.203687"
"2110669103","1585060098","0.203687"
"1585060098","2124546138","6.91195"
"2124546138","1585060098","6.91195"
"1585060098","2134941368","0.1"
"2134941368","1585060098","0.1"
"1585060098","2164731112","0.171429"
"2164731112","1585060098","0.171429"
"1585060098","2324352247","0.203687"
"2324352247","1585060098","0.203687"
"1883874340","1982353653","0.169295"
"1982353653","1883874340","0.169295"
"1883874340","2037047753","0.169295"
"2037047753","1883874340","0.169295"
"1883874340","2095924956","0.716667"
"2095924956","1883874340","0.716667"
"1883874340","2110669103","2.98702"
"2110669103","1883874340","2.98702"
"1883874340","2124546138","0.740724"
"2124546138","1883874340","0.740724"
"1883874340","2134941368","3.1"
"2134941368","1883874340","3.1"
"1883874340","2164731112","0.788095"
"2164731112","1883874340","0.788095"
"1883874340","2324352247","0.820353"
"2324352247","1883874340","0.820353"
"1982353653","2037047753","0.335962"
"2037047753","1982353653","0.335962"
"1982353653","2095924956","0.1"
"2095924956","1982353653","0.1"
"1982353653","2110669103","0.132258"
"2110669103","1982353653","0.132258"
"1982353653","2124546138","0.169295"
"2124546138","1982353653","0.169295"
"1982353653","2134941368","0.1"
"2134941368","1982353653","0.1"
"1982353653","2164731112","0.1"
"2164731112","1982353653","0.1"
"1982353653","2324352247","0.132258"
"2324352247","1982353653","0.132258"
"2037047753","2095924956","0.1"
"2095924956","2037047753","0.1"
"2037047753","2110669103","0.132258"
"2110669103","2037047753","0.132258"
"2037047753","2124546138","0.169295"
"2124546138","2037047753","0.169295"
"2037047753","2134941368","0.1"
"2134941368","2037047753","0.1"
"2037047753","2164731112","0.1"
"2164731112","2037047753","0.1"
"2037047753","2324352247","0.132258"
"2324352247","2037047753","0.132258"
"2095924956","2110669103","0.883333"
"2110669103","2095924956","0.883333"
"2095924956","2124546138","0.1"
"2124546138","2095924956","0.1"
"2095924956","2134941368","0.1"
"2134941368","2095924956","0.1"
"2095924956","2164731112","1.05"
"2164731112","2095924956","1.05"
"2095924956","2324352247","1.05"
"2324352247","2095924956","1.05"
"2110669103","2124546138","0.203687"
"2124546138","2110669103","0.203687"
"2110669103","2134941368","0.1"
"2134941368","2110669103","0.1"
"2110669103","2164731112","1.95476"
"2164731112","2110669103","1.95476"
"2110669103","2324352247","0.98702"
"2324352247","2110669103","0.98702"
"2124546138","2134941368","0.1"
"2134941368","2124546138","0.1"
"2124546138","2164731112","0.171429"
"2164731112","2124546138","0.171429"
"2124546138","2324352247","0.203687"
"2324352247","2124546138","0.203687"
"2134941368","2164731112","0.1"
"2164731112","2134941368","0.1"
"2134941368","2324352247","0.1"
"2324352247","2134941368","0.1"
"2164731112","2324352247","3.12143"
"2324352247","2164731112","3.12143"
"1483118879","1538527891","0.816667"
"1538527891","1483118879","0.816667"
"1483118879","1595383282","0.916667"
"1595383282","1483118879","0.916667"
"1483118879","2137887435","0.816667"
"2137887435","1483118879","0.816667"
"1538527891","1595383282","0.590278"
"1595383282","1538527891","0.590278"
"1538527891","2037047753","0.885962"
"2037047753","1538527891","0.885962"
"1538527891","2137887435","4.80957"
"2137887435","1538527891","4.80957"
"1595383282","2037047753","1.08333"
"2037047753","1595383282","1.08333"
"1595383282","2137887435","0.590278"
"2137887435","1595383282","0.590278"
"2037047753","2137887435","0.885962"
"2137887435","2037047753","0.885962"
"1483118879","1589763115","0.638095"
"1589763115","1483118879","0.638095"
"1483118879","1590474978","0.471429"
"1590474978","1483118879","0.471429"
"1483118879","1590568952","0.471429"
"1590568952","1483118879","0.471429"
"1538527891","1589763115","0.809573"
"1589763115","1538527891","0.809573"
"1538527891","1590474978","0.469295"
"1590474978","1538527891","0.469295"
"1538527891","1590568952","0.469295"
"1590568952","1538527891","0.469295"
"1589763115","1590474978","0.575206"
"1590474978","1589763115","0.575206"
"1589763115","1590568952","0.540724"
"1590568952","1589763115","0.540724"
"1589763115","2037047753","0.802628"
"2037047753","1589763115","0.802628"
"1589763115","2137887435","0.809573"
"2137887435","1589763115","0.809573"
"1590474978","1590568952","1.04072"
"1590568952","1590474978","1.04072"
"1590474978","2037047753","0.469295"
"2037047753","1590474978","0.469295"
"1590474978","2137887435","0.469295"
"2137887435","1590474978","0.469295"
"1590568952","2037047753","0.469295"
"2037047753","1590568952","0.469295"
"1590568952","2137887435","0.469295"
"2137887435","1590568952","0.469295"
"1483118879","1572659865","0.166667"
"1572659865","1483118879","0.166667"
"1538527891","1572659865","0.340278"
"1572659865","1538527891","0.340278"
"1572659865","1589763115","0.506944"
"1589763115","1572659865","0.506944"
"1572659865","1595383282","1.50694"
"1595383282","1572659865","1.50694"
"1572659865","2037047753","0.333333"
"2037047753","1572659865","0.333333"
"1572659865","2137887435","0.340278"
"2137887435","1572659865","0.340278"
"1589763115","1595383282","0.506944"
"1595383282","1589763115","0.506944"
"1483118879","1495633202","0.0666667"
"1495633202","1483118879","0.0666667"
"1483118879","1549433326","0.0666667"
"1549433326","1483118879","0.0666667"
"1483118879","1580734344","0.0666667"
"1580734344","1483118879","0.0666667"
"1483118879","1805080220","0.0666667"
"1805080220","1483118879","0.0666667"
"1483118879","2052376087","0.0666667"
"2052376087","1483118879","0.0666667"
"1483118879","2099767281","0.0666667"
"2099767281","1483118879","0.0666667"
"1483118879","2135018718","0.0666667"
"2135018718","1483118879","0.0666667"
"1483118879","2146467711","0.0666667"
"2146467711","1483118879","0.0666667"
"1483118879","2159313775","0.0666667"
"2159313775","1483118879","0.0666667"
"1495633202","1538527891","0.240278"
"1538527891","1495633202","0.240278"
"1495633202","1549433326","1.98032"
"1549433326","1495633202","1.98032"
"1495633202","1580734344","1.23032"
"1580734344","1495633202","1.23032"
"1495633202","1589763115","0.274761"
"1589763115","1495633202","0.274761"
"1495633202","1590474978","0.101149"
"1590474978","1495633202","0.101149"
"1495633202","1590568952","0.0666667"
"1590568952","1495633202","0.0666667"
"1495633202","1805080220","0.0666667"
"1805080220","1495633202","0.0666667"
"1495633202","2037047753","0.0666667"
"2037047753","1495633202","0.0666667"
"1495633202","2052376087","0.101149"
"2052376087","1495633202","0.101149"
"1495633202","2099767281","1.94583"
"2099767281","1495633202","1.94583"
"1495633202","2135018718","3.09143"
"2135018718","1495633202","3.09143"
"1495633202","2137887435","0.240278"
"2137887435","1495633202","0.240278"
"1495633202","2146467711","0.767816"
"2146467711","1495633202","0.767816"
"1495633202","2159313775","1.98032"
"2159313775","1495633202","1.98032"
"1538527891","1549433326","0.698462"
"1549433326","1538527891","0.698462"
"1538527891","1580734344","0.129167"
"1580734344","1538527891","0.129167"
"1538527891","1805080220","1.13596"
"1805080220","1538527891","1.13596"
"1538527891","2052376087","0.0989247"
"2052376087","1538527891","0.0989247"
"1538527891","2099767281","0.161425"
"2099767281","1538527891","0.161425"
"1538527891","2135018718","0.272536"
"2135018718","1538527891","0.272536"
"1538527891","2146467711","0.385962"
"2146467711","1538527891","0.385962"
"1538527891","2159313775","0.129167"
"2159313775","1538527891","0.129167"
"1549433326","1580734344","0.730316"
"1580734344","1549433326","0.730316"
"1549433326","1589763115","0.232945"
"1589763115","1549433326","0.232945"
"1549433326","1590474978","0.170445"
"1590474978","1549433326","0.170445"
"1549433326","1590568952","0.135962"
"1590568952","1549433326","0.135962"
"1549433326","1805080220","0.135962"
"1805080220","1549433326","0.135962"
"1549433326","2037047753","0.135962"
"2037047753","1549433326","0.135962"
"1549433326","2052376087","0.833407"
"2052376087","1549433326","0.833407"
"1549433326","2099767281","2.17809"
"2099767281","1549433326","2.17809"
"1549433326","2135018718","3.04591"
"2135018718","1549433326","3.04591"
"1549433326","2137887435","0.698462"
"2137887435","1549433326","0.698462"
"1549433326","2146467711","1.37044"
"2146467711","1549433326","1.37044"
"1549433326","2159313775","3.01365"
"2159313775","1549433326","3.01365"
"1580734344","1589763115","0.163649"
"1589763115","1580734344","0.163649"
"1580734344","1590474978","0.101149"
"1590474978","1580734344","0.101149"
"1580734344","1590568952","0.0666667"
"1590568952","1580734344","0.0666667"
"1580734344","1805080220","0.0666667"
"1805080220","1580734344","0.0666667"
"1580734344","2037047753","0.0666667"
"2037047753","1580734344","0.0666667"
"1580734344","2052376087","0.101149"
"2052376087","1580734344","0.101149"
"1580734344","2099767281","1.19583"
"2099767281","1580734344","1.19583"
"1580734344","2135018718","4.73032"
"2135018718","1580734344","4.73032"
"1580734344","2137887435","0.129167"
"2137887435","1580734344","0.129167"
"1580734344","2146467711","0.267816"
"2146467711","1580734344","0.267816"
"1580734344","2159313775","0.730316"
"2159313775","1580734344","0.730316"
"1589763115","1805080220","0.135962"
"1805080220","1589763115","0.135962"
"1589763115","2052376087","0.133407"
"2052376087","1589763115","0.133407"
"1589763115","2099767281","0.161425"
"2099767281","1589763115","0.161425"
"1589763115","2135018718","0.307019"
"2135018718","1589763115","0.307019"
"1589763115","2146467711","0.170445"
"2146467711","1589763115","0.170445"
"1589763115","2159313775","0.163649"
"2159313775","1589763115","0.163649"
"1590474978","1805080220","0.135962"
"1805080220","1590474978","0.135962"
"1590474978","2052376087","0.133407"
"2052376087","1590474978","0.133407"
"1590474978","2099767281","0.0989247"
"2099767281","1590474978","0.0989247"
"1590474978","2135018718","0.133407"
"2135018718","1590474978","0.133407"
"1590474978","2146467711","0.170445"
"2146467711","1590474978","0.170445"
"1590474978","2159313775","0.101149"
"2159313775","1590474978","0.101149"
"1590568952","1805080220","0.135962"
"1805080220","1590568952","0.135962"
"1590568952","2052376087","0.0989247"
"2052376087","1590568952","0.0989247"
"1590568952","2099767281","0.0989247"
"2099767281","1590568952","0.0989247"
"1590568952","2135018718","0.0989247"
"2135018718","1590568952","0.0989247"
"1590568952","2146467711","0.135962"
"2146467711","1590568952","0.135962"
"1590568952","2159313775","0.0666667"
"2159313775","1590568952","0.0666667"
"1805080220","2037047753","0.135962"
"2037047753","1805080220","0.135962"
"1805080220","2052376087","0.0989247"
"2052376087","1805080220","0.0989247"
"1805080220","2099767281","0.0989247"
"2099767281","1805080220","0.0989247"
"1805080220","2135018718","0.0989247"
"2135018718","1805080220","0.0989247"
"1805080220","2137887435","0.135962"
"2137887435","1805080220","0.135962"
"1805080220","2146467711","0.135962"
"2146467711","1805080220","0.135962"
"1805080220","2159313775","0.0666667"
"2159313775","1805080220","0.0666667"
"2037047753","2052376087","0.0989247"
"2052376087","2037047753","0.0989247"
"2037047753","2099767281","0.0989247"
"2099767281","2037047753","0.0989247"
"2037047753","2135018718","0.0989247"
"2135018718","2037047753","0.0989247"
"2037047753","2146467711","0.135962"
"2146467711","2037047753","0.135962"
"2037047753","2159313775","0.0666667"
"2159313775","2037047753","0.0666667"
"2052376087","2099767281","0.798925"
"2099767281","2052376087","0.798925"
"2052376087","2135018718","1.83341"
"2135018718","2052376087","1.83341"
"2052376087","2137887435","0.0989247"
"2137887435","2052376087","0.0989247"
"2052376087","2146467711","0.333407"
"2146467711","2052376087","0.333407"
"2052376087","2159313775","0.801149"
"2159313775","2052376087","0.801149"
"2099767281","2135018718","4.17809"
"2135018718","2099767281","4.17809"
"2099767281","2137887435","0.161425"
"2137887435","2099767281","0.161425"
"2099767281","2146467711","0.465591"
"2146467711","2099767281","0.465591"
"2099767281","2159313775","2.14583"
"2159313775","2099767281","2.14583"
"2135018718","2137887435","0.272536"
"2137887435","2135018718","0.272536"
"2135018718","2146467711","1.33341"
"2146467711","2135018718","1.33341"
"2135018718","2159313775","3.01365"
"2159313775","2135018718","3.01365"
"2137887435","2146467711","0.385962"
"2146467711","2137887435","0.385962"
"2137887435","2159313775","0.129167"
"2159313775","2137887435","0.129167"
"2146467711","2159313775","1.30115"
"2159313775","2146467711","1.30115"
"1483118879","1562487176","0.0714286"
"1562487176","1483118879","0.0714286"
"1483118879","1859343538","0.0714286"
"1859343538","1483118879","0.0714286"
"1483118879","2093696867","0.0714286"
"2093696867","1483118879","0.0714286"
"1483118879","2109436673","0.0714286"
"2109436673","1483118879","0.0714286"
"1483118879","2166762424","0.0714286"
"2166762424","1483118879","0.0714286"
"1562487176","1585060098","0.0714286"
"1585060098","1562487176","0.0714286"
"1562487176","1589763115","0.0714286"
"1589763115","1562487176","0.0714286"
"1562487176","1590474978","0.0714286"
"1590474978","1562487176","0.0714286"
"1562487176","1590568952","0.0714286"
"1590568952","1562487176","0.0714286"
"1562487176","1859343538","0.0714286"
"1859343538","1562487176","0.0714286"
"1562487176","1883874340","1.27143"
"1883874340","1562487176","1.27143"
"1562487176","2093696867","0.0714286"
"2093696867","1562487176","0.0714286"
"1562487176","2109436673","0.0714286"
"2109436673","1562487176","0.0714286"
"1562487176","2110669103","3.27143"
"2110669103","1562487176","3.27143"
"1562487176","2124546138","0.0714286"
"2124546138","1562487176","0.0714286"
"1562487176","2164731112","0.271429"
"2164731112","1562487176","0.271429"
"1562487176","2166762424","0.0714286"
"2166762424","1562487176","0.0714286"
"1562487176","2324352247","0.271429"
"2324352247","1562487176","0.271429"
"1585060098","1589763115","0.328616"
"1589763115","1585060098","0.328616"
"1585060098","1590474978","0.175206"
"1590474978","1585060098","0.175206"
"1585060098","1590568952","0.140724"
"1590568952","1585060098","0.140724"
"1585060098","1859343538","0.0714286"
"1859343538","1585060098","0.0714286"
"1585060098","2093696867","0.0714286"
"2093696867","1585060098","0.0714286"
"1585060098","2109436673","0.0714286"
"2109436673","1585060098","0.0714286"
"1585060098","2166762424","0.0714286"
"2166762424","1585060098","0.0714286"
"1589763115","1859343538","0.0714286"
"1859343538","1589763115","0.0714286"
"1589763115","1883874340","0.140724"
"1883874340","1589763115","0.140724"
"1589763115","2093696867","0.0714286"
"2093696867","1589763115","0.0714286"
"1589763115","2109436673","0.0714286"
"2109436673","1589763115","0.0714286"
"1589763115","2110669103","0.103687"
"2110669103","1589763115","0.103687"
"1589763115","2124546138","0.328616"
"2124546138","1589763115","0.328616"
"1589763115","2164731112","0.0714286"
"2164731112","1589763115","0.0714286"
"1589763115","2166762424","0.0714286"
"2166762424","1589763115","0.0714286"
"1589763115","2324352247","0.103687"
"2324352247","1589763115","0.103687"
"1590474978","1859343538","0.0714286"
"1859343538","1590474978","0.0714286"
"1590474978","1883874340","0.640724"
"1883874340","1590474978","0.640724"
"1590474978","2093696867","0.0714286"
"2093696867","1590474978","0.0714286"
"1590474978","2109436673","0.0714286"
"2109436673","1590474978","0.0714286"
"1590474978","2110669103","0.103687"
"2110669103","1590474978","0.103687"
"1590474978","2124546138","0.175206"
"2124546138","1590474978","0.175206"
"1590474978","2164731112","0.0714286"
"2164731112","1590474978","0.0714286"
"1590474978","2166762424","0.0714286"
"2166762424","1590474978","0.0714286"
"1590474978","2324352247","0.103687"
"2324352247","1590474978","0.103687"
"1590568952","1859343538","0.0714286"
"1859343538","1590568952","0.0714286"
"1590568952","1883874340","0.640724"
"1883874340","1590568952","0.640724"
"1590568952","2093696867","0.0714286"
"2093696867","1590568952","0.0714286"
"1590568952","2109436673","0.0714286"
"2109436673","1590568952","0.0714286"
"1590568952","2110669103","0.103687"
"2110669103","1590568952","0.103687"
"1590568952","2124546138","0.140724"
"2124546138","1590568952","0.140724"
"1590568952","2164731112","0.0714286"
"2164731112","1590568952","0.0714286"
"1590568952","2166762424","0.0714286"
"2166762424","1590568952","0.0714286"
"1590568952","2324352247","0.103687"
"2324352247","1590568952","0.103687"
"1859343538","1883874340","0.0714286"
"1883874340","1859343538","0.0714286"
"1859343538","2093696867","0.0714286"
"2093696867","1859343538","0.0714286"
"1859343538","2109436673","0.0714286"
"2109436673","1859343538","0.0714286"
"1859343538","2110669103","0.0714286"
"2110669103","1859343538","0.0714286"
"1859343538","2124546138","0.0714286"
"2124546138","1859343538","0.0714286"
"1859343538","2164731112","0.0714286"
"2164731112","1859343538","0.0714286"
"1859343538","2166762424","0.0714286"
"2166762424","1859343538","0.0714286"
"1859343538","2324352247","0.0714286"
"2324352247","1859343538","0.0714286"
"1883874340","2093696867","0.571429"
"2093696867","1883874340","0.571429"
"1883874340","2109436673","1.57143"
"2109436673","1883874340","1.57143"
"1883874340","2166762424","0.238095"
"2166762424","1883874340","0.238095"
"2093696867","2109436673","1.35476"
"2109436673","2093696867","1.35476"
"2093696867","2110669103","0.404762"
"2110669103","2093696867","0.404762"
"2093696867","2124546138","0.0714286"
"2124546138","2093696867","0.0714286"
"2093696867","2164731112","0.238095"
"2164731112","2093696867","0.238095"
"2093696867","2166762424","4.77143"
"2166762424","2093696867","4.77143"
"2093696867","2324352247","0.238095"
"2324352247","2093696867","0.238095"
"2109436673","2110669103","0.404762"
"2110669103","2109436673","0.404762"
"2109436673","2124546138","0.0714286"
"2124546138","2109436673","0.0714286"
"2109436673","2164731112","0.238095"
"2164731112","2109436673","0.238095"
"2109436673","2166762424","1.85476"
"2166762424","2109436673","1.85476"
"2109436673","2324352247","0.238095"
"2324352247","2109436673","0.238095"
"2110669103","2166762424","0.0714286"
"2166762424","2110669103","0.0714286"
"2124546138","2166762424","0.0714286"
"2166762424","2124546138","0.0714286"
"2164731112","2166762424","0.238095"
"2166762424","2164731112","0.238095"
"2166762424","2324352247","0.238095"
"2324352247","2166762424","0.238095"
"1486406181","1560089423","1"
"1560089423","1486406181","1"
"1486406181","2151345349","1.08333"
"2151345349","1486406181","1.08333"
"1486406181","1559818740","1.33333"
"1559818740","1486406181","1.33333"
"1486406181","1761764561","0.416667"
"1761764561","1486406181","0.416667"
"1486406181","2119609277","0.333333"
"2119609277","1486406181","0.333333"
"1559818740","1761764561","0.333333"
"1761764561","1559818740","0.333333"
"1559818740","2119609277","6.33333"
"2119609277","1559818740","6.33333"
"1761764561","2119609277","0.333333"
"2119609277","1761764561","0.333333"
"1486406181","1499905204","0.0833333"
"1499905204","1486406181","0.0833333"
"1486406181","1500429370","0.0833333"
"1500429370","1486406181","0.0833333"
"1486406181","1536721117","0.0833333"
"1536721117","1486406181","0.0833333"
"1486406181","1538110440","0.0833333"
"1538110440","1486406181","0.0833333"
"1486406181","1971625711","0.0833333"
"1971625711","1486406181","0.0833333"
"1486406181","2093696867","0.0833333"
"2093696867","1486406181","0.0833333"
"1486406181","2142155704","0.0833333"
"2142155704","1486406181","0.0833333"
"1486406181","2151817724","0.0833333"
"2151817724","1486406181","0.0833333"
"1486406181","2166762424","0.0833333"
"2166762424","1486406181","0.0833333"
"1486406181","563404","0.0833333"
"563404","1486406181","0.0833333"
"1499905204","1500429370","0.0833333"
"1500429370","1499905204","0.0833333"
"1499905204","1536721117","0.0833333"
"1536721117","1499905204","0.0833333"
"1499905204","1538110440","0.0833333"
"1538110440","1499905204","0.0833333"
"1499905204","1761764561","1.58333"
"1761764561","1499905204","1.58333"
"1499905204","1971625711","0.0833333"
"1971625711","1499905204","0.0833333"
"1499905204","2093696867","0.0833333"
"2093696867","1499905204","0.0833333"
"1499905204","2142155704","0.0833333"
"2142155704","1499905204","0.0833333"
"1499905204","2151345349","0.583333"
"2151345349","1499905204","0.583333"
"1499905204","2151817724","0.0833333"
"2151817724","1499905204","0.0833333"
"1499905204","2166762424","0.0833333"
"2166762424","1499905204","0.0833333"
"1499905204","563404","0.0833333"
"563404","1499905204","0.0833333"
"1500429370","1536721117","0.0833333"
"1536721117","1500429370","0.0833333"
"1500429370","1538110440","3.58333"
"1538110440","1500429370","3.58333"
"1500429370","1761764561","7.91667"
"1761764561","1500429370","7.91667"
"1500429370","1971625711","0.0833333"
"1971625711","1500429370","0.0833333"
"1500429370","2093696867","0.0833333"
"2093696867","1500429370","0.0833333"
"1500429370","2142155704","0.0833333"
"2142155704","1500429370","0.0833333"
"1500429370","2151345349","0.0833333"
"2151345349","1500429370","0.0833333"
"1500429370","2151817724","0.0833333"
"2151817724","1500429370","0.0833333"
"1500429370","2166762424","0.0833333"
"2166762424","1500429370","0.0833333"
"1500429370","563404","0.0833333"
"563404","1500429370","0.0833333"
"1536721117","1538110440","0.0833333"
"1538110440","1536721117","0.0833333"
"1536721117","1761764561","0.0833333"
"1761764561","1536721117","0.0833333"
"1536721117","1971625711","0.0833333"
"1971625711","1536721117","0.0833333"
"1536721117","2093696867","0.0833333"
"2093696867","1536721117","0.0833333"
"1536721117","2142155704","0.0833333"
"2142155704","1536721117","0.0833333"
"1536721117","2151345349","0.0833333"
"2151345349","1536721117","0.0833333"
"1536721117","2151817724","2.58333"
"2151817724","1536721117","2.58333"
"1536721117","2166762424","0.0833333"
"2166762424","1536721117","0.0833333"
"1536721117","563404","0.0833333"
"563404","1536721117","0.0833333"
"1538110440","1761764561","7.58333"
"1761764561","1538110440","7.58333"
"1538110440","1971625711","0.0833333"
"1971625711","1538110440","0.0833333"
"1538110440","2093696867","0.0833333"
"2093696867","1538110440","0.0833333"
"1538110440","2142155704","0.0833333"
"2142155704","1538110440","0.0833333"
"1538110440","2151345349","0.0833333"
"2151345349","1538110440","0.0833333"
"1538110440","2151817724","0.0833333"
"2151817724","1538110440","0.0833333"
"1538110440","2166762424","0.0833333"
"2166762424","1538110440","0.0833333"
"1538110440","563404","0.0833333"
"563404","1538110440","0.0833333"
"1761764561","1971625711","0.0833333"
"1971625711","1761764561","0.0833333"
"1761764561","2093696867","0.0833333"
"2093696867","1761764561","0.0833333"
"1761764561","2142155704","0.0833333"
"2142155704","1761764561","0.0833333"
"1761764561","2151345349","0.583333"
"2151345349","1761764561","0.583333"
"1761764561","2151817724","0.0833333"
"2151817724","1761764561","0.0833333"
"1761764561","2166762424","0.0833333"
"2166762424","1761764561","0.0833333"
"1761764561","563404","0.0833333"
"563404","1761764561","0.0833333"
"1971625711","2093696867","0.0833333"
"2093696867","1971625711","0.0833333"
"1971625711","2142155704","0.0833333"
"2142155704","1971625711","0.0833333"
"1971625711","2151345349","0.0833333"
"2151345349","1971625711","0.0833333"
"1971625711","2151817724","0.0833333"
"2151817724","1971625711","0.0833333"
"1971625711","2166762424","0.0833333"
"2166762424","1971625711","0.0833333"
"1971625711","563404","0.0833333"
"563404","1971625711","0.0833333"
"2093696867","2142155704","0.0833333"
"2142155704","2093696867","0.0833333"
"2093696867","2151345349","0.0833333"
"2151345349","2093696867","0.0833333"
"2093696867","2151817724","0.0833333"
"2151817724","2093696867","0.0833333"
"2093696867","563404","0.0833333"
"563404","2093696867","0.0833333"
"2142155704","2151345349","1.08333"
"2151345349","2142155704","1.08333"
"2142155704","2151817724","0.0833333"
"2151817724","2142155704","0.0833333"
"2142155704","2166762424","0.0833333"
"2166762424","2142155704","0.0833333"
"2142155704","563404","1.08333"
"563404","2142155704","1.08333"
"2151345349","2151817724","0.0833333"
"2151817724","2151345349","0.0833333"
"2151345349","2166762424","0.0833333"
"2166762424","2151345349","0.0833333"
"2151345349","563404","1.08333"
"563404","2151345349","1.08333"
"2151817724","2166762424","0.0833333"
"2166762424","2151817724","0.0833333"
"2151817724","563404","0.0833333"
"563404","2151817724","0.0833333"
"2166762424","563404","0.0833333"
"563404","2166762424","0.0833333"
"1486406181","2127449173","1"
"2127449173","1486406181","1"
"1490207935","1558776135","7.35263"
"1558776135","1490207935","7.35263"
"1490207935","1581750077","0.652632"
"1581750077","1490207935","0.652632"
"1558776135","1581750077","0.743541"
"1581750077","1558776135","0.743541"
"1490207935","1811193429","1.83333"
"1811193429","1490207935","1.83333"
"1490207935","1982353653","0.833333"
"1982353653","1490207935","0.833333"
"1558776135","1811193429","2.33333"
"1811193429","1558776135","2.33333"
"1558776135","1982353653","1.83333"
"1982353653","1558776135","1.83333"
"1811193429","1982353653","0.833333"
"1982353653","1811193429","0.833333"
"1490207935","2026572232","0.366667"
"2026572232","1490207935","0.366667"
"1490207935","2052413224","0.452632"
"2052413224","1490207935","0.452632"
"1490207935","2115941024","0.366667"
"2115941024","1490207935","0.366667"
"1490207935","2148034949","0.366667"
"2148034949","1490207935","0.366667"
"1490207935","2152940919","0.366667"
"2152940919","1490207935","0.366667"
"2026572232","2052413224","0.2"
"2052413224","2026572232","0.2"
"2026572232","2115941024","2.45"
"2115941024","2026572232","2.45"
"2026572232","2148034949","1.61667"
"2148034949","2026572232","1.61667"
"2026572232","2152940919","1.61667"
"2152940919","2026572232","1.61667"
"2052413224","2115941024","1.65"
"2115941024","2052413224","1.65"
"2052413224","2148034949","4.85"
"2148034949","2052413224","4.85"
"2052413224","2152940919","0.45"
"2152940919","2052413224","0.45"
"2115941024","2148034949","11.2333"
"2148034949","2115941024","11.2333"
"2115941024","2152940919","2.53333"
"2152940919","2115941024","2.53333"
"2148034949","2152940919","2.50952"
"2152940919","2148034949","2.50952"
"1490207935","2014975478","0.166667"
"2014975478","1490207935","0.166667"
"1558776135","2014975478","0.166667"
"2014975478","1558776135","0.166667"
"1558776135","2026572232","0.166667"
"2026572232","1558776135","0.166667"
"1558776135","2115941024","0.166667"
"2115941024","1558776135","0.166667"
"1558776135","2148034949","0.166667"
"2148034949","1558776135","0.166667"
"1558776135","2152940919","0.166667"
"2152940919","1558776135","0.166667"
"2014975478","2026572232","1.41667"
"2026572232","2014975478","1.41667"
"2014975478","2115941024","2.33333"
"2115941024","2014975478","2.33333"
"2014975478","2148034949","2.30952"
"2148034949","2014975478","2.30952"
"2014975478","2152940919","13.2262"
"2152940919","2014975478","13.2262"
"1490207935","1522854417","0.152632"
"1522854417","1490207935","0.152632"
"1490207935","1533433188","0.352632"
"1533433188","1490207935","0.352632"
"1490207935","1589763115","0.152632"
"1589763115","1490207935","0.152632"
"1490207935","180534272","0.1"
"180534272","1490207935","0.1"
"1490207935","2055679114","0.352632"
"2055679114","1490207935","0.352632"
"1490207935","2089616424","0.152632"
"2089616424","1490207935","0.152632"
"1490207935","2120834556","0.152632"
"2120834556","1490207935","0.152632"
"1490207935","2171396134","0.352632"
"2171396134","1490207935","0.352632"
"1522854417","1533433188","0.815666"
"1533433188","1522854417","0.815666"
"1522854417","1558776135","0.152632"
"1558776135","1522854417","0.152632"
"1522854417","1581750077","0.521001"
"1581750077","1522854417","0.521001"
"1522854417","1589763115","0.396001"
"1589763115","1522854417","0.396001"
"1522854417","180534272","0.2"
"180534272","1522854417","0.2"
"1522854417","2055679114","0.882332"
"2055679114","1522854417","0.882332"
"1522854417","2089616424","0.330409"
"2089616424","1522854417","0.330409"
"1522854417","2120834556","0.530409"
"2120834556","1522854417","0.530409"
"1522854417","2171396134","0.815666"
"2171396134","1522854417","0.815666"
"1533433188","1558776135","0.352632"
"1558776135","1533433188","0.352632"
"1533433188","1581750077","0.488743"
"1581750077","1533433188","0.488743"
"1533433188","1589763115","0.363743"
"1589763115","1533433188","0.363743"
"1533433188","180534272","0.2"
"180534272","1533433188","0.2"
"1533433188","2055679114","2.51567"
"2055679114","1533433188","2.51567"
"1533433188","2089616424","0.152632"
"2089616424","1533433188","0.152632"
"1533433188","2120834556","0.652632"
"2120834556","1533433188","0.652632"
"1533433188","2171396134","5.01567"
"2171396134","1533433188","5.01567"
"1558776135","1589763115","0.243541"
"1589763115","1558776135","0.243541"
"1558776135","180534272","0.690909"
"180534272","1558776135","0.690909"
"1558776135","2055679114","0.352632"
"2055679114","1558776135","0.352632"
"1558776135","2089616424","0.243541"
"2089616424","1558776135","0.243541"
"1558776135","2120834556","0.243541"
"2120834556","1558776135","0.243541"
"1558776135","2171396134","0.352632"
"2171396134","1558776135","0.352632"
"1581750077","1589763115","0.523947"
"1589763115","1581750077","0.523947"
"1581750077","180534272","0.290909"
"180534272","1581750077","0.290909"
"1581750077","2055679114","0.488743"
"2055679114","1581750077","0.488743"
"1581750077","2089616424","0.243541"
"2089616424","1581750077","0.243541"
"1581750077","2120834556","0.243541"
"2120834556","1581750077","0.243541"
"1581750077","2171396134","0.488743"
"2171396134","1581750077","0.488743"
"1589763115","180534272","0.290909"
"180534272","1589763115","0.290909"
"1589763115","2055679114","0.363743"
"2055679114","1589763115","0.363743"
"1589763115","2089616424","0.243541"
"2089616424","1589763115","0.243541"
"1589763115","2120834556","0.243541"
"2120834556","1589763115","0.243541"
"1589763115","2171396134","0.363743"
"2171396134","1589763115","0.363743"
"180534272","2055679114","0.2"
"2055679114","180534272","0.2"
"180534272","2089616424","0.190909"
"2089616424","180534272","0.190909"
"180534272","2120834556","0.190909"
"2120834556","180534272","0.190909"
"180534272","2171396134","0.2"
"2171396134","180534272","0.2"
"2055679114","2089616424","0.219298"
"2089616424","2055679114","0.219298"
"2055679114","2120834556","0.219298"
"2120834556","2055679114","0.219298"
"2055679114","2171396134","3.01567"
"2171396134","2055679114","3.01567"
"2089616424","2120834556","1.25465"
"2120834556","2089616424","1.25465"
"2089616424","2171396134","0.152632"
"2171396134","2089616424","0.152632"
"2120834556","2171396134","0.652632"
"2171396134","2120834556","0.652632"
"1533433188","2052413224","0.588743"
"2052413224","1533433188","0.588743"
"1558776135","2052413224","0.343541"
"2052413224","1558776135","0.343541"
"2052413224","2055679114","0.655409"
"2055679114","2052413224","0.655409"
"2052413224","2171396134","0.588743"
"2171396134","2052413224","0.588743"
"1490207935","1543556900","0.0526316"
"1543556900","1490207935","0.0526316"
"1490207935","1575885985","0.0526316"
"1575885985","1490207935","0.0526316"
"1490207935","1604901405","0.0526316"
"1604901405","1490207935","0.0526316"
"1490207935","2052621018","0.0526316"
"2052621018","1490207935","0.0526316"
"1490207935","2119174985","0.0526316"
"2119174985","1490207935","0.0526316"
"1490207935","2131360150","0.0526316"
"2131360150","1490207935","0.0526316"
"1490207935","2158238907","0.0526316"
"2158238907","1490207935","0.0526316"
"1490207935","2171982189","0.0526316"
"2171982189","1490207935","0.0526316"
"1490207935","97540290","0.0526316"
"97540290","1490207935","0.0526316"
"1522854417","1543556900","0.277632"
"1543556900","1522854417","0.277632"
"1522854417","1575885985","0.962667"
"1575885985","1522854417","0.962667"
"1522854417","1604901405","0.230409"
"1604901405","1522854417","0.230409"
"1522854417","2052413224","0.855409"
"2052413224","1522854417","0.855409"
"1522854417","2052621018","1.00733"
"2052621018","1522854417","1.00733"
"1522854417","2119174985","2.18959"
"2119174985","1522854417","2.18959"
"1522854417","2131360150","0.321221"
"2131360150","1522854417","0.321221"
"1522854417","2158238907","0.307332"
"2158238907","1522854417","0.307332"
"1522854417","2171982189","0.307332"
"2171982189","1522854417","0.307332"
"1522854417","97540290","0.307332"
"97540290","1522854417","0.307332"
"1533433188","1543556900","0.277632"
"1543556900","1533433188","0.277632"
"1533433188","1575885985","0.263743"
"1575885985","1533433188","0.263743"
"1533433188","1604901405","0.0526316"
"1604901405","1533433188","0.0526316"
"1533433188","2052621018","0.340666"
"2052621018","1533433188","0.340666"
"1533433188","2119174985","0.490666"
"2119174985","1533433188","0.490666"
"1533433188","2131360150","0.254555"
"2131360150","1533433188","0.254555"
"1533433188","2158238907","0.129555"
"2158238907","1533433188","0.129555"
"1533433188","2171982189","0.129555"
"2171982189","1533433188","0.129555"
"1533433188","97540290","0.129555"
"97540290","1533433188","0.129555"
"1543556900","1558776135","0.143541"
"1558776135","1543556900","0.143541"
"1543556900","1575885985","0.243541"
"1575885985","1543556900","0.243541"
"1543556900","1581750077","0.368541"
"1581750077","1543556900","0.368541"
"1543556900","1589763115","0.243541"
"1589763115","1543556900","0.243541"
"1543556900","1604901405","1.05263"
"1604901405","1543556900","1.05263"
"1543556900","2052413224","0.368541"
"2052413224","1543556900","0.368541"
"1543556900","2052621018","0.152632"
"2052621018","1543556900","0.152632"
"1543556900","2055679114","0.277632"
"2055679114","1543556900","0.277632"
"1543556900","2089616424","0.143541"
"2089616424","1543556900","0.143541"
"1543556900","2119174985","0.0526316"
"2119174985","1543556900","0.0526316"
"1543556900","2120834556","0.143541"
"2120834556","1543556900","0.143541"
"1543556900","2131360150","4.17763"
"2131360150","1543556900","4.17763"
"1543556900","2158238907","0.0526316"
"2158238907","1543556900","0.0526316"
"1543556900","2171396134","0.277632"
"2171396134","1543556900","0.277632"
"1543556900","2171982189","1.05263"
"2171982189","1543556900","1.05263"
"1543556900","97540290","0.0526316"
"97540290","1543556900","0.0526316"
"1558776135","1575885985","0.143541"
"1575885985","1558776135","0.143541"
"1558776135","1604901405","0.0526316"
"1604901405","1558776135","0.0526316"
"1558776135","2052621018","0.0526316"
"2052621018","1558776135","0.0526316"
"1558776135","2119174985","0.0526316"
"2119174985","1558776135","0.0526316"
"1558776135","2131360150","0.0526316"
"2131360150","1558776135","0.0526316"
"1558776135","2158238907","0.0526316"
"2158238907","1558776135","0.0526316"
"1558776135","2171982189","0.0526316"
"2171982189","1558776135","0.0526316"
"1558776135","97540290","0.0526316"
"97540290","1558776135","0.0526316"
"1575885985","1581750077","0.423947"
"1581750077","1575885985","0.423947"
"1575885985","1589763115","0.423947"
"1589763115","1575885985","0.423947"
"1575885985","1604901405","0.156335"
"1604901405","1575885985","0.156335"
"1575885985","2052413224","1.07132"
"2052413224","1575885985","1.07132"
"1575885985","2052621018","9.55078"
"2052621018","1575885985","9.55078"
"1575885985","2055679114","0.330409"
"2055679114","1575885985","0.330409"
"1575885985","2089616424","0.210207"
"2089616424","1575885985","0.210207"
"1575885985","2119174985","3.98304"
"2119174985","1575885985","3.98304"
"1575885985","2120834556","0.410207"
"2120834556","1575885985","0.410207"
"1575885985","2131360150","0.119298"
"2131360150","1575885985","0.119298"
"1575885985","2158238907","0.119298"
"2158238907","1575885985","0.119298"
"1575885985","2171396134","0.263743"
"2171396134","1575885985","0.263743"
"1575885985","2171982189","0.156335"
"2171982189","1575885985","0.156335"
"1575885985","97540290","0.119298"
"97540290","1575885985","0.119298"
"1581750077","1604901405","0.0896686"
"1604901405","1581750077","0.0896686"
"1581750077","2052413224","0.479652"
"2052413224","1581750077","0.479652"
"1581750077","2052621018","0.30078"
"2052621018","1581750077","0.30078"
"1581750077","2119174985","0.233038"
"2119174985","1581750077","0.233038"
"1581750077","2131360150","0.177632"
"2131360150","1581750077","0.177632"
"1581750077","2158238907","0.0526316"
"2158238907","1581750077","0.0526316"
"1581750077","2171982189","0.0896686"
"2171982189","1581750077","0.0896686"
"1581750077","97540290","0.0526316"
"97540290","1581750077","0.0526316"
"1589763115","1604901405","0.0896686"
"1604901405","1589763115","0.0896686"
"1589763115","2052413224","0.354652"
"2052413224","1589763115","0.354652"
"1589763115","2052621018","0.30078"
"2052621018","1589763115","0.30078"
"1589763115","2119174985","0.233038"
"2119174985","1589763115","0.233038"
"1589763115","2131360150","0.0526316"
"2131360150","1589763115","0.0526316"
"1589763115","2158238907","0.0526316"
"2158238907","1589763115","0.0526316"
"1589763115","2171982189","0.0896686"
"2171982189","1589763115","0.0896686"
"1589763115","97540290","0.0526316"
"97540290","1589763115","0.0526316"
"1604901405","2052413224","0.119298"
"2052413224","1604901405","0.119298"
"1604901405","2052621018","0.156335"
"2052621018","1604901405","0.156335"
"1604901405","2055679114","0.619298"
"2055679114","1604901405","0.619298"
"1604901405","2089616424","0.230409"
"2089616424","1604901405","0.230409"
"1604901405","2119174985","0.156335"
"2119174985","1604901405","0.156335"
"1604901405","2120834556","0.730409"
"2120834556","1604901405","0.730409"
"1604901405","2131360150","0.119298"
"2131360150","1604901405","0.119298"
"1604901405","2158238907","0.230409"
"2158238907","1604901405","0.230409"
"1604901405","2171396134","0.0526316"
"2171396134","1604901405","0.0526316"
"1604901405","2171982189","4.26745"
"2171982189","1604901405","4.26745"
"1604901405","97540290","0.230409"
"97540290","1604901405","0.230409"
"2052413224","2052621018","0.980409"
"2052621018","2052413224","0.980409"
"2052413224","2089616424","0.210207"
"2089616424","2052413224","0.210207"
"2052413224","2119174985","0.880409"
"2119174985","2052413224","0.880409"
"2052413224","2120834556","0.210207"
"2120834556","2052413224","0.210207"
"2052413224","2131360150","0.244298"
"2131360150","2052413224","0.244298"
"2052413224","2158238907","0.119298"
"2158238907","2052413224","0.119298"
"2052413224","2171982189","0.119298"
"2171982189","2052413224","0.119298"
"2052413224","97540290","0.119298"
"97540290","2052413224","0.119298"
"2052621018","2055679114","0.407332"
"2055679114","2052621018","0.407332"
"2052621018","2089616424","0.119298"
"2089616424","2052621018","0.119298"
"2052621018","2119174985","4.0277"
"2119174985","2052621018","4.0277"
"2052621018","2120834556","0.319298"
"2120834556","2052621018","0.319298"
"2052621018","2131360150","0.196221"
"2131360150","2052621018","0.196221"
"2052621018","2158238907","0.196221"
"2158238907","2052621018","0.196221"
"2052621018","2171396134","0.340666"
