"1482120467","2073824505","6.25"
"2073824505","1482120467","6.25"
"1482120467","1531312256","0.519048"
"1531312256","1482120467","0.519048"
"1482120467","1534133247","0.37619"
"1534133247","1482120467","0.37619"
"1482120467","1545762963","0.519048"
"1545762963","1482120467","0.519048"
"1482120467","1551224131","0.519048"
"1551224131","1482120467","0.519048"
"1482120467","1875849630","0.209524"
"1875849630","1482120467","0.209524"
"1482120467","2025164275","0.209524"
"2025164275","1482120467","0.209524"
"1482120467","2126652202","0.352381"
"2126652202","1482120467","0.352381"
"1531312256","1534133247","0.699603"
"1534133247","1531312256","0.699603"
"1531312256","1545762963","3.37024"
"1545762963","1531312256","3.37024"
"1531312256","1551224131","5.2369"
"1551224131","1531312256","5.2369"
"1531312256","1875849630","0.477381"
"1875849630","1531312256","0.477381"
"1531312256","2025164275","0.532937"
"2025164275","1531312256","0.532937"
"1531312256","2126652202","1.89405"
"2126652202","1531312256","1.89405"
"1534133247","1545762963","0.899603"
"1545762963","1534133247","0.899603"
"1534133247","1551224131","0.899603"
"1551224131","1534133247","0.899603"
"1534133247","1875849630","0.477381"
"1875849630","1534133247","0.477381"
"1534133247","2025164275","0.532937"
"2025164275","1534133247","0.532937"
"1534133247","2126652202","0.590079"
"2126652202","1534133247","0.590079"
"1545762963","1551224131","10.8492"
"1551224131","1545762963","10.8492"
"1545762963","1875849630","2.88972"
"1875849630","1545762963","2.88972"
"1545762963","2025164275","1.4496"
"2025164275","1545762963","1.4496"
"1545762963","2126652202","1.71829"
"2126652202","1545762963","1.71829"
"1551224131","1875849630","5.05639"
"1875849630","1551224131","5.05639"
"1551224131","2025164275","1.11627"
"2025164275","1551224131","1.11627"
"1551224131","2126652202","10.385"
"2126652202","1551224131","10.385"
"1875849630","2025164275","3.39405"
"2025164275","1875849630","3.39405"
"1875849630","2126652202","0.925433"
"2126652202","1875849630","0.925433"
"2025164275","2126652202","0.390079"
"2126652202","2025164275","0.390079"
"1482120467","1923190790","0.916667"
"1923190790","1482120467","0.916667"
"1482120467","2153888562","0.833333"
"2153888562","1482120467","0.833333"
"1923190790","2073824505","0.583333"
"2073824505","1923190790","0.583333"
"1923190790","2153888562","0.333333"
"2153888562","1923190790","0.333333"
"2073824505","2153888562","0.833333"
"2153888562","2073824505","0.833333"
"1482120467","1580165342","1.25"
"1580165342","1482120467","1.25"
"1482120467","2148549374","0.666667"
"2148549374","1482120467","0.666667"
"1482120467","2148977749","0.333333"
"2148977749","1482120467","0.333333"
"1580165342","2148549374","0.333333"
"2148549374","1580165342","0.333333"
"1580165342","2148977749","0.333333"
"2148977749","1580165342","0.333333"
"2148549374","2148977749","6.83333"
"2148977749","2148549374","6.83333"
"1482120467","2161759782","1.75"
"2161759782","1482120467","1.75"
"2073824505","2148549374","1.33333"
"2148549374","2073824505","1.33333"
"2073824505","2161759782","1.91667"
"2161759782","2073824505","1.91667"
"2148549374","2161759782","0.833333"
"2161759782","2148549374","0.833333"
"1482120467","1504598991","0.37619"
"1504598991","1482120467","0.37619"
"1482120467","2027702807","0.233333"
"2027702807","1482120467","0.233333"
"1504598991","1531312256","0.881746"
"1531312256","1504598991","0.881746"
"1504598991","1534133247","0.288889"
"1534133247","1504598991","0.288889"
"1504598991","1545762963","0.681746"
"1545762963","1504598991","0.681746"
"1504598991","1551224131","0.881746"
"1551224131","1504598991","0.881746"
"1504598991","2027702807","0.988889"
"2027702807","1504598991","0.988889"
"1531312256","2027702807","1.15556"
"2027702807","1531312256","1.15556"
"1534133247","2027702807","0.288889"
"2027702807","1534133247","0.288889"
"1545762963","2027702807","1.12222"
"2027702807","1545762963","1.12222"
"1551224131","2027702807","1.85556"
"2027702807","1551224131","1.85556"
"1482120467","1499328747","0.0666667"
"1499328747","1482120467","0.0666667"
"1482120467","1546466630","0.0666667"
"1546466630","1482120467","0.0666667"
"1482120467","1582336143","0.0666667"
"1582336143","1482120467","0.0666667"
"1482120467","2036560106","0.209524"
"2036560106","1482120467","0.209524"
"1482120467","2090080525","0.0666667"
"2090080525","1482120467","0.0666667"
"1482120467","2157431853","0.0666667"
"2157431853","1482120467","0.0666667"
"1499328747","1504598991","0.122222"
"1504598991","1499328747","0.122222"
"1499328747","1531312256","0.390079"
"1531312256","1499328747","0.390079"
"1499328747","1534133247","0.590079"
"1534133247","1499328747","0.590079"
"1499328747","1545762963","0.680988"
"1545762963","1499328747","0.680988"
"1499328747","1546466630","0.191667"
"1546466630","1499328747","0.191667"
"1499328747","1551224131","0.680988"
"1551224131","1499328747","0.680988"
"1499328747","1582336143","0.122222"
"1582336143","1499328747","0.122222"
"1499328747","1875849630","0.425433"
"1875849630","1499328747","0.425433"
"1499328747","2025164275","0.390079"
"2025164275","1499328747","0.390079"
"1499328747","2027702807","0.122222"
"2027702807","1499328747","0.122222"
"1499328747","2036560106","0.0666667"
"2036560106","1499328747","0.0666667"
"1499328747","2090080525","0.122222"
"2090080525","1499328747","0.122222"
"1499328747","2126652202","0.538131"
"2126652202","1499328747","0.538131"
"1499328747","2157431853","0.566667"
"2157431853","1499328747","0.566667"
"1504598991","1546466630","0.0666667"
"1546466630","1504598991","0.0666667"
"1504598991","1582336143","0.122222"
"1582336143","1504598991","0.122222"
"1504598991","1875849630","0.0666667"
"1875849630","1504598991","0.0666667"
"1504598991","2025164275","0.122222"
"2025164275","1504598991","0.122222"
"1504598991","2036560106","1.20952"
"2036560106","1504598991","1.20952"
"1504598991","2090080525","0.122222"
"2090080525","1504598991","0.122222"
"1504598991","2126652202","0.515079"
"2126652202","1504598991","0.515079"
"1504598991","2157431853","0.266667"
"2157431853","1504598991","0.266667"
"1531312256","1546466630","0.191667"
"1546466630","1531312256","0.191667"
"1531312256","1582336143","0.122222"
"1582336143","1531312256","0.122222"
"1531312256","2036560106","0.209524"
"2036560106","1531312256","0.209524"
"1531312256","2090080525","0.233333"
"2090080525","1531312256","0.233333"
"1531312256","2157431853","0.266667"
"2157431853","1531312256","0.266667"
"1534133247","1546466630","0.191667"
"1546466630","1534133247","0.191667"
"1534133247","1582336143","0.122222"
"1582336143","1534133247","0.122222"
"1534133247","2036560106","0.0666667"
"2036560106","1534133247","0.0666667"
"1534133247","2090080525","0.122222"
"2090080525","1534133247","0.122222"
"1534133247","2157431853","0.0666667"
"2157431853","1534133247","0.0666667"
"1545762963","1546466630","0.191667"
"1546466630","1545762963","0.191667"
"1545762963","1582336143","0.122222"
"1582336143","1545762963","0.122222"
"1545762963","2036560106","0.209524"
"2036560106","1545762963","0.209524"
"1545762963","2090080525","0.233333"
"2090080525","1545762963","0.233333"
"1545762963","2157431853","0.0666667"
"2157431853","1545762963","0.0666667"
"1546466630","1551224131","0.391667"
"1551224131","1546466630","0.391667"
"1546466630","1582336143","0.0666667"
"1582336143","1546466630","0.0666667"
"1546466630","1875849630","3.69167"
"1875849630","1546466630","3.69167"
"1546466630","2025164275","1.19167"
"2025164275","1546466630","1.19167"
"1546466630","2027702807","0.266667"
"2027702807","1546466630","0.266667"
"1546466630","2036560106","0.0666667"
"2036560106","1546466630","0.0666667"
"1546466630","2090080525","0.0666667"
"2090080525","1546466630","0.0666667"
"1546466630","2126652202","0.191667"
"2126652202","1546466630","0.191667"
"1546466630","2157431853","0.0666667"
"2157431853","1546466630","0.0666667"
"1551224131","1582336143","0.622222"
"1582336143","1551224131","0.622222"
"1551224131","2036560106","0.209524"
"2036560106","1551224131","0.209524"
"1551224131","2090080525","0.733333"
"2090080525","1551224131","0.733333"
"1551224131","2157431853","0.266667"
"2157431853","1551224131","0.266667"
"1582336143","1875849630","0.0666667"
"1875849630","1582336143","0.0666667"
"1582336143","2025164275","0.122222"
"2025164275","1582336143","0.122222"
"1582336143","2027702807","0.122222"
"2027702807","1582336143","0.122222"
"1582336143","2036560106","0.0666667"
"2036560106","1582336143","0.0666667"
"1582336143","2090080525","8.63889"
"2090080525","1582336143","8.63889"
"1582336143","2126652202","0.122222"
"2126652202","1582336143","0.122222"
"1582336143","2157431853","0.0666667"
"2157431853","1582336143","0.0666667"
"1875849630","2027702807","0.0666667"
"2027702807","1875849630","0.0666667"
"1875849630","2036560106","0.0666667"
"2036560106","1875849630","0.0666667"
"1875849630","2090080525","0.0666667"
"2090080525","1875849630","0.0666667"
"1875849630","2157431853","0.0666667"
"2157431853","1875849630","0.0666667"
"2025164275","2027702807","0.122222"
"2027702807","2025164275","0.122222"
"2025164275","2036560106","0.0666667"
"2036560106","2025164275","0.0666667"
"2025164275","2090080525","0.122222"
"2090080525","2025164275","0.122222"
"2025164275","2157431853","0.0666667"
"2157431853","2025164275","0.0666667"
"2027702807","2036560106","0.0666667"
"2036560106","2027702807","0.0666667"
"2027702807","2090080525","0.122222"
"2090080525","2027702807","0.122222"
"2027702807","2126652202","0.455556"
"2126652202","2027702807","0.455556"
"2027702807","2157431853","0.85"
"2157431853","2027702807","0.85"
"2036560106","2090080525","0.0666667"
"2090080525","2036560106","0.0666667"
"2036560106","2126652202","0.209524"
"2126652202","2036560106","0.209524"
"2036560106","2157431853","0.0666667"
"2157431853","2036560106","0.0666667"
"2090080525","2126652202","0.233333"
"2126652202","2090080525","0.233333"
"2090080525","2157431853","0.0666667"
"2157431853","2090080525","0.0666667"
"2126652202","2157431853","0.233333"
"2157431853","2126652202","0.233333"
"1580165342","1923190790","3.58333"
"1923190790","1580165342","3.58333"
"1580165342","2161759782","0.916667"
"2161759782","1580165342","0.916667"
"1923190790","2161759782","0.583333"
"2161759782","1923190790","0.583333"
"1580165342","2073824505","0.583333"
"2073824505","1580165342","0.583333"
"1482120467","2154096150","0.142857"
"2154096150","1482120467","0.142857"
"1504598991","2154096150","0.198413"
"2154096150","1504598991","0.198413"
"1531312256","2154096150","0.309524"
"2154096150","1531312256","0.309524"
"1545762963","2154096150","0.309524"
"2154096150","1545762963","0.309524"
"1551224131","2154096150","0.309524"
"2154096150","1551224131","0.309524"
"2036560106","2154096150","0.142857"
"2154096150","2036560106","0.142857"
"2126652202","2154096150","0.309524"
"2154096150","2126652202","0.309524"
"1485380506","2036260704","1.61905"
"2036260704","1485380506","1.61905"
"1485380506","2101123884","4.17778"
"2101123884","1485380506","4.17778"
"1485380506","2130416022","7.7373"
"2130416022","1485380506","7.7373"
"1485380506","2140206982","1.29683"
"2140206982","1485380506","1.29683"
"2036260704","2101123884","3.75"
"2101123884","2036260704","3.75"
"2036260704","2130416022","6.93452"
"2130416022","2036260704","6.93452"
"2036260704","2140206982","0.952381"
"2140206982","2036260704","0.952381"
"2101123884","2130416022","5.26111"
"2130416022","2101123884","5.26111"
"2101123884","2140206982","0.761111"
"2140206982","2101123884","0.761111"
"2130416022","2140206982","5.7373"
"2140206982","2130416022","5.7373"
"1485380506","1506829294","0.5"
"1506829294","1485380506","0.5"
"1506829294","2130416022","0.75"
"2130416022","1506829294","0.75"
"1485380506","1982726646","0.533333"
"1982726646","1485380506","0.533333"
"1982726646","2101123884","0.533333"
"2101123884","1982726646","0.533333"
"1982726646","2130416022","2.03333"
"2130416022","1982726646","2.03333"
"1485380506","1516134969","1.45238"
"1516134969","1485380506","1.45238"
"1485380506","2130454859","1.37063"
"2130454859","1485380506","1.37063"
"1516134969","2130416022","5.72619"
"2130416022","1516134969","5.72619"
"1516134969","2130454859","0.47619"
"2130454859","1516134969","0.47619"
"2130416022","2130454859","3.47778"
"2130454859","2130416022","3.47778"
"1485380506","2002024530","0.25"
"2002024530","1485380506","0.25"
"1516134969","2002024530","0.25"
"2002024530","1516134969","0.25"
"1516134969","2101123884","0.25"
"2101123884","1516134969","0.25"
"2002024530","2101123884","0.583333"
"2101123884","2002024530","0.583333"
"2002024530","2130416022","1.91667"
"2130416022","2002024530","1.91667"
"1485380506","2171823993","1.3373"
"2171823993","1485380506","1.3373"
"2036260704","2171823993","1.39286"
"2171823993","2036260704","1.39286"
"2130416022","2171823993","5.0873"
"2171823993","2130416022","5.0873"
"2140206982","2171823993","1.50397"
"2171823993","2140206982","1.50397"
"1485380506","1507972017","0.583333"
"1507972017","1485380506","0.583333"
"1507972017","1516134969","0.583333"
"1516134969","1507972017","0.583333"
"1507972017","2130416022","0.375"
"2130416022","1507972017","0.375"
"1507972017","2171823993","0.583333"
"2171823993","1507972017","0.583333"
"1516134969","2171823993","0.72619"
"2171823993","1516134969","0.72619"
"1485380506","2439973417","0.396825"
"2439973417","1485380506","0.396825"
"1485380506","2614594224","0.396825"
"2614594224","1485380506","0.396825"
"1485380506","2769027965","0.111111"
"2769027965","1485380506","0.111111"
"1485380506","2978893321","0.503968"
"2978893321","1485380506","0.503968"
"2101123884","2130454859","0.311111"
"2130454859","2101123884","0.311111"
"2101123884","2171823993","1.19444"
"2171823993","2101123884","1.19444"
"2101123884","2439973417","0.444444"
"2439973417","2101123884","0.444444"
"2101123884","2614594224","0.111111"
"2614594224","2101123884","0.111111"
"2101123884","2769027965","0.361111"
"2769027965","2101123884","0.361111"
"2101123884","2978893321","0.111111"
"2978893321","2101123884","0.111111"
"2130416022","2439973417","2.8373"
"2439973417","2130416022","2.8373"
"2130416022","2614594224","2.25397"
"2614594224","2130416022","2.25397"
"2130416022","2769027965","1.36111"
"2769027965","2130416022","1.36111"
"2130416022","2978893321","3.52778"
"2978893321","2130416022","3.52778"
"2130454859","2140206982","0.870635"
"2140206982","2130454859","0.870635"
"2130454859","2171823993","2.36111"
"2171823993","2130454859","2.36111"
"2130454859","2439973417","0.837302"
"2439973417","2130454859","0.837302"
"2130454859","2614594224","0.837302"
"2614594224","2130454859","0.837302"
"2130454859","2769027965","0.111111"
"2769027965","2130454859","0.111111"
"2130454859","2978893321","2.00397"
"2978893321","2130454859","2.00397"
"2140206982","2439973417","2.81349"
"2439973417","2140206982","2.81349"
"2140206982","2614594224","2.56349"
"2614594224","2140206982","2.56349"
"2140206982","2769027965","0.111111"
"2769027965","2140206982","0.111111"
"2140206982","2978893321","4.0873"
"2978893321","2140206982","4.0873"
"2171823993","2439973417","0.587302"
"2439973417","2171823993","0.587302"
"2171823993","2614594224","0.253968"
"2614594224","2171823993","0.253968"
"2171823993","2769027965","2.36111"
"2769027965","2171823993","2.36111"
"2171823993","2978893321","0.361111"
"2978893321","2171823993","0.361111"
"2439973417","2614594224","44.2302"
"2614594224","2439973417","44.2302"
"2439973417","2769027965","0.611111"
"2769027965","2439973417","0.611111"
"2439973417","2978893321","1.75397"
"2978893321","2439973417","1.75397"
"2614594224","2769027965","0.611111"
"2769027965","2614594224","0.611111"
"2614594224","2978893321","0.753968"
"2978893321","2614594224","0.753968"
"2769027965","2978893321","0.111111"
"2978893321","2769027965","0.111111"
"1485380506","2138368466","0.333333"
"2138368466","1485380506","0.333333"
"2130416022","2138368466","1.33333"
"2138368466","2130416022","1.33333"
"2130454859","2138368466","2.33333"
"2138368466","2130454859","2.33333"
"1516134969","2036260704","2.28571"
"2036260704","1516134969","2.28571"
"1516134969","2140206982","1.78571"
"2140206982","1516134969","1.78571"
"1516134969","2439973417","0.785714"
"2439973417","1516134969","0.785714"
"1516134969","2614594224","0.535714"
"2614594224","1516134969","0.535714"
"2036260704","2439973417","0.285714"
"2439973417","2036260704","0.285714"
"2036260704","2614594224","0.285714"
"2614594224","2036260704","0.285714"
"1516134969","2978893321","0.142857"
"2978893321","1516134969","0.142857"
"2036260704","2130454859","0.309524"
"2130454859","2036260704","0.309524"
"2036260704","2978893321","0.142857"
"2978893321","2036260704","0.142857"
"1485380506","2100628838","0.4"
"2100628838","1485380506","0.4"
"2100628838","2101123884","1.31667"
"2101123884","2100628838","1.31667"
"2100628838","2130416022","4.81667"
"2130416022","2100628838","4.81667"
"2100628838","2130454859","0.2"
"2130454859","2100628838","0.2"
"2100628838","2140206982","0.4"
"2140206982","2100628838","0.4"
"1982726646","2100628838","0.7"
"2100628838","1982726646","0.7"
"1982726646","2140206982","0.2"
"2140206982","1982726646","0.2"
"1492783156","1851595508","0.666667"
"1851595508","1492783156","0.666667"
"1492783156","2031923841","3.2381"
"2031923841","1492783156","3.2381"
"1492783156","2114640218","5.2381"
"2114640218","1492783156","5.2381"
"1851595508","2031923841","0.666667"
"2031923841","1851595508","0.666667"
"1851595508","2114640218","0.666667"
"2114640218","1851595508","0.666667"
"2031923841","2114640218","7.2381"
"2114640218","2031923841","7.2381"
"1492783156","1501678767","0.0714286"
"1501678767","1492783156","0.0714286"
"1492783156","1534618250","0.0714286"
"1534618250","1492783156","0.0714286"
"1492783156","1545762963","0.0714286"
"1545762963","1492783156","0.0714286"
"1492783156","1551224131","0.0714286"
"1551224131","1492783156","0.0714286"
"1492783156","1562873932","0.0714286"
"1562873932","1492783156","0.0714286"
"1492783156","1875849630","0.0714286"
"1875849630","1492783156","0.0714286"
"1492783156","2000943358","0.0714286"
"2000943358","1492783156","0.0714286"
"1492783156","2046353575","0.0714286"
"2046353575","1492783156","0.0714286"
"1492783156","2067818700","0.0714286"
"2067818700","1492783156","0.0714286"
"1492783156","2084481683","0.0714286"
"2084481683","1492783156","0.0714286"
"1492783156","2108900410","0.0714286"
"2108900410","1492783156","0.0714286"
"1492783156","2146471750","0.0714286"
"2146471750","1492783156","0.0714286"
"1501678767","1534618250","0.22619"
"1534618250","1501678767","0.22619"
"1501678767","1545762963","0.0714286"
"1545762963","1501678767","0.0714286"
"1501678767","1551224131","0.0714286"
"1551224131","1501678767","0.0714286"
"1501678767","1562873932","0.80119"
"1562873932","1501678767","0.80119"
"1501678767","1875849630","0.18254"
"1875849630","1501678767","0.18254"
"1501678767","2000943358","4.82857"
"2000943358","1501678767","4.82857"
"1501678767","2031923841","0.0714286"
"2031923841","1501678767","0.0714286"
"1501678767","2046353575","0.462302"
"2046353575","1501678767","0.462302"
"1501678767","2067818700","1.1623"
"2067818700","1501678767","1.1623"
"1501678767","2084481683","0.462302"
"2084481683","1501678767","0.462302"
"1501678767","2108900410","2.4623"
"2108900410","1501678767","2.4623"
"1501678767","2114640218","0.0714286"
"2114640218","1501678767","0.0714286"
"1501678767","2146471750","2.12659"
"2146471750","1501678767","2.12659"
"1534618250","1545762963","1.02742"
"1545762963","1534618250","1.02742"
"1534618250","1551224131","2.22742"
"1551224131","1534618250","2.22742"
"1534618250","1562873932","1.5171"
"1562873932","1534618250","1.5171"
"1534618250","1875849630","2.97186"
"1875849630","1534618250","2.97186"
"1534618250","2000943358","0.5171"
"2000943358","1534618250","0.5171"
"1534618250","2031923841","0.0714286"
"2031923841","1534618250","0.0714286"
"1534618250","2046353575","0.22619"
"2046353575","1534618250","0.22619"
"1534618250","2067818700","0.5171"
"2067818700","1534618250","0.5171"
"1534618250","2084481683","0.22619"
"2084481683","1534618250","0.22619"
"1534618250","2108900410","0.22619"
"2108900410","1534618250","0.22619"
"1534618250","2114640218","0.0714286"
"2114640218","1534618250","0.0714286"
"1534618250","2146471750","0.445671"
"2146471750","1534618250","0.445671"
"1545762963","1562873932","0.162338"
"1562873932","1545762963","0.162338"
"1545762963","2000943358","0.162338"
"2000943358","1545762963","0.162338"
"1545762963","2031923841","0.0714286"
"2031923841","1545762963","0.0714286"
"1545762963","2046353575","0.0714286"
"2046353575","1545762963","0.0714286"
"1545762963","2067818700","0.162338"
"2067818700","1545762963","0.162338"
"1545762963","2084481683","0.0714286"
"2084481683","1545762963","0.0714286"
"1545762963","2108900410","0.0714286"
"2108900410","1545762963","0.0714286"
"1545762963","2114640218","0.0714286"
"2114640218","1545762963","0.0714286"
"1545762963","2146471750","0.162338"
"2146471750","1545762963","0.162338"
"1551224131","1562873932","0.662338"
"1562873932","1551224131","0.662338"
"1551224131","2000943358","0.162338"
"2000943358","1551224131","0.162338"
"1551224131","2031923841","0.0714286"
"2031923841","1551224131","0.0714286"
"1551224131","2046353575","0.0714286"
"2046353575","1551224131","0.0714286"
"1551224131","2067818700","0.362338"
"2067818700","1551224131","0.362338"
"1551224131","2084481683","0.0714286"
"2084481683","1551224131","0.0714286"
"1551224131","2108900410","0.0714286"
"2108900410","1551224131","0.0714286"
"1551224131","2114640218","0.0714286"
"2114640218","1551224131","0.0714286"
"1551224131","2146471750","0.162338"
"2146471750","1551224131","0.162338"
"1562873932","1875849630","0.662338"
"1875849630","1562873932","0.662338"
"1562873932","2000943358","3.00043"
"2000943358","1562873932","3.00043"
"1562873932","2031923841","0.0714286"
"2031923841","1562873932","0.0714286"
"1562873932","2046353575","0.35119"
"2046353575","1562873932","0.35119"
"1562873932","2067818700","3.12543"
"2067818700","1562873932","3.12543"
"1562873932","2084481683","0.35119"
"2084481683","1562873932","0.35119"
"1562873932","2108900410","1.38452"
"2108900410","1562873932","1.38452"
"1562873932","2114640218","0.0714286"
"2114640218","1562873932","0.0714286"
"1562873932","2146471750","1.47067"
"2146471750","1562873932","1.47067"
"1875849630","2000943358","0.162338"
"2000943358","1875849630","0.162338"
"1875849630","2031923841","0.0714286"
"2031923841","1875849630","0.0714286"
"1875849630","2046353575","0.18254"
"2046353575","1875849630","0.18254"
"1875849630","2067818700","0.273449"
"2067818700","1875849630","0.273449"
"1875849630","2084481683","0.18254"
"2084481683","1875849630","0.18254"
"1875849630","2108900410","0.18254"
"2108900410","1875849630","0.18254"
"1875849630","2114640218","0.0714286"
"2114640218","1875849630","0.0714286"
"1875849630","2146471750","0.273449"
"2146471750","1875849630","0.273449"
"2000943358","2031923841","0.0714286"
"2031923841","2000943358","0.0714286"
"2000943358","2046353575","0.22619"
"2046353575","2000943358","0.22619"
"2000943358","2067818700","1.30043"
"2067818700","2000943358","1.30043"
"2000943358","2084481683","0.22619"
"2084481683","2000943358","0.22619"
"2000943358","2108900410","0.759524"
"2108900410","2000943358","0.759524"
"2000943358","2114640218","0.0714286"
"2114640218","2000943358","0.0714286"
"2000943358","2146471750","3.58139"
"2146471750","2000943358","3.58139"
"2031923841","2046353575","0.0714286"
"2046353575","2031923841","0.0714286"
"2031923841","2067818700","0.571429"
"2067818700","2031923841","0.571429"
"2031923841","2084481683","0.0714286"
"2084481683","2031923841","0.0714286"
"2031923841","2108900410","0.0714286"
"2108900410","2031923841","0.0714286"
"2031923841","2146471750","0.0714286"
"2146471750","2031923841","0.0714286"
"2046353575","2067818700","3.12897"
"2067818700","2046353575","3.12897"
"2046353575","2084481683","11.629"
"2084481683","2046353575","11.629"
"2046353575","2108900410","1.4623"
"2108900410","2046353575","1.4623"
"2046353575","2114640218","0.0714286"
"2114640218","2046353575","0.0714286"
"2046353575","2146471750","0.640873"
"2146471750","2046353575","0.640873"
"2067818700","2084481683","1.79563"
"2084481683","2067818700","1.79563"
"2067818700","2108900410","0.995635"
"2108900410","2067818700","0.995635"
"2067818700","2114640218","0.0714286"
"2114640218","2067818700","0.0714286"
"2067818700","2146471750","1.13178"
"2146471750","2067818700","1.13178"
"2084481683","2108900410","1.4623"
"2108900410","2084481683","1.4623"
"2084481683","2114640218","0.0714286"
"2114640218","2084481683","0.0714286"
"2084481683","2146471750","0.640873"
"2146471750","2084481683","0.640873"
"2108900410","2114640218","0.0714286"
"2114640218","2108900410","0.0714286"
"2108900410","2146471750","0.590873"
"2146471750","2108900410","0.590873"
"2114640218","2146471750","0.0714286"
"2146471750","2114640218","0.0714286"
"1499328747","2127383968","0.2"
"2127383968","1499328747","0.2"
"1534133247","2127383968","0.2"
"2127383968","1534133247","0.2"
"1545762963","2127383968","0.2"
"2127383968","1545762963","0.2"
"1551224131","2127383968","0.2"
"2127383968","1551224131","0.2"
"2126652202","2127383968","0.2"
"2127383968","2126652202","0.2"
"1499328747","1851595508","1"
"1851595508","1499328747","1"
"1499328747","2107022098","0.5"
"2107022098","1499328747","0.5"
"2107022098","2157431853","1.36667"
"2157431853","2107022098","1.36667"
"1499328747","1530514511","0.0555556"
"1530514511","1499328747","0.0555556"
"1499328747","1534618250","0.289322"
"1534618250","1499328747","0.289322"
"1499328747","1557602253","0.0555556"
"1557602253","1499328747","0.0555556"
"1499328747","1938662428","0.0555556"
"1938662428","1499328747","0.0555556"
"1499328747","2120273955","0.0555556"
"2120273955","1499328747","0.0555556"
"1499328747","2154096150","0.0555556"
"2154096150","1499328747","0.0555556"
"1499328747","2327798879","0.0555556"
"2327798879","1499328747","0.0555556"
"1499328747","2464900023","0.0555556"
"2464900023","1499328747","0.0555556"
"1504598991","1530514511","0.0555556"
"1530514511","1504598991","0.0555556"
"1504598991","1534618250","1.05556"
"1534618250","1504598991","1.05556"
"1504598991","1557602253","0.0555556"
"1557602253","1504598991","0.0555556"
"1504598991","1938662428","1.05556"
"1938662428","1504598991","1.05556"
"1504598991","2120273955","0.0555556"
"2120273955","1504598991","0.0555556"
"1504598991","2327798879","0.0555556"
"2327798879","1504598991","0.0555556"
"1504598991","2464900023","0.0555556"
"2464900023","1504598991","0.0555556"
"1530514511","1531312256","0.0555556"
"1531312256","1530514511","0.0555556"
"1530514511","1534133247","0.0555556"
"1534133247","1530514511","0.0555556"
"1530514511","1534618250","0.0555556"
"1534618250","1530514511","0.0555556"
"1530514511","1545762963","0.0555556"
"1545762963","1530514511","0.0555556"
"1530514511","1551224131","0.0555556"
"1551224131","1530514511","0.0555556"
"1530514511","1557602253","0.0555556"
"1557602253","1530514511","0.0555556"
"1530514511","1582336143","0.0555556"
"1582336143","1530514511","0.0555556"
"1530514511","1938662428","0.0555556"
"1938662428","1530514511","0.0555556"
"1530514511","2025164275","0.0555556"
"2025164275","1530514511","0.0555556"
"1530514511","2027702807","0.0555556"
"2027702807","1530514511","0.0555556"
"1530514511","2090080525","0.0555556"
"2090080525","1530514511","0.0555556"
"1530514511","2120273955","0.0555556"
"2120273955","1530514511","0.0555556"
"1530514511","2126652202","0.0555556"
"2126652202","1530514511","0.0555556"
"1530514511","2154096150","0.0555556"
"2154096150","1530514511","0.0555556"
"1530514511","2327798879","0.0555556"
"2327798879","1530514511","0.0555556"
"1530514511","2464900023","0.0555556"
"2464900023","1530514511","0.0555556"
"1531312256","1534618250","0.531746"
"1534618250","1531312256","0.531746"
"1531312256","1557602253","0.166667"
"1557602253","1531312256","0.166667"
"1531312256","1938662428","0.0555556"
"1938662428","1531312256","0.0555556"
"1531312256","2120273955","0.166667"
"2120273955","1531312256","0.166667"
"1531312256","2327798879","0.0555556"
"2327798879","1531312256","0.0555556"
"1531312256","2464900023","0.166667"
"2464900023","1531312256","0.166667"
"1534133247","1534618250","0.198413"
"1534618250","1534133247","0.198413"
"1534133247","1557602253","0.0555556"
"1557602253","1534133247","0.0555556"
"1534133247","1938662428","0.0555556"
"1938662428","1534133247","0.0555556"
"1534133247","2120273955","0.0555556"
"2120273955","1534133247","0.0555556"
"1534133247","2154096150","0.0555556"
"2154096150","1534133247","0.0555556"
"1534133247","2327798879","0.0555556"
"2327798879","1534133247","0.0555556"
"1534133247","2464900023","0.0555556"
"2464900023","1534133247","0.0555556"
"1534618250","1557602253","0.0555556"
"1557602253","1534618250","0.0555556"
"1534618250","1582336143","0.0555556"
"1582336143","1534618250","0.0555556"
"1534618250","1938662428","0.126984"
"1938662428","1534618250","0.126984"
"1534618250","2025164275","1.53175"
"2025164275","1534618250","1.53175"
"1534618250","2027702807","0.0555556"
"2027702807","1534618250","0.0555556"
"1534618250","2090080525","0.0555556"
"2090080525","1534618250","0.0555556"
"1534618250","2120273955","1.05556"
"2120273955","1534618250","1.05556"
"1534618250","2126652202","0.479798"
"2126652202","1534618250","0.479798"
"1534618250","2154096150","0.0555556"
"2154096150","1534618250","0.0555556"
"1534618250","2327798879","0.0555556"
"2327798879","1534618250","0.0555556"
"1534618250","2464900023","0.0555556"
"2464900023","1534618250","0.0555556"
"1545762963","1557602253","0.366667"
"1557602253","1545762963","0.366667"
"1545762963","1938662428","0.0555556"
"1938662428","1545762963","0.0555556"
"1545762963","2120273955","0.166667"
"2120273955","1545762963","0.166667"
"1545762963","2327798879","0.0555556"
"2327798879","1545762963","0.0555556"
"1545762963","2464900023","0.366667"
"2464900023","1545762963","0.366667"
"1551224131","1557602253","0.566667"
"1557602253","1551224131","0.566667"
"1551224131","1938662428","0.0555556"
"1938662428","1551224131","0.0555556"
"1551224131","2120273955","1.86667"
"2120273955","1551224131","1.86667"
"1551224131","2327798879","0.0555556"
"2327798879","1551224131","0.0555556"
"1551224131","2464900023","0.566667"
"2464900023","1551224131","0.566667"
"1557602253","1582336143","0.0555556"
"1582336143","1557602253","0.0555556"
"1557602253","1938662428","0.0555556"
"1938662428","1557602253","0.0555556"
"1557602253","2025164275","0.0555556"
"2025164275","1557602253","0.0555556"
"1557602253","2027702807","0.255556"
"2027702807","1557602253","0.255556"
"1557602253","2090080525","0.166667"
"2090080525","1557602253","0.166667"
"1557602253","2120273955","0.866667"
"2120273955","1557602253","0.866667"
"1557602253","2126652202","0.366667"
"2126652202","1557602253","0.366667"
"1557602253","2154096150","0.166667"
"2154096150","1557602253","0.166667"
"1557602253","2327798879","0.0555556"
"2327798879","1557602253","0.0555556"
"1557602253","2464900023","10.6917"
"2464900023","1557602253","10.6917"
"1582336143","1938662428","0.0555556"
"1938662428","1582336143","0.0555556"
"1582336143","2120273955","0.0555556"
"2120273955","1582336143","0.0555556"
"1582336143","2154096150","0.0555556"
"2154096150","1582336143","0.0555556"
"1582336143","2327798879","0.0555556"
"2327798879","1582336143","0.0555556"
"1582336143","2464900023","0.0555556"
"2464900023","1582336143","0.0555556"
"1938662428","2025164275","0.0555556"
"2025164275","1938662428","0.0555556"
"1938662428","2027702807","0.0555556"
"2027702807","1938662428","0.0555556"
"1938662428","2090080525","0.0555556"
"2090080525","1938662428","0.0555556"
"1938662428","2120273955","0.0555556"
"2120273955","1938662428","0.0555556"
"1938662428","2126652202","0.0555556"
"2126652202","1938662428","0.0555556"
"1938662428","2154096150","0.0555556"
"2154096150","1938662428","0.0555556"
"1938662428","2327798879","0.0555556"
"2327798879","1938662428","0.0555556"
"1938662428","2464900023","0.0555556"
"2464900023","1938662428","0.0555556"
"2025164275","2120273955","0.0555556"
"2120273955","2025164275","0.0555556"
"2025164275","2154096150","0.0555556"
"2154096150","2025164275","0.0555556"
"2025164275","2327798879","0.0555556"
"2327798879","2025164275","0.0555556"
"2025164275","2464900023","0.0555556"
"2464900023","2025164275","0.0555556"
"2027702807","2120273955","0.255556"
"2120273955","2027702807","0.255556"
"2027702807","2154096150","0.0555556"
"2154096150","2027702807","0.0555556"
"2027702807","2327798879","0.0555556"
"2327798879","2027702807","0.0555556"
"2027702807","2464900023","0.255556"
"2464900023","2027702807","0.255556"
"2090080525","2120273955","2.16667"
"2120273955","2090080525","2.16667"
"2090080525","2154096150","0.166667"
"2154096150","2090080525","0.166667"
"2090080525","2327798879","0.0555556"
"2327798879","2090080525","0.0555556"
"2090080525","2464900023","0.166667"
"2464900023","2090080525","0.166667"
"2120273955","2126652202","1.83333"
"2126652202","2120273955","1.83333"
"2120273955","2154096150","3.16667"
"2154096150","2120273955","3.16667"
"2120273955","2327798879","0.0555556"
"2327798879","2120273955","0.0555556"
"2120273955","2464900023","0.866667"
"2464900023","2120273955","0.866667"
"2126652202","2327798879","0.0555556"
"2327798879","2126652202","0.0555556"
"2126652202","2464900023","0.366667"
"2464900023","2126652202","0.366667"
"2154096150","2327798879","0.0555556"
"2327798879","2154096150","0.0555556"
"2154096150","2464900023","0.166667"
"2464900023","2154096150","0.166667"
"2327798879","2464900023","0.0555556"
"2464900023","2327798879","0.0555556"
"1499328747","1562873932","0.0909091"
"1562873932","1499328747","0.0909091"
"1499328747","2000943358","0.0909091"
"2000943358","1499328747","0.0909091"
"1499328747","2025376161","0.0909091"
"2025376161","1499328747","0.0909091"
"1499328747","2067818700","0.0909091"
"2067818700","1499328747","0.0909091"
"1499328747","2146471750","0.0909091"
"2146471750","1499328747","0.0909091"
"1499328747","2148594490","0.0909091"
"2148594490","1499328747","0.0909091"
"1534618250","2025376161","0.574242"
"2025376161","1534618250","0.574242"
"1534618250","2148594490","0.490909"
"2148594490","1534618250","0.490909"
"1545762963","2025376161","0.0909091"
"2025376161","1545762963","0.0909091"
"1545762963","2148594490","0.0909091"
"2148594490","1545762963","0.0909091"
"1551224131","2025376161","0.290909"
"2025376161","1551224131","0.290909"
"1551224131","2148594490","0.290909"
"2148594490","1551224131","0.290909"
"1562873932","2025376161","1.64924"
"2025376161","1562873932","1.64924"
"1562873932","2126652202","0.0909091"
"2126652202","1562873932","0.0909091"
"1562873932","2148594490","0.790909"
"2148594490","1562873932","0.790909"
"1875849630","2025376161","0.20202"
"2025376161","1875849630","0.20202"
"1875849630","2148594490","0.0909091"
"2148594490","1875849630","0.0909091"
"2000943358","2025376161","1.07424"
"2025376161","2000943358","1.07424"
"2000943358","2126652202","0.0909091"
"2126652202","2000943358","0.0909091"
"2000943358","2148594490","0.290909"
"2148594490","2000943358","0.290909"
"2025376161","2067818700","8.34369"
"2067818700","2025376161","8.34369"
"2025376161","2126652202","0.0909091"
"2126652202","2025376161","0.0909091"
"2025376161","2146471750","1.31035"
"2146471750","2025376161","1.31035"
"2025376161","2148594490","1.74091"
"2148594490","2025376161","1.74091"
"2067818700","2126652202","0.0909091"
"2126652202","2067818700","0.0909091"
"2067818700","2148594490","8.54091"
"2148594490","2067818700","8.54091"
"2126652202","2146471750","0.0909091"
"2146471750","2126652202","0.0909091"
"2126652202","2148594490","0.0909091"
"2148594490","2126652202","0.0909091"
"2146471750","2148594490","0.290909"
"2148594490","2146471750","0.290909"
"1499568789","2157431853","1"
"2157431853","1499568789","1"
"1501678767","1968568562","5.83214"
"1968568562","1501678767","5.83214"
"1968568562","2146471750","1.69405"
"2146471750","1968568562","1.69405"
"1501678767","2083888736","0.521429"
"2083888736","1501678767","0.521429"
"1501678767","2148594490","0.25"
"2148594490","1501678767","0.25"
"1968568562","2067818700","1.3131"
"2067818700","1968568562","1.3131"
"1968568562","2083888736","0.521429"
"2083888736","1968568562","0.521429"
"1968568562","2148594490","0.25"
"2148594490","1968568562","0.25"
"2067818700","2083888736","1.35476"
"2083888736","2067818700","1.35476"
"2083888736","2148594490","0.5"
"2148594490","2083888736","0.5"
"1501678767","1544002045","1.40238"
"1544002045","1501678767","1.40238"
"1544002045","1968568562","1.65238"
"1968568562","1544002045","1.65238"
"1501678767","1568553474","0.619048"
"1568553474","1501678767","0.619048"
"1501678767","1978714879","1.35238"
"1978714879","1501678767","1.35238"
"1501678767","2052920167","2.51905"
"2052920167","1501678767","2.51905"
"1568553474","1968568562","0.619048"
"1968568562","1568553474","0.619048"
"1568553474","1978714879","0.619048"
"1978714879","1568553474","0.619048"
"1568553474","2000943358","1.61905"
"2000943358","1568553474","1.61905"
"1568553474","2052920167","0.619048"
"2052920167","1568553474","0.619048"
"1568553474","2146471750","0.452381"
"2146471750","1568553474","0.452381"
"1968568562","1978714879","1.10238"
"1978714879","1968568562","1.10238"
"1968568562","2000943358","2.25714"
"2000943358","1968568562","2.25714"
"1968568562","2052920167","1.26905"
"2052920167","1968568562","1.26905"
"1978714879","2000943358","2.05238"
"2000943358","1978714879","2.05238"
"1978714879","2052920167","1.26905"
"2052920167","1978714879","1.26905"
"1978714879","2146471750","1.68571"
"2146471750","1978714879","1.68571"
"2000943358","2052920167","1.51905"
"2052920167","2000943358","1.51905"
"2052920167","2146471750","0.902381"
"2146471750","2052920167","0.902381"
"1544002045","1568553474","0.452381"
"1568553474","1544002045","0.452381"
"1544002045","1978714879","0.652381"
"1978714879","1544002045","0.652381"
"1544002045","2000943358","0.902381"
"2000943358","1544002045","0.902381"
"1544002045","2052920167","0.902381"
"2052920167","1544002045","0.902381"
"1544002045","2146471750","0.285714"
"2146471750","1544002045","0.285714"
"1501678767","2108484928","0.333333"
"2108484928","1501678767","0.333333"
"1562873932","2108484928","0.783333"
"2108484928","1562873932","0.783333"
"2000943358","2108484928","0.533333"
"2108484928","2000943358","0.533333"
"2067818700","2108484928","4.73333"
"2108484928","2067818700","4.73333"
"1501678767","2025376161","0.519444"
"2025376161","1501678767","0.519444"
"1562873932","1968568562","0.729762"
"1968568562","1562873932","0.729762"
"1968568562","2025376161","0.658333"
"2025376161","1968568562","0.658333"
"1968568562","2046353575","0.613095"
"2046353575","1968568562","0.613095"
"1968568562","2084481683","0.613095"
"2084481683","1968568562","0.613095"
"1968568562","2108900410","0.279762"
"2108900410","1968568562","0.279762"
"2025376161","2046353575","0.902778"
"2046353575","2025376161","0.902778"
"2025376161","2084481683","0.569444"
"2084481683","2025376161","0.569444"
"2025376161","2108900410","0.519444"
"2108900410","2025376161","0.519444"
"1562873932","2083888736","0.521429"
"2083888736","1562873932","0.521429"
"2025376161","2083888736","0.783333"
"2083888736","2025376161","0.783333"
"1501678767","1546466630","0.0714286"
"1546466630","1501678767","0.0714286"
"1501678767","1578098704","0.18254"
"1578098704","1501678767","0.18254"
"1501678767","1589877257","0.18254"
"1589877257","1501678767","0.18254"
"1501678767","1938662428","0.0714286"
"1938662428","1501678767","0.0714286"
"1501678767","2153888562","0.0714286"
"2153888562","1501678767","0.0714286"
"1534618250","1546466630","0.571429"
"1546466630","1534618250","0.571429"
"1534618250","1578098704","0.0714286"
"1578098704","1534618250","0.0714286"
"1534618250","1589877257","0.0714286"
"1589877257","1534618250","0.0714286"
"1534618250","1968568562","0.154762"
"1968568562","1534618250","0.154762"
"1534618250","2083888736","0.0714286"
"2083888736","1534618250","0.0714286"
"1534618250","2153888562","0.0714286"
