"104148947","2021856948","0.333333"
"2021856948","104148947","0.333333"
"104148947","2082055394","0.333333"
"2082055394","104148947","0.333333"
"104148947","2154884126","0.333333"
"2154884126","104148947","0.333333"
"2021856948","2082055394","0.333333"
"2082055394","2021856948","0.333333"
"2021856948","2154884126","3.65278"
"2154884126","2021856948","3.65278"
"2082055394","2154884126","0.333333"
"2154884126","2082055394","0.333333"
"104148947","1979261905","0.333333"
"1979261905","104148947","0.333333"
"104148947","2093347820","0.333333"
"2093347820","104148947","0.333333"
"104148947","2138090731","0.333333"
"2138090731","104148947","0.333333"
"1979261905","2093347820","0.666667"
"2093347820","1979261905","0.666667"
"1979261905","2138090731","0.333333"
"2138090731","1979261905","0.333333"
"2093347820","2138090731","0.944444"
"2138090731","2093347820","0.944444"
"119339187","1968831592","0.5"
"1968831592","119339187","0.5"
"119339187","2017633929","0.5"
"2017633929","119339187","0.5"
"1968831592","2017633929","3.36111"
"2017633929","1968831592","3.36111"
"119339187","2067491224","0.5"
"2067491224","119339187","0.5"
"119339187","2082055394","0.5"
"2082055394","119339187","0.5"
"2067491224","2082055394","7.66667"
"2082055394","2067491224","7.66667"
"1570709257","1602206323","0.125"
"1602206323","1570709257","0.125"
"1570709257","1988686126","0.125"
"1988686126","1570709257","0.125"
"1570709257","2007620009","0.125"
"2007620009","1570709257","0.125"
"1570709257","2008445237","0.125"
"2008445237","1570709257","0.125"
"1570709257","2033820046","0.125"
"2033820046","1570709257","0.125"
"1570709257","2067491224","0.125"
"2067491224","1570709257","0.125"
"1570709257","2073913493","0.125"
"2073913493","1570709257","0.125"
"1570709257","242754990","0.125"
"242754990","1570709257","0.125"
"1602206323","1988686126","0.625"
"1988686126","1602206323","0.625"
"1602206323","2007620009","0.375"
"2007620009","1602206323","0.375"
"1602206323","2008445237","0.958333"
"2008445237","1602206323","0.958333"
"1602206323","2033820046","0.125"
"2033820046","1602206323","0.125"
"1602206323","2067491224","0.375"
"2067491224","1602206323","0.375"
"1602206323","2073913493","0.125"
"2073913493","1602206323","0.125"
"1602206323","242754990","0.5"
"242754990","1602206323","0.5"
"1988686126","2007620009","0.125"
"2007620009","1988686126","0.125"
"1988686126","2008445237","0.125"
"2008445237","1988686126","0.125"
"1988686126","2033820046","0.767857"
"2033820046","1988686126","0.767857"
"1988686126","2067491224","0.267857"
"2067491224","1988686126","0.267857"
"1988686126","2073913493","0.884524"
"2073913493","1988686126","0.884524"
"1988686126","242754990","0.125"
"242754990","1988686126","0.125"
"2007620009","2008445237","1.125"
"2008445237","2007620009","1.125"
"2007620009","2033820046","0.125"
"2033820046","2007620009","0.125"
"2007620009","2067491224","0.125"
"2067491224","2007620009","0.125"
"2007620009","2073913493","0.125"
"2073913493","2007620009","0.125"
"2007620009","242754990","0.625"
"242754990","2007620009","0.625"
"2008445237","2033820046","0.125"
"2033820046","2008445237","0.125"
"2008445237","2067491224","0.434524"
"2067491224","2008445237","0.434524"
"2008445237","2073913493","0.333333"
"2073913493","2008445237","0.333333"
"2008445237","242754990","0.625"
"242754990","2008445237","0.625"
"2033820046","2067491224","0.267857"
"2067491224","2033820046","0.267857"
"2033820046","2073913493","0.434524"
"2073913493","2033820046","0.434524"
"2033820046","242754990","0.125"
"242754990","2033820046","0.125"
"2067491224","2073913493","0.767857"
"2073913493","2067491224","0.767857"
"2067491224","242754990","0.291667"
"242754990","2067491224","0.291667"
"2073913493","242754990","0.333333"
"242754990","2073913493","0.333333"
"1602206323","2082055394","4"
"2082055394","1602206323","4"
"1602206323","2009954908","0.625"
"2009954908","1602206323","0.625"
"1602206323","2046118959","0.25"
"2046118959","1602206323","0.25"
"1602206323","2093347820","0.375"
"2093347820","1602206323","0.375"
"2007620009","2009954908","1.25"
"2009954908","2007620009","1.25"
"2007620009","2046118959","1.58333"
"2046118959","2007620009","1.58333"
"2007620009","2093347820","0.25"
"2093347820","2007620009","0.25"
"2009954908","2046118959","0.25"
"2046118959","2009954908","0.25"
"2009954908","2093347820","0.333333"
"2093347820","2009954908","0.333333"
"2046118959","2093347820","0.25"
"2093347820","2046118959","0.25"
"1602206323","1967879792","0.708333"
"1967879792","1602206323","0.708333"
"1602206323","2115536324","0.458333"
"2115536324","1602206323","0.458333"
"1967879792","2008445237","4.08333"
"2008445237","1967879792","4.08333"
"1967879792","2115536324","2"
"2115536324","1967879792","2"
"2008445237","2115536324","2.37897"
"2115536324","2008445237","2.37897"
"1602206323","1857290810","0.125"
"1857290810","1602206323","0.125"
"1602206323","2021856948","1.625"
"2021856948","1602206323","1.625"
"1602206323","2031536661","0.25"
"2031536661","1602206323","0.25"
"1602206323","2082021343","0.125"
"2082021343","1602206323","0.125"
"1602206323","2154884126","1.75"
"2154884126","1602206323","1.75"
"1857290810","2008445237","0.378968"
"2008445237","1857290810","0.378968"
"1857290810","2021856948","2.37897"
"2021856948","1857290810","2.37897"
"1857290810","2031536661","0.378968"
"2031536661","1857290810","0.378968"
"1857290810","2082021343","0.125"
"2082021343","1857290810","0.125"
"1857290810","2093347820","0.628968"
"2093347820","1857290810","0.628968"
"1857290810","2115536324","1.87897"
"2115536324","1857290810","1.87897"
"1857290810","2154884126","1.98611"
"2154884126","1857290810","1.98611"
"2008445237","2021856948","0.712302"
"2021856948","2008445237","0.712302"
"2008445237","2031536661","0.712302"
"2031536661","2008445237","0.712302"
"2008445237","2082021343","0.125"
"2082021343","2008445237","0.125"
"2008445237","2093347820","0.962302"
"2093347820","2008445237","0.962302"
"2008445237","2154884126","0.694444"
"2154884126","2008445237","0.694444"
"2021856948","2031536661","0.462302"
"2031536661","2021856948","0.462302"
"2021856948","2082021343","0.125"
"2082021343","2021856948","0.125"
"2021856948","2093347820","0.462302"
"2093347820","2021856948","0.462302"
"2021856948","2115536324","0.378968"
"2115536324","2021856948","0.378968"
"2031536661","2082021343","0.375"
"2082021343","2031536661","0.375"
"2031536661","2093347820","0.462302"
"2093347820","2031536661","0.462302"
"2031536661","2115536324","0.378968"
"2115536324","2031536661","0.378968"
"2031536661","2154884126","0.444444"
"2154884126","2031536661","0.444444"
"2082021343","2093347820","0.125"
"2093347820","2082021343","0.125"
"2082021343","2115536324","0.125"
"2115536324","2082021343","0.125"
"2082021343","2154884126","0.125"
"2154884126","2082021343","0.125"
"2093347820","2115536324","0.378968"
"2115536324","2093347820","0.378968"
"2093347820","2154884126","0.569444"
"2154884126","2093347820","0.569444"
"2115536324","2154884126","0.236111"
"2154884126","2115536324","0.236111"
"2009954908","2021856948","0.333333"
"2021856948","2009954908","0.333333"
"2009954908","2154884126","1.45833"
"2154884126","2009954908","1.45833"
"2009954908","242754990","2.75"
"242754990","2009954908","2.75"
"2021856948","242754990","0.333333"
"242754990","2021856948","0.333333"
"2154884126","242754990","0.458333"
"242754990","2154884126","0.458333"
"1602206323","1966835268","0.375"
"1966835268","1602206323","0.375"
"1602206323","2917088854","0.125"
"2917088854","1602206323","0.125"
"1966835268","1967879792","1.04167"
"1967879792","1966835268","1.04167"
"1966835268","2008445237","0.934524"
"2008445237","1966835268","0.934524"
"1966835268","2009954908","0.291667"
"2009954908","1966835268","0.291667"
"1966835268","2031536661","0.267857"
"2031536661","1966835268","0.267857"
"1966835268","2154884126","0.125"
"2154884126","1966835268","0.125"
"1966835268","242754990","1.29167"
"242754990","1966835268","1.29167"
"1966835268","2917088854","0.125"
"2917088854","1966835268","0.125"
"1967879792","2009954908","1.5"
"2009954908","1967879792","1.5"
"1967879792","2031536661","0.583333"
"2031536661","1967879792","0.583333"
"1967879792","2154884126","0.458333"
"2154884126","1967879792","0.458333"
"1967879792","242754990","0.75"
"242754990","1967879792","0.75"
"1967879792","2917088854","0.125"
"2917088854","1967879792","0.125"
"2008445237","2009954908","0.5"
"2009954908","2008445237","0.5"
"2008445237","2917088854","0.125"
"2917088854","2008445237","0.125"
"2009954908","2031536661","0.333333"
"2031536661","2009954908","0.333333"
"2009954908","2917088854","0.125"
"2917088854","2009954908","0.125"
"2031536661","242754990","0.583333"
"242754990","2031536661","0.583333"
"2031536661","2917088854","0.125"
"2917088854","2031536661","0.125"
"2154884126","2917088854","0.125"
"2917088854","2154884126","0.125"
"242754990","2917088854","0.125"
"2917088854","242754990","0.125"
"1602206323","1969118846","0.25"
"1969118846","1602206323","0.25"
"1602206323","2068549609","0.25"
"2068549609","1602206323","0.25"
"1966835268","1969118846","0.25"
"1969118846","1966835268","0.25"
"1966835268","2067491224","1.05952"
"2067491224","1966835268","1.05952"
"1966835268","2068549609","0.25"
"2068549609","1966835268","0.25"
"1969118846","2067491224","0.25"
"2067491224","1969118846","0.25"
"1969118846","2068549609","0.25"
"2068549609","1969118846","0.25"
"2067491224","2068549609","0.25"
"2068549609","2067491224","0.25"
"1602206323","2146081744","0.5"
"2146081744","1602206323","0.5"
"1988686126","2146081744","8.22619"
"2146081744","1988686126","8.22619"
"1602206323","2017633929","1"
"2017633929","1602206323","1"
"1967879792","2021856948","0.333333"
"2021856948","1967879792","0.333333"
"1857290810","1966835268","0.142857"
"1966835268","1857290810","0.142857"
"1857290810","2067491224","0.642857"
"2067491224","1857290810","0.642857"
"1966835268","2021856948","0.142857"
"2021856948","1966835268","0.142857"
"1966835268","2093347820","0.142857"
"2093347820","1966835268","0.142857"
"1966835268","2115536324","0.309524"
"2115536324","1966835268","0.309524"
"2021856948","2067491224","0.142857"
"2067491224","2021856948","0.142857"
"2031536661","2067491224","0.142857"
"2067491224","2031536661","0.142857"
"2067491224","2093347820","1.47619"
"2093347820","2067491224","1.47619"
"2067491224","2115536324","1.14286"
"2115536324","2067491224","1.14286"
"1857290810","1968831592","0.361111"
"1968831592","1857290810","0.361111"
"1857290810","2017633929","0.361111"
"2017633929","1857290810","0.361111"
"1968831592","2093347820","0.361111"
"2093347820","1968831592","0.361111"
"1968831592","2154884126","0.361111"
"2154884126","1968831592","0.361111"
"2017633929","2093347820","0.444444"
"2093347820","2017633929","0.444444"
"2017633929","2154884126","0.444444"
"2154884126","2017633929","0.444444"
"1857290810","2138090731","0.111111"
"2138090731","1857290810","0.111111"
"1968831592","2008445237","0.111111"
"2008445237","1968831592","0.111111"
"1968831592","2021856948","0.111111"
"2021856948","1968831592","0.111111"
"1968831592","2031536661","0.611111"
"2031536661","1968831592","0.611111"
"1968831592","2115536324","0.111111"
"2115536324","1968831592","0.111111"
"1968831592","2138090731","1.11111"
"2138090731","1968831592","1.11111"
"2008445237","2017633929","0.194444"
"2017633929","2008445237","0.194444"
"2008445237","2138090731","0.736111"
"2138090731","2008445237","0.736111"
"2017633929","2021856948","0.194444"
"2021856948","2017633929","0.194444"
"2017633929","2031536661","0.694444"
"2031536661","2017633929","0.694444"
"2017633929","2115536324","0.111111"
"2115536324","2017633929","0.111111"
"2017633929","2138090731","7.69444"
"2138090731","2017633929","7.69444"
"2021856948","2138090731","0.111111"
"2138090731","2021856948","0.111111"
"2031536661","2138090731","0.236111"
"2138090731","2031536661","0.236111"
"2115536324","2138090731","0.444444"
"2138090731","2115536324","0.444444"
"2138090731","2154884126","0.111111"
"2154884126","2138090731","0.111111"
"1857290810","2917088854","0.5"
"2917088854","1857290810","0.5"
"2021856948","2917088854","0.5"
"2917088854","2021856948","0.5"
"1963635671","1998481788","5.7"
"1998481788","1963635671","5.7"
"1963635671","2009592498","0.25"
"2009592498","1963635671","0.25"
"1963635671","2138090731","0.25"
"2138090731","1963635671","0.25"
"1963635671","2164740223","4.95"
"2164740223","1963635671","4.95"
"1963635671","2415825185","0.25"
"2415825185","1963635671","0.25"
"2009592498","2138090731","0.5"
"2138090731","2009592498","0.5"
"2009592498","2164740223","0.25"
"2164740223","2009592498","0.25"
"2009592498","2415825185","1.25"
"2415825185","2009592498","1.25"
"2138090731","2164740223","0.25"
"2164740223","2138090731","0.25"
"2138090731","2415825185","0.25"
"2415825185","2138090731","0.25"
"2164740223","2415825185","1.25"
"2415825185","2164740223","1.25"
"1998481788","2164740223","5.7"
"2164740223","1998481788","5.7"
"1963635671","1988686126","0.2"
"1988686126","1963635671","0.2"
"1963635671","2056714990","0.2"
"2056714990","1963635671","0.2"
"1963635671","2073913493","0.2"
"2073913493","1963635671","0.2"
"1988686126","1998481788","0.2"
"1998481788","1988686126","0.2"
"1988686126","2056714990","6.92619"
"2056714990","1988686126","6.92619"
"1988686126","2164740223","0.2"
"2164740223","1988686126","0.2"
"1998481788","2056714990","0.2"
"2056714990","1998481788","0.2"
"1998481788","2073913493","0.2"
"2073913493","1998481788","0.2"
"2056714990","2073913493","1.09286"
"2073913493","2056714990","1.09286"
"2056714990","2164740223","0.2"
"2164740223","2056714990","0.2"
"2073913493","2164740223","0.2"
"2164740223","2073913493","0.2"
"1966835268","2007671364","0.25"
"2007671364","1966835268","0.25"
"1966835268","2017633929","0.25"
"2017633929","1966835268","0.25"
"1966835268","2138090731","0.25"
"2138090731","1966835268","0.25"
"1967879792","2007671364","0.375"
"2007671364","1967879792","0.375"
"1967879792","2017633929","0.333333"
"2017633929","1967879792","0.333333"
"1967879792","2138090731","0.375"
"2138090731","1967879792","0.375"
"2007671364","2017633929","0.25"
"2017633929","2007671364","0.25"
"2007671364","2138090731","0.375"
"2138090731","2007671364","0.375"
"1966835268","2082055394","0.5"
"2082055394","1966835268","0.5"
"1967879792","2067491224","0.166667"
"2067491224","1967879792","0.166667"
"2009954908","2067491224","0.166667"
"2067491224","2009954908","0.166667"
"2009954908","2115536324","0.166667"
"2115536324","2009954908","0.166667"
"2115536324","242754990","0.166667"
"242754990","2115536324","0.166667"
"1967879792","2082021343","0.25"
"2082021343","1967879792","0.25"
"1967879792","2164740223","0.25"
"2164740223","1967879792","0.25"
"2031536661","2164740223","0.25"
"2164740223","2031536661","0.25"
"2082021343","2164740223","0.25"
"2164740223","2082021343","0.25"
"2082021343","242754990","0.25"
"242754990","2082021343","0.25"
"2164740223","242754990","0.25"
"242754990","2164740223","0.25"
"1967879792","2001278497","0.208333"
"2001278497","1967879792","0.208333"
"1967879792","2073913493","0.208333"
"2073913493","1967879792","0.208333"
"2001278497","2007671364","0.125"
"2007671364","2001278497","0.125"
"2001278497","2008445237","0.208333"
"2008445237","2001278497","0.208333"
"2001278497","2009954908","0.208333"
"2009954908","2001278497","0.208333"
"2001278497","2031536661","0.208333"
"2031536661","2001278497","0.208333"
"2001278497","2073913493","0.541667"
"2073913493","2001278497","0.541667"
"2001278497","2138090731","0.458333"
"2138090731","2001278497","0.458333"
"2001278497","242754990","0.208333"
"242754990","2001278497","0.208333"
"2007671364","2008445237","0.125"
"2008445237","2007671364","0.125"
"2007671364","2009954908","0.125"
"2009954908","2007671364","0.125"
"2007671364","2031536661","0.125"
"2031536661","2007671364","0.125"
"2007671364","2073913493","0.125"
"2073913493","2007671364","0.125"
"2007671364","242754990","0.125"
"242754990","2007671364","0.125"
"2009954908","2073913493","0.208333"
"2073913493","2009954908","0.208333"
"2009954908","2138090731","0.125"
"2138090731","2009954908","0.125"
"2031536661","2073913493","0.208333"
"2073913493","2031536661","0.208333"
"2073913493","2138090731","0.458333"
"2138090731","2073913493","0.458333"
"2138090731","242754990","0.125"
"242754990","2138090731","0.125"
"1967879792","1969118846","0.333333"
"1969118846","1967879792","0.333333"
"1967879792","2007620009","1.33333"
"2007620009","1967879792","1.33333"
"1967879792","2046118959","0.333333"
"2046118959","1967879792","0.333333"
"1969118846","2007620009","4.33333"
"2007620009","1969118846","4.33333"
"1969118846","2046118959","0.333333"
"2046118959","1969118846","0.333333"
"1967879792","2075301164","0.0833333"
"2075301164","1967879792","0.0833333"
"1967879792","2093347820","0.0833333"
"2093347820","1967879792","0.0833333"
"1967879792","2116279572","0.0833333"
"2116279572","1967879792","0.0833333"
"2001278497","2017633929","0.0833333"
"2017633929","2001278497","0.0833333"
"2001278497","2021856948","0.0833333"
"2021856948","2001278497","0.0833333"
"2001278497","2075301164","0.0833333"
"2075301164","2001278497","0.0833333"
"2001278497","2093347820","0.0833333"
"2093347820","2001278497","0.0833333"
"2001278497","2116279572","0.0833333"
"2116279572","2001278497","0.0833333"
"2001278497","2154884126","0.0833333"
"2154884126","2001278497","0.0833333"
"2008445237","2075301164","0.0833333"
"2075301164","2008445237","0.0833333"
"2008445237","2116279572","0.0833333"
"2116279572","2008445237","0.0833333"
"2009954908","2017633929","0.0833333"
"2017633929","2009954908","0.0833333"
"2009954908","2075301164","0.0833333"
"2075301164","2009954908","0.0833333"
"2009954908","2116279572","0.0833333"
"2116279572","2009954908","0.0833333"
"2017633929","2073913493","0.0833333"
"2073913493","2017633929","0.0833333"
"2017633929","2075301164","0.0833333"
"2075301164","2017633929","0.0833333"
"2017633929","2116279572","0.0833333"
"2116279572","2017633929","0.0833333"
"2017633929","242754990","0.0833333"
"242754990","2017633929","0.0833333"
"2021856948","2073913493","0.0833333"
"2073913493","2021856948","0.0833333"
"2021856948","2075301164","0.416667"
"2075301164","2021856948","0.416667"
"2021856948","2116279572","0.416667"
"2116279572","2021856948","0.416667"
"2031536661","2075301164","0.0833333"
"2075301164","2031536661","0.0833333"
"2031536661","2116279572","0.0833333"
"2116279572","2031536661","0.0833333"
"2073913493","2075301164","0.0833333"
"2075301164","2073913493","0.0833333"
"2073913493","2093347820","0.0833333"
"2093347820","2073913493","0.0833333"
"2073913493","2116279572","0.0833333"
"2116279572","2073913493","0.0833333"
"2073913493","2154884126","0.0833333"
"2154884126","2073913493","0.0833333"
"2075301164","2093347820","0.0833333"
"2093347820","2075301164","0.0833333"
"2075301164","2116279572","22.9167"
"2116279572","2075301164","22.9167"
"2075301164","2154884126","0.0833333"
"2154884126","2075301164","0.0833333"
"2075301164","242754990","0.0833333"
"242754990","2075301164","0.0833333"
"2093347820","2116279572","0.0833333"
"2116279572","2093347820","0.0833333"
"2093347820","242754990","0.0833333"
"242754990","2093347820","0.0833333"
"2116279572","2154884126","0.0833333"
"2154884126","2116279572","0.0833333"
"2116279572","242754990","0.0833333"
"242754990","2116279572","0.0833333"
"1969118846","2008445237","1"
"2008445237","1969118846","1"
"1974122010","2067491224","1"
"2067491224","1974122010","1"
"1977364950","2041275563","0.5"
"2041275563","1977364950","0.5"
"1977364950","2069484355","0.5"
"2069484355","1977364950","0.5"
"2041275563","2069484355","9.41667"
"2069484355","2041275563","9.41667"
"1977410235","1994883246","2.5"
"1994883246","1977410235","2.5"
"1977410235","2138090731","0.833333"
"2138090731","1977410235","0.833333"
"1994883246","2138090731","0.5"
"2138090731","1994883246","0.5"
"1977410235","2001278497","0.333333"
"2001278497","1977410235","0.333333"
"1977410235","2073913493","0.333333"
"2073913493","1977410235","0.333333"
"1977410235","1995545331","0.583333"
"1995545331","1977410235","0.583333"
"1977410235","2105769939","0.583333"
"2105769939","1977410235","0.583333"
"1977410235","2120607158","1.25"
"2120607158","1977410235","1.25"
"1977410235","2188756823","0.583333"
"2188756823","1977410235","0.583333"
"1995545331","2105769939","13.9167"
"2105769939","1995545331","13.9167"
"1995545331","2120607158","0.25"
"2120607158","1995545331","0.25"
"1995545331","2188756823","11.9167"
"2188756823","1995545331","11.9167"
"2105769939","2120607158","0.25"
"2120607158","2105769939","0.25"
"2105769939","2188756823","15.9167"
"2188756823","2105769939","15.9167"
"2120607158","2188756823","0.25"
"2188756823","2120607158","0.25"
"1994883246","2120607158","1.5"
"2120607158","1994883246","1.5"
"1979261905","2067491224","0.333333"
"2067491224","1979261905","0.333333"
"1979261905","322632637","0.333333"
"322632637","1979261905","0.333333"
"2067491224","322632637","0.333333"
"322632637","2067491224","0.333333"
"2093347820","322632637","1.33333"
"322632637","2093347820","1.33333"
"1986805046","2001816027","1.25"
"2001816027","1986805046","1.25"
"1986805046","322632637","0.75"
"322632637","1986805046","0.75"
"2001816027","322632637","0.75"
"322632637","2001816027","0.75"
"1986805046","2009592498","1.25"
"2009592498","1986805046","1.25"
"1986805046","2138090731","0.75"
"2138090731","1986805046","0.75"
"2001816027","2009592498","0.25"
"2009592498","2001816027","0.25"
"2001816027","2138090731","0.75"
"2138090731","2001816027","0.75"
"2009592498","322632637","0.25"
"322632637","2009592498","0.25"
"2138090731","322632637","1.25"
"322632637","2138090731","1.25"
"1986805046","2067491224","1"
"2067491224","1986805046","1"
"2056714990","2146081744","7.05952"
"2146081744","2056714990","7.05952"
"1988686126","2294485633","1.55952"
"2294485633","1988686126","1.55952"
"2056714990","2294485633","1.89286"
"2294485633","2056714990","1.89286"
"2146081744","2294485633","1.89286"
"2294485633","2146081744","1.89286"
"1988686126","2034007476","0.309524"
"2034007476","1988686126","0.309524"
"2033820046","2034007476","0.309524"
"2034007476","2033820046","0.309524"
"2033820046","2056714990","0.642857"
"2056714990","2033820046","0.642857"
"2033820046","2146081744","0.642857"
"2146081744","2033820046","0.642857"
"2033820046","2294485633","0.309524"
"2294485633","2033820046","0.309524"
"2034007476","2056714990","0.309524"
"2056714990","2034007476","0.309524"
"2034007476","2073913493","0.809524"
"2073913493","2034007476","0.809524"
"2034007476","2146081744","0.309524"
"2146081744","2034007476","0.309524"
"2034007476","2294485633","0.309524"
"2294485633","2034007476","0.309524"
"2073913493","2146081744","2.89286"
"2146081744","2073913493","2.89286"
"2073913493","2294485633","0.892857"
"2294485633","2073913493","0.892857"
"2034007476","2067491224","0.642857"
"2067491224","2034007476","0.642857"
"2056714990","2067491224","0.142857"
"2067491224","2056714990","0.142857"
"2067491224","2146081744","0.142857"
"2146081744","2067491224","0.142857"
"2067491224","2294485633","0.142857"
"2294485633","2067491224","0.142857"
"1988686126","2006036067","0.333333"
"2006036067","1988686126","0.333333"
"2006036067","2056714990","0.333333"
"2056714990","2006036067","0.333333"
"2006036067","2146081744","0.333333"
"2146081744","2006036067","0.333333"
"1994883246","2101112240","1.5"
"2101112240","1994883246","1.5"
"2101112240","2120607158","0.5"
"2120607158","2101112240","0.5"
"1995545331","2101112240","0.333333"
"2101112240","1995545331","0.333333"
"2101112240","2105769939","0.333333"
"2105769939","2101112240","0.333333"
"2101112240","2188756823","0.333333"
"2188756823","2101112240","0.333333"
"2001816027","2021856948","0.333333"
"2021856948","2001816027","0.333333"
"2001816027","2075301164","0.333333"
"2075301164","2001816027","0.333333"
"2001816027","2116279572","0.333333"
"2116279572","2001816027","0.333333"
"2006036067","2041275563","6.08333"
"2041275563","2006036067","6.08333"
"2006036067","2069484355","3.58333"
"2069484355","2006036067","3.58333"
"2006036067","2143394932","2.91667"
"2143394932","2006036067","2.91667"
"2041275563","2143394932","7.75"
"2143394932","2041275563","7.75"
"2069484355","2143394932","5.75"
"2143394932","2069484355","5.75"
"2006036067","2083233498","3.41667"
"2083233498","2006036067","3.41667"
"2041275563","2083233498","1.25"
"2083233498","2041275563","1.25"
"2069484355","2083233498","1.75"
"2083233498","2069484355","1.75"
"2083233498","2143394932","0.583333"
"2143394932","2083233498","0.583333"
"2007620009","2068549609","0.5"
"2068549609","2007620009","0.5"
"2068549609","242754990","0.5"
"242754990","2068549609","0.5"
"2009592498","2067491224","1"
"2067491224","2009592498","1"
"2017633929","2067491224","0.833333"
"2067491224","2017633929","0.833333"
"2017633929","2082055394","0.833333"
"2082055394","2017633929","0.833333"
"2067491224","2138090731","1.16667"
"2138090731","2067491224","1.16667"
"2082055394","2138090731","1.16667"
"2138090731","2082055394","1.16667"
"2019260576","2138090731","2"
"2138090731","2019260576","2"
"2019260576","322632637","1"
"322632637","2019260576","1"
"2082055394","2115536324","0.333333"
"2115536324","2082055394","0.333333"
"2075301164","2134477141","0.5"
"2134477141","2075301164","0.5"
"2116279572","2134477141","0.5"
"2134477141","2116279572","0.5"
"2143394932","2146081744","1"
"2146081744","2143394932","1"
