"1489266749","191897500","2.96786"
"191897500","1489266749","2.96786"
"1489266749","2126099446","4.44702"
"2126099446","1489266749","4.44702"
"191897500","2126099446","6.65238"
"2126099446","191897500","6.65238"
"1489266749","2170306141","1.55119"
"2170306141","1489266749","1.55119"
"1489266749","2331631852","0.875"
"2331631852","1489266749","0.875"
"1489266749","78925459","1.24167"
"78925459","1489266749","1.24167"
"2126099446","2170306141","1.86071"
"2170306141","2126099446","1.86071"
"2126099446","2331631852","1.64286"
"2331631852","2126099446","1.64286"
"2126099446","78925459","2.13452"
"78925459","2126099446","2.13452"
"2170306141","2331631852","0.517857"
"2331631852","2170306141","0.517857"
"2170306141","78925459","1.38452"
"78925459","2170306141","1.38452"
"2331631852","78925459","0.684524"
"78925459","2331631852","0.684524"
"191897500","2170306141","1.61071"
"2170306141","191897500","1.61071"
"191897500","78925459","1.13452"
"78925459","191897500","1.13452"
"1489266749","179232145","0.520833"
"179232145","1489266749","0.520833"
"1489266749","2097886419","0.3875"
"2097886419","1489266749","0.3875"
"1489266749","2406048721","0.767857"
"2406048721","1489266749","0.767857"
"179232145","191897500","0.416667"
"191897500","179232145","0.416667"
"179232145","2097886419","0.770833"
"2097886419","179232145","0.770833"
"179232145","2126099446","1.5625"
"2126099446","179232145","1.5625"
"179232145","2170306141","0.291667"
"2170306141","179232145","0.291667"
"179232145","2331631852","0.833333"
"2331631852","179232145","0.833333"
"179232145","2406048721","0.916667"
"2406048721","179232145","0.916667"
"179232145","78925459","0.708333"
"78925459","179232145","0.708333"
"191897500","2097886419","0.325"
"2097886419","191897500","0.325"
"191897500","2331631852","0.559524"
"2331631852","191897500","0.559524"
"191897500","2406048721","1.70238"
"2406048721","191897500","1.70238"
"2097886419","2126099446","0.970833"
"2126099446","2097886419","0.970833"
"2097886419","2170306141","0.325"
"2170306141","2097886419","0.325"
"2097886419","2331631852","0.125"
"2331631852","2097886419","0.125"
"2097886419","2406048721","0.367857"
"2406048721","2097886419","0.367857"
"2097886419","78925459","0.575"
"78925459","2097886419","0.575"
"2126099446","2406048721","2.63571"
"2406048721","2126099446","2.63571"
"2170306141","2406048721","0.410714"
"2406048721","2170306141","0.410714"
"2331631852","2406048721","4.30952"
"2406048721","2331631852","4.30952"
"2406048721","78925459","0.434524"
"78925459","2406048721","0.434524"
"1489266749","169715687","0.47619"
"169715687","1489266749","0.47619"
"1489266749","2519250431","0.642857"
"2519250431","1489266749","0.642857"
"169715687","179232145","1.375"
"179232145","169715687","1.375"
"169715687","2331631852","2.79167"
"2331631852","169715687","2.79167"
"169715687","2406048721","1.93452"
"2406048721","169715687","1.93452"
"169715687","2519250431","3.51786"
"2519250431","169715687","3.51786"
"169715687","78925459","0.166667"
"78925459","169715687","0.166667"
"179232145","2519250431","0.875"
"2519250431","179232145","0.875"
"2331631852","2519250431","9.35119"
"2519250431","2331631852","9.35119"
"2406048721","2519250431","8.36071"
"2519250431","2406048721","8.36071"
"2519250431","78925459","0.47619"
"78925459","2519250431","0.47619"
"1489266749","2996283780","0.47619"
"2996283780","1489266749","0.47619"
"191897500","2519250431","0.994048"
"2519250431","191897500","0.994048"
"191897500","2996283780","0.744048"
"2996283780","191897500","0.744048"
"2126099446","2519250431","2.42738"
"2519250431","2126099446","2.42738"
"2126099446","2996283780","1.51071"
"2996283780","2126099446","1.51071"
"2331631852","2996283780","2.68452"
"2996283780","2331631852","2.68452"
"2406048721","2996283780","2.84405"
"2996283780","2406048721","2.84405"
"2519250431","2996283780","6.42738"
"2996283780","2519250431","6.42738"
"169715687","191897500","0.517857"
"191897500","169715687","0.517857"
"169715687","2126099446","2.18452"
"2126099446","169715687","2.18452"
"169715687","2170306141","0.142857"
"2170306141","169715687","0.142857"
"169715687","2996283780","1.35119"
"2996283780","169715687","1.35119"
"2170306141","2519250431","0.452381"
"2519250431","2170306141","0.452381"
"2170306141","2996283780","0.452381"
"2996283780","2170306141","0.452381"
"1489266749","1491721133","0.0625"
"1491721133","1489266749","0.0625"
"1489266749","1519424606","0.0625"
"1519424606","1489266749","0.0625"
"1489266749","1560730310","0.0625"
"1560730310","1489266749","0.0625"
"1489266749","1579191941","0.0625"
"1579191941","1489266749","0.0625"
"1489266749","1581288914","0.0625"
"1581288914","1489266749","0.0625"
"1489266749","1606394327","0.0625"
"1606394327","1489266749","0.0625"
"1489266749","1987099836","0.229167"
"1987099836","1489266749","0.229167"
"1489266749","2035946364","0.0625"
"2035946364","1489266749","0.0625"
"1489266749","2040820996","0.0625"
"2040820996","1489266749","0.0625"
"1489266749","2061433096","0.0625"
"2061433096","1489266749","0.0625"
"1489266749","2132849374","0.229167"
"2132849374","1489266749","0.229167"
"1489266749","2135850590","0.229167"
"2135850590","1489266749","0.229167"
"1489266749","2159123127","0.0625"
"2159123127","1489266749","0.0625"
"1491721133","1519424606","0.0625"
"1519424606","1491721133","0.0625"
"1491721133","1560730310","0.332341"
"1560730310","1491721133","0.332341"
"1491721133","1579191941","1.96448"
"1579191941","1491721133","1.96448"
"1491721133","1581288914","0.439484"
"1581288914","1491721133","0.439484"
"1491721133","1606394327","0.0625"
"1606394327","1491721133","0.0625"
"1491721133","179232145","0.0625"
"179232145","1491721133","0.0625"
"1491721133","1987099836","0.0625"
"1987099836","1491721133","0.0625"
"1491721133","2035946364","0.389484"
"2035946364","1491721133","0.389484"
"1491721133","2040820996","0.760913"
"2040820996","1491721133","0.760913"
"1491721133","2061433096","0.383929"
"2061433096","1491721133","0.383929"
"1491721133","2097886419","0.0625"
"2097886419","1491721133","0.0625"
"1491721133","2126099446","0.0625"
"2126099446","1491721133","0.0625"
"1491721133","2132849374","0.0625"
"2132849374","1491721133","0.0625"
"1491721133","2135850590","0.0625"
"2135850590","1491721133","0.0625"
"1491721133","2159123127","1.39901"
"2159123127","1491721133","1.39901"
"1519424606","1560730310","0.0625"
"1560730310","1519424606","0.0625"
"1519424606","1579191941","0.1875"
"1579191941","1519424606","0.1875"
"1519424606","1581288914","0.0625"
"1581288914","1519424606","0.0625"
"1519424606","1606394327","0.0625"
"1606394327","1519424606","0.0625"
"1519424606","179232145","0.0625"
"179232145","1519424606","0.0625"
"1519424606","1987099836","0.2625"
"1987099836","1519424606","0.2625"
"1519424606","2035946364","0.0625"
"2035946364","1519424606","0.0625"
"1519424606","2040820996","0.0625"
"2040820996","1519424606","0.0625"
"1519424606","2061433096","0.7625"
"2061433096","1519424606","0.7625"
"1519424606","2097886419","0.0625"
"2097886419","1519424606","0.0625"
"1519424606","2126099446","0.2625"
"2126099446","1519424606","0.2625"
"1519424606","2132849374","0.6875"
"2132849374","1519424606","0.6875"
"1519424606","2135850590","0.1875"
"2135850590","1519424606","0.1875"
"1519424606","2159123127","0.1875"
"2159123127","1519424606","0.1875"
"1560730310","1579191941","0.189484"
"1579191941","1560730310","0.189484"
"1560730310","1581288914","0.300595"
"1581288914","1560730310","0.300595"
"1560730310","1606394327","0.0625"
"1606394327","1560730310","0.0625"
"1560730310","179232145","0.0625"
"179232145","1560730310","0.0625"
"1560730310","1987099836","0.0625"
"1987099836","1560730310","0.0625"
"1560730310","2035946364","0.300595"
"2035946364","1560730310","0.300595"
"1560730310","2040820996","0.510913"
"2040820996","1560730310","0.510913"
"1560730310","2061433096","0.49504"
"2061433096","1560730310","0.49504"
"1560730310","2097886419","0.0625"
"2097886419","1560730310","0.0625"
"1560730310","2126099446","0.0625"
"2126099446","1560730310","0.0625"
"1560730310","2132849374","0.0625"
"2132849374","1560730310","0.0625"
"1560730310","2135850590","0.0625"
"2135850590","1560730310","0.0625"
"1560730310","2159123127","0.582341"
"2159123127","1560730310","0.582341"
"1579191941","1581288914","0.272817"
"1581288914","1579191941","0.272817"
"1579191941","1606394327","0.0625"
"1606394327","1579191941","0.0625"
"1579191941","179232145","0.0625"
"179232145","1579191941","0.0625"
"1579191941","1987099836","0.0625"
"1987099836","1579191941","0.0625"
"1579191941","2035946364","0.389484"
"2035946364","1579191941","0.389484"
"1579191941","2040820996","0.493056"
"2040820996","1579191941","0.493056"
"1579191941","2061433096","0.217262"
"2061433096","1579191941","0.217262"
"1579191941","2097886419","0.0625"
"2097886419","1579191941","0.0625"
"1579191941","2126099446","0.0625"
"2126099446","1579191941","0.0625"
"1579191941","2132849374","0.1875"
"2132849374","1579191941","0.1875"
"1579191941","2135850590","0.1875"
"2135850590","1579191941","0.1875"
"1579191941","2159123127","1.33948"
"2159123127","1579191941","1.33948"
"1581288914","1606394327","0.0625"
"1606394327","1581288914","0.0625"
"1581288914","179232145","0.0625"
"179232145","1581288914","0.0625"
"1581288914","1987099836","0.0625"
"1987099836","1581288914","0.0625"
"1581288914","2035946364","1.2506"
"2035946364","1581288914","1.2506"
"1581288914","2040820996","0.201389"
"2040820996","1581288914","0.201389"
"1581288914","2061433096","3.61171"
"2061433096","1581288914","3.61171"
"1581288914","2097886419","0.0625"
"2097886419","1581288914","0.0625"
"1581288914","2126099446","0.0625"
"2126099446","1581288914","0.0625"
"1581288914","2132849374","0.0625"
"2132849374","1581288914","0.0625"
"1581288914","2135850590","0.0625"
"2135850590","1581288914","0.0625"
"1581288914","2159123127","0.439484"
"2159123127","1581288914","0.439484"
"1606394327","179232145","0.0625"
"179232145","1606394327","0.0625"
"1606394327","1987099836","0.0625"
"1987099836","1606394327","0.0625"
"1606394327","2035946364","0.0625"
"2035946364","1606394327","0.0625"
"1606394327","2040820996","0.0625"
"2040820996","1606394327","0.0625"
"1606394327","2061433096","0.0625"
"2061433096","1606394327","0.0625"
"1606394327","2097886419","0.205357"
"2097886419","1606394327","0.205357"
"1606394327","2126099446","0.0625"
"2126099446","1606394327","0.0625"
"1606394327","2132849374","0.455357"
"2132849374","1606394327","0.455357"
"1606394327","2135850590","1.95536"
"2135850590","1606394327","1.95536"
"1606394327","2159123127","0.0625"
"2159123127","1606394327","0.0625"
"179232145","1987099836","0.0625"
"1987099836","179232145","0.0625"
"179232145","2035946364","0.0625"
"2035946364","179232145","0.0625"
"179232145","2040820996","0.0625"
"2040820996","179232145","0.0625"
"179232145","2061433096","0.0625"
"2061433096","179232145","0.0625"
"179232145","2132849374","0.229167"
"2132849374","179232145","0.229167"
"179232145","2135850590","0.229167"
"2135850590","179232145","0.229167"
"179232145","2159123127","0.0625"
"2159123127","179232145","0.0625"
"1987099836","2035946364","0.0625"
"2035946364","1987099836","0.0625"
"1987099836","2040820996","0.0625"
"2040820996","1987099836","0.0625"
"1987099836","2061433096","0.2625"
"2061433096","1987099836","0.2625"
"1987099836","2097886419","0.0625"
"2097886419","1987099836","0.0625"
"1987099836","2126099446","0.929167"
"2126099446","1987099836","0.929167"
"1987099836","2132849374","0.0625"
"2132849374","1987099836","0.0625"
"1987099836","2135850590","0.0625"
"2135850590","1987099836","0.0625"
"1987099836","2159123127","0.0625"
"2159123127","1987099836","0.0625"
"2035946364","2040820996","0.118056"
"2040820996","2035946364","0.118056"
"2035946364","2061433096","1.61171"
"2061433096","2035946364","1.61171"
"2035946364","2097886419","0.0625"
"2097886419","2035946364","0.0625"
"2035946364","2126099446","0.0625"
"2126099446","2035946364","0.0625"
"2035946364","2132849374","0.729167"
"2132849374","2035946364","0.729167"
"2035946364","2135850590","0.0625"
"2135850590","2035946364","0.0625"
"2035946364","2159123127","0.389484"
"2159123127","2035946364","0.389484"
"2040820996","2061433096","0.495833"
"2061433096","2040820996","0.495833"
"2040820996","2097886419","0.0625"
"2097886419","2040820996","0.0625"
"2040820996","2126099446","0.0625"
"2126099446","2040820996","0.0625"
"2040820996","2132849374","0.0625"
"2132849374","2040820996","0.0625"
"2040820996","2135850590","0.0625"
"2135850590","2040820996","0.0625"
"2040820996","2159123127","5.71925"
"2159123127","2040820996","5.71925"
"2061433096","2097886419","0.0625"
"2097886419","2061433096","0.0625"
"2061433096","2126099446","0.2625"
"2126099446","2061433096","0.2625"
"2061433096","2132849374","0.5625"
"2132849374","2061433096","0.5625"
"2061433096","2135850590","0.0625"
"2135850590","2061433096","0.0625"
"2061433096","2159123127","0.733929"
"2159123127","2061433096","0.733929"
"2097886419","2132849374","0.205357"
"2132849374","2097886419","0.205357"
"2097886419","2135850590","0.205357"
"2135850590","2097886419","0.205357"
"2097886419","2159123127","0.0625"
"2159123127","2097886419","0.0625"
"2126099446","2132849374","2.39583"
"2132849374","2126099446","2.39583"
"2126099446","2135850590","0.395833"
"2135850590","2126099446","0.395833"
"2126099446","2159123127","0.0625"
"2159123127","2126099446","0.0625"
"2132849374","2135850590","1.74702"
"2135850590","2132849374","1.74702"
"2132849374","2159123127","0.1875"
"2159123127","2132849374","0.1875"
"2135850590","2159123127","0.1875"
"2159123127","2135850590","0.1875"
"1489266749","1514365828","0.166667"
"1514365828","1489266749","0.166667"
"1489266749","198968302","0.166667"
"198968302","1489266749","0.166667"
"1514365828","179232145","0.166667"
"179232145","1514365828","0.166667"
"1514365828","198968302","0.166667"
"198968302","1514365828","0.166667"
"1514365828","2126099446","0.166667"
"2126099446","1514365828","0.166667"
"1514365828","2132849374","1.05952"
"2132849374","1514365828","1.05952"
"1514365828","2135850590","2.05952"
"2135850590","1514365828","2.05952"
"179232145","198968302","0.916667"
"198968302","179232145","0.916667"
"198968302","2126099446","1.25"
"2126099446","198968302","1.25"
"198968302","2132849374","0.333333"
"2132849374","198968302","0.333333"
"198968302","2135850590","0.333333"
"2135850590","198968302","0.333333"
"169715687","1987099836","0.333333"
"1987099836","169715687","0.333333"
"1987099836","2331631852","0.333333"
"2331631852","1987099836","0.333333"
"1987099836","2406048721","1.16667"
"2406048721","1987099836","1.16667"
"1987099836","2519250431","0.333333"
"2519250431","1987099836","0.333333"
"1987099836","2996283780","1.33333"
"2996283780","1987099836","1.33333"
"1491721133","1994110553","0.196429"
"1994110553","1491721133","0.196429"
"1491721133","2064668866","0.901984"
"2064668866","1491721133","0.901984"
"1491721133","2123572748","0.501984"
"2123572748","1491721133","0.501984"
"1491721133","2233664955","0.865079"
"2233664955","1491721133","0.865079"
"1491721133","2754504587","0.698413"
"2754504587","1491721133","0.698413"
"1491721133","331957120","0.267857"
"331957120","1491721133","0.267857"
"1994110553","2040820996","1.21667"
"2040820996","1994110553","1.21667"
"1994110553","2064668866","3.06587"
"2064668866","1994110553","3.06587"
"1994110553","2123572748","5.76984"
"2123572748","1994110553","5.76984"
"1994110553","2159123127","0.988095"
"2159123127","1994110553","0.988095"
"1994110553","2233664955","1.16111"
"2233664955","1994110553","1.16111"
"1994110553","2754504587","4.45397"
"2754504587","1994110553","4.45397"
"1994110553","331957120","4.14167"
"331957120","1994110553","4.14167"
"2040820996","2064668866","3.38889"
"2064668866","2040820996","3.38889"
"2040820996","2123572748","1.07222"
"2123572748","2040820996","1.07222"
"2040820996","2233664955","1.99008"
"2233664955","2040820996","1.99008"
"2040820996","2754504587","2.32341"
"2754504587","2040820996","2.32341"
"2040820996","331957120","0.95119"
"331957120","2040820996","0.95119"
"2064668866","2123572748","1.92143"
"2123572748","2064668866","1.92143"
"2064668866","2159123127","3.77698"
"2159123127","2064668866","3.77698"
"2064668866","2233664955","2.33333"
"2233664955","2064668866","2.33333"
"2064668866","2754504587","1.66667"
"2754504587","2064668866","1.66667"
"2064668866","331957120","4.30833"
"331957120","2064668866","4.30833"
"2123572748","2159123127","1.51032"
"2159123127","2123572748","1.51032"
"2123572748","2233664955","0.766667"
"2233664955","2123572748","0.766667"
"2123572748","2754504587","6.14286"
"2754504587","2123572748","6.14286"
"2123572748","331957120","2.475"
"331957120","2123572748","2.475"
"2159123127","2233664955","2.15675"
"2233664955","2159123127","2.15675"
"2159123127","2754504587","3.02341"
"2754504587","2159123127","3.02341"
"2159123127","331957120","2.20119"
"331957120","2159123127","2.20119"
"2233664955","2754504587","1.43452"
"2754504587","2233664955","1.43452"
"2233664955","331957120","0.367857"
"331957120","2233664955","0.367857"
"2754504587","331957120","0.867857"
"331957120","2754504587","0.867857"
"1491721133","2097167306","0.251984"
"2097167306","1491721133","0.251984"
"1491721133","2127186130","0.818651"
"2127186130","1491721133","0.818651"
"1491721133","2793970239","0.208333"
"2793970239","1491721133","0.208333"
"1579191941","2097167306","0.376984"
"2097167306","1579191941","0.376984"
"1579191941","2127186130","0.818651"
"2127186130","1579191941","0.818651"
"1579191941","2233664955","0.430556"
"2233664955","1579191941","0.430556"
"1579191941","2754504587","0.430556"
"2754504587","1579191941","0.430556"
"1579191941","2793970239","0.208333"
"2793970239","1579191941","0.208333"
"2040820996","2097167306","0.680556"
"2097167306","2040820996","0.680556"
"2040820996","2127186130","0.347222"
"2127186130","2040820996","0.347222"
"2040820996","2793970239","0.575"
"2793970239","2040820996","0.575"
"2097167306","2127186130","0.251984"
"2127186130","2097167306","0.251984"
"2097167306","2159123127","1.37698"
"2159123127","2097167306","1.37698"
"2097167306","2233664955","0.180556"
"2233664955","2097167306","0.180556"
"2097167306","2754504587","0.680556"
"2754504587","2097167306","0.680556"
"2097167306","2793970239","0.125"
"2793970239","2097167306","0.125"
"2127186130","2159123127","0.818651"
"2159123127","2127186130","0.818651"
"2127186130","2233664955","0.347222"
"2233664955","2127186130","0.347222"
"2127186130","2754504587","0.347222"
"2754504587","2127186130","0.347222"
"2127186130","2793970239","0.125"
"2793970239","2127186130","0.125"
"2159123127","2793970239","0.575"
"2793970239","2159123127","0.575"
"2233664955","2793970239","0.408333"
"2793970239","2233664955","0.408333"
"2754504587","2793970239","0.575"
"2793970239","2754504587","0.575"
"1579191941","2064668866","0.610317"
"2064668866","1579191941","0.610317"
"2035946364","2064668866","0.493651"
"2064668866","2035946364","0.493651"
"2035946364","2127186130","0.826984"
"2127186130","2035946364","0.826984"
"2064668866","2127186130","0.526984"
"2127186130","2064668866","0.526984"
"1491721133","2168781532","0.410317"
"2168781532","1491721133","0.410317"
"1579191941","2168781532","0.410317"
"2168781532","1579191941","0.410317"
"2064668866","2168781532","0.535317"
"2168781532","2064668866","0.535317"
"2127186130","2168781532","0.326984"
"2168781532","2127186130","0.326984"
"2159123127","2168781532","2.53532"
"2168781532","2159123127","2.53532"
"1581288914","2064668866","0.376984"
"2064668866","1581288914","0.376984"
"1581288914","2123572748","0.688095"
"2123572748","1581288914","0.688095"
"1581288914","2233664955","0.305556"
"2233664955","1581288914","0.305556"
"2061433096","2064668866","0.838095"
"2064668866","2061433096","0.838095"
"2061433096","2123572748","0.98254"
"2123572748","2061433096","0.98254"
"2061433096","2233664955","0.35"
"2233664955","2061433096","0.35"
"1491721133","1771395304","0.126984"
"1771395304","1491721133","0.126984"
"1491721133","2096322311","0.210317"
"2096322311","1491721133","0.210317"
"1560730310","1771395304","0.238095"
"1771395304","1560730310","0.238095"
"1560730310","1994110553","0.68254"
"1994110553","1560730310","0.68254"
"1560730310","2064668866","0.376984"
"2064668866","1560730310","0.376984"
"1560730310","2096322311","0.126984"
"2096322311","1560730310","0.126984"
"1560730310","2097167306","0.238095"
"2097167306","1560730310","0.238095"
"1560730310","2123572748","0.238095"
"2123572748","1560730310","0.238095"
"1560730310","2127186130","0.126984"
"2127186130","1560730310","0.126984"
"1560730310","2168781532","0.738095"
"2168781532","1560730310","0.738095"
"1579191941","1771395304","0.126984"
"1771395304","1579191941","0.126984"
"1579191941","1994110553","0.0714286"
"1994110553","1579191941","0.0714286"
"1579191941","2096322311","0.460317"
"2096322311","1579191941","0.460317"
"1579191941","2123572748","0.210317"
"2123572748","1579191941","0.210317"
"1581288914","1771395304","0.238095"
"1771395304","1581288914","0.238095"
"1581288914","1994110553","0.849206"
"1994110553","1581288914","0.849206"
"1581288914","2096322311","1.16032"
"2096322311","1581288914","1.16032"
"1581288914","2097167306","2.4381"
"2097167306","1581288914","2.4381"
"1581288914","2127186130","0.126984"
"2127186130","1581288914","0.126984"
"1581288914","2168781532","0.321429"
"2168781532","1581288914","0.321429"
"1771395304","1994110553","2.23651"
"1994110553","1771395304","2.23651"
"1771395304","2035946364","0.404762"
"2035946364","1771395304","0.404762"
"1771395304","2061433096","0.449206"
"2061433096","1771395304","0.449206"
"1771395304","2064668866","0.754762"
"2064668866","1771395304","0.754762"
"1771395304","2096322311","0.293651"
"2096322311","1771395304","0.293651"
"1771395304","2097167306","0.238095"
"2097167306","1771395304","0.238095"
"1771395304","2123572748","4.20873"
"2123572748","1771395304","4.20873"
"1771395304","2127186130","0.126984"
"2127186130","1771395304","0.126984"
"1771395304","2159123127","0.976984"
"2159123127","1771395304","0.976984"
"1771395304","2168781532","0.238095"
"2168781532","1771395304","0.238095"
"1994110553","2035946364","1.59921"
"2035946364","1994110553","1.59921"
"1994110553","2061433096","3.28254"
"2061433096","1994110553","3.28254"
"1994110553","2096322311","0.904762"
"2096322311","1994110553","0.904762"
"1994110553","2097167306","0.18254"
"2097167306","1994110553","0.18254"
"1994110553","2127186130","0.0714286"
"2127186130","1994110553","0.0714286"
"1994110553","2168781532","1.30754"
"2168781532","1994110553","1.30754"
"2035946364","2096322311","1.49365"
"2096322311","2035946364","1.49365"
"2035946364","2097167306","1.9381"
"2097167306","2035946364","1.9381"
"2035946364","2123572748","0.438095"
"2123572748","2035946364","0.438095"
"2035946364","2168781532","0.238095"
"2168781532","2035946364","0.238095"
"2061433096","2096322311","2.6381"
"2096322311","2061433096","2.6381"
"2061433096","2097167306","1.38254"
"2097167306","2061433096","1.38254"
"2061433096","2127186130","0.0714286"
"2127186130","2061433096","0.0714286"
"2061433096","2168781532","0.265873"
"2168781532","2061433096","0.265873"
"2064668866","2096322311","0.376984"
"2096322311","2064668866","0.376984"
"2064668866","2097167306","0.126984"
"2097167306","2064668866","0.126984"
"2096322311","2097167306","0.826984"
"2097167306","2096322311","0.826984"
"2096322311","2123572748","0.410317"
"2123572748","2096322311","0.410317"
"2096322311","2127186130","0.126984"
"2127186130","2096322311","0.126984"
"2096322311","2159123127","0.460317"
"2159123127","2096322311","0.460317"
"2096322311","2168781532","0.210317"
"2168781532","2096322311","0.210317"
"2097167306","2123572748","0.438095"
"2123572748","2097167306","0.438095"
"2097167306","2168781532","0.238095"
"2168781532","2097167306","0.238095"
"2123572748","2127186130","0.126984"
"2127186130","2123572748","0.126984"
"2123572748","2168781532","0.446429"
"2168781532","2123572748","0.446429"
"1491721133","1576131575","0.198413"
"1576131575","1491721133","0.198413"
"1491721133","2951303231","0.0555556"
"2951303231","1491721133","0.0555556"
"1491721133","72920872","0.0555556"
"72920872","1491721133","0.0555556"
"1560730310","1576131575","1.30952"
"1576131575","1560730310","1.30952"
"1560730310","2233664955","0.198413"
"2233664955","1560730310","0.198413"
"1560730310","2754504587","0.198413"
"2754504587","1560730310","0.198413"
"1560730310","2951303231","0.0555556"
"2951303231","1560730310","0.0555556"
"1560730310","72920872","0.0555556"
"72920872","1560730310","0.0555556"
"1576131575","1579191941","0.0555556"
"1579191941","1576131575","0.0555556"
"1576131575","1581288914","0.166667"
"1581288914","1576131575","0.166667"
"1576131575","1771395304","0.266667"
"1771395304","1576131575","0.266667"
"1576131575","2035946364","1.16667"
"2035946364","1576131575","1.16667"
"1576131575","2040820996","0.298413"
"2040820996","1576131575","0.298413"
"1576131575","2064668866","0.155556"
"2064668866","1576131575","0.155556"
"1576131575","2096322311","1.13889"
"2096322311","1576131575","1.13889"
"1576131575","2097167306","0.166667"
"2097167306","1576131575","0.166667"
"1576131575","2123572748","0.266667"
"2123572748","1576131575","0.266667"
"1576131575","2127186130","0.555556"
"2127186130","1576131575","0.555556"
"1576131575","2159123127","0.298413"
"2159123127","1576131575","0.298413"
"1576131575","2168781532","0.166667"
"2168781532","1576131575","0.166667"
"1576131575","2233664955","0.298413"
"2233664955","1576131575","0.298413"
"1576131575","2754504587","0.298413"
"2754504587","1576131575","0.298413"
"1576131575","2951303231","0.0555556"
"2951303231","1576131575","0.0555556"
"1576131575","72920872","0.0555556"
"72920872","1576131575","0.0555556"
"1579191941","2951303231","0.0555556"
"2951303231","1579191941","0.0555556"
"1579191941","72920872","0.0555556"
"72920872","1579191941","0.0555556"
"1581288914","2754504587","0.388889"
"2754504587","1581288914","0.388889"
"1581288914","2951303231","0.0555556"
"2951303231","1581288914","0.0555556"
"1581288914","72920872","0.0555556"
"72920872","1581288914","0.0555556"
"1771395304","2040820996","0.155556"
"2040820996","1771395304","0.155556"
"1771395304","2233664955","0.266667"
"2233664955","1771395304","0.266667"
"1771395304","2754504587","2.35952"
"2754504587","1771395304","2.35952"
"1771395304","2951303231","22.0889"
"2951303231","1771395304","22.0889"
"1771395304","72920872","0.759524"
"72920872","1771395304","0.759524"
"2035946364","2233664955","0.0555556"
"2233664955","2035946364","0.0555556"
"2035946364","2754504587","0.305556"
"2754504587","2035946364","0.305556"
"2035946364","2951303231","0.222222"
"2951303231","2035946364","0.222222"
"2035946364","72920872","0.0555556"
"72920872","2035946364","0.0555556"
"2040820996","2096322311","0.138889"
"2096322311","2040820996","0.138889"
"2040820996","2168781532","0.263889"
"2168781532","2040820996","0.263889"
"2040820996","2951303231","0.0555556"
"2951303231","2040820996","0.0555556"
"2040820996","72920872","0.180556"
"72920872","2040820996","0.180556"
"2064668866","2951303231","0.472222"
"2951303231","2064668866","0.472222"
"2064668866","72920872","0.291667"
"72920872","2064668866","0.291667"
"2096322311","2233664955","0.138889"
"2233664955","2096322311","0.138889"
"2096322311","2754504587","0.722222"
"2754504587","2096322311","0.722222"
"2096322311","2951303231","0.222222"
"2951303231","2096322311","0.222222"
"2096322311","72920872","0.0555556"
"72920872","2096322311","0.0555556"
"2097167306","2951303231","0.0555556"
"2951303231","2097167306","0.0555556"
"2097167306","72920872","0.0555556"
"72920872","2097167306","0.0555556"
"2123572748","2951303231","3.67222"
"2951303231","2123572748","3.67222"
"2123572748","72920872","0.884524"
"72920872","2123572748","0.884524"
"2127186130","2951303231","0.0555556"
"2951303231","2127186130","0.0555556"
"2127186130","72920872","0.0555556"
"72920872","2127186130","0.0555556"
"2159123127","2951303231","0.805556"
"2951303231","2159123127","0.805556"
"2159123127","72920872","0.180556"
"72920872","2159123127","0.180556"
"2168781532","2233664955","1.26389"
"2233664955","2168781532","1.26389"
"2168781532","2754504587","0.263889"
"2754504587","2168781532","0.263889"
"2168781532","2951303231","0.0555556"
"2951303231","2168781532","0.0555556"
"2168781532","72920872","0.180556"
"72920872","2168781532","0.180556"
"2233664955","2951303231","0.0555556"
"2951303231","2233664955","0.0555556"
"2233664955","72920872","0.291667"
"72920872","2233664955","0.291667"
"2754504587","2951303231","1.00556"
"2951303231","2754504587","1.00556"
"2754504587","72920872","0.884524"
"72920872","2754504587","0.884524"
"2951303231","72920872","0.505556"
"72920872","2951303231","0.505556"
"1560730310","331957120","0.142857"
"331957120","1560730310","0.142857"
"1576131575","331957120","0.492857"
"331957120","1576131575","0.492857"
"1581288914","2793970239","0.0833333"
"2793970239","1581288914","0.0833333"
"2061433096","2754504587","1.01667"
"2754504587","2061433096","1.01667"
"2061433096","2793970239","0.0833333"
"2793970239","2061433096","0.0833333"
"2064668866","2793970239","0.45"
"2793970239","2064668866","0.45"
"2096322311","2793970239","0.0833333"
"2793970239","2096322311","0.0833333"
"2123572748","2793970239","0.416667"
"2793970239","2123572748","0.416667"
"2168781532","2793970239","0.0833333"
"2793970239","2168781532","0.0833333"
"1514365828","2888353590","1"
"2888353590","1514365828","1"
"1514365828","1550363981","1.47619"
"1550363981","1514365828","1.47619"
"1514365828","1606394327","0.72619"
"1606394327","1514365828","0.72619"
"1514365828","2154991768","0.72619"
"2154991768","1514365828","0.72619"
"1550363981","1606394327","0.47619"
"1606394327","1550363981","0.47619"
"1550363981","2154991768","2.97619"
"2154991768","1550363981","2.97619"
"1606394327","2154991768","6.22619"
"2154991768","1606394327","6.22619"
"2132849374","2154991768","0.392857"
"2154991768","2132849374","0.392857"
"2135850590","2154991768","1.39286"
"2154991768","2135850590","1.39286"
"1514365828","2097886419","0.142857"
"2097886419","1514365828","0.142857"
"1514365828","2406048721","0.142857"
"2406048721","1514365828","0.142857"
"1550363981","2097886419","0.142857"
"2097886419","1550363981","0.142857"
"1550363981","2132849374","0.267857"
"2132849374","1550363981","0.267857"
"1550363981","2135850590","0.267857"
"2135850590","1550363981","0.267857"
"1550363981","2406048721","0.142857"
"2406048721","1550363981","0.142857"
"1606394327","2406048721","0.142857"
"2406048721","1606394327","0.142857"
"2097886419","2154991768","0.142857"
"2154991768","2097886419","0.142857"
"2132849374","2406048721","1.14286"
"2406048721","2132849374","1.14286"
"2135850590","2406048721","0.142857"
"2406048721","2135850590","0.142857"
"2154991768","2406048721","0.142857"
"2406048721","2154991768","0.142857"
"1519424606","1550363981","0.125"
"1550363981","1519424606","0.125"
"1519424606","1881490887","0.125"
"1881490887","1519424606","0.125"
"1519424606","2097167306","0.125"
"2097167306","1519424606","0.125"
"1519424606","39511170","0.125"
"39511170","1519424606","0.125"
"1550363981","1579191941","0.125"
"1579191941","1550363981","0.125"
"1550363981","1881490887","0.125"
"1881490887","1550363981","0.125"
"1550363981","2097167306","0.125"
"2097167306","1550363981","0.125"
"1550363981","2159123127","0.125"
"2159123127","1550363981","0.125"
"1550363981","39511170","0.125"
"39511170","1550363981","0.125"
"1579191941","1881490887","0.125"
"1881490887","1579191941","0.125"
"1579191941","39511170","0.375"
"39511170","1579191941","0.375"
"1881490887","2097167306","0.458333"
"2097167306","1881490887","0.458333"
"1881490887","2132849374","1.125"
"2132849374","1881490887","1.125"
"1881490887","2135850590","0.458333"
"2135850590","1881490887","0.458333"
"1881490887","2159123127","0.125"
"2159123127","1881490887","0.125"
"1881490887","39511170","0.125"
"39511170","1881490887","0.125"
"2097167306","2132849374","0.458333"
"2132849374","2097167306","0.458333"
"2097167306","2135850590","0.458333"
"2135850590","2097167306","0.458333"
"2097167306","39511170","0.125"
"39511170","2097167306","0.125"
"2132849374","39511170","0.125"
"39511170","2132849374","0.125"
"2135850590","39511170","0.125"
"39511170","2135850590","0.125"
"2159123127","39511170","0.375"
"39511170","2159123127","0.375"
"1519424606","1991990653","0.2"
"1991990653","1519424606","0.2"
"1519424606","2096322311","0.2"
"2096322311","1519424606","0.2"
"1987099836","1991990653","0.2"
"1991990653","1987099836","0.2"
"1987099836","2096322311","0.2"
"2096322311","1987099836","0.2"
"1991990653","2061433096","0.2"
"2061433096","1991990653","0.2"
"1991990653","2096322311","0.2"
"2096322311","1991990653","0.2"
"1991990653","2126099446","0.2"
"2126099446","1991990653","0.2"
"2096322311","2126099446","0.2"
"2126099446","2096322311","0.2"
"1550363981","2124756613","5"
"2124756613","1550363981","5"
"1550363981","2063409629","11"
"2063409629","1550363981","11"
"1550363981","2002432783","0.5"
"2002432783","1550363981","0.5"
"2002432783","2154991768","1"
"2154991768","2002432783","1"
"2063409629","2124756613","1"
"2124756613","2063409629","1"
"1560730310","2110613580","1"
"2110613580","1560730310","1"
"1576131575","1994110553","1.79444"
"1994110553","1576131575","1.79444"
"1576131575","2061433096","1.29444"
"2061433096","1576131575","1.29444"
"2035946364","331957120","0.25"
"331957120","2035946364","0.25"
"2061433096","331957120","1.01667"
"331957120","2061433096","1.01667"
"1576131575","1998632536","0.25"
"1998632536","1576131575","0.25"
"1576131575","2110613580","0.25"
"2110613580","1576131575","0.25"
"1998632536","2035946364","0.25"
"2035946364","1998632536","0.25"
"1998632536","2096322311","0.25"
"2096322311","1998632536","0.25"
"1998632536","2110613580","8"
"2110613580","1998632536","8"
"2035946364","2110613580","0.25"
"2110613580","2035946364","0.25"
"2096322311","2110613580","0.25"
"2110613580","2096322311","0.25"
"1771395304","331957120","0.35"
"331957120","1771395304","0.35"
"1579191941","2244109919","0.25"
"2244109919","1579191941","0.25"
"2096322311","2244109919","0.25"
"2244109919","2096322311","0.25"
"2096322311","39511170","0.25"
"39511170","2096322311","0.25"
"2159123127","2244109919","0.25"
"2244109919","2159123127","0.25"
"2244109919","39511170","0.25"
"39511170","2244109919","0.25"
"1579191941","2368334247","1"
"2368334247","1579191941","1"
"1579191941","331957120","1"
"331957120","1579191941","1"
"1581288914","331957120","0.666667"
"331957120","1581288914","0.666667"
"169715687","198968302","4.16667"
"198968302","169715687","4.16667"
"198968302","2331631852","1.58333"
"2331631852","198968302","1.58333"
"198968302","2519250431","2.33333"
"2519250431","198968302","2.33333"
"169715687","2132849374","0.166667"
"2132849374","169715687","0.166667"
"169715687","2135850590","0.166667"
"2135850590","169715687","0.166667"
"2132849374","2331631852","0.166667"
"2331631852","2132849374","0.166667"
"2132849374","2519250431","0.166667"
"2519250431","2132849374","0.166667"
"2135850590","2331631852","0.166667"
"2331631852","2135850590","0.166667"
"2135850590","2519250431","0.166667"
"2519250431","2135850590","0.166667"
"191897500","198968302","0.25"
"198968302","191897500","0.25"
"1987099836","198968302","0.166667"
"198968302","1987099836","0.166667"
"198968302","2996283780","0.333333"
"2996283780","198968302","0.333333"
"179232145","2996283780","0.458333"
"2996283780","179232145","0.458333"
"198968302","2406048721","0.666667"
"2406048721","198968302","0.666667"
"169715687","2002432783","0.125"
"2002432783","169715687","0.125"
"179232145","2002432783","0.375"
"2002432783","179232145","0.375"
"191897500","2002432783","0.625"
"2002432783","191897500","0.625"
"2002432783","2126099446","4.475"
"2126099446","2002432783","4.475"
"2002432783","2331631852","0.125"
"2331631852","2002432783","0.125"
"2002432783","2406048721","0.225"
"2406048721","2002432783","0.225"
"2002432783","2519250431","0.225"
"2519250431","2002432783","0.225"
"2002432783","2996283780","0.225"
"2996283780","2002432783","0.225"
"169715687","2891560655","0.25"
"2891560655","169715687","0.25"
"2331631852","2891560655","0.25"
"2891560655","2331631852","0.25"
"2519250431","2891560655","0.25"
"2891560655","2519250431","0.25"
"2891560655","2996283780","0.25"
"2996283780","2891560655","0.25"
"169715687","2168781532","0.333333"
"2168781532","169715687","0.333333"
"179232145","2168781532","0.666667"
"2168781532","179232145","0.666667"
"198968302","2168781532","0.333333"
"2168781532","198968302","0.333333"
"1732493212","1989417520","26.1833"
"1989417520","1732493212","26.1833"
"1732493212","2002432783","0.933333"
"2002432783","1732493212","0.933333"
"1732493212","2126099446","0.1"
"2126099446","1732493212","0.1"
"1732493212","2406048721","0.35"
"2406048721","1732493212","0.35"
"1732493212","2519250431","0.35"
"2519250431","1732493212","0.35"
"1732493212","2773662615","1.18333"
"2773662615","1732493212","1.18333"
"1732493212","2888791883","2.01667"
"2888791883","1732493212","2.01667"
"1732493212","2986524475","2.68333"
"2986524475","1732493212","2.68333"
"1732493212","2996283780","0.1"
"2996283780","1732493212","0.1"
"1732493212","3010158807","0.1"
"3010158807","1732493212","0.1"
"1989417520","2002432783","0.433333"
"2002432783","1989417520","0.433333"
"1989417520","2126099446","0.1"
"2126099446","1989417520","0.1"
"1989417520","2406048721","0.1"
"2406048721","1989417520","0.1"
"1989417520","2519250431","0.1"
"2519250431","1989417520","0.1"
"1989417520","2773662615","0.85"
"2773662615","1989417520","0.85"
"1989417520","2888791883","1.68333"
"2888791883","1989417520","1.68333"
"1989417520","2986524475","1.1"
"2986524475","1989417520","1.1"
"1989417520","2996283780","0.1"
"2996283780","1989417520","0.1"
"1989417520","3010158807","0.1"
"3010158807","1989417520","0.1"
"2002432783","2773662615","0.1"
"2773662615","2002432783","0.1"
"2002432783","2888791883","0.433333"
"2888791883","2002432783","0.433333"
"2002432783","2986524475","0.1"
"2986524475","2002432783","0.1"
"2002432783","3010158807","0.1"
"3010158807","2002432783","0.1"
"2126099446","2773662615","0.1"
"2773662615","2126099446","0.1"
"2126099446","2888791883","0.1"
"2888791883","2126099446","0.1"
"2126099446","2986524475","0.1"
"2986524475","2126099446","0.1"
"2126099446","3010158807","0.1"
"3010158807","2126099446","0.1"
"2406048721","2773662615","1.1"
"2773662615","2406048721","1.1"
"2406048721","2888791883","0.2"
"2888791883","2406048721","0.2"
"2406048721","2986524475","0.35"
"2986524475","2406048721","0.35"
"2406048721","3010158807","0.2"
"3010158807","2406048721","0.2"
"2519250431","2773662615","0.1"
"2773662615","2519250431","0.1"
"2519250431","2888791883","0.2"
"2888791883","2519250431","0.2"
"2519250431","2986524475","0.35"
"2986524475","2519250431","0.35"
"2519250431","3010158807","0.2"
"3010158807","2519250431","0.2"
"2773662615","2888791883","1.68333"
"2888791883","2773662615","1.68333"
"2773662615","2986524475","0.433333"
"2986524475","2773662615","0.433333"
"2773662615","2996283780","0.1"
"2996283780","2773662615","0.1"
"2773662615","3010158807","1.1"
"3010158807","2773662615","1.1"
"2888791883","2986524475","8.43333"
"2986524475","2888791883","8.43333"
"2888791883","2996283780","0.1"
"2996283780","2888791883","0.1"
"2888791883","3010158807","15.45"
"3010158807","2888791883","15.45"
"2986524475","2996283780","0.1"
"2996283780","2986524475","0.1"
"2986524475","3010158807","7.1"
"3010158807","2986524475","7.1"
"2996283780","3010158807","0.1"
"3010158807","2996283780","0.1"
"1732493212","191897500","0.5"
"191897500","1732493212","0.5"
"1732493212","2331631852","0.25"
"2331631852","1732493212","0.25"
"2331631852","2986524475","0.25"
"2986524475","2331631852","0.25"
"1732493212","2368334247","0.25"
"2368334247","1732493212","0.25"
"1989417520","2368334247","0.25"
"2368334247","1989417520","0.25"
"2368334247","2773662615","0.25"
"2773662615","2368334247","0.25"
"2368334247","2888791883","0.35"
"2888791883","2368334247","0.35"
"1739536110","1994110553","0.311111"
"1994110553","1739536110","0.311111"
"1739536110","2041840703","0.2"
