"1494185004","2040753378","0.333333"
"2040753378","1494185004","0.333333"
"1494185004","2041388219","0.333333"
"2041388219","1494185004","0.333333"
"1494185004","2092499505","0.333333"
"2092499505","1494185004","0.333333"
"2040753378","2041388219","7.09583"
"2041388219","2040753378","7.09583"
"2040753378","2092499505","3.09583"
"2092499505","2040753378","3.09583"
"2041388219","2092499505","8.23869"
"2092499505","2041388219","8.23869"
"1494185004","2805379549","1"
"2805379549","1494185004","1"
"1494185004","2032872357","0.5"
"2032872357","1494185004","0.5"
"1494185004","2115612656","0.5"
"2115612656","1494185004","0.5"
"2032872357","2115612656","11"
"2115612656","2032872357","11"
"1499632417","2008440502","0.5"
"2008440502","1499632417","0.5"
"1499632417","66103958","2.0625"
"66103958","1499632417","2.0625"
"2008440502","66103958","0.5"
"66103958","2008440502","0.5"
"1499632417","2132204247","1"
"2132204247","1499632417","1"
"1499632417","2511623770","1.5625"
"2511623770","1499632417","1.5625"
"2511623770","66103958","0.5625"
"66103958","2511623770","0.5625"
"1499632417","188889760","0.0625"
"188889760","1499632417","0.0625"
"1499632417","1985620914","0.0625"
"1985620914","1499632417","0.0625"
"1499632417","2021557227","0.0625"
"2021557227","1499632417","0.0625"
"1499632417","2040753378","0.0625"
"2040753378","1499632417","0.0625"
"1499632417","2041388219","0.0625"
"2041388219","1499632417","0.0625"
"1499632417","2072807459","0.0625"
"2072807459","1499632417","0.0625"
"1499632417","2077405966","0.0625"
"2077405966","1499632417","0.0625"
"1499632417","2092499505","0.0625"
"2092499505","1499632417","0.0625"
"1499632417","2140690054","0.0625"
"2140690054","1499632417","0.0625"
"1499632417","2401717631","0.0625"
"2401717631","1499632417","0.0625"
"1499632417","2758976113","0.0625"
"2758976113","1499632417","0.0625"
"1499632417","2805379549","0.0625"
"2805379549","1499632417","0.0625"
"1499632417","2892096056","0.0625"
"2892096056","1499632417","0.0625"
"1499632417","2917247870","0.0625"
"2917247870","1499632417","0.0625"
"188889760","1985620914","0.395833"
"1985620914","188889760","0.395833"
"188889760","2021557227","0.0625"
"2021557227","188889760","0.0625"
"188889760","2040753378","0.0625"
"2040753378","188889760","0.0625"
"188889760","2041388219","0.0625"
"2041388219","188889760","0.0625"
"188889760","2072807459","0.0625"
"2072807459","188889760","0.0625"
"188889760","2077405966","0.6875"
"2077405966","188889760","0.6875"
"188889760","2092499505","0.0625"
"2092499505","188889760","0.0625"
"188889760","2140690054","0.7625"
"2140690054","188889760","0.7625"
"188889760","2401717631","0.0625"
"2401717631","188889760","0.0625"
"188889760","2511623770","0.0625"
"2511623770","188889760","0.0625"
"188889760","2758976113","0.0625"
"2758976113","188889760","0.0625"
"188889760","2805379549","0.0625"
"2805379549","188889760","0.0625"
"188889760","2892096056","0.0625"
"2892096056","188889760","0.0625"
"188889760","2917247870","0.5625"
"2917247870","188889760","0.5625"
"188889760","66103958","0.0625"
"66103958","188889760","0.0625"
"1985620914","2021557227","0.395833"
"2021557227","1985620914","0.395833"
"1985620914","2040753378","0.0625"
"2040753378","1985620914","0.0625"
"1985620914","2041388219","0.0625"
"2041388219","1985620914","0.0625"
"1985620914","2072807459","0.395833"
"2072807459","1985620914","0.395833"
"1985620914","2077405966","0.0625"
"2077405966","1985620914","0.0625"
"1985620914","2092499505","0.0625"
"2092499505","1985620914","0.0625"
"1985620914","2140690054","0.0625"
"2140690054","1985620914","0.0625"
"1985620914","2401717631","5.0625"
"2401717631","1985620914","5.0625"
"1985620914","2511623770","0.0625"
"2511623770","1985620914","0.0625"
"1985620914","2758976113","1.0625"
"2758976113","1985620914","1.0625"
"1985620914","2805379549","0.0625"
"2805379549","1985620914","0.0625"
"1985620914","2892096056","0.0625"
"2892096056","1985620914","0.0625"
"1985620914","2917247870","0.0625"
"2917247870","1985620914","0.0625"
"1985620914","66103958","0.0625"
"66103958","1985620914","0.0625"
"2021557227","2040753378","0.0625"
"2040753378","2021557227","0.0625"
"2021557227","2041388219","0.0625"
"2041388219","2021557227","0.0625"
"2021557227","2072807459","2.5625"
"2072807459","2021557227","2.5625"
"2021557227","2077405966","0.0625"
"2077405966","2021557227","0.0625"
"2021557227","2092499505","0.0625"
"2092499505","2021557227","0.0625"
"2021557227","2140690054","0.0625"
"2140690054","2021557227","0.0625"
"2021557227","2401717631","0.0625"
"2401717631","2021557227","0.0625"
"2021557227","2511623770","0.0625"
"2511623770","2021557227","0.0625"
"2021557227","2758976113","0.0625"
"2758976113","2021557227","0.0625"
"2021557227","2805379549","0.0625"
"2805379549","2021557227","0.0625"
"2021557227","2892096056","2.39583"
"2892096056","2021557227","2.39583"
"2021557227","2917247870","0.2625"
"2917247870","2021557227","0.2625"
"2021557227","66103958","0.0625"
"66103958","2021557227","0.0625"
"2040753378","2072807459","0.5625"
"2072807459","2040753378","0.5625"
"2040753378","2077405966","0.0625"
"2077405966","2040753378","0.0625"
"2040753378","2140690054","0.2625"
"2140690054","2040753378","0.2625"
"2040753378","2401717631","0.0625"
"2401717631","2040753378","0.0625"
"2040753378","2511623770","0.0625"
"2511623770","2040753378","0.0625"
"2040753378","2758976113","0.0625"
"2758976113","2040753378","0.0625"
"2040753378","2805379549","0.0625"
"2805379549","2040753378","0.0625"
"2040753378","2892096056","0.0625"
"2892096056","2040753378","0.0625"
"2040753378","2917247870","0.0625"
"2917247870","2040753378","0.0625"
"2040753378","66103958","6.0625"
"66103958","2040753378","6.0625"
"2041388219","2072807459","0.0625"
"2072807459","2041388219","0.0625"
"2041388219","2077405966","0.0625"
"2077405966","2041388219","0.0625"
"2041388219","2140690054","0.2625"
"2140690054","2041388219","0.2625"
"2041388219","2401717631","0.0625"
"2401717631","2041388219","0.0625"
"2041388219","2511623770","0.0625"
"2511623770","2041388219","0.0625"
"2041388219","2758976113","0.0625"
"2758976113","2041388219","0.0625"
"2041388219","2805379549","0.0625"
"2805379549","2041388219","0.0625"
"2041388219","2892096056","0.0625"
"2892096056","2041388219","0.0625"
"2041388219","2917247870","0.0625"
"2917247870","2041388219","0.0625"
"2041388219","66103958","1.0625"
"66103958","2041388219","1.0625"
"2072807459","2077405966","0.0625"
"2077405966","2072807459","0.0625"
"2072807459","2092499505","0.0625"
"2092499505","2072807459","0.0625"
"2072807459","2140690054","0.0625"
"2140690054","2072807459","0.0625"
"2072807459","2401717631","0.0625"
"2401717631","2072807459","0.0625"
"2072807459","2511623770","0.0625"
"2511623770","2072807459","0.0625"
"2072807459","2758976113","0.0625"
"2758976113","2072807459","0.0625"
"2072807459","2805379549","0.0625"
"2805379549","2072807459","0.0625"
"2072807459","2892096056","0.395833"
"2892096056","2072807459","0.395833"
"2072807459","2917247870","0.0625"
"2917247870","2072807459","0.0625"
"2072807459","66103958","2.5625"
"66103958","2072807459","2.5625"
"2077405966","2092499505","0.0625"
"2092499505","2077405966","0.0625"
"2077405966","2140690054","0.0625"
"2140690054","2077405966","0.0625"
"2077405966","2401717631","0.0625"
"2401717631","2077405966","0.0625"
"2077405966","2511623770","0.0625"
"2511623770","2077405966","0.0625"
"2077405966","2758976113","0.0625"
"2758976113","2077405966","0.0625"
"2077405966","2805379549","0.0625"
"2805379549","2077405966","0.0625"
"2077405966","2892096056","0.0625"
"2892096056","2077405966","0.0625"
"2077405966","2917247870","0.0625"
"2917247870","2077405966","0.0625"
"2077405966","66103958","0.0625"
"66103958","2077405966","0.0625"
"2092499505","2140690054","0.2625"
"2140690054","2092499505","0.2625"
"2092499505","2401717631","0.0625"
"2401717631","2092499505","0.0625"
"2092499505","2511623770","0.0625"
"2511623770","2092499505","0.0625"
"2092499505","2758976113","0.0625"
"2758976113","2092499505","0.0625"
"2092499505","2805379549","0.0625"
"2805379549","2092499505","0.0625"
"2092499505","2892096056","0.0625"
"2892096056","2092499505","0.0625"
"2092499505","2917247870","0.0625"
"2917247870","2092499505","0.0625"
"2092499505","66103958","1.0625"
"66103958","2092499505","1.0625"
"2140690054","2401717631","0.0625"
"2401717631","2140690054","0.0625"
"2140690054","2511623770","1.5625"
"2511623770","2140690054","1.5625"
"2140690054","2758976113","0.5625"
"2758976113","2140690054","0.5625"
"2140690054","2805379549","3.0625"
"2805379549","2140690054","3.0625"
"2140690054","2892096056","0.0625"
"2892096056","2140690054","0.0625"
"2140690054","2917247870","0.5625"
"2917247870","2140690054","0.5625"
"2140690054","66103958","0.0625"
"66103958","2140690054","0.0625"
"2401717631","2511623770","0.0625"
"2511623770","2401717631","0.0625"
"2401717631","2758976113","3.0625"
"2758976113","2401717631","3.0625"
"2401717631","2805379549","0.0625"
"2805379549","2401717631","0.0625"
"2401717631","2892096056","0.0625"
"2892096056","2401717631","0.0625"
"2401717631","2917247870","0.0625"
"2917247870","2401717631","0.0625"
"2401717631","66103958","0.0625"
"66103958","2401717631","0.0625"
"2511623770","2758976113","0.0625"
"2758976113","2511623770","0.0625"
"2511623770","2805379549","1.39583"
"2805379549","2511623770","1.39583"
"2511623770","2892096056","0.0625"
"2892096056","2511623770","0.0625"
"2511623770","2917247870","0.5625"
"2917247870","2511623770","0.5625"
"2758976113","2805379549","1.5625"
"2805379549","2758976113","1.5625"
"2758976113","2892096056","0.0625"
"2892096056","2758976113","0.0625"
"2758976113","2917247870","0.0625"
"2917247870","2758976113","0.0625"
"2758976113","66103958","0.0625"
"66103958","2758976113","0.0625"
"2805379549","2892096056","0.0625"
"2892096056","2805379549","0.0625"
"2805379549","2917247870","1.5625"
"2917247870","2805379549","1.5625"
"2805379549","66103958","0.0625"
"66103958","2805379549","0.0625"
"2892096056","2917247870","0.0625"
"2917247870","2892096056","0.0625"
"2892096056","66103958","0.0625"
"66103958","2892096056","0.0625"
"2917247870","66103958","0.0625"
"66103958","2917247870","0.0625"
"1543781359","1983953047","0.111111"
"1983953047","1543781359","0.111111"
"1543781359","2008440502","0.461111"
"2008440502","1543781359","0.461111"
"1543781359","2020271167","0.211111"
"2020271167","1543781359","0.211111"
"1543781359","2021065745","0.111111"
"2021065745","1543781359","0.111111"
"1543781359","2080224812","0.611111"
"2080224812","1543781359","0.611111"
"1543781359","2114543211","0.211111"
"2114543211","1543781359","0.211111"
"1543781359","2132204247","3.96111"
"2132204247","1543781359","3.96111"
"1543781359","2170235279","0.111111"
"2170235279","1543781359","0.111111"
"1543781359","2171166390","0.211111"
"2171166390","1543781359","0.211111"
"1983953047","2008440502","0.311111"
"2008440502","1983953047","0.311111"
"1983953047","2020271167","0.311111"
"2020271167","1983953047","0.311111"
"1983953047","2021065745","11.2361"
"2021065745","1983953047","11.2361"
"1983953047","2080224812","0.236111"
"2080224812","1983953047","0.236111"
"1983953047","2114543211","0.311111"
"2114543211","1983953047","0.311111"
"1983953047","2132204247","0.111111"
"2132204247","1983953047","0.111111"
"1983953047","2170235279","0.111111"
"2170235279","1983953047","0.111111"
"1983953047","2171166390","0.111111"
"2171166390","1983953047","0.111111"
"2008440502","2020271167","0.411111"
"2020271167","2008440502","0.411111"
"2008440502","2021065745","0.111111"
"2021065745","2008440502","0.111111"
"2008440502","2080224812","0.111111"
"2080224812","2008440502","0.111111"
"2008440502","2114543211","1.41111"
"2114543211","2008440502","1.41111"
"2008440502","2132204247","0.711111"
"2132204247","2008440502","0.711111"
"2008440502","2170235279","0.253968"
"2170235279","2008440502","0.253968"
"2008440502","2171166390","1.35397"
"2171166390","2008440502","1.35397"
"2020271167","2021065745","0.111111"
"2021065745","2020271167","0.111111"
"2020271167","2080224812","0.111111"
"2080224812","2020271167","0.111111"
"2020271167","2114543211","3.41111"
"2114543211","2020271167","3.41111"
"2020271167","2132204247","0.211111"
"2132204247","2020271167","0.211111"
"2020271167","2170235279","0.111111"
"2170235279","2020271167","0.111111"
"2020271167","2171166390","0.544444"
"2171166390","2020271167","0.544444"
"2021065745","2080224812","0.236111"
"2080224812","2021065745","0.236111"
"2021065745","2114543211","0.111111"
"2114543211","2021065745","0.111111"
"2021065745","2132204247","0.111111"
"2132204247","2021065745","0.111111"
"2021065745","2170235279","0.111111"
"2170235279","2021065745","0.111111"
"2021065745","2171166390","0.111111"
"2171166390","2021065745","0.111111"
"2080224812","2114543211","0.111111"
"2114543211","2080224812","0.111111"
"2080224812","2132204247","1.61111"
"2132204247","2080224812","1.61111"
"2080224812","2170235279","0.111111"
"2170235279","2080224812","0.111111"
"2080224812","2171166390","0.111111"
"2171166390","2080224812","0.111111"
"2114543211","2132204247","0.211111"
"2132204247","2114543211","0.211111"
"2114543211","2170235279","0.111111"
"2170235279","2114543211","0.111111"
"2114543211","2171166390","0.544444"
"2171166390","2114543211","0.544444"
"2132204247","2170235279","0.111111"
"2170235279","2132204247","0.111111"
"2132204247","2171166390","0.211111"
"2171166390","2132204247","0.211111"
"2170235279","2171166390","0.753968"
"2171166390","2170235279","0.753968"
"1543781359","1605756423","0.1"
"1605756423","1543781359","0.1"
"1543781359","1863762422","0.1"
"1863762422","1543781359","0.1"
"1543781359","2008120802","0.1"
"2008120802","1543781359","0.1"
"1543781359","2052884373","0.1"
"2052884373","1543781359","0.1"
"1543781359","2113838273","0.1"
"2113838273","1543781359","0.1"
"1605756423","1863762422","4.40952"
"1863762422","1605756423","4.40952"
"1605756423","2008120802","0.492857"
"2008120802","1605756423","0.492857"
"1605756423","2008440502","4.77619"
"2008440502","1605756423","4.77619"
"1605756423","2020271167","0.633333"
"2020271167","1605756423","0.633333"
"1605756423","2052884373","2.07619"
"2052884373","1605756423","2.07619"
"1605756423","2113838273","0.1"
"2113838273","1605756423","0.1"
"1605756423","2114543211","0.3"
"2114543211","1605756423","0.3"
"1605756423","2132204247","0.35"
"2132204247","1605756423","0.35"
"1605756423","2171166390","0.909524"
"2171166390","1605756423","0.909524"
"1863762422","2008120802","0.742857"
"2008120802","1863762422","0.742857"
"1863762422","2008440502","2.07619"
"2008440502","1863762422","2.07619"
"1863762422","2020271167","0.1"
"2020271167","1863762422","0.1"
"1863762422","2052884373","0.57619"
"2052884373","1863762422","0.57619"
"1863762422","2113838273","0.1"
"2113838273","1863762422","0.1"
"1863762422","2114543211","0.1"
"2114543211","1863762422","0.1"
"1863762422","2132204247","0.1"
"2132204247","1863762422","0.1"
"1863762422","2171166390","0.57619"
"2171166390","1863762422","0.57619"
"2008120802","2008440502","0.492857"
"2008440502","2008120802","0.492857"
"2008120802","2020271167","0.1"
"2020271167","2008120802","0.1"
"2008120802","2052884373","1.57619"
"2052884373","2008120802","1.57619"
"2008120802","2113838273","0.1"
"2113838273","2008120802","0.1"
"2008120802","2114543211","1.1"
"2114543211","2008120802","1.1"
"2008120802","2132204247","0.1"
"2132204247","2008120802","0.1"
"2008120802","2171166390","0.992857"
"2171166390","2008120802","0.992857"
"2008440502","2052884373","1.07619"
"2052884373","2008440502","1.07619"
"2008440502","2113838273","0.1"
"2113838273","2008440502","0.1"
"2020271167","2052884373","0.1"
"2052884373","2020271167","0.1"
"2020271167","2113838273","0.1"
"2113838273","2020271167","0.1"
"2052884373","2113838273","0.1"
"2113838273","2052884373","0.1"
"2052884373","2114543211","0.433333"
"2114543211","2052884373","0.433333"
"2052884373","2132204247","0.35"
"2132204247","2052884373","0.35"
"2052884373","2171166390","0.82619"
"2171166390","2052884373","0.82619"
"2113838273","2114543211","0.1"
"2114543211","2113838273","0.1"
"2113838273","2132204247","0.1"
"2132204247","2113838273","0.1"
"2113838273","2171166390","0.1"
"2171166390","2113838273","0.1"
"1543781359","2120622178","0.25"
"2120622178","1543781359","0.25"
"1543781359","2126395594","0.25"
"2126395594","1543781359","0.25"
"2008440502","2120622178","1.89286"
"2120622178","2008440502","1.89286"
"2008440502","2126395594","0.45"
"2126395594","2008440502","0.45"
"2120622178","2126395594","0.5"
"2126395594","2120622178","0.5"
"2120622178","2132204247","0.5"
"2132204247","2120622178","0.5"
"2126395594","2132204247","0.25"
"2132204247","2126395594","0.25"
"1543781359","1592400801","0.5"
"1592400801","1543781359","0.5"
"1543781359","2147697502","0.5"
"2147697502","1543781359","0.5"
"1592400801","2147697502","0.5"
"2147697502","1592400801","0.5"
"1568970904","188889760","0.125"
"188889760","1568970904","0.125"
"1568970904","2032787143","0.125"
"2032787143","1568970904","0.125"
"1568970904","2054293658","0.125"
"2054293658","1568970904","0.125"
"1568970904","2075702257","0.625"
"2075702257","1568970904","0.625"
"1568970904","2077405966","0.125"
"2077405966","1568970904","0.125"
"1568970904","2080224812","0.125"
"2080224812","1568970904","0.125"
"1568970904","2113838273","4.625"
"2113838273","1568970904","4.625"
"1568970904","346913860","0.125"
"346913860","1568970904","0.125"
"188889760","2032787143","0.45"
"2032787143","188889760","0.45"
"188889760","2054293658","5.7"
"2054293658","188889760","5.7"
"188889760","2075702257","0.25"
"2075702257","188889760","0.25"
"188889760","2080224812","0.45"
"2080224812","188889760","0.45"
"188889760","2113838273","0.125"
"2113838273","188889760","0.125"
"188889760","346913860","5.2"
"346913860","188889760","5.2"
"2032787143","2054293658","0.45"
"2054293658","2032787143","0.45"
"2032787143","2075702257","0.25"
"2075702257","2032787143","0.25"
"2032787143","2077405966","0.125"
"2077405966","2032787143","0.125"
"2032787143","2080224812","2.45"
"2080224812","2032787143","2.45"
"2032787143","2113838273","0.125"
"2113838273","2032787143","0.125"
"2032787143","346913860","0.45"
"346913860","2032787143","0.45"
"2054293658","2075702257","0.25"
"2075702257","2054293658","0.25"
"2054293658","2077405966","1.125"
"2077405966","2054293658","1.125"
"2054293658","2080224812","0.45"
"2080224812","2054293658","0.45"
"2054293658","2113838273","0.125"
"2113838273","2054293658","0.125"
"2054293658","346913860","10.2"
"346913860","2054293658","10.2"
"2075702257","2077405966","0.125"
"2077405966","2075702257","0.125"
"2075702257","2080224812","0.25"
"2080224812","2075702257","0.25"
"2075702257","2113838273","0.625"
"2113838273","2075702257","0.625"
"2075702257","346913860","0.25"
"346913860","2075702257","0.25"
"2077405966","2080224812","1.125"
"2080224812","2077405966","1.125"
"2077405966","2113838273","0.125"
"2113838273","2077405966","0.125"
"2077405966","346913860","0.625"
"346913860","2077405966","0.625"
"2080224812","2113838273","0.125"
"2113838273","2080224812","0.125"
"2080224812","346913860","0.45"
"346913860","2080224812","0.45"
"2113838273","346913860","0.125"
"346913860","2113838273","0.125"
"1605756423","2120622178","0.97619"
"2120622178","1605756423","0.97619"
"2008120802","2120622178","0.642857"
"2120622178","2008120802","0.642857"
"2052884373","2120622178","1.22619"
"2120622178","2052884373","1.22619"
"1605756423","1983953047","0.2"
"1983953047","1605756423","0.2"
"1605756423","2126395594","0.2"
"2126395594","1605756423","0.2"
"1983953047","2126395594","0.2"
"2126395594","1983953047","0.2"
"2020271167","2126395594","0.2"
"2126395594","2020271167","0.2"
"2114543211","2126395594","0.4"
"2126395594","2114543211","0.4"
"2020271167","2120622178","0.333333"
"2120622178","2020271167","0.333333"
"2120622178","2171166390","1.05952"
"2171166390","2120622178","1.05952"
"1605756423","2170235279","0.142857"
"2170235279","1605756423","0.142857"
"1863762422","2120622178","0.142857"
"2120622178","1863762422","0.142857"
"1863762422","2170235279","0.642857"
"2170235279","1863762422","0.642857"
"2008120802","2170235279","8.64286"
"2170235279","2008120802","8.64286"
"2052884373","2170235279","1.64286"
"2170235279","2052884373","1.64286"
"2120622178","2170235279","0.142857"
"2170235279","2120622178","0.142857"
"1605756423","2402410286","0.333333"
"2402410286","1605756423","0.333333"
"1863762422","2402410286","0.833333"
"2402410286","1863762422","0.833333"
"2171166390","2402410286","0.333333"
"2402410286","2171166390","0.333333"
"1608237398","1968428126","6.01667"
"1968428126","1608237398","6.01667"
"1608237398","2126395594","2.31667"
"2126395594","1608237398","2.31667"
"1608237398","2402410286","2.98333"
"2402410286","1608237398","2.98333"
"1968428126","2126395594","2.31667"
"2126395594","1968428126","2.31667"
"1968428126","2402410286","2.98333"
"2402410286","1968428126","2.98333"
"2126395594","2402410286","4.03333"
"2402410286","2126395594","4.03333"
"1608237398","2107664716","1.03333"
"2107664716","1608237398","1.03333"
"1968428126","2107664716","1.03333"
"2107664716","1968428126","1.03333"
"2107664716","2126395594","7.12619"
"2126395594","2107664716","7.12619"
"2107664716","2402410286","2.45"
"2402410286","2107664716","2.45"
"1608237398","2082974912","0.65"
"2082974912","1608237398","0.65"
"1968428126","2082974912","0.65"
"2082974912","1968428126","0.65"
"2082974912","2126395594","3.7"
"2126395594","2082974912","3.7"
"2082974912","2402410286","20.4"
"2402410286","2082974912","20.4"
"1608237398","2021557227","0.4"
"2021557227","1608237398","0.4"
"1608237398","2124031328","0.2"
"2124031328","1608237398","0.2"
"1968428126","2021557227","0.4"
"2021557227","1968428126","0.4"
"1968428126","2124031328","0.2"
"2124031328","1968428126","0.2"
"2021557227","2082974912","0.2"
"2082974912","2021557227","0.2"
"2021557227","2124031328","0.2"
"2124031328","2021557227","0.2"
"2021557227","2402410286","0.2"
"2402410286","2021557227","0.2"
"2082974912","2124031328","0.45"
"2124031328","2082974912","0.45"
"2124031328","2402410286","0.45"
"2402410286","2124031328","0.45"
"1608237398","2114543211","0.2"
"2114543211","1608237398","0.2"
"1608237398","2917247870","0.2"
"2917247870","1608237398","0.2"
"1968428126","2114543211","0.2"
"2114543211","1968428126","0.2"
"1968428126","2917247870","0.2"
"2917247870","1968428126","0.2"
"2021557227","2114543211","0.2"
"2114543211","2021557227","0.2"
"2021557227","2126395594","0.2"
"2126395594","2021557227","0.2"
"2114543211","2917247870","0.2"
"2917247870","2114543211","0.2"
"2126395594","2917247870","0.2"
"2917247870","2126395594","0.2"
"2082974912","2107664716","1.45"
"2107664716","2082974912","1.45"
"1863762422","2082974912","0.5"
"2082974912","1863762422","0.5"
"1863762422","2007757916","0.142857"
"2007757916","1863762422","0.142857"
"1863762422","2041388219","0.142857"
"2041388219","1863762422","0.142857"
"1863762422","2054293658","0.142857"
"2054293658","1863762422","0.142857"
"1863762422","2092499505","0.142857"
"2092499505","1863762422","0.142857"
"1863762422","2107664716","0.142857"
"2107664716","1863762422","0.142857"
"1863762422","2126395594","0.142857"
"2126395594","1863762422","0.142857"
"1863762422","2126813274","0.142857"
"2126813274","1863762422","0.142857"
"2007757916","2041388219","0.142857"
"2041388219","2007757916","0.142857"
"2007757916","2054293658","0.142857"
"2054293658","2007757916","0.142857"
"2007757916","2092499505","0.142857"
"2092499505","2007757916","0.142857"
"2007757916","2107664716","0.142857"
"2107664716","2007757916","0.142857"
"2007757916","2126395594","0.142857"
"2126395594","2007757916","0.142857"
"2007757916","2126813274","0.142857"
"2126813274","2007757916","0.142857"
"2041388219","2054293658","0.142857"
"2054293658","2041388219","0.142857"
"2041388219","2107664716","0.342857"
"2107664716","2041388219","0.342857"
"2041388219","2126395594","0.342857"
"2126395594","2041388219","0.342857"
"2041388219","2126813274","0.142857"
"2126813274","2041388219","0.142857"
"2054293658","2092499505","0.142857"
"2092499505","2054293658","0.142857"
"2054293658","2107664716","0.142857"
"2107664716","2054293658","0.142857"
"2054293658","2126395594","0.142857"
"2126395594","2054293658","0.142857"
"2054293658","2126813274","0.142857"
"2126813274","2054293658","0.142857"
"2092499505","2107664716","0.342857"
"2107664716","2092499505","0.342857"
"2092499505","2126395594","0.342857"
"2126395594","2092499505","0.342857"
"2092499505","2126813274","0.142857"
"2126813274","2092499505","0.142857"
"2107664716","2126813274","0.142857"
"2126813274","2107664716","0.142857"
"2126395594","2126813274","0.142857"
"2126813274","2126395594","0.142857"
"1985620914","2054293658","0.333333"
"2054293658","1985620914","0.333333"
"1985620914","346913860","0.333333"
"346913860","1985620914","0.333333"
"188889760","1994169370","0.666667"
"1994169370","188889760","0.666667"
"1994169370","2054293658","0.666667"
"2054293658","1994169370","0.666667"
"1994169370","346913860","0.666667"
"346913860","1994169370","0.666667"
"188889760","1983953047","0.125"
"1983953047","188889760","0.125"
"188889760","2021065745","0.125"
"2021065745","188889760","0.125"
"188889760","61249025","0.375"
"61249025","188889760","0.375"
"1983953047","2032787143","0.125"
"2032787143","1983953047","0.125"
"1983953047","2054293658","0.125"
"2054293658","1983953047","0.125"
"1983953047","2075702257","0.125"
"2075702257","1983953047","0.125"
"1983953047","346913860","0.125"
"346913860","1983953047","0.125"
"1983953047","61249025","0.125"
"61249025","1983953047","0.125"
"2021065745","2032787143","0.125"
"2032787143","2021065745","0.125"
"2021065745","2054293658","0.125"
"2054293658","2021065745","0.125"
"2021065745","2075702257","0.125"
"2075702257","2021065745","0.125"
"2021065745","346913860","0.125"
"346913860","2021065745","0.125"
"2021065745","61249025","0.125"
"61249025","2021065745","0.125"
"2032787143","61249025","1.625"
"61249025","2032787143","1.625"
"2054293658","61249025","0.375"
"61249025","2054293658","0.375"
"2075702257","61249025","0.125"
"61249025","2075702257","0.125"
"2080224812","61249025","4.625"
"61249025","2080224812","4.625"
"346913860","61249025","0.375"
"61249025","346913860","0.375"
"188889760","2919478601","0.25"
"2919478601","188889760","0.25"
"2054293658","2919478601","1.75"
"2919478601","2054293658","1.75"
"2919478601","346913860","2.75"
"346913860","2919478601","2.75"
"2919478601","61249025","0.25"
"61249025","2919478601","0.25"
"2032787143","2140690054","1.2"
"2140690054","2032787143","1.2"
"2054293658","2140690054","0.2"
"2140690054","2054293658","0.2"
"2080224812","2140690054","0.2"
"2140690054","2080224812","0.2"
"2140690054","346913860","0.2"
"346913860","2140690054","0.2"
"1983953047","2917247870","1"
"2917247870","1983953047","1"
"1985620914","2080224812","2.5"
"2080224812","1985620914","2.5"
"1985620914","2294826626","0.333333"
"2294826626","1985620914","0.333333"
"2021557227","2294826626","3.16667"
"2294826626","2021557227","3.16667"
"2072807459","2294826626","1.16667"
"2294826626","2072807459","1.16667"
"1985620914","2032787143","0.5"
"2032787143","1985620914","0.5"
"1994169370","2021557227","0.5"
"2021557227","1994169370","0.5"
"1994169370","2035248979","0.5"
"2035248979","1994169370","0.5"
"2021557227","2035248979","12.1667"
"2035248979","2021557227","12.1667"
"2007757916","2008120802","1"
"2008120802","2007757916","1"
"2008120802","2126395594","0.25"
"2126395594","2008120802","0.25"
"2052884373","2126395594","0.25"
"2126395594","2052884373","0.25"
"2126395594","2171166390","0.25"
"2171166390","2126395594","0.25"
"2008120802","2511623770","0.333333"
"2511623770","2008120802","0.333333"
"2008120802","2805379549","0.333333"
"2805379549","2008120802","0.333333"
"2052884373","2511623770","0.333333"
"2511623770","2052884373","0.333333"
"2052884373","2805379549","0.333333"
"2805379549","2052884373","0.333333"
"2008440502","2908805957","1"
"2908805957","2008440502","1"
"2035248979","2294826626","1.33333"
"2294826626","2035248979","1.33333"
"2035248979","2072807459","2.66667"
"2072807459","2035248979","2.66667"
"2035248979","2892096056","0.333333"
"2892096056","2035248979","0.333333"
"2032787143","2758976113","1"
"2758976113","2032787143","1"
"2032872357","2126813274","6.5"
"2126813274","2032872357","6.5"
"2032872357","2040753378","1"
"2040753378","2032872357","1"
"2115612656","2126813274","0.5"
"2126813274","2115612656","0.5"
"2037290063","2201294653","9"
"2201294653","2037290063","9"
"2040753378","2402410286","1"
"2402410286","2040753378","1"
"2040753378","2107664716","0.2"
"2107664716","2040753378","0.2"
"2040753378","2126395594","0.7"
"2126395594","2040753378","0.7"
"2107664716","2140690054","0.2"
"2140690054","2107664716","0.2"
"2126395594","2140690054","0.2"
"2140690054","2126395594","0.2"
"2126395594","66103958","0.5"
"66103958","2126395594","0.5"
"2114543211","2120622178","0.333333"
"2120622178","2114543211","0.333333"
"2107664716","2124031328","0.25"
"2124031328","2107664716","0.25"
"2124031328","2126395594","0.25"
"2126395594","2124031328","0.25"
"2113838273","2140690054","0.5"
"2140690054","2113838273","0.5"
"2113838273","61249025","0.5"
"61249025","2113838273","0.5"
"2140690054","61249025","0.5"
"61249025","2140690054","0.5"
"2140690054","2919478601","1"
"2919478601","2140690054","1"
"2793317603","2917247870","7"
"2917247870","2793317603","7"
"2793317603","2805379549","1"
"2805379549","2793317603","1"
