"1504598460","2740647190","4.27778"
"2740647190","1504598460","4.27778"
"1504598460","2067662418","1.27778"
"2067662418","1504598460","1.27778"
"1504598460","2031317221","2.16667"
"2031317221","1504598460","2.16667"
"1504598460","2131599243","1.5"
"2131599243","1504598460","1.5"
"1504598460","1551074560","0.111111"
"1551074560","1504598460","0.111111"
"1504598460","197400963","0.111111"
"197400963","1504598460","0.111111"
"1504598460","2009346361","0.111111"
"2009346361","1504598460","0.111111"
"1504598460","2011265791","0.111111"
"2011265791","1504598460","0.111111"
"1504598460","2040482385","0.111111"
"2040482385","1504598460","0.111111"
"1504598460","2052398840","0.111111"
"2052398840","1504598460","0.111111"
"1504598460","2120794229","0.111111"
"2120794229","1504598460","0.111111"
"1551074560","197400963","0.111111"
"197400963","1551074560","0.111111"
"1551074560","2009346361","0.861111"
"2009346361","1551074560","0.861111"
"1551074560","2011265791","0.111111"
"2011265791","1551074560","0.111111"
"1551074560","2040482385","0.111111"
"2040482385","1551074560","0.111111"
"1551074560","2052398840","0.111111"
"2052398840","1551074560","0.111111"
"1551074560","2067662418","0.361111"
"2067662418","1551074560","0.361111"
"1551074560","2120794229","1.44444"
"2120794229","1551074560","1.44444"
"1551074560","2740647190","0.111111"
"2740647190","1551074560","0.111111"
"197400963","2009346361","0.188034"
"2009346361","197400963","0.188034"
"197400963","2011265791","6.37778"
"2011265791","197400963","6.37778"
"197400963","2040482385","0.271368"
"2040482385","197400963","0.271368"
"197400963","2052398840","0.371368"
"2052398840","197400963","0.371368"
"197400963","2067662418","0.188034"
"2067662418","197400963","0.188034"
"197400963","2120794229","0.294444"
"2120794229","197400963","0.294444"
"197400963","2740647190","0.111111"
"2740647190","197400963","0.111111"
"2009346361","2011265791","0.111111"
"2011265791","2009346361","0.111111"
"2009346361","2040482385","0.396368"
"2040482385","2009346361","0.396368"
"2009346361","2052398840","0.354701"
"2052398840","2009346361","0.354701"
"2009346361","2067662418","5.84875"
"2067662418","2009346361","5.84875"
"2009346361","2120794229","0.111111"
"2120794229","2009346361","0.111111"
"2009346361","2740647190","0.152778"
"2740647190","2009346361","0.152778"
"2011265791","2040482385","0.394444"
"2040482385","2011265791","0.394444"
"2011265791","2052398840","0.294444"
"2052398840","2011265791","0.294444"
"2011265791","2067662418","0.111111"
"2067662418","2011265791","0.111111"
"2011265791","2120794229","0.419444"
"2120794229","2011265791","0.419444"
"2011265791","2740647190","0.111111"
"2740647190","2011265791","0.111111"
"2040482385","2052398840","0.438034"
"2052398840","2040482385","0.438034"
"2040482385","2067662418","0.396368"
"2067662418","2040482385","0.396368"
"2040482385","2120794229","0.194444"
"2120794229","2040482385","0.194444"
"2040482385","2740647190","0.152778"
"2740647190","2040482385","0.152778"
"2052398840","2067662418","1.3547"
"2067662418","2052398840","1.3547"
"2052398840","2120794229","4.99444"
"2120794229","2052398840","4.99444"
"2052398840","2740647190","0.111111"
"2740647190","2052398840","0.111111"
"2067662418","2120794229","0.944444"
"2120794229","2067662418","0.944444"
"2067662418","2740647190","0.152778"
"2740647190","2067662418","0.152778"
"2120794229","2740647190","0.111111"
"2740647190","2120794229","0.111111"
"1504598460","1978063867","0.333333"
"1978063867","1504598460","0.333333"
"1504598460","2027526469","0.5"
"2027526469","1504598460","0.5"
"1978063867","2027526469","1.45833"
"2027526469","1978063867","1.45833"
"1978063867","2740647190","0.375"
"2740647190","1978063867","0.375"
"2027526469","2740647190","0.375"
"2740647190","2027526469","0.375"
"2131599243","2740647190","0.541667"
"2740647190","2131599243","0.541667"
"1504598460","1555474482","0.333333"
"1555474482","1504598460","0.333333"
"1504598460","2770576712","0.333333"
"2770576712","1504598460","0.333333"
"1555474482","2740647190","0.333333"
"2740647190","1555474482","0.333333"
"1555474482","2770576712","0.333333"
"2770576712","1555474482","0.333333"
"2740647190","2770576712","0.333333"
"2770576712","2740647190","0.333333"
"1504598460","1546738280","0.166667"
"1546738280","1504598460","0.166667"
"1504598460","1987567938","0.166667"
"1987567938","1504598460","0.166667"
"1504598460","2152981127","0.166667"
"2152981127","1504598460","0.166667"
"1546738280","1987567938","1.16667"
"1987567938","1546738280","1.16667"
"1546738280","2027526469","0.208333"
"2027526469","1546738280","0.208333"
"1546738280","2031317221","0.208333"
"2031317221","1546738280","0.208333"
"1546738280","2067662418","0.458333"
"2067662418","1546738280","0.458333"
"1546738280","2152981127","0.166667"
"2152981127","1546738280","0.166667"
"1987567938","2027526469","0.416667"
"2027526469","1987567938","0.416667"
"1987567938","2031317221","0.416667"
"2031317221","1987567938","0.416667"
"1987567938","2067662418","0.666667"
"2067662418","1987567938","0.666667"
"1987567938","2152981127","0.416667"
"2152981127","1987567938","0.416667"
"2027526469","2031317221","3.29597"
"2031317221","2027526469","3.29597"
"2027526469","2067662418","1.32097"
"2067662418","2027526469","1.32097"
"2027526469","2152981127","0.61859"
"2152981127","2027526469","0.61859"
"2031317221","2067662418","3.32097"
"2067662418","2031317221","3.32097"
"2031317221","2152981127","0.61859"
"2152981127","2031317221","0.61859"
"2067662418","2152981127","0.49359"
"2152981127","2067662418","0.49359"
"153496934","2344827915","12"
"2344827915","153496934","12"
"153496934","1599730494","0.0769231"
"1599730494","153496934","0.0769231"
"153496934","197400963","0.0769231"
"197400963","153496934","0.0769231"
"153496934","2009346361","0.0769231"
"2009346361","153496934","0.0769231"
"153496934","2027526469","0.0769231"
"2027526469","153496934","0.0769231"
"153496934","2031317221","0.0769231"
"2031317221","153496934","0.0769231"
"153496934","2040482385","0.0769231"
"2040482385","153496934","0.0769231"
"153496934","2052398840","0.0769231"
"2052398840","153496934","0.0769231"
"153496934","2067662418","0.0769231"
"2067662418","153496934","0.0769231"
"153496934","2072840758","0.0769231"
"2072840758","153496934","0.0769231"
"153496934","2076800006","0.0769231"
"2076800006","153496934","0.0769231"
"153496934","2151682009","0.0769231"
"2151682009","153496934","0.0769231"
"153496934","2152981127","0.0769231"
"2152981127","153496934","0.0769231"
"153496934","828169548","1.07692"
"828169548","153496934","1.07692"
"1599730494","197400963","0.510256"
"197400963","1599730494","0.510256"
"1599730494","2009346361","0.529304"
"2009346361","1599730494","0.529304"
"1599730494","2027526469","0.445971"
"2027526469","1599730494","0.445971"
"1599730494","2031317221","1.8793"
"2031317221","1599730494","1.8793"
"1599730494","2040482385","0.660256"
"2040482385","1599730494","0.660256"
"1599730494","2052398840","0.426923"
"2052398840","1599730494","0.426923"
"1599730494","2067662418","0.529304"
"2067662418","1599730494","0.529304"
"1599730494","2072840758","0.510256"
"2072840758","1599730494","0.510256"
"1599730494","2076800006","3.15311"
"2076800006","1599730494","3.15311"
"1599730494","2151682009","0.0769231"
"2151682009","1599730494","0.0769231"
"1599730494","2152981127","0.0769231"
"2152981127","1599730494","0.0769231"
"1599730494","828169548","0.0769231"
"828169548","1599730494","0.0769231"
"197400963","2027526469","0.160256"
"2027526469","197400963","0.160256"
"197400963","2031317221","1.76026"
"2031317221","197400963","1.76026"
"197400963","2072840758","9.84359"
"2072840758","197400963","9.84359"
"197400963","2076800006","0.176923"
"2076800006","197400963","0.176923"
"197400963","2151682009","0.0769231"
"2151682009","197400963","0.0769231"
"197400963","2152981127","0.0769231"
"2152981127","197400963","0.0769231"
"197400963","828169548","0.0769231"
"828169548","197400963","0.0769231"
"2009346361","2027526469","0.904304"
"2027526469","2009346361","0.904304"
"2009346361","2031317221","0.404304"
"2031317221","2009346361","0.404304"
"2009346361","2072840758","0.0769231"
"2072840758","2009346361","0.0769231"
"2009346361","2076800006","0.261447"
"2076800006","2009346361","0.261447"
"2009346361","2151682009","0.0769231"
"2151682009","2009346361","0.0769231"
"2009346361","2152981127","0.0769231"
"2152981127","2009346361","0.0769231"
"2009346361","828169548","0.11859"
"828169548","2009346361","0.11859"
"2027526469","2040482385","0.401923"
"2040482385","2027526469","0.401923"
"2027526469","2052398840","0.360256"
"2052398840","2027526469","0.360256"
"2027526469","2072840758","0.685256"
"2072840758","2027526469","0.685256"
"2027526469","2076800006","0.628114"
"2076800006","2027526469","0.628114"
"2027526469","2151682009","0.24359"
"2151682009","2027526469","0.24359"
"2027526469","828169548","0.11859"
"828169548","2027526469","0.11859"
"2031317221","2040482385","0.735256"
"2040482385","2031317221","0.735256"
"2031317221","2052398840","0.960256"
"2052398840","2031317221","0.960256"
"2031317221","2072840758","3.53526"
"2072840758","2031317221","3.53526"
"2031317221","2076800006","2.31145"
"2076800006","2031317221","2.31145"
"2031317221","2151682009","0.24359"
"2151682009","2031317221","0.24359"
"2031317221","828169548","0.11859"
"828169548","2031317221","0.11859"
"2040482385","2072840758","0.360256"
"2072840758","2040482385","0.360256"
"2040482385","2076800006","0.451923"
"2076800006","2040482385","0.451923"
"2040482385","2151682009","0.0769231"
"2151682009","2040482385","0.0769231"
"2040482385","2152981127","0.0769231"
"2152981127","2040482385","0.0769231"
"2040482385","828169548","0.11859"
"828169548","2040482385","0.11859"
"2052398840","2072840758","0.260256"
"2072840758","2052398840","0.260256"
"2052398840","2076800006","1.87692"
"2076800006","2052398840","1.87692"
"2052398840","2151682009","0.0769231"
"2151682009","2052398840","0.0769231"
"2052398840","2152981127","0.0769231"
"2152981127","2052398840","0.0769231"
"2052398840","828169548","0.0769231"
"828169548","2052398840","0.0769231"
"2067662418","2072840758","0.0769231"
"2072840758","2067662418","0.0769231"
"2067662418","2076800006","0.59478"
"2076800006","2067662418","0.59478"
"2067662418","2151682009","0.0769231"
"2151682009","2067662418","0.0769231"
"2067662418","828169548","0.11859"
"828169548","2067662418","0.11859"
"2072840758","2076800006","0.676923"
"2076800006","2072840758","0.676923"
"2072840758","2151682009","0.276923"
"2151682009","2072840758","0.276923"
"2072840758","2152981127","0.201923"
"2152981127","2072840758","0.201923"
"2072840758","828169548","0.0769231"
"828169548","2072840758","0.0769231"
"2076800006","2151682009","0.24359"
"2151682009","2076800006","0.24359"
"2076800006","2152981127","3.07692"
"2152981127","2076800006","3.07692"
"2076800006","828169548","0.11859"
"828169548","2076800006","0.11859"
"2151682009","2152981127","0.0769231"
"2152981127","2151682009","0.0769231"
"2151682009","828169548","0.0769231"
"828169548","2151682009","0.0769231"
"2152981127","828169548","0.0769231"
"828169548","2152981127","0.0769231"
"1546738280","2019848184","4"
"2019848184","1546738280","4"
"1987567938","2019848184","0.5"
"2019848184","1987567938","0.5"
"1546738280","1546994288","12.4583"
"1546994288","1546738280","12.4583"
"1546994288","2019848184","12"
"2019848184","1546994288","12"
"1546738280","1967766192","0.0416667"
"1967766192","1546738280","0.0416667"
"1546738280","1972709099","0.0416667"
"1972709099","1546738280","0.0416667"
"1546738280","1978063867","0.875"
"1978063867","1546738280","0.875"
"1546738280","1998859321","0.0416667"
"1998859321","1546738280","0.0416667"
"1546738280","2009346361","0.625"
"2009346361","1546738280","0.625"
"1546738280","2020539781","0.0416667"
"2020539781","1546738280","0.0416667"
"1546738280","2040482385","0.0416667"
"2040482385","1546738280","0.0416667"
"1546738280","2040852594","0.0416667"
"2040852594","1546738280","0.0416667"
"1546738280","2058881339","0.0416667"
"2058881339","1546738280","0.0416667"
"1546738280","2076800006","0.0416667"
"2076800006","1546738280","0.0416667"
"1546738280","2099324655","0.0416667"
"2099324655","1546738280","0.0416667"
"1546738280","2117479964","0.0416667"
"2117479964","1546738280","0.0416667"
"1546738280","2131599243","0.0416667"
"2131599243","1546738280","0.0416667"
"1546738280","2141777121","0.0416667"
"2141777121","1546738280","0.0416667"
"1546738280","2321109263","0.625"
"2321109263","1546738280","0.625"
"1546738280","2539375020","0.0416667"
"2539375020","1546738280","0.0416667"
"1546738280","2595442053","0.0416667"
"2595442053","1546738280","0.0416667"
"1546738280","2740647190","0.0416667"
"2740647190","1546738280","0.0416667"
"1546738280","2902426751","0.0416667"
"2902426751","1546738280","0.0416667"
"1546738280","828169548","0.0416667"
"828169548","1546738280","0.0416667"
"1546994288","1967766192","0.0416667"
"1967766192","1546994288","0.0416667"
"1546994288","1972709099","0.0416667"
"1972709099","1546994288","0.0416667"
"1546994288","1978063867","1.70833"
"1978063867","1546994288","1.70833"
"1546994288","1998859321","0.0416667"
"1998859321","1546994288","0.0416667"
"1546994288","2009346361","1.45833"
"2009346361","1546994288","1.45833"
"1546994288","2020539781","0.0416667"
"2020539781","1546994288","0.0416667"
"1546994288","2027526469","0.0416667"
"2027526469","1546994288","0.0416667"
"1546994288","2031317221","0.0416667"
"2031317221","1546994288","0.0416667"
"1546994288","2040482385","0.0416667"
"2040482385","1546994288","0.0416667"
"1546994288","2040852594","0.0416667"
"2040852594","1546994288","0.0416667"
"1546994288","2058881339","0.0416667"
"2058881339","1546994288","0.0416667"
"1546994288","2067662418","1.125"
"2067662418","1546994288","1.125"
"1546994288","2076800006","0.0416667"
"2076800006","1546994288","0.0416667"
"1546994288","2099324655","0.0416667"
"2099324655","1546994288","0.0416667"
"1546994288","2117479964","0.0416667"
"2117479964","1546994288","0.0416667"
"1546994288","2131599243","0.0416667"
"2131599243","1546994288","0.0416667"
"1546994288","2141777121","0.0416667"
"2141777121","1546994288","0.0416667"
"1546994288","2321109263","0.625"
"2321109263","1546994288","0.625"
"1546994288","2539375020","0.0416667"
"2539375020","1546994288","0.0416667"
"1546994288","2595442053","0.0416667"
"2595442053","1546994288","0.0416667"
"1546994288","2740647190","0.0416667"
"2740647190","1546994288","0.0416667"
"1546994288","2902426751","0.0416667"
"2902426751","1546994288","0.0416667"
"1546994288","828169548","0.0416667"
"828169548","1546994288","0.0416667"
"1967766192","1972709099","0.0416667"
"1972709099","1967766192","0.0416667"
"1967766192","1978063867","0.0416667"
"1978063867","1967766192","0.0416667"
"1967766192","1998859321","0.0416667"
"1998859321","1967766192","0.0416667"
"1967766192","2009346361","0.184524"
"2009346361","1967766192","0.184524"
"1967766192","2020539781","0.208333"
"2020539781","1967766192","0.208333"
"1967766192","2027526469","0.87619"
"2027526469","1967766192","0.87619"
"1967766192","2031317221","0.87619"
"2031317221","1967766192","0.87619"
"1967766192","2040482385","0.241667"
"2040482385","1967766192","0.241667"
"1967766192","2040852594","0.0416667"
"2040852594","1967766192","0.0416667"
"1967766192","2058881339","0.0416667"
"2058881339","1967766192","0.0416667"
"1967766192","2067662418","0.184524"
"2067662418","1967766192","0.184524"
"1967766192","2076800006","0.208333"
"2076800006","1967766192","0.208333"
"1967766192","2099324655","0.0416667"
"2099324655","1967766192","0.0416667"
"1967766192","2117479964","0.0416667"
"2117479964","1967766192","0.0416667"
"1967766192","2131599243","0.0416667"
"2131599243","1967766192","0.0416667"
"1967766192","2141777121","0.0416667"
"2141777121","1967766192","0.0416667"
"1967766192","2321109263","0.0416667"
"2321109263","1967766192","0.0416667"
"1967766192","2539375020","0.0416667"
"2539375020","1967766192","0.0416667"
"1967766192","2595442053","0.0416667"
"2595442053","1967766192","0.0416667"
"1967766192","2740647190","0.0416667"
"2740647190","1967766192","0.0416667"
"1967766192","2902426751","0.0416667"
"2902426751","1967766192","0.0416667"
"1967766192","828169548","0.0416667"
"828169548","1967766192","0.0416667"
"1972709099","1978063867","0.0416667"
"1978063867","1972709099","0.0416667"
"1972709099","1998859321","0.0416667"
"1998859321","1972709099","0.0416667"
"1972709099","2009346361","0.0416667"
"2009346361","1972709099","0.0416667"
"1972709099","2020539781","0.0416667"
"2020539781","1972709099","0.0416667"
"1972709099","2027526469","0.0416667"
"2027526469","1972709099","0.0416667"
"1972709099","2031317221","0.0416667"
"2031317221","1972709099","0.0416667"
"1972709099","2040482385","0.0416667"
"2040482385","1972709099","0.0416667"
"1972709099","2040852594","0.0416667"
"2040852594","1972709099","0.0416667"
"1972709099","2058881339","0.0416667"
"2058881339","1972709099","0.0416667"
"1972709099","2067662418","0.0416667"
"2067662418","1972709099","0.0416667"
"1972709099","2076800006","0.0416667"
"2076800006","1972709099","0.0416667"
"1972709099","2099324655","0.0416667"
"2099324655","1972709099","0.0416667"
"1972709099","2117479964","0.0416667"
"2117479964","1972709099","0.0416667"
"1972709099","2131599243","0.0416667"
"2131599243","1972709099","0.0416667"
"1972709099","2141777121","0.0416667"
"2141777121","1972709099","0.0416667"
"1972709099","2321109263","0.0416667"
"2321109263","1972709099","0.0416667"
"1972709099","2539375020","0.0416667"
"2539375020","1972709099","0.0416667"
"1972709099","2595442053","0.0416667"
"2595442053","1972709099","0.0416667"
"1972709099","2740647190","0.0416667"
"2740647190","1972709099","0.0416667"
"1972709099","2902426751","0.0416667"
"2902426751","1972709099","0.0416667"
"1972709099","828169548","0.0416667"
"828169548","1972709099","0.0416667"
"1978063867","1998859321","0.0416667"
"1998859321","1978063867","0.0416667"
"1978063867","2009346361","0.958333"
"2009346361","1978063867","0.958333"
"1978063867","2020539781","0.0416667"
"2020539781","1978063867","0.0416667"
"1978063867","2031317221","0.625"
"2031317221","1978063867","0.625"
"1978063867","2040482385","0.125"
"2040482385","1978063867","0.125"
"1978063867","2040852594","0.0416667"
"2040852594","1978063867","0.0416667"
"1978063867","2058881339","0.0416667"
"2058881339","1978063867","0.0416667"
"1978063867","2067662418","1.125"
"2067662418","1978063867","1.125"
"1978063867","2076800006","0.541667"
"2076800006","1978063867","0.541667"
"1978063867","2099324655","0.0416667"
"2099324655","1978063867","0.0416667"
"1978063867","2117479964","0.0416667"
"2117479964","1978063867","0.0416667"
"1978063867","2131599243","0.541667"
"2131599243","1978063867","0.541667"
"1978063867","2141777121","0.0416667"
"2141777121","1978063867","0.0416667"
"1978063867","2321109263","0.0416667"
"2321109263","1978063867","0.0416667"
"1978063867","2539375020","0.0416667"
"2539375020","1978063867","0.0416667"
"1978063867","2595442053","0.0416667"
"2595442053","1978063867","0.0416667"
"1978063867","2902426751","0.0416667"
"2902426751","1978063867","0.0416667"
"1978063867","828169548","0.0416667"
"828169548","1978063867","0.0416667"
"1998859321","2009346361","0.0416667"
"2009346361","1998859321","0.0416667"
"1998859321","2020539781","0.0416667"
"2020539781","1998859321","0.0416667"
"1998859321","2027526469","0.0416667"
"2027526469","1998859321","0.0416667"
"1998859321","2031317221","0.0416667"
"2031317221","1998859321","0.0416667"
"1998859321","2040482385","0.0416667"
"2040482385","1998859321","0.0416667"
"1998859321","2040852594","0.0416667"
"2040852594","1998859321","0.0416667"
"1998859321","2058881339","0.541667"
"2058881339","1998859321","0.541667"
"1998859321","2067662418","0.0416667"
"2067662418","1998859321","0.0416667"
"1998859321","2076800006","0.0416667"
"2076800006","1998859321","0.0416667"
"1998859321","2099324655","0.0416667"
"2099324655","1998859321","0.0416667"
"1998859321","2117479964","0.541667"
"2117479964","1998859321","0.541667"
"1998859321","2131599243","0.0416667"
"2131599243","1998859321","0.0416667"
"1998859321","2141777121","0.0416667"
"2141777121","1998859321","0.0416667"
"1998859321","2321109263","0.0416667"
"2321109263","1998859321","0.0416667"
"1998859321","2539375020","0.0416667"
"2539375020","1998859321","0.0416667"
"1998859321","2595442053","0.0416667"
"2595442053","1998859321","0.0416667"
"1998859321","2740647190","0.0416667"
"2740647190","1998859321","0.0416667"
"1998859321","2902426751","0.0416667"
"2902426751","1998859321","0.0416667"
"1998859321","828169548","0.0416667"
"828169548","1998859321","0.0416667"
"2009346361","2020539781","0.0416667"
"2020539781","2009346361","0.0416667"
"2009346361","2040852594","0.0416667"
"2040852594","2009346361","0.0416667"
"2009346361","2058881339","0.0416667"
"2058881339","2009346361","0.0416667"
"2009346361","2099324655","0.208333"
"2099324655","2009346361","0.208333"
"2009346361","2117479964","0.0416667"
"2117479964","2009346361","0.0416667"
"2009346361","2131599243","0.0416667"
"2131599243","2009346361","0.0416667"
"2009346361","2141777121","0.0416667"
"2141777121","2009346361","0.0416667"
"2009346361","2321109263","0.291667"
"2321109263","2009346361","0.291667"
"2009346361","2539375020","0.0416667"
"2539375020","2009346361","0.0416667"
"2009346361","2595442053","0.375"
"2595442053","2009346361","0.375"
"2009346361","2902426751","0.0416667"
"2902426751","2009346361","0.0416667"
"2020539781","2027526469","0.208333"
"2027526469","2020539781","0.208333"
"2020539781","2031317221","1.45833"
"2031317221","2020539781","1.45833"
"2020539781","2040482385","0.0416667"
"2040482385","2020539781","0.0416667"
"2020539781","2040852594","0.0416667"
"2040852594","2020539781","0.0416667"
"2020539781","2058881339","0.0416667"
"2058881339","2020539781","0.0416667"
"2020539781","2067662418","0.0416667"
"2067662418","2020539781","0.0416667"
"2020539781","2076800006","0.458333"
"2076800006","2020539781","0.458333"
"2020539781","2099324655","0.291667"
"2099324655","2020539781","0.291667"
"2020539781","2117479964","0.0416667"
"2117479964","2020539781","0.0416667"
"2020539781","2131599243","0.0416667"
"2131599243","2020539781","0.0416667"
"2020539781","2141777121","0.0416667"
"2141777121","2020539781","0.0416667"
"2020539781","2321109263","0.0416667"
"2321109263","2020539781","0.0416667"
"2020539781","2539375020","0.0416667"
"2539375020","2020539781","0.0416667"
"2020539781","2595442053","0.0416667"
"2595442053","2020539781","0.0416667"
"2020539781","2740647190","0.0416667"
"2740647190","2020539781","0.0416667"
"2020539781","2902426751","0.0416667"
"2902426751","2020539781","0.0416667"
"2020539781","828169548","0.0416667"
"828169548","2020539781","0.0416667"
"2027526469","2040852594","0.0416667"
"2040852594","2027526469","0.0416667"
"2027526469","2058881339","0.0416667"
"2058881339","2027526469","0.0416667"
"2027526469","2099324655","0.241667"
"2099324655","2027526469","0.241667"
"2027526469","2117479964","0.0416667"
"2117479964","2027526469","0.0416667"
"2027526469","2131599243","0.0416667"
"2131599243","2027526469","0.0416667"
"2027526469","2141777121","0.0416667"
"2141777121","2027526469","0.0416667"
"2027526469","2321109263","0.0416667"
"2321109263","2027526469","0.0416667"
"2027526469","2539375020","0.0416667"
"2539375020","2027526469","0.0416667"
"2027526469","2595442053","0.0416667"
"2595442053","2027526469","0.0416667"
"2027526469","2902426751","0.0416667"
"2902426751","2027526469","0.0416667"
"2031317221","2040852594","0.0416667"
"2040852594","2031317221","0.0416667"
"2031317221","2058881339","0.0416667"
"2058881339","2031317221","0.0416667"
"2031317221","2099324655","2.09167"
"2099324655","2031317221","2.09167"
"2031317221","2117479964","0.0416667"
"2117479964","2031317221","0.0416667"
"2031317221","2131599243","0.291667"
"2131599243","2031317221","0.291667"
"2031317221","2141777121","0.0416667"
"2141777121","2031317221","0.0416667"
"2031317221","2321109263","0.0416667"
"2321109263","2031317221","0.0416667"
"2031317221","2539375020","0.0416667"
"2539375020","2031317221","0.0416667"
"2031317221","2595442053","0.0416667"
"2595442053","2031317221","0.0416667"
"2031317221","2740647190","0.0416667"
"2740647190","2031317221","0.0416667"
"2031317221","2902426751","0.0416667"
"2902426751","2031317221","0.0416667"
"2040482385","2040852594","0.0416667"
"2040852594","2040482385","0.0416667"
"2040482385","2058881339","0.0416667"
"2058881339","2040482385","0.0416667"
"2040482385","2099324655","0.208333"
"2099324655","2040482385","0.208333"
"2040482385","2117479964","0.0416667"
"2117479964","2040482385","0.0416667"
"2040482385","2131599243","0.0416667"
"2131599243","2040482385","0.0416667"
"2040482385","2141777121","0.0416667"
"2141777121","2040482385","0.0416667"
"2040482385","2321109263","0.0416667"
"2321109263","2040482385","0.0416667"
"2040482385","2539375020","0.0416667"
"2539375020","2040482385","0.0416667"
"2040482385","2595442053","0.0416667"
"2595442053","2040482385","0.0416667"
"2040482385","2902426751","0.0416667"
"2902426751","2040482385","0.0416667"
"2040852594","2058881339","0.0416667"
"2058881339","2040852594","0.0416667"
"2040852594","2067662418","0.0416667"
"2067662418","2040852594","0.0416667"
"2040852594","2076800006","0.0416667"
"2076800006","2040852594","0.0416667"
"2040852594","2099324655","0.0416667"
"2099324655","2040852594","0.0416667"
"2040852594","2117479964","0.0416667"
"2117479964","2040852594","0.0416667"
"2040852594","2131599243","0.375"
"2131599243","2040852594","0.375"
"2040852594","2141777121","0.0416667"
"2141777121","2040852594","0.0416667"
"2040852594","2321109263","5.625"
"2321109263","2040852594","5.625"
"2040852594","2539375020","0.0416667"
"2539375020","2040852594","0.0416667"
"2040852594","2595442053","5.625"
"2595442053","2040852594","5.625"
"2040852594","2740647190","0.0416667"
"2740647190","2040852594","0.0416667"
"2040852594","2902426751","0.375"
"2902426751","2040852594","0.375"
"2040852594","828169548","0.291667"
"828169548","2040852594","0.291667"
"2058881339","2067662418","0.0416667"
"2067662418","2058881339","0.0416667"
"2058881339","2076800006","0.0416667"
"2076800006","2058881339","0.0416667"
"2058881339","2099324655","0.0416667"
"2099324655","2058881339","0.0416667"
"2058881339","2117479964","16.5417"
"2117479964","2058881339","16.5417"
"2058881339","2131599243","0.0416667"
"2131599243","2058881339","0.0416667"
"2058881339","2141777121","2.04167"
"2141777121","2058881339","2.04167"
"2058881339","2321109263","0.0416667"
"2321109263","2058881339","0.0416667"
"2058881339","2539375020","0.0416667"
"2539375020","2058881339","0.0416667"
"2058881339","2595442053","0.0416667"
"2595442053","2058881339","0.0416667"
"2058881339","2740647190","0.0416667"
"2740647190","2058881339","0.0416667"
"2058881339","2902426751","0.0416667"
"2902426751","2058881339","0.0416667"
"2058881339","828169548","0.0416667"
"828169548","2058881339","0.0416667"
"2067662418","2099324655","0.208333"
"2099324655","2067662418","0.208333"
"2067662418","2117479964","0.0416667"
"2117479964","2067662418","0.0416667"
"2067662418","2131599243","0.541667"
"2131599243","2067662418","0.541667"
"2067662418","2141777121","0.0416667"
"2141777121","2067662418","0.0416667"
"2067662418","2321109263","0.291667"
"2321109263","2067662418","0.291667"
"2067662418","2539375020","0.0416667"
"2539375020","2067662418","0.0416667"
"2067662418","2595442053","0.375"
"2595442053","2067662418","0.375"
"2067662418","2902426751","0.0416667"
"2902426751","2067662418","0.0416667"
"2076800006","2099324655","0.591667"
"2099324655","2076800006","0.591667"
"2076800006","2117479964","0.0416667"
"2117479964","2076800006","0.0416667"
"2076800006","2131599243","0.0416667"
"2131599243","2076800006","0.0416667"
"2076800006","2141777121","0.0416667"
"2141777121","2076800006","0.0416667"
"2076800006","2321109263","0.0416667"
"2321109263","2076800006","0.0416667"
"2076800006","2539375020","0.0416667"
"2539375020","2076800006","0.0416667"
"2076800006","2595442053","0.0416667"
"2595442053","2076800006","0.0416667"
"2076800006","2740647190","0.0416667"
"2740647190","2076800006","0.0416667"
"2076800006","2902426751","0.0416667"
"2902426751","2076800006","0.0416667"
"2099324655","2117479964","0.0416667"
"2117479964","2099324655","0.0416667"
"2099324655","2131599243","0.0416667"
"2131599243","2099324655","0.0416667"
"2099324655","2141777121","0.0416667"
"2141777121","2099324655","0.0416667"
"2099324655","2321109263","0.0416667"
"2321109263","2099324655","0.0416667"
"2099324655","2539375020","0.0416667"
"2539375020","2099324655","0.0416667"
"2099324655","2595442053","0.0416667"
"2595442053","2099324655","0.0416667"
"2099324655","2740647190","0.0416667"
"2740647190","2099324655","0.0416667"
"2099324655","2902426751","0.0416667"
"2902426751","2099324655","0.0416667"
"2099324655","828169548","0.0416667"
"828169548","2099324655","0.0416667"
"2117479964","2131599243","0.0416667"
"2131599243","2117479964","0.0416667"
"2117479964","2141777121","2.04167"
"2141777121","2117479964","2.04167"
"2117479964","2321109263","0.0416667"
"2321109263","2117479964","0.0416667"
"2117479964","2539375020","0.0416667"
"2539375020","2117479964","0.0416667"
"2117479964","2595442053","0.0416667"
"2595442053","2117479964","0.0416667"
"2117479964","2740647190","0.0416667"
"2740647190","2117479964","0.0416667"
"2117479964","2902426751","0.0416667"
"2902426751","2117479964","0.0416667"
"2117479964","828169548","0.0416667"
"828169548","2117479964","0.0416667"
"2131599243","2141777121","0.0416667"
"2141777121","2131599243","0.0416667"
"2131599243","2321109263","0.0416667"
"2321109263","2131599243","0.0416667"
"2131599243","2539375020","0.0416667"
"2539375020","2131599243","0.0416667"
"2131599243","2595442053","0.0416667"
"2595442053","2131599243","0.0416667"
"2131599243","2902426751","0.375"
"2902426751","2131599243","0.375"
"2131599243","828169548","0.0416667"
"828169548","2131599243","0.0416667"
"2141777121","2321109263","0.0416667"
"2321109263","2141777121","0.0416667"
"2141777121","2539375020","0.0416667"
"2539375020","2141777121","0.0416667"
"2141777121","2595442053","0.0416667"
"2595442053","2141777121","0.0416667"
"2141777121","2740647190","0.0416667"
"2740647190","2141777121","0.0416667"
"2141777121","2902426751","0.0416667"
"2902426751","2141777121","0.0416667"
"2141777121","828169548","0.0416667"
"828169548","2141777121","0.0416667"
"2321109263","2539375020","0.0416667"
"2539375020","2321109263","0.0416667"
"2321109263","2595442053","10.625"
"2595442053","2321109263","10.625"
"2321109263","2740647190","0.0416667"
"2740647190","2321109263","0.0416667"
"2321109263","2902426751","0.0416667"
"2902426751","2321109263","0.0416667"
"2321109263","828169548","0.291667"
"828169548","2321109263","0.291667"
"2539375020","2595442053","0.0416667"
"2595442053","2539375020","0.0416667"
"2539375020","2740647190","0.0416667"
"2740647190","2539375020","0.0416667"
"2539375020","2902426751","0.0416667"
"2902426751","2539375020","0.0416667"
"2539375020","828169548","0.0416667"
"828169548","2539375020","0.0416667"
"2595442053","2740647190","0.0416667"
"2740647190","2595442053","0.0416667"
"2595442053","2902426751","0.0416667"
"2902426751","2595442053","0.0416667"
"2595442053","828169548","0.291667"
"828169548","2595442053","0.291667"
"2740647190","2902426751","0.0416667"
"2902426751","2740647190","0.0416667"
"2740647190","828169548","0.0416667"
"828169548","2740647190","0.0416667"
"2902426751","828169548","0.0416667"
"828169548","2902426751","0.0416667"
"1546994288","1987567938","1.5"
"1987567938","1546994288","1.5"
"1978063867","2019848184","0.5"
"2019848184","1978063867","0.5"
"1546738280","1551074560","0.333333"
"1551074560","1546738280","0.333333"
"1546994288","1551074560","1.33333"
"1551074560","1546994288","1.33333"
"1551074560","2321109263","0.666667"
"2321109263","1551074560","0.666667"
"1551074560","1977561230","3.83333"
"1977561230","1551074560","3.83333"
"1551074560","2131599243","1"
"2131599243","1551074560","1"
"1551074560","2152981127","1"
"2152981127","1551074560","1"
"1551074560","2344827915","1.58333"
"2344827915","1551074560","1.58333"
"1977561230","2152981127","1.33333"
"2152981127","1977561230","1.33333"
"1977561230","2344827915","0.916667"
"2344827915","1977561230","0.916667"
"2152981127","2344827915","6.66667"
"2344827915","2152981127","6.66667"
"1551074560","2040852594","0.333333"
"2040852594","1551074560","0.333333"
"1551074560","2595442053","0.833333"
"2595442053","1551074560","0.833333"
"1551074560","2007572058","1.08333"
"2007572058","1551074560","1.08333"
"2007572058","2009346361","0.666667"
"2009346361","2007572058","0.666667"
"1551074560","2076800006","1.41667"
"2076800006","1551074560","1.41667"
"1977561230","2076800006","1.5"
"2076800006","1977561230","1.5"
"1551074560","2125442594","0.25"
"2125442594","1551074560","0.25"
"2007572058","2076800006","2.08333"
"2076800006","2007572058","2.08333"
"2007572058","2125442594","0.25"
"2125442594","2007572058","0.25"
"2007572058","2344827915","0.25"
"2344827915","2007572058","0.25"
"2076800006","2125442594","0.25"
"2125442594","2076800006","0.25"
"2076800006","2344827915","0.583333"
"2344827915","2076800006","0.583333"
"2125442594","2344827915","0.25"
"2344827915","2125442594","0.25"
"1551074560","1978063867","1.25"
"1978063867","1551074560","1.25"
"1551074560","2071256406","0.5"
"2071256406","1551074560","0.5"
"2071256406","2595442053","0.75"
"2595442053","2071256406","0.75"
"1977561230","2007572058","0.333333"
"2007572058","1977561230","0.333333"
"1977561230","2120794229","0.333333"
"2120794229","1977561230","0.333333"
"2007572058","2120794229","1.16667"
"2120794229","2007572058","1.16667"
"1551074560","1987567938","0.25"
"1987567938","1551074560","0.25"
"1978063867","1987567938","1.25"
"1987567938","1978063867","1.25"
"1987567938","2009346361","0.25"
"2009346361","1987567938","0.25"
"1555474482","1983826491","3.33333"
"1983826491","1555474482","3.33333"
"1555474482","2003515310","3.33333"
"2003515310","1555474482","3.33333"
"1983826491","2003515310","6.66667"
"2003515310","1983826491","6.66667"
"1555474482","2125442594","2.33333"
"2125442594","1555474482","2.33333"
"1983826491","2125442594","0.333333"
"2125442594","1983826491","0.333333"
"2003515310","2125442594","0.333333"
"2125442594","2003515310","0.333333"
"1555474482","2040852594","0.333333"
"2040852594","1555474482","0.333333"
"1555474482","2131599243","0.333333"
"2131599243","1555474482","0.333333"
"1555474482","2902426751","0.333333"
"2902426751","1555474482","0.333333"
"1564728522","2003204742","0.5"
"2003204742","1564728522","0.5"
"1564728522","2057510760","2.7"
"2057510760","1564728522","2.7"
"2003204742","2057510760","5.39286"
"2057510760","2003204742","5.39286"
"1564728522","2013469079","2"
"2013469079","1564728522","2"
"1564728522","2042970189","1.2"
"2042970189","1564728522","1.2"
"1564728522","2072489225","2.2"
"2072489225","1564728522","2.2"
"2042970189","2072489225","10.45"
"2072489225","2042970189","10.45"
"1564728522","2067662418","1"
"2067662418","1564728522","1"
"1564728522","2035921511","0.7"
"2035921511","1564728522","0.7"
"1564728522","2040217811","0.7"
"2040217811","1564728522","0.7"
"2035921511","2040217811","17.45"
"2040217811","2035921511","17.45"
"2035921511","2042970189","0.2"
"2042970189","2035921511","0.2"
"2035921511","2057510760","0.2"
"2057510760","2035921511","0.2"
"2035921511","2072489225","0.2"
"2072489225","2035921511","0.2"
"2040217811","2042970189","0.2"
"2042970189","2040217811","0.2"
"2040217811","2057510760","0.2"
"2057510760","2040217811","0.2"
"2040217811","2072489225","0.2"
"2072489225","2040217811","0.2"
"2042970189","2057510760","1.95"
"2057510760","2042970189","1.95"
"2057510760","2072489225","1.45"
"2072489225","2057510760","1.45"
"1599730494","1972709099","0.25"
"1972709099","1599730494","0.25"
"1599730494","2003745618","0.433333"
"2003745618","1599730494","0.433333"
"1972709099","197400963","0.25"
"197400963","1972709099","0.25"
"1972709099","2003745618","0.25"
"2003745618","1972709099","0.25"
"1972709099","2072840758","0.25"
"2072840758","1972709099","0.25"
"197400963","2003745618","6.01667"
"2003745618","197400963","6.01667"
"2003745618","2072840758","7.66667"
"2072840758","2003745618","7.66667"
"1599730494","2007572058","1.66667"
"2007572058","1599730494","1.66667"
"1599730494","1978063867","0.0833333"
"1978063867","1599730494","0.0833333"
"1599730494","2011265791","0.183333"
"2011265791","1599730494","0.183333"
"1599730494","2035921511","0.0833333"
"2035921511","1599730494","0.0833333"
"1599730494","2040217811","0.0833333"
"2040217811","1599730494","0.0833333"
"1599730494","2120794229","0.183333"
"2120794229","1599730494","0.183333"
"197400963","1978063867","0.0833333"
"1978063867","197400963","0.0833333"
"197400963","2035921511","0.0833333"
"2035921511","197400963","0.0833333"
"197400963","2040217811","0.0833333"
"2040217811","197400963","0.0833333"
"1978063867","2003745618","0.0833333"
"2003745618","1978063867","0.0833333"
"1978063867","2011265791","0.0833333"
"2011265791","1978063867","0.0833333"
"1978063867","2035921511","0.0833333"
"2035921511","1978063867","0.0833333"
"1978063867","2040217811","0.0833333"
"2040217811","1978063867","0.0833333"
"1978063867","2052398840","0.0833333"
"2052398840","1978063867","0.0833333"
"1978063867","2072840758","0.0833333"
"2072840758","1978063867","0.0833333"
"1978063867","2120794229","0.0833333"
"2120794229","1978063867","0.0833333"
"2003745618","2011265791","6.16667"
"2011265791","2003745618","6.16667"
"2003745618","2027526469","1.28333"
"2027526469","2003745618","1.28333"
"2003745618","2031317221","2.88333"
"2031317221","2003745618","2.88333"
"2003745618","2035921511","1.33333"
"2035921511","2003745618","1.33333"
"2003745618","2040217811","1.08333"
"2040217811","2003745618","1.08333"
"2003745618","2040482385","0.0833333"
"2040482385","2003745618","0.0833333"
"2003745618","2052398840","0.183333"
"2052398840","2003745618","0.183333"
"2003745618","2120794229","0.183333"
"2120794229","2003745618","0.183333"
"2011265791","2027526469","0.775"
"2027526469","2011265791","0.775"
"2011265791","2031317221","2.375"
"2031317221","2011265791","2.375"
"2011265791","2035921511","0.0833333"
"2035921511","2011265791","0.0833333"
"2011265791","2040217811","0.0833333"
"2040217811","2011265791","0.0833333"
"2011265791","2072840758","8.24167"
"2072840758","2011265791","8.24167"
"2027526469","2035921511","0.0833333"
"2035921511","2027526469","0.0833333"
"2027526469","2040217811","0.0833333"
"2040217811","2027526469","0.0833333"
"2027526469","2120794229","0.408333"
"2120794229","2027526469","0.408333"
"2031317221","2035921511","0.0833333"
"2035921511","2031317221","0.0833333"
"2031317221","2040217811","0.0833333"
"2040217811","2031317221","0.0833333"
"2031317221","2120794229","0.758333"
"2120794229","2031317221","0.758333"
"2035921511","2040482385","0.0833333"
"2040482385","2035921511","0.0833333"
"2035921511","2052398840","0.0833333"
"2052398840","2035921511","0.0833333"
"2035921511","2072840758","0.0833333"
"2072840758","2035921511","0.0833333"
"2035921511","2120794229","0.0833333"
"2120794229","2035921511","0.0833333"
"2040217811","2040482385","0.0833333"
"2040482385","2040217811","0.0833333"
"2040217811","2052398840","0.0833333"
"2052398840","2040217811","0.0833333"
"2040217811","2072840758","0.0833333"
"2072840758","2040217811","0.0833333"
"2040217811","2120794229","0.0833333"
"2120794229","2040217811","0.0833333"
"2072840758","2120794229","0.308333"
"2120794229","2072840758","0.308333"
"1599730494","2020539781","1"
"2020539781","1599730494","1"
"1599730494","2099324655","0.266667"
"2099324655","1599730494","0.266667"
"2007572058","2040482385","0.166667"
"2040482385","2007572058","0.166667"
"2007572058","2052398840","1.16667"
"2052398840","2007572058","1.16667"
"2007572058","2067662418","1"
"2067662418","2007572058","1"
"2007572058","2099324655","0.166667"
"2099324655","2007572058","0.166667"
"2052398840","2099324655","1.96667"
"2099324655","2052398840","1.96667"
"1599730494","2053606499","0.1"
