"110154300","1486551951","7"
"1486551951","110154300","7"
"110154300","2038370312","4.5"
"2038370312","110154300","4.5"
"1486551951","2038370312","9"
"2038370312","1486551951","9"
"110154300","2522444422","0.5"
"2522444422","110154300","0.5"
"2038370312","2522444422","0.5"
"2522444422","2038370312","0.5"
"1486551951","1545648536","1"
"1545648536","1486551951","1"
"1486724241","1565705071","0.444444"
"1565705071","1486724241","0.444444"
"1486724241","2053943352","0.444444"
"2053943352","1486724241","0.444444"
"1486724241","2132555066","0.587302"
"2132555066","1486724241","0.587302"
"1565705071","2053943352","0.444444"
"2053943352","1565705071","0.444444"
"1565705071","2132555066","1.36706"
"2132555066","1565705071","1.36706"
"2053943352","2132555066","0.569444"
"2132555066","2053943352","0.569444"
"1486724241","1575180293","3.64286"
"1575180293","1486724241","3.64286"
"1486724241","2135415639","3.83333"
"2135415639","1486724241","3.83333"
"1486724241","2144395499","0.333333"
"2144395499","1486724241","0.333333"
"1486724241","77064180","0.333333"
"77064180","1486724241","0.333333"
"2135415639","2144395499","0.333333"
"2144395499","2135415639","0.333333"
"2135415639","77064180","0.333333"
"77064180","2135415639","0.333333"
"2144395499","77064180","4.4"
"77064180","2144395499","4.4"
"1486724241","1528335044","0.253968"
"1528335044","1486724241","0.253968"
"1486724241","1529615683","0.253968"
"1529615683","1486724241","0.253968"
"1486724241","1545648536","0.253968"
"1545648536","1486724241","0.253968"
"1486724241","1983471910","0.253968"
"1983471910","1486724241","0.253968"
"1486724241","2001800943","0.253968"
"2001800943","1486724241","0.253968"
"1528335044","1529615683","2.21111"
"1529615683","1528335044","2.21111"
"1528335044","1545648536","2.67702"
"1545648536","1528335044","2.67702"
"1528335044","1575180293","0.309524"
"1575180293","1528335044","0.309524"
"1528335044","1983471910","1.55202"
"1983471910","1528335044","1.55202"
"1528335044","2001800943","3.42702"
"2001800943","1528335044","3.42702"
"1528335044","2132555066","4.03535"
"2132555066","1528335044","4.03535"
"1529615683","1545648536","8.68041"
"1545648536","1529615683","8.68041"
"1529615683","1575180293","0.309524"
"1575180293","1529615683","0.309524"
"1529615683","1983471910","3.68041"
"1983471910","1529615683","3.68041"
"1529615683","2001800943","3.09708"
"2001800943","1529615683","3.09708"
"1529615683","2132555066","0.944444"
"2132555066","1529615683","0.944444"
"1545648536","1575180293","0.309524"
"1575180293","1545648536","0.309524"
"1545648536","1983471910","4.52132"
"1983471910","1545648536","4.52132"
"1545648536","2001800943","3.81299"
"2001800943","1545648536","3.81299"
"1545648536","2132555066","1.16035"
"2132555066","1545648536","1.16035"
"1575180293","1983471910","0.309524"
"1983471910","1575180293","0.309524"
"1575180293","2001800943","0.309524"
"2001800943","1575180293","0.309524"
"1575180293","2132555066","0.142857"
"2132555066","1575180293","0.142857"
"1983471910","2001800943","5.52132"
"2001800943","1983471910","5.52132"
"1983471910","2132555066","1.03535"
"2132555066","1983471910","1.03535"
"2001800943","2132555066","1.16035"
"2132555066","2001800943","1.16035"
"1575180293","2135415639","0.5"
"2135415639","1575180293","0.5"
"1486724241","1966540900","0.111111"
"1966540900","1486724241","0.111111"
"1528335044","1565705071","1.86706"
"1565705071","1528335044","1.86706"
"1528335044","1966540900","1.19012"
"1966540900","1528335044","1.19012"
"1528335044","2053943352","0.236111"
"2053943352","1528335044","0.236111"
"1529615683","1565705071","0.40873"
"1565705071","1529615683","0.40873"
"1529615683","1966540900","0.515873"
"1966540900","1529615683","0.515873"
"1529615683","2053943352","0.486111"
"2053943352","1529615683","0.486111"
"1545648536","1565705071","0.40873"
"1565705071","1545648536","0.40873"
"1545648536","1966540900","0.606782"
"1966540900","1545648536","0.606782"
"1545648536","2053943352","0.486111"
"2053943352","1545648536","0.486111"
"1565705071","1966540900","0.265873"
"1966540900","1565705071","0.265873"
"1565705071","1983471910","0.40873"
"1983471910","1565705071","0.40873"
"1565705071","2001800943","0.40873"
"2001800943","1565705071","0.40873"
"1966540900","1983471910","0.606782"
"1983471910","1966540900","0.606782"
"1966540900","2001800943","0.606782"
"2001800943","1966540900","0.606782"
"1966540900","2053943352","0.569444"
"2053943352","1966540900","0.569444"
"1966540900","2132555066","1.85678"
"2132555066","1966540900","1.85678"
"1983471910","2053943352","0.486111"
"2053943352","1983471910","0.486111"
"2001800943","2053943352","0.236111"
"2053943352","2001800943","0.236111"
"1488893975","1990578345","0.392857"
"1990578345","1488893975","0.392857"
"1488893975","2147805208","1.26905"
"2147805208","1488893975","1.26905"
"1488893975","2161163216","2.56905"
"2161163216","1488893975","2.56905"
"1488893975","2169940602","0.392857"
"2169940602","1488893975","0.392857"
"1990578345","2147805208","0.707989"
"2147805208","1990578345","0.707989"
"1990578345","2161163216","1.07202"
"2161163216","1990578345","1.07202"
"1990578345","2169940602","1.12202"
"2169940602","1990578345","1.12202"
"2147805208","2161163216","5.7506"
"2161163216","2147805208","5.7506"
"2147805208","2169940602","2.65774"
"2169940602","2147805208","2.65774"
"2161163216","2169940602","1.5506"
"2169940602","2161163216","1.5506"
"1488893975","2031101249","0.142857"
"2031101249","1488893975","0.142857"
"1488893975","2247055060","0.35119"
"2247055060","1488893975","0.35119"
"1488893975","2368635037","0.35119"
"2368635037","1488893975","0.35119"
"1488893975","2554740718","0.542857"
"2554740718","1488893975","0.542857"
"1488893975","2610435820","0.142857"
"2610435820","1488893975","0.142857"
"2031101249","2147805208","0.142857"
"2147805208","2031101249","0.142857"
"2031101249","2161163216","0.142857"
"2161163216","2031101249","0.142857"
"2031101249","2247055060","0.392857"
"2247055060","2031101249","0.392857"
"2031101249","2368635037","3.59286"
"2368635037","2031101249","3.59286"
"2031101249","2554740718","0.142857"
"2554740718","2031101249","0.142857"
"2031101249","2610435820","0.142857"
"2610435820","2031101249","0.142857"
"2147805208","2247055060","0.494048"
"2247055060","2147805208","0.494048"
"2147805208","2368635037","0.41369"
"2368635037","2147805208","0.41369"
"2147805208","2554740718","1.84286"
"2554740718","2147805208","1.84286"
"2147805208","2610435820","0.142857"
"2610435820","2147805208","0.142857"
"2161163216","2247055060","1.82738"
"2247055060","2161163216","1.82738"
"2161163216","2368635037","0.41369"
"2368635037","2161163216","0.41369"
"2161163216","2554740718","1.47619"
"2554740718","2161163216","1.47619"
"2161163216","2610435820","0.142857"
"2610435820","2161163216","0.142857"
"2247055060","2368635037","0.60119"
"2368635037","2247055060","0.60119"
"2247055060","2554740718","0.142857"
"2554740718","2247055060","0.142857"
"2247055060","2610435820","0.142857"
"2610435820","2247055060","0.142857"
"2368635037","2554740718","0.342857"
"2554740718","2368635037","0.342857"
"2368635037","2610435820","0.142857"
"2610435820","2368635037","0.142857"
"2554740718","2610435820","0.142857"
"2610435820","2554740718","0.142857"
"1488893975","2793994977","0.142857"
"2793994977","1488893975","0.142857"
"1488893975","2904119005","1.05119"
"2904119005","1488893975","1.05119"
"1488893975","2952712216","0.142857"
"2952712216","1488893975","0.142857"
"1990578345","2793994977","1.09821"
"2793994977","1990578345","1.09821"
"1990578345","2904119005","0.142857"
"2904119005","1990578345","0.142857"
"1990578345","2952712216","0.142857"
"2952712216","1990578345","0.142857"
"2147805208","2793994977","0.53869"
"2793994977","2147805208","0.53869"
"2147805208","2904119005","0.794048"
"2904119005","2147805208","0.794048"
"2147805208","2952712216","0.142857"
"2952712216","2147805208","0.142857"
"2161163216","2793994977","0.205357"
"2793994977","2161163216","0.205357"
"2161163216","2904119005","1.34405"
"2904119005","2161163216","1.34405"
"2161163216","2952712216","0.142857"
"2952712216","2161163216","0.142857"
"2169940602","2793994977","2.20536"
"2793994977","2169940602","2.20536"
"2169940602","2904119005","0.285714"
"2904119005","2169940602","0.285714"
"2169940602","2952712216","0.142857"
"2952712216","2169940602","0.142857"
"2793994977","2904119005","0.142857"
"2904119005","2793994977","0.142857"
"2793994977","2952712216","0.642857"
"2952712216","2793994977","0.642857"
"2904119005","2952712216","0.142857"
"2952712216","2904119005","0.142857"
"1488893975","2027693316","0.2"
"2027693316","1488893975","0.2"
"1488893975","2735253708","0.2"
"2735253708","1488893975","0.2"
"2027693316","2147805208","0.785965"
"2147805208","2027693316","0.785965"
"2027693316","2161163216","0.4"
"2161163216","2027693316","0.4"
"2027693316","2554740718","0.2"
"2554740718","2027693316","0.2"
"2027693316","2735253708","0.366667"
"2735253708","2027693316","0.366667"
"2147805208","2735253708","0.342857"
"2735253708","2147805208","0.342857"
"2161163216","2735253708","0.509524"
"2735253708","2161163216","0.509524"
"2554740718","2735253708","0.2"
"2735253708","2554740718","0.2"
"1488893975","1980856155","0.125"
"1980856155","1488893975","0.125"
"1488893975","2019891208","0.333333"
"2019891208","1488893975","0.333333"
"1488893975","2113607096","0.208333"
"2113607096","1488893975","0.208333"
"1488893975","2164264572","0.125"
"2164264572","1488893975","0.125"
"1488893975","2762924840","0.125"
"2762924840","1488893975","0.125"
"1488893975","2997628130","0.333333"
"2997628130","1488893975","0.333333"
"1980856155","2019891208","0.125"
"2019891208","1980856155","0.125"
"1980856155","2113607096","0.267857"
"2113607096","1980856155","0.267857"
"1980856155","2147805208","0.267857"
"2147805208","1980856155","0.267857"
"1980856155","2161163216","0.267857"
"2161163216","1980856155","0.267857"
"1980856155","2164264572","0.125"
"2164264572","1980856155","0.125"
"1980856155","2762924840","0.125"
"2762924840","1980856155","0.125"
"1980856155","2997628130","0.125"
"2997628130","1980856155","0.125"
"2019891208","2113607096","0.308333"
"2113607096","2019891208","0.308333"
"2019891208","2147805208","0.433333"
"2147805208","2019891208","0.433333"
"2019891208","2161163216","0.524242"
"2161163216","2019891208","0.524242"
"2019891208","2164264572","20.1492"
"2164264572","2019891208","20.1492"
"2019891208","2762924840","0.225"
"2762924840","2019891208","0.225"
"2019891208","2997628130","0.833333"
"2997628130","2019891208","0.833333"
"2113607096","2147805208","1.79405"
"2147805208","2113607096","1.79405"
"2113607096","2161163216","3.12738"
"2161163216","2113607096","3.12738"
"2113607096","2164264572","0.225"
"2164264572","2113607096","0.225"
"2113607096","2762924840","1.675"
"2762924840","2113607096","1.675"
"2113607096","2997628130","0.708333"
"2997628130","2113607096","0.708333"
"2147805208","2164264572","0.225"
"2164264572","2147805208","0.225"
"2147805208","2762924840","0.425"
"2762924840","2147805208","0.425"
"2147805208","2997628130","0.333333"
"2997628130","2147805208","0.333333"
"2161163216","2164264572","0.315909"
"2164264572","2161163216","0.315909"
"2161163216","2762924840","0.817857"
"2762924840","2161163216","0.817857"
"2161163216","2997628130","1.08333"
"2997628130","2161163216","1.08333"
"2164264572","2762924840","0.225"
"2762924840","2164264572","0.225"
"2164264572","2997628130","0.625"
"2997628130","2164264572","0.625"
"2762924840","2997628130","0.125"
"2997628130","2762924840","0.125"
"1488893975","2464498142","0.0833333"
"2464498142","1488893975","0.0833333"
"1488893975","2793305583","0.0833333"
"2793305583","1488893975","0.0833333"
"1488893975","2885372275","0.0833333"
"2885372275","1488893975","0.0833333"
"1488893975","387039077","0.408333"
"387039077","1488893975","0.408333"
"2019891208","2247055060","0.208333"
"2247055060","2019891208","0.208333"
"2019891208","2368635037","0.208333"
"2368635037","2019891208","0.208333"
"2019891208","2464498142","0.0833333"
"2464498142","2019891208","0.0833333"
"2019891208","2793305583","0.0833333"
"2793305583","2019891208","0.0833333"
"2019891208","2885372275","0.0833333"
"2885372275","2019891208","0.0833333"
"2019891208","2904119005","0.308333"
"2904119005","2019891208","0.308333"
"2019891208","387039077","0.308333"
"387039077","2019891208","0.308333"
"2113607096","2247055060","0.22619"
"2247055060","2113607096","0.22619"
"2113607096","2368635037","0.208333"
"2368635037","2113607096","0.208333"
"2113607096","2464498142","0.333333"
"2464498142","2113607096","0.333333"
"2113607096","2793305583","0.0833333"
"2793305583","2113607096","0.0833333"
"2113607096","2885372275","0.0833333"
"2885372275","2113607096","0.0833333"
"2113607096","2904119005","0.183333"
"2904119005","2113607096","0.183333"
"2113607096","387039077","0.516667"
"387039077","2113607096","0.516667"
"2147805208","2464498142","0.0833333"
"2464498142","2147805208","0.0833333"
"2147805208","2793305583","0.0833333"
"2793305583","2147805208","0.0833333"
"2147805208","2885372275","0.0833333"
"2885372275","2147805208","0.0833333"
"2147805208","387039077","0.766322"
"387039077","2147805208","0.766322"
"2161163216","2464498142","1.91667"
"2464498142","2161163216","1.91667"
"2161163216","2793305583","0.0833333"
"2793305583","2161163216","0.0833333"
"2161163216","2885372275","0.0833333"
"2885372275","2161163216","0.0833333"
"2161163216","387039077","1.20417"
"387039077","2161163216","1.20417"
"2247055060","2464498142","0.0833333"
"2464498142","2247055060","0.0833333"
"2247055060","2793305583","0.416667"
"2793305583","2247055060","0.416667"
"2247055060","2885372275","0.0833333"
"2885372275","2247055060","0.0833333"
"2247055060","2904119005","0.208333"
"2904119005","2247055060","0.208333"
"2247055060","2997628130","1.20833"
"2997628130","2247055060","1.20833"
"2247055060","387039077","0.208333"
"387039077","2247055060","0.208333"
"2368635037","2464498142","0.283333"
"2464498142","2368635037","0.283333"
"2368635037","2793305583","0.0833333"
"2793305583","2368635037","0.0833333"
"2368635037","2885372275","0.0833333"
"2885372275","2368635037","0.0833333"
"2368635037","2904119005","0.208333"
"2904119005","2368635037","0.208333"
"2368635037","2997628130","0.208333"
"2997628130","2368635037","0.208333"
"2368635037","387039077","0.4375"
"387039077","2368635037","0.4375"
"2464498142","2793305583","1.08333"
"2793305583","2464498142","1.08333"
"2464498142","2885372275","0.0833333"
"2885372275","2464498142","0.0833333"
"2464498142","2904119005","0.583333"
"2904119005","2464498142","0.583333"
"2464498142","2997628130","0.583333"
"2997628130","2464498142","0.583333"
"2464498142","387039077","0.583333"
"387039077","2464498142","0.583333"
"2793305583","2885372275","0.783333"
"2885372275","2793305583","0.783333"
"2793305583","2904119005","0.416667"
"2904119005","2793305583","0.416667"
"2793305583","2997628130","0.416667"
"2997628130","2793305583","0.416667"
"2793305583","387039077","0.416667"
"387039077","2793305583","0.416667"
"2885372275","2904119005","0.0833333"
"2904119005","2885372275","0.0833333"
"2885372275","2997628130","0.0833333"
"2997628130","2885372275","0.0833333"
"2885372275","387039077","0.25"
"387039077","2885372275","0.25"
"2904119005","2997628130","2.04167"
"2997628130","2904119005","2.04167"
"2904119005","387039077","1.48452"
"387039077","2904119005","1.48452"
"2997628130","387039077","1.04167"
"387039077","2997628130","1.04167"
"1488893975","2983806390","0.2"
"2983806390","1488893975","0.2"
"2147805208","2983806390","0.2"
"2983806390","2147805208","0.2"
"2554740718","2904119005","1.3"
"2904119005","2554740718","1.3"
"2554740718","2983806390","0.2"
"2983806390","2554740718","0.2"
"2554740718","387039077","0.3"
"387039077","2554740718","0.3"
"2904119005","2983806390","0.2"
"2983806390","2904119005","0.2"
"2983806390","387039077","0.2"
"387039077","2983806390","0.2"
"1506170043","1983715903","7.61111"
"1983715903","1506170043","7.61111"
"1506170043","2072945702","5.02778"
"2072945702","1506170043","5.02778"
"1506170043","2108772599","3.02778"
"2108772599","1506170043","3.02778"
"1983715903","2072945702","5.11111"
"2072945702","1983715903","5.11111"
"1983715903","2108772599","3.11111"
"2108772599","1983715903","3.11111"
"2072945702","2108772599","3.52778"
"2108772599","2072945702","3.52778"
"1506170043","1554208118","0.75"
"1554208118","1506170043","0.75"
"1554208118","1983715903","0.75"
"1983715903","1554208118","0.75"
"1554208118","2072945702","0.75"
"2072945702","1554208118","0.75"
"1554208118","2108772599","2.75"
"2108772599","1554208118","2.75"
"1506170043","1537321121","0.111111"
"1537321121","1506170043","0.111111"
"1506170043","1540893855","0.111111"
"1540893855","1506170043","0.111111"
"1506170043","1575180293","0.111111"
"1575180293","1506170043","0.111111"
"1506170043","2091276415","0.277778"
"2091276415","1506170043","0.277778"
"1506170043","2479101348","0.527778"
"2479101348","1506170043","0.527778"
"1506170043","2769329927","0.277778"
"2769329927","1506170043","0.277778"
"1537321121","1540893855","0.111111"
"1540893855","1537321121","0.111111"
"1537321121","1575180293","0.111111"
"1575180293","1537321121","0.111111"
"1537321121","1983715903","0.111111"
"1983715903","1537321121","0.111111"
"1537321121","2072945702","0.111111"
"2072945702","1537321121","0.111111"
"1537321121","2091276415","0.111111"
"2091276415","1537321121","0.111111"
"1537321121","2108772599","0.111111"
"2108772599","1537321121","0.111111"
"1537321121","2479101348","0.111111"
"2479101348","1537321121","0.111111"
"1537321121","2769329927","0.111111"
"2769329927","1537321121","0.111111"
"1540893855","1575180293","0.111111"
"1575180293","1540893855","0.111111"
"1540893855","1983715903","0.111111"
"1983715903","1540893855","0.111111"
"1540893855","2072945702","0.111111"
"2072945702","1540893855","0.111111"
"1540893855","2091276415","0.111111"
"2091276415","1540893855","0.111111"
"1540893855","2108772599","0.111111"
"2108772599","1540893855","0.111111"
"1540893855","2479101348","0.111111"
"2479101348","1540893855","0.111111"
"1540893855","2769329927","0.111111"
"2769329927","1540893855","0.111111"
"1575180293","1983715903","0.111111"
"1983715903","1575180293","0.111111"
"1575180293","2072945702","0.111111"
"2072945702","1575180293","0.111111"
"1575180293","2091276415","0.111111"
"2091276415","1575180293","0.111111"
"1575180293","2108772599","0.111111"
"2108772599","1575180293","0.111111"
"1575180293","2479101348","0.111111"
"2479101348","1575180293","0.111111"
"1575180293","2769329927","0.111111"
"2769329927","1575180293","0.111111"
"1983715903","2091276415","0.111111"
"2091276415","1983715903","0.111111"
"1983715903","2479101348","0.361111"
"2479101348","1983715903","0.361111"
"1983715903","2769329927","0.111111"
"2769329927","1983715903","0.111111"
"2072945702","2091276415","0.277778"
"2091276415","2072945702","0.277778"
"2072945702","2479101348","0.277778"
"2479101348","2072945702","0.277778"
"2072945702","2769329927","0.277778"
"2769329927","2072945702","0.277778"
"2091276415","2108772599","0.420635"
"2108772599","2091276415","0.420635"
"2091276415","2479101348","0.277778"
"2479101348","2091276415","0.277778"
"2091276415","2769329927","1.56349"
"2769329927","2091276415","1.56349"
"2108772599","2479101348","0.527778"
"2479101348","2108772599","0.527778"
"2108772599","2769329927","0.420635"
"2769329927","2108772599","0.420635"
"2479101348","2769329927","0.277778"
"2769329927","2479101348","0.277778"
"1506170043","2278039258","0.166667"
"2278039258","1506170043","0.166667"
"2072945702","2278039258","0.166667"
"2278039258","2072945702","0.166667"
"2091276415","2278039258","0.166667"
"2278039258","2091276415","0.166667"
"2108772599","2278039258","0.166667"
"2278039258","2108772599","0.166667"
"2278039258","2479101348","9.66667"
"2479101348","2278039258","9.66667"
"2278039258","2769329927","0.166667"
"2769329927","2278039258","0.166667"
"1506170043","2601986295","0.25"
"2601986295","1506170043","0.25"
"1983715903","2601986295","0.25"
"2601986295","1983715903","0.25"
"2108772599","2601986295","0.25"
"2601986295","2108772599","0.25"
"2479101348","2601986295","0.25"
"2601986295","2479101348","0.25"
"1506170043","1989231289","0.25"
"1989231289","1506170043","0.25"
"1506170043","2135415639","0.25"
"2135415639","1506170043","0.25"
"1983715903","1989231289","0.25"
"1989231289","1983715903","0.25"
"1983715903","2135415639","0.25"
"2135415639","1983715903","0.25"
"1989231289","2072945702","0.25"
"2072945702","1989231289","0.25"
"1989231289","2135415639","1.25"
"2135415639","1989231289","1.25"
"2072945702","2135415639","0.25"
"2135415639","2072945702","0.25"
"1506170043","1557343830","0.25"
"1557343830","1506170043","0.25"
"1557343830","1983715903","0.5"
"1983715903","1557343830","0.5"
"1557343830","2072945702","0.5"
"2072945702","1557343830","0.5"
"1557343830","2108772599","0.5"
"2108772599","1557343830","0.5"
"1508952141","2735253708","1"
"2735253708","1508952141","1"
"1508952141","1567881758","0.2"
"1567881758","1508952141","0.2"
"1508952141","2052196819","0.2"
"2052196819","1508952141","0.2"
"1508952141","2070807660","0.2"
"2070807660","1508952141","0.2"
"1508952141","2102597302","0.2"
"2102597302","1508952141","0.2"
"1508952141","63024763","0.2"
"63024763","1508952141","0.2"
"1567881758","2052196819","0.2"
"2052196819","1567881758","0.2"
"1567881758","2070807660","0.2"
"2070807660","1567881758","0.2"
"1567881758","2102597302","0.2"
"2102597302","1567881758","0.2"
"1567881758","63024763","0.2"
"63024763","1567881758","0.2"
"2052196819","2070807660","4.78333"
"2070807660","2052196819","4.78333"
"2052196819","2102597302","0.783333"
"2102597302","2052196819","0.783333"
"2052196819","63024763","0.325"
"63024763","2052196819","0.325"
"2070807660","2102597302","5.4"
"2102597302","2070807660","5.4"
"2070807660","63024763","0.575"
"63024763","2070807660","0.575"
"2102597302","63024763","0.575"
"63024763","2102597302","0.575"
"1508952141","1983271491","1"
"1983271491","1508952141","1"
"1511537625","1528335044","1.34567"
"1528335044","1511537625","1.34567"
"1511537625","1545648536","0.523303"
"1545648536","1511537625","0.523303"
"1511537625","1876858742","1.929"
"1876858742","1511537625","1.929"
"1511537625","2001800943","0.523303"
"2001800943","1511537625","0.523303"
"1511537625","2053259448","4.06497"
"2053259448","1511537625","4.06497"
"1511537625","2057454627","0.571429"
"2057454627","1511537625","0.571429"
"1511537625","2132555066","0.912338"
"2132555066","1511537625","0.912338"
"1511537625","72078578","0.815909"
"72078578","1511537625","0.815909"
"1528335044","1876858742","0.762338"
"1876858742","1528335044","0.762338"
"1528335044","2053259448","1.34567"
"2053259448","1528335044","1.34567"
"1528335044","2057454627","1.29762"
"2057454627","1528335044","1.29762"
"1528335044","72078578","0.875433"
"72078578","1528335044","0.875433"
"1545648536","1876858742","0.804004"
"1876858742","1545648536","0.804004"
"1545648536","2053259448","0.523303"
"2053259448","1545648536","0.523303"
"1545648536","2057454627","0.922619"
"2057454627","1545648536","0.922619"
"1545648536","72078578","0.875433"
"72078578","1545648536","0.875433"
"1876858742","2001800943","0.470671"
"2001800943","1876858742","0.470671"
"1876858742","2053259448","1.929"
"2053259448","1876858742","1.929"
"1876858742","2057454627","0.571429"
"2057454627","1876858742","0.571429"
"1876858742","2132555066","0.662338"
"2132555066","1876858742","0.662338"
"1876858742","72078578","1.31591"
"72078578","1876858742","1.31591"
"2001800943","2053259448","0.523303"
"2053259448","2001800943","0.523303"
"2001800943","2057454627","2.42262"
"2057454627","2001800943","2.42262"
"2001800943","72078578","0.875433"
"72078578","2001800943","0.875433"
"2053259448","2057454627","0.571429"
"2057454627","2053259448","0.571429"
"2053259448","2132555066","0.912338"
"2132555066","2053259448","0.912338"
"2053259448","72078578","0.815909"
"72078578","2053259448","0.815909"
"2057454627","2132555066","0.714286"
"2132555066","2057454627","0.714286"
"2057454627","72078578","0.125"
"72078578","2057454627","0.125"
"2132555066","72078578","0.608766"
"72078578","2132555066","0.608766"
"1511537625","1529615683","0.307393"
"1529615683","1511537625","0.307393"
"1511537625","1565705071","0.446429"
"1565705071","1511537625","0.446429"
"1511537625","1966540900","0.829004"
"1966540900","1511537625","0.829004"
"1511537625","1983471910","2.3983"
"1983471910","1511537625","2.3983"
"1511537625","2100132188","0.196429"
"2100132188","1511537625","0.196429"
"1511537625","2140859609","0.738095"
"2140859609","1511537625","0.738095"
"1511537625","5990311","0.423303"
"5990311","1511537625","0.423303"
"1528335044","2100132188","0.529762"
"2100132188","1528335044","0.529762"
"1528335044","2140859609","0.0714286"
"2140859609","1528335044","0.0714286"
"1528335044","5990311","2.34686"
"5990311","1528335044","2.34686"
"1529615683","1876858742","0.588095"
"1876858742","1529615683","0.588095"
"1529615683","2053259448","0.307393"
"2053259448","1529615683","0.307393"
"1529615683","2057454627","0.547619"
"2057454627","1529615683","0.547619"
"1529615683","2100132188","0.0714286"
"2100132188","1529615683","0.0714286"
"1529615683","2140859609","0.0714286"
"2140859609","1529615683","0.0714286"
"1529615683","5990311","0.350251"
"5990311","1529615683","0.350251"
"1545648536","2100132188","0.0714286"
"2100132188","1545648536","0.0714286"
"1545648536","2140859609","0.0714286"
"2140859609","1545648536","0.0714286"
"1545648536","5990311","0.44116"
"5990311","1545648536","0.44116"
"1565705071","1876858742","0.446429"
"1876858742","1565705071","0.446429"
"1565705071","2053259448","0.446429"
"2053259448","1565705071","0.446429"
"1565705071","2057454627","1.27976"
"2057454627","1565705071","1.27976"
"1565705071","2100132188","0.529762"
"2100132188","1565705071","0.529762"
"1565705071","2140859609","0.0714286"
"2140859609","1565705071","0.0714286"
"1565705071","5990311","1.1131"
"5990311","1565705071","1.1131"
"1876858742","1966540900","0.245671"
"1966540900","1876858742","0.245671"
"1876858742","1983471910","0.679004"
"1983471910","1876858742","0.679004"
"1876858742","2100132188","0.196429"
"2100132188","1876858742","0.196429"
"1876858742","2140859609","1.2381"
"2140859609","1876858742","1.2381"
"1876858742","5990311","0.870671"
"5990311","1876858742","0.870671"
"1966540900","2053259448","0.829004"
"2053259448","1966540900","0.829004"
"1966540900","2057454627","0.154762"
"2057454627","1966540900","0.154762"
"1966540900","2100132188","0.0714286"
"2100132188","1966540900","0.0714286"
"1966540900","2140859609","1.07143"
"2140859609","1966540900","1.07143"
"1966540900","5990311","0.245671"
"5990311","1966540900","0.245671"
"1983471910","2053259448","1.3983"
"2053259448","1983471910","1.3983"
"1983471910","2057454627","0.797619"
"2057454627","1983471910","0.797619"
"1983471910","2100132188","1.07143"
"2100132188","1983471910","1.07143"
"1983471910","2140859609","0.0714286"
"2140859609","1983471910","0.0714286"
"1983471910","5990311","0.44116"
"5990311","1983471910","0.44116"
"2001800943","2100132188","0.571429"
"2100132188","2001800943","0.571429"
"2001800943","2140859609","0.0714286"
"2140859609","2001800943","0.0714286"
"2001800943","5990311","0.44116"
"5990311","2001800943","0.44116"
"2053259448","2100132188","0.196429"
"2100132188","2053259448","0.196429"
"2053259448","2140859609","0.738095"
"2140859609","2053259448","0.738095"
"2053259448","5990311","0.423303"
"5990311","2053259448","0.423303"
"2057454627","2100132188","1.02976"
"2100132188","2057454627","1.02976"
"2057454627","2140859609","0.0714286"
"2140859609","2057454627","0.0714286"
"2057454627","5990311","0.422619"
"5990311","2057454627","0.422619"
"2100132188","2132555066","0.196429"
"2132555066","2100132188","0.196429"
"2100132188","2140859609","0.0714286"
"2140859609","2100132188","0.0714286"
"2100132188","5990311","1.19643"
"5990311","2100132188","1.19643"
"2132555066","2140859609","0.0714286"
"2140859609","2132555066","0.0714286"
"2132555066","5990311","0.846861"
"5990311","2132555066","0.846861"
"2140859609","5990311","0.571429"
"5990311","2140859609","0.571429"
"1511537625","2142491343","0.0909091"
"2142491343","1511537625","0.0909091"
"1528335044","2142491343","0.0909091"
"2142491343","1528335044","0.0909091"
"1545648536","2142491343","0.0909091"
"2142491343","1545648536","0.0909091"
"1876858742","2142491343","0.0909091"
"2142491343","1876858742","0.0909091"
"1966540900","2142491343","0.0909091"
"2142491343","1966540900","0.0909091"
"1966540900","72078578","0.340909"
"72078578","1966540900","0.340909"
"1983471910","2142491343","1.42424"
"2142491343","1983471910","1.42424"
"1983471910","72078578","0.750433"
"72078578","1983471910","0.750433"
"2001800943","2142491343","0.924242"
"2142491343","2001800943","0.924242"
"2053259448","2142491343","0.0909091"
"2142491343","2053259448","0.0909091"
"2132555066","2142491343","1.09091"
"2142491343","2132555066","1.09091"
"2142491343","5990311","0.0909091"
"5990311","2142491343","0.0909091"
"2142491343","72078578","0.0909091"
"72078578","2142491343","0.0909091"
"5990311","72078578","0.0909091"
"72078578","5990311","0.0909091"
"1511537625","2135415639","0.1"
"2135415639","1511537625","0.1"
"1511537625","2942122859","0.1"
"2942122859","1511537625","0.1"
"1528335044","2135415639","0.475"
"2135415639","1528335044","0.475"
"1528335044","2942122859","0.1"
"2942122859","1528335044","0.1"
"1529615683","2135415639","0.725"
"2135415639","1529615683","0.725"
"1529615683","2942122859","0.1"
"2942122859","1529615683","0.1"
"1529615683","72078578","0.659524"
"72078578","1529615683","0.659524"
"1545648536","2135415639","0.975"
"2135415639","1545648536","0.975"
"1545648536","2942122859","0.1"
"2942122859","1545648536","0.1"
"1876858742","2135415639","0.1"
"2135415639","1876858742","0.1"
"1876858742","2942122859","0.1"
"2942122859","1876858742","0.1"
"1983471910","2135415639","0.475"
"2135415639","1983471910","0.475"
"1983471910","2942122859","0.1"
"2942122859","1983471910","0.1"
"2001800943","2135415639","0.225"
"2135415639","2001800943","0.225"
"2001800943","2942122859","0.1"
"2942122859","2001800943","0.1"
"2053259448","2135415639","0.1"
"2135415639","2053259448","0.1"
"2053259448","2942122859","0.1"
"2942122859","2053259448","0.1"
"2135415639","2942122859","0.1"
"2942122859","2135415639","0.1"
"2135415639","72078578","0.225"
"72078578","2135415639","0.225"
"2942122859","72078578","0.1"
"72078578","2942122859","0.1"
"1511537625","1588356406","0.0526316"
"1588356406","1511537625","0.0526316"
"1511537625","1990578345","0.0526316"
"1990578345","1511537625","0.0526316"
"1511537625","2027693316","0.0526316"
"2027693316","1511537625","0.0526316"
"1511537625","2031140681","0.552632"
"2031140681","1511537625","0.552632"
"1511537625","2046598510","0.0526316"
"2046598510","1511537625","0.0526316"
"1511537625","2099420702","0.0526316"
"2099420702","1511537625","0.0526316"
"1511537625","2120851941","0.0526316"
"2120851941","1511537625","0.0526316"
"1511537625","2147805208","0.552632"
"2147805208","1511537625","0.552632"
"1511537625","2546121445","0.0526316"
"2546121445","1511537625","0.0526316"
"1511537625","2548710019","0.0526316"
"2548710019","1511537625","0.0526316"
"1511537625","2885723353","0.0526316"
"2885723353","1511537625","0.0526316"
"1511537625","2950678578","0.0526316"
"2950678578","1511537625","0.0526316"
"1511537625","387039077","0.0526316"
"387039077","1511537625","0.0526316"
"1529615683","1588356406","0.0526316"
"1588356406","1529615683","0.0526316"
"1529615683","1990578345","0.0526316"
"1990578345","1529615683","0.0526316"
"1529615683","2027693316","0.0526316"
"2027693316","1529615683","0.0526316"
"1529615683","2031140681","0.0526316"
"2031140681","1529615683","0.0526316"
"1529615683","2046598510","0.0526316"
"2046598510","1529615683","0.0526316"
"1529615683","2099420702","0.0526316"
"2099420702","1529615683","0.0526316"
"1529615683","2120851941","0.0526316"
"2120851941","1529615683","0.0526316"
"1529615683","2147805208","0.0526316"
"2147805208","1529615683","0.0526316"
"1529615683","2546121445","0.0526316"
"2546121445","1529615683","0.0526316"
"1529615683","2548710019","0.0526316"
"2548710019","1529615683","0.0526316"
"1529615683","2885723353","0.0526316"
"2885723353","1529615683","0.0526316"
"1529615683","2950678578","0.0526316"
"2950678578","1529615683","0.0526316"
"1529615683","387039077","0.0526316"
"387039077","1529615683","0.0526316"
"1545648536","1588356406","0.0526316"
"1588356406","1545648536","0.0526316"
"1545648536","1990578345","0.0526316"
"1990578345","1545648536","0.0526316"
"1545648536","2027693316","0.0526316"
"2027693316","1545648536","0.0526316"
"1545648536","2031140681","0.0526316"
"2031140681","1545648536","0.0526316"
"1545648536","2046598510","0.0526316"
"2046598510","1545648536","0.0526316"
"1545648536","2099420702","0.0526316"
"2099420702","1545648536","0.0526316"
"1545648536","2120851941","0.0526316"
"2120851941","1545648536","0.0526316"
"1545648536","2147805208","0.0526316"
"2147805208","1545648536","0.0526316"
"1545648536","2546121445","0.0526316"
"2546121445","1545648536","0.0526316"
"1545648536","2548710019","0.0526316"
"2548710019","1545648536","0.0526316"
"1545648536","2885723353","0.0526316"
"2885723353","1545648536","0.0526316"
"1545648536","2950678578","0.0526316"
"2950678578","1545648536","0.0526316"
"1545648536","387039077","0.0526316"
"387039077","1545648536","0.0526316"
"1588356406","1983471910","0.0526316"
"1983471910","1588356406","0.0526316"
"1588356406","1990578345","0.0526316"
"1990578345","1588356406","0.0526316"
"1588356406","2001800943","0.0526316"
"2001800943","1588356406","0.0526316"
"1588356406","2027693316","0.0526316"
"2027693316","1588356406","0.0526316"
"1588356406","2031140681","0.0526316"
"2031140681","1588356406","0.0526316"
"1588356406","2046598510","0.0526316"
"2046598510","1588356406","0.0526316"
"1588356406","2053259448","0.0526316"
"2053259448","1588356406","0.0526316"
"1588356406","2099420702","0.0526316"
"2099420702","1588356406","0.0526316"
"1588356406","2120851941","0.0526316"
"2120851941","1588356406","0.0526316"
"1588356406","2147805208","0.0526316"
"2147805208","1588356406","0.0526316"
"1588356406","2546121445","0.0526316"
"2546121445","1588356406","0.0526316"
"1588356406","2548710019","0.0526316"
"2548710019","1588356406","0.0526316"
"1588356406","2885723353","0.0526316"
"2885723353","1588356406","0.0526316"
"1588356406","2950678578","0.0526316"
"2950678578","1588356406","0.0526316"
"1588356406","387039077","0.0526316"
"387039077","1588356406","0.0526316"
"1588356406","5990311","0.0526316"
"5990311","1588356406","0.0526316"
"1983471910","1990578345","0.0526316"
"1990578345","1983471910","0.0526316"
"1983471910","2027693316","0.0526316"
"2027693316","1983471910","0.0526316"
"1983471910","2031140681","0.0526316"
"2031140681","1983471910","0.0526316"
"1983471910","2046598510","0.0526316"
"2046598510","1983471910","0.0526316"
"1983471910","2099420702","0.0526316"
"2099420702","1983471910","0.0526316"
"1983471910","2120851941","0.0526316"
"2120851941","1983471910","0.0526316"
"1983471910","2147805208","0.0526316"
"2147805208","1983471910","0.0526316"
"1983471910","2546121445","0.0526316"
"2546121445","1983471910","0.0526316"
"1983471910","2548710019","0.0526316"
"2548710019","1983471910","0.0526316"
"1983471910","2885723353","0.0526316"
"2885723353","1983471910","0.0526316"
"1983471910","2950678578","0.0526316"
"2950678578","1983471910","0.0526316"
"1983471910","387039077","0.0526316"
"387039077","1983471910","0.0526316"
"1990578345","2001800943","0.0526316"
"2001800943","1990578345","0.0526316"
"1990578345","2027693316","9.92882"
"2027693316","1990578345","9.92882"
"1990578345","2031140681","0.0526316"
"2031140681","1990578345","0.0526316"
"1990578345","2046598510","0.0526316"
"2046598510","1990578345","0.0526316"
"1990578345","2053259448","0.0526316"
"2053259448","1990578345","0.0526316"
"1990578345","2099420702","0.0526316"
"2099420702","1990578345","0.0526316"
"1990578345","2120851941","0.0526316"
"2120851941","1990578345","0.0526316"
"1990578345","2546121445","0.0526316"
"2546121445","1990578345","0.0526316"
"1990578345","2548710019","0.624655"
"2548710019","1990578345","0.624655"
"1990578345","2885723353","0.0526316"
"2885723353","1990578345","0.0526316"
"1990578345","2950678578","0.624655"
"2950678578","1990578345","0.624655"
"1990578345","387039077","0.365132"
"387039077","1990578345","0.365132"
"1990578345","5990311","0.0526316"
"5990311","1990578345","0.0526316"
"2001800943","2027693316","0.0526316"
"2027693316","2001800943","0.0526316"
"2001800943","2031140681","0.0526316"
"2031140681","2001800943","0.0526316"
"2001800943","2046598510","0.0526316"
"2046598510","2001800943","0.0526316"
"2001800943","2099420702","0.0526316"
"2099420702","2001800943","0.0526316"
"2001800943","2120851941","0.0526316"
"2120851941","2001800943","0.0526316"
"2001800943","2147805208","0.0526316"
"2147805208","2001800943","0.0526316"
"2001800943","2546121445","0.0526316"
"2546121445","2001800943","0.0526316"
"2001800943","2548710019","0.0526316"
"2548710019","2001800943","0.0526316"
"2001800943","2885723353","0.0526316"
"2885723353","2001800943","0.0526316"
"2001800943","2950678578","0.0526316"
"2950678578","2001800943","0.0526316"
"2001800943","387039077","0.0526316"
"387039077","2001800943","0.0526316"
"2027693316","2031140681","0.0526316"
"2031140681","2027693316","0.0526316"
"2027693316","2046598510","0.0526316"
"2046598510","2027693316","0.0526316"
"2027693316","2053259448","0.0526316"
"2053259448","2027693316","0.0526316"
"2027693316","2099420702","0.0526316"
"2099420702","2027693316","0.0526316"
"2027693316","2120851941","0.0526316"
"2120851941","2027693316","0.0526316"
"2027693316","2546121445","0.344298"
"2546121445","2027693316","0.344298"
"2027693316","2548710019","0.395489"
"2548710019","2027693316","0.395489"
"2027693316","2885723353","0.0526316"
"2885723353","2027693316","0.0526316"
"2027693316","2950678578","0.395489"
"2950678578","2027693316","0.395489"
"2027693316","387039077","0.219298"
"387039077","2027693316","0.219298"
"2027693316","5990311","0.0526316"
"5990311","2027693316","0.0526316"
"2031140681","2046598510","0.0526316"
"2046598510","2031140681","0.0526316"
"2031140681","2053259448","0.0526316"
"2053259448","2031140681","0.0526316"
"2031140681","2099420702","0.0526316"
"2099420702","2031140681","0.0526316"
"2031140681","2120851941","0.552632"
"2120851941","2031140681","0.552632"
"2031140681","2147805208","0.552632"
"2147805208","2031140681","0.552632"
"2031140681","2546121445","0.0526316"
"2546121445","2031140681","0.0526316"
"2031140681","2548710019","0.0526316"
"2548710019","2031140681","0.0526316"
"2031140681","2885723353","0.0526316"
"2885723353","2031140681","0.0526316"
"2031140681","2950678578","0.0526316"
"2950678578","2031140681","0.0526316"
"2031140681","387039077","0.0526316"
"387039077","2031140681","0.0526316"
"2031140681","5990311","0.0526316"
"5990311","2031140681","0.0526316"
"2046598510","2053259448","0.0526316"
"2053259448","2046598510","0.0526316"
"2046598510","2099420702","0.0526316"
"2099420702","2046598510","0.0526316"
"2046598510","2120851941","0.0526316"
"2120851941","2046598510","0.0526316"
"2046598510","2147805208","0.0526316"
"2147805208","2046598510","0.0526316"
"2046598510","2546121445","0.0526316"
"2546121445","2046598510","0.0526316"
"2046598510","2548710019","0.0526316"
"2548710019","2046598510","0.0526316"
"2046598510","2885723353","0.0526316"
"2885723353","2046598510","0.0526316"
"2046598510","2950678578","0.0526316"
"2950678578","2046598510","0.0526316"
"2046598510","387039077","0.0526316"
"387039077","2046598510","0.0526316"
"2046598510","5990311","0.0526316"
"5990311","2046598510","0.0526316"
"2053259448","2099420702","0.0526316"
"2099420702","2053259448","0.0526316"
"2053259448","2120851941","0.0526316"
"2120851941","2053259448","0.0526316"
"2053259448","2147805208","0.0526316"
"2147805208","2053259448","0.0526316"
"2053259448","2546121445","0.0526316"
"2546121445","2053259448","0.0526316"
