"111193738","2212063919","1.5"
"2212063919","111193738","1.5"
"111193738","2212127357","1"
"2212127357","111193738","1"
"111193738","2272083857","1"
"2272083857","111193738","1"
"111193738","2273417578","1"
"2273417578","111193738","1"
"111193738","2406817766","1.5"
"2406817766","111193738","1.5"
"2212063919","2212127357","1"
"2212127357","2212063919","1"
"2212063919","2272083857","2"
"2272083857","2212063919","2"
"2212063919","2273417578","1.5"
"2273417578","2212063919","1.5"
"2212063919","2406817766","3"
"2406817766","2212063919","3"
"2212127357","2272083857","2"
"2272083857","2212127357","2"
"2212127357","2273417578","1"
"2273417578","2212127357","1"
"2212127357","2406817766","1"
"2406817766","2212127357","1"
"2272083857","2273417578","1"
"2273417578","2272083857","1"
"2272083857","2406817766","2"
"2406817766","2272083857","2"
"2273417578","2406817766","2.5"
"2406817766","2273417578","2.5"
"135863099","2136195851","1.37424"
"2136195851","135863099","1.37424"
"135863099","2158237121","1.57424"
"2158237121","135863099","1.57424"
"2136195851","2158237121","6.87424"
"2158237121","2136195851","6.87424"
"135863099","1513452153","0.45"
"1513452153","135863099","0.45"
"135863099","1577927098","0.45"
"1577927098","135863099","0.45"
"1513452153","1577927098","16.1167"
"1577927098","1513452153","16.1167"
"1513452153","2136195851","0.583333"
"2136195851","1513452153","0.583333"
"1513452153","2158237121","5.11667"
"2158237121","1513452153","5.11667"
"1577927098","2136195851","0.583333"
"2136195851","1577927098","0.583333"
"1577927098","2158237121","3.11667"
"2158237121","1577927098","3.11667"
"135863099","2063259549","0.701165"
"2063259549","135863099","0.701165"
"2063259549","2136195851","0.957576"
"2136195851","2063259549","0.957576"
"2063259549","2158237121","9.51753"
"2158237121","2063259549","9.51753"
"135863099","1916523342","0.2"
"1916523342","135863099","0.2"
"135863099","1968039508","0.290909"
"1968039508","135863099","0.290909"
"1513452153","1916523342","0.2"
"1916523342","1513452153","0.2"
"1513452153","1968039508","0.2"
"1968039508","1513452153","0.2"
"1577927098","1916523342","0.2"
"1916523342","1577927098","0.2"
"1577927098","1968039508","0.2"
"1968039508","1577927098","0.2"
"1916523342","1968039508","0.2"
"1968039508","1916523342","0.2"
"1916523342","2158237121","0.2"
"2158237121","1916523342","0.2"
"1968039508","2158237121","5.29091"
"2158237121","1968039508","5.29091"
"135863099","1534029260","0.0909091"
"1534029260","135863099","0.0909091"
"135863099","1601880505","0.167832"
"1601880505","135863099","0.167832"
"135863099","1994502095","0.290909"
"1994502095","135863099","0.290909"
"135863099","2079992169","0.167832"
"2079992169","135863099","0.167832"
"135863099","2098372784","0.0909091"
"2098372784","135863099","0.0909091"
"135863099","2130911657","0.167832"
"2130911657","135863099","0.167832"
"135863099","2158141386","0.0909091"
"2158141386","135863099","0.0909091"
"1534029260","1601880505","1.01515"
"1601880505","1534029260","1.01515"
"1534029260","1968039508","0.0909091"
"1968039508","1534029260","0.0909091"
"1534029260","1994502095","0.0909091"
"1994502095","1534029260","0.0909091"
"1534029260","2063259549","0.640152"
"2063259549","1534029260","0.640152"
"1534029260","2079992169","0.0909091"
"2079992169","1534029260","0.0909091"
"1534029260","2098372784","0.890152"
"2098372784","1534029260","0.890152"
"1534029260","2130911657","0.890152"
"2130911657","1534029260","0.890152"
"1534029260","2136195851","0.0909091"
"2136195851","1534029260","0.0909091"
"1534029260","2158141386","0.0909091"
"2158141386","1534029260","0.0909091"
"1534029260","2158237121","1.22348"
"2158237121","1534029260","1.22348"
"1601880505","1968039508","0.0909091"
"1968039508","1601880505","0.0909091"
"1601880505","1994502095","0.0909091"
"1994502095","1601880505","0.0909091"
"1601880505","2063259549","1.4266"
"2063259549","1601880505","1.4266"
"1601880505","2079992169","0.167832"
"2079992169","1601880505","0.167832"
"1601880505","2098372784","1.01634"
"2098372784","1601880505","1.01634"
"1601880505","2130911657","1.39327"
"2130911657","1601880505","1.39327"
"1601880505","2136195851","0.0909091"
"2136195851","1601880505","0.0909091"
"1601880505","2158141386","0.0909091"
"2158141386","1601880505","0.0909091"
"1601880505","2158237121","2.34968"
"2158237121","1601880505","2.34968"
"1968039508","1994502095","0.424242"
"1994502095","1968039508","0.424242"
"1968039508","2063259549","1.25758"
"2063259549","1968039508","1.25758"
"1968039508","2079992169","0.0909091"
"2079992169","1968039508","0.0909091"
"1968039508","2098372784","0.0909091"
"2098372784","1968039508","0.0909091"
"1968039508","2130911657","0.0909091"
"2130911657","1968039508","0.0909091"
"1968039508","2136195851","3.92424"
"2136195851","1968039508","3.92424"
"1968039508","2158141386","0.0909091"
"2158141386","1968039508","0.0909091"
"1994502095","2063259549","0.624242"
"2063259549","1994502095","0.624242"
"1994502095","2079992169","0.0909091"
"2079992169","1994502095","0.0909091"
"1994502095","2098372784","0.340909"
"2098372784","1994502095","0.340909"
"1994502095","2130911657","0.0909091"
"2130911657","1994502095","0.0909091"
"1994502095","2136195851","0.790909"
"2136195851","1994502095","0.790909"
"1994502095","2158141386","4.17424"
"2158141386","1994502095","4.17424"
"1994502095","2158237121","5.70758"
"2158237121","1994502095","5.70758"
"2063259549","2079992169","0.167832"
"2079992169","2063259549","0.167832"
"2063259549","2098372784","1.9842"
"2098372784","2063259549","1.9842"
"2063259549","2130911657","1.52779"
"2130911657","2063259549","1.52779"
"2063259549","2158141386","0.5671"
"2158141386","2063259549","0.5671"
"2079992169","2098372784","0.424242"
"2098372784","2079992169","0.424242"
"2079992169","2130911657","0.167832"
"2130911657","2079992169","0.167832"
"2079992169","2136195851","0.424242"
"2136195851","2079992169","0.424242"
"2079992169","2158141386","0.0909091"
"2158141386","2079992169","0.0909091"
"2079992169","2158237121","33.6263"
"2158237121","2079992169","33.6263"
"2098372784","2130911657","2.51039"
"2130911657","2098372784","2.51039"
"2098372784","2136195851","0.424242"
"2136195851","2098372784","0.424242"
"2098372784","2158141386","3.0671"
"2158141386","2098372784","3.0671"
"2098372784","2158237121","18.0437"
"2158237121","2098372784","18.0437"
"2130911657","2136195851","0.0909091"
"2136195851","2130911657","0.0909091"
"2130911657","2158141386","0.233766"
"2158141386","2130911657","0.233766"
"2130911657","2158237121","5.67706"
"2158237121","2130911657","5.67706"
"2136195851","2158141386","0.590909"
"2158141386","2136195851","0.590909"
"2158141386","2158237121","10.7338"
"2158237121","2158141386","10.7338"
"135863099","2336493585","0.2"
"2336493585","135863099","0.2"
"1994502095","2336493585","1.78333"
"2336493585","1994502095","1.78333"
"2063259549","2336493585","0.67619"
"2336493585","2063259549","0.67619"
"2136195851","2336493585","0.2"
"2336493585","2136195851","0.2"
"2158237121","2336493585","6.50952"
"2336493585","2158237121","6.50952"
"135863099","1545837354","0.0769231"
"1545837354","135863099","0.0769231"
"135863099","1759929513","0.0769231"
"1759929513","135863099","0.0769231"
"135863099","1996467498","0.0769231"
"1996467498","135863099","0.0769231"
"135863099","2058178853","0.0769231"
"2058178853","135863099","0.0769231"
"135863099","2137253043","0.0769231"
"2137253043","135863099","0.0769231"
"135863099","2143979434","0.0769231"
"2143979434","135863099","0.0769231"
"135863099","2161971058","0.0769231"
"2161971058","135863099","0.0769231"
"135863099","2509664023","0.0769231"
"2509664023","135863099","0.0769231"
"135863099","2963171474","0.0769231"
"2963171474","135863099","0.0769231"
"1545837354","1601880505","1.80236"
"1601880505","1545837354","1.80236"
"1545837354","1759929513","0.0769231"
"1759929513","1545837354","0.0769231"
"1545837354","1996467498","1.34402"
"1996467498","1545837354","1.34402"
"1545837354","2058178853","0.292832"
"2058178853","1545837354","0.292832"
"1545837354","2063259549","1.54402"
"2063259549","1545837354","1.54402"
"1545837354","2079992169","0.410256"
"2079992169","1545837354","0.410256"
"1545837354","2130911657","1.09402"
"2130911657","1545837354","1.09402"
"1545837354","2137253043","0.24359"
"2137253043","1545837354","0.24359"
"1545837354","2143979434","0.0769231"
"2143979434","1545837354","0.0769231"
"1545837354","2161971058","0.0769231"
"2161971058","1545837354","0.0769231"
"1545837354","2509664023","0.167832"
"2509664023","1545837354","0.167832"
"1545837354","2963171474","0.24359"
"2963171474","1545837354","0.24359"
"1601880505","1759929513","0.0769231"
"1759929513","1601880505","0.0769231"
"1601880505","1996467498","1.50236"
"1996467498","1601880505","1.50236"
"1601880505","2058178853","0.167832"
"2058178853","1601880505","0.167832"
"1601880505","2137253043","0.0769231"
"2137253043","1601880505","0.0769231"
"1601880505","2143979434","0.0769231"
"2143979434","1601880505","0.0769231"
"1601880505","2161971058","0.0769231"
"2161971058","1601880505","0.0769231"
"1601880505","2509664023","0.167832"
"2509664023","1601880505","0.167832"
"1601880505","2963171474","0.0769231"
"2963171474","1601880505","0.0769231"
"1759929513","1996467498","0.21978"
"1996467498","1759929513","0.21978"
"1759929513","2058178853","0.0769231"
"2058178853","1759929513","0.0769231"
"1759929513","2063259549","1.74359"
"2063259549","1759929513","1.74359"
"1759929513","2079992169","0.0769231"
"2079992169","1759929513","0.0769231"
"1759929513","2130911657","0.21978"
"2130911657","1759929513","0.21978"
"1759929513","2137253043","6.21978"
"2137253043","1759929513","6.21978"
"1759929513","2143979434","0.0769231"
"2143979434","1759929513","0.0769231"
"1759929513","2161971058","0.0769231"
"2161971058","1759929513","0.0769231"
"1759929513","2509664023","0.0769231"
"2509664023","1759929513","0.0769231"
"1759929513","2963171474","8.21978"
"2963171474","1759929513","8.21978"
"1996467498","2058178853","0.292832"
"2058178853","1996467498","0.292832"
"1996467498","2063259549","1.93688"
"2063259549","1996467498","1.93688"
"1996467498","2079992169","0.0769231"
"2079992169","1996467498","0.0769231"
"1996467498","2130911657","2.12974"
"2130911657","1996467498","2.12974"
"1996467498","2137253043","0.386447"
"2137253043","1996467498","0.386447"
"1996467498","2143979434","0.0769231"
"2143979434","1996467498","0.0769231"
"1996467498","2161971058","0.326923"
"2161971058","1996467498","0.326923"
"1996467498","2509664023","0.167832"
"2509664023","1996467498","0.167832"
"1996467498","2963171474","0.386447"
"2963171474","1996467498","0.386447"
"2058178853","2063259549","0.292832"
"2063259549","2058178853","0.292832"
"2058178853","2079992169","0.0769231"
"2079992169","2058178853","0.0769231"
"2058178853","2130911657","0.292832"
"2130911657","2058178853","0.292832"
"2058178853","2137253043","0.0769231"
"2137253043","2058178853","0.0769231"
"2058178853","2143979434","0.0769231"
"2143979434","2058178853","0.0769231"
"2058178853","2161971058","0.0769231"
"2161971058","2058178853","0.0769231"
"2058178853","2509664023","0.167832"
"2509664023","2058178853","0.167832"
"2058178853","2963171474","0.0769231"
"2963171474","2058178853","0.0769231"
"2063259549","2137253043","0.910256"
"2137253043","2063259549","0.910256"
"2063259549","2143979434","0.0769231"
"2143979434","2063259549","0.0769231"
"2063259549","2161971058","2.16026"
"2161971058","2063259549","2.16026"
"2063259549","2509664023","0.167832"
"2509664023","2063259549","0.167832"
"2063259549","2963171474","0.910256"
"2963171474","2063259549","0.910256"
"2079992169","2137253043","0.0769231"
"2137253043","2079992169","0.0769231"
"2079992169","2143979434","0.0769231"
"2143979434","2079992169","0.0769231"
"2079992169","2161971058","0.0769231"
"2161971058","2079992169","0.0769231"
"2079992169","2509664023","0.0769231"
"2509664023","2079992169","0.0769231"
"2079992169","2963171474","0.0769231"
"2963171474","2079992169","0.0769231"
"2130911657","2137253043","0.386447"
"2137253043","2130911657","0.386447"
"2130911657","2143979434","0.0769231"
"2143979434","2130911657","0.0769231"
"2130911657","2161971058","0.0769231"
"2161971058","2130911657","0.0769231"
"2130911657","2509664023","0.167832"
"2509664023","2130911657","0.167832"
"2130911657","2963171474","0.386447"
"2963171474","2130911657","0.386447"
"2137253043","2143979434","0.0769231"
"2143979434","2137253043","0.0769231"
"2137253043","2161971058","0.0769231"
"2161971058","2137253043","0.0769231"
"2137253043","2509664023","0.0769231"
"2509664023","2137253043","0.0769231"
"2137253043","2963171474","18.4864"
"2963171474","2137253043","18.4864"
"2143979434","2161971058","0.0769231"
"2161971058","2143979434","0.0769231"
"2143979434","2509664023","0.0769231"
"2509664023","2143979434","0.0769231"
"2143979434","2963171474","0.0769231"
"2963171474","2143979434","0.0769231"
"2161971058","2509664023","0.0769231"
"2509664023","2161971058","0.0769231"
"2161971058","2963171474","0.0769231"
"2963171474","2161971058","0.0769231"
"2509664023","2963171474","0.0769231"
"2963171474","2509664023","0.0769231"
"1513452153","1996467498","0.5"
"1996467498","1513452153","0.5"
"1513452153","2098372784","0.5"
"2098372784","1513452153","0.5"
"1996467498","2098372784","4.58615"
"2098372784","1996467498","4.58615"
"1513452153","2143979434","0.333333"
"2143979434","1513452153","0.333333"
"1577927098","2143979434","0.333333"
"2143979434","1577927098","0.333333"
"2143979434","2158237121","0.333333"
"2158237121","2143979434","0.333333"
"1534029260","1996467498","0.965909"
"1996467498","1534029260","0.965909"
"1996467498","2158237121","8.91948"
"2158237121","1996467498","8.91948"
"1534029260","1545837354","0.215909"
"1545837354","1534029260","0.215909"
"1534029260","2058178853","0.215909"
"2058178853","1534029260","0.215909"
"1534029260","2125965251","0.0909091"
"2125965251","1534029260","0.0909091"
"1534029260","2167911783","0.215909"
"2167911783","1534029260","0.215909"
"1534029260","2509664023","0.0909091"
"2509664023","1534029260","0.0909091"
"1545837354","2098372784","1.30043"
"2098372784","1545837354","1.30043"
"1545837354","2125965251","0.358766"
"2125965251","1545837354","0.358766"
"1545837354","2158237121","3.80043"
"2158237121","1545837354","3.80043"
"1545837354","2167911783","0.674242"
"2167911783","1545837354","0.674242"
"1601880505","2125965251","0.358766"
"2125965251","1601880505","0.358766"
"1601880505","2167911783","0.215909"
"2167911783","1601880505","0.215909"
"1996467498","2125965251","0.834957"
"2125965251","1996467498","0.834957"
"1996467498","2167911783","0.8171"
"2167911783","1996467498","0.8171"
"2058178853","2098372784","0.215909"
"2098372784","2058178853","0.215909"
"2058178853","2125965251","0.0909091"
"2125965251","2058178853","0.0909091"
"2058178853","2158237121","0.215909"
"2158237121","2058178853","0.215909"
"2058178853","2167911783","0.215909"
"2167911783","2058178853","0.215909"
"2063259549","2125965251","0.501623"
"2125965251","2063259549","0.501623"
"2063259549","2167911783","0.340909"
"2167911783","2063259549","0.340909"
"2098372784","2125965251","1.00162"
"2125965251","2098372784","1.00162"
"2098372784","2167911783","0.8171"
"2167911783","2098372784","0.8171"
"2098372784","2509664023","0.0909091"
"2509664023","2098372784","0.0909091"
"2125965251","2130911657","0.501623"
"2130911657","2125965251","0.501623"
"2125965251","2158237121","1.83496"
"2158237121","2125965251","1.83496"
"2125965251","2167911783","0.215909"
"2167911783","2125965251","0.215909"
"2125965251","2509664023","0.0909091"
"2509664023","2125965251","0.0909091"
"2130911657","2167911783","0.483766"
"2167911783","2130911657","0.483766"
"2158237121","2167911783","10.1504"
"2167911783","2158237121","10.1504"
"2158237121","2509664023","0.233766"
"2509664023","2158237121","0.233766"
"2167911783","2509664023","0.0909091"
"2509664023","2167911783","0.0909091"
"1543503180","1759929513","0.333333"
"1759929513","1543503180","0.333333"
"1543503180","2137253043","0.333333"
"2137253043","1543503180","0.333333"
"1543503180","2963171474","0.333333"
"2963171474","1543503180","0.333333"
"1545837354","2118995957","0.2"
"2118995957","1545837354","0.2"
"2063259549","2118995957","3.93377"
"2118995957","2063259549","3.93377"
"2098372784","2118995957","0.2"
"2118995957","2098372784","0.2"
"2118995957","2130911657","0.2"
"2130911657","2118995957","0.2"
"2118995957","2158237121","3.52107"
"2158237121","2118995957","3.52107"
"2137253043","2158237121","0.809524"
"2158237121","2137253043","0.809524"
"2158237121","2963171474","0.809524"
"2963171474","2158237121","0.809524"
"1545837354","2143775511","1"
"2143775511","1545837354","1"
"2079992169","2167911783","0.833333"
"2167911783","2079992169","0.833333"
"1561633987","2158237121","2.66667"
"2158237121","1561633987","2.66667"
"1561633987","2167911783","1"
"2167911783","1561633987","1"
"1561633987","1585029481","3.03333"
"1585029481","1561633987","3.03333"
"1561633987","2298069920","2.53333"
"2298069920","1561633987","2.53333"
"1585029481","2298069920","3.64444"
"2298069920","1585029481","3.64444"
"1561633987","1970298499","1.37424"
"1970298499","1561633987","1.37424"
"1561633987","1974637590","0.266667"
"1974637590","1561633987","0.266667"
"1561633987","2021590156","1.99924"
"2021590156","1561633987","1.99924"
"1561633987","2085930856","1.5"
"2085930856","1561633987","1.5"
"1561633987","2137253043","0.1"
"2137253043","1561633987","0.1"
"1561633987","2142644005","1.41667"
"2142644005","1561633987","1.41667"
"1561633987","2143775511","0.625433"
"2143775511","1561633987","0.625433"
"1561633987","2963171474","0.1"
"2963171474","1561633987","0.1"
"1585029481","1970298499","0.277778"
"1970298499","1585029481","0.277778"
"1585029481","1974637590","0.166667"
"1974637590","1585029481","0.166667"
"1585029481","2021590156","1.11667"
"2021590156","1585029481","1.11667"
"1585029481","2085930856","0.166667"
"2085930856","1585029481","0.166667"
"1585029481","2137253043","0.1"
"2137253043","1585029481","0.1"
"1585029481","2142644005","0.416667"
"2142644005","1585029481","0.416667"
"1585029481","2143775511","0.277778"
"2143775511","1585029481","0.277778"
"1585029481","2963171474","0.1"
"2963171474","1585029481","0.1"
"1970298499","1974637590","0.166667"
"1974637590","1970298499","0.166667"
"1970298499","2021590156","0.382576"
"2021590156","1970298499","0.382576"
"1970298499","2085930856","0.5"
"2085930856","1970298499","0.5"
"1970298499","2137253043","0.1"
"2137253043","1970298499","0.1"
"1970298499","2142644005","0.166667"
"2142644005","1970298499","0.166667"
"1970298499","2143775511","1.02702"
"2143775511","1970298499","1.02702"
"1970298499","2298069920","0.277778"
"2298069920","1970298499","0.277778"
"1970298499","2963171474","0.1"
"2963171474","1970298499","0.1"
"1974637590","2021590156","0.416667"
"2021590156","1974637590","0.416667"
"1974637590","2085930856","0.666667"
"2085930856","1974637590","0.666667"
"1974637590","2137253043","0.1"
"2137253043","1974637590","0.1"
"1974637590","2142644005","0.166667"
"2142644005","1974637590","0.166667"
"1974637590","2143775511","0.516667"
"2143775511","1974637590","0.516667"
"1974637590","2298069920","0.166667"
"2298069920","1974637590","0.166667"
"1974637590","2963171474","0.1"
"2963171474","1974637590","0.1"
"2021590156","2085930856","1.00758"
"2085930856","2021590156","1.00758"
"2021590156","2137253043","0.1"
"2137253043","2021590156","0.1"
"2021590156","2142644005","0.257576"
"2142644005","2021590156","0.257576"
"2021590156","2143775511","0.741342"
"2143775511","2021590156","0.741342"
"2021590156","2298069920","0.616667"
"2298069920","2021590156","0.616667"
"2021590156","2963171474","0.1"
"2963171474","2021590156","0.1"
"2085930856","2137253043","0.1"
"2137253043","2085930856","0.1"
"2085930856","2142644005","1.25758"
"2142644005","2085930856","1.25758"
"2085930856","2143775511","0.507576"
"2143775511","2085930856","0.507576"
"2085930856","2298069920","0.166667"
"2298069920","2085930856","0.166667"
"2085930856","2963171474","0.1"
"2963171474","2085930856","0.1"
"2137253043","2142644005","0.1"
"2142644005","2137253043","0.1"
"2137253043","2143775511","0.1"
"2143775511","2137253043","0.1"
"2137253043","2298069920","0.1"
"2298069920","2137253043","0.1"
"2142644005","2143775511","0.257576"
"2143775511","2142644005","0.257576"
"2142644005","2298069920","0.416667"
"2298069920","2142644005","0.416667"
"2142644005","2963171474","0.1"
"2963171474","2142644005","0.1"
"2143775511","2298069920","0.277778"
"2298069920","2143775511","0.277778"
"2143775511","2963171474","0.1"
"2963171474","2143775511","0.1"
"2298069920","2963171474","0.1"
"2963171474","2298069920","0.1"
"1561633987","2118995957","1.34091"
"2118995957","1561633987","1.34091"
"1561633987","1603757814","0.125"
"1603757814","1561633987","0.125"
"1561633987","2151181047","1.05043"
"2151181047","1561633987","1.05043"
"1561633987","2153231238","1.05043"
"2153231238","1561633987","1.05043"
"1561633987","2284544017","0.391667"
"2284544017","1561633987","0.391667"
"1561633987","2593759277","0.125"
"2593759277","1561633987","0.125"
"1561633987","2950965536","0.959524"
"2950965536","1561633987","0.959524"
"1603757814","1970298499","0.125"
"1970298499","1603757814","0.125"
"1603757814","2021590156","0.125"
"2021590156","1603757814","0.125"
"1603757814","2151181047","0.125"
"2151181047","1603757814","0.125"
"1603757814","2153231238","0.125"
"2153231238","1603757814","0.125"
"1603757814","2284544017","0.125"
"2284544017","1603757814","0.125"
"1603757814","2593759277","1.125"
"2593759277","1603757814","1.125"
"1603757814","2950965536","0.125"
"2950965536","1603757814","0.125"
"1970298499","2151181047","1.6171"
"2151181047","1970298499","1.6171"
"1970298499","2153231238","1.6171"
"2153231238","1970298499","1.6171"
"1970298499","2284544017","2.39167"
"2284544017","1970298499","2.39167"
"1970298499","2593759277","0.125"
"2593759277","1970298499","0.125"
"1970298499","2950965536","1.15952"
"2950965536","1970298499","1.15952"
"2021590156","2151181047","0.716342"
"2151181047","2021590156","0.716342"
"2021590156","2153231238","0.859199"
"2153231238","2021590156","0.859199"
"2021590156","2284544017","0.191667"
"2284544017","2021590156","0.191667"
"2021590156","2593759277","0.125"
"2593759277","2021590156","0.125"
"2021590156","2950965536","0.334524"
"2950965536","2021590156","0.334524"
"2151181047","2153231238","7.22706"
"2153231238","2151181047","7.22706"
"2151181047","2284544017","0.391667"
"2284544017","2151181047","0.391667"
"2151181047","2593759277","0.125"
"2593759277","2151181047","0.125"
"2151181047","2950965536","5.47857"
"2950965536","2151181047","5.47857"
"2153231238","2284544017","0.391667"
"2284544017","2153231238","0.391667"
"2153231238","2593759277","0.125"
"2593759277","2153231238","0.125"
"2153231238","2950965536","5.47857"
"2950965536","2153231238","5.47857"
"2284544017","2593759277","0.125"
"2593759277","2284544017","0.125"
"2284544017","2950965536","0.391667"
"2950965536","2284544017","0.391667"
"2593759277","2950965536","0.125"
"2950965536","2593759277","0.125"
"1561633987","2063259549","0.257576"
"2063259549","1561633987","0.257576"
"1561633987","2075018787","0.567857"
"2075018787","1561633987","0.567857"
"1561633987","2144148624","0.166667"
"2144148624","1561633987","0.166667"
"1561633987","2163864652","0.567857"
"2163864652","1561633987","0.567857"
"1561633987","2327625429","0.6921"
"2327625429","1561633987","0.6921"
"1974637590","2063259549","0.416667"
"2063259549","1974637590","0.416667"
"1974637590","2075018787","0.1"
"2075018787","1974637590","0.1"
"1974637590","2144148624","0.166667"
"2144148624","1974637590","0.166667"
"1974637590","2151181047","0.166667"
"2151181047","1974637590","0.166667"
"1974637590","2153231238","0.166667"
"2153231238","1974637590","0.166667"
"1974637590","2163864652","0.1"
"2163864652","1974637590","0.1"
"1974637590","2327625429","0.416667"
"2327625429","1974637590","0.416667"
"1974637590","2950965536","0.166667"
"2950965536","1974637590","0.166667"
"2063259549","2075018787","0.3"
"2075018787","2063259549","0.3"
"2063259549","2143775511","1.40043"
"2143775511","2063259549","1.40043"
"2063259549","2144148624","0.842857"
"2144148624","2063259549","0.842857"
"2063259549","2151181047","0.457576"
"2151181047","2063259549","0.457576"
"2063259549","2153231238","0.600433"
"2153231238","2063259549","0.600433"
"2063259549","2163864652","0.1"
"2163864652","2063259549","0.1"
"2063259549","2327625429","0.650433"
"2327625429","2063259549","0.650433"
"2063259549","2950965536","0.366667"
"2950965536","2063259549","0.366667"
"2075018787","2143775511","0.90119"
"2143775511","2075018787","0.90119"
"2075018787","2144148624","0.3"
"2144148624","2075018787","0.3"
"2075018787","2151181047","2.27738"
"2151181047","2075018787","2.27738"
"2075018787","2153231238","2.27738"
"2153231238","2075018787","2.27738"
"2075018787","2163864652","2.07738"
"2163864652","2075018787","2.07738"
"2075018787","2327625429","1.03452"
"2327625429","2075018787","1.03452"
"2075018787","2950965536","1.91071"
"2950965536","2075018787","1.91071"
"2143775511","2144148624","0.400433"
"2144148624","2143775511","0.400433"
"2143775511","2151181047","1.14968"
"2151181047","2143775511","1.14968"
"2143775511","2153231238","1.29253"
"2153231238","2143775511","1.29253"
"2143775511","2163864652","0.90119"
"2163864652","2143775511","0.90119"
"2143775511","2327625429","0.759199"
"2327625429","2143775511","0.759199"
"2143775511","2950965536","0.767857"
"2950965536","2143775511","0.767857"
"2144148624","2151181047","1.62424"
"2151181047","2144148624","1.62424"
"2144148624","2153231238","1.7671"
"2153231238","2144148624","1.7671"
"2144148624","2163864652","0.1"
"2163864652","2144148624","0.1"
"2144148624","2327625429","0.400433"
"2327625429","2144148624","0.400433"
"2144148624","2950965536","1.03333"
"2950965536","2144148624","1.03333"
"2151181047","2163864652","3.24405"
"2163864652","2151181047","3.24405"
"2151181047","2327625429","0.983009"
"2327625429","2151181047","0.983009"
"2153231238","2163864652","3.24405"
"2163864652","2153231238","3.24405"
"2153231238","2327625429","1.12587"
"2327625429","2153231238","1.12587"
"2163864652","2327625429","0.534524"
"2327625429","2163864652","0.534524"
"2163864652","2950965536","2.37738"
"2950965536","2163864652","2.37738"
"2327625429","2950965536","0.434524"
"2950965536","2327625429","0.434524"
"1561633987","2058178853","0.333333"
"2058178853","1561633987","0.333333"
"1970298499","2058178853","0.333333"
"2058178853","1970298499","0.333333"
"2058178853","2085930856","0.333333"
"2085930856","2058178853","0.333333"
"1561633987","1992891851","0.540909"
"1992891851","1561633987","0.540909"
"1561633987","2074125039","0.624242"
"2074125039","1561633987","0.624242"
"1561633987","2097904740","0.757576"
"2097904740","1561633987","0.757576"
"1970298499","1992891851","0.20202"
"1992891851","1970298499","0.20202"
"1970298499","2063259549","0.490909"
"2063259549","1970298499","0.490909"
"1970298499","2074125039","0.20202"
"2074125039","1970298499","0.20202"
"1970298499","2097904740","0.535354"
"2097904740","1970298499","0.535354"
"1970298499","2118995957","0.511544"
"2118995957","1970298499","0.511544"
"1970298499","2327625429","1.94924"
"2327625429","1970298499","1.94924"
"1992891851","2021590156","2.82424"
"2021590156","1992891851","2.82424"
"1992891851","2063259549","0.0909091"
"2063259549","1992891851","0.0909091"
"1992891851","2074125039","2.23535"
"2074125039","1992891851","2.23535"
"1992891851","2097904740","3.20202"
"2097904740","1992891851","3.20202"
"1992891851","2118995957","1.45202"
"2118995957","1992891851","1.45202"
"1992891851","2143775511","0.70202"
"2143775511","1992891851","0.70202"
"1992891851","2151181047","0.290909"
"2151181047","1992891851","0.290909"
"1992891851","2153231238","0.290909"
"2153231238","1992891851","0.290909"
"1992891851","2327625429","0.290909"
"2327625429","1992891851","0.290909"
"2021590156","2063259549","3.30043"
"2063259549","2021590156","3.30043"
"2021590156","2074125039","0.715151"
"2074125039","2021590156","0.715151"
"2021590156","2097904740","0.590909"
"2097904740","2021590156","0.590909"
"2021590156","2118995957","0.967532"
"2118995957","2021590156","0.967532"
"2021590156","2327625429","1.25801"
"2327625429","2021590156","1.25801"
"2063259549","2074125039","0.340909"
"2074125039","2063259549","0.340909"
"2063259549","2097904740","0.0909091"
"2097904740","2063259549","0.0909091"
"2074125039","2097904740","0.70202"
"2097904740","2074125039","0.70202"
"2074125039","2118995957","0.292929"
"2118995957","2074125039","0.292929"
"2074125039","2143775511","0.792929"
"2143775511","2074125039","0.792929"
"2074125039","2151181047","0.181818"
"2151181047","2074125039","0.181818"
"2074125039","2153231238","0.181818"
"2153231238","2074125039","0.181818"
"2074125039","2327625429","0.431818"
"2327625429","2074125039","0.431818"
"2097904740","2118995957","0.535354"
"2118995957","2097904740","0.535354"
"2097904740","2143775511","0.20202"
"2143775511","2097904740","0.20202"
"2097904740","2151181047","0.0909091"
"2151181047","2097904740","0.0909091"
"2097904740","2153231238","0.0909091"
"2153231238","2097904740","0.0909091"
"2097904740","2327625429","0.0909091"
"2327625429","2097904740","0.0909091"
"2118995957","2143775511","1.18579"
"2143775511","2118995957","1.18579"
"2118995957","2151181047","0.834199"
"2151181047","2118995957","0.834199"
"2118995957","2153231238","1.47706"
"2153231238","2118995957","1.47706"
"2118995957","2327625429","0.491342"
"2327625429","2118995957","0.491342"
"1585029481","2158237121","0.611111"
"2158237121","1585029481","0.611111"
"1970298499","2075018787","1.63452"
"2075018787","1970298499","1.63452"
"1970298499","2163864652","1.13452"
"2163864652","1970298499","1.13452"
"1585029481","1992891851","1.06111"
"1992891851","1585029481","1.06111"
"1992891851","2298069920","0.561111"
"2298069920","1992891851","0.561111"
"1561633987","2161971058","0.333333"
"2161971058","1561633987","0.333333"
"1970298499","2161971058","0.666667"
"2161971058","1970298499","0.666667"
"2097904740","2161971058","0.333333"
"2161971058","2097904740","0.333333"
"1585029481","2074125039","1.14444"
"2074125039","1585029481","1.14444"
"2074125039","2298069920","0.644444"
"2298069920","2074125039","0.644444"
"1585029481","2063259549","0.566667"
"2063259549","1585029481","0.566667"
"1585029481","2144148624","0.0666667"
"2144148624","1585029481","0.0666667"
"1585029481","2151181047","0.0666667"
"2151181047","1585029481","0.0666667"
"1585029481","2153231238","0.0666667"
"2153231238","1585029481","0.0666667"
"1585029481","2284544017","0.0666667"
"2284544017","1585029481","0.0666667"
"1585029481","2327625429","0.0666667"
"2327625429","1585029481","0.0666667"
"1585029481","2950965536","0.0666667"
"2950965536","1585029481","0.0666667"
"1970298499","2144148624","0.4"
"2144148624","1970298499","0.4"
"1974637590","2284544017","0.0666667"
"2284544017","1974637590","0.0666667"
"2021590156","2144148624","0.550433"
"2144148624","2021590156","0.550433"
"2063259549","2085930856","0.816667"
"2085930856","2063259549","0.816667"
"2063259549","2142644005","0.0666667"
"2142644005","2063259549","0.0666667"
"2063259549","2284544017","0.0666667"
"2284544017","2063259549","0.0666667"
"2063259549","2298069920","0.0666667"
"2298069920","2063259549","0.0666667"
"2085930856","2144148624","0.157576"
"2144148624","2085930856","0.157576"
"2085930856","2151181047","0.157576"
"2151181047","2085930856","0.157576"
"2085930856","2153231238","0.157576"
"2153231238","2085930856","0.157576"
"2085930856","2284544017","0.0666667"
"2284544017","2085930856","0.0666667"
"2085930856","2327625429","0.407576"
"2327625429","2085930856","0.407576"
"2085930856","2950965536","0.0666667"
"2950965536","2085930856","0.0666667"
"2142644005","2144148624","0.157576"
"2144148624","2142644005","0.157576"
"2142644005","2151181047","0.157576"
"2151181047","2142644005","0.157576"
"2142644005","2153231238","0.157576"
"2153231238","2142644005","0.157576"
"2142644005","2284544017","0.0666667"
"2284544017","2142644005","0.0666667"
"2142644005","2327625429","0.157576"
"2327625429","2142644005","0.157576"
"2142644005","2950965536","0.0666667"
"2950965536","2142644005","0.0666667"
"2143775511","2284544017","0.0666667"
"2284544017","2143775511","0.0666667"
"2144148624","2284544017","0.0666667"
"2284544017","2144148624","0.0666667"
"2144148624","2298069920","0.0666667"
"2298069920","2144148624","0.0666667"
"2151181047","2298069920","0.0666667"
"2298069920","2151181047","0.0666667"
"2153231238","2298069920","0.0666667"
"2298069920","2153231238","0.0666667"
"2284544017","2298069920","0.0666667"
"2298069920","2284544017","0.0666667"
"2284544017","2327625429","0.0666667"
"2327625429","2284544017","0.0666667"
"2298069920","2327625429","0.0666667"
"2327625429","2298069920","0.0666667"
"2298069920","2950965536","0.0666667"
"2950965536","2298069920","0.0666667"
"1585029481","2097904740","0.444444"
"2097904740","1585029481","0.444444"
"2097904740","2298069920","0.444444"
"2298069920","2097904740","0.444444"
"1585029481","2118995957","0.361111"
"2118995957","1585029481","0.361111"
"2118995957","2142644005","1.34091"
"2142644005","2118995957","1.34091"
"2118995957","2298069920","0.361111"
"2298069920","2118995957","0.361111"
"1561633987","2079992169","0.166667"
"2079992169","1561633987","0.166667"
"1561633987","2140646908","0.166667"
"2140646908","1561633987","0.166667"
"1561633987","2336493585","0.166667"
"2336493585","1561633987","0.166667"
"2021590156","2079992169","0.757576"
"2079992169","2021590156","0.757576"
"2021590156","2140646908","0.166667"
"2140646908","2021590156","0.166667"
"2021590156","2158237121","1.60043"
"2158237121","2021590156","1.60043"
"2021590156","2336493585","0.166667"
"2336493585","2021590156","0.166667"
"2079992169","2140646908","0.166667"
"2140646908","2079992169","0.166667"
"2079992169","2327625429","0.257576"
"2327625429","2079992169","0.257576"
"2079992169","2336493585","0.166667"
"2336493585","2079992169","0.166667"
"2140646908","2158237121","0.416667"
"2158237121","2140646908","0.416667"
"2140646908","2327625429","0.166667"
"2327625429","2140646908","0.166667"
"2140646908","2336493585","0.416667"
"2336493585","2140646908","0.416667"
"2158237121","2327625429","2.95758"
"2327625429","2158237121","2.95758"
"2327625429","2336493585","0.166667"
"2336493585","2327625429","0.166667"
"1567277549","2143979434","2"
"2143979434","1567277549","2"
"1585029481","2079992169","0.111111"
"2079992169","1585029481","0.111111"
"1970298499","2079992169","0.111111"
"2079992169","1970298499","0.111111"
"1970298499","2158237121","0.420635"
"2158237121","1970298499","0.420635"
"1992891851","2079992169","0.611111"
"2079992169","1992891851","0.611111"
"1992891851","2158237121","1.81111"
"2158237121","1992891851","1.81111"
"2074125039","2079992169","0.20202"
"2079992169","2074125039","0.20202"
"2074125039","2158237121","0.20202"
"2158237121","2074125039","0.20202"
"2079992169","2097904740","0.111111"
"2097904740","2079992169","0.111111"
"2079992169","2118995957","1.20202"
"2118995957","2079992169","1.20202"
"2079992169","2143775511","0.20202"
"2143775511","2079992169","0.20202"
"2079992169","2298069920","0.111111"
"2298069920","2079992169","0.111111"
"2097904740","2158237121","0.444444"
"2158237121","2097904740","0.444444"
"2143775511","2158237121","0.20202"
"2158237121","2143775511","0.20202"
"2158237121","2298069920","0.111111"
"2298069920","2158237121","0.111111"
"1601880505","2085930856","0.5"
"2085930856","1601880505","0.5"
"2085930856","2158237121","0.590909"
"2158237121","2085930856","0.590909"
"1759929513","2098372784","0.142857"
"2098372784","1759929513","0.142857"
"1759929513","2158237121","0.142857"
"2158237121","1759929513","0.142857"
"1759929513","2167911783","0.142857"
"2167911783","1759929513","0.142857"
"2098372784","2137253043","0.142857"
"2137253043","2098372784","0.142857"
"2098372784","2963171474","0.142857"
"2963171474","2098372784","0.142857"
"2137253043","2167911783","0.142857"
"2167911783","2137253043","0.142857"
"2167911783","2963171474","0.142857"
"2963171474","2167911783","0.142857"
"1968039508","2336493585","0.666667"
"2336493585","1968039508","0.666667"
"2144148624","2161971058","0.333333"
"2161971058","2144148624","0.333333"
"2075018787","2118995957","0.309524"
"2118995957","2075018787","0.309524"
"2075018787","2158237121","0.309524"
"2158237121","2075018787","0.309524"
"2118995957","2163864652","1.30952"
"2163864652","2118995957","1.30952"
"2118995957","2950965536","0.485714"
"2950965536","2118995957","0.485714"
"2151181047","2158237121","0.74329"
"2158237121","2151181047","0.74329"
"2153231238","2158237121","1.24329"
"2158237121","2153231238","1.24329"
"2158237121","2163864652","0.309524"
"2163864652","2158237121","0.309524"
"2158237121","2950965536","0.452381"
"2950965536","2158237121","0.452381"
"1974637590","2074125039","0.25"
"2074125039","1974637590","0.25"
"2074125039","2085930856","0.340909"
"2085930856","2074125039","0.340909"
"1974637590","2118995957","0.25"
"2118995957","1974637590","0.25"
"2085930856","2118995957","0.340909"
"2118995957","2085930856","0.340909"
"1992891851","2058178853","0.333333"
"2058178853","1992891851","0.333333"
"2021590156","2058178853","1.33333"
"2058178853","2021590156","1.33333"
"2058178853","2074125039","1.33333"
"2074125039","2058178853","1.33333"
"1992891851","2030059876","0.25"
"2030059876","1992891851","0.25"
"1992891851","2144148624","0.25"
"2144148624","1992891851","0.25"
"2021590156","2030059876","2.53571"
"2030059876","2021590156","2.53571"
"2030059876","2118995957","0.735714"
"2118995957","2030059876","0.735714"
"2030059876","2144148624","0.392857"
"2144148624","2030059876","0.392857"
"2118995957","2144148624","0.483766"
"2144148624","2118995957","0.483766"
"2098372784","2336493585","3.47619"
"2336493585","2098372784","3.47619"
"2158141386","2336493585","0.642857"
"2336493585","2158141386","0.642857"
"1994502095","1996467498","0.5"
"1996467498","1994502095","0.5"
"1996467498","2336493585","0.47619"
"2336493585","1996467498","0.47619"
"2098372784","2161971058","0.25"
"2161971058","2098372784","0.25"
"2158237121","2161971058","0.25"
"2161971058","2158237121","0.25"
"1996467498","2158141386","0.809524"
"2158141386","1996467498","0.809524"
"2125965251","2158141386","0.47619"
"2158141386","2125965251","0.47619"
"2125965251","2336493585","0.642857"
"2336493585","2125965251","0.642857"
"2130911657","2336493585","0.142857"
"2336493585","2130911657","0.142857"
"1996467498","2097904740","0.333333"
"2097904740","1996467498","0.333333"
"1996467498","2118995957","0.333333"
"2118995957","1996467498","0.333333"
"2021590156","2509664023","0.142857"
"2509664023","2021590156","0.142857"
"2030059876","2151181047","0.342857"
"2151181047","2030059876","0.342857"
"2030059876","2153231238","0.485714"
"2153231238","2030059876","0.485714"
"2030059876","2158237121","1.14286"
"2158237121","2030059876","1.14286"
"2030059876","2509664023","0.342857"
"2509664023","2030059876","0.342857"
"2030059876","2950965536","0.342857"
"2950965536","2030059876","0.342857"
"2118995957","2509664023","0.342857"
"2509664023","2118995957","0.342857"
"2151181047","2509664023","0.342857"
"2509664023","2151181047","0.342857"
"2153231238","2509664023","0.342857"
"2509664023","2153231238","0.342857"
"2509664023","2950965536","0.342857"
"2950965536","2509664023","0.342857"
"2030059876","2063259549","0.142857"
"2063259549","2030059876","0.142857"
"2030059876","2143775511","0.142857"
"2143775511","2030059876","0.142857"
"2030059876","2327625429","0.142857"
"2327625429","2030059876","0.142857"
"2074125039","2142644005","0.0909091"
"2142644005","2074125039","0.0909091"
"2074125039","2144148624","0.0909091"
"2144148624","2074125039","0.0909091"
"2079992169","2085930856","1.09091"
"2085930856","2079992169","1.09091"
"2079992169","2142644005","0.0909091"
"2142644005","2079992169","0.0909091"
"2079992169","2144148624","0.0909091"
"2144148624","2079992169","0.0909091"
"2079992169","2151181047","0.0909091"
"2151181047","2079992169","0.0909091"
