"1970895540","1995654381","2.7143"
"1995654381","1970895540","2.7143"
"1970895540","2010123060","0.947637"
"2010123060","1970895540","0.947637"
"1970895540","2017454381","0.575613"
"2017454381","1970895540","0.575613"
"1970895540","2033298177","0.871447"
"2033298177","1970895540","0.871447"
"1970895540","2076395105","3.47145"
"2076395105","1970895540","3.47145"
"1970895540","2078423530","1.16986"
"2078423530","1970895540","1.16986"
"1970895540","2143495336","0.80478"
"2143495336","1970895540","0.80478"
"1995654381","2010123060","1.68479"
"2010123060","1995654381","1.68479"
"1995654381","2017454381","0.95292"
"2017454381","1995654381","0.95292"
"1995654381","2033298177","2.27978"
"2033298177","1995654381","2.27978"
"1995654381","2076395105","5.39042"
"2076395105","1995654381","5.39042"
"1995654381","2078423530","2.48764"
"2078423530","1995654381","2.48764"
"1995654381","2143495336","1.0836"
"2143495336","1995654381","1.0836"
"2010123060","2017454381","0.771102"
"2017454381","2010123060","0.771102"
"2010123060","2033298177","1.12978"
"2033298177","2010123060","1.12978"
"2010123060","2076395105","1.32527"
"2076395105","2010123060","1.32527"
"2010123060","2078423530","0.805824"
"2078423530","2010123060","0.805824"
"2010123060","2143495336","0.916935"
"2143495336","2010123060","0.916935"
"2017454381","2033298177","0.44228"
"2033298177","2017454381","0.44228"
"2017454381","2076395105","4.16959"
"2076395105","2017454381","4.16959"
"2017454381","2078423530","1.46562"
"2078423530","2017454381","1.46562"
"2017454381","2143495336","0.771102"
"2143495336","2017454381","0.771102"
"2033298177","2076395105","1.94645"
"2076395105","2033298177","1.94645"
"2033298177","2078423530","0.393669"
"2078423530","2033298177","0.393669"
"2033298177","2143495336","0.838113"
"2143495336","2033298177","0.838113"
"2076395105","2078423530","2.56145"
"2078423530","2076395105","2.56145"
"2076395105","2143495336","0.700269"
"2143495336","2076395105","0.700269"
"2078423530","2143495336","0.829634"
"2143495336","2078423530","0.829634"
"1970895540","1984502995","1.11748"
"1984502995","1970895540","1.11748"
"1970895540","2003992246","0.441288"
"2003992246","1970895540","0.441288"
"1970895540","2029982592","0.289899"
"2029982592","1970895540","0.289899"
"1970895540","2087500198","2.68414"
"2087500198","1970895540","2.68414"
"1970895540","2101429838","0.495256"
"2101429838","1970895540","0.495256"
"1970895540","2123310356","2.11748"
"2123310356","1970895540","2.11748"
"1970895540","2761016817","0.3"
"2761016817","1970895540","0.3"
"1970895540","2766342236","0.178788"
"2766342236","1970895540","0.178788"
"1970895540","2789682920","0.241288"
"2789682920","1970895540","0.241288"
"1970895540","2897172012","0.312121"
"2897172012","1970895540","0.312121"
"1984502995","1995654381","1.15193"
"1995654381","1984502995","1.15193"
"1984502995","2003992246","10.3591"
"2003992246","1984502995","10.3591"
"1984502995","2010123060","0.603443"
"2010123060","1984502995","0.603443"
"1984502995","2017454381","2.4299"
"2017454381","1984502995","2.4299"
"1984502995","2029982592","7.22157"
"2029982592","1984502995","7.22157"
"1984502995","2078423530","8.96859"
"2078423530","1984502995","8.96859"
"1984502995","2087500198","1.78526"
"2087500198","1984502995","1.78526"
"1984502995","2101429838","0.686777"
"2101429838","1984502995","0.686777"
"1984502995","2123310356","0.727686"
"2123310356","1984502995","0.727686"
"1984502995","2143495336","0.460586"
"2143495336","1984502995","0.460586"
"1984502995","2761016817","3.00187"
"2761016817","1984502995","3.00187"
"1984502995","2766342236","0.648086"
"2766342236","1984502995","0.648086"
"1984502995","2789682920","2.18977"
"2789682920","1984502995","2.18977"
"1984502995","2897172012","0.739753"
"2897172012","1984502995","0.739753"
"1995654381","2003992246","0.559071"
"2003992246","1995654381","0.559071"
"1995654381","2029982592","0.667206"
"2029982592","1995654381","0.667206"
"1995654381","2087500198","4.92693"
"2087500198","1995654381","4.92693"
"1995654381","2101429838","2.89074"
"2101429838","1995654381","2.89074"
"1995654381","2123310356","0.927686"
"2123310356","1995654381","0.927686"
"1995654381","2761016817","0.443541"
"2761016817","1995654381","0.443541"
"1995654381","2766342236","0.231419"
"2766342236","1995654381","0.231419"
"1995654381","2789682920","0.423106"
"2789682920","1995654381","0.423106"
"1995654381","2897172012","0.164753"
"2897172012","1995654381","0.164753"
"2003992246","2010123060","0.377253"
"2010123060","2003992246","0.377253"
"2003992246","2017454381","3.9299"
"2017454381","2003992246","3.9299"
"2003992246","2029982592","12.2216"
"2029982592","2003992246","12.2216"
"2003992246","2078423530","3.2424"
"2078423530","2003992246","3.2424"
"2003992246","2087500198","1.27574"
"2087500198","2003992246","1.27574"
"2003992246","2101429838","0.543919"
"2101429838","2003992246","0.543919"
"2003992246","2123310356","0.384829"
"2123310356","2003992246","0.384829"
"2003992246","2143495336","0.377253"
"2143495336","2003992246","0.377253"
"2003992246","2761016817","1.66854"
"2761016817","2003992246","1.66854"
"2003992246","2766342236","1.14809"
"2766342236","2003992246","1.14809"
"2003992246","2789682920","2.02311"
"2789682920","2003992246","2.02311"
"2003992246","2897172012","0.739753"
"2897172012","2003992246","0.739753"
"2010123060","2029982592","0.485388"
"2029982592","2010123060","0.485388"
"2010123060","2087500198","1.06178"
"2087500198","2010123060","1.06178"
"2010123060","2101429838","0.690745"
"2101429838","2010123060","0.690745"
"2010123060","2123310356","0.436777"
"2123310356","2010123060","0.436777"
"2010123060","2761016817","0.185965"
"2761016817","2010123060","0.185965"
"2010123060","2766342236","0.731419"
"2766342236","2010123060","0.731419"
"2010123060","2789682920","0.241288"
"2789682920","2010123060","0.241288"
"2010123060","2897172012","0.164753"
"2897172012","2010123060","0.164753"
"2017454381","2029982592","1.39221"
"2029982592","2017454381","1.39221"
"2017454381","2087500198","1.76324"
"2087500198","2017454381","1.76324"
"2017454381","2101429838","1.23539"
"2101429838","2017454381","1.23539"
"2017454381","2123310356","1.32233"
"2123310356","2017454381","1.32233"
"2017454381","2761016817","0.751874"
"2761016817","2017454381","0.751874"
"2017454381","2766342236","0.648086"
"2766342236","2017454381","0.648086"
"2017454381","2789682920","1.62727"
"2789682920","2017454381","1.62727"
"2017454381","2897172012","0.289753"
"2897172012","2017454381","0.289753"
"2029982592","2078423530","2.97157"
"2078423530","2029982592","2.97157"
"2029982592","2087500198","0.888238"
"2087500198","2029982592","0.888238"
"2029982592","2101429838","0.735388"
"2101429838","2029982592","0.735388"
"2029982592","2123310356","0.322329"
"2123310356","2029982592","0.322329"
"2029982592","2143495336","0.485388"
"2143495336","2029982592","0.485388"
"2029982592","2761016817","0.626874"
"2761016817","2029982592","0.626874"
"2029982592","2766342236","0.689753"
"2766342236","2029982592","0.689753"
"2029982592","2789682920","0.835606"
"2789682920","2029982592","0.835606"
"2029982592","2897172012","0.539753"
"2897172012","2029982592","0.539753"
"2078423530","2087500198","1.63526"
"2087500198","2078423530","1.63526"
"2078423530","2101429838","0.436777"
"2101429838","2078423530","0.436777"
"2078423530","2123310356","0.861019"
"2123310356","2078423530","0.861019"
"2078423530","2761016817","2.25187"
"2761016817","2078423530","2.25187"
"2078423530","2766342236","0.773086"
"2766342236","2078423530","0.773086"
"2078423530","2789682920","2.35644"
"2789682920","2078423530","2.35644"
"2078423530","2897172012","1.41475"
"2897172012","2078423530","1.41475"
"2087500198","2101429838","0.853443"
"2101429838","2087500198","0.853443"
"2087500198","2123310356","1.26102"
"2123310356","2087500198","1.26102"
"2087500198","2143495336","0.293919"
"2143495336","2087500198","0.293919"
"2087500198","2761016817","0.501874"
"2761016817","2087500198","0.501874"
"2087500198","2766342236","0.681419"
"2766342236","2087500198","0.681419"
"2087500198","2789682920","2.10644"
"2789682920","2087500198","2.10644"
"2087500198","2897172012","0.489753"
"2897172012","2087500198","0.489753"
"2101429838","2123310356","0.636777"
"2123310356","2101429838","0.636777"
"2101429838","2143495336","1.52408"
"2143495336","2101429838","1.52408"
"2101429838","2761016817","0.185965"
"2761016817","2101429838","0.185965"
"2101429838","2766342236","0.356419"
"2766342236","2101429838","0.356419"
"2101429838","2789682920","0.241288"
"2789682920","2101429838","0.241288"
"2101429838","2897172012","0.289753"
"2897172012","2101429838","0.289753"
"2123310356","2143495336","0.293919"
"2143495336","2123310356","0.293919"
"2123310356","2761016817","0.185965"
"2761016817","2123310356","0.185965"
"2123310356","2766342236","0.231419"
"2766342236","2123310356","0.231419"
"2123310356","2789682920","0.332197"
"2789682920","2123310356","0.332197"
"2123310356","2897172012","0.164753"
"2897172012","2123310356","0.164753"
"2143495336","2761016817","0.352632"
"2761016817","2143495336","0.352632"
"2143495336","2766342236","0.231419"
"2766342236","2143495336","0.231419"
"2143495336","2789682920","0.241288"
"2789682920","2143495336","0.241288"
"2143495336","2897172012","0.164753"
"2897172012","2143495336","0.164753"
"2761016817","2766342236","4.47763"
"2766342236","2761016817","4.47763"
"2761016817","2789682920","9.53258"
"2789682920","2761016817","9.53258"
"2761016817","2897172012","3.13596"
"2897172012","2761016817","3.13596"
"2766342236","2789682920","14.5121"
"2789682920","2766342236","14.5121"
"2766342236","2897172012","1.18142"
"2897172012","2766342236","1.18142"
"2789682920","2897172012","2.37879"
"2897172012","2789682920","2.37879"
"1970895540","2323435070","0.285732"
"2323435070","1970895540","0.285732"
"1970895540","2463044584","0.107955"
"2463044584","1970895540","0.107955"
"1970895540","2767711099","0.0454545"
"2767711099","1970895540","0.0454545"
"1970895540","2790677216","0.307955"
"2790677216","1970895540","0.307955"
"1970895540","2971530316","0.0454545"
"2971530316","1970895540","0.0454545"
"1970895540","2989153333","0.0454545"
"2989153333","1970895540","0.0454545"
"1984502995","2033298177","0.274621"
"2033298177","1984502995","0.274621"
"1984502995","2076395105","1.25907"
"2076395105","1984502995","1.25907"
"1984502995","2323435070","0.227253"
"2323435070","1984502995","0.227253"
"1984502995","2463044584","0.660586"
"2463044584","1984502995","0.660586"
"1984502995","2767711099","0.514753"
"2767711099","1984502995","0.514753"
"1984502995","2790677216","0.107955"
"2790677216","1984502995","0.107955"
"1984502995","2971530316","0.170455"
"2971530316","1984502995","0.170455"
"1984502995","2989153333","0.348086"
"2989153333","1984502995","0.348086"
"1995654381","2323435070","0.481221"
"2323435070","1995654381","0.481221"
"1995654381","2463044584","0.160586"
"2463044584","1995654381","0.160586"
"1995654381","2767711099","0.0980861"
"2767711099","1995654381","0.0980861"
"1995654381","2790677216","0.641288"
"2790677216","1995654381","0.641288"
"1995654381","2971530316","0.0454545"
"2971530316","1995654381","0.0454545"
"1995654381","2989153333","0.0980861"
"2989153333","1995654381","0.0980861"
"2003992246","2033298177","0.107955"
"2033298177","2003992246","0.107955"
"2003992246","2076395105","0.892404"
"2076395105","2003992246","0.892404"
"2003992246","2323435070","0.227253"
"2323435070","2003992246","0.227253"
"2003992246","2463044584","0.160586"
"2463044584","2003992246","0.160586"
"2003992246","2767711099","0.514753"
"2767711099","2003992246","0.514753"
"2003992246","2790677216","0.107955"
"2790677216","2003992246","0.107955"
"2003992246","2971530316","0.170455"
"2971530316","2003992246","0.170455"
"2003992246","2989153333","0.348086"
"2989153333","2003992246","0.348086"
"2010123060","2323435070","0.481221"
"2323435070","2010123060","0.481221"
"2010123060","2463044584","0.160586"
"2463044584","2010123060","0.160586"
"2010123060","2767711099","0.0980861"
"2767711099","2010123060","0.0980861"
"2010123060","2790677216","0.607955"
"2790677216","2010123060","0.607955"
"2010123060","2971530316","0.0454545"
"2971530316","2010123060","0.0454545"
"2010123060","2989153333","0.0980861"
"2989153333","2010123060","0.0980861"
"2017454381","2323435070","0.918721"
"2323435070","2017454381","0.918721"
"2017454381","2463044584","0.0980861"
"2463044584","2017454381","0.0980861"
"2017454381","2767711099","0.514753"
"2767711099","2017454381","0.514753"
"2017454381","2790677216","0.0454545"
"2790677216","2017454381","0.0454545"
"2017454381","2971530316","0.170455"
"2971530316","2017454381","0.170455"
"2017454381","2989153333","0.348086"
"2989153333","2017454381","0.348086"
"2029982592","2033298177","0.156566"
"2033298177","2029982592","0.156566"
"2029982592","2076395105","0.883873"
"2076395105","2029982592","0.883873"
"2029982592","2323435070","0.418721"
"2323435070","2029982592","0.418721"
"2029982592","2463044584","0.0980861"
"2463044584","2029982592","0.0980861"
"2029982592","2767711099","0.431419"
"2767711099","2029982592","0.431419"
"2029982592","2790677216","0.0454545"
"2790677216","2029982592","0.0454545"
"2029982592","2971530316","0.0454545"
"2971530316","2029982592","0.0454545"
"2029982592","2989153333","0.348086"
"2989153333","2029982592","0.348086"
"2033298177","2087500198","1.34962"
"2087500198","2033298177","1.34962"
"2033298177","2101429838","1.9524"
"2101429838","2033298177","1.9524"
"2033298177","2123310356","0.507955"
"2123310356","2033298177","0.507955"
"2033298177","2323435070","0.219066"
"2323435070","2033298177","0.219066"
"2033298177","2463044584","0.107955"
"2463044584","2033298177","0.107955"
"2033298177","2766342236","0.0454545"
"2766342236","2033298177","0.0454545"
"2033298177","2767711099","0.245455"
"2767711099","2033298177","0.245455"
"2033298177","2789682920","0.107955"
"2789682920","2033298177","0.107955"
"2033298177","2790677216","0.107955"
"2790677216","2033298177","0.107955"
"2033298177","2897172012","0.0454545"
"2897172012","2033298177","0.0454545"
"2033298177","2971530316","0.0454545"
"2971530316","2033298177","0.0454545"
"2033298177","2989153333","0.0454545"
"2989153333","2033298177","0.0454545"
"2076395105","2087500198","5.34359"
"2087500198","2076395105","5.34359"
"2076395105","2101429838","1.03122"
"2101429838","2076395105","1.03122"
"2076395105","2123310356","1.1515"
"2123310356","2076395105","1.1515"
"2076395105","2323435070","0.414554"
"2323435070","2076395105","0.414554"
"2076395105","2463044584","0.160586"
"2463044584","2076395105","0.160586"
"2076395105","2766342236","0.223086"
"2766342236","2076395105","0.223086"
"2076395105","2767711099","0.0980861"
"2767711099","2076395105","0.0980861"
"2076395105","2789682920","0.389773"
"2789682920","2076395105","0.389773"
"2076395105","2790677216","0.641288"
"2790677216","2076395105","0.641288"
"2076395105","2897172012","0.423086"
"2897172012","2076395105","0.423086"
"2076395105","2971530316","0.0454545"
"2971530316","2076395105","0.0454545"
"2076395105","2989153333","0.348086"
"2989153333","2076395105","0.348086"
"2078423530","2323435070","0.227253"
"2323435070","2078423530","0.227253"
"2078423530","2463044584","1.66059"
"2463044584","2078423530","1.66059"
"2078423530","2767711099","0.264753"
"2767711099","2078423530","0.264753"
"2078423530","2790677216","1.10795"
"2790677216","2078423530","1.10795"
"2078423530","2971530316","0.170455"
"2971530316","2078423530","0.170455"
"2078423530","2989153333","0.0980861"
"2989153333","2078423530","0.0980861"
"2087500198","2323435070","0.227253"
"2323435070","2087500198","0.227253"
"2087500198","2463044584","0.160586"
"2463044584","2087500198","0.160586"
"2087500198","2767711099","0.348086"
"2767711099","2087500198","0.348086"
"2087500198","2790677216","0.641288"
"2790677216","2087500198","0.641288"
"2087500198","2971530316","0.170455"
"2971530316","2087500198","0.170455"
"2087500198","2989153333","0.348086"
"2989153333","2087500198","0.348086"
"2101429838","2323435070","0.981221"
"2323435070","2101429838","0.981221"
"2101429838","2463044584","0.160586"
"2463044584","2101429838","0.160586"
"2101429838","2767711099","0.298086"
"2767711099","2101429838","0.298086"
"2101429838","2790677216","0.107955"
"2790677216","2101429838","0.107955"
"2101429838","2971530316","0.0454545"
"2971530316","2101429838","0.0454545"
"2101429838","2989153333","0.348086"
"2989153333","2101429838","0.348086"
"2123310356","2323435070","2.22725"
"2323435070","2123310356","2.22725"
"2123310356","2463044584","0.160586"
"2463044584","2123310356","0.160586"
"2123310356","2767711099","0.298086"
"2767711099","2123310356","0.298086"
"2123310356","2790677216","0.107955"
"2790677216","2123310356","0.107955"
"2123310356","2971530316","0.0454545"
"2971530316","2123310356","0.0454545"
"2123310356","2989153333","0.0980861"
"2989153333","2123310356","0.0980861"
"2143495336","2323435070","0.481221"
"2323435070","2143495336","0.481221"
"2143495336","2463044584","0.160586"
"2463044584","2143495336","0.160586"
"2143495336","2767711099","0.0980861"
"2767711099","2143495336","0.0980861"
"2143495336","2790677216","0.107955"
"2790677216","2143495336","0.107955"
"2143495336","2971530316","0.0454545"
"2971530316","2143495336","0.0454545"
"2143495336","2989153333","0.0980861"
"2989153333","2143495336","0.0980861"
"2323435070","2463044584","0.160586"
"2463044584","2323435070","0.160586"
"2323435070","2766342236","0.164753"
"2766342236","2323435070","0.164753"
"2323435070","2767711099","0.0980861"
"2767711099","2323435070","0.0980861"
"2323435070","2789682920","0.174621"
"2789682920","2323435070","0.174621"
"2323435070","2790677216","0.107955"
"2790677216","2323435070","0.107955"
"2323435070","2897172012","0.0980861"
"2897172012","2323435070","0.0980861"
"2323435070","2971530316","0.0454545"
"2971530316","2323435070","0.0454545"
"2323435070","2989153333","0.0980861"
"2989153333","2323435070","0.0980861"
"2463044584","2766342236","2.09809"
"2766342236","2463044584","2.09809"
"2463044584","2767711099","0.0980861"
"2767711099","2463044584","0.0980861"
"2463044584","2789682920","0.107955"
"2789682920","2463044584","0.107955"
"2463044584","2790677216","0.107955"
"2790677216","2463044584","0.107955"
"2463044584","2897172012","0.0980861"
"2897172012","2463044584","0.0980861"
"2463044584","2971530316","0.0454545"
"2971530316","2463044584","0.0454545"
"2463044584","2989153333","3.09809"
"2989153333","2463044584","3.09809"
"2766342236","2767711099","21.7231"
"2767711099","2766342236","21.7231"
"2766342236","2790677216","8.96212"
"2790677216","2766342236","8.96212"
"2766342236","2971530316","0.753788"
"2971530316","2766342236","0.753788"
"2766342236","2989153333","2.28975"
"2989153333","2766342236","2.28975"
"2767711099","2789682920","5.92045"
"2789682920","2767711099","5.92045"
"2767711099","2790677216","4.54545"
"2790677216","2767711099","4.54545"
"2767711099","2897172012","1.11475"
"2897172012","2767711099","1.11475"
"2767711099","2971530316","0.628788"
"2971530316","2767711099","0.628788"
"2767711099","2989153333","1.49809"
"2989153333","2767711099","1.49809"
"2789682920","2790677216","11.108"
"2790677216","2789682920","11.108"
"2789682920","2971530316","3.50379"
"2971530316","2789682920","3.50379"
"2789682920","2989153333","5.44545"
"2989153333","2789682920","5.44545"
"2790677216","2897172012","1.06212"
"2897172012","2790677216","1.06212"
"2790677216","2971530316","0.295455"
"2971530316","2790677216","0.295455"
"2790677216","2989153333","1.94545"
"2989153333","2790677216","1.94545"
"2897172012","2971530316","7.29545"
"2971530316","2897172012","7.29545"
"2897172012","2989153333","2.38975"
"2989153333","2897172012","2.38975"
"2971530316","2989153333","20.0455"
"2989153333","2971530316","20.0455"
"2323435070","2761016817","0.119298"
"2761016817","2323435070","0.119298"
"1970895540","2331382965","0.2625"
"2331382965","1970895540","0.2625"
"1984502995","2331382965","3.11513"
"2331382965","1984502995","3.11513"
"1995654381","2331382965","0.398465"
"2331382965","1995654381","0.398465"
"2003992246","2331382965","3.69846"
"2331382965","2003992246","3.69846"
"2010123060","2331382965","0.198465"
"2331382965","2010123060","0.198465"
"2033298177","2331382965","0.5625"
"2331382965","2033298177","0.5625"
"2076395105","2331382965","1.81513"
"2331382965","2076395105","1.81513"
"2078423530","2331382965","0.698465"
"2331382965","2078423530","0.698465"
"2087500198","2331382965","0.315132"
"2331382965","2087500198","0.315132"
"2101429838","2331382965","0.757989"
"2331382965","2101429838","0.757989"
"2123310356","2331382965","0.615132"
"2331382965","2123310356","0.615132"
"2143495336","2331382965","0.341322"
"2331382965","2143495336","0.341322"
"2323435070","2331382965","0.115132"
"2331382965","2323435070","0.115132"
"2331382965","2463044584","0.115132"
"2463044584","2331382965","0.115132"
"2331382965","2789682920","2.5625"
"2789682920","2331382965","2.5625"
"2331382965","2790677216","2.7625"
"2790677216","2331382965","2.7625"
"1970895540","2055244441","0.166667"
"2055244441","1970895540","0.166667"
"1984502995","2055244441","0.573485"
"2055244441","1984502995","0.573485"
"1995654381","2055244441","1.29848"
"2055244441","1995654381","1.29848"
"2055244441","2078423530","0.656818"
"2078423530","2055244441","0.656818"
"2055244441","2143495336","0.25"
"2143495336","2055244441","0.25"
"2055244441","2761016817","0.357576"
"2761016817","2055244441","0.357576"
"1974827855","2101429838","0.342857"
"2101429838","1974827855","0.342857"
"1974827855","2102203299","0.142857"
"2102203299","1974827855","0.142857"
"1974827855","2119403235","2.46786"
"2119403235","1974827855","2.46786"
"1974827855","2139395383","0.342857"
"2139395383","1974827855","0.342857"
"1974827855","2143495336","0.142857"
"2143495336","1974827855","0.142857"
"1974827855","2150258320","2.14286"
"2150258320","1974827855","2.14286"
"1974827855","2331382965","0.142857"
"2331382965","1974827855","0.142857"
"2101429838","2102203299","0.142857"
"2102203299","2101429838","0.142857"
"2101429838","2119403235","0.142857"
"2119403235","2101429838","0.142857"
"2101429838","2139395383","2.17619"
"2139395383","2101429838","2.17619"
"2101429838","2150258320","0.142857"
"2150258320","2101429838","0.142857"
"2102203299","2119403235","0.142857"
"2119403235","2102203299","0.142857"
"2102203299","2139395383","0.809524"
"2139395383","2102203299","0.809524"
"2102203299","2143495336","0.142857"
"2143495336","2102203299","0.142857"
"2102203299","2150258320","0.142857"
"2150258320","2102203299","0.142857"
"2102203299","2331382965","0.142857"
"2331382965","2102203299","0.142857"
"2119403235","2139395383","0.142857"
"2139395383","2119403235","0.142857"
"2119403235","2143495336","0.142857"
"2143495336","2119403235","0.142857"
"2119403235","2150258320","4.78571"
"2150258320","2119403235","4.78571"
"2119403235","2331382965","0.642857"
"2331382965","2119403235","0.642857"
"2139395383","2143495336","1.05952"
"2143495336","2139395383","1.05952"
"2139395383","2150258320","0.22619"
"2150258320","2139395383","0.22619"
"2139395383","2331382965","0.22619"
"2331382965","2139395383","0.22619"
"2143495336","2150258320","0.22619"
"2150258320","2143495336","0.22619"
"2150258320","2331382965","0.22619"
"2331382965","2150258320","0.22619"
"1974827855","2766342236","1.99167"
"2766342236","1974827855","1.99167"
"2119403235","2766342236","0.991667"
"2766342236","2119403235","0.991667"
"2150258320","2766342236","0.666667"
"2766342236","2150258320","0.666667"
"1974827855","2019703543","7.08333"
"2019703543","1974827855","7.08333"
"1974827855","2155123943","3.28333"
"2155123943","1974827855","3.28333"
"2019703543","2155123943","24.3095"
"2155123943","2019703543","24.3095"
"1974827855","1990099118","5.08333"
"1990099118","1974827855","5.08333"
"1974827855","1995654381","0.458333"
"1995654381","1974827855","0.458333"
"1974827855","2010123060","0.458333"
"2010123060","1974827855","0.458333"
"1974827855","2033298177","0.991667"
"2033298177","1974827855","0.991667"
"1974827855","2076395105","0.458333"
"2076395105","1974827855","0.458333"
"1974827855","2087500198","0.658333"
"2087500198","1974827855","0.658333"
"1990099118","1995654381","2.49167"
"1995654381","1990099118","2.49167"
"1990099118","2010123060","0.541667"
"2010123060","1990099118","0.541667"
"1990099118","2033298177","1.40833"
"2033298177","1990099118","1.40833"
"1990099118","2076395105","1.71786"
"2076395105","1990099118","1.71786"
"1990099118","2087500198","1.51786"
"2087500198","1990099118","1.51786"
"1974827855","2123310356","4.2"
"2123310356","1974827855","4.2"
"1974827855","2055244441","0.991667"
"2055244441","1974827855","0.991667"
"2055244441","2087500198","3.24968"
"2087500198","2055244441","3.24968"
"2055244441","2119403235","0.467857"
"2119403235","2055244441","0.467857"
"2055244441","2155123943","2.70043"
"2155123943","2055244441","2.70043"
"2055244441","2766342236","0.991667"
"2766342236","2055244441","0.991667"
"2087500198","2119403235","0.342857"
"2119403235","2087500198","0.342857"
"2087500198","2155123943","2.6171"
"2155123943","2087500198","2.6171"
"2119403235","2155123943","1.96786"
"2155123943","2119403235","1.96786"
"2155123943","2766342236","0.825"
"2766342236","2155123943","0.825"
"1974827855","2789682920","0.291667"
"2789682920","1974827855","0.291667"
"1990099118","2019703543","9.47619"
"2019703543","1990099118","9.47619"
"1990099118","2055244441","1.38452"
"2055244441","1990099118","1.38452"
"1990099118","2155123943","5.47619"
"2155123943","1990099118","5.47619"
"1990099118","2766342236","0.291667"
"2766342236","1990099118","0.291667"
"1990099118","2789682920","0.291667"
"2789682920","1990099118","0.291667"
"2019703543","2055244441","0.85119"
"2055244441","2019703543","0.85119"
"2019703543","2766342236","0.625"
"2766342236","2019703543","0.625"
"2019703543","2789682920","1.125"
"2789682920","2019703543","1.125"
"2055244441","2789682920","1.86515"
"2789682920","2055244441","1.86515"
"2155123943","2789682920","1.94091"
"2789682920","2155123943","1.94091"
"1974827855","2323435070","2"
"2323435070","1974827855","2"
"2033298177","2119403235","0.833333"
"2119403235","2033298177","0.833333"
"2033298177","2150258320","0.833333"
"2150258320","2033298177","0.833333"
"1995654381","2019703543","0.208333"
"2019703543","1995654381","0.208333"
"1995654381","2155123943","0.299242"
"2155123943","1995654381","0.299242"
"2010123060","2019703543","0.208333"
"2019703543","2010123060","0.208333"
"2010123060","2155123943","0.208333"
"2155123943","2010123060","0.208333"
"2019703543","2033298177","0.125"
"2033298177","2019703543","0.125"
"2019703543","2076395105","0.267857"
"2076395105","2019703543","0.267857"
"2019703543","2087500198","0.767857"
"2087500198","2019703543","0.767857"
"2033298177","2155123943","0.125"
"2155123943","2033298177","0.125"
"2076395105","2155123943","0.458766"
"2155123943","2076395105","0.458766"
"1974827855","2767711099","0.325"
"2767711099","1974827855","0.325"
"1990099118","2119403235","0.267857"
"2119403235","1990099118","0.267857"
"1990099118","2767711099","0.125"
"2767711099","1990099118","0.125"
"2019703543","2119403235","1.76786"
"2119403235","2019703543","1.76786"
"2019703543","2767711099","0.125"
"2767711099","2019703543","0.125"
"2055244441","2767711099","0.375"
"2767711099","2055244441","0.375"
"2119403235","2767711099","0.125"
"2767711099","2119403235","0.125"
"2119403235","2789682920","0.125"
"2789682920","2119403235","0.125"
"2155123943","2767711099","0.375"
"2767711099","2155123943","0.375"
"2033298177","2139395383","0.533333"
"2139395383","2033298177","0.533333"
"2123310356","2139395383","0.2"
"2139395383","2123310356","0.2"
"2139395383","2767711099","0.2"
"2767711099","2139395383","0.2"
"1977184551","2029982592","1.33333"
"2029982592","1977184551","1.33333"
"1977184551","2119403235","1.5"
"2119403235","1977184551","1.5"
"1977184551","2766342236","1.58333"
"2766342236","1977184551","1.58333"
"1977184551","2767711099","0.333333"
"2767711099","1977184551","0.333333"
"1977184551","2087500198","0.5"
"2087500198","1977184551","0.5"
"1977184551","2789682920","2.75"
"2789682920","1977184551","2.75"
"1977184551","1984502995","0.25"
"1984502995","1977184551","0.25"
"1977184551","2003992246","0.666667"
"2003992246","1977184551","0.666667"
"1977184551","2078423530","0.75"
"2078423530","1977184551","0.75"
"1977184551","2761016817","1.33333"
"2761016817","1977184551","1.33333"
"1977184551","1990099118","0.0833333"
"1990099118","1977184551","0.0833333"
"1977184551","1995654381","0.0833333"
"1995654381","1977184551","0.0833333"
"1977184551","2010123060","0.0833333"
"2010123060","1977184551","0.0833333"
"1977184551","2019703543","0.25"
"2019703543","1977184551","0.25"
"1977184551","2055244441","0.0833333"
"2055244441","1977184551","0.0833333"
"1977184551","2139395383","0.25"
"2139395383","1977184551","0.25"
"1977184551","2143495336","0.0833333"
"2143495336","1977184551","0.0833333"
"1977184551","2150258320","0.0833333"
"2150258320","1977184551","0.0833333"
"1977184551","2155123943","0.25"
"2155123943","1977184551","0.25"
"1977184551","2331382965","0.583333"
"2331382965","1977184551","0.583333"
"1990099118","2003992246","0.0833333"
"2003992246","1990099118","0.0833333"
"1990099118","2078423530","0.0833333"
"2078423530","1990099118","0.0833333"
"1990099118","2139395383","0.0833333"
"2139395383","1990099118","0.0833333"
"1990099118","2143495336","0.0833333"
"2143495336","1990099118","0.0833333"
"1990099118","2150258320","0.22619"
"2150258320","1990099118","0.22619"
"1990099118","2331382965","0.0833333"
"2331382965","1990099118","0.0833333"
"1995654381","2139395383","0.174242"
"2139395383","1995654381","0.174242"
"1995654381","2150258320","0.0833333"
"2150258320","1995654381","0.0833333"
"2003992246","2019703543","0.0833333"
"2019703543","2003992246","0.0833333"
"2003992246","2055244441","0.490152"
"2055244441","2003992246","0.490152"
"2003992246","2139395383","0.674242"
"2139395383","2003992246","0.674242"
"2003992246","2150258320","0.0833333"
"2150258320","2003992246","0.0833333"
"2003992246","2155123943","0.399242"
"2155123943","2003992246","0.399242"
"2010123060","2055244441","0.0833333"
"2055244441","2010123060","0.0833333"
"2010123060","2139395383","0.0833333"
"2139395383","2010123060","0.0833333"
"2010123060","2150258320","0.0833333"
"2150258320","2010123060","0.0833333"
"2019703543","2078423530","0.25"
"2078423530","2019703543","0.25"
"2019703543","2139395383","1.08333"
"2139395383","2019703543","1.08333"
"2019703543","2143495336","0.0833333"
"2143495336","2019703543","0.0833333"
"2019703543","2150258320","0.22619"
"2150258320","2019703543","0.22619"
"2019703543","2331382965","1.08333"
"2331382965","2019703543","1.08333"
"2055244441","2139395383","1.17424"
"2139395383","2055244441","1.17424"
"2055244441","2150258320","0.22619"
"2150258320","2055244441","0.22619"
"2055244441","2331382965","0.0833333"
"2331382965","2055244441","0.0833333"
"2078423530","2139395383","0.340909"
"2139395383","2078423530","0.340909"
"2078423530","2150258320","0.0833333"
"2150258320","2078423530","0.0833333"
"2078423530","2155123943","0.565909"
"2155123943","2078423530","0.565909"
"2139395383","2155123943","0.25"
"2155123943","2139395383","0.25"
"2143495336","2155123943","0.0833333"
"2155123943","2143495336","0.0833333"
"2150258320","2155123943","0.22619"
"2155123943","2150258320","0.22619"
"2155123943","2331382965","0.0833333"
"2331382965","2155123943","0.0833333"
"1977184551","2102203299","1.16667"
"2102203299","1977184551","1.16667"
"2019703543","2102203299","1.66667"
"2102203299","2019703543","1.66667"
"2078423530","2102203299","0.416667"
"2102203299","2078423530","0.416667"
"2102203299","2155123943","1.16667"
"2155123943","2102203299","1.16667"
"2102203299","2789682920","0.416667"
"2789682920","2102203299","0.416667"
"2139395383","2789682920","0.590909"
"2789682920","2139395383","0.590909"
"2029982592","2331382965","3.05263"
"2331382965","2029982592","3.05263"
"1984502995","2155123943","0.315909"
"2155123943","1984502995","0.315909"
"2017454381","2055244441","1.65682"
"2055244441","2017454381","1.65682"
"2017454381","2155123943","0.565909"
"2155123943","2017454381","0.565909"
"2029982592","2055244441","0.406818"
"2055244441","2029982592","0.406818"
"2029982592","2155123943","0.315909"
"2155123943","2029982592","0.315909"
"2761016817","2971530316","0.125"
"2971530316","2761016817","0.125"
"2055244441","2076395105","2.79134"
"2076395105","2055244441","2.79134"
"2055244441","2123310356","0.0909091"
"2123310356","2055244441","0.0909091"
"2123310356","2155123943","0.0909091"
"2155123943","2123310356","0.0909091"
"2076395105","2761016817","0.243541"
"2761016817","2076395105","0.243541"
"2155123943","2761016817","0.1"
"2761016817","2155123943","0.1"
"1984502995","2139395383","0.0909091"
"2139395383","1984502995","0.0909091"
"2017454381","2139395383","0.0909091"
"2139395383","2017454381","0.0909091"
"2029982592","2139395383","0.0909091"
"2139395383","2029982592","0.0909091"
"2076395105","2139395383","0.0909091"
"2139395383","2076395105","0.0909091"
"2087500198","2139395383","0.0909091"
"2139395383","2087500198","0.0909091"
"2139395383","2761016817","0.424242"
"2761016817","2139395383","0.424242"
"2017454381","2331382965","1.05263"
"2331382965","2017454381","1.05263"
"2331382965","2761016817","0.302632"
"2761016817","2331382965","0.302632"
"2331382965","2766342236","1.55263"
"2766342236","2331382965","1.55263"
"2331382965","2767711099","1.30263"
"2767711099","2331382965","1.30263"
"2331382965","2897172012","0.0526316"
"2897172012","2331382965","0.0526316"
"2331382965","2989153333","0.0526316"
"2989153333","2331382965","0.0526316"
"2463044584","2761016817","0.0526316"
"2761016817","2463044584","0.0526316"
"2761016817","2767711099","2.2193"
"2767711099","2761016817","2.2193"
"2761016817","2989153333","1.1193"
"2989153333","2761016817","1.1193"
"1990099118","2101429838","1.2"
"2101429838","1990099118","1.2"
"2033298177","2055244441","0.366667"
"2055244441","2033298177","0.366667"
"2055244441","2101429838","0.366667"
"2101429838","2055244441","0.366667"
"2076395105","2119403235","0.142857"
"2119403235","2076395105","0.142857"
"2076395105","2150258320","0.142857"
"2150258320","2076395105","0.142857"
"2087500198","2150258320","0.142857"
"2150258320","2087500198","0.142857"
"2139395383","2766342236","0.5"
"2766342236","2139395383","0.5"
"2019703543","2761016817","0.333333"
"2761016817","2019703543","0.333333"
"2102203299","2761016817","0.25"
"2761016817","2102203299","0.25"
"2102203299","2897172012","0.25"
"2897172012","2102203299","0.25"
"2761016817","2790677216","6.41667"
"2790677216","2761016817","6.41667"
