"118126166","2093625056","1.96273"
"2093625056","118126166","1.96273"
"118126166","2254763029","1.9171"
"2254763029","118126166","1.9171"
"2093625056","2254763029","2.83377"
"2254763029","2093625056","2.83377"
"118126166","1518681564","1.01829"
"1518681564","118126166","1.01829"
"118126166","1865037656","0.712734"
"1865037656","118126166","0.712734"
"118126166","1869621578","1.71273"
"1869621578","118126166","1.71273"
"118126166","2122052745","1.11273"
"2122052745","118126166","1.11273"
"118126166","2122368834","1.21273"
"2122368834","118126166","1.21273"
"1518681564","1865037656","0.76829"
"1865037656","1518681564","0.76829"
"1518681564","1869621578","1.10162"
"1869621578","1518681564","1.10162"
"1518681564","2093625056","1.35162"
"2093625056","1518681564","1.35162"
"1518681564","2122052745","0.66829"
"2122052745","1518681564","0.66829"
"1518681564","2122368834","0.934957"
"2122368834","1518681564","0.934957"
"1518681564","2254763029","1.75043"
"2254763029","1518681564","1.75043"
"1865037656","1869621578","11.2961"
"1869621578","1865037656","11.2961"
"1865037656","2093625056","2.79607"
"2093625056","1865037656","2.79607"
"1865037656","2122052745","0.612734"
"2122052745","1865037656","0.612734"
"1865037656","2122368834","3.29607"
"2122368834","1865037656","3.29607"
"1865037656","2254763029","0.750433"
"2254763029","1865037656","0.750433"
"1869621578","2093625056","3.46273"
"2093625056","1869621578","3.46273"
"1869621578","2122052745","0.779401"
"2122052745","1869621578","0.779401"
"1869621578","2122368834","3.46273"
"2122368834","1869621578","3.46273"
"1869621578","2254763029","1.08377"
"2254763029","1869621578","1.08377"
"2093625056","2122052745","2.2794"
"2122052745","2093625056","2.2794"
"2093625056","2122368834","3.96273"
"2122368834","2093625056","3.96273"
"2122052745","2122368834","1.7794"
"2122368834","2122052745","1.7794"
"2122052745","2254763029","0.733766"
"2254763029","2122052745","0.733766"
"2122368834","2254763029","1.25043"
"2254763029","2122368834","1.25043"
"118126166","1507517752","1.27821"
"1507517752","118126166","1.27821"
"118126166","1726521406","0.649242"
"1726521406","118126166","0.649242"
"118126166","2124838580","0.774242"
"2124838580","118126166","0.774242"
"1507517752","1518681564","2.6671"
"1518681564","1507517752","2.6671"
"1507517752","1726521406","0.690909"
"1726521406","1507517752","0.690909"
"1507517752","1869621578","1.27821"
"1869621578","1507517752","1.27821"
"1507517752","2093625056","1.77821"
"2093625056","1507517752","1.77821"
"1507517752","2124838580","0.524242"
"2124838580","1507517752","0.524242"
"1518681564","1726521406","0.649242"
"1726521406","1518681564","0.649242"
"1518681564","2124838580","5.77424"
"2124838580","1518681564","5.77424"
"1726521406","1869621578","0.649242"
"1869621578","1726521406","0.649242"
"1726521406","2093625056","0.649242"
"2093625056","1726521406","0.649242"
"1726521406","2124838580","0.524242"
"2124838580","1726521406","0.524242"
"1869621578","2124838580","0.524242"
"2124838580","1869621578","0.524242"
"2093625056","2124838580","1.27424"
"2124838580","2093625056","1.27424"
"118126166","1999570522","0.0909091"
"1999570522","118126166","0.0909091"
"1507517752","1865037656","0.444877"
"1865037656","1507517752","0.444877"
"1507517752","1999570522","0.0909091"
"1999570522","1507517752","0.0909091"
"1507517752","2122052745","0.678211"
"2122052745","1507517752","0.678211"
"1507517752","2122368834","0.778211"
"2122368834","1507517752","0.778211"
"1507517752","2254763029","0.357576"
"2254763029","1507517752","0.357576"
"1518681564","1999570522","0.0909091"
"1999570522","1518681564","0.0909091"
"1726521406","1865037656","0.315909"
"1865037656","1726521406","0.315909"
"1726521406","1999570522","0.0909091"
"1999570522","1726521406","0.0909091"
"1726521406","2122052745","0.549242"
"2122052745","1726521406","0.549242"
"1726521406","2122368834","0.649242"
"2122368834","1726521406","0.649242"
"1726521406","2254763029","0.357576"
"2254763029","1726521406","0.357576"
"1865037656","1999570522","0.0909091"
"1999570522","1865037656","0.0909091"
"1865037656","2124838580","0.357576"
"2124838580","1865037656","0.357576"
"1869621578","1999570522","0.0909091"
"1999570522","1869621578","0.0909091"
"1999570522","2093625056","0.0909091"
"2093625056","1999570522","0.0909091"
"1999570522","2122052745","0.0909091"
"2122052745","1999570522","0.0909091"
"1999570522","2122368834","0.0909091"
"2122368834","1999570522","0.0909091"
"1999570522","2124838580","0.0909091"
"2124838580","1999570522","0.0909091"
"1999570522","2254763029","0.0909091"
"2254763029","1999570522","0.0909091"
"2122052745","2124838580","0.257576"
"2124838580","2122052745","0.257576"
"2122368834","2124838580","1.02424"
"2124838580","2122368834","1.02424"
"2124838580","2254763029","0.774242"
"2254763029","2124838580","0.774242"
"118126166","1880330459","0.225"
"1880330459","118126166","0.225"
"1507517752","1880330459","0.6"
"1880330459","1507517752","0.6"
"1518681564","1880330459","1.225"
"1880330459","1518681564","1.225"
"1726521406","1880330459","0.225"
"1880330459","1726521406","0.225"
"1865037656","1880330459","0.225"
"1880330459","1865037656","0.225"
"1869621578","1880330459","0.225"
"1880330459","1869621578","0.225"
"1880330459","2093625056","0.225"
"2093625056","1880330459","0.225"
"1880330459","2122368834","0.225"
"2122368834","1880330459","0.225"
"1880330459","2124838580","0.1"
"2124838580","1880330459","0.1"
"1880330459","2254763029","0.1"
"2254763029","1880330459","0.1"
"1880330459","2122052745","1.125"
"2122052745","1880330459","1.125"
"118126166","1981392344","0.111111"
"1981392344","118126166","0.111111"
"118126166","2163581307","0.111111"
"2163581307","118126166","0.111111"
"118126166","44364808","0.111111"
"44364808","118126166","0.111111"
"1507517752","1981392344","0.111111"
"1981392344","1507517752","0.111111"
"1507517752","2163581307","0.111111"
"2163581307","1507517752","0.111111"
"1507517752","44364808","0.111111"
"44364808","1507517752","0.111111"
"1865037656","1981392344","0.111111"
"1981392344","1865037656","0.111111"
"1865037656","2163581307","0.111111"
"2163581307","1865037656","0.111111"
"1865037656","44364808","0.111111"
"44364808","1865037656","0.111111"
"1869621578","1981392344","0.111111"
"1981392344","1869621578","0.111111"
"1869621578","2163581307","0.111111"
"2163581307","1869621578","0.111111"
"1869621578","44364808","0.111111"
"44364808","1869621578","0.111111"
"1981392344","2093625056","0.111111"
"2093625056","1981392344","0.111111"
"1981392344","2122052745","0.111111"
"2122052745","1981392344","0.111111"
"1981392344","2122368834","0.111111"
"2122368834","1981392344","0.111111"
"1981392344","2163581307","0.111111"
"2163581307","1981392344","0.111111"
"1981392344","44364808","1.11111"
"44364808","1981392344","1.11111"
"2093625056","2163581307","0.111111"
"2163581307","2093625056","0.111111"
"2093625056","44364808","0.111111"
"44364808","2093625056","0.111111"
"2122052745","2163581307","0.111111"
"2163581307","2122052745","0.111111"
"2122052745","44364808","0.111111"
"44364808","2122052745","0.111111"
"2122368834","2163581307","0.111111"
"2163581307","2122368834","0.111111"
"2122368834","44364808","0.111111"
"44364808","2122368834","0.111111"
"2163581307","44364808","0.111111"
"44364808","2163581307","0.111111"
"1481011631","2164165510","1"
"2164165510","1481011631","1"
"1481011631","1578853865","1"
"1578853865","1481011631","1"
"1490044326","1522543627","1.66667"
"1522543627","1490044326","1.66667"
"1490044326","1604364785","0.666667"
"1604364785","1490044326","0.666667"
"1490044326","2138499336","0.666667"
"2138499336","1490044326","0.666667"
"1522543627","1604364785","3.66667"
"1604364785","1522543627","3.66667"
"1522543627","2138499336","2.66667"
"2138499336","1522543627","2.66667"
"1604364785","2138499336","0.666667"
"2138499336","1604364785","0.666667"
"1490044326","1604645366","0.5"
"1604645366","1490044326","0.5"
"1522543627","1604645366","0.5"
"1604645366","1522543627","0.5"
"1490044326","2098121414","2"
"2098121414","1490044326","2"
"1490044326","2001575213","1"
"2001575213","1490044326","1"
"1490044326","2086028161","0.5"
"2086028161","1490044326","0.5"
"1522543627","2086028161","0.5"
"2086028161","1522543627","0.5"
"1506383148","166809913","5.91667"
"166809913","1506383148","5.91667"
"1506383148","1922373164","0.916667"
"1922373164","1506383148","0.916667"
"1506383148","1981392344","1.91667"
"1981392344","1506383148","1.91667"
"1506383148","2073539176","0.25"
"2073539176","1506383148","0.25"
"166809913","1922373164","0.916667"
"1922373164","166809913","0.916667"
"166809913","1981392344","1.91667"
"1981392344","166809913","1.91667"
"166809913","2073539176","0.25"
"2073539176","166809913","0.25"
"1922373164","1981392344","1.91667"
"1981392344","1922373164","1.91667"
"1922373164","2073539176","0.753968"
"2073539176","1922373164","0.753968"
"1981392344","2073539176","0.25"
"2073539176","1981392344","0.25"
"1507517752","1604645366","2.14286"
"1604645366","1507517752","2.14286"
"1507517752","1532785964","0.5"
"1532785964","1507517752","0.5"
"1507517752","2156676650","0.5"
"2156676650","1507517752","0.5"
"1532785964","2156676650","2.5"
"2156676650","1532785964","2.5"
"1507517752","1996695062","0.333333"
"1996695062","1507517752","0.333333"
"1507517752","2059640750","2.53333"
"2059640750","1507517752","2.53333"
"1507517752","2099324655","0.333333"
"2099324655","1507517752","0.333333"
"1996695062","2059640750","0.424242"
"2059640750","1996695062","0.424242"
"1996695062","2099324655","0.424242"
"2099324655","1996695062","0.424242"
"2059640750","2099324655","1.42424"
"2099324655","2059640750","1.42424"
"1507517752","1555177483","0.342857"
"1555177483","1507517752","0.342857"
"1507517752","2047869555","0.342857"
"2047869555","1507517752","0.342857"
"1507517752","2115205574","0.342857"
"2115205574","1507517752","0.342857"
"1507517752","2130196654","0.342857"
"2130196654","1507517752","0.342857"
"1555177483","2047869555","0.433766"
"2047869555","1555177483","0.433766"
"1555177483","2059640750","0.290909"
"2059640750","1555177483","0.290909"
"1555177483","2115205574","0.433766"
"2115205574","1555177483","0.433766"
"1555177483","2130196654","0.433766"
"2130196654","1555177483","0.433766"
"2047869555","2059640750","0.290909"
"2059640750","2047869555","0.290909"
"2047869555","2115205574","0.433766"
"2115205574","2047869555","0.433766"
"2047869555","2130196654","0.433766"
"2130196654","2047869555","0.433766"
"2059640750","2115205574","0.290909"
"2115205574","2059640750","0.290909"
"2059640750","2130196654","0.290909"
"2130196654","2059640750","0.290909"
"2115205574","2130196654","4.80043"
"2130196654","2115205574","4.80043"
"1507517752","2164165510","0.5"
"2164165510","1507517752","0.5"
"1880330459","2164165510","0.5"
"2164165510","1880330459","0.5"
"1507517752","1604364785","0.142857"
"1604364785","1507517752","0.142857"
"1507517752","2153914519","0.142857"
"2153914519","1507517752","0.142857"
"1555177483","1604364785","0.142857"
"1604364785","1555177483","0.142857"
"1555177483","1604645366","0.142857"
"1604645366","1555177483","0.142857"
"1555177483","2153914519","0.233766"
"2153914519","1555177483","0.233766"
"1604364785","1604645366","0.142857"
"1604645366","1604364785","0.142857"
"1604364785","2047869555","0.142857"
"2047869555","1604364785","0.142857"
"1604364785","2115205574","0.142857"
"2115205574","1604364785","0.142857"
"1604364785","2130196654","0.642857"
"2130196654","1604364785","0.642857"
"1604364785","2153914519","0.642857"
"2153914519","1604364785","0.642857"
"1604645366","2047869555","0.142857"
"2047869555","1604645366","0.142857"
"1604645366","2115205574","0.142857"
"2115205574","1604645366","0.142857"
"1604645366","2130196654","0.142857"
"2130196654","1604645366","0.142857"
"1604645366","2153914519","0.142857"
"2153914519","1604645366","0.142857"
"2047869555","2153914519","0.233766"
"2153914519","2047869555","0.233766"
"2115205574","2153914519","0.233766"
"2153914519","2115205574","0.233766"
"2130196654","2153914519","0.733766"
"2153914519","2130196654","0.733766"
"1522543627","1559348755","0.0833333"
"1559348755","1522543627","0.0833333"
"1522543627","1578426270","0.0833333"
"1578426270","1522543627","0.0833333"
"1522543627","1848571727","1.08333"
"1848571727","1522543627","1.08333"
"1522543627","1923369148","0.0833333"
"1923369148","1522543627","0.0833333"
"1522543627","1999570522","0.0833333"
"1999570522","1522543627","0.0833333"
"1522543627","2054654499","0.0833333"
"2054654499","1522543627","0.0833333"
"1522543627","2061757435","0.0833333"
"2061757435","1522543627","0.0833333"
"1522543627","2070522631","0.0833333"
"2070522631","1522543627","0.0833333"
"1522543627","2099324655","0.0833333"
"2099324655","1522543627","0.0833333"
"1522543627","2126118229","0.0833333"
"2126118229","1522543627","0.0833333"
"1522543627","2130196654","0.0833333"
"2130196654","1522543627","0.0833333"
"1522543627","2556383938","0.0833333"
"2556383938","1522543627","0.0833333"
"1559348755","1578426270","0.0833333"
"1578426270","1559348755","0.0833333"
"1559348755","1848571727","0.0833333"
"1848571727","1559348755","0.0833333"
"1559348755","1923369148","0.0833333"
"1923369148","1559348755","0.0833333"
"1559348755","1999570522","0.0833333"
"1999570522","1559348755","0.0833333"
"1559348755","2054654499","0.583333"
"2054654499","1559348755","0.583333"
"1559348755","2061757435","0.0833333"
"2061757435","1559348755","0.0833333"
"1559348755","2070522631","0.0833333"
"2070522631","1559348755","0.0833333"
"1559348755","2099324655","0.0833333"
"2099324655","1559348755","0.0833333"
"1559348755","2126118229","0.0833333"
"2126118229","1559348755","0.0833333"
"1559348755","2130196654","0.0833333"
"2130196654","1559348755","0.0833333"
"1559348755","2556383938","0.0833333"
"2556383938","1559348755","0.0833333"
"1578426270","1848571727","0.0833333"
"1848571727","1578426270","0.0833333"
"1578426270","1923369148","0.0833333"
"1923369148","1578426270","0.0833333"
"1578426270","1999570522","0.0833333"
"1999570522","1578426270","0.0833333"
"1578426270","2054654499","0.0833333"
"2054654499","1578426270","0.0833333"
"1578426270","2061757435","0.0833333"
"2061757435","1578426270","0.0833333"
"1578426270","2070522631","0.0833333"
"2070522631","1578426270","0.0833333"
"1578426270","2099324655","0.0833333"
"2099324655","1578426270","0.0833333"
"1578426270","2126118229","0.0833333"
"2126118229","1578426270","0.0833333"
"1578426270","2130196654","0.283333"
"2130196654","1578426270","0.283333"
"1578426270","2556383938","0.0833333"
"2556383938","1578426270","0.0833333"
"1848571727","1923369148","0.0833333"
"1923369148","1848571727","0.0833333"
"1848571727","1999570522","0.0833333"
"1999570522","1848571727","0.0833333"
"1848571727","2054654499","0.0833333"
"2054654499","1848571727","0.0833333"
"1848571727","2061757435","0.0833333"
"2061757435","1848571727","0.0833333"
"1848571727","2070522631","0.0833333"
"2070522631","1848571727","0.0833333"
"1848571727","2099324655","0.0833333"
"2099324655","1848571727","0.0833333"
"1848571727","2126118229","0.0833333"
"2126118229","1848571727","0.0833333"
"1848571727","2130196654","0.0833333"
"2130196654","1848571727","0.0833333"
"1848571727","2556383938","0.0833333"
"2556383938","1848571727","0.0833333"
"1923369148","1999570522","0.0833333"
"1999570522","1923369148","0.0833333"
"1923369148","2054654499","0.0833333"
"2054654499","1923369148","0.0833333"
"1923369148","2061757435","0.75"
"2061757435","1923369148","0.75"
"1923369148","2070522631","0.0833333"
"2070522631","1923369148","0.0833333"
"1923369148","2099324655","0.0833333"
"2099324655","1923369148","0.0833333"
"1923369148","2126118229","0.0833333"
"2126118229","1923369148","0.0833333"
"1923369148","2130196654","0.0833333"
"2130196654","1923369148","0.0833333"
"1923369148","2556383938","0.0833333"
"2556383938","1923369148","0.0833333"
"1999570522","2054654499","0.0833333"
"2054654499","1999570522","0.0833333"
"1999570522","2061757435","0.0833333"
"2061757435","1999570522","0.0833333"
"1999570522","2070522631","0.0833333"
"2070522631","1999570522","0.0833333"
"1999570522","2099324655","0.0833333"
"2099324655","1999570522","0.0833333"
"1999570522","2126118229","0.0833333"
"2126118229","1999570522","0.0833333"
"1999570522","2130196654","0.0833333"
"2130196654","1999570522","0.0833333"
"1999570522","2556383938","0.0833333"
"2556383938","1999570522","0.0833333"
"2054654499","2061757435","0.0833333"
"2061757435","2054654499","0.0833333"
"2054654499","2070522631","0.0833333"
"2070522631","2054654499","0.0833333"
"2054654499","2099324655","0.3171"
"2099324655","2054654499","0.3171"
"2054654499","2126118229","0.0833333"
"2126118229","2054654499","0.0833333"
"2054654499","2130196654","0.174242"
"2130196654","2054654499","0.174242"
"2054654499","2556383938","0.0833333"
"2556383938","2054654499","0.0833333"
"2061757435","2070522631","0.0833333"
"2070522631","2061757435","0.0833333"
"2061757435","2099324655","0.0833333"
"2099324655","2061757435","0.0833333"
"2061757435","2126118229","0.0833333"
"2126118229","2061757435","0.0833333"
"2061757435","2130196654","0.0833333"
"2130196654","2061757435","0.0833333"
"2061757435","2556383938","0.0833333"
"2556383938","2061757435","0.0833333"
"2070522631","2099324655","0.0833333"
"2099324655","2070522631","0.0833333"
"2070522631","2126118229","0.0833333"
"2126118229","2070522631","0.0833333"
"2070522631","2130196654","0.0833333"
"2130196654","2070522631","0.0833333"
"2070522631","2556383938","0.583333"
"2556383938","2070522631","0.583333"
"2099324655","2126118229","0.0833333"
"2126118229","2099324655","0.0833333"
"2099324655","2130196654","1.17424"
"2130196654","2099324655","1.17424"
"2099324655","2556383938","0.0833333"
"2556383938","2099324655","0.0833333"
"2126118229","2130196654","0.0833333"
"2130196654","2126118229","0.0833333"
"2126118229","2556383938","0.0833333"
"2556383938","2126118229","0.0833333"
"2130196654","2556383938","0.0833333"
"2556383938","2130196654","0.0833333"
"1522543627","2529227260","0.5"
"2529227260","1522543627","0.5"
"2138499336","2529227260","0.5"
"2529227260","2138499336","0.5"
"1522543627","1523368889","1"
"1523368889","1522543627","1"
"1522543627","1532785964","0.5"
"1532785964","1522543627","0.5"
"1523368889","1532785964","0.5"
"1532785964","1523368889","0.5"
"1523368889","2138499336","0.5"
"2138499336","1523368889","0.5"
"1523368889","1977178391","2.95833"
"1977178391","1523368889","2.95833"
"1523368889","1576127080","0.25"
"1576127080","1523368889","0.25"
"1523368889","1578853865","0.25"
"1578853865","1523368889","0.25"
"1523368889","1581920712","0.25"
"1581920712","1523368889","0.25"
"1523368889","5158979","0.5"
"5158979","1523368889","0.5"
"1576127080","1578853865","0.25"
"1578853865","1576127080","0.25"
"1576127080","1581920712","0.25"
"1581920712","1576127080","0.25"
"1576127080","5158979","0.25"
"5158979","1576127080","0.25"
"1578853865","1581920712","0.25"
"1581920712","1578853865","0.25"
"1578853865","5158979","0.25"
"5158979","1578853865","0.25"
"1581920712","5158979","0.25"
"5158979","1581920712","0.25"
"1523368889","2135579919","1.95833"
"2135579919","1523368889","1.95833"
"1523368889","1578426270","0.25"
"1578426270","1523368889","0.25"
"1523368889","2038772173","0.25"
"2038772173","1523368889","0.25"
"1523368889","2086931516","0.25"
"2086931516","1523368889","0.25"
"1578426270","2038772173","0.25"
"2038772173","1578426270","0.25"
"1578426270","2086931516","2.61667"
"2086931516","1578426270","2.61667"
"1578426270","5158979","0.25"
"5158979","1578426270","0.25"
"2038772173","2086931516","0.25"
"2086931516","2038772173","0.25"
"2038772173","5158979","0.25"
"5158979","2038772173","0.25"
"2086931516","5158979","0.25"
"5158979","2086931516","0.25"
"1523368889","2001713350","0.125"
"2001713350","1523368889","0.125"
"1523368889","2039779936","0.458333"
"2039779936","1523368889","0.458333"
"1523368889","2079649893","0.125"
"2079649893","1523368889","0.125"
"1523368889","2140789797","0.125"
"2140789797","1523368889","0.125"
"1523368889","2152502401","0.125"
"2152502401","1523368889","0.125"
"1523368889","2158418361","0.125"
"2158418361","1523368889","0.125"
"1977178391","2001713350","0.125"
"2001713350","1977178391","0.125"
"1977178391","2039779936","1.79167"
"2039779936","1977178391","1.79167"
"1977178391","2079649893","0.236111"
"2079649893","1977178391","0.236111"
"1977178391","2135579919","7.79167"
"2135579919","1977178391","7.79167"
"1977178391","2140789797","0.236111"
"2140789797","1977178391","0.236111"
"1977178391","2152502401","0.236111"
"2152502401","1977178391","0.236111"
"1977178391","2158418361","0.236111"
"2158418361","1977178391","0.236111"
"2001713350","2039779936","0.125"
"2039779936","2001713350","0.125"
"2001713350","2079649893","0.236111"
"2079649893","2001713350","0.236111"
"2001713350","2135579919","0.125"
"2135579919","2001713350","0.125"
"2001713350","2140789797","2.56944"
"2140789797","2001713350","2.56944"
"2001713350","2152502401","0.736111"
"2152502401","2001713350","0.736111"
"2001713350","2158418361","0.736111"
"2158418361","2001713350","0.736111"
"2039779936","2079649893","0.125"
"2079649893","2039779936","0.125"
"2039779936","2135579919","1.79167"
"2135579919","2039779936","1.79167"
"2039779936","2140789797","0.125"
"2140789797","2039779936","0.125"
"2039779936","2152502401","0.125"
"2152502401","2039779936","0.125"
"2039779936","2158418361","0.125"
"2158418361","2039779936","0.125"
"2079649893","2135579919","0.125"
"2135579919","2079649893","0.125"
"2079649893","2140789797","1.99008"
"2140789797","2079649893","1.99008"
"2079649893","2152502401","7.09008"
"2152502401","2079649893","7.09008"
"2079649893","2158418361","4.09008"
"2158418361","2079649893","4.09008"
"2135579919","2140789797","0.125"
"2140789797","2135579919","0.125"
"2135579919","2152502401","0.125"
"2152502401","2135579919","0.125"
"2135579919","2158418361","0.125"
"2158418361","2135579919","0.125"
"2140789797","2152502401","1.99008"
"2152502401","2140789797","1.99008"
"2140789797","2158418361","0.656746"
"2158418361","2140789797","0.656746"
"2152502401","2158418361","4.75675"
"2158418361","2152502401","4.75675"
"1549738471","2093625056","1"
"2093625056","1549738471","1"
"1549803660","1848571727","1"
"1848571727","1549803660","1"
"1549803660","1999570522","2.5"
"1999570522","1549803660","2.5"
"1549803660","2221971083","0.5"
"2221971083","1549803660","0.5"
"1999570522","2221971083","0.5"
"2221971083","1999570522","0.5"
"1555177483","2099513787","0.5"
"2099513787","1555177483","0.5"
"1555177483","2163581307","0.5"
"2163581307","1555177483","0.5"
"2099513787","2163581307","8"
"2163581307","2099513787","8"
"1555177483","1996695062","0.0909091"
"1996695062","1555177483","0.0909091"
"1555177483","2054654499","0.233766"
"2054654499","1555177483","0.233766"
"1555177483","2085989730","1.73377"
"2085989730","1555177483","1.73377"
"1555177483","2099324655","0.733766"
"2099324655","1555177483","0.733766"
"1555177483","2120794229","0.5671"
"2120794229","1555177483","0.5671"
"1555177483","2138499336","0.0909091"
"2138499336","1555177483","0.0909091"
"1996695062","2047869555","0.0909091"
"2047869555","1996695062","0.0909091"
"1996695062","2054654499","0.0909091"
"2054654499","1996695062","0.0909091"
"1996695062","2085989730","0.0909091"
"2085989730","1996695062","0.0909091"
"1996695062","2115205574","0.0909091"
"2115205574","1996695062","0.0909091"
"1996695062","2120794229","0.0909091"
"2120794229","1996695062","0.0909091"
"1996695062","2130196654","0.0909091"
"2130196654","1996695062","0.0909091"
"1996695062","2138499336","0.0909091"
"2138499336","1996695062","0.0909091"
"1996695062","2153914519","0.0909091"
"2153914519","1996695062","0.0909091"
"2047869555","2054654499","0.590909"
"2054654499","2047869555","0.590909"
"2047869555","2085989730","0.0909091"
"2085989730","2047869555","0.0909091"
"2047869555","2099324655","0.0909091"
"2099324655","2047869555","0.0909091"
"2047869555","2120794229","0.0909091"
"2120794229","2047869555","0.0909091"
"2047869555","2138499336","0.0909091"
"2138499336","2047869555","0.0909091"
"2054654499","2059640750","0.0909091"
"2059640750","2054654499","0.0909091"
"2054654499","2085989730","0.233766"
"2085989730","2054654499","0.233766"
"2054654499","2115205574","1.09091"
"2115205574","2054654499","1.09091"
"2054654499","2120794229","1.23377"
"2120794229","2054654499","1.23377"
"2054654499","2138499336","0.0909091"
"2138499336","2054654499","0.0909091"
"2054654499","2153914519","0.0909091"
"2153914519","2054654499","0.0909091"
"2059640750","2085989730","0.0909091"
"2085989730","2059640750","0.0909091"
"2059640750","2120794229","0.0909091"
"2120794229","2059640750","0.0909091"
"2059640750","2138499336","0.0909091"
"2138499336","2059640750","0.0909091"
"2059640750","2153914519","0.0909091"
"2153914519","2059640750","0.0909091"
"2085989730","2099324655","1.23377"
"2099324655","2085989730","1.23377"
"2085989730","2115205574","0.0909091"
"2115205574","2085989730","0.0909091"
"2085989730","2120794229","0.733766"
"2120794229","2085989730","0.733766"
"2085989730","2130196654","1.09091"
"2130196654","2085989730","1.09091"
"2085989730","2138499336","0.0909091"
"2138499336","2085989730","0.0909091"
"2085989730","2153914519","0.0909091"
"2153914519","2085989730","0.0909091"
"2099324655","2115205574","0.0909091"
"2115205574","2099324655","0.0909091"
"2099324655","2120794229","3.73377"
"2120794229","2099324655","3.73377"
"2099324655","2138499336","0.0909091"
"2138499336","2099324655","0.0909091"
"2099324655","2153914519","0.0909091"
"2153914519","2099324655","0.0909091"
"2115205574","2120794229","0.0909091"
"2120794229","2115205574","0.0909091"
"2115205574","2138499336","0.0909091"
"2138499336","2115205574","0.0909091"
"2120794229","2130196654","0.0909091"
"2130196654","2120794229","0.0909091"
"2120794229","2138499336","0.0909091"
"2138499336","2120794229","0.0909091"
"2120794229","2153914519","0.0909091"
"2153914519","2120794229","0.0909091"
"2130196654","2138499336","0.590909"
"2138499336","2130196654","0.590909"
"2138499336","2153914519","0.0909091"
"2153914519","2138499336","0.0909091"
"1555177483","1923369148","0.333333"
"1923369148","1555177483","0.333333"
"1555177483","1978577143","0.333333"
"1978577143","1555177483","0.333333"
"1923369148","1978577143","0.533333"
"1978577143","1923369148","0.533333"
"1923369148","2120794229","0.333333"
"2120794229","1923369148","0.333333"
"1978577143","2120794229","0.333333"
"2120794229","1978577143","0.333333"
"1555177483","2036792013","0.142857"
"2036792013","1555177483","0.142857"
"1555177483","2408297543","0.142857"
"2408297543","1555177483","0.142857"
"1555177483","5158979","0.142857"
"5158979","1555177483","0.142857"
"2036792013","2054654499","0.142857"
"2054654499","2036792013","0.142857"
"2036792013","2085989730","0.142857"
"2085989730","2036792013","0.142857"
"2036792013","2099324655","0.142857"
"2099324655","2036792013","0.142857"
"2036792013","2120794229","0.142857"
"2120794229","2036792013","0.142857"
"2036792013","2408297543","0.142857"
"2408297543","2036792013","0.142857"
"2036792013","5158979","0.142857"
"5158979","2036792013","0.142857"
"2054654499","2408297543","0.142857"
"2408297543","2054654499","0.142857"
"2054654499","5158979","0.142857"
"5158979","2054654499","0.142857"
"2085989730","2408297543","0.142857"
"2408297543","2085989730","0.142857"
"2085989730","5158979","0.142857"
"5158979","2085989730","0.142857"
"2099324655","2408297543","0.142857"
"2408297543","2099324655","0.142857"
"2099324655","5158979","0.142857"
"5158979","2099324655","0.142857"
"2120794229","2408297543","0.142857"
"2408297543","2120794229","0.142857"
"2120794229","5158979","0.142857"
"5158979","2120794229","0.142857"
"2408297543","5158979","1.14286"
"5158979","2408297543","1.14286"
"1559348755","1971469648","1"
"1971469648","1559348755","1"
"1559348755","2153941542","0.5"
"2153941542","1559348755","0.5"
"2054654499","2153941542","0.5"
"2153941542","2054654499","0.5"
"1559348755","1874111502","1"
"1874111502","1559348755","1"
"1559348755","2047869555","1"
"2047869555","1559348755","1"
"1564566107","1578853865","0.5"
"1578853865","1564566107","0.5"
"1564566107","68538572","0.5"
"68538572","1564566107","0.5"
"1578853865","68538572","0.5"
"68538572","1578853865","0.5"
"1564566107","2130196654","1"
"2130196654","1564566107","1"
"1564566107","44364808","0.5"
"44364808","1564566107","0.5"
"2130196654","44364808","0.5"
"44364808","2130196654","0.5"
"1564566107","2109666866","0.5"
"2109666866","1564566107","0.5"
"2109666866","2130196654","14.3667"
"2130196654","2109666866","14.3667"
"1576127080","1628514191","0.2"
"1628514191","1576127080","0.2"
"1576127080","1923369148","0.2"
"1923369148","1576127080","0.2"
"1576127080","1978577143","2.31667"
"1978577143","1576127080","2.31667"
"1576127080","2000584228","3.23333"
"2000584228","1576127080","3.23333"
"1576127080","2031237011","2.15"
"2031237011","1576127080","2.15"
"1628514191","1923369148","0.2"
"1923369148","1628514191","0.2"
"1628514191","1978577143","0.2"
"1978577143","1628514191","0.2"
"1628514191","2000584228","0.2"
"2000584228","1628514191","0.2"
"1628514191","2031237011","0.2"
"2031237011","1628514191","0.2"
"1923369148","2000584228","0.2"
"2000584228","1923369148","0.2"
"1923369148","2031237011","0.2"
"2031237011","1923369148","0.2"
"1978577143","2000584228","7.15"
"2000584228","1978577143","7.15"
"1978577143","2031237011","1.65"
"2031237011","1978577143","1.65"
"2000584228","2031237011","2.23333"
"2031237011","2000584228","2.23333"
"1576127080","2038772173","1.36667"
"2038772173","1576127080","1.36667"
"1576127080","2122105243","0.333333"
"2122105243","1576127080","0.333333"
"2000584228","2038772173","3.86667"
"2038772173","2000584228","3.86667"
"2000584228","2122105243","0.583333"
"2122105243","2000584228","0.583333"
"2038772173","2122105243","2.53333"
"2122105243","2038772173","2.53333"
"1576127080","2462694512","0.25"
"2462694512","1576127080","0.25"
"2000584228","2462694512","0.5"
"2462694512","2000584228","0.5"
"2031237011","2038772173","0.908333"
"2038772173","2031237011","0.908333"
"2031237011","2462694512","0.5"
"2462694512","2031237011","0.5"
"2038772173","2462694512","0.25"
"2462694512","2038772173","0.25"
"1576127080","2039074357","0.5"
"2039074357","1576127080","0.5"
"2031237011","2039074357","1.75"
"2039074357","2031237011","1.75"
"1576127080","2155349514","0.45"
"2155349514","1576127080","0.45"
"1978577143","2038772173","0.45"
"2038772173","1978577143","0.45"
"1978577143","2155349514","0.783333"
"2155349514","1978577143","0.783333"
"2000584228","2155349514","1.28333"
"2155349514","2000584228","1.28333"
"2031237011","2155349514","2.53333"
"2155349514","2031237011","2.53333"
"2038772173","2155349514","0.95"
"2155349514","2038772173","0.95"
"1578426270","1578853865","0.866667"
"1578853865","1578426270","0.866667"
"1578426270","2122363033","0.666667"
"2122363033","1578426270","0.666667"
"1578853865","2086931516","6.36667"
"2086931516","1578853865","6.36667"
"1578853865","2122363033","4.16667"
"2122363033","1578853865","4.16667"
"2086931516","2122363033","8.5"
"2122363033","2086931516","8.5"
"1578426270","2109666866","0.2"
"2109666866","1578426270","0.2"
"1578426270","2115205574","0.7"
"2115205574","1578426270","0.7"
"1578853865","2109666866","0.2"
"2109666866","1578853865","0.2"
"1578853865","2115205574","1.2"
"2115205574","1578853865","1.2"
"1578853865","2130196654","0.2"
"2130196654","1578853865","0.2"
"2086931516","2109666866","0.366667"
"2109666866","2086931516","0.366667"
"2086931516","2115205574","1.86667"
"2115205574","2086931516","1.86667"
"2086931516","2130196654","0.366667"
"2130196654","2086931516","0.366667"
"2109666866","2115205574","1.86667"
"2115205574","2109666866","1.86667"
"1578853865","1607797725","0.125"
"1607797725","1578853865","0.125"
"1578853865","1971469648","0.125"
"1971469648","1578853865","0.125"
"1578853865","2031237011","0.125"
"2031237011","1578853865","0.125"
"1578853865","2038772173","0.125"
"2038772173","1578853865","0.125"
"1578853865","2152502401","0.125"
"2152502401","1578853865","0.125"
"1578853865","2153941542","0.125"
"2153941542","1578853865","0.125"
"1578853865","2158560632","0.125"
"2158560632","1578853865","0.125"
"1578853865","2575844810","0.125"
"2575844810","1578853865","0.125"
"1607797725","1971469648","0.125"
"1971469648","1607797725","0.125"
"1607797725","2031237011","0.125"
"2031237011","1607797725","0.125"
"1607797725","2038772173","0.125"
"2038772173","1607797725","0.125"
"1607797725","2152502401","0.125"
"2152502401","1607797725","0.125"
"1607797725","2153941542","2.625"
"2153941542","1607797725","2.625"
"1607797725","2158560632","1.625"
"2158560632","1607797725","1.625"
"1607797725","2575844810","0.125"
"2575844810","1607797725","0.125"
"1971469648","2031237011","0.125"
"2031237011","1971469648","0.125"
"1971469648","2038772173","0.125"
"2038772173","1971469648","0.125"
"1971469648","2152502401","0.125"
"2152502401","1971469648","0.125"
"1971469648","2153941542","0.125"
"2153941542","1971469648","0.125"
"1971469648","2158560632","0.125"
"2158560632","1971469648","0.125"
"1971469648","2575844810","0.125"
"2575844810","1971469648","0.125"
"2031237011","2152502401","0.125"
"2152502401","2031237011","0.125"
"2031237011","2153941542","0.125"
"2153941542","2031237011","0.125"
"2031237011","2158560632","0.125"
"2158560632","2031237011","0.125"
"2031237011","2575844810","0.125"
"2575844810","2031237011","0.125"
"2038772173","2152502401","0.125"
"2152502401","2038772173","0.125"
"2038772173","2153941542","0.125"
"2153941542","2038772173","0.125"
"2038772173","2158560632","0.125"
"2158560632","2038772173","0.125"
"2038772173","2575844810","0.125"
"2575844810","2038772173","0.125"
"2152502401","2153941542","0.125"
"2153941542","2152502401","0.125"
"2152502401","2158560632","0.125"
"2158560632","2152502401","0.125"
"2152502401","2575844810","0.125"
"2575844810","2152502401","0.125"
"2153941542","2158560632","4.125"
"2158560632","2153941542","4.125"
"2153941542","2575844810","0.125"
"2575844810","2153941542","0.125"
"2158560632","2575844810","0.125"
"2575844810","2158560632","0.125"
"1578853865","2142651607","1"
"2142651607","1578853865","1"
"1578853865","2036792013","0.5"
"2036792013","1578853865","0.5"
"1578853865","2086028161","0.5"
"2086028161","1578853865","0.5"
"2036792013","2086028161","0.5"
"2086028161","2036792013","0.5"
"1581920712","2086931516","0.5"
"2086931516","1581920712","0.5"
"1581920712","2122363033","0.5"
"2122363033","1581920712","0.5"
"1581920712","2329554901","0.5"
"2329554901","1581920712","0.5"
"1581920712","2408297543","0.5"
"2408297543","1581920712","0.5"
"2329554901","2408297543","0.833333"
"2408297543","2329554901","0.833333"
"1604645366","2138499336","1"
"2138499336","1604645366","1"
"1604645366","2036792013","1"
"2036792013","1604645366","1"
"1607797725","2097797505","2"
"2097797505","1607797725","2"
"1841349478","1874111502","0.5"
"1874111502","1841349478","0.5"
"1841349478","2284562765","0.5"
"2284562765","1841349478","0.5"
"1874111502","2284562765","0.5"
"2284562765","1874111502","0.5"
"1841349478","2408297543","1"
"2408297543","1841349478","1"
"1841349478","2329554901","3"
"2329554901","1841349478","3"
"1848571727","2036792013","1"
"2036792013","1848571727","1"
"1874111502","2045526969","0.25"
"2045526969","1874111502","0.25"
"1874111502","2097797505","1.25"
"2097797505","1874111502","1.25"
"1874111502","2531946635","0.25"
"2531946635","1874111502","0.25"
"1874111502","2575844810","2.75"
"2575844810","1874111502","2.75"
"2045526969","2097797505","2.08333"
"2097797505","2045526969","2.08333"
"2045526969","2531946635","0.25"
"2531946635","2045526969","0.25"
"2045526969","2575844810","1.75"
"2575844810","2045526969","1.75"
"2097797505","2531946635","0.25"
"2531946635","2097797505","0.25"
"2097797505","2575844810","5.75"
"2575844810","2097797505","5.75"
"2531946635","2575844810","0.25"
"2575844810","2531946635","0.25"
"1874111502","2122105243","1"
"2122105243","1874111502","1"
"1874111502","2329554901","2.5"
"2329554901","1874111502","2.5"
"2329554901","2575844810","2.33333"
"2575844810","2329554901","2.33333"
"1922373164","2115219423","3.00397"
"2115219423","1922373164","3.00397"
"1922373164","2079649893","0.253968"
"2079649893","1922373164","0.253968"
"1922373164","2140789797","1.3373"
"2140789797","1922373164","1.3373"
"1922373164","2152502401","0.253968"
"2152502401","1922373164","0.253968"
"1922373164","2158418361","0.253968"
"2158418361","1922373164","0.253968"
"1922373164","2166733100","0.503968"
"2166733100","1922373164","0.503968"
"2073539176","2079649893","4.21508"
"2079649893","2073539176","4.21508"
"2073539176","2115219423","0.503968"
"2115219423","2073539176","0.503968"
"2073539176","2140789797","1.28175"
"2140789797","2073539176","1.28175"
"2073539176","2152502401","2.88175"
"2152502401","2073539176","2.88175"
"2073539176","2158418361","3.04841"
"2158418361","2073539176","3.04841"
"2073539176","2166733100","4.79841"
"2166733100","2073539176","4.79841"
"2079649893","2115219423","0.253968"
"2115219423","2079649893","0.253968"
"2079649893","2166733100","3.54841"
"2166733100","2079649893","3.54841"
"2115219423","2140789797","4.3373"
"2140789797","2115219423","4.3373"
"2115219423","2152502401","0.253968"
"2152502401","2115219423","0.253968"
"2115219423","2158418361","0.253968"
"2158418361","2115219423","0.253968"
"2115219423","2166733100","1.00397"
"2166733100","2115219423","1.00397"
"2140789797","2166733100","1.61508"
"2166733100","2140789797","1.61508"
"2152502401","2166733100","3.21508"
"2166733100","2152502401","3.21508"
"2158418361","2166733100","4.04841"
"2166733100","2158418361","4.04841"
"1922373164","1977178391","0.111111"
"1977178391","1922373164","0.111111"
"1922373164","2050867684","0.444444"
"2050867684","1922373164","0.444444"
"1977178391","2050867684","0.111111"
"2050867684","1977178391","0.111111"
"1977178391","2073539176","0.111111"
"2073539176","1977178391","0.111111"
"1977178391","2115219423","0.611111"
"2115219423","1977178391","0.611111"
"1977178391","2166733100","0.111111"
"2166733100","1977178391","0.111111"
"2050867684","2073539176","0.222222"
"2073539176","2050867684","0.222222"
"2050867684","2079649893","0.222222"
"2079649893","2050867684","0.222222"
"2050867684","2115219423","0.944444"
"2115219423","2050867684","0.944444"
"2050867684","2140789797","1.88889"
"2140789797","2050867684","1.88889"
"2050867684","2152502401","0.222222"
"2152502401","2050867684","0.222222"
"2050867684","2158418361","0.222222"
"2158418361","2050867684","0.222222"
"2050867684","2166733100","0.722222"
"2166733100","2050867684","0.722222"
"1922373164","2001713350","0.333333"
"2001713350","1922373164","0.333333"
"2001713350","2050867684","0.444444"
"2050867684","2001713350","0.444444"
"1923369148","2001426180","0.916667"
"2001426180","1923369148","0.916667"
"1923369148","2154555202","0.583333"
"2154555202","1923369148","0.583333"
"2001426180","2061757435","1"
"2061757435","2001426180","1"
"2001426180","2154555202","1.91667"
"2154555202","2001426180","1.91667"
"2061757435","2154555202","0.333333"
"2154555202","2061757435","0.333333"
"1923369148","2001575213","0.583333"
"2001575213","1923369148","0.583333"
"1923369148","2127438089","0.25"
"2127438089","1923369148","0.25"
"2001426180","2001575213","7"
"2001575213","2001426180","7"
"2001426180","2127438089","0.833333"
"2127438089","2001426180","0.833333"
"2001575213","2127438089","0.833333"
"2127438089","2001575213","0.833333"
"2001575213","2154555202","1.58333"
"2154555202","2001575213","1.58333"
"2127438089","2154555202","0.25"
"2154555202","2127438089","0.25"
"2001575213","2061757435","0.666667"
"2061757435","2001575213","0.666667"
"1923369148","2098121414","1"
"2098121414","1923369148","1"
"1966445224","2038772173","1.2"
"2038772173","1966445224","1.2"
"1966445224","2122105243","1.2"
"2122105243","1966445224","1.2"
"1966445224","2108972242","3"
"2108972242","1966445224","3"
"1966445224","2188585520","0.7"
"2188585520","1966445224","0.7"
"1966445224","68538572","0.7"
"68538572","1966445224","0.7"
"2038772173","2188585520","0.7"
"2188585520","2038772173","0.7"
