"1019512417","1034374084","1.475"
"1034374084","1019512417","1.475"
"1019512417","1790969174","10.3793"
"1790969174","1019512417","10.3793"
"1034374084","1790969174","4.56026"
"1790969174","1034374084","4.56026"
"1019512417","1628282653","0.267857"
"1628282653","1019512417","0.267857"
"1019512417","2005430761","0.428114"
"2005430761","1019512417","0.428114"
"1019512417","2033185676","0.505037"
"2033185676","1019512417","0.505037"
"1019512417","2137407193","0.470946"
"2137407193","1019512417","0.470946"
"1019512417","2608185370","1.00504"
"2608185370","1019512417","1.00504"
"1019512417","2979250794","0.929279"
"2979250794","1019512417","0.929279"
"1628282653","1790969174","0.60119"
"1790969174","1628282653","0.60119"
"1628282653","2005430761","14.6845"
"2005430761","1628282653","14.6845"
"1628282653","2033185676","3.51786"
"2033185676","1628282653","3.51786"
"1628282653","2137407193","9.14286"
"2137407193","1628282653","9.14286"
"1628282653","2608185370","0.267857"
"2608185370","1628282653","0.267857"
"1628282653","2979250794","0.267857"
"2979250794","1628282653","0.267857"
"1790969174","2005430761","0.761447"
"2005430761","1790969174","0.761447"
"1790969174","2033185676","0.505037"
"2033185676","1790969174","0.505037"
"1790969174","2137407193","0.881202"
"2137407193","1790969174","0.881202"
"1790969174","2608185370","0.905037"
"2608185370","1790969174","0.905037"
"1790969174","2979250794","1.4062"
"2979250794","1790969174","1.4062"
"2005430761","2033185676","2.59478"
"2033185676","2005430761","2.59478"
"2005430761","2137407193","4.21978"
"2137407193","2005430761","4.21978"
"2005430761","2608185370","0.428114"
"2608185370","2005430761","0.428114"
"2005430761","2979250794","0.428114"
"2979250794","2005430761","0.428114"
"2033185676","2137407193","4.63004"
"2137407193","2033185676","4.63004"
"2033185676","2608185370","0.505037"
"2608185370","2033185676","0.505037"
"2033185676","2979250794","0.505037"
"2979250794","2033185676","0.505037"
"2137407193","2608185370","0.380037"
"2608185370","2137407193","0.380037"
"2137407193","2979250794","0.547869"
"2979250794","2137407193","0.547869"
"2608185370","2979250794","1.90504"
"2979250794","2608185370","1.90504"
"1019512417","2190333735","0.290909"
"2190333735","1019512417","0.290909"
"1019512417","2624380710","0.45"
"2624380710","1019512417","0.45"
"1019512417","283797413","2.40309"
"283797413","1019512417","2.40309"
"1034374084","2190333735","1.47692"
"2190333735","1034374084","1.47692"
"1034374084","2624380710","1.52692"
"2624380710","1034374084","1.52692"
"1034374084","283797413","1.65"
"283797413","1034374084","1.65"
"1790969174","2190333735","0.767832"
"2190333735","1790969174","0.767832"
"1790969174","2624380710","1.72692"
"2624380710","1790969174","1.72692"
"1790969174","283797413","1.60309"
"283797413","1790969174","1.60309"
"2190333735","2624380710","0.476923"
"2624380710","2190333735","0.476923"
"2190333735","283797413","0.824242"
"283797413","2190333735","0.824242"
"2624380710","283797413","0.45"
"283797413","2624380710","0.45"
"1019512417","1081873870","0.749242"
"1081873870","1019512417","0.749242"
"1019512417","1984340934","0.2"
"1984340934","1019512417","0.2"
"1019512417","2109206523","0.2"
"2109206523","1019512417","0.2"
"1019512417","2160987310","0.401923"
"2160987310","1019512417","0.401923"
"1034374084","1081873870","0.401923"
"1081873870","1034374084","0.401923"
"1034374084","1984340934","0.2"
"1984340934","1034374084","0.2"
"1034374084","2109206523","0.526923"
"2109206523","1034374084","0.526923"
"1034374084","2160987310","0.741667"
"2160987310","1034374084","0.741667"
"1081873870","1984340934","0.4"
"1984340934","1081873870","0.4"
"1081873870","2109206523","0.41978"
"2109206523","1081873870","0.41978"
"1081873870","2160987310","0.80119"
"2160987310","1081873870","0.80119"
"1984340934","2109206523","1.53333"
"2109206523","1984340934","1.53333"
"1984340934","2160987310","0.7"
"2160987310","1984340934","0.7"
"2109206523","2160987310","2.48571"
"2160987310","2109206523","2.48571"
"1019512417","997324903","1.2"
"997324903","1019512417","1.2"
"1019512417","1672757658","0.453089"
"1672757658","1019512417","0.453089"
"1019512417","2055417936","0.0769231"
"2055417936","1019512417","0.0769231"
"1019512417","2096252540","0.328089"
"2096252540","1019512417","0.328089"
"1019512417","2114039834","0.292832"
"2114039834","1019512417","0.292832"
"1019512417","2145270227","0.369755"
"2145270227","1019512417","0.369755"
"1019512417","2168041406","0.244755"
"2168041406","1019512417","0.244755"
"1672757658","1790969174","0.405012"
"1790969174","1672757658","0.405012"
"1672757658","2033185676","0.237179"
"2033185676","1672757658","0.237179"
"1672757658","2055417936","0.201923"
"2055417936","1672757658","0.201923"
"1672757658","2096252540","0.405012"
"2096252540","1672757658","0.405012"
"1672757658","2114039834","0.369755"
"2114039834","1672757658","0.369755"
"1672757658","2137407193","0.530012"
"2137407193","1672757658","0.530012"
"1672757658","2145270227","0.446678"
"2145270227","1672757658","0.446678"
"1672757658","2160987310","0.201923"
"2160987310","1672757658","0.201923"
"1672757658","2168041406","0.446678"
"2168041406","1672757658","0.446678"
"1672757658","2608185370","0.237179"
"2608185370","1672757658","0.237179"
"1672757658","283797413","0.328089"
"283797413","1672757658","0.328089"
"1672757658","2979250794","0.405012"
"2979250794","1672757658","0.405012"
"1790969174","2055417936","0.0769231"
"2055417936","1790969174","0.0769231"
"1790969174","2096252540","0.405012"
"2096252540","1790969174","0.405012"
"1790969174","2114039834","0.244755"
"2114039834","1790969174","0.244755"
"1790969174","2145270227","0.321678"
"2145270227","1790969174","0.321678"
"1790969174","2160987310","0.0769231"
"2160987310","1790969174","0.0769231"
"1790969174","2168041406","0.321678"
"2168041406","1790969174","0.321678"
"2033185676","2055417936","0.21978"
"2055417936","2033185676","0.21978"
"2033185676","2096252540","0.487179"
"2096252540","2033185676","0.487179"
"2033185676","2114039834","0.410256"
"2114039834","2033185676","0.410256"
"2033185676","2145270227","0.153846"
"2145270227","2033185676","0.153846"
"2033185676","2160987310","0.21978"
"2160987310","2033185676","0.21978"
"2033185676","2168041406","1.13004"
"2168041406","2033185676","1.13004"
"2033185676","283797413","0.695513"
"283797413","2033185676","0.695513"
"2055417936","2096252540","0.386447"
"2096252540","2055417936","0.386447"
"2055417936","2114039834","0.386447"
"2114039834","2055417936","0.386447"
"2055417936","2137407193","0.201923"
"2137407193","2055417936","0.201923"
"2055417936","2145270227","0.24359"
"2145270227","2055417936","0.24359"
"2055417936","2160987310","1.36264"
"2160987310","2055417936","1.36264"
"2055417936","2168041406","0.654304"
"2168041406","2055417936","0.654304"
"2055417936","2608185370","0.0769231"
"2608185370","2055417936","0.0769231"
"2055417936","283797413","0.24359"
"283797413","2055417936","0.24359"
"2055417936","2979250794","1.07692"
"2979250794","2055417936","1.07692"
"2096252540","2114039834","0.554279"
"2114039834","2096252540","0.554279"
"2096252540","2137407193","0.655012"
"2137407193","2096252540","0.655012"
"2096252540","2145270227","0.488345"
"2145270227","2096252540","0.488345"
"2096252540","2160987310","0.21978"
"2160987310","2096252540","0.21978"
"2096252540","2168041406","0.631202"
"2168041406","2096252540","0.631202"
"2096252540","2608185370","0.237179"
"2608185370","2096252540","0.237179"
"2096252540","283797413","0.494755"
"283797413","2096252540","0.494755"
"2096252540","2979250794","0.405012"
"2979250794","2096252540","0.405012"
"2114039834","2137407193","0.244755"
"2137407193","2114039834","0.244755"
"2114039834","2145270227","1.53642"
"2145270227","2114039834","1.53642"
"2114039834","2160987310","0.59478"
"2160987310","2114039834","0.59478"
"2114039834","2168041406","2.13761"
"2168041406","2114039834","2.13761"
"2114039834","2608185370","0.0769231"
"2608185370","2114039834","0.0769231"
"2114039834","283797413","0.334499"
"283797413","2114039834","0.334499"
"2114039834","2979250794","0.244755"
"2979250794","2114039834","0.244755"
"2137407193","2145270227","0.321678"
"2145270227","2137407193","0.321678"
"2137407193","2160987310","0.49359"
"2160987310","2137407193","0.49359"
"2137407193","2168041406","0.446678"
"2168041406","2137407193","0.446678"
"2137407193","283797413","0.328089"
"283797413","2137407193","0.328089"
"2145270227","2160987310","0.451923"
"2160987310","2145270227","0.451923"
"2145270227","2168041406","0.488345"
"2168041406","2145270227","0.488345"
"2145270227","2608185370","0.153846"
"2608185370","2145270227","0.153846"
"2145270227","283797413","0.411422"
"283797413","2145270227","0.411422"
"2145270227","2979250794","0.321678"
"2979250794","2145270227","0.321678"
"2160987310","2168041406","0.612637"
"2168041406","2160987310","0.612637"
"2160987310","2608185370","0.576923"
"2608185370","2160987310","0.576923"
"2160987310","283797413","0.0769231"
"283797413","2160987310","0.0769231"
"2160987310","2979250794","0.0769231"
"2979250794","2160987310","0.0769231"
"2168041406","2608185370","0.153846"
"2608185370","2168041406","0.153846"
"2168041406","283797413","0.411422"
"283797413","2168041406","0.411422"
"2168041406","2979250794","0.321678"
"2979250794","2168041406","0.321678"
"2608185370","283797413","0.56218"
"283797413","2608185370","0.56218"
"283797413","2979250794","0.653089"
"2979250794","283797413","0.653089"
"1019512417","2110120974","0.285256"
"2110120974","1019512417","0.285256"
"1019512417","2138482836","0.401923"
"2138482836","1019512417","0.401923"
"1672757658","2005430761","0.160256"
"2005430761","1672757658","0.160256"
"1672757658","2110120974","10.4103"
"2110120974","1672757658","10.4103"
"1672757658","2138482836","0.201923"
"2138482836","1672757658","0.201923"
"1790969174","2110120974","0.160256"
"2110120974","1790969174","0.160256"
"1790969174","2138482836","0.0769231"
"2138482836","1790969174","0.0769231"
"2005430761","2096252540","0.160256"
"2096252540","2005430761","0.160256"
"2005430761","2110120974","0.160256"
"2110120974","2005430761","0.160256"
"2005430761","2138482836","0.0769231"
"2138482836","2005430761","0.0769231"
"2005430761","2145270227","0.326923"
"2145270227","2005430761","0.326923"
"2005430761","2168041406","0.0769231"
"2168041406","2005430761","0.0769231"
"2005430761","283797413","0.61859"
"283797413","2005430761","0.61859"
"2033185676","2110120974","0.160256"
"2110120974","2033185676","0.160256"
"2033185676","2138482836","0.410256"
"2138482836","2033185676","0.410256"
"2096252540","2110120974","0.303114"
"2110120974","2096252540","0.303114"
"2096252540","2138482836","0.0769231"
"2138482836","2096252540","0.0769231"
"2110120974","2137407193","1.28526"
"2137407193","2110120974","1.28526"
"2110120974","2138482836","0.201923"
"2138482836","2110120974","0.201923"
"2110120974","2145270227","0.201923"
"2145270227","2110120974","0.201923"
"2110120974","2168041406","0.59478"
"2168041406","2110120974","0.59478"
"2110120974","2608185370","0.160256"
"2608185370","2110120974","0.160256"
"2110120974","283797413","0.160256"
"283797413","2110120974","0.160256"
"2110120974","2979250794","0.160256"
"2979250794","2110120974","0.160256"
"2137407193","2138482836","0.24359"
"2138482836","2137407193","0.24359"
"2138482836","2145270227","0.201923"
"2145270227","2138482836","0.201923"
"2138482836","2168041406","0.410256"
"2168041406","2138482836","0.410256"
"2138482836","2608185370","0.0769231"
"2608185370","2138482836","0.0769231"
"2138482836","283797413","0.0769231"
"283797413","2138482836","0.0769231"
"2138482836","2979250794","0.0769231"
"2979250794","2138482836","0.0769231"
"1081873870","1672757658","0.417832"
"1672757658","1081873870","0.417832"
"1081873870","1790969174","0.501166"
"1790969174","1081873870","0.501166"
"1081873870","2096252540","0.167832"
"2096252540","1081873870","0.167832"
"1081873870","2114039834","0.292832"
"2114039834","1081873870","0.292832"
"1081873870","2137407193","0.542832"
"2137407193","1081873870","0.542832"
"1081873870","2145270227","0.292832"
"2145270227","1081873870","0.292832"
"1081873870","2168041406","0.435689"
"2168041406","1081873870","0.435689"
"1081873870","2190333735","1.16783"
"2190333735","1081873870","1.16783"
"1081873870","283797413","0.0909091"
"283797413","1081873870","0.0909091"
"1081873870","2979250794","0.501166"
"2979250794","1081873870","0.501166"
"1672757658","2190333735","0.167832"
"2190333735","1672757658","0.167832"
"2096252540","2190333735","0.167832"
"2190333735","2096252540","0.167832"
"2114039834","2190333735","0.167832"
"2190333735","2114039834","0.167832"
"2137407193","2190333735","0.167832"
"2190333735","2137407193","0.167832"
"2145270227","2190333735","0.167832"
"2190333735","2145270227","0.167832"
"2168041406","2190333735","0.167832"
"2190333735","2168041406","0.167832"
"2190333735","2979250794","0.567832"
"2979250794","2190333735","0.567832"
"1019512417","1907355364","0.125"
"1907355364","1019512417","0.125"
"1628282653","1907355364","8.54167"
"1907355364","1628282653","8.54167"
"1628282653","283797413","0.125"
"283797413","1628282653","0.125"
"1790969174","1907355364","0.125"
"1907355364","1790969174","0.125"
"1907355364","2005430761","2.125"
"2005430761","1907355364","2.125"
"1907355364","2033185676","3.24167"
"2033185676","1907355364","3.24167"
"1907355364","2608185370","0.125"
"2608185370","1907355364","0.125"
"1907355364","283797413","0.125"
"283797413","1907355364","0.125"
"1907355364","2979250794","0.125"
"2979250794","1907355364","0.125"
"1019512417","2252979829","0.783333"
"2252979829","1019512417","0.783333"
"2252979829","2608185370","0.583333"
"2608185370","2252979829","0.583333"
"1019512417","2124996938","0.2"
"2124996938","1019512417","0.2"
"1034374084","2124996938","0.2"
"2124996938","1034374084","0.2"
"1034374084","2138482836","0.491667"
"2138482836","1034374084","0.491667"
"1034374084","2252979829","1.36667"
"2252979829","1034374084","1.36667"
"1034374084","997324903","0.7"
"997324903","1034374084","0.7"
"2124996938","2138482836","0.2"
"2138482836","2124996938","0.2"
"2124996938","2252979829","5.53333"
"2252979829","2124996938","5.53333"
"2124996938","997324903","0.2"
"997324903","2124996938","0.2"
"2138482836","2252979829","0.366667"
"2252979829","2138482836","0.366667"
"2138482836","997324903","0.2"
"997324903","2138482836","0.2"
"2252979829","997324903","0.2"
"997324903","2252979829","0.2"
"1019512417","2753068549","0.0833333"
"2753068549","1019512417","0.0833333"
"1672757658","2252979829","0.0833333"
"2252979829","1672757658","0.0833333"
"1672757658","2753068549","0.208333"
"2753068549","1672757658","0.208333"
"1790969174","2252979829","0.0833333"
"2252979829","1790969174","0.0833333"
"1790969174","2753068549","0.0833333"
"2753068549","1790969174","0.0833333"
"2005430761","2252979829","0.0833333"
"2252979829","2005430761","0.0833333"
"2005430761","2753068549","0.0833333"
"2753068549","2005430761","0.0833333"
"2033185676","2252979829","0.833333"
"2252979829","2033185676","0.833333"
"2033185676","2753068549","0.833333"
"2753068549","2033185676","0.833333"
"2096252540","2252979829","0.72619"
"2252979829","2096252540","0.72619"
"2096252540","2753068549","0.333333"
"2753068549","2096252540","0.333333"
"2110120974","2252979829","0.22619"
"2252979829","2110120974","0.22619"
"2110120974","2753068549","0.208333"
"2753068549","2110120974","0.208333"
"2137407193","2252979829","0.5"
"2252979829","2137407193","0.5"
"2137407193","2753068549","0.458333"
"2753068549","2137407193","0.458333"
"2252979829","2753068549","8.41667"
"2753068549","2252979829","8.41667"
"2252979829","283797413","0.0833333"
"283797413","2252979829","0.0833333"
"2252979829","2979250794","0.0833333"
"2979250794","2252979829","0.0833333"
"2608185370","2753068549","0.0833333"
"2753068549","2608185370","0.0833333"
"2753068549","283797413","0.0833333"
"283797413","2753068549","0.0833333"
"2753068549","2979250794","0.416667"
"2979250794","2753068549","0.416667"
"1034374084","1672757658","0.201923"
"1672757658","1034374084","0.201923"
"1034374084","2110120974","0.125"
"2110120974","1034374084","0.125"
"1034374084","2114039834","0.451923"
"2114039834","1034374084","0.451923"
"1034374084","2145270227","0.201923"
"2145270227","1034374084","0.201923"
"1081873870","2110120974","0.25"
"2110120974","1081873870","0.25"
"1081873870","2138482836","0.125"
"2138482836","1081873870","0.125"
"2110120974","2114039834","0.267857"
"2114039834","2110120974","0.267857"
"2110120974","2160987310","1.76786"
"2160987310","2110120974","1.76786"
"2114039834","2138482836","3.45833"
"2138482836","2114039834","3.45833"
"2138482836","2160987310","0.291667"
"2160987310","2138482836","0.291667"
"1034374084","2608185370","0.2"
"2608185370","1034374084","0.2"
"1034374084","2979250794","0.276923"
"2979250794","1034374084","0.276923"
"2190333735","2608185370","0.4"
"2608185370","2190333735","0.4"
"1034374084","2159426036","1"
"2159426036","1034374084","1"
"1034374084","2963956191","1.83333"
"2963956191","1034374084","1.83333"
"1034374084","2168041406","0.326923"
"2168041406","1034374084","0.326923"
"2109206523","2114039834","1.46978"
"2114039834","2109206523","1.46978"
"2109206523","2168041406","1.86264"
"2168041406","2109206523","1.86264"
"1034374084","2033185676","0.25"
"2033185676","1034374084","0.25"
"1034374084","2096252540","0.326923"
"2096252540","1034374084","0.326923"
"1034374084","2137407193","0.49359"
"2137407193","1034374084","0.49359"
"1034374084","2753068549","0.25"
"2753068549","1034374084","0.25"
"1034374084","1628282653","0.166667"
"1628282653","1034374084","0.166667"
"1034374084","2156061936","0.24359"
"2156061936","1034374084","0.24359"
"1628282653","2138482836","0.166667"
"2138482836","1628282653","0.166667"
"1628282653","2156061936","0.166667"
"2156061936","1628282653","0.166667"
"1628282653","2160987310","1.16667"
"2160987310","1628282653","1.16667"
"1628282653","2252979829","1.66667"
"2252979829","1628282653","1.66667"
"2137407193","2156061936","0.49359"
"2156061936","2137407193","0.49359"
"2138482836","2156061936","1.16667"
"2156061936","2138482836","1.16667"
"2156061936","2160987310","2.75"
"2160987310","2156061936","2.75"
"2156061936","2252979829","0.5"
"2252979829","2156061936","0.5"
"2160987310","2252979829","1.30952"
"2252979829","2160987310","1.30952"
"1081873870","2156061936","0.276923"
"2156061936","1081873870","0.276923"
"1081873870","2624380710","1.07692"
"2624380710","1081873870","1.07692"
"1672757658","2109206523","0.0769231"
"2109206523","1672757658","0.0769231"
"1672757658","2156061936","0.0769231"
"2156061936","1672757658","0.0769231"
"1672757658","2624380710","0.0769231"
"2624380710","1672757658","0.0769231"
"1790969174","2109206523","0.0769231"
"2109206523","1790969174","0.0769231"
"1790969174","2156061936","0.0769231"
"2156061936","1790969174","0.0769231"
"2096252540","2109206523","1.21978"
"2109206523","2096252540","1.21978"
"2096252540","2156061936","0.0769231"
"2156061936","2096252540","0.0769231"
"2096252540","2624380710","0.0769231"
"2624380710","2096252540","0.0769231"
"2109206523","2137407193","0.326923"
"2137407193","2109206523","0.326923"
"2109206523","2145270227","0.826923"
"2145270227","2109206523","0.826923"
"2109206523","2156061936","1.07692"
"2156061936","2109206523","1.07692"
"2109206523","2190333735","0.0769231"
"2190333735","2109206523","0.0769231"
"2109206523","2624380710","0.0769231"
"2624380710","2109206523","0.0769231"
"2109206523","2979250794","1.07692"
"2979250794","2109206523","1.07692"
"2114039834","2156061936","0.0769231"
"2156061936","2114039834","0.0769231"
"2114039834","2624380710","0.0769231"
"2624380710","2114039834","0.0769231"
"2137407193","2624380710","0.0769231"
"2624380710","2137407193","0.0769231"
"2145270227","2156061936","0.0769231"
"2156061936","2145270227","0.0769231"
"2145270227","2624380710","0.0769231"
"2624380710","2145270227","0.0769231"
"2156061936","2168041406","0.410256"
"2168041406","2156061936","0.410256"
"2156061936","2190333735","0.0769231"
"2190333735","2156061936","0.0769231"
"2156061936","2624380710","0.0769231"
"2624380710","2156061936","0.0769231"
"2156061936","2979250794","0.0769231"
"2979250794","2156061936","0.0769231"
"2168041406","2624380710","0.0769231"
"2624380710","2168041406","0.0769231"
"2624380710","2979250794","0.276923"
"2979250794","2624380710","0.276923"
"2963956191","997324903","0.5"
"997324903","2963956191","0.5"
"1034374084","2548881486","0.333333"
"2548881486","1034374084","0.333333"
"1790969174","2548881486","0.333333"
"2548881486","1790969174","0.333333"
"1790969174","2963956191","0.533333"
"2963956191","1790969174","0.533333"
"2548881486","2963956191","10"
"2963956191","2548881486","10"
"1081873870","1995151442","0.467857"
"1995151442","1081873870","0.467857"
"1081873870","2055417936","0.267857"
"2055417936","1081873870","0.267857"
"1081873870","2124996938","1.60119"
"2124996938","1081873870","1.60119"
"1081873870","2753068549","0.125"
"2753068549","1081873870","0.125"
"1672757658","1995151442","0.125"
"1995151442","1672757658","0.125"
"1672757658","2124996938","0.125"
"2124996938","1672757658","0.125"
"1995151442","2055417936","2.26786"
"2055417936","1995151442","2.26786"
"1995151442","2110120974","0.375"
"2110120974","1995151442","0.375"
"1995151442","2124996938","0.267857"
"2124996938","1995151442","0.267857"
"1995151442","2137407193","0.375"
"2137407193","1995151442","0.375"
"1995151442","2168041406","1.51786"
"2168041406","1995151442","1.51786"
"1995151442","2753068549","0.125"
"2753068549","1995151442","0.125"
"2055417936","2110120974","0.767857"
"2110120974","2055417936","0.767857"
"2055417936","2124996938","0.267857"
"2124996938","2055417936","0.267857"
"2055417936","2753068549","0.125"
"2753068549","2055417936","0.125"
"2110120974","2124996938","0.125"
"2124996938","2110120974","0.125"
"2124996938","2137407193","0.125"
"2137407193","2124996938","0.125"
"2124996938","2168041406","0.267857"
"2168041406","2124996938","0.267857"
"2124996938","2753068549","0.958333"
"2753068549","2124996938","0.958333"
"2168041406","2753068549","2.125"
"2753068549","2168041406","2.125"
"1081873870","2027353179","0.333333"
"2027353179","1081873870","0.333333"
"2027353179","2124996938","0.333333"
"2124996938","2027353179","0.333333"
"2027353179","2160987310","0.333333"
"2160987310","2027353179","0.333333"
"2124996938","2160987310","0.97619"
"2160987310","2124996938","0.97619"
"1081873870","997324903","1"
"997324903","1081873870","1"
"1081873870","2033185676","1.09286"
"2033185676","1081873870","1.09286"
"1081873870","2159426036","0.75"
"2159426036","1081873870","0.75"
"2033185676","2159426036","0.75"
"2159426036","2033185676","0.75"
"1995151442","2033185676","0.842857"
"2033185676","1995151442","0.842857"
"1995151442","2109206523","0.72619"
"2109206523","1995151442","0.72619"
"1995151442","2160987310","0.392857"
"2160987310","1995151442","0.392857"
"2033185676","2109206523","1.39286"
"2109206523","2033185676","1.39286"
"2033185676","2124996938","0.142857"
"2124996938","2033185676","0.142857"
"2055417936","2109206523","4.11905"
"2109206523","2055417936","4.11905"
"2109206523","2124996938","0.142857"
"2124996938","2109206523","0.142857"
"1081873870","2490971013","1"
"2490971013","1081873870","1"
"1081873870","1907355364","0.2"
"1907355364","1081873870","0.2"
"1907355364","1984340934","0.2"
"1984340934","1907355364","0.2"
"1907355364","1995151442","0.2"
"1995151442","1907355364","0.2"
"1907355364","2156061936","0.2"
"2156061936","1907355364","0.2"
"1984340934","1995151442","3.2"
"1995151442","1984340934","3.2"
"1984340934","2033185676","0.2"
"2033185676","1984340934","0.2"
"1984340934","2156061936","3.61667"
"2156061936","1984340934","3.61667"
"1995151442","2156061936","2.11667"
"2156061936","1995151442","2.11667"
"2033185676","2156061936","0.2"
"2156061936","2033185676","0.2"
"1081873870","2252979829","0.25"
"2252979829","1081873870","0.25"
"2137407193","2159426036","0.5"
"2159426036","2137407193","0.5"
"2159426036","2252979829","0.25"
"2252979829","2159426036","0.25"
"1907355364","2137407193","7.41667"
"2137407193","1907355364","7.41667"
"1628282653","2055417936","1"
"2055417936","1628282653","1"
"1628282653","2159426036","0.25"
"2159426036","1628282653","0.25"
"1628282653","997324903","0.25"
"997324903","1628282653","0.25"
"2005430761","2159426036","0.25"
"2159426036","2005430761","0.25"
"2005430761","997324903","0.25"
"997324903","2005430761","0.25"
"2137407193","997324903","0.25"
"997324903","2137407193","0.25"
"2159426036","997324903","0.25"
"997324903","2159426036","0.25"
"1628282653","2109206523","0.25"
"2109206523","1628282653","0.25"
"1907355364","2109206523","0.25"
"2109206523","1907355364","0.25"
"1628282653","2096252540","0.5"
"2096252540","1628282653","0.5"
"175735201","2156061936","1"
"2156061936","175735201","1"
"2190333735","2963956191","2.2"
"2963956191","2190333735","2.2"
"2608185370","2624380710","0.2"
"2624380710","2608185370","0.2"
"2608185370","2963956191","0.2"
"2963956191","2608185370","0.2"
"2624380710","2963956191","0.7"
"2963956191","2624380710","0.7"
"2963956191","2979250794","0.533333"
"2979250794","2963956191","0.533333"
"1907355364","2252979829","1"
"2252979829","1907355364","1"
"1984340934","2252979829","4.33333"
"2252979829","1984340934","4.33333"
"1984340934","2110120974","0.25"
"2110120974","1984340934","0.25"
"1984340934","2168041406","1.58333"
"2168041406","1984340934","1.58333"
"2109206523","2110120974","0.392857"
"2110120974","2109206523","0.392857"
"1984340934","2145270227","0.75"
"2145270227","1984340934","0.75"
"1984340934","2055417936","0.333333"
"2055417936","1984340934","0.333333"
"1984340934","2137407193","0.25"
"2137407193","1984340934","0.25"
"1995151442","2252979829","2.33333"
"2252979829","1995151442","2.33333"
"1984340934","2005430761","0.25"
"2005430761","1984340934","0.25"
"2005430761","2109206523","0.25"
"2109206523","2005430761","0.25"
"2005430761","2160987310","0.25"
"2160987310","2005430761","0.25"
"1995151442","2096252540","0.166667"
"2096252540","1995151442","0.166667"
"1995151442","2114039834","0.166667"
"2114039834","1995151442","0.166667"
"1995151442","2145270227","0.166667"
"2145270227","1995151442","0.166667"
"1995151442","283797413","0.166667"
"283797413","1995151442","0.166667"
"2055417936","2156061936","0.5"
"2156061936","2055417936","0.5"
"2005430761","2190333735","0.333333"
"2190333735","2005430761","0.333333"
"2033185676","2190333735","0.333333"
"2190333735","2033185676","0.333333"
"2027353179","2055417936","0.5"
"2055417936","2027353179","0.5"
"2027353179","2109206523","0.5"
"2109206523","2027353179","0.5"
"2027353179","2490971013","2"
"2490971013","2027353179","2"
"2055417936","2252979829","0.642857"
"2252979829","2055417936","0.642857"
"2109206523","2252979829","0.142857"
"2252979829","2109206523","0.142857"
"2114039834","2252979829","0.142857"
"2252979829","2114039834","0.142857"
"2168041406","2252979829","0.142857"
"2252979829","2168041406","0.142857"
"2055417936","2963956191","1"
"2963956191","2055417936","1"
"2055417936","2490971013","1"
"2490971013","2055417936","1"
"2109206523","2608185370","0.5"
"2608185370","2109206523","0.5"
"2110120974","2159426036","0.5"
"2159426036","2110120974","0.5"
"2110120974","2963956191","0.5"
"2963956191","2110120974","0.5"
"2159426036","2963956191","0.5"
"2963956191","2159426036","0.5"
"2124996938","2190333735","0.333333"
"2190333735","2124996938","0.333333"
"2190333735","2252979829","0.333333"
"2252979829","2190333735","0.333333"
"2190333735","2753068549","0.333333"
"2753068549","2190333735","0.333333"
"2156061936","2548881486","0.333333"
"2548881486","2156061936","0.333333"
"2156061936","2963956191","2.33333"
"2963956191","2156061936","2.33333"
"2160987310","2548881486","1.33333"
"2548881486","2160987310","1.33333"
"2160987310","2963956191","2.33333"
"2963956191","2160987310","2.33333"
"2160987310","2624380710","1"
"2624380710","2160987310","1"
"2190333735","2548881486","1"
"2548881486","2190333735","1"
"2220957680","2963956191","1"
"2963956191","2220957680","1"
"2548881486","2753068549","0.333333"
"2753068549","2548881486","0.333333"
"2548881486","2979250794","0.333333"
"2979250794","2548881486","0.333333"
"2753068549","2963956191","2.83333"
"2963956191","2753068549","2.83333"
"2548881486","2624380710","1"
"2624380710","2548881486","1"
"2624380710","2753068549","0.5"
"2753068549","2624380710","0.5"
