"104870034","2165409713","3.22619"
"2165409713","104870034","3.22619"
"104870034","1620271508","1.97619"
"1620271508","104870034","1.97619"
"1620271508","2165409713","3.17619"
"2165409713","1620271508","3.17619"
"104870034","1491512010","0.142857"
"1491512010","104870034","0.142857"
"104870034","1559301736","0.142857"
"1559301736","104870034","0.142857"
"104870034","1799686573","0.142857"
"1799686573","104870034","0.142857"
"104870034","1815237662","0.142857"
"1815237662","104870034","0.142857"
"104870034","2080934002","0.142857"
"2080934002","104870034","0.142857"
"1491512010","1559301736","0.142857"
"1559301736","1491512010","0.142857"
"1491512010","1620271508","0.342857"
"1620271508","1491512010","0.342857"
"1491512010","1799686573","0.542857"
"1799686573","1491512010","0.542857"
"1491512010","1815237662","2.70952"
"1815237662","1491512010","2.70952"
"1491512010","2080934002","0.142857"
"2080934002","1491512010","0.142857"
"1491512010","2165409713","0.342857"
"2165409713","1491512010","0.342857"
"1559301736","1620271508","0.142857"
"1620271508","1559301736","0.142857"
"1559301736","1799686573","0.142857"
"1799686573","1559301736","0.142857"
"1559301736","1815237662","0.142857"
"1815237662","1559301736","0.142857"
"1559301736","2080934002","0.142857"
"2080934002","1559301736","0.142857"
"1559301736","2165409713","0.142857"
"2165409713","1559301736","0.142857"
"1620271508","1799686573","0.509524"
"1799686573","1620271508","0.509524"
"1620271508","1815237662","0.342857"
"1815237662","1620271508","0.342857"
"1620271508","2080934002","0.142857"
"2080934002","1620271508","0.142857"
"1799686573","1815237662","0.542857"
"1815237662","1799686573","0.542857"
"1799686573","2080934002","0.142857"
"2080934002","1799686573","0.142857"
"1799686573","2165409713","0.467857"
"2165409713","1799686573","0.467857"
"1815237662","2080934002","0.142857"
"2080934002","1815237662","0.142857"
"1815237662","2165409713","0.342857"
"2165409713","1815237662","0.342857"
"2080934002","2165409713","0.142857"
"2165409713","2080934002","0.142857"
"104870034","2094947835","0.333333"
"2094947835","104870034","0.333333"
"1620271508","2094947835","0.5"
"2094947835","1620271508","0.5"
"2094947835","2165409713","0.458333"
"2165409713","2094947835","0.458333"
"104870034","1967270858","0.25"
"1967270858","104870034","0.25"
"104870034","2161354924","0.25"
"2161354924","104870034","0.25"
"104870034","2178310074","0.25"
"2178310074","104870034","0.25"
"1967270858","2161354924","0.375"
"2161354924","1967270858","0.375"
"1967270858","2165409713","0.375"
"2165409713","1967270858","0.375"
"1967270858","2178310074","0.25"
"2178310074","1967270858","0.25"
"2161354924","2165409713","0.375"
"2165409713","2161354924","0.375"
"2161354924","2178310074","0.25"
"2178310074","2161354924","0.25"
"2165409713","2178310074","0.25"
"2178310074","2165409713","0.25"
"124723362","134955204","0.486111"
"134955204","124723362","0.486111"
"124723362","1520343032","0.811111"
"1520343032","124723362","0.811111"
"124723362","1967160581","1.01944"
"1967160581","124723362","1.01944"
"124723362","2048303974","0.111111"
"2048303974","124723362","0.111111"
"124723362","2067559668","0.436111"
"2067559668","124723362","0.436111"
"124723362","2076636244","2.35278"
"2076636244","124723362","2.35278"
"124723362","2087876307","0.444444"
"2087876307","124723362","0.444444"
"124723362","2159386763","0.111111"
"2159386763","124723362","0.111111"
"124723362","2255044511","3.85278"
"2255044511","124723362","3.85278"
"134955204","1520343032","1.0623"
"1520343032","134955204","1.0623"
"134955204","1967160581","3.97897"
"1967160581","134955204","3.97897"
"134955204","2048303974","0.111111"
"2048303974","134955204","0.111111"
"134955204","2067559668","2.89563"
"2067559668","134955204","2.89563"
"134955204","2076636244","2.5623"
"2076636244","134955204","2.5623"
"134955204","2087876307","0.336111"
"2087876307","134955204","0.336111"
"134955204","2159386763","0.253968"
"2159386763","134955204","0.253968"
"134955204","2255044511","3.9373"
"2255044511","134955204","3.9373"
"1520343032","1967160581","1.59563"
"1967160581","1520343032","1.59563"
"1520343032","2048303974","0.111111"
"2048303974","1520343032","0.111111"
"1520343032","2067559668","0.928968"
"2067559668","1520343032","0.928968"
"1520343032","2076636244","1.5123"
"2076636244","1520343032","1.5123"
"1520343032","2087876307","0.211111"
"2087876307","1520343032","0.211111"
"1520343032","2159386763","0.253968"
"2159386763","1520343032","0.253968"
"1520343032","2255044511","3.2623"
"2255044511","1520343032","3.2623"
"1967160581","2048303974","0.111111"
"2048303974","1967160581","0.111111"
"1967160581","2067559668","6.32341"
"2067559668","1967160581","6.32341"
"1967160581","2076636244","7.90675"
"2076636244","1967160581","7.90675"
"1967160581","2087876307","0.336111"
"2087876307","1967160581","0.336111"
"1967160581","2159386763","0.365079"
"2159386763","1967160581","0.365079"
"1967160581","2255044511","4.74841"
"2255044511","1967160581","4.74841"
"2048303974","2067559668","0.111111"
"2067559668","2048303974","0.111111"
"2048303974","2076636244","0.111111"
"2076636244","2048303974","0.111111"
"2048303974","2087876307","0.444444"
"2087876307","2048303974","0.444444"
"2048303974","2159386763","0.111111"
"2159386763","2048303974","0.111111"
"2048303974","2255044511","0.111111"
"2255044511","2048303974","0.111111"
"2067559668","2076636244","2.99008"
"2076636244","2067559668","2.99008"
"2067559668","2087876307","0.336111"
"2087876307","2067559668","0.336111"
"2067559668","2159386763","0.365079"
"2159386763","2067559668","0.365079"
"2067559668","2255044511","2.33175"
"2255044511","2067559668","2.33175"
"2076636244","2087876307","0.669444"
"2087876307","2076636244","0.669444"
"2076636244","2159386763","0.365079"
"2159386763","2076636244","0.365079"
"2076636244","2255044511","9.99841"
"2255044511","2076636244","9.99841"
"2087876307","2159386763","0.111111"
"2159386763","2087876307","0.111111"
"2087876307","2255044511","0.544444"
"2255044511","2087876307","0.544444"
"2159386763","2255044511","0.365079"
"2255044511","2159386763","0.365079"
"124723362","1489401873","0.125"
"1489401873","124723362","0.125"
"124723362","1917273024","0.125"
"1917273024","124723362","0.125"
"124723362","2171322452","0.125"
"2171322452","124723362","0.125"
"134955204","1489401873","0.25"
"1489401873","134955204","0.25"
"134955204","1917273024","0.72619"
"1917273024","134955204","0.72619"
"134955204","2171322452","0.6"
"2171322452","134955204","0.6"
"1489401873","1917273024","0.75"
"1917273024","1489401873","0.75"
"1489401873","1967160581","1.11111"
"1967160581","1489401873","1.11111"
"1489401873","2067559668","0.611111"
"2067559668","1489401873","0.611111"
"1489401873","2076636244","0.861111"
"2076636244","1489401873","0.861111"
"1489401873","2171322452","2.11111"
"2171322452","1489401873","2.11111"
"1489401873","2255044511","0.361111"
"2255044511","1489401873","0.361111"
"1917273024","1967160581","1.22619"
"1967160581","1917273024","1.22619"
"1917273024","2067559668","0.392857"
"2067559668","1917273024","0.392857"
"1917273024","2076636244","1.89286"
"2076636244","1917273024","1.89286"
"1917273024","2171322452","0.75"
"2171322452","1917273024","0.75"
"1917273024","2255044511","0.392857"
"2255044511","1917273024","0.392857"
"1967160581","2171322452","1.96111"
"2171322452","1967160581","1.96111"
"2067559668","2171322452","0.961111"
"2171322452","2067559668","0.961111"
"2076636244","2171322452","4.71111"
"2171322452","2076636244","4.71111"
"2171322452","2255044511","0.461111"
"2255044511","2171322452","0.461111"
"134955204","2027754909","0.125"
"2027754909","134955204","0.125"
"134955204","2080934002","0.125"
"2080934002","134955204","0.125"
"134955204","2134795315","0.125"
"2134795315","134955204","0.125"
"134955204","2178310074","0.225"
"2178310074","134955204","0.225"
"1967160581","2027754909","0.236111"
"2027754909","1967160581","0.236111"
"1967160581","2080934002","0.125"
"2080934002","1967160581","0.125"
"1967160581","2134795315","0.236111"
"2134795315","1967160581","0.236111"
"1967160581","2178310074","0.225"
"2178310074","1967160581","0.225"
"2027754909","2067559668","0.236111"
"2067559668","2027754909","0.236111"
"2027754909","2076636244","0.236111"
"2076636244","2027754909","0.236111"
"2027754909","2080934002","0.625"
"2080934002","2027754909","0.625"
"2027754909","2087876307","0.125"
"2087876307","2027754909","0.125"
"2027754909","2134795315","0.236111"
"2134795315","2027754909","0.236111"
"2027754909","2178310074","0.125"
"2178310074","2027754909","0.125"
"2067559668","2080934002","0.125"
"2080934002","2067559668","0.125"
"2067559668","2134795315","0.236111"
"2134795315","2067559668","0.236111"
"2067559668","2178310074","0.225"
"2178310074","2067559668","0.225"
"2076636244","2080934002","0.125"
"2080934002","2076636244","0.125"
"2076636244","2134795315","0.236111"
"2134795315","2076636244","0.236111"
"2076636244","2178310074","0.225"
"2178310074","2076636244","0.225"
"2080934002","2087876307","0.125"
"2087876307","2080934002","0.125"
"2080934002","2134795315","1.125"
"2134795315","2080934002","1.125"
"2080934002","2178310074","0.125"
"2178310074","2080934002","0.125"
"2087876307","2134795315","0.125"
"2134795315","2087876307","0.125"
"2087876307","2178310074","0.225"
"2178310074","2087876307","0.225"
"2134795315","2178310074","0.125"
"2178310074","2134795315","0.125"
"1520343032","1917273024","0.60119"
"1917273024","1520343032","0.60119"
"1917273024","2159386763","0.453968"
"2159386763","1917273024","0.453968"
"1489401873","1520343032","0.125"
"1520343032","1489401873","0.125"
"1520343032","2171322452","2.225"
"2171322452","1520343032","2.225"
"134955204","2085832095","0.1"
"2085832095","134955204","0.1"
"134955204","73690477","0.1"
"73690477","134955204","0.1"
"1520343032","2085832095","0.1"
"2085832095","1520343032","0.1"
"1520343032","2178310074","0.1"
"2178310074","1520343032","0.1"
"1520343032","73690477","0.1"
"73690477","1520343032","0.1"
"1967160581","2085832095","0.1"
"2085832095","1967160581","0.1"
"1967160581","73690477","0.1"
"73690477","1967160581","0.1"
"2067559668","2085832095","0.1"
"2085832095","2067559668","0.1"
"2067559668","73690477","0.1"
"73690477","2067559668","0.1"
"2076636244","2085832095","0.1"
"2085832095","2076636244","0.1"
"2076636244","73690477","1.1"
"73690477","2076636244","1.1"
"2085832095","2087876307","0.1"
"2087876307","2085832095","0.1"
"2085832095","2171322452","0.1"
"2171322452","2085832095","0.1"
"2085832095","2178310074","0.1"
"2178310074","2085832095","0.1"
"2085832095","2255044511","0.1"
"2255044511","2085832095","0.1"
"2085832095","73690477","0.1"
"73690477","2085832095","0.1"
"2087876307","2171322452","0.1"
"2171322452","2087876307","0.1"
"2087876307","73690477","1.43333"
"73690477","2087876307","1.43333"
"2171322452","2178310074","1.6"
"2178310074","2171322452","1.6"
"2171322452","73690477","0.1"
"73690477","2171322452","0.1"
"2178310074","2255044511","0.1"
"2255044511","2178310074","0.1"
"2178310074","73690477","0.1"
"73690477","2178310074","0.1"
"2255044511","73690477","0.1"
"73690477","2255044511","0.1"
"135824564","2041090487","5.03333"
"2041090487","135824564","5.03333"
"135824564","2058745714","4.83333"
"2058745714","135824564","4.83333"
"2041090487","2058745714","6.83333"
"2058745714","2041090487","6.83333"
"135824564","1967160581","0.7"
"1967160581","135824564","0.7"
"135824564","2067559668","0.45"
"2067559668","135824564","0.45"
"1967160581","2041090487","0.7"
"2041090487","1967160581","0.7"
"1967160581","2058745714","0.5"
"2058745714","1967160581","0.5"
"2041090487","2067559668","0.45"
"2067559668","2041090487","0.45"
"2058745714","2067559668","0.25"
"2067559668","2058745714","0.25"
"135824564","2395534512","0.333333"
"2395534512","135824564","0.333333"
"2041090487","2395534512","0.333333"
"2395534512","2041090487","0.333333"
"2058745714","2395534512","1.33333"
"2395534512","2058745714","1.33333"
"135824564","2030455922","0.45"
"2030455922","135824564","0.45"
"135824564","2076636244","0.2"
"2076636244","135824564","0.2"
"1967160581","2030455922","11.2833"
"2030455922","1967160581","11.2833"
"2030455922","2041090487","0.45"
"2041090487","2030455922","0.45"
"2030455922","2067559668","1.03333"
"2067559668","2030455922","1.03333"
"2030455922","2076636244","0.533333"
"2076636244","2030455922","0.533333"
"2041090487","2076636244","0.2"
"2076636244","2041090487","0.2"
"2030455922","2058745714","0.25"
"2058745714","2030455922","0.25"
"148916867","1496555881","1.5"
"1496555881","148916867","1.5"
"148916867","2094947835","0.25"
"2094947835","148916867","0.25"
"148916867","2307835102","0.25"
"2307835102","148916867","0.25"
"148916867","299709162","13.5"
"299709162","148916867","13.5"
"1496555881","2094947835","0.25"
"2094947835","1496555881","0.25"
"1496555881","2307835102","0.25"
"2307835102","1496555881","0.25"
"1496555881","299709162","1.5"
"299709162","1496555881","1.5"
"2094947835","2307835102","0.361111"
"2307835102","2094947835","0.361111"
"2094947835","299709162","0.25"
"299709162","2094947835","0.25"
"2307835102","299709162","0.25"
"299709162","2307835102","0.25"
"148916867","2155524986","0.25"
"2155524986","148916867","0.25"
"148916867","2161354924","0.25"
"2161354924","148916867","0.25"
"1496555881","2155524986","0.25"
"2155524986","1496555881","0.25"
"1496555881","2161354924","0.25"
"2161354924","1496555881","0.25"
"2155524986","2161354924","0.25"
"2161354924","2155524986","0.25"
"2155524986","299709162","0.25"
"299709162","2155524986","0.25"
"2161354924","299709162","0.25"
"299709162","2161354924","0.25"
"1489401873","2395534512","0.361111"
"2395534512","1489401873","0.361111"
"1967160581","2395534512","0.361111"
"2395534512","1967160581","0.361111"
"2067559668","2395534512","0.361111"
"2395534512","2067559668","0.361111"
"2171322452","2395534512","0.361111"
"2395534512","2171322452","0.361111"
"1489401873","2027754909","0.111111"
"2027754909","1489401873","0.111111"
"1489401873","2134795315","0.111111"
"2134795315","1489401873","0.111111"
"1489401873","2159386763","0.111111"
"2159386763","1489401873","0.111111"
"2027754909","2159386763","0.736111"
"2159386763","2027754909","0.736111"
"2027754909","2171322452","0.111111"
"2171322452","2027754909","0.111111"
"2027754909","2255044511","0.111111"
"2255044511","2027754909","0.111111"
"2027754909","2395534512","0.111111"
"2395534512","2027754909","0.111111"
"2076636244","2395534512","0.111111"
"2395534512","2076636244","0.111111"
"2134795315","2159386763","0.111111"
"2159386763","2134795315","0.111111"
"2134795315","2171322452","0.111111"
"2171322452","2134795315","0.111111"
"2134795315","2255044511","0.111111"
"2255044511","2134795315","0.111111"
"2134795315","2395534512","0.111111"
"2395534512","2134795315","0.111111"
"2159386763","2171322452","0.111111"
"2171322452","2159386763","0.111111"
"2159386763","2395534512","0.111111"
"2395534512","2159386763","0.111111"
"2255044511","2395534512","0.111111"
"2395534512","2255044511","0.111111"
"1491512010","2169015330","0.333333"
"2169015330","1491512010","0.333333"
"1491512010","561044245","0.583333"
"561044245","1491512010","0.583333"
"1815237662","2169015330","0.333333"
"2169015330","1815237662","0.333333"
"1815237662","561044245","0.583333"
"561044245","1815237662","0.583333"
"2169015330","561044245","0.333333"
"561044245","2169015330","0.333333"
"1491512010","2085832095","0.2"
"2085832095","1491512010","0.2"
"1491512010","2122110543","0.2"
"2122110543","1491512010","0.2"
"1491512010","2618244223","0.733333"
"2618244223","1491512010","0.733333"
"1799686573","2085832095","1.49167"
"2085832095","1799686573","1.49167"
"1799686573","2122110543","1.95"
"2122110543","1799686573","1.95"
"1799686573","2618244223","0.4"
"2618244223","1799686573","0.4"
"1815237662","2085832095","0.2"
"2085832095","1815237662","0.2"
"1815237662","2122110543","0.2"
"2122110543","1815237662","0.2"
"1815237662","2618244223","0.733333"
"2618244223","1815237662","0.733333"
"2085832095","2122110543","1.01111"
"2122110543","2085832095","1.01111"
"2085832095","2618244223","1.2"
"2618244223","2085832095","1.2"
"2122110543","2618244223","0.95"
"2618244223","2122110543","0.95"
"1491512010","2155524986","0.5"
"2155524986","1491512010","0.5"
"1491512010","2158029145","0.25"
"2158029145","1491512010","0.25"
"1491512010","2307835102","0.5"
"2307835102","1491512010","0.5"
"1815237662","2155524986","0.5"
"2155524986","1815237662","0.5"
"1815237662","2158029145","0.25"
"2158029145","1815237662","0.25"
"1815237662","2307835102","0.5"
"2307835102","1815237662","0.5"
"2155524986","2158029145","2.58333"
"2158029145","2155524986","2.58333"
"2155524986","2307835102","4.66667"
"2307835102","2155524986","4.66667"
"2158029145","2307835102","3.08333"
"2307835102","2158029145","3.08333"
"2155524986","561044245","0.75"
"561044245","2155524986","0.75"
"2307835102","561044245","0.75"
"561044245","2307835102","0.75"
"1620271508","2618244223","0.2"
"2618244223","1620271508","0.2"
"2165409713","2618244223","0.2"
"2618244223","2165409713","0.2"
"1491512010","26198762","0.333333"
"26198762","1491512010","0.333333"
"1815237662","26198762","0.333333"
"26198762","1815237662","0.333333"
"2618244223","26198762","0.333333"
"26198762","2618244223","0.333333"
"1573872272","2026751541","4.66667"
"2026751541","1573872272","4.66667"
"1573872272","2048303974","4.5"
"2048303974","1573872272","4.5"
"1573872272","2118043061","1.16667"
"2118043061","1573872272","1.16667"
"2026751541","2048303974","2.16667"
"2048303974","2026751541","2.16667"
"2026751541","2118043061","2.16667"
"2118043061","2026751541","2.16667"
"2048303974","2118043061","0.666667"
"2118043061","2048303974","0.666667"
"1573872272","2087876307","0.333333"
"2087876307","1573872272","0.333333"
"1573872272","73690477","0.333333"
"73690477","1573872272","0.333333"
"2048303974","73690477","0.333333"
"73690477","2048303974","0.333333"
"1573872272","2171322452","1"
"2171322452","1573872272","1"
"1573872272","1799686573","1"
"1799686573","1573872272","1"
"1620271508","2085832095","0.166667"
"2085832095","1620271508","0.166667"
"1620271508","2159386763","0.166667"
"2159386763","1620271508","0.166667"
"1620271508","2161354924","0.166667"
"2161354924","1620271508","0.166667"
"1620271508","2162763120","0.166667"
"2162763120","1620271508","0.166667"
"1799686573","2094947835","0.291667"
"2094947835","1799686573","0.291667"
"1799686573","2159386763","0.291667"
"2159386763","1799686573","0.291667"
"1799686573","2161354924","0.291667"
"2161354924","1799686573","0.291667"
"1799686573","2162763120","0.166667"
"2162763120","1799686573","0.166667"
"2085832095","2094947835","13.7694"
"2094947835","2085832095","13.7694"
"2085832095","2159386763","21.2694"
"2159386763","2085832095","21.2694"
"2085832095","2161354924","0.402778"
"2161354924","2085832095","0.402778"
"2085832095","2162763120","0.166667"
"2162763120","2085832095","0.166667"
"2094947835","2159386763","8.76944"
"2159386763","2094947835","8.76944"
"2094947835","2161354924","0.402778"
"2161354924","2094947835","0.402778"
"2094947835","2162763120","0.166667"
"2162763120","2094947835","0.166667"
"2159386763","2161354924","0.402778"
"2161354924","2159386763","0.402778"
"2159386763","2162763120","1.16667"
"2162763120","2159386763","1.16667"
"2161354924","2162763120","0.166667"
"2162763120","2161354924","0.166667"
"1757941741","2072517501","1.25"
"2072517501","1757941741","1.25"
"1757941741","2178310074","2.08333"
"2178310074","1757941741","2.08333"
"2072517501","2178310074","7.08333"
"2178310074","2072517501","7.08333"
"1757941741","2116174583","1.58333"
"2116174583","1757941741","1.58333"
"2116174583","2178310074","13.4167"
"2178310074","2116174583","13.4167"
"1757941741","2101109967","1.08333"
"2101109967","1757941741","1.08333"
"2072517501","2101109967","1.08333"
"2101109967","2072517501","1.08333"
"2072517501","2116174583","3.58333"
"2116174583","2072517501","3.58333"
"2101109967","2116174583","6.41667"
"2116174583","2101109967","6.41667"
"2101109967","2178310074","7.91667"
"2178310074","2101109967","7.91667"
"1799686573","2155068063","0.166667"
"2155068063","1799686573","0.166667"
"1799686573","2155524986","0.666667"
"2155524986","1799686573","0.666667"
"1799686573","2158029145","1.41667"
"2158029145","1799686573","1.41667"
"1799686573","2169015330","0.166667"
"2169015330","1799686573","0.166667"
"1799686573","2307835102","0.666667"
"2307835102","1799686573","0.666667"
"1799686573","2472172398","1.66667"
"2472172398","1799686573","1.66667"
"2155068063","2155524986","0.166667"
"2155524986","2155068063","0.166667"
"2155068063","2158029145","0.166667"
"2158029145","2155068063","0.166667"
"2155068063","2169015330","0.166667"
"2169015330","2155068063","0.166667"
"2155068063","2307835102","0.166667"
"2307835102","2155068063","0.166667"
"2155068063","2472172398","0.166667"
"2472172398","2155068063","0.166667"
"2155524986","2169015330","4.66667"
"2169015330","2155524986","4.66667"
"2155524986","2472172398","0.166667"
"2472172398","2155524986","0.166667"
"2158029145","2169015330","3.83333"
"2169015330","2158029145","3.83333"
"2158029145","2472172398","0.166667"
"2472172398","2158029145","0.166667"
"2169015330","2307835102","4.16667"
"2307835102","2169015330","4.16667"
"2169015330","2472172398","0.166667"
"2472172398","2169015330","0.166667"
"2307835102","2472172398","1"
"2472172398","2307835102","1"
"2085832095","2155524986","0.5"
"2155524986","2085832095","0.5"
"1799686573","2030455922","0.25"
"2030455922","1799686573","0.25"
"1799686573","26198762","0.375"
"26198762","1799686573","0.375"
"2030455922","2122110543","1.19444"
"2122110543","2030455922","1.19444"
"2030455922","2158029145","0.25"
"2158029145","2030455922","0.25"
"2030455922","26198762","0.583333"
"26198762","2030455922","0.583333"
"2122110543","2158029145","0.25"
"2158029145","2122110543","0.25"
"2122110543","26198762","0.583333"
"26198762","2122110543","0.583333"
"2158029145","26198762","0.25"
"26198762","2158029145","0.25"
"1799686573","1967270858","0.125"
"1967270858","1799686573","0.125"
"1799686573","2027754909","0.125"
"2027754909","1799686573","0.125"
"1967270858","2027754909","0.125"
"2027754909","1967270858","0.125"
"1967270858","2085832095","0.125"
"2085832095","1967270858","0.125"
"1967270858","2094947835","0.125"
"2094947835","1967270858","0.125"
"1967270858","2159386763","0.125"
"2159386763","1967270858","0.125"
"1967270858","26198762","0.125"
"26198762","1967270858","0.125"
"2027754909","2085832095","0.125"
"2085832095","2027754909","0.125"
"2027754909","2094947835","0.125"
"2094947835","2027754909","0.125"
"2027754909","2161354924","0.125"
"2161354924","2027754909","0.125"
"2027754909","2165409713","0.125"
"2165409713","2027754909","0.125"
"2027754909","26198762","0.125"
"26198762","2027754909","0.125"
"2085832095","2165409713","0.125"
"2165409713","2085832095","0.125"
"2085832095","26198762","0.125"
"26198762","2085832095","0.125"
"2094947835","26198762","0.125"
"26198762","2094947835","0.125"
"2159386763","2165409713","0.125"
"2165409713","2159386763","0.125"
"2159386763","26198762","0.125"
"26198762","2159386763","0.125"
"2161354924","26198762","0.458333"
"26198762","2161354924","0.458333"
"2165409713","26198762","0.125"
"26198762","2165409713","0.125"
"1917273024","1918604906","0.111111"
"1918604906","1917273024","0.111111"
"1917273024","2030455922","0.111111"
"2030455922","1917273024","0.111111"
"1917273024","2085832095","0.311111"
"2085832095","1917273024","0.311111"
"1917273024","2094947835","0.311111"
"2094947835","1917273024","0.311111"
"1917273024","2102161089","0.311111"
"2102161089","1917273024","0.311111"
"1917273024","2122110543","0.311111"
"2122110543","1917273024","0.311111"
"1917273024","2161354924","0.111111"
"2161354924","1917273024","0.111111"
"1917273024","2307835102","0.111111"
"2307835102","1917273024","0.111111"
"1918604906","2030455922","0.111111"
"2030455922","1918604906","0.111111"
"1918604906","2085832095","0.111111"
"2085832095","1918604906","0.111111"
"1918604906","2094947835","0.111111"
"2094947835","1918604906","0.111111"
"1918604906","2102161089","0.111111"
"2102161089","1918604906","0.111111"
"1918604906","2122110543","0.111111"
"2122110543","1918604906","0.111111"
"1918604906","2159386763","0.111111"
"2159386763","1918604906","0.111111"
"1918604906","2161354924","0.111111"
"2161354924","1918604906","0.111111"
"1918604906","2307835102","0.111111"
"2307835102","1918604906","0.111111"
"2030455922","2085832095","0.111111"
"2085832095","2030455922","0.111111"
"2030455922","2094947835","0.111111"
"2094947835","2030455922","0.111111"
"2030455922","2102161089","0.111111"
"2102161089","2030455922","0.111111"
"2030455922","2159386763","0.111111"
"2159386763","2030455922","0.111111"
"2030455922","2161354924","0.444444"
"2161354924","2030455922","0.444444"
"2030455922","2307835102","0.111111"
"2307835102","2030455922","0.111111"
"2085832095","2102161089","0.311111"
"2102161089","2085832095","0.311111"
"2085832095","2307835102","0.111111"
"2307835102","2085832095","0.111111"
"2094947835","2102161089","0.311111"
"2102161089","2094947835","0.311111"
"2094947835","2122110543","0.311111"
"2122110543","2094947835","0.311111"
"2102161089","2122110543","0.311111"
"2122110543","2102161089","0.311111"
"2102161089","2159386763","0.311111"
"2159386763","2102161089","0.311111"
"2102161089","2161354924","0.111111"
"2161354924","2102161089","0.111111"
"2102161089","2307835102","1.19444"
"2307835102","2102161089","1.19444"
"2122110543","2159386763","0.311111"
"2159386763","2122110543","0.311111"
"2122110543","2161354924","0.694444"
"2161354924","2122110543","0.694444"
"2122110543","2307835102","0.111111"
"2307835102","2122110543","0.111111"
"2159386763","2307835102","0.361111"
"2307835102","2159386763","0.361111"
"2161354924","2307835102","3.44444"
"2307835102","2161354924","3.44444"
"1965892470","2134795315","13"
"2134795315","1965892470","13"
"1965892470","2080934002","1"
"2080934002","1965892470","1"
"1967160581","2122110543","0.25"
"2122110543","1967160581","0.25"
"1967160581","2161354924","0.25"
"2161354924","1967160581","0.25"
"1967160581","2618244223","0.25"
"2618244223","1967160581","0.25"
"2067559668","2122110543","0.25"
"2122110543","2067559668","0.25"
"2067559668","2161354924","0.25"
"2161354924","2067559668","0.25"
"2067559668","2618244223","0.25"
"2618244223","2067559668","0.25"
"2161354924","2618244223","0.25"
"2618244223","2161354924","0.25"
"1967270858","2307835102","0.5"
"2307835102","1967270858","0.5"
"1967270858","2618244223","0.5"
"2618244223","1967270858","0.5"
"2307835102","2618244223","2.5"
"2618244223","2307835102","2.5"
"2026751541","2161354924","1"
"2161354924","2026751541","1"
"2080934002","2159386763","0.5"
"2159386763","2080934002","0.5"
"2027754909","2122110543","1"
"2122110543","2027754909","1"
"2030455922","2083620425","0.5"
"2083620425","2030455922","0.5"
"2083620425","2122110543","0.5"
"2122110543","2083620425","0.5"
"2058745714","2178310074","1"
"2178310074","2058745714","1"
"2083620425","2161354924","0.5"
"2161354924","2083620425","0.5"
"2083620425","2307835102","0.5"
"2307835102","2083620425","0.5"
"2083620425","299709162","1"
"299709162","2083620425","1"
"2083620425","2178310074","1"
"2178310074","2083620425","1"
"2085832095","2155068063","2.16667"
"2155068063","2085832095","2.16667"
"2094947835","2155068063","1.66667"
"2155068063","2094947835","1.66667"
"2155068063","2159386763","7.16667"
"2159386763","2155068063","7.16667"
"2094947835","2178310074","1"
"2178310074","2094947835","1"
"2101109967","2136021506","0.5"
"2136021506","2101109967","0.5"
"2101109967","2162763120","0.5"
"2162763120","2101109967","0.5"
"2136021506","2162763120","0.5"
"2162763120","2136021506","0.5"
"2101109967","2171322452","0.5"
"2171322452","2101109967","0.5"
"2101109967","2161354924","1"
"2161354924","2101109967","1"
"2102161089","2155524986","2.08333"
"2155524986","2102161089","2.08333"
"2102161089","2169015330","0.583333"
"2169015330","2102161089","0.583333"
"2102161089","2158029145","0.25"
"2158029145","2102161089","0.25"
"2116174583","2161354924","0.333333"
"2161354924","2116174583","0.333333"
"2116174583","2307835102","0.333333"
"2307835102","2116174583","0.333333"
"2116174583","2472172398","0.333333"
"2472172398","2116174583","0.333333"
"2161354924","2472172398","0.333333"
"2472172398","2161354924","0.333333"
"2116174583","2136021506","1"
"2136021506","2116174583","1"
"2122110543","561044245","0.5"
"561044245","2122110543","0.5"
"2618244223","561044245","1"
"561044245","2618244223","1"
"2122110543","2155524986","1"
"2155524986","2122110543","1"
"2134795315","2162763120","1"
"2162763120","2134795315","1"
"2136021506","2178310074","2"
"2178310074","2136021506","2"
"2155068063","2171322452","1"
"2171322452","2155068063","1"
"2155524986","2159386763","0.25"
"2159386763","2155524986","0.25"
"2158029145","2159386763","0.25"
"2159386763","2158029145","0.25"
"2159386763","2169015330","0.25"
"2169015330","2159386763","0.25"
"2155524986","2618244223","0.5"
"2618244223","2155524986","0.5"
"2161354924","561044245","0.5"
"561044245","2161354924","0.5"
"26198762","2805092324","1"
"2805092324","26198762","1"
