"1480794755","152920516","0.444444"
"152920516","1480794755","0.444444"
"1480794755","1582131784","0.611111"
"1582131784","1480794755","0.611111"
"1480794755","1822348499","0.611111"
"1822348499","1480794755","0.611111"
"1480794755","1947403449","0.611111"
"1947403449","1480794755","0.611111"
"1480794755","2107628111","1.69444"
"2107628111","1480794755","1.69444"
"1480794755","2124344851","0.444444"
"2124344851","1480794755","0.444444"
"152920516","1582131784","0.444444"
"1582131784","152920516","0.444444"
"152920516","1822348499","0.444444"
"1822348499","152920516","0.444444"
"152920516","1947403449","0.444444"
"1947403449","152920516","0.444444"
"152920516","2107628111","0.694444"
"2107628111","152920516","0.694444"
"152920516","2124344851","12.1944"
"2124344851","152920516","12.1944"
"1582131784","1822348499","0.611111"
"1822348499","1582131784","0.611111"
"1582131784","1947403449","0.611111"
"1947403449","1582131784","0.611111"
"1582131784","2107628111","0.611111"
"2107628111","1582131784","0.611111"
"1582131784","2124344851","0.444444"
"2124344851","1582131784","0.444444"
"1822348499","1947403449","0.611111"
"1947403449","1822348499","0.611111"
"1822348499","2107628111","3.11111"
"2107628111","1822348499","3.11111"
"1822348499","2124344851","0.444444"
"2124344851","1822348499","0.444444"
"1947403449","2107628111","1.81111"
"2107628111","1947403449","1.81111"
"1947403449","2124344851","0.644444"
"2124344851","1947403449","0.644444"
"2107628111","2124344851","0.894444"
"2124344851","2107628111","0.894444"
"1480794755","1976199582","1.33333"
"1976199582","1480794755","1.33333"
"1480794755","1537369822","1.94444"
"1537369822","1480794755","1.94444"
"1480794755","1972198386","0.944444"
"1972198386","1480794755","0.944444"
"1537369822","1582131784","0.277778"
"1582131784","1537369822","0.277778"
"1537369822","1822348499","0.277778"
"1822348499","1537369822","0.277778"
"1537369822","1947403449","0.477778"
"1947403449","1537369822","0.477778"
"1537369822","1972198386","5.86869"
"1972198386","1537369822","5.86869"
"1537369822","2107628111","1.06111"
"2107628111","1537369822","1.06111"
"1582131784","1972198386","0.277778"
"1972198386","1582131784","0.277778"
"1822348499","1972198386","0.277778"
"1972198386","1822348499","0.277778"
"1947403449","1972198386","0.477778"
"1972198386","1947403449","0.477778"
"1972198386","2107628111","1.06111"
"2107628111","1972198386","1.06111"
"1480794755","2140050354","0.5"
"2140050354","1480794755","0.5"
"2107628111","2140050354","0.5"
"2140050354","2107628111","0.5"
"1480794755","2172028276","0.361111"
"2172028276","1480794755","0.361111"
"152920516","1537369822","0.361111"
"1537369822","152920516","0.361111"
"152920516","1972198386","0.361111"
"1972198386","152920516","0.361111"
"152920516","2172028276","0.111111"
"2172028276","152920516","0.111111"
"1537369822","2124344851","0.561111"
"2124344851","1537369822","0.561111"
"1537369822","2172028276","0.311111"
"2172028276","1537369822","0.311111"
"1582131784","2172028276","0.111111"
"2172028276","1582131784","0.111111"
"1822348499","2172028276","0.111111"
"2172028276","1822348499","0.111111"
"1947403449","2172028276","1.31111"
"2172028276","1947403449","1.31111"
"1972198386","2124344851","0.561111"
"2124344851","1972198386","0.561111"
"1972198386","2172028276","0.311111"
"2172028276","1972198386","0.311111"
"2107628111","2172028276","1.06111"
"2172028276","2107628111","1.06111"
"2124344851","2172028276","0.311111"
"2172028276","2124344851","0.311111"
"1480794755","2156210689","2.33333"
"2156210689","1480794755","2.33333"
"1480794755","2054282408","0.333333"
"2054282408","1480794755","0.333333"
"1480794755","2093249938","0.333333"
"2093249938","1480794755","0.333333"
"1976199582","2054282408","0.333333"
"2054282408","1976199582","0.333333"
"1976199582","2093249938","0.333333"
"2093249938","1976199582","0.333333"
"2054282408","2093249938","0.333333"
"2093249938","2054282408","0.333333"
"1537369822","2156210689","1.78333"
"2156210689","1537369822","1.78333"
"1972198386","2156210689","1.78333"
"2156210689","1972198386","1.78333"
"1480794755","1917769239","0.25"
"1917769239","1480794755","0.25"
"1480794755","2163453947","0.25"
"2163453947","1480794755","0.25"
"1917769239","2107628111","0.25"
"2107628111","1917769239","0.25"
"1917769239","2163453947","0.587985"
"2163453947","1917769239","0.587985"
"1917769239","2172028276","0.25"
"2172028276","1917769239","0.25"
"2107628111","2163453947","0.25"
"2163453947","2107628111","0.25"
"2163453947","2172028276","0.25"
"2172028276","2163453947","0.25"
"1495007564","1837234277","2"
"1837234277","1495007564","2"
"1495007564","2107628111","1.5"
"2107628111","1495007564","1.5"
"1495007564","2172028276","0.5"
"2172028276","1495007564","0.5"
"1504392687","2040374677","7.68535"
"2040374677","1504392687","7.68535"
"1504392687","1537369822","0.0909091"
"1537369822","1504392687","0.0909091"
"1504392687","187375510","0.657576"
"187375510","1504392687","0.657576"
"1504392687","1917769239","0.45202"
"1917769239","1504392687","0.45202"
"1504392687","1972198386","0.0909091"
"1972198386","1504392687","0.0909091"
"1504392687","2113836856","1.36869"
"2113836856","1504392687","1.36869"
"1504392687","2119611959","0.407576"
"2119611959","1504392687","0.407576"
"1504392687","2126194147","0.685354"
"2126194147","1504392687","0.685354"
"1504392687","2128402609","0.240909"
"2128402609","1504392687","0.240909"
"1504392687","2146726084","0.685354"
"2146726084","1504392687","0.685354"
"1504392687","2163453947","0.407576"
"2163453947","1504392687","0.407576"
"1537369822","187375510","0.0909091"
"187375510","1537369822","0.0909091"
"1537369822","1917769239","0.424242"
"1917769239","1537369822","0.424242"
"1537369822","2040374677","1.42424"
"2040374677","1537369822","1.42424"
"1537369822","2113836856","0.540909"
"2113836856","1537369822","0.540909"
"1537369822","2119611959","0.0909091"
"2119611959","1537369822","0.0909091"
"1537369822","2126194147","0.0909091"
"2126194147","1537369822","0.0909091"
"1537369822","2128402609","0.0909091"
"2128402609","1537369822","0.0909091"
"1537369822","2146726084","0.0909091"
"2146726084","1537369822","0.0909091"
"1537369822","2163453947","0.340909"
"2163453947","1537369822","0.340909"
"187375510","1917769239","0.843541"
"1917769239","187375510","0.843541"
"187375510","1972198386","0.0909091"
"1972198386","187375510","0.0909091"
"187375510","2040374677","5.39091"
"2040374677","187375510","5.39091"
"187375510","2113836856","0.340909"
"2113836856","187375510","0.340909"
"187375510","2119611959","0.407576"
"2119611959","187375510","0.407576"
"187375510","2126194147","0.493541"
"2126194147","187375510","0.493541"
"187375510","2128402609","0.740909"
"2128402609","187375510","0.740909"
"187375510","2146726084","0.743541"
"2146726084","187375510","0.743541"
"187375510","2163453947","0.460207"
"2163453947","187375510","0.460207"
"1917769239","1972198386","0.424242"
"1972198386","1917769239","0.424242"
"1917769239","2040374677","1.31869"
"2040374677","1917769239","1.31869"
"1917769239","2113836856","0.70202"
"2113836856","1917769239","0.70202"
"1917769239","2119611959","0.618687"
"2119611959","1917769239","0.618687"
"1917769239","2126194147","1.68243"
"2126194147","1917769239","1.68243"
"1917769239","2128402609","0.285354"
"2128402609","1917769239","0.285354"
"1917769239","2146726084","3.26576"
"2146726084","1917769239","3.26576"
"1972198386","2040374677","1.42424"
"2040374677","1972198386","1.42424"
"1972198386","2113836856","0.540909"
"2113836856","1972198386","0.540909"
"1972198386","2119611959","0.0909091"
"2119611959","1972198386","0.0909091"
"1972198386","2126194147","0.290909"
"2126194147","1972198386","0.290909"
"1972198386","2128402609","0.290909"
"2128402609","1972198386","0.290909"
"1972198386","2146726084","0.0909091"
"2146726084","1972198386","0.0909091"
"1972198386","2163453947","0.540909"
"2163453947","1972198386","0.540909"
"2040374677","2113836856","4.45202"
"2113836856","2040374677","4.45202"
"2040374677","2119611959","0.407576"
"2119611959","2040374677","0.407576"
"2040374677","2126194147","2.38535"
"2126194147","2040374677","2.38535"
"2040374677","2128402609","0.490909"
"2128402609","2040374677","0.490909"
"2040374677","2146726084","1.05202"
"2146726084","2040374677","1.05202"
"2040374677","2163453947","1.99091"
"2163453947","2040374677","1.99091"
"2113836856","2119611959","0.0909091"
"2119611959","2113836856","0.0909091"
"2113836856","2126194147","0.368687"
"2126194147","2113836856","0.368687"
"2113836856","2128402609","0.290909"
"2128402609","2113836856","0.290909"
"2113836856","2146726084","0.368687"
"2146726084","2113836856","0.368687"
"2113836856","2163453947","0.0909091"
"2163453947","2113836856","0.0909091"
"2119611959","2126194147","0.35202"
"2126194147","2119611959","0.35202"
"2119611959","2128402609","1.35202"
"2128402609","2119611959","1.35202"
"2119611959","2146726084","0.685354"
"2146726084","2119611959","0.685354"
"2119611959","2163453947","0.518687"
"2163453947","2119611959","0.518687"
"2126194147","2128402609","0.55202"
"2128402609","2126194147","0.55202"
"2126194147","2146726084","2.41576"
"2146726084","2126194147","2.41576"
"2126194147","2163453947","1.43799"
"2163453947","2126194147","1.43799"
"2128402609","2146726084","0.35202"
"2146726084","2128402609","0.35202"
"2128402609","2163453947","0.55202"
"2163453947","2128402609","0.55202"
"2146726084","2163453947","0.404652"
"2163453947","2146726084","0.404652"
"1504392687","2032528887","0.844444"
"2032528887","1504392687","0.844444"
"1504392687","2132551362","0.611111"
"2132551362","1504392687","0.611111"
"2032528887","2040374677","1.84444"
"2040374677","2032528887","1.84444"
"2032528887","2113836856","1.61111"
"2113836856","2032528887","1.61111"
"2032528887","2132551362","0.613743"
"2132551362","2032528887","0.613743"
"2040374677","2132551362","0.777778"
"2132551362","2040374677","0.777778"
"2113836856","2132551362","0.527778"
"2132551362","2113836856","0.527778"
"187375510","2032528887","0.619298"
"2032528887","187375510","0.619298"
"1504392687","1981606407","0.316667"
"1981606407","1504392687","0.316667"
"1504392687","2010916971","0.0666667"
"2010916971","1504392687","0.0666667"
"1504392687","2097205481","0.0666667"
"2097205481","1504392687","0.0666667"
"1504392687","2099677419","0.511111"
"2099677419","1504392687","0.511111"
"1504392687","2105819430","0.0666667"
"2105819430","1504392687","0.0666667"
"1504392687","2138794734","0.0666667"
"2138794734","1504392687","0.0666667"
"1504392687","2170702660","0.233333"
"2170702660","1504392687","0.233333"
"187375510","1981606407","1.40263"
"1981606407","187375510","1.40263"
"187375510","2010916971","0.0666667"
"2010916971","187375510","0.0666667"
"187375510","2097205481","0.119298"
"2097205481","187375510","0.119298"
"187375510","2099677419","0.119298"
"2099677419","187375510","0.119298"
"187375510","2105819430","0.452632"
"2105819430","187375510","0.452632"
"187375510","2138794734","0.619298"
"2138794734","187375510","0.619298"
"187375510","2170702660","0.65"
"2170702660","187375510","0.65"
"1981606407","2010916971","0.0666667"
"2010916971","1981606407","0.0666667"
"1981606407","2032528887","0.119298"
"2032528887","1981606407","0.119298"
"1981606407","2040374677","0.85"
"2040374677","1981606407","0.85"
"1981606407","2097205481","0.119298"
"2097205481","1981606407","0.119298"
"1981606407","2099677419","0.119298"
"2099677419","1981606407","0.119298"
"1981606407","2105819430","0.452632"
"2105819430","1981606407","0.452632"
"1981606407","2119611959","0.316667"
"2119611959","1981606407","0.316667"
"1981606407","2126194147","0.735965"
"2126194147","1981606407","0.735965"
"1981606407","2128402609","0.65"
"2128402609","1981606407","0.65"
"1981606407","2138794734","0.119298"
"2138794734","1981606407","0.119298"
"1981606407","2146726084","0.402632"
"2146726084","1981606407","0.402632"
"1981606407","2163453947","0.702632"
"2163453947","1981606407","0.702632"
"1981606407","2170702660","0.233333"
"2170702660","1981606407","0.233333"
"2010916971","2032528887","0.0666667"
"2032528887","2010916971","0.0666667"
"2010916971","2040374677","0.0666667"
"2040374677","2010916971","0.0666667"
"2010916971","2097205481","0.0666667"
"2097205481","2010916971","0.0666667"
"2010916971","2099677419","0.177778"
"2099677419","2010916971","0.177778"
"2010916971","2105819430","0.177778"
"2105819430","2010916971","0.177778"
"2010916971","2119611959","0.177778"
"2119611959","2010916971","0.177778"
"2010916971","2126194147","0.177778"
"2126194147","2010916971","0.177778"
"2010916971","2128402609","0.177778"
"2128402609","2010916971","0.177778"
"2010916971","2138794734","0.177778"
"2138794734","2010916971","0.177778"
"2010916971","2146726084","0.177778"
"2146726084","2010916971","0.177778"
"2010916971","2163453947","0.177778"
"2163453947","2010916971","0.177778"
"2010916971","2170702660","0.0666667"
"2170702660","2010916971","0.0666667"
"2032528887","2097205481","0.219298"
"2097205481","2032528887","0.219298"
"2032528887","2099677419","0.597076"
"2099677419","2032528887","0.597076"
"2032528887","2105819430","0.119298"
"2105819430","2032528887","0.119298"
"2032528887","2119611959","0.0666667"
"2119611959","2032528887","0.0666667"
"2032528887","2126194147","0.597076"
"2126194147","2032528887","0.597076"
"2032528887","2128402609","0.0666667"
"2128402609","2032528887","0.0666667"
"2032528887","2138794734","0.219298"
"2138794734","2032528887","0.219298"
"2032528887","2146726084","0.847076"
"2146726084","2032528887","0.847076"
"2032528887","2163453947","0.119298"
"2163453947","2032528887","0.119298"
"2032528887","2170702660","0.316667"
"2170702660","2032528887","0.316667"
"2040374677","2097205481","1.06667"
"2097205481","2040374677","1.06667"
"2040374677","2099677419","1.34444"
"2099677419","2040374677","1.34444"
"2040374677","2105819430","0.566667"
"2105819430","2040374677","0.566667"
"2040374677","2138794734","0.0666667"
"2138794734","2040374677","0.0666667"
"2040374677","2170702660","0.233333"
"2170702660","2040374677","0.233333"
"2097205481","2099677419","0.119298"
"2099677419","2097205481","0.119298"
"2097205481","2105819430","0.619298"
"2105819430","2097205481","0.619298"
"2097205481","2119611959","0.0666667"
"2119611959","2097205481","0.0666667"
"2097205481","2126194147","0.119298"
"2126194147","2097205481","0.119298"
"2097205481","2128402609","0.566667"
"2128402609","2097205481","0.566667"
"2097205481","2138794734","0.219298"
"2138794734","2097205481","0.219298"
"2097205481","2146726084","0.119298"
"2146726084","2097205481","0.119298"
"2097205481","2163453947","0.119298"
"2163453947","2097205481","0.119298"
"2097205481","2170702660","0.0666667"
"2170702660","2097205481","0.0666667"
"2099677419","2105819430","0.230409"
"2105819430","2099677419","0.230409"
"2099677419","2119611959","0.177778"
"2119611959","2099677419","0.177778"
"2099677419","2126194147","1.37485"
"2126194147","2099677419","1.37485"
"2099677419","2128402609","0.177778"
"2128402609","2099677419","0.177778"
"2099677419","2138794734","2.23041"
"2138794734","2099677419","2.23041"
"2099677419","2146726084","0.874854"
"2146726084","2099677419","0.874854"
"2099677419","2163453947","0.230409"
"2163453947","2099677419","0.230409"
"2099677419","2170702660","0.0666667"
"2170702660","2099677419","0.0666667"
"2105819430","2119611959","0.177778"
"2119611959","2105819430","0.177778"
"2105819430","2126194147","0.230409"
"2126194147","2105819430","0.230409"
"2105819430","2128402609","1.92778"
"2128402609","2105819430","1.92778"
"2105819430","2138794734","0.230409"
"2138794734","2105819430","0.230409"
"2105819430","2146726084","0.230409"
"2146726084","2105819430","0.230409"
"2105819430","2163453947","0.230409"
"2163453947","2105819430","0.230409"
"2105819430","2170702660","0.0666667"
"2170702660","2105819430","0.0666667"
"2119611959","2138794734","0.177778"
"2138794734","2119611959","0.177778"
"2119611959","2170702660","0.233333"
"2170702660","2119611959","0.233333"
"2126194147","2138794734","0.430409"
"2138794734","2126194147","0.430409"
"2126194147","2170702660","2.9"
"2170702660","2126194147","2.9"
"2128402609","2138794734","0.377778"
"2138794734","2128402609","0.377778"
"2128402609","2170702660","0.0666667"
"2170702660","2128402609","0.0666667"
"2138794734","2146726084","0.230409"
"2146726084","2138794734","0.230409"
"2138794734","2163453947","0.430409"
"2163453947","2138794734","0.430409"
"2138794734","2170702660","0.0666667"
"2170702660","2138794734","0.0666667"
"2146726084","2170702660","0.316667"
"2170702660","2146726084","0.316667"
"2163453947","2170702660","0.733333"
"2170702660","2163453947","0.733333"
"1917769239","2032528887","0.780409"
"2032528887","1917769239","0.780409"
"1917769239","2099677419","0.64152"
"2099677419","1917769239","0.64152"
"1504392687","2133457275","0.0833333"
"2133457275","1504392687","0.0833333"
"1504392687","2167912857","0.0833333"
"2167912857","1504392687","0.0833333"
"187375510","2132551362","2.63596"
"2132551362","187375510","2.63596"
"187375510","2133457275","0.135965"
"2133457275","187375510","0.135965"
"187375510","2167912857","0.469298"
"2167912857","187375510","0.469298"
"1917769239","1981606407","0.335965"
"1981606407","1917769239","0.335965"
"1917769239","2132551362","1.28041"
"2132551362","1917769239","1.28041"
"1917769239","2133457275","0.135965"
"2133457275","1917769239","0.135965"
"1917769239","2167912857","0.135965"
"2167912857","1917769239","0.135965"
"1981606407","2132551362","0.135965"
"2132551362","1981606407","0.135965"
"1981606407","2133457275","0.135965"
"2133457275","1981606407","0.135965"
"1981606407","2167912857","0.135965"
"2167912857","1981606407","0.135965"
"2040374677","2133457275","0.0833333"
"2133457275","2040374677","0.0833333"
"2040374677","2167912857","0.416667"
"2167912857","2040374677","0.416667"
"2119611959","2132551362","0.416667"
"2132551362","2119611959","0.416667"
"2119611959","2133457275","0.0833333"
"2133457275","2119611959","0.0833333"
"2119611959","2167912857","0.0833333"
"2167912857","2119611959","0.0833333"
"2126194147","2132551362","2.94708"
"2132551362","2126194147","2.94708"
"2126194147","2133457275","0.135965"
"2133457275","2126194147","0.135965"
"2126194147","2167912857","0.135965"
"2167912857","2126194147","0.135965"
"2128402609","2132551362","0.0833333"
"2132551362","2128402609","0.0833333"
"2128402609","2133457275","3.08333"
"2133457275","2128402609","3.08333"
"2128402609","2167912857","0.0833333"
"2167912857","2128402609","0.0833333"
"2132551362","2133457275","0.135965"
"2133457275","2132551362","0.135965"
"2132551362","2146726084","1.78041"
"2146726084","2132551362","1.78041"
"2132551362","2163453947","0.135965"
"2163453947","2132551362","0.135965"
"2132551362","2167912857","0.469298"
"2167912857","2132551362","0.469298"
"2133457275","2146726084","0.135965"
"2146726084","2133457275","0.135965"
"2133457275","2163453947","0.135965"
"2163453947","2133457275","0.135965"
"2133457275","2167912857","0.135965"
"2167912857","2133457275","0.135965"
"2146726084","2167912857","0.135965"
"2167912857","2146726084","0.135965"
"2163453947","2167912857","0.135965"
"2167912857","2163453947","0.135965"
"1504392687","2093113341","0.277778"
"2093113341","1504392687","0.277778"
"1917769239","2093113341","0.111111"
"2093113341","1917769239","0.111111"
"2032528887","2093113341","0.111111"
"2093113341","2032528887","0.111111"
"2040374677","2093113341","0.111111"
"2093113341","2040374677","0.111111"
"2093113341","2099677419","0.277778"
"2099677419","2093113341","0.277778"
"2093113341","2113836856","0.277778"
"2113836856","2093113341","0.277778"
"2093113341","2126194147","0.277778"
"2126194147","2093113341","0.277778"
"2093113341","2132551362","0.277778"
"2132551362","2093113341","0.277778"
"2093113341","2146726084","0.277778"
"2146726084","2093113341","0.277778"
"2099677419","2113836856","0.277778"
"2113836856","2099677419","0.277778"
"2099677419","2132551362","1.03041"
"2132551362","2099677419","1.03041"
"1524214323","2079372196","0.642857"
"2079372196","1524214323","0.642857"
"1524214323","2136530502","3.02287"
"2136530502","1524214323","3.02287"
"2079372196","2136530502","0.892857"
"2136530502","2079372196","0.892857"
"1524214323","1897294521","1.16071"
"1897294521","1524214323","1.16071"
"1524214323","2950422288","0.958333"
"2950422288","1524214323","0.958333"
"1524214323","2962857816","1.16071"
"2962857816","1524214323","1.16071"
"1897294521","2950422288","0.708333"
"2950422288","1897294521","0.708333"
"1897294521","2962857816","15.8274"
"2962857816","1897294521","15.8274"
"2950422288","2962857816","0.708333"
"2962857816","2950422288","0.708333"
"1524214323","1972198386","0.3"
"1972198386","1524214323","0.3"
"1524214323","2126194147","0.252632"
"2126194147","1524214323","0.252632"
"1524214323","2128402609","0.2"
"2128402609","1524214323","0.2"
"1524214323","2138794734","0.352632"
"2138794734","1524214323","0.352632"
"1524214323","2163453947","0.252632"
"2163453947","1524214323","0.252632"
"1972198386","2138794734","0.3"
"2138794734","1972198386","0.3"
"1524214323","2076520477","0.666667"
"2076520477","1524214323","0.666667"
"1524214323","2082867342","0.666667"
"2082867342","1524214323","0.666667"
"1524214323","2105819430","2.07049"
"2105819430","1524214323","2.07049"
"1897294521","2076520477","0.833333"
"2076520477","1897294521","0.833333"
"1897294521","2082867342","0.416667"
"2082867342","1897294521","0.416667"
"1897294521","2105819430","0.434524"
"2105819430","1897294521","0.434524"
"1897294521","2136530502","1.32738"
"2136530502","1897294521","1.32738"
"2076520477","2082867342","17.9"
"2082867342","2076520477","17.9"
"2076520477","2105819430","1.41667"
"2105819430","2076520477","1.41667"
"2076520477","2136530502","0.333333"
"2136530502","2076520477","0.333333"
"2076520477","2962857816","0.833333"
"2962857816","2076520477","0.833333"
"2082867342","2105819430","0.416667"
"2105819430","2082867342","0.416667"
"2082867342","2136530502","0.166667"
"2136530502","2082867342","0.166667"
"2082867342","2962857816","0.416667"
"2962857816","2082867342","0.416667"
"2105819430","2136530502","0.987155"
"2136530502","2105819430","0.987155"
"2105819430","2962857816","0.434524"
"2962857816","2105819430","0.434524"
"2136530502","2962857816","2.82738"
"2962857816","2136530502","2.82738"
"1524214323","187375510","0.552632"
"187375510","1524214323","0.552632"
"1524214323","1917769239","0.219298"
"1917769239","1524214323","0.219298"
"1524214323","1981606407","0.385965"
"1981606407","1524214323","0.385965"
"1524214323","2032528887","0.152632"
"2032528887","1524214323","0.152632"
"1524214323","2097205481","0.152632"
"2097205481","1524214323","0.152632"
"1524214323","2099677419","0.0526316"
"2099677419","1524214323","0.0526316"
"1524214323","2115706760","0.319298"
"2115706760","1524214323","0.319298"
"1524214323","2116295041","0.152632"
"2116295041","1524214323","0.152632"
"1524214323","2117658379","0.545489"
"2117658379","1524214323","0.545489"
"1524214323","2124032559","0.319298"
"2124032559","1524214323","0.319298"
"1524214323","2132551362","0.219298"
"2132551362","1524214323","0.219298"
"1524214323","2133457275","0.0526316"
"2133457275","1524214323","0.0526316"
"1524214323","2146726084","0.0526316"
"2146726084","1524214323","0.0526316"
"1524214323","2167912857","0.195489"
"2167912857","1524214323","0.195489"
"187375510","2115706760","0.219298"
"2115706760","187375510","0.219298"
"187375510","2116295041","0.0526316"
"2116295041","187375510","0.0526316"
"187375510","2117658379","0.0526316"
"2117658379","187375510","0.0526316"
"187375510","2124032559","0.219298"
"2124032559","187375510","0.219298"
"187375510","2136530502","0.0526316"
"2136530502","187375510","0.0526316"
"1917769239","2097205481","0.552632"
"2097205481","1917769239","0.552632"
"1917769239","2105819430","0.163743"
"2105819430","1917769239","0.163743"
"1917769239","2115706760","0.219298"
"2115706760","1917769239","0.219298"
"1917769239","2116295041","0.0526316"
"2116295041","1917769239","0.0526316"
"1917769239","2117658379","0.0526316"
"2117658379","1917769239","0.0526316"
"1917769239","2124032559","0.219298"
"2124032559","1917769239","0.219298"
"1917769239","2136530502","0.0526316"
"2136530502","1917769239","0.0526316"
"1917769239","2138794734","0.163743"
"2138794734","1917769239","0.163743"
"1981606407","2115706760","0.0526316"
"2115706760","1981606407","0.0526316"
"1981606407","2116295041","0.0526316"
"2116295041","1981606407","0.0526316"
"1981606407","2117658379","0.0526316"
"2117658379","1981606407","0.0526316"
"1981606407","2124032559","0.0526316"
"2124032559","1981606407","0.0526316"
"1981606407","2136530502","0.0526316"
"2136530502","1981606407","0.0526316"
"2032528887","2115706760","0.152632"
"2115706760","2032528887","0.152632"
"2032528887","2116295041","0.152632"
"2116295041","2032528887","0.152632"
"2032528887","2117658379","0.152632"
"2117658379","2032528887","0.152632"
"2032528887","2124032559","0.152632"
"2124032559","2032528887","0.152632"
"2032528887","2133457275","0.0526316"
"2133457275","2032528887","0.0526316"
"2032528887","2136530502","0.0526316"
"2136530502","2032528887","0.0526316"
"2032528887","2167912857","0.0526316"
"2167912857","2032528887","0.0526316"
"2097205481","2115706760","0.152632"
"2115706760","2097205481","0.152632"
"2097205481","2116295041","0.152632"
"2116295041","2097205481","0.152632"
"2097205481","2117658379","0.152632"
"2117658379","2097205481","0.152632"
"2097205481","2124032559","0.152632"
"2124032559","2097205481","0.152632"
"2097205481","2132551362","0.0526316"
"2132551362","2097205481","0.0526316"
"2097205481","2133457275","0.0526316"
"2133457275","2097205481","0.0526316"
"2097205481","2136530502","0.0526316"
"2136530502","2097205481","0.0526316"
"2097205481","2167912857","0.0526316"
"2167912857","2097205481","0.0526316"
"2099677419","2115706760","0.0526316"
"2115706760","2099677419","0.0526316"
"2099677419","2116295041","0.0526316"
"2116295041","2099677419","0.0526316"
"2099677419","2117658379","0.0526316"
"2117658379","2099677419","0.0526316"
"2099677419","2124032559","0.0526316"
"2124032559","2099677419","0.0526316"
"2099677419","2133457275","0.552632"
"2133457275","2099677419","0.552632"
"2099677419","2136530502","0.0526316"
"2136530502","2099677419","0.0526316"
"2099677419","2167912857","1.05263"
"2167912857","2099677419","1.05263"
"2105819430","2115706760","0.0526316"
"2115706760","2105819430","0.0526316"
"2105819430","2116295041","0.0526316"
"2116295041","2105819430","0.0526316"
"2105819430","2117658379","0.0526316"
"2117658379","2105819430","0.0526316"
"2105819430","2124032559","0.0526316"
"2124032559","2105819430","0.0526316"
"2105819430","2132551362","0.0526316"
"2132551362","2105819430","0.0526316"
"2105819430","2133457275","0.552632"
"2133457275","2105819430","0.552632"
"2105819430","2167912857","0.0526316"
"2167912857","2105819430","0.0526316"
"2115706760","2116295041","3.23597"
"2116295041","2115706760","3.23597"
"2115706760","2117658379","1.23596"
"2117658379","2115706760","1.23596"
"2115706760","2124032559","14.0693"
"2124032559","2115706760","14.0693"
"2115706760","2126194147","0.385965"
"2126194147","2115706760","0.385965"
"2115706760","2132551362","0.219298"
"2132551362","2115706760","0.219298"
"2115706760","2133457275","0.0526316"
"2133457275","2115706760","0.0526316"
"2115706760","2136530502","2.13596"
"2136530502","2115706760","2.13596"
"2115706760","2138794734","0.152632"
"2138794734","2115706760","0.152632"
"2115706760","2146726084","0.0526316"
"2146726084","2115706760","0.0526316"
"2115706760","2163453947","0.0526316"
"2163453947","2115706760","0.0526316"
"2115706760","2167912857","0.0526316"
"2167912857","2115706760","0.0526316"
"2116295041","2117658379","3.0693"
"2117658379","2116295041","3.0693"
"2116295041","2124032559","4.23596"
"2124032559","2116295041","4.23596"
"2116295041","2126194147","0.0526316"
"2126194147","2116295041","0.0526316"
"2116295041","2132551362","0.0526316"
"2132551362","2116295041","0.0526316"
"2116295041","2133457275","0.0526316"
"2133457275","2116295041","0.0526316"
"2116295041","2136530502","4.30263"
"2136530502","2116295041","4.30263"
"2116295041","2138794734","0.152632"
"2138794734","2116295041","0.152632"
"2116295041","2146726084","0.0526316"
"2146726084","2116295041","0.0526316"
"2116295041","2163453947","0.0526316"
"2163453947","2116295041","0.0526316"
"2116295041","2167912857","0.0526316"
"2167912857","2116295041","0.0526316"
"2117658379","2124032559","1.23596"
"2124032559","2117658379","1.23596"
"2117658379","2126194147","0.0526316"
"2126194147","2117658379","0.0526316"
"2117658379","2132551362","0.0526316"
"2132551362","2117658379","0.0526316"
"2117658379","2133457275","0.0526316"
"2133457275","2117658379","0.0526316"
"2117658379","2136530502","5.36216"
"2136530502","2117658379","5.36216"
"2117658379","2138794734","0.152632"
"2138794734","2117658379","0.152632"
"2117658379","2146726084","0.0526316"
"2146726084","2117658379","0.0526316"
"2117658379","2163453947","0.0526316"
"2163453947","2117658379","0.0526316"
"2117658379","2167912857","0.0526316"
"2167912857","2117658379","0.0526316"
"2124032559","2126194147","0.385965"
"2126194147","2124032559","0.385965"
"2124032559","2132551362","0.219298"
"2132551362","2124032559","0.219298"
"2124032559","2133457275","0.0526316"
"2133457275","2124032559","0.0526316"
"2124032559","2136530502","2.13596"
"2136530502","2124032559","2.13596"
"2124032559","2138794734","0.152632"
"2138794734","2124032559","0.152632"
"2124032559","2146726084","0.0526316"
"2146726084","2124032559","0.0526316"
"2124032559","2163453947","0.0526316"
"2163453947","2124032559","0.0526316"
"2124032559","2167912857","0.0526316"
"2167912857","2124032559","0.0526316"
"2126194147","2136530502","0.0526316"
"2136530502","2126194147","0.0526316"
"2132551362","2136530502","0.0526316"
"2136530502","2132551362","0.0526316"
"2132551362","2138794734","0.0526316"
"2138794734","2132551362","0.0526316"
"2133457275","2136530502","0.0526316"
"2136530502","2133457275","0.0526316"
"2133457275","2138794734","0.0526316"
"2138794734","2133457275","0.0526316"
"2136530502","2138794734","0.0526316"
"2138794734","2136530502","0.0526316"
"2136530502","2146726084","0.0526316"
"2146726084","2136530502","0.0526316"
"2136530502","2163453947","0.0526316"
"2163453947","2136530502","0.0526316"
"2136530502","2167912857","0.195489"
"2167912857","2136530502","0.195489"
"2138794734","2167912857","0.0526316"
"2167912857","2138794734","0.0526316"
"1524214323","2074678732","0.410714"
"2074678732","1524214323","0.410714"
"1524214323","2096454106","0.267857"
"2096454106","1524214323","0.267857"
"1524214323","2269738476","0.267857"
"2269738476","1524214323","0.267857"
"1897294521","2074678732","0.744048"
"2074678732","1897294521","0.744048"
"1897294521","2096454106","0.85119"
"2096454106","1897294521","0.85119"
"1897294521","2269738476","0.434524"
"2269738476","1897294521","0.434524"
"2074678732","2096454106","0.60119"
"2096454106","2074678732","0.60119"
"2074678732","2105819430","0.267857"
"2105819430","2074678732","0.267857"
"2074678732","2136530502","1.07738"
"2136530502","2074678732","1.07738"
"2074678732","2269738476","0.934524"
"2269738476","2074678732","0.934524"
"2074678732","2950422288","0.125"
"2950422288","2074678732","0.125"
"2074678732","2962857816","1.24405"
"2962857816","2074678732","1.24405"
"2096454106","2105819430","0.267857"
"2105819430","2096454106","0.267857"
"2096454106","2136530502","0.434524"
"2136530502","2096454106","0.434524"
"2096454106","2269738476","0.434524"
"2269738476","2096454106","0.434524"
"2096454106","2950422288","0.375"
"2950422288","2096454106","0.375"
"2096454106","2962857816","0.85119"
"2962857816","2096454106","0.85119"
"2105819430","2269738476","0.267857"
"2269738476","2105819430","0.267857"
"2105819430","2950422288","0.625"
"2950422288","2105819430","0.625"
"2136530502","2269738476","1.35119"
"2269738476","2136530502","1.35119"
"2136530502","2950422288","0.125"
"2950422288","2136530502","0.125"
"2269738476","2950422288","0.125"
"2950422288","2269738476","0.125"
"2269738476","2962857816","0.934524"
"2962857816","2269738476","0.934524"
"1524214323","1984477806","0.142857"
"1984477806","1524214323","0.142857"
"1897294521","1984477806","0.142857"
"1984477806","1897294521","0.142857"
"1897294521","2079372196","0.142857"
"2079372196","1897294521","0.142857"
"1897294521","2167912857","0.142857"
"2167912857","1897294521","0.142857"
"1984477806","2074678732","0.142857"
"2074678732","1984477806","0.142857"
"1984477806","2079372196","0.142857"
"2079372196","1984477806","0.142857"
"1984477806","2136530502","1.47619"
"2136530502","1984477806","1.47619"
"1984477806","2167912857","0.142857"
"2167912857","1984477806","0.142857"
"1984477806","2962857816","0.142857"
"2962857816","1984477806","0.142857"
"2074678732","2079372196","0.142857"
"2079372196","2074678732","0.142857"
"2074678732","2167912857","0.142857"
"2167912857","2074678732","0.142857"
"2079372196","2167912857","0.142857"
"2167912857","2079372196","0.142857"
"2079372196","2962857816","0.142857"
"2962857816","2079372196","0.142857"
"2167912857","2962857816","0.142857"
"2962857816","2167912857","0.142857"
"1524214323","1972478885","0.142857"
"1972478885","1524214323","0.142857"
"1524214323","2093113341","0.142857"
"2093113341","1524214323","0.142857"
"1524214323","2110601338","0.142857"
"2110601338","1524214323","0.142857"
"1524214323","2117614450","0.142857"
"2117614450","1524214323","0.142857"
"1524214323","2126591472","0.142857"
"2126591472","1524214323","0.142857"
"1972478885","2093113341","0.142857"
"2093113341","1972478885","0.142857"
"1972478885","2110601338","0.142857"
"2110601338","1972478885","0.142857"
"1972478885","2117614450","0.142857"
"2117614450","1972478885","0.142857"
"1972478885","2117658379","0.142857"
"2117658379","1972478885","0.142857"
"1972478885","2126591472","0.142857"
"2126591472","1972478885","0.142857"
"1972478885","2136530502","0.142857"
"2136530502","1972478885","0.142857"
"2093113341","2110601338","0.142857"
"2110601338","2093113341","0.142857"
"2093113341","2117614450","0.142857"
"2117614450","2093113341","0.142857"
"2093113341","2117658379","0.142857"
"2117658379","2093113341","0.142857"
"2093113341","2126591472","0.142857"
"2126591472","2093113341","0.142857"
"2093113341","2136530502","0.142857"
"2136530502","2093113341","0.142857"
"2110601338","2117614450","0.142857"
"2117614450","2110601338","0.142857"
"2110601338","2117658379","0.142857"
"2117658379","2110601338","0.142857"
"2110601338","2126591472","1.14286"
"2126591472","2110601338","1.14286"
"2110601338","2136530502","0.47619"
"2136530502","2110601338","0.47619"
"2117614450","2117658379","0.142857"
"2117658379","2117614450","0.142857"
"2117614450","2126591472","0.142857"
"2126591472","2117614450","0.142857"
"2117614450","2136530502","3.64286"
"2136530502","2117614450","3.64286"
"2117658379","2126591472","0.142857"
"2126591472","2117658379","0.142857"
"2126591472","2136530502","0.142857"
"2136530502","2126591472","0.142857"
"1524214323","2170702660","0.166667"
"2170702660","1524214323","0.166667"
"1917769239","2170702660","0.416667"
"2170702660","1917769239","0.416667"
"2115706760","2170702660","0.5"
"2170702660","2115706760","0.5"
"2124032559","2170702660","0.5"
"2170702660","2124032559","0.5"
"2132551362","2170702660","0.166667"
"2170702660","2132551362","0.166667"
"1524214323","1537369822","0.1"
"1537369822","1524214323","0.1"
"1524214323","2294859229","0.35"
"2294859229","1524214323","0.35"
"1537369822","2032528887","0.1"
"2032528887","1537369822","0.1"
"1537369822","2097205481","0.1"
"2097205481","1537369822","0.1"
"1537369822","2115706760","0.1"
"2115706760","1537369822","0.1"
"1537369822","2116295041","0.1"
"2116295041","1537369822","0.1"
"1537369822","2117658379","0.1"
"2117658379","1537369822","0.1"
"1537369822","2124032559","0.1"
"2124032559","1537369822","0.1"
"1537369822","2138794734","0.1"
"2138794734","1537369822","0.1"
"1537369822","2294859229","0.1"
"2294859229","1537369822","0.1"
"1972198386","2032528887","0.1"
"2032528887","1972198386","0.1"
"1972198386","2097205481","0.1"
"2097205481","1972198386","0.1"
"1972198386","2115706760","0.1"
"2115706760","1972198386","0.1"
"1972198386","2116295041","0.1"
"2116295041","1972198386","0.1"
"1972198386","2117658379","0.1"
"2117658379","1972198386","0.1"
"1972198386","2124032559","0.1"
"2124032559","1972198386","0.1"
"1972198386","2294859229","0.1"
"2294859229","1972198386","0.1"
"2032528887","2294859229","0.1"
"2294859229","2032528887","0.1"
"2097205481","2294859229","0.1"
"2294859229","2097205481","0.1"
"2115706760","2294859229","0.1"
"2294859229","2115706760","0.1"
"2116295041","2294859229","0.1"
"2294859229","2116295041","0.1"
"2117658379","2294859229","1.1"
"2294859229","2117658379","1.1"
"2124032559","2294859229","0.1"
"2294859229","2124032559","0.1"
"2138794734","2294859229","0.1"
"2294859229","2138794734","0.1"
"1897294521","2117658379","0.25"
"2117658379","1897294521","0.25"
"2117658379","2962857816","0.25"
"2962857816","2117658379","0.25"
"1524214323","2040374677","0.25"
"2040374677","1524214323","0.25"
"1524214323","2153279985","0.25"
"2153279985","1524214323","0.25"
"2040374677","2153279985","0.25"
"2153279985","2040374677","0.25"
"2040374677","2294859229","0.25"
"2294859229","2040374677","0.25"
"2105819430","2153279985","0.25"
"2153279985","2105819430","0.25"
"2105819430","2294859229","0.25"
"2294859229","2105819430","0.25"
"2153279985","2294859229","0.25"
"2294859229","2153279985","0.25"
"1527733826","2130458925","0.5"
"2130458925","1527733826","0.5"
"1527733826","2172028276","0.833333"
"2172028276","1527733826","0.833333"
"2130458925","2172028276","1.83333"
"2172028276","2130458925","1.83333"
"1527733826","1739920298","1.33333"
"1739920298","1527733826","1.33333"
"1527733826","2153531297","0.333333"
"2153531297","1527733826","0.333333"
"1739920298","2153531297","0.333333"
"2153531297","1739920298","0.333333"
"1739920298","2172028276","0.333333"
"2172028276","1739920298","0.333333"
"2153531297","2172028276","0.333333"
"2172028276","2153531297","0.333333"
"1527733826","1812691494","1"
"1812691494","1527733826","1"
"152920516","2163150150","0.5"
"2163150150","152920516","0.5"
"2124344851","2163150150","0.5"
"2163150150","2124344851","0.5"
"2040374677","2156210689","2"
"2156210689","2040374677","2"
"2113836856","2156210689","0.95"
"2156210689","2113836856","0.95"
"2156210689","2163453947","0.25"
"2163453947","2156210689","0.25"
"1537369822","1574047340","0.2"
"1574047340","1537369822","0.2"
"1537369822","2054282408","0.2"
"2054282408","1537369822","0.2"
"1574047340","1972198386","0.2"
"1972198386","1574047340","0.2"
"1574047340","2054282408","0.2"
"2054282408","1574047340","0.2"
"1574047340","2113836856","0.2"
"2113836856","1574047340","0.2"
"1574047340","2156210689","0.2"
"2156210689","1574047340","0.2"
"1972198386","2054282408","0.2"
"2054282408","1972198386","0.2"
"2054282408","2113836856","0.2"
"2113836856","2054282408","0.2"
"2054282408","2156210689","2.2"
"2156210689","2054282408","2.2"
"1537369822","2535168187","0.25"
"2535168187","1537369822","0.25"
"1537369822","2923968079","0.25"
"2923968079","1537369822","0.25"
"1972198386","2535168187","0.25"
"2535168187","1972198386","0.25"
"1972198386","2923968079","0.25"
"2923968079","1972198386","0.25"
"2156210689","2535168187","0.25"
"2535168187","2156210689","0.25"
"2156210689","2923968079","0.25"
"2923968079","2156210689","0.25"
"2535168187","2923968079","12.75"
"2923968079","2535168187","12.75"
"1565971213","1999563429","10.1667"
"1999563429","1565971213","10.1667"
"1565971213","2953102298","0.5"
"2953102298","1565971213","0.5"
"1999563429","2953102298","0.5"
"2953102298","1999563429","0.5"
"1565971213","2260244612","1"
"2260244612","1565971213","1"
"1999563429","2260244612","2"
"2260244612","1999563429","2"
"1565971213","2076520477","0.333333"
"2076520477","1565971213","0.333333"
"1565971213","2082867342","0.333333"
"2082867342","1565971213","0.333333"
"1999563429","2076520477","0.333333"
"2076520477","1999563429","0.333333"
"1999563429","2082867342","0.333333"
