"1483848537","2066898552","1"
"2066898552","1483848537","1"
"1623582828","2102108412","6.33333"
"2102108412","1623582828","6.33333"
"1623582828","1680622244","0.333333"
"1680622244","1623582828","0.333333"
"1623582828","2203943430","0.333333"
"2203943430","1623582828","0.333333"
"1680622244","2102108412","0.924242"
"2102108412","1680622244","0.924242"
"1680622244","2203943430","0.333333"
"2203943430","1680622244","0.333333"
"2102108412","2203943430","0.333333"
"2203943430","2102108412","0.333333"
"1629127207","1985555012","3.67619"
"1985555012","1629127207","3.67619"
"1629127207","1720938331","0.47619"
"1720938331","1629127207","0.47619"
"1629127207","2128685334","0.333333"
"2128685334","1629127207","0.333333"
"1720938331","1985555012","0.5671"
"1985555012","1720938331","0.5671"
"1720938331","2128685334","0.333333"
"2128685334","1720938331","0.333333"
"1985555012","2128685334","0.333333"
"2128685334","1985555012","0.333333"
"1629127207","1665251725","0.142857"
"1665251725","1629127207","0.142857"
"1629127207","2096305539","0.142857"
"2096305539","1629127207","0.142857"
"1629127207","2109659134","0.142857"
"2109659134","1629127207","0.142857"
"1629127207","2162883116","0.142857"
"2162883116","1629127207","0.142857"
"1629127207","2184016019","0.142857"
"2184016019","1629127207","0.142857"
"1665251725","1720938331","0.142857"
"1720938331","1665251725","0.142857"
"1665251725","1985555012","0.142857"
"1985555012","1665251725","0.142857"
"1665251725","2096305539","0.142857"
"2096305539","1665251725","0.142857"
"1665251725","2109659134","0.142857"
"2109659134","1665251725","0.142857"
"1665251725","2162883116","0.142857"
"2162883116","1665251725","0.142857"
"1665251725","2184016019","0.142857"
"2184016019","1665251725","0.142857"
"1720938331","2096305539","1.23377"
"2096305539","1720938331","1.23377"
"1720938331","2109659134","0.233766"
"2109659134","1720938331","0.233766"
"1720938331","2162883116","0.142857"
"2162883116","1720938331","0.142857"
"1720938331","2184016019","1.23377"
"2184016019","1720938331","1.23377"
"1985555012","2096305539","0.233766"
"2096305539","1985555012","0.233766"
"1985555012","2109659134","0.233766"
"2109659134","1985555012","0.233766"
"1985555012","2162883116","0.47619"
"2162883116","1985555012","0.47619"
"1985555012","2184016019","0.233766"
"2184016019","1985555012","0.233766"
"2096305539","2109659134","0.233766"
"2109659134","2096305539","0.233766"
"2096305539","2162883116","0.142857"
"2162883116","2096305539","0.142857"
"2096305539","2184016019","3.88853"
"2184016019","2096305539","3.88853"
"2109659134","2162883116","0.142857"
"2162883116","2109659134","0.142857"
"2109659134","2184016019","0.233766"
"2184016019","2109659134","0.233766"
"2162883116","2184016019","0.142857"
"2184016019","2162883116","0.142857"
"1629127207","1652513307","0.2"
"1652513307","1629127207","0.2"
"1629127207","2131895660","0.2"
"2131895660","1629127207","0.2"
"1629127207","2153207266","0.2"
"2153207266","1629127207","0.2"
"1629127207","2163349176","0.2"
"2163349176","1629127207","0.2"
"1652513307","1985555012","3.4"
"1985555012","1652513307","3.4"
"1652513307","2131895660","0.2"
"2131895660","1652513307","0.2"
"1652513307","2153207266","0.2"
"2153207266","1652513307","0.2"
"1652513307","2163349176","0.4"
"2163349176","1652513307","0.4"
"1985555012","2131895660","0.2"
"2131895660","1985555012","0.2"
"1985555012","2153207266","1.2"
"2153207266","1985555012","1.2"
"1985555012","2163349176","1.73333"
"2163349176","1985555012","1.73333"
"2131895660","2153207266","0.2"
"2153207266","2131895660","0.2"
"2131895660","2163349176","0.2"
"2163349176","2131895660","0.2"
"2153207266","2163349176","0.2"
"2163349176","2153207266","0.2"
"1634446917","2045240677","0.2"
"2045240677","1634446917","0.2"
"1634446917","2096389192","0.2"
"2096389192","1634446917","0.2"
"1634446917","2109659134","0.2"
"2109659134","1634446917","0.2"
"1634446917","2138342168","0.271429"
"2138342168","1634446917","0.271429"
"1634446917","2170604454","0.2"
"2170604454","1634446917","0.2"
"2045240677","2096389192","0.7"
"2096389192","2045240677","0.7"
"2045240677","2109659134","0.2"
"2109659134","2045240677","0.2"
"2045240677","2138342168","0.2"
"2138342168","2045240677","0.2"
"2045240677","2170604454","1.14444"
"2170604454","2045240677","1.14444"
"2096389192","2109659134","0.2"
"2109659134","2096389192","0.2"
"2096389192","2138342168","0.2"
"2138342168","2096389192","0.2"
"2096389192","2170604454","0.2"
"2170604454","2096389192","0.2"
"2109659134","2138342168","0.2"
"2138342168","2109659134","0.2"
"2109659134","2170604454","0.2"
"2170604454","2109659134","0.2"
"2138342168","2170604454","0.2"
"2170604454","2138342168","0.2"
"1634446917","2020421747","1.85476"
"2020421747","1634446917","1.85476"
"1634446917","2163349176","1.85476"
"2163349176","1634446917","1.85476"
"2020421747","2163349176","4.85476"
"2163349176","2020421747","4.85476"
"1634446917","1652513307","0.2"
"1652513307","1634446917","0.2"
"1634446917","1680622244","0.854762"
"1680622244","1634446917","0.854762"
"1634446917","1985555012","0.2"
"1985555012","1634446917","0.2"
"1652513307","1680622244","0.2"
"1680622244","1652513307","0.2"
"1652513307","2020421747","0.2"
"2020421747","1652513307","0.2"
"1680622244","1985555012","0.290909"
"1985555012","1680622244","0.290909"
"1680622244","2020421747","0.854762"
"2020421747","1680622244","0.854762"
"1680622244","2163349176","0.854762"
"2163349176","1680622244","0.854762"
"1985555012","2020421747","0.2"
"2020421747","1985555012","0.2"
"1634446917","2139581666","0.25"
"2139581666","1634446917","0.25"
"1680622244","2139581666","0.340909"
"2139581666","1680622244","0.340909"
"2020421747","2139581666","1.25"
"2139581666","2020421747","1.25"
"2139581666","2163349176","0.25"
"2163349176","2139581666","0.25"
"1634446917","1673022957","0.0714286"
"1673022957","1634446917","0.0714286"
"1634446917","1720113624","0.0714286"
"1720113624","1634446917","0.0714286"
"1634446917","1776178462","0.0714286"
"1776178462","1634446917","0.0714286"
"1634446917","1997780235","0.0714286"
"1997780235","1634446917","0.0714286"
"1634446917","2066898552","0.0714286"
"2066898552","1634446917","0.0714286"
"1634446917","2096305539","0.0714286"
"2096305539","1634446917","0.0714286"
"1634446917","2134760563","0.0714286"
"2134760563","1634446917","0.0714286"
"1634446917","2184016019","0.0714286"
"2184016019","1634446917","0.0714286"
"1634446917","2244615982","0.0714286"
"2244615982","1634446917","0.0714286"
"1634446917","2660674426","0.0714286"
"2660674426","1634446917","0.0714286"
"1673022957","1680622244","0.398449"
"1680622244","1673022957","0.398449"
"1673022957","1720113624","0.543651"
"1720113624","1673022957","0.543651"
"1673022957","1776178462","1.57103"
"1776178462","1673022957","1.57103"
"1673022957","1997780235","1.39408"
"1997780235","1673022957","1.39408"
"1673022957","2020421747","0.0714286"
"2020421747","1673022957","0.0714286"
"1673022957","2066898552","1.60317"
"2066898552","1673022957","1.60317"
"1673022957","2096305539","0.162338"
"2096305539","1673022957","0.162338"
"1673022957","2134760563","4.07103"
"2134760563","1673022957","4.07103"
"1673022957","2138342168","1.44603"
"2138342168","1673022957","1.44603"
"1673022957","2163349176","0.0714286"
"2163349176","1673022957","0.0714286"
"1673022957","2184016019","0.162338"
"2184016019","1673022957","0.162338"
"1673022957","2244615982","0.936508"
"2244615982","1673022957","0.936508"
"1673022957","2660674426","1.30317"
"2660674426","1673022957","1.30317"
"1680622244","1720113624","0.58254"
"1720113624","1680622244","0.58254"
"1680622244","1776178462","0.90754"
"1776178462","1680622244","0.90754"
"1680622244","1997780235","0.998449"
"1997780235","1680622244","0.998449"
"1680622244","2066898552","1.30754"
"2066898552","1680622244","1.30754"
"1680622244","2096305539","0.162338"
"2096305539","1680622244","0.162338"
"1680622244","2134760563","0.30754"
"2134760563","1680622244","0.30754"
"1680622244","2138342168","0.90754"
"2138342168","1680622244","0.90754"
"1680622244","2184016019","0.162338"
"2184016019","1680622244","0.162338"
"1680622244","2244615982","0.50754"
"2244615982","1680622244","0.50754"
"1680622244","2660674426","0.90754"
"2660674426","1680622244","0.90754"
"1720113624","1776178462","2.42698"
"1776178462","1720113624","2.42698"
"1720113624","1997780235","3.17698"
"1997780235","1720113624","3.17698"
"1720113624","2020421747","0.0714286"
"2020421747","1720113624","0.0714286"
"1720113624","2066898552","0.993651"
"2066898552","1720113624","0.993651"
"1720113624","2096305539","0.321429"
"2096305539","1720113624","0.321429"
"1720113624","2134760563","0.743651"
"2134760563","1720113624","0.743651"
"1720113624","2138342168","1.71865"
"2138342168","1720113624","1.71865"
"1720113624","2163349176","0.0714286"
"2163349176","1720113624","0.0714286"
"1720113624","2184016019","0.321429"
"2184016019","1720113624","0.321429"
"1720113624","2244615982","0.418651"
"2244615982","1720113624","0.418651"
"1720113624","2660674426","3.17698"
"2660674426","1720113624","3.17698"
"1776178462","1997780235","8.46984"
"1997780235","1776178462","8.46984"
"1776178462","2020421747","0.0714286"
"2020421747","1776178462","0.0714286"
"1776178462","2066898552","2.96984"
"2066898552","1776178462","2.96984"
"1776178462","2096305539","0.0714286"
"2096305539","1776178462","0.0714286"
"1776178462","2134760563","2.27103"
"2134760563","1776178462","2.27103"
"1776178462","2138342168","17.0294"
"2138342168","1776178462","17.0294"
"1776178462","2163349176","0.0714286"
"2163349176","1776178462","0.0714286"
"1776178462","2184016019","1.07143"
"2184016019","1776178462","1.07143"
"1776178462","2244615982","1.63651"
"2244615982","1776178462","1.63651"
"1776178462","2660674426","6.13651"
"2660674426","1776178462","6.13651"
"1997780235","2020421747","0.0714286"
"2020421747","1997780235","0.0714286"
"1997780235","2066898552","1.86865"
"2066898552","1997780235","1.86865"
"1997780235","2096305539","0.412338"
"2096305539","1997780235","0.412338"
"1997780235","2134760563","1.50317"
"2134760563","1997780235","1.50317"
"1997780235","2138342168","11.7615"
"2138342168","1997780235","11.7615"
"1997780235","2163349176","0.0714286"
"2163349176","1997780235","0.0714286"
"1997780235","2184016019","0.412338"
"2184016019","1997780235","0.412338"
"1997780235","2244615982","1.36865"
"2244615982","1997780235","1.36865"
"1997780235","2660674426","9.88651"
"2660674426","1997780235","9.88651"
"2020421747","2066898552","0.0714286"
"2066898552","2020421747","0.0714286"
"2020421747","2096305539","0.0714286"
"2096305539","2020421747","0.0714286"
"2020421747","2134760563","0.0714286"
"2134760563","2020421747","0.0714286"
"2020421747","2138342168","0.0714286"
"2138342168","2020421747","0.0714286"
"2020421747","2184016019","0.0714286"
"2184016019","2020421747","0.0714286"
"2020421747","2244615982","0.0714286"
"2244615982","2020421747","0.0714286"
"2020421747","2660674426","0.0714286"
"2660674426","2020421747","0.0714286"
"2066898552","2096305539","0.0714286"
"2096305539","2066898552","0.0714286"
"2066898552","2134760563","2.60317"
"2134760563","2066898552","2.60317"
"2066898552","2138342168","3.59484"
"2138342168","2066898552","3.59484"
"2066898552","2163349176","0.0714286"
"2163349176","2066898552","0.0714286"
"2066898552","2184016019","0.0714286"
"2184016019","2066898552","0.0714286"
"2066898552","2244615982","1.14484"
"2244615982","2066898552","1.14484"
"2066898552","2660674426","1.53532"
"2660674426","2066898552","1.53532"
"2096305539","2134760563","0.0714286"
"2134760563","2096305539","0.0714286"
"2096305539","2138342168","0.0714286"
"2138342168","2096305539","0.0714286"
"2096305539","2163349176","0.0714286"
"2163349176","2096305539","0.0714286"
"2096305539","2244615982","0.0714286"
"2244615982","2096305539","0.0714286"
"2096305539","2660674426","0.321429"
"2660674426","2096305539","0.321429"
"2134760563","2138342168","1.64603"
"2138342168","2134760563","1.64603"
"2134760563","2163349176","0.0714286"
"2163349176","2134760563","0.0714286"
"2134760563","2184016019","0.0714286"
"2184016019","2134760563","0.0714286"
"2134760563","2244615982","0.936508"
"2244615982","2134760563","0.936508"
"2134760563","2660674426","1.50317"
"2660674426","2134760563","1.50317"
"2138342168","2163349176","0.0714286"
"2163349176","2138342168","0.0714286"
"2138342168","2184016019","0.0714286"
"2184016019","2138342168","0.0714286"
"2138342168","2244615982","2.01151"
"2244615982","2138342168","2.01151"
"2138342168","2660674426","5.92817"
"2660674426","2138342168","5.92817"
"2163349176","2184016019","0.0714286"
"2184016019","2163349176","0.0714286"
"2163349176","2244615982","0.0714286"
"2244615982","2163349176","0.0714286"
"2163349176","2660674426","0.0714286"
"2660674426","2163349176","0.0714286"
"2184016019","2244615982","0.0714286"
"2244615982","2184016019","0.0714286"
"2184016019","2660674426","0.321429"
"2660674426","2184016019","0.321429"
"2244615982","2660674426","0.868651"
"2660674426","2244615982","0.868651"
"1650422100","1946623268","23.75"
"1946623268","1650422100","23.75"
"1650422100","2102599914","0.5"
"2102599914","1650422100","0.5"
"1946623268","2102599914","0.5"
"2102599914","1946623268","0.5"
"1650422100","1803364018","0.25"
"1803364018","1650422100","0.25"
"1650422100","2116476516","0.25"
"2116476516","1650422100","0.25"
"1650422100","2130732235","0.25"
"2130732235","1650422100","0.25"
"1803364018","1946623268","1.25"
"1946623268","1803364018","1.25"
"1803364018","2116476516","5.75"
"2116476516","1803364018","5.75"
"1803364018","2130732235","0.75"
"2130732235","1803364018","0.75"
"1946623268","2116476516","0.25"
"2116476516","1946623268","0.25"
"1946623268","2130732235","0.25"
"2130732235","1946623268","0.25"
"2116476516","2130732235","0.75"
"2130732235","2116476516","0.75"
"1660214370","1703105297","2.55882"
"1703105297","1660214370","2.55882"
"1660214370","2116574886","1.44256"
"2116574886","1660214370","1.44256"
"1660214370","1730692002","0.934231"
"1730692002","1660214370","0.934231"
"1660214370","2104157166","1.43423"
"2104157166","1660214370","1.43423"
"1660214370","2138438505","0.365642"
"2138438505","1660214370","0.365642"
"1660214370","2144855985","0.25"
"2144855985","1660214370","0.25"
"1660214370","2163779789","0.550408"
"2163779789","1660214370","0.550408"
"1660214370","2166840159","0.417832"
"2166840159","1660214370","0.417832"
"1660214370","2249007213","0.734231"
"2249007213","1660214370","0.734231"
"1730692002","2104157166","1.21115"
"2104157166","1730692002","1.21115"
"1730692002","2116574886","0.662345"
"2116574886","1730692002","0.662345"
"1730692002","2138438505","0.785422"
"2138438505","1730692002","0.785422"
"1730692002","2144855985","0.25"
"2144855985","1730692002","0.25"
"1730692002","2163779789","4.12733"
"2163779789","1730692002","4.12733"
"1730692002","2166840159","0.917832"
"2166840159","1730692002","0.917832"
"1730692002","2249007213","1.01115"
"2249007213","1730692002","1.01115"
"2104157166","2116574886","1.47782"
"2116574886","2104157166","1.47782"
"2104157166","2138438505","1.43423"
"2138438505","2104157166","1.43423"
"2104157166","2144855985","0.916667"
"2144855985","2104157166","0.916667"
"2104157166","2163779789","0.627331"
"2163779789","2104157166","0.627331"
"2104157166","2166840159","0.542832"
"2166840159","2104157166","0.542832"
"2104157166","2249007213","1.13615"
"2249007213","2104157166","1.13615"
"2116574886","2138438505","1.71042"
"2138438505","2116574886","1.71042"
"2116574886","2144855985","0.708333"
"2144855985","2116574886","0.708333"
"2116574886","2163779789","0.460664"
"2163779789","2116574886","0.460664"
"2116574886","2166840159","0.417832"
"2166840159","2116574886","0.417832"
"2116574886","2249007213","0.644488"
"2249007213","2116574886","0.644488"
"2138438505","2144855985","0.569444"
"2144855985","2138438505","0.569444"
"2138438505","2163779789","0.383741"
"2163779789","2138438505","0.383741"
"2138438505","2166840159","0.340909"
"2166840159","2138438505","0.340909"
"2138438505","2249007213","0.767565"
"2249007213","2138438505","0.767565"
"2144855985","2163779789","0.125"
"2163779789","2144855985","0.125"
"2144855985","2166840159","0.25"
"2166840159","2144855985","0.25"
"2144855985","2249007213","0.25"
"2249007213","2144855985","0.25"
"2163779789","2166840159","0.792832"
"2166840159","2163779789","0.792832"
"2163779789","2249007213","0.627331"
"2249007213","2163779789","0.627331"
"2166840159","2249007213","0.542832"
"2249007213","2166840159","0.542832"
"1660214370","1802773916","0.317565"
"1802773916","1660214370","0.317565"
"1660214370","2131895660","0.181818"
"2131895660","1660214370","0.181818"
"1660214370","2137853824","0.809231"
"2137853824","1660214370","0.809231"
"1660214370","2165143551","1.89256"
"2165143551","1660214370","1.89256"
"1730692002","1802773916","0.594488"
"1802773916","1730692002","0.594488"
"1730692002","2131895660","0.181818"
"2131895660","1730692002","0.181818"
"1730692002","2137853824","0.952089"
"2137853824","1730692002","0.952089"
"1730692002","2165143551","0.862345"
"2165143551","1730692002","0.862345"
"1802773916","2104157166","2.92782"
"2104157166","1802773916","2.92782"
"1802773916","2116574886","0.394488"
"2116574886","1802773916","0.394488"
"1802773916","2131895660","0.181818"
"2131895660","1802773916","0.181818"
"1802773916","2137853824","0.317565"
"2137853824","1802773916","0.317565"
"1802773916","2138438505","0.850898"
"2138438505","1802773916","0.850898"
"1802773916","2163779789","0.335664"
"2163779789","1802773916","0.335664"
"1802773916","2165143551","0.394488"
"2165143551","1802773916","0.394488"
"1802773916","2166840159","0.167832"
"2166840159","1802773916","0.167832"
"1802773916","2249007213","0.594488"
"2249007213","1802773916","0.594488"
"2104157166","2131895660","0.515152"
"2131895660","2104157166","0.515152"
"2104157166","2137853824","0.934231"
"2137853824","2104157166","0.934231"
"2104157166","2165143551","1.71949"
"2165143551","2104157166","1.71949"
"2116574886","2131895660","0.181818"
"2131895660","2116574886","0.181818"
"2116574886","2137853824","0.585422"
"2137853824","2116574886","0.585422"
"2116574886","2165143551","0.537345"
"2165143551","2116574886","0.537345"
"2131895660","2137853824","0.181818"
"2137853824","2131895660","0.181818"
"2131895660","2138438505","1.18182"
"2138438505","2131895660","1.18182"
"2131895660","2163779789","0.181818"
"2163779789","2131895660","0.181818"
"2131895660","2165143551","0.181818"
"2165143551","2131895660","0.181818"
"2131895660","2166840159","0.0909091"
"2166840159","2131895660","0.0909091"
"2131895660","2249007213","0.181818"
"2249007213","2131895660","0.181818"
"2137853824","2138438505","0.61961"
"2138438505","2137853824","0.61961"
"2137853824","2163779789","0.425408"
"2163779789","2137853824","0.425408"
"2137853824","2165143551","1.39653"
"2165143551","2137853824","1.39653"
"2137853824","2166840159","0.417832"
"2166840159","2137853824","0.417832"
"2137853824","2249007213","0.734231"
"2249007213","2137853824","0.734231"
"2138438505","2165143551","0.571533"
"2165143551","2138438505","0.571533"
"2163779789","2165143551","0.335664"
"2165143551","2163779789","0.335664"
"2165143551","2166840159","0.292832"
"2166840159","2165143551","0.292832"
"2165143551","2249007213","0.519488"
"2249007213","2165143551","0.519488"
"1660214370","1697947569","0.333333"
"1697947569","1660214370","0.333333"
"1660214370","2160499362","0.333333"
"2160499362","1660214370","0.333333"
"1660214370","2757869191","0.333333"
"2757869191","1660214370","0.333333"
"1697947569","2160499362","5.33333"
"2160499362","1697947569","5.33333"
"1697947569","2757869191","0.333333"
"2757869191","1697947569","0.333333"
"2160499362","2757869191","0.333333"
"2757869191","2160499362","0.333333"
"1660214370","2123897513","0.125"
"2123897513","1660214370","0.125"
"1730692002","2123897513","0.125"
"2123897513","1730692002","0.125"
"2104157166","2123897513","0.125"
"2123897513","2104157166","0.125"
"2123897513","2137853824","0.125"
"2137853824","2123897513","0.125"
"2123897513","2144855985","0.125"
"2144855985","2123897513","0.125"
"2123897513","2165143551","0.125"
"2165143551","2123897513","0.125"
"2123897513","2166840159","0.125"
"2166840159","2123897513","0.125"
"2123897513","2249007213","0.125"
"2249007213","2123897513","0.125"
"2137853824","2144855985","0.236111"
"2144855985","2137853824","0.236111"
"2144855985","2165143551","0.236111"
"2165143551","2144855985","0.236111"
"1660214370","2170766530","0.676656"
"2170766530","1660214370","0.676656"
"1730692002","2170766530","0.896436"
"2170766530","1730692002","0.896436"
"1802773916","2170766530","1.63691"
"2170766530","1802773916","1.63691"
"2104157166","2170766530","1.83691"
"2170766530","2104157166","1.83691"
"2116574886","2170766530","1.02977"
"2170766530","2116574886","1.02977"
"2131895660","2170766530","1.62424"
"2170766530","2131895660","1.62424"
"2137853824","2170766530","0.569513"
"2170766530","2137853824","0.569513"
"2138438505","2170766530","1.03618"
"2170766530","2138438505","1.03618"
"2163779789","2170766530","0.244755"
"2170766530","2163779789","0.244755"
"2165143551","2170766530","0.896436"
"2170766530","2165143551","0.896436"
"2170766530","2249007213","0.303579"
"2249007213","2170766530","0.303579"
"1660214370","1760338513","0.0588235"
"1760338513","1660214370","0.0588235"
"1660214370","1815738444","0.308824"
"1815738444","1660214370","0.308824"
"1660214370","1966950541","0.302413"
"1966950541","1660214370","0.302413"
"1660214370","2045240677","0.0588235"
"2045240677","1660214370","0.0588235"
"1660214370","2057477284","0.0588235"
"2057477284","1660214370","0.0588235"
"1660214370","2108001745","0.308824"
"2108001745","1660214370","0.308824"
"1660214370","2124803350","0.135747"
"2124803350","1660214370","0.135747"
"1703105297","1730692002","0.201681"
"1730692002","1703105297","0.201681"
"1703105297","1760338513","0.0588235"
"1760338513","1703105297","0.0588235"
"1703105297","1802773916","0.0588235"
"1802773916","1703105297","0.0588235"
"1703105297","1815738444","0.0588235"
"1815738444","1703105297","0.0588235"
"1703105297","1966950541","0.0588235"
"1966950541","1703105297","0.0588235"
"1703105297","2045240677","0.0588235"
"2045240677","1703105297","0.0588235"
"1703105297","2057477284","0.0588235"
"2057477284","1703105297","0.0588235"
"1703105297","2104157166","0.0588235"
"2104157166","1703105297","0.0588235"
"1703105297","2108001745","0.0588235"
"2108001745","1703105297","0.0588235"
"1703105297","2116574886","0.201681"
"2116574886","1703105297","0.201681"
"1703105297","2124803350","0.0588235"
"2124803350","1703105297","0.0588235"
"1703105297","2137853824","0.701681"
"2137853824","1703105297","0.701681"
"1703105297","2138438505","0.201681"
"2138438505","1703105297","0.201681"
"1703105297","2165143551","1.20168"
"2165143551","1703105297","1.20168"
"1703105297","2170766530","0.201681"
"2170766530","1703105297","0.201681"
"1703105297","2249007213","0.0588235"
"2249007213","1703105297","0.0588235"
"1730692002","1760338513","0.308824"
"1760338513","1730692002","0.308824"
"1730692002","1815738444","0.135747"
"1815738444","1730692002","0.135747"
"1730692002","1966950541","0.629336"
"1966950541","1730692002","0.629336"
"1730692002","2045240677","0.308824"
"2045240677","1730692002","0.308824"
"1730692002","2057477284","0.135747"
"2057477284","1730692002","0.135747"
"1730692002","2108001745","0.0588235"
"2108001745","1730692002","0.0588235"
"1730692002","2124803350","0.21267"
"2124803350","1730692002","0.21267"
"1760338513","1802773916","0.0588235"
"1802773916","1760338513","0.0588235"
"1760338513","1815738444","0.0588235"
"1815738444","1760338513","0.0588235"
"1760338513","1966950541","0.308824"
"1966950541","1760338513","0.308824"
"1760338513","2045240677","2.14216"
"2045240677","1760338513","2.14216"
"1760338513","2057477284","0.0588235"
"2057477284","1760338513","0.0588235"
"1760338513","2104157166","0.892157"
"2104157166","1760338513","0.892157"
"1760338513","2108001745","0.0588235"
"2108001745","1760338513","0.0588235"
"1760338513","2116574886","0.0588235"
"2116574886","1760338513","0.0588235"
"1760338513","2124803350","0.0588235"
"2124803350","1760338513","0.0588235"
"1760338513","2137853824","0.0588235"
"2137853824","1760338513","0.0588235"
"1760338513","2138438505","0.0588235"
"2138438505","1760338513","0.0588235"
"1760338513","2165143551","0.0588235"
"2165143551","1760338513","0.0588235"
"1760338513","2170766530","0.308824"
"2170766530","1760338513","0.308824"
"1760338513","2249007213","0.0588235"
"2249007213","1760338513","0.0588235"
"1802773916","1815738444","0.135747"
"1815738444","1802773916","0.135747"
"1802773916","1966950541","0.21267"
"1966950541","1802773916","0.21267"
"1802773916","2045240677","0.0588235"
"2045240677","1802773916","0.0588235"
"1802773916","2057477284","0.135747"
"2057477284","1802773916","0.135747"
"1802773916","2108001745","0.0588235"
"2108001745","1802773916","0.0588235"
"1802773916","2124803350","0.21267"
"2124803350","1802773916","0.21267"
"1815738444","1966950541","0.571858"
"1966950541","1815738444","0.571858"
"1815738444","2045240677","0.294935"
"2045240677","1815738444","0.294935"
"1815738444","2057477284","0.335747"
"2057477284","1815738444","0.335747"
"1815738444","2104157166","0.260747"
"2104157166","1815738444","0.260747"
"1815738444","2108001745","0.308824"
"2108001745","1815738444","0.308824"
"1815738444","2116574886","0.260747"
"2116574886","1815738444","0.260747"
"1815738444","2124803350","1.44686"
"2124803350","1815738444","1.44686"
"1815738444","2137853824","0.294935"
"2137853824","1815738444","0.294935"
"1815738444","2138438505","0.371858"
"2138438505","1815738444","0.371858"
"1815738444","2165143551","0.496858"
"2165143551","1815738444","0.496858"
"1815738444","2170766530","0.585747"
"2170766530","1815738444","0.585747"
"1815738444","2249007213","0.260747"
"2249007213","1815738444","0.260747"
"1966950541","2045240677","1.37827"
"2045240677","1966950541","1.37827"
"1966950541","2057477284","0.335747"
"2057477284","1966950541","0.335747"
"1966950541","2104157166","1.00434"
"2104157166","1966950541","1.00434"
"1966950541","2108001745","0.0588235"
"2108001745","1966950541","0.0588235"
"1966950541","2116574886","1.33767"
"2116574886","1966950541","1.33767"
"1966950541","2124803350","1.22378"
"2124803350","1966950541","1.22378"
"1966950541","2137853824","0.538524"
"2137853824","1966950541","0.538524"
"1966950541","2138438505","1.37186"
"2138438505","1966950541","1.37186"
"1966950541","2165143551","0.323781"
"2165143551","1966950541","0.323781"
"1966950541","2170766530","0.66267"
"2170766530","1966950541","0.66267"
"1966950541","2249007213","0.504336"
"2249007213","1966950541","0.504336"
"2045240677","2057477284","0.0588235"
"2057477284","2045240677","0.0588235"
"2045240677","2104157166","1.51716"
"2104157166","2045240677","1.51716"
"2045240677","2108001745","0.0588235"
"2108001745","2045240677","0.0588235"
"2045240677","2116574886","0.683824"
"2116574886","2045240677","0.683824"
"2045240677","2124803350","0.169935"
"2124803350","2045240677","0.169935"
"2045240677","2137853824","0.294935"
"2137853824","2045240677","0.294935"
"2045240677","2138438505","0.294935"
"2138438505","2045240677","0.294935"
"2045240677","2165143551","0.169935"
"2165143551","2045240677","0.169935"
"2045240677","2170766530","1.30882"
"2170766530","2045240677","1.30882"
"2045240677","2249007213","0.183824"
"2249007213","2045240677","0.183824"
"2057477284","2104157166","0.135747"
"2104157166","2057477284","0.135747"
"2057477284","2108001745","0.0588235"
"2108001745","2057477284","0.0588235"
"2057477284","2116574886","0.135747"
"2116574886","2057477284","0.135747"
"2057477284","2124803350","0.335747"
"2124803350","2057477284","0.335747"
"2057477284","2137853824","0.0588235"
"2137853824","2057477284","0.0588235"
"2057477284","2138438505","0.135747"
"2138438505","2057477284","0.135747"
"2057477284","2165143551","0.135747"
"2165143551","2057477284","0.135747"
"2057477284","2170766530","0.335747"
"2170766530","2057477284","0.335747"
"2057477284","2249007213","0.135747"
"2249007213","2057477284","0.135747"
"2104157166","2108001745","0.558824"
"2108001745","2104157166","0.558824"
"2104157166","2124803350","0.21267"
"2124803350","2104157166","0.21267"
"2108001745","2116574886","0.0588235"
"2116574886","2108001745","0.0588235"
"2108001745","2124803350","0.0588235"
"2124803350","2108001745","0.0588235"
"2108001745","2137853824","0.0588235"
"2137853824","2108001745","0.0588235"
"2108001745","2138438505","0.0588235"
"2138438505","2108001745","0.0588235"
"2108001745","2165143551","0.808824"
"2165143551","2108001745","0.808824"
"2108001745","2170766530","0.308824"
"2170766530","2108001745","0.308824"
"2108001745","2249007213","0.0588235"
"2249007213","2108001745","0.0588235"
"2116574886","2124803350","0.71267"
"2124803350","2116574886","0.71267"
"2124803350","2137853824","0.246858"
"2137853824","2124803350","0.246858"
"2124803350","2138438505","0.246858"
"2138438505","2124803350","0.246858"
"2124803350","2165143551","0.323781"
"2165143551","2124803350","0.323781"
"2124803350","2170766530","0.41267"
"2170766530","2124803350","0.41267"
"2124803350","2249007213","0.21267"
"2249007213","2124803350","0.21267"
"1660214370","1730893042","0.0769231"
"1730893042","1660214370","0.0769231"
"1730692002","1730893042","0.0769231"
"1730893042","1730692002","0.0769231"
"1730893042","1802773916","0.0769231"
"1802773916","1730893042","0.0769231"
"1730893042","1966950541","0.0769231"
"1966950541","1730893042","0.0769231"
"1730893042","2104157166","0.0769231"
"2104157166","1730893042","0.0769231"
"1730893042","2116574886","0.0769231"
"2116574886","1730893042","0.0769231"
"1730893042","2124803350","0.0769231"
"2124803350","1730893042","0.0769231"
"1730893042","2137853824","0.0769231"
"2137853824","1730893042","0.0769231"
"1730893042","2163779789","0.0769231"
"2163779789","1730893042","0.0769231"
"1730893042","2165143551","0.0769231"
"2165143551","1730893042","0.0769231"
"1730893042","2166840159","0.0769231"
"2166840159","1730893042","0.0769231"
"1730893042","2170766530","0.0769231"
"2170766530","1730893042","0.0769231"
"1730893042","2249007213","0.0769231"
"2249007213","1730893042","0.0769231"
"1966950541","2163779789","0.320513"
"2163779789","1966950541","0.320513"
"1966950541","2166840159","0.201923"
"2166840159","1966950541","0.201923"
"2124803350","2163779789","0.153846"
"2163779789","2124803350","0.153846"
"2124803350","2166840159","0.0769231"
"2166840159","2124803350","0.0769231"
"2166840159","2170766530","0.0769231"
"2170766530","2166840159","0.0769231"
"1661773358","2294044338","6.57738"
"2294044338","1661773358","6.57738"
"1661773358","1673022957","0.535714"
"1673022957","1661773358","0.535714"
"1661773358","1720113624","0.125"
"1720113624","1661773358","0.125"
"1661773358","1776178462","1.20238"
"1776178462","1661773358","1.20238"
"1661773358","1997780235","0.267857"
"1997780235","1661773358","0.267857"
"1661773358","2066898552","0.392857"
"2066898552","1661773358","0.392857"
"1661773358","2134760563","1.03571"
"2134760563","1661773358","1.03571"
"1661773358","2138342168","0.702381"
"2138342168","1661773358","0.702381"
"1661773358","2660674426","0.267857"
"2660674426","1661773358","0.267857"
"1673022957","2294044338","0.410714"
"2294044338","1673022957","0.410714"
"1776178462","2294044338","0.577381"
"2294044338","1776178462","0.577381"
"1997780235","2294044338","0.142857"
"2294044338","1997780235","0.142857"
"2134760563","2294044338","0.410714"
"2294044338","2134760563","0.410714"
"2138342168","2294044338","0.577381"
"2294044338","2138342168","0.577381"
"2294044338","2660674426","0.142857"
"2660674426","2294044338","0.142857"
"1661773358","2143074259","0.166667"
"2143074259","1661773358","0.166667"
"1661773358","2244615982","0.434524"
"2244615982","1661773358","0.434524"
"1661773358","2403494083","0.291667"
"2403494083","1661773358","0.291667"
"1776178462","2143074259","0.166667"
"2143074259","1776178462","0.166667"
"1776178462","2403494083","0.527778"
"2403494083","1776178462","0.527778"
"2138342168","2143074259","0.166667"
"2143074259","2138342168","0.166667"
"2138342168","2403494083","0.402778"
"2403494083","2138342168","0.402778"
"2143074259","2244615982","0.166667"
"2244615982","2143074259","0.166667"
"2143074259","2294044338","0.166667"
"2294044338","2143074259","0.166667"
"2143074259","2403494083","0.166667"
"2403494083","2143074259","0.166667"
"2244615982","2294044338","0.434524"
"2294044338","2244615982","0.434524"
"2244615982","2403494083","0.527778"
"2403494083","2244615982","0.527778"
"2294044338","2403494083","0.291667"
"2403494083","2294044338","0.291667"
"1673022957","2403494083","0.361111"
"2403494083","1673022957","0.361111"
"2066898552","2294044338","0.267857"
"2294044338","2066898552","0.267857"
"2066898552","2403494083","2.36111"
"2403494083","2066898552","2.36111"
"2134760563","2403494083","0.361111"
"2403494083","2134760563","0.361111"
"1667921086","2102599914","4"
"2102599914","1667921086","4"
"1667921086","1697947569","0.5"
"1697947569","1667921086","0.5"
"1667921086","2160499362","0.5"
"2160499362","1667921086","0.5"
"1667921086","1730692002","0.0769231"
"1730692002","1667921086","0.0769231"
"1667921086","1802773916","0.0769231"
"1802773916","1667921086","0.0769231"
"1667921086","1815738444","0.0769231"
"1815738444","1667921086","0.0769231"
"1667921086","1966950541","0.0769231"
"1966950541","1667921086","0.0769231"
"1667921086","2057477284","0.0769231"
"2057477284","1667921086","0.0769231"
"1667921086","2104157166","0.0769231"
"2104157166","1667921086","0.0769231"
"1667921086","2116574886","0.0769231"
"2116574886","1667921086","0.0769231"
"1667921086","2124803350","0.0769231"
"2124803350","1667921086","0.0769231"
"1667921086","2138438505","0.0769231"
"2138438505","1667921086","0.0769231"
"1667921086","2163779789","0.0769231"
"2163779789","1667921086","0.0769231"
"1667921086","2165143551","0.0769231"
"2165143551","1667921086","0.0769231"
"1667921086","2170766530","0.0769231"
"2170766530","1667921086","0.0769231"
"1667921086","2249007213","0.0769231"
"2249007213","1667921086","0.0769231"
"1815738444","2163779789","0.0769231"
"2163779789","1815738444","0.0769231"
"2057477284","2163779789","0.0769231"
"2163779789","2057477284","0.0769231"
"1673022957","1720938331","0.0909091"
"1720938331","1673022957","0.0909091"
"1673022957","1985555012","0.0909091"
"1985555012","1673022957","0.0909091"
"1673022957","2001367291","0.0909091"
"2001367291","1673022957","0.0909091"
"1673022957","2102108412","0.0909091"
"2102108412","1673022957","0.0909091"
"1673022957","2109659134","0.0909091"
"2109659134","1673022957","0.0909091"
"1673022957","2137496824","0.0909091"
"2137496824","1673022957","0.0909091"
"1673022957","2139581666","0.0909091"
"2139581666","1673022957","0.0909091"
"1680622244","1720938331","0.0909091"
"1720938331","1680622244","0.0909091"
"1680622244","2001367291","0.0909091"
"2001367291","1680622244","0.0909091"
"1680622244","2109659134","0.0909091"
"2109659134","1680622244","0.0909091"
"1680622244","2137496824","1.09091"
"2137496824","1680622244","1.09091"
"1720938331","1997780235","0.0909091"
"1997780235","1720938331","0.0909091"
"1720938331","2001367291","0.0909091"
"2001367291","1720938331","0.0909091"
"1720938331","2102108412","0.0909091"
"2102108412","1720938331","0.0909091"
"1720938331","2137496824","0.0909091"
"2137496824","1720938331","0.0909091"
"1720938331","2139581666","0.0909091"
"2139581666","1720938331","0.0909091"
"1985555012","1997780235","0.0909091"
"1997780235","1985555012","0.0909091"
"1985555012","2001367291","1.09091"
"2001367291","1985555012","1.09091"
"1985555012","2102108412","0.0909091"
"2102108412","1985555012","0.0909091"
"1985555012","2137496824","0.0909091"
"2137496824","1985555012","0.0909091"
"1985555012","2139581666","0.0909091"
"2139581666","1985555012","0.0909091"
"1997780235","2001367291","0.0909091"
"2001367291","1997780235","0.0909091"
"1997780235","2102108412","0.0909091"
"2102108412","1997780235","0.0909091"
"1997780235","2109659134","0.0909091"
"2109659134","1997780235","0.0909091"
"1997780235","2137496824","0.0909091"
"2137496824","1997780235","0.0909091"
"1997780235","2139581666","0.0909091"
"2139581666","1997780235","0.0909091"
"2001367291","2096305539","0.0909091"
"2096305539","2001367291","0.0909091"
"2001367291","2102108412","0.0909091"
"2102108412","2001367291","0.0909091"
"2001367291","2109659134","0.590909"
"2109659134","2001367291","0.590909"
"2001367291","2137496824","0.0909091"
"2137496824","2001367291","0.0909091"
"2001367291","2139581666","0.590909"
"2139581666","2001367291","0.590909"
"2001367291","2184016019","0.0909091"
"2184016019","2001367291","0.0909091"
"2096305539","2102108412","0.0909091"
"2102108412","2096305539","0.0909091"
"2096305539","2137496824","0.0909091"
"2137496824","2096305539","0.0909091"
"2096305539","2139581666","0.0909091"
"2139581666","2096305539","0.0909091"
"2102108412","2109659134","0.0909091"
"2109659134","2102108412","0.0909091"
"2102108412","2137496824","0.0909091"
"2137496824","2102108412","0.0909091"
"2102108412","2139581666","0.0909091"
"2139581666","2102108412","0.0909091"
"2102108412","2184016019","0.0909091"
"2184016019","2102108412","0.0909091"
"2109659134","2137496824","0.0909091"
"2137496824","2109659134","0.0909091"
"2109659134","2139581666","1.79091"
"2139581666","2109659134","1.79091"
"2137496824","2139581666","0.0909091"
"2139581666","2137496824","0.0909091"
"2137496824","2184016019","0.0909091"
"2184016019","2137496824","0.0909091"
"2139581666","2184016019","0.0909091"
"2184016019","2139581666","0.0909091"
"1720113624","2403494083","0.236111"
"2403494083","1720113624","0.236111"
"1997780235","2403494083","0.236111"
"2403494083","1997780235","0.236111"
"2403494083","2660674426","0.236111"
"2660674426","2403494083","0.236111"
"1673022957","1991412202","0.125"
"1991412202","1673022957","0.125"
"1673022957","2118128687","0.125"
"2118128687","1673022957","0.125"
"1776178462","1991412202","0.125"
"1991412202","1776178462","0.125"
"1776178462","2118128687","0.625"
"2118128687","1776178462","0.625"
"1991412202","1997780235","0.125"
"1997780235","1991412202","0.125"
"1991412202","2118128687","0.125"
"2118128687","1991412202","0.125"
"1991412202","2134760563","0.125"
"2134760563","1991412202","0.125"
"1991412202","2138342168","0.125"
"2138342168","1991412202","0.125"
"1991412202","2244615982","0.125"
"2244615982","1991412202","0.125"
"1991412202","2660674426","0.125"
"2660674426","1991412202","0.125"
"1997780235","2118128687","0.125"
"2118128687","1997780235","0.125"
"2118128687","2134760563","0.125"
"2134760563","2118128687","0.125"
"2118128687","2138342168","0.625"
"2138342168","2118128687","0.625"
"2118128687","2244615982","0.125"
"2244615982","2118128687","0.125"
"2118128687","2660674426","0.125"
"2660674426","2118128687","0.125"
"1680622244","1815738444","0.5"
"1815738444","1680622244","0.5"
"1815738444","2102108412","0.5"
"2102108412","1815738444","0.5"
"1680622244","2138438505","1.14286"
"2138438505","1680622244","1.14286"
"1680622244","1703105297","0.142857"
"1703105297","1680622244","0.142857"
"1680622244","1730692002","0.142857"
"1730692002","1680622244","0.142857"
"1680622244","2116574886","0.142857"
"2116574886","1680622244","0.142857"
"1680622244","2137853824","0.142857"
"2137853824","1680622244","0.142857"
"1680622244","2165143551","0.142857"
"2165143551","1680622244","0.142857"
"1680622244","2170766530","0.142857"
"2170766530","1680622244","0.142857"
"1697947569","2137496824","0.5"
"2137496824","1697947569","0.5"
"2137496824","2160499362","0.5"
"2160499362","2137496824","0.5"
"1730692002","2096389192","0.2"
"2096389192","1730692002","0.2"
"1802773916","2096389192","0.2"
"2096389192","1802773916","0.2"
"2096389192","2104157166","0.2"
"2104157166","2096389192","0.2"
"2096389192","2138438505","0.2"
"2138438505","2096389192","0.2"
"2096389192","2249007213","0.2"
"2249007213","2096389192","0.2"
"1730893042","1776178462","1"
"1776178462","1730893042","1"
"1733518999","2123897513","1"
"2123897513","1733518999","1"
"1760338513","2170604454","0.333333"
