"1223193434","1988979669","0.290909"
"1988979669","1223193434","0.290909"
"1223193434","2164287735","2.65758"
"2164287735","1223193434","2.65758"
"1223193434","2167265771","1.2"
"2167265771","1223193434","1.2"
"1223193434","2281718157","1.87424"
"2281718157","1223193434","1.87424"
"1223193434","2951103577","1.87424"
"2951103577","1223193434","1.87424"
"1988979669","2164287735","0.290909"
"2164287735","1988979669","0.290909"
"1988979669","2167265771","0.2"
"2167265771","1988979669","0.2"
"1988979669","2281718157","0.790909"
"2281718157","1988979669","0.790909"
"1988979669","2951103577","0.790909"
"2951103577","1988979669","0.790909"
"2164287735","2167265771","0.4"
"2167265771","2164287735","0.4"
"2164287735","2281718157","0.490909"
"2281718157","2164287735","0.490909"
"2164287735","2951103577","0.490909"
"2951103577","2164287735","0.490909"
"2167265771","2281718157","1.23333"
"2281718157","2167265771","1.23333"
"2167265771","2951103577","1.23333"
"2951103577","2167265771","1.23333"
"2281718157","2951103577","19.4909"
"2951103577","2281718157","19.4909"
"1223193434","2092826400","0.757576"
"2092826400","1223193434","0.757576"
"1223193434","2985120253","0.333333"
"2985120253","1223193434","0.333333"
"2092826400","2164287735","0.757576"
"2164287735","2092826400","0.757576"
"2092826400","2985120253","0.333333"
"2985120253","2092826400","0.333333"
"2164287735","2985120253","0.583333"
"2985120253","2164287735","0.583333"
"1223193434","1943480391","0.783333"
"1943480391","1223193434","0.783333"
"1223193434","2253892476","0.45"
"2253892476","1223193434","0.45"
"1943480391","2253892476","8.61667"
"2253892476","1943480391","8.61667"
"1943480391","2281718157","0.916667"
"2281718157","1943480391","0.916667"
"1943480391","2951103577","0.916667"
"2951103577","1943480391","0.916667"
"2253892476","2281718157","0.783333"
"2281718157","2253892476","0.783333"
"2253892476","2951103577","0.783333"
"2951103577","2253892476","0.783333"
"1223193434","2330892731","1.62424"
"2330892731","1223193434","1.62424"
"2092826400","2330892731","0.424242"
"2330892731","2092826400","0.424242"
"2164287735","2330892731","1.12424"
"2330892731","2164287735","1.12424"
"1223193434","827857842","0.5"
"827857842","1223193434","0.5"
"2330892731","827857842","0.5"
"827857842","2330892731","0.5"
"1223193434","2132782405","1"
"2132782405","1223193434","1"
"1223193434","2045851706","0.0909091"
"2045851706","1223193434","0.0909091"
"1223193434","2152847544","0.0909091"
"2152847544","1223193434","0.0909091"
"1223193434","2550385540","0.290909"
"2550385540","1223193434","0.290909"
"1223193434","2710838976","0.0909091"
"2710838976","1223193434","0.0909091"
"1223193434","2889298776","0.0909091"
"2889298776","1223193434","0.0909091"
"1988979669","2045851706","0.424242"
"2045851706","1988979669","0.424242"
"1988979669","2092826400","1.09091"
"2092826400","1988979669","1.09091"
"1988979669","2152847544","0.424242"
"2152847544","1988979669","0.424242"
"1988979669","2330892731","0.0909091"
"2330892731","1988979669","0.0909091"
"1988979669","2550385540","0.0909091"
"2550385540","1988979669","0.0909091"
"1988979669","2710838976","0.0909091"
"2710838976","1988979669","0.0909091"
"1988979669","2889298776","0.0909091"
"2889298776","1988979669","0.0909091"
"2045851706","2092826400","0.0909091"
"2092826400","2045851706","0.0909091"
"2045851706","2152847544","0.424242"
"2152847544","2045851706","0.424242"
"2045851706","2164287735","0.0909091"
"2164287735","2045851706","0.0909091"
"2045851706","2281718157","0.590909"
"2281718157","2045851706","0.590909"
"2045851706","2330892731","0.0909091"
"2330892731","2045851706","0.0909091"
"2045851706","2550385540","3.47922"
"2550385540","2045851706","3.47922"
"2045851706","2710838976","0.457792"
"2710838976","2045851706","0.457792"
"2045851706","2889298776","0.406144"
"2889298776","2045851706","0.406144"
"2045851706","2951103577","0.590909"
"2951103577","2045851706","0.590909"
"2092826400","2152847544","0.0909091"
"2152847544","2092826400","0.0909091"
"2092826400","2281718157","0.0909091"
"2281718157","2092826400","0.0909091"
"2092826400","2550385540","1.34091"
"2550385540","2092826400","1.34091"
"2092826400","2710838976","0.0909091"
"2710838976","2092826400","0.0909091"
"2092826400","2889298776","0.0909091"
"2889298776","2092826400","0.0909091"
"2092826400","2951103577","0.0909091"
"2951103577","2092826400","0.0909091"
"2152847544","2164287735","0.290909"
"2164287735","2152847544","0.290909"
"2152847544","2281718157","0.624242"
"2281718157","2152847544","0.624242"
"2152847544","2330892731","0.340909"
"2330892731","2152847544","0.340909"
"2152847544","2550385540","0.0909091"
"2550385540","2152847544","0.0909091"
"2152847544","2710838976","0.0909091"
"2710838976","2152847544","0.0909091"
"2152847544","2889298776","0.0909091"
"2889298776","2152847544","0.0909091"
"2152847544","2951103577","0.624242"
"2951103577","2152847544","0.624242"
"2164287735","2550385540","0.290909"
"2550385540","2164287735","0.290909"
"2164287735","2710838976","0.0909091"
"2710838976","2164287735","0.0909091"
"2164287735","2889298776","0.340909"
"2889298776","2164287735","0.340909"
"2281718157","2330892731","0.0909091"
"2330892731","2281718157","0.0909091"
"2281718157","2550385540","0.0909091"
"2550385540","2281718157","0.0909091"
"2281718157","2710838976","0.0909091"
"2710838976","2281718157","0.0909091"
"2281718157","2889298776","0.340909"
"2889298776","2281718157","0.340909"
"2330892731","2550385540","1.79091"
"2550385540","2330892731","1.79091"
"2330892731","2710838976","0.340909"
"2710838976","2330892731","0.340909"
"2330892731","2889298776","0.840909"
"2889298776","2330892731","0.840909"
"2330892731","2951103577","0.0909091"
"2951103577","2330892731","0.0909091"
"2550385540","2710838976","0.669697"
"2710838976","2550385540","0.669697"
"2550385540","2889298776","0.279221"
"2889298776","2550385540","0.279221"
"2550385540","2951103577","0.0909091"
"2951103577","2550385540","0.0909091"
"2710838976","2889298776","1.59113"
"2889298776","2710838976","1.59113"
"2710838976","2951103577","0.0909091"
"2951103577","2710838976","0.0909091"
"2889298776","2951103577","0.340909"
"2951103577","2889298776","0.340909"
"1943480391","2164287735","0.2"
"2164287735","1943480391","0.2"
"1943480391","2330892731","0.7"
"2330892731","1943480391","0.7"
"1943480391","2550385540","0.2"
"2550385540","1943480391","0.2"
"2164287735","2253892476","0.4"
"2253892476","2164287735","0.4"
"2253892476","2330892731","0.95"
"2330892731","2253892476","0.95"
"2253892476","2550385540","2.2"
"2550385540","2253892476","2.2"
"1480506467","1582893002","1.12143"
"1582893002","1480506467","1.12143"
"1480506467","2027662587","0.121429"
"2027662587","1480506467","0.121429"
"1480506467","2094345233","0.121429"
"2094345233","1480506467","0.121429"
"1480506467","2279175224","0.571429"
"2279175224","1480506467","0.571429"
"1480506467","2304919136","0.0714286"
"2304919136","1480506467","0.0714286"
"1480506467","2330647764","0.0714286"
"2330647764","1480506467","0.0714286"
"1480506467","2336932237","0.0714286"
"2336932237","1480506467","0.0714286"
"1480506467","2710838976","0.121429"
"2710838976","1480506467","0.121429"
"1480506467","2735317774","0.454762"
"2735317774","1480506467","0.454762"
"1480506467","2776228649","1.12143"
"2776228649","1480506467","1.12143"
"1480506467","2889298776","0.121429"
"2889298776","1480506467","0.121429"
"1480506467","2891144030","0.0714286"
"2891144030","1480506467","0.0714286"
"1480506467","3006791805","0.0714286"
"3006791805","1480506467","0.0714286"
"1480506467","827857842","0.0714286"
"827857842","1480506467","0.0714286"
"1582893002","2027662587","2.31688"
"2027662587","1582893002","2.31688"
"1582893002","2094345233","1.89188"
"2094345233","1582893002","1.89188"
"1582893002","2279175224","0.116883"
"2279175224","1582893002","0.116883"
"1582893002","2304919136","0.116883"
"2304919136","1582893002","0.116883"
"1582893002","2330647764","6.04643"
"2330647764","1582893002","6.04643"
"1582893002","2336932237","0.116883"
"2336932237","1582893002","0.116883"
"1582893002","2710838976","2.62522"
"2710838976","1582893002","2.62522"
"1582893002","2735317774","1.12143"
"2735317774","1582893002","1.12143"
"1582893002","2776228649","1.29188"
"2776228649","1582893002","1.29188"
"1582893002","2889298776","1.16688"
"2889298776","1582893002","1.16688"
"1582893002","2891144030","0.0714286"
"2891144030","1582893002","0.0714286"
"1582893002","3006791805","0.116883"
"3006791805","1582893002","0.116883"
"1582893002","827857842","0.40855"
"827857842","1582893002","0.40855"
"2027662587","2094345233","1.51047"
"2094345233","2027662587","1.51047"
"2027662587","2279175224","1.19381"
"2279175224","2027662587","1.19381"
"2027662587","2304919136","0.193806"
"2304919136","2027662587","0.193806"
"2027662587","2330647764","0.854762"
"2330647764","2027662587","0.854762"
"2027662587","2336932237","0.193806"
"2336932237","2027662587","0.193806"
"2027662587","2710838976","0.476407"
"2710838976","2027662587","0.476407"
"2027662587","2735317774","0.121429"
"2735317774","2027662587","0.121429"
"2027662587","2776228649","0.586663"
"2776228649","2027662587","0.586663"
"2027662587","2889298776","0.493806"
"2889298776","2027662587","0.493806"
"2027662587","2891144030","0.654762"
"2891144030","2027662587","0.654762"
"2027662587","3006791805","0.116883"
"3006791805","2027662587","0.116883"
"2027662587","827857842","0.443806"
"827857842","2027662587","0.443806"
"2094345233","2279175224","0.193806"
"2279175224","2094345233","0.193806"
"2094345233","2304919136","0.437396"
"2304919136","2094345233","0.437396"
"2094345233","2330647764","0.47619"
"2330647764","2094345233","0.47619"
"2094345233","2336932237","1.4374"
"2336932237","2094345233","1.4374"
"2094345233","2710838976","2.02998"
"2710838976","2094345233","2.02998"
"2094345233","2735317774","1.31786"
"2735317774","2094345233","1.31786"
"2094345233","2776228649","0.558824"
"2776228649","2094345233","0.558824"
"2094345233","2889298776","0.243806"
"2889298776","2094345233","0.243806"
"2094345233","2891144030","0.0714286"
"2891144030","2094345233","0.0714286"
"2094345233","3006791805","0.116883"
"3006791805","2094345233","0.116883"
"2094345233","827857842","0.520729"
"827857842","2094345233","0.520729"
"2279175224","2304919136","0.193806"
"2304919136","2279175224","0.193806"
"2279175224","2330647764","0.0714286"
"2330647764","2279175224","0.0714286"
"2279175224","2336932237","0.393806"
"2336932237","2279175224","0.393806"
"2279175224","2710838976","0.116883"
"2710838976","2279175224","0.116883"
"2279175224","2735317774","0.0714286"
"2735317774","2279175224","0.0714286"
"2279175224","2776228649","0.893806"
"2776228649","2279175224","0.893806"
"2279175224","2889298776","0.193806"
"2889298776","2279175224","0.193806"
"2279175224","2891144030","0.0714286"
"2891144030","2279175224","0.0714286"
"2279175224","3006791805","0.116883"
"3006791805","2279175224","0.116883"
"2279175224","827857842","0.193806"
"827857842","2279175224","0.193806"
"2304919136","2330647764","0.0714286"
"2330647764","2304919136","0.0714286"
"2304919136","2336932237","0.437396"
"2336932237","2304919136","0.437396"
"2304919136","2710838976","0.116883"
"2710838976","2304919136","0.116883"
"2304919136","2735317774","0.0714286"
"2735317774","2304919136","0.0714286"
"2304919136","2776228649","3.4374"
"2776228649","2304919136","3.4374"
"2304919136","2889298776","0.193806"
"2889298776","2304919136","0.193806"
"2304919136","2891144030","0.0714286"
"2891144030","2304919136","0.0714286"
"2304919136","3006791805","3.25974"
"3006791805","2304919136","3.25974"
"2304919136","827857842","0.270729"
"827857842","2304919136","0.270729"
"2330647764","2336932237","0.571429"
"2336932237","2330647764","0.571429"
"2330647764","2710838976","0.392857"
"2710838976","2330647764","0.392857"
"2330647764","2735317774","0.392857"
"2735317774","2330647764","0.392857"
"2330647764","2776228649","0.767857"
"2776228649","2330647764","0.767857"
"2330647764","2889298776","0.0714286"
"2889298776","2330647764","0.0714286"
"2330647764","2891144030","0.0714286"
"2891144030","2330647764","0.0714286"
"2330647764","3006791805","0.0714286"
"3006791805","2330647764","0.0714286"
"2330647764","827857842","0.0714286"
"827857842","2330647764","0.0714286"
"2336932237","2710838976","1.31688"
"2710838976","2336932237","1.31688"
"2336932237","2735317774","0.0714286"
"2735317774","2336932237","0.0714286"
"2336932237","2776228649","1.87073"
"2776228649","2336932237","1.87073"
"2336932237","2889298776","0.336663"
"2889298776","2336932237","0.336663"
"2336932237","2891144030","0.414286"
"2891144030","2336932237","0.414286"
"2336932237","3006791805","0.450216"
"3006791805","2336932237","0.450216"
"2336932237","827857842","0.270729"
"827857842","2336932237","0.270729"
"2710838976","2735317774","0.442857"
"2735317774","2710838976","0.442857"
"2710838976","2776228649","0.571645"
"2776228649","2710838976","0.571645"
"2710838976","2891144030","0.0714286"
"2891144030","2710838976","0.0714286"
"2710838976","3006791805","0.116883"
"3006791805","2710838976","0.116883"
"2710838976","827857842","0.40855"
"827857842","2710838976","0.40855"
"2735317774","2776228649","0.192857"
"2776228649","2735317774","0.192857"
"2735317774","2889298776","0.621429"
"2889298776","2735317774","0.621429"
"2735317774","2891144030","0.0714286"
"2891144030","2735317774","0.0714286"
"2735317774","3006791805","0.0714286"
"3006791805","2735317774","0.0714286"
"2735317774","827857842","0.196429"
"827857842","2735317774","0.196429"
"2776228649","2889298776","0.243806"
"2889298776","2776228649","0.243806"
"2776228649","2891144030","1.27143"
"2891144030","2776228649","1.27143"
"2776228649","3006791805","0.116883"
"3006791805","2776228649","0.116883"
"2776228649","827857842","0.270729"
"827857842","2776228649","0.270729"
"2889298776","2891144030","2.96429"
"2891144030","2889298776","2.96429"
"2889298776","3006791805","1.65022"
"3006791805","2889298776","1.65022"
"2889298776","827857842","0.193806"
"827857842","2889298776","0.193806"
"2891144030","3006791805","0.0714286"
"3006791805","2891144030","0.0714286"
"2891144030","827857842","0.0714286"
"827857842","2891144030","0.0714286"
"3006791805","827857842","0.116883"
"827857842","3006791805","0.116883"
"1480506467","2722916767","0.5"
"2722916767","1480506467","0.5"
"2722916767","2776228649","0.616883"
"2776228649","2722916767","0.616883"
"1480506467","186621202","0.05"
"186621202","1480506467","0.05"
"1480506467","1967082934","0.05"
"1967082934","1480506467","0.05"
"1480506467","1975902021","0.05"
"1975902021","1480506467","0.05"
"1480506467","1984186972","0.05"
"1984186972","1480506467","0.05"
"1480506467","2045851706","0.05"
"2045851706","1480506467","0.05"
"1480506467","2065131965","0.383333"
"2065131965","1480506467","0.383333"
"1480506467","2081689238","0.05"
"2081689238","1480506467","0.05"
"1480506467","2096711127","0.383333"
"2096711127","1480506467","0.383333"
"1480506467","2113173487","0.05"
"2113173487","1480506467","0.05"
"1480506467","2119409507","0.05"
"2119409507","1480506467","0.05"
"1480506467","2145365764","0.05"
"2145365764","1480506467","0.05"
"1480506467","2593331880","0.05"
"2593331880","1480506467","0.05"
"1480506467","2743574578","0.05"
"2743574578","1480506467","0.05"
"1582893002","186621202","1.41667"
"186621202","1582893002","1.41667"
"1582893002","1967082934","0.387121"
"1967082934","1582893002","0.387121"
"1582893002","1975902021","0.691667"
"1975902021","1582893002","0.691667"
"1582893002","1984186972","0.512121"
"1984186972","1582893002","0.512121"
"1582893002","2045851706","0.620455"
"2045851706","1582893002","0.620455"
"1582893002","2065131965","1.725"
"2065131965","1582893002","1.725"
"1582893002","2081689238","2.55379"
"2081689238","1582893002","2.55379"
"1582893002","2096711127","0.05"
"2096711127","1582893002","0.05"
"1582893002","2113173487","0.15"
"2113173487","1582893002","0.15"
"1582893002","2119409507","0.65"
"2119409507","1582893002","0.65"
"1582893002","2145365764","1.21667"
"2145365764","1582893002","1.21667"
"1582893002","2593331880","6.775"
"2593331880","1582893002","6.775"
"1582893002","2743574578","0.220455"
"2743574578","1582893002","0.220455"
"186621202","1967082934","0.05"
"1967082934","186621202","0.05"
"186621202","1975902021","0.65"
"1975902021","186621202","0.65"
"186621202","1984186972","1.05"
"1984186972","186621202","1.05"
"186621202","2027662587","0.72619"
"2027662587","186621202","0.72619"
"186621202","2045851706","0.321429"
"2045851706","186621202","0.321429"
"186621202","2065131965","0.15"
"2065131965","186621202","0.15"
"186621202","2081689238","0.364286"
"2081689238","186621202","0.364286"
"186621202","2094345233","0.221429"
"2094345233","186621202","0.221429"
"186621202","2096711127","0.264286"
"2096711127","186621202","0.264286"
"186621202","2113173487","0.15"
"2113173487","186621202","0.15"
"186621202","2119409507","1.29286"
"2119409507","186621202","1.29286"
"186621202","2145365764","13.5976"
"2145365764","186621202","13.5976"
"186621202","2593331880","0.4"
"2593331880","186621202","0.4"
"186621202","2710838976","1.26429"
"2710838976","186621202","1.26429"
"186621202","2735317774","0.121429"
"2735317774","186621202","0.121429"
"186621202","2743574578","1.15476"
"2743574578","186621202","1.15476"
"186621202","2776228649","0.321429"
"2776228649","186621202","0.321429"
"186621202","2889298776","0.05"
"2889298776","186621202","0.05"
"1967082934","1975902021","0.175"
"1975902021","1967082934","0.175"
"1967082934","1984186972","0.0954545"
"1984186972","1967082934","0.0954545"
"1967082934","2027662587","0.172378"
"2027662587","1967082934","0.172378"
"1967082934","2045851706","1.88502"
"2045851706","1967082934","1.88502"
"1967082934","2065131965","0.692857"
"2065131965","1967082934","0.692857"
"1967082934","2081689238","0.0954545"
"2081689238","1967082934","0.0954545"
"1967082934","2094345233","1.3743"
"2094345233","1967082934","1.3743"
"1967082934","2096711127","0.192857"
"2096711127","1967082934","0.192857"
"1967082934","2113173487","0.05"
"2113173487","1967082934","0.05"
"1967082934","2119409507","0.05"
"2119409507","1967082934","0.05"
"1967082934","2145365764","0.05"
"2145365764","1967082934","0.05"
"1967082934","2593331880","0.05"
"2593331880","1967082934","0.05"
"1967082934","2710838976","0.920455"
"2710838976","1967082934","0.920455"
"1967082934","2735317774","0.05"
"2735317774","1967082934","0.05"
"1967082934","2743574578","1.16716"
"2743574578","1967082934","1.16716"
"1967082934","2776228649","1.31597"
"2776228649","1967082934","1.31597"
"1967082934","2889298776","0.315235"
"2889298776","1967082934","0.315235"
"1975902021","1984186972","0.466667"
"1984186972","1975902021","0.466667"
"1975902021","2027662587","0.733333"
"2027662587","1975902021","0.733333"
"1975902021","2045851706","1.15"
"2045851706","1975902021","1.15"
"1975902021","2065131965","0.15"
"2065131965","1975902021","0.15"
"1975902021","2081689238","0.15"
"2081689238","1975902021","0.15"
"1975902021","2094345233","0.175"
"2094345233","1975902021","0.175"
"1975902021","2096711127","0.3"
"2096711127","1975902021","0.3"
"1975902021","2113173487","0.05"
"2113173487","1975902021","0.05"
"1975902021","2119409507","0.3"
"2119409507","1975902021","0.3"
"1975902021","2145365764","0.55"
"2145365764","1975902021","0.55"
"1975902021","2593331880","0.05"
"2593331880","1975902021","0.05"
"1975902021","2710838976","0.175"
"2710838976","1975902021","0.175"
"1975902021","2735317774","0.3"
"2735317774","1975902021","0.3"
"1975902021","2743574578","0.175"
"2743574578","1975902021","0.175"
"1975902021","2776228649","0.05"
"2776228649","1975902021","0.05"
"1975902021","2889298776","0.05"
"2889298776","1975902021","0.05"
"1984186972","2027662587","1.09545"
"2027662587","1984186972","1.09545"
"1984186972","2045851706","0.0954545"
"2045851706","1984186972","0.0954545"
"1984186972","2065131965","0.05"
"2065131965","1984186972","0.05"
"1984186972","2081689238","0.0954545"
"2081689238","1984186972","0.0954545"
"1984186972","2094345233","0.0954545"
"2094345233","1984186972","0.0954545"
"1984186972","2096711127","1.05"
"2096711127","1984186972","1.05"
"1984186972","2113173487","0.05"
"2113173487","1984186972","0.05"
"1984186972","2119409507","0.05"
"2119409507","1984186972","0.05"
"1984186972","2145365764","1.05"
"2145365764","1984186972","1.05"
"1984186972","2593331880","0.05"
"2593331880","1984186972","0.05"
"1984186972","2710838976","0.0954545"
"2710838976","1984186972","0.0954545"
"1984186972","2735317774","0.3"
"2735317774","1984186972","0.3"
"1984186972","2743574578","0.428788"
"2743574578","1984186972","0.428788"
"1984186972","2776228649","0.0954545"
"2776228649","1984186972","0.0954545"
"1984186972","2889298776","0.0954545"
"2889298776","1984186972","0.0954545"
"2027662587","2045851706","0.822378"
"2045851706","2027662587","0.822378"
"2027662587","2065131965","2.82619"
"2065131965","2027662587","2.82619"
"2027662587","2081689238","0.731169"
"2081689238","2027662587","0.731169"
"2027662587","2096711127","0.77619"
"2096711127","2027662587","0.77619"
"2027662587","2113173487","1.49286"
"2113173487","2027662587","1.49286"
"2027662587","2119409507","9.20952"
"2119409507","2027662587","9.20952"
"2027662587","2145365764","0.52619"
"2145365764","2027662587","0.52619"
"2027662587","2593331880","1.04286"
"2593331880","2027662587","1.04286"
"2027662587","2743574578","0.172378"
"2743574578","2027662587","0.172378"
"2045851706","2065131965","2.00119"
"2065131965","2045851706","2.00119"
"2045851706","2081689238","0.641883"
"2081689238","2045851706","0.641883"
"2045851706","2094345233","0.545729"
"2094345233","2045851706","0.545729"
"2045851706","2096711127","0.264286"
"2096711127","2045851706","0.264286"
"2045851706","2113173487","0.15"
"2113173487","2045851706","0.15"
"2045851706","2119409507","0.15"
"2119409507","2045851706","0.15"
"2045851706","2145365764","0.121429"
"2145365764","2045851706","0.121429"
"2045851706","2593331880","1.60833"
"2593331880","2045851706","1.60833"
"2045851706","2735317774","0.246429"
"2735317774","2045851706","0.246429"
"2045851706","2743574578","1.23859"
"2743574578","2045851706","1.23859"
"2045851706","2776228649","0.645729"
"2776228649","2045851706","0.645729"
"2065131965","2081689238","1.31786"
"2081689238","2065131965","1.31786"
"2065131965","2094345233","0.216667"
"2094345233","2065131965","0.216667"
"2065131965","2096711127","0.383333"
"2096711127","2065131965","0.383333"
"2065131965","2113173487","0.392857"
"2113173487","2065131965","0.392857"
"2065131965","2119409507","1.88333"
"2119409507","2065131965","1.88333"
"2065131965","2145365764","0.05"
"2145365764","2065131965","0.05"
"2065131965","2593331880","4.68452"
"2593331880","2065131965","4.68452"
"2065131965","2710838976","0.55"
"2710838976","2065131965","0.55"
"2065131965","2735317774","0.383333"
"2735317774","2065131965","0.383333"
"2065131965","2743574578","0.05"
"2743574578","2065131965","0.05"
"2065131965","2776228649","1.68452"
"2776228649","2065131965","1.68452"
"2065131965","2889298776","0.192857"
"2889298776","2065131965","0.192857"
"2081689238","2094345233","0.166883"
"2094345233","2081689238","0.166883"
"2081689238","2096711127","0.264286"
"2096711127","2081689238","0.264286"
"2081689238","2113173487","1.19286"
"2113173487","2081689238","1.19286"
"2081689238","2119409507","0.192857"
"2119409507","2081689238","0.192857"
"2081689238","2145365764","0.264286"
"2145365764","2081689238","0.264286"
"2081689238","2593331880","1.01786"
"2593331880","2081689238","1.01786"
"2081689238","2710838976","0.30974"
"2710838976","2081689238","0.30974"
"2081689238","2735317774","0.121429"
"2735317774","2081689238","0.121429"
"2081689238","2743574578","0.166883"
"2743574578","2081689238","0.166883"
"2081689238","2776228649","0.43474"
"2776228649","2081689238","0.43474"
"2081689238","2889298776","0.0954545"
"2889298776","2081689238","0.0954545"
"2094345233","2096711127","1.12143"
"2096711127","2094345233","1.12143"
"2094345233","2113173487","0.15"
"2113173487","2094345233","0.15"
"2094345233","2119409507","0.15"
"2119409507","2094345233","0.15"
"2094345233","2145365764","0.121429"
"2145365764","2094345233","0.121429"
"2094345233","2593331880","0.316667"
"2593331880","2094345233","0.316667"
"2094345233","2743574578","0.570729"
"2743574578","2094345233","0.570729"
"2096711127","2113173487","0.05"
"2113173487","2096711127","0.05"
"2096711127","2119409507","0.442857"
"2119409507","2096711127","0.442857"
"2096711127","2145365764","0.264286"
"2145365764","2096711127","0.264286"
"2096711127","2593331880","0.05"
"2593331880","2096711127","0.05"
"2096711127","2710838976","0.264286"
"2710838976","2096711127","0.264286"
"2096711127","2735317774","0.454762"
"2735317774","2096711127","0.454762"
"2096711127","2743574578","0.264286"
"2743574578","2096711127","0.264286"
"2096711127","2776228649","0.121429"
"2776228649","2096711127","0.121429"
"2096711127","2889298776","0.05"
"2889298776","2096711127","0.05"
"2113173487","2119409507","0.15"
"2119409507","2113173487","0.15"
"2113173487","2145365764","0.05"
"2145365764","2113173487","0.05"
"2113173487","2593331880","0.292857"
"2593331880","2113173487","0.292857"
"2113173487","2710838976","0.05"
"2710838976","2113173487","0.05"
"2113173487","2735317774","0.05"
"2735317774","2113173487","0.05"
"2113173487","2743574578","0.05"
"2743574578","2113173487","0.05"
"2113173487","2776228649","0.392857"
"2776228649","2113173487","0.392857"
"2113173487","2889298776","0.05"
"2889298776","2113173487","0.05"
"2119409507","2145365764","0.192857"
"2145365764","2119409507","0.192857"
"2119409507","2593331880","0.816667"
"2593331880","2119409507","0.816667"
"2119409507","2710838976","0.192857"
"2710838976","2119409507","0.192857"
"2119409507","2735317774","0.05"
"2735317774","2119409507","0.05"
"2119409507","2743574578","0.05"
"2743574578","2119409507","0.05"
"2119409507","2776228649","0.05"
"2776228649","2119409507","0.05"
"2119409507","2889298776","0.05"
"2889298776","2119409507","0.05"
"2145365764","2593331880","0.05"
"2593331880","2145365764","0.05"
"2145365764","2710838976","0.264286"
"2710838976","2145365764","0.264286"
"2145365764","2735317774","0.121429"
"2735317774","2145365764","0.121429"
"2145365764","2743574578","0.954762"
"2743574578","2145365764","0.954762"
"2145365764","2776228649","0.121429"
"2776228649","2145365764","0.121429"
"2145365764","2889298776","0.05"
"2889298776","2145365764","0.05"
"2593331880","2710838976","1.8"
"2710838976","2593331880","1.8"
"2593331880","2735317774","1.3"
"2735317774","2593331880","1.3"
"2593331880","2743574578","0.05"
"2743574578","2593331880","0.05"
"2593331880","2776228649","1.31786"
"2776228649","2593331880","1.31786"
"2593331880","2889298776","0.75"
"2889298776","2593331880","0.75"
"2710838976","2743574578","0.291883"
"2743574578","2710838976","0.291883"
"2735317774","2743574578","0.246429"
"2743574578","2735317774","0.246429"
"2743574578","2776228649","0.720729"
"2776228649","2743574578","0.720729"
"2743574578","2889298776","0.172378"
"2889298776","2743574578","0.172378"
"1582893002","2685414441","2.79167"
"2685414441","1582893002","2.79167"
"2593331880","2685414441","12.325"
"2685414441","2593331880","12.325"
"1582893002","2538491254","0.583333"
"2538491254","1582893002","0.583333"
"2081689238","2330647764","1.17976"
"2330647764","2081689238","1.17976"
"2081689238","2538491254","0.333333"
"2538491254","2081689238","0.333333"
"2330647764","2538491254","0.333333"
"2538491254","2330647764","0.333333"
"2330647764","2593331880","3.95833"
"2593331880","2330647764","3.95833"
"1582893002","2006039709","1.97879"
"2006039709","1582893002","1.97879"
"1582893002","2065604017","4.42045"
"2065604017","1582893002","4.42045"
"1582893002","2069706582","1.21212"
"2069706582","1582893002","1.21212"
"1582893002","2144262351","0.145455"
"2144262351","1582893002","0.145455"
"1582893002","2550385540","0.0454545"
"2550385540","1582893002","0.0454545"
"1582893002","2722916767","0.312121"
"2722916767","1582893002","0.312121"
"1582893002","2757072205","0.0454545"
"2757072205","1582893002","0.0454545"
"1967082934","2006039709","0.0454545"
"2006039709","1967082934","0.0454545"
"1967082934","2065604017","0.479978"
"2065604017","1967082934","0.479978"
"1967082934","2069706582","0.289044"
"2069706582","1967082934","0.289044"
"1967082934","2144262351","1.81523"
"2144262351","1967082934","1.81523"
"1967082934","2279175224","0.622378"
"2279175224","1967082934","0.622378"
"1967082934","2304919136","0.342158"
"2304919136","1967082934","0.342158"
"1967082934","2336932237","3.17549"
"2336932237","1967082934","3.17549"
"1967082934","2550385540","1.25498"
"2550385540","1967082934","1.25498"
"1967082934","2722916767","0.0454545"
"2722916767","1967082934","0.0454545"
"1967082934","2757072205","1.12238"
"2757072205","1967082934","1.12238"
"1967082934","3006791805","0.188312"
"3006791805","1967082934","0.188312"
"1967082934","827857842","0.490967"
"827857842","1967082934","0.490967"
"1984186972","2006039709","0.0454545"
"2006039709","1984186972","0.0454545"
"1984186972","2065604017","0.0454545"
"2065604017","1984186972","0.0454545"
"1984186972","2069706582","0.462121"
"2069706582","1984186972","0.462121"
"1984186972","2144262351","0.0454545"
"2144262351","1984186972","0.0454545"
"1984186972","2279175224","0.0454545"
"2279175224","1984186972","0.0454545"
"1984186972","2304919136","0.0454545"
"2304919136","1984186972","0.0454545"
"1984186972","2336932237","0.0454545"
"2336932237","1984186972","0.0454545"
"1984186972","2550385540","0.0454545"
"2550385540","1984186972","0.0454545"
"1984186972","2722916767","0.0454545"
"2722916767","1984186972","0.0454545"
"1984186972","2757072205","0.0454545"
"2757072205","1984186972","0.0454545"
"1984186972","3006791805","0.0454545"
"3006791805","1984186972","0.0454545"
"1984186972","827857842","0.0454545"
"827857842","1984186972","0.0454545"
"2006039709","2027662587","0.145455"
"2027662587","2006039709","0.145455"
"2006039709","2045851706","0.145455"
"2045851706","2006039709","0.145455"
"2006039709","2065604017","0.645455"
"2065604017","2006039709","0.645455"
"2006039709","2069706582","0.0454545"
"2069706582","2006039709","0.0454545"
"2006039709","2081689238","1.04545"
"2081689238","2006039709","1.04545"
"2006039709","2094345233","0.478788"
"2094345233","2006039709","0.478788"
"2006039709","2144262351","0.0454545"
"2144262351","2006039709","0.0454545"
"2006039709","2279175224","0.0454545"
"2279175224","2006039709","0.0454545"
"2006039709","2304919136","0.0454545"
"2304919136","2006039709","0.0454545"
"2006039709","2336932237","0.0454545"
"2336932237","2006039709","0.0454545"
"2006039709","2550385540","0.0454545"
"2550385540","2006039709","0.0454545"
"2006039709","2710838976","0.0454545"
"2710838976","2006039709","0.0454545"
"2006039709","2722916767","0.0454545"
"2722916767","2006039709","0.0454545"
"2006039709","2743574578","0.0454545"
"2743574578","2006039709","0.0454545"
"2006039709","2757072205","0.0454545"
"2757072205","2006039709","0.0454545"
"2006039709","2776228649","0.0454545"
"2776228649","2006039709","0.0454545"
"2006039709","2889298776","0.0454545"
"2889298776","2006039709","0.0454545"
"2006039709","3006791805","0.0454545"
"3006791805","2006039709","0.0454545"
"2006039709","827857842","0.0454545"
"827857842","2006039709","0.0454545"
"2027662587","2065604017","1.23831"
"2065604017","2027662587","1.23831"
"2027662587","2069706582","0.245455"
"2069706582","2027662587","0.245455"
"2027662587","2144262351","0.145455"
"2144262351","2027662587","0.145455"
"2027662587","2550385540","0.0454545"
"2550385540","2027662587","0.0454545"
"2027662587","2722916767","0.312121"
"2722916767","2027662587","0.312121"
"2027662587","2757072205","0.122378"
"2757072205","2027662587","0.122378"
"2045851706","2065604017","1.51807"
"2065604017","2045851706","1.51807"
"2045851706","2069706582","0.247378"
"2069706582","2045851706","0.247378"
"2045851706","2144262351","4.8819"
"2144262351","2045851706","4.8819"
"2045851706","2279175224","0.122378"
"2279175224","2045851706","0.122378"
"2045851706","2304919136","0.342158"
"2304919136","2045851706","0.342158"
"2045851706","2336932237","4.44216"
"2336932237","2045851706","4.44216"
"2045851706","2722916767","0.675216"
"2722916767","2045851706","0.675216"
"2045851706","2757072205","0.318806"
"2757072205","2045851706","0.318806"
"2045851706","3006791805","0.188312"
"3006791805","2045851706","0.188312"
"2045851706","827857842","1.5743"
"827857842","2045851706","1.5743"
"2065604017","2069706582","0.920455"
"2069706582","2065604017","0.920455"
"2065604017","2081689238","0.70974"
"2081689238","2065604017","0.70974"
"2065604017","2094345233","0.466883"
"2094345233","2065604017","0.466883"
"2065604017","2144262351","0.0454545"
"2144262351","2065604017","0.0454545"
"2065604017","2279175224","0.0454545"
"2279175224","2065604017","0.0454545"
"2065604017","2304919136","0.188312"
"2304919136","2065604017","0.188312"
"2065604017","2336932237","0.0454545"
"2336932237","2065604017","0.0454545"
"2065604017","2550385540","0.0454545"
"2550385540","2065604017","0.0454545"
"2065604017","2710838976","1.80141"
"2710838976","2065604017","1.80141"
"2065604017","2722916767","1.24188"
"2722916767","2065604017","1.24188"
"2065604017","2743574578","0.50974"
"2743574578","2065604017","0.50974"
"2065604017","2757072205","0.241883"
"2757072205","2065604017","0.241883"
"2065604017","2776228649","0.116883"
"2776228649","2065604017","0.116883"
"2065604017","2889298776","0.0454545"
"2889298776","2065604017","0.0454545"
"2065604017","3006791805","0.188312"
"3006791805","2065604017","0.188312"
"2065604017","827857842","0.462121"
"827857842","2065604017","0.462121"
"2069706582","2081689238","0.245455"
"2081689238","2069706582","0.245455"
"2069706582","2094345233","0.247378"
"2094345233","2069706582","0.247378"
"2069706582","2144262351","0.322378"
"2144262351","2069706582","0.322378"
"2069706582","2279175224","0.0454545"
"2279175224","2069706582","0.0454545"
"2069706582","2304919136","0.122378"
"2304919136","2069706582","0.122378"
"2069706582","2336932237","0.122378"
"2336932237","2069706582","0.122378"
"2069706582","2550385540","0.0454545"
"2550385540","2069706582","0.0454545"
"2069706582","2710838976","0.462121"
"2710838976","2069706582","0.462121"
"2069706582","2722916767","3.50379"
"2722916767","2069706582","3.50379"
"2069706582","2743574578","0.247378"
"2743574578","2069706582","0.247378"
"2069706582","2757072205","0.503788"
"2757072205","2069706582","0.503788"
"2069706582","2776228649","0.322378"
"2776228649","2069706582","0.322378"
"2069706582","2889298776","0.0454545"
"2889298776","2069706582","0.0454545"
"2069706582","3006791805","0.378788"
"3006791805","2069706582","0.378788"
"2069706582","827857842","0.414044"
"827857842","2069706582","0.414044"
"2081689238","2144262351","1.34545"
"2144262351","2081689238","1.34545"
"2081689238","2279175224","0.0454545"
"2279175224","2081689238","0.0454545"
"2081689238","2304919136","0.0454545"
"2304919136","2081689238","0.0454545"
"2081689238","2336932237","0.0454545"
"2336932237","2081689238","0.0454545"
"2081689238","2550385540","0.0454545"
"2550385540","2081689238","0.0454545"
"2081689238","2722916767","0.216883"
"2722916767","2081689238","0.216883"
"2081689238","2757072205","1.11688"
"2757072205","2081689238","1.11688"
"2081689238","3006791805","0.0454545"
"3006791805","2081689238","0.0454545"
"2081689238","827857842","0.295455"
"827857842","2081689238","0.295455"
"2094345233","2144262351","2.28904"
"2144262351","2094345233","2.28904"
"2094345233","2550385540","0.0454545"
"2550385540","2094345233","0.0454545"
"2094345233","2722916767","1.40855"
"2722916767","2094345233","1.40855"
"2094345233","2757072205","0.985473"
"2757072205","2094345233","0.985473"
"2144262351","2279175224","0.0454545"
"2279175224","2144262351","0.0454545"
"2144262351","2304919136","0.289044"
"2304919136","2144262351","0.289044"
"2144262351","2336932237","3.2319"
"2336932237","2144262351","3.2319"
"2144262351","2550385540","1.58831"
"2550385540","2144262351","1.58831"
"2144262351","2710838976","0.245455"
"2710838976","2144262351","0.245455"
"2144262351","2722916767","0.478788"
"2722916767","2144262351","0.478788"
"2144262351","2743574578","0.772378"
"2743574578","2144262351","0.772378"
"2144262351","2757072205","0.212121"
"2757072205","2144262351","0.212121"
"2144262351","2776228649","1.68904"
"2776228649","2144262351","1.68904"
"2144262351","2889298776","0.188312"
"2889298776","2144262351","0.188312"
"2144262351","3006791805","0.0454545"
"3006791805","2144262351","0.0454545"
"2144262351","827857842","0.122378"
"827857842","2144262351","0.122378"
"2279175224","2550385540","0.0454545"
"2550385540","2279175224","0.0454545"
"2279175224","2722916767","0.0454545"
"2722916767","2279175224","0.0454545"
"2279175224","2743574578","0.322378"
"2743574578","2279175224","0.322378"
"2279175224","2757072205","0.122378"
"2757072205","2279175224","0.122378"
"2304919136","2550385540","3.04545"
"2550385540","2304919136","3.04545"
"2304919136","2722916767","0.0454545"
"2722916767","2304919136","0.0454545"
"2304919136","2743574578","1.34216"
"2743574578","2304919136","1.34216"
"2304919136","2757072205","0.289044"
"2757072205","2304919136","0.289044"
"2336932237","2550385540","1.42165"
"2550385540","2336932237","1.42165"
"2336932237","2722916767","0.0454545"
"2722916767","2336932237","0.0454545"
"2336932237","2743574578","3.2993"
"2743574578","2336932237","3.2993"
"2336932237","2757072205","0.622378"
"2757072205","2336932237","0.622378"
"2550385540","2722916767","0.0454545"
"2722916767","2550385540","0.0454545"
"2550385540","2743574578","0.545455"
"2743574578","2550385540","0.545455"
"2550385540","2757072205","0.0454545"
"2757072205","2550385540","0.0454545"
"2550385540","2776228649","2.91212"
"2776228649","2550385540","2.91212"
"2550385540","3006791805","0.545455"
"3006791805","2550385540","0.545455"
"2550385540","827857842","0.295455"
"827857842","2550385540","0.295455"
"2710838976","2722916767","1.03355"
"2722916767","2710838976","1.03355"
"2710838976","2757072205","0.616883"
"2757072205","2710838976","0.616883"
"2722916767","2743574578","0.241883"
"2743574578","2722916767","0.241883"
"2722916767","2757072205","0.575216"
"2757072205","2722916767","0.575216"
"2722916767","2889298776","0.295455"
"2889298776","2722916767","0.295455"
"2722916767","3006791805","0.378788"
"3006791805","2722916767","0.378788"
"2722916767","827857842","0.170455"
"827857842","2722916767","0.170455"
"2743574578","2757072205","2.31881"
"2757072205","2743574578","2.31881"
"2743574578","3006791805","0.188312"
"3006791805","2743574578","0.188312"
"2743574578","827857842","0.449301"
"827857842","2743574578","0.449301"
"2757072205","2776228649","0.360473"
"2776228649","2757072205","0.360473"
"2757072205","2889298776","0.855711"
"2889298776","2757072205","0.855711"
"2757072205","3006791805","2.24545"
"3006791805","2757072205","2.24545"
"2757072205","827857842","0.247378"
"827857842","2757072205","0.247378"
"2685414441","2735317774","0.571429"
"2735317774","2685414441","0.571429"
"1582893002","2023095826","0.325"
"2023095826","1582893002","0.325"
"1967082934","2023095826","0.728846"
"2023095826","1967082934","0.728846"
"1975902021","2023095826","0.225"
"2023095826","1975902021","0.225"
"1975902021","2065604017","0.375"
"2065604017","1975902021","0.375"
"1975902021","827857842","0.125"
"827857842","1975902021","0.125"
"2023095826","2065604017","0.225"
"2065604017","2023095826","0.225"
"2023095826","2094345233","0.378846"
"2094345233","2023095826","0.378846"
"2023095826","2710838976","0.125"
"2710838976","2023095826","0.125"
"2023095826","2743574578","3.42885"
"2743574578","2023095826","3.42885"
"2023095826","827857842","0.278846"
"827857842","2023095826","0.278846"
"1582893002","2500004684","0.2"
"2500004684","1582893002","0.2"
"1582893002","2731948962","0.2"
"2731948962","1582893002","0.2"
"1582893002","2964341539","0.2"
"2964341539","1582893002","0.2"
"2081689238","2500004684","0.2"
"2500004684","2081689238","0.2"
"2081689238","2731948962","0.342857"
"2731948962","2081689238","0.342857"
