"1057271128","2096519149","1.45"
"2096519149","1057271128","1.45"
"1057271128","2196788595","2.48333"
"2196788595","1057271128","2.48333"
"1057271128","2296452509","2.48333"
"2296452509","1057271128","2.48333"
"1057271128","2339482357","1.98333"
"2339482357","1057271128","1.98333"
"2096519149","2196788595","3.11667"
"2196788595","2096519149","3.11667"
"2096519149","2296452509","1.11667"
"2296452509","2096519149","1.11667"
"2096519149","2339482357","1.11667"
"2339482357","2096519149","1.11667"
"2196788595","2296452509","5.15"
"2296452509","2196788595","5.15"
"2196788595","2339482357","7.65"
"2339482357","2196788595","7.65"
"2296452509","2339482357","6.65"
"2339482357","2296452509","6.65"
"1057271128","1882945533","0.4"
"1882945533","1057271128","0.4"
"1057271128","2075397336","0.2"
"2075397336","1057271128","0.2"
"1882945533","2075397336","0.2"
"2075397336","1882945533","0.2"
"1882945533","2196788595","0.4"
"2196788595","1882945533","0.4"
"1882945533","2296452509","0.4"
"2296452509","1882945533","0.4"
"1882945533","2339482357","0.4"
"2339482357","1882945533","0.4"
"2075397336","2196788595","0.2"
"2196788595","2075397336","0.2"
"2075397336","2296452509","0.2"
"2296452509","2075397336","0.2"
"2075397336","2339482357","0.2"
"2339482357","2075397336","0.2"
"1882945533","2096519149","0.2"
"2096519149","1882945533","0.2"
"13682968","1970119074","3.92222"
"1970119074","13682968","3.92222"
"13682968","2088867561","0.811111"
"2088867561","13682968","0.811111"
"1970119074","2088867561","19.9778"
"2088867561","1970119074","19.9778"
"13682968","1487315919","0.222222"
"1487315919","13682968","0.222222"
"13682968","1553149459","0.755556"
"1553149459","13682968","0.755556"
"13682968","1573063571","0.622222"
"1573063571","13682968","0.622222"
"13682968","172980760","0.555556"
"172980760","13682968","0.555556"
"13682968","1973235218","0.361111"
"1973235218","13682968","0.361111"
"13682968","1984402586","0.422222"
"1984402586","13682968","0.422222"
"13682968","2152113949","0.422222"
"2152113949","13682968","0.422222"
"13682968","2292534709","0.361111"
"2292534709","13682968","0.361111"
"1487315919","1553149459","3.05556"
"1553149459","1487315919","3.05556"
"1487315919","1573063571","0.222222"
"1573063571","1487315919","0.222222"
"1487315919","172980760","0.555556"
"172980760","1487315919","0.555556"
"1487315919","1970119074","0.222222"
"1970119074","1487315919","0.222222"
"1487315919","1973235218","0.111111"
"1973235218","1487315919","0.111111"
"1487315919","1984402586","0.222222"
"1984402586","1487315919","0.222222"
"1487315919","2152113949","0.222222"
"2152113949","1487315919","0.222222"
"1487315919","2292534709","0.111111"
"2292534709","1487315919","0.111111"
"1553149459","1573063571","0.422222"
"1573063571","1553149459","0.422222"
"1553149459","172980760","0.888889"
"172980760","1553149459","0.888889"
"1553149459","1970119074","0.722222"
"1970119074","1553149459","0.722222"
"1553149459","1973235218","0.111111"
"1973235218","1553149459","0.111111"
"1553149459","1984402586","0.222222"
"1984402586","1553149459","0.222222"
"1553149459","2152113949","0.222222"
"2152113949","1553149459","0.222222"
"1553149459","2292534709","0.111111"
"2292534709","1553149459","0.111111"
"1573063571","172980760","0.222222"
"172980760","1573063571","0.222222"
"1573063571","1970119074","1.42222"
"1970119074","1573063571","1.42222"
"1573063571","1973235218","0.111111"
"1973235218","1573063571","0.111111"
"1573063571","1984402586","0.422222"
"1984402586","1573063571","0.422222"
"1573063571","2152113949","0.422222"
"2152113949","1573063571","0.422222"
"1573063571","2292534709","0.111111"
"2292534709","1573063571","0.111111"
"172980760","1970119074","0.222222"
"1970119074","172980760","0.222222"
"172980760","1973235218","0.111111"
"1973235218","172980760","0.111111"
"172980760","1984402586","0.722222"
"1984402586","172980760","0.722222"
"172980760","2152113949","0.722222"
"2152113949","172980760","0.722222"
"172980760","2292534709","0.111111"
"2292534709","172980760","0.111111"
"1970119074","1973235218","0.111111"
"1973235218","1970119074","0.111111"
"1970119074","1984402586","0.422222"
"1984402586","1970119074","0.422222"
"1970119074","2152113949","0.422222"
"2152113949","1970119074","0.422222"
"1970119074","2292534709","0.111111"
"2292534709","1970119074","0.111111"
"1973235218","1984402586","0.111111"
"1984402586","1973235218","0.111111"
"1973235218","2152113949","0.111111"
"2152113949","1973235218","0.111111"
"1973235218","2292534709","5.36111"
"2292534709","1973235218","5.36111"
"1984402586","2152113949","1.92222"
"2152113949","1984402586","1.92222"
"1984402586","2292534709","0.111111"
"2292534709","1984402586","0.111111"
"2152113949","2292534709","0.111111"
"2292534709","2152113949","0.111111"
"13682968","2107693920","1.45"
"2107693920","13682968","1.45"
"13682968","1564686784","1.33333"
"1564686784","13682968","1.33333"
"13682968","2103309764","0.2"
"2103309764","13682968","0.2"
"13682968","2155382821","0.2"
"2155382821","13682968","0.2"
"1553149459","2103309764","0.533333"
"2103309764","1553149459","0.533333"
"1553149459","2107693920","0.2"
"2107693920","1553149459","0.2"
"1553149459","2155382821","0.533333"
"2155382821","1553149459","0.533333"
"1573063571","2103309764","0.533333"
"2103309764","1573063571","0.533333"
"1573063571","2107693920","0.2"
"2107693920","1573063571","0.2"
"1573063571","2155382821","2.03333"
"2155382821","1573063571","2.03333"
"2103309764","2107693920","2.7"
"2107693920","2103309764","2.7"
"2103309764","2155382821","3.2"
"2155382821","2103309764","3.2"
"2107693920","2155382821","0.2"
"2155382821","2107693920","0.2"
"13682968","2096519149","1.11111"
"2096519149","13682968","1.11111"
"1487315919","2088867561","0.111111"
"2088867561","1487315919","0.111111"
"1487315919","2096519149","0.944444"
"2096519149","1487315919","0.944444"
"1553149459","2088867561","0.611111"
"2088867561","1553149459","0.611111"
"1553149459","2096519149","0.944444"
"2096519149","1553149459","0.944444"
"1573063571","2088867561","0.311111"
"2088867561","1573063571","0.311111"
"1573063571","2096519149","0.111111"
"2096519149","1573063571","0.111111"
"172980760","2088867561","1.11111"
"2088867561","172980760","1.11111"
"172980760","2096519149","0.444444"
"2096519149","172980760","0.444444"
"1970119074","2096519149","0.111111"
"2096519149","1970119074","0.111111"
"1984402586","2088867561","0.311111"
"2088867561","1984402586","0.311111"
"1984402586","2096519149","0.111111"
"2096519149","1984402586","0.111111"
"2088867561","2096519149","0.611111"
"2096519149","2088867561","0.611111"
"2088867561","2152113949","0.811111"
"2152113949","2088867561","0.811111"
"2096519149","2152113949","0.611111"
"2152113949","2096519149","0.611111"
"13682968","2293438904","0.25"
"2293438904","13682968","0.25"
"1973235218","2107693920","0.25"
"2107693920","1973235218","0.25"
"1973235218","2293438904","0.25"
"2293438904","1973235218","0.25"
"2107693920","2292534709","0.25"
"2292534709","2107693920","0.25"
"2107693920","2293438904","0.25"
"2293438904","2107693920","0.25"
"2292534709","2293438904","0.25"
"2293438904","2292534709","0.25"
"1553149459","1564686784","0.333333"
"1564686784","1553149459","0.333333"
"1564686784","172980760","1.33333"
"172980760","1564686784","1.33333"
"1480006320","1492626646","0.566667"
"1492626646","1480006320","0.566667"
"1480006320","1579790099","0.733333"
"1579790099","1480006320","0.733333"
"1480006320","1956500968","0.766667"
"1956500968","1480006320","0.766667"
"1480006320","2094867116","2.53333"
"2094867116","1480006320","2.53333"
"1480006320","2120484103","1.03333"
"2120484103","1480006320","1.03333"
"1492626646","1579790099","1.9"
"1579790099","1492626646","1.9"
"1492626646","1956500968","1.23333"
"1956500968","1492626646","1.23333"
"1492626646","2094867116","1.86667"
"2094867116","1492626646","1.86667"
"1492626646","2120484103","0.366667"
"2120484103","1492626646","0.366667"
"1579790099","1956500968","0.9"
"1956500968","1579790099","0.9"
"1579790099","2094867116","1.03333"
"2094867116","1579790099","1.03333"
"1579790099","2120484103","1.03333"
"2120484103","1579790099","1.03333"
"1956500968","2094867116","1.81111"
"2094867116","1956500968","1.81111"
"1956500968","2120484103","0.366667"
"2120484103","1956500968","0.366667"
"2094867116","2120484103","0.658333"
"2120484103","2094867116","0.658333"
"1480006320","1501265984","1.06667"
"1501265984","1480006320","1.06667"
"1480006320","1969450725","1.03333"
"1969450725","1480006320","1.03333"
"1501265984","1579790099","0.866667"
"1579790099","1501265984","0.866667"
"1501265984","1956500968","1.01111"
"1956500968","1501265984","1.01111"
"1501265984","1969450725","0.977778"
"1969450725","1501265984","0.977778"
"1501265984","2094867116","1.23611"
"2094867116","1501265984","1.23611"
"1501265984","2120484103","0.291667"
"2120484103","1501265984","0.291667"
"1579790099","1969450725","1.2"
"1969450725","1579790099","1.2"
"1956500968","1969450725","0.811111"
"1969450725","1956500968","0.811111"
"1969450725","2094867116","0.444444"
"2094867116","1969450725","0.444444"
"1969450725","2120484103","0.333333"
"2120484103","1969450725","0.333333"
"1480006320","2131980610","0.666667"
"2131980610","1480006320","0.666667"
"2120484103","2131980610","1.125"
"2131980610","2120484103","1.125"
"1492626646","1969450725","2.7"
"1969450725","1492626646","2.7"
"1492626646","2131980610","0.166667"
"2131980610","1492626646","0.166667"
"1579790099","2131980610","1.33333"
"2131980610","1579790099","1.33333"
"1969450725","2131980610","0.611111"
"2131980610","1969450725","0.611111"
"2094867116","2131980610","0.736111"
"2131980610","2094867116","0.736111"
"1492626646","1501265984","0.2"
"1501265984","1492626646","0.2"
"1480006320","2098364110","0.5"
"2098364110","1480006320","0.5"
"1480006320","2132782287","0.5"
"2132782287","1480006320","0.5"
"2098364110","2132782287","0.5"
"2132782287","2098364110","0.5"
"1480006320","2049731365","0.7"
"2049731365","1480006320","0.7"
"1480006320","2153320798","0.5"
"2153320798","1480006320","0.5"
"2049731365","2153320798","0.5"
"2153320798","2049731365","0.5"
"1480006320","2088552404","0.2"
"2088552404","1480006320","0.2"
"1480006320","2155648179","0.2"
"2155648179","1480006320","0.2"
"1501265984","2049731365","0.769444"
"2049731365","1501265984","0.769444"
"1501265984","2088552404","0.436111"
"2088552404","1501265984","0.436111"
"1501265984","2155648179","0.2"
"2155648179","1501265984","0.2"
"1956500968","2049731365","0.644444"
"2049731365","1956500968","0.644444"
"1956500968","2088552404","0.311111"
"2088552404","1956500968","0.311111"
"1956500968","2155648179","0.2"
"2155648179","1956500968","0.2"
"2049731365","2088552404","3.60278"
"2088552404","2049731365","3.60278"
"2049731365","2155648179","0.533333"
"2155648179","2049731365","0.533333"
"2088552404","2155648179","0.533333"
"2155648179","2088552404","0.533333"
"1481922426","1567588492","1.33333"
"1567588492","1481922426","1.33333"
"1481922426","2007857312","1.33333"
"2007857312","1481922426","1.33333"
"1567588492","2007857312","2.33333"
"2007857312","1567588492","2.33333"
"1481922426","2296269285","1.33333"
"2296269285","1481922426","1.33333"
"1567588492","2296269285","0.333333"
"2296269285","1567588492","0.333333"
"2007857312","2296269285","0.333333"
"2296269285","2007857312","0.333333"
"1481922426","1539916429","0.25"
"1539916429","1481922426","0.25"
"1481922426","1573373104","0.25"
"1573373104","1481922426","0.25"
"1481922426","1782867645","0.25"
"1782867645","1481922426","0.25"
"1481922426","1966623674","0.25"
"1966623674","1481922426","0.25"
"1539916429","1573373104","13.4167"
"1573373104","1539916429","13.4167"
"1539916429","1782867645","1.08333"
"1782867645","1539916429","1.08333"
"1539916429","1966623674","0.583333"
"1966623674","1539916429","0.583333"
"1573373104","1782867645","1.08333"
"1782867645","1573373104","1.08333"
"1573373104","1966623674","0.583333"
"1966623674","1573373104","0.583333"
"1782867645","1966623674","0.583333"
"1966623674","1782867645","0.583333"
"1501265984","1966623674","0.111111"
"1966623674","1501265984","0.111111"
"1501265984","2131980610","0.236111"
"2131980610","1501265984","0.236111"
"1501265984","2132782287","0.236111"
"2132782287","1501265984","0.236111"
"1501265984","2296269285","0.111111"
"2296269285","1501265984","0.111111"
"1956500968","1966623674","0.111111"
"1966623674","1956500968","0.111111"
"1956500968","2131980610","1.11111"
"2131980610","1956500968","1.11111"
"1956500968","2132782287","0.111111"
"2132782287","1956500968","0.111111"
"1956500968","2296269285","0.111111"
"2296269285","1956500968","0.111111"
"1966623674","1969450725","0.111111"
"1969450725","1966623674","0.111111"
"1966623674","2049731365","0.111111"
"2049731365","1966623674","0.111111"
"1966623674","2088552404","0.111111"
"2088552404","1966623674","0.111111"
"1966623674","2094867116","0.111111"
"2094867116","1966623674","0.111111"
"1966623674","2131980610","0.111111"
"2131980610","1966623674","0.111111"
"1966623674","2132782287","0.111111"
"2132782287","1966623674","0.111111"
"1966623674","2296269285","0.611111"
"2296269285","1966623674","0.611111"
"1969450725","2049731365","0.444444"
"2049731365","1969450725","0.444444"
"1969450725","2088552404","0.111111"
"2088552404","1969450725","0.111111"
"1969450725","2132782287","0.111111"
"2132782287","1969450725","0.111111"
"1969450725","2296269285","0.111111"
"2296269285","1969450725","0.111111"
"2049731365","2094867116","0.902778"
"2094867116","2049731365","0.902778"
"2049731365","2131980610","5.73611"
"2131980610","2049731365","5.73611"
"2049731365","2132782287","0.236111"
"2132782287","2049731365","0.236111"
"2049731365","2296269285","0.111111"
"2296269285","2049731365","0.111111"
"2088552404","2094867116","0.819444"
"2094867116","2088552404","0.819444"
"2088552404","2131980610","6.73611"
"2131980610","2088552404","6.73611"
"2088552404","2132782287","0.736111"
"2132782287","2088552404","0.736111"
"2088552404","2296269285","0.111111"
"2296269285","2088552404","0.111111"
"2094867116","2132782287","0.236111"
"2132782287","2094867116","0.236111"
"2094867116","2296269285","0.111111"
"2296269285","2094867116","0.111111"
"2131980610","2132782287","1.56944"
"2132782287","2131980610","1.56944"
"2131980610","2296269285","0.111111"
"2296269285","2131980610","0.111111"
"2132782287","2296269285","0.111111"
"2296269285","2132782287","0.111111"
"1501265984","2154326763","0.125"
"2154326763","1501265984","0.125"
"1501265984","2339482357","0.125"
"2339482357","1501265984","0.125"
"2049731365","2120484103","0.625"
"2120484103","2049731365","0.625"
"2049731365","2154326763","0.125"
"2154326763","2049731365","0.125"
"2049731365","2339482357","0.125"
"2339482357","2049731365","0.125"
"2088552404","2120484103","1.625"
"2120484103","2088552404","1.625"
"2088552404","2154326763","0.458333"
"2154326763","2088552404","0.458333"
"2088552404","2339482357","0.625"
"2339482357","2088552404","0.625"
"2094867116","2154326763","0.125"
"2154326763","2094867116","0.125"
"2094867116","2339482357","0.125"
"2339482357","2094867116","0.125"
"2120484103","2132782287","0.958333"
"2132782287","2120484103","0.958333"
"2120484103","2154326763","0.625"
"2154326763","2120484103","0.625"
"2120484103","2339482357","0.125"
"2339482357","2120484103","0.125"
"2131980610","2154326763","0.458333"
"2154326763","2131980610","0.458333"
"2131980610","2339482357","0.625"
"2339482357","2131980610","0.625"
"2132782287","2154326763","1.125"
"2154326763","2132782287","1.125"
"2132782287","2339482357","0.125"
"2339482357","2132782287","0.125"
"2154326763","2339482357","0.125"
"2339482357","2154326763","0.125"
"1501265984","1989011098","0.5"
"1989011098","1501265984","0.5"
"1501265984","2116845563","0.5"
"2116845563","1501265984","0.5"
"1989011098","2116845563","0.5"
"2116845563","1989011098","0.5"
"1503723567","1973235218","1"
"1973235218","1503723567","1"
"1503723567","2042928095","1"
"2042928095","1503723567","1"
"1539916429","2088552404","0.333333"
"2088552404","1539916429","0.333333"
"1539916429","2153320798","0.333333"
"2153320798","1539916429","0.333333"
"1573373104","2088552404","0.333333"
"2088552404","1573373104","0.333333"
"1573373104","2153320798","0.333333"
"2153320798","1573373104","0.333333"
"2088552404","2153320798","0.583333"
"2153320798","2088552404","0.583333"
"1549803660","1995841043","1.75"
"1995841043","1549803660","1.75"
"1549803660","2042868583","0.583333"
"2042868583","1549803660","0.583333"
"1549803660","2058697244","0.25"
"2058697244","1549803660","0.25"
"1549803660","2077933309","0.916667"
"2077933309","1549803660","0.916667"
"1549803660","2155648179","3.5"
"2155648179","1549803660","3.5"
"1549803660","2161033415","1.16667"
"2161033415","1549803660","1.16667"
"1995841043","2042868583","0.642857"
"2042868583","1995841043","0.642857"
"1995841043","2058697244","0.25"
"2058697244","1995841043","0.25"
"1995841043","2077933309","0.97619"
"2077933309","1995841043","0.97619"
"1995841043","2155648179","6.89286"
"2155648179","1995841043","6.89286"
"1995841043","2161033415","1.41667"
"2161033415","1995841043","1.41667"
"2042868583","2058697244","0.95"
"2058697244","2042868583","0.95"
"2042868583","2077933309","1.47619"
"2077933309","2042868583","1.47619"
"2042868583","2155648179","0.592857"
"2155648179","2042868583","0.592857"
"2042868583","2161033415","0.45"
"2161033415","2042868583","0.45"
"2058697244","2077933309","0.25"
"2077933309","2058697244","0.25"
"2058697244","2155648179","0.45"
"2155648179","2058697244","0.45"
"2058697244","2161033415","0.45"
"2161033415","2058697244","0.45"
"2077933309","2155648179","0.72619"
"2155648179","2077933309","0.72619"
"2077933309","2161033415","0.25"
"2161033415","2077933309","0.25"
"2155648179","2161033415","2.86667"
"2161033415","2155648179","2.86667"
"1549803660","2106591180","2.83333"
"2106591180","1549803660","2.83333"
"1549803660","2133986878","0.416667"
"2133986878","1549803660","0.416667"
"2042868583","2133986878","4.00952"
"2133986878","2042868583","4.00952"
"2077933309","2133986878","1.30952"
"2133986878","2077933309","1.30952"
"1549803660","1567588492","0.25"
"1567588492","1549803660","0.25"
"1567588492","2106591180","0.25"
"2106591180","1567588492","0.25"
"1567588492","2155648179","0.25"
"2155648179","1567588492","0.25"
"1567588492","2161033415","0.25"
"2161033415","1567588492","0.25"
"2106591180","2155648179","2.33333"
"2155648179","2106591180","2.33333"
"2106591180","2161033415","0.333333"
"2161033415","2106591180","0.333333"
"1549803660","1553149459","0.0833333"
"1553149459","1549803660","0.0833333"
"1549803660","2042928095","0.0833333"
"2042928095","1549803660","0.0833333"
"1549803660","2157639852","0.0833333"
"2157639852","1549803660","0.0833333"
"1549803660","2592956328","0.0833333"
"2592956328","1549803660","0.0833333"
"1553149459","1995841043","0.333333"
"1995841043","1553149459","0.333333"
"1553149459","2042868583","0.333333"
"2042868583","1553149459","0.333333"
"1553149459","2042928095","0.0833333"
"2042928095","1553149459","0.0833333"
"1553149459","2058697244","0.0833333"
"2058697244","1553149459","0.0833333"
"1553149459","2077933309","0.333333"
"2077933309","1553149459","0.333333"
"1553149459","2106591180","0.0833333"
"2106591180","1553149459","0.0833333"
"1553149459","2133986878","0.333333"
"2133986878","1553149459","0.333333"
"1553149459","2155648179","0.0833333"
"2155648179","1553149459","0.0833333"
"1553149459","2157639852","0.0833333"
"2157639852","1553149459","0.0833333"
"1553149459","2161033415","0.0833333"
"2161033415","1553149459","0.0833333"
"1553149459","2592956328","0.0833333"
"2592956328","1553149459","0.0833333"
"1995841043","2042928095","0.22619"
"2042928095","1995841043","0.22619"
"1995841043","2106591180","0.583333"
"2106591180","1995841043","0.583333"
"1995841043","2133986878","0.47619"
"2133986878","1995841043","0.47619"
"1995841043","2157639852","0.0833333"
"2157639852","1995841043","0.0833333"
"1995841043","2592956328","0.22619"
"2592956328","1995841043","0.22619"
"2042868583","2042928095","0.22619"
"2042928095","2042868583","0.22619"
"2042868583","2106591180","0.0833333"
"2106591180","2042868583","0.0833333"
"2042868583","2157639852","0.0833333"
"2157639852","2042868583","0.0833333"
"2042868583","2592956328","0.42619"
"2592956328","2042868583","0.42619"
"2042928095","2058697244","0.0833333"
"2058697244","2042928095","0.0833333"
"2042928095","2077933309","0.22619"
"2077933309","2042928095","0.22619"
"2042928095","2106591180","0.0833333"
"2106591180","2042928095","0.0833333"
"2042928095","2133986878","0.22619"
"2133986878","2042928095","0.22619"
"2042928095","2155648179","1.22619"
"2155648179","2042928095","1.22619"
"2042928095","2157639852","1.08333"
"2157639852","2042928095","1.08333"
"2042928095","2161033415","0.0833333"
"2161033415","2042928095","0.0833333"
"2042928095","2592956328","0.22619"
"2592956328","2042928095","0.22619"
"2058697244","2106591180","0.0833333"
"2106591180","2058697244","0.0833333"
"2058697244","2133986878","0.783333"
"2133986878","2058697244","0.783333"
"2058697244","2157639852","0.0833333"
"2157639852","2058697244","0.0833333"
"2058697244","2592956328","0.283333"
"2592956328","2058697244","0.283333"
"2077933309","2106591180","0.0833333"
"2106591180","2077933309","0.0833333"
"2077933309","2157639852","0.0833333"
"2157639852","2077933309","0.0833333"
"2077933309","2592956328","0.22619"
"2592956328","2077933309","0.22619"
"2106591180","2133986878","0.0833333"
"2133986878","2106591180","0.0833333"
"2106591180","2157639852","0.0833333"
"2157639852","2106591180","0.0833333"
"2106591180","2592956328","0.0833333"
"2592956328","2106591180","0.0833333"
"2133986878","2155648179","0.42619"
"2155648179","2133986878","0.42619"
"2133986878","2157639852","0.0833333"
"2157639852","2133986878","0.0833333"
"2133986878","2161033415","1.28333"
"2161033415","2133986878","1.28333"
"2133986878","2592956328","0.42619"
"2592956328","2133986878","0.42619"
"2155648179","2157639852","0.0833333"
"2157639852","2155648179","0.0833333"
"2155648179","2592956328","0.42619"
"2592956328","2155648179","0.42619"
"2157639852","2161033415","0.0833333"
"2161033415","2157639852","0.0833333"
"2157639852","2592956328","2.08333"
"2592956328","2157639852","2.08333"
"2161033415","2592956328","0.283333"
"2592956328","2161033415","0.283333"
"1553149459","2293438904","0.333333"
"2293438904","1553149459","0.333333"
"2103309764","2293438904","0.333333"
"2293438904","2103309764","0.333333"
"2155382821","2293438904","0.333333"
"2293438904","2155382821","0.333333"
"1564686784","2088867561","1"
"2088867561","1564686784","1"
"1564686784","1970119074","1"
"1970119074","1564686784","1"
"1567588492","2134984347","1"
"2134984347","1567588492","1"
"1573063571","2996036406","1"
"2996036406","1573063571","1"
"1573063571","2042928095","1"
"2042928095","1573063571","1"
"1573063571","2592956328","1"
"2592956328","1573063571","1"
"1573063571","1579790099","0.5"
"1579790099","1573063571","0.5"
"1579790099","2155382821","1"
"2155382821","1579790099","1"
"1573063571","2134984347","1.33333"
"2134984347","1573063571","1.33333"
"2103309764","2134984347","6.83333"
"2134984347","2103309764","6.83333"
"2134984347","2155382821","1.33333"
"2155382821","2134984347","1.33333"
"1573373104","1882945533","1"
"1882945533","1573373104","1"
"1579790099","2185705173","0.5"
"2185705173","1579790099","0.5"
"2155382821","2185705173","0.5"
"2185705173","2155382821","0.5"
"1579790099","2088552404","0.833333"
"2088552404","1579790099","0.833333"
"1579790099","2154326763","0.333333"
"2154326763","1579790099","0.333333"
"1579790099","2049731365","0.833333"
"2049731365","1579790099","0.833333"
"1596596591","2027268507","4.5"
"2027268507","1596596591","4.5"
"1596596591","1973291079","0.5"
"1973291079","1596596591","0.5"
"1973291079","2027268507","2"
"2027268507","1973291079","2"
"1596596591","2029018432","0.5"
"2029018432","1596596591","0.5"
"1596596591","2049731365","0.5"
"2049731365","1596596591","0.5"
"2029018432","2049731365","0.5"
"2049731365","2029018432","0.5"
"1603106208","1989011098","0.5"
"1989011098","1603106208","0.5"
"1603106208","2049731365","0.5"
"2049731365","1603106208","0.5"
"1989011098","2049731365","0.5"
"2049731365","1989011098","0.5"
"1882945533","2604164144","1"
"2604164144","1882945533","1"
"1956500968","2153320798","1"
"2153320798","1956500968","1"
"1956500968","2098364110","1"
"2098364110","1956500968","1"
"1956500968","2116845563","0.5"
"2116845563","1956500968","0.5"
"2094867116","2116845563","0.75"
"2116845563","2094867116","0.75"
"1966623674","2155648179","0.5"
"2155648179","1966623674","0.5"
"2155648179","2296269285","0.5"
"2296269285","2155648179","0.5"
"1970119074","2103309764","1.33333"
"2103309764","1970119074","1.33333"
"2088867561","2103309764","1.33333"
"2103309764","2088867561","1.33333"
"1970119074","2134984347","0.333333"
"2134984347","1970119074","0.333333"
"1970119074","2604164144","0.333333"
"2604164144","1970119074","0.333333"
"2088867561","2134984347","0.333333"
"2134984347","2088867561","0.333333"
"2088867561","2604164144","1.33333"
"2604164144","2088867561","1.33333"
"2134984347","2604164144","0.333333"
"2604164144","2134984347","0.333333"
"1970119074","2155382821","0.333333"
"2155382821","1970119074","0.333333"
"2088867561","2155382821","0.333333"
"2155382821","2088867561","0.333333"
"1970119074","2075397336","1"
"2075397336","1970119074","1"
"1970119074","1995841043","0.142857"
"1995841043","1970119074","0.142857"
"1970119074","2042868583","0.142857"
"2042868583","1970119074","0.142857"
"1970119074","2042928095","0.142857"
"2042928095","1970119074","0.142857"
"1970119074","2077933309","0.142857"
"2077933309","1970119074","0.142857"
"1970119074","2133986878","0.142857"
"2133986878","1970119074","0.142857"
"1970119074","2155648179","0.142857"
"2155648179","1970119074","0.142857"
"1970119074","2592956328","0.142857"
"2592956328","1970119074","0.142857"
"1973291079","1982525351","4.66667"
"1982525351","1973291079","4.66667"
"1982525351","2027268507","0.5"
"2027268507","1982525351","0.5"
"1973291079","2039795745","5"
"2039795745","1973291079","5"
"1973291079","2048954306","1.5"
"2048954306","1973291079","1.5"
"2039795745","2048954306","3"
"2048954306","2039795745","3"
"1982525351","2039795745","6.66667"
"2039795745","1982525351","6.66667"
"1982525351","2048954306","1.16667"
"2048954306","1982525351","1.16667"
"1973291079","2098364110","0.333333"
"2098364110","1973291079","0.333333"
"2039795745","2098364110","1.33333"
"2098364110","2039795745","1.33333"
"2048954306","2098364110","2.33333"
"2098364110","2048954306","2.33333"
"1989011098","2098364110","1"
"2098364110","1989011098","1"
"2027268507","2029018432","1"
"2029018432","2027268507","1"
"2042928095","2081124084","1"
"2081124084","2042928095","1"
"2048954306","2884605918","1"
"2884605918","2048954306","1"
"2131980610","2155648179","0.333333"
"2155648179","2131980610","0.333333"
"2077933309","2566169553","1"
"2566169553","2077933309","1"
"2077933309","2296269285","1"
"2296269285","2077933309","1"
"2088552404","2098364110","0.25"
"2098364110","2088552404","0.25"
"2088552404","2116845563","0.25"
"2116845563","2088552404","0.25"
"2094867116","2098364110","0.25"
"2098364110","2094867116","0.25"
"2094867116","2153320798","0.25"
"2153320798","2094867116","0.25"
"2098364110","2116845563","0.25"
"2116845563","2098364110","0.25"
"2098364110","2153320798","1.25"
"2153320798","2098364110","1.25"
"2116845563","2153320798","2.25"
"2153320798","2116845563","2.25"
"2107693920","2134984347","2.5"
"2134984347","2107693920","2.5"
"2106591180","2296269285","2"
"2296269285","2106591180","2"
"2106591180","2120484103","0.333333"
"2120484103","2106591180","0.333333"
"2106591180","2131980610","0.333333"
"2131980610","2106591180","0.333333"
"2106591180","2132782287","0.333333"
"2132782287","2106591180","0.333333"
"2120484103","2296269285","0.5"
"2296269285","2120484103","0.5"
"2154326763","2296269285","1.5"
"2296269285","2154326763","1.5"
"2142680014","2566169553","2.61111"
"2566169553","2142680014","2.61111"
"2142680014","2887704715","4.25556"
"2887704715","2142680014","4.25556"
"2142680014","2530385528","3.12222"
"2530385528","2142680014","3.12222"
"2142680014","2871948634","4.17778"
"2871948634","2142680014","4.17778"
"2530385528","2871948634","4.9547"
"2871948634","2530385528","4.9547"
"2530385528","2887704715","0.999145"
"2887704715","2530385528","0.999145"
"2871948634","2887704715","3.69756"
"2887704715","2871948634","3.69756"
"2142680014","2215189433","1.92222"
"2215189433","2142680014","1.92222"
"2142680014","2811493170","1.64444"
"2811493170","2142680014","1.64444"
"2215189433","2811493170","1.08803"
"2811493170","2215189433","1.08803"
"2215189433","2887704715","1.29915"
"2887704715","2215189433","1.29915"
"2811493170","2887704715","2.86422"
"2887704715","2811493170","2.86422"
"2142680014","2890044969","0.366667"
"2890044969","2142680014","0.366667"
"2142680014","2984636935","0.922222"
"2984636935","2142680014","0.922222"
"2530385528","2566169553","1.3547"
"2566169553","2530385528","1.3547"
"2530385528","2890044969","7.86667"
"2890044969","2530385528","7.86667"
"2530385528","2984636935","0.665812"
"2984636935","2530385528","0.665812"
"2566169553","2871948634","0.24359"
"2871948634","2566169553","0.24359"
"2566169553","2887704715","0.688034"
"2887704715","2566169553","0.688034"
"2566169553","2890044969","0.166667"
"2890044969","2566169553","0.166667"
"2566169553","2984636935","0.688034"
"2984636935","2566169553","0.688034"
"2871948634","2890044969","1.2"
"2890044969","2871948634","1.2"
"2871948634","2984636935","0.888034"
"2984636935","2871948634","0.888034"
"2887704715","2890044969","0.366667"
"2890044969","2887704715","0.366667"
"2887704715","2984636935","1.19915"
"2984636935","2887704715","1.19915"
"2890044969","2984636935","0.366667"
"2984636935","2890044969","0.366667"
"2811493170","2871948634","3.78645"
"2871948634","2811493170","3.78645"
"2215189433","2871948634","3.42137"
"2871948634","2215189433","3.42137"
"2142680014","2618063503","0.2"
"2618063503","2142680014","0.2"
"2215189433","2530385528","0.865812"
"2530385528","2215189433","0.865812"
"2215189433","2618063503","1.97692"
"2618063503","2215189433","1.97692"
"2530385528","2618063503","0.476923"
"2618063503","2530385528","0.476923"
"2530385528","2811493170","1.7547"
"2811493170","2530385528","1.7547"
"2618063503","2811493170","1.31978"
"2811493170","2618063503","1.31978"
"2618063503","2871948634","1.61978"
"2871948634","2618063503","1.61978"
"2142680014","2292534709","1"
"2292534709","2142680014","1"
"2142680014","2488737112","0.222222"
"2488737112","2142680014","0.222222"
"2142680014","2897920636","0.111111"
"2897920636","2142680014","0.111111"
"2142680014","2996036406","0.222222"
"2996036406","2142680014","0.222222"
"2215189433","2488737112","0.465812"
"2488737112","2215189433","0.465812"
"2215189433","2566169553","0.188034"
"2566169553","2215189433","0.188034"
"2215189433","2897920636","1.3547"
"2897920636","2215189433","1.3547"
"2215189433","2984636935","0.299145"
"2984636935","2215189433","0.299145"
"2215189433","2996036406","0.299145"
"2996036406","2215189433","0.299145"
"2488737112","2530385528","0.465812"
"2530385528","2488737112","0.465812"
"2488737112","2566169553","0.188034"
"2566169553","2488737112","0.188034"
"2488737112","2811493170","1.68803"
"2811493170","2488737112","1.68803"
"2488737112","2887704715","0.299145"
"2887704715","2488737112","0.299145"
"2488737112","2897920636","0.354701"
"2897920636","2488737112","0.354701"
"2488737112","2984636935","0.632479"
"2984636935","2488737112","0.632479"
"2488737112","2996036406","0.299145"
"2996036406","2488737112","0.299145"
"2530385528","2897920636","0.354701"
"2897920636","2530385528","0.354701"
"2530385528","2996036406","0.299145"
"2996036406","2530385528","0.299145"
"2566169553","2811493170","0.188034"
"2811493170","2566169553","0.188034"
"2566169553","2897920636","0.188034"
"2897920636","2566169553","0.188034"
"2566169553","2996036406","0.188034"
"2996036406","2566169553","0.188034"
"2811493170","2897920636","0.697558"
"2897920636","2811493170","0.697558"
"2811493170","2984636935","1.0547"
"2984636935","2811493170","1.0547"
"2811493170","2996036406","1.52137"
"2996036406","2811493170","1.52137"
"2887704715","2897920636","1.03089"
"2897920636","2887704715","1.03089"
"2887704715","2996036406","1.29915"
"2996036406","2887704715","1.29915"
"2897920636","2984636935","0.388034"
"2984636935","2897920636","0.388034"
"2897920636","2996036406","0.188034"
"2996036406","2897920636","0.188034"
"2984636935","2996036406","5.46581"
"2996036406","2984636935","5.46581"
"2142680014","2949736060","0.111111"
"2949736060","2142680014","0.111111"
"2142680014","2982455587","0.111111"
"2982455587","2142680014","0.111111"
"2215189433","2949736060","0.354701"
"2949736060","2215189433","0.354701"
"2215189433","2982455587","0.111111"
"2982455587","2215189433","0.111111"
"2488737112","2871948634","0.688034"
"2871948634","2488737112","0.688034"
"2488737112","2949736060","0.354701"
"2949736060","2488737112","0.354701"
"2488737112","2982455587","0.111111"
"2982455587","2488737112","0.111111"
"2530385528","2949736060","0.354701"
"2949736060","2530385528","0.354701"
"2530385528","2982455587","0.111111"
"2982455587","2530385528","0.111111"
"2871948634","2949736060","1.49756"
"2949736060","2871948634","1.49756"
"2871948634","2982455587","0.777778"
"2982455587","2871948634","0.777778"
"2871948634","2996036406","0.188034"
"2996036406","2871948634","0.188034"
"2887704715","2949736060","0.330891"
"2949736060","2887704715","0.330891"
"2887704715","2982455587","0.111111"
"2982455587","2887704715","0.111111"
"2949736060","2982455587","0.444444"
"2982455587","2949736060","0.444444"
"2949736060","2984636935","0.521368"
"2984636935","2949736060","0.521368"
"2949736060","2996036406","0.521368"
"2996036406","2949736060","0.521368"
"2982455587","2984636935","1.27778"
"2984636935","2982455587","1.27778"
"2982455587","2996036406","1.77778"
"2996036406","2982455587","1.77778"
"2811493170","2949736060","0.886447"
"2949736060","2811493170","0.886447"
"2871948634","2897920636","1.88645"
"2897920636","2871948634","1.88645"
"2897920636","2949736060","0.386447"
"2949736060","2897920636","0.386447"
"2215189433","2612420148","0.276923"
"2612420148","2215189433","0.276923"
"2215189433","2884605918","0.0769231"
"2884605918","2215189433","0.0769231"
"2488737112","2612420148","0.0769231"
"2612420148","2488737112","0.0769231"
"2488737112","2618063503","0.0769231"
"2618063503","2488737112","0.0769231"
"2488737112","2884605918","0.0769231"
"2884605918","2488737112","0.0769231"
"2530385528","2612420148","1.27692"
"2612420148","2530385528","1.27692"
"2530385528","2884605918","1.07692"
"2884605918","2530385528","1.07692"
"2566169553","2612420148","0.0769231"
"2612420148","2566169553","0.0769231"
"2566169553","2618063503","0.0769231"
"2618063503","2566169553","0.0769231"
"2566169553","2884605918","0.0769231"
"2884605918","2566169553","0.0769231"
"2566169553","2949736060","0.0769231"
"2949736060","2566169553","0.0769231"
"2612420148","2618063503","0.41978"
"2618063503","2612420148","0.41978"
"2612420148","2811493170","0.41978"
"2811493170","2612420148","0.41978"
"2612420148","2871948634","0.41978"
"2871948634","2612420148","0.41978"
"2612420148","2884605918","0.21978"
"2884605918","2612420148","0.21978"
"2612420148","2887704715","0.21978"
"2887704715","2612420148","0.21978"
"2612420148","2897920636","0.21978"
"2897920636","2612420148","0.21978"
"2612420148","2949736060","0.21978"
"2949736060","2612420148","0.21978"
"2612420148","2984636935","0.0769231"
"2984636935","2612420148","0.0769231"
"2612420148","2996036406","0.0769231"
"2996036406","2612420148","0.0769231"
"2618063503","2884605918","0.41978"
"2884605918","2618063503","0.41978"
"2618063503","2887704715","0.91978"
"2887704715","2618063503","0.91978"
"2618063503","2897920636","0.41978"
"2897920636","2618063503","0.41978"
"2618063503","2949736060","0.71978"
"2949736060","2618063503","0.71978"
"2618063503","2984636935","0.276923"
"2984636935","2618063503","0.276923"
"2618063503","2996036406","0.0769231"
"2996036406","2618063503","0.0769231"
"2811493170","2884605918","0.41978"
"2884605918","2811493170","0.41978"
"2871948634","2884605918","0.21978"
"2884605918","2871948634","0.21978"
"2884605918","2887704715","0.41978"
"2887704715","2884605918","0.41978"
"2884605918","2897920636","0.41978"
"2897920636","2884605918","0.41978"
"2884605918","2949736060","0.21978"
"2949736060","2884605918","0.21978"
"2884605918","2984636935","0.276923"
"2984636935","2884605918","0.276923"
"2884605918","2996036406","0.0769231"
"2996036406","2884605918","0.0769231"
"2592956328","51329565","1"
"51329565","2592956328","1"
"2811493170","2890044969","0.333333"
"2890044969","2811493170","0.333333"
"2811493170","2982455587","1"
"2982455587","2811493170","1"
"2890044969","2982455587","0.333333"
"2982455587","2890044969","0.333333"
"2811493170","2981849325","0.333333"
"2981849325","2811493170","0.333333"
"2871948634","2981849325","0.333333"
"2981849325","2871948634","0.333333"
"2981849325","2982455587","3.83333"
"2982455587","2981849325","3.83333"
"2890044969","2949736060","1"
"2949736060","2890044969","1"
"2981849325","2996036406","1.5"
"2996036406","2981849325","1.5"
