"1496881388","1607829561","0.2"
"1607829561","1496881388","0.2"
"1496881388","2006996936","0.2"
"2006996936","1496881388","0.2"
"1496881388","2021581601","0.2"
"2021581601","1496881388","0.2"
"1496881388","2134087355","0.2"
"2134087355","1496881388","0.2"
"1496881388","2147028271","0.92761"
"2147028271","1496881388","0.92761"
"1607829561","2006996936","0.237037"
"2006996936","1607829561","0.237037"
"1607829561","2021581601","0.2"
"2021581601","1607829561","0.2"
"1607829561","2134087355","9.73704"
"2134087355","1607829561","9.73704"
"1607829561","2147028271","0.2"
"2147028271","1607829561","0.2"
"2006996936","2021581601","0.342857"
"2021581601","2006996936","0.342857"
"2006996936","2134087355","0.237037"
"2134087355","2006996936","0.237037"
"2006996936","2147028271","0.2"
"2147028271","2006996936","0.2"
"2021581601","2134087355","0.2"
"2134087355","2021581601","0.2"
"2021581601","2147028271","0.7"
"2147028271","2021581601","0.7"
"2134087355","2147028271","0.396429"
"2147028271","2134087355","0.396429"
"1496881388","1981732427","0.394276"
"1981732427","1496881388","0.394276"
"1496881388","2006608770","0.394276"
"2006608770","1496881388","0.394276"
"1496881388","2038807029","0.394276"
"2038807029","1496881388","0.394276"
"1496881388","2138662031","1.78072"
"2138662031","1496881388","1.78072"
"1981732427","2006608770","8.81094"
"2006608770","1981732427","8.81094"
"1981732427","2038807029","0.588721"
"2038807029","1981732427","0.588721"
"1981732427","2138662031","2.58872"
"2138662031","1981732427","2.58872"
"1981732427","2147028271","0.60261"
"2147028271","1981732427","0.60261"
"2006608770","2038807029","0.47761"
"2038807029","2006608770","0.47761"
"2006608770","2138662031","0.97761"
"2138662031","2006608770","0.97761"
"2006608770","2147028271","0.47761"
"2147028271","2006608770","0.47761"
"2038807029","2138662031","2.16372"
"2138662031","2038807029","2.16372"
"2038807029","2147028271","0.47761"
"2147028271","2038807029","0.47761"
"2138662031","2147028271","9.49348"
"2147028271","2138662031","9.49348"
"1496881388","2033167020","1.09857"
"2033167020","1496881388","1.09857"
"1496881388","2141897300","0.598568"
"2141897300","1496881388","0.598568"
"2033167020","2138662031","2.69186"
"2138662031","2033167020","2.69186"
"2033167020","2141897300","1.13233"
"2141897300","2033167020","1.13233"
"2138662031","2141897300","1.43948"
"2141897300","2138662031","1.43948"
"1496881388","1550088701","0.21978"
"1550088701","1496881388","0.21978"
"1496881388","1987205804","0.292262"
"1987205804","1496881388","0.292262"
"1496881388","2026095310","0.375595"
"2026095310","1496881388","0.375595"
"1496881388","2125203709","0.246807"
"2125203709","1496881388","0.246807"
"1550088701","1987205804","0.797432"
"1987205804","1550088701","0.797432"
"1550088701","2026095310","0.444023"
"2026095310","1550088701","0.444023"
"1550088701","2033167020","0.83688"
"2033167020","1550088701","0.83688"
"1550088701","2125203709","1.19029"
"2125203709","1550088701","1.19029"
"1550088701","2138662031","1.19029"
"2138662031","1550088701","1.19029"
"1550088701","2141897300","0.360689"
"2141897300","1550088701","0.360689"
"1987205804","2026095310","0.799838"
"2026095310","1987205804","0.799838"
"1987205804","2033167020","0.689477"
"2033167020","1987205804","0.689477"
"1987205804","2125203709","1.54529"
"2125203709","1987205804","1.54529"
"1987205804","2138662031","1.79908"
"2138662031","1987205804","1.79908"
"1987205804","2141897300","0.556144"
"2141897300","1987205804","0.556144"
"2026095310","2033167020","0.398568"
"2033167020","2026095310","0.398568"
"2026095310","2125203709","1.67105"
"2125203709","2026095310","1.67105"
"2026095310","2138662031","3.82762"
"2138662031","2026095310","3.82762"
"2026095310","2141897300","0.315235"
"2141897300","2026095310","0.315235"
"2033167020","2125203709","2.06307"
"2125203709","2033167020","2.06307"
"2125203709","2138662031","8.07982"
"2138662031","2125203709","8.07982"
"2125203709","2141897300","0.953546"
"2141897300","2125203709","0.953546"
"1496881388","2015338694","0.2"
"2015338694","1496881388","0.2"
"1496881388","2037022968","0.265489"
"2037022968","1496881388","0.265489"
"1496881388","2068333205","0.2"
"2068333205","1496881388","0.2"
"1496881388","2076227143","0.2"
"2076227143","1496881388","0.2"
"1496881388","2141175968","0.2"
"2141175968","1496881388","0.2"
"2015338694","2037022968","0.45"
"2037022968","2015338694","0.45"
"2015338694","2068333205","0.45"
"2068333205","2015338694","0.45"
"2015338694","2076227143","1.12424"
"2076227143","2015338694","1.12424"
"2015338694","2141175968","0.624242"
"2141175968","2015338694","0.624242"
"2037022968","2068333205","0.575"
"2068333205","2037022968","0.575"
"2037022968","2076227143","0.325"
"2076227143","2037022968","0.325"
"2037022968","2141175968","0.325"
"2141175968","2037022968","0.325"
"2068333205","2076227143","2.05119"
"2076227143","2068333205","2.05119"
"2068333205","2141175968","1.05119"
"2141175968","2068333205","1.05119"
"2076227143","2141175968","1.47543"
"2141175968","2076227143","1.47543"
"1496881388","1514893825","0.398822"
"1514893825","1496881388","0.398822"
"1514893825","2138662031","4.50993"
"2138662031","1514893825","4.50993"
"1514893825","2147028271","4.02382"
"2147028271","1514893825","4.02382"
"1496881388","1573431506","0.0769231"
"1573431506","1496881388","0.0769231"
"1496881388","2124575832","0.244172"
"2124575832","1496881388","0.244172"
"1496881388","2135050452","0.0769231"
"2135050452","1496881388","0.0769231"
"1496881388","2140795521","0.187866"
"2140795521","1496881388","0.187866"
"1496881388","2142009257","0.2712"
"2142009257","1496881388","0.2712"
"1496881388","2163652601","0.187866"
"2163652601","1496881388","0.187866"
"1550088701","1573431506","0.33228"
"1573431506","1550088701","0.33228"
"1550088701","2124575832","0.139423"
"2124575832","1550088701","0.139423"
"1550088701","2135050452","0.454575"
"2135050452","1550088701","0.454575"
"1550088701","2140795521","0.280332"
"2140795521","1550088701","0.280332"
"1550088701","2142009257","0.139423"
"2142009257","1550088701","0.139423"
"1550088701","2163652601","0.508741"
"2163652601","1550088701","0.508741"
"1573431506","1987205804","0.139423"
"1987205804","1573431506","0.139423"
"1573431506","2026095310","0.126923"
"2026095310","1573431506","0.126923"
"1573431506","2033167020","0.662637"
"2033167020","1573431506","0.662637"
"1573431506","2124575832","0.139423"
"2124575832","1573431506","0.139423"
"1573431506","2125203709","2.73228"
"2125203709","1573431506","2.73228"
"1573431506","2135050452","0.33228"
"2135050452","1573431506","0.33228"
"1573431506","2138662031","2.90847"
"2138662031","1573431506","2.90847"
"1573431506","2140795521","0.189423"
"2140795521","1573431506","0.189423"
"1573431506","2141897300","0.126923"
"2141897300","1573431506","0.126923"
"1573431506","2142009257","0.139423"
"2142009257","1573431506","0.139423"
"1573431506","2163652601","1.89359"
"2163652601","1573431506","1.89359"
"1987205804","2124575832","0.247378"
"2124575832","1987205804","0.247378"
"1987205804","2135050452","0.667075"
"2135050452","1987205804","0.667075"
"1987205804","2140795521","0.490314"
"2140795521","1987205804","0.490314"
"1987205804","2142009257","0.399405"
"2142009257","1987205804","0.399405"
"1987205804","2163652601","0.852056"
"2163652601","1987205804","0.852056"
"2026095310","2124575832","0.742748"
"2124575832","2026095310","0.742748"
"2026095310","2135050452","0.301165"
"2135050452","2026095310","0.301165"
"2026095310","2140795521","0.827351"
"2140795521","2026095310","0.827351"
"2026095310","2142009257","0.880886"
"2142009257","2026095310","0.880886"
"2026095310","2163652601","0.290314"
"2163652601","2026095310","0.290314"
"2033167020","2124575832","0.122378"
"2124575832","2033167020","0.122378"
"2033167020","2135050452","0.58688"
"2135050452","2033167020","0.58688"
"2033167020","2140795521","0.172378"
"2140795521","2033167020","0.172378"
"2033167020","2142009257","0.122378"
"2142009257","2033167020","0.122378"
"2033167020","2163652601","0.906144"
"2163652601","2033167020","0.906144"
"2124575832","2125203709","0.201923"
"2125203709","2124575832","0.201923"
"2124575832","2135050452","0.201923"
"2135050452","2124575832","0.201923"
"2124575832","2138662031","2.63072"
"2138662031","2124575832","2.63072"
"2124575832","2140795521","0.910178"
"2140795521","2124575832","0.910178"
"2124575832","2141897300","0.122378"
"2141897300","2124575832","0.122378"
"2124575832","2142009257","4.41775"
"2142009257","2124575832","4.41775"
"2124575832","2163652601","0.366196"
"2163652601","2124575832","0.366196"
"2125203709","2135050452","0.859932"
"2135050452","2125203709","0.859932"
"2125203709","2140795521","0.494859"
"2140795521","2125203709","0.494859"
"2125203709","2142009257","0.35395"
"2142009257","2125203709","0.35395"
"2125203709","2163652601","3.76613"
"2163652601","2125203709","3.76613"
"2135050452","2138662031","1.85993"
"2138662031","2135050452","1.85993"
"2135050452","2140795521","0.342832"
"2140795521","2135050452","0.342832"
"2135050452","2141897300","0.560689"
"2141897300","2135050452","0.560689"
"2135050452","2142009257","0.201923"
"2142009257","2135050452","0.201923"
"2135050452","2163652601","0.514098"
"2163652601","2135050452","0.514098"
"2138662031","2140795521","3.70774"
"2140795521","2138662031","3.70774"
"2138662031","2142009257","6.12362"
"2142009257","2138662031","6.12362"
"2138662031","2163652601","9.67504"
"2163652601","2138662031","9.67504"
"2140795521","2141897300","0.172378"
"2141897300","2140795521","0.172378"
"2140795521","2142009257","1.09554"
"2142009257","2140795521","1.09554"
"2140795521","2163652601","0.659132"
"2163652601","2140795521","0.659132"
"2141897300","2142009257","0.122378"
"2142009257","2141897300","0.122378"
"2141897300","2163652601","0.656144"
"2163652601","2141897300","0.656144"
"2142009257","2163652601","0.518223"
"2163652601","2142009257","0.518223"
"1496881388","1521287888","0.0454545"
"1521287888","1496881388","0.0454545"
"1496881388","2030428223","0.0724816"
"2030428223","1496881388","0.0724816"
"1496881388","2032351178","0.110943"
"2032351178","1496881388","0.110943"
"1496881388","2063972237","0.128788"
"2063972237","1496881388","0.128788"
"1496881388","2066537690","0.128788"
"2066537690","1496881388","0.128788"
"1496881388","2078977631","0.0454545"
"2078977631","1496881388","0.0454545"
"1496881388","2164634022","0.110943"
"2164634022","1496881388","0.110943"
"1496881388","2172096705","0.0724816"
"2172096705","1496881388","0.0724816"
"1496881388","2203835818","0.128788"
"2203835818","1496881388","0.128788"
"1521287888","1981732427","0.0454545"
"1981732427","1521287888","0.0454545"
"1521287888","1987205804","0.378788"
"1987205804","1521287888","0.378788"
"1521287888","2006608770","0.0454545"
"2006608770","1521287888","0.0454545"
"1521287888","2026095310","0.178788"
"2026095310","1521287888","0.178788"
"1521287888","2030428223","8.34545"
"2030428223","1521287888","8.34545"
"1521287888","2032351178","0.0454545"
"2032351178","1521287888","0.0454545"
"1521287888","2033167020","0.321645"
"2033167020","1521287888","0.321645"
"1521287888","2038807029","0.170455"
"2038807029","1521287888","0.170455"
"1521287888","2063972237","0.0454545"
"2063972237","1521287888","0.0454545"
"1521287888","2066537690","0.0454545"
"2066537690","1521287888","0.0454545"
"1521287888","2078977631","0.0454545"
"2078977631","1521287888","0.0454545"
"1521287888","2124575832","0.170455"
"2124575832","1521287888","0.170455"
"1521287888","2138662031","1.14665"
"2138662031","1521287888","1.14665"
"1521287888","2140795521","0.345455"
"2140795521","1521287888","0.345455"
"1521287888","2141897300","0.0954545"
"2141897300","1521287888","0.0954545"
"1521287888","2142009257","0.295455"
"2142009257","1521287888","0.295455"
"1521287888","2147028271","0.0454545"
"2147028271","1521287888","0.0454545"
"1521287888","2163652601","0.482955"
"2163652601","1521287888","0.482955"
"1521287888","2164634022","0.0454545"
"2164634022","1521287888","0.0454545"
"1521287888","2172096705","0.107955"
"2172096705","1521287888","0.107955"
"1521287888","2203835818","0.128788"
"2203835818","1521287888","0.128788"
"1981732427","1987205804","0.0724816"
"1987205804","1981732427","0.0724816"
"1981732427","2026095310","0.803963"
"2026095310","1981732427","0.803963"
"1981732427","2030428223","0.183593"
"2030428223","1981732427","0.183593"
"1981732427","2032351178","0.27298"
"2032351178","1981732427","0.27298"
"1981732427","2033167020","0.0454545"
"2033167020","1981732427","0.0454545"
"1981732427","2063972237","0.128788"
"2063972237","1981732427","0.128788"
"1981732427","2066537690","0.712121"
"2066537690","1981732427","0.712121"
"1981732427","2078977631","0.0454545"
"2078977631","1981732427","0.0454545"
"1981732427","2124575832","0.204286"
"2124575832","1981732427","0.204286"
"1981732427","2140795521","0.34798"
"2140795521","1981732427","0.34798"
"1981732427","2141897300","0.0454545"
"2141897300","1981732427","0.0454545"
"1981732427","2142009257","0.625758"
"2142009257","1981732427","0.625758"
"1981732427","2163652601","0.110943"
"2163652601","1981732427","0.110943"
"1981732427","2164634022","0.314647"
"2164634022","1981732427","0.314647"
"1981732427","2172096705","0.0724816"
"2172096705","1981732427","0.0724816"
"1981732427","2203835818","0.128788"
"2203835818","1981732427","0.128788"
"1987205804","2006608770","0.0724816"
"2006608770","1987205804","0.0724816"
"1987205804","2030428223","0.322482"
"2030428223","1987205804","0.322482"
"1987205804","2032351178","0.0724816"
"2032351178","1987205804","0.0724816"
"1987205804","2038807029","0.397482"
"2038807029","1987205804","0.397482"
"1987205804","2063972237","0.227273"
"2063972237","1987205804","0.227273"
"1987205804","2066537690","0.0454545"
"2066537690","1987205804","0.0454545"
"1987205804","2078977631","0.0454545"
"2078977631","1987205804","0.0454545"
"1987205804","2147028271","0.0724816"
"2147028271","1987205804","0.0724816"
"1987205804","2164634022","0.0724816"
"2164634022","1987205804","0.0724816"
"1987205804","2172096705","0.3168"
"2172096705","1987205804","0.3168"
"1987205804","2203835818","0.462121"
"2203835818","1987205804","0.462121"
"2006608770","2026095310","0.655815"
"2026095310","2006608770","0.655815"
"2006608770","2030428223","0.0724816"
"2030428223","2006608770","0.0724816"
"2006608770","2032351178","0.110943"
"2032351178","2006608770","0.110943"
"2006608770","2033167020","0.0454545"
"2033167020","2006608770","0.0454545"
"2006608770","2063972237","0.128788"
"2063972237","2006608770","0.128788"
"2006608770","2066537690","0.212121"
"2066537690","2006608770","0.212121"
"2006608770","2078977631","0.0454545"
"2078977631","2006608770","0.0454545"
"2006608770","2124575832","0.167249"
"2124575832","2006608770","0.167249"
"2006608770","2140795521","0.110943"
"2140795521","2006608770","0.110943"
"2006608770","2141897300","0.0454545"
"2141897300","2006608770","0.0454545"
"2006608770","2142009257","0.27761"
"2142009257","2006608770","0.27761"
"2006608770","2163652601","0.110943"
"2163652601","2006608770","0.110943"
"2006608770","2164634022","0.27761"
"2164634022","2006608770","0.27761"
"2006608770","2172096705","0.0724816"
"2172096705","2006608770","0.0724816"
"2006608770","2203835818","0.128788"
"2203835818","2006608770","0.128788"
"2026095310","2030428223","0.233593"
"2030428223","2026095310","0.233593"
"2026095310","2032351178","0.442852"
"2032351178","2026095310","0.442852"
"2026095310","2038807029","0.516926"
"2038807029","2026095310","0.516926"
"2026095310","2063972237","0.219697"
"2063972237","2026095310","0.219697"
"2026095310","2066537690","0.128788"
"2066537690","2026095310","0.128788"
"2026095310","2078977631","0.545455"
"2078977631","2026095310","0.545455"
"2026095310","2147028271","0.155815"
"2147028271","2026095310","0.155815"
"2026095310","2164634022","0.276185"
"2164634022","2026095310","0.276185"
"2026095310","2172096705","0.163391"
"2172096705","2026095310","0.163391"
"2026095310","2203835818","3.24545"
"2203835818","2026095310","3.24545"
"2030428223","2032351178","0.0724816"
"2032351178","2030428223","0.0724816"
"2030428223","2033167020","0.0954545"
"2033167020","2030428223","0.0954545"
"2030428223","2038807029","0.308593"
"2038807029","2030428223","0.308593"
"2030428223","2063972237","0.0454545"
"2063972237","2030428223","0.0454545"
"2030428223","2066537690","0.0454545"
"2066537690","2030428223","0.0454545"
"2030428223","2078977631","0.0454545"
"2078977631","2030428223","0.0454545"
"2030428223","2124575832","0.170455"
"2124575832","2030428223","0.170455"
"2030428223","2138662031","0.858593"
"2138662031","2030428223","0.858593"
"2030428223","2140795521","0.372482"
"2140795521","2030428223","0.372482"
"2030428223","2141897300","0.0954545"
"2141897300","2030428223","0.0954545"
"2030428223","2142009257","0.433593"
"2142009257","2030428223","0.433593"
"2030428223","2147028271","0.0724816"
"2147028271","2030428223","0.0724816"
"2030428223","2163652601","0.309982"
"2163652601","2030428223","0.309982"
"2030428223","2164634022","0.0724816"
"2164634022","2030428223","0.0724816"
"2030428223","2172096705","0.134982"
"2172096705","2030428223","0.134982"
"2030428223","2203835818","0.545455"
"2203835818","2030428223","0.545455"
"2032351178","2033167020","0.0454545"
"2033167020","2032351178","0.0454545"
"2032351178","2038807029","0.110943"
"2038807029","2032351178","0.110943"
"2032351178","2063972237","0.378788"
"2063972237","2032351178","0.378788"
"2032351178","2066537690","0.0454545"
"2066537690","2032351178","0.0454545"
"2032351178","2078977631","0.0454545"
"2078977631","2032351178","0.0454545"
"2032351178","2124575832","0.656307"
"2124575832","2032351178","0.656307"
"2032351178","2138662031","1.67963"
"2138662031","2032351178","1.67963"
"2032351178","2140795521","0.259091"
"2140795521","2032351178","0.259091"
"2032351178","2141897300","0.0454545"
"2141897300","2032351178","0.0454545"
"2032351178","2142009257","0.883334"
"2142009257","2032351178","0.883334"
"2032351178","2147028271","0.347054"
"2147028271","2032351178","0.347054"
"2032351178","2163652601","0.110943"
"2163652601","2032351178","0.110943"
"2032351178","2164634022","0.238889"
"2164634022","2032351178","0.238889"
"2032351178","2172096705","0.0724816"
"2172096705","2032351178","0.0724816"
"2032351178","2203835818","0.0454545"
"2203835818","2032351178","0.0454545"
"2033167020","2038807029","0.0454545"
"2038807029","2033167020","0.0454545"
"2033167020","2063972237","0.136364"
"2063972237","2033167020","0.136364"
"2033167020","2066537690","0.0454545"
"2066537690","2033167020","0.0454545"
"2033167020","2078977631","0.295455"
"2078977631","2033167020","0.295455"
"2033167020","2147028271","0.0454545"
"2147028271","2033167020","0.0454545"
"2033167020","2164634022","0.0454545"
"2164634022","2033167020","0.0454545"
"2033167020","2172096705","1.11255"
"2172096705","2033167020","1.11255"
"2033167020","2203835818","0.462121"
"2203835818","2033167020","0.462121"
"2038807029","2063972237","0.128788"
"2063972237","2038807029","0.128788"
"2038807029","2066537690","0.378788"
"2066537690","2038807029","0.378788"
"2038807029","2078977631","0.0454545"
"2078977631","2038807029","0.0454545"
"2038807029","2124575832","0.708916"
"2124575832","2038807029","0.708916"
"2038807029","2140795521","0.235943"
"2140795521","2038807029","0.235943"
"2038807029","2141897300","0.245455"
"2141897300","2038807029","0.245455"
"2038807029","2142009257","0.930388"
"2142009257","2038807029","0.930388"
"2038807029","2163652601","0.173443"
"2163652601","2038807029","0.173443"
"2038807029","2164634022","0.110943"
"2164634022","2038807029","0.110943"
"2038807029","2172096705","0.134982"
"2172096705","2038807029","0.134982"
"2038807029","2203835818","0.128788"
"2203835818","2038807029","0.128788"
"2063972237","2066537690","0.128788"
"2066537690","2063972237","0.128788"
"2063972237","2078977631","0.0454545"
"2078977631","2063972237","0.0454545"
"2063972237","2124575832","0.128788"
"2124575832","2063972237","0.128788"
"2063972237","2138662031","0.643939"
"2138662031","2063972237","0.643939"
"2063972237","2140795521","0.136364"
"2140795521","2063972237","0.136364"
"2063972237","2141897300","0.136364"
"2141897300","2063972237","0.136364"
"2063972237","2142009257","0.128788"
"2142009257","2063972237","0.128788"
"2063972237","2147028271","0.128788"
"2147028271","2063972237","0.128788"
"2063972237","2163652601","0.227273"
"2163652601","2063972237","0.227273"
"2063972237","2164634022","0.0454545"
"2164634022","2063972237","0.0454545"
"2063972237","2172096705","0.227273"
"2172096705","2063972237","0.227273"
"2063972237","2203835818","0.128788"
"2203835818","2063972237","0.128788"
"2066537690","2078977631","0.670455"
"2078977631","2066537690","0.670455"
"2066537690","2124575832","0.295455"
"2124575832","2066537690","0.295455"
"2066537690","2138662031","2.71212"
"2138662031","2066537690","2.71212"
"2066537690","2140795521","0.0454545"
"2140795521","2066537690","0.0454545"
"2066537690","2141897300","0.0454545"
"2141897300","2066537690","0.0454545"
"2066537690","2142009257","0.378788"
"2142009257","2066537690","0.378788"
"2066537690","2147028271","1.33712"
"2147028271","2066537690","1.33712"
"2066537690","2163652601","0.0454545"
"2163652601","2066537690","0.0454545"
"2066537690","2164634022","0.0454545"
"2164634022","2066537690","0.0454545"
"2066537690","2172096705","0.0454545"
"2172096705","2066537690","0.0454545"
"2066537690","2203835818","0.128788"
"2203835818","2066537690","0.128788"
"2078977631","2124575832","0.0454545"
"2124575832","2078977631","0.0454545"
"2078977631","2138662031","1.54545"
"2138662031","2078977631","1.54545"
"2078977631","2140795521","0.0454545"
"2140795521","2078977631","0.0454545"
"2078977631","2141897300","0.0454545"
"2141897300","2078977631","0.0454545"
"2078977631","2142009257","0.0454545"
"2142009257","2078977631","0.0454545"
"2078977631","2147028271","0.670455"
"2147028271","2078977631","0.670455"
"2078977631","2163652601","0.295455"
"2163652601","2078977631","0.295455"
"2078977631","2164634022","0.0454545"
"2164634022","2078977631","0.0454545"
"2078977631","2172096705","0.0454545"
"2172096705","2078977631","0.0454545"
"2078977631","2203835818","0.0454545"
"2203835818","2078977631","0.0454545"
"2124575832","2147028271","0.278361"
"2147028271","2124575832","0.278361"
"2124575832","2164634022","0.120953"
"2164634022","2124575832","0.120953"
"2124575832","2172096705","0.107955"
"2172096705","2124575832","0.107955"
"2124575832","2203835818","0.128788"
"2203835818","2124575832","0.128788"
"2138662031","2164634022","0.27761"
"2164634022","2138662031","0.27761"
"2138662031","2172096705","0.626324"
"2172096705","2138662031","0.626324"
"2138662031","2203835818","0.662121"
"2203835818","2138662031","0.662121"
"2140795521","2147028271","0.722054"
"2147028271","2140795521","0.722054"
"2140795521","2164634022","0.14798"
"2164634022","2140795521","0.14798"
"2140795521","2172096705","0.225891"
"2172096705","2140795521","0.225891"
"2140795521","2203835818","0.0454545"
"2203835818","2140795521","0.0454545"
"2141897300","2147028271","0.0454545"
"2147028271","2141897300","0.0454545"
"2141897300","2164634022","0.0454545"
"2164634022","2141897300","0.0454545"
"2141897300","2172096705","0.136364"
"2172096705","2141897300","0.136364"
"2141897300","2203835818","0.0454545"
"2203835818","2141897300","0.0454545"
"2142009257","2147028271","0.460149"
"2147028271","2142009257","0.460149"
"2142009257","2164634022","0.14798"
"2164634022","2142009257","0.14798"
"2142009257","2172096705","0.134982"
"2172096705","2142009257","0.134982"
"2142009257","2203835818","0.128788"
"2203835818","2142009257","0.128788"
"2147028271","2163652601","0.110943"
"2163652601","2147028271","0.110943"
"2147028271","2164634022","0.110943"
"2164634022","2147028271","0.110943"
"2147028271","2172096705","0.0724816"
"2172096705","2147028271","0.0724816"
"2147028271","2203835818","0.128788"
"2203835818","2147028271","0.128788"
"2163652601","2164634022","0.110943"
"2164634022","2163652601","0.110943"
"2163652601","2172096705","0.620966"
"2172096705","2163652601","0.620966"
"2163652601","2203835818","0.0454545"
"2203835818","2163652601","0.0454545"
"2164634022","2172096705","0.0724816"
"2172096705","2164634022","0.0724816"
"2164634022","2203835818","0.0454545"
"2203835818","2164634022","0.0454545"
"2172096705","2203835818","0.378788"
"2203835818","2172096705","0.378788"
"1496881388","2157485377","0.0833333"
"2157485377","1496881388","0.0833333"
"1981732427","2157485377","0.291667"
"2157485377","1981732427","0.291667"
"2006608770","2157485377","0.166667"
"2157485377","2006608770","0.166667"
"2026095310","2157485377","0.133333"
"2157485377","2026095310","0.133333"
"2038807029","2157485377","0.166667"
"2157485377","2038807029","0.166667"
"2063972237","2157485377","0.0833333"
"2157485377","2063972237","0.0833333"
"2066537690","2157485377","1.66667"
"2157485377","2066537690","1.66667"
"2124575832","2157485377","0.174242"
"2157485377","2124575832","0.174242"
"2138662031","2157485377","0.807576"
"2157485377","2138662031","0.807576"
"2142009257","2157485377","0.257576"
"2157485377","2142009257","0.257576"
"2147028271","2157485377","0.291667"
"2157485377","2147028271","0.291667"
"2157485377","2203835818","0.0833333"
"2203835818","2157485377","0.0833333"
"1496881388","1509167927","0.0654886"
"1509167927","1496881388","0.0654886"
"1496881388","1917780124","0.027027"
"1917780124","1496881388","0.027027"
"1496881388","1965657003","0.027027"
"1965657003","1496881388","0.027027"
"1496881388","1968719990","0.0654886"
"1968719990","1496881388","0.0654886"
"1496881388","1968927634","0.0654886"
"1968927634","1496881388","0.0654886"
"1496881388","1986447815","0.0654886"
"1986447815","1496881388","0.0654886"
"1496881388","1998024002","0.0654886"
"1998024002","1496881388","0.0654886"
"1496881388","2039499764","0.0654886"
"2039499764","1496881388","0.0654886"
"1496881388","2061491895","0.027027"
"2061491895","1496881388","0.027027"
"1496881388","2075576453","0.0654886"
"2075576453","1496881388","0.0654886"
"1496881388","2076747312","0.0654886"
"2076747312","1496881388","0.0654886"
"1496881388","2103046707","0.0654886"
"2103046707","1496881388","0.0654886"
"1496881388","2105365626","0.027027"
"2105365626","1496881388","0.027027"
"1496881388","2108009052","0.027027"
"2108009052","1496881388","0.027027"
"1496881388","2126129461","0.0654886"
"2126129461","1496881388","0.0654886"
"1496881388","2129070169","0.027027"
"2129070169","1496881388","0.027027"
"1496881388","2157008678","0.0654886"
"2157008678","1496881388","0.0654886"
"1496881388","2170508680","0.0654886"
"2170508680","1496881388","0.0654886"
"1496881388","2749971207","0.027027"
"2749971207","1496881388","0.027027"
"1496881388","72059462","0.027027"
"72059462","1496881388","0.027027"
"1509167927","1514893825","0.0654886"
"1514893825","1509167927","0.0654886"
"1509167927","1917780124","0.027027"
"1917780124","1509167927","0.027027"
"1509167927","1965657003","0.288306"
"1965657003","1509167927","0.288306"
"1509167927","1968719990","0.136917"
"1968719990","1509167927","0.136917"
"1509167927","1968927634","0.102526"
"1968927634","1509167927","0.102526"
"1509167927","1981732427","0.102526"
"1981732427","1509167927","0.102526"
"1509167927","1986447815","0.0654886"
"1986447815","1509167927","0.0654886"
"1509167927","1987205804","0.201269"
"1987205804","1509167927","0.201269"
"1509167927","1998024002","0.173954"
"1998024002","1509167927","0.173954"
"1509167927","2006608770","0.0654886"
"2006608770","1509167927","0.0654886"
"1509167927","2026095310","0.62164"
"2026095310","1509167927","0.62164"
"1509167927","2030428223","0.077027"
"2030428223","1509167927","0.077027"
"1509167927","2032351178","4.19343"
"2032351178","1509167927","4.19343"
"1509167927","2037022968","0.0654886"
"2037022968","1509167927","0.0654886"
"1509167927","2038807029","0.0654886"
"2038807029","1509167927","0.0654886"
"1509167927","2039499764","6.1482"
"2039499764","1509167927","6.1482"
"1509167927","2061491895","0.135493"
"2061491895","1509167927","0.135493"
"1509167927","2075576453","0.0654886"
"2075576453","1509167927","0.0654886"
"1509167927","2076747312","0.102526"
"2076747312","1509167927","0.102526"
"1509167927","2103046707","0.0654886"
"2103046707","1509167927","0.0654886"
"1509167927","2105365626","0.027027"
"2105365626","1509167927","0.027027"
"1509167927","2108009052","0.114064"
"2108009052","1509167927","0.114064"
"1509167927","2125203709","0.251269"
"2125203709","1509167927","0.251269"
"1509167927","2126129461","0.136917"
"2126129461","1509167927","0.136917"
"1509167927","2129070169","0.135493"
"2129070169","1509167927","0.135493"
"1509167927","2138662031","1.61874"
"2138662031","1509167927","1.61874"
"1509167927","2140795521","0.243435"
"2140795521","1509167927","0.243435"
"1509167927","2142009257","0.264863"
"2142009257","1509167927","0.264863"
"1509167927","2147028271","0.136917"
"2147028271","1509167927","0.136917"
"1509167927","2157008678","0.136917"
"2157008678","1509167927","0.136917"
"1509167927","2163652601","0.206398"
"2163652601","1509167927","0.206398"
"1509167927","2164634022","1.10253"
"2164634022","1509167927","1.10253"
"1509167927","2170508680","0.0654886"
"2170508680","1509167927","0.0654886"
"1509167927","2172096705","0.117936"
"2172096705","1509167927","0.117936"
"1509167927","2749971207","0.0640641"
"2749971207","1509167927","0.0640641"
"1509167927","72059462","0.36036"
"72059462","1509167927","0.36036"
"1514893825","1917780124","0.027027"
"1917780124","1514893825","0.027027"
"1514893825","1965657003","0.027027"
"1965657003","1514893825","0.027027"
"1514893825","1968719990","0.1766"
"1968719990","1514893825","0.1766"
"1514893825","1968927634","0.0654886"
"1968927634","1514893825","0.0654886"
"1514893825","1981732427","0.3016"
"1981732427","1514893825","0.3016"
"1514893825","1986447815","0.0654886"
"1986447815","1514893825","0.0654886"
"1514893825","1987205804","0.027027"
"1987205804","1514893825","0.027027"
"1514893825","1998024002","0.0654886"
"1998024002","1514893825","0.0654886"
"1514893825","2006608770","0.0654886"
"2006608770","1514893825","0.0654886"
"1514893825","2026095310","0.138138"
"2026095310","1514893825","0.138138"
"1514893825","2030428223","0.138138"
"2030428223","1514893825","0.138138"
"1514893825","2032351178","0.190489"
"2032351178","1514893825","0.190489"
"1514893825","2037022968","0.0654886"
"2037022968","1514893825","0.0654886"
"1514893825","2038807029","0.1766"
"2038807029","1514893825","0.1766"
"1514893825","2039499764","0.190489"
"2039499764","1514893825","0.190489"
"1514893825","2061491895","0.027027"
"2061491895","1514893825","0.027027"
"1514893825","2075576453","0.265489"
"2075576453","1514893825","0.265489"
"1514893825","2076747312","0.0654886"
"2076747312","1514893825","0.0654886"
"1514893825","2103046707","0.3766"
"2103046707","1514893825","0.3766"
"1514893825","2105365626","0.227027"
"2105365626","1514893825","0.227027"
"1514893825","2108009052","0.027027"
"2108009052","1514893825","0.027027"
"1514893825","2125203709","0.027027"
"2125203709","1514893825","0.027027"
"1514893825","2126129461","0.1766"
"2126129461","1514893825","0.1766"
"1514893825","2129070169","0.027027"
"2129070169","1514893825","0.027027"
"1514893825","2140795521","0.0654886"
"2140795521","1514893825","0.0654886"
"1514893825","2142009257","0.1766"
"2142009257","1514893825","0.1766"
"1514893825","2157008678","0.190489"
"2157008678","1514893825","0.190489"
"1514893825","2163652601","0.765489"
"2163652601","1514893825","0.765489"
"1514893825","2164634022","0.0654886"
"2164634022","1514893825","0.0654886"
"1514893825","2170508680","0.0654886"
"2170508680","1514893825","0.0654886"
"1514893825","2172096705","0.227027"
"2172096705","1514893825","0.227027"
"1514893825","2749971207","0.027027"
"2749971207","1514893825","0.027027"
"1514893825","72059462","0.027027"
"72059462","1514893825","0.027027"
"1917780124","1965657003","0.027027"
"1965657003","1917780124","0.027027"
"1917780124","1968719990","0.027027"
"1968719990","1917780124","0.027027"
"1917780124","1968927634","0.027027"
"1968927634","1917780124","0.027027"
"1917780124","1981732427","0.027027"
"1981732427","1917780124","0.027027"
"1917780124","1986447815","0.027027"
"1986447815","1917780124","0.027027"
"1917780124","1987205804","0.027027"
"1987205804","1917780124","0.027027"
"1917780124","1998024002","0.027027"
"1998024002","1917780124","0.027027"
"1917780124","2006608770","0.027027"
"2006608770","1917780124","0.027027"
"1917780124","2026095310","0.027027"
"2026095310","1917780124","0.027027"
"1917780124","2030428223","0.027027"
"2030428223","1917780124","0.027027"
"1917780124","2032351178","0.027027"
"2032351178","1917780124","0.027027"
"1917780124","2037022968","0.027027"
"2037022968","1917780124","0.027027"
"1917780124","2038807029","0.027027"
"2038807029","1917780124","0.027027"
"1917780124","2039499764","0.027027"
"2039499764","1917780124","0.027027"
"1917780124","2061491895","0.027027"
"2061491895","1917780124","0.027027"
"1917780124","2075576453","0.027027"
"2075576453","1917780124","0.027027"
"1917780124","2076747312","0.027027"
"2076747312","1917780124","0.027027"
"1917780124","2103046707","0.027027"
"2103046707","1917780124","0.027027"
"1917780124","2105365626","0.027027"
"2105365626","1917780124","0.027027"
"1917780124","2108009052","0.027027"
"2108009052","1917780124","0.027027"
"1917780124","2125203709","0.027027"
"2125203709","1917780124","0.027027"
"1917780124","2126129461","0.027027"
"2126129461","1917780124","0.027027"
"1917780124","2129070169","0.027027"
"2129070169","1917780124","0.027027"
"1917780124","2138662031","0.027027"
"2138662031","1917780124","0.027027"
"1917780124","2140795521","0.027027"
"2140795521","1917780124","0.027027"
"1917780124","2142009257","0.027027"
"2142009257","1917780124","0.027027"
"1917780124","2147028271","0.027027"
"2147028271","1917780124","0.027027"
"1917780124","2157008678","0.027027"
"2157008678","1917780124","0.027027"
"1917780124","2163652601","0.027027"
"2163652601","1917780124","0.027027"
"1917780124","2164634022","0.027027"
"2164634022","1917780124","0.027027"
"1917780124","2170508680","0.027027"
"2170508680","1917780124","0.027027"
"1917780124","2172096705","0.36036"
"2172096705","1917780124","0.36036"
"1917780124","2749971207","0.027027"
"2749971207","1917780124","0.027027"
"1917780124","72059462","0.027027"
"72059462","1917780124","0.027027"
"1965657003","1968719990","0.027027"
"1968719990","1965657003","0.027027"
"1965657003","1968927634","0.154973"
"1968927634","1965657003","0.154973"
"1965657003","1981732427","0.0640641"
"1981732427","1965657003","0.0640641"
"1965657003","1986447815","0.027027"
"1986447815","1965657003","0.027027"
"1965657003","1987205804","0.201269"
"1987205804","1965657003","0.201269"
"1965657003","1998024002","0.0640641"
"1998024002","1965657003","0.0640641"
"1965657003","2006608770","0.027027"
"2006608770","1965657003","0.027027"
"1965657003","2026095310","0.788306"
"2026095310","1965657003","0.788306"
"1965657003","2030428223","0.077027"
"2030428223","1965657003","0.077027"
"1965657003","2032351178","0.154973"
"2032351178","1965657003","0.154973"
"1965657003","2037022968","0.027027"
"2037022968","1965657003","0.027027"
"1965657003","2038807029","0.027027"
"2038807029","1965657003","0.027027"
"1965657003","2039499764","0.204973"
"2039499764","1965657003","0.204973"
"1965657003","2061491895","0.0640641"
"2061491895","1965657003","0.0640641"
"1965657003","2075576453","0.027027"
"2075576453","1965657003","0.027027"
"1965657003","2076747312","0.0640641"
"2076747312","1965657003","0.0640641"
"1965657003","2103046707","0.027027"
"2103046707","1965657003","0.027027"
"1965657003","2105365626","0.277027"
"2105365626","1965657003","0.277027"
"1965657003","2108009052","0.114064"
"2108009052","1965657003","0.114064"
"1965657003","2125203709","0.251269"
"2125203709","1965657003","0.251269"
"1965657003","2126129461","0.027027"
"2126129461","1965657003","0.027027"
"1965657003","2129070169","0.0640641"
"2129070169","1965657003","0.0640641"
"1965657003","2138662031","0.834603"
"2138662031","1965657003","0.834603"
"1965657003","2140795521","0.204973"
"2140795521","1965657003","0.204973"
"1965657003","2142009257","0.0640641"
"2142009257","1965657003","0.0640641"
"1965657003","2147028271","0.027027"
"2147028271","1965657003","0.027027"
"1965657003","2157008678","0.027027"
"2157008678","1965657003","0.027027"
"1965657003","2163652601","0.167936"
"2163652601","1965657003","0.167936"
"1965657003","2164634022","0.154973"
"2164634022","1965657003","0.154973"
"1965657003","2170508680","0.027027"
"2170508680","1965657003","0.027027"
"1965657003","2172096705","0.117936"
"2172096705","1965657003","0.117936"
"1965657003","2749971207","0.0640641"
"2749971207","1965657003","0.0640641"
"1965657003","72059462","0.277027"
"72059462","1965657003","0.277027"
"1968719990","1968927634","0.0654886"
"1968927634","1968719990","0.0654886"
"1968719990","1981732427","0.1766"
"1981732427","1968719990","0.1766"
"1968719990","1986447815","0.0654886"
"1986447815","1968719990","0.0654886"
"1968719990","1987205804","0.214527"
"1987205804","1968719990","0.214527"
"1968719990","1998024002","0.136917"
"1998024002","1968719990","0.136917"
"1968719990","2006608770","0.0654886"
"2006608770","1968719990","0.0654886"
"1968719990","2026095310","0.138138"
"2026095310","1968719990","0.138138"
"1968719990","2030428223","0.325638"
"2030428223","1968719990","0.325638"
"1968719990","2032351178","0.0654886"
"2032351178","1968719990","0.0654886"
"1968719990","2037022968","0.398822"
"2037022968","1968719990","0.398822"
"1968719990","2038807029","0.572433"
"2038807029","1968719990","0.572433"
"1968719990","2039499764","0.136917"
"2039499764","1968719990","0.136917"
"1968719990","2061491895","0.0984556"
"2061491895","1968719990","0.0984556"
"1968719990","2075576453","6.64882"
"2075576453","1968719990","6.64882"
"1968719990","2076747312","0.0654886"
"2076747312","1968719990","0.0654886"
"1968719990","2103046707","1.25993"
"2103046707","1968719990","1.25993"
"1968719990","2105365626","0.089527"
"2105365626","1968719990","0.089527"
"1968719990","2108009052","0.214527"
"2108009052","1968719990","0.214527"
"1968719990","2125203709","0.214527"
"2125203709","1968719990","0.214527"
"1968719990","2126129461","12.0397"
"2126129461","1968719990","12.0397"
"1968719990","2129070169","0.0984556"
"2129070169","1968719990","0.0984556"
"1968719990","2138662031","0.560528"
"2138662031","1968719990","0.560528"
"1968719990","2140795521","0.252989"
"2140795521","1968719990","0.252989"
"1968719990","2142009257","0.768862"
"2142009257","1968719990","0.768862"
"1968719990","2147028271","0.261917"
"2147028271","1968719990","0.261917"
"1968719990","2157008678","0.261917"
"2157008678","1968719990","0.261917"
"1968719990","2163652601","0.252989"
"2163652601","1968719990","0.252989"
"1968719990","2164634022","0.0654886"
"2164634022","1968719990","0.0654886"
"1968719990","2170508680","0.190489"
"2170508680","1968719990","0.190489"
"1968719990","2172096705","0.027027"
"2172096705","1968719990","0.027027"
"1968719990","2749971207","0.027027"
"2749971207","1968719990","0.027027"
"1968719990","72059462","0.589527"
"72059462","1968719990","0.589527"
"1968927634","1981732427","0.102526"
"1981732427","1968927634","0.102526"
"1968927634","1986447815","0.0654886"
"1986447815","1968927634","0.0654886"
"1968927634","1987205804","0.027027"
"1987205804","1968927634","0.027027"
"1968927634","1998024002","0.102526"
"1998024002","1968927634","0.102526"
"1968927634","2006608770","0.0654886"
"2006608770","1968927634","0.0654886"
"1968927634","2026095310","0.0640641"
"2026095310","1968927634","0.0640641"
"1968927634","2030428223","0.027027"
"2030428223","1968927634","0.027027"
"1968927634","2032351178","0.193435"
"2032351178","1968927634","0.193435"
"1968927634","2037022968","0.190489"
"2037022968","1968927634","0.190489"
"1968927634","2038807029","0.0654886"
"2038807029","1968927634","0.0654886"
"1968927634","2039499764","0.193435"
"2039499764","1968927634","0.193435"
