"1482178323","1668880293","1.04091"
"1668880293","1482178323","1.04091"
"1482178323","1852306145","1.09091"
"1852306145","1482178323","1.09091"
"1482178323","1925834822","0.790909"
"1925834822","1482178323","0.790909"
"1482178323","2137378906","0.0909091"
"2137378906","1482178323","0.0909091"
"1482178323","2141043775","1.62424"
"2141043775","1482178323","1.62424"
"1482178323","2155261462","0.0909091"
"2155261462","1482178323","0.0909091"
"1482178323","2169250641","0.0909091"
"2169250641","1482178323","0.0909091"
"1482178323","2207873924","1.17424"
"2207873924","1482178323","1.17424"
"1482178323","2222349236","0.0909091"
"2222349236","1482178323","0.0909091"
"1482178323","2269287759","0.0909091"
"2269287759","1482178323","0.0909091"
"1482178323","2891841392","4.12424"
"2891841392","1482178323","4.12424"
"1668880293","1852306145","0.0909091"
"1852306145","1668880293","0.0909091"
"1668880293","1925834822","0.457576"
"1925834822","1668880293","0.457576"
"1668880293","2137378906","0.0909091"
"2137378906","1668880293","0.0909091"
"1668880293","2141043775","0.457576"
"2141043775","1668880293","0.457576"
"1668880293","2155261462","0.257576"
"2155261462","1668880293","0.257576"
"1668880293","2169250641","0.0909091"
"2169250641","1668880293","0.0909091"
"1668880293","2207873924","0.340909"
"2207873924","1668880293","0.340909"
"1668880293","2222349236","0.0909091"
"2222349236","1668880293","0.0909091"
"1668880293","2269287759","0.0909091"
"2269287759","1668880293","0.0909091"
"1668880293","2891841392","1.29091"
"2891841392","1668880293","1.29091"
"1852306145","1925834822","0.247475"
"1925834822","1852306145","0.247475"
"1852306145","2137378906","0.136364"
"2137378906","1852306145","0.136364"
"1852306145","2141043775","0.247475"
"2141043775","1852306145","0.247475"
"1852306145","2155261462","0.580808"
"2155261462","1852306145","0.580808"
"1852306145","2169250641","0.0909091"
"2169250641","1852306145","0.0909091"
"1852306145","2207873924","0.20202"
"2207873924","1852306145","0.20202"
"1852306145","2222349236","0.136364"
"2222349236","1852306145","0.136364"
"1852306145","2269287759","1.13636"
"2269287759","1852306145","1.13636"
"1852306145","2891841392","0.0909091"
"2891841392","1852306145","0.0909091"
"1925834822","2137378906","0.136364"
"2137378906","1925834822","0.136364"
"1925834822","2141043775","11.6141"
"2141043775","1925834822","11.6141"
"1925834822","2155261462","0.414141"
"2155261462","1925834822","0.414141"
"1925834822","2169250641","0.0909091"
"2169250641","1925834822","0.0909091"
"1925834822","2207873924","0.20202"
"2207873924","1925834822","0.20202"
"1925834822","2222349236","0.136364"
"2222349236","1925834822","0.136364"
"1925834822","2269287759","0.136364"
"2269287759","1925834822","0.136364"
"1925834822","2891841392","0.290909"
"2891841392","1925834822","0.290909"
"2137378906","2141043775","0.136364"
"2141043775","2137378906","0.136364"
"2137378906","2155261462","0.136364"
"2155261462","2137378906","0.136364"
"2137378906","2169250641","0.590909"
"2169250641","2137378906","0.590909"
"2137378906","2207873924","0.0909091"
"2207873924","2137378906","0.0909091"
"2137378906","2222349236","0.136364"
"2222349236","2137378906","0.136364"
"2137378906","2269287759","0.136364"
"2269287759","2137378906","0.136364"
"2137378906","2891841392","0.0909091"
"2891841392","2137378906","0.0909091"
"2141043775","2155261462","0.414141"
"2155261462","2141043775","0.414141"
"2141043775","2169250641","0.0909091"
"2169250641","2141043775","0.0909091"
"2141043775","2207873924","1.03535"
"2207873924","2141043775","1.03535"
"2141043775","2222349236","0.136364"
"2222349236","2141043775","0.136364"
"2141043775","2269287759","0.136364"
"2269287759","2141043775","0.136364"
"2141043775","2891841392","1.12424"
"2891841392","2141043775","1.12424"
"2155261462","2169250641","0.0909091"
"2169250641","2155261462","0.0909091"
"2155261462","2207873924","0.20202"
"2207873924","2155261462","0.20202"
"2155261462","2222349236","0.136364"
"2222349236","2155261462","0.136364"
"2155261462","2269287759","0.136364"
"2269287759","2155261462","0.136364"
"2155261462","2891841392","0.0909091"
"2891841392","2155261462","0.0909091"
"2169250641","2207873924","0.0909091"
"2207873924","2169250641","0.0909091"
"2169250641","2222349236","0.0909091"
"2222349236","2169250641","0.0909091"
"2169250641","2269287759","0.0909091"
"2269287759","2169250641","0.0909091"
"2169250641","2891841392","0.0909091"
"2891841392","2169250641","0.0909091"
"2207873924","2222349236","0.0909091"
"2222349236","2207873924","0.0909091"
"2207873924","2269287759","0.0909091"
"2269287759","2207873924","0.0909091"
"2207873924","2891841392","1.92424"
"2891841392","2207873924","1.92424"
"2222349236","2269287759","2.13636"
"2269287759","2222349236","2.13636"
"2222349236","2891841392","0.0909091"
"2891841392","2222349236","0.0909091"
"2269287759","2891841392","0.0909091"
"2891841392","2269287759","0.0909091"
"1482178323","2144427809","0.95"
"2144427809","1482178323","0.95"
"1668880293","2144427809","1.11667"
"2144427809","1668880293","1.11667"
"1482178323","2118976126","0.5"
"2118976126","1482178323","0.5"
"1482178323","2748847540","1"
"2748847540","1482178323","1"
"2118976126","2748847540","0.833333"
"2748847540","2118976126","0.833333"
"1482178323","2949801688","0.25"
"2949801688","1482178323","0.25"
"1668880293","2949801688","0.25"
"2949801688","1668880293","0.25"
"2144427809","2207873924","0.25"
"2207873924","2144427809","0.25"
"2144427809","2949801688","0.25"
"2949801688","2144427809","0.25"
"2207873924","2949801688","7.02778"
"2949801688","2207873924","7.02778"
"1925834822","2748847540","0.545455"
"2748847540","1925834822","0.545455"
"1925834822","2144427809","0.412121"
"2144427809","1925834822","0.412121"
"2141043775","2144427809","0.412121"
"2144427809","2141043775","0.412121"
"2144427809","2891841392","0.2"
"2891841392","2144427809","0.2"
"1484151351","2069840642","0.25"
"2069840642","1484151351","0.25"
"1484151351","2095775178","0.25"
"2095775178","1484151351","0.25"
"1484151351","2144631782","0.75"
"2144631782","1484151351","0.75"
"1484151351","2155459813","1.25"
"2155459813","1484151351","1.25"
"2069840642","2095775178","0.25"
"2095775178","2069840642","0.25"
"2069840642","2144631782","0.25"
"2144631782","2069840642","0.25"
"2069840642","2155459813","0.75"
"2155459813","2069840642","0.75"
"2095775178","2144631782","1.65"
"2144631782","2095775178","1.65"
"2095775178","2155459813","0.462121"
"2155459813","2095775178","0.462121"
"2144631782","2155459813","0.416667"
"2155459813","2144631782","0.416667"
"1484151351","1852306145","0.5"
"1852306145","1484151351","0.5"
"1852306145","2155459813","0.656566"
"2155459813","1852306145","0.656566"
"1484151351","1794390359","1"
"1794390359","1484151351","1"
"1484151351","1668880293","0.333333"
"1668880293","1484151351","0.333333"
"1484151351","2110301462","0.333333"
"2110301462","1484151351","0.333333"
"1484151351","2133550211","0.333333"
"2133550211","1484151351","0.333333"
"1668880293","2110301462","0.333333"
"2110301462","1668880293","0.333333"
"1668880293","2133550211","0.333333"
"2133550211","1668880293","0.333333"
"2110301462","2133550211","11.7019"
"2133550211","2110301462","11.7019"
"1484151351","2110732896","0.5"
"2110732896","1484151351","0.5"
"2110732896","2155459813","3.15657"
"2155459813","2110732896","3.15657"
"1484151351","2257040333","1"
"2257040333","1484151351","1"
"1484151351","1580895464","0.5"
"1580895464","1484151351","0.5"
"1580895464","2144631782","2.375"
"2144631782","1580895464","2.375"
"1509381485","2106350001","0.910256"
"2106350001","1509381485","0.910256"
"1509381485","2133550211","2.49359"
"2133550211","1509381485","2.49359"
"2106350001","2133550211","2.91026"
"2133550211","2106350001","2.91026"
"1509381485","2537039044","1.16667"
"2537039044","1509381485","1.16667"
"1509381485","1580895464","0.660256"
"1580895464","1509381485","0.660256"
"1509381485","1794390359","0.25"
"1794390359","1509381485","0.25"
"1509381485","2031815166","1.25"
"2031815166","1509381485","1.25"
"1509381485","2086709686","0.166667"
"2086709686","1509381485","0.166667"
"1509381485","2144631782","0.25"
"2144631782","1509381485","0.25"
"1580895464","1794390359","0.25"
"1794390359","1580895464","0.25"
"1580895464","2031815166","0.25"
"2031815166","1580895464","0.25"
"1580895464","2086709686","0.166667"
"2086709686","1580895464","0.166667"
"1580895464","2537039044","0.166667"
"2537039044","1580895464","0.166667"
"1794390359","2031815166","0.95"
"2031815166","1794390359","0.95"
"1794390359","2086709686","0.166667"
"2086709686","1794390359","0.166667"
"1794390359","2144631782","0.45"
"2144631782","1794390359","0.45"
"1794390359","2537039044","0.166667"
"2537039044","1794390359","0.166667"
"2031815166","2086709686","3.16667"
"2086709686","2031815166","3.16667"
"2031815166","2144631782","3.7"
"2144631782","2031815166","3.7"
"2031815166","2537039044","0.166667"
"2537039044","2031815166","0.166667"
"2086709686","2144631782","1.86667"
"2144631782","2086709686","1.86667"
"2086709686","2537039044","6.16667"
"2537039044","2086709686","6.16667"
"2144631782","2537039044","0.166667"
"2537039044","2144631782","0.166667"
"1509381485","2047930155","0.410256"
"2047930155","1509381485","0.410256"
"2047930155","2106350001","0.410256"
"2106350001","2047930155","0.410256"
"2047930155","2133550211","0.410256"
"2133550211","2047930155","0.410256"
"1509381485","1668880293","0.25"
"1668880293","1509381485","0.25"
"1509381485","2100962793","0.326923"
"2100962793","1509381485","0.326923"
"1509381485","2182009071","0.326923"
"2182009071","1509381485","0.326923"
"1509381485","2293532363","0.25"
"2293532363","1509381485","0.25"
"1668880293","2100962793","0.25"
"2100962793","1668880293","0.25"
"1668880293","2182009071","0.583333"
"2182009071","1668880293","0.583333"
"1668880293","2293532363","0.25"
"2293532363","1668880293","0.25"
"2100962793","2182009071","1.32692"
"2182009071","2100962793","1.32692"
"2100962793","2293532363","0.361111"
"2293532363","2100962793","0.361111"
"2182009071","2293532363","0.495455"
"2293532363","2182009071","0.495455"
"1509381485","2141615601","0.5"
"2141615601","1509381485","0.5"
"2133550211","2141615601","0.625"
"2141615601","2133550211","0.625"
"1509381485","2051873544","0.0769231"
"2051873544","1509381485","0.0769231"
"1509381485","2110301462","1.16026"
"2110301462","1509381485","1.16026"
"1509381485","2155261462","0.0769231"
"2155261462","1509381485","0.0769231"
"1509381485","2157414955","0.0769231"
"2157414955","1509381485","0.0769231"
"1509381485","2179498003","0.0769231"
"2179498003","1509381485","0.0769231"
"1509381485","2257040333","0.0769231"
"2257040333","1509381485","0.0769231"
"1509381485","2474876722","0.0769231"
"2474876722","1509381485","0.0769231"
"1580895464","2047930155","0.0769231"
"2047930155","1580895464","0.0769231"
"1580895464","2051873544","0.201923"
"2051873544","1580895464","0.201923"
"1580895464","2100962793","0.576923"
"2100962793","1580895464","0.576923"
"1580895464","2106350001","0.410256"
"2106350001","1580895464","0.410256"
"1580895464","2110301462","0.785256"
"2110301462","1580895464","0.785256"
"1580895464","2133550211","0.785256"
"2133550211","1580895464","0.785256"
"1580895464","2155261462","0.0769231"
"2155261462","1580895464","0.0769231"
"1580895464","2157414955","0.0769231"
"2157414955","1580895464","0.0769231"
"1580895464","2179498003","0.201923"
"2179498003","1580895464","0.201923"
"1580895464","2182009071","0.0769231"
"2182009071","1580895464","0.0769231"
"1580895464","2257040333","0.0769231"
"2257040333","1580895464","0.0769231"
"1580895464","2474876722","0.0769231"
"2474876722","1580895464","0.0769231"
"2047930155","2051873544","0.0769231"
"2051873544","2047930155","0.0769231"
"2047930155","2100962793","0.0769231"
"2100962793","2047930155","0.0769231"
"2047930155","2110301462","1.07692"
"2110301462","2047930155","1.07692"
"2047930155","2155261462","0.0769231"
"2155261462","2047930155","0.0769231"
"2047930155","2157414955","0.0769231"
"2157414955","2047930155","0.0769231"
"2047930155","2179498003","0.0769231"
"2179498003","2047930155","0.0769231"
"2047930155","2182009071","0.0769231"
"2182009071","2047930155","0.0769231"
"2047930155","2257040333","2.07692"
"2257040333","2047930155","2.07692"
"2047930155","2474876722","0.0769231"
"2474876722","2047930155","0.0769231"
"2051873544","2100962793","0.0769231"
"2100962793","2051873544","0.0769231"
"2051873544","2106350001","0.576923"
"2106350001","2051873544","0.576923"
"2051873544","2110301462","1.78526"
"2110301462","2051873544","1.78526"
"2051873544","2133550211","1.20192"
"2133550211","2051873544","1.20192"
"2051873544","2155261462","0.0769231"
"2155261462","2051873544","0.0769231"
"2051873544","2157414955","1.41026"
"2157414955","2051873544","1.41026"
"2051873544","2179498003","0.201923"
"2179498003","2051873544","0.201923"
"2051873544","2182009071","0.0769231"
"2182009071","2051873544","0.0769231"
"2051873544","2257040333","0.910256"
"2257040333","2051873544","0.910256"
"2051873544","2474876722","0.0769231"
"2474876722","2051873544","0.0769231"
"2100962793","2106350001","0.0769231"
"2106350001","2100962793","0.0769231"
"2100962793","2110301462","0.826923"
"2110301462","2100962793","0.826923"
"2100962793","2133550211","0.326923"
"2133550211","2100962793","0.326923"
"2100962793","2155261462","0.0769231"
"2155261462","2100962793","0.0769231"
"2100962793","2157414955","0.0769231"
"2157414955","2100962793","0.0769231"
"2100962793","2179498003","1.07692"
"2179498003","2100962793","1.07692"
"2100962793","2257040333","0.0769231"
"2257040333","2100962793","0.0769231"
"2100962793","2474876722","1.07692"
"2474876722","2100962793","1.07692"
"2106350001","2110301462","6.41026"
"2110301462","2106350001","6.41026"
"2106350001","2155261462","0.0769231"
"2155261462","2106350001","0.0769231"
"2106350001","2157414955","0.326923"
"2157414955","2106350001","0.326923"
"2106350001","2179498003","0.910256"
"2179498003","2106350001","0.910256"
"2106350001","2182009071","0.0769231"
"2182009071","2106350001","0.0769231"
"2106350001","2257040333","0.326923"
"2257040333","2106350001","0.326923"
"2106350001","2474876722","0.0769231"
"2474876722","2106350001","0.0769231"
"2110301462","2155261462","0.326923"
"2155261462","2110301462","0.326923"
"2110301462","2157414955","0.326923"
"2157414955","2110301462","0.326923"
"2110301462","2179498003","7.03526"
"2179498003","2110301462","7.03526"
"2110301462","2182009071","0.0769231"
"2182009071","2110301462","0.0769231"
"2110301462","2257040333","2.66026"
"2257040333","2110301462","2.66026"
"2110301462","2474876722","0.0769231"
"2474876722","2110301462","0.0769231"
"2133550211","2155261462","0.0769231"
"2155261462","2133550211","0.0769231"
"2133550211","2157414955","0.0769231"
"2157414955","2133550211","0.0769231"
"2133550211","2179498003","1.20192"
"2179498003","2133550211","1.20192"
"2133550211","2182009071","0.0769231"
"2182009071","2133550211","0.0769231"
"2133550211","2257040333","1.07692"
"2257040333","2133550211","1.07692"
"2133550211","2474876722","0.0769231"
"2474876722","2133550211","0.0769231"
"2155261462","2157414955","0.24359"
"2157414955","2155261462","0.24359"
"2155261462","2179498003","0.0769231"
"2179498003","2155261462","0.0769231"
"2155261462","2182009071","0.122378"
"2182009071","2155261462","0.122378"
"2155261462","2257040333","0.0769231"
"2257040333","2155261462","0.0769231"
"2155261462","2474876722","0.0769231"
"2474876722","2155261462","0.0769231"
"2157414955","2179498003","0.576923"
"2179498003","2157414955","0.576923"
"2157414955","2182009071","0.0769231"
"2182009071","2157414955","0.0769231"
"2157414955","2257040333","0.0769231"
"2257040333","2157414955","0.0769231"
"2157414955","2474876722","0.0769231"
"2474876722","2157414955","0.0769231"
"2179498003","2182009071","0.0769231"
"2182009071","2179498003","0.0769231"
"2179498003","2257040333","1.07692"
"2257040333","2179498003","1.07692"
"2179498003","2474876722","0.0769231"
"2474876722","2179498003","0.0769231"
"2182009071","2257040333","0.0769231"
"2257040333","2182009071","0.0769231"
"2182009071","2474876722","0.0769231"
"2474876722","2182009071","0.0769231"
"2257040333","2474876722","0.0769231"
"2474876722","2257040333","0.0769231"
"1509381485","2095754765","0.0833333"
"2095754765","1509381485","0.0833333"
"1509381485","2095775178","0.0833333"
"2095775178","1509381485","0.0833333"
"1509381485","2124308436","0.0833333"
"2124308436","1509381485","0.0833333"
"1509381485","2144427809","0.0833333"
"2144427809","1509381485","0.0833333"
"1509381485","2169250641","0.0833333"
"2169250641","1509381485","0.0833333"
"1509381485","3009281336","0.0833333"
"3009281336","1509381485","0.0833333"
"1580895464","2095754765","0.0833333"
"2095754765","1580895464","0.0833333"
"1580895464","2095775178","3.91667"
"2095775178","1580895464","3.91667"
"1580895464","2124308436","0.0833333"
"2124308436","1580895464","0.0833333"
"1580895464","2144427809","0.208333"
"2144427809","1580895464","0.208333"
"1580895464","2169250641","0.0833333"
"2169250641","1580895464","0.0833333"
"1580895464","3009281336","0.0833333"
"3009281336","1580895464","0.0833333"
"1794390359","2095754765","0.0833333"
"2095754765","1794390359","0.0833333"
"1794390359","2095775178","0.283333"
"2095775178","1794390359","0.283333"
"1794390359","2110301462","0.0833333"
"2110301462","1794390359","0.0833333"
"1794390359","2124308436","0.283333"
"2124308436","1794390359","0.283333"
"1794390359","2133550211","0.0833333"
"2133550211","1794390359","0.0833333"
"1794390359","2144427809","0.0833333"
"2144427809","1794390359","0.0833333"
"1794390359","2169250641","0.0833333"
"2169250641","1794390359","0.0833333"
"1794390359","3009281336","3.58333"
"3009281336","1794390359","3.58333"
"2031815166","2095754765","1.08333"
"2095754765","2031815166","1.08333"
"2031815166","2095775178","0.7"
"2095775178","2031815166","0.7"
"2031815166","2110301462","1.16667"
"2110301462","2031815166","1.16667"
"2031815166","2124308436","0.616667"
"2124308436","2031815166","0.616667"
"2031815166","2133550211","0.416667"
"2133550211","2031815166","0.416667"
"2031815166","2144427809","0.0833333"
"2144427809","2031815166","0.0833333"
"2031815166","2169250641","0.0833333"
"2169250641","2031815166","0.0833333"
"2031815166","3009281336","3.58333"
"3009281336","2031815166","3.58333"
"2095754765","2095775178","0.128788"
"2095775178","2095754765","0.128788"
"2095754765","2110301462","1.08333"
"2110301462","2095754765","1.08333"
"2095754765","2124308436","0.128788"
"2124308436","2095754765","0.128788"
"2095754765","2133550211","0.333333"
"2133550211","2095754765","0.333333"
"2095754765","2144427809","0.378788"
"2144427809","2095754765","0.378788"
"2095754765","2144631782","0.333333"
"2144631782","2095754765","0.333333"
"2095754765","2169250641","0.0833333"
"2169250641","2095754765","0.0833333"
"2095754765","3009281336","0.0833333"
"3009281336","2095754765","0.0833333"
"2095775178","2110301462","0.333333"
"2110301462","2095775178","0.333333"
"2095775178","2124308436","0.328788"
"2124308436","2095775178","0.328788"
"2095775178","2133550211","0.583333"
"2133550211","2095775178","0.583333"
"2095775178","2144427809","0.128788"
"2144427809","2095775178","0.128788"
"2095775178","2169250641","0.0833333"
"2169250641","2095775178","0.0833333"
"2095775178","3009281336","0.25"
"3009281336","2095775178","0.25"
"2110301462","2124308436","1.08333"
"2124308436","2110301462","1.08333"
"2110301462","2144427809","2.875"
"2144427809","2110301462","2.875"
"2110301462","2144631782","1.45833"
"2144631782","2110301462","1.45833"
"2110301462","2169250641","0.0833333"
"2169250641","2110301462","0.0833333"
"2110301462","3009281336","0.416667"
"3009281336","2110301462","0.416667"
"2124308436","2133550211","0.0833333"
"2133550211","2124308436","0.0833333"
"2124308436","2144427809","2.96212"
"2144427809","2124308436","2.96212"
"2124308436","2144631782","0.616667"
"2144631782","2124308436","0.616667"
"2124308436","2169250641","0.0833333"
"2169250641","2124308436","0.0833333"
"2124308436","3009281336","0.0833333"
"3009281336","2124308436","0.0833333"
"2133550211","2144427809","0.208333"
"2144427809","2133550211","0.208333"
"2133550211","2144631782","0.708333"
"2144631782","2133550211","0.708333"
"2133550211","2169250641","0.0833333"
"2169250641","2133550211","0.0833333"
"2133550211","3009281336","0.416667"
"3009281336","2133550211","0.416667"
"2144427809","2144631782","0.208333"
"2144631782","2144427809","0.208333"
"2144427809","2169250641","0.0833333"
"2169250641","2144427809","0.0833333"
"2144427809","3009281336","0.0833333"
"3009281336","2144427809","0.0833333"
"2144631782","2169250641","0.0833333"
"2169250641","2144631782","0.0833333"
"2144631782","3009281336","0.75"
"3009281336","2144631782","0.75"
"2169250641","3009281336","0.0833333"
"3009281336","2169250641","0.0833333"
"1509381485","1855121702","0.333333"
"1855121702","1509381485","0.333333"
"1509381485","2951333474","0.333333"
"2951333474","1509381485","0.333333"
"1580895464","1855121702","0.333333"
"1855121702","1580895464","0.333333"
"1580895464","2951333474","0.833333"
"2951333474","1580895464","0.833333"
"1855121702","2951333474","0.333333"
"2951333474","1855121702","0.333333"
"1580895464","2137378906","2"
"2137378906","1580895464","2"
"1580895464","1852306145","0.458333"
"1852306145","1580895464","0.458333"
"1852306145","2095775178","0.378788"
"2095775178","1852306145","0.378788"
"1852306145","2106350001","0.333333"
"2106350001","1852306145","0.333333"
"2095775178","2106350001","0.333333"
"2106350001","2095775178","0.333333"
"1580895464","2141615601","0.125"
"2141615601","1580895464","0.125"
"1852306145","2051873544","0.458333"
"2051873544","1852306145","0.458333"
"1852306145","2110301462","0.125"
"2110301462","1852306145","0.125"
"1852306145","2133550211","0.125"
"2133550211","1852306145","0.125"
"1852306145","2141615601","0.458333"
"2141615601","1852306145","0.458333"
"1852306145","2144427809","1.50379"
"2144427809","1852306145","1.50379"
"1852306145","2144631782","0.125"
"2144631782","1852306145","0.125"
"1852306145","2179498003","0.125"
"2179498003","1852306145","0.125"
"2051873544","2141615601","0.125"
"2141615601","2051873544","0.125"
"2051873544","2144427809","0.458333"
"2144427809","2051873544","0.458333"
"2051873544","2144631782","0.375"
"2144631782","2051873544","0.375"
"2110301462","2141615601","0.125"
"2141615601","2110301462","0.125"
"2141615601","2144427809","1.125"
"2144427809","2141615601","1.125"
"2141615601","2144631782","0.541667"
"2144631782","2141615601","0.541667"
"2141615601","2179498003","0.125"
"2179498003","2141615601","0.125"
"2144427809","2179498003","0.458333"
"2179498003","2144427809","0.458333"
"2144631782","2179498003","0.125"
"2179498003","2144631782","0.125"
"2095775178","2100962793","0.5"
"2100962793","2095775178","0.5"
"2144631782","2951333474","0.5"
"2951333474","2144631782","0.5"
"1668880293","2051873544","1"
"2051873544","1668880293","1"
"1668880293","2124308436","0.333333"
"2124308436","1668880293","0.333333"
"1668880293","2397907354","0.333333"
"2397907354","1668880293","0.333333"
"2124308436","2182009071","0.578788"
"2182009071","2124308436","0.578788"
"2124308436","2397907354","0.939899"
"2397907354","2124308436","0.939899"
"2182009071","2397907354","0.578788"
"2397907354","2182009071","0.578788"
"1668880293","2157414955","0.166667"
"2157414955","1668880293","0.166667"
"1668880293","2398915717","0.166667"
"2398915717","1668880293","0.166667"
"1925834822","2157414955","0.166667"
"2157414955","1925834822","0.166667"
"1925834822","2398915717","0.323232"
"2398915717","1925834822","0.323232"
"2141043775","2157414955","0.166667"
"2157414955","2141043775","0.166667"
"2141043775","2398915717","0.323232"
"2398915717","2141043775","0.323232"
"2144427809","2155261462","0.795455"
"2155261462","2144427809","0.795455"
"2144427809","2157414955","0.166667"
"2157414955","2144427809","0.166667"
"2144427809","2398915717","0.212121"
"2398915717","2144427809","0.212121"
"2155261462","2398915717","0.323232"
"2398915717","2155261462","0.323232"
"2157414955","2398915717","0.166667"
"2398915717","2157414955","0.166667"
"1668880293","2095754765","1"
"2095754765","1668880293","1"
"1794390359","2748847540","0.2"
"2748847540","1794390359","0.2"
"2031815166","2748847540","0.2"
"2748847540","2031815166","0.2"
"2095775178","2748847540","0.245455"
"2748847540","2095775178","0.245455"
"2124308436","2748847540","0.556566"
"2748847540","2124308436","0.556566"
"2144631782","2748847540","0.2"
"2748847540","2144631782","0.2"
"1794390359","2155459813","1"
"2155459813","1794390359","1"
"1852306145","2118976126","0.444444"
"2118976126","1852306145","0.444444"
"1852306145","2293532363","0.60101"
"2293532363","1852306145","0.60101"
"1852306145","2398915717","0.267677"
"2398915717","1852306145","0.267677"
"1852306145","2605203777","0.111111"
"2605203777","1852306145","0.111111"
"1852306145","2949801688","0.111111"
"2949801688","1852306145","0.111111"
"1925834822","2118976126","0.111111"
"2118976126","1925834822","0.111111"
"1925834822","2293532363","0.156566"
"2293532363","1925834822","0.156566"
"1925834822","2605203777","0.111111"
"2605203777","1925834822","0.111111"
"1925834822","2949801688","0.111111"
"2949801688","1925834822","0.111111"
"2118976126","2141043775","0.111111"
"2141043775","2118976126","0.111111"
"2118976126","2155261462","0.111111"
"2155261462","2118976126","0.111111"
"2118976126","2207873924","0.111111"
"2207873924","2118976126","0.111111"
"2118976126","2293532363","0.444444"
"2293532363","2118976126","0.444444"
"2118976126","2398915717","0.111111"
"2398915717","2118976126","0.111111"
"2118976126","2605203777","0.111111"
"2605203777","2118976126","0.111111"
"2118976126","2949801688","0.111111"
"2949801688","2118976126","0.111111"
"2141043775","2293532363","0.156566"
"2293532363","2141043775","0.156566"
"2141043775","2605203777","0.111111"
"2605203777","2141043775","0.111111"
"2141043775","2949801688","0.111111"
"2949801688","2141043775","0.111111"
"2155261462","2293532363","0.156566"
"2293532363","2155261462","0.156566"
"2155261462","2605203777","0.111111"
"2605203777","2155261462","0.111111"
"2155261462","2949801688","0.111111"
"2949801688","2155261462","0.111111"
"2207873924","2293532363","0.111111"
"2293532363","2207873924","0.111111"
"2207873924","2398915717","0.444444"
"2398915717","2207873924","0.444444"
"2207873924","2605203777","1.11111"
"2605203777","2207873924","1.11111"
"2293532363","2398915717","0.267677"
"2398915717","2293532363","0.267677"
"2293532363","2605203777","0.111111"
"2605203777","2293532363","0.111111"
"2293532363","2949801688","0.111111"
"2949801688","2293532363","0.111111"
"2398915717","2605203777","0.111111"
"2605203777","2398915717","0.111111"
"2398915717","2949801688","0.444444"
"2949801688","2398915717","0.444444"
"2605203777","2949801688","1.11111"
"2949801688","2605203777","1.11111"
"1852306145","2100962793","0.444444"
"2100962793","1852306145","0.444444"
"1852306145","2110732896","0.156566"
"2110732896","1852306145","0.156566"
"1852306145","2124308436","2.82323"
"2124308436","1852306145","2.82323"
"1852306145","2397907354","0.156566"
"2397907354","1852306145","0.156566"
"1852306145","2748847540","0.489899"
"2748847540","1852306145","0.489899"
"1852306145","91636976","0.156566"
"91636976","1852306145","0.156566"
"2100962793","2110732896","0.111111"
"2110732896","2100962793","0.111111"
"2100962793","2124308436","1.11111"
"2124308436","2100962793","1.11111"
"2100962793","2155459813","0.111111"
"2155459813","2100962793","0.111111"
"2100962793","2397907354","0.111111"
"2397907354","2100962793","0.111111"
"2100962793","2398915717","0.444444"
"2398915717","2100962793","0.444444"
"2100962793","2748847540","0.111111"
"2748847540","2100962793","0.111111"
"2100962793","91636976","0.444444"
"91636976","2100962793","0.444444"
"2110732896","2124308436","0.156566"
"2124308436","2110732896","0.156566"
"2110732896","2293532363","0.156566"
"2293532363","2110732896","0.156566"
"2110732896","2397907354","0.156566"
"2397907354","2110732896","0.156566"
"2110732896","2398915717","0.156566"
"2398915717","2110732896","0.156566"
"2110732896","2748847540","0.156566"
"2748847540","2110732896","0.156566"
"2110732896","91636976","0.156566"
"91636976","2110732896","0.156566"
"2124308436","2155459813","0.156566"
"2155459813","2124308436","0.156566"
"2124308436","2293532363","0.356566"
"2293532363","2124308436","0.356566"
"2124308436","2398915717","0.489899"
"2398915717","2124308436","0.489899"
"2124308436","91636976","0.489899"
"91636976","2124308436","0.489899"
"2155459813","2293532363","0.156566"
"2293532363","2155459813","0.156566"
"2155459813","2397907354","0.156566"
"2397907354","2155459813","0.156566"
"2155459813","2398915717","0.156566"
"2398915717","2155459813","0.156566"
"2155459813","2748847540","0.156566"
"2748847540","2155459813","0.156566"
"2155459813","91636976","0.156566"
"91636976","2155459813","0.156566"
"2293532363","2397907354","0.356566"
"2397907354","2293532363","0.356566"
"2293532363","2748847540","1.6899"
"2748847540","2293532363","1.6899"
"2293532363","91636976","0.156566"
"91636976","2293532363","0.156566"
"2397907354","2398915717","0.156566"
"2398915717","2397907354","0.156566"
"2397907354","2748847540","0.356566"
"2748847540","2397907354","0.356566"
"2397907354","91636976","0.156566"
"91636976","2397907354","0.156566"
"2398915717","2748847540","0.489899"
"2748847540","2398915717","0.489899"
"2398915717","91636976","0.489899"
"91636976","2398915717","0.489899"
"2748847540","91636976","0.156566"
"91636976","2748847540","0.156566"
"1852306145","1957272438","0.333333"
"1957272438","1852306145","0.333333"
"1852306145","2157414955","0.333333"
"2157414955","1852306145","0.333333"
"1957272438","2051873544","0.333333"
"2051873544","1957272438","0.333333"
"1957272438","2157414955","0.333333"
"2157414955","1957272438","0.333333"
"2100962793","2141615601","0.333333"
"2141615601","2100962793","0.333333"
"2124308436","2141615601","0.533333"
"2141615601","2124308436","0.533333"
"2124308436","2155261462","0.628788"
"2155261462","2124308436","0.628788"
"1852306145","2017675395","0.0454545"
"2017675395","1852306145","0.0454545"
"1852306145","2095754765","0.0454545"
"2095754765","1852306145","0.0454545"
"1852306145","2182009071","0.0454545"
"2182009071","1852306145","0.0454545"
"1852306145","2188040004","0.0454545"
"2188040004","1852306145","0.0454545"
"1852306145","2395330091","0.0454545"
"2395330091","1852306145","0.0454545"
"1852306145","8068424","0.0454545"
"8068424","1852306145","0.0454545"
"1925834822","2017675395","0.0454545"
"2017675395","1925834822","0.0454545"
"1925834822","2095754765","0.0454545"
"2095754765","1925834822","0.0454545"
"1925834822","2095775178","0.0454545"
"2095775178","1925834822","0.0454545"
"1925834822","2110732896","0.0454545"
"2110732896","1925834822","0.0454545"
"1925834822","2124308436","0.0454545"
"2124308436","1925834822","0.0454545"
"1925834822","2155459813","0.0454545"
"2155459813","1925834822","0.0454545"
"1925834822","2182009071","0.0454545"
"2182009071","1925834822","0.0454545"
"1925834822","2188040004","0.0454545"
"2188040004","1925834822","0.0454545"
"1925834822","2395330091","0.0454545"
"2395330091","1925834822","0.0454545"
"1925834822","2397907354","0.0454545"
"2397907354","1925834822","0.0454545"
"1925834822","8068424","0.0454545"
"8068424","1925834822","0.0454545"
"1925834822","91636976","0.0454545"
"91636976","1925834822","0.0454545"
"2017675395","2095754765","0.0454545"
"2095754765","2017675395","0.0454545"
"2017675395","2095775178","0.0454545"
"2095775178","2017675395","0.0454545"
"2017675395","2110732896","0.0454545"
"2110732896","2017675395","0.0454545"
"2017675395","2124308436","0.0454545"
"2124308436","2017675395","0.0454545"
"2017675395","2137378906","0.0454545"
"2137378906","2017675395","0.0454545"
"2017675395","2141043775","0.0454545"
"2141043775","2017675395","0.0454545"
"2017675395","2144427809","1.04545"
"2144427809","2017675395","1.04545"
"2017675395","2155261462","0.0454545"
"2155261462","2017675395","0.0454545"
"2017675395","2155459813","0.0454545"
"2155459813","2017675395","0.0454545"
"2017675395","2182009071","0.0454545"
"2182009071","2017675395","0.0454545"
"2017675395","2188040004","0.0454545"
"2188040004","2017675395","0.0454545"
"2017675395","2222349236","0.0454545"
"2222349236","2017675395","0.0454545"
"2017675395","2269287759","0.0454545"
"2269287759","2017675395","0.0454545"
"2017675395","2293532363","0.0454545"
"2293532363","2017675395","0.0454545"
"2017675395","2395330091","0.0454545"
"2395330091","2017675395","0.0454545"
"2017675395","2397907354","0.0454545"
"2397907354","2017675395","0.0454545"
"2017675395","2398915717","0.0454545"
"2398915717","2017675395","0.0454545"
"2017675395","2748847540","0.0454545"
"2748847540","2017675395","0.0454545"
"2017675395","8068424","0.0454545"
"8068424","2017675395","0.0454545"
"2017675395","91636976","0.0454545"
"91636976","2017675395","0.0454545"
"2095754765","2110732896","0.0454545"
"2110732896","2095754765","0.0454545"
"2095754765","2137378906","0.378788"
"2137378906","2095754765","0.378788"
"2095754765","2141043775","0.0454545"
"2141043775","2095754765","0.0454545"
"2095754765","2155261462","0.0454545"
"2155261462","2095754765","0.0454545"
"2095754765","2155459813","0.0454545"
"2155459813","2095754765","0.0454545"
"2095754765","2182009071","0.0454545"
"2182009071","2095754765","0.0454545"
"2095754765","2188040004","11.6288"
"2188040004","2095754765","11.6288"
"2095754765","2222349236","0.295455"
"2222349236","2095754765","0.295455"
"2095754765","2269287759","0.0454545"
"2269287759","2095754765","0.0454545"
"2095754765","2293532363","2.04545"
"2293532363","2095754765","2.04545"
"2095754765","2395330091","0.0454545"
"2395330091","2095754765","0.0454545"
"2095754765","2397907354","0.0454545"
"2397907354","2095754765","0.0454545"
"2095754765","2398915717","0.0454545"
"2398915717","2095754765","0.0454545"
"2095754765","2748847540","0.0454545"
"2748847540","2095754765","0.0454545"
"2095754765","8068424","0.295455"
"8068424","2095754765","0.295455"
"2095754765","91636976","0.0454545"
"91636976","2095754765","0.0454545"
"2095775178","2110732896","0.0454545"
"2110732896","2095775178","0.0454545"
"2095775178","2137378906","0.245455"
"2137378906","2095775178","0.245455"
"2095775178","2141043775","0.0454545"
"2141043775","2095775178","0.0454545"
"2095775178","2155261462","0.0454545"
"2155261462","2095775178","0.0454545"
"2095775178","2182009071","0.0454545"
"2182009071","2095775178","0.0454545"
"2095775178","2188040004","0.0454545"
"2188040004","2095775178","0.0454545"
"2095775178","2222349236","0.0454545"
"2222349236","2095775178","0.0454545"
"2095775178","2269287759","0.0454545"
"2269287759","2095775178","0.0454545"
"2095775178","2293532363","0.0454545"
"2293532363","2095775178","0.0454545"
"2095775178","2395330091","0.212121"
"2395330091","2095775178","0.212121"
"2095775178","2397907354","0.0454545"
"2397907354","2095775178","0.0454545"
"2095775178","2398915717","0.0454545"
"2398915717","2095775178","0.0454545"
"2095775178","8068424","0.0454545"
"8068424","2095775178","0.0454545"
"2095775178","91636976","0.245455"
"91636976","2095775178","0.245455"
"2110732896","2137378906","0.0454545"
"2137378906","2110732896","0.0454545"
"2110732896","2141043775","0.0454545"
"2141043775","2110732896","0.0454545"
"2110732896","2144427809","0.0454545"
"2144427809","2110732896","0.0454545"
"2110732896","2155261462","1.04545"
"2155261462","2110732896","1.04545"
"2110732896","2182009071","0.0454545"
"2182009071","2110732896","0.0454545"
"2110732896","2188040004","0.0454545"
"2188040004","2110732896","0.0454545"
"2110732896","2222349236","0.0454545"
"2222349236","2110732896","0.0454545"
"2110732896","2269287759","0.0454545"
"2269287759","2110732896","0.0454545"
"2110732896","2395330091","0.0454545"
"2395330091","2110732896","0.0454545"
"2110732896","8068424","0.0454545"
"8068424","2110732896","0.0454545"
"2124308436","2137378906","0.0454545"
"2137378906","2124308436","0.0454545"
"2124308436","2141043775","0.0454545"
"2141043775","2124308436","0.0454545"
"2124308436","2188040004","0.0454545"
"2188040004","2124308436","0.0454545"
"2124308436","2222349236","0.0454545"
"2222349236","2124308436","0.0454545"
"2124308436","2269287759","0.0454545"
"2269287759","2124308436","0.0454545"
"2124308436","2395330091","0.0454545"
"2395330091","2124308436","0.0454545"
"2124308436","8068424","0.0454545"
"8068424","2124308436","0.0454545"
"2137378906","2144427809","0.0454545"
"2144427809","2137378906","0.0454545"
"2137378906","2155459813","0.0454545"
"2155459813","2137378906","0.0454545"
"2137378906","2182009071","0.0454545"
"2182009071","2137378906","0.0454545"
"2137378906","2188040004","0.378788"
"2188040004","2137378906","0.378788"
"2137378906","2293532363","0.0454545"
"2293532363","2137378906","0.0454545"
"2137378906","2395330091","0.0454545"
"2395330091","2137378906","0.0454545"
"2137378906","2397907354","0.0454545"
"2397907354","2137378906","0.0454545"
"2137378906","2398915717","0.0454545"
"2398915717","2137378906","0.0454545"
"2137378906","2748847540","0.0454545"
"2748847540","2137378906","0.0454545"
"2137378906","8068424","0.0454545"
"8068424","2137378906","0.0454545"
"2137378906","91636976","9.74545"
"91636976","2137378906","9.74545"
"2141043775","2155459813","0.0454545"
"2155459813","2141043775","0.0454545"
"2141043775","2182009071","0.0454545"
"2182009071","2141043775","0.0454545"
"2141043775","2188040004","0.0454545"
"2188040004","2141043775","0.0454545"
"2141043775","2395330091","0.0454545"
"2395330091","2141043775","0.0454545"
"2141043775","2397907354","0.0454545"
"2397907354","2141043775","0.0454545"
"2141043775","2748847540","0.0454545"
"2748847540","2141043775","0.0454545"
"2141043775","8068424","0.0454545"
"8068424","2141043775","0.0454545"
"2141043775","91636976","0.0454545"
"91636976","2141043775","0.0454545"
"2144427809","2155459813","0.0454545"
"2155459813","2144427809","0.0454545"
"2144427809","2182009071","0.0454545"
"2182009071","2144427809","0.0454545"
"2144427809","2188040004","0.0454545"
"2188040004","2144427809","0.0454545"
"2144427809","2222349236","0.295455"
"2222349236","2144427809","0.295455"
"2144427809","2269287759","0.0454545"
"2269287759","2144427809","0.0454545"
"2144427809","2293532363","0.0454545"
"2293532363","2144427809","0.0454545"
"2144427809","2395330091","0.0454545"
"2395330091","2144427809","0.0454545"
"2144427809","2397907354","0.295455"
"2397907354","2144427809","0.295455"
"2144427809","2748847540","0.545455"
"2748847540","2144427809","0.545455"
"2144427809","8068424","0.0454545"
"8068424","2144427809","0.0454545"
"2144427809","91636976","0.0454545"
"91636976","2144427809","0.0454545"
"2155261462","2155459813","0.0454545"
"2155459813","2155261462","0.0454545"
"2155261462","2188040004","0.0454545"
"2188040004","2155261462","0.0454545"
"2155261462","2395330091","0.0454545"
"2395330091","2155261462","0.0454545"
"2155261462","2397907354","0.295455"
"2397907354","2155261462","0.295455"
"2155261462","2748847540","0.0454545"
"2748847540","2155261462","0.0454545"
"2155261462","8068424","0.0454545"
"8068424","2155261462","0.0454545"
"2155261462","91636976","0.0454545"
"91636976","2155261462","0.0454545"
"2155459813","2182009071","0.0454545"
"2182009071","2155459813","0.0454545"
"2155459813","2188040004","0.0454545"
"2188040004","2155459813","0.0454545"
"2155459813","2222349236","0.0454545"
"2222349236","2155459813","0.0454545"
"2155459813","2269287759","0.0454545"
"2269287759","2155459813","0.0454545"
"2155459813","2395330091","0.212121"
"2395330091","2155459813","0.212121"
"2155459813","8068424","0.0454545"
"8068424","2155459813","0.0454545"
"2182009071","2188040004","0.0454545"
"2188040004","2182009071","0.0454545"
"2182009071","2222349236","0.0454545"
"2222349236","2182009071","0.0454545"
"2182009071","2269287759","0.0454545"
"2269287759","2182009071","0.0454545"
"2182009071","2395330091","0.0454545"
"2395330091","2182009071","0.0454545"
"2182009071","2398915717","0.0454545"
"2398915717","2182009071","0.0454545"
