"106645319","1842379865","0.765631"
"1842379865","106645319","0.765631"
"106645319","1965745537","0.765631"
"1965745537","106645319","0.765631"
"106645319","1973628836","6.62396"
"1973628836","106645319","6.62396"
"106645319","1978725955","0.765631"
"1978725955","106645319","0.765631"
"106645319","1999334496","0.765631"
"1999334496","106645319","0.765631"
"106645319","2015316613","0.376742"
"2015316613","106645319","0.376742"
"106645319","2073540865","0.543409"
"2073540865","106645319","0.543409"
"106645319","2093637562","2.12396"
"2093637562","106645319","2.12396"
"106645319","2098456562","1.79063"
"2098456562","106645319","1.79063"
"106645319","2145342716","0.443409"
"2145342716","106645319","0.443409"
"106645319","2164562633","0.276742"
"2164562633","106645319","0.276742"
"106645319","2953066879","1.69063"
"2953066879","106645319","1.69063"
"1842379865","1965745537","0.765631"
"1965745537","1842379865","0.765631"
"1842379865","1973628836","0.765631"
"1973628836","1842379865","0.765631"
"1842379865","1978725955","0.765631"
"1978725955","1842379865","0.765631"
"1842379865","1999334496","8.76563"
"1999334496","1842379865","8.76563"
"1842379865","2015316613","0.376742"
"2015316613","1842379865","0.376742"
"1842379865","2073540865","0.543409"
"2073540865","1842379865","0.543409"
"1842379865","2093637562","0.765631"
"2093637562","1842379865","0.765631"
"1842379865","2098456562","0.765631"
"2098456562","1842379865","0.765631"
"1842379865","2145342716","0.443409"
"2145342716","1842379865","0.443409"
"1842379865","2164562633","0.276742"
"2164562633","1842379865","0.276742"
"1842379865","2953066879","0.665631"
"2953066879","1842379865","0.665631"
"1965745537","1973628836","0.765631"
"1973628836","1965745537","0.765631"
"1965745537","1978725955","1.6323"
"1978725955","1965745537","1.6323"
"1965745537","1999334496","1.6323"
"1999334496","1965745537","1.6323"
"1965745537","2015316613","3.56008"
"2015316613","1965745537","3.56008"
"1965745537","2073540865","3.51008"
"2073540865","1965745537","3.51008"
"1965745537","2093637562","0.932298"
"2093637562","1965745537","0.932298"
"1965745537","2098456562","0.765631"
"2098456562","1965745537","0.765631"
"1965745537","2145342716","3.09341"
"2145342716","1965745537","3.09341"
"1965745537","2164562633","2.12674"
"2164562633","1965745537","2.12674"
"1965745537","2953066879","0.665631"
"2953066879","1965745537","0.665631"
"1973628836","1978725955","0.765631"
"1978725955","1973628836","0.765631"
"1973628836","1999334496","0.765631"
"1999334496","1973628836","0.765631"
"1973628836","2015316613","0.376742"
"2015316613","1973628836","0.376742"
"1973628836","2073540865","0.543409"
"2073540865","1973628836","0.543409"
"1973628836","2093637562","2.9573"
"2093637562","1973628836","2.9573"
"1973628836","2098456562","2.12396"
"2098456562","1973628836","2.12396"
"1973628836","2145342716","0.443409"
"2145342716","1973628836","0.443409"
"1973628836","2164562633","0.276742"
"2164562633","1973628836","0.276742"
"1973628836","2953066879","2.02396"
"2953066879","1973628836","2.02396"
"1978725955","1999334496","3.3323"
"1999334496","1978725955","3.3323"
"1978725955","2015316613","0.743409"
"2015316613","1978725955","0.743409"
"1978725955","2073540865","1.41008"
"2073540865","1978725955","1.41008"
"1978725955","2093637562","0.932298"
"2093637562","1978725955","0.932298"
"1978725955","2098456562","0.765631"
"2098456562","1978725955","0.765631"
"1978725955","2145342716","1.81008"
"2145342716","1978725955","1.81008"
"1978725955","2164562633","0.476742"
"2164562633","1978725955","0.476742"
"1978725955","2953066879","0.665631"
"2953066879","1978725955","0.665631"
"1999334496","2015316613","0.743409"
"2015316613","1999334496","0.743409"
"1999334496","2073540865","1.41008"
"2073540865","1999334496","1.41008"
"1999334496","2093637562","0.932298"
"2093637562","1999334496","0.932298"
"1999334496","2098456562","0.765631"
"2098456562","1999334496","0.765631"
"1999334496","2145342716","1.81008"
"2145342716","1999334496","1.81008"
"1999334496","2164562633","0.801398"
"2164562633","1999334496","0.801398"
"1999334496","2953066879","0.665631"
"2953066879","1999334496","0.665631"
"2015316613","2073540865","2.81008"
"2073540865","2015316613","2.81008"
"2015316613","2093637562","0.543409"
"2093637562","2015316613","0.543409"
"2015316613","2098456562","0.376742"
"2098456562","2015316613","0.376742"
"2015316613","2145342716","1.52674"
"2145342716","2015316613","1.52674"
"2015316613","2164562633","1.76008"
"2164562633","2015316613","1.76008"
"2015316613","2953066879","0.276742"
"2953066879","2015316613","0.276742"
"2073540865","2093637562","0.710076"
"2093637562","2073540865","0.710076"
"2073540865","2098456562","0.543409"
"2098456562","2073540865","0.543409"
"2073540865","2145342716","1.34341"
"2145342716","2073540865","1.34341"
"2073540865","2164562633","1.54341"
"2164562633","2073540865","1.54341"
"2073540865","2953066879","0.443409"
"2953066879","2073540865","0.443409"
"2093637562","2098456562","4.56841"
"2098456562","2093637562","4.56841"
"2093637562","2145342716","0.610076"
"2145342716","2093637562","0.610076"
"2093637562","2164562633","0.276742"
"2164562633","2093637562","0.276742"
"2093637562","2953066879","4.46841"
"2953066879","2093637562","4.46841"
"2098456562","2145342716","0.443409"
"2145342716","2098456562","0.443409"
"2098456562","2164562633","0.276742"
"2164562633","2098456562","0.276742"
"2098456562","2953066879","4.46841"
"2953066879","2098456562","4.46841"
"2145342716","2164562633","0.893409"
"2164562633","2145342716","0.893409"
"2145342716","2953066879","0.343409"
"2953066879","2145342716","0.343409"
"2164562633","2953066879","0.276742"
"2953066879","2164562633","0.276742"
"106645319","1515653671","0.197576"
"1515653671","106645319","0.197576"
"106645319","2002395342","1.61841"
"2002395342","106645319","1.61841"
"106645319","2015471587","0.260076"
"2015471587","106645319","0.260076"
"106645319","2019082936","0.260076"
"2019082936","106645319","0.260076"
"106645319","2048062215","0.197576"
"2048062215","106645319","0.197576"
"1515653671","1842379865","0.197576"
"1842379865","1515653671","0.197576"
"1515653671","1965745537","1.26424"
"1965745537","1515653671","1.26424"
"1515653671","1973628836","0.197576"
"1973628836","1515653671","0.197576"
"1515653671","1978725955","0.730909"
"1978725955","1515653671","0.730909"
"1515653671","1999334496","0.975207"
"1999334496","1515653671","0.975207"
"1515653671","2002395342","0.397576"
"2002395342","1515653671","0.397576"
"1515653671","2015471587","1.06424"
"2015471587","1515653671","1.06424"
"1515653671","2019082936","0.250207"
"2019082936","1515653671","0.250207"
"1515653671","2048062215","5.14187"
"2048062215","1515653671","5.14187"
"1515653671","2073540865","1.26424"
"2073540865","1515653671","1.26424"
"1515653671","2093637562","0.197576"
"2093637562","1515653671","0.197576"
"1515653671","2098456562","0.197576"
"2098456562","1515653671","0.197576"
"1515653671","2145342716","1.59758"
"2145342716","1515653671","1.59758"
"1515653671","2953066879","0.197576"
"2953066879","1515653671","0.197576"
"1842379865","2002395342","0.260076"
"2002395342","1842379865","0.260076"
"1842379865","2015471587","0.260076"
"2015471587","1842379865","0.260076"
"1842379865","2019082936","0.260076"
"2019082936","1842379865","0.260076"
"1842379865","2048062215","0.197576"
"2048062215","1842379865","0.197576"
"1965745537","2002395342","0.660076"
"2002395342","1965745537","0.660076"
"1965745537","2015471587","1.67674"
"2015471587","1965745537","1.67674"
"1965745537","2019082936","0.426742"
"2019082936","1965745537","0.426742"
"1965745537","2048062215","1.26424"
"2048062215","1965745537","1.26424"
"1973628836","2002395342","2.61841"
"2002395342","1973628836","2.61841"
"1973628836","2015471587","0.260076"
"2015471587","1973628836","0.260076"
"1973628836","2019082936","0.260076"
"2019082936","1973628836","0.260076"
"1973628836","2048062215","0.197576"
"2048062215","1973628836","0.197576"
"1978725955","2002395342","0.260076"
"2002395342","1978725955","0.260076"
"1978725955","2015471587","1.46008"
"2015471587","1978725955","1.46008"
"1978725955","2019082936","0.260076"
"2019082936","1978725955","0.260076"
"1978725955","2048062215","0.730909"
"2048062215","1978725955","0.730909"
"1999334496","2002395342","0.260076"
"2002395342","1999334496","0.260076"
"1999334496","2015471587","1.46008"
"2015471587","1999334496","1.46008"
"1999334496","2019082936","0.375207"
"2019082936","1999334496","0.375207"
"1999334496","2048062215","0.908541"
"2048062215","1999334496","0.908541"
"2002395342","2015471587","0.260076"
"2015471587","2002395342","0.260076"
"2002395342","2019082936","0.260076"
"2019082936","2002395342","0.260076"
"2002395342","2048062215","0.397576"
"2048062215","2002395342","0.397576"
"2002395342","2073540865","0.660076"
"2073540865","2002395342","0.660076"
"2002395342","2093637562","2.06285"
"2093637562","2002395342","2.06285"
"2002395342","2098456562","1.22952"
"2098456562","2002395342","1.22952"
"2002395342","2145342716","0.460076"
"2145342716","2002395342","0.460076"
"2002395342","2953066879","1.22952"
"2953066879","2002395342","1.22952"
"2015471587","2019082936","0.426742"
"2019082936","2015471587","0.426742"
"2015471587","2048062215","1.56424"
"2048062215","2015471587","1.56424"
"2015471587","2073540865","0.260076"
"2073540865","2015471587","0.260076"
"2015471587","2093637562","0.260076"
"2093637562","2015471587","0.260076"
"2015471587","2098456562","0.260076"
"2098456562","2015471587","0.260076"
"2015471587","2145342716","4.71008"
"2145342716","2015471587","4.71008"
"2015471587","2953066879","0.260076"
"2953066879","2015471587","0.260076"
"2019082936","2048062215","0.861318"
"2048062215","2019082936","0.861318"
"2019082936","2073540865","0.260076"
"2073540865","2019082936","0.260076"
"2019082936","2093637562","0.260076"
"2093637562","2019082936","0.260076"
"2019082936","2098456562","0.260076"
"2098456562","2019082936","0.260076"
"2019082936","2145342716","0.426742"
"2145342716","2019082936","0.426742"
"2019082936","2953066879","0.260076"
"2953066879","2019082936","0.260076"
"2048062215","2073540865","1.26424"
"2073540865","2048062215","1.26424"
"2048062215","2093637562","0.197576"
"2093637562","2048062215","0.197576"
"2048062215","2098456562","0.197576"
"2098456562","2048062215","0.197576"
"2048062215","2145342716","2.09758"
"2145342716","2048062215","2.09758"
"2048062215","2953066879","0.197576"
"2953066879","2048062215","0.197576"
"106645319","2055300290","0.125"
"2055300290","106645319","0.125"
"106645319","2062262281","0.255909"
"2062262281","106645319","0.255909"
"106645319","2111081459","0.255909"
"2111081459","106645319","0.255909"
"1973628836","2055300290","0.125"
"2055300290","1973628836","0.125"
"1973628836","2062262281","0.255909"
"2062262281","1973628836","0.255909"
"1973628836","2111081459","0.255909"
"2111081459","1973628836","0.255909"
"2002395342","2055300290","0.236111"
"2055300290","2002395342","0.236111"
"2002395342","2062262281","0.505909"
"2062262281","2002395342","0.505909"
"2002395342","2111081459","0.505909"
"2111081459","2002395342","0.505909"
"2055300290","2062262281","0.125"
"2062262281","2055300290","0.125"
"2055300290","2093637562","0.236111"
"2093637562","2055300290","0.236111"
"2055300290","2098456562","0.236111"
"2098456562","2055300290","0.236111"
"2055300290","2111081459","0.125"
"2111081459","2055300290","0.125"
"2055300290","2953066879","0.236111"
"2953066879","2055300290","0.236111"
"2062262281","2093637562","0.255909"
"2093637562","2062262281","0.255909"
"2062262281","2098456562","0.255909"
"2098456562","2062262281","0.255909"
"2062262281","2111081459","5.12521"
"2111081459","2062262281","5.12521"
"2062262281","2953066879","0.255909"
"2953066879","2062262281","0.255909"
"2093637562","2111081459","0.255909"
"2111081459","2093637562","0.255909"
"2098456562","2111081459","0.255909"
"2111081459","2098456562","0.255909"
"2111081459","2953066879","0.255909"
"2953066879","2111081459","0.255909"
"106645319","2101205382","0.0854545"
"2101205382","106645319","0.0854545"
"106645319","2244475425","0.0454545"
"2244475425","106645319","0.0454545"
"106645319","2604662095","0.145455"
"2604662095","106645319","0.145455"
"1515653671","2015316613","0.330909"
"2015316613","1515653671","0.330909"
"1515653671","2062262281","0.250207"
"2062262281","1515653671","0.250207"
"1515653671","2101205382","0.0854545"
"2101205382","1515653671","0.0854545"
"1515653671","2111081459","0.250207"
"2111081459","1515653671","0.250207"
"1515653671","2164562633","1.78354"
"2164562633","1515653671","1.78354"
"1515653671","2244475425","0.0454545"
"2244475425","1515653671","0.0454545"
"1515653671","2604662095","0.0454545"
"2604662095","1515653671","0.0454545"
"1842379865","2062262281","0.130909"
"2062262281","1842379865","0.130909"
"1842379865","2101205382","0.0854545"
"2101205382","1842379865","0.0854545"
"1842379865","2111081459","0.130909"
"2111081459","1842379865","0.130909"
"1842379865","2244475425","0.0454545"
"2244475425","1842379865","0.0454545"
"1842379865","2604662095","0.145455"
"2604662095","1842379865","0.145455"
"1965745537","2062262281","0.797576"
"2062262281","1965745537","0.797576"
"1965745537","2101205382","0.0854545"
"2101205382","1965745537","0.0854545"
"1965745537","2111081459","0.630909"
"2111081459","1965745537","0.630909"
"1965745537","2244475425","0.0454545"
"2244475425","1965745537","0.0454545"
"1965745537","2604662095","0.145455"
"2604662095","1965745537","0.145455"
"1973628836","2101205382","0.585455"
"2101205382","1973628836","0.585455"
"1973628836","2244475425","0.0454545"
"2244475425","1973628836","0.0454545"
"1973628836","2604662095","0.145455"
"2604662095","1973628836","0.145455"
"1978725955","2062262281","0.130909"
"2062262281","1978725955","0.130909"
"1978725955","2101205382","0.0854545"
"2101205382","1978725955","0.0854545"
"1978725955","2111081459","0.130909"
"2111081459","1978725955","0.130909"
"1978725955","2244475425","0.0454545"
"2244475425","1978725955","0.0454545"
"1978725955","2604662095","0.145455"
"2604662095","1978725955","0.145455"
"1999334496","2062262281","0.250207"
"2062262281","1999334496","0.250207"
"1999334496","2101205382","0.0854545"
"2101205382","1999334496","0.0854545"
"1999334496","2111081459","0.250207"
"2111081459","1999334496","0.250207"
"1999334496","2244475425","0.0454545"
"2244475425","1999334496","0.0454545"
"1999334496","2604662095","0.145455"
"2604662095","1999334496","0.145455"
"2002395342","2015316613","0.393409"
"2015316613","2002395342","0.393409"
"2002395342","2101205382","0.696566"
"2101205382","2002395342","0.696566"
"2002395342","2164562633","0.593409"
"2164562633","2002395342","0.593409"
"2002395342","2244475425","0.0454545"
"2244475425","2002395342","0.0454545"
"2002395342","2604662095","0.0454545"
"2604662095","2002395342","0.0454545"
"2015316613","2015471587","0.443409"
"2015471587","2015316613","0.443409"
"2015316613","2019082936","0.193409"
"2019082936","2015316613","0.193409"
"2015316613","2048062215","0.330909"
"2048062215","2015316613","0.330909"
"2015316613","2062262281","0.130909"
"2062262281","2015316613","0.130909"
"2015316613","2101205382","0.0854545"
"2101205382","2015316613","0.0854545"
"2015316613","2111081459","0.130909"
"2111081459","2015316613","0.130909"
"2015316613","2244475425","0.0454545"
"2244475425","2015316613","0.0454545"
"2015316613","2604662095","0.0454545"
"2604662095","2015316613","0.0454545"
"2015471587","2062262281","0.297576"
"2062262281","2015471587","0.297576"
"2015471587","2101205382","0.0854545"
"2101205382","2015471587","0.0854545"
"2015471587","2111081459","0.130909"
"2111081459","2015471587","0.130909"
"2015471587","2164562633","0.610076"
"2164562633","2015471587","0.610076"
"2015471587","2244475425","0.0454545"
"2244475425","2015471587","0.0454545"
"2015471587","2604662095","0.0454545"
"2604662095","2015471587","0.0454545"
"2019082936","2062262281","0.683541"
"2062262281","2019082936","0.683541"
"2019082936","2101205382","0.0854545"
"2101205382","2019082936","0.0854545"
"2019082936","2111081459","0.433541"
"2111081459","2019082936","0.433541"
"2019082936","2164562633","1.07521"
"2164562633","2019082936","1.07521"
"2019082936","2244475425","0.0454545"
"2244475425","2019082936","0.0454545"
"2019082936","2604662095","0.0454545"
"2604662095","2019082936","0.0454545"
"2048062215","2062262281","0.183541"
"2062262281","2048062215","0.183541"
"2048062215","2101205382","0.0854545"
"2101205382","2048062215","0.0854545"
"2048062215","2111081459","0.183541"
"2111081459","2048062215","0.183541"
"2048062215","2164562633","0.716874"
"2164562633","2048062215","0.716874"
"2048062215","2244475425","0.0454545"
"2244475425","2048062215","0.0454545"
"2048062215","2604662095","0.0454545"
"2604662095","2048062215","0.0454545"
"2062262281","2073540865","0.130909"
"2073540865","2062262281","0.130909"
"2062262281","2101205382","0.0854545"
"2101205382","2062262281","0.0854545"
"2062262281","2145342716","0.297576"
"2145342716","2062262281","0.297576"
"2062262281","2164562633","0.416874"
"2164562633","2062262281","0.416874"
"2062262281","2244475425","0.0454545"
"2244475425","2062262281","0.0454545"
"2062262281","2604662095","0.0454545"
"2604662095","2062262281","0.0454545"
"2073540865","2101205382","0.0854545"
"2101205382","2073540865","0.0854545"
"2073540865","2111081459","0.130909"
"2111081459","2073540865","0.130909"
"2073540865","2244475425","0.0454545"
"2244475425","2073540865","0.0454545"
"2073540865","2604662095","0.145455"
"2604662095","2073540865","0.145455"
"2093637562","2101205382","5.19657"
"2101205382","2093637562","5.19657"
"2093637562","2244475425","0.0454545"
"2244475425","2093637562","0.0454545"
"2093637562","2604662095","0.145455"
"2604662095","2093637562","0.145455"
"2098456562","2101205382","0.196566"
"2101205382","2098456562","0.196566"
"2098456562","2244475425","0.0454545"
"2244475425","2098456562","0.0454545"
"2098456562","2604662095","0.145455"
"2604662095","2098456562","0.145455"
"2101205382","2111081459","0.0854545"
"2111081459","2101205382","0.0854545"
"2101205382","2145342716","0.585455"
"2145342716","2101205382","0.585455"
"2101205382","2164562633","0.0854545"
"2164562633","2101205382","0.0854545"
"2101205382","2244475425","0.0454545"
"2244475425","2101205382","0.0454545"
"2101205382","2604662095","0.0454545"
"2604662095","2101205382","0.0454545"
"2101205382","2953066879","0.196566"
"2953066879","2101205382","0.196566"
"2111081459","2145342716","0.130909"
"2145342716","2111081459","0.130909"
"2111081459","2164562633","0.250207"
"2164562633","2111081459","0.250207"
"2111081459","2244475425","0.0454545"
"2244475425","2111081459","0.0454545"
"2111081459","2604662095","0.0454545"
"2604662095","2111081459","0.0454545"
"2145342716","2244475425","0.0454545"
"2244475425","2145342716","0.0454545"
"2145342716","2604662095","0.0454545"
"2604662095","2145342716","0.0454545"
"2164562633","2244475425","0.0454545"
"2244475425","2164562633","0.0454545"
"2164562633","2604662095","0.0454545"
"2604662095","2164562633","0.0454545"
"2244475425","2604662095","23.2121"
"2604662095","2244475425","23.2121"
"2244475425","2953066879","0.0454545"
"2953066879","2244475425","0.0454545"
"2604662095","2953066879","0.145455"
"2953066879","2604662095","0.145455"
"106645319","2122112431","0.370177"
"2122112431","106645319","0.370177"
"1842379865","2122112431","0.370177"
"2122112431","1842379865","0.370177"
"1965745537","2122112431","0.370177"
"2122112431","1965745537","0.370177"
"1973628836","2122112431","0.370177"
"2122112431","1973628836","0.370177"
"1978725955","2122112431","0.70351"
"2122112431","1978725955","0.70351"
"1999334496","2122112431","1.56983"
"2122112431","1999334496","1.56983"
"2093637562","2122112431","0.370177"
"2122112431","2093637562","0.370177"
"2098456562","2122112431","0.370177"
"2122112431","2098456562","0.370177"
"2122112431","2953066879","0.370177"
"2953066879","2122112431","0.370177"
"106645319","2091760137","0.0454545"
"2091760137","106645319","0.0454545"
"106645319","2128361559","0.0854545"
"2128361559","106645319","0.0854545"
"1515653671","2091760137","0.164753"
"2091760137","1515653671","0.164753"
"1515653671","2122112431","0.663086"
"2122112431","1515653671","0.663086"
"1515653671","2128361559","0.138086"
"2128361559","1515653671","0.138086"
"1842379865","2091760137","1.04545"
"2091760137","1842379865","1.04545"
"1842379865","2128361559","0.0854545"
"2128361559","1842379865","0.0854545"
"1965745537","2091760137","0.0454545"
"2091760137","1965745537","0.0454545"
"1965745537","2128361559","1.25212"
"2128361559","1965745537","1.25212"
"1973628836","2091760137","0.0454545"
"2091760137","1973628836","0.0454545"
"1973628836","2128361559","0.0854545"
"2128361559","1973628836","0.0854545"
"1978725955","2091760137","0.0454545"
"2091760137","1978725955","0.0454545"
"1978725955","2128361559","0.0854545"
"2128361559","1978725955","0.0854545"
"1999334496","2091760137","1.22725"
"2091760137","1999334496","1.22725"
"1999334496","2128361559","0.367253"
"2128361559","1999334496","0.367253"
"2002395342","2091760137","0.0454545"
"2091760137","2002395342","0.0454545"
"2002395342","2122112431","0.147955"
"2122112431","2002395342","0.147955"
"2002395342","2128361559","0.0854545"
"2128361559","2002395342","0.0854545"
"2015316613","2091760137","0.0454545"
"2091760137","2015316613","0.0454545"
"2015316613","2122112431","0.147955"
"2122112431","2015316613","0.147955"
"2015316613","2128361559","0.0854545"
"2128361559","2015316613","0.0854545"
"2015471587","2091760137","0.0454545"
"2091760137","2015471587","0.0454545"
"2015471587","2122112431","0.481288"
"2122112431","2015471587","0.481288"
"2015471587","2128361559","0.252121"
"2128361559","2015471587","0.252121"
"2019082936","2091760137","0.610586"
"2091760137","2019082936","0.610586"
"2019082936","2122112431","0.263086"
"2122112431","2019082936","0.263086"
"2019082936","2128361559","10.92"
"2128361559","2019082936","10.92"
"2048062215","2091760137","0.0980861"
"2091760137","2048062215","0.0980861"
"2048062215","2122112431","0.596419"
"2122112431","2048062215","0.596419"
"2048062215","2128361559","0.749197"
"2128361559","2048062215","0.749197"
"2062262281","2091760137","0.164753"
"2091760137","2062262281","0.164753"
"2062262281","2122112431","0.204753"
"2122112431","2062262281","0.204753"
"2062262281","2128361559","0.638086"
"2128361559","2062262281","0.638086"
"2073540865","2091760137","0.0454545"
"2091760137","2073540865","0.0454545"
"2073540865","2122112431","0.147955"
"2122112431","2073540865","0.147955"
"2073540865","2128361559","0.0854545"
"2128361559","2073540865","0.0854545"
"2091760137","2093637562","0.0454545"
"2093637562","2091760137","0.0454545"
"2091760137","2098456562","0.0454545"
"2098456562","2091760137","0.0454545"
"2091760137","2111081459","0.164753"
"2111081459","2091760137","0.164753"
"2091760137","2122112431","0.227253"
"2122112431","2091760137","0.227253"
"2091760137","2128361559","0.410586"
"2128361559","2091760137","0.410586"
"2091760137","2145342716","0.0454545"
"2145342716","2091760137","0.0454545"
"2091760137","2164562633","0.227253"
"2164562633","2091760137","0.227253"
"2091760137","2953066879","0.0454545"
"2953066879","2091760137","0.0454545"
"2093637562","2128361559","0.0854545"
"2128361559","2093637562","0.0854545"
"2098456562","2128361559","0.0854545"
"2128361559","2098456562","0.0854545"
"2111081459","2122112431","0.204753"
"2122112431","2111081459","0.204753"
"2111081459","2128361559","0.138086"
"2128361559","2111081459","0.138086"
"2122112431","2128361559","0.367253"
"2128361559","2122112431","0.367253"
"2122112431","2145342716","0.481288"
"2145342716","2122112431","0.481288"
"2122112431","2164562633","0.47261"
"2164562633","2122112431","0.47261"
"2128361559","2145342716","0.252121"
"2145342716","2128361559","0.252121"
"2128361559","2164562633","0.567253"
"2164562633","2128361559","0.567253"
"2128361559","2953066879","0.0854545"
"2953066879","2128361559","0.0854545"
"106645319","2011786008","0.04"
"2011786008","106645319","0.04"
"106645319","2040887688","0.04"
"2040887688","106645319","0.04"
"106645319","2092462044","0.04"
"2092462044","106645319","0.04"
"1515653671","2011786008","0.04"
"2011786008","1515653671","0.04"
"1515653671","2040887688","0.159298"
"2040887688","1515653671","0.159298"
"1515653671","2092462044","0.04"
"2092462044","1515653671","0.04"
"1842379865","2011786008","0.04"
"2011786008","1842379865","0.04"
"1842379865","2040887688","0.04"
"2040887688","1842379865","0.04"
"1842379865","2092462044","0.04"
"2092462044","1842379865","0.04"
"1965745537","2011786008","0.04"
"2011786008","1965745537","0.04"
"1965745537","2040887688","0.04"
"2040887688","1965745537","0.04"
"1965745537","2092462044","0.04"
"2092462044","1965745537","0.04"
"1973628836","2011786008","0.04"
"2011786008","1973628836","0.04"
"1973628836","2040887688","0.04"
"2040887688","1973628836","0.04"
"1973628836","2092462044","0.04"
"2092462044","1973628836","0.04"
"1978725955","2011786008","0.04"
"2011786008","1978725955","0.04"
"1978725955","2040887688","0.04"
"2040887688","1978725955","0.04"
"1978725955","2092462044","0.04"
"2092462044","1978725955","0.04"
"1999334496","2011786008","0.04"
"2011786008","1999334496","0.04"
"1999334496","2040887688","0.159298"
"2040887688","1999334496","0.159298"
"1999334496","2092462044","0.04"
"2092462044","1999334496","0.04"
"2002395342","2011786008","0.04"
"2011786008","2002395342","0.04"
"2002395342","2040887688","0.04"
"2040887688","2002395342","0.04"
"2002395342","2092462044","0.04"
"2092462044","2002395342","0.04"
"2011786008","2015316613","0.04"
"2015316613","2011786008","0.04"
"2011786008","2015471587","0.04"
"2015471587","2011786008","0.04"
"2011786008","2019082936","0.04"
"2019082936","2011786008","0.04"
"2011786008","2040887688","0.04"
"2040887688","2011786008","0.04"
"2011786008","2048062215","0.04"
"2048062215","2011786008","0.04"
"2011786008","2062262281","0.04"
"2062262281","2011786008","0.04"
"2011786008","2073540865","0.04"
"2073540865","2011786008","0.04"
"2011786008","2092462044","0.04"
"2092462044","2011786008","0.04"
"2011786008","2093637562","0.04"
"2093637562","2011786008","0.04"
"2011786008","2098456562","0.04"
"2098456562","2011786008","0.04"
"2011786008","2101205382","0.04"
"2101205382","2011786008","0.04"
"2011786008","2111081459","0.04"
"2111081459","2011786008","0.04"
"2011786008","2122112431","0.04"
"2122112431","2011786008","0.04"
"2011786008","2128361559","0.04"
"2128361559","2011786008","0.04"
"2011786008","2145342716","0.04"
"2145342716","2011786008","0.04"
"2011786008","2164562633","0.04"
"2164562633","2011786008","0.04"
"2011786008","2953066879","0.04"
"2953066879","2011786008","0.04"
"2015316613","2040887688","0.04"
"2040887688","2015316613","0.04"
"2015316613","2092462044","0.04"
"2092462044","2015316613","0.04"
"2015471587","2040887688","0.04"
"2040887688","2015471587","0.04"
"2015471587","2092462044","0.04"
"2092462044","2015471587","0.04"
"2019082936","2040887688","0.625965"
"2040887688","2019082936","0.625965"
"2019082936","2092462044","0.04"
"2092462044","2019082936","0.04"
"2040887688","2048062215","0.0926316"
"2048062215","2040887688","0.0926316"
"2040887688","2062262281","0.492632"
"2062262281","2040887688","0.492632"
"2040887688","2073540865","0.04"
"2073540865","2040887688","0.04"
"2040887688","2092462044","0.04"
"2092462044","2040887688","0.04"
"2040887688","2093637562","0.04"
"2093637562","2040887688","0.04"
"2040887688","2098456562","0.04"
"2098456562","2040887688","0.04"
"2040887688","2101205382","0.54"
"2101205382","2040887688","0.54"
"2040887688","2111081459","0.159298"
"2111081459","2040887688","0.159298"
"2040887688","2122112431","0.159298"
"2122112431","2040887688","0.159298"
"2040887688","2128361559","1.9593"
"2128361559","2040887688","1.9593"
"2040887688","2145342716","0.54"
"2145342716","2040887688","0.54"
"2040887688","2164562633","0.359298"
"2164562633","2040887688","0.359298"
"2040887688","2953066879","0.04"
"2953066879","2040887688","0.04"
"2048062215","2092462044","0.04"
"2092462044","2048062215","0.04"
"2062262281","2092462044","0.04"
"2092462044","2062262281","0.04"
"2073540865","2092462044","0.04"
"2092462044","2073540865","0.04"
"2092462044","2093637562","0.04"
"2093637562","2092462044","0.04"
"2092462044","2098456562","0.04"
"2098456562","2092462044","0.04"
"2092462044","2101205382","0.04"
"2101205382","2092462044","0.04"
"2092462044","2111081459","0.04"
"2111081459","2092462044","0.04"
"2092462044","2122112431","0.04"
"2122112431","2092462044","0.04"
"2092462044","2128361559","0.04"
"2128361559","2092462044","0.04"
"2092462044","2145342716","0.04"
"2145342716","2092462044","0.04"
"2092462044","2164562633","0.04"
"2164562633","2092462044","0.04"
"2092462044","2953066879","0.04"
"2953066879","2092462044","0.04"
"2101205382","2122112431","0.04"
"2122112431","2101205382","0.04"
"2101205382","2128361559","0.04"
"2128361559","2101205382","0.04"
"1177820874","2130931558","2.25"
"2130931558","1177820874","2.25"
"1177820874","1993171358","0.4625"
"1993171358","1177820874","0.4625"
"1177820874","2106466787","0.9125"
"2106466787","1177820874","0.9125"
"1177820874","2118979929","0.333333"
"2118979929","1177820874","0.333333"
"1993171358","2106466787","2.00417"
"2106466787","1993171358","2.00417"
"1993171358","2118979929","2"
"2118979929","1993171358","2"
"2106466787","2118979929","1.5"
"2118979929","2106466787","1.5"
"1177820874","2019082936","0.5125"
"2019082936","1177820874","0.5125"
"1177820874","2140894345","0.429167"
"2140894345","1177820874","0.429167"
"1177820874","2149229615","1.2625"
"2149229615","1177820874","1.2625"
"1177820874","2164562633","0.329167"
"2164562633","1177820874","0.329167"
"2019082936","2106466787","0.765132"
"2106466787","2019082936","0.765132"
"2019082936","2140894345","0.751243"
"2140894345","2019082936","0.751243"
"2019082936","2149229615","2.28458"
"2149229615","2019082936","2.28458"
"2106466787","2140894345","0.315132"
"2140894345","2106466787","0.315132"
"2106466787","2149229615","0.640132"
"2149229615","2106466787","0.640132"
"2106466787","2164562633","0.581798"
"2164562633","2106466787","0.581798"
"2140894345","2149229615","0.9441"
"2149229615","2140894345","0.9441"
"2140894345","2164562633","1.62466"
"2164562633","2140894345","1.62466"
"2149229615","2164562633","0.657989"
"2164562633","2149229615","0.657989"
"1177820874","1515653671","0.0666667"
"1515653671","1177820874","0.0666667"
"1177820874","1887537537","0.129167"
"1887537537","1177820874","0.129167"
"1177820874","1965264121","0.0666667"
"1965264121","1177820874","0.0666667"
"1177820874","1982845811","0.295833"
"1982845811","1177820874","0.295833"
"1177820874","1999334496","0.295833"
"1999334496","1177820874","0.295833"
"1177820874","2040887688","0.0666667"
"2040887688","1177820874","0.0666667"
"1177820874","2062262281","0.0666667"
"2062262281","1177820874","0.0666667"
"1177820874","2083039049","0.295833"
"2083039049","1177820874","0.295833"
"1177820874","2091760137","0.129167"
"2091760137","1177820874","0.129167"
"1177820874","2111081459","0.316667"
"2111081459","1177820874","0.316667"
"1177820874","2122112431","0.295833"
"2122112431","1177820874","0.295833"
"1177820874","2158597732","0.129167"
"2158597732","1177820874","0.129167"
"1515653671","1887537537","0.191667"
"1887537537","1515653671","0.191667"
"1515653671","1965264121","0.119298"
"1965264121","1515653671","0.119298"
"1515653671","1982845811","0.119298"
"1982845811","1515653671","0.119298"
"1515653671","1993171358","0.191667"
"1993171358","1515653671","0.191667"
"1515653671","2083039049","0.0666667"
"2083039049","1515653671","0.0666667"
"1515653671","2106466787","0.244298"
"2106466787","1515653671","0.244298"
"1515653671","2158597732","0.0666667"
"2158597732","1515653671","0.0666667"
"1887537537","1965264121","0.0666667"
"1965264121","1887537537","0.0666667"
"1887537537","1982845811","0.254167"
"1982845811","1887537537","0.254167"
"1887537537","1993171358","0.379167"
"1993171358","1887537537","0.379167"
"1887537537","1999334496","0.254167"
"1999334496","1887537537","0.254167"
"1887537537","2040887688","0.0666667"
"2040887688","1887537537","0.0666667"
"1887537537","2062262281","0.0666667"
"2062262281","1887537537","0.0666667"
"1887537537","2083039049","0.129167"
"2083039049","1887537537","0.129167"
"1887537537","2091760137","0.129167"
"2091760137","1887537537","0.129167"
"1887537537","2106466787","0.254167"
"2106466787","1887537537","0.254167"
"1887537537","2111081459","0.0666667"
"2111081459","1887537537","0.0666667"
"1887537537","2122112431","0.254167"
"2122112431","1887537537","0.254167"
"1887537537","2158597732","0.254167"
"2158597732","1887537537","0.254167"
"1887537537","2164562633","0.129167"
"2164562633","1887537537","0.129167"
"1965264121","1982845811","0.119298"
"1982845811","1965264121","0.119298"
"1965264121","1993171358","0.0666667"
"1993171358","1965264121","0.0666667"
"1965264121","1999334496","0.119298"
"1999334496","1965264121","0.119298"
"1965264121","2040887688","5.8193"
"2040887688","1965264121","5.8193"
"1965264121","2062262281","0.119298"
"2062262281","1965264121","0.119298"
"1965264121","2083039049","0.0666667"
"2083039049","1965264121","0.0666667"
"1965264121","2091760137","0.119298"
"2091760137","1965264121","0.119298"
"1965264121","2106466787","0.119298"
"2106466787","1965264121","0.119298"
"1965264121","2111081459","0.119298"
"2111081459","1965264121","0.119298"
"1965264121","2122112431","0.119298"
"2122112431","1965264121","0.119298"
"1965264121","2158597732","0.266667"
"2158597732","1965264121","0.266667"
"1965264121","2164562633","0.319298"
"2164562633","1965264121","0.319298"
"1982845811","1993171358","0.254167"
"1993171358","1982845811","0.254167"
"1982845811","1999334496","0.491322"
"1999334496","1982845811","0.491322"
"1982845811","2040887688","0.119298"
"2040887688","1982845811","0.119298"
"1982845811","2062262281","0.119298"
"2062262281","1982845811","0.119298"
"1982845811","2083039049","2.13869"
"2083039049","1982845811","2.13869"
"1982845811","2091760137","0.515132"
"2091760137","1982845811","0.515132"
"1982845811","2106466787","0.181798"
"2106466787","1982845811","0.181798"
"1982845811","2111081459","0.119298"
"2111081459","1982845811","0.119298"
"1982845811","2122112431","0.491322"
"2122112431","1982845811","0.491322"
"1982845811","2158597732","0.5875"
"2158597732","1982845811","0.5875"
"1982845811","2164562633","0.324655"
"2164562633","1982845811","0.324655"
"1993171358","1999334496","0.504167"
"1999334496","1993171358","0.504167"
"1993171358","2040887688","0.0666667"
"2040887688","1993171358","0.0666667"
"1993171358","2062262281","0.0666667"
"2062262281","1993171358","0.0666667"
"1993171358","2083039049","0.129167"
"2083039049","1993171358","0.129167"
"1993171358","2091760137","2.29583"
"2091760137","1993171358","2.29583"
"1993171358","2111081459","0.0666667"
"2111081459","1993171358","0.0666667"
"1993171358","2122112431","0.504167"
"2122112431","1993171358","0.504167"
"1993171358","2158597732","0.754167"
"2158597732","1993171358","0.754167"
"1993171358","2164562633","0.129167"
"2164562633","1993171358","0.129167"
"1999334496","2083039049","0.43869"
"2083039049","1999334496","0.43869"
"1999334496","2106466787","0.556798"
"2106466787","1999334496","0.556798"
"1999334496","2158597732","0.129167"
"2158597732","1999334496","0.129167"
"2040887688","2083039049","0.0666667"
"2083039049","2040887688","0.0666667"
"2040887688","2091760137","0.119298"
"2091760137","2040887688","0.119298"
"2040887688","2106466787","0.119298"
"2106466787","2040887688","0.119298"
"2040887688","2158597732","0.266667"
"2158597732","2040887688","0.266667"
"2062262281","2083039049","0.0666667"
"2083039049","2062262281","0.0666667"
"2062262281","2106466787","0.119298"
"2106466787","2062262281","0.119298"
"2062262281","2158597732","0.0666667"
"2158597732","2062262281","0.0666667"
"2083039049","2091760137","1.49583"
"2091760137","2083039049","1.49583"
"2083039049","2106466787","0.129167"
"2106466787","2083039049","0.129167"
"2083039049","2111081459","0.0666667"
"2111081459","2083039049","0.0666667"
"2083039049","2122112431","0.43869"
"2122112431","2083039049","0.43869"
"2083039049","2158597732","0.129167"
"2158597732","2083039049","0.129167"
"2083039049","2164562633","0.272024"
"2164562633","2083039049","0.272024"
"2091760137","2106466787","2.34846"
"2106466787","2091760137","2.34846"
"2091760137","2158597732","0.4625"
"2158597732","2091760137","0.4625"
"2106466787","2111081459","0.369298"
"2111081459","2106466787","0.369298"
"2106466787","2122112431","0.556798"
"2122112431","2106466787","0.556798"
"2106466787","2158597732","0.129167"
"2158597732","2106466787","0.129167"
"2111081459","2158597732","0.0666667"
"2158597732","2111081459","0.0666667"
"2122112431","2158597732","0.129167"
"2158597732","2122112431","0.129167"
"2158597732","2164562633","0.6625"
"2164562633","2158597732","0.6625"
"2019082936","2130931558","0.413743"
"2130931558","2019082936","0.413743"
"2106466787","2130931558","0.302632"
"2130931558","2106466787","0.302632"
"2111081459","2130931558","0.302632"
"2130931558","2111081459","0.302632"
"1177820874","2128361559","0.229167"
"2128361559","1177820874","0.229167"
"1982845811","2128361559","0.606798"
"2128361559","1982845811","0.606798"
"1982845811","2140894345","0.549655"
"2140894345","1982845811","0.549655"
"1999334496","2140894345","0.424655"
"2140894345","1999334496","0.424655"
"2083039049","2128361559","0.679167"
"2128361559","2083039049","0.679167"
"2083039049","2140894345","1.40536"
"2140894345","2083039049","1.40536"
"2122112431","2140894345","0.424655"
"2140894345","2122112431","0.424655"
"2128361559","2140894345","0.517909"
"2140894345","2128361559","0.517909"
"1177820874","2107306990","0.0625"
"2107306990","1177820874","0.0625"
"1177820874","2171959689","0.0625"
"2171959689","1177820874","0.0625"
"1887537537","2019082936","0.1875"
"2019082936","1887537537","0.1875"
"1887537537","2107306990","0.1875"
"2107306990","1887537537","0.1875"
"1887537537","2128361559","0.1875"
"2128361559","1887537537","0.1875"
"1887537537","2140894345","0.1875"
"2140894345","1887537537","0.1875"
"1887537537","2149229615","0.3125"
"2149229615","1887537537","0.3125"
"1887537537","2171959689","0.1875"
"2171959689","1887537537","0.1875"
"1982845811","2019082936","0.440132"
"2019082936","1982845811","0.440132"
"1982845811","2107306990","0.582989"
"2107306990","1982845811","0.582989"
"1982845811","2149229615","2.41632"
"2149229615","1982845811","2.41632"
"1982845811","2171959689","0.115132"
"2171959689","1982845811","0.115132"
"1993171358","2019082936","0.1875"
"2019082936","1993171358","0.1875"
"1993171358","2107306990","0.1875"
"2107306990","1993171358","0.1875"
"1993171358","2128361559","0.1875"
"2128361559","1993171358","0.1875"
"1993171358","2140894345","0.1875"
"2140894345","1993171358","0.1875"
"1993171358","2149229615","0.3125"
"2149229615","1993171358","0.3125"
"1993171358","2171959689","0.4375"
"2171959689","1993171358","0.4375"
"1999334496","2107306990","0.257989"
"2107306990","1999334496","0.257989"
"1999334496","2149229615","0.382989"
"2149229615","1999334496","0.382989"
"1999334496","2171959689","0.490132"
"2171959689","1999334496","0.490132"
"2019082936","2083039049","1.7125"
"2083039049","2019082936","1.7125"
"2019082936","2107306990","1.20124"
"2107306990","2019082936","1.20124"
"2019082936","2158597732","0.3875"
"2158597732","2019082936","0.3875"
"2019082936","2171959689","0.759576"
"2171959689","2019082936","0.759576"
"2083039049","2107306990","2.18869"
"2107306990","2083039049","2.18869"
"2083039049","2149229615","6.48869"
"2149229615","2083039049","6.48869"
"2083039049","2171959689","0.0625"
"2171959689","2083039049","0.0625"
"2091760137","2107306990","1.14846"
"2107306990","2091760137","1.14846"
"2091760137","2140894345","0.898465"
"2140894345","2091760137","0.898465"
"2091760137","2149229615","0.781798"
"2149229615","2091760137","0.781798"
"2091760137","2171959689","0.115132"
"2171959689","2091760137","0.115132"
"2106466787","2107306990","0.315132"
"2107306990","2106466787","0.315132"
