"1493210464","2090667601","0.833333"
"2090667601","1493210464","0.833333"
"1493210464","2115639613","0.333333"
"2115639613","1493210464","0.333333"
"1493210464","2187312291","0.833333"
"2187312291","1493210464","0.833333"
"2090667601","2115639613","5.32424"
"2115639613","2090667601","5.32424"
"2090667601","2187312291","12.7333"
"2187312291","2090667601","12.7333"
"2115639613","2187312291","4.23333"
"2187312291","2115639613","4.23333"
"1520237532","2110105506","0.217147"
"2110105506","1520237532","0.217147"
"1520237532","2123627620","0.248397"
"2123627620","1520237532","0.248397"
"1520237532","2129765035","0.166667"
"2129765035","1520237532","0.166667"
"1520237532","2130007260","0.197917"
"2130007260","1520237532","0.197917"
"1520237532","2141461794","0.197917"
"2141461794","1520237532","0.197917"
"1520237532","2155169899","0.166667"
"2155169899","1520237532","0.166667"
"2110105506","2123627620","0.712981"
"2123627620","2110105506","0.712981"
"2110105506","2129765035","0.166667"
"2129765035","2110105506","0.166667"
"2110105506","2130007260","0.197917"
"2130007260","2110105506","0.197917"
"2110105506","2141461794","0.197917"
"2141461794","2110105506","0.197917"
"2110105506","2155169899","0.166667"
"2155169899","2110105506","0.166667"
"2123627620","2129765035","0.166667"
"2129765035","2123627620","0.166667"
"2123627620","2130007260","1.09077"
"2130007260","2123627620","1.09077"
"2123627620","2141461794","1.09077"
"2141461794","2123627620","1.09077"
"2123627620","2155169899","0.166667"
"2155169899","2123627620","0.166667"
"2129765035","2130007260","1.15675"
"2130007260","2129765035","1.15675"
"2129765035","2141461794","1.15675"
"2141461794","2129765035","1.15675"
"2129765035","2155169899","6.94246"
"2155169899","2129765035","6.94246"
"2130007260","2141461794","9.68085"
"2141461794","2130007260","9.68085"
"2130007260","2155169899","1.15675"
"2155169899","2130007260","1.15675"
"2141461794","2155169899","1.15675"
"2155169899","2141461794","1.15675"
"1520237532","1535065114","0.139423"
"1535065114","1520237532","0.139423"
"1520237532","1572177749","0.0961538"
"1572177749","1520237532","0.0961538"
"1520237532","172828832","0.448247"
"172828832","1520237532","0.448247"
"1520237532","2037562342","0.158654"
"2037562342","1520237532","0.158654"
"1520237532","2047008042","0.358654"
"2047008042","1520237532","0.358654"
"1520237532","2057976248","0.386227"
"2057976248","1520237532","0.386227"
"1520237532","2073619211","0.0769231"
"2073619211","1520237532","0.0769231"
"1520237532","2139710331","0.186227"
"2139710331","1520237532","0.186227"
"1520237532","2141298862","0.526923"
"2141298862","1520237532","0.526923"
"1520237532","2168790351","0.327404"
"2168790351","1520237532","0.327404"
"1520237532","2169900236","0.127404"
"2169900236","1520237532","0.127404"
"1520237532","2183512275","0.186227"
"2183512275","1520237532","0.186227"
"1520237532","3005754898","0.186227"
"3005754898","1520237532","0.186227"
"1535065114","1572177749","0.108173"
"1572177749","1535065114","0.108173"
"1535065114","172828832","0.564423"
"172828832","1535065114","0.564423"
"1535065114","2037562342","0.139423"
"2037562342","1535065114","0.139423"
"1535065114","2047008042","1.46003"
"2047008042","1535065114","1.46003"
"1535065114","2057976248","0.108173"
"2057976248","1535065114","0.108173"
"1535065114","2073619211","0.108173"
"2073619211","1535065114","0.108173"
"1535065114","2139710331","0.108173"
"2139710331","1535065114","0.108173"
"1535065114","2141298862","1.10817"
"2141298862","1535065114","1.10817"
"1535065114","2168790351","0.108173"
"2168790351","1535065114","0.108173"
"1535065114","2169900236","0.108173"
"2169900236","1535065114","0.108173"
"1535065114","2183512275","0.170673"
"2183512275","1535065114","0.170673"
"1535065114","3005754898","0.604602"
"3005754898","1535065114","0.604602"
"1572177749","172828832","0.0769231"
"172828832","1572177749","0.0769231"
"1572177749","2037562342","0.0961538"
"2037562342","1572177749","0.0961538"
"1572177749","2047008042","1.1274"
"2047008042","1572177749","1.1274"
"1572177749","2057976248","0.0961538"
"2057976248","1572177749","0.0961538"
"1572177749","2073619211","0.108173"
"2073619211","1572177749","0.108173"
"1572177749","2139710331","0.0961538"
"2139710331","1572177749","0.0961538"
"1572177749","2141298862","0.108173"
"2141298862","1572177749","0.108173"
"1572177749","2168790351","0.0961538"
"2168790351","1572177749","0.0961538"
"1572177749","2169900236","0.0961538"
"2169900236","1572177749","0.0961538"
"1572177749","2183512275","0.0961538"
"2183512275","1572177749","0.0961538"
"1572177749","3005754898","0.0961538"
"3005754898","1572177749","0.0961538"
"172828832","2037562342","0.639423"
"2037562342","172828832","0.639423"
"172828832","2047008042","0.88228"
"2047008042","172828832","0.88228"
"172828832","2057976248","0.291997"
"2057976248","172828832","0.291997"
"172828832","2073619211","0.0769231"
"2073619211","172828832","0.0769231"
"172828832","2139710331","0.457906"
"2139710331","172828832","0.457906"
"172828832","2141298862","0.660256"
"2141298862","172828832","0.660256"
"172828832","2168790351","0.233173"
"2168790351","172828832","0.233173"
"172828832","2169900236","0.249082"
"2169900236","172828832","0.249082"
"172828832","2183512275","1.88707"
"2183512275","172828832","1.88707"
"172828832","3005754898","2.79957"
"3005754898","172828832","2.79957"
"2037562342","2047008042","1.17651"
"2047008042","2037562342","1.17651"
"2037562342","2057976248","0.127404"
"2057976248","2037562342","0.127404"
"2037562342","2073619211","0.0769231"
"2073619211","2037562342","0.0769231"
"2037562342","2139710331","0.270261"
"2139710331","2037562342","0.270261"
"2037562342","2141298862","0.0769231"
"2141298862","2037562342","0.0769231"
"2037562342","2168790351","0.127404"
"2168790351","2037562342","0.127404"
"2037562342","2169900236","0.270261"
"2169900236","2037562342","0.270261"
"2037562342","2183512275","2.1274"
"2183512275","2037562342","2.1274"
"2037562342","3005754898","0.960737"
"3005754898","2037562342","0.960737"
"2047008042","2057976248","0.752404"
"2057976248","2047008042","0.752404"
"2047008042","2073619211","0.50103"
"2073619211","2047008042","0.50103"
"2047008042","2139710331","0.648039"
"2139710331","2047008042","0.648039"
"2047008042","2141298862","0.308173"
"2141298862","2047008042","0.308173"
"2047008042","2168790351","0.752404"
"2168790351","2047008042","0.752404"
"2047008042","2169900236","0.898039"
"2169900236","2047008042","0.898039"
"2047008042","2183512275","0.523237"
"2183512275","2047008042","0.523237"
"2047008042","3005754898","1.78494"
"3005754898","2047008042","1.78494"
"2057976248","2073619211","0.410256"
"2073619211","2057976248","0.410256"
"2057976248","2139710331","0.186227"
"2139710331","2057976248","0.186227"
"2057976248","2141298862","0.276923"
"2141298862","2057976248","0.276923"
"2057976248","2168790351","11.5857"
"2168790351","2057976248","11.5857"
"2057976248","2169900236","0.127404"
"2169900236","2057976248","0.127404"
"2057976248","2183512275","0.154977"
"2183512275","2057976248","0.154977"
"2057976248","3005754898","0.154977"
"3005754898","2057976248","0.154977"
"2073619211","2139710331","0.0769231"
"2139710331","2073619211","0.0769231"
"2073619211","2141298862","0.108173"
"2141298862","2073619211","0.108173"
"2073619211","2168790351","0.410256"
"2168790351","2073619211","0.410256"
"2073619211","2169900236","0.0769231"
"2169900236","2073619211","0.0769231"
"2073619211","2183512275","0.0769231"
"2183512275","2073619211","0.0769231"
"2073619211","3005754898","0.0769231"
"3005754898","2073619211","0.0769231"
"2139710331","2141298862","0.0769231"
"2141298862","2139710331","0.0769231"
"2139710331","2168790351","0.127404"
"2168790351","2139710331","0.127404"
"2139710331","2169900236","2.23895"
"2169900236","2139710331","2.23895"
"2139710331","2183512275","0.445886"
"2183512275","2139710331","0.445886"
"2139710331","3005754898","0.556998"
"3005754898","2139710331","0.556998"
"2141298862","2168790351","0.276923"
"2168790351","2141298862","0.276923"
"2141298862","2169900236","0.0769231"
"2169900236","2141298862","0.0769231"
"2141298862","2183512275","0.410256"
"2183512275","2141298862","0.410256"
"2141298862","3005754898","0.410256"
"3005754898","2141298862","0.410256"
"2168790351","2169900236","0.210737"
"2169900236","2168790351","0.210737"
"2168790351","2183512275","0.0961538"
"2183512275","2168790351","0.0961538"
"2168790351","3005754898","0.0961538"
"3005754898","2168790351","0.0961538"
"2169900236","2183512275","0.187063"
"2183512275","2169900236","0.187063"
"2169900236","3005754898","0.348174"
"3005754898","2169900236","0.348174"
"2183512275","3005754898","15.9063"
"3005754898","2183512275","15.9063"
"1520237532","1537655082","0.03125"
"1537655082","1520237532","0.03125"
"1520237532","1914997638","0.0900735"
"1914997638","1520237532","0.0900735"
"1520237532","1990724681","0.03125"
"1990724681","1520237532","0.03125"
"1520237532","2031323533","0.0504808"
"2031323533","1520237532","0.0504808"
"1520237532","2118291925","0.0504808"
"2118291925","1520237532","0.0504808"
"1520237532","2121161268","1.33173"
"2121161268","1520237532","1.33173"
"1520237532","2134780295","0.0504808"
"2134780295","1520237532","0.0504808"
"1520237532","2135669960","0.0817308"
"2135669960","1520237532","0.0817308"
"1520237532","2137845302","0.0817308"
"2137845302","1520237532","0.0817308"
"1520237532","2139263797","0.03125"
"2139263797","1520237532","0.03125"
"1520237532","2141196435","0.0817308"
"2141196435","1520237532","0.0817308"
"1520237532","2143709779","0.03125"
"2143709779","1520237532","0.03125"
"1520237532","2151489238","0.0504808"
"2151489238","1520237532","0.0504808"
"1520237532","2153307033","0.03125"
"2153307033","1520237532","0.03125"
"1520237532","2169336598","0.0817308"
"2169336598","1520237532","0.0817308"
"1520237532","2423816654","0.109304"
"2423816654","1520237532","0.109304"
"1520237532","2517602269","0.0900735"
"2517602269","1520237532","0.0900735"
"1520237532","2604685229","0.109304"
"2604685229","1520237532","0.109304"
"1520237532","2991544454","0.109304"
"2991544454","1520237532","0.109304"
"1520237532","3011041848","0.0504808"
"3011041848","1520237532","0.0504808"
"1535065114","1537655082","0.0625"
"1537655082","1535065114","0.0625"
"1535065114","1914997638","0.03125"
"1914997638","1535065114","0.03125"
"1535065114","1990724681","0.0625"
"1990724681","1535065114","0.0625"
"1535065114","2031323533","0.125"
"2031323533","1535065114","0.125"
"1535065114","2110105506","0.44375"
"2110105506","1535065114","0.44375"
"1535065114","2118291925","0.0625"
"2118291925","1535065114","0.0625"
"1535065114","2121161268","0.225"
"2121161268","1535065114","0.225"
"1535065114","2123627620","0.225"
"2123627620","1535065114","0.225"
"1535065114","2130007260","0.03125"
"2130007260","1535065114","0.03125"
"1535065114","2134780295","0.03125"
"2134780295","1535065114","0.03125"
"1535065114","2135669960","0.70625"
"2135669960","1535065114","0.70625"
"1535065114","2137845302","0.475"
"2137845302","1535065114","0.475"
"1535065114","2139263797","0.0625"
"2139263797","1535065114","0.0625"
"1535065114","2141196435","0.375"
"2141196435","1535065114","0.375"
"1535065114","2141461794","0.03125"
"2141461794","1535065114","0.03125"
"1535065114","2143709779","0.03125"
"2143709779","1535065114","0.03125"
"1535065114","2151489238","0.125"
"2151489238","1535065114","0.125"
"1535065114","2153307033","0.125"
"2153307033","1535065114","0.125"
"1535065114","2169336598","0.21875"
"2169336598","1535065114","0.21875"
"1535065114","2423816654","0.03125"
"2423816654","1535065114","0.03125"
"1535065114","2517602269","0.03125"
"2517602269","1535065114","0.03125"
"1535065114","2604685229","0.03125"
"2604685229","1535065114","0.03125"
"1535065114","2991544454","0.03125"
"2991544454","1535065114","0.03125"
"1535065114","3011041848","0.03125"
"3011041848","1535065114","0.03125"
"1537655082","172828832","0.03125"
"172828832","1537655082","0.03125"
"1537655082","1914997638","0.03125"
"1914997638","1537655082","0.03125"
"1537655082","1990724681","0.3125"
"1990724681","1537655082","0.3125"
"1537655082","2031323533","0.0625"
"2031323533","1537655082","0.0625"
"1537655082","2037562342","0.03125"
"2037562342","1537655082","0.03125"
"1537655082","2047008042","0.764881"
"2047008042","1537655082","0.764881"
"1537655082","2057976248","0.03125"
"2057976248","1537655082","0.03125"
"1537655082","2110105506","0.03125"
"2110105506","1537655082","0.03125"
"1537655082","2118291925","0.0625"
"2118291925","1537655082","0.0625"
"1537655082","2121161268","0.03125"
"2121161268","1537655082","0.03125"
"1537655082","2123627620","0.03125"
"2123627620","1537655082","0.03125"
"1537655082","2130007260","0.03125"
"2130007260","1537655082","0.03125"
"1537655082","2134780295","3.31696"
"2134780295","1537655082","3.31696"
"1537655082","2135669960","0.0625"
"2135669960","1537655082","0.0625"
"1537655082","2137845302","0.03125"
"2137845302","1537655082","0.03125"
"1537655082","2139263797","0.0625"
"2139263797","1537655082","0.0625"
"1537655082","2139710331","0.03125"
"2139710331","1537655082","0.03125"
"1537655082","2141196435","0.03125"
"2141196435","1537655082","0.03125"
"1537655082","2141461794","0.03125"
"2141461794","1537655082","0.03125"
"1537655082","2143709779","0.983631"
"2143709779","1537655082","0.983631"
"1537655082","2151489238","0.0625"
"2151489238","1537655082","0.0625"
"1537655082","2153307033","0.0625"
"2153307033","1537655082","0.0625"
"1537655082","2168790351","0.03125"
"2168790351","1537655082","0.03125"
"1537655082","2169336598","1.12202"
"2169336598","1537655082","1.12202"
"1537655082","2169900236","0.03125"
"2169900236","1537655082","0.03125"
"1537655082","2423816654","0.03125"
"2423816654","1537655082","0.03125"
"1537655082","2517602269","0.03125"
"2517602269","1537655082","0.03125"
"1537655082","2604685229","1.17411"
"2604685229","1537655082","1.17411"
"1537655082","2991544454","0.174107"
"2991544454","1537655082","0.174107"
"1537655082","3011041848","0.03125"
"3011041848","1537655082","0.03125"
"172828832","1914997638","0.282931"
"1914997638","172828832","0.282931"
"172828832","1990724681","0.03125"
"1990724681","172828832","0.03125"
"172828832","2031323533","0.14375"
"2031323533","172828832","0.14375"
"172828832","2110105506","0.19375"
"2110105506","172828832","0.19375"
"172828832","2118291925","0.03125"
"2118291925","172828832","0.03125"
"172828832","2121161268","0.475"
"2121161268","172828832","0.475"
"172828832","2123627620","0.225"
"2123627620","172828832","0.225"
"172828832","2130007260","0.03125"
"2130007260","172828832","0.03125"
"172828832","2134780295","0.08125"
"2134780295","172828832","0.08125"
"172828832","2135669960","0.475"
"2135669960","172828832","0.475"
"172828832","2137845302","0.225"
"2137845302","172828832","0.225"
"172828832","2139263797","0.08125"
"2139263797","172828832","0.08125"
"172828832","2141196435","0.175"
"2141196435","172828832","0.175"
"172828832","2141461794","0.03125"
"2141461794","172828832","0.03125"
"172828832","2143709779","0.322159"
"2143709779","172828832","0.322159"
"172828832","2151489238","0.09375"
"2151489238","172828832","0.09375"
"172828832","2153307033","0.14375"
"2153307033","172828832","0.14375"
"172828832","2169336598","0.1875"
"2169336598","172828832","0.1875"
"172828832","2423816654","0.215074"
"2423816654","172828832","0.215074"
"172828832","2517602269","0.282931"
"2517602269","172828832","0.282931"
"172828832","2604685229","0.232931"
"2604685229","172828832","0.232931"
"172828832","2991544454","0.0900735"
"2991544454","172828832","0.0900735"
"172828832","3011041848","0.03125"
"3011041848","172828832","0.03125"
"1914997638","1990724681","0.03125"
"1990724681","1914997638","0.03125"
"1914997638","2031323533","0.08125"
"2031323533","1914997638","0.08125"
"1914997638","2037562342","0.03125"
"2037562342","1914997638","0.03125"
"1914997638","2047008042","0.366964"
"2047008042","1914997638","0.366964"
"1914997638","2057976248","0.0900735"
"2057976248","1914997638","0.0900735"
"1914997638","2110105506","0.03125"
"2110105506","1914997638","0.03125"
"1914997638","2118291925","0.03125"
"2118291925","1914997638","0.03125"
"1914997638","2121161268","0.03125"
"2121161268","1914997638","0.03125"
"1914997638","2123627620","0.03125"
"2123627620","1914997638","0.03125"
"1914997638","2130007260","0.197917"
"2130007260","1914997638","0.197917"
"1914997638","2134780295","0.08125"
"2134780295","1914997638","0.08125"
"1914997638","2135669960","0.224107"
"2135669960","1914997638","0.224107"
"1914997638","2137845302","0.03125"
"2137845302","1914997638","0.03125"
"1914997638","2139263797","0.08125"
"2139263797","1914997638","0.08125"
"1914997638","2139710331","0.0900735"
"2139710331","1914997638","0.0900735"
"1914997638","2141196435","0.08125"
"2141196435","1914997638","0.08125"
"1914997638","2141461794","0.197917"
"2141461794","1914997638","0.197917"
"1914997638","2143709779","0.03125"
"2143709779","1914997638","0.03125"
"1914997638","2151489238","0.03125"
"2151489238","1914997638","0.03125"
"1914997638","2153307033","0.08125"
"2153307033","1914997638","0.08125"
"1914997638","2168790351","0.03125"
"2168790351","1914997638","0.03125"
"1914997638","2169336598","0.03125"
"2169336598","1914997638","0.03125"
"1914997638","2169900236","0.08125"
"2169900236","1914997638","0.08125"
"1914997638","2423816654","0.0900735"
"2423816654","1914997638","0.0900735"
"1914997638","2517602269","8.50912"
"2517602269","1914997638","8.50912"
"1914997638","2604685229","0.232931"
"2604685229","1914997638","0.232931"
"1914997638","2991544454","0.0900735"
"2991544454","1914997638","0.0900735"
"1914997638","3011041848","0.03125"
"3011041848","1914997638","0.03125"
"1990724681","2031323533","0.0625"
"2031323533","1990724681","0.0625"
"1990724681","2037562342","0.03125"
"2037562342","1990724681","0.03125"
"1990724681","2047008042","0.5625"
"2047008042","1990724681","0.5625"
"1990724681","2057976248","0.03125"
"2057976248","1990724681","0.03125"
"1990724681","2110105506","0.03125"
"2110105506","1990724681","0.03125"
"1990724681","2118291925","0.1625"
"2118291925","1990724681","0.1625"
"1990724681","2121161268","0.13125"
"2121161268","1990724681","0.13125"
"1990724681","2123627620","0.174107"
"2123627620","1990724681","0.174107"
"1990724681","2130007260","0.174107"
"2130007260","1990724681","0.174107"
"1990724681","2134780295","0.424107"
"2134780295","1990724681","0.424107"
"1990724681","2135669960","0.0625"
"2135669960","1990724681","0.0625"
"1990724681","2137845302","0.03125"
"2137845302","1990724681","0.03125"
"1990724681","2139263797","0.0625"
"2139263797","1990724681","0.0625"
"1990724681","2139710331","0.03125"
"2139710331","1990724681","0.03125"
"1990724681","2141196435","0.03125"
"2141196435","1990724681","0.03125"
"1990724681","2141461794","0.174107"
"2141461794","1990724681","0.174107"
"1990724681","2143709779","0.03125"
"2143709779","1990724681","0.03125"
"1990724681","2151489238","0.0625"
"2151489238","1990724681","0.0625"
"1990724681","2153307033","0.0625"
"2153307033","1990724681","0.0625"
"1990724681","2168790351","0.03125"
"2168790351","1990724681","0.03125"
"1990724681","2169336598","0.0625"
"2169336598","1990724681","0.0625"
"1990724681","2169900236","0.03125"
"2169900236","1990724681","0.03125"
"1990724681","2423816654","0.03125"
"2423816654","1990724681","0.03125"
"1990724681","2517602269","0.174107"
"2517602269","1990724681","0.174107"
"1990724681","2604685229","0.03125"
"2604685229","1990724681","0.03125"
"1990724681","2991544454","0.03125"
"2991544454","1990724681","0.03125"
"1990724681","3011041848","0.03125"
"3011041848","1990724681","0.03125"
"2031323533","2037562342","0.0504808"
"2037562342","2031323533","0.0504808"
"2031323533","2047008042","0.494231"
"2047008042","2031323533","0.494231"
"2031323533","2057976248","0.150481"
"2057976248","2031323533","0.150481"
"2031323533","2110105506","1.45584"
"2110105506","2031323533","1.45584"
"2031323533","2118291925","0.292842"
"2118291925","2031323533","0.292842"
"2031323533","2121161268","0.224092"
"2121161268","2031323533","0.224092"
"2031323533","2123627620","0.362981"
"2123627620","2031323533","0.362981"
"2031323533","2130007260","0.28125"
"2130007260","2031323533","0.28125"
"2031323533","2134780295","0.211592"
"2134780295","2031323533","0.211592"
"2031323533","2135669960","0.294231"
"2135669960","2031323533","0.294231"
"2031323533","2137845302","0.755838"
"2137845302","2031323533","0.755838"
"2031323533","2139263797","0.1125"
"2139263797","2031323533","0.1125"
"2031323533","2139710331","0.383814"
"2139710331","2031323533","0.383814"
"2031323533","2141196435","0.162981"
"2141196435","2031323533","0.162981"
"2031323533","2141461794","0.28125"
"2141461794","2031323533","0.28125"
"2031323533","2143709779","0.309028"
"2143709779","2031323533","0.309028"
"2031323533","2151489238","2.98868"
"2151489238","2031323533","2.98868"
"2031323533","2153307033","0.175"
"2153307033","2031323533","0.175"
"2031323533","2168790351","0.150481"
"2168790351","2031323533","0.150481"
"2031323533","2169336598","0.344231"
"2169336598","2031323533","0.344231"
"2031323533","2169900236","0.683814"
"2169900236","2031323533","0.683814"
"2031323533","2423816654","0.0504808"
"2423816654","2031323533","0.0504808"
"2031323533","2517602269","0.08125"
"2517602269","2031323533","0.08125"
"2031323533","2604685229","0.0504808"
"2604685229","2031323533","0.0504808"
"2031323533","2991544454","0.0504808"
"2991544454","2031323533","0.0504808"
"2031323533","3011041848","0.0504808"
"3011041848","2031323533","0.0504808"
"2037562342","2110105506","0.0504808"
"2110105506","2037562342","0.0504808"
"2037562342","2118291925","0.0504808"
"2118291925","2037562342","0.0504808"
"2037562342","2121161268","0.0817308"
"2121161268","2037562342","0.0817308"
"2037562342","2123627620","0.415064"
"2123627620","2037562342","0.415064"
"2037562342","2130007260","0.03125"
"2130007260","2037562342","0.03125"
"2037562342","2134780295","0.0504808"
"2134780295","2037562342","0.0504808"
"2037562342","2135669960","0.0817308"
"2135669960","2037562342","0.0817308"
"2037562342","2137845302","0.0817308"
"2137845302","2037562342","0.0817308"
"2037562342","2139263797","0.03125"
"2139263797","2037562342","0.03125"
"2037562342","2141196435","0.0817308"
"2141196435","2037562342","0.0817308"
"2037562342","2141461794","0.03125"
"2141461794","2037562342","0.03125"
"2037562342","2143709779","0.03125"
"2143709779","2037562342","0.03125"
"2037562342","2151489238","0.0504808"
"2151489238","2037562342","0.0504808"
"2037562342","2153307033","0.03125"
"2153307033","2037562342","0.03125"
"2037562342","2169336598","0.0817308"
"2169336598","2037562342","0.0817308"
"2037562342","2423816654","0.383814"
"2423816654","2037562342","0.383814"
"2037562342","2517602269","0.03125"
"2517602269","2037562342","0.03125"
"2037562342","2604685229","0.0504808"
"2604685229","2037562342","0.0504808"
"2037562342","2991544454","0.0504808"
"2991544454","2037562342","0.0504808"
"2037562342","3011041848","0.0504808"
"3011041848","2037562342","0.0504808"
"2047008042","2110105506","0.379647"
"2110105506","2047008042","0.379647"
"2047008042","2118291925","0.431731"
"2118291925","2047008042","0.431731"
"2047008042","2121161268","1.44423"
"2121161268","2047008042","1.44423"
"2047008042","2123627620","1.82756"
"2123627620","2047008042","1.82756"
"2047008042","2130007260","0.13125"
"2130007260","2047008042","0.13125"
"2047008042","2134780295","0.802862"
"2134780295","2047008042","0.802862"
"2047008042","2135669960","1.26834"
"2135669960","2047008042","1.26834"
"2047008042","2137845302","0.660897"
"2137845302","2047008042","0.660897"
"2047008042","2139263797","0.6125"
"2139263797","2047008042","0.6125"
"2047008042","2141196435","2.15534"
"2141196435","2047008042","2.15534"
"2047008042","2141461794","0.13125"
"2141461794","2047008042","0.13125"
"2047008042","2143709779","2.98363"
"2143709779","2047008042","2.98363"
"2047008042","2151489238","0.344231"
"2151489238","2047008042","0.344231"
"2047008042","2153307033","2.15833"
"2153307033","2047008042","2.15833"
"2047008042","2169336598","1.66417"
"2169336598","2047008042","1.66417"
"2047008042","2423816654","0.175481"
"2423816654","2047008042","0.175481"
"2047008042","2517602269","0.366964"
"2517602269","2047008042","0.366964"
"2047008042","2604685229","0.336195"
"2604685229","2047008042","0.336195"
"2047008042","2991544454","0.193338"
"2991544454","2047008042","0.193338"
"2047008042","3011041848","0.0504808"
"3011041848","2047008042","0.0504808"
"2057976248","2110105506","0.0504808"
"2110105506","2057976248","0.0504808"
"2057976248","2118291925","0.150481"
"2118291925","2057976248","0.150481"
"2057976248","2121161268","0.0504808"
"2121161268","2057976248","0.0504808"
"2057976248","2123627620","0.383814"
"2123627620","2057976248","0.383814"
"2057976248","2130007260","0.03125"
"2130007260","2057976248","0.03125"
"2057976248","2134780295","0.0504808"
"2134780295","2057976248","0.0504808"
"2057976248","2135669960","0.150481"
"2135669960","2057976248","0.150481"
"2057976248","2137845302","0.0504808"
"2137845302","2057976248","0.0504808"
"2057976248","2139263797","0.03125"
"2139263797","2057976248","0.03125"
"2057976248","2141196435","0.0504808"
"2141196435","2057976248","0.0504808"
"2057976248","2141461794","0.03125"
"2141461794","2057976248","0.03125"
"2057976248","2143709779","0.03125"
"2143709779","2057976248","0.03125"
"2057976248","2151489238","0.0504808"
"2151489238","2057976248","0.0504808"
"2057976248","2153307033","0.13125"
"2153307033","2057976248","0.13125"
"2057976248","2169336598","0.0504808"
"2169336598","2057976248","0.0504808"
"2057976248","2423816654","0.234304"
"2423816654","2057976248","0.234304"
"2057976248","2517602269","0.0900735"
"2517602269","2057976248","0.0900735"
"2057976248","2604685229","0.109304"
"2604685229","2057976248","0.109304"
"2057976248","2991544454","0.109304"
"2991544454","2057976248","0.109304"
"2057976248","3011041848","0.0504808"
"3011041848","2057976248","0.0504808"
"2110105506","2118291925","0.0504808"
"2118291925","2110105506","0.0504808"
"2110105506","2121161268","0.212981"
"2121161268","2110105506","0.212981"
"2110105506","2134780295","0.530279"
"2134780295","2110105506","0.530279"
"2110105506","2135669960","1.46298"
"2135669960","2110105506","1.46298"
"2110105506","2137845302","7.91897"
"2137845302","2110105506","7.91897"
"2110105506","2139263797","0.03125"
"2139263797","2110105506","0.03125"
"2110105506","2139710331","0.0504808"
"2139710331","2110105506","0.0504808"
"2110105506","2141196435","0.362981"
"2141196435","2110105506","0.362981"
"2110105506","2143709779","0.03125"
"2143709779","2110105506","0.03125"
"2110105506","2151489238","1.31298"
"2151489238","2110105506","1.31298"
"2110105506","2153307033","0.09375"
"2153307033","2110105506","0.09375"
"2110105506","2168790351","0.0504808"
"2168790351","2110105506","0.0504808"
"2110105506","2169336598","0.112981"
"2169336598","2110105506","0.112981"
"2110105506","2169900236","0.0504808"
"2169900236","2110105506","0.0504808"
"2110105506","2423816654","0.0504808"
"2423816654","2110105506","0.0504808"
"2110105506","2517602269","0.344381"
"2517602269","2110105506","0.344381"
"2110105506","2604685229","0.0504808"
"2604685229","2110105506","0.0504808"
"2110105506","2991544454","0.0504808"
"2991544454","2110105506","0.0504808"
"2110105506","3011041848","0.0504808"
"3011041848","2110105506","0.0504808"
"2118291925","2121161268","4.27826"
"2121161268","2118291925","4.27826"
"2118291925","2123627620","0.300481"
"2123627620","2118291925","0.300481"
"2118291925","2130007260","0.225694"
"2130007260","2118291925","0.225694"
"2118291925","2134780295","0.161592"
"2134780295","2118291925","0.161592"
"2118291925","2135669960","0.181731"
"2135669960","2118291925","0.181731"
"2118291925","2137845302","0.0504808"
"2137845302","2118291925","0.0504808"
"2118291925","2139263797","0.256944"
"2139263797","2118291925","0.256944"
"2118291925","2139710331","0.0504808"
"2139710331","2118291925","0.0504808"
"2118291925","2141196435","0.0504808"
"2141196435","2118291925","0.0504808"
"2118291925","2141461794","0.225694"
"2141461794","2118291925","0.225694"
"2118291925","2143709779","0.142361"
"2143709779","2118291925","0.142361"
"2118291925","2151489238","0.192842"
"2151489238","2118291925","0.192842"
"2118291925","2153307033","0.0625"
"2153307033","2118291925","0.0625"
"2118291925","2168790351","0.150481"
"2168790351","2118291925","0.150481"
"2118291925","2169336598","0.0817308"
"2169336598","2118291925","0.0817308"
"2118291925","2169900236","0.0504808"
"2169900236","2118291925","0.0504808"
"2118291925","2423816654","0.0504808"
"2423816654","2118291925","0.0504808"
"2118291925","2517602269","0.03125"
"2517602269","2118291925","0.03125"
"2118291925","2604685229","0.133814"
"2604685229","2118291925","0.133814"
"2118291925","2991544454","0.0504808"
"2991544454","2118291925","0.0504808"
"2118291925","3011041848","0.0504808"
"3011041848","2118291925","0.0504808"
"2121161268","2123627620","0.244231"
"2123627620","2121161268","0.244231"
"2121161268","2130007260","0.114583"
"2130007260","2121161268","0.114583"
"2121161268","2134780295","0.161592"
"2134780295","2121161268","0.161592"
"2121161268","2135669960","0.244231"
"2135669960","2121161268","0.244231"
"2121161268","2137845302","0.244231"
"2137845302","2121161268","0.244231"
"2121161268","2139263797","0.114583"
"2139263797","2121161268","0.114583"
"2121161268","2139710331","0.0504808"
"2139710331","2121161268","0.0504808"
"2121161268","2141196435","0.144231"
"2141196435","2121161268","0.144231"
"2121161268","2141461794","0.114583"
"2141461794","2121161268","0.114583"
"2121161268","2143709779","0.342361"
"2143709779","2121161268","0.342361"
"2121161268","2151489238","0.224092"
"2151489238","2121161268","0.224092"
"2121161268","2153307033","0.09375"
"2153307033","2121161268","0.09375"
"2121161268","2168790351","0.0504808"
"2168790351","2121161268","0.0504808"
"2121161268","2169336598","0.144231"
"2169336598","2121161268","0.144231"
"2121161268","2169900236","0.0504808"
"2169900236","2121161268","0.0504808"
"2121161268","2423816654","0.0504808"
"2423816654","2121161268","0.0504808"
"2121161268","2517602269","0.03125"
"2517602269","2121161268","0.03125"
"2121161268","2604685229","0.133814"
"2604685229","2121161268","0.133814"
"2121161268","2991544454","0.0504808"
"2991544454","2121161268","0.0504808"
"2121161268","3011041848","0.0504808"
"3011041848","2121161268","0.0504808"
"2123627620","2134780295","0.193338"
"2134780295","2123627620","0.193338"
"2123627620","2135669960","0.244231"
"2135669960","2123627620","0.244231"
"2123627620","2137845302","0.577564"
"2137845302","2123627620","0.577564"
"2123627620","2139263797","0.03125"
"2139263797","2123627620","0.03125"
"2123627620","2139710331","0.383814"
"2139710331","2123627620","0.383814"
"2123627620","2141196435","0.644231"
"2141196435","2123627620","0.644231"
"2123627620","2143709779","0.03125"
"2143709779","2123627620","0.03125"
"2123627620","2151489238","0.112981"
"2151489238","2123627620","0.112981"
"2123627620","2153307033","0.09375"
"2153307033","2123627620","0.09375"
"2123627620","2168790351","0.383814"
"2168790351","2123627620","0.383814"
"2123627620","2169336598","0.144231"
"2169336598","2123627620","0.144231"
"2123627620","2169900236","0.300481"
"2169900236","2123627620","0.300481"
"2123627620","2423816654","0.0504808"
"2423816654","2123627620","0.0504808"
"2123627620","2517602269","0.174107"
"2517602269","2123627620","0.174107"
"2123627620","2604685229","0.0504808"
"2604685229","2123627620","0.0504808"
"2123627620","2991544454","0.0504808"
"2991544454","2123627620","0.0504808"
"2123627620","3011041848","0.0504808"
"3011041848","2123627620","0.0504808"
"2130007260","2134780295","1.34077"
"2134780295","2130007260","1.34077"
"2130007260","2135669960","0.15625"
"2135669960","2130007260","0.15625"
"2130007260","2137845302","0.03125"
"2137845302","2130007260","0.03125"
"2130007260","2139263797","1.02133"
"2139263797","2130007260","1.02133"
"2130007260","2139710331","0.297917"
"2139710331","2130007260","0.297917"
"2130007260","2141196435","0.13125"
"2141196435","2130007260","0.13125"
"2130007260","2143709779","0.114583"
"2143709779","2130007260","0.114583"
"2130007260","2151489238","0.03125"
"2151489238","2130007260","0.03125"
"2130007260","2153307033","0.38125"
"2153307033","2130007260","0.38125"
"2130007260","2168790351","0.114583"
"2168790351","2130007260","0.114583"
"2130007260","2169336598","0.28125"
"2169336598","2130007260","0.28125"
"2130007260","2169900236","0.63125"
"2169900236","2130007260","0.63125"
"2130007260","2423816654","0.03125"
"2423816654","2130007260","0.03125"
"2130007260","2517602269","0.340774"
"2517602269","2130007260","0.340774"
"2130007260","2604685229","0.225694"
"2604685229","2130007260","0.225694"
"2130007260","2991544454","0.03125"
"2991544454","2130007260","0.03125"
"2130007260","3011041848","0.03125"
"3011041848","2130007260","0.03125"
"2134780295","2135669960","0.100481"
"2135669960","2134780295","0.100481"
"2134780295","2137845302","1.78028"
"2137845302","2134780295","1.78028"
"2134780295","2139263797","0.247917"
"2139263797","2134780295","0.247917"
"2134780295","2139710331","0.0504808"
"2139710331","2134780295","0.0504808"
"2134780295","2141196435","0.100481"
"2141196435","2134780295","0.100481"
"2134780295","2141461794","0.340774"
"2141461794","2134780295","0.340774"
"2134780295","2143709779","1.01141"
"2143709779","2134780295","1.01141"
"2134780295","2151489238","0.161592"
"2151489238","2134780295","0.161592"
"2134780295","2153307033","0.08125"
"2153307033","2134780295","0.08125"
"2134780295","2168790351","0.0504808"
"2168790351","2134780295","0.0504808"
"2134780295","2169336598","1.69334"
"2169336598","2134780295","1.69334"
"2134780295","2169900236","0.100481"
"2169900236","2134780295","0.100481"
"2134780295","2423816654","0.0504808"
"2423816654","2134780295","0.0504808"
"2134780295","2517602269","0.870572"
"2517602269","2134780295","0.870572"
"2134780295","2604685229","0.193338"
"2604685229","2134780295","0.193338"
"2134780295","2991544454","0.193338"
"2991544454","2134780295","0.193338"
"2134780295","3011041848","0.0504808"
"3011041848","2134780295","0.0504808"
"2135669960","2137845302","0.494231"
"2137845302","2135669960","0.494231"
"2135669960","2139263797","0.2375"
"2139263797","2135669960","0.2375"
"2135669960","2139710331","1.71715"
"2139710331","2135669960","1.71715"
"2135669960","2141196435","0.444231"
"2141196435","2135669960","0.444231"
"2135669960","2141461794","0.15625"
"2141461794","2135669960","0.15625"
"2135669960","2143709779","0.03125"
"2143709779","2135669960","0.03125"
"2135669960","2151489238","0.588675"
"2151489238","2135669960","0.588675"
"2135669960","2153307033","0.175"
"2153307033","2135669960","0.175"
"2135669960","2168790351","0.150481"
"2168790351","2135669960","0.150481"
"2135669960","2169336598","0.175481"
"2169336598","2135669960","0.175481"
"2135669960","2169900236","0.767147"
"2169900236","2135669960","0.767147"
"2135669960","2423816654","0.0504808"
"2423816654","2135669960","0.0504808"
"2135669960","2517602269","0.224107"
"2517602269","2135669960","0.224107"
"2135669960","2604685229","0.0504808"
"2604685229","2135669960","0.0504808"
"2135669960","2991544454","0.0504808"
"2991544454","2135669960","0.0504808"
"2135669960","3011041848","0.0504808"
"3011041848","2135669960","0.0504808"
"2137845302","2139263797","0.03125"
"2139263797","2137845302","0.03125"
"2137845302","2139710331","0.0504808"
"2139710331","2137845302","0.0504808"
"2137845302","2141196435","0.394231"
"2141196435","2137845302","0.394231"
"2137845302","2141461794","0.03125"
"2141461794","2137845302","0.03125"
"2137845302","2143709779","0.03125"
"2143709779","2137845302","0.03125"
"2137845302","2151489238","0.112981"
"2151489238","2137845302","0.112981"
"2137845302","2153307033","0.09375"
"2153307033","2137845302","0.09375"
"2137845302","2168790351","0.0504808"
"2168790351","2137845302","0.0504808"
"2137845302","2169336598","0.144231"
"2169336598","2137845302","0.144231"
"2137845302","2169900236","0.0504808"
"2169900236","2137845302","0.0504808"
"2137845302","2423816654","0.0504808"
"2423816654","2137845302","0.0504808"
"2137845302","2517602269","0.344381"
"2517602269","2137845302","0.344381"
"2137845302","2604685229","0.0504808"
"2604685229","2137845302","0.0504808"
"2137845302","2991544454","0.0504808"
"2991544454","2137845302","0.0504808"
"2137845302","3011041848","0.0504808"
"3011041848","2137845302","0.0504808"
"2139263797","2139710331","0.03125"
"2139710331","2139263797","0.03125"
"2139263797","2141196435","0.08125"
"2141196435","2139263797","0.08125"
"2139263797","2141461794","1.02133"
"2141461794","2139263797","1.02133"
"2139263797","2143709779","0.03125"
"2143709779","2139263797","0.03125"
"2139263797","2151489238","0.0625"
"2151489238","2139263797","0.0625"
"2139263797","2153307033","1.3625"
"2153307033","2139263797","1.3625"
"2139263797","2168790351","0.03125"
"2168790351","2139263797","0.03125"
"2139263797","2169336598","0.3125"
"2169336598","2139263797","0.3125"
"2139263797","2169900236","0.08125"
"2169900236","2139263797","0.08125"
"2139263797","2423816654","0.03125"
"2423816654","2139263797","0.03125"
"2139263797","2517602269","0.08125"
"2517602269","2139263797","0.08125"
"2139263797","2604685229","0.225694"
"2604685229","2139263797","0.225694"
"2139263797","2991544454","0.03125"
"2991544454","2139263797","0.03125"
"2139263797","3011041848","0.03125"
"3011041848","2139263797","0.03125"
"2139710331","2141196435","0.317147"
"2141196435","2139710331","0.317147"
"2139710331","2141461794","0.297917"
"2141461794","2139710331","0.297917"
"2139710331","2143709779","0.122159"
"2143709779","2139710331","0.122159"
"2139710331","2151489238","0.0504808"
"2151489238","2139710331","0.0504808"
"2139710331","2153307033","0.63125"
"2153307033","2139710331","0.63125"
"2139710331","2169336598","0.0504808"
"2169336598","2139710331","0.0504808"
"2139710331","2423816654","0.109304"
"2423816654","2139710331","0.109304"
"2139710331","2517602269","0.0900735"
"2517602269","2139710331","0.0900735"
"2139710331","2604685229","0.109304"
"2604685229","2139710331","0.109304"
"2139710331","2991544454","0.109304"
"2991544454","2139710331","0.109304"
"2139710331","3011041848","0.0504808"
"3011041848","2139710331","0.0504808"
"2141196435","2141461794","0.13125"
"2141461794","2141196435","0.13125"
"2141196435","2143709779","0.03125"
"2143709779","2141196435","0.03125"
"2141196435","2151489238","0.112981"
"2151489238","2141196435","0.112981"
"2141196435","2153307033","0.660417"
"2153307033","2141196435","0.660417"
"2141196435","2168790351","0.0504808"
"2168790351","2141196435","0.0504808"
"2141196435","2169336598","0.144231"
"2169336598","2141196435","0.144231"
"2141196435","2169900236","0.367147"
"2169900236","2141196435","0.367147"
"2141196435","2423816654","0.0504808"
"2423816654","2141196435","0.0504808"
"2141196435","2517602269","0.08125"
"2517602269","2141196435","0.08125"
"2141196435","2604685229","0.0504808"
"2604685229","2141196435","0.0504808"
"2141196435","2991544454","0.0504808"
"2991544454","2141196435","0.0504808"
"2141196435","3011041848","0.0504808"
"3011041848","2141196435","0.0504808"
"2141461794","2143709779","0.114583"
"2143709779","2141461794","0.114583"
"2141461794","2151489238","0.03125"
"2151489238","2141461794","0.03125"
"2141461794","2153307033","0.38125"
"2153307033","2141461794","0.38125"
"2141461794","2168790351","0.114583"
"2168790351","2141461794","0.114583"
"2141461794","2169336598","0.28125"
"2169336598","2141461794","0.28125"
"2141461794","2169900236","0.63125"
"2169900236","2141461794","0.63125"
"2141461794","2423816654","0.03125"
"2423816654","2141461794","0.03125"
"2141461794","2517602269","0.340774"
"2517602269","2141461794","0.340774"
"2141461794","2604685229","0.225694"
"2604685229","2141461794","0.225694"
"2141461794","2991544454","0.03125"
"2991544454","2141461794","0.03125"
"2141461794","3011041848","0.03125"
"3011041848","2141461794","0.03125"
