"1480782486","1845774461","1.5"
"1845774461","1480782486","1.5"
"1480782486","2146738358","3.5"
"2146738358","1480782486","3.5"
"1845774461","2146738358","4"
"2146738358","1845774461","4"
"1484488975","2104561646","1.5"
"2104561646","1484488975","1.5"
"1484488975","1598825455","1.5"
"1598825455","1484488975","1.5"
"1598825455","2104561646","2.5"
"2104561646","1598825455","2.5"
"1485700902","1527614939","0.5"
"1527614939","1485700902","0.5"
"1485700902","1554818563","1.14444"
"1554818563","1485700902","1.14444"
"1527614939","1554818563","0.5"
"1554818563","1527614939","0.5"
"1485700902","1517239335","0.644444"
"1517239335","1485700902","0.644444"
"1485700902","1547317288","0.644444"
"1547317288","1485700902","0.644444"
"1517239335","1547317288","4.46389"
"1547317288","1517239335","4.46389"
"1517239335","1554818563","3.40556"
"1554818563","1517239335","3.40556"
"1547317288","1554818563","3.32222"
"1554818563","1547317288","3.32222"
"1485700902","1535781756","0.111111"
"1535781756","1485700902","0.111111"
"1485700902","1572844682","0.111111"
"1572844682","1485700902","0.111111"
"1485700902","1980405767","0.111111"
"1980405767","1485700902","0.111111"
"1485700902","1994066579","0.111111"
"1994066579","1485700902","0.111111"
"1485700902","2087826192","0.311111"
"2087826192","1485700902","0.311111"
"1485700902","2125708645","0.111111"
"2125708645","1485700902","0.111111"
"1517239335","1535781756","1.49722"
"1535781756","1517239335","1.49722"
"1517239335","1572844682","0.111111"
"1572844682","1517239335","0.111111"
"1517239335","1980405767","2.08611"
"1980405767","1517239335","2.08611"
"1517239335","1994066579","2.44722"
"1994066579","1517239335","2.44722"
"1517239335","2087826192","1.23056"
"2087826192","1517239335","1.23056"
"1517239335","2125708645","4.03056"
"2125708645","1517239335","4.03056"
"1535781756","1547317288","3.58056"
"1547317288","1535781756","3.58056"
"1535781756","1554818563","1.20556"
"1554818563","1535781756","1.20556"
"1535781756","1572844682","0.111111"
"1572844682","1535781756","0.111111"
"1535781756","1980405767","0.236111"
"1980405767","1535781756","0.236111"
"1535781756","1994066579","1.38056"
"1994066579","1535781756","1.38056"
"1535781756","2087826192","1.79722"
"2087826192","1535781756","1.79722"
"1535781756","2125708645","0.797222"
"2125708645","1535781756","0.797222"
"1547317288","1572844682","0.111111"
"1572844682","1547317288","0.111111"
"1547317288","1980405767","3.91944"
"1980405767","1547317288","3.91944"
"1547317288","1994066579","2.53056"
"1994066579","1547317288","2.53056"
"1547317288","2087826192","4.98056"
"2087826192","1547317288","4.98056"
"1547317288","2125708645","3.11389"
"2125708645","1547317288","3.11389"
"1554818563","1572844682","0.111111"
"1572844682","1554818563","0.111111"
"1554818563","1980405767","0.111111"
"1980405767","1554818563","0.111111"
"1554818563","1994066579","1.47222"
"1994066579","1554818563","1.47222"
"1554818563","2087826192","0.672222"
"2087826192","1554818563","0.672222"
"1554818563","2125708645","0.222222"
"2125708645","1554818563","0.222222"
"1572844682","1980405767","0.330409"
"1980405767","1572844682","0.330409"
"1572844682","1994066579","0.163743"
"1994066579","1572844682","0.163743"
"1572844682","2087826192","0.111111"
"2087826192","1572844682","0.111111"
"1572844682","2125708645","0.111111"
"2125708645","1572844682","0.111111"
"1980405767","1994066579","1.25541"
"1994066579","1980405767","1.25541"
"1980405767","2087826192","1.00278"
"2087826192","1980405767","1.00278"
"1980405767","2125708645","1.16944"
"2125708645","1980405767","1.16944"
"1994066579","2087826192","2.81389"
"2087826192","1994066579","2.81389"
"1994066579","2125708645","1.81389"
"2125708645","1994066579","1.81389"
"2087826192","2125708645","1.64722"
"2125708645","2087826192","1.64722"
"1485700902","2151531052","0.2"
"2151531052","1485700902","0.2"
"1517239335","2151531052","3.43611"
"2151531052","1517239335","3.43611"
"1547317288","2151531052","9.85278"
"2151531052","1547317288","9.85278"
"1554818563","2151531052","1.79444"
"2151531052","1554818563","1.79444"
"2087826192","2151531052","4.48611"
"2151531052","2087826192","4.48611"
"1490810466","2140900696","4.25952"
"2140900696","1490810466","4.25952"
"1490810466","1494643504","0.309524"
"1494643504","1490810466","0.309524"
"1490810466","1571452908","3.25952"
"1571452908","1490810466","3.25952"
"1490810466","2100006764","0.142857"
"2100006764","1490810466","0.142857"
"1490810466","2138079878","0.309524"
"2138079878","1490810466","0.309524"
"1490810466","2152488985","0.142857"
"2152488985","1490810466","0.142857"
"1490810466","2284187826","0.392857"
"2284187826","1490810466","0.392857"
"1494643504","1571452908","0.392857"
"1571452908","1494643504","0.392857"
"1494643504","2100006764","0.22619"
"2100006764","1494643504","0.22619"
"1494643504","2138079878","0.309524"
"2138079878","1494643504","0.309524"
"1494643504","2140900696","0.309524"
"2140900696","1494643504","0.309524"
"1494643504","2152488985","0.392857"
"2152488985","1494643504","0.392857"
"1494643504","2284187826","0.22619"
"2284187826","1494643504","0.22619"
"1571452908","2100006764","0.22619"
"2100006764","1571452908","0.22619"
"1571452908","2138079878","0.309524"
"2138079878","1571452908","0.309524"
"1571452908","2140900696","3.75952"
"2140900696","1571452908","3.75952"
"1571452908","2152488985","0.72619"
"2152488985","1571452908","0.72619"
"1571452908","2284187826","0.47619"
"2284187826","1571452908","0.47619"
"2100006764","2138079878","0.233766"
"2138079878","2100006764","0.233766"
"2100006764","2140900696","0.142857"
"2140900696","2100006764","0.142857"
"2100006764","2152488985","0.3171"
"2152488985","2100006764","0.3171"
"2100006764","2284187826","0.22619"
"2284187826","2100006764","0.22619"
"2138079878","2140900696","0.642857"
"2140900696","2138079878","0.642857"
"2138079878","2152488985","0.233766"
"2152488985","2138079878","0.233766"
"2138079878","2284187826","9.47619"
"2284187826","2138079878","9.47619"
"2140900696","2152488985","0.142857"
"2152488985","2140900696","0.142857"
"2140900696","2284187826","0.72619"
"2284187826","2140900696","0.72619"
"2152488985","2284187826","0.22619"
"2284187826","2152488985","0.22619"
"1490810466","2110319963","0.95"
"2110319963","1490810466","0.95"
"1571452908","2110319963","2.03333"
"2110319963","1571452908","2.03333"
"2110319963","2140900696","0.95"
"2140900696","2110319963","0.95"
"2110319963","2284187826","1.33333"
"2284187826","2110319963","1.33333"
"1490810466","1533751446","0.166667"
"1533751446","1490810466","0.166667"
"1490810466","2021922653","0.166667"
"2021922653","1490810466","0.166667"
"1494643504","1533751446","0.166667"
"1533751446","1494643504","0.166667"
"1494643504","2021922653","0.166667"
"2021922653","1494643504","0.166667"
"1533751446","1571452908","0.166667"
"1571452908","1533751446","0.166667"
"1533751446","2021922653","6.55263"
"2021922653","1533751446","6.55263"
"1533751446","2138079878","1"
"2138079878","1533751446","1"
"1533751446","2140900696","0.166667"
"2140900696","1533751446","0.166667"
"1571452908","2021922653","0.166667"
"2021922653","1571452908","0.166667"
"2021922653","2138079878","1"
"2138079878","2021922653","1"
"2021922653","2140900696","0.166667"
"2140900696","2021922653","0.166667"
"1490810466","2166573987","0.7"
"2166573987","1490810466","0.7"
"1571452908","2166573987","0.7"
"2166573987","1571452908","0.7"
"2110319963","2166573987","3.03333"
"2166573987","2110319963","3.03333"
"2140900696","2166573987","0.7"
"2166573987","2140900696","0.7"
"1490810466","2296435332","0.2"
"2296435332","1490810466","0.2"
"1571452908","2296435332","0.7"
"2296435332","1571452908","0.7"
"2110319963","2296435332","0.2"
"2296435332","2110319963","0.2"
"2140900696","2296435332","2.7"
"2296435332","2140900696","2.7"
"2166573987","2296435332","0.2"
"2296435332","2166573987","0.2"
"1494643504","1652718739","0.25"
"1652718739","1494643504","0.25"
"1494643504","1974535914","0.25"
"1974535914","1494643504","0.25"
"1494643504","1980405767","0.25"
"1980405767","1494643504","0.25"
"1494643504","2110319963","0.25"
"2110319963","1494643504","0.25"
"1494643504","2147163342","0.25"
"2147163342","1494643504","0.25"
"1652718739","1974535914","0.340909"
"1974535914","1652718739","0.340909"
"1652718739","1980405767","0.25"
"1980405767","1652718739","0.25"
"1652718739","2110319963","0.340909"
"2110319963","1652718739","0.340909"
"1652718739","2147163342","0.25"
"2147163342","1652718739","0.25"
"1652718739","2152488985","0.840909"
"2152488985","1652718739","0.840909"
"1974535914","1980405767","0.25"
"1980405767","1974535914","0.25"
"1974535914","2110319963","0.340909"
"2110319963","1974535914","0.340909"
"1974535914","2147163342","0.25"
"2147163342","1974535914","0.25"
"1974535914","2152488985","0.340909"
"2152488985","1974535914","0.340909"
"1980405767","2110319963","0.25"
"2110319963","1980405767","0.25"
"1980405767","2147163342","7.14549"
"2147163342","1980405767","7.14549"
"1980405767","2152488985","0.25"
"2152488985","1980405767","0.25"
"2110319963","2147163342","0.25"
"2147163342","2110319963","0.25"
"2110319963","2152488985","0.340909"
"2152488985","2110319963","0.340909"
"2147163342","2152488985","0.25"
"2152488985","2147163342","0.25"
"1494643504","2068395804","0.0833333"
"2068395804","1494643504","0.0833333"
"1494643504","2118028478","0.0833333"
"2118028478","1494643504","0.0833333"
"1494643504","2171187485","0.0833333"
"2171187485","1494643504","0.0833333"
"1571452908","1652718739","0.583333"
"1652718739","1571452908","0.583333"
"1571452908","1974535914","0.0833333"
"1974535914","1571452908","0.0833333"
"1571452908","1980405767","0.0833333"
"1980405767","1571452908","0.0833333"
"1571452908","2068395804","0.0833333"
"2068395804","1571452908","0.0833333"
"1571452908","2118028478","0.0833333"
"2118028478","1571452908","0.0833333"
"1571452908","2147163342","0.0833333"
"2147163342","1571452908","0.0833333"
"1571452908","2171187485","0.0833333"
"2171187485","1571452908","0.0833333"
"1652718739","2068395804","0.174242"
"2068395804","1652718739","0.174242"
"1652718739","2100006764","0.174242"
"2100006764","1652718739","0.174242"
"1652718739","2118028478","0.174242"
"2118028478","1652718739","0.174242"
"1652718739","2171187485","0.0833333"
"2171187485","1652718739","0.0833333"
"1652718739","2284187826","0.0833333"
"2284187826","1652718739","0.0833333"
"1974535914","2068395804","0.174242"
"2068395804","1974535914","0.174242"
"1974535914","2100006764","0.174242"
"2100006764","1974535914","0.174242"
"1974535914","2118028478","0.174242"
"2118028478","1974535914","0.174242"
"1974535914","2171187485","0.0833333"
"2171187485","1974535914","0.0833333"
"1974535914","2284187826","0.416667"
"2284187826","1974535914","0.416667"
"1980405767","2068395804","0.583333"
"2068395804","1980405767","0.583333"
"1980405767","2100006764","0.0833333"
"2100006764","1980405767","0.0833333"
"1980405767","2118028478","0.0833333"
"2118028478","1980405767","0.0833333"
"1980405767","2171187485","0.0833333"
"2171187485","1980405767","0.0833333"
"1980405767","2284187826","0.0833333"
"2284187826","1980405767","0.0833333"
"2068395804","2100006764","4.37424"
"2100006764","2068395804","4.37424"
"2068395804","2110319963","0.174242"
"2110319963","2068395804","0.174242"
"2068395804","2118028478","2.04091"
"2118028478","2068395804","2.04091"
"2068395804","2147163342","0.583333"
"2147163342","2068395804","0.583333"
"2068395804","2152488985","0.174242"
"2152488985","2068395804","0.174242"
"2068395804","2171187485","5.61667"
"2171187485","2068395804","5.61667"
"2068395804","2284187826","0.0833333"
"2284187826","2068395804","0.0833333"
"2100006764","2110319963","0.174242"
"2110319963","2100006764","0.174242"
"2100006764","2118028478","3.70758"
"2118028478","2100006764","3.70758"
"2100006764","2147163342","0.0833333"
"2147163342","2100006764","0.0833333"
"2100006764","2171187485","0.783333"
"2171187485","2100006764","0.783333"
"2110319963","2118028478","0.174242"
"2118028478","2110319963","0.174242"
"2110319963","2171187485","0.0833333"
"2171187485","2110319963","0.0833333"
"2118028478","2147163342","0.0833333"
"2147163342","2118028478","0.0833333"
"2118028478","2152488985","0.174242"
"2152488985","2118028478","0.174242"
"2118028478","2171187485","1.28333"
"2171187485","2118028478","1.28333"
"2118028478","2284187826","0.583333"
"2284187826","2118028478","0.583333"
"2147163342","2171187485","0.0833333"
"2171187485","2147163342","0.0833333"
"2147163342","2284187826","0.0833333"
"2284187826","2147163342","0.0833333"
"2152488985","2171187485","0.0833333"
"2171187485","2152488985","0.0833333"
"2171187485","2284187826","0.0833333"
"2284187826","2171187485","0.0833333"
"1510109822","2113826339","3.55263"
"2113826339","1510109822","3.55263"
"1510109822","2157243477","0.5"
"2157243477","1510109822","0.5"
"2113826339","2157243477","2.5"
"2157243477","2113826339","2.5"
"1510109822","1533751446","0.0526316"
"1533751446","1510109822","0.0526316"
"1510109822","1572844682","0.0526316"
"1572844682","1510109822","0.0526316"
"1510109822","1980405767","0.0526316"
"1980405767","1510109822","0.0526316"
"1510109822","1993523633","0.0526316"
"1993523633","1510109822","0.0526316"
"1510109822","1994066579","0.0526316"
"1994066579","1510109822","0.0526316"
"1510109822","2021922653","0.0526316"
"2021922653","1510109822","0.0526316"
"1510109822","2057245531","0.0526316"
"2057245531","1510109822","0.0526316"
"1510109822","2104561646","0.0526316"
"2104561646","1510109822","0.0526316"
"1510109822","2122067314","0.0526316"
"2122067314","1510109822","0.0526316"
"1510109822","2135035343","0.0526316"
"2135035343","1510109822","0.0526316"
"1510109822","2136973171","0.0526316"
"2136973171","1510109822","0.0526316"
"1510109822","2141901134","0.0526316"
"2141901134","1510109822","0.0526316"
"1510109822","2147163342","0.0526316"
"2147163342","1510109822","0.0526316"
"1510109822","2148753820","0.0526316"
"2148753820","1510109822","0.0526316"
"1510109822","2169064028","0.0526316"
"2169064028","1510109822","0.0526316"
"1510109822","2471405016","0.0526316"
"2471405016","1510109822","0.0526316"
"1510109822","2743825110","0.0526316"
"2743825110","1510109822","0.0526316"
"1510109822","963854775","0.0526316"
"963854775","1510109822","0.0526316"
"1533751446","1572844682","0.219298"
"1572844682","1533751446","0.219298"
"1533751446","1980405767","0.219298"
"1980405767","1533751446","0.219298"
"1533751446","1993523633","0.0526316"
"1993523633","1533751446","0.0526316"
"1533751446","1994066579","0.0526316"
"1994066579","1533751446","0.0526316"
"1533751446","2057245531","0.0526316"
"2057245531","1533751446","0.0526316"
"1533751446","2104561646","0.0526316"
"2104561646","1533751446","0.0526316"
"1533751446","2113826339","0.0526316"
"2113826339","1533751446","0.0526316"
"1533751446","2122067314","1.38596"
"2122067314","1533751446","1.38596"
"1533751446","2135035343","0.0526316"
"2135035343","1533751446","0.0526316"
"1533751446","2136973171","0.0526316"
"2136973171","1533751446","0.0526316"
"1533751446","2141901134","0.0526316"
"2141901134","1533751446","0.0526316"
"1533751446","2147163342","0.219298"
"2147163342","1533751446","0.219298"
"1533751446","2148753820","0.0526316"
"2148753820","1533751446","0.0526316"
"1533751446","2169064028","0.219298"
"2169064028","1533751446","0.219298"
"1533751446","2471405016","0.0526316"
"2471405016","1533751446","0.0526316"
"1533751446","2743825110","0.0526316"
"2743825110","1533751446","0.0526316"
"1533751446","963854775","0.0526316"
"963854775","1533751446","0.0526316"
"1572844682","1993523633","0.0526316"
"1993523633","1572844682","0.0526316"
"1572844682","2021922653","0.219298"
"2021922653","1572844682","0.219298"
"1572844682","2057245531","0.0526316"
"2057245531","1572844682","0.0526316"
"1572844682","2104561646","0.0526316"
"2104561646","1572844682","0.0526316"
"1572844682","2113826339","0.0526316"
"2113826339","1572844682","0.0526316"
"1572844682","2122067314","0.552632"
"2122067314","1572844682","0.552632"
"1572844682","2135035343","1.88596"
"2135035343","1572844682","1.88596"
"1572844682","2136973171","0.0526316"
"2136973171","1572844682","0.0526316"
"1572844682","2141901134","0.0526316"
"2141901134","1572844682","0.0526316"
"1572844682","2147163342","0.219298"
"2147163342","1572844682","0.219298"
"1572844682","2148753820","0.0526316"
"2148753820","1572844682","0.0526316"
"1572844682","2169064028","0.552632"
"2169064028","1572844682","0.552632"
"1572844682","2471405016","0.0526316"
"2471405016","1572844682","0.0526316"
"1572844682","2743825110","0.0526316"
"2743825110","1572844682","0.0526316"
"1572844682","963854775","0.0526316"
"963854775","1572844682","0.0526316"
"1980405767","1993523633","0.0526316"
"1993523633","1980405767","0.0526316"
"1980405767","2021922653","0.219298"
"2021922653","1980405767","0.219298"
"1980405767","2057245531","0.0526316"
"2057245531","1980405767","0.0526316"
"1980405767","2104561646","0.0526316"
"2104561646","1980405767","0.0526316"
"1980405767","2113826339","0.0526316"
"2113826339","1980405767","0.0526316"
"1980405767","2122067314","0.195489"
"2122067314","1980405767","0.195489"
"1980405767","2135035343","1.05263"
"2135035343","1980405767","1.05263"
"1980405767","2136973171","0.195489"
"2136973171","1980405767","0.195489"
"1980405767","2141901134","0.528822"
"2141901134","1980405767","0.528822"
"1980405767","2148753820","0.0526316"
"2148753820","1980405767","0.0526316"
"1980405767","2169064028","0.219298"
"2169064028","1980405767","0.219298"
"1980405767","2471405016","0.0526316"
"2471405016","1980405767","0.0526316"
"1980405767","2743825110","0.0526316"
"2743825110","1980405767","0.0526316"
"1980405767","963854775","0.0526316"
"963854775","1980405767","0.0526316"
"1993523633","1994066579","0.0526316"
"1994066579","1993523633","0.0526316"
"1993523633","2021922653","0.0526316"
"2021922653","1993523633","0.0526316"
"1993523633","2057245531","0.0526316"
"2057245531","1993523633","0.0526316"
"1993523633","2104561646","0.0526316"
"2104561646","1993523633","0.0526316"
"1993523633","2113826339","0.0526316"
"2113826339","1993523633","0.0526316"
"1993523633","2122067314","0.0526316"
"2122067314","1993523633","0.0526316"
"1993523633","2135035343","0.0526316"
"2135035343","1993523633","0.0526316"
"1993523633","2136973171","0.0526316"
"2136973171","1993523633","0.0526316"
"1993523633","2141901134","0.0526316"
"2141901134","1993523633","0.0526316"
"1993523633","2147163342","0.0526316"
"2147163342","1993523633","0.0526316"
"1993523633","2148753820","0.0526316"
"2148753820","1993523633","0.0526316"
"1993523633","2169064028","0.0526316"
"2169064028","1993523633","0.0526316"
"1993523633","2471405016","0.0526316"
"2471405016","1993523633","0.0526316"
"1993523633","2743825110","0.0526316"
"2743825110","1993523633","0.0526316"
"1993523633","963854775","0.0526316"
"963854775","1993523633","0.0526316"
"1994066579","2021922653","0.0526316"
"2021922653","1994066579","0.0526316"
"1994066579","2057245531","0.0526316"
"2057245531","1994066579","0.0526316"
"1994066579","2104561646","0.0526316"
"2104561646","1994066579","0.0526316"
"1994066579","2113826339","0.0526316"
"2113826339","1994066579","0.0526316"
"1994066579","2122067314","0.0526316"
"2122067314","1994066579","0.0526316"
"1994066579","2135035343","0.0526316"
"2135035343","1994066579","0.0526316"
"1994066579","2136973171","0.0526316"
"2136973171","1994066579","0.0526316"
"1994066579","2141901134","0.0526316"
"2141901134","1994066579","0.0526316"
"1994066579","2147163342","0.752632"
"2147163342","1994066579","0.752632"
"1994066579","2148753820","0.0526316"
"2148753820","1994066579","0.0526316"
"1994066579","2169064028","0.163743"
"2169064028","1994066579","0.163743"
"1994066579","2471405016","0.0526316"
"2471405016","1994066579","0.0526316"
"1994066579","2743825110","0.0526316"
"2743825110","1994066579","0.0526316"
"1994066579","963854775","0.0526316"
"963854775","1994066579","0.0526316"
"2021922653","2057245531","0.0526316"
"2057245531","2021922653","0.0526316"
"2021922653","2104561646","0.0526316"
"2104561646","2021922653","0.0526316"
"2021922653","2113826339","0.0526316"
"2113826339","2021922653","0.0526316"
"2021922653","2122067314","0.385965"
"2122067314","2021922653","0.385965"
"2021922653","2135035343","0.0526316"
"2135035343","2021922653","0.0526316"
"2021922653","2136973171","0.0526316"
"2136973171","2021922653","0.0526316"
"2021922653","2141901134","0.0526316"
"2141901134","2021922653","0.0526316"
"2021922653","2147163342","0.219298"
"2147163342","2021922653","0.219298"
"2021922653","2148753820","0.0526316"
"2148753820","2021922653","0.0526316"
"2021922653","2169064028","0.219298"
"2169064028","2021922653","0.219298"
"2021922653","2471405016","0.0526316"
"2471405016","2021922653","0.0526316"
"2021922653","2743825110","0.0526316"
"2743825110","2021922653","0.0526316"
"2021922653","963854775","0.0526316"
"963854775","2021922653","0.0526316"
"2057245531","2104561646","0.0526316"
"2104561646","2057245531","0.0526316"
"2057245531","2113826339","0.0526316"
"2113826339","2057245531","0.0526316"
"2057245531","2122067314","0.0526316"
"2122067314","2057245531","0.0526316"
"2057245531","2135035343","0.0526316"
"2135035343","2057245531","0.0526316"
"2057245531","2136973171","0.0526316"
"2136973171","2057245531","0.0526316"
"2057245531","2141901134","0.0526316"
"2141901134","2057245531","0.0526316"
"2057245531","2147163342","0.0526316"
"2147163342","2057245531","0.0526316"
"2057245531","2148753820","0.0526316"
"2148753820","2057245531","0.0526316"
"2057245531","2169064028","0.0526316"
"2169064028","2057245531","0.0526316"
"2057245531","2471405016","0.0526316"
"2471405016","2057245531","0.0526316"
"2057245531","2743825110","0.0526316"
"2743825110","2057245531","0.0526316"
"2057245531","963854775","0.0526316"
"963854775","2057245531","0.0526316"
"2104561646","2113826339","0.0526316"
"2113826339","2104561646","0.0526316"
"2104561646","2122067314","0.0526316"
"2122067314","2104561646","0.0526316"
"2104561646","2135035343","0.0526316"
"2135035343","2104561646","0.0526316"
"2104561646","2136973171","0.552632"
"2136973171","2104561646","0.552632"
"2104561646","2141901134","1.05263"
"2141901134","2104561646","1.05263"
"2104561646","2147163342","0.0526316"
"2147163342","2104561646","0.0526316"
"2104561646","2148753820","0.552632"
"2148753820","2104561646","0.552632"
"2104561646","2169064028","0.0526316"
"2169064028","2104561646","0.0526316"
"2104561646","2471405016","1.05263"
"2471405016","2104561646","1.05263"
"2104561646","2743825110","0.0526316"
"2743825110","2104561646","0.0526316"
"2104561646","963854775","0.0526316"
"963854775","2104561646","0.0526316"
"2113826339","2122067314","0.0526316"
"2122067314","2113826339","0.0526316"
"2113826339","2135035343","0.0526316"
"2135035343","2113826339","0.0526316"
"2113826339","2136973171","0.0526316"
"2136973171","2113826339","0.0526316"
"2113826339","2141901134","0.0526316"
"2141901134","2113826339","0.0526316"
"2113826339","2147163342","0.0526316"
"2147163342","2113826339","0.0526316"
"2113826339","2148753820","0.0526316"
"2148753820","2113826339","0.0526316"
"2113826339","2169064028","0.0526316"
"2169064028","2113826339","0.0526316"
"2113826339","2471405016","0.0526316"
"2471405016","2113826339","0.0526316"
"2113826339","2743825110","0.0526316"
"2743825110","2113826339","0.0526316"
"2113826339","963854775","0.0526316"
"963854775","2113826339","0.0526316"
"2122067314","2135035343","0.752632"
"2135035343","2122067314","0.752632"
"2122067314","2136973171","0.195489"
"2136973171","2122067314","0.195489"
"2122067314","2141901134","0.195489"
"2141901134","2122067314","0.195489"
"2122067314","2147163342","0.195489"
"2147163342","2122067314","0.195489"
"2122067314","2148753820","0.0526316"
"2148753820","2122067314","0.0526316"
"2122067314","2169064028","0.252632"
"2169064028","2122067314","0.252632"
"2122067314","2471405016","0.0526316"
"2471405016","2122067314","0.0526316"
"2122067314","2743825110","0.0526316"
"2743825110","2122067314","0.0526316"
"2122067314","963854775","0.0526316"
"963854775","2122067314","0.0526316"
"2135035343","2136973171","0.0526316"
"2136973171","2135035343","0.0526316"
"2135035343","2141901134","0.0526316"
"2141901134","2135035343","0.0526316"
"2135035343","2147163342","0.0526316"
"2147163342","2135035343","0.0526316"
"2135035343","2148753820","0.0526316"
"2148753820","2135035343","0.0526316"
"2135035343","2169064028","0.585965"
"2169064028","2135035343","0.585965"
"2135035343","2471405016","0.0526316"
"2471405016","2135035343","0.0526316"
"2135035343","2743825110","0.0526316"
"2743825110","2135035343","0.0526316"
"2135035343","963854775","0.0526316"
"963854775","2135035343","0.0526316"
"2136973171","2141901134","2.69549"
"2141901134","2136973171","2.69549"
"2136973171","2147163342","0.195489"
"2147163342","2136973171","0.195489"
"2136973171","2148753820","2.55263"
"2148753820","2136973171","2.55263"
"2136973171","2169064028","0.0526316"
"2169064028","2136973171","0.0526316"
"2136973171","2471405016","0.0526316"
"2471405016","2136973171","0.0526316"
"2136973171","2743825110","0.0526316"
"2743825110","2136973171","0.0526316"
"2136973171","963854775","0.0526316"
"963854775","2136973171","0.0526316"
"2141901134","2147163342","0.528822"
"2147163342","2141901134","0.528822"
"2141901134","2148753820","0.0526316"
"2148753820","2141901134","0.0526316"
"2141901134","2169064028","0.0526316"
"2169064028","2141901134","0.0526316"
"2141901134","2471405016","0.0526316"
"2471405016","2141901134","0.0526316"
"2141901134","2743825110","0.0526316"
"2743825110","2141901134","0.0526316"
"2141901134","963854775","0.0526316"
"963854775","2141901134","0.0526316"
"2147163342","2148753820","0.0526316"
"2148753820","2147163342","0.0526316"
"2147163342","2169064028","0.219298"
"2169064028","2147163342","0.219298"
"2147163342","2471405016","0.0526316"
"2471405016","2147163342","0.0526316"
"2147163342","2743825110","0.0526316"
"2743825110","2147163342","0.0526316"
"2147163342","963854775","0.0526316"
"963854775","2147163342","0.0526316"
"2148753820","2169064028","0.0526316"
"2169064028","2148753820","0.0526316"
"2148753820","2471405016","0.0526316"
"2471405016","2148753820","0.0526316"
"2148753820","2743825110","0.0526316"
"2743825110","2148753820","0.0526316"
"2148753820","963854775","0.0526316"
"963854775","2148753820","0.0526316"
"2169064028","2471405016","0.552632"
"2471405016","2169064028","0.552632"
"2169064028","2743825110","0.0526316"
"2743825110","2169064028","0.0526316"
"2169064028","963854775","0.0526316"
"963854775","2169064028","0.0526316"
"2471405016","2743825110","0.0526316"
"2743825110","2471405016","0.0526316"
"2471405016","963854775","1.05263"
"963854775","2471405016","1.05263"
"2743825110","963854775","0.0526316"
"963854775","2743825110","0.0526316"
"1517239335","2113655056","0.25"
"2113655056","1517239335","0.25"
"1547317288","2113655056","0.583333"
"2113655056","1547317288","0.583333"
"1554818563","2113655056","0.583333"
"2113655056","1554818563","0.583333"
"1994066579","2113655056","1.33333"
"2113655056","1994066579","1.33333"
"1517239335","2158790560","0.886111"
"2158790560","1517239335","0.886111"
"1535781756","2151531052","2.25278"
"2151531052","1535781756","2.25278"
"1535781756","2158790560","3.91944"
"2158790560","1535781756","3.91944"
"1547317288","2158790560","3.30278"
"2158790560","1547317288","3.30278"
"1980405767","2151531052","4.00833"
"2151531052","1980405767","4.00833"
"1980405767","2158790560","0.291667"
"2158790560","1980405767","0.291667"
"1994066579","2151531052","6.81944"
"2151531052","1994066579","6.81944"
"1994066579","2158790560","1.26944"
"2158790560","1994066579","1.26944"
"2087826192","2158790560","1.68611"
"2158790560","2087826192","1.68611"
"2125708645","2151531052","3.11944"
"2151531052","2125708645","3.11944"
"2125708645","2158790560","0.852778"
"2158790560","2125708645","0.852778"
"2151531052","2158790560","4.83611"
"2158790560","2151531052","4.83611"
"1554818563","2158790560","0.511111"
"2158790560","1554818563","0.511111"
"1517239335","2169064028","0.111111"
"2169064028","1517239335","0.111111"
"1535781756","2169064028","0.111111"
"2169064028","1535781756","0.111111"
"1547317288","2169064028","0.111111"
"2169064028","1547317288","0.111111"
"1554818563","2169064028","0.111111"
"2169064028","1554818563","0.111111"
"2087826192","2169064028","0.111111"
"2169064028","2087826192","0.111111"
"2125708645","2169064028","0.111111"
"2169064028","2125708645","0.111111"
"2151531052","2169064028","0.111111"
"2169064028","2151531052","0.111111"
"2158790560","2169064028","0.111111"
"2169064028","2158790560","0.111111"
"1517239335","1976170358","0.1"
"1976170358","1517239335","0.1"
"1517239335","2110748529","0.1"
"2110748529","1517239335","0.1"
"1517239335","2148389173","0.1"
"2148389173","1517239335","0.1"
"1517239335","99076635","0.1"
"99076635","1517239335","0.1"
"1547317288","1976170358","0.1"
"1976170358","1547317288","0.1"
"1547317288","2110748529","0.1"
"2110748529","1547317288","0.1"
"1547317288","2148389173","0.1"
"2148389173","1547317288","0.1"
"1547317288","99076635","0.1"
"99076635","1547317288","0.1"
"1976170358","1980405767","0.1"
"1980405767","1976170358","0.1"
"1976170358","1994066579","0.1"
"1994066579","1976170358","0.1"
"1976170358","2087826192","0.1"
"2087826192","1976170358","0.1"
"1976170358","2110748529","2.1"
"2110748529","1976170358","2.1"
"1976170358","2125708645","0.1"
"2125708645","1976170358","0.1"
"1976170358","2148389173","5.6"
"2148389173","1976170358","5.6"
"1976170358","2151531052","0.1"
"2151531052","1976170358","0.1"
"1976170358","99076635","1.6"
"99076635","1976170358","1.6"
"1980405767","2110748529","0.1"
"2110748529","1980405767","0.1"
"1980405767","2148389173","0.1"
"2148389173","1980405767","0.1"
"1980405767","99076635","0.1"
"99076635","1980405767","0.1"
"1994066579","2110748529","0.1"
"2110748529","1994066579","0.1"
"1994066579","2148389173","0.1"
"2148389173","1994066579","0.1"
"1994066579","99076635","0.1"
"99076635","1994066579","0.1"
"2087826192","2110748529","0.1"
"2110748529","2087826192","0.1"
"2087826192","2148389173","0.1"
"2148389173","2087826192","0.1"
"2087826192","99076635","0.1"
"99076635","2087826192","0.1"
"2110748529","2125708645","0.1"
"2125708645","2110748529","0.1"
"2110748529","2148389173","0.6"
"2148389173","2110748529","0.6"
"2110748529","2151531052","0.1"
"2151531052","2110748529","0.1"
"2110748529","99076635","4.6"
"99076635","2110748529","4.6"
"2125708645","2148389173","0.1"
"2148389173","2125708645","0.1"
"2125708645","99076635","0.1"
"99076635","2125708645","0.1"
"2148389173","2151531052","0.1"
"2151531052","2148389173","0.1"
"2148389173","99076635","0.6"
"99076635","2148389173","0.6"
"2151531052","99076635","0.1"
"99076635","2151531052","0.1"
"1527614939","2169064028","8.7"
"2169064028","1527614939","8.7"
"1527614939","2159144927","1.9"
"2159144927","1527614939","1.9"
"2159144927","2169064028","2.7"
"2169064028","2159144927","2.7"
"1527614939","1604418810","1"
"1604418810","1527614939","1"
"1527614939","1572844682","0.5"
"1572844682","1527614939","0.5"
"1527614939","2135035343","0.533333"
"2135035343","1527614939","0.533333"
"1527614939","2471405016","0.5"
"2471405016","1527614939","0.5"
"1527614939","1533751446","0.166667"
"1533751446","1527614939","0.166667"
"1527614939","1980405767","0.366667"
"1980405767","1527614939","0.366667"
"1527614939","2021922653","0.166667"
"2021922653","1527614939","0.166667"
"1527614939","2147163342","0.366667"
"2147163342","1527614939","0.366667"
"1527614939","2114110439","0.2"
"2114110439","1527614939","0.2"
"1527614939","2122067314","0.2"
"2122067314","1527614939","0.2"
"2114110439","2122067314","0.2"
"2122067314","2114110439","0.2"
"2114110439","2135035343","0.2"
"2135035343","2114110439","0.2"
"2114110439","2159144927","0.2"
"2159144927","2114110439","0.2"
"2114110439","2169064028","0.2"
"2169064028","2114110439","0.2"
"2122067314","2159144927","0.2"
"2159144927","2122067314","0.2"
"2135035343","2159144927","0.2"
"2159144927","2135035343","0.2"
"1527614939","1994066579","0.2"
"1994066579","1527614939","0.2"
"1527614939","2151531052","0.2"
"2151531052","1527614939","0.2"
"1980405767","2159144927","0.783333"
"2159144927","1980405767","0.783333"
"1994066579","2159144927","0.2"
"2159144927","1994066579","0.2"
"2147163342","2151531052","1.2"
"2151531052","2147163342","1.2"
"2147163342","2159144927","0.783333"
"2159144927","2147163342","0.783333"
"2151531052","2159144927","0.783333"
"2159144927","2151531052","0.783333"
"1533751446","2110319963","0.333333"
"2110319963","1533751446","0.333333"
"1533751446","2166573987","0.333333"
"2166573987","1533751446","0.333333"
"2021922653","2110319963","0.333333"
"2110319963","2021922653","0.333333"
"2021922653","2166573987","0.333333"
"2166573987","2021922653","0.333333"
"2122067314","2138079878","0.333333"
"2138079878","2122067314","0.333333"
"1539608003","2169064028","0.5"
"2169064028","1539608003","0.5"
"1539608003","99076635","1"
"99076635","1539608003","1"
"2169064028","99076635","0.5"
"99076635","2169064028","0.5"
"1539608003","1976170358","1.5"
"1976170358","1539608003","1.5"
"1547317288","2147163342","0.5"
"2147163342","1547317288","0.5"
"1547317288","2159144927","0.583333"
"2159144927","1547317288","0.583333"
"2087826192","2147163342","0.25"
"2147163342","2087826192","0.25"
"2158790560","2159144927","0.333333"
"2159144927","2158790560","0.333333"
"1554818563","1593813215","0.166667"
"1593813215","1554818563","0.166667"
"1554818563","2068395804","0.166667"
"2068395804","1554818563","0.166667"
"1554818563","2114110439","0.166667"
"2114110439","1554818563","0.166667"
"1554818563","2171187485","0.166667"
"2171187485","1554818563","0.166667"
"1554818563","2252984047","0.166667"
"2252984047","1554818563","0.166667"
"1593813215","1994066579","0.166667"
"1994066579","1593813215","0.166667"
"1593813215","2068395804","2"
"2068395804","1593813215","2"
"1593813215","2114110439","0.166667"
"2114110439","1593813215","0.166667"
"1593813215","2171187485","0.5"
"2171187485","1593813215","0.5"
"1593813215","2252984047","0.5"
"2252984047","1593813215","0.5"
"1994066579","2068395804","0.166667"
"2068395804","1994066579","0.166667"
"1994066579","2114110439","0.166667"
"2114110439","1994066579","0.166667"
"1994066579","2171187485","0.166667"
"2171187485","1994066579","0.166667"
"1994066579","2252984047","0.166667"
"2252984047","1994066579","0.166667"
"2068395804","2114110439","3.45758"
"2114110439","2068395804","3.45758"
"2068395804","2252984047","3.03333"
"2252984047","2068395804","3.03333"
"2114110439","2171187485","1.86667"
"2171187485","2114110439","1.86667"
"2114110439","2252984047","1.36667"
"2252984047","2114110439","1.36667"
"2171187485","2252984047","3.03333"
"2252984047","2171187485","3.03333"
"1592479824","2113655056","3.25"
"2113655056","1592479824","3.25"
"1592479824","2151531052","1"
"2151531052","1592479824","1"
"1592479824","1994066579","0.25"
"1994066579","1592479824","0.25"
"1592479824","2087826192","0.25"
"2087826192","1592479824","0.25"
"1592479824","2125708645","0.25"
"2125708645","1592479824","0.25"
"2087826192","2113655056","1.25"
"2113655056","2087826192","1.25"
"2113655056","2125708645","0.25"
"2125708645","2113655056","0.25"
"1593813215","2118028478","2"
"2118028478","1593813215","2"
"1593813215","2023695596","0.5"
"2023695596","1593813215","0.5"
"2023695596","2068395804","0.924242"
"2068395804","2023695596","0.924242"
"1598825455","2163190394","2"
"2163190394","1598825455","2"
"1604418810","2169064028","2"
"2169064028","1604418810","2"
"1652718739","1993523633","0.0909091"
"1993523633","1652718739","0.0909091"
"1652718739","2023695596","0.0909091"
"2023695596","1652718739","0.0909091"
"1652718739","2066985387","0.0909091"
"2066985387","1652718739","0.0909091"
"1652718739","2114110439","0.0909091"
"2114110439","1652718739","0.0909091"
"1652718739","2138079878","0.0909091"
"2138079878","1652718739","0.0909091"
"1974535914","1993523633","0.0909091"
"1993523633","1974535914","0.0909091"
"1974535914","2023695596","0.0909091"
"2023695596","1974535914","0.0909091"
"1974535914","2066985387","0.0909091"
"2066985387","1974535914","0.0909091"
"1974535914","2114110439","0.0909091"
"2114110439","1974535914","0.0909091"
"1974535914","2138079878","0.424242"
"2138079878","1974535914","0.424242"
"1993523633","2023695596","0.257576"
"2023695596","1993523633","0.257576"
"1993523633","2066985387","1.09091"
"2066985387","1993523633","1.09091"
"1993523633","2068395804","0.424242"
"2068395804","1993523633","0.424242"
"1993523633","2100006764","0.257576"
"2100006764","1993523633","0.257576"
"1993523633","2110319963","0.0909091"
"2110319963","1993523633","0.0909091"
"1993523633","2114110439","0.924242"
"2114110439","1993523633","0.924242"
"1993523633","2118028478","5.42424"
"2118028478","1993523633","5.42424"
"1993523633","2138079878","0.0909091"
"2138079878","1993523633","0.0909091"
"1993523633","2152488985","0.0909091"
"2152488985","1993523633","0.0909091"
"2023695596","2066985387","0.257576"
"2066985387","2023695596","0.257576"
"2023695596","2100006764","2.09091"
"2100006764","2023695596","2.09091"
"2023695596","2110319963","0.0909091"
"2110319963","2023695596","0.0909091"
"2023695596","2114110439","0.424242"
"2114110439","2023695596","0.424242"
"2023695596","2118028478","0.424242"
"2118028478","2023695596","0.424242"
"2023695596","2138079878","0.0909091"
"2138079878","2023695596","0.0909091"
"2023695596","2152488985","0.0909091"
"2152488985","2023695596","0.0909091"
"2066985387","2068395804","0.590909"
"2068395804","2066985387","0.590909"
"2066985387","2100006764","2.92424"
"2100006764","2066985387","2.92424"
"2066985387","2110319963","0.0909091"
"2110319963","2066985387","0.0909091"
"2066985387","2114110439","1.09091"
"2114110439","2066985387","1.09091"
"2066985387","2118028478","3.25758"
"2118028478","2066985387","3.25758"
"2066985387","2138079878","0.0909091"
"2138079878","2066985387","0.0909091"
"2066985387","2152488985","0.0909091"
"2152488985","2066985387","0.0909091"
"2068395804","2138079878","0.0909091"
"2138079878","2068395804","0.0909091"
"2100006764","2114110439","1.95758"
"2114110439","2100006764","1.95758"
"2110319963","2114110439","0.0909091"
"2114110439","2110319963","0.0909091"
"2110319963","2138079878","0.0909091"
"2138079878","2110319963","0.0909091"
"2114110439","2118028478","1.95758"
"2118028478","2114110439","1.95758"
"2114110439","2138079878","0.0909091"
"2138079878","2114110439","0.0909091"
"2114110439","2152488985","0.0909091"
"2152488985","2114110439","0.0909091"
"2118028478","2138079878","0.0909091"
"2138079878","2118028478","0.0909091"
"1845774461","2114110439","0.5"
"2114110439","1845774461","0.5"
"2114110439","2146738358","0.5"
"2146738358","2114110439","0.5"
"1974535914","2109352793","1"
"2109352793","1974535914","1"
"1974535914","2140900696","0.333333"
"2140900696","1974535914","0.333333"
"1975356909","1980405767","0.142857"
"1980405767","1975356909","0.142857"
"1975356909","2099728988","0.142857"
"2099728988","1975356909","0.142857"
"1975356909","2109517586","0.142857"
"2109517586","1975356909","0.142857"
"1975356909","2122067314","0.142857"
"2122067314","1975356909","0.142857"
"1975356909","2136973171","0.142857"
"2136973171","1975356909","0.142857"
"1975356909","2141901134","0.142857"
"2141901134","1975356909","0.142857"
"1975356909","2147163342","0.142857"
"2147163342","1975356909","0.142857"
"1980405767","2099728988","0.142857"
"2099728988","1980405767","0.142857"
"1980405767","2109517586","0.142857"
"2109517586","1980405767","0.142857"
"2099728988","2109517586","1.64286"
"2109517586","2099728988","1.64286"
"2099728988","2122067314","0.142857"
"2122067314","2099728988","0.142857"
"2099728988","2136973171","0.142857"
"2136973171","2099728988","0.142857"
"2099728988","2141901134","0.142857"
"2141901134","2099728988","0.142857"
"2099728988","2147163342","0.142857"
"2147163342","2099728988","0.142857"
"2109517586","2122067314","0.142857"
"2122067314","2109517586","0.142857"
"2109517586","2136973171","0.142857"
"2136973171","2109517586","0.142857"
"2109517586","2141901134","0.142857"
