"10885063","1103060529","0.416306"
"1103060529","10885063","0.416306"
"10885063","2072615238","0.505195"
"2072615238","10885063","0.505195"
"10885063","2107138773","9.78297"
"2107138773","10885063","9.78297"
"10885063","2137822999","0.616306"
"2137822999","10885063","0.616306"
"10885063","2226725405","1.17186"
"2226725405","10885063","1.17186"
"10885063","2587314106","0.405195"
"2587314106","10885063","0.405195"
"10885063","752888290","1.28297"
"752888290","10885063","1.28297"
"1103060529","2072615238","2.02587"
"2072615238","1103060529","2.02587"
"1103060529","2107138773","2.94174"
"2107138773","1103060529","2.94174"
"1103060529","2137822999","4.20662"
"2137822999","1103060529","4.20662"
"1103060529","2226725405","4.93301"
"2226725405","1103060529","4.93301"
"1103060529","2587314106","1.68301"
"2587314106","1103060529","1.68301"
"1103060529","752888290","3.27031"
"752888290","1103060529","3.27031"
"2072615238","2107138773","1.92507"
"2107138773","2072615238","1.92507"
"2072615238","2137822999","1.95245"
"2137822999","2072615238","1.95245"
"2072615238","2226725405","6.12864"
"2226725405","2072615238","6.12864"
"2072615238","2587314106","6.04531"
"2587314106","2072615238","6.04531"
"2072615238","752888290","4.7715"
"752888290","2072615238","4.7715"
"2107138773","2137822999","3.41118"
"2137822999","2107138773","3.41118"
"2107138773","2226725405","4.09174"
"2226725405","2107138773","4.09174"
"2107138773","2587314106","1.54174"
"2587314106","2107138773","1.54174"
"2107138773","752888290","2.53618"
"752888290","2107138773","2.53618"
"2137822999","2226725405","5.22626"
"2226725405","2137822999","5.22626"
"2137822999","2587314106","1.95245"
"2587314106","2137822999","1.95245"
"2137822999","752888290","4.73023"
"752888290","2137822999","4.73023"
"2226725405","2587314106","4.95245"
"2587314106","2226725405","4.95245"
"2226725405","752888290","13.212"
"752888290","2226725405","13.212"
"2587314106","752888290","2.59531"
"752888290","2587314106","2.59531"
"10885063","2167464971","0.973449"
"2167464971","10885063","0.973449"
"2107138773","2167464971","1.31436"
"2167464971","2107138773","1.31436"
"10885063","2000454347","0.111111"
"2000454347","10885063","0.111111"
"10885063","2115677675","0.111111"
"2115677675","10885063","0.111111"
"10885063","2188660960","0.28254"
"2188660960","10885063","0.28254"
"10885063","2577513693","0.18254"
"2577513693","10885063","0.18254"
"1103060529","2000454347","0.111111"
"2000454347","1103060529","0.111111"
"1103060529","2115677675","0.111111"
"2115677675","1103060529","0.111111"
"1103060529","2167464971","0.507215"
"2167464971","1103060529","0.507215"
"1103060529","2188660960","0.18254"
"2188660960","1103060529","0.18254"
"1103060529","2577513693","0.666306"
"2577513693","1103060529","0.666306"
"2000454347","2107138773","0.111111"
"2107138773","2000454347","0.111111"
"2000454347","2115677675","10.5282"
"2115677675","2000454347","10.5282"
"2000454347","2137822999","0.111111"
"2137822999","2000454347","0.111111"
"2000454347","2167464971","0.111111"
"2167464971","2000454347","0.111111"
"2000454347","2188660960","0.737734"
"2188660960","2000454347","0.737734"
"2000454347","2577513693","1.23773"
"2577513693","2000454347","1.23773"
"2000454347","752888290","0.111111"
"752888290","2000454347","0.111111"
"2107138773","2115677675","0.111111"
"2115677675","2107138773","0.111111"
"2107138773","2188660960","0.28254"
"2188660960","2107138773","0.28254"
"2107138773","2577513693","0.273449"
"2577513693","2107138773","0.273449"
"2115677675","2137822999","0.236111"
"2137822999","2115677675","0.236111"
"2115677675","2167464971","0.111111"
"2167464971","2115677675","0.111111"
"2115677675","2188660960","1.05321"
"2188660960","2115677675","1.05321"
"2115677675","2577513693","1.05321"
"2577513693","2115677675","1.05321"
"2115677675","752888290","0.236111"
"752888290","2115677675","0.236111"
"2137822999","2167464971","0.707215"
"2167464971","2137822999","0.707215"
"2137822999","2188660960","0.574206"
"2188660960","2137822999","0.574206"
"2137822999","2577513693","1.54131"
"2577513693","2137822999","1.54131"
"2167464971","2188660960","0.28254"
"2188660960","2167464971","0.28254"
"2167464971","2577513693","0.416306"
"2577513693","2167464971","0.416306"
"2167464971","752888290","1.10007"
"752888290","2167464971","1.10007"
"2188660960","2577513693","10.8675"
"2577513693","2188660960","10.8675"
"2188660960","752888290","0.674206"
"752888290","2188660960","0.674206"
"2577513693","752888290","0.641306"
"752888290","2577513693","0.641306"
"10885063","117599720","0.540909"
"117599720","10885063","0.540909"
"10885063","2756474467","0.0909091"
"2756474467","10885063","0.0909091"
"10885063","88102734","0.412338"
"88102734","10885063","0.412338"
"1103060529","117599720","0.467532"
"117599720","1103060529","0.467532"
"1103060529","2756474467","0.616342"
"2756474467","1103060529","0.616342"
"1103060529","88102734","0.378247"
"88102734","1103060529","0.378247"
"117599720","2072615238","1.2215"
"2072615238","117599720","1.2215"
"117599720","2107138773","0.835786"
"2107138773","117599720","0.835786"
"117599720","2137822999","0.835786"
"2137822999","117599720","0.835786"
"117599720","2167464971","0.524675"
"2167464971","117599720","0.524675"
"117599720","2226725405","1.2215"
"2226725405","117599720","1.2215"
"117599720","2587314106","0.778644"
"2587314106","117599720","0.778644"
"117599720","2756474467","0.324675"
"2756474467","117599720","0.324675"
"117599720","752888290","1.2215"
"752888290","117599720","1.2215"
"117599720","88102734","1.04293"
"88102734","117599720","1.04293"
"2072615238","2167464971","0.988961"
"2167464971","2072615238","0.988961"
"2072615238","2756474467","0.816342"
"2756474467","2072615238","0.816342"
"2072615238","88102734","0.689358"
"88102734","2072615238","0.689358"
"2107138773","2756474467","0.473485"
"2756474467","2107138773","0.473485"
"2107138773","88102734","0.489358"
"88102734","2107138773","0.489358"
"2137822999","2756474467","0.673485"
"2756474467","2137822999","0.673485"
"2137822999","88102734","0.689358"
"88102734","2137822999","0.689358"
"2167464971","2226725405","1.8461"
"2226725405","2167464971","1.8461"
"2167464971","2587314106","0.638961"
"2587314106","2167464971","0.638961"
"2167464971","2756474467","0.181818"
"2756474467","2167464971","0.181818"
"2167464971","88102734","0.253247"
"88102734","2167464971","0.253247"
"2226725405","2756474467","2.98301"
"2756474467","2226725405","2.98301"
"2226725405","88102734","1.18936"
"88102734","2226725405","1.18936"
"2587314106","2756474467","1.87348"
"2756474467","2587314106","1.87348"
"2587314106","88102734","0.989358"
"88102734","2587314106","0.989358"
"2756474467","752888290","1.31634"
"752888290","2756474467","1.31634"
"2756474467","88102734","0.506818"
"88102734","2756474467","0.506818"
"752888290","88102734","0.689358"
"88102734","752888290","0.689358"
"10885063","2171141701","0.2"
"2171141701","10885063","0.2"
"10885063","2188366843","0.2"
"2188366843","10885063","0.2"
"117599720","2171141701","0.842857"
"2171141701","117599720","0.842857"
"117599720","2188366843","0.842857"
"2188366843","117599720","0.842857"
"117599720","2188660960","0.2"
"2188660960","117599720","0.2"
"2072615238","2171141701","0.795238"
"2171141701","2072615238","0.795238"
"2072615238","2188366843","0.652381"
"2188366843","2072615238","0.652381"
"2072615238","2188660960","0.396429"
"2188660960","2072615238","0.396429"
"2107138773","2171141701","0.825"
"2171141701","2107138773","0.825"
"2107138773","2188366843","0.366667"
"2188366843","2107138773","0.366667"
"2137822999","2171141701","1.94405"
"2171141701","2137822999","1.94405"
"2137822999","2188366843","1.15536"
"2188366843","2137822999","1.15536"
"2167464971","2171141701","0.485714"
"2171141701","2167464971","0.485714"
"2167464971","2188366843","0.342857"
"2188366843","2167464971","0.342857"
"2171141701","2188366843","0.985714"
"2188366843","2171141701","0.985714"
"2171141701","2188660960","0.266667"
"2188660960","2171141701","0.266667"
"2171141701","2226725405","1.81905"
"2226725405","2171141701","1.81905"
"2171141701","752888290","0.961905"
"752888290","2171141701","0.961905"
"2188366843","2188660960","0.1"
"2188660960","2188366843","0.1"
"2188366843","2226725405","2.15238"
"2226725405","2188366843","2.15238"
"2188366843","752888290","0.485714"
"752888290","2188366843","0.485714"
"2188660960","2226725405","0.563095"
"2226725405","2188660960","0.563095"
"10885063","1830453967","0.5"
"1830453967","10885063","0.5"
"10885063","21654102","0.5"
"21654102","10885063","0.5"
"1830453967","21654102","1.18377"
"21654102","1830453967","1.18377"
"10885063","2585528949","0.0714286"
"2585528949","10885063","0.0714286"
"10885063","2609824096","0.0714286"
"2609824096","10885063","0.0714286"
"10885063","67421574","0.0714286"
"67421574","10885063","0.0714286"
"1103060529","2585528949","0.821429"
"2585528949","1103060529","0.821429"
"1103060529","2609824096","0.521429"
"2609824096","1103060529","0.521429"
"1103060529","67421574","0.854762"
"67421574","1103060529","0.854762"
"2072615238","2577513693","0.530195"
"2577513693","2072615238","0.530195"
"2072615238","2585528949","0.496429"
"2585528949","2072615238","0.496429"
"2072615238","2609824096","0.271429"
"2609824096","2072615238","0.271429"
"2072615238","67421574","0.58254"
"67421574","2072615238","0.58254"
"2107138773","2585528949","1.07143"
"2585528949","2107138773","1.07143"
"2107138773","2609824096","0.0714286"
"2609824096","2107138773","0.0714286"
"2107138773","67421574","0.18254"
"67421574","2107138773","0.18254"
"2137822999","2585528949","0.196429"
"2585528949","2137822999","0.196429"
"2137822999","2609824096","0.0714286"
"2609824096","2137822999","0.0714286"
"2137822999","67421574","0.765873"
"67421574","2137822999","0.765873"
"2167464971","2585528949","0.0714286"
"2585528949","2167464971","0.0714286"
"2167464971","2609824096","0.0714286"
"2609824096","2167464971","0.0714286"
"2167464971","67421574","0.0714286"
"67421574","2167464971","0.0714286"
"2188660960","2585528949","3.94686"
"2585528949","2188660960","3.94686"
"2188660960","2587314106","0.296429"
"2587314106","2188660960","0.296429"
"2188660960","2609824096","0.0714286"
"2609824096","2188660960","0.0714286"
"2188660960","67421574","0.0714286"
"67421574","2188660960","0.0714286"
"2188660960","88102734","0.0714286"
"88102734","2188660960","0.0714286"
"2226725405","2577513693","1.38734"
"2577513693","2226725405","1.38734"
"2226725405","2585528949","0.296429"
"2585528949","2226725405","0.296429"
"2226725405","2609824096","1.27143"
"2609824096","2226725405","1.27143"
"2226725405","67421574","0.63254"
"67421574","2226725405","0.63254"
"2577513693","2585528949","8.31353"
"2585528949","2577513693","8.31353"
"2577513693","2587314106","0.930195"
"2587314106","2577513693","0.930195"
"2577513693","2609824096","1.32143"
"2609824096","2577513693","1.32143"
"2577513693","67421574","0.0714286"
"67421574","2577513693","0.0714286"
"2577513693","88102734","0.162338"
"88102734","2577513693","0.162338"
"2585528949","2587314106","1.19643"
"2587314106","2585528949","1.19643"
"2585528949","2609824096","2.32143"
"2609824096","2585528949","2.32143"
"2585528949","67421574","0.0714286"
"67421574","2585528949","0.0714286"
"2585528949","752888290","0.296429"
"752888290","2585528949","0.296429"
"2585528949","88102734","0.0714286"
"88102734","2585528949","0.0714286"
"2587314106","2609824096","0.271429"
"2609824096","2587314106","0.271429"
"2587314106","67421574","0.58254"
"67421574","2587314106","0.58254"
"2609824096","67421574","0.0714286"
"67421574","2609824096","0.0714286"
"2609824096","752888290","0.271429"
"752888290","2609824096","0.271429"
"2609824096","88102734","0.0714286"
"88102734","2609824096","0.0714286"
"67421574","752888290","0.38254"
"752888290","67421574","0.38254"
"67421574","88102734","0.18254"
"88102734","67421574","0.18254"
"2171141701","2587314106","0.695238"
"2587314106","2171141701","0.695238"
"2188366843","2587314106","0.552381"
"2587314106","2188366843","0.552381"
"10885063","1508383841","0.25"
"1508383841","10885063","0.25"
"10885063","1526683831","0.25"
"1526683831","10885063","0.25"
"117599720","1508383841","0.25"
"1508383841","117599720","0.25"
"117599720","1526683831","0.25"
"1526683831","117599720","0.25"
"1508383841","1526683831","0.520833"
"1526683831","1508383841","0.520833"
"1508383841","88102734","0.25"
"88102734","1508383841","0.25"
"1526683831","88102734","0.25"
"88102734","1526683831","0.25"
"1103060529","1486232969","0.2625"
"1486232969","1103060529","0.2625"
"1103060529","1508383841","0.3125"
"1508383841","1103060529","0.3125"
"1103060529","1515594983","0.8125"
"1515594983","1103060529","0.8125"
"1103060529","1526683831","0.0625"
"1526683831","1103060529","0.0625"
"1103060529","1566527164","0.0625"
"1566527164","1103060529","0.0625"
"1103060529","1567721828","0.645833"
"1567721828","1103060529","0.645833"
"1103060529","1578973608","0.0625"
"1578973608","1103060529","0.0625"
"1103060529","1591641789","0.0625"
"1591641789","1103060529","0.0625"
"1103060529","178540987","0.0625"
"178540987","1103060529","0.0625"
"1103060529","1831608496","0.0625"
"1831608496","1103060529","0.0625"
"1103060529","1978876071","0.3125"
"1978876071","1103060529","0.3125"
"1103060529","2046973285","0.395833"
"2046973285","1103060529","0.395833"
"1103060529","2188366843","0.622024"
"2188366843","1103060529","0.622024"
"1103060529","2561593126","0.0625"
"2561593126","1103060529","0.0625"
"1103060529","2997640744","0.3125"
"2997640744","1103060529","0.3125"
"1486232969","1508383841","0.0625"
"1508383841","1486232969","0.0625"
"1486232969","1515594983","0.0625"
"1515594983","1486232969","0.0625"
"1486232969","1526683831","0.0625"
"1526683831","1486232969","0.0625"
"1486232969","1566527164","0.0625"
"1566527164","1486232969","0.0625"
"1486232969","1567721828","0.0625"
"1567721828","1486232969","0.0625"
"1486232969","1578973608","0.0625"
"1578973608","1486232969","0.0625"
"1486232969","1591641789","0.0625"
"1591641789","1486232969","0.0625"
"1486232969","178540987","0.0625"
"178540987","1486232969","0.0625"
"1486232969","1831608496","0.0625"
"1831608496","1486232969","0.0625"
"1486232969","1978876071","0.0625"
"1978876071","1486232969","0.0625"
"1486232969","2046973285","0.0625"
"2046973285","1486232969","0.0625"
"1486232969","2137822999","0.0625"
"2137822999","1486232969","0.0625"
"1486232969","2188366843","0.0625"
"2188366843","1486232969","0.0625"
"1486232969","2561593126","0.0625"
"2561593126","1486232969","0.0625"
"1486232969","2997640744","0.0625"
"2997640744","1486232969","0.0625"
"1508383841","1515594983","0.28869"
"1515594983","1508383841","0.28869"
"1508383841","1566527164","2.84583"
"1566527164","1508383841","2.84583"
"1508383841","1567721828","0.795833"
"1567721828","1508383841","0.795833"
"1508383841","1578973608","0.28869"
"1578973608","1508383841","0.28869"
"1508383841","1591641789","0.48869"
"1591641789","1508383841","0.48869"
"1508383841","178540987","1.07202"
"178540987","1508383841","1.07202"
"1508383841","1831608496","0.28869"
"1831608496","1508383841","0.28869"
"1508383841","1978876071","1.55417"
"1978876071","1508383841","1.55417"
"1508383841","2046973285","1.02083"
"2046973285","1508383841","1.02083"
"1508383841","2137822999","0.4375"
"2137822999","1508383841","0.4375"
"1508383841","2188366843","0.0625"
"2188366843","1508383841","0.0625"
"1508383841","2561593126","0.855357"
"2561593126","1508383841","0.855357"
"1508383841","2997640744","0.205357"
"2997640744","1508383841","0.205357"
"1515594983","1526683831","0.3125"
"1526683831","1515594983","0.3125"
"1515594983","1566527164","0.3125"
"1566527164","1515594983","0.3125"
"1515594983","1567721828","0.145833"
"1567721828","1515594983","0.145833"
"1515594983","1578973608","0.28869"
"1578973608","1515594983","0.28869"
"1515594983","1591641789","0.28869"
"1591641789","1515594983","0.28869"
"1515594983","178540987","0.205357"
"178540987","1515594983","0.205357"
"1515594983","1831608496","0.28869"
"1831608496","1515594983","0.28869"
"1515594983","1978876071","0.145833"
"1978876071","1515594983","0.145833"
"1515594983","2046973285","0.0625"
"2046973285","1515594983","0.0625"
"1515594983","2137822999","0.8125"
"2137822999","1515594983","0.8125"
"1515594983","2188366843","1.47917"
"2188366843","1515594983","1.47917"
"1515594983","2561593126","0.28869"
"2561593126","1515594983","0.28869"
"1515594983","2997640744","3.12202"
"2997640744","1515594983","3.12202"
"1526683831","1566527164","0.3125"
"1566527164","1526683831","0.3125"
"1526683831","1567721828","0.145833"
"1567721828","1526683831","0.145833"
"1526683831","1578973608","0.145833"
"1578973608","1526683831","0.145833"
"1526683831","1591641789","0.145833"
"1591641789","1526683831","0.145833"
"1526683831","178540987","0.0625"
"178540987","1526683831","0.0625"
"1526683831","1831608496","2.64583"
"1831608496","1526683831","2.64583"
"1526683831","1978876071","0.270833"
"1978876071","1526683831","0.270833"
"1526683831","2046973285","0.6875"
"2046973285","1526683831","0.6875"
"1526683831","2137822999","0.1875"
"2137822999","1526683831","0.1875"
"1526683831","2188366843","0.229167"
"2188366843","1526683831","0.229167"
"1526683831","2561593126","1.14583"
"2561593126","1526683831","1.14583"
"1526683831","2997640744","0.229167"
"2997640744","1526683831","0.229167"
"1566527164","1567721828","0.345833"
"1567721828","1566527164","0.345833"
"1566527164","1578973608","0.770833"
"1578973608","1566527164","0.770833"
"1566527164","1591641789","0.604167"
"1591641789","1566527164","0.604167"
"1566527164","178540987","0.5625"
"178540987","1566527164","0.5625"
"1566527164","1831608496","0.145833"
"1831608496","1566527164","0.145833"
"1566527164","1978876071","1.67917"
"1978876071","1566527164","1.67917"
"1566527164","2046973285","0.895833"
"2046973285","1566527164","0.895833"
"1566527164","2137822999","0.0625"
"2137822999","1566527164","0.0625"
"1566527164","2188366843","0.229167"
"2188366843","1566527164","0.229167"
"1566527164","2561593126","1.47083"
"2561593126","1566527164","1.47083"
"1566527164","2997640744","0.229167"
"2997640744","1566527164","0.229167"
"1567721828","1578973608","0.145833"
"1578973608","1567721828","0.145833"
"1567721828","1591641789","0.679167"
"1591641789","1567721828","0.679167"
"1567721828","178540987","0.595833"
"178540987","1567721828","0.595833"
"1567721828","1831608496","0.479167"
"1831608496","1567721828","0.479167"
"1567721828","1978876071","0.595833"
"1978876071","1567721828","0.595833"
"1567721828","2046973285","0.395833"
"2046973285","1567721828","0.395833"
"1567721828","2137822999","0.645833"
"2137822999","1567721828","0.645833"
"1567721828","2188366843","0.0625"
"2188366843","1567721828","0.0625"
"1567721828","2561593126","0.545833"
"2561593126","1567721828","0.545833"
"1567721828","2997640744","0.0625"
"2997640744","1567721828","0.0625"
"1578973608","1591641789","1.74702"
"1591641789","1578973608","1.74702"
"1578973608","178540987","0.330357"
"178540987","1578973608","0.330357"
"1578973608","1831608496","0.28869"
"1831608496","1578973608","0.28869"
"1578973608","1978876071","0.479167"
"1978876071","1578973608","0.479167"
"1578973608","2046973285","1.39583"
"2046973285","1578973608","1.39583"
"1578973608","2137822999","0.0625"
"2137822999","1578973608","0.0625"
"1578973608","2188366843","0.0625"
"2188366843","1578973608","0.0625"
"1578973608","2561593126","1.03869"
"2561593126","1578973608","1.03869"
"1578973608","2997640744","0.205357"
"2997640744","1578973608","0.205357"
"1591641789","178540987","1.57202"
"178540987","1591641789","1.57202"
"1591641789","1831608496","0.622024"
"1831608496","1591641789","0.622024"
"1591641789","1978876071","0.479167"
"1978876071","1591641789","0.479167"
"1591641789","2046973285","0.395833"
"2046973285","1591641789","0.395833"
"1591641789","2137822999","0.0625"
"2137822999","1591641789","0.0625"
"1591641789","2188366843","0.0625"
"2188366843","1591641789","0.0625"
"1591641789","2561593126","1.94702"
"2561593126","1591641789","1.94702"
"1591641789","2997640744","0.205357"
"2997640744","1591641789","0.205357"
"178540987","1831608496","0.53869"
"1831608496","178540987","0.53869"
"178540987","1978876071","0.0625"
"1978876071","178540987","0.0625"
"178540987","2046973285","0.0625"
"2046973285","178540987","0.0625"
"178540987","2137822999","0.0625"
"2137822999","178540987","0.0625"
"178540987","2188366843","0.0625"
"2188366843","178540987","0.0625"
"178540987","2561593126","1.19702"
"2561593126","178540987","1.19702"
"178540987","2997640744","0.205357"
"2997640744","178540987","0.205357"
"1831608496","1978876071","0.145833"
"1978876071","1831608496","0.145833"
"1831608496","2046973285","0.0625"
"2046973285","1831608496","0.0625"
"1831608496","2137822999","0.0625"
"2137822999","1831608496","0.0625"
"1831608496","2188366843","0.0625"
"2188366843","1831608496","0.0625"
"1831608496","2561593126","0.28869"
"2561593126","1831608496","0.28869"
"1831608496","2997640744","0.205357"
"2997640744","1831608496","0.205357"
"1978876071","2046973285","1.35417"
"2046973285","1978876071","1.35417"
"1978876071","2137822999","2.4375"
"2137822999","1978876071","2.4375"
"1978876071","2188366843","0.0625"
"2188366843","1978876071","0.0625"
"1978876071","2561593126","0.345833"
"2561593126","1978876071","0.345833"
"1978876071","2997640744","0.0625"
"2997640744","1978876071","0.0625"
"2046973285","2137822999","3.02083"
"2137822999","2046973285","3.02083"
"2046973285","2188366843","0.0625"
"2188366843","2046973285","0.0625"
"2046973285","2561593126","0.0625"
"2561593126","2046973285","0.0625"
"2046973285","2997640744","0.0625"
"2997640744","2046973285","0.0625"
"2137822999","2561593126","0.0625"
"2561593126","2137822999","0.0625"
"2137822999","2997640744","0.8125"
"2997640744","2137822999","0.8125"
"2188366843","2561593126","0.0625"
"2561593126","2188366843","0.0625"
"2188366843","2997640744","2.47917"
"2997640744","2188366843","2.47917"
"2561593126","2997640744","0.205357"
"2997640744","2561593126","0.205357"
"1103060529","1594339231","0.5"
"1594339231","1103060529","0.5"
"1594339231","2137822999","1.625"
"2137822999","1594339231","1.625"
"1103060529","2171141701","0.452381"
"2171141701","1103060529","0.452381"
"2171141701","2577513693","0.142857"
"2577513693","2171141701","0.142857"
"117599720","2577513693","0.190909"
"2577513693","117599720","0.190909"
"2577513693","2756474467","0.490909"
"2756474467","2577513693","0.490909"
"1103060529","1577284331","0.783333"
"1577284331","1103060529","0.783333"
"1577284331","2137822999","2.70833"
"2137822999","1577284331","2.70833"
"1577284331","67421574","3.78333"
"67421574","1577284331","3.78333"
"1103060529","2624997892","0.642857"
"2624997892","1103060529","0.642857"
"2585528949","2624997892","0.8"
"2624997892","2585528949","0.8"
"1103060529","2471097540","0.25"
"2471097540","1103060529","0.25"
"2471097540","2577513693","2.95996"
"2577513693","2471097540","2.95996"
"2471097540","2585528949","10.8838"
"2585528949","2471097540","10.8838"
"2471097540","2609824096","0.25"
"2609824096","2471097540","0.25"
"1103060529","2729324109","0.2"
"2729324109","1103060529","0.2"
"1103060529","8451425","0.2"
"8451425","1103060529","0.2"
"2072615238","2729324109","0.2"
"2729324109","2072615238","0.2"
"2072615238","8451425","0.311111"
"8451425","2072615238","0.311111"
"2226725405","2729324109","0.2"
"2729324109","2226725405","0.2"
"2226725405","8451425","0.311111"
"8451425","2226725405","0.311111"
"2729324109","752888290","0.2"
"752888290","2729324109","0.2"
"2729324109","8451425","1.2"
"8451425","2729324109","1.2"
"752888290","8451425","0.311111"
"8451425","752888290","0.311111"
"1577284331","2226725405","0.25"
"2226725405","1577284331","0.25"
"1486232969","1577284331","0.2"
"1577284331","1486232969","0.2"
"1486232969","2072615238","0.2"
"2072615238","1486232969","0.2"
"1486232969","2587314106","0.2"
"2587314106","1486232969","0.2"
"1486232969","67421574","0.2"
"67421574","1486232969","0.2"
"1577284331","2072615238","0.4"
"2072615238","1577284331","0.4"
"1577284331","2587314106","0.4"
"2587314106","1577284331","0.4"
"1515594983","752888290","0.5"
"752888290","1515594983","0.5"
"2188366843","2756474467","0.166667"
"2756474467","2188366843","0.166667"
"1103060529","2624762248","0.142857"
"2624762248","1103060529","0.142857"
"117599720","2624762248","0.242857"
"2624762248","117599720","0.242857"
"117599720","2624997892","0.242857"
"2624997892","117599720","0.242857"
"2072615238","2624762248","0.242857"
"2624762248","2072615238","0.242857"
"2072615238","2624997892","1.02619"
"2624997892","2072615238","1.02619"
"2226725405","2624762248","0.659524"
"2624762248","2226725405","0.659524"
"2226725405","2624997892","1.27619"
"2624997892","2226725405","1.27619"
"2624762248","2624997892","0.892857"
"2624997892","2624762248","0.892857"
"2624762248","2756474467","1.20952"
"2756474467","2624762248","1.20952"
"2624762248","752888290","0.659524"
"752888290","2624762248","0.659524"
"2624997892","2756474467","0.542857"
"2756474467","2624997892","0.542857"
"2624997892","752888290","0.942857"
"752888290","2624997892","0.942857"
"117599720","67421574","0.111111"
"67421574","117599720","0.111111"
"117599720","8451425","0.111111"
"8451425","117599720","0.111111"
"2107138773","8451425","0.111111"
"8451425","2107138773","0.111111"
"2137822999","8451425","0.111111"
"8451425","2137822999","0.111111"
"2587314106","8451425","0.111111"
"8451425","2587314106","0.111111"
"67421574","8451425","0.111111"
"8451425","67421574","0.111111"
"8451425","88102734","0.111111"
"88102734","8451425","0.111111"
"117599720","21654102","0.5"
"21654102","117599720","0.5"
"21654102","88102734","0.5"
"88102734","21654102","0.5"
"117599720","2075721911","0.1"
"2075721911","117599720","0.1"
"117599720","2585528949","0.1"
"2585528949","117599720","0.1"
"2072615238","2075721911","0.1"
"2075721911","2072615238","0.1"
"2075721911","2188660960","0.524242"
"2188660960","2075721911","0.524242"
"2075721911","2226725405","0.1"
"2226725405","2075721911","0.1"
"2075721911","2577513693","0.774242"
"2577513693","2075721911","0.774242"
"2075721911","2585528949","4.35758"
"2585528949","2075721911","4.35758"
"2075721911","2587314106","0.1"
"2587314106","2075721911","0.1"
"2075721911","2624762248","0.1"
"2624762248","2075721911","0.1"
"2075721911","2624997892","0.1"
"2624997892","2075721911","0.1"
"2075721911","752888290","0.1"
"752888290","2075721911","0.1"
"2188660960","2624762248","0.266667"
"2624762248","2188660960","0.266667"
"2188660960","2624997892","0.1"
"2624997892","2188660960","0.1"
"2577513693","2624762248","0.5"
"2624762248","2577513693","0.5"
"2577513693","2624997892","0.5"
"2624997892","2577513693","0.5"
"2585528949","2624762248","0.8"
"2624762248","2585528949","0.8"
"2587314106","2624762248","3.75"
"2624762248","2587314106","3.75"
"2587314106","2624997892","2.53333"
"2624997892","2587314106","2.53333"
"1484776859","1489628671","1.29167"
"1489628671","1484776859","1.29167"
"1484776859","178540987","0.791667"
"178540987","1484776859","0.791667"
"1484776859","1974088341","0.625"
"1974088341","1484776859","0.625"
"1484776859","2017243522","3.54167"
"2017243522","1484776859","3.54167"
"1484776859","2561593126","0.458333"
"2561593126","1484776859","0.458333"
"1484776859","334102867","1.125"
"334102867","1484776859","1.125"
"1489628671","178540987","1.99167"
"178540987","1489628671","1.99167"
"1489628671","1974088341","0.416667"
"1974088341","1489628671","0.416667"
"1489628671","2017243522","1.03333"
"2017243522","1489628671","1.03333"
"1489628671","2561593126","0.583333"
"2561593126","1489628671","0.583333"
"1489628671","334102867","1.45"
"334102867","1489628671","1.45"
"178540987","1974088341","0.291667"
"1974088341","178540987","0.291667"
"178540987","2017243522","1.15833"
"2017243522","178540987","1.15833"
"178540987","334102867","2.325"
"334102867","178540987","2.325"
"1974088341","2017243522","2.25"
"2017243522","1974088341","2.25"
"1974088341","2561593126","0.416667"
"2561593126","1974088341","0.416667"
"1974088341","334102867","0.916667"
"334102867","1974088341","0.916667"
"2017243522","2561593126","0.583333"
"2561593126","2017243522","0.583333"
"2017243522","334102867","1.86667"
"334102867","2017243522","1.86667"
"2561593126","334102867","0.416667"
"334102867","2561593126","0.416667"
"1484776859","1593054802","0.75"
"1593054802","1484776859","0.75"
"1593054802","2017243522","0.7"
"2017243522","1593054802","0.7"
"1484776859","41179424","1.5"
"41179424","1484776859","1.5"
"2017243522","41179424","3.25"
"41179424","2017243522","3.25"
"1489628671","1593054802","0.45"
"1593054802","1489628671","0.45"
"1489628671","41179424","0.5"
"41179424","1489628671","0.5"
"1593054802","334102867","0.45"
"334102867","1593054802","0.45"
"1593054802","41179424","0.25"
"41179424","1593054802","0.25"
"334102867","41179424","0.5"
"41179424","334102867","0.5"
"1484776859","1508383841","0.166667"
"1508383841","1484776859","0.166667"
"1484776859","1566527164","0.166667"
"1566527164","1484776859","0.166667"
"1489628671","1508383841","0.666667"
"1508383841","1489628671","0.666667"
"1489628671","1566527164","0.291667"
"1566527164","1489628671","0.291667"
"1508383841","2017243522","0.166667"
"2017243522","1508383841","0.166667"
"1566527164","2017243522","0.291667"
"2017243522","1566527164","0.291667"
"1484776859","1578973608","0.125"
"1578973608","1484776859","0.125"
"1484776859","2089618153","0.458333"
"2089618153","1484776859","0.458333"
"1489628671","1578973608","0.25"
"1578973608","1489628671","0.25"
"1489628671","2089618153","2.95"
"2089618153","1489628671","2.95"
"1578973608","1974088341","0.25"
"1974088341","1578973608","0.25"
"1578973608","2017243522","0.25"
"2017243522","1578973608","0.25"
"1578973608","2089618153","0.25"
"2089618153","1578973608","0.25"
"1578973608","334102867","0.25"
"334102867","1578973608","0.25"
"178540987","2089618153","2.15833"
"2089618153","178540987","2.15833"
"1974088341","2089618153","0.583333"
"2089618153","1974088341","0.583333"
"2017243522","2089618153","0.783333"
"2089618153","2017243522","0.783333"
"2089618153","2561593126","0.25"
"2561593126","2089618153","0.25"
"2089618153","334102867","0.45"
"334102867","2089618153","0.45"
"1593054802","178540987","0.4"
"178540987","1593054802","0.4"
"1593054802","2089618153","0.2"
"2089618153","1593054802","0.2"
"1489628671","1591641789","0.125"
"1591641789","1489628671","0.125"
"1566527164","1974088341","0.125"
"1974088341","1566527164","0.125"
"1566527164","2089618153","0.125"
"2089618153","1566527164","0.125"
"1566527164","334102867","0.125"
"334102867","1566527164","0.125"
"1591641789","1974088341","0.125"
"1974088341","1591641789","0.125"
"1591641789","2017243522","0.125"
"2017243522","1591641789","0.125"
"1591641789","2089618153","0.125"
"2089618153","1591641789","0.125"
"1591641789","334102867","0.125"
"334102867","1591641789","0.125"
"1495011550","1537696678","4.5"
"1537696678","1495011550","4.5"
"1495011550","1533168581","0.5"
"1533168581","1495011550","0.5"
"1533168581","1537696678","3"
"1537696678","1533168581","3"
"1508383841","2107138773","1.625"
"2107138773","1508383841","1.625"
"1508383841","2171141701","0.625"
"2171141701","1508383841","0.625"
"1508383841","1593054802","0.283333"
"1593054802","1508383841","0.283333"
"1508383841","1594339231","1.40833"
"1594339231","1508383841","1.40833"
"1508383841","2005262207","0.0833333"
"2005262207","1508383841","0.0833333"
"1515594983","1593054802","0.0833333"
"1593054802","1515594983","0.0833333"
"1515594983","1594339231","0.25"
"1594339231","1515594983","0.25"
"1515594983","2005262207","0.0833333"
"2005262207","1515594983","0.0833333"
"1526683831","1593054802","0.0833333"
"1593054802","1526683831","0.0833333"
"1526683831","1594339231","1.375"
"1594339231","1526683831","1.375"
"1526683831","2005262207","0.583333"
"2005262207","1526683831","0.583333"
"1566527164","1593054802","0.0833333"
"1593054802","1566527164","0.0833333"
"1566527164","1594339231","0.45"
"1594339231","1566527164","0.45"
"1566527164","2005262207","0.0833333"
"2005262207","1566527164","0.0833333"
"1567721828","1593054802","2.28333"
"1593054802","1567721828","2.28333"
"1567721828","1594339231","0.283333"
"1594339231","1567721828","0.283333"
"1567721828","2005262207","0.0833333"
"2005262207","1567721828","0.0833333"
"1578973608","1593054802","0.0833333"
"1593054802","1578973608","0.0833333"
"1578973608","1594339231","0.0833333"
"1594339231","1578973608","0.0833333"
"1578973608","2005262207","0.0833333"
"2005262207","1578973608","0.0833333"
"1591641789","1593054802","0.283333"
"1593054802","1591641789","0.283333"
"1591641789","1594339231","0.583333"
"1594339231","1591641789","0.583333"
"1591641789","2005262207","0.0833333"
"2005262207","1591641789","0.0833333"
"1593054802","1594339231","0.0833333"
"1594339231","1593054802","0.0833333"
"1593054802","1831608496","0.0833333"
"1831608496","1593054802","0.0833333"
"1593054802","1978876071","0.0833333"
"1978876071","1593054802","0.0833333"
"1593054802","2005262207","0.0833333"
"2005262207","1593054802","0.0833333"
"1593054802","2561593126","0.283333"
"2561593126","1593054802","0.283333"
"1594339231","1831608496","1.08333"
"1831608496","1594339231","1.08333"
"1594339231","1978876071","0.408333"
"1978876071","1594339231","0.408333"
"1594339231","2005262207","0.0833333"
"2005262207","1594339231","0.0833333"
"1594339231","2561593126","0.283333"
"2561593126","1594339231","0.283333"
"1831608496","2005262207","0.0833333"
"2005262207","1831608496","0.0833333"
"1978876071","2005262207","0.0833333"
"2005262207","1978876071","0.0833333"
"2005262207","2561593126","0.0833333"
"2561593126","2005262207","0.0833333"
"1508383841","1577284331","0.125"
"1577284331","1508383841","0.125"
"1526683831","1577284331","0.125"
"1577284331","1526683831","0.125"
"1526683831","2107138773","0.125"
"2107138773","1526683831","0.125"
"1526683831","2171141701","0.125"
"2171141701","1526683831","0.125"
"1577284331","1594339231","0.125"
"1594339231","1577284331","0.125"
"1577284331","1978876071","0.125"
"1978876071","1577284331","0.125"
"1577284331","2046973285","0.125"
"2046973285","1577284331","0.125"
"1577284331","2107138773","0.125"
"2107138773","1577284331","0.125"
"1577284331","2171141701","0.125"
"2171141701","1577284331","0.125"
"1594339231","2046973285","0.125"
"2046973285","1594339231","0.125"
"1594339231","2107138773","0.125"
"2107138773","1594339231","0.125"
"1594339231","2171141701","0.125"
"2171141701","1594339231","0.125"
"1978876071","2107138773","0.125"
"2107138773","1978876071","0.125"
"1978876071","2171141701","0.125"
"2171141701","1978876071","0.125"
"2046973285","2107138773","0.125"
"2107138773","2046973285","0.125"
"2046973285","2171141701","0.125"
"2171141701","2046973285","0.125"
"1508383841","334102867","1"
"334102867","1508383841","1"
"1515594983","2729324109","0.166667"
"2729324109","1515594983","0.166667"
"1526683831","2729324109","0.166667"
"2729324109","1526683831","0.166667"
"1566527164","2729324109","0.166667"
"2729324109","1566527164","0.166667"
"1594339231","2188366843","0.166667"
"2188366843","1594339231","0.166667"
"1594339231","2729324109","0.166667"
"2729324109","1594339231","0.166667"
"1594339231","2997640744","0.166667"
"2997640744","1594339231","0.166667"
"2188366843","2729324109","0.166667"
"2729324109","2188366843","0.166667"
"2729324109","2997640744","0.166667"
"2997640744","2729324109","0.166667"
"2005262207","2046973285","0.833333"
"2046973285","2005262207","0.833333"
"1526683831","21654102","0.5"
"21654102","1526683831","0.5"
"1526683831","67421574","0.5"
"67421574","1526683831","0.5"
"21654102","67421574","0.5"
"67421574","21654102","0.5"
"1526683831","2163699853","2"
"2163699853","1526683831","2"
"1831608496","2163699853","0.5"
"2163699853","1831608496","0.5"
"1526683831","2115677675","0.5"
"2115677675","1526683831","0.5"
"2115677675","2163699853","0.5"
"2163699853","2115677675","0.5"
"1533168581","1596610434","1.5"
"1596610434","1533168581","1.5"
"1537696678","1596610434","1.5"
"1596610434","1537696678","1.5"
"1558500585","2163699853","1"
"2163699853","1558500585","1"
"1558500585","2105162149","1"
"2105162149","1558500585","1"
"1566527164","67421574","0.5"
"67421574","1566527164","0.5"
"2046973285","67421574","0.5"
"67421574","2046973285","0.5"
"1566527164","2587314106","1"
"2587314106","1566527164","1"
"1577284331","2000454347","0.4"
"2000454347","1577284331","0.4"
"1577284331","2115677675","0.4"
"2115677675","1577284331","0.4"
"1577284331","2471097540","0.2"
"2471097540","1577284331","0.2"
"1577284331","2585528949","0.4"
"2585528949","1577284331","0.4"
"2000454347","2072615238","0.2"
"2072615238","2000454347","0.2"
"2000454347","2471097540","4.44329"
"2471097540","2000454347","4.44329"
"2000454347","2585528949","11.2504"
"2585528949","2000454347","11.2504"
"2072615238","2115677675","0.325"
"2115677675","2072615238","0.325"
"2072615238","2471097540","0.2"
"2471097540","2072615238","0.2"
"2115677675","2471097540","4.7171"
"2471097540","2115677675","4.7171"
"2115677675","2585528949","9.95877"
"2585528949","2115677675","9.95877"
"1577284331","2522850149","0.2"
"2522850149","1577284331","0.2"
"2000454347","2522850149","1.40996"
"2522850149","2000454347","1.40996"
"2000454347","2587314106","0.2"
"2587314106","2000454347","0.2"
"2115677675","2522850149","1.68377"
"2522850149","2115677675","1.68377"
"2115677675","2587314106","0.325"
"2587314106","2115677675","0.325"
"2522850149","2585528949","3.93377"
"2585528949","2522850149","3.93377"
"2522850149","2587314106","0.2"
"2587314106","2522850149","0.2"
"1594339231","178540987","0.5"
"178540987","1594339231","0.5"
"178540987","2000454347","0.333333"
"2000454347","178540987","0.333333"
"178540987","2005262207","0.333333"
"2005262207","178540987","0.333333"
"2000454347","2005262207","0.333333"
"2005262207","2000454347","0.333333"
"2000454347","2089618153","0.333333"
"2089618153","2000454347","0.333333"
"2005262207","2089618153","0.333333"
"2089618153","2005262207","0.333333"
"1830453967","2000454347","2.57662"
"2000454347","1830453967","2.57662"
"1830453967","2115677675","1.10043"
"2115677675","1830453967","1.10043"
"1830453967","2471097540","0.99329"
"2471097540","1830453967","0.99329"
"1830453967","2585528949","1.10043"
"2585528949","1830453967","1.10043"
"2000454347","21654102","2.18377"
"21654102","2000454347","2.18377"
"2115677675","21654102","2.54091"
"21654102","2115677675","2.54091"
"21654102","2471097540","1.5171"
"2471097540","21654102","1.5171"
"21654102","2585528949","2.20758"
"2585528949","21654102","2.20758"
"1830453967","2188660960","0.79329"
"2188660960","1830453967","0.79329"
"1830453967","2522850149","0.626623"
"2522850149","1830453967","0.626623"
"1830453967","2577513693","1.29329"
"2577513693","1830453967","1.29329"
"1830453967","8451425","0.483766"
"8451425","1830453967","0.483766"
"2000454347","8451425","0.983766"
"8451425","2000454347","0.983766"
"21654102","2188660960","0.483766"
"2188660960","21654102","0.483766"
"21654102","2522850149","0.483766"
"2522850149","21654102","0.483766"
"21654102","2577513693","0.483766"
"2577513693","21654102","0.483766"
"21654102","8451425","0.233766"
"8451425","21654102","0.233766"
"2188660960","2471097540","1.79329"
"2471097540","2188660960","1.79329"
"2188660960","2522850149","1.12662"
"2522850149","2188660960","1.12662"
"2188660960","8451425","0.233766"
"8451425","2188660960","0.233766"
"2471097540","2522850149","3.04329"
"2522850149","2471097540","3.04329"
"2471097540","8451425","1.23377"
"8451425","2471097540","1.23377"
"2522850149","2577513693","2.04329"
"2577513693","2522850149","2.04329"
"2522850149","8451425","0.233766"
"8451425","2522850149","0.233766"
"2577513693","8451425","0.233766"
"8451425","2577513693","0.233766"
"2115677675","8451425","0.340909"
"8451425","2115677675","0.340909"
"2585528949","8451425","1.17424"
"8451425","2585528949","1.17424"
"1830453967","2075721911","0.257576"
"2075721911","1830453967","0.257576"
"2075721911","2115677675","0.674242"
"2115677675","2075721911","0.674242"
"2075721911","2471097540","1.09091"
"2471097540","2075721911","1.09091"
"1830453967","2592863638","0.0909091"
