"113242008","1536669969","2.75952"
"1536669969","113242008","2.75952"
"113242008","1836353685","2.49286"
"1836353685","113242008","2.49286"
"113242008","1990063425","6.67619"
"1990063425","113242008","6.67619"
"113242008","2011494630","3.84286"
"2011494630","113242008","3.84286"
"1536669969","1836353685","2.32619"
"1836353685","1536669969","2.32619"
"1536669969","1990063425","2.75952"
"1990063425","1536669969","2.75952"
"1536669969","2011494630","2.09286"
"2011494630","1536669969","2.09286"
"1836353685","1990063425","2.61786"
"1990063425","1836353685","2.61786"
"1836353685","2011494630","2.21786"
"2011494630","1836353685","2.21786"
"1990063425","2011494630","3.80119"
"2011494630","1990063425","3.80119"
"113242008","2749408386","2.82619"
"2749408386","113242008","2.82619"
"1536669969","2749408386","2.25043"
"2749408386","1536669969","2.25043"
"1836353685","2749408386","3.03452"
"2749408386","1836353685","3.03452"
"1990063425","2749408386","4.95119"
"2749408386","1990063425","4.95119"
"2011494630","2749408386","2.05119"
"2749408386","2011494630","2.05119"
"113242008","1996302537","0.125"
"1996302537","113242008","0.125"
"113242008","2008981950","0.225"
"2008981950","113242008","0.225"
"113242008","2011092306","0.125"
"2011092306","113242008","0.125"
"113242008","2020362899","0.225"
"2020362899","113242008","0.225"
"113242008","2113586398","0.225"
"2113586398","113242008","0.225"
"113242008","2114524527","0.125"
"2114524527","113242008","0.125"
"113242008","2129630294","0.225"
"2129630294","113242008","0.225"
"113242008","2147666316","0.125"
"2147666316","113242008","0.125"
"1996302537","2008981950","1.154"
"2008981950","1996302537","1.154"
"1996302537","2011092306","2.83019"
"2011092306","1996302537","2.83019"
"1996302537","2020362899","1.63019"
"2020362899","1996302537","1.63019"
"1996302537","2113586398","0.321429"
"2113586398","1996302537","0.321429"
"1996302537","2114524527","0.446429"
"2114524527","1996302537","0.446429"
"1996302537","2129630294","1.08258"
"2129630294","1996302537","1.08258"
"1996302537","2147666316","7.13734"
"2147666316","1996302537","7.13734"
"2008981950","2011092306","1.654"
"2011092306","2008981950","1.654"
"2008981950","2020362899","1.004"
"2020362899","2008981950","1.004"
"2008981950","2113586398","0.629762"
"2113586398","2008981950","0.629762"
"2008981950","2114524527","0.779762"
"2114524527","2008981950","0.779762"
"2008981950","2129630294","7.01591"
"2129630294","2008981950","7.01591"
"2008981950","2147666316","0.987338"
"2147666316","2008981950","0.987338"
"2011092306","2020362899","10.7135"
"2020362899","2011092306","10.7135"
"2011092306","2113586398","0.529762"
"2113586398","2011092306","0.529762"
"2011092306","2114524527","0.696429"
"2114524527","2011092306","0.696429"
"2011092306","2129630294","1.08258"
"2129630294","2011092306","1.08258"
"2011092306","2147666316","1.68734"
"2147666316","2011092306","1.68734"
"2020362899","2113586398","0.963095"
"2113586398","2020362899","0.963095"
"2020362899","2114524527","5.69643"
"2114524527","2020362899","5.69643"
"2020362899","2129630294","1.18258"
"2129630294","2020362899","1.18258"
"2020362899","2147666316","0.987338"
"2147666316","2020362899","0.987338"
"2113586398","2114524527","1.02976"
"2114524527","2113586398","1.02976"
"2113586398","2129630294","0.558333"
"2129630294","2113586398","0.558333"
"2113586398","2147666316","0.196429"
"2147666316","2113586398","0.196429"
"2114524527","2129630294","0.708333"
"2129630294","2114524527","0.708333"
"2114524527","2147666316","0.446429"
"2147666316","2114524527","0.446429"
"2129630294","2147666316","0.915909"
"2147666316","2129630294","0.915909"
"113242008","2516641088","0.809524"
"2516641088","113242008","0.809524"
"113242008","2568618480","2.89286"
"2568618480","113242008","2.89286"
"1536669969","2516641088","0.559524"
"2516641088","1536669969","0.559524"
"1536669969","2568618480","2.39286"
"2568618480","1536669969","2.39286"
"1836353685","2516641088","1.64286"
"2516641088","1836353685","1.64286"
"1836353685","2568618480","2.16786"
"2568618480","1836353685","2.16786"
"1990063425","2516641088","1.14286"
"2516641088","1990063425","1.14286"
"1990063425","2568618480","3.85119"
"2568618480","1990063425","3.85119"
"2011494630","2516641088","0.809524"
"2516641088","2011494630","0.809524"
"2011494630","2568618480","12.6845"
"2568618480","2011494630","12.6845"
"2516641088","2568618480","1.05952"
"2568618480","2516641088","1.05952"
"2516641088","2749408386","0.72619"
"2749408386","2516641088","0.72619"
"2568618480","2749408386","4.50119"
"2749408386","2568618480","4.50119"
"113242008","2023390650","0.1"
"2023390650","113242008","0.1"
"113242008","2045691329","0.1"
"2045691329","113242008","0.1"
"113242008","2171052652","0.1"
"2171052652","113242008","0.1"
"1536669969","2008981950","0.690909"
"2008981950","1536669969","0.690909"
"1536669969","2020362899","0.524242"
"2020362899","1536669969","0.524242"
"1536669969","2023390650","0.1"
"2023390650","1536669969","0.1"
"1536669969","2045691329","0.433333"
"2045691329","1536669969","0.433333"
"1536669969","2113586398","0.433333"
"2113586398","1536669969","0.433333"
"1536669969","2129630294","1.19091"
"2129630294","1536669969","1.19091"
"1536669969","2171052652","0.690909"
"2171052652","1536669969","0.690909"
"1990063425","2008981950","0.1"
"2008981950","1990063425","0.1"
"1990063425","2020362899","0.1"
"2020362899","1990063425","0.1"
"1990063425","2023390650","0.1"
"2023390650","1990063425","0.1"
"1990063425","2045691329","0.225"
"2045691329","1990063425","0.225"
"1990063425","2113586398","0.225"
"2113586398","1990063425","0.225"
"1990063425","2129630294","0.1"
"2129630294","1990063425","0.1"
"1990063425","2171052652","0.225"
"2171052652","1990063425","0.225"
"2008981950","2023390650","0.921429"
"2023390650","2008981950","0.921429"
"2008981950","2045691329","0.671429"
"2045691329","2008981950","0.671429"
"2008981950","2171052652","1.929"
"2171052652","2008981950","1.929"
"2008981950","2568618480","0.1"
"2568618480","2008981950","0.1"
"2020362899","2023390650","1.64762"
"2023390650","2020362899","1.64762"
"2020362899","2045691329","1.8381"
"2045691329","2020362899","1.8381"
"2020362899","2171052652","0.571861"
"2171052652","2020362899","0.571861"
"2020362899","2568618480","0.1"
"2568618480","2020362899","0.1"
"2023390650","2045691329","0.421429"
"2045691329","2023390650","0.421429"
"2023390650","2113586398","0.171429"
"2113586398","2023390650","0.171429"
"2023390650","2129630294","0.35"
"2129630294","2023390650","0.35"
"2023390650","2171052652","0.314286"
"2171052652","2023390650","0.314286"
"2023390650","2568618480","0.1"
"2568618480","2023390650","0.1"
"2045691329","2113586398","15.4631"
"2113586398","2045691329","15.4631"
"2045691329","2129630294","0.6"
"2129630294","2045691329","0.6"
"2045691329","2171052652","1.29643"
"2171052652","2045691329","1.29643"
"2045691329","2568618480","0.225"
"2568618480","2045691329","0.225"
"2113586398","2171052652","0.296429"
"2171052652","2113586398","0.296429"
"2113586398","2568618480","0.225"
"2568618480","2113586398","0.225"
"2129630294","2171052652","0.357576"
"2171052652","2129630294","0.357576"
"2129630294","2568618480","0.1"
"2568618480","2129630294","0.1"
"2171052652","2568618480","1.225"
"2568618480","2171052652","1.225"
"1536669969","2740871389","0.25"
"2740871389","1536669969","0.25"
"2516641088","2740871389","0.25"
"2740871389","2516641088","0.25"
"2568618480","2740871389","0.25"
"2740871389","2568618480","0.25"
"2740871389","2749408386","1.25"
"2749408386","2740871389","1.25"
"1536669969","1987224537","0.0909091"
"1987224537","1536669969","0.0909091"
"1536669969","1990829318","0.0909091"
"1990829318","1536669969","0.0909091"
"1536669969","1996302537","0.0909091"
"1996302537","1536669969","0.0909091"
"1536669969","2011092306","0.0909091"
"2011092306","1536669969","0.0909091"
"1536669969","2106738728","0.0909091"
"2106738728","1536669969","0.0909091"
"1536669969","2147666316","0.0909091"
"2147666316","1536669969","0.0909091"
"1987224537","1990829318","10.5385"
"1990829318","1987224537","10.5385"
"1987224537","1996302537","1.20519"
"1996302537","1987224537","1.20519"
"1987224537","2008981950","0.162338"
"2008981950","1987224537","0.162338"
"1987224537","2011092306","0.505195"
"2011092306","1987224537","0.505195"
"1987224537","2020362899","0.305195"
"2020362899","1987224537","0.305195"
"1987224537","2106738728","1.29091"
"2106738728","1987224537","1.29091"
"1987224537","2129630294","0.0909091"
"2129630294","1987224537","0.0909091"
"1987224537","2147666316","0.562338"
"2147666316","1987224537","0.562338"
"1987224537","2171052652","0.305195"
"2171052652","1987224537","0.305195"
"1987224537","2749408386","0.0909091"
"2749408386","1987224537","0.0909091"
"1990829318","1996302537","0.705195"
"1996302537","1990829318","0.705195"
"1990829318","2008981950","0.162338"
"2008981950","1990829318","0.162338"
"1990829318","2011092306","0.505195"
"2011092306","1990829318","0.505195"
"1990829318","2020362899","0.305195"
"2020362899","1990829318","0.305195"
"1990829318","2106738728","3.79091"
"2106738728","1990829318","3.79091"
"1990829318","2129630294","0.0909091"
"2129630294","1990829318","0.0909091"
"1990829318","2147666316","0.562338"
"2147666316","1990829318","0.562338"
"1990829318","2171052652","0.305195"
"2171052652","1990829318","0.305195"
"1990829318","2749408386","0.0909091"
"2749408386","1990829318","0.0909091"
"1996302537","2106738728","0.790909"
"2106738728","1996302537","0.790909"
"1996302537","2171052652","0.596861"
"2171052652","1996302537","0.596861"
"1996302537","2749408386","0.465909"
"2749408386","1996302537","0.465909"
"2008981950","2106738728","1.09091"
"2106738728","2008981950","1.09091"
"2008981950","2749408386","0.340909"
"2749408386","2008981950","0.340909"
"2011092306","2106738728","0.590909"
"2106738728","2011092306","0.590909"
"2011092306","2171052652","0.471861"
"2171052652","2011092306","0.471861"
"2011092306","2749408386","0.340909"
"2749408386","2011092306","0.340909"
"2020362899","2106738728","0.0909091"
"2106738728","2020362899","0.0909091"
"2020362899","2749408386","0.0909091"
"2749408386","2020362899","0.0909091"
"2106738728","2129630294","0.0909091"
"2129630294","2106738728","0.0909091"
"2106738728","2147666316","0.290909"
"2147666316","2106738728","0.290909"
"2106738728","2171052652","0.590909"
"2171052652","2106738728","0.590909"
"2106738728","2749408386","0.0909091"
"2749408386","2106738728","0.0909091"
"2129630294","2749408386","0.0909091"
"2749408386","2129630294","0.0909091"
"2147666316","2171052652","0.162338"
"2171052652","2147666316","0.162338"
"2147666316","2749408386","0.340909"
"2749408386","2147666316","0.340909"
"2171052652","2749408386","1.21591"
"2749408386","2171052652","1.21591"
"1836353685","1996302537","1.125"
"1996302537","1836353685","1.125"
"1836353685","2045691329","0.125"
"2045691329","1836353685","0.125"
"1836353685","2113586398","0.125"
"2113586398","1836353685","0.125"
"1836353685","2171052652","0.125"
"2171052652","1836353685","0.125"
"1990063425","1996302537","0.125"
"1996302537","1990063425","0.125"
"1996302537","2011494630","0.125"
"2011494630","1996302537","0.125"
"1996302537","2045691329","0.446429"
"2045691329","1996302537","0.446429"
"1996302537","2568618480","0.125"
"2568618480","1996302537","0.125"
"2011494630","2045691329","0.125"
"2045691329","2011494630","0.125"
"2011494630","2113586398","0.125"
"2113586398","2011494630","0.125"
"2011494630","2171052652","0.125"
"2171052652","2011494630","0.125"
"2045691329","2749408386","0.125"
"2749408386","2045691329","0.125"
"2113586398","2749408386","0.125"
"2749408386","2113586398","0.125"
"1836353685","2008981950","0.5"
"2008981950","1836353685","0.5"
"1836353685","2023390650","0.5"
"2023390650","1836353685","0.5"
"1982610444","2921879717","3"
"2921879717","1982610444","3"
"1987224537","2063809815","7.10476"
"2063809815","1987224537","7.10476"
"1990829318","2063809815","4.10476"
"2063809815","1990829318","4.10476"
"1987224537","2018649728","1.57143"
"2018649728","1987224537","1.57143"
"1987224537","2023390650","0.214286"
"2023390650","1987224537","0.214286"
"1987224537","2045691329","0.0714286"
"2045691329","1987224537","0.0714286"
"1987224537","2113586398","0.0714286"
"2113586398","1987224537","0.0714286"
"1987224537","2114524527","0.0714286"
"2114524527","1987224537","0.0714286"
"1987224537","2133699849","0.214286"
"2133699849","1987224537","0.214286"
"1990829318","2018649728","2.57143"
"2018649728","1990829318","2.57143"
"1990829318","2023390650","0.214286"
"2023390650","1990829318","0.214286"
"1990829318","2045691329","0.0714286"
"2045691329","1990829318","0.0714286"
"1990829318","2113586398","0.0714286"
"2113586398","1990829318","0.0714286"
"1990829318","2114524527","0.0714286"
"2114524527","1990829318","0.0714286"
"1990829318","2133699849","0.214286"
"2133699849","1990829318","0.214286"
"1996302537","2018649728","0.571429"
"2018649728","1996302537","0.571429"
"1996302537","2023390650","1.04762"
"2023390650","1996302537","1.04762"
"1996302537","2063809815","0.271429"
"2063809815","1996302537","0.271429"
"1996302537","2133699849","0.214286"
"2133699849","1996302537","0.214286"
"2008981950","2018649728","0.0714286"
"2018649728","2008981950","0.0714286"
"2008981950","2063809815","0.0714286"
"2063809815","2008981950","0.0714286"
"2008981950","2133699849","0.0714286"
"2133699849","2008981950","0.0714286"
"2011092306","2018649728","0.571429"
"2018649728","2011092306","0.571429"
"2011092306","2023390650","1.79762"
"2023390650","2011092306","1.79762"
"2011092306","2045691329","0.654762"
"2045691329","2011092306","0.654762"
"2011092306","2063809815","0.0714286"
"2063809815","2011092306","0.0714286"
"2011092306","2133699849","0.214286"
"2133699849","2011092306","0.214286"
"2018649728","2020362899","0.0714286"
"2020362899","2018649728","0.0714286"
"2018649728","2023390650","0.0714286"
"2023390650","2018649728","0.0714286"
"2018649728","2045691329","0.0714286"
"2045691329","2018649728","0.0714286"
"2018649728","2063809815","0.0714286"
"2063809815","2018649728","0.0714286"
"2018649728","2113586398","0.0714286"
"2113586398","2018649728","0.0714286"
"2018649728","2114524527","0.0714286"
"2114524527","2018649728","0.0714286"
"2018649728","2133699849","0.0714286"
"2133699849","2018649728","0.0714286"
"2018649728","2147666316","0.0714286"
"2147666316","2018649728","0.0714286"
"2018649728","2171052652","0.0714286"
"2171052652","2018649728","0.0714286"
"2020362899","2063809815","0.0714286"
"2063809815","2020362899","0.0714286"
"2020362899","2133699849","0.214286"
"2133699849","2020362899","0.214286"
"2023390650","2063809815","0.0714286"
"2063809815","2023390650","0.0714286"
"2023390650","2114524527","0.0714286"
"2114524527","2023390650","0.0714286"
"2023390650","2133699849","0.214286"
"2133699849","2023390650","0.214286"
"2023390650","2147666316","0.571429"
"2147666316","2023390650","0.571429"
"2045691329","2063809815","0.0714286"
"2063809815","2045691329","0.0714286"
"2045691329","2114524527","0.571429"
"2114524527","2045691329","0.571429"
"2045691329","2133699849","0.0714286"
"2133699849","2045691329","0.0714286"
"2045691329","2147666316","0.321429"
"2147666316","2045691329","0.321429"
"2063809815","2113586398","0.0714286"
"2113586398","2063809815","0.0714286"
"2063809815","2114524527","0.0714286"
"2114524527","2063809815","0.0714286"
"2063809815","2133699849","0.0714286"
"2133699849","2063809815","0.0714286"
"2063809815","2147666316","0.271429"
"2147666316","2063809815","0.271429"
"2063809815","2171052652","0.0714286"
"2171052652","2063809815","0.0714286"
"2113586398","2133699849","0.0714286"
"2133699849","2113586398","0.0714286"
"2114524527","2133699849","0.0714286"
"2133699849","2114524527","0.0714286"
"2114524527","2171052652","0.0714286"
"2171052652","2114524527","0.0714286"
"2133699849","2147666316","0.0714286"
"2147666316","2133699849","0.0714286"
"2133699849","2171052652","0.214286"
"2171052652","2133699849","0.214286"
"1987224537","2536678017","0.533333"
"2536678017","1987224537","0.533333"
"1990829318","2536678017","0.533333"
"2536678017","1990829318","0.533333"
"2063809815","2536678017","0.333333"
"2536678017","2063809815","0.333333"
"1987224537","2516641088","1"
"2516641088","1987224537","1"
"2063809815","2106738728","0.2"
"2106738728","2063809815","0.2"
"1996302537","2536678017","0.2"
"2536678017","1996302537","0.2"
"2011092306","2536678017","0.2"
"2536678017","2011092306","0.2"
"2147666316","2536678017","0.2"
"2536678017","2147666316","0.2"
"1996302537","2516641088","0.166667"
"2516641088","1996302537","0.166667"
"2008981950","2516641088","0.666667"
"2516641088","2008981950","0.666667"
"2011092306","2516641088","0.166667"
"2516641088","2011092306","0.166667"
"2020362899","2516641088","0.166667"
"2516641088","2020362899","0.166667"
"2129630294","2516641088","0.166667"
"2516641088","2129630294","0.166667"
"2171052652","2516641088","0.666667"
"2516641088","2171052652","0.666667"
"2011092306","2083329817","1.5"
"2083329817","2011092306","1.5"
"2020362899","2083329817","0.5"
"2083329817","2020362899","0.5"
"2023390650","2536678017","1"
"2536678017","2023390650","1"
"2034873377","2241509133","2"
"2241509133","2034873377","2"
"2045691329","2083329817","1"
"2083329817","2045691329","1"
"2083329817","2171052652","1"
"2171052652","2083329817","1"
"2106738728","2740871389","1"
"2740871389","2106738728","1"
"2114524527","2749408386","1"
"2749408386","2114524527","1"
"2133699849","2536678017","3"
"2536678017","2133699849","3"
"2133699849","2241509133","4"
"2241509133","2133699849","4"
"2133699849","2516537890","1"
"2516537890","2133699849","1"
"2171052652","2536678017","1"
"2536678017","2171052652","1"
"2243172450","2247013936","0.45"
"2247013936","2243172450","0.45"
"2243172450","2513714998","0.783333"
"2513714998","2243172450","0.783333"
"2243172450","2516537890","1.28333"
"2516537890","2243172450","1.28333"
"2243172450","2765852206","23.7833"
"2765852206","2243172450","23.7833"
"2247013936","2513714998","0.95"
"2513714998","2247013936","0.95"
"2247013936","2516537890","1.45"
"2516537890","2247013936","1.45"
"2247013936","2765852206","0.45"
"2765852206","2247013936","0.45"
"2513714998","2516537890","0.783333"
"2516537890","2513714998","0.783333"
"2513714998","2765852206","0.783333"
"2765852206","2513714998","0.783333"
"2516537890","2765852206","2.28333"
"2765852206","2516537890","2.28333"
"2243172450","2516641088","0.2"
"2516641088","2243172450","0.2"
"2247013936","2516641088","0.7"
"2516641088","2247013936","0.7"
"2513714998","2516641088","0.7"
"2516641088","2513714998","0.7"
"2516537890","2516641088","3.2"
"2516641088","2516537890","3.2"
"2516641088","2765852206","0.2"
"2765852206","2516641088","0.2"
"2243172450","2405494619","0.5"
"2405494619","2243172450","0.5"
"2405494619","2765852206","0.5"
"2765852206","2405494619","0.5"
"2405494619","2536678017","1"
"2536678017","2405494619","1"
"2405494619","2989374223","2"
"2989374223","2405494619","2"
"2405494619","3000561819","1"
"3000561819","2405494619","1"
"2583466634","2808955427","2.75"
"2808955427","2583466634","2.75"
"2583466634","2950173776","0.75"
"2950173776","2583466634","0.75"
"2808955427","2950173776","26.5833"
"2950173776","2808955427","26.5833"
"2583466634","2809086059","0.25"
"2809086059","2583466634","0.25"
"2583466634","2950593830","0.25"
"2950593830","2583466634","0.25"
"2808955427","2809086059","2.08333"
"2809086059","2808955427","2.08333"
"2808955427","2950593830","2.08333"
"2950593830","2808955427","2.08333"
"2809086059","2950173776","2.08333"
"2950173776","2809086059","2.08333"
"2809086059","2950593830","18.0833"
"2950593830","2809086059","18.0833"
"2950173776","2950593830","2.08333"
"2950593830","2950173776","2.08333"
"2808908091","3000561819","9"
"3000561819","2808908091","9"
"2808908091","2989374223","1"
"2989374223","2808908091","1"
"2808908091","2808955427","0.25"
"2808955427","2808908091","0.25"
"2808908091","2809086059","0.25"
"2809086059","2808908091","0.25"
"2808908091","2950173776","0.25"
"2950173776","2808908091","0.25"
"2808908091","2950593830","0.25"
"2950593830","2808908091","0.25"
"2808955427","3000561819","0.25"
"3000561819","2808955427","0.25"
"2809086059","3000561819","0.25"
"3000561819","2809086059","0.25"
"2950173776","3000561819","0.25"
"3000561819","2950173776","0.25"
"2950593830","3000561819","0.25"
"3000561819","2950593830","0.25"
"2989374223","3000561819","1"
"3000561819","2989374223","1"
