"119609261","2112861405","7.25"
"2112861405","119609261","7.25"
"119609261","2136870399","2.25"
"2136870399","119609261","2.25"
"119609261","1790904062","0.25"
"1790904062","119609261","0.25"
"119609261","1978371851","0.25"
"1978371851","119609261","0.25"
"1790904062","1978371851","2.11667"
"1978371851","1790904062","2.11667"
"1790904062","2112861405","2.25"
"2112861405","1790904062","2.25"
"1790904062","2136870399","0.25"
"2136870399","1790904062","0.25"
"1978371851","2112861405","0.25"
"2112861405","1978371851","0.25"
"1978371851","2136870399","0.25"
"2136870399","1978371851","0.25"
"2112861405","2136870399","4.25"
"2136870399","2112861405","4.25"
"119609261","1640798781","1"
"1640798781","119609261","1"
"142228045","1496971707","0.533333"
"1496971707","142228045","0.533333"
"142228045","1551942318","12.2873"
"1551942318","142228045","12.2873"
"142228045","168937915","0.2"
"168937915","142228045","0.2"
"142228045","2106123304","0.2"
"2106123304","142228045","0.2"
"142228045","50752694","0.2"
"50752694","142228045","0.2"
"1496971707","1551942318","0.533333"
"1551942318","1496971707","0.533333"
"1496971707","168937915","0.2"
"168937915","1496971707","0.2"
"1496971707","2106123304","0.2"
"2106123304","1496971707","0.2"
"1496971707","50752694","1.7"
"50752694","1496971707","1.7"
"1551942318","168937915","0.2"
"168937915","1551942318","0.2"
"1551942318","2106123304","0.2"
"2106123304","1551942318","0.2"
"1551942318","50752694","0.2"
"50752694","1551942318","0.2"
"168937915","2106123304","3.2"
"2106123304","168937915","3.2"
"168937915","50752694","0.2"
"50752694","168937915","0.2"
"2106123304","50752694","0.2"
"50752694","2106123304","0.2"
"142228045","1531309756","0.333333"
"1531309756","142228045","0.333333"
"1496971707","1531309756","0.833333"
"1531309756","1496971707","0.833333"
"1531309756","1551942318","0.333333"
"1551942318","1531309756","0.333333"
"142228045","2020791669","4.94444"
"2020791669","142228045","4.94444"
"1551942318","2020791669","3.94444"
"2020791669","1551942318","3.94444"
"142228045","2017894137","1.16667"
"2017894137","142228045","1.16667"
"142228045","2106795796","0.611111"
"2106795796","142228045","0.611111"
"1551942318","2017894137","1.16667"
"2017894137","1551942318","1.16667"
"1551942318","2106795796","0.611111"
"2106795796","1551942318","0.611111"
"2017894137","2020791669","1.78333"
"2020791669","2017894137","1.78333"
"2017894137","2106795796","2.45"
"2106795796","2017894137","2.45"
"2020791669","2106795796","1.81111"
"2106795796","2020791669","1.81111"
"142228045","1974765530","0.142857"
"1974765530","142228045","0.142857"
"142228045","2014039589","0.142857"
"2014039589","142228045","0.142857"
"142228045","2117297168","0.142857"
"2117297168","142228045","0.142857"
"142228045","2161348098","0.142857"
"2161348098","142228045","0.142857"
"142228045","2166423994","0.142857"
"2166423994","142228045","0.142857"
"142228045","2295244511","0.142857"
"2295244511","142228045","0.142857"
"1551942318","1974765530","0.142857"
"1974765530","1551942318","0.142857"
"1551942318","2014039589","0.142857"
"2014039589","1551942318","0.142857"
"1551942318","2117297168","0.142857"
"2117297168","1551942318","0.142857"
"1551942318","2161348098","0.142857"
"2161348098","1551942318","0.142857"
"1551942318","2166423994","0.142857"
"2166423994","1551942318","0.142857"
"1551942318","2295244511","0.142857"
"2295244511","1551942318","0.142857"
"1974765530","2014039589","4.02738"
"2014039589","1974765530","4.02738"
"1974765530","2117297168","2.73571"
"2117297168","1974765530","2.73571"
"1974765530","2161348098","3.65238"
"2161348098","1974765530","3.65238"
"1974765530","2166423994","2.73571"
"2166423994","1974765530","2.73571"
"1974765530","2295244511","6.98571"
"2295244511","1974765530","6.98571"
"2014039589","2117297168","5.73571"
"2117297168","2014039589","5.73571"
"2014039589","2161348098","3.15238"
"2161348098","2014039589","3.15238"
"2014039589","2166423994","2.48571"
"2166423994","2014039589","2.48571"
"2014039589","2295244511","3.90238"
"2295244511","2014039589","3.90238"
"2117297168","2161348098","3.81905"
"2161348098","2117297168","3.81905"
"2117297168","2166423994","2.48571"
"2166423994","2117297168","2.48571"
"2117297168","2295244511","2.81905"
"2295244511","2117297168","2.81905"
"2161348098","2166423994","1.98571"
"2166423994","2161348098","1.98571"
"2161348098","2295244511","3.73571"
"2295244511","2161348098","3.73571"
"2166423994","2295244511","1.73571"
"2295244511","2166423994","1.73571"
"142228045","1965355809","0.333333"
"1965355809","142228045","0.333333"
"1551942318","1965355809","0.333333"
"1965355809","1551942318","0.333333"
"1965355809","2017894137","1.58333"
"2017894137","1965355809","1.58333"
"142228045","2140310134","0.444444"
"2140310134","142228045","0.444444"
"142228045","2950975304","0.444444"
"2950975304","142228045","0.444444"
"1551942318","2140310134","0.444444"
"2140310134","1551942318","0.444444"
"1551942318","2950975304","0.444444"
"2950975304","1551942318","0.444444"
"2140310134","2950975304","3.99087"
"2950975304","2140310134","3.99087"
"142228045","1549874165","0.111111"
"1549874165","142228045","0.111111"
"142228045","2001575213","0.111111"
"2001575213","142228045","0.111111"
"142228045","2187424591","0.111111"
"2187424591","142228045","0.111111"
"142228045","2416934084","0.111111"
"2416934084","142228045","0.111111"
"1549874165","1551942318","0.111111"
"1551942318","1549874165","0.111111"
"1549874165","2001575213","0.111111"
"2001575213","1549874165","0.111111"
"1549874165","2020791669","3.11111"
"2020791669","1549874165","3.11111"
"1549874165","2106795796","0.111111"
"2106795796","1549874165","0.111111"
"1549874165","2140310134","0.111111"
"2140310134","1549874165","0.111111"
"1549874165","2187424591","0.111111"
"2187424591","1549874165","0.111111"
"1549874165","2416934084","0.111111"
"2416934084","1549874165","0.111111"
"1549874165","2950975304","0.111111"
"2950975304","1549874165","0.111111"
"1551942318","2001575213","0.111111"
"2001575213","1551942318","0.111111"
"1551942318","2187424591","0.111111"
"2187424591","1551942318","0.111111"
"1551942318","2416934084","0.111111"
"2416934084","1551942318","0.111111"
"2001575213","2020791669","0.111111"
"2020791669","2001575213","0.111111"
"2001575213","2106795796","0.111111"
"2106795796","2001575213","0.111111"
"2001575213","2140310134","0.28254"
"2140310134","2001575213","0.28254"
"2001575213","2187424591","0.675397"
"2187424591","2001575213","0.675397"
"2001575213","2416934084","0.675397"
"2416934084","2001575213","0.675397"
"2001575213","2950975304","0.28254"
"2950975304","2001575213","0.28254"
"2020791669","2140310134","0.111111"
"2140310134","2020791669","0.111111"
"2020791669","2187424591","0.111111"
"2187424591","2020791669","0.111111"
"2020791669","2416934084","0.111111"
"2416934084","2020791669","0.111111"
"2020791669","2950975304","0.111111"
"2950975304","2020791669","0.111111"
"2106795796","2140310134","0.444444"
"2140310134","2106795796","0.444444"
"2106795796","2187424591","0.111111"
"2187424591","2106795796","0.111111"
"2106795796","2416934084","0.111111"
"2416934084","2106795796","0.111111"
"2106795796","2950975304","0.444444"
"2950975304","2106795796","0.444444"
"2140310134","2187424591","0.53254"
"2187424591","2140310134","0.53254"
"2140310134","2416934084","0.53254"
"2416934084","2140310134","0.53254"
"2187424591","2416934084","5.23492"
"2416934084","2187424591","5.23492"
"2187424591","2950975304","0.53254"
"2950975304","2187424591","0.53254"
"2416934084","2950975304","0.53254"
"2950975304","2416934084","0.53254"
"148464236","2102982709","1"
"2102982709","148464236","1"
"148464236","2280494088","3"
"2280494088","148464236","3"
"148464236","66633983","1"
"66633983","148464236","1"
"148464236","1813213893","3"
"1813213893","148464236","3"
"1496971707","2047843045","2"
"2047843045","1496971707","2"
"1531309756","50752694","0.5"
"50752694","1531309756","0.5"
"2047843045","50752694","2"
"50752694","2047843045","2"
"1505080550","1787332437","5"
"1787332437","1505080550","5"
"1505080550","2154790872","3"
"2154790872","1505080550","3"
"1505080550","1535313720","2.30952"
"1535313720","1505080550","2.30952"
"1505080550","2122689903","1.83333"
"2122689903","1505080550","1.83333"
"1535313720","2122689903","0.5"
"2122689903","1535313720","0.5"
"1505080550","2293982355","1"
"2293982355","1505080550","1"
"1787332437","2122689903","0.833333"
"2122689903","1787332437","0.833333"
"1787332437","2154790872","1.5"
"2154790872","1787332437","1.5"
"2122689903","2154790872","1.83333"
"2154790872","2122689903","1.83333"
"1505080550","2240856882","0.5"
"2240856882","1505080550","0.5"
"1505080550","2295959708","0.5"
"2295959708","1505080550","0.5"
"2240856882","2295959708","2.78333"
"2295959708","2240856882","2.78333"
"1535313720","1787332437","1.66667"
"1787332437","1535313720","1.66667"
"1505080550","1640798781","0.142857"
"1640798781","1505080550","0.142857"
"1505080550","2244094084","0.142857"
"2244094084","1505080550","0.142857"
"1505080550","2405658191","0.142857"
"2405658191","1505080550","0.142857"
"1505080550","2536575511","0.142857"
"2536575511","1505080550","0.142857"
"1505080550","2537641636","0.142857"
"2537641636","1505080550","0.142857"
"1505080550","2577593886","0.142857"
"2577593886","1505080550","0.142857"
"1535313720","1640798781","0.142857"
"1640798781","1535313720","0.142857"
"1535313720","2244094084","0.142857"
"2244094084","1535313720","0.142857"
"1535313720","2405658191","0.142857"
"2405658191","1535313720","0.142857"
"1535313720","2536575511","0.142857"
"2536575511","1535313720","0.142857"
"1535313720","2537641636","0.142857"
"2537641636","1535313720","0.142857"
"1535313720","2577593886","0.142857"
"2577593886","1535313720","0.142857"
"1640798781","2244094084","11.1429"
"2244094084","1640798781","11.1429"
"1640798781","2405658191","10.1429"
"2405658191","1640798781","10.1429"
"1640798781","2536575511","0.142857"
"2536575511","1640798781","0.142857"
"1640798781","2537641636","0.142857"
"2537641636","1640798781","0.142857"
"1640798781","2577593886","0.142857"
"2577593886","1640798781","0.142857"
"2244094084","2405658191","7.14286"
"2405658191","2244094084","7.14286"
"2244094084","2536575511","0.142857"
"2536575511","2244094084","0.142857"
"2244094084","2537641636","0.142857"
"2537641636","2244094084","0.142857"
"2244094084","2577593886","0.142857"
"2577593886","2244094084","0.142857"
"2405658191","2536575511","0.142857"
"2536575511","2405658191","0.142857"
"2405658191","2537641636","0.142857"
"2537641636","2405658191","0.142857"
"2405658191","2577593886","0.142857"
"2577593886","2405658191","0.142857"
"2536575511","2537641636","0.142857"
"2537641636","2536575511","0.142857"
"2536575511","2577593886","3.64286"
"2577593886","2536575511","3.64286"
"2537641636","2577593886","0.142857"
"2577593886","2537641636","0.142857"
"1535313720","2154790872","0.666667"
"2154790872","1535313720","0.666667"
"1531309756","1549874165","3.25"
"1549874165","1531309756","3.25"
"1531309756","1841187012","1.25"
"1841187012","1531309756","1.25"
"1531309756","2056088289","0.25"
"2056088289","1531309756","0.25"
"1531309756","2089349245","0.25"
"2089349245","1531309756","0.25"
"1549874165","1841187012","0.25"
"1841187012","1549874165","0.25"
"1549874165","2056088289","0.25"
"2056088289","1549874165","0.25"
"1549874165","2089349245","0.25"
"2089349245","1549874165","0.25"
"1841187012","2056088289","0.5"
"2056088289","1841187012","0.5"
"1841187012","2089349245","1.08333"
"2089349245","1841187012","1.08333"
"2056088289","2089349245","5.33333"
"2089349245","2056088289","5.33333"
"1531309756","2106795796","1.45"
"2106795796","1531309756","1.45"
"1531309756","2017894137","0.45"
"2017894137","1531309756","0.45"
"1531309756","2020791669","0.45"
"2020791669","1531309756","0.45"
"1531309756","2171279286","0.2"
"2171279286","1531309756","0.2"
"1531309756","2294401437","0.2"
"2294401437","1531309756","0.2"
"2017894137","2171279286","0.2"
"2171279286","2017894137","0.2"
"2017894137","2294401437","0.45"
"2294401437","2017894137","0.45"
"2020791669","2171279286","0.2"
"2171279286","2020791669","0.2"
"2020791669","2294401437","0.533333"
"2294401437","2020791669","0.533333"
"2106795796","2171279286","0.2"
"2171279286","2106795796","0.2"
"2106795796","2294401437","0.2"
"2294401437","2106795796","0.2"
"2171279286","2294401437","0.575"
"2294401437","2171279286","0.575"
"1531309756","2092178237","0.25"
"2092178237","1531309756","0.25"
"2017894137","2092178237","0.5"
"2092178237","2017894137","0.5"
"2020791669","2092178237","0.583333"
"2092178237","2020791669","0.583333"
"2092178237","2106795796","0.25"
"2106795796","2092178237","0.25"
"1531309756","1593883345","1"
"1593883345","1531309756","1"
"1535313720","1841187012","0.25"
"1841187012","1535313720","0.25"
"1535313720","2036470311","0.75"
"2036470311","1535313720","0.75"
"1535313720","2115436464","0.75"
"2115436464","1535313720","0.75"
"1535313720","2116350094","0.75"
"2116350094","1535313720","0.75"
"1841187012","2036470311","1.58333"
"2036470311","1841187012","1.58333"
"1841187012","2115436464","1.58333"
"2115436464","1841187012","1.58333"
"1841187012","2116350094","1.08333"
"2116350094","1841187012","1.08333"
"2036470311","2115436464","1.58333"
"2115436464","2036470311","1.58333"
"2036470311","2116350094","18.5833"
"2116350094","2036470311","18.5833"
"2115436464","2116350094","1.08333"
"2116350094","2115436464","1.08333"
"1535313720","1980697140","0.5"
"1980697140","1535313720","0.5"
"1980697140","2115436464","0.5"
"2115436464","1980697140","0.5"
"1549874165","1965355809","0.25"
"1965355809","1549874165","0.25"
"1549874165","2017894137","0.75"
"2017894137","1549874165","0.75"
"1549874165","2092178237","0.25"
"2092178237","1549874165","0.25"
"1549874165","2294401437","0.25"
"2294401437","1549874165","0.25"
"1965355809","2092178237","0.25"
"2092178237","1965355809","0.25"
"1965355809","2294401437","2.25"
"2294401437","1965355809","2.25"
"2092178237","2294401437","5.95833"
"2294401437","2092178237","5.95833"
"1549874165","2002834872","0.5"
"2002834872","1549874165","0.5"
"2002834872","2017894137","0.5"
"2017894137","2002834872","0.5"
"1549874165","2054654499","0.5"
"2054654499","1549874165","0.5"
"1549874165","2116350094","0.5"
"2116350094","1549874165","0.5"
"2054654499","2116350094","0.5"
"2116350094","2054654499","0.5"
"1790904062","2152542198","2.2"
"2152542198","1790904062","2.2"
"1790904062","2295959708","0.866667"
"2295959708","1790904062","0.866667"
"1790904062","2299233946","0.866667"
"2299233946","1790904062","0.866667"
"1978371851","2295959708","5.95"
"2295959708","1978371851","5.95"
"1978371851","2299233946","5.95"
"2299233946","1978371851","5.95"
"2295959708","2299233946","5.45"
"2299233946","2295959708","5.45"
"1790904062","2339190575","1"
"2339190575","1790904062","1"
"1790904062","2240856882","0.2"
"2240856882","1790904062","0.2"
"1978371851","2152542198","0.45"
"2152542198","1978371851","0.45"
"1978371851","2240856882","1.78333"
"2240856882","1978371851","1.78333"
"2152542198","2240856882","0.45"
"2240856882","2152542198","0.45"
"2152542198","2295959708","1.95"
"2295959708","2152542198","1.95"
"2152542198","2299233946","0.95"
"2299233946","2152542198","0.95"
"2240856882","2299233946","1.78333"
"2299233946","2240856882","1.78333"
"1790904062","1813213893","1"
"1813213893","1790904062","1"
"1813213893","1980697140","1"
"1980697140","1813213893","1"
"1813213893","1965355809","0.142857"
"1965355809","1813213893","0.142857"
"1813213893","1974765530","0.142857"
"1974765530","1813213893","0.142857"
"1813213893","2001426180","0.142857"
"2001426180","1813213893","0.142857"
"1813213893","2001575213","0.142857"
"2001575213","1813213893","0.142857"
"1813213893","2014039589","0.142857"
"2014039589","1813213893","0.142857"
"1813213893","2056088289","0.0714286"
"2056088289","1813213893","0.0714286"
"1813213893","2117297168","0.142857"
"2117297168","1813213893","0.142857"
"1813213893","2140310134","0.0714286"
"2140310134","1813213893","0.0714286"
"1813213893","2161348098","0.142857"
"2161348098","1813213893","0.142857"
"1813213893","2166423994","0.142857"
"2166423994","1813213893","0.142857"
"1813213893","2187424591","0.142857"
"2187424591","1813213893","0.142857"
"1813213893","2295244511","0.142857"
"2295244511","1813213893","0.142857"
"1813213893","2416934084","0.142857"
"2416934084","1813213893","0.142857"
"1813213893","2950975304","0.0714286"
"2950975304","1813213893","0.0714286"
"1965355809","1974765530","0.642857"
"1974765530","1965355809","0.642857"
"1965355809","2001426180","0.314286"
"2001426180","1965355809","0.314286"
"1965355809","2001575213","0.314286"
"2001575213","1965355809","0.314286"
"1965355809","2014039589","0.142857"
"2014039589","1965355809","0.142857"
"1965355809","2056088289","0.0714286"
"2056088289","1965355809","0.0714286"
"1965355809","2117297168","0.142857"
"2117297168","1965355809","0.142857"
"1965355809","2140310134","0.421429"
"2140310134","1965355809","0.421429"
"1965355809","2161348098","0.142857"
"2161348098","1965355809","0.142857"
"1965355809","2166423994","0.214286"
"2166423994","1965355809","0.214286"
"1965355809","2187424591","0.564286"
"2187424591","1965355809","0.564286"
"1965355809","2295244511","0.142857"
"2295244511","1965355809","0.142857"
"1965355809","2416934084","0.564286"
"2416934084","1965355809","0.564286"
"1965355809","2950975304","0.421429"
"2950975304","1965355809","0.421429"
"1974765530","2001426180","0.142857"
"2001426180","1974765530","0.142857"
"1974765530","2001575213","1.39286"
"2001575213","1974765530","1.39286"
"1974765530","2056088289","0.0714286"
"2056088289","1974765530","0.0714286"
"1974765530","2140310134","0.196429"
"2140310134","1974765530","0.196429"
"1974765530","2187424591","0.142857"
"2187424591","1974765530","0.142857"
"1974765530","2416934084","0.142857"
"2416934084","1974765530","0.142857"
"1974765530","2950975304","0.196429"
"2950975304","1974765530","0.196429"
"2001426180","2001575213","5.39762"
"2001575213","2001426180","5.39762"
"2001426180","2014039589","0.142857"
"2014039589","2001426180","0.142857"
"2001426180","2056088289","0.0714286"
"2056088289","2001426180","0.0714286"
"2001426180","2117297168","0.142857"
"2117297168","2001426180","0.142857"
"2001426180","2140310134","0.171429"
"2140310134","2001426180","0.171429"
"2001426180","2161348098","0.142857"
"2161348098","2001426180","0.142857"
"2001426180","2166423994","0.214286"
"2166423994","2001426180","0.214286"
"2001426180","2187424591","0.564286"
"2187424591","2001426180","0.564286"
"2001426180","2295244511","0.142857"
"2295244511","2001426180","0.142857"
"2001426180","2416934084","0.564286"
"2416934084","2001426180","0.564286"
"2001426180","2950975304","0.171429"
"2950975304","2001426180","0.171429"
"2001575213","2014039589","0.392857"
"2014039589","2001575213","0.392857"
"2001575213","2056088289","0.0714286"
"2056088289","2001575213","0.0714286"
"2001575213","2117297168","0.142857"
"2117297168","2001575213","0.142857"
"2001575213","2161348098","0.392857"
"2161348098","2001575213","0.392857"
"2001575213","2166423994","0.214286"
"2166423994","2001575213","0.214286"
"2001575213","2295244511","0.392857"
"2295244511","2001575213","0.392857"
"2014039589","2056088289","0.0714286"
"2056088289","2014039589","0.0714286"
"2014039589","2140310134","0.196429"
"2140310134","2014039589","0.196429"
"2014039589","2187424591","0.142857"
"2187424591","2014039589","0.142857"
"2014039589","2416934084","0.142857"
"2416934084","2014039589","0.142857"
"2014039589","2950975304","0.196429"
"2950975304","2014039589","0.196429"
"2056088289","2117297168","0.0714286"
"2117297168","2056088289","0.0714286"
"2056088289","2140310134","0.904762"
"2140310134","2056088289","0.904762"
"2056088289","2161348098","0.0714286"
"2161348098","2056088289","0.0714286"
"2056088289","2166423994","0.0714286"
"2166423994","2056088289","0.0714286"
"2056088289","2187424591","0.0714286"
"2187424591","2056088289","0.0714286"
"2056088289","2295244511","0.0714286"
"2295244511","2056088289","0.0714286"
"2056088289","2416934084","0.0714286"
"2416934084","2056088289","0.0714286"
"2056088289","2950975304","0.904762"
"2950975304","2056088289","0.904762"
"2117297168","2140310134","0.0714286"
"2140310134","2117297168","0.0714286"
"2117297168","2187424591","0.142857"
"2187424591","2117297168","0.142857"
"2117297168","2416934084","0.142857"
"2416934084","2117297168","0.142857"
"2117297168","2950975304","0.0714286"
"2950975304","2117297168","0.0714286"
"2140310134","2161348098","0.0714286"
"2161348098","2140310134","0.0714286"
"2140310134","2166423994","0.0714286"
"2166423994","2140310134","0.0714286"
"2140310134","2295244511","0.0714286"
"2295244511","2140310134","0.0714286"
"2161348098","2187424591","0.142857"
"2187424591","2161348098","0.142857"
"2161348098","2416934084","0.142857"
"2416934084","2161348098","0.142857"
"2161348098","2950975304","0.0714286"
"2950975304","2161348098","0.0714286"
"2166423994","2187424591","0.214286"
"2187424591","2166423994","0.214286"
"2166423994","2416934084","0.214286"
"2416934084","2166423994","0.214286"
"2166423994","2950975304","0.0714286"
"2950975304","2166423994","0.0714286"
"2187424591","2295244511","0.142857"
"2295244511","2187424591","0.142857"
"2295244511","2416934084","0.142857"
"2416934084","2295244511","0.142857"
"2295244511","2950975304","0.0714286"
"2950975304","2295244511","0.0714286"
"1813213893","2064754513","1.07143"
"2064754513","1813213893","1.07143"
"1813213893","2102982709","0.0714286"
"2102982709","1813213893","0.0714286"
"1813213893","2154555202","0.0714286"
"2154555202","1813213893","0.0714286"
"1965355809","2064754513","1.64286"
"2064754513","1965355809","1.64286"
"1965355809","2102982709","1.14286"
"2102982709","1965355809","1.14286"
"1965355809","2154555202","0.171429"
"2154555202","1965355809","0.171429"
"1974765530","2064754513","0.571429"
"2064754513","1974765530","0.571429"
"1974765530","2102982709","1.90476"
"2102982709","1974765530","1.90476"
"1974765530","2154555202","0.0714286"
"2154555202","1974765530","0.0714286"
"2001426180","2064754513","0.392857"
"2064754513","2001426180","0.392857"
"2001426180","2102982709","0.142857"
"2102982709","2001426180","0.142857"
"2001426180","2154555202","1.67143"
"2154555202","2001426180","1.67143"
"2001575213","2064754513","0.392857"
"2064754513","2001575213","0.392857"
"2001575213","2102982709","0.142857"
"2102982709","2001575213","0.142857"
"2001575213","2154555202","1.17143"
"2154555202","2001575213","1.17143"
"2014039589","2064754513","0.0714286"
"2064754513","2014039589","0.0714286"
"2014039589","2102982709","0.0714286"
"2102982709","2014039589","0.0714286"
"2014039589","2154555202","0.0714286"
"2154555202","2014039589","0.0714286"
"2064754513","2102982709","1.28571"
"2102982709","2064754513","1.28571"
"2064754513","2117297168","0.0714286"
"2117297168","2064754513","0.0714286"
"2064754513","2154555202","0.0714286"
"2154555202","2064754513","0.0714286"
"2064754513","2161348098","0.0714286"
"2161348098","2064754513","0.0714286"
"2064754513","2166423994","0.142857"
"2166423994","2064754513","0.142857"
"2064754513","2187424591","0.535714"
"2187424591","2064754513","0.535714"
"2064754513","2295244511","0.0714286"
"2295244511","2064754513","0.0714286"
"2064754513","2416934084","0.535714"
"2416934084","2064754513","0.535714"
"2102982709","2117297168","0.404762"
"2117297168","2102982709","0.404762"
"2102982709","2154555202","0.0714286"
"2154555202","2102982709","0.0714286"
"2102982709","2161348098","0.404762"
"2161348098","2102982709","0.404762"
"2102982709","2166423994","0.142857"
"2166423994","2102982709","0.142857"
"2102982709","2187424591","0.285714"
"2187424591","2102982709","0.285714"
"2102982709","2295244511","0.738095"
"2295244511","2102982709","0.738095"
"2102982709","2416934084","0.285714"
"2416934084","2102982709","0.285714"
"2117297168","2154555202","0.0714286"
"2154555202","2117297168","0.0714286"
"2154555202","2161348098","0.0714286"
"2161348098","2154555202","0.0714286"
"2154555202","2166423994","0.0714286"
"2166423994","2154555202","0.0714286"
"2154555202","2187424591","0.171429"
"2187424591","2154555202","0.171429"
"2154555202","2295244511","0.0714286"
"2295244511","2154555202","0.0714286"
"2154555202","2416934084","0.171429"
"2416934084","2154555202","0.171429"
"1841187012","77971441","0.5"
"77971441","1841187012","0.5"
"2056088289","2115436464","0.25"
"2115436464","2056088289","0.25"
"2056088289","77971441","0.25"
"77971441","2056088289","0.25"
"2089349245","2115436464","0.5"
"2115436464","2089349245","0.5"
"2089349245","77971441","0.571429"
"77971441","2089349245","0.571429"
"2115436464","77971441","0.5"
"77971441","2115436464","0.5"
"1841187012","2055317074","0.392857"
"2055317074","1841187012","0.392857"
"2055317074","2089349245","1.65476"
"2089349245","2055317074","1.65476"
"2055317074","2115436464","0.25"
"2115436464","2055317074","0.25"
"2055317074","77971441","0.321429"
"77971441","2055317074","0.321429"
"1841187012","2002834872","0.142857"
"2002834872","1841187012","0.142857"
"1841187012","2064754513","0.142857"
"2064754513","1841187012","0.142857"
"1841187012","2102982709","0.642857"
"2102982709","1841187012","0.642857"
"1841187012","2171279286","0.142857"
"2171279286","1841187012","0.142857"
"1841187012","2187424591","0.47619"
"2187424591","1841187012","0.47619"
"1841187012","2416934084","0.47619"
"2416934084","1841187012","0.47619"
"2002834872","2055317074","0.47619"
"2055317074","2002834872","0.47619"
"2002834872","2064754513","0.142857"
"2064754513","2002834872","0.142857"
"2002834872","2102982709","1.80952"
"2102982709","2002834872","1.80952"
"2002834872","2171279286","0.517857"
"2171279286","2002834872","0.517857"
"2002834872","2187424591","0.142857"
"2187424591","2002834872","0.142857"
"2002834872","2416934084","0.142857"
"2416934084","2002834872","0.142857"
"2055317074","2064754513","0.214286"
"2064754513","2055317074","0.214286"
"2055317074","2102982709","0.547619"
"2102982709","2055317074","0.547619"
"2055317074","2171279286","0.214286"
"2171279286","2055317074","0.214286"
"2055317074","2187424591","0.214286"
"2187424591","2055317074","0.214286"
"2055317074","2416934084","0.214286"
"2416934084","2055317074","0.214286"
"2064754513","2171279286","0.214286"
"2171279286","2064754513","0.214286"
"2102982709","2171279286","0.214286"
"2171279286","2102982709","0.214286"
"2171279286","2187424591","0.314286"
"2187424591","2171279286","0.314286"
"2171279286","2416934084","0.314286"
"2416934084","2171279286","0.314286"
"1841187012","1974765530","0.5"
"1974765530","1841187012","0.5"
"2089349245","2187424591","0.504762"
"2187424591","2089349245","0.504762"
"2089349245","2416934084","0.504762"
"2416934084","2089349245","0.504762"
"1913390352","2496293167","21.8333"
"2496293167","1913390352","21.8333"
"1913390352","2339190575","0.333333"
"2339190575","1913390352","0.333333"
"1913390352","2577593886","0.333333"
"2577593886","1913390352","0.333333"
"2339190575","2496293167","0.333333"
"2496293167","2339190575","0.333333"
"2339190575","2577593886","0.833333"
"2577593886","2339190575","0.833333"
"2496293167","2577593886","0.333333"
"2577593886","2496293167","0.333333"
"1913390352","2136870399","0.5"
"2136870399","1913390352","0.5"
"2136870399","2496293167","1.5"
"2496293167","2136870399","1.5"
"1965355809","2089349245","0.171429"
"2089349245","1965355809","0.171429"
"1965355809","2171279286","0.171429"
"2171279286","1965355809","0.171429"
"1965355809","2798276226","0.171429"
"2798276226","1965355809","0.171429"
"2001426180","2089349245","0.171429"
"2089349245","2001426180","0.171429"
"2001426180","2171279286","0.171429"
"2171279286","2001426180","0.171429"
"2001426180","2798276226","0.171429"
"2798276226","2001426180","0.171429"
"2001575213","2089349245","0.171429"
"2089349245","2001575213","0.171429"
"2001575213","2171279286","0.171429"
"2171279286","2001575213","0.171429"
"2001575213","2798276226","0.171429"
"2798276226","2001575213","0.171429"
"2089349245","2140310134","2.225"
"2140310134","2089349245","2.225"
"2089349245","2154555202","0.1"
"2154555202","2089349245","0.1"
"2089349245","2171279286","0.546429"
"2171279286","2089349245","0.546429"
"2089349245","2798276226","0.171429"
"2798276226","2089349245","0.171429"
"2089349245","2950975304","1.225"
"2950975304","2089349245","1.225"
"2140310134","2154555202","0.1"
"2154555202","2140310134","0.1"
"2140310134","2171279286","0.225"
"2171279286","2140310134","0.225"
"2140310134","2798276226","0.1"
"2798276226","2140310134","0.1"
"2154555202","2171279286","0.1"
"2171279286","2154555202","0.1"
"2154555202","2798276226","0.1"
"2798276226","2154555202","0.1"
"2154555202","2950975304","0.1"
"2950975304","2154555202","0.1"
"2171279286","2798276226","0.171429"
"2798276226","2171279286","0.171429"
"2171279286","2950975304","0.225"
"2950975304","2171279286","0.225"
"2187424591","2798276226","1.00476"
"2798276226","2187424591","1.00476"
"2416934084","2798276226","1.00476"
"2798276226","2416934084","1.00476"
"2798276226","2950975304","0.1"
"2950975304","2798276226","0.1"
"1965355809","2055317074","0.0714286"
"2055317074","1965355809","0.0714286"
"1965355809","2061757435","0.0714286"
"2061757435","1965355809","0.0714286"
"1965355809","2339190575","0.0714286"
"2339190575","1965355809","0.0714286"
"1965355809","77971441","0.0714286"
"77971441","1965355809","0.0714286"
"2001426180","2055317074","0.0714286"
"2055317074","2001426180","0.0714286"
"2001426180","2061757435","0.904762"
"2061757435","2001426180","0.904762"
"2001426180","2339190575","0.904762"
"2339190575","2001426180","0.904762"
"2001426180","77971441","0.0714286"
"77971441","2001426180","0.0714286"
"2001575213","2055317074","0.0714286"
"2055317074","2001575213","0.0714286"
"2001575213","2061757435","0.404762"
"2061757435","2001575213","0.404762"
"2001575213","2339190575","0.404762"
"2339190575","2001575213","0.404762"
"2001575213","77971441","0.0714286"
"77971441","2001575213","0.0714286"
"2055317074","2061757435","0.571429"
"2061757435","2055317074","0.571429"
"2055317074","2166423994","0.0714286"
"2166423994","2055317074","0.0714286"
"2055317074","2339190575","0.571429"
"2339190575","2055317074","0.571429"
"2055317074","2798276226","0.0714286"
"2798276226","2055317074","0.0714286"
"2061757435","2064754513","3.40476"
"2064754513","2061757435","3.40476"
"2061757435","2089349245","0.404762"
"2089349245","2061757435","0.404762"
"2061757435","2102982709","0.404762"
"2102982709","2061757435","0.404762"
"2061757435","2166423994","0.0714286"
"2166423994","2061757435","0.0714286"
"2061757435","2171279286","0.0714286"
"2171279286","2061757435","0.0714286"
"2061757435","2187424591","0.0714286"
"2187424591","2061757435","0.0714286"
"2061757435","2339190575","9.57143"
"2339190575","2061757435","9.57143"
"2061757435","2416934084","0.0714286"
"2416934084","2061757435","0.0714286"
"2061757435","2798276226","0.0714286"
"2798276226","2061757435","0.0714286"
"2061757435","77971441","0.0714286"
"77971441","2061757435","0.0714286"
"2064754513","2089349245","0.0714286"
"2089349245","2064754513","0.0714286"
"2064754513","2339190575","0.404762"
"2339190575","2064754513","0.404762"
"2064754513","2798276226","0.0714286"
"2798276226","2064754513","0.0714286"
"2064754513","77971441","0.0714286"
"77971441","2064754513","0.0714286"
"2089349245","2102982709","1.07143"
"2102982709","2089349245","1.07143"
"2089349245","2166423994","0.0714286"
"2166423994","2089349245","0.0714286"
"2089349245","2339190575","0.404762"
"2339190575","2089349245","0.404762"
"2102982709","2339190575","0.404762"
"2339190575","2102982709","0.404762"
"2102982709","2798276226","0.0714286"
"2798276226","2102982709","0.0714286"
"2102982709","77971441","0.0714286"
"77971441","2102982709","0.0714286"
"2166423994","2171279286","0.0714286"
"2171279286","2166423994","0.0714286"
"2166423994","2339190575","0.0714286"
"2339190575","2166423994","0.0714286"
"2166423994","2798276226","0.0714286"
"2798276226","2166423994","0.0714286"
"2166423994","77971441","0.0714286"
"77971441","2166423994","0.0714286"
"2171279286","2339190575","0.0714286"
"2339190575","2171279286","0.0714286"
"2171279286","77971441","0.0714286"
"77971441","2171279286","0.0714286"
"2187424591","2339190575","0.0714286"
"2339190575","2187424591","0.0714286"
"2187424591","77971441","0.0714286"
"77971441","2187424591","0.0714286"
"2339190575","2416934084","0.0714286"
"2416934084","2339190575","0.0714286"
"2339190575","2798276226","0.0714286"
"2798276226","2339190575","0.0714286"
"2339190575","77971441","0.0714286"
"77971441","2339190575","0.0714286"
"2416934084","77971441","0.0714286"
"77971441","2416934084","0.0714286"
"2798276226","77971441","0.0714286"
"77971441","2798276226","0.0714286"
"1974765530","2002834872","0.458333"
"2002834872","1974765530","0.458333"
"2002834872","2295244511","0.333333"
"2295244511","2002834872","0.333333"
"1974765530","2089349245","0.125"
"2089349245","1974765530","0.125"
"1974765530","2092178237","0.125"
"2092178237","1974765530","0.125"
"1974765530","2171279286","0.125"
"2171279286","1974765530","0.125"
"1974765530","2294401437","0.125"
"2294401437","1974765530","0.125"
"2002834872","2014039589","0.125"
"2014039589","2002834872","0.125"
"2002834872","2089349245","0.708333"
"2089349245","2002834872","0.708333"
"2002834872","2092178237","0.708333"
"2092178237","2002834872","0.708333"
"2002834872","2140310134","0.125"
"2140310134","2002834872","0.125"
"2002834872","2294401437","0.708333"
"2294401437","2002834872","0.708333"
"2002834872","2950975304","0.125"
"2950975304","2002834872","0.125"
"2014039589","2089349245","0.125"
"2089349245","2014039589","0.125"
"2014039589","2092178237","0.125"
"2092178237","2014039589","0.125"
"2014039589","2171279286","0.125"
"2171279286","2014039589","0.125"
"2014039589","2294401437","0.125"
"2294401437","2014039589","0.125"
"2089349245","2092178237","0.375"
"2092178237","2089349245","0.375"
"2089349245","2294401437","0.375"
"2294401437","2089349245","0.375"
"2092178237","2140310134","0.125"
"2140310134","2092178237","0.125"
"2092178237","2171279286","0.375"
"2171279286","2092178237","0.375"
"2092178237","2950975304","0.125"
"2950975304","2092178237","0.125"
"2140310134","2294401437","0.125"
"2294401437","2140310134","0.125"
"2294401437","2950975304","0.125"
"2950975304","2294401437","0.125"
"1974765530","2020791669","0.25"
"2020791669","1974765530","0.25"
"1974765530","2106795796","0.25"
"2106795796","1974765530","0.25"
"2020791669","2117297168","0.25"
"2117297168","2020791669","0.25"
"2020791669","2161348098","0.25"
"2161348098","2020791669","0.25"
"2106795796","2117297168","0.25"
"2117297168","2106795796","0.25"
"2106795796","2161348098","0.25"
"2161348098","2106795796","0.25"
"1980697140","2102982709","1"
"2102982709","1980697140","1"
"1980697140","2036470311","1"
"2036470311","1980697140","1"
"1980697140","2116350094","1"
"2116350094","1980697140","1"
"1980697140","2092178237","1"
"2092178237","1980697140","1"
"2001426180","2577593886","0.5"
"2577593886","2001426180","0.5"
"2061757435","2154555202","0.5"
"2154555202","2061757435","0.5"
"2001426180","2054654499","0.5"
"2054654499","2001426180","0.5"
"2001575213","2054654499","0.5"
"2054654499","2001575213","0.5"
"2002834872","2020791669","0.333333"
"2020791669","2002834872","0.333333"
"2002834872","2293982355","1"
"2293982355","2002834872","1"
"2020791669","2056088289","0.5"
"2056088289","2020791669","0.5"
"2020791669","2089349245","0.5"
"2089349245","2020791669","0.5"
"2036470311","2106795796","0.5"
"2106795796","2036470311","0.5"
"2106795796","2116350094","0.5"
"2116350094","2106795796","0.5"
"2054654499","2061757435","1"
"2061757435","2054654499","1"
"2054654499","2140310134","0.5"
"2140310134","2054654499","0.5"
"2054654499","2950975304","0.5"
"2950975304","2054654499","0.5"
"2061757435","2280494088","0.333333"
"2280494088","2061757435","0.333333"
"2064754513","2280494088","0.333333"
"2280494088","2064754513","0.333333"
"2280494088","2339190575","0.333333"
"2339190575","2280494088","0.333333"
"2089349245","2106795796","0.333333"
"2106795796","2089349245","0.333333"
"2102982709","2140310134","0.333333"
"2140310134","2102982709","0.333333"
"2102982709","2950975304","0.333333"
"2950975304","2102982709","0.333333"
"2136870399","2240856882","0.5"
"2240856882","2136870399","0.5"
"2136870399","2295959708","0.5"
"2295959708","2136870399","0.5"
"2165837041","2537641636","1"
"2537641636","2165837041","1"
"2187424591","2577593886","0.333333"
"2577593886","2187424591","0.333333"
"2416934084","2577593886","0.333333"
"2577593886","2416934084","0.333333"
"2577593886","2798276226","0.833333"
"2798276226","2577593886","0.833333"
"2400530340","66633983","2"
"66633983","2400530340","2"
"2536575511","2798276226","0.5"
"2798276226","2536575511","0.5"
