"140796358","194704828","3.625"
"194704828","140796358","3.625"
"140796358","1517108537","0.25"
"1517108537","140796358","0.25"
"140796358","1579736841","2.58333"
"1579736841","140796358","2.58333"
"140796358","2098551229","1.875"
"2098551229","140796358","1.875"
"140796358","2105820087","0.75"
"2105820087","140796358","0.75"
"1517108537","1579736841","0.25"
"1579736841","1517108537","0.25"
"1517108537","2098551229","0.25"
"2098551229","1517108537","0.25"
"1517108537","2105820087","0.25"
"2105820087","1517108537","0.25"
"1579736841","2098551229","1.41667"
"2098551229","1579736841","1.41667"
"1579736841","2105820087","0.416667"
"2105820087","1579736841","0.416667"
"2098551229","2105820087","7.25"
"2105820087","2098551229","7.25"
"140796358","1484829740","0.291667"
"1484829740","140796358","0.291667"
"140796358","2005737301","1.79167"
"2005737301","140796358","1.79167"
"1484829740","1579736841","0.166667"
"1579736841","1484829740","0.166667"
"1484829740","194704828","0.708333"
"194704828","1484829740","0.708333"
"1484829740","2005737301","1.40833"
"2005737301","1484829740","1.40833"
"1484829740","2098551229","0.708333"
"2098551229","1484829740","0.708333"
"1484829740","2105820087","0.45"
"2105820087","1484829740","0.45"
"1579736841","194704828","1.33333"
"194704828","1579736841","1.33333"
"1579736841","2005737301","1.83333"
"2005737301","1579736841","1.83333"
"194704828","2005737301","6.04167"
"2005737301","194704828","6.04167"
"194704828","2098551229","27.3583"
"2098551229","194704828","27.3583"
"194704828","2105820087","4.83333"
"2105820087","194704828","4.83333"
"2005737301","2098551229","2.54167"
"2098551229","2005737301","2.54167"
"2005737301","2105820087","0.7"
"2105820087","2005737301","0.7"
"140796358","1964677551","0.125"
"1964677551","140796358","0.125"
"140796358","2019303707","0.125"
"2019303707","140796358","0.125"
"140796358","2028204570","0.125"
"2028204570","140796358","0.125"
"140796358","2141335157","0.458333"
"2141335157","140796358","0.458333"
"1484829740","1964677551","4.24167"
"1964677551","1484829740","4.24167"
"1484829740","2019303707","0.291667"
"2019303707","1484829740","0.291667"
"1484829740","2028204570","0.125"
"2028204570","1484829740","0.125"
"1484829740","2141335157","0.408333"
"2141335157","1484829740","0.408333"
"194704828","1964677551","2.95833"
"1964677551","194704828","2.95833"
"194704828","2019303707","0.291667"
"2019303707","194704828","0.291667"
"194704828","2028204570","1.125"
"2028204570","194704828","1.125"
"194704828","2141335157","4.275"
"2141335157","194704828","4.275"
"1964677551","2005737301","3.86667"
"2005737301","1964677551","3.86667"
"1964677551","2019303707","0.902778"
"2019303707","1964677551","0.902778"
"1964677551","2028204570","2.73611"
"2028204570","1964677551","2.73611"
"1964677551","2098551229","1.76944"
"2098551229","1964677551","1.76944"
"1964677551","2141335157","0.773413"
"2141335157","1964677551","0.773413"
"2005737301","2019303707","0.291667"
"2019303707","2005737301","0.291667"
"2005737301","2028204570","0.125"
"2028204570","2005737301","0.125"
"2005737301","2141335157","1.825"
"2141335157","2005737301","1.825"
"2019303707","2028204570","2.06944"
"2028204570","2019303707","2.06944"
"2019303707","2098551229","0.291667"
"2098551229","2019303707","0.291667"
"2019303707","2141335157","0.236111"
"2141335157","2019303707","0.236111"
"2028204570","2098551229","0.125"
"2098551229","2028204570","0.125"
"2028204570","2141335157","0.236111"
"2141335157","2028204570","0.236111"
"2098551229","2141335157","4.71944"
"2141335157","2098551229","4.71944"
"1484829740","2133767771","3.36667"
"2133767771","1484829740","3.36667"
"1964677551","2105820087","0.342857"
"2105820087","1964677551","0.342857"
"1964677551","2133767771","4.825"
"2133767771","1964677551","4.825"
"2005737301","2133767771","0.491667"
"2133767771","2005737301","0.491667"
"2105820087","2133767771","0.2"
"2133767771","2105820087","0.2"
"2105820087","2141335157","23.2357"
"2141335157","2105820087","23.2357"
"2133767771","2141335157","0.2"
"2141335157","2133767771","0.2"
"1484829740","2124924555","2.08333"
"2124924555","1484829740","2.08333"
"1484829740","1507409649","0.0833333"
"1507409649","1484829740","0.0833333"
"1484829740","1600018470","0.0833333"
"1600018470","1484829740","0.0833333"
"1484829740","1873178562","0.0833333"
"1873178562","1484829740","0.0833333"
"1484829740","1965217418","0.0833333"
"1965217418","1484829740","0.0833333"
"1484829740","2003092111","0.0833333"
"2003092111","1484829740","0.0833333"
"1484829740","2059296613","0.0833333"
"2059296613","1484829740","0.0833333"
"1484829740","2082539276","0.0833333"
"2082539276","1484829740","0.0833333"
"1484829740","2095561225","0.0833333"
"2095561225","1484829740","0.0833333"
"1484829740","2103535650","0.0833333"
"2103535650","1484829740","0.0833333"
"1507409649","1600018470","0.5671"
"1600018470","1507409649","0.5671"
"1507409649","1873178562","0.990909"
"1873178562","1507409649","0.990909"
"1507409649","1965217418","0.292857"
"1965217418","1507409649","0.292857"
"1507409649","2003092111","0.0833333"
"2003092111","1507409649","0.0833333"
"1507409649","2059296613","0.65"
"2059296613","1507409649","0.65"
"1507409649","2082539276","1.08333"
"2082539276","1507409649","1.08333"
"1507409649","2095561225","0.633766"
"2095561225","1507409649","0.633766"
"1507409649","2103535650","0.383766"
"2103535650","1507409649","0.383766"
"1507409649","2105820087","0.0833333"
"2105820087","1507409649","0.0833333"
"1507409649","2124924555","0.0833333"
"2124924555","1507409649","0.0833333"
"1507409649","2141335157","0.490909"
"2141335157","1507409649","0.490909"
"1600018470","1873178562","1.31869"
"1873178562","1600018470","1.31869"
"1600018470","1965217418","0.509524"
"1965217418","1600018470","0.509524"
"1600018470","2003092111","0.194444"
"2003092111","1600018470","0.194444"
"1600018470","2059296613","0.277778"
"2059296613","1600018470","0.277778"
"1600018470","2082539276","0.166667"
"2082539276","1600018470","0.166667"
"1600018470","2095561225","0.761544"
"2095561225","1600018470","0.761544"
"1600018470","2103535650","1.01154"
"2103535650","1600018470","1.01154"
"1600018470","2105820087","0.0833333"
"2105820087","1600018470","0.0833333"
"1600018470","2124924555","0.0833333"
"2124924555","1600018470","0.0833333"
"1600018470","2141335157","0.507576"
"2141335157","1600018470","0.507576"
"1873178562","1965217418","0.433333"
"1965217418","1873178562","0.433333"
"1873178562","2003092111","0.194444"
"2003092111","1873178562","0.194444"
"1873178562","2059296613","0.344444"
"2059296613","1873178562","0.344444"
"1873178562","2082539276","0.545635"
"2082539276","1873178562","0.545635"
"1873178562","2095561225","0.685354"
"2095561225","1873178562","0.685354"
"1873178562","2103535650","2.43535"
"2103535650","1873178562","2.43535"
"1873178562","2105820087","0.22619"
"2105820087","1873178562","0.22619"
"1873178562","2124924555","0.0833333"
"2124924555","1873178562","0.0833333"
"1873178562","2141335157","1.32821"
"2141335157","1873178562","1.32821"
"1965217418","2003092111","0.0833333"
"2003092111","1965217418","0.0833333"
"1965217418","2059296613","0.709524"
"2059296613","1965217418","0.709524"
"1965217418","2082539276","0.309524"
"2082539276","1965217418","0.309524"
"1965217418","2095561225","0.852381"
"2095561225","1965217418","0.852381"
"1965217418","2103535650","0.37619"
"2103535650","1965217418","0.37619"
"1965217418","2105820087","0.22619"
"2105820087","1965217418","0.22619"
"1965217418","2124924555","0.416667"
"2124924555","1965217418","0.416667"
"1965217418","2141335157","0.519048"
"2141335157","1965217418","0.519048"
"2003092111","2059296613","0.194444"
"2059296613","2003092111","0.194444"
"2003092111","2082539276","0.0833333"
"2082539276","2003092111","0.0833333"
"2003092111","2095561225","0.194444"
"2095561225","2003092111","0.194444"
"2003092111","2103535650","0.194444"
"2103535650","2003092111","0.194444"
"2003092111","2105820087","0.0833333"
"2105820087","2003092111","0.0833333"
"2003092111","2124924555","0.0833333"
"2124924555","2003092111","0.0833333"
"2003092111","2141335157","0.0833333"
"2141335157","2003092111","0.0833333"
"2059296613","2082539276","0.166667"
"2082539276","2059296613","0.166667"
"2059296613","2095561225","1.32063"
"2095561225","2059296613","1.32063"
"2059296613","2103535650","0.344444"
"2103535650","2059296613","0.344444"
"2059296613","2105820087","0.0833333"
"2105820087","2059296613","0.0833333"
"2059296613","2124924555","0.416667"
"2124924555","2059296613","0.416667"
"2059296613","2141335157","0.37619"
"2141335157","2059296613","0.37619"
"2082539276","2095561225","0.166667"
"2095561225","2082539276","0.166667"
"2082539276","2103535650","0.166667"
"2103535650","2082539276","0.166667"
"2082539276","2105820087","0.369048"
"2105820087","2082539276","0.369048"
"2082539276","2124924555","0.0833333"
"2124924555","2082539276","0.0833333"
"2082539276","2141335157","0.563492"
"2141335157","2082539276","0.563492"
"2095561225","2103535650","0.578211"
"2103535650","2095561225","0.578211"
"2095561225","2105820087","0.0833333"
"2105820087","2095561225","0.0833333"
"2095561225","2124924555","0.416667"
"2124924555","2095561225","0.416667"
"2095561225","2141335157","0.828211"
"2141335157","2095561225","0.828211"
"2103535650","2105820087","0.0833333"
"2105820087","2103535650","0.0833333"
"2103535650","2124924555","0.0833333"
"2124924555","2103535650","0.0833333"
"2103535650","2141335157","0.824242"
"2141335157","2103535650","0.824242"
"2105820087","2124924555","0.0833333"
"2124924555","2105820087","0.0833333"
"2124924555","2141335157","0.0833333"
"2141335157","2124924555","0.0833333"
"194704828","2133767771","0.5"
"2133767771","194704828","0.5"
"2019303707","2133767771","0.166667"
"2133767771","2019303707","0.166667"
"2098551229","2133767771","0.5"
"2133767771","2098551229","0.5"
"1484829740","7644393","1"
"7644393","1484829740","1"
"149321617","1965217418","0.352381"
"1965217418","149321617","0.352381"
"149321617","2059296613","0.320635"
"2059296613","149321617","0.320635"
"149321617","2064174252","1.52063"
"2064174252","149321617","1.52063"
"149321617","2086215390","0.142857"
"2086215390","149321617","0.142857"
"149321617","2095561225","0.522655"
"2095561225","149321617","0.522655"
"149321617","2141335157","0.665512"
"2141335157","149321617","0.665512"
"149321617","2143533311","0.300433"
"2143533311","149321617","0.300433"
"1965217418","2064174252","0.209524"
"2064174252","1965217418","0.209524"
"1965217418","2086215390","0.97619"
"2086215390","1965217418","0.97619"
"1965217418","2143533311","0.209524"
"2143533311","1965217418","0.209524"
"2059296613","2064174252","0.209524"
"2064174252","2059296613","0.209524"
"2059296613","2086215390","0.142857"
"2086215390","2059296613","0.142857"
"2059296613","2143533311","0.209524"
"2143533311","2059296613","0.209524"
"2064174252","2086215390","1.72619"
"2086215390","2064174252","1.72619"
"2064174252","2095561225","0.320635"
"2095561225","2064174252","0.320635"
"2064174252","2141335157","0.320635"
"2141335157","2064174252","0.320635"
"2064174252","2143533311","1.12619"
"2143533311","2064174252","1.12619"
"2086215390","2095561225","0.142857"
"2095561225","2086215390","0.142857"
"2086215390","2141335157","0.142857"
"2141335157","2086215390","0.142857"
"2086215390","2143533311","3.72619"
"2143533311","2086215390","3.72619"
"2095561225","2143533311","0.300433"
"2143533311","2095561225","0.300433"
"2141335157","2143533311","0.300433"
"2143533311","2141335157","0.300433"
"149321617","1552101020","0.971465"
"1552101020","149321617","0.971465"
"149321617","1873178562","2.03813"
"1873178562","149321617","2.03813"
"149321617","2137462201","1.03813"
"2137462201","149321617","1.03813"
"1552101020","1873178562","1.50321"
"1873178562","1552101020","1.50321"
"1552101020","2137462201","3.33654"
"2137462201","1552101020","3.33654"
"1873178562","2137462201","1.98654"
"2137462201","1873178562","1.98654"
"149321617","2098562708","0.468687"
"2098562708","149321617","0.468687"
"1552101020","2064174252","0.311111"
"2064174252","1552101020","0.311111"
"1552101020","2098562708","1.40202"
"2098562708","1552101020","1.40202"
"1873178562","2064174252","0.266667"
"2064174252","1873178562","0.266667"
"1873178562","2098562708","0.357576"
"2098562708","1873178562","0.357576"
"2064174252","2098562708","4.29444"
"2098562708","2064174252","4.29444"
"2064174252","2137462201","0.377778"
"2137462201","2064174252","0.377778"
"2098562708","2137462201","0.468687"
"2137462201","2098562708","0.468687"
"149321617","1507409649","0.157576"
"1507409649","149321617","0.157576"
"149321617","1600018470","0.20202"
"1600018470","149321617","0.20202"
"149321617","2103535650","0.268687"
"2103535650","149321617","0.268687"
"149321617","7644393","0.379798"
"7644393","149321617","0.379798"
"1507409649","1552101020","0.0909091"
"1552101020","1507409649","0.0909091"
"1507409649","2098562708","0.157576"
"2098562708","1507409649","0.157576"
"1507409649","2137462201","0.157576"
"2137462201","1507409649","0.157576"
"1507409649","2143533311","0.157576"
"2143533311","1507409649","0.157576"
"1507409649","7644393","0.157576"
"7644393","1507409649","0.157576"
"1552101020","1600018470","0.0909091"
"1600018470","1552101020","0.0909091"
"1552101020","2095561225","0.20202"
"2095561225","1552101020","0.20202"
"1552101020","2103535650","0.0909091"
"2103535650","1552101020","0.0909091"
"1552101020","2141335157","1.28932"
"2141335157","1552101020","1.28932"
"1552101020","2143533311","0.0909091"
"2143533311","1552101020","0.0909091"
"1552101020","7644393","0.20202"
"7644393","1552101020","0.20202"
"1600018470","2098562708","0.0909091"
"2098562708","1600018470","0.0909091"
"1600018470","2137462201","0.285354"
"2137462201","1600018470","0.285354"
"1600018470","2143533311","0.0909091"
"2143533311","1600018470","0.0909091"
"1600018470","7644393","0.20202"
"7644393","1600018470","0.20202"
"1873178562","2143533311","0.157576"
"2143533311","1873178562","0.157576"
"1873178562","7644393","0.268687"
"7644393","1873178562","0.268687"
"2095561225","2098562708","0.268687"
"2098562708","2095561225","0.268687"
"2095561225","2137462201","1.46313"
"2137462201","2095561225","1.46313"
"2095561225","7644393","0.379798"
"7644393","2095561225","0.379798"
"2098562708","2103535650","0.157576"
"2103535650","2098562708","0.157576"
"2098562708","2141335157","0.268687"
"2141335157","2098562708","0.268687"
"2098562708","2143533311","2.74091"
"2143533311","2098562708","2.74091"
"2098562708","7644393","5.01869"
"7644393","2098562708","5.01869"
"2103535650","2137462201","0.35202"
"2137462201","2103535650","0.35202"
"2103535650","2143533311","0.157576"
"2143533311","2103535650","0.157576"
"2103535650","7644393","0.268687"
"7644393","2103535650","0.268687"
"2137462201","2141335157","1.82821"
"2141335157","2137462201","1.82821"
"2137462201","2143533311","0.157576"
"2143533311","2137462201","0.157576"
"2137462201","7644393","0.379798"
"7644393","2137462201","0.379798"
"2141335157","7644393","0.268687"
"7644393","2141335157","0.268687"
"2143533311","7644393","73.9076"
"7644393","2143533311","73.9076"
"149321617","1895697283","0.569444"
"1895697283","149321617","0.569444"
"149321617","1964677551","0.458333"
"1964677551","149321617","0.458333"
"149321617","2005737301","0.125"
"2005737301","149321617","0.125"
"149321617","2082539276","1.7123"
"2082539276","149321617","1.7123"
"149321617","2133767771","0.125"
"2133767771","149321617","0.125"
"1552101020","1895697283","0.378968"
"1895697283","1552101020","0.378968"
"1552101020","1964677551","0.490079"
"1964677551","1552101020","0.490079"
"1552101020","2005737301","0.125"
"2005737301","1552101020","0.125"
"1552101020","2082539276","0.378968"
"2082539276","1552101020","0.378968"
"1552101020","2133767771","0.125"
"2133767771","1552101020","0.125"
"1873178562","1895697283","0.378968"
"1895697283","1873178562","0.378968"
"1873178562","1964677551","0.773413"
"1964677551","1873178562","0.773413"
"1873178562","2005737301","0.458333"
"2005737301","1873178562","0.458333"
"1873178562","2133767771","0.125"
"2133767771","1873178562","0.125"
"1895697283","1964677551","0.378968"
"1964677551","1895697283","0.378968"
"1895697283","2005737301","0.125"
"2005737301","1895697283","0.125"
"1895697283","2082539276","13.7123"
"2082539276","1895697283","13.7123"
"1895697283","2133767771","0.125"
"2133767771","1895697283","0.125"
"1895697283","2137462201","0.267857"
"2137462201","1895697283","0.267857"
"1964677551","2082539276","0.462302"
"2082539276","1964677551","0.462302"
"1964677551","2137462201","0.573413"
"2137462201","1964677551","0.573413"
"2005737301","2082539276","0.125"
"2082539276","2005737301","0.125"
"2005737301","2137462201","0.458333"
"2137462201","2005737301","0.458333"
"2082539276","2133767771","0.125"
"2133767771","2082539276","0.125"
"2082539276","2137462201","0.35119"
"2137462201","2082539276","0.35119"
"2133767771","2137462201","0.125"
"2137462201","2133767771","0.125"
"149321617","2003092111","0.111111"
"2003092111","149321617","0.111111"
"1600018470","1964677551","0.394444"
"1964677551","1600018470","0.394444"
"1964677551","2003092111","0.111111"
"2003092111","1964677551","0.111111"
"1964677551","2059296613","0.194444"
"2059296613","1964677551","0.194444"
"1964677551","2095561225","0.305556"
"2095561225","1964677551","0.305556"
"1964677551","2103535650","0.194444"
"2103535650","1964677551","0.194444"
"1964677551","7644393","0.222222"
"7644393","1964677551","0.222222"
"2003092111","2137462201","0.111111"
"2137462201","2003092111","0.111111"
"2003092111","7644393","0.444444"
"7644393","2003092111","0.444444"
"2059296613","2137462201","0.261111"
"2137462201","2059296613","0.261111"
"2059296613","7644393","0.677778"
"7644393","2059296613","0.677778"
"149321617","2098551229","0.177778"
"2098551229","149321617","0.177778"
"1552101020","2098551229","0.111111"
"2098551229","1552101020","0.111111"
"1964677551","2064174252","0.111111"
"2064174252","1964677551","0.111111"
"1964677551","2098562708","0.111111"
"2098562708","1964677551","0.111111"
"2064174252","2098551229","0.177778"
"2098551229","2064174252","0.177778"
"2064174252","7644393","1.42778"
"7644393","2064174252","1.42778"
"2095561225","2098551229","0.261111"
"2098551229","2095561225","0.261111"
"2098551229","2098562708","0.177778"
"2098562708","2098551229","0.177778"
"2098551229","2137462201","0.261111"
"2137462201","2098551229","0.261111"
"2098551229","7644393","0.177778"
"7644393","2098551229","0.177778"
"149321617","1605052250","0.142857"
"1605052250","149321617","0.142857"
"149321617","1760349204","0.209524"
"1760349204","149321617","0.209524"
"149321617","2077749453","0.142857"
"2077749453","149321617","0.142857"
"149321617","2105820087","0.142857"
"2105820087","149321617","0.142857"
"1605052250","1760349204","0.142857"
"1760349204","1605052250","0.142857"
"1605052250","1965217418","1.61905"
"1965217418","1605052250","1.61905"
"1605052250","2077749453","1.95238"
"2077749453","1605052250","1.95238"
"1605052250","2082539276","0.142857"
"2082539276","1605052250","0.142857"
"1605052250","2105820087","0.142857"
"2105820087","1605052250","0.142857"
"1605052250","2141335157","0.142857"
"2141335157","1605052250","0.142857"
"1760349204","1965217418","0.492857"
"1965217418","1760349204","0.492857"
"1760349204","2077749453","0.142857"
"2077749453","1760349204","0.142857"
"1760349204","2082539276","0.22619"
"2082539276","1760349204","0.22619"
"1760349204","2105820087","0.142857"
"2105820087","1760349204","0.142857"
"1760349204","2141335157","0.292857"
"2141335157","1760349204","0.292857"
"1965217418","2077749453","1.61905"
"2077749453","1965217418","1.61905"
"2077749453","2082539276","1.14286"
"2082539276","2077749453","1.14286"
"2077749453","2105820087","0.142857"
"2105820087","2077749453","0.142857"
"2077749453","2141335157","0.142857"
"2141335157","2077749453","0.142857"
"149321617","194704828","0.0666667"
"194704828","149321617","0.0666667"
"1507409649","1760349204","0.566667"
"1760349204","1507409649","0.566667"
"1507409649","194704828","0.0666667"
"194704828","1507409649","0.0666667"
"1507409649","2064174252","0.0666667"
"2064174252","1507409649","0.0666667"
"1507409649","2098551229","0.0666667"
"2098551229","1507409649","0.0666667"
"1760349204","1873178562","0.35"
"1873178562","1760349204","0.35"
"1760349204","194704828","0.15"
"194704828","1760349204","0.15"
"1760349204","2059296613","1.98333"
"2059296613","1760349204","1.98333"
"1760349204","2064174252","0.0666667"
"2064174252","1760349204","0.0666667"
"1760349204","2095561225","0.65"
"2095561225","1760349204","0.65"
"1760349204","2098551229","0.35"
"2098551229","1760349204","0.35"
"1760349204","2098562708","0.0666667"
"2098562708","1760349204","0.0666667"
"1760349204","2103535650","0.15"
"2103535650","1760349204","0.15"
"1760349204","2137462201","0.15"
"2137462201","1760349204","0.15"
"1760349204","2143533311","0.0666667"
"2143533311","1760349204","0.0666667"
"1760349204","7644393","0.566667"
"7644393","1760349204","0.566667"
"1873178562","194704828","0.483333"
"194704828","1873178562","0.483333"
"1873178562","2098551229","0.35"
"2098551229","1873178562","0.35"
"194704828","1965217418","0.15"
"1965217418","194704828","0.15"
"194704828","2059296613","0.15"
"2059296613","194704828","0.15"
"194704828","2064174252","0.0666667"
"2064174252","194704828","0.0666667"
"194704828","2095561225","0.15"
"2095561225","194704828","0.15"
"194704828","2098562708","0.0666667"
"2098562708","194704828","0.0666667"
"194704828","2103535650","0.15"
"2103535650","194704828","0.15"
"194704828","2137462201","0.483333"
"2137462201","194704828","0.483333"
"194704828","2143533311","0.0666667"
"2143533311","194704828","0.0666667"
"194704828","7644393","0.0666667"
"7644393","194704828","0.0666667"
"1965217418","2098551229","0.35"
"2098551229","1965217418","0.35"
"1965217418","2098562708","0.0666667"
"2098562708","1965217418","0.0666667"
"1965217418","2137462201","0.15"
"2137462201","1965217418","0.15"
"1965217418","7644393","0.0666667"
"7644393","1965217418","0.0666667"
"2059296613","2098551229","0.15"
"2098551229","2059296613","0.15"
"2059296613","2098562708","0.0666667"
"2098562708","2059296613","0.0666667"
"2064174252","2103535650","0.0666667"
"2103535650","2064174252","0.0666667"
"2098551229","2103535650","0.15"
"2103535650","2098551229","0.15"
"2098551229","2143533311","0.0666667"
"2143533311","2098551229","0.0666667"
"149321617","2019303707","1.44444"
"2019303707","149321617","1.44444"
"1895697283","2019303707","0.944444"
"2019303707","1895697283","0.944444"
"2019303707","2082539276","0.944444"
"2082539276","2019303707","0.944444"
"149321617","1517108537","0.111111"
"1517108537","149321617","0.111111"
"149321617","2028204570","0.111111"
"2028204570","149321617","0.111111"
"1517108537","1552101020","0.111111"
"1552101020","1517108537","0.111111"
"1517108537","1873178562","0.111111"
"1873178562","1517108537","0.111111"
"1517108537","1895697283","0.111111"
"1895697283","1517108537","0.111111"
"1517108537","1964677551","0.111111"
"1964677551","1517108537","0.111111"
"1517108537","2019303707","0.111111"
"2019303707","1517108537","0.111111"
"1517108537","2028204570","0.111111"
"2028204570","1517108537","0.111111"
"1517108537","2082539276","0.111111"
"2082539276","1517108537","0.111111"
"1517108537","2141335157","0.111111"
"2141335157","1517108537","0.111111"
"1552101020","2019303707","0.111111"
"2019303707","1552101020","0.111111"
"1552101020","2028204570","0.111111"
"2028204570","1552101020","0.111111"
"1873178562","2019303707","0.611111"
"2019303707","1873178562","0.611111"
"1873178562","2028204570","0.111111"
"2028204570","1873178562","0.111111"
"1895697283","2028204570","0.611111"
"2028204570","1895697283","0.611111"
"1895697283","2141335157","0.253968"
"2141335157","1895697283","0.253968"
"2028204570","2082539276","0.611111"
"2082539276","2028204570","0.611111"
"1507409649","2019303707","0.642857"
"2019303707","1507409649","0.642857"
"1507409649","1605052250","0.142857"
"1605052250","1507409649","0.142857"
"1507409649","2077749453","0.142857"
"2077749453","1507409649","0.142857"
"1600018470","1605052250","0.142857"
"1605052250","1600018470","0.142857"
"1600018470","2019303707","0.142857"
"2019303707","1600018470","0.142857"
"1600018470","2077749453","0.142857"
"2077749453","1600018470","0.142857"
"1605052250","2019303707","0.142857"
"2019303707","1605052250","0.142857"
"1605052250","2095561225","0.142857"
"2095561225","1605052250","0.142857"
"1605052250","2103535650","0.142857"
"2103535650","1605052250","0.142857"
"1965217418","2019303707","0.142857"
"2019303707","1965217418","0.142857"
"2019303707","2077749453","0.142857"
"2077749453","2019303707","0.142857"
"2019303707","2095561225","0.142857"
"2095561225","2019303707","0.142857"
"2019303707","2103535650","0.142857"
"2103535650","2019303707","0.142857"
"2077749453","2095561225","0.142857"
"2095561225","2077749453","0.142857"
"2077749453","2103535650","0.142857"
"2103535650","2077749453","0.142857"
"1552101020","2105820087","0.47619"
"2105820087","1552101020","0.47619"
"1895697283","2105820087","0.142857"
"2105820087","1895697283","0.142857"
"2105820087","2137462201","0.97619"
"2137462201","2105820087","0.97619"
"1600018470","1760349204","0.283333"
"1760349204","1600018470","0.283333"
"1600018470","2098551229","0.283333"
"2098551229","1600018470","0.283333"
"1760349204","1964677551","0.283333"
"1964677551","1760349204","0.283333"
"1964677551","1965217418","0.283333"
"1965217418","1964677551","0.283333"
"1600018470","194704828","0.0833333"
"194704828","1600018470","0.0833333"
"194704828","2082539276","0.0833333"
"2082539276","194704828","0.0833333"
"2082539276","2098551229","0.0833333"
"2098551229","2082539276","0.0833333"
"1605052250","2086215390","0.333333"
"2086215390","1605052250","0.333333"
"2077749453","2086215390","0.666667"
"2086215390","2077749453","0.666667"
"1605052250","2098562708","0.333333"
"2098562708","1605052250","0.333333"
"1605052250","2124924555","0.333333"
"2124924555","1605052250","0.333333"
"1605052250","7644393","0.666667"
"7644393","1605052250","0.666667"
"2098562708","2124924555","0.333333"
"2124924555","2098562708","0.333333"
"2124924555","7644393","1.33333"
"7644393","2124924555","1.33333"
"1605052250","2143533311","0.333333"
"2143533311","1605052250","0.333333"
"2077749453","2143533311","0.333333"
"2143533311","2077749453","0.333333"
"2077749453","7644393","0.333333"
"7644393","2077749453","0.333333"
"1760349204","2019303707","1.33333"
"2019303707","1760349204","1.33333"
"1760349204","2028204570","0.333333"
"2028204570","1760349204","0.333333"
"2019303707","2059296613","0.333333"
"2059296613","2019303707","0.333333"
"2028204570","2059296613","1.33333"
"2059296613","2028204570","1.33333"
"1895697283","2098562708","1"
"2098562708","1895697283","1"
"194704828","2077749453","0.333333"
"2077749453","194704828","0.333333"
"194704828","2086215390","0.333333"
"2086215390","194704828","0.333333"
"2005737301","2077749453","0.333333"
"2077749453","2005737301","0.333333"
"2005737301","2086215390","0.333333"
"2086215390","2005737301","0.333333"
"1965217418","2101743164","0.5"
"2101743164","1965217418","0.5"
"2086215390","2101743164","0.5"
"2101743164","2086215390","0.5"
"2003092111","2064174252","0.833333"
"2064174252","2003092111","0.833333"
"2003092111","2098562708","0.333333"
"2098562708","2003092111","0.333333"
"2003092111","2101743164","2"
"2101743164","2003092111","2"
"2003092111","2086215390","1.5"
"2086215390","2003092111","1.5"
"2086215390","7644393","2.08333"
"7644393","2086215390","2.08333"
"2064174252","2101743164","0.5"
"2101743164","2064174252","0.5"
"2098562708","2101743164","0.5"
"2101743164","2098562708","0.5"
"2086215390","2098562708","2.25"
"2098562708","2086215390","2.25"
"2064174252","2081289889","1"
"2081289889","2064174252","1"
"2077749453","2124924555","1"
"2124924555","2077749453","1"
"2101743164","7644393","1.5"
"7644393","2101743164","1.5"
"2101743164","2143533311","0.5"
"2143533311","2101743164","0.5"
"2124924555","2143533311","1"
"2143533311","2124924555","1"
