"1735985391","2405854176","6.89444"
"2405854176","1735985391","6.89444"
"1735985391","2267735350","1"
"2267735350","1735985391","1"
"1735985391","1976094288","2.81111"
"1976094288","1735985391","2.81111"
"1735985391","1992536119","0.420635"
"1992536119","1735985391","0.420635"
"1735985391","2030214288","0.753968"
"2030214288","1735985391","0.753968"
"1735985391","2036380561","0.277778"
"2036380561","1735985391","0.277778"
"1735985391","2074020083","4.14444"
"2074020083","1735985391","4.14444"
"1735985391","2164920786","0.277778"
"2164920786","1735985391","0.277778"
"1735985391","2235892231","1.12063"
"2235892231","1735985391","1.12063"
"1735985391","2343129607","0.670635"
"2343129607","1735985391","0.670635"
"1976094288","1992536119","0.777778"
"1992536119","1976094288","0.777778"
"1976094288","2030214288","0.111111"
"2030214288","1976094288","0.111111"
"1976094288","2036380561","1.61111"
"2036380561","1976094288","1.61111"
"1976094288","2074020083","4.39444"
"2074020083","1976094288","4.39444"
"1976094288","2164920786","1.61111"
"2164920786","1976094288","1.61111"
"1976094288","2235892231","2.31111"
"2235892231","1976094288","2.31111"
"1976094288","2343129607","1.36111"
"2343129607","1976094288","1.36111"
"1976094288","2405854176","3.97778"
"2405854176","1976094288","3.97778"
"1992536119","2030214288","0.253968"
"2030214288","1992536119","0.253968"
"1992536119","2036380561","2.22778"
"2036380561","1992536119","2.22778"
"1992536119","2074020083","0.277778"
"2074020083","1992536119","0.277778"
"1992536119","2164920786","2.22778"
"2164920786","1992536119","2.22778"
"1992536119","2235892231","0.587302"
"2235892231","1992536119","0.587302"
"1992536119","2343129607","16.204"
"2343129607","1992536119","16.204"
"1992536119","2405854176","0.111111"
"2405854176","1992536119","0.111111"
"2030214288","2036380561","0.111111"
"2036380561","2030214288","0.111111"
"2030214288","2074020083","0.111111"
"2074020083","2030214288","0.111111"
"2030214288","2164920786","0.111111"
"2164920786","2030214288","0.111111"
"2030214288","2235892231","0.253968"
"2235892231","2030214288","0.253968"
"2030214288","2343129607","0.253968"
"2343129607","2030214288","0.253968"
"2030214288","2405854176","0.111111"
"2405854176","2030214288","0.111111"
"2036380561","2074020083","0.527778"
"2074020083","2036380561","0.527778"
"2036380561","2164920786","21.0611"
"2164920786","2036380561","21.0611"
"2036380561","2235892231","0.111111"
"2235892231","2036380561","0.111111"
"2036380561","2343129607","2.56111"
"2343129607","2036380561","2.56111"
"2036380561","2405854176","0.111111"
"2405854176","2036380561","0.111111"
"2074020083","2164920786","0.277778"
"2164920786","2074020083","0.277778"
"2074020083","2235892231","1.81111"
"2235892231","2074020083","1.81111"
"2074020083","2343129607","0.527778"
"2343129607","2074020083","0.527778"
"2074020083","2405854176","8.97778"
"2405854176","2074020083","8.97778"
"2164920786","2235892231","0.111111"
"2235892231","2164920786","0.111111"
"2164920786","2343129607","2.56111"
"2343129607","2164920786","2.56111"
"2164920786","2405854176","0.111111"
"2405854176","2164920786","0.111111"
"2235892231","2343129607","0.253968"
"2343129607","2235892231","0.253968"
"2235892231","2405854176","5.31111"
"2405854176","2235892231","5.31111"
"2343129607","2405854176","0.361111"
"2405854176","2343129607","0.361111"
"1735985391","2248044446","1.41667"
"2248044446","1735985391","1.41667"
"1735985391","2585017256","2.11667"
"2585017256","1735985391","2.11667"
"1976094288","2248044446","1.16667"
"2248044446","1976094288","1.16667"
"1976094288","2585017256","1.7"
"2585017256","1976094288","1.7"
"2248044446","2405854176","2.91667"
"2405854176","2248044446","2.91667"
"2248044446","2585017256","5.16667"
"2585017256","2248044446","5.16667"
"2405854176","2585017256","1.45"
"2585017256","2405854176","1.45"
"1735985391","2509893387","0.166667"
"2509893387","1735985391","0.166667"
"1976094288","2509893387","0.166667"
"2509893387","1976094288","0.166667"
"2235892231","2248044446","0.666667"
"2248044446","2235892231","0.666667"
"2235892231","2509893387","0.166667"
"2509893387","2235892231","0.166667"
"2235892231","2585017256","0.7"
"2585017256","2235892231","0.7"
"2248044446","2509893387","1.75"
"2509893387","2248044446","1.75"
"2405854176","2509893387","0.166667"
"2509893387","2405854176","0.166667"
"2509893387","2585017256","0.666667"
"2585017256","2509893387","0.666667"
"1735985391","2293837106","0.5"
"2293837106","1735985391","0.5"
"2030214288","2293837106","0.833333"
"2293837106","2030214288","0.833333"
"2074020083","2248044446","4.75"
"2248044446","2074020083","4.75"
"2074020083","2585017256","1.2"
"2585017256","2074020083","1.2"
"1735985391","1990444226","0.142857"
"1990444226","1735985391","0.142857"
"1735985391","2271311528","0.142857"
"2271311528","1735985391","0.142857"
"1735985391","945571997","0.142857"
"945571997","1735985391","0.142857"
"1990444226","1992536119","0.342857"
"1992536119","1990444226","0.342857"
"1990444226","2030214288","0.142857"
"2030214288","1990444226","0.142857"
"1990444226","2235892231","0.142857"
"2235892231","1990444226","0.142857"
"1990444226","2271311528","11.6762"
"2271311528","1990444226","11.6762"
"1990444226","2343129607","0.342857"
"2343129607","1990444226","0.342857"
"1990444226","945571997","0.142857"
"945571997","1990444226","0.142857"
"1992536119","2271311528","0.67619"
"2271311528","1992536119","0.67619"
"1992536119","945571997","0.142857"
"945571997","1992536119","0.142857"
"2030214288","2271311528","0.142857"
"2271311528","2030214288","0.142857"
"2030214288","945571997","0.142857"
"945571997","2030214288","0.142857"
"2235892231","2271311528","0.142857"
"2271311528","2235892231","0.142857"
"2235892231","945571997","0.142857"
"945571997","2235892231","0.142857"
"2271311528","2343129607","0.67619"
"2343129607","2271311528","0.67619"
"2271311528","945571997","1.14286"
"945571997","2271311528","1.14286"
"2343129607","945571997","0.142857"
"945571997","2343129607","0.142857"
"1785837166","1814491495","4.25"
"1814491495","1785837166","4.25"
"1785837166","2098292500","11.0833"
"2098292500","1785837166","11.0833"
"1814491495","2098292500","7.25"
"2098292500","1814491495","7.25"
"1785837166","2072957930","0.583333"
"2072957930","1785837166","0.583333"
"1785837166","2148959739","1.08333"
"2148959739","1785837166","1.08333"
"2072957930","2098292500","1.58333"
"2098292500","2072957930","1.58333"
"2072957930","2148959739","20.9167"
"2148959739","2072957930","20.9167"
"2098292500","2148959739","2.08333"
"2148959739","2098292500","2.08333"
"1785837166","2248044446","1"
"2248044446","1785837166","1"
"1814491495","2072957930","1.75"
"2072957930","1814491495","1.75"
"1814491495","2148959739","2.08333"
"2148959739","1814491495","2.08333"
"1814491495","2030214288","1"
"2030214288","1814491495","1"
"1814491495","1992536119","0.333333"
"1992536119","1814491495","0.333333"
"1814491495","2235892231","0.333333"
"2235892231","1814491495","0.333333"
"1992536119","2148959739","0.833333"
"2148959739","1992536119","0.833333"
"2148959739","2235892231","0.333333"
"2235892231","2148959739","0.333333"
"1976094288","2267735350","1"
"2267735350","1976094288","1"
"1990444226","2148959739","1.33333"
"2148959739","1990444226","1.33333"
"1990444226","2267735350","1"
"2267735350","1990444226","1"
"1990444226","2036380561","0.2"
"2036380561","1990444226","0.2"
"1990444226","2164920786","0.2"
"2164920786","1990444226","0.2"
"2036380561","2271311528","0.2"
"2271311528","2036380561","0.2"
"2164920786","2271311528","0.2"
"2271311528","2164920786","0.2"
"1990444226","2072957930","0.333333"
"2072957930","1990444226","0.333333"
"2072957930","2271311528","0.333333"
"2271311528","2072957930","0.333333"
"2148959739","2271311528","0.333333"
"2271311528","2148959739","0.333333"
"2148959739","2343129607","0.5"
"2343129607","2148959739","0.5"
"1992536119","2775868087","0.25"
"2775868087","1992536119","0.25"
"2036380561","2775868087","0.25"
"2775868087","2036380561","0.25"
"2164920786","2775868087","0.25"
"2775868087","2164920786","0.25"
"2343129607","2775868087","0.25"
"2775868087","2343129607","0.25"
"1992536119","2116111642","0.333333"
"2116111642","1992536119","0.333333"
"2116111642","2271311528","0.333333"
"2271311528","2116111642","0.333333"
"2116111642","2343129607","0.333333"
"2343129607","2116111642","0.333333"
"2030214288","2788086856","5.5"
"2788086856","2030214288","5.5"
"2030214288","2585378574","0.5"
"2585378574","2030214288","0.5"
"2585378574","2788086856","0.5"
"2788086856","2585378574","0.5"
"2030214288","2335875860","0.333333"
"2335875860","2030214288","0.333333"
"2030214288","2746626573","0.333333"
"2746626573","2030214288","0.333333"
"2293837106","2335875860","0.333333"
"2335875860","2293837106","0.333333"
"2293837106","2746626573","0.333333"
"2746626573","2293837106","0.333333"
"2335875860","2746626573","22.3333"
"2746626573","2335875860","22.3333"
"2036380561","2248044446","0.25"
"2248044446","2036380561","0.25"
"2036380561","2267735350","0.25"
"2267735350","2036380561","0.25"
"2036380561","2509893387","0.25"
"2509893387","2036380561","0.25"
"2074020083","2267735350","2.25"
"2267735350","2074020083","2.25"
"2074020083","2509893387","0.25"
"2509893387","2074020083","0.25"
"2248044446","2267735350","0.75"
"2267735350","2248044446","0.75"
"2267735350","2509893387","0.75"
"2509893387","2267735350","0.75"
"2072957930","2116111642","0.5"
"2116111642","2072957930","0.5"
"2116111642","2148959739","0.5"
"2148959739","2116111642","0.5"
"2074020083","2293837106","1.5"
"2293837106","2074020083","1.5"
"2293837106","2405854176","0.5"
"2405854176","2293837106","0.5"
"2098292500","2235892231","0.5"
"2235892231","2098292500","0.5"
"2098292500","2248044446","0.5"
"2248044446","2098292500","0.5"
"2116111642","2267735350","1"
"2267735350","2116111642","1"
"2116111642","2335875860","0.333333"
"2335875860","2116111642","0.333333"
"2116111642","2514480375","0.333333"
"2514480375","2116111642","0.333333"
"2116111642","2746626573","0.333333"
"2746626573","2116111642","0.333333"
"2335875860","2514480375","5.33333"
"2514480375","2335875860","5.33333"
"2514480375","2746626573","6.83333"
"2746626573","2514480375","6.83333"
"2235892231","2602756700","2"
"2602756700","2235892231","2"
"2235892231","2788086856","1"
"2788086856","2235892231","1"
"2248044446","2335875860","0.333333"
"2335875860","2248044446","0.333333"
"2248044446","2746626573","0.333333"
"2746626573","2248044446","0.333333"
"2335875860","2509893387","0.333333"
"2509893387","2335875860","0.333333"
"2509893387","2746626573","0.333333"
"2746626573","2509893387","0.333333"
"2267735350","2585308011","2.83333"
"2585308011","2267735350","2.83333"
"2267735350","2514480375","1.5"
"2514480375","2267735350","1.5"
"2267735350","2746626573","0.833333"
"2746626573","2267735350","0.833333"
"2267735350","2602756700","3"
"2602756700","2267735350","3"
"2267735350","2584652887","0.5"
"2584652887","2267735350","0.5"
"2584652887","2585308011","0.5"
"2585308011","2584652887","0.5"
"2267735350","2335875860","0.333333"
"2335875860","2267735350","0.333333"
"2335875860","2585308011","0.333333"
"2585308011","2335875860","0.333333"
"2585308011","2746626573","0.333333"
"2746626573","2585308011","0.333333"
"2405854176","2788086856","1"
"2788086856","2405854176","1"
"2405854176","2602756700","1"
"2602756700","2405854176","1"
"2509893387","2585308011","3"
"2585308011","2509893387","3"
"2509893387","2788086856","1"
"2788086856","2509893387","1"
