"1021271351","2208856346","5.19266"
"2208856346","1021271351","5.19266"
"1021271351","2033130697","2.75"
"2033130697","1021271351","2.75"
"1021271351","1976826019","0.279167"
"1976826019","1021271351","0.279167"
"1021271351","2049105561","0.986447"
"2049105561","1021271351","0.986447"
"1021271351","2092845575","0.766667"
"2092845575","1021271351","0.766667"
"1021271351","2166411833","0.166667"
"2166411833","1021271351","0.166667"
"1021271351","2563233531","2.81799"
"2563233531","1021271351","2.81799"
"1976826019","2049105561","0.442816"
"2049105561","1976826019","0.442816"
"1976826019","2092845575","0.533333"
"2092845575","1976826019","0.533333"
"1976826019","2166411833","0.376149"
"2166411833","1976826019","0.376149"
"1976826019","2208856346","0.872473"
"2208856346","1976826019","0.872473"
"1976826019","2563233531","1.81365"
"2563233531","1976826019","1.81365"
"2049105561","2092845575","6.86714"
"2092845575","2049105561","6.86714"
"2049105561","2166411833","1.3169"
"2166411833","2049105561","1.3169"
"2049105561","2208856346","0.650105"
"2208856346","2049105561","0.650105"
"2049105561","2563233531","0.568204"
"2563233531","2049105561","0.568204"
"2092845575","2166411833","0.991504"
"2166411833","2092845575","0.991504"
"2092845575","2208856346","0.740622"
"2208856346","2092845575","0.740622"
"2092845575","2563233531","0.692909"
"2563233531","2092845575","0.692909"
"2166411833","2208856346","0.376149"
"2208856346","2166411833","0.376149"
"2166411833","2563233531","0.765572"
"2563233531","2166411833","0.765572"
"2208856346","2563233531","5.41985"
"2563233531","2208856346","5.41985"
"1021271351","2473552888","0.753968"
"2473552888","1021271351","0.753968"
"2033130697","2473552888","0.694788"
"2473552888","2033130697","0.694788"
"1021271351","1584845053","0.642857"
"1584845053","1021271351","0.642857"
"1021271351","1602677329","0.25"
"1602677329","1021271351","0.25"
"1021271351","2735847699","0.25"
"2735847699","1021271351","0.25"
"1021271351","2795686572","1.54895"
"2795686572","1021271351","1.54895"
"1584845053","1602677329","1.33333"
"1602677329","1584845053","1.33333"
"1584845053","2735847699","17.0195"
"2735847699","1584845053","17.0195"
"1584845053","2795686572","1.09522"
"2795686572","1584845053","1.09522"
"1602677329","2735847699","0.5"
"2735847699","1602677329","0.5"
"1602677329","2795686572","1.08333"
"2795686572","1602677329","1.08333"
"2735847699","2795686572","0.54259"
"2795686572","2735847699","0.54259"
"1021271351","2105012045","3.29821"
"2105012045","1021271351","3.29821"
"1021271351","2803797658","0.925137"
"2803797658","1021271351","0.925137"
"1021271351","2941752766","1.11026"
"2941752766","1021271351","1.11026"
"1021271351","2956603593","1.7"
"2956603593","1021271351","1.7"
"1021271351","3021067126","1.25311"
"3021067126","1021271351","1.25311"
"2105012045","2803797658","1.5737"
"2803797658","2105012045","1.5737"
"2105012045","2941752766","0.325"
"2941752766","2105012045","0.325"
"2105012045","2956603593","0.234483"
"2956603593","2105012045","0.234483"
"2105012045","3021067126","0.325"
"3021067126","2105012045","0.325"
"2803797658","2941752766","2.81228"
"2941752766","2803797658","2.81228"
"2803797658","2956603593","0.790909"
"2956603593","2803797658","0.790909"
"2803797658","3021067126","1.22955"
"3021067126","2803797658","1.22955"
"2941752766","2956603593","9.12424"
"2956603593","2941752766","9.12424"
"2941752766","3021067126","11.7214"
"3021067126","2941752766","11.7214"
"2956603593","3021067126","10.2833"
"3021067126","2956603593","10.2833"
"1021271351","2330216853","1.18433"
"2330216853","1021271351","1.18433"
"1021271351","2586356223","3.45774"
"2586356223","1021271351","3.45774"
"2105012045","2330216853","4.53081"
"2330216853","2105012045","4.53081"
"2105012045","2586356223","3.1987"
"2586356223","2105012045","3.1987"
"2330216853","2586356223","2.18085"
"2586356223","2330216853","2.18085"
"2330216853","2803797658","1.70466"
"2803797658","2330216853","1.70466"
"2586356223","2803797658","2.04037"
"2803797658","2586356223","2.04037"
"1021271351","2085843933","2.66647"
"2085843933","1021271351","2.66647"
"1021271351","187831594","0.386111"
"187831594","1021271351","0.386111"
"1021271351","1974207084","0.225"
"1974207084","1021271351","0.225"
"1021271351","2004068299","0.125"
"2004068299","1021271351","0.125"
"1021271351","2011651003","0.275"
"2011651003","1021271351","0.275"
"1021271351","2056939246","0.225"
"2056939246","1021271351","0.225"
"1021271351","2135386404","1.5375"
"2135386404","1021271351","1.5375"
"1021271351","2160230003","0.225"
"2160230003","1021271351","0.225"
"187831594","1974207084","0.360747"
"1974207084","187831594","0.360747"
"187831594","2004068299","0.260747"
"2004068299","187831594","0.260747"
"187831594","2011651003","0.650586"
"2011651003","187831594","0.650586"
"187831594","2056939246","0.538087"
"2056939246","187831594","0.538087"
"187831594","2135386404","0.650586"
"2135386404","187831594","0.650586"
"187831594","2160230003","0.457729"
"2160230003","187831594","0.457729"
"187831594","2330216853","0.629417"
"2330216853","187831594","0.629417"
"1974207084","2004068299","3.11726"
"2004068299","1974207084","3.11726"
"1974207084","2011651003","1.36396"
"2011651003","1974207084","1.36396"
"1974207084","2056939246","1.27992"
"2056939246","1974207084","1.27992"
"1974207084","2135386404","1.33181"
"2135386404","1974207084","1.33181"
"1974207084","2160230003","0.687427"
"2160230003","1974207084","0.687427"
"1974207084","2330216853","0.374733"
"2330216853","1974207084","0.374733"
"2004068299","2011651003","0.7211"
"2011651003","2004068299","0.7211"
"2004068299","2056939246","0.779924"
"2056939246","2004068299","0.779924"
"2004068299","2135386404","1.27278"
"2135386404","2004068299","1.27278"
"2004068299","2160230003","0.44457"
"2160230003","2004068299","0.44457"
"2004068299","2330216853","0.458556"
"2330216853","2004068299","0.458556"
"2011651003","2056939246","4.07317"
"2056939246","2011651003","4.07317"
"2011651003","2135386404","14.066"
"2135386404","2011651003","14.066"
"2011651003","2160230003","1.01282"
"2160230003","2011651003","1.01282"
"2011651003","2330216853","0.534215"
"2330216853","2011651003","0.534215"
"2056939246","2135386404","3.18075"
"2135386404","2056939246","3.18075"
"2056939246","2160230003","0.803786"
"2160230003","2056939246","0.803786"
"2056939246","2330216853","0.625124"
"2330216853","2056939246","0.625124"
"2135386404","2160230003","3.08782"
"2160230003","2135386404","3.08782"
"2135386404","2330216853","0.871448"
"2330216853","2135386404","0.871448"
"2160230003","2330216853","0.65164"
"2330216853","2160230003","0.65164"
"1021271351","2511098035","0.876923"
"2511098035","1021271351","0.876923"
"1021271351","2699869760","0.876923"
"2699869760","1021271351","0.876923"
"2511098035","2699869760","4.19561"
"2699869760","2511098035","4.19561"
"1021271351","2018470432","1.36647"
"2018470432","1021271351","1.36647"
"2018470432","3021067126","0.733333"
"3021067126","2018470432","0.733333"
"1021271351","2416404380","1.85"
"2416404380","1021271351","1.85"
"1021271351","2079680557","0.142857"
"2079680557","1021271351","0.142857"
"1021271351","2215524969","3.66726"
"2215524969","1021271351","3.66726"
"2049105561","2079680557","2.47498"
"2079680557","2049105561","2.47498"
"2049105561","2085843933","1.25298"
"2085843933","2049105561","1.25298"
"2049105561","2215524969","0.365435"
"2215524969","2049105561","0.365435"
"2049105561","2330216853","0.393249"
"2330216853","2049105561","0.393249"
"2049105561","2473552888","0.612511"
"2473552888","2049105561","0.612511"
"2049105561","3021067126","0.697845"
"3021067126","2049105561","0.697845"
"2079680557","2085843933","0.645477"
"2085843933","2079680557","0.645477"
"2079680557","2215524969","0.423768"
"2215524969","2079680557","0.423768"
"2079680557","2330216853","0.327073"
"2330216853","2079680557","0.327073"
"2079680557","2473552888","1.57704"
"2473552888","2079680557","1.57704"
"2079680557","3021067126","0.771825"
"3021067126","2079680557","0.771825"
"2085843933","2215524969","1.44033"
"2215524969","2085843933","1.44033"
"2085843933","2330216853","0.593598"
"2330216853","2085843933","0.593598"
"2085843933","2473552888","1.11582"
"2473552888","2085843933","1.11582"
"2085843933","3021067126","0.720489"
"3021067126","2085843933","0.720489"
"2215524969","2330216853","0.774854"
"2330216853","2215524969","0.774854"
"2215524969","2473552888","0.248768"
"2473552888","2215524969","0.248768"
"2215524969","3021067126","1.54286"
"3021067126","2215524969","1.54286"
"2330216853","2473552888","0.347275"
"2473552888","2330216853","0.347275"
"2330216853","3021067126","0.358766"
"3021067126","2330216853","0.358766"
"2473552888","3021067126","0.362155"
"3021067126","2473552888","0.362155"
"2208856346","2215524969","4.81603"
"2215524969","2208856346","4.81603"
"2208856346","2941752766","1.18382"
"2941752766","2208856346","1.18382"
"2215524969","2941752766","1.79167"
"2941752766","2215524969","1.79167"
"2018470432","2563233531","0.930357"
"2563233531","2018470432","0.930357"
"1021271351","2996490657","0.436447"
"2996490657","1021271351","0.436447"
"2018470432","2105012045","1.64751"
"2105012045","2018470432","1.64751"
"2018470432","2215524969","0.889181"
"2215524969","2018470432","0.889181"
"2018470432","2586356223","0.514181"
"2586356223","2018470432","0.514181"
"2018470432","2803797658","1.09751"
"2803797658","2018470432","1.09751"
"2018470432","2996490657","0.192857"
"2996490657","2018470432","0.192857"
"2105012045","2215524969","2.34103"
"2215524969","2105012045","2.34103"
"2105012045","2563233531","1.91603"
"2563233531","2105012045","1.91603"
"2105012045","2996490657","0.359524"
"2996490657","2105012045","0.359524"
"2215524969","2563233531","3.24222"
"2563233531","2215524969","3.24222"
"2215524969","2586356223","2.06607"
"2586356223","2215524969","2.06607"
"2215524969","2803797658","1.18155"
"2803797658","2215524969","1.18155"
"2215524969","2996490657","0.859524"
"2996490657","2215524969","0.859524"
"2563233531","2586356223","2.1756"
"2586356223","2563233531","2.1756"
"2563233531","2803797658","1.07777"
"2803797658","2563233531","1.07777"
"2563233531","2996490657","0.26978"
"2996490657","2563233531","0.26978"
"2586356223","2996490657","0.692857"
"2996490657","2586356223","0.692857"
"2803797658","2996490657","0.26978"
"2996490657","2803797658","0.26978"
"2105012045","2795686572","0.996324"
"2795686572","2105012045","0.996324"
"2215524969","2795686572","2.11894"
"2795686572","2215524969","2.11894"
"2563233531","2795686572","6.47221"
"2795686572","2563233531","6.47221"
"2586356223","2795686572","0.948704"
"2795686572","2586356223","0.948704"
"1021271351","2801786879","0.73228"
"2801786879","1021271351","0.73228"
"2208856346","2330216853","0.409775"
"2330216853","2208856346","0.409775"
"2208856346","2586356223","1.15823"
"2586356223","2208856346","1.15823"
"2208856346","2795686572","1.28884"
"2795686572","2208856346","1.28884"
"2208856346","2801786879","1.98533"
"2801786879","2208856346","1.98533"
"2215524969","2801786879","1.7696"
"2801786879","2215524969","1.7696"
"2330216853","2563233531","0.73984"
"2563233531","2330216853","0.73984"
"2330216853","2795686572","0.423004"
"2795686572","2330216853","0.423004"
"2330216853","2801786879","0.23984"
"2801786879","2330216853","0.23984"
"2563233531","2801786879","3.92336"
"2801786879","2563233531","3.92336"
"2586356223","2801786879","1.54821"
"2801786879","2586356223","1.54821"
"2795686572","2801786879","3.85046"
"2801786879","2795686572","3.85046"
"2105012045","2208856346","1.507"
"2208856346","2105012045","1.507"
"2085843933","2416404380","1.92785"
"2416404380","2085843933","1.92785"
"1021271351","1980713045","0.45"
"1980713045","1021271351","0.45"
"1021271351","2027092439","0.1"
"2027092439","1021271351","0.1"
"187831594","1980713045","0.520229"
"1980713045","187831594","0.520229"
"187831594","2027092439","0.455806"
"2027092439","187831594","0.455806"
"187831594","2795686572","0.208824"
"2795686572","187831594","0.208824"
"1974207084","1980713045","1.24064"
"1980713045","1974207084","1.24064"
"1974207084","2027092439","0.451413"
"2027092439","1974207084","0.451413"
"1974207084","2795686572","0.86878"
"2795686572","1974207084","0.86878"
"1980713045","2011651003","2.61808"
"2011651003","1980713045","2.61808"
"1980713045","2027092439","0.56463"
"2027092439","1980713045","0.56463"
"1980713045","2056939246","4.61441"
"2056939246","1980713045","4.61441"
"1980713045","2135386404","2.64357"
"2135386404","1980713045","2.64357"
"1980713045","2160230003","0.482462"
"2160230003","1980713045","0.482462"
"1980713045","2330216853","0.62713"
"2330216853","1980713045","0.62713"
"1980713045","2795686572","1.60479"
"2795686572","1980713045","1.60479"
"2011651003","2027092439","0.552073"
"2027092439","2011651003","0.552073"
"2011651003","2795686572","0.404657"
"2795686572","2011651003","0.404657"
"2027092439","2056939246","0.343039"
"2056939246","2027092439","0.343039"
"2027092439","2135386404","0.552073"
"2135386404","2027092439","0.552073"
"2027092439","2160230003","0.862844"
"2160230003","2027092439","0.862844"
"2027092439","2330216853","0.484215"
"2330216853","2027092439","0.484215"
"2027092439","2795686572","0.221324"
"2795686572","2027092439","0.221324"
"2056939246","2795686572","0.792157"
"2795686572","2056939246","0.792157"
"2135386404","2795686572","0.578612"
"2795686572","2135386404","0.578612"
"2160230003","2795686572","0.221324"
"2795686572","2160230003","0.221324"
"2208856346","2996490657","0.216667"
"2996490657","2208856346","0.216667"
"2795686572","2996490657","0.29359"
"2996490657","2795686572","0.29359"
"1584845053","1980713045","0.343306"
"1980713045","1584845053","0.343306"
"1584845053","2033130697","0.361455"
"2033130697","1584845053","0.361455"
"1584845053","2330216853","0.67664"
"2330216853","1584845053","0.67664"
"1980713045","2033130697","1.39216"
"2033130697","1980713045","1.39216"
"2033130697","2330216853","0.433824"
"2330216853","2033130697","0.433824"
"1021271351","2048180277","0.161111"
"2048180277","1021271351","0.161111"
"1021271351","2071765874","0.111111"
"2071765874","1021271351","0.111111"
"1021271351","2117528467","0.161111"
"2117528467","1021271351","0.161111"
"187831594","2018470432","1.0866"
"2018470432","187831594","1.0866"
"187831594","2048180277","0.782435"
"2048180277","187831594","0.782435"
"187831594","2071765874","2.55025"
"2071765874","187831594","2.55025"
"187831594","2085843933","0.677174"
"2085843933","187831594","0.677174"
"187831594","2117528467","1.20168"
"2117528467","187831594","1.20168"
"187831594","2208856346","0.195594"
"2208856346","187831594","0.195594"
"187831594","2473552888","0.145594"
"2473552888","187831594","0.145594"
"2018470432","2048180277","0.961601"
"2048180277","2018470432","0.961601"
"2018470432","2071765874","0.536601"
"2071765874","2018470432","0.536601"
"2018470432","2085843933","1.05792"
"2085843933","2018470432","1.05792"
"2018470432","2117528467","0.527778"
"2117528467","2018470432","0.527778"
"2018470432","2208856346","0.457435"
"2208856346","2018470432","0.457435"
"2018470432","2330216853","0.491258"
"2330216853","2018470432","0.491258"
"2018470432","2473552888","0.169935"
"2473552888","2018470432","0.169935"
"2048180277","2071765874","0.232435"
"2071765874","2048180277","0.232435"
"2048180277","2085843933","0.299101"
"2085843933","2048180277","0.299101"
"2048180277","2117528467","0.223611"
"2117528467","2048180277","0.223611"
"2048180277","2208856346","0.336111"
"2208856346","2048180277","0.336111"
"2048180277","2330216853","0.169935"
"2330216853","2048180277","0.169935"
"2048180277","2473552888","0.111111"
"2473552888","2048180277","0.111111"
"2071765874","2085843933","1.33526"
"2085843933","2071765874","1.33526"
"2071765874","2117528467","3.6193"
"2117528467","2071765874","3.6193"
"2071765874","2208856346","0.266917"
"2208856346","2071765874","0.266917"
"2071765874","2330216853","0.495326"
"2330216853","2071765874","0.495326"
"2071765874","2473552888","0.145594"
"2473552888","2071765874","0.145594"
"2085843933","2117528467","1.16219"
"2117528467","2085843933","1.16219"
"2085843933","2208856346","0.478373"
"2208856346","2085843933","0.478373"
"2117528467","2208856346","1.25442"
"2208856346","2117528467","1.25442"
"2117528467","2330216853","0.345594"
"2330216853","2117528467","0.345594"
"2117528467","2473552888","0.145594"
"2473552888","2117528467","0.145594"
"2208856346","2473552888","0.257049"
"2473552888","2208856346","0.257049"
"2085843933","2511098035","0.716399"
"2511098035","2085843933","0.716399"
"2215524969","2416404380","0.679762"
"2416404380","2215524969","0.679762"
"2215524969","2511098035","0.533333"
"2511098035","2215524969","0.533333"
"2416404380","2511098035","3.97037"
"2511098035","2416404380","3.97037"
"1021271351","2528704971","0.389423"
"2528704971","1021271351","0.389423"
"1021271351","2952429360","0.126923"
"2952429360","1021271351","0.126923"
"1021271351","2968250595","0.0769231"
"2968250595","1021271351","0.0769231"
"2049105561","2511098035","0.313524"
"2511098035","2049105561","0.313524"
"2049105561","2528704971","0.222861"
"2528704971","2049105561","0.222861"
"2049105561","2699869760","0.575534"
"2699869760","2049105561","0.575534"
"2049105561","2795686572","1.31392"
"2795686572","2049105561","1.31392"
"2049105561","2801786879","1.1852"
"2801786879","2049105561","1.1852"
"2049105561","2803797658","0.416156"
"2803797658","2049105561","0.416156"
"2049105561","2941752766","0.809358"
"2941752766","2049105561","0.809358"
"2049105561","2952429360","0.21978"
"2952429360","2049105561","0.21978"
"2049105561","2968250595","0.0769231"
"2968250595","2049105561","0.0769231"
"2049105561","2996490657","0.0769231"
"2996490657","2049105561","0.0769231"
"2511098035","2528704971","0.135747"
"2528704971","2511098035","0.135747"
"2511098035","2563233531","0.126923"
"2563233531","2511098035","0.126923"
"2511098035","2795686572","0.284499"
"2795686572","2511098035","0.284499"
"2511098035","2801786879","0.226656"
"2801786879","2511098035","0.226656"
"2511098035","2803797658","0.454433"
"2803797658","2511098035","0.454433"
"2511098035","2941752766","0.278943"
"2941752766","2511098035","0.278943"
"2511098035","2952429360","0.126923"
"2952429360","2511098035","0.126923"
"2511098035","2968250595","0.49359"
"2968250595","2511098035","0.49359"
"2511098035","2996490657","0.54359"
"2996490657","2511098035","0.54359"
"2511098035","3021067126","0.14359"
"3021067126","2511098035","0.14359"
"2528704971","2563233531","0.42846"
"2563233531","2528704971","0.42846"
"2528704971","2699869760","0.0769231"
"2699869760","2528704971","0.0769231"
"2528704971","2795686572","0.500878"
"2795686572","2528704971","0.500878"
"2528704971","2801786879","0.785361"
"2801786879","2528704971","0.785361"
"2528704971","2803797658","0.309702"
"2803797658","2528704971","0.309702"
"2528704971","2941752766","0.576923"
"2941752766","2528704971","0.576923"
"2528704971","2952429360","0.0769231"
"2952429360","2528704971","0.0769231"
"2528704971","2968250595","0.0769231"
"2968250595","2528704971","0.0769231"
"2528704971","2996490657","0.0769231"
"2996490657","2528704971","0.0769231"
"2528704971","3021067126","0.629555"
"3021067126","2528704971","0.629555"
"2563233531","2699869760","0.74359"
"2699869760","2563233531","0.74359"
"2563233531","2941752766","1.0422"
"2941752766","2563233531","1.0422"
"2563233531","2952429360","0.126923"
"2952429360","2563233531","0.126923"
"2563233531","2968250595","0.0769231"
"2968250595","2563233531","0.0769231"
"2563233531","3021067126","0.907332"
"3021067126","2563233531","0.907332"
"2699869760","2795686572","0.230332"
"2795686572","2699869760","0.230332"
"2699869760","2801786879","1.86783"
"2801786879","2699869760","1.86783"
"2699869760","2803797658","1.23728"
"2803797658","2699869760","1.23728"
"2699869760","2941752766","1.64561"
"2941752766","2699869760","1.64561"
"2699869760","2952429360","0.410256"
"2952429360","2699869760","0.410256"
"2699869760","2968250595","0.99359"
"2968250595","2699869760","0.99359"
"2699869760","2996490657","0.99359"
"2996490657","2699869760","0.99359"
"2699869760","3021067126","0.24359"
"3021067126","2699869760","0.24359"
"2795686572","2803797658","0.508454"
"2803797658","2795686572","0.508454"
"2795686572","2941752766","0.57061"
"2941752766","2795686572","0.57061"
"2795686572","2952429360","0.126923"
"2952429360","2795686572","0.126923"
"2795686572","2968250595","0.24359"
"2968250595","2795686572","0.24359"
"2795686572","3021067126","1.224"
"3021067126","2795686572","1.224"
"2801786879","2803797658","1.47512"
"2803797658","2801786879","1.47512"
"2801786879","2941752766","5.11228"
"2941752766","2801786879","5.11228"
"2801786879","2952429360","0.0769231"
"2952429360","2801786879","0.0769231"
"2801786879","2968250595","0.24359"
"2968250595","2801786879","0.24359"
"2801786879","2996490657","2.07692"
"2996490657","2801786879","2.07692"
"2801786879","3021067126","1.949"
"3021067126","2801786879","1.949"
"2803797658","2952429360","0.126923"
"2952429360","2803797658","0.126923"
"2803797658","2968250595","1.07692"
"2968250595","2803797658","1.07692"
"2941752766","2952429360","0.0769231"
"2952429360","2941752766","0.0769231"
"2941752766","2968250595","0.576923"
"2968250595","2941752766","0.576923"
"2941752766","2996490657","2.41026"
"2996490657","2941752766","2.41026"
"2952429360","2968250595","8.74359"
"2968250595","2952429360","8.74359"
"2952429360","2996490657","11.2936"
"2996490657","2952429360","11.2936"
"2952429360","3021067126","0.0769231"
"3021067126","2952429360","0.0769231"
"2968250595","2996490657","16.1603"
"2996490657","2968250595","16.1603"
"2968250595","3021067126","0.910256"
"3021067126","2968250595","0.910256"
"2996490657","3021067126","0.410256"
"3021067126","2996490657","0.410256"
"1021271351","1535090172","0.1"
"1535090172","1021271351","0.1"
"1021271351","2766239046","0.2125"
"2766239046","1021271351","0.2125"
"1535090172","1980713045","1.17221"
"1980713045","1535090172","1.17221"
"1535090172","2049105561","0.96463"
"2049105561","1535090172","0.96463"
"1535090172","2085843933","0.37762"
"2085843933","1535090172","0.37762"
"1535090172","2092845575","0.637723"
"2092845575","1535090172","0.637723"
"1535090172","2208856346","1.45581"
"2208856346","1535090172","1.45581"
"1535090172","2416404380","0.284314"
"2416404380","1535090172","0.284314"
"1535090172","2586356223","0.3"
"2586356223","1535090172","0.3"
"1535090172","2699869760","0.1625"
"2699869760","1535090172","0.1625"
"1535090172","2766239046","0.257576"
"2766239046","1535090172","0.257576"
"1980713045","2049105561","1.136"
"2049105561","1980713045","1.136"
"1980713045","2085843933","1.49621"
"2085843933","1980713045","1.49621"
"1980713045","2092845575","1.16068"
"2092845575","1980713045","1.16068"
"1980713045","2208856346","0.68963"
"2208856346","1980713045","0.68963"
"1980713045","2416404380","1.03859"
"2416404380","1980713045","1.03859"
"1980713045","2586356223","0.158824"
"2586356223","1980713045","0.158824"
"1980713045","2699869760","0.779167"
"2699869760","1980713045","0.779167"
"1980713045","2766239046","1.00758"
"2766239046","1980713045","1.00758"
"2049105561","2416404380","0.735394"
"2416404380","2049105561","0.735394"
"2049105561","2586356223","0.3"
"2586356223","2049105561","0.3"
"2049105561","2766239046","0.310207"
"2766239046","2049105561","0.310207"
"2085843933","2092845575","2.04945"
"2092845575","2085843933","2.04945"
"2085843933","2586356223","0.421324"
"2586356223","2085843933","0.421324"
"2085843933","2699869760","0.682576"
"2699869760","2085843933","0.682576"
"2085843933","2766239046","3.20604"
"2766239046","2085843933","3.20604"
"2092845575","2416404380","0.866707"
"2416404380","2092845575","0.866707"
"2092845575","2586356223","0.625"
"2586356223","2092845575","0.625"
"2092845575","2699869760","1.54583"
"2699869760","2092845575","1.54583"
"2092845575","2766239046","0.310207"
"2766239046","2092845575","0.310207"
"2208856346","2416404380","0.336455"
"2416404380","2208856346","0.336455"
"2208856346","2699869760","0.329167"
"2699869760","2208856346","0.329167"
"2208856346","2766239046","0.265132"
"2766239046","2208856346","0.265132"
"2416404380","2586356223","0.1"
"2586356223","2416404380","0.1"
"2416404380","2699869760","7.12702"
"2699869760","2416404380","7.12702"
"2416404380","2766239046","3.54397"
"2766239046","2416404380","3.54397"
"2586356223","2699869760","0.8"
"2699869760","2586356223","0.8"
"2586356223","2766239046","0.2125"
"2766239046","2586356223","0.2125"
"2699869760","2766239046","1.10758"
"2766239046","2699869760","1.10758"
"1584845053","2105012045","0.361163"
"2105012045","1584845053","0.361163"
"1584845053","2208856346","0.431652"
"2208856346","1584845053","0.431652"
"1584845053","2215524969","0.37734"
"2215524969","1584845053","0.37734"
"1584845053","2563233531","0.997829"
"2563233531","1584845053","0.997829"
"1584845053","2586356223","0.344538"
"2586356223","1584845053","0.344538"
"1584845053","2803797658","0.470221"
"2803797658","1584845053","0.470221"
"2208856346","2803797658","3.25015"
"2803797658","2208856346","3.25015"
"2135386404","2215524969","0.455806"
"2215524969","2135386404","0.455806"
"2135386404","2586356223","0.571324"
"2586356223","2135386404","0.571324"
"2135386404","2699869760","0.630357"
"2699869760","2135386404","0.630357"
"2135386404","2801786879","0.583438"
"2801786879","2135386404","0.583438"
"2215524969","2699869760","1.85833"
"2699869760","2215524969","1.85833"
"1021271351","2188938132","0.0625"
"2188938132","1021271351","0.0625"
"1976826019","2018470432","1.28799"
"2018470432","1976826019","1.28799"
"1976826019","2085843933","0.222473"
"2085843933","1976826019","0.222473"
"1976826019","2105012045","0.530806"
"2105012045","1976826019","0.530806"
"1976826019","2135386404","0.255806"
"2135386404","1976826019","0.255806"
"1976826019","2188938132","0.0625"
"2188938132","1976826019","0.0625"
"1976826019","2215524969","0.388649"
"2215524969","1976826019","0.388649"
"1976826019","2330216853","0.155806"
"2330216853","1976826019","0.155806"
"1976826019","2528704971","0.155806"
"2528704971","1976826019","0.155806"
"1976826019","2586356223","0.296324"
"2586356223","1976826019","0.296324"
"1976826019","2766239046","0.179167"
"2766239046","1976826019","0.179167"
"1976826019","2795686572","0.41299"
"2795686572","1976826019","0.41299"
"1976826019","2801786879","0.271983"
"2801786879","1976826019","0.271983"
"1976826019","2803797658","0.28799"
"2803797658","1976826019","0.28799"
"2018470432","2135386404","0.280147"
"2135386404","2018470432","0.280147"
"2018470432","2188938132","0.0625"
"2188938132","2018470432","0.0625"
"2018470432","2528704971","0.121324"
"2528704971","2018470432","0.121324"
"2018470432","2766239046","0.5125"
"2766239046","2018470432","0.5125"
"2018470432","2795686572","1.47181"
"2795686572","2018470432","1.47181"
"2018470432","2801786879","0.2375"
"2801786879","2018470432","0.2375"
"2085843933","2105012045","1.40581"
"2105012045","2085843933","1.40581"
"2085843933","2135386404","0.840508"
"2135386404","2085843933","0.840508"
"2085843933","2188938132","0.115132"
"2188938132","2085843933","0.115132"
"2085843933","2528704971","0.635851"
"2528704971","2085843933","0.635851"
"2085843933","2563233531","1.44737"
"2563233531","2085843933","1.44737"
"2085843933","2795686572","1.72369"
"2795686572","2085843933","1.72369"
"2085843933","2801786879","0.466014"
"2801786879","2085843933","0.466014"
"2085843933","2803797658","0.723688"
"2803797658","2085843933","0.723688"
"2105012045","2135386404","0.91414"
"2135386404","2105012045","0.91414"
"2105012045","2188938132","0.0625"
"2188938132","2105012045","0.0625"
"2105012045","2528704971","1.53081"
"2528704971","2105012045","1.53081"
"2105012045","2766239046","0.1125"
"2766239046","2105012045","0.1125"
"2105012045","2801786879","0.0969828"
"2801786879","2105012045","0.0969828"
"2135386404","2188938132","0.115132"
"2188938132","2135386404","0.115132"
"2135386404","2208856346","2.37094"
"2208856346","2135386404","2.37094"
"2135386404","2528704971","0.344184"
"2528704971","2135386404","0.344184"
"2135386404","2563233531","0.639037"
"2563233531","2135386404","0.639037"
"2135386404","2766239046","0.34695"
"2766239046","2135386404","0.34695"
"2135386404","2803797658","0.332779"
"2803797658","2135386404","0.332779"
"2188938132","2208856346","0.115132"
"2208856346","2188938132","0.115132"
"2188938132","2215524969","0.0625"
"2215524969","2188938132","0.0625"
"2188938132","2330216853","0.0625"
"2330216853","2188938132","0.0625"
"2188938132","2528704971","5.61513"
"2528704971","2188938132","5.61513"
"2188938132","2563233531","0.115132"
"2563233531","2188938132","0.115132"
"2188938132","2586356223","0.0625"
"2586356223","2188938132","0.0625"
"2188938132","2766239046","0.115132"
"2766239046","2188938132","0.115132"
"2188938132","2795686572","0.115132"
"2795686572","2188938132","0.115132"
"2188938132","2801786879","0.115132"
"2801786879","2188938132","0.115132"
"2188938132","2803797658","0.115132"
"2803797658","2188938132","0.115132"
"2208856346","2528704971","0.208438"
"2528704971","2208856346","0.208438"
"2215524969","2528704971","0.846983"
"2528704971","2215524969","0.846983"
"2215524969","2766239046","0.345833"
"2766239046","2215524969","0.345833"
"2330216853","2528704971","0.98914"
"2528704971","2330216853","0.98914"
"2330216853","2766239046","0.153409"
"2766239046","2330216853","0.153409"
"2528704971","2586356223","0.454657"
"2586356223","2528704971","0.454657"
"2528704971","2766239046","0.115132"
"2766239046","2528704971","0.115132"
"2563233531","2766239046","0.665132"
"2766239046","2563233531","0.665132"
"2766239046","2795686572","0.572707"
"2795686572","2766239046","0.572707"
"2766239046","2801786879","0.206041"
"2801786879","2766239046","0.206041"
"2766239046","2803797658","0.656041"
"2803797658","2766239046","0.656041"
"1021271351","1562718004","0.05"
"1562718004","1021271351","0.05"
"1021271351","2119343539","0.05"
"2119343539","1021271351","0.05"
"1562718004","187831594","0.1125"
"187831594","1562718004","0.1125"
"1562718004","1976826019","0.05"
"1976826019","1562718004","0.05"
"1562718004","2011651003","1.75882"
"2011651003","1562718004","1.75882"
"1562718004","2018470432","0.05"
"2018470432","1562718004","0.05"
"1562718004","2048180277","0.1125"
"2048180277","1562718004","0.1125"
"1562718004","2105012045","0.05"
"2105012045","1562718004","0.05"
"1562718004","2117528467","1.16299"
"2117528467","1562718004","1.16299"
"1562718004","2119343539","2.34973"
"2119343539","1562718004","2.34973"
"1562718004","2135386404","1.64973"
"2135386404","1562718004","1.64973"
"1562718004","2208856346","0.1125"
"2208856346","1562718004","0.1125"
"1562718004","2215524969","0.05"
"2215524969","1562718004","0.05"
"1562718004","2511098035","0.108824"
"2511098035","1562718004","0.108824"
"1562718004","2563233531","0.6125"
"2563233531","1562718004","0.6125"
"1562718004","2586356223","0.05"
"2586356223","1562718004","0.05"
"1562718004","2766239046","0.140909"
"2766239046","1562718004","0.140909"
"1562718004","2795686572","0.6125"
"2795686572","1562718004","0.6125"
"1562718004","2803797658","0.108824"
"2803797658","1562718004","0.108824"
"1562718004","2952429360","0.05"
"2952429360","1562718004","0.05"
"1562718004","2996490657","0.05"
"2996490657","1562718004","0.05"
"187831594","1976826019","0.0844828"
"1976826019","187831594","0.0844828"
"187831594","2105012045","0.251149"
"2105012045","187831594","0.251149"
"187831594","2119343539","0.53984"
"2119343539","187831594","0.53984"
"187831594","2215524969","0.309973"
"2215524969","187831594","0.309973"
"187831594","2511098035","0.05"
"2511098035","187831594","0.05"
"187831594","2563233531","0.223906"
"2563233531","187831594","0.223906"
"187831594","2586356223","0.05"
"2586356223","187831594","0.05"
"187831594","2766239046","0.05"
"2766239046","187831594","0.05"
"187831594","2803797658","0.05"
"2803797658","187831594","0.05"
"187831594","2952429360","0.05"
"2952429360","187831594","0.05"
"187831594","2996490657","0.05"
"2996490657","187831594","0.05"
"1976826019","2011651003","0.134483"
"2011651003","1976826019","0.134483"
"1976826019","2048180277","0.166667"
"2048180277","1976826019","0.166667"
"1976826019","2117528467","0.0844828"
"2117528467","1976826019","0.0844828"
"1976826019","2119343539","0.134483"
"2119343539","1976826019","0.134483"
"1976826019","2511098035","0.116667"
"2511098035","1976826019","0.116667"
"1976826019","2952429360","0.05"
"2952429360","1976826019","0.05"
"1976826019","2996490657","0.05"
"2996490657","1976826019","0.05"
"2011651003","2018470432","0.408824"
"2018470432","2011651003","0.408824"
"2011651003","2048180277","0.221324"
"2048180277","2011651003","0.221324"
"2011651003","2105012045","0.167816"
"2105012045","2011651003","0.167816"
"2011651003","2117528467","1.50816"
"2117528467","2011651003","1.50816"
"2011651003","2119343539","4.29652"
"2119343539","2011651003","4.29652"
"2011651003","2208856346","0.196983"
"2208856346","2011651003","0.196983"
"2011651003","2215524969","0.193306"
"2215524969","2011651003","0.193306"
"2011651003","2511098035","0.108824"
"2511098035","2011651003","0.108824"
"2011651003","2563233531","0.273906"
"2563233531","2011651003","0.273906"
"2011651003","2586356223","0.05"
"2586356223","2011651003","0.05"
"2011651003","2766239046","0.140909"
"2766239046","2011651003","0.140909"
"2011651003","2803797658","0.158824"
"2803797658","2011651003","0.158824"
"2011651003","2952429360","0.05"
"2952429360","2011651003","0.05"
"2011651003","2996490657","0.05"
"2996490657","2011651003","0.05"
"2018470432","2119343539","0.35"
"2119343539","2018470432","0.35"
"2018470432","2511098035","0.116667"
"2511098035","2018470432","0.116667"
"2018470432","2952429360","0.05"
"2952429360","2018470432","0.05"
"2048180277","2105012045","0.05"
"2105012045","2048180277","0.05"
"2048180277","2119343539","0.1625"
"2119343539","2048180277","0.1625"
"2048180277","2135386404","0.221324"
"2135386404","2048180277","0.221324"
"2048180277","2215524969","0.35049"
"2215524969","2048180277","0.35049"
"2048180277","2511098035","0.116667"
"2511098035","2048180277","0.116667"
"2048180277","2563233531","0.2875"
"2563233531","2048180277","0.2875"
"2048180277","2586356223","0.05"
"2586356223","2048180277","0.05"
"2048180277","2766239046","0.116667"
"2766239046","2048180277","0.116667"
"2048180277","2795686572","0.35049"
"2795686572","2048180277","0.35049"
"2048180277","2803797658","0.166667"
"2803797658","2048180277","0.166667"
"2048180277","2952429360","0.05"
"2952429360","2048180277","0.05"
"2048180277","2996490657","0.05"
"2996490657","2048180277","0.05"
"2105012045","2117528467","0.0844828"
"2117528467","2105012045","0.0844828"
"2105012045","2119343539","0.501149"
"2119343539","2105012045","0.501149"
"2105012045","2511098035","0.55"
"2511098035","2105012045","0.55"
"2105012045","2952429360","0.05"
"2952429360","2105012045","0.05"
"2117528467","2119343539","1.69747"
"2119343539","2117528467","1.69747"
"2117528467","2135386404","1.60816"
"2135386404","2117528467","1.60816"
"2117528467","2215524969","0.0844828"
"2215524969","2117528467","0.0844828"
"2117528467","2511098035","0.108824"
"2511098035","2117528467","0.108824"
"2117528467","2563233531","0.673906"
"2563233531","2117528467","0.673906"
"2117528467","2586356223","0.05"
"2586356223","2117528467","0.05"
"2117528467","2766239046","0.140909"
"2766239046","2117528467","0.140909"
"2117528467","2795686572","0.05"
"2795686572","2117528467","0.05"
"2117528467","2803797658","0.108824"
"2803797658","2117528467","0.108824"
"2117528467","2952429360","0.192857"
"2952429360","2117528467","0.192857"
"2117528467","2996490657","0.05"
"2996490657","2117528467","0.05"
"2119343539","2135386404","3.60409"
"2135386404","2119343539","3.60409"
"2119343539","2208856346","0.196983"
"2208856346","2119343539","0.196983"
"2119343539","2215524969","0.467816"
"2215524969","2119343539","0.467816"
"2119343539","2511098035","0.108824"
"2511098035","2119343539","0.108824"
"2119343539","2563233531","0.196983"
"2563233531","2119343539","0.196983"
"2119343539","2586356223","0.05"
"2586356223","2119343539","0.05"
"2119343539","2766239046","0.140909"
"2766239046","2119343539","0.140909"
"2119343539","2795686572","0.38869"
"2795686572","2119343539","0.38869"
"2119343539","2803797658","0.158824"
"2803797658","2119343539","0.158824"
"2119343539","2952429360","0.05"
"2952429360","2119343539","0.05"
"2119343539","2996490657","0.05"
"2996490657","2119343539","0.05"
"2135386404","2511098035","0.108824"
"2511098035","2135386404","0.108824"
"2135386404","2952429360","0.05"
"2952429360","2135386404","0.05"
"2135386404","2996490657","0.05"
"2996490657","2135386404","0.05"
"2208856346","2511098035","0.05"
"2511098035","2208856346","0.05"
"2208856346","2952429360","0.05"
"2952429360","2208856346","0.05"
"2215524969","2952429360","0.05"
"2952429360","2215524969","0.05"
"2511098035","2586356223","1.05"
"2586356223","2511098035","1.05"
"2511098035","2766239046","1.10043"
"2766239046","2511098035","1.10043"
"2586356223","2952429360","0.05"
"2952429360","2586356223","0.05"
"2766239046","2952429360","0.05"
"2952429360","2766239046","0.05"
"2766239046","2996490657","0.8"
"2996490657","2766239046","0.8"
"2208856346","3021067126","0.552632"
"3021067126","2208856346","0.552632"
"1535090172","1556660823","0.294987"
"1556660823","1535090172","0.294987"
"1535090172","1584845053","0.17734"
"1584845053","1535090172","0.17734"
"1535090172","187831594","0.0933063"
"187831594","1535090172","0.0933063"
"1535090172","1976555061","0.580049"
"1976555061","1535090172","0.580049"
"1535090172","1976826019","0.301149"
"1976826019","1535090172","0.301149"
"1535090172","2011651003","0.505539"
"2011651003","1535090172","0.505539"
"1535090172","2027092439","0.21463"
"2027092439","1535090172","0.21463"
"1535090172","2056939246","1.50186"
"2056939246","1535090172","1.50186"
"1535090172","2071765874","0.21463"
"2071765874","1535090172","0.21463"
"1535090172","2079680557","1.03173"
"2079680557","1535090172","1.03173"
"1535090172","2105012045","0.234483"
"2105012045","1535090172","0.234483"
"1535090172","2117528467","0.243039"
"2117528467","1535090172","0.243039"
"1535090172","2119343539","0.355806"
"2119343539","1535090172","0.355806"
"1535090172","2135386404","1.6484"
"2135386404","1535090172","1.6484"
"1535090172","2160230003","1.06436"
"2160230003","1535090172","1.06436"
"1535090172","2166411833","0.0344828"
"2166411833","1535090172","0.0344828"
"1535090172","2215524969","0.159973"
"2215524969","1535090172","0.159973"
"1535090172","2284394336","0.313382"
"2284394336","1535090172","0.313382"
"1535090172","2330216853","0.0933063"
"2330216853","1535090172","0.0933063"
"1535090172","2473552888","0.0344828"
"2473552888","1535090172","0.0344828"
"1535090172","2528704971","0.0933063"
"2528704971","1535090172","0.0933063"
"1535090172","2563233531","0.234483"
"2563233531","1535090172","0.234483"
"1535090172","2735847699","0.0344828"
"2735847699","1535090172","0.0344828"
"1535090172","2801786879","0.343306"
"2801786879","1535090172","0.343306"
"1535090172","2956603593","0.0344828"
"2956603593","1535090172","0.0344828"
"1556660823","1584845053","0.30234"
"1584845053","1556660823","0.30234"
"1556660823","187831594","0.17734"
"187831594","1556660823","0.17734"
"1556660823","1976555061","1.46798"
"1976555061","1556660823","1.46798"
"1556660823","1976826019","0.0844828"
"1976826019","1556660823","0.0844828"
"1556660823","1980713045","1.1108"
"1980713045","1556660823","1.1108"
"1556660823","2011651003","0.896517"
"2011651003","1556660823","0.896517"
"1556660823","2027092439","0.184215"
"2027092439","1556660823","0.184215"
"1556660823","2049105561","0.750182"
"2049105561","1556660823","0.750182"
"1556660823","2056939246","0.955341"
"2056939246","1556660823","0.955341"
"1556660823","2071765874","0.184215"
"2071765874","1556660823","0.184215"
"1556660823","2079680557","2.50696"
"2079680557","1556660823","2.50696"
"1556660823","2085843933","0.15213"
"2085843933","1556660823","0.15213"
"1556660823","2105012045","0.117816"
"2105012045","1556660823","0.117816"
