"105055583","2002094243","1"
"2002094243","105055583","1"
"1487074248","165838864","6.08333"
"165838864","1487074248","6.08333"
"1487074248","2162290558","3.08333"
"2162290558","1487074248","3.08333"
"165838864","2162290558","5.08333"
"2162290558","165838864","5.08333"
"1487074248","2140807037","0.583333"
"2140807037","1487074248","0.583333"
"165838864","2140807037","1.08333"
"2140807037","165838864","1.08333"
"2140807037","2162290558","1.08333"
"2162290558","2140807037","1.08333"
"1487074248","91190831","0.25"
"91190831","1487074248","0.25"
"165838864","91190831","0.25"
"91190831","165838864","0.25"
"2140807037","91190831","0.25"
"91190831","2140807037","0.25"
"2162290558","91190831","0.25"
"91190831","2162290558","0.25"
"1503779619","1556779771","0.900433"
"1556779771","1503779619","0.900433"
"1503779619","2111799174","0.74359"
"2111799174","1503779619","0.74359"
"1556779771","2111799174","1.16667"
"2111799174","1556779771","1.16667"
"1503779619","2779677654","1.13025"
"2779677654","1503779619","1.13025"
"1503779619","2804866778","1.71402"
"2804866778","1503779619","1.71402"
"2779677654","2804866778","6.05449"
"2804866778","2779677654","6.05449"
"1503779619","1990086013","3.15406"
"1990086013","1503779619","3.15406"
"1503779619","2551975923","1.10644"
"2551975923","1503779619","1.10644"
"1503779619","2733823513","2.25476"
"2733823513","1503779619","2.25476"
"1990086013","2551975923","3.27311"
"2551975923","1990086013","3.27311"
"1990086013","2733823513","2.2381"
"2733823513","1990086013","2.2381"
"2551975923","2733823513","2.7381"
"2733823513","2551975923","2.7381"
"1503779619","2558124547","2.10479"
"2558124547","1503779619","2.10479"
"1990086013","2558124547","1.17787"
"2558124547","1990086013","1.17787"
"1503779619","1586939424","0.190476"
"1586939424","1503779619","0.190476"
"1503779619","1900473378","0.047619"
"1900473378","1503779619","0.047619"
"1503779619","1967657094","0.274275"
"1967657094","1503779619","0.274275"
"1503779619","2002094243","0.106443"
"2002094243","1503779619","0.106443"
"1503779619","2069036068","0.647619"
"2069036068","1503779619","0.647619"
"1503779619","2089693515","0.697352"
"2089693515","1503779619","0.697352"
"1503779619","2346194969","0.047619"
"2346194969","1503779619","0.047619"
"1503779619","2400963683","0.047619"
"2400963683","1503779619","0.047619"
"1503779619","2559616525","0.047619"
"2559616525","1503779619","0.047619"
"1503779619","2559660302","0.224542"
"2559660302","1503779619","0.224542"
"1503779619","2588792172","0.482118"
"2588792172","1503779619","0.482118"
"1503779619","2605603844","0.047619"
"2605603844","1503779619","0.047619"
"1503779619","2613379088","0.047619"
"2613379088","1503779619","0.047619"
"1503779619","2728233303","2.91432"
"2728233303","1503779619","2.91432"
"1503779619","2729959306","0.047619"
"2729959306","1503779619","0.047619"
"1503779619","2891928169","0.047619"
"2891928169","1503779619","0.047619"
"1503779619","2997412521","0.047619"
"2997412521","1503779619","0.047619"
"1503779619","304522132","0.197352"
"304522132","1503779619","0.197352"
"1503779619","46112952","0.047619"
"46112952","1503779619","0.047619"
"1586939424","1900473378","0.047619"
"1900473378","1586939424","0.047619"
"1586939424","1967657094","0.297619"
"1967657094","1586939424","0.297619"
"1586939424","1990086013","0.190476"
"1990086013","1586939424","0.190476"
"1586939424","2002094243","0.047619"
"2002094243","1586939424","0.047619"
"1586939424","2069036068","0.047619"
"2069036068","1586939424","0.047619"
"1586939424","2089693515","0.297619"
"2089693515","1586939424","0.297619"
"1586939424","2346194969","0.047619"
"2346194969","1586939424","0.047619"
"1586939424","2400963683","0.047619"
"2400963683","1586939424","0.047619"
"1586939424","2558124547","0.290476"
"2558124547","1586939424","0.290476"
"1586939424","2559616525","0.047619"
"2559616525","1586939424","0.047619"
"1586939424","2559660302","0.190476"
"2559660302","1586939424","0.190476"
"1586939424","2588792172","0.047619"
"2588792172","1586939424","0.047619"
"1586939424","2605603844","0.047619"
"2605603844","1586939424","0.047619"
"1586939424","2613379088","0.190476"
"2613379088","1586939424","0.190476"
"1586939424","2728233303","0.190476"
"2728233303","1586939424","0.190476"
"1586939424","2729959306","0.047619"
"2729959306","1586939424","0.047619"
"1586939424","2891928169","0.047619"
"2891928169","1586939424","0.047619"
"1586939424","2997412521","1.19048"
"2997412521","1586939424","1.19048"
"1586939424","304522132","0.25873"
"304522132","1586939424","0.25873"
"1586939424","46112952","0.047619"
"46112952","1586939424","0.047619"
"1900473378","1967657094","0.214286"
"1967657094","1900473378","0.214286"
"1900473378","1990086013","0.047619"
"1990086013","1900473378","0.047619"
"1900473378","2002094243","0.047619"
"2002094243","1900473378","0.047619"
"1900473378","2069036068","0.214286"
"2069036068","1900473378","0.214286"
"1900473378","2089693515","0.214286"
"2089693515","1900473378","0.214286"
"1900473378","2346194969","0.047619"
"2346194969","1900473378","0.047619"
"1900473378","2400963683","0.047619"
"2400963683","1900473378","0.047619"
"1900473378","2558124547","0.047619"
"2558124547","1900473378","0.047619"
"1900473378","2559616525","0.047619"
"2559616525","1900473378","0.047619"
"1900473378","2559660302","0.047619"
"2559660302","1900473378","0.047619"
"1900473378","2588792172","0.547619"
"2588792172","1900473378","0.547619"
"1900473378","2605603844","0.047619"
"2605603844","1900473378","0.047619"
"1900473378","2613379088","0.047619"
"2613379088","1900473378","0.047619"
"1900473378","2728233303","0.047619"
"2728233303","1900473378","0.047619"
"1900473378","2729959306","0.214286"
"2729959306","1900473378","0.214286"
"1900473378","2891928169","0.047619"
"2891928169","1900473378","0.047619"
"1900473378","2997412521","0.380952"
"2997412521","1900473378","0.380952"
"1900473378","304522132","0.047619"
"304522132","1900473378","0.047619"
"1900473378","46112952","0.214286"
"46112952","1900473378","0.214286"
"1967657094","1990086013","0.106443"
"1990086013","1967657094","0.106443"
"1967657094","2002094243","0.106443"
"2002094243","1967657094","0.106443"
"1967657094","2069036068","0.547619"
"2069036068","1967657094","0.547619"
"1967657094","2089693515","14.1807"
"2089693515","1967657094","14.1807"
"1967657094","2346194969","0.047619"
"2346194969","1967657094","0.047619"
"1967657094","2400963683","0.047619"
"2400963683","1967657094","0.047619"
"1967657094","2558124547","0.183366"
"2558124547","1967657094","0.183366"
"1967657094","2559616525","0.047619"
"2559616525","1967657094","0.047619"
"1967657094","2559660302","0.124542"
"2559660302","1967657094","0.124542"
"1967657094","2588792172","0.415451"
"2588792172","1967657094","0.415451"
"1967657094","2605603844","0.047619"
"2605603844","1967657094","0.047619"
"1967657094","2613379088","0.047619"
"2613379088","1967657094","0.047619"
"1967657094","2728233303","0.183366"
"2728233303","1967657094","0.183366"
"1967657094","2729959306","0.214286"
"2729959306","1967657094","0.214286"
"1967657094","2891928169","0.047619"
"2891928169","1967657094","0.047619"
"1967657094","2997412521","0.047619"
"2997412521","1967657094","0.047619"
"1967657094","304522132","1.09735"
"304522132","1967657094","1.09735"
"1967657094","46112952","0.414286"
"46112952","1967657094","0.414286"
"1990086013","2002094243","0.106443"
"2002094243","1990086013","0.106443"
"1990086013","2069036068","0.047619"
"2069036068","1990086013","0.047619"
"1990086013","2089693515","0.106443"
"2089693515","1990086013","0.106443"
"1990086013","2346194969","0.047619"
"2346194969","1990086013","0.047619"
"1990086013","2400963683","0.047619"
"2400963683","1990086013","0.047619"
"1990086013","2559616525","0.047619"
"2559616525","1990086013","0.047619"
"1990086013","2559660302","1.04762"
"2559660302","1990086013","1.04762"
"1990086013","2588792172","0.380952"
"2588792172","1990086013","0.380952"
"1990086013","2605603844","0.047619"
"2605603844","1990086013","0.047619"
"1990086013","2613379088","0.047619"
"2613379088","1990086013","0.047619"
"1990086013","2728233303","1.15406"
"2728233303","1990086013","1.15406"
"1990086013","2729959306","0.047619"
"2729959306","1990086013","0.047619"
"1990086013","2891928169","0.047619"
"2891928169","1990086013","0.047619"
"1990086013","2997412521","0.047619"
"2997412521","1990086013","0.047619"
"1990086013","304522132","0.106443"
"304522132","1990086013","0.106443"
"1990086013","46112952","0.047619"
"46112952","1990086013","0.047619"
"2002094243","2069036068","0.547619"
"2069036068","2002094243","0.547619"
"2002094243","2089693515","0.106443"
"2089693515","2002094243","0.106443"
"2002094243","2346194969","0.047619"
"2346194969","2002094243","0.047619"
"2002094243","2400963683","0.047619"
"2400963683","2002094243","0.047619"
"2002094243","2558124547","0.106443"
"2558124547","2002094243","0.106443"
"2002094243","2559616525","0.047619"
"2559616525","2002094243","0.047619"
"2002094243","2559660302","0.047619"
"2559660302","2002094243","0.047619"
"2002094243","2588792172","0.047619"
"2588792172","2002094243","0.047619"
"2002094243","2605603844","0.047619"
"2605603844","2002094243","0.047619"
"2002094243","2613379088","0.047619"
"2613379088","2002094243","0.047619"
"2002094243","2728233303","0.106443"
"2728233303","2002094243","0.106443"
"2002094243","2729959306","0.047619"
"2729959306","2002094243","0.047619"
"2002094243","2891928169","0.047619"
"2891928169","2002094243","0.047619"
"2002094243","2997412521","0.190476"
"2997412521","2002094243","0.190476"
"2002094243","304522132","0.106443"
"304522132","2002094243","0.106443"
"2002094243","46112952","0.047619"
"46112952","2002094243","0.047619"
"2069036068","2089693515","0.214286"
"2089693515","2069036068","0.214286"
"2069036068","2346194969","0.047619"
"2346194969","2069036068","0.047619"
"2069036068","2400963683","1.04762"
"2400963683","2069036068","1.04762"
"2069036068","2558124547","0.480952"
"2558124547","2069036068","0.480952"
"2069036068","2559616525","0.047619"
"2559616525","2069036068","0.047619"
"2069036068","2559660302","0.147619"
"2559660302","2069036068","0.147619"
"2069036068","2588792172","0.147619"
"2588792172","2069036068","0.147619"
"2069036068","2605603844","0.047619"
"2605603844","2069036068","0.047619"
"2069036068","2613379088","0.047619"
"2613379088","2069036068","0.047619"
"2069036068","2728233303","0.147619"
"2728233303","2069036068","0.147619"
"2069036068","2729959306","0.214286"
"2729959306","2069036068","0.214286"
"2069036068","2891928169","0.047619"
"2891928169","2069036068","0.047619"
"2069036068","2997412521","0.047619"
"2997412521","2069036068","0.047619"
"2069036068","304522132","0.880952"
"304522132","2069036068","0.880952"
"2069036068","46112952","0.214286"
"46112952","2069036068","0.214286"
"2089693515","2346194969","0.047619"
"2346194969","2089693515","0.047619"
"2089693515","2400963683","0.047619"
"2400963683","2089693515","0.047619"
"2089693515","2558124547","0.106443"
"2558124547","2089693515","0.106443"
"2089693515","2559616525","0.047619"
"2559616525","2089693515","0.047619"
"2089693515","2559660302","0.547619"
"2559660302","2089693515","0.547619"
"2089693515","2588792172","0.671861"
"2588792172","2089693515","0.671861"
"2089693515","2605603844","0.047619"
"2605603844","2089693515","0.047619"
"2089693515","2613379088","0.047619"
"2613379088","2089693515","0.047619"
"2089693515","2728233303","0.106443"
"2728233303","2089693515","0.106443"
"2089693515","2729959306","0.214286"
"2729959306","2089693515","0.214286"
"2089693515","2891928169","0.047619"
"2891928169","2089693515","0.047619"
"2089693515","2997412521","0.047619"
"2997412521","2089693515","0.047619"
"2089693515","304522132","0.930685"
"304522132","2089693515","0.930685"
"2089693515","46112952","0.414286"
"46112952","2089693515","0.414286"
"2346194969","2400963683","0.047619"
"2400963683","2346194969","0.047619"
"2346194969","2558124547","0.047619"
"2558124547","2346194969","0.047619"
"2346194969","2559616525","7.63095"
"2559616525","2346194969","7.63095"
"2346194969","2559660302","0.047619"
"2559660302","2346194969","0.047619"
"2346194969","2588792172","0.047619"
"2588792172","2346194969","0.047619"
"2346194969","2605603844","8.38095"
"2605603844","2346194969","8.38095"
"2346194969","2613379088","0.047619"
"2613379088","2346194969","0.047619"
"2346194969","2728233303","0.047619"
"2728233303","2346194969","0.047619"
"2346194969","2729959306","0.047619"
"2729959306","2346194969","0.047619"
"2346194969","2891928169","2.29762"
"2891928169","2346194969","2.29762"
"2346194969","2997412521","0.047619"
"2997412521","2346194969","0.047619"
"2346194969","304522132","0.047619"
"304522132","2346194969","0.047619"
"2346194969","46112952","0.047619"
"46112952","2346194969","0.047619"
"2400963683","2558124547","0.047619"
"2558124547","2400963683","0.047619"
"2400963683","2559616525","0.047619"
"2559616525","2400963683","0.047619"
"2400963683","2559660302","0.547619"
"2559660302","2400963683","0.547619"
"2400963683","2588792172","0.047619"
"2588792172","2400963683","0.047619"
"2400963683","2605603844","0.047619"
"2605603844","2400963683","0.047619"
"2400963683","2613379088","0.047619"
"2613379088","2400963683","0.047619"
"2400963683","2728233303","0.047619"
"2728233303","2400963683","0.047619"
"2400963683","2729959306","0.047619"
"2729959306","2400963683","0.047619"
"2400963683","2891928169","0.047619"
"2891928169","2400963683","0.047619"
"2400963683","2997412521","0.047619"
"2997412521","2400963683","0.047619"
"2400963683","304522132","0.047619"
"304522132","2400963683","0.047619"
"2400963683","46112952","0.047619"
"46112952","2400963683","0.047619"
"2558124547","2559616525","0.047619"
"2559616525","2558124547","0.047619"
"2558124547","2559660302","0.224542"
"2559660302","2558124547","0.224542"
"2558124547","2588792172","0.724542"
"2588792172","2558124547","0.724542"
"2558124547","2605603844","0.047619"
"2605603844","2558124547","0.047619"
"2558124547","2613379088","0.214286"
"2613379088","2558124547","0.214286"
"2558124547","2728233303","5.43813"
"2728233303","2558124547","5.43813"
"2558124547","2729959306","0.047619"
"2729959306","2558124547","0.047619"
"2558124547","2891928169","0.047619"
"2891928169","2558124547","0.047619"
"2558124547","2997412521","0.047619"
"2997412521","2558124547","0.047619"
"2558124547","304522132","0.206443"
"304522132","2558124547","0.206443"
"2558124547","46112952","0.047619"
"46112952","2558124547","0.047619"
"2559616525","2559660302","0.047619"
"2559660302","2559616525","0.047619"
"2559616525","2588792172","0.047619"
"2588792172","2559616525","0.047619"
"2559616525","2605603844","4.71429"
"2605603844","2559616525","4.71429"
"2559616525","2613379088","0.047619"
"2613379088","2559616525","0.047619"
"2559616525","2728233303","0.047619"
"2728233303","2559616525","0.047619"
"2559616525","2729959306","0.047619"
"2729959306","2559616525","0.047619"
"2559616525","2891928169","1.79762"
"2891928169","2559616525","1.79762"
"2559616525","2997412521","0.047619"
"2997412521","2559616525","0.047619"
"2559616525","304522132","0.047619"
"304522132","2559616525","0.047619"
"2559616525","46112952","0.047619"
"46112952","2559616525","0.047619"
"2559660302","2588792172","2.14878"
"2588792172","2559660302","2.14878"
"2559660302","2605603844","0.047619"
"2605603844","2559660302","0.047619"
"2559660302","2613379088","1.86472"
"2613379088","2559660302","1.86472"
"2559660302","2728233303","0.224542"
"2728233303","2559660302","0.224542"
"2559660302","2729959306","0.047619"
"2729959306","2559660302","0.047619"
"2559660302","2891928169","0.047619"
"2891928169","2559660302","0.047619"
"2559660302","2997412521","0.690476"
"2997412521","2559660302","0.690476"
"2559660302","304522132","0.714286"
"304522132","2559660302","0.714286"
"2559660302","46112952","0.047619"
"46112952","2559660302","0.047619"
"2588792172","2605603844","0.047619"
"2605603844","2588792172","0.047619"
"2588792172","2613379088","1.72186"
"2613379088","2588792172","1.72186"
"2588792172","2728233303","1.22454"
"2728233303","2588792172","1.22454"
"2588792172","2729959306","0.047619"
"2729959306","2588792172","0.047619"
"2588792172","2891928169","0.047619"
"2891928169","2588792172","0.047619"
"2588792172","2997412521","0.047619"
"2997412521","2588792172","0.047619"
"2588792172","304522132","0.338528"
"304522132","2588792172","0.338528"
"2588792172","46112952","0.047619"
"46112952","2588792172","0.047619"
"2605603844","2613379088","0.047619"
"2613379088","2605603844","0.047619"
"2605603844","2728233303","0.047619"
"2728233303","2605603844","0.047619"
"2605603844","2729959306","0.047619"
"2729959306","2605603844","0.047619"
"2605603844","2891928169","5.79762"
"2891928169","2605603844","5.79762"
"2605603844","2997412521","0.047619"
"2997412521","2605603844","0.047619"
"2605603844","304522132","0.047619"
"304522132","2605603844","0.047619"
"2605603844","46112952","0.047619"
"46112952","2605603844","0.047619"
"2613379088","2728233303","0.714286"
"2728233303","2613379088","0.714286"
"2613379088","2729959306","2.04762"
"2729959306","2613379088","2.04762"
"2613379088","2891928169","0.047619"
"2891928169","2613379088","0.047619"
"2613379088","2997412521","1.69048"
"2997412521","2613379088","1.69048"
"2613379088","304522132","0.047619"
"304522132","2613379088","0.047619"
"2613379088","46112952","0.047619"
"46112952","2613379088","0.047619"
"2728233303","2729959306","0.047619"
"2729959306","2728233303","0.047619"
"2728233303","2891928169","0.047619"
"2891928169","2728233303","0.047619"
"2728233303","2997412521","0.047619"
"2997412521","2728233303","0.047619"
"2728233303","304522132","0.106443"
"304522132","2728233303","0.106443"
"2728233303","46112952","0.047619"
"46112952","2728233303","0.047619"
"2729959306","2891928169","0.047619"
"2891928169","2729959306","0.047619"
"2729959306","2997412521","3.04762"
"2997412521","2729959306","3.04762"
"2729959306","304522132","0.047619"
"304522132","2729959306","0.047619"
"2729959306","46112952","0.214286"
"46112952","2729959306","0.214286"
"2891928169","2997412521","0.047619"
"2997412521","2891928169","0.047619"
"2891928169","304522132","0.047619"
"304522132","2891928169","0.047619"
"2891928169","46112952","0.047619"
"46112952","2891928169","0.047619"
"2997412521","304522132","0.047619"
"304522132","2997412521","0.047619"
"2997412521","46112952","0.047619"
"46112952","2997412521","0.047619"
"304522132","46112952","0.247619"
"46112952","304522132","0.247619"
"1990086013","2779677654","0.630252"
"2779677654","1990086013","0.630252"
"1990086013","2804866778","1.10644"
"2804866778","1990086013","1.10644"
"2551975923","2558124547","2.63025"
"2558124547","2551975923","2.63025"
"2551975923","2728233303","2.60644"
"2728233303","2551975923","2.60644"
"2551975923","2779677654","2.29692"
"2779677654","2551975923","2.29692"
"2551975923","2804866778","2.60644"
"2804866778","2551975923","2.60644"
"2558124547","2733823513","7.6119"
"2733823513","2558124547","7.6119"
"2558124547","2779677654","0.987395"
"2779677654","2558124547","0.987395"
"2558124547","2804866778","1.81359"
"2804866778","2558124547","1.81359"
"2728233303","2733823513","3.42143"
"2733823513","2728233303","3.42143"
"2728233303","2779677654","1.13025"
"2779677654","2728233303","1.13025"
"2728233303","2804866778","1.45644"
"2804866778","2728233303","1.45644"
"2733823513","2779677654","0.738095"
"2779677654","2733823513","0.738095"
"2733823513","2804866778","1.95476"
"2804866778","2733823513","1.95476"
"2089693515","2733823513","0.5"
"2733823513","2089693515","0.5"
"1503779619","2073619928","0.766667"
"2073619928","1503779619","0.766667"
"1503779619","2343420905","1.25758"
"2343420905","1503779619","1.25758"
"1556779771","2073619928","0.166667"
"2073619928","1556779771","0.166667"
"1556779771","2343420905","0.495671"
"2343420905","1556779771","0.495671"
"1556779771","2588792172","1.75758"
"2588792172","1556779771","1.75758"
"1556779771","2728233303","0.309524"
"2728233303","1556779771","0.309524"
"2073619928","2111799174","0.166667"
"2111799174","2073619928","0.166667"
"2073619928","2343420905","1.16667"
"2343420905","2073619928","1.16667"
"2073619928","2588792172","0.266667"
"2588792172","2073619928","0.266667"
"2073619928","2728233303","1.26667"
"2728233303","2073619928","1.26667"
"2111799174","2343420905","1.93016"
"2343420905","2111799174","1.93016"
"2111799174","2588792172","2.07692"
"2588792172","2111799174","2.07692"
"2111799174","2728233303","0.24359"
"2728233303","2111799174","0.24359"
"2343420905","2588792172","1.79091"
"2588792172","2343420905","1.79091"
"2343420905","2728233303","0.166667"
"2728233303","2343420905","0.166667"
"1503779619","1764797370","0.0909091"
"1764797370","1503779619","0.0909091"
"1503779619","2039667767","0.0909091"
"2039667767","1503779619","0.0909091"
"1503779619","2213289911","0.149733"
"2213289911","1503779619","0.149733"
"1503779619","2589120716","0.149733"
"2589120716","1503779619","0.149733"
"1556779771","1764797370","0.162338"
"1764797370","1556779771","0.162338"
"1556779771","1967657094","0.0909091"
"1967657094","1556779771","0.0909091"
"1556779771","2039667767","0.162338"
"2039667767","1556779771","0.162338"
"1556779771","2089693515","0.0909091"
"2089693515","1556779771","0.0909091"
"1556779771","2213289911","0.162338"
"2213289911","1556779771","0.162338"
"1556779771","2589120716","0.162338"
"2589120716","1556779771","0.162338"
"1556779771","2804866778","0.233766"
"2804866778","1556779771","0.233766"
"1556779771","304522132","0.0909091"
"304522132","1556779771","0.0909091"
"1764797370","1967657094","0.0909091"
"1967657094","1764797370","0.0909091"
"1764797370","2039667767","4.68072"
"2039667767","1764797370","4.68072"
"1764797370","2089693515","0.0909091"
"2089693515","1764797370","0.0909091"
"1764797370","2213289911","0.976752"
"2213289911","1764797370","0.976752"
"1764797370","2343420905","1.98389"
"2343420905","1764797370","1.98389"
"1764797370","2588792172","0.0909091"
"2588792172","1764797370","0.0909091"
"1764797370","2589120716","0.432179"
"2589120716","1764797370","0.432179"
"1764797370","2804866778","0.0909091"
"2804866778","1764797370","0.0909091"
"1764797370","304522132","0.0909091"
"304522132","1764797370","0.0909091"
"1967657094","2039667767","0.0909091"
"2039667767","1967657094","0.0909091"
"1967657094","2213289911","0.149733"
"2213289911","1967657094","0.149733"
"1967657094","2343420905","0.657576"
"2343420905","1967657094","0.657576"
"1967657094","2589120716","0.149733"
"2589120716","1967657094","0.149733"
"1967657094","2804866778","0.149733"
"2804866778","1967657094","0.149733"
"2039667767","2089693515","0.0909091"
"2089693515","2039667767","0.0909091"
"2039667767","2213289911","1.86627"
"2213289911","2039667767","1.86627"
"2039667767","2343420905","5.54842"
"2343420905","2039667767","5.54842"
"2039667767","2588792172","0.257576"
"2588792172","2039667767","0.257576"
"2039667767","2589120716","0.850271"
"2589120716","2039667767","0.850271"
"2039667767","2804866778","0.0909091"
"2804866778","2039667767","0.0909091"
"2039667767","304522132","0.30202"
"304522132","2039667767","0.30202"
"2089693515","2213289911","0.149733"
"2213289911","2089693515","0.149733"
"2089693515","2343420905","2.82424"
"2343420905","2089693515","2.82424"
"2089693515","2589120716","0.149733"
"2589120716","2089693515","0.149733"
"2089693515","2804866778","0.149733"
"2804866778","2089693515","0.149733"
"2213289911","2343420905","6.68968"
"2343420905","2213289911","6.68968"
"2213289911","2588792172","0.0909091"
"2588792172","2213289911","0.0909091"
"2213289911","2589120716","1.21981"
"2589120716","2213289911","1.21981"
"2213289911","2804866778","0.149733"
"2804866778","2213289911","0.149733"
"2213289911","304522132","0.149733"
"304522132","2213289911","0.149733"
"2343420905","2589120716","2.39432"
"2589120716","2343420905","2.39432"
"2343420905","2804866778","0.233766"
"2804866778","2343420905","0.233766"
"2343420905","304522132","1.57424"
"304522132","2343420905","1.57424"
"2588792172","2589120716","0.515152"
"2589120716","2588792172","0.515152"
"2588792172","2804866778","0.865152"
"2804866778","2588792172","0.865152"
"2589120716","2804866778","0.240642"
"2804866778","2589120716","0.240642"
"2589120716","304522132","0.249733"
"304522132","2589120716","0.249733"
"2804866778","304522132","0.149733"
"304522132","2804866778","0.149733"
"1556779771","1586939424","0.142857"
"1586939424","1556779771","0.142857"
"1556779771","1990086013","0.142857"
"1990086013","1556779771","0.142857"
"1556779771","2551975923","0.142857"
"2551975923","1556779771","0.142857"
"1556779771","2558124547","0.142857"
"2558124547","1556779771","0.142857"
"1586939424","2551975923","0.142857"
"2551975923","1586939424","0.142857"
"1586939424","2804866778","0.342857"
"2804866778","1586939424","0.342857"
"2069036068","2073619928","11.2667"
"2073619928","2069036068","11.2667"
"1503779619","1971414010","0.135747"
"1971414010","1503779619","0.135747"
"1503779619","1992338826","0.135747"
"1992338826","1503779619","0.135747"
"1503779619","2023442959","0.0588235"
"2023442959","1503779619","0.0588235"
"1503779619","2077248243","0.135747"
"2077248243","1503779619","0.135747"
"1503779619","2765937321","0.0588235"
"2765937321","1503779619","0.0588235"
"1967657094","1971414010","0.502413"
"1971414010","1967657094","0.502413"
"1967657094","1992338826","0.66908"
"1992338826","1967657094","0.66908"
"1967657094","2023442959","0.0588235"
"2023442959","1967657094","0.0588235"
"1967657094","2077248243","0.135747"
"2077248243","1967657094","0.135747"
"1967657094","2551975923","0.0588235"
"2551975923","1967657094","0.0588235"
"1967657094","2765937321","0.0588235"
"2765937321","1967657094","0.0588235"
"1967657094","2779677654","0.0588235"
"2779677654","1967657094","0.0588235"
"1971414010","1990086013","0.0588235"
"1990086013","1971414010","0.0588235"
"1971414010","1992338826","8.63575"
"1992338826","1971414010","8.63575"
"1971414010","2002094243","0.0588235"
"2002094243","1971414010","0.0588235"
"1971414010","2023442959","0.22549"
"2023442959","1971414010","0.22549"
"1971414010","2077248243","0.135747"
"2077248243","1971414010","0.135747"
"1971414010","2089693515","1.09216"
"2089693515","1971414010","1.09216"
"1971414010","2213289911","0.0588235"
"2213289911","1971414010","0.0588235"
"1971414010","2551975923","0.0588235"
"2551975923","1971414010","0.0588235"
"1971414010","2558124547","0.135747"
"2558124547","1971414010","0.135747"
"1971414010","2589120716","0.0588235"
"2589120716","1971414010","0.0588235"
"1971414010","2728233303","0.635747"
"2728233303","1971414010","0.635747"
"1971414010","2765937321","0.0588235"
"2765937321","1971414010","0.0588235"
"1971414010","2779677654","0.0588235"
"2779677654","1971414010","0.0588235"
"1971414010","2804866778","0.0588235"
"2804866778","1971414010","0.0588235"
"1971414010","304522132","1.09216"
"304522132","1971414010","1.09216"
"1990086013","1992338826","0.0588235"
"1992338826","1990086013","0.0588235"
"1990086013","2023442959","0.0588235"
"2023442959","1990086013","0.0588235"
"1990086013","2077248243","0.0588235"
"2077248243","1990086013","0.0588235"
"1990086013","2213289911","0.0588235"
"2213289911","1990086013","0.0588235"
"1990086013","2589120716","0.0588235"
"2589120716","1990086013","0.0588235"
"1990086013","2765937321","0.0588235"
"2765937321","1990086013","0.0588235"
"1992338826","2002094243","0.0588235"
"2002094243","1992338826","0.0588235"
"1992338826","2023442959","0.22549"
"2023442959","1992338826","0.22549"
"1992338826","2077248243","0.135747"
"2077248243","1992338826","0.135747"
"1992338826","2089693515","2.25882"
"2089693515","1992338826","2.25882"
"1992338826","2213289911","0.0588235"
"2213289911","1992338826","0.0588235"
"1992338826","2551975923","0.0588235"
"2551975923","1992338826","0.0588235"
"1992338826","2558124547","0.135747"
"2558124547","1992338826","0.135747"
"1992338826","2589120716","0.0588235"
"2589120716","1992338826","0.0588235"
"1992338826","2728233303","1.13575"
"2728233303","1992338826","1.13575"
"1992338826","2765937321","1.05882"
"2765937321","1992338826","1.05882"
"1992338826","2779677654","0.0588235"
"2779677654","1992338826","0.0588235"
"1992338826","2804866778","0.0588235"
"2804866778","1992338826","0.0588235"
"1992338826","304522132","1.09216"
"304522132","1992338826","1.09216"
"2002094243","2023442959","0.0588235"
"2023442959","2002094243","0.0588235"
"2002094243","2077248243","0.0588235"
"2077248243","2002094243","0.0588235"
"2002094243","2213289911","0.0588235"
"2213289911","2002094243","0.0588235"
"2002094243","2551975923","0.0588235"
"2551975923","2002094243","0.0588235"
"2002094243","2589120716","0.0588235"
"2589120716","2002094243","0.0588235"
"2002094243","2765937321","0.201681"
"2765937321","2002094243","0.201681"
"2002094243","2779677654","0.0588235"
"2779677654","2002094243","0.0588235"
"2002094243","2804866778","0.0588235"
"2804866778","2002094243","0.0588235"
"2023442959","2077248243","2.17208"
"2077248243","2023442959","2.17208"
"2023442959","2089693515","0.22549"
"2089693515","2023442959","0.22549"
"2023442959","2213289911","1.18558"
"2213289911","2023442959","1.18558"
"2023442959","2551975923","0.0588235"
"2551975923","2023442959","0.0588235"
"2023442959","2558124547","0.0588235"
"2558124547","2023442959","0.0588235"
"2023442959","2589120716","1.41164"
"2589120716","2023442959","1.41164"
"2023442959","2728233303","0.0588235"
"2728233303","2023442959","0.0588235"
"2023442959","2765937321","0.838189"
"2765937321","2023442959","0.838189"
"2023442959","2779677654","0.0588235"
"2779677654","2023442959","0.0588235"
"2023442959","2804866778","0.201681"
"2804866778","2023442959","0.201681"
"2023442959","304522132","0.22549"
"304522132","2023442959","0.22549"
"2077248243","2089693515","0.0588235"
"2089693515","2077248243","0.0588235"
"2077248243","2213289911","1.07446"
"2213289911","2077248243","1.07446"
"2077248243","2551975923","0.0588235"
"2551975923","2077248243","0.0588235"
"2077248243","2558124547","0.135747"
"2558124547","2077248243","0.135747"
"2077248243","2589120716","1.50053"
"2589120716","2077248243","1.50053"
"2077248243","2728233303","0.135747"
"2728233303","2077248243","0.135747"
"2077248243","2765937321","0.695331"
"2765937321","2077248243","0.695331"
"2077248243","2779677654","0.0588235"
"2779677654","2077248243","0.0588235"
"2077248243","2804866778","0.0588235"
"2804866778","2077248243","0.0588235"
"2077248243","304522132","0.0588235"
"304522132","2077248243","0.0588235"
"2089693515","2551975923","1.05882"
"2551975923","2089693515","1.05882"
"2089693515","2765937321","0.0588235"
"2765937321","2089693515","0.0588235"
"2089693515","2779677654","0.0588235"
"2779677654","2089693515","0.0588235"
"2213289911","2551975923","0.0588235"
"2551975923","2213289911","0.0588235"
"2213289911","2558124547","0.0588235"
"2558124547","2213289911","0.0588235"
"2213289911","2728233303","0.0588235"
"2728233303","2213289911","0.0588235"
"2213289911","2765937321","0.685808"
"2765937321","2213289911","0.685808"
"2213289911","2779677654","0.0588235"
"2779677654","2213289911","0.0588235"
"2551975923","2589120716","0.0588235"
"2589120716","2551975923","0.0588235"
"2551975923","2765937321","0.0588235"
"2765937321","2551975923","0.0588235"
"2551975923","304522132","0.0588235"
"304522132","2551975923","0.0588235"
"2558124547","2589120716","0.158824"
"2589120716","2558124547","0.158824"
"2558124547","2765937321","0.0588235"
"2765937321","2558124547","0.0588235"
"2589120716","2728233303","0.0588235"
"2728233303","2589120716","0.0588235"
"2589120716","2765937321","0.971161"
"2765937321","2589120716","0.971161"
"2589120716","2779677654","0.149733"
"2779677654","2589120716","0.149733"
"2728233303","2765937321","0.0588235"
"2765937321","2728233303","0.0588235"
"2765937321","2779677654","0.149733"
"2779677654","2765937321","0.149733"
"2765937321","2804866778","0.825923"
"2804866778","2765937321","0.825923"
"2765937321","304522132","0.0588235"
"304522132","2765937321","0.0588235"
"2779677654","304522132","0.0588235"
"304522132","2779677654","0.0588235"
"1503779619","2488072891","0.21978"
"2488072891","1503779619","0.21978"
"1990086013","2488072891","0.142857"
"2488072891","1990086013","0.142857"
"2488072891","2551975923","0.309524"
"2551975923","2488072891","0.309524"
"2488072891","2728233303","0.386447"
"2728233303","2488072891","0.386447"
"2488072891","2733823513","0.309524"
"2733823513","2488072891","0.309524"
"2488072891","2779677654","0.309524"
"2779677654","2488072891","0.309524"
"2488072891","2804866778","0.142857"
"2804866778","2488072891","0.142857"
"1503779619","1973930027","0.0769231"
"1973930027","1503779619","0.0769231"
"1503779619","2581419616","0.176923"
"2581419616","1503779619","0.176923"
"1503779619","576050960","0.0769231"
"576050960","1503779619","0.0769231"
"1967657094","1973930027","0.326923"
"1973930027","1967657094","0.326923"
"1967657094","2111799174","0.0769231"
"2111799174","1967657094","0.0769231"
"1967657094","2488072891","0.0769231"
"2488072891","1967657094","0.0769231"
"1967657094","2581419616","0.0769231"
"2581419616","1967657094","0.0769231"
"1967657094","576050960","0.0769231"
"576050960","1967657094","0.0769231"
"1971414010","1973930027","0.0769231"
"1973930027","1971414010","0.0769231"
"1971414010","2111799174","0.576923"
"2111799174","1971414010","0.576923"
"1971414010","2488072891","0.0769231"
"2488072891","1971414010","0.0769231"
"1971414010","2559660302","0.410256"
"2559660302","1971414010","0.410256"
"1971414010","2581419616","0.0769231"
"2581419616","1971414010","0.0769231"
"1971414010","2588792172","1.27692"
"2588792172","1971414010","1.27692"
"1971414010","576050960","0.0769231"
"576050960","1971414010","0.0769231"
"1973930027","1992338826","0.0769231"
"1992338826","1973930027","0.0769231"
"1973930027","2077248243","0.95019"
"2077248243","1973930027","0.95019"
"1973930027","2111799174","0.426129"
"2111799174","1973930027","0.426129"
"1973930027","2488072891","0.0769231"
"2488072891","1973930027","0.0769231"
"1973930027","2558124547","0.176923"
"2558124547","1973930027","0.176923"
"1973930027","2559660302","0.24761"
"2559660302","1973930027","0.24761"
"1973930027","2581419616","0.0769231"
"2581419616","1973930027","0.0769231"
"1973930027","2588792172","0.0769231"
"2588792172","1973930027","0.0769231"
"1973930027","2728233303","0.0769231"
"2728233303","1973930027","0.0769231"
"1973930027","576050960","1.61209"
"576050960","1973930027","1.61209"
"1992338826","2111799174","0.24359"
"2111799174","1992338826","0.24359"
"1992338826","2488072891","0.0769231"
"2488072891","1992338826","0.0769231"
"1992338826","2559660302","0.410256"
"2559660302","1992338826","0.410256"
"1992338826","2581419616","0.0769231"
"2581419616","1992338826","0.0769231"
"1992338826","2588792172","0.24359"
"2588792172","1992338826","0.24359"
"1992338826","576050960","0.0769231"
"576050960","1992338826","0.0769231"
"2077248243","2111799174","0.811844"
"2111799174","2077248243","0.811844"
"2077248243","2488072891","0.0769231"
"2488072891","2077248243","0.0769231"
"2077248243","2559660302","0.476777"
"2559660302","2077248243","0.476777"
"2077248243","2581419616","0.0769231"
"2581419616","2077248243","0.0769231"
"2077248243","2588792172","0.0769231"
"2588792172","2077248243","0.0769231"
"2077248243","576050960","1.85733"
"576050960","2077248243","1.85733"
"2111799174","2488072891","0.0769231"
"2488072891","2111799174","0.0769231"
"2111799174","2558124547","0.0769231"
"2558124547","2111799174","0.0769231"
"2111799174","2559660302","1.63248"
"2559660302","2111799174","1.63248"
"2111799174","2581419616","0.0769231"
"2581419616","2111799174","0.0769231"
"2111799174","576050960","0.811844"
"576050960","2111799174","0.811844"
"2488072891","2558124547","0.24359"
"2558124547","2488072891","0.24359"
"2488072891","2559660302","0.0769231"
"2559660302","2488072891","0.0769231"
"2488072891","2581419616","0.0769231"
"2581419616","2488072891","0.0769231"
"2488072891","2588792172","0.0769231"
"2588792172","2488072891","0.0769231"
"2488072891","576050960","0.0769231"
"576050960","2488072891","0.0769231"
"2558124547","2581419616","1.17692"
"2581419616","2558124547","1.17692"
"2558124547","576050960","0.0769231"
"576050960","2558124547","0.0769231"
"2559660302","2581419616","3.67692"
"2581419616","2559660302","3.67692"
"2559660302","576050960","0.462888"
"576050960","2559660302","0.462888"
"2581419616","2588792172","2.42692"
"2588792172","2581419616","2.42692"
"2581419616","2728233303","0.176923"
"2728233303","2581419616","0.176923"
"2581419616","576050960","0.0769231"
"576050960","2581419616","0.0769231"
"2588792172","576050960","0.0769231"
"576050960","2588792172","0.0769231"
"2728233303","576050960","0.0769231"
"576050960","2728233303","0.0769231"
"1503779619","2925843288","0.1"
"2925843288","1503779619","0.1"
"2069036068","2581419616","2.1"
"2581419616","2069036068","2.1"
"2069036068","2733823513","0.433333"
"2733823513","2069036068","0.433333"
"2069036068","2804866778","0.1"
"2804866778","2069036068","0.1"
"2069036068","2925843288","0.1"
"2925843288","2069036068","0.1"
"2073619928","2558124547","0.433333"
"2558124547","2073619928","0.433333"
"2073619928","2559660302","0.1"
"2559660302","2073619928","0.1"
"2073619928","2581419616","2.1"
"2581419616","2073619928","2.1"
"2073619928","2733823513","0.433333"
"2733823513","2073619928","0.433333"
"2073619928","2804866778","0.1"
"2804866778","2073619928","0.1"
"2073619928","2925843288","0.1"
"2925843288","2073619928","0.1"
"2558124547","2925843288","0.1"
"2925843288","2558124547","0.1"
"2559660302","2733823513","0.1"
"2733823513","2559660302","0.1"
"2559660302","2804866778","0.190909"
"2804866778","2559660302","0.190909"
"2559660302","2925843288","0.6625"
"2925843288","2559660302","0.6625"
"2581419616","2733823513","0.1"
"2733823513","2581419616","0.1"
"2581419616","2804866778","0.35"
"2804866778","2581419616","0.35"
"2581419616","2925843288","0.1"
"2925843288","2581419616","0.1"
"2588792172","2733823513","0.6"
"2733823513","2588792172","0.6"
"2588792172","2925843288","0.1"
"2925843288","2588792172","0.1"
"2728233303","2925843288","0.1"
"2925843288","2728233303","0.1"
"2733823513","2925843288","0.1"
"2925843288","2733823513","0.1"
"2804866778","2925843288","0.1"
"2925843288","2804866778","0.1"
"1538713840","2558124547","0.5"
"2558124547","1538713840","0.5"
"1538713840","2728233303","0.5"
"2728233303","1538713840","0.5"
"1538713840","2213289911","2.8939"
"2213289911","1538713840","2.8939"
"1538713840","2343420905","2.3939"
"2343420905","1538713840","2.3939"
"1538713840","53564293","1.46216"
"53564293","1538713840","1.46216"
"2213289911","53564293","1.06739"
"53564293","2213289911","1.06739"
"2343420905","53564293","1.55787"
"53564293","2343420905","1.55787"
"1538713840","1764797370","1.34787"
"1764797370","1538713840","1.34787"
"1538713840","2022894675","1.30501"
"2022894675","1538713840","1.30501"
"1538713840","2039667767","1.01454"
"2039667767","1538713840","1.01454"
"1538713840","2122499709","0.551044"
"2122499709","1538713840","0.551044"
"1538713840","2589120716","0.142857"
"2589120716","1538713840","0.142857"
"1764797370","2022894675","0.981081"
"2022894675","1764797370","0.981081"
"1764797370","2122499709","0.48914"
"2122499709","1764797370","0.48914"
"2022894675","2039667767","1.84838"
"2039667767","2022894675","1.84838"
"2022894675","2122499709","1.53716"
"2122499709","2022894675","1.53716"
"2022894675","2213289911","1.40949"
"2213289911","2022894675","1.40949"
"2022894675","2343420905","6.0083"
"2343420905","2022894675","6.0083"
"2022894675","2589120716","0.860155"
"2589120716","2022894675","0.860155"
"2039667767","2122499709","0.798266"
"2122499709","2039667767","0.798266"
"2122499709","2213289911","0.949457"
"2213289911","2122499709","0.949457"
"2122499709","2343420905","1.92565"
"2343420905","2122499709","1.92565"
"2122499709","2589120716","2.87936"
"2589120716","2122499709","2.87936"
"1538713840","2765937321","4.70794"
"2765937321","1538713840","4.70794"
"2022894675","2765937321","0.533333"
"2765937321","2022894675","0.533333"
"2022894675","53564293","2.11183"
