"1777285354","2034993557","2.28979"
"2034993557","1777285354","2.28979"
"1777285354","2082208763","0.934455"
"2082208763","1777285354","0.934455"
"2034993557","2082208763","2.75648"
"2082208763","2034993557","2.75648"
"1777285354","1930403392","0.0796569"
"1930403392","1777285354","0.0796569"
"1777285354","1966744811","0.170566"
"1966744811","1777285354","0.170566"
"1777285354","1966992217","0.558824"
"1966992217","1777285354","0.558824"
"1777285354","1978273326","0.0588235"
"1978273326","1777285354","0.0588235"
"1777285354","2019798803","0.854292"
"2019798803","1777285354","0.854292"
"1777285354","2035125304","0.0588235"
"2035125304","1777285354","0.0588235"
"1777285354","2037435746","0.15658"
"2037435746","1777285354","0.15658"
"1777285354","2049146676","0.41299"
"2049146676","1777285354","0.41299"
"1777285354","2075991632","0.0796569"
"2075991632","1777285354","0.0796569"
"1777285354","2091001169","0.0796569"
"2091001169","1777285354","0.0796569"
"1777285354","2093491347","0.295566"
"2093491347","1777285354","0.295566"
"1777285354","2094649542","0.0588235"
"2094649542","1777285354","0.0588235"
"1777285354","2136864958","0.0796569"
"2136864958","1777285354","0.0796569"
"1777285354","3008212433","0.250223"
"3008212433","1777285354","0.250223"
"1777285354","564058385","0.479292"
"564058385","1777285354","0.479292"
"1930403392","1966744811","0.222514"
"1966744811","1930403392","0.222514"
"1930403392","1966992217","0.268347"
"1966992217","1930403392","0.268347"
"1930403392","1978273326","0.64259"
"1978273326","1930403392","0.64259"
"1930403392","2019798803","0.28799"
"2019798803","1930403392","0.28799"
"1930403392","2034993557","0.201681"
"2034993557","1930403392","0.201681"
"1930403392","2035125304","0.481418"
"2035125304","1930403392","0.481418"
"1930403392","2037435746","0.222514"
"2037435746","1930403392","0.222514"
"1930403392","2049146676","0.146324"
"2049146676","1930403392","0.146324"
"1930403392","2075991632","0.0796569"
"2075991632","1930403392","0.0796569"
"1930403392","2082208763","0.38277"
"2082208763","1930403392","0.38277"
"1930403392","2091001169","0.0796569"
"2091001169","1930403392","0.0796569"
"1930403392","2093491347","0.146324"
"2093491347","1930403392","0.146324"
"1930403392","2094649542","0.278604"
"2094649542","1930403392","0.278604"
"1930403392","2136864958","1.57771"
"2136864958","1930403392","1.57771"
"1930403392","3008212433","0.0588235"
"3008212433","1930403392","0.0588235"
"1930403392","564058385","0.16299"
"564058385","1930403392","0.16299"
"1966744811","1966992217","0.201681"
"1966992217","1966744811","0.201681"
"1966744811","1978273326","0.0588235"
"1978273326","1966744811","0.0588235"
"1966744811","2019798803","0.0796569"
"2019798803","1966744811","0.0796569"
"1966744811","2034993557","0.29259"
"2034993557","1966744811","0.29259"
"1966744811","2035125304","0.308824"
"2035125304","1966744811","0.308824"
"1966744811","2037435746","0.48009"
"2037435746","1966744811","0.48009"
"1966744811","2049146676","0.170566"
"2049146676","1966744811","0.170566"
"1966744811","2075991632","4.46021"
"2075991632","1966744811","4.46021"
"1966744811","2082208763","0.313423"
"2082208763","1966744811","0.313423"
"1966744811","2091001169","3.2991"
"2091001169","1966744811","3.2991"
"1966744811","2093491347","0.170566"
"2093491347","1966744811","0.170566"
"1966744811","2094649542","0.201681"
"2094649542","1966744811","0.201681"
"1966744811","2136864958","0.222514"
"2136864958","1966744811","0.222514"
"1966744811","3008212433","0.316399"
"3008212433","1966744811","0.316399"
"1966744811","564058385","0.246324"
"564058385","1966744811","0.246324"
"1966992217","1978273326","0.0588235"
"1978273326","1966992217","0.0588235"
"1966992217","2019798803","0.220861"
"2019798803","1966992217","0.220861"
"1966992217","2034993557","0.64348"
"2034993557","1966992217","0.64348"
"1966992217","2035125304","0.345861"
"2035125304","1966992217","0.345861"
"1966992217","2037435746","0.201681"
"2037435746","1966992217","0.201681"
"1966992217","2049146676","0.196919"
"2049146676","1966992217","0.196919"
"1966992217","2075991632","0.0588235"
"2075991632","1966992217","0.0588235"
"1966992217","2082208763","0.201681"
"2082208763","1966992217","0.201681"
"1966992217","2091001169","0.0588235"
"2091001169","1966992217","0.0588235"
"1966992217","2093491347","0.162527"
"2093491347","1966992217","0.162527"
"1966992217","2094649542","0.238718"
"2094649542","1966992217","0.238718"
"1966992217","2136864958","0.238718"
"2136864958","1966992217","0.238718"
"1966992217","3008212433","0.0588235"
"3008212433","1966992217","0.0588235"
"1966992217","564058385","0.0958606"
"564058385","1966992217","0.0958606"
"1978273326","2019798803","0.183824"
"2019798803","1978273326","0.183824"
"1978273326","2034993557","0.0588235"
"2034993557","1978273326","0.0588235"
"1978273326","2035125304","0.249733"
"2035125304","1978273326","0.249733"
"1978273326","2037435746","0.0588235"
"2037435746","1978273326","0.0588235"
"1978273326","2049146676","0.12549"
"2049146676","1978273326","0.12549"
"1978273326","2075991632","0.0588235"
"2075991632","1978273326","0.0588235"
"1978273326","2082208763","0.0588235"
"2082208763","1978273326","0.0588235"
"1978273326","2091001169","0.0588235"
"2091001169","1978273326","0.0588235"
"1978273326","2093491347","0.12549"
"2093491347","1978273326","0.12549"
"1978273326","2094649542","0.558824"
"2094649542","1978273326","0.558824"
"1978273326","2136864958","0.895368"
"2136864958","1978273326","0.895368"
"1978273326","3008212433","0.0588235"
"3008212433","1978273326","0.0588235"
"1978273326","564058385","0.0588235"
"564058385","1978273326","0.0588235"
"2019798803","2034993557","4.31167"
"2034993557","2019798803","4.31167"
"2019798803","2035125304","0.179194"
"2035125304","2019798803","0.179194"
"2019798803","2037435746","0.15658"
"2037435746","2019798803","0.15658"
"2019798803","2049146676","2.07966"
"2049146676","2019798803","2.07966"
"2019798803","2075991632","0.0796569"
"2075991632","2019798803","0.0796569"
"2019798803","2082208763","0.926879"
"2082208763","2019798803","0.926879"
"2019798803","2091001169","0.0796569"
"2091001169","2019798803","0.0796569"
"2019798803","2093491347","0.241694"
"2093491347","2019798803","0.241694"
"2019798803","2094649542","0.0958606"
"2094649542","2019798803","0.0958606"
"2019798803","2136864958","0.200027"
"2136864958","2019798803","0.200027"
"2019798803","3008212433","0.159314"
"3008212433","2019798803","0.159314"
"2019798803","564058385","1.59966"
"564058385","2019798803","1.59966"
"2034993557","2035125304","0.0958606"
"2035125304","2034993557","0.0958606"
"2034993557","2037435746","0.64527"
"2037435746","2034993557","0.64527"
"2034993557","2049146676","0.463585"
"2049146676","2034993557","0.463585"
"2034993557","2075991632","0.0588235"
"2075991632","2034993557","0.0588235"
"2034993557","2091001169","0.0588235"
"2091001169","2034993557","0.0588235"
"2034993557","2093491347","0.722026"
"2093491347","2034993557","0.722026"
"2034993557","2094649542","0.238718"
"2094649542","2034993557","0.238718"
"2034993557","2136864958","0.238718"
"2136864958","2034993557","0.238718"
"2034993557","3008212433","0.191399"
"3008212433","2034993557","0.191399"
"2034993557","564058385","2.03667"
"564058385","2034993557","2.03667"
"2035125304","2037435746","0.0588235"
"2037435746","2035125304","0.0588235"
"2035125304","2049146676","0.158824"
"2049146676","2035125304","0.158824"
"2035125304","2075991632","0.22549"
"2075991632","2035125304","0.22549"
"2035125304","2082208763","0.21908"
"2082208763","2035125304","0.21908"
"2035125304","2091001169","0.392157"
"2091001169","2035125304","0.392157"
"2035125304","2093491347","0.0958606"
"2093491347","2035125304","0.0958606"
"2035125304","2094649542","1.17278"
"2094649542","2035125304","1.17278"
"2035125304","2136864958","0.441532"
"2136864958","2035125304","0.441532"
"2035125304","3008212433","0.0588235"
"3008212433","2035125304","0.0588235"
"2035125304","564058385","0.429194"
"564058385","2035125304","0.429194"
"2037435746","2049146676","0.170566"
"2049146676","2037435746","0.170566"
"2037435746","2075991632","0.246324"
"2075991632","2037435746","0.246324"
"2037435746","2082208763","1.98918"
"2082208763","2037435746","1.98918"
"2037435746","2091001169","0.0796569"
"2091001169","2037435746","0.0796569"
"2037435746","2093491347","0.179657"
"2093491347","2037435746","0.179657"
"2037435746","2094649542","0.201681"
"2094649542","2037435746","0.201681"
"2037435746","2136864958","0.222514"
"2136864958","2037435746","0.222514"
"2037435746","3008212433","0.22549"
"3008212433","2037435746","0.22549"
"2037435746","564058385","0.789913"
"564058385","2037435746","0.789913"
"2049146676","2075991632","0.0796569"
"2075991632","2049146676","0.0796569"
"2049146676","2082208763","0.0796569"
"2082208763","2049146676","0.0796569"
"2049146676","2091001169","0.0796569"
"2091001169","2049146676","0.0796569"
"2049146676","2093491347","0.21299"
"2093491347","2049146676","0.21299"
"2049146676","2094649542","0.0588235"
"2094649542","2049146676","0.0588235"
"2049146676","2136864958","0.146324"
"2136864958","2049146676","0.146324"
"2049146676","3008212433","0.0588235"
"3008212433","2049146676","0.0588235"
"2049146676","564058385","0.0796569"
"564058385","2049146676","0.0796569"
"2075991632","2082208763","0.0796569"
"2082208763","2075991632","0.0796569"
"2075991632","2091001169","2.26577"
"2091001169","2075991632","2.26577"
"2075991632","2093491347","0.0796569"
"2093491347","2075991632","0.0796569"
"2075991632","2094649542","0.0588235"
"2094649542","2075991632","0.0588235"
"2075991632","2136864958","0.0796569"
"2136864958","2075991632","0.0796569"
"2075991632","3008212433","0.22549"
"3008212433","2075991632","0.22549"
"2075991632","564058385","0.246324"
"564058385","2075991632","0.246324"
"2082208763","2091001169","0.279657"
"2091001169","2082208763","0.279657"
"2082208763","2093491347","0.470566"
"2093491347","2082208763","0.470566"
"2082208763","2094649542","0.278604"
"2094649542","2082208763","0.278604"
"2082208763","2136864958","0.305847"
"2136864958","2082208763","0.305847"
"2082208763","3008212433","0.191399"
"3008212433","2082208763","0.191399"
"2082208763","564058385","1.09355"
"564058385","2082208763","1.09355"
"2091001169","2093491347","0.279657"
"2093491347","2091001169","0.279657"
"2091001169","2094649542","0.0588235"
"2094649542","2091001169","0.0588235"
"2091001169","2136864958","0.0796569"
"2136864958","2091001169","0.0796569"
"2091001169","3008212433","0.0588235"
"3008212433","2091001169","0.0588235"
"2091001169","564058385","0.279657"
"564058385","2091001169","0.279657"
"2093491347","2094649542","0.0958606"
"2094649542","2093491347","0.0958606"
"2093491347","2136864958","0.183361"
"2136864958","2093491347","0.183361"
"2093491347","3008212433","0.149733"
"3008212433","2093491347","0.149733"
"2093491347","564058385","0.916694"
"564058385","2093491347","0.916694"
"2094649542","2136864958","0.238718"
"2136864958","2094649542","0.238718"
"2094649542","3008212433","0.0588235"
"3008212433","2094649542","0.0588235"
"2094649542","564058385","0.0958606"
"564058385","2094649542","0.0958606"
"2136864958","3008212433","0.0588235"
"3008212433","2136864958","0.0588235"
"2136864958","564058385","0.200027"
"564058385","2136864958","0.200027"
"3008212433","564058385","0.32598"
"564058385","3008212433","0.32598"
"1777285354","2520172304","3.05945"
"2520172304","1777285354","3.05945"
"1777285354","1992834492","5.72831"
"1992834492","1777285354","5.72831"
"1777285354","1802848073","1.41855"
"1802848073","1777285354","1.41855"
"1777285354","1963613126","0.0208333"
"1963613126","1777285354","0.0208333"
"1777285354","1966795941","0.0977564"
"1966795941","1777285354","0.0977564"
"1777285354","1987352748","0.0208333"
"1987352748","1777285354","0.0208333"
"1777285354","1987608644","0.0208333"
"1987608644","1777285354","0.0208333"
"1777285354","1999876112","0.0208333"
"1999876112","1777285354","0.0208333"
"1777285354","2006605121","0.611742"
"2006605121","1777285354","0.611742"
"1777285354","2012636016","0.153409"
"2012636016","1777285354","0.153409"
"1777285354","2020528597","0.645076"
"2020528597","1777285354","0.645076"
"1777285354","2030756174","0.0208333"
"2030756174","1777285354","0.0208333"
"1777285354","2043913671","0.0208333"
"2043913671","1777285354","0.0208333"
"1777285354","2057845655","0.520833"
"2057845655","1777285354","0.520833"
"1777285354","2068169498","0.895833"
"2068169498","1777285354","0.895833"
"1777285354","2069342081","0.448247"
"2069342081","1777285354","0.448247"
"1777285354","2075293457","0.0208333"
"2075293457","1777285354","0.0208333"
"1777285354","2080160261","0.0208333"
"2080160261","1777285354","0.0208333"
"1777285354","2083227288","0.0208333"
"2083227288","1777285354","0.0208333"
"1777285354","2094257914","0.918463"
"2094257914","1777285354","0.918463"
"1777285354","2166250715","0.2625"
"2166250715","1777285354","0.2625"
"1777285354","2201918520","0.380065"
"2201918520","1777285354","0.380065"
"1777285354","2221035281","1.41416"
"2221035281","1777285354","1.41416"
"1777285354","2346641054","0.545469"
"2346641054","1777285354","0.545469"
"1777285354","2464953958","0.354167"
"2464953958","1777285354","0.354167"
"1777285354","2523902263","0.0625"
"2523902263","1777285354","0.0625"
"1777285354","2567443255","0.0625"
"2567443255","1777285354","0.0625"
"1777285354","2580254850","0.0625"
"2580254850","1777285354","0.0625"
"1777285354","2590079785","0.198247"
"2590079785","1777285354","0.198247"
"1777285354","2624722713","0.0208333"
"2624722713","1777285354","0.0208333"
"1777285354","2799753020","0.170566"
"2799753020","1777285354","0.170566"
"1777285354","2897798779","0.0208333"
"2897798779","1777285354","0.0208333"
"1777285354","2926244049","0.170566"
"2926244049","1777285354","0.170566"
"1777285354","2947219669","0.0796569"
"2947219669","1777285354","0.0796569"
"1777285354","2969083877","0.270833"
"2969083877","1777285354","0.270833"
"1777285354","2996571224","0.703899"
"2996571224","1777285354","0.703899"
"1777285354","3009584470","0.0208333"
"3009584470","1777285354","0.0208333"
"1802848073","1930403392","0.0208333"
"1930403392","1802848073","0.0208333"
"1802848073","1963613126","0.0922619"
"1963613126","1802848073","0.0922619"
"1802848073","1966744811","0.111742"
"1966744811","1802848073","0.111742"
"1802848073","1966795941","0.0208333"
"1966795941","1802848073","0.0208333"
"1802848073","1987352748","0.354167"
"1987352748","1802848073","0.354167"
"1802848073","1987608644","0.0208333"
"1987608644","1802848073","0.0208333"
"1802848073","1992834492","1.22282"
"1992834492","1802848073","1.22282"
"1802848073","1999876112","0.0208333"
"1999876112","1802848073","0.0208333"
"1802848073","2006605121","0.0208333"
"2006605121","1802848073","0.0208333"
"1802848073","2012636016","0.133929"
"2012636016","1802848073","0.133929"
"1802848073","2019798803","0.718546"
"2019798803","1802848073","0.718546"
"1802848073","2020528597","1.29226"
"2020528597","1802848073","1.29226"
"1802848073","2030756174","0.0208333"
"2030756174","1802848073","0.0208333"
"1802848073","2037435746","0.278409"
"2037435746","1802848073","0.278409"
"1802848073","2043913671","0.0208333"
"2043913671","1802848073","0.0208333"
"1802848073","2049146676","0.183171"
"2049146676","1802848073","0.183171"
"1802848073","2057845655","0.111742"
"2057845655","1802848073","0.111742"
"1802848073","2068169498","0.133929"
"2068169498","1802848073","0.133929"
"1802848073","2069342081","0.121324"
"2069342081","1802848073","0.121324"
"1802848073","2075293457","0.0208333"
"2075293457","1802848073","0.0208333"
"1802848073","2075991632","0.0208333"
"2075991632","1802848073","0.0208333"
"1802848073","2080160261","0.0208333"
"2080160261","1802848073","0.0208333"
"1802848073","2082208763","0.284722"
"2082208763","1802848073","0.284722"
"1802848073","2083227288","0.0208333"
"2083227288","1802848073","0.0208333"
"1802848073","2091001169","0.0208333"
"2091001169","1802848073","0.0208333"
"1802848073","2093491347","0.145833"
"2093491347","1802848073","0.145833"
"1802848073","2094257914","0.826389"
"2094257914","1802848073","0.826389"
"1802848073","2136864958","0.0208333"
"2136864958","1802848073","0.0208333"
"1802848073","2166250715","15.5958"
"2166250715","1802848073","15.5958"
"1802848073","2201918520","0.121324"
"2201918520","1802848073","0.121324"
"1802848073","2221035281","0.337233"
"2221035281","1802848073","0.337233"
"1802848073","2346641054","0.539974"
"2346641054","1802848073","0.539974"
"1802848073","2464953958","0.0922619"
"2464953958","1802848073","0.0922619"
"1802848073","2520172304","0.468546"
"2520172304","1802848073","0.468546"
"1802848073","2523902263","0.0625"
"2523902263","1802848073","0.0625"
"1802848073","2567443255","0.0625"
"2567443255","1802848073","0.0625"
"1802848073","2580254850","0.0625"
"2580254850","1802848073","0.0625"
"1802848073","2590079785","0.121324"
"2590079785","1802848073","0.121324"
"1802848073","2624722713","0.0208333"
"2624722713","1802848073","0.0208333"
"1802848073","2799753020","0.0796569"
"2799753020","1802848073","0.0796569"
"1802848073","2897798779","0.0208333"
"2897798779","1802848073","0.0208333"
"1802848073","2926244049","0.0796569"
"2926244049","1802848073","0.0796569"
"1802848073","2947219669","0.0796569"
"2947219669","1802848073","0.0796569"
"1802848073","2969083877","0.0208333"
"2969083877","1802848073","0.0208333"
"1802848073","2996571224","1.51775"
"2996571224","1802848073","1.51775"
"1802848073","3009584470","0.0208333"
"3009584470","1802848073","0.0208333"
"1802848073","564058385","0.343546"
"564058385","1802848073","0.343546"
"1930403392","1963613126","0.158929"
"1963613126","1930403392","0.158929"
"1930403392","1966795941","0.0208333"
"1966795941","1930403392","0.0208333"
"1930403392","1987352748","0.283929"
"1987352748","1930403392","0.283929"
"1930403392","1987608644","0.383171"
"1987608644","1930403392","0.383171"
"1930403392","1992834492","0.0208333"
"1992834492","1930403392","0.0208333"
"1930403392","1999876112","0.18109"
"1999876112","1930403392","0.18109"
"1930403392","2006605121","0.0875"
"2006605121","1930403392","0.0875"
"1930403392","2012636016","0.0875"
"2012636016","1930403392","0.0875"
"1930403392","2020528597","0.0208333"
"2020528597","1930403392","0.0208333"
"1930403392","2030756174","1.0546"
"2030756174","1930403392","1.0546"
"1930403392","2043913671","0.569185"
"2043913671","1930403392","0.569185"
"1930403392","2057845655","0.992695"
"2057845655","1930403392","0.992695"
"1930403392","2068169498","0.545833"
"2068169498","1930403392","0.545833"
"1930403392","2069342081","1.17603"
"2069342081","1930403392","1.17603"
"1930403392","2075293457","0.2125"
"2075293457","1930403392","0.2125"
"1930403392","2080160261","0.770375"
"2080160261","1930403392","0.770375"
"1930403392","2083227288","0.0208333"
"2083227288","1930403392","0.0208333"
"1930403392","2094257914","0.0208333"
"2094257914","1930403392","0.0208333"
"1930403392","2166250715","0.0208333"
"2166250715","1930403392","0.0208333"
"1930403392","2201918520","0.0208333"
"2201918520","1930403392","0.0208333"
"1930403392","2221035281","0.145833"
"2221035281","1930403392","0.145833"
"1930403392","2346641054","0.104167"
"2346641054","1930403392","0.104167"
"1930403392","2464953958","0.0875"
"2464953958","1930403392","0.0875"
"1930403392","2520172304","0.0977564"
"2520172304","1930403392","0.0977564"
"1930403392","2523902263","0.0875"
"2523902263","1930403392","0.0875"
"1930403392","2567443255","0.0208333"
"2567443255","1930403392","0.0208333"
"1930403392","2580254850","0.0208333"
"2580254850","1930403392","0.0208333"
"1930403392","2590079785","0.0208333"
"2590079785","1930403392","0.0208333"
"1930403392","2624722713","0.0208333"
"2624722713","1930403392","0.0208333"
"1930403392","2799753020","0.0208333"
"2799753020","1930403392","0.0208333"
"1930403392","2897798779","0.0208333"
"2897798779","1930403392","0.0208333"
"1930403392","2926244049","0.0208333"
"2926244049","1930403392","0.0208333"
"1930403392","2947219669","0.0208333"
"2947219669","1930403392","0.0208333"
"1930403392","2969083877","0.0208333"
"2969083877","1930403392","0.0208333"
"1930403392","2996571224","0.0208333"
"2996571224","1930403392","0.0208333"
"1930403392","3009584470","0.854167"
"3009584470","1930403392","0.854167"
"1963613126","1966744811","0.0208333"
"1966744811","1963613126","0.0208333"
"1963613126","1966795941","1.08109"
"1966795941","1963613126","1.08109"
"1963613126","1987352748","0.225595"
"1987352748","1963613126","0.225595"
"1963613126","1987608644","0.0922619"
"1987608644","1963613126","0.0922619"
"1963613126","1992834492","0.502518"
"1992834492","1963613126","0.502518"
"1963613126","1999876112","0.0875"
"1999876112","1963613126","0.0875"
"1963613126","2006605121","1.14776"
"2006605121","1963613126","1.14776"
"1963613126","2012636016","0.350595"
"2012636016","1963613126","0.350595"
"1963613126","2019798803","0.145833"
"2019798803","1963613126","0.145833"
"1963613126","2020528597","0.0922619"
"2020528597","1963613126","0.0922619"
"1963613126","2030756174","0.1875"
"2030756174","1963613126","0.1875"
"1963613126","2037435746","0.0208333"
"2037435746","1963613126","0.0208333"
"1963613126","2043913671","0.225595"
"2043913671","1963613126","0.225595"
"1963613126","2049146676","0.225595"
"2049146676","1963613126","0.225595"
"1963613126","2057845655","0.225595"
"2057845655","1963613126","0.225595"
"1963613126","2068169498","0.235852"
"2068169498","1963613126","0.235852"
"1963613126","2069342081","0.258929"
"2069342081","1963613126","0.258929"
"1963613126","2075293457","0.154167"
"2075293457","1963613126","0.154167"
"1963613126","2075991632","0.0208333"
"2075991632","1963613126","0.0208333"
"1963613126","2080160261","0.158929"
"2080160261","1963613126","0.158929"
"1963613126","2082208763","0.0208333"
"2082208763","1963613126","0.0208333"
"1963613126","2083227288","0.0208333"
"2083227288","1963613126","0.0208333"
"1963613126","2091001169","0.0208333"
"2091001169","1963613126","0.0208333"
"1963613126","2093491347","0.397756"
"2093491347","1963613126","0.397756"
"1963613126","2094257914","0.0208333"
"2094257914","1963613126","0.0208333"
"1963613126","2136864958","0.158929"
"2136864958","1963613126","0.158929"
"1963613126","2166250715","0.0208333"
"2166250715","1963613126","0.0208333"
"1963613126","2201918520","0.0208333"
"2201918520","1963613126","0.0208333"
"1963613126","2221035281","0.145833"
"2221035281","1963613126","0.145833"
"1963613126","2346641054","0.0922619"
"2346641054","1963613126","0.0922619"
"1963613126","2464953958","15.5109"
"2464953958","1963613126","15.5109"
"1963613126","2520172304","0.0977564"
"2520172304","1963613126","0.0977564"
"1963613126","2523902263","0.0875"
"2523902263","1963613126","0.0875"
"1963613126","2567443255","0.0208333"
"2567443255","1963613126","0.0208333"
"1963613126","2580254850","0.0208333"
"2580254850","1963613126","0.0208333"
"1963613126","2590079785","0.0208333"
"2590079785","1963613126","0.0208333"
"1963613126","2624722713","0.0208333"
"2624722713","1963613126","0.0208333"
"1963613126","2799753020","0.0208333"
"2799753020","1963613126","0.0208333"
"1963613126","2897798779","0.0208333"
"2897798779","1963613126","0.0208333"
"1963613126","2926244049","0.597756"
"2926244049","1963613126","0.597756"
"1963613126","2947219669","0.0208333"
"2947219669","1963613126","0.0208333"
"1963613126","2969083877","0.0208333"
"2969083877","1963613126","0.0208333"
"1963613126","2996571224","0.0922619"
"2996571224","1963613126","0.0922619"
"1963613126","3009584470","0.0208333"
"3009584470","1963613126","0.0208333"
"1963613126","564058385","0.0208333"
"564058385","1963613126","0.0208333"
"1966744811","1966795941","0.0208333"
"1966795941","1966744811","0.0208333"
"1966744811","1987352748","0.0208333"
"1987352748","1966744811","0.0208333"
"1966744811","1987608644","0.0208333"
"1987608644","1966744811","0.0208333"
"1966744811","1992834492","0.0208333"
"1992834492","1966744811","0.0208333"
"1966744811","1999876112","0.220833"
"1999876112","1966744811","0.220833"
"1966744811","2006605121","0.111742"
"2006605121","1966744811","0.111742"
"1966744811","2012636016","0.111742"
"2012636016","1966744811","0.111742"
"1966744811","2020528597","0.131944"
"2020528597","1966744811","0.131944"
"1966744811","2030756174","0.0208333"
"2030756174","1966744811","0.0208333"
"1966744811","2043913671","0.0208333"
"2043913671","1966744811","0.0208333"
"1966744811","2057845655","0.111742"
"2057845655","1966744811","0.111742"
"1966744811","2068169498","0.0208333"
"2068169498","1966744811","0.0208333"
"1966744811","2069342081","0.0208333"
"2069342081","1966744811","0.0208333"
"1966744811","2075293457","0.0208333"
"2075293457","1966744811","0.0208333"
"1966744811","2080160261","0.0208333"
"2080160261","1966744811","0.0208333"
"1966744811","2083227288","0.229167"
"2083227288","1966744811","0.229167"
"1966744811","2094257914","0.886742"
"2094257914","1966744811","0.886742"
"1966744811","2166250715","0.0208333"
"2166250715","1966744811","0.0208333"
"1966744811","2201918520","0.278409"
"2201918520","1966744811","0.278409"
"1966744811","2221035281","0.111742"
"2221035281","1966744811","0.111742"
"1966744811","2346641054","0.1875"
"2346641054","1966744811","0.1875"
"1966744811","2464953958","0.0208333"
"2464953958","1966744811","0.0208333"
"1966744811","2520172304","0.0208333"
"2520172304","1966744811","0.0208333"
"1966744811","2523902263","0.0208333"
"2523902263","1966744811","0.0208333"
"1966744811","2567443255","0.0208333"
"2567443255","1966744811","0.0208333"
"1966744811","2580254850","0.0208333"
"2580254850","1966744811","0.0208333"
"1966744811","2590079785","0.0208333"
"2590079785","1966744811","0.0208333"
"1966744811","2624722713","1.02083"
"2624722713","1966744811","1.02083"
"1966744811","2799753020","0.451389"
"2799753020","1966744811","0.451389"
"1966744811","2897798779","0.0208333"
"2897798779","1966744811","0.0208333"
"1966744811","2926244049","1.73472"
"2926244049","1966744811","1.73472"
"1966744811","2947219669","5.06806"
"2947219669","1966744811","5.06806"
"1966744811","2969083877","0.0208333"
"2969083877","1966744811","0.0208333"
"1966744811","2996571224","0.131944"
"2996571224","1966744811","0.131944"
"1966744811","3009584470","0.0208333"
"3009584470","1966744811","0.0208333"
"1966795941","1987352748","0.124537"
"1987352748","1966795941","0.124537"
"1966795941","1987608644","0.0208333"
"1987608644","1966795941","0.0208333"
"1966795941","1992834492","0.378383"
"1992834492","1966795941","0.378383"
"1966795941","1999876112","0.124537"
"1999876112","1966795941","0.124537"
"1966795941","2006605121","7.11813"
"2006605121","1966795941","7.11813"
"1966795941","2012636016","0.0875"
"2012636016","1966795941","0.0875"
"1966795941","2019798803","0.134793"
"2019798803","1966795941","0.134793"
"1966795941","2020528597","0.0208333"
"2020528597","1966795941","0.0208333"
"1966795941","2030756174","0.0578704"
"2030756174","1966795941","0.0578704"
"1966795941","2037435746","0.0977564"
"2037435746","1966795941","0.0977564"
"1966795941","2043913671","0.124537"
"2043913671","1966795941","0.124537"
"1966795941","2049146676","0.0875"
"2049146676","1966795941","0.0875"
"1966795941","2057845655","0.0875"
"2057845655","1966795941","0.0875"
"1966795941","2068169498","0.0977564"
"2068169498","1966795941","0.0977564"
"1966795941","2069342081","0.0977564"
"2069342081","1966795941","0.0977564"
"1966795941","2075293457","0.124537"
"2075293457","1966795941","0.124537"
"1966795941","2075991632","0.0208333"
"2075991632","1966795941","0.0208333"
"1966795941","2080160261","0.0208333"
"2080160261","1966795941","0.0208333"
"1966795941","2082208763","0.0208333"
"2082208763","1966795941","0.0208333"
"1966795941","2083227288","0.0578704"
"2083227288","1966795941","0.0578704"
"1966795941","2091001169","0.0208333"
"2091001169","1966795941","0.0208333"
"1966795941","2093491347","0.368127"
"2093491347","1966795941","0.368127"
"1966795941","2094257914","0.134793"
"2094257914","1966795941","0.134793"
"1966795941","2136864958","0.124537"
"2136864958","1966795941","0.124537"
"1966795941","2166250715","0.0208333"
"2166250715","1966795941","0.0208333"
"1966795941","2201918520","0.0977564"
"2201918520","1966795941","0.0977564"
"1966795941","2221035281","0.134793"
"2221035281","1966795941","0.134793"
"1966795941","2346641054","0.134793"
"2346641054","1966795941","0.134793"
"1966795941","2464953958","0.58109"
"2464953958","1966795941","0.58109"
"1966795941","2520172304","0.134793"
"2520172304","1966795941","0.134793"
"1966795941","2523902263","0.0208333"
"2523902263","1966795941","0.0208333"
"1966795941","2567443255","0.0208333"
"2567443255","1966795941","0.0208333"
"1966795941","2580254850","0.0208333"
"2580254850","1966795941","0.0208333"
"1966795941","2590079785","0.0977564"
"2590079785","1966795941","0.0977564"
"1966795941","2624722713","0.0208333"
"2624722713","1966795941","0.0208333"
"1966795941","2799753020","0.0208333"
"2799753020","1966795941","0.0208333"
"1966795941","2897798779","0.0208333"
"2897798779","1966795941","0.0208333"
"1966795941","2926244049","0.0977564"
"2926244049","1966795941","0.0977564"
"1966795941","2947219669","0.0208333"
"2947219669","1966795941","0.0208333"
"1966795941","2969083877","0.0208333"
"2969083877","1966795941","0.0208333"
"1966795941","2996571224","0.0208333"
"2996571224","1966795941","0.0208333"
"1966795941","3009584470","0.0208333"
"3009584470","1966795941","0.0208333"
"1966795941","564058385","0.134793"
"564058385","1966795941","0.134793"
"1987352748","1987608644","0.192262"
"1987608644","1987352748","0.192262"
"1987352748","1992834492","0.15787"
"1992834492","1987352748","0.15787"
"1987352748","1999876112","0.291204"
"1999876112","1987352748","0.291204"
"1987352748","2006605121","0.191204"
"2006605121","1987352748","0.191204"
"1987352748","2012636016","0.320833"
"2012636016","1987352748","0.320833"
"1987352748","2019798803","0.18287"
"2019798803","1987352748","0.18287"
"1987352748","2020528597","0.854167"
"2020528597","1987352748","0.854167"
"1987352748","2030756174","0.0578704"
"2030756174","1987352748","0.0578704"
"1987352748","2037435746","0.1875"
"2037435746","1987352748","0.1875"
"1987352748","2043913671","1.76263"
"2043913671","1987352748","1.76263"
"1987352748","2049146676","0.254167"
"2049146676","1987352748","0.254167"
"1987352748","2057845655","0.225595"
"2057845655","1987352748","0.225595"
"1987352748","2068169498","0.2125"
"2068169498","1987352748","0.2125"
"1987352748","2069342081","0.192262"
"2069342081","1987352748","0.192262"
"1987352748","2075293457","0.749537"
"2075293457","1987352748","0.749537"
"1987352748","2075991632","0.0208333"
"2075991632","1987352748","0.0208333"
"1987352748","2080160261","0.258929"
"2080160261","1987352748","0.258929"
"1987352748","2082208763","0.6875"
"2082208763","1987352748","0.6875"
"1987352748","2083227288","0.391204"
"2083227288","1987352748","0.391204"
"1987352748","2091001169","0.0208333"
"2091001169","1987352748","0.0208333"
"1987352748","2093491347","0.191204"
"2093491347","1987352748","0.191204"
"1987352748","2094257914","0.0578704"
"2094257914","1987352748","0.0578704"
"1987352748","2136864958","0.195966"
"2136864958","1987352748","0.195966"
"1987352748","2166250715","0.354167"
"2166250715","1987352748","0.354167"
"1987352748","2201918520","0.0208333"
"2201918520","1987352748","0.0208333"
"1987352748","2221035281","0.18287"
"2221035281","1987352748","0.18287"
"1987352748","2346641054","0.224537"
"2346641054","1987352748","0.224537"
"1987352748","2464953958","0.154167"
"2464953958","1987352748","0.154167"
"1987352748","2520172304","0.0578704"
"2520172304","1987352748","0.0578704"
"1987352748","2523902263","0.0875"
"2523902263","1987352748","0.0875"
"1987352748","2567443255","0.0208333"
"2567443255","1987352748","0.0208333"
"1987352748","2580254850","0.0208333"
"2580254850","1987352748","0.0208333"
"1987352748","2590079785","0.520833"
"2590079785","1987352748","0.520833"
"1987352748","2624722713","0.0208333"
"2624722713","1987352748","0.0208333"
"1987352748","2799753020","0.0208333"
"2799753020","1987352748","0.0208333"
"1987352748","2897798779","0.0208333"
"2897798779","1987352748","0.0208333"
"1987352748","2926244049","0.0208333"
"2926244049","1987352748","0.0208333"
"1987352748","2947219669","0.0208333"
"2947219669","1987352748","0.0208333"
"1987352748","2969083877","0.120833"
"2969083877","1987352748","0.120833"
"1987352748","2996571224","0.354167"
"2996571224","1987352748","0.354167"
"1987352748","3009584470","0.0208333"
"3009584470","1987352748","0.0208333"
"1987352748","564058385","0.224537"
"564058385","1987352748","0.224537"
"1987608644","1992834492","0.2875"
"1992834492","1987608644","0.2875"
"1987608644","1999876112","0.0208333"
"1999876112","1987608644","0.0208333"
"1987608644","2006605121","0.0208333"
"2006605121","1987608644","0.0208333"
"1987608644","2012636016","0.0208333"
"2012636016","1987608644","0.0208333"
"1987608644","2019798803","0.0208333"
"2019798803","1987608644","0.0208333"
"1987608644","2020528597","0.1875"
"2020528597","1987608644","0.1875"
"1987608644","2030756174","0.422854"
"2030756174","1987608644","0.422854"
"1987608644","2037435746","0.0208333"
"2037435746","1987608644","0.0208333"
"1987608644","2043913671","0.203373"
"2043913671","1987608644","0.203373"
"1987608644","2049146676","0.120833"
"2049146676","1987608644","0.120833"
"1987608644","2057845655","0.294282"
"2057845655","1987608644","0.294282"
"1987608644","2068169498","0.0208333"
"2068169498","1987608644","0.0208333"
"1987608644","2069342081","0.560949"
"2069342081","1987608644","0.560949"
"1987608644","2075293457","0.120833"
"2075293457","1987608644","0.120833"
"1987608644","2075991632","0.0208333"
"2075991632","1987608644","0.0208333"
"1987608644","2080160261","0.192262"
"2080160261","1987608644","0.192262"
"1987608644","2082208763","0.0208333"
"2082208763","1987608644","0.0208333"
"1987608644","2083227288","0.0208333"
"2083227288","1987608644","0.0208333"
"1987608644","2091001169","0.0208333"
"2091001169","1987608644","0.0208333"
"1987608644","2093491347","0.1875"
"2093491347","1987608644","0.1875"
"1987608644","2094257914","0.0208333"
"2094257914","1987608644","0.0208333"
"1987608644","2136864958","0.494282"
"2136864958","1987608644","0.494282"
"1987608644","2166250715","0.0208333"
"2166250715","1987608644","0.0208333"
"1987608644","2201918520","0.0208333"
"2201918520","1987608644","0.0208333"
"1987608644","2221035281","0.0208333"
"2221035281","1987608644","0.0208333"
"1987608644","2346641054","0.0208333"
"2346641054","1987608644","0.0208333"
"1987608644","2464953958","0.0208333"
"2464953958","1987608644","0.0208333"
"1987608644","2520172304","0.0208333"
"2520172304","1987608644","0.0208333"
"1987608644","2523902263","0.0208333"
"2523902263","1987608644","0.0208333"
"1987608644","2567443255","0.0208333"
"2567443255","1987608644","0.0208333"
"1987608644","2580254850","0.0208333"
"2580254850","1987608644","0.0208333"
"1987608644","2590079785","0.0208333"
"2590079785","1987608644","0.0208333"
"1987608644","2624722713","0.0208333"
"2624722713","1987608644","0.0208333"
"1987608644","2799753020","0.0208333"
"2799753020","1987608644","0.0208333"
"1987608644","2897798779","0.0208333"
"2897798779","1987608644","0.0208333"
"1987608644","2926244049","0.0208333"
"2926244049","1987608644","0.0208333"
"1987608644","2947219669","0.0208333"
"2947219669","1987608644","0.0208333"
"1987608644","2969083877","0.398611"
"2969083877","1987608644","0.398611"
"1987608644","2996571224","0.0208333"
"2996571224","1987608644","0.0208333"
"1987608644","3009584470","0.0208333"
"3009584470","1987608644","0.0208333"
"1987608644","564058385","0.1875"
"564058385","1987608644","0.1875"
"1992834492","1999876112","0.0578704"
"1999876112","1992834492","0.0578704"
"1992834492","2006605121","0.30146"
"2006605121","1992834492","0.30146"
"1992834492","2012636016","0.133929"
"2012636016","1992834492","0.133929"
"1992834492","2019798803","0.398682"
"2019798803","1992834492","0.398682"
"1992834492","2020528597","1.04226"
"2020528597","1992834492","1.04226"
"1992834492","2030756174","0.224537"
"2030756174","1992834492","0.224537"
"1992834492","2037435746","0.264423"
"2037435746","1992834492","0.264423"
"1992834492","2043913671","0.0578704"
"2043913671","1992834492","0.0578704"
"1992834492","2049146676","0.192262"
"2049146676","1992834492","0.192262"
"1992834492","2057845655","0.520833"
"2057845655","1992834492","0.520833"
"1992834492","2068169498","0.544185"
"2068169498","1992834492","0.544185"
"1992834492","2069342081","0.572756"
"2069342081","1992834492","0.572756"
"1992834492","2075293457","0.15787"
"2075293457","1992834492","0.15787"
"1992834492","2075991632","0.270833"
"2075991632","1992834492","0.270833"
"1992834492","2080160261","0.120833"
"2080160261","1992834492","0.120833"
"1992834492","2082208763","0.984722"
"2082208763","1992834492","0.984722"
"1992834492","2083227288","0.0578704"
"2083227288","1992834492","0.0578704"
"1992834492","2091001169","0.354167"
"2091001169","1992834492","0.354167"
"1992834492","2093491347","0.468127"
"2093491347","1992834492","0.468127"
"1992834492","2094257914","2.01535"
"2094257914","1992834492","2.01535"
"1992834492","2136864958","0.0578704"
"2136864958","1992834492","0.0578704"
"1992834492","2166250715","0.2625"
"2166250715","1992834492","0.2625"
"1992834492","2201918520","0.139423"
"2201918520","1992834492","0.139423"
"1992834492","2221035281","0.17646"
"2221035281","1992834492","0.17646"
"1992834492","2346641054","0.670111"
"2346641054","1992834492","0.670111"
"1992834492","2464953958","0.502518"
"2464953958","1992834492","0.502518"
"1992834492","2520172304","0.398682"
"2520172304","1992834492","0.398682"
"1992834492","2523902263","0.0625"
"2523902263","1992834492","0.0625"
"1992834492","2567443255","0.0625"
"2567443255","1992834492","0.0625"
"1992834492","2580254850","0.0625"
"2580254850","1992834492","0.0625"
"1992834492","2590079785","0.389423"
"2590079785","1992834492","0.389423"
"1992834492","2624722713","0.0208333"
"2624722713","1992834492","0.0208333"
"1992834492","2799753020","0.0208333"
"2799753020","1992834492","0.0208333"
"1992834492","2897798779","0.0208333"
"2897798779","1992834492","0.0208333"
"1992834492","2926244049","0.0977564"
"2926244049","1992834492","0.0977564"
"1992834492","2947219669","0.270833"
"2947219669","1992834492","0.270833"
"1992834492","2969083877","0.620833"
"2969083877","1992834492","0.620833"
"1992834492","2996571224","1.04226"
"2996571224","1992834492","1.04226"
"1992834492","3009584470","0.0208333"
"3009584470","1992834492","0.0208333"
"1992834492","564058385","0.765349"
"564058385","1992834492","0.765349"
"1999876112","2006605121","0.124537"
"2006605121","1999876112","0.124537"
"1999876112","2012636016","0.0875"
"2012636016","1999876112","0.0875"
"1999876112","2019798803","0.141204"
"2019798803","1999876112","0.141204"
"1999876112","2020528597","0.0208333"
"2020528597","1999876112","0.0208333"
"1999876112","2030756174","0.141204"
"2030756174","1999876112","0.141204"
"1999876112","2037435746","0.1875"
"2037435746","1999876112","0.1875"
"1999876112","2043913671","0.20146"
"2043913671","1999876112","0.20146"
"1999876112","2049146676","0.0875"
"2049146676","1999876112","0.0875"
"1999876112","2057845655","0.170833"
"2057845655","1999876112","0.170833"
"1999876112","2068169498","0.0208333"
"2068169498","1999876112","0.0208333"
"1999876112","2069342081","0.270833"
"2069342081","1999876112","0.270833"
"1999876112","2075293457","0.95787"
"2075293457","1999876112","0.95787"
"1999876112","2075991632","0.220833"
"2075991632","1999876112","0.220833"
"1999876112","2080160261","1.76442"
"2080160261","1999876112","1.76442"
"1999876112","2082208763","0.847756"
"2082208763","1999876112","0.847756"
"1999876112","2083227288","0.0578704"
"2083227288","1999876112","0.0578704"
"1999876112","2091001169","0.36369"
"2091001169","1999876112","0.36369"
"1999876112","2093491347","0.124537"
"2093491347","1999876112","0.124537"
"1999876112","2094257914","0.25787"
"2094257914","1999876112","0.25787"
"1999876112","2136864958","0.20787"
