"101127912","1751784657","0.277778"
"1751784657","101127912","0.277778"
"101127912","2015057146","2.31226"
"2015057146","101127912","2.31226"
"101127912","2025379305","0.503268"
"2025379305","101127912","0.503268"
"101127912","2025518599","7.08683"
"2025518599","101127912","7.08683"
"101127912","2051362440","0.111111"
"2051362440","101127912","0.111111"
"101127912","2146308731","0.444444"
"2146308731","101127912","0.444444"
"101127912","2498182826","0.111111"
"2498182826","101127912","0.111111"
"101127912","2904765547","0.177778"
"2904765547","101127912","0.177778"
"101127912","46896983","1.62108"
"46896983","101127912","1.62108"
"1751784657","2015057146","0.111111"
"2015057146","1751784657","0.111111"
"1751784657","2025379305","0.277778"
"2025379305","1751784657","0.277778"
"1751784657","2025518599","0.277778"
"2025518599","1751784657","0.277778"
"1751784657","2051362440","0.361111"
"2051362440","1751784657","0.361111"
"1751784657","2146308731","0.777778"
"2146308731","1751784657","0.777778"
"1751784657","2498182826","0.361111"
"2498182826","1751784657","0.361111"
"1751784657","2904765547","0.111111"
"2904765547","1751784657","0.111111"
"1751784657","46896983","0.111111"
"46896983","1751784657","0.111111"
"2015057146","2025379305","0.111111"
"2025379305","2015057146","0.111111"
"2015057146","2025518599","1.47893"
"2025518599","2015057146","1.47893"
"2015057146","2051362440","1.11111"
"2051362440","2015057146","1.11111"
"2015057146","2146308731","0.35873"
"2146308731","2015057146","0.35873"
"2015057146","2498182826","0.111111"
"2498182826","2015057146","0.111111"
"2015057146","2904765547","0.111111"
"2904765547","2015057146","0.111111"
"2015057146","46896983","1.31226"
"46896983","2015057146","1.31226"
"2025379305","2025518599","0.444444"
"2025518599","2025379305","0.444444"
"2025379305","2051362440","0.111111"
"2051362440","2025379305","0.111111"
"2025379305","2146308731","7.39444"
"2146308731","2025379305","7.39444"
"2025379305","2498182826","0.111111"
"2498182826","2025379305","0.111111"
"2025379305","2904765547","0.177778"
"2904765547","2025379305","0.177778"
"2025379305","46896983","0.369935"
"46896983","2025379305","0.369935"
"2025518599","2051362440","0.111111"
"2051362440","2025518599","0.111111"
"2025518599","2146308731","0.444444"
"2146308731","2025518599","0.444444"
"2025518599","2498182826","0.111111"
"2498182826","2025518599","0.111111"
"2025518599","2904765547","0.177778"
"2904765547","2025518599","0.177778"
"2025518599","46896983","0.603927"
"46896983","2025518599","0.603927"
"2051362440","2146308731","0.111111"
"2146308731","2051362440","0.111111"
"2051362440","2498182826","5.52778"
"2498182826","2051362440","5.52778"
"2051362440","2904765547","0.111111"
"2904765547","2051362440","0.111111"
"2051362440","46896983","0.111111"
"46896983","2051362440","0.111111"
"2146308731","2498182826","0.111111"
"2498182826","2146308731","0.111111"
"2146308731","2904765547","0.227778"
"2904765547","2146308731","0.227778"
"2146308731","46896983","0.311111"
"46896983","2146308731","0.311111"
"2498182826","2904765547","0.111111"
"2904765547","2498182826","0.111111"
"2498182826","46896983","0.111111"
"46896983","2498182826","0.111111"
"2904765547","46896983","0.111111"
"46896983","2904765547","0.111111"
"101127912","1487223642","0.0384615"
"1487223642","101127912","0.0384615"
"101127912","1510018940","0.0729443"
"1510018940","101127912","0.0729443"
"101127912","1548259046","0.322944"
"1548259046","101127912","0.322944"
"101127912","1582462167","0.0729443"
"1582462167","101127912","0.0729443"
"101127912","1962414156","0.0729443"
"1962414156","101127912","0.0729443"
"101127912","1985080385","0.131768"
"1985080385","101127912","0.131768"
"101127912","1989576326","0.0384615"
"1989576326","101127912","0.0384615"
"101127912","1994876586","0.105128"
"1994876586","101127912","0.105128"
"101127912","2073256825","0.298434"
"2073256825","101127912","0.298434"
"101127912","2084689094","0.172944"
"2084689094","101127912","0.172944"
"101127912","2088340225","0.605128"
"2088340225","101127912","0.605128"
"101127912","2099419573","0.0729443"
"2099419573","101127912","0.0729443"
"101127912","2116881978","0.0384615"
"2116881978","101127912","0.0384615"
"101127912","2144317445","0.198434"
"2144317445","101127912","0.198434"
"101127912","2144621675","0.205128"
"2144621675","101127912","0.205128"
"101127912","2241524359","0.0384615"
"2241524359","101127912","0.0384615"
"101127912","2243053663","0.0384615"
"2243053663","101127912","0.0384615"
"101127912","2252617635","0.0384615"
"2252617635","101127912","0.0384615"
"101127912","2293330917","0.0384615"
"2293330917","101127912","0.0384615"
"101127912","2294737577","0.0384615"
"2294737577","101127912","0.0384615"
"101127912","2463647523","0.163462"
"2463647523","101127912","0.163462"
"101127912","2494989140","0.0384615"
"2494989140","101127912","0.0384615"
"101127912","2497691016","0.205128"
"2497691016","101127912","0.205128"
"101127912","2591220956","0.0384615"
"2591220956","101127912","0.0384615"
"101127912","33853296","0.131768"
"33853296","101127912","0.131768"
"1487223642","1510018940","0.288462"
"1510018940","1487223642","0.288462"
"1487223642","1548259046","0.0384615"
"1548259046","1487223642","0.0384615"
"1487223642","1582462167","0.0384615"
"1582462167","1487223642","0.0384615"
"1487223642","1962414156","0.524573"
"1962414156","1487223642","0.524573"
"1487223642","1985080385","0.410538"
"1985080385","1487223642","0.410538"
"1487223642","1989576326","0.0384615"
"1989576326","1487223642","0.0384615"
"1487223642","1994876586","0.238462"
"1994876586","1487223642","0.238462"
"1487223642","2025518599","0.149573"
"2025518599","1487223642","0.149573"
"1487223642","2073256825","0.0801282"
"2073256825","1487223642","0.0801282"
"1487223642","2084689094","0.0801282"
"2084689094","1487223642","0.0801282"
"1487223642","2088340225","0.738462"
"2088340225","1487223642","0.738462"
"1487223642","2099419573","0.868871"
"2099419573","1487223642","0.868871"
"1487223642","2116881978","1.91346"
"2116881978","1487223642","1.91346"
"1487223642","2144317445","0.0801282"
"2144317445","1487223642","0.0801282"
"1487223642","2144621675","0.0384615"
"2144621675","1487223642","0.0384615"
"1487223642","2241524359","0.0384615"
"2241524359","1487223642","0.0384615"
"1487223642","2243053663","2.16346"
"2243053663","1487223642","2.16346"
"1487223642","2252617635","0.0384615"
"2252617635","1487223642","0.0384615"
"1487223642","2293330917","0.0384615"
"2293330917","1487223642","0.0384615"
"1487223642","2294737577","0.163462"
"2294737577","1487223642","0.163462"
"1487223642","2463647523","0.13276"
"2463647523","1487223642","0.13276"
"1487223642","2494989140","0.0384615"
"2494989140","1487223642","0.0384615"
"1487223642","2497691016","0.0384615"
"2497691016","1487223642","0.0384615"
"1487223642","2591220956","0.0801282"
"2591220956","1487223642","0.0801282"
"1487223642","33853296","0.660538"
"33853296","1487223642","0.660538"
"1510018940","1548259046","0.0729443"
"1548259046","1510018940","0.0729443"
"1510018940","1582462167","0.103247"
"1582462167","1510018940","0.103247"
"1510018940","1962414156","0.700105"
"1962414156","1510018940","0.700105"
"1510018940","1985080385","0.262071"
"1985080385","1510018940","0.262071"
"1510018940","1989576326","0.240142"
"1989576326","1510018940","0.240142"
"1510018940","1994876586","0.495688"
"1994876586","1510018940","0.495688"
"1510018940","2025518599","0.0729443"
"2025518599","1510018940","0.0729443"
"1510018940","2073256825","0.238994"
"2073256825","1510018940","0.238994"
"1510018940","2084689094","0.162071"
"2084689094","1510018940","0.162071"
"1510018940","2088340225","0.29243"
"2088340225","1510018940","0.29243"
"1510018940","2099419573","1.33582"
"2099419573","1510018940","1.33582"
"1510018940","2116881978","0.127588"
"2116881978","1510018940","0.127588"
"1510018940","2144317445","8.23979"
"2144317445","1510018940","8.23979"
"1510018940","2144621675","0.181319"
"2144621675","1510018940","0.181319"
"1510018940","2241524359","0.115385"
"2241524359","1510018940","0.115385"
"1510018940","2243053663","0.377588"
"2243053663","1510018940","0.377588"
"1510018940","2252617635","0.0384615"
"2252617635","1510018940","0.0384615"
"1510018940","2293330917","0.0384615"
"2293330917","1510018940","0.0384615"
"1510018940","2294737577","0.0384615"
"2294737577","1510018940","0.0384615"
"1510018940","2463647523","0.0687646"
"2463647523","1510018940","0.0687646"
"1510018940","2494989140","0.0384615"
"2494989140","1510018940","0.0384615"
"1510018940","2497691016","0.0384615"
"2497691016","1510018940","0.0384615"
"1510018940","2591220956","4.06235"
"2591220956","1510018940","4.06235"
"1510018940","33853296","0.654928"
"33853296","1510018940","0.654928"
"1548259046","1582462167","0.0985853"
"1582462167","1548259046","0.0985853"
"1548259046","1962414156","0.697944"
"1962414156","1548259046","0.697944"
"1548259046","1985080385","0.298585"
"1985080385","1548259046","0.298585"
"1548259046","1989576326","0.0384615"
"1989576326","1548259046","0.0384615"
"1548259046","1994876586","0.163462"
"1994876586","1548259046","0.163462"
"1548259046","2025518599","0.0729443"
"2025518599","1548259046","0.0729443"
"1548259046","2073256825","0.273585"
"2073256825","1548259046","0.273585"
"1548259046","2084689094","0.148585"
"2084689094","1548259046","0.148585"
"1548259046","2088340225","0.0384615"
"2088340225","1548259046","0.0384615"
"1548259046","2099419573","0.273585"
"2099419573","1548259046","0.273585"
"1548259046","2116881978","0.238462"
"2116881978","1548259046","0.238462"
"1548259046","2144317445","0.122944"
"2144317445","1548259046","0.122944"
"1548259046","2144621675","0.0884615"
"2144621675","1548259046","0.0884615"
"1548259046","2241524359","0.0384615"
"2241524359","1548259046","0.0384615"
"1548259046","2243053663","0.238462"
"2243053663","1548259046","0.238462"
"1548259046","2252617635","0.0384615"
"2252617635","1548259046","0.0384615"
"1548259046","2293330917","0.0641026"
"2293330917","1548259046","0.0641026"
"1548259046","2294737577","0.0384615"
"2294737577","1548259046","0.0384615"
"1548259046","2463647523","0.0384615"
"2463647523","1548259046","0.0384615"
"1548259046","2494989140","0.0384615"
"2494989140","1548259046","0.0384615"
"1548259046","2497691016","0.0384615"
"2497691016","1548259046","0.0384615"
"1548259046","2591220956","0.213462"
"2591220956","1548259046","0.213462"
"1548259046","33853296","0.298585"
"33853296","1548259046","0.298585"
"1582462167","1962414156","0.103247"
"1962414156","1582462167","0.103247"
"1582462167","1985080385","0.337222"
"1985080385","1582462167","0.337222"
"1582462167","1989576326","0.0384615"
"1989576326","1582462167","0.0384615"
"1582462167","1994876586","0.110431"
"1994876586","1582462167","0.110431"
"1582462167","2025518599","0.0729443"
"2025518599","1582462167","0.0729443"
"1582462167","2073256825","0.128888"
"2073256825","1582462167","0.128888"
"1582462167","2084689094","0.128888"
"2084689094","1582462167","0.128888"
"1582462167","2088340225","1.03846"
"2088340225","1582462167","1.03846"
"1582462167","2099419573","2.57929"
"2099419573","1582462167","2.57929"
"1582462167","2116881978","0.15805"
"2116881978","1582462167","0.15805"
"1582462167","2144317445","0.103247"
"2144317445","1582462167","0.103247"
"1582462167","2144621675","0.0801282"
"2144621675","1582462167","0.0801282"
"1582462167","2241524359","0.621795"
"2241524359","1582462167","0.621795"
"1582462167","2243053663","0.0687646"
"2243053663","1582462167","0.0687646"
"1582462167","2252617635","0.0384615"
"2252617635","1582462167","0.0384615"
"1582462167","2293330917","0.105769"
"2293330917","1582462167","0.105769"
"1582462167","2294737577","0.121795"
"2294737577","1582462167","0.121795"
"1582462167","2463647523","1.1521"
"2463647523","1582462167","1.1521"
"1582462167","2494989140","0.0384615"
"2494989140","1582462167","0.0384615"
"1582462167","2497691016","0.0384615"
"2497691016","1582462167","0.0384615"
"1582462167","2591220956","0.15805"
"2591220956","1582462167","0.15805"
"1582462167","33853296","0.170555"
"33853296","1582462167","0.170555"
"1962414156","1985080385","0.639849"
"1985080385","1962414156","0.639849"
"1962414156","1989576326","0.0972851"
"1989576326","1962414156","0.0972851"
"1962414156","1994876586","0.447611"
"1994876586","1962414156","0.447611"
"1962414156","2025518599","0.184055"
"2025518599","1962414156","0.184055"
"1962414156","2073256825","0.490917"
"2073256825","1962414156","0.490917"
"1962414156","2084689094","0.622327"
"2084689094","1962414156","0.622327"
"1962414156","2088340225","0.0384615"
"2088340225","1962414156","0.0384615"
"1962414156","2099419573","1.60481"
"2099419573","1962414156","1.60481"
"1962414156","2116881978","0.327588"
"2116881978","1962414156","0.327588"
"1962414156","2144317445","1.00011"
"2144317445","1962414156","1.00011"
"1962414156","2144621675","0.0884615"
"2144621675","1962414156","0.0884615"
"1962414156","2241524359","0.192308"
"2241524359","1962414156","0.192308"
"1962414156","2243053663","0.577588"
"2243053663","1962414156","0.577588"
"1962414156","2252617635","0.0384615"
"2252617635","1962414156","0.0384615"
"1962414156","2293330917","0.0384615"
"2293330917","1962414156","0.0384615"
"1962414156","2294737577","0.163462"
"2294737577","1962414156","0.163462"
"1962414156","2463647523","0.318765"
"2463647523","1962414156","0.318765"
"1962414156","2494989140","0.0384615"
"2494989140","1962414156","0.0384615"
"1962414156","2497691016","0.0384615"
"2497691016","1962414156","0.0384615"
"1962414156","2591220956","0.397611"
"2591220956","1962414156","0.397611"
"1962414156","33853296","0.723182"
"33853296","1962414156","0.723182"
"1985080385","1989576326","0.0972851"
"1989576326","1985080385","0.0972851"
"1985080385","1994876586","0.20134"
"1994876586","1985080385","0.20134"
"1985080385","2025518599","0.309055"
"2025518599","1985080385","0.309055"
"1985080385","2073256825","0.634234"
"2073256825","1985080385","0.634234"
"1985080385","2084689094","0.509934"
"2084689094","1985080385","0.509934"
"1985080385","2088340225","0.510323"
"2088340225","1985080385","0.510323"
"1985080385","2099419573","1.43403"
"2099419573","1985080385","1.43403"
"1985080385","2116881978","1.00183"
"2116881978","1985080385","1.00183"
"1985080385","2144317445","1.31812"
"2144317445","1985080385","1.31812"
"1985080385","2144621675","0.125583"
"2144621675","1985080385","0.125583"
"1985080385","2241524359","0.0384615"
"2241524359","1985080385","0.0384615"
"1985080385","2243053663","0.369255"
"2243053663","1985080385","0.369255"
"1985080385","2252617635","0.0384615"
"2252617635","1985080385","0.0384615"
"1985080385","2293330917","0.230769"
"2293330917","1985080385","0.230769"
"1985080385","2294737577","0.138462"
"2294737577","1985080385","0.138462"
"1985080385","2463647523","0.253972"
"2463647523","1985080385","0.253972"
"1985080385","2494989140","0.0384615"
"2494989140","1985080385","0.0384615"
"1985080385","2497691016","0.0384615"
"2497691016","1985080385","0.0384615"
"1985080385","2591220956","0.245172"
"2591220956","1985080385","0.245172"
"1985080385","33853296","6.87639"
"33853296","1985080385","6.87639"
"1989576326","1994876586","0.0384615"
"1994876586","1989576326","0.0384615"
"1989576326","2025518599","0.0384615"
"2025518599","1989576326","0.0384615"
"1989576326","2073256825","0.0972851"
"2073256825","1989576326","0.0972851"
"1989576326","2084689094","0.0972851"
"2084689094","1989576326","0.0972851"
"1989576326","2088340225","0.436874"
"2088340225","1989576326","0.436874"
"1989576326","2099419573","0.263952"
"2099419573","1989576326","0.263952"
"1989576326","2116881978","0.0972851"
"2116881978","1989576326","0.0972851"
"1989576326","2144317445","0.240142"
"2144317445","1989576326","0.240142"
"1989576326","2144621675","4.91306"
"2144621675","1989576326","4.91306"
"1989576326","2241524359","0.0384615"
"2241524359","1989576326","0.0384615"
"1989576326","2243053663","0.0972851"
"2243053663","1989576326","0.0972851"
"1989576326","2252617635","0.0384615"
"2252617635","1989576326","0.0384615"
"1989576326","2293330917","0.0384615"
"2293330917","1989576326","0.0384615"
"1989576326","2294737577","0.0940171"
"2294737577","1989576326","0.0940171"
"1989576326","2463647523","0.0384615"
"2463647523","1989576326","0.0384615"
"1989576326","2494989140","0.0384615"
"2494989140","1989576326","0.0384615"
"1989576326","2497691016","0.0384615"
"2497691016","1989576326","0.0384615"
"1989576326","2591220956","0.0384615"
"2591220956","1989576326","0.0384615"
"1989576326","33853296","0.0972851"
"33853296","1989576326","0.0972851"
"1994876586","2025518599","0.105128"
"2025518599","1994876586","0.105128"
"1994876586","2073256825","0.414277"
"2073256825","1994876586","0.414277"
"1994876586","2084689094","0.145688"
"2084689094","1994876586","0.145688"
"1994876586","2088340225","0.862704"
"2088340225","1994876586","0.862704"
"1994876586","2099419573","0.580186"
"2099419573","1994876586","0.580186"
"1994876586","2116881978","0.20134"
"2116881978","1994876586","0.20134"
"1994876586","2144317445","1.14569"
"2144317445","1994876586","1.14569"
"1994876586","2144621675","0.575583"
"2144621675","1994876586","0.575583"
"1994876586","2241524359","0.192308"
"2241524359","1994876586","0.192308"
"1994876586","2243053663","0.0687646"
"2243053663","1994876586","0.0687646"
"1994876586","2252617635","0.0384615"
"2252617635","1994876586","0.0384615"
"1994876586","2293330917","0.0801282"
"2293330917","1994876586","0.0801282"
"1994876586","2294737577","0.0384615"
"2294737577","1994876586","0.0384615"
"1994876586","2463647523","0.159674"
"2463647523","1994876586","0.159674"
"1994876586","2494989140","0.0384615"
"2494989140","1994876586","0.0384615"
"1994876586","2497691016","0.105128"
"2497691016","1994876586","0.105128"
"1994876586","2591220956","1.01807"
"2591220956","1994876586","1.01807"
"1994876586","33853296","0.20134"
"33853296","1994876586","0.20134"
"2025518599","2073256825","0.239611"
"2073256825","2025518599","0.239611"
"2025518599","2084689094","0.297944"
"2084689094","2025518599","0.297944"
"2025518599","2088340225","0.105128"
"2088340225","2025518599","0.105128"
"2025518599","2099419573","0.184055"
"2099419573","2025518599","0.184055"
"2025518599","2116881978","0.0384615"
"2116881978","2025518599","0.0384615"
"2025518599","2144317445","0.139611"
"2144317445","2025518599","0.139611"
"2025518599","2144621675","0.205128"
"2144621675","2025518599","0.205128"
"2025518599","2241524359","0.0384615"
"2241524359","2025518599","0.0384615"
"2025518599","2243053663","0.0384615"
"2243053663","2025518599","0.0384615"
"2025518599","2252617635","0.0384615"
"2252617635","2025518599","0.0384615"
"2025518599","2293330917","0.0384615"
"2293330917","2025518599","0.0384615"
"2025518599","2294737577","0.0384615"
"2294737577","2025518599","0.0384615"
"2025518599","2463647523","0.163462"
"2463647523","2025518599","0.163462"
"2025518599","2494989140","0.0384615"
"2494989140","2025518599","0.0384615"
"2025518599","2497691016","0.205128"
"2497691016","2025518599","0.205128"
"2025518599","2591220956","0.0384615"
"2591220956","2025518599","0.0384615"
"2025518599","33853296","0.309055"
"33853296","2025518599","0.309055"
"2073256825","2084689094","3.26602"
"2084689094","2073256825","3.26602"
"2073256825","2088340225","0.819414"
"2088340225","2073256825","0.819414"
"2073256825","2099419573","3.89553"
"2099419573","2073256825","3.89553"
"2073256825","2116881978","1.48037"
"2116881978","2073256825","1.48037"
"2073256825","2144317445","3.26865"
"2144317445","2073256825","3.26865"
"2073256825","2144621675","0.199573"
"2144621675","2073256825","0.199573"
"2073256825","2241524359","0.192308"
"2241524359","2073256825","0.192308"
"2073256825","2243053663","0.369255"
"2243053663","2073256825","0.369255"
"2073256825","2252617635","0.149573"
"2252617635","2073256825","0.149573"
"2073256825","2293330917","0.0641026"
"2293330917","2073256825","0.0641026"
"2073256825","2294737577","0.138462"
"2294737577","2073256825","0.138462"
"2073256825","2463647523","0.453288"
"2463647523","2073256825","0.453288"
"2073256825","2494989140","0.0384615"
"2494989140","2073256825","0.0384615"
"2073256825","2497691016","0.205128"
"2497691016","2073256825","0.205128"
"2073256825","2591220956","0.931341"
"2591220956","2073256825","0.931341"
"2073256825","33853296","0.634234"
"33853296","2073256825","0.634234"
"2084689094","2088340225","0.705128"
"2088340225","2084689094","0.705128"
"2084689094","2099419573","0.706302"
"2099419573","2084689094","0.706302"
"2084689094","2116881978","0.169255"
"2116881978","2084689094","0.169255"
"2084689094","2144317445","0.955126"
"2144317445","2084689094","0.955126"
"2084689094","2144621675","0.0884615"
"2144621675","2084689094","0.0884615"
"2084689094","2241524359","0.115385"
"2241524359","2084689094","0.115385"
"2084689094","2243053663","0.169255"
"2243053663","2084689094","0.169255"
"2084689094","2252617635","0.0384615"
"2252617635","2084689094","0.0384615"
"2084689094","2293330917","0.0641026"
"2293330917","2084689094","0.0641026"
"2084689094","2294737577","0.138462"
"2294737577","2084689094","0.138462"
"2084689094","2463647523","0.110431"
"2463647523","2084689094","0.110431"
"2084689094","2494989140","0.0384615"
"2494989140","2084689094","0.0384615"
"2084689094","2497691016","0.138462"
"2497691016","2084689094","0.138462"
"2084689094","2591220956","0.237354"
"2591220956","2084689094","0.237354"
"2084689094","33853296","0.509934"
"33853296","2084689094","0.509934"
"2088340225","2099419573","0.272228"
"2099419573","2088340225","0.272228"
"2088340225","2116881978","0.129371"
"2116881978","2088340225","0.129371"
"2088340225","2144317445","0.501954"
"2144317445","2088340225","0.501954"
"2088340225","2144621675","0.682329"
"2144621675","2088340225","0.682329"
"2088340225","2241524359","0.0384615"
"2241524359","2088340225","0.0384615"
"2088340225","2243053663","0.0384615"
"2243053663","2088340225","0.0384615"
"2088340225","2252617635","0.0384615"
"2252617635","2088340225","0.0384615"
"2088340225","2293330917","0.0384615"
"2293330917","2088340225","0.0384615"
"2088340225","2294737577","0.205128"
"2294737577","2088340225","0.205128"
"2088340225","2463647523","0.129371"
"2463647523","2088340225","0.129371"
"2088340225","2494989140","0.0384615"
"2494989140","2088340225","0.0384615"
"2088340225","2497691016","0.638462"
"2497691016","2088340225","0.638462"
"2088340225","2591220956","0.131535"
"2591220956","2088340225","0.131535"
"2088340225","33853296","0.510323"
"33853296","2088340225","0.510323"
"2099419573","2116881978","1.66056"
"2116881978","2099419573","1.66056"
"2099419573","2144317445","5.36479"
"2144317445","2099419573","5.36479"
"2099419573","2144621675","0.453361"
"2144621675","2099419573","0.453361"
"2099419573","2241524359","1.64231"
"2241524359","2099419573","1.64231"
"2099419573","2243053663","1.36925"
"2243053663","2099419573","1.36925"
"2099419573","2252617635","0.149573"
"2252617635","2099419573","0.149573"
"2099419573","2293330917","1.37363"
"2293330917","2099419573","1.37363"
"2099419573","2294737577","0.680128"
"2294737577","2099419573","0.680128"
"2099419573","2463647523","5.84127"
"2463647523","2099419573","5.84127"
"2099419573","2494989140","0.0384615"
"2494989140","2099419573","0.0384615"
"2099419573","2497691016","0.0384615"
"2497691016","2099419573","0.0384615"
"2099419573","2591220956","2.44465"
"2591220956","2099419573","2.44465"
"2099419573","33853296","1.45784"
"33853296","2099419573","1.45784"
"2116881978","2144317445","0.780366"
"2144317445","2116881978","0.780366"
"2116881978","2144621675","0.236694"
"2144621675","2116881978","0.236694"
"2116881978","2241524359","0.205128"
"2241524359","2116881978","0.205128"
"2116881978","2243053663","8.56925"
"2243053663","2116881978","8.56925"
"2116881978","2252617635","0.149573"
"2252617635","2116881978","0.149573"
"2116881978","2293330917","0.0801282"
"2293330917","2116881978","0.0801282"
"2116881978","2294737577","0.205128"
"2294737577","2116881978","0.205128"
"2116881978","2463647523","0.734674"
"2463647523","2116881978","0.734674"
"2116881978","2494989140","0.0384615"
"2494989140","2116881978","0.0384615"
"2116881978","2497691016","0.0384615"
"2497691016","2116881978","0.0384615"
"2116881978","2591220956","0.522949"
"2591220956","2116881978","0.522949"
"2116881978","33853296","0.668497"
"33853296","2116881978","0.668497"
"2144317445","2144621675","0.59243"
"2144621675","2144317445","0.59243"
"2144317445","2241524359","1.56538"
"2241524359","2144317445","1.56538"
"2144317445","2243053663","0.169255"
"2243053663","2144317445","0.169255"
"2144317445","2252617635","0.149573"
"2252617635","2144317445","0.149573"
"2144317445","2293330917","0.0384615"
"2293330917","2144317445","0.0384615"
"2144317445","2294737577","0.288462"
"2294737577","2144317445","0.288462"
"2144317445","2463647523","0.643765"
"2463647523","2144317445","0.643765"
"2144317445","2494989140","0.0384615"
"2494989140","2144317445","0.0384615"
"2144317445","2497691016","0.105128"
"2497691016","2144317445","0.105128"
"2144317445","2591220956","6.30799"
"2591220956","2144317445","6.30799"
"2144317445","33853296","0.65145"
"33853296","2144317445","0.65145"
"2144621675","2241524359","0.0384615"
"2241524359","2144621675","0.0384615"
"2144621675","2243053663","0.0384615"
"2243053663","2144621675","0.0384615"
"2144621675","2252617635","0.149573"
"2252617635","2144621675","0.149573"
"2144621675","2293330917","0.0801282"
"2293330917","2144621675","0.0801282"
"2144621675","2294737577","0.0940171"
"2294737577","2144621675","0.0940171"
"2144621675","2463647523","0.0839161"
"2463647523","2144621675","0.0839161"
"2144621675","2494989140","0.0384615"
"2494989140","2144621675","0.0384615"
"2144621675","2497691016","0.0384615"
"2497691016","2144621675","0.0384615"
"2144621675","2591220956","0.241239"
"2591220956","2144621675","0.241239"
"2144621675","33853296","0.125583"
"33853296","2144621675","0.125583"
"2241524359","2243053663","0.0384615"
"2243053663","2241524359","0.0384615"
"2241524359","2252617635","0.0384615"
"2252617635","2241524359","0.0384615"
"2241524359","2293330917","0.0384615"
"2293330917","2241524359","0.0384615"
"2241524359","2294737577","0.121795"
"2294737577","2241524359","0.121795"
"2241524359","2463647523","0.488462"
"2463647523","2241524359","0.488462"
"2241524359","2494989140","0.0384615"
"2494989140","2241524359","0.0384615"
"2241524359","2497691016","0.0384615"
"2497691016","2241524359","0.0384615"
"2241524359","2591220956","0.558974"
"2591220956","2241524359","0.558974"
"2241524359","33853296","0.205128"
"33853296","2241524359","0.205128"
"2243053663","2252617635","0.0384615"
"2252617635","2243053663","0.0384615"
"2243053663","2293330917","0.0384615"
"2293330917","2243053663","0.0384615"
"2243053663","2294737577","0.205128"
"2294737577","2243053663","0.205128"
"2243053663","2463647523","0.477098"
"2463647523","2243053663","0.477098"
"2243053663","2494989140","0.0384615"
"2494989140","2243053663","0.0384615"
"2243053663","2497691016","0.0384615"
"2497691016","2243053663","0.0384615"
"2243053663","2591220956","0.110431"
"2591220956","2243053663","0.110431"
"2243053663","33853296","0.619255"
"33853296","2243053663","0.619255"
"2252617635","2293330917","0.0384615"
"2293330917","2252617635","0.0384615"
"2252617635","2294737577","3.53846"
"2294737577","2252617635","3.53846"
"2252617635","2463647523","0.0384615"
"2463647523","2252617635","0.0384615"
"2252617635","2494989140","0.0384615"
"2494989140","2252617635","0.0384615"
"2252617635","2497691016","0.0384615"
"2497691016","2252617635","0.0384615"
"2252617635","2591220956","0.149573"
"2591220956","2252617635","0.149573"
"2252617635","33853296","0.0384615"
"33853296","2252617635","0.0384615"
"2293330917","2294737577","0.0384615"
"2294737577","2293330917","0.0384615"
"2293330917","2463647523","0.0384615"
"2463647523","2293330917","0.0384615"
"2293330917","2494989140","0.0384615"
"2494989140","2293330917","0.0384615"
"2293330917","2497691016","0.0384615"
"2497691016","2293330917","0.0384615"
"2293330917","2591220956","0.0801282"
"2591220956","2293330917","0.0801282"
"2293330917","33853296","0.230769"
"33853296","2293330917","0.230769"
"2294737577","2463647523","0.288462"
"2463647523","2294737577","0.288462"
"2294737577","2494989140","0.0384615"
"2494989140","2294737577","0.0384615"
"2294737577","2497691016","0.0384615"
"2497691016","2294737577","0.0384615"
"2294737577","2591220956","0.288462"
"2591220956","2294737577","0.288462"
"2294737577","33853296","0.138462"
"33853296","2294737577","0.138462"
"2463647523","2494989140","0.0384615"
"2494989140","2463647523","0.0384615"
"2463647523","2497691016","0.0384615"
"2497691016","2463647523","0.0384615"
"2463647523","2591220956","0.855886"
"2591220956","2463647523","0.855886"
"2463647523","33853296","0.420639"
"33853296","2463647523","0.420639"
"2494989140","2497691016","0.0384615"
"2497691016","2494989140","0.0384615"
"2494989140","2591220956","0.0384615"
"2591220956","2494989140","0.0384615"
"2494989140","33853296","0.0384615"
"33853296","2494989140","0.0384615"
"2497691016","2591220956","0.0384615"
"2591220956","2497691016","0.0384615"
"2497691016","33853296","0.0384615"
"33853296","2497691016","0.0384615"
"2591220956","33853296","0.411838"
"33853296","2591220956","0.411838"
"101127912","131152436","0.0344828"
"131152436","101127912","0.0344828"
"101127912","1490135531","0.0344828"
"1490135531","101127912","0.0344828"
"101127912","1747560487","0.0344828"
"1747560487","101127912","0.0344828"
"101127912","1818318606","0.0344828"
"1818318606","101127912","0.0344828"
"101127912","2012301399","0.259973"
"2012301399","101127912","0.259973"
"101127912","2067298798","0.0344828"
"2067298798","101127912","0.0344828"
"101127912","2073427650","0.159483"
"2073427650","101127912","0.159483"
"101127912","2081988057","0.201149"
"2081988057","101127912","0.201149"
"101127912","2086364952","0.0344828"
"2086364952","101127912","0.0344828"
"101127912","2087866628","0.101149"
"2087866628","101127912","0.101149"
"101127912","2099302642","0.42664"
"2099302642","101127912","0.42664"
"101127912","2103016999","0.134483"
"2103016999","101127912","0.134483"
"101127912","2119436620","0.201149"
"2119436620","101127912","0.201149"
"101127912","2136233172","0.0344828"
"2136233172","101127912","0.0344828"
"101127912","2140164381","0.0344828"
"2140164381","101127912","0.0344828"
"101127912","2744422971","0.0933063"
"2744422971","101127912","0.0933063"
"131152436","1490135531","1.61592"
"1490135531","131152436","1.61592"
"131152436","1510018940","0.33472"
"1510018940","131152436","0.33472"
"131152436","1548259046","0.0601238"
"1548259046","131152436","0.0601238"
"131152436","1582462167","0.0904268"
"1582462167","131152436","0.0904268"
"131152436","1747560487","0.57683"
"1747560487","131152436","0.57683"
"131152436","1818318606","0.0647858"
"1818318606","131152436","0.0647858"
"131152436","1962414156","0.33472"
"1962414156","131152436","0.33472"
"131152436","1985080385","0.267306"
"1985080385","131152436","0.267306"
"131152436","2012301399","0.240679"
"2012301399","131152436","0.240679"
"131152436","2015057146","0.0344828"
"2015057146","131152436","0.0344828"
"131152436","2025518599","0.0344828"
"2025518599","131152436","0.0344828"
"131152436","2067298798","0.0344828"
"2067298798","131152436","0.0344828"
"131152436","2073256825","0.267306"
"2073256825","131152436","0.267306"
"131152436","2073427650","0.240679"
"2073427650","131152436","0.240679"
"131152436","2081988057","0.303179"
"2081988057","131152436","0.303179"
"131152436","2084689094","0.392306"
"2084689094","131152436","0.392306"
"131152436","2086364952","0.202981"
"2086364952","131152436","0.202981"
"131152436","2087866628","0.122624"
"2087866628","131152436","0.122624"
"131152436","2099302642","0.482093"
"2099302642","131152436","0.482093"
"131152436","2099419573","0.527028"
"2099419573","131152436","0.527028"
"131152436","2103016999","0.0904268"
"2103016999","131152436","0.0904268"
"131152436","2119436620","0.0904268"
"2119436620","131152436","0.0904268"
"131152436","2136233172","2.75877"
"2136233172","131152436","2.75877"
"131152436","2140164381","0.360361"
"2140164381","131152436","0.360361"
"131152436","2144317445","0.452776"
"2144317445","131152436","0.452776"
"131152436","2744422971","0.0969828"
"2744422971","131152436","0.0969828"
"131152436","33853296","0.410163"
"33853296","131152436","0.410163"
"131152436","46896983","0.0344828"
"46896983","131152436","0.0344828"
"1490135531","1510018940","0.477578"
"1510018940","1490135531","0.477578"
"1490135531","1548259046","0.0601238"
"1548259046","1490135531","0.0601238"
"1490135531","1582462167","0.0904268"
"1582462167","1490135531","0.0904268"
"1490135531","1747560487","0.528271"
"1747560487","1490135531","0.528271"
"1490135531","1818318606","0.0647858"
"1818318606","1490135531","0.0647858"
"1490135531","1962414156","0.33472"
"1962414156","1490135531","0.33472"
"1490135531","1985080385","0.361604"
"1985080385","1490135531","0.361604"
"1490135531","2012301399","0.240679"
"2012301399","1490135531","0.240679"
"1490135531","2015057146","0.176149"
"2015057146","1490135531","0.176149"
"1490135531","2025518599","0.0344828"
"2025518599","1490135531","0.0344828"
"1490135531","2067298798","0.0344828"
"2067298798","1490135531","0.0344828"
"1490135531","2073256825","0.308973"
"2073256825","1490135531","0.308973"
"1490135531","2073427650","0.434978"
"2073427650","1490135531","0.434978"
"1490135531","2081988057","0.303179"
"2081988057","1490135531","0.303179"
"1490135531","2084689094","0.433973"
"2084689094","1490135531","0.433973"
"1490135531","2086364952","0.0601238"
"2086364952","1490135531","0.0601238"
"1490135531","2087866628","0.216922"
"2087866628","1490135531","0.216922"
"1490135531","2099302642","0.482093"
"2099302642","1490135531","0.482093"
"1490135531","2099419573","0.764184"
"2099419573","1490135531","0.764184"
"1490135531","2103016999","0.590427"
"2103016999","1490135531","0.590427"
"1490135531","2119436620","0.184725"
"2119436620","1490135531","0.184725"
"1490135531","2136233172","3.95307"
"2136233172","1490135531","3.95307"
"1490135531","2140164381","1.04489"
"2140164381","1490135531","1.04489"
"1490135531","2144317445","0.6373"
"2144317445","1490135531","0.6373"
"1490135531","2744422971","0.0969828"
"2744422971","1490135531","0.0969828"
"1490135531","33853296","0.361604"
"33853296","1490135531","0.361604"
"1490135531","46896983","0.0344828"
"46896983","1490135531","0.0344828"
"1510018940","1747560487","0.123609"
"1747560487","1510018940","0.123609"
"1510018940","1818318606","0.0647858"
"1818318606","1510018940","0.0647858"
"1510018940","2012301399","0.111406"
"2012301399","1510018940","0.111406"
"1510018940","2015057146","0.0344828"
"2015057146","1510018940","0.0344828"
"1510018940","2067298798","0.0344828"
"2067298798","1510018940","0.0344828"
"1510018940","2073427650","0.0344828"
"2073427650","1510018940","0.0344828"
"1510018940","2081988057","0.0344828"
"2081988057","1510018940","0.0344828"
"1510018940","2086364952","0.0344828"
"2086364952","1510018940","0.0344828"
"1510018940","2087866628","0.0344828"
"2087866628","1510018940","0.0344828"
"1510018940","2099302642","0.595677"
"2099302642","1510018940","0.595677"
"1510018940","2103016999","0.175897"
"2103016999","1510018940","0.175897"
"1510018940","2119436620","0.0647858"
"2119436620","1510018940","0.0647858"
"1510018940","2136233172","0.477578"
"2136233172","1510018940","0.477578"
"1510018940","2140164381","0.554501"
"2140164381","1510018940","0.554501"
"1510018940","2744422971","0.0344828"
"2744422971","1510018940","0.0344828"
"1510018940","46896983","0.111406"
"46896983","1510018940","0.111406"
"1548259046","1747560487","0.0601238"
"1747560487","1548259046","0.0601238"
"1548259046","1818318606","0.0344828"
"1818318606","1548259046","0.0344828"
"1548259046","2012301399","1.06012"
"2012301399","1548259046","1.06012"
"1548259046","2015057146","0.0344828"
"2015057146","1548259046","0.0344828"
"1548259046","2067298798","0.0344828"
"2067298798","1548259046","0.0344828"
"1548259046","2073427650","0.0601238"
"2073427650","1548259046","0.0601238"
"1548259046","2081988057","0.0601238"
"2081988057","1548259046","0.0601238"
"1548259046","2086364952","0.0601238"
"2086364952","1548259046","0.0601238"
"1548259046","2087866628","0.0601238"
"2087866628","1548259046","0.0601238"
"1548259046","2099302642","1.43512"
"2099302642","1548259046","1.43512"
"1548259046","2103016999","0.0601238"
"2103016999","1548259046","0.0601238"
"1548259046","2119436620","0.0601238"
"2119436620","1548259046","0.0601238"
"1548259046","2136233172","0.0601238"
"2136233172","1548259046","0.0601238"
"1548259046","2140164381","0.185124"
"2140164381","1548259046","0.185124"
"1548259046","2744422971","0.0344828"
"2744422971","1548259046","0.0344828"
"1548259046","46896983","0.284483"
"46896983","1548259046","0.284483"
"1582462167","1747560487","0.0904268"
"1747560487","1582462167","0.0904268"
"1582462167","1818318606","0.112405"
"1818318606","1582462167","0.112405"
"1582462167","2012301399","0.10179"
"2012301399","1582462167","0.10179"
"1582462167","2015057146","0.123768"
"2015057146","1582462167","0.123768"
"1582462167","2067298798","0.0344828"
"2067298798","1582462167","0.0344828"
"1582462167","2073427650","0.0601238"
"2073427650","1582462167","0.0601238"
"1582462167","2081988057","0.0601238"
"2081988057","1582462167","0.0601238"
"1582462167","2086364952","0.0601238"
"2086364952","1582462167","0.0601238"
"1582462167","2087866628","0.310124"
"2087866628","1582462167","0.310124"
"1582462167","2099302642","0.0904268"
"2099302642","1582462167","0.0904268"
"1582462167","2103016999","0.0904268"
"2103016999","1582462167","0.0904268"
"1582462167","2119436620","0.0904268"
"2119436620","1582462167","0.0904268"
"1582462167","2136233172","0.0904268"
"2136233172","1582462167","0.0904268"
"1582462167","2140164381","0.0904268"
"2140164381","1582462167","0.0904268"
"1582462167","2744422971","1.03448"
"2744422971","1582462167","1.03448"
"1582462167","46896983","0.0344828"
"46896983","1582462167","0.0344828"
"1747560487","1818318606","0.0647858"
"1818318606","1747560487","0.0647858"
"1747560487","1962414156","0.290276"
"1962414156","1747560487","0.290276"
"1747560487","1985080385","0.465771"
"1985080385","1747560487","0.465771"
"1747560487","2012301399","0.178179"
"2012301399","1747560487","0.178179"
"1747560487","2015057146","0.0761494"
"2015057146","1747560487","0.0761494"
"1747560487","2025518599","0.0344828"
"2025518599","1747560487","0.0344828"
"1747560487","2067298798","0.0344828"
"2067298798","1747560487","0.0344828"
"1747560487","2073256825","0.308973"
"2073256825","1747560487","0.308973"
"1747560487","2073427650","0.209978"
"2073427650","1747560487","0.209978"
"1747560487","2081988057","0.261513"
"2081988057","1747560487","0.261513"
"1747560487","2084689094","0.392306"
"2084689094","1747560487","0.392306"
"1747560487","2086364952","3.06965"
"2086364952","1747560487","3.06965"
"1747560487","2087866628","0.216922"
"2087866628","1747560487","0.216922"
"1747560487","2099302642","0.479316"
"2099302642","1747560487","0.479316"
"1747560487","2099419573","1.07688"
"2099419573","1747560487","1.07688"
"1747560487","2103016999","0.0904268"
"2103016999","1747560487","0.0904268"
"1747560487","2119436620","0.184725"
"2119436620","1747560487","0.184725"
"1747560487","2136233172","1.17113"
"2136233172","1747560487","1.17113"
"1747560487","2140164381","0.440917"
"2140164381","1747560487","0.440917"
"1747560487","2144317445","0.449998"
"2144317445","1747560487","0.449998"
"1747560487","2744422971","0.0969828"
"2744422971","1747560487","0.0969828"
"1747560487","33853296","0.441961"
"33853296","1747560487","0.441961"
"1747560487","46896983","0.0344828"
"46896983","1747560487","0.0344828"
"1818318606","1962414156","0.0647858"
"1962414156","1818318606","0.0647858"
"1818318606","1985080385","0.0647858"
"1985080385","1818318606","0.0647858"
"1818318606","2012301399","0.0344828"
"2012301399","1818318606","0.0344828"
"1818318606","2015057146","0.0821018"
"2015057146","1818318606","0.0821018"
