"1479826017","2761075141","10.5588"
"2761075141","1479826017","10.5588"
"1479826017","1576604515","0.0416667"
"1576604515","1479826017","0.0416667"
"1479826017","1588110365","0.10049"
"1588110365","1479826017","0.10049"
"1479826017","1967186050","0.0416667"
"1967186050","1479826017","0.0416667"
"1479826017","1980260088","0.0416667"
"1980260088","1479826017","0.0416667"
"1479826017","1981880290","0.30049"
"1981880290","1479826017","0.30049"
"1479826017","2006826852","1.22549"
"2006826852","1479826017","1.22549"
"1479826017","2021624113","0.241667"
"2021624113","1479826017","0.241667"
"1479826017","2027393881","0.649733"
"2027393881","1479826017","0.649733"
"1479826017","2029801487","0.241667"
"2029801487","1479826017","0.241667"
"1479826017","2043196319","0.30049"
"2043196319","1479826017","0.30049"
"1479826017","2044050772","0.0416667"
"2044050772","1479826017","0.0416667"
"1479826017","2068282352","0.191399"
"2068282352","1479826017","0.191399"
"1479826017","2072768981","1.48307"
"2072768981","1479826017","1.48307"
"1479826017","2074215267","0.10049"
"2074215267","1479826017","0.10049"
"1479826017","2085373553","1.63382"
"2085373553","1479826017","1.63382"
"1479826017","2086431959","0.241667"
"2086431959","1479826017","0.241667"
"1479826017","2092933988","0.241667"
"2092933988","1479826017","0.241667"
"1479826017","2094502467","0.10049"
"2094502467","1479826017","0.10049"
"1479826017","2108332272","0.191399"
"2108332272","1479826017","0.191399"
"1479826017","2115726190","0.10049"
"2115726190","1479826017","0.10049"
"1479826017","2116139218","0.465909"
"2116139218","1479826017","0.465909"
"1479826017","2130508343","0.22549"
"2130508343","1479826017","0.22549"
"1479826017","2164262668","0.0416667"
"2164262668","1479826017","0.0416667"
"1479826017","2567086669","0.22549"
"2567086669","1479826017","0.22549"
"1576604515","1588110365","0.206004"
"1588110365","1576604515","0.206004"
"1576604515","1967186050","0.20798"
"1967186050","1576604515","0.20798"
"1576604515","1980260088","1.04267"
"1980260088","1576604515","1.04267"
"1576604515","1981880290","0.30409"
"1981880290","1576604515","0.30409"
"1576604515","2006826852","0.332041"
"2006826852","1576604515","0.332041"
"1576604515","2021624113","0.595299"
"2021624113","1576604515","0.595299"
"1576604515","2027393881","0.260612"
"2027393881","1576604515","0.260612"
"1576604515","2029801487","0.952442"
"2029801487","1576604515","0.952442"
"1576604515","2043196319","0.551821"
"2043196319","1576604515","0.551821"
"1576604515","2044050772","0.551821"
"2044050772","1576604515","0.551821"
"1576604515","2068282352","0.381013"
"2068282352","1576604515","0.381013"
"1576604515","2072768981","0.375519"
"2072768981","1576604515","0.375519"
"1576604515","2074215267","0.595299"
"2074215267","1576604515","0.595299"
"1576604515","2085373553","0.251459"
"2085373553","1576604515","0.251459"
"1576604515","2086431959","0.551821"
"2086431959","1576604515","0.551821"
"1576604515","2092933988","0.367297"
"2092933988","1576604515","0.367297"
"1576604515","2094502467","0.375519"
"2094502467","1576604515","0.375519"
"1576604515","2108332272","0.332041"
"2108332272","1576604515","0.332041"
"1576604515","2115726190","0.39981"
"2115726190","1576604515","0.39981"
"1576604515","2116139218","0.30409"
"2116139218","1576604515","0.30409"
"1576604515","2130508343","0.260612"
"2130508343","1576604515","0.260612"
"1576604515","2164262668","0.375519"
"2164262668","1576604515","0.375519"
"1576604515","2567086669","0.162526"
"2567086669","1576604515","0.162526"
"1588110365","1967186050","0.276905"
"1967186050","1588110365","0.276905"
"1588110365","1980260088","0.606985"
"1980260088","1588110365","0.606985"
"1588110365","1981880290","1.12504"
"1981880290","1588110365","1.12504"
"1588110365","2006826852","0.383849"
"2006826852","1588110365","0.383849"
"1588110365","2021624113","1.50927"
"2021624113","1588110365","1.50927"
"1588110365","2027393881","0.480173"
"2027393881","1588110365","0.480173"
"1588110365","2029801487","1.05004"
"2029801487","1588110365","1.05004"
"1588110365","2043196319","1.03066"
"2043196319","1588110365","1.03066"
"1588110365","2044050772","0.588016"
"2044050772","1588110365","0.588016"
"1588110365","2068282352","1.24775"
"2068282352","1588110365","1.24775"
"1588110365","2072768981","2.06164"
"2072768981","1588110365","2.06164"
"1588110365","2074215267","1.2056"
"2074215267","1588110365","1.2056"
"1588110365","2085373553","1.84497"
"2085373553","1588110365","1.84497"
"1588110365","2086431959","0.888016"
"2086431959","1588110365","0.888016"
"1588110365","2092933988","0.778784"
"2092933988","1588110365","0.778784"
"1588110365","2094502467","1.03942"
"2094502467","1588110365","1.03942"
"1588110365","2108332272","1.33573"
"2108332272","1588110365","1.33573"
"1588110365","2115726190","0.839419"
"2115726190","1588110365","0.839419"
"1588110365","2116139218","1.43844"
"2116139218","1588110365","1.43844"
"1588110365","2130508343","0.460728"
"2130508343","1588110365","0.460728"
"1588110365","2164262668","0.681494"
"2164262668","1588110365","0.681494"
"1588110365","2567086669","0.335728"
"2567086669","1588110365","0.335728"
"1967186050","1980260088","0.381183"
"1980260088","1967186050","0.381183"
"1967186050","1981880290","0.266804"
"1981880290","1967186050","0.266804"
"1967186050","2006826852","0.266804"
"2006826852","1967186050","0.266804"
"1967186050","2021624113","0.32236"
"2021624113","1967186050","0.32236"
"1967186050","2027393881","0.266804"
"2027393881","1967186050","0.266804"
"1967186050","2029801487","0.600137"
"2029801487","1967186050","0.600137"
"1967186050","2043196319","0.337705"
"2043196319","1967186050","0.337705"
"1967186050","2044050772","0.278881"
"2044050772","1967186050","0.278881"
"1967186050","2068282352","0.381183"
"2068282352","1967186050","0.381183"
"1967186050","2072768981","1.38118"
"2072768981","1967186050","1.38118"
"1967186050","2074215267","0.381183"
"2074215267","1967186050","0.381183"
"1967186050","2085373553","0.32236"
"2085373553","1967186050","0.32236"
"1967186050","2086431959","0.337705"
"2086431959","1967186050","0.337705"
"1967186050","2092933988","0.237215"
"2092933988","1967186050","0.237215"
"1967186050","2094502467","1.65896"
"2094502467","1967186050","1.65896"
"1967186050","2108332272","0.266804"
"2108332272","1967186050","0.266804"
"1967186050","2115726190","0.381183"
"2115726190","1967186050","0.381183"
"1967186050","2116139218","0.32236"
"2116139218","1967186050","0.32236"
"1967186050","2130508343","1.65569"
"2130508343","1967186050","1.65569"
"1967186050","2164262668","1.2668"
"2164262668","1967186050","1.2668"
"1967186050","2567086669","0.335728"
"2567086669","1967186050","0.335728"
"1980260088","1981880290","0.787161"
"1981880290","1980260088","0.787161"
"1980260088","2006826852","0.546566"
"2006826852","1980260088","0.546566"
"1980260088","2021624113","3.29442"
"2021624113","1980260088","3.29442"
"1980260088","2027393881","0.617294"
"2027393881","1980260088","0.617294"
"1980260088","2029801487","3.49574"
"2029801487","1980260088","3.49574"
"1980260088","2043196319","1.80748"
"2043196319","1980260088","1.80748"
"1980260088","2044050772","2.11407"
"2044050772","1980260088","2.11407"
"1980260088","2068282352","2.80952"
"2068282352","1980260088","2.80952"
"1980260088","2072768981","1.30693"
"2072768981","1980260088","1.30693"
"1980260088","2074215267","2.04971"
"2074215267","1980260088","2.04971"
"1980260088","2085373553","0.930848"
"2085373553","1980260088","0.930848"
"1980260088","2086431959","2.45067"
"2086431959","1980260088","2.45067"
"1980260088","2092933988","3.95921"
"2092933988","1980260088","3.95921"
"1980260088","2094502467","0.653525"
"2094502467","1980260088","0.653525"
"1980260088","2108332272","1.60678"
"2108332272","1980260088","1.60678"
"1980260088","2115726190","5.07679"
"2115726190","1980260088","5.07679"
"1980260088","2116139218","1.83994"
"2116139218","1980260088","1.83994"
"1980260088","2130508343","0.48535"
"2130508343","1980260088","0.48535"
"1980260088","2164262668","0.814777"
"2164262668","1980260088","0.814777"
"1980260088","2567086669","0.606562"
"2567086669","1980260088","0.606562"
"1981880290","2006826852","1.32409"
"2006826852","1981880290","1.32409"
"1981880290","2021624113","2.30548"
"2021624113","1981880290","2.30548"
"1981880290","2027393881","0.603749"
"2027393881","1981880290","0.603749"
"1981880290","2029801487","1.96847"
"2029801487","1981880290","1.96847"
"1981880290","2043196319","5.91347"
"2043196319","1981880290","5.91347"
"1981880290","2044050772","2.012"
"2044050772","1981880290","2.012"
"1981880290","2068282352","0.91945"
"2068282352","1981880290","0.91945"
"1981880290","2072768981","3.48612"
"2072768981","1981880290","3.48612"
"1981880290","2074215267","3.34396"
"2074215267","1981880290","3.34396"
"1981880290","2085373553","2.21633"
"2085373553","1981880290","2.21633"
"1981880290","2086431959","1.36249"
"2086431959","1981880290","1.36249"
"1981880290","2092933988","0.829158"
"2092933988","1981880290","0.829158"
"1981880290","2094502467","0.593061"
"2094502467","1981880290","0.593061"
"1981880290","2108332272","1.20514"
"2108332272","1981880290","1.20514"
"1981880290","2115726190","0.866818"
"2115726190","1981880290","0.866818"
"1981880290","2116139218","1.96063"
"2116139218","1981880290","1.96063"
"1981880290","2130508343","0.603749"
"2130508343","1981880290","0.603749"
"1981880290","2164262668","0.734237"
"2164262668","1981880290","0.734237"
"1981880290","2567086669","0.813506"
"2567086669","1981880290","0.813506"
"2006826852","2021624113","0.923707"
"2021624113","2006826852","0.923707"
"2006826852","2027393881","1.97826"
"2027393881","2006826852","1.97826"
"2006826852","2029801487","0.845731"
"2029801487","2006826852","0.845731"
"2006826852","2043196319","0.647876"
"2043196319","2006826852","0.647876"
"2006826852","2044050772","0.430229"
"2044050772","2006826852","0.430229"
"2006826852","2068282352","0.725283"
"2068282352","2006826852","0.725283"
"2006826852","2072768981","4.5479"
"2072768981","2006826852","4.5479"
"2006826852","2074215267","1.30385"
"2074215267","2006826852","1.30385"
"2006826852","2085373553","0.770971"
"2085373553","2006826852","0.770971"
"2006826852","2086431959","0.755719"
"2086431959","2006826852","0.755719"
"2006826852","2092933988","0.351062"
"2092933988","2006826852","0.351062"
"2006826852","2094502467","1.28957"
"2094502467","2006826852","1.28957"
"2006826852","2108332272","1.9604"
"2108332272","2006826852","1.9604"
"2006826852","2115726190","0.84408"
"2115726190","2006826852","0.84408"
"2006826852","2116139218","2.35694"
"2116139218","2006826852","2.35694"
"2006826852","2130508343","1.91397"
"2130508343","2006826852","1.91397"
"2006826852","2164262668","0.699197"
"2164262668","2006826852","0.699197"
"2006826852","2567086669","2.81351"
"2567086669","2006826852","2.81351"
"2021624113","2027393881","0.402279"
"2027393881","2021624113","0.402279"
"2021624113","2029801487","2.62761"
"2029801487","2021624113","2.62761"
"2021624113","2043196319","5.49365"
"2043196319","2021624113","5.49365"
"2021624113","2044050772","1.6258"
"2044050772","2021624113","1.6258"
"2021624113","2068282352","3.32304"
"2068282352","2021624113","3.32304"
"2021624113","2072768981","3.48553"
"2072768981","2021624113","3.48553"
"2021624113","2074215267","3.61491"
"2074215267","2021624113","3.61491"
"2021624113","2085373553","1.32202"
"2085373553","2021624113","1.32202"
"2021624113","2086431959","4.72143"
"2086431959","2021624113","4.72143"
"2021624113","2092933988","2.35655"
"2092933988","2021624113","2.35655"
"2021624113","2094502467","1.38295"
"2094502467","2021624113","1.38295"
"2021624113","2108332272","1.1751"
"2108332272","2021624113","1.1751"
"2021624113","2115726190","2.82101"
"2115726190","2021624113","2.82101"
"2021624113","2116139218","1.45389"
"2116139218","2021624113","1.45389"
"2021624113","2130508343","0.853668"
"2130508343","2021624113","0.853668"
"2021624113","2164262668","0.658852"
"2164262668","2021624113","0.658852"
"2021624113","2567086669","0.581072"
"2567086669","2021624113","0.581072"
"2027393881","2029801487","0.361102"
"2029801487","2027393881","0.361102"
"2027393881","2043196319","0.685271"
"2043196319","2027393881","0.685271"
"2027393881","2044050772","0.3588"
"2044050772","2027393881","0.3588"
"2027393881","2068282352","0.669658"
"2068282352","2027393881","0.669658"
"2027393881","2072768981","4.12799"
"2072768981","2027393881","4.12799"
"2027393881","2074215267","0.619926"
"2074215267","2027393881","0.619926"
"2027393881","2085373553","0.667294"
"2085373553","2027393881","0.667294"
"2027393881","2086431959","0.317624"
"2086431959","2027393881","0.317624"
"2027393881","2092933988","0.275957"
"2092933988","2027393881","0.275957"
"2027393881","2094502467","0.828749"
"2094502467","2027393881","0.828749"
"2027393881","2108332272","3.13633"
"2108332272","2027393881","3.13633"
"2027393881","2115726190","0.776118"
"2115726190","2027393881","0.776118"
"2027393881","2116139218","1.51083"
"2116139218","2027393881","1.51083"
"2027393881","2130508343","2.58708"
"2130508343","2027393881","2.58708"
"2027393881","2164262668","0.686592"
"2164262668","2027393881","0.686592"
"2027393881","2567086669","1.31351"
"2567086669","2027393881","1.31351"
"2029801487","2043196319","2.09573"
"2043196319","2029801487","2.09573"
"2029801487","2044050772","1.96829"
"2044050772","2029801487","1.96829"
"2029801487","2068282352","3.09758"
"2068282352","2029801487","3.09758"
"2029801487","2072768981","1.86007"
"2072768981","2029801487","1.86007"
"2029801487","2074215267","2.87824"
"2074215267","2029801487","2.87824"
"2029801487","2085373553","1.33779"
"2085373553","2029801487","1.33779"
"2029801487","2086431959","2.43059"
"2086431959","2029801487","2.43059"
"2029801487","2092933988","2.71323"
"2092933988","2029801487","2.71323"
"2029801487","2094502467","1.64713"
"2094502467","2029801487","1.64713"
"2029801487","2108332272","0.843443"
"2108332272","2029801487","0.843443"
"2029801487","2115726190","6.67054"
"2115726190","2029801487","6.67054"
"2029801487","2116139218","2.11966"
"2116139218","2029801487","2.11966"
"2029801487","2130508343","1.12479"
"2130508343","2029801487","1.12479"
"2029801487","2164262668","1.05858"
"2164262668","2029801487","1.05858"
"2029801487","2567086669","0.492183"
"2567086669","2029801487","0.492183"
"2043196319","2044050772","2.35913"
"2044050772","2043196319","2.35913"
"2043196319","2068282352","2.39215"
"2068282352","2043196319","2.39215"
"2043196319","2072768981","2.26019"
"2072768981","2043196319","2.26019"
"2043196319","2074215267","2.5863"
"2074215267","2043196319","2.5863"
"2043196319","2085373553","2.82953"
"2085373553","2043196319","2.82953"
"2043196319","2086431959","6.00248"
"2086431959","2043196319","6.00248"
"2043196319","2092933988","2.10426"
"2092933988","2043196319","2.10426"
"2043196319","2094502467","1.25483"
"2094502467","2043196319","1.25483"
"2043196319","2108332272","1.39142"
"2108332272","2043196319","1.39142"
"2043196319","2115726190","2.48178"
"2115726190","2043196319","2.48178"
"2043196319","2116139218","1.55028"
"2116139218","2043196319","1.55028"
"2043196319","2130508343","1.02833"
"2130508343","2043196319","1.02833"
"2043196319","2164262668","0.833021"
"2164262668","2043196319","0.833021"
"2043196319","2567086669","0.45524"
"2567086669","2043196319","0.45524"
"2044050772","2068282352","4.48992"
"2068282352","2044050772","4.48992"
"2044050772","2072768981","1.21511"
"2072768981","2044050772","1.21511"
"2044050772","2074215267","2.63337"
"2074215267","2044050772","2.63337"
"2044050772","2085373553","1.07855"
"2085373553","2044050772","1.07855"
"2044050772","2086431959","1.70004"
"2086431959","2044050772","1.70004"
"2044050772","2092933988","6.00301"
"2092933988","2044050772","6.00301"
"2044050772","2094502467","0.628364"
"2094502467","2044050772","0.628364"
"2044050772","2108332272","0.681618"
"2108332272","2044050772","0.681618"
"2044050772","2115726190","3.42122"
"2115726190","2044050772","3.42122"
"2044050772","2116139218","0.981445"
"2116139218","2044050772","0.981445"
"2044050772","2130508343","0.376856"
"2130508343","2044050772","0.376856"
"2044050772","2164262668","0.706283"
"2164262668","2044050772","0.706283"
"2044050772","2567086669","0.50426"
"2567086669","2044050772","0.50426"
"2068282352","2072768981","1.43073"
"2072768981","2068282352","1.43073"
"2068282352","2074215267","1.99132"
"2074215267","2068282352","1.99132"
"2068282352","2085373553","1.30217"
"2085373553","2068282352","1.30217"
"2068282352","2086431959","1.85152"
"2086431959","2068282352","1.85152"
"2068282352","2092933988","9.63485"
"2092933988","2068282352","9.63485"
"2068282352","2094502467","1.28085"
"2094502467","2068282352","1.28085"
"2068282352","2108332272","1.0639"
"2108332272","2068282352","1.0639"
"2068282352","2115726190","3.35982"
"2115726190","2068282352","3.35982"
"2068282352","2116139218","1.56542"
"2116139218","2068282352","1.56542"
"2068282352","2130508343","0.802162"
"2130508343","2068282352","0.802162"
"2068282352","2164262668","0.98348"
"2164262668","2068282352","0.98348"
"2068282352","2567086669","0.436219"
"2567086669","2068282352","0.436219"
"2072768981","2074215267","4.36492"
"2074215267","2072768981","4.36492"
"2072768981","2085373553","5.3946"
"2085373553","2072768981","5.3946"
"2072768981","2086431959","2.25012"
"2086431959","2072768981","2.25012"
"2072768981","2092933988","1.63226"
"2092933988","2072768981","1.63226"
"2072768981","2094502467","2.82986"
"2094502467","2072768981","2.82986"
"2072768981","2108332272","6.29486"
"2108332272","2072768981","6.29486"
"2072768981","2115726190","2.27111"
"2115726190","2072768981","2.27111"
"2072768981","2116139218","8.08884"
"2116139218","2072768981","8.08884"
"2072768981","2130508343","2.09085"
"2130508343","2072768981","2.09085"
"2072768981","2164262668","2.20074"
"2164262668","2072768981","2.20074"
"2072768981","2567086669","7.69039"
"2567086669","2072768981","7.69039"
"2074215267","2085373553","1.49335"
"2085373553","2074215267","1.49335"
"2074215267","2086431959","3.27672"
"2086431959","2074215267","3.27672"
"2074215267","2092933988","2.52663"
"2092933988","2074215267","2.52663"
"2074215267","2094502467","2.0131"
"2094502467","2074215267","2.0131"
"2074215267","2108332272","1.05941"
"2108332272","2074215267","1.05941"
"2074215267","2115726190","4.33095"
"2115726190","2074215267","4.33095"
"2074215267","2116139218","1.64188"
"2116139218","2074215267","1.64188"
"2074215267","2130508343","1.09631"
"2130508343","2074215267","1.09631"
"2074215267","2164262668","1.70858"
"2164262668","2074215267","1.70858"
"2074215267","2567086669","0.665385"
"2567086669","2074215267","0.665385"
"2085373553","2086431959","1.32855"
"2086431959","2085373553","1.32855"
"2085373553","2092933988","1.1957"
"2092933988","2085373553","1.1957"
"2085373553","2094502467","1.0321"
"2094502467","2085373553","1.0321"
"2085373553","2108332272","1.03535"
"2108332272","2085373553","1.03535"
"2085373553","2115726190","1.15217"
"2115726190","2085373553","1.15217"
"2085373553","2116139218","1.47695"
"2116139218","2085373553","1.47695"
"2085373553","2130508343","0.62285"
"2130508343","2085373553","0.62285"
"2085373553","2164262668","0.731116"
"2164262668","2085373553","0.731116"
"2085373553","2567086669","0.377395"
"2567086669","2085373553","0.377395"
"2086431959","2092933988","1.58635"
"2092933988","2086431959","1.58635"
"2086431959","2094502467","2.03719"
"2094502467","2086431959","2.03719"
"2086431959","2108332272","0.840441"
"2108332272","2086431959","0.840441"
"2086431959","2115726190","2.31615"
"2115726190","2086431959","2.31615"
"2086431959","2116139218","1.69146"
"2116139218","2086431959","1.69146"
"2086431959","2130508343","0.53568"
"2130508343","2086431959","0.53568"
"2086431959","2164262668","1.21511"
"2164262668","2086431959","1.21511"
"2086431959","2567086669","0.563084"
"2567086669","2086431959","0.563084"
"2092933988","2094502467","1.06913"
"2094502467","2092933988","1.06913"
"2092933988","2108332272","0.536275"
"2108332272","2092933988","0.536275"
"2092933988","2115726190","3.68282"
"2115726190","2092933988","3.68282"
"2092933988","2116139218","0.943047"
"2116139218","2092933988","0.943047"
"2092933988","2130508343","0.394013"
"2130508343","2092933988","0.394013"
"2092933988","2164262668","0.91094"
"2164262668","2092933988","0.91094"
"2092933988","2567086669","0.295927"
"2567086669","2092933988","0.295927"
"2094502467","2108332272","1.51923"
"2108332272","2094502467","1.51923"
"2094502467","2115726190","1.22882"
"2115726190","2094502467","1.22882"
"2094502467","2116139218","0.770348"
"2116139218","2094502467","0.770348"
"2094502467","2130508343","3.09363"
"2130508343","2094502467","3.09363"
"2094502467","2164262668","1.93067"
"2164262668","2094502467","1.93067"
"2094502467","2567086669","0.443163"
"2567086669","2094502467","0.443163"
"2108332272","2115726190","1.00846"
"2115726190","2108332272","1.00846"
"2108332272","2116139218","0.862224"
"2116139218","2108332272","0.862224"
"2108332272","2130508343","1.31446"
"2130508343","2108332272","1.31446"
"2108332272","2164262668","1.80385"
"2164262668","2108332272","1.80385"
"2108332272","2567086669","3.32184"
"2567086669","2108332272","3.32184"
"2115726190","2116139218","1.13855"
"2116139218","2115726190","1.13855"
"2115726190","2130508343","0.78703"
"2130508343","2115726190","0.78703"
"2115726190","2164262668","0.914777"
"2164262668","2115726190","0.914777"
"2115726190","2567086669","0.498719"
"2567086669","2115726190","0.498719"
"2116139218","2130508343","0.475481"
"2130508343","2116139218","0.475481"
"2116139218","2164262668","0.642571"
"2164262668","2116139218","0.642571"
"2116139218","2567086669","1.31857"
"2567086669","2116139218","1.31857"
"2130508343","2164262668","0.649092"
"2164262668","2130508343","0.649092"
"2130508343","2567086669","1.93156"
"2567086669","2130508343","1.93156"
"2164262668","2567086669","0.325516"
"2567086669","2164262668","0.325516"
"1479826017","1595152431","12.4747"
"1595152431","1479826017","12.4747"
"1479826017","2040466357","1.62424"
"2040466357","1479826017","1.62424"
"1595152431","2040466357","1.35341"
"2040466357","1595152431","1.35341"
"1595152431","2085373553","0.755147"
"2085373553","1595152431","0.755147"
"2040466357","2085373553","1.08797"
"2085373553","2040466357","1.08797"
"1479826017","2007907335","0.5"
"2007907335","1479826017","0.5"
"2007907335","2072768981","6.52886"
"2072768981","2007907335","6.52886"
"1595152431","2761075141","3.72549"
"2761075141","1595152431","3.72549"
"1479826017","1985026633","0.0909091"
"1985026633","1479826017","0.0909091"
"1479826017","2069406445","0.149733"
"2069406445","1479826017","0.149733"
"1479826017","2085083199","0.715909"
"2085083199","1479826017","0.715909"
"1479826017","2252433314","0.0909091"
"2252433314","1479826017","0.0909091"
"1595152431","1985026633","1.25758"
"1985026633","1595152431","1.25758"
"1595152431","2027393881","1.54189"
"2027393881","1595152431","1.54189"
"1595152431","2068282352","0.312723"
"2068282352","1595152431","0.312723"
"1595152431","2069406445","0.250223"
"2069406445","1595152431","0.250223"
"1595152431","2072768981","1.43772"
"2072768981","1595152431","1.43772"
"1595152431","2085083199","0.590909"
"2085083199","1595152431","0.590909"
"1595152431","2108332272","1.31272"
"2108332272","1595152431","1.31272"
"1595152431","2116139218","0.420566"
"2116139218","1595152431","0.420566"
"1595152431","2252433314","0.257576"
"2252433314","1595152431","0.257576"
"1985026633","2027393881","1.62424"
"2027393881","1985026633","1.62424"
"1985026633","2040466357","4.04422"
"2040466357","1985026633","4.04422"
"1985026633","2068282352","1.54673"
"2068282352","1985026633","1.54673"
"1985026633","2069406445","1.34091"
"2069406445","1985026633","1.34091"
"1985026633","2072768981","1.42612"
"2072768981","1985026633","1.42612"
"1985026633","2085083199","0.313131"
"2085083199","1985026633","0.313131"
"1985026633","2108332272","0.0909091"
"2108332272","1985026633","0.0909091"
"1985026633","2116139218","1.20896"
"2116139218","1985026633","1.20896"
"1985026633","2252433314","7.3539"
"2252433314","1985026633","7.3539"
"2027393881","2040466357","1.02151"
"2040466357","2027393881","1.02151"
"2027393881","2069406445","0.816889"
"2069406445","2027393881","0.816889"
"2027393881","2085083199","1.97273"
"2085083199","2027393881","1.97273"
"2027393881","2252433314","0.774242"
"2252433314","2027393881","0.774242"
"2040466357","2068282352","1.28913"
"2068282352","2040466357","1.28913"
"2040466357","2069406445","0.907576"
"2069406445","2040466357","0.907576"
"2040466357","2072768981","4.38721"
"2072768981","2040466357","4.38721"
"2040466357","2085083199","0.233421"
"2085083199","2040466357","0.233421"
"2040466357","2108332272","0.650675"
"2108332272","2040466357","0.650675"
"2040466357","2116139218","1.02888"
"2116139218","2040466357","1.02888"
"2040466357","2252433314","1.24411"
"2252433314","2040466357","1.24411"
"2068282352","2069406445","0.775223"
"2069406445","2068282352","0.775223"
"2068282352","2085083199","0.418989"
"2085083199","2068282352","0.418989"
"2068282352","2252433314","1.0292"
"2252433314","2068282352","1.0292"
"2069406445","2072768981","2.33594"
"2072768981","2069406445","2.33594"
"2069406445","2085083199","0.332576"
"2085083199","2069406445","0.332576"
"2069406445","2108332272","1.32641"
"2108332272","2069406445","1.32641"
"2069406445","2116139218","1.08426"
"2116139218","2069406445","1.08426"
"2069406445","2252433314","1.37543"
"2252433314","2069406445","1.37543"
"2072768981","2085083199","7.12316"
"2085083199","2072768981","7.12316"
"2072768981","2252433314","1.7492"
"2252433314","2072768981","1.7492"
"2085083199","2108332272","1.65329"
"2108332272","2085083199","1.65329"
"2085083199","2116139218","1.36899"
"2116139218","2085083199","1.36899"
"2085083199","2252433314","0.41911"
"2252433314","2085083199","0.41911"
"2108332272","2252433314","1.1671"
"2252433314","2108332272","1.1671"
"2116139218","2252433314","0.785776"
"2252433314","2116139218","0.785776"
"1588110365","1595152431","0.117647"
"1595152431","1588110365","0.117647"
"1588110365","2069406445","1.00931"
"2069406445","1588110365","1.00931"
"1588110365","2761075141","0.150093"
"2761075141","1588110365","0.150093"
"1595152431","1981880290","0.680147"
"1981880290","1595152431","0.680147"
"1595152431","2006826852","0.392157"
"2006826852","1595152431","0.392157"
"1595152431","2043196319","0.221814"
"2043196319","1595152431","0.221814"
"1595152431","2074215267","0.66299"
"2074215267","1595152431","0.66299"
"1595152431","2094502467","0.159314"
"2094502467","1595152431","0.159314"
"1595152431","2115726190","0.221814"
"2115726190","1595152431","0.221814"
"1595152431","2130508343","0.45098"
"2130508343","1595152431","0.45098"
"1595152431","2567086669","0.72549"
"2567086669","1595152431","0.72549"
"1981880290","2069406445","0.167647"
"2069406445","1981880290","0.167647"
"1981880290","2761075141","0.594538"
"2761075141","1981880290","0.594538"
"2006826852","2069406445","0.443347"
"2069406445","2006826852","0.443347"
"2006826852","2761075141","0.194538"
"2761075141","2006826852","0.194538"
"2027393881","2761075141","0.361204"
"2761075141","2027393881","0.361204"
"2043196319","2069406445","1.07717"
"2069406445","2043196319","1.07717"
"2043196319","2761075141","0.150093"
"2761075141","2043196319","0.150093"
"2068282352","2761075141","0.150093"
"2761075141","2068282352","0.150093"
"2069406445","2074215267","1.13501"
"2074215267","2069406445","1.13501"
"2069406445","2085373553","0.409314"
"2085373553","2069406445","0.409314"
"2069406445","2094502467","1.21884"
"2094502467","2069406445","1.21884"
"2069406445","2115726190","0.309314"
"2115726190","2069406445","0.309314"
"2069406445","2130508343","0.427171"
"2130508343","2069406445","0.427171"
"2069406445","2567086669","0.267157"
"2567086669","2069406445","0.267157"
"2069406445","2761075141","0.158824"
"2761075141","2069406445","0.158824"
"2072768981","2761075141","1.25009"
"2761075141","2072768981","1.25009"
"2074215267","2761075141","0.250093"
"2761075141","2074215267","0.250093"
"2085373553","2761075141","0.250093"
"2761075141","2085373553","0.250093"
"2094502467","2761075141","0.194538"
"2761075141","2094502467","0.194538"
"2108332272","2761075141","0.194538"
"2761075141","2108332272","0.194538"
"2115726190","2761075141","0.250093"
"2761075141","2115726190","0.250093"
"2130508343","2761075141","0.150093"
"2761075141","2130508343","0.150093"
"2567086669","2761075141","0.150093"
"2761075141","2567086669","0.150093"
"1479826017","2051236219","0.125"
"2051236219","1479826017","0.125"
"1595152431","2051236219","0.125"
"2051236219","1595152431","0.125"
"2006826852","2051236219","0.227302"
"2051236219","2006826852","0.227302"
"2006826852","2085083199","1.46516"
"2085083199","2006826852","1.46516"
"2027393881","2051236219","0.227302"
"2051236219","2027393881","0.227302"
"2051236219","2072768981","0.282857"
"2072768981","2051236219","0.282857"
"2051236219","2085083199","0.168478"
"2085083199","2051236219","0.168478"
"2051236219","2130508343","0.282857"
"2130508343","2051236219","0.282857"
"2051236219","2567086669","2.28286"
"2567086669","2051236219","2.28286"
"2085083199","2130508343","0.777657"
"2130508343","2085083199","0.777657"
"2085083199","2567086669","0.675026"
"2567086669","2085083199","0.675026"
"1479826017","1983624708","0.2"
"1983624708","1479826017","0.2"
"1981880290","1983624708","1.26808"
"1983624708","1981880290","1.26808"
"1983624708","2021624113","1.53231"
"2021624113","1983624708","1.53231"
"1983624708","2043196319","1.15453"
"2043196319","1983624708","1.15453"
"1983624708","2092933988","0.861671"
"2092933988","1983624708","0.861671"
"2085083199","2761075141","0.702381"
"2761075141","2085083199","0.702381"
"1595152431","2029801487","0.36299"
"2029801487","1595152431","0.36299"
"1595152431","2086431959","0.304167"
"2086431959","1595152431","0.304167"
"2029801487","2040466357","0.798223"
"2040466357","2029801487","0.798223"
"2040466357","2086431959","0.525578"
"2086431959","2040466357","0.525578"
"1527051746","1981880290","1.29016"
"1981880290","1527051746","1.29016"
"1527051746","1985026633","4.09167"
"1985026633","1527051746","4.09167"
"1527051746","2007907335","0.937526"
"2007907335","1527051746","0.937526"
"1527051746","2040466357","1.62403"
"2040466357","1527051746","1.62403"
"1527051746","2074215267","1.16579"
"2074215267","1527051746","1.16579"
"1981880290","1985026633","0.4875"
"1985026633","1981880290","0.4875"
"1981880290","2007907335","2.29073"
"2007907335","1981880290","2.29073"
"1981880290","2040466357","1.12408"
"2040466357","1981880290","1.12408"
"1985026633","2007907335","0.3875"
"2007907335","1985026633","0.3875"
"1985026633","2074215267","0.644711"
"2074215267","1985026633","0.644711"
"2007907335","2040466357","2.29946"
"2040466357","2007907335","2.29946"
"2007907335","2074215267","1.5483"
"2074215267","2007907335","1.5483"
"2040466357","2074215267","1.49822"
"2074215267","2040466357","1.49822"
"1527051746","2252433314","2.04689"
"2252433314","1527051746","2.04689"
"1527051746","2021624113","1.8769"
"2021624113","1527051746","1.8769"
"1527051746","2058906820","0.125"
"2058906820","1527051746","0.125"
"1527051746","2072768981","2.74155"
"2072768981","1527051746","2.74155"
"1981880290","2058906820","0.770833"
"2058906820","1981880290","0.770833"
"1981880290","2252433314","0.580978"
"2252433314","1981880290","0.580978"
"1985026633","2021624113","0.618322"
"2021624113","1985026633","0.618322"
"1985026633","2058906820","0.1875"
"2058906820","1985026633","0.1875"
"2007907335","2021624113","1.66989"
"2021624113","2007907335","1.66989"
"2007907335","2058906820","0.6125"
"2058906820","2007907335","0.6125"
"2007907335","2252433314","0.771887"
"2252433314","2007907335","0.771887"
"2021624113","2040466357","0.894056"
"2040466357","2021624113","0.894056"
"2021624113","2058906820","0.75"
"2058906820","2021624113","0.75"
"2021624113","2252433314","1.24738"
"2252433314","2021624113","1.24738"
"2040466357","2058906820","0.1875"
"2058906820","2040466357","0.1875"
"2058906820","2072768981","1.64583"
"2072768981","2058906820","1.64583"
"2058906820","2252433314","0.520833"
"2252433314","2058906820","0.520833"
"1527051746","2027393881","1.45501"
"2027393881","1527051746","1.45501"
"1527051746","2116139218","1.52071"
"2116139218","1527051746","1.52071"
"1527051746","1588110365","0.959748"
"1588110365","1527051746","0.959748"
"1527051746","1983624708","0.990304"
"1983624708","1527051746","0.990304"
"1527051746","2069406445","0.325"
"2069406445","1527051746","0.325"
"1588110365","1983624708","0.584748"
"1983624708","1588110365","0.584748"
"1588110365","2040466357","0.546679"
"2040466357","1588110365","0.546679"
"1983624708","2027393881","0.652381"
"2027393881","1983624708","0.652381"
"1983624708","2040466357","1.5204"
"2040466357","1983624708","1.5204"
"1983624708","2069406445","0.8"
"2069406445","1983624708","0.8"
"1527051746","2068282352","1.0144"
"2068282352","1527051746","1.0144"
"1527051746","1576604515","0.131824"
"1576604515","1527051746","0.131824"
"1527051746","1980260088","0.399268"
"1980260088","1527051746","0.399268"
"1527051746","2029801487","0.5769"
"2029801487","1527051746","0.5769"
"1527051746","2043196319","0.565789"
"2043196319","1527051746","0.565789"
"1527051746","2044050772","0.340789"
"2044050772","1527051746","0.340789"
"1527051746","2085083199","0.74988"
"2085083199","1527051746","0.74988"
"1527051746","2085373553","0.568081"
"2085373553","1527051746","0.568081"
"1527051746","2086431959","0.4519"
"2086431959","1527051746","0.4519"
"1527051746","2092933988","0.440789"
"2092933988","1527051746","0.440789"
"1527051746","2094502467","0.194324"
"2094502467","1527051746","0.194324"
"1527051746","2115726190","0.399268"
"2115726190","1527051746","0.399268"
"1527051746","2164262668","0.194324"
"2164262668","1527051746","0.194324"
"1576604515","1983624708","0.298973"
"1983624708","1576604515","0.298973"
"1576604515","2007907335","0.164337"
"2007907335","1576604515","0.164337"
"1576604515","2040466357","0.251001"
"2040466357","1576604515","0.251001"
"1576604515","2085083199","0.175302"
"2085083199","1576604515","0.175302"
"1576604515","2252433314","0.0434783"
"2252433314","1576604515","0.0434783"
"1588110365","2007907335","1.28239"
"2007907335","1588110365","1.28239"
"1588110365","2085083199","0.233782"
"2085083199","1588110365","0.233782"
"1588110365","2252433314","1.21202"
"2252433314","1588110365","1.21202"
"1980260088","1983624708","0.982306"
"1983624708","1980260088","0.982306"
"1980260088","2007907335","0.524691"
"2007907335","1980260088","0.524691"
"1980260088","2040466357","0.369056"
"2040466357","1980260088","0.369056"
"1980260088","2085083199","0.504615"
"2085083199","1980260088","0.504615"
"1980260088","2252433314","1.01329"
"2252433314","1980260088","1.01329"
"1981880290","2085083199","0.797525"
"2085083199","1981880290","0.797525"
"1983624708","2007907335","0.284748"
"2007907335","1983624708","0.284748"
"1983624708","2029801487","0.589449"
"2029801487","1983624708","0.589449"
"1983624708","2044050772","0.837862"
"2044050772","1983624708","0.837862"
"1983624708","2068282352","0.672782"
"2068282352","1983624708","0.672782"
"1983624708","2072768981","0.818081"
"2072768981","1983624708","0.818081"
"1983624708","2074215267","0.954528"
"2074215267","1983624708","0.954528"
"1983624708","2085083199","0.134748"
"2085083199","1983624708","0.134748"
"1983624708","2085373553","0.401415"
"2085373553","1983624708","0.401415"
"1983624708","2086431959","0.615639"
"2086431959","1983624708","0.615639"
"1983624708","2094502467","0.262526"
"2094502467","1983624708","0.262526"
"1983624708","2115726190","0.639449"
"2115726190","1983624708","0.639449"
"1983624708","2116139218","0.284748"
"2116139218","1983624708","0.284748"
"1983624708","2164262668","0.245859"
"2164262668","1983624708","0.245859"
"1983624708","2252433314","0.921256"
"2252433314","1983624708","0.921256"
"2007907335","2029801487","1.04275"
"2029801487","2007907335","1.04275"
"2007907335","2043196319","0.573637"
"2043196319","2007907335","0.573637"
"2007907335","2044050772","0.564546"
"2044050772","2007907335","0.564546"
"2007907335","2068282352","0.981635"
"2068282352","2007907335","0.981635"
"2007907335","2085083199","0.753226"
"2085083199","2007907335","0.753226"
"2007907335","2085373553","1.12962"
"2085373553","2007907335","1.12962"
"2007907335","2086431959","0.864546"
"2086431959","2007907335","0.864546"
"2007907335","2092933988","0.696491"
"2092933988","2007907335","0.696491"
"2007907335","2094502467","0.512949"
"2094502467","2007907335","0.512949"
"2007907335","2115726190","0.698302"
"2115726190","2007907335","0.698302"
"2007907335","2116139218","4.30739"
"2116139218","2007907335","4.30739"
"2007907335","2164262668","0.41358"
"2164262668","2007907335","0.41358"
"2021624113","2085083199","1.32391"
"2085083199","2021624113","1.32391"
"2029801487","2085083199","0.557247"
"2085083199","2029801487","0.557247"
"2029801487","2252433314","1.15079"
"2252433314","2029801487","1.15079"
"2040466357","2043196319","0.525578"
"2043196319","2040466357","0.525578"
"2040466357","2044050772","0.925578"
"2044050772","2040466357","0.925578"
"2040466357","2092933988","1.05058"
"2092933988","2040466357","1.05058"
"2040466357","2094502467","0.336578"
"2094502467","2040466357","0.336578"
"2040466357","2115726190","0.931556"
"2115726190","2040466357","0.931556"
"2040466357","2164262668","0.336578"
"2164262668","2040466357","0.336578"
"2043196319","2085083199","1.0471"
"2085083199","2043196319","1.0471"
"2043196319","2252433314","1.1196"
"2252433314","2043196319","1.1196"
"2044050772","2085083199","0.347102"
"2085083199","2044050772","0.347102"
"2044050772","2252433314","0.668842"
"2252433314","2044050772","0.668842"
"2074215267","2085083199","0.89058"
"2085083199","2074215267","0.89058"
"2074215267","2252433314","0.956342"
"2252433314","2074215267","0.956342"
"2085083199","2085373553","0.275449"
"2085373553","2085083199","0.275449"
"2085083199","2086431959","0.963769"
"2086431959","2085083199","0.963769"
"2085083199","2092933988","0.347102"
"2092933988","2085083199","0.347102"
"2085083199","2094502467","0.529469"
"2094502467","2085083199","0.529469"
"2085083199","2115726190","0.337949"
"2115726190","2085083199","0.337949"
"2085083199","2164262668","0.446136"
"2164262668","2085083199","0.446136"
"2085373553","2252433314","2.48702"
"2252433314","2085373553","2.48702"
"2086431959","2252433314","0.513287"
"2252433314","2086431959","0.513287"
"2092933988","2252433314","1.56468"
"2252433314","2092933988","1.56468"
"2094502467","2252433314","0.370159"
"2252433314","2094502467","0.370159"
"2115726190","2252433314","1.07579"
"2252433314","2115726190","1.07579"
"2164262668","2252433314","0.196887"
"2252433314","2164262668","0.196887"
"1588110365","1985026633","0.176879"
"1985026633","1588110365","0.176879"
"1980260088","1985026633","0.393322"
"1985026633","1980260088","0.393322"
"1985026633","2029801487","0.455822"
"2029801487","1985026633","0.455822"
"1985026633","2043196319","0.632211"
"2043196319","1985026633","0.632211"
"1985026633","2044050772","0.615545"
"2044050772","1985026633","0.615545"
"1985026633","2085373553","1.20112"
"2085373553","1985026633","1.20112"
"1985026633","2086431959","0.393322"
"2086431959","1985026633","0.393322"
"1985026633","2092933988","0.444711"
"2092933988","1985026633","0.444711"
"1985026633","2115726190","0.455822"
"2115726190","1985026633","0.455822"
"1527051746","2130508343","0.275846"
"2130508343","1527051746","0.275846"
"1527051746","2567086669","0.0982143"
"2567086669","1527051746","0.0982143"
"2130508343","2252433314","0.330357"
"2252433314","2130508343","0.330357"
"2252433314","2567086669","0.28799"
"2567086669","2252433314","0.28799"
"1527051746","2006826852","0.288346"
"2006826852","1527051746","0.288346"
"2006826852","2040466357","0.826433"
"2040466357","2006826852","0.826433"
"1527051746","2108332272","0.0883459"
"2108332272","1527051746","0.0883459"
"1983624708","1985026633","2.37137"
"1985026633","1983624708","2.37137"
