"1482004933","1495889697","1.16667"
"1495889697","1482004933","1.16667"
"1482004933","1569144276","0.444444"
"1569144276","1482004933","0.444444"
"1482004933","2129982259","0.833333"
"2129982259","1482004933","0.833333"
"1495889697","1569144276","0.444444"
"1569144276","1495889697","0.444444"
"1495889697","2129982259","9.69444"
"2129982259","1495889697","9.69444"
"1569144276","2129982259","1.56944"
"2129982259","1569144276","1.56944"
"1482004933","2113393665","1"
"2113393665","1482004933","1"
"1482004933","2156379346","2.61111"
"2156379346","1482004933","2.61111"
"1482004933","1489634932","0.111111"
"1489634932","1482004933","0.111111"
"1482004933","1983298175","0.111111"
"1983298175","1482004933","0.111111"
"1482004933","2000346862","0.111111"
"2000346862","1482004933","0.111111"
"1482004933","2022311377","0.111111"
"2022311377","1482004933","0.111111"
"1482004933","2033300789","0.277778"
"2033300789","1482004933","0.277778"
"1482004933","2154373412","1.11111"
"2154373412","1482004933","1.11111"
"1482004933","2295695364","2.61111"
"2295695364","1482004933","2.61111"
"1489634932","1569144276","0.111111"
"1569144276","1489634932","0.111111"
"1489634932","1983298175","0.111111"
"1983298175","1489634932","0.111111"
"1489634932","2000346862","0.944444"
"2000346862","1489634932","0.944444"
"1489634932","2022311377","9.44444"
"2022311377","1489634932","9.44444"
"1489634932","2033300789","1.36111"
"2033300789","1489634932","1.36111"
"1489634932","2154373412","0.444444"
"2154373412","1489634932","0.444444"
"1489634932","2156379346","0.111111"
"2156379346","1489634932","0.111111"
"1489634932","2295695364","0.111111"
"2295695364","1489634932","0.111111"
"1569144276","1983298175","0.222222"
"1983298175","1569144276","0.222222"
"1569144276","2000346862","0.111111"
"2000346862","1569144276","0.111111"
"1569144276","2022311377","0.111111"
"2022311377","1569144276","0.111111"
"1569144276","2033300789","0.388889"
"2033300789","1569144276","0.388889"
"1569144276","2154373412","0.402778"
"2154373412","1569144276","0.402778"
"1569144276","2156379346","0.111111"
"2156379346","1569144276","0.111111"
"1569144276","2295695364","0.111111"
"2295695364","1569144276","0.111111"
"1983298175","2000346862","1.11111"
"2000346862","1983298175","1.11111"
"1983298175","2022311377","0.111111"
"2022311377","1983298175","0.111111"
"1983298175","2033300789","0.222222"
"2033300789","1983298175","0.222222"
"1983298175","2154373412","0.111111"
"2154373412","1983298175","0.111111"
"1983298175","2156379346","0.111111"
"2156379346","1983298175","0.111111"
"1983298175","2295695364","0.111111"
"2295695364","1983298175","0.111111"
"2000346862","2022311377","1.94444"
"2022311377","2000346862","1.94444"
"2000346862","2033300789","0.111111"
"2033300789","2000346862","0.111111"
"2000346862","2154373412","0.444444"
"2154373412","2000346862","0.444444"
"2000346862","2156379346","0.111111"
"2156379346","2000346862","0.111111"
"2000346862","2295695364","0.111111"
"2295695364","2000346862","0.111111"
"2022311377","2033300789","1.86111"
"2033300789","2022311377","1.86111"
"2022311377","2154373412","0.944444"
"2154373412","2022311377","0.944444"
"2022311377","2156379346","0.111111"
"2156379346","2022311377","0.111111"
"2022311377","2295695364","0.111111"
"2295695364","2022311377","0.111111"
"2033300789","2154373412","0.944444"
"2154373412","2033300789","0.944444"
"2033300789","2156379346","0.111111"
"2156379346","2033300789","0.111111"
"2033300789","2295695364","0.111111"
"2295695364","2033300789","0.111111"
"2154373412","2156379346","0.111111"
"2156379346","2154373412","0.111111"
"2154373412","2295695364","0.111111"
"2295695364","2154373412","0.111111"
"2156379346","2295695364","1.61111"
"2295695364","2156379346","1.61111"
"1495889697","2154373412","0.833333"
"2154373412","1495889697","0.833333"
"2129982259","2154373412","1"
"2154373412","2129982259","1"
"1482004933","1501381766","0.166667"
"1501381766","1482004933","0.166667"
"1482004933","2040988073","0.166667"
"2040988073","1482004933","0.166667"
"1482004933","2121645978","0.166667"
"2121645978","1482004933","0.166667"
"1501381766","2033300789","0.277778"
"2033300789","1501381766","0.277778"
"1501381766","2040988073","1.63889"
"2040988073","1501381766","1.63889"
"1501381766","2121645978","0.763889"
"2121645978","1501381766","0.763889"
"1501381766","2129982259","0.986111"
"2129982259","1501381766","0.986111"
"1501381766","2154373412","0.166667"
"2154373412","1501381766","0.166667"
"2033300789","2040988073","0.555556"
"2040988073","2033300789","0.555556"
"2033300789","2121645978","1.38889"
"2121645978","2033300789","1.38889"
"2033300789","2129982259","0.388889"
"2129982259","2033300789","0.388889"
"2040988073","2121645978","2"
"2121645978","2040988073","2"
"2040988073","2129982259","0.388889"
"2129982259","2040988073","0.388889"
"2040988073","2154373412","1.30119"
"2154373412","2040988073","1.30119"
"2121645978","2129982259","0.763889"
"2129982259","2121645978","0.763889"
"2121645978","2154373412","0.166667"
"2154373412","2121645978","0.166667"
"1489634932","1501381766","0.25"
"1501381766","1489634932","0.25"
"1489634932","2015068727","0.25"
"2015068727","1489634932","0.25"
"1489634932","2040988073","1.25"
"2040988073","1489634932","1.25"
"1501381766","2015068727","0.861111"
"2015068727","1501381766","0.861111"
"1501381766","2022311377","0.25"
"2022311377","1501381766","0.25"
"2015068727","2022311377","0.25"
"2022311377","2015068727","0.25"
"2015068727","2040988073","3.89444"
"2040988073","2015068727","3.89444"
"2022311377","2040988073","0.25"
"2040988073","2022311377","0.25"
"1489634932","1963832165","0.25"
"1963832165","1489634932","0.25"
"1489634932","2064642916","0.25"
"2064642916","1489634932","0.25"
"1963832165","2022311377","0.25"
"2022311377","1963832165","0.25"
"1963832165","2033300789","2.80556"
"2033300789","1963832165","2.80556"
"1963832165","2064642916","2.80556"
"2064642916","1963832165","2.80556"
"2022311377","2064642916","0.25"
"2064642916","2022311377","0.25"
"2033300789","2064642916","3.80556"
"2064642916","2033300789","3.80556"
"1495889697","2153902607","2.25"
"2153902607","1495889697","2.25"
"1495889697","1963832165","0.111111"
"1963832165","1495889697","0.111111"
"1495889697","1983298175","0.111111"
"1983298175","1495889697","0.111111"
"1495889697","2014679132","0.111111"
"2014679132","1495889697","0.111111"
"1495889697","2033300789","0.111111"
"2033300789","1495889697","0.111111"
"1495889697","2040988073","0.111111"
"2040988073","1495889697","0.111111"
"1495889697","2064642916","0.111111"
"2064642916","1495889697","0.111111"
"1495889697","2121645978","1.36111"
"2121645978","1495889697","1.36111"
"1569144276","1963832165","0.111111"
"1963832165","1569144276","0.111111"
"1569144276","2014679132","0.111111"
"2014679132","1569144276","0.111111"
"1569144276","2040988073","0.402778"
"2040988073","1569144276","0.402778"
"1569144276","2064642916","0.111111"
"2064642916","1569144276","0.111111"
"1569144276","2121645978","0.236111"
"2121645978","1569144276","0.236111"
"1963832165","1983298175","0.111111"
"1983298175","1963832165","0.111111"
"1963832165","2014679132","0.222222"
"2014679132","1963832165","0.222222"
"1963832165","2040988073","0.222222"
"2040988073","1963832165","0.222222"
"1963832165","2121645978","0.222222"
"2121645978","1963832165","0.222222"
"1963832165","2129982259","0.222222"
"2129982259","1963832165","0.222222"
"1983298175","2014679132","0.111111"
"2014679132","1983298175","0.111111"
"1983298175","2040988073","0.722222"
"2040988073","1983298175","0.722222"
"1983298175","2064642916","0.111111"
"2064642916","1983298175","0.111111"
"1983298175","2121645978","0.722222"
"2121645978","1983298175","0.722222"
"1983298175","2129982259","0.111111"
"2129982259","1983298175","0.111111"
"2014679132","2033300789","0.222222"
"2033300789","2014679132","0.222222"
"2014679132","2040988073","0.222222"
"2040988073","2014679132","0.222222"
"2014679132","2064642916","0.222222"
"2064642916","2014679132","0.222222"
"2014679132","2121645978","0.222222"
"2121645978","2014679132","0.222222"
"2014679132","2129982259","0.222222"
"2129982259","2014679132","0.222222"
"2040988073","2064642916","0.222222"
"2064642916","2040988073","0.222222"
"2064642916","2121645978","0.222222"
"2121645978","2064642916","0.222222"
"2064642916","2129982259","0.722222"
"2129982259","2064642916","0.722222"
"1495889697","1501381766","0.583333"
"1501381766","1495889697","0.583333"
"1501381766","2153902607","0.486111"
"2153902607","1501381766","0.486111"
"2121645978","2153902607","0.486111"
"2153902607","2121645978","0.486111"
"2129982259","2153902607","2.375"
"2153902607","2129982259","2.375"
"1495889697","2002131042","0.333333"
"2002131042","1495889697","0.333333"
"1495889697","2147419309","0.333333"
"2147419309","1495889697","0.333333"
"2002131042","2129982259","1.83333"
"2129982259","2002131042","1.83333"
"2002131042","2147419309","5.83333"
"2147419309","2002131042","5.83333"
"2129982259","2147419309","2.83333"
"2147419309","2129982259","2.83333"
"1495889697","1539734885","0.333333"
"1539734885","1495889697","0.333333"
"1501381766","1539734885","0.458333"
"1539734885","1501381766","0.458333"
"1539734885","2129982259","0.458333"
"2129982259","1539734885","0.458333"
"1501381766","1535784267","0.236111"
"1535784267","1501381766","0.236111"
"1501381766","1569144276","0.125"
"1569144276","1501381766","0.125"
"1501381766","2032417141","0.736111"
"2032417141","1501381766","0.736111"
"1501381766","2082767672","1.125"
"2082767672","1501381766","1.125"
"1535784267","1539734885","0.125"
"1539734885","1535784267","0.125"
"1535784267","1569144276","0.125"
"1569144276","1535784267","0.125"
"1535784267","2032417141","0.236111"
"2032417141","1535784267","0.236111"
"1535784267","2082767672","0.125"
"2082767672","1535784267","0.125"
"1535784267","2121645978","0.236111"
"2121645978","1535784267","0.236111"
"1535784267","2129982259","2.625"
"2129982259","1535784267","2.625"
"1535784267","2153902607","0.236111"
"2153902607","1535784267","0.236111"
"1539734885","1569144276","0.125"
"1569144276","1539734885","0.125"
"1539734885","2032417141","0.125"
"2032417141","1539734885","0.125"
"1539734885","2082767672","1.125"
"2082767672","1539734885","1.125"
"1539734885","2121645978","0.125"
"2121645978","1539734885","0.125"
"1539734885","2153902607","0.125"
"2153902607","1539734885","0.125"
"1569144276","2032417141","0.25"
"2032417141","1569144276","0.25"
"1569144276","2082767672","0.125"
"2082767672","1569144276","0.125"
"1569144276","2153902607","0.125"
"2153902607","1569144276","0.125"
"2032417141","2082767672","0.375"
"2082767672","2032417141","0.375"
"2032417141","2121645978","0.236111"
"2121645978","2032417141","0.236111"
"2032417141","2129982259","0.125"
"2129982259","2032417141","0.125"
"2032417141","2153902607","0.236111"
"2153902607","2032417141","0.236111"
"2082767672","2121645978","0.125"
"2121645978","2082767672","0.125"
"2082767672","2129982259","0.125"
"2129982259","2082767672","0.125"
"2082767672","2153902607","1.125"
"2153902607","2082767672","1.125"
"1501381766","2014679132","2.11111"
"2014679132","1501381766","2.11111"
"2032417141","2040988073","7.01944"
"2040988073","2032417141","7.01944"
"1501381766","1963832165","0.111111"
"1963832165","1501381766","0.111111"
"1501381766","1969340050","0.111111"
"1969340050","1501381766","0.111111"
"1501381766","2064642916","0.111111"
"2064642916","1501381766","0.111111"
"1501381766","2114770652","0.111111"
"2114770652","1501381766","0.111111"
"1963832165","1969340050","0.111111"
"1969340050","1963832165","0.111111"
"1963832165","2114770652","0.111111"
"2114770652","1963832165","0.111111"
"1969340050","2014679132","0.111111"
"2014679132","1969340050","0.111111"
"1969340050","2033300789","1.27778"
"2033300789","1969340050","1.27778"
"1969340050","2040988073","0.477778"
"2040988073","1969340050","0.477778"
"1969340050","2064642916","0.111111"
"2064642916","1969340050","0.111111"
"1969340050","2114770652","0.111111"
"2114770652","1969340050","0.111111"
"1969340050","2121645978","0.111111"
"2121645978","1969340050","0.111111"
"1969340050","2129982259","0.111111"
"2129982259","1969340050","0.111111"
"2014679132","2114770652","0.111111"
"2114770652","2014679132","0.111111"
"2033300789","2114770652","0.111111"
"2114770652","2033300789","0.111111"
"2040988073","2114770652","0.111111"
"2114770652","2040988073","0.111111"
"2064642916","2114770652","0.611111"
"2114770652","2064642916","0.611111"
"2114770652","2121645978","0.111111"
"2121645978","2114770652","0.111111"
"2114770652","2129982259","0.611111"
"2129982259","2114770652","0.611111"
"1501381766","1552113525","0.111111"
"1552113525","1501381766","0.111111"
"1501381766","1983298175","0.111111"
"1983298175","1501381766","0.111111"
"1501381766","2137843934","0.111111"
"2137843934","1501381766","0.111111"
"1535784267","1552113525","0.311111"
"1552113525","1535784267","0.311111"
"1535784267","1983298175","0.111111"
"1983298175","1535784267","0.111111"
"1535784267","2015068727","0.311111"
"2015068727","1535784267","0.311111"
"1535784267","2040988073","1.31111"
"2040988073","1535784267","1.31111"
"1535784267","2137843934","0.311111"
"2137843934","1535784267","0.311111"
"1552113525","1983298175","0.111111"
"1983298175","1552113525","0.111111"
"1552113525","2015068727","0.894444"
"2015068727","1552113525","0.894444"
"1552113525","2032417141","1.69444"
"2032417141","1552113525","1.69444"
"1552113525","2040988073","0.894444"
"2040988073","1552113525","0.894444"
"1552113525","2121645978","0.111111"
"2121645978","1552113525","0.111111"
"1552113525","2137843934","0.311111"
"2137843934","1552113525","0.311111"
"1552113525","2153902607","0.111111"
"2153902607","1552113525","0.111111"
"1983298175","2015068727","0.111111"
"2015068727","1983298175","0.111111"
"1983298175","2032417141","0.111111"
"2032417141","1983298175","0.111111"
"1983298175","2137843934","0.111111"
"2137843934","1983298175","0.111111"
"1983298175","2153902607","0.111111"
"2153902607","1983298175","0.111111"
"2015068727","2032417141","1.69444"
"2032417141","2015068727","1.69444"
"2015068727","2121645978","0.111111"
"2121645978","2015068727","0.111111"
"2015068727","2137843934","0.311111"
"2137843934","2015068727","0.311111"
"2015068727","2153902607","0.111111"
"2153902607","2015068727","0.111111"
"2032417141","2137843934","0.111111"
"2137843934","2032417141","0.111111"
"2040988073","2137843934","0.311111"
"2137843934","2040988073","0.311111"
"2040988073","2153902607","1.11111"
"2153902607","2040988073","1.11111"
"2121645978","2137843934","0.111111"
"2137843934","2121645978","0.111111"
"2137843934","2153902607","0.111111"
"2153902607","2137843934","0.111111"
"1510756095","2136393336","1.33333"
"2136393336","1510756095","1.33333"
"1510756095","2064642916","1.33333"
"2064642916","1510756095","1.33333"
"1510756095","1535784267","1.33333"
"1535784267","1510756095","1.33333"
"1535784267","2064642916","0.333333"
"2064642916","1535784267","0.333333"
"1535784267","2136393336","0.333333"
"2136393336","1535784267","0.333333"
"2064642916","2136393336","0.333333"
"2136393336","2064642916","0.333333"
"1510756095","2040988073","3"
"2040988073","1510756095","3"
"1528249715","1984295127","0.142857"
"1984295127","1528249715","0.142857"
"1528249715","2040988073","0.267857"
"2040988073","1528249715","0.267857"
"1528249715","2085111352","0.142857"
"2085111352","1528249715","0.142857"
"1528249715","2091009885","0.267857"
"2091009885","1528249715","0.267857"
"1528249715","2108350934","0.267857"
"2108350934","1528249715","0.267857"
"1528249715","2126256482","0.142857"
"2126256482","1528249715","0.142857"
"1528249715","2154373412","0.267857"
"2154373412","1528249715","0.267857"
"1984295127","2040988073","0.509524"
"2040988073","1984295127","0.509524"
"1984295127","2085111352","10.3095"
"2085111352","1984295127","10.3095"
"1984295127","2091009885","0.142857"
"2091009885","1984295127","0.142857"
"1984295127","2108350934","0.509524"
"2108350934","1984295127","0.509524"
"1984295127","2126256482","0.309524"
"2126256482","1984295127","0.309524"
"1984295127","2154373412","0.509524"
"2154373412","1984295127","0.509524"
"2040988073","2085111352","0.309524"
"2085111352","2040988073","0.309524"
"2040988073","2091009885","0.142857"
"2091009885","2040988073","0.142857"
"2040988073","2108350934","1.05119"
"2108350934","2040988073","1.05119"
"2040988073","2126256482","0.47619"
"2126256482","2040988073","0.47619"
"2085111352","2091009885","0.142857"
"2091009885","2085111352","0.142857"
"2085111352","2108350934","0.309524"
"2108350934","2085111352","0.309524"
"2085111352","2126256482","0.309524"
"2126256482","2085111352","0.309524"
"2085111352","2154373412","0.309524"
"2154373412","2085111352","0.309524"
"2091009885","2108350934","0.892857"
"2108350934","2091009885","0.892857"
"2091009885","2126256482","1.14286"
"2126256482","2091009885","1.14286"
"2091009885","2154373412","0.142857"
"2154373412","2091009885","0.142857"
"2108350934","2126256482","0.47619"
"2126256482","2108350934","0.47619"
"2108350934","2154373412","0.80119"
"2154373412","2108350934","0.80119"
"2126256482","2154373412","0.47619"
"2154373412","2126256482","0.47619"
"1528249715","1539734885","0.625"
"1539734885","1528249715","0.625"
"1528249715","2100674109","1"
"2100674109","1528249715","1"
"1539734885","2100674109","1.125"
"2100674109","1539734885","1.125"
"1528249715","1971845537","0.25"
"1971845537","1528249715","0.25"
"1528249715","1996126974","0.375"
"1996126974","1528249715","0.375"
"1528249715","2087060113","0.833333"
"2087060113","1528249715","0.833333"
"1971845537","1996126974","2.08333"
"1996126974","1971845537","2.08333"
"1971845537","2087060113","1.58333"
"2087060113","1971845537","1.58333"
"1971845537","2100674109","0.583333"
"2100674109","1971845537","0.583333"
"1996126974","2087060113","6.79167"
"2087060113","1996126974","6.79167"
"1996126974","2100674109","3.29167"
"2100674109","1996126974","3.29167"
"2087060113","2100674109","6.41667"
"2100674109","2087060113","6.41667"
"1528249715","1827414635","0.583333"
"1827414635","1528249715","0.583333"
"1528249715","2129743596","0.458333"
"2129743596","1528249715","0.458333"
"1827414635","2087060113","1.08333"
"2087060113","1827414635","1.08333"
"1827414635","2129743596","0.958333"
"2129743596","1827414635","0.958333"
"2087060113","2129743596","2.29167"
"2129743596","2087060113","2.29167"
"1528249715","2169028468","0.125"
"2169028468","1528249715","0.125"
"1539734885","1827414635","0.625"
"1827414635","1539734885","0.625"
"1539734885","1996126974","0.125"
"1996126974","1539734885","0.125"
"1539734885","2087060113","0.125"
"2087060113","1539734885","0.125"
"1539734885","2091009885","0.125"
"2091009885","1539734885","0.125"
"1539734885","2129743596","0.125"
"2129743596","1539734885","0.125"
"1539734885","2169028468","0.125"
"2169028468","1539734885","0.125"
"1827414635","1996126974","1.29167"
"1996126974","1827414635","1.29167"
"1827414635","2091009885","1.04167"
"2091009885","1827414635","1.04167"
"1827414635","2100674109","3.83333"
"2100674109","1827414635","3.83333"
"1827414635","2169028468","0.125"
"2169028468","1827414635","0.125"
"1996126974","2091009885","0.791667"
"2091009885","1996126974","0.791667"
"1996126974","2129743596","1.79167"
"2129743596","1996126974","1.79167"
"1996126974","2169028468","0.375"
"2169028468","1996126974","0.375"
"2087060113","2091009885","0.625"
"2091009885","2087060113","0.625"
"2087060113","2169028468","0.375"
"2169028468","2087060113","0.375"
"2091009885","2100674109","0.708333"
"2100674109","2091009885","0.708333"
"2091009885","2129743596","0.625"
"2129743596","2091009885","0.625"
"2091009885","2169028468","0.125"
"2169028468","2091009885","0.125"
"2100674109","2129743596","3.54167"
"2129743596","2100674109","3.54167"
"2100674109","2169028468","0.375"
"2169028468","2100674109","0.375"
"2129743596","2169028468","0.125"
"2169028468","2129743596","0.125"
"1528249715","1569144276","0.125"
"1569144276","1528249715","0.125"
"1528249715","2032417141","0.125"
"2032417141","1528249715","0.125"
"1569144276","1827414635","0.125"
"1827414635","1569144276","0.125"
"1569144276","2087060113","0.125"
"2087060113","1569144276","0.125"
"1569144276","2100674109","0.125"
"2100674109","1569144276","0.125"
"1569144276","2108350934","0.291667"
"2108350934","1569144276","0.291667"
"1827414635","2032417141","0.125"
"2032417141","1827414635","0.125"
"1827414635","2040988073","0.458333"
"2040988073","1827414635","0.458333"
"1827414635","2108350934","0.375"
"2108350934","1827414635","0.375"
"1827414635","2154373412","0.458333"
"2154373412","1827414635","0.458333"
"2032417141","2087060113","0.125"
"2087060113","2032417141","0.125"
"2032417141","2100674109","0.125"
"2100674109","2032417141","0.125"
"2032417141","2108350934","0.325"
"2108350934","2032417141","0.325"
"2032417141","2154373412","0.325"
"2154373412","2032417141","0.325"
"2040988073","2087060113","0.125"
"2087060113","2040988073","0.125"
"2040988073","2100674109","0.375"
"2100674109","2040988073","0.375"
"2087060113","2108350934","0.875"
"2108350934","2087060113","0.875"
"2087060113","2154373412","0.125"
"2154373412","2087060113","0.125"
"2100674109","2108350934","0.875"
"2108350934","2100674109","0.875"
"2100674109","2154373412","0.125"
"2154373412","2100674109","0.125"
"1528249715","1551438051","1"
"1551438051","1528249715","1"
"1535784267","2154373412","0.5"
"2154373412","1535784267","0.5"
"1535784267","1969340050","0.2"
"1969340050","1535784267","0.2"
"1552113525","1969340050","0.2"
"1969340050","1552113525","0.2"
"1969340050","2015068727","0.7"
"2015068727","1969340050","0.7"
"1969340050","2137843934","0.2"
"2137843934","1969340050","0.2"
"1535784267","2159296364","1"
"2159296364","1535784267","1"
"1539184856","1597082186","3.16667"
"1597082186","1539184856","3.16667"
"1539184856","1612775038","2.16667"
"1612775038","1539184856","2.16667"
"1539184856","2951078529","1.66667"
"2951078529","1539184856","1.66667"
"1597082186","1612775038","15.6667"
"1612775038","1597082186","15.6667"
"1597082186","2951078529","17.1667"
"2951078529","1597082186","17.1667"
"1612775038","2951078529","15.1667"
"2951078529","1612775038","15.1667"
"1539734885","1983298175","1"
"1983298175","1539734885","1"
"1545037611","1827414635","0.666667"
"1827414635","1545037611","0.666667"
"1545037611","2040988073","0.333333"
"2040988073","1545037611","0.333333"
"1545037611","2154373412","0.333333"
"2154373412","1545037611","0.333333"
"1545037611","1984295127","0.333333"
"1984295127","1545037611","0.333333"
"1545037611","1996126974","0.333333"
"1996126974","1545037611","0.333333"
"1545037611","2129743596","0.666667"
"2129743596","1545037611","0.666667"
"1984295127","1996126974","3.5"
"1996126974","1984295127","3.5"
"1984295127","2129743596","0.7"
"2129743596","1984295127","0.7"
"1545037611","2129982259","1"
"2129982259","1545037611","1"
"1545037611","2015068727","1"
"2015068727","1545037611","1"
"1545037611","2100674109","0.333333"
"2100674109","1545037611","0.333333"
"1545037611","205224890","1"
"205224890","1545037611","1"
"1545037611","2033300789","1"
"2033300789","1545037611","1"
"1551438051","2087060113","0.25"
"2087060113","1551438051","0.25"
"1551438051","2091009885","0.833333"
"2091009885","1551438051","0.833333"
"1551438051","2108350934","0.5"
"2108350934","1551438051","0.5"
"1551438051","2129743596","0.25"
"2129743596","1551438051","0.25"
"2108350934","2129743596","3.45"
"2129743596","2108350934","3.45"
"1551438051","2040988073","1"
"2040988073","1551438051","1"
"1551438051","1969340050","0.5"
"1969340050","1551438051","0.5"
"1551438051","2032417141","0.5"
"2032417141","1551438051","0.5"
"1969340050","2032417141","2"
"2032417141","1969340050","2"
"1551438051","1827414635","0.583333"
"1827414635","1551438051","0.583333"
"1551438051","2100674109","0.25"
"2100674109","1551438051","0.25"
"1551438051","1996126974","0.333333"
"1996126974","1551438051","0.333333"
"1552113525","2082767672","0.25"
"2082767672","1552113525","0.25"
"2015068727","2082767672","2.75"
"2082767672","2015068727","2.75"
"2040988073","2082767672","3.25"
"2082767672","2040988073","3.25"
"1569144276","1969340050","0.166667"
"1969340050","1569144276","0.166667"
"1569144276","2126256482","0.166667"
"2126256482","1569144276","0.166667"
"1969340050","2108350934","0.166667"
"2108350934","1969340050","0.166667"
"1969340050","2126256482","0.166667"
"2126256482","1969340050","0.166667"
"1969340050","2154373412","0.166667"
"2154373412","1969340050","0.166667"
"2033300789","2108350934","0.166667"
"2108350934","2033300789","0.166667"
"2033300789","2126256482","0.166667"
"2126256482","2033300789","0.166667"
"1827414635","2082767672","0.333333"
"2082767672","1827414635","0.333333"
"1996126974","2082767672","0.333333"
"2082767672","1996126974","0.333333"
"2082767672","2087060113","0.333333"
"2087060113","2082767672","0.333333"
"1827414635","1984295127","0.166667"
"1984295127","1827414635","0.166667"
"1827414635","2085111352","0.166667"
"2085111352","1827414635","0.166667"
"1984295127","2087060113","0.166667"
"2087060113","1984295127","0.166667"
"1984295127","2100674109","0.166667"
"2100674109","1984295127","0.166667"
"1996126974","2085111352","0.666667"
"2085111352","1996126974","0.666667"
"2085111352","2087060113","0.166667"
"2087060113","2085111352","0.166667"
"2085111352","2100674109","0.166667"
"2100674109","2085111352","0.166667"
"2085111352","2129743596","0.166667"
"2129743596","2085111352","0.166667"
"1827414635","2136393336","2"
"2136393336","1827414635","2"
"1963832165","2153902607","0.333333"
"2153902607","1963832165","0.333333"
"2033300789","2153902607","1.33333"
"2153902607","2033300789","1.33333"
"2064642916","2153902607","0.333333"
"2153902607","2064642916","0.333333"
"1968945891","2147110361","5.5"
"2147110361","1968945891","5.5"
"1968945891","2146791030","1.5"
"2146791030","1968945891","1.5"
"2146791030","2147110361","3"
"2147110361","2146791030","3"
"1968945891","2131676941","1.5"
"2131676941","1968945891","1.5"
"2131676941","2147110361","1.5"
"2147110361","2131676941","1.5"
"1968945891","2108350934","0.5"
"2108350934","1968945891","0.5"
"2108350934","2146791030","0.5"
"2146791030","2108350934","0.5"
"1968945891","205224890","0.5"
"205224890","1968945891","0.5"
"1968945891","2066406253","0.5"
"2066406253","1968945891","0.5"
"205224890","2066406253","3.33333"
"2066406253","205224890","3.33333"
"1969340050","2066406253","4.83333"
"2066406253","1969340050","4.83333"
"1969340050","205224890","0.833333"
"205224890","1969340050","0.833333"
"1969340050","2740653434","0.333333"
"2740653434","1969340050","0.333333"
"205224890","2740653434","0.333333"
"2740653434","205224890","0.333333"
"2066406253","2740653434","0.333333"
"2740653434","2066406253","0.333333"
"1969340050","1983298175","1"
"1983298175","1969340050","1"
"1969340050","2153902607","1"
"2153902607","1969340050","1"
"1971845537","1984295127","2.83333"
"1984295127","1971845537","2.83333"
"1971845537","2085111352","0.333333"
"2085111352","1971845537","0.333333"
"1971845537","2131676941","2.33333"
"2131676941","1971845537","2.33333"
"2087060113","2131676941","0.333333"
"2131676941","2087060113","0.333333"
"2100674109","2131676941","0.333333"
"2131676941","2100674109","0.333333"
"1971845537","2146791030","1"
"2146791030","1971845537","1"
"1984295127","2032417141","0.2"
"2032417141","1984295127","0.2"
"2032417141","2129743596","0.2"
"2129743596","2032417141","0.2"
"2040988073","2129743596","0.95"
"2129743596","2040988073","0.95"
"2129743596","2154373412","0.2"
"2154373412","2129743596","0.2"
"1984295127","2129982259","0.5"
"2129982259","1984295127","0.5"
"2085111352","2129982259","0.5"
"2129982259","2085111352","0.5"
"1996126974","2040988073","0.166667"
"2040988073","1996126974","0.166667"
"1996126974","2108350934","0.416667"
"2108350934","1996126974","0.416667"
"1996126974","2126256482","0.166667"
"2126256482","1996126974","0.166667"
"1996126974","2154373412","0.166667"
"2154373412","1996126974","0.166667"
"2108350934","2169028468","0.25"
"2169028468","2108350934","0.25"
"2015068727","2108350934","0.75"
"2108350934","2015068727","0.75"
"2015068727","2129743596","0.75"
"2129743596","2015068727","0.75"
"2015068727","2100674109","0.25"
"2100674109","2015068727","0.25"
"2033300789","2129743596","2"
"2129743596","2033300789","2"
"2040988073","2136393336","0.5"
"2136393336","2040988073","0.5"
"2040988073","2167954637","0.5"
"2167954637","2040988073","0.5"
"2136393336","2167954637","0.5"
"2167954637","2136393336","0.5"
"2082767672","2129743596","0.5"
"2129743596","2082767672","0.5"
"2087060113","2153902607","0.25"
"2153902607","2087060113","0.25"
"2091009885","2153902607","0.25"
"2153902607","2091009885","0.25"
"2108350934","2153902607","0.25"
"2153902607","2108350934","0.25"
"2129743596","2153902607","0.25"
"2153902607","2129743596","0.25"
"2104151485","2136393336","1"
"2136393336","2104151485","1"
"2114770652","2153902607","1"
"2153902607","2114770652","1"
"2126256482","2129743596","1"
"2129743596","2126256482","1"
"2126256482","2147419309","1"
"2147419309","2126256482","1"
"2153902607","2295695364","1"
"2295695364","2153902607","1"
