"1071043912","2039298587","0.5"
"2039298587","1071043912","0.5"
"1071043912","2132881168","0.5"
"2132881168","1071043912","0.5"
"2039298587","2132881168","1.08333"
"2132881168","2039298587","1.08333"
"113242008","1990063425","19.5667"
"1990063425","113242008","19.5667"
"113242008","1996302537","0.0833333"
"1996302537","113242008","0.0833333"
"113242008","2008981950","0.15"
"2008981950","113242008","0.15"
"113242008","2011092306","0.0833333"
"2011092306","113242008","0.0833333"
"113242008","2020362899","0.15"
"2020362899","113242008","0.15"
"113242008","2030895416","0.15"
"2030895416","113242008","0.15"
"113242008","2093040826","0.0833333"
"2093040826","113242008","0.0833333"
"113242008","2113586398","0.15"
"2113586398","113242008","0.15"
"113242008","2114524527","0.0833333"
"2114524527","113242008","0.0833333"
"113242008","2124316743","0.0833333"
"2124316743","113242008","0.0833333"
"113242008","2129630294","0.15"
"2129630294","113242008","0.15"
"113242008","2150141766","0.0833333"
"2150141766","113242008","0.0833333"
"113242008","2170403573","0.15"
"2170403573","113242008","0.15"
"1996302537","2008981950","1.33081"
"2008981950","1996302537","1.33081"
"1996302537","2011092306","2.06692"
"2011092306","1996302537","2.06692"
"1996302537","2020362899","1.13914"
"2020362899","1996302537","1.13914"
"1996302537","2030895416","1.06692"
"2030895416","1996302537","1.06692"
"1996302537","2093040826","0.0833333"
"2093040826","1996302537","0.0833333"
"1996302537","2113586398","0.239899"
"2113586398","1996302537","0.239899"
"1996302537","2114524527","0.378788"
"2114524527","1996302537","0.378788"
"1996302537","2124316743","0.795455"
"2124316743","1996302537","0.795455"
"1996302537","2129630294","1.03535"
"2129630294","1996302537","1.03535"
"1996302537","2150141766","0.125"
"2150141766","1996302537","0.125"
"1996302537","2170403573","0.625253"
"2170403573","1996302537","0.625253"
"2008981950","2011092306","1.70581"
"2011092306","2008981950","1.70581"
"2008981950","2020362899","0.772475"
"2020362899","2008981950","0.772475"
"2008981950","2030895416","1.31414"
"2030895416","2008981950","1.31414"
"2008981950","2093040826","0.0833333"
"2093040826","2008981950","0.0833333"
"2008981950","2113586398","0.395455"
"2113586398","2008981950","0.395455"
"2008981950","2114524527","0.578788"
"2114524527","2008981950","0.578788"
"2008981950","2124316743","0.128788"
"2124316743","2008981950","0.128788"
"2008981950","2129630294","4.84369"
"2129630294","2008981950","4.84369"
"2008981950","2150141766","0.0833333"
"2150141766","2008981950","0.0833333"
"2008981950","2170403573","2.52247"
"2170403573","2008981950","2.52247"
"2011092306","2020362899","4.94867"
"2020362899","2011092306","4.94867"
"2011092306","2030895416","0.691919"
"2030895416","2011092306","0.691919"
"2011092306","2093040826","0.0833333"
"2093040826","2011092306","0.0833333"
"2011092306","2113586398","0.271645"
"2113586398","2011092306","0.271645"
"2011092306","2114524527","0.628788"
"2114524527","2011092306","0.628788"
"2011092306","2124316743","0.920455"
"2124316743","2011092306","0.920455"
"2011092306","2129630294","0.910354"
"2129630294","2011092306","0.910354"
"2011092306","2150141766","0.0833333"
"2150141766","2011092306","0.0833333"
"2011092306","2170403573","0.972475"
"2170403573","2011092306","0.972475"
"2020362899","2030895416","0.580808"
"2030895416","2020362899","0.580808"
"2020362899","2093040826","0.0833333"
"2093040826","2020362899","0.0833333"
"2020362899","2113586398","0.463312"
"2113586398","2020362899","0.463312"
"2020362899","2114524527","5.62879"
"2114524527","2020362899","5.62879"
"2020362899","2124316743","3.17879"
"2124316743","2020362899","3.17879"
"2020362899","2129630294","0.97702"
"2129630294","2020362899","0.97702"
"2020362899","2150141766","0.0833333"
"2150141766","2020362899","0.0833333"
"2020362899","2170403573","1.03914"
"2170403573","2020362899","1.03914"
"2030895416","2093040826","0.0833333"
"2093040826","2030895416","0.0833333"
"2030895416","2113586398","0.445455"
"2113586398","2030895416","0.445455"
"2030895416","2114524527","0.128788"
"2114524527","2030895416","0.128788"
"2030895416","2124316743","1.42045"
"2124316743","2030895416","1.42045"
"2030895416","2129630294","0.518687"
"2129630294","2030895416","0.518687"
"2030895416","2150141766","0.575"
"2150141766","2030895416","0.575"
"2030895416","2170403573","1.08081"
"2170403573","2030895416","1.08081"
"2093040826","2113586398","0.0833333"
"2113586398","2093040826","0.0833333"
"2093040826","2114524527","0.0833333"
"2114524527","2093040826","0.0833333"
"2093040826","2124316743","0.0833333"
"2124316743","2093040826","0.0833333"
"2093040826","2129630294","0.0833333"
"2129630294","2093040826","0.0833333"
"2093040826","2150141766","0.0833333"
"2150141766","2093040826","0.0833333"
"2093040826","2170403573","0.0833333"
"2170403573","2093040826","0.0833333"
"2113586398","2114524527","0.828788"
"2114524527","2113586398","0.828788"
"2113586398","2124316743","0.253788"
"2124316743","2113586398","0.253788"
"2113586398","2129630294","0.35"
"2129630294","2113586398","0.35"
"2113586398","2150141766","0.0833333"
"2150141766","2113586398","0.0833333"
"2113586398","2170403573","0.306566"
"2170403573","2113586398","0.306566"
"2114524527","2124316743","0.128788"
"2124316743","2114524527","0.128788"
"2114524527","2129630294","0.533333"
"2129630294","2114524527","0.533333"
"2114524527","2150141766","0.0833333"
"2150141766","2114524527","0.0833333"
"2114524527","2170403573","0.128788"
"2170403573","2114524527","0.128788"
"2124316743","2129630294","0.333333"
"2129630294","2124316743","0.333333"
"2124316743","2150141766","0.125"
"2150141766","2124316743","0.125"
"2124316743","2170403573","0.312121"
"2170403573","2124316743","0.312121"
"2129630294","2150141766","0.0833333"
"2150141766","2129630294","0.0833333"
"2129630294","2170403573","0.97702"
"2170403573","2129630294","0.97702"
"2150141766","2170403573","0.0833333"
"2170403573","2150141766","0.0833333"
"113242008","227974271","1.5"
"227974271","113242008","1.5"
"1990063425","227974271","1.61111"
"227974271","1990063425","1.61111"
"113242008","1999592240","0.0666667"
"1999592240","113242008","0.0666667"
"113242008","2023390650","0.0666667"
"2023390650","113242008","0.0666667"
"113242008","2045691329","0.0666667"
"2045691329","113242008","0.0666667"
"113242008","2058815042","0.0666667"
"2058815042","113242008","0.0666667"
"113242008","2067072670","0.0666667"
"2067072670","113242008","0.0666667"
"113242008","2147936330","0.0666667"
"2147936330","113242008","0.0666667"
"113242008","2151779862","0.0666667"
"2151779862","113242008","0.0666667"
"113242008","2399525331","0.0666667"
"2399525331","113242008","0.0666667"
"1990063425","1999592240","0.0666667"
"1999592240","1990063425","0.0666667"
"1990063425","2008981950","0.0666667"
"2008981950","1990063425","0.0666667"
"1990063425","2020362899","0.0666667"
"2020362899","1990063425","0.0666667"
"1990063425","2023390650","0.0666667"
"2023390650","1990063425","0.0666667"
"1990063425","2030895416","0.0666667"
"2030895416","1990063425","0.0666667"
"1990063425","2045691329","0.177778"
"2045691329","1990063425","0.177778"
"1990063425","2058815042","0.0666667"
"2058815042","1990063425","0.0666667"
"1990063425","2067072670","0.177778"
"2067072670","1990063425","0.177778"
"1990063425","2113586398","0.177778"
"2113586398","1990063425","0.177778"
"1990063425","2129630294","0.0666667"
"2129630294","1990063425","0.0666667"
"1990063425","2147936330","1.4"
"2147936330","1990063425","1.4"
"1990063425","2151779862","0.0666667"
"2151779862","1990063425","0.0666667"
"1990063425","2170403573","0.511111"
"2170403573","1990063425","0.511111"
"1990063425","2399525331","0.511111"
"2399525331","1990063425","0.511111"
"1999592240","2008981950","0.0666667"
"2008981950","1999592240","0.0666667"
"1999592240","2020362899","0.0666667"
"2020362899","1999592240","0.0666667"
"1999592240","2023390650","0.0666667"
"2023390650","1999592240","0.0666667"
"1999592240","2030895416","0.0666667"
"2030895416","1999592240","0.0666667"
"1999592240","2045691329","0.0666667"
"2045691329","1999592240","0.0666667"
"1999592240","2058815042","0.0666667"
"2058815042","1999592240","0.0666667"
"1999592240","2067072670","0.0666667"
"2067072670","1999592240","0.0666667"
"1999592240","2113586398","0.0666667"
"2113586398","1999592240","0.0666667"
"1999592240","2129630294","0.0666667"
"2129630294","1999592240","0.0666667"
"1999592240","2147936330","0.0666667"
"2147936330","1999592240","0.0666667"
"1999592240","2151779862","0.0666667"
"2151779862","1999592240","0.0666667"
"1999592240","2170403573","0.0666667"
"2170403573","1999592240","0.0666667"
"1999592240","2399525331","0.0666667"
"2399525331","1999592240","0.0666667"
"2008981950","2023390650","0.487121"
"2023390650","2008981950","0.487121"
"2008981950","2045691329","0.612121"
"2045691329","2008981950","0.612121"
"2008981950","2058815042","0.566667"
"2058815042","2008981950","0.566667"
"2008981950","2067072670","0.0666667"
"2067072670","2008981950","0.0666667"
"2008981950","2147936330","1.77803"
"2147936330","2008981950","1.77803"
"2008981950","2151779862","0.487121"
"2151779862","2008981950","0.487121"
"2008981950","2399525331","0.435354"
"2399525331","2008981950","0.435354"
"2020362899","2023390650","0.670455"
"2023390650","2020362899","0.670455"
"2020362899","2045691329","1.37998"
"2045691329","2020362899","1.37998"
"2020362899","2058815042","0.358333"
"2058815042","2020362899","0.358333"
"2020362899","2067072670","0.0666667"
"2067072670","2020362899","0.0666667"
"2020362899","2147936330","2.26136"
"2147936330","2020362899","2.26136"
"2020362899","2151779862","0.670455"
"2151779862","2020362899","0.670455"
"2020362899","2399525331","0.268687"
"2399525331","2020362899","0.268687"
"2023390650","2030895416","0.295455"
"2030895416","2023390650","0.295455"
"2023390650","2045691329","0.362121"
"2045691329","2023390650","0.362121"
"2023390650","2058815042","0.0666667"
"2058815042","2023390650","0.0666667"
"2023390650","2067072670","0.0666667"
"2067072670","2023390650","0.0666667"
"2023390650","2113586398","0.112121"
"2113586398","2023390650","0.112121"
"2023390650","2129630294","0.191667"
"2129630294","2023390650","0.191667"
"2023390650","2147936330","0.420455"
"2147936330","2023390650","0.420455"
"2023390650","2151779862","25.1621"
"2151779862","2023390650","25.1621"
"2023390650","2170403573","0.420455"
"2170403573","2023390650","0.420455"
"2023390650","2399525331","0.0666667"
"2399525331","2023390650","0.0666667"
"2030895416","2045691329","0.362121"
"2045691329","2030895416","0.362121"
"2030895416","2058815042","1.31667"
"2058815042","2030895416","1.31667"
"2030895416","2067072670","0.0666667"
"2067072670","2030895416","0.0666667"
"2030895416","2147936330","0.386364"
"2147936330","2030895416","0.386364"
"2030895416","2151779862","0.295455"
"2151779862","2030895416","0.295455"
"2030895416","2399525331","0.435354"
"2399525331","2030895416","0.435354"
"2045691329","2058815042","0.191667"
"2058815042","2045691329","0.191667"
"2045691329","2067072670","0.177778"
"2067072670","2045691329","0.177778"
"2045691329","2113586398","13.2411"
"2113586398","2045691329","13.2411"
"2045691329","2129630294","0.566667"
"2129630294","2045691329","0.566667"
"2045691329","2147936330","0.112121"
"2147936330","2045691329","0.112121"
"2045691329","2151779862","0.362121"
"2151779862","2045691329","0.362121"
"2045691329","2170403573","0.223232"
"2170403573","2045691329","0.223232"
"2045691329","2399525331","0.177778"
"2399525331","2045691329","0.177778"
"2058815042","2067072670","0.0666667"
"2067072670","2058815042","0.0666667"
"2058815042","2113586398","0.191667"
"2113586398","2058815042","0.191667"
"2058815042","2129630294","0.566667"
"2129630294","2058815042","0.566667"
"2058815042","2147936330","0.0666667"
"2147936330","2058815042","0.0666667"
"2058815042","2151779862","0.0666667"
"2151779862","2058815042","0.0666667"
"2058815042","2170403573","0.0666667"
"2170403573","2058815042","0.0666667"
"2058815042","2399525331","0.0666667"
"2399525331","2058815042","0.0666667"
"2067072670","2113586398","0.177778"
"2113586398","2067072670","0.177778"
"2067072670","2129630294","0.0666667"
"2129630294","2067072670","0.0666667"
"2067072670","2147936330","0.0666667"
"2147936330","2067072670","0.0666667"
"2067072670","2151779862","0.0666667"
"2151779862","2067072670","0.0666667"
"2067072670","2170403573","0.177778"
"2170403573","2067072670","0.177778"
"2067072670","2399525331","0.177778"
"2399525331","2067072670","0.177778"
"2113586398","2147936330","0.312121"
"2147936330","2113586398","0.312121"
"2113586398","2151779862","0.112121"
"2151779862","2113586398","0.112121"
"2113586398","2399525331","0.177778"
"2399525331","2113586398","0.177778"
"2129630294","2147936330","0.732576"
"2147936330","2129630294","0.732576"
"2129630294","2151779862","0.191667"
"2151779862","2129630294","0.191667"
"2129630294","2399525331","0.435354"
"2399525331","2129630294","0.435354"
"2147936330","2151779862","0.420455"
"2151779862","2147936330","0.420455"
"2147936330","2170403573","2.17803"
"2170403573","2147936330","2.17803"
"2147936330","2399525331","0.490909"
"2399525331","2147936330","0.490909"
"2151779862","2170403573","0.420455"
"2170403573","2151779862","0.420455"
"2151779862","2399525331","0.0666667"
"2399525331","2151779862","0.0666667"
"2170403573","2399525331","0.713131"
"2399525331","2170403573","0.713131"
"121163375","2008981950","0.290909"
"2008981950","121163375","0.290909"
"121163375","2113586398","0.342857"
"2113586398","121163375","0.342857"
"121163375","2114524527","0.2"
"2114524527","121163375","0.2"
"121163375","2129630294","0.290909"
"2129630294","121163375","0.290909"
"121163375","2147936330","0.540909"
"2147936330","121163375","0.540909"
"2114524527","2147936330","0.495455"
"2147936330","2114524527","0.495455"
"121163375","1977706988","0.0909091"
"1977706988","121163375","0.0909091"
"121163375","1987224537","0.0909091"
"1987224537","121163375","0.0909091"
"121163375","1996302537","0.0909091"
"1996302537","121163375","0.0909091"
"121163375","2011092306","2.15043"
"2011092306","121163375","2.15043"
"121163375","2020362899","1.65043"
"2020362899","121163375","1.65043"
"121163375","2030895416","0.0909091"
"2030895416","121163375","0.0909091"
"121163375","2170403573","0.0909091"
"2170403573","121163375","0.0909091"
"121163375","2399525331","0.0909091"
"2399525331","121163375","0.0909091"
"1977706988","1987224537","0.243687"
"1987224537","1977706988","0.243687"
"1977706988","1996302537","0.354798"
"1996302537","1977706988","0.354798"
"1977706988","2008981950","0.95202"
"2008981950","1977706988","0.95202"
"1977706988","2011092306","0.813131"
"2011092306","1977706988","0.813131"
"1977706988","2020362899","0.20202"
"2020362899","1977706988","0.20202"
"1977706988","2030895416","1.3548"
"2030895416","1977706988","1.3548"
"1977706988","2129630294","0.20202"
"2129630294","1977706988","0.20202"
"1977706988","2147936330","0.0909091"
"2147936330","1977706988","0.0909091"
"1977706988","2170403573","0.20202"
"2170403573","1977706988","0.20202"
"1977706988","2399525331","1.20202"
"2399525331","1977706988","1.20202"
"1987224537","1996302537","0.525253"
"1996302537","1987224537","0.525253"
"1987224537","2008981950","0.136364"
"2008981950","1987224537","0.136364"
"1987224537","2011092306","0.372475"
"2011092306","1987224537","0.372475"
"1987224537","2020362899","0.261364"
"2020362899","1987224537","0.261364"
"1987224537","2030895416","0.689141"
"2030895416","1987224537","0.689141"
"1987224537","2129630294","0.0909091"
"2129630294","1987224537","0.0909091"
"1987224537","2147936330","0.136364"
"2147936330","1987224537","0.136364"
"1987224537","2170403573","0.136364"
"2170403573","1987224537","0.136364"
"1987224537","2399525331","0.0909091"
"2399525331","1987224537","0.0909091"
"1996302537","2147936330","0.569697"
"2147936330","1996302537","0.569697"
"1996302537","2399525331","0.313131"
"2399525331","1996302537","0.313131"
"2011092306","2147936330","2.1947"
"2147936330","2011092306","2.1947"
"2011092306","2399525331","0.20202"
"2399525331","2011092306","0.20202"
"121163375","1971165270","0.592857"
"1971165270","121163375","0.592857"
"1971165270","2011092306","0.646645"
"2011092306","1971165270","0.646645"
"1971165270","2020362899","0.646645"
"2020362899","1971165270","0.646645"
"1971165270","2147936330","0.378788"
"2147936330","1971165270","0.378788"
"121163375","2015013946","0.166667"
"2015013946","121163375","0.166667"
"121163375","2058815042","0.666667"
"2058815042","121163375","0.666667"
"121163375","2124316743","0.166667"
"2124316743","121163375","0.166667"
"121163375","2134969601","0.166667"
"2134969601","121163375","0.166667"
"2011092306","2015013946","0.166667"
"2015013946","2011092306","0.166667"
"2011092306","2058815042","0.166667"
"2058815042","2011092306","0.166667"
"2011092306","2134969601","0.166667"
"2134969601","2011092306","0.166667"
"2015013946","2020362899","0.291667"
"2020362899","2015013946","0.291667"
"2015013946","2058815042","0.291667"
"2058815042","2015013946","0.291667"
"2015013946","2124316743","0.291667"
"2124316743","2015013946","0.291667"
"2015013946","2134969601","10.0036"
"2134969601","2015013946","10.0036"
"2020362899","2134969601","0.291667"
"2134969601","2020362899","0.291667"
"2058815042","2124316743","0.291667"
"2124316743","2058815042","0.291667"
"2058815042","2134969601","0.291667"
"2134969601","2058815042","0.291667"
"2124316743","2134969601","0.291667"
"2134969601","2124316743","0.291667"
"121163375","2354664283","0.5"
"2354664283","121163375","0.5"
"2011092306","2354664283","0.656566"
"2354664283","2011092306","0.656566"
"121163375","1564719603","0.642857"
"1564719603","121163375","0.642857"
"1564719603","2058815042","0.625"
"2058815042","1564719603","0.625"
"121163375","2027208451","0.342857"
"2027208451","121163375","0.342857"
"121163375","2045691329","0.142857"
"2045691329","121163375","0.142857"
"1564719603","1971165270","0.142857"
"1971165270","1564719603","0.142857"
"1564719603","2011092306","0.267857"
"2011092306","1564719603","0.267857"
"1564719603","2020362899","0.392857"
"2020362899","1564719603","0.392857"
"1564719603","2027208451","0.142857"
"2027208451","1564719603","0.142857"
"1564719603","2045691329","0.267857"
"2045691329","1564719603","0.267857"
"1564719603","2113586398","0.267857"
"2113586398","1564719603","0.267857"
"1971165270","2027208451","9.79665"
"2027208451","1971165270","9.79665"
"1971165270","2045691329","0.299423"
"2045691329","1971165270","0.299423"
"1971165270","2113586398","0.299423"
"2113586398","1971165270","0.299423"
"2011092306","2027208451","0.396645"
"2027208451","2011092306","0.396645"
"2011092306","2045691329","0.438312"
"2045691329","2011092306","0.438312"
"2020362899","2027208451","0.396645"
"2027208451","2020362899","0.396645"
"2027208451","2045691329","0.188312"
"2045691329","2027208451","0.188312"
"2027208451","2113586398","0.188312"
"2113586398","2027208451","0.188312"
"121163375","2023390650","0.2"
"2023390650","121163375","0.2"
"121163375","2151975921","0.2"
"2151975921","121163375","0.2"
"121163375","3004827789","0.2"
"3004827789","121163375","0.2"
"1971165270","2023390650","0.653788"
"2023390650","1971165270","0.653788"
"1971165270","2151975921","0.245455"
"2151975921","1971165270","0.245455"
"1971165270","3004827789","0.2"
"3004827789","1971165270","0.2"
"2023390650","2027208451","0.653788"
"2027208451","2023390650","0.653788"
"2023390650","2151975921","2.59545"
"2151975921","2023390650","2.59545"
"2023390650","3004827789","0.325"
"3004827789","2023390650","0.325"
"2027208451","2151975921","0.245455"
"2151975921","2027208451","0.245455"
"2027208451","3004827789","0.2"
"3004827789","2027208451","0.2"
"2151975921","3004827789","0.325"
"3004827789","2151975921","0.325"
"1521150922","1969972789","0.2"
"1969972789","1521150922","0.2"
"1521150922","1971165270","0.2"
"1971165270","1521150922","0.2"
"1521150922","2023390650","0.2"
"2023390650","1521150922","0.2"
"1521150922","2027208451","0.2"
"2027208451","1521150922","0.2"
"1521150922","2151779862","0.2"
"2151779862","1521150922","0.2"
"1969972789","1971165270","0.2"
"1971165270","1969972789","0.2"
"1969972789","2023390650","0.325"
"2023390650","1969972789","0.325"
"1969972789","2027208451","0.2"
"2027208451","1969972789","0.2"
"1969972789","2151779862","0.325"
"2151779862","1969972789","0.325"
"1971165270","2151779862","0.453788"
"2151779862","1971165270","0.453788"
"2027208451","2151779862","0.453788"
"2151779862","2027208451","0.453788"
"1521150922","2584611192","0.5"
"2584611192","1521150922","0.5"
"1521150922","2792969299","0.5"
"2792969299","1521150922","0.5"
"2584611192","2792969299","5.25"
"2792969299","2584611192","5.25"
"1552356295","2604639157","1"
"2604639157","1552356295","1"
"1552356295","2089036804","1"
"2089036804","1552356295","1"
"1564719603","2027440536","0.333333"
"2027440536","1564719603","0.333333"
"1564719603","2107990165","0.333333"
"2107990165","1564719603","0.333333"
"1564719603","2305960469","0.333333"
"2305960469","1564719603","0.333333"
"2027440536","2107990165","4.32692"
"2107990165","2027440536","4.32692"
"2027440536","2305960469","5.32692"
"2305960469","2027440536","5.32692"
"2107990165","2305960469","8.32692"
"2305960469","2107990165","8.32692"
"1564719603","2015013946","0.125"
"2015013946","1564719603","0.125"
"1564719603","2057697273","0.125"
"2057697273","1564719603","0.125"
"1564719603","2124316743","0.125"
"2124316743","1564719603","0.125"
"1564719603","2134969601","0.125"
"2134969601","1564719603","0.125"
"2015013946","2045691329","0.125"
"2045691329","2015013946","0.125"
"2015013946","2057697273","0.125"
"2057697273","2015013946","0.125"
"2015013946","2113586398","0.125"
"2113586398","2015013946","0.125"
"2020362899","2057697273","0.125"
"2057697273","2020362899","0.125"
"2045691329","2057697273","0.125"
"2057697273","2045691329","0.125"
"2045691329","2124316743","0.170455"
"2124316743","2045691329","0.170455"
"2045691329","2134969601","0.125"
"2134969601","2045691329","0.125"
"2057697273","2058815042","0.125"
"2058815042","2057697273","0.125"
"2057697273","2113586398","0.125"
"2113586398","2057697273","0.125"
"2057697273","2124316743","0.125"
"2124316743","2057697273","0.125"
"2057697273","2134969601","0.125"
"2134969601","2057697273","0.125"
"2113586398","2134969601","0.125"
"2134969601","2113586398","0.125"
"1564719603","2152209321","1"
"2152209321","1564719603","1"
"1564719603","1969972789","0.125"
"1969972789","1564719603","0.125"
"1564719603","2023390650","0.125"
"2023390650","1564719603","0.125"
"1564719603","2108873424","0.125"
"2108873424","1564719603","0.125"
"1564719603","2131501809","0.125"
"2131501809","1564719603","0.125"
"1564719603","2139224176","0.125"
"2139224176","1564719603","0.125"
"1564719603","2151779862","0.125"
"2151779862","1564719603","0.125"
"1969972789","2011092306","0.125"
"2011092306","1969972789","0.125"
"1969972789","2020362899","0.125"
"2020362899","1969972789","0.125"
"1969972789","2108873424","0.125"
"2108873424","1969972789","0.125"
"1969972789","2131501809","11.125"
"2131501809","1969972789","11.125"
"1969972789","2139224176","0.125"
"2139224176","1969972789","0.125"
"2011092306","2023390650","0.853788"
"2023390650","2011092306","0.853788"
"2011092306","2108873424","0.302778"
"2108873424","2011092306","0.302778"
"2011092306","2131501809","0.125"
"2131501809","2011092306","0.125"
"2011092306","2139224176","0.125"
"2139224176","2011092306","0.125"
"2011092306","2151779862","0.853788"
"2151779862","2011092306","0.853788"
"2020362899","2108873424","0.125"
"2108873424","2020362899","0.125"
"2020362899","2131501809","0.125"
"2131501809","2020362899","0.125"
"2020362899","2139224176","0.125"
"2139224176","2020362899","0.125"
"2023390650","2108873424","0.125"
"2108873424","2023390650","0.125"
"2023390650","2131501809","0.125"
"2131501809","2023390650","0.125"
"2023390650","2139224176","0.375"
"2139224176","2023390650","0.375"
"2108873424","2131501809","0.125"
"2131501809","2108873424","0.125"
"2108873424","2139224176","0.125"
"2139224176","2108873424","0.125"
"2108873424","2151779862","0.125"
"2151779862","2108873424","0.125"
"2131501809","2139224176","0.125"
"2139224176","2131501809","0.125"
"2131501809","2151779862","0.125"
"2151779862","2131501809","0.125"
"2139224176","2151779862","0.375"
"2151779862","2139224176","0.375"
"1565341615","2012886963","0.0769231"
"2012886963","1565341615","0.0769231"
"1565341615","2027440536","0.21978"
"2027440536","1565341615","0.21978"
"1565341615","2056510157","0.0769231"
"2056510157","1565341615","0.0769231"
"1565341615","2096256884","0.0769231"
"2096256884","1565341615","0.0769231"
"1565341615","2107990165","0.0769231"
"2107990165","1565341615","0.0769231"
"1565341615","2108873424","0.21978"
"2108873424","1565341615","0.21978"
"1565341615","2131338731","0.21978"
"2131338731","1565341615","0.21978"
"1565341615","2150141766","0.46978"
"2150141766","1565341615","0.46978"
"1565341615","2166785535","0.0769231"
"2166785535","1565341615","0.0769231"
"1565341615","2167117130","0.0769231"
"2167117130","1565341615","0.0769231"
"1565341615","2249895886","0.0769231"
"2249895886","1565341615","0.0769231"
"1565341615","2305960469","0.0769231"
"2305960469","1565341615","0.0769231"
"1565341615","2354664283","0.21978"
"2354664283","1565341615","0.21978"
"2012886963","2027440536","4.49359"
"2027440536","2012886963","4.49359"
"2012886963","2056510157","0.0769231"
"2056510157","2012886963","0.0769231"
"2012886963","2096256884","0.0769231"
"2096256884","2012886963","0.0769231"
"2012886963","2107990165","0.99359"
"2107990165","2012886963","0.99359"
"2012886963","2108873424","0.0769231"
"2108873424","2012886963","0.0769231"
"2012886963","2131338731","0.0769231"
"2131338731","2012886963","0.0769231"
"2012886963","2150141766","0.410256"
"2150141766","2012886963","0.410256"
"2012886963","2166785535","0.410256"
"2166785535","2012886963","0.410256"
"2012886963","2167117130","0.0769231"
"2167117130","2012886963","0.0769231"
"2012886963","2249895886","0.0769231"
"2249895886","2012886963","0.0769231"
"2012886963","2305960469","0.99359"
"2305960469","2012886963","0.99359"
"2012886963","2354664283","0.0769231"
"2354664283","2012886963","0.0769231"
"2027440536","2056510157","0.0769231"
"2056510157","2027440536","0.0769231"
"2027440536","2096256884","0.11859"
"2096256884","2027440536","0.11859"
"2027440536","2108873424","0.261447"
"2108873424","2027440536","0.261447"
"2027440536","2131338731","0.21978"
"2131338731","2027440536","0.21978"
"2027440536","2150141766","0.261447"
"2150141766","2027440536","0.261447"
"2027440536","2166785535","0.11859"
"2166785535","2027440536","0.11859"
"2027440536","2167117130","0.0769231"
"2167117130","2027440536","0.0769231"
"2027440536","2249895886","0.0769231"
"2249895886","2027440536","0.0769231"
"2027440536","2354664283","0.261447"
"2354664283","2027440536","0.261447"
"2056510157","2096256884","0.326923"
"2096256884","2056510157","0.326923"
"2056510157","2107990165","0.0769231"
"2107990165","2056510157","0.0769231"
"2056510157","2108873424","0.0769231"
"2108873424","2056510157","0.0769231"
"2056510157","2131338731","0.0769231"
"2131338731","2056510157","0.0769231"
"2056510157","2150141766","0.0769231"
"2150141766","2056510157","0.0769231"
"2056510157","2166785535","0.0769231"
"2166785535","2056510157","0.0769231"
"2056510157","2167117130","2.27375"
"2167117130","2056510157","2.27375"
"2056510157","2249895886","0.886447"
"2249895886","2056510157","0.886447"
"2056510157","2305960469","0.0769231"
"2305960469","2056510157","0.0769231"
"2056510157","2354664283","0.0769231"
"2354664283","2056510157","0.0769231"
"2096256884","2107990165","0.0769231"
"2107990165","2096256884","0.0769231"
"2096256884","2108873424","0.229701"
"2108873424","2096256884","0.229701"
"2096256884","2131338731","0.0769231"
"2131338731","2096256884","0.0769231"
"2096256884","2150141766","0.11859"
"2150141766","2096256884","0.11859"
"2096256884","2166785535","0.229701"
"2166785535","2096256884","0.229701"
"2096256884","2167117130","0.326923"
"2167117130","2096256884","0.326923"
"2096256884","2249895886","0.0769231"
"2249895886","2096256884","0.0769231"
"2096256884","2305960469","0.0769231"
"2305960469","2096256884","0.0769231"
"2096256884","2354664283","0.11859"
"2354664283","2096256884","0.11859"
"2107990165","2108873424","0.0769231"
"2108873424","2107990165","0.0769231"
"2107990165","2131338731","0.0769231"
"2131338731","2107990165","0.0769231"
"2107990165","2150141766","0.0769231"
"2150141766","2107990165","0.0769231"
"2107990165","2166785535","0.0769231"
"2166785535","2107990165","0.0769231"
"2107990165","2167117130","0.0769231"
"2167117130","2107990165","0.0769231"
"2107990165","2249895886","0.0769231"
"2249895886","2107990165","0.0769231"
"2107990165","2354664283","0.0769231"
"2354664283","2107990165","0.0769231"
"2108873424","2131338731","1.28645"
"2131338731","2108873424","1.28645"
"2108873424","2150141766","1.59478"
"2150141766","2108873424","1.59478"
"2108873424","2166785535","1.6297"
"2166785535","2108873424","1.6297"
"2108873424","2167117130","0.0769231"
"2167117130","2108873424","0.0769231"
"2108873424","2249895886","0.0769231"
"2249895886","2108873424","0.0769231"
"2108873424","2305960469","0.0769231"
"2305960469","2108873424","0.0769231"
"2108873424","2354664283","0.372558"
"2354664283","2108873424","0.372558"
"2131338731","2150141766","0.41978"
"2150141766","2131338731","0.41978"
"2131338731","2166785535","1.34359"
"2166785535","2131338731","1.34359"
"2131338731","2167117130","0.0769231"
"2167117130","2131338731","0.0769231"
"2131338731","2249895886","0.0769231"
"2249895886","2131338731","0.0769231"
"2131338731","2305960469","0.0769231"
"2305960469","2131338731","0.0769231"
"2131338731","2354664283","0.41978"
"2354664283","2131338731","0.41978"
"2150141766","2166785535","3.59637"
"2166785535","2150141766","3.59637"
"2150141766","2167117130","0.0769231"
"2167117130","2150141766","0.0769231"
"2150141766","2249895886","0.0769231"
"2249895886","2150141766","0.0769231"
"2150141766","2305960469","0.0769231"
"2305960469","2150141766","0.0769231"
"2150141766","2354664283","0.822558"
"2354664283","2150141766","0.822558"
"2166785535","2167117130","0.0769231"
"2167117130","2166785535","0.0769231"
"2166785535","2249895886","0.0769231"
"2249895886","2166785535","0.0769231"
"2166785535","2305960469","0.0769231"
"2305960469","2166785535","0.0769231"
"2166785535","2354664283","0.879701"
"2354664283","2166785535","0.879701"
"2167117130","2249895886","0.0769231"
"2249895886","2167117130","0.0769231"
"2167117130","2305960469","0.0769231"
"2305960469","2167117130","0.0769231"
"2167117130","2354664283","0.0769231"
"2354664283","2167117130","0.0769231"
"2249895886","2305960469","0.0769231"
"2305960469","2249895886","0.0769231"
"2249895886","2354664283","0.0769231"
"2354664283","2249895886","0.0769231"
"2305960469","2354664283","0.0769231"
"2354664283","2305960469","0.0769231"
"1565341615","185775385","0.833333"
"185775385","1565341615","0.833333"
"1565341615","2030895416","1.33333"
"2030895416","1565341615","1.33333"
"1565341615","2521186049","0.583333"
"2521186049","1565341615","0.583333"
"185775385","2030895416","2.63611"
"2030895416","185775385","2.63611"
"185775385","2521186049","0.333333"
"2521186049","185775385","0.333333"
"2030895416","2521186049","0.583333"
"2521186049","2030895416","0.583333"
"1565341615","2018936209","0.142857"
"2018936209","1565341615","0.142857"
"1565341615","2062835941","0.142857"
"2062835941","1565341615","0.142857"
"2018936209","2027440536","0.142857"
"2027440536","2018936209","0.142857"
"2018936209","2062835941","0.142857"
"2062835941","2018936209","0.142857"
"2018936209","2108873424","0.142857"
"2108873424","2018936209","0.142857"
"2018936209","2131338731","0.142857"
"2131338731","2018936209","0.142857"
"2018936209","2150141766","0.142857"
"2150141766","2018936209","0.142857"
"2018936209","2354664283","0.142857"
"2354664283","2018936209","0.142857"
"2027440536","2062835941","0.184524"
"2062835941","2027440536","0.184524"
"2062835941","2108873424","1.19563"
"2108873424","2062835941","1.19563"
"2062835941","2131338731","0.209524"
"2131338731","2062835941","0.209524"
"2062835941","2150141766","1.60119"
"2150141766","2062835941","1.60119"
"2062835941","2354664283","2.38452"
"2354664283","2062835941","2.38452"
"1565341615","2045691329","0.5"
"2045691329","1565341615","0.5"
"1565341615","2113586398","0.5"
"2113586398","1565341615","0.5"
"1565341615","1977706988","0.25"
"1977706988","1565341615","0.25"
"1565341615","2071796001","0.25"
"2071796001","1565341615","0.25"
"1977706988","2071796001","1.44444"
"2071796001","1977706988","1.44444"
"1977706988","2150141766","0.291667"
"2150141766","1977706988","0.291667"
"2030895416","2071796001","1.11111"
"2071796001","2030895416","1.11111"
"2071796001","2150141766","0.25"
"2150141766","2071796001","0.25"
"1565341615","2058815042","1.25"
"2058815042","1565341615","1.25"
"1565341615","2131501809","0.25"
"2131501809","1565341615","0.25"
"2030895416","2131501809","0.25"
"2131501809","2030895416","0.25"
"2058815042","2131501809","0.25"
"2131501809","2058815042","0.25"
"2058815042","2521186049","0.25"
"2521186049","2058815042","0.25"
"2131501809","2521186049","0.25"
"2521186049","2131501809","0.25"
"185775385","1977706988","0.402778"
"1977706988","185775385","0.402778"
"185775385","2004265567","0.25"
"2004265567","185775385","0.25"
"185775385","2008981950","0.25"
"2008981950","185775385","0.25"
"1977706988","2004265567","0.25"
"2004265567","1977706988","0.25"
"2004265567","2008981950","0.25"
"2008981950","2004265567","0.25"
"2004265567","2030895416","0.25"
"2030895416","2004265567","0.25"
"185775385","1996302537","0.552778"
"1996302537","185775385","0.552778"
"185775385","2108873424","0.552778"
"2108873424","185775385","0.552778"
"1996302537","2108873424","0.663889"
"2108873424","1996302537","0.663889"
"2030895416","2108873424","1.55278"
"2108873424","2030895416","1.55278"
"185775385","2008191602","0.108333"
"2008191602","185775385","0.108333"
"185775385","2011092306","0.177778"
"2011092306","185775385","0.177778"
"185775385","2018649728","0.0666667"
"2018649728","185775385","0.0666667"
"185775385","2039326541","0.108333"
"2039326541","185775385","0.108333"
"185775385","2062835941","0.108333"
"2062835941","185775385","0.108333"
"185775385","2068359829","0.108333"
"2068359829","185775385","0.108333"
"185775385","2107204465","0.0666667"
"2107204465","185775385","0.0666667"
"185775385","2124316743","0.108333"
"2124316743","185775385","0.108333"
"185775385","2131338731","0.0666667"
"2131338731","185775385","0.0666667"
"185775385","2158696786","0.108333"
"2158696786","185775385","0.108333"
"185775385","2160434365","0.108333"
"2160434365","185775385","0.108333"
"185775385","2166785535","0.108333"
"2166785535","185775385","0.108333"
"1996302537","2008191602","0.402778"
"2008191602","1996302537","0.402778"
"1996302537","2018649728","0.112121"
"2018649728","1996302537","0.112121"
"1996302537","2039326541","0.108333"
"2039326541","1996302537","0.108333"
"1996302537","2062835941","0.219444"
"2062835941","1996302537","0.219444"
"1996302537","2068359829","0.108333"
"2068359829","1996302537","0.108333"
"1996302537","2107204465","0.0666667"
"2107204465","1996302537","0.0666667"
"1996302537","2131338731","0.0666667"
"2131338731","1996302537","0.0666667"
"1996302537","2158696786","0.108333"
"2158696786","1996302537","0.108333"
"1996302537","2160434365","0.219444"
"2160434365","1996302537","0.219444"
"1996302537","2166785535","0.219444"
"2166785535","1996302537","0.219444"
"2008191602","2011092306","0.361111"
"2011092306","2008191602","0.361111"
"2008191602","2018649728","0.0666667"
"2018649728","2008191602","0.0666667"
"2008191602","2030895416","0.736111"
"2030895416","2008191602","0.736111"
"2008191602","2039326541","0.108333"
"2039326541","2008191602","0.108333"
"2008191602","2062835941","0.108333"
"2062835941","2008191602","0.108333"
"2008191602","2068359829","0.108333"
"2068359829","2008191602","0.108333"
"2008191602","2107204465","4.4"
"2107204465","2008191602","4.4"
"2008191602","2108873424","0.108333"
"2108873424","2008191602","0.108333"
"2008191602","2124316743","0.291667"
"2124316743","2008191602","0.291667"
"2008191602","2131338731","0.0666667"
"2131338731","2008191602","0.0666667"
"2008191602","2158696786","0.108333"
"2158696786","2008191602","0.108333"
"2008191602","2160434365","1.44167"
"2160434365","2008191602","1.44167"
"2008191602","2166785535","0.108333"
"2166785535","2008191602","0.108333"
"2011092306","2018649728","0.112121"
"2018649728","2011092306","0.112121"
"2011092306","2039326541","0.0666667"
"2039326541","2011092306","0.0666667"
"2011092306","2062835941","0.0666667"
"2062835941","2011092306","0.0666667"
"2011092306","2068359829","0.0666667"
"2068359829","2011092306","0.0666667"
"2011092306","2107204465","0.0666667"
"2107204465","2011092306","0.0666667"
"2011092306","2131338731","0.4"
"2131338731","2011092306","0.4"
"2011092306","2158696786","0.0666667"
"2158696786","2011092306","0.0666667"
"2011092306","2160434365","0.0666667"
"2160434365","2011092306","0.0666667"
"2011092306","2166785535","0.0666667"
"2166785535","2011092306","0.0666667"
"2018649728","2030895416","0.112121"
"2030895416","2018649728","0.112121"
"2018649728","2039326541","0.0666667"
"2039326541","2018649728","0.0666667"
"2018649728","2062835941","0.4"
"2062835941","2018649728","0.4"
"2018649728","2068359829","0.0666667"
"2068359829","2018649728","0.0666667"
"2018649728","2107204465","0.0666667"
"2107204465","2018649728","0.0666667"
"2018649728","2108873424","0.0666667"
"2108873424","2018649728","0.0666667"
"2018649728","2124316743","0.112121"
"2124316743","2018649728","0.112121"
"2018649728","2131338731","0.266667"
"2131338731","2018649728","0.266667"
"2018649728","2158696786","0.0666667"
"2158696786","2018649728","0.0666667"
"2018649728","2160434365","0.0666667"
"2160434365","2018649728","0.0666667"
"2018649728","2166785535","0.316667"
"2166785535","2018649728","0.316667"
"2030895416","2039326541","0.108333"
"2039326541","2030895416","0.108333"
"2030895416","2062835941","0.308333"
"2062835941","2030895416","0.308333"
"2030895416","2068359829","0.108333"
"2068359829","2030895416","0.108333"
"2030895416","2107204465","0.0666667"
"2107204465","2030895416","0.0666667"
"2030895416","2131338731","0.266667"
"2131338731","2030895416","0.266667"
"2030895416","2158696786","0.108333"
"2158696786","2030895416","0.108333"
"2030895416","2160434365","0.441667"
"2160434365","2030895416","0.441667"
"2030895416","2166785535","0.508333"
"2166785535","2030895416","0.508333"
"2039326541","2062835941","0.108333"
"2062835941","2039326541","0.108333"
"2039326541","2068359829","0.108333"
"2068359829","2039326541","0.108333"
"2039326541","2107204465","0.0666667"
"2107204465","2039326541","0.0666667"
"2039326541","2108873424","0.108333"
"2108873424","2039326541","0.108333"
"2039326541","2124316743","0.108333"
"2124316743","2039326541","0.108333"
"2039326541","2131338731","0.0666667"
"2131338731","2039326541","0.0666667"
"2039326541","2158696786","4.10833"
"2158696786","2039326541","4.10833"
"2039326541","2160434365","0.108333"
"2160434365","2039326541","0.108333"
"2039326541","2166785535","0.108333"
"2166785535","2039326541","0.108333"
"2062835941","2068359829","0.108333"
"2068359829","2062835941","0.108333"
"2062835941","2107204465","0.0666667"
"2107204465","2062835941","0.0666667"
"2062835941","2124316743","1.10833"
"2124316743","2062835941","1.10833"
"2062835941","2158696786","0.108333"
"2158696786","2062835941","0.108333"
"2062835941","2160434365","0.386111"
"2160434365","2062835941","0.386111"
"2062835941","2166785535","3.50278"
"2166785535","2062835941","3.50278"
"2068359829","2107204465","0.0666667"
"2107204465","2068359829","0.0666667"
"2068359829","2108873424","0.108333"
"2108873424","2068359829","0.108333"
"2068359829","2124316743","0.108333"
"2124316743","2068359829","0.108333"
"2068359829","2131338731","0.0666667"
"2131338731","2068359829","0.0666667"
