"1188486359","1969839198","6.83333"
"1969839198","1188486359","6.83333"
"1188486359","1991594768","4.44444"
"1991594768","1188486359","4.44444"
"1969839198","1991594768","5.33333"
"1991594768","1969839198","5.33333"
"1188486359","2598615178","0.833333"
"2598615178","1188486359","0.833333"
"1969839198","2598615178","0.833333"
"2598615178","1969839198","0.833333"
"1188486359","1785837166","0.111111"
"1785837166","1188486359","0.111111"
"1188486359","1814491495","0.111111"
"1814491495","1188486359","0.111111"
"1188486359","2477849268","0.111111"
"2477849268","1188486359","0.111111"
"1188486359","2503831216","0.111111"
"2503831216","1188486359","0.111111"
"1188486359","2507783418","0.111111"
"2507783418","1188486359","0.111111"
"1188486359","2584293398","0.111111"
"2584293398","1188486359","0.111111"
"1188486359","2626695100","0.111111"
"2626695100","1188486359","0.111111"
"1188486359","2800495244","0.111111"
"2800495244","1188486359","0.111111"
"1785837166","1814491495","1.66825"
"1814491495","1785837166","1.66825"
"1785837166","1991594768","0.111111"
"1991594768","1785837166","0.111111"
"1785837166","2477849268","1.8798"
"2477849268","1785837166","1.8798"
"1785837166","2503831216","0.111111"
"2503831216","1785837166","0.111111"
"1785837166","2507783418","1.52861"
"2507783418","1785837166","1.52861"
"1785837166","2584293398","0.521465"
"2584293398","1785837166","0.521465"
"1785837166","2626695100","1.3798"
"2626695100","1785837166","1.3798"
"1785837166","2800495244","0.236111"
"2800495244","1785837166","0.236111"
"1814491495","1991594768","0.111111"
"1991594768","1814491495","0.111111"
"1814491495","2477849268","0.111111"
"2477849268","1814491495","0.111111"
"1814491495","2503831216","0.54561"
"2503831216","1814491495","0.54561"
"1814491495","2507783418","2.93886"
"2507783418","1814491495","2.93886"
"1814491495","2584293398","1.11111"
"2584293398","1814491495","1.11111"
"1814491495","2626695100","0.111111"
"2626695100","1814491495","0.111111"
"1814491495","2800495244","0.111111"
"2800495244","1814491495","0.111111"
"1991594768","2477849268","0.111111"
"2477849268","1991594768","0.111111"
"1991594768","2503831216","0.111111"
"2503831216","1991594768","0.111111"
"1991594768","2507783418","0.111111"
"2507783418","1991594768","0.111111"
"1991594768","2584293398","0.111111"
"2584293398","1991594768","0.111111"
"1991594768","2626695100","0.111111"
"2626695100","1991594768","0.111111"
"1991594768","2800495244","0.111111"
"2800495244","1991594768","0.111111"
"2477849268","2503831216","0.611111"
"2503831216","2477849268","0.611111"
"2477849268","2507783418","0.896465"
"2507783418","2477849268","0.896465"
"2477849268","2584293398","2.98932"
"2584293398","2477849268","2.98932"
"2477849268","2626695100","4.9671"
"2626695100","2477849268","4.9671"
"2477849268","2800495244","0.727778"
"2800495244","2477849268","0.727778"
"2503831216","2507783418","1.86985"
"2507783418","2503831216","1.86985"
"2503831216","2584293398","0.277778"
"2584293398","2503831216","0.277778"
"2503831216","2626695100","0.611111"
"2626695100","2503831216","0.611111"
"2503831216","2800495244","0.277778"
"2800495244","2503831216","0.277778"
"2507783418","2584293398","0.688131"
"2584293398","2507783418","0.688131"
"2507783418","2626695100","0.896465"
"2626695100","2507783418","0.896465"
"2507783418","2800495244","1.34722"
"2800495244","2507783418","1.34722"
"2584293398","2626695100","6.53932"
"2626695100","2584293398","6.53932"
"2584293398","2800495244","2.20278"
"2800495244","2584293398","2.20278"
"2626695100","2800495244","0.277778"
"2800495244","2626695100","0.277778"
"1991594768","2598615178","0.333333"
"2598615178","1991594768","0.333333"
"1199354096","1969839198","0.566667"
"1969839198","1199354096","0.566667"
"1199354096","2024348445","0.801166"
"2024348445","1199354096","0.801166"
"1199354096","2072237376","0.759499"
"2072237376","1199354096","0.759499"
"1199354096","2073992193","1.2595"
"2073992193","1199354096","1.2595"
"1199354096","2507783418","2.20394"
"2507783418","1199354096","2.20394"
"1969839198","2024348445","1.00952"
"2024348445","1969839198","1.00952"
"1969839198","2072237376","0.566667"
"2072237376","1969839198","0.566667"
"1969839198","2073992193","0.87619"
"2073992193","1969839198","0.87619"
"1969839198","2507783418","0.709524"
"2507783418","1969839198","0.709524"
"2024348445","2072237376","1.04128"
"2072237376","2024348445","1.04128"
"2024348445","2073992193","1.46192"
"2073992193","2024348445","1.46192"
"2024348445","2507783418","0.884138"
"2507783418","2024348445","0.884138"
"2072237376","2073992193","8.9691"
"2073992193","2072237376","8.9691"
"2072237376","2507783418","1.9758"
"2507783418","2072237376","1.9758"
"2073992193","2507783418","2.61866"
"2507783418","2073992193","2.61866"
"1199354096","1990588199","0.6"
"1990588199","1199354096","0.6"
"1990588199","2507783418","0.814286"
"2507783418","1990588199","0.814286"
"1199354096","1838320885","0.661111"
"1838320885","1199354096","0.661111"
"1199354096","2051257608","0.25"
"2051257608","1199354096","0.25"
"1199354096","2151295706","3.1373"
"2151295706","1199354096","3.1373"
"1199354096","2160004527","0.25"
"2160004527","1199354096","0.25"
"1838320885","2051257608","0.611111"
"2051257608","1838320885","0.611111"
"1838320885","2151295706","7.83099"
"2151295706","1838320885","7.83099"
"1838320885","2160004527","0.785354"
"2160004527","1838320885","0.785354"
"2051257608","2151295706","0.611111"
"2151295706","2051257608","0.611111"
"2051257608","2160004527","4.36111"
"2160004527","2051257608","4.36111"
"2151295706","2160004527","1.11869"
"2160004527","2151295706","1.11869"
"1199354096","1971518768","0.340909"
"1971518768","1199354096","0.340909"
"1199354096","2072957930","0.69478"
"2072957930","1199354096","0.69478"
"1199354096","2148959739","1.45236"
"2148959739","1199354096","1.45236"
"1199354096","2553249525","0.340909"
"2553249525","1199354096","0.340909"
"1971518768","2072957930","0.25"
"2072957930","1971518768","0.25"
"1971518768","2148959739","0.340909"
"2148959739","1971518768","0.340909"
"1971518768","2553249525","17.9242"
"2553249525","1971518768","17.9242"
"2072957930","2148959739","16.9321"
"2148959739","2072957930","16.9321"
"2072957930","2553249525","0.25"
"2553249525","2072957930","0.25"
"2148959739","2553249525","0.340909"
"2553249525","2148959739","0.340909"
"1199354096","1814491495","0.66859"
"1814491495","1199354096","0.66859"
"1199354096","2029542641","0.301923"
"2029542641","1199354096","0.301923"
"1199354096","2047328790","0.167832"
"2047328790","1199354096","0.167832"
"1199354096","2049626361","2.31069"
"2049626361","1199354096","2.31069"
"1199354096","2098292500","0.901923"
"2098292500","1199354096","0.901923"
"1199354096","2244369150","0.553114"
"2244369150","1199354096","0.553114"
"1199354096","2503831216","0.167832"
"2503831216","1199354096","0.167832"
"1814491495","2024348445","0.859896"
"2024348445","1814491495","0.859896"
"1814491495","2029542641","0.77061"
"2029542641","1814491495","0.77061"
"1814491495","2047328790","0.434499"
"2047328790","1814491495","0.434499"
"1814491495","2049626361","0.682118"
"2049626361","1814491495","0.682118"
"1814491495","2072237376","1.9849"
"2072237376","1814491495","1.9849"
"1814491495","2072957930","0.613034"
"2072957930","1814491495","0.613034"
"1814491495","2073992193","4.49442"
"2073992193","1814491495","4.49442"
"1814491495","2098292500","1.73684"
"2098292500","1814491495","1.73684"
"1814491495","2148959739","0.703943"
"2148959739","1814491495","0.703943"
"1814491495","2244369150","0.0769231"
"2244369150","1814491495","0.0769231"
"2024348445","2029542641","0.64561"
"2029542641","2024348445","0.64561"
"2024348445","2047328790","0.525408"
"2047328790","2024348445","0.525408"
"2024348445","2049626361","0.573027"
"2049626361","2024348445","0.573027"
"2024348445","2072957930","0.488034"
"2072957930","2024348445","0.488034"
"2024348445","2098292500","0.60232"
"2098292500","2024348445","0.60232"
"2024348445","2148959739","0.669852"
"2148959739","2024348445","0.669852"
"2024348445","2244369150","0.610256"
"2244369150","2024348445","0.610256"
"2024348445","2503831216","0.525408"
"2503831216","2024348445","0.525408"
"2029542641","2047328790","2.60117"
"2047328790","2029542641","2.60117"
"2029542641","2049626361","0.167832"
"2049626361","2029542641","0.167832"
"2029542641","2072237376","0.603943"
"2072237376","2029542641","0.603943"
"2029542641","2072957930","0.413034"
"2072957930","2029542641","0.413034"
"2029542641","2073992193","0.77061"
"2073992193","2029542641","0.77061"
"2029542641","2098292500","0.413034"
"2098292500","2029542641","0.413034"
"2029542641","2148959739","0.503943"
"2148959739","2029542641","0.503943"
"2029542641","2244369150","0.0769231"
"2244369150","2029542641","0.0769231"
"2029542641","2503831216","1.60117"
"2503831216","2029542641","1.60117"
"2029542641","2507783418","0.503943"
"2507783418","2029542641","0.503943"
"2047328790","2049626361","1.04965"
"2049626361","2047328790","1.04965"
"2047328790","2072237376","1.14965"
"2072237376","2047328790","1.14965"
"2047328790","2072957930","0.410256"
"2072957930","2047328790","0.410256"
"2047328790","2073992193","1.31632"
"2073992193","2047328790","1.31632"
"2047328790","2098292500","0.0769231"
"2098292500","2047328790","0.0769231"
"2047328790","2148959739","0.882984"
"2148959739","2047328790","0.882984"
"2047328790","2244369150","0.0769231"
"2244369150","2047328790","0.0769231"
"2047328790","2503831216","11.3163"
"2503831216","2047328790","11.3163"
"2047328790","2507783418","0.258741"
"2507783418","2047328790","0.258741"
"2049626361","2072237376","1.38775"
"2072237376","2049626361","1.38775"
"2049626361","2072957930","0.46978"
"2072957930","2049626361","0.46978"
"2049626361","2073992193","1.87346"
"2073992193","2049626361","1.87346"
"2049626361","2098292500","1.35788"
"2098292500","2049626361","1.35788"
"2049626361","2148959739","0.942508"
"2148959739","2049626361","0.942508"
"2049626361","2244369150","0.46978"
"2244369150","2049626361","0.46978"
"2049626361","2503831216","1.04965"
"2503831216","2049626361","1.04965"
"2049626361","2507783418","0.573027"
"2507783418","2049626361","0.573027"
"2072237376","2072957930","0.755891"
"2072957930","2072237376","0.755891"
"2072237376","2098292500","2.04637"
"2098292500","2072237376","2.04637"
"2072237376","2148959739","1.22862"
"2148959739","2072237376","1.22862"
"2072237376","2244369150","0.0769231"
"2244369150","2072237376","0.0769231"
"2072237376","2503831216","1.14965"
"2503831216","2072237376","1.14965"
"2072957930","2073992193","0.755891"
"2073992193","2072957930","0.755891"
"2072957930","2098292500","0.555891"
"2098292500","2072957930","0.555891"
"2072957930","2244369150","0.66978"
"2244369150","2072957930","0.66978"
"2072957930","2503831216","0.410256"
"2503831216","2072957930","0.410256"
"2072957930","2507783418","0.413034"
"2507783418","2072957930","0.413034"
"2073992193","2098292500","2.18922"
"2098292500","2073992193","2.18922"
"2073992193","2148959739","1.22862"
"2148959739","2073992193","1.22862"
"2073992193","2244369150","1.07692"
"2244369150","2073992193","1.07692"
"2073992193","2503831216","1.31632"
"2503831216","2073992193","1.31632"
"2098292500","2148959739","0.889225"
"2148959739","2098292500","0.889225"
"2098292500","2244369150","0.0769231"
"2244369150","2098292500","0.0769231"
"2098292500","2503831216","0.0769231"
"2503831216","2098292500","0.0769231"
"2098292500","2507783418","3.75553"
"2507783418","2098292500","3.75553"
"2148959739","2244369150","0.66978"
"2244369150","2148959739","0.66978"
"2148959739","2503831216","0.882984"
"2503831216","2148959739","0.882984"
"2148959739","2507783418","0.594852"
"2507783418","2148959739","0.594852"
"2244369150","2503831216","0.0769231"
"2503831216","2244369150","0.0769231"
"2244369150","2507783418","0.0769231"
"2507783418","2244369150","0.0769231"
"1199354096","2074497748","1.12424"
"2074497748","1199354096","1.12424"
"2024348445","2074497748","1.23535"
"2074497748","2024348445","1.23535"
"2074497748","2244369150","0.833333"
"2244369150","2074497748","0.833333"
"1199354096","2107728664","0.253968"
"2107728664","1199354096","0.253968"
"1199354096","2477434690","0.111111"
"2477434690","1199354096","0.111111"
"1199354096","2739616518","0.111111"
"2739616518","1199354096","0.111111"
"1199354096","2751694342","0.211111"
"2751694342","1199354096","0.211111"
"1199354096","2761199966","0.211111"
"2761199966","1199354096","0.211111"
"1199354096","2800495244","1.21111"
"2800495244","1199354096","1.21111"
"1838320885","2107728664","1.72222"
"2107728664","1838320885","1.72222"
"1838320885","2477434690","0.277778"
"2477434690","1838320885","0.277778"
"1838320885","2507783418","0.736111"
"2507783418","1838320885","0.736111"
"1838320885","2739616518","0.111111"
"2739616518","1838320885","0.111111"
"1838320885","2751694342","0.447222"
"2751694342","1838320885","0.447222"
"1838320885","2761199966","0.211111"
"2761199966","1838320885","0.211111"
"1838320885","2800495244","0.836111"
"2800495244","1838320885","0.836111"
"2107728664","2151295706","1.7619"
"2151295706","2107728664","1.7619"
"2107728664","2477434690","0.277778"
"2477434690","2107728664","0.277778"
"2107728664","2507783418","1.11111"
"2507783418","2107728664","1.11111"
"2107728664","2739616518","0.111111"
"2739616518","2107728664","0.111111"
"2107728664","2751694342","0.47619"
"2751694342","2107728664","0.47619"
"2107728664","2761199966","0.111111"
"2761199966","2107728664","0.111111"
"2107728664","2800495244","0.111111"
"2800495244","2107728664","0.111111"
"2151295706","2477434690","0.277778"
"2477434690","2151295706","0.277778"
"2151295706","2507783418","0.430556"
"2507783418","2151295706","0.430556"
"2151295706","2739616518","0.111111"
"2739616518","2151295706","0.111111"
"2151295706","2751694342","0.812302"
"2751694342","2151295706","0.812302"
"2151295706","2761199966","0.294444"
"2761199966","2151295706","0.294444"
"2151295706","2800495244","0.336111"
"2800495244","2151295706","0.336111"
"2477434690","2507783418","0.111111"
"2507783418","2477434690","0.111111"
"2477434690","2739616518","0.611111"
"2739616518","2477434690","0.611111"
"2477434690","2751694342","0.111111"
"2751694342","2477434690","0.111111"
"2477434690","2761199966","0.111111"
"2761199966","2477434690","0.111111"
"2477434690","2800495244","0.561111"
"2800495244","2477434690","0.561111"
"2507783418","2739616518","0.444444"
"2739616518","2507783418","0.444444"
"2507783418","2751694342","0.974206"
"2751694342","2507783418","0.974206"
"2507783418","2761199966","0.95202"
"2761199966","2507783418","0.95202"
"2739616518","2751694342","0.444444"
"2751694342","2739616518","0.444444"
"2739616518","2761199966","0.444444"
"2761199966","2739616518","0.444444"
"2739616518","2800495244","0.111111"
"2800495244","2739616518","0.111111"
"2751694342","2761199966","1.87778"
"2761199966","2751694342","1.87778"
"2751694342","2800495244","0.669444"
"2800495244","2751694342","0.669444"
"2761199966","2800495244","1.54444"
"2800495244","2761199966","1.54444"
"1971518768","2024348445","0.0909091"
"2024348445","1971518768","0.0909091"
"1971518768","2047328790","0.0909091"
"2047328790","1971518768","0.0909091"
"1971518768","2049626361","0.0909091"
"2049626361","1971518768","0.0909091"
"1971518768","2072237376","0.0909091"
"2072237376","1971518768","0.0909091"
"1971518768","2073992193","0.0909091"
"2073992193","1971518768","0.0909091"
"1971518768","2074497748","0.0909091"
"2074497748","1971518768","0.0909091"
"1971518768","2503831216","0.0909091"
"2503831216","1971518768","0.0909091"
"1971518768","2507783418","0.0909091"
"2507783418","1971518768","0.0909091"
"2024348445","2553249525","0.0909091"
"2553249525","2024348445","0.0909091"
"2047328790","2074497748","0.0909091"
"2074497748","2047328790","0.0909091"
"2047328790","2553249525","0.0909091"
"2553249525","2047328790","0.0909091"
"2049626361","2074497748","0.233766"
"2074497748","2049626361","0.233766"
"2049626361","2553249525","0.0909091"
"2553249525","2049626361","0.0909091"
"2072237376","2074497748","0.683766"
"2074497748","2072237376","0.683766"
"2072237376","2553249525","0.0909091"
"2553249525","2072237376","0.0909091"
"2073992193","2074497748","1.08059"
"2074497748","2073992193","1.08059"
"2073992193","2553249525","0.0909091"
"2553249525","2073992193","0.0909091"
"2074497748","2148959739","0.0909091"
"2148959739","2074497748","0.0909091"
"2074497748","2503831216","0.0909091"
"2503831216","2074497748","0.0909091"
"2074497748","2507783418","0.0909091"
"2507783418","2074497748","0.0909091"
"2074497748","2553249525","0.0909091"
"2553249525","2074497748","0.0909091"
"2503831216","2553249525","0.0909091"
"2553249525","2503831216","0.0909091"
"2507783418","2553249525","0.0909091"
"2553249525","2507783418","0.0909091"
"1199354096","1466993011","0.1"
"1466993011","1199354096","0.1"
"1199354096","1817288885","0.933333"
"1817288885","1199354096","0.933333"
"1199354096","2584293398","0.1"
"2584293398","1199354096","0.1"
"1466993011","1817288885","2.83178"
"1817288885","1466993011","2.83178"
"1466993011","1838320885","0.225"
"1838320885","1466993011","0.225"
"1466993011","1990588199","0.371429"
"1990588199","1466993011","0.371429"
"1466993011","2098292500","1.55123"
"2098292500","1466993011","1.55123"
"1466993011","2151295706","0.419444"
"2151295706","1466993011","0.419444"
"1466993011","2584293398","1.31035"
"2584293398","1466993011","1.31035"
"1466993011","2751694342","0.396429"
"2751694342","1466993011","0.396429"
"1466993011","2761199966","0.274242"
"2761199966","1466993011","0.274242"
"1466993011","2800495244","0.425"
"2800495244","1466993011","0.425"
"1817288885","1838320885","0.225"
"1838320885","1817288885","0.225"
"1817288885","1990588199","0.871429"
"1990588199","1817288885","0.871429"
"1817288885","2098292500","1.10678"
"2098292500","1817288885","1.10678"
"1817288885","2151295706","0.752778"
"2151295706","1817288885","0.752778"
"1817288885","2584293398","1.11035"
"2584293398","1817288885","1.11035"
"1817288885","2751694342","0.396429"
"2751694342","1817288885","0.396429"
"1817288885","2761199966","0.274242"
"2761199966","1817288885","0.274242"
"1817288885","2800495244","0.225"
"2800495244","1817288885","0.225"
"1838320885","1990588199","0.444877"
"1990588199","1838320885","0.444877"
"1838320885","2098292500","0.1"
"2098292500","1838320885","0.1"
"1838320885","2584293398","0.367857"
"2584293398","1838320885","0.367857"
"1990588199","2098292500","1.49206"
"2098292500","1990588199","1.49206"
"1990588199","2151295706","2.48615"
"2151295706","1990588199","2.48615"
"1990588199","2584293398","0.842857"
"2584293398","1990588199","0.842857"
"1990588199","2751694342","0.914286"
"2751694342","1990588199","0.914286"
"1990588199","2761199966","0.1"
"2761199966","1990588199","0.1"
"1990588199","2800495244","0.1"
"2800495244","1990588199","0.1"
"2098292500","2151295706","0.405556"
"2151295706","2098292500","0.405556"
"2098292500","2584293398","0.485354"
"2584293398","2098292500","0.485354"
"2098292500","2751694342","0.549206"
"2751694342","2098292500","0.549206"
"2098292500","2761199966","0.474242"
"2761199966","2098292500","0.474242"
"2098292500","2800495244","0.1"
"2800495244","2098292500","0.1"
"2151295706","2584293398","0.562302"
"2584293398","2151295706","0.562302"
"2584293398","2751694342","0.325"
"2751694342","2584293398","0.325"
"2584293398","2761199966","0.607576"
"2761199966","2584293398","0.607576"
"1199354096","1785837166","0.433333"
"1785837166","1199354096","0.433333"
"1785837166","2098292500","2.31154"
"2098292500","1785837166","2.31154"
"1785837166","2148959739","0.57619"
"2148959739","1785837166","0.57619"
"1817288885","2148959739","0.333333"
"2148959739","1817288885","0.333333"
"2148959739","2151295706","0.9671"
"2151295706","2148959739","0.9671"
"1199354096","1801564529","0.333333"
"1801564529","1199354096","0.333333"
"1199354096","2186217864","0.333333"
"2186217864","1199354096","0.333333"
"1801564529","2186217864","16.9314"
"2186217864","1801564529","16.9314"
"1801564529","2507783418","0.495671"
"2507783418","1801564529","0.495671"
"2186217864","2507783418","0.495671"
"2507783418","2186217864","0.495671"
"1814491495","1969839198","0.87619"
"1969839198","1814491495","0.87619"
"1969839198","2098292500","0.620635"
"2098292500","1969839198","0.620635"
"1199354096","2126134647","0.4"
"2126134647","1199354096","0.4"
"1199354096","2146237507","0.4"
"2146237507","1199354096","0.4"
"1814491495","2074497748","0.2"
"2074497748","1814491495","0.2"
"1814491495","2126134647","0.2"
"2126134647","1814491495","0.2"
"1814491495","2146237507","0.2"
"2146237507","1814491495","0.2"
"1969839198","2074497748","1.03333"
"2074497748","1969839198","1.03333"
"1969839198","2126134647","0.533333"
"2126134647","1969839198","0.533333"
"1969839198","2146237507","0.644444"
"2146237507","1969839198","0.644444"
"2074497748","2126134647","2.31667"
"2126134647","2074497748","2.31667"
"2074497748","2146237507","0.983333"
"2146237507","2074497748","0.983333"
"2126134647","2146237507","27.0167"
"2146237507","2126134647","27.0167"
"1817288885","2074497748","1.5"
"2074497748","1817288885","1.5"
"1785837166","2024348445","0.314286"
"2024348445","1785837166","0.314286"
"1785837166","2029542641","0.1"
"2029542641","1785837166","0.1"
"1785837166","2072237376","0.7"
"2072237376","1785837166","0.7"
"1785837166","2072957930","0.242857"
"2072957930","1785837166","0.242857"
"1785837166","2073992193","0.842857"
"2073992193","1785837166","0.842857"
"1199354096","2438218466","0.2"
"2438218466","1199354096","0.2"
"1838320885","2126134647","0.65"
"2126134647","1838320885","0.65"
"1838320885","2146237507","0.65"
"2146237507","1838320885","0.65"
"1838320885","2438218466","0.894444"
"2438218466","1838320885","0.894444"
"2126134647","2151295706","0.983333"
"2151295706","2126134647","0.983333"
"2126134647","2438218466","0.2"
"2438218466","2126134647","0.2"
"2146237507","2151295706","0.761111"
"2151295706","2146237507","0.761111"
"2146237507","2438218466","0.2"
"2438218466","2146237507","0.2"
"2151295706","2438218466","0.977778"
"2438218466","2151295706","0.977778"
"1199354096","1990444226","0.142857"
"1990444226","1199354096","0.142857"
"1990444226","2049626361","0.233766"
"2049626361","1990444226","0.233766"
"1990444226","2072957930","0.142857"
"2072957930","1990444226","0.142857"
"1990444226","2107728664","0.142857"
"2107728664","1990444226","0.142857"
"1990444226","2148959739","0.233766"
"2148959739","1990444226","0.233766"
"1990444226","2151295706","0.233766"
"2151295706","1990444226","0.233766"
"1990444226","2244369150","0.142857"
"2244369150","1990444226","0.142857"
"2049626361","2107728664","0.535714"
"2107728664","2049626361","0.535714"
"2049626361","2151295706","0.576623"
"2151295706","2049626361","0.576623"
"2072957930","2107728664","0.392857"
"2107728664","2072957930","0.392857"
"2072957930","2151295706","0.542857"
"2151295706","2072957930","0.542857"
"2107728664","2148959739","0.392857"
"2148959739","2107728664","0.392857"
"2107728664","2244369150","0.892857"
"2244369150","2107728664","0.892857"
"2151295706","2244369150","0.342857"
"2244369150","2151295706","0.342857"
"140038270","1838320885","0.142857"
"1838320885","140038270","0.142857"
"140038270","1990588199","0.253968"
"1990588199","140038270","0.253968"
"140038270","2057135445","0.253968"
"2057135445","140038270","0.253968"
"140038270","2151295706","0.253968"
"2151295706","140038270","0.253968"
"140038270","2477849268","0.253968"
"2477849268","140038270","0.253968"
"140038270","2584293398","0.142857"
"2584293398","140038270","0.142857"
"140038270","2626695100","0.253968"
"2626695100","140038270","0.253968"
"1838320885","2057135445","1.17821"
"2057135445","1838320885","1.17821"
"1838320885","2477849268","0.142857"
"2477849268","1838320885","0.142857"
"1838320885","2626695100","0.142857"
"2626695100","1838320885","0.142857"
"1990588199","2057135445","5.4671"
"2057135445","1990588199","5.4671"
"1990588199","2477849268","0.253968"
"2477849268","1990588199","0.253968"
"1990588199","2626695100","0.253968"
"2626695100","1990588199","0.253968"
"2057135445","2151295706","2.08059"
"2151295706","2057135445","2.08059"
"2057135445","2477849268","0.539322"
"2477849268","2057135445","0.539322"
"2057135445","2584293398","1.02821"
"2584293398","2057135445","1.02821"
"2057135445","2626695100","0.539322"
"2626695100","2057135445","0.539322"
"2151295706","2477849268","0.448413"
"2477849268","2151295706","0.448413"
"2151295706","2626695100","0.448413"
"2626695100","2151295706","0.448413"
"140038270","2761199966","1"
"2761199966","140038270","1"
"140038270","1969839198","0.111111"
"1969839198","140038270","0.111111"
"140038270","2098292500","0.111111"
"2098292500","140038270","0.111111"
"140038270","2146237507","0.111111"
"2146237507","140038270","0.111111"
"140038270","2751694342","0.111111"
"2751694342","140038270","0.111111"
"1969839198","1990588199","0.111111"
"1990588199","1969839198","0.111111"
"1969839198","2057135445","0.111111"
"2057135445","1969839198","0.111111"
"1969839198","2151295706","0.111111"
"2151295706","1969839198","0.111111"
"1969839198","2477849268","0.111111"
"2477849268","1969839198","0.111111"
"1969839198","2626695100","0.111111"
"2626695100","1969839198","0.111111"
"1969839198","2751694342","0.111111"
"2751694342","1969839198","0.111111"
"1990588199","2146237507","0.111111"
"2146237507","1990588199","0.111111"
"2057135445","2098292500","3.74408"
"2098292500","2057135445","3.74408"
"2057135445","2146237507","0.111111"
"2146237507","2057135445","0.111111"
"2057135445","2751694342","0.814286"
"2751694342","2057135445","0.814286"
"2098292500","2146237507","0.111111"
"2146237507","2098292500","0.111111"
"2098292500","2477849268","0.796465"
"2477849268","2098292500","0.796465"
"2098292500","2626695100","0.796465"
"2626695100","2098292500","0.796465"
"2146237507","2477849268","0.111111"
"2477849268","2146237507","0.111111"
"2146237507","2626695100","0.111111"
"2626695100","2146237507","0.111111"
"2146237507","2751694342","0.111111"
"2751694342","2146237507","0.111111"
"2477849268","2751694342","0.111111"
"2751694342","2477849268","0.111111"
"2626695100","2751694342","0.111111"
"2751694342","2626695100","0.111111"
"140038270","2051257608","0.5"
"2051257608","140038270","0.5"
"140038270","2092144265","0.5"
"2092144265","140038270","0.5"
"2051257608","2092144265","0.75"
"2092144265","2051257608","0.75"
"1466993011","1785837166","0.581782"
"1785837166","1466993011","0.581782"
"1466993011","1877467562","0.707576"
"1877467562","1466993011","0.707576"
"1466993011","2057135445","1.34012"
"2057135445","1466993011","1.34012"
"1466993011","2438218466","0.174242"
"2438218466","1466993011","0.174242"
"1466993011","2477849268","0.485354"
"2477849268","1466993011","0.485354"
"1466993011","2507783418","1.14289"
"2507783418","1466993011","1.14289"
"1466993011","2626695100","0.285354"
"2626695100","1466993011","0.285354"
"1785837166","1817288885","0.581782"
"1817288885","1785837166","0.581782"
"1785837166","1877467562","2.35758"
"1877467562","1785837166","2.35758"
"1785837166","2057135445","1.04964"
"2057135445","1785837166","1.04964"
"1785837166","2438218466","1.57424"
"2438218466","1785837166","1.57424"
"1785837166","2761199966","1.87424"
"2761199966","1785837166","1.87424"
"1817288885","1877467562","0.374242"
"1877467562","1817288885","0.374242"
"1817288885","2057135445","1.50678"
"2057135445","1817288885","1.50678"
"1817288885","2438218466","0.174242"
"2438218466","1817288885","0.174242"
"1817288885","2477849268","0.285354"
"2477849268","1817288885","0.285354"
"1817288885","2507783418","1.03178"
"2507783418","1817288885","1.03178"
"1817288885","2626695100","0.285354"
"2626695100","1817288885","0.285354"
"1877467562","2057135445","2.32424"
"2057135445","1877467562","2.32424"
"1877467562","2098292500","2.89091"
"2098292500","1877467562","2.89091"
"1877467562","2438218466","0.574242"
"2438218466","1877467562","0.574242"
"1877467562","2477849268","0.907576"
"2477849268","1877467562","0.907576"
"1877467562","2507783418","1.65758"
"2507783418","1877467562","1.65758"
"1877467562","2584293398","0.174242"
"2584293398","1877467562","0.174242"
"1877467562","2626695100","0.907576"
"2626695100","1877467562","0.907576"
"1877467562","2761199966","0.374242"
"2761199966","1877467562","0.374242"
"2057135445","2438218466","0.485354"
"2438218466","2057135445","0.485354"
"2057135445","2507783418","1.83297"
"2507783418","2057135445","1.83297"
"2057135445","2761199966","0.174242"
"2761199966","2057135445","0.174242"
"2098292500","2438218466","0.574242"
"2438218466","2098292500","0.574242"
"2438218466","2477849268","1.04091"
"2477849268","2438218466","1.04091"
"2438218466","2507783418","0.540909"
"2507783418","2438218466","0.540909"
"2438218466","2584293398","0.840909"
"2584293398","2438218466","0.840909"
"2438218466","2626695100","1.04091"
"2626695100","2438218466","1.04091"
"2438218466","2761199966","0.174242"
"2761199966","2438218466","0.174242"
"2477849268","2761199966","2.20758"
"2761199966","2477849268","2.20758"
"2626695100","2761199966","2.70758"
"2761199966","2626695100","2.70758"
"1466993011","1801564529","0.271429"
"1801564529","1466993011","0.271429"
"1466993011","1814491495","0.38254"
"1814491495","1466993011","0.38254"
"1466993011","2024348445","0.38254"
"2024348445","1466993011","0.38254"
"1466993011","2029542641","0.211111"
"2029542641","1466993011","0.211111"
"1466993011","2047328790","0.1"
"2047328790","1466993011","0.1"
"1466993011","2072237376","0.38254"
"2072237376","1466993011","0.38254"
"1466993011","2073992193","0.38254"
"2073992193","1466993011","0.38254"
"1466993011","2186217864","0.271429"
"2186217864","1466993011","0.271429"
"1466993011","2503831216","0.1"
"2503831216","1466993011","0.1"
"1801564529","1814491495","0.462338"
"1814491495","1801564529","0.462338"
"1801564529","1817288885","0.271429"
"1817288885","1801564529","0.271429"
"1801564529","2024348445","0.362338"
"2024348445","1801564529","0.362338"
"1801564529","2029542641","0.190909"
"2029542641","1801564529","0.190909"
"1801564529","2047328790","0.190909"
"2047328790","1801564529","0.190909"
"1801564529","2072237376","1.38139"
"2072237376","1801564529","1.38139"
"1801564529","2073992193","1.58139"
"2073992193","1801564529","1.58139"
"1801564529","2503831216","0.357576"
"2503831216","1801564529","0.357576"
"1814491495","1817288885","1.27143"
"1817288885","1814491495","1.27143"
"1814491495","2186217864","0.262338"
"2186217864","1814491495","0.262338"
"1817288885","2024348445","0.271429"
"2024348445","1817288885","0.271429"
"1817288885","2029542641","0.1"
"2029542641","1817288885","0.1"
"1817288885","2047328790","0.1"
"2047328790","1817288885","0.1"
"1817288885","2072237376","0.271429"
"2072237376","1817288885","0.271429"
"1817288885","2073992193","0.271429"
"2073992193","1817288885","0.271429"
"1817288885","2186217864","0.271429"
"2186217864","1817288885","0.271429"
"1817288885","2503831216","0.1"
"2503831216","1817288885","0.1"
"2024348445","2186217864","0.362338"
"2186217864","2024348445","0.362338"
"2029542641","2186217864","0.190909"
"2186217864","2029542641","0.190909"
"2047328790","2186217864","0.190909"
"2186217864","2047328790","0.190909"
"2072237376","2186217864","1.21472"
"2186217864","2072237376","1.21472"
"2073992193","2186217864","1.21472"
"2186217864","2073992193","1.21472"
"2186217864","2503831216","0.357576"
"2503831216","2186217864","0.357576"
"1785837166","1838320885","0.125"
"1838320885","1785837166","0.125"
"1785837166","2151295706","0.319444"
"2151295706","1785837166","0.319444"
"1785837166","2751694342","0.196429"
"2751694342","1785837166","0.196429"
"1466993011","2049626361","0.271429"
"2049626361","1466993011","0.271429"
"1785837166","1801564529","0.357143"
"1801564529","1785837166","0.357143"
"1785837166","1990588199","0.314286"
"1990588199","1785837166","0.314286"
"1785837166","2049626361","0.314286"
"2049626361","1785837166","0.314286"
"1785837166","2186217864","0.357143"
"2186217864","1785837166","0.357143"
"1801564529","1990588199","0.704762"
"1990588199","1801564529","0.704762"
"1801564529","2049626361","0.995671"
"2049626361","1801564529","0.995671"
"1801564529","2057135445","0.904762"
"2057135445","1801564529","0.904762"
"1801564529","2098292500","0.990476"
"2098292500","1801564529","0.990476"
"1801564529","2751694342","0.338095"
"2751694342","1801564529","0.338095"
"1814491495","1990588199","0.314286"
"1990588199","1814491495","0.314286"
"1814491495","2057135445","0.514286"
"2057135445","1814491495","0.514286"
"1814491495","2751694342","0.0714286"
"2751694342","1814491495","0.0714286"
"1817288885","2049626361","0.271429"
"2049626361","1817288885","0.271429"
"1990588199","2024348445","0.48254"
"2024348445","1990588199","0.48254"
"1990588199","2049626361","1.37186"
"2049626361","1990588199","1.37186"
"1990588199","2072237376","0.571861"
"2072237376","1990588199","0.571861"
"1990588199","2073992193","0.968687"
"2073992193","1990588199","0.968687"
"1990588199","2186217864","0.538095"
"2186217864","1990588199","0.538095"
"2024348445","2057135445","0.28254"
"2057135445","2024348445","0.28254"
"2024348445","2751694342","0.28254"
"2751694342","2024348445","0.28254"
"2049626361","2057135445","1.57186"
"2057135445","2049626361","1.57186"
"2049626361","2186217864","0.629004"
"2186217864","2049626361","0.629004"
"2049626361","2751694342","0.338095"
"2751694342","2049626361","0.338095"
"2057135445","2072237376","0.571861"
"2072237376","2057135445","0.571861"
"2057135445","2073992193","1.16869"
"2073992193","2057135445","1.16869"
"2057135445","2186217864","0.538095"
"2186217864","2057135445","0.538095"
"2072237376","2751694342","0.0714286"
"2751694342","2072237376","0.0714286"
"2073992193","2751694342","0.325397"
"2751694342","2073992193","0.325397"
"2098292500","2186217864","0.82381"
"2186217864","2098292500","0.82381"
"2186217864","2751694342","0.338095"
"2751694342","2186217864","0.338095"
"1877467562","2151295706","0.616667"
"2151295706","1877467562","0.616667"
"1466993011","2477434690","0.2"
"2477434690","1466993011","0.2"
"1466993011","2553249525","0.2"
"2553249525","1466993011","0.2"
"2477434690","2477849268","0.45"
"2477849268","2477434690","0.45"
"2477434690","2553249525","0.2"
"2553249525","2477434690","0.2"
"2477434690","2584293398","0.2"
"2584293398","2477434690","0.2"
"2477849268","2553249525","0.2"
"2553249525","2477849268","0.2"
"2553249525","2584293398","0.2"
"2584293398","2553249525","0.2"
"2553249525","2800495244","0.2"
"2800495244","2553249525","0.2"
"1466993011","2072957930","0.111111"
"2072957930","1466993011","0.111111"
"1466993011","2148959739","0.111111"
"2148959739","1466993011","0.111111"
"1801564529","2584293398","0.1"
"2584293398","1801564529","0.1"
"2024348445","2584293398","1.1"
"2584293398","2024348445","1.1"
"2049626361","2584293398","0.1"
"2584293398","2049626361","0.1"
"2186217864","2584293398","0.1"
"2584293398","2186217864","0.1"
"1484653833","2125477920","4.5"
"2125477920","1484653833","4.5"
"1484653833","1974937649","0.5"
"1974937649","1484653833","0.5"
"1974937649","2125477920","1.5"
"2125477920","1974937649","1.5"
"1577981898","1974937649","3"
"1974937649","1577981898","3"
"1785837166","1965567194","3.25"
"1965567194","1785837166","3.25"
"1801564529","2072957930","0.142857"
"2072957930","1801564529","0.142857"
"1801564529","2148959739","0.233766"
"2148959739","1801564529","0.233766"
"2072957930","2186217864","0.142857"
"2186217864","2072957930","0.142857"
"2148959739","2186217864","0.233766"
"2186217864","2148959739","0.233766"
"1785837166","2074497748","0.142857"
"2074497748","1785837166","0.142857"
"1785837166","2107728664","0.142857"
"2107728664","1785837166","0.142857"
"1801564529","2074497748","0.142857"
"2074497748","1801564529","0.142857"
"1801564529","2107728664","0.309524"
"2107728664","1801564529","0.309524"
"2072237376","2107728664","1.92619"
"2107728664","2072237376","1.92619"
"2073992193","2107728664","2.82302"
"2107728664","2073992193","2.82302"
"2074497748","2098292500","0.142857"
"2098292500","2074497748","0.142857"
"2074497748","2107728664","2.60079"
"2107728664","2074497748","2.60079"
"2074497748","2186217864","0.142857"
"2186217864","2074497748","0.142857"
"2098292500","2107728664","0.142857"
"2107728664","2098292500","0.142857"
"2107728664","2186217864","0.309524"
"2186217864","2107728664","0.309524"
"1785837166","1969839198","0.142857"
"1969839198","1785837166","0.142857"
"1969839198","2049626361","0.142857"
"2049626361","1969839198","0.142857"
"1785837166","2522988508","0.25"
"2522988508","1785837166","0.25"
"1965567194","2477849268","0.25"
"2477849268","1965567194","0.25"
"1965567194","2522988508","1.75"
"2522988508","1965567194","1.75"
"1965567194","2626695100","1.25"
"2626695100","1965567194","1.25"
"2477849268","2522988508","0.75"
"2522988508","2477849268","0.75"
"2522988508","2626695100","0.75"
"2626695100","2522988508","0.75"
"1794858913","2246556760","0.72619"
"2246556760","1794858913","0.72619"
"1794858913","2477434690","0.142857"
"2477434690","1794858913","0.142857"
"1794858913","2523548013","0.47619"
"2523548013","1794858913","0.47619"
"1794858913","2582756154","2.80952"
"2582756154","1794858913","2.80952"
"1794858913","2744761239","0.892857"
"2744761239","1794858913","0.892857"
"1794858913","2756011111","3.05952"
"2756011111","1794858913","3.05952"
"1794858913","2778008099","20.3929"
"2778008099","1794858913","20.3929"
"2246556760","2477434690","0.142857"
"2477434690","2246556760","0.142857"
"2246556760","2523548013","0.142857"
"2523548013","2246556760","0.142857"
"2246556760","2582756154","2.47619"
"2582756154","2246556760","2.47619"
"2246556760","2744761239","3.89286"
"2744761239","2246556760","3.89286"
"2246556760","2756011111","0.892857"
"2756011111","2246556760","0.892857"
"2246556760","2778008099","0.72619"
"2778008099","2246556760","0.72619"
"2477434690","2523548013","0.642857"
"2523548013","2477434690","0.642857"
"2477434690","2582756154","0.142857"
"2582756154","2477434690","0.142857"
"2477434690","2744761239","0.142857"
"2744761239","2477434690","0.142857"
"2477434690","2756011111","0.142857"
"2756011111","2477434690","0.142857"
"2477434690","2778008099","0.142857"
"2778008099","2477434690","0.142857"
"2523548013","2582756154","0.142857"
"2582756154","2523548013","0.142857"
"2523548013","2744761239","0.142857"
"2744761239","2523548013","0.142857"
"2523548013","2756011111","0.47619"
"2756011111","2523548013","0.47619"
"2523548013","2778008099","0.47619"
"2778008099","2523548013","0.47619"
"2582756154","2744761239","3.64286"
"2744761239","2582756154","3.64286"
"2582756154","2756011111","0.97619"
"2756011111","2582756154","0.97619"
"2582756154","2778008099","1.80952"
"2778008099","2582756154","1.80952"
"2744761239","2756011111","3.39286"
"2756011111","2744761239","3.39286"
"2744761239","2778008099","1.89286"
"2778008099","2744761239","1.89286"
"2756011111","2778008099","3.05952"
"2778008099","2756011111","3.05952"
"1794858913","2054745418","0.5"
"2054745418","1794858913","0.5"
"2054745418","2778008099","1.5"
"2778008099","2054745418","1.5"
"1801564529","1838320885","0.166667"
"1838320885","1801564529","0.166667"
"1801564529","2151295706","0.366667"
"2151295706","1801564529","0.366667"
"1801564529","2477434690","0.416667"
"2477434690","1801564529","0.416667"
"1838320885","2186217864","0.166667"
"2186217864","1838320885","0.166667"
"1838320885","2503831216","0.257576"
"2503831216","1838320885","0.257576"
"2107728664","2503831216","0.166667"
"2503831216","2107728664","0.166667"
"2151295706","2186217864","0.166667"
"2186217864","2151295706","0.166667"
"2151295706","2503831216","0.257576"
"2503831216","2151295706","0.257576"
"2186217864","2477434690","0.416667"
"2477434690","2186217864","0.416667"
"2477434690","2503831216","0.166667"
"2503831216","2477434690","0.166667"
"1801564529","2146237507","0.5"
"2146237507","1801564529","0.5"
"2146237507","2186217864","0.5"
"2186217864","2146237507","0.5"
"1801564529","2477849268","0.25"
"2477849268","1801564529","0.25"
"1801564529","2800495244","0.25"
"2800495244","1801564529","0.25"
"2186217864","2477849268","0.25"
