"1042718632","1501546233","0.283333"
"1501546233","1042718632","0.283333"
"1042718632","1598707686","0.0833333"
"1598707686","1042718632","0.0833333"
"1042718632","2096028200","0.194444"
"2096028200","1042718632","0.194444"
"1042718632","2116288860","0.0833333"
"2116288860","1042718632","0.0833333"
"1042718632","2126912840","0.416667"
"2126912840","1042718632","0.416667"
"1042718632","2133992441","0.194444"
"2133992441","1042718632","0.194444"
"1042718632","2134692995","0.416667"
"2134692995","1042718632","0.416667"
"1042718632","2136803152","1.08333"
"2136803152","1042718632","1.08333"
"1042718632","2146871965","0.0833333"
"2146871965","1042718632","0.0833333"
"1042718632","2165569531","0.0833333"
"2165569531","1042718632","0.0833333"
"1042718632","2168867570","0.194444"
"2168867570","1042718632","0.194444"
"1042718632","2304528888","1.41667"
"2304528888","1042718632","1.41667"
"1501546233","1598707686","0.22619"
"1598707686","1501546233","0.22619"
"1501546233","2096028200","0.0833333"
"2096028200","1501546233","0.0833333"
"1501546233","2116288860","0.0833333"
"2116288860","1501546233","0.0833333"
"1501546233","2126912840","0.0833333"
"2126912840","1501546233","0.0833333"
"1501546233","2133992441","1.39286"
"2133992441","1501546233","1.39286"
"1501546233","2134692995","0.0833333"
"2134692995","1501546233","0.0833333"
"1501546233","2136803152","0.0833333"
"2136803152","1501546233","0.0833333"
"1501546233","2146871965","8.58333"
"2146871965","1501546233","8.58333"
"1501546233","2165569531","1.45"
"2165569531","1501546233","1.45"
"1501546233","2168867570","0.0833333"
"2168867570","1501546233","0.0833333"
"1501546233","2304528888","0.0833333"
"2304528888","1501546233","0.0833333"
"1598707686","2096028200","0.0833333"
"2096028200","1598707686","0.0833333"
"1598707686","2116288860","0.283333"
"2116288860","1598707686","0.283333"
"1598707686","2126912840","0.0833333"
"2126912840","1598707686","0.0833333"
"1598707686","2133992441","0.392857"
"2133992441","1598707686","0.392857"
"1598707686","2134692995","0.194444"
"2134692995","1598707686","0.194444"
"1598707686","2136803152","0.283333"
"2136803152","1598707686","0.283333"
"1598707686","2146871965","0.0833333"
"2146871965","1598707686","0.0833333"
"1598707686","2165569531","0.25"
"2165569531","1598707686","0.25"
"1598707686","2168867570","0.0833333"
"2168867570","1598707686","0.0833333"
"1598707686","2304528888","0.194444"
"2304528888","1598707686","0.194444"
"2096028200","2116288860","0.0833333"
"2116288860","2096028200","0.0833333"
"2096028200","2126912840","0.0833333"
"2126912840","2096028200","0.0833333"
"2096028200","2133992441","0.194444"
"2133992441","2096028200","0.194444"
"2096028200","2134692995","0.0833333"
"2134692995","2096028200","0.0833333"
"2096028200","2136803152","0.0833333"
"2136803152","2096028200","0.0833333"
"2096028200","2146871965","0.0833333"
"2146871965","2096028200","0.0833333"
"2096028200","2165569531","0.0833333"
"2165569531","2096028200","0.0833333"
"2096028200","2168867570","0.194444"
"2168867570","2096028200","0.194444"
"2096028200","2304528888","0.0833333"
"2304528888","2096028200","0.0833333"
"2116288860","2126912840","0.0833333"
"2126912840","2116288860","0.0833333"
"2116288860","2133992441","0.0833333"
"2133992441","2116288860","0.0833333"
"2116288860","2134692995","0.0833333"
"2134692995","2116288860","0.0833333"
"2116288860","2136803152","0.283333"
"2136803152","2116288860","0.283333"
"2116288860","2146871965","0.0833333"
"2146871965","2116288860","0.0833333"
"2116288860","2165569531","0.0833333"
"2165569531","2116288860","0.0833333"
"2116288860","2168867570","0.0833333"
"2168867570","2116288860","0.0833333"
"2116288860","2304528888","0.0833333"
"2304528888","2116288860","0.0833333"
"2126912840","2133992441","0.0833333"
"2133992441","2126912840","0.0833333"
"2126912840","2134692995","0.916667"
"2134692995","2126912840","0.916667"
"2126912840","2136803152","1.08333"
"2136803152","2126912840","1.08333"
"2126912840","2146871965","0.0833333"
"2146871965","2126912840","0.0833333"
"2126912840","2165569531","0.0833333"
"2165569531","2126912840","0.0833333"
"2126912840","2168867570","0.0833333"
"2168867570","2126912840","0.0833333"
"2126912840","2304528888","3.91667"
"2304528888","2126912840","3.91667"
"2133992441","2134692995","0.0833333"
"2134692995","2133992441","0.0833333"
"2133992441","2136803152","0.583333"
"2136803152","2133992441","0.583333"
"2133992441","2146871965","0.95"
"2146871965","2133992441","0.95"
"2133992441","2165569531","0.416667"
"2165569531","2133992441","0.416667"
"2133992441","2168867570","0.194444"
"2168867570","2133992441","0.194444"
"2133992441","2304528888","0.0833333"
"2304528888","2133992441","0.0833333"
"2134692995","2136803152","0.0833333"
"2136803152","2134692995","0.0833333"
"2134692995","2146871965","0.0833333"
"2146871965","2134692995","0.0833333"
"2134692995","2165569531","0.0833333"
"2165569531","2134692995","0.0833333"
"2134692995","2168867570","0.0833333"
"2168867570","2134692995","0.0833333"
"2134692995","2304528888","1.02778"
"2304528888","2134692995","1.02778"
"2136803152","2146871965","0.0833333"
"2146871965","2136803152","0.0833333"
"2136803152","2165569531","0.0833333"
"2165569531","2136803152","0.0833333"
"2136803152","2168867570","0.0833333"
"2168867570","2136803152","0.0833333"
"2136803152","2304528888","0.0833333"
"2304528888","2136803152","0.0833333"
"2146871965","2165569531","2.75"
"2165569531","2146871965","2.75"
"2146871965","2168867570","0.0833333"
"2168867570","2146871965","0.0833333"
"2146871965","2304528888","0.0833333"
"2304528888","2146871965","0.0833333"
"2165569531","2168867570","0.0833333"
"2168867570","2165569531","0.0833333"
"2165569531","2304528888","0.0833333"
"2304528888","2165569531","0.0833333"
"2168867570","2304528888","0.0833333"
"2304528888","2168867570","0.0833333"
"1042718632","2167309441","1.11111"
"2167309441","1042718632","1.11111"
"1042718632","1539746399","0.111111"
"1539746399","1042718632","0.111111"
"1042718632","1623284047","0.111111"
"1623284047","1042718632","0.111111"
"1042718632","1845814381","0.611111"
"1845814381","1042718632","0.611111"
"1042718632","2050402574","0.111111"
"2050402574","1042718632","0.111111"
"1042718632","2113440438","0.111111"
"2113440438","1042718632","0.111111"
"1539746399","1623284047","0.40202"
"1623284047","1539746399","0.40202"
"1539746399","1845814381","0.111111"
"1845814381","1539746399","0.111111"
"1539746399","2050402574","0.260844"
"2050402574","1539746399","0.260844"
"1539746399","2096028200","0.111111"
"2096028200","1539746399","0.111111"
"1539746399","2113440438","17.9692"
"2113440438","1539746399","17.9692"
"1539746399","2133992441","0.111111"
"2133992441","1539746399","0.111111"
"1539746399","2167309441","0.111111"
"2167309441","1539746399","0.111111"
"1539746399","2168867570","0.111111"
"2168867570","1539746399","0.111111"
"1623284047","1845814381","0.299145"
"1845814381","1623284047","0.299145"
"1623284047","2050402574","0.4218"
"2050402574","1623284047","0.4218"
"1623284047","2096028200","0.111111"
"2096028200","1623284047","0.111111"
"1623284047","2113440438","0.20202"
"2113440438","1623284047","0.20202"
"1623284047","2133992441","0.188034"
"2133992441","1623284047","0.188034"
"1623284047","2167309441","0.222222"
"2167309441","1623284047","0.222222"
"1623284047","2168867570","0.111111"
"2168867570","1623284047","0.111111"
"1845814381","2050402574","0.188034"
"2050402574","1845814381","0.188034"
"1845814381","2096028200","0.111111"
"2096028200","1845814381","0.111111"
"1845814381","2113440438","0.111111"
"2113440438","1845814381","0.111111"
"1845814381","2133992441","0.888034"
"2133992441","1845814381","0.888034"
"1845814381","2167309441","1.22222"
"2167309441","1845814381","1.22222"
"1845814381","2168867570","0.211111"
"2168867570","1845814381","0.211111"
"2050402574","2096028200","0.111111"
"2096028200","2050402574","0.111111"
"2050402574","2113440438","0.460844"
"2113440438","2050402574","0.460844"
"2050402574","2133992441","0.330891"
"2133992441","2050402574","0.330891"
"2050402574","2167309441","0.253968"
"2167309441","2050402574","0.253968"
"2050402574","2168867570","0.111111"
"2168867570","2050402574","0.111111"
"2096028200","2113440438","0.111111"
"2113440438","2096028200","0.111111"
"2096028200","2167309441","0.111111"
"2167309441","2096028200","0.111111"
"2113440438","2133992441","0.111111"
"2133992441","2113440438","0.111111"
"2113440438","2167309441","0.111111"
"2167309441","2113440438","0.111111"
"2113440438","2168867570","0.111111"
"2168867570","2113440438","0.111111"
"2133992441","2167309441","0.396825"
"2167309441","2133992441","0.396825"
"2167309441","2168867570","0.611111"
"2168867570","2167309441","0.611111"
"1042718632","1963829561","1"
"1963829561","1042718632","1"
"1042718632","1628054318","0.7"
"1628054318","1042718632","0.7"
"1628054318","2136803152","0.790909"
"2136803152","1628054318","0.790909"
"1845814381","2136803152","1"
"2136803152","1845814381","1"
"1042718632","1586700544","0.2"
"1586700544","1042718632","0.2"
"1042718632","1593611264","0.2"
"1593611264","1042718632","0.2"
"1042718632","2113795209","0.2"
"2113795209","1042718632","0.2"
"1501546233","1586700544","0.7"
"1586700544","1501546233","0.7"
"1501546233","1593611264","0.2"
"1593611264","1501546233","0.2"
"1501546233","1628054318","1.84286"
"1628054318","1501546233","1.84286"
"1501546233","2113795209","0.366667"
"2113795209","1501546233","0.366667"
"1586700544","1593611264","0.2"
"1593611264","1586700544","0.2"
"1586700544","1628054318","0.2"
"1628054318","1586700544","0.2"
"1586700544","2113795209","0.533333"
"2113795209","1586700544","0.533333"
"1593611264","1628054318","0.325"
"1628054318","1593611264","0.325"
"1593611264","2113795209","0.2"
"2113795209","1593611264","0.2"
"1628054318","2113795209","0.2"
"2113795209","1628054318","0.2"
"1042718632","2020718817","1"
"2020718817","1042718632","1"
"117380462","1845814381","0.2"
"1845814381","117380462","0.2"
"117380462","2052000230","0.258824"
"2052000230","117380462","0.258824"
"117380462","2105783830","0.258824"
"2105783830","117380462","0.258824"
"117380462","2133992441","0.2"
"2133992441","117380462","0.2"
"117380462","2146871965","0.2"
"2146871965","117380462","0.2"
"1845814381","2052000230","0.2"
"2052000230","1845814381","0.2"
"1845814381","2105783830","0.2"
"2105783830","1845814381","0.2"
"1845814381","2146871965","0.2"
"2146871965","1845814381","0.2"
"2052000230","2105783830","2.69662"
"2105783830","2052000230","2.69662"
"2052000230","2133992441","0.2"
"2133992441","2052000230","0.2"
"2052000230","2146871965","0.2"
"2146871965","2052000230","0.2"
"2105783830","2133992441","0.2"
"2133992441","2105783830","0.2"
"2105783830","2146871965","0.2"
"2146871965","2105783830","0.2"
"117380462","2054977846","0.308824"
"2054977846","117380462","0.308824"
"117380462","2118420309","0.308824"
"2118420309","117380462","0.308824"
"117380462","2137047010","0.25"
"2137047010","117380462","0.25"
"117380462","2141201603","0.308824"
"2141201603","117380462","0.308824"
"2054977846","2118420309","2.73575"
"2118420309","2054977846","2.73575"
"2054977846","2137047010","0.25"
"2137047010","2054977846","0.25"
"2054977846","2141201603","0.385747"
"2141201603","2054977846","0.385747"
"2118420309","2137047010","0.25"
"2137047010","2118420309","0.25"
"2118420309","2141201603","0.84408"
"2141201603","2118420309","0.84408"
"2137047010","2141201603","0.25"
"2141201603","2137047010","0.25"
"117380462","1628054318","1.05882"
"1628054318","117380462","1.05882"
"117380462","2005294818","0.0588235"
"2005294818","117380462","0.0588235"
"117380462","2007171636","0.0588235"
"2007171636","117380462","0.0588235"
"117380462","2050402574","0.0588235"
"2050402574","117380462","0.0588235"
"117380462","2097877306","0.0588235"
"2097877306","117380462","0.0588235"
"117380462","2104990432","0.0588235"
"2104990432","117380462","0.0588235"
"117380462","2105163415","0.0588235"
"2105163415","117380462","0.0588235"
"117380462","2126839335","0.0588235"
"2126839335","117380462","0.0588235"
"117380462","2139372442","0.0588235"
"2139372442","117380462","0.0588235"
"117380462","2346420912","0.0588235"
"2346420912","117380462","0.0588235"
"117380462","2520193009","0.0588235"
"2520193009","117380462","0.0588235"
"117380462","2562021322","0.0588235"
"2562021322","117380462","0.0588235"
"1628054318","2005294818","2.99216"
"2005294818","1628054318","2.99216"
"1628054318","2007171636","3.04781"
"2007171636","1628054318","3.04781"
"1628054318","2050402574","1.89778"
"2050402574","1628054318","1.89778"
"1628054318","2052000230","2.57876"
"2052000230","1628054318","2.57876"
"1628054318","2054977846","0.235747"
"2054977846","1628054318","0.235747"
"1628054318","2097877306","0.158824"
"2097877306","1628054318","0.158824"
"1628054318","2104990432","0.0588235"
"2104990432","1628054318","0.0588235"
"1628054318","2105163415","0.969667"
"2105163415","1628054318","0.969667"
"1628054318","2105783830","0.687092"
"2105783830","1628054318","0.687092"
"1628054318","2118420309","0.860747"
"2118420309","1628054318","0.860747"
"1628054318","2126839335","2.18709"
"2126839335","1628054318","2.18709"
"1628054318","2139372442","0.6711"
"2139372442","1628054318","0.6711"
"1628054318","2141201603","0.403604"
"2141201603","1628054318","0.403604"
"1628054318","2346420912","0.217647"
"2346420912","1628054318","0.217647"
"1628054318","2520193009","0.635014"
"2520193009","1628054318","0.635014"
"1628054318","2562021322","0.56908"
"2562021322","1628054318","0.56908"
"2005294818","2007171636","0.0588235"
"2007171636","2005294818","0.0588235"
"2005294818","2050402574","0.0588235"
"2050402574","2005294818","0.0588235"
"2005294818","2052000230","0.0588235"
"2052000230","2005294818","0.0588235"
"2005294818","2054977846","0.408824"
"2054977846","2005294818","0.408824"
"2005294818","2097877306","0.158824"
"2097877306","2005294818","0.158824"
"2005294818","2104990432","0.0588235"
"2104990432","2005294818","0.0588235"
"2005294818","2105163415","0.0588235"
"2105163415","2005294818","0.0588235"
"2005294818","2105783830","0.0588235"
"2105783830","2005294818","0.0588235"
"2005294818","2118420309","0.742157"
"2118420309","2005294818","0.742157"
"2005294818","2126839335","0.558824"
"2126839335","2005294818","0.558824"
"2005294818","2139372442","0.0588235"
"2139372442","2005294818","0.0588235"
"2005294818","2141201603","0.392157"
"2141201603","2005294818","0.392157"
"2005294818","2346420912","0.158824"
"2346420912","2005294818","0.158824"
"2005294818","2520193009","3.07549"
"2520193009","2005294818","3.07549"
"2005294818","2562021322","2.74216"
"2562021322","2005294818","2.74216"
"2007171636","2050402574","0.260504"
"2050402574","2007171636","0.260504"
"2007171636","2052000230","0.317647"
"2052000230","2007171636","0.317647"
"2007171636","2054977846","0.258824"
"2054977846","2007171636","0.258824"
"2007171636","2097877306","1.05882"
"2097877306","2007171636","1.05882"
"2007171636","2104990432","0.0588235"
"2104990432","2007171636","0.0588235"
"2007171636","2105163415","0.117647"
"2105163415","2007171636","0.117647"
"2007171636","2105783830","0.117647"
"2105783830","2007171636","0.117647"
"2007171636","2118420309","0.0588235"
"2118420309","2007171636","0.0588235"
"2007171636","2126839335","0.117647"
"2126839335","2007171636","0.117647"
"2007171636","2139372442","0.392157"
"2139372442","2007171636","0.392157"
"2007171636","2141201603","0.201681"
"2141201603","2007171636","0.201681"
"2007171636","2346420912","0.117647"
"2346420912","2007171636","0.117647"
"2007171636","2520193009","0.201681"
"2520193009","2007171636","0.201681"
"2007171636","2562021322","0.0588235"
"2562021322","2007171636","0.0588235"
"2050402574","2052000230","0.896615"
"2052000230","2050402574","0.896615"
"2050402574","2054977846","0.135747"
"2054977846","2050402574","0.135747"
"2050402574","2097877306","0.0588235"
"2097877306","2050402574","0.0588235"
"2050402574","2104990432","0.0588235"
"2104990432","2050402574","0.0588235"
"2050402574","2105163415","0.519667"
"2105163415","2050402574","0.519667"
"2050402574","2105783830","0.829949"
"2105783830","2050402574","0.829949"
"2050402574","2118420309","0.260747"
"2118420309","2050402574","0.260747"
"2050402574","2126839335","1.18709"
"2126839335","2050402574","1.18709"
"2050402574","2139372442","0.480624"
"2139372442","2050402574","0.480624"
"2050402574","2141201603","0.260747"
"2141201603","2050402574","0.260747"
"2050402574","2346420912","0.117647"
"2346420912","2050402574","0.117647"
"2050402574","2520193009","0.0588235"
"2520193009","2050402574","0.0588235"
"2050402574","2562021322","0.135747"
"2562021322","2050402574","0.135747"
"2052000230","2054977846","0.258824"
"2054977846","2052000230","0.258824"
"2052000230","2097877306","0.0588235"
"2097877306","2052000230","0.0588235"
"2052000230","2104990432","0.0588235"
"2104990432","2052000230","0.0588235"
"2052000230","2105163415","0.678758"
"2105163415","2052000230","0.678758"
"2052000230","2118420309","0.183824"
"2118420309","2052000230","0.183824"
"2052000230","2126839335","2.55376"
"2126839335","2052000230","2.55376"
"2052000230","2139372442","0.312792"
"2139372442","2052000230","0.312792"
"2052000230","2141201603","0.183824"
"2141201603","2052000230","0.183824"
"2052000230","2346420912","0.117647"
"2346420912","2052000230","0.117647"
"2052000230","2520193009","0.0588235"
"2520193009","2052000230","0.0588235"
"2052000230","2562021322","0.0588235"
"2562021322","2052000230","0.0588235"
"2054977846","2097877306","0.158824"
"2097877306","2054977846","0.158824"
"2054977846","2104990432","1.05882"
"2104990432","2054977846","1.05882"
"2054977846","2105163415","0.0588235"
"2105163415","2054977846","0.0588235"
"2054977846","2105783830","0.0588235"
"2105783830","2054977846","0.0588235"
"2054977846","2126839335","0.0588235"
"2126839335","2054977846","0.0588235"
"2054977846","2139372442","0.135747"
"2139372442","2054977846","0.135747"
"2054977846","2346420912","0.158824"
"2346420912","2054977846","0.158824"
"2054977846","2520193009","0.408824"
"2520193009","2054977846","0.408824"
"2054977846","2562021322","0.485747"
"2562021322","2054977846","0.485747"
"2097877306","2104990432","1.05882"
"2104990432","2097877306","1.05882"
"2097877306","2105163415","0.0588235"
"2105163415","2097877306","0.0588235"
"2097877306","2105783830","0.0588235"
"2105783830","2097877306","0.0588235"
"2097877306","2118420309","0.158824"
"2118420309","2097877306","0.158824"
"2097877306","2126839335","0.0588235"
"2126839335","2097877306","0.0588235"
"2097877306","2139372442","0.0588235"
"2139372442","2097877306","0.0588235"
"2097877306","2141201603","1.05882"
"2141201603","2097877306","1.05882"
"2097877306","2346420912","0.158824"
"2346420912","2097877306","0.158824"
"2097877306","2520193009","0.158824"
"2520193009","2097877306","0.158824"
"2097877306","2562021322","0.158824"
"2562021322","2097877306","0.158824"
"2104990432","2105163415","0.0588235"
"2105163415","2104990432","0.0588235"
"2104990432","2105783830","0.0588235"
"2105783830","2104990432","0.0588235"
"2104990432","2118420309","1.05882"
"2118420309","2104990432","1.05882"
"2104990432","2126839335","0.0588235"
"2126839335","2104990432","0.0588235"
"2104990432","2139372442","1.05882"
"2139372442","2104990432","1.05882"
"2104990432","2141201603","0.0588235"
"2141201603","2104990432","0.0588235"
"2104990432","2346420912","0.0588235"
"2346420912","2104990432","0.0588235"
"2104990432","2520193009","0.0588235"
"2520193009","2104990432","0.0588235"
"2104990432","2562021322","1.05882"
"2562021322","2104990432","1.05882"
"2105163415","2105783830","0.228758"
"2105783830","2105163415","0.228758"
"2105163415","2118420309","0.0588235"
"2118420309","2105163415","0.0588235"
"2105163415","2126839335","1.22876"
"2126839335","2105163415","1.22876"
"2105163415","2139372442","0.260844"
"2139372442","2105163415","0.260844"
"2105163415","2141201603","0.0588235"
"2141201603","2105163415","0.0588235"
"2105163415","2346420912","0.117647"
"2346420912","2105163415","0.117647"
"2105163415","2520193009","0.0588235"
"2520193009","2105163415","0.0588235"
"2105163415","2562021322","0.0588235"
"2562021322","2105163415","0.0588235"
"2105783830","2118420309","0.183824"
"2118420309","2105783830","0.183824"
"2105783830","2126839335","0.687092"
"2126839335","2105783830","0.687092"
"2105783830","2139372442","0.312792"
"2139372442","2105783830","0.312792"
"2105783830","2141201603","0.183824"
"2141201603","2105783830","0.183824"
"2105783830","2346420912","0.117647"
"2346420912","2105783830","0.117647"
"2105783830","2520193009","0.0588235"
"2520193009","2105783830","0.0588235"
"2105783830","2562021322","0.0588235"
"2562021322","2105783830","0.0588235"
"2118420309","2126839335","0.683824"
"2126839335","2118420309","0.683824"
"2118420309","2139372442","0.135747"
"2139372442","2118420309","0.135747"
"2118420309","2346420912","0.658824"
"2346420912","2118420309","0.658824"
"2118420309","2520193009","1.24216"
"2520193009","2118420309","1.24216"
"2118420309","2562021322","1.98575"
"2562021322","2118420309","1.98575"
"2126839335","2139372442","0.169935"
"2139372442","2126839335","0.169935"
"2126839335","2141201603","0.183824"
"2141201603","2126839335","0.183824"
"2126839335","2346420912","0.117647"
"2346420912","2126839335","0.117647"
"2126839335","2520193009","0.0588235"
"2520193009","2126839335","0.0588235"
"2126839335","2562021322","0.0588235"
"2562021322","2126839335","0.0588235"
"2139372442","2141201603","0.135747"
"2141201603","2139372442","0.135747"
"2139372442","2346420912","0.0588235"
"2346420912","2139372442","0.0588235"
"2139372442","2520193009","0.0588235"
"2520193009","2139372442","0.0588235"
"2139372442","2562021322","0.135747"
"2562021322","2139372442","0.135747"
"2141201603","2346420912","0.0588235"
"2346420912","2141201603","0.0588235"
"2141201603","2520193009","1.53501"
"2520193009","2141201603","1.53501"
"2141201603","2562021322","0.135747"
"2562021322","2141201603","0.135747"
"2346420912","2520193009","0.158824"
"2520193009","2346420912","0.158824"
"2346420912","2562021322","0.158824"
"2562021322","2346420912","0.158824"
"2520193009","2562021322","1.24216"
"2562021322","2520193009","1.24216"
"142986263","1501546233","0.2"
"1501546233","142986263","0.2"
"142986263","2007171636","0.2"
"2007171636","142986263","0.2"
"142986263","2052000230","0.2"
"2052000230","142986263","0.2"
"142986263","2054977846","0.276923"
"2054977846","142986263","0.276923"
"142986263","2165569531","0.2"
"2165569531","142986263","0.2"
"1501546233","2007171636","0.67619"
"2007171636","1501546233","0.67619"
"1501546233","2052000230","0.2"
"2052000230","1501546233","0.2"
"1501546233","2054977846","0.2"
"2054977846","1501546233","0.2"
"2007171636","2165569531","1.03333"
"2165569531","2007171636","1.03333"
"2052000230","2165569531","0.2"
"2165569531","2052000230","0.2"
"2054977846","2165569531","0.2"
"2165569531","2054977846","0.2"
"142986263","2167060800","1.5"
"2167060800","142986263","1.5"
"142986263","1623284047","0.0769231"
"1623284047","142986263","0.0769231"
"142986263","1628054318","0.0769231"
"1628054318","142986263","0.0769231"
"142986263","1845814381","0.0769231"
"1845814381","142986263","0.0769231"
"142986263","1981732549","0.0769231"
"1981732549","142986263","0.0769231"
"142986263","2050402574","0.0769231"
"2050402574","142986263","0.0769231"
"142986263","2118420309","0.0769231"
"2118420309","142986263","0.0769231"
"142986263","2133992441","0.0769231"
"2133992441","142986263","0.0769231"
"142986263","2135940255","0.0769231"
"2135940255","142986263","0.0769231"
"142986263","2139372442","0.0769231"
"2139372442","142986263","0.0769231"
"142986263","2141201603","0.0769231"
"2141201603","142986263","0.0769231"
"142986263","2562021322","0.0769231"
"2562021322","142986263","0.0769231"
"142986263","2887535136","0.0769231"
"2887535136","142986263","0.0769231"
"1623284047","1628054318","0.678943"
"1628054318","1623284047","0.678943"
"1623284047","1981732549","0.334499"
"1981732549","1623284047","0.334499"
"1623284047","2054977846","0.0769231"
"2054977846","1623284047","0.0769231"
"1623284047","2118420309","0.0769231"
"2118420309","1623284047","0.0769231"
"1623284047","2135940255","0.867832"
"2135940255","1623284047","0.867832"
"1623284047","2139372442","0.310689"
"2139372442","1623284047","0.310689"
"1623284047","2141201603","0.0769231"
"2141201603","1623284047","0.0769231"
"1623284047","2562021322","0.0769231"
"2562021322","1623284047","0.0769231"
"1623284047","2887535136","1.07692"
"2887535136","1623284047","1.07692"
"1628054318","1845814381","0.288034"
"1845814381","1628054318","0.288034"
"1628054318","1981732549","1.62666"
"1981732549","1628054318","1.62666"
"1628054318","2133992441","0.362637"
"2133992441","1628054318","0.362637"
"1628054318","2135940255","1.55166"
"2135940255","1628054318","1.55166"
"1628054318","2887535136","0.188034"
"2887535136","1628054318","0.188034"
"1845814381","1981732549","0.0769231"
"1981732549","1845814381","0.0769231"
"1845814381","2054977846","0.176923"
"2054977846","1845814381","0.176923"
"1845814381","2118420309","0.176923"
"2118420309","1845814381","0.176923"
"1845814381","2135940255","0.0769231"
"2135940255","1845814381","0.0769231"
"1845814381","2139372442","0.0769231"
"2139372442","1845814381","0.0769231"
"1845814381","2141201603","0.0769231"
"2141201603","1845814381","0.0769231"
"1845814381","2562021322","0.176923"
"2562021322","1845814381","0.176923"
"1845814381","2887535136","0.0769231"
"2887535136","1845814381","0.0769231"
"1981732549","2050402574","0.426656"
"2050402574","1981732549","0.426656"
"1981732549","2054977846","0.0769231"
"2054977846","1981732549","0.0769231"
"1981732549","2118420309","0.0769231"
"2118420309","1981732549","0.0769231"
"1981732549","2133992441","0.0769231"
"2133992441","1981732549","0.0769231"
"1981732549","2135940255","1.97666"
"2135940255","1981732549","1.97666"
"1981732549","2139372442","0.167832"
"2139372442","1981732549","0.167832"
"1981732549","2141201603","0.0769231"
"2141201603","1981732549","0.0769231"
"1981732549","2562021322","0.0769231"
"2562021322","1981732549","0.0769231"
"1981732549","2887535136","0.0769231"
"2887535136","1981732549","0.0769231"
"2050402574","2135940255","0.476656"
"2135940255","2050402574","0.476656"
"2050402574","2887535136","0.188034"
"2887535136","2050402574","0.188034"
"2054977846","2133992441","0.0769231"
"2133992441","2054977846","0.0769231"
"2054977846","2135940255","0.0769231"
"2135940255","2054977846","0.0769231"
"2054977846","2887535136","0.0769231"
"2887535136","2054977846","0.0769231"
"2118420309","2133992441","0.0769231"
"2133992441","2118420309","0.0769231"
"2118420309","2135940255","0.0769231"
"2135940255","2118420309","0.0769231"
"2118420309","2887535136","0.0769231"
"2887535136","2118420309","0.0769231"
"2133992441","2135940255","0.0769231"
"2135940255","2133992441","0.0769231"
"2133992441","2139372442","0.0769231"
"2139372442","2133992441","0.0769231"
"2133992441","2141201603","0.21978"
"2141201603","2133992441","0.21978"
"2133992441","2562021322","0.0769231"
"2562021322","2133992441","0.0769231"
"2133992441","2887535136","0.0769231"
"2887535136","2133992441","0.0769231"
"2135940255","2139372442","0.167832"
"2139372442","2135940255","0.167832"
"2135940255","2141201603","0.0769231"
"2141201603","2135940255","0.0769231"
"2135940255","2562021322","0.0769231"
"2562021322","2135940255","0.0769231"
"2135940255","2887535136","0.0769231"
"2887535136","2135940255","0.0769231"
"2139372442","2887535136","0.688034"
"2887535136","2139372442","0.688034"
"2141201603","2887535136","0.0769231"
"2887535136","2141201603","0.0769231"
"2562021322","2887535136","0.0769231"
"2887535136","2562021322","0.0769231"
"142986263","2167309441","0.5"
"2167309441","142986263","0.5"
"2167060800","2167309441","2"
"2167309441","2167060800","2"
"1628054318","2146871965","0.5"
"2146871965","1628054318","0.5"
"1501546233","1533244802","0.5"
"1533244802","1501546233","0.5"
"1501546233","2050212325","0.333333"
"2050212325","1501546233","0.333333"
"1501546233","70443148","0.833333"
"70443148","1501546233","0.833333"
"1533244802","2050212325","1.16667"
"2050212325","1533244802","1.16667"
"1533244802","2113795209","0.166667"
"2113795209","1533244802","0.166667"
"1533244802","2146871965","0.833333"
"2146871965","1533244802","0.833333"
"1533244802","2165569531","1.5"
"2165569531","1533244802","1.5"
"1533244802","70443148","0.833333"
"70443148","1533244802","0.833333"
"2050212325","2113795209","0.166667"
"2113795209","2050212325","0.166667"
"2050212325","2146871965","2.33333"
"2146871965","2050212325","2.33333"
"2050212325","2165569531","0.833333"
"2165569531","2050212325","0.833333"
"2050212325","70443148","0.166667"
"70443148","2050212325","0.166667"
"2113795209","2146871965","0.166667"
"2146871965","2113795209","0.166667"
"2113795209","2165569531","0.166667"
"2165569531","2113795209","0.166667"
"2113795209","70443148","0.166667"
"70443148","2113795209","0.166667"
"2146871965","70443148","1.33333"
"70443148","2146871965","1.33333"
"2165569531","70443148","0.666667"
"70443148","2165569531","0.666667"
"1501546233","2044925046","0.5"
"2044925046","1501546233","0.5"
"2007171636","2044925046","0.166667"
"2044925046","2007171636","0.166667"
"2007171636","2050212325","0.416667"
"2050212325","2007171636","0.416667"
"2007171636","2133992441","0.452381"
"2133992441","2007171636","0.452381"
"2007171636","2146871965","3.5"
"2146871965","2007171636","3.5"
"2044925046","2050212325","0.166667"
"2050212325","2044925046","0.166667"
"2044925046","2133992441","0.166667"
"2133992441","2044925046","0.166667"
"2044925046","2146871965","0.5"
"2146871965","2044925046","0.5"
"2044925046","2165569531","0.166667"
"2165569531","2044925046","0.166667"
"2050212325","2133992441","0.166667"
"2133992441","2050212325","0.166667"
"1501546233","2098741739","0.5"
"2098741739","1501546233","0.5"
"2098741739","2146871965","0.5"
"2146871965","2098741739","0.5"
"1501546233","2158623598","0.5"
"2158623598","1501546233","0.5"
"2146871965","2158623598","0.5"
"2158623598","2146871965","0.5"
"1501546233","1963829561","0.333333"
"1963829561","1501546233","0.333333"
"1533244802","1963829561","6.16667"
"1963829561","1533244802","6.16667"
"1533244802","2007171636","1.5"
"2007171636","1533244802","1.5"
"1963829561","2007171636","1.16667"
"2007171636","1963829561","1.16667"
"1963829561","2146871965","0.833333"
"2146871965","1963829561","0.833333"
"1963829561","2165569531","0.333333"
"2165569531","1963829561","0.333333"
"1963829561","70443148","1.66667"
"70443148","1963829561","1.66667"
"2007171636","70443148","0.166667"
"70443148","2007171636","0.166667"
"1501546233","2000982518","0.166667"
"2000982518","1501546233","0.166667"
"1533244802","2000982518","0.166667"
"2000982518","1533244802","0.166667"
"1963829561","2000982518","2.66667"
"2000982518","1963829561","2.66667"
"2000982518","2146871965","0.166667"
"2146871965","2000982518","0.166667"
"2000982518","2165569531","1.33333"
"2165569531","2000982518","1.33333"
"2000982518","70443148","0.833333"
"70443148","2000982518","0.833333"
"2044925046","70443148","0.666667"
"70443148","2044925046","0.666667"
"1501546233","2141201603","0.142857"
"2141201603","1501546233","0.142857"
"1501546233","2167309441","0.142857"
"2167309441","1501546233","0.142857"
"1501546233","2520193009","0.142857"
"2520193009","1501546233","0.142857"
"1598707686","1628054318","0.953968"
"1628054318","1598707686","0.953968"
"1598707686","2007171636","0.253968"
"2007171636","1598707686","0.253968"
"1598707686","2141201603","0.142857"
"2141201603","1598707686","0.142857"
"1598707686","2167309441","0.253968"
"2167309441","1598707686","0.253968"
"1598707686","2520193009","0.142857"
"2520193009","1598707686","0.142857"
"1628054318","2167309441","0.396825"
"2167309441","1628054318","0.396825"
"2007171636","2167309441","0.396825"
"2167309441","2007171636","0.396825"
"2133992441","2520193009","0.142857"
"2520193009","2133992441","0.142857"
"2141201603","2167309441","0.142857"
"2167309441","2141201603","0.142857"
"2167309441","2520193009","0.142857"
"2520193009","2167309441","0.142857"
"1586700544","2133992441","0.5"
"2133992441","1586700544","0.5"
"1513477286","2168867570","1"
"2168867570","1513477286","1"
"1513477286","1598707686","2.66667"
"1598707686","1513477286","2.66667"
"1513477286","1933330086","0.5"
"1933330086","1513477286","0.5"
"1598707686","1933330086","0.611111"
"1933330086","1598707686","0.611111"
"1513477286","2000982518","0.166667"
"2000982518","1513477286","0.166667"
"1513477286","2020718817","0.166667"
"2020718817","1513477286","0.166667"
"1513477286","2133992441","0.166667"
"2133992441","1513477286","0.166667"
"1513477286","2165569531","0.166667"
"2165569531","1513477286","0.166667"
"1513477286","70443148","0.166667"
"70443148","1513477286","0.166667"
"1598707686","2000982518","0.166667"
"2000982518","1598707686","0.166667"
"1598707686","2020718817","0.166667"
"2020718817","1598707686","0.166667"
"1598707686","70443148","0.166667"
"70443148","1598707686","0.166667"
"2000982518","2020718817","0.166667"
"2020718817","2000982518","0.166667"
"2000982518","2133992441","0.166667"
"2133992441","2000982518","0.166667"
"2020718817","2133992441","0.166667"
"2133992441","2020718817","0.166667"
"2020718817","2165569531","0.166667"
"2165569531","2020718817","0.166667"
"2020718817","70443148","0.166667"
"70443148","2020718817","0.166667"
"2133992441","70443148","0.166667"
"70443148","2133992441","0.166667"
"1533244802","2052000230","0.5"
"2052000230","1533244802","0.5"
"1963829561","2052000230","0.5"
"2052000230","1963829561","0.5"
"1533244802","1586700544","0.333333"
"1586700544","1533244802","0.333333"
"1586700544","2007171636","1.83333"
"2007171636","1586700544","1.83333"
"1586700544","2146871965","0.833333"
"2146871965","1586700544","0.833333"
"1533244802","2044925046","0.333333"
"2044925046","1533244802","0.333333"
"1963829561","2044925046","0.333333"
"2044925046","1963829561","0.333333"
"1539746399","1628054318","0.774733"
"1628054318","1539746399","0.774733"
"1628054318","2113440438","0.974733"
"2113440438","1628054318","0.974733"
"1539746399","2007171636","0.392157"
"2007171636","1539746399","0.392157"
"1539746399","2146871965","0.333333"
"2146871965","1539746399","0.333333"
"2007171636","2113440438","1.14216"
"2113440438","2007171636","1.14216"
"2113440438","2146871965","0.833333"
"2146871965","2113440438","0.833333"
"1539746399","1981625432","0.474733"
"1981625432","1539746399","0.474733"
"1539746399","2020718817","0.2"
"2020718817","1539746399","0.2"
"1539746399","2052000230","0.383824"
"2052000230","1539746399","0.383824"
"1539746399","2126839335","0.258824"
"2126839335","1539746399","0.258824"
"1623284047","1981625432","1.63377"
"1981625432","1623284047","1.63377"
"1623284047","2020718817","0.2"
"2020718817","1623284047","0.2"
"1623284047","2052000230","0.709524"
"2052000230","1623284047","0.709524"
"1623284047","2126839335","0.2"
"2126839335","1623284047","0.2"
"1981625432","2020718817","0.2"
"2020718817","1981625432","0.2"
"1981625432","2052000230","0.726681"
"2052000230","1981625432","0.726681"
"1981625432","2126839335","0.758824"
"2126839335","1981625432","0.758824"
"2020718817","2052000230","0.2"
"2052000230","2020718817","0.2"
"2020718817","2126839335","0.2"
"2126839335","2020718817","0.2"
"1539746399","1981732549","0.733066"
"1981732549","1539746399","0.733066"
"1539746399","2100490186","0.433824"
"2100490186","1539746399","0.433824"
"1539746399","2135940255","0.524733"
"2135940255","1539746399","0.524733"
"1981732549","2100490186","0.308824"
"2100490186","1981732549","0.308824"
"1981732549","2113440438","0.649733"
"2113440438","1981732549","0.649733"
"2100490186","2113440438","0.433824"
"2113440438","2100490186","0.433824"
"2100490186","2135940255","0.433824"
"2135940255","2100490186","0.433824"
"2113440438","2135940255","0.524733"
"2135940255","2113440438","0.524733"
"1539746399","2098741739","0.458333"
"2098741739","1539746399","0.458333"
"1539746399","2116288860","0.683824"
"2116288860","1539746399","0.683824"
"1628054318","1981625432","0.874733"
"1981625432","1628054318","0.874733"
"1628054318","2098741739","0.125"
"2098741739","1628054318","0.125"
"1628054318","2100490186","0.183824"
"2100490186","1628054318","0.183824"
"1628054318","2116288860","2.59493"
"2116288860","1628054318","2.59493"
"1981625432","2098741739","0.125"
"2098741739","1981625432","0.125"
"1981625432","2100490186","3.32668"
"2100490186","1981625432","3.32668"
"1981625432","2113440438","0.274733"
"2113440438","1981625432","0.274733"
"1981625432","2116288860","2.72668"
"2116288860","1981625432","2.72668"
"1981625432","2135940255","0.974733"
"2135940255","1981625432","0.974733"
"2052000230","2098741739","0.125"
"2098741739","2052000230","0.125"
"2052000230","2100490186","0.326681"
"2100490186","2052000230","0.326681"
"2052000230","2113440438","0.383824"
"2113440438","2052000230","0.383824"
"2052000230","2116288860","1.33779"
"2116288860","2052000230","1.33779"
"2052000230","2135940255","1.18382"
"2135940255","2052000230","1.18382"
"2098741739","2100490186","0.125"
"2100490186","2098741739","0.125"
"2098741739","2113440438","0.125"
"2113440438","2098741739","0.125"
"2098741739","2116288860","0.125"
"2116288860","2098741739","0.125"
"2098741739","2135940255","0.125"
"2135940255","2098741739","0.125"
"2100490186","2116288860","0.326681"
"2116288860","2100490186","0.326681"
"2113440438","2116288860","0.883824"
"2116288860","2113440438","0.883824"
"2116288860","2135940255","0.383824"
"2135940255","2116288860","0.383824"
"1539746399","2105163415","0.149733"
"2105163415","1539746399","0.149733"
"1539746399","2105783830","0.0588235"
"2105783830","1539746399","0.0588235"
"1539746399","2127359631","0.0588235"
"2127359631","1539746399","0.0588235"
"1539746399","2167060800","0.0588235"
"2167060800","1539746399","0.0588235"
"1539746399","2346420912","0.0588235"
"2346420912","1539746399","0.0588235"
"1539746399","2381442930","0.0588235"
"2381442930","1539746399","0.0588235"
"1628054318","2127359631","2.65168"
"2127359631","1628054318","2.65168"
"1628054318","2167060800","0.258824"
"2167060800","1628054318","0.258824"
"1628054318","2381442930","0.158824"
"2381442930","1628054318","0.158824"
"1981625432","1981732549","1.04973"
"1981732549","1981625432","1.04973"
"1981625432","2007171636","0.258824"
"2007171636","1981625432","0.258824"
"1981625432","2050402574","0.49259"
"2050402574","1981625432","0.49259"
"1981625432","2105163415","0.349733"
"2105163415","1981625432","0.349733"
"1981625432","2105783830","0.201681"
"2105783830","1981625432","0.201681"
"1981625432","2127359631","0.258824"
"2127359631","1981625432","0.258824"
"1981625432","2167060800","0.258824"
"2167060800","1981625432","0.258824"
"1981625432","2346420912","0.0588235"
"2346420912","1981625432","0.0588235"
"1981625432","2381442930","0.0588235"
"2381442930","1981625432","0.0588235"
"1981732549","2007171636","1.00882"
"2007171636","1981732549","1.00882"
"1981732549","2052000230","0.42549"
"2052000230","1981732549","0.42549"
"1981732549","2105163415","0.149733"
"2105163415","1981732549","0.149733"
"1981732549","2105783830","0.0588235"
"2105783830","1981732549","0.0588235"
"1981732549","2116288860","4.75882"
"2116288860","1981732549","4.75882"
"1981732549","2126839335","0.0588235"
"2126839335","1981732549","0.0588235"
"1981732549","2127359631","0.258824"
"2127359631","1981732549","0.258824"
"1981732549","2167060800","0.42549"
"2167060800","1981732549","0.42549"
"1981732549","2346420912","0.0588235"
"2346420912","1981732549","0.0588235"
"1981732549","2381442930","0.0588235"
"2381442930","1981732549","0.0588235"
"2007171636","2100490186","0.0588235"
"2100490186","2007171636","0.0588235"
"2007171636","2116288860","0.258824"
"2116288860","2007171636","0.258824"
"2007171636","2127359631","0.401681"
"2127359631","2007171636","0.401681"
"2007171636","2135940255","0.0588235"
"2135940255","2007171636","0.0588235"
"2007171636","2167060800","0.0588235"
"2167060800","2007171636","0.0588235"
"2007171636","2381442930","0.0588235"
"2381442930","2007171636","0.0588235"
