"1011630013","1482810056","0.286085"
"1482810056","1011630013","0.286085"
"1011630013","2052870551","0.894432"
"2052870551","1011630013","0.894432"
"1011630013","2140190241","3.34189"
"2140190241","1011630013","3.34189"
"1011630013","2144115233","0.293044"
"2144115233","1011630013","0.293044"
"1011630013","2161950558","0.317434"
"2161950558","1011630013","0.317434"
"1482810056","2052870551","0.680498"
"2052870551","1482810056","0.680498"
"1482810056","2140190241","0.36187"
"2140190241","1482810056","0.36187"
"1482810056","2144115233","0.251339"
"2144115233","1482810056","0.251339"
"1482810056","2161950558","0.599379"
"2161950558","1482810056","0.599379"
"2052870551","2140190241","3.94463"
"2140190241","2052870551","3.94463"
"2052870551","2144115233","0.322839"
"2144115233","2052870551","0.322839"
"2052870551","2161950558","1.08019"
"2161950558","2052870551","1.08019"
"2140190241","2144115233","0.551742"
"2144115233","2140190241","0.551742"
"2140190241","2161950558","1.06511"
"2161950558","2140190241","1.06511"
"2144115233","2161950558","0.339619"
"2161950558","2144115233","0.339619"
"1011630013","1498033538","0.247062"
"1498033538","1011630013","0.247062"
"1011630013","1673774254","0.319417"
"1673774254","1011630013","0.319417"
"1011630013","1918522533","0.185415"
"1918522533","1011630013","0.185415"
"1011630013","1974217408","1.30197"
"1974217408","1011630013","1.30197"
"1011630013","2027454916","0.113406"
"2027454916","1011630013","0.113406"
"1011630013","2063529879","0.615485"
"2063529879","1011630013","0.615485"
"1011630013","2066828836","0.345671"
"2066828836","1011630013","0.345671"
"1011630013","2100356657","0.206547"
"2100356657","1011630013","0.206547"
"1011630013","2101179225","0.506917"
"2101179225","1011630013","0.506917"
"1011630013","2134197825","0.25799"
"2134197825","1011630013","0.25799"
"1011630013","2153028052","0.48238"
"2153028052","1011630013","0.48238"
"1011630013","2186428165","4.58062"
"2186428165","1011630013","4.58062"
"1011630013","2493839961","3.55121"
"2493839961","1011630013","3.55121"
"1011630013","2521971991","0.519417"
"2521971991","1011630013","0.519417"
"1011630013","54446695","0.203584"
"54446695","1011630013","0.203584"
"1498033538","1673774254","0.420941"
"1673774254","1498033538","0.420941"
"1498033538","1918522533","0.0936304"
"1918522533","1498033538","0.0936304"
"1498033538","1974217408","0.175777"
"1974217408","1498033538","0.175777"
"1498033538","2027454916","0.0812884"
"2027454916","1498033538","0.0812884"
"1498033538","2052870551","0.186194"
"2052870551","1498033538","0.186194"
"1498033538","2063529879","0.186194"
"2063529879","1498033538","0.186194"
"1498033538","2066828836","0.137109"
"2066828836","1498033538","0.137109"
"1498033538","2100356657","0.24508"
"2100356657","1498033538","0.24508"
"1498033538","2101179225","0.420941"
"2101179225","1498033538","0.420941"
"1498033538","2134197825","0.143559"
"2134197825","1498033538","0.143559"
"1498033538","2140190241","1.11587"
"2140190241","1498033538","1.11587"
"1498033538","2153028052","0.593868"
"2153028052","1498033538","0.593868"
"1498033538","2186428165","1.24087"
"2186428165","1498033538","1.24087"
"1498033538","2493839961","0.394527"
"2493839961","1498033538","0.394527"
"1498033538","2521971991","0.630905"
"2521971991","1498033538","0.630905"
"1498033538","54446695","0.516322"
"54446695","1498033538","0.516322"
"1673774254","1918522533","0.0936304"
"1918522533","1673774254","0.0936304"
"1673774254","1974217408","0.256917"
"1974217408","1673774254","0.256917"
"1673774254","2027454916","0.0692402"
"2027454916","1673774254","0.0692402"
"1673774254","2052870551","0.184001"
"2052870551","1673774254","0.184001"
"1673774254","2063529879","0.184001"
"2063529879","1673774254","0.184001"
"1673774254","2066828836","0.137109"
"2066828836","1673774254","0.137109"
"1673774254","2100356657","0.216964"
"2100356657","1673774254","0.216964"
"1673774254","2101179225","0.432607"
"2101179225","1673774254","0.432607"
"1673774254","2134197825","0.306868"
"2134197825","1673774254","0.306868"
"1673774254","2140190241","0.643917"
"2140190241","1673774254","0.643917"
"1673774254","2153028052","0.76313"
"2153028052","1673774254","0.76313"
"1673774254","2186428165","1.64392"
"2186428165","1673774254","1.64392"
"1673774254","2493839961","0.329834"
"2493839961","1673774254","0.329834"
"1673774254","2521971991","0.800167"
"2521971991","1673774254","0.800167"
"1673774254","54446695","0.420941"
"54446695","1673774254","0.420941"
"1918522533","1974217408","0.233034"
"1974217408","1918522533","0.233034"
"1918522533","2027454916","0.0881081"
"2027454916","1918522533","0.0881081"
"1918522533","2052870551","0.243451"
"2052870551","1918522533","0.243451"
"1918522533","2063529879","0.243451"
"2063529879","1918522533","0.243451"
"1918522533","2066828836","2.8125"
"2066828836","1918522533","2.8125"
"1918522533","2100356657","0.141249"
"2100356657","1918522533","0.141249"
"1918522533","2101179225","0.141249"
"2101179225","1918522533","0.141249"
"1918522533","2134197825","0.116859"
"2134197825","1918522533","0.116859"
"1918522533","2140190241","1.19345"
"2140190241","1918522533","1.19345"
"1918522533","2153028052","0.130833"
"2153028052","1918522533","0.130833"
"1918522533","2186428165","0.895832"
"2186428165","1918522533","0.895832"
"1918522533","2493839961","0.195832"
"2493839961","1918522533","0.195832"
"1918522533","2521971991","0.130833"
"2521971991","1918522533","0.130833"
"1918522533","54446695","0.0936304"
"54446695","1918522533","0.0936304"
"1974217408","2027454916","0.367269"
"2027454916","1974217408","0.367269"
"1974217408","2052870551","3.2485"
"2052870551","1974217408","3.2485"
"1974217408","2063529879","1.74648"
"2063529879","1974217408","1.74648"
"1974217408","2066828836","0.457115"
"2066828836","1974217408","0.457115"
"1974217408","2100356657","0.266214"
"2100356657","1974217408","0.266214"
"1974217408","2101179225","0.357199"
"2101179225","1974217408","0.357199"
"1974217408","2134197825","0.687188"
"2134197825","1974217408","0.687188"
"1974217408","2140190241","4.32025"
"2140190241","1974217408","4.32025"
"1974217408","2153028052","0.520521"
"2153028052","1974217408","0.520521"
"1974217408","2186428165","2.41431"
"2186428165","1974217408","2.41431"
"1974217408","2493839961","2.05656"
"2493839961","1974217408","2.05656"
"1974217408","2521971991","0.583532"
"2521971991","1974217408","0.583532"
"1974217408","54446695","0.132299"
"54446695","1974217408","0.132299"
"2027454916","2052870551","2.29991"
"2052870551","2027454916","2.29991"
"2027454916","2063529879","1.79991"
"2063529879","2027454916","1.79991"
"2027454916","2066828836","0.103733"
"2066828836","2027454916","0.103733"
"2027454916","2100356657","0.164622"
"2100356657","2027454916","0.164622"
"2027454916","2101179225","0.0848652"
"2101179225","2027454916","0.0848652"
"2027454916","2134197825","0.380247"
"2134197825","2027454916","0.380247"
"2027454916","2140190241","0.633242"
"2140190241","2027454916","0.633242"
"2027454916","2153028052","0.0864967"
"2153028052","2027454916","0.0864967"
"2027454916","2186428165","0.690385"
"2186428165","2027454916","0.690385"
"2027454916","2493839961","0.434829"
"2493839961","2027454916","0.434829"
"2027454916","2521971991","0.0864967"
"2521971991","2027454916","0.0864967"
"2027454916","54446695","0.0812884"
"54446695","2027454916","0.0812884"
"2052870551","2063529879","4.93553"
"2063529879","2052870551","4.93553"
"2052870551","2066828836","0.229437"
"2066828836","2052870551","0.229437"
"2052870551","2100356657","0.276631"
"2100356657","2052870551","0.276631"
"2052870551","2101179225","0.284282"
"2101179225","2052870551","0.284282"
"2052870551","2134197825","0.709509"
"2134197825","2052870551","0.709509"
"2052870551","2153028052","1.64354"
"2153028052","2052870551","1.64354"
"2052870551","2186428165","2.4793"
"2186428165","2052870551","2.4793"
"2052870551","2493839961","1.03962"
"2493839961","2052870551","1.03962"
"2052870551","2521971991","1.77798"
"2521971991","2052870551","1.77798"
"2052870551","54446695","0.142716"
"54446695","2052870551","0.142716"
"2063529879","2066828836","0.229437"
"2066828836","2063529879","0.229437"
"2063529879","2100356657","0.276631"
"2100356657","2063529879","0.276631"
"2063529879","2101179225","0.284282"
"2101179225","2063529879","0.284282"
"2063529879","2134197825","0.709509"
"2134197825","2063529879","0.709509"
"2063529879","2140190241","1.76886"
"2140190241","2063529879","1.76886"
"2063529879","2153028052","0.532426"
"2153028052","2063529879","0.532426"
"2063529879","2186428165","1.14638"
"2186428165","2063529879","1.14638"
"2063529879","2493839961","0.960673"
"2493839961","2063529879","0.960673"
"2063529879","2521971991","0.666866"
"2521971991","2063529879","0.666866"
"2063529879","54446695","0.142716"
"54446695","2063529879","0.142716"
"2066828836","2100356657","0.0936304"
"2100356657","2066828836","0.0936304"
"2066828836","2101179225","0.152734"
"2101179225","2066828836","0.152734"
"2066828836","2134197825","0.180684"
"2134197825","2066828836","0.180684"
"2066828836","2140190241","0.71101"
"2140190241","2066828836","0.71101"
"2066828836","2153028052","0.213746"
"2153028052","2066828836","0.213746"
"2066828836","2186428165","0.615191"
"2186428165","2066828836","0.615191"
"2066828836","2493839961","0.300865"
"2493839961","2066828836","0.300865"
"2066828836","2521971991","0.142317"
"2521971991","2066828836","0.142317"
"2066828836","54446695","0.137109"
"54446695","2066828836","0.137109"
"2100356657","2101179225","0.293154"
"2101179225","2100356657","0.293154"
"2100356657","2134197825","0.27605"
"2134197825","2100356657","0.27605"
"2100356657","2140190241","0.644603"
"2140190241","2100356657","0.644603"
"2100356657","2153028052","0.294786"
"2153028052","2100356657","0.294786"
"2100356657","2186428165","0.636984"
"2186428165","2100356657","0.636984"
"2100356657","2493839961","0.312345"
"2493839961","2100356657","0.312345"
"2100356657","2521971991","0.294786"
"2521971991","2100356657","0.294786"
"2100356657","54446695","0.189012"
"54446695","2100356657","0.189012"
"2101179225","2134197825","0.344649"
"2134197825","2101179225","0.344649"
"2101179225","2140190241","2.16904"
"2140190241","2101179225","2.16904"
"2101179225","2153028052","3.66325"
"2153028052","2101179225","3.66325"
"2101179225","2186428165","4.30667"
"2186428165","2101179225","4.30667"
"2101179225","2493839961","0.861663"
"2493839961","2101179225","0.861663"
"2101179225","2521971991","4.36695"
"2521971991","2101179225","4.36695"
"2101179225","54446695","0.372864"
"54446695","2101179225","0.372864"
"2134197825","2140190241","1.40571"
"2140190241","2134197825","1.40571"
"2134197825","2153028052","0.708204"
"2153028052","2134197825","0.708204"
"2134197825","2186428165","1.25015"
"2186428165","2134197825","1.25015"
"2134197825","2493839961","1.24582"
"2493839961","2134197825","1.24582"
"2134197825","2521971991","0.48021"
"2521971991","2134197825","0.48021"
"2134197825","54446695","0.11975"
"54446695","2134197825","0.11975"
"2140190241","2153028052","4.04551"
"2153028052","2140190241","4.04551"
"2140190241","2186428165","180.594"
"2186428165","2140190241","180.594"
"2140190241","2493839961","5.91375"
"2493839961","2140190241","5.91375"
"2140190241","2521971991","4.06045"
"2521971991","2140190241","4.06045"
"2140190241","54446695","0.516322"
"54446695","2140190241","0.516322"
"2153028052","2186428165","4.95601"
"2186428165","2153028052","4.95601"
"2153028052","2493839961","1.02707"
"2493839961","2153028052","1.02707"
"2153028052","2521971991","23.2647"
"2521971991","2153028052","23.2647"
"2153028052","54446695","0.468868"
"54446695","2153028052","0.468868"
"2186428165","2493839961","6.7627"
"2493839961","2186428165","6.7627"
"2186428165","2521971991","4.08783"
"2521971991","2186428165","4.08783"
"2186428165","54446695","0.593245"
"54446695","2186428165","0.593245"
"2493839961","2521971991","0.947223"
"2521971991","2493839961","0.947223"
"2493839961","54446695","0.226049"
"54446695","2493839961","0.226049"
"2521971991","54446695","0.505905"
"54446695","2521971991","0.505905"
"1011630013","1140952120","0.842972"
"1140952120","1011630013","0.842972"
"1011630013","126458188","0.21396"
"126458188","1011630013","0.21396"
"1011630013","1514516794","0.135603"
"1514516794","1011630013","0.135603"
"1011630013","1540705742","0.104906"
"1540705742","1011630013","0.104906"
"1011630013","1915767725","0.137261"
"1915767725","1011630013","0.137261"
"1011630013","2009418433","0.14963"
"2009418433","1011630013","0.14963"
"1011630013","2033486966","0.152336"
"2033486966","1011630013","0.152336"
"1011630013","2039242902","0.549528"
"2039242902","1011630013","0.549528"
"1011630013","2059949887","0.247261"
"2059949887","1011630013","0.247261"
"1011630013","2085638007","0.399918"
"2085638007","1011630013","0.399918"
"1011630013","2110893883","6.21713"
"2110893883","1011630013","6.21713"
"1011630013","2125714474","0.443078"
"2125714474","1011630013","0.443078"
"1011630013","2138050692","0.267378"
"2138050692","1011630013","0.267378"
"1011630013","2187746570","0.549528"
"2187746570","1011630013","0.549528"
"1011630013","2949484951","0.152336"
"2949484951","1011630013","0.152336"
"1140952120","126458188","6.89595"
"126458188","1140952120","6.89595"
"1140952120","1482810056","0.0517429"
"1482810056","1140952120","0.0517429"
"1140952120","1498033538","0.0614273"
"1498033538","1140952120","0.0614273"
"1140952120","1514516794","0.100523"
"1514516794","1140952120","0.100523"
"1140952120","1540705742","0.0614273"
"1540705742","1140952120","0.0614273"
"1140952120","1673774254","0.0614273"
"1673774254","1140952120","0.0614273"
"1140952120","1915767725","0.0614273"
"1915767725","1140952120","0.0614273"
"1140952120","1974217408","0.215823"
"1974217408","1140952120","0.215823"
"1140952120","2009418433","0.0517429"
"2009418433","1140952120","0.0517429"
"1140952120","2033486966","8.73012"
"2033486966","1140952120","8.73012"
"1140952120","2039242902","0.0858175"
"2039242902","1140952120","0.0858175"
"1140952120","2052870551","0.0858175"
"2052870551","1140952120","0.0858175"
"1140952120","2059949887","0.0614273"
"2059949887","1140952120","0.0614273"
"1140952120","2063529879","0.0858175"
"2063529879","1140952120","0.0858175"
"1140952120","2085638007","0.0858175"
"2085638007","1140952120","0.0858175"
"1140952120","2101179225","0.394761"
"2101179225","1140952120","0.394761"
"1140952120","2110893883","1.00617"
"2110893883","1140952120","1.00617"
"1140952120","2125714474","0.0858175"
"2125714474","1140952120","0.0858175"
"1140952120","2138050692","0.037037"
"2138050692","1140952120","0.037037"
"1140952120","2140190241","0.58487"
"2140190241","1140952120","0.58487"
"1140952120","2186428165","1.25705"
"2186428165","1140952120","1.25705"
"1140952120","2187746570","0.0858175"
"2187746570","1140952120","0.0858175"
"1140952120","2493839961","0.96657"
"2493839961","1140952120","0.96657"
"1140952120","2521971991","0.0614273"
"2521971991","1140952120","0.0614273"
"1140952120","2949484951","4.08727"
"2949484951","1140952120","4.08727"
"1140952120","54446695","0.0614273"
"54446695","1140952120","0.0614273"
"126458188","1482810056","0.052662"
"1482810056","126458188","0.052662"
"126458188","1498033538","0.037037"
"1498033538","126458188","0.037037"
"126458188","1514516794","0.0770523"
"1514516794","126458188","0.0770523"
"126458188","1540705742","0.037037"
"1540705742","126458188","0.037037"
"126458188","1673774254","0.037037"
"1673774254","126458188","0.037037"
"126458188","1915767725","0.037037"
"1915767725","126458188","0.037037"
"126458188","1974217408","0.0770523"
"1974217408","126458188","0.0770523"
"126458188","2009418433","0.037037"
"2009418433","126458188","0.037037"
"126458188","2033486966","2.72289"
"2033486966","126458188","2.72289"
"126458188","2039242902","0.0770523"
"2039242902","126458188","0.0770523"
"126458188","2052870551","0.0770523"
"2052870551","126458188","0.0770523"
"126458188","2059949887","0.052662"
"2059949887","126458188","0.052662"
"126458188","2063529879","0.0770523"
"2063529879","126458188","0.0770523"
"126458188","2085638007","0.0770523"
"2085638007","126458188","0.0770523"
"126458188","2101179225","0.052662"
"2101179225","126458188","0.052662"
"126458188","2110893883","0.419417"
"2110893883","126458188","0.419417"
"126458188","2125714474","0.0770523"
"2125714474","126458188","0.0770523"
"126458188","2138050692","0.052662"
"2138050692","126458188","0.052662"
"126458188","2140190241","0.160386"
"2140190241","126458188","0.160386"
"126458188","2186428165","0.292085"
"2186428165","126458188","0.292085"
"126458188","2187746570","0.0770523"
"2187746570","126458188","0.0770523"
"126458188","2493839961","0.566475"
"2493839961","126458188","0.566475"
"126458188","2521971991","0.052662"
"2521971991","126458188","0.052662"
"126458188","2949484951","1.22289"
"2949484951","126458188","1.22289"
"126458188","54446695","0.037037"
"54446695","126458188","0.037037"
"1482810056","1498033538","0.037037"
"1498033538","1482810056","0.037037"
"1482810056","1514516794","0.436416"
"1514516794","1482810056","0.436416"
"1482810056","1540705742","0.037037"
"1540705742","1482810056","0.037037"
"1482810056","1673774254","0.0503704"
"1673774254","1482810056","0.0503704"
"1482810056","1915767725","0.0503704"
"1915767725","1482810056","0.0503704"
"1482810056","1974217408","0.16187"
"1974217408","1482810056","0.16187"
"1482810056","2009418433","0.110531"
"2009418433","1482810056","0.110531"
"1482810056","2033486966","0.0673679"
"2033486966","1482810056","0.0673679"
"1482810056","2039242902","0.147164"
"2039242902","1482810056","0.147164"
"1482810056","2059949887","0.052662"
"2059949887","1482810056","0.052662"
"1482810056","2063529879","0.147164"
"2063529879","1482810056","0.147164"
"1482810056","2085638007","0.133831"
"2085638007","1482810056","0.133831"
"1482810056","2101179225","0.0659954"
"2101179225","1482810056","0.0659954"
"1482810056","2110893883","0.126156"
"2110893883","1482810056","0.126156"
"1482810056","2125714474","0.133831"
"2125714474","1482810056","0.133831"
"1482810056","2138050692","0.147164"
"2138050692","1482810056","0.147164"
"1482810056","2186428165","0.16187"
"2186428165","1482810056","0.16187"
"1482810056","2187746570","0.147164"
"2187746570","1482810056","0.147164"
"1482810056","2493839961","0.16187"
"2493839961","1482810056","0.16187"
"1482810056","2521971991","0.0659954"
"2521971991","1482810056","0.0659954"
"1482810056","2949484951","0.0673679"
"2949484951","1482810056","0.0673679"
"1482810056","54446695","0.037037"
"54446695","1482810056","0.037037"
"1498033538","1514516794","0.0734755"
"1514516794","1498033538","0.0734755"
"1498033538","1540705742","0.29639"
"1540705742","1498033538","0.29639"
"1498033538","1915767725","0.105153"
"1915767725","1498033538","0.105153"
"1498033538","2009418433","0.0595019"
"2009418433","1498033538","0.0595019"
"1498033538","2033486966","0.0614273"
"2033486966","1498033538","0.0614273"
"1498033538","2039242902","0.12737"
"2039242902","1498033538","0.12737"
"1498033538","2059949887","0.332499"
"2059949887","1498033538","0.332499"
"1498033538","2085638007","0.12737"
"2085638007","1498033538","0.12737"
"1498033538","2110893883","0.12737"
"2110893883","1498033538","0.12737"
"1498033538","2125714474","0.12737"
"2125714474","1498033538","0.12737"
"1498033538","2138050692","0.10298"
"2138050692","1498033538","0.10298"
"1498033538","2187746570","0.115322"
"2187746570","1498033538","0.115322"
"1498033538","2949484951","0.0614273"
"2949484951","1498033538","0.0614273"
"1514516794","1540705742","0.0614273"
"1540705742","1514516794","0.0614273"
"1514516794","1673774254","0.0614273"
"1673774254","1514516794","0.0614273"
"1514516794","1915767725","0.0490852"
"1915767725","1514516794","0.0490852"
"1514516794","1974217408","0.485663"
"1974217408","1514516794","0.485663"
"1514516794","2009418433","0.0637911"
"2009418433","1514516794","0.0637911"
"1514516794","2033486966","0.116148"
"2033486966","1514516794","0.116148"
"1514516794","2039242902","0.347081"
"2039242902","1514516794","0.347081"
"1514516794","2052870551","0.56503"
"2052870551","1514516794","0.56503"
"1514516794","2059949887","0.126138"
"2059949887","1514516794","0.126138"
"1514516794","2063529879","0.30862"
"2063529879","1514516794","0.30862"
"1514516794","2085638007","0.231697"
"2085638007","1514516794","0.231697"
"1514516794","2101179225","0.114089"
"2101179225","1514516794","0.114089"
"1514516794","2110893883","0.618154"
"2110893883","1514516794","0.618154"
"1514516794","2125714474","0.263165"
"2125714474","1514516794","0.263165"
"1514516794","2138050692","0.137462"
"2138050692","1514516794","0.137462"
"1514516794","2140190241","0.853868"
"2140190241","1514516794","0.853868"
"1514516794","2186428165","0.621686"
"2186428165","1514516794","0.621686"
"1514516794","2187746570","0.335033"
"2187746570","1514516794","0.335033"
"1514516794","2493839961","0.575407"
"2493839961","1514516794","0.575407"
"1514516794","2521971991","0.126138"
"2521971991","1514516794","0.126138"
"1514516794","2949484951","0.116148"
"2949484951","1514516794","0.116148"
"1514516794","54446695","0.0734755"
"54446695","1514516794","0.0734755"
"1540705742","1673774254","0.220653"
"1673774254","1540705742","0.220653"
"1540705742","1915767725","0.153938"
"1915767725","1540705742","0.153938"
"1540705742","1974217408","0.104906"
"1974217408","1540705742","0.104906"
"1540705742","2009418433","0.0474537"
"2009418433","1540705742","0.0474537"
"1540705742","2033486966","0.0614273"
"2033486966","1540705742","0.0614273"
"1540705742","2039242902","0.115322"
"2039242902","1540705742","0.115322"
"1540705742","2052870551","0.115322"
"2052870551","1540705742","0.115322"
"1540705742","2059949887","0.0718439"
"2059949887","1540705742","0.0718439"
"1540705742","2063529879","0.115322"
"2063529879","1540705742","0.115322"
"1540705742","2085638007","0.115322"
"2085638007","1540705742","0.115322"
"1540705742","2101179225","0.148767"
"2101179225","1540705742","0.148767"
"1540705742","2110893883","0.115322"
"2110893883","1540705742","0.115322"
"1540705742","2125714474","0.115322"
"2125714474","1540705742","0.115322"
"1540705742","2138050692","0.090932"
"2138050692","1540705742","0.090932"
"1540705742","2140190241","0.452439"
"2140190241","1540705742","0.452439"
"1540705742","2186428165","0.569362"
"2186428165","1540705742","0.569362"
"1540705742","2187746570","0.115322"
"2187746570","1540705742","0.115322"
"1540705742","2493839961","0.115322"
"2493839961","1540705742","0.115322"
"1540705742","2521971991","0.321643"
"2521971991","1540705742","0.321643"
"1540705742","2949484951","0.0614273"
"2949484951","1540705742","0.0614273"
"1540705742","54446695","0.273767"
"54446695","1540705742","0.273767"
"1673774254","1915767725","0.11287"
"1915767725","1673774254","0.11287"
"1673774254","2009418433","0.060787"
"2009418433","1673774254","0.060787"
"1673774254","2033486966","0.0614273"
"2033486966","1673774254","0.0614273"
"1673774254","2039242902","0.125177"
"2039242902","1673774254","0.125177"
"1673774254","2059949887","0.589617"
"2059949887","1673774254","0.589617"
"1673774254","2085638007","0.111844"
"2085638007","1673774254","0.111844"
"1673774254","2110893883","0.147677"
"2110893883","1673774254","0.147677"
"1673774254","2125714474","0.111844"
"2125714474","1673774254","0.111844"
"1673774254","2138050692","0.100787"
"2138050692","1673774254","0.100787"
"1673774254","2187746570","0.125177"
"2187746570","1673774254","0.125177"
"1673774254","2949484951","0.0614273"
"2949484951","1673774254","0.0614273"
"1915767725","1974217408","0.140806"
"1974217408","1915767725","0.140806"
"1915767725","2009418433","0.0624186"
"2009418433","1915767725","0.0624186"
"1915767725","2033486966","0.037037"
"2033486966","1915767725","0.037037"
"1915767725","2039242902","0.0624186"
"2039242902","1915767725","0.0624186"
"1915767725","2052870551","0.0624186"
"2052870551","1915767725","0.0624186"
"1915767725","2059949887","0.202494"
"2059949887","1915767725","0.202494"
"1915767725","2063529879","0.0624186"
"2063529879","1915767725","0.0624186"
"1915767725","2085638007","0.0490852"
"2085638007","1915767725","0.0490852"
"1915767725","2101179225","0.169851"
"2101179225","1915767725","0.169851"
"1915767725","2110893883","0.315806"
"2110893883","1915767725","0.315806"
"1915767725","2125714474","0.0490852"
"2125714474","1915767725","0.0490852"
"1915767725","2138050692","0.0624186"
"2138050692","1915767725","0.0624186"
"1915767725","2140190241","1.78226"
"2140190241","1915767725","1.78226"
"1915767725","2186428165","1.43476"
"2186428165","1915767725","1.43476"
"1915767725","2187746570","0.0503704"
"2187746570","1915767725","0.0503704"
"1915767725","2493839961","0.207177"
"2493839961","1915767725","0.207177"
"1915767725","2521971991","0.244399"
"2521971991","1915767725","0.244399"
"1915767725","2949484951","0.037037"
"2949484951","1915767725","0.037037"
"1915767725","54446695","0.0490852"
"54446695","1915767725","0.0490852"
"1974217408","2009418433","0.644209"
"2009418433","1974217408","0.644209"
"1974217408","2033486966","0.207057"
"2033486966","1974217408","0.207057"
"1974217408","2039242902","0.898952"
"2039242902","1974217408","0.898952"
"1974217408","2059949887","0.249471"
"2059949887","1974217408","0.249471"
"1974217408","2085638007","1.06802"
"2085638007","1974217408","1.06802"
"1974217408","2110893883","2.30194"
"2110893883","1974217408","2.30194"
"1974217408","2125714474","1.28678"
"2125714474","1974217408","1.28678"
"1974217408","2138050692","0.508495"
"2138050692","1974217408","0.508495"
"1974217408","2187746570","0.886904"
"2187746570","1974217408","0.886904"
"1974217408","2949484951","0.207057"
"2949484951","1974217408","0.207057"
"2009418433","2033486966","0.0517429"
"2033486966","2009418433","0.0517429"
"2009418433","2039242902","0.477939"
"2039242902","2009418433","0.477939"
"2009418433","2052870551","0.644606"
"2052870551","2009418433","0.644606"
"2009418433","2059949887","0.0595019"
"2059949887","2009418433","0.0595019"
"2009418433","2063529879","0.451623"
"2063529879","2009418433","0.451623"
"2009418433","2085638007","0.104956"
"2085638007","2009418433","0.104956"
"2009418433","2101179225","0.060787"
"2101179225","2009418433","0.060787"
"2009418433","2110893883","0.314299"
"2110893883","2009418433","0.314299"
"2009418433","2125714474","0.134368"
"2125714474","2009418433","0.134368"
"2009418433","2138050692","0.144606"
"2138050692","2009418433","0.144606"
"2009418433","2140190241","0.734754"
"2140190241","2009418433","0.734754"
"2009418433","2186428165","0.534754"
"2186428165","2009418433","0.534754"
"2009418433","2187746570","0.132557"
"2187746570","2009418433","0.132557"
"2009418433","2493839961","0.348206"
"2493839961","2009418433","0.348206"
"2009418433","2521971991","0.0624186"
"2521971991","2009418433","0.0624186"
"2009418433","2949484951","0.0517429"
"2949484951","2009418433","0.0517429"
"2009418433","54446695","0.0595019"
"54446695","2009418433","0.0595019"
"2033486966","2039242902","0.101443"
"2039242902","2033486966","0.101443"
"2033486966","2052870551","0.101443"
"2052870551","2033486966","0.101443"
"2033486966","2059949887","0.0770523"
"2059949887","2033486966","0.0770523"
"2033486966","2063529879","0.101443"
"2063529879","2033486966","0.101443"
"2033486966","2085638007","0.101443"
"2085638007","2033486966","0.101443"
"2033486966","2101179225","0.0770523"
"2101179225","2033486966","0.0770523"
"2033486966","2110893883","0.321506"
"2110893883","2033486966","0.321506"
"2033486966","2125714474","0.101443"
"2125714474","2033486966","0.101443"
"2033486966","2138050692","0.052662"
"2138050692","2033486966","0.052662"
"2033486966","2140190241","0.349915"
"2140190241","2033486966","0.349915"
"2033486966","2186428165","0.388024"
"2186428165","2033486966","0.388024"
"2033486966","2187746570","0.101443"
"2187746570","2033486966","0.101443"
"2033486966","2493839961","0.579081"
"2493839961","2033486966","0.579081"
"2033486966","2521971991","0.0770523"
"2521971991","2033486966","0.0770523"
"2033486966","2949484951","4.35289"
"2949484951","2033486966","4.35289"
"2033486966","54446695","0.0614273"
"54446695","2033486966","0.0614273"
"2039242902","2052870551","1.22133"
"2052870551","2039242902","1.22133"
"2039242902","2059949887","0.176554"
"2059949887","2039242902","0.176554"
"2039242902","2063529879","1.21931"
"2063529879","2039242902","1.21931"
"2039242902","2085638007","0.721297"
"2085638007","2039242902","0.721297"
"2039242902","2101179225","0.225458"
"2101179225","2039242902","0.225458"
"2039242902","2110893883","0.719796"
"2110893883","2039242902","0.719796"
"2039242902","2125714474","0.635668"
"2125714474","2039242902","0.635668"
"2039242902","2138050692","0.518912"
"2138050692","2039242902","0.518912"
"2039242902","2140190241","0.926462"
"2140190241","2039242902","0.926462"
"2039242902","2186428165","0.808999"
"2186428165","2039242902","0.808999"
"2039242902","2187746570","1.99134"
"2187746570","2039242902","1.99134"
"2039242902","2493839961","0.784826"
"2493839961","2039242902","0.784826"
"2039242902","2521971991","0.22709"
"2521971991","2039242902","0.22709"
"2039242902","2949484951","0.101443"
"2949484951","2039242902","0.101443"
"2039242902","54446695","0.0838921"
"54446695","2039242902","0.0838921"
"2052870551","2059949887","0.176554"
"2059949887","2052870551","0.176554"
"2052870551","2085638007","1.44511"
"2085638007","2052870551","1.44511"
"2052870551","2110893883","1.27657"
"2110893883","2052870551","1.27657"
"2052870551","2125714474","0.849954"
"2125714474","2052870551","0.849954"
"2052870551","2138050692","0.518912"
"2138050692","2052870551","0.518912"
"2052870551","2187746570","0.875953"
"2187746570","2052870551","0.875953"
"2052870551","2949484951","0.101443"
"2949484951","2052870551","0.101443"
"2059949887","2063529879","0.176554"
"2063529879","2059949887","0.176554"
"2059949887","2085638007","0.176554"
"2085638007","2059949887","0.176554"
"2059949887","2101179225","1.07069"
"2101179225","2059949887","1.07069"
"2059949887","2110893883","0.199054"
"2110893883","2059949887","0.199054"
"2059949887","2125714474","0.176554"
"2125714474","2059949887","0.176554"
"2059949887","2138050692","0.152164"
"2138050692","2059949887","0.152164"
"2059949887","2140190241","0.661903"
"2140190241","2059949887","0.661903"
"2059949887","2186428165","0.72857"
"2186428165","2059949887","0.72857"
"2059949887","2187746570","0.164506"
"2187746570","2059949887","0.164506"
"2059949887","2493839961","0.322388"
"2493839961","2059949887","0.322388"
"2059949887","2521971991","0.88482"
"2521971991","2059949887","0.88482"
"2059949887","2949484951","0.0770523"
"2949484951","2059949887","0.0770523"
"2059949887","54446695","0.332499"
"54446695","2059949887","0.332499"
"2063529879","2085638007","1.44511"
"2085638007","2063529879","1.44511"
"2063529879","2110893883","1.05477"
"2110893883","2063529879","1.05477"
"2063529879","2125714474","0.926877"
"2125714474","2063529879","0.926877"
"2063529879","2138050692","0.439965"
"2138050692","2063529879","0.439965"
"2063529879","2187746570","0.873928"
"2187746570","2063529879","0.873928"
"2063529879","2949484951","0.101443"
"2949484951","2063529879","0.101443"
"2085638007","2101179225","0.212125"
"2101179225","2085638007","0.212125"
"2085638007","2110893883","0.952725"
"2110893883","2085638007","0.952725"
"2085638007","2125714474","1.45416"
"2125714474","2085638007","1.45416"
"2085638007","2138050692","0.407763"
"2138050692","2085638007","0.407763"
"2085638007","2140190241","1.89511"
"2140190241","2085638007","1.89511"
"2085638007","2186428165","1.52526"
"2186428165","2085638007","1.52526"
"2085638007","2187746570","0.709248"
"2187746570","2085638007","0.709248"
"2085638007","2493839961","0.945106"
"2493839961","2085638007","0.945106"
"2085638007","2521971991","0.428042"
"2521971991","2085638007","0.428042"
"2085638007","2949484951","0.101443"
"2949484951","2085638007","0.101443"
"2085638007","54446695","0.0838921"
"54446695","2085638007","0.0838921"
"2101179225","2110893883","0.137839"
"2110893883","2101179225","0.137839"
"2101179225","2125714474","0.212125"
"2125714474","2101179225","0.212125"
"2101179225","2138050692","0.201068"
"2138050692","2101179225","0.201068"
"2101179225","2187746570","0.225458"
"2187746570","2101179225","0.225458"
"2101179225","2949484951","0.0770523"
"2949484951","2101179225","0.0770523"
"2110893883","2125714474","0.627161"
"2125714474","2110893883","0.627161"
"2110893883","2138050692","0.312245"
"2138050692","2110893883","0.312245"
"2110893883","2140190241","5.42679"
"2140190241","2110893883","5.42679"
"2110893883","2186428165","12.4587"
"2186428165","2110893883","12.4587"
"2110893883","2187746570","0.707748"
"2187746570","2110893883","0.707748"
"2110893883","2493839961","5.18299"
"2493839961","2110893883","5.18299"
"2110893883","2521971991","0.640066"
"2521971991","2110893883","0.640066"
"2110893883","2949484951","0.178648"
"2949484951","2110893883","0.178648"
"2110893883","54446695","0.0838921"
"54446695","2110893883","0.0838921"
"2125714474","2138050692","0.343298"
"2138050692","2125714474","0.343298"
"2125714474","2140190241","1.42027"
"2140190241","2125714474","1.42027"
"2125714474","2186428165","0.955408"
"2186428165","2125714474","0.955408"
"2125714474","2187746570","0.62362"
"2187746570","2125714474","0.62362"
"2125714474","2493839961","0.779799"
"2493839961","2125714474","0.779799"
"2125714474","2521971991","0.285185"
"2521971991","2125714474","0.285185"
"2125714474","2949484951","0.101443"
"2949484951","2125714474","0.101443"
"2125714474","54446695","0.0838921"
"54446695","2125714474","0.0838921"
"2138050692","2140190241","0.518912"
"2140190241","2138050692","0.518912"
"2138050692","2186428165","0.471293"
"2186428165","2138050692","0.471293"
"2138050692","2187746570","0.506864"
"2187746570","2138050692","0.506864"
"2138050692","2493839961","0.471293"
"2493839961","2138050692","0.471293"
"2138050692","2521971991","0.2027"
"2521971991","2138050692","0.2027"
"2138050692","2949484951","0.052662"
"2949484951","2138050692","0.052662"
"2138050692","54446695","0.0595019"
"54446695","2138050692","0.0595019"
"2140190241","2187746570","0.914414"
"2187746570","2140190241","0.914414"
"2140190241","2949484951","0.207057"
"2949484951","2140190241","0.207057"
"2186428165","2187746570","0.79695"
"2187746570","2186428165","0.79695"
"2186428165","2949484951","0.245167"
"2949484951","2186428165","0.245167"
"2187746570","2493839961","0.772778"
"2493839961","2187746570","0.772778"
"2187746570","2521971991","0.215042"
"2521971991","2187746570","0.215042"
"2187746570","2949484951","0.101443"
"2949484951","2187746570","0.101443"
"2187746570","54446695","0.0718439"
"54446695","2187746570","0.0718439"
"2493839961","2949484951","0.436224"
"2949484951","2493839961","0.436224"
"2521971991","2949484951","0.0770523"
"2949484951","2521971991","0.0770523"
"2949484951","54446695","0.0614273"
"54446695","2949484951","0.0614273"
"1011630013","1160301755","0.0526316"
"1160301755","1011630013","0.0526316"
"1011630013","1498726635","0.0714995"
"1498726635","1011630013","0.0714995"
"1011630013","1515347377","0.526588"
"1515347377","1011630013","0.526588"
"1011630013","1575419735","0.18511"
"1575419735","1011630013","0.18511"
"1011630013","1631295847","0.0659649"
"1631295847","1011630013","0.0659649"
"1011630013","1976235497","0.361203"
"1976235497","1011630013","0.361203"
"1011630013","2078842512","0.142888"
"2078842512","1011630013","0.142888"
"1011630013","2098376057","0.0659649"
"2098376057","1011630013","0.0659649"
"1011630013","2101735626","0.0714995"
"2101735626","1011630013","0.0714995"
"1011630013","2116478996","0.0526316"
"2116478996","1011630013","0.0526316"
"1011630013","2117247700","0.312342"
"2117247700","1011630013","0.312342"
"1011630013","2143181293","0.312342"
"2143181293","1011630013","0.312342"
"1011630013","2169257901","0.0714995"
"2169257901","1011630013","0.0714995"
"1011630013","2341062324","0.142888"
"2341062324","1011630013","0.142888"
"1011630013","82830760","0.142888"
"82830760","1011630013","0.142888"
"1160301755","1498726635","2.13093"
"1498726635","1160301755","2.13093"
"1160301755","1515347377","0.112832"
"1515347377","1160301755","0.112832"
"1160301755","1575419735","0.171656"
"1575419735","1160301755","0.171656"
"1160301755","1631295847","0.554733"
"1631295847","1160301755","0.554733"
"1160301755","1974217408","0.165464"
"1974217408","1160301755","0.165464"
"1160301755","1976235497","0.174371"
"1976235497","1160301755","0.174371"
"1160301755","2078842512","0.881185"
"2078842512","1160301755","0.881185"
"1160301755","2098376057","0.704306"
"2098376057","1160301755","0.704306"
"1160301755","2101735626","1.547"
"2101735626","1160301755","1.547"
"1160301755","2110893883","0.966999"
"2110893883","1160301755","0.966999"
"1160301755","2116478996","0.0734649"
"2116478996","1160301755","0.0734649"
"1160301755","2117247700","0.300702"
"2117247700","1160301755","0.300702"
"1160301755","2143181293","0.618476"
"2143181293","1160301755","0.618476"
"1160301755","2169257901","2.68975"
"2169257901","1160301755","2.68975"
"1160301755","2186428165","4.86773"
"2186428165","1160301755","4.86773"
"1160301755","2341062324","0.841185"
"2341062324","1160301755","0.841185"
"1160301755","2493839961","0.0526316"
"2493839961","1160301755","0.0526316"
"1160301755","82830760","0.992296"
"82830760","1160301755","0.992296"
"1498726635","1515347377","0.127538"
"1515347377","1498726635","0.127538"
"1498726635","1575419735","0.112832"
"1575419735","1498726635","0.112832"
"1498726635","1631295847","0.305924"
"1631295847","1498726635","0.305924"
"1498726635","1974217408","0.158454"
"1974217408","1498726635","0.158454"
"1498726635","1976235497","0.119993"
"1976235497","1498726635","0.119993"
"1498726635","2078842512","0.344385"
"2078842512","1498726635","0.344385"
"1498726635","2098376057","0.344385"
"2098376057","1498726635","0.344385"
"1498726635","2101735626","1.68474"
"2101735626","1498726635","1.68474"
"1498726635","2110893883","0.616788"
"2110893883","1498726635","0.616788"
"1498726635","2116478996","0.0734649"
"2116478996","1498726635","0.0734649"
"1498726635","2117247700","0.243129"
"2117247700","1498726635","0.243129"
"1498726635","2143181293","0.462657"
"2143181293","1498726635","0.462657"
"1498726635","2169257901","3.34322"
"2169257901","1498726635","3.34322"
"1498726635","2186428165","1.64322"
"2186428165","1498726635","1.64322"
"1498726635","2341062324","0.304385"
"2341062324","1498726635","0.304385"
"1498726635","2493839961","0.0982536"
"2493839961","1498726635","0.0982536"
"1498726635","82830760","0.344385"
"82830760","1498726635","0.344385"
"1515347377","1575419735","0.112832"
"1575419735","1515347377","0.112832"
"1515347377","1631295847","0.172594"
"1631295847","1515347377","0.172594"
"1515347377","1974217408","0.13366"
"1974217408","1515347377","0.13366"
"1515347377","1976235497","0.214796"
"1976235497","1515347377","0.214796"
"1515347377","2078842512","0.337978"
"2078842512","1515347377","0.337978"
"1515347377","2098376057","0.211055"
"2098376057","1515347377","0.211055"
"1515347377","2101735626","0.127538"
"2101735626","1515347377","0.127538"
"1515347377","2110893883","0.636957"
"2110893883","1515347377","0.636957"
"1515347377","2116478996","0.0526316"
"2116478996","1515347377","0.0526316"
"1515347377","2117247700","0.0743707"
"2117247700","1515347377","0.0743707"
"1515347377","2143181293","0.0994933"
"2143181293","1515347377","0.0994933"
"1515347377","2169257901","0.137955"
"2169257901","1515347377","0.137955"
"1515347377","2186428165","0.860309"
"2186428165","1515347377","0.860309"
"1515347377","2341062324","0.287978"
"2341062324","1515347377","0.287978"
"1515347377","2493839961","0.154596"
"2493839961","1515347377","0.154596"
"1515347377","82830760","0.337978"
"82830760","1515347377","0.337978"
"1575419735","1631295847","0.0743707"
"1631295847","1575419735","0.0743707"
"1575419735","1974217408","0.0743707"
"1974217408","1575419735","0.0743707"
"1575419735","1976235497","0.0743707"
"1976235497","1575419735","0.0743707"
"1575419735","2078842512","0.171656"
