"1507034068","1514686118","7.56905"
"1514686118","1507034068","7.56905"
"1507034068","1880604373","1.18571"
"1880604373","1507034068","1.18571"
"1507034068","2108857243","1.18571"
"2108857243","1507034068","1.18571"
"1507034068","2118146180","0.985714"
"2118146180","1507034068","0.985714"
"1507034068","2164217793","0.985714"
"2164217793","1507034068","0.985714"
"1507034068","28210162","0.866667"
"28210162","1507034068","0.866667"
"1514686118","1880604373","1.35238"
"1880604373","1514686118","1.35238"
"1514686118","2108857243","1.35238"
"2108857243","1514686118","1.35238"
"1514686118","2118146180","1.35238"
"2118146180","1514686118","1.35238"
"1514686118","2164217793","1.35238"
"2164217793","1514686118","1.35238"
"1514686118","28210162","0.166667"
"28210162","1514686118","0.166667"
"1880604373","2108857243","31.1774"
"2108857243","1880604373","31.1774"
"1880604373","2118146180","31.9774"
"2118146180","1880604373","31.9774"
"1880604373","2164217793","31.4774"
"2164217793","1880604373","31.4774"
"1880604373","28210162","0.908333"
"28210162","1880604373","0.908333"
"2108857243","2118146180","29.9774"
"2118146180","2108857243","29.9774"
"2108857243","2164217793","29.4774"
"2164217793","2108857243","29.4774"
"2108857243","28210162","0.908333"
"28210162","2108857243","0.908333"
"2118146180","2164217793","34.4774"
"2164217793","2118146180","34.4774"
"2118146180","28210162","0.708333"
"28210162","2118146180","0.708333"
"2164217793","28210162","0.708333"
"28210162","2164217793","0.708333"
"1507034068","1554138886","3.64286"
"1554138886","1507034068","3.64286"
"1507034068","9200278","4.66667"
"9200278","1507034068","4.66667"
"1507034068","32535764","1.33333"
"32535764","1507034068","1.33333"
"1507034068","1559060276","2.47619"
"1559060276","1507034068","2.47619"
"1507034068","2167341328","3.95"
"2167341328","1507034068","3.95"
"1559060276","2167341328","1.15833"
"2167341328","1559060276","1.15833"
"1554138886","28210162","0.666667"
"28210162","1554138886","0.666667"
"1514686118","2167341328","1.25"
"2167341328","1514686118","1.25"
"1507034068","69783631","1.58333"
"69783631","1507034068","1.58333"
"1514686118","1559060276","0.642857"
"1559060276","1514686118","0.642857"
"1514686118","69783631","2.41667"
"69783631","1514686118","2.41667"
"1559060276","69783631","2.29167"
"69783631","1559060276","2.29167"
"1507034068","1539741229","0.392857"
"1539741229","1507034068","0.392857"
"1514686118","1539741229","0.92619"
"1539741229","1514686118","0.92619"
"1514686118","1554138886","1.47619"
"1554138886","1514686118","1.47619"
"1539741229","1554138886","1.14286"
"1554138886","1539741229","1.14286"
"1539741229","1880604373","0.759524"
"1880604373","1539741229","0.759524"
"1539741229","2108857243","0.759524"
"2108857243","1539741229","0.759524"
"1539741229","2118146180","0.759524"
"2118146180","1539741229","0.759524"
"1539741229","2164217793","0.759524"
"2164217793","1539741229","0.759524"
"1554138886","1880604373","0.842857"
"1880604373","1554138886","0.842857"
"1554138886","2108857243","0.642857"
"2108857243","1554138886","0.642857"
"1554138886","2118146180","0.642857"
"2118146180","1554138886","0.642857"
"1554138886","2164217793","0.642857"
"2164217793","1554138886","0.642857"
"1507034068","57328210","0.842857"
"57328210","1507034068","0.842857"
"1880604373","2167341328","0.691667"
"2167341328","1880604373","0.691667"
"1880604373","57328210","1.17619"
"57328210","1880604373","1.17619"
"2108857243","2167341328","0.491667"
"2167341328","2108857243","0.491667"
"2108857243","57328210","1.17619"
"57328210","2108857243","1.17619"
"2167341328","28210162","0.491667"
"28210162","2167341328","0.491667"
"2167341328","57328210","0.533333"
"57328210","2167341328","0.533333"
"28210162","57328210","0.7"
"57328210","28210162","0.7"
"1514686118","57328210","0.809524"
"57328210","1514686118","0.809524"
"1559060276","1880604373","0.634524"
"1880604373","1559060276","0.634524"
"1559060276","2108857243","0.434524"
"2108857243","1559060276","0.434524"
"1559060276","2118146180","0.434524"
"2118146180","1559060276","0.434524"
"1559060276","2164217793","0.434524"
"2164217793","1559060276","0.434524"
"1559060276","57328210","2.30952"
"57328210","1559060276","2.30952"
"2118146180","57328210","0.97619"
"57328210","2118146180","0.97619"
"2164217793","57328210","0.97619"
"57328210","2164217793","0.97619"
"1559060276","9200278","1.7"
"9200278","1559060276","1.7"
"1554138886","32535764","0.533333"
"32535764","1554138886","0.533333"
"1554138886","9200278","6.86667"
"9200278","1554138886","6.86667"
"32535764","9200278","0.866667"
"9200278","32535764","0.866667"
"1539741229","2167341328","0.25"
"2167341328","1539741229","0.25"
"1539741229","69783631","0.583333"
"69783631","1539741229","0.583333"
"2167341328","69783631","0.708333"
"69783631","2167341328","0.708333"
"1507034068","1524761913","0.333333"
"1524761913","1507034068","0.333333"
"1524761913","1554138886","0.333333"
"1554138886","1524761913","0.333333"
"1524761913","9200278","0.333333"
"9200278","1524761913","0.333333"
"1514686118","32535764","0.333333"
"32535764","1514686118","0.333333"
"1539741229","32535764","3.5"
"32535764","1539741229","3.5"
"32535764","69783631","0.791667"
"69783631","32535764","0.791667"
"1525877877","2023612196","0.333333"
"2023612196","1525877877","0.333333"
"1525877877","2167341328","0.333333"
"2167341328","1525877877","0.333333"
"1525877877","57328210","0.833333"
"57328210","1525877877","0.833333"
"2023612196","2167341328","0.333333"
"2167341328","2023612196","0.333333"
"2023612196","57328210","0.333333"
"57328210","2023612196","0.333333"
"1525877877","9200278","0.5"
"9200278","1525877877","0.5"
"57328210","9200278","2"
"9200278","57328210","2"
"1525877877","1559060276","1"
"1559060276","1525877877","1"
"1539741229","57328210","0.166667"
"57328210","1539741229","0.166667"
"1880604373","32535764","0.491667"
"32535764","1880604373","0.491667"
"2108857243","32535764","0.291667"
"32535764","2108857243","0.291667"
"2118146180","32535764","0.291667"
"32535764","2118146180","0.291667"
"2164217793","32535764","0.625"
"32535764","2164217793","0.625"
"32535764","57328210","0.166667"
"57328210","32535764","0.166667"
"1554138886","1559060276","0.2"
"1559060276","1554138886","0.2"
"1554138886","2167341328","0.366667"
"2167341328","1554138886","0.366667"
"1559060276","32535764","0.658333"
"32535764","1559060276","0.658333"
"1880604373","9200278","0.2"
"9200278","1880604373","0.2"
"2167341328","32535764","0.991667"
"32535764","2167341328","0.991667"
"2167341328","9200278","0.533333"
"9200278","2167341328","0.533333"
"2118146180","2167341328","0.291667"
"2167341328","2118146180","0.291667"
"2164217793","2167341328","0.625"
"2167341328","2164217793","0.625"
"1558958656","1716952262","0.5"
"1716952262","1558958656","0.5"
"1558958656","1923944615","0.5"
"1923944615","1558958656","0.5"
"1716952262","1923944615","35.5"
"1923944615","1716952262","35.5"
"1559060276","28210162","0.625"
"28210162","1559060276","0.625"
"28210162","9200278","1"
"9200278","28210162","1"
"1880604373","69783631","0.125"
"69783631","1880604373","0.125"
"2108857243","69783631","0.125"
"69783631","2108857243","0.125"
"2118146180","69783631","0.125"
"69783631","2118146180","0.125"
"2164217793","69783631","0.125"
"69783631","2164217793","0.125"
"28210162","32535764","0.125"
"32535764","28210162","0.125"
"28210162","69783631","0.125"
"69783631","28210162","0.125"
"1623603061","2952458933","3.75"
"2952458933","1623603061","3.75"
"1623603061","2126833378","0.75"
"2126833378","1623603061","0.75"
"2126833378","2952458933","0.75"
"2952458933","2126833378","0.75"
"1623603061","2101515913","0.25"
"2101515913","1623603061","0.25"
"1623603061","2140937627","0.25"
"2140937627","1623603061","0.25"
"2101515913","2126833378","1.25"
"2126833378","2101515913","1.25"
"2101515913","2140937627","1.25"
"2140937627","2101515913","1.25"
"2101515913","2952458933","0.25"
"2952458933","2101515913","0.25"
"2126833378","2140937627","2.75"
"2140937627","2126833378","2.75"
"2140937627","2952458933","0.25"
"2952458933","2140937627","0.25"
"2023612196","2126833378","1"
"2126833378","2023612196","1"
"2069003154","2110228583","12.1762"
"2110228583","2069003154","12.1762"
"2069003154","2104942079","1.17619"
"2104942079","2069003154","1.17619"
"2069003154","2112508839","0.142857"
"2112508839","2069003154","0.142857"
"2069003154","2126002144","0.342857"
"2126002144","2069003154","0.342857"
"2069003154","2160092878","0.342857"
"2160092878","2069003154","0.342857"
"2069003154","2169113736","1.67619"
"2169113736","2069003154","1.67619"
"2069003154","2584778415","0.142857"
"2584778415","2069003154","0.142857"
"2104942079","2110228583","2.50952"
"2110228583","2104942079","2.50952"
"2104942079","2112508839","0.285714"
"2112508839","2104942079","0.285714"
"2104942079","2126002144","0.485714"
"2126002144","2104942079","0.485714"
"2104942079","2160092878","1.98571"
"2160092878","2104942079","1.98571"
"2104942079","2169113736","1.15238"
"2169113736","2104942079","1.15238"
"2104942079","2584778415","0.285714"
"2584778415","2104942079","0.285714"
"2110228583","2112508839","0.642857"
"2112508839","2110228583","0.642857"
"2110228583","2126002144","1.34286"
"2126002144","2110228583","1.34286"
"2110228583","2160092878","0.342857"
"2160092878","2110228583","0.342857"
"2110228583","2169113736","2.50952"
"2169113736","2110228583","2.50952"
"2110228583","2584778415","0.142857"
"2584778415","2110228583","0.142857"
"2112508839","2126002144","0.935714"
"2126002144","2112508839","0.935714"
"2112508839","2160092878","1.73571"
"2160092878","2112508839","1.73571"
"2112508839","2169113736","1.43571"
"2169113736","2112508839","1.43571"
"2112508839","2584778415","3.93571"
"2584778415","2112508839","3.93571"
"2126002144","2160092878","0.685714"
"2160092878","2126002144","0.685714"
"2126002144","2169113736","0.885714"
"2169113736","2126002144","0.885714"
"2126002144","2584778415","0.935714"
"2584778415","2126002144","0.935714"
"2160092878","2169113736","0.935714"
"2169113736","2160092878","0.935714"
"2160092878","2584778415","0.485714"
"2584778415","2160092878","0.485714"
"2169113736","2584778415","0.685714"
"2584778415","2169113736","0.685714"
"2070815407","2110228583","1.33333"
"2110228583","2070815407","1.33333"
"2070815407","2112508839","2.04286"
"2112508839","2070815407","2.04286"
"2070815407","2126002144","0.792857"
"2126002144","2070815407","0.792857"
"2070815407","2169113736","1.12619"
"2169113736","2070815407","1.12619"
"2070815407","2584778415","1.29286"
"2584778415","2070815407","1.29286"
"2070815407","2946387282","2.34286"
"2946387282","2070815407","2.34286"
"2112508839","2946387282","1.84286"
"2946387282","2112508839","1.84286"
"2126002144","2946387282","0.592857"
"2946387282","2126002144","0.592857"
"2169113736","2946387282","0.592857"
"2946387282","2169113736","0.592857"
"2584778415","2946387282","5.09286"
"2946387282","2584778415","5.09286"
"2070815407","2104942079","0.97619"
"2104942079","2070815407","0.97619"
"2070815407","2160092878","1.09286"
"2160092878","2070815407","1.09286"
"2160092878","2946387282","0.392857"
"2946387282","2160092878","0.392857"
"2104942079","2946387282","0.142857"
"2946387282","2104942079","0.142857"
"2101515913","2952851630","2"
"2952851630","2101515913","2"
"2126833378","9200278","1.5"
"9200278","2126833378","1.5"
"2140937627","9200278","0.5"
"9200278","2140937627","0.5"
"2164217793","9200278","0.333333"
"9200278","2164217793","0.333333"
