"1017595040","1552066052","2"
"1552066052","1017595040","2"
"1017595040","2031253505","0.25"
"2031253505","1017595040","0.25"
"1017595040","2122290076","0.25"
"2122290076","1017595040","0.25"
"1017595040","2165157425","0.25"
"2165157425","1017595040","0.25"
"1017595040","2949453001","0.25"
"2949453001","1017595040","0.25"
"2031253505","2122290076","1.49008"
"2122290076","2031253505","1.49008"
"2031253505","2165157425","3.60675"
"2165157425","2031253505","3.60675"
"2031253505","2949453001","1.65675"
"2949453001","2031253505","1.65675"
"2122290076","2165157425","3.68452"
"2165157425","2122290076","3.68452"
"2122290076","2949453001","7.1623"
"2949453001","2122290076","7.1623"
"2165157425","2949453001","1.85119"
"2949453001","2165157425","1.85119"
"1017595040","1614402053","0.5"
"1614402053","1017595040","0.5"
"1017595040","2113841199","0.5"
"2113841199","1017595040","0.5"
"1614402053","2113841199","0.5"
"2113841199","1614402053","0.5"
"1218774","1725819718","0.166667"
"1725819718","1218774","0.166667"
"1218774","1994354282","0.47549"
"1994354282","1218774","0.47549"
"1218774","2058329128","0.808824"
"2058329128","1218774","0.808824"
"1218774","2092262612","0.166667"
"2092262612","1218774","0.166667"
"1218774","2144006311","0.166667"
"2144006311","1218774","0.166667"
"1218774","2163372266","1.64973"
"2163372266","1218774","1.64973"
"1725819718","1994354282","0.166667"
"1994354282","1725819718","0.166667"
"1725819718","2058329128","0.166667"
"2058329128","1725819718","0.166667"
"1725819718","2092262612","0.366667"
"2092262612","1725819718","0.366667"
"1725819718","2144006311","0.166667"
"2144006311","1725819718","0.166667"
"1725819718","2163372266","0.166667"
"2163372266","1725819718","0.166667"
"1994354282","2058329128","1.80882"
"2058329128","1994354282","1.80882"
"1994354282","2092262612","0.166667"
"2092262612","1994354282","0.166667"
"1994354282","2144006311","2.17619"
"2144006311","1994354282","2.17619"
"1994354282","2163372266","0.47549"
"2163372266","1994354282","0.47549"
"2058329128","2092262612","0.166667"
"2092262612","2058329128","0.166667"
"2058329128","2144006311","0.5"
"2144006311","2058329128","0.5"
"2058329128","2163372266","0.808824"
"2163372266","2058329128","0.808824"
"2092262612","2144006311","0.166667"
"2144006311","2092262612","0.166667"
"2092262612","2163372266","0.166667"
"2163372266","2092262612","0.166667"
"2144006311","2163372266","0.166667"
"2163372266","2144006311","0.166667"
"1218774","2007682403","0.308824"
"2007682403","1218774","0.308824"
"1218774","2008138653","0.0588235"
"2008138653","1218774","0.0588235"
"1218774","2032987837","0.0588235"
"2032987837","1218774","0.0588235"
"1218774","2047834079","0.0588235"
"2047834079","1218774","0.0588235"
"1218774","2102462631","0.0588235"
"2102462631","1218774","0.0588235"
"1218774","2105484782","0.0588235"
"2105484782","1218774","0.0588235"
"1218774","2108075439","0.308824"
"2108075439","1218774","0.308824"
"1218774","2111560558","0.0588235"
"2111560558","1218774","0.0588235"
"1218774","2156165625","0.308824"
"2156165625","1218774","0.308824"
"1218774","2165528679","0.0588235"
"2165528679","1218774","0.0588235"
"1218774","2265029111","0.0588235"
"2265029111","1218774","0.0588235"
"1218774","2792572948","0.0588235"
"2792572948","1218774","0.0588235"
"1218774","2981240275","0.0588235"
"2981240275","1218774","0.0588235"
"1218774","99256032","0.0588235"
"99256032","1218774","0.0588235"
"1994354282","2007682403","0.0588235"
"2007682403","1994354282","0.0588235"
"1994354282","2008138653","0.0588235"
"2008138653","1994354282","0.0588235"
"1994354282","2032987837","0.0588235"
"2032987837","1994354282","0.0588235"
"1994354282","2047834079","0.0588235"
"2047834079","1994354282","0.0588235"
"1994354282","2102462631","0.0588235"
"2102462631","1994354282","0.0588235"
"1994354282","2105484782","0.0588235"
"2105484782","1994354282","0.0588235"
"1994354282","2108075439","0.0588235"
"2108075439","1994354282","0.0588235"
"1994354282","2111560558","0.0588235"
"2111560558","1994354282","0.0588235"
"1994354282","2156165625","0.0588235"
"2156165625","1994354282","0.0588235"
"1994354282","2165528679","0.0588235"
"2165528679","1994354282","0.0588235"
"1994354282","2265029111","0.0588235"
"2265029111","1994354282","0.0588235"
"1994354282","2792572948","0.0588235"
"2792572948","1994354282","0.0588235"
"1994354282","2981240275","0.0588235"
"2981240275","1994354282","0.0588235"
"1994354282","99256032","0.0588235"
"99256032","1994354282","0.0588235"
"2007682403","2008138653","0.135747"
"2008138653","2007682403","0.135747"
"2007682403","2032987837","0.0588235"
"2032987837","2007682403","0.0588235"
"2007682403","2047834079","0.0588235"
"2047834079","2007682403","0.0588235"
"2007682403","2058329128","0.0588235"
"2058329128","2007682403","0.0588235"
"2007682403","2102462631","0.226656"
"2102462631","2007682403","0.226656"
"2007682403","2105484782","0.875716"
"2105484782","2007682403","0.875716"
"2007682403","2108075439","18.2443"
"2108075439","2007682403","18.2443"
"2007682403","2111560558","0.404287"
"2111560558","2007682403","0.404287"
"2007682403","2156165625","1.84595"
"2156165625","2007682403","1.84595"
"2007682403","2163372266","0.760747"
"2163372266","2007682403","0.760747"
"2007682403","2165528679","0.0588235"
"2165528679","2007682403","0.0588235"
"2007682403","2265029111","0.0588235"
"2265029111","2007682403","0.0588235"
"2007682403","2792572948","0.183824"
"2792572948","2007682403","0.183824"
"2007682403","2981240275","0.0588235"
"2981240275","2007682403","0.0588235"
"2007682403","99256032","0.0588235"
"99256032","2007682403","0.0588235"
"2008138653","2032987837","0.0588235"
"2032987837","2008138653","0.0588235"
"2008138653","2047834079","0.0588235"
"2047834079","2008138653","0.0588235"
"2008138653","2058329128","0.0588235"
"2058329128","2008138653","0.0588235"
"2008138653","2102462631","0.0588235"
"2102462631","2008138653","0.0588235"
"2008138653","2105484782","0.0588235"
"2105484782","2008138653","0.0588235"
"2008138653","2108075439","0.135747"
"2108075439","2008138653","0.135747"
"2008138653","2111560558","0.0588235"
"2111560558","2008138653","0.0588235"
"2008138653","2156165625","0.0588235"
"2156165625","2008138653","0.0588235"
"2008138653","2163372266","0.0588235"
"2163372266","2008138653","0.0588235"
"2008138653","2165528679","1.05882"
"2165528679","2008138653","1.05882"
"2008138653","2265029111","0.0588235"
"2265029111","2008138653","0.0588235"
"2008138653","2792572948","0.0588235"
"2792572948","2008138653","0.0588235"
"2008138653","2981240275","0.0588235"
"2981240275","2008138653","0.0588235"
"2008138653","99256032","0.0588235"
"99256032","2008138653","0.0588235"
"2032987837","2047834079","0.0588235"
"2047834079","2032987837","0.0588235"
"2032987837","2058329128","0.0588235"
"2058329128","2032987837","0.0588235"
"2032987837","2102462631","0.0588235"
"2102462631","2032987837","0.0588235"
"2032987837","2105484782","0.0588235"
"2105484782","2032987837","0.0588235"
"2032987837","2108075439","0.0588235"
"2108075439","2032987837","0.0588235"
"2032987837","2111560558","0.0588235"
"2111560558","2032987837","0.0588235"
"2032987837","2156165625","0.0588235"
"2156165625","2032987837","0.0588235"
"2032987837","2163372266","0.0588235"
"2163372266","2032987837","0.0588235"
"2032987837","2165528679","1.05882"
"2165528679","2032987837","1.05882"
"2032987837","2265029111","1.30882"
"2265029111","2032987837","1.30882"
"2032987837","2792572948","0.258824"
"2792572948","2032987837","0.258824"
"2032987837","2981240275","0.558824"
"2981240275","2032987837","0.558824"
"2032987837","99256032","0.0588235"
"99256032","2032987837","0.0588235"
"2047834079","2058329128","0.0588235"
"2058329128","2047834079","0.0588235"
"2047834079","2102462631","0.0588235"
"2102462631","2047834079","0.0588235"
"2047834079","2105484782","0.0588235"
"2105484782","2047834079","0.0588235"
"2047834079","2108075439","0.0588235"
"2108075439","2047834079","0.0588235"
"2047834079","2111560558","0.0588235"
"2111560558","2047834079","0.0588235"
"2047834079","2156165625","0.0588235"
"2156165625","2047834079","0.0588235"
"2047834079","2163372266","0.0588235"
"2163372266","2047834079","0.0588235"
"2047834079","2165528679","0.0588235"
"2165528679","2047834079","0.0588235"
"2047834079","2265029111","0.0588235"
"2265029111","2047834079","0.0588235"
"2047834079","2792572948","0.0588235"
"2792572948","2047834079","0.0588235"
"2047834079","2981240275","0.0588235"
"2981240275","2047834079","0.0588235"
"2047834079","99256032","0.0588235"
"99256032","2047834079","0.0588235"
"2058329128","2102462631","0.0588235"
"2102462631","2058329128","0.0588235"
"2058329128","2105484782","0.0588235"
"2105484782","2058329128","0.0588235"
"2058329128","2108075439","0.0588235"
"2108075439","2058329128","0.0588235"
"2058329128","2111560558","0.0588235"
"2111560558","2058329128","0.0588235"
"2058329128","2156165625","0.0588235"
"2156165625","2058329128","0.0588235"
"2058329128","2165528679","0.0588235"
"2165528679","2058329128","0.0588235"
"2058329128","2265029111","0.0588235"
"2265029111","2058329128","0.0588235"
"2058329128","2792572948","0.0588235"
"2792572948","2058329128","0.0588235"
"2058329128","2981240275","0.0588235"
"2981240275","2058329128","0.0588235"
"2058329128","99256032","0.0588235"
"99256032","2058329128","0.0588235"
"2102462631","2105484782","0.226656"
"2105484782","2102462631","0.226656"
"2102462631","2108075439","0.226656"
"2108075439","2102462631","0.226656"
"2102462631","2111560558","0.226656"
"2111560558","2102462631","0.226656"
"2102462631","2156165625","0.226656"
"2156165625","2102462631","0.226656"
"2102462631","2163372266","0.135747"
"2163372266","2102462631","0.135747"
"2102462631","2165528679","0.0588235"
"2165528679","2102462631","0.0588235"
"2102462631","2265029111","0.0588235"
"2265029111","2102462631","0.0588235"
"2102462631","2792572948","0.0588235"
"2792572948","2102462631","0.0588235"
"2102462631","2981240275","0.0588235"
"2981240275","2102462631","0.0588235"
"2102462631","99256032","0.0588235"
"99256032","2102462631","0.0588235"
"2105484782","2108075439","0.875716"
"2108075439","2105484782","0.875716"
"2105484782","2111560558","0.279287"
"2111560558","2105484782","0.279287"
"2105484782","2156165625","0.470954"
"2156165625","2105484782","0.470954"
"2105484782","2163372266","0.135747"
"2163372266","2105484782","0.135747"
"2105484782","2165528679","0.0588235"
"2165528679","2105484782","0.0588235"
"2105484782","2265029111","0.0588235"
"2265029111","2105484782","0.0588235"
"2105484782","2792572948","0.0588235"
"2792572948","2105484782","0.0588235"
"2105484782","2981240275","0.0588235"
"2981240275","2105484782","0.0588235"
"2105484782","99256032","0.0588235"
"99256032","2105484782","0.0588235"
"2108075439","2111560558","0.404287"
"2111560558","2108075439","0.404287"
"2108075439","2156165625","1.59595"
"2156165625","2108075439","1.59595"
"2108075439","2163372266","0.510747"
"2163372266","2108075439","0.510747"
"2108075439","2165528679","0.0588235"
"2165528679","2108075439","0.0588235"
"2108075439","2265029111","0.0588235"
"2265029111","2108075439","0.0588235"
"2108075439","2792572948","0.183824"
"2792572948","2108075439","0.183824"
"2108075439","2981240275","0.0588235"
"2981240275","2108075439","0.0588235"
"2108075439","99256032","0.0588235"
"99256032","2108075439","0.0588235"
"2111560558","2156165625","0.404287"
"2156165625","2111560558","0.404287"
"2111560558","2163372266","0.260747"
"2163372266","2111560558","0.260747"
"2111560558","2165528679","0.0588235"
"2165528679","2111560558","0.0588235"
"2111560558","2265029111","0.0588235"
"2265029111","2111560558","0.0588235"
"2111560558","2792572948","0.0588235"
"2792572948","2111560558","0.0588235"
"2111560558","2981240275","0.0588235"
"2981240275","2111560558","0.0588235"
"2111560558","99256032","0.0588235"
"99256032","2111560558","0.0588235"
"2156165625","2163372266","0.760747"
"2163372266","2156165625","0.760747"
"2156165625","2165528679","0.0588235"
"2165528679","2156165625","0.0588235"
"2156165625","2265029111","0.0588235"
"2265029111","2156165625","0.0588235"
"2156165625","2792572948","0.0588235"
"2792572948","2156165625","0.0588235"
"2156165625","2981240275","0.0588235"
"2981240275","2156165625","0.0588235"
"2156165625","99256032","0.0588235"
"99256032","2156165625","0.0588235"
"2163372266","2165528679","0.0588235"
"2165528679","2163372266","0.0588235"
"2163372266","2265029111","0.0588235"
"2265029111","2163372266","0.0588235"
"2163372266","2792572948","0.0588235"
"2792572948","2163372266","0.0588235"
"2163372266","2981240275","0.0588235"
"2981240275","2163372266","0.0588235"
"2163372266","99256032","0.0588235"
"99256032","2163372266","0.0588235"
"2165528679","2265029111","0.0588235"
"2265029111","2165528679","0.0588235"
"2165528679","2792572948","0.158824"
"2792572948","2165528679","0.158824"
"2165528679","2981240275","0.0588235"
"2981240275","2165528679","0.0588235"
"2165528679","99256032","0.0588235"
"99256032","2165528679","0.0588235"
"2265029111","2792572948","0.0588235"
"2792572948","2265029111","0.0588235"
"2265029111","2981240275","1.39216"
"2981240275","2265029111","1.39216"
"2265029111","99256032","0.0588235"
"99256032","2265029111","0.0588235"
"2792572948","2981240275","0.0588235"
"2981240275","2792572948","0.0588235"
"2792572948","99256032","0.0588235"
"99256032","2792572948","0.0588235"
"2981240275","99256032","0.0588235"
"99256032","2981240275","0.0588235"
"1218774","2120342937","0.583333"
"2120342937","1218774","0.583333"
"1994354282","2120342937","1.08333"
"2120342937","1994354282","1.08333"
"2058329128","2120342937","8.91667"
"2120342937","2058329128","8.91667"
"2120342937","2163372266","0.583333"
"2163372266","2120342937","0.583333"
"1218774","2023052779","0.0909091"
"2023052779","1218774","0.0909091"
"1218774","2112129552","0.0909091"
"2112129552","1218774","0.0909091"
"1218774","2118178958","0.0909091"
"2118178958","1218774","0.0909091"
"1218774","2119309048","0.0909091"
"2119309048","1218774","0.0909091"
"1218774","2122971142","0.0909091"
"2122971142","1218774","0.0909091"
"1218774","2139646386","0.0909091"
"2139646386","1218774","0.0909091"
"1218774","2501470957","0.0909091"
"2501470957","1218774","0.0909091"
"1218774","2614390575","0.0909091"
"2614390575","1218774","0.0909091"
"1218774","2798866333","0.0909091"
"2798866333","1218774","0.0909091"
"1218774","2967788533","0.0909091"
"2967788533","1218774","0.0909091"
"2023052779","2112129552","0.0909091"
"2112129552","2023052779","0.0909091"
"2023052779","2118178958","0.0909091"
"2118178958","2023052779","0.0909091"
"2023052779","2119309048","0.0909091"
"2119309048","2023052779","0.0909091"
"2023052779","2122971142","0.157576"
"2122971142","2023052779","0.157576"
"2023052779","2139646386","0.0909091"
"2139646386","2023052779","0.0909091"
"2023052779","2163372266","0.0909091"
"2163372266","2023052779","0.0909091"
"2023052779","2501470957","2.14015"
"2501470957","2023052779","2.14015"
"2023052779","2614390575","0.0909091"
"2614390575","2023052779","0.0909091"
"2023052779","2798866333","0.0909091"
"2798866333","2023052779","0.0909091"
"2023052779","2967788533","0.0909091"
"2967788533","2023052779","0.0909091"
"2112129552","2118178958","0.0909091"
"2118178958","2112129552","0.0909091"
"2112129552","2119309048","0.340909"
"2119309048","2112129552","0.340909"
"2112129552","2122971142","0.0909091"
"2122971142","2112129552","0.0909091"
"2112129552","2139646386","0.0909091"
"2139646386","2112129552","0.0909091"
"2112129552","2163372266","0.0909091"
"2163372266","2112129552","0.0909091"
"2112129552","2501470957","0.590909"
"2501470957","2112129552","0.590909"
"2112129552","2614390575","0.0909091"
"2614390575","2112129552","0.0909091"
"2112129552","2798866333","0.0909091"
"2798866333","2112129552","0.0909091"
"2112129552","2967788533","0.340909"
"2967788533","2112129552","0.340909"
"2118178958","2119309048","0.0909091"
"2119309048","2118178958","0.0909091"
"2118178958","2122971142","0.0909091"
"2122971142","2118178958","0.0909091"
"2118178958","2139646386","0.0909091"
"2139646386","2118178958","0.0909091"
"2118178958","2163372266","0.0909091"
"2163372266","2118178958","0.0909091"
"2118178958","2501470957","0.0909091"
"2501470957","2118178958","0.0909091"
"2118178958","2614390575","0.0909091"
"2614390575","2118178958","0.0909091"
"2118178958","2798866333","0.290909"
"2798866333","2118178958","0.290909"
"2118178958","2967788533","0.0909091"
"2967788533","2118178958","0.0909091"
"2119309048","2122971142","0.162338"
"2122971142","2119309048","0.162338"
"2119309048","2139646386","0.305195"
"2139646386","2119309048","0.305195"
"2119309048","2163372266","0.0909091"
"2163372266","2119309048","0.0909091"
"2119309048","2501470957","0.0909091"
"2501470957","2119309048","0.0909091"
"2119309048","2614390575","0.0909091"
"2614390575","2119309048","0.0909091"
"2119309048","2798866333","0.0909091"
"2798866333","2119309048","0.0909091"
"2119309048","2967788533","0.340909"
"2967788533","2119309048","0.340909"
"2122971142","2139646386","0.214969"
"2139646386","2122971142","0.214969"
"2122971142","2163372266","0.292832"
"2163372266","2122971142","0.292832"
"2122971142","2501470957","0.157576"
"2501470957","2122971142","0.157576"
"2122971142","2614390575","0.0909091"
"2614390575","2122971142","0.0909091"
"2122971142","2798866333","0.0909091"
"2798866333","2122971142","0.0909091"
"2122971142","2967788533","0.0909091"
"2967788533","2122971142","0.0909091"
"2139646386","2163372266","0.0909091"
"2163372266","2139646386","0.0909091"
"2139646386","2501470957","0.0909091"
"2501470957","2139646386","0.0909091"
"2139646386","2614390575","0.0909091"
"2614390575","2139646386","0.0909091"
"2139646386","2798866333","0.0909091"
"2798866333","2139646386","0.0909091"
"2139646386","2967788533","0.0909091"
"2967788533","2139646386","0.0909091"
"2163372266","2501470957","0.0909091"
"2501470957","2163372266","0.0909091"
"2163372266","2614390575","0.0909091"
"2614390575","2163372266","0.0909091"
"2163372266","2798866333","0.0909091"
"2798866333","2163372266","0.0909091"
"2163372266","2967788533","0.0909091"
"2967788533","2163372266","0.0909091"
"2501470957","2614390575","0.0909091"
"2614390575","2501470957","0.0909091"
"2501470957","2798866333","0.0909091"
"2798866333","2501470957","0.0909091"
"2501470957","2967788533","0.0909091"
"2967788533","2501470957","0.0909091"
"2614390575","2798866333","0.0909091"
"2798866333","2614390575","0.0909091"
"2614390575","2967788533","0.0909091"
"2967788533","2614390575","0.0909091"
"2798866333","2967788533","0.0909091"
"2967788533","2798866333","0.0909091"
"1218774","2125510575","0.25"
"2125510575","1218774","0.25"
"1218774","2135878030","0.5"
"2135878030","1218774","0.5"
"1218774","2137242774","0.25"
"2137242774","1218774","0.25"
"2125510575","2135878030","0.25"
"2135878030","2125510575","0.25"
"2125510575","2137242774","0.25"
"2137242774","2125510575","0.25"
"2125510575","2163372266","0.25"
"2163372266","2125510575","0.25"
"2135878030","2137242774","0.25"
"2137242774","2135878030","0.25"
"2135878030","2163372266","0.5"
"2163372266","2135878030","0.5"
"2137242774","2163372266","0.25"
"2163372266","2137242774","0.25"
"1218774","2026754652","0.25"
"2026754652","1218774","0.25"
"1218774","2142201263","0.25"
"2142201263","1218774","0.25"
"2026754652","2135878030","0.7"
"2135878030","2026754652","0.7"
"2026754652","2142201263","9.7"
"2142201263","2026754652","9.7"
"2026754652","2163372266","0.25"
"2163372266","2026754652","0.25"
"2135878030","2142201263","0.7"
"2142201263","2135878030","0.7"
"2142201263","2163372266","0.25"
"2163372266","2142201263","0.25"
"1480794755","1976199582","1"
"1976199582","1480794755","1"
"1480794755","2155537849","0.5"
"2155537849","1480794755","0.5"
"1976199582","2155537849","1"
"2155537849","1976199582","1"
"1480794755","1964482959","2.83333"
"1964482959","1480794755","2.83333"
"1480794755","1782038971","0.5"
"1782038971","1480794755","0.5"
"1480794755","2156210689","2"
"2156210689","1480794755","2"
"1782038971","2156210689","1"
"2156210689","1782038971","1"
"1480794755","1497638173","0.333333"
"1497638173","1480794755","0.333333"
"1480794755","1993831977","1.08333"
"1993831977","1480794755","1.08333"
"1497638173","1964482959","0.833333"
"1964482959","1497638173","0.833333"
"1497638173","1993831977","0.833333"
"1993831977","1497638173","0.833333"
"1964482959","1993831977","2.58333"
"1993831977","1964482959","2.58333"
"1993831977","2156210689","1.75"
"2156210689","1993831977","1.75"
"1480794755","2054282408","0.5"
"2054282408","1480794755","0.5"
"1976199582","2054282408","0.5"
"2054282408","1976199582","0.5"
"1480794755","2512595308","0.25"
"2512595308","1480794755","0.25"
"1480794755","2811353042","0.25"
"2811353042","1480794755","0.25"
"1480794755","2963803628","0.25"
"2963803628","1480794755","0.25"
"1964482959","2512595308","0.25"
"2512595308","1964482959","0.25"
"1964482959","2811353042","0.25"
"2811353042","1964482959","0.25"
"1964482959","2963803628","0.25"
"2963803628","1964482959","0.25"
"2512595308","2811353042","4.34286"
"2811353042","2512595308","4.34286"
"2512595308","2963803628","4.34286"
"2963803628","2512595308","4.34286"
"2811353042","2963803628","5.50952"
"2963803628","2811353042","5.50952"
"1480794755","2115215982","0.25"
"2115215982","1480794755","0.25"
"1480794755","2122971142","0.25"
"2122971142","1480794755","0.25"
"1964482959","2115215982","0.25"
"2115215982","1964482959","0.25"
"1964482959","2122971142","0.25"
"2122971142","1964482959","0.25"
"1993831977","2115215982","2.80263"
"2115215982","1993831977","2.80263"
"1993831977","2122971142","0.302632"
"2122971142","1993831977","0.302632"
"2115215982","2122971142","0.302632"
"2122971142","2115215982","0.302632"
"1481218190","2081189989","0.75"
"2081189989","1481218190","0.75"
"1481218190","2137942874","0.25"
"2137942874","1481218190","0.25"
"1481218190","2145281652","0.375"
"2145281652","1481218190","0.375"
"1481218190","2631772412","0.25"
"2631772412","1481218190","0.25"
"2081189989","2137942874","0.25"
"2137942874","2081189989","0.25"
"2081189989","2145281652","3.25"
"2145281652","2081189989","3.25"
"2081189989","2631772412","1.25"
"2631772412","2081189989","1.25"
"2137942874","2145281652","0.25"
"2145281652","2137942874","0.25"
"2137942874","2631772412","0.95"
"2631772412","2137942874","0.95"
"2145281652","2631772412","0.25"
"2631772412","2145281652","0.25"
"1481218190","1964376941","1.41591"
"1964376941","1481218190","1.41591"
"1481218190","2165062838","1.91591"
"2165062838","1481218190","1.91591"
"1964376941","2165062838","23.0766"
"2165062838","1964376941","23.0766"
"1481218190","2051296986","1"
"2051296986","1481218190","1"
"1481218190","1527733826","1"
"1527733826","1481218190","1"
"1481218190","2151772234","2"
"2151772234","1481218190","2"
"1481218190","1497638173","0.215909"
"1497638173","1481218190","0.215909"
"1481218190","1663315235","0.0909091"
"1663315235","1481218190","0.0909091"
"1481218190","1991636631","0.0909091"
"1991636631","1481218190","0.0909091"
"1481218190","2107041969","0.424242"
"2107041969","1481218190","0.424242"
"1481218190","2114867662","0.799242"
"2114867662","1481218190","0.799242"
"1481218190","2141441292","0.340909"
"2141441292","1481218190","0.340909"
"1481218190","2142099410","0.0909091"
"2142099410","1481218190","0.0909091"
"1481218190","2150569458","2.24924"
"2150569458","1481218190","2.24924"
"1481218190","2540114004","1.09091"
"2540114004","1481218190","1.09091"
"1497638173","1663315235","0.0909091"
"1663315235","1497638173","0.0909091"
"1497638173","1964376941","0.42702"
"1964376941","1497638173","0.42702"
"1497638173","1991636631","0.0909091"
"1991636631","1497638173","0.0909091"
"1497638173","2107041969","0.0909091"
"2107041969","1497638173","0.0909091"
"1497638173","2114867662","0.67702"
"2114867662","1497638173","0.67702"
"1497638173","2141441292","0.190909"
"2141441292","1497638173","0.190909"
"1497638173","2142099410","0.424242"
"2142099410","1497638173","0.424242"
"1497638173","2150569458","0.760354"
"2150569458","1497638173","0.760354"
"1497638173","2165062838","0.215909"
"2165062838","1497638173","0.215909"
"1497638173","2540114004","0.0909091"
"2540114004","1497638173","0.0909091"
"1663315235","1964376941","0.0909091"
"1964376941","1663315235","0.0909091"
"1663315235","1991636631","0.0909091"
"1991636631","1663315235","0.0909091"
"1663315235","2107041969","6.30877"
"2107041969","1663315235","6.30877"
"1663315235","2114867662","0.424242"
"2114867662","1663315235","0.424242"
"1663315235","2141441292","0.257576"
"2141441292","1663315235","0.257576"
"1663315235","2142099410","0.0909091"
"2142099410","1663315235","0.0909091"
"1663315235","2150569458","0.590909"
"2150569458","1663315235","0.590909"
"1663315235","2165062838","0.0909091"
"2165062838","1663315235","0.0909091"
"1663315235","2540114004","0.0909091"
"2540114004","1663315235","0.0909091"
"1964376941","1991636631","0.0909091"
"1991636631","1964376941","0.0909091"
"1964376941","2107041969","0.0909091"
"2107041969","1964376941","0.0909091"
"1964376941","2114867662","0.894877"
"2114867662","1964376941","0.894877"
"1964376941","2141441292","1.20043"
"2141441292","1964376941","1.20043"
"1964376941","2142099410","0.709957"
"2142099410","1964376941","0.709957"
"1964376941","2150569458","2.51154"
"2150569458","1964376941","2.51154"
"1964376941","2540114004","0.358766"
"2540114004","1964376941","0.358766"
"1991636631","2107041969","0.0909091"
"2107041969","1991636631","0.0909091"
"1991636631","2114867662","0.0909091"
"2114867662","1991636631","0.0909091"
"1991636631","2141441292","0.0909091"
"2141441292","1991636631","0.0909091"
"1991636631","2142099410","0.0909091"
"2142099410","1991636631","0.0909091"
"1991636631","2150569458","0.0909091"
"2150569458","1991636631","0.0909091"
"1991636631","2165062838","0.0909091"
"2165062838","1991636631","0.0909091"
"1991636631","2540114004","4.4421"
"2540114004","1991636631","4.4421"
"2107041969","2114867662","0.757576"
"2114867662","2107041969","0.757576"
"2107041969","2141441292","0.257576"
"2141441292","2107041969","0.257576"
"2107041969","2142099410","0.0909091"
"2142099410","2107041969","0.0909091"
"2107041969","2150569458","0.924242"
"2150569458","2107041969","0.924242"
"2107041969","2165062838","0.0909091"
"2165062838","2107041969","0.0909091"
"2107041969","2540114004","0.0909091"
"2540114004","2107041969","0.0909091"
"2114867662","2141441292","1.09091"
"2141441292","2114867662","1.09091"
"2114867662","2142099410","0.233766"
"2142099410","2114867662","0.233766"
"2114867662","2150569458","1.61869"
"2150569458","2114867662","1.61869"
"2114867662","2165062838","0.483766"
"2165062838","2114867662","0.483766"
"2114867662","2540114004","0.358766"
"2540114004","2114867662","0.358766"
"2141441292","2142099410","1.2671"
"2142099410","2141441292","1.2671"
"2141441292","2150569458","2.48377"
"2150569458","2141441292","2.48377"
"2141441292","2165062838","0.233766"
"2165062838","2141441292","0.233766"
"2141441292","2540114004","0.0909091"
"2540114004","2141441292","0.0909091"
"2142099410","2150569458","0.8171"
"2150569458","2142099410","0.8171"
"2142099410","2165062838","0.376623"
"2165062838","2142099410","0.376623"
"2142099410","2540114004","0.233766"
"2540114004","2142099410","0.233766"
"2150569458","2165062838","2.2671"
"2165062838","2150569458","2.2671"
"2150569458","2540114004","0.215909"
"2540114004","2150569458","0.215909"
"2165062838","2540114004","0.358766"
"2540114004","2165062838","0.358766"
"1481218190","162964049","0.75"
"162964049","1481218190","0.75"
"1481218190","2575855630","0.25"
"2575855630","1481218190","0.25"
"162964049","2114867662","1"
"2114867662","162964049","1"
"162964049","2141441292","1.5"
"2141441292","162964049","1.5"
"162964049","2575855630","0.8"
"2575855630","162964049","0.8"
"2114867662","2575855630","1.05"
"2575855630","2114867662","1.05"
"2141441292","2575855630","0.8"
"2575855630","2141441292","0.8"
"1481218190","2126490564","3.825"
"2126490564","1481218190","3.825"
"1481218190","2785486323","0.125"
"2785486323","1481218190","0.125"
"1497638173","2126490564","0.236111"
"2126490564","1497638173","0.236111"
"1497638173","2145281652","0.225"
"2145281652","1497638173","0.225"
"1497638173","2785486323","0.125"
"2785486323","1497638173","0.125"
"1964376941","2126490564","0.936111"
"2126490564","1964376941","0.936111"
"1964376941","2145281652","0.225"
"2145281652","1964376941","0.225"
"1964376941","2785486323","0.125"
"2785486323","1964376941","0.125"
"2114867662","2126490564","0.236111"
"2126490564","2114867662","0.236111"
"2114867662","2145281652","0.225"
"2145281652","2114867662","0.225"
"2114867662","2785486323","0.125"
"2785486323","2114867662","0.125"
"2126490564","2145281652","0.625"
"2145281652","2126490564","0.625"
"2126490564","2150569458","2.43611"
"2150569458","2126490564","2.43611"
"2126490564","2165062838","0.825"
"2165062838","2126490564","0.825"
"2126490564","2785486323","0.125"
"2785486323","2126490564","0.125"
"2145281652","2150569458","1.89167"
"2150569458","2145281652","1.89167"
"2145281652","2165062838","0.125"
"2165062838","2145281652","0.125"
"2145281652","2785486323","0.125"
"2785486323","2145281652","0.125"
"2150569458","2785486323","0.125"
"2785486323","2150569458","0.125"
"2165062838","2785486323","0.125"
"2785486323","2165062838","0.125"
"1481218190","1602194401","0.333333"
"1602194401","1481218190","0.333333"
"1481218190","2075542854","0.333333"
"2075542854","1481218190","0.333333"
"1481218190","2113809903","0.333333"
"2113809903","1481218190","0.333333"
"1602194401","2075542854","0.47619"
"2075542854","1602194401","0.47619"
"1602194401","2113809903","15.4762"
"2113809903","1602194401","15.4762"
"2075542854","2113809903","1.72619"
"2113809903","2075542854","1.72619"
"1481218190","2043795882","0.5"
"2043795882","1481218190","0.5"
"1481218190","2137479650","0.5"
"2137479650","1481218190","0.5"
"2043795882","2137479650","10.25"
"2137479650","2043795882","10.25"
"1481218190","2160192435","0.7"
"2160192435","1481218190","0.7"
"1964376941","2160192435","1.2873"
"2160192435","1964376941","1.2873"
"2126490564","2160192435","0.311111"
"2160192435","2126490564","0.311111"
"2150569458","2160192435","1.14444"
"2160192435","2150569458","1.14444"
"2160192435","2165062838","0.67619"
"2165062838","2160192435","0.67619"
"1481218190","2614390575","1"
"2614390575","1481218190","1"
"1481218190","1977548957","0.5"
"1977548957","1481218190","0.5"
"1977548957","2160192435","1.5"
"2160192435","1977548957","1.5"
"1481218190","2100080574","1.5"
"2100080574","1481218190","1.5"
"1481218190","2158574145","0.5"
"2158574145","1481218190","0.5"
"2100080574","2158574145","0.5"
"2158574145","2100080574","0.5"
"1481218190","1512847838","0.5"
"1512847838","1481218190","0.5"
"1481218190","2143910761","0.5"
"2143910761","1481218190","0.5"
"1512847838","2143910761","1.93056"
"2143910761","1512847838","1.93056"
"162964049","2150569458","3.5"
"2150569458","162964049","3.5"
"1481218190","2148353345","0.5"
"2148353345","1481218190","0.5"
"2081189989","2148353345","0.5"
"2148353345","2081189989","0.5"
"1489933549","2278250708","5"
"2278250708","1489933549","5"
"1495133270","1499150148","0.111111"
"1499150148","1495133270","0.111111"
"1495133270","1512847838","0.166667"
"1512847838","1495133270","0.166667"
"1495133270","1573996261","0.24359"
"1573996261","1495133270","0.24359"
"1495133270","1749179515","0.166667"
"1749179515","1495133270","0.166667"
"1495133270","1986697825","0.166667"
"1986697825","1495133270","0.166667"
"1495133270","2061884758","0.24359"
"2061884758","1495133270","0.24359"
"1495133270","2118302148","1.66667"
"2118302148","1495133270","1.66667"
"1495133270","2138794734","0.166667"
"2138794734","1495133270","0.166667"
"1495133270","2151772234","0.24359"
"2151772234","1495133270","0.24359"
"1499150148","1512847838","0.111111"
"1512847838","1499150148","0.111111"
"1499150148","1573996261","0.111111"
"1573996261","1499150148","0.111111"
"1499150148","1749179515","0.111111"
"1749179515","1499150148","0.111111"
"1499150148","1986697825","0.777778"
"1986697825","1499150148","0.777778"
"1499150148","2061884758","0.694444"
"2061884758","1499150148","0.694444"
"1499150148","2118302148","0.111111"
"2118302148","1499150148","0.111111"
"1499150148","2138794734","0.111111"
"2138794734","1499150148","0.111111"
"1499150148","2151772234","0.361111"
"2151772234","1499150148","0.361111"
"1512847838","1573996261","0.257576"
"1573996261","1512847838","0.257576"
"1512847838","1749179515","0.257576"
"1749179515","1512847838","0.257576"
"1512847838","1986697825","0.507576"
"1986697825","1512847838","0.507576"
"1512847838","2061884758","0.257576"
"2061884758","1512847838","0.257576"
"1512847838","2118302148","0.382576"
"2118302148","1512847838","0.382576"
"1512847838","2138794734","0.291667"
"2138794734","1512847838","0.291667"
"1512847838","2151772234","0.382576"
"2151772234","1512847838","0.382576"
"1573996261","1749179515","0.257576"
"1749179515","1573996261","0.257576"
"1573996261","1986697825","0.257576"
"1986697825","1573996261","0.257576"
"1573996261","2061884758","0.834499"
"2061884758","1573996261","0.834499"
"1573996261","2118302148","0.257576"
"2118302148","1573996261","0.257576"
"1573996261","2138794734","0.166667"
"2138794734","1573996261","0.166667"
"1573996261","2151772234","0.501166"
"2151772234","1573996261","0.501166"
"1749179515","1986697825","0.257576"
"1986697825","1749179515","0.257576"
"1749179515","2061884758","0.368687"
"2061884758","1749179515","0.368687"
"1749179515","2118302148","0.257576"
"2118302148","1749179515","0.257576"
"1749179515","2138794734","0.166667"
"2138794734","1749179515","0.166667"
"1749179515","2151772234","0.368687"
"2151772234","1749179515","0.368687"
"1986697825","2061884758","0.368687"
"2061884758","1986697825","0.368687"
"1986697825","2118302148","0.257576"
"2118302148","1986697825","0.257576"
"1986697825","2138794734","0.166667"
"2138794734","1986697825","0.166667"
"1986697825","2151772234","0.257576"
"2151772234","1986697825","0.257576"
"2061884758","2118302148","0.257576"
"2118302148","2061884758","0.257576"
"2061884758","2138794734","0.166667"
"2138794734","2061884758","0.166667"
"2061884758","2151772234","2.61228"
"2151772234","2061884758","2.61228"
"2118302148","2138794734","0.291667"
"2138794734","2118302148","0.291667"
"2118302148","2151772234","0.382576"
"2151772234","2118302148","0.382576"
"2138794734","2151772234","0.291667"
"2151772234","2138794734","0.291667"
"1495133270","1993831977","0.0769231"
"1993831977","1495133270","0.0769231"
"1495133270","2007682403","0.0769231"
"2007682403","1495133270","0.0769231"
"1495133270","2008138653","0.0769231"
"2008138653","1495133270","0.0769231"
"1495133270","2024605621","0.0769231"
"2024605621","1495133270","0.0769231"
"1495133270","2081418758","0.0769231"
"2081418758","1495133270","0.0769231"
"1495133270","2108075439","0.0769231"
"2108075439","1495133270","0.0769231"
"1495133270","2113836856","0.0769231"
"2113836856","1495133270","0.0769231"
"1495133270","2116544254","0.0769231"
"2116544254","1495133270","0.0769231"
"1495133270","2138757450","1.57692"
"2138757450","1495133270","1.57692"
"1495133270","2148353345","0.576923"
"2148353345","1495133270","0.576923"
"1573996261","1993831977","0.0769231"
"1993831977","1573996261","0.0769231"
"1573996261","2007682403","0.326923"
"2007682403","1573996261","0.326923"
"1573996261","2008138653","0.0769231"
"2008138653","1573996261","0.0769231"
"1573996261","2024605621","0.0769231"
"2024605621","1573996261","0.0769231"
"1573996261","2081418758","0.326923"
"2081418758","1573996261","0.326923"
"1573996261","2108075439","0.326923"
"2108075439","1573996261","0.326923"
"1573996261","2113836856","0.334499"
"2113836856","1573996261","0.334499"
"1573996261","2116544254","0.0769231"
"2116544254","1573996261","0.0769231"
"1573996261","2138757450","0.576923"
"2138757450","1573996261","0.576923"
"1573996261","2148353345","0.576923"
"2148353345","1573996261","0.576923"
"1993831977","2007682403","0.629555"
"2007682403","1993831977","0.629555"
"1993831977","2008138653","0.0769231"
"2008138653","1993831977","0.0769231"
"1993831977","2024605621","0.129555"
"2024605621","1993831977","0.129555"
"1993831977","2061884758","0.0769231"
"2061884758","1993831977","0.0769231"
"1993831977","2081418758","0.0769231"
"2081418758","1993831977","0.0769231"
"1993831977","2108075439","0.629555"
"2108075439","1993831977","0.629555"
"1993831977","2113836856","0.0769231"
"2113836856","1993831977","0.0769231"
"1993831977","2116544254","0.254555"
"2116544254","1993831977","0.254555"
"1993831977","2138757450","0.0769231"
"2138757450","1993831977","0.0769231"
"1993831977","2148353345","0.0769231"
"2148353345","1993831977","0.0769231"
"1993831977","2151772234","0.0769231"
"2151772234","1993831977","0.0769231"
"2007682403","2024605621","2.71326"
"2024605621","2007682403","2.71326"
"2007682403","2061884758","0.24359"
"2061884758","2007682403","0.24359"
"2007682403","2081418758","0.326923"
"2081418758","2007682403","0.326923"
"2007682403","2113836856","0.24359"
"2113836856","2007682403","0.24359"
"2007682403","2116544254","0.850983"
"2116544254","2007682403","0.850983"
"2007682403","2138757450","0.0769231"
"2138757450","2007682403","0.0769231"
"2007682403","2148353345","0.0769231"
"2148353345","2007682403","0.0769231"
"2007682403","2151772234","0.0769231"
"2151772234","2007682403","0.0769231"
"2008138653","2024605621","0.0769231"
"2024605621","2008138653","0.0769231"
"2008138653","2061884758","0.0769231"
"2061884758","2008138653","0.0769231"
"2008138653","2081418758","0.0769231"
"2081418758","2008138653","0.0769231"
"2008138653","2113836856","0.0769231"
"2113836856","2008138653","0.0769231"
"2008138653","2116544254","0.0769231"
"2116544254","2008138653","0.0769231"
"2008138653","2138757450","0.0769231"
"2138757450","2008138653","0.0769231"
"2008138653","2148353345","0.0769231"
"2148353345","2008138653","0.0769231"
"2008138653","2151772234","0.0769231"
"2151772234","2008138653","0.0769231"
"2024605621","2061884758","0.0769231"
"2061884758","2024605621","0.0769231"
"2024605621","2081418758","0.0769231"
"2081418758","2024605621","0.0769231"
"2024605621","2108075439","2.35215"
"2108075439","2024605621","2.35215"
"2024605621","2113836856","0.0769231"
"2113836856","2024605621","0.0769231"
"2024605621","2116544254","1.51765"
"2116544254","2024605621","1.51765"
"2024605621","2138757450","0.0769231"
"2138757450","2024605621","0.0769231"
"2024605621","2148353345","0.0769231"
"2148353345","2024605621","0.0769231"
"2024605621","2151772234","0.0769231"
"2151772234","2024605621","0.0769231"
"2061884758","2081418758","1.16026"
"2081418758","2061884758","1.16026"
"2061884758","2108075439","0.24359"
"2108075439","2061884758","0.24359"
"2061884758","2113836856","7.59005"
"2113836856","2061884758","7.59005"
"2061884758","2116544254","0.24359"
"2116544254","2061884758","0.24359"
"2061884758","2138757450","0.0769231"
"2138757450","2061884758","0.0769231"
"2061884758","2148353345","0.0769231"
"2148353345","2061884758","0.0769231"
"2081418758","2108075439","0.326923"
"2108075439","2081418758","0.326923"
"2081418758","2113836856","0.660256"
"2113836856","2081418758","0.660256"
"2081418758","2116544254","0.0769231"
"2116544254","2081418758","0.0769231"
"2081418758","2138757450","0.0769231"
"2138757450","2081418758","0.0769231"
"2081418758","2148353345","0.0769231"
"2148353345","2081418758","0.0769231"
"2081418758","2151772234","0.660256"
"2151772234","2081418758","0.660256"
"2108075439","2113836856","0.24359"
"2113836856","2108075439","0.24359"
"2108075439","2116544254","0.850983"
"2116544254","2108075439","0.850983"
"2108075439","2138757450","0.0769231"
"2138757450","2108075439","0.0769231"
"2108075439","2148353345","0.0769231"
"2148353345","2108075439","0.0769231"
"2108075439","2151772234","0.0769231"
"2151772234","2108075439","0.0769231"
"2113836856","2116544254","0.24359"
"2116544254","2113836856","0.24359"
"2113836856","2138757450","0.0769231"
"2138757450","2113836856","0.0769231"
"2113836856","2148353345","0.0769231"
"2148353345","2113836856","0.0769231"
"2113836856","2151772234","1.94561"
