"1426900686","1492511362","0.0572581"
"1492511362","1426900686","0.0572581"
"1426900686","1659151118","0.0679723"
"1659151118","1426900686","0.0679723"
"1426900686","1779423351","0.176306"
"1779423351","1426900686","0.176306"
"1426900686","1799613880","0.819163"
"1799613880","1426900686","0.819163"
"1426900686","1960480397","0.787417"
"1960480397","1426900686","0.787417"
"1426900686","2001620573","0.0929724"
"2001620573","1426900686","0.0929724"
"1426900686","2038153490","0.0322581"
"2038153490","1426900686","0.0322581"
"1426900686","2052345763","0.0679723"
"2052345763","1426900686","0.0679723"
"1426900686","2081087459","0.176306"
"2081087459","1426900686","0.176306"
"1426900686","2096869410","0.0572581"
"2096869410","1426900686","0.0572581"
"1426900686","2098571574","0.128687"
"2098571574","1426900686","0.128687"
"1426900686","2098908673","0.0322581"
"2098908673","1426900686","0.0322581"
"1426900686","2112854903","0.104877"
"2112854903","1426900686","0.104877"
"1426900686","2118839838","0.0322581"
"2118839838","1426900686","0.0322581"
"1426900686","2156460129","0.0322581"
"2156460129","1426900686","0.0322581"
"1426900686","2164146029","0.140591"
"2164146029","1426900686","0.140591"
"1426900686","2172025811","0.0322581"
"2172025811","1426900686","0.0322581"
"1426900686","2315096358","0.140591"
"2315096358","1426900686","0.140591"
"1426900686","2341508074","0.0322581"
"2341508074","1426900686","0.0322581"
"1426900686","2523550674","0.128687"
"2523550674","1426900686","0.128687"
"1426900686","2735746908","0.0322581"
"2735746908","1426900686","0.0322581"
"1426900686","2913248449","0.151306"
"2913248449","1426900686","0.151306"
"1426900686","2921197276","0.104877"
"2921197276","1426900686","0.104877"
"1426900686","2950640221","0.0322581"
"2950640221","1426900686","0.0322581"
"1426900686","2950766609","0.0572581"
"2950766609","1426900686","0.0572581"
"1426900686","2951373178","0.0322581"
"2951373178","1426900686","0.0322581"
"1426900686","2952506357","0.0322581"
"2952506357","1426900686","0.0322581"
"1426900686","2952668482","0.0322581"
"2952668482","1426900686","0.0322581"
"1426900686","2952689675","0.104877"
"2952689675","1426900686","0.104877"
"1426900686","2953015842","0.176306"
"2953015842","1426900686","0.176306"
"1426900686","2962925905","0.0929724"
"2962925905","1426900686","0.0929724"
"1492511362","1659151118","0.282792"
"1659151118","1492511362","0.282792"
"1492511362","1779423351","0.127455"
"1779423351","1492511362","0.127455"
"1492511362","1799613880","0.0572581"
"1799613880","1492511362","0.0572581"
"1492511362","1960480397","0.0572581"
"1960480397","1492511362","0.0572581"
"1492511362","2001620573","0.259639"
"2001620573","1492511362","0.259639"
"1492511362","2038153490","0.491344"
"2038153490","1492511362","0.491344"
"1492511362","2052345763","0.282792"
"2052345763","1492511362","0.282792"
"1492511362","2081087459","0.175074"
"2081087459","1492511362","0.175074"
"1492511362","2096869410","8.0815"
"2096869410","1492511362","8.0815"
"1492511362","2098571574","0.27948"
"2098571574","1492511362","0.27948"
"1492511362","2098908673","3.26086"
"2098908673","1492511362","3.26086"
"1492511362","2112854903","0.183011"
"2112854903","1492511362","0.183011"
"1492511362","2118839838","0.622017"
"2118839838","1492511362","0.622017"
"1492511362","2156460129","0.0322581"
"2156460129","1492511362","0.0322581"
"1492511362","2164146029","0.349677"
"2164146029","1492511362","0.349677"
"1492511362","2172025811","0.169915"
"2172025811","1492511362","0.169915"
"1492511362","2315096358","0.134181"
"2315096358","1492511362","0.134181"
"1492511362","2341508074","0.0322581"
"2341508074","1492511362","0.0322581"
"1492511362","2523550674","0.457415"
"2523550674","1492511362","0.457415"
"1492511362","2735746908","0.0798771"
"2735746908","1492511362","0.0798771"
"1492511362","2913248449","0.360331"
"2913248449","1492511362","0.360331"
"1492511362","2921197276","0.337574"
"2921197276","1492511362","0.337574"
"1492511362","2950640221","0.545094"
"2950640221","1492511362","0.545094"
"1492511362","2950766609","0.349677"
"2950766609","1492511362","0.349677"
"1492511362","2951373178","0.0322581"
"2951373178","1492511362","0.0322581"
"1492511362","2952506357","2.27198"
"2952506357","1492511362","2.27198"
"1492511362","2952668482","0.401306"
"2952668482","1492511362","0.401306"
"1492511362","2952689675","0.469758"
"2952689675","1492511362","0.469758"
"1492511362","2953015842","0.127455"
"2953015842","1492511362","0.127455"
"1492511362","2962925905","0.69456"
"2962925905","1492511362","0.69456"
"1659151118","1779423351","0.298881"
"1779423351","1659151118","0.298881"
"1659151118","1799613880","0.0992223"
"1799613880","1659151118","0.0992223"
"1659151118","1960480397","0.0992223"
"1960480397","1659151118","0.0992223"
"1659151118","2001620573","0.113508"
"2001620573","1659151118","0.113508"
"1659151118","2038153490","0.614004"
"2038153490","1659151118","0.614004"
"1659151118","2052345763","2.21936"
"2052345763","1659151118","2.21936"
"1659151118","2081087459","0.330131"
"2081087459","1659151118","0.330131"
"1659151118","2096869410","0.282792"
"2096869410","1659151118","0.282792"
"1659151118","2098571574","0.173528"
"2098571574","1659151118","0.173528"
"1659151118","2098908673","0.382792"
"2098908673","1659151118","0.382792"
"1659151118","2112854903","0.169064"
"2112854903","1659151118","0.169064"
"1659151118","2118839838","0.539396"
"2118839838","1659151118","0.539396"
"1659151118","2156460129","1.12512"
"2156460129","1659151118","1.12512"
"1659151118","2164146029","0.385687"
"2164146029","1659151118","0.385687"
"1659151118","2172025811","0.227814"
"2172025811","1659151118","0.227814"
"1659151118","2315096358","0.107972"
"2315096358","1659151118","0.107972"
"1659151118","2341508074","0.132258"
"2341508074","1659151118","0.132258"
"1659151118","2523550674","0.286028"
"2523550674","1659151118","0.286028"
"1659151118","2735746908","0.0722581"
"2735746908","1659151118","0.0722581"
"1659151118","2913248449","0.340451"
"2913248449","1659151118","0.340451"
"1659151118","2921197276","0.238508"
"2921197276","1659151118","0.238508"
"1659151118","2950640221","0.462473"
"2950640221","1659151118","0.462473"
"1659151118","2950766609","0.349973"
"2950766609","1659151118","0.349973"
"1659151118","2951373178","0.0947581"
"2951373178","1659151118","0.0947581"
"1659151118","2952506357","0.327237"
"2952506357","1659151118","0.327237"
"1659151118","2952668482","0.0322581"
"2952668482","1659151118","0.0322581"
"1659151118","2952689675","0.228508"
"2952689675","1659151118","0.228508"
"1659151118","2953015842","0.330131"
"2953015842","1659151118","0.330131"
"1659151118","2962925905","0.207972"
"2962925905","1659151118","0.207972"
"1779423351","1799613880","0.176306"
"1799613880","1779423351","0.176306"
"1779423351","1960480397","0.176306"
"1960480397","1779423351","0.176306"
"1779423351","2001620573","0.923371"
"2001620573","1779423351","0.923371"
"1779423351","2038153490","0.161279"
"2038153490","1779423351","0.161279"
"1779423351","2052345763","0.357705"
"2052345763","1779423351","0.357705"
"1779423351","2081087459","2.25989"
"2081087459","1779423351","2.25989"
"1779423351","2096869410","0.127455"
"2096869410","1779423351","0.127455"
"1779423351","2098571574","0.253687"
"2098571574","1779423351","0.253687"
"1779423351","2098908673","0.977788"
"2098908673","1779423351","0.977788"
"1779423351","2112854903","0.949217"
"2112854903","1779423351","0.949217"
"1779423351","2118839838","0.542929"
"2118839838","1779423351","0.542929"
"1779423351","2156460129","0.0555139"
"2156460129","1779423351","0.0555139"
"1779423351","2164146029","0.774477"
"2164146029","1779423351","0.774477"
"1779423351","2172025811","0.415074"
"2172025811","1779423351","0.415074"
"1779423351","2315096358","0.363925"
"2315096358","1779423351","0.363925"
"1779423351","2341508074","0.0322581"
"2341508074","1779423351","0.0322581"
"1779423351","2523550674","0.321993"
"2523550674","1779423351","0.321993"
"1779423351","2735746908","0.131082"
"2735746908","1779423351","0.131082"
"1779423351","2913248449","0.633818"
"2913248449","1779423351","0.633818"
"1779423351","2921197276","0.38866"
"2921197276","1779423351","0.38866"
"1779423351","2950640221","0.542929"
"2950640221","1779423351","0.542929"
"1779423351","2950766609","0.38162"
"2950766609","1779423351","0.38162"
"1779423351","2951373178","0.0910816"
"2951373178","1779423351","0.0910816"
"1779423351","2952506357","0.458344"
"2952506357","1779423351","0.458344"
"1779423351","2952668482","0.293463"
"2952668482","1779423351","0.293463"
"1779423351","2952689675","0.363131"
"2952689675","1779423351","0.363131"
"1779423351","2953015842","1.98846"
"2953015842","1779423351","1.98846"
"1779423351","2962925905","0.35202"
"2962925905","1779423351","0.35202"
"1799613880","1960480397","0.874222"
"1960480397","1799613880","0.874222"
"1799613880","2001620573","0.290889"
"2001620573","1799613880","0.290889"
"1799613880","2038153490","0.0322581"
"2038153490","1799613880","0.0322581"
"1799613880","2052345763","0.0992223"
"2052345763","1799613880","0.0992223"
"1799613880","2081087459","0.207556"
"2081087459","1799613880","0.207556"
"1799613880","2096869410","0.0572581"
"2096869410","1799613880","0.0572581"
"1799613880","2098571574","0.128687"
"2098571574","1799613880","0.128687"
"1799613880","2098908673","0.0322581"
"2098908673","1799613880","0.0322581"
"1799613880","2112854903","0.136127"
"2112854903","1799613880","0.136127"
"1799613880","2118839838","0.0635081"
"2118839838","1799613880","0.0635081"
"1799613880","2156460129","0.0322581"
"2156460129","1799613880","0.0322581"
"1799613880","2164146029","0.171841"
"2164146029","1799613880","0.171841"
"1799613880","2172025811","0.0322581"
"2172025811","1799613880","0.0322581"
"1799613880","2315096358","0.140591"
"2315096358","1799613880","0.140591"
"1799613880","2341508074","0.0322581"
"2341508074","1799613880","0.0322581"
"1799613880","2523550674","0.128687"
"2523550674","1799613880","0.128687"
"1799613880","2735746908","0.0322581"
"2735746908","1799613880","0.0322581"
"1799613880","2913248449","0.151306"
"2913248449","1799613880","0.151306"
"1799613880","2921197276","0.136127"
"2921197276","1799613880","0.136127"
"1799613880","2950640221","0.0635081"
"2950640221","1799613880","0.0635081"
"1799613880","2950766609","0.0885081"
"2950766609","1799613880","0.0885081"
"1799613880","2951373178","0.0322581"
"2951373178","1799613880","0.0322581"
"1799613880","2952506357","0.0322581"
"2952506357","1799613880","0.0322581"
"1799613880","2952668482","0.0322581"
"2952668482","1799613880","0.0322581"
"1799613880","2952689675","0.136127"
"2952689675","1799613880","0.136127"
"1799613880","2953015842","0.207556"
"2953015842","1799613880","0.207556"
"1799613880","2962925905","0.0929724"
"2962925905","1799613880","0.0929724"
"1960480397","2001620573","0.290889"
"2001620573","1960480397","0.290889"
"1960480397","2038153490","0.0322581"
"2038153490","1960480397","0.0322581"
"1960480397","2052345763","0.0992223"
"2052345763","1960480397","0.0992223"
"1960480397","2081087459","0.707556"
"2081087459","1960480397","0.707556"
"1960480397","2096869410","0.0572581"
"2096869410","1960480397","0.0572581"
"1960480397","2098571574","0.128687"
"2098571574","1960480397","0.128687"
"1960480397","2098908673","0.0322581"
"2098908673","1960480397","0.0322581"
"1960480397","2112854903","0.136127"
"2112854903","1960480397","0.136127"
"1960480397","2118839838","0.0635081"
"2118839838","1960480397","0.0635081"
"1960480397","2156460129","0.0322581"
"2156460129","1960480397","0.0322581"
"1960480397","2164146029","0.171841"
"2164146029","1960480397","0.171841"
"1960480397","2172025811","0.0322581"
"2172025811","1960480397","0.0322581"
"1960480397","2315096358","0.140591"
"2315096358","1960480397","0.140591"
"1960480397","2341508074","0.0322581"
"2341508074","1960480397","0.0322581"
"1960480397","2523550674","0.128687"
"2523550674","1960480397","0.128687"
"1960480397","2735746908","0.0322581"
"2735746908","1960480397","0.0322581"
"1960480397","2913248449","0.151306"
"2913248449","1960480397","0.151306"
"1960480397","2921197276","0.136127"
"2921197276","1960480397","0.136127"
"1960480397","2950640221","0.0635081"
"2950640221","1960480397","0.0635081"
"1960480397","2950766609","0.0885081"
"2950766609","1960480397","0.0885081"
"1960480397","2951373178","0.0322581"
"2951373178","1960480397","0.0322581"
"1960480397","2952506357","0.0322581"
"2952506357","1960480397","0.0322581"
"1960480397","2952668482","0.0322581"
"2952668482","1960480397","0.0322581"
"1960480397","2952689675","0.136127"
"2952689675","1960480397","0.136127"
"1960480397","2953015842","0.207556"
"2953015842","1960480397","0.207556"
"1960480397","2962925905","0.0929724"
"2962925905","1960480397","0.0929724"
"2001620573","2038153490","0.117972"
"2038153490","2001620573","0.117972"
"2001620573","2052345763","0.196841"
"2052345763","2001620573","0.196841"
"2001620573","2081087459","1.01157"
"2081087459","2001620573","1.01157"
"2001620573","2096869410","0.259639"
"2096869410","2001620573","0.259639"
"2001620573","2098571574","0.538806"
"2098571574","2001620573","0.538806"
"2001620573","2098908673","0.138847"
"2098908673","2001620573","0.138847"
"2001620573","2112854903","0.614145"
"2112854903","2001620573","0.614145"
"2001620573","2118839838","0.113508"
"2118839838","2001620573","0.113508"
"2001620573","2156460129","0.0555139"
"2156460129","2001620573","0.0555139"
"2001620573","2164146029","1.13359"
"2164146029","2001620573","1.13359"
"2001620573","2172025811","0.0322581"
"2172025811","2001620573","0.0322581"
"2001620573","2315096358","0.0572581"
"2315096358","2001620573","0.0572581"
"2001620573","2341508074","0.0322581"
"2341508074","2001620573","0.0322581"
"2001620573","2523550674","0.155472"
"2523550674","2001620573","0.155472"
"2001620573","2735746908","0.0322581"
"2735746908","2001620573","0.0322581"
"2001620573","2913248449","0.151306"
"2913248449","2001620573","0.151306"
"2001620573","2921197276","0.340889"
"2921197276","2001620573","0.340889"
"2001620573","2950640221","0.113508"
"2950640221","2001620573","0.113508"
"2001620573","2950766609","0.855811"
"2950766609","2001620573","0.855811"
"2001620573","2951373178","0.0947581"
"2951373178","2001620573","0.0947581"
"2001620573","2952506357","0.0555139"
"2952506357","2001620573","0.0555139"
"2001620573","2952668482","0.0679723"
"2952668482","2001620573","0.0679723"
"2001620573","2952689675","0.624222"
"2952689675","2001620573","0.624222"
"2001620573","2953015842","0.440137"
"2953015842","2001620573","0.440137"
"2001620573","2962925905","0.0929724"
"2962925905","2001620573","0.0929724"
"2038153490","2052345763","0.997828"
"2052345763","2038153490","0.997828"
"2038153490","2081087459","0.161279"
"2081087459","2038153490","0.161279"
"2038153490","2096869410","0.616344"
"2096869410","2038153490","0.616344"
"2038153490","2098571574","1.13781"
"2098571574","2038153490","1.13781"
"2038153490","2098908673","0.604731"
"2098908673","2038153490","0.604731"
"2038153490","2112854903","1.26683"
"2112854903","2038153490","1.26683"
"2038153490","2118839838","0.787615"
"2118839838","2038153490","0.787615"
"2038153490","2156460129","0.484639"
"2156460129","2038153490","0.484639"
"2038153490","2164146029","0.283011"
"2164146029","2038153490","0.283011"
"2038153490","2172025811","1.1848"
"2172025811","2038153490","1.1848"
"2038153490","2315096358","0.0322581"
"2315096358","2038153490","0.0322581"
"2038153490","2341508074","0.0322581"
"2341508074","2038153490","0.0322581"
"2038153490","2523550674","2.29918"
"2523550674","2038153490","2.29918"
"2038153490","2735746908","0.0910816"
"2735746908","2038153490","0.0910816"
"2038153490","2913248449","0.125564"
"2913248449","2038153490","0.125564"
"2038153490","2921197276","0.211279"
"2921197276","2038153490","0.211279"
"2038153490","2950640221","0.287615"
"2950640221","2038153490","0.287615"
"2038153490","2950766609","0.283011"
"2950766609","2038153490","0.283011"
"2038153490","2951373178","0.0910816"
"2951373178","2038153490","0.0910816"
"2038153490","2952506357","0.549175"
"2952506357","2038153490","0.549175"
"2038153490","2952668482","0.460129"
"2952668482","2038153490","0.460129"
"2038153490","2952689675","0.0679723"
"2952689675","2038153490","0.0679723"
"2038153490","2953015842","0.161279"
"2953015842","2038153490","0.161279"
"2038153490","2962925905","0.0679723"
"2962925905","2038153490","0.0679723"
"2052345763","2081087459","0.472288"
"2081087459","2052345763","0.472288"
"2052345763","2096869410","0.407792"
"2096869410","2052345763","0.407792"
"2052345763","2098571574","0.173528"
"2098571574","2052345763","0.173528"
"2052345763","2098908673","0.524949"
"2098908673","2052345763","0.524949"
"2052345763","2112854903","0.31122"
"2112854903","2052345763","0.31122"
"2052345763","2118839838","0.539396"
"2118839838","2052345763","0.539396"
"2052345763","2156460129","1.12512"
"2156460129","2052345763","1.12512"
"2052345763","2164146029","0.59402"
"2164146029","2052345763","0.59402"
"2052345763","2172025811","0.227814"
"2172025811","2052345763","0.227814"
"2052345763","2315096358","0.107972"
"2315096358","2052345763","0.107972"
"2052345763","2341508074","0.132258"
"2341508074","2052345763","0.132258"
"2052345763","2523550674","0.344851"
"2523550674","2052345763","0.344851"
"2052345763","2735746908","0.131082"
"2735746908","2052345763","0.131082"
"2052345763","2913248449","0.482608"
"2913248449","2052345763","0.482608"
"2052345763","2921197276","0.297332"
"2921197276","2052345763","0.297332"
"2052345763","2950640221","0.462473"
"2950640221","2052345763","0.462473"
"2052345763","2950766609","0.558306"
"2950766609","2052345763","0.558306"
"2052345763","2951373178","0.153582"
"2951373178","2052345763","0.153582"
"2052345763","2952506357","0.38606"
"2952506357","2052345763","0.38606"
"2052345763","2952668482","0.0910816"
"2952668482","2052345763","0.0910816"
"2052345763","2952689675","0.228508"
"2952689675","2052345763","0.228508"
"2052345763","2953015842","0.472288"
"2953015842","2052345763","0.472288"
"2052345763","2962925905","0.207972"
"2962925905","2052345763","0.207972"
"2081087459","2096869410","0.175074"
"2096869410","2081087459","0.175074"
"2081087459","2098571574","0.348445"
"2098571574","2081087459","0.348445"
"2081087459","2098908673","1.05767"
"2098908673","2081087459","1.05767"
"2081087459","2112854903","0.913519"
"2112854903","2081087459","0.913519"
"2081087459","2118839838","0.535009"
"2118839838","2081087459","0.535009"
"2081087459","2156460129","0.0555139"
"2156460129","2081087459","0.0555139"
"2081087459","2164146029","1.09108"
"2164146029","2081087459","1.09108"
"2081087459","2172025811","0.494951"
"2172025811","2081087459","0.494951"
"2081087459","2315096358","0.363925"
"2315096358","2081087459","0.363925"
"2081087459","2341508074","0.0322581"
"2341508074","2081087459","0.0322581"
"2081087459","2523550674","1.33104"
"2523550674","2081087459","1.33104"
"2081087459","2735746908","0.410959"
"2735746908","2081087459","0.410959"
"2081087459","2913248449","0.594648"
"2913248449","2081087459","0.594648"
"2081087459","2921197276","0.345025"
"2921197276","2081087459","0.345025"
"2081087459","2950640221","0.535009"
"2950640221","2081087459","0.535009"
"2081087459","2950766609","0.587112"
"2950766609","2081087459","0.587112"
"2081087459","2951373178","0.320248"
"2951373178","2081087459","0.320248"
"2081087459","2952506357","0.538221"
"2952506357","2081087459","0.538221"
"2081087459","2952668482","0.325721"
"2952668482","2081087459","0.325721"
"2081087459","2952689675","0.569496"
"2952689675","2081087459","0.569496"
"2081087459","2953015842","3.09982"
"2953015842","2081087459","3.09982"
"2081087459","2962925905","0.399639"
"2962925905","2081087459","0.399639"
"2096869410","2098571574","0.27948"
"2098571574","2096869410","0.27948"
"2096869410","2098908673","3.31801"
"2098908673","2096869410","3.31801"
"2096869410","2112854903","0.433011"
"2112854903","2096869410","0.433011"
"2096869410","2118839838","0.622017"
"2118839838","2096869410","0.622017"
"2096869410","2156460129","0.0322581"
"2156460129","2096869410","0.0322581"
"2096869410","2164146029","0.474677"
"2164146029","2096869410","0.474677"
"2096869410","2172025811","0.419915"
"2172025811","2096869410","0.419915"
"2096869410","2315096358","0.134181"
"2315096358","2096869410","0.134181"
"2096869410","2341508074","0.0322581"
"2341508074","2096869410","0.0322581"
"2096869410","2523550674","0.657415"
"2523550674","2096869410","0.657415"
"2096869410","2735746908","0.0798771"
"2735746908","2096869410","0.0798771"
"2096869410","2913248449","0.460331"
"2913248449","2096869410","0.460331"
"2096869410","2921197276","0.337574"
"2921197276","2096869410","0.337574"
"2096869410","2950640221","0.545094"
"2950640221","2096869410","0.545094"
"2096869410","2950766609","0.474677"
"2950766609","2096869410","0.474677"
"2096869410","2951373178","0.0322581"
"2951373178","2096869410","0.0322581"
"2096869410","2952506357","2.12912"
"2952506357","2096869410","2.12912"
"2096869410","2952668482","0.401306"
"2952668482","2096869410","0.401306"
"2096869410","2952689675","0.469758"
"2952689675","2096869410","0.469758"
"2096869410","2953015842","0.127455"
"2953015842","2096869410","0.127455"
"2096869410","2962925905","0.79456"
"2962925905","2096869410","0.79456"
"2098571574","2098908673","0.245072"
"2098908673","2098571574","0.245072"
"2098571574","2112854903","0.261738"
"2112854903","2098571574","0.261738"
"2098571574","2118839838","0.49834"
"2118839838","2098571574","0.49834"
"2098571574","2156460129","1.34892"
"2156460129","2098571574","1.34892"
"2098571574","2164146029","0.381861"
"2164146029","2098571574","0.381861"
"2098571574","2172025811","0.556183"
"2172025811","2098571574","0.556183"
"2098571574","2315096358","0.0929724"
"2315096358","2098571574","0.0929724"
"2098571574","2341508074","0.232258"
"2341508074","2098571574","0.232258"
"2098571574","2523550674","0.401222"
"2523550674","2098571574","0.401222"
"2098571574","2735746908","0.0645161"
"2735746908","2098571574","0.0645161"
"2098571574","2913248449","0.260945"
"2913248449","2098571574","0.260945"
"2098571574","2921197276","0.497849"
"2921197276","2098571574","0.497849"
"2098571574","2950640221","0.49834"
"2950640221","2098571574","0.49834"
"2098571574","2950766609","0.346147"
"2950766609","2098571574","0.346147"
"2098571574","2951373178","0.0947581"
"2951373178","2098571574","0.0947581"
"2098571574","2952506357","0.0645161"
"2952506357","2098571574","0.0645161"
"2098571574","2952668482","0.0645161"
"2952668482","2098571574","0.0645161"
"2098571574","2952689675","0.614516"
"2952689675","2098571574","0.614516"
"2098571574","2953015842","0.348445"
"2953015842","2098571574","0.348445"
"2098571574","2962925905","0.47075"
"2962925905","2098571574","0.47075"
"2098908673","2112854903","0.871158"
"2112854903","2098908673","0.871158"
"2098908673","2118839838","1.39459"
"2118839838","2098908673","1.39459"
"2098908673","2156460129","0.0971805"
"2156460129","2098908673","0.0971805"
"2098908673","2164146029","0.538409"
"2164146029","2098908673","0.538409"
"2098908673","2172025811","1.40677"
"2172025811","2098908673","1.40677"
"2098908673","2315096358","0.109181"
"2315096358","2098908673","0.109181"
"2098908673","2341508074","0.132258"
"2341508074","2098908673","0.132258"
"2098908673","2523550674","1.23087"
"2523550674","2098908673","1.23087"
"2098908673","2735746908","0.170959"
"2735746908","2098908673","0.170959"
"2098908673","2913248449","0.718079"
"2913248449","2098908673","0.718079"
"2098908673","2921197276","0.944132"
"2921197276","2098908673","0.944132"
"2098908673","2950640221","1.31767"
"2950640221","2098908673","1.31767"
"2098908673","2950766609","0.228886"
"2950766609","2098908673","0.228886"
"2098908673","2951373178","0.0910816"
"2951373178","2098908673","0.0910816"
"2098908673","2952506357","11.933"
"2952506357","2098908673","11.933"
"2098908673","2952668482","0.12334"
"2952668482","2098908673","0.12334"
"2098908673","2952689675","1.21194"
"2952689675","2098908673","1.21194"
"2098908673","2953015842","1.01005"
"2953015842","2098908673","1.01005"
"2098908673","2962925905","0.564401"
"2962925905","2098908673","0.564401"
"2112854903","2118839838","0.721555"
"2118839838","2112854903","0.721555"
"2112854903","2156460129","0.163847"
"2156460129","2112854903","0.163847"
"2112854903","2164146029","3.27914"
"2164146029","2112854903","3.27914"
"2112854903","2172025811","0.731575"
"2172025811","2112854903","0.731575"
"2112854903","2315096358","0.396936"
"2315096358","2112854903","0.396936"
"2112854903","2341508074","0.0667408"
"2341508074","2112854903","0.0667408"
"2112854903","2523550674","0.377267"
"2523550674","2112854903","0.377267"
"2112854903","2735746908","0.24834"
"2735746908","2112854903","0.24834"
"2112854903","2913248449","1.06135"
"2913248449","2112854903","1.06135"
"2112854903","2921197276","0.613279"
"2921197276","2112854903","0.613279"
"2112854903","2950640221","0.554888"
"2950640221","2112854903","0.554888"
"2112854903","2950766609","0.921999"
"2950766609","2112854903","0.921999"
"2112854903","2951373178","0.0910816"
"2951373178","2112854903","0.0910816"
"2112854903","2952506357","0.532269"
"2952506357","2112854903","0.532269"
"2112854903","2952668482","0.159054"
"2952668482","2112854903","0.159054"
"2112854903","2952689675","0.803306"
"2952689675","2112854903","0.803306"
"2112854903","2953015842","0.913519"
"2953015842","2112854903","0.913519"
"2112854903","2962925905","0.329083"
"2962925905","2112854903","0.329083"
"2118839838","2156460129","0.216782"
"2156460129","2118839838","0.216782"
"2118839838","2164146029","0.2289"
"2164146029","2118839838","0.2289"
"2118839838","2172025811","3.98495"
"2172025811","2118839838","3.98495"
"2118839838","2315096358","0.79124"
"2315096358","2118839838","0.79124"
"2118839838","2341508074","0.366741"
"2341508074","2118839838","0.366741"
"2118839838","2523550674","0.863759"
"2523550674","2118839838","0.863759"
"2118839838","2735746908","0.154516"
"2735746908","2118839838","0.154516"
"2118839838","2913248449","0.742906"
"2913248449","2118839838","0.742906"
"2118839838","2921197276","0.307472"
"2921197276","2118839838","0.307472"
"2118839838","2950640221","11.1835"
"2950640221","2118839838","11.1835"
"2118839838","2950766609","0.2289"
"2950766609","2118839838","0.2289"
"2118839838","2951373178","0.0322581"
"2951373178","2118839838","0.0322581"
"2118839838","2952506357","1.76959"
"2952506357","2118839838","1.76959"
"2118839838","2952668482","0.564516"
"2952668482","2118839838","0.564516"
"2118839838","2952689675","0.297472"
"2952689675","2118839838","0.297472"
"2118839838","2953015842","0.535009"
"2953015842","2118839838","0.535009"
"2118839838","2962925905","1.03456"
"2962925905","2118839838","1.03456"
"2156460129","2164146029","0.122181"
"2164146029","2156460129","0.122181"
"2156460129","2172025811","0.0739247"
"2172025811","2156460129","0.0739247"
"2156460129","2315096358","0.0322581"
"2315096358","2156460129","0.0322581"
"2156460129","2341508074","0.0322581"
"2341508074","2156460129","0.0322581"
"2156460129","2523550674","0.598925"
"2523550674","2156460129","0.598925"
"2156460129","2735746908","0.0322581"
"2735746908","2156460129","0.0322581"
"2156460129","2913248449","0.0322581"
"2913248449","2156460129","0.0322581"
"2156460129","2921197276","0.0989247"
"2921197276","2156460129","0.0989247"
"2156460129","2950640221","0.216782"
"2950640221","2156460129","0.216782"
"2156460129","2950766609","0.122181"
"2950766609","2156460129","0.122181"
"2156460129","2951373178","0.0322581"
"2951373178","2156460129","0.0322581"
"2156460129","2952506357","0.0971805"
"2952506357","2156460129","0.0971805"
"2156460129","2952668482","0.0322581"
"2952668482","2156460129","0.0322581"
"2156460129","2952689675","0.0989247"
"2952689675","2156460129","0.0989247"
"2156460129","2953015842","0.0555139"
"2953015842","2156460129","0.0555139"
"2156460129","2962925905","0.140591"
"2962925905","2156460129","0.140591"
"2164146029","2172025811","0.162296"
"2172025811","2164146029","0.162296"
"2164146029","2315096358","0.273898"
"2315096358","2164146029","0.273898"
"2164146029","2341508074","0.0667408"
"2341508074","2164146029","0.0667408"
"2164146029","2523550674","0.294122"
"2523550674","2164146029","0.294122"
"2164146029","2735746908","0.0722581"
"2735746908","2164146029","0.0722581"
"2164146029","2913248449","0.30789"
"2913248449","2164146029","0.30789"
"2164146029","2921197276","0.272991"
"2921197276","2164146029","0.272991"
"2164146029","2950640221","0.2289"
"2950640221","2164146029","0.2289"
"2164146029","2950766609","4.38597"
"2950766609","2164146029","4.38597"
"2164146029","2951373178","0.0322581"
"2951373178","2164146029","0.0322581"
"2164146029","2952506357","0.39952"
"2952506357","2164146029","0.39952"
"2164146029","2952668482","0.0679723"
"2952668482","2164146029","0.0679723"
"2164146029","2952689675","0.611841"
"2952689675","2164146029","0.611841"
"2164146029","2953015842","1.09108"
"2953015842","2164146029","1.09108"
"2164146029","2962925905","0.335353"
"2962925905","2164146029","0.335353"
"2172025811","2315096358","0.3465"
"2315096358","2172025811","0.3465"
"2172025811","2341508074","0.332258"
"2341508074","2172025811","0.332258"
"2172025811","2523550674","0.427805"
"2523550674","2172025811","0.427805"
"2172025811","2735746908","0.152135"
"2735746908","2172025811","0.152135"
"2172025811","2913248449","0.488999"
"2913248449","2172025811","0.488999"
"2172025811","2921197276","0.724396"
"2921197276","2172025811","0.724396"
"2172025811","2950640221","2.81828"
"2950640221","2172025811","2.81828"
"2172025811","2950766609","0.162296"
"2950766609","2172025811","0.162296"
"2172025811","2951373178","0.0322581"
"2951373178","2172025811","0.0322581"
"2172025811","2952506357","1.22622"
"2952506357","2172025811","1.22622"
"2172025811","2952668482","0.0645161"
"2952668482","2172025811","0.0645161"
"2172025811","2952689675","0.729913"
"2952689675","2172025811","0.729913"
"2172025811","2953015842","0.447332"
"2953015842","2172025811","0.447332"
"2172025811","2962925905","0.472655"
"2962925905","2172025811","0.472655"
"2315096358","2341508074","0.133407"
"2341508074","2315096358","0.133407"
"2315096358","2523550674","0.195353"
"2523550674","2315096358","0.195353"
"2315096358","2735746908","0.107972"
"2735746908","2315096358","0.107972"
"2315096358","2913248449","0.309122"
"2913248449","2315096358","0.309122"
"2315096358","2921197276","0.140591"
"2921197276","2315096358","0.140591"
"2315096358","2950640221","0.79124"
"2950640221","2315096358","0.79124"
"2315096358","2950766609","0.190564"
"2950766609","2315096358","0.190564"
"2315096358","2951373178","0.0322581"
"2951373178","2315096358","0.0322581"
"2315096358","2952506357","0.109181"
"2952506357","2315096358","0.109181"
"2315096358","2952668482","0.0322581"
"2952668482","2315096358","0.0322581"
"2315096358","2952689675","0.180591"
"2952689675","2315096358","0.180591"
"2315096358","2953015842","0.363925"
"2953015842","2315096358","0.363925"
"2315096358","2962925905","0.25202"
"2962925905","2315096358","0.25202"
"2341508074","2523550674","0.0989247"
"2523550674","2341508074","0.0989247"
"2341508074","2735746908","0.0322581"
"2735746908","2341508074","0.0322581"
"2341508074","2913248449","0.166741"
"2913248449","2341508074","0.166741"
"2341508074","2921197276","0.0322581"
"2921197276","2341508074","0.0322581"
"2341508074","2950640221","0.366741"
"2950640221","2341508074","0.366741"
"2341508074","2950766609","0.0667408"
"2950766609","2341508074","0.0667408"
"2341508074","2951373178","0.0322581"
"2951373178","2341508074","0.0322581"
"2341508074","2952506357","0.132258"
"2952506357","2341508074","0.132258"
"2341508074","2952668482","0.0322581"
"2952668482","2341508074","0.0322581"
"2341508074","2952689675","0.0322581"
"2952689675","2341508074","0.0322581"
"2341508074","2953015842","0.0322581"
"2953015842","2341508074","0.0322581"
"2341508074","2962925905","0.232258"
"2962925905","2341508074","0.232258"
"2523550674","2735746908","1.50667"
"2735746908","2523550674","1.50667"
"2523550674","2913248449","0.936722"
"2913248449","2523550674","0.936722"
"2523550674","2921197276","2.29145"
"2921197276","2523550674","2.29145"
"2523550674","2950640221","0.863759"
"2950640221","2523550674","0.863759"
"2523550674","2950766609","0.258408"
"2950766609","2523550674","0.258408"
"2523550674","2951373178","0.370248"
"2951373178","2523550674","0.370248"
"2523550674","2952506357","0.930874"
"2952506357","2523550674","0.930874"
"2523550674","2952668482","0.12334"
"2952668482","2523550674","0.12334"
"2523550674","2952689675","2.36481"
"2952689675","2523550674","2.36481"
"2523550674","2953015842","1.11675"
"2953015842","2523550674","1.11675"
"2523550674","2962925905","0.753185"
"2962925905","2523550674","0.753185"
"2735746908","2913248449","0.199054"
"2913248449","2735746908","0.199054"
"2735746908","2921197276","0.790006"
"2921197276","2735746908","0.790006"
"2735746908","2950640221","0.154516"
"2950640221","2735746908","0.154516"
"2735746908","2950766609","0.0722581"
"2950766609","2735746908","0.0722581"
"2735746908","2951373178","0.424415"
"2951373178","2735746908","0.424415"
"2735746908","2952506357","0.170959"
"2952506357","2735746908","0.170959"
"2735746908","2952668482","0.12334"
"2952668482","2735746908","0.12334"
"2735746908","2952689675","0.771183"
"2952689675","2735746908","0.771183"
"2735746908","2953015842","0.36334"
"2953015842","2735746908","0.36334"
"2735746908","2962925905","0.155591"
"2962925905","2735746908","0.155591"
"2913248449","2921197276","1.01258"
"2921197276","2913248449","1.01258"
"2913248449","2950640221","0.499316"
"2950640221","2913248449","0.499316"
"2913248449","2950766609","0.224557"
"2950766609","2913248449","0.224557"
"2913248449","2951373178","0.141082"
"2951373178","2913248449","0.141082"
"2913248449","2952506357","0.440301"
"2952506357","2913248449","0.440301"
"2913248449","2952668482","0.12334"
"2952668482","2913248449","0.12334"
"2913248449","2952689675","1.06206"
"2952689675","2913248449","1.06206"
"2913248449","2953015842","0.594648"
"2953015842","2913248449","0.594648"
"2913248449","2962925905","0.800631"
"2962925905","2913248449","0.800631"
"2921197276","2950640221","0.307472"
"2950640221","2921197276","0.307472"
"2921197276","2950766609","0.225372"
"2950766609","2921197276","0.225372"
"2921197276","2951373178","0.486915"
"2951373178","2921197276","0.486915"
"2921197276","2952506357","0.860799"
"2952506357","2921197276","0.860799"
"2921197276","2952668482","0.159054"
"2952668482","2921197276","0.159054"
"2921197276","2952689675","15.0494"
"2952689675","2921197276","15.0494"
"2921197276","2953015842","0.297406"
"2953015842","2921197276","0.297406"
"2921197276","2962925905","0.629574"
"2962925905","2921197276","0.629574"
"2950640221","2950766609","0.2289"
"2950766609","2950640221","0.2289"
"2950640221","2951373178","0.0322581"
"2951373178","2950640221","0.0322581"
"2950640221","2952506357","1.19267"
"2952506357","2950640221","1.19267"
"2950640221","2952668482","0.0645161"
"2952668482","2950640221","0.0645161"
"2950640221","2952689675","0.297472"
"2952689675","2950640221","0.297472"
"2950640221","2953015842","0.535009"
"2953015842","2950640221","0.535009"
"2950640221","2962925905","1.03456"
"2962925905","2950640221","1.03456"
"2950766609","2951373178","0.0322581"
"2951373178","2950766609","0.0322581"
"2950766609","2952506357","0.0899966"
"2952506357","2950766609","0.0899966"
"2950766609","2952668482","0.0679723"
"2952668482","2950766609","0.0679723"
"2950766609","2952689675","0.397556"
"2952689675","2950766609","0.397556"
"2950766609","2953015842","0.587112"
"2953015842","2950766609","0.587112"
"2950766609","2962925905","0.299639"
"2962925905","2950766609","0.299639"
"2951373178","2952506357","0.0910816"
"2952506357","2951373178","0.0910816"
"2951373178","2952668482","0.0910816"
"2952668482","2951373178","0.0910816"
"2951373178","2952689675","0.844758"
"2952689675","2951373178","0.844758"
"2951373178","2953015842","0.153582"
"2953015842","2951373178","0.153582"
"2951373178","2962925905","0.0822581"
"2962925905","2951373178","0.0822581"
"2952506357","2952668482","0.62334"
"2952668482","2952506357","0.62334"
"2952506357","2952689675","0.767492"
"2952689675","2952506357","0.767492"
"2952506357","2953015842","0.490602"
"2953015842","2952506357","0.490602"
"2952506357","2962925905","0.564401"
"2962925905","2952506357","0.564401"
"2952668482","2952689675","0.10023"
"2952689675","2952668482","0.10023"
"2952668482","2953015842","0.325721"
"2953015842","2952668482","0.325721"
"2952668482","2962925905","0.0679723"
"2962925905","2952668482","0.0679723"
"2952689675","2953015842","0.355211"
"2953015842","2952689675","0.355211"
"2952689675","2962925905","0.669574"
"2962925905","2952689675","0.669574"
"2953015842","2962925905","0.35202"
"2962925905","2953015842","0.35202"
"1426900686","1980233487","0.350397"
"1980233487","1426900686","0.350397"
"1426900686","1982765187","0.171825"
"1982765187","1426900686","0.171825"
"1426900686","2023669216","0.111111"
"2023669216","1426900686","0.111111"
"1426900686","2031823763","0.219444"
"2031823763","1426900686","0.219444"
"1426900686","2257913253","0.18373"
"2257913253","1426900686","0.18373"
"1426900686","2962678849","0.111111"
"2962678849","1426900686","0.111111"
"1426900686","2963072672","0.18373"
"2963072672","1426900686","0.18373"
"1426900686","3027018408","0.398016"
"3027018408","1426900686","0.398016"
"1960480397","1980233487","0.20754"
"1980233487","1960480397","0.20754"
"1960480397","1982765187","0.171825"
"1982765187","1960480397","0.171825"
"1960480397","2023669216","0.111111"
"2023669216","1960480397","0.111111"
"1960480397","2031823763","0.250694"
"2031823763","1960480397","0.250694"
"1960480397","2257913253","0.21498"
"2257913253","1960480397","0.21498"
"1960480397","2962678849","0.111111"
"2962678849","1960480397","0.111111"
"1960480397","2963072672","0.21498"
"2963072672","1960480397","0.21498"
"1960480397","3027018408","0.255159"
"3027018408","1960480397","0.255159"
"1980233487","1982765187","0.43254"
"1982765187","1980233487","0.43254"
"1980233487","2023669216","0.58505"
"2023669216","1980233487","0.58505"
"1980233487","2031823763","0.236111"
"2031823763","1980233487","0.236111"
"1980233487","2257913253","0.171825"
"2257913253","1980233487","0.171825"
"1980233487","2962678849","0.932272"
"2962678849","1980233487","0.932272"
"1980233487","2963072672","0.171825"
"2963072672","1980233487","0.171825"
"1980233487","3027018408","1.53171"
"3027018408","1980233487","1.53171"
"1982765187","2023669216","0.24504"
"2023669216","1982765187","0.24504"
"1982765187","2031823763","0.469877"
"2031823763","1982765187","0.469877"
"1982765187","2257913253","0.405592"
"2257913253","1982765187","0.405592"
"1982765187","2962678849","0.303863"
"2962678849","1982765187","0.303863"
"1982765187","2963072672","0.405592"
"2963072672","1982765187","0.405592"
"1982765187","3027018408","0.20754"
"3027018408","1982765187","0.20754"
"2023669216","2031823763","0.169935"
"2031823763","2023669216","0.169935"
"2023669216","2257913253","0.111111"
"2257913253","2023669216","0.111111"
"2023669216","2962678849","5.50839"
"2962678849","2023669216","5.50839"
"2023669216","2963072672","0.111111"
"2963072672","2023669216","0.111111"
"2023669216","3027018408","0.111111"
"3027018408","2023669216","0.111111"
"2031823763","2257913253","1.15113"
"2257913253","2031823763","1.15113"
"2031823763","2962678849","0.169935"
"2962678849","2031823763","0.169935"
"2031823763","2963072672","2.06779"
"2963072672","2031823763","2.06779"
"2031823763","3027018408","0.255159"
"3027018408","2031823763","0.255159"
"2257913253","2962678849","0.111111"
"2962678849","2257913253","0.111111"
"2257913253","2963072672","29.0202"
"2963072672","2257913253","29.0202"
"2257913253","3027018408","0.588492"
"3027018408","2257913253","0.588492"
"2962678849","2963072672","0.111111"
"2963072672","2962678849","0.111111"
"2962678849","3027018408","0.222222"
"3027018408","2962678849","0.222222"
"2963072672","3027018408","0.255159"
