"109702185","2011454193","1.7"
"2011454193","109702185","1.7"
"109702185","2027711578","1.03333"
"2027711578","109702185","1.03333"
"109702185","2079777076","2.93535"
"2079777076","109702185","2.93535"
"109702185","2085997867","1.90202"
"2085997867","109702185","1.90202"
"109702185","2160015010","0.4"
"2160015010","109702185","0.4"
"2011454193","2027711578","0.2"
"2027711578","2011454193","0.2"
"2011454193","2079777076","0.252632"
"2079777076","2011454193","0.252632"
"2011454193","2085997867","11.4223"
"2085997867","2011454193","11.4223"
"2011454193","2160015010","0.502632"
"2160015010","2011454193","0.502632"
"2027711578","2079777076","24.4435"
"2079777076","2027711578","24.4435"
"2027711578","2085997867","0.2"
"2085997867","2027711578","0.2"
"2027711578","2160015010","4.52681"
"2160015010","2027711578","4.52681"
"2079777076","2085997867","0.454652"
"2085997867","2079777076","0.454652"
"2079777076","2160015010","2.94611"
"2160015010","2079777076","2.94611"
"2085997867","2160015010","0.252632"
"2160015010","2085997867","0.252632"
"109702185","2089892729","2.59091"
"2089892729","109702185","2.59091"
"109702185","2100048438","0.990909"
"2100048438","109702185","0.990909"
"2089892729","2100048438","1.21591"
"2100048438","2089892729","1.21591"
"109702185","2138334515","0.444444"
"2138334515","109702185","0.444444"
"2027711578","2138334515","4.15833"
"2138334515","2027711578","4.15833"
"2079777076","2138334515","4.76944"
"2138334515","2079777076","4.76944"
"109702185","1999103817","1.03535"
"1999103817","109702185","1.03535"
"109702185","2506864497","0.833333"
"2506864497","109702185","0.833333"
"1999103817","2506864497","6.96014"
"2506864497","1999103817","6.96014"
"109702185","2101154871","0.2"
"2101154871","109702185","0.2"
"109702185","2488836358","0.2"
"2488836358","109702185","0.2"
"2079777076","2100048438","0.290909"
"2100048438","2079777076","0.290909"
"2079777076","2101154871","0.533333"
"2101154871","2079777076","0.533333"
"2079777076","2488836358","4.49611"
"2488836358","2079777076","4.49611"
"2100048438","2101154871","0.2"
"2101154871","2100048438","0.2"
"2100048438","2160015010","0.2"
"2160015010","2100048438","0.2"
"2100048438","2488836358","0.2"
"2488836358","2100048438","0.2"
"2101154871","2160015010","0.2"
"2160015010","2101154871","0.2"
"2101154871","2488836358","2.65833"
"2488836358","2101154871","2.65833"
"2160015010","2488836358","1.04611"
"2488836358","2160015010","1.04611"
"109702185","2042294224","0.611111"
"2042294224","109702185","0.611111"
"2042294224","2079777076","2.66111"
"2079777076","2042294224","2.66111"
"109702185","1518750298","1.2"
"1518750298","109702185","1.2"
"109702185","2146713522","1.59091"
"2146713522","109702185","1.59091"
"109702185","2488423277","2.83333"
"2488423277","109702185","2.83333"
"2146713522","2488423277","20.3833"
"2488423277","2146713522","20.3833"
"109702185","1484916820","0.111111"
"1484916820","109702185","0.111111"
"109702185","2084745976","0.111111"
"2084745976","109702185","0.111111"
"109702185","2218710975","0.20202"
"2218710975","109702185","0.20202"
"109702185","2514832122","0.111111"
"2514832122","109702185","0.111111"
"1484916820","1999103817","1.00722"
"1999103817","1484916820","1.00722"
"1484916820","2042294224","3.91944"
"2042294224","1484916820","3.91944"
"1484916820","2079777076","6.08222"
"2079777076","1484916820","6.08222"
"1484916820","2084745976","0.361111"
"2084745976","1484916820","0.361111"
"1484916820","2085997867","0.163743"
"2085997867","1484916820","0.163743"
"1484916820","2138334515","0.736111"
"2138334515","1484916820","0.736111"
"1484916820","2218710975","0.194444"
"2218710975","1484916820","0.194444"
"1484916820","2514832122","0.111111"
"2514832122","1484916820","0.111111"
"1999103817","2042294224","1.95278"
"2042294224","1999103817","1.95278"
"1999103817","2079777076","2.25646"
"2079777076","1999103817","2.25646"
"1999103817","2084745976","0.111111"
"2084745976","1999103817","0.111111"
"1999103817","2085997867","0.254652"
"2085997867","1999103817","0.254652"
"1999103817","2138334515","0.777778"
"2138334515","1999103817","0.777778"
"1999103817","2218710975","0.20202"
"2218710975","1999103817","0.20202"
"1999103817","2514832122","0.111111"
"2514832122","1999103817","0.111111"
"2042294224","2084745976","0.361111"
"2084745976","2042294224","0.361111"
"2042294224","2085997867","0.111111"
"2085997867","2042294224","0.111111"
"2042294224","2138334515","1.23611"
"2138334515","2042294224","1.23611"
"2042294224","2218710975","0.111111"
"2218710975","2042294224","0.111111"
"2042294224","2514832122","0.111111"
"2514832122","2042294224","0.111111"
"2079777076","2084745976","0.361111"
"2084745976","2079777076","0.361111"
"2079777076","2218710975","0.20202"
"2218710975","2079777076","0.20202"
"2079777076","2514832122","0.111111"
"2514832122","2079777076","0.111111"
"2084745976","2085997867","0.211111"
"2085997867","2084745976","0.211111"
"2084745976","2138334515","0.544444"
"2138334515","2084745976","0.544444"
"2084745976","2218710975","0.544444"
"2218710975","2084745976","0.544444"
"2084745976","2514832122","0.444444"
"2514832122","2084745976","0.444444"
"2085997867","2138334515","0.411111"
"2138334515","2085997867","0.411111"
"2085997867","2218710975","1.00202"
"2218710975","2085997867","1.00202"
"2085997867","2514832122","0.111111"
"2514832122","2085997867","0.111111"
"2138334515","2218710975","1.24444"
"2218710975","2138334515","1.24444"
"2138334515","2514832122","1.44444"
"2514832122","2138334515","1.44444"
"2218710975","2514832122","0.444444"
"2514832122","2218710975","0.444444"
"109702185","2050287928","0.533333"
"2050287928","109702185","0.533333"
"109702185","95049136","0.424242"
"95049136","109702185","0.424242"
"2050287928","2488423277","2.55181"
"2488423277","2050287928","2.55181"
"2050287928","95049136","8.28874"
"95049136","2050287928","8.28874"
"2488423277","95049136","0.458333"
"95049136","2488423277","0.458333"
"109702185","2176155182","0.0909091"
"2176155182","109702185","0.0909091"
"109702185","2941048624","0.424242"
"2941048624","109702185","0.424242"
"109702185","2945061532","0.0909091"
"2945061532","109702185","0.0909091"
"1999103817","2089892729","0.268541"
"2089892729","1999103817","0.268541"
"1999103817","2100048438","0.0909091"
"2100048438","1999103817","0.0909091"
"1999103817","2146713522","2.91021"
"2146713522","1999103817","2.91021"
"1999103817","2176155182","0.215909"
"2176155182","1999103817","0.215909"
"1999103817","2941048624","0.801054"
"2941048624","1999103817","0.801054"
"1999103817","2945061532","0.143541"
"2945061532","1999103817","0.143541"
"1999103817","95049136","0.143541"
"95049136","1999103817","0.143541"
"2079777076","2089892729","0.268541"
"2089892729","2079777076","0.268541"
"2079777076","2146713522","0.243541"
"2146713522","2079777076","0.243541"
"2079777076","2176155182","0.215909"
"2176155182","2079777076","0.215909"
"2079777076","2941048624","0.134387"
"2941048624","2079777076","0.134387"
"2079777076","2945061532","0.143541"
"2945061532","2079777076","0.143541"
"2079777076","95049136","0.143541"
"95049136","2079777076","0.143541"
"2085997867","2089892729","1.77687"
"2089892729","2085997867","1.77687"
"2085997867","2100048438","1.38439"
"2100048438","2085997867","1.38439"
"2085997867","2146713522","0.643541"
"2146713522","2085997867","0.643541"
"2085997867","2176155182","0.590909"
"2176155182","2085997867","0.590909"
"2085997867","2941048624","0.424242"
"2941048624","2085997867","0.424242"
"2085997867","2945061532","1.27988"
"2945061532","2085997867","1.27988"
"2085997867","95049136","0.143541"
"95049136","2085997867","0.143541"
"2089892729","2146713522","0.393541"
"2146713522","2089892729","0.393541"
"2089892729","2176155182","0.674242"
"2176155182","2089892729","0.674242"
"2089892729","2218710975","3.68258"
"2218710975","2089892729","3.68258"
"2089892729","2941048624","0.549242"
"2941048624","2089892729","0.549242"
"2089892729","2945061532","0.143541"
"2945061532","2089892729","0.143541"
"2089892729","95049136","0.685207"
"95049136","2089892729","0.685207"
"2100048438","2146713522","0.340909"
"2146713522","2100048438","0.340909"
"2100048438","2176155182","1.62617"
"2176155182","2100048438","1.62617"
"2100048438","2218710975","2.79924"
"2218710975","2100048438","2.79924"
"2100048438","2941048624","0.715909"
"2941048624","2100048438","0.715909"
"2100048438","2945061532","0.83631"
"2945061532","2100048438","0.83631"
"2100048438","95049136","1.73728"
"95049136","2100048438","1.73728"
"2146713522","2176155182","0.340909"
"2176155182","2146713522","0.340909"
"2146713522","2218710975","0.0909091"
"2218710975","2146713522","0.0909091"
"2146713522","2941048624","0.0909091"
"2941048624","2146713522","0.0909091"
"2146713522","2945061532","0.143541"
"2945061532","2146713522","0.143541"
"2146713522","95049136","0.143541"
"95049136","2146713522","0.143541"
"2176155182","2218710975","0.715909"
"2218710975","2176155182","0.715909"
"2176155182","2941048624","0.315909"
"2941048624","2176155182","0.315909"
"2176155182","2945061532","0.167832"
"2945061532","2176155182","0.167832"
"2176155182","95049136","0.626166"
"95049136","2176155182","0.626166"
"2218710975","2941048624","0.215909"
"2941048624","2218710975","0.215909"
"2218710975","2945061532","0.0909091"
"2945061532","2218710975","0.0909091"
"2218710975","95049136","1.29924"
"95049136","2218710975","1.29924"
"2941048624","2945061532","1.09091"
"2945061532","2941048624","1.09091"
"2941048624","95049136","0.715909"
"95049136","2941048624","0.715909"
"2945061532","95049136","0.553797"
"95049136","2945061532","0.553797"
"2011454193","2089892729","1.35263"
"2089892729","2011454193","1.35263"
"2506864497","2941048624","0.543478"
"2941048624","2506864497","0.543478"
"109702185","2006998771","0.2"
"2006998771","109702185","0.2"
"109702185","2025886727","0.2"
"2025886727","109702185","0.2"
"1518750298","2006998771","0.2"
"2006998771","1518750298","0.2"
"1518750298","2025886727","0.326923"
"2025886727","1518750298","0.326923"
"1518750298","2050287928","0.25"
"2050287928","1518750298","0.25"
"1518750298","2100048438","0.276923"
"2100048438","1518750298","0.276923"
"2006998771","2025886727","0.2"
"2025886727","2006998771","0.2"
"2006998771","2050287928","0.283333"
"2050287928","2006998771","0.283333"
"2006998771","2100048438","0.2"
"2100048438","2006998771","0.2"
"2025886727","2050287928","3.48792"
"2050287928","2025886727","3.48792"
"2025886727","2100048438","7.09818"
"2100048438","2025886727","7.09818"
"2050287928","2100048438","1.43792"
"2100048438","2050287928","1.43792"
"109702185","2158934641","1"
"2158934641","109702185","1"
"1483648899","1991517931","2.7085"
"1991517931","1483648899","2.7085"
"1483648899","2004848304","1.14835"
"2004848304","1483648899","1.14835"
"1483648899","2088456744","2.24835"
"2088456744","1483648899","2.24835"
"1483648899","2478408236","1.06667"
"2478408236","1483648899","1.06667"
"1483648899","2495395981","1.10476"
"2495395981","1483648899","1.10476"
"1483648899","2497715953","1.35"
"2497715953","1483648899","1.35"
"1991517931","2004848304","0.665018"
"2004848304","1991517931","0.665018"
"1991517931","2088456744","5.6924"
"2088456744","1991517931","5.6924"
"1991517931","2478408236","0.941667"
"2478408236","1991517931","0.941667"
"1991517931","2495395981","3.01548"
"2495395981","1991517931","3.01548"
"1991517931","2497715953","1.50119"
"2497715953","1991517931","1.50119"
"2004848304","2088456744","0.548352"
"2088456744","2004848304","0.548352"
"2004848304","2478408236","0.483333"
"2478408236","2004848304","0.483333"
"2004848304","2495395981","0.571429"
"2495395981","2004848304","0.571429"
"2004848304","2497715953","0.6"
"2497715953","2004848304","0.6"
"2088456744","2478408236","0.791667"
"2478408236","2088456744","0.791667"
"2088456744","2495395981","3.08214"
"2495395981","2088456744","3.08214"
"2088456744","2497715953","1.33452"
"2497715953","2088456744","1.33452"
"2478408236","2495395981","6.53514"
"2495395981","2478408236","6.53514"
"2478408236","2497715953","1.35939"
"2497715953","2478408236","1.35939"
"2495395981","2497715953","1.54467"
"2497715953","2495395981","1.54467"
"1483648899","2042294224","0.2"
"2042294224","1483648899","0.2"
"1483648899","2488836358","0.2"
"2488836358","1483648899","0.2"
"2004848304","2042294224","0.2"
"2042294224","2004848304","0.2"
"2004848304","2488836358","0.2"
"2488836358","2004848304","0.2"
"2042294224","2488836358","2.11667"
"2488836358","2042294224","2.11667"
"2042294224","2495395981","0.325"
"2495395981","2042294224","0.325"
"2042294224","2497715953","0.325"
"2497715953","2042294224","0.325"
"2488836358","2495395981","0.243478"
"2495395981","2488836358","0.243478"
"2488836358","2497715953","0.243478"
"2497715953","2488836358","0.243478"
"1483648899","1567243006","1.74824"
"1567243006","1483648899","1.74824"
"1483648899","1577090533","0.0666667"
"1577090533","1483648899","0.0666667"
"1483648899","2004631648","1.33707"
"2004631648","1483648899","1.33707"
"1483648899","2014673034","0.825163"
"2014673034","1483648899","0.825163"
"1483648899","2200164272","0.531685"
"2200164272","1483648899","0.531685"
"1483648899","2293290597","0.331685"
"2293290597","1483648899","0.331685"
"1483648899","2317956886","0.5"
"2317956886","1483648899","0.5"
"1483648899","2343816076","0.775163"
"2343816076","1483648899","0.775163"
"1483648899","2961234535","0.554762"
"2961234535","1483648899","0.554762"
"1567243006","1577090533","0.0666667"
"1577090533","1567243006","0.0666667"
"1567243006","1991517931","0.24824"
"1991517931","1567243006","0.24824"
"1567243006","2004631648","0.517721"
"2004631648","1567243006","0.517721"
"1567243006","2004848304","0.204762"
"2004848304","1567243006","0.204762"
"1567243006","2014673034","1.78359"
"2014673034","1567243006","1.78359"
"1567243006","2088456744","0.138095"
"2088456744","1567243006","0.138095"
"1567243006","2200164272","0.295671"
"2200164272","1567243006","0.295671"
"1567243006","2293290597","0.295671"
"2293290597","1567243006","0.295671"
"1567243006","2317956886","0.133333"
"2317956886","1567243006","0.133333"
"1567243006","2343816076","0.325163"
"2343816076","1567243006","0.325163"
"1567243006","2478408236","0.233333"
"2478408236","1567243006","0.233333"
"1567243006","2495395981","0.204762"
"2495395981","1567243006","0.204762"
"1567243006","2497715953","0.0666667"
"2497715953","1567243006","0.0666667"
"1567243006","2961234535","0.304762"
"2961234535","1567243006","0.304762"
"1577090533","1991517931","0.266667"
"1991517931","1577090533","0.266667"
"1577090533","2004631648","2.225"
"2004631648","1577090533","2.225"
"1577090533","2004848304","0.0666667"
"2004848304","1577090533","0.0666667"
"1577090533","2014673034","0.266667"
"2014673034","1577090533","0.266667"
"1577090533","2088456744","0.0666667"
"2088456744","1577090533","0.0666667"
"1577090533","2200164272","0.0666667"
"2200164272","1577090533","0.0666667"
"1577090533","2293290597","1.06667"
"2293290597","1577090533","1.06667"
"1577090533","2317956886","0.0666667"
"2317956886","1577090533","0.0666667"
"1577090533","2343816076","0.266667"
"2343816076","1577090533","0.266667"
"1577090533","2478408236","0.0666667"
"2478408236","1577090533","0.0666667"
"1577090533","2495395981","0.0666667"
"2495395981","1577090533","0.0666667"
"1577090533","2497715953","0.0666667"
"2497715953","1577090533","0.0666667"
"1577090533","2961234535","0.191667"
"2961234535","1577090533","0.191667"
"1991517931","2004631648","4.0454"
"2004631648","1991517931","4.0454"
"1991517931","2014673034","1.00969"
"2014673034","1991517931","1.00969"
"1991517931","2200164272","2.17454"
"2200164272","1991517931","2.17454"
"1991517931","2293290597","1.97454"
"2293290597","1991517931","1.97454"
"1991517931","2317956886","1.44286"
"2317956886","1991517931","1.44286"
"1991517931","2343816076","1.06683"
"2343816076","1991517931","1.06683"
"1991517931","2961234535","0.263095"
"2961234535","1991517931","0.263095"
"2004631648","2004848304","0.710256"
"2004848304","2004631648","0.710256"
"2004631648","2014673034","1.26055"
"2014673034","2004631648","1.26055"
"2004631648","2088456744","0.39359"
"2088456744","2004631648","0.39359"
"2004631648","2200164272","0.351166"
"2200164272","2004631648","0.351166"
"2004631648","2293290597","3.27541"
"2293290597","2004631648","3.27541"
"2004631648","2317956886","0.5"
"2317956886","2004631648","0.5"
"2004631648","2343816076","0.903735"
"2343816076","2004631648","0.903735"
"2004631648","2478408236","1.90758"
"2478408236","2004631648","1.90758"
"2004631648","2495395981","1.3"
"2495395981","2004631648","1.3"
"2004631648","2497715953","0.157576"
"2497715953","2004631648","0.157576"
"2004631648","2961234535","0.608333"
"2961234535","2004631648","0.608333"
"2004848304","2014673034","0.781685"
"2014673034","2004848304","0.781685"
"2004848304","2200164272","0.498352"
"2200164272","2004848304","0.498352"
"2004848304","2293290597","0.331685"
"2293290597","2004848304","0.331685"
"2004848304","2317956886","0.333333"
"2317956886","2004848304","0.333333"
"2004848304","2343816076","0.648352"
"2343816076","2004848304","0.648352"
"2004848304","2961234535","0.138095"
"2961234535","2004848304","0.138095"
"2014673034","2088456744","0.524542"
"2088456744","2014673034","0.524542"
"2014673034","2200164272","0.732118"
"2200164272","2014673034","0.732118"
"2014673034","2293290597","0.65636"
"2293290597","2014673034","0.65636"
"2014673034","2317956886","0.47619"
"2317956886","2014673034","0.47619"
"2014673034","2343816076","0.725163"
"2343816076","2014673034","0.725163"
"2014673034","2478408236","0.617721"
"2478408236","2014673034","0.617721"
"2014673034","2495395981","0.724431"
"2495395981","2014673034","0.724431"
"2014673034","2497715953","1.17724"
"2497715953","2014673034","1.17724"
"2014673034","2961234535","0.681574"
"2961234535","2014673034","0.681574"
"2088456744","2200164272","1.42454"
"2200164272","2088456744","1.42454"
"2088456744","2293290597","0.541209"
"2293290597","2088456744","0.541209"
"2088456744","2317956886","0.542857"
"2317956886","2088456744","0.542857"
"2088456744","2343816076","0.548352"
"2343816076","2088456744","0.548352"
"2088456744","2961234535","0.263095"
"2961234535","2088456744","0.263095"
"2200164272","2293290597","0.565451"
"2293290597","2200164272","0.565451"
"2200164272","2317956886","0.442857"
"2317956886","2200164272","0.442857"
"2200164272","2343816076","0.615018"
"2343816076","2200164272","0.615018"
"2200164272","2478408236","0.0666667"
"2478408236","2200164272","0.0666667"
"2200164272","2495395981","1.41429"
"2495395981","2200164272","1.41429"
"2200164272","2497715953","0.542857"
"2497715953","2200164272","0.542857"
"2200164272","2961234535","0.138095"
"2961234535","2200164272","0.138095"
"2293290597","2317956886","1.27619"
"2317956886","2293290597","1.27619"
"2293290597","2343816076","0.531685"
"2343816076","2293290597","0.531685"
"2293290597","2478408236","0.407576"
"2478408236","2293290597","0.407576"
"2293290597","2495395981","0.347619"
"2495395981","2293290597","0.347619"
"2293290597","2497715953","0.300433"
"2497715953","2293290597","0.300433"
"2293290597","2961234535","0.138095"
"2961234535","2293290597","0.138095"
"2317956886","2343816076","0.97619"
"2343816076","2317956886","0.97619"
"2317956886","2478408236","0.0666667"
"2478408236","2317956886","0.0666667"
"2317956886","2495395981","1.85952"
"2495395981","2317956886","1.85952"
"2317956886","2497715953","0.352381"
"2497715953","2317956886","0.352381"
"2317956886","2961234535","0.65"
"2961234535","2317956886","0.65"
"2343816076","2478408236","0.316667"
"2478408236","2343816076","0.316667"
"2343816076","2495395981","0.371429"
"2495395981","2343816076","0.371429"
"2343816076","2497715953","0.37619"
"2497715953","2343816076","0.37619"
"2343816076","2961234535","0.721429"
"2961234535","2343816076","0.721429"
"2478408236","2961234535","1.35181"
"2961234535","2478408236","1.35181"
"2495395981","2961234535","1.58991"
"2961234535","2495395981","1.58991"
"2497715953","2961234535","1.26848"
"2961234535","2497715953","1.26848"
"1483648899","2137305409","1"
"2137305409","1483648899","1"
"1991517931","2137305409","1.47619"
"2137305409","1991517931","1.47619"
"2088456744","2137305409","1.64286"
"2137305409","2088456744","1.64286"
"1483648899","1990159468","0.0934783"
"1990159468","1483648899","0.0934783"
"1483648899","1990519701","0.376812"
"1990519701","1483648899","0.376812"
"1483648899","2008154320","0.0934783"
"2008154320","1483648899","0.0934783"
"1483648899","2011454193","0.164907"
"2011454193","1483648899","0.164907"
"1483648899","2025886727","0.0934783"
"2025886727","1483648899","0.0934783"
"1483648899","2030530894","0.0434783"
"2030530894","1483648899","0.0434783"
"1483648899","2050287928","0.0934783"
"2050287928","1483648899","0.0934783"
"1483648899","2085997867","0.0434783"
"2085997867","1483648899","0.0434783"
"1483648899","2100048438","0.0434783"
"2100048438","1483648899","0.0434783"
"1483648899","2132243182","0.0934783"
"2132243182","1483648899","0.0934783"
"1483648899","2154107530","0.0434783"
"2154107530","1483648899","0.0434783"
"1483648899","2191619632","0.0434783"
"2191619632","1483648899","0.0434783"
"1483648899","2406995893","0.0434783"
"2406995893","1483648899","0.0434783"
"1483648899","2488423277","0.0934783"
"2488423277","1483648899","0.0934783"
"1483648899","2754445604","0.0434783"
"2754445604","1483648899","0.0434783"
"1483648899","2789942211","0.0434783"
"2789942211","1483648899","0.0434783"
"1483648899","2791998777","0.0934783"
"2791998777","1483648899","0.0934783"
"1483648899","2945061532","0.0434783"
"2945061532","1483648899","0.0434783"
"1567243006","1990159468","0.0434783"
"1990159468","1567243006","0.0434783"
"1567243006","1990519701","0.512776"
"1990519701","1567243006","0.512776"
"1567243006","2008154320","4.70383"
"2008154320","1567243006","4.70383"
"1567243006","2011454193","0.27865"
"2011454193","1567243006","0.27865"
"1567243006","2025886727","0.120401"
"2025886727","1567243006","0.120401"
"1567243006","2030530894","2.47869"
"2030530894","1567243006","2.47869"
"1567243006","2050287928","0.304443"
"2050287928","1567243006","0.304443"
"1567243006","2085997867","0.0961098"
"2085997867","1567243006","0.0961098"
"1567243006","2100048438","0.370401"
"2100048438","1567243006","0.370401"
"1567243006","2132243182","0.293478"
"2132243182","1567243006","0.293478"
"1567243006","2154107530","0.179443"
"2154107530","1567243006","0.179443"
"1567243006","2191619632","0.293478"
"2191619632","1567243006","0.293478"
"1567243006","2406995893","0.0961098"
"2406995893","1567243006","0.0961098"
"1567243006","2488423277","0.168478"
"2488423277","1567243006","0.168478"
"1567243006","2754445604","0.120401"
"2754445604","1567243006","0.120401"
"1567243006","2789942211","0.120401"
"2789942211","1567243006","0.120401"
"1567243006","2791998777","0.154589"
"2791998777","1567243006","0.154589"
"1567243006","2945061532","0.173033"
"2945061532","1567243006","0.173033"
"1990159468","1990519701","0.0434783"
"1990519701","1990159468","0.0434783"
"1990159468","1991517931","0.0934783"
"1991517931","1990159468","0.0934783"
"1990159468","2004631648","0.0934783"
"2004631648","1990159468","0.0934783"
"1990159468","2008154320","0.0934783"
"2008154320","1990159468","0.0934783"
"1990159468","2011454193","3.86967"
"2011454193","1990159468","3.86967"
"1990159468","2014673034","0.0934783"
"2014673034","1990159468","0.0934783"
"1990159468","2025886727","0.0934783"
"2025886727","1990159468","0.0934783"
"1990159468","2030530894","0.0434783"
"2030530894","1990159468","0.0434783"
"1990159468","2050287928","0.260145"
"2050287928","1990159468","0.260145"
"1990159468","2085997867","8.453"
"2085997867","1990159468","8.453"
"1990159468","2100048438","0.0434783"
"2100048438","1990159468","0.0434783"
"1990159468","2132243182","6.453"
"2132243182","1990159468","6.453"
"1990159468","2154107530","2.61967"
"2154107530","1990159468","2.61967"
"1990159468","2191619632","0.0434783"
"2191619632","1990159468","0.0434783"
"1990159468","2343816076","0.0434783"
"2343816076","1990159468","0.0434783"
"1990159468","2406995893","0.0434783"
"2406995893","1990159468","0.0434783"
"1990159468","2488423277","0.0934783"
"2488423277","1990159468","0.0934783"
"1990159468","2754445604","0.0434783"
"2754445604","1990159468","0.0434783"
"1990159468","2789942211","0.0434783"
"2789942211","1990159468","0.0434783"
"1990159468","2791998777","0.0934783"
"2791998777","1990159468","0.0934783"
"1990159468","2945061532","0.886335"
"2945061532","1990159468","0.886335"
"1990519701","1991517931","0.293478"
"1991517931","1990519701","0.293478"
"1990519701","2004631648","0.251812"
"2004631648","1990519701","0.251812"
"1990519701","2008154320","0.0434783"
"2008154320","1990519701","0.0434783"
"1990519701","2011454193","0.0961098"
"2011454193","1990519701","0.0961098"
"1990519701","2014673034","0.418478"
"2014673034","1990519701","0.418478"
"1990519701","2025886727","0.668478"
"2025886727","1990519701","0.668478"
"1990519701","2030530894","0.0961098"
"2030530894","1990519701","0.0961098"
"1990519701","2050287928","0.679443"
"2050287928","1990519701","0.679443"
"1990519701","2085997867","0.0961098"
"2085997867","1990519701","0.0961098"
"1990519701","2100048438","0.543478"
"2100048438","1990519701","0.543478"
"1990519701","2132243182","0.0434783"
"2132243182","1990519701","0.0434783"
"1990519701","2154107530","6.17944"
"2154107530","1990519701","6.17944"
"1990519701","2191619632","3.81848"
"2191619632","1990519701","3.81848"
"1990519701","2343816076","0.293478"
"2343816076","1990519701","0.293478"
"1990519701","2406995893","0.0961098"
"2406995893","1990519701","0.0961098"
"1990519701","2488423277","0.0434783"
"2488423277","1990519701","0.0434783"
"1990519701","2754445604","2.16015"
"2754445604","1990519701","2.16015"
"1990519701","2789942211","2.66848"
"2789942211","1990519701","2.66848"
"1990519701","2791998777","4.95181"
"2791998777","1990519701","4.95181"
"1990519701","2945061532","0.22111"
"2945061532","1990519701","0.22111"
"1991517931","2008154320","0.0934783"
"2008154320","1991517931","0.0934783"
"1991517931","2011454193","1.16491"
"2011454193","1991517931","1.16491"
"1991517931","2025886727","0.343478"
"2025886727","1991517931","0.343478"
"1991517931","2030530894","0.0434783"
"2030530894","1991517931","0.0434783"
"1991517931","2050287928","0.343478"
"2050287928","1991517931","0.343478"
"1991517931","2085997867","0.0434783"
"2085997867","1991517931","0.0434783"
"1991517931","2100048438","0.168478"
"2100048438","1991517931","0.168478"
"1991517931","2132243182","0.0934783"
"2132243182","1991517931","0.0934783"
"1991517931","2154107530","0.0434783"
"2154107530","1991517931","0.0434783"
"1991517931","2191619632","0.168478"
"2191619632","1991517931","0.168478"
"1991517931","2406995893","0.0434783"
"2406995893","1991517931","0.0434783"
"1991517931","2488423277","0.343478"
"2488423277","1991517931","0.343478"
"1991517931","2754445604","0.0434783"
"2754445604","1991517931","0.0434783"
"1991517931","2789942211","0.293478"
"2789942211","1991517931","0.293478"
"1991517931","2791998777","0.0934783"
"2791998777","1991517931","0.0934783"
"1991517931","2945061532","0.0434783"
"2945061532","1991517931","0.0434783"
"2004631648","2008154320","0.267721"
"2008154320","2004631648","0.267721"
"2004631648","2011454193","0.0934783"
"2011454193","2004631648","0.0934783"
"2004631648","2025886727","0.301812"
"2025886727","2004631648","0.301812"
"2004631648","2030530894","0.217721"
"2030530894","2004631648","0.217721"
"2004631648","2050287928","0.385145"
"2050287928","2004631648","0.385145"
"2004631648","2085997867","0.0434783"
"2085997867","2004631648","0.0434783"
"2004631648","2100048438","0.0434783"
"2100048438","2004631648","0.0434783"
"2004631648","2132243182","0.0934783"
"2132243182","2004631648","0.0934783"
"2004631648","2154107530","0.126812"
"2154107530","2004631648","0.126812"
"2004631648","2191619632","0.0434783"
"2191619632","2004631648","0.0434783"
"2004631648","2406995893","0.0434783"
"2406995893","2004631648","0.0434783"
"2004631648","2488423277","0.426812"
"2488423277","2004631648","0.426812"
"2004631648","2754445604","0.0434783"
"2754445604","2004631648","0.0434783"
"2004631648","2789942211","0.168478"
"2789942211","2004631648","0.168478"
"2004631648","2791998777","0.0934783"
"2791998777","2004631648","0.0934783"
"2004631648","2945061532","0.0434783"
"2945061532","2004631648","0.0434783"
"2008154320","2011454193","1.20459"
"2011454193","2008154320","1.20459"
"2008154320","2014673034","0.295498"
"2014673034","2008154320","0.295498"
"2008154320","2025886727","0.176812"
"2025886727","2008154320","0.176812"
"2008154320","2030530894","6.34272"
"2030530894","2008154320","6.34272"
"2008154320","2050287928","1.42681"
"2050287928","2008154320","1.42681"
"2008154320","2085997867","0.0434783"
"2085997867","2008154320","0.0434783"
"2008154320","2100048438","1.25181"
"2100048438","2008154320","1.25181"
"2008154320","2132243182","0.343478"
"2132243182","2008154320","0.343478"
"2008154320","2154107530","0.0434783"
"2154107530","2008154320","0.0434783"
"2008154320","2191619632","0.293478"
"2191619632","2008154320","0.293478"
"2008154320","2343816076","0.0434783"
"2343816076","2008154320","0.0434783"
"2008154320","2406995893","0.0434783"
"2406995893","2008154320","0.0434783"
"2008154320","2488423277","0.218478"
"2488423277","2008154320","0.218478"
"2008154320","2754445604","0.0434783"
"2754445604","2008154320","0.0434783"
"2008154320","2789942211","0.0434783"
"2789942211","2008154320","0.0434783"
"2008154320","2791998777","0.204589"
"2791998777","2008154320","0.204589"
"2008154320","2945061532","0.0434783"
"2945061532","2008154320","0.0434783"
"2011454193","2014673034","0.526018"
"2014673034","2011454193","0.526018"
"2011454193","2025886727","0.593478"
"2025886727","2011454193","0.593478"
"2011454193","2030530894","0.0961098"
"2030530894","2011454193","0.0961098"
"2011454193","2050287928","0.39611"
"2050287928","2011454193","0.39611"
"2011454193","2100048438","0.0434783"
"2100048438","2011454193","0.0434783"
"2011454193","2132243182","2.61967"
"2132243182","2011454193","2.61967"
"2011454193","2154107530","7.1723"
"2154107530","2011454193","7.1723"
"2011454193","2191619632","0.0434783"
"2191619632","2011454193","0.0434783"
"2011454193","2343816076","0.114907"
"2343816076","2011454193","0.114907"
"2011454193","2406995893","0.29611"
"2406995893","2011454193","0.29611"
"2011454193","2488423277","0.0934783"
"2488423277","2011454193","0.0934783"
"2011454193","2754445604","0.0434783"
"2754445604","2011454193","0.0434783"
"2011454193","2789942211","0.0434783"
"2789942211","2011454193","0.0434783"
"2011454193","2791998777","1.20459"
"2791998777","2011454193","1.20459"
"2011454193","2945061532","0.938967"
"2945061532","2011454193","0.938967"
"2014673034","2025886727","0.468478"
"2025886727","2014673034","0.468478"
"2014673034","2030530894","0.134387"
"2030530894","2014673034","0.134387"
"2014673034","2050287928","0.468478"
"2050287928","2014673034","0.468478"
"2014673034","2085997867","0.0434783"
"2085997867","2014673034","0.0434783"
"2014673034","2100048438","0.0434783"
"2100048438","2014673034","0.0434783"
"2014673034","2132243182","0.0934783"
"2132243182","2014673034","0.0934783"
"2014673034","2154107530","0.0434783"
"2154107530","2014673034","0.0434783"
"2014673034","2191619632","0.0434783"
"2191619632","2014673034","0.0434783"
"2014673034","2406995893","0.0434783"
"2406995893","2014673034","0.0434783"
"2014673034","2488423277","0.0934783"
"2488423277","2014673034","0.0934783"
"2014673034","2754445604","0.0434783"
"2754445604","2014673034","0.0434783"
"2014673034","2789942211","0.168478"
"2789942211","2014673034","0.168478"
"2014673034","2791998777","0.248068"
"2791998777","2014673034","0.248068"
"2014673034","2945061532","0.0434783"
"2945061532","2014673034","0.0434783"
"2025886727","2030530894","0.126812"
"2030530894","2025886727","0.126812"
"2025886727","2085997867","0.293478"
"2085997867","2025886727","0.293478"
"2025886727","2132243182","0.0934783"
"2132243182","2025886727","0.0934783"
"2025886727","2154107530","0.376812"
"2154107530","2025886727","0.376812"
"2025886727","2191619632","0.529589"
"2191619632","2025886727","0.529589"
"2025886727","2343816076","0.481512"
"2343816076","2025886727","0.481512"
"2025886727","2406995893","0.376812"
"2406995893","2025886727","0.376812"
"2025886727","2488423277","1.59348"
"2488423277","2025886727","1.59348"
"2025886727","2754445604","0.231512"
"2754445604","2025886727","0.231512"
"2025886727","2789942211","0.939846"
"2789942211","2025886727","0.939846"
"2025886727","2791998777","0.218478"
"2791998777","2025886727","0.218478"
"2025886727","2945061532","0.245401"
"2945061532","2025886727","0.245401"
"2030530894","2050287928","0.304443"
"2050287928","2030530894","0.304443"
"2030530894","2085997867","0.0961098"
"2085997867","2030530894","0.0961098"
"2030530894","2100048438","0.293478"
"2100048438","2030530894","0.293478"
"2030530894","2132243182","0.543478"
"2132243182","2030530894","0.543478"
"2030530894","2154107530","0.0961098"
"2154107530","2030530894","0.0961098"
"2030530894","2191619632","0.293478"
"2191619632","2030530894","0.293478"
"2030530894","2343816076","0.0434783"
"2343816076","2030530894","0.0434783"
"2030530894","2406995893","0.0961098"
"2406995893","2030530894","0.0961098"
"2030530894","2488423277","0.168478"
"2488423277","2030530894","0.168478"
"2030530894","2754445604","0.0434783"
"2754445604","2030530894","0.0434783"
"2030530894","2789942211","0.0434783"
"2789942211","2030530894","0.0434783"
"2030530894","2791998777","0.0434783"
"2791998777","2030530894","0.0434783"
"2030530894","2945061532","0.0961098"
"2945061532","2030530894","0.0961098"
"2050287928","2085997867","0.34611"
"2085997867","2050287928","0.34611"
"2050287928","2132243182","0.0934783"
"2132243182","2050287928","0.0934783"
"2050287928","2154107530","0.762776"
"2154107530","2050287928","0.762776"
"2050287928","2191619632","0.529589"
"2191619632","2050287928","0.529589"
"2050287928","2343816076","0.279589"
"2343816076","2050287928","0.279589"
"2050287928","2406995893","0.429443"
"2406995893","2050287928","0.429443"
"2050287928","2754445604","0.154589"
"2754445604","2050287928","0.154589"
"2050287928","2789942211","1.23792"
"2789942211","2050287928","1.23792"
"2050287928","2791998777","0.0934783"
"2791998777","2050287928","0.0934783"
"2050287928","2945061532","0.34611"
"2945061532","2050287928","0.34611"
"2085997867","2132243182","5.203"
"2132243182","2085997867","5.203"
"2085997867","2154107530","6.05563"
"2154107530","2085997867","6.05563"
"2085997867","2191619632","0.293478"
"2191619632","2085997867","0.293478"
"2085997867","2343816076","0.0434783"
"2343816076","2085997867","0.0434783"
"2085997867","2406995893","0.29611"
"2406995893","2085997867","0.29611"
"2085997867","2488423277","0.543478"
"2488423277","2085997867","0.543478"
"2085997867","2754445604","0.0434783"
"2754445604","2085997867","0.0434783"
"2085997867","2789942211","0.0434783"
"2789942211","2085997867","0.0434783"
"2085997867","2791998777","0.0434783"
"2791998777","2085997867","0.0434783"
"2100048438","2132243182","0.0434783"
"2132243182","2100048438","0.0434783"
"2100048438","2154107530","0.0434783"
"2154107530","2100048438","0.0434783"
"2100048438","2191619632","6.77959"
"2191619632","2100048438","6.77959"
"2100048438","2343816076","0.481512"
"2343816076","2100048438","0.481512"
"2100048438","2406995893","0.0434783"
"2406995893","2100048438","0.0434783"
"2100048438","2488423277","0.0434783"
"2488423277","2100048438","0.0434783"
"2100048438","2754445604","0.231512"
"2754445604","2100048438","0.231512"
"2100048438","2789942211","2.06485"
"2789942211","2100048438","2.06485"
"2100048438","2791998777","0.168478"
"2791998777","2100048438","0.168478"
"2132243182","2154107530","2.03634"
"2154107530","2132243182","2.03634"
"2132243182","2191619632","0.0434783"
"2191619632","2132243182","0.0434783"
"2132243182","2343816076","0.0434783"
"2343816076","2132243182","0.0434783"
"2132243182","2406995893","0.0434783"
"2406995893","2132243182","0.0434783"
"2132243182","2488423277","0.0934783"
"2488423277","2132243182","0.0934783"
"2132243182","2754445604","0.0434783"
"2754445604","2132243182","0.0434783"
"2132243182","2789942211","0.0434783"
"2789942211","2132243182","0.0434783"
"2132243182","2791998777","0.0934783"
"2791998777","2132243182","0.0934783"
"2132243182","2945061532","0.386335"
"2945061532","2132243182","0.386335"
"2154107530","2191619632","0.0434783"
"2191619632","2154107530","0.0434783"
"2154107530","2343816076","0.0434783"
"2343816076","2154107530","0.0434783"
"2154107530","2406995893","0.0961098"
"2406995893","2154107530","0.0961098"
"2154107530","2488423277","0.0434783"
"2488423277","2154107530","0.0434783"
"2154107530","2754445604","0.0434783"
"2754445604","2154107530","0.0434783"
"2154107530","2789942211","0.376812"
"2789942211","2154107530","0.376812"
"2154107530","2791998777","0.0434783"
"2791998777","2154107530","0.0434783"
"2154107530","2945061532","0.738967"
"2945061532","2154107530","0.738967"
"2191619632","2343816076","0.279589"
"2343816076","2191619632","0.279589"
"2191619632","2406995893","0.0434783"
"2406995893","2191619632","0.0434783"
"2191619632","2488423277","0.0434783"
"2488423277","2191619632","0.0434783"
"2191619632","2754445604","1.60459"
"2754445604","2191619632","1.60459"
"2191619632","2789942211","0.279589"
"2789942211","2191619632","0.279589"
"2191619632","2791998777","1.44348"
"2791998777","2191619632","1.44348"
"2191619632","2945061532","0.0434783"
"2945061532","2191619632","0.0434783"
"2343816076","2406995893","0.0434783"
"2406995893","2343816076","0.0434783"
"2343816076","2488423277","0.293478"
"2488423277","2343816076","0.293478"
"2343816076","2754445604","0.731512"
"2754445604","2343816076","0.731512"
"2343816076","2789942211","0.481512"
"2789942211","2343816076","0.481512"
"2343816076","2791998777","0.168478"
"2791998777","2343816076","0.168478"
"2343816076","2945061532","0.245401"
"2945061532","2343816076","0.245401"
"2406995893","2488423277","0.0434783"
"2488423277","2406995893","0.0434783"
"2406995893","2754445604","0.0434783"
"2754445604","2406995893","0.0434783"
"2406995893","2789942211","0.0434783"
"2789942211","2406995893","0.0434783"
"2406995893","2791998777","0.0434783"
"2791998777","2406995893","0.0434783"
"2406995893","2945061532","0.0961098"
"2945061532","2406995893","0.0961098"
"2488423277","2754445604","0.0434783"
"2754445604","2488423277","0.0434783"
"2488423277","2789942211","0.0434783"
"2789942211","2488423277","0.0434783"
"2488423277","2791998777","0.0934783"
"2791998777","2488423277","0.0934783"
"2488423277","2945061532","0.0434783"
"2945061532","2488423277","0.0434783"
"2754445604","2789942211","0.231512"
"2789942211","2754445604","0.231512"
"2754445604","2791998777","1.37681"
"2791998777","2754445604","1.37681"
"2754445604","2945061532","0.120401"
"2945061532","2754445604","0.120401"
"2789942211","2791998777","6.16848"
"2791998777","2789942211","6.16848"
"2789942211","2945061532","0.245401"
"2945061532","2789942211","0.245401"
"2791998777","2945061532","0.168478"
"2945061532","2791998777","0.168478"
"1483648899","2143742052","0.333333"
"2143742052","1483648899","0.333333"
"1483648899","2475831692","0.715018"
"2475831692","1483648899","0.715018"
"2137305409","2143742052","10.4242"
"2143742052","2137305409","10.4242"
"2137305409","2475831692","0.376812"
"2475831692","2137305409","0.376812"
"2143742052","2475831692","0.333333"
"2475831692","2143742052","0.333333"
"1483648899","2006998771","0.2"
"2006998771","1483648899","0.2"
"1483648899","2591421289","0.2"
"2591421289","1483648899","0.2"
"2006998771","2088456744","1.30952"
"2088456744","2006998771","1.30952"
"2006998771","2200164272","0.566667"
"2200164272","2006998771","0.566667"
"2006998771","2495395981","0.753002"
"2495395981","2006998771","0.753002"
"2006998771","2591421289","0.553002"
"2591421289","2006998771","0.553002"
"2088456744","2591421289","1.37619"
"2591421289","2088456744","1.37619"
"2200164272","2591421289","0.2"
"2591421289","2200164272","0.2"
"2495395981","2591421289","1.353"
