"1006958363","2396445622","0.5"
"2396445622","1006958363","0.5"
"1006958363","2927650231","0.5"
"2927650231","1006958363","0.5"
"2396445622","2927650231","1.75"
"2927650231","2396445622","1.75"
"1006958363","1965567194","1"
"1965567194","1006958363","1"
"1006958363","2473455520","1.58333"
"2473455520","1006958363","1.58333"
"1006958363","2806845383","1.58333"
"2806845383","1006958363","1.58333"
"2473455520","2806845383","22.5833"
"2806845383","2473455520","22.5833"
"1006958363","1966389434","0.25"
"1966389434","1006958363","0.25"
"1006958363","2405014787","0.583333"
"2405014787","1006958363","0.583333"
"1966389434","2405014787","0.25"
"2405014787","1966389434","0.25"
"1966389434","2473455520","0.75"
"2473455520","1966389434","0.75"
"1966389434","2806845383","0.75"
"2806845383","1966389434","0.75"
"2405014787","2473455520","0.583333"
"2473455520","2405014787","0.583333"
"2405014787","2806845383","0.583333"
"2806845383","2405014787","0.583333"
"1088553384","2063375500","1"
"2063375500","1088553384","1"
"118229938","146288251","5"
"146288251","118229938","5"
"139488912","19142089","0.5"
"19142089","139488912","0.5"
"139488912","1965567194","0.666667"
"1965567194","139488912","0.666667"
"139488912","2053906954","2.09091"
"2053906954","139488912","2.09091"
"139488912","2082088000","0.166667"
"2082088000","139488912","0.166667"
"139488912","2405014787","0.590909"
"2405014787","139488912","0.590909"
"139488912","2408620002","0.166667"
"2408620002","139488912","0.166667"
"19142089","1965567194","0.166667"
"1965567194","19142089","0.166667"
"19142089","2053906954","0.5"
"2053906954","19142089","0.5"
"19142089","2082088000","0.166667"
"2082088000","19142089","0.166667"
"19142089","2405014787","1.5"
"2405014787","19142089","1.5"
"19142089","2408620002","0.166667"
"2408620002","19142089","0.166667"
"1965567194","2053906954","2.16667"
"2053906954","1965567194","2.16667"
"1965567194","2082088000","0.166667"
"2082088000","1965567194","0.166667"
"1965567194","2405014787","0.166667"
"2405014787","1965567194","0.166667"
"1965567194","2408620002","0.166667"
"2408620002","1965567194","0.166667"
"2053906954","2082088000","0.166667"
"2082088000","2053906954","0.166667"
"2053906954","2405014787","0.590909"
"2405014787","2053906954","0.590909"
"2053906954","2408620002","0.166667"
"2408620002","2053906954","0.166667"
"2082088000","2405014787","0.166667"
"2405014787","2082088000","0.166667"
"2082088000","2408620002","0.166667"
"2408620002","2082088000","0.166667"
"2405014787","2408620002","3.16667"
"2408620002","2405014787","3.16667"
"139488912","1499180155","1"
"1499180155","139488912","1"
"139488912","2164529774","1.42424"
"2164529774","139488912","1.42424"
"139488912","1533094208","1"
"1533094208","139488912","1"
"139488912","2154353450","0.424242"
"2154353450","139488912","0.424242"
"139488912","2740236321","0.333333"
"2740236321","139488912","0.333333"
"2154353450","2164529774","0.757576"
"2164529774","2154353450","0.757576"
"2154353450","2740236321","0.833333"
"2740236321","2154353450","0.833333"
"2164529774","2740236321","0.333333"
"2740236321","2164529774","0.333333"
"139488912","2295228267","1"
"2295228267","139488912","1"
"139488912","1546168389","0.0909091"
"1546168389","139488912","0.0909091"
"139488912","1999880732","0.0909091"
"1999880732","139488912","0.0909091"
"139488912","2109892086","0.0909091"
"2109892086","139488912","0.0909091"
"139488912","2116075813","0.0909091"
"2116075813","139488912","0.0909091"
"139488912","2158641899","0.0909091"
"2158641899","139488912","0.0909091"
"139488912","2569531726","0.0909091"
"2569531726","139488912","0.0909091"
"139488912","2600977860","0.0909091"
"2600977860","139488912","0.0909091"
"1546168389","1999880732","0.0909091"
"1999880732","1546168389","0.0909091"
"1546168389","2053906954","0.0909091"
"2053906954","1546168389","0.0909091"
"1546168389","2109892086","0.0909091"
"2109892086","1546168389","0.0909091"
"1546168389","2116075813","0.0909091"
"2116075813","1546168389","0.0909091"
"1546168389","2154353450","0.0909091"
"2154353450","1546168389","0.0909091"
"1546168389","2158641899","0.0909091"
"2158641899","1546168389","0.0909091"
"1546168389","2164529774","0.0909091"
"2164529774","1546168389","0.0909091"
"1546168389","2405014787","0.0909091"
"2405014787","1546168389","0.0909091"
"1546168389","2569531726","0.0909091"
"2569531726","1546168389","0.0909091"
"1546168389","2600977860","0.0909091"
"2600977860","1546168389","0.0909091"
"1999880732","2053906954","0.0909091"
"2053906954","1999880732","0.0909091"
"1999880732","2109892086","0.424242"
"2109892086","1999880732","0.424242"
"1999880732","2116075813","0.0909091"
"2116075813","1999880732","0.0909091"
"1999880732","2154353450","5.92424"
"2154353450","1999880732","5.92424"
"1999880732","2158641899","0.0909091"
"2158641899","1999880732","0.0909091"
"1999880732","2164529774","0.424242"
"2164529774","1999880732","0.424242"
"1999880732","2405014787","0.0909091"
"2405014787","1999880732","0.0909091"
"1999880732","2569531726","0.0909091"
"2569531726","1999880732","0.0909091"
"1999880732","2600977860","0.0909091"
"2600977860","1999880732","0.0909091"
"2053906954","2109892086","0.0909091"
"2109892086","2053906954","0.0909091"
"2053906954","2116075813","0.0909091"
"2116075813","2053906954","0.0909091"
"2053906954","2154353450","0.0909091"
"2154353450","2053906954","0.0909091"
"2053906954","2158641899","0.0909091"
"2158641899","2053906954","0.0909091"
"2053906954","2164529774","0.0909091"
"2164529774","2053906954","0.0909091"
"2053906954","2569531726","0.257576"
"2569531726","2053906954","0.257576"
"2053906954","2600977860","0.0909091"
"2600977860","2053906954","0.0909091"
"2109892086","2116075813","0.0909091"
"2116075813","2109892086","0.0909091"
"2109892086","2154353450","0.424242"
"2154353450","2109892086","0.424242"
"2109892086","2158641899","0.0909091"
"2158641899","2109892086","0.0909091"
"2109892086","2164529774","0.5671"
"2164529774","2109892086","0.5671"
"2109892086","2405014787","0.0909091"
"2405014787","2109892086","0.0909091"
"2109892086","2569531726","0.0909091"
"2569531726","2109892086","0.0909091"
"2109892086","2600977860","0.0909091"
"2600977860","2109892086","0.0909091"
"2116075813","2154353450","0.0909091"
"2154353450","2116075813","0.0909091"
"2116075813","2158641899","0.0909091"
"2158641899","2116075813","0.0909091"
"2116075813","2164529774","0.0909091"
"2164529774","2116075813","0.0909091"
"2116075813","2405014787","0.0909091"
"2405014787","2116075813","0.0909091"
"2116075813","2569531726","0.0909091"
"2569531726","2116075813","0.0909091"
"2116075813","2600977860","0.0909091"
"2600977860","2116075813","0.0909091"
"2154353450","2158641899","0.0909091"
"2158641899","2154353450","0.0909091"
"2154353450","2405014787","0.0909091"
"2405014787","2154353450","0.0909091"
"2154353450","2569531726","0.0909091"
"2569531726","2154353450","0.0909091"
"2154353450","2600977860","0.0909091"
"2600977860","2154353450","0.0909091"
"2158641899","2164529774","0.590909"
"2164529774","2158641899","0.590909"
"2158641899","2405014787","0.0909091"
"2405014787","2158641899","0.0909091"
"2158641899","2569531726","0.0909091"
"2569531726","2158641899","0.0909091"
"2158641899","2600977860","0.0909091"
"2600977860","2158641899","0.0909091"
"2164529774","2405014787","0.0909091"
"2405014787","2164529774","0.0909091"
"2164529774","2569531726","0.0909091"
"2569531726","2164529774","0.0909091"
"2164529774","2600977860","0.0909091"
"2600977860","2164529774","0.0909091"
"2405014787","2569531726","0.0909091"
"2569531726","2405014787","0.0909091"
"2405014787","2600977860","0.0909091"
"2600977860","2405014787","0.0909091"
"2569531726","2600977860","0.340909"
"2600977860","2569531726","0.340909"
"145161281","1502604908","1"
"1502604908","145161281","1"
"145161281","2003514165","0.333333"
"2003514165","145161281","0.333333"
"145161281","2069875088","0.333333"
"2069875088","145161281","0.333333"
"145161281","2118271908","0.333333"
"2118271908","145161281","0.333333"
"2003514165","2069875088","7.66667"
"2069875088","2003514165","7.66667"
"2003514165","2118271908","6.16667"
"2118271908","2003514165","6.16667"
"2069875088","2118271908","14.6667"
"2118271908","2069875088","14.6667"
"146288251","1519595676","1"
"1519595676","146288251","1"
"1481159337","2136678210","2"
"2136678210","1481159337","2"
"1481159337","2352752100","1.83333"
"2352752100","1481159337","1.83333"
"2136678210","2352752100","5.03333"
"2352752100","2136678210","5.03333"
"1481159337","1507720741","0.333333"
"1507720741","1481159337","0.333333"
"1481159337","2581198769","0.333333"
"2581198769","1481159337","0.333333"
"1507720741","2352752100","0.333333"
"2352752100","1507720741","0.333333"
"1507720741","2581198769","7.7"
"2581198769","1507720741","7.7"
"2352752100","2581198769","0.833333"
"2581198769","2352752100","0.833333"
"1481159337","2126802591","0.5"
"2126802591","1481159337","0.5"
"2126802591","2136678210","2.2"
"2136678210","2126802591","2.2"
"1481707143","2023075593","11.8766"
"2023075593","1481707143","11.8766"
"1481707143","1542739758","0.166667"
"1542739758","1481707143","0.166667"
"1481707143","1556934388","0.166667"
"1556934388","1481707143","0.166667"
"1481707143","1576122071","0.166667"
"1576122071","1481707143","0.166667"
"1481707143","1988068343","0.166667"
"1988068343","1481707143","0.166667"
"1481707143","2017062116","0.166667"
"2017062116","1481707143","0.166667"
"1481707143","2048105574","0.166667"
"2048105574","1481707143","0.166667"
"1542739758","1556934388","0.366667"
"1556934388","1542739758","0.366667"
"1542739758","1576122071","0.366667"
"1576122071","1542739758","0.366667"
"1542739758","1988068343","0.366667"
"1988068343","1542739758","0.366667"
"1542739758","2017062116","0.366667"
"2017062116","1542739758","0.366667"
"1542739758","2048105574","0.166667"
"2048105574","1542739758","0.166667"
"1556934388","1576122071","0.166667"
"1576122071","1556934388","0.166667"
"1556934388","1988068343","8.96667"
"1988068343","1556934388","8.96667"
"1556934388","2017062116","0.166667"
"2017062116","1556934388","0.166667"
"1556934388","2048105574","0.166667"
"2048105574","1556934388","0.166667"
"1576122071","1988068343","0.166667"
"1988068343","1576122071","0.166667"
"1576122071","2017062116","1.725"
"2017062116","1576122071","1.725"
"1576122071","2048105574","7.225"
"2048105574","1576122071","7.225"
"1988068343","2017062116","0.166667"
"2017062116","1988068343","0.166667"
"1988068343","2048105574","0.166667"
"2048105574","1988068343","0.166667"
"2017062116","2048105574","1.525"
"2048105574","2017062116","1.525"
"1481707143","2040153892","1"
"2040153892","1481707143","1"
"1481707143","2144241215","1"
"2144241215","1481707143","1"
"2040153892","2144241215","8.5"
"2144241215","2040153892","8.5"
"1481707143","2750332094","2.83333"
"2750332094","1481707143","2.83333"
"2023075593","2750332094","2.83333"
"2750332094","2023075593","2.83333"
"1481707143","1504247830","0.400433"
"1504247830","1481707143","0.400433"
"1481707143","182707955","0.900433"
"182707955","1481707143","0.900433"
"1481707143","1980768953","2.04329"
"1980768953","1481707143","2.04329"
"1481707143","2286825921","0.376623"
"2286825921","1481707143","0.376623"
"1481707143","2503665466","0.233766"
"2503665466","1481707143","0.233766"
"1481707143","2780508593","0.376623"
"2780508593","1481707143","0.376623"
"1504247830","182707955","0.400433"
"182707955","1504247830","0.400433"
"1504247830","1980768953","0.400433"
"1980768953","1504247830","0.400433"
"1504247830","2023075593","0.400433"
"2023075593","1504247830","0.400433"
"1504247830","2286825921","0.233766"
"2286825921","1504247830","0.233766"
"1504247830","2503665466","0.233766"
"2503665466","1504247830","0.233766"
"1504247830","2780508593","0.233766"
"2780508593","1504247830","0.233766"
"182707955","1980768953","1.40043"
"1980768953","182707955","1.40043"
"182707955","2023075593","0.900433"
"2023075593","182707955","0.900433"
"182707955","2286825921","0.358766"
"2286825921","182707955","0.358766"
"182707955","2503665466","0.358766"
"2503665466","182707955","0.358766"
"182707955","2780508593","0.358766"
"2780508593","182707955","0.358766"
"1980768953","2023075593","1.54329"
"2023075593","1980768953","1.54329"
"1980768953","2286825921","0.376623"
"2286825921","1980768953","0.376623"
"1980768953","2503665466","0.233766"
"2503665466","1980768953","0.233766"
"1980768953","2780508593","0.376623"
"2780508593","1980768953","0.376623"
"2023075593","2286825921","0.376623"
"2286825921","2023075593","0.376623"
"2023075593","2503665466","0.233766"
"2503665466","2023075593","0.233766"
"2023075593","2780508593","0.376623"
"2780508593","2023075593","0.376623"
"2286825921","2503665466","6.23377"
"2503665466","2286825921","6.23377"
"2286825921","2780508593","6.37662"
"2780508593","2286825921","6.37662"
"2503665466","2780508593","10.3838"
"2780508593","2503665466","10.3838"
"1481707143","1482766851","0.0909091"
"1482766851","1481707143","0.0909091"
"1481707143","1533971449","0.257576"
"1533971449","1481707143","0.257576"
"1481707143","2043911774","0.400433"
"2043911774","1481707143","0.400433"
"1481707143","2102162135","1.09091"
"2102162135","1481707143","1.09091"
"1482766851","1504247830","0.0909091"
"1504247830","1482766851","0.0909091"
"1482766851","1533971449","0.0909091"
"1533971449","1482766851","0.0909091"
"1482766851","182707955","0.0909091"
"182707955","1482766851","0.0909091"
"1482766851","1980768953","0.0909091"
"1980768953","1482766851","0.0909091"
"1482766851","2023075593","0.0909091"
"2023075593","1482766851","0.0909091"
"1482766851","2043911774","0.0909091"
"2043911774","1482766851","0.0909091"
"1482766851","2102162135","0.0909091"
"2102162135","1482766851","0.0909091"
"1482766851","2286825921","0.0909091"
"2286825921","1482766851","0.0909091"
"1482766851","2503665466","0.0909091"
"2503665466","1482766851","0.0909091"
"1482766851","2780508593","0.0909091"
"2780508593","1482766851","0.0909091"
"1504247830","1533971449","0.257576"
"1533971449","1504247830","0.257576"
"1504247830","2043911774","0.257576"
"2043911774","1504247830","0.257576"
"1504247830","2102162135","0.0909091"
"2102162135","1504247830","0.0909091"
"1533971449","182707955","1.25758"
"182707955","1533971449","1.25758"
"1533971449","1980768953","2.25758"
"1980768953","1533971449","2.25758"
"1533971449","2023075593","0.257576"
"2023075593","1533971449","0.257576"
"1533971449","2043911774","0.257576"
"2043911774","1533971449","0.257576"
"1533971449","2102162135","0.0909091"
"2102162135","1533971449","0.0909091"
"1533971449","2286825921","0.0909091"
"2286825921","1533971449","0.0909091"
"1533971449","2503665466","0.0909091"
"2503665466","1533971449","0.0909091"
"1533971449","2780508593","0.0909091"
"2780508593","1533971449","0.0909091"
"182707955","2043911774","0.382576"
"2043911774","182707955","0.382576"
"182707955","2102162135","0.0909091"
"2102162135","182707955","0.0909091"
"1980768953","2043911774","0.650433"
"2043911774","1980768953","0.650433"
"1980768953","2102162135","0.0909091"
"2102162135","1980768953","0.0909091"
"2023075593","2043911774","0.400433"
"2043911774","2023075593","0.400433"
"2023075593","2102162135","0.0909091"
"2102162135","2023075593","0.0909091"
"2043911774","2102162135","0.0909091"
"2102162135","2043911774","0.0909091"
"2043911774","2286825921","0.483766"
"2286825921","2043911774","0.483766"
"2043911774","2503665466","0.540909"
"2503665466","2043911774","0.540909"
"2043911774","2780508593","0.683766"
"2780508593","2043911774","0.683766"
"2102162135","2286825921","0.0909091"
"2286825921","2102162135","0.0909091"
"2102162135","2503665466","0.0909091"
"2503665466","2102162135","0.0909091"
"2102162135","2780508593","0.0909091"
"2780508593","2102162135","0.0909091"
"1481707143","2049769908","0.5"
"2049769908","1481707143","0.5"
"1980768953","2049769908","2.75"
"2049769908","1980768953","2.75"
"1481707143","1496794085","0.142857"
"1496794085","1481707143","0.142857"
"1481707143","2170988853","0.142857"
"2170988853","1481707143","0.142857"
"1496794085","1980768953","0.142857"
"1980768953","1496794085","0.142857"
"1496794085","2023075593","0.142857"
"2023075593","1496794085","0.142857"
"1496794085","2043911774","2.47619"
"2043911774","1496794085","2.47619"
"1496794085","2170988853","0.767857"
"2170988853","1496794085","0.767857"
"1496794085","2286825921","0.642857"
"2286825921","1496794085","0.642857"
"1496794085","2780508593","0.642857"
"2780508593","1496794085","0.642857"
"1980768953","2170988853","0.392857"
"2170988853","1980768953","0.392857"
"2023075593","2170988853","0.142857"
"2170988853","2023075593","0.142857"
"2043911774","2170988853","1.30119"
"2170988853","2043911774","1.30119"
"2170988853","2286825921","0.267857"
"2286825921","2170988853","0.267857"
"2170988853","2780508593","0.667857"
"2780508593","2170988853","0.667857"
"1481707143","2898472682","0.333333"
"2898472682","1481707143","0.333333"
"2023075593","2898472682","0.333333"
"2898472682","2023075593","0.333333"
"2750332094","2898472682","4.33333"
"2898472682","2750332094","4.33333"
"1481707143","2130873010","0.5"
"2130873010","1481707143","0.5"
"1481707143","2155832536","0.5"
"2155832536","1481707143","0.5"
"2130873010","2155832536","0.5"
"2155832536","2130873010","0.5"
"1483010440","1519146020","1.575"
"1519146020","1483010440","1.575"
"1483010440","1780651344","7.275"
"1780651344","1483010440","7.275"
"1483010440","1994593080","1.40833"
"1994593080","1483010440","1.40833"
"1483010440","2159521561","1.325"
"2159521561","1483010440","1.325"
"1483010440","2161126788","0.491667"
"2161126788","1483010440","0.491667"
"1519146020","1780651344","1.075"
"1780651344","1519146020","1.075"
"1519146020","1994593080","2.24167"
"1994593080","1519146020","2.24167"
"1519146020","2159521561","0.491667"
"2159521561","1519146020","0.491667"
"1519146020","2161126788","0.491667"
"2161126788","1519146020","0.491667"
"1780651344","1994593080","3.40833"
"1994593080","1780651344","3.40833"
"1780651344","2159521561","0.991667"
"2159521561","1780651344","0.991667"
"1780651344","2161126788","0.491667"
"2161126788","1780651344","0.491667"
"1994593080","2159521561","1.575"
"2159521561","1994593080","1.575"
"1994593080","2161126788","4.325"
"2161126788","1994593080","4.325"
"2159521561","2161126788","1.325"
"2161126788","2159521561","1.325"
"1483010440","2136678210","0.533333"
"2136678210","1483010440","0.533333"
"1483010440","2352752100","0.533333"
"2352752100","1483010440","0.533333"
"1780651344","2136678210","0.533333"
"2136678210","1780651344","0.533333"
"1780651344","2352752100","0.533333"
"2352752100","1780651344","0.533333"
"1483010440","1501566688","0.825"
"1501566688","1483010440","0.825"
"1501566688","1519146020","0.291667"
"1519146020","1501566688","0.291667"
"1501566688","1780651344","0.491667"
"1780651344","1501566688","0.491667"
"1501566688","1994593080","0.541667"
"1994593080","1501566688","0.541667"
"1501566688","2159521561","0.875"
"2159521561","1501566688","0.875"
"1501566688","2161126788","0.291667"
"2161126788","1501566688","0.291667"
"1483010440","2049769908","1.28333"
"2049769908","1483010440","1.28333"
"1780651344","2049769908","1.28333"
"2049769908","1780651344","1.28333"
"1483010440","2104236910","0.5"
"2104236910","1483010440","0.5"
"1519146020","2104236910","3.5"
"2104236910","1519146020","3.5"
"1519146020","2049769908","0.25"
"2049769908","1519146020","0.25"
"1994593080","2049769908","0.583333"
"2049769908","1994593080","0.583333"
"1483010440","2151619037","0.458333"
"2151619037","1483010440","0.458333"
"1501566688","2151619037","0.708333"
"2151619037","1501566688","0.708333"
"2151619037","2159521561","0.708333"
"2159521561","2151619037","0.708333"
"1501566688","2049769908","0.2"
"2049769908","1501566688","0.2"
"1501566688","2136678210","0.2"
"2136678210","1501566688","0.2"
"1501566688","2352752100","0.2"
"2352752100","1501566688","0.2"
"2049769908","2136678210","0.2"
"2136678210","2049769908","0.2"
"2049769908","2352752100","0.2"
"2352752100","2049769908","0.2"
"1483010440","1559002507","0.791667"
"1559002507","1483010440","0.791667"
"1559002507","1780651344","1.79167"
"1780651344","1559002507","1.79167"
"1559002507","1994593080","0.708333"
"1994593080","1559002507","0.708333"
"1501566688","1559002507","0.375"
"1559002507","1501566688","0.375"
"1519146020","1559002507","2.95833"
"1559002507","1519146020","2.95833"
"1519146020","2151619037","0.125"
"2151619037","1519146020","0.125"
"1559002507","2151619037","0.375"
"2151619037","1559002507","0.375"
"1559002507","2159521561","0.375"
"2159521561","1559002507","0.375"
"1559002507","2161126788","0.125"
"2161126788","1559002507","0.125"
"1780651344","2151619037","0.125"
"2151619037","1780651344","0.125"
"1994593080","2151619037","0.375"
"2151619037","1994593080","0.375"
"2151619037","2161126788","0.125"
"2161126788","2151619037","0.125"
"1489274041","1980768953","0.25"
"1980768953","1489274041","0.25"
"1489274041","2043911774","0.25"
"2043911774","1489274041","0.25"
"1489274041","2049769908","0.25"
"2049769908","1489274041","0.25"
"1489274041","2170988853","0.25"
"2170988853","1489274041","0.25"
"2043911774","2049769908","0.25"
"2049769908","2043911774","0.25"
"2049769908","2170988853","0.25"
"2170988853","2049769908","0.25"
"1489274041","2601029549","1"
"2601029549","1489274041","1"
"1489274041","2538888527","1"
"2538888527","1489274041","1"
"1492722474","1505852375","0.166667"
"1505852375","1492722474","0.166667"
"1492722474","2053906954","2.66667"
"2053906954","1492722474","2.66667"
"1492722474","2063375500","0.666667"
"2063375500","1492722474","0.666667"
"1492722474","2520508208","0.166667"
"2520508208","1492722474","0.166667"
"1492722474","2569531726","0.166667"
"2569531726","1492722474","0.166667"
"1492722474","2952097072","0.166667"
"2952097072","1492722474","0.166667"
"1505852375","2053906954","1.16667"
"2053906954","1505852375","1.16667"
"1505852375","2063375500","0.166667"
"2063375500","1505852375","0.166667"
"1505852375","2520508208","0.166667"
"2520508208","1505852375","0.166667"
"1505852375","2569531726","0.166667"
"2569531726","1505852375","0.166667"
"1505852375","2952097072","0.166667"
"2952097072","1505852375","0.166667"
"2053906954","2063375500","0.666667"
"2063375500","2053906954","0.666667"
"2053906954","2520508208","0.166667"
"2520508208","2053906954","0.166667"
"2053906954","2952097072","0.166667"
"2952097072","2053906954","0.166667"
"2063375500","2520508208","0.166667"
"2520508208","2063375500","0.166667"
"2063375500","2569531726","0.166667"
"2569531726","2063375500","0.166667"
"2063375500","2952097072","0.166667"
"2952097072","2063375500","0.166667"
"2520508208","2569531726","5.5"
"2569531726","2520508208","5.5"
"2520508208","2952097072","5.5"
"2952097072","2520508208","5.5"
"2569531726","2952097072","8.75"
"2952097072","2569531726","8.75"
"1496794085","2171943719","3.5"
"2171943719","1496794085","3.5"
"2043911774","2171943719","2"
"2171943719","2043911774","2"
"1496794085","2098494487","0.25"
"2098494487","1496794085","0.25"
"2043911774","2098494487","0.25"
"2098494487","2043911774","0.25"
"2098494487","2170988853","3.08333"
"2170988853","2098494487","3.08333"
"2098494487","2171943719","0.25"
"2171943719","2098494487","0.25"
"2170988853","2171943719","1.625"
"2171943719","2170988853","1.625"
"1496794085","2100001329","0.458333"
"2100001329","1496794085","0.458333"
"1496794085","2268960684","1.45833"
"2268960684","1496794085","1.45833"
"2043911774","2100001329","3.275"
"2100001329","2043911774","3.275"
"2043911774","2268960684","1.60833"
"2268960684","2043911774","1.60833"
"2100001329","2268960684","4.55833"
"2268960684","2100001329","4.55833"
"1496794085","182707955","0.375"
"182707955","1496794085","0.375"
"1496794085","2168667497","0.375"
"2168667497","1496794085","0.375"
"182707955","2168667497","2.20833"
"2168667497","182707955","2.20833"
"182707955","2170988853","5.83333"
"2170988853","182707955","5.83333"
"182707955","2171943719","0.375"
"2171943719","182707955","0.375"
"2168667497","2170988853","2.40833"
"2170988853","2168667497","2.40833"
"2168667497","2171943719","0.375"
"2171943719","2168667497","0.375"
"1496794085","1991142354","0.125"
"1991142354","1496794085","0.125"
"1496794085","2503665466","0.5"
"2503665466","1496794085","0.5"
"1991142354","2043911774","6.10833"
"2043911774","1991142354","6.10833"
"1991142354","2100001329","4.275"
"2100001329","1991142354","4.275"
"1991142354","2171943719","0.125"
"2171943719","1991142354","0.125"
"1991142354","2268960684","1.94167"
"2268960684","1991142354","1.94167"
"1991142354","2286825921","0.125"
"2286825921","1991142354","0.125"
"1991142354","2503665466","0.125"
"2503665466","1991142354","0.125"
"1991142354","2780508593","0.125"
"2780508593","1991142354","0.125"
"2100001329","2171943719","0.125"
"2171943719","2100001329","0.125"
"2100001329","2286825921","0.125"
"2286825921","2100001329","0.125"
"2100001329","2503665466","0.125"
"2503665466","2100001329","0.125"
"2100001329","2780508593","0.125"
"2780508593","2100001329","0.125"
"2171943719","2268960684","0.125"
"2268960684","2171943719","0.125"
"2171943719","2286825921","0.5"
"2286825921","2171943719","0.5"
"2171943719","2503665466","0.5"
"2503665466","2171943719","0.5"
"2171943719","2780508593","0.5"
"2780508593","2171943719","0.5"
"2268960684","2286825921","0.125"
"2286825921","2268960684","0.125"
"2268960684","2503665466","0.125"
"2503665466","2268960684","0.125"
"2268960684","2780508593","0.125"
"2780508593","2268960684","0.125"
"2043911774","2168667497","0.325"
"2168667497","2043911774","0.325"
"2168667497","2286825921","0.125"
"2286825921","2168667497","0.125"
"2168667497","2503665466","0.325"
"2503665466","2168667497","0.325"
"2168667497","2780508593","0.325"
"2780508593","2168667497","0.325"
"2170988853","2503665466","0.775"
"2503665466","2170988853","0.775"
"1497253137","2056245766","3.35"
"2056245766","1497253137","3.35"
"1497253137","2124059005","0.566667"
"2124059005","1497253137","0.566667"
"2056245766","2124059005","0.566667"
"2124059005","2056245766","0.566667"
"1497253137","1509329557","0.566667"
"1509329557","1497253137","0.566667"
"1509329557","2056245766","0.566667"
"2056245766","1509329557","0.566667"
"1497253137","2024338319","0.35"
"2024338319","1497253137","0.35"
"1497253137","2082069557","0.266667"
"2082069557","1497253137","0.266667"
"1497253137","2085997030","0.283333"
"2085997030","1497253137","0.283333"
"1497253137","2160230795","0.283333"
"2160230795","1497253137","0.283333"
"2024338319","2056245766","1.35"
"2056245766","2024338319","1.35"
"2024338319","2082069557","0.766667"
"2082069557","2024338319","0.766667"
"2024338319","2085997030","0.283333"
"2085997030","2024338319","0.283333"
"2024338319","2160230795","0.783333"
"2160230795","2024338319","0.783333"
"2056245766","2082069557","2.26667"
"2082069557","2056245766","2.26667"
"2056245766","2085997030","1.28333"
"2085997030","2056245766","1.28333"
"2056245766","2160230795","0.283333"
"2160230795","2056245766","0.283333"
"2082069557","2085997030","0.2"
"2085997030","2082069557","0.2"
"2082069557","2160230795","0.2"
"2160230795","2082069557","0.2"
"2085997030","2160230795","7.09286"
"2160230795","2085997030","7.09286"
"1497253137","1533971449","0.15"
"1533971449","1497253137","0.15"
"1497253137","1604566445","0.15"
"1604566445","1497253137","0.15"
"1497253137","1606080194","0.15"
"1606080194","1497253137","0.15"
"1497253137","2011634955","0.15"
"2011634955","1497253137","0.15"
"1497253137","2065323134","0.15"
"2065323134","1497253137","0.15"
"1497253137","2110027693","0.15"
"2110027693","1497253137","0.15"
"1497253137","2127088713","0.15"
"2127088713","1497253137","0.15"
"1497253137","2158371097","0.0666667"
"2158371097","1497253137","0.0666667"
"1497253137","2272857245","0.0666667"
"2272857245","1497253137","0.0666667"
"1497253137","2365294154","0.15"
"2365294154","1497253137","0.15"
"1509329557","1533971449","0.191667"
"1533971449","1509329557","0.191667"
"1509329557","1604566445","0.358333"
"1604566445","1509329557","0.358333"
"1509329557","1606080194","0.191667"
"1606080194","1509329557","0.191667"
"1509329557","2011634955","0.191667"
"2011634955","1509329557","0.191667"
"1509329557","2024338319","3.19167"
"2024338319","1509329557","3.19167"
"1509329557","2065323134","0.358333"
"2065323134","1509329557","0.358333"
"1509329557","2082069557","0.566667"
"2082069557","1509329557","0.566667"
"1509329557","2110027693","0.191667"
"2110027693","1509329557","0.191667"
"1509329557","2124059005","0.0666667"
"2124059005","1509329557","0.0666667"
"1509329557","2127088713","0.0666667"
"2127088713","1509329557","0.0666667"
"1509329557","2158371097","0.358333"
"2158371097","1509329557","0.358333"
"1509329557","2272857245","0.0666667"
"2272857245","1509329557","0.0666667"
"1509329557","2365294154","2.06667"
"2365294154","1509329557","2.06667"
"1533971449","1604566445","0.275"
"1604566445","1533971449","0.275"
"1533971449","1606080194","0.275"
"1606080194","1533971449","0.275"
"1533971449","2011634955","0.275"
"2011634955","1533971449","0.275"
"1533971449","2024338319","0.275"
"2024338319","1533971449","0.275"
"1533971449","2056245766","0.15"
"2056245766","1533971449","0.15"
"1533971449","2065323134","0.275"
"2065323134","1533971449","0.275"
"1533971449","2082069557","0.0666667"
"2082069557","1533971449","0.0666667"
"1533971449","2110027693","0.525"
"2110027693","1533971449","0.525"
"1533971449","2124059005","0.0666667"
"2124059005","1533971449","0.0666667"
"1533971449","2127088713","0.15"
"2127088713","1533971449","0.15"
"1533971449","2158371097","0.191667"
"2158371097","1533971449","0.191667"
"1533971449","2272857245","0.0666667"
"2272857245","1533971449","0.0666667"
"1533971449","2365294154","1.9"
"2365294154","1533971449","1.9"
"1604566445","1606080194","0.275"
"1606080194","1604566445","0.275"
"1604566445","2011634955","0.775"
"2011634955","1604566445","0.775"
"1604566445","2024338319","0.275"
"2024338319","1604566445","0.275"
"1604566445","2056245766","0.15"
"2056245766","1604566445","0.15"
"1604566445","2065323134","1.44167"
"2065323134","1604566445","1.44167"
"1604566445","2082069557","0.0666667"
"2082069557","1604566445","0.0666667"
"1604566445","2110027693","0.275"
"2110027693","1604566445","0.275"
"1604566445","2124059005","0.0666667"
"2124059005","1604566445","0.0666667"
"1604566445","2127088713","0.15"
"2127088713","1604566445","0.15"
"1604566445","2158371097","1.525"
"2158371097","1604566445","1.525"
"1604566445","2272857245","0.0666667"
"2272857245","1604566445","0.0666667"
"1604566445","2365294154","0.316667"
"2365294154","1604566445","0.316667"
"1606080194","2011634955","0.275"
"2011634955","1606080194","0.275"
"1606080194","2024338319","0.275"
"2024338319","1606080194","0.275"
"1606080194","2056245766","0.15"
"2056245766","1606080194","0.15"
"1606080194","2065323134","0.941667"
"2065323134","1606080194","0.941667"
"1606080194","2082069557","0.0666667"
"2082069557","1606080194","0.0666667"
"1606080194","2110027693","1.275"
"2110027693","1606080194","1.275"
"1606080194","2124059005","0.0666667"
"2124059005","1606080194","0.0666667"
"1606080194","2127088713","5.81667"
"2127088713","1606080194","5.81667"
"1606080194","2158371097","0.191667"
"2158371097","1606080194","0.191667"
"1606080194","2272857245","0.0666667"
"2272857245","1606080194","0.0666667"
"1606080194","2365294154","0.65"
"2365294154","1606080194","0.65"
"2011634955","2024338319","0.275"
"2024338319","2011634955","0.275"
"2011634955","2056245766","0.15"
"2056245766","2011634955","0.15"
"2011634955","2065323134","3.275"
"2065323134","2011634955","3.275"
"2011634955","2082069557","0.0666667"
"2082069557","2011634955","0.0666667"
"2011634955","2110027693","0.275"
"2110027693","2011634955","0.275"
"2011634955","2124059005","0.0666667"
"2124059005","2011634955","0.0666667"
"2011634955","2127088713","0.15"
"2127088713","2011634955","0.15"
"2011634955","2158371097","14.8583"
"2158371097","2011634955","14.8583"
"2011634955","2272857245","0.0666667"
"2272857245","2011634955","0.0666667"
"2011634955","2365294154","0.15"
"2365294154","2011634955","0.15"
"2024338319","2065323134","0.275"
"2065323134","2024338319","0.275"
"2024338319","2110027693","0.275"
"2110027693","2024338319","0.275"
"2024338319","2124059005","0.0666667"
"2124059005","2024338319","0.0666667"
"2024338319","2127088713","0.15"
"2127088713","2024338319","0.15"
"2024338319","2158371097","0.191667"
"2158371097","2024338319","0.191667"
"2024338319","2272857245","0.0666667"
"2272857245","2024338319","0.0666667"
"2024338319","2365294154","4.15"
"2365294154","2024338319","4.15"
"2056245766","2065323134","0.65"
"2065323134","2056245766","0.65"
"2056245766","2110027693","0.15"
"2110027693","2056245766","0.15"
"2056245766","2127088713","0.15"
"2127088713","2056245766","0.15"
"2056245766","2158371097","0.0666667"
"2158371097","2056245766","0.0666667"
"2056245766","2272857245","0.0666667"
"2272857245","2056245766","0.0666667"
"2056245766","2365294154","0.65"
"2365294154","2056245766","0.65"
"2065323134","2082069557","0.0666667"
"2082069557","2065323134","0.0666667"
"2065323134","2110027693","0.275"
"2110027693","2065323134","0.275"
"2065323134","2124059005","0.0666667"
"2124059005","2065323134","0.0666667"
"2065323134","2127088713","0.483333"
"2127088713","2065323134","0.483333"
"2065323134","2158371097","3.025"
"2158371097","2065323134","3.025"
"2065323134","2272857245","0.0666667"
"2272857245","2065323134","0.0666667"
"2065323134","2365294154","0.816667"
"2365294154","2065323134","0.816667"
"2082069557","2110027693","0.0666667"
"2110027693","2082069557","0.0666667"
"2082069557","2124059005","0.0666667"
"2124059005","2082069557","0.0666667"
"2082069557","2127088713","0.0666667"
"2127088713","2082069557","0.0666667"
"2082069557","2158371097","0.0666667"
"2158371097","2082069557","0.0666667"
"2082069557","2272857245","0.0666667"
"2272857245","2082069557","0.0666667"
"2082069557","2365294154","0.0666667"
"2365294154","2082069557","0.0666667"
"2110027693","2124059005","0.0666667"
"2124059005","2110027693","0.0666667"
"2110027693","2127088713","0.15"
"2127088713","2110027693","0.15"
"2110027693","2158371097","0.191667"
"2158371097","2110027693","0.191667"
"2110027693","2272857245","0.0666667"
"2272857245","2110027693","0.0666667"
"2110027693","2365294154","0.4"
"2365294154","2110027693","0.4"
"2124059005","2127088713","0.0666667"
"2127088713","2124059005","0.0666667"
"2124059005","2158371097","0.0666667"
"2158371097","2124059005","0.0666667"
"2124059005","2272857245","0.0666667"
"2272857245","2124059005","0.0666667"
"2124059005","2365294154","0.0666667"
"2365294154","2124059005","0.0666667"
"2127088713","2158371097","0.0666667"
"2158371097","2127088713","0.0666667"
"2127088713","2272857245","0.0666667"
"2272857245","2127088713","0.0666667"
"2127088713","2365294154","0.65"
"2365294154","2127088713","0.65"
"2158371097","2272857245","0.0666667"
"2272857245","2158371097","0.0666667"
"2158371097","2365294154","0.233333"
"2365294154","2158371097","0.233333"
"2272857245","2365294154","0.0666667"
"2365294154","2272857245","0.0666667"
"1533971449","2085997030","0.0833333"
"2085997030","1533971449","0.0833333"
"1533971449","2160230795","0.333333"
"2160230795","1533971449","0.333333"
"1604566445","2085997030","1.91667"
"2085997030","1604566445","1.91667"
"1604566445","2160230795","0.25"
"2160230795","1604566445","0.25"
"1606080194","2085997030","0.0833333"
"2085997030","1606080194","0.0833333"
"1606080194","2160230795","0.0833333"
"2160230795","1606080194","0.0833333"
"2011634955","2085997030","0.25"
"2085997030","2011634955","0.25"
"2011634955","2160230795","0.0833333"
"2160230795","2011634955","0.0833333"
"2065323134","2085997030","2.91667"
"2085997030","2065323134","2.91667"
"2065323134","2160230795","0.25"
"2160230795","2065323134","0.25"
"2085997030","2110027693","0.0833333"
"2110027693","2085997030","0.0833333"
"2085997030","2127088713","0.0833333"
"2127088713","2085997030","0.0833333"
"2085997030","2365294154","1.25"
"2365294154","2085997030","1.25"
"2110027693","2160230795","0.333333"
"2160230795","2110027693","0.333333"
"2127088713","2160230795","0.0833333"
"2160230795","2127088713","0.0833333"
"2160230795","2365294154","1"
"2365294154","2160230795","1"
"1499180155","2168667497","1"
"2168667497","1499180155","1"
"1499180155","2041739928","0.5"
"2041739928","1499180155","0.5"
"1499180155","2170988853","1.28333"
"2170988853","1499180155","1.28333"
"2041739928","2170988853","1.5"
"2170988853","2041739928","1.5"
"1499180155","2082088000","2"
"2082088000","1499180155","2"
"1499180155","2017062116","0.533333"
"2017062116","1499180155","0.533333"
"1499180155","2043911774","0.333333"
"2043911774","1499180155","0.333333"
"2017062116","2043911774","0.333333"
"2043911774","2017062116","0.333333"
"2017062116","2170988853","0.658333"
"2170988853","2017062116","0.658333"
"1499180155","1576122071","0.9"
"1576122071","1499180155","0.9"
"1499180155","2048105574","0.9"
"2048105574","1499180155","0.9"
"1499180155","2503665466","0.45"
"2503665466","1499180155","0.45"
"1499180155","2780508593","0.2"
"2780508593","1499180155","0.2"
"1576122071","2170988853","0.775"
"2170988853","1576122071","0.775"
"1576122071","2503665466","0.45"
"2503665466","1576122071","0.45"
"1576122071","2780508593","0.2"
"2780508593","1576122071","0.2"
"2048105574","2170988853","1.025"
"2170988853","2048105574","1.025"
"2048105574","2503665466","0.45"
"2503665466","2048105574","0.45"
"2048105574","2780508593","0.2"
"2780508593","2048105574","0.2"
"1499180155","1505601424","0.45"
"1505601424","1499180155","0.45"
"1499180155","2798870428","0.25"
"2798870428","1499180155","0.25"
"1505601424","1576122071","1.475"
"1576122071","1505601424","1.475"
"1505601424","2048105574","1.525"
"2048105574","1505601424","1.525"
"1505601424","2798870428","0.25"
"2798870428","1505601424","0.25"
"1576122071","2798870428","0.583333"
"2798870428","1576122071","0.583333"
"2048105574","2798870428","0.583333"
"2798870428","2048105574","0.583333"
"1499180155","2272857245","0.2"
"2272857245","1499180155","0.2"
"1505601424","2017062116","3.225"
"2017062116","1505601424","3.225"
"1505601424","2272857245","0.2"
"2272857245","1505601424","0.2"
"1576122071","2272857245","0.2"
"2272857245","1576122071","0.2"
"2017062116","2272857245","0.2"
"2272857245","2017062116","0.2"
"2048105574","2272857245","0.2"
"2272857245","2048105574","0.2"
"1501566688","1502186717","0.333333"
"1502186717","1501566688","0.333333"
"1501566688","2027884742","0.333333"
"2027884742","1501566688","0.333333"
"1501566688","2116075813","0.333333"
"2116075813","1501566688","0.333333"
"1502186717","2027884742","0.833333"
"2027884742","1502186717","0.833333"
"1502186717","2116075813","1.83333"
"2116075813","1502186717","1.83333"
"2027884742","2116075813","1.7"
"2116075813","2027884742","1.7"
"1502186717","61823066","1.5"
"61823066","1502186717","1.5"
"1502186717","2152840218","0.5"
"2152840218","1502186717","0.5"
"2027884742","2152840218","1"
"2152840218","2027884742","1"
"2027884742","61823066","0.5"
"61823066","2027884742","0.5"
"2116075813","2152840218","1"
"2152840218","2116075813","1"
"2116075813","61823066","0.5"
"61823066","2116075813","0.5"
"2152840218","61823066","6.5"
"61823066","2152840218","6.5"
"1502604908","1531425898","2.5"
"1531425898","1502604908","2.5"
"1502604908","2538279803","1.5"
"2538279803","1502604908","1.5"
"1531425898","2538279803","0.5"
"2538279803","1531425898","0.5"
"1502998763","2017674681","6"
"2017674681","1502998763","6"
"1502998763","1567346565","1"
"1567346565","1502998763","1"
"1505601424","1591235197","1.075"
"1591235197","1505601424","1.075"
"1505601424","2146436386","0.875"
"2146436386","1505601424","0.875"
"1505601424","2170988853","1.075"
"2170988853","1505601424","1.075"
"1591235197","2048105574","1.325"
"2048105574","1591235197","1.325"
"1591235197","2146436386","0.625"
"2146436386","1591235197","0.625"
"1591235197","2170988853","0.575"
"2170988853","1591235197","0.575"
"2048105574","2146436386","0.625"
"2146436386","2048105574","0.625"
"2146436386","2170988853","2.075"
"2170988853","2146436386","2.075"
"1505601424","1542739758","0.2"
"1542739758","1505601424","0.2"
