"1182426426","2294510862","21.5833"
"2294510862","1182426426","21.5833"
"1182426426","2165438843","3.91667"
"2165438843","1182426426","3.91667"
"2165438843","2294510862","4.58333"
"2294510862","2165438843","4.58333"
"1182426426","2583780137","2.25"
"2583780137","1182426426","2.25"
"1182426426","2534428167","0.25"
"2534428167","1182426426","0.25"
"2165438843","2534428167","0.25"
"2534428167","2165438843","0.25"
"2165438843","2583780137","1.25"
"2583780137","2165438843","1.25"
"2294510862","2534428167","0.25"
"2534428167","2294510862","0.25"
"2294510862","2583780137","0.25"
"2583780137","2294510862","0.25"
"2534428167","2583780137","0.25"
"2583780137","2534428167","0.25"
"1182426426","2794948548","0.666667"
"2794948548","1182426426","0.666667"
"1182426426","2912129787","0.333333"
"2912129787","1182426426","0.333333"
"2165438843","2794948548","0.666667"
"2794948548","2165438843","0.666667"
"2165438843","2912129787","0.333333"
"2912129787","2165438843","0.333333"
"2794948548","2912129787","0.333333"
"2912129787","2794948548","0.333333"
"2294510862","2794948548","0.333333"
"2794948548","2294510862","0.333333"
"135413625","147080660","0.25"
"147080660","135413625","0.25"
"135413625","1952220400","0.45202"
"1952220400","135413625","0.45202"
"135413625","2122990007","0.45202"
"2122990007","135413625","0.45202"
"135413625","2141236452","0.785354"
"2141236452","135413625","0.785354"
"147080660","1952220400","1.75"
"1952220400","147080660","1.75"
"147080660","2122990007","0.45"
"2122990007","147080660","0.45"
"147080660","2141236452","0.416667"
"2141236452","147080660","0.416667"
"1952220400","2122990007","0.785354"
"2122990007","1952220400","0.785354"
"1952220400","2141236452","3.79369"
"2141236452","1952220400","3.79369"
"2122990007","2141236452","0.45202"
"2141236452","2122990007","0.45202"
"135413625","1570020612","0.20202"
"1570020612","135413625","0.20202"
"135413625","1835980735","0.111111"
"1835980735","135413625","0.111111"
"135413625","2044792119","0.20202"
"2044792119","135413625","0.20202"
"135413625","2116292745","0.535354"
"2116292745","135413625","0.535354"
"135413625","2139534868","0.111111"
"2139534868","135413625","0.111111"
"135413625","86191609","0.20202"
"86191609","135413625","0.20202"
"1570020612","1835980735","0.402778"
"1835980735","1570020612","0.402778"
"1570020612","1952220400","2.36035"
"1952220400","1570020612","2.36035"
"1570020612","2044792119","3.11035"
"2044792119","1570020612","3.11035"
"1570020612","2116292745","0.57702"
"2116292745","1570020612","0.57702"
"1570020612","2122990007","0.20202"
"2122990007","1570020612","0.20202"
"1570020612","2139534868","0.111111"
"2139534868","1570020612","0.111111"
"1570020612","2141236452","0.77702"
"2141236452","1570020612","0.77702"
"1570020612","86191609","2.36035"
"86191609","1570020612","2.36035"
"1835980735","1952220400","2.00278"
"1952220400","1835980735","2.00278"
"1835980735","2044792119","0.936111"
"2044792119","1835980735","0.936111"
"1835980735","2116292745","0.236111"
"2116292745","1835980735","0.236111"
"1835980735","2122990007","0.311111"
"2122990007","1835980735","0.311111"
"1835980735","2139534868","4.14444"
"2139534868","1835980735","4.14444"
"1835980735","2141236452","1.16944"
"2141236452","1835980735","1.16944"
"1835980735","86191609","1.53611"
"86191609","1835980735","1.53611"
"1952220400","2044792119","3.97702"
"2044792119","1952220400","3.97702"
"1952220400","2116292745","0.57702"
"2116292745","1952220400","0.57702"
"1952220400","2139534868","0.277778"
"2139534868","1952220400","0.277778"
"1952220400","86191609","4.62702"
"86191609","1952220400","4.62702"
"2044792119","2116292745","0.32702"
"2116292745","2044792119","0.32702"
"2044792119","2122990007","0.535354"
"2122990007","2044792119","0.535354"
"2044792119","2139534868","0.111111"
"2139534868","2044792119","0.111111"
"2044792119","2141236452","0.72702"
"2141236452","2044792119","0.72702"
"2044792119","86191609","2.39369"
"86191609","2044792119","2.39369"
"2116292745","2122990007","0.20202"
"2122990007","2116292745","0.20202"
"2116292745","2139534868","0.111111"
"2139534868","2116292745","0.111111"
"2116292745","2141236452","0.910354"
"2141236452","2116292745","0.910354"
"2116292745","86191609","0.32702"
"86191609","2116292745","0.32702"
"2122990007","2139534868","0.311111"
"2139534868","2122990007","0.311111"
"2122990007","86191609","0.40202"
"86191609","2122990007","0.40202"
"2139534868","2141236452","0.277778"
"2141236452","2139534868","0.277778"
"2139534868","86191609","0.477778"
"86191609","2139534868","0.477778"
"2141236452","86191609","4.29369"
"86191609","2141236452","4.29369"
"135413625","1540076816","0.0909091"
"1540076816","135413625","0.0909091"
"135413625","2114065407","0.0909091"
"2114065407","135413625","0.0909091"
"135413625","2127736915","0.424242"
"2127736915","135413625","0.424242"
"135413625","36043173","0.0909091"
"36043173","135413625","0.0909091"
"1540076816","1570020612","0.832576"
"1570020612","1540076816","0.832576"
"1540076816","1952220400","3.39924"
"1952220400","1540076816","3.39924"
"1540076816","2044792119","1.33258"
"2044792119","1540076816","1.33258"
"1540076816","2114065407","0.340909"
"2114065407","1540076816","0.340909"
"1540076816","2116292745","0.215909"
"2116292745","1540076816","0.215909"
"1540076816","2122990007","0.0909091"
"2122990007","1540076816","0.0909091"
"1540076816","2127736915","0.0909091"
"2127736915","1540076816","0.0909091"
"1540076816","2141236452","1.48258"
"2141236452","1540076816","1.48258"
"1540076816","36043173","1.11591"
"36043173","1540076816","1.11591"
"1540076816","86191609","1.64924"
"86191609","1540076816","1.64924"
"1570020612","2114065407","1.34091"
"2114065407","1570020612","1.34091"
"1570020612","2127736915","0.340909"
"2127736915","1570020612","0.340909"
"1570020612","36043173","0.382576"
"36043173","1570020612","0.382576"
"1952220400","2114065407","0.674242"
"2114065407","1952220400","0.674242"
"1952220400","2127736915","0.340909"
"2127736915","1952220400","0.340909"
"1952220400","36043173","1.98258"
"36043173","1952220400","1.98258"
"2044792119","2114065407","1.00758"
"2114065407","2044792119","1.00758"
"2044792119","2127736915","0.0909091"
"2127736915","2044792119","0.0909091"
"2044792119","36043173","0.915909"
"36043173","2044792119","0.915909"
"2114065407","2116292745","0.590909"
"2116292745","2114065407","0.590909"
"2114065407","2122990007","0.424242"
"2122990007","2114065407","0.424242"
"2114065407","2127736915","4.59091"
"2127736915","2114065407","4.59091"
"2114065407","2141236452","0.0909091"
"2141236452","2114065407","0.0909091"
"2114065407","36043173","0.424242"
"36043173","2114065407","0.424242"
"2114065407","86191609","0.424242"
"86191609","2114065407","0.424242"
"2116292745","2127736915","4.17424"
"2127736915","2116292745","4.17424"
"2116292745","36043173","0.215909"
"36043173","2116292745","0.215909"
"2122990007","2127736915","0.0909091"
"2127736915","2122990007","0.0909091"
"2122990007","36043173","0.290909"
"36043173","2122990007","0.290909"
"2127736915","2141236452","0.674242"
"2141236452","2127736915","0.674242"
"2127736915","36043173","0.0909091"
"36043173","2127736915","0.0909091"
"2127736915","86191609","0.0909091"
"86191609","2127736915","0.0909091"
"2141236452","36043173","1.14924"
"36043173","2141236452","1.14924"
"36043173","86191609","1.51591"
"86191609","36043173","1.51591"
"135704271","165669068","4.6"
"165669068","135704271","4.6"
"135704271","2040585856","2.5"
"2040585856","135704271","2.5"
"165669068","2040585856","6.5"
"2040585856","165669068","6.5"
"135704271","1484177956","0.1"
"1484177956","135704271","0.1"
"135704271","1493098199","0.1"
"1493098199","135704271","0.1"
"135704271","1574566141","0.1"
"1574566141","135704271","0.1"
"135704271","2041563709","0.1"
"2041563709","135704271","0.1"
"135704271","2102166438","0.1"
"2102166438","135704271","0.1"
"135704271","2131413649","0.1"
"2131413649","135704271","0.1"
"135704271","2143672210","0.1"
"2143672210","135704271","0.1"
"135704271","2151873965","0.1"
"2151873965","135704271","0.1"
"135704271","2160149182","0.1"
"2160149182","135704271","0.1"
"1484177956","1493098199","1.18452"
"1493098199","1484177956","1.18452"
"1484177956","1574566141","0.1"
"1574566141","1484177956","0.1"
"1484177956","165669068","0.1"
"165669068","1484177956","0.1"
"1484177956","2041563709","1.33452"
"2041563709","1484177956","1.33452"
"1484177956","2102166438","1.90952"
"2102166438","1484177956","1.90952"
"1484177956","2131413649","1.28452"
"2131413649","1484177956","1.28452"
"1484177956","2143672210","1.18452"
"2143672210","1484177956","1.18452"
"1484177956","2151873965","0.225"
"2151873965","1484177956","0.225"
"1484177956","2160149182","0.325"
"2160149182","1484177956","0.325"
"1493098199","1574566141","0.401681"
"1574566141","1493098199","0.401681"
"1493098199","165669068","0.1"
"165669068","1493098199","0.1"
"1493098199","2041563709","1.39335"
"2041563709","1493098199","1.39335"
"1493098199","2102166438","1.49286"
"2102166438","1493098199","1.49286"
"1493098199","2131413649","1.17668"
"2131413649","1493098199","1.17668"
"1493098199","2143672210","13.5112"
"2143672210","1493098199","13.5112"
"1493098199","2151873965","1.06835"
"2151873965","1493098199","1.06835"
"1493098199","2160149182","1.15049"
"2160149182","1493098199","1.15049"
"1574566141","165669068","0.1"
"165669068","1574566141","0.1"
"1574566141","2041563709","0.158824"
"2041563709","1574566141","0.158824"
"1574566141","2102166438","0.1"
"2102166438","1574566141","0.1"
"1574566141","2131413649","0.158824"
"2131413649","1574566141","0.158824"
"1574566141","2143672210","0.401681"
"2143672210","1574566141","0.401681"
"1574566141","2151873965","0.568347"
"2151873965","1574566141","0.568347"
"1574566141","2160149182","3.59216"
"2160149182","1574566141","3.59216"
"165669068","2041563709","0.1"
"2041563709","165669068","0.1"
"165669068","2102166438","0.1"
"2102166438","165669068","0.1"
"165669068","2131413649","0.1"
"2131413649","165669068","0.1"
"165669068","2143672210","0.1"
"2143672210","165669068","0.1"
"165669068","2151873965","0.1"
"2151873965","165669068","0.1"
"165669068","2160149182","0.1"
"2160149182","165669068","0.1"
"2041563709","2102166438","1.74286"
"2102166438","2041563709","1.74286"
"2041563709","2131413649","1.80168"
"2131413649","2041563709","1.80168"
"2041563709","2143672210","1.39335"
"2143672210","2041563709","1.39335"
"2041563709","2151873965","0.45049"
"2151873965","2041563709","0.45049"
"2041563709","2160149182","0.32549"
"2160149182","2041563709","0.32549"
"2102166438","2131413649","1.69286"
"2131413649","2102166438","1.69286"
"2102166438","2143672210","1.49286"
"2143672210","2102166438","1.49286"
"2102166438","2151873965","0.225"
"2151873965","2102166438","0.225"
"2102166438","2160149182","0.225"
"2160149182","2102166438","0.225"
"2131413649","2143672210","1.17668"
"2143672210","2131413649","1.17668"
"2131413649","2151873965","0.283824"
"2151873965","2131413649","0.283824"
"2131413649","2160149182","0.158824"
"2160149182","2131413649","0.158824"
"2143672210","2151873965","1.43501"
"2151873965","2143672210","1.43501"
"2143672210","2160149182","1.15049"
"2160149182","2143672210","1.15049"
"2151873965","2160149182","0.592157"
"2160149182","2151873965","0.592157"
"147080660","1540076816","0.166667"
"1540076816","147080660","0.166667"
"147080660","1835980735","0.7"
"1835980735","147080660","0.7"
"147080660","36043173","0.7"
"36043173","147080660","0.7"
"147080660","86191609","0.366667"
"86191609","147080660","0.366667"
"1540076816","1835980735","1.025"
"1835980735","1540076816","1.025"
"1835980735","36043173","12.5917"
"36043173","1835980735","12.5917"
"147080660","2139534868","0.2"
"2139534868","147080660","0.2"
"2139534868","36043173","3.03333"
"36043173","2139534868","3.03333"
"1484177956","1515739837","0.884524"
"1515739837","1484177956","0.884524"
"1484177956","2766026698","0.242857"
"2766026698","1484177956","0.242857"
"1493098199","1515739837","0.651681"
"1515739837","1493098199","0.651681"
"1493098199","2766026698","0.860014"
"2766026698","1493098199","0.860014"
"1515739837","2041563709","2.39335"
"2041563709","1515739837","2.39335"
"1515739837","2102166438","1.16786"
"2102166438","1515739837","1.16786"
"1515739837","2131413649","1.47668"
"2131413649","1515739837","1.47668"
"1515739837","2143672210","0.818347"
"2143672210","1515739837","0.818347"
"1515739837","2766026698","0.718347"
"2766026698","1515739837","0.718347"
"2041563709","2766026698","0.410014"
"2766026698","2041563709","0.410014"
"2102166438","2766026698","0.35119"
"2766026698","2102166438","0.35119"
"2131413649","2766026698","0.410014"
"2766026698","2131413649","0.410014"
"2143672210","2766026698","0.860014"
"2766026698","2143672210","0.860014"
"1484177956","193365793","0.675"
"193365793","1484177956","0.675"
"1484177956","2075712468","0.2"
"2075712468","1484177956","0.2"
"1484177956","2122990007","0.1"
"2122990007","1484177956","0.1"
"1484177956","2150779766","0.575"
"2150779766","1484177956","0.575"
"1484177956","2399940524","0.575"
"2399940524","1484177956","0.575"
"1493098199","193365793","1.80882"
"193365793","1493098199","1.80882"
"1493098199","2075712468","0.325"
"2075712468","1493098199","0.325"
"1493098199","2122990007","0.1"
"2122990007","1493098199","0.1"
"1493098199","2150779766","0.583824"
"2150779766","1493098199","0.583824"
"1493098199","2399940524","0.408333"
"2399940524","1493098199","0.408333"
"193365793","2041563709","0.283824"
"2041563709","193365793","0.283824"
"193365793","2075712468","1.00833"
"2075712468","193365793","1.00833"
"193365793","2102166438","0.8"
"2102166438","193365793","0.8"
"193365793","2122990007","0.1"
"2122990007","193365793","0.1"
"193365793","2131413649","0.483824"
"2131413649","193365793","0.483824"
"193365793","2143672210","2.50882"
"2143672210","193365793","2.50882"
"193365793","2150779766","3.90049"
"2150779766","193365793","3.90049"
"193365793","2399940524","1.475"
"2399940524","193365793","1.475"
"2041563709","2075712468","0.225"
"2075712468","2041563709","0.225"
"2041563709","2122990007","0.1"
"2122990007","2041563709","0.1"
"2041563709","2150779766","0.158824"
"2150779766","2041563709","0.158824"
"2041563709","2399940524","0.183333"
"2399940524","2041563709","0.183333"
"2075712468","2102166438","0.225"
"2102166438","2075712468","0.225"
"2075712468","2122990007","1.1"
"2122990007","2075712468","1.1"
"2075712468","2131413649","0.225"
"2131413649","2075712468","0.225"
"2075712468","2143672210","0.525"
"2143672210","2075712468","0.525"
"2075712468","2150779766","1.53333"
"2150779766","2075712468","1.53333"
"2075712468","2399940524","0.533333"
"2399940524","2075712468","0.533333"
"2102166438","2122990007","0.1"
"2122990007","2102166438","0.1"
"2102166438","2150779766","0.475"
"2150779766","2102166438","0.475"
"2102166438","2399940524","0.558333"
"2399940524","2102166438","0.558333"
"2122990007","2131413649","0.1"
"2131413649","2122990007","0.1"
"2122990007","2143672210","0.1"
"2143672210","2122990007","0.1"
"2122990007","2150779766","0.1"
"2150779766","2122990007","0.1"
"2122990007","2399940524","0.1"
"2399940524","2122990007","0.1"
"2131413649","2150779766","0.158824"
"2150779766","2131413649","0.158824"
"2131413649","2399940524","0.183333"
"2399940524","2131413649","0.183333"
"2143672210","2150779766","0.75049"
"2150779766","2143672210","0.75049"
"2143672210","2399940524","0.408333"
"2399940524","2143672210","0.408333"
"2150779766","2399940524","1.575"
"2399940524","2150779766","1.575"
"1484177956","1491248008","2.625"
"1491248008","1484177956","2.625"
"1484177956","2074013691","0.125"
"2074013691","1484177956","0.125"
"1484177956","2121523964","0.325"
"2121523964","1484177956","0.325"
"1491248008","1515739837","0.225"
"1515739837","1491248008","0.225"
"1491248008","2041563709","0.625"
"2041563709","1491248008","0.625"
"1491248008","2074013691","1.225"
"2074013691","1491248008","1.225"
"1491248008","2102166438","0.125"
"2102166438","1491248008","0.125"
"1491248008","2121523964","1.225"
"2121523964","1491248008","1.225"
"1491248008","2131413649","0.125"
"2131413649","1491248008","0.125"
"1491248008","2151873965","0.391667"
"2151873965","1491248008","0.391667"
"1515739837","2074013691","2.475"
"2074013691","1515739837","2.475"
"1515739837","2121523964","3.56716"
"2121523964","1515739837","3.56716"
"1515739837","2151873965","0.783824"
"2151873965","1515739837","0.783824"
"2041563709","2074013691","1.04167"
"2074013691","2041563709","1.04167"
"2041563709","2121523964","2.92549"
"2121523964","2041563709","2.92549"
"2074013691","2102166438","0.125"
"2102166438","2074013691","0.125"
"2074013691","2121523964","2.475"
"2121523964","2074013691","2.475"
"2074013691","2131413649","0.125"
"2131413649","2074013691","0.125"
"2074013691","2151873965","0.558333"
"2151873965","2074013691","0.558333"
"2102166438","2121523964","0.45"
"2121523964","2102166438","0.45"
"2121523964","2131413649","0.508824"
"2131413649","2121523964","0.508824"
"2121523964","2151873965","0.617157"
"2151873965","2121523964","0.617157"
"1484177956","1767678477","0.5"
"1767678477","1484177956","0.5"
"1491248008","1767678477","10.6667"
"1767678477","1491248008","10.6667"
"1484177956","2102489964","0.225"
"2102489964","1484177956","0.225"
"1484177956","2166285648","0.1"
"2166285648","1484177956","0.1"
"1484177956","2270969877","0.1"
"2270969877","1484177956","0.1"
"1493098199","2102489964","0.90049"
"2102489964","1493098199","0.90049"
"1493098199","2166285648","1.01835"
"2166285648","1493098199","1.01835"
"1493098199","2270969877","0.1"
"2270969877","1493098199","0.1"
"2075712468","2102489964","0.1"
"2102489964","2075712468","0.1"
"2075712468","2160149182","0.1"
"2160149182","2075712468","0.1"
"2075712468","2166285648","0.3"
"2166285648","2075712468","0.3"
"2075712468","2270969877","6.35"
"2270969877","2075712468","6.35"
"2075712468","2766026698","4.975"
"2766026698","2075712468","4.975"
"2102489964","2143672210","0.90049"
"2143672210","2102489964","0.90049"
"2102489964","2150779766","0.65049"
"2150779766","2102489964","0.65049"
"2102489964","2160149182","0.617157"
"2160149182","2102489964","0.617157"
"2102489964","2166285648","1.94216"
"2166285648","2102489964","1.94216"
"2102489964","2270969877","0.1"
"2270969877","2102489964","0.1"
"2102489964","2399940524","0.391667"
"2399940524","2102489964","0.391667"
"2102489964","2766026698","0.408824"
"2766026698","2102489964","0.408824"
"2143672210","2166285648","1.55168"
"2166285648","2143672210","1.55168"
"2143672210","2270969877","0.1"
"2270969877","2143672210","0.1"
"2150779766","2160149182","0.45049"
"2160149182","2150779766","0.45049"
"2150779766","2166285648","0.52549"
"2166285648","2150779766","0.52549"
"2150779766","2270969877","0.1"
"2270969877","2150779766","0.1"
"2150779766","2766026698","0.158824"
"2766026698","2150779766","0.158824"
"2160149182","2166285648","0.758824"
"2166285648","2160149182","0.758824"
"2160149182","2270969877","0.1"
"2270969877","2160149182","0.1"
"2160149182","2399940524","0.391667"
"2399940524","2160149182","0.391667"
"2160149182","2766026698","0.258824"
"2766026698","2160149182","0.258824"
"2166285648","2270969877","0.1"
"2270969877","2166285648","0.1"
"2166285648","2399940524","0.266667"
"2399940524","2166285648","0.266667"
"2166285648","2766026698","0.508824"
"2766026698","2166285648","0.508824"
"2270969877","2399940524","0.1"
"2399940524","2270969877","0.1"
"2270969877","2766026698","1.85"
"2766026698","2270969877","1.85"
"2399940524","2766026698","0.183333"
"2766026698","2399940524","0.183333"
"193365793","2102489964","0.55049"
"2102489964","193365793","0.55049"
"193365793","2160149182","0.35049"
"2160149182","193365793","0.35049"
"2102166438","2102489964","0.125"
"2102489964","2102166438","0.125"
"1485587488","2542631592","1"
"2542631592","1485587488","1"
"1485587488","2613873989","1.29167"
"2613873989","1485587488","1.29167"
"1485587488","2016924386","1.51786"
"2016924386","1485587488","1.51786"
"1485587488","2029463952","1.97619"
"2029463952","1485587488","1.97619"
"2016924386","2029463952","3.35119"
"2029463952","2016924386","3.35119"
"1485587488","2766504241","3.08333"
"2766504241","1485587488","3.08333"
"1485587488","2121810937","1.01786"
"2121810937","1485587488","1.01786"
"2016924386","2121810937","5.16071"
"2121810937","2016924386","5.16071"
"1485587488","2013410060","0.142857"
"2013410060","1485587488","0.142857"
"1485587488","2096193885","0.267857"
"2096193885","1485587488","0.267857"
"1485587488","2435174210","0.434524"
"2435174210","1485587488","0.434524"
"1485587488","2604336127","0.434524"
"2604336127","1485587488","0.434524"
"2013410060","2016924386","1.74405"
"2016924386","2013410060","1.74405"
"2013410060","2029463952","2.60119"
"2029463952","2013410060","2.60119"
"2013410060","2096193885","0.285714"
"2096193885","2013410060","0.285714"
"2013410060","2121810937","1.91071"
"2121810937","2013410060","1.91071"
"2013410060","2435174210","0.142857"
"2435174210","2013410060","0.142857"
"2013410060","2604336127","0.142857"
"2604336127","2013410060","0.142857"
"2016924386","2096193885","1.45238"
"2096193885","2016924386","1.45238"
"2016924386","2435174210","1.76786"
"2435174210","2016924386","1.76786"
"2016924386","2604336127","0.684524"
"2604336127","2016924386","0.684524"
"2029463952","2096193885","0.142857"
"2096193885","2029463952","0.142857"
"2029463952","2121810937","0.517857"
"2121810937","2029463952","0.517857"
"2029463952","2435174210","0.535714"
"2435174210","2029463952","0.535714"
"2029463952","2604336127","0.285714"
"2604336127","2029463952","0.285714"
"2096193885","2121810937","1.20238"
"2121810937","2096193885","1.20238"
"2096193885","2435174210","2.18452"
"2435174210","2096193885","2.18452"
"2096193885","2604336127","1.18452"
"2604336127","2096193885","1.18452"
"2121810937","2435174210","1.51786"
"2435174210","2121810937","1.51786"
"2121810937","2604336127","0.934524"
"2604336127","2121810937","0.934524"
"2435174210","2604336127","10.0774"
"2604336127","2435174210","10.0774"
"1485587488","2411006959","0.833333"
"2411006959","1485587488","0.833333"
"2029463952","2411006959","0.333333"
"2411006959","2029463952","0.333333"
"2029463952","2766504241","0.47619"
"2766504241","2029463952","0.47619"
"2411006959","2766504241","4.25"
"2766504241","2411006959","4.25"
"1485587488","1614330000","0.166667"
"1614330000","1485587488","0.166667"
"1485587488","2592286282","0.291667"
"2592286282","1485587488","0.291667"
"1485587488","2953177763","0.291667"
"2953177763","1485587488","0.291667"
"1614330000","2435174210","0.642857"
"2435174210","1614330000","0.642857"
"1614330000","2592286282","0.642857"
"2592286282","1614330000","0.642857"
"1614330000","2604336127","0.642857"
"2604336127","1614330000","0.642857"
"1614330000","2613873989","0.309524"
"2613873989","1614330000","0.309524"
"1614330000","2953177763","0.166667"
"2953177763","1614330000","0.166667"
"2435174210","2592286282","2.375"
"2592286282","2435174210","2.375"
"2435174210","2613873989","0.291667"
"2613873989","2435174210","0.291667"
"2435174210","2953177763","0.291667"
"2953177763","2435174210","0.291667"
"2592286282","2604336127","3.04167"
"2604336127","2592286282","3.04167"
"2592286282","2613873989","0.72619"
"2613873989","2592286282","0.72619"
"2592286282","2953177763","1.29167"
"2953177763","2592286282","1.29167"
"2604336127","2613873989","2.45833"
"2613873989","2604336127","2.45833"
"2604336127","2953177763","0.291667"
"2953177763","2604336127","0.291667"
"2613873989","2953177763","0.291667"
"2953177763","2613873989","0.291667"
"2016924386","2592286282","0.642857"
"2592286282","2016924386","0.642857"
"2016924386","2613873989","0.392857"
"2613873989","2016924386","0.392857"
"2016924386","2953177763","0.125"
"2953177763","2016924386","0.125"
"2096193885","2592286282","0.767857"
"2592286282","2096193885","0.767857"
"2096193885","2613873989","0.267857"
"2613873989","2096193885","0.267857"
"2096193885","2953177763","0.125"
"2953177763","2096193885","0.125"
"2121810937","2592286282","1.14286"
"2592286282","2121810937","1.14286"
"2121810937","2613873989","0.392857"
"2613873989","2121810937","0.392857"
"2121810937","2953177763","0.125"
"2953177763","2121810937","0.125"
"1485587488","2954005332","0.25"
"2954005332","1485587488","0.25"
"2016924386","2766504241","0.25"
"2766504241","2016924386","0.25"
"2016924386","2954005332","2.29167"
"2954005332","2016924386","2.29167"
"2121810937","2766504241","0.75"
"2766504241","2121810937","0.75"
"2121810937","2954005332","2.375"
"2954005332","2121810937","2.375"
"2766504241","2954005332","0.392857"
"2954005332","2766504241","0.392857"
"1491248008","2164645353","0.6"
"2164645353","1491248008","0.6"
"2121523964","2164645353","0.6"
"2164645353","2121523964","0.6"
"1491248008","1499807075","0.1"
"1499807075","1491248008","0.1"
"1491248008","1576446635","0.1"
"1576446635","1491248008","0.1"
"1491248008","1598467895","0.1"
"1598467895","1491248008","0.1"
"1491248008","2121755841","0.1"
"2121755841","1491248008","0.1"
"1491248008","2766026698","0.1"
"2766026698","1491248008","0.1"
"1499807075","1515739837","0.1"
"1515739837","1499807075","0.1"
"1499807075","1576446635","0.1"
"1576446635","1499807075","0.1"
"1499807075","1598467895","0.1"
"1598467895","1499807075","0.1"
"1499807075","2074013691","0.1"
"2074013691","1499807075","0.1"
"1499807075","2121523964","0.1"
"2121523964","1499807075","0.1"
"1499807075","2121755841","0.1"
"2121755841","1499807075","0.1"
"1499807075","2151873965","0.1"
"2151873965","1499807075","0.1"
"1499807075","2164645353","0.1"
"2164645353","1499807075","0.1"
"1499807075","2766026698","0.1"
"2766026698","1499807075","0.1"
"1515739837","1576446635","0.158824"
"1576446635","1515739837","0.158824"
"1515739837","1598467895","0.35"
"1598467895","1515739837","0.35"
"1515739837","2121755841","0.408824"
"2121755841","1515739837","0.408824"
"1515739837","2164645353","0.183333"
"2164645353","1515739837","0.183333"
"1576446635","1598467895","1.1"
"1598467895","1576446635","1.1"
"1576446635","2074013691","0.1"
"2074013691","1576446635","0.1"
"1576446635","2121523964","0.158824"
"2121523964","1576446635","0.158824"
"1576446635","2121755841","0.158824"
"2121755841","1576446635","0.158824"
"1576446635","2151873965","0.401681"
"2151873965","1576446635","0.401681"
"1576446635","2164645353","0.1"
"2164645353","1576446635","0.1"
"1576446635","2766026698","0.258824"
"2766026698","1576446635","0.258824"
"1598467895","2074013691","0.35"
"2074013691","1598467895","0.35"
"1598467895","2121523964","0.35"
"2121523964","1598467895","0.35"
"1598467895","2121755841","0.1"
"2121755841","1598467895","0.1"
"1598467895","2151873965","0.1"
"2151873965","1598467895","0.1"
"1598467895","2164645353","0.1"
"2164645353","1598467895","0.1"
"1598467895","2766026698","0.1"
"2766026698","1598467895","0.1"
"2074013691","2121755841","1.1"
"2121755841","2074013691","1.1"
"2074013691","2164645353","0.1"
"2164645353","2074013691","0.1"
"2074013691","2766026698","0.1"
"2766026698","2074013691","0.1"
"2121523964","2121755841","0.158824"
"2121755841","2121523964","0.158824"
"2121523964","2766026698","0.617157"
"2766026698","2121523964","0.617157"
"2121755841","2151873965","0.158824"
"2151873965","2121755841","0.158824"
"2121755841","2164645353","0.1"
"2164645353","2121755841","0.1"
"2121755841","2766026698","0.158824"
"2766026698","2121755841","0.158824"
"2151873965","2164645353","0.1"
"2164645353","2151873965","0.1"
"2151873965","2766026698","0.258824"
"2766026698","2151873965","0.258824"
"2164645353","2766026698","0.183333"
"2766026698","2164645353","0.183333"
"1491248008","1574566141","0.166667"
"1574566141","1491248008","0.166667"
"1491248008","1975796366","0.166667"
"1975796366","1491248008","0.166667"
"1491248008","2160149182","0.166667"
"2160149182","1491248008","0.166667"
"1491248008","2166285648","0.166667"
"2166285648","1491248008","0.166667"
"1574566141","1767678477","1.16667"
"1767678477","1574566141","1.16667"
"1574566141","1975796366","0.309524"
"1975796366","1574566141","0.309524"
"1574566141","2166285648","0.635014"
"2166285648","1574566141","0.635014"
"1767678477","1975796366","0.166667"
"1975796366","1767678477","0.166667"
"1767678477","2151873965","0.166667"
"2151873965","1767678477","0.166667"
"1767678477","2160149182","0.166667"
"2160149182","1767678477","0.166667"
"1767678477","2166285648","0.166667"
"2166285648","1767678477","0.166667"
"1975796366","2151873965","0.509524"
"2151873965","1975796366","0.509524"
"1975796366","2160149182","0.166667"
"2160149182","1975796366","0.166667"
"1975796366","2166285648","1.50952"
"2166285648","1975796366","1.50952"
"2151873965","2166285648","0.835014"
"2166285648","2151873965","0.835014"
"1493098199","2121523964","0.183824"
"2121523964","1493098199","0.183824"
"193365793","2121523964","0.183824"
"2121523964","193365793","0.183824"
"193365793","2766026698","0.433824"
"2766026698","193365793","0.433824"
"2075712468","2121523964","0.458333"
"2121523964","2075712468","0.458333"
"2121523964","2143672210","0.183824"
"2143672210","2121523964","0.183824"
"2041563709","2102489964","0.22549"
"2102489964","2041563709","0.22549"
"2041563709","2166285648","0.22549"
"2166285648","2041563709","0.22549"
"2102489964","2151873965","0.22549"
"2151873965","2102489964","0.22549"
"1493098199","1576446635","0.301681"
"1576446635","1493098199","0.301681"
"1493098199","2030528599","0.201681"
"2030528599","1493098199","0.201681"
"1493098199","2121755841","0.0588235"
"2121755841","1493098199","0.0588235"
"1493098199","2168172602","0.158824"
"2168172602","1493098199","0.158824"
"1515739837","1574566141","0.0588235"
"1574566141","1515739837","0.0588235"
"1515739837","193365793","0.22549"
"193365793","1515739837","0.22549"
"1515739837","2030528599","0.0588235"
"2030528599","1515739837","0.0588235"
"1515739837","2102489964","0.0588235"
"2102489964","1515739837","0.0588235"
"1515739837","2150779766","0.22549"
"2150779766","1515739837","0.22549"
"1515739837","2160149182","0.0588235"
"2160149182","1515739837","0.0588235"
"1515739837","2166285648","0.0588235"
"2166285648","1515739837","0.0588235"
"1515739837","2168172602","0.0588235"
"2168172602","1515739837","0.0588235"
"1574566141","1576446635","0.301681"
"1576446635","1574566141","0.301681"
"1574566141","193365793","0.22549"
"193365793","1574566141","0.22549"
"1574566141","2030528599","0.201681"
"2030528599","1574566141","0.201681"
"1574566141","2102489964","0.22549"
"2102489964","1574566141","0.22549"
"1574566141","2121523964","0.0588235"
"2121523964","1574566141","0.0588235"
"1574566141","2121755841","0.0588235"
"2121755841","1574566141","0.0588235"
"1574566141","2150779766","0.22549"
"2150779766","1574566141","0.22549"
"1574566141","2168172602","0.158824"
"2168172602","1574566141","0.158824"
"1574566141","2766026698","0.158824"
"2766026698","1574566141","0.158824"
"1576446635","193365793","0.0588235"
"193365793","1576446635","0.0588235"
"1576446635","2030528599","0.201681"
"2030528599","1576446635","0.201681"
"1576446635","2041563709","0.0588235"
"2041563709","1576446635","0.0588235"
"1576446635","2102489964","0.0588235"
"2102489964","1576446635","0.0588235"
"1576446635","2131413649","0.0588235"
"2131413649","1576446635","0.0588235"
"1576446635","2143672210","0.301681"
"2143672210","1576446635","0.301681"
"1576446635","2150779766","0.0588235"
"2150779766","1576446635","0.0588235"
"1576446635","2160149182","0.158824"
"2160149182","1576446635","0.158824"
"1576446635","2166285648","0.301681"
"2166285648","1576446635","0.301681"
"1576446635","2168172602","0.158824"
"2168172602","1576446635","0.158824"
"193365793","2030528599","0.0588235"
"2030528599","193365793","0.0588235"
"193365793","2121755841","0.0588235"
"2121755841","193365793","0.0588235"
"193365793","2151873965","0.42549"
"2151873965","193365793","0.42549"
"193365793","2166285648","0.958824"
"2166285648","193365793","0.958824"
"193365793","2168172602","0.0588235"
"2168172602","193365793","0.0588235"
"2030528599","2041563709","0.0588235"
"2041563709","2030528599","0.0588235"
"2030528599","2102489964","0.0588235"
"2102489964","2030528599","0.0588235"
"2030528599","2121523964","0.0588235"
"2121523964","2030528599","0.0588235"
"2030528599","2121755841","0.0588235"
"2121755841","2030528599","0.0588235"
"2030528599","2131413649","0.0588235"
"2131413649","2030528599","0.0588235"
"2030528599","2143672210","0.201681"
"2143672210","2030528599","0.201681"
"2030528599","2150779766","0.0588235"
"2150779766","2030528599","0.0588235"
"2030528599","2151873965","0.201681"
"2151873965","2030528599","0.201681"
"2030528599","2160149182","0.0588235"
"2160149182","2030528599","0.0588235"
"2030528599","2166285648","0.201681"
"2166285648","2030528599","0.201681"
"2030528599","2168172602","0.0588235"
"2168172602","2030528599","0.0588235"
"2030528599","2766026698","0.0588235"
"2766026698","2030528599","0.0588235"
"2041563709","2121755841","0.308824"
"2121755841","2041563709","0.308824"
"2041563709","2168172602","0.0588235"
"2168172602","2041563709","0.0588235"
"2102489964","2121523964","0.0588235"
"2121523964","2102489964","0.0588235"
"2102489964","2121755841","0.0588235"
"2121755841","2102489964","0.0588235"
"2102489964","2131413649","0.0588235"
"2131413649","2102489964","0.0588235"
"2102489964","2168172602","0.0588235"
"2168172602","2102489964","0.0588235"
"2121523964","2150779766","0.0588235"
"2150779766","2121523964","0.0588235"
"2121523964","2160149182","0.0588235"
"2160149182","2121523964","0.0588235"
"2121523964","2166285648","0.0588235"
"2166285648","2121523964","0.0588235"
"2121523964","2168172602","0.0588235"
"2168172602","2121523964","0.0588235"
"2121755841","2131413649","0.308824"
"2131413649","2121755841","0.308824"
"2121755841","2143672210","0.0588235"
"2143672210","2121755841","0.0588235"
"2121755841","2150779766","0.0588235"
"2150779766","2121755841","0.0588235"
"2121755841","2160149182","0.0588235"
"2160149182","2121755841","0.0588235"
"2121755841","2166285648","0.0588235"
"2166285648","2121755841","0.0588235"
"2121755841","2168172602","0.0588235"
"2168172602","2121755841","0.0588235"
"2131413649","2166285648","0.0588235"
"2166285648","2131413649","0.0588235"
"2131413649","2168172602","0.0588235"
"2168172602","2131413649","0.0588235"
"2143672210","2168172602","0.158824"
"2168172602","2143672210","0.158824"
"2150779766","2151873965","0.22549"
"2151873965","2150779766","0.22549"
"2150779766","2168172602","0.0588235"
"2168172602","2150779766","0.0588235"
"2151873965","2168172602","0.158824"
"2168172602","2151873965","0.158824"
"2160149182","2168172602","0.158824"
"2168172602","2160149182","0.158824"
"2166285648","2168172602","0.158824"
"2168172602","2166285648","0.158824"
"2168172602","2766026698","0.158824"
"2766026698","2168172602","0.158824"
"1493098199","1517546976","0.1"
"1517546976","1493098199","0.1"
"1493098199","1535035109","0.1"
"1535035109","1493098199","0.1"
"1517546976","1535035109","0.1"
"1535035109","1517546976","0.1"
"1517546976","1574566141","0.1"
"1574566141","1517546976","0.1"
"1517546976","1576446635","0.1"
"1576446635","1517546976","0.1"
"1517546976","2143672210","0.266667"
"2143672210","1517546976","0.266667"
"1517546976","2151873965","0.266667"
"2151873965","1517546976","0.266667"
"1517546976","2160149182","0.1"
"2160149182","1517546976","0.1"
"1517546976","2166285648","0.1"
"2166285648","1517546976","0.1"
"1517546976","2168172602","0.1"
"2168172602","1517546976","0.1"
"1517546976","2766026698","0.1"
"2766026698","1517546976","0.1"
"1535035109","1574566141","0.1"
"1574566141","1535035109","0.1"
"1535035109","1576446635","0.1"
"1576446635","1535035109","0.1"
"1535035109","2143672210","0.1"
"2143672210","1535035109","0.1"
"1535035109","2151873965","0.1"
"2151873965","1535035109","0.1"
"1535035109","2160149182","0.1"
"2160149182","1535035109","0.1"
"1535035109","2166285648","0.1"
"2166285648","1535035109","0.1"
"1535035109","2168172602","0.1"
"2168172602","1535035109","0.1"
"1535035109","2766026698","0.1"
"2766026698","1535035109","0.1"
"1493098199","2035367810","0.0833333"
"2035367810","1493098199","0.0833333"
"1493098199","2121810937","0.0833333"
"2121810937","1493098199","0.0833333"
"1493098199","2133206852","0.0833333"
"2133206852","1493098199","0.0833333"
"1493098199","2164645353","0.0833333"
"2164645353","1493098199","0.0833333"
"1493098199","2954005332","0.0833333"
"2954005332","1493098199","0.0833333"
"1515739837","2035367810","0.0833333"
"2035367810","1515739837","0.0833333"
"1515739837","2121810937","0.0833333"
"2121810937","1515739837","0.0833333"
"1515739837","2133206852","0.583333"
"2133206852","1515739837","0.583333"
"1515739837","2399940524","0.0833333"
"2399940524","1515739837","0.0833333"
"1515739837","2954005332","0.0833333"
"2954005332","1515739837","0.0833333"
"2035367810","2041563709","0.0833333"
"2041563709","2035367810","0.0833333"
"2035367810","2102166438","0.0833333"
"2102166438","2035367810","0.0833333"
"2035367810","2121810937","0.958333"
"2121810937","2035367810","0.958333"
"2035367810","2131413649","0.0833333"
"2131413649","2035367810","0.0833333"
"2035367810","2133206852","0.0833333"
"2133206852","2035367810","0.0833333"
"2035367810","2143672210","0.0833333"
"2143672210","2035367810","0.0833333"
"2035367810","2164645353","0.0833333"
"2164645353","2035367810","0.0833333"
"2035367810","2399940524","0.0833333"
"2399940524","2035367810","0.0833333"
"2035367810","2766026698","0.0833333"
"2766026698","2035367810","0.0833333"
"2035367810","2954005332","0.458333"
"2954005332","2035367810","0.458333"
"2041563709","2121810937","0.0833333"
"2121810937","2041563709","0.0833333"
"2041563709","2133206852","0.0833333"
"2133206852","2041563709","0.0833333"
"2041563709","2164645353","0.0833333"
"2164645353","2041563709","0.0833333"
"2041563709","2954005332","0.0833333"
"2954005332","2041563709","0.0833333"
"2102166438","2121810937","0.0833333"
"2121810937","2102166438","0.0833333"
"2102166438","2133206852","0.0833333"
"2133206852","2102166438","0.0833333"
"2102166438","2164645353","0.0833333"
"2164645353","2102166438","0.0833333"
"2102166438","2954005332","0.0833333"
"2954005332","2102166438","0.0833333"
"2121810937","2131413649","0.0833333"
"2131413649","2121810937","0.0833333"
"2121810937","2133206852","0.0833333"
"2133206852","2121810937","0.0833333"
"2121810937","2143672210","0.0833333"
"2143672210","2121810937","0.0833333"
"2121810937","2164645353","0.0833333"
"2164645353","2121810937","0.0833333"
"2121810937","2399940524","0.0833333"
"2399940524","2121810937","0.0833333"
"2121810937","2766026698","0.0833333"
"2766026698","2121810937","0.0833333"
"2131413649","2133206852","0.0833333"
"2133206852","2131413649","0.0833333"
"2131413649","2164645353","0.0833333"
"2164645353","2131413649","0.0833333"
"2131413649","2954005332","0.0833333"
"2954005332","2131413649","0.0833333"
"2133206852","2143672210","0.0833333"
"2143672210","2133206852","0.0833333"
"2133206852","2164645353","1.58333"
"2164645353","2133206852","1.58333"
"2133206852","2399940524","0.0833333"
"2399940524","2133206852","0.0833333"
"2133206852","2766026698","0.0833333"
"2766026698","2133206852","0.0833333"
"2133206852","2954005332","0.0833333"
"2954005332","2133206852","0.0833333"
"2143672210","2164645353","0.0833333"
"2164645353","2143672210","0.0833333"
"2143672210","2954005332","0.0833333"
"2954005332","2143672210","0.0833333"
"2164645353","2399940524","0.0833333"
"2399940524","2164645353","0.0833333"
"2164645353","2954005332","0.0833333"
"2954005332","2164645353","0.0833333"
"2399940524","2954005332","0.0833333"
"2954005332","2399940524","0.0833333"
"2766026698","2954005332","0.0833333"
"2954005332","2766026698","0.0833333"
"1493098199","1975796366","0.142857"
"1975796366","1493098199","0.142857"
"1576446635","1975796366","0.142857"
"1975796366","1576446635","0.142857"
"1975796366","2030528599","0.142857"
"2030528599","1975796366","0.142857"
"1975796366","2143672210","0.342857"
"2143672210","1975796366","0.342857"
"1515739837","1975796366","1"
"1975796366","1515739837","1"
"1975796366","2133206852","0.5"
"2133206852","1975796366","0.5"
"1515739837","1517546976","0.166667"
"1517546976","1515739837","0.166667"
