"123786712","1510461791","1.14264"
"1510461791","123786712","1.14264"
"123786712","2127574693","1.60516"
"2127574693","123786712","1.60516"
"123786712","2773635940","0.464431"
"2773635940","123786712","0.464431"
"1510461791","2127574693","1.46825"
"2127574693","1510461791","1.46825"
"1510461791","2773635940","0.940621"
"2773635940","1510461791","0.940621"
"2127574693","2773635940","0.380952"
"2773635940","2127574693","0.380952"
"123786712","183455186","0.333333"
"183455186","123786712","0.333333"
"123786712","1987663912","0.482288"
"1987663912","123786712","0.482288"
"123786712","2052138360","0.440621"
"2052138360","123786712","0.440621"
"183455186","1987663912","1.48333"
"1987663912","183455186","1.48333"
"183455186","2052138360","1.48333"
"2052138360","183455186","1.48333"
"1987663912","2052138360","11.8298"
"2052138360","1987663912","11.8298"
"123786712","129772754","0.0416667"
"129772754","123786712","0.0416667"
"123786712","1492384615","0.0654762"
"1492384615","123786712","0.0654762"
"123786712","1514591449","0.0654762"
"1514591449","123786712","0.0654762"
"123786712","1521028737","0.0654762"
"1521028737","123786712","0.0654762"
"123786712","1532741148","0.0416667"
"1532741148","123786712","0.0416667"
"123786712","1533821024","0.0892857"
"1533821024","123786712","0.0892857"
"123786712","1550349175","0.0416667"
"1550349175","123786712","0.0416667"
"123786712","1560978096","0.0654762"
"1560978096","123786712","0.0654762"
"123786712","166115538","1.11721"
"166115538","123786712","1.11721"
"123786712","1831316509","0.0654762"
"1831316509","123786712","0.0654762"
"123786712","1888763461","0.422619"
"1888763461","123786712","0.422619"
"123786712","1993068078","0.0654762"
"1993068078","123786712","0.0654762"
"123786712","2028796651","0.200397"
"2028796651","123786712","0.200397"
"123786712","2033472483","0.343254"
"2033472483","123786712","0.343254"
"123786712","2101460029","0.200397"
"2101460029","123786712","0.200397"
"123786712","2107689334","0.0416667"
"2107689334","123786712","0.0416667"
"123786712","2107972420","0.0654762"
"2107972420","123786712","0.0654762"
"123786712","2147324825","0.410714"
"2147324825","123786712","0.410714"
"123786712","2170276412","1.80732"
"2170276412","123786712","1.80732"
"123786712","22424597","0.438492"
"22424597","123786712","0.438492"
"123786712","2517950986","0.105476"
"2517950986","123786712","0.105476"
"123786712","2888003578","0.291812"
"2888003578","123786712","0.291812"
"129772754","1492384615","0.0416667"
"1492384615","129772754","0.0416667"
"129772754","1514591449","0.0416667"
"1514591449","129772754","0.0416667"
"129772754","1521028737","0.0416667"
"1521028737","129772754","0.0416667"
"129772754","1532741148","0.0416667"
"1532741148","129772754","0.0416667"
"129772754","1533821024","0.0416667"
"1533821024","129772754","0.0416667"
"129772754","1550349175","0.0416667"
"1550349175","129772754","0.0416667"
"129772754","1560978096","0.0416667"
"1560978096","129772754","0.0416667"
"129772754","166115538","0.0416667"
"166115538","129772754","0.0416667"
"129772754","1831316509","0.0416667"
"1831316509","129772754","0.0416667"
"129772754","1888763461","0.0416667"
"1888763461","129772754","0.0416667"
"129772754","1987663912","0.0416667"
"1987663912","129772754","0.0416667"
"129772754","1993068078","0.0416667"
"1993068078","129772754","0.0416667"
"129772754","2028796651","0.375"
"2028796651","129772754","0.375"
"129772754","2033472483","0.0416667"
"2033472483","129772754","0.0416667"
"129772754","2101460029","0.0416667"
"2101460029","129772754","0.0416667"
"129772754","2107689334","0.0416667"
"2107689334","129772754","0.0416667"
"129772754","2107972420","0.0416667"
"2107972420","129772754","0.0416667"
"129772754","2127574693","0.0416667"
"2127574693","129772754","0.0416667"
"129772754","2147324825","0.0416667"
"2147324825","129772754","0.0416667"
"129772754","2170276412","0.0416667"
"2170276412","129772754","0.0416667"
"129772754","22424597","1.54167"
"22424597","129772754","1.54167"
"129772754","2517950986","0.0416667"
"2517950986","129772754","0.0416667"
"129772754","2888003578","0.0416667"
"2888003578","129772754","0.0416667"
"1492384615","1514591449","0.0654762"
"1514591449","1492384615","0.0654762"
"1492384615","1521028737","0.0416667"
"1521028737","1492384615","0.0416667"
"1492384615","1532741148","0.0416667"
"1532741148","1492384615","0.0416667"
"1492384615","1533821024","0.0654762"
"1533821024","1492384615","0.0654762"
"1492384615","1550349175","0.0416667"
"1550349175","1492384615","0.0416667"
"1492384615","1560978096","0.0654762"
"1560978096","1492384615","0.0654762"
"1492384615","166115538","0.0654762"
"166115538","1492384615","0.0654762"
"1492384615","1831316509","0.0654762"
"1831316509","1492384615","0.0654762"
"1492384615","1888763461","0.0654762"
"1888763461","1492384615","0.0654762"
"1492384615","1987663912","0.0416667"
"1987663912","1492384615","0.0416667"
"1492384615","1993068078","0.0654762"
"1993068078","1492384615","0.0654762"
"1492384615","2028796651","0.39881"
"2028796651","1492384615","0.39881"
"1492384615","2033472483","0.0654762"
"2033472483","1492384615","0.0654762"
"1492384615","2101460029","0.208333"
"2101460029","1492384615","0.208333"
"1492384615","2107689334","0.0416667"
"2107689334","1492384615","0.0416667"
"1492384615","2107972420","0.0654762"
"2107972420","1492384615","0.0654762"
"1492384615","2127574693","0.0654762"
"2127574693","1492384615","0.0654762"
"1492384615","2147324825","0.0654762"
"2147324825","1492384615","0.0654762"
"1492384615","2170276412","0.0654762"
"2170276412","1492384615","0.0654762"
"1492384615","22424597","0.0654762"
"22424597","1492384615","0.0654762"
"1492384615","2517950986","0.0416667"
"2517950986","1492384615","0.0416667"
"1492384615","2888003578","0.0416667"
"2888003578","1492384615","0.0416667"
"1514591449","1521028737","0.0416667"
"1521028737","1514591449","0.0416667"
"1514591449","1532741148","0.0416667"
"1532741148","1514591449","0.0416667"
"1514591449","1533821024","0.0654762"
"1533821024","1514591449","0.0654762"
"1514591449","1550349175","0.152778"
"1550349175","1514591449","0.152778"
"1514591449","1560978096","0.248016"
"1560978096","1514591449","0.248016"
"1514591449","166115538","0.0654762"
"166115538","1514591449","0.0654762"
"1514591449","1831316509","0.248016"
"1831316509","1514591449","0.248016"
"1514591449","1888763461","0.0654762"
"1888763461","1514591449","0.0654762"
"1514591449","1987663912","0.0416667"
"1987663912","1514591449","0.0416667"
"1514591449","1993068078","0.0654762"
"1993068078","1514591449","0.0654762"
"1514591449","2028796651","0.248016"
"2028796651","1514591449","0.248016"
"1514591449","2033472483","0.136905"
"2033472483","1514591449","0.136905"
"1514591449","2101460029","0.136905"
"2101460029","1514591449","0.136905"
"1514591449","2107689334","0.0416667"
"2107689334","1514591449","0.0416667"
"1514591449","2107972420","0.0654762"
"2107972420","1514591449","0.0654762"
"1514591449","2127574693","0.136905"
"2127574693","1514591449","0.136905"
"1514591449","2147324825","0.0654762"
"2147324825","1514591449","0.0654762"
"1514591449","2170276412","0.0654762"
"2170276412","1514591449","0.0654762"
"1514591449","22424597","0.136905"
"22424597","1514591449","0.136905"
"1514591449","2517950986","0.0416667"
"2517950986","1514591449","0.0416667"
"1514591449","2888003578","0.0416667"
"2888003578","1514591449","0.0416667"
"1521028737","1532741148","0.0416667"
"1532741148","1521028737","0.0416667"
"1521028737","1533821024","0.217938"
"1533821024","1521028737","0.217938"
"1521028737","1550349175","0.0416667"
"1550349175","1521028737","0.0416667"
"1521028737","1560978096","0.0416667"
"1560978096","1521028737","0.0416667"
"1521028737","166115538","0.0967262"
"166115538","1521028737","0.0967262"
"1521028737","1831316509","0.0416667"
"1831316509","1521028737","0.0416667"
"1521028737","1888763461","0.345884"
"1888763461","1521028737","0.345884"
"1521028737","1987663912","0.133763"
"1987663912","1521028737","0.133763"
"1521028737","1993068078","0.0416667"
"1993068078","1521028737","0.0416667"
"1521028737","2028796651","0.345884"
"2028796651","1521028737","0.345884"
"1521028737","2033472483","0.10322"
"2033472483","1521028737","0.10322"
"1521028737","2101460029","0.127029"
"2101460029","1521028737","0.127029"
"1521028737","2107689334","0.322075"
"2107689334","1521028737","0.322075"
"1521028737","2107972420","0.0416667"
"2107972420","1521028737","0.0416667"
"1521028737","2127574693","0.0967262"
"2127574693","1521028737","0.0967262"
"1521028737","2147324825","1.44588"
"2147324825","1521028737","1.44588"
"1521028737","2170276412","0.0967262"
"2170276412","1521028737","0.0967262"
"1521028737","22424597","0.627029"
"22424597","1521028737","0.627029"
"1521028737","2517950986","0.264066"
"2517950986","1521028737","0.264066"
"1521028737","2888003578","0.0416667"
"2888003578","1521028737","0.0416667"
"1532741148","1533821024","0.152778"
"1533821024","1532741148","0.152778"
"1532741148","1550349175","0.11859"
"1550349175","1532741148","0.11859"
"1532741148","1560978096","0.166667"
"1560978096","1532741148","0.166667"
"1532741148","166115538","0.0416667"
"166115538","1532741148","0.0416667"
"1532741148","1831316509","0.24359"
"1831316509","1532741148","0.24359"
"1532741148","1888763461","0.152778"
"1888763461","1532741148","0.152778"
"1532741148","1987663912","0.152778"
"1987663912","1532741148","0.152778"
"1532741148","1993068078","0.0416667"
"1993068078","1532741148","0.0416667"
"1532741148","2028796651","0.402778"
"2028796651","1532741148","0.402778"
"1532741148","2033472483","0.0416667"
"2033472483","1532741148","0.0416667"
"1532741148","2101460029","0.86859"
"2101460029","1532741148","0.86859"
"1532741148","2107689334","0.152778"
"2107689334","1532741148","0.152778"
"1532741148","2107972420","0.11859"
"2107972420","1532741148","0.11859"
"1532741148","2127574693","0.0416667"
"2127574693","1532741148","0.0416667"
"1532741148","2147324825","0.0416667"
"2147324825","1532741148","0.0416667"
"1532741148","2170276412","0.0416667"
"2170276412","1532741148","0.0416667"
"1532741148","22424597","1.29167"
"22424597","1532741148","1.29167"
"1532741148","2517950986","0.0416667"
"2517950986","1532741148","0.0416667"
"1532741148","2888003578","0.0416667"
"2888003578","1532741148","0.0416667"
"1533821024","1550349175","0.0416667"
"1550349175","1533821024","0.0416667"
"1533821024","1560978096","0.0654762"
"1560978096","1533821024","0.0654762"
"1533821024","166115538","0.120536"
"166115538","1533821024","0.120536"
"1533821024","1831316509","0.0654762"
"1831316509","1533821024","0.0654762"
"1533821024","1888763461","1.71953"
"1888763461","1533821024","1.71953"
"1533821024","1987663912","0.455456"
"1987663912","1533821024","0.455456"
"1533821024","1993068078","0.0654762"
"1993068078","1533821024","0.0654762"
"1533821024","2028796651","2.40048"
"2028796651","1533821024","2.40048"
"1533821024","2033472483","0.174648"
"2033472483","1533821024","0.174648"
"1533821024","2101460029","0.198458"
"2101460029","1533821024","0.198458"
"1533821024","2107689334","0.719526"
"2107689334","1533821024","0.719526"
"1533821024","2107972420","0.0654762"
"2107972420","1533821024","0.0654762"
"1533821024","2127574693","0.370536"
"2127574693","1533821024","0.370536"
"1533821024","2147324825","0.241748"
"2147324825","1533821024","0.241748"
"1533821024","2170276412","0.168155"
"2170276412","1533821024","0.168155"
"1533821024","22424597","4.44846"
"22424597","1533821024","4.44846"
"1533821024","2517950986","0.127029"
"2517950986","1533821024","0.127029"
"1533821024","2888003578","0.0416667"
"2888003578","1533821024","0.0416667"
"1550349175","1560978096","0.152778"
"1560978096","1550349175","0.152778"
"1550349175","166115538","0.0416667"
"166115538","1550349175","0.0416667"
"1550349175","1831316509","0.229701"
"1831316509","1550349175","0.229701"
"1550349175","1888763461","0.0416667"
"1888763461","1550349175","0.0416667"
"1550349175","1987663912","0.0416667"
"1987663912","1550349175","0.0416667"
"1550349175","1993068078","0.0416667"
"1993068078","1550349175","0.0416667"
"1550349175","2028796651","0.719444"
"2028796651","1550349175","0.719444"
"1550349175","2033472483","0.0416667"
"2033472483","1550349175","0.0416667"
"1550349175","2101460029","0.11859"
"2101460029","1550349175","0.11859"
"1550349175","2107689334","0.0416667"
"2107689334","1550349175","0.0416667"
"1550349175","2107972420","0.61859"
"2107972420","1550349175","0.61859"
"1550349175","2127574693","0.0416667"
"2127574693","1550349175","0.0416667"
"1550349175","2147324825","0.0416667"
"2147324825","1550349175","0.0416667"
"1550349175","2170276412","0.0416667"
"2170276412","1550349175","0.0416667"
"1550349175","22424597","0.208333"
"22424597","1550349175","0.208333"
"1550349175","2517950986","0.0416667"
"2517950986","1550349175","0.0416667"
"1550349175","2888003578","0.0416667"
"2888003578","1550349175","0.0416667"
"1560978096","166115538","0.0654762"
"166115538","1560978096","0.0654762"
"1560978096","1831316509","0.373016"
"1831316509","1560978096","0.373016"
"1560978096","1888763461","0.0654762"
"1888763461","1560978096","0.0654762"
"1560978096","1987663912","0.0416667"
"1987663912","1560978096","0.0416667"
"1560978096","1993068078","0.0654762"
"1993068078","1560978096","0.0654762"
"1560978096","2028796651","0.248016"
"2028796651","1560978096","0.248016"
"1560978096","2033472483","0.136905"
"2033472483","1560978096","0.136905"
"1560978096","2101460029","0.213828"
"2101460029","1560978096","0.213828"
"1560978096","2107689334","0.0416667"
"2107689334","1560978096","0.0416667"
"1560978096","2107972420","0.0654762"
"2107972420","1560978096","0.0654762"
"1560978096","2127574693","0.213828"
"2127574693","1560978096","0.213828"
"1560978096","2147324825","0.0654762"
"2147324825","1560978096","0.0654762"
"1560978096","2170276412","0.0654762"
"2170276412","1560978096","0.0654762"
"1560978096","22424597","0.213828"
"22424597","1560978096","0.213828"
"1560978096","2517950986","0.0416667"
"2517950986","1560978096","0.0416667"
"1560978096","2888003578","0.0416667"
"2888003578","1560978096","0.0416667"
"166115538","1831316509","0.0654762"
"1831316509","166115538","0.0654762"
"166115538","1888763461","0.453869"
"1888763461","166115538","0.453869"
"166115538","1987663912","0.180204"
"1987663912","166115538","0.180204"
"166115538","1993068078","0.0654762"
"1993068078","166115538","0.0654762"
"166115538","2028796651","0.120536"
"2028796651","166115538","0.120536"
"166115538","2033472483","0.0967262"
"2033472483","166115538","0.0967262"
"166115538","2101460029","0.120536"
"2101460029","166115538","0.120536"
"166115538","2107689334","0.0729167"
"2107689334","166115538","0.0729167"
"166115538","2107972420","0.0654762"
"2107972420","166115538","0.0654762"
"166115538","2127574693","0.453869"
"2127574693","166115538","0.453869"
"166115538","2147324825","0.120536"
"2147324825","166115538","0.120536"
"166115538","2170276412","1.81513"
"2170276412","166115538","1.81513"
"166115538","22424597","0.120536"
"22424597","166115538","0.120536"
"166115538","2517950986","0.136726"
"2517950986","166115538","0.136726"
"166115538","2888003578","0.202068"
"2888003578","166115538","0.202068"
"1831316509","1888763461","0.0654762"
"1888763461","1831316509","0.0654762"
"1831316509","1987663912","0.0416667"
"1987663912","1831316509","0.0416667"
"1831316509","1993068078","0.0654762"
"1993068078","1831316509","0.0654762"
"1831316509","2028796651","0.319444"
"2028796651","1831316509","0.319444"
"1831316509","2033472483","0.208333"
"2033472483","1831316509","0.208333"
"1831316509","2101460029","0.285256"
"2101460029","1831316509","0.285256"
"1831316509","2107689334","0.0416667"
"2107689334","1831316509","0.0416667"
"1831316509","2107972420","0.213828"
"2107972420","1831316509","0.213828"
"1831316509","2127574693","0.375"
"2127574693","1831316509","0.375"
"1831316509","2147324825","0.0654762"
"2147324825","1831316509","0.0654762"
"1831316509","2170276412","0.0654762"
"2170276412","1831316509","0.0654762"
"1831316509","22424597","0.375"
"22424597","1831316509","0.375"
"1831316509","2517950986","0.0416667"
"2517950986","1831316509","0.0416667"
"1831316509","2888003578","0.0416667"
"2888003578","1831316509","0.0416667"
"1888763461","1987663912","0.444874"
"1987663912","1888763461","0.444874"
"1888763461","1993068078","0.0654762"
"1993068078","1888763461","0.0654762"
"1888763461","2028796651","0.480805"
"2028796651","1888763461","0.480805"
"1888763461","2033472483","0.127029"
"2033472483","1888763461","0.127029"
"1888763461","2101460029","0.150839"
"2101460029","1888763461","0.150839"
"1888763461","2107689334","1.99985"
"2107689334","1888763461","1.99985"
"1888763461","2107972420","0.0654762"
"2107972420","1888763461","0.0654762"
"1888763461","2127574693","0.453869"
"2127574693","1888763461","0.453869"
"1888763461","2147324825","0.369694"
"2147324825","1888763461","0.369694"
"1888763461","2170276412","0.120536"
"2170276412","1888763461","0.120536"
"1888763461","22424597","0.150839"
"22424597","1888763461","0.150839"
"1888763461","2517950986","0.164066"
"2517950986","1888763461","0.164066"
"1888763461","2888003578","0.0416667"
"2888003578","1888763461","0.0416667"
"1987663912","1993068078","0.0416667"
"1993068078","1987663912","0.0416667"
"1987663912","2028796651","0.692493"
"2028796651","1987663912","0.692493"
"1987663912","2033472483","0.120536"
"2033472483","1987663912","0.120536"
"1987663912","2101460029","0.144345"
"2101460029","1987663912","0.144345"
"1987663912","2107689334","0.468684"
"2107689334","1987663912","0.468684"
"1987663912","2107972420","0.0416667"
"2107972420","1987663912","0.0416667"
"1987663912","2127574693","0.0967262"
"2127574693","1987663912","0.0967262"
"1987663912","2147324825","0.133763"
"2147324825","1987663912","0.133763"
"1987663912","2170276412","1.27328"
"2170276412","1987663912","1.27328"
"1987663912","22424597","0.144345"
"22424597","1987663912","0.144345"
"1987663912","2517950986","0.469218"
"2517950986","1987663912","0.469218"
"1987663912","2888003578","0.125145"
"2888003578","1987663912","0.125145"
"1993068078","2028796651","0.132143"
"2028796651","1993068078","0.132143"
"1993068078","2033472483","0.132143"
"2033472483","1993068078","0.132143"
"1993068078","2101460029","0.132143"
"2101460029","1993068078","0.132143"
"1993068078","2107689334","0.0416667"
"2107689334","1993068078","0.0416667"
"1993068078","2107972420","0.0654762"
"2107972420","1993068078","0.0654762"
"1993068078","2127574693","0.0654762"
"2127574693","1993068078","0.0654762"
"1993068078","2147324825","0.0654762"
"2147324825","1993068078","0.0654762"
"1993068078","2170276412","0.0654762"
"2170276412","1993068078","0.0654762"
"1993068078","22424597","0.132143"
"22424597","1993068078","0.132143"
"1993068078","2517950986","0.0416667"
"2517950986","1993068078","0.0416667"
"1993068078","2888003578","0.0416667"
"2888003578","1993068078","0.0416667"
"2028796651","2033472483","1.74528"
"2033472483","2028796651","1.74528"
"2028796651","2101460029","1.18973"
"2101460029","2028796651","1.18973"
"2028796651","2107689334","0.647472"
"2107689334","2028796651","0.647472"
"2028796651","2107972420","0.386905"
"2107972420","2028796651","0.386905"
"2028796651","2127574693","0.985615"
"2127574693","2028796651","0.985615"
"2028796651","2147324825","0.369694"
"2147324825","2028796651","0.369694"
"2028796651","2170276412","0.279266"
"2170276412","2028796651","0.279266"
"2028796651","22424597","2.24528"
"22424597","2028796651","2.24528"
"2028796651","2517950986","0.614066"
"2517950986","2028796651","0.614066"
"2028796651","2888003578","0.0416667"
"2888003578","2028796651","0.0416667"
"2033472483","2101460029","0.495283"
"2101460029","2033472483","0.495283"
"2033472483","2107689334","0.317505"
"2107689334","2033472483","0.317505"
"2033472483","2107972420","0.279762"
"2107972420","2033472483","0.279762"
"2033472483","2127574693","0.850694"
"2127574693","2033472483","0.850694"
"2033472483","2147324825","0.127029"
"2147324825","2033472483","0.127029"
"2033472483","2170276412","0.255456"
"2170276412","2033472483","0.255456"
"2033472483","22424597","1.80481"
"22424597","2033472483","1.80481"
"2033472483","2517950986","0.10322"
"2517950986","2033472483","0.10322"
"2033472483","2888003578","0.208333"
"2888003578","2033472483","0.208333"
"2101460029","2107689334","0.150839"
"2107689334","2101460029","0.150839"
"2101460029","2107972420","0.463828"
"2107972420","2101460029","0.463828"
"2101460029","2127574693","0.820114"
"2127574693","2101460029","0.820114"
"2101460029","2147324825","0.150839"
"2147324825","2101460029","0.150839"
"2101460029","2170276412","0.279266"
"2170276412","2101460029","0.279266"
"2101460029","22424597","1.49645"
"22424597","2101460029","1.49645"
"2101460029","2517950986","0.127029"
"2517950986","2101460029","0.127029"
"2101460029","2888003578","0.0416667"
"2888003578","2101460029","0.0416667"
"2107689334","2107972420","0.0416667"
"2107972420","2107689334","0.0416667"
"2107689334","2127574693","0.0729167"
"2127574693","2107689334","0.0729167"
"2107689334","2147324825","0.322075"
"2147324825","2107689334","0.322075"
"2107689334","2170276412","0.120536"
"2170276412","2107689334","0.120536"
"2107689334","22424597","0.317505"
"22424597","2107689334","0.317505"
"2107689334","2517950986","0.140257"
"2517950986","2107689334","0.140257"
"2107689334","2888003578","0.0416667"
"2888003578","2107689334","0.0416667"
"2107972420","2127574693","0.136905"
"2127574693","2107972420","0.136905"
"2107972420","2147324825","0.0654762"
"2147324825","2107972420","0.0654762"
"2107972420","2170276412","0.0654762"
"2170276412","2107972420","0.0654762"
"2107972420","22424597","0.529762"
"22424597","2107972420","0.529762"
"2107972420","2517950986","0.0416667"
"2517950986","2107972420","0.0416667"
"2107972420","2888003578","0.0416667"
"2888003578","2107972420","0.0416667"
"2127574693","2147324825","0.691964"
"2147324825","2127574693","0.691964"
"2127574693","2170276412","0.303075"
"2170276412","2127574693","0.303075"
"2127574693","22424597","1.6971"
"22424597","2127574693","1.6971"
"2127574693","2517950986","0.0967262"
"2517950986","2127574693","0.0967262"
"2127574693","2888003578","0.208333"
"2888003578","2127574693","0.208333"
"2147324825","2170276412","0.191964"
"2170276412","2147324825","0.191964"
"2147324825","22424597","0.722267"
"22424597","2147324825","0.722267"
"2147324825","2517950986","0.264066"
"2517950986","2147324825","0.264066"
"2147324825","2888003578","0.0416667"
"2888003578","2147324825","0.0416667"
"2170276412","22424597","0.350694"
"22424597","2170276412","0.350694"
"2170276412","2517950986","0.182181"
"2517950986","2170276412","0.182181"
"2170276412","2888003578","0.125145"
"2888003578","2170276412","0.125145"
"22424597","2517950986","0.127029"
"2517950986","22424597","0.127029"
"22424597","2888003578","0.208333"
"2888003578","22424597","0.208333"
"2517950986","2888003578","0.0816667"
"2888003578","2517950986","0.0816667"
"123786712","1517737936","0.230159"
"1517737936","123786712","0.230159"
"123786712","1548223670","0.230159"
"1548223670","123786712","0.230159"
"1510461791","1517737936","0.736111"
"1517737936","1510461791","0.736111"
"1510461791","1548223670","0.611111"
"1548223670","1510461791","0.611111"
"1510461791","2028796651","0.334921"
"2028796651","1510461791","0.334921"
"1510461791","2033472483","0.111111"
"2033472483","1510461791","0.111111"
"1510461791","2101460029","0.611111"
"2101460029","1510461791","0.611111"
"1510461791","2170276412","0.309308"
"2170276412","1510461791","0.309308"
"1510461791","22424597","0.884921"
"22424597","1510461791","0.884921"
"1517737936","1548223670","1.58976"
"1548223670","1517737936","1.58976"
"1517737936","2028796651","0.644093"
"2028796651","1517737936","0.644093"
"1517737936","2033472483","0.620283"
"2033472483","1517737936","0.620283"
"1517737936","2101460029","1.57145"
"2101460029","1517737936","1.57145"
"1517737936","2127574693","0.572098"
"2127574693","1517737936","0.572098"
"1517737936","2170276412","0.309028"
"2170276412","1517737936","0.309028"
"1517737936","22424597","1.13335"
"22424597","1517737936","1.13335"
"1548223670","2028796651","0.735002"
"2028796651","1548223670","0.735002"
"1548223670","2033472483","0.477426"
"2033472483","1548223670","0.477426"
"1548223670","2101460029","2.07145"
"2101460029","1548223670","2.07145"
"1548223670","2127574693","0.352318"
"2127574693","1548223670","0.352318"
"1548223670","2170276412","0.309028"
"2170276412","1548223670","0.309028"
"1548223670","22424597","1.05643"
"22424597","1548223670","1.05643"
"123786712","1992286709","1.15455"
"1992286709","123786712","1.15455"
"1992286709","2170276412","3.02887"
"2170276412","1992286709","3.02887"
"123786712","2086526348","0.289639"
"2086526348","123786712","0.289639"
"123786712","2149978078","0.249639"
"2149978078","123786712","0.249639"
"123786712","224953369","0.194589"
"224953369","123786712","0.194589"
"123786712","2508900740","0.111111"
"2508900740","123786712","0.111111"
"123786712","2980883599","0.111111"
"2980883599","123786712","0.111111"
"123786712","2986078906","0.178399"
"2986078906","123786712","0.178399"
"166115538","1992286709","0.350381"
"1992286709","166115538","0.350381"
"166115538","2086526348","0.22998"
"2086526348","166115538","0.22998"
"166115538","2149978078","0.266903"
"2149978078","166115538","0.266903"
"166115538","224953369","0.194589"
"224953369","166115538","0.194589"
"166115538","2508900740","0.188034"
"2508900740","166115538","0.188034"
"166115538","2980883599","0.142361"
"2980883599","166115538","0.142361"
"166115538","2986078906","0.286572"
"2986078906","166115538","0.286572"
"1992286709","2086526348","1.77046"
"2086526348","1992286709","1.77046"
"1992286709","2149978078","7.95868"
"2149978078","1992286709","7.95868"
"1992286709","224953369","0.194589"
"224953369","1992286709","0.194589"
"1992286709","2508900740","0.188034"
"2508900740","1992286709","0.188034"
"1992286709","2980883599","0.475694"
"2980883599","1992286709","0.475694"
"1992286709","2986078906","2.28657"
"2986078906","1992286709","2.28657"
"2086526348","2149978078","1.73046"
"2149978078","2086526348","1.73046"
"2086526348","2170276412","0.413963"
"2170276412","2086526348","0.413963"
"2086526348","224953369","0.151111"
"224953369","2086526348","0.151111"
"2086526348","2508900740","0.111111"
"2508900740","2086526348","0.111111"
"2086526348","2980883599","0.475694"
"2980883599","2086526348","0.475694"
"2086526348","2986078906","0.166171"
"2986078906","2086526348","0.166171"
"2149978078","2170276412","0.373963"
"2170276412","2149978078","0.373963"
"2149978078","224953369","0.111111"
"224953369","2149978078","0.111111"
"2149978078","2508900740","0.188034"
"2508900740","2149978078","0.188034"
"2149978078","2980883599","0.475694"
"2980883599","2149978078","0.475694"
"2149978078","2986078906","0.243094"
"2986078906","2149978078","0.243094"
"2170276412","224953369","0.194589"
"224953369","2170276412","0.194589"
"2170276412","2508900740","0.111111"
"2508900740","2170276412","0.111111"
"2170276412","2980883599","0.142361"
"2980883599","2170276412","0.142361"
"2170276412","2986078906","1.20965"
"2986078906","2170276412","1.20965"
"224953369","2508900740","1.44444"
"2508900740","224953369","1.44444"
"224953369","2980883599","0.111111"
"2980883599","224953369","0.111111"
"224953369","2986078906","0.487923"
"2986078906","224953369","0.487923"
"2508900740","2980883599","0.611111"
"2980883599","2508900740","0.611111"
"2508900740","2986078906","10.5214"
"2986078906","2508900740","10.5214"
"2980883599","2986078906","0.142361"
"2986078906","2980883599","0.142361"
"123786712","2107144207","0.916667"
"2107144207","123786712","0.916667"
"123786712","2131447456","0.166667"
"2131447456","123786712","0.166667"
"2033472483","2107144207","0.309524"
"2107144207","2033472483","0.309524"
"2033472483","2131447456","0.488095"
"2131447456","2033472483","0.488095"
"2107144207","2127574693","0.910256"
"2127574693","2107144207","0.910256"
"2107144207","2131447456","1.82692"
"2131447456","2107144207","1.82692"
"2107144207","22424597","4.96978"
"22424597","2107144207","4.96978"
"2107144207","2888003578","0.666667"
"2888003578","2107144207","0.666667"
"2127574693","2131447456","0.315018"
"2131447456","2127574693","0.315018"
"2131447456","22424597","1.56502"
"22424597","2131447456","1.56502"
"2131447456","2888003578","0.166667"
"2888003578","2131447456","0.166667"
"123786712","1551855530","0.0952381"
"1551855530","123786712","0.0952381"
"123786712","1655894887","0.222006"
"1655894887","123786712","0.222006"
"123786712","1966406552","0.047619"
"1966406552","123786712","0.047619"
"123786712","1967525428","0.0672878"
"1967525428","123786712","0.0672878"
"123786712","1977303122","0.138528"
"1977303122","123786712","0.138528"
"123786712","2036291088","0.107288"
"2036291088","123786712","0.107288"
"123786712","2036596406","0.619048"
"2036596406","123786712","0.619048"
"123786712","2062677845","0.047619"
"2062677845","123786712","0.047619"
"123786712","21093212","0.202526"
"21093212","123786712","0.202526"
"123786712","2111191255","0.369048"
"2111191255","123786712","0.369048"
"123786712","2115911119","0.209957"
"2115911119","123786712","0.209957"
"123786712","2120571300","0.0672878"
"2120571300","123786712","0.0672878"
"123786712","2231773762","0.107288"
"2231773762","123786712","0.107288"
"123786712","2507476332","0.0638095"
"2507476332","123786712","0.0638095"
"123786712","2539733789","0.369048"
"2539733789","123786712","0.369048"
"123786712","2755446059","0.0638095"
"2755446059","123786712","0.0638095"
"123786712","2756339340","0.0952381"
"2756339340","123786712","0.0952381"
"123786712","2773763854","0.0876191"
"2773763854","123786712","0.0876191"
"123786712","2799297879","0.047619"
"2799297879","123786712","0.047619"
"123786712","2942869421","0.0910973"
"2942869421","123786712","0.0910973"
"123786712","2969353759","0.131097"
"2969353759","123786712","0.131097"
"1510461791","1521028737","0.0238095"
"1521028737","1510461791","0.0238095"
"1510461791","1533821024","0.0238095"
"1533821024","1510461791","0.0238095"
"1510461791","1551855530","0.14881"
"1551855530","1510461791","0.14881"
"1510461791","1655894887","0.198197"
"1655894887","1510461791","0.198197"
"1510461791","166115538","0.107288"
"166115538","1510461791","0.107288"
"1510461791","1888763461","0.0238095"
"1888763461","1510461791","0.0238095"
"1510461791","1966406552","0.0238095"
"1966406552","1510461791","0.0238095"
"1510461791","1967525428","0.0672878"
"1967525428","1510461791","0.0672878"
"1510461791","1977303122","0.114719"
"1977303122","1510461791","0.114719"
"1510461791","1987663912","0.107288"
"1987663912","1510461791","0.107288"
"1510461791","1992286709","0.198197"
"1992286709","1510461791","0.198197"
"1510461791","2036291088","0.307288"
"2036291088","1510461791","0.307288"
"1510461791","2036596406","0.0238095"
"2036596406","1510461791","0.0238095"
"1510461791","2052138360","0.107288"
"2052138360","1510461791","0.107288"
"1510461791","2062677845","0.0238095"
"2062677845","1510461791","0.0238095"
"1510461791","2086526348","0.154719"
"2086526348","1510461791","0.154719"
"1510461791","21093212","0.107288"
"21093212","1510461791","0.107288"
"1510461791","2111191255","0.5"
"2111191255","1510461791","0.5"
"1510461791","2115911119","0.114719"
"2115911119","1510461791","0.114719"
"1510461791","2120571300","0.0672878"
"2120571300","1510461791","0.0672878"
"1510461791","2147324825","0.52381"
"2147324825","1510461791","0.52381"
"1510461791","2149978078","0.114719"
"2149978078","1510461791","0.114719"
"1510461791","2231773762","0.107288"
"2231773762","1510461791","0.107288"
"1510461791","2507476332","0.0638095"
"2507476332","1510461791","0.0638095"
"1510461791","2517950986","0.0638095"
"2517950986","1510461791","0.0638095"
"1510461791","2539733789","0.5"
"2539733789","1510461791","0.5"
"1510461791","2755446059","0.56381"
"2755446059","1510461791","0.56381"
"1510461791","2756339340","0.0238095"
"2756339340","1510461791","0.0238095"
"1510461791","2773763854","0.0638095"
"2773763854","1510461791","0.0638095"
"1510461791","2799297879","0.0238095"
"2799297879","1510461791","0.0238095"
"1510461791","2942869421","0.0672878"
"2942869421","1510461791","0.0672878"
"1510461791","2969353759","0.107288"
"2969353759","1510461791","0.107288"
"1510461791","2986078906","0.0672878"
"2986078906","1510461791","0.0672878"
"1517737936","1521028737","0.0853626"
"1521028737","1517737936","0.0853626"
"1517737936","1533821024","0.156791"
"1533821024","1517737936","0.156791"
"1517737936","1551855530","0.562177"
"1551855530","1517737936","0.562177"
"1517737936","1655894887","0.385795"
"1655894887","1517737936","0.385795"
"1517737936","166115538","0.078869"
"166115538","1517737936","0.078869"
"1517737936","1888763461","0.109172"
"1888763461","1517737936","0.109172"
"1517737936","1966406552","0.390124"
"1966406552","1517737936","0.390124"
"1517737936","1967525428","0.0853626"
"1967525428","1517737936","0.0853626"
"1517737936","1977303122","0.125541"
"1977303122","1517737936","0.125541"
"1517737936","1987663912","0.102679"
"1987663912","1517737936","0.102679"
"1517737936","1992286709","0.788909"
"1992286709","1517737936","0.788909"
"1517737936","2036291088","0.0714286"
"2036291088","1517737936","0.0714286"
"1517737936","2036596406","0.149351"
"2036596406","1517737936","0.149351"
"1517737936","2052138360","0.102679"
"2052138360","1517737936","0.102679"
"1517737936","2062677845","0.358308"
"2062677845","1517737936","0.358308"
"1517737936","2086526348","0.156791"
"2086526348","1517737936","0.156791"
"1517737936","21093212","1.47822"
"21093212","1517737936","1.47822"
"1517737936","2111191255","0.952814"
"2111191255","1517737936","0.952814"
"1517737936","2115911119","0.19697"
"2115911119","1517737936","0.19697"
"1517737936","2120571300","0.0238095"
"2120571300","1517737936","0.0238095"
"1517737936","2147324825","0.180601"
"2147324825","1517737936","0.180601"
"1517737936","2149978078","0.712719"
"2149978078","1517737936","0.712719"
"1517737936","2231773762","0.371726"
"2231773762","1517737936","0.371726"
"1517737936","2507476332","0.0238095"
"2507476332","1517737936","0.0238095"
"1517737936","2517950986","0.0853626"
"2517950986","1517737936","0.0853626"
"1517737936","2539733789","0.952814"
"2539733789","1517737936","0.952814"
"1517737936","2755446059","0.0541126"
"2755446059","1517737936","0.0541126"
"1517737936","2756339340","0.125541"
"2756339340","1517737936","0.125541"
"1517737936","2773635940","0.0779221"
"2773635940","1517737936","0.0779221"
"1517737936","2773763854","0.175839"
"2773763854","1517737936","0.175839"
"1517737936","2799297879","0.114286"
"2799297879","1517737936","0.114286"
"1517737936","2942869421","0.144589"
"2942869421","1517737936","0.144589"
"1517737936","2969353759","0.047619"
"2969353759","1517737936","0.047619"
"1517737936","2986078906","0.0550595"
"2986078906","1517737936","0.0550595"
"1521028737","1548223670","0.176272"
"1548223670","1521028737","0.176272"
"1521028737","1551855530","0.0550595"
"1551855530","1521028737","0.0550595"
"1521028737","1655894887","0.213309"
"1655894887","1521028737","0.213309"
"1521028737","1966406552","0.176272"
"1966406552","1521028737","0.176272"
"1521028737","1967525428","0.404218"
"1967525428","1521028737","0.404218"
"1521028737","1977303122","0.0541126"
"1977303122","1521028737","0.0541126"
"1521028737","1992286709","0.313309"
"1992286709","1521028737","0.313309"
"1521028737","2036291088","0.0238095"
"2036291088","1521028737","0.0238095"
"1521028737","2036596406","0.0911496"
"2036596406","1521028737","0.0911496"
"1521028737","2052138360","0.0920966"
"2052138360","1521028737","0.0920966"
"1521028737","2062677845","0.0238095"
"2062677845","1521028737","0.0238095"
"1521028737","2086526348","0.185363"
"2086526348","1521028737","0.185363"
"1521028737","21093212","0.313309"
"21093212","1521028737","0.313309"
"1521028737","2111191255","0.0238095"
"2111191255","1521028737","0.0238095"
"1521028737","2115911119","0.372968"
"2115911119","1521028737","0.372968"
"1521028737","2120571300","0.0238095"
"2120571300","1521028737","0.0238095"
"1521028737","2149978078","0.2224"
"2149978078","1521028737","0.2224"
"1521028737","2231773762","0.0920966"
"2231773762","1521028737","0.0920966"
"1521028737","2507476332","0.0238095"
"2507476332","1521028737","0.0238095"
"1521028737","2539733789","0.0238095"
"2539733789","1521028737","0.0238095"
"1521028737","2755446059","0.0541126"
"2755446059","1521028737","0.0541126"
"1521028737","2756339340","0.0911496"
"2756339340","1521028737","0.0911496"
"1521028737","2773635940","0.0541126"
"2773635940","1521028737","0.0541126"
"1521028737","2773763854","0.1224"
"2773763854","1521028737","0.1224"
"1521028737","2799297879","0.0608466"
"2799297879","1521028737","0.0608466"
"1521028737","2942869421","0.0911496"
"2942869421","1521028737","0.0911496"
"1521028737","2969353759","0.0238095"
"2969353759","1521028737","0.0238095"
"1521028737","2986078906","0.0550595"
"2986078906","1521028737","0.0550595"
"1533821024","1548223670","0.2477"
"1548223670","1533821024","0.2477"
"1533821024","1551855530","0.0550595"
"1551855530","1533821024","0.0550595"
"1533821024","1655894887","0.2477"
"1655894887","1533821024","0.2477"
"1533821024","1966406552","0.2477"
"1966406552","1533821024","0.2477"
"1533821024","1967525428","0.176272"
"1967525428","1533821024","0.176272"
"1533821024","1977303122","0.375541"
"1977303122","1533821024","0.375541"
"1533821024","1992286709","0.156791"
"1992286709","1533821024","0.156791"
"1533821024","2036291088","0.0714286"
"2036291088","1533821024","0.0714286"
"1533821024","2036596406","0.0779221"
"2036596406","1533821024","0.0779221"
"1533821024","2052138360","0.21379"
"2052138360","1533821024","0.21379"
"1533821024","2062677845","0.047619"
"2062677845","1533821024","0.047619"
"1533821024","2086526348","0.156791"
"2086526348","1533821024","0.156791"
"1533821024","21093212","0.156791"
"21093212","1533821024","0.156791"
"1533821024","2111191255","0.047619"
"2111191255","1533821024","0.047619"
"1533821024","2115911119","0.46645"
"2115911119","1533821024","0.46645"
"1533821024","2120571300","0.0238095"
"2120571300","1533821024","0.0238095"
"1533821024","2149978078","0.156791"
"2149978078","1533821024","0.156791"
"1533821024","2231773762","0.0550595"
"2231773762","1533821024","0.0550595"
"1533821024","2507476332","0.0238095"
"2507476332","1533821024","0.0238095"
"1533821024","2539733789","0.047619"
"2539733789","1533821024","0.047619"
"1533821024","2755446059","0.0541126"
"2755446059","1533821024","0.0541126"
"1533821024","2756339340","0.0541126"
"2756339340","1533821024","0.0541126"
"1533821024","2773635940","0.0779221"
"2773635940","1533821024","0.0779221"
"1533821024","2773763854","0.109172"
"2773763854","1533821024","0.109172"
"1533821024","2799297879","0.047619"
"2799297879","1533821024","0.047619"
"1533821024","2942869421","0.0779221"
"2942869421","1533821024","0.0779221"
"1533821024","2969353759","0.047619"
"2969353759","1533821024","0.047619"
"1533821024","2986078906","0.0550595"
"2986078906","1533821024","0.0550595"
"1548223670","1551855530","0.217397"
"1551855530","1548223670","0.217397"
"1548223670","1655894887","0.405276"
"1655894887","1548223670","0.405276"
"1548223670","166115538","0.078869"
"166115538","1548223670","0.078869"
"1548223670","1888763461","0.200081"
"1888763461","1548223670","0.200081"
"1548223670","1966406552","0.481034"
"1966406552","1548223670","0.481034"
"1548223670","1967525428","0.176272"
"1967525428","1548223670","0.176272"
"1548223670","1977303122","0.125541"
"1977303122","1548223670","0.125541"
"1548223670","1987663912","0.102679"
"1987663912","1548223670","0.102679"
"1548223670","1992286709","0.319129"
"1992286709","1548223670","0.319129"
"1548223670","2036291088","0.0714286"
"2036291088","1548223670","0.0714286"
"1548223670","2036596406","0.149351"
"2036596406","1548223670","0.149351"
"1548223670","2052138360","0.102679"
"2052138360","1548223670","0.102679"
"1548223670","2062677845","0.138528"
"2062677845","1548223670","0.138528"
"1548223670","2086526348","0.156791"
