"1536339510","2137092658","0.45"
"2137092658","1536339510","0.45"
"1536339510","2138802492","9.7"
"2138802492","1536339510","9.7"
"1536339510","2619058717","0.45"
"2619058717","1536339510","0.45"
"1536339510","2724806710","0.7"
"2724806710","1536339510","0.7"
"2137092658","2138802492","1.45"
"2138802492","2137092658","1.45"
"2137092658","2619058717","28.95"
"2619058717","2137092658","28.95"
"2137092658","2724806710","8.45"
"2724806710","2137092658","8.45"
"2138802492","2619058717","0.45"
"2619058717","2138802492","0.45"
"2138802492","2724806710","1.7"
"2724806710","2138802492","1.7"
"2619058717","2724806710","2.7"
"2724806710","2619058717","2.7"
"1536339510","2884712239","0.25"
"2884712239","1536339510","0.25"
"1536339510","2955464083","0.25"
"2955464083","1536339510","0.25"
"2138802492","2884712239","0.25"
"2884712239","2138802492","0.25"
"2138802492","2955464083","0.25"
"2955464083","2138802492","0.25"
"2724806710","2884712239","2"
"2884712239","2724806710","2"
"2724806710","2955464083","1.75"
"2955464083","2724806710","1.75"
"2884712239","2955464083","22.636"
"2955464083","2884712239","22.636"
"1536339510","2109588857","0.2"
"2109588857","1536339510","0.2"
"2109588857","2137092658","0.2"
"2137092658","2109588857","0.2"
"2109588857","2138802492","0.2"
"2138802492","2109588857","0.2"
"2109588857","2619058717","0.2"
"2619058717","2109588857","0.2"
"2109588857","2724806710","0.2"
"2724806710","2109588857","0.2"
"1542475545","1970696407","0.166667"
"1970696407","1542475545","0.166667"
"1542475545","2081660935","0.166667"
"2081660935","1542475545","0.166667"
"1542475545","2094663992","0.166667"
"2094663992","1542475545","0.166667"
"1542475545","2106936040","0.166667"
"2106936040","1542475545","0.166667"
"1542475545","2115996635","0.166667"
"2115996635","1542475545","0.166667"
"1542475545","2138054793","0.166667"
"2138054793","1542475545","0.166667"
"1970696407","2081660935","0.166667"
"2081660935","1970696407","0.166667"
"1970696407","2094663992","0.666667"
"2094663992","1970696407","0.666667"
"1970696407","2106936040","4.12341"
"2106936040","1970696407","4.12341"
"1970696407","2115996635","1.50238"
"2115996635","1970696407","1.50238"
"1970696407","2138054793","0.166667"
"2138054793","1970696407","0.166667"
"2081660935","2094663992","0.166667"
"2094663992","2081660935","0.166667"
"2081660935","2106936040","0.166667"
"2106936040","2081660935","0.166667"
"2081660935","2115996635","0.166667"
"2115996635","2081660935","0.166667"
"2081660935","2138054793","0.166667"
"2138054793","2081660935","0.166667"
"2094663992","2106936040","0.666667"
"2106936040","2094663992","0.666667"
"2094663992","2115996635","0.166667"
"2115996635","2094663992","0.166667"
"2094663992","2138054793","6.08333"
"2138054793","2094663992","6.08333"
"2106936040","2115996635","0.859524"
"2115996635","2106936040","0.859524"
"2106936040","2138054793","0.166667"
"2138054793","2106936040","0.166667"
"2115996635","2138054793","1.66667"
"2138054793","2115996635","1.66667"
"1547163048","1966089141","0.236111"
"1966089141","1547163048","0.236111"
"1547163048","1970696407","0.545635"
"1970696407","1547163048","0.545635"
"1547163048","2005098919","0.521825"
"2005098919","1547163048","0.521825"
"1547163048","2039000313","0.378968"
"2039000313","1547163048","0.378968"
"1547163048","2056360909","0.521825"
"2056360909","1547163048","0.521825"
"1547163048","2061812507","0.378968"
"2061812507","1547163048","0.378968"
"1547163048","2076902342","0.125"
"2076902342","1547163048","0.125"
"1547163048","2106936040","0.402778"
"2106936040","1547163048","0.402778"
"1966089141","1970696407","0.347222"
"1970696407","1966089141","0.347222"
"1966089141","2005098919","0.347222"
"2005098919","1966089141","0.347222"
"1966089141","2039000313","0.347222"
"2039000313","1966089141","0.347222"
"1966089141","2056360909","0.347222"
"2056360909","1966089141","0.347222"
"1966089141","2061812507","0.236111"
"2061812507","1966089141","0.236111"
"1966089141","2076902342","0.236111"
"2076902342","1966089141","0.236111"
"1966089141","2106936040","0.347222"
"2106936040","1966089141","0.347222"
"1970696407","2005098919","1.93294"
"2005098919","1970696407","1.93294"
"1970696407","2039000313","0.732937"
"2039000313","1970696407","0.732937"
"1970696407","2056360909","1.88294"
"2056360909","1970696407","1.88294"
"1970696407","2061812507","0.771825"
"2061812507","1970696407","0.771825"
"1970696407","2076902342","0.236111"
"2076902342","1970696407","0.236111"
"2005098919","2039000313","1.73294"
"2039000313","2005098919","1.73294"
"2005098919","2056360909","1.77579"
"2056360909","2005098919","1.77579"
"2005098919","2061812507","0.521825"
"2061812507","2005098919","0.521825"
"2005098919","2076902342","0.30754"
"2076902342","2005098919","0.30754"
"2005098919","2106936040","2.29008"
"2106936040","2005098919","2.29008"
"2039000313","2056360909","1.13294"
"2056360909","2039000313","1.13294"
"2039000313","2061812507","1.27183"
"2061812507","2039000313","1.27183"
"2039000313","2076902342","0.236111"
"2076902342","2039000313","0.236111"
"2039000313","2106936040","0.590079"
"2106936040","2039000313","0.590079"
"2056360909","2061812507","3.10516"
"2061812507","2056360909","3.10516"
"2056360909","2076902342","0.236111"
"2076902342","2056360909","0.236111"
"2056360909","2106936040","0.740079"
"2106936040","2056360909","0.740079"
"2061812507","2076902342","0.125"
"2076902342","2061812507","0.125"
"2061812507","2106936040","0.628968"
"2106936040","2061812507","0.628968"
"2076902342","2106936040","0.236111"
"2106936040","2076902342","0.236111"
"1547163048","2099277734","0.295455"
"2099277734","1547163048","0.295455"
"1547163048","2104265756","0.438312"
"2104265756","1547163048","0.438312"
"1547163048","2131323901","0.295455"
"2131323901","1547163048","0.295455"
"1547163048","2149741878","0.438312"
"2149741878","1547163048","0.438312"
"2099277734","2104265756","2.09044"
"2104265756","2099277734","2.09044"
"2099277734","2131323901","3.15191"
"2131323901","2099277734","3.15191"
"2099277734","2149741878","4.26425"
"2149741878","2099277734","4.26425"
"2104265756","2131323901","0.760242"
"2131323901","2104265756","0.760242"
"2104265756","2149741878","4.1321"
"2149741878","2104265756","4.1321"
"2131323901","2149741878","0.717384"
"2149741878","2131323901","0.717384"
"1547163048","1985933986","0.277778"
"1985933986","1547163048","0.277778"
"1547163048","2061198996","0.166667"
"2061198996","1547163048","0.166667"
"1547163048","2098273432","0.166667"
"2098273432","1547163048","0.166667"
"1547163048","2276629428","0.212121"
"2276629428","1547163048","0.212121"
"1970696407","1985933986","0.277778"
"1985933986","1970696407","0.277778"
"1970696407","2061198996","1.61667"
"2061198996","1970696407","1.61667"
"1970696407","2098273432","0.766667"
"2098273432","1970696407","0.766667"
"1970696407","2276629428","0.166667"
"2276629428","1970696407","0.166667"
"1985933986","2061198996","0.166667"
"2061198996","1985933986","0.166667"
"1985933986","2098273432","0.166667"
"2098273432","1985933986","0.166667"
"1985933986","2106936040","0.277778"
"2106936040","1985933986","0.277778"
"1985933986","2276629428","12.3333"
"2276629428","1985933986","12.3333"
"2061198996","2098273432","6.16667"
"2098273432","2061198996","6.16667"
"2061198996","2106936040","1.61667"
"2106936040","2061198996","1.61667"
"2061198996","2276629428","0.166667"
"2276629428","2061198996","0.166667"
"2098273432","2106936040","0.766667"
"2106936040","2098273432","0.766667"
"2098273432","2276629428","0.166667"
"2276629428","2098273432","0.166667"
"2106936040","2276629428","0.166667"
"2276629428","2106936040","0.166667"
"1547163048","1564269385","0.0454545"
"1564269385","1547163048","0.0454545"
"1547163048","1983895674","0.188312"
"1983895674","1547163048","0.188312"
"1547163048","2011318858","0.0454545"
"2011318858","1547163048","0.0454545"
"1547163048","2034674747","0.0454545"
"2034674747","1547163048","0.0454545"
"1547163048","2101982101","0.0454545"
"2101982101","1547163048","0.0454545"
"1547163048","2109588857","0.0454545"
"2109588857","1547163048","0.0454545"
"1547163048","2112129327","0.0454545"
"2112129327","1547163048","0.0454545"
"1547163048","2113587921","0.188312"
"2113587921","1547163048","0.188312"
"1547163048","2117037079","0.0454545"
"2117037079","1547163048","0.0454545"
"1547163048","2119646279","0.0454545"
"2119646279","1547163048","0.0454545"
"1547163048","2129328995","0.0454545"
"2129328995","1547163048","0.0454545"
"1547163048","2152755365","0.188312"
"2152755365","1547163048","0.188312"
"1547163048","2155533773","0.0454545"
"2155533773","1547163048","0.0454545"
"1547163048","2158460842","0.0454545"
"2158460842","1547163048","0.0454545"
"1547163048","2165573307","0.0454545"
"2165573307","1547163048","0.0454545"
"1547163048","2792614325","0.156566"
"2792614325","1547163048","0.156566"
"1547163048","2985050720","0.0454545"
"2985050720","1547163048","0.0454545"
"1564269385","1983895674","0.181419"
"1983895674","1564269385","0.181419"
"1564269385","2011318858","2.0838"
"2011318858","1564269385","2.0838"
"1564269385","2034674747","0.128788"
"2034674747","1564269385","0.128788"
"1564269385","2099277734","0.181419"
"2099277734","1564269385","0.181419"
"1564269385","2101982101","0.471645"
"2101982101","1564269385","0.471645"
"1564269385","2104265756","0.181419"
"2104265756","1564269385","0.181419"
"1564269385","2109588857","1.66212"
"2109588857","1564269385","1.66212"
"1564269385","2112129327","0.0454545"
"2112129327","1564269385","0.0454545"
"1564269385","2113587921","0.324277"
"2113587921","1564269385","0.324277"
"1564269385","2117037079","0.40761"
"2117037079","1564269385","0.40761"
"1564269385","2119646279","0.271645"
"2119646279","1564269385","0.271645"
"1564269385","2129328995","0.60761"
"2129328995","1564269385","0.60761"
"1564269385","2131323901","0.0980861"
"2131323901","1564269385","0.0980861"
"1564269385","2149741878","0.181419"
"2149741878","1564269385","0.181419"
"1564269385","2152755365","0.181419"
"2152755365","1564269385","0.181419"
"1564269385","2155533773","0.324277"
"2155533773","1564269385","0.324277"
"1564269385","2158460842","0.40761"
"2158460842","1564269385","0.40761"
"1564269385","2165573307","0.0454545"
"2165573307","1564269385","0.0454545"
"1564269385","2276629428","0.0454545"
"2276629428","1564269385","0.0454545"
"1564269385","2792614325","0.0980861"
"2792614325","1564269385","0.0980861"
"1564269385","2985050720","0.0454545"
"2985050720","1564269385","0.0454545"
"1983895674","2011318858","0.647725"
"2011318858","1983895674","0.647725"
"1983895674","2034674747","0.247475"
"2034674747","1983895674","0.247475"
"1983895674","2099277734","2.41425"
"2099277734","1983895674","2.41425"
"1983895674","2101982101","0.0454545"
"2101982101","1983895674","0.0454545"
"1983895674","2104265756","2.65988"
"2104265756","1983895674","2.65988"
"1983895674","2109588857","0.0980861"
"2109588857","1983895674","0.0980861"
"1983895674","2112129327","0.0954545"
"2112129327","1983895674","0.0954545"
"1983895674","2113587921","9.85433"
"2113587921","1983895674","9.85433"
"1983895674","2117037079","0.717134"
"2117037079","1983895674","0.717134"
"1983895674","2119646279","0.46176"
"2119646279","1983895674","0.46176"
"1983895674","2129328995","0.231419"
"2129328995","1983895674","0.231419"
"1983895674","2131323901","0.367384"
"2131323901","1983895674","0.367384"
"1983895674","2149741878","3.29877"
"2149741878","1983895674","3.29877"
"1983895674","2152755365","5.75274"
"2152755365","1983895674","5.75274"
"1983895674","2155533773","6.88647"
"2155533773","1983895674","6.88647"
"1983895674","2158460842","1.48142"
"2158460842","1983895674","1.48142"
"1983895674","2165573307","2.18142"
"2165573307","1983895674","2.18142"
"1983895674","2276629428","0.0454545"
"2276629428","1983895674","0.0454545"
"1983895674","2792614325","0.439753"
"2792614325","1983895674","0.439753"
"1983895674","2985050720","0.0454545"
"2985050720","1983895674","0.0454545"
"2011318858","2034674747","0.830808"
"2034674747","2011318858","0.830808"
"2011318858","2099277734","0.393757"
"2099277734","2011318858","0.393757"
"2011318858","2101982101","1.22164"
"2101982101","2011318858","1.22164"
"2011318858","2104265756","0.504868"
"2104265756","2011318858","0.504868"
"2011318858","2109588857","1.24545"
"2109588857","2011318858","1.24545"
"2011318858","2112129327","0.0954545"
"2112129327","2011318858","0.0954545"
"2011318858","2113587921","0.790583"
"2113587921","2011318858","0.790583"
"2011318858","2117037079","1.60047"
"2117037079","2011318858","1.60047"
"2011318858","2119646279","0.687951"
"2119646279","2011318858","0.687951"
"2011318858","2129328995","1.65761"
"2129328995","2011318858","1.65761"
"2011318858","2131323901","0.148086"
"2131323901","2011318858","0.148086"
"2011318858","2149741878","0.393757"
"2149741878","2011318858","0.393757"
"2011318858","2152755365","0.647725"
"2152755365","2011318858","0.647725"
"2011318858","2155533773","0.790583"
"2155533773","2011318858","0.790583"
"2011318858","2158460842","0.70761"
"2158460842","2011318858","0.70761"
"2011318858","2165573307","0.0454545"
"2165573307","2011318858","0.0454545"
"2011318858","2276629428","0.0454545"
"2276629428","2011318858","0.0454545"
"2011318858","2792614325","0.148086"
"2792614325","2011318858","0.148086"
"2011318858","2985050720","0.0454545"
"2985050720","2011318858","0.0454545"
"2034674747","2099277734","0.136364"
"2099277734","2034674747","0.136364"
"2034674747","2101982101","2.12879"
"2101982101","2034674747","2.12879"
"2034674747","2104265756","0.580808"
"2104265756","2034674747","0.580808"
"2034674747","2109588857","0.878788"
"2109588857","2034674747","0.878788"
"2034674747","2112129327","0.0454545"
"2112129327","2034674747","0.0454545"
"2034674747","2113587921","0.497475"
"2113587921","2034674747","0.497475"
"2034674747","2117037079","0.712121"
"2117037079","2034674747","0.712121"
"2034674747","2119646279","0.830808"
"2119646279","2034674747","0.830808"
"2034674747","2129328995","0.628788"
"2129328995","2034674747","0.628788"
"2034674747","2131323901","0.0454545"
"2131323901","2034674747","0.0454545"
"2034674747","2149741878","0.136364"
"2149741878","2034674747","0.136364"
"2034674747","2152755365","0.247475"
"2152755365","2034674747","0.247475"
"2034674747","2155533773","0.247475"
"2155533773","2034674747","0.247475"
"2034674747","2158460842","0.128788"
"2158460842","2034674747","0.128788"
"2034674747","2165573307","0.0454545"
"2165573307","2034674747","0.0454545"
"2034674747","2276629428","0.0454545"
"2276629428","2034674747","0.0454545"
"2034674747","2792614325","0.0454545"
"2792614325","2034674747","0.0454545"
"2034674747","2985050720","0.0454545"
"2985050720","2034674747","0.0454545"
"2099277734","2101982101","0.0454545"
"2101982101","2099277734","0.0454545"
"2099277734","2109588857","0.598086"
"2109588857","2099277734","0.598086"
"2099277734","2112129327","0.0954545"
"2112129327","2099277734","0.0954545"
"2099277734","2113587921","1.00472"
"2113587921","2099277734","1.00472"
"2099277734","2117037079","0.674277"
"2117037079","2099277734","0.674277"
"2099277734","2119646279","0.207792"
"2119646279","2099277734","0.207792"
"2099277734","2129328995","0.231419"
"2129328995","2099277734","0.231419"
"2099277734","2152755365","2.20591"
"2152755365","2099277734","2.20591"
"2099277734","2155533773","0.738055"
"2155533773","2099277734","0.738055"
"2099277734","2158460842","0.231419"
"2158460842","2099277734","0.231419"
"2099277734","2165573307","2.23975"
"2165573307","2099277734","2.23975"
"2099277734","2276629428","0.0454545"
"2276629428","2099277734","0.0454545"
"2099277734","2792614325","0.148086"
"2792614325","2099277734","0.148086"
"2099277734","2985050720","0.0454545"
"2985050720","2099277734","0.0454545"
"2101982101","2104265756","0.0454545"
"2104265756","2101982101","0.0454545"
"2101982101","2109588857","2.57879"
"2109588857","2101982101","2.57879"
"2101982101","2112129327","0.0454545"
"2112129327","2101982101","0.0454545"
"2101982101","2113587921","0.0454545"
"2113587921","2101982101","0.0454545"
"2101982101","2117037079","1.27165"
"2117037079","2101982101","1.27165"
"2101982101","2119646279","0.771645"
"2119646279","2101982101","0.771645"
"2101982101","2129328995","0.971645"
"2129328995","2101982101","0.971645"
"2101982101","2131323901","0.0454545"
"2131323901","2101982101","0.0454545"
"2101982101","2149741878","0.0454545"
"2149741878","2101982101","0.0454545"
"2101982101","2152755365","0.0454545"
"2152755365","2101982101","0.0454545"
"2101982101","2155533773","0.0454545"
"2155533773","2101982101","0.0454545"
"2101982101","2158460842","0.521645"
"2158460842","2101982101","0.521645"
"2101982101","2165573307","0.0454545"
"2165573307","2101982101","0.0454545"
"2101982101","2276629428","0.0454545"
"2276629428","2101982101","0.0454545"
"2101982101","2792614325","0.545455"
"2792614325","2101982101","0.545455"
"2101982101","2985050720","0.0454545"
"2985050720","2101982101","0.0454545"
"2104265756","2109588857","0.348086"
"2109588857","2104265756","0.348086"
"2104265756","2112129327","0.0954545"
"2112129327","2104265756","0.0954545"
"2104265756","2113587921","1.98369"
"2113587921","2104265756","1.98369"
"2104265756","2117037079","0.90761"
"2117037079","2104265756","0.90761"
"2104265756","2119646279","0.318903"
"2119646279","2104265756","0.318903"
"2104265756","2129328995","2.23142"
"2129328995","2104265756","2.23142"
"2104265756","2152755365","2.74321"
"2152755365","2104265756","2.74321"
"2104265756","2155533773","1.09917"
"2155533773","2104265756","1.09917"
"2104265756","2158460842","0.231419"
"2158460842","2104265756","0.231419"
"2104265756","2165573307","0.0980861"
"2165573307","2104265756","0.0980861"
"2104265756","2276629428","0.0454545"
"2276629428","2104265756","0.0454545"
"2104265756","2792614325","0.439753"
"2792614325","2104265756","0.439753"
"2104265756","2985050720","0.0454545"
"2985050720","2104265756","0.0454545"
"2109588857","2112129327","0.545455"
"2112129327","2109588857","0.545455"
"2109588857","2113587921","0.598086"
"2113587921","2109588857","0.598086"
"2109588857","2117037079","0.378788"
"2117037079","2109588857","0.378788"
"2109588857","2119646279","0.128788"
"2119646279","2109588857","0.128788"
"2109588857","2129328995","0.328788"
"2129328995","2109588857","0.328788"
"2109588857","2131323901","0.0980861"
"2131323901","2109588857","0.0980861"
"2109588857","2149741878","0.598086"
"2149741878","2109588857","0.598086"
"2109588857","2152755365","0.348086"
"2152755365","2109588857","0.348086"
"2109588857","2155533773","0.681419"
"2155533773","2109588857","0.681419"
"2109588857","2158460842","0.712121"
"2158460842","2109588857","0.712121"
"2109588857","2165573307","0.0980861"
"2165573307","2109588857","0.0980861"
"2109588857","2276629428","0.0454545"
"2276629428","2109588857","0.0454545"
"2109588857","2792614325","0.545455"
"2792614325","2109588857","0.545455"
"2109588857","2985050720","0.0454545"
"2985050720","2109588857","0.0454545"
"2112129327","2113587921","0.0954545"
"2113587921","2112129327","0.0954545"
"2112129327","2117037079","0.0954545"
"2117037079","2112129327","0.0954545"
"2112129327","2119646279","0.0454545"
"2119646279","2112129327","0.0454545"
"2112129327","2129328995","0.0954545"
"2129328995","2112129327","0.0954545"
"2112129327","2131323901","1.09545"
"2131323901","2112129327","1.09545"
"2112129327","2149741878","0.0954545"
"2149741878","2112129327","0.0954545"
"2112129327","2152755365","0.0954545"
"2152755365","2112129327","0.0954545"
"2112129327","2155533773","0.0954545"
"2155533773","2112129327","0.0954545"
"2112129327","2158460842","0.0954545"
"2158460842","2112129327","0.0954545"
"2112129327","2165573307","0.0454545"
"2165573307","2112129327","0.0454545"
"2112129327","2276629428","1.37879"
"2276629428","2112129327","1.37879"
"2112129327","2792614325","0.0954545"
"2792614325","2112129327","0.0954545"
"2112129327","2985050720","0.0454545"
"2985050720","2112129327","0.0454545"
"2113587921","2117037079","0.724277"
"2117037079","2113587921","0.724277"
"2113587921","2119646279","0.46176"
"2119646279","2113587921","0.46176"
"2113587921","2129328995","0.231419"
"2129328995","2113587921","0.231419"
"2113587921","2131323901","0.300718"
"2131323901","2113587921","0.300718"
"2113587921","2149741878","1.88925"
"2149741878","2113587921","1.88925"
"2113587921","2152755365","2.90988"
"2152755365","2113587921","2.90988"
"2113587921","2155533773","9.21266"
"2155533773","2113587921","9.21266"
"2113587921","2158460842","0.231419"
"2158460842","2113587921","0.231419"
"2113587921","2165573307","0.948086"
"2165573307","2113587921","0.948086"
"2113587921","2276629428","0.0454545"
"2276629428","2113587921","0.0454545"
"2113587921","2792614325","0.439753"
"2792614325","2113587921","0.439753"
"2113587921","2985050720","0.0454545"
"2985050720","2113587921","0.0454545"
"2117037079","2119646279","0.414502"
"2119646279","2117037079","0.414502"
"2117037079","2129328995","0.45761"
"2129328995","2117037079","0.45761"
"2117037079","2131323901","0.248086"
"2131323901","2117037079","0.248086"
"2117037079","2149741878","0.674277"
"2149741878","2117037079","0.674277"
"2117037079","2152755365","0.717134"
"2152755365","2117037079","0.717134"
"2117037079","2155533773","0.374277"
"2155533773","2117037079","0.374277"
"2117037079","2158460842","0.45761"
"2158460842","2117037079","0.45761"
"2117037079","2165573307","0.145455"
"2165573307","2117037079","0.145455"
"2117037079","2276629428","0.0454545"
"2276629428","2117037079","0.0454545"
"2117037079","2792614325","0.148086"
"2792614325","2117037079","0.148086"
"2117037079","2985050720","0.0454545"
"2985050720","2117037079","0.0454545"
"2119646279","2129328995","0.271645"
"2129328995","2119646279","0.271645"
"2119646279","2131323901","0.0454545"
"2131323901","2119646279","0.0454545"
"2119646279","2149741878","0.207792"
"2149741878","2119646279","0.207792"
"2119646279","2152755365","0.46176"
"2152755365","2119646279","0.46176"
"2119646279","2155533773","0.46176"
"2155533773","2119646279","0.46176"
"2119646279","2158460842","0.271645"
"2158460842","2119646279","0.271645"
"2119646279","2165573307","0.0454545"
"2165573307","2119646279","0.0454545"
"2119646279","2276629428","0.0454545"
"2276629428","2119646279","0.0454545"
"2119646279","2792614325","0.0454545"
"2792614325","2119646279","0.0454545"
"2119646279","2985050720","0.0454545"
"2985050720","2119646279","0.0454545"
"2129328995","2131323901","0.148086"
"2131323901","2129328995","0.148086"
"2129328995","2149741878","0.231419"
"2149741878","2129328995","0.231419"
"2129328995","2152755365","0.231419"
"2152755365","2129328995","0.231419"
"2129328995","2155533773","0.231419"
"2155533773","2129328995","0.231419"
"2129328995","2158460842","0.45761"
"2158460842","2129328995","0.45761"
"2129328995","2165573307","0.0454545"
"2165573307","2129328995","0.0454545"
"2129328995","2276629428","0.0454545"
"2276629428","2129328995","0.0454545"
"2129328995","2792614325","0.148086"
"2792614325","2129328995","0.148086"
"2129328995","2985050720","0.0454545"
"2985050720","2129328995","0.0454545"
"2131323901","2152755365","0.492384"
"2152755365","2131323901","0.492384"
"2131323901","2155533773","0.200718"
"2155533773","2131323901","0.200718"
"2131323901","2158460842","0.148086"
"2158460842","2131323901","0.148086"
"2131323901","2165573307","2.48975"
"2165573307","2131323901","2.48975"
"2131323901","2276629428","0.0454545"
"2276629428","2131323901","0.0454545"
"2131323901","2792614325","0.148086"
"2792614325","2131323901","0.148086"
"2131323901","2985050720","0.0454545"
"2985050720","2131323901","0.0454545"
"2149741878","2152755365","2.96544"
"2152755365","2149741878","2.96544"
"2149741878","2155533773","0.738055"
"2155533773","2149741878","0.738055"
"2149741878","2158460842","0.231419"
"2158460842","2149741878","0.231419"
"2149741878","2165573307","0.198086"
"2165573307","2149741878","0.198086"
"2149741878","2276629428","0.0454545"
"2276629428","2149741878","0.0454545"
"2149741878","2792614325","0.439753"
"2792614325","2149741878","0.439753"
"2149741878","2985050720","0.0454545"
"2985050720","2149741878","0.0454545"
"2152755365","2155533773","2.19202"
"2155533773","2152755365","2.19202"
"2152755365","2158460842","0.481419"
"2158460842","2152755365","0.481419"
"2152755365","2165573307","2.05642"
"2165573307","2152755365","2.05642"
"2152755365","2276629428","0.0454545"
"2276629428","2152755365","0.0454545"
"2152755365","2792614325","0.439753"
"2792614325","2152755365","0.439753"
"2152755365","2985050720","0.0454545"
"2985050720","2152755365","0.0454545"
"2155533773","2158460842","0.231419"
"2158460842","2155533773","0.231419"
"2155533773","2165573307","0.848086"
"2165573307","2155533773","0.848086"
"2155533773","2276629428","0.0454545"
"2276629428","2155533773","0.0454545"
"2155533773","2792614325","0.148086"
"2792614325","2155533773","0.148086"
"2155533773","2985050720","0.0454545"
"2985050720","2155533773","0.0454545"
"2158460842","2165573307","0.0454545"
"2165573307","2158460842","0.0454545"
"2158460842","2276629428","0.0454545"
"2276629428","2158460842","0.0454545"
"2158460842","2792614325","0.148086"
"2792614325","2158460842","0.148086"
"2158460842","2985050720","0.0454545"
"2985050720","2158460842","0.0454545"
"2165573307","2276629428","0.0454545"
"2276629428","2165573307","0.0454545"
"2165573307","2792614325","0.0454545"
"2792614325","2165573307","0.0454545"
"2165573307","2985050720","0.0454545"
"2985050720","2165573307","0.0454545"
"2276629428","2792614325","0.0454545"
"2792614325","2276629428","0.0454545"
"2276629428","2985050720","0.0454545"
"2985050720","2276629428","0.0454545"
"2792614325","2985050720","0.0454545"
"2985050720","2792614325","0.0454545"
"1983895674","2005098919","0.742063"
"2005098919","1983895674","0.742063"
"1983895674","2056360909","0.253968"
"2056360909","1983895674","0.253968"
"2005098919","2104265756","1.04762"
"2104265756","2005098919","1.04762"
"2005098919","2113587921","0.842063"
"2113587921","2005098919","0.842063"
"2005098919","2149741878","0.214286"
"2149741878","2005098919","0.214286"
"2005098919","2152755365","0.505952"
"2152755365","2005098919","0.505952"
"2056360909","2104265756","0.142857"
"2104265756","2056360909","0.142857"
"2056360909","2113587921","0.253968"
"2113587921","2056360909","0.253968"
"2056360909","2149741878","0.142857"
"2149741878","2056360909","0.142857"
"2056360909","2152755365","0.142857"
"2152755365","2056360909","0.142857"
"1966089141","1985933986","0.111111"
"1985933986","1966089141","0.111111"
"1966089141","2792614325","0.111111"
"2792614325","1966089141","0.111111"
"1970696407","2792614325","0.111111"
"2792614325","1970696407","0.111111"
"1985933986","2005098919","0.236111"
"2005098919","1985933986","0.236111"
"1985933986","2039000313","0.111111"
"2039000313","1985933986","0.111111"
"1985933986","2056360909","1.27778"
"2056360909","1985933986","1.27778"
"1985933986","2061812507","0.111111"
"2061812507","1985933986","0.111111"
"1985933986","2792614325","0.111111"
"2792614325","1985933986","0.111111"
"2005098919","2792614325","0.111111"
"2792614325","2005098919","0.111111"
"2039000313","2792614325","0.111111"
"2792614325","2039000313","0.111111"
"2056360909","2792614325","0.444444"
"2792614325","2056360909","0.444444"
"2061812507","2792614325","0.494444"
"2792614325","2061812507","0.494444"
"2106936040","2792614325","0.111111"
"2792614325","2106936040","0.111111"
"1547163048","1552315475","0.142857"
"1552315475","1547163048","0.142857"
"1547163048","2115996635","0.142857"
"2115996635","1547163048","0.142857"
"1552315475","1970696407","0.835714"
"1970696407","1552315475","0.835714"
"1552315475","2005098919","1.58571"
"2005098919","1552315475","1.58571"
"1552315475","2039000313","0.385714"
"2039000313","1552315475","0.385714"
"1552315475","2056360909","0.285714"
"2056360909","1552315475","0.285714"
"1552315475","2061812507","0.285714"
"2061812507","1552315475","0.285714"
"1552315475","2115996635","15.3357"
"2115996635","1552315475","15.3357"
"2005098919","2115996635","2.08571"
"2115996635","2005098919","2.08571"
"2039000313","2115996635","0.385714"
"2115996635","2039000313","0.385714"
"2056360909","2115996635","0.619048"
"2115996635","2056360909","0.619048"
"2061812507","2115996635","0.619048"
"2115996635","2061812507","0.619048"
"1552315475","2106936040","0.692857"
"2106936040","1552315475","0.692857"
"1552315475","2138054793","1.5"
"2138054793","1552315475","1.5"
"1552315475","2061198996","0.45"
"2061198996","1552315475","0.45"
"2061198996","2115996635","0.45"
"2115996635","2061198996","0.45"
"2005098919","2061198996","0.2"
"2061198996","2005098919","0.2"
"1552315475","2098273432","0.1"
"2098273432","1552315475","0.1"
"1552315475","2113587921","0.1"
"2113587921","1552315475","0.1"
"1552315475","2154001101","0.1"
"2154001101","1552315475","0.1"
"1552315475","2155533773","0.1"
"2155533773","1552315475","0.1"
"1552315475","2612068780","0.1"
"2612068780","1552315475","0.1"
"1970696407","2113587921","0.211111"
"2113587921","1970696407","0.211111"
"1970696407","2154001101","0.1"
"2154001101","1970696407","0.1"
"1970696407","2155533773","0.211111"
"2155533773","1970696407","0.211111"
"1970696407","2612068780","0.1"
"2612068780","1970696407","0.1"
"2005098919","2098273432","0.1"
"2098273432","2005098919","0.1"
"2005098919","2154001101","0.225"
"2154001101","2005098919","0.225"
"2005098919","2155533773","0.699206"
"2155533773","2005098919","0.699206"
"2005098919","2612068780","0.1"
"2612068780","2005098919","0.1"
"2039000313","2098273432","0.1"
"2098273432","2039000313","0.1"
"2039000313","2113587921","0.211111"
"2113587921","2039000313","0.211111"
"2039000313","2154001101","0.1"
"2154001101","2039000313","0.1"
"2039000313","2155533773","0.211111"
"2155533773","2039000313","0.211111"
"2039000313","2612068780","0.1"
"2612068780","2039000313","0.1"
"2098273432","2113587921","0.1"
"2113587921","2098273432","0.1"
"2098273432","2115996635","0.1"
"2115996635","2098273432","0.1"
"2098273432","2154001101","0.1"
"2154001101","2098273432","0.1"
"2098273432","2155533773","0.1"
"2155533773","2098273432","0.1"
"2098273432","2612068780","0.1"
"2612068780","2098273432","0.1"
"2106936040","2113587921","0.211111"
"2113587921","2106936040","0.211111"
"2106936040","2154001101","0.1"
"2154001101","2106936040","0.1"
"2106936040","2155533773","0.211111"
"2155533773","2106936040","0.211111"
"2106936040","2612068780","0.1"
"2612068780","2106936040","0.1"
"2113587921","2115996635","0.1"
"2115996635","2113587921","0.1"
"2113587921","2154001101","4.1193"
"2154001101","2113587921","4.1193"
"2113587921","2612068780","0.1"
"2612068780","2113587921","0.1"
"2115996635","2154001101","0.1"
"2154001101","2115996635","0.1"
"2115996635","2155533773","0.1"
"2155533773","2115996635","0.1"
"2115996635","2612068780","0.1"
"2612068780","2115996635","0.1"
"2154001101","2155533773","1.2693"
"2155533773","2154001101","1.2693"
"2154001101","2612068780","0.1"
"2612068780","2154001101","0.1"
"2155533773","2612068780","0.1"
"2612068780","2155533773","0.1"
"1553387542","2104265756","1"
"2104265756","1553387542","1"
"1553387542","1983895674","0.142857"
"1983895674","1553387542","0.142857"
"1553387542","2011318858","0.285714"
"2011318858","1553387542","0.285714"
"1553387542","2113587921","0.285714"
"2113587921","1553387542","0.285714"
"1553387542","2117037079","0.142857"
"2117037079","1553387542","0.142857"
"1553387542","2119646279","0.142857"
"2119646279","1553387542","0.142857"
"1553387542","2152755365","0.142857"
"2152755365","1553387542","0.142857"
"1553387542","2155533773","0.285714"
"2155533773","1553387542","0.285714"
"1553387542","2109588857","1"
"2109588857","1553387542","1"
"1553387542","1564269385","0.142857"
"1564269385","1553387542","0.142857"
"1553387542","2086775476","0.142857"
"2086775476","1553387542","0.142857"
"1553387542","2255198270","0.142857"
"2255198270","1553387542","0.142857"
"1553387542","2514063571","0.142857"
"2514063571","1553387542","0.142857"
"1564269385","2086775476","0.195489"
"2086775476","1564269385","0.195489"
"1564269385","2255198270","0.142857"
"2255198270","1564269385","0.142857"
"1564269385","2514063571","0.142857"
"2514063571","1564269385","0.142857"
"2011318858","2086775476","0.245489"
"2086775476","2011318858","0.245489"
"2011318858","2255198270","0.142857"
"2255198270","2011318858","0.142857"
"2011318858","2514063571","0.142857"
"2514063571","2011318858","0.142857"
"2086775476","2113587921","0.345489"
"2113587921","2086775476","0.345489"
"2086775476","2155533773","0.578822"
"2155533773","2086775476","0.578822"
"2086775476","2255198270","0.142857"
"2255198270","2086775476","0.142857"
"2086775476","2514063571","0.142857"
"2514063571","2086775476","0.142857"
"2113587921","2255198270","0.142857"
"2255198270","2113587921","0.142857"
"2113587921","2514063571","0.195489"
"2514063571","2113587921","0.195489"
"2155533773","2255198270","0.142857"
"2255198270","2155533773","0.142857"
"2155533773","2514063571","0.195489"
"2514063571","2155533773","0.195489"
"2255198270","2514063571","32.3929"
"2514063571","2255198270","32.3929"
"1564269385","1670668584","0.135965"
"1670668584","1564269385","0.135965"
"1564269385","2025056336","0.0526316"
"2025056336","1564269385","0.0526316"
"1564269385","2135686490","0.135965"
"2135686490","1564269385","0.135965"
"1564269385","2145440794","0.0526316"
"2145440794","1564269385","0.0526316"
"1564269385","2171204907","0.0526316"
"2171204907","1564269385","0.0526316"
"1670668584","1983895674","0.102632"
"1983895674","1670668584","0.102632"
"1670668584","2011318858","1.43596"
"2011318858","1670668584","1.43596"
"1670668584","2025056336","0.102632"
"2025056336","1670668584","0.102632"
"1670668584","2086775476","0.102632"
"2086775476","1670668584","0.102632"
"1670668584","2099277734","0.102632"
"2099277734","1670668584","0.102632"
"1670668584","2104265756","1.10263"
"2104265756","1670668584","1.10263"
"1670668584","2113587921","0.102632"
"2113587921","1670668584","0.102632"
"1670668584","2117037079","0.185965"
"2117037079","1670668584","0.185965"
"1670668584","2129328995","2.18596"
"2129328995","1670668584","2.18596"
"1670668584","2131323901","0.102632"
"2131323901","1670668584","0.102632"
"1670668584","2135686490","0.102632"
"2135686490","1670668584","0.102632"
"1670668584","2145440794","0.0526316"
"2145440794","1670668584","0.0526316"
"1670668584","2149741878","0.102632"
"2149741878","1670668584","0.102632"
"1670668584","2152755365","0.102632"
"2152755365","1670668584","0.102632"
"1670668584","2155533773","0.102632"
"2155533773","1670668584","0.102632"
"1670668584","2158460842","0.435965"
"2158460842","1670668584","0.435965"
"1670668584","2171204907","0.0526316"
"2171204907","1670668584","0.0526316"
"1670668584","2792614325","0.102632"
"2792614325","1670668584","0.102632"
"1983895674","2025056336","0.542747"
"2025056336","1983895674","0.542747"
"1983895674","2086775476","0.102632"
"2086775476","1983895674","0.102632"
"1983895674","2135686490","0.473303"
"2135686490","1983895674","0.473303"
"1983895674","2145440794","0.468358"
"2145440794","1983895674","0.468358"
"1983895674","2171204907","0.593358"
"2171204907","1983895674","0.593358"
"2011318858","2025056336","0.37608"
"2025056336","2011318858","0.37608"
"2011318858","2135686490","0.348303"
"2135686490","2011318858","0.348303"
"2011318858","2145440794","0.12406"
"2145440794","2011318858","0.12406"
"2011318858","2171204907","0.12406"
"2171204907","2011318858","0.12406"
"2025056336","2086775476","0.435965"
"2086775476","2025056336","0.435965"
"2025056336","2099277734","0.607826"
"2099277734","2025056336","0.607826"
"2025056336","2104265756","1.8856"
"2104265756","2025056336","1.8856"
"2025056336","2113587921","0.792747"
"2113587921","2025056336","0.792747"
"2025056336","2117037079","0.352632"
"2117037079","2025056336","0.352632"
"2025056336","2129328995","0.102632"
"2129328995","2025056336","0.102632"
"2025056336","2131323901","0.245489"
"2131323901","2025056336","0.245489"
"2025056336","2135686490","0.607826"
"2135686490","2025056336","0.607826"
"2025056336","2145440794","1.26692"
"2145440794","2025056336","1.26692"
"2025056336","2149741878","0.264969"
"2149741878","2025056336","0.264969"
"2025056336","2152755365","0.37608"
"2152755365","2025056336","0.37608"
"2025056336","2155533773","0.709414"
"2155533773","2025056336","0.709414"
"2025056336","2158460842","0.102632"
"2158460842","2025056336","0.102632"
"2025056336","2171204907","1.26692"
"2171204907","2025056336","1.26692"
"2025056336","2792614325","1.10263"
"2792614325","2025056336","1.10263"
"2086775476","2099277734","0.202632"
"2099277734","2086775476","0.202632"
"2086775476","2104265756","0.102632"
"2104265756","2086775476","0.102632"
"2086775476","2117037079","0.202632"
"2117037079","2086775476","0.202632"
"2086775476","2129328995","0.102632"
"2129328995","2086775476","0.102632"
"2086775476","2131323901","0.535965"
"2131323901","2086775476","0.535965"
"2086775476","2135686490","0.102632"
"2135686490","2086775476","0.102632"
"2086775476","2145440794","0.385965"
"2145440794","2086775476","0.385965"
"2086775476","2149741878","0.202632"
"2149741878","2086775476","0.202632"
"2086775476","2152755365","0.102632"
"2152755365","2086775476","0.102632"
"2086775476","2158460842","0.102632"
"2158460842","2086775476","0.102632"
"2086775476","2171204907","0.385965"
"2171204907","2086775476","0.385965"
"2086775476","2792614325","0.102632"
"2792614325","2086775476","0.102632"
"2099277734","2135686490","6.81616"
"2135686490","2099277734","6.81616"
"2099277734","2145440794","0.319549"
"2145440794","2099277734","0.319549"
"2099277734","2171204907","0.444549"
"2171204907","2099277734","0.444549"
"2104265756","2135686490","5.31616"
"2135686490","2104265756","5.31616"
"2104265756","2145440794","0.944549"
"2145440794","2104265756","0.944549"
"2104265756","2171204907","2.06955"
"2171204907","2104265756","2.06955"
"2113587921","2135686490","0.473303"
"2135686490","2113587921","0.473303"
"2113587921","2145440794","0.468358"
"2145440794","2113587921","0.468358"
"2113587921","2171204907","0.593358"
"2171204907","2113587921","0.593358"
"2117037079","2135686490","0.185965"
"2135686490","2117037079","0.185965"
"2117037079","2145440794","0.0526316"
"2145440794","2117037079","0.0526316"
"2117037079","2171204907","0.0526316"
"2171204907","2117037079","0.0526316"
"2129328995","2135686490","0.185965"
"2135686490","2129328995","0.185965"
"2129328995","2145440794","0.0526316"
"2145440794","2129328995","0.0526316"
"2129328995","2171204907","0.0526316"
"2171204907","2129328995","0.0526316"
"2131323901","2135686490","0.245489"
"2135686490","2131323901","0.245489"
"2131323901","2145440794","0.581454"
"2145440794","2131323901","0.581454"
"2131323901","2171204907","0.581454"
"2171204907","2131323901","0.581454"
"2135686490","2145440794","0.266917"
"2145440794","2135686490","0.266917"
"2135686490","2149741878","1.9733"
"2149741878","2135686490","1.9733"
"2135686490","2152755365","0.473303"
"2152755365","2135686490","0.473303"
"2135686490","2155533773","0.473303"
"2155533773","2135686490","0.473303"
"2135686490","2158460842","0.185965"
"2158460842","2135686490","0.185965"
"2135686490","2171204907","0.391917"
"2171204907","2135686490","0.391917"
"2135686490","2792614325","0.102632"
"2792614325","2135686490","0.102632"
"2145440794","2149741878","0.301692"
"2149741878","2145440794","0.301692"
"2145440794","2152755365","0.301692"
"2152755365","2145440794","0.301692"
"2145440794","2155533773","0.176692"
"2155533773","2145440794","0.176692"
"2145440794","2158460842","0.0526316"
"2158460842","2145440794","0.0526316"
"2145440794","2171204907","11.1112"
"2171204907","2145440794","11.1112"
"2145440794","2792614325","0.177632"
"2792614325","2145440794","0.177632"
"2149741878","2171204907","0.426692"
"2171204907","2149741878","0.426692"
"2152755365","2171204907","0.426692"
"2171204907","2152755365","0.426692"
"2155533773","2171204907","0.301692"
"2171204907","2155533773","0.301692"
"2158460842","2171204907","0.0526316"
"2171204907","2158460842","0.0526316"
"2171204907","2792614325","0.177632"
"2792614325","2171204907","0.177632"
