"1596170674","1818085238","10.5"
"1818085238","1596170674","10.5"
"1596170674","1990537706","5.5"
"1990537706","1596170674","5.5"
"1818085238","1990537706","6.5"
"1990537706","1818085238","6.5"
"1818085238","2014116953","0.833333"
"2014116953","1818085238","0.833333"
"1818085238","2021680759","0.666667"
"2021680759","1818085238","0.666667"
"1818085238","2097494663","0.833333"
"2097494663","1818085238","0.833333"
"2014116953","2021680759","0.523925"
"2021680759","2014116953","0.523925"
"2014116953","2097494663","5.69091"
"2097494663","2014116953","5.69091"
"2021680759","2097494663","0.333333"
"2097494663","2021680759","0.333333"
"1818085238","2146781646","0.333333"
"2146781646","1818085238","0.333333"
"1818085238","2159827217","0.333333"
"2159827217","1818085238","0.333333"
"2021680759","2146781646","1.16944"
"2146781646","2021680759","1.16944"
"2021680759","2159827217","0.629762"
"2159827217","2021680759","0.629762"
"2146781646","2159827217","2.15656"
"2159827217","2146781646","2.15656"
"1973328636","1997650168","0.232258"
"1997650168","1973328636","0.232258"
"1973328636","2021680759","5.17869"
"2021680759","1973328636","5.17869"
"1973328636","2042124591","1.72035"
"2042124591","1973328636","1.72035"
"1973328636","2134557343","0.482258"
"2134557343","1973328636","0.482258"
"1973328636","2145700761","4.7631"
"2145700761","1973328636","4.7631"
"1973328636","2619825482","0.595353"
"2619825482","1973328636","0.595353"
"1997650168","2021680759","0.232258"
"2021680759","1997650168","0.232258"
"1997650168","2042124591","0.918458"
"2042124591","1997650168","0.918458"
"1997650168","2134557343","0.232258"
"2134557343","1997650168","0.232258"
"1997650168","2145700761","0.55"
"2145700761","1997650168","0.55"
"1997650168","2619825482","0.559388"
"2619825482","1997650168","0.559388"
"2021680759","2042124591","1.22035"
"2042124591","2021680759","1.22035"
"2021680759","2134557343","12.487"
"2134557343","2021680759","12.487"
"2021680759","2145700761","5.1428"
"2145700761","2021680759","5.1428"
"2021680759","2619825482","0.395353"
"2619825482","2021680759","0.395353"
"2042124591","2134557343","0.232258"
"2134557343","2042124591","0.232258"
"2042124591","2145700761","0.479762"
"2145700761","2042124591","0.479762"
"2042124591","2619825482","1.17001"
"2619825482","2042124591","1.17001"
"2134557343","2145700761","1.15192"
"2145700761","2134557343","1.15192"
"2134557343","2619825482","0.198925"
"2619825482","2134557343","0.198925"
"2145700761","2619825482","1.55476"
"2619825482","2145700761","1.55476"
"1973328636","1988757916","0.0655914"
"1988757916","1973328636","0.0655914"
"1973328636","1989735066","0.265591"
"1989735066","1973328636","0.265591"
"1973328636","1989962588","0.33702"
"1989962588","1973328636","0.33702"
"1973328636","1998519879","0.432258"
"1998519879","1973328636","0.432258"
"1973328636","2007022086","0.428687"
"2007022086","1973328636","0.428687"
"1973328636","2009130747","2.67035"
"2009130747","1973328636","2.67035"
"1973328636","2014116953","0.190591"
"2014116953","1973328636","0.190591"
"1973328636","2014755981","0.157258"
"2014755981","1973328636","0.157258"
"1973328636","2027479172","0.190591"
"2027479172","1973328636","0.190591"
"1973328636","2030623303","0.265591"
"2030623303","1973328636","0.265591"
"1973328636","2046263206","8.54535"
"2046263206","1973328636","8.54535"
"1973328636","2056952837","0.157258"
"2056952837","1973328636","0.157258"
"1973328636","2107912893","0.0655914"
"2107912893","1973328636","0.0655914"
"1973328636","2117577756","0.63702"
"2117577756","1973328636","0.63702"
"1973328636","2118114837","0.190591"
"2118114837","1973328636","0.190591"
"1973328636","2119811370","0.0322581"
"2119811370","1973328636","0.0322581"
"1973328636","2120785548","0.190591"
"2120785548","1973328636","0.190591"
"1973328636","2138824333","0.428687"
"2138824333","1973328636","0.428687"
"1973328636","2138877737","0.0655914"
"2138877737","1973328636","0.0655914"
"1973328636","2157949509","0.0655914"
"2157949509","1973328636","0.0655914"
"1973328636","2158641656","0.0655914"
"2158641656","1973328636","0.0655914"
"1973328636","2162493549","0.0655914"
"2162493549","1973328636","0.0655914"
"1973328636","2238078713","0.38702"
"2238078713","1973328636","0.38702"
"1973328636","2407167388","0.390591"
"2407167388","1973328636","0.390591"
"1973328636","2577322449","0.0322581"
"2577322449","1973328636","0.0322581"
"1973328636","2580969380","1.03226"
"2580969380","1973328636","1.03226"
"1988757916","1989735066","1.03631"
"1989735066","1988757916","1.03631"
"1988757916","1989962588","0.824407"
"1989962588","1988757916","0.824407"
"1988757916","1997650168","1.3125"
"1997650168","1988757916","1.3125"
"1988757916","1998519879","0.796312"
"1998519879","1988757916","0.796312"
"1988757916","2007022086","0.240247"
"2007022086","1988757916","0.240247"
"1988757916","2009130747","0.142514"
"2009130747","1988757916","0.142514"
"1988757916","2014116953","0.188925"
"2014116953","1988757916","0.188925"
"1988757916","2014755981","0.0322581"
"2014755981","1988757916","0.0322581"
"1988757916","2021680759","0.642514"
"2021680759","1988757916","0.642514"
"1988757916","2027479172","0.973674"
"2027479172","1988757916","0.973674"
"1988757916","2030623303","1.66726"
"2030623303","1988757916","1.66726"
"1988757916","2042124591","13.3593"
"2042124591","1988757916","13.3593"
"1988757916","2046263206","0.142514"
"2046263206","1988757916","0.142514"
"1988757916","2056952837","1.12241"
"2056952837","1988757916","1.12241"
"1988757916","2107912893","0.702978"
"2107912893","1988757916","0.702978"
"1988757916","2117577756","0.669645"
"2117577756","1988757916","0.669645"
"1988757916","2118114837","0.497484"
"2118114837","1988757916","0.497484"
"1988757916","2119811370","0.275848"
"2119811370","1988757916","0.275848"
"1988757916","2120785548","0.774407"
"2120785548","1988757916","0.774407"
"1988757916","2134557343","0.142514"
"2134557343","1988757916","0.142514"
"1988757916","2138824333","0.240247"
"2138824333","1988757916","0.240247"
"1988757916","2138877737","0.702978"
"2138877737","1988757916","0.702978"
"1988757916","2157949509","0.534785"
"2157949509","1988757916","0.534785"
"1988757916","2158641656","0.926055"
"2158641656","1988757916","0.926055"
"1988757916","2162493549","0.487166"
"2162493549","1988757916","0.487166"
"1988757916","2238078713","0.182514"
"2238078713","1988757916","0.182514"
"1988757916","2407167388","0.275962"
"2407167388","1988757916","0.275962"
"1988757916","2577322449","0.109181"
"2577322449","1988757916","0.109181"
"1988757916","2580969380","0.0322581"
"2580969380","1988757916","0.0322581"
"1988757916","2619825482","0.48866"
"2619825482","1988757916","0.48866"
"1989735066","1989962588","1.3539"
"1989962588","1989735066","1.3539"
"1989735066","1997650168","0.914616"
"1997650168","1989735066","0.914616"
"1989735066","1998519879","1.70389"
"1998519879","1989735066","1.70389"
"1989735066","2007022086","0.882837"
"2007022086","1989735066","0.882837"
"1989735066","2009130747","0.0655914"
"2009130747","1989735066","0.0655914"
"1989735066","2014116953","0.529834"
"2014116953","1989735066","0.529834"
"1989735066","2014755981","0.0322581"
"2014755981","1989735066","0.0322581"
"1989735066","2021680759","0.0655914"
"2021680759","1989735066","0.0655914"
"1989735066","2027479172","0.684879"
"2027479172","1989735066","0.684879"
"1989735066","2030623303","2.56104"
"2030623303","1989735066","2.56104"
"1989735066","2042124591","1.29025"
"2042124591","1989735066","1.29025"
"1989735066","2046263206","0.0655914"
"2046263206","1989735066","0.0655914"
"1989735066","2056952837","0.0692951"
"2056952837","1989735066","0.0692951"
"1989735066","2107912893","0.940373"
"2107912893","1989735066","0.940373"
"1989735066","2117577756","0.871326"
"2117577756","1989735066","0.871326"
"1989735066","2118114837","0.735579"
"2118114837","1989735066","0.735579"
"1989735066","2119811370","0.0322581"
"2119811370","1989735066","0.0322581"
"1989735066","2120785548","0.952978"
"2120785548","1989735066","0.952978"
"1989735066","2134557343","0.0655914"
"2134557343","1989735066","0.0655914"
"1989735066","2138824333","0.906647"
"2138824333","1989735066","0.906647"
"1989735066","2138877737","1.39107"
"2138877737","1989735066","1.39107"
"1989735066","2157949509","0.379323"
"2157949509","1989735066","0.379323"
"1989735066","2158641656","0.426055"
"2158641656","1989735066","0.426055"
"1989735066","2162493549","0.272881"
"2162493549","1989735066","0.272881"
"1989735066","2238078713","0.164415"
"2238078713","1989735066","0.164415"
"1989735066","2407167388","1.06812"
"2407167388","1989735066","1.06812"
"1989735066","2577322449","0.0322581"
"2577322449","1989735066","0.0322581"
"1989735066","2580969380","1.17512"
"2580969380","1989735066","1.17512"
"1989735066","2619825482","4.20106"
"2619825482","1989735066","4.20106"
"1989962588","1997650168","1.33251"
"1997650168","1989962588","1.33251"
"1989962588","1998519879","0.845554"
"1998519879","1989962588","0.845554"
"1989962588","2007022086","2.41581"
"2007022086","1989962588","2.41581"
"1989962588","2009130747","0.33702"
"2009130747","1989962588","0.33702"
"1989962588","2014116953","0.640945"
"2014116953","1989962588","0.640945"
"1989962588","2014755981","0.482258"
"2014755981","1989962588","0.482258"
"1989962588","2021680759","0.328687"
"2021680759","1989962588","0.328687"
"1989962588","2027479172","1.02499"
"2027479172","1989962588","1.02499"
"1989962588","2030623303","1.72414"
"2030623303","1989962588","1.72414"
"1989962588","2042124591","1.3637"
"2042124591","1989962588","1.3637"
"1989962588","2046263206","0.528687"
"2046263206","1989962588","0.528687"
"1989962588","2056952837","0.260962"
"2056952837","1989962588","0.260962"
"1989962588","2107912893","1.47291"
"2107912893","1989962588","1.47291"
"1989962588","2117577756","4.3793"
"2117577756","1989962588","4.3793"
"1989962588","2118114837","1.74312"
"2118114837","1989962588","1.74312"
"1989962588","2119811370","0.198925"
"2119811370","1989962588","0.198925"
"1989962588","2120785548","1.07718"
"2120785548","1989962588","1.07718"
"1989962588","2134557343","0.257258"
"2134557343","1989962588","0.257258"
"1989962588","2138824333","2.93204"
"2138824333","1989962588","2.93204"
"1989962588","2138877737","1.40619"
"2138877737","1989962588","1.40619"
"1989962588","2157949509","0.652772"
"2157949509","1989962588","0.652772"
"1989962588","2158641656","0.603833"
"2158641656","1989962588","0.603833"
"1989962588","2162493549","0.435218"
"2162493549","1989962588","0.435218"
"1989962588","2238078713","0.326753"
"2238078713","1989962588","0.326753"
"1989962588","2407167388","1.64514"
"2407167388","1989962588","1.64514"
"1989962588","2577322449","0.0322581"
"2577322449","1989962588","0.0322581"
"1989962588","2580969380","0.175115"
"2580969380","1989962588","0.175115"
"1989962588","2619825482","2.60344"
"2619825482","1989962588","2.60344"
"1997650168","1998519879","0.815792"
"1998519879","1997650168","0.815792"
"1997650168","2007022086","1.02533"
"2007022086","1997650168","1.02533"
"1997650168","2009130747","0.165591"
"2009130747","1997650168","0.165591"
"1997650168","2014116953","1.99094"
"2014116953","1997650168","1.99094"
"1997650168","2014755981","0.232258"
"2014755981","1997650168","0.232258"
"1997650168","2027479172","0.829756"
"2027479172","1997650168","0.829756"
"1997650168","2030623303","1.1289"
"2030623303","1997650168","1.1289"
"1997650168","2046263206","0.315591"
"2046263206","1997650168","0.315591"
"1997650168","2056952837","0.0692951"
"2056952837","1997650168","0.0692951"
"1997650168","2107912893","0.872913"
"2107912893","1997650168","0.872913"
"1997650168","2117577756","0.85906"
"2117577756","1997650168","0.85906"
"1997650168","2118114837","0.537166"
"2118114837","1997650168","0.537166"
"1997650168","2119811370","0.198925"
"2119811370","1997650168","0.198925"
"1997650168","2120785548","0.614089"
"2120785548","1997650168","0.614089"
"1997650168","2138824333","1.18442"
"2138824333","1997650168","1.18442"
"1997650168","2138877737","0.904998"
"2138877737","1997650168","0.904998"
"1997650168","2157949509","0.7242"
"2157949509","1997650168","0.7242"
"1997650168","2158641656","0.465738"
"2158641656","1997650168","0.465738"
"1997650168","2162493549","0.506647"
"2162493549","1997650168","0.506647"
"1997650168","2238078713","0.255324"
"2238078713","1997650168","0.255324"
"1997650168","2407167388","0.753472"
"2407167388","1997650168","0.753472"
"1997650168","2577322449","0.0322581"
"2577322449","1997650168","0.0322581"
"1997650168","2580969380","0.0322581"
"2580969380","1997650168","0.0322581"
"1998519879","2007022086","0.541157"
"2007022086","1998519879","0.541157"
"1998519879","2009130747","0.0655914"
"2009130747","1998519879","0.0655914"
"1998519879","2014116953","0.323167"
"2014116953","1998519879","0.323167"
"1998519879","2014755981","1.36559"
"2014755981","1998519879","1.36559"
"1998519879","2021680759","0.232258"
"2021680759","1998519879","0.232258"
"1998519879","2027479172","0.586055"
"2027479172","1998519879","0.586055"
"1998519879","2030623303","1.24555"
"2030623303","1998519879","1.24555"
"1998519879","2042124591","0.783581"
"2042124591","1998519879","0.783581"
"1998519879","2046263206","0.232258"
"2046263206","1998519879","0.232258"
"1998519879","2056952837","0.0692951"
"2056952837","1998519879","0.0692951"
"1998519879","2107912893","0.39155"
"2107912893","1998519879","0.39155"
"1998519879","2117577756","0.587978"
"2117577756","1998519879","0.587978"
"1998519879","2118114837","0.386055"
"2118114837","1998519879","0.386055"
"1998519879","2119811370","0.0322581"
"2119811370","1998519879","0.0322581"
"1998519879","2120785548","0.587978"
"2120785548","1998519879","0.587978"
"1998519879","2134557343","0.0655914"
"2134557343","1998519879","0.0655914"
"1998519879","2138824333","0.541157"
"2138824333","1998519879","0.541157"
"1998519879","2138877737","0.71655"
"2138877737","1998519879","0.71655"
"1998519879","2157949509","0.2805"
"2157949509","1998519879","0.2805"
"1998519879","2158641656","0.386055"
"2158641656","1998519879","0.386055"
"1998519879","2162493549","1.23288"
"2162493549","1998519879","1.23288"
"1998519879","2238078713","0.0655914"
"2238078713","1998519879","0.0655914"
"1998519879","2407167388","1.6443"
"2407167388","1998519879","1.6443"
"1998519879","2577322449","0.0322581"
"2577322449","1998519879","0.0322581"
"1998519879","2580969380","0.0322581"
"2580969380","1998519879","0.0322581"
"1998519879","2619825482","0.960565"
"2619825482","1998519879","0.960565"
"2007022086","2009130747","0.23702"
"2009130747","2007022086","0.23702"
"2007022086","2014116953","1.32428"
"2014116953","2007022086","1.32428"
"2007022086","2014755981","0.0322581"
"2014755981","2007022086","0.0322581"
"2007022086","2021680759","0.428687"
"2021680759","2007022086","0.428687"
"2007022086","2027479172","0.38998"
"2027479172","2007022086","0.38998"
"2007022086","2030623303","0.573313"
"2030623303","2007022086","0.573313"
"2007022086","2042124591","1.32203"
"2042124591","2007022086","1.32203"
"2007022086","2046263206","0.428687"
"2046263206","2007022086","0.428687"
"2007022086","2056952837","0.0692951"
"2056952837","2007022086","0.0692951"
"2007022086","2107912893","0.299071"
"2107912893","2007022086","0.299071"
"2007022086","2117577756","2.14157"
"2117577756","2007022086","2.14157"
"2007022086","2118114837","0.549771"
"2118114837","2007022086","0.549771"
"2007022086","2119811370","0.0322581"
"2119811370","2007022086","0.0322581"
"2007022086","2120785548","0.240247"
"2120785548","2007022086","0.240247"
"2007022086","2134557343","0.0655914"
"2134557343","2007022086","0.0655914"
"2007022086","2138824333","17.0737"
"2138824333","2007022086","17.0737"
"2007022086","2138877737","0.64068"
"2138877737","2007022086","0.64068"
"2007022086","2157949509","0.33998"
"2157949509","2007022086","0.33998"
"2007022086","2158641656","0.240247"
"2158641656","2007022086","0.240247"
"2007022086","2162493549","0.233538"
"2162493549","2007022086","0.233538"
"2007022086","2238078713","0.451753"
"2238078713","2007022086","0.451753"
"2007022086","2407167388","0.636805"
"2407167388","2007022086","0.636805"
"2007022086","2577322449","0.0322581"
"2577322449","2007022086","0.0322581"
"2007022086","2580969380","0.175115"
"2580969380","2007022086","0.175115"
"2007022086","2619825482","1.12169"
"2619825482","2007022086","1.12169"
"2009130747","2014116953","0.623925"
"2014116953","2009130747","0.623925"
"2009130747","2014755981","0.157258"
"2014755981","2009130747","0.157258"
"2009130747","2021680759","3.61672"
"2021680759","2009130747","3.61672"
"2009130747","2027479172","0.190591"
"2027479172","2009130747","0.190591"
"2009130747","2030623303","0.0655914"
"2030623303","2009130747","0.0655914"
"2009130747","2042124591","0.26202"
"2042124591","2009130747","0.26202"
"2009130747","2046263206","3.15005"
"2046263206","2009130747","3.15005"
"2009130747","2056952837","0.345292"
"2056952837","2009130747","0.345292"
"2009130747","2107912893","0.0655914"
"2107912893","2009130747","0.0655914"
"2009130747","2117577756","0.13702"
"2117577756","2009130747","0.13702"
"2009130747","2118114837","0.190591"
"2118114837","2009130747","0.190591"
"2009130747","2119811370","0.220292"
"2119811370","2009130747","0.220292"
"2009130747","2120785548","0.190591"
"2120785548","2009130747","0.190591"
"2009130747","2134557343","0.600848"
"2134557343","2009130747","0.600848"
"2009130747","2138824333","0.23702"
"2138824333","2009130747","0.23702"
"2009130747","2138877737","0.0655914"
"2138877737","2009130747","0.0655914"
"2009130747","2157949509","0.0655914"
"2157949509","2009130747","0.0655914"
"2009130747","2158641656","0.0655914"
"2158641656","2009130747","0.0655914"
"2009130747","2162493549","0.0655914"
"2162493549","2009130747","0.0655914"
"2009130747","2238078713","0.950054"
"2238078713","2009130747","0.950054"
"2009130747","2407167388","0.623925"
"2407167388","2009130747","0.623925"
"2009130747","2577322449","0.234181"
"2577322449","2009130747","0.234181"
"2009130747","2580969380","0.157258"
"2580969380","2009130747","0.157258"
"2009130747","2619825482","0.303687"
"2619825482","2009130747","0.303687"
"2014116953","2014755981","0.0322581"
"2014755981","2014116953","0.0322581"
"2014116953","2027479172","0.105591"
"2027479172","2014116953","0.105591"
"2014116953","2030623303","0.363167"
"2030623303","2014116953","0.363167"
"2014116953","2042124591","0.508369"
"2042124591","2014116953","0.508369"
"2014116953","2046263206","0.440591"
"2046263206","2014116953","0.440591"
"2014116953","2056952837","0.0322581"
"2056952837","2014116953","0.0322581"
"2014116953","2107912893","0.105591"
"2107912893","2014116953","0.105591"
"2014116953","2117577756","0.216703"
"2117577756","2014116953","0.216703"
"2014116953","2118114837","0.105591"
"2118114837","2014116953","0.105591"
"2014116953","2119811370","0.0322581"
"2119811370","2014116953","0.0322581"
"2014116953","2120785548","0.105591"
"2120785548","2014116953","0.105591"
"2014116953","2134557343","0.0655914"
"2134557343","2014116953","0.0655914"
"2014116953","2138824333","2.24094"
"2138824333","2014116953","2.24094"
"2014116953","2138877737","0.105591"
"2138877737","2014116953","0.105591"
"2014116953","2157949509","0.105591"
"2157949509","2014116953","0.105591"
"2014116953","2158641656","0.605591"
"2158641656","2014116953","0.605591"
"2014116953","2162493549","0.105591"
"2162493549","2014116953","0.105591"
"2014116953","2238078713","0.230591"
"2238078713","2014116953","0.230591"
"2014116953","2407167388","5.77504"
"2407167388","2014116953","5.77504"
"2014116953","2577322449","0.0322581"
"2577322449","2014116953","0.0322581"
"2014116953","2580969380","0.0322581"
"2580969380","2014116953","0.0322581"
"2014116953","2619825482","1.23892"
"2619825482","2014116953","1.23892"
"2014755981","2021680759","0.157258"
"2021680759","2014755981","0.157258"
"2014755981","2027479172","0.157258"
"2027479172","2014755981","0.157258"
"2014755981","2030623303","0.0322581"
"2030623303","2014755981","0.0322581"
"2014755981","2042124591","0.0322581"
"2042124591","2014755981","0.0322581"
"2014755981","2046263206","0.157258"
"2046263206","2014755981","0.157258"
"2014755981","2056952837","0.157258"
"2056952837","2014755981","0.157258"
"2014755981","2107912893","0.232258"
"2107912893","2014755981","0.232258"
"2014755981","2117577756","0.0322581"
"2117577756","2014755981","0.0322581"
"2014755981","2118114837","0.157258"
"2118114837","2014755981","0.157258"
"2014755981","2119811370","0.0322581"
"2119811370","2014755981","0.0322581"
"2014755981","2120785548","0.157258"
"2120785548","2014755981","0.157258"
"2014755981","2134557343","0.0322581"
"2134557343","2014755981","0.0322581"
"2014755981","2138824333","1.28226"
"2138824333","2014755981","1.28226"
"2014755981","2138877737","0.232258"
"2138877737","2014755981","0.232258"
"2014755981","2157949509","0.0322581"
"2157949509","2014755981","0.0322581"
"2014755981","2158641656","0.0322581"
"2158641656","2014755981","0.0322581"
"2014755981","2162493549","0.0322581"
"2162493549","2014755981","0.0322581"
"2014755981","2238078713","0.0322581"
"2238078713","2014755981","0.0322581"
"2014755981","2407167388","0.232258"
"2407167388","2014755981","0.232258"
"2014755981","2577322449","0.0322581"
"2577322449","2014755981","0.0322581"
"2014755981","2580969380","0.0322581"
"2580969380","2014755981","0.0322581"
"2014755981","2619825482","0.0322581"
"2619825482","2014755981","0.0322581"
"2021680759","2027479172","0.493369"
"2027479172","2021680759","0.493369"
"2021680759","2030623303","0.868369"
"2030623303","2021680759","0.868369"
"2021680759","2046263206","22.4834"
"2046263206","2021680759","22.4834"
"2021680759","2056952837","1.03974"
"2056952837","2021680759","1.03974"
"2021680759","2107912893","0.368369"
"2107912893","2021680759","0.368369"
"2021680759","2117577756","0.703687"
"2117577756","2021680759","0.703687"
"2021680759","2118114837","0.551702"
"2118114837","2021680759","0.551702"
"2021680759","2119811370","0.386959"
"2119811370","2021680759","0.386959"
"2021680759","2120785548","0.493369"
"2120785548","2021680759","0.493369"
"2021680759","2138824333","0.76202"
"2138824333","2021680759","0.76202"
"2021680759","2138877737","0.368369"
"2138877737","2021680759","0.368369"
"2021680759","2157949509","0.0655914"
"2157949509","2021680759","0.0655914"
"2021680759","2158641656","0.257258"
"2158641656","2021680759","0.257258"
"2021680759","2162493549","0.0655914"
"2162493549","2021680759","0.0655914"
"2021680759","2238078713","1.50839"
"2238078713","2021680759","1.50839"
"2021680759","2407167388","0.190591"
"2407167388","2021680759","0.190591"
"2021680759","2577322449","0.700848"
"2577322449","2021680759","0.700848"
"2021680759","2580969380","0.523925"
"2580969380","2021680759","0.523925"
"2027479172","2030623303","2.03528"
"2030623303","2027479172","2.03528"
"2027479172","2042124591","0.474014"
"2042124591","2027479172","0.474014"
"2027479172","2046263206","0.257258"
"2046263206","2027479172","0.257258"
"2027479172","2056952837","0.997073"
"2056952837","2027479172","0.997073"
"2027479172","2107912893","1.44877"
"2107912893","2027479172","1.44877"
"2027479172","2117577756","0.642454"
"2117577756","2027479172","0.642454"
"2027479172","2118114837","3.21971"
"2118114837","2027479172","3.21971"
"2027479172","2119811370","0.0322581"
"2119811370","2027479172","0.0322581"
"2027479172","2120785548","1.33637"
"2120785548","2027479172","1.33637"
"2027479172","2134557343","0.243369"
"2134557343","2027479172","0.243369"
"2027479172","2138824333","0.299071"
"2138824333","2027479172","0.299071"
"2027479172","2138877737","1.23085"
"2138877737","2027479172","1.23085"
"2027479172","2157949509","1.59563"
"2157949509","2027479172","1.59563"
"2027479172","2158641656","5.02883"
"2158641656","2027479172","5.02883"
"2027479172","2162493549","1.12808"
"2162493549","2027479172","1.12808"
"2027479172","2238078713","0.255324"
"2238078713","2027479172","0.255324"
"2027479172","2407167388","0.592361"
"2407167388","2027479172","0.592361"
"2027479172","2577322449","0.0322581"
"2577322449","2027479172","0.0322581"
"2027479172","2580969380","0.0322581"
"2580969380","2027479172","0.0322581"
"2027479172","2619825482","0.46415"
"2619825482","2027479172","0.46415"
"2030623303","2042124591","1.89977"
"2042124591","2030623303","1.89977"
"2030623303","2046263206","0.132258"
"2046263206","2030623303","0.132258"
"2030623303","2056952837","0.372073"
"2056952837","2030623303","0.372073"
"2030623303","2107912893","1.31458"
"2107912893","2030623303","1.31458"
"2030623303","2117577756","1.17014"
"2117577756","2030623303","1.17014"
"2030623303","2118114837","1.23359"
"2118114837","2030623303","1.23359"
"2030623303","2119811370","0.198925"
"2119811370","2030623303","0.198925"
"2030623303","2120785548","1.45218"
"2120785548","2030623303","1.45218"
"2030623303","2134557343","0.243369"
"2134557343","2030623303","0.243369"
"2030623303","2138824333","0.906647"
"2138824333","2030623303","0.906647"
"2030623303","2138877737","2.08076"
"2138877737","2030623303","2.08076"
"2030623303","2157949509","0.593609"
"2157949509","2030623303","0.593609"
"2030623303","2158641656","0.617722"
"2158641656","2030623303","0.617722"
"2030623303","2162493549","1.48717"
"2162493549","2030623303","1.48717"
"2030623303","2238078713","0.164415"
"2238078713","2030623303","0.164415"
"2030623303","2407167388","1.24312"
"2407167388","2030623303","1.24312"
"2030623303","2577322449","0.0322581"
"2577322449","2030623303","0.0322581"
"2030623303","2580969380","0.0322581"
"2580969380","2030623303","0.0322581"
"2030623303","2619825482","2.35582"
"2619825482","2030623303","2.35582"
"2042124591","2046263206","0.553687"
"2046263206","2042124591","0.553687"
"2042124591","2056952837","3.04549"
"2056952837","2042124591","3.04549"
"2042124591","2107912893","0.240247"
"2107912893","2042124591","0.240247"
"2042124591","2117577756","1.09703"
"2117577756","2042124591","1.09703"
"2042124591","2118114837","0.240247"
"2118114837","2042124591","0.240247"
"2042124591","2119811370","0.0322581"
"2119811370","2042124591","0.0322581"
"2042124591","2120785548","0.240247"
"2120785548","2042124591","0.240247"
"2042124591","2138824333","1.23112"
"2138824333","2042124591","1.23112"
"2042124591","2138877737","0.331157"
"2138877737","2042124591","0.331157"
"2042124591","2157949509","0.424014"
"2157949509","2042124591","0.424014"
"2042124591","2158641656","6.24025"
"2158641656","2042124591","6.24025"
"2042124591","2162493549","0.376395"
"2162493549","2042124591","0.376395"
"2042124591","2238078713","0.517929"
"2238078713","2042124591","0.517929"
"2042124591","2407167388","3.88632"
"2407167388","2042124591","3.88632"
"2042124591","2577322449","0.0322581"
"2577322449","2042124591","0.0322581"
"2042124591","2580969380","0.0322581"
"2580969380","2042124591","0.0322581"
"2046263206","2056952837","1.05759"
"2056952837","2046263206","1.05759"
"2046263206","2107912893","0.132258"
"2107912893","2046263206","0.132258"
"2046263206","2117577756","0.203687"
"2117577756","2046263206","0.203687"
"2046263206","2118114837","0.315591"
"2118114837","2046263206","0.315591"
"2046263206","2119811370","0.640927"
"2119811370","2046263206","0.640927"
"2046263206","2120785548","0.257258"
"2120785548","2046263206","0.257258"
"2046263206","2134557343","4.87585"
"2134557343","2046263206","4.87585"
"2046263206","2138824333","0.678687"
"2138824333","2046263206","0.678687"
"2046263206","2138877737","0.132258"
"2138877737","2046263206","0.132258"
"2046263206","2157949509","0.0655914"
"2157949509","2046263206","0.0655914"
"2046263206","2158641656","0.132258"
"2158641656","2046263206","0.132258"
"2046263206","2162493549","0.0655914"
"2162493549","2046263206","0.0655914"
"2046263206","2238078713","1.42902"
"2238078713","2046263206","1.42902"
"2046263206","2407167388","0.190591"
"2407167388","2046263206","0.190591"
"2046263206","2577322449","0.811959"
"2577322449","2046263206","0.811959"
"2046263206","2580969380","0.523925"
"2580969380","2046263206","0.523925"
"2046263206","2619825482","0.428687"
"2619825482","2046263206","0.428687"
"2056952837","2107912893","0.372073"
"2107912893","2056952837","0.372073"
"2056952837","2117577756","0.135962"
"2117577756","2056952837","0.135962"
"2056952837","2118114837","0.555406"
"2118114837","2056952837","0.555406"
"2056952837","2119811370","1.89093"
"2119811370","2056952837","1.89093"
"2056952837","2120785548","0.497073"
"2120785548","2056952837","0.497073"
"2056952837","2134557343","0.578626"
"2134557343","2056952837","0.578626"
"2056952837","2138824333","0.0692951"
"2138824333","2056952837","0.0692951"
"2056952837","2138877737","0.372073"
"2138877737","2056952837","0.372073"
"2056952837","2157949509","0.0692951"
"2157949509","2056952837","0.0692951"
"2056952837","2158641656","0.760962"
"2158641656","2056952837","0.760962"
"2056952837","2162493549","0.0692951"
"2162493549","2056952837","0.0692951"
"2056952837","2238078713","3.49093"
"2238078713","2056952837","3.49093"
"2056952837","2407167388","0.0692951"
"2407167388","2056952837","0.0692951"
"2056952837","2577322449","1.98696"
"2577322449","2056952837","1.98696"
"2056952837","2580969380","0.0322581"
"2580969380","2056952837","0.0322581"
"2056952837","2619825482","0.0692951"
"2619825482","2056952837","0.0692951"
"2107912893","2117577756","0.890373"
"2117577756","2107912893","0.890373"
"2107912893","2118114837","1.07328"
"2118114837","2107912893","1.07328"
"2107912893","2119811370","0.0322581"
"2119811370","2107912893","0.0322581"
"2107912893","2120785548","1.66687"
"2120785548","2107912893","1.66687"
"2107912893","2134557343","0.243369"
"2134557343","2107912893","0.243369"
"2107912893","2138824333","0.299071"
"2138824333","2107912893","0.299071"
"2107912893","2138877737","1.66687"
"2138877737","2107912893","1.66687"
"2107912893","2157949509","0.840434"
"2157949509","2107912893","0.840434"
"2107912893","2158641656","0.757404"
"2158641656","2107912893","0.757404"
"2107912893","2162493549","0.372881"
"2162493549","2107912893","0.372881"
"2107912893","2238078713","0.164415"
"2238078713","2107912893","0.164415"
"2107912893","2407167388","0.701452"
"2407167388","2107912893","0.701452"
"2107912893","2577322449","0.0322581"
"2577322449","2107912893","0.0322581"
"2107912893","2580969380","0.0322581"
"2580969380","2107912893","0.0322581"
"2107912893","2619825482","0.392722"
"2619825482","2107912893","0.392722"
"2117577756","2118114837","1.23558"
"2118114837","2117577756","1.23558"
"2117577756","2119811370","0.198925"
"2119811370","2117577756","0.198925"
"2117577756","2120785548","0.694645"
"2120785548","2117577756","0.694645"
"2117577756","2134557343","0.132258"
"2134557343","2117577756","0.132258"
"2117577756","2138824333","1.74113"
"2138824333","2117577756","1.74113"
"2117577756","2138877737","1.02365"
"2138877737","2117577756","1.02365"
"2117577756","2157949509","0.470232"
"2157949509","2117577756","0.470232"
"2117577756","2158641656","0.492722"
"2158641656","2117577756","0.492722"
"2117577756","2162493549","0.36379"
"2162493549","2117577756","0.36379"
"2117577756","2238078713","0.326753"
"2238078713","2117577756","0.326753"
"2117577756","2407167388","1.11181"
"2407167388","2117577756","1.11181"
"2117577756","2577322449","0.0322581"
"2577322449","2117577756","0.0322581"
"2117577756","2580969380","0.175115"
"2580969380","2117577756","0.175115"
"2117577756","2619825482","0.940341"
"2619825482","2117577756","0.940341"
"2118114837","2119811370","0.0322581"
"2119811370","2118114837","0.0322581"
"2118114837","2120785548","1.26971"
"2120785548","2118114837","1.26971"
"2118114837","2134557343","0.301702"
"2134557343","2118114837","0.301702"
"2118114837","2138824333","0.240247"
"2138824333","2118114837","0.240247"
"2118114837","2138877737","1.1828"
"2138877737","2118114837","1.1828"
"2118114837","2157949509","1.05304"
"2157949509","2118114837","1.05304"
"2118114837","2158641656","1.46217"
"2158641656","2118114837","1.46217"
"2118114837","2162493549","0.894309"
"2162493549","2118114837","0.894309"
"2118114837","2238078713","0.105591"
"2238078713","2118114837","0.105591"
"2118114837","2407167388","0.192628"
"2407167388","2118114837","0.192628"
"2118114837","2577322449","0.0322581"
"2577322449","2118114837","0.0322581"
"2118114837","2580969380","0.175115"
"2580969380","2118114837","0.175115"
"2118114837","2619825482","0.405327"
"2619825482","2118114837","0.405327"
"2119811370","2120785548","0.0322581"
"2120785548","2119811370","0.0322581"
"2119811370","2134557343","0.275848"
"2134557343","2119811370","0.275848"
"2119811370","2138824333","0.0322581"
"2138824333","2119811370","0.0322581"
"2119811370","2138877737","2.03226"
"2138877737","2119811370","2.03226"
"2119811370","2157949509","0.0322581"
"2157949509","2119811370","0.0322581"
"2119811370","2158641656","0.0322581"
"2158641656","2119811370","0.0322581"
"2119811370","2162493549","0.0322581"
"2162493549","2119811370","0.0322581"
"2119811370","2238078713","4.39093"
"2238078713","2119811370","4.39093"
"2119811370","2407167388","0.0322581"
"2407167388","2119811370","0.0322581"
"2119811370","2577322449","0.220292"
"2577322449","2119811370","0.220292"
"2119811370","2580969380","0.0322581"
"2580969380","2119811370","0.0322581"
"2119811370","2619825482","0.0322581"
"2619825482","2119811370","0.0322581"
"2120785548","2134557343","0.243369"
"2134557343","2120785548","0.243369"
"2120785548","2138824333","0.240247"
"2138824333","2120785548","0.240247"
"2120785548","2138877737","1.59187"
"2138877737","2120785548","1.59187"
"2120785548","2157949509","0.603039"
"2157949509","2120785548","0.603039"
"2120785548","2158641656","0.828833"
"2158641656","2120785548","0.828833"
"2120785548","2162493549","0.444309"
"2162493549","2120785548","0.444309"
"2120785548","2238078713","0.105591"
"2238078713","2120785548","0.105591"
"2120785548","2407167388","0.317628"
"2407167388","2120785548","0.317628"
"2120785548","2577322449","0.0322581"
"2577322449","2120785548","0.0322581"
"2120785548","2580969380","0.0322581"
"2580969380","2120785548","0.0322581"
"2120785548","2619825482","0.405327"
"2619825482","2120785548","0.405327"
"2134557343","2138824333","0.398925"
"2138824333","2134557343","0.398925"
"2134557343","2138877737","0.243369"
"2138877737","2134557343","0.243369"
"2134557343","2157949509","0.0655914"
"2157949509","2134557343","0.0655914"
"2134557343","2158641656","0.132258"
"2158641656","2134557343","0.132258"
"2134557343","2162493549","0.0655914"
"2162493549","2134557343","0.0655914"
"2134557343","2238078713","0.975848"
"2238078713","2134557343","0.975848"
"2134557343","2407167388","0.0655914"
"2407167388","2134557343","0.0655914"
"2134557343","2577322449","0.234181"
"2577322449","2134557343","0.234181"
"2134557343","2580969380","0.157258"
"2580969380","2134557343","0.157258"
"2138824333","2138877737","0.240247"
"2138877737","2138824333","0.240247"
"2138824333","2157949509","0.249071"
"2157949509","2138824333","0.249071"
"2138824333","2158641656","0.240247"
"2158641656","2138824333","0.240247"
"2138824333","2162493549","0.142628"
"2162493549","2138824333","0.142628"
"2138824333","2238078713","0.694177"
"2238078713","2138824333","0.694177"
"2138824333","2407167388","0.712563"
"2407167388","2138824333","0.712563"
"2138824333","2577322449","0.0322581"
"2577322449","2138824333","0.0322581"
"2138824333","2580969380","0.0322581"
"2580969380","2138824333","0.0322581"
"2138824333","2619825482","1.12169"
"2619825482","2138824333","1.12169"
"2138877737","2157949509","0.62252"
"2157949509","2138877737","0.62252"
"2138877737","2158641656","0.757404"
"2158641656","2138877737","0.757404"
"2138877737","2162493549","0.46379"
"2162493549","2138877737","0.46379"
"2138877737","2238078713","0.1965"
"2238078713","2138877737","0.1965"
"2138877737","2407167388","0.608538"
"2407167388","2138877737","0.608538"
"2138877737","2577322449","0.0322581"
"2577322449","2138877737","0.0322581"
"2138877737","2580969380","0.175115"
"2580969380","2138877737","0.175115"
"2138877737","2619825482","0.333898"
"2619825482","2138877737","0.333898"
"2157949509","2158641656","0.731611"
"2158641656","2157949509","0.731611"
"2157949509","2162493549","2.12808"
"2162493549","2157949509","2.12808"
"2157949509","2238078713","0.255324"
"2238078713","2157949509","0.255324"
"2157949509","2407167388","0.542361"
"2407167388","2157949509","0.542361"
"2157949509","2577322449","0.0322581"
"2577322449","2157949509","0.0322581"
"2157949509","2580969380","0.0322581"
"2580969380","2157949509","0.0322581"
"2157949509","2619825482","0.358595"
"2619825482","2157949509","0.358595"
"2158641656","2162493549","0.572881"
"2162493549","2158641656","0.572881"
"2158641656","2238078713","0.105591"
"2238078713","2158641656","0.105591"
"2158641656","2407167388","1.19263"
"2407167388","2158641656","1.19263"
"2158641656","2577322449","0.0322581"
"2577322449","2158641656","0.0322581"
"2158641656","2580969380","0.0322581"
"2580969380","2158641656","0.0322581"
"2158641656","2619825482","0.667232"
"2619825482","2158641656","0.667232"
"2162493549","2238078713","0.1965"
"2238078713","2162493549","0.1965"
"2162493549","2407167388","0.233538"
"2407167388","2162493549","0.233538"
"2162493549","2577322449","0.0322581"
"2577322449","2162493549","0.0322581"
"2162493549","2580969380","0.0322581"
"2580969380","2162493549","0.0322581"
"2162493549","2619825482","0.252152"
"2619825482","2162493549","0.252152"
"2238078713","2407167388","0.580324"
"2407167388","2238078713","0.580324"
"2238078713","2577322449","5.93696"
"2577322449","2238078713","5.93696"
"2238078713","2580969380","0.365591"
"2580969380","2238078713","0.365591"
"2238078713","2619825482","1.36084"
"2619825482","2238078713","1.36084"
"2407167388","2577322449","0.0322581"
"2577322449","2407167388","0.0322581"
"2407167388","2580969380","0.0322581"
"2580969380","2407167388","0.0322581"
"2407167388","2619825482","3.83479"
"2619825482","2407167388","3.83479"
"2577322449","2580969380","21.7739"
"2580969380","2577322449","21.7739"
"2577322449","2619825482","0.0322581"
"2619825482","2577322449","0.0322581"
"2580969380","2619825482","0.365591"
"2619825482","2580969380","0.365591"
"2009130747","2145700761","3.75946"
"2145700761","2009130747","3.75946"
"2014116953","2145700761","1.25833"
"2145700761","2014116953","1.25833"
"2046263206","2145700761","6.37057"
"2145700761","2046263206","6.37057"
"2145700761","2238078713","2.32891"
"2238078713","2145700761","2.32891"
"2145700761","2407167388","1.20833"
"2407167388","2145700761","1.20833"
"1989962588","2145700761","0.554762"
"2145700761","1989962588","0.554762"
"1973328636","2017974706","0.125"
"2017974706","1973328636","0.125"
"2007022086","2017974706","0.404194"
"2017974706","2007022086","0.404194"
"2017974706","2021680759","0.191667"
"2021680759","2017974706","0.191667"
"2017974706","2042124591","0.24537"
"2042124591","2017974706","0.24537"
"2017974706","2046263206","0.191667"
"2046263206","2017974706","0.191667"
"2017974706","2138824333","0.404194"
"2138824333","2017974706","0.404194"
"2017974706","2238078713","0.383824"
"2238078713","2017974706","0.383824"
"2017974706","2619825482","9.00419"
"2619825482","2017974706","9.00419"
"1973328636","2159827217","0.304762"
"2159827217","1973328636","0.304762"
"1989735066","2159827217","2.24545"
"2159827217","1989735066","2.24545"
"1998519879","2159827217","0.929963"
"2159827217","1998519879","0.929963"
"2030623303","2159827217","7.80855"
"2159827217","2030623303","7.80855"
"2159827217","2407167388","1.72197"
"2407167388","2159827217","1.72197"
"1973328636","2010887646","0.0714286"
"2010887646","1973328636","0.0714286"
"1973328636","2463537704","0.0714286"
"2463537704","1973328636","0.0714286"
"1989962588","2010887646","0.710146"
"2010887646","1989962588","0.710146"
"1989962588","2159827217","4.40894"
"2159827217","1989962588","4.40894"
"1989962588","2463537704","0.617989"
"2463537704","1989962588","0.617989"
"2007022086","2010887646","0.510146"
"2010887646","2007022086","0.510146"
"2007022086","2145700761","1.12143"
"2145700761","2007022086","1.12143"
"2007022086","2159827217","1.56645"
"2159827217","2007022086","1.56645"
"2007022086","2463537704","0.251323"
