"1023130047","1768208251","3.65"
"1768208251","1023130047","3.65"
"1023130047","2033534831","3.23333"
"2033534831","1023130047","3.23333"
"1768208251","2033534831","4.65"
"2033534831","1768208251","4.65"
"1023130047","1529708708","1.81667"
"1529708708","1023130047","1.81667"
"1023130047","2140894515","0.783333"
"2140894515","1023130047","0.783333"
"1023130047","238232705","1.31667"
"238232705","1023130047","1.31667"
"1529708708","2033534831","0.983333"
"2033534831","1529708708","0.983333"
"1529708708","2140894515","3.86667"
"2140894515","1529708708","3.86667"
"1529708708","238232705","10.4"
"238232705","1529708708","10.4"
"2033534831","2140894515","0.45"
"2140894515","2033534831","0.45"
"2033534831","238232705","0.983333"
"238232705","2033534831","0.983333"
"2140894515","238232705","2.86667"
"238232705","2140894515","2.86667"
"1529708708","1768208251","0.740909"
"1768208251","1529708708","0.740909"
"1768208251","2140894515","0.2"
"2140894515","1768208251","0.2"
"1768208251","238232705","0.4"
"238232705","1768208251","0.4"
"1023130047","2084959893","0.7"
"2084959893","1023130047","0.7"
"1529708708","2084959893","2.28333"
"2084959893","1529708708","2.28333"
"1768208251","2084959893","0.2"
"2084959893","1768208251","0.2"
"2033534831","2084959893","0.2"
"2084959893","2033534831","0.2"
"2084959893","238232705","1.78333"
"238232705","2084959893","1.78333"
"1023130047","1594610071","0.25"
"1594610071","1023130047","0.25"
"1023130047","1604277348","0.25"
"1604277348","1023130047","0.25"
"1594610071","1604277348","3.35043"
"1604277348","1594610071","3.35043"
"1594610071","1768208251","1.92424"
"1768208251","1594610071","1.92424"
"1594610071","2033534831","0.25"
"2033534831","1594610071","0.25"
"1604277348","1768208251","0.924242"
"1768208251","1604277348","0.924242"
"1604277348","2033534831","0.25"
"2033534831","1604277348","0.25"
"1483679765","1529708708","0.424242"
"1529708708","1483679765","0.424242"
"1483679765","1544139368","2.62424"
"1544139368","1483679765","2.62424"
"1483679765","1594610071","0.340909"
"1594610071","1483679765","0.340909"
"1483679765","1604277348","0.290909"
"1604277348","1483679765","0.290909"
"1483679765","1768206964","0.0909091"
"1768206964","1483679765","0.0909091"
"1483679765","1768208251","0.0909091"
"1768208251","1483679765","0.0909091"
"1483679765","1864426277","0.0909091"
"1864426277","1483679765","0.0909091"
"1483679765","2025122101","2.62424"
"2025122101","1483679765","2.62424"
"1483679765","2104731482","1.04091"
"2104731482","1483679765","1.04091"
"1483679765","2135136347","0.540909"
"2135136347","1483679765","0.540909"
"1483679765","2165372900","0.840909"
"2165372900","1483679765","0.840909"
"1529708708","1544139368","0.590909"
"1544139368","1529708708","0.590909"
"1529708708","1594610071","0.257576"
"1594610071","1529708708","0.257576"
"1529708708","1604277348","0.257576"
"1604277348","1529708708","0.257576"
"1529708708","1768206964","0.707576"
"1768206964","1529708708","0.707576"
"1529708708","1864426277","0.540909"
"1864426277","1529708708","0.540909"
"1529708708","2025122101","1.04091"
"2025122101","1529708708","1.04091"
"1529708708","2104731482","0.0909091"
"2104731482","1529708708","0.0909091"
"1529708708","2135136347","0.707576"
"2135136347","1529708708","0.707576"
"1529708708","2165372900","0.0909091"
"2165372900","1529708708","0.0909091"
"1544139368","1594610071","1.35043"
"1594610071","1544139368","1.35043"
"1544139368","1604277348","1.30043"
"1604277348","1544139368","1.30043"
"1544139368","1768206964","0.600433"
"1768206964","1544139368","0.600433"
"1544139368","1768208251","0.465909"
"1768208251","1544139368","0.465909"
"1544139368","1864426277","0.808766"
"1864426277","1544139368","0.808766"
"1544139368","2025122101","4.89924"
"2025122101","1544139368","4.89924"
"1544139368","2104731482","1.69924"
"2104731482","1544139368","1.69924"
"1544139368","2135136347","1.42543"
"2135136347","1544139368","1.42543"
"1544139368","2165372900","2.3421"
"2165372900","1544139368","2.3421"
"1594610071","1768206964","1.90043"
"1768206964","1594610071","1.90043"
"1594610071","1864426277","0.233766"
"1864426277","1594610071","0.233766"
"1594610071","2025122101","0.707576"
"2025122101","1594610071","0.707576"
"1594610071","2104731482","0.290909"
"2104731482","1594610071","0.290909"
"1594610071","2135136347","3.3171"
"2135136347","1594610071","3.3171"
"1594610071","2165372900","0.433766"
"2165372900","1594610071","0.433766"
"1604277348","1768206964","1.90043"
"1768206964","1604277348","1.90043"
"1604277348","1864426277","0.233766"
"1864426277","1604277348","0.233766"
"1604277348","2025122101","0.657576"
"2025122101","1604277348","0.657576"
"1604277348","2104731482","0.490909"
"2104731482","1604277348","0.490909"
"1604277348","2135136347","2.2671"
"2135136347","1604277348","2.2671"
"1604277348","2165372900","0.433766"
"2165372900","1604277348","0.433766"
"1768206964","1768208251","0.924242"
"1768208251","1768206964","0.924242"
"1768206964","1864426277","3.88377"
"1864426277","1768206964","3.88377"
"1768206964","2025122101","0.657576"
"2025122101","1768206964","0.657576"
"1768206964","2104731482","0.0909091"
"2104731482","1768206964","0.0909091"
"1768206964","2135136347","13.4671"
"2135136347","1768206964","13.4671"
"1768206964","2165372900","0.433766"
"2165372900","1768206964","0.433766"
"1768208251","1864426277","0.715909"
"1864426277","1768208251","0.715909"
"1768208251","2025122101","0.465909"
"2025122101","1768208251","0.465909"
"1768208251","2104731482","0.215909"
"2104731482","1768208251","0.215909"
"1768208251","2135136347","0.965909"
"2135136347","1768208251","0.965909"
"1768208251","2165372900","0.215909"
"2165372900","1768208251","0.215909"
"1864426277","2025122101","0.865909"
"2025122101","1864426277","0.865909"
"1864426277","2104731482","0.215909"
"2104731482","1864426277","0.215909"
"1864426277","2135136347","5.17543"
"2135136347","1864426277","5.17543"
"1864426277","2165372900","0.558766"
"2165372900","1864426277","0.558766"
"2025122101","2104731482","1.69924"
"2104731482","2025122101","1.69924"
"2025122101","2135136347","2.48258"
"2135136347","2025122101","2.48258"
"2025122101","2165372900","2.19924"
"2165372900","2025122101","2.19924"
"2104731482","2135136347","0.415909"
"2135136347","2104731482","0.415909"
"2104731482","2165372900","1.49924"
"2165372900","2104731482","1.49924"
"2135136347","2165372900","0.558766"
"2165372900","2135136347","0.558766"
"1529708708","2108950639","1"
"2108950639","1529708708","1"
"2108950639","238232705","1"
"238232705","2108950639","1"
"1529708708","2132558594","0.2"
"2132558594","1529708708","0.2"
"1768206964","2132558594","0.7"
"2132558594","1768206964","0.7"
"1864426277","2132558594","6.2"
"2132558594","1864426277","6.2"
"2025122101","2132558594","0.2"
"2132558594","2025122101","0.2"
"2132558594","2135136347","0.7"
"2135136347","2132558594","0.7"
"2084959893","2140894515","0.583333"
"2140894515","2084959893","0.583333"
"2025122101","2084959893","0.25"
"2084959893","2025122101","0.25"
"2025122101","2140894515","0.25"
"2140894515","2025122101","0.25"
"2025122101","238232705","0.25"
"238232705","2025122101","0.25"
"1544139368","2125659682","0.267857"
"2125659682","1544139368","0.267857"
"1594610071","2125659682","0.142857"
"2125659682","1594610071","0.142857"
"1604277348","2125659682","0.142857"
"2125659682","1604277348","0.142857"
"1768206964","2125659682","0.142857"
"2125659682","1768206964","0.142857"
"1864426277","2125659682","0.767857"
"2125659682","1864426277","0.767857"
"2125659682","2135136347","0.767857"
"2135136347","2125659682","0.767857"
"2125659682","2165372900","0.267857"
"2165372900","2125659682","0.267857"
"1544139368","2042978294","0.625"
"2042978294","1544139368","0.625"
"2025122101","2042978294","0.625"
"2042978294","2025122101","0.625"
"1768208251","2042978294","0.125"
"2042978294","1768208251","0.125"
"1768208251","2125659682","0.125"
"2125659682","1768208251","0.125"
"1864426277","2042978294","0.291667"
"2042978294","1864426277","0.291667"
"2025122101","2125659682","0.125"
"2125659682","2025122101","0.125"
"2042978294","2104731482","0.125"
"2104731482","2042978294","0.125"
"2042978294","2125659682","0.125"
"2125659682","2042978294","0.125"
"2042978294","2135136347","5.79167"
"2135136347","2042978294","5.79167"
"2042978294","2165372900","0.125"
"2165372900","2042978294","0.125"
"2104731482","2125659682","0.125"
"2125659682","2104731482","0.125"
"1594610071","2042978294","0.25"
"2042978294","1594610071","0.25"
"1604277348","2042978294","0.25"
"2042978294","1604277348","0.25"
"1768206964","2042978294","2.66667"
"2042978294","1768206964","2.66667"
"1768206964","2079195815","0.416667"
"2079195815","1768206964","0.416667"
"1768206964","2140942285","0.416667"
"2140942285","1768206964","0.416667"
"1864426277","2079195815","3.83333"
"2079195815","1864426277","3.83333"
"1864426277","2140942285","6.66667"
"2140942285","1864426277","6.66667"
"2042978294","2079195815","0.416667"
"2079195815","2042978294","0.416667"
"2042978294","2132558594","0.166667"
"2132558594","2042978294","0.166667"
"2042978294","2140942285","0.416667"
"2140942285","2042978294","0.416667"
"2079195815","2132558594","4.33333"
"2132558594","2079195815","4.33333"
"2079195815","2135136347","0.416667"
"2135136347","2079195815","0.416667"
"2079195815","2140942285","2.58333"
"2140942285","2079195815","2.58333"
"2132558594","2140942285","2.66667"
"2140942285","2132558594","2.66667"
"2135136347","2140942285","0.833333"
"2140942285","2135136347","0.833333"
"1768208251","2088353053","0.5"
"2088353053","1768208251","0.5"
"1768208251","2108950639","0.5"
"2108950639","1768208251","0.5"
"2088353053","2108950639","0.916667"
"2108950639","2088353053","0.916667"
"1827410244","2079195815","38.25"
"2079195815","1827410244","38.25"
"1827410244","2043500922","0.583333"
"2043500922","1827410244","0.583333"
"1827410244","2137901062","0.583333"
"2137901062","1827410244","0.583333"
"1827410244","2144584110","0.583333"
"2144584110","1827410244","0.583333"
"2043500922","2137901062","38.5833"
"2137901062","2043500922","38.5833"
"2043500922","2144584110","0.833333"
"2144584110","2043500922","0.833333"
"2137901062","2144584110","0.833333"
"2144584110","2137901062","0.833333"
"2043500922","2079195815","0.25"
"2079195815","2043500922","0.25"
"2079195815","2137901062","0.25"
"2137901062","2079195815","0.25"
"2079195815","2144584110","0.25"
"2144584110","2079195815","0.25"
"1864426277","2108950639","0.75"
"2108950639","1864426277","0.75"
"2108950639","2140942285","1.25"
"2140942285","2108950639","1.25"
"1864426277","2116079122","0.5"
"2116079122","1864426277","0.5"
"2116079122","2132558594","0.5"
"2132558594","2116079122","0.5"
"1864426277","2145697164","1.5"
"2145697164","1864426277","1.5"
"2132558594","2145697164","0.333333"
"2145697164","2132558594","0.333333"
"2140942285","2145697164","0.75"
"2145697164","2140942285","0.75"
"1864426277","2043500922","0.916667"
"2043500922","1864426277","0.916667"
"1864426277","2070978006","0.166667"
"2070978006","1864426277","0.166667"
"1864426277","2137901062","0.916667"
"2137901062","1864426277","0.916667"
"2043500922","2070978006","0.166667"
"2070978006","2043500922","0.166667"
"2043500922","2135136347","0.416667"
"2135136347","2043500922","0.416667"
"2043500922","2140942285","1.25"
"2140942285","2043500922","1.25"
"2043500922","2145697164","0.166667"
"2145697164","2043500922","0.166667"
"2070978006","2135136347","0.166667"
"2135136347","2070978006","0.166667"
"2070978006","2137901062","0.166667"
"2137901062","2070978006","0.166667"
"2070978006","2140942285","0.166667"
"2140942285","2070978006","0.166667"
"2070978006","2145697164","3.41667"
"2145697164","2070978006","3.41667"
"2135136347","2137901062","0.416667"
"2137901062","2135136347","0.416667"
"2135136347","2145697164","0.166667"
"2145697164","2135136347","0.166667"
"2137901062","2140942285","1.25"
"2140942285","2137901062","1.25"
"2137901062","2145697164","0.166667"
"2145697164","2137901062","0.166667"
"1864426277","2077229105","0.75"
"2077229105","1864426277","0.75"
"1864426277","2121372777","0.75"
"2121372777","1864426277","0.75"
"2077229105","2121372777","18.3333"
"2121372777","2077229105","18.3333"
"1864426277","2144584110","0.333333"
"2144584110","1864426277","0.333333"
"1864426277","2489624548","0.333333"
"2489624548","1864426277","0.333333"
"2140942285","2144584110","1.83333"
"2144584110","2140942285","1.83333"
"2140942285","2489624548","0.833333"
"2489624548","2140942285","0.833333"
"2144584110","2489624548","18.0833"
"2489624548","2144584110","18.0833"
"2077229105","2108950639","7"
"2108950639","2077229105","7"
"2077229105","2140942285","0.833333"
"2140942285","2077229105","0.833333"
"2108950639","2121372777","6.5"
"2121372777","2108950639","6.5"
"2121372777","2140942285","0.25"
"2140942285","2121372777","0.25"
"1967162653","2162139064","4"
"2162139064","1967162653","4"
"1991492692","2077229105","0.25"
"2077229105","1991492692","0.25"
"1991492692","2108950639","0.25"
"2108950639","1991492692","0.25"
"1991492692","2121372777","0.25"
"2121372777","1991492692","0.25"
"1991492692","2145697164","0.25"
"2145697164","1991492692","0.25"
"2077229105","2145697164","4"
"2145697164","2077229105","4"
"2108950639","2145697164","1.41667"
"2145697164","2108950639","1.41667"
"2121372777","2145697164","2.75"
"2145697164","2121372777","2.75"
"2009685079","2088353053","14"
"2088353053","2009685079","14"
"2009685079","2116079122","2.83333"
"2116079122","2009685079","2.83333"
"2009685079","2010313905","1.66667"
"2010313905","2009685079","1.66667"
"2010313905","2088353053","0.333333"
"2088353053","2010313905","0.333333"
"2010313905","2116079122","2.16667"
"2116079122","2010313905","2.16667"
"2088353053","2116079122","0.5"
"2116079122","2088353053","0.5"
"2009685079","2077229105","0.166667"
"2077229105","2009685079","0.166667"
"2009685079","2108950639","0.166667"
"2108950639","2009685079","0.166667"
"2009685079","2121372777","0.166667"
"2121372777","2009685079","0.166667"
"2009685079","2147512163","0.666667"
"2147512163","2009685079","0.666667"
"2077229105","2088353053","0.416667"
"2088353053","2077229105","0.416667"
"2077229105","2116079122","1"
"2116079122","2077229105","1"
"2077229105","2147512163","2.33333"
"2147512163","2077229105","2.33333"
"2088353053","2121372777","0.416667"
"2121372777","2088353053","0.416667"
"2088353053","2147512163","0.916667"
"2147512163","2088353053","0.916667"
"2108950639","2116079122","5.25"
"2116079122","2108950639","5.25"
"2108950639","2147512163","12.75"
"2147512163","2108950639","12.75"
"2116079122","2121372777","0.75"
"2121372777","2116079122","0.75"
"2116079122","2147512163","0.666667"
"2147512163","2116079122","0.666667"
"2121372777","2147512163","2.58333"
"2147512163","2121372777","2.58333"
"2009685079","2144584110","0.333333"
"2144584110","2009685079","0.333333"
"2010313905","2144584110","0.333333"
"2144584110","2010313905","0.333333"
"2116079122","2144584110","0.333333"
"2144584110","2116079122","0.333333"
"2010313905","2108950639","0.5"
"2108950639","2010313905","0.5"
"2043500922","2050651304","0.25"
"2050651304","2043500922","0.25"
"2043500922","2489624548","0.25"
"2489624548","2043500922","0.25"
"2050651304","2137901062","0.25"
"2137901062","2050651304","0.25"
"2050651304","2144584110","0.25"
"2144584110","2050651304","0.25"
"2050651304","2489624548","0.25"
"2489624548","2050651304","0.25"
"2137901062","2489624548","0.25"
"2489624548","2137901062","0.25"
"2043500922","2077229105","0.333333"
"2077229105","2043500922","0.333333"
"2077229105","2137901062","0.333333"
"2137901062","2077229105","0.333333"
"2064594916","2144584110","1"
"2144584110","2064594916","1"
"2070978006","2077229105","0.25"
"2077229105","2070978006","0.25"
"2070978006","2108950639","0.25"
"2108950639","2070978006","0.25"
"2070978006","2121372777","0.25"
"2121372777","2070978006","0.25"
"2145697164","2147512163","0.833333"
"2147512163","2145697164","0.833333"
"2116079122","2140942285","0.25"
"2140942285","2116079122","0.25"
"2116079122","2145697164","0.25"
"2145697164","2116079122","0.25"
"2140942285","2147512163","0.75"
"2147512163","2140942285","0.75"
"2088353053","2135136347","1"
"2135136347","2088353053","1"
"2108950639","2135136347","0.5"
"2135136347","2108950639","0.5"
"2135136347","2147512163","0.5"
"2147512163","2135136347","0.5"
"238232705","3000189292","1"
"3000189292","238232705","1"
"3000135836","3000189292","2"
"3000189292","3000135836","2"
"3000189292","3008700623","1"
"3008700623","3000189292","1"
