"112375067","1545366882","0.337302"
"1545366882","112375067","0.337302"
"112375067","1576354363","0.670635"
"1576354363","112375067","0.670635"
"112375067","1606306571","2.50397"
"1606306571","112375067","2.50397"
"112375067","1762201507","0.111111"
"1762201507","112375067","0.111111"
"112375067","2002962776","0.337302"
"2002962776","112375067","0.337302"
"112375067","2557821253","0.111111"
"2557821253","112375067","0.111111"
"112375067","2802358804","0.527778"
"2802358804","112375067","0.527778"
"112375067","281005445","0.111111"
"281005445","112375067","0.111111"
"112375067","2945372161","0.611111"
"2945372161","112375067","0.611111"
"1545366882","1576354363","1.25321"
"1576354363","1545366882","1.25321"
"1545366882","1606306571","2.12821"
"1606306571","1545366882","2.12821"
"1545366882","1762201507","0.444444"
"1762201507","1545366882","0.444444"
"1545366882","2002962776","8.52385"
"2002962776","1545366882","8.52385"
"1545366882","2557821253","0.111111"
"2557821253","1545366882","0.111111"
"1545366882","2802358804","0.660354"
"2802358804","1545366882","0.660354"
"1545366882","281005445","0.111111"
"281005445","1545366882","0.111111"
"1545366882","2945372161","0.361111"
"2945372161","1545366882","0.361111"
"1576354363","1606306571","5.59114"
"1606306571","1576354363","5.59114"
"1576354363","1762201507","0.111111"
"1762201507","1576354363","0.111111"
"1576354363","2002962776","2.09412"
"2002962776","1576354363","2.09412"
"1576354363","2557821253","0.111111"
"2557821253","1576354363","0.111111"
"1576354363","2802358804","0.897096"
"2802358804","1576354363","0.897096"
"1576354363","281005445","0.173611"
"281005445","1576354363","0.173611"
"1576354363","2945372161","1.01452"
"2945372161","1576354363","1.01452"
"1606306571","1762201507","0.111111"
"1762201507","1606306571","0.111111"
"1606306571","2002962776","2.21912"
"2002962776","1606306571","2.21912"
"1606306571","2557821253","0.111111"
"2557821253","1606306571","0.111111"
"1606306571","2802358804","0.855429"
"2802358804","1606306571","0.855429"
"1606306571","281005445","0.173611"
"281005445","1606306571","0.173611"
"1606306571","2945372161","1.51452"
"2945372161","1606306571","1.51452"
"1762201507","2002962776","0.444444"
"2002962776","1762201507","0.444444"
"1762201507","2557821253","2.11111"
"2557821253","1762201507","2.11111"
"1762201507","2802358804","0.111111"
"2802358804","1762201507","0.111111"
"1762201507","281005445","0.111111"
"281005445","1762201507","0.111111"
"1762201507","2945372161","0.111111"
"2945372161","1762201507","0.111111"
"2002962776","2557821253","0.111111"
"2557821253","2002962776","0.111111"
"2002962776","2802358804","0.751263"
"2802358804","2002962776","0.751263"
"2002962776","281005445","0.111111"
"281005445","2002962776","0.111111"
"2002962776","2945372161","2.53535"
"2945372161","2002962776","2.53535"
"2557821253","2802358804","0.111111"
"2802358804","2557821253","0.111111"
"2557821253","281005445","0.111111"
"281005445","2557821253","0.111111"
"2557821253","2945372161","0.111111"
"2945372161","2557821253","0.111111"
"2802358804","281005445","0.173611"
"281005445","2802358804","0.173611"
"2802358804","2945372161","1.15619"
"2945372161","2802358804","1.15619"
"281005445","2945372161","0.298611"
"2945372161","281005445","0.298611"
"112375067","2412403988","0.0833333"
"2412403988","112375067","0.0833333"
"112375067","2563414123","0.0833333"
"2563414123","112375067","0.0833333"
"112375067","2613062404","0.22619"
"2613062404","112375067","0.22619"
"112375067","2773897169","0.0833333"
"2773897169","112375067","0.0833333"
"112375067","2804147849","0.0833333"
"2804147849","112375067","0.0833333"
"112375067","2887720591","0.0833333"
"2887720591","112375067","0.0833333"
"112375067","2963107557","0.22619"
"2963107557","112375067","0.22619"
"1545366882","2412403988","0.424242"
"2412403988","1545366882","0.424242"
"1545366882","2563414123","0.0833333"
"2563414123","1545366882","0.0833333"
"1545366882","2613062404","0.3171"
"2613062404","1545366882","0.3171"
"1545366882","2773897169","0.174242"
"2773897169","1545366882","0.174242"
"1545366882","2804147849","0.174242"
"2804147849","1545366882","0.174242"
"1545366882","2887720591","0.416667"
"2887720591","1545366882","0.416667"
"1545366882","2963107557","0.3171"
"2963107557","1545366882","0.3171"
"1576354363","2412403988","0.410985"
"2412403988","1576354363","0.410985"
"1576354363","2563414123","0.333333"
"2563414123","1576354363","0.333333"
"1576354363","2613062404","0.650433"
"2613062404","1576354363","0.650433"
"1576354363","2773897169","0.553842"
"2773897169","1576354363","0.553842"
"1576354363","2804147849","0.410985"
"2804147849","1576354363","0.410985"
"1576354363","2887720591","0.416667"
"2887720591","1576354363","0.416667"
"1576354363","2963107557","1.05384"
"2963107557","1576354363","1.05384"
"1606306571","2412403988","0.410985"
"2412403988","1606306571","0.410985"
"1606306571","2563414123","0.0833333"
"2563414123","1606306571","0.0833333"
"1606306571","2613062404","0.650433"
"2613062404","1606306571","0.650433"
"1606306571","2773897169","0.553842"
"2773897169","1606306571","0.553842"
"1606306571","2804147849","0.410985"
"2804147849","1606306571","0.410985"
"1606306571","2887720591","0.416667"
"2887720591","1606306571","0.416667"
"1606306571","2963107557","1.05384"
"2963107557","1606306571","1.05384"
"2002962776","2412403988","0.515152"
"2412403988","2002962776","0.515152"
"2002962776","2563414123","0.0833333"
"2563414123","2002962776","0.0833333"
"2002962776","2613062404","0.5671"
"2613062404","2002962776","0.5671"
"2002962776","2773897169","0.265152"
"2773897169","2002962776","0.265152"
"2002962776","2804147849","0.265152"
"2804147849","2002962776","0.265152"
"2002962776","2887720591","0.666667"
"2887720591","2002962776","0.666667"
"2002962776","2963107557","0.991342"
"2963107557","2002962776","0.991342"
"2412403988","2563414123","0.333333"
"2563414123","2412403988","0.333333"
"2412403988","2613062404","0.715909"
"2613062404","2412403988","0.715909"
"2412403988","2773897169","1.78598"
"2773897169","2412403988","1.78598"
"2412403988","2802358804","5.66098"
"2802358804","2412403988","5.66098"
"2412403988","2804147849","2.91098"
"2804147849","2412403988","2.91098"
"2412403988","2887720591","0.166667"
"2887720591","2412403988","0.166667"
"2412403988","2963107557","1.36932"
"2963107557","2412403988","1.36932"
"2563414123","2613062404","0.433333"
"2613062404","2563414123","0.433333"
"2563414123","2773897169","0.433333"
"2773897169","2563414123","0.433333"
"2563414123","2802358804","0.683333"
"2802358804","2563414123","0.683333"
"2563414123","2804147849","0.433333"
"2804147849","2563414123","0.433333"
"2563414123","2887720591","0.183333"
"2887720591","2563414123","0.183333"
"2563414123","2963107557","0.433333"
"2963107557","2563414123","0.433333"
"2613062404","2773897169","0.849242"
"2773897169","2613062404","0.849242"
"2613062404","2802358804","1.23258"
"2802358804","2613062404","1.23258"
"2613062404","2804147849","0.849242"
"2804147849","2613062404","0.849242"
"2613062404","2887720591","0.716667"
"2887720591","2613062404","0.716667"
"2613062404","2963107557","24.2421"
"2963107557","2613062404","24.2421"
"2773897169","2802358804","1.69551"
"2802358804","2773897169","1.69551"
"2773897169","2804147849","4.39551"
"2804147849","2773897169","4.39551"
"2773897169","2887720591","1.10952"
"2887720591","2773897169","1.10952"
"2773897169","2963107557","1.56218"
"2963107557","2773897169","1.56218"
"2802358804","2804147849","3.15384"
"2804147849","2802358804","3.15384"
"2802358804","2887720591","0.409524"
"2887720591","2802358804","0.409524"
"2802358804","2963107557","2.02884"
"2963107557","2802358804","2.02884"
"2804147849","2887720591","1.27619"
"2887720591","2804147849","1.27619"
"2804147849","2963107557","1.72884"
"2963107557","2804147849","1.72884"
"2887720591","2963107557","1.77619"
"2963107557","2887720591","1.77619"
"112375067","2042759024","1"
"2042759024","112375067","1"
"112375067","2143962534","2"
"2143962534","112375067","2"
"112375067","2588660802","0.666667"
"2588660802","112375067","0.666667"
"1576354363","2588660802","0.333333"
"2588660802","1576354363","0.333333"
"1606306571","2588660802","0.666667"
"2588660802","1606306571","0.666667"
"112375067","2122094161","2.14286"
"2122094161","112375067","2.14286"
"1545366882","2122094161","0.233766"
"2122094161","1545366882","0.233766"
"1576354363","2122094161","0.796266"
"2122094161","1576354363","0.796266"
"1606306571","2122094161","0.796266"
"2122094161","1606306571","0.796266"
"2002962776","2122094161","0.483766"
"2122094161","2002962776","0.483766"
"2122094161","2613062404","0.233766"
"2613062404","2122094161","0.233766"
"2122094161","2963107557","1.79627"
"2963107557","2122094161","1.79627"
"112375067","1846981065","0.5"
"1846981065","112375067","0.5"
"112375067","658159538","0.5"
"658159538","112375067","0.5"
"1846981065","658159538","1.99563"
"658159538","1846981065","1.99563"
"112375067","2794856943","1"
"2794856943","112375067","1"
"2588660802","2802358804","0.5"
"2802358804","2588660802","0.5"
"1496763101","2011469345","2.11111"
"2011469345","1496763101","2.11111"
"1496763101","2595077599","1.61111"
"2595077599","1496763101","1.61111"
"2011469345","2595077599","7.61111"
"2595077599","2011469345","7.61111"
"1496763101","2143187739","1.16667"
"2143187739","1496763101","1.16667"
"1496763101","1626459767","1.61111"
"1626459767","1496763101","1.61111"
"1496763101","1515421961","0.111111"
"1515421961","1496763101","0.111111"
"1496763101","1801877240","0.111111"
"1801877240","1496763101","0.111111"
"1496763101","2002962776","0.111111"
"2002962776","1496763101","0.111111"
"1496763101","2016728294","1.11111"
"2016728294","1496763101","1.11111"
"1496763101","2116677259","0.111111"
"2116677259","1496763101","0.111111"
"1496763101","91261819","0.111111"
"91261819","1496763101","0.111111"
"1515421961","1626459767","0.111111"
"1626459767","1515421961","0.111111"
"1515421961","1801877240","2.18889"
"1801877240","1515421961","2.18889"
"1515421961","2002962776","1.75675"
"2002962776","1515421961","1.75675"
"1515421961","2011469345","0.111111"
"2011469345","1515421961","0.111111"
"1515421961","2016728294","0.111111"
"2016728294","1515421961","0.111111"
"1515421961","2116677259","2.14563"
"2116677259","1515421961","2.14563"
"1515421961","2595077599","0.555556"
"2595077599","1515421961","0.555556"
"1515421961","91261819","0.111111"
"91261819","1515421961","0.111111"
"1626459767","1801877240","0.111111"
"1801877240","1626459767","0.111111"
"1626459767","2002962776","0.111111"
"2002962776","1626459767","0.111111"
"1626459767","2011469345","9.94444"
"2011469345","1626459767","9.94444"
"1626459767","2016728294","1.86111"
"2016728294","1626459767","1.86111"
"1626459767","2116677259","0.111111"
"2116677259","1626459767","0.111111"
"1626459767","2595077599","1.36111"
"2595077599","1626459767","1.36111"
"1626459767","91261819","0.944444"
"91261819","1626459767","0.944444"
"1801877240","2002962776","0.688889"
"2002962776","1801877240","0.688889"
"1801877240","2011469345","0.111111"
"2011469345","1801877240","0.111111"
"1801877240","2016728294","0.361111"
"2016728294","1801877240","0.361111"
"1801877240","2116677259","1.07778"
"2116677259","1801877240","1.07778"
"1801877240","2595077599","2.13889"
"2595077599","1801877240","2.13889"
"1801877240","91261819","2.36111"
"91261819","1801877240","2.36111"
"2002962776","2011469345","0.111111"
"2011469345","2002962776","0.111111"
"2002962776","2016728294","0.111111"
"2016728294","2002962776","0.111111"
"2002962776","2116677259","0.536111"
"2116677259","2002962776","0.536111"
"2002962776","2595077599","0.472222"
"2595077599","2002962776","0.472222"
"2002962776","91261819","0.111111"
"91261819","2002962776","0.111111"
"2011469345","2016728294","3.86111"
"2016728294","2011469345","3.86111"
"2011469345","2116677259","0.861111"
"2116677259","2011469345","0.861111"
"2011469345","91261819","0.111111"
"91261819","2011469345","0.111111"
"2016728294","2116677259","0.111111"
"2116677259","2016728294","0.111111"
"2016728294","2595077599","6.86111"
"2595077599","2016728294","6.86111"
"2016728294","91261819","0.861111"
"91261819","2016728294","0.861111"
"2116677259","2595077599","2.19444"
"2595077599","2116677259","2.19444"
"2116677259","91261819","1.11111"
"91261819","2116677259","1.11111"
"2595077599","91261819","3.36111"
"91261819","2595077599","3.36111"
"1496763101","1751031346","0.166667"
"1751031346","1496763101","0.166667"
"1496763101","2042759024","0.166667"
"2042759024","1496763101","0.166667"
"1496763101","2060511478","0.166667"
"2060511478","1496763101","0.166667"
"1496763101","2103209067","0.166667"
"2103209067","1496763101","0.166667"
"1496763101","2181490423","0.166667"
"2181490423","1496763101","0.166667"
"1751031346","2042759024","0.166667"
"2042759024","1751031346","0.166667"
"1751031346","2060511478","0.666667"
"2060511478","1751031346","0.666667"
"1751031346","2103209067","0.166667"
"2103209067","1751031346","0.166667"
"1751031346","2143187739","2.5"
"2143187739","1751031346","2.5"
"1751031346","2181490423","0.166667"
"2181490423","1751031346","0.166667"
"2042759024","2060511478","0.166667"
"2060511478","2042759024","0.166667"
"2042759024","2103209067","1.55952"
"2103209067","2042759024","1.55952"
"2042759024","2143187739","0.166667"
"2143187739","2042759024","0.166667"
"2042759024","2181490423","0.166667"
"2181490423","2042759024","0.166667"
"2060511478","2103209067","6.91667"
"2103209067","2060511478","6.91667"
"2060511478","2143187739","0.166667"
"2143187739","2060511478","0.166667"
"2060511478","2181490423","0.166667"
"2181490423","2060511478","0.166667"
"2103209067","2143187739","0.166667"
"2143187739","2103209067","0.166667"
"2103209067","2181490423","0.166667"
"2181490423","2103209067","0.166667"
"2143187739","2181490423","0.416667"
"2181490423","2143187739","0.416667"
"1501146698","1984691967","1"
"1984691967","1501146698","1"
"1501146698","1596910670","0.333333"
"1596910670","1501146698","0.333333"
"1501146698","1626459767","0.833333"
"1626459767","1501146698","0.833333"
"1501146698","91261819","0.333333"
"91261819","1501146698","0.333333"
"1596910670","1626459767","0.333333"
"1626459767","1596910670","0.333333"
"1596910670","91261819","2.33333"
"91261819","1596910670","2.33333"
"1501146698","2173878312","2"
"2173878312","1501146698","2"
"1501146698","2892280644","1"
"2892280644","1501146698","1"
"1501146698","1751031346","0.5"
"1751031346","1501146698","0.5"
"1501146698","3028378014","0.5"
"3028378014","1501146698","0.5"
"1751031346","3028378014","0.5"
"3028378014","1751031346","0.5"
"1501146698","2181490423","0.5"
"2181490423","1501146698","0.5"
"1626459767","2181490423","0.75"
"2181490423","1626459767","0.75"
"1501146698","1576354363","0.142857"
"1576354363","1501146698","0.142857"
"1501146698","1606306571","0.142857"
"1606306571","1501146698","0.142857"
"1501146698","2042759024","0.142857"
"2042759024","1501146698","0.142857"
"1501146698","2103209067","0.142857"
"2103209067","1501146698","0.142857"
"1501146698","2773897169","0.142857"
"2773897169","1501146698","0.142857"
"1501146698","2979653345","0.142857"
"2979653345","1501146698","0.142857"
"1501146698","3013550390","0.142857"
"3013550390","1501146698","0.142857"
"1576354363","2042759024","0.142857"
"2042759024","1576354363","0.142857"
"1576354363","2103209067","0.455357"
"2103209067","1576354363","0.455357"
"1576354363","2979653345","0.205357"
"2979653345","1576354363","0.205357"
"1576354363","3013550390","0.296266"
"3013550390","1576354363","0.296266"
"1606306571","2042759024","0.142857"
"2042759024","1606306571","0.142857"
"1606306571","2103209067","0.455357"
"2103209067","1606306571","0.455357"
"1606306571","2979653345","0.205357"
"2979653345","1606306571","0.205357"
"1606306571","3013550390","0.296266"
"3013550390","1606306571","0.296266"
"2042759024","2773897169","0.267857"
"2773897169","2042759024","0.267857"
"2042759024","2979653345","0.142857"
"2979653345","2042759024","0.142857"
"2042759024","3013550390","0.142857"
"3013550390","2042759024","0.142857"
"2103209067","2773897169","0.205357"
"2773897169","2103209067","0.205357"
"2103209067","2979653345","0.205357"
"2979653345","2103209067","0.205357"
"2103209067","3013550390","0.205357"
"3013550390","2103209067","0.205357"
"2773897169","2979653345","0.205357"
"2979653345","2773897169","0.205357"
"2773897169","3013550390","0.296266"
"3013550390","2773897169","0.296266"
"2979653345","3013550390","17.197"
"3013550390","2979653345","17.197"
"1508716931","2060511478","9.47619"
"2060511478","1508716931","9.47619"
"1508716931","1515421961","0.142857"
"1515421961","1508716931","0.142857"
"1508716931","1545366882","0.142857"
"1545366882","1508716931","0.142857"
"1508716931","1591360767","0.142857"
"1591360767","1508716931","0.142857"
"1508716931","2002962776","0.142857"
"2002962776","1508716931","0.142857"
"1508716931","2124686714","0.142857"
"2124686714","1508716931","0.142857"
"1508716931","2135482650","0.142857"
"2135482650","1508716931","0.142857"
"1515421961","1545366882","1.14563"
"1545366882","1515421961","1.14563"
"1515421961","1591360767","5.33571"
"1591360767","1515421961","5.33571"
"1515421961","2060511478","0.634524"
"2060511478","1515421961","0.634524"
"1515421961","2124686714","3.26786"
"2124686714","1515421961","3.26786"
"1515421961","2135482650","3.70397"
"2135482650","1515421961","3.70397"
"1545366882","1591360767","0.367857"
"1591360767","1545366882","0.367857"
"1545366882","2060511478","0.142857"
"2060511478","1545366882","0.142857"
"1545366882","2124686714","0.142857"
"2124686714","1545366882","0.142857"
"1545366882","2135482650","0.378968"
"2135482650","1545366882","0.378968"
"1591360767","2002962776","1.86786"
"2002962776","1591360767","1.86786"
"1591360767","2060511478","0.834524"
"2060511478","1591360767","0.834524"
"1591360767","2124686714","1.76786"
"2124686714","1591360767","1.76786"
"1591360767","2135482650","2.29286"
"2135482650","1591360767","2.29286"
"2002962776","2060511478","0.142857"
"2060511478","2002962776","0.142857"
"2002962776","2124686714","0.142857"
"2124686714","2002962776","0.142857"
"2002962776","2135482650","0.378968"
"2135482650","2002962776","0.378968"
"2060511478","2124686714","0.434524"
"2124686714","2060511478","0.434524"
"2060511478","2135482650","0.834524"
"2135482650","2060511478","0.834524"
"2124686714","2135482650","10.5179"
"2135482650","2124686714","10.5179"
"1508716931","2412403988","0.333333"
"2412403988","1508716931","0.333333"
"1508716931","2802358804","0.333333"
"2802358804","1508716931","0.333333"
"2060511478","2412403988","0.458333"
"2412403988","2060511478","0.458333"
"2060511478","2802358804","0.658333"
"2802358804","2060511478","0.658333"
"1508716931","2926322826","1"
"2926322826","1508716931","1"
"1508716931","1751031346","0.5"
"1751031346","1508716931","0.5"
"1508716931","2103209067","0.5"
"2103209067","1508716931","0.5"
"1515421961","1516046419","0.520635"
"1516046419","1515421961","0.520635"
"1515421961","1565898791","0.670635"
"1565898791","1515421961","0.670635"
"1515421961","1931408162","0.57619"
"1931408162","1515421961","0.57619"
"1515421961","2042759024","0.47619"
"2042759024","1515421961","0.47619"
"1515421961","2918130713","0.520635"
"2918130713","1515421961","0.520635"
"1516046419","1565898791","0.420635"
"1565898791","1516046419","0.420635"
"1516046419","1591360767","0.242857"
"1591360767","1516046419","0.242857"
"1516046419","1931408162","0.492857"
"1931408162","1516046419","0.492857"
"1516046419","2042759024","1.39286"
"2042759024","1516046419","1.39286"
"1516046419","2116677259","0.57619"
"2116677259","1516046419","0.57619"
"1516046419","2918130713","30.0623"
"2918130713","1516046419","30.0623"
"1565898791","1591360767","0.592857"
"1591360767","1565898791","0.592857"
"1565898791","1931408162","0.142857"
"1931408162","1565898791","0.142857"
"1565898791","2042759024","1.14286"
"2042759024","1565898791","1.14286"
"1565898791","2116677259","0.267857"
"2116677259","1565898791","0.267857"
"1565898791","2918130713","0.420635"
"2918130713","1565898791","0.420635"
"1591360767","1931408162","0.242857"
"1931408162","1591360767","0.242857"
"1591360767","2042759024","0.142857"
"2042759024","1591360767","0.142857"
"1591360767","2116677259","0.867857"
"2116677259","1591360767","0.867857"
"1591360767","2918130713","0.242857"
"2918130713","1591360767","0.242857"
"1931408162","2042759024","6.55952"
"2042759024","1931408162","6.55952"
"1931408162","2116677259","1.40952"
"2116677259","1931408162","1.40952"
"1931408162","2918130713","0.492857"
"2918130713","1931408162","0.492857"
"2042759024","2116677259","2.93452"
"2116677259","2042759024","2.93452"
"2042759024","2918130713","1.39286"
"2918130713","2042759024","1.39286"
"2116677259","2918130713","0.57619"
"2918130713","2116677259","0.57619"
"1516046419","1545366882","0.377778"
"1545366882","1516046419","0.377778"
"1516046419","1801877240","0.502778"
"1801877240","1516046419","0.502778"
"1516046419","2002962776","0.377778"
"2002962776","1516046419","0.377778"
"1545366882","1565898791","0.402778"
"1565898791","1545366882","0.402778"
"1545366882","1801877240","0.577778"
"1801877240","1545366882","0.577778"
"1545366882","2918130713","0.377778"
"2918130713","1545366882","0.377778"
"1565898791","1801877240","0.477778"
"1801877240","1565898791","0.477778"
"1565898791","2002962776","0.402778"
"2002962776","1565898791","0.402778"
"1801877240","2918130713","0.502778"
"2918130713","1801877240","0.502778"
"2002962776","2918130713","0.377778"
"2918130713","2002962776","0.377778"
"1515421961","2103209067","0.1"
"2103209067","1515421961","0.1"
"1515421961","2171275211","0.6"
"2171275211","1515421961","0.6"
"1516046419","2103209067","0.433333"
"2103209067","1516046419","0.433333"
"1516046419","2171275211","0.683333"
"2171275211","1516046419","0.683333"
"1545366882","1931408162","0.1"
"1931408162","1545366882","0.1"
"1545366882","2103209067","0.1"
"2103209067","1545366882","0.1"
"1545366882","2116677259","0.425"
"2116677259","1545366882","0.425"
"1545366882","2171275211","0.1"
"2171275211","1545366882","0.1"
"1591360767","1801877240","0.666667"
"1801877240","1591360767","0.666667"
"1591360767","2103209067","0.1"
"2103209067","1591360767","0.1"
"1591360767","2171275211","0.1"
"2171275211","1591360767","0.1"
"1801877240","1931408162","0.1"
"1931408162","1801877240","0.1"
"1801877240","2103209067","0.1625"
"2103209067","1801877240","0.1625"
"1801877240","2171275211","0.6"
"2171275211","1801877240","0.6"
"1931408162","2002962776","0.1"
"2002962776","1931408162","0.1"
"1931408162","2103209067","0.1"
"2103209067","1931408162","0.1"
"1931408162","2171275211","2.18333"
"2171275211","1931408162","2.18333"
"2002962776","2103209067","0.1"
"2103209067","2002962776","0.1"
"2002962776","2171275211","0.1"
"2171275211","2002962776","0.1"
"2103209067","2116677259","0.1"
"2116677259","2103209067","0.1"
"2103209067","2171275211","1.1"
"2171275211","2103209067","1.1"
"2103209067","2918130713","0.433333"
"2918130713","2103209067","0.433333"
"2116677259","2171275211","3.26667"
"2171275211","2116677259","3.26667"
"2171275211","2918130713","0.683333"
"2918130713","2171275211","0.683333"
"1515421961","1576354363","0.375"
"1576354363","1515421961","0.375"
"1515421961","2802358804","0.5"
"2802358804","1515421961","0.5"
"1565898791","1576354363","0.125"
"1576354363","1565898791","0.125"
"1565898791","2135482650","0.561111"
"2135482650","1565898791","0.561111"
"1565898791","2802358804","0.45"
"2802358804","1565898791","0.45"
"1576354363","1591360767","0.125"
"1591360767","1576354363","0.125"
"1576354363","2116677259","0.325"
"2116677259","1576354363","0.325"
"1576354363","2135482650","0.125"
"2135482650","1576354363","0.125"
"1591360767","2802358804","0.45"
"2802358804","1591360767","0.45"
"2116677259","2135482650","0.375"
"2135482650","2116677259","0.375"
"2116677259","2802358804","0.583333"
"2802358804","2116677259","0.583333"
"2135482650","2802358804","0.45"
"2802358804","2135482650","0.45"
"1515421961","1596910670","0.477778"
"1596910670","1515421961","0.477778"
"1516046419","1596910670","0.111111"
"1596910670","1516046419","0.111111"
"1516046419","2135482650","0.611111"
"2135482650","1516046419","0.611111"
"1516046419","2595077599","0.111111"
"2595077599","1516046419","0.111111"
"1545366882","1596910670","0.111111"
"1596910670","1545366882","0.111111"
"1545366882","2595077599","0.111111"
"2595077599","1545366882","0.111111"
"1565898791","1596910670","0.111111"
"1596910670","1565898791","0.111111"
"1565898791","2595077599","0.111111"
"2595077599","1565898791","0.111111"
"1596910670","1801877240","17.2278"
"1801877240","1596910670","17.2278"
"1596910670","2002962776","0.111111"
"2002962776","1596910670","0.111111"
"1596910670","2135482650","0.477778"
"2135482650","1596910670","0.477778"
"1596910670","2595077599","0.361111"
"2595077599","1596910670","0.361111"
"1596910670","2918130713","0.361111"
"2918130713","1596910670","0.361111"
"1801877240","2135482650","0.677778"
"2135482650","1801877240","0.677778"
"2135482650","2595077599","0.361111"
"2595077599","2135482650","0.361111"
"2135482650","2918130713","0.611111"
"2918130713","2135482650","0.611111"
"2595077599","2918130713","0.111111"
"2918130713","2595077599","0.111111"
"1591360767","1596910670","0.366667"
"1596910670","1591360767","0.366667"
"1596910670","2060511478","0.366667"
"2060511478","1596910670","0.366667"
"1596910670","2124686714","0.166667"
"2124686714","1596910670","0.166667"
"1801877240","2060511478","0.566667"
"2060511478","1801877240","0.566667"
"1801877240","2124686714","0.166667"
"2124686714","1801877240","0.166667"
"1515421961","2412403988","0.375"
"2412403988","1515421961","0.375"
"1515421961","1606306571","0.25"
"1606306571","1515421961","0.25"
"1515421961","2804147849","0.125"
"2804147849","1515421961","0.125"
"1565898791","2060511478","0.325"
"2060511478","1565898791","0.325"
"1565898791","2124686714","0.125"
"2124686714","1565898791","0.125"
"1565898791","2412403988","0.125"
"2412403988","1565898791","0.125"
"1565898791","2804147849","0.125"
"2804147849","1565898791","0.125"
"1591360767","2412403988","0.125"
"2412403988","1591360767","0.125"
"1591360767","2804147849","0.125"
"2804147849","1591360767","0.125"
"2060511478","2804147849","0.125"
"2804147849","2060511478","0.125"
"2124686714","2412403988","0.125"
"2412403988","2124686714","0.125"
"2124686714","2802358804","0.125"
"2802358804","2124686714","0.125"
"2124686714","2804147849","0.125"
"2804147849","2124686714","0.125"
"2135482650","2412403988","0.125"
"2412403988","2135482650","0.125"
"2135482650","2804147849","0.125"
"2804147849","2135482650","0.125"
"2042759024","2171275211","6.78333"
"2171275211","2042759024","6.78333"
"1516046419","2294619265","0.458333"
"2294619265","1516046419","0.458333"
"1516046419","2771484234","0.125"
"2771484234","1516046419","0.125"
"1516046419","281005445","0.125"
"281005445","1516046419","0.125"
"1516046419","2945372161","0.125"
"2945372161","1516046419","0.125"
"1516046419","2979653345","0.125"
"2979653345","1516046419","0.125"
"1516046419","3013550390","0.125"
"3013550390","1516046419","0.125"
"1801877240","2294619265","0.1875"
"2294619265","1801877240","0.1875"
"1801877240","2771484234","0.125"
"2771484234","1801877240","0.125"
"1801877240","281005445","0.1875"
"281005445","1801877240","0.1875"
"1801877240","2945372161","0.6875"
"2945372161","1801877240","0.6875"
"1801877240","2979653345","0.1875"
"2979653345","1801877240","0.1875"
"1801877240","3013550390","0.1875"
"3013550390","1801877240","0.1875"
"2294619265","2771484234","0.125"
"2771484234","2294619265","0.125"
"2294619265","281005445","1.22083"
"281005445","2294619265","1.22083"
"2294619265","2918130713","0.458333"
"2918130713","2294619265","0.458333"
"2294619265","2945372161","0.1875"
"2945372161","2294619265","0.1875"
"2294619265","2979653345","0.1875"
"2979653345","2294619265","0.1875"
"2294619265","3013550390","0.1875"
"3013550390","2294619265","0.1875"
"2771484234","281005445","0.125"
"281005445","2771484234","0.125"
"2771484234","2918130713","0.125"
"2918130713","2771484234","0.125"
"2771484234","2945372161","0.291667"
"2945372161","2771484234","0.291667"
"2771484234","2979653345","0.125"
"2979653345","2771484234","0.125"
"2771484234","3013550390","0.125"
"3013550390","2771484234","0.125"
"281005445","2918130713","0.125"
"2918130713","281005445","0.125"
"281005445","2979653345","0.1875"
"2979653345","281005445","0.1875"
"281005445","3013550390","0.1875"
"3013550390","281005445","0.1875"
"2918130713","2945372161","0.125"
"2945372161","2918130713","0.125"
"2918130713","2979653345","0.125"
"2979653345","2918130713","0.125"
"2918130713","3013550390","0.125"
"3013550390","2918130713","0.125"
"2945372161","2979653345","0.3875"
"2979653345","2945372161","0.3875"
"2945372161","3013550390","0.478409"
"3013550390","2945372161","0.478409"
"2103209067","2294619265","1.14583"
"2294619265","2103209067","1.14583"
"1545366882","1846981065","0.333333"
"1846981065","1545366882","0.333333"
"1545366882","2911426928","2.5"
"2911426928","1545366882","2.5"
"1846981065","2002962776","0.333333"
"2002962776","1846981065","0.333333"
"1846981065","2911426928","0.333333"
"2911426928","1846981065","0.333333"
"2002962776","2911426928","4"
"2911426928","2002962776","4"
"1762201507","2911426928","0.333333"
"2911426928","1762201507","0.333333"
"1576354363","1801877240","0.2625"
"1801877240","1576354363","0.2625"
"1606306571","1801877240","0.2625"
"1801877240","1606306571","0.2625"
"1606306571","2116677259","0.2"
"2116677259","1606306571","0.2"
"1545366882","2964196641","0.0909091"
"2964196641","1545366882","0.0909091"
"1576354363","2964196641","0.0909091"
"2964196641","1576354363","0.0909091"
"1606306571","2964196641","0.0909091"
"2964196641","1606306571","0.0909091"
"2002962776","2964196641","0.0909091"
"2964196641","2002962776","0.0909091"
"2122094161","2412403988","0.153409"
"2412403988","2122094161","0.153409"
"2122094161","2773897169","0.153409"
"2773897169","2122094161","0.153409"
"2122094161","2802358804","0.153409"
"2802358804","2122094161","0.153409"
"2122094161","2804147849","0.153409"
"2804147849","2122094161","0.153409"
"2122094161","2964196641","0.0909091"
"2964196641","2122094161","0.0909091"
"2412403988","2964196641","0.0909091"
"2964196641","2412403988","0.0909091"
"2613062404","2964196641","0.0909091"
"2964196641","2613062404","0.0909091"
"2773897169","2964196641","0.0909091"
"2964196641","2773897169","0.0909091"
"2802358804","2964196641","0.0909091"
"2964196641","2802358804","0.0909091"
"2804147849","2964196641","0.0909091"
"2964196641","2804147849","0.0909091"
"2963107557","2964196641","0.340909"
"2964196641","2963107557","0.340909"
"2887720591","2911426928","0.559524"
"2911426928","2887720591","0.559524"
"1801877240","2802358804","0.595833"
"2802358804","1801877240","0.595833"
"1576354363","2595077599","0.25"
"2595077599","1576354363","0.25"
"1606306571","2595077599","0.25"
"2595077599","1606306571","0.25"
"2595077599","2945372161","1.58333"
"2945372161","2595077599","1.58333"
"1576354363","2613141550","0.424242"
"2613141550","1576354363","0.424242"
"1576354363","2892280644","0.333333"
"2892280644","1576354363","0.333333"
"1606306571","2613141550","0.424242"
"2613141550","1606306571","0.424242"
"1606306571","2892280644","0.333333"
"2892280644","1606306571","0.333333"
"2613141550","2887720591","1.32619"
"2887720591","2613141550","1.32619"
"2613141550","2892280644","0.583333"
"2892280644","2613141550","0.583333"
"2887720591","2892280644","0.5"
"2892280644","2887720591","0.5"
"1576354363","3028378014","0.174242"
"3028378014","1576354363","0.174242"
"1606306571","3028378014","0.424242"
"3028378014","1606306571","0.424242"
"2002962776","2613141550","0.340909"
"2613141550","2002962776","0.340909"
"2002962776","3013550390","0.0909091"
"3013550390","2002962776","0.0909091"
"2002962776","3028378014","0.924242"
"3028378014","2002962776","0.924242"
"2412403988","2613141550","0.424242"
"2613141550","2412403988","0.424242"
"2412403988","2945372161","0.778409"
"2945372161","2412403988","0.778409"
"2412403988","3013550390","0.153409"
"3013550390","2412403988","0.153409"
"2412403988","3028378014","0.424242"
"3028378014","2412403988","0.424242"
"2613141550","2773897169","1.1671"
"2773897169","2613141550","1.1671"
"2613141550","2802358804","0.4171"
"2802358804","2613141550","0.4171"
"2613141550","2804147849","0.6671"
"2804147849","2613141550","0.6671"
"2613141550","2945372161","0.940909"
"2945372161","2613141550","0.940909"
"2613141550","2963107557","1.1671"
"2963107557","2613141550","1.1671"
"2613141550","3013550390","0.340909"
"3013550390","2613141550","0.340909"
"2613141550","3028378014","7.5671"
"3028378014","2613141550","7.5671"
"2773897169","2945372161","2.91174"
"2945372161","2773897169","2.91174"
"2773897169","3028378014","0.8171"
"3028378014","2773897169","0.8171"
"2802358804","3013550390","0.153409"
"3013550390","2802358804","0.153409"
"2802358804","3028378014","0.3171"
"3028378014","2802358804","0.3171"
"2804147849","2945372161","1.91174"
"2945372161","2804147849","1.91174"
"2804147849","3013550390","0.320076"
"3013550390","2804147849","0.320076"
"2804147849","3028378014","0.483766"
"3028378014","2804147849","0.483766"
"2945372161","2963107557","4.57841"
"2963107557","2945372161","4.57841"
"2945372161","3028378014","1.62424"
"3028378014","2945372161","1.62424"
"2963107557","3013550390","0.570076"
"3013550390","2963107557","0.570076"
"2963107557","3028378014","2.0671"
"3028378014","2963107557","2.0671"
"3013550390","3028378014","0.457576"
"3028378014","3013550390","0.457576"
"2103209067","2945372161","0.3125"
"2945372161","2103209067","0.3125"
"2103209067","2963107557","0.3125"
"2963107557","2103209067","0.3125"
"1576354363","2294619265","0.0625"
"2294619265","1576354363","0.0625"
"1576354363","2726113388","0.0625"
"2726113388","1576354363","0.0625"
"1576354363","2911426928","0.145833"
"2911426928","1576354363","0.145833"
"1606306571","2294619265","0.0625"
"2294619265","1606306571","0.0625"
"1606306571","2726113388","0.0625"
"2726113388","1606306571","0.0625"
"1606306571","2911426928","0.145833"
"2911426928","1606306571","0.145833"
"1801877240","2122094161","0.0625"
"2122094161","1801877240","0.0625"
"1801877240","2412403988","0.0625"
"2412403988","1801877240","0.0625"
"1801877240","2726113388","0.0625"
"2726113388","1801877240","0.0625"
"1801877240","2773897169","0.0625"
"2773897169","1801877240","0.0625"
"1801877240","2804147849","0.395833"
"2804147849","1801877240","0.395833"
"1801877240","2911426928","0.0625"
"2911426928","1801877240","0.0625"
"1801877240","2963107557","0.0625"
"2963107557","1801877240","0.0625"
"2103209067","2122094161","0.0625"
"2122094161","2103209067","0.0625"
"2103209067","2412403988","0.3125"
"2412403988","2103209067","0.3125"
"2103209067","2726113388","0.0625"
"2726113388","2103209067","0.0625"
"2103209067","2802358804","0.0625"
"2802358804","2103209067","0.0625"
"2103209067","2804147849","0.0625"
"2804147849","2103209067","0.0625"
"2103209067","281005445","1.5625"
"281005445","2103209067","1.5625"
"2103209067","2911426928","0.3125"
"2911426928","2103209067","0.3125"
"2122094161","2294619265","0.0625"
"2294619265","2122094161","0.0625"
"2122094161","2726113388","0.0625"
"2726113388","2122094161","0.0625"
"2122094161","281005445","0.0625"
"281005445","2122094161","0.0625"
"2122094161","2911426928","1.0625"
"2911426928","2122094161","1.0625"
"2122094161","2945372161","0.5625"
"2945372161","2122094161","0.5625"
"2122094161","2979653345","0.0625"
"2979653345","2122094161","0.0625"
"2122094161","3013550390","0.0625"
"3013550390","2122094161","0.0625"
"2294619265","2412403988","0.0625"
"2412403988","2294619265","0.0625"
"2294619265","2726113388","0.595833"
"2726113388","2294619265","0.595833"
"2294619265","2773897169","0.0625"
"2773897169","2294619265","0.0625"
"2294619265","2802358804","0.0625"
"2802358804","2294619265","0.0625"
"2294619265","2804147849","0.0625"
"2804147849","2294619265","0.0625"
"2294619265","2911426928","0.645833"
"2911426928","2294619265","0.645833"
"2294619265","2963107557","0.0625"
"2963107557","2294619265","0.0625"
"2412403988","2726113388","0.0625"
"2726113388","2412403988","0.0625"
"2412403988","281005445","0.0625"
"281005445","2412403988","0.0625"
"2412403988","2911426928","0.145833"
"2911426928","2412403988","0.145833"
"2412403988","2979653345","0.0625"
"2979653345","2412403988","0.0625"
"2726113388","2773897169","0.0625"
"2773897169","2726113388","0.0625"
"2726113388","2802358804","0.0625"
"2802358804","2726113388","0.0625"
"2726113388","2804147849","0.0625"
"2804147849","2726113388","0.0625"
"2726113388","281005445","13.6792"
"281005445","2726113388","13.6792"
"2726113388","2911426928","1.14583"
"2911426928","2726113388","1.14583"
"2726113388","2945372161","0.0625"
"2945372161","2726113388","0.0625"
"2726113388","2963107557","0.3125"
"2963107557","2726113388","0.3125"
"2726113388","2979653345","0.0625"
"2979653345","2726113388","0.0625"
"2726113388","3013550390","0.0625"
"3013550390","2726113388","0.0625"
"2773897169","281005445","0.0625"
"281005445","2773897169","0.0625"
"2773897169","2911426928","0.28869"
"2911426928","2773897169","0.28869"
"2802358804","2911426928","0.28869"
"2911426928","2802358804","0.28869"
"2802358804","2979653345","0.0625"
"2979653345","2802358804","0.0625"
"2804147849","281005445","0.0625"
"281005445","2804147849","0.0625"
"2804147849","2911426928","0.28869"
"2911426928","2804147849","0.28869"
"2804147849","2979653345","0.229167"
"2979653345","2804147849","0.229167"
"281005445","2911426928","0.645833"
"2911426928","281005445","0.645833"
"281005445","2963107557","0.3125"
"2963107557","281005445","0.3125"
"2911426928","2945372161","0.5625"
"2945372161","2911426928","0.5625"
"2911426928","2963107557","1.53869"
"2963107557","2911426928","1.53869"
"2911426928","2979653345","0.0625"
"2979653345","2911426928","0.0625"
"2911426928","3013550390","0.0625"
"3013550390","2911426928","0.0625"
"2963107557","2979653345","0.229167"
"2979653345","2963107557","0.229167"
"2412403988","2892280644","0.25"
"2892280644","2412403988","0.25"
"2613062404","2613141550","0.433333"
"2613141550","2613062404","0.433333"
"2613062404","2892280644","0.416667"
"2892280644","2613062404","0.416667"
"2613062404","2911426928","0.333333"
"2911426928","2613062404","0.333333"
"2613062404","3028378014","0.333333"
"3028378014","2613062404","0.333333"
"2613141550","2911426928","1.72619"
"2911426928","2613141550","1.72619"
"2773897169","2892280644","0.416667"
"2892280644","2773897169","0.416667"
"2802358804","2892280644","0.25"
"2892280644","2802358804","0.25"
"2804147849","2892280644","4.08333"
"2892280644","2804147849","4.08333"
"2887720591","3028378014","1.84286"
"3028378014","2887720591","1.84286"
"2892280644","2911426928","0.0833333"
"2911426928","2892280644","0.0833333"
"2892280644","2963107557","0.75"
"2963107557","2892280644","0.75"
"2892280644","3028378014","0.5"
"3028378014","2892280644","0.5"
"2911426928","3028378014","0.97619"
"3028378014","2911426928","0.97619"
"1596910670","2016728294","0.25"
"2016728294","1596910670","0.25"
"1596910670","1762201507","0.25"
"1762201507","1596910670","0.25"
"1596910670","2143962534","0.25"
"2143962534","1596910670","0.25"
"1762201507","2143962534","0.25"
"2143962534","1762201507","0.25"
"1762201507","2918130713","0.25"
"2918130713","1762201507","0.25"
"1762201507","91261819","0.25"
"91261819","1762201507","0.25"
"2143962534","2918130713","0.25"
"2918130713","2143962534","0.25"
"2143962534","91261819","1.25"
"91261819","2143962534","1.25"
"2918130713","91261819","0.25"
"91261819","2918130713","0.25"
"1626459767","2613141550","0.5"
"2613141550","1626459767","0.5"
"2011469345","2613141550","0.5"
"2613141550","2011469345","0.5"
"1626459767","1751031346","1.08333"
"1751031346","1626459767","1.08333"
"1626459767","1984691967","0.25"
"1984691967","1626459767","0.25"
"1751031346","1984691967","0.25"
"1984691967","1751031346","0.25"
"1751031346","2011469345","1.08333"
"2011469345","1751031346","1.08333"
"1751031346","2595077599","1.25"
