"13075478","2063697083","2.75"
"2063697083","13075478","2.75"
"13075478","2096847529","0.5"
"2096847529","13075478","0.5"
"2063697083","2096847529","2.36111"
"2096847529","2063697083","2.36111"
"13075478","1483867667","0.25"
"1483867667","13075478","0.25"
"13075478","2106273737","0.25"
"2106273737","13075478","0.25"
"13075478","2112783456","0.25"
"2112783456","13075478","0.25"
"1483867667","2063697083","6.41667"
"2063697083","1483867667","6.41667"
"1483867667","2106273737","0.583333"
"2106273737","1483867667","0.583333"
"1483867667","2112783456","6.41667"
"2112783456","1483867667","6.41667"
"2063697083","2106273737","1.19444"
"2106273737","2063697083","1.19444"
"2063697083","2112783456","8.02778"
"2112783456","2063697083","8.02778"
"2106273737","2112783456","0.694444"
"2112783456","2106273737","0.694444"
"1480465426","1535610543","0.826923"
"1535610543","1480465426","0.826923"
"1480465426","2078640285","3.07692"
"2078640285","1480465426","3.07692"
"1480465426","2096321652","1.32692"
"2096321652","1480465426","1.32692"
"1535610543","2078640285","1.22692"
"2078640285","1535610543","1.22692"
"1535610543","2096321652","3.0297"
"2096321652","1535610543","3.0297"
"2078640285","2096321652","2.16026"
"2096321652","2078640285","2.16026"
"1480465426","189281078","0.382479"
"189281078","1480465426","0.382479"
"1535610543","189281078","1.31859"
"189281078","1535610543","1.31859"
"189281078","2078640285","1.01581"
"2078640285","189281078","1.01581"
"189281078","2096321652","0.91859"
"2096321652","189281078","0.91859"
"1480465426","1751256106","0.305556"
"1751256106","1480465426","0.305556"
"1480465426","1973513678","0.326923"
"1973513678","1480465426","0.326923"
"1480465426","2127669244","0.49359"
"2127669244","1480465426","0.49359"
"1751256106","1973513678","7.43571"
"1973513678","1751256106","7.43571"
"1751256106","2078640285","0.638889"
"2078640285","1751256106","0.638889"
"1751256106","2127669244","0.957937"
"2127669244","1751256106","0.957937"
"1973513678","2078640285","0.760256"
"2078640285","1973513678","0.760256"
"1973513678","2127669244","3.41264"
"2127669244","1973513678","3.41264"
"2078640285","2127669244","0.59359"
"2127669244","2078640285","0.59359"
"1480465426","1498184681","0.24359"
"1498184681","1480465426","0.24359"
"1480465426","1579323613","0.0769231"
"1579323613","1480465426","0.0769231"
"1480465426","1590114061","0.132479"
"1590114061","1480465426","0.132479"
"1480465426","1592833546","0.0769231"
"1592833546","1480465426","0.0769231"
"1480465426","1757080034","0.132479"
"1757080034","1480465426","0.132479"
"1480465426","2033357720","0.132479"
"2033357720","1480465426","0.132479"
"1480465426","95740234","0.0769231"
"95740234","1480465426","0.0769231"
"1498184681","1535610543","1.93526"
"1535610543","1498184681","1.93526"
"1498184681","1579323613","0.601923"
"1579323613","1498184681","0.601923"
"1498184681","1590114061","0.132479"
"1590114061","1498184681","0.132479"
"1498184681","1592833546","0.0769231"
"1592833546","1498184681","0.0769231"
"1498184681","1757080034","0.257479"
"1757080034","1498184681","0.257479"
"1498184681","189281078","0.257479"
"189281078","1498184681","0.257479"
"1498184681","1973513678","0.410256"
"1973513678","1498184681","0.410256"
"1498184681","2033357720","0.332479"
"2033357720","1498184681","0.332479"
"1498184681","2078640285","0.44359"
"2078640285","1498184681","0.44359"
"1498184681","2096321652","1.93526"
"2096321652","1498184681","1.93526"
"1498184681","2127669244","0.36859"
"2127669244","1498184681","0.36859"
"1498184681","95740234","0.0769231"
"95740234","1498184681","0.0769231"
"1535610543","1579323613","0.601923"
"1579323613","1535610543","0.601923"
"1535610543","1590114061","0.132479"
"1590114061","1535610543","0.132479"
"1535610543","1592833546","0.188034"
"1592833546","1535610543","0.188034"
"1535610543","1757080034","0.56859"
"1757080034","1535610543","0.56859"
"1535610543","1973513678","0.610256"
"1973513678","1535610543","0.610256"
"1535610543","2033357720","0.44359"
"2033357720","1535610543","0.44359"
"1535610543","2127669244","0.479701"
"2127669244","1535610543","0.479701"
"1535610543","95740234","0.0769231"
"95740234","1535610543","0.0769231"
"1579323613","1590114061","0.0769231"
"1590114061","1579323613","0.0769231"
"1579323613","1592833546","0.0769231"
"1592833546","1579323613","0.0769231"
"1579323613","1757080034","0.201923"
"1757080034","1579323613","0.201923"
"1579323613","189281078","0.201923"
"189281078","1579323613","0.201923"
"1579323613","1973513678","0.0769231"
"1973513678","1579323613","0.0769231"
"1579323613","2033357720","0.276923"
"2033357720","1579323613","0.276923"
"1579323613","2078640285","0.276923"
"2078640285","1579323613","0.276923"
"1579323613","2096321652","0.601923"
"2096321652","1579323613","0.601923"
"1579323613","2127669244","0.201923"
"2127669244","1579323613","0.201923"
"1579323613","95740234","0.0769231"
"95740234","1579323613","0.0769231"
"1590114061","1592833546","0.0769231"
"1592833546","1590114061","0.0769231"
"1590114061","1757080034","0.132479"
"1757080034","1590114061","0.132479"
"1590114061","189281078","0.132479"
"189281078","1590114061","0.132479"
"1590114061","1973513678","0.0769231"
"1973513678","1590114061","0.0769231"
"1590114061","2033357720","0.651447"
"2033357720","1590114061","0.651447"
"1590114061","2078640285","0.132479"
"2078640285","1590114061","0.132479"
"1590114061","2096321652","0.132479"
"2096321652","1590114061","0.132479"
"1590114061","2127669244","0.132479"
"2127669244","1590114061","0.132479"
"1590114061","95740234","0.0769231"
"95740234","1590114061","0.0769231"
"1592833546","1757080034","0.597558"
"1757080034","1592833546","0.597558"
"1592833546","189281078","0.454701"
"189281078","1592833546","0.454701"
"1592833546","1973513678","1.16264"
"1973513678","1592833546","1.16264"
"1592833546","2033357720","0.188034"
"2033357720","1592833546","0.188034"
"1592833546","2078640285","0.176923"
"2078640285","1592833546","0.176923"
"1592833546","2096321652","0.288034"
"2096321652","1592833546","0.288034"
"1592833546","2127669244","7.27375"
"2127669244","1592833546","7.27375"
"1592833546","95740234","1.99597"
"95740234","1592833546","1.99597"
"1757080034","189281078","1.33526"
"189281078","1757080034","1.33526"
"1757080034","1973513678","0.486447"
"1973513678","1757080034","0.486447"
"1757080034","2033357720","0.24359"
"2033357720","1757080034","0.24359"
"1757080034","2078640285","0.432479"
"2078640285","1757080034","0.432479"
"1757080034","2096321652","0.66859"
"2096321652","1757080034","0.66859"
"1757080034","2127669244","2.52811"
"2127669244","1757080034","2.52811"
"1757080034","95740234","0.31978"
"95740234","1757080034","0.31978"
"189281078","1973513678","0.676923"
"1973513678","189281078","0.676923"
"189281078","2033357720","0.24359"
"2033357720","189281078","0.24359"
"189281078","2127669244","1.63526"
"2127669244","189281078","1.63526"
"189281078","95740234","0.176923"
"95740234","189281078","0.176923"
"1973513678","2033357720","0.0769231"
"2033357720","1973513678","0.0769231"
"1973513678","2096321652","0.710256"
"2096321652","1973513678","0.710256"
"1973513678","95740234","0.662637"
"95740234","1973513678","0.662637"
"2033357720","2078640285","0.465812"
"2078640285","2033357720","0.465812"
"2033357720","2096321652","0.776923"
"2096321652","2033357720","0.776923"
"2033357720","2127669244","0.24359"
"2127669244","2033357720","0.24359"
"2033357720","95740234","0.0769231"
"95740234","2033357720","0.0769231"
"2078640285","95740234","0.176923"
"95740234","2078640285","0.176923"
"2096321652","2127669244","0.579701"
"2127669244","2096321652","0.579701"
"2096321652","95740234","0.176923"
"95740234","2096321652","0.176923"
"2127669244","95740234","3.16264"
"95740234","2127669244","3.16264"
"1480465426","1548161540","0.5"
"1548161540","1480465426","0.5"
"1548161540","2078640285","0.833333"
"2078640285","1548161540","0.833333"
"1480465426","1500300053","0.0555556"
"1500300053","1480465426","0.0555556"
"1480465426","1768623249","0.0555556"
"1768623249","1480465426","0.0555556"
"1480465426","1844586300","0.0555556"
"1844586300","1480465426","0.0555556"
"1480465426","1967541846","0.0555556"
"1967541846","1480465426","0.0555556"
"1480465426","2004825836","0.0555556"
"2004825836","1480465426","0.0555556"
"1480465426","2030725284","0.0555556"
"2030725284","1480465426","0.0555556"
"1480465426","2084962311","0.0555556"
"2084962311","1480465426","0.0555556"
"1480465426","2104655596","0.0555556"
"2104655596","1480465426","0.0555556"
"1498184681","1500300053","0.0555556"
"1500300053","1498184681","0.0555556"
"1498184681","1751256106","0.0555556"
"1751256106","1498184681","0.0555556"
"1498184681","1768623249","0.0555556"
"1768623249","1498184681","0.0555556"
"1498184681","1844586300","0.255556"
"1844586300","1498184681","0.255556"
"1498184681","1967541846","0.588889"
"1967541846","1498184681","0.588889"
"1498184681","2004825836","0.0555556"
"2004825836","1498184681","0.0555556"
"1498184681","2030725284","0.0555556"
"2030725284","1498184681","0.0555556"
"1498184681","2084962311","0.0555556"
"2084962311","1498184681","0.0555556"
"1498184681","2104655596","0.180556"
"2104655596","1498184681","0.180556"
"1500300053","1535610543","0.255556"
"1535610543","1500300053","0.255556"
"1500300053","1590114061","0.157857"
"1590114061","1500300053","0.157857"
"1500300053","1751256106","0.255556"
"1751256106","1500300053","0.255556"
"1500300053","1757080034","0.0555556"
"1757080034","1500300053","0.0555556"
"1500300053","1768623249","0.574524"
"1768623249","1500300053","0.574524"
"1500300053","1844586300","0.357857"
"1844586300","1500300053","0.357857"
"1500300053","189281078","0.0555556"
"189281078","1500300053","0.0555556"
"1500300053","1967541846","0.324524"
"1967541846","1500300053","0.324524"
"1500300053","2004825836","0.0555556"
"2004825836","1500300053","0.0555556"
"1500300053","2030725284","0.0555556"
"2030725284","1500300053","0.0555556"
"1500300053","2033357720","0.357857"
"2033357720","1500300053","0.357857"
"1500300053","2078640285","0.0555556"
"2078640285","1500300053","0.0555556"
"1500300053","2084962311","9.97452"
"2084962311","1500300053","9.97452"
"1500300053","2096321652","0.255556"
"2096321652","1500300053","0.255556"
"1500300053","2104655596","0.0555556"
"2104655596","1500300053","0.0555556"
"1500300053","2127669244","0.0555556"
"2127669244","1500300053","0.0555556"
"1535610543","1751256106","0.255556"
"1751256106","1535610543","0.255556"
"1535610543","1768623249","1.05556"
"1768623249","1535610543","1.05556"
"1535610543","1844586300","0.255556"
"1844586300","1535610543","0.255556"
"1535610543","1967541846","0.588889"
"1967541846","1535610543","0.588889"
"1535610543","2004825836","0.366667"
"2004825836","1535610543","0.366667"
"1535610543","2030725284","0.0555556"
"2030725284","1535610543","0.0555556"
"1535610543","2084962311","0.255556"
"2084962311","1535610543","0.255556"
"1535610543","2104655596","0.180556"
"2104655596","1535610543","0.180556"
"1590114061","1751256106","0.0555556"
"1751256106","1590114061","0.0555556"
"1590114061","1768623249","0.574524"
"1768623249","1590114061","0.574524"
"1590114061","1844586300","0.157857"
"1844586300","1590114061","0.157857"
"1590114061","1967541846","0.574524"
"1967541846","1590114061","0.574524"
"1590114061","2004825836","0.0555556"
"2004825836","1590114061","0.0555556"
"1590114061","2030725284","0.0555556"
"2030725284","1590114061","0.0555556"
"1590114061","2084962311","0.157857"
"2084962311","1590114061","0.157857"
"1590114061","2104655596","0.0555556"
"2104655596","1590114061","0.0555556"
"1751256106","1757080034","0.365079"
"1757080034","1751256106","0.365079"
"1751256106","1768623249","0.0555556"
"1768623249","1751256106","0.0555556"
"1751256106","1844586300","0.0555556"
"1844586300","1751256106","0.0555556"
"1751256106","189281078","0.555556"
"189281078","1751256106","0.555556"
"1751256106","1967541846","0.0555556"
"1967541846","1751256106","0.0555556"
"1751256106","2004825836","0.365079"
"2004825836","1751256106","0.365079"
"1751256106","2030725284","0.0555556"
"2030725284","1751256106","0.0555556"
"1751256106","2033357720","0.0555556"
"2033357720","1751256106","0.0555556"
"1751256106","2084962311","0.255556"
"2084962311","1751256106","0.255556"
"1751256106","2096321652","0.255556"
"2096321652","1751256106","0.255556"
"1751256106","2104655596","0.0555556"
"2104655596","1751256106","0.0555556"
"1757080034","1768623249","0.0555556"
"1768623249","1757080034","0.0555556"
"1757080034","1844586300","0.0555556"
"1844586300","1757080034","0.0555556"
"1757080034","1967541846","0.0555556"
"1967541846","1757080034","0.0555556"
"1757080034","2004825836","5.02619"
"2004825836","1757080034","5.02619"
"1757080034","2030725284","0.0555556"
"2030725284","1757080034","0.0555556"
"1757080034","2084962311","0.0555556"
"2084962311","1757080034","0.0555556"
"1757080034","2104655596","0.447222"
"2104655596","1757080034","0.447222"
"1768623249","1844586300","0.157857"
"1844586300","1768623249","0.157857"
"1768623249","189281078","0.0555556"
"189281078","1768623249","0.0555556"
"1768623249","1967541846","1.24119"
"1967541846","1768623249","1.24119"
"1768623249","2004825836","0.0555556"
"2004825836","1768623249","0.0555556"
"1768623249","2030725284","0.0555556"
"2030725284","1768623249","0.0555556"
"1768623249","2033357720","0.574524"
"2033357720","1768623249","0.574524"
"1768623249","2078640285","0.0555556"
"2078640285","1768623249","0.0555556"
"1768623249","2084962311","0.574524"
"2084962311","1768623249","0.574524"
"1768623249","2096321652","0.0555556"
"2096321652","1768623249","0.0555556"
"1768623249","2104655596","0.0555556"
"2104655596","1768623249","0.0555556"
"1768623249","2127669244","0.0555556"
"2127669244","1768623249","0.0555556"
"1844586300","189281078","0.0555556"
"189281078","1844586300","0.0555556"
"1844586300","1967541846","0.491191"
"1967541846","1844586300","0.491191"
"1844586300","2004825836","0.0555556"
"2004825836","1844586300","0.0555556"
"1844586300","2030725284","0.0555556"
"2030725284","1844586300","0.0555556"
"1844586300","2033357720","1.64119"
"2033357720","1844586300","1.64119"
"1844586300","2078640285","0.0555556"
"2078640285","1844586300","0.0555556"
"1844586300","2084962311","0.357857"
"2084962311","1844586300","0.357857"
"1844586300","2096321652","0.255556"
"2096321652","1844586300","0.255556"
"1844586300","2104655596","0.0555556"
"2104655596","1844586300","0.0555556"
"1844586300","2127669244","0.0555556"
"2127669244","1844586300","0.0555556"
"189281078","1967541846","0.0555556"
"1967541846","189281078","0.0555556"
"189281078","2004825836","1.13333"
"2004825836","189281078","1.13333"
"189281078","2030725284","0.0555556"
"2030725284","189281078","0.0555556"
"189281078","2084962311","0.0555556"
"2084962311","189281078","0.0555556"
"189281078","2104655596","0.280556"
"2104655596","189281078","0.280556"
"1967541846","2004825836","0.0555556"
"2004825836","1967541846","0.0555556"
"1967541846","2030725284","0.0555556"
"2030725284","1967541846","0.0555556"
"1967541846","2033357720","0.907857"
"2033357720","1967541846","0.907857"
"1967541846","2078640285","0.255556"
"2078640285","1967541846","0.255556"
"1967541846","2084962311","0.324524"
"2084962311","1967541846","0.324524"
"1967541846","2096321652","0.588889"
"2096321652","1967541846","0.588889"
"1967541846","2104655596","0.0555556"
"2104655596","1967541846","0.0555556"
"1967541846","2127669244","0.0555556"
"2127669244","1967541846","0.0555556"
"2004825836","2030725284","0.0555556"
"2030725284","2004825836","0.0555556"
"2004825836","2033357720","0.166667"
"2033357720","2004825836","0.166667"
"2004825836","2078640285","0.355556"
"2078640285","2004825836","0.355556"
"2004825836","2084962311","0.0555556"
"2084962311","2004825836","0.0555556"
"2004825836","2096321652","0.466667"
"2096321652","2004825836","0.466667"
"2004825836","2104655596","0.322222"
"2104655596","2004825836","0.322222"
"2004825836","2127669244","2.32619"
"2127669244","2004825836","2.32619"
"2030725284","2033357720","0.0555556"
"2033357720","2030725284","0.0555556"
"2030725284","2078640285","0.0555556"
"2078640285","2030725284","0.0555556"
"2030725284","2084962311","0.0555556"
"2084962311","2030725284","0.0555556"
"2030725284","2096321652","0.0555556"
"2096321652","2030725284","0.0555556"
"2030725284","2104655596","4.05556"
"2104655596","2030725284","4.05556"
"2030725284","2127669244","0.0555556"
"2127669244","2030725284","0.0555556"
"2033357720","2084962311","0.357857"
"2084962311","2033357720","0.357857"
"2033357720","2104655596","0.0555556"
"2104655596","2033357720","0.0555556"
"2078640285","2084962311","0.0555556"
"2084962311","2078640285","0.0555556"
"2078640285","2104655596","0.155556"
"2104655596","2078640285","0.155556"
"2084962311","2096321652","0.255556"
"2096321652","2084962311","0.255556"
"2084962311","2104655596","0.0555556"
"2104655596","2084962311","0.0555556"
"2084962311","2127669244","0.0555556"
"2127669244","2084962311","0.0555556"
"2096321652","2104655596","1.28056"
"2104655596","2096321652","1.28056"
"2104655596","2127669244","0.280556"
"2127669244","2104655596","0.280556"
"1480465426","1605604022","0.111111"
"1605604022","1480465426","0.111111"
"1480465426","1984549899","0.111111"
"1984549899","1480465426","0.111111"
"1480465426","2086632274","0.111111"
"2086632274","1480465426","0.111111"
"1480465426","2604247741","0.111111"
"2604247741","1480465426","0.111111"
"1498184681","1605604022","0.111111"
"1605604022","1498184681","0.111111"
"1498184681","1984549899","0.236111"
"1984549899","1498184681","0.236111"
"1498184681","2086632274","0.111111"
"2086632274","1498184681","0.111111"
"1498184681","2604247741","0.111111"
"2604247741","1498184681","0.111111"
"1535610543","1605604022","0.111111"
"1605604022","1535610543","0.111111"
"1535610543","1984549899","0.236111"
"1984549899","1535610543","0.236111"
"1535610543","2086632274","0.111111"
"2086632274","1535610543","0.111111"
"1535610543","2604247741","0.222222"
"2604247741","1535610543","0.222222"
"1605604022","1984549899","0.111111"
"1984549899","1605604022","0.111111"
"1605604022","2078640285","0.111111"
"2078640285","1605604022","0.111111"
"1605604022","2086632274","12.6111"
"2086632274","1605604022","12.6111"
"1605604022","2096321652","0.111111"
"2096321652","1605604022","0.111111"
"1605604022","2127669244","0.111111"
"2127669244","1605604022","0.111111"
"1605604022","2604247741","0.111111"
"2604247741","1605604022","0.111111"
"1984549899","2078640285","0.211111"
"2078640285","1984549899","0.211111"
"1984549899","2086632274","0.111111"
"2086632274","1984549899","0.111111"
"1984549899","2096321652","0.336111"
"2096321652","1984549899","0.336111"
"1984549899","2127669244","0.336111"
"2127669244","1984549899","0.336111"
"1984549899","2604247741","0.111111"
"2604247741","1984549899","0.111111"
"2078640285","2086632274","0.111111"
"2086632274","2078640285","0.111111"
"2078640285","2604247741","0.111111"
"2604247741","2078640285","0.111111"
"2086632274","2096321652","0.111111"
"2096321652","2086632274","0.111111"
"2086632274","2127669244","0.111111"
"2127669244","2086632274","0.111111"
"2086632274","2604247741","0.111111"
"2604247741","2086632274","0.111111"
"2096321652","2604247741","0.222222"
"2604247741","2096321652","0.222222"
"2127669244","2604247741","0.222222"
"2604247741","2127669244","0.222222"
"1483867667","1598935688","0.25"
"1598935688","1483867667","0.25"
"1483867667","2096847529","0.25"
"2096847529","1483867667","0.25"
"1598935688","2063697083","0.361111"
"2063697083","1598935688","0.361111"
"1598935688","2096847529","0.361111"
"2096847529","1598935688","0.361111"
"1598935688","2112783456","0.361111"
"2112783456","1598935688","0.361111"
"2096847529","2112783456","2.86111"
"2112783456","2096847529","2.86111"
"1483867667","1513776474","0.25"
"1513776474","1483867667","0.25"
"1483867667","1972783266","0.25"
"1972783266","1483867667","0.25"
"1513776474","1972783266","0.25"
"1972783266","1513776474","0.25"
"1513776474","2063697083","1.75"
"2063697083","1513776474","1.75"
"1513776474","2112783456","0.25"
"2112783456","1513776474","0.25"
"1972783266","2063697083","1.08333"
"2063697083","1972783266","1.08333"
"1972783266","2112783456","0.25"
"2112783456","1972783266","0.25"
"1483867667","1931371068","0.333333"
"1931371068","1483867667","0.333333"
"1931371068","2063697083","4.33333"
"2063697083","1931371068","4.33333"
"1931371068","2112783456","2.83333"
"2112783456","1931371068","2.83333"
"1486401440","1574383609","1.7373"
"1574383609","1486401440","1.7373"
"1486401440","1604896594","1.12063"
"1604896594","1486401440","1.12063"
"1486401440","2034976075","1"
"2034976075","1486401440","1"
"1486401440","2050696461","3.2373"
"2050696461","1486401440","3.2373"
"1574383609","1604896594","1.24563"
"1604896594","1574383609","1.24563"
"1574383609","2034976075","1"
"2034976075","1574383609","1"
"1574383609","2050696461","1.97341"
"2050696461","1574383609","1.97341"
"1604896594","2034976075","0.5"
"2034976075","1604896594","0.5"
"1604896594","2050696461","1.24563"
"2050696461","1604896594","1.24563"
"2034976075","2050696461","1.125"
"2050696461","2034976075","1.125"
"1486401440","1534906930","1.4873"
"1534906930","1486401440","1.4873"
"1486401440","2029053609","0.166667"
"2029053609","1486401440","0.166667"
"1486401440","2141540907","1.2873"
"2141540907","1486401440","1.2873"
"1534906930","1574383609","1.6123"
"1574383609","1534906930","1.6123"
"1534906930","1604896594","0.995635"
"1604896594","1534906930","0.995635"
"1534906930","2029053609","0.309524"
"2029053609","1534906930","0.309524"
"1534906930","2050696461","1.94563"
"2050696461","1534906930","1.94563"
"1534906930","2141540907","1.88849"
"2141540907","1534906930","1.88849"
"1574383609","2029053609","0.166667"
"2029053609","1574383609","0.166667"
"1574383609","2141540907","1.52341"
"2141540907","1574383609","1.52341"
"1604896594","2029053609","0.166667"
"2029053609","1604896594","0.166667"
"1604896594","2141540907","0.995635"
"2141540907","1604896594","0.995635"
"2029053609","2050696461","0.291667"
"2050696461","2029053609","0.291667"
"2029053609","2141540907","0.434524"
"2141540907","2029053609","0.434524"
"2050696461","2141540907","2.98175"
"2141540907","2050696461","2.98175"
"1486401440","1523704439","0.420635"
"1523704439","1486401440","0.420635"
"1486401440","1607945616","0.366667"
"1607945616","1486401440","0.366667"
"1523704439","1534906930","0.545635"
"1534906930","1523704439","0.545635"
"1523704439","1574383609","0.656746"
"1574383609","1523704439","0.656746"
"1523704439","1607945616","1.52778"
"1607945616","1523704439","1.52778"
"1523704439","2050696461","7.28175"
"2050696461","1523704439","7.28175"
"1523704439","2141540907","1.28175"
"2141540907","1523704439","1.28175"
"1534906930","1607945616","0.825"
"1607945616","1534906930","0.825"
"1574383609","1607945616","0.602778"
"1607945616","1574383609","0.602778"
"1607945616","2050696461","2.56111"
"2050696461","1607945616","2.56111"
"1607945616","2141540907","1.36111"
"2141540907","1607945616","1.36111"
"1486401440","2095124472","0.394444"
"2095124472","1486401440","0.394444"
"1534906930","2095124472","0.537302"
"2095124472","1534906930","0.537302"
"1574383609","2095124472","0.394444"
"2095124472","1574383609","0.394444"
"1607945616","2095124472","0.325"
"2095124472","1607945616","0.325"
"2050696461","2095124472","0.519444"
"2095124472","2050696461","0.519444"
"1486401440","1512537034","0.0833333"
"1512537034","1486401440","0.0833333"
"1486401440","1542489629","0.0833333"
"1542489629","1486401440","0.0833333"
"1486401440","1973636685","0.0833333"
"1973636685","1486401440","0.0833333"
"1486401440","2033476605","0.0833333"
"2033476605","1486401440","0.0833333"
"1486401440","2145124574","0.194444"
"2145124574","1486401440","0.194444"
"1512537034","1534906930","0.22619"
"1534906930","1512537034","0.22619"
"1512537034","1542489629","1.26905"
"1542489629","1512537034","1.26905"
"1512537034","1574383609","0.0833333"
"1574383609","1512537034","0.0833333"
"1512537034","1604896594","0.0833333"
"1604896594","1512537034","0.0833333"
"1512537034","1973636685","1.22619"
"1973636685","1512537034","1.22619"
"1512537034","2033476605","0.283333"
"2033476605","1512537034","0.283333"
"1512537034","2034976075","1.76905"
"2034976075","1512537034","1.76905"
"1512537034","2050696461","0.0833333"
"2050696461","1512537034","0.0833333"
"1512537034","2095124472","1.26905"
"2095124472","1512537034","1.26905"
"1512537034","2141540907","0.22619"
"2141540907","1512537034","0.22619"
"1512537034","2145124574","0.22619"
"2145124574","1512537034","0.22619"
"1534906930","1542489629","0.22619"
"1542489629","1534906930","0.22619"
"1534906930","1973636685","0.0833333"
"1973636685","1534906930","0.0833333"
"1534906930","2033476605","0.0833333"
"2033476605","1534906930","0.0833333"
"1534906930","2034976075","1.39286"
"2034976075","1534906930","1.39286"
"1534906930","2145124574","0.319444"
"2145124574","1534906930","0.319444"
"1542489629","1574383609","0.0833333"
"1574383609","1542489629","0.0833333"
"1542489629","1604896594","0.0833333"
"1604896594","1542489629","0.0833333"
"1542489629","1973636685","0.22619"
"1973636685","1542489629","0.22619"
"1542489629","2033476605","0.283333"
"2033476605","1542489629","0.283333"
"1542489629","2034976075","2.26905"
"2034976075","1542489629","2.26905"
"1542489629","2050696461","0.0833333"
"2050696461","1542489629","0.0833333"
"1542489629","2095124472","0.769048"
"2095124472","1542489629","0.769048"
"1542489629","2141540907","0.22619"
"2141540907","1542489629","0.22619"
"1542489629","2145124574","0.22619"
"2145124574","1542489629","0.22619"
"1574383609","1973636685","0.0833333"
"1973636685","1574383609","0.0833333"
"1574383609","2033476605","0.0833333"
"2033476605","1574383609","0.0833333"
"1574383609","2145124574","0.319444"
"2145124574","1574383609","0.319444"
"1604896594","1973636685","0.0833333"
"1973636685","1604896594","0.0833333"
"1604896594","2033476605","0.0833333"
"2033476605","1604896594","0.0833333"
"1604896594","2095124472","0.194444"
"2095124472","1604896594","0.194444"
"1604896594","2145124574","0.319444"
"2145124574","1604896594","0.319444"
"1973636685","2033476605","0.183333"
"2033476605","1973636685","0.183333"
"1973636685","2034976075","0.72619"
"2034976075","1973636685","0.72619"
"1973636685","2050696461","0.0833333"
"2050696461","1973636685","0.0833333"
"1973636685","2095124472","0.22619"
"2095124472","1973636685","0.22619"
"1973636685","2141540907","0.0833333"
"2141540907","1973636685","0.0833333"
"1973636685","2145124574","0.22619"
"2145124574","1973636685","0.22619"
"2033476605","2034976075","0.283333"
"2034976075","2033476605","0.283333"
"2033476605","2050696461","0.0833333"
"2050696461","2033476605","0.0833333"
"2033476605","2095124472","0.283333"
"2095124472","2033476605","0.283333"
"2033476605","2141540907","0.0833333"
"2141540907","2033476605","0.0833333"
"2033476605","2145124574","0.0833333"
"2145124574","2033476605","0.0833333"
"2034976075","2095124472","2.47738"
"2095124472","2034976075","2.47738"
"2034976075","2141540907","0.517857"
"2141540907","2034976075","0.517857"
"2034976075","2145124574","1.30952"
"2145124574","2034976075","1.30952"
"2050696461","2145124574","0.319444"
"2145124574","2050696461","0.319444"
"2095124472","2141540907","0.462302"
"2141540907","2095124472","0.462302"
"2095124472","2145124574","4.42063"
"2145124574","2095124472","4.42063"
"2141540907","2145124574","0.319444"
"2145124574","2141540907","0.319444"
"1486401440","2149751208","0.111111"
"2149751208","1486401440","0.111111"
"1523704439","1604896594","0.378968"
"1604896594","1523704439","0.378968"
"1523704439","2095124472","0.236111"
"2095124472","1523704439","0.236111"
"1523704439","2145124574","1.23611"
"2145124574","1523704439","1.23611"
"1523704439","2149751208","0.236111"
"2149751208","1523704439","0.236111"
"1534906930","2149751208","0.111111"
"2149751208","1534906930","0.111111"
"1574383609","2149751208","0.611111"
"2149751208","1574383609","0.611111"
"1604896594","2149751208","0.111111"
"2149751208","1604896594","0.111111"
"2050696461","2149751208","0.236111"
"2149751208","2050696461","0.236111"
"2095124472","2149751208","0.628968"
"2149751208","2095124472","0.628968"
"2141540907","2149751208","0.236111"
"2149751208","2141540907","0.236111"
"2145124574","2149751208","0.503968"
"2149751208","2145124574","0.503968"
"1486401440","1598935688","0.142857"
"1598935688","1486401440","0.142857"
"1523704439","1598935688","0.503968"
"1598935688","1523704439","0.503968"
"1534906930","1598935688","0.267857"
"1598935688","1534906930","0.267857"
"1574383609","1598935688","2.87897"
"1598935688","1574383609","2.87897"
"1598935688","1604896594","0.267857"
"1604896594","1598935688","0.267857"
"1598935688","2050696461","0.503968"
"2050696461","1598935688","0.503968"
"1598935688","2141540907","0.503968"
"2141540907","1598935688","0.503968"
"1492063209","1492517744","1.83333"
"1492517744","1492063209","1.83333"
"1492063209","2004686283","0.625"
"2004686283","1492063209","0.625"
"1492063209","2146477719","0.333333"
"2146477719","1492063209","0.333333"
"1492517744","2004686283","0.533333"
"2004686283","1492517744","0.533333"
"1492517744","2146477719","0.333333"
"2146477719","1492517744","0.333333"
"2004686283","2146477719","0.333333"
"2146477719","2004686283","0.333333"
"1492063209","1976509389","1.125"
"1976509389","1492063209","1.125"
"1492063209","1496113768","0.125"
"1496113768","1492063209","0.125"
"1492063209","1513776474","0.291667"
"1513776474","1492063209","0.291667"
"1492063209","1571433409","0.125"
"1571433409","1492063209","0.125"
"1492063209","1751314218","0.125"
"1751314218","1492063209","0.125"
"1492063209","2026168616","0.125"
"2026168616","1492063209","0.125"
"1492063209","2050921907","0.125"
"2050921907","1492063209","0.125"
"1496113768","1513776474","0.501812"
"1513776474","1496113768","0.501812"
"1496113768","1571433409","0.585145"
"1571433409","1496113768","0.585145"
"1496113768","1751314218","0.751812"
"1751314218","1496113768","0.751812"
"1496113768","1976509389","0.375"
"1976509389","1496113768","0.375"
"1496113768","2004686283","2.40657"
"2004686283","1496113768","2.40657"
"1496113768","2026168616","1.40657"
"2026168616","1496113768","1.40657"
"1496113768","2050921907","0.751812"
"2050921907","1496113768","0.751812"
"1513776474","1571433409","0.335145"
"1571433409","1513776474","0.335145"
"1513776474","1751314218","0.168478"
"1751314218","1513776474","0.168478"
"1513776474","1976509389","0.125"
"1976509389","1513776474","0.125"
"1513776474","2004686283","1.7273"
"2004686283","1513776474","1.7273"
"1513776474","2026168616","0.560635"
"2026168616","1513776474","0.560635"
"1513776474","2050921907","0.560635"
"2050921907","1513776474","0.560635"
"1571433409","1751314218","0.418478"
"1751314218","1571433409","0.418478"
"1571433409","1976509389","0.708333"
"1976509389","1571433409","0.708333"
"1571433409","2004686283","1.28514"
"2004686283","1571433409","1.28514"
"1571433409","2026168616","0.335145"
"2026168616","1571433409","0.335145"
"1571433409","2050921907","1.03514"
"2050921907","1571433409","1.03514"
"1751314218","1976509389","0.375"
"1976509389","1751314218","0.375"
"1751314218","2004686283","0.751812"
"2004686283","1751314218","0.751812"
"1751314218","2026168616","0.501812"
"2026168616","1751314218","0.501812"
"1751314218","2050921907","0.168478"
"2050921907","1751314218","0.168478"
"1976509389","2004686283","2.875"
"2004686283","1976509389","2.875"
"1976509389","2026168616","0.125"
"2026168616","1976509389","0.125"
"1976509389","2050921907","0.625"
"2050921907","1976509389","0.625"
"2004686283","2026168616","2.9654"
"2026168616","2004686283","2.9654"
"2004686283","2050921907","5.01063"
"2050921907","2004686283","5.01063"
"2026168616","2050921907","1.31064"
"2050921907","2026168616","1.31064"
"1492063209","2040755567","1.5"
"2040755567","1492063209","1.5"
"1492517744","2040755567","0.5"
"2040755567","1492517744","0.5"
"1492063209","1757080034","0.5"
"1757080034","1492063209","0.5"
"1492063209","2004825836","0.5"
"2004825836","1492063209","0.5"
"1492063209","2033476605","0.5"
"2033476605","1492063209","0.5"
"1492063209","2104655596","0.166667"
"2104655596","1492063209","0.166667"
"1513776474","1757080034","0.166667"
"1757080034","1513776474","0.166667"
"1513776474","2004825836","0.166667"
"2004825836","1513776474","0.166667"
"1513776474","2033476605","0.166667"
"2033476605","1513776474","0.166667"
"1513776474","2104655596","0.166667"
"2104655596","1513776474","0.166667"
"1757080034","2004686283","0.166667"
"2004686283","1757080034","0.166667"
"1757080034","2033476605","1.25"
"2033476605","1757080034","1.25"
"2004686283","2004825836","0.166667"
"2004825836","2004686283","0.166667"
"2004686283","2033476605","0.266667"
"2033476605","2004686283","0.266667"
"2004686283","2104655596","0.166667"
"2104655596","2004686283","0.166667"
"2004825836","2033476605","1.25"
"2033476605","2004825836","1.25"
"2033476605","2104655596","0.166667"
"2104655596","2033476605","0.166667"
"1492517744","1571433409","0.7"
"1571433409","1492517744","0.7"
"1492517744","2142053489","0.5"
"2142053489","1492517744","0.5"
"1571433409","2142053489","6.04348"
"2142053489","1571433409","6.04348"
"1492517744","1583189620","0.2"
"1583189620","1492517744","0.2"
"1492517744","2050921907","0.2"
"2050921907","1492517744","0.2"
"1492517744","2076170197","0.2"
"2076170197","1492517744","0.2"
"1571433409","1583189620","0.2"
"1583189620","1571433409","0.2"
"1571433409","2076170197","1.53333"
"2076170197","1571433409","1.53333"
"1583189620","2004686283","0.366667"
"2004686283","1583189620","0.366667"
"1583189620","2050921907","0.366667"
"2050921907","1583189620","0.366667"
"1583189620","2076170197","6.78333"
"2076170197","1583189620","6.78333"
"2004686283","2076170197","0.2"
"2076170197","2004686283","0.2"
"2050921907","2076170197","0.2"
"2076170197","2050921907","0.2"
"1496113768","1571655572","0.626812"
"1571655572","1496113768","0.626812"
"1496113768","1583189620","0.166667"
"1583189620","1496113768","0.166667"
"1513776474","1571655572","0.435635"
"1571655572","1513776474","0.435635"
"1513776474","1583189620","0.166667"
"1583189620","1513776474","0.166667"
"1571655572","1583189620","0.166667"
"1583189620","1571655572","0.166667"
"1571655572","2004686283","1.32849"
"2004686283","1571655572","1.32849"
"1571655572","2026168616","0.685635"
"2026168616","1571655572","0.685635"
"1571655572","2050921907","4.43564"
"2050921907","1571655572","4.43564"
"1583189620","2026168616","0.166667"
"2026168616","1583189620","0.166667"
"1571433409","1571655572","0.210145"
"1571655572","1571433409","0.210145"
"1496113768","1531976089","0.25"
"1531976089","1496113768","0.25"
"1531976089","1571655572","1.5"
"1571655572","1531976089","1.5"
"1531976089","2004686283","0.25"
"2004686283","1531976089","0.25"
"1531976089","2050921907","1.5"
"2050921907","1531976089","1.5"
"1496113768","1498225449","0.0434783"
"1498225449","1496113768","0.0434783"
"1496113768","1500300053","0.0434783"
"1500300053","1496113768","0.0434783"
"1496113768","1536279287","0.0434783"
"1536279287","1496113768","0.0434783"
"1496113768","1548161540","0.0434783"
"1548161540","1496113768","0.0434783"
"1496113768","1590114061","0.0434783"
"1590114061","1496113768","0.0434783"
"1496113768","1599371198","0.0434783"
"1599371198","1496113768","0.0434783"
"1496113768","1601994416","0.0434783"
"1601994416","1496113768","0.0434783"
"1496113768","1768623249","0.0434783"
"1768623249","1496113768","0.0434783"
"1496113768","1844586300","0.0434783"
"1844586300","1496113768","0.0434783"
"1496113768","1967541846","0.0434783"
"1967541846","1496113768","0.0434783"
"1496113768","1993139642","0.0434783"
"1993139642","1496113768","0.0434783"
"1496113768","2033357720","0.543478"
"2033357720","1496113768","0.543478"
"1496113768","2046431921","0.0434783"
"2046431921","1496113768","0.0434783"
"1496113768","2084962311","0.0434783"
"2084962311","1496113768","0.0434783"
"1496113768","2142053489","0.0434783"
"2142053489","1496113768","0.0434783"
"1496113768","2149425467","0.0434783"
"2149425467","1496113768","0.0434783"
"1498225449","1500300053","0.468968"
"1500300053","1498225449","0.468968"
"1498225449","1513776474","0.102302"
"1513776474","1498225449","0.102302"
"1498225449","1536279287","0.0434783"
"1536279287","1498225449","0.0434783"
"1498225449","1548161540","0.352302"
"1548161540","1498225449","0.352302"
"1498225449","1571433409","0.0434783"
"1571433409","1498225449","0.0434783"
"1498225449","1571655572","0.102302"
"1571655572","1498225449","0.102302"
"1498225449","1590114061","0.102302"
"1590114061","1498225449","0.102302"
"1498225449","1599371198","0.102302"
"1599371198","1498225449","0.102302"
"1498225449","1601994416","0.102302"
"1601994416","1498225449","0.102302"
"1498225449","1751314218","0.0434783"
"1751314218","1498225449","0.0434783"
"1498225449","1768623249","0.268968"
"1768623249","1498225449","0.268968"
"1498225449","1844586300","1.38564"
"1844586300","1498225449","1.38564"
"1498225449","1967541846","0.602302"
"1967541846","1498225449","0.602302"
"1498225449","1993139642","0.268968"
"1993139642","1498225449","0.268968"
"1498225449","2004686283","0.468968"
"2004686283","1498225449","0.468968"
"1498225449","2026168616","0.102302"
"2026168616","1498225449","0.102302"
"1498225449","2033357720","1.38564"
"2033357720","1498225449","1.38564"
"1498225449","2046431921","0.0434783"
"2046431921","1498225449","0.0434783"
"1498225449","2050921907","0.102302"
"2050921907","1498225449","0.102302"
"1498225449","2084962311","0.468968"
"2084962311","1498225449","0.468968"
"1498225449","2142053489","0.0434783"
"2142053489","1498225449","0.0434783"
"1498225449","2149425467","0.0434783"
"2149425467","1498225449","0.0434783"
"1500300053","1513776474","0.102302"
"1513776474","1500300053","0.102302"
"1500300053","1536279287","0.0434783"
"1536279287","1500300053","0.0434783"
"1500300053","1548161540","0.102302"
"1548161540","1500300053","0.102302"
"1500300053","1571433409","0.0434783"
"1571433409","1500300053","0.0434783"
"1500300053","1571655572","0.102302"
"1571655572","1500300053","0.102302"
"1500300053","1599371198","0.102302"
"1599371198","1500300053","0.102302"
"1500300053","1601994416","0.102302"
"1601994416","1500300053","0.102302"
"1500300053","1751314218","0.0434783"
"1751314218","1500300053","0.0434783"
"1500300053","1993139642","0.518968"
"1993139642","1500300053","0.518968"
"1500300053","2004686283","0.718968"
"2004686283","1500300053","0.718968"
"1500300053","2026168616","0.102302"
"2026168616","1500300053","0.102302"
"1500300053","2046431921","0.0434783"
"2046431921","1500300053","0.0434783"
"1500300053","2050921907","0.102302"
"2050921907","1500300053","0.102302"
"1500300053","2142053489","0.0434783"
"2142053489","1500300053","0.0434783"
"1500300053","2149425467","0.0434783"
"2149425467","1500300053","0.0434783"
"1513776474","1536279287","0.0434783"
"1536279287","1513776474","0.0434783"
"1513776474","1548161540","0.102302"
"1548161540","1513776474","0.102302"
"1513776474","1590114061","0.102302"
"1590114061","1513776474","0.102302"
"1513776474","1599371198","0.102302"
"1599371198","1513776474","0.102302"
"1513776474","1601994416","0.102302"
"1601994416","1513776474","0.102302"
"1513776474","1768623249","0.102302"
"1768623249","1513776474","0.102302"
"1513776474","1844586300","0.102302"
"1844586300","1513776474","0.102302"
"1513776474","1967541846","0.102302"
"1967541846","1513776474","0.102302"
"1513776474","1993139642","0.102302"
"1993139642","1513776474","0.102302"
"1513776474","2033357720","0.102302"
"2033357720","1513776474","0.102302"
"1513776474","2046431921","0.0434783"
"2046431921","1513776474","0.0434783"
"1513776474","2084962311","0.102302"
"2084962311","1513776474","0.102302"
"1513776474","2142053489","0.0434783"
"2142053489","1513776474","0.0434783"
"1513776474","2149425467","0.0434783"
"2149425467","1513776474","0.0434783"
"1536279287","1548161540","0.0434783"
"1548161540","1536279287","0.0434783"
"1536279287","1571433409","0.0434783"
"1571433409","1536279287","0.0434783"
