"1032067220","2612989134","15.5"
"2612989134","1032067220","15.5"
"1032067220","2112130143","0.5"
"2112130143","1032067220","0.5"
"2112130143","2612989134","0.5"
"2612989134","2112130143","0.5"
"1032067220","2898433994","1.5"
"2898433994","1032067220","1.5"
"2612989134","2898433994","3"
"2898433994","2612989134","3"
"1032067220","2887232036","1.5"
"2887232036","1032067220","1.5"
"2612989134","2887232036","3"
"2887232036","2612989134","3"
"1494233816","2116136273","1"
"2116136273","1494233816","1"
"1494233816","2102157664","2"
"2102157664","1494233816","2"
"1494233816","2143106812","1"
"2143106812","1494233816","1"
"1501678767","1968568562","8.61667"
"1968568562","1501678767","8.61667"
"1501678767","2043224356","0.5"
"2043224356","1501678767","0.5"
"1968568562","2043224356","1.5"
"2043224356","1968568562","1.5"
"1501678767","2131249111","6"
"2131249111","1501678767","6"
"1501678767","1544002045","1.66667"
"1544002045","1501678767","1.66667"
"1544002045","1968568562","2.66667"
"1968568562","1544002045","2.66667"
"1544002045","2131249111","1.33333"
"2131249111","1544002045","1.33333"
"1968568562","2131249111","3"
"2131249111","1968568562","3"
"1501678767","2052920167","3"
"2052920167","1501678767","3"
"1968568562","2052920167","2"
"2052920167","1968568562","2"
"2052920167","2131249111","2.66667"
"2131249111","2052920167","2.66667"
"1544002045","2052920167","1.33333"
"2052920167","1544002045","1.33333"
"1501678767","1503410176","0.0909091"
"1503410176","1501678767","0.0909091"
"1501678767","2026550695","0.340909"
"2026550695","1501678767","0.340909"
"1501678767","2058254784","0.0909091"
"2058254784","1501678767","0.0909091"
"1501678767","2082141961","0.0909091"
"2082141961","1501678767","0.0909091"
"1501678767","2104906863","0.0909091"
"2104906863","1501678767","0.0909091"
"1501678767","2110037957","0.0909091"
"2110037957","1501678767","0.0909091"
"1501678767","2142006107","0.0909091"
"2142006107","1501678767","0.0909091"
"1501678767","2144158804","0.424242"
"2144158804","1501678767","0.424242"
"1501678767","2149350968","0.340909"
"2149350968","1501678767","0.340909"
"1501678767","2962776949","0.0909091"
"2962776949","1501678767","0.0909091"
"1501678767","89861162","0.340909"
"89861162","1501678767","0.340909"
"1503410176","2026550695","0.0909091"
"2026550695","1503410176","0.0909091"
"1503410176","2058254784","0.0909091"
"2058254784","1503410176","0.0909091"
"1503410176","2082141961","0.0909091"
"2082141961","1503410176","0.0909091"
"1503410176","2104906863","0.0909091"
"2104906863","1503410176","0.0909091"
"1503410176","2110037957","12.8234"
"2110037957","1503410176","12.8234"
"1503410176","2142006107","0.0909091"
"2142006107","1503410176","0.0909091"
"1503410176","2144158804","0.0909091"
"2144158804","1503410176","0.0909091"
"1503410176","2149350968","0.0909091"
"2149350968","1503410176","0.0909091"
"1503410176","2962776949","0.0909091"
"2962776949","1503410176","0.0909091"
"1503410176","89861162","0.0909091"
"89861162","1503410176","0.0909091"
"2026550695","2058254784","0.0909091"
"2058254784","2026550695","0.0909091"
"2026550695","2082141961","2.04924"
"2082141961","2026550695","2.04924"
"2026550695","2104906863","0.0909091"
"2104906863","2026550695","0.0909091"
"2026550695","2110037957","0.0909091"
"2110037957","2026550695","0.0909091"
"2026550695","2142006107","0.0909091"
"2142006107","2026550695","0.0909091"
"2026550695","2144158804","0.0909091"
"2144158804","2026550695","0.0909091"
"2026550695","2149350968","9.29924"
"2149350968","2026550695","9.29924"
"2026550695","2962776949","0.0909091"
"2962776949","2026550695","0.0909091"
"2026550695","89861162","11.7992"
"89861162","2026550695","11.7992"
"2058254784","2082141961","0.0909091"
"2082141961","2058254784","0.0909091"
"2058254784","2104906863","2.44091"
"2104906863","2058254784","2.44091"
"2058254784","2110037957","0.0909091"
"2110037957","2058254784","0.0909091"
"2058254784","2142006107","7.69091"
"2142006107","2058254784","7.69091"
"2058254784","2144158804","0.65202"
"2144158804","2058254784","0.65202"
"2058254784","2149350968","0.0909091"
"2149350968","2058254784","0.0909091"
"2058254784","2962776949","0.0909091"
"2962776949","2058254784","0.0909091"
"2058254784","89861162","0.0909091"
"89861162","2058254784","0.0909091"
"2082141961","2104906863","0.0909091"
"2104906863","2082141961","0.0909091"
"2082141961","2110037957","0.0909091"
"2110037957","2082141961","0.0909091"
"2082141961","2142006107","0.0909091"
"2142006107","2082141961","0.0909091"
"2082141961","2144158804","0.0909091"
"2144158804","2082141961","0.0909091"
"2082141961","2149350968","0.549242"
"2149350968","2082141961","0.549242"
"2082141961","2962776949","0.0909091"
"2962776949","2082141961","0.0909091"
"2082141961","89861162","1.04924"
"89861162","2082141961","1.04924"
"2104906863","2110037957","0.0909091"
"2110037957","2104906863","0.0909091"
"2104906863","2142006107","0.468687"
"2142006107","2104906863","0.468687"
"2104906863","2144158804","0.794877"
"2144158804","2104906863","0.794877"
"2104906863","2149350968","0.0909091"
"2149350968","2104906863","0.0909091"
"2104906863","2962776949","0.0909091"
"2962776949","2104906863","0.0909091"
"2104906863","89861162","0.0909091"
"89861162","2104906863","0.0909091"
"2110037957","2142006107","0.0909091"
"2142006107","2110037957","0.0909091"
"2110037957","2144158804","0.0909091"
"2144158804","2110037957","0.0909091"
"2110037957","2149350968","0.0909091"
"2149350968","2110037957","0.0909091"
"2110037957","2962776949","0.0909091"
"2962776949","2110037957","0.0909091"
"2110037957","89861162","0.0909091"
"89861162","2110037957","0.0909091"
"2142006107","2144158804","0.368687"
"2144158804","2142006107","0.368687"
"2142006107","2149350968","0.0909091"
"2149350968","2142006107","0.0909091"
"2142006107","2962776949","0.0909091"
"2962776949","2142006107","0.0909091"
"2142006107","89861162","0.0909091"
"89861162","2142006107","0.0909091"
"2144158804","2149350968","0.0909091"
"2149350968","2144158804","0.0909091"
"2144158804","2962776949","0.0909091"
"2962776949","2144158804","0.0909091"
"2144158804","89861162","0.0909091"
"89861162","2144158804","0.0909091"
"2149350968","2962776949","0.0909091"
"2962776949","2149350968","0.0909091"
"2149350968","89861162","16.2992"
"89861162","2149350968","16.2992"
"2962776949","89861162","0.0909091"
"89861162","2962776949","0.0909091"
"1968568562","2026550695","0.25"
"2026550695","1968568562","0.25"
"1968568562","2149350968","0.25"
"2149350968","1968568562","0.25"
"1968568562","89861162","0.25"
"89861162","1968568562","0.25"
"1501678767","1525092603","0.2"
"1525092603","1501678767","0.2"
"1501678767","2065993338","0.2"
"2065993338","1501678767","0.2"
"1501678767","2108009586","0.533333"
"2108009586","1501678767","0.533333"
"1501678767","2136793462","0.2"
"2136793462","1501678767","0.2"
"1525092603","1968568562","0.2"
"1968568562","1525092603","0.2"
"1525092603","2065993338","3.2"
"2065993338","1525092603","3.2"
"1525092603","2108009586","0.2"
"2108009586","1525092603","0.2"
"1525092603","2136793462","0.7"
"2136793462","1525092603","0.7"
"1968568562","2065993338","0.2"
"2065993338","1968568562","0.2"
"1968568562","2108009586","0.533333"
"2108009586","1968568562","0.533333"
"1968568562","2136793462","0.2"
"2136793462","1968568562","0.2"
"2065993338","2108009586","1.7"
"2108009586","2065993338","1.7"
"2065993338","2136793462","1.90833"
"2136793462","2065993338","1.90833"
"2108009586","2136793462","1.325"
"2136793462","2108009586","1.325"
"1968568562","2144158804","0.333333"
"2144158804","1968568562","0.333333"
"2108009586","2144158804","0.444444"
"2144158804","2108009586","0.444444"
"1503410176","1512485814","0.277778"
"1512485814","1503410176","0.277778"
"1503410176","1550293580","7.72256"
"1550293580","1503410176","7.72256"
"1503410176","2102157664","0.365079"
"2102157664","1503410176","0.365079"
"1503410176","2108009586","0.579701"
"2108009586","1503410176","0.579701"
"1503410176","2115986770","3.41303"
"2115986770","1503410176","3.41303"
"1512485814","1550293580","0.277778"
"1550293580","1512485814","0.277778"
"1512485814","2102157664","0.222222"
"2102157664","1512485814","0.222222"
"1512485814","2108009586","0.277778"
"2108009586","1512485814","0.277778"
"1512485814","2110037957","0.222222"
"2110037957","1512485814","0.222222"
"1512485814","2115986770","0.277778"
"2115986770","1512485814","0.277778"
"1550293580","2102157664","0.365079"
"2102157664","1550293580","0.365079"
"1550293580","2108009586","0.579701"
"2108009586","1550293580","0.579701"
"1550293580","2110037957","4.48248"
"2110037957","1550293580","4.48248"
"1550293580","2115986770","1.74637"
"2115986770","1550293580","1.74637"
"2102157664","2108009586","0.222222"
"2108009586","2102157664","0.222222"
"2102157664","2110037957","0.222222"
"2110037957","2102157664","0.222222"
"2102157664","2115986770","0.222222"
"2115986770","2102157664","0.222222"
"2108009586","2110037957","0.399145"
"2110037957","2108009586","0.399145"
"2108009586","2115986770","0.579701"
"2115986770","2108009586","0.579701"
"2110037957","2115986770","0.399145"
"2115986770","2110037957","0.399145"
"1503410176","204918861","0.886447"
"204918861","1503410176","0.886447"
"1503410176","2129955956","6.90311"
"2129955956","1503410176","6.90311"
"1503410176","2144562386","0.886447"
"2144562386","1503410176","0.886447"
"204918861","2129955956","0.71978"
"2129955956","204918861","0.71978"
"204918861","2144562386","1.88645"
"2144562386","204918861","1.88645"
"2129955956","2144562386","0.71978"
"2144562386","2129955956","0.71978"
"1550293580","2129955956","2.81978"
"2129955956","1550293580","2.81978"
"2110037957","2129955956","1.01026"
"2129955956","2110037957","1.01026"
"1503410176","1528583162","1.91303"
"1528583162","1503410176","1.91303"
"1503410176","1535525206","0.111111"
"1535525206","1503410176","0.111111"
"1503410176","1538248289","0.111111"
"1538248289","1503410176","0.111111"
"1503410176","1663439106","0.180556"
"1663439106","1503410176","0.180556"
"1503410176","2000736347","0.111111"
"2000736347","1503410176","0.111111"
"1503410176","2011080525","0.180556"
"2011080525","1503410176","0.180556"
"1503410176","2057006527","0.111111"
"2057006527","1503410176","0.111111"
"1503410176","2104600163","0.111111"
"2104600163","1503410176","0.111111"
"1503410176","2112130143","1.12137"
"2112130143","1503410176","1.12137"
"1503410176","2119493805","0.236111"
"2119493805","1503410176","0.236111"
"1503410176","2136793462","0.180556"
"2136793462","1503410176","0.180556"
"1503410176","2139573884","0.111111"
"2139573884","1503410176","0.111111"
"1503410176","2142909274","0.444444"
"2142909274","1503410176","0.444444"
"1503410176","2171776999","0.0555556"
"2171776999","1503410176","0.0555556"
"1512485814","1528583162","0.111111"
"1528583162","1512485814","0.111111"
"1512485814","1535525206","0.111111"
"1535525206","1512485814","0.111111"
"1512485814","1538248289","0.111111"
"1538248289","1512485814","0.111111"
"1512485814","1663439106","0.0555556"
"1663439106","1512485814","0.0555556"
"1512485814","2000736347","0.111111"
"2000736347","1512485814","0.111111"
"1512485814","2011080525","0.0555556"
"2011080525","1512485814","0.0555556"
"1512485814","2057006527","0.111111"
"2057006527","1512485814","0.111111"
"1512485814","2104600163","0.111111"
"2104600163","1512485814","0.111111"
"1512485814","2112130143","0.111111"
"2112130143","1512485814","0.111111"
"1512485814","2119493805","0.111111"
"2119493805","1512485814","0.111111"
"1512485814","2136793462","0.0555556"
"2136793462","1512485814","0.0555556"
"1512485814","2139573884","0.111111"
"2139573884","1512485814","0.111111"
"1512485814","2142909274","0.111111"
"2142909274","1512485814","0.111111"
"1512485814","2171776999","0.0555556"
"2171776999","1512485814","0.0555556"
"1528583162","1535525206","0.111111"
"1535525206","1528583162","0.111111"
"1528583162","1538248289","0.111111"
"1538248289","1528583162","0.111111"
"1528583162","1550293580","0.413034"
"1550293580","1528583162","0.413034"
"1528583162","1663439106","0.180556"
"1663439106","1528583162","0.180556"
"1528583162","2000736347","0.111111"
"2000736347","1528583162","0.111111"
"1528583162","2011080525","0.180556"
"2011080525","1528583162","0.180556"
"1528583162","2057006527","0.111111"
"2057006527","1528583162","0.111111"
"1528583162","2104600163","0.111111"
"2104600163","1528583162","0.111111"
"1528583162","2108009586","0.413034"
"2108009586","1528583162","0.413034"
"1528583162","2112130143","0.288034"
"2112130143","1528583162","0.288034"
"1528583162","2115986770","1.91303"
"2115986770","1528583162","1.91303"
"1528583162","2119493805","0.236111"
"2119493805","1528583162","0.236111"
"1528583162","2136793462","0.180556"
"2136793462","1528583162","0.180556"
"1528583162","2139573884","0.111111"
"2139573884","1528583162","0.111111"
"1528583162","2142909274","0.111111"
"2142909274","1528583162","0.111111"
"1528583162","2171776999","0.0555556"
"2171776999","1528583162","0.0555556"
"1535525206","1538248289","0.844444"
"1538248289","1535525206","0.844444"
"1535525206","1550293580","0.111111"
"1550293580","1535525206","0.111111"
"1535525206","1663439106","0.166667"
"1663439106","1535525206","0.166667"
"1535525206","2000736347","0.111111"
"2000736347","1535525206","0.111111"
"1535525206","2011080525","0.166667"
"2011080525","1535525206","0.166667"
"1535525206","2057006527","1.22222"
"2057006527","1535525206","1.22222"
"1535525206","2104600163","0.511111"
"2104600163","1535525206","0.511111"
"1535525206","2108009586","0.222222"
"2108009586","1535525206","0.222222"
"1535525206","2112130143","4.45556"
"2112130143","1535525206","4.45556"
"1535525206","2115986770","0.111111"
"2115986770","1535525206","0.111111"
"1535525206","2119493805","0.111111"
"2119493805","1535525206","0.111111"
"1535525206","2136793462","0.0555556"
"2136793462","1535525206","0.0555556"
"1535525206","2139573884","0.511111"
"2139573884","1535525206","0.511111"
"1535525206","2142909274","2.22222"
"2142909274","1535525206","2.22222"
"1535525206","2171776999","3.4"
"2171776999","1535525206","3.4"
"1538248289","1550293580","0.277778"
"1550293580","1538248289","0.277778"
"1538248289","1663439106","0.0555556"
"1663439106","1538248289","0.0555556"
"1538248289","2000736347","1.11111"
"2000736347","1538248289","1.11111"
"1538248289","2011080525","0.0555556"
"2011080525","1538248289","0.0555556"
"1538248289","2057006527","0.311111"
"2057006527","1538248289","0.311111"
"1538248289","2104600163","5.87778"
"2104600163","1538248289","5.87778"
"1538248289","2108009586","0.111111"
"2108009586","1538248289","0.111111"
"1538248289","2112130143","1.21111"
"2112130143","1538248289","1.21111"
"1538248289","2115986770","0.277778"
"2115986770","1538248289","0.277778"
"1538248289","2119493805","0.777778"
"2119493805","1538248289","0.777778"
"1538248289","2136793462","0.0555556"
"2136793462","1538248289","0.0555556"
"1538248289","2139573884","6.21111"
"2139573884","1538248289","6.21111"
"1538248289","2142909274","0.277778"
"2142909274","1538248289","0.277778"
"1538248289","2171776999","0.988889"
"2171776999","1538248289","0.988889"
"1550293580","1663439106","0.180556"
"1663439106","1550293580","0.180556"
"1550293580","2000736347","0.111111"
"2000736347","1550293580","0.111111"
"1550293580","2011080525","0.180556"
"2011080525","1550293580","0.180556"
"1550293580","2057006527","0.111111"
"2057006527","1550293580","0.111111"
"1550293580","2104600163","0.277778"
"2104600163","1550293580","0.277778"
"1550293580","2112130143","1.2047"
"2112130143","1550293580","1.2047"
"1550293580","2119493805","0.236111"
"2119493805","1550293580","0.236111"
"1550293580","2136793462","0.180556"
"2136793462","1550293580","0.180556"
"1550293580","2139573884","0.277778"
"2139573884","1550293580","0.277778"
"1550293580","2142909274","0.277778"
"2142909274","1550293580","0.277778"
"1550293580","2171776999","0.0555556"
"2171776999","1550293580","0.0555556"
"1663439106","2000736347","0.355556"
"2000736347","1663439106","0.355556"
"1663439106","2011080525","9.21627"
"2011080525","1663439106","9.21627"
"1663439106","2057006527","0.166667"
"2057006527","1663439106","0.166667"
"1663439106","2104600163","0.0555556"
"2104600163","1663439106","0.0555556"
"1663439106","2108009586","0.736111"
"2108009586","1663439106","0.736111"
"1663439106","2112130143","0.266667"
"2112130143","1663439106","0.266667"
"1663439106","2115986770","0.180556"
"2115986770","1663439106","0.180556"
"1663439106","2119493805","1.37738"
"2119493805","1663439106","1.37738"
"1663439106","2136793462","7.97183"
"2136793462","1663439106","7.97183"
"1663439106","2139573884","0.0555556"
"2139573884","1663439106","0.0555556"
"1663439106","2142909274","0.477778"
"2142909274","1663439106","0.477778"
"1663439106","2171776999","0.433333"
"2171776999","1663439106","0.433333"
"2000736347","2011080525","0.355556"
"2011080525","2000736347","0.355556"
"2000736347","2057006527","0.111111"
"2057006527","2000736347","0.111111"
"2000736347","2104600163","1.77778"
"2104600163","2000736347","1.77778"
"2000736347","2108009586","0.111111"
"2108009586","2000736347","0.111111"
"2000736347","2112130143","0.211111"
"2112130143","2000736347","0.211111"
"2000736347","2115986770","0.111111"
"2115986770","2000736347","0.111111"
"2000736347","2119493805","0.744444"
"2119493805","2000736347","0.744444"
"2000736347","2136793462","0.255556"
"2136793462","2000736347","0.255556"
"2000736347","2139573884","1.11111"
"2139573884","2000736347","1.11111"
"2000736347","2142909274","0.111111"
"2142909274","2000736347","0.111111"
"2000736347","2171776999","0.155556"
"2171776999","2000736347","0.155556"
"2011080525","2057006527","0.166667"
"2057006527","2011080525","0.166667"
"2011080525","2104600163","0.0555556"
"2104600163","2011080525","0.0555556"
"2011080525","2108009586","0.736111"
"2108009586","2011080525","0.736111"
"2011080525","2112130143","0.266667"
"2112130143","2011080525","0.266667"
"2011080525","2115986770","0.180556"
"2115986770","2011080525","0.180556"
"2011080525","2119493805","1.37738"
"2119493805","2011080525","1.37738"
"2011080525","2136793462","5.80516"
"2136793462","2011080525","5.80516"
"2011080525","2139573884","0.0555556"
"2139573884","2011080525","0.0555556"
"2011080525","2142909274","0.477778"
"2142909274","2011080525","0.477778"
"2011080525","2171776999","0.433333"
"2171776999","2011080525","0.433333"
"2057006527","2104600163","0.311111"
"2104600163","2057006527","0.311111"
"2057006527","2108009586","0.222222"
"2108009586","2057006527","0.222222"
"2057006527","2112130143","1.75556"
"2112130143","2057006527","1.75556"
"2057006527","2115986770","0.111111"
"2115986770","2057006527","0.111111"
"2057006527","2119493805","1.44444"
"2119493805","2057006527","1.44444"
"2057006527","2136793462","0.0555556"
"2136793462","2057006527","0.0555556"
"2057006527","2139573884","0.311111"
"2139573884","2057006527","0.311111"
"2057006527","2142909274","1.22222"
"2142909274","2057006527","1.22222"
"2057006527","2171776999","2.7"
"2171776999","2057006527","2.7"
"2104600163","2108009586","0.111111"
"2108009586","2104600163","0.111111"
"2104600163","2112130143","0.877778"
"2112130143","2104600163","0.877778"
"2104600163","2115986770","0.277778"
"2115986770","2104600163","0.277778"
"2104600163","2119493805","0.444444"
"2119493805","2104600163","0.444444"
"2104600163","2136793462","0.0555556"
"2136793462","2104600163","0.0555556"
"2104600163","2139573884","6.87778"
"2139573884","2104600163","6.87778"
"2104600163","2142909274","0.277778"
"2142909274","2104600163","0.277778"
"2104600163","2171776999","0.655556"
"2171776999","2104600163","0.655556"
"2108009586","2112130143","1.39915"
"2112130143","2108009586","1.39915"
"2108009586","2119493805","0.236111"
"2119493805","2108009586","0.236111"
"2108009586","2139573884","0.111111"
"2139573884","2108009586","0.111111"
"2108009586","2142909274","0.333333"
"2142909274","2108009586","0.333333"
"2108009586","2171776999","0.166667"
"2171776999","2108009586","0.166667"
"2112130143","2115986770","0.788034"
"2115986770","2112130143","0.788034"
"2112130143","2119493805","1.16944"
"2119493805","2112130143","1.16944"
"2112130143","2136793462","0.180556"
"2136793462","2112130143","0.180556"
"2112130143","2139573884","0.877778"
"2139573884","2112130143","0.877778"
"2112130143","2142909274","1.72222"
"2142909274","2112130143","1.72222"
"2112130143","2171776999","4.53333"
"2171776999","2112130143","4.53333"
"2115986770","2119493805","0.236111"
"2119493805","2115986770","0.236111"
"2115986770","2136793462","0.180556"
"2136793462","2115986770","0.180556"
"2115986770","2139573884","0.277778"
"2139573884","2115986770","0.277778"
"2115986770","2142909274","0.611111"
"2142909274","2115986770","0.611111"
"2115986770","2171776999","0.0555556"
"2171776999","2115986770","0.0555556"
"2119493805","2136793462","1.23571"
"2136793462","2119493805","1.23571"
"2119493805","2139573884","0.777778"
"2139573884","2119493805","0.777778"
"2119493805","2142909274","0.111111"
"2142909274","2119493805","0.111111"
"2119493805","2171776999","1.15556"
"2171776999","2119493805","1.15556"
"2136793462","2139573884","0.0555556"
"2139573884","2136793462","0.0555556"
"2136793462","2142909274","0.166667"
"2142909274","2136793462","0.166667"
"2136793462","2171776999","0.0555556"
"2171776999","2136793462","0.0555556"
"2139573884","2142909274","0.277778"
"2142909274","2139573884","0.277778"
"2139573884","2171776999","0.655556"
"2171776999","2139573884","0.655556"
"2142909274","2171776999","0.166667"
"2171776999","2142909274","0.166667"
"2110037957","2112130143","0.732479"
"2112130143","2110037957","0.732479"
"2112130143","2129955956","0.788034"
"2129955956","2112130143","0.788034"
"1503410176","178555045","1.43333"
"178555045","1503410176","1.43333"
"1503410176","209629806","0.266667"
"209629806","1503410176","0.266667"
"1503410176","2121722315","1.26026"
"2121722315","1503410176","1.26026"
"1528583162","178555045","0.1"
"178555045","1528583162","0.1"
"1528583162","209629806","0.1"
"209629806","1528583162","0.1"
"1528583162","2110037957","0.232479"
"2110037957","1528583162","0.232479"
"1528583162","2121722315","0.176923"
"2121722315","1528583162","0.176923"
"1528583162","2129955956","0.176923"
"2129955956","1528583162","0.176923"
"1550293580","178555045","0.266667"
"178555045","1550293580","0.266667"
"1550293580","209629806","0.1"
"209629806","1550293580","0.1"
"1550293580","2121722315","1.59359"
"2121722315","1550293580","1.59359"
"178555045","209629806","0.266667"
"209629806","178555045","0.266667"
"178555045","2108009586","0.1"
"2108009586","178555045","0.1"
"178555045","2110037957","0.1"
"2110037957","178555045","0.1"
"178555045","2112130143","0.1"
"2112130143","178555045","0.1"
"178555045","2115986770","0.1"
"2115986770","178555045","0.1"
"178555045","2121722315","1.43333"
"2121722315","178555045","1.43333"
"178555045","2129955956","0.266667"
"2129955956","178555045","0.266667"
"209629806","2108009586","0.1"
"2108009586","209629806","0.1"
"209629806","2110037957","0.1"
"2110037957","209629806","0.1"
"209629806","2112130143","0.1"
"2112130143","209629806","0.1"
"209629806","2115986770","0.1"
"2115986770","209629806","0.1"
"209629806","2121722315","1.26667"
"2121722315","209629806","1.26667"
"209629806","2129955956","0.1"
"2129955956","209629806","0.1"
"2108009586","2121722315","0.176923"
"2121722315","2108009586","0.176923"
"2108009586","2129955956","0.288034"
"2129955956","2108009586","0.288034"
"2110037957","2121722315","0.176923"
"2121722315","2110037957","0.176923"
"2112130143","2121722315","0.676923"
"2121722315","2112130143","0.676923"
"2115986770","2121722315","0.176923"
"2121722315","2115986770","0.176923"
"2115986770","2129955956","0.176923"
"2129955956","2115986770","0.176923"
"2121722315","2129955956","2.09359"
"2129955956","2121722315","2.09359"
"1503410176","19971480","1.55311"
"19971480","1503410176","1.55311"
"19971480","2129955956","1.66422"
"2129955956","19971480","1.66422"
"1503410176","2116136273","0.198413"
"2116136273","1503410176","0.198413"
"1550293580","19971480","0.803114"
"19971480","1550293580","0.803114"
"1550293580","204918861","0.386447"
"204918861","1550293580","0.386447"
"1550293580","2116136273","0.198413"
"2116136273","1550293580","0.198413"
"1550293580","2144562386","0.386447"
"2144562386","1550293580","0.386447"
"19971480","204918861","0.386447"
"204918861","19971480","0.386447"
"19971480","2102157664","0.142857"
"2102157664","19971480","0.142857"
"19971480","2116136273","0.142857"
"2116136273","19971480","0.142857"
"19971480","2144562386","0.386447"
"2144562386","19971480","0.386447"
"204918861","2102157664","0.142857"
"2102157664","204918861","0.142857"
"204918861","2116136273","0.142857"
"2116136273","204918861","0.142857"
"2102157664","2116136273","8.19841"
"2116136273","2102157664","8.19841"
"2102157664","2129955956","0.142857"
"2129955956","2102157664","0.142857"
"2102157664","2144562386","0.142857"
"2144562386","2102157664","0.142857"
"2116136273","2129955956","0.142857"
"2129955956","2116136273","0.142857"
"2116136273","2144562386","0.142857"
"2144562386","2116136273","0.142857"
"19971480","2121722315","2.66026"
"2121722315","19971480","2.66026"
"204918861","2121722315","0.410256"
"2121722315","204918861","0.410256"
"2121722315","2144562386","0.410256"
"2144562386","2121722315","0.410256"
"19971480","2110037957","0.326923"
"2110037957","19971480","0.326923"
"19971480","2112130143","0.563034"
"2112130143","19971480","0.563034"
"1503410176","2143106812","0.166667"
"2143106812","1503410176","0.166667"
"178555045","204918861","0.166667"
"204918861","178555045","0.166667"
"178555045","2143106812","0.166667"
"2143106812","178555045","0.166667"
"178555045","2144562386","0.166667"
"2144562386","178555045","0.166667"
"204918861","209629806","0.166667"
"209629806","204918861","0.166667"
"204918861","2143106812","0.166667"
"2143106812","204918861","0.166667"
"209629806","2143106812","0.166667"
"2143106812","209629806","0.166667"
"209629806","2144562386","0.166667"
"2144562386","209629806","0.166667"
"2121722315","2143106812","0.166667"
"2143106812","2121722315","0.166667"
"2143106812","2144562386","0.166667"
"2144562386","2143106812","0.166667"
"1503410176","2030568463","0.0769231"
"2030568463","1503410176","0.0769231"
"1503410176","2080545174","0.0769231"
"2080545174","1503410176","0.0769231"
"1528583162","19971480","0.0769231"
"19971480","1528583162","0.0769231"
"1528583162","2030568463","0.0769231"
"2030568463","1528583162","0.0769231"
"1528583162","204918861","0.0769231"
"204918861","1528583162","0.0769231"
"1528583162","2080545174","0.0769231"
"2080545174","1528583162","0.0769231"
"1528583162","2144562386","0.0769231"
"2144562386","1528583162","0.0769231"
"1550293580","2030568463","0.0769231"
"2030568463","1550293580","0.0769231"
"1550293580","2080545174","0.0769231"
"2080545174","1550293580","0.0769231"
"19971480","2030568463","0.0769231"
"2030568463","19971480","0.0769231"
"19971480","2080545174","0.0769231"
"2080545174","19971480","0.0769231"
"19971480","2108009586","0.188034"
"2108009586","19971480","0.188034"
"19971480","2115986770","0.0769231"
"2115986770","19971480","0.0769231"
"2030568463","204918861","0.0769231"
"204918861","2030568463","0.0769231"
"2030568463","2080545174","1.892"
"2080545174","2030568463","1.892"
"2030568463","2108009586","0.188034"
"2108009586","2030568463","0.188034"
"2030568463","2110037957","0.0769231"
"2110037957","2030568463","0.0769231"
"2030568463","2112130143","0.0769231"
"2112130143","2030568463","0.0769231"
"2030568463","2115986770","0.0769231"
"2115986770","2030568463","0.0769231"
"2030568463","2121722315","0.0769231"
"2121722315","2030568463","0.0769231"
"2030568463","2129955956","0.0769231"
"2129955956","2030568463","0.0769231"
"2030568463","2144562386","0.0769231"
"2144562386","2030568463","0.0769231"
"204918861","2080545174","0.0769231"
"2080545174","204918861","0.0769231"
"204918861","2108009586","0.0769231"
"2108009586","204918861","0.0769231"
"204918861","2110037957","0.0769231"
"2110037957","204918861","0.0769231"
"204918861","2112130143","0.0769231"
"2112130143","204918861","0.0769231"
"204918861","2115986770","0.0769231"
"2115986770","204918861","0.0769231"
"2080545174","2108009586","0.188034"
"2108009586","2080545174","0.188034"
"2080545174","2110037957","0.0769231"
"2110037957","2080545174","0.0769231"
"2080545174","2112130143","0.0769231"
"2112130143","2080545174","0.0769231"
"2080545174","2115986770","0.0769231"
"2115986770","2080545174","0.0769231"
"2080545174","2121722315","0.0769231"
"2121722315","2080545174","0.0769231"
"2080545174","2129955956","0.0769231"
"2129955956","2080545174","0.0769231"
"2080545174","2144562386","0.0769231"
"2144562386","2080545174","0.0769231"
"2108009586","2144562386","0.0769231"
"2144562386","2108009586","0.0769231"
"2110037957","2144562386","0.0769231"
"2144562386","2110037957","0.0769231"
"2112130143","2144562386","0.0769231"
"2144562386","2112130143","0.0769231"
"2115986770","2144562386","0.0769231"
"2144562386","2115986770","0.0769231"
"1503410176","2129167530","0.166667"
"2129167530","1503410176","0.166667"
"1550293580","2129167530","0.166667"
"2129167530","1550293580","0.166667"
"178555045","19971480","0.166667"
"19971480","178555045","0.166667"
"178555045","2129167530","0.166667"
"2129167530","178555045","0.166667"
"19971480","2129167530","0.166667"
"2129167530","19971480","0.166667"
"2121722315","2129167530","0.166667"
"2129167530","2121722315","0.166667"
"2129167530","2129955956","0.166667"
"2129955956","2129167530","0.166667"
"1503410176","2483088531","0.0555556"
"2483088531","1503410176","0.0555556"
"1512485814","2116136273","0.0555556"
"2116136273","1512485814","0.0555556"
"1512485814","2483088531","0.0555556"
"2483088531","1512485814","0.0555556"
"1528583162","2102157664","0.0555556"
"2102157664","1528583162","0.0555556"
"1528583162","2116136273","0.0555556"
"2116136273","1528583162","0.0555556"
"1528583162","2483088531","0.0555556"
"2483088531","1528583162","0.0555556"
"1535525206","2102157664","0.0555556"
"2102157664","1535525206","0.0555556"
"1535525206","2110037957","0.0555556"
"2110037957","1535525206","0.0555556"
"1535525206","2116136273","0.0555556"
"2116136273","1535525206","0.0555556"
"1535525206","2483088531","0.0555556"
"2483088531","1535525206","0.0555556"
"1538248289","2102157664","0.0555556"
"2102157664","1538248289","0.0555556"
"1538248289","2110037957","0.0555556"
"2110037957","1538248289","0.0555556"
"1538248289","2116136273","0.0555556"
"2116136273","1538248289","0.0555556"
"1538248289","2483088531","0.0555556"
"2483088531","1538248289","0.0555556"
"1550293580","2483088531","0.0555556"
"2483088531","1550293580","0.0555556"
"2000736347","2102157664","0.0555556"
"2102157664","2000736347","0.0555556"
"2000736347","2110037957","0.0555556"
"2110037957","2000736347","0.0555556"
"2000736347","2116136273","0.0555556"
"2116136273","2000736347","0.0555556"
"2000736347","2483088531","0.0555556"
"2483088531","2000736347","0.0555556"
"2057006527","2102157664","0.0555556"
"2102157664","2057006527","0.0555556"
"2057006527","2110037957","0.0555556"
"2110037957","2057006527","0.0555556"
"2057006527","2116136273","0.0555556"
"2116136273","2057006527","0.0555556"
"2057006527","2483088531","0.0555556"
"2483088531","2057006527","0.0555556"
"2102157664","2104600163","0.0555556"
"2104600163","2102157664","0.0555556"
"2102157664","2112130143","0.0555556"
"2112130143","2102157664","0.0555556"
"2102157664","2119493805","0.0555556"
"2119493805","2102157664","0.0555556"
"2102157664","2139573884","0.0555556"
"2139573884","2102157664","0.0555556"
"2102157664","2142909274","0.0555556"
"2142909274","2102157664","0.0555556"
"2102157664","2483088531","1.55556"
"2483088531","2102157664","1.55556"
"2104600163","2110037957","0.0555556"
"2110037957","2104600163","0.0555556"
"2104600163","2116136273","0.0555556"
"2116136273","2104600163","0.0555556"
"2104600163","2483088531","0.0555556"
"2483088531","2104600163","0.0555556"
"2108009586","2116136273","0.0555556"
"2116136273","2108009586","0.0555556"
"2108009586","2483088531","0.0555556"
"2483088531","2108009586","0.0555556"
"2110037957","2116136273","0.0555556"
"2116136273","2110037957","0.0555556"
"2110037957","2119493805","0.0555556"
"2119493805","2110037957","0.0555556"
"2110037957","2139573884","0.0555556"
"2139573884","2110037957","0.0555556"
"2110037957","2142909274","0.0555556"
"2142909274","2110037957","0.0555556"
"2110037957","2483088531","0.0555556"
"2483088531","2110037957","0.0555556"
"2112130143","2116136273","0.0555556"
"2116136273","2112130143","0.0555556"
"2112130143","2483088531","0.0555556"
"2483088531","2112130143","0.0555556"
"2115986770","2116136273","0.0555556"
"2116136273","2115986770","0.0555556"
"2115986770","2483088531","0.0555556"
"2483088531","2115986770","0.0555556"
"2116136273","2119493805","0.0555556"
"2119493805","2116136273","0.0555556"
"2116136273","2139573884","0.0555556"
"2139573884","2116136273","0.0555556"
"2116136273","2142909274","0.0555556"
"2142909274","2116136273","0.0555556"
"2116136273","2483088531","0.555556"
"2483088531","2116136273","0.555556"
"2119493805","2483088531","0.0555556"
"2483088531","2119493805","0.0555556"
"2139573884","2483088531","0.0555556"
"2483088531","2139573884","0.0555556"
"2142909274","2483088531","0.0555556"
"2483088531","2142909274","0.0555556"
"1525092603","2099051676","3.5"
"2099051676","1525092603","3.5"
"1525092603","1663439106","0.5"
"1663439106","1525092603","0.5"
"1525092603","2962776949","0.25"
"2962776949","1525092603","0.25"
"1663439106","2065993338","0.75"
"2065993338","1663439106","0.75"
"1663439106","2962776949","0.25"
"2962776949","1663439106","0.25"
"2065993338","2962776949","0.25"
"2962776949","2065993338","0.25"
"2136793462","2962776949","0.25"
"2962776949","2136793462","0.25"
"2065993338","2099051676","7.08333"
"2099051676","2065993338","7.08333"
"1525092603","2011080525","0.25"
"2011080525","1525092603","0.25"
"2011080525","2065993338","0.583333"
"2065993338","2011080525","0.583333"
"1535525206","19971480","0.111111"
"19971480","1535525206","0.111111"
"1535525206","2129955956","0.111111"
"2129955956","1535525206","0.111111"
"1663439106","19971480","0.277778"
"19971480","1663439106","0.277778"
"1663439106","2129955956","0.111111"
"2129955956","1663439106","0.111111"
"19971480","2011080525","0.277778"
"2011080525","19971480","0.277778"
"19971480","2057006527","0.111111"
"2057006527","19971480","0.111111"
"19971480","2142909274","0.111111"
"2142909274","19971480","0.111111"
"19971480","2171776999","0.277778"
"2171776999","19971480","0.277778"
"2011080525","2129955956","0.111111"
"2129955956","2011080525","0.111111"
"2057006527","2129955956","0.111111"
"2129955956","2057006527","0.111111"
"2129955956","2142909274","0.111111"
"2142909274","2129955956","0.111111"
"2129955956","2171776999","0.111111"
"2171776999","2129955956","0.111111"
"1538248289","2141538155","1"
"2141538155","1538248289","1"
"1551528222","2141538155","1"
"2141538155","1551528222","1"
"1605860016","1663439106","0.79127"
"1663439106","1605860016","0.79127"
"1605860016","2011080525","0.79127"
"2011080525","1605860016","0.79127"
"1605860016","2104906863","0.703968"
"2104906863","1605860016","0.703968"
"1605860016","2142909274","0.311111"
"2142909274","1605860016","0.311111"
"1605860016","2144158804","1.15794"
"2144158804","1605860016","1.15794"
"1663439106","2104906863","0.637302"
"2104906863","1663439106","0.637302"
"1663439106","2144158804","0.79127"
"2144158804","1663439106","0.79127"
"2011080525","2104906863","0.637302"
"2104906863","2011080525","0.637302"
"2011080525","2144158804","0.79127"
"2144158804","2011080525","0.79127"
"2104906863","2142909274","0.2"
"2142909274","2104906863","0.2"
"2142909274","2144158804","1.31111"
"2144158804","2142909274","1.31111"
"1605860016","2030568463","0.957937"
"2030568463","1605860016","0.957937"
"1605860016","2058254784","0.561111"
"2058254784","1605860016","0.561111"
"1605860016","2080545174","0.815079"
"2080545174","1605860016","0.815079"
"1605860016","2142006107","1.27778"
"2142006107","1605860016","1.27778"
"2030568463","2058254784","0.561111"
"2058254784","2030568463","0.561111"
"2030568463","2104906863","0.503968"
"2104906863","2030568463","0.503968"
"2030568463","2142006107","0.277778"
"2142006107","2030568463","0.277778"
"2030568463","2144158804","0.957937"
"2144158804","2030568463","0.957937"
"2058254784","2080545174","0.561111"
"2080545174","2058254784","0.561111"
"2080545174","2104906863","0.361111"
"2104906863","2080545174","0.361111"
"2080545174","2142006107","0.277778"
"2142006107","2080545174","0.277778"
"2080545174","2144158804","0.815079"
"2144158804","2080545174","0.815079"
"1605860016","2119493805","0.480159"
"2119493805","1605860016","0.480159"
"1605860016","2136793462","0.59127"
"2136793462","1605860016","0.59127"
"1663439106","2030568463","0.59127"
"2030568463","1663439106","0.59127"
"2011080525","2030568463","0.59127"
"2030568463","2011080525","0.59127"
"2030568463","2119493805","0.480159"
"2119493805","2030568463","0.480159"
"2030568463","2136793462","0.59127"
"2136793462","2030568463","0.59127"
"2104906863","2119493805","0.437302"
"2119493805","2104906863","0.437302"
"2104906863","2136793462","0.337302"
"2136793462","2104906863","0.337302"
"2119493805","2144158804","0.480159"
"2144158804","2119493805","0.480159"
"2136793462","2144158804","0.59127"
"2144158804","2136793462","0.59127"
"1663439106","2080545174","0.448413"
"2080545174","1663439106","0.448413"
"1663439106","2142006107","0.211111"
"2142006107","1663439106","0.211111"
"2011080525","2080545174","0.448413"
"2080545174","2011080525","0.448413"
"2011080525","2142006107","0.211111"
"2142006107","2011080525","0.211111"
"2080545174","2119493805","0.337302"
"2119493805","2080545174","0.337302"
"2080545174","2136793462","0.448413"
"2136793462","2080545174","0.448413"
"2119493805","2142006107","2.71111"
"2142006107","2119493805","2.71111"
"2136793462","2142006107","0.111111"
"2142006107","2136793462","0.111111"
"1605860016","2108009586","0.111111"
"2108009586","1605860016","0.111111"
"1663439106","2058254784","0.794444"
"2058254784","1663439106","0.794444"
"2011080525","2058254784","0.544444"
"2058254784","2011080525","0.544444"
"2030568463","2142909274","0.111111"
"2142909274","2030568463","0.111111"
"2058254784","2108009586","0.111111"
"2108009586","2058254784","0.111111"
"2058254784","2136793462","1.69444"
"2136793462","2058254784","1.69444"
"2058254784","2142909274","0.111111"
"2142909274","2058254784","0.111111"
"2080545174","2142909274","0.111111"
"2142909274","2080545174","0.111111"
"1605860016","2064437573","0.2"
"2064437573","1605860016","0.2"
"2030568463","2064437573","0.2"
"2064437573","2030568463","0.2"
"2058254784","2064437573","0.2"
"2064437573","2058254784","0.2"
"2064437573","2080545174","0.2"
"2080545174","2064437573","0.2"
"2064437573","2144158804","0.2"
"2144158804","2064437573","0.2"
"1605860016","2043224356","0.0833333"
"2043224356","1605860016","0.0833333"
"1605860016","2110286878","0.0833333"
"2110286878","1605860016","0.0833333"
"1605860016","2158795092","0.0833333"
"2158795092","1605860016","0.0833333"
"1663439106","2043224356","1.51667"
"2043224356","1663439106","1.51667"
"1663439106","2110286878","1.01667"
"2110286878","1663439106","1.01667"
"1663439106","2158795092","0.95"
"2158795092","1663439106","0.95"
"2011080525","2043224356","1.51667"
"2043224356","2011080525","1.51667"
"2011080525","2110286878","1.01667"
"2110286878","2011080525","1.01667"
"2011080525","2158795092","0.95"
"2158795092","2011080525","0.95"
"2030568463","2043224356","0.0833333"
"2043224356","2030568463","0.0833333"
"2030568463","2110286878","0.0833333"
"2110286878","2030568463","0.0833333"
"2030568463","2158795092","0.0833333"
"2158795092","2030568463","0.0833333"
"2043224356","2058254784","1.01667"
"2058254784","2043224356","1.01667"
"2043224356","2080545174","0.0833333"
"2080545174","2043224356","0.0833333"
"2043224356","2104906863","0.183333"
"2104906863","2043224356","0.183333"
"2043224356","2110286878","10.35"
"2110286878","2043224356","10.35"
"2043224356","2119493805","0.35"
