"104776356","2094584087","9.66667"
"2094584087","104776356","9.66667"
"104776356","2000618564","0.333333"
"2000618564","104776356","0.333333"
"104776356","2102130188","0.333333"
"2102130188","104776356","0.333333"
"104776356","2430164065","0.333333"
"2430164065","104776356","0.333333"
"2000618564","2102130188","0.333333"
"2102130188","2000618564","0.333333"
"2000618564","2430164065","0.333333"
"2430164065","2000618564","0.333333"
"2102130188","2430164065","1.33333"
"2430164065","2102130188","1.33333"
"104776356","2089910218","0.5"
"2089910218","104776356","0.5"
"2089910218","2094584087","0.5"
"2094584087","2089910218","0.5"
"104776356","1980086685","0.166667"
"1980086685","104776356","0.166667"
"104776356","1989135279","0.166667"
"1989135279","104776356","0.166667"
"104776356","2121475923","0.166667"
"2121475923","104776356","0.166667"
"104776356","2128909455","0.166667"
"2128909455","104776356","0.166667"
"104776356","71104953","0.166667"
"71104953","104776356","0.166667"
"1980086685","1989135279","0.583333"
"1989135279","1980086685","0.583333"
"1980086685","2094584087","0.166667"
"2094584087","1980086685","0.166667"
"1980086685","2121475923","0.166667"
"2121475923","1980086685","0.166667"
"1980086685","2128909455","0.166667"
"2128909455","1980086685","0.166667"
"1980086685","71104953","35.8929"
"71104953","1980086685","35.8929"
"1989135279","2094584087","0.166667"
"2094584087","1989135279","0.166667"
"1989135279","2121475923","0.166667"
"2121475923","1989135279","0.166667"
"1989135279","2128909455","0.166667"
"2128909455","1989135279","0.166667"
"1989135279","71104953","0.583333"
"71104953","1989135279","0.583333"
"2094584087","2121475923","0.166667"
"2121475923","2094584087","0.166667"
"2094584087","2128909455","0.166667"
"2128909455","2094584087","0.166667"
"2094584087","71104953","0.166667"
"71104953","2094584087","0.166667"
"2121475923","2128909455","11.9936"
"2128909455","2121475923","11.9936"
"2121475923","71104953","0.166667"
"71104953","2121475923","0.166667"
"2128909455","71104953","0.166667"
"71104953","2128909455","0.166667"
"122956856","2022677886","1.32692"
"2022677886","122956856","1.32692"
"122956856","1970043789","0.0769231"
"1970043789","122956856","0.0769231"
"122956856","1986824047","0.0769231"
"1986824047","122956856","0.0769231"
"122956856","2002642763","0.0769231"
"2002642763","122956856","0.0769231"
"122956856","2007894398","0.0769231"
"2007894398","122956856","0.0769231"
"122956856","2089910218","0.0769231"
"2089910218","122956856","0.0769231"
"122956856","2095277817","0.0769231"
"2095277817","122956856","0.0769231"
"122956856","2121282310","0.326923"
"2121282310","122956856","0.326923"
"122956856","2121475923","0.0769231"
"2121475923","122956856","0.0769231"
"122956856","2122778642","0.0769231"
"2122778642","122956856","0.0769231"
"122956856","2128909455","0.0769231"
"2128909455","122956856","0.0769231"
"122956856","2146936057","0.0769231"
"2146936057","122956856","0.0769231"
"122956856","2331870320","0.0769231"
"2331870320","122956856","0.0769231"
"1970043789","1986824047","1.07692"
"1986824047","1970043789","1.07692"
"1970043789","2002642763","1.24359"
"2002642763","1970043789","1.24359"
"1970043789","2007894398","0.0769231"
"2007894398","1970043789","0.0769231"
"1970043789","2022677886","0.0769231"
"2022677886","1970043789","0.0769231"
"1970043789","2089910218","0.0769231"
"2089910218","1970043789","0.0769231"
"1970043789","2095277817","0.0769231"
"2095277817","1970043789","0.0769231"
"1970043789","2121282310","1.07692"
"2121282310","1970043789","1.07692"
"1970043789","2121475923","0.0769231"
"2121475923","1970043789","0.0769231"
"1970043789","2122778642","0.74359"
"2122778642","1970043789","0.74359"
"1970043789","2128909455","0.0769231"
"2128909455","1970043789","0.0769231"
"1970043789","2146936057","1.24359"
"2146936057","1970043789","1.24359"
"1970043789","2331870320","0.0769231"
"2331870320","1970043789","0.0769231"
"1986824047","2002642763","0.0769231"
"2002642763","1986824047","0.0769231"
"1986824047","2007894398","0.0769231"
"2007894398","1986824047","0.0769231"
"1986824047","2022677886","1.07692"
"2022677886","1986824047","1.07692"
"1986824047","2089910218","0.0769231"
"2089910218","1986824047","0.0769231"
"1986824047","2095277817","0.0769231"
"2095277817","1986824047","0.0769231"
"1986824047","2121282310","0.0769231"
"2121282310","1986824047","0.0769231"
"1986824047","2121475923","0.0769231"
"2121475923","1986824047","0.0769231"
"1986824047","2122778642","0.0769231"
"2122778642","1986824047","0.0769231"
"1986824047","2128909455","0.0769231"
"2128909455","1986824047","0.0769231"
"1986824047","2146936057","0.0769231"
"2146936057","1986824047","0.0769231"
"1986824047","2331870320","0.0769231"
"2331870320","1986824047","0.0769231"
"2002642763","2007894398","0.0769231"
"2007894398","2002642763","0.0769231"
"2002642763","2022677886","0.0769231"
"2022677886","2002642763","0.0769231"
"2002642763","2089910218","0.0769231"
"2089910218","2002642763","0.0769231"
"2002642763","2095277817","0.0769231"
"2095277817","2002642763","0.0769231"
"2002642763","2121282310","0.410256"
"2121282310","2002642763","0.410256"
"2002642763","2121475923","0.0769231"
"2121475923","2002642763","0.0769231"
"2002642763","2122778642","2.57692"
"2122778642","2002642763","2.57692"
"2002642763","2128909455","0.0769231"
"2128909455","2002642763","0.0769231"
"2002642763","2146936057","11.2436"
"2146936057","2002642763","11.2436"
"2002642763","2331870320","0.0769231"
"2331870320","2002642763","0.0769231"
"2007894398","2022677886","0.0769231"
"2022677886","2007894398","0.0769231"
"2007894398","2089910218","0.0769231"
"2089910218","2007894398","0.0769231"
"2007894398","2095277817","0.0769231"
"2095277817","2007894398","0.0769231"
"2007894398","2121282310","0.0769231"
"2121282310","2007894398","0.0769231"
"2007894398","2121475923","0.0769231"
"2121475923","2007894398","0.0769231"
"2007894398","2122778642","0.0769231"
"2122778642","2007894398","0.0769231"
"2007894398","2128909455","0.0769231"
"2128909455","2007894398","0.0769231"
"2007894398","2146936057","0.0769231"
"2146936057","2007894398","0.0769231"
"2007894398","2331870320","0.0769231"
"2331870320","2007894398","0.0769231"
"2022677886","2089910218","0.0769231"
"2089910218","2022677886","0.0769231"
"2022677886","2095277817","0.0769231"
"2095277817","2022677886","0.0769231"
"2022677886","2121282310","0.326923"
"2121282310","2022677886","0.326923"
"2022677886","2121475923","0.0769231"
"2121475923","2022677886","0.0769231"
"2022677886","2122778642","1.07692"
"2122778642","2022677886","1.07692"
"2022677886","2128909455","0.0769231"
"2128909455","2022677886","0.0769231"
"2022677886","2146936057","0.0769231"
"2146936057","2022677886","0.0769231"
"2022677886","2331870320","0.0769231"
"2331870320","2022677886","0.0769231"
"2089910218","2095277817","0.0769231"
"2095277817","2089910218","0.0769231"
"2089910218","2121282310","0.0769231"
"2121282310","2089910218","0.0769231"
"2089910218","2121475923","0.0769231"
"2121475923","2089910218","0.0769231"
"2089910218","2122778642","0.0769231"
"2122778642","2089910218","0.0769231"
"2089910218","2128909455","0.0769231"
"2128909455","2089910218","0.0769231"
"2089910218","2146936057","0.0769231"
"2146936057","2089910218","0.0769231"
"2089910218","2331870320","0.576923"
"2331870320","2089910218","0.576923"
"2095277817","2121282310","0.576923"
"2121282310","2095277817","0.576923"
"2095277817","2121475923","0.0769231"
"2121475923","2095277817","0.0769231"
"2095277817","2122778642","0.0769231"
"2122778642","2095277817","0.0769231"
"2095277817","2128909455","0.0769231"
"2128909455","2095277817","0.0769231"
"2095277817","2146936057","0.0769231"
"2146936057","2095277817","0.0769231"
"2095277817","2331870320","0.0769231"
"2331870320","2095277817","0.0769231"
"2121282310","2121475923","0.0769231"
"2121475923","2121282310","0.0769231"
"2121282310","2122778642","2.41026"
"2122778642","2121282310","2.41026"
"2121282310","2128909455","0.0769231"
"2128909455","2121282310","0.0769231"
"2121282310","2146936057","0.0769231"
"2146936057","2121282310","0.0769231"
"2121282310","2331870320","5.07692"
"2331870320","2121282310","5.07692"
"2121475923","2122778642","0.0769231"
"2122778642","2121475923","0.0769231"
"2121475923","2146936057","0.0769231"
"2146936057","2121475923","0.0769231"
"2121475923","2331870320","0.0769231"
"2331870320","2121475923","0.0769231"
"2122778642","2128909455","0.0769231"
"2128909455","2122778642","0.0769231"
"2122778642","2146936057","1.74359"
"2146936057","2122778642","1.74359"
"2122778642","2331870320","0.0769231"
"2331870320","2122778642","0.0769231"
"2128909455","2146936057","0.0769231"
"2146936057","2128909455","0.0769231"
"2128909455","2331870320","0.0769231"
"2331870320","2128909455","0.0769231"
"2146936057","2331870320","0.0769231"
"2331870320","2146936057","0.0769231"
"122956856","1980086685","3"
"1980086685","122956856","3"
"122956856","1520363973","1.25"
"1520363973","122956856","1.25"
"122956856","2142824367","0.25"
"2142824367","122956856","0.25"
"1520363973","2022677886","0.25"
"2022677886","1520363973","0.25"
"1520363973","2121282310","0.25"
"2121282310","1520363973","0.25"
"1520363973","2142824367","16.5833"
"2142824367","1520363973","16.5833"
"2022677886","2142824367","0.25"
"2142824367","2022677886","0.25"
"2121282310","2142824367","0.25"
"2142824367","2121282310","0.25"
"131606692","2002642763","1"
"2002642763","131606692","1"
"131606692","159497295","1"
"159497295","131606692","1"
"1484417080","1968521419","9.25"
"1968521419","1484417080","9.25"
"1484417080","71679314","6.25"
"71679314","1484417080","6.25"
"1968521419","71679314","9.58333"
"71679314","1968521419","9.58333"
"1484417080","1982865271","0.25"
"1982865271","1484417080","0.25"
"1484417080","2108636652","3.25"
"2108636652","1484417080","3.25"
"1968521419","1982865271","0.25"
"1982865271","1968521419","0.25"
"1968521419","2108636652","1.25"
"2108636652","1968521419","1.25"
"1982865271","2108636652","0.25"
"2108636652","1982865271","0.25"
"1982865271","71679314","0.25"
"71679314","1982865271","0.25"
"2108636652","71679314","1.25"
"71679314","2108636652","1.25"
"1484417080","161140159","0.25"
"161140159","1484417080","0.25"
"1484417080","2089910218","0.25"
"2089910218","1484417080","0.25"
"1484417080","2136548128","0.25"
"2136548128","1484417080","0.25"
"1484417080","2336512584","0.25"
"2336512584","1484417080","0.25"
"161140159","2089910218","0.25"
"2089910218","161140159","0.25"
"161140159","2136548128","0.25"
"2136548128","161140159","0.25"
"161140159","2336512584","0.25"
"2336512584","161140159","0.25"
"2089910218","2136548128","14.5"
"2136548128","2089910218","14.5"
"2089910218","2336512584","0.25"
"2336512584","2089910218","0.25"
"2136548128","2336512584","0.25"
"2336512584","2136548128","0.25"
"1520363973","2084988263","3.5"
"2084988263","1520363973","3.5"
"1520363973","2106179192","5.83333"
"2106179192","1520363973","5.83333"
"2084988263","2106179192","9.5"
"2106179192","2084988263","9.5"
"2084988263","2142824367","3.5"
"2142824367","2084988263","3.5"
"2106179192","2142824367","5.83333"
"2142824367","2106179192","5.83333"
"1520363973","1720090307","0.333333"
"1720090307","1520363973","0.333333"
"1720090307","2106179192","0.333333"
"2106179192","1720090307","0.333333"
"1720090307","2142824367","0.333333"
"2142824367","1720090307","0.333333"
"1584916681","2132353748","5.5"
"2132353748","1584916681","5.5"
"1584916681","2024785973","0.5"
"2024785973","1584916681","0.5"
"2024785973","2132353748","0.5"
"2132353748","2024785973","0.5"
"159497295","1986824047","1"
"1986824047","159497295","1"
"159497295","2110374137","7"
"2110374137","159497295","7"
"159497295","1970043789","1"
"1970043789","159497295","1"
"159497295","2115932653","0.5"
"2115932653","159497295","0.5"
"159497295","2118636570","0.5"
"2118636570","159497295","0.5"
"2115932653","2118636570","0.5"
"2118636570","2115932653","0.5"
"161140159","2004571217","0.25"
"2004571217","161140159","0.25"
"161140159","2009556891","0.25"
"2009556891","161140159","0.25"
"161140159","2108361395","1.22619"
"2108361395","161140159","1.22619"
"161140159","2121475923","0.75"
"2121475923","161140159","0.75"
"2004571217","2009556891","0.75"
"2009556891","2004571217","0.75"
"2004571217","2108361395","0.25"
"2108361395","2004571217","0.25"
"2004571217","2121475923","0.25"
"2121475923","2004571217","0.25"
"2009556891","2108361395","0.25"
"2108361395","2009556891","0.25"
"2009556891","2121475923","0.25"
"2121475923","2009556891","0.25"
"2108361395","2121475923","0.25"
"2121475923","2108361395","0.25"
"161140159","1970043789","0.333333"
"1970043789","161140159","0.333333"
"161140159","2104131857","0.333333"
"2104131857","161140159","0.333333"
"1970043789","2104131857","0.333333"
"2104131857","1970043789","0.333333"
"1970043789","2108361395","0.333333"
"2108361395","1970043789","0.333333"
"2104131857","2108361395","0.333333"
"2108361395","2104131857","0.333333"
"161140159","2434543269","1"
"2434543269","161140159","1"
"161140159","2139893662","0.642857"
"2139893662","161140159","0.642857"
"2108361395","2139893662","1.14286"
"2139893662","2108361395","1.14286"
"161140159","2002642763","0.5"
"2002642763","161140159","0.5"
"161140159","2157884984","0.5"
"2157884984","161140159","0.5"
"2002642763","2157884984","0.5"
"2157884984","2002642763","0.5"
"161140159","2128909455","0.5"
"2128909455","161140159","0.5"
"161140159","1823091629","0.142857"
"1823091629","161140159","0.142857"
"161140159","1989135279","0.142857"
"1989135279","161140159","0.142857"
"161140159","2104229902","0.142857"
"2104229902","161140159","0.142857"
"161140159","2150652226","0.142857"
"2150652226","161140159","0.142857"
"161140159","2331870320","0.142857"
"2331870320","161140159","0.142857"
"1823091629","1989135279","0.142857"
"1989135279","1823091629","0.142857"
"1823091629","2104229902","0.142857"
"2104229902","1823091629","0.142857"
"1823091629","2108361395","0.142857"
"2108361395","1823091629","0.142857"
"1823091629","2139893662","0.142857"
"2139893662","1823091629","0.142857"
"1823091629","2150652226","0.142857"
"2150652226","1823091629","0.142857"
"1823091629","2331870320","0.142857"
"2331870320","1823091629","0.142857"
"1989135279","2104229902","5.64286"
"2104229902","1989135279","5.64286"
"1989135279","2108361395","0.142857"
"2108361395","1989135279","0.142857"
"1989135279","2139893662","0.142857"
"2139893662","1989135279","0.142857"
"1989135279","2150652226","0.142857"
"2150652226","1989135279","0.142857"
"1989135279","2331870320","2.14286"
"2331870320","1989135279","2.14286"
"2104229902","2108361395","0.142857"
"2108361395","2104229902","0.142857"
"2104229902","2139893662","0.142857"
"2139893662","2104229902","0.142857"
"2104229902","2150652226","0.142857"
"2150652226","2104229902","0.142857"
"2104229902","2331870320","1.14286"
"2331870320","2104229902","1.14286"
"2108361395","2150652226","0.642857"
"2150652226","2108361395","0.642857"
"2108361395","2331870320","0.142857"
"2331870320","2108361395","0.142857"
"2139893662","2150652226","3.14286"
"2150652226","2139893662","3.14286"
"2139893662","2331870320","0.642857"
"2331870320","2139893662","0.642857"
"2150652226","2331870320","0.142857"
"2331870320","2150652226","0.142857"
"1937367249","83822048","2.33333"
"83822048","1937367249","2.33333"
"1937367249","2146486820","0.333333"
"2146486820","1937367249","0.333333"
"1937367249","2147220393","0.333333"
"2147220393","1937367249","0.333333"
"2146486820","2147220393","16.3333"
"2147220393","2146486820","16.3333"
"2146486820","83822048","0.333333"
"83822048","2146486820","0.333333"
"2147220393","83822048","0.333333"
"83822048","2147220393","0.333333"
"1964002401","2009556891","0.25"
"2009556891","1964002401","0.25"
"1964002401","2102130188","3.58333"
"2102130188","1964002401","3.58333"
"1964002401","2124505791","3.58333"
"2124505791","1964002401","3.58333"
"1964002401","2136796599","0.25"
"2136796599","1964002401","0.25"
"2009556891","2102130188","0.616667"
"2102130188","2009556891","0.616667"
"2009556891","2124505791","1.28333"
"2124505791","2009556891","1.28333"
"2009556891","2136796599","7.03333"
"2136796599","2009556891","7.03333"
"2102130188","2124505791","1.95"
"2124505791","2102130188","1.95"
"2102130188","2136796599","0.616667"
"2136796599","2102130188","0.616667"
"2124505791","2136796599","1.11667"
"2136796599","2124505791","1.11667"
"1964002401","2067107229","0.833333"
"2067107229","1964002401","0.833333"
"2067107229","2102130188","2.83333"
"2102130188","2067107229","2.83333"
"2067107229","2124505791","1.33333"
"2124505791","2067107229","1.33333"
"1964002401","2002642763","0.5"
"2002642763","1964002401","0.5"
"2002642763","2102130188","0.5"
"2102130188","2002642763","0.5"
"1968521419","2007894398","1"
"2007894398","1968521419","1"
"1968521419","1980086685","0.333333"
"1980086685","1968521419","0.333333"
"1968521419","71104953","0.333333"
"71104953","1968521419","0.333333"
"1980086685","71679314","0.333333"
"71679314","1980086685","0.333333"
"71104953","71679314","0.333333"
"71679314","71104953","0.333333"
"1980086685","1999762660","0.25"
"1999762660","1980086685","0.25"
"1980086685","2007894398","0.25"
"2007894398","1980086685","0.25"
"1989135279","1999762660","0.25"
"1999762660","1989135279","0.25"
"1989135279","2007894398","0.25"
"2007894398","1989135279","0.25"
"1999762660","2007894398","1.25"
"2007894398","1999762660","1.25"
"1999762660","71104953","0.25"
"71104953","1999762660","0.25"
"2007894398","71104953","0.25"
"71104953","2007894398","0.25"
"1980086685","2009556891","0.166667"
"2009556891","1980086685","0.166667"
"1980086685","2121282310","0.166667"
"2121282310","1980086685","0.166667"
"1980086685","2124505791","0.166667"
"2124505791","1980086685","0.166667"
"1980086685","2336512584","0.5"
"2336512584","1980086685","0.5"
"1989135279","2009556891","0.166667"
"2009556891","1989135279","0.166667"
"1989135279","2121282310","0.166667"
"2121282310","1989135279","0.166667"
"1989135279","2124505791","0.166667"
"2124505791","1989135279","0.166667"
"1989135279","2336512584","0.166667"
"2336512584","1989135279","0.166667"
"2009556891","2121282310","0.166667"
"2121282310","2009556891","0.166667"
"2009556891","2336512584","0.166667"
"2336512584","2009556891","0.166667"
"2009556891","71104953","0.166667"
"71104953","2009556891","0.166667"
"2121282310","2124505791","0.166667"
"2124505791","2121282310","0.166667"
"2121282310","2336512584","0.166667"
"2336512584","2121282310","0.166667"
"2121282310","71104953","0.166667"
"71104953","2121282310","0.166667"
"2124505791","2336512584","0.166667"
"2336512584","2124505791","0.166667"
"2124505791","71104953","0.166667"
"71104953","2124505791","0.166667"
"2336512584","71104953","0.5"
"71104953","2336512584","0.5"
"1980086685","2013221077","0.642857"
"2013221077","1980086685","0.642857"
"2013221077","71104953","0.642857"
"71104953","2013221077","0.642857"
"1980086685","2139893662","2"
"2139893662","1980086685","2"
"1980086685","1982865271","0.333333"
"1982865271","1980086685","0.333333"
"1982865271","2336512584","0.333333"
"2336512584","1982865271","0.333333"
"1982865271","71104953","0.333333"
"71104953","1982865271","0.333333"
"1980086685","2102130188","0.5"
"2102130188","1980086685","0.5"
"2102130188","71104953","0.5"
"71104953","2102130188","0.5"
"1980086685","2150976333","1.14286"
"2150976333","1980086685","1.14286"
"2150976333","71104953","1.14286"
"71104953","2150976333","1.14286"
"1980086685","2331870320","0.5"
"2331870320","1980086685","0.5"
"2331870320","71104953","0.5"
"71104953","2331870320","0.5"
"1980086685","2052505795","0.142857"
"2052505795","1980086685","0.142857"
"1980086685","2157884984","0.142857"
"2157884984","1980086685","0.142857"
"1980086685","2184019479","0.142857"
"2184019479","1980086685","0.142857"
"1980086685","2250481785","0.142857"
"2250481785","1980086685","0.142857"
"2013221077","2052505795","16.7262"
"2052505795","2013221077","16.7262"
"2013221077","2150976333","1.72619"
"2150976333","2013221077","1.72619"
"2013221077","2157884984","4.14286"
"2157884984","2013221077","4.14286"
"2013221077","2184019479","0.47619"
"2184019479","2013221077","0.47619"
"2013221077","2250481785","3.14286"
"2250481785","2013221077","3.14286"
"2052505795","2150976333","1.72619"
"2150976333","2052505795","1.72619"
"2052505795","2157884984","5.14286"
"2157884984","2052505795","5.14286"
"2052505795","2184019479","0.47619"
"2184019479","2052505795","0.47619"
"2052505795","2250481785","4.14286"
"2250481785","2052505795","4.14286"
"2052505795","71104953","0.142857"
"71104953","2052505795","0.142857"
"2150976333","2157884984","0.142857"
"2157884984","2150976333","0.142857"
"2150976333","2184019479","0.142857"
"2184019479","2150976333","0.142857"
"2150976333","2250481785","1.80952"
"2250481785","2150976333","1.80952"
"2157884984","2184019479","15.4762"
"2184019479","2157884984","15.4762"
"2157884984","2250481785","3.80952"
"2250481785","2157884984","3.80952"
"2157884984","71104953","0.142857"
"71104953","2157884984","0.142857"
"2184019479","2250481785","0.142857"
"2250481785","2184019479","0.142857"
"2184019479","71104953","0.142857"
"71104953","2184019479","0.142857"
"2250481785","71104953","0.142857"
"71104953","2250481785","0.142857"
"1982865271","2002642763","0.333333"
"2002642763","1982865271","0.333333"
"1982865271","2121282310","0.333333"
"2121282310","1982865271","0.333333"
"1982865271","2122778642","0.333333"
"2122778642","1982865271","0.333333"
"1982865271","2331870320","1"
"2331870320","1982865271","1"
"1986824047","2110374137","1"
"2110374137","1986824047","1"
"1989135279","2157884984","0.5"
"2157884984","1989135279","0.5"
"1989135279","2184019479","0.5"
"2184019479","1989135279","0.5"
"1989135279","2146486820","1"
"2146486820","1989135279","1"
"1989135279","2028657008","0.5"
"2028657008","1989135279","0.5"
"2028657008","2104229902","0.5"
"2104229902","2028657008","0.5"
"1992399362","2511201422","1"
"2511201422","1992399362","1"
"1992399362","2430164065","1"
"2430164065","1992399362","1"
"1992416685","2153752433","6.25"
"2153752433","1992416685","6.25"
"1992416685","2158100015","4.75"
"2158100015","1992416685","4.75"
"1992416685","2091794634","1.41667"
"2091794634","1992416685","1.41667"
"1992416685","2397707437","4.41667"
"2397707437","1992416685","4.41667"
"2091794634","2153752433","1.75"
"2153752433","2091794634","1.75"
"2091794634","2158100015","0.416667"
"2158100015","2091794634","0.416667"
"2091794634","2397707437","0.916667"
"2397707437","2091794634","0.916667"
"2153752433","2158100015","1.75"
"2158100015","2153752433","1.75"
"2153752433","2397707437","5.41667"
"2397707437","2153752433","5.41667"
"2158100015","2397707437","1.41667"
"2397707437","2158100015","1.41667"
"1992416685","2009556891","0.666667"
"2009556891","1992416685","0.666667"
"1992416685","2136796599","0.333333"
"2136796599","1992416685","0.333333"
"1992416685","2169986726","0.166667"
"2169986726","1992416685","0.166667"
"2009556891","2091794634","3.58333"
"2091794634","2009556891","3.58333"
"2009556891","2153752433","0.666667"
"2153752433","2009556891","0.666667"
"2009556891","2169986726","9.11667"
"2169986726","2009556891","9.11667"
"2009556891","2397707437","0.333333"
"2397707437","2009556891","0.333333"
"2091794634","2136796599","1.91667"
"2136796599","2091794634","1.91667"
"2091794634","2169986726","2.25"
"2169986726","2091794634","2.25"
"2136796599","2153752433","0.666667"
"2153752433","2136796599","0.666667"
"2136796599","2169986726","3.95"
"2169986726","2136796599","3.95"
"2136796599","2397707437","0.333333"
"2397707437","2136796599","0.333333"
"2153752433","2169986726","0.5"
"2169986726","2153752433","0.5"
"2169986726","2397707437","0.166667"
"2397707437","2169986726","0.166667"
"2009556891","2158100015","0.5"
"2158100015","2009556891","0.5"
"2136796599","2158100015","0.166667"
"2158100015","2136796599","0.166667"
"1994377455","2009556891","2.25"
"2009556891","1994377455","2.25"
"1994377455","2169986726","1.75"
"2169986726","1994377455","1.75"
"1994377455","2136796599","1.25"
"2136796599","1994377455","1.25"
"1994377455","2091794634","4.75"
"2091794634","1994377455","4.75"
"1994377455","2094584087","0.25"
"2094584087","1994377455","0.25"
"2009556891","2094584087","0.25"
"2094584087","2009556891","0.25"
"2091794634","2094584087","0.25"
"2094584087","2091794634","0.25"
"2094584087","2169986726","0.25"
"2169986726","2094584087","0.25"
"1994377455","2157884984","1"
"2157884984","1994377455","1"
"1994377455","2022677886","0.75"
"2022677886","1994377455","0.75"
"2009556891","2022677886","0.616667"
"2022677886","2009556891","0.616667"
"2022677886","2091794634","0.75"
"2091794634","2022677886","0.75"
"2022677886","2169986726","0.616667"
"2169986726","2022677886","0.616667"
"1999762660","2331870320","1"
"2331870320","1999762660","1"
"1999762660","2095277817","0.5"
"2095277817","1999762660","0.5"
"1999762660","2121282310","1.5"
"2121282310","1999762660","1.5"
"2002642763","2336512584","2.5"
"2336512584","2002642763","2.5"
"2122778642","2336512584","2.5"
"2336512584","2122778642","2.5"
"2146936057","2336512584","3"
"2336512584","2146936057","3"
"2002642763","2169986726","1"
"2169986726","2002642763","1"
"2002642763","2063490473","0.5"
"2063490473","2002642763","0.5"
"2002642763","2136796599","0.5"
"2136796599","2002642763","0.5"
"2063490473","2136796599","0.5"
"2136796599","2063490473","0.5"
"2004571217","2028657008","0.5"
"2028657008","2004571217","0.5"
"2009556891","2028657008","0.5"
"2028657008","2009556891","0.5"
"2004571217","2102130188","1"
"2102130188","2004571217","1"
"200638974","2063490473","4"
"2063490473","200638974","4"
"2022677886","2102130188","0.366667"
"2102130188","2022677886","0.366667"
"2022677886","2124505791","0.366667"
"2124505791","2022677886","0.366667"
"2022677886","2136796599","0.366667"
"2136796599","2022677886","0.366667"
"2102130188","2169986726","0.366667"
"2169986726","2102130188","0.366667"
"2124505791","2169986726","0.366667"
"2169986726","2124505791","0.366667"
"2009556891","2139893662","0.5"
"2139893662","2009556891","0.5"
"2009556891","2150652226","1.5"
"2150652226","2009556891","1.5"
"2136796599","2150652226","2"
"2150652226","2136796599","2"
"2150652226","2169986726","0.5"
"2169986726","2150652226","0.5"
"2022677886","2150652226","0.166667"
"2150652226","2022677886","0.166667"
"2102130188","2150652226","0.166667"
"2150652226","2102130188","0.166667"
"2124505791","2150652226","0.166667"
"2150652226","2124505791","0.166667"
"2013221077","2136548128","1.25"
"2136548128","2013221077","1.25"
"2013221077","2089910218","0.25"
"2089910218","2013221077","0.25"
"2052505795","2089910218","0.25"
"2089910218","2052505795","0.25"
"2052505795","2136548128","0.25"
"2136548128","2052505795","0.25"
"2089910218","2150976333","0.583333"
"2150976333","2089910218","0.583333"
"2136548128","2150976333","1.58333"
"2150976333","2136548128","1.58333"
"2022677886","2084988263","0.5"
"2084988263","2022677886","0.5"
"2022677886","2106179192","0.5"
"2106179192","2022677886","0.5"
"2028657008","2153612052","2.25"
"2153612052","2028657008","2.25"
"2028657008","2139175872","4"
"2139175872","2028657008","4"
"2028657008","2121475923","0.25"
"2121475923","2028657008","0.25"
"2028657008","2128909455","0.25"
"2128909455","2028657008","0.25"
"2028657008","2336512584","0.25"
"2336512584","2028657008","0.25"
"2121475923","2153612052","0.25"
"2153612052","2121475923","0.25"
"2121475923","2336512584","0.25"
"2336512584","2121475923","0.25"
"2128909455","2153612052","0.25"
"2153612052","2128909455","0.25"
"2128909455","2336512584","0.25"
"2336512584","2128909455","0.25"
"2153612052","2336512584","0.25"
"2336512584","2153612052","0.25"
"2031837460","2331870320","1"
"2331870320","2031837460","1"
"2084988263","2122778642","1"
"2122778642","2084988263","1"
"2089910218","2105964941","7.16667"
"2105964941","2089910218","7.16667"
"2105964941","2136548128","2.66667"
"2136548128","2105964941","2.66667"
"2089910218","2142824367","1"
"2142824367","2089910218","1"
"2089910218","2250481785","1.5"
"2250481785","2089910218","1.5"
"2105964941","2250481785","1.16667"
"2250481785","2105964941","1.16667"
"2136548128","2250481785","2"
"2250481785","2136548128","2"
"2089910218","2139893662","0.5"
"2139893662","2089910218","0.5"
"2102013417","2148528790","1"
"2148528790","2102013417","1"
"2102013417","2150652226","8.5"
"2150652226","2102013417","8.5"
"2148528790","2150652226","1.5"
"2150652226","2148528790","1.5"
"2102013417","2139893662","0.5"
"2139893662","2102013417","0.5"
"2102130188","2104131857","1"
"2104131857","2102130188","1"
"2118636570","2121475923","1"
"2121475923","2118636570","1"
"2121282310","2156530810","1"
"2156530810","2121282310","1"
"2136548128","2157884984","0.5"
"2157884984","2136548128","0.5"
"2136548128","2184019479","0.5"
"2184019479","2136548128","0.5"
"2139175872","2153612052","1"
"2153612052","2139175872","1"
"2139893662","2148528790","1.5"
"2148528790","2139893662","1.5"
"2166945075","2434543269","1"
"2434543269","2166945075","1"
"2264796913","2434543269","25"
"2434543269","2264796913","25"
"2511201422","2529184846","5"
"2529184846","2511201422","5"
