"1030440435","2171749496","1.5"
"2171749496","1030440435","1.5"
"1030440435","2110822809","0.5"
"2110822809","1030440435","0.5"
"2110822809","2171749496","2.50007"
"2171749496","2110822809","2.50007"
"1030440435","1918171854","1"
"1918171854","1030440435","1"
"1030440435","2167547368","2"
"2167547368","1030440435","2"
"1488890239","1966912174","0.142857"
"1966912174","1488890239","0.142857"
"1488890239","2074648919","0.242857"
"2074648919","1488890239","0.242857"
"1488890239","2096252296","0.378968"
"2096252296","1488890239","0.378968"
"1488890239","2115957413","0.378968"
"2115957413","1488890239","0.378968"
"1488890239","2126586599","0.445635"
"2126586599","1488890239","0.445635"
"1488890239","2165644036","0.353968"
"2165644036","1488890239","0.353968"
"1488890239","2167547368","1.0873"
"2167547368","1488890239","1.0873"
"1966912174","2074648919","8.69048"
"2074648919","1966912174","8.69048"
"1966912174","2096252296","0.190476"
"2096252296","1966912174","0.190476"
"1966912174","2115957413","0.52381"
"2115957413","1966912174","0.52381"
"1966912174","2126586599","0.52381"
"2126586599","1966912174","0.52381"
"1966912174","2165644036","0.190476"
"2165644036","1966912174","0.190476"
"1966912174","2167547368","6.35714"
"2167547368","1966912174","6.35714"
"2074648919","2096252296","0.190476"
"2096252296","2074648919","0.190476"
"2074648919","2115957413","0.52381"
"2115957413","2074648919","0.52381"
"2074648919","2126586599","0.52381"
"2126586599","2074648919","0.52381"
"2074648919","2165644036","0.290476"
"2165644036","2074648919","0.290476"
"2074648919","2167547368","5.45714"
"2167547368","2074648919","5.45714"
"2096252296","2115957413","3.75397"
"2115957413","2096252296","3.75397"
"2096252296","2126586599","3.95397"
"2126586599","2096252296","3.95397"
"2096252296","2165644036","1.90278"
"2165644036","2096252296","1.90278"
"2096252296","2167547368","0.301587"
"2167547368","2096252296","0.301587"
"2115957413","2126586599","7.2693"
"2126586599","2115957413","7.2693"
"2115957413","2165644036","1.40278"
"2165644036","2115957413","1.40278"
"2115957413","2167547368","0.340049"
"2167547368","2115957413","0.340049"
"2126586599","2165644036","1.40278"
"2165644036","2126586599","1.40278"
"2126586599","2167547368","0.406716"
"2167547368","2126586599","0.406716"
"2165644036","2167547368","0.401587"
"2167547368","2165644036","0.401587"
"1488890239","2007815473","0.111111"
"2007815473","1488890239","0.111111"
"1488890239","2096772800","0.944444"
"2096772800","1488890239","0.944444"
"1488890239","2150410176","0.277778"
"2150410176","1488890239","0.277778"
"1488890239","2153007951","0.177778"
"2153007951","1488890239","0.177778"
"2007815473","2096252296","0.194444"
"2096252296","2007815473","0.194444"
"2007815473","2096772800","1.54243"
"2096772800","2007815473","1.54243"
"2007815473","2115957413","0.285538"
"2115957413","2007815473","0.285538"
"2007815473","2126586599","0.285538"
"2126586599","2007815473","0.285538"
"2007815473","2150410176","0.111111"
"2150410176","2007815473","0.111111"
"2007815473","2153007951","0.149573"
"2153007951","2007815473","0.149573"
"2007815473","2165644036","0.111111"
"2165644036","2007815473","0.111111"
"2007815473","2167547368","0.79243"
"2167547368","2007815473","0.79243"
"2096252296","2096772800","0.28373"
"2096772800","2096252296","0.28373"
"2096252296","2150410176","0.28373"
"2150410176","2096252296","0.28373"
"2096252296","2153007951","0.819444"
"2153007951","2096252296","0.819444"
"2096772800","2115957413","0.822192"
"2115957413","2096772800","0.822192"
"2096772800","2126586599","0.888858"
"2126586599","2096772800","0.888858"
"2096772800","2150410176","0.98373"
"2150410176","2096772800","0.98373"
"2096772800","2153007951","0.388858"
"2153007951","2096772800","0.388858"
"2096772800","2165644036","0.38373"
"2165644036","2096772800","0.38373"
"2096772800","2167547368","4.62338"
"2167547368","2096772800","4.62338"
"2115957413","2150410176","0.28373"
"2150410176","2115957413","0.28373"
"2115957413","2153007951","0.857906"
"2153007951","2115957413","0.857906"
"2126586599","2150410176","0.550397"
"2150410176","2126586599","0.550397"
"2126586599","2153007951","0.924573"
"2153007951","2126586599","0.924573"
"2150410176","2153007951","0.350397"
"2153007951","2150410176","0.350397"
"2150410176","2165644036","0.38373"
"2165644036","2150410176","0.38373"
"2150410176","2167547368","0.85873"
"2167547368","2150410176","0.85873"
"2153007951","2165644036","0.426587"
"2165644036","2153007951","0.426587"
"2153007951","2167547368","0.263858"
"2167547368","2153007951","0.263858"
"1488890239","170438363","0.0666667"
"170438363","1488890239","0.0666667"
"1488890239","2035849021","0.0666667"
"2035849021","1488890239","0.0666667"
"1488890239","2101589718","0.0666667"
"2101589718","1488890239","0.0666667"
"1488890239","2103179193","0.0666667"
"2103179193","1488890239","0.0666667"
"1488890239","2103235295","0.0666667"
"2103235295","1488890239","0.0666667"
"1488890239","2110822809","0.0666667"
"2110822809","1488890239","0.0666667"
"1488890239","2121243408","0.0666667"
"2121243408","1488890239","0.0666667"
"1488890239","2132300069","0.0666667"
"2132300069","1488890239","0.0666667"
"1488890239","2140963174","0.958333"
"2140963174","1488890239","0.958333"
"1488890239","2149427297","0.166667"
"2149427297","1488890239","0.166667"
"170438363","2035849021","0.404953"
"2035849021","170438363","0.404953"
"170438363","2096772800","0.209524"
"2096772800","170438363","0.209524"
"170438363","2101589718","0.372965"
"2101589718","170438363","0.372965"
"170438363","2103179193","0.965822"
"2103179193","170438363","0.965822"
"170438363","2103235295","0.564141"
"2103235295","170438363","0.564141"
"170438363","2110822809","0.358979"
"2110822809","170438363","0.358979"
"170438363","2121243408","0.247868"
"2121243408","170438363","0.247868"
"170438363","2126586599","0.0666667"
"2126586599","170438363","0.0666667"
"170438363","2132300069","0.0666667"
"2132300069","170438363","0.0666667"
"170438363","2140963174","0.209524"
"2140963174","170438363","0.209524"
"170438363","2149427297","4.15386"
"2149427297","170438363","4.15386"
"170438363","2150410176","0.0666667"
"2150410176","170438363","0.0666667"
"170438363","2153007951","0.0666667"
"2153007951","170438363","0.0666667"
"170438363","2167547368","0.459524"
"2167547368","170438363","0.459524"
"2035849021","2096772800","0.239286"
"2096772800","2035849021","0.239286"
"2035849021","2101589718","0.336364"
"2101589718","2035849021","0.336364"
"2035849021","2103179193","0.425649"
"2103179193","2035849021","0.425649"
"2035849021","2103235295","0.37803"
"2103235295","2035849021","0.37803"
"2035849021","2110822809","0.239044"
"2110822809","2035849021","0.239044"
"2035849021","2121243408","0.239044"
"2121243408","2035849021","0.239044"
"2035849021","2126586599","1.05833"
"2126586599","2035849021","1.05833"
"2035849021","2132300069","0.0666667"
"2132300069","2035849021","0.0666667"
"2035849021","2140963174","0.114286"
"2140963174","2035849021","0.114286"
"2035849021","2149427297","1.08591"
"2149427297","2035849021","1.08591"
"2035849021","2150410176","0.239286"
"2150410176","2035849021","0.239286"
"2035849021","2153007951","10.6417"
"2153007951","2035849021","10.6417"
"2035849021","2167547368","0.239286"
"2167547368","2035849021","0.239286"
"2096772800","2101589718","0.105128"
"2101589718","2096772800","0.105128"
"2096772800","2103179193","0.628938"
"2103179193","2096772800","0.628938"
"2096772800","2103235295","0.105128"
"2103235295","2096772800","0.105128"
"2096772800","2110822809","0.438462"
"2110822809","2096772800","0.438462"
"2096772800","2121243408","0.438462"
"2121243408","2096772800","0.438462"
"2096772800","2132300069","0.105128"
"2132300069","2096772800","0.105128"
"2096772800","2140963174","5.17894"
"2140963174","2096772800","5.17894"
"2096772800","2149427297","0.645604"
"2149427297","2096772800","0.645604"
"2101589718","2103179193","1.54108"
"2103179193","2101589718","1.54108"
"2101589718","2103235295","1.25801"
"2103235295","2101589718","1.25801"
"2101589718","2110822809","0.437038"
"2110822809","2101589718","0.437038"
"2101589718","2121243408","0.312038"
"2121243408","2101589718","0.312038"
"2101589718","2126586599","0.332002"
"2126586599","2101589718","0.332002"
"2101589718","2132300069","3.87367"
"2132300069","2101589718","3.87367"
"2101589718","2140963174","0.105128"
"2140963174","2101589718","0.105128"
"2101589718","2149427297","6.25774"
"2149427297","2101589718","6.25774"
"2101589718","2150410176","0.0666667"
"2150410176","2101589718","0.0666667"
"2101589718","2153007951","0.105128"
"2153007951","2101589718","0.105128"
"2101589718","2167547368","0.605128"
"2167547368","2101589718","0.605128"
"2103179193","2103235295","2.15087"
"2103235295","2103179193","2.15087"
"2103179193","2110822809","0.825927"
"2110822809","2103179193","0.825927"
"2103179193","2121243408","0.510451"
"2121243408","2103179193","0.510451"
"2103179193","2126586599","0.296288"
"2126586599","2103179193","0.296288"
"2103179193","2132300069","0.373669"
"2132300069","2103179193","0.373669"
"2103179193","2140963174","0.295604"
"2140963174","2103179193","0.295604"
"2103179193","2149427297","2.69544"
"2149427297","2103179193","2.69544"
"2103179193","2150410176","0.114286"
"2150410176","2103179193","0.114286"
"2103179193","2153007951","0.152747"
"2153007951","2103179193","0.152747"
"2103179193","2167547368","0.545604"
"2167547368","2103179193","0.545604"
"2103235295","2110822809","0.778214"
"2110822809","2103235295","0.778214"
"2103235295","2121243408","0.996071"
"2121243408","2103235295","0.996071"
"2103235295","2126586599","0.15776"
"2126586599","2103235295","0.15776"
"2103235295","2132300069","0.28276"
"2132300069","2103235295","0.28276"
"2103235295","2140963174","0.105128"
"2140963174","2103235295","0.105128"
"2103235295","2149427297","1.34135"
"2149427297","2103235295","1.34135"
"2103235295","2150410176","0.0666667"
"2150410176","2103235295","0.0666667"
"2103235295","2153007951","0.105128"
"2153007951","2103235295","0.105128"
"2103235295","2167547368","0.355128"
"2167547368","2103235295","0.355128"
"2110822809","2121243408","6.34452"
"2121243408","2110822809","6.34452"
"2110822809","2126586599","0.15776"
"2126586599","2110822809","0.15776"
"2110822809","2132300069","0.28276"
"2132300069","2110822809","0.28276"
"2110822809","2140963174","0.105128"
"2140963174","2110822809","0.105128"
"2110822809","2149427297","2.69174"
"2149427297","2110822809","2.69174"
"2110822809","2150410176","0.0666667"
"2150410176","2110822809","0.0666667"
"2110822809","2153007951","0.105128"
"2153007951","2110822809","0.105128"
"2110822809","2167547368","0.105128"
"2167547368","2110822809","0.105128"
"2121243408","2126586599","0.15776"
"2126586599","2121243408","0.15776"
"2121243408","2132300069","0.15776"
"2132300069","2121243408","0.15776"
"2121243408","2140963174","0.438462"
"2140963174","2121243408","0.438462"
"2121243408","2149427297","3.52071"
"2149427297","2121243408","3.52071"
"2121243408","2150410176","0.0666667"
"2150410176","2121243408","0.0666667"
"2121243408","2153007951","0.105128"
"2153007951","2121243408","0.105128"
"2121243408","2167547368","0.438462"
"2167547368","2121243408","0.438462"
"2126586599","2132300069","0.448669"
"2132300069","2126586599","0.448669"
"2126586599","2140963174","0.527747"
"2140963174","2126586599","0.527747"
"2126586599","2149427297","0.379621"
"2149427297","2126586599","0.379621"
"2132300069","2140963174","0.105128"
"2140963174","2132300069","0.105128"
"2132300069","2149427297","1.37367"
"2149427297","2132300069","1.37367"
"2132300069","2150410176","0.266667"
"2150410176","2132300069","0.266667"
"2132300069","2153007951","0.105128"
"2153007951","2132300069","0.105128"
"2132300069","2167547368","0.605128"
"2167547368","2132300069","0.605128"
"2140963174","2149427297","0.645604"
"2149427297","2140963174","0.645604"
"2140963174","2150410176","1.74762"
"2150410176","2140963174","1.74762"
"2140963174","2153007951","0.152747"
"2153007951","2140963174","0.152747"
"2140963174","2167547368","4.17894"
"2167547368","2140963174","4.17894"
"2149427297","2150410176","0.214286"
"2150410176","2149427297","0.214286"
"2149427297","2153007951","0.152747"
"2153007951","2149427297","0.152747"
"2149427297","2167547368","0.895604"
"2167547368","2149427297","0.895604"
"1488890239","1822824846","0.1"
"1822824846","1488890239","0.1"
"1488890239","2051627552","0.1"
"2051627552","1488890239","0.1"
"1488890239","2109042199","0.225"
"2109042199","1488890239","0.225"
"1822824846","2051627552","0.1"
"2051627552","1822824846","0.1"
"1822824846","2074648919","0.1"
"2074648919","1822824846","0.1"
"1822824846","2096772800","0.3"
"2096772800","1822824846","0.3"
"1822824846","2109042199","0.1"
"2109042199","1822824846","0.1"
"1822824846","2140963174","0.3"
"2140963174","1822824846","0.3"
"1822824846","2149427297","0.1"
"2149427297","1822824846","0.1"
"1822824846","2150410176","1.3"
"2150410176","1822824846","1.3"
"1822824846","2165644036","0.1"
"2165644036","1822824846","0.1"
"1822824846","2167547368","0.3"
"2167547368","1822824846","0.3"
"2051627552","2074648919","0.147619"
"2074648919","2051627552","0.147619"
"2051627552","2096772800","0.186081"
"2096772800","2051627552","0.186081"
"2051627552","2109042199","1.10409"
"2109042199","2051627552","1.10409"
"2051627552","2140963174","0.186081"
"2140963174","2051627552","0.186081"
"2051627552","2149427297","5.2143"
"2149427297","2051627552","5.2143"
"2051627552","2150410176","0.147619"
"2150410176","2051627552","0.147619"
"2051627552","2165644036","0.147619"
"2165644036","2051627552","0.147619"
"2051627552","2167547368","0.186081"
"2167547368","2051627552","0.186081"
"2074648919","2096772800","0.480952"
"2096772800","2074648919","0.480952"
"2074648919","2109042199","0.147619"
"2109042199","2074648919","0.147619"
"2074648919","2140963174","0.147619"
"2140963174","2074648919","0.147619"
"2074648919","2149427297","0.147619"
"2149427297","2074648919","0.147619"
"2074648919","2150410176","0.147619"
"2150410176","2074648919","0.147619"
"2096772800","2109042199","0.186081"
"2109042199","2096772800","0.186081"
"2109042199","2140963174","0.561081"
"2140963174","2109042199","0.561081"
"2109042199","2149427297","5.64152"
"2149427297","2109042199","5.64152"
"2109042199","2150410176","0.147619"
"2150410176","2109042199","0.147619"
"2109042199","2165644036","0.147619"
"2165644036","2109042199","0.147619"
"2109042199","2167547368","0.311081"
"2167547368","2109042199","0.311081"
"2140963174","2165644036","0.147619"
"2165644036","2140963174","0.147619"
"2149427297","2165644036","0.147619"
"2165644036","2149427297","0.147619"
"1488890239","1516409914","0.125"
"1516409914","1488890239","0.125"
"1488890239","2117848638","0.125"
"2117848638","1488890239","0.125"
"1488890239","2162491758","0.125"
"2162491758","1488890239","0.125"
"1516409914","2096252296","0.125"
"2096252296","1516409914","0.125"
"1516409914","2109042199","0.325"
"2109042199","1516409914","0.325"
"1516409914","2115957413","0.125"
"2115957413","1516409914","0.125"
"1516409914","2117848638","0.325"
"2117848638","1516409914","0.325"
"1516409914","2126586599","0.125"
"2126586599","1516409914","0.125"
"1516409914","2140963174","0.125"
"2140963174","1516409914","0.125"
"1516409914","2162491758","0.325"
"2162491758","1516409914","0.325"
"2096252296","2109042199","0.422619"
"2109042199","2096252296","0.422619"
"2096252296","2117848638","0.125"
"2117848638","2096252296","0.125"
"2096252296","2140963174","0.422619"
"2140963174","2096252296","0.422619"
"2096252296","2162491758","0.125"
"2162491758","2096252296","0.125"
"2109042199","2115957413","0.55199"
"2115957413","2109042199","0.55199"
"2109042199","2117848638","0.575"
"2117848638","2109042199","0.575"
"2109042199","2126586599","0.55199"
"2126586599","2109042199","0.55199"
"2109042199","2162491758","0.613462"
"2162491758","2109042199","0.613462"
"2115957413","2117848638","0.125"
"2117848638","2115957413","0.125"
"2115957413","2140963174","0.461081"
"2140963174","2115957413","0.461081"
"2115957413","2162491758","0.163462"
"2162491758","2115957413","0.163462"
"2117848638","2126586599","0.325"
"2126586599","2117848638","0.325"
"2117848638","2140963174","0.125"
"2140963174","2117848638","0.125"
"2117848638","2162491758","7.775"
"2162491758","2117848638","7.775"
"2126586599","2162491758","0.363462"
"2162491758","2126586599","0.363462"
"2140963174","2162491758","0.163462"
"2162491758","2140963174","0.163462"
"1516409914","2115833276","0.2"
"2115833276","1516409914","0.2"
"1516409914","2121759027","0.2"
"2121759027","1516409914","0.2"
"2109042199","2115833276","0.488462"
"2115833276","2109042199","0.488462"
"2109042199","2121759027","0.448295"
"2121759027","2109042199","0.448295"
"2115833276","2117848638","2.78333"
"2117848638","2115833276","2.78333"
"2115833276","2121759027","0.238462"
"2121759027","2115833276","0.238462"
"2115833276","2162491758","1.98846"
"2162491758","2115833276","1.98846"
"2117848638","2121759027","0.2"
"2121759027","2117848638","0.2"
"2121759027","2162491758","0.238462"
"2162491758","2121759027","0.238462"
"1518104418","2110822809","1"
"2110822809","1518104418","1"
"1518104418","2025047573","1.33333"
"2025047573","1518104418","1.33333"
"1518104418","2073030376","0.333333"
"2073030376","1518104418","0.333333"
"1518104418","2115833276","0.833333"
"2115833276","1518104418","0.833333"
"2025047573","2073030376","0.583333"
"2073030376","2025047573","0.583333"
"2025047573","2115833276","2.08333"
"2115833276","2025047573","2.08333"
"2073030376","2115833276","0.583333"
"2115833276","2073030376","0.583333"
"1518104418","1985223995","0.2"
"1985223995","1518104418","0.2"
"1518104418","2001832483","0.2"
"2001832483","1518104418","0.2"
"1518104418","2103179193","0.2"
"2103179193","1518104418","0.2"
"1518104418","2138790992","0.2"
"2138790992","1518104418","0.2"
"1518104418","2149427297","0.7"
"2149427297","1518104418","0.7"
"1985223995","2001832483","0.245455"
"2001832483","1985223995","0.245455"
"1985223995","2103179193","0.612121"
"2103179193","1985223995","0.612121"
"1985223995","2138790992","0.812121"
"2138790992","1985223995","0.812121"
"1985223995","2149427297","0.245455"
"2149427297","1985223995","0.245455"
"2001832483","2103179193","1.0799"
"2103179193","2001832483","1.0799"
"2001832483","2138790992","0.588228"
"2138790992","2001832483","0.588228"
"2001832483","2149427297","8.9719"
"2149427297","2001832483","8.9719"
"2103179193","2138790992","5.14663"
"2138790992","2103179193","5.14663"
"2138790992","2149427297","2.80378"
"2149427297","2138790992","2.80378"
"2115833276","2149427297","0.538462"
"2149427297","2115833276","0.538462"
"1518104418","2117848638","0.2"
"2117848638","1518104418","0.2"
"1518104418","2126586599","0.2"
"2126586599","1518104418","0.2"
"1518104418","2132300069","0.2"
"2132300069","1518104418","0.2"
"1518104418","2150410176","0.2"
"2150410176","1518104418","0.2"
"1518104418","2162491758","0.2"
"2162491758","1518104418","0.2"
"2117848638","2132300069","4.2"
"2132300069","2117848638","4.2"
"2117848638","2150410176","0.2"
"2150410176","2117848638","0.2"
"2132300069","2162491758","0.238462"
"2162491758","2132300069","0.238462"
"2150410176","2162491758","0.2"
"2162491758","2150410176","0.2"
"1524137633","1918171854","1.04762"
"1918171854","1524137633","1.04762"
"1524137633","1966912174","0.380952"
"1966912174","1524137633","0.380952"
"1524137633","2035849021","0.362854"
"2035849021","1524137633","0.362854"
"1524137633","2036191390","0.190476"
"2036191390","1524137633","0.190476"
"1524137633","2051627552","0.508739"
"2051627552","1524137633","0.508739"
"1524137633","2052509824","0.190476"
"2052509824","1524137633","0.190476"
"1524137633","2074648919","0.380952"
"2074648919","1524137633","0.380952"
"1524137633","2096252296","0.190476"
"2096252296","1524137633","0.190476"
"1524137633","2096772800","0.047619"
"2096772800","1524137633","0.047619"
"1524137633","2103179193","0.556816"
"2103179193","1524137633","0.556816"
"1524137633","2109042199","4.42555"
"2109042199","1524137633","4.42555"
"1524137633","2115957413","0.243108"
"2115957413","1524137633","0.243108"
"1524137633","2126586599","0.243108"
"2126586599","1524137633","0.243108"
"1524137633","2138790992","0.320705"
"2138790992","1524137633","0.320705"
"1524137633","2140963174","0.047619"
"2140963174","1524137633","0.047619"
"1524137633","2144609465","0.047619"
"2144609465","1524137633","0.047619"
"1524137633","2149427297","3.81152"
"2149427297","1524137633","3.81152"
"1524137633","2150410176","0.047619"
"2150410176","1524137633","0.047619"
"1524137633","2153007951","0.190476"
"2153007951","1524137633","0.190476"
"1524137633","2165644036","0.047619"
"2165644036","1524137633","0.047619"
"1524137633","2167547368","0.505952"
"2167547368","1524137633","0.505952"
"1918171854","1966912174","0.047619"
"1966912174","1918171854","0.047619"
"1918171854","2035849021","0.39881"
"2035849021","1918171854","0.39881"
"1918171854","2036191390","0.130952"
"2036191390","1918171854","0.130952"
"1918171854","2051627552","0.047619"
"2051627552","1918171854","0.047619"
"1918171854","2052509824","0.27381"
"2052509824","1918171854","0.27381"
"1918171854","2074648919","0.047619"
"2074648919","1918171854","0.047619"
"1918171854","2096252296","1.06548"
"2096252296","1918171854","1.06548"
"1918171854","2096772800","0.172619"
"2096772800","1918171854","0.172619"
"1918171854","2103179193","0.047619"
"2103179193","1918171854","0.047619"
"1918171854","2109042199","0.047619"
"2109042199","1918171854","0.047619"
"1918171854","2115957413","0.565476"
"2115957413","1918171854","0.565476"
"1918171854","2126586599","0.565476"
"2126586599","1918171854","0.565476"
"1918171854","2138790992","0.047619"
"2138790992","1918171854","0.047619"
"1918171854","2140963174","0.047619"
"2140963174","1918171854","0.047619"
"1918171854","2144609465","0.130952"
"2144609465","1918171854","0.130952"
"1918171854","2149427297","0.130952"
"2149427297","1918171854","0.130952"
"1918171854","2150410176","0.172619"
"2150410176","1918171854","0.172619"
"1918171854","2153007951","0.315476"
"2153007951","1918171854","0.315476"
"1918171854","2165644036","1.98214"
"2165644036","1918171854","1.98214"
"1918171854","2167547368","4.04762"
"2167547368","1918171854","4.04762"
"1966912174","2035849021","0.047619"
"2035849021","1966912174","0.047619"
"1966912174","2036191390","0.047619"
"2036191390","1966912174","0.047619"
"1966912174","2051627552","0.047619"
"2051627552","1966912174","0.047619"
"1966912174","2052509824","0.047619"
"2052509824","1966912174","0.047619"
"1966912174","2096772800","0.380952"
"2096772800","1966912174","0.380952"
"1966912174","2103179193","0.047619"
"2103179193","1966912174","0.047619"
"1966912174","2109042199","0.047619"
"2109042199","1966912174","0.047619"
"1966912174","2138790992","0.047619"
"2138790992","1966912174","0.047619"
"1966912174","2140963174","0.047619"
"2140963174","1966912174","0.047619"
"1966912174","2144609465","0.047619"
"2144609465","1966912174","0.047619"
"1966912174","2149427297","0.047619"
"2149427297","1966912174","0.047619"
"1966912174","2150410176","0.047619"
"2150410176","1966912174","0.047619"
"1966912174","2153007951","0.047619"
"2153007951","1966912174","0.047619"
"2035849021","2036191390","2.84048"
"2036191390","2035849021","2.84048"
"2035849021","2051627552","0.310906"
"2051627552","2035849021","0.310906"
"2035849021","2052509824","4.60833"
"2052509824","2035849021","4.60833"
"2035849021","2074648919","0.047619"
"2074648919","2035849021","0.047619"
"2035849021","2096252296","0.991667"
"2096252296","2035849021","0.991667"
"2035849021","2109042199","1.42"
"2109042199","2035849021","1.42"
"2035849021","2115957413","0.791667"
"2115957413","2035849021","0.791667"
"2035849021","2138790992","0.358983"
"2138790992","2035849021","0.358983"
"2035849021","2144609465","0.330952"
"2144609465","2035849021","0.330952"
"2035849021","2165644036","0.315476"
"2165644036","2035849021","0.315476"
"2036191390","2051627552","0.047619"
"2051627552","2036191390","0.047619"
"2036191390","2052509824","5.50714"
"2052509824","2036191390","5.50714"
"2036191390","2074648919","0.047619"
"2074648919","2036191390","0.047619"
"2036191390","2096252296","2.14048"
"2096252296","2036191390","2.14048"
"2036191390","2096772800","0.047619"
"2096772800","2036191390","0.047619"
"2036191390","2103179193","0.047619"
"2103179193","2036191390","0.047619"
"2036191390","2109042199","0.747619"
"2109042199","2036191390","0.747619"
"2036191390","2115957413","0.27381"
"2115957413","2036191390","0.27381"
"2036191390","2126586599","0.47381"
"2126586599","2036191390","0.47381"
"2036191390","2138790992","0.047619"
"2138790992","2036191390","0.047619"
"2036191390","2140963174","0.047619"
"2140963174","2036191390","0.047619"
"2036191390","2144609465","0.997619"
"2144609465","2036191390","0.997619"
"2036191390","2149427297","0.130952"
"2149427297","2036191390","0.130952"
"2036191390","2150410176","0.047619"
"2150410176","2036191390","0.047619"
"2036191390","2153007951","2.55714"
"2153007951","2036191390","2.55714"
"2036191390","2165644036","0.047619"
"2165644036","2036191390","0.047619"
"2036191390","2167547368","0.047619"
"2167547368","2036191390","0.047619"
"2051627552","2052509824","0.047619"
"2052509824","2051627552","0.047619"
"2051627552","2096252296","0.047619"
"2096252296","2051627552","0.047619"
"2051627552","2103179193","0.648489"
"2103179193","2051627552","0.648489"
"2051627552","2115957413","0.138712"
"2115957413","2051627552","0.138712"
"2051627552","2126586599","0.138712"
"2126586599","2051627552","0.138712"
"2051627552","2138790992","1.46793"
"2138790992","2051627552","1.46793"
"2051627552","2144609465","0.047619"
"2144609465","2051627552","0.047619"
"2051627552","2153007951","0.0860806"
"2153007951","2051627552","0.0860806"
"2052509824","2074648919","0.047619"
"2074648919","2052509824","0.047619"
"2052509824","2096252296","2.28333"
"2096252296","2052509824","2.28333"
"2052509824","2096772800","0.047619"
"2096772800","2052509824","0.047619"
"2052509824","2103179193","0.172619"
"2103179193","2052509824","0.172619"
"2052509824","2109042199","0.747619"
"2109042199","2052509824","0.747619"
"2052509824","2115957413","0.416667"
"2115957413","2052509824","0.416667"
"2052509824","2126586599","0.616667"
"2126586599","2052509824","0.616667"
"2052509824","2138790992","0.172619"
"2138790992","2052509824","0.172619"
"2052509824","2140963174","0.047619"
"2140963174","2052509824","0.047619"
"2052509824","2144609465","0.997619"
"2144609465","2052509824","0.997619"
"2052509824","2149427297","0.255952"
"2149427297","2052509824","0.255952"
"2052509824","2150410176","0.047619"
"2150410176","2052509824","0.047619"
"2052509824","2153007951","3.2"
"2153007951","2052509824","3.2"
"2052509824","2165644036","0.190476"
"2165644036","2052509824","0.190476"
"2052509824","2167547368","0.172619"
"2167547368","2052509824","0.172619"
"2074648919","2103179193","0.047619"
"2103179193","2074648919","0.047619"
"2074648919","2138790992","0.047619"
"2138790992","2074648919","0.047619"
"2074648919","2144609465","0.047619"
"2144609465","2074648919","0.047619"
"2074648919","2153007951","0.047619"
"2153007951","2074648919","0.047619"
"2096252296","2103179193","0.047619"
"2103179193","2096252296","0.047619"
"2096252296","2138790992","0.047619"
"2138790992","2096252296","0.047619"
"2096252296","2144609465","1.99762"
"2144609465","2096252296","1.99762"
"2096252296","2149427297","0.130952"
"2149427297","2096252296","0.130952"
"2096772800","2138790992","0.562271"
"2138790992","2096772800","0.562271"
"2096772800","2144609465","0.047619"
"2144609465","2096772800","0.047619"
"2103179193","2109042199","1.2019"
"2109042199","2103179193","1.2019"
"2103179193","2115957413","0.229621"
"2115957413","2103179193","0.229621"
"2103179193","2144609465","0.047619"
"2144609465","2103179193","0.047619"
"2103179193","2165644036","0.047619"
"2165644036","2103179193","0.047619"
"2109042199","2138790992","0.710236"
"2138790992","2109042199","0.710236"
"2109042199","2144609465","0.047619"
"2144609465","2109042199","0.047619"
"2109042199","2153007951","0.786081"
"2153007951","2109042199","0.786081"
"2115957413","2138790992","0.229621"
"2138790992","2115957413","0.229621"
"2115957413","2144609465","0.130952"
"2144609465","2115957413","0.130952"
"2115957413","2149427297","0.312955"
"2149427297","2115957413","0.312955"
"2126586599","2138790992","0.229621"
"2138790992","2126586599","0.229621"
"2126586599","2144609465","0.330952"
"2144609465","2126586599","0.330952"
"2138790992","2140963174","0.228938"
"2140963174","2138790992","0.228938"
"2138790992","2144609465","0.047619"
"2144609465","2138790992","0.047619"
"2138790992","2150410176","0.047619"
"2150410176","2138790992","0.047619"
"2138790992","2153007951","0.0860806"
"2153007951","2138790992","0.0860806"
"2138790992","2165644036","0.047619"
"2165644036","2138790992","0.047619"
"2138790992","2167547368","0.478938"
"2167547368","2138790992","0.478938"
"2140963174","2144609465","0.047619"
"2144609465","2140963174","0.047619"
"2144609465","2149427297","0.130952"
"2149427297","2144609465","0.130952"
"2144609465","2150410176","0.047619"
"2150410176","2144609465","0.047619"
"2144609465","2153007951","0.047619"
"2153007951","2144609465","0.047619"
"2144609465","2165644036","0.047619"
"2165644036","2144609465","0.047619"
"2144609465","2167547368","0.047619"
"2167547368","2144609465","0.047619"
"1524137633","170438363","0.691822"
"170438363","1524137633","0.691822"
"1524137633","1985223995","0.0454545"
"1985223995","1524137633","0.0454545"
"1524137633","2001832483","1.10556"
"2001832483","1524137633","1.10556"
"1524137633","2005760119","0.225009"
"2005760119","1524137633","0.225009"
"1524137633","2007815473","1.02031"
"2007815473","1524137633","1.02031"
"1524137633","2078264666","0.148086"
"2078264666","1524137633","0.148086"
"1524137633","2098929588","0.0954545"
"2098929588","1524137633","0.0954545"
"1524137633","2101589718","0.259197"
"2101589718","1524137633","0.259197"
"1524137633","2103235295","0.384197"
"2103235295","1524137633","0.384197"
"1524137633","2110822809","0.33612"
"2110822809","1524137633","0.33612"
"1524137633","2121243408","0.758343"
"2121243408","1524137633","0.758343"
"1524137633","2121759027","0.0954545"
"2121759027","1524137633","0.0954545"
"1524137633","2142697503","0.46112"
"2142697503","1524137633","0.46112"
"1524137633","2160341176","0.283489"
"2160341176","1524137633","0.283489"
"1524137633","2165299010","0.0454545"
"2165299010","1524137633","0.0454545"
"1524137633","2171749496","0.46112"
"2171749496","1524137633","0.46112"
"170438363","1985223995","0.0454545"
"1985223995","170438363","0.0454545"
"170438363","2001832483","0.736757"
"2001832483","170438363","0.736757"
"170438363","2005760119","0.181201"
"2005760119","170438363","0.181201"
"170438363","2007815473","3.58602"
"2007815473","170438363","3.58602"
"170438363","2051627552","0.324398"
"2051627552","170438363","0.324398"
"170438363","2078264666","0.104278"
"2078264666","170438363","0.104278"
"170438363","2098929588","0.195187"
"2098929588","170438363","0.195187"
"170438363","2109042199","1.06176"
"2109042199","170438363","1.06176"
"170438363","2121759027","0.104278"
"2121759027","170438363","0.104278"
"170438363","2138790992","0.588044"
"2138790992","170438363","0.588044"
"170438363","2142697503","0.383221"
"2142697503","170438363","0.383221"
"170438363","2160341176","0.383221"
"2160341176","170438363","0.383221"
"170438363","2165299010","0.0454545"
"2165299010","170438363","0.0454545"
"170438363","2171749496","0.583221"
"2171749496","170438363","0.583221"
"1985223995","2005760119","0.0454545"
"2005760119","1985223995","0.0454545"
"1985223995","2007815473","0.0454545"
"2007815473","1985223995","0.0454545"
"1985223995","2035849021","0.0454545"
"2035849021","1985223995","0.0454545"
"1985223995","2051627552","0.0454545"
"2051627552","1985223995","0.0454545"
"1985223995","2078264666","0.0454545"
"2078264666","1985223995","0.0454545"
"1985223995","2098929588","0.0454545"
"2098929588","1985223995","0.0454545"
"1985223995","2101589718","0.612121"
"2101589718","1985223995","0.612121"
"1985223995","2103235295","0.612121"
"2103235295","1985223995","0.612121"
"1985223995","2109042199","0.0454545"
"2109042199","1985223995","0.0454545"
"1985223995","2110822809","0.0454545"
"2110822809","1985223995","0.0454545"
"1985223995","2121243408","0.0454545"
"2121243408","1985223995","0.0454545"
"1985223995","2121759027","0.0454545"
"2121759027","1985223995","0.0454545"
"1985223995","2142697503","0.0454545"
"2142697503","1985223995","0.0454545"
"1985223995","2160341176","0.0454545"
"2160341176","1985223995","0.0454545"
"1985223995","2165299010","0.0454545"
"2165299010","1985223995","0.0454545"
"1985223995","2171749496","0.0454545"
"2171749496","1985223995","0.0454545"
"2001832483","2005760119","0.339388"
"2005760119","2001832483","0.339388"
"2001832483","2007815473","3.23783"
"2007815473","2001832483","3.23783"
"2001832483","2035849021","0.172378"
"2035849021","2001832483","0.172378"
"2001832483","2051627552","4.15196"
"2051627552","2001832483","4.15196"
"2001832483","2078264666","0.63426"
"2078264666","2001832483","0.63426"
"2001832483","2098929588","0.352691"
"2098929588","2001832483","0.352691"
"2001832483","2101589718","0.356482"
"2101589718","2001832483","0.356482"
"2001832483","2103235295","0.840516"
"2103235295","2001832483","0.840516"
"2001832483","2109042199","1.77641"
"2109042199","2001832483","1.77641"
"2001832483","2110822809","0.600072"
"2110822809","2001832483","0.600072"
"2001832483","2121243408","1.1969"
"2121243408","2001832483","1.1969"
"2001832483","2121759027","0.581629"
"2121759027","2001832483","0.581629"
"2001832483","2142697503","1.21079"
"2142697503","2001832483","1.21079"
"2001832483","2160341176","2.11649"
"2160341176","2001832483","2.11649"
"2001832483","2165299010","0.0839161"
"2165299010","2001832483","0.0839161"
"2001832483","2171749496","1.56793"
"2171749496","2001832483","1.56793"
"2005760119","2007815473","0.762465"
"2007815473","2005760119","0.762465"
"2005760119","2035849021","0.172378"
"2035849021","2005760119","0.172378"
"2005760119","2051627552","0.280565"
"2051627552","2005760119","0.280565"
"2005760119","2078264666","4.26247"
"2078264666","2005760119","4.26247"
"2005760119","2098929588","0.209834"
"2098929588","2005760119","0.209834"
"2005760119","2101589718","0.33191"
"2101589718","2005760119","0.33191"
"2005760119","2103179193","0.387465"
"2103179193","2005760119","0.387465"
"2005760119","2103235295","0.273086"
"2103235295","2005760119","0.273086"
"2005760119","2109042199","0.286757"
"2109042199","2005760119","0.286757"
"2005760119","2110822809","0.464388"
"2110822809","2005760119","0.464388"
"2005760119","2121243408","0.839388"
"2121243408","2005760119","0.839388"
"2005760119","2121759027","0.209834"
"2121759027","2005760119","0.209834"
"2005760119","2138790992","0.33191"
"2138790992","2005760119","0.33191"
"2005760119","2142697503","0.506055"
"2142697503","2005760119","0.506055"
"2005760119","2149427297","0.964388"
"2149427297","2005760119","0.964388"
"2005760119","2160341176","0.453423"
"2160341176","2005760119","0.453423"
"2005760119","2165299010","0.0454545"
"2165299010","2005760119","0.0454545"
"2005760119","2171749496","0.339388"
"2171749496","2005760119","0.339388"
"2007815473","2035849021","0.303788"
"2035849021","2007815473","0.303788"
"2007815473","2051627552","2.32504"
"2051627552","2007815473","2.32504"
"2007815473","2078264666","0.63426"
"2078264666","2007815473","0.63426"
"2007815473","2098929588","0.463802"
"2098929588","2007815473","0.463802"
"2007815473","2101589718","3.88426"
"2101589718","2007815473","3.88426"
"2007815473","2103179193","1.9172"
"2103179193","2007815473","1.9172"
"2007815473","2103235295","1.20163"
"2103235295","2007815473","1.20163"
"2007815473","2109042199","2.0856"
"2109042199","2007815473","2.0856"
"2007815473","2110822809","0.523149"
"2110822809","2007815473","0.523149"
"2007815473","2121243408","1.48664"
"2121243408","2007815473","1.48664"
"2007815473","2121759027","0.581629"
"2121759027","2007815473","0.581629"
"2007815473","2138790992","0.892197"
"2138790992","2007815473","0.892197"
"2007815473","2142697503","1.30053"
"2142697503","2007815473","1.30053"
"2007815473","2149427297","8.76561"
"2149427297","2007815473","8.76561"
"2007815473","2160341176","1.81734"
"2160341176","2007815473","1.81734"
"2007815473","2165299010","0.0839161"
"2165299010","2007815473","0.0839161"
"2007815473","2171749496","1.30212"
"2171749496","2007815473","1.30212"
"2035849021","2078264666","0.0954545"
"2078264666","2035849021","0.0954545"
"2035849021","2098929588","0.186364"
"2098929588","2035849021","0.186364"
"2035849021","2121759027","0.0954545"
"2121759027","2035849021","0.0954545"
"2035849021","2142697503","0.263287"
"2142697503","2035849021","0.263287"
"2035849021","2160341176","0.263287"
"2160341176","2035849021","0.263287"
"2035849021","2165299010","0.0454545"
"2165299010","2035849021","0.0454545"
"2035849021","2171749496","0.263287"
"2171749496","2035849021","0.263287"
"2051627552","2078264666","0.575437"
"2078264666","2051627552","0.575437"
"2051627552","2098929588","1.40859"
"2098929588","2051627552","1.40859"
"2051627552","2101589718","0.277457"
"2101589718","2051627552","0.277457"
"2051627552","2103235295","0.620314"
"2103235295","2051627552","0.620314"
"2051627552","2110822809","0.541249"
"2110822809","2051627552","0.541249"
"2051627552","2121243408","0.661883"
"2121243408","2051627552","0.661883"
"2051627552","2121759027","0.689472"
"2121759027","2051627552","0.689472"
"2051627552","2142697503","0.900015"
"2142697503","2051627552","0.900015"
"2051627552","2160341176","2.88905"
"2160341176","2051627552","2.88905"
"2051627552","2165299010","0.0839161"
"2165299010","2051627552","0.0839161"
"2051627552","2171749496","2.15001"
"2171749496","2051627552","2.15001"
"2078264666","2098929588","0.709834"
"2098929588","2078264666","0.709834"
"2078264666","2101589718","0.245371"
"2101589718","2078264666","0.245371"
"2078264666","2103179193","0.300927"
"2103179193","2078264666","0.300927"
"2078264666","2103235295","0.186548"
"2103235295","2078264666","0.186548"
"2078264666","2109042199","0.248295"
"2109042199","2078264666","0.248295"
"2078264666","2110822809","0.300927"
"2110822809","2078264666","0.300927"
"2078264666","2121243408","0.300927"
"2121243408","2078264666","0.300927"
"2078264666","2121759027","0.248295"
"2121759027","2078264666","0.248295"
"2078264666","2138790992","0.245371"
"2138790992","2078264666","0.245371"
"2078264666","2142697503","0.300927"
"2142697503","2078264666","0.300927"
"2078264666","2149427297","0.300927"
"2149427297","2078264666","0.300927"
"2078264666","2160341176","0.748295"
"2160341176","2078264666","0.748295"
"2078264666","2165299010","0.0839161"
"2165299010","2078264666","0.0839161"
"2078264666","2171749496","0.300927"
"2171749496","2078264666","0.300927"
"2098929588","2101589718","0.356298"
"2101589718","2098929588","0.356298"
"2098929588","2103179193","0.411854"
"2103179193","2098929588","0.411854"
"2098929588","2103235295","0.297475"
"2103235295","2098929588","0.297475"
"2098929588","2109042199","0.320945"
"2109042199","2098929588","0.320945"
"2098929588","2110822809","0.209834"
"2110822809","2098929588","0.209834"
"2098929588","2121243408","0.352691"
"2121243408","2098929588","0.352691"
"2098929588","2121759027","0.3765"
"2121759027","2098929588","0.3765"
"2098929588","2138790992","0.356298"
"2138790992","2098929588","0.356298"
"2098929588","2142697503","0.4436"
"2142697503","2098929588","0.4436"
"2098929588","2149427297","4.72138"
"2149427297","2098929588","4.72138"
"2098929588","2160341176","1.22138"
"2160341176","2098929588","1.22138"
"2098929588","2165299010","1.04545"
"2165299010","2098929588","1.04545"
"2098929588","2171749496","0.57852"
"2171749496","2098929588","0.57852"
"2101589718","2109042199","0.505871"
"2109042199","2101589718","0.505871"
"2101589718","2121759027","0.19274"
"2121759027","2101589718","0.19274"
"2101589718","2138790992","1.22997"
