"1159401023","1774663064","2.08333"
"1774663064","1159401023","2.08333"
"1159401023","1561917990","2.08333"
"1561917990","1159401023","2.08333"
"1561917990","1774663064","1.08333"
"1774663064","1561917990","1.08333"
"1159401023","2144355569","0.583333"
"2144355569","1159401023","0.583333"
"1159401023","74815854","0.25"
"74815854","1159401023","0.25"
"1561917990","2144355569","0.583333"
"2144355569","1561917990","0.583333"
"1561917990","74815854","0.25"
"74815854","1561917990","0.25"
"1774663064","2144355569","1.58333"
"2144355569","1774663064","1.58333"
"1774663064","74815854","0.583333"
"74815854","1774663064","0.583333"
"2144355569","74815854","4.25"
"74815854","2144355569","4.25"
"1499795928","1842252902","1.7"
"1842252902","1499795928","1.7"
"1499795928","2029842352","0.333333"
"2029842352","1499795928","0.333333"
"1499795928","38404386","0.7"
"38404386","1499795928","0.7"
"1842252902","2029842352","0.404762"
"2029842352","1842252902","0.404762"
"1842252902","38404386","3.17619"
"38404386","1842252902","3.17619"
"2029842352","38404386","1.05952"
"38404386","2029842352","1.05952"
"1499795928","159296810","0.366667"
"159296810","1499795928","0.366667"
"1499795928","1789887444","0.366667"
"1789887444","1499795928","0.366667"
"1499795928","2144355569","0.366667"
"2144355569","1499795928","0.366667"
"159296810","1789887444","0.366667"
"1789887444","159296810","0.366667"
"159296810","1842252902","2.91429"
"1842252902","159296810","2.91429"
"159296810","2144355569","0.366667"
"2144355569","159296810","0.366667"
"159296810","38404386","3.17619"
"38404386","159296810","3.17619"
"1789887444","1842252902","0.366667"
"1842252902","1789887444","0.366667"
"1789887444","2144355569","0.366667"
"2144355569","1789887444","0.366667"
"1789887444","38404386","0.366667"
"38404386","1789887444","0.366667"
"1842252902","2144355569","0.366667"
"2144355569","1842252902","0.366667"
"2144355569","38404386","0.366667"
"38404386","2144355569","0.366667"
"1499795928","163665775","0.166667"
"163665775","1499795928","0.166667"
"159296810","163665775","0.166667"
"163665775","159296810","0.166667"
"163665775","1789887444","0.166667"
"1789887444","163665775","0.166667"
"163665775","1842252902","0.166667"
"1842252902","163665775","0.166667"
"163665775","2144355569","0.166667"
"2144355569","163665775","0.166667"
"163665775","38404386","0.166667"
"38404386","163665775","0.166667"
"1518075002","2021904213","1.30952"
"2021904213","1518075002","1.30952"
"1518075002","2005200579","2.64286"
"2005200579","1518075002","2.64286"
"1518075002","2029842352","0.142857"
"2029842352","1518075002","0.142857"
"1518075002","2042605228","0.309524"
"2042605228","1518075002","0.309524"
"1518075002","2042949695","0.559524"
"2042949695","1518075002","0.559524"
"1518075002","2083581315","0.142857"
"2083581315","1518075002","0.142857"
"1518075002","38404386","0.142857"
"38404386","1518075002","0.142857"
"2005200579","2021904213","3.02738"
"2021904213","2005200579","3.02738"
"2005200579","2029842352","0.482143"
"2029842352","2005200579","0.482143"
"2005200579","2042605228","3.19405"
"2042605228","2005200579","3.19405"
"2005200579","2042949695","3.52738"
"2042949695","2005200579","3.52738"
"2005200579","2083581315","1.48214"
"2083581315","2005200579","1.48214"
"2005200579","38404386","0.142857"
"38404386","2005200579","0.142857"
"2021904213","2029842352","0.410714"
"2029842352","2021904213","0.410714"
"2021904213","2042605228","4.31071"
"2042605228","2021904213","4.31071"
"2021904213","2042949695","4.14405"
"2042949695","2021904213","4.14405"
"2021904213","2083581315","0.910714"
"2083581315","2021904213","0.910714"
"2021904213","38404386","0.142857"
"38404386","2021904213","0.142857"
"2029842352","2042605228","0.410714"
"2042605228","2029842352","0.410714"
"2029842352","2042949695","0.410714"
"2042949695","2029842352","0.410714"
"2029842352","2083581315","3.48214"
"2083581315","2029842352","3.48214"
"2042605228","2042949695","5.01071"
"2042949695","2042605228","5.01071"
"2042605228","2083581315","1.11071"
"2083581315","2042605228","1.11071"
"2042605228","38404386","0.142857"
"38404386","2042605228","0.142857"
"2042949695","2083581315","0.610714"
"2083581315","2042949695","0.610714"
"2042949695","38404386","0.142857"
"38404386","2042949695","0.142857"
"2083581315","38404386","0.285714"
"38404386","2083581315","0.285714"
"1518075002","1580461266","0.25"
"1580461266","1518075002","0.25"
"1518075002","1847544500","0.25"
"1847544500","1518075002","0.25"
"1518075002","2105083637","0.25"
"2105083637","1518075002","0.25"
"1580461266","1847544500","0.392857"
"1847544500","1580461266","0.392857"
"1580461266","2042949695","0.25"
"2042949695","1580461266","0.25"
"1580461266","2105083637","0.25"
"2105083637","1580461266","0.25"
"1847544500","2042949695","4.58333"
"2042949695","1847544500","4.58333"
"1847544500","2105083637","0.25"
"2105083637","1847544500","0.25"
"2042949695","2105083637","0.25"
"2105083637","2042949695","0.25"
"1518075002","1543695684","0.666667"
"1543695684","1518075002","0.666667"
"1518075002","1850359704","0.166667"
"1850359704","1518075002","0.166667"
"1518075002","2011178871","0.166667"
"2011178871","1518075002","0.166667"
"1543695684","1850359704","0.238095"
"1850359704","1543695684","0.238095"
"1543695684","2011178871","0.434524"
"2011178871","1543695684","0.434524"
"1543695684","2021904213","0.684524"
"2021904213","1543695684","0.684524"
"1543695684","2042605228","0.934524"
"2042605228","1543695684","0.934524"
"1543695684","2042949695","0.934524"
"2042949695","1543695684","0.934524"
"1850359704","2011178871","1.5"
"2011178871","1850359704","1.5"
"1850359704","2021904213","0.166667"
"2021904213","1850359704","0.166667"
"1850359704","2042605228","0.166667"
"2042605228","1850359704","0.166667"
"1850359704","2042949695","1.5"
"2042949695","1850359704","1.5"
"2011178871","2021904213","0.934524"
"2021904213","2011178871","0.934524"
"2011178871","2042605228","0.434524"
"2042605228","2011178871","0.434524"
"2011178871","2042949695","3.76786"
"2042949695","2011178871","3.76786"
"1543695684","2005200579","3.58929"
"2005200579","1543695684","3.58929"
"1543695684","1571628403","0.271429"
"1571628403","1543695684","0.271429"
"1543695684","1987480635","0.271429"
"1987480635","1543695684","0.271429"
"1543695684","2002858145","0.646429"
"2002858145","1543695684","0.646429"
"1543695684","2051783751","0.271429"
"2051783751","1543695684","0.271429"
"1543695684","2083581315","0.539286"
"2083581315","1543695684","0.539286"
"1571628403","1987480635","0.271429"
"1987480635","1571628403","0.271429"
"1571628403","2002858145","0.771429"
"2002858145","1571628403","0.771429"
"1571628403","2051783751","0.271429"
"2051783751","1571628403","0.271429"
"1571628403","2083581315","1.27143"
"2083581315","1571628403","1.27143"
"1987480635","2002858145","3.60476"
"2002858145","1987480635","3.60476"
"1987480635","2051783751","0.271429"
"2051783751","1987480635","0.271429"
"1987480635","2083581315","0.271429"
"2083581315","1987480635","0.271429"
"2002858145","2051783751","0.271429"
"2051783751","2002858145","0.271429"
"2002858145","2083581315","1.59643"
"2083581315","2002858145","1.59643"
"2051783751","2083581315","0.271429"
"2083581315","2051783751","0.271429"
"1543695684","1842252902","0.571429"
"1842252902","1543695684","0.571429"
"1842252902","2005200579","2.32143"
"2005200579","1842252902","2.32143"
"1543695684","2029842352","1.33929"
"2029842352","1543695684","1.33929"
"2002858145","2005200579","3.44643"
"2005200579","2002858145","3.44643"
"2002858145","2011178871","0.125"
"2011178871","2002858145","0.125"
"2002858145","2021904213","0.125"
"2021904213","2002858145","0.125"
"2002858145","2029842352","4.77976"
"2029842352","2002858145","4.77976"
"2002858145","2042605228","0.575"
"2042605228","2002858145","0.575"
"2002858145","2042949695","0.575"
"2042949695","2002858145","0.575"
"2005200579","2011178871","0.267857"
"2011178871","2005200579","0.267857"
"2011178871","2029842352","0.267857"
"2029842352","2011178871","0.267857"
"2011178871","2083581315","0.267857"
"2083581315","2011178871","0.267857"
"1543695684","159296810","0.321429"
"159296810","1543695684","0.321429"
"159296810","2021904213","0.25"
"2021904213","159296810","0.25"
"159296810","2042605228","0.25"
"2042605228","159296810","0.25"
"159296810","2042949695","0.25"
"2042949695","159296810","0.25"
"1543695684","2018062119","0.0714286"
"2018062119","1543695684","0.0714286"
"1543695684","2041093440","0.0714286"
"2041093440","1543695684","0.0714286"
"1543695684","2050154336","0.0714286"
"2050154336","1543695684","0.0714286"
"1543695684","2161500395","0.0714286"
"2161500395","1543695684","0.0714286"
"1571628403","159296810","0.0714286"
"159296810","1571628403","0.0714286"
"1571628403","1842252902","0.571429"
"1842252902","1571628403","0.571429"
"1571628403","1850359704","0.0714286"
"1850359704","1571628403","0.0714286"
"1571628403","2005200579","1.07143"
"2005200579","1571628403","1.07143"
"1571628403","2018062119","0.0714286"
"2018062119","1571628403","0.0714286"
"1571628403","2029842352","0.0714286"
"2029842352","1571628403","0.0714286"
"1571628403","2041093440","0.0714286"
"2041093440","1571628403","0.0714286"
"1571628403","2050154336","0.0714286"
"2050154336","1571628403","0.0714286"
"1571628403","2161500395","0.0714286"
"2161500395","1571628403","0.0714286"
"159296810","1850359704","0.547619"
"1850359704","159296810","0.547619"
"159296810","1987480635","0.0714286"
"1987480635","159296810","0.0714286"
"159296810","2002858145","0.904762"
"2002858145","159296810","0.904762"
"159296810","2005200579","0.0714286"
"2005200579","159296810","0.0714286"
"159296810","2018062119","0.214286"
"2018062119","159296810","0.214286"
"159296810","2029842352","1.90476"
"2029842352","159296810","1.90476"
"159296810","2041093440","0.0714286"
"2041093440","159296810","0.0714286"
"159296810","2050154336","0.0714286"
"2050154336","159296810","0.0714286"
"159296810","2051783751","0.0714286"
"2051783751","159296810","0.0714286"
"159296810","2083581315","0.214286"
"2083581315","159296810","0.214286"
"159296810","2161500395","0.0714286"
"2161500395","159296810","0.0714286"
"1842252902","1850359704","0.547619"
"1850359704","1842252902","0.547619"
"1842252902","1987480635","0.0714286"
"1987480635","1842252902","0.0714286"
"1842252902","2002858145","0.0714286"
"2002858145","1842252902","0.0714286"
"1842252902","2018062119","0.214286"
"2018062119","1842252902","0.214286"
"1842252902","2041093440","0.0714286"
"2041093440","1842252902","0.0714286"
"1842252902","2050154336","0.0714286"
"2050154336","1842252902","0.0714286"
"1842252902","2051783751","0.0714286"
"2051783751","1842252902","0.0714286"
"1842252902","2083581315","0.214286"
"2083581315","1842252902","0.214286"
"1842252902","2161500395","0.0714286"
"2161500395","1842252902","0.0714286"
"1850359704","1987480635","0.0714286"
"1987480635","1850359704","0.0714286"
"1850359704","2002858145","0.0714286"
"2002858145","1850359704","0.0714286"
"1850359704","2005200579","0.0714286"
"2005200579","1850359704","0.0714286"
"1850359704","2018062119","0.714286"
"2018062119","1850359704","0.714286"
"1850359704","2029842352","0.0714286"
"2029842352","1850359704","0.0714286"
"1850359704","2041093440","0.0714286"
"2041093440","1850359704","0.0714286"
"1850359704","2050154336","0.0714286"
"2050154336","1850359704","0.0714286"
"1850359704","2051783751","0.571429"
"2051783751","1850359704","0.571429"
"1850359704","2083581315","0.214286"
"2083581315","1850359704","0.214286"
"1850359704","2161500395","0.0714286"
"2161500395","1850359704","0.0714286"
"1987480635","2005200579","0.321429"
"2005200579","1987480635","0.321429"
"1987480635","2018062119","0.821429"
"2018062119","1987480635","0.821429"
"1987480635","2029842352","0.0714286"
"2029842352","1987480635","0.0714286"
"1987480635","2041093440","0.0714286"
"2041093440","1987480635","0.0714286"
"1987480635","2050154336","0.0714286"
"2050154336","1987480635","0.0714286"
"1987480635","2161500395","0.0714286"
"2161500395","1987480635","0.0714286"
"2002858145","2018062119","2.40476"
"2018062119","2002858145","2.40476"
"2002858145","2041093440","0.271429"
"2041093440","2002858145","0.271429"
"2002858145","2050154336","0.0714286"
"2050154336","2002858145","0.0714286"
"2002858145","2161500395","3.32143"
"2161500395","2002858145","3.32143"
"2005200579","2018062119","1.32143"
"2018062119","2005200579","1.32143"
"2005200579","2041093440","0.571429"
"2041093440","2005200579","0.571429"
"2005200579","2050154336","0.0714286"
"2050154336","2005200579","0.0714286"
"2005200579","2051783751","0.404762"
"2051783751","2005200579","0.404762"
"2005200579","2161500395","0.0714286"
"2161500395","2005200579","0.0714286"
"2018062119","2029842352","0.0714286"
"2029842352","2018062119","0.0714286"
"2018062119","2041093440","0.0714286"
"2041093440","2018062119","0.0714286"
"2018062119","2050154336","0.0714286"
"2050154336","2018062119","0.0714286"
"2018062119","2051783751","0.571429"
"2051783751","2018062119","0.571429"
"2018062119","2083581315","0.214286"
"2083581315","2018062119","0.214286"
"2018062119","2161500395","0.0714286"
"2161500395","2018062119","0.0714286"
"2029842352","2041093440","0.0714286"
"2041093440","2029842352","0.0714286"
"2029842352","2050154336","0.0714286"
"2050154336","2029842352","0.0714286"
"2029842352","2051783751","0.0714286"
"2051783751","2029842352","0.0714286"
"2029842352","2161500395","0.321429"
"2161500395","2029842352","0.321429"
"2041093440","2050154336","0.0714286"
"2050154336","2041093440","0.0714286"
"2041093440","2051783751","0.0714286"
"2051783751","2041093440","0.0714286"
"2041093440","2083581315","3.77143"
"2083581315","2041093440","3.77143"
"2041093440","2161500395","0.0714286"
"2161500395","2041093440","0.0714286"
"2050154336","2051783751","0.0714286"
"2051783751","2050154336","0.0714286"
"2050154336","2083581315","1.07143"
"2083581315","2050154336","1.07143"
"2050154336","2161500395","0.0714286"
"2161500395","2050154336","0.0714286"
"2051783751","2161500395","0.0714286"
"2161500395","2051783751","0.0714286"
"2083581315","2161500395","0.0714286"
"2161500395","2083581315","0.0714286"
"1561917990","2035330483","0.25"
"2035330483","1561917990","0.25"
"1561917990","2110804422","2.25"
"2110804422","1561917990","2.25"
"1561917990","2128628279","2.25"
"2128628279","1561917990","2.25"
"1561917990","2164740164","0.25"
"2164740164","1561917990","0.25"
"2035330483","2110804422","0.25"
"2110804422","2035330483","0.25"
"2035330483","2128628279","0.25"
"2128628279","2035330483","0.25"
"2035330483","2164740164","4.25"
"2164740164","2035330483","4.25"
"2110804422","2128628279","1.25"
"2128628279","2110804422","1.25"
"2110804422","2164740164","0.25"
"2164740164","2110804422","0.25"
"2128628279","2164740164","0.25"
"2164740164","2128628279","0.25"
"1580461266","159296810","0.142857"
"159296810","1580461266","0.142857"
"1580461266","1842252902","0.142857"
"1842252902","1580461266","0.142857"
"1580461266","1850359704","0.142857"
"1850359704","1580461266","0.142857"
"1580461266","2018062119","0.142857"
"2018062119","1580461266","0.142857"
"1580461266","2083581315","0.142857"
"2083581315","1580461266","0.142857"
"1580461266","38404386","0.142857"
"38404386","1580461266","0.142857"
"159296810","1847544500","0.142857"
"1847544500","159296810","0.142857"
"1842252902","1847544500","0.142857"
"1847544500","1842252902","0.142857"
"1847544500","1850359704","1.47619"
"1850359704","1847544500","1.47619"
"1847544500","2018062119","0.142857"
"2018062119","1847544500","0.142857"
"1847544500","2083581315","0.142857"
"2083581315","1847544500","0.142857"
"1847544500","38404386","0.142857"
"38404386","1847544500","0.142857"
"1850359704","38404386","0.47619"
"38404386","1850359704","0.47619"
"2018062119","38404386","0.142857"
"38404386","2018062119","0.142857"
"1580461266","2050154336","1"
"2050154336","1580461266","1"
"2002858145","38404386","0.583333"
"38404386","2002858145","0.583333"
"1600814119","2095452896","0.666667"
"2095452896","1600814119","0.666667"
"1600814119","2103960538","0.5"
"2103960538","1600814119","0.5"
"2095452896","2103960538","0.5"
"2103960538","2095452896","0.5"
"1600814119","2002858145","0.2"
"2002858145","1600814119","0.2"
"1600814119","2041093440","0.2"
"2041093440","1600814119","0.2"
"1600814119","2042605228","0.2"
"2042605228","1600814119","0.2"
"1600814119","2042949695","0.2"
"2042949695","1600814119","0.2"
"1600814119","2083581315","0.2"
"2083581315","1600814119","0.2"
"2041093440","2042605228","0.2"
"2042605228","2041093440","0.2"
"2041093440","2042949695","0.2"
"2042949695","2041093440","0.2"
"1600814119","1601886121","0.166667"
"1601886121","1600814119","0.166667"
"1600814119","1730245467","0.333333"
"1730245467","1600814119","0.333333"
"1600814119","1789887444","0.333333"
"1789887444","1600814119","0.333333"
"1600814119","1987480635","0.333333"
"1987480635","1600814119","0.333333"
"1600814119","2117372041","0.166667"
"2117372041","1600814119","0.166667"
"1601886121","1730245467","0.416667"
"1730245467","1601886121","0.416667"
"1601886121","1789887444","0.333333"
"1789887444","1601886121","0.333333"
"1601886121","1987480635","0.75"
"1987480635","1601886121","0.75"
"1601886121","2095452896","5.91667"
"2095452896","1601886121","5.91667"
"1601886121","2117372041","0.333333"
"2117372041","1601886121","0.333333"
"1730245467","1789887444","0.666667"
"1789887444","1730245467","0.666667"
"1730245467","1987480635","0.916667"
"1987480635","1730245467","0.916667"
"1730245467","2095452896","0.416667"
"2095452896","1730245467","0.416667"
"1730245467","2117372041","1.5"
"2117372041","1730245467","1.5"
"1789887444","1987480635","0.333333"
"1987480635","1789887444","0.333333"
"1789887444","2095452896","0.333333"
"2095452896","1789887444","0.333333"
"1789887444","2117372041","0.333333"
"2117372041","1789887444","0.333333"
"1987480635","2095452896","0.75"
"2095452896","1987480635","0.75"
"1987480635","2117372041","0.5"
"2117372041","1987480635","0.5"
"2095452896","2117372041","0.333333"
"2117372041","2095452896","0.333333"
"1600814119","2018062119","0.166667"
"2018062119","1600814119","0.166667"
"1600814119","2127531513","0.166667"
"2127531513","1600814119","0.166667"
"1600814119","2526639599","0.166667"
"2526639599","1600814119","0.166667"
"1730245467","2018062119","0.166667"
"2018062119","1730245467","0.166667"
"1730245467","2127531513","0.5"
"2127531513","1730245467","0.5"
"1730245467","2526639599","5.58333"
"2526639599","1730245467","5.58333"
"1789887444","2018062119","1.66667"
"2018062119","1789887444","1.66667"
"1789887444","2127531513","0.666667"
"2127531513","1789887444","0.666667"
"1789887444","2526639599","0.166667"
"2526639599","1789887444","0.166667"
"1987480635","2127531513","0.833333"
"2127531513","1987480635","0.833333"
"1987480635","2526639599","0.75"
"2526639599","1987480635","0.75"
"2018062119","2127531513","1.83333"
"2127531513","2018062119","1.83333"
"2018062119","2526639599","0.166667"
"2526639599","2018062119","0.166667"
"2127531513","2526639599","0.166667"
"2526639599","2127531513","0.166667"
"1601886121","2070632325","0.5"
"2070632325","1601886121","0.5"
"2070632325","2095452896","0.5"
"2095452896","2070632325","0.5"
"1601886121","1774663064","0.166667"
"1774663064","1601886121","0.166667"
"1601886121","1970961039","0.666667"
"1970961039","1601886121","0.666667"
"1601886121","2127531513","0.166667"
"2127531513","1601886121","0.166667"
"1774663064","1789887444","0.166667"
"1789887444","1774663064","0.166667"
"1774663064","1970961039","0.166667"
"1970961039","1774663064","0.166667"
"1774663064","2095452896","0.166667"
"2095452896","1774663064","0.166667"
"1774663064","2117372041","1.16667"
"2117372041","1774663064","1.16667"
"1774663064","2127531513","0.166667"
"2127531513","1774663064","0.166667"
"1789887444","1970961039","0.166667"
"1970961039","1789887444","0.166667"
"1970961039","2095452896","1.86667"
"2095452896","1970961039","1.86667"
"1970961039","2117372041","0.166667"
"2117372041","1970961039","0.166667"
"1970961039","2127531513","0.366667"
"2127531513","1970961039","0.366667"
"2095452896","2127531513","0.366667"
"2127531513","2095452896","0.366667"
"2117372041","2127531513","0.166667"
"2127531513","2117372041","0.166667"
"1601886121","2526639599","0.25"
"2526639599","1601886121","0.25"
"2095452896","2526639599","0.25"
"2526639599","2095452896","0.25"
"1601886121","2042949695","0.333333"
"2042949695","1601886121","0.333333"
"1987480635","2042949695","0.583333"
"2042949695","1987480635","0.583333"
"2042949695","2095452896","0.533333"
"2095452896","2042949695","0.533333"
"163665775","1730245467","2.25"
"1730245467","163665775","2.25"
"163665775","2266647866","0.75"
"2266647866","163665775","0.75"
"163665775","2526639599","0.5"
"2526639599","163665775","0.5"
"163665775","836838961","1.5"
"836838961","163665775","1.5"
"1730245467","2266647866","1.83333"
"2266647866","1730245467","1.83333"
"1730245467","836838961","2.5"
"836838961","1730245467","2.5"
"2266647866","2526639599","1.33333"
"2526639599","2266647866","1.33333"
"2266647866","836838961","1.5"
"836838961","2266647866","1.5"
"2526639599","836838961","0.75"
"836838961","2526639599","0.75"
"163665775","2015886158","1"
"2015886158","163665775","1"
"1730245467","2015886158","6.33333"
"2015886158","1730245467","6.33333"
"2015886158","2266647866","0.833333"
"2266647866","2015886158","0.833333"
"2015886158","2526639599","2.08333"
"2526639599","2015886158","2.08333"
"2015886158","836838961","0.75"
"836838961","2015886158","0.75"
"163665775","2100329159","1"
"2100329159","163665775","1"
"163665775","2115613989","0.666667"
"2115613989","163665775","0.666667"
"1730245467","2100329159","2.25"
"2100329159","1730245467","2.25"
"1730245467","2115613989","1.41667"
"2115613989","1730245467","1.41667"
"2100329159","2115613989","8.25"
"2115613989","2100329159","8.25"
"163665775","2131795306","0.333333"
"2131795306","163665775","0.333333"
"1730245467","2131795306","0.833333"
"2131795306","1730245467","0.833333"
"2100329159","2131795306","0.833333"
"2131795306","2100329159","0.833333"
"1730245467","2973141328","0.5"
"2973141328","1730245467","0.5"
"2526639599","2973141328","0.5"
"2973141328","2526639599","0.5"
"1730245467","2070632325","0.333333"
"2070632325","1730245467","0.333333"
"1789887444","2070632325","1.83333"
"2070632325","1789887444","1.83333"
"2070632325","2127531513","0.333333"
"2127531513","2070632325","0.333333"
"1730245467","2005200579","0.25"
"2005200579","1730245467","0.25"
"2005200579","2100329159","0.25"
"2100329159","2005200579","0.25"
"2005200579","2115613989","0.25"
"2115613989","2005200579","0.25"
"2005200579","2266647866","1.25"
"2266647866","2005200579","1.25"
"2100329159","2266647866","1.08333"
"2266647866","2100329159","1.08333"
"2115613989","2266647866","1.08333"
"2266647866","2115613989","1.08333"
"2117372041","2526639599","0.333333"
"2526639599","2117372041","0.333333"
"1774663064","2128628279","0.333333"
"2128628279","1774663064","0.333333"
"1774663064","2266647866","0.333333"
"2266647866","1774663064","0.333333"
"2128628279","2266647866","0.333333"
"2266647866","2128628279","0.333333"
"2128628279","74815854","0.833333"
"74815854","2128628279","0.833333"
"2266647866","74815854","0.333333"
"74815854","2266647866","0.333333"
"2018062119","2070632325","0.5"
"2070632325","2018062119","0.5"
"1842252902","81926043","1"
"81926043","1842252902","1"
"1842252902","2021904213","0.25"
"2021904213","1842252902","0.25"
"1842252902","2042605228","0.25"
"2042605228","1842252902","0.25"
"1842252902","2042949695","0.25"
"2042949695","1842252902","0.25"
"1847544500","2005200579","0.5"
"2005200579","1847544500","0.5"
"1847544500","2011178871","1.83333"
"2011178871","1847544500","1.83333"
"1970961039","2005200579","0.2"
"2005200579","1970961039","0.2"
"1970961039","2021904213","0.4"
"2021904213","1970961039","0.4"
"1970961039","2042605228","0.4"
"2042605228","1970961039","0.4"
"1970961039","2042949695","0.4"
"2042949695","1970961039","0.4"
"1970961039","2103960538","0.2"
"2103960538","1970961039","0.2"
"2005200579","2103960538","0.2"
"2103960538","2005200579","0.2"
"2021904213","2103960538","0.2"
"2103960538","2021904213","0.2"
"2042605228","2103960538","0.2"
"2103960538","2042605228","0.2"
"2042949695","2103960538","0.2"
"2103960538","2042949695","0.2"
"2021904213","2095452896","0.2"
"2095452896","2021904213","0.2"
"2021904213","2127531513","0.2"
"2127531513","2021904213","0.2"
"2042605228","2095452896","0.2"
"2095452896","2042605228","0.2"
"2042605228","2127531513","0.2"
"2127531513","2042605228","0.2"
"2042949695","2127531513","0.2"
"2127531513","2042949695","0.2"
"1987480635","2131795306","1.66667"
"2131795306","1987480635","1.66667"
"1987480635","2042605228","0.25"
"2042605228","1987480635","0.25"
"2018062119","2042605228","0.25"
"2042605228","2018062119","0.25"
"2018062119","2042949695","0.25"
"2042949695","2018062119","0.25"
"2018062119","2131795306","0.333333"
"2131795306","2018062119","0.333333"
"2127531513","2131795306","0.666667"
"2131795306","2127531513","0.666667"
"2002858145","2127531513","1.66667"
"2127531513","2002858145","1.66667"
"2002858145","2131795306","1.33333"
"2131795306","2002858145","1.33333"
"2002858145","81926043","0.583333"
"81926043","2002858145","0.583333"
"2029842352","81926043","1.25"
"81926043","2029842352","1.25"
"2161500395","38404386","0.25"
"38404386","2161500395","0.25"
"2161500395","81926043","1.25"
"81926043","2161500395","1.25"
"38404386","81926043","0.25"
"81926043","38404386","0.25"
"2018062119","81926043","0.333333"
"81926043","2018062119","0.333333"
"2127531513","81926043","0.333333"
"81926043","2127531513","0.333333"
"2021904213","2051783751","0.333333"
"2051783751","2021904213","0.333333"
"2042949695","2051783751","0.333333"
"2051783751","2042949695","0.333333"
"2018062119","2144355569","0.5"
"2144355569","2018062119","0.5"
"2018062119","2266647866","0.833333"
"2266647866","2018062119","0.833333"
"2144355569","2266647866","2.5"
"2266647866","2144355569","2.5"
"2018062119","2100329159","0.333333"
"2100329159","2018062119","0.333333"
"2018062119","2115613989","0.333333"
"2115613989","2018062119","0.333333"
"2029842352","2095452896","0.5"
"2095452896","2029842352","0.5"
"2083581315","2095452896","0.5"
"2095452896","2083581315","0.5"
"2029842352","2266647866","1"
"2266647866","2029842352","1"
"2051783751","2103960538","2"
"2103960538","2051783751","2"
"2070632325","2144355569","2"
"2144355569","2070632325","2"
"2095452896","2144355569","0.5"
"2144355569","2095452896","0.5"
"2095452896","74815854","0.5"
"74815854","2095452896","0.5"
"2095452896","2161500395","1"
"2161500395","2095452896","1"
"2103960538","2141663614","1"
"2141663614","2103960538","1"
"2110804422","2144355569","1"
"2144355569","2110804422","1"
"2128628279","2409621265","0.5"
"2409621265","2128628279","0.5"
"2128628279","2604412094","0.5"
"2604412094","2128628279","0.5"
"2409621265","2604412094","2.5"
"2604412094","2409621265","2.5"
"2128628279","2144355569","3.5"
"2144355569","2128628279","3.5"
"2139636855","2144355569","1"
"2144355569","2139636855","1"
"2139636855","81926043","1"
"81926043","2139636855","1"
