"127853165","1861694116","0.333333"
"1861694116","127853165","0.333333"
"127853165","1997318334","3.58333"
"1997318334","127853165","3.58333"
"127853165","2103187160","7.58333"
"2103187160","127853165","7.58333"
"1861694116","1997318334","1.95"
"1997318334","1861694116","1.95"
"1861694116","2103187160","2.95"
"2103187160","1861694116","2.95"
"1997318334","2103187160","8.15833"
"2103187160","1997318334","8.15833"
"127853165","1571413698","0.5"
"1571413698","127853165","0.5"
"127853165","1987269351","0.5"
"1987269351","127853165","0.5"
"1571413698","1987269351","0.7"
"1987269351","1571413698","0.7"
"127853165","2002394060","0.25"
"2002394060","127853165","0.25"
"127853165","2183974069","0.25"
"2183974069","127853165","0.25"
"1997318334","2002394060","0.25"
"2002394060","1997318334","0.25"
"1997318334","2183974069","0.375"
"2183974069","1997318334","0.375"
"2002394060","2103187160","0.25"
"2103187160","2002394060","0.25"
"2002394060","2183974069","0.25"
"2183974069","2002394060","0.25"
"2103187160","2183974069","0.375"
"2183974069","2103187160","0.375"
"127853165","1569279788","1"
"1569279788","127853165","1"
"127853165","2147676257","0.5"
"2147676257","127853165","0.5"
"127853165","2161020777","0.5"
"2161020777","127853165","0.5"
"2147676257","2161020777","0.5"
"2161020777","2147676257","0.5"
"144678703","1605870320","14.3333"
"1605870320","144678703","14.3333"
"144678703","2045747317","7.08333"
"2045747317","144678703","7.08333"
"1605870320","2045747317","9.08333"
"2045747317","1605870320","9.08333"
"144678703","78963774","0.333333"
"78963774","144678703","0.333333"
"1605870320","78963774","0.333333"
"78963774","1605870320","0.333333"
"2045747317","78963774","0.333333"
"78963774","2045747317","0.333333"
"144678703","1482003017","0.25"
"1482003017","144678703","0.25"
"144678703","2161020777","0.25"
"2161020777","144678703","0.25"
"1482003017","1605870320","0.25"
"1605870320","1482003017","0.25"
"1482003017","2045747317","0.25"
"2045747317","1482003017","0.25"
"1482003017","2161020777","0.833333"
"2161020777","1482003017","0.833333"
"1605870320","2161020777","0.25"
"2161020777","1605870320","0.25"
"2045747317","2161020777","0.25"
"2161020777","2045747317","0.25"
"144678703","154459932","0.25"
"154459932","144678703","0.25"
"144678703","2108839762","0.25"
"2108839762","144678703","0.25"
"144678703","2125779459","0.25"
"2125779459","144678703","0.25"
"154459932","1605870320","0.25"
"1605870320","154459932","0.25"
"154459932","2108839762","2.39286"
"2108839762","154459932","2.39286"
"154459932","2125779459","0.25"
"2125779459","154459932","0.25"
"1605870320","2108839762","0.25"
"2108839762","1605870320","0.25"
"1605870320","2125779459","0.25"
"2125779459","1605870320","0.25"
"2108839762","2125779459","0.25"
"2125779459","2108839762","0.25"
"1482003017","2130072301","1.08333"
"2130072301","1482003017","1.08333"
"1482003017","2163598528","1.73333"
"2163598528","1482003017","1.73333"
"2130072301","2161020777","0.333333"
"2161020777","2130072301","0.333333"
"2130072301","2163598528","17.8333"
"2163598528","2130072301","17.8333"
"2161020777","2163598528","1.08333"
"2163598528","2161020777","1.08333"
"1482003017","154459932","0.333333"
"154459932","1482003017","0.333333"
"1482003017","2039738096","0.333333"
"2039738096","1482003017","0.333333"
"1482003017","2109154616","0.333333"
"2109154616","1482003017","0.333333"
"154459932","2039738096","3.5"
"2039738096","154459932","3.5"
"154459932","2109154616","0.333333"
"2109154616","154459932","0.333333"
"2039738096","2109154616","0.333333"
"2109154616","2039738096","0.333333"
"1482003017","2030091586","1.2"
"2030091586","1482003017","1.2"
"1482003017","2147676257","1"
"2147676257","1482003017","1"
"1482003017","1569279788","0.25"
"1569279788","1482003017","0.25"
"1482003017","1595344144","0.7"
"1595344144","1482003017","0.7"
"1569279788","1595344144","1.75"
"1595344144","1569279788","1.75"
"1569279788","2130072301","0.25"
"2130072301","1569279788","0.25"
"1569279788","2163598528","0.583333"
"2163598528","1569279788","0.583333"
"1595344144","2130072301","0.75"
"2130072301","1595344144","0.75"
"1595344144","2163598528","3.2"
"2163598528","1595344144","3.2"
"1482003017","1582937231","0.533333"
"1582937231","1482003017","0.533333"
"1482003017","1586340642","0.333333"
"1586340642","1482003017","0.333333"
"1482003017","2153851128","0.333333"
"2153851128","1482003017","0.333333"
"1582937231","1586340642","0.333333"
"1586340642","1582937231","0.333333"
"1582937231","2153851128","0.333333"
"2153851128","1582937231","0.333333"
"1586340642","2153851128","0.333333"
"2153851128","1586340642","0.333333"
"1482003017","2152880776","1.5"
"2152880776","1482003017","1.5"
"1482003017","2054740631","0.7"
"2054740631","1482003017","0.7"
"2054740631","2152880776","3.5"
"2152880776","2054740631","3.5"
"1482003017","1547906402","0.45"
"1547906402","1482003017","0.45"
"1547906402","1595344144","0.45"
"1595344144","1547906402","0.45"
"1547906402","2161020777","0.25"
"2161020777","1547906402","0.25"
"1547906402","2163598528","0.45"
"2163598528","1547906402","0.45"
"1595344144","2161020777","12.4167"
"2161020777","1595344144","12.4167"
"1482003017","1571413698","0.2"
"1571413698","1482003017","0.2"
"1482003017","1987269351","0.2"
"1987269351","1482003017","0.2"
"1482003017","2129293435","0.2"
"2129293435","1482003017","0.2"
"1571413698","1582937231","5.61667"
"1582937231","1571413698","5.61667"
"1571413698","2129293435","0.2"
"2129293435","1571413698","0.2"
"1571413698","2163598528","0.45"
"2163598528","1571413698","0.45"
"1582937231","1987269351","0.2"
"1987269351","1582937231","0.2"
"1582937231","2129293435","0.2"
"2129293435","1582937231","0.2"
"1582937231","2163598528","1.61667"
"2163598528","1582937231","1.61667"
"1987269351","2129293435","1.2"
"2129293435","1987269351","1.2"
"1987269351","2163598528","0.2"
"2163598528","1987269351","0.2"
"2129293435","2163598528","0.2"
"2163598528","2129293435","0.2"
"1482003017","2099321136","0.5"
"2099321136","1482003017","0.5"
"1482003017","2163394555","0.5"
"2163394555","1482003017","0.5"
"2099321136","2163394555","1"
"2163394555","2099321136","1"
"1547906402","2030091586","0.2"
"2030091586","1547906402","0.2"
"1547906402","2054740631","0.2"
"2054740631","1547906402","0.2"
"1595344144","2030091586","0.2"
"2030091586","1595344144","0.2"
"1595344144","2054740631","0.2"
"2054740631","1595344144","0.2"
"2030091586","2054740631","1.2"
"2054740631","2030091586","1.2"
"2030091586","2163598528","0.7"
"2163598528","2030091586","0.7"
"2054740631","2163598528","0.7"
"2163598528","2054740631","0.7"
"151863654","2097983034","1"
"2097983034","151863654","1"
"151863654","2103187160","0.375"
"2103187160","151863654","0.375"
"151863654","2130072301","0.25"
"2130072301","151863654","0.25"
"151863654","2141120980","0.375"
"2141120980","151863654","0.375"
"151863654","2163598528","0.583333"
"2163598528","151863654","0.583333"
"2103187160","2130072301","0.25"
"2130072301","2103187160","0.25"
"2103187160","2141120980","0.575"
"2141120980","2103187160","0.575"
"2103187160","2163598528","0.25"
"2163598528","2103187160","0.25"
"2130072301","2141120980","0.25"
"2141120980","2130072301","0.25"
"2141120980","2163598528","0.25"
"2163598528","2141120980","0.25"
"151863654","1582937231","0.333333"
"1582937231","151863654","0.333333"
"151863654","1995639191","0.333333"
"1995639191","151863654","0.333333"
"1582937231","1995639191","0.333333"
"1995639191","1582937231","0.333333"
"1995639191","2163598528","0.333333"
"2163598528","1995639191","0.333333"
"151863654","1595344144","0.458333"
"1595344144","151863654","0.458333"
"151863654","2161020777","0.333333"
"2161020777","151863654","0.333333"
"151863654","2163394555","0.333333"
"2163394555","151863654","0.333333"
"1595344144","2163394555","1.33333"
"2163394555","1595344144","1.33333"
"2161020777","2163394555","0.333333"
"2163394555","2161020777","0.333333"
"151863654","1974708480","0.125"
"1974708480","151863654","0.125"
"151863654","1997318334","0.125"
"1997318334","151863654","0.125"
"151863654","2109374703","0.125"
"2109374703","151863654","0.125"
"151863654","2111033547","0.125"
"2111033547","151863654","0.125"
"151863654","2183974069","0.125"
"2183974069","151863654","0.125"
"1595344144","1974708480","0.575"
"1974708480","1595344144","0.575"
"1595344144","1997318334","0.708333"
"1997318334","1595344144","0.708333"
"1595344144","2103187160","0.708333"
"2103187160","1595344144","0.708333"
"1595344144","2109374703","0.325"
"2109374703","1595344144","0.325"
"1595344144","2111033547","0.125"
"2111033547","1595344144","0.125"
"1595344144","2141120980","0.125"
"2141120980","1595344144","0.125"
"1595344144","2183974069","0.125"
"2183974069","1595344144","0.125"
"1974708480","1997318334","0.125"
"1997318334","1974708480","0.125"
"1974708480","2103187160","0.125"
"2103187160","1974708480","0.125"
"1974708480","2109374703","5.325"
"2109374703","1974708480","5.325"
"1974708480","2111033547","0.125"
"2111033547","1974708480","0.125"
"1974708480","2141120980","0.125"
"2141120980","1974708480","0.125"
"1974708480","2183974069","0.125"
"2183974069","1974708480","0.125"
"1997318334","2109374703","0.125"
"2109374703","1997318334","0.125"
"1997318334","2111033547","0.325"
"2111033547","1997318334","0.325"
"1997318334","2141120980","0.325"
"2141120980","1997318334","0.325"
"2103187160","2109374703","0.125"
"2109374703","2103187160","0.125"
"2103187160","2111033547","0.325"
"2111033547","2103187160","0.325"
"2109374703","2111033547","0.125"
"2111033547","2109374703","0.125"
"2109374703","2141120980","0.125"
"2141120980","2109374703","0.125"
"2109374703","2183974069","0.125"
"2183974069","2109374703","0.125"
"2111033547","2141120980","0.325"
"2141120980","2111033547","0.325"
"2111033547","2183974069","0.125"
"2183974069","2111033547","0.125"
"2141120980","2183974069","0.125"
"2183974069","2141120980","0.125"
"151863654","174900673","1"
"174900673","151863654","1"
"1522502157","1582937231","0.833333"
"1582937231","1522502157","0.833333"
"1522502157","174900673","1.03333"
"174900673","1522502157","1.03333"
"1522502157","2163598528","0.333333"
"2163598528","1522502157","0.333333"
"1582937231","174900673","1.08333"
"174900673","1582937231","1.08333"
"174900673","2163598528","0.583333"
"2163598528","174900673","0.583333"
"1522502157","2087221762","5.25952"
"2087221762","1522502157","5.25952"
"1522502157","1995639191","3.09286"
"1995639191","1522502157","3.09286"
"1522502157","1571413698","0.866667"
"1571413698","1522502157","0.866667"
"1522502157","2047216628","1.00952"
"2047216628","1522502157","1.00952"
"1522502157","2067047477","0.642857"
"2067047477","1522502157","0.642857"
"1571413698","174900673","0.616667"
"174900673","1571413698","0.616667"
"1571413698","2047216628","1.2"
"2047216628","1571413698","1.2"
"1571413698","2067047477","0.166667"
"2067047477","1571413698","0.166667"
"1571413698","2087221762","0.366667"
"2087221762","1571413698","0.366667"
"1582937231","2047216628","0.166667"
"2047216628","1582937231","0.166667"
"1582937231","2067047477","0.5"
"2067047477","1582937231","0.5"
"1582937231","2087221762","0.166667"
"2087221762","1582937231","0.166667"
"174900673","2047216628","0.866667"
"2047216628","174900673","0.866667"
"174900673","2067047477","1"
"2067047477","174900673","1"
"174900673","2087221762","0.366667"
"2087221762","174900673","0.366667"
"2047216628","2067047477","1.80952"
"2067047477","2047216628","1.80952"
"2047216628","2087221762","0.509524"
"2087221762","2047216628","0.509524"
"2067047477","2087221762","0.309524"
"2087221762","2067047477","0.309524"
"1571413698","1995639191","0.533333"
"1995639191","1571413698","0.533333"
"174900673","1995639191","0.2"
"1995639191","174900673","0.2"
"1995639191","2047216628","0.67619"
"2047216628","1995639191","0.67619"
"1995639191","2087221762","1.09286"
"2087221762","1995639191","1.09286"
"1522502157","154459932","0.142857"
"154459932","1522502157","0.142857"
"1522502157","2103187160","0.142857"
"2103187160","1522502157","0.142857"
"1522502157","2108839762","0.142857"
"2108839762","1522502157","0.142857"
"154459932","1995639191","0.47619"
"1995639191","154459932","0.47619"
"154459932","2047216628","0.47619"
"2047216628","154459932","0.47619"
"154459932","2067047477","0.142857"
"2067047477","154459932","0.142857"
"154459932","2087221762","0.142857"
"2087221762","154459932","0.142857"
"154459932","2103187160","0.392857"
"2103187160","154459932","0.392857"
"1995639191","2067047477","3.14286"
"2067047477","1995639191","3.14286"
"1995639191","2103187160","0.142857"
"2103187160","1995639191","0.142857"
"1995639191","2108839762","0.142857"
"2108839762","1995639191","0.142857"
"2047216628","2103187160","0.142857"
"2103187160","2047216628","0.142857"
"2047216628","2108839762","0.142857"
"2108839762","2047216628","0.142857"
"2067047477","2103187160","0.142857"
"2103187160","2067047477","0.142857"
"2067047477","2108839762","1.14286"
"2108839762","2067047477","1.14286"
"2087221762","2103187160","0.142857"
"2103187160","2087221762","0.142857"
"2087221762","2108839762","0.142857"
"2108839762","2087221762","0.142857"
"2103187160","2108839762","1.64286"
"2108839762","2103187160","1.64286"
"1522502157","1595344144","0.25"
"1595344144","1522502157","0.25"
"1522502157","1974708480","0.25"
"1974708480","1522502157","0.25"
"1595344144","1995639191","0.25"
"1995639191","1595344144","0.25"
"1595344144","2087221762","0.25"
"2087221762","1595344144","0.25"
"1974708480","1995639191","0.25"
"1995639191","1974708480","0.25"
"1974708480","2087221762","0.25"
"2087221762","1974708480","0.25"
"154459932","2103448012","3.83333"
"2103448012","154459932","3.83333"
"2039738096","2103448012","5.33333"
"2103448012","2039738096","5.33333"
"154459932","1586340642","1.33333"
"1586340642","154459932","1.33333"
"154459932","2054740631","0.333333"
"2054740631","154459932","0.333333"
"2039738096","2054740631","0.333333"
"2054740631","2039738096","0.333333"
"2054740631","2103448012","0.333333"
"2103448012","2054740631","0.333333"
"154459932","2533295559","1.33333"
"2533295559","154459932","1.33333"
"1586340642","2039738096","0.333333"
"2039738096","1586340642","0.333333"
"1586340642","2533295559","0.333333"
"2533295559","1586340642","0.333333"
"2039738096","2533295559","0.333333"
"2533295559","2039738096","0.333333"
"154459932","1571413698","0.333333"
"1571413698","154459932","0.333333"
"154459932","1595344144","0.25"
"1595344144","154459932","0.25"
"154459932","1861694116","0.25"
"1861694116","154459932","0.25"
"154459932","1997318334","0.25"
"1997318334","154459932","0.25"
"1595344144","1861694116","0.25"
"1861694116","1595344144","0.25"
"1569279788","2076294329","2.08333"
"2076294329","1569279788","2.08333"
"1569279788","2185278515","2.08333"
"2185278515","1569279788","2.08333"
"2076294329","2163598528","0.333333"
"2163598528","2076294329","0.333333"
"2076294329","2185278515","7.08333"
"2185278515","2076294329","7.08333"
"2163598528","2185278515","0.333333"
"2185278515","2163598528","0.333333"
"1569279788","2161020777","0.5"
"2161020777","1569279788","0.5"
"1569279788","2147676257","2"
"2147676257","1569279788","2"
"1569279788","2069078812","1"
"2069078812","1569279788","1"
"1569279788","1983685710","0.25"
"1983685710","1569279788","0.25"
"1569279788","2108839762","0.25"
"2108839762","1569279788","0.25"
"1983685710","2076294329","0.25"
"2076294329","1983685710","0.25"
"1983685710","2108839762","0.25"
"2108839762","1983685710","0.25"
"1983685710","2185278515","0.25"
"2185278515","1983685710","0.25"
"2076294329","2108839762","0.25"
"2108839762","2076294329","0.25"
"2108839762","2185278515","0.25"
"2185278515","2108839762","0.25"
"1569279788","1571413698","0.5"
"1571413698","1569279788","0.5"
"1569279788","36231286","0.5"
"36231286","1569279788","0.5"
"1571413698","36231286","5.25"
"36231286","1571413698","5.25"
"1571413698","2147676257","0.5"
"2147676257","1571413698","0.5"
"2147676257","36231286","0.5"
"36231286","2147676257","0.5"
"1582937231","36231286","0.25"
"36231286","1582937231","0.25"
"174900673","36231286","0.25"
"36231286","174900673","0.25"
"2163598528","36231286","0.25"
"36231286","2163598528","0.25"
"1582937231","1595344144","0.5"
"1595344144","1582937231","0.5"
"1595344144","2099321136","0.5"
"2099321136","1595344144","0.5"
"2099321136","2161020777","0.5"
"2161020777","2099321136","0.5"
"1595344144","2108839762","1.5"
"2108839762","1595344144","1.5"
"1595344144","2039738096","0.5"
"2039738096","1595344144","0.5"
"2039738096","2108839762","1"
"2108839762","2039738096","1"
"1997318334","2161020777","0.666667"
"2161020777","1997318334","0.666667"
"2103187160","2161020777","0.666667"
"2161020777","2103187160","0.666667"
"1595344144","2047216628","1"
"2047216628","1595344144","1"
"1595344144","2069078812","0.2"
"2069078812","1595344144","0.2"
"1595344144","2109154616","0.2"
"2109154616","1595344144","0.2"
"1595344144","2170798317","0.2"
"2170798317","1595344144","0.2"
"1974708480","2069078812","0.2"
"2069078812","1974708480","0.2"
"1974708480","2109154616","0.2"
"2109154616","1974708480","0.2"
"1974708480","2170798317","0.2"
"2170798317","1974708480","0.2"
"2069078812","2109154616","17.8603"
"2109154616","2069078812","17.8603"
"2069078812","2109374703","0.2"
"2109374703","2069078812","0.2"
"2069078812","2170798317","5.86026"
"2170798317","2069078812","5.86026"
"2109154616","2109374703","0.2"
"2109374703","2109154616","0.2"
"2109154616","2170798317","1.61026"
"2170798317","2109154616","1.61026"
"2109374703","2170798317","0.2"
"2170798317","2109374703","0.2"
"1595344144","2045747317","1"
"2045747317","1595344144","1"
"1644614819","2125779459","1"
"2125779459","1644614819","1"
"1644614819","2099321136","1"
"2099321136","1644614819","1"
"1861694116","2111033547","0.2"
"2111033547","1861694116","0.2"
"1861694116","2141120980","0.2"
"2141120980","1861694116","0.2"
"1861694116","2951840843","3.03333"
"2951840843","1861694116","3.03333"
"1997318334","2951840843","1.03333"
"2951840843","1997318334","1.03333"
"2103187160","2951840843","0.533333"
"2951840843","2103187160","0.533333"
"2111033547","2951840843","0.2"
"2951840843","2111033547","0.2"
"2141120980","2951840843","0.2"
"2951840843","2141120980","0.2"
"1861694116","2108839762","1.5"
"2108839762","1861694116","1.5"
"1861694116","2161020777","0.333333"
"2161020777","1861694116","0.333333"
"1865748020","2157522502","5.49359"
"2157522502","1865748020","5.49359"
"1865748020","2001975024","0.410256"
"2001975024","1865748020","0.410256"
"1865748020","2009950938","0.160256"
"2009950938","1865748020","0.160256"
"1865748020","2038443627","0.0769231"
"2038443627","1865748020","0.0769231"
"1865748020","2050451500","2.74359"
"2050451500","1865748020","2.74359"
"1865748020","2054052884","0.910256"
"2054052884","1865748020","0.910256"
"1865748020","2069078812","0.99359"
"2069078812","1865748020","0.99359"
"1865748020","2098401485","0.410256"
"2098401485","1865748020","0.410256"
"1865748020","2109154616","0.160256"
"2109154616","1865748020","0.160256"
"1865748020","2161353674","0.910256"
"2161353674","1865748020","0.910256"
"1865748020","2170798317","0.160256"
"2170798317","1865748020","0.160256"
"1865748020","2184407187","0.0769231"
"2184407187","1865748020","0.0769231"
"1865748020","2400765812","0.0769231"
"2400765812","1865748020","0.0769231"
"2001975024","2009950938","0.160256"
"2009950938","2001975024","0.160256"
"2001975024","2038443627","0.0769231"
"2038443627","2001975024","0.0769231"
"2001975024","2050451500","0.160256"
"2050451500","2001975024","0.160256"
"2001975024","2054052884","3.16026"
"2054052884","2001975024","3.16026"
"2001975024","2069078812","0.410256"
"2069078812","2001975024","0.410256"
"2001975024","2098401485","0.160256"
"2098401485","2001975024","0.160256"
"2001975024","2109154616","0.160256"
"2109154616","2001975024","0.160256"
"2001975024","2157522502","0.160256"
"2157522502","2001975024","0.160256"
"2001975024","2161353674","1.41026"
"2161353674","2001975024","1.41026"
"2001975024","2170798317","0.160256"
"2170798317","2001975024","0.160256"
"2001975024","2184407187","0.0769231"
"2184407187","2001975024","0.0769231"
"2001975024","2400765812","0.0769231"
"2400765812","2001975024","0.0769231"
"2009950938","2038443627","0.0769231"
"2038443627","2009950938","0.0769231"
"2009950938","2050451500","0.160256"
"2050451500","2009950938","0.160256"
"2009950938","2054052884","0.160256"
"2054052884","2009950938","0.160256"
"2009950938","2069078812","1.16026"
"2069078812","2009950938","1.16026"
"2009950938","2098401485","0.160256"
"2098401485","2009950938","0.160256"
"2009950938","2109154616","0.160256"
"2109154616","2009950938","0.160256"
"2009950938","2157522502","0.160256"
"2157522502","2009950938","0.160256"
"2009950938","2161353674","0.160256"
"2161353674","2009950938","0.160256"
"2009950938","2170798317","0.160256"
"2170798317","2009950938","0.160256"
"2009950938","2184407187","0.0769231"
"2184407187","2009950938","0.0769231"
"2009950938","2400765812","0.0769231"
"2400765812","2009950938","0.0769231"
"2038443627","2050451500","0.0769231"
"2050451500","2038443627","0.0769231"
"2038443627","2054052884","1.07692"
"2054052884","2038443627","1.07692"
"2038443627","2069078812","0.0769231"
"2069078812","2038443627","0.0769231"
"2038443627","2098401485","0.0769231"
"2098401485","2038443627","0.0769231"
"2038443627","2109154616","0.0769231"
"2109154616","2038443627","0.0769231"
"2038443627","2157522502","0.0769231"
"2157522502","2038443627","0.0769231"
"2038443627","2161353674","0.0769231"
"2161353674","2038443627","0.0769231"
"2038443627","2170798317","0.576923"
"2170798317","2038443627","0.576923"
"2038443627","2184407187","0.326923"
"2184407187","2038443627","0.326923"
"2038443627","2400765812","2.57692"
"2400765812","2038443627","2.57692"
"2050451500","2054052884","0.410256"
"2054052884","2050451500","0.410256"
"2050451500","2069078812","0.99359"
"2069078812","2050451500","0.99359"
"2050451500","2098401485","0.660256"
"2098401485","2050451500","0.660256"
"2050451500","2109154616","0.160256"
"2109154616","2050451500","0.160256"
"2050451500","2157522502","2.49359"
"2157522502","2050451500","2.49359"
"2050451500","2161353674","0.160256"
"2161353674","2050451500","0.160256"
"2050451500","2170798317","0.410256"
"2170798317","2050451500","0.410256"
"2050451500","2184407187","0.0769231"
"2184407187","2050451500","0.0769231"
"2050451500","2400765812","0.0769231"
"2400765812","2050451500","0.0769231"
"2054052884","2069078812","0.660256"
"2069078812","2054052884","0.660256"
"2054052884","2098401485","0.410256"
"2098401485","2054052884","0.410256"
"2054052884","2109154616","0.410256"
"2109154616","2054052884","0.410256"
"2054052884","2157522502","0.160256"
"2157522502","2054052884","0.160256"
"2054052884","2161353674","0.910256"
"2161353674","2054052884","0.910256"
"2054052884","2170798317","0.410256"
"2170798317","2054052884","0.410256"
"2054052884","2184407187","0.0769231"
"2184407187","2054052884","0.0769231"
"2054052884","2400765812","0.0769231"
"2400765812","2054052884","0.0769231"
"2069078812","2098401485","2.16026"
"2098401485","2069078812","2.16026"
"2069078812","2157522502","0.49359"
"2157522502","2069078812","0.49359"
"2069078812","2161353674","0.660256"
"2161353674","2069078812","0.660256"
"2069078812","2184407187","0.0769231"
"2184407187","2069078812","0.0769231"
"2069078812","2400765812","0.0769231"
"2400765812","2069078812","0.0769231"
"2098401485","2109154616","1.16026"
"2109154616","2098401485","1.16026"
"2098401485","2157522502","0.160256"
"2157522502","2098401485","0.160256"
"2098401485","2161353674","0.160256"
"2161353674","2098401485","0.160256"
"2098401485","2170798317","2.91026"
"2170798317","2098401485","2.91026"
"2098401485","2184407187","0.0769231"
"2184407187","2098401485","0.0769231"
"2098401485","2400765812","0.0769231"
"2400765812","2098401485","0.0769231"
"2109154616","2157522502","0.160256"
"2157522502","2109154616","0.160256"
"2109154616","2161353674","0.410256"
"2161353674","2109154616","0.410256"
"2109154616","2184407187","0.0769231"
"2184407187","2109154616","0.0769231"
"2109154616","2400765812","0.0769231"
"2400765812","2109154616","0.0769231"
"2157522502","2161353674","0.160256"
"2161353674","2157522502","0.160256"
"2157522502","2170798317","0.160256"
"2170798317","2157522502","0.160256"
"2157522502","2184407187","0.0769231"
"2184407187","2157522502","0.0769231"
"2157522502","2400765812","0.0769231"
"2400765812","2157522502","0.0769231"
"2161353674","2170798317","0.410256"
"2170798317","2161353674","0.410256"
"2161353674","2184407187","0.0769231"
"2184407187","2161353674","0.0769231"
"2161353674","2400765812","1.07692"
"2400765812","2161353674","1.07692"
"2170798317","2184407187","0.0769231"
"2184407187","2170798317","0.0769231"
"2170798317","2400765812","0.576923"
"2400765812","2170798317","0.576923"
"2184407187","2400765812","0.0769231"
"2400765812","2184407187","0.0769231"
"1865748020","2028602070","0.0833333"
"2028602070","1865748020","0.0833333"
"1865748020","2107649033","0.0833333"
"2107649033","1865748020","0.0833333"
"2001975024","2028602070","0.0833333"
"2028602070","2001975024","0.0833333"
"2001975024","2107649033","0.0833333"
"2107649033","2001975024","0.0833333"
"2009950938","2028602070","0.0833333"
"2028602070","2009950938","0.0833333"
"2009950938","2107649033","0.0833333"
"2107649033","2009950938","0.0833333"
"2028602070","2050451500","0.0833333"
"2050451500","2028602070","0.0833333"
"2028602070","2054052884","0.0833333"
"2054052884","2028602070","0.0833333"
"2028602070","2069078812","0.0833333"
"2069078812","2028602070","0.0833333"
"2028602070","2098401485","0.0833333"
"2098401485","2028602070","0.0833333"
"2028602070","2107649033","0.0833333"
"2107649033","2028602070","0.0833333"
"2028602070","2109154616","0.0833333"
"2109154616","2028602070","0.0833333"
"2028602070","2157522502","0.0833333"
"2157522502","2028602070","0.0833333"
"2028602070","2161353674","0.0833333"
"2161353674","2028602070","0.0833333"
"2028602070","2170798317","0.0833333"
"2170798317","2028602070","0.0833333"
"2050451500","2107649033","0.0833333"
"2107649033","2050451500","0.0833333"
"2054052884","2107649033","0.0833333"
"2107649033","2054052884","0.0833333"
"2069078812","2107649033","0.0833333"
"2107649033","2069078812","0.0833333"
"2098401485","2107649033","0.0833333"
"2107649033","2098401485","0.0833333"
"2107649033","2109154616","0.0833333"
"2109154616","2107649033","0.0833333"
"2107649033","2157522502","0.0833333"
"2157522502","2107649033","0.0833333"
"2107649033","2161353674","0.0833333"
"2161353674","2107649033","0.0833333"
"2107649033","2170798317","0.0833333"
"2170798317","2107649033","0.0833333"
"1865748020","2129293435","0.25"
"2129293435","1865748020","0.25"
"2001975024","2129293435","0.25"
"2129293435","2001975024","0.25"
"2069078812","2129293435","0.25"
"2129293435","2069078812","0.25"
"2129293435","2161353674","0.25"
"2161353674","2129293435","0.25"
"1967947187","2069078812","0.5"
"2069078812","1967947187","0.5"
"1967947187","2170798317","0.5"
"2170798317","1967947187","0.5"
"1967947187","1983685710","2.83333"
"1983685710","1967947187","2.83333"
"1967947187","1978558026","0.833333"
"1978558026","1967947187","0.833333"
"1978558026","1983685710","1.58333"
"1983685710","1978558026","1.58333"
"1967947187","2122653046","0.333333"
"2122653046","1967947187","0.333333"
"1978558026","2122653046","0.333333"
"2122653046","1978558026","0.333333"
"1983685710","2122653046","0.333333"
"2122653046","1983685710","0.333333"
"1978558026","2185633016","0.5"
"2185633016","1978558026","0.5"
"1983685710","2185633016","0.5"
"2185633016","1983685710","0.5"
"1978558026","2002394060","0.25"
"2002394060","1978558026","0.25"
"1978558026","2069078812","0.25"
"2069078812","1978558026","0.25"
"1978558026","2109154616","0.25"
"2109154616","1978558026","0.25"
"1983685710","2002394060","0.25"
"2002394060","1983685710","0.25"
"1983685710","2069078812","0.5"
"2069078812","1983685710","0.5"
"1983685710","2109154616","0.25"
"2109154616","1983685710","0.25"
"2002394060","2069078812","0.25"
"2069078812","2002394060","0.25"
"2002394060","2109154616","0.25"
"2109154616","2002394060","0.25"
"1983685710","2400765812","1"
"2400765812","1983685710","1"
"1983685710","2050451500","0.25"
"2050451500","1983685710","0.25"
"1983685710","2098401485","0.25"
"2098401485","1983685710","0.25"
"1983685710","2170798317","0.25"
"2170798317","1983685710","0.25"
"1983685710","2145121236","1"
"2145121236","1983685710","1"
"1987269351","2566972861","3"
"2566972861","1987269351","3"
"1995639191","2161020777","1"
"2161020777","1995639191","1"
"2009950938","2187153538","1"
"2187153538","2009950938","1"
"2030091586","2163394555","1.5"
"2163394555","2030091586","1.5"
"2030091586","2099321136","0.5"
"2099321136","2030091586","0.5"
"2030091586","2103187160","0.5"
"2103187160","2030091586","0.5"
"2054740631","2103187160","0.5"
"2103187160","2054740631","0.5"
"2037594831","2736148341","3"
"2736148341","2037594831","3"
"2038443627","2039738096","1"
"2039738096","2038443627","1"
"2038443627","2107649033","1.75"
"2107649033","2038443627","1.75"
"2038443627","2145121236","0.25"
"2145121236","2038443627","0.25"
"2038443627","2185633016","0.75"
"2185633016","2038443627","0.75"
"2107649033","2145121236","0.25"
"2145121236","2107649033","0.25"
"2107649033","2184407187","1.75"
"2184407187","2107649033","1.75"
"2107649033","2185633016","3.25"
"2185633016","2107649033","3.25"
"2145121236","2184407187","8.25"
"2184407187","2145121236","8.25"
"2145121236","2185633016","1.25"
"2185633016","2145121236","1.25"
"2184407187","2185633016","1.75"
"2185633016","2184407187","1.75"
"2038443627","2129293435","0.5"
"2129293435","2038443627","0.5"
"2038443627","2770291971","0.5"
"2770291971","2038443627","0.5"
"2129293435","2770291971","0.5"
"2770291971","2129293435","0.5"
"2103448012","2108839762","0.5"
"2108839762","2103448012","0.5"
"2067624665","2974549299","2"
"2974549299","2067624665","2"
"2097983034","2125779459","0.5"
"2125779459","2097983034","0.5"
"2097983034","2163522236","0.5"
"2163522236","2097983034","0.5"
"2125779459","2163522236","3.5"
"2163522236","2125779459","3.5"
"2107649033","2400765812","1"
"2400765812","2107649033","1"
"2108839762","2163598528","1"
"2163598528","2108839762","1"
"2161353674","2788815754","1"
"2788815754","2161353674","1"
"2185633016","2400765812","1"
"2400765812","2185633016","1"
