"130913111","2081465772","2"
"2081465772","130913111","2"
"130913111","2065443186","0.5"
"2065443186","130913111","0.5"
"130913111","2168342289","0.5"
"2168342289","130913111","0.5"
"2065443186","2168342289","0.5"
"2168342289","2065443186","0.5"
"130913111","2078423146","2"
"2078423146","130913111","2"
"130913111","2034624561","2"
"2034624561","130913111","2"
"1565050238","2757825312","1"
"2757825312","1565050238","1"
"1565050238","1967803810","0.169935"
"1967803810","1565050238","0.169935"
"1565050238","1969599513","0.169935"
"1969599513","1565050238","0.169935"
"1565050238","2009540290","0.169935"
"2009540290","1565050238","0.169935"
"1565050238","2042067540","1.11111"
"2042067540","1565050238","1.11111"
"1565050238","2066604588","0.169935"
"2066604588","1565050238","0.169935"
"1565050238","2071602610","0.169935"
"2071602610","1565050238","0.169935"
"1565050238","2078423146","1.16993"
"2078423146","1565050238","1.16993"
"1565050238","2141895973","0.169935"
"2141895973","1565050238","0.169935"
"1565050238","2181482409","0.169935"
"2181482409","1565050238","0.169935"
"1967803810","1969599513","0.390447"
"1969599513","1967803810","0.390447"
"1967803810","2009540290","0.740447"
"2009540290","1967803810","0.740447"
"1967803810","2042067540","0.111111"
"2042067540","1967803810","0.111111"
"1967803810","2066604588","0.390447"
"2066604588","1967803810","0.390447"
"1967803810","2071602610","0.736601"
"2071602610","1967803810","0.736601"
"1967803810","2078423146","0.490447"
"2078423146","1967803810","0.490447"
"1967803810","2141895973","0.596858"
"2141895973","1967803810","0.596858"
"1967803810","2181482409","0.736601"
"2181482409","1967803810","0.736601"
"1969599513","2009540290","1.94878"
"2009540290","1969599513","1.94878"
"1969599513","2042067540","0.111111"
"2042067540","1969599513","0.111111"
"1969599513","2066604588","0.948781"
"2066604588","1969599513","0.948781"
"1969599513","2071602610","0.361601"
"2071602610","1969599513","0.361601"
"1969599513","2078423146","0.823781"
"2078423146","1969599513","0.823781"
"1969599513","2141895973","3.8163"
"2141895973","1969599513","3.8163"
"1969599513","2181482409","0.472712"
"2181482409","1969599513","0.472712"
"2009540290","2042067540","0.311111"
"2042067540","2009540290","0.311111"
"2009540290","2066604588","1.14878"
"2066604588","2009540290","1.14878"
"2009540290","2071602610","0.561601"
"2071602610","2009540290","0.561601"
"2009540290","2078423146","1.29045"
"2078423146","2009540290","1.29045"
"2009540290","2141895973","4.05519"
"2141895973","2009540290","4.05519"
"2009540290","2181482409","0.861601"
"2181482409","2009540290","0.861601"
"2042067540","2066604588","0.311111"
"2066604588","2042067540","0.311111"
"2042067540","2071602610","0.311111"
"2071602610","2042067540","0.311111"
"2042067540","2078423146","0.811111"
"2078423146","2042067540","0.811111"
"2042067540","2141895973","0.111111"
"2141895973","2042067540","0.111111"
"2042067540","2181482409","0.111111"
"2181482409","2042067540","0.111111"
"2066604588","2071602610","1.0616"
"2071602610","2066604588","1.0616"
"2066604588","2078423146","0.690447"
"2078423146","2066604588","0.690447"
"2066604588","2141895973","0.705191"
"2141895973","2066604588","0.705191"
"2066604588","2181482409","0.361601"
"2181482409","2066604588","0.361601"
"2071602610","2078423146","0.436601"
"2078423146","2071602610","0.436601"
"2071602610","2141895973","0.294935"
"2141895973","2071602610","0.294935"
"2071602610","2181482409","1.8616"
"2181482409","2071602610","1.8616"
"2078423146","2141895973","0.346858"
"2141895973","2078423146","0.346858"
"2078423146","2181482409","0.236601"
"2181482409","2078423146","0.236601"
"2141895973","2181482409","0.406046"
"2181482409","2141895973","0.406046"
"1565050238","2088221475","3.05882"
"2088221475","1565050238","3.05882"
"1565050238","2768552067","1"
"2768552067","1565050238","1"
"1565050238","1974173833","0.0588235"
"1974173833","1565050238","0.0588235"
"1565050238","1983024255","0.0588235"
"1983024255","1565050238","0.0588235"
"1565050238","2001355090","0.0588235"
"2001355090","1565050238","0.0588235"
"1565050238","2020615055","0.0588235"
"2020615055","1565050238","0.0588235"
"1565050238","2065443186","0.0588235"
"2065443186","1565050238","0.0588235"
"1565050238","2069793024","0.0588235"
"2069793024","1565050238","0.0588235"
"1565050238","2122826706","0.0588235"
"2122826706","1565050238","0.0588235"
"1565050238","2163048132","0.0588235"
"2163048132","1565050238","0.0588235"
"1967803810","1974173833","0.135747"
"1974173833","1967803810","0.135747"
"1967803810","1983024255","2.37934"
"1983024255","1967803810","2.37934"
"1967803810","2001355090","0.452413"
"2001355090","1967803810","0.452413"
"1967803810","2020615055","0.302413"
"2020615055","1967803810","0.302413"
"1967803810","2065443186","0.12549"
"2065443186","1967803810","0.12549"
"1967803810","2069793024","0.31267"
"2069793024","1967803810","0.31267"
"1967803810","2088221475","0.379336"
"2088221475","1967803810","0.379336"
"1967803810","2122826706","13.3793"
"2122826706","1967803810","13.3793"
"1967803810","2163048132","0.629336"
"2163048132","1967803810","0.629336"
"1969599513","1974173833","0.135747"
"1974173833","1969599513","0.135747"
"1969599513","1983024255","0.490447"
"1983024255","1969599513","0.490447"
"1969599513","2001355090","0.413524"
"2001355090","1969599513","0.413524"
"1969599513","2020615055","0.202413"
"2020615055","1969599513","0.202413"
"1969599513","2065443186","0.558824"
"2065443186","1969599513","0.558824"
"1969599513","2069793024","2.60434"
"2069793024","1969599513","2.60434"
"1969599513","2088221475","0.490447"
"2088221475","1969599513","0.490447"
"1969599513","2122826706","0.390447"
"2122826706","1969599513","0.390447"
"1969599513","2163048132","2.046"
"2163048132","1969599513","2.046"
"1974173833","1983024255","0.135747"
"1983024255","1974173833","0.135747"
"1974173833","2001355090","0.0588235"
"2001355090","1974173833","0.0588235"
"1974173833","2009540290","0.335747"
"2009540290","1974173833","0.335747"
"1974173833","2020615055","0.135747"
"2020615055","1974173833","0.135747"
"1974173833","2065443186","0.0588235"
"2065443186","1974173833","0.0588235"
"1974173833","2066604588","0.335747"
"2066604588","1974173833","0.335747"
"1974173833","2069793024","0.135747"
"2069793024","1974173833","0.135747"
"1974173833","2071602610","0.258824"
"2071602610","1974173833","0.258824"
"1974173833","2078423146","0.335747"
"2078423146","1974173833","0.335747"
"1974173833","2088221475","0.135747"
"2088221475","1974173833","0.135747"
"1974173833","2122826706","0.135747"
"2122826706","1974173833","0.135747"
"1974173833","2141895973","0.135747"
"2141895973","1974173833","0.135747"
"1974173833","2163048132","0.135747"
"2163048132","1974173833","0.135747"
"1974173833","2181482409","0.0588235"
"2181482409","1974173833","0.0588235"
"1983024255","2001355090","0.663524"
"2001355090","1983024255","0.663524"
"1983024255","2009540290","0.729336"
"2009540290","1983024255","0.729336"
"1983024255","2020615055","0.302413"
"2020615055","1983024255","0.302413"
"1983024255","2065443186","0.22549"
"2065443186","1983024255","0.22549"
"1983024255","2066604588","0.379336"
"2066604588","1983024255","0.379336"
"1983024255","2069793024","0.41267"
"2069793024","1983024255","0.41267"
"1983024255","2071602610","0.12549"
"2071602610","1983024255","0.12549"
"1983024255","2078423146","0.479336"
"2078423146","1983024255","0.479336"
"1983024255","2088221475","0.590447"
"2088221475","1983024255","0.590447"
"1983024255","2122826706","2.49045"
"2122826706","1983024255","2.49045"
"1983024255","2141895973","1.59686"
"2141895973","1983024255","1.59686"
"1983024255","2163048132","1.72934"
"2163048132","1983024255","1.72934"
"1983024255","2181482409","0.236601"
"2181482409","1983024255","0.236601"
"2001355090","2009540290","5.30241"
"2009540290","2001355090","5.30241"
"2001355090","2020615055","10.7922"
"2020615055","2001355090","10.7922"
"2001355090","2065443186","0.22549"
"2065443186","2001355090","0.22549"
"2001355090","2066604588","0.302413"
"2066604588","2001355090","0.302413"
"2001355090","2069793024","0.235747"
"2069793024","2001355090","0.235747"
"2001355090","2071602610","0.12549"
"2071602610","2001355090","0.12549"
"2001355090","2078423146","0.302413"
"2078423146","2001355090","0.302413"
"2001355090","2088221475","0.413524"
"2088221475","2001355090","0.413524"
"2001355090","2122826706","0.563524"
"2122826706","2001355090","0.563524"
"2001355090","2141895973","0.169935"
"2141895973","2001355090","0.169935"
"2001355090","2163048132","0.552413"
"2163048132","2001355090","0.552413"
"2001355090","2181482409","2.90327"
"2181482409","2001355090","2.90327"
"2009540290","2020615055","0.302413"
"2020615055","2009540290","0.302413"
"2009540290","2065443186","0.22549"
"2065443186","2009540290","0.22549"
"2009540290","2069793024","3.53767"
"2069793024","2009540290","3.53767"
"2009540290","2088221475","0.479336"
"2088221475","2009540290","0.479336"
"2009540290","2122826706","0.629336"
"2122826706","2009540290","0.629336"
"2009540290","2163048132","0.979336"
"2163048132","2009540290","0.979336"
"2020615055","2065443186","0.12549"
"2065443186","2020615055","0.12549"
"2020615055","2066604588","0.202413"
"2066604588","2020615055","0.202413"
"2020615055","2069793024","0.235747"
"2069793024","2020615055","0.235747"
"2020615055","2071602610","0.12549"
"2071602610","2020615055","0.12549"
"2020615055","2078423146","0.302413"
"2078423146","2020615055","0.302413"
"2020615055","2088221475","0.302413"
"2088221475","2020615055","0.302413"
"2020615055","2122826706","0.302413"
"2122826706","2020615055","0.302413"
"2020615055","2141895973","0.235747"
"2141895973","2020615055","0.235747"
"2020615055","2163048132","0.302413"
"2163048132","2020615055","0.302413"
"2020615055","2181482409","2.79216"
"2181482409","2020615055","2.79216"
"2065443186","2066604588","0.22549"
"2066604588","2065443186","0.22549"
"2065443186","2069793024","0.158824"
"2069793024","2065443186","0.158824"
"2065443186","2071602610","0.12549"
"2071602610","2065443186","0.12549"
"2065443186","2078423146","0.558824"
"2078423146","2065443186","0.558824"
"2065443186","2088221475","1.22549"
"2088221475","2065443186","1.22549"
"2065443186","2122826706","0.12549"
"2122826706","2065443186","0.12549"
"2065443186","2141895973","0.558824"
"2141895973","2065443186","0.558824"
"2065443186","2163048132","1.72549"
"2163048132","2065443186","1.72549"
"2065443186","2181482409","0.12549"
"2181482409","2065443186","0.12549"
"2066604588","2069793024","0.43767"
"2069793024","2066604588","0.43767"
"2066604588","2088221475","0.379336"
"2088221475","2066604588","0.379336"
"2066604588","2122826706","0.279336"
"2122826706","2066604588","0.279336"
"2066604588","2163048132","0.379336"
"2163048132","2066604588","0.379336"
"2069793024","2071602610","0.183824"
"2071602610","2069793024","0.183824"
"2069793024","2078423146","0.41267"
"2078423146","2069793024","0.41267"
"2069793024","2088221475","0.41267"
"2088221475","2069793024","0.41267"
"2069793024","2122826706","0.31267"
"2122826706","2069793024","0.31267"
"2069793024","2141895973","10.3607"
"2141895973","2069793024","10.3607"
"2069793024","2163048132","11.0793"
"2163048132","2069793024","11.0793"
"2069793024","2181482409","0.183824"
"2181482409","2069793024","0.183824"
"2071602610","2088221475","0.12549"
"2088221475","2071602610","0.12549"
"2071602610","2122826706","0.12549"
"2122826706","2071602610","0.12549"
"2071602610","2163048132","0.12549"
"2163048132","2071602610","0.12549"
"2078423146","2088221475","0.479336"
"2088221475","2078423146","0.479336"
"2078423146","2122826706","0.379336"
"2122826706","2078423146","0.379336"
"2078423146","2163048132","0.979336"
"2163048132","2078423146","0.979336"
"2088221475","2122826706","0.490447"
"2122826706","2088221475","0.490447"
"2088221475","2141895973","0.346858"
"2141895973","2088221475","0.346858"
"2088221475","2163048132","0.479336"
"2163048132","2088221475","0.479336"
"2088221475","2181482409","0.236601"
"2181482409","2088221475","0.236601"
"2122826706","2141895973","0.596858"
"2141895973","2122826706","0.596858"
"2122826706","2163048132","0.629336"
"2163048132","2122826706","0.629336"
"2122826706","2181482409","0.236601"
"2181482409","2122826706","0.236601"
"2141895973","2163048132","11.7357"
"2163048132","2141895973","11.7357"
"2163048132","2181482409","0.12549"
"2181482409","2163048132","0.12549"
"1565050238","2000822992","1"
"2000822992","1565050238","1"
"1967803810","2045487331","0.220513"
"2045487331","1967803810","0.220513"
"1969599513","2045487331","0.764957"
"2045487331","1969599513","0.764957"
"1974173833","2045487331","0.0769231"
"2045487331","1974173833","0.0769231"
"1983024255","2045487331","0.431624"
"2045487331","1983024255","0.431624"
"2009540290","2045487331","0.320513"
"2045487331","2009540290","0.320513"
"2020615055","2045487331","0.14359"
"2045487331","2020615055","0.14359"
"2045487331","2066604588","0.320513"
"2066604588","2045487331","0.320513"
"2045487331","2069793024","0.253846"
"2069793024","2045487331","0.253846"
"2045487331","2078423146","0.653846"
"2078423146","2045487331","0.653846"
"2045487331","2088221475","3.43162"
"2088221475","2045487331","3.43162"
"2045487331","2122826706","0.331624"
"2122826706","2045487331","0.331624"
"2045487331","2141895973","0.188034"
"2141895973","2045487331","0.188034"
"2045487331","2163048132","0.320513"
"2163048132","2045487331","0.320513"
"1967803810","2757825312","0.1"
"2757825312","1967803810","0.1"
"1983024255","2757825312","0.1"
"2757825312","1983024255","0.1"
"2009540290","2757825312","0.225"
"2757825312","2009540290","0.225"
"2020615055","2757825312","0.1"
"2757825312","2020615055","0.1"
"2069793024","2757825312","0.558333"
"2757825312","2069793024","0.558333"
"2078423146","2757825312","0.1"
"2757825312","2078423146","0.1"
"2088221475","2757825312","0.1"
"2757825312","2088221475","0.1"
"2122826706","2757825312","0.1"
"2757825312","2122826706","0.1"
"2141895973","2757825312","0.558333"
"2757825312","2141895973","0.558333"
"2163048132","2757825312","0.433333"
"2757825312","2163048132","0.433333"
"1967803810","2115762235","0.0666667"
"2115762235","1967803810","0.0666667"
"1969599513","2115762235","0.177778"
"2115762235","1969599513","0.177778"
"1983024255","2115762235","0.177778"
"2115762235","1983024255","0.177778"
"2001355090","2045487331","0.354701"
"2045487331","2001355090","0.354701"
"2001355090","2115762235","0.844444"
"2115762235","2001355090","0.844444"
"2009540290","2115762235","0.566667"
"2115762235","2009540290","0.566667"
"2020615055","2115762235","0.733333"
"2115762235","2020615055","0.733333"
"2045487331","2065443186","0.5"
"2065443186","2045487331","0.5"
"2045487331","2071602610","0.0666667"
"2071602610","2045487331","0.0666667"
"2045487331","2115762235","0.677778"
"2115762235","2045487331","0.677778"
"2045487331","2181482409","0.677778"
"2181482409","2045487331","0.677778"
"2065443186","2115762235","0.0666667"
"2115762235","2065443186","0.0666667"
"2066604588","2115762235","0.0666667"
"2115762235","2066604588","0.0666667"
"2071602610","2115762235","0.0666667"
"2115762235","2071602610","0.0666667"
"2078423146","2115762235","0.0666667"
"2115762235","2078423146","0.0666667"
"2088221475","2115762235","0.177778"
"2115762235","2088221475","0.177778"
"2115762235","2122826706","0.177778"
"2122826706","2115762235","0.177778"
"2115762235","2163048132","0.0666667"
"2163048132","2115762235","0.0666667"
"2115762235","2181482409","1.84444"
"2181482409","2115762235","1.84444"
"1967803810","2034624561","0.0769231"
"2034624561","1967803810","0.0769231"
"1967803810","2104961002","0.0769231"
"2104961002","1967803810","0.0769231"
"1969599513","2034624561","0.0769231"
"2034624561","1969599513","0.0769231"
"1969599513","2104961002","0.201923"
"2104961002","1969599513","0.201923"
"1983024255","2034624561","0.0769231"
"2034624561","1983024255","0.0769231"
"1983024255","2104961002","0.0769231"
"2104961002","1983024255","0.0769231"
"2001355090","2034624561","0.0769231"
"2034624561","2001355090","0.0769231"
"2001355090","2104961002","0.0769231"
"2104961002","2001355090","0.0769231"
"2009540290","2034624561","0.0769231"
"2034624561","2009540290","0.0769231"
"2009540290","2104961002","0.201923"
"2104961002","2009540290","0.201923"
"2034624561","2045487331","0.0769231"
"2045487331","2034624561","0.0769231"
"2034624561","2066604588","0.0769231"
"2066604588","2034624561","0.0769231"
"2034624561","2069793024","0.0769231"
"2069793024","2034624561","0.0769231"
"2034624561","2078423146","0.0769231"
"2078423146","2034624561","0.0769231"
"2034624561","2088221475","0.0769231"
"2088221475","2034624561","0.0769231"
"2034624561","2104961002","0.0769231"
"2104961002","2034624561","0.0769231"
"2034624561","2122826706","0.0769231"
"2122826706","2034624561","0.0769231"
"2034624561","2163048132","0.0769231"
"2163048132","2034624561","0.0769231"
"2045487331","2104961002","3.07692"
"2104961002","2045487331","3.07692"
"2066604588","2104961002","0.201923"
"2104961002","2066604588","0.201923"
"2069793024","2104961002","0.201923"
"2104961002","2069793024","0.201923"
"2078423146","2104961002","0.576923"
"2104961002","2078423146","0.576923"
"2088221475","2104961002","0.0769231"
"2104961002","2088221475","0.0769231"
"2104961002","2122826706","0.0769231"
"2122826706","2104961002","0.0769231"
"2104961002","2163048132","0.0769231"
"2163048132","2104961002","0.0769231"
"1969599513","2757825312","0.125"
"2757825312","1969599513","0.125"
"2066604588","2757825312","0.125"
"2757825312","2066604588","0.125"
"2071602610","2104961002","0.125"
"2104961002","2071602610","0.125"
"2071602610","2757825312","0.125"
"2757825312","2071602610","0.125"
"2104961002","2141895973","0.125"
"2141895973","2104961002","0.125"
"2104961002","2181482409","0.125"
"2181482409","2104961002","0.125"
"2104961002","2757825312","0.125"
"2757825312","2104961002","0.125"
"2181482409","2757825312","0.125"
"2757825312","2181482409","0.125"
"1969599513","2146440786","0.944444"
"2146440786","1969599513","0.944444"
"1983024255","2146440786","0.111111"
"2146440786","1983024255","0.111111"
"2001355090","2146440786","0.111111"
"2146440786","2001355090","0.111111"
"2045487331","2146440786","0.111111"
"2146440786","2045487331","0.111111"
"2088221475","2146440786","0.111111"
"2146440786","2088221475","0.111111"
"2115762235","2141895973","0.111111"
"2141895973","2115762235","0.111111"
"2115762235","2146440786","0.111111"
"2146440786","2115762235","0.111111"
"2122826706","2146440786","0.111111"
"2146440786","2122826706","0.111111"
"2141895973","2146440786","0.444444"
"2146440786","2141895973","0.444444"
"2146440786","2181482409","0.444444"
"2181482409","2146440786","0.444444"
"1969599513","2615062958","0.333333"
"2615062958","1969599513","0.333333"
"2141895973","2615062958","0.333333"
"2615062958","2141895973","0.333333"
"2163048132","2615062958","0.333333"
"2615062958","2163048132","0.333333"
"2069793024","2146440786","0.833333"
"2146440786","2069793024","0.833333"
"1974173833","2168342289","11.5"
"2168342289","1974173833","11.5"
"1974173833","2042067540","0.2"
"2042067540","1974173833","0.2"
"1974173833","2586354246","1.5"
"2586354246","1974173833","1.5"
"2168342289","2586354246","3.5"
"2586354246","2168342289","3.5"
"1992794079","2753840668","3.5"
"2753840668","1992794079","3.5"
"1992794079","2000822992","2.5"
"2000822992","1992794079","2.5"
"2000822992","2753840668","2.5"
"2753840668","2000822992","2.5"
"2001355090","2753840668","1"
"2753840668","2001355090","1"
"2013261784","2131814102","5"
"2131814102","2013261784","5"
"2042067540","2615062958","1"
"2615062958","2042067540","1"
"2042067540","2104961002","1.5"
"2104961002","2042067540","1.5"
"2045487331","2078862361","0.333333"
"2078862361","2045487331","0.333333"
"2045487331","2131814102","0.333333"
"2131814102","2045487331","0.333333"
"2045487331","32173608","0.333333"
"32173608","2045487331","0.333333"
"2078862361","2131814102","0.333333"
"2131814102","2078862361","0.333333"
"2078862361","32173608","0.333333"
"32173608","2078862361","0.333333"
"2131814102","32173608","0.333333"
"32173608","2131814102","0.333333"
"2066604588","2081465772","0.5"
"2081465772","2066604588","0.5"
"2071602610","2081465772","0.5"
"2081465772","2071602610","0.5"
"2078423146","2168342289","2"
"2168342289","2078423146","2"
"2078862361","2168342289","1"
"2168342289","2078862361","1"
"2081377128","2159294452","9"
"2159294452","2081377128","9"
"2104961002","2768552067","2.33333"
"2768552067","2104961002","2.33333"
"2104961002","2615062958","0.333333"
"2615062958","2104961002","0.333333"
"2104961002","2886719383","0.333333"
"2886719383","2104961002","0.333333"
"2615062958","2768552067","4.33333"
"2768552067","2615062958","4.33333"
"2615062958","2886719383","0.333333"
"2886719383","2615062958","0.333333"
"2768552067","2886719383","0.333333"
"2886719383","2768552067","0.333333"
"2131814102","2615062958","1"
"2615062958","2131814102","1"
"2146440786","2768552067","1"
"2768552067","2146440786","1"
"2146440786","2168342289","0.333333"
"2168342289","2146440786","0.333333"
"2146440786","2615062958","0.333333"
"2615062958","2146440786","0.333333"
"2168342289","2181482409","0.333333"
"2181482409","2168342289","0.333333"
"2168342289","2615062958","0.333333"
"2615062958","2168342289","0.333333"
"2181482409","2615062958","0.333333"
"2615062958","2181482409","0.333333"
"2615062958","2758942695","6"
"2758942695","2615062958","6"
"2615062958","2753840668","1"
"2753840668","2615062958","1"
"2758942695","2768552067","1"
"2768552067","2758942695","1"
"2886719383","2910955726","14"
"2910955726","2886719383","14"
