"1005428549","1041677991","14.307"
"1041677991","1005428549","14.307"
"1005428549","1539762765","2.80699"
"1539762765","1005428549","2.80699"
"1005428549","1577372482","2.80699"
"1577372482","1005428549","2.80699"
"1005428549","1847783147","2.80699"
"1847783147","1005428549","2.80699"
"1005428549","2165833268","2.80699"
"2165833268","1005428549","2.80699"
"1005428549","2254351030","3.30699"
"2254351030","1005428549","3.30699"
"1005428549","2266506214","2.80699"
"2266506214","1005428549","2.80699"
"1005428549","986099045","2.80699"
"986099045","1005428549","2.80699"
"1041677991","1539762765","2.80699"
"1539762765","1041677991","2.80699"
"1041677991","1577372482","2.80699"
"1577372482","1041677991","2.80699"
"1041677991","1847783147","2.80699"
"1847783147","1041677991","2.80699"
"1041677991","2165833268","2.80699"
"2165833268","1041677991","2.80699"
"1041677991","2254351030","3.30699"
"2254351030","1041677991","3.30699"
"1041677991","2266506214","2.80699"
"2266506214","1041677991","2.80699"
"1041677991","986099045","2.80699"
"986099045","1041677991","2.80699"
"1539762765","1577372482","24.1427"
"1577372482","1539762765","24.1427"
"1539762765","1847783147","26.7677"
"1847783147","1539762765","26.7677"
"1539762765","2165833268","28.7677"
"2165833268","1539762765","28.7677"
"1539762765","2254351030","2.80699"
"2254351030","1539762765","2.80699"
"1539762765","2266506214","28.7677"
"2266506214","1539762765","28.7677"
"1539762765","986099045","27.7677"
"986099045","1539762765","27.7677"
"1577372482","1847783147","24.476"
"1847783147","1577372482","24.476"
"1577372482","2165833268","24.476"
"2165833268","1577372482","24.476"
"1577372482","2254351030","2.80699"
"2254351030","1577372482","2.80699"
"1577372482","2266506214","24.1427"
"2266506214","1577372482","24.1427"
"1577372482","986099045","24.476"
"986099045","1577372482","24.476"
"1847783147","2165833268","27.101"
"2165833268","1847783147","27.101"
"1847783147","2254351030","2.80699"
"2254351030","1847783147","2.80699"
"1847783147","2266506214","26.7677"
"2266506214","1847783147","26.7677"
"1847783147","986099045","27.101"
"986099045","1847783147","27.101"
"2165833268","2254351030","2.80699"
"2254351030","2165833268","2.80699"
"2165833268","2266506214","33.6949"
"2266506214","2165833268","33.6949"
"2165833268","986099045","79.601"
"986099045","2165833268","79.601"
"2254351030","2266506214","2.80699"
"2266506214","2254351030","2.80699"
"2254351030","986099045","2.80699"
"986099045","2254351030","2.80699"
"2266506214","986099045","28.7677"
"986099045","2266506214","28.7677"
"1005428549","1531863592","0.976431"
"1531863592","1005428549","0.976431"
"1005428549","1582234430","0.459764"
"1582234430","1005428549","0.459764"
"1005428549","1584584830","0.0555556"
"1584584830","1005428549","0.0555556"
"1005428549","1649929276","0.114379"
"1649929276","1005428549","0.114379"
"1005428549","1763728767","0.114379"
"1763728767","1005428549","0.114379"
"1005428549","1863615491","0.459764"
"1863615491","1005428549","0.459764"
"1005428549","1955915792","0.976431"
"1955915792","1005428549","0.976431"
"1005428549","2279852824","0.0555556"
"2279852824","1005428549","0.0555556"
"1005428549","2284616324","0.0555556"
"2284616324","1005428549","0.0555556"
"1005428549","977046247","0.720875"
"977046247","1005428549","0.720875"
"1041677991","1531863592","0.643097"
"1531863592","1041677991","0.643097"
"1041677991","1582234430","0.459764"
"1582234430","1041677991","0.459764"
"1041677991","1584584830","0.0555556"
"1584584830","1041677991","0.0555556"
"1041677991","1649929276","0.114379"
"1649929276","1041677991","0.114379"
"1041677991","1763728767","0.114379"
"1763728767","1041677991","0.114379"
"1041677991","1863615491","0.459764"
"1863615491","1041677991","0.459764"
"1041677991","1955915792","0.643097"
"1955915792","1041677991","0.643097"
"1041677991","2279852824","0.0555556"
"2279852824","1041677991","0.0555556"
"1041677991","2284616324","0.0555556"
"2284616324","1041677991","0.0555556"
"1041677991","977046247","0.720875"
"977046247","1041677991","0.720875"
"1531863592","1539762765","0.937118"
"1539762765","1531863592","0.937118"
"1531863592","1577372482","0.812118"
"1577372482","1531863592","0.812118"
"1531863592","1582234430","4.81009"
"1582234430","1531863592","4.81009"
"1531863592","1584584830","0.0555556"
"1584584830","1531863592","0.0555556"
"1531863592","1649929276","0.114379"
"1649929276","1531863592","0.114379"
"1531863592","1763728767","0.114379"
"1763728767","1531863592","0.114379"
"1531863592","1847783147","0.937118"
"1847783147","1531863592","0.937118"
"1531863592","1863615491","18.4809"
"1863615491","1531863592","18.4809"
"1531863592","1955915792","44.2702"
"1955915792","1531863592","44.2702"
"1531863592","2165833268","1.86439"
"2165833268","1531863592","1.86439"
"1531863592","2254351030","0.643097"
"2254351030","1531863592","0.643097"
"1531863592","2266506214","1.86439"
"2266506214","1531863592","1.86439"
"1531863592","2279852824","0.166667"
"2279852824","1531863592","0.166667"
"1531863592","2284616324","0.0555556"
"2284616324","1531863592","0.0555556"
"1531863592","977046247","18.8392"
"977046247","1531863592","18.8392"
"1531863592","986099045","0.937118"
"986099045","1531863592","0.937118"
"1539762765","1582234430","0.736628"
"1582234430","1539762765","0.736628"
"1539762765","1584584830","0.0555556"
"1584584830","1539762765","0.0555556"
"1539762765","1649929276","0.114379"
"1649929276","1539762765","0.114379"
"1539762765","1763728767","0.114379"
"1763728767","1539762765","0.114379"
"1539762765","1863615491","0.628785"
"1863615491","1539762765","0.628785"
"1539762765","1955915792","0.937118"
"1955915792","1539762765","0.937118"
"1539762765","2279852824","0.0555556"
"2279852824","1539762765","0.0555556"
"1539762765","2284616324","0.0555556"
"2284616324","1539762765","0.0555556"
"1539762765","977046247","0.889896"
"977046247","1539762765","0.889896"
"1577372482","1582234430","0.736628"
"1582234430","1577372482","0.736628"
"1577372482","1584584830","0.0555556"
"1584584830","1577372482","0.0555556"
"1577372482","1649929276","0.114379"
"1649929276","1577372482","0.114379"
"1577372482","1763728767","0.114379"
"1763728767","1577372482","0.114379"
"1577372482","1863615491","0.628785"
"1863615491","1577372482","0.628785"
"1577372482","1955915792","0.812118"
"1955915792","1577372482","0.812118"
"1577372482","2279852824","0.0555556"
"2279852824","1577372482","0.0555556"
"1577372482","2284616324","0.0555556"
"2284616324","1577372482","0.0555556"
"1577372482","977046247","0.889896"
"977046247","1577372482","0.889896"
"1582234430","1584584830","0.0555556"
"1584584830","1582234430","0.0555556"
"1582234430","1649929276","0.114379"
"1649929276","1582234430","0.114379"
"1582234430","1763728767","0.114379"
"1763728767","1582234430","0.114379"
"1582234430","1847783147","0.736628"
"1847783147","1582234430","0.736628"
"1582234430","1863615491","4.47676"
"1863615491","1582234430","4.47676"
"1582234430","1955915792","4.66723"
"1955915792","1582234430","4.66723"
"1582234430","2165833268","0.736628"
"2165833268","1582234430","0.736628"
"1582234430","2254351030","0.459764"
"2254351030","1582234430","0.459764"
"1582234430","2266506214","0.736628"
"2266506214","1582234430","0.736628"
"1582234430","2279852824","0.0555556"
"2279852824","1582234430","0.0555556"
"1582234430","2284616324","0.0555556"
"2284616324","1582234430","0.0555556"
"1582234430","977046247","4.47676"
"977046247","1582234430","4.47676"
"1582234430","986099045","0.736628"
"986099045","1582234430","0.736628"
"1584584830","1649929276","0.305556"
"1649929276","1584584830","0.305556"
"1584584830","1763728767","0.305556"
"1763728767","1584584830","0.305556"
"1584584830","1847783147","0.0555556"
"1847783147","1584584830","0.0555556"
"1584584830","1863615491","0.0555556"
"1863615491","1584584830","0.0555556"
"1584584830","1955915792","0.0555556"
"1955915792","1584584830","0.0555556"
"1584584830","2165833268","0.0555556"
"2165833268","1584584830","0.0555556"
"1584584830","2254351030","0.0555556"
"2254351030","1584584830","0.0555556"
"1584584830","2266506214","0.0555556"
"2266506214","1584584830","0.0555556"
"1584584830","2279852824","0.305556"
"2279852824","1584584830","0.305556"
"1584584830","2284616324","0.305556"
"2284616324","1584584830","0.305556"
"1584584830","977046247","0.0555556"
"977046247","1584584830","0.0555556"
"1584584830","986099045","0.0555556"
"986099045","1584584830","0.0555556"
"1649929276","1763728767","28.4477"
"1763728767","1649929276","28.4477"
"1649929276","1847783147","0.114379"
"1847783147","1649929276","0.114379"
"1649929276","1863615491","0.114379"
"1863615491","1649929276","0.114379"
"1649929276","1955915792","0.114379"
"1955915792","1649929276","0.114379"
"1649929276","2165833268","0.114379"
"2165833268","1649929276","0.114379"
"1649929276","2254351030","0.114379"
"2254351030","1649929276","0.114379"
"1649929276","2266506214","0.114379"
"2266506214","1649929276","0.114379"
"1649929276","2279852824","23.5556"
"2279852824","1649929276","23.5556"
"1649929276","2284616324","18.8889"
"2284616324","1649929276","18.8889"
"1649929276","977046247","0.114379"
"977046247","1649929276","0.114379"
"1649929276","986099045","0.114379"
"986099045","1649929276","0.114379"
"1763728767","1847783147","0.114379"
"1847783147","1763728767","0.114379"
"1763728767","1863615491","0.114379"
"1863615491","1763728767","0.114379"
"1763728767","1955915792","0.114379"
"1955915792","1763728767","0.114379"
"1763728767","2165833268","0.114379"
"2165833268","1763728767","0.114379"
"1763728767","2254351030","0.114379"
"2254351030","1763728767","0.114379"
"1763728767","2266506214","0.114379"
"2266506214","1763728767","0.114379"
"1763728767","2279852824","24.0556"
"2279852824","1763728767","24.0556"
"1763728767","2284616324","19.3889"
"2284616324","1763728767","19.3889"
"1763728767","977046247","0.114379"
"977046247","1763728767","0.114379"
"1763728767","986099045","0.114379"
"986099045","1763728767","0.114379"
"1847783147","1863615491","0.628785"
"1863615491","1847783147","0.628785"
"1847783147","1955915792","0.937118"
"1955915792","1847783147","0.937118"
"1847783147","2279852824","0.0555556"
"2279852824","1847783147","0.0555556"
"1847783147","2284616324","0.0555556"
"2284616324","1847783147","0.0555556"
"1847783147","977046247","0.889896"
"977046247","1847783147","0.889896"
"1863615491","1955915792","18.2861"
"1955915792","1863615491","18.2861"
"1863615491","2165833268","1.55606"
"2165833268","1863615491","1.55606"
"1863615491","2254351030","0.459764"
"2254351030","1863615491","0.459764"
"1863615491","2266506214","1.55606"
"2266506214","1863615491","1.55606"
"1863615491","2279852824","0.166667"
"2279852824","1863615491","0.166667"
"1863615491","2284616324","0.0555556"
"2284616324","1863615491","0.0555556"
"1863615491","977046247","22.3468"
"977046247","1863615491","22.3468"
"1863615491","986099045","0.628785"
"986099045","1863615491","0.628785"
"1955915792","2165833268","1.86439"
"2165833268","1955915792","1.86439"
"1955915792","2254351030","0.643097"
"2254351030","1955915792","0.643097"
"1955915792","2266506214","1.86439"
"2266506214","1955915792","1.86439"
"1955915792","2279852824","0.166667"
"2279852824","1955915792","0.166667"
"1955915792","2284616324","0.0555556"
"2284616324","1955915792","0.0555556"
"1955915792","977046247","19.1444"
"977046247","1955915792","19.1444"
"1955915792","986099045","0.937118"
"986099045","1955915792","0.937118"
"2165833268","2279852824","0.0555556"
"2279852824","2165833268","0.0555556"
"2165833268","2284616324","0.0555556"
"2284616324","2165833268","0.0555556"
"2165833268","977046247","1.81717"
"977046247","2165833268","1.81717"
"2254351030","2279852824","0.0555556"
"2279852824","2254351030","0.0555556"
"2254351030","2284616324","0.0555556"
"2284616324","2254351030","0.0555556"
"2254351030","977046247","0.720875"
"977046247","2254351030","0.720875"
"2266506214","2279852824","0.0555556"
"2279852824","2266506214","0.0555556"
"2266506214","2284616324","0.0555556"
"2284616324","2266506214","0.0555556"
"2266506214","977046247","1.81717"
"977046247","2266506214","1.81717"
"2279852824","2284616324","18.5556"
"2284616324","2279852824","18.5556"
"2279852824","977046247","0.166667"
"977046247","2279852824","0.166667"
"2279852824","986099045","0.0555556"
"986099045","2279852824","0.0555556"
"2284616324","977046247","0.0555556"
"977046247","2284616324","0.0555556"
"2284616324","986099045","0.0555556"
"986099045","2284616324","0.0555556"
"977046247","986099045","0.889896"
"986099045","977046247","0.889896"
"1005428549","2205842542","0.154902"
"2205842542","1005428549","0.154902"
"1005428549","2610930487","0.0588235"
"2610930487","1005428549","0.0588235"
"1041677991","2205842542","0.154902"
"2205842542","1041677991","0.154902"
"1041677991","2610930487","0.0588235"
"2610930487","1041677991","0.0588235"
"1531863592","2205842542","7.64567"
"2205842542","1531863592","7.64567"
"1531863592","2610930487","0.0588235"
"2610930487","1531863592","0.0588235"
"1539762765","2205842542","0.229385"
"2205842542","1539762765","0.229385"
"1539762765","2610930487","0.0588235"
"2610930487","1539762765","0.0588235"
"1577372482","2205842542","0.229385"
"2205842542","1577372482","0.229385"
"1577372482","2610930487","0.0588235"
"2610930487","1577372482","0.0588235"
"1582234430","2205842542","1.5715"
"2205842542","1582234430","1.5715"
"1582234430","2610930487","0.0588235"
"2610930487","1582234430","0.0588235"
"1649929276","2205842542","0.0588235"
"2205842542","1649929276","0.0588235"
"1649929276","2610930487","0.0588235"
"2610930487","1649929276","0.0588235"
"1763728767","2205842542","0.0588235"
"2205842542","1763728767","0.0588235"
"1763728767","2610930487","0.0588235"
"2610930487","1763728767","0.0588235"
"1847783147","2205842542","0.229385"
"2205842542","1847783147","0.229385"
"1847783147","2610930487","0.0588235"
"2610930487","1847783147","0.0588235"
"1863615491","2205842542","14.7366"
"2205842542","1863615491","14.7366"
"1863615491","2610930487","0.0588235"
"2610930487","1863615491","0.0588235"
"1955915792","2205842542","7.73658"
"2205842542","1955915792","7.73658"
"1955915792","2610930487","0.0588235"
"2610930487","1955915792","0.0588235"
"2165833268","2205842542","1.15666"
"2205842542","2165833268","1.15666"
"2165833268","2610930487","0.558824"
"2610930487","2165833268","0.558824"
"2205842542","2254351030","0.154902"
"2254351030","2205842542","0.154902"
"2205842542","2266506214","1.15666"
"2266506214","2205842542","1.15666"
"2205842542","2610930487","0.0588235"
"2610930487","2205842542","0.0588235"
"2205842542","977046247","11.6366"
"977046247","2205842542","11.6366"
"2205842542","986099045","0.229385"
"986099045","2205842542","0.229385"
"2254351030","2610930487","1.05882"
"2610930487","2254351030","1.05882"
"2266506214","2610930487","0.0588235"
"2610930487","2266506214","0.0588235"
"2610930487","977046247","0.0588235"
"977046247","2610930487","0.0588235"
"2610930487","986099045","0.558824"
"986099045","2610930487","0.558824"
"1005428549","1042433105","0.245385"
"1042433105","1005428549","0.245385"
"1005428549","1494602276","0.278718"
"1494602276","1005428549","0.278718"
"1005428549","1560577375","0.233264"
"1560577375","1005428549","0.233264"
"1005428549","1583132200","0.345385"
"1583132200","1005428549","0.345385"
"1005428549","1769916008","0.278718"
"1769916008","1005428549","0.278718"
"1005428549","1774892547","0.278718"
"1774892547","1005428549","0.278718"
"1005428549","1783327413","0.201006"
"1783327413","1005428549","0.201006"
"1005428549","1795062570","0.233264"
"1795062570","1005428549","0.233264"
"1005428549","1856876674","0.0939279"
"1856876674","1005428549","0.0939279"
"1005428549","1888451765","0.161744"
"1888451765","1005428549","0.161744"
"1005428549","1895443825","0.0939279"
"1895443825","1005428549","0.0939279"
"1005428549","1897831868","0.278718"
"1897831868","1005428549","0.278718"
"1005428549","1913615978","0.162893"
"1913615978","1005428549","0.162893"
"1005428549","1958943705","0.233264"
"1958943705","1005428549","0.233264"
"1005428549","1961002413","0.249307"
"1961002413","1005428549","0.249307"
"1005428549","2148010781","0.249307"
"2148010781","1005428549","0.249307"
"1005428549","2152445362","0.161744"
"2152445362","1005428549","0.161744"
"1005428549","2209969054","0.566597"
"2209969054","1005428549","0.566597"
"1041677991","1042433105","0.245385"
"1042433105","1041677991","0.245385"
"1041677991","1494602276","0.278718"
"1494602276","1041677991","0.278718"
"1041677991","1560577375","0.233264"
"1560577375","1041677991","0.233264"
"1041677991","1583132200","0.345385"
"1583132200","1041677991","0.345385"
"1041677991","1769916008","0.278718"
"1769916008","1041677991","0.278718"
"1041677991","1774892547","0.278718"
"1774892547","1041677991","0.278718"
"1041677991","1783327413","0.201006"
"1783327413","1041677991","0.201006"
"1041677991","1795062570","0.233264"
"1795062570","1041677991","0.233264"
"1041677991","1856876674","0.0939279"
"1856876674","1041677991","0.0939279"
"1041677991","1888451765","0.161744"
"1888451765","1041677991","0.161744"
"1041677991","1895443825","0.0939279"
"1895443825","1041677991","0.0939279"
"1041677991","1897831868","0.278718"
"1897831868","1041677991","0.278718"
"1041677991","1913615978","0.162893"
"1913615978","1041677991","0.162893"
"1041677991","1958943705","0.233264"
"1958943705","1041677991","0.233264"
"1041677991","1961002413","0.249307"
"1961002413","1041677991","0.249307"
"1041677991","2148010781","0.249307"
"2148010781","1041677991","0.249307"
"1041677991","2152445362","0.161744"
"2152445362","1041677991","0.161744"
"1041677991","2209969054","0.233264"
"2209969054","1041677991","0.233264"
"1042433105","1494602276","2.2558"
"1494602276","1042433105","2.2558"
"1042433105","1531863592","3.49627"
"1531863592","1042433105","3.49627"
"1042433105","1539762765","0.355582"
"1539762765","1042433105","0.355582"
"1042433105","1560577375","3.11748"
"1560577375","1042433105","3.11748"
"1042433105","1577372482","0.355582"
"1577372482","1042433105","0.355582"
"1042433105","1582234430","2.49627"
"1582234430","1042433105","2.49627"
"1042433105","1583132200","3.16294"
"1583132200","1042433105","3.16294"
"1042433105","1769916008","2.05054"
"1769916008","1042433105","2.05054"
"1042433105","1774892547","2.02419"
"1774892547","1042433105","2.02419"
"1042433105","1783327413","2.41856"
"1783327413","1042433105","2.41856"
"1042433105","1795062570","2.4151"
"1795062570","1042433105","2.4151"
"1042433105","1847783147","0.355582"
"1847783147","1042433105","0.355582"
"1042433105","1856876674","2.0379"
"1856876674","1042433105","2.0379"
"1042433105","1863615491","2.49627"
"1863615491","1042433105","2.49627"
"1042433105","1888451765","2.07238"
"1888451765","1042433105","2.07238"
"1042433105","1895443825","2.0379"
"1895443825","1042433105","2.0379"
"1042433105","1897831868","2.02419"
"1897831868","1042433105","2.02419"
"1042433105","1913615978","2.10686"
"1913615978","1042433105","2.10686"
"1042433105","1955915792","4.49627"
"1955915792","1042433105","4.49627"
"1042433105","1958943705","2.41634"
"1958943705","1042433105","2.41634"
"1042433105","1961002413","2.46686"
"1961002413","1042433105","2.46686"
"1042433105","2148010781","2.46686"
"2148010781","1042433105","2.46686"
"1042433105","2152445362","2.07238"
"2152445362","1042433105","2.07238"
"1042433105","2165833268","0.355582"
"2165833268","1042433105","0.355582"
"1042433105","2209969054","4.09509"
"2209969054","1042433105","4.09509"
"1042433105","2254351030","0.245385"
"2254351030","1042433105","0.245385"
"1042433105","2266506214","0.355582"
"2266506214","1042433105","0.355582"
"1042433105","977046247","2.49627"
"977046247","1042433105","2.49627"
"1042433105","986099045","0.355582"
"986099045","1042433105","0.355582"
"1494602276","1531863592","2.67603"
"1531863592","1494602276","2.67603"
"1494602276","1539762765","0.388915"
"1539762765","1494602276","0.388915"
"1494602276","1560577375","2.63058"
"1560577375","1494602276","2.63058"
"1494602276","1577372482","0.388915"
"1577372482","1494602276","0.388915"
"1494602276","1582234430","2.55103"
"1582234430","1494602276","2.55103"
"1494602276","1583132200","2.67603"
"1583132200","1494602276","2.67603"
"1494602276","1769916008","1.98864"
"1769916008","1494602276","1.98864"
"1494602276","1774892547","2.15277"
"1774892547","1494602276","2.15277"
"1494602276","1783327413","2.59832"
"1783327413","1494602276","2.59832"
"1494602276","1795062570","2.59487"
"1795062570","1494602276","2.59487"
"1494602276","1847783147","0.388915"
"1847783147","1494602276","0.388915"
"1494602276","1856876674","2.18433"
"1856876674","1494602276","2.18433"
"1494602276","1863615491","2.67603"
"1863615491","1494602276","2.67603"
"1494602276","1888451765","2.25214"
"1888451765","1494602276","2.25214"
"1494602276","1895443825","2.18433"
"1895443825","1494602276","2.18433"
"1494602276","1897831868","2.15277"
"1897831868","1494602276","2.15277"
"1494602276","1913615978","2.25329"
"1913615978","1494602276","2.25329"
"1494602276","1955915792","2.67603"
"1955915792","1494602276","2.67603"
"1494602276","1958943705","2.5961"
"1958943705","1494602276","2.5961"
"1494602276","1961002413","2.64662"
"1961002413","1494602276","2.64662"
"1494602276","2148010781","2.64662"
"2148010781","1494602276","2.64662"
"1494602276","2152445362","2.25214"
"2152445362","1494602276","2.25214"
"1494602276","2165833268","0.388915"
"2165833268","1494602276","0.388915"
"1494602276","2209969054","1.88794"
"2209969054","1494602276","1.88794"
"1494602276","2254351030","0.278718"
"2254351030","1494602276","0.278718"
"1494602276","2266506214","0.388915"
"2266506214","1494602276","0.388915"
"1494602276","977046247","2.55103"
"977046247","1494602276","2.55103"
"1494602276","986099045","0.388915"
"986099045","1494602276","0.388915"
"1531863592","1560577375","18.9457"
"1560577375","1531863592","18.9457"
"1531863592","1583132200","19.3498"
"1583132200","1531863592","19.3498"
"1531863592","1769916008","2.22911"
"1769916008","1531863592","2.22911"
"1531863592","1774892547","2.15277"
"1774892547","1531863592","2.15277"
"1531863592","1783327413","5.53331"
"1783327413","1531863592","5.53331"
"1531863592","1795062570","16.5929"
"1795062570","1531863592","16.5929"
"1531863592","1856876674","2.98257"
"1856876674","1531863592","2.98257"
"1531863592","1888451765","3.132"
"1888451765","1531863592","3.132"
"1531863592","1895443825","3.26138"
"1895443825","1531863592","3.26138"
"1531863592","1897831868","2.15277"
"1897831868","1531863592","2.15277"
"1531863592","1913615978","3.13315"
"1913615978","1531863592","3.13315"
"1531863592","1958943705","3.22292"
"1958943705","1531863592","3.22292"
"1531863592","1961002413","3.50225"
"1961002413","1531863592","3.50225"
"1531863592","2148010781","18.9295"
"2148010781","1531863592","18.9295"
"1531863592","2152445362","16.1105"
"2152445362","1531863592","16.1105"
"1531863592","2209969054","13.9741"
"2209969054","1531863592","13.9741"
"1539762765","1560577375","0.402284"
"1560577375","1539762765","0.402284"
"1539762765","1583132200","0.514406"
"1583132200","1539762765","0.514406"
"1539762765","1769916008","0.348915"
"1769916008","1539762765","0.348915"
"1539762765","1774892547","0.388915"
"1774892547","1539762765","0.388915"
"1539762765","1783327413","0.370026"
"1783327413","1539762765","0.370026"
"1539762765","1795062570","0.432747"
"1795062570","1539762765","0.432747"
"1539762765","1856876674","0.164125"
"1856876674","1539762765","0.164125"
"1539762765","1888451765","0.290765"
"1888451765","1539762765","0.290765"
"1539762765","1895443825","0.164125"
"1895443825","1539762765","0.164125"
"1539762765","1897831868","0.388915"
"1897831868","1539762765","0.388915"
"1539762765","1913615978","0.291914"
"1913615978","1539762765","0.291914"
"1539762765","1958943705","0.308978"
"1958943705","1539762765","0.308978"
"1539762765","1961002413","0.359504"
"1961002413","1539762765","0.359504"
"1539762765","2148010781","0.418327"
"2148010781","1539762765","0.418327"
"1539762765","2152445362","0.290765"
"2152445362","1539762765","0.290765"
"1539762765","2209969054","0.468461"
"2209969054","1539762765","0.468461"
"1560577375","1577372482","0.402284"
"1577372482","1560577375","0.402284"
"1560577375","1582234430","3.05547"
"1582234430","1560577375","3.05547"
"1560577375","1583132200","17.5366"
"1583132200","1560577375","17.5366"
"1560577375","1769916008","2.18366"
"1769916008","1560577375","2.18366"
"1560577375","1774892547","2.10731"
"1774892547","1560577375","2.10731"
"1560577375","1783327413","5.5473"
"1783327413","1560577375","5.5473"
"1560577375","1795062570","4.2255"
"1795062570","1560577375","4.2255"
"1560577375","1847783147","0.402284"
"1847783147","1560577375","0.402284"
"1560577375","1856876674","2.90565"
"1856876674","1560577375","2.90565"
"1560577375","1863615491","16.3033"
"1863615491","1560577375","16.3033"
"1560577375","1888451765","2.78478"
"1888451765","1560577375","2.78478"
"1560577375","1895443825","3.35229"
"1895443825","1560577375","3.35229"
"1560577375","1897831868","2.10731"
"1897831868","1560577375","2.10731"
"1560577375","1913615978","2.78593"
"1913615978","1560577375","2.78593"
"1560577375","1955915792","18.8938"
"1955915792","1560577375","18.8938"
"1560577375","1958943705","3.14599"
"1958943705","1560577375","3.14599"
"1560577375","1961002413","3.4568"
"1961002413","1560577375","3.4568"
"1560577375","2148010781","16.2496"
"2148010781","1560577375","16.2496"
"1560577375","2152445362","15.4344"
"2152445362","1560577375","15.4344"
"1560577375","2165833268","1.32956"
"2165833268","1560577375","1.32956"
"1560577375","2209969054","3.84913"
"2209969054","1560577375","3.84913"
"1560577375","2254351030","0.233264"
"2254351030","1560577375","0.233264"
"1560577375","2266506214","1.32956"
"2266506214","1560577375","1.32956"
"1560577375","977046247","16.0783"
"977046247","1560577375","16.0783"
"1560577375","986099045","0.402284"
"986099045","1560577375","0.402284"
"1577372482","1583132200","0.514406"
"1583132200","1577372482","0.514406"
"1577372482","1769916008","0.348915"
"1769916008","1577372482","0.348915"
"1577372482","1774892547","0.388915"
"1774892547","1577372482","0.388915"
"1577372482","1783327413","0.370026"
"1783327413","1577372482","0.370026"
"1577372482","1795062570","0.307747"
"1795062570","1577372482","0.307747"
"1577372482","1856876674","0.164125"
"1856876674","1577372482","0.164125"
"1577372482","1888451765","0.290765"
"1888451765","1577372482","0.290765"
"1577372482","1895443825","0.164125"
"1895443825","1577372482","0.164125"
"1577372482","1897831868","0.388915"
"1897831868","1577372482","0.388915"
"1577372482","1913615978","0.291914"
"1913615978","1577372482","0.291914"
"1577372482","1958943705","0.308978"
"1958943705","1577372482","0.308978"
"1577372482","1961002413","0.359504"
"1961002413","1577372482","0.359504"
"1577372482","2148010781","0.418327"
"2148010781","1577372482","0.418327"
"1577372482","2152445362","0.290765"
"2152445362","1577372482","0.290765"
"1577372482","2209969054","0.343461"
"2209969054","1577372482","0.343461"
"1582234430","1583132200","3.91238"
"1583132200","1582234430","3.91238"
"1582234430","1769916008","2.22911"
"1769916008","1582234430","2.22911"
"1582234430","1774892547","2.15277"
"1774892547","1582234430","2.15277"
"1582234430","1783327413","3.10014"
"1783327413","1582234430","3.10014"
"1582234430","1795062570","3.28167"
"1795062570","1582234430","3.28167"
"1582234430","1856876674","2.54805"
"1856876674","1582234430","2.54805"
"1582234430","1888451765","2.41762"
"1888451765","1582234430","2.41762"
"1582234430","1895443825","2.3498"
"1895443825","1582234430","2.3498"
"1582234430","1897831868","2.15277"
"1897831868","1582234430","2.15277"
"1582234430","1913615978","2.41877"
"1913615978","1582234430","2.41877"
"1582234430","1958943705","3.09792"
"1958943705","1582234430","3.09792"
"1582234430","1961002413","2.8121"
"1961002413","1582234430","2.8121"
"1582234430","2148010781","3.4163"
"2148010781","1582234430","3.4163"
"1582234430","2152445362","3.02182"
"2152445362","1582234430","3.02182"
"1582234430","2209969054","2.17842"
"2209969054","1582234430","2.17842"
"1583132200","1769916008","2.22911"
"1769916008","1583132200","2.22911"
"1583132200","1774892547","2.15277"
"1774892547","1583132200","2.15277"
"1583132200","1783327413","5.62422"
"1783327413","1583132200","5.62422"
"1583132200","1795062570","4.2255"
"1795062570","1583132200","4.2255"
"1583132200","1847783147","0.514406"
"1847783147","1583132200","0.514406"
"1583132200","1856876674","2.98257"
"1856876674","1583132200","2.98257"
"1583132200","1863615491","18.0074"
"1863615491","1583132200","18.0074"
"1583132200","1888451765","3.132"
"1888451765","1583132200","3.132"
"1583132200","1895443825","3.35229"
"1895443825","1583132200","3.35229"
"1583132200","1897831868","2.15277"
"1897831868","1583132200","2.15277"
"1583132200","1913615978","3.13315"
"1913615978","1583132200","3.13315"
"1583132200","1955915792","21.155"
"1955915792","1583132200","21.155"
"1583132200","1958943705","3.22292"
"1958943705","1583132200","3.22292"
"1583132200","1961002413","3.50225"
"1961002413","1583132200","3.50225"
"1583132200","2148010781","17.6871"
"2148010781","1583132200","17.6871"
"1583132200","2152445362","16.2014"
"2152445362","1583132200","16.2014"
"1583132200","2165833268","1.44168"
"2165833268","1583132200","1.44168"
"1583132200","2209969054","3.84913"
"2209969054","1583132200","3.84913"
"1583132200","2254351030","0.345385"
"2254351030","1583132200","0.345385"
"1583132200","2266506214","1.44168"
"2266506214","1583132200","1.44168"
"1583132200","977046247","17.7824"
"977046247","1583132200","17.7824"
"1583132200","986099045","0.514406"
"986099045","1583132200","0.514406"
"1769916008","1774892547","1.75703"
"1774892547","1769916008","1.75703"
"1769916008","1783327413","2.1514"
"1783327413","1769916008","2.1514"
"1769916008","1795062570","2.14794"
"1795062570","1769916008","2.14794"
"1769916008","1847783147","0.348915"
"1847783147","1769916008","0.348915"
"1769916008","1856876674","1.77741"
"1856876674","1769916008","1.77741"
"1769916008","1863615491","2.22911"
"1863615491","1769916008","2.22911"
"1769916008","1888451765","1.84522"
"1888451765","1769916008","1.84522"
"1769916008","1895443825","1.77741"
"1895443825","1769916008","1.77741"
"1769916008","1897831868","1.75703"
"1897831868","1769916008","1.75703"
"1769916008","1913615978","1.84637"
"1913615978","1769916008","1.84637"
"1769916008","1955915792","2.22911"
"1955915792","1769916008","2.22911"
"1769916008","1958943705","2.14918"
"1958943705","1769916008","2.14918"
"1769916008","1961002413","2.1997"
"1961002413","1769916008","2.1997"
"1769916008","2148010781","2.1997"
"2148010781","1769916008","2.1997"
"1769916008","2152445362","1.84522"
"2152445362","1769916008","1.84522"
"1769916008","2165833268","0.348915"
"2165833268","1769916008","0.348915"
"1769916008","2209969054","1.73269"
"2209969054","1769916008","1.73269"
"1769916008","2254351030","0.278718"
"2254351030","1769916008","0.278718"
"1769916008","2266506214","0.348915"
"2266506214","1769916008","0.348915"
"1769916008","977046247","2.22911"
"977046247","1769916008","2.22911"
"1769916008","986099045","0.348915"
"986099045","1769916008","0.348915"
"1774892547","1783327413","2.07505"
"1783327413","1774892547","2.07505"
"1774892547","1795062570","2.0716"
"1795062570","1774892547","2.0716"
"1774892547","1847783147","0.388915"
"1847783147","1774892547","0.388915"
"1774892547","1856876674","1.66106"
"1856876674","1774892547","1.66106"
"1774892547","1863615491","2.15277"
"1863615491","1774892547","2.15277"
"1774892547","1888451765","1.72887"
"1888451765","1774892547","1.72887"
"1774892547","1895443825","1.66106"
"1895443825","1774892547","1.66106"
"1774892547","1897831868","2.15277"
"1897831868","1774892547","2.15277"
"1774892547","1913615978","1.73002"
"1913615978","1774892547","1.73002"
"1774892547","1955915792","2.15277"
"1955915792","1774892547","2.15277"
"1774892547","1958943705","2.07283"
"1958943705","1774892547","2.07283"
"1774892547","1961002413","2.12335"
"1961002413","1774892547","2.12335"
"1774892547","2148010781","2.12335"
"2148010781","1774892547","2.12335"
"1774892547","2152445362","1.72887"
"2152445362","1774892547","1.72887"
"1774892547","2165833268","0.388915"
"2165833268","1774892547","0.388915"
"1774892547","2209969054","1.65634"
"2209969054","1774892547","1.65634"
"1774892547","2254351030","0.278718"
"2254351030","1774892547","0.278718"
"1774892547","2266506214","0.388915"
"2266506214","1774892547","0.388915"
"1774892547","977046247","2.15277"
"977046247","1774892547","2.15277"
"1774892547","986099045","0.388915"
"986099045","1774892547","0.388915"
"1783327413","1795062570","4.10233"
"1795062570","1783327413","4.10233"
"1783327413","1847783147","0.370026"
"1847783147","1783327413","0.370026"
"1783327413","1856876674","2.95032"
"1856876674","1783327413","2.95032"
"1783327413","1863615491","5.62422"
"1863615491","1783327413","5.62422"
"1783327413","1888451765","2.65252"
"1888451765","1783327413","2.65252"
"1783327413","1895443825","3.32003"
"1895443825","1783327413","3.32003"
"1783327413","1897831868","2.07505"
"1897831868","1783327413","2.07505"
"1783327413","1913615978","2.65367"
"1913615978","1783327413","2.65367"
"1783327413","1955915792","6.12422"
"1955915792","1783327413","6.12422"
"1783327413","1958943705","3.19066"
"1958943705","1783327413","3.19066"
"1783327413","1961002413","3.42454"
"1961002413","1783327413","3.42454"
"1783327413","2148010781","5.59481"
"2148010781","1783327413","5.59481"
"1783327413","2152445362","5.24579"
"2152445362","1783327413","5.24579"
"1783327413","2165833268","0.370026"
"2165833268","1783327413","0.370026"
"1783327413","2209969054","2.14616"
"2209969054","1783327413","2.14616"
"1783327413","2254351030","0.201006"
"2254351030","1783327413","0.201006"
"1783327413","2266506214","0.370026"
"2266506214","1783327413","0.370026"
"1783327413","977046247","5.89922"
"977046247","1783327413","5.89922"
"1783327413","986099045","0.370026"
"986099045","1783327413","0.370026"
"1795062570","1847783147","0.432747"
"1847783147","1795062570","0.432747"
"1795062570","1856876674","2.69851"
"1856876674","1795062570","2.69851"
"1795062570","1863615491","4.2255"
"1863615491","1795062570","4.2255"
"1795062570","1888451765","2.5069"
"1888451765","1795062570","2.5069"
"1795062570","1895443825","3.11658"
"1895443825","1795062570","3.11658"
"1795062570","1897831868","2.0716"
"1897831868","1795062570","2.0716"
"1795062570","1913615978","2.50805"
"1913615978","1795062570","2.50805"
"1795062570","1955915792","16.6838"
"1955915792","1795062570","16.6838"
"1795062570","1958943705","3.03885"
"1958943705","1795062570","3.03885"
"1795062570","1961002413","3.03017"
"1961002413","1795062570","3.03017"
"1795062570","2148010781","4.19608"
"2148010781","1795062570","4.19608"
"1795062570","2152445362","3.84706"
"2152445362","1795062570","3.84706"
"1795062570","2165833268","0.432747"
"2165833268","1795062570","0.432747"
"1795062570","2209969054","6.35861"
"2209969054","1795062570","6.35861"
"1795062570","2254351030","0.233264"
"2254351030","1795062570","0.233264"
"1795062570","2266506214","0.432747"
"2266506214","1795062570","0.432747"
"1795062570","977046247","4.1005"
"977046247","1795062570","4.1005"
"1795062570","986099045","0.432747"
"986099045","1795062570","0.432747"
"1847783147","1856876674","0.164125"
"1856876674","1847783147","0.164125"
"1847783147","1888451765","0.290765"
"1888451765","1847783147","0.290765"
"1847783147","1895443825","0.164125"
"1895443825","1847783147","0.164125"
"1847783147","1897831868","0.388915"
"1897831868","1847783147","0.388915"
"1847783147","1913615978","0.291914"
"1913615978","1847783147","0.291914"
"1847783147","1958943705","0.308978"
"1958943705","1847783147","0.308978"
"1847783147","1961002413","0.359504"
"1961002413","1847783147","0.359504"
"1847783147","2148010781","0.418327"
"2148010781","1847783147","0.418327"
"1847783147","2152445362","0.290765"
"2152445362","1847783147","0.290765"
"1847783147","2209969054","0.468461"
"2209969054","1847783147","0.468461"
"1856876674","1863615491","2.98257"
"1863615491","1856876674","2.98257"
"1856876674","1888451765","2.4748"
"1888451765","1856876674","2.4748"
"1856876674","1895443825","2.4748"
"1895443825","1856876674","2.4748"
"1856876674","1897831868","1.66106"
"1897831868","1856876674","1.66106"
"1856876674","1913615978","2.4748"
"1913615978","1856876674","2.4748"
"1856876674","1955915792","2.98257"
"1955915792","1856876674","2.98257"
"1856876674","1958943705","2.63857"
"1958943705","1856876674","2.63857"
"1856876674","1961002413","2.44539"
"1961002413","1856876674","2.44539"
"1856876674","2148010781","2.95316"
"2148010781","1856876674","2.95316"
"1856876674","2152445362","2.98257"
"2152445362","1856876674","2.98257"
"1856876674","2165833268","0.164125"
"2165833268","1856876674","0.164125"
"1856876674","2209969054","1.73217"
"2209969054","1856876674","1.73217"
"1856876674","2254351030","0.0939279"
"2254351030","1856876674","0.0939279"
"1856876674","2266506214","0.164125"
"2266506214","1856876674","0.164125"
"1856876674","977046247","2.85757"
"977046247","1856876674","2.85757"
"1856876674","986099045","0.164125"
"986099045","1856876674","0.164125"
"1863615491","1888451765","3.132"
"1888451765","1863615491","3.132"
"1863615491","1895443825","3.35229"
"1895443825","1863615491","3.35229"
"1863615491","1897831868","2.15277"
"1897831868","1863615491","2.15277"
"1863615491","1913615978","3.13315"
"1913615978","1863615491","3.13315"
"1863615491","1958943705","3.22292"
"1958943705","1863615491","3.22292"
"1863615491","1961002413","3.50225"
"1961002413","1863615491","3.50225"
"1863615491","2148010781","17.3204"
"2148010781","1863615491","17.3204"
"1863615491","2152445362","15.6347"
"2152445362","1863615491","15.6347"
"1863615491","2209969054","3.18246"
"2209969054","1863615491","3.18246"
"1888451765","1895443825","2.4748"
"1895443825","1888451765","2.4748"
"1888451765","1897831868","1.72887"
"1897831868","1888451765","1.72887"
"1888451765","1913615978","3.09866"
"1913615978","1888451765","3.09866"
"1888451765","1955915792","3.132"
"1955915792","1888451765","3.132"
"1888451765","1958943705","2.50814"
"1958943705","1888451765","2.50814"
"1888451765","1961002413","2.51321"
"1961002413","1888451765","2.51321"
"1888451765","2148010781","3.10259"
"2148010781","1888451765","3.10259"
"1888451765","2152445362","2.97252"
"2152445362","1888451765","2.97252"
"1888451765","2165833268","0.290765"
"2165833268","1888451765","0.290765"
"1888451765","2209969054","1.79998"
"2209969054","1888451765","1.79998"
"1888451765","2254351030","0.161744"
"2254351030","1888451765","0.161744"
"1888451765","2266506214","0.290765"
"2266506214","1888451765","0.290765"
"1888451765","977046247","3.007"
"977046247","1888451765","3.007"
"1888451765","986099045","0.290765"
"986099045","1888451765","0.290765"
"1895443825","1897831868","1.66106"
"1897831868","1895443825","1.66106"
"1895443825","1913615978","2.4748"
"1913615978","1895443825","2.4748"
"1895443825","1955915792","3.35229"
"1955915792","1895443825","3.35229"
"1895443825","1958943705","2.44032"
"1958943705","1895443825","2.44032"
"1895443825","1961002413","2.44539"
"1961002413","1895443825","2.44539"
"1895443825","2148010781","3.32288"
"2148010781","1895443825","3.32288"
"1895443825","2152445362","3.35229"
"2152445362","1895443825","3.35229"
"1895443825","2165833268","0.164125"
"2165833268","1895443825","0.164125"
"1895443825","2209969054","1.73217"
"2209969054","1895443825","1.73217"
"1895443825","2254351030","0.0939279"
"2254351030","1895443825","0.0939279"
"1895443825","2266506214","0.164125"
"2266506214","1895443825","0.164125"
"1895443825","977046247","3.12729"
"977046247","1895443825","3.12729"
"1895443825","986099045","0.164125"
"986099045","1895443825","0.164125"
"1897831868","1913615978","1.73002"
"1913615978","1897831868","1.73002"
"1897831868","1955915792","2.15277"
"1955915792","1897831868","2.15277"
"1897831868","1958943705","2.07283"
"1958943705","1897831868","2.07283"
