"1911364812","2118009276","0.414879"
"2118009276","1911364812","0.414879"
"1911364812","2120160105","1.48807"
"2120160105","1911364812","1.48807"
"1911364812","2154525907","0.960333"
"2154525907","1911364812","0.960333"
"1911364812","2474580980","0.960333"
"2474580980","1911364812","0.960333"
"1911364812","2773125201","0.242424"
"2773125201","1911364812","0.242424"
"1911364812","39930566","3.40473"
"39930566","1911364812","3.40473"
"2118009276","2120160105","2.0214"
"2120160105","2118009276","2.0214"
"2118009276","2154525907","2.0371"
"2154525907","2118009276","2.0371"
"2118009276","2474580980","1.45377"
"2474580980","2118009276","1.45377"
"2118009276","2773125201","0.19697"
"2773125201","2118009276","0.19697"
"2118009276","39930566","0.8214"
"39930566","2118009276","0.8214"
"2120160105","2154525907","3.52898"
"2154525907","2120160105","3.52898"
"2120160105","2474580980","2.69564"
"2474580980","2120160105","2.69564"
"2120160105","2773125201","0.530303"
"2773125201","2120160105","0.530303"
"2120160105","39930566","1.72792"
"39930566","2120160105","1.72792"
"2154525907","2474580980","32.0337"
"2474580980","2154525907","32.0337"
"2154525907","2773125201","0.319347"
"2773125201","2154525907","0.319347"
"2154525907","39930566","2.8214"
"39930566","2154525907","2.8214"
"2474580980","2773125201","0.319347"
"2773125201","2474580980","0.319347"
"2474580980","39930566","2.5714"
"39930566","2474580980","2.5714"
"2773125201","39930566","0.19697"
"39930566","2773125201","0.19697"
"1911364812","1976960244","0.410333"
"1976960244","1911364812","0.410333"
"1911364812","1994869424","0.493666"
"1994869424","1911364812","0.493666"
"1911364812","2050425142","0.366855"
"2050425142","1911364812","0.366855"
"1976960244","1994869424","3.33967"
"1994869424","1976960244","3.33967"
"1976960244","2050425142","2.53862"
"2050425142","1976960244","2.53862"
"1976960244","2120160105","0.412309"
"2120160105","1976960244","0.412309"
"1976960244","39930566","0.392829"
"39930566","1976960244","0.392829"
"1994869424","2050425142","3.45529"
"2050425142","1994869424","3.45529"
"1994869424","2120160105","0.412309"
"2120160105","1994869424","0.412309"
"1994869424","39930566","0.476162"
"39930566","1994869424","0.476162"
"2050425142","2120160105","0.3214"
"2120160105","2050425142","0.3214"
"2050425142","39930566","0.349351"
"39930566","2050425142","0.349351"
"1911364812","1966523299","1.16271"
"1966523299","1911364812","1.16271"
"1911364812","1975852662","0.575758"
"1975852662","1911364812","0.575758"
"1911364812","2145723333","0.793666"
"2145723333","1911364812","0.793666"
"1975852662","2145723333","0.786075"
"2145723333","1975852662","0.786075"
"1911364812","2000869060","0.246047"
"2000869060","1911364812","0.246047"
"1911364812","2027625938","0.996047"
"2027625938","1911364812","0.996047"
"1911364812","2089156695","0.293666"
"2089156695","1911364812","0.293666"
"1911364812","2098567301","0.1214"
"2098567301","1911364812","0.1214"
"1911364812","2098704456","0.293666"
"2098704456","1911364812","0.293666"
"1911364812","2103328958","1.82938"
"2103328958","1911364812","1.82938"
"1911364812","2117759566","0.248212"
"2117759566","1911364812","0.248212"
"1911364812","2121148202","0.210333"
"2121148202","1911364812","0.210333"
"1911364812","2124604413","0.164879"
"2124604413","1911364812","0.164879"
"1911364812","2147889085","0.414879"
"2147889085","1911364812","0.414879"
"1911364812","2160810291","0.11726"
"2160810291","1911364812","0.11726"
"1911364812","2195423002","0.496047"
"2195423002","1911364812","0.496047"
"1911364812","2546521646","0.414879"
"2546521646","1911364812","0.414879"
"1911364812","2594306307","0.164879"
"2594306307","1911364812","0.164879"
"1966523299","1976960244","0.330546"
"1976960244","1966523299","0.330546"
"1966523299","1994869424","0.330546"
"1994869424","1966523299","0.330546"
"1966523299","2000869060","0.162714"
"2000869060","1966523299","0.162714"
"1966523299","2027625938","0.162714"
"2027625938","1966523299","0.162714"
"1966523299","2050425142","0.196159"
"2050425142","1966523299","0.196159"
"1966523299","2089156695","0.253623"
"2089156695","1966523299","0.253623"
"1966523299","2098567301","0.150704"
"2098567301","1966523299","0.150704"
"1966523299","2098704456","0.330546"
"2098704456","1966523299","0.330546"
"1966523299","2103328958","0.330546"
"2103328958","1966523299","0.330546"
"1966523299","2117759566","0.208169"
"2117759566","1966523299","0.208169"
"1966523299","2118009276","0.31726"
"2118009276","1966523299","0.31726"
"1966523299","2120160105","1.36469"
"2120160105","1966523299","1.36469"
"1966523299","2121148202","0.162714"
"2121148202","1966523299","0.162714"
"1966523299","2124604413","0.11726"
"2124604413","1966523299","0.11726"
"1966523299","2145723333","0.162714"
"2145723333","1966523299","0.162714"
"1966523299","2147889085","0.194183"
"2147889085","1966523299","0.194183"
"1966523299","2154525907","0.530546"
"2154525907","1966523299","0.530546"
"1966523299","2160810291","0.208169"
"2160810291","1966523299","0.208169"
"1966523299","2195423002","0.162714"
"2195423002","1966523299","0.162714"
"1966523299","2474580980","0.530546"
"2474580980","1966523299","0.530546"
"1966523299","2546521646","0.194183"
"2546521646","1966523299","0.194183"
"1966523299","2594306307","0.11726"
"2594306307","1966523299","0.11726"
"1976960244","2000869060","0.162714"
"2000869060","1976960244","0.162714"
"1976960244","2027625938","0.162714"
"2027625938","1976960244","0.162714"
"1976960244","2089156695","0.499655"
"2089156695","1976960244","0.499655"
"1976960244","2098567301","1.23364"
"2098567301","1976960244","1.23364"
"1976960244","2098704456","3.22301"
"2098704456","1976960244","3.22301"
"1976960244","2103328958","0.330546"
"2103328958","1976960244","0.330546"
"1976960244","2117759566","0.505788"
"2117759566","1976960244","0.505788"
"1976960244","2118009276","0.220434"
"2118009276","1976960244","0.220434"
"1976960244","2121148202","0.349222"
"2121148202","1976960244","0.349222"
"1976960244","2124604413","0.164879"
"2124604413","1976960244","0.164879"
"1976960244","2145723333","0.938508"
"2145723333","1976960244","0.938508"
"1976960244","2147889085","0.241802"
"2147889085","1976960244","0.241802"
"1976960244","2154525907","0.433721"
"2154525907","1976960244","0.433721"
"1976960244","2160810291","0.418486"
"2160810291","1976960244","0.418486"
"1976960244","2195423002","0.301603"
"2195423002","1976960244","0.301603"
"1976960244","2474580980","0.433721"
"2474580980","1976960244","0.433721"
"1976960244","2546521646","0.366802"
"2546521646","1976960244","0.366802"
"1976960244","2594306307","0.164879"
"2594306307","1976960244","0.164879"
"1994869424","2000869060","0.246047"
"2000869060","1994869424","0.246047"
"1994869424","2027625938","0.162714"
"2027625938","1994869424","0.162714"
"1994869424","2089156695","0.582988"
"2089156695","1994869424","0.582988"
"1994869424","2098567301","2.29316"
"2098567301","1994869424","2.29316"
"1994869424","2098704456","6.31586"
"2098704456","1994869424","6.31586"
"1994869424","2103328958","0.41388"
"2103328958","1994869424","0.41388"
"1994869424","2117759566","0.931978"
"2117759566","1994869424","0.931978"
"1994869424","2118009276","0.303768"
"2118009276","1994869424","0.303768"
"1994869424","2121148202","0.349222"
"2121148202","1994869424","0.349222"
"1994869424","2124604413","0.164879"
"2124604413","1994869424","0.164879"
"1994869424","2145723333","1.77184"
"2145723333","1994869424","1.77184"
"1994869424","2147889085","0.384659"
"2147889085","1994869424","0.384659"
"1994869424","2154525907","0.717054"
"2154525907","1994869424","0.717054"
"1994869424","2160810291","0.418486"
"2160810291","1994869424","0.418486"
"1994869424","2195423002","0.301603"
"2195423002","1994869424","0.301603"
"1994869424","2474580980","0.717054"
"2474580980","1994869424","0.717054"
"1994869424","2546521646","0.509659"
"2546521646","1994869424","0.509659"
"1994869424","2594306307","0.307736"
"2594306307","1994869424","0.307736"
"2000869060","2027625938","0.162714"
"2027625938","2000869060","0.162714"
"2000869060","2050425142","0.119236"
"2050425142","2000869060","0.119236"
"2000869060","2089156695","0.246047"
"2089156695","2000869060","0.246047"
"2000869060","2098567301","0.0737813"
"2098567301","2000869060","0.0737813"
"2000869060","2098704456","0.246047"
"2098704456","2000869060","0.246047"
"2000869060","2103328958","0.246047"
"2103328958","2000869060","0.246047"
"2000869060","2117759566","1.03393"
"2117759566","2000869060","1.03393"
"2000869060","2118009276","1.78393"
"2118009276","2000869060","1.78393"
"2000869060","2120160105","2.57378"
"2120160105","2000869060","2.57378"
"2000869060","2121148202","0.162714"
"2121148202","2000869060","0.162714"
"2000869060","2124604413","0.11726"
"2124604413","2000869060","0.11726"
"2000869060","2145723333","0.246047"
"2145723333","2000869060","0.246047"
"2000869060","2147889085","0.11726"
"2147889085","2000869060","0.11726"
"2000869060","2154525907","1.41271"
"2154525907","2000869060","1.41271"
"2000869060","2160810291","0.11726"
"2160810291","2000869060","0.11726"
"2000869060","2195423002","0.162714"
"2195423002","2000869060","0.162714"
"2000869060","2474580980","1.41271"
"2474580980","2000869060","1.41271"
"2000869060","2546521646","0.11726"
"2546521646","2000869060","0.11726"
"2000869060","2594306307","0.11726"
"2594306307","2000869060","0.11726"
"2027625938","2050425142","0.119236"
"2050425142","2027625938","0.119236"
"2027625938","2089156695","0.162714"
"2089156695","2027625938","0.162714"
"2027625938","2098567301","0.0737813"
"2098567301","2027625938","0.0737813"
"2027625938","2098704456","0.162714"
"2098704456","2027625938","0.162714"
"2027625938","2103328958","0.162714"
"2103328958","2027625938","0.162714"
"2027625938","2117759566","0.11726"
"2117759566","2027625938","0.11726"
"2027625938","2118009276","0.11726"
"2118009276","2027625938","0.11726"
"2027625938","2120160105","0.0737813"
"2120160105","2027625938","0.0737813"
"2027625938","2121148202","0.162714"
"2121148202","2027625938","0.162714"
"2027625938","2124604413","0.11726"
"2124604413","2027625938","0.11726"
"2027625938","2145723333","0.162714"
"2145723333","2027625938","0.162714"
"2027625938","2147889085","0.11726"
"2147889085","2027625938","0.11726"
"2027625938","2154525907","0.162714"
"2154525907","2027625938","0.162714"
"2027625938","2160810291","0.11726"
"2160810291","2027625938","0.11726"
"2027625938","2195423002","0.496047"
"2195423002","2027625938","0.496047"
"2027625938","2474580980","0.162714"
"2474580980","2027625938","0.162714"
"2027625938","2546521646","0.11726"
"2546521646","2027625938","0.11726"
"2027625938","2594306307","0.11726"
"2594306307","2027625938","0.11726"
"2050425142","2089156695","0.365268"
"2089156695","2050425142","0.365268"
"2050425142","2098567301","1.48364"
"2098567301","2050425142","1.48364"
"2050425142","2098704456","4.08862"
"2098704456","2050425142","4.08862"
"2050425142","2103328958","0.196159"
"2103328958","2050425142","0.196159"
"2050425142","2117759566","0.3714"
"2117759566","2050425142","0.3714"
"2050425142","2118009276","0.176956"
"2118009276","2050425142","0.176956"
"2050425142","2121148202","0.305744"
"2121148202","2050425142","0.305744"
"2050425142","2124604413","0.1214"
"2124604413","2050425142","0.1214"
"2050425142","2145723333","1.14503"
"2145723333","2050425142","1.14503"
"2050425142","2147889085","0.198323"
"2147889085","2050425142","0.198323"
"2050425142","2154525907","0.299334"
"2154525907","2050425142","0.299334"
"2050425142","2160810291","0.284099"
"2160810291","2050425142","0.284099"
"2050425142","2195423002","0.258125"
"2195423002","2050425142","0.258125"
"2050425142","2474580980","0.299334"
"2474580980","2050425142","0.299334"
"2050425142","2546521646","0.323323"
"2546521646","2050425142","0.323323"
"2050425142","2594306307","0.1214"
"2594306307","2050425142","0.1214"
"2089156695","2098567301","4.17696"
"2098567301","2089156695","4.17696"
"2089156695","2098704456","0.582988"
"2098704456","2089156695","0.582988"
"2089156695","2103328958","0.336957"
"2103328958","2089156695","0.336957"
"2089156695","2117759566","0.339121"
"2117759566","2089156695","0.339121"
"2089156695","2118009276","0.303768"
"2118009276","2089156695","0.303768"
"2089156695","2120160105","0.212309"
"2120160105","2089156695","0.212309"
"2089156695","2121148202","0.265889"
"2121148202","2089156695","0.265889"
"2089156695","2124604413","0.164879"
"2124604413","2089156695","0.164879"
"2089156695","2145723333","1.49208"
"2145723333","2089156695","1.49208"
"2089156695","2147889085","0.164879"
"2147889085","2089156695","0.164879"
"2089156695","2154525907","0.440131"
"2154525907","2089156695","0.440131"
"2089156695","2160810291","0.263724"
"2160810291","2089156695","0.263724"
"2089156695","2195423002","0.21827"
"2195423002","2089156695","0.21827"
"2089156695","2474580980","0.440131"
"2474580980","2089156695","0.440131"
"2089156695","2546521646","0.164879"
"2546521646","2089156695","0.164879"
"2089156695","2594306307","0.164879"
"2594306307","2089156695","0.164879"
"2098567301","2098704456","2.3765"
"2098704456","2098567301","2.3765"
"2098567301","2103328958","0.150704"
"2103328958","2098567301","0.150704"
"2098567301","2117759566","0.264257"
"2117759566","2098567301","0.264257"
"2098567301","2118009276","0.176956"
"2118009276","2098567301","0.176956"
"2098567301","2120160105","0.1214"
"2120160105","2098567301","0.1214"
"2098567301","2121148202","0.176956"
"2121148202","2098567301","0.176956"
"2098567301","2124604413","0.1214"
"2124604413","2098567301","0.1214"
"2098567301","2145723333","0.623384"
"2145723333","2098567301","0.623384"
"2098567301","2147889085","0.341181"
"2147889085","2098567301","0.341181"
"2098567301","2154525907","0.253879"
"2154525907","2098567301","0.253879"
"2098567301","2160810291","0.200765"
"2160810291","2098567301","0.200765"
"2098567301","2195423002","0.129337"
"2195423002","2098567301","0.129337"
"2098567301","2474580980","0.253879"
"2474580980","2098567301","0.253879"
"2098567301","2546521646","0.466181"
"2546521646","2098567301","0.466181"
"2098567301","2594306307","0.264257"
"2594306307","2098567301","0.264257"
"2098704456","2103328958","0.41388"
"2103328958","2098704456","0.41388"
"2098704456","2117759566","0.931978"
"2117759566","2098704456","0.931978"
"2098704456","2118009276","0.303768"
"2118009276","2098704456","0.303768"
"2098704456","2120160105","0.212309"
"2120160105","2098704456","0.212309"
"2098704456","2121148202","0.349222"
"2121148202","2098704456","0.349222"
"2098704456","2124604413","0.164879"
"2124604413","2098704456","0.164879"
"2098704456","2145723333","0.771841"
"2145723333","2098704456","0.771841"
"2098704456","2147889085","0.384659"
"2147889085","2098704456","0.384659"
"2098704456","2154525907","0.717054"
"2154525907","2098704456","0.717054"
"2098704456","2160810291","0.418486"
"2160810291","2098704456","0.418486"
"2098704456","2195423002","0.301603"
"2195423002","2098704456","0.301603"
"2098704456","2474580980","0.717054"
"2474580980","2098704456","0.717054"
"2098704456","2546521646","0.509659"
"2546521646","2098704456","0.509659"
"2098704456","2594306307","0.307736"
"2594306307","2098704456","0.307736"
"2103328958","2117759566","0.791502"
"2117759566","2103328958","0.791502"
"2103328958","2118009276","0.200593"
"2118009276","2103328958","0.200593"
"2103328958","2120160105","0.66469"
"2120160105","2103328958","0.66469"
"2103328958","2121148202","0.162714"
"2121148202","2103328958","0.162714"
"2103328958","2124604413","0.11726"
"2124604413","2103328958","0.11726"
"2103328958","2145723333","0.246047"
"2145723333","2103328958","0.246047"
"2103328958","2147889085","0.644183"
"2147889085","2103328958","0.644183"
"2103328958","2154525907","0.41388"
"2154525907","2103328958","0.41388"
"2103328958","2160810291","0.208169"
"2160810291","2103328958","0.208169"
"2103328958","2195423002","0.362714"
"2195423002","2103328958","0.362714"
"2103328958","2474580980","0.41388"
"2474580980","2103328958","0.41388"
"2103328958","2546521646","0.444183"
"2546521646","2103328958","0.444183"
"2103328958","2594306307","0.11726"
"2594306307","2103328958","0.11726"
"2117759566","2118009276","1.28155"
"2118009276","2117759566","1.28155"
"2117759566","2120160105","2.99564"
"2120160105","2117759566","2.99564"
"2117759566","2121148202","0.164879"
"2121148202","2117759566","0.164879"
"2117759566","2124604413","0.164879"
"2124604413","2117759566","0.164879"
"2117759566","2145723333","0.248212"
"2145723333","2117759566","0.248212"
"2117759566","2147889085","1.30774"
"2147889085","2117759566","1.30774"
"2117759566","2154525907","6.57245"
"2154525907","2117759566","6.57245"
"2117759566","2160810291","0.208169"
"2160810291","2117759566","0.208169"
"2117759566","2195423002","0.11726"
"2195423002","2117759566","0.11726"
"2117759566","2474580980","4.48912"
"2474580980","2117759566","4.48912"
"2117759566","2546521646","1.30774"
"2546521646","2117759566","1.30774"
"2117759566","2594306307","0.307736"
"2594306307","2117759566","0.307736"
"2118009276","2121148202","0.220434"
"2121148202","2118009276","0.220434"
"2118009276","2124604413","0.164879"
"2124604413","2118009276","0.164879"
"2118009276","2145723333","0.303768"
"2145723333","2118009276","0.303768"
"2118009276","2147889085","0.164879"
"2147889085","2118009276","0.164879"
"2118009276","2160810291","0.172815"
"2160810291","2118009276","0.172815"
"2118009276","2195423002","0.172815"
"2195423002","2118009276","0.172815"
"2118009276","2546521646","0.164879"
"2546521646","2118009276","0.164879"
"2118009276","2594306307","0.164879"
"2594306307","2118009276","0.164879"
"2120160105","2121148202","0.1214"
"2121148202","2120160105","0.1214"
"2120160105","2124604413","0.1214"
"2124604413","2120160105","0.1214"
"2120160105","2145723333","0.1214"
"2145723333","2120160105","0.1214"
"2120160105","2147889085","0.1214"
"2147889085","2120160105","0.1214"
"2120160105","2160810291","0.16469"
"2160810291","2120160105","0.16469"
"2120160105","2195423002","0.0737813"
"2195423002","2120160105","0.0737813"
"2120160105","2546521646","0.1214"
"2546521646","2120160105","0.1214"
"2120160105","2594306307","0.1214"
"2594306307","2120160105","0.1214"
"2121148202","2124604413","0.164879"
"2124604413","2121148202","0.164879"
"2121148202","2145723333","0.349222"
"2145723333","2121148202","0.349222"
"2121148202","2147889085","0.164879"
"2147889085","2121148202","0.164879"
"2121148202","2154525907","0.265889"
"2154525907","2121148202","0.265889"
"2121148202","2160810291","3.25615"
"2160810291","2121148202","3.25615"
"2121148202","2195423002","0.301603"
"2195423002","2121148202","0.301603"
"2121148202","2474580980","0.265889"
"2474580980","2121148202","0.265889"
"2121148202","2546521646","0.164879"
"2546521646","2121148202","0.164879"
"2121148202","2594306307","0.164879"
"2594306307","2121148202","0.164879"
"2124604413","2145723333","0.164879"
"2145723333","2124604413","0.164879"
"2124604413","2147889085","0.164879"
"2147889085","2124604413","0.164879"
"2124604413","2154525907","0.164879"
"2154525907","2124604413","0.164879"
"2124604413","2160810291","0.11726"
"2160810291","2124604413","0.11726"
"2124604413","2195423002","0.11726"
"2195423002","2124604413","0.11726"
"2124604413","2474580980","0.164879"
"2474580980","2124604413","0.164879"
"2124604413","2546521646","0.52599"
"2546521646","2124604413","0.52599"
"2124604413","2594306307","11.526"
"2594306307","2124604413","11.526"
"2145723333","2147889085","0.164879"
"2147889085","2145723333","0.164879"
"2145723333","2154525907","0.349222"
"2154525907","2145723333","0.349222"
"2145723333","2160810291","0.327577"
"2160810291","2145723333","0.327577"
"2145723333","2195423002","0.301603"
"2195423002","2145723333","0.301603"
"2145723333","2474580980","0.349222"
"2474580980","2145723333","0.349222"
"2145723333","2546521646","0.289879"
"2546521646","2145723333","0.289879"
"2145723333","2594306307","0.164879"
"2594306307","2145723333","0.164879"
"2147889085","2154525907","0.741802"
"2154525907","2147889085","0.741802"
"2147889085","2160810291","0.11726"
"2160810291","2147889085","0.11726"
"2147889085","2195423002","0.31726"
"2195423002","2147889085","0.31726"
"2147889085","2474580980","0.741802"
"2474580980","2147889085","0.741802"
"2147889085","2546521646","0.634659"
"2546521646","2147889085","0.634659"
"2147889085","2594306307","0.307736"
"2594306307","2147889085","0.307736"
"2154525907","2160810291","0.263724"
"2160810291","2154525907","0.263724"
"2154525907","2195423002","0.21827"
"2195423002","2154525907","0.21827"
"2154525907","2546521646","0.241802"
"2546521646","2154525907","0.241802"
"2154525907","2594306307","0.164879"
"2594306307","2154525907","0.164879"
"2160810291","2195423002","0.256148"
"2195423002","2160810291","0.256148"
"2160810291","2474580980","0.263724"
"2474580980","2160810291","0.263724"
"2160810291","2546521646","0.11726"
"2546521646","2160810291","0.11726"
"2160810291","2594306307","0.11726"
"2594306307","2160810291","0.11726"
"2195423002","2474580980","0.21827"
"2474580980","2195423002","0.21827"
"2195423002","2546521646","1.11726"
"2546521646","2195423002","1.11726"
"2195423002","2594306307","0.11726"
"2594306307","2195423002","0.11726"
"2474580980","2546521646","0.241802"
"2546521646","2474580980","0.241802"
"2474580980","2594306307","0.164879"
"2594306307","2474580980","0.164879"
"2546521646","2594306307","1.00218"
"2594306307","2546521646","1.00218"
"1911364812","2004348747","0.123377"
"2004348747","1911364812","0.123377"
"1911364812","2020430012","0.123377"
"2020430012","1911364812","0.123377"
"1911364812","2025629941","0.0757576"
"2025629941","1911364812","0.0757576"
"1911364812","2063458030","0.490448"
"2063458030","1911364812","0.490448"
"1911364812","2170222401","0.0757576"
"2170222401","1911364812","0.0757576"
"1911364812","2185116960","0.030303"
"2185116960","1911364812","0.030303"
"1911364812","2214895640","0.659091"
"2214895640","1911364812","0.659091"
"1966523299","1975852662","0.0757576"
"1975852662","1966523299","0.0757576"
"1966523299","2004348747","0.152681"
"2004348747","1966523299","0.152681"
"1966523299","2020430012","0.0757576"
"2020430012","1966523299","0.0757576"
"1966523299","2025629941","0.0757576"
"2025629941","1966523299","0.0757576"
"1966523299","2063458030","0.16469"
"2063458030","1966523299","0.16469"
"1966523299","2170222401","0.0757576"
"2170222401","1966523299","0.0757576"
"1966523299","2185116960","0.030303"
"2185116960","1966523299","0.030303"
"1966523299","2214895640","0.0757576"
"2214895640","1966523299","0.0757576"
"1966523299","2773125201","0.152681"
"2773125201","1966523299","0.152681"
"1966523299","39930566","0.0737813"
"39930566","1966523299","0.0737813"
"1975852662","1976960244","0.286075"
"1976960244","1975852662","0.286075"
"1975852662","1994869424","0.286075"
"1994869424","1975852662","0.286075"
"1975852662","2000869060","0.0757576"
"2000869060","1975852662","0.0757576"
"1975852662","2004348747","0.0757576"
"2004348747","1975852662","0.0757576"
"1975852662","2020430012","0.286075"
"2020430012","1975852662","0.286075"
"1975852662","2025629941","9.78607"
"2025629941","1975852662","9.78607"
"1975852662","2027625938","0.0757576"
"2027625938","1975852662","0.0757576"
"1975852662","2050425142","0.286075"
"2050425142","1975852662","0.286075"
"1975852662","2063458030","0.030303"
"2063458030","1975852662","0.030303"
"1975852662","2089156695","0.131313"
"2089156695","1975852662","0.131313"
"1975852662","2098567301","0.157287"
"2098567301","1975852662","0.157287"
"1975852662","2098704456","0.286075"
"2098704456","1975852662","0.286075"
"1975852662","2103328958","0.0757576"
"2103328958","1975852662","0.0757576"
"1975852662","2117759566","0.030303"
"2117759566","1975852662","0.030303"
"1975852662","2118009276","0.0858586"
"2118009276","1975852662","0.0858586"
"1975852662","2120160105","0.030303"
"2120160105","1975852662","0.030303"
"1975852662","2121148202","0.214646"
"2121148202","1975852662","0.214646"
"1975852662","2124604413","0.030303"
"2124604413","1975852662","0.030303"
"1975852662","2147889085","0.030303"
"2147889085","1975852662","0.030303"
"1975852662","2154525907","0.131313"
"2154525907","1975852662","0.131313"
"1975852662","2160810291","0.24062"
"2160810291","1975852662","0.24062"
"1975852662","2170222401","0.286075"
"2170222401","1975852662","0.286075"
"1975852662","2185116960","3.74062"
"2185116960","1975852662","3.74062"
"1975852662","2195423002","2.21465"
"2195423002","1975852662","2.21465"
"1975852662","2214895640","0.202742"
"2214895640","1975852662","0.202742"
"1975852662","2474580980","0.131313"
"2474580980","1975852662","0.131313"
"1975852662","2546521646","0.030303"
"2546521646","1975852662","0.030303"
"1975852662","2594306307","0.030303"
"2594306307","1975852662","0.030303"
"1975852662","2773125201","0.0757576"
"2773125201","1975852662","0.0757576"
"1975852662","39930566","0.101732"
"39930566","1975852662","0.101732"
"1976960244","2004348747","0.2003"
"2004348747","1976960244","0.2003"
"1976960244","2020430012","0.601551"
"2020430012","1976960244","0.601551"
"1976960244","2025629941","0.286075"
"2025629941","1976960244","0.286075"
"1976960244","2063458030","0.16469"
"2063458030","1976960244","0.16469"
"1976960244","2170222401","0.486075"
"2170222401","1976960244","0.486075"
"1976960244","2185116960","0.24062"
"2185116960","1976960244","0.24062"
"1976960244","2214895640","0.345599"
"2214895640","1976960244","0.345599"
"1976960244","2773125201","0.152681"
"2773125201","1976960244","0.152681"
"1994869424","2004348747","0.343157"
"2004348747","1994869424","0.343157"
"1994869424","2020430012","0.601551"
"2020430012","1994869424","0.601551"
"1994869424","2025629941","0.286075"
"2025629941","1994869424","0.286075"
"1994869424","2063458030","0.248024"
"2063458030","1994869424","0.248024"
"1994869424","2170222401","15.7361"
"2170222401","1994869424","15.7361"
"1994869424","2185116960","0.74062"
"2185116960","1994869424","0.74062"
"1994869424","2214895640","0.545599"
"2214895640","1994869424","0.545599"
"1994869424","2773125201","0.152681"
"2773125201","1994869424","0.152681"
"2000869060","2004348747","0.0757576"
"2004348747","2000869060","0.0757576"
"2000869060","2020430012","0.0757576"
"2020430012","2000869060","0.0757576"
"2000869060","2025629941","0.0757576"
"2025629941","2000869060","0.0757576"
"2000869060","2063458030","0.157115"
"2063458030","2000869060","0.157115"
"2000869060","2170222401","0.0757576"
"2170222401","2000869060","0.0757576"
"2000869060","2185116960","0.030303"
"2185116960","2000869060","0.030303"
"2000869060","2214895640","0.0757576"
"2214895640","2000869060","0.0757576"
"2000869060","2773125201","0.0757576"
"2773125201","2000869060","0.0757576"
"2000869060","39930566","1.90711"
"39930566","2000869060","1.90711"
"2004348747","2020430012","0.123377"
"2020430012","2004348747","0.123377"
"2004348747","2025629941","0.0757576"
"2025629941","2004348747","0.0757576"
"2004348747","2027625938","0.0757576"
"2027625938","2004348747","0.0757576"
"2004348747","2050425142","0.2003"
"2050425142","2004348747","0.2003"
"2004348747","2063458030","0.563636"
"2063458030","2004348747","0.563636"
"2004348747","2089156695","0.123377"
"2089156695","2004348747","0.123377"
"2004348747","2098567301","0.297702"
"2098567301","2004348747","0.297702"
"2004348747","2098704456","0.343157"
"2098704456","2004348747","0.343157"
"2004348747","2103328958","0.352681"
"2103328958","2004348747","0.352681"
"2004348747","2117759566","0.220779"
"2117759566","2004348747","0.220779"
"2004348747","2118009276","0.0779221"
"2118009276","2004348747","0.0779221"
"2004348747","2120160105","0.411255"
"2120160105","2004348747","0.411255"
"2004348747","2121148202","0.123377"
"2121148202","2004348747","0.123377"
"2004348747","2124604413","0.327922"
"2124604413","2004348747","0.327922"
"2004348747","2145723333","0.123377"
"2145723333","2004348747","0.123377"
"2004348747","2147889085","0.497702"
"2147889085","2004348747","0.497702"
"2004348747","2154525907","0.2003"
"2154525907","2004348747","0.2003"
"2004348747","2160810291","0.030303"
"2160810291","2004348747","0.030303"
"2004348747","2170222401","0.0757576"
"2170222401","2004348747","0.0757576"
"2004348747","2185116960","0.030303"
"2185116960","2004348747","0.030303"
"2004348747","2195423002","0.275758"
"2195423002","2004348747","0.275758"
"2004348747","2214895640","0.0757576"
"2214895640","2004348747","0.0757576"
"2004348747","2474580980","0.2003"
"2474580980","2004348747","0.2003"
"2004348747","2546521646","0.547702"
"2546521646","2004348747","0.547702"
"2004348747","2594306307","0.470779"
"2594306307","2004348747","0.470779"
"2004348747","2773125201","10.936"
"2773125201","2004348747","10.936"
"2004348747","39930566","0.0779221"
"39930566","2004348747","0.0779221"
"2020430012","2025629941","0.286075"
"2025629941","2020430012","0.286075"
"2020430012","2027625938","0.0757576"
"2027625938","2020430012","0.0757576"
"2020430012","2050425142","0.601551"
"2050425142","2020430012","0.601551"
"2020430012","2063458030","0.030303"
"2063458030","2020430012","0.030303"
"2020430012","2089156695","0.321789"
"2089156695","2020430012","0.321789"
"2020430012","2098567301","0.329906"
"2098567301","2020430012","0.329906"
"2020430012","2098704456","0.601551"
"2098704456","2020430012","0.601551"
"2020430012","2103328958","0.0757576"
"2103328958","2020430012","0.0757576"
"2020430012","2117759566","1.07792"
"2117759566","2020430012","1.07792"
"2020430012","2118009276","0.133478"
"2118009276","2020430012","0.133478"
"2020430012","2120160105","0.0779221"
"2120160105","2020430012","0.0779221"
"2020430012","2121148202","0.262266"
"2121148202","2020430012","0.262266"
"2020430012","2124604413","0.0779221"
"2124604413","2020430012","0.0779221"
"2020430012","2145723333","3.60155"
"2145723333","2020430012","3.60155"
"2020430012","2147889085","0.0779221"
"2147889085","2020430012","0.0779221"
"2020430012","2154525907","0.178932"
"2154525907","2020430012","0.178932"
"2020430012","2160810291","0.24062"
"2160810291","2020430012","0.24062"
"2020430012","2170222401","0.286075"
"2170222401","2020430012","0.286075"
"2020430012","2185116960","2.24062"
"2185116960","2020430012","2.24062"
"2020430012","2195423002","0.214646"
"2195423002","2020430012","0.214646"
"2020430012","2214895640","1.3456"
"2214895640","2020430012","1.3456"
"2020430012","2474580980","0.178932"
"2474580980","2020430012","0.178932"
"2020430012","2546521646","0.202922"
"2546521646","2020430012","0.202922"
"2020430012","2594306307","0.0779221"
"2594306307","2020430012","0.0779221"
"2020430012","2773125201","0.0757576"
"2773125201","2020430012","0.0757576"
"2020430012","39930566","0.149351"
"39930566","2020430012","0.149351"
"2025629941","2027625938","0.0757576"
"2027625938","2025629941","0.0757576"
"2025629941","2050425142","0.286075"
"2050425142","2025629941","0.286075"
"2025629941","2063458030","0.030303"
"2063458030","2025629941","0.030303"
"2025629941","2089156695","0.131313"
"2089156695","2025629941","0.131313"
"2025629941","2098567301","0.157287"
"2098567301","2025629941","0.157287"
"2025629941","2098704456","0.286075"
"2098704456","2025629941","0.286075"
"2025629941","2103328958","0.0757576"
"2103328958","2025629941","0.0757576"
"2025629941","2117759566","0.030303"
"2117759566","2025629941","0.030303"
"2025629941","2118009276","0.0858586"
"2118009276","2025629941","0.0858586"
"2025629941","2120160105","0.030303"
"2120160105","2025629941","0.030303"
"2025629941","2121148202","0.214646"
"2121148202","2025629941","0.214646"
"2025629941","2124604413","0.030303"
"2124604413","2025629941","0.030303"
"2025629941","2145723333","0.286075"
"2145723333","2025629941","0.286075"
"2025629941","2147889085","0.030303"
"2147889085","2025629941","0.030303"
"2025629941","2154525907","0.131313"
"2154525907","2025629941","0.131313"
"2025629941","2160810291","0.24062"
"2160810291","2025629941","0.24062"
"2025629941","2170222401","0.286075"
"2170222401","2025629941","0.286075"
"2025629941","2185116960","2.74062"
"2185116960","2025629941","2.74062"
"2025629941","2195423002","0.214646"
"2195423002","2025629941","0.214646"
"2025629941","2214895640","0.202742"
"2214895640","2025629941","0.202742"
"2025629941","2474580980","0.131313"
"2474580980","2025629941","0.131313"
"2025629941","2546521646","0.030303"
"2546521646","2025629941","0.030303"
"2025629941","2594306307","0.030303"
"2594306307","2025629941","0.030303"
"2025629941","2773125201","0.0757576"
"2773125201","2025629941","0.0757576"
"2025629941","39930566","0.101732"
"39930566","2025629941","0.101732"
"2027625938","2063458030","0.0737813"
"2063458030","2027625938","0.0737813"
"2027625938","2170222401","0.0757576"
"2170222401","2027625938","0.0757576"
"2027625938","2185116960","0.030303"
"2185116960","2027625938","0.030303"
"2027625938","2214895640","0.409091"
"2214895640","2027625938","0.409091"
"2027625938","2773125201","0.0757576"
"2773125201","2027625938","0.0757576"
"2027625938","39930566","0.573781"
"39930566","2027625938","0.573781"
"2050425142","2063458030","0.030303"
"2063458030","2050425142","0.030303"
"2050425142","2170222401","0.736075"
"2170222401","2050425142","0.736075"
"2050425142","2185116960","0.24062"
"2185116960","2050425142","0.24062"
"2050425142","2214895640","0.345599"
"2214895640","2050425142","0.345599"
"2050425142","2773125201","0.152681"
"2773125201","2050425142","0.152681"
"2063458030","2089156695","0.248024"
"2089156695","2063458030","0.248024"
"2063458030","2098567301","0.030303"
"2098567301","2063458030","0.030303"
"2063458030","2098704456","0.248024"
"2098704456","2063458030","0.248024"
"2063458030","2103328958","0.781357"
"2103328958","2063458030","0.781357"
"2063458030","2117759566","0.498024"
"2117759566","2063458030","0.498024"
"2063458030","2118009276","0.407115"
"2118009276","2063458030","0.407115"
"2063458030","2120160105","0.787879"
"2120160105","2063458030","0.787879"
"2063458030","2121148202","0.0737813"
"2121148202","2063458030","0.0737813"
"2063458030","2124604413","0.0737813"
"2124604413","2063458030","0.0737813"
"2063458030","2145723333","0.157115"
"2145723333","2063458030","0.157115"
"2063458030","2147889085","0.273781"
"2147889085","2063458030","0.273781"
"2063458030","2154525907","0.831357"
"2154525907","2063458030","0.831357"
"2063458030","2160810291","1.16469"
"2160810291","2063458030","1.16469"
"2063458030","2170222401","0.030303"
"2170222401","2063458030","0.030303"
"2063458030","2185116960","0.030303"
"2185116960","2063458030","0.030303"
"2063458030","2195423002","0.273781"
"2195423002","2063458030","0.273781"
"2063458030","2214895640","0.030303"
"2214895640","2063458030","0.030303"
"2063458030","2474580980","0.581357"
"2474580980","2063458030","0.581357"
"2063458030","2546521646","0.0737813"
"2546521646","2063458030","0.0737813"
"2063458030","2594306307","0.0737813"
"2594306307","2063458030","0.0737813"
"2063458030","2773125201","0.563636"
"2773125201","2063458030","0.563636"
"2063458030","39930566","0.740448"
"39930566","2063458030","0.740448"
"2089156695","2170222401","0.131313"
"2170222401","2089156695","0.131313"
"2089156695","2185116960","0.0858586"
"2185116960","2089156695","0.0858586"
"2089156695","2214895640","0.27417"
"2214895640","2089156695","0.27417"
"2089156695","2773125201","0.0757576"
"2773125201","2089156695","0.0757576"
"2089156695","39930566","0.204734"
"39930566","2089156695","0.204734"
"2098567301","2170222401","0.607287"
"2170222401","2098567301","0.607287"
"2098567301","2185116960","0.157287"
"2185116960","2098567301","0.157287"
"2098567301","2214895640","0.157287"
"2214895640","2098567301","0.157287"
"2098567301","2773125201","0.107226"
"2773125201","2098567301","0.107226"
"2098567301","39930566","0.149351"
"39930566","2098567301","0.149351"
"2098704456","2170222401","0.486075"
"2170222401","2098704456","0.486075"
"2098704456","2185116960","0.24062"
"2185116960","2098704456","0.24062"
"2098704456","2214895640","0.545599"
"2214895640","2098704456","0.545599"
"2098704456","2773125201","0.152681"
"2773125201","2098704456","0.152681"
"2098704456","39930566","0.276162"
"39930566","2098704456","0.276162"
"2103328958","2170222401","0.0757576"
"2170222401","2103328958","0.0757576"
"2103328958","2185116960","0.030303"
"2185116960","2103328958","0.030303"
"2103328958","2214895640","0.325758"
"2214895640","2103328958","0.325758"
"2103328958","2773125201","0.352681"
"2773125201","2103328958","0.352681"
"2103328958","39930566","0.490448"
"39930566","2103328958","0.490448"
"2117759566","2170222401","0.030303"
"2170222401","2117759566","0.030303"
"2117759566","2185116960","0.030303"
"2185116960","2117759566","0.030303"
"2117759566","2214895640","0.230303"
"2214895640","2117759566","0.230303"
"2117759566","2773125201","0.030303"
"2773125201","2117759566","0.030303"
"2117759566","39930566","2.8214"
"39930566","2117759566","2.8214"
"2118009276","2170222401","0.0858586"
"2170222401","2118009276","0.0858586"
"2118009276","2185116960","0.0858586"
"2185116960","2118009276","0.0858586"
"2118009276","2214895640","0.0858586"
"2214895640","2118009276","0.0858586"
"2120160105","2170222401","0.030303"
"2170222401","2120160105","0.030303"
"2120160105","2185116960","0.030303"
"2185116960","2120160105","0.030303"
"2120160105","2214895640","0.030303"
"2214895640","2120160105","0.030303"
"2121148202","2170222401","0.214646"
"2170222401","2121148202","0.214646"
"2121148202","2185116960","0.169192"
"2185116960","2121148202","0.169192"
"2121148202","2214895640","0.131313"
"2214895640","2121148202","0.131313"
"2121148202","2773125201","0.0757576"
"2773125201","2121148202","0.0757576"
"2121148202","39930566","0.1214"
"39930566","2121148202","0.1214"
"2124604413","2170222401","0.030303"
"2170222401","2124604413","0.030303"
"2124604413","2185116960","0.030303"
"2185116960","2124604413","0.030303"
"2124604413","2214895640","0.141414"
"2214895640","2124604413","0.141414"
"2124604413","2773125201","0.391414"
"2773125201","2124604413","0.391414"
"2124604413","39930566","0.1214"
"39930566","2124604413","0.1214"
"2145723333","2170222401","1.03607"
"2170222401","2145723333","1.03607"
"2145723333","2185116960","0.24062"
"2185116960","2145723333","0.24062"
"2145723333","2214895640","2.3456"
"2214895640","2145723333","2.3456"
"2145723333","2773125201","0.0757576"
"2773125201","2145723333","0.0757576"
"2145723333","39930566","0.276162"
"39930566","2145723333","0.276162"
"2147889085","2170222401","0.030303"
"2170222401","2147889085","0.030303"
"2147889085","2185116960","0.030303"
"2185116960","2147889085","0.030303"
"2147889085","2214895640","0.280303"
"2214895640","2147889085","0.280303"
"2147889085","2773125201","0.307226"
"2773125201","2147889085","0.307226"
"2147889085","39930566","0.1214"
"39930566","2147889085","0.1214"
"2154525907","2170222401","0.131313"
"2170222401","2154525907","0.131313"
"2154525907","2185116960","0.0858586"
"2185116960","2154525907","0.0858586"
"2154525907","2214895640","0.331313"
"2214895640","2154525907","0.331313"
"2160810291","2170222401","0.24062"
"2170222401","2160810291","0.24062"
"2160810291","2185116960","0.24062"
"2185116960","2160810291","0.24062"
"2160810291","2214895640","0.157287"
"2214895640","2160810291","0.157287"
"2160810291","2773125201","0.030303"
"2773125201","2160810291","0.030303"
"2160810291","39930566","0.14521"
"39930566","2160810291","0.14521"
"2170222401","2185116960","0.74062"
"2185116960","2170222401","0.74062"
"2170222401","2195423002","0.214646"
"2195423002","2170222401","0.214646"
"2170222401","2214895640","0.202742"
"2214895640","2170222401","0.202742"
"2170222401","2474580980","0.131313"
"2474580980","2170222401","0.131313"
"2170222401","2546521646","0.030303"
"2546521646","2170222401","0.030303"
"2170222401","2594306307","0.030303"
"2594306307","2170222401","0.030303"
"2170222401","2773125201","0.0757576"
"2773125201","2170222401","0.0757576"
"2170222401","39930566","0.101732"
"39930566","2170222401","0.101732"
"2185116960","2195423002","2.16919"
"2195423002","2185116960","2.16919"
"2185116960","2214895640","1.15729"
"2214895640","2185116960","1.15729"
"2185116960","2474580980","0.0858586"
