"108693556","2009788656","3.65"
"2009788656","108693556","3.65"
"108693556","2172201672","3.31667"
"2172201672","108693556","3.31667"
"2009788656","2172201672","25.8444"
"2172201672","2009788656","25.8444"
"108693556","1870380066","0.333333"
"1870380066","108693556","0.333333"
"1870380066","2009788656","0.333333"
"2009788656","1870380066","0.333333"
"1870380066","2172201672","0.333333"
"2172201672","1870380066","0.333333"
"108693556","1502374275","0.0666667"
"1502374275","108693556","0.0666667"
"108693556","1591758264","0.65"
"1591758264","108693556","0.65"
"108693556","1600735852","0.0666667"
"1600735852","108693556","0.0666667"
"108693556","1660202170","0.0666667"
"1660202170","108693556","0.0666667"
"108693556","182170734","0.0666667"
"182170734","108693556","0.0666667"
"108693556","1909618879","0.0666667"
"1909618879","108693556","0.0666667"
"108693556","2019730838","0.0666667"
"2019730838","108693556","0.0666667"
"108693556","2100864493","0.0666667"
"2100864493","108693556","0.0666667"
"108693556","2157867633","0.0666667"
"2157867633","108693556","0.0666667"
"108693556","2160522235","0.0666667"
"2160522235","108693556","0.0666667"
"108693556","2164746077","0.0666667"
"2164746077","108693556","0.0666667"
"108693556","2167312525","0.0666667"
"2167312525","108693556","0.0666667"
"108693556","2168169810","0.0666667"
"2168169810","108693556","0.0666667"
"1502374275","1591758264","0.0666667"
"1591758264","1502374275","0.0666667"
"1502374275","1600735852","0.0666667"
"1600735852","1502374275","0.0666667"
"1502374275","1660202170","0.433333"
"1660202170","1502374275","0.433333"
"1502374275","182170734","0.320635"
"182170734","1502374275","0.320635"
"1502374275","1909618879","0.409524"
"1909618879","1502374275","0.409524"
"1502374275","2009788656","0.233333"
"2009788656","1502374275","0.233333"
"1502374275","2019730838","0.191667"
"2019730838","1502374275","0.191667"
"1502374275","2100864493","0.0666667"
"2100864493","1502374275","0.0666667"
"1502374275","2157867633","1.51111"
"2157867633","1502374275","1.51111"
"1502374275","2160522235","0.177778"
"2160522235","1502374275","0.177778"
"1502374275","2164746077","0.0666667"
"2164746077","1502374275","0.0666667"
"1502374275","2167312525","0.177778"
"2167312525","1502374275","0.177778"
"1502374275","2168169810","0.191667"
"2168169810","1502374275","0.191667"
"1502374275","2172201672","0.233333"
"2172201672","1502374275","0.233333"
"1591758264","1600735852","0.209524"
"1600735852","1591758264","0.209524"
"1591758264","1660202170","0.0666667"
"1660202170","1591758264","0.0666667"
"1591758264","182170734","0.0666667"
"182170734","1591758264","0.0666667"
"1591758264","1909618879","0.37619"
"1909618879","1591758264","0.37619"
"1591758264","2009788656","1.98333"
"2009788656","1591758264","1.98333"
"1591758264","2019730838","0.209524"
"2019730838","1591758264","0.209524"
"1591758264","2100864493","0.0666667"
"2100864493","1591758264","0.0666667"
"1591758264","2157867633","0.0666667"
"2157867633","1591758264","0.0666667"
"1591758264","2160522235","0.0666667"
"2160522235","1591758264","0.0666667"
"1591758264","2164746077","0.0666667"
"2164746077","1591758264","0.0666667"
"1591758264","2167312525","0.0666667"
"2167312525","1591758264","0.0666667"
"1591758264","2168169810","0.233333"
"2168169810","1591758264","0.233333"
"1591758264","2172201672","1.98333"
"2172201672","1591758264","1.98333"
"1600735852","1660202170","0.0666667"
"1660202170","1600735852","0.0666667"
"1600735852","182170734","0.0666667"
"182170734","1600735852","0.0666667"
"1600735852","1909618879","0.842857"
"1909618879","1600735852","0.842857"
"1600735852","2009788656","0.0666667"
"2009788656","1600735852","0.0666667"
"1600735852","2019730838","0.452381"
"2019730838","1600735852","0.452381"
"1600735852","2100864493","2.15758"
"2100864493","1600735852","2.15758"
"1600735852","2157867633","0.642857"
"2157867633","1600735852","0.642857"
"1600735852","2160522235","0.0666667"
"2160522235","1600735852","0.0666667"
"1600735852","2164746077","0.0666667"
"2164746077","1600735852","0.0666667"
"1600735852","2167312525","0.0666667"
"2167312525","1600735852","0.0666667"
"1600735852","2168169810","0.642857"
"2168169810","1600735852","0.642857"
"1600735852","2172201672","0.0666667"
"2172201672","1600735852","0.0666667"
"1660202170","182170734","0.166667"
"182170734","1660202170","0.166667"
"1660202170","1909618879","0.0666667"
"1909618879","1660202170","0.0666667"
"1660202170","2009788656","0.0666667"
"2009788656","1660202170","0.0666667"
"1660202170","2019730838","0.0666667"
"2019730838","1660202170","0.0666667"
"1660202170","2100864493","0.0666667"
"2100864493","1660202170","0.0666667"
"1660202170","2157867633","0.0666667"
"2157867633","1660202170","0.0666667"
"1660202170","2160522235","0.0666667"
"2160522235","1660202170","0.0666667"
"1660202170","2164746077","0.0666667"
"2164746077","1660202170","0.0666667"
"1660202170","2167312525","0.0666667"
"2167312525","1660202170","0.0666667"
"1660202170","2168169810","0.0666667"
"2168169810","1660202170","0.0666667"
"1660202170","2172201672","0.0666667"
"2172201672","1660202170","0.0666667"
"182170734","1909618879","0.209524"
"1909618879","182170734","0.209524"
"182170734","2009788656","0.0666667"
"2009788656","182170734","0.0666667"
"182170734","2019730838","0.0666667"
"2019730838","182170734","0.0666667"
"182170734","2100864493","0.0666667"
"2100864493","182170734","0.0666667"
"182170734","2157867633","0.177778"
"2157867633","182170734","0.177778"
"182170734","2160522235","0.177778"
"2160522235","182170734","0.177778"
"182170734","2164746077","0.0666667"
"2164746077","182170734","0.0666667"
"182170734","2167312525","0.177778"
"2167312525","182170734","0.177778"
"182170734","2168169810","0.0666667"
"2168169810","182170734","0.0666667"
"182170734","2172201672","0.0666667"
"2172201672","182170734","0.0666667"
"1909618879","2009788656","0.0666667"
"2009788656","1909618879","0.0666667"
"1909618879","2019730838","0.509524"
"2019730838","1909618879","0.509524"
"1909618879","2100864493","0.157576"
"2100864493","1909618879","0.157576"
"1909618879","2157867633","0.166667"
"2157867633","1909618879","0.166667"
"1909618879","2160522235","0.209524"
"2160522235","1909618879","0.209524"
"1909618879","2164746077","0.209524"
"2164746077","1909618879","0.209524"
"1909618879","2167312525","0.0666667"
"2167312525","1909618879","0.0666667"
"1909618879","2168169810","0.47619"
"2168169810","1909618879","0.47619"
"1909618879","2172201672","0.209524"
"2172201672","1909618879","0.209524"
"2009788656","2019730838","0.566667"
"2019730838","2009788656","0.566667"
"2009788656","2100864493","0.0666667"
"2100864493","2009788656","0.0666667"
"2009788656","2157867633","0.0666667"
"2157867633","2009788656","0.0666667"
"2009788656","2160522235","0.0666667"
"2160522235","2009788656","0.0666667"
"2009788656","2164746077","0.0666667"
"2164746077","2009788656","0.0666667"
"2009788656","2167312525","0.0666667"
"2167312525","2009788656","0.0666667"
"2009788656","2168169810","0.0666667"
"2168169810","2009788656","0.0666667"
"2019730838","2100864493","1.06667"
"2100864493","2019730838","1.06667"
"2019730838","2157867633","0.309524"
"2157867633","2019730838","0.309524"
"2019730838","2160522235","0.0666667"
"2160522235","2019730838","0.0666667"
"2019730838","2164746077","0.0666667"
"2164746077","2019730838","0.0666667"
"2019730838","2167312525","0.177778"
"2167312525","2019730838","0.177778"
"2019730838","2168169810","0.795635"
"2168169810","2019730838","0.795635"
"2019730838","2172201672","0.566667"
"2172201672","2019730838","0.566667"
"2100864493","2157867633","0.266667"
"2157867633","2100864493","0.266667"
"2100864493","2160522235","0.0666667"
"2160522235","2100864493","0.0666667"
"2100864493","2164746077","0.0666667"
"2164746077","2100864493","0.0666667"
"2100864493","2167312525","0.766667"
"2167312525","2100864493","0.766667"
"2100864493","2168169810","0.0666667"
"2168169810","2100864493","0.0666667"
"2100864493","2172201672","0.0666667"
"2172201672","2100864493","0.0666667"
"2157867633","2160522235","0.177778"
"2160522235","2157867633","0.177778"
"2157867633","2164746077","0.0666667"
"2164746077","2157867633","0.0666667"
"2157867633","2167312525","7.1373"
"2167312525","2157867633","7.1373"
"2157867633","2168169810","0.842857"
"2168169810","2157867633","0.842857"
"2157867633","2172201672","0.0666667"
"2172201672","2157867633","0.0666667"
"2160522235","2164746077","0.209524"
"2164746077","2160522235","0.209524"
"2160522235","2167312525","0.511111"
"2167312525","2160522235","0.511111"
"2160522235","2168169810","0.209524"
"2168169810","2160522235","0.209524"
"2160522235","2172201672","0.209524"
"2172201672","2160522235","0.209524"
"2164746077","2167312525","0.0666667"
"2167312525","2164746077","0.0666667"
"2164746077","2168169810","2.79286"
"2168169810","2164746077","2.79286"
"2164746077","2172201672","0.209524"
"2172201672","2164746077","0.209524"
"2167312525","2168169810","0.511111"
"2168169810","2167312525","0.511111"
"2167312525","2172201672","0.0666667"
"2172201672","2167312525","0.0666667"
"2168169810","2172201672","0.209524"
"2172201672","2168169810","0.209524"
"108693556","2102308007","0.333333"
"2102308007","108693556","0.333333"
"2009788656","2102308007","0.583333"
"2102308007","2009788656","0.583333"
"2102308007","2172201672","0.583333"
"2172201672","2102308007","0.583333"
"108693556","2170610499","0.583333"
"2170610499","108693556","0.583333"
"1591758264","2170610499","0.25"
"2170610499","1591758264","0.25"
"2009788656","2170610499","0.583333"
"2170610499","2009788656","0.583333"
"2170610499","2172201672","0.25"
"2172201672","2170610499","0.25"
"108693556","1483205977","0.333333"
"1483205977","108693556","0.333333"
"1483205977","2009788656","0.333333"
"2009788656","1483205977","0.333333"
"1483205977","2170610499","0.333333"
"2170610499","1483205977","0.333333"
"125775717","1717366613","0.111111"
"1717366613","125775717","0.111111"
"125775717","1870380066","0.111111"
"1870380066","125775717","0.111111"
"125775717","1911710854","0.111111"
"1911710854","125775717","0.111111"
"125775717","1968566744","0.111111"
"1968566744","125775717","0.111111"
"125775717","2019730838","1.11111"
"2019730838","125775717","1.11111"
"125775717","2167312525","0.111111"
"2167312525","125775717","0.111111"
"125775717","2168169810","0.111111"
"2168169810","125775717","0.111111"
"125775717","2188062985","0.111111"
"2188062985","125775717","0.111111"
"125775717","2233993919","0.111111"
"2233993919","125775717","0.111111"
"1717366613","1870380066","0.420635"
"1870380066","1717366613","0.420635"
"1717366613","1911710854","0.777778"
"1911710854","1717366613","0.777778"
"1717366613","1968566744","0.111111"
"1968566744","1717366613","0.111111"
"1717366613","2019730838","0.253968"
"2019730838","1717366613","0.253968"
"1717366613","2167312525","0.444444"
"2167312525","1717366613","0.444444"
"1717366613","2168169810","3.8373"
"2168169810","1717366613","3.8373"
"1717366613","2188062985","0.111111"
"2188062985","1717366613","0.111111"
"1717366613","2233993919","0.111111"
"2233993919","1717366613","0.111111"
"1870380066","1911710854","7.48611"
"1911710854","1870380066","7.48611"
"1870380066","1968566744","0.111111"
"1968566744","1870380066","0.111111"
"1870380066","2019730838","0.955159"
"2019730838","1870380066","0.955159"
"1870380066","2167312525","0.253968"
"2167312525","1870380066","0.253968"
"1870380066","2168169810","0.845635"
"2168169810","1870380066","0.845635"
"1870380066","2188062985","0.253968"
"2188062985","1870380066","0.253968"
"1870380066","2233993919","0.211111"
"2233993919","1870380066","0.211111"
"1911710854","1968566744","0.111111"
"1968566744","1911710854","0.111111"
"1911710854","2019730838","0.336111"
"2019730838","1911710854","0.336111"
"1911710854","2167312525","0.111111"
"2167312525","1911710854","0.111111"
"1911710854","2168169810","0.536111"
"2168169810","1911710854","0.536111"
"1911710854","2188062985","0.111111"
"2188062985","1911710854","0.111111"
"1911710854","2233993919","0.211111"
"2233993919","1911710854","0.211111"
"1968566744","2019730838","0.111111"
"2019730838","1968566744","0.111111"
"1968566744","2167312525","0.111111"
"2167312525","1968566744","0.111111"
"1968566744","2168169810","0.253968"
"2168169810","1968566744","0.253968"
"1968566744","2188062985","0.111111"
"2188062985","1968566744","0.111111"
"1968566744","2233993919","0.111111"
"2233993919","1968566744","0.111111"
"2019730838","2188062985","0.111111"
"2188062985","2019730838","0.111111"
"2019730838","2233993919","0.211111"
"2233993919","2019730838","0.211111"
"2167312525","2188062985","2.7873"
"2188062985","2167312525","2.7873"
"2167312525","2233993919","0.361111"
"2233993919","2167312525","0.361111"
"2168169810","2188062985","0.111111"
"2188062985","2168169810","0.111111"
"2168169810","2233993919","0.211111"
"2233993919","2168169810","0.211111"
"2188062985","2233993919","0.111111"
"2233993919","2188062985","0.111111"
"125775717","1579458556","1"
"1579458556","125775717","1"
"12886010","1604475812","0.666667"
"1604475812","12886010","0.666667"
"12886010","2133821701","0.666667"
"2133821701","12886010","0.666667"
"1604475812","2133821701","1.76667"
"2133821701","1604475812","1.76667"
"12886010","1497036643","0.166667"
"1497036643","12886010","0.166667"
"12886010","1502374275","0.333333"
"1502374275","12886010","0.333333"
"12886010","1660202170","0.166667"
"1660202170","12886010","0.166667"
"12886010","2139460891","0.166667"
"2139460891","12886010","0.166667"
"1497036643","1502374275","0.166667"
"1502374275","1497036643","0.166667"
"1497036643","1604475812","1.26667"
"1604475812","1497036643","1.26667"
"1497036643","1660202170","0.266667"
"1660202170","1497036643","0.266667"
"1497036643","2133821701","0.266667"
"2133821701","1497036643","0.266667"
"1497036643","2139460891","0.166667"
"2139460891","1497036643","0.166667"
"1502374275","1604475812","0.309524"
"1604475812","1502374275","0.309524"
"1502374275","2133821701","0.402778"
"2133821701","1502374275","0.402778"
"1502374275","2139460891","0.166667"
"2139460891","1502374275","0.166667"
"1604475812","1660202170","0.266667"
"1660202170","1604475812","0.266667"
"1604475812","2139460891","0.166667"
"2139460891","1604475812","0.166667"
"1660202170","2133821701","0.266667"
"2133821701","1660202170","0.266667"
"1660202170","2139460891","0.166667"
"2139460891","1660202170","0.166667"
"2133821701","2139460891","0.166667"
"2139460891","2133821701","0.166667"
"12886010","134343336","0.166667"
"134343336","12886010","0.166667"
"12886010","2007562156","0.166667"
"2007562156","12886010","0.166667"
"12886010","2009788656","0.166667"
"2009788656","12886010","0.166667"
"12886010","2163272338","0.166667"
"2163272338","12886010","0.166667"
"12886010","2172201672","0.166667"
"2172201672","12886010","0.166667"
"134343336","1502374275","0.309524"
"1502374275","134343336","0.309524"
"134343336","2007562156","0.166667"
"2007562156","134343336","0.166667"
"134343336","2009788656","0.166667"
"2009788656","134343336","0.166667"
"134343336","2163272338","3.64286"
"2163272338","134343336","3.64286"
"134343336","2172201672","0.166667"
"2172201672","134343336","0.166667"
"1502374275","2007562156","0.366667"
"2007562156","1502374275","0.366667"
"1502374275","2163272338","0.309524"
"2163272338","1502374275","0.309524"
"2007562156","2009788656","0.166667"
"2009788656","2007562156","0.166667"
"2007562156","2163272338","0.166667"
"2163272338","2007562156","0.166667"
"2007562156","2172201672","0.166667"
"2172201672","2007562156","0.166667"
"2009788656","2163272338","0.166667"
"2163272338","2009788656","0.166667"
"2163272338","2172201672","0.166667"
"2172201672","2163272338","0.166667"
"12886010","2170610499","1"
"2170610499","12886010","1"
"134343336","2160522235","1"
"2160522235","134343336","1"
"2160522235","2163272338","1"
"2163272338","2160522235","1"
"134343336","192221291","0.47619"
"192221291","134343336","0.47619"
"134343336","2170610499","0.333333"
"2170610499","134343336","0.333333"
"192221291","2163272338","0.47619"
"2163272338","192221291","0.47619"
"192221291","2170610499","0.833333"
"2170610499","192221291","0.833333"
"2163272338","2170610499","0.333333"
"2170610499","2163272338","0.333333"
"134343336","1578109354","0.142857"
"1578109354","134343336","0.142857"
"134343336","1604475812","0.142857"
"1604475812","134343336","0.142857"
"134343336","182170734","0.142857"
"182170734","134343336","0.142857"
"134343336","1909618879","0.142857"
"1909618879","134343336","0.142857"
"1502374275","1578109354","1.27897"
"1578109354","1502374275","1.27897"
"1502374275","192221291","1.14286"
"192221291","1502374275","1.14286"
"1578109354","1604475812","0.242857"
"1604475812","1578109354","0.242857"
"1578109354","182170734","0.353968"
"182170734","1578109354","0.353968"
"1578109354","1909618879","0.342857"
"1909618879","1578109354","0.342857"
"1578109354","192221291","0.642857"
"192221291","1578109354","0.642857"
"1578109354","2163272338","0.142857"
"2163272338","1578109354","0.142857"
"1604475812","182170734","1.24286"
"182170734","1604475812","1.24286"
"1604475812","1909618879","0.142857"
"1909618879","1604475812","0.142857"
"1604475812","192221291","1.14286"
"192221291","1604475812","1.14286"
"1604475812","2163272338","0.142857"
"2163272338","1604475812","0.142857"
"182170734","192221291","1.14286"
"192221291","182170734","1.14286"
"182170734","2163272338","0.142857"
"2163272338","182170734","0.142857"
"1909618879","192221291","0.142857"
"192221291","1909618879","0.142857"
"1909618879","2163272338","0.142857"
"2163272338","1909618879","0.142857"
"1483205977","2949351135","1.3"
"2949351135","1483205977","1.3"
"1483205977","2100864493","0.257576"
"2100864493","1483205977","0.257576"
"1483205977","2479998739","2.40833"
"2479998739","1483205977","2.40833"
"1483205977","2619942151","0.257576"
"2619942151","1483205977","0.257576"
"1483205977","2912707270","0.5"
"2912707270","1483205977","0.5"
"1483205977","2980900822","0.257576"
"2980900822","1483205977","0.257576"
"1483205977","964687071","6.21591"
"964687071","1483205977","6.21591"
"2100864493","2479998739","0.166667"
"2479998739","2100864493","0.166667"
"2100864493","2619942151","0.257576"
"2619942151","2100864493","0.257576"
"2100864493","2912707270","0.166667"
"2912707270","2100864493","0.166667"
"2100864493","2980900822","0.257576"
"2980900822","2100864493","0.257576"
"2100864493","964687071","0.257576"
"964687071","2100864493","0.257576"
"2479998739","2619942151","0.166667"
"2619942151","2479998739","0.166667"
"2479998739","2912707270","0.866667"
"2912707270","2479998739","0.866667"
"2479998739","2980900822","0.166667"
"2980900822","2479998739","0.166667"
"2479998739","964687071","0.708333"
"964687071","2479998739","0.708333"
"2619942151","2912707270","0.166667"
"2912707270","2619942151","0.166667"
"2619942151","2980900822","6.09091"
"2980900822","2619942151","6.09091"
"2619942151","964687071","1.09091"
"964687071","2619942151","1.09091"
"2912707270","2980900822","0.166667"
"2980900822","2912707270","0.166667"
"2912707270","964687071","1.75"
"964687071","2912707270","1.75"
"2980900822","964687071","0.257576"
"964687071","2980900822","0.257576"
"1483205977","2405791534","2.625"
"2405791534","1483205977","2.625"
"2405791534","964687071","2.875"
"964687071","2405791534","2.875"
"1483205977","2767877278","2.43333"
"2767877278","1483205977","2.43333"
"2767877278","964687071","2.33333"
"964687071","2767877278","2.33333"
"1483205977","2143916531","1"
"2143916531","1483205977","1"
"1483205977","2443486955","1.04167"
"2443486955","1483205977","1.04167"
"1483205977","2584349149","1.13258"
"2584349149","1483205977","1.13258"
"2405791534","2443486955","0.625"
"2443486955","2405791534","0.625"
"2405791534","2584349149","1.125"
"2584349149","2405791534","1.125"
"2443486955","2584349149","6.125"
"2584349149","2443486955","6.125"
"2443486955","964687071","2.29167"
"964687071","2443486955","2.29167"
"2584349149","964687071","1.88258"
"964687071","2584349149","1.88258"
"1483205977","2512490571","2.79167"
"2512490571","1483205977","2.79167"
"1483205977","2233993919","0.833333"
"2233993919","1483205977","0.833333"
"2233993919","964687071","1.33333"
"964687071","2233993919","1.33333"
"2767877278","2912707270","0.833333"
"2912707270","2767877278","0.833333"
"2443486955","2512490571","4.45833"
"2512490571","2443486955","4.45833"
"1483205977","2167312525","0.5"
"2167312525","1483205977","0.5"
"2167312525","964687071","0.5"
"964687071","2167312525","0.5"
"1483205977","1579458556","0.2"
"1579458556","1483205977","0.2"
"1483205977","2188062985","0.45"
"2188062985","1483205977","0.45"
"1483205977","2402026604","0.2"
"2402026604","1483205977","0.2"
"1579458556","2188062985","1.34286"
"2188062985","1579458556","1.34286"
"1579458556","2402026604","0.342857"
"2402026604","1579458556","0.342857"
"1579458556","2479998739","0.2"
"2479998739","1579458556","0.2"
"1579458556","2949351135","2.04286"
"2949351135","1579458556","2.04286"
"2188062985","2402026604","0.342857"
"2402026604","2188062985","0.342857"
"2188062985","2479998739","0.45"
"2479998739","2188062985","0.45"
"2188062985","2949351135","0.342857"
"2949351135","2188062985","0.342857"
"2402026604","2479998739","0.2"
"2479998739","2402026604","0.2"
"2402026604","2949351135","0.342857"
"2949351135","2402026604","0.342857"
"2479998739","2949351135","0.533333"
"2949351135","2479998739","0.533333"
"1483205977","1756261662","0.0909091"
"1756261662","1483205977","0.0909091"
"1483205977","1909618879","0.190909"
"1909618879","1483205977","0.190909"
"1483205977","1968566744","0.0909091"
"1968566744","1483205977","0.0909091"
"1483205977","2278206731","1.09091"
"2278206731","1483205977","1.09091"
"1483205977","2401750056","0.0909091"
"2401750056","1483205977","0.0909091"
"1483205977","2767405066","0.257576"
"2767405066","1483205977","0.257576"
"1756261662","1909618879","0.0909091"
"1909618879","1756261662","0.0909091"
"1756261662","1968566744","0.424242"
"1968566744","1756261662","0.424242"
"1756261662","2100864493","0.0909091"
"2100864493","1756261662","0.0909091"
"1756261662","2278206731","0.0909091"
"2278206731","1756261662","0.0909091"
"1756261662","2401750056","3.75758"
"2401750056","1756261662","3.75758"
"1756261662","2584349149","0.0909091"
"2584349149","1756261662","0.0909091"
"1756261662","2619942151","0.0909091"
"2619942151","1756261662","0.0909091"
"1756261662","2767405066","0.0909091"
"2767405066","1756261662","0.0909091"
"1756261662","2980900822","0.0909091"
"2980900822","1756261662","0.0909091"
"1756261662","964687071","0.0909091"
"964687071","1756261662","0.0909091"
"1909618879","1968566744","0.233766"
"1968566744","1909618879","0.233766"
"1909618879","2278206731","4.5671"
"2278206731","1909618879","4.5671"
"1909618879","2401750056","0.0909091"
"2401750056","1909618879","0.0909091"
"1909618879","2584349149","0.190909"
"2584349149","1909618879","0.190909"
"1909618879","2619942151","0.424242"
"2619942151","1909618879","0.424242"
"1909618879","2767405066","0.290909"
"2767405066","1909618879","0.290909"
"1909618879","2980900822","1.09091"
"2980900822","1909618879","1.09091"
"1909618879","964687071","0.674242"
"964687071","1909618879","0.674242"
"1968566744","2100864493","0.0909091"
"2100864493","1968566744","0.0909091"
"1968566744","2278206731","0.233766"
"2278206731","1968566744","0.233766"
"1968566744","2401750056","0.424242"
"2401750056","1968566744","0.424242"
"1968566744","2584349149","0.0909091"
"2584349149","1968566744","0.0909091"
"1968566744","2619942151","0.0909091"
"2619942151","1968566744","0.0909091"
"1968566744","2767405066","0.0909091"
"2767405066","1968566744","0.0909091"
"1968566744","2980900822","0.0909091"
"2980900822","1968566744","0.0909091"
"1968566744","964687071","0.0909091"
"964687071","1968566744","0.0909091"
"2100864493","2278206731","1.18182"
"2278206731","2100864493","1.18182"
"2100864493","2401750056","0.590909"
"2401750056","2100864493","0.590909"
"2100864493","2584349149","0.0909091"
"2584349149","2100864493","0.0909091"
"2100864493","2767405066","0.290909"
"2767405066","2100864493","0.290909"
"2278206731","2401750056","0.0909091"
"2401750056","2278206731","0.0909091"
"2278206731","2584349149","0.0909091"
"2584349149","2278206731","0.0909091"
"2278206731","2619942151","0.0909091"
"2619942151","2278206731","0.0909091"
"2278206731","2767405066","0.0909091"
"2767405066","2278206731","0.0909091"
"2278206731","2980900822","0.0909091"
"2980900822","2278206731","0.0909091"
"2278206731","964687071","0.0909091"
"964687071","2278206731","0.0909091"
"2401750056","2584349149","0.0909091"
"2584349149","2401750056","0.0909091"
"2401750056","2619942151","0.0909091"
"2619942151","2401750056","0.0909091"
"2401750056","2767405066","0.0909091"
"2767405066","2401750056","0.0909091"
"2401750056","2980900822","0.0909091"
"2980900822","2401750056","0.0909091"
"2401750056","964687071","0.0909091"
"964687071","2401750056","0.0909091"
"2584349149","2619942151","0.590909"
"2619942151","2584349149","0.590909"
"2584349149","2767405066","0.457576"
"2767405066","2584349149","0.457576"
"2584349149","2980900822","0.590909"
"2980900822","2584349149","0.590909"
"2619942151","2767405066","0.0909091"
"2767405066","2619942151","0.0909091"
"2767405066","2980900822","0.0909091"
"2980900822","2767405066","0.0909091"
"2767405066","964687071","0.257576"
"964687071","2767405066","0.257576"
"1483205977","2523288326","0.5"
"2523288326","1483205977","0.5"
"2479998739","2523288326","0.833333"
"2523288326","2479998739","0.833333"
"1483205977","2135436167","0.333333"
"2135436167","1483205977","0.333333"
"2135436167","2233993919","0.333333"
"2233993919","2135436167","0.333333"
"2135436167","964687071","0.333333"
"964687071","2135436167","0.333333"
"1483205977","2043172605","0.125"
"2043172605","1483205977","0.125"
"1483205977","2296201397","0.125"
"2296201397","1483205977","0.125"
"2043172605","2296201397","1.125"
"2296201397","2043172605","1.125"
"2043172605","2405791534","0.125"
"2405791534","2043172605","0.125"
"2043172605","2443486955","0.125"
"2443486955","2043172605","0.125"
"2043172605","2479998739","0.125"
"2479998739","2043172605","0.125"
"2043172605","2512490571","1.875"
"2512490571","2043172605","1.875"
"2043172605","2584349149","1.125"
"2584349149","2043172605","1.125"
"2043172605","964687071","1.375"
"964687071","2043172605","1.375"
"2296201397","2405791534","0.125"
"2405791534","2296201397","0.125"
"2296201397","2443486955","0.125"
"2443486955","2296201397","0.125"
"2296201397","2479998739","0.125"
"2479998739","2296201397","0.125"
"2296201397","2512490571","0.125"
"2512490571","2296201397","0.125"
"2296201397","2584349149","0.125"
"2584349149","2296201397","0.125"
"2296201397","964687071","0.625"
"964687071","2296201397","0.625"
"2405791534","2479998739","0.375"
"2479998739","2405791534","0.375"
"2405791534","2512490571","0.125"
"2512490571","2405791534","0.125"
"2443486955","2479998739","0.625"
"2479998739","2443486955","0.625"
"2479998739","2512490571","2.325"
"2512490571","2479998739","2.325"
"2479998739","2584349149","0.825"
"2584349149","2479998739","0.825"
"2512490571","2584349149","2.825"
"2584349149","2512490571","2.825"
"2512490571","964687071","3.375"
"964687071","2512490571","3.375"
"2188062985","2405791534","0.25"
"2405791534","2188062985","0.25"
"2188062985","964687071","0.25"
"964687071","2188062985","0.25"
"1483205977","2294131806","0.1"
"2294131806","1483205977","0.1"
"1483205977","2790705692","0.1"
"2790705692","1483205977","0.1"
"1483205977","2899960748","0.1"
"2899960748","1483205977","0.1"
"1483205977","2953046890","0.1"
"2953046890","1483205977","0.1"
"1483205977","2954683802","0.1"
"2954683802","1483205977","0.1"
"1483205977","2970576142","0.1"
"2970576142","1483205977","0.1"
"1483205977","2980472118","0.1"
"2980472118","1483205977","0.1"
"1909618879","2294131806","0.859524"
"2294131806","1909618879","0.859524"
"1909618879","2767877278","0.1"
"2767877278","1909618879","0.1"
"1909618879","2790705692","0.1"
"2790705692","1909618879","0.1"
"1909618879","2899960748","0.1"
"2899960748","1909618879","0.1"
"1909618879","2949351135","0.6"
"2949351135","1909618879","0.6"
"1909618879","2953046890","0.433333"
"2953046890","1909618879","0.433333"
"1909618879","2954683802","0.1"
"2954683802","1909618879","0.1"
"1909618879","2970576142","0.492857"
"2970576142","1909618879","0.492857"
"1909618879","2980472118","0.1"
"2980472118","1909618879","0.1"
"2294131806","2767877278","0.1"
"2767877278","2294131806","0.1"
"2294131806","2790705692","0.190909"
"2790705692","2294131806","0.190909"
"2294131806","2899960748","1.04444"
"2899960748","2294131806","1.04444"
"2294131806","2949351135","0.1"
"2949351135","2294131806","0.1"
"2294131806","2953046890","1.1"
"2953046890","2294131806","1.1"
"2294131806","2954683802","0.544444"
"2954683802","2294131806","0.544444"
"2294131806","2970576142","1.19488"
"2970576142","2294131806","1.19488"
"2294131806","2980472118","0.544444"
"2980472118","2294131806","0.544444"
"2767877278","2790705692","0.433333"
"2790705692","2767877278","0.433333"
"2767877278","2899960748","0.1"
"2899960748","2767877278","0.1"
"2767877278","2949351135","0.1"
"2949351135","2767877278","0.1"
"2767877278","2953046890","0.1"
"2953046890","2767877278","0.1"
"2767877278","2954683802","0.1"
"2954683802","2767877278","0.1"
"2767877278","2970576142","0.1"
"2970576142","2767877278","0.1"
"2767877278","2980472118","0.1"
"2980472118","2767877278","0.1"
"2790705692","2899960748","0.1"
"2899960748","2790705692","0.1"
"2790705692","2949351135","0.1"
"2949351135","2790705692","0.1"
"2790705692","2953046890","0.1"
"2953046890","2790705692","0.1"
"2790705692","2954683802","0.6"
"2954683802","2790705692","0.6"
"2790705692","2970576142","0.190909"
"2970576142","2790705692","0.190909"
"2790705692","2980472118","0.6"
"2980472118","2790705692","0.6"
"2899960748","2949351135","0.1"
"2949351135","2899960748","0.1"
"2899960748","2953046890","0.1"
"2953046890","2899960748","0.1"
"2899960748","2954683802","0.544444"
"2954683802","2899960748","0.544444"
"2899960748","2970576142","1.04444"
"2970576142","2899960748","1.04444"
"2899960748","2980472118","0.544444"
"2980472118","2899960748","0.544444"
"2949351135","2953046890","0.433333"
"2953046890","2949351135","0.433333"
"2949351135","2954683802","0.1"
"2954683802","2949351135","0.1"
"2949351135","2970576142","0.1"
"2970576142","2949351135","0.1"
"2949351135","2980472118","0.1"
"2980472118","2949351135","0.1"
"2953046890","2954683802","0.1"
"2954683802","2953046890","0.1"
"2953046890","2970576142","0.1"
"2970576142","2953046890","0.1"
"2953046890","2980472118","0.1"
"2980472118","2953046890","0.1"
"2954683802","2970576142","0.544444"
"2970576142","2954683802","0.544444"
"2954683802","2980472118","12.8778"
"2980472118","2954683802","12.8778"
"2970576142","2980472118","0.544444"
"2980472118","2970576142","0.544444"
"2443486955","2767405066","0.166667"
"2767405066","2443486955","0.166667"
"2479998739","2767405066","0.366667"
"2767405066","2479998739","0.366667"
"2512490571","2767405066","0.366667"
"2767405066","2512490571","0.366667"
"1497036643","53184327","1.1"
"53184327","1497036643","1.1"
"1497036643","192221291","0.5"
"192221291","1497036643","0.5"
"1497036643","2150451032","0.5"
"2150451032","1497036643","0.5"
"192221291","2150451032","0.5"
"2150451032","192221291","0.5"
"1497036643","1717366613","0.5"
"1717366613","1497036643","0.5"
"1497036643","2164746077","0.5"
"2164746077","1497036643","0.5"
"1717366613","2164746077","1.08333"
"2164746077","1717366613","1.08333"
"1497036643","1578109354","0.1"
"1578109354","1497036643","0.1"
"1497036643","182170734","0.1"
"182170734","1497036643","0.1"
"1497036643","1848552438","0.1"
"1848552438","1497036643","0.1"
"1497036643","2102308007","0.6"
"2102308007","1497036643","0.6"
"1497036643","2152888402","0.1"
"2152888402","1497036643","0.1"
"1497036643","2162341168","0.1"
"2162341168","1497036643","0.1"
"1578109354","1660202170","1.3"
"1660202170","1578109354","1.3"
"1578109354","1848552438","0.6"
"1848552438","1578109354","0.6"
"1578109354","2102308007","0.3"
"2102308007","1578109354","0.3"
"1578109354","2133821701","0.336111"
"2133821701","1578109354","0.336111"
"1578109354","2152888402","0.6"
"2152888402","1578109354","0.6"
"1578109354","2162341168","0.3"
"2162341168","1578109354","0.3"
"1578109354","53184327","0.1"
"53184327","1578109354","0.1"
"1604475812","1848552438","0.1"
"1848552438","1604475812","0.1"
"1604475812","2102308007","0.1"
"2102308007","1604475812","0.1"
"1604475812","2152888402","0.1"
"2152888402","1604475812","0.1"
"1604475812","2162341168","0.1"
"2162341168","1604475812","0.1"
"1604475812","53184327","0.1"
"53184327","1604475812","0.1"
"1660202170","1848552438","0.1"
"1848552438","1660202170","0.1"
"1660202170","2102308007","0.3"
"2102308007","1660202170","0.3"
"1660202170","2152888402","0.6"
"2152888402","1660202170","0.6"
"1660202170","2162341168","0.3"
"2162341168","1660202170","0.3"
"1660202170","53184327","0.1"
"53184327","1660202170","0.1"
"182170734","1848552438","0.1"
"1848552438","182170734","0.1"
"182170734","2102308007","1.1"
"2102308007","182170734","1.1"
"182170734","2133821701","0.211111"
"2133821701","182170734","0.211111"
"182170734","2152888402","0.1"
"2152888402","182170734","0.1"
"182170734","2162341168","0.1"
"2162341168","182170734","0.1"
"182170734","53184327","0.1"
"53184327","182170734","0.1"
"1848552438","2102308007","0.1"
"2102308007","1848552438","0.1"
"1848552438","2133821701","2.1"
"2133821701","1848552438","2.1"
"1848552438","2152888402","0.6"
"2152888402","1848552438","0.6"
"1848552438","2162341168","0.1"
"2162341168","1848552438","0.1"
"1848552438","53184327","0.1"
"53184327","1848552438","0.1"
"2102308007","2133821701","0.1"
"2133821701","2102308007","0.1"
"2102308007","2152888402","0.1"
"2152888402","2102308007","0.1"
"2102308007","2162341168","1.3"
"2162341168","2102308007","1.3"
"2102308007","53184327","0.35"
"53184327","2102308007","0.35"
"2133821701","2152888402","0.6"
"2152888402","2133821701","0.6"
"2133821701","2162341168","2.6"
"2162341168","2133821701","2.6"
"2133821701","53184327","0.1"
"53184327","2133821701","0.1"
"2152888402","2162341168","0.933333"
"2162341168","2152888402","0.933333"
"2152888402","53184327","0.1"
"53184327","2152888402","0.1"
"2162341168","53184327","0.1"
"53184327","2162341168","0.1"
"1497036643","2160522235","0.5"
"2160522235","1497036643","0.5"
"2102308007","2160522235","0.5"
"2160522235","2102308007","0.5"
"1501985518","2100864493","0.2"
"2100864493","1501985518","0.2"
"1501985518","2157867633","3.82778"
"2157867633","1501985518","3.82778"
"1501985518","2167312525","4.22778"
"2167312525","1501985518","4.22778"
"1501985518","2188062985","1.03333"
"2188062985","1501985518","1.03333"
"1501985518","2767405066","0.2"
"2767405066","1501985518","0.2"
"2100864493","2188062985","0.2"
"2188062985","2100864493","0.2"
"2157867633","2188062985","2.17619"
"2188062985","2157867633","2.17619"
"2157867633","2767405066","0.2"
"2767405066","2157867633","0.2"
"2167312525","2767405066","0.2"
"2767405066","2167312525","0.2"
"2188062985","2767405066","0.2"
"2767405066","2188062985","0.2"
"1501985518","1579458556","0.883333"
"1579458556","1501985518","0.883333"
"1501985518","1600735852","0.766667"
"1600735852","1501985518","0.766667"
"1501985518","1911710854","0.433333"
"1911710854","1501985518","0.433333"
"1579458556","1600735852","0.433333"
"1600735852","1579458556","0.433333"
"1579458556","1911710854","0.758333"
"1911710854","1579458556","0.758333"
"1600735852","1911710854","0.966667"
"1911710854","1600735852","0.966667"
"1501985518","1502374275","0.311111"
"1502374275","1501985518","0.311111"
"1501985518","1505705829","0.111111"
"1505705829","1501985518","0.111111"
"1501985518","1578109354","0.311111"
"1578109354","1501985518","0.311111"
"1501985518","182170734","0.111111"
"182170734","1501985518","0.111111"
"1501985518","2133821701","0.111111"
"2133821701","1501985518","0.111111"
"1501985518","2143916531","0.111111"
"2143916531","1501985518","0.111111"
"1501985518","2160522235","0.111111"
"2160522235","1501985518","0.111111"
"1502374275","1505705829","1.11111"
"1505705829","1502374275","1.11111"
"1502374275","2143916531","0.111111"
"2143916531","1502374275","0.111111"
"1505705829","1578109354","0.111111"
"1578109354","1505705829","0.111111"
"1505705829","182170734","1.11111"
"182170734","1505705829","1.11111"
"1505705829","2133821701","0.111111"
"2133821701","1505705829","0.111111"
"1505705829","2143916531","0.111111"
"2143916531","1505705829","0.111111"
"1505705829","2157867633","0.111111"
"2157867633","1505705829","0.111111"
"1505705829","2160522235","0.111111"
"2160522235","1505705829","0.111111"
"1505705829","2167312525","0.111111"
"2167312525","1505705829","0.111111"
"1578109354","2143916531","0.111111"
"2143916531","1578109354","0.111111"
"1578109354","2157867633","0.311111"
"2157867633","1578109354","0.311111"
"1578109354","2160522235","1.11111"
"2160522235","1578109354","1.11111"
"1578109354","2167312525","0.111111"
"2167312525","1578109354","0.111111"
"182170734","2143916531","1.11111"
"2143916531","182170734","1.11111"
"2133821701","2143916531","0.111111"
"2143916531","2133821701","0.111111"
"2133821701","2157867633","0.111111"
"2157867633","2133821701","0.111111"
"2133821701","2160522235","0.111111"
"2160522235","2133821701","0.111111"
"2133821701","2167312525","1.11111"
"2167312525","2133821701","1.11111"
"2143916531","2157867633","0.111111"
"2157867633","2143916531","0.111111"
"2143916531","2160522235","0.111111"
"2160522235","2143916531","0.111111"
"2143916531","2167312525","0.111111"
"2167312525","2143916531","0.111111"
"1501985518","2170610499","0.533333"
"2170610499","1501985518","0.533333"
"2157867633","2170610499","1.7"
"2170610499","2157867633","1.7"
"2167312525","2170610499","1.03333"
"2170610499","2167312525","1.03333"
"1501985518","2233993919","0.35"
"2233993919","1501985518","0.35"
"1579458556","2157867633","1.39286"
"2157867633","1579458556","1.39286"
"1579458556","2167312525","1.75952"
"2167312525","1579458556","1.75952"
"1579458556","2233993919","0.35"
"2233993919","1579458556","0.35"
"2157867633","2233993919","0.35"
"2233993919","2157867633","0.35"
"1501985518","1870380066","0.433333"
"1870380066","1501985518","0.433333"
"1501985518","1909618879","0.633333"
"1909618879","1501985518","0.633333"
"1600735852","1870380066","1.50996"
"1870380066","1600735852","1.50996"
"1870380066","1909618879","1.69286"
"1909618879","1870380066","1.69286"
"1501985518","2019730838","0.1"
"2019730838","1501985518","0.1"
"1501985518","2168169810","0.1"
"2168169810","1501985518","0.1"
"1501985518","2584349149","0.1"
"2584349149","1501985518","0.1"
"1579458556","1870380066","0.734524"
"1870380066","1579458556","0.734524"
"1579458556","1909618879","2.10952"
"1909618879","1579458556","2.10952"
"1579458556","2019730838","0.475"
"2019730838","1579458556","0.475"
"1579458556","2168169810","2.40119"
"2168169810","1579458556","2.40119"
"1579458556","2584349149","0.1"
"2584349149","1579458556","0.1"
"1600735852","2233993919","0.1"
"2233993919","1600735852","0.1"
"1600735852","2584349149","0.1"
"2584349149","1600735852","0.1"
"1870380066","2157867633","0.585714"
"2157867633","1870380066","0.585714"
"1870380066","2584349149","0.1"
"2584349149","1870380066","0.1"
"1909618879","1911710854","2.3"
"1911710854","1909618879","2.3"
"1909618879","2233993919","0.1"
"2233993919","1909618879","0.1"
"1911710854","2157867633","0.3"
"2157867633","1911710854","0.3"
"1911710854","2584349149","0.1"
"2584349149","1911710854","0.1"
"2019730838","2584349149","0.1"
"2584349149","2019730838","0.1"
"2157867633","2584349149","0.1"
"2584349149","2157867633","0.1"
"2168169810","2584349149","0.1"
"2584349149","2168169810","0.1"
"2233993919","2584349149","0.1"
"2584349149","2233993919","0.1"
"1502374275","1579458556","0.325"
"1579458556","1502374275","0.325"
"1502374275","2170610499","1.15833"
"2170610499","1502374275","1.15833"
"1578109354","1579458556","1.025"
"1579458556","1578109354","1.025"
"1578109354","2170610499","1.40833"
"2170610499","1578109354","1.40833"
