"1265191870","2166101296","25.5595"
"2166101296","1265191870","25.5595"
"1265191870","1593414618","0.392857"
"1593414618","1265191870","0.392857"
"1265191870","2015137455","0.392857"
"2015137455","1265191870","0.392857"
"1265191870","2042742130","0.142857"
"2042742130","1265191870","0.142857"
"1265191870","2050692567","1.55952"
"2050692567","1265191870","1.55952"
"1265191870","2069186598","0.253968"
"2069186598","1265191870","0.253968"
"1265191870","2172259243","0.142857"
"2172259243","1265191870","0.142857"
"1593414618","2015137455","0.892857"
"2015137455","1593414618","0.892857"
"1593414618","2042742130","1.14286"
"2042742130","1593414618","1.14286"
"1593414618","2050692567","0.892857"
"2050692567","1593414618","0.892857"
"1593414618","2069186598","0.142857"
"2069186598","1593414618","0.142857"
"1593414618","2166101296","0.392857"
"2166101296","1593414618","0.392857"
"1593414618","2172259243","6.97619"
"2172259243","1593414618","6.97619"
"2015137455","2042742130","0.205357"
"2042742130","2015137455","0.205357"
"2015137455","2050692567","0.892857"
"2050692567","2015137455","0.892857"
"2015137455","2069186598","0.142857"
"2069186598","2015137455","0.142857"
"2015137455","2166101296","0.392857"
"2166101296","2015137455","0.392857"
"2015137455","2172259243","0.205357"
"2172259243","2015137455","0.205357"
"2042742130","2050692567","1.47619"
"2050692567","2042742130","1.47619"
"2042742130","2069186598","0.142857"
"2069186598","2042742130","0.142857"
"2042742130","2166101296","0.142857"
"2166101296","2042742130","0.142857"
"2042742130","2172259243","0.205357"
"2172259243","2042742130","0.205357"
"2050692567","2069186598","0.142857"
"2069186598","2050692567","0.142857"
"2050692567","2166101296","1.55952"
"2166101296","2050692567","1.55952"
"2050692567","2172259243","0.142857"
"2172259243","2050692567","0.142857"
"2069186598","2166101296","0.142857"
"2166101296","2069186598","0.142857"
"2069186598","2172259243","0.142857"
"2172259243","2069186598","0.142857"
"2166101296","2172259243","0.142857"
"2172259243","2166101296","0.142857"
"1265191870","1825827175","0.333333"
"1825827175","1265191870","0.333333"
"1825827175","2050692567","0.333333"
"2050692567","1825827175","0.333333"
"1825827175","2166101296","0.333333"
"2166101296","1825827175","0.333333"
"1265191870","2909799481","0.833333"
"2909799481","1265191870","0.833333"
"2166101296","2909799481","0.833333"
"2909799481","2166101296","0.833333"
"2050692567","2909799481","0.333333"
"2909799481","2050692567","0.333333"
"1265191870","173866368","0.111111"
"173866368","1265191870","0.111111"
"1265191870","1748265123","0.111111"
"1748265123","1265191870","0.111111"
"1265191870","1788060160","0.111111"
"1788060160","1265191870","0.111111"
"1265191870","1957199477","0.111111"
"1957199477","1265191870","0.111111"
"1265191870","2132482339","0.111111"
"2132482339","1265191870","0.111111"
"1265191870","2471456063","0.111111"
"2471456063","1265191870","0.111111"
"1265191870","2950066059","0.111111"
"2950066059","1265191870","0.111111"
"1265191870","2964182980","0.111111"
"2964182980","1265191870","0.111111"
"173866368","1748265123","0.111111"
"1748265123","173866368","0.111111"
"173866368","1788060160","0.644444"
"1788060160","173866368","0.644444"
"173866368","1957199477","0.311111"
"1957199477","173866368","0.311111"
"173866368","2069186598","0.311111"
"2069186598","173866368","0.311111"
"173866368","2132482339","1.11111"
"2132482339","173866368","1.11111"
"173866368","2471456063","0.111111"
"2471456063","173866368","0.111111"
"173866368","2950066059","0.111111"
"2950066059","173866368","0.111111"
"173866368","2964182980","1.64444"
"2964182980","173866368","1.64444"
"1748265123","1788060160","0.111111"
"1788060160","1748265123","0.111111"
"1748265123","1957199477","0.111111"
"1957199477","1748265123","0.111111"
"1748265123","2069186598","0.111111"
"2069186598","1748265123","0.111111"
"1748265123","2132482339","0.111111"
"2132482339","1748265123","0.111111"
"1748265123","2471456063","0.111111"
"2471456063","1748265123","0.111111"
"1748265123","2950066059","0.111111"
"2950066059","1748265123","0.111111"
"1748265123","2964182980","0.111111"
"2964182980","1748265123","0.111111"
"1788060160","1957199477","20.6444"
"1957199477","1788060160","20.6444"
"1788060160","2069186598","2.81111"
"2069186598","1788060160","2.81111"
"1788060160","2132482339","1.61111"
"2132482339","1788060160","1.61111"
"1788060160","2471456063","0.111111"
"2471456063","1788060160","0.111111"
"1788060160","2950066059","0.111111"
"2950066059","1788060160","0.111111"
"1788060160","2964182980","0.644444"
"2964182980","1788060160","0.644444"
"1957199477","2069186598","2.81111"
"2069186598","1957199477","2.81111"
"1957199477","2132482339","1.11111"
"2132482339","1957199477","1.11111"
"1957199477","2471456063","0.111111"
"2471456063","1957199477","0.111111"
"1957199477","2950066059","0.111111"
"2950066059","1957199477","0.111111"
"1957199477","2964182980","0.311111"
"2964182980","1957199477","0.311111"
"2069186598","2132482339","11.7778"
"2132482339","2069186598","11.7778"
"2069186598","2471456063","0.111111"
"2471456063","2069186598","0.111111"
"2069186598","2950066059","1.11111"
"2950066059","2069186598","1.11111"
"2069186598","2964182980","0.311111"
"2964182980","2069186598","0.311111"
"2132482339","2471456063","0.111111"
"2471456063","2132482339","0.111111"
"2132482339","2950066059","0.111111"
"2950066059","2132482339","0.111111"
"2132482339","2964182980","1.11111"
"2964182980","2132482339","1.11111"
"2471456063","2950066059","0.111111"
"2950066059","2471456063","0.111111"
"2471456063","2964182980","0.111111"
"2964182980","2471456063","0.111111"
"2950066059","2964182980","0.111111"
"2964182980","2950066059","0.111111"
"1265191870","2888026659","0.5"
"2888026659","1265191870","0.5"
"2166101296","2888026659","0.5"
"2888026659","2166101296","0.5"
"1482612322","1987684126","3.06056"
"1987684126","1482612322","3.06056"
"1482612322","2150188172","1.78279"
"2150188172","1482612322","1.78279"
"1987684126","2150188172","7.28279"
"2150188172","1987684126","7.28279"
"1482612322","2004511978","1.60299"
"2004511978","1482612322","1.60299"
"1482612322","2012370199","0.6093"
"2012370199","1482612322","0.6093"
"1482612322","2100724082","0.6093"
"2100724082","1482612322","0.6093"
"1482612322","2162974319","0.6093"
"2162974319","1482612322","0.6093"
"1482612322","2164463255","1.3939"
"2164463255","1482612322","1.3939"
"1987684126","2004511978","4.76965"
"2004511978","1987684126","4.76965"
"1987684126","2012370199","0.8093"
"2012370199","1987684126","0.8093"
"1987684126","2100724082","0.8093"
"2100724082","1987684126","0.8093"
"1987684126","2162974319","0.8093"
"2162974319","1987684126","0.8093"
"1987684126","2164463255","1.3939"
"2164463255","1987684126","1.3939"
"2004511978","2012370199","0.6093"
"2012370199","2004511978","0.6093"
"2004511978","2100724082","0.6093"
"2100724082","2004511978","0.6093"
"2004511978","2150188172","7.15854"
"2150188172","2004511978","7.15854"
"2004511978","2162974319","0.518391"
"2162974319","2004511978","0.518391"
"2004511978","2164463255","1.10299"
"2164463255","2004511978","1.10299"
"2012370199","2100724082","10.3926"
"2100724082","2012370199","10.3926"
"2012370199","2150188172","0.6093"
"2150188172","2012370199","0.6093"
"2012370199","2162974319","8.30172"
"2162974319","2012370199","8.30172"
"2012370199","2164463255","0.6093"
"2164463255","2012370199","0.6093"
"2100724082","2150188172","0.6093"
"2150188172","2100724082","0.6093"
"2100724082","2162974319","8.30172"
"2162974319","2100724082","8.30172"
"2100724082","2164463255","0.6093"
"2164463255","2100724082","0.6093"
"2150188172","2162974319","0.6093"
"2162974319","2150188172","0.6093"
"2150188172","2164463255","1.28279"
"2164463255","2150188172","1.28279"
"2162974319","2164463255","0.6093"
"2164463255","2162974319","0.6093"
"1482612322","1748265123","0.139423"
"1748265123","1482612322","0.139423"
"1482612322","1890820876","1.62604"
"1890820876","1482612322","1.62604"
"1482612322","1969890816","0.0769231"
"1969890816","1482612322","0.0769231"
"1482612322","2017931641","0.0769231"
"2017931641","1482612322","0.0769231"
"1482612322","2042742130","0.446241"
"2042742130","1482612322","0.446241"
"1482612322","2156091798","0.0769231"
"2156091798","1482612322","0.0769231"
"1748265123","1890820876","0.139423"
"1890820876","1748265123","0.139423"
"1748265123","1969890816","0.0769231"
"1969890816","1748265123","0.0769231"
"1748265123","1987684126","0.472756"
"1987684126","1748265123","0.472756"
"1748265123","2004511978","0.139423"
"2004511978","1748265123","0.139423"
"1748265123","2012370199","0.139423"
"2012370199","1748265123","0.139423"
"1748265123","2017931641","0.0769231"
"2017931641","1748265123","0.0769231"
"1748265123","2042742130","0.472756"
"2042742130","1748265123","0.472756"
"1748265123","2100724082","0.139423"
"2100724082","1748265123","0.139423"
"1748265123","2150188172","0.139423"
"2150188172","1748265123","0.139423"
"1748265123","2156091798","0.0769231"
"2156091798","1748265123","0.0769231"
"1748265123","2162974319","0.139423"
"2162974319","1748265123","0.139423"
"1748265123","2164463255","0.139423"
"2164463255","1748265123","0.139423"
"1890820876","1969890816","0.0769231"
"1969890816","1890820876","0.0769231"
"1890820876","1987684126","1.12604"
"1987684126","1890820876","1.12604"
"1890820876","2004511978","1.16846"
"2004511978","1890820876","1.16846"
"1890820876","2012370199","0.466443"
"2012370199","1890820876","0.466443"
"1890820876","2017931641","0.0769231"
"2017931641","1890820876","0.0769231"
"1890820876","2042742130","0.446241"
"2042742130","1890820876","0.446241"
"1890820876","2100724082","0.466443"
"2100724082","1890820876","0.466443"
"1890820876","2150188172","0.848261"
"2150188172","1890820876","0.848261"
"1890820876","2156091798","0.0769231"
"2156091798","1890820876","0.0769231"
"1890820876","2162974319","0.466443"
"2162974319","1890820876","0.466443"
"1890820876","2164463255","0.959373"
"2164463255","1890820876","0.959373"
"1969890816","1987684126","0.0769231"
"1987684126","1969890816","0.0769231"
"1969890816","2004511978","0.0769231"
"2004511978","1969890816","0.0769231"
"1969890816","2012370199","0.0769231"
"2012370199","1969890816","0.0769231"
"1969890816","2017931641","0.0769231"
"2017931641","1969890816","0.0769231"
"1969890816","2042742130","0.0769231"
"2042742130","1969890816","0.0769231"
"1969890816","2100724082","0.0769231"
"2100724082","1969890816","0.0769231"
"1969890816","2150188172","0.0769231"
"2150188172","1969890816","0.0769231"
"1969890816","2156091798","0.0769231"
"2156091798","1969890816","0.0769231"
"1969890816","2162974319","0.0769231"
"2162974319","1969890816","0.0769231"
"1969890816","2164463255","0.0769231"
"2164463255","1969890816","0.0769231"
"1987684126","2017931641","0.0769231"
"2017931641","1987684126","0.0769231"
"1987684126","2042742130","10.6462"
"2042742130","1987684126","10.6462"
"1987684126","2156091798","0.0769231"
"2156091798","1987684126","0.0769231"
"2004511978","2017931641","0.0769231"
"2017931641","2004511978","0.0769231"
"2004511978","2042742130","0.355332"
"2042742130","2004511978","0.355332"
"2004511978","2156091798","0.0769231"
"2156091798","2004511978","0.0769231"
"2012370199","2017931641","0.0769231"
"2017931641","2012370199","0.0769231"
"2012370199","2042742130","0.714423"
"2042742130","2012370199","0.714423"
"2012370199","2156091798","0.0769231"
"2156091798","2012370199","0.0769231"
"2017931641","2042742130","0.0769231"
"2042742130","2017931641","0.0769231"
"2017931641","2100724082","0.0769231"
"2100724082","2017931641","0.0769231"
"2017931641","2150188172","0.0769231"
"2150188172","2017931641","0.0769231"
"2017931641","2156091798","8.41026"
"2156091798","2017931641","8.41026"
"2017931641","2162974319","0.0769231"
"2162974319","2017931641","0.0769231"
"2017931641","2164463255","0.0769231"
"2164463255","2017931641","0.0769231"
"2042742130","2100724082","0.714423"
"2100724082","2042742130","0.714423"
"2042742130","2150188172","1.61291"
"2150188172","2042742130","1.61291"
"2042742130","2156091798","0.0769231"
"2156091798","2042742130","0.0769231"
"2042742130","2162974319","0.805332"
"2162974319","2042742130","0.805332"
"2042742130","2164463255","0.446241"
"2164463255","2042742130","0.446241"
"2100724082","2156091798","0.0769231"
"2156091798","2100724082","0.0769231"
"2150188172","2156091798","0.0769231"
"2156091798","2150188172","0.0769231"
"2156091798","2162974319","0.0769231"
"2162974319","2156091798","0.0769231"
"2156091798","2164463255","0.0769231"
"2164463255","2156091798","0.0769231"
"1482612322","2069186598","0.166667"
"2069186598","1482612322","0.166667"
"1482612322","2115470695","0.549242"
"2115470695","1482612322","0.549242"
"1987684126","2069186598","0.166667"
"2069186598","1987684126","0.166667"
"1987684126","2115470695","0.549242"
"2115470695","1987684126","0.549242"
"2004511978","2069186598","0.666667"
"2069186598","2004511978","0.666667"
"2004511978","2115470695","0.291667"
"2115470695","2004511978","0.291667"
"2069186598","2115470695","0.166667"
"2115470695","2069186598","0.166667"
"2069186598","2150188172","0.666667"
"2150188172","2069186598","0.666667"
"2069186598","2164463255","0.166667"
"2164463255","2069186598","0.166667"
"2115470695","2150188172","0.382576"
"2150188172","2115470695","0.382576"
"2115470695","2164463255","0.382576"
"2164463255","2115470695","0.382576"
"1482612322","1575078351","1.00051"
"1575078351","1482612322","1.00051"
"1482612322","2050855115","0.800505"
"2050855115","1482612322","0.800505"
"1482612322","2261775381","0.584596"
"2261775381","1482612322","0.584596"
"1482612322","2313768859","0.215909"
"2313768859","1482612322","0.215909"
"1575078351","1890820876","0.875505"
"1890820876","1575078351","0.875505"
"1575078351","1987684126","2.79217"
"1987684126","1575078351","2.79217"
"1575078351","2004511978","1.20126"
"2004511978","1575078351","1.20126"
"1575078351","2012370199","0.215909"
"2012370199","1575078351","0.215909"
"1575078351","2050855115","2.08384"
"2050855115","1575078351","2.08384"
"1575078351","2100724082","0.215909"
"2100724082","1575078351","0.215909"
"1575078351","2150188172","1.38939"
"2150188172","1575078351","1.38939"
"1575078351","2164463255","0.833838"
"2164463255","1575078351","0.833838"
"1575078351","2261775381","1.5346"
"2261775381","1575078351","1.5346"
"1575078351","2313768859","0.215909"
"2313768859","1575078351","0.215909"
"1890820876","2050855115","0.675505"
"2050855115","1890820876","0.675505"
"1890820876","2261775381","0.584596"
"2261775381","1890820876","0.584596"
"1890820876","2313768859","0.215909"
"2313768859","1890820876","0.215909"
"1987684126","2050855115","1.50884"
"2050855115","1987684126","1.50884"
"1987684126","2261775381","0.709596"
"2261775381","1987684126","0.709596"
"1987684126","2313768859","0.215909"
"2313768859","1987684126","0.215909"
"2004511978","2050855115","0.867929"
"2050855115","2004511978","0.867929"
"2004511978","2261775381","0.65202"
"2261775381","2004511978","0.65202"
"2004511978","2313768859","0.215909"
"2313768859","2004511978","0.215909"
"2012370199","2050855115","0.799242"
"2050855115","2012370199","0.799242"
"2012370199","2261775381","0.215909"
"2261775381","2012370199","0.215909"
"2012370199","2313768859","0.215909"
"2313768859","2012370199","0.215909"
"2050855115","2100724082","0.799242"
"2100724082","2050855115","0.799242"
"2050855115","2150188172","4.08225"
"2150188172","2050855115","4.08225"
"2050855115","2164463255","0.633838"
"2164463255","2050855115","0.633838"
"2050855115","2261775381","8.65364"
"2261775381","2050855115","8.65364"
"2050855115","2313768859","2.21591"
"2313768859","2050855115","2.21591"
"2100724082","2261775381","0.215909"
"2261775381","2100724082","0.215909"
"2100724082","2313768859","0.215909"
"2313768859","2100724082","0.215909"
"2150188172","2261775381","0.449675"
"2261775381","2150188172","0.449675"
"2150188172","2313768859","0.215909"
"2313768859","2150188172","0.215909"
"2164463255","2261775381","0.417929"
"2261775381","2164463255","0.417929"
"2164463255","2313768859","0.215909"
"2313768859","2164463255","0.215909"
"2261775381","2313768859","0.215909"
"2313768859","2261775381","0.215909"
"1482612322","1964241047","0.26452"
"1964241047","1482612322","0.26452"
"1482612322","2151461670","0.153409"
"2151461670","1482612322","0.153409"
"1482612322","2471456063","0.32702"
"2471456063","1482612322","0.32702"
"1575078351","1964241047","0.0909091"
"1964241047","1575078351","0.0909091"
"1575078351","2042742130","0.306818"
"2042742130","1575078351","0.306818"
"1575078351","2151461670","0.0909091"
"2151461670","1575078351","0.0909091"
"1575078351","2471456063","0.32702"
"2471456063","1575078351","0.32702"
"1890820876","1964241047","0.26452"
"1964241047","1890820876","0.26452"
"1890820876","2151461670","0.153409"
"2151461670","1890820876","0.153409"
"1890820876","2471456063","0.32702"
"2471456063","1890820876","0.32702"
"1964241047","1987684126","1.09785"
"1987684126","1964241047","1.09785"
"1964241047","2004511978","0.26452"
"2004511978","1964241047","0.26452"
"1964241047","2042742130","0.653409"
"2042742130","1964241047","0.653409"
"1964241047","2050855115","1.67424"
"2050855115","1964241047","1.67424"
"1964241047","2150188172","3.93119"
"2150188172","1964241047","3.93119"
"1964241047","2151461670","20.5701"
"2151461670","1964241047","20.5701"
"1964241047","2164463255","0.26452"
"2164463255","1964241047","0.26452"
"1964241047","2471456063","0.340909"
"2471456063","1964241047","0.340909"
"1987684126","2151461670","0.153409"
"2151461670","1987684126","0.153409"
"1987684126","2471456063","1.24369"
"2471456063","1987684126","1.24369"
"2004511978","2151461670","0.653409"
"2151461670","2004511978","0.653409"
"2004511978","2471456063","0.32702"
"2471456063","2004511978","0.32702"
"2042742130","2050855115","0.473485"
"2050855115","2042742130","0.473485"
"2042742130","2151461670","0.153409"
"2151461670","2042742130","0.153409"
"2042742130","2471456063","0.549242"
"2471456063","2042742130","0.549242"
"2050855115","2151461670","0.0909091"
"2151461670","2050855115","0.0909091"
"2050855115","2471456063","1.86273"
"2471456063","2050855115","1.86273"
"2150188172","2151461670","0.653409"
"2151461670","2150188172","0.653409"
"2150188172","2471456063","0.608766"
"2471456063","2150188172","0.608766"
"2151461670","2164463255","0.153409"
"2164463255","2151461670","0.153409"
"2151461670","2471456063","0.0909091"
"2471456063","2151461670","0.0909091"
"2164463255","2471456063","0.32702"
"2471456063","2164463255","0.32702"
"1482612322","1574820975","0.45202"
"1574820975","1482612322","0.45202"
"1574820975","1575078351","0.45202"
"1575078351","1574820975","0.45202"
"1574820975","1890820876","0.32702"
"1890820876","1574820975","0.32702"
"1574820975","1987684126","0.45202"
"1987684126","1574820975","0.45202"
"1574820975","2042742130","0.215909"
"2042742130","1574820975","0.215909"
"1574820975","2050855115","1.45202"
"2050855115","1574820975","1.45202"
"1574820975","2115470695","0.215909"
"2115470695","1574820975","0.215909"
"1574820975","2150188172","0.340909"
"2150188172","1574820975","0.340909"
"1574820975","2162974319","0.215909"
"2162974319","1574820975","0.215909"
"1574820975","2164463255","0.45202"
"2164463255","1574820975","0.45202"
"1574820975","2261775381","0.32702"
"2261775381","1574820975","0.32702"
"1575078351","2115470695","0.382576"
"2115470695","1575078351","0.382576"
"1575078351","2162974319","0.215909"
"2162974319","1575078351","0.215909"
"1890820876","2115470695","0.382576"
"2115470695","1890820876","0.382576"
"2042742130","2115470695","0.215909"
"2115470695","2042742130","0.215909"
"2042742130","2261775381","0.215909"
"2261775381","2042742130","0.215909"
"2050855115","2115470695","0.382576"
"2115470695","2050855115","0.382576"
"2050855115","2162974319","0.799242"
"2162974319","2050855115","0.799242"
"2115470695","2162974319","0.215909"
"2162974319","2115470695","0.215909"
"2115470695","2261775381","0.382576"
"2261775381","2115470695","0.382576"
"2162974319","2261775381","0.215909"
"2261775381","2162974319","0.215909"
"1482612322","2015137455","0.0625"
"2015137455","1482612322","0.0625"
"1482612322","2121262522","0.0625"
"2121262522","1482612322","0.0625"
"1482612322","2133981999","0.0625"
"2133981999","1482612322","0.0625"
"1482612322","2172259243","0.0625"
"2172259243","1482612322","0.0625"
"1748265123","1964241047","0.395833"
"1964241047","1748265123","0.395833"
"1748265123","2015137455","0.0625"
"2015137455","1748265123","0.0625"
"1748265123","2121262522","0.0625"
"2121262522","1748265123","0.0625"
"1748265123","2133981999","0.0625"
"2133981999","1748265123","0.0625"
"1748265123","2151461670","0.0625"
"2151461670","1748265123","0.0625"
"1748265123","2172259243","0.0625"
"2172259243","1748265123","0.0625"
"1890820876","2015137455","0.0625"
"2015137455","1890820876","0.0625"
"1890820876","2121262522","0.0625"
"2121262522","1890820876","0.0625"
"1890820876","2133981999","0.0625"
"2133981999","1890820876","0.0625"
"1890820876","2172259243","0.0625"
"2172259243","1890820876","0.0625"
"1964241047","2012370199","0.506944"
"2012370199","1964241047","0.506944"
"1964241047","2015137455","0.0625"
"2015137455","1964241047","0.0625"
"1964241047","2100724082","0.506944"
"2100724082","1964241047","0.506944"
"1964241047","2121262522","0.0625"
"2121262522","1964241047","0.0625"
"1964241047","2133981999","0.0625"
"2133981999","1964241047","0.0625"
"1964241047","2162974319","0.506944"
"2162974319","1964241047","0.506944"
"1964241047","2172259243","0.0625"
"2172259243","1964241047","0.0625"
"1987684126","2015137455","0.0625"
"2015137455","1987684126","0.0625"
"1987684126","2121262522","0.395833"
"2121262522","1987684126","0.395833"
"1987684126","2133981999","0.0625"
"2133981999","1987684126","0.0625"
"1987684126","2172259243","0.0625"
"2172259243","1987684126","0.0625"
"2004511978","2015137455","0.5625"
"2015137455","2004511978","0.5625"
"2004511978","2121262522","1.0625"
"2121262522","2004511978","1.0625"
"2004511978","2133981999","0.0625"
"2133981999","2004511978","0.0625"
"2004511978","2172259243","0.0625"
"2172259243","2004511978","0.0625"
"2012370199","2015137455","0.0625"
"2015137455","2012370199","0.0625"
"2012370199","2121262522","0.3125"
"2121262522","2012370199","0.3125"
"2012370199","2133981999","0.0625"
"2133981999","2012370199","0.0625"
"2012370199","2151461670","0.0625"
"2151461670","2012370199","0.0625"
"2012370199","2172259243","0.0625"
"2172259243","2012370199","0.0625"
"2015137455","2100724082","0.0625"
"2100724082","2015137455","0.0625"
"2015137455","2121262522","3.0625"
"2121262522","2015137455","3.0625"
"2015137455","2133981999","1.0625"
"2133981999","2015137455","1.0625"
"2015137455","2150188172","0.0625"
"2150188172","2015137455","0.0625"
"2015137455","2151461670","0.5625"
"2151461670","2015137455","0.5625"
"2015137455","2162974319","0.0625"
"2162974319","2015137455","0.0625"
"2015137455","2164463255","0.0625"
"2164463255","2015137455","0.0625"
"2042742130","2121262522","0.395833"
"2121262522","2042742130","0.395833"
"2042742130","2133981999","0.0625"
"2133981999","2042742130","0.0625"
"2100724082","2121262522","0.3125"
"2121262522","2100724082","0.3125"
"2100724082","2133981999","0.0625"
"2133981999","2100724082","0.0625"
"2100724082","2151461670","0.0625"
"2151461670","2100724082","0.0625"
"2100724082","2172259243","0.0625"
"2172259243","2100724082","0.0625"
"2121262522","2133981999","0.0625"
"2133981999","2121262522","0.0625"
"2121262522","2150188172","1.0625"
"2150188172","2121262522","1.0625"
"2121262522","2151461670","0.0625"
"2151461670","2121262522","0.0625"
"2121262522","2162974319","0.3125"
"2162974319","2121262522","0.3125"
"2121262522","2164463255","0.0625"
"2164463255","2121262522","0.0625"
"2121262522","2172259243","0.0625"
"2172259243","2121262522","0.0625"
"2133981999","2150188172","0.0625"
"2150188172","2133981999","0.0625"
"2133981999","2151461670","0.0625"
"2151461670","2133981999","0.0625"
"2133981999","2162974319","0.0625"
"2162974319","2133981999","0.0625"
"2133981999","2164463255","0.0625"
"2164463255","2133981999","0.0625"
"2133981999","2172259243","0.0625"
"2172259243","2133981999","0.0625"
"2150188172","2172259243","0.0625"
"2172259243","2150188172","0.0625"
"2151461670","2162974319","0.0625"
"2162974319","2151461670","0.0625"
"2151461670","2172259243","0.0625"
"2172259243","2151461670","0.0625"
"2162974319","2172259243","0.0625"
"2172259243","2162974319","0.0625"
"2164463255","2172259243","0.0625"
"2172259243","2164463255","0.0625"
"1574820975","2004511978","0.361111"
"2004511978","1574820975","0.361111"
"1574820975","2012370199","0.125"
"2012370199","1574820975","0.125"
"1574820975","2100724082","0.125"
"2100724082","1574820975","0.125"
"1574820975","2313768859","0.125"
"2313768859","1574820975","0.125"
"1574820975","2471456063","0.236111"
"2471456063","1574820975","0.236111"
"2012370199","2115470695","0.125"
"2115470695","2012370199","0.125"
"2012370199","2471456063","0.125"
"2471456063","2012370199","0.125"
"2042742130","2313768859","0.125"
"2313768859","2042742130","0.125"
"2100724082","2115470695","0.125"
"2115470695","2100724082","0.125"
"2100724082","2471456063","0.125"
"2471456063","2100724082","0.125"
"2115470695","2313768859","0.125"
"2313768859","2115470695","0.125"
"2115470695","2471456063","0.125"
"2471456063","2115470695","0.125"
"2162974319","2313768859","0.125"
"2313768859","2162974319","0.125"
"2162974319","2471456063","0.125"
"2471456063","2162974319","0.125"
"2261775381","2471456063","2.00516"
"2471456063","2261775381","2.00516"
"2313768859","2471456063","0.125"
"2471456063","2313768859","0.125"
"1482612322","1825827175","0.125"
"1825827175","1482612322","0.125"
"1574820975","1825827175","0.125"
"1825827175","1574820975","0.125"
"1575078351","1825827175","0.125"
"1825827175","1575078351","0.125"
"1825827175","1987684126","0.125"
"1987684126","1825827175","0.125"
"1825827175","2004511978","0.125"
"2004511978","1825827175","0.125"
"1825827175","2050855115","0.125"
"2050855115","1825827175","0.125"
"1825827175","2150188172","0.625"
"2150188172","1825827175","0.625"
"1825827175","2164463255","0.125"
"2164463255","1825827175","0.125"
"1492995925","2049356654","6.91667"
"2049356654","1492995925","6.91667"
"1492995925","1825827175","0.333333"
"1825827175","1492995925","0.333333"
"1492995925","1972225130","1.33333"
"1972225130","1492995925","1.33333"
"1825827175","1972225130","2.58333"
"1972225130","1825827175","2.58333"
"1825827175","2049356654","0.333333"
"2049356654","1825827175","0.333333"
"1972225130","2049356654","0.333333"
"2049356654","1972225130","0.333333"
"1492995925","2091963994","0.25"
"2091963994","1492995925","0.25"
"1492995925","2106214816","0.583333"
"2106214816","1492995925","0.583333"
"1492995925","2121262522","1.58333"
"2121262522","1492995925","1.58333"
"2049356654","2091963994","16.25"
"2091963994","2049356654","16.25"
"2049356654","2106214816","0.583333"
"2106214816","2049356654","0.583333"
"2049356654","2121262522","0.583333"
"2121262522","2049356654","0.583333"
"2091963994","2106214816","0.583333"
"2106214816","2091963994","0.583333"
"2091963994","2121262522","0.25"
"2121262522","2091963994","0.25"
"2106214816","2121262522","3.58333"
"2121262522","2106214816","3.58333"
"1511079641","1527686003","2"
"1527686003","1511079641","2"
"1511079641","2154065761","0.5"
"2154065761","1511079641","0.5"
"1527686003","2154065761","0.5"
"2154065761","1527686003","0.5"
"1511079641","1589059893","0.25"
"1589059893","1511079641","0.25"
"1511079641","1972225130","1.25"
"1972225130","1511079641","1.25"
"1511079641","2018916405","0.25"
"2018916405","1511079641","0.25"
"1511079641","2133732756","0.25"
"2133732756","1511079641","0.25"
"1589059893","1972225130","0.25"
"1972225130","1589059893","0.25"
"1589059893","2018916405","4.75"
"2018916405","1589059893","4.75"
"1589059893","2133732756","3.25"
"2133732756","1589059893","3.25"
"1972225130","2018916405","0.75"
"2018916405","1972225130","0.75"
"1972225130","2133732756","0.25"
"2133732756","1972225130","0.25"
"2018916405","2133732756","0.75"
"2133732756","2018916405","0.75"
"1511079641","1825827175","0.5"
"1825827175","1511079641","0.5"
"1527686003","1825827175","0.5"
"1825827175","1527686003","0.5"
"1511079641","2313768859","1"
"2313768859","1511079641","1"
"1550818101","2037369246","3.25"
"2037369246","1550818101","3.25"
"1550818101","1964204142","1.25"
"1964204142","1550818101","1.25"
"1550818101","1986394600","0.25"
"1986394600","1550818101","0.25"
"1550818101","2123105932","0.25"
"2123105932","1550818101","0.25"
"1964204142","1986394600","2"
"1986394600","1964204142","2"
"1964204142","2037369246","1"
"2037369246","1964204142","1"
"1964204142","2123105932","4.5"
"2123105932","1964204142","4.5"
"1986394600","2037369246","2"
"2037369246","1986394600","2"
"1986394600","2123105932","1.5"
"2123105932","1986394600","1.5"
"2037369246","2123105932","0.5"
"2123105932","2037369246","0.5"
"1574820975","2280263187","0.25"
"2280263187","1574820975","0.25"
"1574820975","2305913748","0.25"
"2305913748","1574820975","0.25"
"1574820975","2557716486","0.25"
"2557716486","1574820975","0.25"
"1574820975","2609889289","0.25"
"2609889289","1574820975","0.25"
"2280263187","2305913748","2.26905"
"2305913748","2280263187","2.26905"
"2280263187","2557716486","4.37619"
"2557716486","2280263187","4.37619"
"2280263187","2609889289","2.01905"
"2609889289","2280263187","2.01905"
"2305913748","2557716486","2.12619"
"2557716486","2305913748","2.12619"
"2305913748","2609889289","44.3857"
"2609889289","2305913748","44.3857"
"2557716486","2609889289","2.37619"
"2609889289","2557716486","2.37619"
"1575078351","2305913748","0.95"
"2305913748","1575078351","0.95"
"1575078351","2609889289","0.95"
"2609889289","1575078351","0.95"
"2050855115","2305913748","3.06905"
"2305913748","2050855115","3.06905"
"2050855115","2609889289","2.56905"
"2609889289","2050855115","2.56905"
"2261775381","2305913748","3.21905"
"2305913748","2261775381","3.21905"
"2261775381","2609889289","2.46905"
"2609889289","2261775381","2.46905"
"2004511978","2305913748","0.325"
"2305913748","2004511978","0.325"
"2004511978","2609889289","0.325"
"2609889289","2004511978","0.325"
"1575078351","2060514845","0.25"
"2060514845","1575078351","0.25"
"1575078351","2280263187","0.25"
"2280263187","1575078351","0.25"
"1575078351","2557716486","0.25"
"2557716486","1575078351","0.25"
"2004511978","2060514845","0.125"
"2060514845","2004511978","0.125"
"2004511978","2280263187","0.125"
"2280263187","2004511978","0.125"
"2004511978","2557716486","0.125"
"2557716486","2004511978","0.125"
"2050855115","2060514845","2.36905"
"2060514845","2050855115","2.36905"
"2050855115","2280263187","2.70238"
"2280263187","2050855115","2.70238"
"2050855115","2557716486","1.55952"
"2557716486","2050855115","1.55952"
"2060514845","2261775381","1.36905"
"2261775381","2060514845","1.36905"
"2060514845","2280263187","7.28571"
"2280263187","2060514845","7.28571"
"2060514845","2305913748","1.03571"
"2305913748","2060514845","1.03571"
"2060514845","2557716486","1.80952"
"2557716486","2060514845","1.80952"
"2060514845","2609889289","1.03571"
"2609889289","2060514845","1.03571"
"2261775381","2280263187","2.18571"
"2280263187","2261775381","2.18571"
"2261775381","2557716486","1.87619"
"2557716486","2261775381","1.87619"
"1987684126","2060514845","0.125"
"2060514845","1987684126","0.125"
"1987684126","2280263187","0.791667"
"2280263187","1987684126","0.791667"
"1987684126","2305913748","0.125"
"2305913748","1987684126","0.125"
"1987684126","2557716486","0.625"
"2557716486","1987684126","0.625"
"1987684126","2609889289","0.625"
"2609889289","1987684126","0.625"
"1589059893","2133981999","0.5"
"2133981999","1589059893","0.5"
"2133732756","2133981999","0.5"
"2133981999","2133732756","0.5"
"1593414618","1964241047","0.5"
"1964241047","1593414618","0.5"
"1593414618","2151461670","0.5"
"2151461670","1593414618","0.5"
"1593414618","1748265123","1"
"1748265123","1593414618","1"
"1593414618","2012309545","0.833333"
"2012309545","1593414618","0.833333"
"2012309545","2172259243","1.83333"
"2172259243","2012309545","1.83333"
"1593414618","2136961462","0.333333"
"2136961462","1593414618","0.333333"
"2012309545","2136961462","11.8429"
"2136961462","2012309545","11.8429"
"2136961462","2172259243","0.333333"
"2172259243","2136961462","0.333333"
"173866368","2018916405","5.2"
"2018916405","173866368","5.2"
"173866368","50928538","0.333333"
"50928538","173866368","0.333333"
"1788060160","50928538","6.16667"
"50928538","1788060160","6.16667"
"2964182980","50928538","0.333333"
"50928538","2964182980","0.333333"
"1788060160","2018916405","0.2"
"2018916405","1788060160","0.2"
"1957199477","2018916405","0.2"
"2018916405","1957199477","0.2"
"2018916405","2069186598","0.2"
"2069186598","2018916405","0.2"
"2018916405","2964182980","0.7"
"2964182980","2018916405","0.7"
"1761759185","2012370199","0.916667"
"2012370199","1761759185","0.916667"
"1761759185","2042742130","0.25"
"2042742130","1761759185","0.25"
"1761759185","2100724082","0.916667"
"2100724082","1761759185","0.916667"
"1761759185","2162974319","0.916667"
"2162974319","1761759185","0.916667"
"2132482339","50928538","0.833333"
"50928538","2132482339","0.833333"
"1957199477","50928538","1.33333"
"50928538","1957199477","1.33333"
"1788060160","2514072401","0.833333"
"2514072401","1788060160","0.833333"
"1957199477","2514072401","0.833333"
"2514072401","1957199477","0.833333"
"2069186598","2514072401","0.333333"
"2514072401","2069186598","0.333333"
"1825827175","2313768859","1"
"2313768859","1825827175","1"
"1825827175","2133437447","1"
"2133437447","1825827175","1"
"1825827175","1964241047","0.75"
"1964241047","1825827175","0.75"
"1825827175","2151461670","0.75"
"2151461670","1825827175","0.75"
"1825827175","2154065761","0.25"
"2154065761","1825827175","0.25"
"1964241047","1972225130","0.25"
"1972225130","1964241047","0.25"
"1964241047","2154065761","0.25"
"2154065761","1964241047","0.25"
"1972225130","2151461670","0.25"
"2151461670","1972225130","0.25"
"1972225130","2154065761","0.25"
"2154065761","1972225130","0.25"
"2151461670","2154065761","0.25"
"2154065761","2151461670","0.25"
"1825827175","2106177700","0.5"
"2106177700","1825827175","0.5"
"2106177700","2150188172","4.08333"
"2150188172","2106177700","4.08333"
"1938811605","2514072401","6.33333"
"2514072401","1938811605","6.33333"
"1938811605","2620827576","3"
"2620827576","1938811605","3"
"2514072401","2620827576","4"
"2620827576","2514072401","4"
"1938811605","1964241047","1.33333"
"1964241047","1938811605","1.33333"
"1938811605","2888026659","0.333333"
"2888026659","1938811605","0.333333"
"1964241047","2514072401","0.666667"
"2514072401","1964241047","0.666667"
"1964241047","2888026659","0.333333"
"2888026659","1964241047","0.333333"
"2514072401","2888026659","0.333333"
"2888026659","2514072401","0.333333"
"1964204142","1964241047","0.583333"
"1964241047","1964204142","0.583333"
"1964241047","1986394600","0.25"
"1986394600","1964241047","0.25"
"1964241047","2037369246","0.25"
"2037369246","1964241047","0.25"
"1964241047","2123105932","0.666667"
"2123105932","1964241047","0.666667"
"1964204142","2151461670","0.333333"
"2151461670","1964204142","0.333333"
"1964204142","2514072401","0.333333"
"2514072401","1964204142","0.333333"
"2151461670","2514072401","0.333333"
"2514072401","2151461670","0.333333"
"1964204142","2106177700","0.5"
"2106177700","1964204142","0.5"
"1964204142","2150188172","0.5"
"2150188172","1964204142","0.5"
"1964204142","2305913748","0.5"
"2305913748","1964204142","0.5"
"1964204142","2609889289","0.5"
"2609889289","1964204142","0.5"
"1964241047","2106177700","1.08333"
"2106177700","1964241047","1.08333"
"2050855115","2106177700","1.5"
"2106177700","2050855115","1.5"
"1964241047","2029256027","0.333333"
"2029256027","1964241047","0.333333"
"2029256027","2106177700","0.333333"
"2106177700","2029256027","0.333333"
"2029256027","2150188172","0.333333"
"2150188172","2029256027","0.333333"
"1964241047","2043231885","0.333333"
"2043231885","1964241047","0.333333"
"2043231885","2050855115","0.333333"
"2050855115","2043231885","0.333333"
"2043231885","2150188172","0.333333"
"2150188172","2043231885","0.333333"
"1964241047","2261775381","3"
"2261775381","1964241047","3"
"1964241047","2060514845","0.166667"
"2060514845","1964241047","0.166667"
"2042742130","2060514845","0.166667"
"2060514845","2042742130","0.166667"
"2042742130","2106177700","0.666667"
"2106177700","2042742130","0.666667"
"2042742130","2123105932","0.366667"
"2123105932","2042742130","0.366667"
"2050855115","2123105932","0.416667"
"2123105932","2050855115","0.416667"
"2060514845","2106177700","0.166667"
"2106177700","2060514845","0.166667"
"2060514845","2123105932","0.166667"
"2123105932","2060514845","0.166667"
"2060514845","2150188172","0.309524"
"2150188172","2060514845","0.309524"
"2106177700","2123105932","0.416667"
"2123105932","2106177700","0.416667"
"2123105932","2150188172","0.416667"
"2150188172","2123105932","0.416667"
"2151461670","2261775381","2"
"2261775381","2151461670","2"
"1964241047","2972552958","2"
"2972552958","1964241047","2"
"1987684126","2106177700","0.25"
"2106177700","1987684126","0.25"
"1987684126","2123105932","0.783333"
"2123105932","1987684126","0.783333"
"1964241047","2909799481","0.5"
"2909799481","1964241047","0.5"
"1964241047","3006124438","0.5"
"3006124438","1964241047","0.5"
"2909799481","3006124438","0.5"
"3006124438","2909799481","0.5"
"1964241047","2091963994","0.333333"
"2091963994","1964241047","0.333333"
"1964241047","2106214816","0.333333"
"2106214816","1964241047","0.333333"
"2091963994","2151461670","0.333333"
"2151461670","2091963994","0.333333"
"2106214816","2151461670","0.333333"
"2151461670","2106214816","0.333333"
"1965630947","2005926671","0.342857"
"2005926671","1965630947","0.342857"
"1965630947","2012309545","0.342857"
"2012309545","1965630947","0.342857"
"1965630947","2018916405","0.642857"
"2018916405","1965630947","0.642857"
"1965630947","2068648115","0.342857"
"2068648115","1965630947","0.342857"
"1965630947","2133981999","1.84286"
"2133981999","1965630947","1.84286"
"1965630947","2136961462","0.342857"
"2136961462","1965630947","0.342857"
"1965630947","2801609661","0.142857"
"2801609661","1965630947","0.142857"
"2005926671","2012309545","1.67619"
"2012309545","2005926671","1.67619"
"2005926671","2018916405","0.642857"
"2018916405","2005926671","0.642857"
"2005926671","2068648115","1.17619"
"2068648115","2005926671","1.17619"
"2005926671","2133981999","0.342857"
"2133981999","2005926671","0.342857"
"2005926671","2136961462","0.67619"
"2136961462","2005926671","0.67619"
"2005926671","2801609661","0.142857"
"2801609661","2005926671","0.142857"
"2012309545","2018916405","0.142857"
"2018916405","2012309545","0.142857"
"2012309545","2068648115","1.00952"
"2068648115","2012309545","1.00952"
"2012309545","2133981999","0.342857"
"2133981999","2012309545","0.342857"
"2012309545","2801609661","1.97619"
"2801609661","2012309545","1.97619"
"2018916405","2068648115","0.642857"
"2068648115","2018916405","0.642857"
"2018916405","2133981999","0.642857"
"2133981999","2018916405","0.642857"
"2018916405","2136961462","0.142857"
"2136961462","2018916405","0.142857"
"2018916405","2801609661","1.14286"
"2801609661","2018916405","1.14286"
"2068648115","2133981999","0.342857"
"2133981999","2068648115","0.342857"
"2068648115","2136961462","1.00952"
"2136961462","2068648115","1.00952"
"2068648115","2801609661","0.47619"
"2801609661","2068648115","0.47619"
"2133981999","2136961462","0.342857"
"2136961462","2133981999","0.342857"
"2133981999","2801609661","2.14286"
"2801609661","2133981999","2.14286"
"2136961462","2801609661","0.97619"
"2801609661","2136961462","0.97619"
"1965630947","2106214816","1"
"2106214816","1965630947","1"
"1969890816","2950066059","1"
"2950066059","1969890816","1"
"1972225130","2091963994","0.5"
"2091963994","1972225130","0.5"
"2018916405","2091963994","0.5"
"2091963994","2018916405","0.5"
"1972225130","2519082534","1"
"2519082534","1972225130","1"
"1972225130","2133437447","1"
