"125925666","2041770008","1.25"
"2041770008","125925666","1.25"
"125925666","1659797312","1.64286"
"1659797312","125925666","1.64286"
"125925666","2185719260","1.64286"
"2185719260","125925666","1.64286"
"1659797312","2185719260","11.4206"
"2185719260","1659797312","11.4206"
"125925666","1967831627","1.39286"
"1967831627","125925666","1.39286"
"125925666","2121740667","1.39286"
"2121740667","125925666","1.39286"
"1967831627","2121740667","20.3095"
"2121740667","1967831627","20.3095"
"125925666","2116469285","1"
"2116469285","125925666","1"
"125925666","1508574118","0.25"
"1508574118","125925666","0.25"
"125925666","1559749472","0.25"
"1559749472","125925666","0.25"
"125925666","2093766169","0.642857"
"2093766169","125925666","0.642857"
"125925666","2129554248","0.25"
"2129554248","125925666","0.25"
"1508574118","1559749472","8.25"
"1559749472","1508574118","8.25"
"1508574118","2093766169","0.25"
"2093766169","1508574118","0.25"
"1508574118","2129554248","0.25"
"2129554248","1508574118","0.25"
"1559749472","2093766169","0.25"
"2093766169","1559749472","0.25"
"1559749472","2129554248","0.25"
"2129554248","1559749472","0.25"
"2093766169","2129554248","0.25"
"2129554248","2093766169","0.25"
"125925666","2132223977","0.142857"
"2132223977","125925666","0.142857"
"125925666","2151663987","0.392857"
"2151663987","125925666","0.392857"
"1659797312","1967831627","0.47619"
"1967831627","1659797312","0.47619"
"1659797312","2093766169","0.892857"
"2093766169","1659797312","0.892857"
"1659797312","2121740667","0.47619"
"2121740667","1659797312","0.47619"
"1659797312","2132223977","0.142857"
"2132223977","1659797312","0.142857"
"1659797312","2151663987","0.392857"
"2151663987","1659797312","0.392857"
"1967831627","2093766169","0.72619"
"2093766169","1967831627","0.72619"
"1967831627","2132223977","3.39286"
"2132223977","1967831627","3.39286"
"1967831627","2151663987","0.392857"
"2151663987","1967831627","0.392857"
"1967831627","2185719260","0.809524"
"2185719260","1967831627","0.809524"
"2093766169","2121740667","0.72619"
"2121740667","2093766169","0.72619"
"2093766169","2132223977","0.142857"
"2132223977","2093766169","0.142857"
"2093766169","2151663987","1.14286"
"2151663987","2093766169","1.14286"
"2093766169","2185719260","0.892857"
"2185719260","2093766169","0.892857"
"2121740667","2132223977","4.39286"
"2132223977","2121740667","4.39286"
"2121740667","2151663987","0.392857"
"2151663987","2121740667","0.392857"
"2121740667","2185719260","0.809524"
"2185719260","2121740667","0.809524"
"2132223977","2151663987","0.142857"
"2151663987","2132223977","0.142857"
"2132223977","2185719260","0.47619"
"2185719260","2132223977","0.47619"
"2151663987","2185719260","0.392857"
"2185719260","2151663987","0.392857"
"125925666","1601435884","0.25"
"1601435884","125925666","0.25"
"125925666","1983058606","0.25"
"1983058606","125925666","0.25"
"125925666","2160091496","0.25"
"2160091496","125925666","0.25"
"1601435884","1983058606","0.46978"
"1983058606","1601435884","0.46978"
"1601435884","2041770008","0.46978"
"2041770008","1601435884","0.46978"
"1601435884","2160091496","0.25"
"2160091496","1601435884","0.25"
"1983058606","2041770008","0.96978"
"2041770008","1983058606","0.96978"
"1983058606","2160091496","0.75"
"2160091496","1983058606","0.75"
"2041770008","2160091496","0.892857"
"2160091496","2041770008","0.892857"
"1482980260","38346608","4.36667"
"38346608","1482980260","4.36667"
"1482980260","2150950420","1.36667"
"2150950420","1482980260","1.36667"
"2150950420","38346608","1.36667"
"38346608","2150950420","1.36667"
"1482980260","2075542854","0.5"
"2075542854","1482980260","0.5"
"1482980260","2089967388","0.5"
"2089967388","1482980260","0.5"
"2075542854","2089967388","0.5"
"2089967388","2075542854","0.5"
"1482980260","1522055873","0.366667"
"1522055873","1482980260","0.366667"
"1482980260","2032775418","0.166667"
"2032775418","1482980260","0.166667"
"1482980260","2432192764","0.166667"
"2432192764","1482980260","0.166667"
"1482980260","2963999993","0.166667"
"2963999993","1482980260","0.166667"
"1522055873","2032775418","0.166667"
"2032775418","1522055873","0.166667"
"1522055873","2150950420","1.2"
"2150950420","1522055873","1.2"
"1522055873","2432192764","0.166667"
"2432192764","1522055873","0.166667"
"1522055873","2963999993","0.166667"
"2963999993","1522055873","0.166667"
"1522055873","38346608","0.7"
"38346608","1522055873","0.7"
"2032775418","2150950420","0.666667"
"2150950420","2032775418","0.666667"
"2032775418","2432192764","0.416667"
"2432192764","2032775418","0.416667"
"2032775418","2963999993","0.666667"
"2963999993","2032775418","0.666667"
"2032775418","38346608","0.166667"
"38346608","2032775418","0.166667"
"2150950420","2432192764","0.166667"
"2432192764","2150950420","0.166667"
"2150950420","2963999993","0.166667"
"2963999993","2150950420","0.166667"
"2432192764","2963999993","11.4167"
"2963999993","2432192764","11.4167"
"2432192764","38346608","0.166667"
"38346608","2432192764","0.166667"
"2963999993","38346608","0.166667"
"38346608","2963999993","0.166667"
"1482980260","1596823748","1.2"
"1596823748","1482980260","1.2"
"1482980260","1964345410","0.2"
"1964345410","1482980260","0.2"
"1522055873","1596823748","0.533333"
"1596823748","1522055873","0.533333"
"1522055873","1964345410","0.2"
"1964345410","1522055873","0.2"
"1596823748","1964345410","0.45"
"1964345410","1596823748","0.45"
"1596823748","2150950420","0.2"
"2150950420","1596823748","0.2"
"1596823748","38346608","1.28333"
"38346608","1596823748","1.28333"
"1964345410","2150950420","0.2"
"2150950420","1964345410","0.2"
"1964345410","38346608","0.45"
"38346608","1964345410","0.45"
"1522055873","2041770008","0.333333"
"2041770008","1522055873","0.333333"
"1522055873","2145676903","0.5"
"2145676903","1522055873","0.5"
"2041770008","2145676903","0.47619"
"2145676903","2041770008","0.47619"
"2041770008","2150950420","0.5"
"2150950420","2041770008","0.5"
"2145676903","2150950420","0.333333"
"2150950420","2145676903","0.333333"
"1522055873","1601435884","0.666667"
"1601435884","1522055873","0.666667"
"1522055873","2000154402","1"
"2000154402","1522055873","1"
"1601435884","2000154402","4.05311"
"2000154402","1601435884","4.05311"
"1522055873","2132808937","0.166667"
"2132808937","1522055873","0.166667"
"1522055873","2424452828","0.166667"
"2424452828","1522055873","0.166667"
"1522055873","2952219792","0.166667"
"2952219792","1522055873","0.166667"
"1522055873","3004534299","0.166667"
"3004534299","1522055873","0.166667"
"1601435884","2132808937","0.166667"
"2132808937","1601435884","0.166667"
"1601435884","2145676903","0.309524"
"2145676903","1601435884","0.309524"
"1601435884","2424452828","0.24359"
"2424452828","1601435884","0.24359"
"1601435884","2952219792","0.24359"
"2952219792","1601435884","0.24359"
"1601435884","3004534299","0.666667"
"3004534299","1601435884","0.666667"
"2132808937","2145676903","0.291667"
"2145676903","2132808937","0.291667"
"2132808937","2424452828","0.166667"
"2424452828","2132808937","0.166667"
"2132808937","2952219792","0.166667"
"2952219792","2132808937","0.166667"
"2132808937","3004534299","1.29167"
"3004534299","2132808937","1.29167"
"2145676903","2424452828","2.15278"
"2424452828","2145676903","2.15278"
"2145676903","2952219792","2.15278"
"2952219792","2145676903","2.15278"
"2145676903","3004534299","0.691667"
"3004534299","2145676903","0.691667"
"2424452828","2952219792","16.4892"
"2952219792","2424452828","16.4892"
"2424452828","3004534299","0.166667"
"3004534299","2424452828","0.166667"
"2952219792","3004534299","0.166667"
"3004534299","2952219792","0.166667"
"1522055873","2044240774","0.333333"
"2044240774","1522055873","0.333333"
"1596823748","2044240774","0.583333"
"2044240774","1596823748","0.583333"
"2044240774","38346608","0.583333"
"38346608","2044240774","0.583333"
"2000154402","2150950420","0.5"
"2150950420","2000154402","0.5"
"1559749472","2010640875","1"
"2010640875","1559749472","1"
"1559749472","2032775418","0.333333"
"2032775418","1559749472","0.333333"
"1559749472","2103701698","0.333333"
"2103701698","1559749472","0.333333"
"1559749472","2132244350","0.333333"
"2132244350","1559749472","0.333333"
"2032775418","2103701698","0.410256"
"2103701698","2032775418","0.410256"
"2032775418","2132244350","0.333333"
"2132244350","2032775418","0.333333"
"2103701698","2132244350","5.41667"
"2132244350","2103701698","5.41667"
"1568232141","1968829657","0.809524"
"1968829657","1568232141","0.809524"
"1568232141","2151454464","0.444444"
"2151454464","1568232141","0.444444"
"1568232141","2153406069","0.444444"
"2153406069","1568232141","0.444444"
"1968829657","2151454464","1.24359"
"2151454464","1968829657","1.24359"
"1968829657","2153406069","0.666667"
"2153406069","1968829657","0.666667"
"2151454464","2153406069","9.56111"
"2153406069","2151454464","9.56111"
"1568232141","1659797312","0.111111"
"1659797312","1568232141","0.111111"
"1568232141","1983058606","0.253968"
"1983058606","1568232141","0.253968"
"1568232141","2145676903","0.253968"
"2145676903","1568232141","0.253968"
"1568232141","2185719260","0.111111"
"2185719260","1568232141","0.111111"
"1568232141","2424452828","0.111111"
"2424452828","1568232141","0.111111"
"1568232141","2952069069","0.253968"
"2952069069","1568232141","0.253968"
"1568232141","2952219792","0.111111"
"2952219792","1568232141","0.111111"
"1659797312","1983058606","0.277778"
"1983058606","1659797312","0.277778"
"1659797312","2145676903","0.111111"
"2145676903","1659797312","0.111111"
"1659797312","2151454464","0.444444"
"2151454464","1659797312","0.444444"
"1659797312","2153406069","0.444444"
"2153406069","1659797312","0.444444"
"1659797312","2424452828","0.527778"
"2424452828","1659797312","0.527778"
"1659797312","2952069069","0.111111"
"2952069069","1659797312","0.111111"
"1659797312","2952219792","0.527778"
"2952219792","1659797312","0.527778"
"1983058606","2145676903","0.503968"
"2145676903","1983058606","0.503968"
"1983058606","2151454464","0.604701"
"2151454464","1983058606","0.604701"
"1983058606","2153406069","0.527778"
"2153406069","1983058606","0.527778"
"1983058606","2185719260","0.354701"
"2185719260","1983058606","0.354701"
"1983058606","2424452828","0.188034"
"2424452828","1983058606","0.188034"
"1983058606","2952069069","0.503968"
"2952069069","1983058606","0.503968"
"1983058606","2952219792","0.188034"
"2952219792","1983058606","0.188034"
"2145676903","2151454464","0.561111"
"2151454464","2145676903","0.561111"
"2145676903","2153406069","0.561111"
"2153406069","2145676903","0.561111"
"2145676903","2185719260","0.111111"
"2185719260","2145676903","0.111111"
"2145676903","2952069069","15.8897"
"2952069069","2145676903","15.8897"
"2151454464","2185719260","1.68803"
"2185719260","2151454464","1.68803"
"2151454464","2424452828","2.68803"
"2424452828","2151454464","2.68803"
"2151454464","2952069069","0.561111"
"2952069069","2151454464","0.561111"
"2151454464","2952219792","2.18803"
"2952219792","2151454464","2.18803"
"2153406069","2185719260","0.611111"
"2185719260","2153406069","0.611111"
"2153406069","2424452828","0.777778"
"2424452828","2153406069","0.777778"
"2153406069","2952069069","0.561111"
"2952069069","2153406069","0.561111"
"2153406069","2952219792","0.777778"
"2952219792","2153406069","0.777778"
"2185719260","2424452828","0.914225"
"2424452828","2185719260","0.914225"
"2185719260","2952069069","0.111111"
"2952069069","2185719260","0.111111"
"2185719260","2952219792","0.914225"
"2952219792","2185719260","0.914225"
"2424452828","2952069069","1.98611"
"2952069069","2424452828","1.98611"
"2952069069","2952219792","1.98611"
"2952219792","2952069069","1.98611"
"1568232141","1601435884","0.47619"
"1601435884","1568232141","0.47619"
"1568232141","2000154402","0.47619"
"2000154402","1568232141","0.47619"
"1568232141","2041770008","0.142857"
"2041770008","1568232141","0.142857"
"1601435884","1968829657","0.553114"
"1968829657","1601435884","0.553114"
"1601435884","2952069069","0.142857"
"2952069069","1601435884","0.142857"
"1968829657","1983058606","0.21978"
"1983058606","1968829657","0.21978"
"1968829657","2000154402","10.3864"
"2000154402","1968829657","10.3864"
"1968829657","2041770008","0.21978"
"2041770008","1968829657","0.21978"
"1968829657","2145676903","0.142857"
"2145676903","1968829657","0.142857"
"1968829657","2952069069","0.142857"
"2952069069","1968829657","0.142857"
"1983058606","2000154402","0.21978"
"2000154402","1983058606","0.21978"
"2000154402","2041770008","0.21978"
"2041770008","2000154402","0.21978"
"2000154402","2145676903","0.142857"
"2145676903","2000154402","0.142857"
"2000154402","2952069069","0.142857"
"2952069069","2000154402","0.142857"
"2041770008","2952069069","0.142857"
"2952069069","2041770008","0.142857"
"1568232141","2093766169","1"
"2093766169","1568232141","1"
"1568232141","1768336749","1"
"1768336749","1568232141","1"
"1594135699","2145055832","1"
"2145055832","1594135699","1"
"1594135699","2118173195","0.5"
"2118173195","1594135699","0.5"
"1594135699","2149728808","0.5"
"2149728808","1594135699","0.5"
"2118173195","2149728808","0.5"
"2149728808","2118173195","0.5"
"1594135699","1964345410","0.2"
"1964345410","1594135699","0.2"
"1594135699","1974149771","0.2"
"1974149771","1594135699","0.2"
"1594135699","2032775418","0.2"
"2032775418","1594135699","0.2"
"1594135699","2563724055","0.2"
"2563724055","1594135699","0.2"
"1594135699","2949742316","0.2"
"2949742316","1594135699","0.2"
"1964345410","1974149771","2.45"
"1974149771","1964345410","2.45"
"1964345410","2032775418","0.592857"
"2032775418","1964345410","0.592857"
"1964345410","2563724055","0.592857"
"2563724055","1964345410","0.592857"
"1964345410","2949742316","0.592857"
"2949742316","1964345410","0.592857"
"1974149771","2032775418","0.526923"
"2032775418","1974149771","0.526923"
"1974149771","2563724055","0.45"
"2563724055","1974149771","0.45"
"1974149771","2949742316","0.45"
"2949742316","1974149771","0.45"
"2032775418","2563724055","3.54286"
"2563724055","2032775418","3.54286"
"2032775418","2949742316","3.87619"
"2949742316","2032775418","3.87619"
"2563724055","2949742316","16.7929"
"2949742316","2563724055","16.7929"
"1594135699","2140894225","1.5"
"2140894225","1594135699","1.5"
"1594135699","2163834250","1.5"
"2163834250","1594135699","1.5"
"2140894225","2163834250","3.08333"
"2163834250","2140894225","3.08333"
"1594135699","2107928811","1"
"2107928811","1594135699","1"
"1594135699","2116469285","1"
"2116469285","1594135699","1"
"1594135699","2160091496","1"
"2160091496","1594135699","1"
"1596823748","2118173195","1.5"
"2118173195","1596823748","1.5"
"2118173195","38346608","0.5"
"38346608","2118173195","0.5"
"1596823748","2093766169","0.25"
"2093766169","1596823748","0.25"
"1964345410","2044240774","0.25"
"2044240774","1964345410","0.25"
"1964345410","2093766169","0.583333"
"2093766169","1964345410","0.583333"
"2044240774","2093766169","0.75"
"2093766169","2044240774","0.75"
"2093766169","38346608","0.25"
"38346608","2093766169","0.25"
"1601435884","2024680396","1"
"2024680396","1601435884","1"
"1601435884","2804328743","0.5"
"2804328743","1601435884","0.5"
"2804328743","3004534299","8"
"3004534299","2804328743","8"
"1601435884","1974149771","0.0769231"
"1974149771","1601435884","0.0769231"
"1601435884","2032775418","0.0769231"
"2032775418","1601435884","0.0769231"
"1601435884","2103701698","0.0769231"
"2103701698","1601435884","0.0769231"
"1601435884","2112847223","0.0769231"
"2112847223","1601435884","0.0769231"
"1601435884","2151454464","0.0769231"
"2151454464","1601435884","0.0769231"
"1601435884","2163834250","0.0769231"
"2163834250","1601435884","0.0769231"
"1601435884","2185719260","0.0769231"
"2185719260","1601435884","0.0769231"
"1968829657","1974149771","0.0769231"
"1974149771","1968829657","0.0769231"
"1968829657","2032775418","0.0769231"
"2032775418","1968829657","0.0769231"
"1968829657","2103701698","0.0769231"
"2103701698","1968829657","0.0769231"
"1968829657","2112847223","0.0769231"
"2112847223","1968829657","0.0769231"
"1968829657","2163834250","0.0769231"
"2163834250","1968829657","0.0769231"
"1968829657","2185719260","0.0769231"
"2185719260","1968829657","0.0769231"
"1968829657","2424452828","0.576923"
"2424452828","1968829657","0.576923"
"1968829657","2952219792","0.0769231"
"2952219792","1968829657","0.0769231"
"1974149771","1983058606","0.0769231"
"1983058606","1974149771","0.0769231"
"1974149771","2000154402","0.0769231"
"2000154402","1974149771","0.0769231"
"1974149771","2041770008","0.0769231"
"2041770008","1974149771","0.0769231"
"1974149771","2103701698","0.276923"
"2103701698","1974149771","0.276923"
"1974149771","2112847223","0.0769231"
"2112847223","1974149771","0.0769231"
"1974149771","2151454464","0.0769231"
"2151454464","1974149771","0.0769231"
"1974149771","2163834250","0.0769231"
"2163834250","1974149771","0.0769231"
"1974149771","2185719260","0.576923"
"2185719260","1974149771","0.576923"
"1974149771","2424452828","0.0769231"
"2424452828","1974149771","0.0769231"
"1974149771","2952219792","0.0769231"
"2952219792","1974149771","0.0769231"
"1983058606","2032775418","0.0769231"
"2032775418","1983058606","0.0769231"
"1983058606","2103701698","0.0769231"
"2103701698","1983058606","0.0769231"
"1983058606","2112847223","0.0769231"
"2112847223","1983058606","0.0769231"
"1983058606","2163834250","0.0769231"
"2163834250","1983058606","0.0769231"
"2000154402","2032775418","0.0769231"
"2032775418","2000154402","0.0769231"
"2000154402","2103701698","0.0769231"
"2103701698","2000154402","0.0769231"
"2000154402","2112847223","0.0769231"
"2112847223","2000154402","0.0769231"
"2000154402","2151454464","0.576923"
"2151454464","2000154402","0.576923"
"2000154402","2163834250","0.0769231"
"2163834250","2000154402","0.0769231"
"2000154402","2185719260","0.24359"
"2185719260","2000154402","0.24359"
"2000154402","2424452828","0.24359"
"2424452828","2000154402","0.24359"
"2000154402","2952219792","0.24359"
"2952219792","2000154402","0.24359"
"2032775418","2041770008","0.21978"
"2041770008","2032775418","0.21978"
"2032775418","2112847223","0.276923"
"2112847223","2032775418","0.276923"
"2032775418","2151454464","0.0769231"
"2151454464","2032775418","0.0769231"
"2032775418","2163834250","0.0769231"
"2163834250","2032775418","0.0769231"
"2032775418","2185719260","0.0769231"
"2185719260","2032775418","0.0769231"
"2032775418","2424452828","0.0769231"
"2424452828","2032775418","0.0769231"
"2032775418","2952219792","0.0769231"
"2952219792","2032775418","0.0769231"
"2041770008","2103701698","0.0769231"
"2103701698","2041770008","0.0769231"
"2041770008","2112847223","0.0769231"
"2112847223","2041770008","0.0769231"
"2041770008","2151454464","0.0769231"
"2151454464","2041770008","0.0769231"
"2041770008","2163834250","0.0769231"
"2163834250","2041770008","0.0769231"
"2041770008","2185719260","0.0769231"
"2185719260","2041770008","0.0769231"
"2041770008","2424452828","0.0769231"
"2424452828","2041770008","0.0769231"
"2041770008","2952219792","0.0769231"
"2952219792","2041770008","0.0769231"
"2103701698","2112847223","0.553114"
"2112847223","2103701698","0.553114"
"2103701698","2151454464","0.0769231"
"2151454464","2103701698","0.0769231"
"2103701698","2163834250","2.13645"
"2163834250","2103701698","2.13645"
"2103701698","2185719260","0.362637"
"2185719260","2103701698","0.362637"
"2103701698","2424452828","0.21978"
"2424452828","2103701698","0.21978"
"2103701698","2952219792","0.21978"
"2952219792","2103701698","0.21978"
"2112847223","2151454464","0.0769231"
"2151454464","2112847223","0.0769231"
"2112847223","2163834250","0.21978"
"2163834250","2112847223","0.21978"
"2112847223","2185719260","0.21978"
"2185719260","2112847223","0.21978"
"2112847223","2424452828","1.33645"
"2424452828","2112847223","1.33645"
"2112847223","2952219792","1.00311"
"2952219792","2112847223","1.00311"
"2151454464","2163834250","1.07692"
"2163834250","2151454464","1.07692"
"2163834250","2185719260","0.21978"
"2185719260","2163834250","0.21978"
"2163834250","2424452828","0.21978"
"2424452828","2163834250","0.21978"
"2163834250","2952219792","0.21978"
"2952219792","2163834250","0.21978"
"1659797312","2132560950","0.416667"
"2132560950","1659797312","0.416667"
"2132560950","2185719260","13.1262"
"2185719260","2132560950","13.1262"
"2132560950","2424452828","0.25"
"2424452828","2132560950","0.25"
"2132560950","2952219792","0.25"
"2952219792","2132560950","0.25"
"1659797312","2000154402","0.166667"
"2000154402","1659797312","0.166667"
"2000154402","2153406069","0.5"
"2153406069","2000154402","0.5"
"1659797312","1768336749","0.25"
"1768336749","1659797312","0.25"
"1768336749","2093766169","0.25"
"2093766169","1768336749","0.25"
"1768336749","2151663987","1.25"
"2151663987","1768336749","1.25"
"1768336749","2185719260","0.75"
"2185719260","1768336749","0.75"
"1659797312","2026965159","0.166667"
"2026965159","1659797312","0.166667"
"1983058606","2026965159","0.166667"
"2026965159","1983058606","0.166667"
"1983058606","2132560950","0.166667"
"2132560950","1983058606","0.166667"
"2026965159","2132560950","0.166667"
"2132560950","2026965159","0.166667"
"2026965159","2151454464","1.16667"
"2151454464","2026965159","1.16667"
"2026965159","2153406069","0.166667"
"2153406069","2026965159","0.166667"
"2026965159","2185719260","0.809524"
"2185719260","2026965159","0.809524"
"2132560950","2151454464","0.166667"
"2151454464","2132560950","0.166667"
"2132560950","2153406069","0.166667"
"2153406069","2132560950","0.166667"
"1768336749","2041770008","2.33333"
"2041770008","1768336749","2.33333"
"1768336749","67558203","0.5"
"67558203","1768336749","0.5"
"2185719260","67558203","1.2"
"67558203","2185719260","1.2"
"1768336749","2044240774","0.333333"
"2044240774","1768336749","0.333333"
"1768336749","2132244350","0.333333"
"2132244350","1768336749","0.333333"
"2041770008","2044240774","0.333333"
"2044240774","2041770008","0.333333"
"2041770008","2132244350","0.333333"
"2132244350","2041770008","0.333333"
"2044240774","2132244350","0.333333"
"2132244350","2044240774","0.333333"
"1768336749","2165286227","1"
"2165286227","1768336749","1"
"1768336749","1973440079","0.2"
"1973440079","1768336749","0.2"
"1768336749","1994694191","0.2"
"1994694191","1768336749","0.2"
"1768336749","2107907225","0.2"
"2107907225","1768336749","0.2"
"1768336749","2110970879","0.2"
"2110970879","1768336749","0.2"
"1768336749","2143100570","0.2"
"2143100570","1768336749","0.2"
"1973440079","1994694191","0.4"
"1994694191","1973440079","0.4"
"1973440079","2107907225","2.76667"
"2107907225","1973440079","2.76667"
"1973440079","2110970879","1.06667"
"2110970879","1973440079","1.06667"
"1973440079","2143100570","0.2"
"2143100570","1973440079","0.2"
"1994694191","2107907225","0.4"
"2107907225","1994694191","0.4"
"1994694191","2110970879","0.2"
"2110970879","1994694191","0.2"
"1994694191","2143100570","0.2"
"2143100570","1994694191","0.2"
"2107907225","2110970879","9.56667"
"2110970879","2107907225","9.56667"
"2107907225","2143100570","0.533333"
"2143100570","2107907225","0.533333"
"2110970879","2143100570","0.2"
"2143100570","2110970879","0.2"
"1964345410","1967831627","0.333333"
"1967831627","1964345410","0.333333"
"1964345410","2121740667","0.333333"
"2121740667","1964345410","0.333333"
"1964345410","2041770008","0.142857"
"2041770008","1964345410","0.142857"
"1964345410","2107928811","0.142857"
"2107928811","1964345410","0.142857"
"1964345410","2160091496","0.142857"
"2160091496","1964345410","0.142857"
"1964345410","2165286227","0.142857"
"2165286227","1964345410","0.142857"
"2032775418","2107928811","0.142857"
"2107928811","2032775418","0.142857"
"2032775418","2160091496","0.142857"
"2160091496","2032775418","0.142857"
"2032775418","2165286227","0.142857"
"2165286227","2032775418","0.142857"
"2041770008","2107928811","0.142857"
"2107928811","2041770008","0.142857"
"2041770008","2165286227","0.142857"
"2165286227","2041770008","0.142857"
"2041770008","2563724055","0.142857"
"2563724055","2041770008","0.142857"
"2041770008","2949742316","0.142857"
"2949742316","2041770008","0.142857"
"2107928811","2160091496","1.14286"
"2160091496","2107928811","1.14286"
"2107928811","2165286227","0.142857"
"2165286227","2107928811","0.142857"
"2107928811","2563724055","0.142857"
"2563724055","2107928811","0.142857"
"2107928811","2949742316","0.142857"
"2949742316","2107928811","0.142857"
"2160091496","2165286227","0.142857"
"2165286227","2160091496","0.142857"
"2160091496","2563724055","0.142857"
"2563724055","2160091496","0.142857"
"2160091496","2949742316","0.142857"
"2949742316","2160091496","0.142857"
"2165286227","2563724055","0.142857"
"2563724055","2165286227","0.142857"
"2165286227","2949742316","0.142857"
"2949742316","2165286227","0.142857"
"1967831627","2094206427","0.916667"
"2094206427","1967831627","0.916667"
"1967831627","2154729038","0.25"
"2154729038","1967831627","0.25"
"2094206427","2121740667","0.916667"
"2121740667","2094206427","0.916667"
"2094206427","2132223977","0.916667"
"2132223977","2094206427","0.916667"
"2094206427","2154729038","1.25"
"2154729038","2094206427","1.25"
"2121740667","2154729038","0.25"
"2154729038","2121740667","0.25"
"2132223977","2154729038","3.25"
"2154729038","2132223977","3.25"
"1968829657","2132808937","0.5"
"2132808937","1968829657","0.5"
"2000154402","2132808937","0.5"
"2132808937","2000154402","0.5"
"1973056687","2132223977","7"
"2132223977","1973056687","7"
"1973056687","2432192764","0.5"
"2432192764","1973056687","0.5"
"1973056687","2963999993","0.5"
"2963999993","1973056687","0.5"
"1973056687","2094206427","1"
"2094206427","1973056687","1"
"1973440079","1974149771","1.73333"
"1974149771","1973440079","1.73333"
"1973440079","2103701698","0.342857"
"2103701698","1973440079","0.342857"
"1973440079","2148608412","0.733333"
"2148608412","1973440079","0.733333"
"1974149771","1994694191","0.2"
"1994694191","1974149771","0.2"
"1974149771","2107907225","1.23333"
"2107907225","1974149771","1.23333"
"1974149771","2148608412","0.4"
"2148608412","1974149771","0.4"
"1994694191","2103701698","0.2"
"2103701698","1994694191","0.2"
"1994694191","2148608412","0.2"
"2148608412","1994694191","0.2"
"2103701698","2107907225","0.4"
"2107907225","2103701698","0.4"
"2103701698","2148608412","0.2"
"2148608412","2103701698","0.2"
"2107907225","2148608412","3.23333"
"2148608412","2107907225","3.23333"
"1973440079","2132560950","0.642857"
"2132560950","1973440079","0.642857"
"1973440079","2185719260","0.642857"
"2185719260","1973440079","0.642857"
"1974149771","2110970879","1.03333"
"2110970879","1974149771","1.03333"
"1973440079","2165286227","0.5"
"2165286227","1973440079","0.5"
"2107907225","2165286227","0.5"
"2165286227","2107907225","0.5"
"1973440079","2144113062","0.2"
"2144113062","1973440079","0.2"
"1974149771","2144113062","0.2"
"2144113062","1974149771","0.2"
"2107907225","2144113062","1.2"
"2144113062","2107907225","1.2"
"2110970879","2144113062","2.7"
"2144113062","2110970879","2.7"
"2110970879","2148608412","3.53333"
"2148608412","2110970879","3.53333"
"2144113062","2148608412","3.7"
"2148608412","2144113062","3.7"
"1973440079","2129554248","0.142857"
"2129554248","1973440079","0.142857"
"1973440079","2129622458","0.142857"
"2129622458","1973440079","0.142857"
"1973440079","2135432866","0.142857"
"2135432866","1973440079","0.142857"
"1973440079","2140894225","0.142857"
"2140894225","1973440079","0.142857"
"2103701698","2129554248","0.342857"
"2129554248","2103701698","0.342857"
"2103701698","2129622458","0.309524"
"2129622458","2103701698","0.309524"
"2103701698","2132560950","0.342857"
"2132560950","2103701698","0.342857"
"2103701698","2135432866","0.142857"
"2135432866","2103701698","0.142857"
"2103701698","2140894225","1.72619"
"2140894225","2103701698","1.72619"
"2129554248","2129622458","2.72619"
"2129622458","2129554248","2.72619"
"2129554248","2132560950","1.20952"
"2132560950","2129554248","1.20952"
"2129554248","2135432866","3.30952"
"2135432866","2129554248","3.30952"
"2129554248","2140894225","0.142857"
"2140894225","2129554248","0.142857"
"2129554248","2185719260","1.25952"
"2185719260","2129554248","1.25952"
"2129622458","2132560950","1.22619"
"2132560950","2129622458","1.22619"
"2129622458","2135432866","0.142857"
"2135432866","2129622458","0.142857"
"2129622458","2140894225","0.309524"
"2140894225","2129622458","0.309524"
"2129622458","2185719260","3.97619"
"2185719260","2129622458","3.97619"
"2132560950","2135432866","0.92619"
"2135432866","2132560950","0.92619"
"2132560950","2140894225","0.142857"
"2140894225","2132560950","0.142857"
"2135432866","2140894225","0.142857"
"2140894225","2135432866","0.142857"
"2135432866","2185719260","1.42619"
"2185719260","2135432866","1.42619"
"2140894225","2185719260","0.142857"
"2185719260","2140894225","0.142857"
"1974149771","2135432866","0.5"
"2135432866","1974149771","0.5"
"1974149771","2144416276","1"
"2144416276","1974149771","1"
"1974149771","2143100570","1"
"2143100570","1974149771","1"
"1982431534","2078461299","0.5"
"2078461299","1982431534","0.5"
"1982431534","2089950969","0.5"
"2089950969","1982431534","0.5"
"2078461299","2089950969","7.5"
"2089950969","2078461299","7.5"
"1982431534","2010640875","1.5"
"2010640875","1982431534","1.5"
"1982431534","67558203","0.5"
"67558203","1982431534","0.5"
"2010640875","67558203","0.5"
"67558203","2010640875","0.5"
"1983058606","2144416276","1.5"
"2144416276","1983058606","1.5"
"1983058606","2612526608","2"
"2612526608","1983058606","2"
"1983058606","2132244350","1"
"2132244350","1983058606","1"
"1983058606","2166709576","0.5"
"2166709576","1983058606","0.5"
"2144416276","2166709576","1.7"
"2166709576","2144416276","1.7"
"1994694191","2156184447","0.7"
"2156184447","1994694191","0.7"
"1994694191","2165286227","1.7"
"2165286227","1994694191","1.7"
"2156184447","2165286227","0.7"
"2165286227","2156184447","0.7"
"1994694191","2130527449","1"
"2130527449","1994694191","1"
"1994694191","2129622458","0.25"
"2129622458","1994694191","0.25"
"1994694191","2132560950","0.45"
"2132560950","1994694191","0.45"
"1994694191","2185719260","0.45"
"2185719260","1994694191","0.45"
"1994694191","67558203","0.25"
"67558203","1994694191","0.25"
"2129622458","67558203","0.5"
"67558203","2129622458","0.5"
"2132560950","67558203","0.65"
"67558203","2132560950","0.65"
"1994694191","2129554248","0.2"
"2129554248","1994694191","0.2"
"2129554248","2156184447","0.45"
"2156184447","2129554248","0.45"
"2129554248","2165286227","0.2"
"2165286227","2129554248","0.2"
"2132560950","2156184447","1.15"
"2156184447","2132560950","1.15"
"2132560950","2165286227","0.2"
"2165286227","2132560950","0.2"
"2156184447","2185719260","1.4"
"2185719260","2156184447","1.4"
"2165286227","2185719260","0.2"
"2185719260","2165286227","0.2"
"1994694191","2140894225","1"
"2140894225","1994694191","1"
"1995953849","2103701698","0.833333"
"2103701698","1995953849","0.833333"
"1995953849","2132244350","1.83333"
"2132244350","1995953849","1.83333"
"1995953849","2140894225","0.833333"
"2140894225","1995953849","0.833333"
"2132244350","2140894225","3.58333"
"2140894225","2132244350","3.58333"
"1995953849","2103702871","0.375"
"2103702871","1995953849","0.375"
"1995953849","2145676903","0.375"
"2145676903","1995953849","0.375"
"1995953849","2215987640","0.375"
"2215987640","1995953849","0.375"
"1995953849","2952069069","0.375"
"2952069069","1995953849","0.375"
"2103702871","2145676903","3.61071"
"2145676903","2103702871","3.61071"
"2103702871","2215987640","1.44405"
"2215987640","2103702871","1.44405"
"2103702871","2952069069","3.61071"
"2952069069","2103702871","3.61071"
"2145676903","2215987640","1.81071"
"2215987640","2145676903","1.81071"
"2215987640","2952069069","1.81071"
"2952069069","2215987640","1.81071"
"1995953849","2048659529","0.125"
"2048659529","1995953849","0.125"
"1995953849","2424452828","0.325"
"2424452828","1995953849","0.325"
"1995953849","2434702933","0.125"
"2434702933","1995953849","0.125"
"1995953849","2952219792","0.325"
"2952219792","1995953849","0.325"
"2048659529","2103702871","2.125"
"2103702871","2048659529","2.125"
"2048659529","2145676903","1.79167"
"2145676903","2048659529","1.79167"
"2048659529","2215987640","0.625"
"2215987640","2048659529","0.625"
"2048659529","2424452828","0.291667"
"2424452828","2048659529","0.291667"
"2048659529","2434702933","0.625"
"2434702933","2048659529","0.625"
"2048659529","2952069069","1.79167"
"2952069069","2048659529","1.79167"
"2048659529","2952219792","0.291667"
"2952219792","2048659529","0.291667"
"2103702871","2424452828","0.125"
"2424452828","2103702871","0.125"
"2103702871","2434702933","1.69405"
"2434702933","2103702871","1.69405"
"2103702871","2952219792","0.125"
"2952219792","2103702871","0.125"
"2145676903","2434702933","1.68571"
"2434702933","2145676903","1.68571"
"2215987640","2424452828","0.291667"
"2424452828","2215987640","0.291667"
"2215987640","2434702933","4.89405"
"2434702933","2215987640","4.89405"
"2215987640","2952219792","0.291667"
"2952219792","2215987640","0.291667"
"2424452828","2434702933","1.125"
"2434702933","2424452828","1.125"
"2434702933","2952069069","1.68571"
"2952069069","2434702933","1.68571"
"2434702933","2952219792","0.791667"
"2952219792","2434702933","0.791667"
"1995953849","2163834250","0.5"
"2163834250","1995953849","0.5"
"2132244350","2163834250","2.41667"
"2163834250","2132244350","2.41667"
"1995953849","2112847223","0.2"
"2112847223","1995953849","0.2"
"1995953849","2150528099","0.2"
"2150528099","1995953849","0.2"
"1995953849","2153231596","0.2"
"2153231596","1995953849","0.2"
"2112847223","2150528099","0.2"
"2150528099","2112847223","0.2"
"2112847223","2153231596","3.54286"
"2153231596","2112847223","3.54286"
"2150528099","2153231596","0.2"
"2153231596","2150528099","0.2"
"2150528099","2424452828","0.2"
"2424452828","2150528099","0.2"
"2150528099","2952219792","0.2"
"2952219792","2150528099","0.2"
"2153231596","2424452828","1.17619"
"2424452828","2153231596","1.17619"
"2153231596","2952219792","0.842857"
"2952219792","2153231596","0.842857"
"2006346002","2150528099","0.5"
"2150528099","2006346002","0.5"
"2006346002","2166709576","0.5"
"2166709576","2006346002","0.5"
"2150528099","2166709576","0.833333"
"2166709576","2150528099","0.833333"
"2006346002","2103701698","1.33333"
"2103701698","2006346002","1.33333"
"2006346002","2804328743","0.5"
"2804328743","2006346002","0.5"
"2006346002","3004534299","1.825"
"3004534299","2006346002","1.825"
"2006346002","2140894225","1.33333"
"2140894225","2006346002","1.33333"
"2006346002","2153406069","0.7"
"2153406069","2006346002","0.7"
"2140894225","2153406069","1"
"2153406069","2140894225","1"
"2006346002","2151454464","1.7"
"2151454464","2006346002","1.7"
"2006346002","2145676903","0.325"
"2145676903","2006346002","0.325"
"2006346002","2952069069","0.325"
"2952069069","2006346002","0.325"
"2151454464","3004534299","0.2"
"3004534299","2151454464","0.2"
"2153406069","3004534299","0.2"
"3004534299","2153406069","0.2"
"2952069069","3004534299","0.525"
"3004534299","2952069069","0.525"
"2140894225","2151454464","2"
"2151454464","2140894225","2"
"2006346002","2132244350","0.333333"
"2132244350","2006346002","0.333333"
"2006346002","2132808937","0.125"
"2132808937","2006346002","0.125"
"2006346002","2151663987","0.125"
"2151663987","2006346002","0.125"
"2006346002","2153231596","0.125"
"2153231596","2006346002","0.125"
"2006346002","2434702933","0.125"
"2434702933","2006346002","0.125"
"2006346002","2616245901","0.125"
"2616245901","2006346002","0.125"
"2132808937","2151663987","2.125"
"2151663987","2132808937","2.125"
"2132808937","2153231596","0.291667"
"2153231596","2132808937","0.291667"
"2132808937","2434702933","0.291667"
"2434702933","2132808937","0.291667"
"2132808937","2616245901","0.291667"
"2616245901","2132808937","0.291667"
"2132808937","2952069069","0.125"
"2952069069","2132808937","0.125"
"2145676903","2151663987","0.125"
"2151663987","2145676903","0.125"
"2145676903","2153231596","0.125"
"2153231596","2145676903","0.125"
"2145676903","2616245901","0.125"
"2616245901","2145676903","0.125"
"2151663987","2153231596","0.291667"
"2153231596","2151663987","0.291667"
"2151663987","2434702933","0.291667"
"2434702933","2151663987","0.291667"
"2151663987","2616245901","0.291667"
"2616245901","2151663987","0.291667"
"2151663987","2952069069","0.125"
"2952069069","2151663987","0.125"
"2151663987","3004534299","0.125"
"3004534299","2151663987","0.125"
"2153231596","2434702933","0.625"
"2434702933","2153231596","0.625"
"2153231596","2616245901","0.291667"
"2616245901","2153231596","0.291667"
"2153231596","2952069069","0.125"
"2952069069","2153231596","0.125"
"2153231596","3004534299","0.125"
"3004534299","2153231596","0.125"
"2434702933","2616245901","0.125"
"2616245901","2434702933","0.125"
"2434702933","3004534299","0.658333"
"3004534299","2434702933","0.658333"
"2616245901","2952069069","0.125"
"2952069069","2616245901","0.125"
"2616245901","3004534299","0.125"
"3004534299","2616245901","0.125"
"2013214811","2256424113","8.33333"
"2256424113","2013214811","8.33333"
"2013214811","2542998387","0.333333"
"2542998387","2013214811","0.333333"
"2013214811","2546672044","0.333333"
"2546672044","2013214811","0.333333"
"2256424113","2542998387","0.333333"
"2542998387","2256424113","0.333333"
"2256424113","2546672044","0.333333"
"2546672044","2256424113","0.333333"
"2542998387","2546672044","3.66667"
"2546672044","2542998387","3.66667"
"2021249047","2082611830","8.58333"
"2082611830","2021249047","8.58333"
"2021249047","2143852486","9.83333"
"2143852486","2021249047","9.83333"
"2021249047","2293133410","1.83333"
"2293133410","2021249047","1.83333"
"2082611830","2143852486","1.83333"
"2143852486","2082611830","1.83333"
"2082611830","2293133410","0.833333"
"2293133410","2082611830","0.833333"
"2143852486","2293133410","4.83333"
"2293133410","2143852486","4.83333"
"2021249047","2130527449","0.25"
"2130527449","2021249047","0.25"
"2082611830","2130527449","0.25"
"2130527449","2082611830","0.25"
"2130527449","2143852486","0.25"
"2143852486","2130527449","0.25"
"2130527449","2293133410","0.25"
"2293133410","2130527449","0.25"
"2021249047","2135432866","1.25"
"2135432866","2021249047","1.25"
"2082611830","2135432866","1.25"
"2135432866","2082611830","1.25"
"2021249047","2035015991","0.45"
"2035015991","2021249047","0.45"
"2021249047","2095733021","0.2"
"2095733021","2021249047","0.2"
"2021249047","2116469285","0.45"
"2116469285","2021249047","0.45"
"2021249047","2144416276","0.2"
"2144416276","2021249047","0.2"
"2021249047","2166709576","0.2"
"2166709576","2021249047","0.2"
"2035015991","2095733021","1.2"
"2095733021","2035015991","1.2"
"2035015991","2116469285","4.11667"
"2116469285","2035015991","4.11667"
"2035015991","2144416276","0.2"
"2144416276","2035015991","0.2"
"2035015991","2166709576","2.03333"
"2166709576","2035015991","2.03333"
"2095733021","2116469285","0.2"
"2116469285","2095733021","0.2"
"2095733021","2144416276","2.7"
"2144416276","2095733021","2.7"
"2095733021","2166709576","1.7"
"2166709576","2095733021","1.7"
"2116469285","2144416276","4.7"
"2144416276","2116469285","4.7"
"2116469285","2166709576","2.2"
"2166709576","2116469285","2.2"
"2021249047","2112847223","0.5"
"2112847223","2021249047","0.5"
"2082611830","2112847223","0.5"
"2112847223","2082611830","0.5"
"2021249047","2084434991","0.25"
"2084434991","2021249047","0.25"
"2035015991","2082611830","0.25"
"2082611830","2035015991","0.25"
"2035015991","2084434991","0.916667"
"2084434991","2035015991","0.916667"
"2082611830","2084434991","0.25"
"2084434991","2082611830","0.25"
"2082611830","2116469285","0.25"
"2116469285","2082611830","0.25"
"2084434991","2116469285","0.916667"
"2116469285","2084434991","0.916667"
"2135432866","2143852486","0.25"
"2143852486","2135432866","0.25"
"2135432866","2293133410","0.25"
"2293133410","2135432866","0.25"
"2024680396","2093766169","1.33333"
"2093766169","2024680396","1.33333"
"2024680396","2132244350","0.333333"
"2132244350","2024680396","0.333333"
"2024680396","2150528099","0.333333"
"2150528099","2024680396","0.333333"
"2093766169","2132244350","0.833333"
