"1501491257","1508853058","0.606046"
"1508853058","1501491257","0.606046"
"1501491257","2002682102","0.461601"
"2002682102","1501491257","0.461601"
"1501491257","2009018050","0.572712"
"2009018050","1501491257","0.572712"
"1501491257","2021986193","0.461601"
"2021986193","1501491257","0.461601"
"1501491257","2029911720","0.544935"
"2029911720","1501491257","0.544935"
"1501491257","2035127985","0.281046"
"2035127985","1501491257","0.281046"
"1501491257","2042186555","1.02271"
"2042186555","1501491257","1.02271"
"1501491257","2054160068","0.281046"
"2054160068","1501491257","0.281046"
"1501491257","2118295805","0.911601"
"2118295805","1501491257","0.911601"
"1508853058","2002682102","1.73779"
"2002682102","1508853058","1.73779"
"1508853058","2009018050","2.41438"
"2009018050","1508853058","2.41438"
"1508853058","2021986193","1.12113"
"2021986193","1508853058","1.12113"
"1508853058","2029911720","2.33065"
"2029911720","1508853058","2.33065"
"1508853058","2035127985","3.26557"
"2035127985","1508853058","3.26557"
"1508853058","2042186555","4.80843"
"2042186555","1508853058","4.80843"
"1508853058","2054160068","1.47271"
"2054160068","1508853058","1.47271"
"1508853058","2118295805","2.86398"
"2118295805","1508853058","2.86398"
"2002682102","2009018050","2.0116"
"2009018050","2002682102","2.0116"
"2002682102","2021986193","0.561601"
"2021986193","2002682102","0.561601"
"2002682102","2029911720","0.987792"
"2029911720","2002682102","0.987792"
"2002682102","2035127985","1.41279"
"2035127985","2002682102","1.41279"
"2002682102","2042186555","2.20446"
"2042186555","2002682102","2.20446"
"2002682102","2054160068","0.536601"
"2054160068","2002682102","0.536601"
"2002682102","2118295805","1.73779"
"2118295805","2002682102","1.73779"
"2009018050","2021986193","0.761601"
"2021986193","2009018050","0.761601"
"2009018050","2029911720","0.961601"
"2029911720","2009018050","0.961601"
"2009018050","2035127985","3.83938"
"2035127985","2009018050","3.83938"
"2009018050","2042186555","3.28938"
"2042186555","2009018050","3.28938"
"2009018050","2054160068","0.772712"
"2054160068","2009018050","0.772712"
"2009018050","2118295805","1.37827"
"2118295805","2009018050","1.37827"
"2021986193","2029911720","2.94613"
"2029911720","2021986193","2.94613"
"2021986193","2035127985","0.769935"
"2035127985","2021986193","0.769935"
"2021986193","2042186555","3.44613"
"2042186555","2021986193","3.44613"
"2021986193","2054160068","0.169935"
"2054160068","2021986193","0.169935"
"2021986193","2118295805","3.02946"
"2118295805","2021986193","3.02946"
"2029911720","2035127985","0.829458"
"2035127985","2029911720","0.829458"
"2029911720","2042186555","5.23898"
"2042186555","2029911720","5.23898"
"2029911720","2054160068","0.569935"
"2054160068","2029911720","0.569935"
"2029911720","2118295805","4.68898"
"2118295805","2029911720","4.68898"
"2035127985","2042186555","3.2239"
"2042186555","2035127985","3.2239"
"2035127985","2054160068","0.572712"
"2054160068","2035127985","0.572712"
"2035127985","2118295805","0.829458"
"2118295805","2035127985","0.829458"
"2042186555","2054160068","0.647712"
"2054160068","2042186555","0.647712"
"2042186555","2118295805","6.52232"
"2118295805","2042186555","6.52232"
"2054160068","2118295805","0.569935"
"2118295805","2054160068","0.569935"
"1501491257","1862957262","0.461601"
"1862957262","1501491257","0.461601"
"1508853058","1862957262","0.537792"
"1862957262","1508853058","0.537792"
"1862957262","2002682102","0.95049"
"2002682102","1862957262","0.95049"
"1862957262","2009018050","0.561601"
"2009018050","1862957262","0.561601"
"1862957262","2021986193","0.718347"
"2021986193","1862957262","0.718347"
"1862957262","2029911720","0.551681"
"2029911720","1862957262","0.551681"
"1862957262","2042186555","1.32946"
"2042186555","1862957262","1.32946"
"1862957262","2118295805","1.71835"
"2118295805","1862957262","1.71835"
"1501491257","1964031635","0.369935"
"1964031635","1501491257","0.369935"
"1501491257","2003975698","0.619935"
"2003975698","1501491257","0.619935"
"1501491257","2096309302","0.169935"
"2096309302","1501491257","0.169935"
"1508853058","1964031635","1.07113"
"1964031635","1508853058","1.07113"
"1508853058","2003975698","4.49732"
"2003975698","1508853058","4.49732"
"1508853058","2096309302","1.54493"
"2096309302","1508853058","1.54493"
"1862957262","1964031635","0.394935"
"1964031635","1862957262","0.394935"
"1862957262","2003975698","0.537792"
"2003975698","1862957262","0.537792"
"1862957262","2035127985","0.269935"
"2035127985","1862957262","0.269935"
"1862957262","2054160068","0.169935"
"2054160068","1862957262","0.169935"
"1862957262","2096309302","0.294935"
"2096309302","1862957262","0.294935"
"1964031635","2003975698","2.52946"
"2003975698","1964031635","2.52946"
"1964031635","2009018050","0.594935"
"2009018050","1964031635","0.594935"
"1964031635","2035127985","0.537792"
"2035127985","1964031635","0.537792"
"1964031635","2042186555","1.52113"
"2042186555","1964031635","1.52113"
"1964031635","2054160068","0.294935"
"2054160068","1964031635","0.294935"
"1964031635","2096309302","4.8366"
"2096309302","1964031635","4.8366"
"2003975698","2009018050","0.894935"
"2009018050","2003975698","0.894935"
"2003975698","2035127985","1.37113"
"2035127985","2003975698","1.37113"
"2003975698","2042186555","3.58065"
"2042186555","2003975698","3.58065"
"2003975698","2054160068","0.494935"
"2054160068","2003975698","0.494935"
"2003975698","2096309302","4.0866"
"2096309302","2003975698","4.0866"
"2009018050","2096309302","0.461601"
"2096309302","2009018050","0.461601"
"2035127985","2096309302","0.461601"
"2096309302","2035127985","0.461601"
"2042186555","2096309302","0.711601"
"2096309302","2042186555","0.711601"
"2054160068","2096309302","0.961601"
"2096309302","2054160068","0.961601"
"1964031635","2118295805","0.826681"
"2118295805","1964031635","0.826681"
"2003975698","2118295805","1.96954"
"2118295805","2003975698","1.96954"
"2003975698","2029911720","1.4362"
"2029911720","2003975698","1.4362"
"1501491257","2021593257","0.0588235"
"2021593257","1501491257","0.0588235"
"1501491257","2043904092","0.0588235"
"2043904092","1501491257","0.0588235"
"1501491257","2121745949","0.0588235"
"2121745949","1501491257","0.0588235"
"1501491257","2171862218","0.0588235"
"2171862218","1501491257","0.0588235"
"1508853058","2021593257","0.0588235"
"2021593257","1508853058","0.0588235"
"1508853058","2043904092","2.25882"
"2043904092","1508853058","2.25882"
"1508853058","2121745949","0.433824"
"2121745949","1508853058","0.433824"
"1508853058","2171862218","0.0588235"
"2171862218","1508853058","0.0588235"
"1862957262","2021593257","0.0588235"
"2021593257","1862957262","0.0588235"
"1862957262","2043904092","0.0588235"
"2043904092","1862957262","0.0588235"
"1862957262","2121745949","0.0588235"
"2121745949","1862957262","0.0588235"
"1862957262","2171862218","0.0588235"
"2171862218","1862957262","0.0588235"
"1964031635","2002682102","0.301681"
"2002682102","1964031635","0.301681"
"1964031635","2021593257","0.0588235"
"2021593257","1964031635","0.0588235"
"1964031635","2021986193","0.483824"
"2021986193","1964031635","0.483824"
"1964031635","2029911720","0.626681"
"2029911720","1964031635","0.626681"
"1964031635","2043904092","0.308824"
"2043904092","1964031635","0.308824"
"1964031635","2121745949","0.767157"
"2121745949","1964031635","0.767157"
"1964031635","2171862218","0.0588235"
"2171862218","1964031635","0.0588235"
"2002682102","2003975698","0.301681"
"2003975698","2002682102","0.301681"
"2002682102","2021593257","0.0588235"
"2021593257","2002682102","0.0588235"
"2002682102","2043904092","0.0588235"
"2043904092","2002682102","0.0588235"
"2002682102","2096309302","0.22549"
"2096309302","2002682102","0.22549"
"2002682102","2121745949","0.0588235"
"2121745949","2002682102","0.0588235"
"2002682102","2171862218","0.0588235"
"2171862218","2002682102","0.0588235"
"2003975698","2021593257","0.0588235"
"2021593257","2003975698","0.0588235"
"2003975698","2021986193","1.01001"
"2021986193","2003975698","1.01001"
"2003975698","2043904092","0.308824"
"2043904092","2003975698","0.308824"
"2003975698","2121745949","0.767157"
"2121745949","2003975698","0.767157"
"2003975698","2171862218","0.0588235"
"2171862218","2003975698","0.0588235"
"2009018050","2021593257","0.0588235"
"2021593257","2009018050","0.0588235"
"2009018050","2043904092","0.0588235"
"2043904092","2009018050","0.0588235"
"2009018050","2121745949","0.183824"
"2121745949","2009018050","0.183824"
"2009018050","2171862218","0.0588235"
"2171862218","2009018050","0.0588235"
"2021593257","2021986193","0.0588235"
"2021986193","2021593257","0.0588235"
"2021593257","2029911720","0.0588235"
"2029911720","2021593257","0.0588235"
"2021593257","2035127985","0.0588235"
"2035127985","2021593257","0.0588235"
"2021593257","2042186555","0.0588235"
"2042186555","2021593257","0.0588235"
"2021593257","2043904092","0.0588235"
"2043904092","2021593257","0.0588235"
"2021593257","2054160068","0.0588235"
"2054160068","2021593257","0.0588235"
"2021593257","2096309302","0.0588235"
"2096309302","2021593257","0.0588235"
"2021593257","2118295805","0.0588235"
"2118295805","2021593257","0.0588235"
"2021593257","2121745949","0.0588235"
"2121745949","2021593257","0.0588235"
"2021593257","2171862218","0.0588235"
"2171862218","2021593257","0.0588235"
"2021986193","2043904092","0.0588235"
"2043904092","2021986193","0.0588235"
"2021986193","2096309302","0.183824"
"2096309302","2021986193","0.183824"
"2021986193","2121745949","0.0588235"
"2121745949","2021986193","0.0588235"
"2021986193","2171862218","0.0588235"
"2171862218","2021986193","0.0588235"
"2029911720","2043904092","0.0588235"
"2043904092","2029911720","0.0588235"
"2029911720","2096309302","0.433824"
"2096309302","2029911720","0.433824"
"2029911720","2121745949","0.308824"
"2121745949","2029911720","0.308824"
"2029911720","2171862218","0.0588235"
"2171862218","2029911720","0.0588235"
"2035127985","2043904092","0.258824"
"2043904092","2035127985","0.258824"
"2035127985","2121745949","0.183824"
"2121745949","2035127985","0.183824"
"2035127985","2171862218","0.0588235"
"2171862218","2035127985","0.0588235"
"2042186555","2043904092","0.258824"
"2043904092","2042186555","0.258824"
"2042186555","2121745949","0.558824"
"2121745949","2042186555","0.558824"
"2042186555","2171862218","1.05882"
"2171862218","2042186555","1.05882"
"2043904092","2054160068","0.0588235"
"2054160068","2043904092","0.0588235"
"2043904092","2096309302","0.308824"
"2096309302","2043904092","0.308824"
"2043904092","2118295805","0.0588235"
"2118295805","2043904092","0.0588235"
"2043904092","2121745949","0.0588235"
"2121745949","2043904092","0.0588235"
"2043904092","2171862218","0.0588235"
"2171862218","2043904092","0.0588235"
"2054160068","2121745949","0.183824"
"2121745949","2054160068","0.183824"
"2054160068","2171862218","0.0588235"
"2171862218","2054160068","0.0588235"
"2096309302","2118295805","0.183824"
"2118295805","2096309302","0.183824"
"2096309302","2121745949","0.517157"
"2121745949","2096309302","0.517157"
"2096309302","2171862218","0.0588235"
"2171862218","2096309302","0.0588235"
"2118295805","2121745949","0.308824"
"2121745949","2118295805","0.308824"
"2118295805","2171862218","0.0588235"
"2171862218","2118295805","0.0588235"
"2121745949","2171862218","0.0588235"
"2171862218","2121745949","0.0588235"
"1508853058","2080747411","0.2"
"2080747411","1508853058","0.2"
"1508853058","2103310608","0.2"
"2103310608","1508853058","0.2"
"2035127985","2080747411","0.2"
"2080747411","2035127985","0.2"
"2035127985","2103310608","0.2"
"2103310608","2035127985","0.2"
"2042186555","2080747411","0.2"
"2080747411","2042186555","0.2"
"2042186555","2103310608","1.2"
"2103310608","2042186555","1.2"
"2043904092","2080747411","0.2"
"2080747411","2043904092","0.2"
"2043904092","2103310608","0.2"
"2103310608","2043904092","0.2"
"2080747411","2103310608","0.2"
"2103310608","2080747411","0.2"
"1508853058","2014064503","0.267857"
"2014064503","1508853058","0.267857"
"1862957262","2014064503","0.142857"
"2014064503","1862957262","0.142857"
"2003975698","2014064503","0.517857"
"2014064503","2003975698","0.517857"
"2014064503","2021986193","0.142857"
"2021986193","2014064503","0.142857"
"2014064503","2029911720","0.592857"
"2029911720","2014064503","0.592857"
"2014064503","2042186555","7.42619"
"2042186555","2014064503","7.42619"
"2014064503","2118295805","0.92619"
"2118295805","2014064503","0.92619"
"1964031635","2014064503","0.375"
"2014064503","1964031635","0.375"
"2009018050","2014064503","0.125"
"2014064503","2009018050","0.125"
"2014064503","2035127985","0.125"
"2035127985","2014064503","0.125"
"2014064503","2054160068","0.125"
"2054160068","2014064503","0.125"
"2014064503","2096309302","0.125"
"2096309302","2014064503","0.125"
"2014064503","2121745949","0.375"
"2121745949","2014064503","0.375"
"1508853058","2108172824","0.25"
"2108172824","1508853058","0.25"
"2021986193","2108172824","0.25"
"2108172824","2021986193","0.25"
"2035127985","2108172824","0.25"
"2108172824","2035127985","0.25"
"2042186555","2108172824","0.25"
"2108172824","2042186555","0.25"
"1585799956","1955285503","1.5"
"1955285503","1585799956","1.5"
"1585799956","2109520089","0.5"
"2109520089","1585799956","0.5"
"1585799956","2162670057","0.5"
"2162670057","1585799956","0.5"
"1585799956","2337859200","0.5"
"2337859200","1585799956","0.5"
"1955285503","2109520089","0.625"
"2109520089","1955285503","0.625"
"1955285503","2162670057","0.625"
"2162670057","1955285503","0.625"
"1955285503","2337859200","0.625"
"2337859200","1955285503","0.625"
"2109520089","2162670057","0.825"
"2162670057","2109520089","0.825"
"2109520089","2337859200","0.825"
"2337859200","2109520089","0.825"
"2162670057","2337859200","1.125"
"2337859200","2162670057","1.125"
"1862957262","2074100742","0.125"
"2074100742","1862957262","0.125"
"1964031635","2074100742","0.458333"
"2074100742","1964031635","0.458333"
"2003975698","2074100742","0.125"
"2074100742","2003975698","0.125"
"2021986193","2074100742","0.125"
"2074100742","2021986193","0.125"
"2029911720","2074100742","0.125"
"2074100742","2029911720","0.125"
"2042186555","2074100742","0.458333"
"2074100742","2042186555","0.458333"
"2074100742","2096309302","0.125"
"2096309302","2074100742","0.125"
"2074100742","2118295805","0.125"
"2118295805","2074100742","0.125"
"1926369758","2014959234","1.325"
"2014959234","1926369758","1.325"
"1926369758","2097674647","0.791667"
"2097674647","1926369758","0.791667"
"1926369758","2127300005","1.325"
"2127300005","1926369758","1.325"
"1926369758","2170304975","0.791667"
"2170304975","1926369758","0.791667"
"2014959234","2097674647","2.875"
"2097674647","2014959234","2.875"
"2014959234","2127300005","3.40833"
"2127300005","2014959234","3.40833"
"2014959234","2170304975","2.04167"
"2170304975","2014959234","2.04167"
"2097674647","2127300005","4.875"
"2127300005","2097674647","4.875"
"2097674647","2170304975","1.04167"
"2170304975","2097674647","1.04167"
"2127300005","2170304975","1.04167"
"2170304975","2127300005","1.04167"
"1926369758","2141686296","1.7"
"2141686296","1926369758","1.7"
"2014959234","2141686296","0.95"
"2141686296","2014959234","0.95"
"2127300005","2141686296","0.95"
"2141686296","2127300005","0.95"
"1926369758","1964031635","0.125"
"1964031635","1926369758","0.125"
"1926369758","2000231972","0.125"
"2000231972","1926369758","0.125"
"1926369758","2062631921","0.125"
"2062631921","1926369758","0.125"
"1926369758","2073260117","0.125"
"2073260117","1926369758","0.125"
"1964031635","2000231972","0.125"
"2000231972","1964031635","0.125"
"1964031635","2014959234","0.125"
"2014959234","1964031635","0.125"
"1964031635","2062631921","0.125"
"2062631921","1964031635","0.125"
"1964031635","2073260117","1.125"
"2073260117","1964031635","1.125"
"1964031635","2097674647","0.125"
"2097674647","1964031635","0.125"
"1964031635","2127300005","0.125"
"2127300005","1964031635","0.125"
"1964031635","2170304975","0.125"
"2170304975","1964031635","0.125"
"2000231972","2014959234","0.125"
"2014959234","2000231972","0.125"
"2000231972","2062631921","0.125"
"2062631921","2000231972","0.125"
"2000231972","2073260117","0.458333"
"2073260117","2000231972","0.458333"
"2000231972","2097674647","0.125"
"2097674647","2000231972","0.125"
"2000231972","2127300005","0.458333"
"2127300005","2000231972","0.458333"
"2000231972","2170304975","0.125"
"2170304975","2000231972","0.125"
"2014959234","2062631921","0.125"
"2062631921","2014959234","0.125"
"2014959234","2073260117","0.125"
"2073260117","2014959234","0.125"
"2062631921","2073260117","1.125"
"2073260117","2062631921","1.125"
"2062631921","2097674647","0.125"
"2097674647","2062631921","0.125"
"2062631921","2127300005","0.125"
"2127300005","2062631921","0.125"
"2062631921","2170304975","0.125"
"2170304975","2062631921","0.125"
"2073260117","2097674647","0.125"
"2097674647","2073260117","0.125"
"2073260117","2127300005","0.458333"
"2127300005","2073260117","0.458333"
"2073260117","2170304975","0.125"
"2170304975","2073260117","0.125"
"1926369758","2118752767","1.36667"
"2118752767","1926369758","1.36667"
"2014959234","2118752767","0.7"
"2118752767","2014959234","0.7"
"2097674647","2118752767","0.5"
"2118752767","2097674647","0.5"
"2097674647","2141686296","0.416667"
"2141686296","2097674647","0.416667"
"2118752767","2127300005","0.7"
"2127300005","2118752767","0.7"
"2118752767","2141686296","0.366667"
"2141686296","2118752767","0.366667"
"2118752767","2170304975","0.166667"
"2170304975","2118752767","0.166667"
"2141686296","2170304975","0.416667"
"2170304975","2141686296","0.416667"
"1926369758","1999529867","0.2"
"1999529867","1926369758","0.2"
"1999529867","2014959234","0.2"
"2014959234","1999529867","0.2"
"1999529867","2118752767","0.2"
"2118752767","1999529867","0.2"
"1999529867","2127300005","0.533333"
"2127300005","1999529867","0.533333"
"1999529867","2141686296","0.2"
"2141686296","1999529867","0.2"
"1955285503","2023907142","0.125"
"2023907142","1955285503","0.125"
"1955285503","2043904092","0.125"
"2043904092","1955285503","0.125"
"1955285503","2110045159","0.125"
"2110045159","1955285503","0.125"
"1955285503","2131604898","0.125"
"2131604898","1955285503","0.125"
"1955285503","2253231004","0.125"
"2253231004","1955285503","0.125"
"2023907142","2043904092","0.125"
"2043904092","2023907142","0.125"
"2023907142","2109520089","2.125"
"2109520089","2023907142","2.125"
"2023907142","2110045159","0.125"
"2110045159","2023907142","0.125"
"2023907142","2131604898","0.125"
"2131604898","2023907142","0.125"
"2023907142","2162670057","0.125"
"2162670057","2023907142","0.125"
"2023907142","2253231004","0.125"
"2253231004","2023907142","0.125"
"2023907142","2337859200","0.125"
"2337859200","2023907142","0.125"
"2043904092","2109520089","0.125"
"2109520089","2043904092","0.125"
"2043904092","2110045159","0.125"
"2110045159","2043904092","0.125"
"2043904092","2131604898","0.125"
"2131604898","2043904092","0.125"
"2043904092","2162670057","0.125"
"2162670057","2043904092","0.125"
"2043904092","2253231004","0.125"
"2253231004","2043904092","0.125"
"2043904092","2337859200","0.125"
"2337859200","2043904092","0.125"
"2109520089","2110045159","0.858333"
"2110045159","2109520089","0.858333"
"2109520089","2131604898","1.24167"
"2131604898","2109520089","1.24167"
"2109520089","2253231004","0.125"
"2253231004","2109520089","0.125"
"2110045159","2131604898","1.40833"
"2131604898","2110045159","1.40833"
"2110045159","2162670057","0.575"
"2162670057","2110045159","0.575"
"2110045159","2253231004","0.125"
"2253231004","2110045159","0.125"
"2110045159","2337859200","0.325"
"2337859200","2110045159","0.325"
"2131604898","2162670057","2.025"
"2162670057","2131604898","2.025"
"2131604898","2253231004","0.325"
"2253231004","2131604898","0.325"
"2131604898","2337859200","0.325"
"2337859200","2131604898","0.325"
"2162670057","2253231004","0.953968"
"2253231004","2162670057","0.953968"
"2253231004","2337859200","0.125"
"2337859200","2253231004","0.125"
"1955285503","2073260117","1"
"2073260117","1955285503","1"
"1955285503","2003975698","0.25"
"2003975698","1955285503","0.25"
"1955285503","2021986193","0.25"
"2021986193","1955285503","0.25"
"1955285503","2042186555","0.25"
"2042186555","1955285503","0.25"
"1955285503","2118295805","0.25"
"2118295805","1955285503","0.25"
"1964031635","2066695216","0.333333"
"2066695216","1964031635","0.333333"
"2042186555","2066695216","0.333333"
"2066695216","2042186555","0.333333"
"2066695216","2074100742","0.333333"
"2074100742","2066695216","0.333333"
"1964031635","2096562762","0.25"
"2096562762","1964031635","0.25"
"2003975698","2096562762","0.25"
"2096562762","2003975698","0.25"
"2043904092","2096562762","0.25"
"2096562762","2043904092","0.25"
"2096309302","2096562762","0.25"
"2096562762","2096309302","0.25"
"1971187657","1999529867","1.72183"
"1999529867","1971187657","1.72183"
"1971187657","2162670057","0.878968"
"2162670057","1971187657","0.878968"
"1999529867","2162670057","12.6123"
"2162670057","1999529867","12.6123"
"1971187657","1972208442","0.721825"
"1972208442","1971187657","0.721825"
"1971187657","2000625227","1.68849"
"2000625227","1971187657","1.68849"
"1971187657","2058196845","0.664683"
"2058196845","1971187657","0.664683"
"1971187657","2121881251","4.06468"
"2121881251","1971187657","4.06468"
"1971187657","220637603","1.23135"
"220637603","1971187657","1.23135"
"1971187657","2253231004","2.06468"
"2253231004","1971187657","2.06468"
"1972208442","1999529867","0.628968"
"1999529867","1972208442","0.628968"
"1972208442","2000625227","1.12897"
"2000625227","1972208442","1.12897"
"1972208442","2058196845","1.10516"
"2058196845","1972208442","1.10516"
"1972208442","2121881251","1.72183"
"2121881251","1972208442","1.72183"
"1972208442","2162670057","0.486111"
"2162670057","1972208442","0.486111"
"1972208442","220637603","1.88849"
"220637603","1972208442","1.88849"
"1972208442","2253231004","1.88849"
"2253231004","1972208442","1.88849"
"1999529867","2000625227","1.32897"
"2000625227","1999529867","1.32897"
"1999529867","2058196845","1.80516"
"2058196845","1999529867","1.80516"
"1999529867","2121881251","5.25516"
"2121881251","1999529867","5.25516"
"1999529867","220637603","2.63849"
"220637603","1999529867","2.63849"
"1999529867","2253231004","2.17183"
"2253231004","1999529867","2.17183"
"2000625227","2058196845","2.10516"
"2058196845","2000625227","2.10516"
"2000625227","2121881251","2.22183"
"2121881251","2000625227","2.22183"
"2000625227","2162670057","0.828968"
"2162670057","2000625227","0.828968"
"2000625227","220637603","2.02183"
"220637603","2000625227","2.02183"
"2000625227","2253231004","1.68849"
"2253231004","2000625227","1.68849"
"2058196845","2121881251","0.914683"
"2121881251","2058196845","0.914683"
"2058196845","2162670057","0.828968"
"2162670057","2058196845","0.828968"
"2058196845","220637603","1.24802"
"220637603","2058196845","1.24802"
"2058196845","2253231004","1.44802"
"2253231004","2058196845","1.44802"
"2121881251","2162670057","3.07897"
"2162670057","2121881251","3.07897"
"2121881251","220637603","3.14802"
"220637603","2121881251","3.14802"
"2121881251","2253231004","3.14802"
"2253231004","2121881251","3.14802"
"2162670057","220637603","0.628968"
"220637603","2162670057","0.628968"
"220637603","2253231004","7.98135"
"2253231004","220637603","7.98135"
"1971187657","2403689645","1.96349"
"2403689645","1971187657","1.96349"
"1972208442","2403689645","1.43016"
"2403689645","1972208442","1.43016"
"2121881251","2403689645","2.88016"
"2403689645","2121881251","2.88016"
"220637603","2403689645","8.21349"
"2403689645","220637603","8.21349"
"2253231004","2403689645","6.38016"
"2403689645","2253231004","6.38016"
"1999529867","2403689645","1.37063"
"2403689645","1999529867","1.37063"
"2000625227","2403689645","1.25397"
"2403689645","2000625227","1.25397"
"2058196845","2403689645","1.14683"
"2403689645","2058196845","1.14683"
"2162670057","2403689645","1.36111"
"2403689645","2162670057","1.36111"
"1977309386","2109520089","6.5"
"2109520089","1977309386","6.5"
"1977309386","2000231972","1.08333"
"2000231972","1977309386","1.08333"
"1977309386","2049822665","0.25"
"2049822665","1977309386","0.25"
"1977309386","2116796547","0.25"
"2116796547","1977309386","0.25"
"1977309386","2152367169","0.25"
"2152367169","1977309386","0.25"
"2000231972","2049822665","1.25"
"2049822665","2000231972","1.25"
"2000231972","2116796547","0.25"
"2116796547","2000231972","0.25"
"2000231972","2152367169","0.25"
"2152367169","2000231972","0.25"
"2049822665","2116796547","0.25"
"2116796547","2049822665","0.25"
"2049822665","2152367169","0.25"
"2152367169","2049822665","0.25"
"2116796547","2152367169","0.25"
"2152367169","2116796547","0.25"
"1977309386","2073260117","0.833333"
"2073260117","1977309386","0.833333"
"1977309386","2096562762","0.5"
"2096562762","1977309386","0.5"
"2073260117","2096562762","1.5"
"2096562762","2073260117","1.5"
"1977309386","2023907142","2"
"2023907142","1977309386","2"
"1977309386","2127300005","0.333333"
"2127300005","1977309386","0.333333"
"1977309386","2167308999","0.5"
"2167308999","1977309386","0.5"
"2109520089","2167308999","1.73333"
"2167308999","2109520089","1.73333"
"1977309386","2096309302","0.5"
"2096309302","1977309386","0.5"
"2000231972","2096309302","0.5"
"2096309302","2000231972","0.5"
"1977309386","2072669000","0.25"
"2072669000","1977309386","0.25"
"1977309386","2110045159","0.25"
"2110045159","1977309386","0.25"
"1977309386","2131604898","0.25"
"2131604898","1977309386","0.25"
"1977309386","2162670057","0.25"
"2162670057","1977309386","0.25"
"2072669000","2110045159","0.25"
"2110045159","2072669000","0.25"
"2072669000","2131604898","0.25"
"2131604898","2072669000","0.25"
"2072669000","2162670057","0.25"
"2162670057","2072669000","0.25"
"1991024205","2039371384","1"
"2039371384","1991024205","1"
"1991024205","2145215439","4"
"2145215439","1991024205","4"
"1991024205","2162670057","1.33333"
"2162670057","1991024205","1.33333"
"1991024205","1999529867","0.333333"
"1999529867","1991024205","0.333333"
"1991024205","2127300005","0.333333"
"2127300005","1991024205","0.333333"
"2127300005","2162670057","0.333333"
"2162670057","2127300005","0.333333"
"1991024205","2171862218","1"
"2171862218","1991024205","1"
"1991024205","2103310608","2.5"
"2103310608","1991024205","2.5"
"1991024205","2116796547","0.5"
"2116796547","1991024205","0.5"
"2103310608","2116796547","0.5"
"2116796547","2103310608","0.5"
"1996017156","2066695216","1.5"
"2066695216","1996017156","1.5"
"1996017156","2073260117","0.5"
"2073260117","1996017156","0.5"
"2066695216","2073260117","4.5"
"2073260117","2066695216","4.5"
"1996017156","2000231972","1"
"2000231972","1996017156","1"
"1999529867","2000231972","0.333333"
"2000231972","1999529867","0.333333"
"2000231972","2000625227","0.333333"
"2000625227","2000231972","0.333333"
"2000231972","2058196845","0.333333"
"2058196845","2000231972","0.333333"
"1999529867","2023907142","0.333333"
"2023907142","1999529867","0.333333"
"1999529867","2072669000","0.333333"
"2072669000","1999529867","0.333333"
"2023907142","2072669000","0.333333"
"2072669000","2023907142","0.333333"
"2023907142","2121881251","0.333333"
"2121881251","2023907142","0.333333"
"2072669000","2121881251","0.333333"
"2121881251","2072669000","0.333333"
"1999529867","2053102541","2"
"2053102541","1999529867","2"
"1999529867","2107021927","0.45"
"2107021927","1999529867","0.45"
"1999529867","2131604898","0.65"
"2131604898","1999529867","0.65"
"2107021927","2121881251","0.5"
"2121881251","2107021927","0.5"
"2107021927","2131604898","1.56667"
"2131604898","2107021927","1.56667"
"2107021927","2162670057","7.65"
"2162670057","2107021927","7.65"
"2121881251","2131604898","0.7"
"2131604898","2121881251","0.7"
"1999529867","2337859200","0.5"
"2337859200","1999529867","0.5"
"1999529867","2054149018","0.2"
"2054149018","1999529867","0.2"
"2000625227","2054149018","0.2"
"2054149018","2000625227","0.2"
"2000625227","2131604898","0.2"
"2131604898","2000625227","0.2"
"2054149018","2121881251","0.45"
"2121881251","2054149018","0.45"
"2054149018","2131604898","5.28333"
"2131604898","2054149018","5.28333"
"2054149018","2162670057","0.4"
"2162670057","2054149018","0.4"
"2058196845","2107021927","0.2"
"2107021927","2058196845","0.2"
"2058196845","2131604898","0.2"
"2131604898","2058196845","0.2"
"2107021927","2253231004","0.2"
"2253231004","2107021927","0.2"
"2000231972","959487582","4"
"959487582","2000231972","4"
"2002682102","2014064503","0.333333"
"2014064503","2002682102","0.333333"
"2003975698","2073260117","0.333333"
"2073260117","2003975698","0.333333"
"2021986193","2073260117","0.333333"
"2073260117","2021986193","0.333333"
"2073260117","2118295805","0.533333"
"2118295805","2073260117","0.533333"
"2014064503","2073260117","0.2"
"2073260117","2014064503","0.2"
"2014064503","2152367169","0.45"
"2152367169","2014064503","0.45"
"2029911720","2073260117","0.2"
"2073260117","2029911720","0.2"
"2029911720","2152367169","0.2"
"2152367169","2029911720","0.2"
"2042186555","2073260117","0.2"
"2073260117","2042186555","0.2"
"2042186555","2152367169","0.45"
"2152367169","2042186555","0.45"
"2073260117","2152367169","0.2"
"2152367169","2073260117","0.2"
"2118295805","2152367169","0.2"
"2152367169","2118295805","0.2"
"2014064503","2096562762","0.25"
"2096562762","2014064503","0.25"
"2029911720","2096562762","0.25"
"2096562762","2029911720","0.25"
"2042186555","2096562762","0.75"
"2096562762","2042186555","0.75"
"2096562762","2118295805","0.25"
"2118295805","2096562762","0.25"
"2014064503","2039371384","0.25"
"2039371384","2014064503","0.25"
"2014064503","2157700224","0.25"
"2157700224","2014064503","0.25"
"2039371384","2042186555","0.25"
"2042186555","2039371384","0.25"
"2039371384","2152367169","13.0833"
"2152367169","2039371384","13.0833"
"2039371384","2157700224","11.0833"
"2157700224","2039371384","11.0833"
"2042186555","2157700224","0.25"
"2157700224","2042186555","0.25"
"2152367169","2157700224","17.0833"
"2157700224","2152367169","17.0833"
"2014064503","2021593257","1"
"2021593257","2014064503","1"
"2014959234","2053102541","1"
"2053102541","2014959234","1"
"2039371384","2103310608","0.333333"
"2103310608","2039371384","0.333333"
"2103310608","2152367169","0.333333"
"2152367169","2103310608","0.333333"
"2103310608","2157700224","0.333333"
"2157700224","2103310608","0.333333"
"2042186555","2054149018","0.5"
"2054149018","2042186555","0.5"
"2054149018","2096562762","0.5"
"2096562762","2054149018","0.5"
"2043904092","215081581","5"
"215081581","2043904092","5"
"2049822665","2103310608","1"
"2103310608","2049822665","1"
"2049822665","2066695216","0.5"
"2066695216","2049822665","0.5"
"2049822665","2109520089","0.5"
"2109520089","2049822665","0.5"
"2066695216","2109520089","0.5"
"2109520089","2066695216","0.5"
"2053102541","2073260117","1"
"2073260117","2053102541","1"
"2054149018","2107021927","1.11667"
"2107021927","2054149018","1.11667"
"2054149018","2109520089","2.11667"
"2109520089","2054149018","2.11667"
"2107021927","2109520089","14.15"
"2109520089","2107021927","14.15"
"2054149018","2167308999","0.533333"
"2167308999","2054149018","0.533333"
"2107021927","2167308999","1.23333"
"2167308999","2107021927","1.23333"
"2109520089","2121881251","0.25"
"2121881251","2109520089","0.25"
"2054149018","2110045159","0.7"
"2110045159","2054149018","0.7"
"2107021927","2110045159","1.73333"
"2110045159","2107021927","1.73333"
"2110045159","2167308999","3.4"
"2167308999","2110045159","3.4"
"2162670057","2167308999","0.2"
"2167308999","2162670057","0.2"
"2066695216","2167406831","8"
"2167406831","2066695216","8"
"2066695216","319892727","2"
"319892727","2066695216","2"
"2073260117","2157700224","1"
"2157700224","2073260117","1"
"2080747411","2152074578","18"
"2152074578","2080747411","18"
"2080747411","2131604898","0.5"
"2131604898","2080747411","0.5"
"2131604898","2152074578","0.5"
"2152074578","2131604898","0.5"
"2080747411","2162670057","0.5"
"2162670057","2080747411","0.5"
"2152074578","2162670057","0.5"
"2162670057","2152074578","0.5"
"2096309302","2108172824","1"
"2108172824","2096309302","1"
"2096562762","2296541110","0.5"
"2296541110","2096562762","0.5"
"2096562762","2337859200","0.5"
"2337859200","2096562762","0.5"
"2296541110","2337859200","0.5"
"2337859200","2296541110","0.5"
"2107021927","2337859200","0.2"
"2337859200","2107021927","0.2"
"2131604898","2167308999","0.2"
"2167308999","2131604898","0.2"
"2167308999","2337859200","0.2"
"2337859200","2167308999","0.2"
