"13823626","1496305014","0.342857"
"1496305014","13823626","0.342857"
"13823626","1516042217","0.142857"
"1516042217","13823626","0.142857"
"13823626","1578530317","1.14286"
"1578530317","13823626","1.14286"
"13823626","1813387235","0.142857"
"1813387235","13823626","0.142857"
"13823626","1978160150","0.142857"
"1978160150","13823626","0.142857"
"13823626","2146899795","0.342857"
"2146899795","13823626","0.342857"
"13823626","2267350511","0.142857"
"2267350511","13823626","0.142857"
"1496305014","1516042217","0.142857"
"1516042217","1496305014","0.142857"
"1496305014","1578530317","0.142857"
"1578530317","1496305014","0.142857"
"1496305014","1813387235","0.142857"
"1813387235","1496305014","0.142857"
"1496305014","1978160150","0.142857"
"1978160150","1496305014","0.142857"
"1496305014","2146899795","1.34286"
"2146899795","1496305014","1.34286"
"1496305014","2267350511","0.142857"
"2267350511","1496305014","0.142857"
"1516042217","1578530317","0.142857"
"1578530317","1516042217","0.142857"
"1516042217","1813387235","2.64286"
"1813387235","1516042217","2.64286"
"1516042217","1978160150","0.142857"
"1978160150","1516042217","0.142857"
"1516042217","2146899795","0.142857"
"2146899795","1516042217","0.142857"
"1516042217","2267350511","0.142857"
"2267350511","1516042217","0.142857"
"1578530317","1813387235","8.39286"
"1813387235","1578530317","8.39286"
"1578530317","1978160150","0.142857"
"1978160150","1578530317","0.142857"
"1578530317","2146899795","0.392857"
"2146899795","1578530317","0.392857"
"1578530317","2267350511","0.142857"
"2267350511","1578530317","0.142857"
"1813387235","1978160150","0.142857"
"1978160150","1813387235","0.142857"
"1813387235","2146899795","0.392857"
"2146899795","1813387235","0.392857"
"1813387235","2267350511","0.142857"
"2267350511","1813387235","0.142857"
"1978160150","2146899795","0.142857"
"2146899795","1978160150","0.142857"
"1978160150","2267350511","0.309524"
"2267350511","1978160150","0.309524"
"2146899795","2267350511","0.142857"
"2267350511","2146899795","0.142857"
"13823626","1970673485","0.375"
"1970673485","13823626","0.375"
"13823626","2080533345","0.375"
"2080533345","13823626","0.375"
"13823626","2128248047","0.375"
"2128248047","13823626","0.375"
"13823626","2136278857","0.375"
"2136278857","13823626","0.375"
"1970673485","2080533345","0.724206"
"2080533345","1970673485","0.724206"
"1970673485","2128248047","0.613095"
"2128248047","1970673485","0.613095"
"1970673485","2136278857","0.55754"
"2136278857","1970673485","0.55754"
"2080533345","2128248047","4.98214"
"2128248047","2080533345","4.98214"
"2080533345","2136278857","3.7004"
"2136278857","2080533345","3.7004"
"2128248047","2136278857","1.08929"
"2136278857","2128248047","1.08929"
"13823626","1966426226","0.125"
"1966426226","13823626","0.125"
"13823626","2125852123","0.125"
"2125852123","13823626","0.125"
"13823626","2169781627","0.125"
"2169781627","13823626","0.125"
"13823626","2512377082","0.125"
"2512377082","13823626","0.125"
"1966426226","1970673485","0.196429"
"1970673485","1966426226","0.196429"
"1966426226","2080533345","0.672619"
"2080533345","1966426226","0.672619"
"1966426226","2125852123","0.196429"
"2125852123","1966426226","0.196429"
"1966426226","2128248047","0.339286"
"2128248047","1966426226","0.339286"
"1966426226","2136278857","0.196429"
"2136278857","1966426226","0.196429"
"1966426226","2169781627","0.196429"
"2169781627","1966426226","0.196429"
"1966426226","2512377082","6.17262"
"2512377082","1966426226","6.17262"
"1970673485","2125852123","0.30754"
"2125852123","1970673485","0.30754"
"1970673485","2169781627","0.30754"
"2169781627","1970673485","0.30754"
"1970673485","2512377082","0.196429"
"2512377082","1970673485","0.196429"
"2080533345","2125852123","1.4504"
"2125852123","2080533345","1.4504"
"2080533345","2169781627","3.64087"
"2169781627","2080533345","3.64087"
"2080533345","2512377082","1.23214"
"2512377082","2080533345","1.23214"
"2125852123","2128248047","1.08929"
"2128248047","2125852123","1.08929"
"2125852123","2136278857","0.700397"
"2136278857","2125852123","0.700397"
"2125852123","2169781627","1.05754"
"2169781627","2125852123","1.05754"
"2125852123","2512377082","0.589286"
"2512377082","2125852123","0.589286"
"2128248047","2169781627","1.77976"
"2169781627","2128248047","1.77976"
"2128248047","2512377082","0.482143"
"2512377082","2128248047","0.482143"
"2136278857","2169781627","0.55754"
"2169781627","2136278857","0.55754"
"2136278857","2512377082","2.08929"
"2512377082","2136278857","2.08929"
"2169781627","2512377082","0.196429"
"2512377082","2169781627","0.196429"
"13823626","2063036182","0.2"
"2063036182","13823626","0.2"
"13823626","2113334100","0.2"
"2113334100","13823626","0.2"
"13823626","2120468118","0.2"
"2120468118","13823626","0.2"
"1496305014","2063036182","0.2"
"2063036182","1496305014","0.2"
"1496305014","2113334100","0.2"
"2113334100","1496305014","0.2"
"1496305014","2120468118","0.2"
"2120468118","1496305014","0.2"
"2063036182","2113334100","2.17619"
"2113334100","2063036182","2.17619"
"2063036182","2120468118","2.17619"
"2120468118","2063036182","2.17619"
"2063036182","2146899795","0.2"
"2146899795","2063036182","0.2"
"2113334100","2120468118","13.9262"
"2120468118","2113334100","13.9262"
"2113334100","2146899795","0.2"
"2146899795","2113334100","0.2"
"2120468118","2146899795","0.2"
"2146899795","2120468118","0.2"
"1481682349","1991645955","0.416667"
"1991645955","1481682349","0.416667"
"1481682349","2104103390","8.36667"
"2104103390","1481682349","8.36667"
"1481682349","2113334100","0.416667"
"2113334100","1481682349","0.416667"
"1481682349","2120468118","0.416667"
"2120468118","1481682349","0.416667"
"1991645955","2104103390","0.416667"
"2104103390","1991645955","0.416667"
"1991645955","2113334100","17.5595"
"2113334100","1991645955","17.5595"
"1991645955","2120468118","6.22619"
"2120468118","1991645955","6.22619"
"2104103390","2113334100","0.416667"
"2113334100","2104103390","0.416667"
"2104103390","2120468118","0.416667"
"2120468118","2104103390","0.416667"
"1481682349","2134522724","0.95"
"2134522724","1481682349","0.95"
"2104103390","2134522724","2.2"
"2134522724","2104103390","2.2"
"1481682349","2051195289","0.166667"
"2051195289","1481682349","0.166667"
"1481682349","2063036182","0.166667"
"2063036182","1481682349","0.166667"
"1991645955","2051195289","8.30952"
"2051195289","1991645955","8.30952"
"1991645955","2063036182","5.30952"
"2063036182","1991645955","5.30952"
"2051195289","2063036182","10.3095"
"2063036182","2051195289","10.3095"
"2051195289","2104103390","0.166667"
"2104103390","2051195289","0.166667"
"2051195289","2113334100","0.809524"
"2113334100","2051195289","0.809524"
"2051195289","2120468118","0.809524"
"2120468118","2051195289","0.809524"
"2063036182","2104103390","0.166667"
"2104103390","2063036182","0.166667"
"1481682349","1520949886","2.95"
"1520949886","1481682349","2.95"
"1481682349","1594085708","0.95"
"1594085708","1481682349","0.95"
"1520949886","1594085708","4.45"
"1594085708","1520949886","4.45"
"1520949886","2104103390","0.95"
"2104103390","1520949886","0.95"
"1520949886","2134522724","3.95"
"2134522724","1520949886","3.95"
"1594085708","2104103390","0.45"
"2104103390","1594085708","0.45"
"1594085708","2134522724","0.45"
"2134522724","1594085708","0.45"
"1481682349","2152272665","0.2"
"2152272665","1481682349","0.2"
"1520949886","2152272665","1.7"
"2152272665","1520949886","1.7"
"1594085708","2152272665","0.7"
"2152272665","1594085708","0.7"
"2104103390","2152272665","0.2"
"2152272665","2104103390","0.2"
"2134522724","2152272665","0.2"
"2152272665","2134522724","0.2"
"1493773376","1983018368","0.7"
"1983018368","1493773376","0.7"
"1493773376","2057822545","4.7"
"2057822545","1493773376","4.7"
"1493773376","2135114001","2.2"
"2135114001","1493773376","2.2"
"1493773376","2162783807","1.5"
"2162783807","1493773376","1.5"
"1983018368","2057822545","0.95"
"2057822545","1983018368","0.95"
"1983018368","2135114001","0.95"
"2135114001","1983018368","0.95"
"1983018368","2162783807","0.75"
"2162783807","1983018368","0.75"
"2057822545","2135114001","3.11667"
"2135114001","2057822545","3.11667"
"2057822545","2162783807","5.91667"
"2162783807","2057822545","5.91667"
"2135114001","2162783807","2.91667"
"2162783807","2135114001","2.91667"
"1493773376","2123194427","2.7"
"2123194427","1493773376","2.7"
"2123194427","2135114001","0.7"
"2135114001","2123194427","0.7"
"1493773376","2060133495","0.2"
"2060133495","1493773376","0.2"
"1983018368","2060133495","0.45"
"2060133495","1983018368","0.45"
"1983018368","2123194427","0.2"
"2123194427","1983018368","0.2"
"2057822545","2060133495","2.11667"
"2060133495","2057822545","2.11667"
"2057822545","2123194427","0.2"
"2123194427","2057822545","0.2"
"2060133495","2123194427","0.2"
"2123194427","2060133495","0.2"
"2060133495","2135114001","1.11667"
"2135114001","2060133495","1.11667"
"1496305014","1888589365","0.333333"
"1888589365","1496305014","0.333333"
"1496305014","1970673485","0.333333"
"1970673485","1496305014","0.333333"
"1496305014","2064801593","0.333333"
"2064801593","1496305014","0.333333"
"1888589365","1970673485","1.07143"
"1970673485","1888589365","1.07143"
"1888589365","2064801593","3.4881"
"2064801593","1888589365","3.4881"
"1970673485","2064801593","1.07143"
"2064801593","1970673485","1.07143"
"1498299751","1970673485","5.11111"
"1970673485","1498299751","5.11111"
"1498299751","1535636150","0.111111"
"1535636150","1498299751","0.111111"
"1498299751","1976355580","0.111111"
"1976355580","1498299751","0.111111"
"1498299751","1986061503","0.111111"
"1986061503","1498299751","0.111111"
"1498299751","2080533345","0.111111"
"2080533345","1498299751","0.111111"
"1498299751","2112154958","0.111111"
"2112154958","1498299751","0.111111"
"1498299751","2125852123","0.111111"
"2125852123","1498299751","0.111111"
"1498299751","2136278857","0.111111"
"2136278857","1498299751","0.111111"
"1498299751","2169781627","0.111111"
"2169781627","1498299751","0.111111"
"1535636150","1970673485","0.349206"
"1970673485","1535636150","0.349206"
"1535636150","1976355580","0.18254"
"1976355580","1535636150","0.18254"
"1535636150","1986061503","2.65873"
"1986061503","1535636150","2.65873"
"1535636150","2080533345","0.492063"
"2080533345","1535636150","0.492063"
"1535636150","2112154958","0.18254"
"2112154958","1535636150","0.18254"
"1535636150","2125852123","0.18254"
"2125852123","1535636150","0.18254"
"1535636150","2136278857","0.18254"
"2136278857","1535636150","0.18254"
"1535636150","2169781627","0.18254"
"2169781627","1535636150","0.18254"
"1970673485","1976355580","0.18254"
"1976355580","1970673485","0.18254"
"1970673485","1986061503","0.349206"
"1986061503","1970673485","0.349206"
"1970673485","2112154958","0.18254"
"2112154958","1970673485","0.18254"
"1976355580","1986061503","0.18254"
"1986061503","1976355580","0.18254"
"1976355580","2080533345","0.18254"
"2080533345","1976355580","0.18254"
"1976355580","2112154958","0.68254"
"2112154958","1976355580","0.68254"
"1976355580","2125852123","0.18254"
"2125852123","1976355580","0.18254"
"1976355580","2136278857","0.18254"
"2136278857","1976355580","0.18254"
"1976355580","2169781627","0.68254"
"2169781627","1976355580","0.68254"
"1986061503","2080533345","0.492063"
"2080533345","1986061503","0.492063"
"1986061503","2112154958","0.18254"
"2112154958","1986061503","0.18254"
"1986061503","2125852123","0.18254"
"2125852123","1986061503","0.18254"
"1986061503","2136278857","0.18254"
"2136278857","1986061503","0.18254"
"1986061503","2169781627","0.18254"
"2169781627","1986061503","0.18254"
"2080533345","2112154958","1.99206"
"2112154958","2080533345","1.99206"
"2112154958","2125852123","3.8254"
"2125852123","2112154958","3.8254"
"2112154958","2136278857","1.0754"
"2136278857","2112154958","1.0754"
"2112154958","2169781627","1.26587"
"2169781627","2112154958","1.26587"
"1512943107","2162967415","5"
"2162967415","1512943107","5"
"1512943107","2080801059","0.25"
"2080801059","1512943107","0.25"
"1512943107","2104103390","0.25"
"2104103390","1512943107","0.25"
"1512943107","2104155818","0.25"
"2104155818","1512943107","0.25"
"1512943107","2134522724","0.25"
"2134522724","1512943107","0.25"
"2080801059","2104103390","0.25"
"2104103390","2080801059","0.25"
"2080801059","2104155818","3.25"
"2104155818","2080801059","3.25"
"2080801059","2134522724","0.25"
"2134522724","2080801059","0.25"
"2104103390","2104155818","0.25"
"2104155818","2104103390","0.25"
"2104155818","2134522724","0.25"
"2134522724","2104155818","0.25"
"1516042217","1919031954","3.33333"
"1919031954","1516042217","3.33333"
"1516042217","2006020859","0.833333"
"2006020859","1516042217","0.833333"
"1516042217","2166045895","0.833333"
"2166045895","1516042217","0.833333"
"1919031954","2006020859","0.333333"
"2006020859","1919031954","0.333333"
"1919031954","2166045895","0.333333"
"2166045895","1919031954","0.333333"
"2006020859","2166045895","12.1667"
"2166045895","2006020859","12.1667"
"1516042217","1535636150","0.5"
"1535636150","1516042217","0.5"
"1535636150","1813387235","0.5"
"1813387235","1535636150","0.5"
"1535636150","1888589365","0.404762"
"1888589365","1535636150","0.404762"
"1535636150","2064801593","0.547619"
"2064801593","1535636150","0.547619"
"1535636150","2128248047","0.380952"
"2128248047","1535636150","0.380952"
"1888589365","1986061503","0.404762"
"1986061503","1888589365","0.404762"
"1888589365","2080533345","0.488095"
"2080533345","1888589365","0.488095"
"1888589365","2128248047","0.238095"
"2128248047","1888589365","0.238095"
"1986061503","2064801593","0.547619"
"2064801593","1986061503","0.547619"
"1986061503","2128248047","0.380952"
"2128248047","1986061503","0.380952"
"2064801593","2080533345","1.13095"
"2080533345","2064801593","1.13095"
"2064801593","2128248047","0.380952"
"2128248047","2064801593","0.380952"
"1535636150","1966426226","0.214286"
"1966426226","1535636150","0.214286"
"1535636150","2153360418","0.214286"
"2153360418","1535636150","0.214286"
"1535636150","2512377082","0.214286"
"2512377082","1535636150","0.214286"
"1888589365","1966426226","0.0714286"
"1966426226","1888589365","0.0714286"
"1888589365","1976355580","0.0714286"
"1976355580","1888589365","0.0714286"
"1888589365","2112154958","0.0714286"
"2112154958","1888589365","0.0714286"
"1888589365","2125852123","0.0714286"
"2125852123","1888589365","0.0714286"
"1888589365","2136278857","0.321429"
"2136278857","1888589365","0.321429"
"1888589365","2153360418","0.0714286"
"2153360418","1888589365","0.0714286"
"1888589365","2169781627","0.321429"
"2169781627","1888589365","0.321429"
"1888589365","2512377082","0.0714286"
"2512377082","1888589365","0.0714286"
"1966426226","1976355580","0.0714286"
"1976355580","1966426226","0.0714286"
"1966426226","1986061503","0.214286"
"1986061503","1966426226","0.214286"
"1966426226","2064801593","0.214286"
"2064801593","1966426226","0.214286"
"1966426226","2112154958","0.404762"
"2112154958","1966426226","0.404762"
"1966426226","2153360418","0.214286"
"2153360418","1966426226","0.214286"
"1970673485","2153360418","0.0714286"
"2153360418","1970673485","0.0714286"
"1976355580","2064801593","0.0714286"
"2064801593","1976355580","0.0714286"
"1976355580","2128248047","0.0714286"
"2128248047","1976355580","0.0714286"
"1976355580","2153360418","0.0714286"
"2153360418","1976355580","0.0714286"
"1976355580","2512377082","0.0714286"
"2512377082","1976355580","0.0714286"
"1986061503","2153360418","0.214286"
"2153360418","1986061503","0.214286"
"1986061503","2512377082","0.214286"
"2512377082","1986061503","0.214286"
"2064801593","2112154958","0.238095"
"2112154958","2064801593","0.238095"
"2064801593","2125852123","0.0714286"
"2125852123","2064801593","0.0714286"
"2064801593","2136278857","0.321429"
"2136278857","2064801593","0.321429"
"2064801593","2153360418","0.380952"
"2153360418","2064801593","0.380952"
"2064801593","2169781627","0.321429"
"2169781627","2064801593","0.321429"
"2064801593","2512377082","0.214286"
"2512377082","2064801593","0.214286"
"2080533345","2153360418","0.214286"
"2153360418","2080533345","0.214286"
"2112154958","2128248047","2.29762"
"2128248047","2112154958","2.29762"
"2112154958","2153360418","0.238095"
"2153360418","2112154958","0.238095"
"2112154958","2512377082","0.464286"
"2512377082","2112154958","0.464286"
"2125852123","2153360418","0.0714286"
"2153360418","2125852123","0.0714286"
"2128248047","2153360418","0.214286"
"2153360418","2128248047","0.214286"
"2136278857","2153360418","0.0714286"
"2153360418","2136278857","0.0714286"
"2153360418","2169781627","0.0714286"
"2169781627","2153360418","0.0714286"
"2153360418","2512377082","0.214286"
"2512377082","2153360418","0.214286"
"1535636150","2134522724","2"
"2134522724","1535636150","2"
"1986061503","2134522724","5.5"
"2134522724","1986061503","5.5"
"1535636150","1978160150","0.166667"
"1978160150","1535636150","0.166667"
"1535636150","2073116371","0.166667"
"2073116371","1535636150","0.166667"
"1535636150","2267350511","0.166667"
"2267350511","1535636150","0.166667"
"1888589365","1978160150","0.166667"
"1978160150","1888589365","0.166667"
"1888589365","2073116371","0.166667"
"2073116371","1888589365","0.166667"
"1888589365","2267350511","0.166667"
"2267350511","1888589365","0.166667"
"1978160150","1986061503","0.166667"
"1986061503","1978160150","0.166667"
"1978160150","2064801593","0.166667"
"2064801593","1978160150","0.166667"
"1978160150","2073116371","0.166667"
"2073116371","1978160150","0.166667"
"1986061503","2073116371","0.166667"
"2073116371","1986061503","0.166667"
"1986061503","2267350511","0.166667"
"2267350511","1986061503","0.166667"
"2064801593","2073116371","0.166667"
"2073116371","2064801593","0.166667"
"2064801593","2267350511","0.166667"
"2267350511","2064801593","0.166667"
"2073116371","2267350511","0.166667"
"2267350511","2073116371","0.166667"
"1578530317","2161909588","0.5"
"2161909588","1578530317","0.5"
"1578530317","2162967415","0.5"
"2162967415","1578530317","0.5"
"1813387235","2161909588","0.25"
"2161909588","1813387235","0.25"
"1813387235","2162967415","0.25"
"2162967415","1813387235","0.25"
"2146899795","2161909588","6.25"
"2161909588","2146899795","6.25"
"2146899795","2162967415","1.25"
"2162967415","2146899795","1.25"
"2161909588","2162967415","0.5"
"2162967415","2161909588","0.5"
"1578530317","203936271","0.25"
"203936271","1578530317","0.25"
"1578530317","2084585486","0.25"
"2084585486","1578530317","0.25"
"203936271","2084585486","3.25"
"2084585486","203936271","3.25"
"203936271","2161909588","0.25"
"2161909588","203936271","0.25"
"203936271","2162967415","0.75"
"2162967415","203936271","0.75"
"2084585486","2161909588","0.25"
"2161909588","2084585486","0.25"
"2084585486","2162967415","0.25"
"2162967415","2084585486","0.25"
"1910978492","1978160150","5"
"1978160150","1910978492","5"
"1910978492","2512377082","1"
"2512377082","1910978492","1"
"1966426226","2585472988","2.83333"
"2585472988","1966426226","2.83333"
"1966426226","2604199453","3.33333"
"2604199453","1966426226","3.33333"
"2585472988","2604199453","10.8333"
"2604199453","2585472988","10.8333"
"2512377082","2604199453","1.83333"
"2604199453","2512377082","1.83333"
"2512377082","2585472988","0.333333"
"2585472988","2512377082","0.333333"
"1966426226","1977379210","0.333333"
"1977379210","1966426226","0.333333"
"1977379210","2080533345","0.97619"
"2080533345","1977379210","0.97619"
"1977379210","2112154958","3.97619"
"2112154958","1977379210","3.97619"
"1970576856","203936271","2"
"203936271","1970576856","2"
"1970576856","2084585486","6"
"2084585486","1970576856","6"
"1976355580","2080801059","1"
"2080801059","1976355580","1"
"1976355580","2104155818","1"
"2104155818","1976355580","1"
"1976355580","2038680758","1"
"2038680758","1976355580","1"
"1977379210","2064801593","0.5"
"2064801593","1977379210","0.5"
"1977379210","2125852123","0.642857"
"2125852123","1977379210","0.642857"
"1977379210","2104155818","0.142857"
"2104155818","1977379210","0.142857"
"1977379210","2128248047","0.142857"
"2128248047","1977379210","0.142857"
"1977379210","2136278857","0.142857"
"2136278857","1977379210","0.142857"
"1977379210","2512377082","0.142857"
"2512377082","1977379210","0.142857"
"2080533345","2104155818","0.142857"
"2104155818","2080533345","0.142857"
"2104155818","2112154958","0.142857"
"2112154958","2104155818","0.142857"
"2104155818","2125852123","0.142857"
"2125852123","2104155818","0.142857"
"2104155818","2128248047","0.142857"
"2128248047","2104155818","0.142857"
"2104155818","2136278857","0.142857"
"2136278857","2104155818","0.142857"
"2104155818","2512377082","0.142857"
"2512377082","2104155818","0.142857"
"2060133495","2162783807","1.91667"
"2162783807","2060133495","1.91667"
"1983286042","203144251","4.38333"
"203144251","1983286042","4.38333"
"1983286042","2038680758","3.38333"
"2038680758","1983286042","3.38333"
"1983286042","2067505258","4.05"
"2067505258","1983286042","4.05"
"1983286042","2070926453","2.35"
"2070926453","1983286042","2.35"
"203144251","2038680758","3.38333"
"2038680758","203144251","3.38333"
"203144251","2067505258","4.05"
"2067505258","203144251","4.05"
"203144251","2070926453","2.35"
"2070926453","203144251","2.35"
"2038680758","2067505258","7.21667"
"2067505258","2038680758","7.21667"
"2038680758","2070926453","14.35"
"2070926453","2038680758","14.35"
"2067505258","2070926453","3.18333"
"2070926453","2067505258","3.18333"
"1983286042","2028100237","0.2"
"2028100237","1983286042","0.2"
"2028100237","203144251","0.2"
"203144251","2028100237","0.2"
"2028100237","2038680758","1.03333"
"2038680758","2028100237","1.03333"
"2028100237","2067505258","0.533333"
"2067505258","2028100237","0.533333"
"2028100237","2070926453","1.03333"
"2070926453","2028100237","1.03333"
"1983286042","2116401198","0.733333"
"2116401198","1983286042","0.733333"
"1983286042","2142341229","0.533333"
"2142341229","1983286042","0.533333"
"1983286042","2153062644","0.366667"
"2153062644","1983286042","0.366667"
"203144251","2116401198","0.733333"
"2116401198","203144251","0.733333"
"203144251","2142341229","0.533333"
"2142341229","203144251","0.533333"
"203144251","2153062644","0.366667"
"2153062644","203144251","0.366667"
"2038680758","2116401198","2.73333"
"2116401198","2038680758","2.73333"
"2038680758","2142341229","1.2"
"2142341229","2038680758","1.2"
"2038680758","2153062644","0.7"
"2153062644","2038680758","0.7"
"2067505258","2116401198","1.9"
"2116401198","2067505258","1.9"
"2067505258","2142341229","3.36667"
"2142341229","2067505258","3.36667"
"2067505258","2153062644","1.7"
"2153062644","2067505258","1.7"
"2116401198","2142341229","2.7"
"2142341229","2116401198","2.7"
"2116401198","2153062644","0.5"
"2153062644","2116401198","0.5"
"2142341229","2153062644","0.5"
"2153062644","2142341229","0.5"
"2070926453","2153062644","0.533333"
"2153062644","2070926453","0.533333"
"2070926453","2116401198","2.36667"
"2116401198","2070926453","2.36667"
"2070926453","2142341229","0.833333"
"2142341229","2070926453","0.833333"
"1983765024","2584045454","2.5"
"2584045454","1983765024","2.5"
"1983765024","2604199453","3"
"2604199453","1983765024","3"
"2584045454","2604199453","2.5"
"2604199453","2584045454","2.5"
"1983765024","2585472988","2"
"2585472988","1983765024","2"
"2584045454","2585472988","2.5"
"2585472988","2584045454","2.5"
"1983765024","2064801593","0.166667"
"2064801593","1983765024","0.166667"
"1983765024","2112154958","0.166667"
"2112154958","1983765024","0.166667"
"1983765024","2153360418","0.166667"
"2153360418","1983765024","0.166667"
"2064801593","2584045454","0.166667"
"2584045454","2064801593","0.166667"
"2064801593","2585472988","0.166667"
"2585472988","2064801593","0.166667"
"2064801593","2604199453","0.166667"
"2604199453","2064801593","0.166667"
"2112154958","2584045454","0.166667"
"2584045454","2112154958","0.166667"
"2112154958","2585472988","1.16667"
"2585472988","2112154958","1.16667"
"2112154958","2604199453","1.16667"
"2604199453","2112154958","1.16667"
"2153360418","2584045454","0.166667"
"2584045454","2153360418","0.166667"
"2153360418","2585472988","0.166667"
"2585472988","2153360418","0.166667"
"2153360418","2604199453","0.166667"
"2604199453","2153360418","0.166667"
"1986061503","2104103390","0.5"
"2104103390","1986061503","0.5"
"1991645955","2163242564","0.47619"
"2163242564","1991645955","0.47619"
"1991645955","2532475197","0.47619"
"2532475197","1991645955","0.47619"
"2063036182","2163242564","0.47619"
"2163242564","2063036182","0.47619"
"2063036182","2532475197","0.47619"
"2532475197","2063036182","0.47619"
"2163242564","2532475197","7.47619"
"2532475197","2163242564","7.47619"
"1991645955","2153360418","1"
"2153360418","1991645955","1"
"1991645955","2006020859","0.333333"
"2006020859","1991645955","0.333333"
"1991645955","203936271","0.333333"
"203936271","1991645955","0.333333"
"2006020859","203936271","0.333333"
"203936271","2006020859","0.333333"
"2006020859","2113334100","0.333333"
"2113334100","2006020859","0.333333"
"203936271","2113334100","0.333333"
"2113334100","203936271","0.333333"
"1991645955","2135520881","0.142857"
"2135520881","1991645955","0.142857"
"2051195289","2135520881","0.142857"
"2135520881","2051195289","0.142857"
"2051195289","2163242564","0.142857"
"2163242564","2051195289","0.142857"
"2051195289","2532475197","0.142857"
"2532475197","2051195289","0.142857"
"2063036182","2135520881","1.14286"
"2135520881","2063036182","1.14286"
"2113334100","2135520881","0.142857"
"2135520881","2113334100","0.142857"
"2113334100","2163242564","0.142857"
"2163242564","2113334100","0.142857"
"2113334100","2532475197","0.142857"
"2532475197","2113334100","0.142857"
"2120468118","2135520881","0.142857"
"2135520881","2120468118","0.142857"
"2120468118","2163242564","0.142857"
"2163242564","2120468118","0.142857"
"2120468118","2532475197","0.142857"
"2532475197","2120468118","0.142857"
"2135520881","2163242564","0.142857"
"2163242564","2135520881","0.142857"
"2135520881","2532475197","0.142857"
"2532475197","2135520881","0.142857"
"2006020859","2063036182","0.333333"
"2063036182","2006020859","0.333333"
"2006020859","2162967415","0.333333"
"2162967415","2006020859","0.333333"
"2063036182","2162967415","0.333333"
"2162967415","2063036182","0.333333"
"2063036182","2166045895","0.333333"
"2166045895","2063036182","0.333333"
"2162967415","2166045895","0.333333"
"2166045895","2162967415","0.333333"
"2028100237","2116401198","0.333333"
"2116401198","2028100237","0.333333"
"2028100237","2142341229","0.333333"
"2142341229","2028100237","0.333333"
"2028100237","2153062644","0.333333"
"2153062644","2028100237","0.333333"
"2038680758","2080533345","1"
"2080533345","2038680758","1"
"203936271","2146899795","0.5"
"2146899795","203936271","0.5"
"2067505258","2584045454","1"
"2584045454","2067505258","1"
"2095205380","2142897102","3.5"
"2142897102","2095205380","3.5"
"2095205380","2267350511","0.5"
"2267350511","2095205380","0.5"
"2142897102","2267350511","0.5"
"2267350511","2142897102","0.5"
"2111460005","2162967415","1"
"2162967415","2111460005","1"
"2111460005","2267350511","2"
"2267350511","2111460005","2"
"2134522724","2162967415","1"
"2162967415","2134522724","1"
"2146899795","2469689378","0.5"
"2469689378","2146899795","0.5"
"2162967415","2469689378","0.5"
"2469689378","2162967415","0.5"
"2512377082","2584045454","2"
"2584045454","2512377082","2"
