"1539495021","1965484571","5.45622"
"1965484571","1539495021","5.45622"
"1539495021","2139543149","4.92191"
"2139543149","1539495021","4.92191"
"1539495021","2151860493","8.15461"
"2151860493","1539495021","8.15461"
"2139543149","2151860493","1.57905"
"2151860493","2139543149","1.57905"
"1539495021","1992055950","4.93324"
"1992055950","1539495021","4.93324"
"1992055950","2151860493","2.54796"
"2151860493","1992055950","2.54796"
"1539495021","1997650168","0.158863"
"1997650168","1539495021","0.158863"
"1539495021","1997784518","3.2045"
"1997784518","1539495021","3.2045"
"1539495021","2009977560","8.26929"
"2009977560","1539495021","8.26929"
"1539495021","2068160829","3.56929"
"2068160829","1539495021","3.56929"
"1539495021","2077323210","0.429925"
"2077323210","1539495021","0.429925"
"1539495021","2097494663","0.0769231"
"2097494663","1539495021","0.0769231"
"1539495021","2111389122","0.0769231"
"2111389122","1539495021","0.0769231"
"1539495021","2132254251","0.386447"
"2132254251","1539495021","0.386447"
"1539495021","2145700761","0.115385"
"2145700761","1539495021","0.115385"
"1539495021","2146781646","0.658863"
"2146781646","1539495021","0.658863"
"1539495021","2165401136","0.258242"
"2165401136","1539495021","0.258242"
"1539495021","2407167388","0.923286"
"2407167388","1539495021","0.923286"
"1539495021","2964076502","0.0769231"
"2964076502","1539495021","0.0769231"
"1997650168","1997784518","0.892196"
"1997784518","1997650168","0.892196"
"1997650168","2009977560","0.32553"
"2009977560","1997650168","0.32553"
"1997650168","2068160829","0.158863"
"2068160829","1997650168","0.158863"
"1997650168","2077323210","1.35373"
"2077323210","1997650168","1.35373"
"1997650168","2097494663","0.276923"
"2097494663","1997650168","0.276923"
"1997650168","2111389122","0.326923"
"2111389122","1997650168","0.326923"
"1997650168","2132254251","0.660256"
"2132254251","1997650168","0.660256"
"1997650168","2145700761","1.36538"
"2145700761","1997650168","1.36538"
"1997650168","2146781646","5.67401"
"2146781646","1997650168","5.67401"
"1997650168","2165401136","0.698718"
"2165401136","1997650168","0.698718"
"1997650168","2407167388","3.25735"
"2407167388","1997650168","3.25735"
"1997650168","2964076502","0.0769231"
"2964076502","1997650168","0.0769231"
"1997784518","2009977560","1.31561"
"2009977560","1997784518","1.31561"
"1997784518","2068160829","1.2045"
"2068160829","1997784518","1.2045"
"1997784518","2077323210","1.24659"
"2077323210","1997784518","1.24659"
"1997784518","2097494663","4.90708"
"2097494663","1997784518","4.90708"
"1997784518","2111389122","0.41978"
"2111389122","1997784518","0.41978"
"1997784518","2132254251","0.0769231"
"2132254251","1997784518","0.0769231"
"1997784518","2145700761","0.902686"
"2145700761","1997784518","0.902686"
"1997784518","2146781646","1.50172"
"2146781646","1997784518","1.50172"
"1997784518","2165401136","0.115385"
"2165401136","1997784518","0.115385"
"1997784518","2407167388","3.30985"
"2407167388","1997784518","3.30985"
"1997784518","2964076502","0.0769231"
"2964076502","1997784518","0.0769231"
"2009977560","2068160829","10.3026"
"2068160829","2009977560","10.3026"
"2009977560","2077323210","0.429925"
"2077323210","2009977560","0.429925"
"2009977560","2097494663","0.188034"
"2097494663","2009977560","0.188034"
"2009977560","2111389122","0.0769231"
"2111389122","2009977560","0.0769231"
"2009977560","2132254251","0.21978"
"2132254251","2009977560","0.21978"
"2009977560","2145700761","0.115385"
"2145700761","2009977560","0.115385"
"2009977560","2146781646","0.52553"
"2146781646","2009977560","0.52553"
"2009977560","2165401136","0.758242"
"2165401136","2009977560","0.758242"
"2009977560","2407167388","0.38803"
"2407167388","2009977560","0.38803"
"2009977560","2964076502","0.0769231"
"2964076502","2009977560","0.0769231"
"2068160829","2077323210","0.429925"
"2077323210","2068160829","0.429925"
"2068160829","2097494663","0.0769231"
"2097494663","2068160829","0.0769231"
"2068160829","2111389122","0.0769231"
"2111389122","2068160829","0.0769231"
"2068160829","2132254251","0.21978"
"2132254251","2068160829","0.21978"
"2068160829","2145700761","0.115385"
"2145700761","2068160829","0.115385"
"2068160829","2146781646","0.358863"
"2146781646","2068160829","0.358863"
"2068160829","2165401136","0.758242"
"2165401136","2068160829","0.758242"
"2068160829","2407167388","0.221363"
"2407167388","2068160829","0.221363"
"2068160829","2964076502","0.0769231"
"2964076502","2068160829","0.0769231"
"2077323210","2097494663","0.41978"
"2097494663","2077323210","0.41978"
"2077323210","2111389122","0.326923"
"2111389122","2077323210","0.326923"
"2077323210","2132254251","2.81145"
"2132254251","2077323210","2.81145"
"2077323210","2145700761","1.04283"
"2145700761","2077323210","1.04283"
"2077323210","2146781646","0.796592"
"2146781646","2077323210","0.796592"
"2077323210","2165401136","0.96978"
"2165401136","2077323210","0.96978"
"2077323210","2407167388","0.354168"
"2407167388","2077323210","0.354168"
"2077323210","2964076502","0.0769231"
"2964076502","2077323210","0.0769231"
"2097494663","2111389122","1.41978"
"2111389122","2097494663","1.41978"
"2097494663","2132254251","0.576923"
"2132254251","2097494663","0.576923"
"2097494663","2145700761","0.41978"
"2145700761","2097494663","0.41978"
"2097494663","2146781646","0.41978"
"2146781646","2097494663","0.41978"
"2097494663","2165401136","0.0769231"
"2165401136","2097494663","0.0769231"
"2097494663","2407167388","3.40549"
"2407167388","2097494663","3.40549"
"2097494663","2964076502","0.0769231"
"2964076502","2097494663","0.0769231"
"2111389122","2132254251","0.326923"
"2132254251","2111389122","0.326923"
"2111389122","2145700761","0.21978"
"2145700761","2111389122","0.21978"
"2111389122","2146781646","0.0769231"
"2146781646","2111389122","0.0769231"
"2111389122","2165401136","0.326923"
"2165401136","2111389122","0.326923"
"2111389122","2407167388","0.41978"
"2407167388","2111389122","0.41978"
"2111389122","2964076502","0.0769231"
"2964076502","2111389122","0.0769231"
"2132254251","2145700761","1.20192"
"2145700761","2132254251","1.20192"
"2132254251","2146781646","0.0769231"
"2146781646","2132254251","0.0769231"
"2132254251","2165401136","1.80311"
"2165401136","2132254251","1.80311"
"2132254251","2407167388","0.576923"
"2407167388","2132254251","0.576923"
"2132254251","2964076502","0.0769231"
"2964076502","2132254251","0.0769231"
"2145700761","2146781646","0.698718"
"2146781646","2145700761","0.698718"
"2145700761","2165401136","0.115385"
"2165401136","2145700761","0.115385"
"2145700761","2407167388","1.16026"
"2407167388","2145700761","1.16026"
"2145700761","2964076502","0.0769231"
"2964076502","2145700761","0.0769231"
"2146781646","2165401136","0.115385"
"2165401136","2146781646","0.115385"
"2146781646","2407167388","1.59465"
"2407167388","2146781646","1.59465"
"2146781646","2964076502","0.0769231"
"2964076502","2146781646","0.0769231"
"2165401136","2407167388","0.898718"
"2407167388","2165401136","0.898718"
"2165401136","2964076502","0.0769231"
"2964076502","2165401136","0.0769231"
"2407167388","2964076502","0.0769231"
"2964076502","2407167388","0.0769231"
"1539495021","2053843661","0.658333"
"2053843661","1539495021","0.658333"
"1539495021","2104074028","0.844669"
"2104074028","1539495021","0.844669"
"1539495021","2167980913","5.49755"
"2167980913","1539495021","5.49755"
"1965484571","2053843661","1.29015"
"2053843661","1965484571","1.29015"
"1965484571","2104074028","1.47649"
"2104074028","1965484571","1.47649"
"1965484571","2151860493","2.96816"
"2151860493","1965484571","2.96816"
"1965484571","2167980913","1.02255"
"2167980913","1965484571","1.02255"
"2053843661","2104074028","7.1342"
"2104074028","2053843661","7.1342"
"2053843661","2151860493","0.415909"
"2151860493","2053843661","0.415909"
"2053843661","2167980913","0.325"
"2167980913","2053843661","0.325"
"2104074028","2151860493","0.459387"
"2151860493","2104074028","0.459387"
"2104074028","2167980913","0.368478"
"2167980913","2104074028","0.368478"
"2151860493","2167980913","1.51422"
"2167980913","2151860493","1.51422"
"1539495021","1996901220","7.08596"
"1996901220","1539495021","7.08596"
"1539495021","1997885138","1.39852"
"1997885138","1539495021","1.39852"
"1539495021","2473044488","0.142857"
"2473044488","1539495021","0.142857"
"1965484571","1996901220","4.51582"
"1996901220","1965484571","4.51582"
"1965484571","1997885138","8.09937"
"1997885138","1965484571","8.09937"
"1965484571","2009977560","2.47097"
"2009977560","1965484571","2.47097"
"1965484571","2068160829","1.72097"
"2068160829","1965484571","1.72097"
"1965484571","2473044488","0.142857"
"2473044488","1965484571","0.142857"
"1996901220","1997885138","3.3684"
"1997885138","1996901220","3.3684"
"1996901220","2009977560","4.99396"
"2009977560","1996901220","4.99396"
"1996901220","2068160829","2.09951"
"2068160829","1996901220","2.09951"
"1996901220","2104074028","0.721689"
"2104074028","1996901220","0.721689"
"1996901220","2473044488","0.642857"
"2473044488","1996901220","0.642857"
"1997885138","2009977560","1.01207"
"2009977560","1997885138","1.01207"
"1997885138","2068160829","0.72874"
"2068160829","1997885138","0.72874"
"1997885138","2104074028","0.915502"
"2104074028","1997885138","0.915502"
"1997885138","2473044488","0.142857"
"2473044488","1997885138","0.142857"
"2009977560","2104074028","0.644669"
"2104074028","2009977560","0.644669"
"2009977560","2473044488","0.842857"
"2473044488","2009977560","0.842857"
"2068160829","2104074028","0.561335"
"2104074028","2068160829","0.561335"
"2068160829","2473044488","0.342857"
"2473044488","2068160829","0.342857"
"2104074028","2473044488","0.142857"
"2473044488","2104074028","0.142857"
"1539495021","2100739938","3.2481"
"2100739938","1539495021","3.2481"
"1992055950","2100739938","1.9231"
"2100739938","1992055950","1.9231"
"1992055950","2139543149","4.78421"
"2139543149","1992055950","4.78421"
"2100739938","2139543149","5.51357"
"2139543149","2100739938","5.51357"
"1539495021","2134354726","8.36187"
"2134354726","1539495021","8.36187"
"1539495021","2119992936","1.72907"
"2119992936","1539495021","1.72907"
"2009977560","2119992936","1.13826"
"2119992936","2009977560","1.13826"
"2068160829","2119992936","0.943814"
"2119992936","2068160829","0.943814"
"1539495021","2027772041","0.210145"
"2027772041","1539495021","0.210145"
"1539495021","2115941721","2.63205"
"2115941721","1539495021","2.63205"
"1539495021","2463537704","0.24359"
"2463537704","1539495021","0.24359"
"1992055950","1996901220","3.40193"
"1996901220","1992055950","3.40193"
"1992055950","2027772041","0.301054"
"2027772041","1992055950","0.301054"
"1992055950","2115941721","2.2765"
"2115941721","1992055950","2.2765"
"1992055950","2463537704","0.257576"
"2463537704","1992055950","0.257576"
"1996901220","2027772041","0.335145"
"2027772041","1996901220","0.335145"
"1996901220","2115941721","10.2432"
"2115941721","1996901220","10.2432"
"1996901220","2139543149","2.97588"
"2139543149","1996901220","2.97588"
"1996901220","2463537704","0.61859"
"2463537704","1996901220","0.61859"
"2027772041","2115941721","0.210145"
"2115941721","2027772041","0.210145"
"2027772041","2139543149","0.409524"
"2139543149","2027772041","0.409524"
"2027772041","2463537704","0.266667"
"2463537704","2027772041","0.266667"
"2115941721","2139543149","2.69969"
"2139543149","2115941721","2.69969"
"2115941721","2463537704","0.166667"
"2463537704","2115941721","0.166667"
"2139543149","2463537704","0.266667"
"2463537704","2139543149","0.266667"
"1539495021","1991466177","0.0625"
"1991466177","1539495021","0.0625"
"1539495021","1992301869","0.325962"
"1992301869","1539495021","0.325962"
"1539495021","2132178369","5.1681"
"2132178369","1539495021","5.1681"
"1539495021","2147296306","2.52394"
"2147296306","1539495021","2.52394"
"1965484571","1991466177","0.0625"
"1991466177","1965484571","0.0625"
"1965484571","1992301869","0.225962"
"1992301869","1965484571","0.225962"
"1965484571","1997784518","0.318051"
"1997784518","1965484571","0.318051"
"1965484571","2119992936","3.46535"
"2119992936","1965484571","3.46535"
"1965484571","2132178369","4.56387"
"2132178369","1965484571","4.56387"
"1965484571","2134354726","1.41825"
"2134354726","1965484571","1.41825"
"1965484571","2147296306","1.2422"
"2147296306","1965484571","1.2422"
"1965484571","2407167388","1.22263"
"2407167388","1965484571","1.22263"
"1991466177","1992301869","0.483135"
"1992301869","1991466177","0.483135"
"1991466177","1996901220","0.284722"
"1996901220","1991466177","0.284722"
"1991466177","1997784518","0.594246"
"1997784518","1991466177","0.594246"
"1991466177","2009977560","0.173611"
"2009977560","1991466177","0.173611"
"1991466177","2053843661","0.0625"
"2053843661","1991466177","0.0625"
"1991466177","2068160829","0.0625"
"2068160829","1991466177","0.0625"
"1991466177","2104074028","0.173611"
"2104074028","1991466177","0.173611"
"1991466177","2119992936","0.483135"
"2119992936","1991466177","0.483135"
"1991466177","2132178369","0.0625"
"2132178369","1991466177","0.0625"
"1991466177","2134354726","0.594246"
"2134354726","1991466177","0.594246"
"1991466177","2147296306","0.0625"
"2147296306","1991466177","0.0625"
"1991466177","2151860493","0.0625"
"2151860493","1991466177","0.0625"
"1991466177","2167980913","0.0625"
"2167980913","1991466177","0.0625"
"1991466177","2407167388","0.625992"
"2407167388","1991466177","0.625992"
"1992301869","1996901220","0.437073"
"1996901220","1992301869","0.437073"
"1992301869","1997784518","1.41207"
"1997784518","1992301869","1.41207"
"1992301869","2009977560","0.312073"
"2009977560","1992301869","0.312073"
"1992301869","2053843661","0.0625"
"2053843661","1992301869","0.0625"
"1992301869","2068160829","0.200962"
"2068160829","1992301869","0.200962"
"1992301869","2104074028","0.0625"
"2104074028","1992301869","0.0625"
"1992301869","2119992936","0.608135"
"2119992936","1992301869","0.608135"
"1992301869","2132178369","0.200962"
"2132178369","1992301869","0.200962"
"1992301869","2134354726","0.708135"
"2134354726","1992301869","0.708135"
"1992301869","2147296306","0.225962"
"2147296306","1992301869","0.225962"
"1992301869","2151860493","0.200962"
"2151860493","1992301869","0.200962"
"1992301869","2167980913","0.200962"
"2167980913","1992301869","0.200962"
"1992301869","2407167388","0.735485"
"2407167388","1992301869","0.735485"
"1996901220","1997784518","0.93313"
"1997784518","1996901220","0.93313"
"1996901220","2053843661","0.424242"
"2053843661","1996901220","0.424242"
"1996901220","2119992936","1.747"
"2119992936","1996901220","1.747"
"1996901220","2132178369","5.36222"
"2132178369","1996901220","5.36222"
"1996901220","2134354726","2.66743"
"2134354726","1996901220","2.66743"
"1996901220","2147296306","1.88505"
"2147296306","1996901220","1.88505"
"1996901220","2151860493","2.22842"
"2151860493","1996901220","2.22842"
"1996901220","2167980913","1.32136"
"2167980913","1996901220","1.32136"
"1996901220","2407167388","1.16707"
"2407167388","1996901220","1.16707"
"1997784518","2053843661","0.1875"
"2053843661","1997784518","0.1875"
"1997784518","2104074028","0.342089"
"2104074028","1997784518","0.342089"
"1997784518","2119992936","1.12939"
"2119992936","1997784518","1.12939"
"1997784518","2132178369","0.827575"
"2132178369","1997784518","0.827575"
"1997784518","2134354726","1.81134"
"2134354726","1997784518","1.81134"
"1997784518","2147296306","0.710908"
"2147296306","1997784518","0.710908"
"1997784518","2151860493","0.20694"
"2151860493","1997784518","0.20694"
"1997784518","2167980913","0.20694"
"2167980913","1997784518","0.20694"
"2009977560","2053843661","0.458333"
"2053843661","2009977560","0.458333"
"2009977560","2132178369","2.28999"
"2132178369","2009977560","2.28999"
"2009977560","2134354726","1.81272"
"2134354726","2009977560","1.81272"
"2009977560","2147296306","1.47394"
"2147296306","2009977560","1.47394"
"2009977560","2151860493","2.11935"
"2151860493","2009977560","2.11935"
"2009977560","2167980913","0.68922"
"2167980913","2009977560","0.68922"
"2053843661","2068160829","0.375"
"2068160829","2053843661","0.375"
"2053843661","2119992936","3.85087"
"2119992936","2053843661","3.85087"
"2053843661","2132178369","1.34968"
"2132178369","2053843661","1.34968"
"2053843661","2134354726","0.358766"
"2134354726","2053843661","0.358766"
"2053843661","2147296306","0.0625"
"2147296306","2053843661","0.0625"
"2053843661","2407167388","0.528409"
"2407167388","2053843661","0.528409"
"2068160829","2132178369","1.58999"
"2132178369","2068160829","1.58999"
"2068160829","2134354726","0.784947"
"2134354726","2068160829","0.784947"
"2068160829","2147296306","1.14061"
"2147296306","2068160829","1.14061"
"2068160829","2151860493","1.86935"
"2151860493","2068160829","1.86935"
"2068160829","2167980913","0.68922"
"2167980913","2068160829","0.68922"
"2104074028","2119992936","5.06101"
"2119992936","2104074028","5.06101"
"2104074028","2132178369","2.05982"
"2132178369","2104074028","2.05982"
"2104074028","2134354726","0.513356"
"2134354726","2104074028","0.513356"
"2104074028","2147296306","0.605978"
"2147296306","2104074028","0.605978"
"2104074028","2407167388","0.682998"
"2407167388","2104074028","0.682998"
"2119992936","2132178369","3.22723"
"2132178369","2119992936","3.22723"
"2119992936","2134354726","1.13591"
"2134354726","2119992936","1.13591"
"2119992936","2147296306","1.88697"
"2147296306","2119992936","1.88697"
"2119992936","2151860493","0.667202"
"2151860493","2119992936","0.667202"
"2119992936","2167980913","0.168478"
"2167980913","2119992936","0.168478"
"2119992936","2407167388","3.41753"
"2407167388","2119992936","3.41753"
"2132178369","2134354726","1.04445"
"2134354726","2132178369","1.04445"
"2132178369","2147296306","1.39263"
"2147296306","2132178369","1.39263"
"2132178369","2151860493","2.40266"
"2151860493","2132178369","2.40266"
"2132178369","2167980913","0.871363"
"2167980913","2132178369","0.871363"
"2132178369","2407167388","1.22187"
"2407167388","2132178369","1.22187"
"2134354726","2147296306","0.839113"
"2147296306","2134354726","0.839113"
"2134354726","2151860493","0.87381"
"2151860493","2134354726","0.87381"
"2134354726","2167980913","1.28931"
"2167980913","2134354726","1.28931"
"2134354726","2407167388","2.06187"
"2407167388","2134354726","2.06187"
"2147296306","2151860493","0.644974"
"2151860493","2147296306","0.644974"
"2147296306","2167980913","0.408863"
"2167980913","2147296306","0.408863"
"2147296306","2407167388","1.78098"
"2407167388","2147296306","1.78098"
"2151860493","2407167388","0.221363"
"2407167388","2151860493","0.221363"
"2167980913","2407167388","0.14444"
"2407167388","2167980913","0.14444"
"1539495021","2511803001","0.538462"
"2511803001","1539495021","0.538462"
"2146781646","2511803001","0.538462"
"2511803001","2146781646","0.538462"
"1539495021","1998519879","0.309295"
"1998519879","1539495021","0.309295"
"1992055950","1998519879","0.653613"
"1998519879","1992055950","0.653613"
"1992055950","2132178369","3.82541"
"2132178369","1992055950","3.82541"
"1992055950","2134354726","0.421887"
"2134354726","1992055950","0.421887"
"1992055950","2147296306","0.673383"
"2147296306","1992055950","0.673383"
"1992055950","2167980913","1.18922"
"2167980913","1992055950","1.18922"
"1996901220","1998519879","1.19465"
"1998519879","1996901220","1.19465"
"1998519879","2132178369","0.966113"
"2132178369","1998519879","0.966113"
"1998519879","2134354726","0.298611"
"2134354726","1998519879","0.298611"
"1998519879","2147296306","0.379371"
"2147296306","1998519879","0.379371"
"1998519879","2151860493","0.559295"
"2151860493","1998519879","0.559295"
"1998519879","2167980913","0.225962"
"2167980913","1998519879","0.225962"
"2115941721","2132178369","2.59316"
"2132178369","2115941721","2.59316"
"1539495021","2170835676","1.03814"
"2170835676","1539495021","1.03814"
"1992055950","1997885138","1.66592"
"1997885138","1992055950","1.66592"
"1992055950","2009977560","0.915386"
"2009977560","1992055950","0.915386"
"1992055950","2068160829","0.832052"
"2068160829","1992055950","0.832052"
"1992055950","2170835676","0.589195"
"2170835676","1992055950","0.589195"
"1996901220","2170835676","1.03814"
"2170835676","1996901220","1.03814"
"1997885138","2115941721","1.41624"
"2115941721","1997885138","1.41624"
"1997885138","2132178369","4.14145"
"2132178369","1997885138","4.14145"
"1997885138","2139543149","2.73229"
"2139543149","1997885138","2.73229"
"1997885138","2151860493","0.662806"
"2151860493","1997885138","0.662806"
"1997885138","2170835676","0.751695"
"2170835676","1997885138","0.751695"
"2009977560","2115941721","1.37253"
"2115941721","2009977560","1.37253"
"2009977560","2139543149","0.82905"
"2139543149","2009977560","0.82905"
"2009977560","2170835676","0.794552"
"2170835676","2009977560","0.794552"
"2068160829","2115941721","0.789195"
"2115941721","2068160829","0.789195"
"2068160829","2139543149","0.745717"
"2139543149","2068160829","0.745717"
"2068160829","2170835676","0.794552"
"2170835676","2068160829","0.794552"
"2115941721","2151860493","1.70586"
"2151860493","2115941721","1.70586"
"2115941721","2170835676","0.755862"
"2170835676","2115941721","0.755862"
"2132178369","2139543149","2.06754"
"2139543149","2132178369","2.06754"
"2132178369","2170835676","8.581"
"2170835676","2132178369","8.581"
"2139543149","2170835676","0.712383"
"2170835676","2139543149","0.712383"
"2151860493","2170835676","0.871475"
"2170835676","2151860493","0.871475"
"1539495021","2883359218","0.125"
"2883359218","1539495021","0.125"
"1965484571","2883359218","0.267857"
"2883359218","1965484571","0.267857"
"1992301869","2883359218","0.402778"
"2883359218","1992301869","0.402778"
"1996901220","2883359218","0.490079"
"2883359218","1996901220","0.490079"
"2119992936","2883359218","0.402778"
"2883359218","2119992936","0.402778"
"2134354726","2883359218","0.513889"
"2883359218","2134354726","0.513889"
"2147296306","2883359218","0.125"
"2883359218","2147296306","0.125"
"2407167388","2883359218","0.545635"
"2883359218","2407167388","0.545635"
"2134354726","2139543149","1.20536"
"2139543149","2134354726","1.20536"
"2139543149","2407167388","0.682906"
"2407167388","2139543149","0.682906"
"1539495021","2111303489","0.843158"
"2111303489","1539495021","0.843158"
"2111303489","2119992936","13.3104"
"2119992936","2111303489","13.3104"
"1992055950","2111303489","0.476462"
"2111303489","1992055950","0.476462"
"1992055950","2119992936","0.576462"
"2119992936","1992055950","0.576462"
"1996901220","2100739938","1.10524"
"2100739938","1996901220","1.10524"
"1996901220","2111303489","0.983309"
"2111303489","1996901220","0.983309"
"1997885138","2100739938","1.03665"
"2100739938","1997885138","1.03665"
"1997885138","2111303489","4.14164"
"2111303489","1997885138","4.14164"
"1997885138","2119992936","5.35275"
"2119992936","1997885138","5.35275"
"2009977560","2100739938","0.688574"
"2100739938","2009977560","0.688574"
"2009977560","2111303489","0.266235"
"2111303489","2009977560","0.266235"
"2068160829","2100739938","0.688574"
"2100739938","2068160829","0.688574"
"2068160829","2111303489","0.182901"
"2111303489","2068160829","0.182901"
"2100739938","2111303489","0.0769231"
"2111303489","2100739938","0.0769231"
"2100739938","2115941721","1.63857"
"2115941721","2100739938","1.63857"
"2100739938","2119992936","0.0769231"
"2119992936","2100739938","0.0769231"
"2100739938","2132178369","1.11357"
"2132178369","2100739938","1.11357"
"2100739938","2151860493","1.27191"
"2151860493","2100739938","1.27191"
"2100739938","2170835676","0.512383"
"2170835676","2100739938","0.512383"
"2111303489","2115941721","0.203735"
"2115941721","2111303489","0.203735"
"2111303489","2132178369","2.03298"
"2132178369","2111303489","2.03298"
"2111303489","2139543149","1.06145"
"2139543149","2111303489","1.06145"
"2111303489","2151860493","0.350734"
"2151860493","2111303489","0.350734"
"2111303489","2170835676","0.969348"
"2170835676","2111303489","0.969348"
"2115941721","2119992936","0.303735"
"2119992936","2115941721","0.303735"
"2119992936","2139543149","1.16145"
"2139543149","2119992936","1.16145"
"2119992936","2170835676","1.11221"
"2170835676","2119992936","1.11221"
"1965484571","1992055950","2.23334"
"1992055950","1965484571","2.23334"
"1965484571","2100739938","0.820742"
"2100739938","1965484571","0.820742"
"1965484571","2115941721","0.632474"
"2115941721","1965484571","0.632474"
"1965484571","2139543149","1.62352"
"2139543149","1965484571","1.62352"
"1965484571","2170835676","0.360786"
"2170835676","1965484571","0.360786"
"1992055950","1997784518","0.14444"
"1997784518","1992055950","0.14444"
"1997784518","1997885138","0.436106"
"1997885138","1997784518","0.436106"
"1997784518","2100739938","0.100962"
"2100739938","1997784518","0.100962"
"1997784518","2115941721","0.14444"
"2115941721","1997784518","0.14444"
"1997784518","2139543149","0.100962"
"2139543149","1997784518","0.100962"
"1997784518","2170835676","0.14444"
"2170835676","1997784518","0.14444"
"1997885138","2134354726","0.245401"
"2134354726","1997885138","0.245401"
"1997885138","2147296306","0.749238"
"2147296306","1997885138","0.749238"
"1997885138","2167980913","0.20694"
"2167980913","1997885138","0.20694"
"2100739938","2134354726","0.0625"
"2134354726","2100739938","0.0625"
"2100739938","2147296306","0.302885"
"2147296306","2100739938","0.302885"
"2100739938","2167980913","0.520742"
"2167980913","2100739938","0.520742"
"2115941721","2134354726","0.105978"
"2134354726","2115941721","0.105978"
"2115941721","2147296306","0.332474"
"2147296306","2115941721","0.332474"
"2115941721","2167980913","0.971363"
"2167980913","2115941721","0.971363"
"2134354726","2170835676","0.245401"
"2170835676","2134354726","0.245401"
"2139543149","2147296306","0.413996"
"2147296306","2139543149","0.413996"
"2139543149","2167980913","0.927885"
"2167980913","2139543149","0.927885"
"2147296306","2170835676","0.221363"
"2170835676","2147296306","0.221363"
"2167980913","2170835676","0.383863"
"2170835676","2167980913","0.383863"
"1539495021","2095632607","0.166667"
"2095632607","1539495021","0.166667"
"1996901220","2095632607","0.166667"
"2095632607","1996901220","0.166667"
"2009977560","2095632607","0.333333"
"2095632607","2009977560","0.333333"
"2095632607","2132178369","0.833333"
"2132178369","2095632607","0.833333"
"2095632607","2134354726","0.166667"
"2134354726","2095632607","0.166667"
"2095632607","2147296306","0.333333"
"2147296306","2095632607","0.333333"
"1539495021","2016635770","0.115385"
"2016635770","1539495021","0.115385"
"1539495021","2035115871","1.36623"
"2035115871","1539495021","1.36623"
"1965484571","2016635770","0.115385"
"2016635770","1965484571","0.115385"
"1965484571","2035115871","2.45563"
"2035115871","1965484571","2.45563"
"1965484571","2111303489","1.6723"
"2111303489","1965484571","1.6723"
"1965484571","2463537704","0.301923"
"2463537704","1965484571","0.301923"
"1996901220","2016635770","0.115385"
"2016635770","1996901220","0.115385"
"1996901220","2035115871","1.53416"
"2035115871","1996901220","1.53416"
"1997885138","2016635770","0.407051"
"2016635770","1997885138","0.407051"
"1997885138","2035115871","1.77305"
"2035115871","1997885138","1.77305"
"1997885138","2407167388","1.69346"
"2407167388","1997885138","1.69346"
"1997885138","2463537704","0.392832"
"2463537704","1997885138","0.392832"
"2016635770","2035115871","0.410256"
"2035115871","2016635770","0.410256"
"2016635770","2111303489","0.878114"
"2111303489","2016635770","0.878114"
"2016635770","2119992936","1.29478"
"2119992936","2016635770","1.29478"
"2016635770","2132178369","9.62491"
"2132178369","2016635770","9.62491"
"2016635770","2134354726","0.0769231"
"2134354726","2016635770","0.0769231"
"2016635770","2151860493","0.115385"
"2151860493","2016635770","0.115385"
"2016635770","2170835676","4.25824"
"2170835676","2016635770","4.25824"
"2016635770","2407167388","0.657051"
"2407167388","2016635770","0.657051"
"2016635770","2463537704","0.0769231"
"2463537704","2016635770","0.0769231"
"2035115871","2111303489","4.48225"
"2111303489","2035115871","4.48225"
"2035115871","2119992936","5.52908"
"2119992936","2035115871","5.52908"
"2035115871","2132178369","1.2632"
"2132178369","2035115871","1.2632"
"2035115871","2134354726","0.770636"
"2134354726","2035115871","0.770636"
"2035115871","2151860493","0.37381"
"2151860493","2035115871","0.37381"
"2035115871","2170835676","0.549568"
"2170835676","2035115871","0.549568"
"2035115871","2407167388","1.40503"
"2407167388","2035115871","1.40503"
"2035115871","2463537704","0.410689"
"2463537704","2035115871","0.410689"
"2111303489","2134354726","0.416668"
"2134354726","2111303489","0.416668"
"2111303489","2407167388","0.827652"
"2407167388","2111303489","0.827652"
"2111303489","2463537704","0.410689"
"2463537704","2111303489","0.410689"
"2119992936","2463537704","1.74402"
"2463537704","2119992936","1.74402"
"2132178369","2463537704","0.292832"
"2463537704","2132178369","0.292832"
"2134354726","2463537704","0.0769231"
"2463537704","2134354726","0.0769231"
"2151860493","2463537704","0.0769231"
"2463537704","2151860493","0.0769231"
"2170835676","2407167388","0.158863"
"2407167388","2170835676","0.158863"
"2170835676","2463537704","0.0769231"
"2463537704","2170835676","0.0769231"
"2407167388","2463537704","3.47736"
"2463537704","2407167388","3.47736"
"1965484571","2077323210","4.55863"
"2077323210","1965484571","4.55863"
"1996901220","2077323210","1.98558"
"2077323210","1996901220","1.98558"
"2077323210","2147296306","0.460145"
"2147296306","2077323210","0.460145"
"1539495021","2044428238","0.5"
"2044428238","1539495021","0.5"
"1965484571","2044428238","1.5"
"2044428238","1965484571","1.5"
"2035115871","2044428238","0.5"
"2044428238","2035115871","0.5"
"1965484571","1998519879","0.291871"
"1998519879","1965484571","0.291871"
"1997885138","1998519879","0.591113"
"1998519879","1997885138","0.591113"
"1997885138","2053843661","0.729167"
"2053843661","1997885138","0.729167"
"1998519879","2009977560","0.517628"
"2009977560","1998519879","0.517628"
"1998519879","2035115871","0.720509"
"2035115871","1998519879","0.720509"
"1998519879","2053843661","0.145833"
"2053843661","1998519879","0.145833"
"1998519879","2068160829","0.434295"
"2068160829","1998519879","0.434295"
"1998519879","2104074028","0.256944"
"2104074028","1998519879","0.256944"
"1998519879","2111303489","0.327652"
"2111303489","1998519879","0.327652"
"1998519879","2119992936","0.770509"
"2119992936","1998519879","0.770509"
"1998519879","2170835676","0.100962"
"2170835676","1998519879","0.100962"
"2009977560","2035115871","0.400423"
"2035115871","2009977560","0.400423"
"2035115871","2053843661","1.78718"
"2053843661","2035115871","1.78718"
"2035115871","2068160829","0.205978"
"2068160829","2035115871","0.205978"
"2035115871","2104074028","2.49732"
"2104074028","2035115871","2.49732"
"2035115871","2167980913","0.205978"
"2167980913","2035115871","0.205978"
"2053843661","2111303489","3.13837"
"2111303489","2053843661","3.13837"
"2053843661","2170835676","0.73869"
"2170835676","2053843661","0.73869"
"2104074028","2111303489","3.34851"
"2111303489","2104074028","3.34851"
"2104074028","2170835676","0.948835"
"2170835676","2104074028","0.948835"
"2111303489","2167980913","0.105978"
"2167980913","2111303489","0.105978"
"1539495021","2417033663","0.2"
"2417033663","1539495021","0.2"
"1996901220","2417033663","0.2"
"2417033663","1996901220","0.2"
"1997885138","2417033663","0.2"
"2417033663","1997885138","0.2"
"2009977560","2417033663","0.2"
"2417033663","2009977560","0.2"
"2132178369","2417033663","0.2"
"2417033663","2132178369","0.2"
"1992055950","1992301869","0.138462"
"1992301869","1992055950","0.138462"
"1992055950","2035115871","0.499539"
"2035115871","1992055950","0.499539"
"1992301869","2035115871","0.353968"
"2035115871","1992301869","0.353968"
"1996901220","2132254251","1.46786"
"2132254251","1996901220","1.46786"
"1996901220","2165401136","0.347985"
"2165401136","1996901220","0.347985"
"2077323210","2132178369","1.10982"
"2132178369","2077323210","1.10982"
"2132178369","2132254251","0.392857"
"2132254251","2132178369","0.392857"
"2132178369","2165401136","1.29799"
"2165401136","2132178369","1.29799"
"1965484571","1997650168","0.939516"
"1997650168","1965484571","0.939516"
"1965484571","2027772041","2.05939"
"2027772041","1965484571","2.05939"
"1965484571","2146781646","2.80063"
"2146781646","1965484571","2.80063"
"1992055950","1997650168","0.363758"
"1997650168","1992055950","0.363758"
"1992055950","2077323210","0.301054"
"2077323210","1992055950","0.301054"
"1992055950","2104074028","0.217721"
"2104074028","1992055950","0.217721"
"1992055950","2146781646","0.474869"
"2146781646","1992055950","0.474869"
"1992055950","2407167388","0.574869"
"2407167388","1992055950","0.574869"
"1996901220","1997650168","0.722849"
"1997650168","1996901220","0.722849"
"1996901220","2146781646","0.58396"
"2146781646","1996901220","0.58396"
"1997650168","1997885138","1.26376"
"1997885138","1997650168","1.26376"
"1997650168","2027772041","0.0434783"
"2027772041","1997650168","0.0434783"
"1997650168","2035115871","0.925296"
"2035115871","1997650168","0.925296"
"1997650168","2104074028","0.0434783"
"2104074028","1997650168","0.0434783"
"1997650168","2111303489","0.425296"
"2111303489","1997650168","0.425296"
"1997650168","2115941721","0.38194"
"2115941721","1997650168","0.38194"
"1997650168","2119992936","0.525296"
"2119992936","1997650168","0.525296"
"1997650168","2132178369","1.01376"
"2132178369","1997650168","1.01376"
"1997650168","2134354726","0.0434783"
"2134354726","1997650168","0.0434783"
"1997650168","2147296306","0.339516"
"2147296306","1997650168","0.339516"
"1997650168","2151860493","0.0819398"
"2151860493","1997650168","0.0819398"
"1997650168","2167980913","0.0819398"
"2167980913","1997650168","0.0819398"
"1997650168","2170835676","0.0819398"
"2170835676","1997650168","0.0819398"
"1997784518","2027772041","0.0434783"
"2027772041","1997784518","0.0434783"
"1997784518","2035115871","0.297447"
"2035115871","1997784518","0.297447"
"1997784518","2111303489","0.168478"
"2111303489","1997784518","0.168478"
"1997885138","2027772041","0.143478"
"2027772041","1997885138","0.143478"
"1997885138","2077323210","5.21014"
"2077323210","1997885138","5.21014"
"1997885138","2146781646","1.17487"
"2146781646","1997885138","1.17487"
"2009977560","2027772041","1.04348"
"2027772041","2009977560","1.04348"
"2027772041","2035115871","1.23558"
"2035115871","2027772041","1.23558"
"2027772041","2068160829","0.0434783"
"2068160829","2027772041","0.0434783"
"2027772041","2077323210","0.434387"
"2077323210","2027772041","0.434387"
"2027772041","2104074028","1.13558"
"2104074028","2027772041","1.13558"
"2027772041","2111303489","1.16891"
"2111303489","2027772041","1.16891"
"2027772041","2119992936","2.56891"
"2119992936","2027772041","2.56891"
"2027772041","2132178369","1.13439"
"2132178369","2027772041","1.13439"
"2027772041","2134354726","0.277245"
"2134354726","2027772041","0.277245"
"2027772041","2146781646","0.0434783"
"2146781646","2027772041","0.0434783"
"2027772041","2147296306","0.0434783"
"2147296306","2027772041","0.0434783"
"2027772041","2151860493","0.134387"
"2151860493","2027772041","0.134387"
"2027772041","2167980913","0.0434783"
"2167980913","2027772041","0.0434783"
"2027772041","2170835676","0.710145"
"2170835676","2027772041","0.710145"
"2027772041","2407167388","0.0434783"
"2407167388","2027772041","0.0434783"
"2035115871","2077323210","2.57649"
"2077323210","2035115871","2.57649"
"2035115871","2115941721","0.126812"
"2115941721","2035115871","0.126812"
"2035115871","2146781646","0.618154"
"2146781646","2035115871","0.618154"
"2035115871","2147296306","0.810578"
"2147296306","2035115871","0.810578"
"2077323210","2104074028","0.88363"
"2104074028","2077323210","0.88363"
"2077323210","2111303489","0.98363"
"2111303489","2077323210","0.98363"
"2077323210","2115941721","0.210145"
"2115941721","2077323210","0.210145"
"2077323210","2119992936","1.65982"
"2119992936","2077323210","1.65982"
"2077323210","2134354726","0.134387"
"2134354726","2077323210","0.134387"
"2077323210","2151860493","0.134387"
"2151860493","2077323210","0.134387"
"2077323210","2167980913","0.0434783"
"2167980913","2077323210","0.0434783"
"2077323210","2170835676","0.0434783"
"2170835676","2077323210","0.0434783"
"2104074028","2115941721","0.126812"
"2115941721","2104074028","0.126812"
"2104074028","2146781646","0.0434783"
"2146781646","2104074028","0.0434783"
"2111303489","2146781646","0.225296"
"2146781646","2111303489","0.225296"
"2111303489","2147296306","0.643911"
"2147296306","2111303489","0.643911"
"2115941721","2146781646","0.493051"
"2146781646","2115941721","0.493051"
"2115941721","2407167388","0.193051"
"2407167388","2115941721","0.193051"
"2119992936","2146781646","1.21815"
"2146781646","2119992936","1.21815"
"2132178369","2146781646","0.674869"
"2146781646","2132178369","0.674869"
"2134354726","2146781646","0.0434783"
"2146781646","2134354726","0.0434783"
"2146781646","2147296306","0.650627"
"2147296306","2146781646","0.650627"
"2146781646","2151860493","0.0819398"
"2151860493","2146781646","0.0819398"
"2146781646","2167980913","0.0819398"
"2167980913","2146781646","0.0819398"
"2146781646","2170835676","0.0819398"
"2170835676","2146781646","0.0819398"
"2035115871","2100739938","1.33333"
"2100739938","2035115871","1.33333"
"2035115871","2139543149","1.15119"
"2139543149","2035115871","1.15119"
"1539495021","2098192829","0.205128"
"2098192829","1539495021","0.205128"
"1539495021","2470924201","0.538462"
"2470924201","1539495021","0.538462"
"1965484571","2098192829","2.3877"
"2098192829","1965484571","2.3877"
"1965484571","2145700761","1.00437"
"2145700761","1965484571","1.00437"
"1965484571","2165401136","0.288462"
"2165401136","1965484571","0.288462"
"1965484571","2470924201","0.0384615"
"2470924201","1965484571","0.0384615"
"1965484571","2511803001","0.181319"
"2511803001","1965484571","0.181319"
"1992055950","2016635770","0.0384615"
"2016635770","1992055950","0.0384615"
"1992055950","2098192829","0.163462"
"2098192829","1992055950","0.163462"
"1992055950","2145700761","0.0384615"
"2145700761","1992055950","0.0384615"
"1992055950","2165401136","0.405128"
"2165401136","1992055950","0.405128"
"1992055950","2470924201","0.538462"
"2470924201","1992055950","0.538462"
"1992055950","2511803001","0.181319"
"2511803001","1992055950","0.181319"
"1992301869","1997650168","0.0384615"
"1997650168","1992301869","0.0384615"
"1992301869","1997885138","0.0384615"
"1997885138","1992301869","0.0384615"
"1992301869","1998519879","0.571795"
"1998519879","1992301869","0.571795"
"1992301869","2016635770","0.0384615"
"2016635770","1992301869","0.0384615"
"1992301869","2098192829","0.0384615"
"2098192829","1992301869","0.0384615"
"1992301869","2100739938","0.0384615"
"2100739938","1992301869","0.0384615"
"1992301869","2115941721","0.0384615"
"2115941721","1992301869","0.0384615"
"1992301869","2139543149","0.0384615"
"2139543149","1992301869","0.0384615"
"1992301869","2145700761","0.0384615"
"2145700761","1992301869","0.0384615"
"1992301869","2146781646","0.0384615"
"2146781646","1992301869","0.0384615"
"1992301869","2165401136","0.0384615"
"2165401136","1992301869","0.0384615"
"1992301869","2170835676","0.0384615"
"2170835676","1992301869","0.0384615"
"1992301869","2470924201","0.0384615"
"2470924201","1992301869","0.0384615"
"1992301869","2511803001","0.0384615"
"2511803001","1992301869","0.0384615"
"1996901220","2098192829","0.254371"
"2098192829","1996901220","0.254371"
"1996901220","2145700761","0.365482"
"2145700761","1996901220","0.365482"
"1996901220","2470924201","0.0384615"
"2470924201","1996901220","0.0384615"
"1996901220","2511803001","0.181319"
"2511803001","1996901220","0.181319"
"1997650168","1998519879","2.60361"
"1998519879","1997650168","2.60361"
"1997650168","2016635770","0.0384615"
"2016635770","1997650168","0.0384615"
"1997650168","2098192829","0.0384615"
"2098192829","1997650168","0.0384615"
"1997650168","2100739938","0.371795"
"2100739938","1997650168","0.371795"
"1997650168","2139543149","0.671795"
