"105581752","2038697852","1.09091"
"2038697852","105581752","1.09091"
"105581752","2064363399","1.5345"
"2064363399","105581752","1.5345"
"105581752","2089606532","0.625408"
"2089606532","105581752","0.625408"
"105581752","2091012239","0.257576"
"2091012239","105581752","0.257576"
"105581752","2209416710","7.06783"
"2209416710","105581752","7.06783"
"105581752","2327052894","0.625408"
"2327052894","105581752","0.625408"
"2038697852","2064363399","0.666667"
"2064363399","2038697852","0.666667"
"2038697852","2089606532","0.257576"
"2089606532","2038697852","0.257576"
"2038697852","2091012239","0.257576"
"2091012239","2038697852","0.257576"
"2038697852","2209416710","1"
"2209416710","2038697852","1"
"2038697852","2327052894","0.257576"
"2327052894","2038697852","0.257576"
"2064363399","2089606532","0.534499"
"2089606532","2064363399","0.534499"
"2064363399","2091012239","0.166667"
"2091012239","2064363399","0.166667"
"2064363399","2209416710","2.0345"
"2209416710","2064363399","2.0345"
"2064363399","2327052894","1.2845"
"2327052894","2064363399","1.2845"
"2089606532","2091012239","0.257576"
"2091012239","2089606532","0.257576"
"2089606532","2209416710","1.06783"
"2209416710","2089606532","1.06783"
"2089606532","2327052894","7.89207"
"2327052894","2089606532","7.89207"
"2091012239","2209416710","0.166667"
"2209416710","2091012239","0.166667"
"2091012239","2327052894","0.257576"
"2327052894","2091012239","0.257576"
"2209416710","2327052894","1.56783"
"2327052894","2209416710","1.56783"
"105581752","2313482544","2.15117"
"2313482544","105581752","2.15117"
"2209416710","2313482544","3.10117"
"2313482544","2209416710","3.10117"
"2038697852","2313482544","1.33333"
"2313482544","2038697852","1.33333"
"105581752","2059709854","1.59091"
"2059709854","105581752","1.59091"
"2059709854","2209416710","0.5"
"2209416710","2059709854","0.5"
"105581752","1824650991","0.617832"
"1824650991","105581752","0.617832"
"105581752","1861421402","0.617832"
"1861421402","105581752","0.617832"
"105581752","2083634111","0.167832"
"2083634111","105581752","0.167832"
"105581752","2134252993","0.367832"
"2134252993","105581752","0.367832"
"105581752","2231711180","0.167832"
"2231711180","105581752","0.167832"
"105581752","2413901637","0.167832"
"2413901637","105581752","0.167832"
"1824650991","1861421402","3.2845"
"1861421402","1824650991","3.2845"
"1824650991","2064363399","0.167832"
"2064363399","1824650991","0.167832"
"1824650991","2083634111","2.2345"
"2083634111","1824650991","2.2345"
"1824650991","2089606532","1.9345"
"2089606532","1824650991","1.9345"
"1824650991","2134252993","4.2345"
"2134252993","1824650991","4.2345"
"1824650991","2209416710","1.56783"
"2209416710","1824650991","1.56783"
"1824650991","2231711180","0.834499"
"2231711180","1824650991","0.834499"
"1824650991","2313482544","2.71783"
"2313482544","1824650991","2.71783"
"1824650991","2327052894","1.9345"
"2327052894","1824650991","1.9345"
"1824650991","2413901637","0.817832"
"2413901637","1824650991","0.817832"
"1861421402","2064363399","1.36783"
"2064363399","1861421402","1.36783"
"1861421402","2083634111","1.61783"
"2083634111","1861421402","1.61783"
"1861421402","2089606532","0.834499"
"2089606532","1861421402","0.834499"
"1861421402","2134252993","8.31783"
"2134252993","1861421402","8.31783"
"1861421402","2209416710","0.367832"
"2209416710","1861421402","0.367832"
"1861421402","2231711180","0.834499"
"2231711180","1861421402","0.834499"
"1861421402","2313482544","0.867832"
"2313482544","1861421402","0.867832"
"1861421402","2327052894","0.834499"
"2327052894","1861421402","0.834499"
"1861421402","2413901637","0.417832"
"2413901637","1861421402","0.417832"
"2064363399","2083634111","3.0345"
"2083634111","2064363399","3.0345"
"2064363399","2134252993","1.61783"
"2134252993","2064363399","1.61783"
"2064363399","2231711180","0.417832"
"2231711180","2064363399","0.417832"
"2064363399","2313482544","0.367832"
"2313482544","2064363399","0.367832"
"2064363399","2413901637","0.167832"
"2413901637","2064363399","0.167832"
"2083634111","2089606532","1.2345"
"2089606532","2083634111","1.2345"
"2083634111","2134252993","2.7845"
"2134252993","2083634111","2.7845"
"2083634111","2209416710","0.367832"
"2209416710","2083634111","0.367832"
"2083634111","2231711180","0.584499"
"2231711180","2083634111","0.584499"
"2083634111","2313482544","1.06783"
"2313482544","2083634111","1.06783"
"2083634111","2327052894","1.2345"
"2327052894","2083634111","1.2345"
"2083634111","2413901637","0.617832"
"2413901637","2083634111","0.617832"
"2089606532","2134252993","1.0345"
"2134252993","2089606532","1.0345"
"2089606532","2231711180","3.66783"
"2231711180","2089606532","3.66783"
"2089606532","2313482544","2.1345"
"2313482544","2089606532","2.1345"
"2089606532","2413901637","1.4845"
"2413901637","2089606532","1.4845"
"2134252993","2209416710","0.367832"
"2209416710","2134252993","0.367832"
"2134252993","2231711180","0.834499"
"2231711180","2134252993","0.834499"
"2134252993","2313482544","0.817832"
"2313482544","2134252993","0.817832"
"2134252993","2327052894","2.2845"
"2327052894","2134252993","2.2845"
"2134252993","2413901637","0.617832"
"2413901637","2134252993","0.617832"
"2209416710","2231711180","0.501166"
"2231711180","2209416710","0.501166"
"2209416710","2413901637","0.167832"
"2413901637","2209416710","0.167832"
"2231711180","2313482544","1.41783"
"2313482544","2231711180","1.41783"
"2231711180","2327052894","3.91783"
"2327052894","2231711180","3.91783"
"2231711180","2413901637","0.417832"
"2413901637","2231711180","0.417832"
"2313482544","2327052894","2.1345"
"2327052894","2313482544","2.1345"
"2313482544","2413901637","1.4845"
"2413901637","2313482544","1.4845"
"2327052894","2413901637","1.4845"
"2413901637","2327052894","1.4845"
"105581752","2029933987","0.340909"
"2029933987","105581752","0.340909"
"1824650991","2029933987","0.25"
"2029933987","1824650991","0.25"
"1861421402","2029933987","0.25"
"2029933987","1861421402","0.25"
"2029933987","2313482544","0.25"
"2313482544","2029933987","0.25"
"105581752","1510148020","0.0909091"
"1510148020","105581752","0.0909091"
"105581752","1563187919","0.0909091"
"1563187919","105581752","0.0909091"
"105581752","163639508","0.0909091"
"163639508","105581752","0.0909091"
"105581752","178702270","0.0909091"
"178702270","105581752","0.0909091"
"105581752","2511816196","0.0909091"
"2511816196","105581752","0.0909091"
"1510148020","1563187919","1.05202"
"1563187919","1510148020","1.05202"
"1510148020","163639508","0.60202"
"163639508","1510148020","0.60202"
"1510148020","178702270","0.60202"
"178702270","1510148020","0.60202"
"1510148020","2029933987","0.20202"
"2029933987","1510148020","0.20202"
"1510148020","2038697852","0.0909091"
"2038697852","1510148020","0.0909091"
"1510148020","2059709854","0.735354"
"2059709854","1510148020","0.735354"
"1510148020","2089606532","0.0909091"
"2089606532","1510148020","0.0909091"
"1510148020","2091012239","1.38535"
"2091012239","1510148020","1.38535"
"1510148020","2327052894","0.0909091"
"2327052894","1510148020","0.0909091"
"1510148020","2511816196","0.624242"
"2511816196","1510148020","0.624242"
"1563187919","163639508","0.60202"
"163639508","1563187919","0.60202"
"1563187919","178702270","0.60202"
"178702270","1563187919","0.60202"
"1563187919","2029933987","0.20202"
"2029933987","1563187919","0.20202"
"1563187919","2038697852","0.0909091"
"2038697852","1563187919","0.0909091"
"1563187919","2059709854","1.24646"
"2059709854","1563187919","1.24646"
"1563187919","2089606532","0.0909091"
"2089606532","1563187919","0.0909091"
"1563187919","2091012239","1.69646"
"2091012239","1563187919","1.69646"
"1563187919","2327052894","0.0909091"
"2327052894","1563187919","0.0909091"
"1563187919","2511816196","0.60202"
"2511816196","1563187919","0.60202"
"163639508","178702270","2.10202"
"178702270","163639508","2.10202"
"163639508","2029933987","0.368687"
"2029933987","163639508","0.368687"
"163639508","2038697852","0.0909091"
"2038697852","163639508","0.0909091"
"163639508","2059709854","0.70202"
"2059709854","163639508","0.70202"
"163639508","2089606532","0.0909091"
"2089606532","163639508","0.0909091"
"163639508","2091012239","0.90202"
"2091012239","163639508","0.90202"
"163639508","2327052894","0.0909091"
"2327052894","163639508","0.0909091"
"163639508","2511816196","0.957576"
"2511816196","163639508","0.957576"
"178702270","2029933987","0.368687"
"2029933987","178702270","0.368687"
"178702270","2038697852","0.0909091"
"2038697852","178702270","0.0909091"
"178702270","2059709854","0.70202"
"2059709854","178702270","0.70202"
"178702270","2089606532","0.0909091"
"2089606532","178702270","0.0909091"
"178702270","2091012239","3.23535"
"2091012239","178702270","3.23535"
"178702270","2327052894","0.0909091"
"2327052894","178702270","0.0909091"
"178702270","2511816196","2.12424"
"2511816196","178702270","2.12424"
"2029933987","2038697852","0.0909091"
"2038697852","2029933987","0.0909091"
"2029933987","2059709854","0.368687"
"2059709854","2029933987","0.368687"
"2029933987","2089606532","0.0909091"
"2089606532","2029933987","0.0909091"
"2029933987","2091012239","0.368687"
"2091012239","2029933987","0.368687"
"2029933987","2327052894","0.0909091"
"2327052894","2029933987","0.0909091"
"2029933987","2511816196","0.0909091"
"2511816196","2029933987","0.0909091"
"2038697852","2059709854","2.09091"
"2059709854","2038697852","2.09091"
"2038697852","2511816196","0.0909091"
"2511816196","2038697852","0.0909091"
"2059709854","2089606532","0.0909091"
"2089606532","2059709854","0.0909091"
"2059709854","2091012239","3.44646"
"2091012239","2059709854","3.44646"
"2059709854","2327052894","0.0909091"
"2327052894","2059709854","0.0909091"
"2059709854","2511816196","0.935354"
"2511816196","2059709854","0.935354"
"2089606532","2511816196","0.0909091"
"2511816196","2089606532","0.0909091"
"2091012239","2511816196","1.80202"
"2511816196","2091012239","1.80202"
"2327052894","2511816196","0.0909091"
"2511816196","2327052894","0.0909091"
"105581752","1686568283","0.0769231"
"1686568283","105581752","0.0769231"
"105581752","2062868102","0.0769231"
"2062868102","105581752","0.0769231"
"1686568283","1824650991","0.326923"
"1824650991","1686568283","0.326923"
"1686568283","1861421402","0.776923"
"1861421402","1686568283","0.776923"
"1686568283","2062868102","0.0769231"
"2062868102","1686568283","0.0769231"
"1686568283","2064363399","2.69359"
"2064363399","1686568283","2.69359"
"1686568283","2083634111","1.44359"
"2083634111","1686568283","1.44359"
"1686568283","2089606532","0.326923"
"2089606532","1686568283","0.326923"
"1686568283","2134252993","1.94359"
"2134252993","1686568283","1.94359"
"1686568283","2209416710","0.0769231"
"2209416710","1686568283","0.0769231"
"1686568283","2231711180","0.326923"
"2231711180","1686568283","0.326923"
"1686568283","2313482544","0.0769231"
"2313482544","1686568283","0.0769231"
"1686568283","2327052894","0.576923"
"2327052894","1686568283","0.576923"
"1686568283","2413901637","0.0769231"
"2413901637","1686568283","0.0769231"
"1824650991","2062868102","0.0769231"
"2062868102","1824650991","0.0769231"
"1861421402","2062868102","0.0769231"
"2062868102","1861421402","0.0769231"
"2062868102","2064363399","0.0769231"
"2064363399","2062868102","0.0769231"
"2062868102","2083634111","0.0769231"
"2083634111","2062868102","0.0769231"
"2062868102","2089606532","0.0769231"
"2089606532","2062868102","0.0769231"
"2062868102","2134252993","0.0769231"
"2134252993","2062868102","0.0769231"
"2062868102","2209416710","0.0769231"
"2209416710","2062868102","0.0769231"
"2062868102","2231711180","0.167832"
"2231711180","2062868102","0.167832"
"2062868102","2313482544","0.0769231"
"2313482544","2062868102","0.0769231"
"2062868102","2327052894","0.0769231"
"2327052894","2062868102","0.0769231"
"2062868102","2413901637","0.325256"
"2413901637","2062868102","0.325256"
"1124422431","174910465","1.51222"
"174910465","1124422431","1.51222"
"1124422431","2044821377","2.51222"
"2044821377","1124422431","2.51222"
"174910465","2044821377","2.13722"
"2044821377","174910465","2.13722"
"1124422431","163639508","2.33333"
"163639508","1124422431","2.33333"
"1124422431","1507906737","0.15"
"1507906737","1124422431","0.15"
"1124422431","1537349539","0.451111"
"1537349539","1124422431","0.451111"
"1124422431","1558447100","0.367778"
"1558447100","1124422431","0.367778"
"1124422431","1972977357","0.645556"
"1972977357","1124422431","0.645556"
"1124422431","2000942258","0.817778"
"2000942258","1124422431","0.817778"
"1124422431","2045489657","0.478889"
"2045489657","1124422431","0.478889"
"1124422431","2062868102","0.384444"
"2062868102","1124422431","0.384444"
"1124422431","2412036304","0.34"
"2412036304","1124422431","0.34"
"1124422431","2416989504","0.34"
"2416989504","1124422431","0.34"
"1124422431","2534963985","0.256667"
"2534963985","1124422431","0.256667"
"1124422431","2765101833","0.19"
"2765101833","1124422431","0.19"
"1124422431","340859136","0.15"
"340859136","1124422431","0.15"
"1507906737","1537349539","0.15"
"1537349539","1507906737","0.15"
"1507906737","1558447100","1.65"
"1558447100","1507906737","1.65"
"1507906737","1972977357","0.15"
"1972977357","1507906737","0.15"
"1507906737","2000942258","1.31667"
"2000942258","1507906737","1.31667"
"1507906737","2045489657","0.15"
"2045489657","1507906737","0.15"
"1507906737","2062868102","0.15"
"2062868102","1507906737","0.15"
"1507906737","2412036304","0.15"
"2412036304","1507906737","0.15"
"1507906737","2416989504","0.15"
"2416989504","1507906737","0.15"
"1507906737","2534963985","0.816667"
"2534963985","1507906737","0.816667"
"1507906737","2765101833","0.15"
"2765101833","1507906737","0.15"
"1507906737","340859136","4.93571"
"340859136","1507906737","4.93571"
"1537349539","1558447100","0.451111"
"1558447100","1537349539","0.451111"
"1537349539","1972977357","1.32773"
"1972977357","1537349539","1.32773"
"1537349539","2000942258","0.76619"
"2000942258","1537349539","0.76619"
"1537349539","2045489657","1.32773"
"2045489657","1537349539","1.32773"
"1537349539","2062868102","1.23329"
"2062868102","1537349539","1.23329"
"1537349539","2412036304","4.4269"
"2412036304","1537349539","4.4269"
"1537349539","2416989504","0.89119"
"2416989504","1537349539","0.89119"
"1537349539","2534963985","1.45071"
"2534963985","1537349539","1.45071"
"1537349539","2765101833","0.731667"
"2765101833","1537349539","0.731667"
"1537349539","340859136","0.15"
"340859136","1537349539","0.15"
"1558447100","1972977357","0.451111"
"1972977357","1558447100","0.451111"
"1558447100","2000942258","0.34"
"2000942258","1558447100","0.34"
"1558447100","2045489657","0.451111"
"2045489657","1558447100","0.451111"
"1558447100","2062868102","0.273333"
"2062868102","1558447100","0.273333"
"1558447100","2412036304","0.34"
"2412036304","1558447100","0.34"
"1558447100","2416989504","0.34"
"2416989504","1558447100","0.34"
"1558447100","2534963985","0.34"
"2534963985","1558447100","0.34"
"1558447100","2765101833","0.273333"
"2765101833","1558447100","0.273333"
"1558447100","340859136","0.15"
"340859136","1558447100","0.15"
"1972977357","2000942258","0.617778"
"2000942258","1972977357","0.617778"
"1972977357","2045489657","5.81385"
"2045489657","1972977357","5.81385"
"1972977357","2062868102","2.51107"
"2062868102","1972977357","2.51107"
"1972977357","2412036304","1.00071"
"2412036304","1972977357","1.00071"
"1972977357","2416989504","0.465"
"2416989504","1972977357","0.465"
"1972977357","2534963985","0.607857"
"2534963985","1972977357","0.607857"
"1972977357","2765101833","0.731667"
"2765101833","1972977357","0.731667"
"1972977357","340859136","0.15"
"340859136","1972977357","0.15"
"2000942258","2045489657","0.451111"
"2045489657","2000942258","0.451111"
"2000942258","2062868102","0.467778"
"2062868102","2000942258","0.467778"
"2000942258","2412036304","0.56619"
"2412036304","2000942258","0.56619"
"2000942258","2416989504","0.56619"
"2416989504","2000942258","0.56619"
"2000942258","2534963985","1.14952"
"2534963985","2000942258","1.14952"
"2000942258","2765101833","0.273333"
"2765101833","2000942258","0.273333"
"2000942258","340859136","2.31667"
"340859136","2000942258","2.31667"
"2045489657","2062868102","3.51107"
"2062868102","2045489657","3.51107"
"2045489657","2412036304","1.00071"
"2412036304","2045489657","1.00071"
"2045489657","2416989504","0.465"
"2416989504","2045489657","0.465"
"2045489657","2534963985","0.607857"
"2534963985","2045489657","0.607857"
"2045489657","2765101833","0.398333"
"2765101833","2045489657","0.398333"
"2045489657","340859136","0.15"
"340859136","2045489657","0.15"
"2062868102","2412036304","1.01738"
"2412036304","2062868102","1.01738"
"2062868102","2416989504","0.481667"
"2416989504","2062868102","0.481667"
"2062868102","2534963985","0.541191"
"2534963985","2062868102","0.541191"
"2062868102","2765101833","0.398333"
"2765101833","2062868102","0.398333"
"2062868102","340859136","0.15"
"340859136","2062868102","0.15"
"2412036304","2416989504","0.89119"
"2416989504","2412036304","0.89119"
"2412036304","2534963985","2.56183"
"2534963985","2412036304","2.56183"
"2412036304","2765101833","0.273333"
"2765101833","2412036304","0.273333"
"2412036304","340859136","0.15"
"340859136","2412036304","0.15"
"2416989504","2534963985","0.807857"
"2534963985","2416989504","0.807857"
"2416989504","2765101833","0.273333"
"2765101833","2416989504","0.273333"
"2416989504","340859136","0.15"
"340859136","2416989504","0.15"
"2534963985","2765101833","0.273333"
"2765101833","2534963985","0.273333"
"2534963985","340859136","0.816667"
"340859136","2534963985","0.816667"
"2765101833","340859136","0.15"
"340859136","2765101833","0.15"
"1124422431","2055743332","0.151111"
"2055743332","1124422431","0.151111"
"1124422431","2080758669","0.584444"
"2080758669","1124422431","0.584444"
"1124422431","887770664","0.151111"
"887770664","1124422431","0.151111"
"174910465","1972977357","0.262222"
"1972977357","174910465","0.262222"
"174910465","2000942258","0.476111"
"2000942258","174910465","0.476111"
"174910465","2045489657","0.762222"
"2045489657","174910465","0.762222"
"174910465","2055743332","0.276111"
"2055743332","174910465","0.276111"
"174910465","2062868102","0.651111"
"2062868102","174910465","0.651111"
"174910465","2080758669","0.976111"
"2080758669","174910465","0.976111"
"174910465","887770664","0.151111"
"887770664","174910465","0.151111"
"1972977357","2044821377","0.262222"
"2044821377","1972977357","0.262222"
"1972977357","2055743332","0.49202"
"2055743332","1972977357","0.49202"
"1972977357","2080758669","0.759444"
"2080758669","1972977357","0.759444"
"1972977357","887770664","0.36702"
"887770664","1972977357","0.36702"
"2000942258","2044821377","0.276111"
"2044821377","2000942258","0.276111"
"2000942258","2055743332","0.276111"
"2055743332","2000942258","0.276111"
"2000942258","2080758669","2.80944"
"2080758669","2000942258","2.80944"
"2000942258","887770664","2.15111"
"887770664","2000942258","2.15111"
"2044821377","2045489657","0.762222"
"2045489657","2044821377","0.762222"
"2044821377","2055743332","0.276111"
"2055743332","2044821377","0.276111"
"2044821377","2062868102","1.65111"
"2062868102","2044821377","1.65111"
"2044821377","2080758669","0.776111"
"2080758669","2044821377","0.776111"
"2044821377","887770664","0.151111"
"887770664","2044821377","0.151111"
"2045489657","2055743332","0.49202"
"2055743332","2045489657","0.49202"
"2045489657","2080758669","1.09278"
"2080758669","2045489657","1.09278"
"2045489657","887770664","0.36702"
"887770664","2045489657","0.36702"
"2055743332","2062868102","0.36702"
"2062868102","2055743332","0.36702"
"2055743332","2080758669","0.401111"
"2080758669","2055743332","0.401111"
"2055743332","887770664","0.36702"
"887770664","2055743332","0.36702"
"2062868102","2080758669","0.901111"
"2080758669","2062868102","0.901111"
"2062868102","887770664","0.36702"
"887770664","2062868102","0.36702"
"2080758669","887770664","0.151111"
"887770664","2080758669","0.151111"
"1124422431","178702270","2.66667"
"178702270","1124422431","2.66667"
"1124422431","2091012239","1.06667"
"2091012239","1124422431","1.06667"
"1124422431","2313482544","1"
"2313482544","1124422431","1"
"1124422431","131413082","0.0666667"
"131413082","1124422431","0.0666667"
"1124422431","1553405396","0.467778"
"1553405396","1124422431","0.467778"
"1124422431","1823320334","0.3"
"1823320334","1124422431","0.3"
"1124422431","2344448077","0.34"
"2344448077","1124422431","0.34"
"1124422431","2413901637","0.19"
"2413901637","1124422431","0.19"
"1124422431","2732824764","0.19"
"2732824764","1124422431","0.19"
"131413082","1537349539","0.15"
"1537349539","131413082","0.15"
"131413082","1553405396","0.0666667"
"1553405396","131413082","0.0666667"
"131413082","1558447100","8.65"
"1558447100","131413082","8.65"
"131413082","1823320334","0.0666667"
"1823320334","131413082","0.0666667"
"131413082","1972977357","0.15"
"1972977357","131413082","0.15"
"131413082","2000942258","0.15"
"2000942258","131413082","0.15"
"131413082","2045489657","0.15"
"2045489657","131413082","0.15"
"131413082","2080758669","0.0666667"
"2080758669","131413082","0.0666667"
"131413082","2344448077","0.0666667"
"2344448077","131413082","0.0666667"
"131413082","2412036304","0.15"
"2412036304","131413082","0.15"
"131413082","2413901637","0.0666667"
"2413901637","131413082","0.0666667"
"131413082","2416989504","0.15"
"2416989504","131413082","0.15"
"131413082","2534963985","0.15"
"2534963985","131413082","0.15"
"131413082","2732824764","0.0666667"
"2732824764","131413082","0.0666667"
"1537349539","1553405396","0.503492"
"1553405396","1537349539","0.503492"
"1537349539","1823320334","0.682576"
"1823320334","1537349539","0.682576"
"1537349539","2080758669","0.306667"
"2080758669","1537349539","0.306667"
"1537349539","2344448077","0.722576"
"2344448077","1537349539","0.722576"
"1537349539","2413901637","1.015"
"2413901637","1537349539","1.015"
"1537349539","2732824764","0.315"
"2732824764","1537349539","0.315"
"1553405396","1558447100","0.717778"
"1558447100","1553405396","0.717778"
"1553405396","1823320334","0.0666667"
"1823320334","1553405396","0.0666667"
"1553405396","1972977357","0.670159"
"1972977357","1553405396","0.670159"
"1553405396","2000942258","0.106667"
"2000942258","1553405396","0.106667"
"1553405396","2045489657","0.670159"
"2045489657","1553405396","0.670159"
"1553405396","2080758669","0.106667"
"2080758669","1553405396","0.106667"
"1553405396","2344448077","0.106667"
"2344448077","1553405396","0.106667"
"1553405396","2412036304","0.392381"
"2412036304","1553405396","0.392381"
"1553405396","2413901637","0.106667"
"2413901637","1553405396","0.106667"
"1553405396","2416989504","0.106667"
"2416989504","1553405396","0.106667"
"1553405396","2534963985","0.249524"
"2534963985","1553405396","0.249524"
"1553405396","2732824764","0.106667"
"2732824764","1553405396","0.106667"
"1558447100","1823320334","0.133333"
"1823320334","1558447100","0.133333"
"1558447100","2080758669","0.106667"
"2080758669","1558447100","0.106667"
"1558447100","2344448077","0.173333"
"2344448077","1558447100","0.173333"
"1558447100","2413901637","0.106667"
"2413901637","1558447100","0.106667"
"1558447100","2732824764","0.106667"
"2732824764","1558447100","0.106667"
"1823320334","1972977357","1.22424"
"1972977357","1823320334","1.22424"
"1823320334","2000942258","0.3"
"2000942258","1823320334","0.3"
"1823320334","2045489657","2.22424"
"2045489657","1823320334","2.22424"
"1823320334","2080758669","1.60833"
"2080758669","1823320334","1.60833"
"1823320334","2344448077","3.14091"
"2344448077","1823320334","3.14091"
"1823320334","2412036304","0.133333"
"2412036304","1823320334","0.133333"
"1823320334","2413901637","0.191667"
"2413901637","1823320334","0.191667"
"1823320334","2416989504","0.133333"
"2416989504","1823320334","0.133333"
"1823320334","2534963985","0.133333"
"2534963985","1823320334","0.133333"
"1823320334","2732824764","0.0666667"
"2732824764","1823320334","0.0666667"
"1972977357","2344448077","1.01424"
"2344448077","1972977357","1.01424"
"1972977357","2413901637","0.356667"
"2413901637","1972977357","0.356667"
"1972977357","2732824764","0.231667"
"2732824764","1972977357","0.231667"
"2000942258","2344448077","0.34"
"2344448077","2000942258","0.34"
"2000942258","2413901637","0.39"
"2413901637","2000942258","0.39"
"2000942258","2732824764","0.19"
"2732824764","2000942258","0.19"
"2045489657","2344448077","0.514242"
"2344448077","2045489657","0.514242"
"2045489657","2413901637","0.356667"
"2413901637","2045489657","0.356667"
"2045489657","2732824764","0.231667"
"2732824764","2045489657","0.231667"
"2080758669","2344448077","0.398333"
"2344448077","2080758669","0.398333"
"2080758669","2412036304","0.106667"
"2412036304","2080758669","0.106667"
"2080758669","2413901637","0.431667"
"2413901637","2080758669","0.431667"
"2080758669","2416989504","0.106667"
"2416989504","2080758669","0.106667"
"2080758669","2534963985","0.106667"
"2534963985","2080758669","0.106667"
"2080758669","2732824764","0.106667"
"2732824764","2080758669","0.106667"
"2344448077","2412036304","0.173333"
"2412036304","2344448077","0.173333"
"2344448077","2413901637","0.231667"
"2413901637","2344448077","0.231667"
"2344448077","2416989504","0.173333"
"2416989504","2344448077","0.173333"
"2344448077","2534963985","0.173333"
"2534963985","2344448077","0.173333"
"2344448077","2732824764","0.106667"
"2732824764","2344448077","0.106667"
"2412036304","2413901637","0.315"
"2413901637","2412036304","0.315"
"2412036304","2732824764","0.315"
"2732824764","2412036304","0.315"
"2413901637","2416989504","0.315"
"2416989504","2413901637","0.315"
"2413901637","2534963985","0.731667"
"2534963985","2413901637","0.731667"
"2413901637","2732824764","0.315"
"2732824764","2413901637","0.315"
"2416989504","2732824764","5.815"
"2732824764","2416989504","5.815"
"2534963985","2732824764","0.231667"
"2732824764","2534963985","0.231667"
"1124422431","2511816196","1.2"
"2511816196","1124422431","1.2"
"1124422431","2031157111","0.29"
"2031157111","1124422431","0.29"
"1823320334","2031157111","0.291667"
"2031157111","1823320334","0.291667"
"1972977357","2031157111","0.831667"
"2031157111","1972977357","0.831667"
"2000942258","2031157111","0.415"
"2031157111","2000942258","0.415"
"2031157111","2080758669","0.456667"
"2080758669","2031157111","0.456667"
"2031157111","2344448077","0.331667"
"2344448077","2031157111","0.331667"
"1124422431","1968583760","0.234444"
"1968583760","1124422431","0.234444"
"1124422431","2034223886","0.19"
"2034223886","1124422431","0.19"
"1124422431","2043009412","0.123333"
"2043009412","1124422431","0.123333"
"1124422431","2061354549","0.484444"
"2061354549","1124422431","0.484444"
"1124422431","2747070277","0.04"
"2747070277","1124422431","0.04"
"1537349539","174910465","0.551111"
"174910465","1537349539","0.551111"
"1537349539","1968583760","0.663016"
"1968583760","1537349539","0.663016"
"1537349539","2031157111","0.123333"
"2031157111","1537349539","0.123333"
"1537349539","2034223886","0.41619"
"2034223886","1537349539","0.41619"
"1537349539","2043009412","0.123333"
"2043009412","1537349539","0.123333"
"1537349539","2044821377","0.151111"
"2044821377","1537349539","0.151111"
"1537349539","2055743332","0.255909"
"2055743332","1537349539","0.255909"
"1537349539","2061354549","3.00349"
"2061354549","1537349539","3.00349"
"1537349539","2747070277","0.04"
"2747070277","1537349539","0.04"
"1537349539","887770664","0.255909"
"887770664","1537349539","0.255909"
"1553405396","174910465","9.40111"
"174910465","1553405396","9.40111"
"1553405396","1968583760","1.10349"
"1968583760","1553405396","1.10349"
"1553405396","2031157111","0.206667"
"2031157111","1553405396","0.206667"
"1553405396","2034223886","0.04"
"2034223886","1553405396","0.04"
"1553405396","2043009412","0.206667"
"2043009412","1553405396","0.206667"
"1553405396","2044821377","0.401111"
"2044821377","1553405396","0.401111"
"1553405396","2055743332","0.04"
"2055743332","1553405396","0.04"
"1553405396","2061354549","0.543968"
"2061354549","1553405396","0.543968"
"1553405396","2062868102","0.492381"
"2062868102","1553405396","0.492381"
"1553405396","2747070277","0.04"
"2747070277","1553405396","0.04"
"1553405396","2765101833","0.04"
"2765101833","1553405396","0.04"
"1553405396","887770664","0.04"
"887770664","1553405396","0.04"
"1558447100","174910465","0.151111"
"174910465","1558447100","0.151111"
"1558447100","1968583760","0.151111"
"1968583760","1558447100","0.151111"
"1558447100","2031157111","0.04"
"2031157111","1558447100","0.04"
"1558447100","2034223886","0.19"
"2034223886","1558447100","0.19"
"1558447100","2043009412","0.04"
"2043009412","1558447100","0.04"
"1558447100","2044821377","0.151111"
"2044821377","1558447100","0.151111"
"1558447100","2055743332","0.04"
"2055743332","1558447100","0.04"
"1558447100","2061354549","0.234444"
"2061354549","1558447100","0.234444"
"1558447100","2747070277","0.04"
"2747070277","1558447100","0.04"
"1558447100","887770664","0.04"
"887770664","1558447100","0.04"
"174910465","1968583760","0.151111"
"1968583760","174910465","0.151111"
"174910465","2031157111","0.165"
"2031157111","174910465","0.165"
"174910465","2034223886","0.165"
"2034223886","174910465","0.165"
"174910465","2043009412","0.165"
"2043009412","174910465","0.165"
"174910465","2061354549","0.801111"
"2061354549","174910465","0.801111"
"174910465","2344448077","0.04"
"2344448077","174910465","0.04"
"174910465","2412036304","0.24"
"2412036304","174910465","0.24"
"174910465","2413901637","0.24"
"2413901637","174910465","0.24"
"174910465","2416989504","0.24"
"2416989504","174910465","0.24"
"174910465","2534963985","0.24"
"2534963985","174910465","0.24"
"174910465","2732824764","0.04"
"2732824764","174910465","0.04"
"174910465","2747070277","0.04"
"2747070277","174910465","0.04"
"174910465","2765101833","0.04"
"2765101833","174910465","0.04"
"1968583760","1972977357","0.603492"
"1972977357","1968583760","0.603492"
"1968583760","2000942258","0.26619"
"2000942258","1968583760","0.26619"
"1968583760","2031157111","0.623333"
"2031157111","1968583760","0.623333"
"1968583760","2034223886","0.26619"
"2034223886","1968583760","0.26619"
"1968583760","2043009412","0.623333"
"2043009412","1968583760","0.623333"
"1968583760","2044821377","0.151111"
"2044821377","1968583760","0.151111"
"1968583760","2045489657","0.603492"
"2045489657","1968583760","0.603492"
"1968583760","2055743332","0.04"
"2055743332","1968583760","0.04"
"1968583760","2061354549","0.853492"
"2061354549","1968583760","0.853492"
"1968583760","2062868102","0.575714"
"2062868102","1968583760","0.575714"
"1968583760","2080758669","0.04"
"2080758669","1968583760","0.04"
"1968583760","2344448077","0.04"
"2344448077","1968583760","0.04"
"1968583760","2412036304","0.551905"
"2412036304","1968583760","0.551905"
"1968583760","2413901637","0.123333"
"2413901637","1968583760","0.123333"
"1968583760","2416989504","0.26619"
"2416989504","1968583760","0.26619"
"1968583760","2534963985","0.325714"
"2534963985","1968583760","0.325714"
"1968583760","2732824764","0.123333"
"2732824764","1968583760","0.123333"
"1968583760","2747070277","0.04"
"2747070277","1968583760","0.04"
"1968583760","2765101833","0.04"
"2765101833","1968583760","0.04"
"1968583760","887770664","0.04"
"887770664","1968583760","0.04"
"1972977357","2034223886","0.19"
"2034223886","1972977357","0.19"
"1972977357","2043009412","0.331667"
"2043009412","1972977357","0.331667"
"1972977357","2061354549","0.377302"
"2061354549","1972977357","0.377302"
"1972977357","2747070277","0.04"
"2747070277","1972977357","0.04"
"2000942258","2034223886","0.541191"
"2034223886","2000942258","0.541191"
"2000942258","2043009412","0.248333"
"2043009412","2000942258","0.248333"
"2000942258","2061354549","0.549524"
"2061354549","2000942258","0.549524"
"2000942258","2747070277","1.04"
"2747070277","2000942258","1.04"
"2031157111","2034223886","0.248333"
"2034223886","2031157111","0.248333"
"2031157111","2043009412","2.87333"
"2043009412","2031157111","2.87333"
"2031157111","2044821377","0.165"
"2044821377","2031157111","0.165"
"2031157111","2045489657","0.665"
"2045489657","2031157111","0.665"
"2031157111","2055743332","0.29"
"2055743332","2031157111","0.29"
"2031157111","2061354549","0.456667"
"2061354549","2031157111","0.456667"
"2031157111","2062868102","0.623333"
"2062868102","2031157111","0.623333"
"2031157111","2412036304","0.123333"
"2412036304","2031157111","0.123333"
"2031157111","2413901637","0.248333"
"2413901637","2031157111","0.248333"
"2031157111","2416989504","0.123333"
"2416989504","2031157111","0.123333"
"2031157111","2534963985","0.04"
"2534963985","2031157111","0.04"
"2031157111","2732824764","0.123333"
"2732824764","2031157111","0.123333"
"2031157111","2747070277","0.04"
"2747070277","2031157111","0.04"
"2031157111","2765101833","0.04"
"2765101833","2031157111","0.04"
"2031157111","887770664","0.04"
"887770664","2031157111","0.04"
"2034223886","2043009412","0.248333"
"2043009412","2034223886","0.248333"
"2034223886","2044821377","0.165"
"2044821377","2034223886","0.165"
"2034223886","2045489657","0.19"
"2045489657","2034223886","0.19"
"2034223886","2055743332","0.165"
"2055743332","2034223886","0.165"
"2034223886","2061354549","0.349524"
"2061354549","2034223886","0.349524"
"2034223886","2062868102","0.273333"
"2062868102","2034223886","0.273333"
"2034223886","2080758669","0.165"
"2080758669","2034223886","0.165"
"2034223886","2344448077","0.106667"
"2344448077","2034223886","0.106667"
"2034223886","2412036304","0.41619"
"2412036304","2034223886","0.41619"
"2034223886","2413901637","1.12333"
"2413901637","2034223886","1.12333"
"2034223886","2416989504","0.41619"
"2416989504","2034223886","0.41619"
"2034223886","2534963985","0.332857"
"2534963985","2034223886","0.332857"
"2034223886","2732824764","0.123333"
"2732824764","2034223886","0.123333"
"2034223886","2747070277","0.04"
"2747070277","2034223886","0.04"
"2034223886","2765101833","0.19"
"2765101833","2034223886","0.19"
"2034223886","887770664","0.04"
"887770664","2034223886","0.04"
"2043009412","2044821377","0.165"
"2044821377","2043009412","0.165"
"2043009412","2045489657","0.331667"
"2045489657","2043009412","0.331667"
"2043009412","2055743332","0.29"
"2055743332","2043009412","0.29"
"2043009412","2061354549","0.456667"
"2061354549","2043009412","0.456667"
"2043009412","2062868102","0.29"
"2062868102","2043009412","0.29"
"2043009412","2080758669","1.79"
"2080758669","2043009412","1.79"
"2043009412","2344448077","0.165"
"2344448077","2043009412","0.165"
"2043009412","2412036304","0.123333"
"2412036304","2043009412","0.123333"
"2043009412","2413901637","0.248333"
"2413901637","2043009412","0.248333"
"2043009412","2416989504","0.123333"
"2416989504","2043009412","0.123333"
"2043009412","2534963985","0.04"
"2534963985","2043009412","0.04"
"2043009412","2732824764","0.123333"
"2732824764","2043009412","0.123333"
"2043009412","2747070277","0.04"
"2747070277","2043009412","0.04"
"2043009412","2765101833","0.04"
"2765101833","2043009412","0.04"
"2043009412","887770664","0.04"
"887770664","2043009412","0.04"
"2044821377","2061354549","0.401111"
"2061354549","2044821377","0.401111"
"2044821377","2344448077","0.04"
"2344448077","2044821377","0.04"
"2044821377","2412036304","0.04"
"2412036304","2044821377","0.04"
"2044821377","2413901637","0.04"
"2413901637","2044821377","0.04"
"2044821377","2416989504","0.04"
"2416989504","2044821377","0.04"
"2044821377","2534963985","0.04"
"2534963985","2044821377","0.04"
"2044821377","2732824764","0.04"
"2732824764","2044821377","0.04"
"2044821377","2747070277","0.04"
"2747070277","2044821377","0.04"
"2044821377","2765101833","0.04"
"2765101833","2044821377","0.04"
"2045489657","2061354549","0.377302"
"2061354549","2045489657","0.377302"
"2045489657","2747070277","0.04"
"2747070277","2045489657","0.04"
"2055743332","2061354549","0.04"
"2061354549","2055743332","0.04"
"2055743332","2344448077","1.21424"
"2344448077","2055743332","1.21424"
"2055743332","2412036304","0.04"
"2412036304","2055743332","0.04"
"2055743332","2413901637","0.165"
"2413901637","2055743332","0.165"
"2055743332","2416989504","0.04"
"2416989504","2055743332","0.04"
"2055743332","2534963985","0.04"
"2534963985","2055743332","0.04"
"2055743332","2732824764","0.04"
"2732824764","2055743332","0.04"
"2055743332","2747070277","0.04"
"2747070277","2055743332","0.04"
"2055743332","2765101833","0.498333"
"2765101833","2055743332","0.498333"
"2061354549","2062868102","0.349524"
"2062868102","2061354549","0.349524"
"2061354549","2080758669","0.24"
"2080758669","2061354549","0.24"
"2061354549","2344448077","0.04"
"2344448077","2061354549","0.04"
"2061354549","2412036304","0.692381"
"2412036304","2061354549","0.692381"
"2061354549","2413901637","0.323333"
"2413901637","2061354549","0.323333"
"2061354549","2416989504","0.549524"
"2416989504","2061354549","0.549524"
"2061354549","2534963985","0.46619"
"2534963985","2061354549","0.46619"
"2061354549","2732824764","0.123333"
"2732824764","2061354549","0.123333"
"2061354549","2747070277","0.04"
"2747070277","2061354549","0.04"
"2061354549","2765101833","0.123333"
"2765101833","2061354549","0.123333"
"2061354549","887770664","0.04"
"887770664","2061354549","0.04"
"2062868102","2344448077","0.322576"
"2344448077","2062868102","0.322576"
"2062868102","2732824764","0.248333"
"2732824764","2062868102","0.248333"
"2062868102","2747070277","0.04"
"2747070277","2062868102","0.04"
"2080758669","2747070277","0.04"
"2747070277","2080758669","0.04"
"2080758669","2765101833","1.04"
"2765101833","2080758669","1.04"
"2344448077","2747070277","0.04"
"2747070277","2344448077","0.04"
"2344448077","2765101833","3.23167"
"2765101833","2344448077","3.23167"
"2344448077","887770664","0.255909"
"887770664","2344448077","0.255909"
"2412036304","2747070277","0.04"
"2747070277","2412036304","0.04"
"2412036304","887770664","0.04"
"887770664","2412036304","0.04"
"2413901637","2747070277","0.04"
"2747070277","2413901637","0.04"
"2413901637","2765101833","0.04"
"2765101833","2413901637","0.04"
"2413901637","887770664","0.04"
"887770664","2413901637","0.04"
"2416989504","2747070277","0.04"
"2747070277","2416989504","0.04"
"2416989504","887770664","0.04"
"887770664","2416989504","0.04"
"2534963985","2747070277","0.54"
"2747070277","2534963985","0.54"
"2534963985","887770664","0.54"
"887770664","2534963985","0.54"
"2732824764","2747070277","0.04"
"2747070277","2732824764","0.04"
"2732824764","2765101833","0.54"
"2765101833","2732824764","0.54"
"2732824764","887770664","0.04"
"887770664","2732824764","0.04"
"2747070277","2765101833","0.54"
"2765101833","2747070277","0.54"
"2747070277","887770664","7.04"
"887770664","2747070277","7.04"
"2765101833","887770664","0.665"
"887770664","2765101833","0.665"
"1124422431","1563187919","0.2"
"1563187919","1124422431","0.2"
"1124422431","2059709854","0.733333"
"2059709854","1124422431","0.733333"
"1563187919","2000942258","0.65"
"2000942258","1563187919","0.65"
"1563187919","2080758669","1.09444"
"2080758669","1563187919","1.09444"
"2000942258","2059709854","0.4"
"2059709854","2000942258","0.4"
"2000942258","2091012239","0.85"
"2091012239","2000942258","0.85"
"2059709854","2080758669","0.844444"
"2080758669","2059709854","0.844444"
"2080758669","2091012239","1.29444"
"2091012239","2080758669","1.29444"
"1507906737","1823320334","0.0666667"
"1823320334","1507906737","0.0666667"
"1507906737","2034223886","0.0666667"
"2034223886","1507906737","0.0666667"
"1507906737","2344448077","0.0666667"
"2344448077","1507906737","0.0666667"
"1823320334","2034223886","0.0666667"
"2034223886","1823320334","0.0666667"
"1823320334","2062868102","0.532576"
"2062868102","1823320334","0.532576"
"1823320334","2765101833","1.19167"
"2765101833","1823320334","1.19167"
"1823320334","340859136","0.0666667"
"340859136","1823320334","0.0666667"
"2034223886","340859136","0.0666667"
"340859136","2034223886","0.0666667"
"2344448077","340859136","0.0666667"
"340859136","2344448077","0.0666667"
"1124422431","171391189","0.2"
"171391189","1124422431","0.2"
