"145766074","1482134990","5.0881"
"1482134990","145766074","5.0881"
"145766074","175184628","2.90476"
"175184628","145766074","2.90476"
"1482134990","175184628","5.40476"
"175184628","1482134990","5.40476"
"145766074","1489485653","0.671429"
"1489485653","145766074","0.671429"
"145766074","1494045398","0.604762"
"1494045398","145766074","0.604762"
"145766074","1606535634","0.183333"
"1606535634","145766074","0.183333"
"145766074","1968140791","0.171429"
"1968140791","145766074","0.171429"
"145766074","2019599098","0.2"
"2019599098","145766074","0.2"
"145766074","2075056819","0.171429"
"2075056819","145766074","0.171429"
"145766074","2144440555","0.254762"
"2144440555","145766074","0.254762"
"145766074","2152590570","0.671429"
"2152590570","145766074","0.671429"
"145766074","2161354356","0.254762"
"2161354356","145766074","0.254762"
"145766074","2170203949","0.254762"
"2170203949","145766074","0.254762"
"1489485653","1494045398","1.37143"
"1494045398","1489485653","1.37143"
"1489485653","1606535634","0.225"
"1606535634","1489485653","0.225"
"1489485653","1968140791","0.621429"
"1968140791","1489485653","0.621429"
"1489485653","2019599098","0.225"
"2019599098","1489485653","0.225"
"1489485653","2075056819","0.296429"
"2075056819","1489485653","0.296429"
"1489485653","2144440555","0.296429"
"2144440555","1489485653","0.296429"
"1489485653","2152590570","4.54643"
"2152590570","1489485653","4.54643"
"1489485653","2161354356","0.296429"
"2161354356","1489485653","0.296429"
"1489485653","2170203949","1.24643"
"2170203949","1489485653","1.24643"
"1494045398","1606535634","0.433333"
"1606535634","1494045398","0.433333"
"1494045398","1968140791","1.82345"
"1968140791","1494045398","1.82345"
"1494045398","2019599098","0.2"
"2019599098","1494045398","0.2"
"1494045398","2075056819","0.171429"
"2075056819","1494045398","0.171429"
"1494045398","2144440555","1.00476"
"2144440555","1494045398","1.00476"
"1494045398","2152590570","1.17143"
"2152590570","1494045398","1.17143"
"1494045398","2161354356","1.70678"
"2161354356","1494045398","1.70678"
"1494045398","2170203949","2.7881"
"2170203949","1494045398","2.7881"
"1606535634","1968140791","0.1"
"1968140791","1606535634","0.1"
"1606535634","2019599098","5.55833"
"2019599098","1606535634","5.55833"
"1606535634","2075056819","1.80833"
"2075056819","1606535634","1.80833"
"1606535634","2144440555","0.308333"
"2144440555","1606535634","0.308333"
"1606535634","2152590570","1.30833"
"2152590570","1606535634","1.30833"
"1606535634","2161354356","2.05833"
"2161354356","1606535634","2.05833"
"1606535634","2170203949","0.308333"
"2170203949","1606535634","0.308333"
"1968140791","2019599098","0.1"
"2019599098","1968140791","0.1"
"1968140791","2075056819","0.171429"
"2075056819","1968140791","0.171429"
"1968140791","2144440555","0.421429"
"2144440555","1968140791","0.421429"
"1968140791","2152590570","0.671429"
"2152590570","1968140791","0.671429"
"1968140791","2161354356","2.87345"
"2161354356","1968140791","2.87345"
"1968140791","2170203949","0.621429"
"2170203949","1968140791","0.621429"
"2019599098","2075056819","3.80833"
"2075056819","2019599098","3.80833"
"2019599098","2144440555","0.225"
"2144440555","2019599098","0.225"
"2019599098","2152590570","1.05833"
"2152590570","2019599098","1.05833"
"2019599098","2161354356","1.225"
"2161354356","2019599098","1.225"
"2019599098","2170203949","0.725"
"2170203949","2019599098","0.725"
"2075056819","2144440555","0.296429"
"2144440555","2075056819","0.296429"
"2075056819","2152590570","0.879762"
"2152590570","2075056819","0.879762"
"2075056819","2161354356","0.546429"
"2161354356","2075056819","0.546429"
"2075056819","2170203949","0.296429"
"2170203949","2075056819","0.296429"
"2144440555","2152590570","0.546429"
"2152590570","2144440555","0.546429"
"2144440555","2161354356","0.379762"
"2161354356","2144440555","0.379762"
"2144440555","2170203949","2.37976"
"2170203949","2144440555","2.37976"
"2152590570","2161354356","3.04643"
"2161354356","2152590570","3.04643"
"2152590570","2170203949","0.546429"
"2170203949","2152590570","0.546429"
"2161354356","2170203949","0.379762"
"2170203949","2161354356","0.379762"
"145766074","1501101160","0.1"
"1501101160","145766074","0.1"
"145766074","152710008","0.1"
"152710008","145766074","0.1"
"145766074","1542243438","0.1"
"1542243438","145766074","0.1"
"145766074","1591758264","0.85"
"1591758264","145766074","0.85"
"145766074","1824415789","0.35"
"1824415789","145766074","0.35"
"145766074","1996219645","0.171429"
"1996219645","145766074","0.171429"
"145766074","2092207224","0.85"
"2092207224","145766074","0.85"
"1482134990","1494045398","1.59567"
"1494045398","1482134990","1.59567"
"1482134990","1501101160","0.6"
"1501101160","1482134990","0.6"
"1482134990","152710008","0.190909"
"152710008","1482134990","0.190909"
"1482134990","1542243438","0.190909"
"1542243438","1482134990","0.190909"
"1482134990","1591758264","0.35"
"1591758264","1482134990","0.35"
"1482134990","1824415789","0.440909"
"1824415789","1482134990","0.440909"
"1482134990","1996219645","0.671429"
"1996219645","1482134990","0.671429"
"1482134990","2019599098","0.1"
"2019599098","1482134990","0.1"
"1482134990","2092207224","0.85"
"2092207224","1482134990","0.85"
"1494045398","1501101160","0.1"
"1501101160","1494045398","0.1"
"1494045398","152710008","0.80202"
"152710008","1494045398","0.80202"
"1494045398","1542243438","0.30202"
"1542243438","1494045398","0.30202"
"1494045398","1591758264","0.1"
"1591758264","1494045398","0.1"
"1494045398","1824415789","0.80202"
"1824415789","1494045398","0.80202"
"1494045398","1996219645","2.45476"
"1996219645","1494045398","2.45476"
"1494045398","2092207224","0.1"
"2092207224","1494045398","0.1"
"1501101160","152710008","0.1"
"152710008","1501101160","0.1"
"1501101160","1542243438","0.1"
"1542243438","1501101160","0.1"
"1501101160","1591758264","0.1"
"1591758264","1501101160","0.1"
"1501101160","1824415789","0.1"
"1824415789","1501101160","0.1"
"1501101160","1996219645","0.1"
"1996219645","1501101160","0.1"
"1501101160","2019599098","0.1"
"2019599098","1501101160","0.1"
"1501101160","2092207224","0.6"
"2092207224","1501101160","0.6"
"152710008","1542243438","0.30202"
"1542243438","152710008","0.30202"
"152710008","1591758264","0.6"
"1591758264","152710008","0.6"
"152710008","1824415789","0.30202"
"1824415789","152710008","0.30202"
"152710008","1996219645","0.1"
"1996219645","152710008","0.1"
"152710008","2019599098","0.1"
"2019599098","152710008","0.1"
"152710008","2092207224","0.1"
"2092207224","152710008","0.1"
"1542243438","1591758264","0.1"
"1591758264","1542243438","0.1"
"1542243438","1824415789","5.63535"
"1824415789","1542243438","5.63535"
"1542243438","1996219645","0.1"
"1996219645","1542243438","0.1"
"1542243438","2019599098","0.225"
"2019599098","1542243438","0.225"
"1542243438","2092207224","0.1"
"2092207224","1542243438","0.1"
"1591758264","1824415789","0.1"
"1824415789","1591758264","0.1"
"1591758264","1996219645","0.1"
"1996219645","1591758264","0.1"
"1591758264","2019599098","0.1"
"2019599098","1591758264","0.1"
"1591758264","2092207224","6.85"
"2092207224","1591758264","6.85"
"1824415789","1996219645","0.1"
"1996219645","1824415789","0.1"
"1824415789","2019599098","0.35"
"2019599098","1824415789","0.35"
"1824415789","2092207224","0.1"
"2092207224","1824415789","0.1"
"1996219645","2019599098","0.1"
"2019599098","1996219645","0.1"
"1996219645","2092207224","0.1"
"2092207224","1996219645","0.1"
"2019599098","2092207224","0.6"
"2092207224","2019599098","0.6"
"145766074","2014177337","0.154762"
"2014177337","145766074","0.154762"
"145766074","2096902478","0.154762"
"2096902478","145766074","0.154762"
"145766074","2131181546","0.0833333"
"2131181546","145766074","0.0833333"
"145766074","2133649713","0.154762"
"2133649713","145766074","0.154762"
"145766074","2199037211","0.416667"
"2199037211","145766074","0.416667"
"145766074","2523182524","0.0833333"
"2523182524","145766074","0.0833333"
"1482134990","1606535634","0.0833333"
"1606535634","1482134990","0.0833333"
"1482134990","2014177337","0.154762"
"2014177337","1482134990","0.154762"
"1482134990","2096902478","0.245671"
"2096902478","1482134990","0.245671"
"1482134990","2131181546","0.0833333"
"2131181546","1482134990","0.0833333"
"1482134990","2133649713","0.154762"
"2133649713","1482134990","0.154762"
"1482134990","2144440555","0.154762"
"2144440555","1482134990","0.154762"
"1482134990","2161354356","0.245671"
"2161354356","1482134990","0.245671"
"1482134990","2170203949","0.154762"
"2170203949","1482134990","0.154762"
"1482134990","2199037211","0.507576"
"2199037211","1482134990","0.507576"
"1482134990","2523182524","0.174242"
"2523182524","1482134990","0.174242"
"1494045398","2014177337","0.154762"
"2014177337","1494045398","0.154762"
"1494045398","2096902478","0.356782"
"2096902478","1494045398","0.356782"
"1494045398","2131181546","0.0833333"
"2131181546","1494045398","0.0833333"
"1494045398","2133649713","0.154762"
"2133649713","1494045398","0.154762"
"1494045398","2199037211","0.285354"
"2199037211","1494045398","0.285354"
"1494045398","2523182524","0.285354"
"2523182524","1494045398","0.285354"
"1606535634","2014177337","0.0833333"
"2014177337","1606535634","0.0833333"
"1606535634","2096902478","0.0833333"
"2096902478","1606535634","0.0833333"
"1606535634","2131181546","0.0833333"
"2131181546","1606535634","0.0833333"
"1606535634","2133649713","0.0833333"
"2133649713","1606535634","0.0833333"
"1606535634","2199037211","0.0833333"
"2199037211","1606535634","0.0833333"
"1606535634","2523182524","0.0833333"
"2523182524","1606535634","0.0833333"
"2014177337","2096902478","0.154762"
"2096902478","2014177337","0.154762"
"2014177337","2131181546","0.583333"
"2131181546","2014177337","0.583333"
"2014177337","2133649713","23.9881"
"2133649713","2014177337","23.9881"
"2014177337","2144440555","0.154762"
"2144440555","2014177337","0.154762"
"2014177337","2161354356","0.154762"
"2161354356","2014177337","0.154762"
"2014177337","2170203949","0.154762"
"2170203949","2014177337","0.154762"
"2014177337","2199037211","0.416667"
"2199037211","2014177337","0.416667"
"2014177337","2523182524","0.0833333"
"2523182524","2014177337","0.0833333"
"2096902478","2131181546","0.0833333"
"2131181546","2096902478","0.0833333"
"2096902478","2133649713","0.154762"
"2133649713","2096902478","0.154762"
"2096902478","2144440555","0.154762"
"2144440555","2096902478","0.154762"
"2096902478","2161354356","0.856782"
"2161354356","2096902478","0.856782"
"2096902478","2170203949","0.154762"
"2170203949","2096902478","0.154762"
"2096902478","2199037211","1.78535"
"2199037211","2096902478","1.78535"
"2096902478","2523182524","0.285354"
"2523182524","2096902478","0.285354"
"2131181546","2133649713","0.583333"
"2133649713","2131181546","0.583333"
"2131181546","2144440555","0.0833333"
"2144440555","2131181546","0.0833333"
"2131181546","2161354356","1.41667"
"2161354356","2131181546","1.41667"
"2131181546","2170203949","0.0833333"
"2170203949","2131181546","0.0833333"
"2131181546","2199037211","0.0833333"
"2199037211","2131181546","0.0833333"
"2131181546","2523182524","0.416667"
"2523182524","2131181546","0.416667"
"2133649713","2144440555","0.154762"
"2144440555","2133649713","0.154762"
"2133649713","2161354356","0.154762"
"2161354356","2133649713","0.154762"
"2133649713","2170203949","0.154762"
"2170203949","2133649713","0.154762"
"2133649713","2199037211","0.416667"
"2199037211","2133649713","0.416667"
"2133649713","2523182524","0.0833333"
"2523182524","2133649713","0.0833333"
"2144440555","2199037211","0.0833333"
"2199037211","2144440555","0.0833333"
"2144440555","2523182524","0.0833333"
"2523182524","2144440555","0.0833333"
"2161354356","2199037211","0.785354"
"2199037211","2161354356","0.785354"
"2161354356","2523182524","1.95202"
"2523182524","2161354356","1.95202"
"2170203949","2199037211","0.0833333"
"2199037211","2170203949","0.0833333"
"2170203949","2523182524","0.0833333"
"2523182524","2170203949","0.0833333"
"2199037211","2523182524","0.285354"
"2523182524","2199037211","0.285354"
"1482134990","1489485653","0.0714286"
"1489485653","1482134990","0.0714286"
"1482134990","1968140791","0.162338"
"1968140791","1482134990","0.162338"
"1482134990","2075056819","0.0714286"
"2075056819","1482134990","0.0714286"
"1482134990","2152590570","0.0714286"
"2152590570","1482134990","0.0714286"
"1489485653","175184628","0.0714286"
"175184628","1489485653","0.0714286"
"1489485653","1996219645","1.10476"
"1996219645","1489485653","1.10476"
"1489485653","2014177337","0.404762"
"2014177337","1489485653","0.404762"
"1489485653","2096902478","0.0714286"
"2096902478","1489485653","0.0714286"
"1489485653","2133649713","0.404762"
"2133649713","1489485653","0.404762"
"1494045398","175184628","0.821429"
"175184628","1494045398","0.821429"
"175184628","1968140791","0.0714286"
"1968140791","175184628","0.0714286"
"175184628","1996219645","0.0714286"
"1996219645","175184628","0.0714286"
"175184628","2014177337","0.0714286"
"2014177337","175184628","0.0714286"
"175184628","2075056819","0.0714286"
"2075056819","175184628","0.0714286"
"175184628","2096902478","0.0714286"
"2096902478","175184628","0.0714286"
"175184628","2133649713","0.0714286"
"2133649713","175184628","0.0714286"
"175184628","2144440555","0.0714286"
"2144440555","175184628","0.0714286"
"175184628","2152590570","0.0714286"
"2152590570","175184628","0.0714286"
"175184628","2161354356","0.0714286"
"2161354356","175184628","0.0714286"
"175184628","2170203949","0.0714286"
"2170203949","175184628","0.0714286"
"1968140791","1996219645","0.771429"
"1996219645","1968140791","0.771429"
"1968140791","2014177337","0.0714286"
"2014177337","1968140791","0.0714286"
"1968140791","2096902478","4.27345"
"2096902478","1968140791","4.27345"
"1968140791","2133649713","0.0714286"
"2133649713","1968140791","0.0714286"
"1996219645","2014177337","0.0714286"
"2014177337","1996219645","0.0714286"
"1996219645","2075056819","0.0714286"
"2075056819","1996219645","0.0714286"
"1996219645","2096902478","0.0714286"
"2096902478","1996219645","0.0714286"
"1996219645","2133649713","0.0714286"
"2133649713","1996219645","0.0714286"
"1996219645","2144440555","0.321429"
"2144440555","1996219645","0.321429"
"1996219645","2152590570","0.571429"
"2152590570","1996219645","0.571429"
"1996219645","2161354356","0.0714286"
"2161354356","1996219645","0.0714286"
"1996219645","2170203949","2.85476"
"2170203949","1996219645","2.85476"
"2014177337","2075056819","0.0714286"
"2075056819","2014177337","0.0714286"
"2014177337","2152590570","0.0714286"
"2152590570","2014177337","0.0714286"
"2075056819","2096902478","0.0714286"
"2096902478","2075056819","0.0714286"
"2075056819","2133649713","0.0714286"
"2133649713","2075056819","0.0714286"
"2096902478","2152590570","0.0714286"
"2152590570","2096902478","0.0714286"
"2133649713","2152590570","0.0714286"
"2152590570","2133649713","0.0714286"
"1591758264","175184628","0.25"
"175184628","1591758264","0.25"
"175184628","2092207224","0.25"
"2092207224","175184628","0.25"
"175184628","1824415789","0.25"
"1824415789","175184628","0.25"
"175184628","2199037211","0.333333"
"2199037211","175184628","0.333333"
"1482134990","1838656376","0.0909091"
"1838656376","1482134990","0.0909091"
"1482134990","3018825299","0.0909091"
"3018825299","1482134990","0.0909091"
"1494045398","1838656376","0.70202"
"1838656376","1494045398","0.70202"
"1494045398","3018825299","0.0909091"
"3018825299","1494045398","0.0909091"
"152710008","1838656376","2.20202"
"1838656376","152710008","2.20202"
"152710008","1968140791","0.20202"
"1968140791","152710008","0.20202"
"152710008","2096902478","0.20202"
"2096902478","152710008","0.20202"
"152710008","2161354356","0.70202"
"2161354356","152710008","0.70202"
"152710008","2199037211","2.70202"
"2199037211","152710008","2.70202"
"152710008","2523182524","0.20202"
"2523182524","152710008","0.20202"
"152710008","3018825299","0.0909091"
"3018825299","152710008","0.0909091"
"1542243438","1838656376","0.20202"
"1838656376","1542243438","0.20202"
"1542243438","1968140791","0.20202"
"1968140791","1542243438","0.20202"
"1542243438","2096902478","0.20202"
"2096902478","1542243438","0.20202"
"1542243438","2161354356","5.49369"
"2161354356","1542243438","5.49369"
"1542243438","2199037211","0.20202"
"2199037211","1542243438","0.20202"
"1542243438","2523182524","0.868687"
"2523182524","1542243438","0.868687"
"1542243438","3018825299","0.0909091"
"3018825299","1542243438","0.0909091"
"1824415789","1838656376","1.70202"
"1838656376","1824415789","1.70202"
"1824415789","1968140791","1.20202"
"1968140791","1824415789","1.20202"
"1824415789","2096902478","0.20202"
"2096902478","1824415789","0.20202"
"1824415789","2161354356","5.03535"
"2161354356","1824415789","5.03535"
"1824415789","2199037211","0.20202"
"2199037211","1824415789","0.20202"
"1824415789","2523182524","0.535354"
"2523182524","1824415789","0.535354"
"1824415789","3018825299","0.0909091"
"3018825299","1824415789","0.0909091"
"1838656376","1968140791","0.20202"
"1968140791","1838656376","0.20202"
"1838656376","2096902478","0.20202"
"2096902478","1838656376","0.20202"
"1838656376","2161354356","2.20202"
"2161354356","1838656376","2.20202"
"1838656376","2199037211","0.20202"
"2199037211","1838656376","0.20202"
"1838656376","2523182524","0.20202"
"2523182524","1838656376","0.20202"
"1838656376","3018825299","0.0909091"
"3018825299","1838656376","0.0909091"
"1968140791","2199037211","0.20202"
"2199037211","1968140791","0.20202"
"1968140791","2523182524","0.70202"
"2523182524","1968140791","0.70202"
"1968140791","3018825299","0.0909091"
"3018825299","1968140791","0.0909091"
"2096902478","3018825299","0.0909091"
"3018825299","2096902478","0.0909091"
"2161354356","3018825299","0.0909091"
"3018825299","2161354356","0.0909091"
"2199037211","3018825299","0.0909091"
"3018825299","2199037211","0.0909091"
"2523182524","3018825299","0.0909091"
"3018825299","2523182524","0.0909091"
"1489485653","1999734274","0.583333"
"1999734274","1489485653","0.583333"
"1489485653","2046993293","0.783333"
"2046993293","1489485653","0.783333"
"1996219645","1999734274","2.41667"
"1999734274","1996219645","2.41667"
"1996219645","2046993293","5.61667"
"2046993293","1996219645","5.61667"
"1999734274","2046993293","10.9167"
"2046993293","1999734274","10.9167"
"1489485653","2066151696","0.25"
"2066151696","1489485653","0.25"
"1996219645","2066151696","1.91667"
"2066151696","1996219645","1.91667"
"1999734274","2066151696","0.583333"
"2066151696","1999734274","0.583333"
"2046993293","2066151696","2.58333"
"2066151696","2046993293","2.58333"
"1489485653","1542243438","0.125"
"1542243438","1489485653","0.125"
"1542243438","1606535634","0.625"
"1606535634","1542243438","0.625"
"1542243438","2075056819","0.125"
"2075056819","1542243438","0.125"
"1542243438","2144440555","0.125"
"2144440555","1542243438","0.125"
"1542243438","2152590570","0.125"
"2152590570","1542243438","0.125"
"1542243438","2170203949","0.125"
"2170203949","1542243438","0.125"
"1489485653","2199037211","0.333333"
"2199037211","1489485653","0.333333"
"1494045398","2046993293","1.7"
"2046993293","1494045398","1.7"
"1968140791","2046993293","0.2"
"2046993293","1968140791","0.2"
"2046993293","2170203949","1.7"
"2170203949","2046993293","1.7"
"1494045398","1999734274","0.5"
"1999734274","1494045398","0.5"
"1606535634","1824415789","0.5"
"1824415789","1606535634","0.5"
"1824415789","2152590570","3"
"2152590570","1824415789","3"
"1494045398","2066151696","0.333333"
"2066151696","1494045398","0.333333"
"2066151696","2170203949","0.333333"
"2170203949","2066151696","0.333333"
"1501101160","2096902478","1"
"2096902478","1501101160","1"
"1591758264","2199037211","0.5"
"2199037211","1591758264","0.5"
"1542243438","2131181546","0.333333"
"2131181546","1542243438","0.333333"
"1591758264","2152590570","3"
"2152590570","1591758264","3"
"1824415789","2131181546","1"
"2131181546","1824415789","1"
"1999734274","2170203949","0.5"
"2170203949","1999734274","0.5"
"1999734274","2092207224","0.5"
"2092207224","1999734274","0.5"
"2046993293","2092207224","1.5"
"2092207224","2046993293","1.5"
"2092207224","2170203949","1"
"2170203949","2092207224","1"
"2092207224","2152590570","1"
"2152590570","2092207224","1"
"2092207224","2144440555","0.5"
"2144440555","2092207224","0.5"
"2152590570","2523182524","0.5"
"2523182524","2152590570","0.5"
