"1496787004","1984713180","0.125"
"1984713180","1496787004","0.125"
"1496787004","1989037929","0.125"
"1989037929","1496787004","0.125"
"1496787004","2006761268","0.125"
"2006761268","1496787004","0.125"
"1496787004","2034370406","0.125"
"2034370406","1496787004","0.125"
"1496787004","2147768899","1.45833"
"2147768899","1496787004","1.45833"
"1496787004","2150014415","0.458333"
"2150014415","1496787004","0.458333"
"1496787004","2164274563","0.708333"
"2164274563","1496787004","0.708333"
"1496787004","2172017522","0.958333"
"2172017522","1496787004","0.958333"
"1984713180","1989037929","0.267857"
"1989037929","1984713180","0.267857"
"1984713180","2006761268","0.125"
"2006761268","1984713180","0.125"
"1984713180","2034370406","30.0512"
"2034370406","1984713180","30.0512"
"1984713180","2147768899","0.267857"
"2147768899","1984713180","0.267857"
"1984713180","2150014415","0.125"
"2150014415","1984713180","0.125"
"1984713180","2164274563","0.767857"
"2164274563","1984713180","0.767857"
"1984713180","2172017522","0.125"
"2172017522","1984713180","0.125"
"1989037929","2006761268","3.05833"
"2006761268","1989037929","3.05833"
"1989037929","2034370406","0.267857"
"2034370406","1989037929","0.267857"
"1989037929","2147768899","1.8123"
"2147768899","1989037929","1.8123"
"1989037929","2150014415","0.575"
"2150014415","1989037929","0.575"
"1989037929","2164274563","12.2218"
"2164274563","1989037929","12.2218"
"1989037929","2172017522","1.66944"
"2172017522","1989037929","1.66944"
"2006761268","2034370406","0.125"
"2034370406","2006761268","0.125"
"2006761268","2147768899","1.49167"
"2147768899","2006761268","1.49167"
"2006761268","2150014415","3.50119"
"2150014415","2006761268","3.50119"
"2006761268","2164274563","2.80833"
"2164274563","2006761268","2.80833"
"2006761268","2172017522","1.63452"
"2172017522","2006761268","1.63452"
"2034370406","2147768899","0.267857"
"2147768899","2034370406","0.267857"
"2034370406","2150014415","0.125"
"2150014415","2034370406","0.125"
"2034370406","2164274563","0.767857"
"2164274563","2034370406","0.767857"
"2034370406","2172017522","0.125"
"2172017522","2034370406","0.125"
"2147768899","2150014415","0.916667"
"2150014415","2147768899","0.916667"
"2147768899","2164274563","3.02063"
"2164274563","2147768899","3.02063"
"2147768899","2172017522","17.8278"
"2172017522","2147768899","17.8278"
"2150014415","2164274563","1.03333"
"2164274563","2150014415","1.03333"
"2150014415","2172017522","1.05952"
"2172017522","2150014415","1.05952"
"2164274563","2172017522","2.62778"
"2172017522","2164274563","2.62778"
"1496787004","1566349786","0.0833333"
"1566349786","1496787004","0.0833333"
"1496787004","1598358187","0.0833333"
"1598358187","1496787004","0.0833333"
"1496787004","2064235697","0.333333"
"2064235697","1496787004","0.333333"
"1496787004","2087544630","0.0833333"
"2087544630","1496787004","0.0833333"
"1496787004","2096665263","0.0833333"
"2096665263","1496787004","0.0833333"
"1496787004","2107061974","0.0833333"
"2107061974","1496787004","0.0833333"
"1496787004","2142441937","0.0833333"
"2142441937","1496787004","0.0833333"
"1496787004","2166064672","0.0833333"
"2166064672","1496787004","0.0833333"
"1566349786","1598358187","1.65833"
"1598358187","1566349786","1.65833"
"1566349786","2064235697","0.494048"
"2064235697","1566349786","0.494048"
"1566349786","2087544630","2.42778"
"2087544630","1566349786","2.42778"
"1566349786","2096665263","0.0833333"
"2096665263","1566349786","0.0833333"
"1566349786","2107061974","6.32063"
"2107061974","1566349786","6.32063"
"1566349786","2142441937","1.47619"
"2142441937","1566349786","1.47619"
"1566349786","2147768899","0.819444"
"2147768899","1566349786","0.819444"
"1566349786","2150014415","0.85119"
"2150014415","1566349786","0.85119"
"1566349786","2164274563","1.1123"
"2164274563","1566349786","1.1123"
"1566349786","2166064672","0.494048"
"2166064672","1566349786","0.494048"
"1566349786","2172017522","1.2123"
"2172017522","1566349786","1.2123"
"1598358187","2064235697","0.0833333"
"2064235697","1598358187","0.0833333"
"1598358187","2087544630","0.408333"
"2087544630","1598358187","0.408333"
"1598358187","2096665263","0.0833333"
"2096665263","1598358187","0.0833333"
"1598358187","2107061974","1.65833"
"2107061974","1598358187","1.65833"
"1598358187","2142441937","0.0833333"
"2142441937","1598358187","0.0833333"
"1598358187","2147768899","0.208333"
"2147768899","1598358187","0.208333"
"1598358187","2150014415","0.208333"
"2150014415","1598358187","0.208333"
"1598358187","2164274563","1.65833"
"2164274563","1598358187","1.65833"
"1598358187","2166064672","0.0833333"
"2166064672","1598358187","0.0833333"
"1598358187","2172017522","0.458333"
"2172017522","1598358187","0.458333"
"2064235697","2087544630","0.708333"
"2087544630","2064235697","0.708333"
"2064235697","2096665263","0.583333"
"2096665263","2064235697","0.583333"
"2064235697","2107061974","0.35119"
"2107061974","2064235697","0.35119"
"2064235697","2142441937","0.72619"
"2142441937","2064235697","0.72619"
"2064235697","2147768899","1.03333"
"2147768899","2064235697","1.03333"
"2064235697","2150014415","0.47619"
"2150014415","2064235697","0.47619"
"2064235697","2164274563","0.892857"
"2164274563","2064235697","0.892857"
"2064235697","2166064672","27.2274"
"2166064672","2064235697","27.2274"
"2064235697","2172017522","1.17619"
"2172017522","2064235697","1.17619"
"2087544630","2096665263","0.0833333"
"2096665263","2087544630","0.0833333"
"2087544630","2107061974","1.92778"
"2107061974","2087544630","1.92778"
"2087544630","2142441937","0.333333"
"2142441937","2087544630","0.333333"
"2087544630","2147768899","0.662302"
"2147768899","2087544630","0.662302"
"2087544630","2150014415","0.208333"
"2150014415","2087544630","0.208333"
"2087544630","2164274563","2.0123"
"2164274563","2087544630","2.0123"
"2087544630","2166064672","0.208333"
"2166064672","2087544630","0.208333"
"2087544630","2172017522","0.519444"
"2172017522","2087544630","0.519444"
"2096665263","2107061974","0.0833333"
"2107061974","2096665263","0.0833333"
"2096665263","2142441937","7.58333"
"2142441937","2096665263","7.58333"
"2096665263","2147768899","0.0833333"
"2147768899","2096665263","0.0833333"
"2096665263","2150014415","0.0833333"
"2150014415","2096665263","0.0833333"
"2096665263","2164274563","0.0833333"
"2164274563","2096665263","0.0833333"
"2096665263","2166064672","0.0833333"
"2166064672","2096665263","0.0833333"
"2096665263","2172017522","0.0833333"
"2172017522","2096665263","0.0833333"
"2107061974","2142441937","1.33333"
"2142441937","2107061974","1.33333"
"2107061974","2147768899","0.319444"
"2147768899","2107061974","0.319444"
"2107061974","2150014415","0.35119"
"2150014415","2107061974","0.35119"
"2107061974","2164274563","0.969444"
"2164274563","2107061974","0.969444"
"2107061974","2166064672","0.35119"
"2166064672","2107061974","0.35119"
"2107061974","2172017522","0.712302"
"2172017522","2107061974","0.712302"
"2142441937","2147768899","0.0833333"
"2147768899","2142441937","0.0833333"
"2142441937","2150014415","0.0833333"
"2150014415","2142441937","0.0833333"
"2142441937","2164274563","1.22619"
"2164274563","2142441937","1.22619"
"2142441937","2166064672","0.22619"
"2166064672","2142441937","0.22619"
"2142441937","2172017522","0.0833333"
"2172017522","2142441937","0.0833333"
"2147768899","2166064672","0.783333"
"2166064672","2147768899","0.783333"
"2150014415","2166064672","0.22619"
"2166064672","2150014415","0.22619"
"2164274563","2166064672","0.892857"
"2166064672","2164274563","0.892857"
"2166064672","2172017522","0.92619"
"2172017522","2166064672","0.92619"
"1566349786","1784044093","2.13016"
"1784044093","1566349786","2.13016"
"1566349786","1989037929","0.453968"
"1989037929","1566349786","0.453968"
"1784044093","1989037929","0.653968"
"1989037929","1784044093","0.653968"
"1784044093","2087544630","14.5444"
"2087544630","1784044093","14.5444"
"1784044093","2107061974","1.4873"
"2107061974","1784044093","1.4873"
"1784044093","2164274563","1.72897"
"2164274563","1784044093","1.72897"
"1989037929","2087544630","1.10397"
"2087544630","1989037929","1.10397"
"1989037929","2107061974","0.311111"
"2107061974","1989037929","0.311111"
"1566349786","2006761268","0.767857"
"2006761268","1566349786","0.767857"
"1598358187","1784044093","0.325"
"1784044093","1598358187","0.325"
"1784044093","2147768899","0.569444"
"2147768899","1784044093","0.569444"
"1784044093","2150014415","0.517857"
"2150014415","1784044093","0.517857"
"1784044093","2172017522","0.712302"
"2172017522","1784044093","0.712302"
"1784044093","2006761268","0.717857"
"2006761268","1784044093","0.717857"
"1784044093","2064235697","1.41071"
"2064235697","1784044093","1.41071"
"1784044093","2166064672","0.910714"
"2166064672","1784044093","0.910714"
"2006761268","2064235697","0.267857"
"2064235697","2006761268","0.267857"
"2006761268","2107061974","0.267857"
"2107061974","2006761268","0.267857"
"2006761268","2166064672","0.267857"
"2166064672","2006761268","0.267857"
"1566349786","1995003166","0.236111"
"1995003166","1566349786","0.236111"
"1566349786","2124192284","0.378968"
"2124192284","1566349786","0.378968"
"1784044093","1995003166","0.569444"
"1995003166","1784044093","0.569444"
"1784044093","2124192284","1.32897"
"2124192284","1784044093","1.32897"
"1995003166","2006761268","0.858333"
"2006761268","1995003166","0.858333"
"1995003166","2064235697","0.791667"
"2064235697","1995003166","0.791667"
"1995003166","2087544630","0.436111"
"2087544630","1995003166","0.436111"
"1995003166","2107061974","0.236111"
"2107061974","1995003166","0.236111"
"1995003166","2124192284","1.50278"
"2124192284","1995003166","1.50278"
"1995003166","2166064672","0.791667"
"2166064672","1995003166","0.791667"
"2006761268","2087544630","0.575"
"2087544630","2006761268","0.575"
"2006761268","2124192284","10.0083"
"2124192284","2006761268","10.0083"
"2064235697","2124192284","0.267857"
"2124192284","2064235697","0.267857"
"2087544630","2124192284","1.18611"
"2124192284","2087544630","1.18611"
"2107061974","2124192284","0.236111"
"2124192284","2107061974","0.236111"
"2124192284","2166064672","0.267857"
"2166064672","2124192284","0.267857"
"1784044093","2142441937","0.392857"
"2142441937","1784044093","0.392857"
"1989037929","2064235697","0.309524"
"2064235697","1989037929","0.309524"
"1989037929","2124192284","5.22063"
"2124192284","1989037929","5.22063"
"1989037929","2142441937","0.142857"
"2142441937","1989037929","0.142857"
"1989037929","2166064672","0.309524"
"2166064672","1989037929","0.309524"
"2124192284","2142441937","0.142857"
"2142441937","2124192284","0.142857"
"2124192284","2164274563","4.97063"
"2164274563","2124192284","4.97063"
"1989037929","1995003166","1.54444"
"1995003166","1989037929","1.54444"
"1995003166","2147768899","1.84444"
"2147768899","1995003166","1.84444"
"1995003166","2164274563","1.54444"
"2164274563","1995003166","1.54444"
"1995003166","2172017522","1.84444"
"2172017522","1995003166","1.84444"
"2124192284","2147768899","0.844444"
"2147768899","2124192284","0.844444"
"2124192284","2172017522","0.844444"
"2172017522","2124192284","0.844444"
"2124192284","2150014415","1.4"
"2150014415","2124192284","1.4"
"1819816431","2949351818","6"
"2949351818","1819816431","6"
"1963760281","2170324950","20.7"
"2170324950","1963760281","20.7"
"1963760281","2807853583","2.2"
"2807853583","1963760281","2.2"
"2170324950","2807853583","2.2"
"2807853583","2170324950","2.2"
"1963760281","2139701562","1.7"
"2139701562","1963760281","1.7"
"2139701562","2170324950","2.2"
"2170324950","2139701562","2.2"
"1963760281","2188358479","1.2"
"2188358479","1963760281","1.2"
"2170324950","2188358479","1.7"
"2188358479","2170324950","1.7"
"1963760281","2953044711","0.2"
"2953044711","1963760281","0.2"
"2139701562","2188358479","1.7"
"2188358479","2139701562","1.7"
"2139701562","2807853583","0.2"
"2807853583","2139701562","0.2"
"2139701562","2953044711","1.2"
"2953044711","2139701562","1.2"
"2170324950","2953044711","0.2"
"2953044711","2170324950","0.2"
"2188358479","2807853583","0.2"
"2807853583","2188358479","0.2"
"2188358479","2953044711","3.2"
"2953044711","2188358479","3.2"
"2807853583","2953044711","0.2"
"2953044711","2807853583","0.2"
"1984713180","2064235697","1.28333"
"2064235697","1984713180","1.28333"
"1984713180","2166064672","0.533333"
"2166064672","1984713180","0.533333"
"2034370406","2064235697","1.28333"
"2064235697","2034370406","1.28333"
"2034370406","2166064672","0.533333"
"2166064672","2034370406","0.533333"
"1984713180","2087544630","0.642857"
"2087544630","1984713180","0.642857"
"2034370406","2087544630","0.642857"
"2087544630","2034370406","0.642857"
"1984713180","2085039702","3.09286"
"2085039702","1984713180","3.09286"
"2034370406","2085039702","3.09286"
"2085039702","2034370406","3.09286"
"1984713180","2083236658","1.59286"
"2083236658","1984713180","1.59286"
"2034370406","2083236658","1.59286"
"2083236658","2034370406","1.59286"
"2064235697","2083236658","0.65"
"2083236658","2064235697","0.65"
"2064235697","2085039702","0.65"
"2085039702","2064235697","0.65"
"2083236658","2085039702","19.3262"
"2085039702","2083236658","19.3262"
"2083236658","2166064672","0.4"
"2166064672","2083236658","0.4"
"2085039702","2166064672","0.4"
"2166064672","2085039702","0.4"
"1989037929","2083236658","0.47619"
"2083236658","1989037929","0.47619"
"1989037929","2085039702","0.47619"
"2085039702","1989037929","0.47619"
"2083236658","2087544630","0.142857"
"2087544630","2083236658","0.142857"
"2083236658","2147768899","0.342857"
"2147768899","2083236658","0.342857"
"2083236658","2164274563","0.47619"
"2164274563","2083236658","0.47619"
"2085039702","2087544630","0.142857"
"2087544630","2085039702","0.142857"
"2085039702","2147768899","0.342857"
"2147768899","2085039702","0.342857"
"2085039702","2164274563","0.47619"
"2164274563","2085039702","0.47619"
"1995003166","2150014415","0.4"
"2150014415","1995003166","0.4"
"1995003166","2083236658","0.2"
"2083236658","1995003166","0.2"
"1995003166","2085039702","0.2"
"2085039702","1995003166","0.2"
"2006761268","2083236658","0.2"
"2083236658","2006761268","0.2"
"2006761268","2085039702","0.2"
"2085039702","2006761268","0.2"
"2083236658","2124192284","0.2"
"2124192284","2083236658","0.2"
"2083236658","2150014415","0.2"
"2150014415","2083236658","0.2"
"2085039702","2124192284","0.2"
"2124192284","2085039702","0.2"
"2085039702","2150014415","0.2"
"2150014415","2085039702","0.2"
"2031951474","2133229506","1"
"2133229506","2031951474","1"
"2083236658","2172017522","0.2"
"2172017522","2083236658","0.2"
"2085039702","2172017522","0.2"
"2172017522","2085039702","0.2"
"2123750815","2133229506","1.5"
"2133229506","2123750815","1.5"
"2123750815","2340615126","1.5"
"2340615126","2123750815","1.5"
"2133229506","2340615126","3.5"
"2340615126","2133229506","3.5"
"2133229506","2188358479","1"
"2188358479","2133229506","1"
"2134319472","2296127723","21"
"2296127723","2134319472","21"
"2807853583","2898039965","5"
"2898039965","2807853583","5"
