"10914757","1848150462","0.708333"
"1848150462","10914757","0.708333"
"10914757","2766590152","0.757576"
"2766590152","10914757","0.757576"
"10914757","89867119","0.583333"
"89867119","10914757","0.583333"
"1848150462","2766590152","3.89493"
"2766590152","1848150462","3.89493"
"1848150462","89867119","0.767157"
"89867119","1848150462","0.767157"
"2766590152","89867119","0.558824"
"89867119","2766590152","0.558824"
"10914757","2130247660","4.625"
"2130247660","10914757","4.625"
"10914757","149970112","3.59091"
"149970112","10914757","3.59091"
"10914757","2472724528","0.333333"
"2472724528","10914757","0.333333"
"10914757","2617759834","0.666667"
"2617759834","10914757","0.666667"
"149970112","2472724528","0.833333"
"2472724528","149970112","0.833333"
"149970112","2617759834","1.29167"
"2617759834","149970112","1.29167"
"2472724528","2617759834","0.833333"
"2617759834","2472724528","0.833333"
"10914757","2127541951","0.25"
"2127541951","10914757","0.25"
"10914757","31225881","0.25"
"31225881","10914757","0.25"
"1848150462","2127541951","0.25"
"2127541951","1848150462","0.25"
"1848150462","31225881","0.25"
"31225881","1848150462","0.25"
"2127541951","31225881","11.3821"
"31225881","2127541951","11.3821"
"2127541951","89867119","0.25"
"89867119","2127541951","0.25"
"31225881","89867119","0.25"
"89867119","31225881","0.25"
"10914757","1511840125","0.0909091"
"1511840125","10914757","0.0909091"
"10914757","2069710926","0.215909"
"2069710926","10914757","0.215909"
"10914757","2075389342","0.0909091"
"2075389342","10914757","0.0909091"
"10914757","2155756297","0.215909"
"2155756297","10914757","0.215909"
"10914757","2271987422","0.215909"
"2271987422","10914757","0.215909"
"10914757","2338969387","0.215909"
"2338969387","10914757","0.215909"
"10914757","2764563380","0.215909"
"2764563380","10914757","0.215909"
"10914757","2806431070","0.0909091"
"2806431070","10914757","0.0909091"
"10914757","2929734224","0.215909"
"2929734224","10914757","0.215909"
"149970112","1511840125","0.215909"
"1511840125","149970112","0.215909"
"149970112","2069710926","0.215909"
"2069710926","149970112","0.215909"
"149970112","2075389342","0.215909"
"2075389342","149970112","0.215909"
"149970112","2155756297","0.549242"
"2155756297","149970112","0.549242"
"149970112","2271987422","0.0909091"
"2271987422","149970112","0.0909091"
"149970112","2338969387","0.715909"
"2338969387","149970112","0.715909"
"149970112","2764563380","0.0909091"
"2764563380","149970112","0.0909091"
"149970112","2766590152","0.924242"
"2766590152","149970112","0.924242"
"149970112","2806431070","0.424242"
"2806431070","149970112","0.424242"
"149970112","2929734224","0.0909091"
"2929734224","149970112","0.0909091"
"1511840125","2069710926","3.36614"
"2069710926","1511840125","3.36614"
"1511840125","2075389342","0.52702"
"2075389342","1511840125","0.52702"
"1511840125","2155756297","2.09332"
"2155756297","1511840125","2.09332"
"1511840125","2271987422","0.0909091"
"2271987422","1511840125","0.0909091"
"1511840125","2338969387","1.15807"
"2338969387","1511840125","1.15807"
"1511840125","2764563380","0.0909091"
"2764563380","1511840125","0.0909091"
"1511840125","2766590152","0.774733"
"2766590152","1511840125","0.774733"
"1511840125","2806431070","0.221161"
"2806431070","1511840125","0.221161"
"1511840125","2929734224","0.292832"
"2929734224","1511840125","0.292832"
"2069710926","2075389342","0.62702"
"2075389342","2069710926","0.62702"
"2069710926","2155756297","1.98499"
"2155756297","2069710926","1.98499"
"2069710926","2271987422","0.261364"
"2271987422","2069710926","0.261364"
"2069710926","2338969387","6.44519"
"2338969387","2069710926","6.44519"
"2069710926","2764563380","0.261364"
"2764563380","2069710926","0.261364"
"2069710926","2766590152","8.12019"
"2766590152","2069710926","8.12019"
"2069710926","2806431070","1.13328"
"2806431070","2069710926","1.13328"
"2069710926","2929734224","0.417832"
"2929734224","2069710926","0.417832"
"2075389342","2155756297","2.71591"
"2155756297","2075389342","2.71591"
"2075389342","2271987422","0.0909091"
"2271987422","2075389342","0.0909091"
"2075389342","2338969387","0.415909"
"2338969387","2075389342","0.415909"
"2075389342","2764563380","0.0909091"
"2764563380","2075389342","0.0909091"
"2075389342","2766590152","1.19091"
"2766590152","2075389342","1.19091"
"2075389342","2806431070","1.29091"
"2806431070","2075389342","1.29091"
"2075389342","2929734224","0.0909091"
"2929734224","2075389342","0.0909091"
"2155756297","2271987422","0.215909"
"2271987422","2155756297","0.215909"
"2155756297","2338969387","1.0164"
"2338969387","2155756297","1.0164"
"2155756297","2764563380","0.215909"
"2764563380","2155756297","0.215909"
"2155756297","2766590152","1.12473"
"2766590152","2155756297","1.12473"
"2155756297","2806431070","0.849733"
"2806431070","2155756297","0.849733"
"2155756297","2929734224","0.751166"
"2929734224","2155756297","0.751166"
"2271987422","2338969387","0.261364"
"2338969387","2271987422","0.261364"
"2271987422","2764563380","2.82803"
"2764563380","2271987422","2.82803"
"2271987422","2766590152","1.58636"
"2766590152","2271987422","1.58636"
"2271987422","2806431070","0.136364"
"2806431070","2271987422","0.136364"
"2271987422","2929734224","0.215909"
"2929734224","2271987422","0.215909"
"2338969387","2764563380","0.261364"
"2764563380","2338969387","0.261364"
"2338969387","2766590152","1.92296"
"2766590152","2338969387","1.92296"
"2338969387","2806431070","1.87296"
"2806431070","2338969387","1.87296"
"2338969387","2929734224","0.215909"
"2929734224","2338969387","0.215909"
"2764563380","2766590152","1.58636"
"2766590152","2764563380","1.58636"
"2764563380","2806431070","0.136364"
"2806431070","2764563380","0.136364"
"2764563380","2929734224","0.215909"
"2929734224","2764563380","0.215909"
"2766590152","2806431070","4.17297"
"2806431070","2766590152","4.17297"
"2766590152","2929734224","0.215909"
"2929734224","2766590152","0.215909"
"2806431070","2929734224","0.0909091"
"2929734224","2806431070","0.0909091"
"10914757","2272924821","0.2"
"2272924821","10914757","0.2"
"10914757","2517077281","0.533333"
"2517077281","10914757","0.533333"
"10914757","2797618851","0.533333"
"2797618851","10914757","0.533333"
"10914757","2936018264","0.2"
"2936018264","10914757","0.2"
"10914757","615583150","0.2"
"615583150","10914757","0.2"
"2272924821","2517077281","1.63089"
"2517077281","2272924821","1.63089"
"2272924821","2797618851","1.13089"
"2797618851","2272924821","1.13089"
"2272924821","2936018264","1.82137"
"2936018264","2272924821","1.82137"
"2272924821","615583150","17.1309"
"615583150","2272924821","17.1309"
"2517077281","2797618851","18.2499"
"2797618851","2517077281","18.2499"
"2517077281","2936018264","1.54756"
"2936018264","2517077281","1.54756"
"2517077281","615583150","1.13089"
"615583150","2517077281","1.13089"
"2797618851","2936018264","1.74756"
"2936018264","2797618851","1.74756"
"2797618851","615583150","1.46422"
"615583150","2797618851","1.46422"
"2936018264","615583150","1.82137"
"615583150","2936018264","1.82137"
"149970112","2130247660","4.5"
"2130247660","149970112","4.5"
"149970112","2517077281","0.333333"
"2517077281","149970112","0.333333"
"149970112","2797618851","0.333333"
"2797618851","149970112","0.333333"
"1848150462","2069710926","3.72132"
"2069710926","1848150462","3.72132"
"1848150462","2130247660","0.125"
"2130247660","1848150462","0.125"
"1848150462","2155756297","0.533824"
"2155756297","1848150462","0.533824"
"1848150462","2271987422","0.125"
"2271987422","1848150462","0.125"
"1848150462","2338969387","1.41993"
"2338969387","1848150462","1.41993"
"1848150462","2764563380","0.125"
"2764563380","1848150462","0.125"
"1848150462","2929734224","0.25"
"2929734224","1848150462","0.25"
"2069710926","2130247660","0.375"
"2130247660","2069710926","0.375"
"2130247660","2155756297","0.125"
"2155756297","2130247660","0.125"
"2130247660","2271987422","0.125"
"2271987422","2130247660","0.125"
"2130247660","2338969387","0.375"
"2338969387","2130247660","0.375"
"2130247660","2764563380","0.125"
"2764563380","2130247660","0.125"
"2130247660","2929734224","1.125"
"2929734224","2130247660","1.125"
"2617759834","2766590152","1.37879"
"2766590152","2617759834","1.37879"
"127250854","1507467256","0.107955"
"1507467256","127250854","0.107955"
"127250854","1511840125","0.0625"
"1511840125","127250854","0.0625"
"127250854","1581298006","0.107955"
"1581298006","127250854","0.107955"
"127250854","1583494171","0.607955"
"1583494171","127250854","0.607955"
"127250854","1598805785","0.0625"
"1598805785","127250854","0.0625"
"127250854","1781366142","0.107955"
"1781366142","127250854","0.107955"
"127250854","1848150462","0.1625"
"1848150462","127250854","0.1625"
"127250854","2038602505","0.407955"
"2038602505","127250854","0.407955"
"127250854","2069710926","0.541288"
"2069710926","127250854","0.541288"
"127250854","2111685596","0.0625"
"2111685596","127250854","0.0625"
"127250854","2130578025","0.107955"
"2130578025","127250854","0.107955"
"127250854","2136789017","0.307955"
"2136789017","127250854","0.307955"
"127250854","2157431884","0.107955"
"2157431884","127250854","0.107955"
"127250854","2163141794","0.0625"
"2163141794","127250854","0.0625"
"127250854","2165918986","0.207955"
"2165918986","127250854","0.207955"
"127250854","76915422","0.307955"
"76915422","127250854","0.307955"
"1507467256","1511840125","0.0625"
"1511840125","1507467256","0.0625"
"1507467256","1581298006","0.107955"
"1581298006","1507467256","0.107955"
"1507467256","1583494171","0.107955"
"1583494171","1507467256","0.107955"
"1507467256","1598805785","0.0625"
"1598805785","1507467256","0.0625"
"1507467256","1781366142","0.107955"
"1781366142","1507467256","0.107955"
"1507467256","1848150462","0.173611"
"1848150462","1507467256","0.173611"
"1507467256","2038602505","0.107955"
"2038602505","1507467256","0.107955"
"1507467256","2069710926","0.107955"
"2069710926","1507467256","0.107955"
"1507467256","2111685596","0.0625"
"2111685596","1507467256","0.0625"
"1507467256","2130578025","0.219066"
"2130578025","1507467256","0.219066"
"1507467256","2136789017","0.219066"
"2136789017","1507467256","0.219066"
"1507467256","2157431884","0.107955"
"2157431884","1507467256","0.107955"
"1507467256","2163141794","0.173611"
"2163141794","1507467256","0.173611"
"1507467256","2165918986","0.107955"
"2165918986","1507467256","0.107955"
"1507467256","76915422","0.107955"
"76915422","1507467256","0.107955"
"1511840125","1581298006","1.04504"
"1581298006","1511840125","1.04504"
"1511840125","1583494171","1.27523"
"1583494171","1511840125","1.27523"
"1511840125","1598805785","0.594675"
"1598805785","1511840125","0.594675"
"1511840125","1781366142","0.425595"
"1781366142","1511840125","0.425595"
"1511840125","1848150462","0.496324"
"1848150462","1511840125","0.496324"
"1511840125","2038602505","2.65856"
"2038602505","1511840125","2.65856"
"1511840125","2111685596","0.121324"
"2111685596","1511840125","0.121324"
"1511840125","2130578025","1.15579"
"2130578025","1511840125","1.15579"
"1511840125","2136789017","2.40856"
"2136789017","1511840125","2.40856"
"1511840125","2157431884","0.528863"
"2157431884","1511840125","0.528863"
"1511840125","2163141794","1.02196"
"2163141794","1511840125","1.02196"
"1511840125","2165918986","1.54077"
"2165918986","1511840125","1.54077"
"1511840125","76915422","1.91775"
"76915422","1511840125","1.91775"
"1581298006","1583494171","0.540494"
"1583494171","1581298006","0.540494"
"1581298006","1598805785","0.876786"
"1598805785","1581298006","0.876786"
"1581298006","1781366142","0.44724"
"1781366142","1581298006","0.44724"
"1581298006","1848150462","0.3125"
"1848150462","1581298006","0.3125"
"1581298006","2038602505","0.990494"
"2038602505","1581298006","0.990494"
"1581298006","2069710926","1.06549"
"2069710926","1581298006","1.06549"
"1581298006","2111685596","3.5625"
"2111685596","1581298006","3.5625"
"1581298006","2130578025","1.04724"
"2130578025","1581298006","1.04724"
"1581298006","2136789017","1.80835"
"2136789017","1581298006","1.80835"
"1581298006","2157431884","0.515494"
"2157431884","1581298006","0.515494"
"1581298006","2163141794","0.876786"
"2163141794","1581298006","0.876786"
"1581298006","2165918986","0.569066"
"2165918986","1581298006","0.569066"
"1581298006","76915422","0.529383"
"76915422","1581298006","0.529383"
"1583494171","1598805785","0.269675"
"1598805785","1583494171","0.269675"
"1583494171","1781366142","0.77105"
"1781366142","1583494171","0.77105"
"1583494171","1848150462","0.246324"
"1848150462","1583494171","0.246324"
"1583494171","2038602505","2.87069"
"2038602505","1583494171","2.87069"
"1583494171","2069710926","1.02902"
"2069710926","1583494171","1.02902"
"1583494171","2111685596","0.121324"
"2111685596","1583494171","0.121324"
"1583494171","2130578025","0.851241"
"2130578025","1583494171","0.851241"
"1583494171","2136789017","1.45402"
"2136789017","1583494171","1.45402"
"1583494171","2157431884","0.349318"
"2157431884","1583494171","0.349318"
"1583494171","2163141794","0.671963"
"2163141794","1583494171","0.671963"
"1583494171","2165918986","0.377889"
"2165918986","1583494171","0.377889"
"1583494171","76915422","1.24654"
"76915422","1583494171","1.24654"
"1598805785","1781366142","0.276786"
"1781366142","1598805785","0.276786"
"1598805785","1848150462","0.246324"
"1848150462","1598805785","0.246324"
"1598805785","2038602505","0.494675"
"2038602505","1598805785","0.494675"
"1598805785","2069710926","0.494675"
"2069710926","1598805785","0.494675"
"1598805785","2111685596","0.121324"
"2111685596","1598805785","0.121324"
"1598805785","2130578025","3.98753"
"2130578025","1598805785","3.98753"
"1598805785","2136789017","1.01253"
"2136789017","1598805785","1.01253"
"1598805785","2157431884","0.417752"
"2157431884","1598805785","0.417752"
"1598805785","2163141794","1.17871"
"2163141794","1598805785","1.17871"
"1598805785","2165918986","0.471324"
"2165918986","1598805785","0.471324"
"1598805785","76915422","0.792752"
"76915422","1598805785","0.792752"
"1781366142","1848150462","0.229167"
"1848150462","1781366142","0.229167"
"1781366142","2038602505","0.937716"
"2038602505","1781366142","0.937716"
"1781366142","2069710926","0.304383"
"2069710926","1781366142","0.304383"
"1781366142","2111685596","0.0625"
"2111685596","1781366142","0.0625"
"1781366142","2130578025","1.13057"
"2130578025","1781366142","1.13057"
"1781366142","2136789017","0.913907"
"2136789017","1781366142","0.913907"
"1781366142","2157431884","0.179383"
"2157431884","1781366142","0.179383"
"1781366142","2163141794","1.75179"
"2163141794","1781366142","1.75179"
"1781366142","2165918986","0.207955"
"2165918986","1781366142","0.207955"
"1781366142","76915422","0.64605"
"76915422","1781366142","0.64605"
"1848150462","2038602505","2.51299"
"2038602505","1848150462","2.51299"
"1848150462","2111685596","0.121324"
"2111685596","1848150462","0.121324"
"1848150462","2130578025","0.232435"
"2130578025","1848150462","0.232435"
"1848150462","2136789017","0.482435"
"2136789017","1848150462","0.482435"
"1848150462","2157431884","0.121324"
"2157431884","1848150462","0.121324"
"1848150462","2163141794","0.465278"
"2163141794","1848150462","0.465278"
"1848150462","2165918986","0.346324"
"2165918986","1848150462","0.346324"
"1848150462","76915422","0.621324"
"76915422","1848150462","0.621324"
"2038602505","2069710926","3.42069"
"2069710926","2038602505","3.42069"
"2038602505","2111685596","0.121324"
"2111685596","2038602505","0.121324"
"2038602505","2130578025","1.4191"
"2130578025","2038602505","1.4191"
"2038602505","2136789017","5.74688"
"2136789017","2038602505","5.74688"
"2038602505","2157431884","0.349318"
"2157431884","2038602505","0.349318"
"2038602505","2163141794","1.40649"
"2163141794","2038602505","1.40649"
"2038602505","2165918986","1.82908"
"2165918986","2038602505","1.82908"
"2038602505","76915422","5.50606"
"76915422","2038602505","5.50606"
"2069710926","2111685596","0.121324"
"2111685596","2069710926","0.121324"
"2069710926","2130578025","1.17624"
"2130578025","2069710926","1.17624"
"2069710926","2136789017","1.76235"
"2136789017","2069710926","1.76235"
"2069710926","2157431884","0.349318"
"2157431884","2069710926","0.349318"
"2069710926","2163141794","0.871963"
"2163141794","2069710926","0.871963"
"2069710926","2165918986","0.669556"
"2165918986","2069710926","0.669556"
"2069710926","76915422","0.654873"
"76915422","2069710926","0.654873"
"2111685596","2130578025","0.121324"
"2130578025","2111685596","0.121324"
"2111685596","2136789017","0.121324"
"2136789017","2111685596","0.121324"
"2111685596","2157431884","0.121324"
"2157431884","2111685596","0.121324"
"2111685596","2163141794","0.0625"
"2163141794","2111685596","0.0625"
"2111685596","2165918986","0.121324"
"2165918986","2111685596","0.121324"
"2111685596","76915422","0.121324"
"76915422","2111685596","0.121324"
"2130578025","2136789017","4.84807"
"2136789017","2130578025","4.84807"
"2130578025","2157431884","0.463207"
"2157431884","2130578025","0.463207"
"2130578025","2163141794","6.67712"
"2163141794","2130578025","6.67712"
"2130578025","2165918986","0.634635"
"2165918986","2130578025","0.634635"
"2130578025","76915422","1.20606"
"76915422","2130578025","1.20606"
"2136789017","2157431884","0.574318"
"2157431884","2136789017","0.574318"
"2136789017","2163141794","3.41879"
"2163141794","2136789017","3.41879"
"2136789017","2165918986","2.12075"
"2165918986","2136789017","2.12075"
"2136789017","76915422","3.64773"
"76915422","2136789017","3.64773"
"2157431884","2163141794","0.358929"
"2163141794","2157431884","0.358929"
"2157431884","2165918986","0.502889"
"2165918986","2157431884","0.502889"
"2157431884","76915422","0.338207"
"76915422","2157431884","0.338207"
"2163141794","2165918986","0.530357"
"2165918986","2163141794","0.530357"
"2163141794","76915422","0.726786"
"76915422","2163141794","0.726786"
"2165918986","76915422","1.1763"
"76915422","2165918986","1.1763"
"127250854","2110626312","1.17879"
"2110626312","127250854","1.17879"
"127250854","2155756297","0.433333"
"2155756297","127250854","0.433333"
"2069710926","2110626312","0.923232"
"2110626312","2069710926","0.923232"
"2110626312","2155756297","0.766667"
"2155756297","2110626312","0.766667"
"1583494171","2110626312","1.00657"
"2110626312","1583494171","1.00657"
"127250854","2109042986","0.245455"
"2109042986","127250854","0.245455"
"2038602505","2109042986","1.81017"
"2109042986","2038602505","1.81017"
"2038602505","2110626312","2.11609"
"2110626312","2038602505","2.11609"
"2109042986","2110626312","0.738312"
"2110626312","2109042986","0.738312"
"2109042986","2136789017","3.20184"
"2136789017","2109042986","3.20184"
"2109042986","76915422","1.84714"
"76915422","2109042986","1.84714"
"2110626312","2136789017","1.59942"
"2136789017","2110626312","1.59942"
"2110626312","76915422","1.73831"
"76915422","2110626312","1.73831"
"127250854","2011940398","0.1"
"2011940398","127250854","0.1"
"127250854","2075389342","0.1"
"2075389342","127250854","0.1"
"127250854","2167034526","0.145455"
"2167034526","127250854","0.145455"
"127250854","2766590152","0.145455"
"2766590152","127250854","0.145455"
"1848150462","2011940398","0.1"
"2011940398","1848150462","0.1"
"1848150462","2075389342","0.225"
"2075389342","1848150462","0.225"
"1848150462","2110626312","0.516667"
"2110626312","1848150462","0.516667"
"1848150462","2167034526","0.225"
"2167034526","1848150462","0.225"
"2011940398","2038602505","0.1"
"2038602505","2011940398","0.1"
"2011940398","2069710926","0.1"
"2069710926","2011940398","0.1"
"2011940398","2075389342","0.1"
"2075389342","2011940398","0.1"
"2011940398","2110626312","0.1"
"2110626312","2011940398","0.1"
"2011940398","2155756297","0.1"
"2155756297","2011940398","0.1"
"2011940398","2165918986","0.1"
"2165918986","2011940398","0.1"
"2011940398","2167034526","0.1"
"2167034526","2011940398","0.1"
"2011940398","2766590152","0.766667"
"2766590152","2011940398","0.766667"
"2038602505","2075389342","0.211111"
"2075389342","2038602505","0.211111"
"2038602505","2155756297","0.527413"
"2155756297","2038602505","0.527413"
"2038602505","2167034526","0.520455"
"2167034526","2038602505","0.520455"
"2038602505","2766590152","2.12094"
"2766590152","2038602505","2.12094"
"2069710926","2167034526","0.520455"
"2167034526","2069710926","0.520455"
"2075389342","2110626312","0.1"
"2110626312","2075389342","0.1"
"2075389342","2165918986","0.211111"
"2165918986","2075389342","0.211111"
"2075389342","2167034526","0.1"
"2167034526","2075389342","0.1"
"2110626312","2165918986","2.13831"
"2165918986","2110626312","2.13831"
"2110626312","2167034526","0.895455"
"2167034526","2110626312","0.895455"
"2110626312","2766590152","0.895455"
"2766590152","2110626312","0.895455"
"2155756297","2165918986","0.32549"
"2165918986","2155756297","0.32549"
"2155756297","2167034526","0.558333"
"2167034526","2155756297","0.558333"
"2165918986","2167034526","2.89545"
"2167034526","2165918986","2.89545"
"2165918986","2766590152","0.329278"
"2766590152","2165918986","0.329278"
"2167034526","2766590152","0.270455"
"2766590152","2167034526","0.270455"
"127250854","1968293381","0.0454545"
"1968293381","127250854","0.0454545"
"127250854","2271987422","0.0454545"
"2271987422","127250854","0.0454545"
"127250854","2338969387","0.0454545"
"2338969387","127250854","0.0454545"
"127250854","2617759834","0.0454545"
"2617759834","127250854","0.0454545"
"127250854","2764563380","0.0454545"
"2764563380","127250854","0.0454545"
"127250854","2806431070","0.0454545"
"2806431070","127250854","0.0454545"
"127250854","65911053","0.0454545"
"65911053","127250854","0.0454545"
"1507467256","1968293381","0.0454545"
"1968293381","1507467256","0.0454545"
"1507467256","2109042986","0.0454545"
"2109042986","1507467256","0.0454545"
"1507467256","2110626312","0.0454545"
"2110626312","1507467256","0.0454545"
"1507467256","2167034526","0.0454545"
"2167034526","1507467256","0.0454545"
"1507467256","2271987422","0.0454545"
"2271987422","1507467256","0.0454545"
"1507467256","2338969387","0.156566"
"2338969387","1507467256","0.156566"
"1507467256","2617759834","0.0454545"
"2617759834","1507467256","0.0454545"
"1507467256","2764563380","0.0454545"
"2764563380","1507467256","0.0454545"
"1507467256","2766590152","0.156566"
"2766590152","1507467256","0.156566"
"1507467256","2806431070","0.156566"
"2806431070","1507467256","0.156566"
"1507467256","65911053","0.0454545"
"65911053","1507467256","0.0454545"
"1581298006","1968293381","1.04545"
"1968293381","1581298006","1.04545"
"1581298006","2109042986","0.756566"
"2109042986","1581298006","0.756566"
"1581298006","2110626312","0.0454545"
"2110626312","1581298006","0.0454545"
"1581298006","2167034526","0.0454545"
"2167034526","1581298006","0.0454545"
"1581298006","2271987422","0.0454545"
"2271987422","1581298006","0.0454545"
"1581298006","2338969387","0.445455"
"2338969387","1581298006","0.445455"
"1581298006","2617759834","0.0454545"
"2617759834","1581298006","0.0454545"
"1581298006","2764563380","0.0454545"
"2764563380","1581298006","0.0454545"
"1581298006","2766590152","0.620455"
"2766590152","1581298006","0.620455"
"1581298006","2806431070","0.316883"
"2806431070","1581298006","0.316883"
"1581298006","65911053","0.0454545"
"65911053","1581298006","0.0454545"
"1583494171","1968293381","0.0454545"
"1968293381","1583494171","0.0454545"
"1583494171","2109042986","1.17565"
"2109042986","1583494171","1.17565"
"1583494171","2167034526","0.0454545"
"2167034526","1583494171","0.0454545"
"1583494171","2271987422","0.0454545"
"2271987422","1583494171","0.0454545"
"1583494171","2338969387","0.270945"
"2338969387","1583494171","0.270945"
"1583494171","2617759834","0.122378"
"2617759834","1583494171","0.122378"
"1583494171","2764563380","0.0454545"
"2764563380","1583494171","0.0454545"
"1583494171","2766590152","0.229278"
"2766590152","1583494171","0.229278"
"1583494171","2806431070","0.175707"
"2806431070","1583494171","0.175707"
"1583494171","65911053","0.0454545"
"65911053","1583494171","0.0454545"
"1781366142","1968293381","7.21212"
"1968293381","1781366142","7.21212"
"1781366142","2109042986","0.512121"
"2109042986","1781366142","0.512121"
"1781366142","2110626312","0.312121"
"2110626312","1781366142","0.312121"
"1781366142","2167034526","0.0454545"
"2167034526","1781366142","0.0454545"
"1781366142","2271987422","0.0454545"
"2271987422","1781366142","0.0454545"
"1781366142","2338969387","0.0454545"
"2338969387","1781366142","0.0454545"
"1781366142","2617759834","0.0454545"
"2617759834","1781366142","0.0454545"
"1781366142","2764563380","0.0454545"
"2764563380","1781366142","0.0454545"
"1781366142","2766590152","0.212121"
"2766590152","1781366142","0.212121"
"1781366142","2806431070","0.116883"
"2806431070","1781366142","0.116883"
"1781366142","65911053","0.0454545"
"65911053","1781366142","0.0454545"
"1968293381","2038602505","0.0454545"
"2038602505","1968293381","0.0454545"
"1968293381","2069710926","0.0454545"
"2069710926","1968293381","0.0454545"
"1968293381","2109042986","0.0454545"
"2109042986","1968293381","0.0454545"
"1968293381","2110626312","0.0454545"
"2110626312","1968293381","0.0454545"
"1968293381","2130578025","0.0454545"
"2130578025","1968293381","0.0454545"
"1968293381","2136789017","0.0454545"
"2136789017","1968293381","0.0454545"
"1968293381","2157431884","0.0454545"
"2157431884","1968293381","0.0454545"
"1968293381","2165918986","0.0454545"
"2165918986","1968293381","0.0454545"
"1968293381","2167034526","0.0454545"
"2167034526","1968293381","0.0454545"
"1968293381","2271987422","0.0454545"
"2271987422","1968293381","0.0454545"
"1968293381","2338969387","0.0454545"
"2338969387","1968293381","0.0454545"
"1968293381","2617759834","0.0454545"
"2617759834","1968293381","0.0454545"
"1968293381","2764563380","0.0454545"
"2764563380","1968293381","0.0454545"
"1968293381","2766590152","0.0454545"
"2766590152","1968293381","0.0454545"
"1968293381","2806431070","0.0454545"
"2806431070","1968293381","0.0454545"
"1968293381","65911053","0.0454545"
"65911053","1968293381","0.0454545"
"1968293381","76915422","0.0454545"
"76915422","1968293381","0.0454545"
"2038602505","2271987422","0.0454545"
"2271987422","2038602505","0.0454545"
"2038602505","2338969387","0.987611"
"2338969387","2038602505","0.987611"
"2038602505","2617759834","0.122378"
"2617759834","2038602505","0.122378"
"2038602505","2764563380","0.0454545"
"2764563380","2038602505","0.0454545"
"2038602505","2806431070","0.675707"
"2806431070","2038602505","0.675707"
"2038602505","65911053","0.0454545"
"65911053","2038602505","0.0454545"
"2069710926","2109042986","1.83398"
"2109042986","2069710926","1.83398"
"2069710926","2617759834","0.747378"
"2617759834","2069710926","0.747378"
"2069710926","65911053","0.0454545"
"65911053","2069710926","0.0454545"
"2109042986","2130578025","2.89906"
"2130578025","2109042986","2.89906"
"2109042986","2157431884","0.440389"
"2157431884","2109042986","0.440389"
"2109042986","2165918986","2.22491"
"2165918986","2109042986","2.22491"
"2109042986","2167034526","0.295455"
"2167034526","2109042986","0.295455"
"2109042986","2271987422","0.0454545"
"2271987422","2109042986","0.0454545"
"2109042986","2338969387","0.270945"
"2338969387","2109042986","0.270945"
"2109042986","2617759834","0.122378"
"2617759834","2109042986","0.122378"
"2109042986","2764563380","0.0454545"
"2764563380","2109042986","0.0454545"
"2109042986","2766590152","1.22928"
"2766590152","2109042986","1.22928"
"2109042986","2806431070","0.104278"
"2806431070","2109042986","0.104278"
"2109042986","65911053","0.0454545"
"65911053","2109042986","0.0454545"
"2110626312","2130578025","0.399423"
"2130578025","2110626312","0.399423"
"2110626312","2157431884","0.0454545"
"2157431884","2110626312","0.0454545"
"2110626312","2271987422","0.0454545"
"2271987422","2110626312","0.0454545"
"2110626312","2338969387","0.0454545"
"2338969387","2110626312","0.0454545"
"2110626312","2617759834","0.0454545"
"2617759834","2110626312","0.0454545"
"2110626312","2764563380","0.0454545"
"2764563380","2110626312","0.0454545"
"2110626312","2806431070","0.0454545"
"2806431070","2110626312","0.0454545"
"2110626312","65911053","0.0454545"
"65911053","2110626312","0.0454545"
"2130578025","2167034526","0.0454545"
"2167034526","2130578025","0.0454545"
"2130578025","2271987422","0.0454545"
"2271987422","2130578025","0.0454545"
"2130578025","2338969387","0.315389"
"2338969387","2130578025","0.315389"
"2130578025","2617759834","0.122378"
"2617759834","2130578025","0.122378"
"2130578025","2764563380","0.0454545"
"2764563380","2130578025","0.0454545"
"2130578025","2766590152","0.340389"
"2766590152","2130578025","0.340389"
"2130578025","2806431070","0.286818"
"2806431070","2130578025","0.286818"
"2130578025","65911053","0.0454545"
"65911053","2130578025","0.0454545"
"2136789017","2167034526","0.295455"
"2167034526","2136789017","0.295455"
"2136789017","2271987422","0.0454545"
"2271987422","2136789017","0.0454545"
"2136789017","2338969387","0.615389"
"2338969387","2136789017","0.615389"
"2136789017","2617759834","0.122378"
"2617759834","2136789017","0.122378"
"2136789017","2764563380","0.0454545"
"2764563380","2136789017","0.0454545"
"2136789017","2766590152","0.790389"
"2766590152","2136789017","0.790389"
"2136789017","2806431070","0.486818"
"2806431070","2136789017","0.486818"
"2136789017","65911053","0.0454545"
"65911053","2136789017","0.0454545"
"2157431884","2167034526","0.0454545"
"2167034526","2157431884","0.0454545"
"2157431884","2271987422","0.0454545"
"2271987422","2157431884","0.0454545"
"2157431884","2338969387","0.104278"
"2338969387","2157431884","0.104278"
"2157431884","2617759834","0.0454545"
"2617759834","2157431884","0.0454545"
"2157431884","2764563380","0.0454545"
"2764563380","2157431884","0.0454545"
"2157431884","2766590152","0.104278"
"2766590152","2157431884","0.104278"
"2157431884","2806431070","0.175707"
"2806431070","2157431884","0.175707"
"2157431884","65911053","0.0454545"
"65911053","2157431884","0.0454545"
"2165918986","2271987422","0.0454545"
"2271987422","2165918986","0.0454545"
"2165918986","2338969387","0.270945"
"2338969387","2165918986","0.270945"
"2165918986","2617759834","0.0454545"
"2617759834","2165918986","0.0454545"
"2165918986","2764563380","0.0454545"
"2764563380","2165918986","0.0454545"
"2165918986","2806431070","0.104278"
"2806431070","2165918986","0.104278"
"2165918986","65911053","0.0454545"
"65911053","2165918986","0.0454545"
"2167034526","2271987422","0.0454545"
"2271987422","2167034526","0.0454545"
"2167034526","2338969387","0.0454545"
"2338969387","2167034526","0.0454545"
"2167034526","2617759834","0.0454545"
"2617759834","2167034526","0.0454545"
"2167034526","2764563380","0.0454545"
"2764563380","2167034526","0.0454545"
"2167034526","2806431070","0.0454545"
"2806431070","2167034526","0.0454545"
"2167034526","65911053","0.0454545"
"65911053","2167034526","0.0454545"
"2167034526","76915422","0.420455"
"76915422","2167034526","0.420455"
"2271987422","2617759834","0.0454545"
"2617759834","2271987422","0.0454545"
"2271987422","65911053","0.0454545"
"65911053","2271987422","0.0454545"
"2271987422","76915422","0.0454545"
"76915422","2271987422","0.0454545"
"2338969387","2617759834","2.17045"
"2617759834","2338969387","2.17045"
"2338969387","65911053","0.0454545"
"65911053","2338969387","0.0454545"
"2338969387","76915422","0.270945"
"76915422","2338969387","0.270945"
"2617759834","2764563380","0.0454545"
"2764563380","2617759834","0.0454545"
"2617759834","2806431070","0.545455"
"2806431070","2617759834","0.545455"
"2617759834","65911053","0.0454545"
"65911053","2617759834","0.0454545"
"2617759834","76915422","0.0454545"
"76915422","2617759834","0.0454545"
"2764563380","65911053","0.0454545"
"65911053","2764563380","0.0454545"
"2764563380","76915422","0.0454545"
"76915422","2764563380","0.0454545"
"2766590152","65911053","0.0454545"
"65911053","2766590152","0.0454545"
"2766590152","76915422","0.729278"
"76915422","2766590152","0.729278"
"2806431070","65911053","0.0454545"
"65911053","2806431070","0.0454545"
"2806431070","76915422","0.175707"
"76915422","2806431070","0.175707"
"65911053","76915422","0.0454545"
"76915422","65911053","0.0454545"
"1485832152","2102343963","1.95"
"2102343963","1485832152","1.95"
"1485832152","2143972899","0.7"
"2143972899","1485832152","0.7"
"2102343963","2143972899","0.7"
"2143972899","2102343963","0.7"
"1485832152","1500329323","1.41667"
"1500329323","1485832152","1.41667"
"1485832152","1522067108","1.33333"
"1522067108","1485832152","1.33333"
"1485832152","1556331261","0.833333"
"1556331261","1485832152","0.833333"
"1500329323","1522067108","1.75"
"1522067108","1500329323","1.75"
"1500329323","1556331261","1.25"
"1556331261","1500329323","1.25"
"1522067108","1556331261","4"
"1556331261","1522067108","4"
"1485832152","2050021969","0.2"
"2050021969","1485832152","0.2"
"1485832152","2074673256","0.7"
"2074673256","1485832152","0.7"
"1485832152","2097363104","0.533333"
"2097363104","1485832152","0.533333"
"2050021969","2074673256","0.2"
"2074673256","2050021969","0.2"
"2050021969","2097363104","3.86667"
"2097363104","2050021969","3.86667"
"2050021969","2102343963","0.533333"
"2102343963","2050021969","0.533333"
"2050021969","2143972899","0.2"
"2143972899","2050021969","0.2"
"2074673256","2097363104","1.2"
"2097363104","2074673256","1.2"
"2074673256","2102343963","1.95"
"2102343963","2074673256","1.95"
"2074673256","2143972899","1.2"
"2143972899","2074673256","1.2"
"2097363104","2102343963","1.53333"
"2102343963","2097363104","1.53333"
"2097363104","2143972899","0.2"
"2143972899","2097363104","0.2"
"1522067108","2102343963","2.58333"
"2102343963","1522067108","2.58333"
"1485832152","2111920849","0.333333"
"2111920849","1485832152","0.333333"
"1500329323","2097363104","1.33333"
"2097363104","1500329323","1.33333"
"1500329323","2111920849","0.333333"
"2111920849","1500329323","0.333333"
"2097363104","2111920849","0.666667"
"2111920849","2097363104","0.666667"
"1500329323","2074673256","1.08333"
"2074673256","1500329323","1.08333"
"1522067108","2074673256","6.33333"
"2074673256","1522067108","6.33333"
"1556331261","2074673256","1.33333"
"2074673256","1556331261","1.33333"
"1500329323","2102343963","5.03333"
"2102343963","1500329323","5.03333"
"1556331261","2102343963","1.41667"
"2102343963","1556331261","1.41667"
"149970112","89867119","0.458333"
"89867119","149970112","0.458333"
"2155756297","89867119","5.16075"
"89867119","2155756297","5.16075"
"2806431070","89867119","0.758824"
"89867119","2806431070","0.758824"
"149970112","1848150462","0.125"
"1848150462","149970112","0.125"
"1511840125","2617759834","0.201923"
"2617759834","1511840125","0.201923"
"1511840125","89867119","1.62741"
"89867119","1511840125","1.62741"
"1848150462","2617759834","0.125"
"2617759834","1848150462","0.125"
"2069710926","89867119","1.12741"
"89867119","2069710926","1.12741"
"2075389342","2617759834","0.125"
"2617759834","2075389342","0.125"
"2075389342","89867119","1.525"
"89867119","2075389342","1.525"
"2155756297","2617759834","0.201923"
"2617759834","2155756297","0.201923"
"2338969387","89867119","0.80049"
"89867119","2338969387","0.80049"
"2617759834","89867119","0.201923"
"89867119","2617759834","0.201923"
"149970112","2011940398","1"
"2011940398","149970112","1"
"1500329323","1507997656","0.5"
"1507997656","1500329323","0.5"
"1500329323","1975802388","0.5"
"1975802388","1500329323","0.5"
"1507997656","1975802388","1.35"
"1975802388","1507997656","1.35"
"1500329323","1554560291","0.2"
"1554560291","1500329323","0.2"
"1500329323","2023639687","0.2"
"2023639687","1500329323","0.2"
"1500329323","2133826786","0.2"
"2133826786","1500329323","0.2"
"1500329323","2153033291","0.2"
"2153033291","1500329323","0.2"
"1554560291","2023639687","0.3"
"2023639687","1554560291","0.3"
"1554560291","2102343963","0.2"
"2102343963","1554560291","0.2"
"1554560291","2133826786","0.55"
"2133826786","1554560291","0.55"
"1554560291","2153033291","1.13333"
"2153033291","1554560291","1.13333"
"2023639687","2102343963","0.2"
"2102343963","2023639687","0.2"
"2023639687","2133826786","0.633333"
"2133826786","2023639687","0.633333"
"2023639687","2153033291","12.5833"
"2153033291","2023639687","12.5833"
"2102343963","2133826786","0.2"
"2133826786","2102343963","0.2"
"2102343963","2153033291","0.2"
"2153033291","2102343963","0.2"
"2133826786","2153033291","1.88333"
"2153033291","2133826786","1.88333"
"1502069986","1511984874","4.5"
"1511984874","1502069986","4.5"
"1502069986","1583922328","4.5"
"1583922328","1502069986","4.5"
"1511984874","1583922328","13.6429"
"1583922328","1511984874","13.6429"
"1507467256","1585563966","0.111111"
"1585563966","1507467256","0.111111"
"1507467256","1901195169","0.111111"
"1901195169","1507467256","0.111111"
"1585563966","1848150462","0.111111"
"1848150462","1585563966","0.111111"
"1585563966","1901195169","0.636508"
"1901195169","1585563966","0.636508"
"1585563966","2130578025","1.21984"
"2130578025","1585563966","1.21984"
"1585563966","2136789017","0.436508"
"2136789017","1585563966","0.436508"
"1585563966","2163141794","2.71984"
"2163141794","1585563966","2.71984"
"1585563966","2338969387","0.277778"
"2338969387","1585563966","0.277778"
"1585563966","2766590152","0.111111"
"2766590152","1585563966","0.111111"
"1585563966","2806431070","0.18254"
"2806431070","1585563966","0.18254"
"1848150462","1901195169","0.277778"
"1901195169","1848150462","0.277778"
"1848150462","2806431070","0.169935"
"2806431070","1848150462","0.169935"
"1901195169","2130578025","0.936508"
"2130578025","1901195169","0.936508"
"1901195169","2136789017","0.636508"
"2136789017","1901195169","0.636508"
"1901195169","2163141794","5.60317"
"2163141794","1901195169","5.60317"
"1901195169","2338969387","0.211111"
"2338969387","1901195169","0.211111"
"1901195169","2766590152","0.277778"
"2766590152","1901195169","0.277778"
"1901195169","2806431070","0.18254"
"2806431070","1901195169","0.18254"
"2163141794","2338969387","0.211111"
"2338969387","2163141794","0.211111"
"2163141794","2766590152","0.527778"
"2766590152","2163141794","0.527778"
"2163141794","2806431070","0.18254"
"2806431070","2163141794","0.18254"
"1507997656","2153033291","0.85"
"2153033291","1507997656","0.85"
"1975802388","2153033291","10.7167"
"2153033291","1975802388","10.7167"
"1507997656","65911053","4.35"
"65911053","1507997656","4.35"
"1507997656","1554560291","0.35"
"1554560291","1507997656","0.35"
"1507997656","1983404988","0.1"
"1983404988","1507997656","0.1"
"1507997656","2014745699","0.1"
"2014745699","1507997656","0.1"
"1507997656","2023639687","0.1"
"2023639687","1507997656","0.1"
"1507997656","2046456773","0.1"
"2046456773","1507997656","0.1"
"1507997656","2130755119","0.1"
"2130755119","1507997656","0.1"
"1507997656","2133826786","0.1"
"2133826786","1507997656","0.1"
"1554560291","1975802388","0.933333"
"1975802388","1554560291","0.933333"
"1554560291","1983404988","0.1"
"1983404988","1554560291","0.1"
"1554560291","2014745699","0.1"
"2014745699","1554560291","0.1"
"1554560291","2046456773","0.1"
"2046456773","1554560291","0.1"
"1554560291","2130755119","0.1"
"2130755119","1554560291","0.1"
"1554560291","65911053","2.93333"
"65911053","1554560291","2.93333"
"1975802388","1983404988","0.8"
"1983404988","1975802388","0.8"
"1975802388","2014745699","0.55"
"2014745699","1975802388","0.55"
"1975802388","2023639687","1.63333"
"2023639687","1975802388","1.63333"
"1975802388","2046456773","0.6"
"2046456773","1975802388","0.6"
"1975802388","2130755119","0.35"
"2130755119","1975802388","0.35"
"1975802388","2133826786","1.68333"
"2133826786","1975802388","1.68333"
"1975802388","65911053","1.76667"
"65911053","1975802388","1.76667"
"1983404988","2014745699","0.3"
"2014745699","1983404988","0.3"
"1983404988","2023639687","0.3"
"2023639687","1983404988","0.3"
"1983404988","2046456773","0.1"
"2046456773","1983404988","0.1"
"1983404988","2130755119","0.6"
"2130755119","1983404988","0.6"
"1983404988","2133826786","0.1"
"2133826786","1983404988","0.1"
"1983404988","2153033291","0.8"
"2153033291","1983404988","0.8"
