"111885355","1977548957","1.81111"
"1977548957","111885355","1.81111"
"111885355","171635350","6.75556"
"171635350","111885355","6.75556"
"111885355","2060161902","0.45"
"2060161902","111885355","0.45"
"111885355","2126915543","2.02778"
"2126915543","111885355","2.02778"
"111885355","2295398559","3.12222"
"2295398559","111885355","3.12222"
"171635350","2060161902","0.783333"
"2060161902","171635350","0.783333"
"171635350","2126915543","2.69444"
"2126915543","171635350","2.69444"
"171635350","2295398559","0.922222"
"2295398559","171635350","0.922222"
"2060161902","2126915543","2.08333"
"2126915543","2060161902","2.08333"
"2060161902","2295398559","0.616667"
"2295398559","2060161902","0.616667"
"2126915543","2295398559","0.361111"
"2295398559","2126915543","0.361111"
"111885355","2119584748","0.333333"
"2119584748","111885355","0.333333"
"171635350","2119584748","1.33333"
"2119584748","171635350","1.33333"
"2119584748","2126915543","6.83333"
"2126915543","2119584748","6.83333"
"111885355","1972149001","1.42778"
"1972149001","111885355","1.42778"
"111885355","2027420911","0.422222"
"2027420911","111885355","0.422222"
"111885355","2075069743","1.42778"
"2075069743","111885355","1.42778"
"1972149001","1977548957","0.561111"
"1977548957","1972149001","0.561111"
"1972149001","2027420911","0.311111"
"2027420911","1972149001","0.311111"
"1972149001","2075069743","18.0111"
"2075069743","1972149001","18.0111"
"1972149001","2295398559","4.76111"
"2295398559","1972149001","4.76111"
"1977548957","2027420911","0.311111"
"2027420911","1977548957","0.311111"
"1977548957","2075069743","0.561111"
"2075069743","1977548957","0.561111"
"1977548957","2295398559","0.561111"
"2295398559","1977548957","0.561111"
"2027420911","2075069743","0.311111"
"2075069743","2027420911","0.311111"
"2027420911","2295398559","0.588889"
"2295398559","2027420911","0.588889"
"2075069743","2295398559","5.76111"
"2295398559","2075069743","5.76111"
"171635350","1972149001","1.56111"
"1972149001","171635350","1.56111"
"171635350","1977548957","0.944444"
"1977548957","171635350","0.944444"
"171635350","2075069743","1.56111"
"2075069743","171635350","1.56111"
"111885355","2279804989","0.444444"
"2279804989","111885355","0.444444"
"111885355","2760685924","0.222222"
"2760685924","111885355","0.222222"
"171635350","2027420911","0.222222"
"2027420911","171635350","0.222222"
"171635350","2279804989","0.444444"
"2279804989","171635350","0.444444"
"171635350","2760685924","0.222222"
"2760685924","171635350","0.222222"
"1972149001","2126915543","0.444444"
"2126915543","1972149001","0.444444"
"1972149001","2279804989","0.361111"
"2279804989","1972149001","0.361111"
"1972149001","2760685924","0.111111"
"2760685924","1972149001","0.111111"
"1977548957","2126915543","0.444444"
"2126915543","1977548957","0.444444"
"1977548957","2279804989","0.111111"
"2279804989","1977548957","0.111111"
"1977548957","2760685924","0.111111"
"2760685924","1977548957","0.111111"
"2027420911","2126915543","0.111111"
"2126915543","2027420911","0.111111"
"2027420911","2279804989","0.111111"
"2279804989","2027420911","0.111111"
"2027420911","2760685924","0.222222"
"2760685924","2027420911","0.222222"
"2075069743","2126915543","0.444444"
"2126915543","2075069743","0.444444"
"2075069743","2279804989","0.361111"
"2279804989","2075069743","0.361111"
"2075069743","2760685924","0.111111"
"2760685924","2075069743","0.111111"
"2126915543","2279804989","0.444444"
"2279804989","2126915543","0.444444"
"2126915543","2760685924","0.111111"
"2760685924","2126915543","0.111111"
"2279804989","2295398559","0.361111"
"2295398559","2279804989","0.361111"
"2279804989","2760685924","0.111111"
"2760685924","2279804989","0.111111"
"2295398559","2760685924","0.222222"
"2760685924","2295398559","0.222222"
"1972149001","2060161902","0.2"
"2060161902","1972149001","0.2"
"2060161902","2075069743","0.2"
"2075069743","2060161902","0.2"
"111885355","2074709190","0.361111"
"2074709190","111885355","0.361111"
"111885355","2100702488","0.361111"
"2100702488","111885355","0.361111"
"111885355","2150106885","0.611111"
"2150106885","111885355","0.611111"
"171635350","2074709190","0.361111"
"2074709190","171635350","0.361111"
"171635350","2100702488","0.361111"
"2100702488","171635350","0.361111"
"171635350","2150106885","0.611111"
"2150106885","171635350","0.611111"
"2074709190","2100702488","10.1944"
"2100702488","2074709190","10.1944"
"2074709190","2150106885","1.94444"
"2150106885","2074709190","1.94444"
"2100702488","2150106885","1.94444"
"2150106885","2100702488","1.94444"
"1977548957","2150106885","0.25"
"2150106885","1977548957","0.25"
"2150106885","2295398559","0.694444"
"2295398559","2150106885","0.694444"
"111885355","2049127440","0.111111"
"2049127440","111885355","0.111111"
"111885355","2150569458","0.111111"
"2150569458","111885355","0.111111"
"171635350","2049127440","0.111111"
"2049127440","171635350","0.111111"
"171635350","2150569458","1.11111"
"2150569458","171635350","1.11111"
"2027420911","2049127440","0.111111"
"2049127440","2027420911","0.111111"
"2027420911","2074709190","0.111111"
"2074709190","2027420911","0.111111"
"2027420911","2100702488","0.111111"
"2100702488","2027420911","0.111111"
"2027420911","2150106885","0.111111"
"2150106885","2027420911","0.111111"
"2027420911","2150569458","0.111111"
"2150569458","2027420911","0.111111"
"2049127440","2074709190","1.36111"
"2074709190","2049127440","1.36111"
"2049127440","2100702488","0.861111"
"2100702488","2049127440","0.861111"
"2049127440","2150106885","4.11111"
"2150106885","2049127440","4.11111"
"2049127440","2150569458","2.11111"
"2150569458","2049127440","2.11111"
"2049127440","2295398559","0.111111"
"2295398559","2049127440","0.111111"
"2049127440","2760685924","0.111111"
"2760685924","2049127440","0.111111"
"2074709190","2150569458","1.44444"
"2150569458","2074709190","1.44444"
"2074709190","2295398559","0.444444"
"2295398559","2074709190","0.444444"
"2074709190","2760685924","0.111111"
"2760685924","2074709190","0.111111"
"2100702488","2150569458","1.44444"
"2150569458","2100702488","1.44444"
"2100702488","2295398559","0.444444"
"2295398559","2100702488","0.444444"
"2100702488","2760685924","0.111111"
"2760685924","2100702488","0.111111"
"2150106885","2150569458","2.44444"
"2150569458","2150106885","2.44444"
"2150106885","2760685924","0.111111"
"2760685924","2150106885","0.111111"
"2150569458","2295398559","0.111111"
"2295398559","2150569458","0.111111"
"2150569458","2760685924","0.111111"
"2760685924","2150569458","0.111111"
"1516469158","1854757958","2"
"1854757958","1516469158","2"
"1516469158","171635350","1"
"171635350","1516469158","1"
"1561200998","1576757369","6.25"
"1576757369","1561200998","6.25"
"1561200998","1899956758","0.25"
"1899956758","1561200998","0.25"
"1561200998","1944502597","0.25"
"1944502597","1561200998","0.25"
"1561200998","2078451216","0.25"
"2078451216","1561200998","0.25"
"1576757369","1899956758","0.25"
"1899956758","1576757369","0.25"
"1576757369","1944502597","0.25"
"1944502597","1576757369","0.25"
"1576757369","2078451216","0.25"
"2078451216","1576757369","0.25"
"1899956758","1944502597","0.25"
"1944502597","1899956758","0.25"
"1899956758","2078451216","0.25"
"2078451216","1899956758","0.25"
"1944502597","2078451216","2.375"
"2078451216","1944502597","2.375"
"1561200998","2027420911","0.166667"
"2027420911","1561200998","0.166667"
"1561200998","2060161902","0.166667"
"2060161902","1561200998","0.166667"
"1561200998","2140120963","0.166667"
"2140120963","1561200998","0.166667"
"1561200998","2144261930","0.166667"
"2144261930","1561200998","0.166667"
"1561200998","2295398559","0.166667"
"2295398559","1561200998","0.166667"
"1561200998","2631772412","0.166667"
"2631772412","1561200998","0.166667"
"2027420911","2060161902","0.166667"
"2060161902","2027420911","0.166667"
"2027420911","2140120963","0.166667"
"2140120963","2027420911","0.166667"
"2027420911","2144261930","0.166667"
"2144261930","2027420911","0.166667"
"2027420911","2631772412","0.166667"
"2631772412","2027420911","0.166667"
"2060161902","2140120963","0.166667"
"2140120963","2060161902","0.166667"
"2060161902","2144261930","0.166667"
"2144261930","2060161902","0.166667"
"2060161902","2631772412","0.666667"
"2631772412","2060161902","0.666667"
"2140120963","2144261930","0.666667"
"2144261930","2140120963","0.666667"
"2140120963","2295398559","0.166667"
"2295398559","2140120963","0.166667"
"2140120963","2631772412","10.9583"
"2631772412","2140120963","10.9583"
"2144261930","2295398559","0.166667"
"2295398559","2144261930","0.166667"
"2144261930","2631772412","0.666667"
"2631772412","2144261930","0.666667"
"2295398559","2631772412","0.166667"
"2631772412","2295398559","0.166667"
"1574305441","1944502597","10"
"1944502597","1574305441","10"
"1574305441","2078451216","3"
"2078451216","1574305441","3"
"1578853940","204779855","1.5"
"204779855","1578853940","1.5"
"1578853940","1854757958","0.625"
"1854757958","1578853940","0.625"
"1854757958","204779855","1.5"
"204779855","1854757958","1.5"
"1578853940","1944502597","0.125"
"1944502597","1578853940","0.125"
"1578853940","2078451216","0.125"
"2078451216","1578853940","0.125"
"1578853940","2091255896","0.125"
"2091255896","1578853940","0.125"
"1578853940","2140120963","0.125"
"2140120963","1578853940","0.125"
"1578853940","2149133292","0.125"
"2149133292","1578853940","0.125"
"1578853940","2150569458","0.125"
"2150569458","1578853940","0.125"
"1578853940","2631772412","0.125"
"2631772412","1578853940","0.125"
"1854757958","1944502597","0.125"
"1944502597","1854757958","0.125"
"1854757958","2078451216","0.125"
"2078451216","1854757958","0.125"
"1854757958","2091255896","1.125"
"2091255896","1854757958","1.125"
"1854757958","2140120963","0.125"
"2140120963","1854757958","0.125"
"1854757958","2149133292","0.125"
"2149133292","1854757958","0.125"
"1854757958","2150569458","0.125"
"2150569458","1854757958","0.125"
"1854757958","2631772412","0.125"
"2631772412","1854757958","0.125"
"1944502597","2091255896","0.125"
"2091255896","1944502597","0.125"
"1944502597","2140120963","0.125"
"2140120963","1944502597","0.125"
"1944502597","2149133292","0.125"
"2149133292","1944502597","0.125"
"1944502597","2150569458","0.125"
"2150569458","1944502597","0.125"
"1944502597","2631772412","0.125"
"2631772412","1944502597","0.125"
"2078451216","2091255896","7.54167"
"2091255896","2078451216","7.54167"
"2078451216","2140120963","0.375"
"2140120963","2078451216","0.375"
"2078451216","2149133292","1.54167"
"2149133292","2078451216","1.54167"
"2078451216","2150569458","0.541667"
"2150569458","2078451216","0.541667"
"2078451216","2631772412","1.04167"
"2631772412","2078451216","1.04167"
"2091255896","2140120963","1.45833"
"2140120963","2091255896","1.45833"
"2091255896","2149133292","7.125"
"2149133292","2091255896","7.125"
"2091255896","2150569458","0.125"
"2150569458","2091255896","0.125"
"2091255896","2631772412","2.125"
"2631772412","2091255896","2.125"
"2140120963","2149133292","2.45833"
"2149133292","2140120963","2.45833"
"2140120963","2150569458","0.125"
"2150569458","2140120963","0.125"
"2149133292","2150569458","1.125"
"2150569458","2149133292","1.125"
"2149133292","2631772412","3.625"
"2631772412","2149133292","3.625"
"2150569458","2631772412","0.125"
"2631772412","2150569458","0.125"
"1620392872","1673516604","0.5"
"1673516604","1620392872","0.5"
"1620392872","2284585236","5.5"
"2284585236","1620392872","5.5"
"1673516604","2284585236","7"
"2284585236","1673516604","7"
"1620392872","2091255896","0.25"
"2091255896","1620392872","0.25"
"1620392872","2140120963","0.25"
"2140120963","1620392872","0.25"
"1620392872","2149133292","0.25"
"2149133292","1620392872","0.25"
"1620392872","2631772412","0.25"
"2631772412","1620392872","0.25"
"1673516604","1899956758","0.5"
"1899956758","1673516604","0.5"
"1899956758","2284585236","0.5"
"2284585236","1899956758","0.5"
"1977548957","2060161902","0.333333"
"2060161902","1977548957","0.333333"
"1854757958","2056617836","1"
"2056617836","1854757958","1"
"1947403449","2049127440","1"
"2049127440","1947403449","1"
"194960720","1984566373","1"
"1984566373","194960720","1"
"194960720","2614390575","1"
"2614390575","194960720","1"
"195528277","1997200791","5"
"1997200791","195528277","5"
"1972149001","2286420773","0.25"
"2286420773","1972149001","0.25"
"2075069743","2286420773","0.25"
"2286420773","2075069743","0.25"
"2279804989","2286420773","0.25"
"2286420773","2279804989","0.25"
"2286420773","2295398559","0.25"
"2295398559","2286420773","0.25"
"1984566373","2150569458","2.33333"
"2150569458","1984566373","2.33333"
"1984566373","2049127440","1.33333"
"2049127440","1984566373","1.33333"
"1984566373","2150106885","0.333333"
"2150106885","1984566373","0.333333"
"2049127440","2078451216","0.166667"
"2078451216","2049127440","0.166667"
"2049127440","2144261930","0.416667"
"2144261930","2049127440","0.416667"
"2074709190","2078451216","0.416667"
"2078451216","2074709190","0.416667"
"2074709190","2144261930","0.416667"
"2144261930","2074709190","0.416667"
"2078451216","2100702488","0.416667"
"2100702488","2078451216","0.416667"
"2078451216","2144261930","0.416667"
"2144261930","2078451216","0.416667"
"2078451216","2150106885","0.166667"
"2150106885","2078451216","0.166667"
"2100702488","2144261930","0.416667"
"2144261930","2100702488","0.416667"
"2144261930","2150106885","0.416667"
"2150106885","2144261930","0.416667"
"2144261930","2150569458","1.16667"
"2150569458","2144261930","1.16667"
"2049127440","2299464733","0.25"
"2299464733","2049127440","0.25"
"2144261930","2299464733","0.25"
"2299464733","2144261930","0.25"
"2150106885","2299464733","1.25"
"2299464733","2150106885","1.25"
"2150569458","2299464733","0.25"
"2299464733","2150569458","0.25"
"2049127440","2056617836","0.833333"
"2056617836","2049127440","0.833333"
"2056617836","2074709190","1.16667"
"2074709190","2056617836","1.16667"
"2056617836","2100702488","0.666667"
"2100702488","2056617836","0.666667"
"2056617836","2126915543","1.5"
"2126915543","2056617836","1.5"
"2056617836","2150106885","1.5"
"2150106885","2056617836","1.5"
"2126915543","2150106885","0.5"
"2150106885","2126915543","0.5"
"2056617836","2150569458","0.833333"
"2150569458","2056617836","0.833333"
"2056617836","2144261930","0.5"
"2144261930","2056617836","0.5"
"2060161902","2149133292","0.5"
"2149133292","2060161902","0.5"
"2060161902","2119584748","0.5"
"2119584748","2060161902","0.5"
"2074709190","2140120963","0.333333"
"2140120963","2074709190","0.333333"
"2074709190","2631772412","0.333333"
"2631772412","2074709190","0.333333"
"2100702488","2140120963","0.333333"
"2140120963","2100702488","0.333333"
"2100702488","2631772412","0.333333"
"2631772412","2100702488","0.333333"
"2198755618","2229968570","1"
"2229968570","2198755618","1"
"2286420773","2760685924","1"
"2760685924","2286420773","1"
"2513449443","2612873006","12"
"2612873006","2513449443","12"
