"1536801477","1965392447","0.2"
"1965392447","1536801477","0.2"
"1536801477","2069849087","0.2"
"2069849087","1536801477","0.2"
"1536801477","2076651742","0.2"
"2076651742","1536801477","0.2"
"1536801477","2128343678","0.2"
"2128343678","1536801477","0.2"
"1536801477","2171677905","0.2"
"2171677905","1536801477","0.2"
"1965392447","2069849087","0.533187"
"2069849087","1965392447","0.533187"
"1965392447","2076651742","0.2"
"2076651742","1965392447","0.2"
"1965392447","2128343678","1.61667"
"2128343678","1965392447","1.61667"
"1965392447","2171677905","0.2"
"2171677905","1965392447","0.2"
"2069849087","2076651742","0.2"
"2076651742","2069849087","0.2"
"2069849087","2128343678","0.2"
"2128343678","2069849087","0.2"
"2069849087","2171677905","0.2"
"2171677905","2069849087","0.2"
"2076651742","2128343678","0.533333"
"2128343678","2076651742","0.533333"
"2076651742","2171677905","0.2"
"2171677905","2076651742","0.2"
"2128343678","2171677905","0.2"
"2171677905","2128343678","0.2"
"1578280780","1591701931","1.67424"
"1591701931","1578280780","1.67424"
"1578280780","2110489138","2.75758"
"2110489138","1578280780","2.75758"
"1578280780","2129371991","2.08333"
"2129371991","1578280780","2.08333"
"1578280780","2137646016","1.70758"
"2137646016","1578280780","1.70758"
"1591701931","2110489138","2.0095"
"2110489138","1591701931","2.0095"
"1591701931","2129371991","3.45192"
"2129371991","1591701931","3.45192"
"1591701931","2137646016","5.75117"
"2137646016","1591701931","5.75117"
"2110489138","2129371991","0.751923"
"2129371991","2110489138","0.751923"
"2110489138","2137646016","0.917832"
"2137646016","2110489138","0.917832"
"2129371991","2137646016","3.32692"
"2137646016","2129371991","3.32692"
"1578280780","2065004085","1.50758"
"2065004085","1578280780","1.50758"
"1578280780","2100414343","0.266667"
"2100414343","1578280780","0.266667"
"1578280780","2105260718","1.50758"
"2105260718","1578280780","1.50758"
"1578280780","2183814019","0.457576"
"2183814019","1578280780","0.457576"
"1591701931","2065004085","0.759499"
"2065004085","1591701931","0.759499"
"1591701931","2100414343","0.266667"
"2100414343","1591701931","0.266667"
"1591701931","2105260718","0.459499"
"2105260718","1591701931","0.459499"
"1591701931","2183814019","0.257576"
"2183814019","1591701931","0.257576"
"2065004085","2100414343","0.266667"
"2100414343","2065004085","0.266667"
"2065004085","2105260718","2.2095"
"2105260718","2065004085","2.2095"
"2065004085","2110489138","2.7095"
"2110489138","2065004085","2.7095"
"2065004085","2183814019","0.957576"
"2183814019","2065004085","0.957576"
"2100414343","2105260718","0.166667"
"2105260718","2100414343","0.166667"
"2100414343","2110489138","0.6"
"2110489138","2100414343","0.6"
"2100414343","2183814019","1"
"2183814019","2100414343","1"
"2105260718","2110489138","0.709499"
"2110489138","2105260718","0.709499"
"2105260718","2183814019","0.257576"
"2183814019","2105260718","0.257576"
"2110489138","2183814019","0.790909"
"2183814019","2110489138","0.790909"
"1578280780","1578949701","0.25"
"1578949701","1578280780","0.25"
"1578949701","2065004085","0.326923"
"2065004085","1578949701","0.326923"
"1578949701","2105260718","0.326923"
"2105260718","1578949701","0.326923"
"1578949701","2110489138","0.326923"
"2110489138","1578949701","0.326923"
"1578280780","2021385006","0.590909"
"2021385006","1578280780","0.590909"
"1578280780","2101741219","0.0909091"
"2101741219","1578280780","0.0909091"
"1578280780","2107411032","0.190909"
"2107411032","1578280780","0.190909"
"1578280780","2164867293","0.190909"
"2164867293","1578280780","0.190909"
"1578280780","2567164805","0.190909"
"2567164805","1578280780","0.190909"
"1591701931","2021385006","0.467832"
"2021385006","1591701931","0.467832"
"1591701931","2101741219","0.0909091"
"2101741219","1591701931","0.0909091"
"1591701931","2107411032","0.190909"
"2107411032","1591701931","0.190909"
"1591701931","2164867293","0.190909"
"2164867293","1591701931","0.190909"
"1591701931","2567164805","0.190909"
"2567164805","1591701931","0.190909"
"2021385006","2065004085","0.467832"
"2065004085","2021385006","0.467832"
"2021385006","2101741219","0.0909091"
"2101741219","2021385006","0.0909091"
"2021385006","2105260718","1.16783"
"2105260718","2021385006","1.16783"
"2021385006","2107411032","0.190909"
"2107411032","2021385006","0.190909"
"2021385006","2110489138","0.801166"
"2110489138","2021385006","0.801166"
"2021385006","2137646016","0.667832"
"2137646016","2021385006","0.667832"
"2021385006","2164867293","0.190909"
"2164867293","2021385006","0.190909"
"2021385006","2183814019","7.95758"
"2183814019","2021385006","7.95758"
"2021385006","2567164805","0.190909"
"2567164805","2021385006","0.190909"
"2065004085","2101741219","0.0909091"
"2101741219","2065004085","0.0909091"
"2065004085","2107411032","0.190909"
"2107411032","2065004085","0.190909"
"2065004085","2137646016","0.667832"
"2137646016","2065004085","0.667832"
"2065004085","2164867293","0.190909"
"2164867293","2065004085","0.190909"
"2065004085","2567164805","0.190909"
"2567164805","2065004085","0.190909"
"2101741219","2105260718","0.0909091"
"2105260718","2101741219","0.0909091"
"2101741219","2107411032","0.0909091"
"2107411032","2101741219","0.0909091"
"2101741219","2110489138","0.0909091"
"2110489138","2101741219","0.0909091"
"2101741219","2137646016","0.0909091"
"2137646016","2101741219","0.0909091"
"2101741219","2164867293","0.590909"
"2164867293","2101741219","0.590909"
"2101741219","2183814019","0.146465"
"2183814019","2101741219","0.146465"
"2101741219","2567164805","0.0909091"
"2567164805","2101741219","0.0909091"
"2105260718","2107411032","0.0909091"
"2107411032","2105260718","0.0909091"
"2105260718","2137646016","0.167832"
"2137646016","2105260718","0.167832"
"2105260718","2164867293","0.0909091"
"2164867293","2105260718","0.0909091"
"2105260718","2567164805","0.0909091"
"2567164805","2105260718","0.0909091"
"2107411032","2110489138","0.190909"
"2110489138","2107411032","0.190909"
"2107411032","2137646016","0.690909"
"2137646016","2107411032","0.690909"
"2107411032","2164867293","0.583766"
"2164867293","2107411032","0.583766"
"2107411032","2183814019","0.0909091"
"2183814019","2107411032","0.0909091"
"2107411032","2567164805","4.02424"
"2567164805","2107411032","4.02424"
"2110489138","2164867293","0.190909"
"2164867293","2110489138","0.190909"
"2110489138","2567164805","0.190909"
"2567164805","2110489138","0.190909"
"2137646016","2164867293","0.190909"
"2164867293","2137646016","0.190909"
"2137646016","2183814019","0.290909"
"2183814019","2137646016","0.290909"
"2137646016","2567164805","0.690909"
"2567164805","2137646016","0.690909"
"2164867293","2183814019","0.0909091"
"2183814019","2164867293","0.0909091"
"2164867293","2567164805","0.190909"
"2567164805","2164867293","0.190909"
"2183814019","2567164805","0.0909091"
"2567164805","2183814019","0.0909091"
"1578280780","1989703114","0.2"
"1989703114","1578280780","0.2"
"1591701931","1989703114","0.2"
"1989703114","1591701931","0.2"
"1989703114","2021385006","0.2"
"2021385006","1989703114","0.2"
"1989703114","2129371991","0.2"
"2129371991","1989703114","0.2"
"1989703114","2137646016","0.2"
"2137646016","1989703114","0.2"
"2021385006","2129371991","0.710256"
"2129371991","2021385006","0.710256"
"2065004085","2129371991","0.501923"
"2129371991","2065004085","0.501923"
"2021385006","2100414343","0.933333"
"2100414343","2021385006","0.933333"
"2100414343","2107411032","0.433333"
"2107411032","2100414343","0.433333"
"2100414343","2129371991","0.1"
"2129371991","2100414343","0.1"
"2100414343","2137646016","0.1"
"2137646016","2100414343","0.1"
"2100414343","2164867293","0.1"
"2164867293","2100414343","0.1"
"2100414343","2567164805","0.1"
"2567164805","2100414343","0.1"
"2107411032","2129371991","0.1"
"2129371991","2107411032","0.1"
"2129371991","2164867293","0.1"
"2164867293","2129371991","0.1"
"2129371991","2567164805","0.1"
"2567164805","2129371991","0.1"
"1578280780","1993952059","0.333333"
"1993952059","1578280780","0.333333"
"1591701931","1993952059","0.333333"
"1993952059","1591701931","0.333333"
"1993952059","2137646016","0.333333"
"2137646016","1993952059","0.333333"
"1578949701","1965392447","1.31652"
"1965392447","1578949701","1.31652"
"1578949701","2101896525","0.81011"
"2101896525","1578949701","0.81011"
"1578949701","2168228502","0.68511"
"2168228502","1578949701","0.68511"
"1965392447","2101896525","2.41652"
"2101896525","1965392447","2.41652"
"1965392447","2168228502","2.29152"
"2168228502","1965392447","2.29152"
"2101896525","2168228502","7.99344"
"2168228502","2101896525","7.99344"
"1578949701","2069849087","0.219298"
"2069849087","1578949701","0.219298"
"1578949701","2070589300","0.219298"
"2070589300","1578949701","0.219298"
"1578949701","2092344909","0.219298"
"2092344909","1578949701","0.219298"
"1578949701","2100409033","0.510965"
"2100409033","1578949701","0.510965"
"1578949701","2129604924","0.219298"
"2129604924","1578949701","0.219298"
"1578949701","2136306140","0.927632"
"2136306140","1578949701","0.927632"
"1578949701","2149302061","0.927632"
"2149302061","1578949701","0.927632"
"1578949701","2161970221","0.587888"
"2161970221","1578949701","0.587888"
"1578949701","2952858462","0.219298"
"2952858462","1578949701","0.219298"
"2069849087","2070589300","0.528822"
"2070589300","2069849087","0.528822"
"2069849087","2092344909","0.319298"
"2092344909","2069849087","0.319298"
"2069849087","2100409033","0.344298"
"2100409033","2069849087","0.344298"
"2069849087","2129604924","0.319298"
"2129604924","2069849087","0.319298"
"2069849087","2136306140","1.48716"
"2136306140","2069849087","1.48716"
"2069849087","2149302061","2.98716"
"2149302061","2069849087","2.98716"
"2069849087","2161970221","1.48596"
"2161970221","2069849087","1.48596"
"2069849087","2952858462","0.362155"
"2952858462","2069849087","0.362155"
"2070589300","2092344909","0.219298"
"2092344909","2070589300","0.219298"
"2070589300","2100409033","0.219298"
"2100409033","2070589300","0.219298"
"2070589300","2129604924","0.219298"
"2129604924","2070589300","0.219298"
"2070589300","2136306140","0.362155"
"2136306140","2070589300","0.362155"
"2070589300","2149302061","0.362155"
"2149302061","2070589300","0.362155"
"2070589300","2161970221","1.55263"
"2161970221","2070589300","1.55263"
"2070589300","2952858462","8.11215"
"2952858462","2070589300","8.11215"
"2092344909","2100409033","0.719298"
"2100409033","2092344909","0.719298"
"2092344909","2129604924","0.319298"
"2129604924","2092344909","0.319298"
"2092344909","2136306140","0.219298"
"2136306140","2092344909","0.219298"
"2092344909","2149302061","0.219298"
"2149302061","2092344909","0.219298"
"2092344909","2161970221","0.652632"
"2161970221","2092344909","0.652632"
"2092344909","2952858462","0.219298"
"2952858462","2092344909","0.219298"
"2100409033","2129604924","0.219298"
"2129604924","2100409033","0.219298"
"2100409033","2136306140","0.719298"
"2136306140","2100409033","0.719298"
"2100409033","2149302061","0.719298"
"2149302061","2100409033","0.719298"
"2100409033","2161970221","0.844298"
"2161970221","2100409033","0.844298"
"2100409033","2952858462","0.219298"
"2952858462","2100409033","0.219298"
"2129604924","2136306140","0.677632"
"2136306140","2129604924","0.677632"
"2129604924","2149302061","0.677632"
"2149302061","2129604924","0.677632"
"2129604924","2161970221","0.519298"
"2161970221","2129604924","0.519298"
"2129604924","2952858462","0.219298"
"2952858462","2129604924","0.219298"
"2136306140","2149302061","11.1538"
"2149302061","2136306140","11.1538"
"2136306140","2161970221","0.344298"
"2161970221","2136306140","0.344298"
"2136306140","2952858462","0.362155"
"2952858462","2136306140","0.362155"
"2149302061","2161970221","0.344298"
"2161970221","2149302061","0.344298"
"2149302061","2952858462","0.362155"
"2952858462","2149302061","0.362155"
"2161970221","2952858462","0.385965"
"2952858462","2161970221","0.385965"
"1578949701","2128343678","0.416667"
"2128343678","1578949701","0.416667"
"1965392447","2100409033","1.02485"
"2100409033","1965392447","1.02485"
"1965392447","2161970221","1.83319"
"2161970221","1965392447","1.83319"
"2100409033","2101896525","1.02485"
"2101896525","2100409033","1.02485"
"2100409033","2128343678","0.166667"
"2128343678","2100409033","0.166667"
"2100409033","2168228502","0.899854"
"2168228502","2100409033","0.899854"
"2101896525","2128343678","0.166667"
"2128343678","2101896525","0.166667"
"2101896525","2161970221","1.70178"
"2161970221","2101896525","1.70178"
"2128343678","2161970221","0.166667"
"2161970221","2128343678","0.166667"
"2128343678","2168228502","0.166667"
"2168228502","2128343678","0.166667"
"2161970221","2168228502","1.57678"
"2168228502","2161970221","1.57678"
"1578949701","1580751295","0.108187"
"1580751295","1578949701","0.108187"
"1578949701","2038687585","0.233187"
"2038687585","1578949701","0.233187"
"1578949701","2101741219","0.108187"
"2101741219","1578949701","0.108187"
"1578949701","2131776775","0.0555556"
"2131776775","1578949701","0.0555556"
"1578949701","2183814019","0.0555556"
"2183814019","1578949701","0.0555556"
"1578949701","2206815832","0.18511"
"2206815832","1578949701","0.18511"
"1580751295","1965392447","0.458187"
"1965392447","1580751295","0.458187"
"1580751295","2038687585","3.03319"
"2038687585","1580751295","3.03319"
"1580751295","2069849087","0.333187"
"2069849087","1580751295","0.333187"
"1580751295","2070589300","0.108187"
"2070589300","1580751295","0.108187"
"1580751295","2092344909","0.208187"
"2092344909","1580751295","0.208187"
"1580751295","2100409033","0.233187"
"2100409033","1580751295","0.233187"
"1580751295","2101741219","0.108187"
"2101741219","1580751295","0.108187"
"1580751295","2101896525","0.458187"
"2101896525","1580751295","0.458187"
"1580751295","2129604924","5.03319"
"2129604924","1580751295","5.03319"
"1580751295","2131776775","0.380556"
"2131776775","1580751295","0.380556"
"1580751295","2136306140","0.358187"
"2136306140","1580751295","0.358187"
"1580751295","2149302061","0.358187"
"2149302061","1580751295","0.358187"
"1580751295","2161970221","0.408187"
"2161970221","1580751295","0.408187"
"1580751295","2168228502","0.458187"
"2168228502","1580751295","0.458187"
"1580751295","2183814019","0.0555556"
"2183814019","1580751295","0.0555556"
"1580751295","2206815832","0.208187"
"2206815832","1580751295","0.208187"
"1580751295","2952858462","0.108187"
"2952858462","1580751295","0.108187"
"1965392447","2038687585","1.45819"
"2038687585","1965392447","1.45819"
"1965392447","2070589300","0.108187"
"2070589300","1965392447","0.108187"
"1965392447","2092344909","0.208187"
"2092344909","1965392447","0.208187"
"1965392447","2101741219","0.108187"
"2101741219","1965392447","0.108187"
"1965392447","2129604924","1.66652"
"2129604924","1965392447","1.66652"
"1965392447","2131776775","0.180556"
"2131776775","1965392447","0.180556"
"1965392447","2136306140","3.14985"
"2136306140","1965392447","3.14985"
"1965392447","2149302061","2.14985"
"2149302061","1965392447","2.14985"
"1965392447","2183814019","0.0555556"
"2183814019","1965392447","0.0555556"
"1965392447","2206815832","0.208187"
"2206815832","1965392447","0.208187"
"1965392447","2952858462","0.108187"
"2952858462","1965392447","0.108187"
"2038687585","2069849087","0.208187"
"2069849087","2038687585","0.208187"
"2038687585","2070589300","0.108187"
"2070589300","2038687585","0.108187"
"2038687585","2092344909","0.208187"
"2092344909","2038687585","0.208187"
"2038687585","2100409033","0.56652"
"2100409033","2038687585","0.56652"
"2038687585","2101741219","0.108187"
"2101741219","2038687585","0.108187"
"2038687585","2101896525","0.79152"
"2101896525","2038687585","0.79152"
"2038687585","2129604924","3.03319"
"2129604924","2038687585","3.03319"
"2038687585","2131776775","0.255556"
"2131776775","2038687585","0.255556"
"2038687585","2136306140","0.69152"
"2136306140","2038687585","0.69152"
"2038687585","2149302061","0.358187"
"2149302061","2038687585","0.358187"
"2038687585","2161970221","0.86652"
"2161970221","2038687585","0.86652"
"2038687585","2168228502","0.66652"
"2168228502","2038687585","0.66652"
"2038687585","2183814019","0.0555556"
"2183814019","2038687585","0.0555556"
"2038687585","2206815832","0.208187"
"2206815832","2038687585","0.208187"
"2038687585","2952858462","0.108187"
"2952858462","2038687585","0.108187"
"2069849087","2101741219","0.108187"
"2101741219","2069849087","0.108187"
"2069849087","2101896525","0.333187"
"2101896525","2069849087","0.333187"
"2069849087","2131776775","0.180556"
"2131776775","2069849087","0.180556"
"2069849087","2168228502","0.333187"
"2168228502","2069849087","0.333187"
"2069849087","2183814019","0.0555556"
"2183814019","2069849087","0.0555556"
"2069849087","2206815832","2.51771"
"2206815832","2069849087","2.51771"
"2070589300","2101741219","0.108187"
"2101741219","2070589300","0.108187"
"2070589300","2101896525","0.274854"
"2101896525","2070589300","0.274854"
"2070589300","2131776775","0.0555556"
"2131776775","2070589300","0.0555556"
"2070589300","2168228502","0.274854"
"2168228502","2070589300","0.274854"
"2070589300","2183814019","0.0555556"
"2183814019","2070589300","0.0555556"
"2070589300","2206815832","3.66771"
"2206815832","2070589300","3.66771"
"2092344909","2101741219","13.9415"
"2101741219","2092344909","13.9415"
"2092344909","2101896525","0.208187"
"2101896525","2092344909","0.208187"
"2092344909","2131776775","0.0555556"
"2131776775","2092344909","0.0555556"
"2092344909","2168228502","0.208187"
"2168228502","2092344909","0.208187"
"2092344909","2183814019","0.0555556"
"2183814019","2092344909","0.0555556"
"2092344909","2206815832","0.208187"
"2206815832","2092344909","0.208187"
"2100409033","2101741219","0.108187"
"2101741219","2100409033","0.108187"
"2100409033","2131776775","1.68056"
"2131776775","2100409033","1.68056"
"2100409033","2183814019","0.0555556"
"2183814019","2100409033","0.0555556"
"2100409033","2206815832","0.108187"
"2206815832","2100409033","0.108187"
"2101741219","2101896525","0.108187"
"2101896525","2101741219","0.108187"
"2101741219","2129604924","0.108187"
"2129604924","2101741219","0.108187"
"2101741219","2131776775","0.0555556"
"2131776775","2101741219","0.0555556"
"2101741219","2136306140","0.108187"
"2136306140","2101741219","0.108187"
"2101741219","2149302061","0.108187"
"2149302061","2101741219","0.108187"
"2101741219","2161970221","0.44152"
"2161970221","2101741219","0.44152"
"2101741219","2168228502","0.108187"
"2168228502","2101741219","0.108187"
"2101741219","2206815832","0.108187"
"2206815832","2101741219","0.108187"
"2101741219","2952858462","0.108187"
"2952858462","2101741219","0.108187"
"2101896525","2129604924","0.333187"
"2129604924","2101896525","0.333187"
"2101896525","2131776775","0.180556"
"2131776775","2101896525","0.180556"
"2101896525","2136306140","1.06652"
"2136306140","2101896525","1.06652"
"2101896525","2149302061","0.733187"
"2149302061","2101896525","0.733187"
"2101896525","2183814019","0.0555556"
"2183814019","2101896525","0.0555556"
"2101896525","2206815832","0.451777"
"2206815832","2101896525","0.451777"
"2101896525","2952858462","0.274854"
"2952858462","2101896525","0.274854"
"2129604924","2131776775","0.255556"
"2131776775","2129604924","0.255556"
"2129604924","2168228502","0.333187"
"2168228502","2129604924","0.333187"
"2129604924","2183814019","0.0555556"
"2183814019","2129604924","0.0555556"
"2129604924","2206815832","0.208187"
"2206815832","2129604924","0.208187"
"2131776775","2136306140","0.180556"
"2136306140","2131776775","0.180556"
"2131776775","2149302061","0.180556"
"2149302061","2131776775","0.180556"
"2131776775","2161970221","0.255556"
"2161970221","2131776775","0.255556"
"2131776775","2168228502","0.180556"
"2168228502","2131776775","0.180556"
"2131776775","2183814019","0.388889"
"2183814019","2131776775","0.388889"
"2131776775","2206815832","0.0555556"
"2206815832","2131776775","0.0555556"
"2131776775","2952858462","0.0555556"
"2952858462","2131776775","0.0555556"
"2136306140","2168228502","0.94152"
"2168228502","2136306140","0.94152"
"2136306140","2183814019","0.0555556"
"2183814019","2136306140","0.0555556"
"2136306140","2206815832","0.251044"
"2206815832","2136306140","0.251044"
"2149302061","2168228502","0.608187"
"2168228502","2149302061","0.608187"
"2149302061","2183814019","0.0555556"
"2183814019","2149302061","0.0555556"
"2149302061","2206815832","0.751044"
"2206815832","2149302061","0.751044"
"2161970221","2183814019","0.0555556"
"2183814019","2161970221","0.0555556"
"2161970221","2206815832","1.61844"
"2206815832","2161970221","1.61844"
"2168228502","2183814019","0.0555556"
"2183814019","2168228502","0.0555556"
"2168228502","2206815832","0.451777"
"2206815832","2168228502","0.451777"
"2168228502","2952858462","0.274854"
"2952858462","2168228502","0.274854"
"2183814019","2206815832","0.0555556"
"2206815832","2183814019","0.0555556"
"2183814019","2952858462","0.0555556"
"2952858462","2183814019","0.0555556"
"2206815832","2952858462","1.00104"
"2952858462","2206815832","1.00104"
"1578949701","1591701931","0.0769231"
"1591701931","1578949701","0.0769231"
"1578949701","2021385006","0.0769231"
"2021385006","1578949701","0.0769231"
"1578949701","2129371991","0.0769231"
"2129371991","1578949701","0.0769231"
"1578949701","2137646016","0.0769231"
"2137646016","1578949701","0.0769231"
"1578949701","2153231674","0.129555"
"2153231674","1578949701","0.129555"
"1578949701","2160605849","0.0769231"
"2160605849","1578949701","0.0769231"
"1591701931","2101896525","0.201923"
"2101896525","1591701931","0.201923"
"1591701931","2153231674","0.0769231"
"2153231674","1591701931","0.0769231"
"1591701931","2160605849","0.410256"
"2160605849","1591701931","0.410256"
"1591701931","2161970221","0.201923"
"2161970221","1591701931","0.201923"
"1591701931","2168228502","0.201923"
"2168228502","1591701931","0.201923"
"1591701931","2206815832","0.0769231"
"2206815832","1591701931","0.0769231"
"2021385006","2101896525","0.0769231"
"2101896525","2021385006","0.0769231"
"2021385006","2153231674","0.0769231"
"2153231674","2021385006","0.0769231"
"2021385006","2160605849","0.74359"
"2160605849","2021385006","0.74359"
"2021385006","2161970221","0.0769231"
"2161970221","2021385006","0.0769231"
"2021385006","2168228502","0.0769231"
"2168228502","2021385006","0.0769231"
"2021385006","2206815832","0.0769231"
"2206815832","2021385006","0.0769231"
"2065004085","2101896525","0.201923"
"2101896525","2065004085","0.201923"
"2065004085","2153231674","0.0769231"
"2153231674","2065004085","0.0769231"
"2065004085","2160605849","0.576923"
"2160605849","2065004085","0.576923"
"2065004085","2161970221","0.201923"
"2161970221","2065004085","0.201923"
"2065004085","2168228502","0.201923"
"2168228502","2065004085","0.201923"
"2065004085","2206815832","0.0769231"
"2206815832","2065004085","0.0769231"
"2101896525","2105260718","0.201923"
"2105260718","2101896525","0.201923"
"2101896525","2110489138","0.201923"
"2110489138","2101896525","0.201923"
"2101896525","2129371991","0.201923"
"2129371991","2101896525","0.201923"
"2101896525","2137646016","0.0769231"
"2137646016","2101896525","0.0769231"
"2101896525","2153231674","0.396221"
"2153231674","2101896525","0.396221"
"2101896525","2160605849","0.201923"
"2160605849","2101896525","0.201923"
"2105260718","2129371991","0.201923"
"2129371991","2105260718","0.201923"
"2105260718","2153231674","0.0769231"
"2153231674","2105260718","0.0769231"
"2105260718","2160605849","0.576923"
"2160605849","2105260718","0.576923"
"2105260718","2161970221","0.201923"
"2161970221","2105260718","0.201923"
"2105260718","2168228502","0.201923"
"2168228502","2105260718","0.201923"
"2105260718","2206815832","0.0769231"
"2206815832","2105260718","0.0769231"
"2110489138","2153231674","0.0769231"
"2153231674","2110489138","0.0769231"
"2110489138","2160605849","0.0769231"
"2160605849","2110489138","0.0769231"
"2110489138","2161970221","0.201923"
"2161970221","2110489138","0.201923"
"2110489138","2168228502","0.201923"
"2168228502","2110489138","0.201923"
"2110489138","2206815832","0.0769231"
"2206815832","2110489138","0.0769231"
"2129371991","2153231674","0.0769231"
"2153231674","2129371991","0.0769231"
"2129371991","2160605849","0.74359"
"2160605849","2129371991","0.74359"
"2129371991","2161970221","0.201923"
"2161970221","2129371991","0.201923"
"2129371991","2168228502","0.201923"
"2168228502","2129371991","0.201923"
"2129371991","2206815832","0.0769231"
"2206815832","2129371991","0.0769231"
"2137646016","2153231674","0.0769231"
"2153231674","2137646016","0.0769231"
"2137646016","2160605849","0.410256"
"2160605849","2137646016","0.410256"
"2137646016","2161970221","0.0769231"
"2161970221","2137646016","0.0769231"
"2137646016","2168228502","0.0769231"
"2168228502","2137646016","0.0769231"
"2137646016","2206815832","0.0769231"
"2206815832","2137646016","0.0769231"
"2153231674","2160605849","0.0769231"
"2160605849","2153231674","0.0769231"
"2153231674","2161970221","0.396221"
"2161970221","2153231674","0.396221"
"2153231674","2168228502","0.396221"
"2168228502","2153231674","0.396221"
"2153231674","2206815832","9.62241"
"2206815832","2153231674","9.62241"
"2160605849","2161970221","0.24359"
"2161970221","2160605849","0.24359"
"2160605849","2168228502","0.201923"
"2168228502","2160605849","0.201923"
"2160605849","2206815832","0.24359"
"2206815832","2160605849","0.24359"
"1578949701","192462150","0.125"
"192462150","1578949701","0.125"
"192462150","1965392447","0.125"
"1965392447","192462150","0.125"
"192462150","2038687585","0.458333"
"2038687585","192462150","0.458333"
"192462150","2100409033","8.95833"
"2100409033","192462150","8.95833"
"192462150","2101896525","0.625"
"2101896525","192462150","0.625"
"192462150","2136306140","0.125"
"2136306140","192462150","0.125"
"192462150","2149302061","0.125"
"2149302061","192462150","0.125"
"192462150","2161970221","0.791667"
"2161970221","192462150","0.791667"
"1578949701","2061763739","0.0526316"
"2061763739","1578949701","0.0526316"
"1578949701","887315315","0.0526316"
"887315315","1578949701","0.0526316"
"1580751295","2061763739","0.0526316"
"2061763739","1580751295","0.0526316"
"1580751295","2153231674","0.152632"
"2153231674","1580751295","0.152632"
"1580751295","887315315","0.0526316"
"887315315","1580751295","0.0526316"
"1965392447","2061763739","0.0526316"
"2061763739","1965392447","0.0526316"
"1965392447","2153231674","0.152632"
"2153231674","1965392447","0.152632"
"1965392447","887315315","0.0526316"
"887315315","1965392447","0.0526316"
"2038687585","2061763739","0.0526316"
"2061763739","2038687585","0.0526316"
"2038687585","2153231674","0.152632"
"2153231674","2038687585","0.152632"
"2038687585","887315315","0.0526316"
"887315315","2038687585","0.0526316"
"2061763739","2069849087","0.195489"
"2069849087","2061763739","0.195489"
"2061763739","2070589300","0.195489"
"2070589300","2061763739","0.195489"
"2061763739","2092344909","0.0526316"
"2092344909","2061763739","0.0526316"
"2061763739","2100409033","0.0526316"
"2100409033","2061763739","0.0526316"
"2061763739","2101741219","0.0526316"
"2101741219","2061763739","0.0526316"
"2061763739","2101896525","0.0526316"
"2101896525","2061763739","0.0526316"
"2061763739","2129604924","0.0526316"
"2129604924","2061763739","0.0526316"
"2061763739","2136306140","0.195489"
"2136306140","2061763739","0.195489"
"2061763739","2149302061","0.195489"
"2149302061","2061763739","0.195489"
"2061763739","2153231674","0.195489"
"2153231674","2061763739","0.195489"
"2061763739","2161970221","0.0526316"
"2161970221","2061763739","0.0526316"
"2061763739","2168228502","0.0526316"
"2168228502","2061763739","0.0526316"
"2061763739","2206815832","0.195489"
"2206815832","2061763739","0.195489"
"2061763739","2952858462","0.195489"
"2952858462","2061763739","0.195489"
"2061763739","887315315","0.0526316"
"887315315","2061763739","0.0526316"
"2069849087","2153231674","0.795489"
"2153231674","2069849087","0.795489"
"2069849087","887315315","0.219298"
"887315315","2069849087","0.219298"
"2070589300","2153231674","1.44549"
"2153231674","2070589300","1.44549"
"2070589300","887315315","0.219298"
"887315315","2070589300","0.219298"
"2092344909","2153231674","0.152632"
"2153231674","2092344909","0.152632"
"2092344909","887315315","0.0526316"
"887315315","2092344909","0.0526316"
"2100409033","2153231674","0.0526316"
"2153231674","2100409033","0.0526316"
"2100409033","887315315","0.0526316"
"887315315","2100409033","0.0526316"
"2101741219","2153231674","0.0526316"
"2153231674","2101741219","0.0526316"
"2101741219","887315315","0.0526316"
"887315315","2101741219","0.0526316"
"2101896525","887315315","0.0526316"
"887315315","2101896525","0.0526316"
"2129604924","2153231674","0.152632"
"2153231674","2129604924","0.152632"
"2129604924","887315315","0.0526316"
"887315315","2129604924","0.0526316"
"2136306140","2153231674","0.195489"
"2153231674","2136306140","0.195489"
"2136306140","887315315","0.0526316"
"887315315","2136306140","0.0526316"
"2149302061","2153231674","0.195489"
"2153231674","2149302061","0.195489"
"2149302061","887315315","0.0526316"
"887315315","2149302061","0.0526316"
"2153231674","2952858462","0.945489"
"2952858462","2153231674","0.945489"
"2153231674","887315315","0.0526316"
"887315315","2153231674","0.0526316"
"2161970221","887315315","0.219298"
"887315315","2161970221","0.219298"
"2168228502","887315315","0.0526316"
"887315315","2168228502","0.0526316"
"2206815832","887315315","0.219298"
"887315315","2206815832","0.219298"
"2952858462","887315315","0.0526316"
"887315315","2952858462","0.0526316"
"2128343678","2136306140","0.25"
"2136306140","2128343678","0.25"
"2128343678","2149302061","0.25"
"2149302061","2128343678","0.25"
"1580751295","1859583188","0.2"
"1859583188","1580751295","0.2"
"1859583188","2038687585","0.2"
"2038687585","1859583188","0.2"
"1859583188","2129604924","0.2"
"2129604924","1859583188","0.2"
"1859583188","2131776775","0.2"
"2131776775","1859583188","0.2"
"1859583188","2161970221","1.49167"
"2161970221","1859583188","1.49167"
"1580751295","2160605849","0.125"
"2160605849","1580751295","0.125"
"1965392447","2160605849","0.125"
"2160605849","1965392447","0.125"
"2038687585","2160605849","0.125"
"2160605849","2038687585","0.125"
"2129604924","2160605849","0.125"
"2160605849","2129604924","0.125"
"2136306140","2160605849","0.125"
"2160605849","2136306140","0.125"
"2149302061","2160605849","0.125"
"2160605849","2149302061","0.125"
"1588788752","2087575825","1.03333"
"2087575825","1588788752","1.03333"
"1588788752","2101090738","3.53333"
"2101090738","1588788752","3.53333"
"1588788752","2110625774","0.5"
"2110625774","1588788752","0.5"
"1588788752","2118676023","1.33333"
"2118676023","1588788752","1.33333"
"2087575825","2101090738","1.7"
"2101090738","2087575825","1.7"
"2087575825","2110625774","0.5"
"2110625774","2087575825","0.5"
"2087575825","2118676023","1.5"
"2118676023","2087575825","1.5"
"2101090738","2110625774","2.5"
"2110625774","2101090738","2.5"
"2101090738","2118676023","5"
"2118676023","2101090738","5"
"2110625774","2118676023","10"
"2118676023","2110625774","10"
"1588788752","1989703114","0.2"
"1989703114","1588788752","0.2"
"1588788752","2144810924","0.2"
"2144810924","1588788752","0.2"
"1588788752","2171356933","0.2"
"2171356933","1588788752","0.2"
"1989703114","2087575825","0.2"
"2087575825","1989703114","0.2"
"1989703114","2101090738","0.2"
"2101090738","1989703114","0.2"
"1989703114","2144810924","0.342857"
"2144810924","1989703114","0.342857"
"1989703114","2171356933","1.70952"
"2171356933","1989703114","1.70952"
"2087575825","2144810924","0.2"
"2144810924","2087575825","0.2"
"2087575825","2171356933","0.2"
"2171356933","2087575825","0.2"
"2101090738","2144810924","0.2"
"2144810924","2101090738","0.2"
"2101090738","2171356933","0.2"
"2171356933","2101090738","0.2"
"2144810924","2171356933","5.17619"
"2171356933","2144810924","5.17619"
"1588788752","2131776775","0.5"
"2131776775","1588788752","0.5"
"2101090738","2131776775","1"
"2131776775","2101090738","1"
"1588788752","2157370893","0.5"
"2157370893","1588788752","0.5"
"2118676023","2157370893","1.16667"
"2157370893","2118676023","1.16667"
"1591701931","1859583188","1.125"
"1859583188","1591701931","1.125"
"1859583188","2065004085","0.625"
"2065004085","1859583188","0.625"
"1859583188","2101896525","0.125"
"2101896525","1859583188","0.125"
"1859583188","2105260718","0.125"
"2105260718","1859583188","0.125"
"1859583188","2110489138","0.125"
"2110489138","1859583188","0.125"
"1859583188","2129371991","0.125"
"2129371991","1859583188","0.125"
"1859583188","2168228502","0.125"
"2168228502","1859583188","0.125"
"1591701931","2027136463","0.333333"
"2027136463","1591701931","0.333333"
"2027136463","2129371991","0.333333"
"2129371991","2027136463","0.333333"
"2027136463","2137646016","0.333333"
"2137646016","2027136463","0.333333"
"1859583188","2070589300","1.16667"
"2070589300","1859583188","1.16667"
"1859583188","2069849087","0.166667"
"2069849087","1859583188","0.166667"
"1859583188","2160605849","0.166667"
"2160605849","1859583188","0.166667"
"1859583188","2206815832","0.166667"
"2206815832","1859583188","0.166667"
"1859583188","887315315","0.166667"
"887315315","1859583188","0.166667"
"2069849087","2160605849","0.166667"
"2160605849","2069849087","0.166667"
"2070589300","2160605849","0.166667"
"2160605849","2070589300","0.166667"
"2160605849","887315315","0.166667"
"887315315","2160605849","0.166667"
"1859583188","2183814019","0.5"
"2183814019","1859583188","0.5"
"192462150","2131776775","1.5"
"2131776775","192462150","1.5"
"192462150","2076651742","1"
"2076651742","192462150","1"
"192462150","2092344909","0.333333"
"2092344909","192462150","0.333333"
"192462150","2101741219","0.333333"
"2101741219","192462150","0.333333"
"192462150","2168228502","0.5"
"2168228502","192462150","0.5"
"192462150","1989703114","0.142857"
"1989703114","192462150","0.142857"
"192462150","2027136463","0.142857"
"2027136463","192462150","0.142857"
"192462150","2119359534","1.14286"
"2119359534","192462150","1.14286"
"192462150","2140280811","0.142857"
"2140280811","192462150","0.142857"
"192462150","2144810924","0.142857"
"2144810924","192462150","0.142857"
"192462150","2156537287","0.142857"
"2156537287","192462150","0.142857"
"192462150","2171356933","0.142857"
"2171356933","192462150","0.142857"
"1989703114","2027136463","15.2452"
"2027136463","1989703114","15.2452"
"1989703114","2119359534","1.22619"
"2119359534","1989703114","1.22619"
"1989703114","2140280811","2.95952"
"2140280811","1989703114","2.95952"
"1989703114","2156537287","2.50952"
"2156537287","1989703114","2.50952"
"2027136463","2119359534","0.842857"
"2119359534","2027136463","0.842857"
"2027136463","2140280811","3.00952"
"2140280811","2027136463","3.00952"
"2027136463","2144810924","0.142857"
"2144810924","2027136463","0.142857"
"2027136463","2156537287","3.30952"
"2156537287","2027136463","3.30952"
"2027136463","2171356933","0.809524"
"2171356933","2027136463","0.809524"
"2119359534","2140280811","7.72619"
"2140280811","2119359534","7.72619"
"2119359534","2144810924","0.47619"
"2144810924","2119359534","0.47619"
"2119359534","2156537287","0.142857"
"2156537287","2119359534","0.142857"
"2119359534","2171356933","0.142857"
"2171356933","2119359534","0.142857"
"2140280811","2144810924","0.60119"
"2144810924","2140280811","0.60119"
"2140280811","2156537287","3.09286"
"2156537287","2140280811","3.09286"
"2140280811","2171356933","0.67619"
"2171356933","2140280811","0.67619"
"2144810924","2156537287","0.142857"
"2156537287","2144810924","0.142857"
"2156537287","2171356933","0.342857"
"2171356933","2156537287","0.342857"
"192462150","2164867293","1"
"2164867293","192462150","1"
"1988004146","2153512220","4.5"
"2153512220","1988004146","4.5"
"1988004146","2171677905","2.5"
"2171677905","1988004146","2.5"
"2153512220","2171677905","3.5"
"2171677905","2153512220","3.5"
"1988004146","2587940257","1"
"2587940257","1988004146","1"
"1989703114","2107710781","2.61667"
"2107710781","1989703114","2.61667"
"2027136463","2107710781","2.91667"
"2107710781","2027136463","2.91667"
"1989703114","2100414343","1.33333"
"2100414343","1989703114","1.33333"
"1989703114","2116787318","3.9"
"2116787318","1989703114","3.9"
"2116787318","2140280811","2.575"
"2140280811","2116787318","2.575"
"2107710781","2116787318","0.575"
"2116787318","2107710781","0.575"
"2107710781","2140280811","0.658333"
"2140280811","2107710781","0.658333"
"2107710781","2156537287","0.45"
"2156537287","2107710781","0.45"
"2107710781","2171356933","3.2"
"2171356933","2107710781","3.2"
"2116787318","2156537287","3.2"
"2156537287","2116787318","3.2"
"2116787318","2171356933","0.2"
"2171356933","2116787318","0.2"
"1989703114","2111619115","9.22619"
"2111619115","1989703114","9.22619"
"1989703114","2338339375","1.65"
"2338339375","1989703114","1.65"
"2027136463","2116787318","2.4"
"2116787318","2027136463","2.4"
"1989703114","2058724165","1.73571"
"2058724165","1989703114","1.73571"
"1989703114","2107411032","2.28571"
"2107411032","1989703114","2.28571"
"1989703114","2164867293","3.39286"
"2164867293","1989703114","3.39286"
"2027136463","2058724165","3.7119"
"2058724165","2027136463","3.7119"
"2027136463","2107411032","2.28571"
"2107411032","2027136463","2.28571"
"2027136463","2164867293","0.892857"
"2164867293","2027136463","0.892857"
"2058724165","2107411032","0.535714"
"2107411032","2058724165","0.535714"
"2058724165","2164867293","0.392857"
"2164867293","2058724165","0.392857"
"1989703114","2727689452","1.64286"
"2727689452","1989703114","1.64286"
"1989703114","1993952059","0.535714"
"1993952059","1989703114","0.535714"
"1989703114","2567164805","0.583333"
"2567164805","1989703114","0.583333"
"1989703114","2761163030","0.392857"
"2761163030","1989703114","0.392857"
"1993952059","2567164805","4.25"
"2567164805","1993952059","4.25"
"1993952059","2727689452","0.892857"
"2727689452","1993952059","0.892857"
"1993952059","2761163030","0.892857"
"2761163030","1993952059","0.892857"
"2567164805","2727689452","1.58333"
"2727689452","2567164805","1.58333"
"2567164805","2761163030","0.75"
"2761163030","2567164805","0.75"
"2727689452","2761163030","12.8667"
"2761163030","2727689452","12.8667"
"1989703114","2049918412","1"
"2049918412","1989703114","1"
"1989703114","2110625774","0.333333"
"2110625774","1989703114","0.333333"
"2027136463","2110625774","0.333333"
"2110625774","2027136463","0.333333"
"2110625774","2156537287","0.333333"
"2156537287","2110625774","0.333333"
"2027136463","2567164805","0.333333"
"2567164805","2027136463","0.333333"
"2027136463","2111619115","0.72619"
"2111619115","2027136463","0.72619"
"2107411032","2111619115","1.72619"
"2111619115","2107411032","1.72619"
"1989703114","2886992141","1.31667"
"2886992141","1989703114","1.31667"
"2119359534","2886992141","1.03333"
"2886992141","2119359534","1.03333"
"2140280811","2886992141","4.075"
"2886992141","2140280811","4.075"
"2027136463","2886992141","3.1"
"2886992141","2027136463","3.1"
"1989703114","2178926094","0.142857"
"2178926094","1989703114","0.142857"
"1989703114","2503225714","0.142857"
"2503225714","1989703114","0.142857"
"1993952059","2027136463","0.285714"
"2027136463","1993952059","0.285714"
"1993952059","2058724165","0.285714"
"2058724165","1993952059","0.285714"
"1993952059","2107411032","1.28571"
"2107411032","1993952059","1.28571"
"1993952059","2178926094","0.142857"
"2178926094","1993952059","0.142857"
"1993952059","2503225714","0.142857"
"2503225714","1993952059","0.142857"
"2027136463","2178926094","1.61905"
"2178926094","2027136463","1.61905"
"2027136463","2503225714","0.285714"
"2503225714","2027136463","0.285714"
"2027136463","2727689452","2.06905"
"2727689452","2027136463","2.06905"
"2058724165","2178926094","2.95238"
"2178926094","2058724165","2.95238"
"2058724165","2503225714","2.28571"
"2503225714","2058724165","2.28571"
"2058724165","2727689452","4.36905"
"2727689452","2058724165","4.36905"
"2107411032","2178926094","0.342857"
"2178926094","2107411032","0.342857"
"2107411032","2503225714","0.342857"
