"116966600","2072526455","1.77897"
"2072526455","116966600","1.77897"
"116966600","2492064912","0.78422"
"2492064912","116966600","0.78422"
"2072526455","2492064912","0.611111"
"2492064912","2072526455","0.611111"
"116966600","2041258141","0.4"
"2041258141","116966600","0.4"
"116966600","2086215390","0.714286"
"2086215390","116966600","0.714286"
"116966600","2090981520","6.67897"
"2090981520","116966600","6.67897"
"2041258141","2086215390","0.333333"
"2086215390","2041258141","0.333333"
"2041258141","2090981520","1.48333"
"2090981520","2041258141","1.48333"
"2086215390","2090981520","0.333333"
"2090981520","2086215390","0.333333"
"116966600","1524941213","0.135747"
"1524941213","116966600","0.135747"
"116966600","1527911441","0.294477"
"1527911441","116966600","0.294477"
"116966600","1529546211","0.216399"
"1529546211","116966600","0.216399"
"116966600","1542048163","0.246858"
"1542048163","116966600","0.246858"
"116966600","1974763041","0.830685"
"1974763041","116966600","0.830685"
"116966600","1978907960","0.12549"
"1978907960","116966600","0.12549"
"116966600","1999241480","0.32549"
"1999241480","116966600","0.32549"
"116966600","2006330836","0.246858"
"2006330836","116966600","0.246858"
"116966600","2064174252","2.17427"
"2064174252","116966600","2.17427"
"116966600","2098562708","0.840941"
"2098562708","116966600","0.840941"
"116966600","2103666359","0.197352"
"2103666359","116966600","0.197352"
"116966600","2127813036","0.135747"
"2127813036","116966600","0.135747"
"116966600","2143533311","0.183366"
"2143533311","116966600","0.183366"
"116966600","2611948381","1.30761"
"2611948381","116966600","1.30761"
"116966600","7644393","0.766699"
"7644393","116966600","0.766699"
"116966600","897835559","0.550887"
"897835559","116966600","0.550887"
"1524941213","1527911441","1.9347"
"1527911441","1524941213","1.9347"
"1524941213","1529546211","0.0588235"
"1529546211","1524941213","0.0588235"
"1524941213","1542048163","3.86089"
"1542048163","1524941213","3.86089"
"1524941213","1974763041","0.231092"
"1974763041","1524941213","0.231092"
"1524941213","1978907960","0.0588235"
"1978907960","1524941213","0.0588235"
"1524941213","1999241480","0.0882353"
"1999241480","1524941213","0.0882353"
"1524941213","2006330836","1.49646"
"2006330836","1524941213","1.49646"
"1524941213","2064174252","0.19457"
"2064174252","1524941213","0.19457"
"1524941213","2098562708","0.408016"
"2098562708","1524941213","0.408016"
"1524941213","2103666359","0.347059"
"2103666359","1524941213","0.347059"
"1524941213","2127813036","2.23589"
"2127813036","1524941213","2.23589"
"1524941213","2143533311","0.566839"
"2143533311","1524941213","0.566839"
"1524941213","2492064912","0.497059"
"2492064912","1524941213","0.497059"
"1524941213","2611948381","0.666839"
"2611948381","1524941213","0.666839"
"1524941213","7644393","0.850873"
"7644393","1524941213","0.850873"
"1524941213","897835559","0.572059"
"897835559","1524941213","0.572059"
"1527911441","1529546211","0.213585"
"1529546211","1527911441","0.213585"
"1527911441","1542048163","3.072"
"1542048163","1527911441","3.072"
"1527911441","1974763041","2.13347"
"1974763041","1527911441","2.13347"
"1527911441","1978907960","0.0588235"
"1978907960","1527911441","0.0588235"
"1527911441","1999241480","0.592997"
"1999241480","1527911441","0.592997"
"1527911441","2006330836","1.72424"
"2006330836","1527911441","1.72424"
"1527911441","2064174252","0.242189"
"2064174252","1527911441","0.242189"
"1527911441","2098562708","0.312777"
"2098562708","1527911441","0.312777"
"1527911441","2103666359","0.466106"
"2103666359","1527911441","0.466106"
"1527911441","2127813036","1.3097"
"2127813036","1527911441","1.3097"
"1527911441","2143533311","0.935887"
"2143533311","1527911441","0.935887"
"1527911441","2492064912","0.405789"
"2492064912","1527911441","0.405789"
"1527911441","2611948381","1.30255"
"2611948381","1527911441","1.30255"
"1527911441","7644393","0.805635"
"7644393","1527911441","0.805635"
"1527911441","897835559","3.35698"
"897835559","1527911441","3.35698"
"1529546211","1542048163","0.142157"
"1542048163","1529546211","0.142157"
"1529546211","1974763041","3.24735"
"1974763041","1529546211","3.24735"
"1529546211","1978907960","1.42549"
"1978907960","1529546211","1.42549"
"1529546211","1999241480","0.523109"
"1999241480","1529546211","0.523109"
"1529546211","2006330836","0.0588235"
"2006330836","1529546211","0.0588235"
"1529546211","2064174252","0.249733"
"2064174252","1529546211","0.249733"
"1529546211","2098562708","0.249733"
"2098562708","1529546211","0.249733"
"1529546211","2103666359","0.321161"
"2103666359","1529546211","0.321161"
"1529546211","2127813036","0.0588235"
"2127813036","1529546211","0.0588235"
"1529546211","2143533311","0.130252"
"2143533311","1529546211","0.130252"
"1529546211","2492064912","0.12549"
"2492064912","1529546211","0.12549"
"1529546211","2611948381","0.287828"
"2611948381","1529546211","0.287828"
"1529546211","7644393","0.12549"
"7644393","1529546211","0.12549"
"1529546211","897835559","0.47549"
"897835559","1529546211","0.47549"
"1542048163","1974763041","0.314426"
"1974763041","1542048163","0.314426"
"1542048163","1978907960","0.0588235"
"1978907960","1542048163","0.0588235"
"1542048163","1999241480","0.171569"
"1999241480","1542048163","0.171569"
"1542048163","2006330836","2.1171"
"2006330836","1542048163","2.1171"
"1542048163","2064174252","0.19457"
"2064174252","1542048163","0.19457"
"1542048163","2098562708","0.408016"
"2098562708","1542048163","0.408016"
"1542048163","2103666359","0.347059"
"2103666359","1542048163","0.347059"
"1542048163","2127813036","2.23589"
"2127813036","1542048163","2.23589"
"1542048163","2143533311","0.566839"
"2143533311","1542048163","0.566839"
"1542048163","2492064912","0.60817"
"2492064912","1542048163","0.60817"
"1542048163","2611948381","0.466839"
"2611948381","1542048163","0.466839"
"1542048163","7644393","0.850873"
"7644393","1542048163","0.850873"
"1542048163","897835559","2.17603"
"897835559","1542048163","2.17603"
"1974763041","1978907960","2.42549"
"1978907960","1974763041","2.42549"
"1974763041","1999241480","0.552521"
"1999241480","1974763041","0.552521"
"1974763041","2006330836","0.0588235"
"2006330836","1974763041","0.0588235"
"1974763041","2064174252","0.364018"
"2064174252","1974763041","0.364018"
"1974763041","2098562708","0.39343"
"2098562708","1974763041","0.39343"
"1974763041","2103666359","0.398192"
"2103666359","1974763041","0.398192"
"1974763041","2127813036","0.231092"
"2127813036","1974763041","0.231092"
"1974763041","2143533311","0.207283"
"2143533311","1974763041","0.207283"
"1974763041","2492064912","0.202521"
"2492064912","1974763041","0.202521"
"1974763041","2611948381","0.774382"
"2611948381","1974763041","0.774382"
"1974763041","7644393","0.269188"
"7644393","1974763041","0.269188"
"1974763041","897835559","0.752521"
"897835559","1974763041","0.752521"
"1978907960","1999241480","0.12549"
"1999241480","1978907960","0.12549"
"1978907960","2006330836","0.0588235"
"2006330836","1978907960","0.0588235"
"1978907960","2064174252","0.0588235"
"2064174252","1978907960","0.0588235"
"1978907960","2098562708","0.158824"
"2098562708","1978907960","0.158824"
"1978907960","2103666359","0.158824"
"2103666359","1978907960","0.158824"
"1978907960","2127813036","0.0588235"
"2127813036","1978907960","0.0588235"
"1978907960","2143533311","0.0588235"
"2143533311","1978907960","0.0588235"
"1978907960","2492064912","0.12549"
"2492064912","1978907960","0.12549"
"1978907960","2611948381","0.458824"
"2611948381","1978907960","0.458824"
"1978907960","7644393","0.12549"
"7644393","1978907960","0.12549"
"1978907960","897835559","0.392157"
"897835559","1978907960","0.392157"
"1999241480","2006330836","0.0588235"
"2006330836","1999241480","0.0588235"
"1999241480","2064174252","0.158824"
"2064174252","1999241480","0.158824"
"1999241480","2098562708","0.0882353"
"2098562708","1999241480","0.0882353"
"1999241480","2103666359","0.159664"
"2103666359","1999241480","0.159664"
"1999241480","2127813036","0.0882353"
"2127813036","1999241480","0.0882353"
"1999241480","2143533311","0.159664"
"2143533311","1999241480","0.159664"
"1999241480","2492064912","0.297759"
"2492064912","1999241480","0.297759"
"1999241480","2611948381","5.68704"
"2611948381","1999241480","5.68704"
"1999241480","7644393","0.154902"
"7644393","1999241480","0.154902"
"1999241480","897835559","2.41443"
"897835559","1999241480","2.41443"
"2006330836","2064174252","0.135747"
"2064174252","2006330836","0.135747"
"2006330836","2098562708","0.278604"
"2098562708","2006330836","0.278604"
"2006330836","2103666359","0.158824"
"2103666359","2006330836","0.158824"
"2006330836","2127813036","1.37146"
"2127813036","2006330836","1.37146"
"2006330836","2143533311","0.378604"
"2143533311","2006330836","0.378604"
"2006330836","2492064912","0.519935"
"2492064912","2006330836","0.519935"
"2006330836","2611948381","0.235747"
"2611948381","2006330836","0.235747"
"2006330836","7644393","0.521461"
"7644393","2006330836","0.521461"
"2006330836","897835559","0.804458"
"897835559","2006330836","0.804458"
"2064174252","2098562708","3.2338"
"2098562708","2064174252","3.2338"
"2064174252","2103666359","0.399032"
"2103666359","2064174252","0.399032"
"2064174252","2127813036","0.19457"
"2127813036","2064174252","0.19457"
"2064174252","2143533311","0.575523"
"2143533311","2064174252","0.575523"
"2064174252","2492064912","0.165266"
"2492064912","2064174252","0.165266"
"2064174252","2611948381","1.39976"
"2611948381","2064174252","1.39976"
"2064174252","7644393","0.833366"
"7644393","2064174252","0.833366"
"2064174252","897835559","0.165266"
"897835559","2064174252","0.165266"
"2098562708","2103666359","0.569621"
"2103666359","2098562708","0.569621"
"2098562708","2127813036","0.408016"
"2127813036","2098562708","0.408016"
"2098562708","2143533311","1.81278"
"2143533311","2098562708","1.81278"
"2098562708","2492064912","0.135854"
"2492064912","2098562708","0.135854"
"2098562708","2611948381","1.87035"
"2611948381","2098562708","1.87035"
"2098562708","7644393","2.60563"
"7644393","2098562708","2.60563"
"2098562708","897835559","0.235854"
"897835559","2098562708","0.235854"
"2103666359","2127813036","0.347059"
"2127813036","2103666359","0.347059"
"2103666359","2143533311","0.366106"
"2143533311","2103666359","0.366106"
"2103666359","2492064912","0.794678"
"2492064912","2103666359","0.794678"
"2103666359","2611948381","0.857016"
"2611948381","2103666359","0.857016"
"2103666359","7644393","0.235854"
"7644393","2103666359","0.235854"
"2103666359","897835559","0.394678"
"897835559","2103666359","0.394678"
"2127813036","2143533311","0.566839"
"2143533311","2127813036","0.566839"
"2127813036","2492064912","0.497059"
"2492064912","2127813036","0.497059"
"2127813036","2611948381","0.466839"
"2611948381","2127813036","0.466839"
"2127813036","7644393","0.850873"
"7644393","2127813036","0.850873"
"2127813036","897835559","0.447059"
"897835559","2127813036","0.447059"
"2143533311","2492064912","0.194678"
"2492064912","2143533311","0.194678"
"2143533311","2611948381","2.25414"
"2611948381","2143533311","2.25414"
"2143533311","7644393","65.9084"
"7644393","2143533311","65.9084"
"2143533311","897835559","0.505789"
"897835559","2143533311","0.505789"
"2492064912","2611948381","2.9042"
"2611948381","2492064912","2.9042"
"2492064912","7644393","0.785854"
"7644393","2492064912","0.785854"
"2492064912","897835559","0.405789"
"897835559","2492064912","0.405789"
"2611948381","7644393","1.45722"
"7644393","2611948381","1.45722"
"2611948381","897835559","2.38198"
"897835559","2611948381","2.38198"
"7644393","897835559","0.446965"
"897835559","7644393","0.446965"
"116966600","1600145806","1.70788"
"1600145806","116966600","1.70788"
"116966600","1659515765","8.3421"
"1659515765","116966600","8.3421"
"116966600","2119929398","3.74167"
"2119929398","116966600","3.74167"
"1600145806","1659515765","1.03333"
"1659515765","1600145806","1.03333"
"1600145806","2119929398","0.583333"
"2119929398","1600145806","0.583333"
"1600145806","2611948381","1.79611"
"2611948381","1600145806","1.79611"
"1600145806","7644393","5.34681"
"7644393","1600145806","5.34681"
"1659515765","2119929398","1.975"
"2119929398","1659515765","1.975"
"1659515765","2611948381","0.290909"
"2611948381","1659515765","0.290909"
"1659515765","7644393","1.03333"
"7644393","1659515765","1.03333"
"2119929398","2611948381","0.333333"
"2611948381","2119929398","0.333333"
"2119929398","7644393","0.583333"
"7644393","2119929398","0.583333"
"1600145806","2090981520","0.566667"
"2090981520","1600145806","0.566667"
"2090981520","2119929398","1.84167"
"2119929398","2090981520","1.84167"
"2090981520","7644393","0.566667"
"7644393","2090981520","0.566667"
"116966600","2003092111","2.34444"
"2003092111","116966600","2.34444"
"116966600","2106764995","0.0666667"
"2106764995","116966600","0.0666667"
"116966600","2121522797","0.348785"
"2121522797","116966600","0.348785"
"116966600","2156992623","0.0666667"
"2156992623","116966600","0.0666667"
"116966600","885707439","0.133333"
"885707439","116966600","0.133333"
"1600145806","1974763041","0.210364"
"1974763041","1600145806","0.210364"
"1600145806","2003092111","0.316667"
"2003092111","1600145806","0.316667"
"1600145806","2041258141","0.316667"
"2041258141","1600145806","0.316667"
"1600145806","2064174252","0.500032"
"2064174252","1600145806","0.500032"
"1600145806","2072526455","0.0666667"
"2072526455","1600145806","0.0666667"
"1600145806","2098562708","1.54681"
"2098562708","1600145806","1.54681"
"1600145806","2106764995","0.12549"
"2106764995","1600145806","0.12549"
"1600145806","2121522797","0.287287"
"2121522797","1600145806","0.287287"
"1600145806","2156992623","0.0666667"
"2156992623","1600145806","0.0666667"
"1600145806","885707439","0.133333"
"885707439","1600145806","0.133333"
"1974763041","2003092111","0.166667"
"2003092111","1974763041","0.166667"
"1974763041","2041258141","0.0666667"
"2041258141","1974763041","0.0666667"
"1974763041","2072526455","0.0666667"
"2072526455","1974763041","0.0666667"
"1974763041","2090981520","0.0666667"
"2090981520","1974763041","0.0666667"
"1974763041","2106764995","0.0666667"
"2106764995","1974763041","0.0666667"
"1974763041","2119929398","0.133333"
"2119929398","1974763041","0.133333"
"1974763041","2121522797","0.472702"
"2121522797","1974763041","0.472702"
"1974763041","2156992623","0.0666667"
"2156992623","1974763041","0.0666667"
"1974763041","885707439","0.466667"
"885707439","1974763041","0.466667"
"2003092111","2041258141","0.816667"
"2041258141","2003092111","0.816667"
"2003092111","2064174252","0.166667"
"2064174252","2003092111","0.166667"
"2003092111","2072526455","0.177778"
"2072526455","2003092111","0.177778"
"2003092111","2090981520","0.844444"
"2090981520","2003092111","0.844444"
"2003092111","2098562708","0.0666667"
"2098562708","2003092111","0.0666667"
"2003092111","2106764995","0.0666667"
"2106764995","2003092111","0.0666667"
"2003092111","2119929398","0.0666667"
"2119929398","2003092111","0.0666667"
"2003092111","2121522797","0.166667"
"2121522797","2003092111","0.166667"
"2003092111","2156992623","0.0666667"
"2156992623","2003092111","0.0666667"
"2003092111","2611948381","0.0666667"
"2611948381","2003092111","0.0666667"
"2003092111","7644393","0.316667"
"7644393","2003092111","0.316667"
"2003092111","885707439","0.0666667"
"885707439","2003092111","0.0666667"
"2041258141","2064174252","0.0666667"
"2064174252","2041258141","0.0666667"
"2041258141","2072526455","0.0666667"
"2072526455","2041258141","0.0666667"
"2041258141","2098562708","0.0666667"
"2098562708","2041258141","0.0666667"
"2041258141","2106764995","1.01667"
"2106764995","2041258141","1.01667"
"2041258141","2119929398","0.0666667"
"2119929398","2041258141","0.0666667"
"2041258141","2121522797","0.0666667"
"2121522797","2041258141","0.0666667"
"2041258141","2156992623","1.15"
"2156992623","2041258141","1.15"
"2041258141","2611948381","0.0666667"
"2611948381","2041258141","0.0666667"
"2041258141","7644393","0.316667"
"7644393","2041258141","0.316667"
"2041258141","885707439","0.0666667"
"885707439","2041258141","0.0666667"
"2064174252","2072526455","0.0666667"
"2072526455","2064174252","0.0666667"
"2064174252","2090981520","0.316667"
"2090981520","2064174252","0.316667"
"2064174252","2106764995","0.12549"
"2106764995","2064174252","0.12549"
"2064174252","2119929398","0.0666667"
"2119929398","2064174252","0.0666667"
"2064174252","2121522797","0.382118"
"2121522797","2064174252","0.382118"
"2064174252","2156992623","0.0666667"
"2156992623","2064174252","0.0666667"
"2064174252","885707439","0.0666667"
"885707439","2064174252","0.0666667"
"2072526455","2090981520","5.14564"
"2090981520","2072526455","5.14564"
"2072526455","2098562708","0.0666667"
"2098562708","2072526455","0.0666667"
"2072526455","2106764995","0.0666667"
"2106764995","2072526455","0.0666667"
"2072526455","2119929398","0.358333"
"2119929398","2072526455","0.358333"
"2072526455","2121522797","0.0666667"
"2121522797","2072526455","0.0666667"
"2072526455","2156992623","0.0666667"
"2156992623","2072526455","0.0666667"
"2072526455","2611948381","0.0666667"
"2611948381","2072526455","0.0666667"
"2072526455","7644393","0.0666667"
"7644393","2072526455","0.0666667"
"2072526455","885707439","0.0666667"
"885707439","2072526455","0.0666667"
"2090981520","2098562708","0.316667"
"2098562708","2090981520","0.316667"
"2090981520","2106764995","0.65"
"2106764995","2090981520","0.65"
"2090981520","2121522797","0.0666667"
"2121522797","2090981520","0.0666667"
"2090981520","2156992623","0.983333"
"2156992623","2090981520","0.983333"
"2090981520","2611948381","0.266667"
"2611948381","2090981520","0.266667"
"2090981520","885707439","0.316667"
"885707439","2090981520","0.316667"
"2098562708","2106764995","0.0666667"
"2106764995","2098562708","0.0666667"
"2098562708","2119929398","0.0666667"
"2119929398","2098562708","0.0666667"
"2098562708","2121522797","0.31153"
"2121522797","2098562708","0.31153"
"2098562708","2156992623","0.0666667"
"2156992623","2098562708","0.0666667"
"2098562708","885707439","0.0666667"
"885707439","2098562708","0.0666667"
"2106764995","2119929398","0.0666667"
"2119929398","2106764995","0.0666667"
"2106764995","2121522797","0.0666667"
"2121522797","2106764995","0.0666667"
"2106764995","2156992623","5.15"
"2156992623","2106764995","5.15"
"2106764995","2611948381","0.12549"
"2611948381","2106764995","0.12549"
"2106764995","7644393","0.0666667"
"7644393","2106764995","0.0666667"
"2106764995","885707439","0.0666667"
"885707439","2106764995","0.0666667"
"2119929398","2121522797","0.133333"
"2121522797","2119929398","0.133333"
"2119929398","2156992623","0.0666667"
"2156992623","2119929398","0.0666667"
"2119929398","885707439","0.133333"
"885707439","2119929398","0.133333"
"2121522797","2156992623","0.0666667"
"2156992623","2121522797","0.0666667"
"2121522797","2611948381","4.26629"
"2611948381","2121522797","4.26629"
"2121522797","7644393","0.287287"
"7644393","2121522797","0.287287"
"2121522797","885707439","0.133333"
"885707439","2121522797","0.133333"
"2156992623","2611948381","0.0666667"
"2611948381","2156992623","0.0666667"
"2156992623","7644393","0.0666667"
"7644393","2156992623","0.0666667"
"2156992623","885707439","0.0666667"
"885707439","2156992623","0.0666667"
"2611948381","885707439","0.133333"
"885707439","2611948381","0.133333"
"7644393","885707439","0.133333"
"885707439","7644393","0.133333"
"116966600","1582697259","3.95788"
"1582697259","116966600","3.95788"
"1582697259","1659515765","1.33333"
"1659515765","1582697259","1.33333"
"1582697259","2064174252","0.957875"
"2064174252","1582697259","0.957875"
"1659515765","2064174252","0.424242"
"2064174252","1659515765","0.424242"
"116966600","1497775564","0.267857"
"1497775564","116966600","0.267857"
"116966600","1648571543","2.05119"
"1648571543","116966600","2.05119"
"116966600","2082731470","2.38452"
"2082731470","116966600","2.38452"
"116966600","2341384656","0.434524"
"2341384656","116966600","0.434524"
"1497775564","1648571543","0.80119"
"1648571543","1497775564","0.80119"
"1497775564","1659515765","1.13452"
"1659515765","1497775564","1.13452"
"1497775564","2072526455","1.30119"
"2072526455","1497775564","1.30119"
"1497775564","2082731470","0.467857"
"2082731470","1497775564","0.467857"
"1497775564","2090981520","1.13452"
"2090981520","1497775564","1.13452"
"1497775564","2341384656","0.267857"
"2341384656","1497775564","0.267857"
"1648571543","1659515765","12.4512"
"1659515765","1648571543","12.4512"
"1648571543","2072526455","1.80119"
"2072526455","1648571543","1.80119"
"1648571543","2082731470","27.7012"
"2082731470","1648571543","27.7012"
"1648571543","2090981520","8.70119"
"2090981520","1648571543","8.70119"
"1648571543","2341384656","0.634524"
"2341384656","1648571543","0.634524"
"1659515765","2072526455","2.46786"
"2072526455","1659515765","2.46786"
"1659515765","2082731470","10.3679"
"2082731470","1659515765","10.3679"
"1659515765","2090981520","28.2845"
"2090981520","1659515765","28.2845"
"1659515765","2341384656","0.634524"
"2341384656","1659515765","0.634524"
"2072526455","2082731470","1.80119"
"2082731470","2072526455","1.80119"
"2072526455","2341384656","0.434524"
"2341384656","2072526455","0.434524"
"2082731470","2090981520","7.61786"
"2090981520","2082731470","7.61786"
"2082731470","2341384656","0.634524"
"2341384656","2082731470","0.634524"
"2090981520","2341384656","0.634524"
"2341384656","2090981520","0.634524"
"1648571543","2119929398","1.44167"
"2119929398","1648571543","1.44167"
"2082731470","2119929398","1.775"
"2119929398","2082731470","1.775"
"2082731470","897835559","0.333333"
"897835559","2082731470","0.333333"
"2119929398","897835559","0.333333"
"897835559","2119929398","0.333333"
"116966600","1549560606","0.333333"
"1549560606","116966600","0.333333"
"1549560606","2003092111","0.333333"
"2003092111","1549560606","0.333333"
"1549560606","2086215390","0.333333"
"2086215390","1549560606","0.333333"
"2003092111","2086215390","0.433333"
"2086215390","2003092111","0.433333"
"116966600","2123486382","0.290909"
"2123486382","116966600","0.290909"
"116966600","2610729246","0.247619"
"2610729246","116966600","0.247619"
"1999241480","2090981520","0.533333"
"2090981520","1999241480","0.533333"
"1999241480","2123486382","3.24013"
"2123486382","1999241480","3.24013"
"1999241480","2610729246","3.92738"
"2610729246","1999241480","3.92738"
"2090981520","2123486382","0.2"
"2123486382","2090981520","0.2"
"2090981520","2610729246","0.2"
"2610729246","2090981520","0.2"
"2123486382","2610729246","1.01786"
"2610729246","2123486382","1.01786"
"2123486382","2611948381","3.06437"
"2611948381","2123486382","3.06437"
"2610729246","2611948381","1.76548"
"2611948381","2610729246","1.76548"
"1524941213","1582697259","0.853114"
"1582697259","1524941213","0.853114"
"1524941213","1600145806","0.608016"
"1600145806","1524941213","0.608016"
"1524941213","2121522797","0.106335"
"2121522797","1524941213","0.106335"
"1527911441","1582697259","0.674542"
"1582697259","1527911441","0.674542"
"1527911441","1600145806","0.562777"
"1600145806","1527911441","0.562777"
"1527911441","2121522797","0.325382"
"2121522797","1527911441","0.325382"
"1542048163","1582697259","0.953114"
"1582697259","1542048163","0.953114"
"1542048163","1600145806","0.608016"
"1600145806","1542048163","0.608016"
"1542048163","2121522797","0.106335"
"2121522797","1542048163","0.106335"
"1582697259","1600145806","0.467399"
"1600145806","1582697259","0.467399"
"1582697259","2006330836","0.31978"
"2006330836","1582697259","0.31978"
"1582697259","2098562708","0.767399"
"2098562708","1582697259","0.767399"
"1582697259","2121522797","0.524542"
"2121522797","1582697259","0.524542"
"1582697259","2127813036","0.853114"
"2127813036","1582697259","0.853114"
"1582697259","2143533311","5.91899"
"2143533311","1582697259","5.91899"
"1582697259","2611948381","1.36899"
"2611948381","1582697259","1.36899"
"1582697259","7644393","4.26184"
"7644393","1582697259","4.26184"
"1600145806","2006330836","0.21978"
"2006330836","1600145806","0.21978"
"1600145806","2127813036","0.608016"
"2127813036","1600145806","0.608016"
"1600145806","2143533311","1.31278"
"2143533311","1600145806","1.31278"
"2006330836","2121522797","0.0769231"
"2121522797","2006330836","0.0769231"
"2121522797","2127813036","0.106335"
"2127813036","2121522797","0.106335"
"2121522797","2143533311","0.225382"
"2143533311","2121522797","0.225382"
"1659515765","2003092111","2.16667"
"2003092111","1659515765","2.16667"
"1497775564","2119929398","0.125"
"2119929398","1497775564","0.125"
"2119929398","2341384656","0.325"
"2341384656","2119929398","0.325"
"116966600","2043857376","0.138528"
"2043857376","116966600","0.138528"
"116966600","2414534987","0.0909091"
"2414534987","116966600","0.0909091"
"1529546211","1659515765","0.0909091"
"1659515765","1529546211","0.0909091"
"1529546211","2043857376","0.274242"
"2043857376","1529546211","0.274242"
"1529546211","2121522797","0.329004"
"2121522797","1529546211","0.329004"
"1529546211","2123486382","0.190909"
"2123486382","1529546211","0.190909"
"1529546211","2414534987","0.388528"
"2414534987","1529546211","0.388528"
"1659515765","1974763041","0.0909091"
"1974763041","1659515765","0.0909091"
"1659515765","2043857376","0.0909091"
"2043857376","1659515765","0.0909091"
"1659515765","2098562708","0.0909091"
"2098562708","1659515765","0.0909091"
"1659515765","2103666359","0.0909091"
"2103666359","1659515765","0.0909091"
"1659515765","2121522797","0.0909091"
"2121522797","1659515765","0.0909091"
"1659515765","2123486382","0.0909091"
"2123486382","1659515765","0.0909091"
"1659515765","2414534987","0.0909091"
"2414534987","1659515765","0.0909091"
"1974763041","2043857376","0.351273"
"2043857376","1974763041","0.351273"
"1974763041","2123486382","0.220321"
"2123486382","1974763041","0.220321"
"1974763041","2414534987","0.388528"
"2414534987","1974763041","0.388528"
"2043857376","2064174252","0.440209"
"2064174252","2043857376","0.440209"
"2043857376","2098562708","0.74413"
"2098562708","2043857376","0.74413"
"2043857376","2103666359","1.46962"
"2103666359","2043857376","1.46962"
"2043857376","2121522797","0.26794"
"2121522797","2043857376","0.26794"
"2043857376","2123486382","0.363178"
"2123486382","2043857376","0.363178"
"2043857376","2414534987","0.174242"
"2414534987","2043857376","0.174242"
"2043857376","2611948381","0.369621"
"2611948381","2043857376","0.369621"
"2064174252","2123486382","0.190909"
"2123486382","2064174252","0.190909"
"2064174252","2414534987","0.0909091"
"2414534987","2064174252","0.0909091"
"2098562708","2123486382","0.120321"
"2123486382","2098562708","0.120321"
"2098562708","2414534987","0.0909091"
"2414534987","2098562708","0.0909091"
"2103666359","2121522797","0.239368"
"2121522797","2103666359","0.239368"
"2103666359","2123486382","0.120321"
"2123486382","2103666359","0.120321"
"2103666359","2414534987","0.162338"
"2414534987","2103666359","0.162338"
"2121522797","2123486382","1.35365"
"2123486382","2121522797","1.35365"
"2121522797","2414534987","0.912338"
"2414534987","2121522797","0.912338"
"2123486382","2414534987","0.808766"
"2414534987","2123486382","0.808766"
"2414534987","2611948381","3.73019"
"2611948381","2414534987","3.73019"
"116966600","1502792772","0.15873"
"1502792772","116966600","0.15873"
"1502792772","1527911441","0.780999"
"1527911441","1502792772","0.780999"
"1502792772","1542048163","1.06671"
"1542048163","1502792772","1.06671"
"1502792772","2003092111","0.111111"
"2003092111","1502792772","0.111111"
"1502792772","2006330836","0.620635"
"2006330836","1502792772","0.620635"
"1502792772","2072526455","0.111111"
"2072526455","1502792772","0.111111"
"1502792772","2090981520","0.111111"
"2090981520","1502792772","0.111111"
"1502792772","2492064912","0.521475"
"2492064912","1502792772","0.521475"
"1502792772","897835559","0.69211"
"897835559","1502792772","0.69211"
"1527911441","2003092111","0.111111"
"2003092111","1527911441","0.111111"
"1527911441","2072526455","0.111111"
"2072526455","1527911441","0.111111"
"1527911441","2090981520","0.111111"
"2090981520","1527911441","0.111111"
"1542048163","2003092111","0.111111"
"2003092111","1542048163","0.111111"
"1542048163","2072526455","0.111111"
"2072526455","1542048163","0.111111"
"1542048163","2090981520","0.111111"
"2090981520","1542048163","0.111111"
"2003092111","2006330836","0.111111"
"2006330836","2003092111","0.111111"
"2003092111","2492064912","0.694444"
"2492064912","2003092111","0.694444"
"2003092111","897835559","0.111111"
"897835559","2003092111","0.111111"
"2006330836","2072526455","0.111111"
"2072526455","2006330836","0.111111"
"2006330836","2090981520","0.111111"
"2090981520","2006330836","0.111111"
"2072526455","897835559","0.111111"
"897835559","2072526455","0.111111"
"2090981520","2492064912","0.444444"
"2492064912","2090981520","0.444444"
"2090981520","897835559","0.111111"
"897835559","2090981520","0.111111"
"116966600","2320309983","0.5"
"2320309983","116966600","0.5"
"1974763041","2320309983","0.5"
"2320309983","1974763041","0.5"
"116966600","1568034108","0.047619"
"1568034108","116966600","0.047619"
"116966600","2127822499","0.114286"
"2127822499","116966600","0.114286"
"116966600","2576320836","0.047619"
"2576320836","116966600","0.047619"
"116966600","2910966826","0.047619"
"2910966826","116966600","0.047619"
"1502792772","1568034108","1.45873"
"1568034108","1502792772","1.45873"
"1502792772","1582697259","0.95873"
"1582697259","1502792772","0.95873"
"1502792772","1600145806","0.0770308"
"1600145806","1502792772","0.0770308"
"1502792772","1974763041","0.160364"
"1974763041","1502792772","0.160364"
"1502792772","2043857376","0.160364"
"2043857376","1502792772","0.160364"
"1502792772","2064174252","0.047619"
"2064174252","1502792772","0.047619"
"1502792772","2086215390","0.15873"
"2086215390","1502792772","0.15873"
"1502792772","2098562708","0.0770308"
"2098562708","1502792772","0.0770308"
"1502792772","2103666359","0.0770308"
"2103666359","1502792772","0.0770308"
"1502792772","2121522797","0.377031"
"2121522797","1502792772","0.377031"
"1502792772","2127822499","1.631"
"2127822499","1502792772","1.631"
"1502792772","2143533311","0.188142"
"2143533311","1502792772","0.188142"
"1502792772","2576320836","0.0770308"
"2576320836","1502792772","0.0770308"
"1502792772","2610729246","0.130952"
"2610729246","1502792772","0.130952"
"1502792772","2611948381","0.288142"
"2611948381","1502792772","0.288142"
"1502792772","2910966826","0.0770308"
"2910966826","1502792772","0.0770308"
"1502792772","7644393","0.188142"
"7644393","1502792772","0.188142"
"1527911441","1568034108","0.380952"
"1568034108","1527911441","0.380952"
"1527911441","2043857376","0.319188"
"2043857376","1527911441","0.319188"
"1527911441","2086215390","0.356443"
"2086215390","1527911441","0.356443"
"1527911441","2127822499","0.753221"
"2127822499","1527911441","0.753221"
"1527911441","2576320836","0.135854"
"2576320836","1527911441","0.135854"
"1527911441","2610729246","0.230952"
"2610729246","1527911441","0.230952"
"1527911441","2910966826","0.491317"
"2910966826","1527911441","0.491317"
"1568034108","1582697259","0.792063"
"1582697259","1568034108","0.792063"
"1568034108","1600145806","0.047619"
"1600145806","1568034108","0.047619"
"1568034108","1974763041","1.91429"
"1974763041","1568034108","1.91429"
"1568034108","2043857376","0.190476"
"2043857376","1568034108","0.190476"
"1568034108","2064174252","0.190476"
"2064174252","1568034108","0.190476"
"1568034108","2086215390","0.15873"
"2086215390","1568034108","0.15873"
"1568034108","2098562708","0.190476"
"2098562708","1568034108","0.190476"
"1568034108","2103666359","0.190476"
"2103666359","1568034108","0.190476"
"1568034108","2121522797","0.797619"
"2121522797","1568034108","0.797619"
"1568034108","2127822499","0.25873"
"2127822499","1568034108","0.25873"
"1568034108","2143533311","0.15873"
"2143533311","1568034108","0.15873"
"1568034108","2492064912","0.047619"
"2492064912","1568034108","0.047619"
"1568034108","2576320836","0.047619"
"2576320836","1568034108","0.047619"
"1568034108","2610729246","0.047619"
"2610729246","1568034108","0.047619"
"1568034108","2611948381","1.0754"
"2611948381","1568034108","1.0754"
"1568034108","2910966826","0.414286"
"2910966826","1568034108","0.414286"
"1568034108","7644393","0.15873"
"7644393","1568034108","0.15873"
"1568034108","897835559","0.825397"
"897835559","1568034108","0.825397"
"1582697259","1974763041","0.047619"
"1974763041","1582697259","0.047619"
"1582697259","2043857376","0.047619"
"2043857376","1582697259","0.047619"
"1582697259","2086215390","0.742063"
"2086215390","1582697259","0.742063"
"1582697259","2103666359","0.047619"
"2103666359","1582697259","0.047619"
"1582697259","2127822499","0.25873"
"2127822499","1582697259","0.25873"
"1582697259","2492064912","1.04762"
"2492064912","1582697259","1.04762"
"1582697259","2576320836","0.047619"
"2576320836","1582697259","0.047619"
"1582697259","2610729246","0.147619"
"2610729246","1582697259","0.147619"
"1582697259","2910966826","0.247619"
"2910966826","1582697259","0.247619"
"1582697259","897835559","0.45873"
"897835559","1582697259","0.45873"
"1600145806","2043857376","0.569188"
"2043857376","1600145806","0.569188"
"1600145806","2086215390","0.106443"
"2086215390","1600145806","0.106443"
"1600145806","2103666359","0.235854"
"2103666359","1600145806","0.235854"
"1600145806","2127822499","0.143697"
"2127822499","1600145806","0.143697"
"1600145806","2492064912","0.785854"
"2492064912","1600145806","0.785854"
"1600145806","2576320836","0.135854"
"2576320836","1600145806","0.135854"
"1600145806","2610729246","0.047619"
"2610729246","1600145806","0.047619"
"1600145806","2910966826","0.0770308"
"2910966826","1600145806","0.0770308"
"1600145806","897835559","0.235854"
"897835559","1600145806","0.235854"
"1974763041","2086215390","0.147619"
"2086215390","1974763041","0.147619"
"1974763041","2127822499","0.143697"
"2127822499","1974763041","0.143697"
"1974763041","2576320836","0.0770308"
"2576320836","1974763041","0.0770308"
"1974763041","2610729246","0.37381"
"2610729246","1974763041","0.37381"
"1974763041","2910966826","0.391317"
"2910966826","1974763041","0.391317"
"2043857376","2086215390","0.206443"
"2086215390","2043857376","0.206443"
"2043857376","2127822499","0.0770308"
"2127822499","2043857376","0.0770308"
"2043857376","2143533311","0.235854"
"2143533311","2043857376","0.235854"
"2043857376","2492064912","0.278711"
"2492064912","2043857376","0.278711"
"2043857376","2576320836","0.278711"
"2576320836","2043857376","0.278711"
"2043857376","2610729246","0.37381"
"2610729246","2043857376","0.37381"
"2043857376","2910966826","0.0770308"
"2910966826","2043857376","0.0770308"
"2043857376","7644393","0.510364"
"7644393","2043857376","0.510364"
"2043857376","897835559","0.319188"
"897835559","2043857376","0.319188"
"2064174252","2086215390","1.03978"
"2086215390","2064174252","1.03978"
"2064174252","2127822499","0.047619"
"2127822499","2064174252","0.047619"
"2064174252","2576320836","0.106443"
"2576320836","2064174252","0.106443"
"2064174252","2610729246","0.147619"
"2610729246","2064174252","0.147619"
"2064174252","2910966826","0.047619"
"2910966826","2064174252","0.047619"
"2086215390","2098562708","2.04762"
"2098562708","2086215390","2.04762"
"2086215390","2103666359","1.60644"
"2103666359","2086215390","1.60644"
"2086215390","2121522797","0.147619"
"2121522797","2086215390","0.147619"
"2086215390","2127822499","0.15873"
"2127822499","2086215390","0.15873"
"2086215390","2143533311","2.63422"
"2143533311","2086215390","2.63422"
"2086215390","2492064912","1.10644"
"2492064912","2086215390","1.10644"
"2086215390","2576320836","0.106443"
"2576320836","2086215390","0.106443"
"2086215390","2610729246","0.147619"
"2610729246","2086215390","0.147619"
"2086215390","2611948381","1.21755"
"2611948381","2086215390","1.21755"
"2086215390","2910966826","0.047619"
"2910966826","2086215390","0.047619"
"2086215390","7644393","1.0754"
"7644393","2086215390","1.0754"
"2086215390","897835559","0.217554"
"897835559","2086215390","0.217554"
"2098562708","2127822499","0.0770308"
"2127822499","2098562708","0.0770308"
"2098562708","2576320836","0.0770308"
"2576320836","2098562708","0.0770308"
"2098562708","2610729246","0.047619"
"2610729246","2098562708","0.047619"
"2098562708","2910966826","0.177031"
"2910966826","2098562708","0.177031"
"2103666359","2127822499","0.0770308"
"2127822499","2103666359","0.0770308"
"2103666359","2576320836","0.135854"
"2576320836","2103666359","0.135854"
"2103666359","2610729246","0.047619"
"2610729246","2103666359","0.047619"
"2103666359","2910966826","0.248459"
"2910966826","2103666359","0.248459"
"2121522797","2127822499","0.243697"
"2127822499","2121522797","0.243697"
"2121522797","2492064912","0.143697"
"2492064912","2121522797","0.143697"
"2121522797","2576320836","0.0770308"
"2576320836","2121522797","0.0770308"
"2121522797","2610729246","0.247619"
"2610729246","2121522797","0.247619"
"2121522797","2910966826","0.915126"
"2910966826","2121522797","0.915126"
"2121522797","897835559","0.177031"
"897835559","2121522797","0.177031"
"2127822499","2143533311","0.188142"
"2143533311","2127822499","0.188142"
"2127822499","2492064912","0.143697"
"2492064912","2127822499","0.143697"
"2127822499","2576320836","0.0770308"
"2576320836","2127822499","0.0770308"
"2127822499","2610729246","0.172619"
"2610729246","2127822499","0.172619"
"2127822499","2611948381","0.679809"
"2611948381","2127822499","0.679809"
"2127822499","2910966826","0.202031"
"2910966826","2127822499","0.202031"
"2127822499","7644393","0.254809"
"7644393","2127822499","0.254809"
"2127822499","897835559","0.330999"
"897835559","2127822499","0.330999"
"2143533311","2576320836","0.135854"
"2576320836","2143533311","0.135854"
"2143533311","2610729246","0.047619"
"2610729246","2143533311","0.047619"
"2143533311","2910966826","0.248459"
"2910966826","2143533311","0.248459"
"2492064912","2576320836","0.278711"
"2576320836","2492064912","0.278711"
"2492064912","2610729246","0.190476"
"2610729246","2492064912","0.190476"
"2492064912","2910966826","0.0770308"
"2910966826","2492064912","0.0770308"
"2576320836","2610729246","0.190476"
"2610729246","2576320836","0.190476"
"2576320836","2611948381","0.278711"
"2611948381","2576320836","0.278711"
"2576320836","2910966826","0.0770308"
"2910966826","2576320836","0.0770308"
"2576320836","7644393","0.0770308"
"7644393","2576320836","0.0770308"
"2576320836","897835559","0.135854"
"897835559","2576320836","0.135854"
"2610729246","2910966826","0.472619"
"2910966826","2610729246","0.472619"
"2610729246","7644393","0.047619"
"7644393","2610729246","0.047619"
"2610729246","897835559","0.430952"
"897835559","2610729246","0.430952"
"2611948381","2910966826","7.65917"
"2910966826","2611948381","7.65917"
"2910966826","7644393","0.177031"
"7644393","2910966826","0.177031"
"2910966826","897835559","1.95322"
"897835559","2910966826","1.95322"
"116966600","1588856982","0.0666667"
"1588856982","116966600","0.0666667"
"116966600","1626437704","0.0666667"
"1626437704","116966600","0.0666667"
"116966600","2060137371","0.0666667"
"2060137371","116966600","0.0666667"
"1529546211","1588856982","0.0666667"
"1588856982","1529546211","0.0666667"
"1529546211","1600145806","0.0666667"
"1600145806","1529546211","0.0666667"
"1529546211","1626437704","0.0666667"
"1626437704","1529546211","0.0666667"
"1529546211","2060137371","0.138095"
"2060137371","1529546211","0.138095"
"1529546211","2119929398","0.0666667"
"2119929398","1529546211","0.0666667"
"1529546211","2127822499","0.0666667"
"2127822499","1529546211","0.0666667"
"1529546211","885707439","0.0666667"
"885707439","1529546211","0.0666667"
"1588856982","1600145806","0.0960784"
"1600145806","1588856982","0.0960784"
"1588856982","1626437704","0.0666667"
"1626437704","1588856982","0.0666667"
"1588856982","1974763041","0.0960784"
"1974763041","1588856982","0.0960784"
"1588856982","1978907960","0.0666667"
"1978907960","1588856982","0.0666667"
