"101403392","1491964404","0.716667"
"1491964404","101403392","0.716667"
"101403392","1981331015","0.716667"
"1981331015","101403392","0.716667"
"101403392","1986186842","6.86508"
"1986186842","101403392","6.86508"
"101403392","2054340289","0.325"
"2054340289","101403392","0.325"
"101403392","2088163015","0.616667"
"2088163015","101403392","0.616667"
"1491964404","1981331015","2.05"
"1981331015","1491964404","2.05"
"1491964404","1986186842","0.716667"
"1986186842","1491964404","0.716667"
"1491964404","2054340289","2.24167"
"2054340289","1491964404","2.24167"
"1491964404","2088163015","2.45"
"2088163015","1491964404","2.45"
"1981331015","1986186842","0.716667"
"1986186842","1981331015","0.716667"
"1981331015","2054340289","3.325"
"2054340289","1981331015","3.325"
"1981331015","2088163015","1.95"
"2088163015","1981331015","1.95"
"1986186842","2054340289","0.325"
"2054340289","1986186842","0.325"
"1986186842","2088163015","0.616667"
"2088163015","1986186842","0.616667"
"2054340289","2088163015","0.908333"
"2088163015","2054340289","0.908333"
"101403392","136981043","1.91508"
"136981043","101403392","1.91508"
"101403392","2154900736","1.66111"
"2154900736","101403392","1.66111"
"101403392","2187571556","2.05397"
"2187571556","101403392","2.05397"
"136981043","1986186842","1.91508"
"1986186842","136981043","1.91508"
"136981043","2154900736","1.07778"
"2154900736","136981043","1.07778"
"136981043","2187571556","1.47063"
"2187571556","136981043","1.47063"
"1986186842","2154900736","1.66111"
"2154900736","1986186842","1.66111"
"1986186842","2187571556","2.05397"
"2187571556","1986186842","2.05397"
"2154900736","2187571556","5.32778"
"2187571556","2154900736","5.32778"
"101403392","187547654","1.13175"
"187547654","101403392","1.13175"
"136981043","187547654","1.77266"
"187547654","136981043","1.77266"
"187547654","1986186842","1.13175"
"1986186842","187547654","1.13175"
"187547654","2187571556","1.02063"
"2187571556","187547654","1.02063"
"101403392","117851752","1.3873"
"117851752","101403392","1.3873"
"101403392","2148706674","0.225"
"2148706674","101403392","0.225"
"117851752","1491964404","0.35"
"1491964404","117851752","0.35"
"117851752","1981331015","0.35"
"1981331015","117851752","0.35"
"117851752","1986186842","1.3873"
"1986186842","117851752","1.3873"
"117851752","2088163015","0.25"
"2088163015","117851752","0.25"
"117851752","2148706674","0.558333"
"2148706674","117851752","0.558333"
"117851752","2154900736","1.41111"
"2154900736","117851752","1.41111"
"117851752","2187571556","1.55397"
"2187571556","117851752","1.55397"
"1491964404","2148706674","0.225"
"2148706674","1491964404","0.225"
"1491964404","2154900736","0.683333"
"2154900736","1491964404","0.683333"
"1491964404","2187571556","0.683333"
"2187571556","1491964404","0.683333"
"1981331015","2148706674","0.225"
"2148706674","1981331015","0.225"
"1981331015","2154900736","1.18333"
"2154900736","1981331015","1.18333"
"1981331015","2187571556","1.18333"
"2187571556","1981331015","1.18333"
"1986186842","2148706674","0.225"
"2148706674","1986186842","0.225"
"2088163015","2148706674","0.125"
"2148706674","2088163015","0.125"
"2088163015","2154900736","0.25"
"2154900736","2088163015","0.25"
"2088163015","2187571556","0.25"
"2187571556","2088163015","0.25"
"2148706674","2154900736","0.225"
"2154900736","2148706674","0.225"
"2148706674","2187571556","0.225"
"2187571556","2148706674","0.225"
"101403392","2215614516","0.125"
"2215614516","101403392","0.125"
"101403392","24263816","0.881746"
"24263816","101403392","0.881746"
"117851752","136981043","4.47063"
"136981043","117851752","4.47063"
"117851752","187547654","1.10397"
"187547654","117851752","1.10397"
"117851752","2215614516","0.125"
"2215614516","117851752","0.125"
"117851752","24263816","1.10397"
"24263816","117851752","1.10397"
"136981043","2215614516","0.175"
"2215614516","136981043","0.175"
"136981043","24263816","1.52266"
"24263816","136981043","1.52266"
"187547654","2154900736","0.627778"
"2154900736","187547654","0.627778"
"187547654","2215614516","0.175"
"2215614516","187547654","0.175"
"187547654","24263816","2.02266"
"24263816","187547654","2.02266"
"1986186842","2215614516","0.125"
"2215614516","1986186842","0.125"
"1986186842","24263816","0.881746"
"24263816","1986186842","0.881746"
"2154900736","2215614516","0.125"
"2215614516","2154900736","0.125"
"2154900736","24263816","0.627778"
"24263816","2154900736","0.627778"
"2187571556","2215614516","0.125"
"2215614516","2187571556","0.125"
"2187571556","24263816","0.770635"
"24263816","2187571556","0.770635"
"2215614516","24263816","0.175"
"24263816","2215614516","0.175"
"101403392","1482220696","0.166667"
"1482220696","101403392","0.166667"
"101403392","2116493296","0.166667"
"2116493296","101403392","0.166667"
"1482220696","1491964404","1.16667"
"1491964404","1482220696","1.16667"
"1482220696","1981331015","0.166667"
"1981331015","1482220696","0.166667"
"1482220696","1986186842","0.166667"
"1986186842","1482220696","0.166667"
"1482220696","2088163015","0.666667"
"2088163015","1482220696","0.666667"
"1482220696","2116493296","15.4583"
"2116493296","1482220696","15.4583"
"1491964404","2116493296","1.16667"
"2116493296","1491964404","1.16667"
"1981331015","2116493296","0.166667"
"2116493296","1981331015","0.166667"
"1986186842","2116493296","0.166667"
"2116493296","1986186842","0.166667"
"2088163015","2116493296","0.666667"
"2116493296","2088163015","0.666667"
"101403392","1578814752","0.111111"
"1578814752","101403392","0.111111"
"101403392","2141192422","0.111111"
"2141192422","101403392","0.111111"
"117851752","1578814752","0.111111"
"1578814752","117851752","0.111111"
"117851752","2141192422","0.111111"
"2141192422","117851752","0.111111"
"136981043","1578814752","0.111111"
"1578814752","136981043","0.111111"
"136981043","2141192422","0.111111"
"2141192422","136981043","0.111111"
"1578814752","187547654","0.111111"
"187547654","1578814752","0.111111"
"1578814752","1986186842","0.111111"
"1986186842","1578814752","0.111111"
"1578814752","2141192422","0.111111"
"2141192422","1578814752","0.111111"
"1578814752","2154900736","0.111111"
"2154900736","1578814752","0.111111"
"1578814752","2187571556","0.111111"
"2187571556","1578814752","0.111111"
"1578814752","24263816","0.111111"
"24263816","1578814752","0.111111"
"187547654","2141192422","0.111111"
"2141192422","187547654","0.111111"
"1986186842","2141192422","0.111111"
"2141192422","1986186842","0.111111"
"2141192422","2154900736","0.111111"
"2154900736","2141192422","0.111111"
"2141192422","2187571556","0.111111"
"2187571556","2141192422","0.111111"
"2141192422","24263816","0.111111"
"24263816","2141192422","0.111111"
"101403392","1586825695","0.267857"
"1586825695","101403392","0.267857"
"117851752","1586825695","0.267857"
"1586825695","117851752","0.267857"
"136981043","1586825695","0.408766"
"1586825695","136981043","0.408766"
"1586825695","187547654","0.408766"
"187547654","1586825695","0.408766"
"1586825695","1986186842","0.267857"
"1986186842","1586825695","0.267857"
"1586825695","2154900736","0.125"
"2154900736","1586825695","0.125"
"1586825695","2187571556","0.267857"
"2187571556","1586825695","0.267857"
"1586825695","24263816","0.408766"
"24263816","1586825695","0.408766"
"101403392","1975887898","0.111111"
"1975887898","101403392","0.111111"
"101403392","2099132625","0.111111"
"2099132625","101403392","0.111111"
"101403392","2112056262","0.111111"
"2112056262","101403392","0.111111"
"101403392","2172007538","0.111111"
"2172007538","101403392","0.111111"
"101403392","23323356","0.111111"
"23323356","101403392","0.111111"
"136981043","1975887898","0.111111"
"1975887898","136981043","0.111111"
"136981043","2099132625","0.20202"
"2099132625","136981043","0.20202"
"136981043","2112056262","0.161111"
"2112056262","136981043","0.161111"
"136981043","2172007538","0.20202"
"2172007538","136981043","0.20202"
"136981043","23323356","0.111111"
"23323356","136981043","0.111111"
"187547654","1975887898","0.111111"
"1975887898","187547654","0.111111"
"187547654","2099132625","0.20202"
"2099132625","187547654","0.20202"
"187547654","2112056262","0.161111"
"2112056262","187547654","0.161111"
"187547654","2172007538","1.20202"
"2172007538","187547654","1.20202"
"187547654","23323356","0.111111"
"23323356","187547654","0.111111"
"1975887898","1986186842","0.111111"
"1986186842","1975887898","0.111111"
"1975887898","2099132625","4.33918"
"2099132625","1975887898","4.33918"
"1975887898","2112056262","2.56313"
"2112056262","1975887898","2.56313"
"1975887898","2172007538","2.62529"
"2172007538","1975887898","2.62529"
"1975887898","23323356","0.111111"
"23323356","1975887898","0.111111"
"1975887898","24263816","0.111111"
"24263816","1975887898","0.111111"
"1986186842","2099132625","0.111111"
"2099132625","1986186842","0.111111"
"1986186842","2112056262","0.111111"
"2112056262","1986186842","0.111111"
"1986186842","2172007538","0.111111"
"2172007538","1986186842","0.111111"
"1986186842","23323356","0.111111"
"23323356","1986186842","0.111111"
"2099132625","2112056262","0.45202"
"2112056262","2099132625","0.45202"
"2099132625","2172007538","5.30508"
"2172007538","2099132625","5.30508"
"2099132625","23323356","0.111111"
"23323356","2099132625","0.111111"
"2099132625","24263816","0.20202"
"24263816","2099132625","0.20202"
"2112056262","2172007538","0.563131"
"2172007538","2112056262","0.563131"
"2112056262","23323356","0.111111"
"23323356","2112056262","0.111111"
"2112056262","24263816","0.161111"
"24263816","2112056262","0.161111"
"2172007538","23323356","0.222222"
"23323356","2172007538","0.222222"
"2172007538","24263816","0.20202"
"24263816","2172007538","0.20202"
"23323356","24263816","0.111111"
"24263816","23323356","0.111111"
"136981043","1491964404","0.1"
"1491964404","136981043","0.1"
"136981043","1981331015","0.1"
"1981331015","136981043","0.1"
"136981043","2148706674","0.483333"
"2148706674","136981043","0.483333"
"1491964404","187547654","0.1"
"187547654","1491964404","0.1"
"1491964404","24263816","0.1"
"24263816","1491964404","0.1"
"187547654","1981331015","0.1"
"1981331015","187547654","0.1"
"187547654","2148706674","0.15"
"2148706674","187547654","0.15"
"1981331015","24263816","0.1"
"24263816","1981331015","0.1"
"2148706674","24263816","0.15"
"24263816","2148706674","0.15"
"117851752","2054340289","0.125"
"2054340289","117851752","0.125"
"2054340289","2154900736","0.458333"
"2154900736","2054340289","0.458333"
"2054340289","2187571556","0.458333"
"2187571556","2054340289","0.458333"
"117851752","2017616492","0.333333"
"2017616492","117851752","0.333333"
"136981043","2017616492","0.333333"
"2017616492","136981043","0.333333"
"2017616492","2148706674","2.29132"
"2148706674","2017616492","2.29132"
"136981043","1485185000","0.05"
"1485185000","136981043","0.05"
"136981043","1523448688","0.05"
"1523448688","136981043","0.05"
"136981043","1996186909","0.05"
"1996186909","136981043","0.05"
"136981043","2022858489","0.140909"
"2022858489","136981043","0.140909"
"136981043","2064383543","0.140909"
"2064383543","136981043","0.140909"
"136981043","2080785753","0.140909"
"2080785753","136981043","0.140909"
"136981043","2099794518","0.05"
"2099794518","136981043","0.05"
"136981043","2122731071","0.05"
"2122731071","136981043","0.05"
"136981043","2130304062","0.05"
"2130304062","136981043","0.05"
"136981043","2153511931","0.05"
"2153511931","136981043","0.05"
"136981043","2156664231","0.05"
"2156664231","136981043","0.05"
"136981043","2164363676","0.140909"
"2164363676","136981043","0.140909"
"136981043","2165141311","0.05"
"2165141311","136981043","0.05"
"136981043","2187584245","0.05"
"2187584245","136981043","0.05"
"1485185000","1523448688","6.58803"
"1523448688","1485185000","6.58803"
"1485185000","1586825695","0.619298"
"1586825695","1485185000","0.619298"
"1485185000","187547654","0.05"
"187547654","1485185000","0.05"
"1485185000","1996186909","0.213743"
"1996186909","1485185000","0.213743"
"1485185000","2022858489","4.17327"
"2022858489","1485185000","4.17327"
"1485185000","2064383543","1.37327"
"2064383543","1485185000","1.37327"
"1485185000","2080785753","0.345489"
"2080785753","1485185000","0.345489"
"1485185000","2099794518","0.05"
"2099794518","1485185000","0.05"
"1485185000","2112056262","0.05"
"2112056262","1485185000","0.05"
"1485185000","2122731071","0.202632"
"2122731071","1485185000","0.202632"
"1485185000","2130304062","5.2613"
"2130304062","1485185000","5.2613"
"1485185000","2148706674","0.463743"
"2148706674","1485185000","0.463743"
"1485185000","2153511931","0.652632"
"2153511931","1485185000","0.652632"
"1485185000","2156664231","0.05"
"2156664231","1485185000","0.05"
"1485185000","2164363676","0.202632"
"2164363676","1485185000","0.202632"
"1485185000","2165141311","5.2613"
"2165141311","1485185000","5.2613"
"1485185000","2187584245","0.612155"
"2187584245","1485185000","0.612155"
"1485185000","2215614516","0.05"
"2215614516","1485185000","0.05"
"1485185000","24263816","0.05"
"24263816","1485185000","0.05"
"1523448688","1586825695","0.265909"
"1586825695","1523448688","0.265909"
"1523448688","187547654","0.05"
"187547654","1523448688","0.05"
"1523448688","1996186909","0.05"
"1996186909","1523448688","0.05"
"1523448688","2022858489","1.36591"
"2022858489","1523448688","1.36591"
"1523448688","2064383543","0.140909"
"2064383543","1523448688","0.140909"
"1523448688","2080785753","0.175"
"2080785753","1523448688","0.175"
"1523448688","2099794518","0.05"
"2099794518","1523448688","0.05"
"1523448688","2112056262","0.265909"
"2112056262","1523448688","0.265909"
"1523448688","2122731071","0.05"
"2122731071","1523448688","0.05"
"1523448688","2130304062","3.04637"
"2130304062","1523448688","3.04637"
"1523448688","2148706674","0.216667"
"2148706674","1523448688","0.216667"
"1523448688","2153511931","0.05"
"2153511931","1523448688","0.05"
"1523448688","2156664231","0.05"
"2156664231","1523448688","0.05"
"1523448688","2164363676","0.05"
"2164363676","1523448688","0.05"
"1523448688","2165141311","3.54637"
"2165141311","1523448688","3.54637"
"1523448688","2187584245","0.05"
"2187584245","1523448688","0.05"
"1523448688","2215614516","0.05"
"2215614516","1523448688","0.05"
"1523448688","24263816","0.05"
"24263816","1523448688","0.05"
"1586825695","1996186909","0.662155"
"1996186909","1586825695","0.662155"
"1586825695","2022858489","17.2744"
"2022858489","1586825695","17.2744"
"1586825695","2064383543","1.48768"
"2064383543","1586825695","1.48768"
"1586825695","2080785753","1.28997"
"2080785753","1586825695","1.28997"
"1586825695","2099794518","0.05"
"2099794518","1586825695","0.05"
"1586825695","2112056262","2.96035"
"2112056262","1586825695","2.96035"
"1586825695","2122731071","0.62406"
"2122731071","1586825695","0.62406"
"1586825695","2130304062","1.07763"
"2130304062","1586825695","1.07763"
"1586825695","2148706674","2.50799"
"2148706674","1586825695","2.50799"
"1586825695","2153511931","0.427632"
"2153511931","1586825695","0.427632"
"1586825695","2156664231","0.216667"
"2156664231","1586825695","0.216667"
"1586825695","2164363676","1.16497"
"2164363676","1586825695","1.16497"
"1586825695","2165141311","1.07763"
"2165141311","1586825695","1.07763"
"1586825695","2187584245","0.265132"
"2187584245","1586825695","0.265132"
"1586825695","2215614516","0.05"
"2215614516","1586825695","0.05"
"187547654","1996186909","0.05"
"1996186909","187547654","0.05"
"187547654","2022858489","0.140909"
"2022858489","187547654","0.140909"
"187547654","2064383543","0.140909"
"2064383543","187547654","0.140909"
"187547654","2080785753","0.140909"
"2080785753","187547654","0.140909"
"187547654","2099794518","0.05"
"2099794518","187547654","0.05"
"187547654","2122731071","0.05"
"2122731071","187547654","0.05"
"187547654","2130304062","0.05"
"2130304062","187547654","0.05"
"187547654","2153511931","0.05"
"2153511931","187547654","0.05"
"187547654","2156664231","0.05"
"2156664231","187547654","0.05"
"187547654","2164363676","0.140909"
"2164363676","187547654","0.140909"
"187547654","2165141311","0.05"
"2165141311","187547654","0.05"
"187547654","2187584245","0.05"
"2187584245","187547654","0.05"
"1996186909","2022858489","3.56457"
"2022858489","1996186909","3.56457"
"1996186909","2064383543","0.750449"
"2064383543","1996186909","0.750449"
"1996186909","2080785753","0.42406"
"2080785753","1996186909","0.42406"
"1996186909","2099794518","1.05"
"2099794518","1996186909","1.05"
"1996186909","2112056262","0.05"
"2112056262","1996186909","0.05"
"1996186909","2122731071","0.42406"
"2122731071","1996186909","0.42406"
"1996186909","2130304062","0.213743"
"2130304062","1996186909","0.213743"
"1996186909","2148706674","0.910766"
"2148706674","1996186909","0.910766"
"1996186909","2153511931","1.42532"
"2153511931","1996186909","1.42532"
"1996186909","2156664231","0.416667"
"2156664231","1996186909","0.416667"
"1996186909","2164363676","0.42406"
"2164363676","1996186909","0.42406"
"1996186909","2165141311","0.213743"
"2165141311","1996186909","0.213743"
"1996186909","2187584245","0.165132"
"2187584245","1996186909","0.165132"
"1996186909","2215614516","0.05"
"2215614516","1996186909","0.05"
"1996186909","24263816","0.05"
"24263816","1996186909","0.05"
"2022858489","2064383543","4.14442"
"2064383543","2022858489","4.14442"
"2022858489","2080785753","3.26616"
"2080785753","2022858489","3.26616"
"2022858489","2099794518","0.05"
"2099794518","2022858489","0.05"
"2022858489","2112056262","0.960354"
"2112056262","2022858489","0.960354"
"2022858489","2122731071","1.20739"
"2122731071","2022858489","1.20739"
"2022858489","2130304062","2.54827"
"2130304062","2022858489","2.54827"
"2022858489","2148706674","1.84529"
"2148706674","2022858489","1.84529"
"2022858489","2153511931","3.60941"
"2153511931","2022858489","3.60941"
"2022858489","2156664231","0.216667"
"2156664231","2022858489","0.216667"
"2022858489","2164363676","1.7483"
"2164363676","2022858489","1.7483"
"2022858489","2165141311","2.54827"
"2165141311","2022858489","2.54827"
"2022858489","2187584245","1.73299"
"2187584245","2022858489","1.73299"
"2022858489","2215614516","0.05"
"2215614516","2022858489","0.05"
"2022858489","24263816","0.140909"
"24263816","2022858489","0.140909"
"2064383543","2080785753","1.76616"
"2080785753","2064383543","1.76616"
"2064383543","2099794518","0.25"
"2099794518","2064383543","0.25"
"2064383543","2112056262","0.340909"
"2112056262","2064383543","0.340909"
"2064383543","2122731071","0.74906"
"2122731071","2064383543","0.74906"
"2064383543","2130304062","0.623267"
"2130304062","2064383543","0.623267"
"2064383543","2148706674","0.901838"
"2148706674","2064383543","0.901838"
"2064383543","2153511931","2.10124"
"2153511931","2064383543","2.10124"
"2064383543","2156664231","0.216667"
"2156664231","2064383543","0.216667"
"2064383543","2164363676","2.3733"
"2164363676","2064383543","2.3733"
"2064383543","2165141311","0.623267"
"2165141311","2064383543","0.623267"
"2064383543","2187584245","0.949655"
"2187584245","2064383543","0.949655"
"2064383543","2215614516","0.05"
"2215614516","2064383543","0.05"
"2064383543","24263816","0.140909"
"24263816","2064383543","0.140909"
"2080785753","2099794518","0.05"
"2099794518","2080785753","0.05"
"2080785753","2112056262","0.425"
"2112056262","2080785753","0.425"
"2080785753","2122731071","1.20739"
"2122731071","2080785753","1.20739"
"2080785753","2130304062","0.470489"
"2130304062","2080785753","0.470489"
"2080785753","2148706674","0.42406"
"2148706674","2080785753","0.42406"
"2080785753","2153511931","0.677632"
"2153511931","2080785753","0.677632"
"2080785753","2156664231","0.05"
"2156664231","2080785753","0.05"
"2080785753","2164363676","2.58164"
"2164363676","2080785753","2.58164"
"2080785753","2165141311","0.470489"
"2165141311","2080785753","0.470489"
"2080785753","2187584245","0.720489"
"2187584245","2080785753","0.720489"
"2080785753","2215614516","0.05"
"2215614516","2080785753","0.05"
"2080785753","24263816","0.140909"
"24263816","2080785753","0.140909"
"2099794518","2112056262","0.25"
"2112056262","2099794518","0.25"
"2099794518","2122731071","0.05"
"2122731071","2099794518","0.05"
"2099794518","2130304062","0.05"
"2130304062","2099794518","0.05"
"2099794518","2148706674","0.05"
"2148706674","2099794518","0.05"
"2099794518","2153511931","0.05"
"2153511931","2099794518","0.05"
"2099794518","2156664231","0.05"
"2156664231","2099794518","0.05"
"2099794518","2164363676","0.05"
"2164363676","2099794518","0.05"
"2099794518","2165141311","0.05"
"2165141311","2099794518","0.05"
"2099794518","2187584245","0.05"
"2187584245","2099794518","0.05"
"2099794518","2215614516","0.05"
"2215614516","2099794518","0.05"
"2099794518","24263816","0.05"
"24263816","2099794518","0.05"
"2112056262","2122731071","0.05"
"2122731071","2112056262","0.05"
"2112056262","2130304062","0.175"
"2130304062","2112056262","0.175"
"2112056262","2148706674","0.05"
"2148706674","2112056262","0.05"
"2112056262","2153511931","0.05"
"2153511931","2112056262","0.05"
"2112056262","2156664231","0.05"
"2156664231","2112056262","0.05"
"2112056262","2164363676","0.3"
"2164363676","2112056262","0.3"
"2112056262","2165141311","0.175"
"2165141311","2112056262","0.175"
"2112056262","2187584245","0.05"
"2187584245","2112056262","0.05"
"2112056262","2215614516","0.05"
"2215614516","2112056262","0.05"
"2122731071","2130304062","0.202632"
"2130304062","2122731071","0.202632"
"2122731071","2148706674","0.42406"
"2148706674","2122731071","0.42406"
"2122731071","2153511931","0.427632"
"2153511931","2122731071","0.427632"
"2122731071","2156664231","0.05"
"2156664231","2122731071","0.05"
"2122731071","2164363676","4.20739"
"2164363676","2122731071","4.20739"
"2122731071","2165141311","0.202632"
"2165141311","2122731071","0.202632"
"2122731071","2187584245","0.327632"
"2187584245","2122731071","0.327632"
"2122731071","2215614516","0.05"
"2215614516","2122731071","0.05"
"2122731071","24263816","0.05"
"24263816","2122731071","0.05"
"2130304062","2148706674","0.463743"
"2148706674","2130304062","0.463743"
"2130304062","2153511931","0.402632"
"2153511931","2130304062","0.402632"
"2130304062","2156664231","0.05"
"2156664231","2130304062","0.05"
"2130304062","2164363676","0.202632"
"2164363676","2130304062","0.202632"
"2130304062","2165141311","11.653"
"2165141311","2130304062","11.653"
"2130304062","2187584245","0.712155"
"2187584245","2130304062","0.712155"
"2130304062","2215614516","0.05"
"2215614516","2130304062","0.05"
"2130304062","24263816","0.05"
"24263816","2130304062","0.05"
"2148706674","2153511931","0.165132"
"2153511931","2148706674","0.165132"
"2148706674","2156664231","0.216667"
"2156664231","2148706674","0.216667"
"2148706674","2164363676","0.42406"
"2164363676","2148706674","0.42406"
"2148706674","2165141311","0.463743"
"2165141311","2148706674","0.463743"
"2148706674","2187584245","0.102632"
"2187584245","2148706674","0.102632"
"2148706674","2215614516","0.05"
"2215614516","2148706674","0.05"
"2153511931","2156664231","0.05"
"2156664231","2153511931","0.05"
"2153511931","2164363676","0.427632"
"2164363676","2153511931","0.427632"
"2153511931","2165141311","0.402632"
"2165141311","2153511931","0.402632"
"2153511931","2187584245","1.09013"
"2187584245","2153511931","1.09013"
"2153511931","2215614516","0.05"
"2215614516","2153511931","0.05"
"2153511931","24263816","0.05"
"24263816","2153511931","0.05"
"2156664231","2164363676","0.05"
"2164363676","2156664231","0.05"
"2156664231","2165141311","0.05"
"2165141311","2156664231","0.05"
"2156664231","2187584245","0.05"
"2187584245","2156664231","0.05"
"2156664231","2215614516","0.05"
"2215614516","2156664231","0.05"
"2156664231","24263816","0.05"
"24263816","2156664231","0.05"
"2164363676","2165141311","0.202632"
"2165141311","2164363676","0.202632"
"2164363676","2187584245","0.327632"
"2187584245","2164363676","0.327632"
"2164363676","2215614516","0.05"
"2215614516","2164363676","0.05"
"2164363676","24263816","0.140909"
"24263816","2164363676","0.140909"
"2165141311","2187584245","0.712155"
"2187584245","2165141311","0.712155"
"2165141311","2215614516","0.05"
"2215614516","2165141311","0.05"
"2165141311","24263816","0.05"
"24263816","2165141311","0.05"
"2187584245","2215614516","0.05"
"2215614516","2187584245","0.05"
"2187584245","24263816","0.05"
"24263816","2187584245","0.05"
"136981043","2160923181","0.0909091"
"2160923181","136981043","0.0909091"
"136981043","2952398054","0.0909091"
"2952398054","136981043","0.0909091"
"1586825695","2099132625","0.23445"
"2099132625","1586825695","0.23445"
"1586825695","2160923181","1.17889"
"2160923181","1586825695","1.17889"
"1586825695","2172007538","0.898192"
"2172007538","1586825695","0.898192"
"1586825695","2952398054","0.0909091"
"2952398054","1586825695","0.0909091"
"187547654","2160923181","0.0909091"
"2160923181","187547654","0.0909091"
"187547654","2952398054","0.0909091"
"2952398054","187547654","0.0909091"
"2022858489","2099132625","0.23445"
"2099132625","2022858489","0.23445"
"2022858489","2160923181","0.845561"
"2160923181","2022858489","0.845561"
"2022858489","2172007538","2.17597"
"2172007538","2022858489","2.17597"
"2022858489","2952398054","0.0909091"
"2952398054","2022858489","0.0909091"
"2064383543","2099132625","0.23445"
"2099132625","2064383543","0.23445"
"2064383543","2160923181","0.23445"
"2160923181","2064383543","0.23445"
"2064383543","2172007538","0.398192"
"2172007538","2064383543","0.398192"
"2064383543","2952398054","0.0909091"
"2952398054","2064383543","0.0909091"
"2080785753","2099132625","0.143541"
"2099132625","2080785753","0.143541"
"2080785753","2160923181","0.143541"
"2160923181","2080785753","0.143541"
"2080785753","2172007538","0.143541"
"2172007538","2080785753","0.143541"
"2080785753","2952398054","0.0909091"
"2952398054","2080785753","0.0909091"
"2099132625","2160923181","1.97731"
"2160923181","2099132625","1.97731"
"2099132625","2164363676","0.143541"
"2164363676","2099132625","0.143541"
"2099132625","2952398054","0.0909091"
"2952398054","2099132625","0.0909091"
"2160923181","2164363676","0.143541"
"2164363676","2160923181","0.143541"
"2160923181","2172007538","1.60508"
"2172007538","2160923181","1.60508"
"2160923181","24263816","0.0909091"
"24263816","2160923181","0.0909091"
"2160923181","2952398054","0.0909091"
"2952398054","2160923181","0.0909091"
"2164363676","2172007538","0.143541"
"2172007538","2164363676","0.143541"
"2164363676","2952398054","0.0909091"
"2952398054","2164363676","0.0909091"
"2172007538","2952398054","0.0909091"
"2952398054","2172007538","0.0909091"
"24263816","2952398054","0.0909091"
"2952398054","24263816","0.0909091"
"1482220696","2129524385","0.458333"
"2129524385","1482220696","0.458333"
"1482220696","2134170665","0.958333"
"2134170665","1482220696","0.958333"
"1482220696","2172007538","0.666667"
"2172007538","1482220696","0.666667"
"2129524385","2134170665","1.04167"
"2134170665","2129524385","1.04167"
"2129524385","2172007538","0.97619"
"2172007538","2129524385","0.97619"
"2134170665","2172007538","0.533333"
"2172007538","2134170665","0.533333"
"2116493296","2134170665","0.625"
"2134170665","2116493296","0.625"
"1482220696","1975887898","0.125"
"1975887898","1482220696","0.125"
"1482220696","2096768150","0.125"
"2096768150","1482220696","0.125"
"1482220696","2099132625","0.458333"
"2099132625","1482220696","0.458333"
"1482220696","2140279540","0.458333"
"2140279540","1482220696","0.458333"
"1482220696","2166046634","0.125"
"2166046634","1482220696","0.125"
"1975887898","2096768150","2.16786"
"2096768150","1975887898","2.16786"
"1975887898","2116493296","0.125"
"2116493296","1975887898","0.125"
"1975887898","2129524385","0.517857"
"2129524385","1975887898","0.517857"
"1975887898","2134170665","0.325"
"2134170665","1975887898","0.325"
"1975887898","2140279540","0.325"
"2140279540","1975887898","0.325"
"1975887898","2166046634","0.291667"
"2166046634","1975887898","0.291667"
"2096768150","2099132625","2.73452"
"2099132625","2096768150","2.73452"
"2096768150","2116493296","0.125"
"2116493296","2096768150","0.125"
"2096768150","2129524385","0.267857"
"2129524385","2096768150","0.267857"
"2096768150","2134170665","0.325"
"2134170665","2096768150","0.325"
"2096768150","2140279540","0.325"
"2140279540","2096768150","0.325"
"2096768150","2166046634","0.125"
"2166046634","2096768150","0.125"
"2099132625","2116493296","0.458333"
"2116493296","2099132625","0.458333"
"2099132625","2129524385","0.517857"
"2129524385","2099132625","0.517857"
"2099132625","2134170665","0.325"
"2134170665","2099132625","0.325"
"2099132625","2140279540","0.325"
"2140279540","2099132625","0.325"
"2099132625","2166046634","0.291667"
"2166046634","2099132625","0.291667"
"2116493296","2129524385","0.125"
"2129524385","2116493296","0.125"
"2116493296","2140279540","0.458333"
"2140279540","2116493296","0.458333"
"2116493296","2166046634","0.125"
"2166046634","2116493296","0.125"
"2129524385","2140279540","0.125"
"2140279540","2129524385","0.125"
"2129524385","2166046634","1.45833"
"2166046634","2129524385","1.45833"
"2134170665","2140279540","0.125"
"2140279540","2134170665","0.125"
"2134170665","2166046634","0.708333"
"2166046634","2134170665","0.708333"
"2140279540","2166046634","0.125"
"2166046634","2140279540","0.125"
"1482220696","2030868206","0.25"
"2030868206","1482220696","0.25"
"1491964404","2030868206","0.25"
"2030868206","1491964404","0.25"
"2030868206","2088163015","0.25"
"2088163015","2030868206","0.25"
"2030868206","2116493296","0.25"
"2116493296","2030868206","0.25"
"1482220696","2054340289","1.58333"
"2054340289","1482220696","1.58333"
"2054340289","2116493296","1.58333"
"2116493296","2054340289","1.58333"
"2116493296","2172007538","0.333333"
"2172007538","2116493296","0.333333"
"2054340289","2140279540","0.333333"
"2140279540","2054340289","0.333333"
"1485185000","2138551708","1.01667"
"2138551708","1485185000","1.01667"
"2064383543","2138551708","0.975"
"2138551708","2064383543","0.975"
"1485185000","2118382926","2.53803"
"2118382926","1485185000","2.53803"
"1485185000","2953180183","0.311111"
"2953180183","1485185000","0.311111"
"1523448688","2118382926","10.7539"
"2118382926","1523448688","10.7539"
"1523448688","2953180183","0.311111"
"2953180183","1523448688","0.311111"
"2118382926","2130304062","2.66303"
"2130304062","2118382926","2.66303"
"2118382926","2165141311","3.16303"
"2165141311","2118382926","3.16303"
"2118382926","2953180183","0.311111"
"2953180183","2118382926","0.311111"
"2130304062","2953180183","0.311111"
"2953180183","2130304062","0.311111"
"2165141311","2953180183","0.311111"
"2953180183","2165141311","0.311111"
"1485185000","1995437102","0.111111"
"1995437102","1485185000","0.111111"
"1485185000","2172007538","0.163743"
"2172007538","1485185000","0.163743"
"1485185000","23323356","0.188034"
"23323356","1485185000","0.188034"
"1995437102","1996186909","1.79452"
"1996186909","1995437102","1.79452"
"1995437102","2022858489","3.93048"
"2022858489","1995437102","3.93048"
"1995437102","2064383543","0.608782"
"2064383543","1995437102","0.608782"
"1995437102","2130304062","0.111111"
"2130304062","1995437102","0.111111"
"1995437102","2148706674","0.516468"
"2148706674","1995437102","0.516468"
"1995437102","2165141311","0.111111"
"2165141311","1995437102","0.111111"
"1995437102","2172007538","0.163743"
"2172007538","1995437102","0.163743"
"1995437102","23323356","1.45397"
"23323356","1995437102","1.45397"
"1996186909","2172007538","0.747076"
"2172007538","1996186909","0.747076"
"1996186909","23323356","0.253968"
"23323356","1996186909","0.253968"
"2022858489","23323356","0.453968"
"23323356","2022858489","0.453968"
"2064383543","23323356","0.111111"
"23323356","2064383543","0.111111"
"2130304062","2172007538","0.330409"
"2172007538","2130304062","0.330409"
"2130304062","23323356","0.188034"
"23323356","2130304062","0.188034"
"2148706674","2172007538","0.163743"
"2172007538","2148706674","0.163743"
"2148706674","23323356","0.111111"
"23323356","2148706674","0.111111"
"2165141311","2172007538","0.330409"
"2172007538","2165141311","0.330409"
"2165141311","23323356","0.188034"
"23323356","2165141311","0.188034"
"1485185000","1975887898","0.0526316"
"1975887898","1485185000","0.0526316"
"1485185000","2017616492","0.0526316"
"2017616492","1485185000","0.0526316"
"1485185000","2099132625","0.0526316"
"2099132625","1485185000","0.0526316"
"1485185000","2110557355","0.319298"
"2110557355","1485185000","0.319298"
"1485185000","2151335566","0.152632"
"2151335566","1485185000","0.152632"
"1485185000","2160923181","0.0526316"
"2160923181","1485185000","0.0526316"
"1586825695","1975887898","0.254652"
"1975887898","1586825695","0.254652"
"1586825695","2017616492","0.87312"
"2017616492","1586825695","0.87312"
"1586825695","2110557355","6.90465"
"2110557355","1586825695","6.90465"
"1586825695","2151335566","0.687985"
"2151335566","1586825695","0.687985"
"1975887898","1996186909","0.0526316"
"1996186909","1975887898","0.0526316"
"1975887898","2017616492","0.0526316"
"2017616492","1975887898","0.0526316"
"1975887898","2022858489","0.254652"
"2022858489","1975887898","0.254652"
"1975887898","2064383543","0.143541"
"2064383543","1975887898","0.143541"
"1975887898","2080785753","0.0526316"
"2080785753","1975887898","0.0526316"
"1975887898","2110557355","0.254652"
"2110557355","1975887898","0.254652"
"1975887898","2122731071","0.0526316"
"2122731071","1975887898","0.0526316"
"1975887898","2130304062","0.0526316"
"2130304062","1975887898","0.0526316"
"1975887898","2148706674","0.0526316"
"2148706674","1975887898","0.0526316"
"1975887898","2151335566","0.564176"
"2151335566","1975887898","0.564176"
"1975887898","2153511931","0.0526316"
"2153511931","1975887898","0.0526316"
"1975887898","2160923181","1.43084"
"2160923181","1975887898","1.43084"
"1975887898","2164363676","0.0526316"
"2164363676","1975887898","0.0526316"
"1975887898","2165141311","0.0526316"
"2165141311","1975887898","0.0526316"
"1975887898","2187584245","0.0526316"
"2187584245","1975887898","0.0526316"
"1996186909","2017616492","1.46818"
"2017616492","1996186909","1.46818"
"1996186909","2099132625","0.252632"
"2099132625","1996186909","0.252632"
"1996186909","2110557355","0.344298"
"2110557355","1996186909","0.344298"
"1996186909","2151335566","0.385965"
"2151335566","1996186909","0.385965"
"1996186909","2160923181","0.252632"
"2160923181","1996186909","0.252632"
"2017616492","2022858489","1.34657"
"2022858489","2017616492","1.34657"
"2017616492","2064383543","0.550303"
"2064383543","2017616492","0.550303"
"2017616492","2080785753","0.12406"
"2080785753","2017616492","0.12406"
"2017616492","2099132625","0.0526316"
"2099132625","2017616492","0.0526316"
"2017616492","2110557355","0.0526316"
"2110557355","2017616492","0.0526316"
"2017616492","2122731071","0.12406"
"2122731071","2017616492","0.12406"
"2017616492","2130304062","0.0526316"
"2130304062","2017616492","0.0526316"
"2017616492","2151335566","0.0526316"
"2151335566","2017616492","0.0526316"
"2017616492","2153511931","0.875323"
"2153511931","2017616492","0.875323"
"2017616492","2160923181","0.0526316"
"2160923181","2017616492","0.0526316"
"2017616492","2164363676","0.12406"
"2164363676","2017616492","0.12406"
"2017616492","2165141311","0.0526316"
"2165141311","2017616492","0.0526316"
"2017616492","2172007538","0.105263"
"2172007538","2017616492","0.105263"
"2017616492","2187584245","0.115132"
"2187584245","2017616492","0.115132"
"2022858489","2110557355","5.89632"
"2110557355","2022858489","5.89632"
"2022858489","2151335566","1.35465"
"2151335566","2022858489","1.35465"
"2064383543","2110557355","2.91854"
"2110557355","2064383543","2.91854"
"2064383543","2151335566","0.243541"
"2151335566","2064383543","0.243541"
"2080785753","2110557355","1.66096"
"2110557355","2080785753","1.66096"
"2080785753","2151335566","0.152632"
"2151335566","2080785753","0.152632"
"2099132625","2110557355","0.143541"
"2110557355","2099132625","0.143541"
"2099132625","2122731071","0.0526316"
"2122731071","2099132625","0.0526316"
"2099132625","2130304062","0.0526316"
"2130304062","2099132625","0.0526316"
"2099132625","2148706674","0.0526316"
"2148706674","2099132625","0.0526316"
"2099132625","2151335566","0.819731"
"2151335566","2099132625","0.819731"
"2099132625","2153511931","0.0526316"
"2153511931","2099132625","0.0526316"
"2099132625","2165141311","0.0526316"
"2165141311","2099132625","0.0526316"
"2099132625","2187584245","0.0526316"
"2187584245","2099132625","0.0526316"
"2110557355","2122731071","0.627632"
"2122731071","2110557355","0.627632"
"2110557355","2130304062","0.652632"
"2130304062","2110557355","0.652632"
"2110557355","2148706674","1.30263"
"2148706674","2110557355","1.30263"
"2110557355","2151335566","0.354652"
"2151335566","2110557355","0.354652"
"2110557355","2153511931","0.377632"
"2153511931","2110557355","0.377632"
"2110557355","2160923181","0.254652"
"2160923181","2110557355","0.254652"
"2110557355","2164363676","1.66096"
"2164363676","2110557355","1.66096"
"2110557355","2165141311","0.652632"
"2165141311","2110557355","0.652632"
"2110557355","2172007538","0.254652"
"2172007538","2110557355","0.254652"
"2110557355","2187584245","0.277632"
"2187584245","2110557355","0.277632"
"2122731071","2151335566","0.152632"
"2151335566","2122731071","0.152632"
"2122731071","2160923181","0.0526316"
"2160923181","2122731071","0.0526316"
"2122731071","2172007538","0.0526316"
"2172007538","2122731071","0.0526316"
"2130304062","2151335566","0.0526316"
"2151335566","2130304062","0.0526316"
"2130304062","2160923181","0.0526316"
"2160923181","2130304062","0.0526316"
"2148706674","2151335566","0.0526316"
"2151335566","2148706674","0.0526316"
"2148706674","2160923181","0.0526316"
"2160923181","2148706674","0.0526316"
"2151335566","2153511931","0.152632"
"2153511931","2151335566","0.152632"
"2151335566","2160923181","1.76418"
"2160923181","2151335566","1.76418"
"2151335566","2164363676","0.152632"
"2164363676","2151335566","0.152632"
"2151335566","2165141311","0.0526316"
"2165141311","2151335566","0.0526316"
"2151335566","2172007538","2.34751"
"2172007538","2151335566","2.34751"
"2151335566","2187584245","0.0526316"
"2187584245","2151335566","0.0526316"
"2153511931","2160923181","0.0526316"
"2160923181","2153511931","0.0526316"
"2153511931","2172007538","0.0526316"
"2172007538","2153511931","0.0526316"
"2160923181","2165141311","0.0526316"
"2165141311","2160923181","0.0526316"
"2160923181","2187584245","0.0526316"
"2187584245","2160923181","0.0526316"
"2172007538","2187584245","0.0526316"
"2187584245","2172007538","0.0526316"
"1586825695","2138551708","1.12778"
"2138551708","1586825695","1.12778"
"2022858489","2138551708","3.04444"
"2138551708","2022858489","3.04444"
"2110557355","2138551708","0.502778"
"2138551708","2110557355","0.502778"
"2130304062","2138551708","0.458333"
"2138551708","2130304062","0.458333"
"2138551708","2165141311","0.458333"
"2165141311","2138551708","0.458333"
"2080785753","2138551708","0.35"
"2138551708","2080785753","0.35"
"2122731071","2138551708","0.225"
"2138551708","2122731071","0.225"
"2138551708","2151335566","0.211111"
"2151335566","2138551708","0.211111"
"2138551708","2153511931","0.85"
"2153511931","2138551708","0.85"
"2138551708","2164363676","0.225"
"2164363676","2138551708","0.225"
"1485185000","1973266211","0.726923"
"1973266211","1485185000","0.726923"
"1523448688","1973266211","0.476923"
"1973266211","1523448688","0.476923"
"1973266211","2118382926","0.539423"
"2118382926","1973266211","0.539423"
"1973266211","2130304062","0.726923"
"2130304062","1973266211","0.726923"
"1973266211","2165141311","0.726923"
"2165141311","1973266211","0.726923"
"2022858489","2118382926","1.04508"
"2118382926","2022858489","1.04508"
"1485185000","2550197061","0.309524"
"2550197061","1485185000","0.309524"
"2022858489","2550197061","0.767857"
"2550197061","2022858489","0.767857"
"2064383543","2550197061","0.434524"
"2550197061","2064383543","0.434524"
"2130304062","2550197061","0.309524"
"2550197061","2130304062","0.309524"
"2165141311","2550197061","0.309524"
"2550197061","2165141311","0.309524"
"2187584245","2550197061","0.434524"
