"107663614","114623506","11.8333"
"114623506","107663614","11.8333"
"107663614","1541213972","2.5"
"1541213972","107663614","2.5"
"107663614","2142559994","3.97619"
"2142559994","107663614","3.97619"
"107663614","2146447172","2"
"2146447172","107663614","2"
"107663614","161019385","1.16667"
"161019385","107663614","1.16667"
"114623506","1541213972","2"
"1541213972","114623506","2"
"114623506","2142559994","0.666667"
"2142559994","114623506","0.666667"
"1541213972","2142559994","0.666667"
"2142559994","1541213972","0.666667"
"107663614","1971651108","0.166667"
"1971651108","107663614","0.166667"
"107663614","2024393693","0.666667"
"2024393693","107663614","0.666667"
"107663614","2070906292","1.16667"
"2070906292","107663614","1.16667"
"107663614","2163883713","0.333333"
"2163883713","107663614","0.333333"
"161019385","1971651108","0.166667"
"1971651108","161019385","0.166667"
"161019385","2024393693","0.166667"
"2024393693","161019385","0.166667"
"161019385","2070906292","0.166667"
"2070906292","161019385","0.166667"
"161019385","2142559994","0.166667"
"2142559994","161019385","0.166667"
"161019385","2163883713","0.666667"
"2163883713","161019385","0.666667"
"1971651108","2024393693","0.166667"
"2024393693","1971651108","0.166667"
"1971651108","2070906292","0.166667"
"2070906292","1971651108","0.166667"
"1971651108","2142559994","0.166667"
"2142559994","1971651108","0.166667"
"1971651108","2163883713","0.166667"
"2163883713","1971651108","0.166667"
"2024393693","2070906292","2.16667"
"2070906292","2024393693","2.16667"
"2024393693","2142559994","0.666667"
"2142559994","2024393693","0.666667"
"2024393693","2163883713","0.333333"
"2163883713","2024393693","0.333333"
"2070906292","2142559994","3.16667"
"2142559994","2070906292","3.16667"
"2070906292","2163883713","0.333333"
"2163883713","2070906292","0.333333"
"2142559994","2163883713","0.333333"
"2163883713","2142559994","0.333333"
"107663614","1552094656","2.5"
"1552094656","107663614","2.5"
"114623506","1552094656","0.333333"
"1552094656","114623506","0.333333"
"1541213972","1552094656","0.333333"
"1552094656","1541213972","0.333333"
"107663614","1967931674","1"
"1967931674","107663614","1"
"107663614","1991471462","0.166667"
"1991471462","107663614","0.166667"
"1552094656","1991471462","0.5"
"1991471462","1552094656","0.5"
"1552094656","2024393693","0.166667"
"2024393693","1552094656","0.166667"
"1552094656","2070906292","0.166667"
"2070906292","1552094656","0.166667"
"1552094656","2142559994","0.166667"
"2142559994","1552094656","0.166667"
"1552094656","2163883713","0.5"
"2163883713","1552094656","0.5"
"1991471462","2024393693","0.166667"
"2024393693","1991471462","0.166667"
"1991471462","2070906292","0.166667"
"2070906292","1991471462","0.166667"
"1991471462","2142559994","0.166667"
"2142559994","1991471462","0.166667"
"1991471462","2163883713","5.25"
"2163883713","1991471462","5.25"
"107663614","1549309433","0.47619"
"1549309433","107663614","0.47619"
"107663614","2172062651","0.47619"
"2172062651","107663614","0.47619"
"114623506","1549309433","0.333333"
"1549309433","114623506","0.333333"
"114623506","2172062651","0.333333"
"2172062651","114623506","0.333333"
"1549309433","2172062651","2.80952"
"2172062651","1549309433","2.80952"
"107663614","1536113828","0.333333"
"1536113828","107663614","0.333333"
"107663614","2023580483","0.333333"
"2023580483","107663614","0.333333"
"107663614","2130455574","0.333333"
"2130455574","107663614","0.333333"
"1536113828","2023580483","0.833333"
"2023580483","1536113828","0.833333"
"1536113828","2130455574","9.52738"
"2130455574","1536113828","9.52738"
"2023580483","2130455574","0.7"
"2130455574","2023580483","0.7"
"107663614","1522368393","0.142857"
"1522368393","107663614","0.142857"
"107663614","1540644880","0.142857"
"1540644880","107663614","0.142857"
"107663614","2077566950","0.142857"
"2077566950","107663614","0.142857"
"107663614","2275467866","0.142857"
"2275467866","107663614","0.142857"
"1522368393","1540644880","0.142857"
"1540644880","1522368393","0.142857"
"1522368393","1549309433","1.14286"
"1549309433","1522368393","1.14286"
"1522368393","2077566950","0.142857"
"2077566950","1522368393","0.142857"
"1522368393","2142559994","0.142857"
"2142559994","1522368393","0.142857"
"1522368393","2172062651","0.142857"
"2172062651","1522368393","0.142857"
"1522368393","2275467866","0.142857"
"2275467866","1522368393","0.142857"
"1540644880","1549309433","0.47619"
"1549309433","1540644880","0.47619"
"1540644880","2077566950","0.142857"
"2077566950","1540644880","0.142857"
"1540644880","2142559994","0.142857"
"2142559994","1540644880","0.142857"
"1540644880","2172062651","0.47619"
"2172062651","1540644880","0.47619"
"1540644880","2275467866","0.142857"
"2275467866","1540644880","0.142857"
"1549309433","2077566950","0.142857"
"2077566950","1549309433","0.142857"
"1549309433","2142559994","0.142857"
"2142559994","1549309433","0.142857"
"1549309433","2275467866","0.142857"
"2275467866","1549309433","0.142857"
"2077566950","2142559994","0.142857"
"2142559994","2077566950","0.142857"
"2077566950","2172062651","0.142857"
"2172062651","2077566950","0.142857"
"2077566950","2275467866","14.2262"
"2275467866","2077566950","14.2262"
"2142559994","2172062651","0.142857"
"2172062651","2142559994","0.142857"
"2142559994","2275467866","0.142857"
"2275467866","2142559994","0.142857"
"2172062651","2275467866","0.142857"
"2275467866","2172062651","0.142857"
"11212284","1498799284","1"
"1498799284","11212284","1"
"11212284","2038816187","1.75"
"2038816187","11212284","1.75"
"11212284","1967931674","0.666667"
"1967931674","11212284","0.666667"
"11212284","1991471462","1.08333"
"1991471462","11212284","1.08333"
"11212284","2163883713","0.75"
"2163883713","11212284","0.75"
"1967931674","1991471462","1"
"1991471462","1967931674","1"
"1967931674","2163883713","3.26786"
"2163883713","1967931674","3.26786"
"11212284","149234967","1"
"149234967","11212284","1"
"11212284","2130455574","0.416667"
"2130455574","11212284","0.416667"
"1991471462","2038816187","3.41667"
"2038816187","1991471462","3.41667"
"1991471462","2130455574","0.416667"
"2130455574","1991471462","0.416667"
"2038816187","2130455574","1.91667"
"2130455574","2038816187","1.91667"
"2038816187","2163883713","1.75"
"2163883713","2038816187","1.75"
"2130455574","2163883713","6.16071"
"2163883713","2130455574","6.16071"
"11212284","1566836402","0.166667"
"1566836402","11212284","0.166667"
"11212284","2023580483","0.166667"
"2023580483","11212284","0.166667"
"1566836402","1991471462","0.166667"
"1991471462","1566836402","0.166667"
"1566836402","2023580483","0.416667"
"2023580483","1566836402","0.416667"
"1566836402","2038816187","0.166667"
"2038816187","1566836402","0.166667"
"1566836402","2130455574","0.366667"
"2130455574","1566836402","0.366667"
"1566836402","2163883713","0.416667"
"2163883713","1566836402","0.416667"
"1991471462","2023580483","0.666667"
"2023580483","1991471462","0.666667"
"2023580483","2038816187","0.166667"
"2038816187","2023580483","0.166667"
"2023580483","2163883713","1.41667"
"2163883713","2023580483","1.41667"
"1967931674","2038816187","0.666667"
"2038816187","1967931674","0.666667"
"114623506","2146447172","0.5"
"2146447172","114623506","0.5"
"1541213972","2146447172","0.5"
"2146447172","1541213972","0.5"
"118900859","2167214840","1"
"2167214840","118900859","1"
"118900859","1807996340","0.325"
"1807996340","118900859","0.325"
"118900859","1897545094","0.125"
"1897545094","118900859","0.125"
"118900859","1968407925","0.125"
"1968407925","118900859","0.125"
"118900859","2049684331","0.125"
"2049684331","118900859","0.125"
"118900859","2084909518","0.325"
"2084909518","118900859","0.325"
"118900859","2104778063","0.125"
"2104778063","118900859","0.125"
"118900859","2115338731","0.325"
"2115338731","118900859","0.325"
"118900859","2200177437","0.125"
"2200177437","118900859","0.125"
"1807996340","1897545094","0.125"
"1897545094","1807996340","0.125"
"1807996340","1968407925","0.125"
"1968407925","1807996340","0.125"
"1807996340","2049684331","0.375"
"2049684331","1807996340","0.375"
"1807996340","2084909518","0.325"
"2084909518","1807996340","0.325"
"1807996340","2104778063","0.125"
"2104778063","1807996340","0.125"
"1807996340","2115338731","0.325"
"2115338731","1807996340","0.325"
"1807996340","2200177437","1.375"
"2200177437","1807996340","1.375"
"1897545094","1968407925","0.25"
"1968407925","1897545094","0.25"
"1897545094","2049684331","0.25"
"2049684331","1897545094","0.25"
"1897545094","2084909518","0.625"
"2084909518","1897545094","0.625"
"1897545094","2104778063","0.25"
"2104778063","1897545094","0.25"
"1897545094","2115338731","0.25"
"2115338731","1897545094","0.25"
"1897545094","2200177437","0.125"
"2200177437","1897545094","0.125"
"1968407925","2049684331","0.5"
"2049684331","1968407925","0.5"
"1968407925","2084909518","1.21786"
"2084909518","1968407925","1.21786"
"1968407925","2104778063","3.42619"
"2104778063","1968407925","3.42619"
"1968407925","2115338731","9.22619"
"2115338731","1968407925","9.22619"
"1968407925","2200177437","0.967857"
"2200177437","1968407925","0.967857"
"2049684331","2084909518","0.375"
"2084909518","2049684331","0.375"
"2049684331","2104778063","0.75"
"2104778063","2049684331","0.75"
"2049684331","2115338731","1.83333"
"2115338731","2049684331","1.83333"
"2049684331","2200177437","0.375"
"2200177437","2049684331","0.375"
"2084909518","2104778063","0.967857"
"2104778063","2084909518","0.967857"
"2084909518","2115338731","2.55119"
"2115338731","2084909518","2.55119"
"2084909518","2200177437","1.63452"
"2200177437","2084909518","1.63452"
"2104778063","2115338731","1.22619"
"2115338731","2104778063","1.22619"
"2104778063","2200177437","1.21786"
"2200177437","2104778063","1.21786"
"2115338731","2200177437","0.767857"
"2200177437","2115338731","0.767857"
"118900859","1801798365","0.333333"
"1801798365","118900859","0.333333"
"118900859","2054542377","0.333333"
"2054542377","118900859","0.333333"
"118900859","69498482","0.333333"
"69498482","118900859","0.333333"
"1801798365","2054542377","0.559524"
"2054542377","1801798365","0.559524"
"1801798365","69498482","0.583333"
"69498482","1801798365","0.583333"
"2054542377","69498482","0.592157"
"69498482","2054542377","0.592157"
"118900859","1605322348","0.25"
"1605322348","118900859","0.25"
"118900859","2119788152","0.25"
"2119788152","118900859","0.25"
"118900859","2553758616","0.25"
"2553758616","118900859","0.25"
"118900859","76419540","0.25"
"76419540","118900859","0.25"
"1605322348","2119788152","0.25"
"2119788152","1605322348","0.25"
"1605322348","2553758616","0.25"
"2553758616","1605322348","0.25"
"1605322348","76419540","0.25"
"76419540","1605322348","0.25"
"2119788152","2553758616","1.25"
"2553758616","2119788152","1.25"
"2119788152","76419540","5.25"
"76419540","2119788152","5.25"
"2553758616","76419540","3.17424"
"76419540","2553758616","3.17424"
"118900859","1600120165","0.2"
"1600120165","118900859","0.2"
"118900859","2257040333","0.2"
"2257040333","118900859","0.2"
"1600120165","1807996340","0.508824"
"1807996340","1600120165","0.508824"
"1600120165","2084909518","0.2"
"2084909518","1600120165","0.2"
"1600120165","2115338731","0.658333"
"2115338731","1600120165","0.658333"
"1600120165","2257040333","0.2"
"2257040333","1600120165","0.2"
"1807996340","2257040333","0.2"
"2257040333","1807996340","0.2"
"2084909518","2257040333","0.2"
"2257040333","2084909518","0.2"
"2115338731","2257040333","0.2"
"2257040333","2115338731","0.2"
"11893406","1968407925","1.89286"
"1968407925","11893406","1.89286"
"11893406","2115338731","1.89286"
"2115338731","11893406","1.89286"
"11893406","2049684331","0.5"
"2049684331","11893406","0.5"
"11893406","2084909518","0.392857"
"2084909518","11893406","0.392857"
"11893406","2163306109","0.47619"
"2163306109","11893406","0.47619"
"11893406","2466491136","0.333333"
"2466491136","11893406","0.333333"
"11893406","69498482","0.47619"
"69498482","11893406","0.47619"
"2163306109","2466491136","0.333333"
"2466491136","2163306109","0.333333"
"2163306109","69498482","0.868347"
"69498482","2163306109","0.868347"
"2466491136","69498482","0.333333"
"69498482","2466491136","0.333333"
"11893406","2104778063","2.14286"
"2104778063","11893406","2.14286"
"11893406","2200177437","0.483766"
"2200177437","11893406","0.483766"
"11893406","2396848854","0.142857"
"2396848854","11893406","0.142857"
"11893406","2470579970","0.376623"
"2470579970","11893406","0.376623"
"1968407925","2396848854","4.25952"
"2396848854","1968407925","4.25952"
"1968407925","2470579970","0.142857"
"2470579970","1968407925","0.142857"
"2084909518","2396848854","0.509524"
"2396848854","2084909518","0.509524"
"2084909518","2470579970","0.142857"
"2470579970","2084909518","0.142857"
"2104778063","2396848854","2.00952"
"2396848854","2104778063","2.00952"
"2104778063","2470579970","0.142857"
"2470579970","2104778063","0.142857"
"2115338731","2396848854","0.559524"
"2396848854","2115338731","0.559524"
"2115338731","2470579970","0.142857"
"2470579970","2115338731","0.142857"
"2200177437","2396848854","0.509524"
"2396848854","2200177437","0.509524"
"2200177437","2470579970","0.233766"
"2470579970","2200177437","0.233766"
"2396848854","2470579970","0.142857"
"2470579970","2396848854","0.142857"
"11893406","1504926927","0.5"
"1504926927","11893406","0.5"
"11893406","76419540","0.983766"
"76419540","11893406","0.983766"
"1504926927","76419540","0.833333"
"76419540","1504926927","0.833333"
"11893406","1957272438","0.233766"
"1957272438","11893406","0.233766"
"11893406","2257040333","0.142857"
"2257040333","11893406","0.142857"
"11893406","2301638505","0.376623"
"2301638505","11893406","0.376623"
"11893406","2542008220","0.233766"
"2542008220","11893406","0.233766"
"11893406","2548298407","0.142857"
"2548298407","11893406","0.142857"
"11893406","2620878783","0.376623"
"2620878783","11893406","0.376623"
"1957272438","2257040333","0.142857"
"2257040333","1957272438","0.142857"
"1957272438","2301638505","0.233766"
"2301638505","1957272438","0.233766"
"1957272438","2542008220","0.233766"
"2542008220","1957272438","0.233766"
"1957272438","2548298407","4.14286"
"2548298407","1957272438","4.14286"
"1957272438","2620878783","0.233766"
"2620878783","1957272438","0.233766"
"1957272438","76419540","0.233766"
"76419540","1957272438","0.233766"
"2257040333","2301638505","2.41071"
"2301638505","2257040333","2.41071"
"2257040333","2542008220","0.142857"
"2542008220","2257040333","0.142857"
"2257040333","2548298407","0.142857"
"2548298407","2257040333","0.142857"
"2257040333","2620878783","0.934524"
"2620878783","2257040333","0.934524"
"2257040333","76419540","0.142857"
"76419540","2257040333","0.142857"
"2301638505","2542008220","0.428211"
"2542008220","2301638505","0.428211"
"2301638505","2548298407","0.142857"
"2548298407","2301638505","0.142857"
"2301638505","2620878783","9.19607"
"2620878783","2301638505","9.19607"
"2301638505","76419540","0.233766"
"76419540","2301638505","0.233766"
"2542008220","2548298407","0.142857"
"2548298407","2542008220","0.142857"
"2542008220","2620878783","0.428211"
"2620878783","2542008220","0.428211"
"2542008220","76419540","0.233766"
"76419540","2542008220","0.233766"
"2548298407","2620878783","0.142857"
"2620878783","2548298407","0.142857"
"2548298407","76419540","0.142857"
"76419540","2548298407","0.142857"
"2620878783","76419540","0.233766"
"76419540","2620878783","0.233766"
"11893406","1772721384","0.142857"
"1772721384","11893406","0.142857"
"11893406","2741680420","0.142857"
"2741680420","11893406","0.142857"
"1772721384","2163306109","0.201681"
"2163306109","1772721384","0.201681"
"1772721384","2301638505","1.14286"
"2301638505","1772721384","1.14286"
"1772721384","2470579970","0.142857"
"2470579970","1772721384","0.142857"
"1772721384","2620878783","0.142857"
"2620878783","1772721384","0.142857"
"1772721384","2741680420","1.14286"
"2741680420","1772721384","1.14286"
"1772721384","69498482","0.201681"
"69498482","1772721384","0.201681"
"2163306109","2301638505","1.22619"
"2301638505","2163306109","1.22619"
"2163306109","2470579970","0.559524"
"2470579970","2163306109","0.559524"
"2163306109","2620878783","0.22619"
"2620878783","2163306109","0.22619"
"2163306109","2741680420","0.142857"
"2741680420","2163306109","0.142857"
"2301638505","2470579970","18.4421"
"2470579970","2301638505","18.4421"
"2301638505","2741680420","0.309524"
"2741680420","2301638505","0.309524"
"2301638505","69498482","0.142857"
"69498482","2301638505","0.142857"
"2470579970","2620878783","6.9421"
"2620878783","2470579970","6.9421"
"2470579970","2741680420","0.309524"
"2741680420","2470579970","0.309524"
"2470579970","69498482","0.47619"
"69498482","2470579970","0.47619"
"2620878783","2741680420","0.309524"
"2741680420","2620878783","0.309524"
"2620878783","69498482","0.142857"
"69498482","2620878783","0.142857"
"2741680420","69498482","0.142857"
"69498482","2741680420","0.142857"
"11893406","2104990432","0.0909091"
"2104990432","11893406","0.0909091"
"11893406","2110961693","0.0909091"
"2110961693","11893406","0.0909091"
"11893406","2400726252","0.0909091"
"2400726252","11893406","0.0909091"
"11893406","2553758616","0.0909091"
"2553758616","11893406","0.0909091"
"1957272438","2104990432","0.0909091"
"2104990432","1957272438","0.0909091"
"1957272438","2110961693","0.0909091"
"2110961693","1957272438","0.0909091"
"1957272438","2200177437","0.0909091"
"2200177437","1957272438","0.0909091"
"1957272438","2400726252","0.0909091"
"2400726252","1957272438","0.0909091"
"1957272438","2470579970","0.0909091"
"2470579970","1957272438","0.0909091"
"1957272438","2553758616","0.0909091"
"2553758616","1957272438","0.0909091"
"2104990432","2110961693","0.340909"
"2110961693","2104990432","0.340909"
"2104990432","2200177437","0.590909"
"2200177437","2104990432","0.590909"
"2104990432","2301638505","1.03535"
"2301638505","2104990432","1.03535"
"2104990432","2400726252","0.0909091"
"2400726252","2104990432","0.0909091"
"2104990432","2470579970","0.507576"
"2470579970","2104990432","0.507576"
"2104990432","2542008220","0.344177"
"2542008220","2104990432","0.344177"
"2104990432","2553758616","0.92751"
"2553758616","2104990432","0.92751"
"2104990432","2620878783","1.78535"
"2620878783","2104990432","1.78535"
"2104990432","76419540","0.424242"
"76419540","2104990432","0.424242"
"2110961693","2200177437","0.0909091"
"2200177437","2110961693","0.0909091"
"2110961693","2301638505","2.23377"
"2301638505","2110961693","2.23377"
"2110961693","2400726252","0.0909091"
"2400726252","2110961693","0.0909091"
"2110961693","2470579970","0.757576"
"2470579970","2110961693","0.757576"
"2110961693","2542008220","0.0909091"
"2542008220","2110961693","0.0909091"
"2110961693","2553758616","0.233766"
"2553758616","2110961693","0.233766"
"2110961693","2620878783","0.757576"
"2620878783","2110961693","0.757576"
"2110961693","76419540","0.0909091"
"76419540","2110961693","0.0909091"
"2200177437","2301638505","0.0909091"
"2301638505","2200177437","0.0909091"
"2200177437","2400726252","0.0909091"
"2400726252","2200177437","0.0909091"
"2200177437","2542008220","0.290909"
"2542008220","2200177437","0.290909"
"2200177437","2553758616","0.0909091"
"2553758616","2200177437","0.0909091"
"2200177437","2620878783","0.0909091"
"2620878783","2200177437","0.0909091"
"2200177437","76419540","0.340909"
"76419540","2200177437","0.340909"
"2301638505","2400726252","0.0909091"
"2400726252","2301638505","0.0909091"
"2301638505","2553758616","0.410354"
"2553758616","2301638505","0.410354"
"2400726252","2470579970","0.0909091"
"2470579970","2400726252","0.0909091"
"2400726252","2542008220","0.0909091"
"2542008220","2400726252","0.0909091"
"2400726252","2553758616","0.0909091"
"2553758616","2400726252","0.0909091"
"2400726252","2620878783","0.0909091"
"2620878783","2400726252","0.0909091"
"2400726252","76419540","0.0909091"
"76419540","2400726252","0.0909091"
"2470579970","2542008220","0.174242"
"2542008220","2470579970","0.174242"
"2470579970","2553758616","0.799242"
"2553758616","2470579970","0.799242"
"2470579970","76419540","0.0909091"
"76419540","2470579970","0.0909091"
"2542008220","2553758616","0.344177"
"2553758616","2542008220","0.344177"
"2553758616","2620878783","0.910354"
"2620878783","2553758616","0.910354"
"11893406","1807996340","0.25"
"1807996340","11893406","0.25"
"1807996340","76419540","0.25"
"76419540","1807996340","0.25"
"2049684331","76419540","0.25"
"76419540","2049684331","0.25"
"1246540336","1498799284","0.25"
"1498799284","1246540336","0.25"
"1246540336","1536113828","0.25"
"1536113828","1246540336","0.25"
"1246540336","2130455574","0.25"
"2130455574","1246540336","0.25"
"1246540336","2163883713","0.25"
"2163883713","1246540336","0.25"
"1498799284","1536113828","1.08333"
"1536113828","1498799284","1.08333"
"1498799284","2130455574","1.83333"
"2130455574","1498799284","1.83333"
"1498799284","2163883713","0.75"
"2163883713","1498799284","0.75"
"1536113828","2163883713","4.74405"
"2163883713","1536113828","4.74405"
"133457394","1967931674","1.04167"
"1967931674","133457394","1.04167"
"133457394","2023580483","0.5"
"2023580483","133457394","0.5"
"1967931674","2023580483","1.7"
"2023580483","1967931674","1.7"
"133457394","1536113828","1.01786"
"1536113828","133457394","1.01786"
"133457394","1575385345","0.125"
"1575385345","133457394","0.125"
"133457394","1796560052","0.267857"
"1796560052","133457394","0.267857"
"133457394","1888008969","0.125"
"1888008969","133457394","0.125"
"133457394","2130455574","1.68452"
"2130455574","133457394","1.68452"
"133457394","2163883713","1.01786"
"2163883713","133457394","1.01786"
"133457394","2416846005","0.125"
"2416846005","133457394","0.125"
"1536113828","1575385345","0.125"
"1575385345","1536113828","0.125"
"1536113828","1796560052","0.860714"
"1796560052","1536113828","0.860714"
"1536113828","1888008969","0.125"
"1888008969","1536113828","0.125"
"1536113828","1967931674","1.63452"
"1967931674","1536113828","1.63452"
"1536113828","2416846005","0.125"
"2416846005","1536113828","0.125"
"1575385345","1796560052","0.25"
"1796560052","1575385345","0.25"
"1575385345","1888008969","0.25"
"1888008969","1575385345","0.25"
"1575385345","1967931674","0.125"
"1967931674","1575385345","0.125"
"1575385345","2130455574","0.125"
"2130455574","1575385345","0.125"
"1575385345","2163883713","0.125"
"2163883713","1575385345","0.125"
"1575385345","2416846005","0.125"
"2416846005","1575385345","0.125"
"1796560052","1888008969","0.25"
"1888008969","1796560052","0.25"
"1796560052","1967931674","2.75119"
"1967931674","1796560052","2.75119"
"1796560052","2130455574","1.56071"
"2130455574","1796560052","1.56071"
"1796560052","2163883713","0.660714"
"2163883713","1796560052","0.660714"
"1796560052","2416846005","0.125"
"2416846005","1796560052","0.125"
"1888008969","1967931674","0.125"
"1967931674","1888008969","0.125"
"1888008969","2130455574","0.125"
"2130455574","1888008969","0.125"
"1888008969","2163883713","0.125"
"2163883713","1888008969","0.125"
"1888008969","2416846005","3.125"
"2416846005","1888008969","3.125"
"1967931674","2130455574","4.33452"
"2130455574","1967931674","4.33452"
"1967931674","2416846005","0.125"
"2416846005","1967931674","0.125"
"2130455574","2416846005","0.125"
"2416846005","2130455574","0.125"
"2163883713","2416846005","0.125"
"2416846005","2163883713","0.125"
"133457394","161019385","0.166667"
"161019385","133457394","0.166667"
"133457394","2146447172","0.166667"
"2146447172","133457394","0.166667"
"1536113828","161019385","0.166667"
"161019385","1536113828","0.166667"
"1536113828","2146447172","0.166667"
"2146447172","1536113828","0.166667"
"161019385","1967931674","0.166667"
"1967931674","161019385","0.166667"
"161019385","2130455574","0.5"
"2130455574","161019385","0.5"
"161019385","2146447172","0.416667"
"2146447172","161019385","0.416667"
"1967931674","2146447172","0.166667"
"2146447172","1967931674","0.166667"
"2130455574","2146447172","0.166667"
"2146447172","2130455574","0.166667"
"2146447172","2163883713","0.916667"
"2163883713","2146447172","0.916667"
"133457394","2107879810","0.142857"
"2107879810","133457394","0.142857"
"133457394","2137603642","0.142857"
"2137603642","133457394","0.142857"
"133457394","2209807752","0.142857"
"2209807752","133457394","0.142857"
"1536113828","2107879810","0.142857"
"2107879810","1536113828","0.142857"
"1536113828","2137603642","0.142857"
"2137603642","1536113828","0.142857"
"1536113828","2209807752","0.642857"
"2209807752","1536113828","0.642857"
"1796560052","2107879810","0.142857"
"2107879810","1796560052","0.142857"
"1796560052","2137603642","0.342857"
"2137603642","1796560052","0.342857"
"1796560052","2209807752","0.767857"
"2209807752","1796560052","0.767857"
"2107879810","2130455574","0.142857"
"2130455574","2107879810","0.142857"
"2107879810","2137603642","0.142857"
"2137603642","2107879810","0.142857"
"2107879810","2163883713","0.142857"
"2163883713","2107879810","0.142857"
"2107879810","2209807752","0.142857"
"2209807752","2107879810","0.142857"
"2130455574","2137603642","1.59286"
"2137603642","2130455574","1.59286"
"2130455574","2209807752","0.642857"
"2209807752","2130455574","0.642857"
"2137603642","2163883713","0.142857"
"2163883713","2137603642","0.142857"
"2137603642","2209807752","0.47619"
"2209807752","2137603642","0.47619"
"2163883713","2209807752","0.142857"
"2209807752","2163883713","0.142857"
"133457394","2741680420","0.333333"
"2741680420","133457394","0.333333"
"1536113828","2741680420","0.333333"
"2741680420","1536113828","0.333333"
"2163883713","2741680420","0.333333"
"2741680420","2163883713","0.333333"
"1484429151","2169250641","2"
"2169250641","1484429151","2"
"1484429151","1888301281","0.325"
"1888301281","1484429151","0.325"
"1484429151","1976119155","0.525"
"1976119155","1484429151","0.525"
"1484429151","2030197114","0.525"
"2030197114","1484429151","0.525"
"1484429151","2054032212","1.65833"
"2054032212","1484429151","1.65833"
"1484429151","2119788152","0.325"
"2119788152","1484429151","0.325"
"1888301281","1976119155","0.325"
"1976119155","1888301281","0.325"
"1888301281","2030197114","0.325"
"2030197114","1888301281","0.325"
"1888301281","2054032212","0.325"
"2054032212","1888301281","0.325"
"1888301281","2119788152","0.325"
"2119788152","1888301281","0.325"
"1976119155","2030197114","0.525"
"2030197114","1976119155","0.525"
"1976119155","2054032212","0.636111"
"2054032212","1976119155","0.636111"
"1976119155","2119788152","0.325"
"2119788152","1976119155","0.325"
"2030197114","2054032212","0.325"
"2054032212","2030197114","0.325"
"2030197114","2119788152","0.325"
"2119788152","2030197114","0.325"
"2054032212","2119788152","0.325"
"2119788152","2054032212","0.325"
"1484429151","1529366839","0.666667"
"1529366839","1484429151","0.666667"
"1484429151","2080977768","0.333333"
"2080977768","1484429151","0.333333"
"1529366839","2054032212","0.333333"
"2054032212","1529366839","0.333333"
"1529366839","2080977768","0.333333"
"2080977768","1529366839","0.333333"
"2054032212","2080977768","0.333333"
"2080977768","2054032212","0.333333"
"1484429151","2094112778","0.333333"
"2094112778","1484429151","0.333333"
"1484429151","2196751714","0.333333"
"2196751714","1484429151","0.333333"
"1529366839","2094112778","6.33333"
"2094112778","1529366839","6.33333"
"1529366839","2196751714","0.333333"
"2196751714","1529366839","0.333333"
"2094112778","2196751714","1.33333"
"2196751714","2094112778","1.33333"
"1484429151","1968407925","0.25"
"1968407925","1484429151","0.25"
"1484429151","2057761625","0.25"
"2057761625","1484429151","0.25"
"1484429151","2146447172","0.25"
"2146447172","1484429151","0.25"
"1484429151","2163883713","0.25"
"2163883713","1484429151","0.25"
"1968407925","2057761625","0.25"
"2057761625","1968407925","0.25"
"1968407925","2146447172","0.25"
"2146447172","1968407925","0.25"
"1968407925","2163883713","0.25"
"2163883713","1968407925","0.25"
"2057761625","2146447172","0.25"
"2146447172","2057761625","0.25"
"2057761625","2163883713","0.583333"
"2163883713","2057761625","0.583333"
"1484429151","1973838045","0.125"
"1973838045","1484429151","0.125"
"1484429151","2109904151","0.125"
"2109904151","1484429151","0.125"
"1484429151","2166782621","0.125"
"2166782621","1484429151","0.125"
"1888301281","1973838045","0.125"
"1973838045","1888301281","0.125"
"1888301281","2109904151","0.125"
"2109904151","1888301281","0.125"
"1888301281","2166782621","0.125"
"2166782621","1888301281","0.125"
"1973838045","1976119155","0.125"
"1976119155","1973838045","0.125"
"1973838045","2030197114","0.294935"
"2030197114","1973838045","0.294935"
"1973838045","2054032212","0.125"
"2054032212","1973838045","0.125"
"1973838045","2109904151","0.125"
"2109904151","1973838045","0.125"
"1973838045","2119788152","0.125"
"2119788152","1973838045","0.125"
"1973838045","2166782621","0.125"
"2166782621","1973838045","0.125"
"1976119155","2109904151","0.125"
"2109904151","1976119155","0.125"
"1976119155","2166782621","0.125"
"2166782621","1976119155","0.125"
"2030197114","2109904151","0.125"
"2109904151","2030197114","0.125"
"2030197114","2166782621","0.125"
"2166782621","2030197114","0.125"
"2054032212","2109904151","0.125"
"2109904151","2054032212","0.125"
"2054032212","2166782621","0.125"
"2166782621","2054032212","0.125"
"2109904151","2119788152","0.125"
"2119788152","2109904151","0.125"
"2109904151","2166782621","0.125"
"2166782621","2109904151","0.125"
"2119788152","2166782621","0.125"
"2166782621","2119788152","0.125"
"1484429151","1801798365","0.2"
"1801798365","1484429151","0.2"
"1484429151","2137603642","0.2"
"2137603642","1484429151","0.2"
"1484429151","2171548451","0.2"
"2171548451","1484429151","0.2"
"1801798365","1976119155","0.2"
"1976119155","1801798365","0.2"
"1801798365","2030197114","1.06905"
"2030197114","1801798365","1.06905"
"1801798365","2137603642","0.2"
"2137603642","1801798365","0.2"
"1801798365","2171548451","0.2"
"2171548451","1801798365","0.2"
"1976119155","2137603642","0.2"
"2137603642","1976119155","0.2"
"1976119155","2171548451","0.2"
"2171548451","1976119155","0.2"
"2030197114","2137603642","0.2"
"2137603642","2030197114","0.2"
"2030197114","2171548451","0.2"
"2171548451","2030197114","0.2"
"2137603642","2171548451","0.2"
"2171548451","2137603642","0.2"
"1484429151","2200177437","1"
"2200177437","1484429151","1"
"149234967","1498799284","0.5"
"1498799284","149234967","0.5"
"149234967","2023580483","1.75"
"2023580483","149234967","1.75"
"1498799284","2023580483","0.5"
"2023580483","1498799284","0.5"
"149234967","1967931674","0.583333"
"1967931674","149234967","0.583333"
"149234967","2986020773","0.583333"
"2986020773","149234967","0.583333"
"149234967","63716686","0.583333"
"63716686","149234967","0.583333"
"1967931674","2986020773","1.33333"
"2986020773","1967931674","1.33333"
"1967931674","63716686","3.92619"
"63716686","1967931674","3.92619"
"2986020773","63716686","0.583333"
"63716686","2986020773","0.583333"
"2023580483","2986020773","2"
"2986020773","2023580483","2"
"2023580483","63716686","0.45"
"63716686","2023580483","0.45"
"149234967","1536113828","0.333333"
"1536113828","149234967","0.333333"
"149234967","2130455574","0.333333"
"2130455574","149234967","0.333333"
"149234967","2163883713","0.333333"
"2163883713","149234967","0.333333"
"149234967","2137603642","1"
"2137603642","149234967","1"
"1498799284","1967931674","1"
"1967931674","1498799284","1"
"1498799284","1796560052","5.375"
"1796560052","1498799284","5.375"
"1498799284","1544660485","0.75"
"1544660485","1498799284","0.75"
"1536113828","1544660485","0.892857"
"1544660485","1536113828","0.892857"
"1544660485","1967931674","1.39286"
"1967931674","1544660485","1.39286"
"1544660485","2130455574","0.642857"
"2130455574","1544660485","0.642857"
"1498799284","2109377833","0.333333"
"2109377833","1498799284","0.333333"
"1536113828","2109377833","0.333333"
"2109377833","1536113828","0.333333"
"2109377833","2130455574","0.333333"
"2130455574","2109377833","0.333333"
"1498799284","2057761625","0.375"
"2057761625","1498799284","0.375"
"1498799284","2396128519","0.25"
"2396128519","1498799284","0.25"
"1498799284","2403654857","0.25"
"2403654857","1498799284","0.25"
"1796560052","2057761625","1.375"
"2057761625","1796560052","1.375"
"1796560052","2396128519","0.25"
"2396128519","1796560052","0.25"
"1796560052","2403654857","0.45"
"2403654857","1796560052","0.45"
"2057761625","2396128519","0.25"
"2396128519","2057761625","0.25"
"2057761625","2403654857","1.25"
"2403654857","2057761625","1.25"
"2396128519","2403654857","0.25"
"2403654857","2396128519","0.25"
"1498799284","1575385345","0.125"
"1575385345","1498799284","0.125"
"1498799284","161019385","0.125"
"161019385","1498799284","0.125"
"1498799284","181056028","0.125"
"181056028","1498799284","0.125"
"1498799284","1888008969","0.125"
"1888008969","1498799284","0.125"
"1498799284","2209807752","0.125"
"2209807752","1498799284","0.125"
"1498799284","2255166473","0.125"
"2255166473","1498799284","0.125"
"1575385345","161019385","0.125"
"161019385","1575385345","0.125"
"1575385345","181056028","0.125"
"181056028","1575385345","0.125"
"1575385345","2057761625","0.125"
"2057761625","1575385345","0.125"
"1575385345","2209807752","0.125"
"2209807752","1575385345","0.125"
"1575385345","2255166473","0.125"
"2255166473","1575385345","0.125"
"161019385","1796560052","0.625"
"1796560052","161019385","0.625"
"161019385","181056028","0.125"
"181056028","161019385","0.125"
"161019385","1888008969","0.625"
"1888008969","161019385","0.625"
"161019385","2057761625","0.458333"
"2057761625","161019385","0.458333"
"161019385","2209807752","0.625"
"2209807752","161019385","0.625"
"161019385","2255166473","0.625"
"2255166473","161019385","0.625"
"1796560052","181056028","0.267857"
"181056028","1796560052","0.267857"
"1796560052","2255166473","0.125"
"2255166473","1796560052","0.125"
"181056028","1888008969","0.125"
"1888008969","181056028","0.125"
"181056028","2057761625","0.125"
"2057761625","181056028","0.125"
"181056028","2209807752","0.125"
"2209807752","181056028","0.125"
"181056028","2255166473","1.125"
"2255166473","181056028","1.125"
"1888008969","2057761625","0.125"
"2057761625","1888008969","0.125"
"1888008969","2209807752","0.125"
"2209807752","1888008969","0.125"
"1888008969","2255166473","0.625"
"2255166473","1888008969","0.625"
"2057761625","2209807752","0.458333"
"2209807752","2057761625","0.458333"
"2057761625","2255166473","0.125"
"2255166473","2057761625","0.125"
"2209807752","2255166473","0.125"
"2255166473","2209807752","0.125"
"1498799284","1600475986","0.25"
"1600475986","1498799284","0.25"
"1498799284","2196751714","0.25"
"2196751714","1498799284","0.25"
"1544660485","1600475986","0.25"
"1600475986","1544660485","0.25"
"1544660485","2163883713","0.892857"
"2163883713","1544660485","0.892857"
"1544660485","2196751714","0.25"
"2196751714","1544660485","0.25"
"1600475986","2163883713","0.25"
"2163883713","1600475986","0.25"
"1600475986","2196751714","0.25"
"2196751714","1600475986","0.25"
"2163883713","2196751714","0.5"
"2196751714","2163883713","0.5"
"1498799284","2137603642","0.25"
"2137603642","1498799284","0.25"
"1498799284","63716686","0.25"
"63716686","1498799284","0.25"
"1544660485","2137603642","0.25"
"2137603642","1544660485","0.25"
"1544660485","63716686","0.392857"
"63716686","1544660485","0.392857"
"2130455574","63716686","1.09286"
"63716686","2130455574","1.09286"
"2137603642","63716686","0.45"
"63716686","2137603642","0.45"
"1504926927","2104990432","1.09216"
"2104990432","1504926927","1.09216"
"1504926927","2106252902","1.55882"
"2106252902","1504926927","1.55882"
"2104990432","2106252902","1.05882"
"2106252902","2104990432","1.05882"
"1504926927","1600120165","0.0588235"
"1600120165","1504926927","0.0588235"
"1504926927","1772721384","0.0588235"
"1772721384","1504926927","0.0588235"
"1504926927","1807996340","0.0588235"
"1807996340","1504926927","0.0588235"
"1504926927","1887202616","0.258824"
"1887202616","1504926927","0.258824"
"1504926927","1973838045","0.0588235"
"1973838045","1504926927","0.0588235"
"1504926927","2023081717","0.0588235"
"2023081717","1504926927","0.0588235"
"1504926927","2030197114","0.0588235"
"2030197114","1504926927","0.0588235"
"1504926927","2054542377","0.258824"
"2054542377","1504926927","0.258824"
"1504926927","2163306109","0.0588235"
"2163306109","1504926927","0.0588235"
"1504926927","2167214840","0.258824"
"2167214840","1504926927","0.258824"
"1504926927","2403654857","0.0588235"
"2403654857","1504926927","0.0588235"
"1504926927","2542008220","0.0588235"
"2542008220","1504926927","0.0588235"
"1504926927","2553758616","0.392157"
"2553758616","1504926927","0.392157"
"1504926927","2952542919","0.0588235"
"2952542919","1504926927","0.0588235"
"1504926927","69498482","0.258824"
"69498482","1504926927","0.258824"
"1600120165","1772721384","0.0588235"
"1772721384","1600120165","0.0588235"
"1600120165","1887202616","0.0588235"
"1887202616","1600120165","0.0588235"
"1600120165","1973838045","0.0588235"
"1973838045","1600120165","0.0588235"
"1600120165","2023081717","0.183824"
"2023081717","1600120165","0.183824"
"1600120165","2030197114","0.0588235"
"2030197114","1600120165","0.0588235"
"1600120165","2054542377","0.0588235"
"2054542377","1600120165","0.0588235"
"1600120165","2104990432","0.0588235"
"2104990432","1600120165","0.0588235"
"1600120165","2106252902","0.0588235"
"2106252902","1600120165","0.0588235"
"1600120165","2163306109","0.0588235"
"2163306109","1600120165","0.0588235"
"1600120165","2167214840","0.0588235"
"2167214840","1600120165","0.0588235"
"1600120165","2403654857","0.0588235"
"2403654857","1600120165","0.0588235"
"1600120165","2542008220","0.0588235"
"2542008220","1600120165","0.0588235"
"1600120165","2553758616","0.0588235"
"2553758616","1600120165","0.0588235"
"1600120165","2952542919","0.0588235"
"2952542919","1600120165","0.0588235"
"1600120165","69498482","0.308824"
"69498482","1600120165","0.308824"
"1772721384","1807996340","0.0588235"
"1807996340","1772721384","0.0588235"
"1772721384","1887202616","0.0588235"
"1887202616","1772721384","0.0588235"
"1772721384","1973838045","0.0588235"
"1973838045","1772721384","0.0588235"
"1772721384","2023081717","0.0588235"
"2023081717","1772721384","0.0588235"
"1772721384","2030197114","0.0588235"
"2030197114","1772721384","0.0588235"
"1772721384","2054542377","0.0588235"
"2054542377","1772721384","0.0588235"
"1772721384","2104990432","0.0588235"
"2104990432","1772721384","0.0588235"
"1772721384","2106252902","0.0588235"
"2106252902","1772721384","0.0588235"
"1772721384","2167214840","0.0588235"
"2167214840","1772721384","0.0588235"
"1772721384","2403654857","0.0588235"
"2403654857","1772721384","0.0588235"
"1772721384","2542008220","0.0588235"
"2542008220","1772721384","0.0588235"
"1772721384","2553758616","0.0588235"
"2553758616","1772721384","0.0588235"
"1772721384","2952542919","0.0588235"
"2952542919","1772721384","0.0588235"
"1807996340","1887202616","0.0588235"
"1887202616","1807996340","0.0588235"
"1807996340","1973838045","0.0588235"
"1973838045","1807996340","0.0588235"
"1807996340","2023081717","0.0588235"
"2023081717","1807996340","0.0588235"
"1807996340","2030197114","0.0588235"
"2030197114","1807996340","0.0588235"
"1807996340","2054542377","0.0588235"
"2054542377","1807996340","0.0588235"
"1807996340","2104990432","1.05882"
"2104990432","1807996340","1.05882"
"1807996340","2106252902","0.0588235"
"2106252902","1807996340","0.0588235"
"1807996340","2163306109","0.0588235"
"2163306109","1807996340","0.0588235"
"1807996340","2167214840","0.0588235"
"2167214840","1807996340","0.0588235"
"1807996340","2403654857","0.0588235"
"2403654857","1807996340","0.0588235"
"1807996340","2542008220","0.0588235"
"2542008220","1807996340","0.0588235"
"1807996340","2553758616","0.0588235"
"2553758616","1807996340","0.0588235"
"1807996340","2952542919","0.0588235"
"2952542919","1807996340","0.0588235"
"1807996340","69498482","0.308824"
"69498482","1807996340","0.308824"
"1887202616","1973838045","0.0588235"
"1973838045","1887202616","0.0588235"
