"110264556","2004068299","0.833333"
"2004068299","110264556","0.833333"
"110264556","2079680557","0.910256"
"2079680557","110264556","0.910256"
"2004068299","2079680557","22.7"
"2079680557","2004068299","22.7"
"110264556","2110183025","2.33333"
"2110183025","110264556","2.33333"
"110264556","2101924850","0.576923"
"2101924850","110264556","0.576923"
"110264556","2565966100","0.576923"
"2565966100","110264556","0.576923"
"2101924850","2565966100","0.826923"
"2565966100","2101924850","0.826923"
"110264556","2082539276","0.5"
"2082539276","110264556","0.5"
"110264556","2737636713","0.5"
"2737636713","110264556","0.5"
"2082539276","2737636713","0.508547"
"2737636713","2082539276","0.508547"
"110264556","1844869736","0.44359"
"1844869736","110264556","0.44359"
"110264556","1955211732","0.666667"
"1955211732","110264556","0.666667"
"110264556","2012453515","0.166667"
"2012453515","110264556","0.166667"
"110264556","2078201143","0.166667"
"2078201143","110264556","0.166667"
"110264556","2119112976","0.44359"
"2119112976","110264556","0.44359"
"110264556","46069162","0.44359"
"46069162","110264556","0.44359"
"1844869736","1955211732","0.166667"
"1955211732","1844869736","0.166667"
"1844869736","2012453515","0.515079"
"2012453515","1844869736","0.515079"
"1844869736","2078201143","0.372222"
"2078201143","1844869736","0.372222"
"1844869736","2119112976","6.56354"
"2119112976","1844869736","6.56354"
"1844869736","46069162","7.56354"
"46069162","1844869736","7.56354"
"1955211732","2012453515","0.305517"
"2012453515","1955211732","0.305517"
"1955211732","2078201143","0.175214"
"2078201143","1955211732","0.175214"
"1955211732","2119112976","0.19697"
"2119112976","1955211732","0.19697"
"1955211732","46069162","0.19697"
"46069162","1955211732","0.19697"
"2012453515","2078201143","5.68547"
"2078201143","2012453515","5.68547"
"2012453515","2119112976","0.545382"
"2119112976","2012453515","0.545382"
"2012453515","46069162","0.545382"
"46069162","2012453515","0.545382"
"2078201143","2119112976","0.372222"
"2119112976","2078201143","0.372222"
"2078201143","46069162","0.372222"
"46069162","2078201143","0.372222"
"2119112976","46069162","6.59384"
"46069162","2119112976","6.59384"
"2004068299","2110183025","2.75"
"2110183025","2004068299","2.75"
"2079680557","2110183025","2.45238"
"2110183025","2079680557","2.45238"
"110264556","2342915065","0.333333"
"2342915065","110264556","0.333333"
"110264556","2888019619","0.333333"
"2888019619","110264556","0.333333"
"110264556","2980905101","0.333333"
"2980905101","110264556","0.333333"
"2342915065","2888019619","0.883333"
"2888019619","2342915065","0.883333"
"2342915065","2980905101","0.383333"
"2980905101","2342915065","0.383333"
"2888019619","2980905101","3.38333"
"2980905101","2888019619","3.38333"
"110264556","1575538451","0.5"
"1575538451","110264556","0.5"
"110264556","2912614114","0.5"
"2912614114","110264556","0.5"
"1575538451","2912614114","0.5"
"2912614114","1575538451","0.5"
"110264556","1967387730","0.276923"
"1967387730","110264556","0.276923"
"110264556","2132965194","0.2"
"2132965194","110264556","0.2"
"1844869736","1967387730","0.290812"
"1967387730","1844869736","0.290812"
"1844869736","2132965194","0.2"
"2132965194","1844869736","0.2"
"1967387730","2119112976","0.290812"
"2119112976","1967387730","0.290812"
"1967387730","2132965194","0.3"
"2132965194","1967387730","0.3"
"1967387730","46069162","0.290812"
"46069162","1967387730","0.290812"
"2119112976","2132965194","0.2"
"2132965194","2119112976","0.2"
"2132965194","46069162","0.2"
"46069162","2132965194","0.2"
"110264556","1985113790","0.0769231"
"1985113790","110264556","0.0769231"
"110264556","2003042363","0.0769231"
"2003042363","110264556","0.0769231"
"110264556","2004753031","0.0769231"
"2004753031","110264556","0.0769231"
"110264556","2102720558","0.0769231"
"2102720558","110264556","0.0769231"
"110264556","2142488185","0.0769231"
"2142488185","110264556","0.0769231"
"110264556","2212601978","0.0769231"
"2212601978","110264556","0.0769231"
"1844869736","1985113790","0.233669"
"1985113790","1844869736","0.233669"
"1844869736","2003042363","0.21978"
"2003042363","1844869736","0.21978"
"1844869736","2004753031","0.21978"
"2004753031","1844869736","0.21978"
"1844869736","2079680557","0.112637"
"2079680557","1844869736","0.112637"
"1844869736","2101924850","0.112637"
"2101924850","1844869736","0.112637"
"1844869736","2102720558","0.0769231"
"2102720558","1844869736","0.0769231"
"1844869736","2142488185","0.0769231"
"2142488185","1844869736","0.0769231"
"1844869736","2212601978","0.0769231"
"2212601978","1844869736","0.0769231"
"1844869736","2565966100","0.0769231"
"2565966100","1844869736","0.0769231"
"1967387730","1985113790","1.09081"
"1985113790","1967387730","1.09081"
"1967387730","2003042363","3.29359"
"2003042363","1967387730","3.29359"
"1967387730","2004753031","0.0769231"
"2004753031","1967387730","0.0769231"
"1967387730","2079680557","0.0769231"
"2079680557","1967387730","0.0769231"
"1967387730","2101924850","0.326923"
"2101924850","1967387730","0.326923"
"1967387730","2102720558","0.0769231"
"2102720558","1967387730","0.0769231"
"1967387730","2142488185","0.410256"
"2142488185","1967387730","0.410256"
"1967387730","2212601978","0.326923"
"2212601978","1967387730","0.326923"
"1967387730","2565966100","1.91026"
"2565966100","1967387730","1.91026"
"1985113790","2003042363","2.41978"
"2003042363","1985113790","2.41978"
"1985113790","2004753031","0.21978"
"2004753031","1985113790","0.21978"
"1985113790","2079680557","0.0769231"
"2079680557","1985113790","0.0769231"
"1985113790","2101924850","0.0769231"
"2101924850","1985113790","0.0769231"
"1985113790","2102720558","0.0769231"
"2102720558","1985113790","0.0769231"
"1985113790","2119112976","0.233669"
"2119112976","1985113790","0.233669"
"1985113790","2142488185","0.32547"
"2142488185","1985113790","0.32547"
"1985113790","2212601978","2.1656"
"2212601978","1985113790","2.1656"
"1985113790","2565966100","1.27692"
"2565966100","1985113790","1.27692"
"1985113790","46069162","0.233669"
"46069162","1985113790","0.233669"
"2003042363","2004753031","0.21978"
"2004753031","2003042363","0.21978"
"2003042363","2079680557","0.0769231"
"2079680557","2003042363","0.0769231"
"2003042363","2101924850","0.326923"
"2101924850","2003042363","0.326923"
"2003042363","2102720558","0.0769231"
"2102720558","2003042363","0.0769231"
"2003042363","2119112976","0.21978"
"2119112976","2003042363","0.21978"
"2003042363","2142488185","1.61026"
"2142488185","2003042363","1.61026"
"2003042363","2212601978","0.326923"
"2212601978","2003042363","0.326923"
"2003042363","2565966100","3.44359"
"2565966100","2003042363","3.44359"
"2003042363","46069162","0.21978"
"46069162","2003042363","0.21978"
"2004753031","2079680557","0.0769231"
"2079680557","2004753031","0.0769231"
"2004753031","2101924850","0.326923"
"2101924850","2004753031","0.326923"
"2004753031","2102720558","7.66026"
"2102720558","2004753031","7.66026"
"2004753031","2119112976","0.21978"
"2119112976","2004753031","0.21978"
"2004753031","2142488185","0.0769231"
"2142488185","2004753031","0.0769231"
"2004753031","2212601978","0.0769231"
"2212601978","2004753031","0.0769231"
"2004753031","2565966100","0.576923"
"2565966100","2004753031","0.576923"
"2004753031","46069162","0.21978"
"46069162","2004753031","0.21978"
"2079680557","2101924850","1.94597"
"2101924850","2079680557","1.94597"
"2079680557","2102720558","0.0769231"
"2102720558","2079680557","0.0769231"
"2079680557","2119112976","0.112637"
"2119112976","2079680557","0.112637"
"2079680557","2142488185","0.0769231"
"2142488185","2079680557","0.0769231"
"2079680557","2212601978","0.0769231"
"2212601978","2079680557","0.0769231"
"2079680557","2565966100","0.0769231"
"2565966100","2079680557","0.0769231"
"2079680557","46069162","0.112637"
"46069162","2079680557","0.112637"
"2101924850","2102720558","0.660256"
"2102720558","2101924850","0.660256"
"2101924850","2119112976","0.112637"
"2119112976","2101924850","0.112637"
"2101924850","2142488185","0.0769231"
"2142488185","2101924850","0.0769231"
"2101924850","2212601978","0.576923"
"2212601978","2101924850","0.576923"
"2101924850","46069162","0.112637"
"46069162","2101924850","0.112637"
"2102720558","2119112976","0.0769231"
"2119112976","2102720558","0.0769231"
"2102720558","2142488185","0.0769231"
"2142488185","2102720558","0.0769231"
"2102720558","2212601978","0.0769231"
"2212601978","2102720558","0.0769231"
"2102720558","2565966100","0.576923"
"2565966100","2102720558","0.576923"
"2102720558","46069162","0.0769231"
"46069162","2102720558","0.0769231"
"2119112976","2142488185","0.0769231"
"2142488185","2119112976","0.0769231"
"2119112976","2212601978","0.0769231"
"2212601978","2119112976","0.0769231"
"2119112976","2565966100","0.0769231"
"2565966100","2119112976","0.0769231"
"2142488185","2212601978","0.0854701"
"2212601978","2142488185","0.0854701"
"2142488185","2565966100","0.610256"
"2565966100","2142488185","0.610256"
"2142488185","46069162","0.0769231"
"46069162","2142488185","0.0769231"
"2212601978","2565966100","2.32692"
"2565966100","2212601978","2.32692"
"2212601978","46069162","0.0769231"
"46069162","2212601978","0.0769231"
"2565966100","46069162","0.0769231"
"46069162","2565966100","0.0769231"
"110264556","146454451","0.5"
"146454451","110264556","0.5"
"146454451","1955211732","1.1"
"1955211732","146454451","1.1"
"110264556","2139736658","1"
"2139736658","110264556","1"
"110264556","168462225","0.333333"
"168462225","110264556","0.333333"
"110264556","1981349659","0.333333"
"1981349659","110264556","0.333333"
"110264556","2007584678","0.333333"
"2007584678","110264556","0.333333"
"168462225","1981349659","0.333333"
"1981349659","168462225","0.333333"
"168462225","2007584678","0.333333"
"2007584678","168462225","0.333333"
"1981349659","2007584678","0.34188"
"2007584678","1981349659","0.34188"
"128542999","1542769121","0.25"
"1542769121","128542999","0.25"
"128542999","2003570996","0.25"
"2003570996","128542999","0.25"
"128542999","2015219393","0.25"
"2015219393","128542999","0.25"
"128542999","2565966100","1.25"
"2565966100","128542999","1.25"
"1542769121","2003570996","0.361429"
"2003570996","1542769121","0.361429"
"1542769121","2015219393","0.944762"
"2015219393","1542769121","0.944762"
"1542769121","2565966100","0.25"
"2565966100","1542769121","0.25"
"2003570996","2015219393","0.41406"
"2015219393","2003570996","0.41406"
"2003570996","2565966100","0.25"
"2565966100","2003570996","0.25"
"2015219393","2565966100","0.25"
"2565966100","2015219393","0.25"
"128542999","2023683113","0.5"
"2023683113","128542999","0.5"
"128542999","2499803450","0.5"
"2499803450","128542999","0.5"
"2023683113","2499803450","0.513889"
"2499803450","2023683113","0.513889"
"128542999","2038021410","1"
"2038021410","128542999","1"
"128542999","2004753031","1"
"2004753031","128542999","1"
"128542999","2102720558","1"
"2102720558","128542999","1"
"1420908056","1575538451","0.166667"
"1575538451","1420908056","0.166667"
"1420908056","1988104581","0.166667"
"1988104581","1420908056","0.166667"
"1420908056","2001671710","1.29167"
"2001671710","1420908056","1.29167"
"1420908056","2059537295","0.166667"
"2059537295","1420908056","0.166667"
"1420908056","2063729131","0.166667"
"2063729131","1420908056","0.166667"
"1420908056","2536016678","0.166667"
"2536016678","1420908056","0.166667"
"1575538451","1988104581","0.255342"
"1988104581","1575538451","0.255342"
"1575538451","2001671710","0.175214"
"2001671710","1575538451","0.175214"
"1575538451","2059537295","0.166667"
"2059537295","1575538451","0.166667"
"1575538451","2063729131","1.33394"
"2063729131","1575538451","1.33394"
"1575538451","2536016678","0.166667"
"2536016678","1575538451","0.166667"
"1988104581","2001671710","0.175214"
"2001671710","1988104581","0.175214"
"1988104581","2059537295","0.366667"
"2059537295","1988104581","0.366667"
"1988104581","2063729131","0.175214"
"2063729131","1988104581","0.175214"
"1988104581","2536016678","0.166667"
"2536016678","1988104581","0.166667"
"2001671710","2059537295","0.222222"
"2059537295","2001671710","0.222222"
"2001671710","2063729131","0.230769"
"2063729131","2001671710","0.230769"
"2001671710","2536016678","0.166667"
"2536016678","2001671710","0.166667"
"2059537295","2063729131","0.222222"
"2063729131","2059537295","0.222222"
"2059537295","2536016678","0.166667"
"2536016678","2059537295","0.166667"
"2063729131","2536016678","0.166667"
"2536016678","2063729131","0.166667"
"1420908056","2396329546","1.57143"
"2396329546","1420908056","1.57143"
"1420908056","1850100130","0.666667"
"1850100130","1420908056","0.666667"
"1420908056","2178661160","2.39643"
"2178661160","1420908056","2.39643"
"1420908056","2179625272","0.666667"
"2179625272","1420908056","0.666667"
"1420908056","2279353385","1.25"
"2279353385","1420908056","1.25"
"1850100130","2178661160","0.666667"
"2178661160","1850100130","0.666667"
"1850100130","2179625272","8.22917"
"2179625272","1850100130","8.22917"
"1850100130","2279353385","10.9792"
"2279353385","1850100130","10.9792"
"2178661160","2179625272","0.666667"
"2179625272","2178661160","0.666667"
"2178661160","2279353385","1.25"
"2279353385","2178661160","1.25"
"2179625272","2279353385","3.97917"
"2279353385","2179625272","3.97917"
"1420908056","2320316505","0.0714286"
"2320316505","1420908056","0.0714286"
"1420908056","2477929851","0.0714286"
"2477929851","1420908056","0.0714286"
"1420908056","2521451673","0.0714286"
"2521451673","1420908056","0.0714286"
"1420908056","2523363346","0.0714286"
"2523363346","1420908056","0.0714286"
"1420908056","2590392954","0.0714286"
"2590392954","1420908056","0.0714286"
"1420908056","2594606133","0.0714286"
"2594606133","1420908056","0.0714286"
"1420908056","2737636713","0.0714286"
"2737636713","1420908056","0.0714286"
"1420908056","2741126819","0.0714286"
"2741126819","1420908056","0.0714286"
"1420908056","2769754902","0.0714286"
"2769754902","1420908056","0.0714286"
"1420908056","2944920266","0.0714286"
"2944920266","1420908056","0.0714286"
"1420908056","3006123093","0.0714286"
"3006123093","1420908056","0.0714286"
"1420908056","3010036790","0.0714286"
"3010036790","1420908056","0.0714286"
"2178661160","2320316505","0.0714286"
"2320316505","2178661160","0.0714286"
"2178661160","2396329546","1.57143"
"2396329546","2178661160","1.57143"
"2178661160","2477929851","0.0799756"
"2477929851","2178661160","0.0799756"
"2178661160","2521451673","0.404762"
"2521451673","2178661160","0.404762"
"2178661160","2523363346","0.0714286"
"2523363346","2178661160","0.0714286"
"2178661160","2590392954","0.404762"
"2590392954","2178661160","0.404762"
"2178661160","2594606133","0.0714286"
"2594606133","2178661160","0.0714286"
"2178661160","2737636713","0.0799756"
"2737636713","2178661160","0.0799756"
"2178661160","2741126819","0.404762"
"2741126819","2178661160","0.404762"
"2178661160","2769754902","0.0799756"
"2769754902","2178661160","0.0799756"
"2178661160","2944920266","0.238095"
"2944920266","2178661160","0.238095"
"2178661160","3006123093","0.0714286"
"3006123093","2178661160","0.0714286"
"2178661160","3010036790","0.0714286"
"3010036790","2178661160","0.0714286"
"2320316505","2396329546","0.0714286"
"2396329546","2320316505","0.0714286"
"2320316505","2477929851","0.271429"
"2477929851","2320316505","0.271429"
"2320316505","2521451673","2.71905"
"2521451673","2320316505","2.71905"
"2320316505","2523363346","0.0714286"
"2523363346","2320316505","0.0714286"
"2320316505","2590392954","0.0714286"
"2590392954","2320316505","0.0714286"
"2320316505","2594606133","0.119048"
"2594606133","2320316505","0.119048"
"2320316505","2737636713","0.271429"
"2737636713","2320316505","0.271429"
"2320316505","2741126819","0.369048"
"2741126819","2320316505","0.369048"
"2320316505","2769754902","0.0714286"
"2769754902","2320316505","0.0714286"
"2320316505","2944920266","0.619048"
"2944920266","2320316505","0.619048"
"2320316505","3006123093","0.0714286"
"3006123093","2320316505","0.0714286"
"2320316505","3010036790","0.619048"
"3010036790","2320316505","0.619048"
"2396329546","2477929851","2.54762"
"2477929851","2396329546","2.54762"
"2396329546","2521451673","0.0714286"
"2521451673","2396329546","0.0714286"
"2396329546","2523363346","0.0714286"
"2523363346","2396329546","0.0714286"
"2396329546","2590392954","0.0714286"
"2590392954","2396329546","0.0714286"
"2396329546","2594606133","0.0714286"
"2594606133","2396329546","0.0714286"
"2396329546","2737636713","0.0714286"
"2737636713","2396329546","0.0714286"
"2396329546","2741126819","0.0714286"
"2741126819","2396329546","0.0714286"
"2396329546","2769754902","0.0714286"
"2769754902","2396329546","0.0714286"
"2396329546","2944920266","0.271429"
"2944920266","2396329546","0.271429"
"2396329546","3006123093","0.0714286"
"3006123093","2396329546","0.0714286"
"2396329546","3010036790","0.0714286"
"3010036790","2396329546","0.0714286"
"2477929851","2521451673","0.0714286"
"2521451673","2477929851","0.0714286"
"2477929851","2523363346","0.0714286"
"2523363346","2477929851","0.0714286"
"2477929851","2590392954","0.706349"
"2590392954","2477929851","0.706349"
"2477929851","2594606133","0.264286"
"2594606133","2477929851","0.264286"
"2477929851","2737636713","0.494261"
"2737636713","2477929851","0.494261"
"2477929851","2741126819","0.214286"
"2741126819","2477929851","0.214286"
"2477929851","2769754902","0.191087"
"2769754902","2477929851","0.191087"
"2477929851","2944920266","0.0714286"
"2944920266","2477929851","0.0714286"
"2477929851","3006123093","0.515873"
"3006123093","2477929851","0.515873"
"2477929851","3010036790","0.214286"
"3010036790","2477929851","0.214286"
"2521451673","2523363346","0.654762"
"2523363346","2521451673","0.654762"
"2521451673","2590392954","0.404762"
"2590392954","2521451673","0.404762"
"2521451673","2594606133","1.86746"
"2594606133","2521451673","1.86746"
"2521451673","2737636713","1.40476"
"2737636713","2521451673","1.40476"
"2521451673","2741126819","0.702381"
"2741126819","2521451673","0.702381"
"2521451673","2769754902","0.0714286"
"2769754902","2521451673","0.0714286"
"2521451673","2944920266","0.119048"
"2944920266","2521451673","0.119048"
"2521451673","3006123093","0.0714286"
"3006123093","2521451673","0.0714286"
"2521451673","3010036790","1.36905"
"3010036790","2521451673","1.36905"
"2523363346","2590392954","0.0714286"
"2590392954","2523363346","0.0714286"
"2523363346","2594606133","0.0714286"
"2594606133","2523363346","0.0714286"
"2523363346","2737636713","0.404762"
"2737636713","2523363346","0.404762"
"2523363346","2741126819","0.0714286"
"2741126819","2523363346","0.0714286"
"2523363346","2769754902","0.0714286"
"2769754902","2523363346","0.0714286"
"2523363346","2944920266","0.0714286"
"2944920266","2523363346","0.0714286"
"2523363346","3006123093","0.0714286"
"3006123093","2523363346","0.0714286"
"2523363346","3010036790","0.571429"
"3010036790","2523363346","0.571429"
"2590392954","2594606133","2.21429"
"2594606133","2590392954","2.21429"
"2590392954","2737636713","0.730159"
"2737636713","2590392954","0.730159"
"2590392954","2741126819","4.38095"
"2741126819","2590392954","4.38095"
"2590392954","2769754902","0.18254"
"2769754902","2590392954","0.18254"
"2590392954","2944920266","0.0714286"
"2944920266","2590392954","0.0714286"
"2590392954","3006123093","0.515873"
"3006123093","2590392954","0.515873"
"2590392954","3010036790","0.0714286"
"3010036790","2590392954","0.0714286"
"2594606133","2737636713","0.0714286"
"2737636713","2594606133","0.0714286"
"2594606133","2741126819","2.84524"
"2741126819","2594606133","2.84524"
"2594606133","2769754902","0.0714286"
"2769754902","2594606133","0.0714286"
"2594606133","2944920266","0.452381"
"2944920266","2594606133","0.452381"
"2594606133","3006123093","0.0714286"
"3006123093","2594606133","0.0714286"
"2594606133","3010036790","1.61905"
"3010036790","2594606133","1.61905"
"2737636713","2741126819","0.238095"
"2741126819","2737636713","0.238095"
"2737636713","2769754902","0.691087"
"2769754902","2737636713","0.691087"
"2737636713","2944920266","0.0714286"
"2944920266","2737636713","0.0714286"
"2737636713","3006123093","0.68254"
"3006123093","2737636713","0.68254"
"2737636713","3010036790","0.0714286"
"3010036790","2737636713","0.0714286"
"2741126819","2769754902","0.0714286"
"2769754902","2741126819","0.0714286"
"2741126819","2944920266","0.452381"
"2944920266","2741126819","0.452381"
"2741126819","3006123093","0.0714286"
"3006123093","2741126819","0.0714286"
"2741126819","3010036790","0.119048"
"3010036790","2741126819","0.119048"
"2769754902","2944920266","0.0714286"
"2944920266","2769754902","0.0714286"
"2769754902","3006123093","0.68254"
"3006123093","2769754902","0.68254"
"2769754902","3010036790","0.0714286"
"3010036790","2769754902","0.0714286"
"2944920266","3006123093","0.0714286"
"3006123093","2944920266","0.0714286"
"2944920266","3010036790","0.119048"
"3010036790","2944920266","0.119048"
"3006123093","3010036790","0.0714286"
"3010036790","3006123093","0.0714286"
"1420908056","1979199342","0.325"
"1979199342","1420908056","0.325"
"1420908056","1989441642","0.125"
"1989441642","1420908056","0.125"
"1420908056","2025542264","0.825"
"2025542264","1420908056","0.825"
"1420908056","2043994465","0.125"
"2043994465","1420908056","0.125"
"1420908056","2047221008","0.125"
"2047221008","1420908056","0.125"
"1420908056","2068059066","0.325"
"2068059066","1420908056","0.325"
"1979199342","1989441642","0.175214"
"1989441642","1979199342","0.175214"
"1979199342","2001671710","0.133547"
"2001671710","1979199342","0.133547"
"1979199342","2025542264","0.372009"
"2025542264","1979199342","0.372009"
"1979199342","2043994465","0.411859"
"2043994465","1979199342","0.411859"
"1979199342","2047221008","0.125"
"2047221008","1979199342","0.125"
"1979199342","2068059066","2.04882"
"2068059066","1979199342","2.04882"
"1979199342","2178661160","0.333547"
"2178661160","1979199342","0.333547"
"1989441642","2001671710","0.133547"
"2001671710","1989441642","0.133547"
"1989441642","2025542264","0.133547"
"2025542264","1989441642","0.133547"
"1989441642","2043994465","0.758547"
"2043994465","1989441642","0.758547"
"1989441642","2047221008","0.125"
"2047221008","1989441642","0.125"
"1989441642","2068059066","1.85855"
"2068059066","1989441642","1.85855"
"1989441642","2178661160","0.233547"
"2178661160","1989441642","0.233547"
"2001671710","2025542264","0.196047"
"2025542264","2001671710","0.196047"
"2001671710","2043994465","0.133547"
"2043994465","2001671710","0.133547"
"2001671710","2047221008","0.125"
"2047221008","2001671710","0.125"
"2001671710","2068059066","0.133547"
"2068059066","2001671710","0.133547"
"2001671710","2178661160","1.13355"
"2178661160","2001671710","1.13355"
"2025542264","2043994465","0.133547"
"2043994465","2025542264","0.133547"
"2025542264","2047221008","0.125"
"2047221008","2025542264","0.125"
"2025542264","2068059066","0.333547"
"2068059066","2025542264","0.333547"
"2025542264","2178661160","0.833547"
"2178661160","2025542264","0.833547"
"2043994465","2047221008","0.125"
"2047221008","2043994465","0.125"
"2043994465","2068059066","0.871047"
"2068059066","2043994465","0.871047"
"2043994465","2178661160","0.133547"
"2178661160","2043994465","0.133547"
"2047221008","2068059066","0.125"
"2068059066","2047221008","0.125"
"2047221008","2178661160","0.125"
"2178661160","2047221008","0.125"
"2068059066","2178661160","0.600214"
"2178661160","2068059066","0.600214"
"1420908056","2601959935","0.2"
"2601959935","1420908056","0.2"
"1979199342","2601959935","0.375214"
"2601959935","1979199342","0.375214"
"2025542264","2601959935","0.271047"
"2601959935","2025542264","0.271047"
"2068059066","2601959935","0.411325"
"2601959935","2068059066","0.411325"
"2178661160","2601959935","0.208547"
"2601959935","2178661160","0.208547"
"1420908056","2344736053","0.416667"
"2344736053","1420908056","0.416667"
"1850100130","2025542264","0.229167"
"2025542264","1850100130","0.229167"
"1850100130","2344736053","0.416667"
"2344736053","1850100130","0.416667"
"2025542264","2179625272","0.5625"
"2179625272","2025542264","0.5625"
"2025542264","2279353385","0.5625"
"2279353385","2025542264","0.5625"
"2025542264","2344736053","0.166667"
"2344736053","2025542264","0.166667"
"2178661160","2344736053","0.416667"
"2344736053","2178661160","0.416667"
"2179625272","2344736053","0.416667"
"2344736053","2179625272","0.416667"
"2279353385","2344736053","1.16667"
"2344736053","2279353385","1.16667"
"1420908056","1600018470","0.333333"
"1600018470","1420908056","0.333333"
"1420908056","2103535650","0.333333"
"2103535650","1420908056","0.333333"
"1420908056","2155501281","0.333333"
"2155501281","1420908056","0.333333"
"1600018470","2103535650","1.47759"
"2103535650","1600018470","1.47759"
"1600018470","2155501281","0.44188"
"2155501281","1600018470","0.44188"
"2103535650","2155501281","1.44188"
"2155501281","2103535650","1.44188"
"146454451","1844869736","0.302632"
"1844869736","146454451","0.302632"
"146454451","1972196855","0.05"
"1972196855","146454451","0.05"
"146454451","1989290647","0.05"
"1989290647","146454451","0.05"
"146454451","1992312374","0.05"
"1992312374","146454451","0.05"
"146454451","2011646482","0.05"
"2011646482","146454451","0.05"
"146454451","2012453515","0.15"
"2012453515","146454451","0.15"
"146454451","2078201143","0.05"
"2078201143","146454451","0.05"
"146454451","2099145372","0.05"
"2099145372","146454451","0.05"
"146454451","2100717508","0.05"
"2100717508","146454451","0.05"
"146454451","2119112976","0.302632"
"2119112976","146454451","0.302632"
"146454451","2132804246","0.05"
"2132804246","146454451","0.05"
"146454451","2140223269","0.05"
"2140223269","146454451","0.05"
"146454451","2152954632","0.05"
"2152954632","146454451","0.05"
"146454451","2154437129","0.102632"
"2154437129","146454451","0.102632"
"146454451","2161925873","0.102632"
"2161925873","146454451","0.102632"
"146454451","225863718","0.102632"
"225863718","146454451","0.102632"
"146454451","2604069132","0.0934783"
"2604069132","146454451","0.0934783"
"146454451","393105394","0.102632"
"393105394","146454451","0.102632"
"146454451","46069162","0.302632"
"46069162","146454451","0.302632"
"146454451","657504010","0.155978"
"657504010","146454451","0.155978"
"1844869736","1972196855","0.102632"
"1972196855","1844869736","0.102632"
"1844869736","1989290647","0.158187"
"1989290647","1844869736","0.158187"
"1844869736","1992312374","0.196465"
"1992312374","1844869736","0.196465"
"1844869736","2011646482","0.05"
"2011646482","1844869736","0.05"
"1844869736","2099145372","0.05"
"2099145372","1844869736","0.05"
"1844869736","2100717508","0.05"
"2100717508","1844869736","0.05"
"1844869736","2132804246","0.105556"
"2132804246","1844869736","0.105556"
"1844869736","2140223269","0.0916667"
"2140223269","1844869736","0.0916667"
"1844869736","2152954632","0.105556"
"2152954632","1844869736","0.105556"
"1844869736","2154437129","0.974426"
"2154437129","1844869736","0.974426"
"1844869736","2161925873","0.641093"
"2161925873","1844869736","0.641093"
"1844869736","225863718","0.301728"
"225863718","1844869736","0.301728"
"1844869736","2604069132","0.10235"
"2604069132","1844869736","0.10235"
"1844869736","393105394","0.471533"
"393105394","1844869736","0.471533"
"1844869736","657504010","0.05"
"657504010","1844869736","0.05"
"1972196855","1989290647","0.580409"
"1989290647","1972196855","0.580409"
"1972196855","1992312374","0.861111"
"1992312374","1972196855","0.861111"
"1972196855","2011646482","0.05"
"2011646482","1972196855","0.05"
"1972196855","2012453515","0.161111"
"2012453515","1972196855","0.161111"
"1972196855","2078201143","0.694444"
"2078201143","1972196855","0.694444"
"1972196855","2099145372","0.05"
"2099145372","1972196855","0.05"
"1972196855","2100717508","0.05"
"2100717508","1972196855","0.05"
"1972196855","2119112976","0.102632"
"2119112976","1972196855","0.102632"
"1972196855","2132804246","0.05"
"2132804246","1972196855","0.05"
"1972196855","2140223269","0.05"
"2140223269","1972196855","0.05"
"1972196855","2152954632","0.05"
"2152954632","1972196855","0.05"
"1972196855","2154437129","0.05"
"2154437129","1972196855","0.05"
"1972196855","2161925873","0.05"
"2161925873","1972196855","0.05"
"1972196855","225863718","0.747076"
"225863718","1972196855","0.747076"
"1972196855","2604069132","0.0833333"
"2604069132","1972196855","0.0833333"
"1972196855","393105394","0.102632"
"393105394","1972196855","0.102632"
"1972196855","46069162","0.102632"
"46069162","1972196855","0.102632"
"1972196855","657504010","0.05"
"657504010","1972196855","0.05"
"1989290647","1992312374","4.2803"
"1992312374","1989290647","4.2803"
"1989290647","2011646482","0.05"
"2011646482","1989290647","0.05"
"1989290647","2012453515","0.580303"
"2012453515","1989290647","0.580303"
"1989290647","2078201143","0.416667"
"2078201143","1989290647","0.416667"
"1989290647","2099145372","0.05"
"2099145372","1989290647","0.05"
"1989290647","2100717508","0.05"
"2100717508","1989290647","0.05"
"1989290647","2119112976","0.18849"
"2119112976","1989290647","0.18849"
"1989290647","2132804246","0.135859"
"2132804246","1989290647","0.135859"
"1989290647","2140223269","0.0916667"
"2140223269","1989290647","0.0916667"
"1989290647","2152954632","0.135859"
"2152954632","1989290647","0.135859"
"1989290647","2154437129","0.05"
"2154437129","1989290647","0.05"
"1989290647","2161925873","0.05"
"2161925873","1989290647","0.05"
"1989290647","225863718","0.499601"
"225863718","1989290647","0.499601"
"1989290647","2604069132","0.0638889"
"2604069132","1989290647","0.0638889"
"1989290647","393105394","0.18849"
"393105394","1989290647","0.18849"
"1989290647","46069162","0.18849"
"46069162","1989290647","0.18849"
"1989290647","657504010","0.05"
"657504010","1989290647","0.05"
"1992312374","2011646482","0.058547"
"2011646482","1992312374","0.058547"
"1992312374","2012453515","1.16577"
"2012453515","1992312374","1.16577"
"1992312374","2078201143","1.33547"
"2078201143","1992312374","1.33547"
"1992312374","2099145372","0.058547"
"2099145372","1992312374","0.058547"
"1992312374","2100717508","0.05"
"2100717508","1992312374","0.05"
"1992312374","2119112976","0.226768"
"2119112976","1992312374","0.226768"
"1992312374","2132804246","0.135859"
"2132804246","1992312374","0.135859"
"1992312374","2140223269","0.100214"
"2140223269","1992312374","0.100214"
"1992312374","2152954632","0.135859"
"2152954632","1992312374","0.135859"
"1992312374","2154437129","0.058547"
"2154437129","1992312374","0.058547"
"1992312374","2161925873","0.058547"
"2161925873","1992312374","0.058547"
"1992312374","225863718","0.956682"
"225863718","1992312374","0.956682"
"1992312374","2604069132","0.0638889"
"2604069132","1992312374","0.0638889"
"1992312374","393105394","0.144406"
"393105394","1992312374","0.144406"
"1992312374","46069162","0.226768"
"46069162","1992312374","0.226768"
"1992312374","657504010","0.05"
"657504010","1992312374","0.05"
"2011646482","2012453515","0.058547"
"2012453515","2011646482","0.058547"
"2011646482","2078201143","0.058547"
"2078201143","2011646482","0.058547"
"2011646482","2099145372","0.058547"
"2099145372","2011646482","0.058547"
"2011646482","2100717508","0.05"
"2100717508","2011646482","0.05"
"2011646482","2119112976","0.05"
"2119112976","2011646482","0.05"
"2011646482","2132804246","0.05"
"2132804246","2011646482","0.05"
"2011646482","2140223269","0.058547"
"2140223269","2011646482","0.058547"
"2011646482","2152954632","0.05"
"2152954632","2011646482","0.05"
"2011646482","2154437129","0.058547"
"2154437129","2011646482","0.058547"
"2011646482","2161925873","0.058547"
"2161925873","2011646482","0.058547"
"2011646482","225863718","0.058547"
"225863718","2011646482","0.058547"
"2011646482","2604069132","0.05"
"2604069132","2011646482","0.05"
"2011646482","393105394","0.058547"
"393105394","2011646482","0.058547"
"2011646482","46069162","0.05"
"46069162","2011646482","0.05"
"2011646482","657504010","0.05"
"657504010","2011646482","0.05"
"2012453515","2099145372","0.058547"
"2099145372","2012453515","0.058547"
"2012453515","2100717508","0.05"
"2100717508","2012453515","0.05"
"2012453515","2132804246","0.226768"
"2132804246","2012453515","0.226768"
"2012453515","2140223269","0.100214"
"2140223269","2012453515","0.100214"
"2012453515","2152954632","0.135859"
"2152954632","2012453515","0.135859"
"2012453515","2154437129","0.425214"
"2154437129","2012453515","0.425214"
"2012453515","2161925873","0.425214"
"2161925873","2012453515","0.425214"
"2012453515","225863718","0.423349"
"225863718","2012453515","0.423349"
"2012453515","2604069132","0.0638889"
"2604069132","2012453515","0.0638889"
"2012453515","393105394","0.668648"
"393105394","2012453515","0.668648"
"2012453515","657504010","0.05"
"657504010","2012453515","0.05"
"2078201143","2099145372","0.058547"
"2099145372","2078201143","0.058547"
"2078201143","2100717508","0.05"
"2100717508","2078201143","0.05"
"2078201143","2132804246","0.105556"
"2132804246","2078201143","0.105556"
"2078201143","2140223269","0.100214"
"2140223269","2078201143","0.100214"
"2078201143","2152954632","0.105556"
"2152954632","2078201143","0.105556"
"2078201143","2154437129","0.225214"
"2154437129","2078201143","0.225214"
"2078201143","2161925873","0.225214"
"2161925873","2078201143","0.225214"
"2078201143","225863718","0.83547"
"225863718","2078201143","0.83547"
"2078201143","2604069132","0.0638889"
"2604069132","2078201143","0.0638889"
"2078201143","393105394","0.547436"
"393105394","2078201143","0.547436"
"2078201143","657504010","0.05"
"657504010","2078201143","0.05"
"2099145372","2100717508","0.05"
"2100717508","2099145372","0.05"
"2099145372","2119112976","0.05"
"2119112976","2099145372","0.05"
"2099145372","2132804246","0.05"
"2132804246","2099145372","0.05"
"2099145372","2140223269","0.058547"
"2140223269","2099145372","0.058547"
"2099145372","2152954632","0.05"
"2152954632","2099145372","0.05"
"2099145372","2154437129","0.058547"
"2154437129","2099145372","0.058547"
"2099145372","2161925873","0.058547"
"2161925873","2099145372","0.058547"
"2099145372","225863718","0.058547"
"225863718","2099145372","0.058547"
"2099145372","2604069132","0.05"
"2604069132","2099145372","0.05"
"2099145372","393105394","0.058547"
"393105394","2099145372","0.058547"
"2099145372","46069162","0.05"
"46069162","2099145372","0.05"
"2099145372","657504010","0.05"
"657504010","2099145372","0.05"
"2100717508","2119112976","0.05"
"2119112976","2100717508","0.05"
"2100717508","2132804246","0.05"
"2132804246","2100717508","0.05"
"2100717508","2140223269","0.05"
"2140223269","2100717508","0.05"
"2100717508","2152954632","0.05"
"2152954632","2100717508","0.05"
"2100717508","2154437129","0.05"
"2154437129","2100717508","0.05"
"2100717508","2161925873","0.05"
"2161925873","2100717508","0.05"
"2100717508","225863718","0.05"
"225863718","2100717508","0.05"
"2100717508","2604069132","0.05"
"2604069132","2100717508","0.05"
"2100717508","393105394","0.05"
"393105394","2100717508","0.05"
"2100717508","46069162","0.05"
"46069162","2100717508","0.05"
"2100717508","657504010","0.05"
"657504010","2100717508","0.05"
"2119112976","2132804246","0.135859"
"2132804246","2119112976","0.135859"
"2119112976","2140223269","0.0916667"
"2140223269","2119112976","0.0916667"
"2119112976","2152954632","0.135859"
"2152954632","2119112976","0.135859"
"2119112976","2154437129","0.974426"
"2154437129","2119112976","0.974426"
"2119112976","2161925873","0.641093"
"2161925873","2119112976","0.641093"
"2119112976","225863718","0.332031"
"225863718","2119112976","0.332031"
"2119112976","2604069132","0.10235"
"2604069132","2119112976","0.10235"
"2119112976","393105394","0.501836"
"393105394","2119112976","0.501836"
"2119112976","657504010","0.05"
"657504010","2119112976","0.05"
"2132804246","2140223269","0.0916667"
"2140223269","2132804246","0.0916667"
"2132804246","2152954632","0.135859"
"2152954632","2132804246","0.135859"
"2132804246","2154437129","0.05"
"2154437129","2132804246","0.05"
"2132804246","2161925873","0.05"
"2161925873","2132804246","0.05"
"2132804246","225863718","0.226768"
"225863718","2132804246","0.226768"
"2132804246","2604069132","0.0638889"
"2604069132","2132804246","0.0638889"
"2132804246","393105394","0.226768"
"393105394","2132804246","0.226768"
"2132804246","46069162","0.135859"
"46069162","2132804246","0.135859"
"2132804246","657504010","0.05"
"657504010","2132804246","0.05"
"2140223269","2152954632","0.0916667"
"2152954632","2140223269","0.0916667"
"2140223269","2154437129","0.058547"
"2154437129","2140223269","0.058547"
"2140223269","2161925873","0.058547"
"2161925873","2140223269","0.058547"
"2140223269","225863718","0.100214"
"225863718","2140223269","0.100214"
"2140223269","2604069132","0.05"
"2604069132","2140223269","0.05"
"2140223269","393105394","0.100214"
"393105394","2140223269","0.100214"
"2140223269","46069162","0.0916667"
"46069162","2140223269","0.0916667"
"2140223269","657504010","0.05"
"657504010","2140223269","0.05"
"2152954632","2154437129","0.05"
"2154437129","2152954632","0.05"
"2152954632","2161925873","0.05"
"2161925873","2152954632","0.05"
"2152954632","225863718","0.135859"
"225863718","2152954632","0.135859"
"2152954632","2604069132","0.0638889"
"2604069132","2152954632","0.0638889"
"2152954632","393105394","0.335859"
"393105394","2152954632","0.335859"
"2152954632","46069162","0.135859"
"46069162","2152954632","0.135859"
"2152954632","657504010","0.05"
"657504010","2152954632","0.05"
"2154437129","2161925873","8.49964"
"2161925873","2154437129","8.49964"
"2154437129","225863718","0.111179"
"225863718","2154437129","0.111179"
"2154437129","2604069132","0.0884615"
"2604069132","2154437129","0.0884615"
"2154437129","393105394","0.361179"
"393105394","2154437129","0.361179"
"2154437129","46069162","0.974426"
"46069162","2154437129","0.974426"
"2154437129","657504010","0.05"
"657504010","2154437129","0.05"
"2161925873","225863718","0.111179"
"225863718","2161925873","0.111179"
"2161925873","2604069132","0.130128"
"2604069132","2161925873","0.130128"
"2161925873","393105394","0.361179"
"393105394","2161925873","0.361179"
"2161925873","46069162","0.641093"
"46069162","2161925873","0.641093"
"2161925873","657504010","0.05"
"657504010","2161925873","0.05"
"225863718","2604069132","0.0638889"
"2604069132","225863718","0.0638889"
"225863718","393105394","0.685455"
"393105394","225863718","0.685455"
"225863718","46069162","0.332031"
"46069162","225863718","0.332031"
"225863718","657504010","0.05"
"657504010","225863718","0.05"
"2604069132","393105394","0.147222"
"393105394","2604069132","0.147222"
"2604069132","46069162","0.10235"
"46069162","2604069132","0.10235"
"2604069132","657504010","0.0934783"
"657504010","2604069132","0.0934783"
"393105394","46069162","0.501836"
"46069162","393105394","0.501836"
"393105394","657504010","0.05"
"657504010","393105394","0.05"
"46069162","657504010","0.05"
"657504010","46069162","0.05"
"146454451","1973892392","0.152632"
"1973892392","146454451","0.152632"
"146454451","1981865188","0.1"
"1981865188","146454451","0.1"
"146454451","2035998870","0.1"
"2035998870","146454451","0.1"
"146454451","2055064593","0.1"
"2055064593","146454451","0.1"
"146454451","2134870887","0.1"
"2134870887","146454451","0.1"
"146454451","2142864059","0.152632"
"2142864059","146454451","0.152632"
"146454451","2154460732","0.1"
"2154460732","146454451","0.1"
"146454451","2155407395","0.152632"
"2155407395","146454451","0.152632"
"1955211732","1973892392","0.358547"
"1973892392","1955211732","0.358547"
"1955211732","1981865188","0.191482"
"1981865188","1955211732","0.191482"
"1955211732","2035998870","0.108547"
"2035998870","1955211732","0.108547"
"1955211732","2055064593","0.1"
"2055064593","1955211732","0.1"
"1955211732","2134870887","0.874815"
"2134870887","1955211732","0.874815"
"1955211732","2142864059","0.108547"
"2142864059","1955211732","0.108547"
"1955211732","2154460732","0.1"
"2154460732","1955211732","0.1"
"1955211732","2155407395","0.108547"
"2155407395","1955211732","0.108547"
"1973892392","1981865188","0.108547"
"1981865188","1973892392","0.108547"
