"1482724238","1536152091","5.5"
"1536152091","1482724238","5.5"
"1482724238","1997108429","0.5"
"1997108429","1482724238","0.5"
"1536152091","1997108429","0.5"
"1997108429","1536152091","0.5"
"1496151277","1538238628","1.85"
"1538238628","1496151277","1.85"
"1496151277","1538248289","0.125"
"1538248289","1496151277","0.125"
"1496151277","1995369260","0.475"
"1995369260","1496151277","0.475"
"1496151277","2104600163","0.125"
"2104600163","1496151277","0.125"
"1496151277","2106582507","0.6"
"2106582507","1496151277","0.6"
"1496151277","2108009586","0.35"
"2108009586","1496151277","0.35"
"1496151277","2139573884","0.125"
"2139573884","1496151277","0.125"
"1496151277","2919235007","0.35"
"2919235007","1496151277","0.35"
"1538238628","1538248289","0.291667"
"1538248289","1538238628","0.291667"
"1538238628","1995369260","3.53452"
"1995369260","1538238628","3.53452"
"1538238628","2104600163","0.291667"
"2104600163","1538238628","0.291667"
"1538238628","2106582507","1.99286"
"2106582507","1538238628","1.99286"
"1538238628","2108009586","0.909524"
"2108009586","1538238628","0.909524"
"1538238628","2139573884","0.291667"
"2139573884","1538238628","0.291667"
"1538238628","2919235007","0.766667"
"2919235007","1538238628","0.766667"
"1538248289","1995369260","0.291667"
"1995369260","1538248289","0.291667"
"1538248289","2104600163","7.45833"
"2104600163","1538248289","7.45833"
"1538248289","2106582507","0.125"
"2106582507","1538248289","0.125"
"1538248289","2108009586","0.291667"
"2108009586","1538248289","0.291667"
"1538248289","2139573884","8.45833"
"2139573884","1538248289","8.45833"
"1538248289","2919235007","0.291667"
"2919235007","1538248289","0.291667"
"1995369260","2104600163","0.291667"
"2104600163","1995369260","0.291667"
"1995369260","2106582507","5.65357"
"2106582507","1995369260","5.65357"
"1995369260","2108009586","0.784524"
"2108009586","1995369260","0.784524"
"1995369260","2139573884","0.291667"
"2139573884","1995369260","0.291667"
"1995369260","2919235007","2.42738"
"2919235007","1995369260","2.42738"
"2104600163","2106582507","0.125"
"2106582507","2104600163","0.125"
"2104600163","2108009586","0.291667"
"2108009586","2104600163","0.291667"
"2104600163","2139573884","8.45833"
"2139573884","2104600163","8.45833"
"2104600163","2919235007","0.291667"
"2919235007","2104600163","0.291667"
"2106582507","2108009586","0.492857"
"2108009586","2106582507","0.492857"
"2106582507","2139573884","0.125"
"2139573884","2106582507","0.125"
"2106582507","2919235007","0.802381"
"2919235007","2106582507","0.802381"
"2108009586","2139573884","0.291667"
"2139573884","2108009586","0.291667"
"2108009586","2919235007","0.516667"
"2919235007","2108009586","0.516667"
"2139573884","2919235007","0.291667"
"2919235007","2139573884","0.291667"
"1496151277","2113728436","0.725"
"2113728436","1496151277","0.725"
"1496151277","2133839490","0.725"
"2133839490","1496151277","0.725"
"1538238628","2113728436","1.86786"
"2113728436","1538238628","1.86786"
"1538238628","2133839490","1.86786"
"2133839490","1538238628","1.86786"
"2106582507","2113728436","2.65357"
"2113728436","2106582507","2.65357"
"2106582507","2133839490","2.65357"
"2133839490","2106582507","2.65357"
"2113728436","2133839490","8.8369"
"2133839490","2113728436","8.8369"
"1995369260","2113728436","7.59524"
"2113728436","1995369260","7.59524"
"1995369260","2133839490","3.7619"
"2133839490","1995369260","3.7619"
"1496151277","1969775925","0.1"
"1969775925","1496151277","0.1"
"1496151277","2015036967","0.225"
"2015036967","1496151277","0.225"
"1496151277","2105958932","0.225"
"2105958932","1496151277","0.225"
"1538238628","1969775925","0.35"
"1969775925","1538238628","0.35"
"1538238628","2015036967","0.367857"
"2015036967","1538238628","0.367857"
"1538238628","2105958932","0.367857"
"2105958932","1538238628","0.367857"
"1969775925","1995369260","0.35"
"1995369260","1969775925","0.35"
"1969775925","2015036967","0.1"
"2015036967","1969775925","0.1"
"1969775925","2105958932","0.1"
"2105958932","1969775925","0.1"
"1969775925","2106582507","0.1"
"2106582507","1969775925","0.1"
"1969775925","2108009586","0.35"
"2108009586","1969775925","0.35"
"1969775925","2113728436","0.1"
"2113728436","1969775925","0.1"
"1969775925","2133839490","0.1"
"2133839490","1969775925","0.1"
"1969775925","2919235007","1.1"
"2919235007","1969775925","1.1"
"1995369260","2015036967","1.84524"
"2015036967","1995369260","1.84524"
"1995369260","2105958932","1.84524"
"2105958932","1995369260","1.84524"
"2015036967","2105958932","20.1702"
"2105958932","2015036967","20.1702"
"2015036967","2106582507","0.653571"
"2106582507","2015036967","0.653571"
"2015036967","2108009586","0.367857"
"2108009586","2015036967","0.367857"
"2015036967","2113728436","2.17024"
"2113728436","2015036967","2.17024"
"2015036967","2133839490","1.8369"
"2133839490","2015036967","1.8369"
"2015036967","2919235007","1.04405"
"2919235007","2015036967","1.04405"
"2105958932","2106582507","0.653571"
"2106582507","2105958932","0.653571"
"2105958932","2108009586","0.367857"
"2108009586","2105958932","0.367857"
"2105958932","2113728436","2.17024"
"2113728436","2105958932","2.17024"
"2105958932","2133839490","1.8369"
"2133839490","2105958932","1.8369"
"2105958932","2919235007","1.04405"
"2919235007","2105958932","1.04405"
"2108009586","2113728436","0.367857"
"2113728436","2108009586","0.367857"
"2108009586","2133839490","0.367857"
"2133839490","2108009586","0.367857"
"2113728436","2919235007","1.96071"
"2919235007","2113728436","1.96071"
"2133839490","2919235007","1.46071"
"2919235007","2133839490","1.46071"
"1497411990","2156270241","1.5"
"2156270241","1497411990","1.5"
"1497411990","2104600163","1"
"2104600163","1497411990","1"
"1497411990","1509210027","0.0769231"
"1509210027","1497411990","0.0769231"
"1497411990","1542474184","0.0769231"
"1542474184","1497411990","0.0769231"
"1497411990","1579791504","0.0769231"
"1579791504","1497411990","0.0769231"
"1497411990","2003639310","0.0769231"
"2003639310","1497411990","0.0769231"
"1497411990","2078381066","0.0769231"
"2078381066","1497411990","0.0769231"
"1497411990","2096337497","0.0769231"
"2096337497","1497411990","0.0769231"
"1497411990","2101456296","0.0769231"
"2101456296","1497411990","0.0769231"
"1497411990","2110796598","0.0769231"
"2110796598","1497411990","0.0769231"
"1497411990","2113478558","0.0769231"
"2113478558","1497411990","0.0769231"
"1497411990","2114462835","0.576923"
"2114462835","1497411990","0.576923"
"1497411990","2152283452","0.0769231"
"2152283452","1497411990","0.0769231"
"1497411990","2170486196","0.0769231"
"2170486196","1497411990","0.0769231"
"1497411990","2172146718","0.0769231"
"2172146718","1497411990","0.0769231"
"1509210027","1542474184","0.826923"
"1542474184","1509210027","0.826923"
"1509210027","1579791504","2.57692"
"1579791504","1509210027","2.57692"
"1509210027","2003639310","0.0769231"
"2003639310","1509210027","0.0769231"
"1509210027","2078381066","4.57692"
"2078381066","1509210027","4.57692"
"1509210027","2096337497","0.160256"
"2096337497","1509210027","0.160256"
"1509210027","2101456296","0.0769231"
"2101456296","1509210027","0.0769231"
"1509210027","2110796598","0.0769231"
"2110796598","1509210027","0.0769231"
"1509210027","2113478558","0.0769231"
"2113478558","1509210027","0.0769231"
"1509210027","2114462835","0.0769231"
"2114462835","1509210027","0.0769231"
"1509210027","2152283452","0.0769231"
"2152283452","1509210027","0.0769231"
"1509210027","2170486196","0.0769231"
"2170486196","1509210027","0.0769231"
"1509210027","2172146718","0.0769231"
"2172146718","1509210027","0.0769231"
"1542474184","1579791504","0.826923"
"1579791504","1542474184","0.826923"
"1542474184","2003639310","0.0769231"
"2003639310","1542474184","0.0769231"
"1542474184","2078381066","1.32692"
"2078381066","1542474184","1.32692"
"1542474184","2096337497","0.160256"
"2096337497","1542474184","0.160256"
"1542474184","2101456296","0.0769231"
"2101456296","1542474184","0.0769231"
"1542474184","2110796598","0.0769231"
"2110796598","1542474184","0.0769231"
"1542474184","2113478558","0.0769231"
"2113478558","1542474184","0.0769231"
"1542474184","2114462835","0.0769231"
"2114462835","1542474184","0.0769231"
"1542474184","2152283452","0.0769231"
"2152283452","1542474184","0.0769231"
"1542474184","2170486196","0.0769231"
"2170486196","1542474184","0.0769231"
"1542474184","2172146718","0.0769231"
"2172146718","1542474184","0.0769231"
"1579791504","2003639310","0.0769231"
"2003639310","1579791504","0.0769231"
"1579791504","2078381066","3.57692"
"2078381066","1579791504","3.57692"
"1579791504","2096337497","0.160256"
"2096337497","1579791504","0.160256"
"1579791504","2101456296","0.0769231"
"2101456296","1579791504","0.0769231"
"1579791504","2110796598","0.0769231"
"2110796598","1579791504","0.0769231"
"1579791504","2113478558","0.0769231"
"2113478558","1579791504","0.0769231"
"1579791504","2114462835","0.0769231"
"2114462835","1579791504","0.0769231"
"1579791504","2152283452","0.0769231"
"2152283452","1579791504","0.0769231"
"1579791504","2170486196","0.0769231"
"2170486196","1579791504","0.0769231"
"1579791504","2172146718","0.0769231"
"2172146718","1579791504","0.0769231"
"2003639310","2078381066","0.0769231"
"2078381066","2003639310","0.0769231"
"2003639310","2096337497","0.0769231"
"2096337497","2003639310","0.0769231"
"2003639310","2101456296","1.07692"
"2101456296","2003639310","1.07692"
"2003639310","2110796598","0.0769231"
"2110796598","2003639310","0.0769231"
"2003639310","2113478558","1.57692"
"2113478558","2003639310","1.57692"
"2003639310","2114462835","0.0769231"
"2114462835","2003639310","0.0769231"
"2003639310","2152283452","0.0769231"
"2152283452","2003639310","0.0769231"
"2003639310","2170486196","8.57692"
"2170486196","2003639310","8.57692"
"2003639310","2172146718","0.0769231"
"2172146718","2003639310","0.0769231"
"2078381066","2096337497","0.160256"
"2096337497","2078381066","0.160256"
"2078381066","2101456296","0.0769231"
"2101456296","2078381066","0.0769231"
"2078381066","2110796598","0.0769231"
"2110796598","2078381066","0.0769231"
"2078381066","2113478558","0.0769231"
"2113478558","2078381066","0.0769231"
"2078381066","2114462835","0.576923"
"2114462835","2078381066","0.576923"
"2078381066","2152283452","0.576923"
"2152283452","2078381066","0.576923"
"2078381066","2170486196","0.0769231"
"2170486196","2078381066","0.0769231"
"2078381066","2172146718","0.576923"
"2172146718","2078381066","0.576923"
"2096337497","2101456296","0.0769231"
"2101456296","2096337497","0.0769231"
"2096337497","2110796598","0.0769231"
"2110796598","2096337497","0.0769231"
"2096337497","2113478558","0.0769231"
"2113478558","2096337497","0.0769231"
"2096337497","2114462835","1.57692"
"2114462835","2096337497","1.57692"
"2096337497","2152283452","0.0769231"
"2152283452","2096337497","0.0769231"
"2096337497","2170486196","0.0769231"
"2170486196","2096337497","0.0769231"
"2096337497","2172146718","0.0769231"
"2172146718","2096337497","0.0769231"
"2101456296","2110796598","0.201923"
"2110796598","2101456296","0.201923"
"2101456296","2113478558","19.2019"
"2113478558","2101456296","19.2019"
"2101456296","2114462835","0.0769231"
"2114462835","2101456296","0.0769231"
"2101456296","2152283452","0.0769231"
"2152283452","2101456296","0.0769231"
"2101456296","2170486196","1.57692"
"2170486196","2101456296","1.57692"
"2101456296","2172146718","0.201923"
"2172146718","2101456296","0.201923"
"2110796598","2113478558","0.201923"
"2113478558","2110796598","0.201923"
"2110796598","2114462835","0.0769231"
"2114462835","2110796598","0.0769231"
"2110796598","2152283452","1.07692"
"2152283452","2110796598","1.07692"
"2110796598","2170486196","0.0769231"
"2170486196","2110796598","0.0769231"
"2110796598","2172146718","1.20192"
"2172146718","2110796598","1.20192"
"2113478558","2114462835","0.0769231"
"2114462835","2113478558","0.0769231"
"2113478558","2152283452","0.0769231"
"2152283452","2113478558","0.0769231"
"2113478558","2170486196","2.07692"
"2170486196","2113478558","2.07692"
"2113478558","2172146718","0.201923"
"2172146718","2113478558","0.201923"
"2114462835","2152283452","0.0769231"
"2152283452","2114462835","0.0769231"
"2114462835","2170486196","0.0769231"
"2170486196","2114462835","0.0769231"
"2114462835","2172146718","0.0769231"
"2172146718","2114462835","0.0769231"
"2152283452","2170486196","0.0769231"
"2170486196","2152283452","0.0769231"
"2152283452","2172146718","0.576923"
"2172146718","2152283452","0.576923"
"2170486196","2172146718","0.0769231"
"2172146718","2170486196","0.0769231"
"1497411990","1887248776","0.5"
"1887248776","1497411990","0.5"
"1497411990","1967817874","0.5"
"1967817874","1497411990","0.5"
"1887248776","1967817874","0.5"
"1967817874","1887248776","0.5"
"1497411990","1538248289","0.2"
"1538248289","1497411990","0.2"
"1497411990","1996261266","0.2"
"1996261266","1497411990","0.2"
"1497411990","2020889870","0.2"
"2020889870","1497411990","0.2"
"1497411990","2147785283","0.2"
"2147785283","1497411990","0.2"
"1497411990","2533240912","0.2"
"2533240912","1497411990","0.2"
"1538248289","1996261266","0.2"
"1996261266","1538248289","0.2"
"1538248289","2020889870","0.2"
"2020889870","1538248289","0.2"
"1538248289","2147785283","0.2"
"2147785283","1538248289","0.2"
"1538248289","2533240912","0.2"
"2533240912","1538248289","0.2"
"1996261266","2020889870","4.11667"
"2020889870","1996261266","4.11667"
"1996261266","2147785283","2.61667"
"2147785283","1996261266","2.61667"
"1996261266","2533240912","2.61667"
"2533240912","1996261266","2.61667"
"2020889870","2147785283","2.61667"
"2147785283","2020889870","2.61667"
"2020889870","2533240912","4.11667"
"2533240912","2020889870","4.11667"
"2147785283","2533240912","6.11667"
"2533240912","2147785283","6.11667"
"2114462835","2156270241","1"
"2156270241","2114462835","1"
"1497411990","1998959019","0.5"
"1998959019","1497411990","0.5"
"1497411990","2072783440","0.5"
"2072783440","1497411990","0.5"
"1998959019","2072783440","17.3262"
"2072783440","1998959019","17.3262"
"1509210027","1536595935","0.833333"
"1536595935","1509210027","0.833333"
"1509210027","1967817874","0.833333"
"1967817874","1509210027","0.833333"
"1536595935","1967817874","7.75119"
"1967817874","1536595935","7.75119"
"1536595935","1579791504","0.333333"
"1579791504","1536595935","0.333333"
"1536595935","2078381066","0.333333"
"2078381066","1536595935","0.333333"
"1579791504","1967817874","0.333333"
"1967817874","1579791504","0.333333"
"1967817874","2078381066","0.333333"
"2078381066","1967817874","0.333333"
"1509210027","1572340632","0.0833333"
"1572340632","1509210027","0.0833333"
"1509210027","1998959019","0.0833333"
"1998959019","1509210027","0.0833333"
"1509210027","2070511916","0.0833333"
"2070511916","1509210027","0.0833333"
"1509210027","2072783440","0.0833333"
"2072783440","1509210027","0.0833333"
"1509210027","2133867947","0.0833333"
"2133867947","1509210027","0.0833333"
"1509210027","2919235007","0.0833333"
"2919235007","1509210027","0.0833333"
"1536595935","1542474184","0.0833333"
"1542474184","1536595935","0.0833333"
"1536595935","1572340632","0.80119"
"1572340632","1536595935","0.80119"
"1536595935","1998959019","0.82619"
"1998959019","1536595935","0.82619"
"1536595935","2070511916","0.87619"
"2070511916","1536595935","0.87619"
"1536595935","2072783440","0.82619"
"2072783440","1536595935","0.82619"
"1536595935","2096337497","0.0833333"
"2096337497","1536595935","0.0833333"
"1536595935","2133867947","1.20119"
"2133867947","1536595935","1.20119"
"1536595935","2919235007","0.208333"
"2919235007","1536595935","0.208333"
"1542474184","1572340632","0.583333"
"1572340632","1542474184","0.583333"
"1542474184","1967817874","0.0833333"
"1967817874","1542474184","0.0833333"
"1542474184","1998959019","0.0833333"
"1998959019","1542474184","0.0833333"
"1542474184","2070511916","0.0833333"
"2070511916","1542474184","0.0833333"
"1542474184","2072783440","0.0833333"
"2072783440","1542474184","0.0833333"
"1542474184","2133867947","0.0833333"
"2133867947","1542474184","0.0833333"
"1542474184","2919235007","0.0833333"
"2919235007","1542474184","0.0833333"
"1572340632","1579791504","0.0833333"
"1579791504","1572340632","0.0833333"
"1572340632","1967817874","1.10119"
"1967817874","1572340632","1.10119"
"1572340632","1998959019","0.42619"
"1998959019","1572340632","0.42619"
"1572340632","2070511916","1.17619"
"2070511916","1572340632","1.17619"
"1572340632","2072783440","0.42619"
"2072783440","1572340632","0.42619"
"1572340632","2078381066","1.08333"
"2078381066","1572340632","1.08333"
"1572340632","2096337497","0.0833333"
"2096337497","1572340632","0.0833333"
"1572340632","2133867947","0.80119"
"2133867947","1572340632","0.80119"
"1572340632","2919235007","0.208333"
"2919235007","1572340632","0.208333"
"1579791504","1998959019","0.0833333"
"1998959019","1579791504","0.0833333"
"1579791504","2070511916","0.0833333"
"2070511916","1579791504","0.0833333"
"1579791504","2072783440","0.0833333"
"2072783440","1579791504","0.0833333"
"1579791504","2133867947","0.0833333"
"2133867947","1579791504","0.0833333"
"1579791504","2919235007","0.0833333"
"2919235007","1579791504","0.0833333"
"1967817874","1998959019","0.62619"
"1998959019","1967817874","0.62619"
"1967817874","2070511916","2.17619"
"2070511916","1967817874","2.17619"
"1967817874","2072783440","0.62619"
"2072783440","1967817874","0.62619"
"1967817874","2096337497","0.0833333"
"2096337497","1967817874","0.0833333"
"1967817874","2133867947","1.00119"
"2133867947","1967817874","1.00119"
"1967817874","2919235007","0.208333"
"2919235007","1967817874","0.208333"
"1998959019","2070511916","0.62619"
"2070511916","1998959019","0.62619"
"1998959019","2078381066","0.0833333"
"2078381066","1998959019","0.0833333"
"1998959019","2096337497","0.0833333"
"2096337497","1998959019","0.0833333"
"1998959019","2133867947","0.82619"
"2133867947","1998959019","0.82619"
"1998959019","2919235007","0.0833333"
"2919235007","1998959019","0.0833333"
"2070511916","2072783440","0.62619"
"2072783440","2070511916","0.62619"
"2070511916","2078381066","0.0833333"
"2078381066","2070511916","0.0833333"
"2070511916","2096337497","0.0833333"
"2096337497","2070511916","0.0833333"
"2070511916","2133867947","0.87619"
"2133867947","2070511916","0.87619"
"2070511916","2919235007","0.0833333"
"2919235007","2070511916","0.0833333"
"2072783440","2078381066","0.0833333"
"2078381066","2072783440","0.0833333"
"2072783440","2096337497","0.0833333"
"2096337497","2072783440","0.0833333"
"2072783440","2133867947","0.82619"
"2133867947","2072783440","0.82619"
"2072783440","2919235007","0.0833333"
"2919235007","2072783440","0.0833333"
"2078381066","2133867947","0.0833333"
"2133867947","2078381066","0.0833333"
"2078381066","2919235007","0.0833333"
"2919235007","2078381066","0.0833333"
"2096337497","2133867947","0.0833333"
"2133867947","2096337497","0.0833333"
"2096337497","2919235007","0.0833333"
"2919235007","2096337497","0.0833333"
"2133867947","2919235007","0.208333"
"2919235007","2133867947","0.208333"
"1536595935","2003639310","0.342857"
"2003639310","1536595935","0.342857"
"1967817874","2003639310","0.342857"
"2003639310","1967817874","0.342857"
"1998959019","2003639310","0.342857"
"2003639310","1998959019","0.342857"
"2003639310","2072783440","0.342857"
"2072783440","2003639310","0.342857"
"2003639310","2133867947","0.342857"
"2133867947","2003639310","0.342857"
"1572340632","2003639310","0.142857"
"2003639310","1572340632","0.142857"
"2003639310","2070511916","0.142857"
"2070511916","2003639310","0.142857"
"1536595935","2101456296","0.125"
"2101456296","1536595935","0.125"
"1536595935","2110796598","0.125"
"2110796598","1536595935","0.125"
"1536595935","2113478558","0.125"
"2113478558","1536595935","0.125"
"1536595935","2172146718","0.125"
"2172146718","1536595935","0.125"
"1572340632","2101456296","0.125"
"2101456296","1572340632","0.125"
"1572340632","2110796598","0.125"
"2110796598","1572340632","0.125"
"1572340632","2113478558","0.125"
"2113478558","1572340632","0.125"
"1572340632","2172146718","0.125"
"2172146718","1572340632","0.125"
"1967817874","2101456296","0.125"
"2101456296","1967817874","0.125"
"1967817874","2110796598","0.125"
"2110796598","1967817874","0.125"
"1967817874","2113478558","0.125"
"2113478558","1967817874","0.125"
"1967817874","2172146718","0.125"
"2172146718","1967817874","0.125"
"2101456296","2133867947","0.125"
"2133867947","2101456296","0.125"
"2101456296","2919235007","0.625"
"2919235007","2101456296","0.625"
"2110796598","2133867947","0.125"
"2133867947","2110796598","0.125"
"2110796598","2919235007","0.125"
"2919235007","2110796598","0.125"
"2113478558","2133867947","0.125"
"2133867947","2113478558","0.125"
"2113478558","2919235007","0.625"
"2919235007","2113478558","0.625"
"2133867947","2172146718","0.125"
"2172146718","2133867947","0.125"
"2172146718","2919235007","0.291667"
"2919235007","2172146718","0.291667"
"1538238628","2130308858","0.25"
"2130308858","1538238628","0.25"
"1969775925","2130308858","0.25"
"2130308858","1969775925","0.25"
"1995369260","2130308858","0.869048"
"2130308858","1995369260","0.869048"
"2108009586","2130308858","0.25"
"2130308858","2108009586","0.25"
"1538248289","1969775925","0.333333"
"1969775925","1538248289","0.333333"
"1969775925","2104600163","2.33333"
"2104600163","1969775925","2.33333"
"1969775925","2139573884","0.333333"
"2139573884","1969775925","0.333333"
"1538248289","2156270241","0.333333"
"2156270241","1538248289","0.333333"
"2104600163","2156270241","0.333333"
"2156270241","2104600163","0.333333"
"2139573884","2156270241","0.333333"
"2156270241","2139573884","0.333333"
"1557162201","2093220592","3"
"2093220592","1557162201","3"
"1572340632","2114462835","0.5"
"2114462835","1572340632","0.5"
"1745169521","2144871531","14.5"
"2144871531","1745169521","14.5"
"1745169521","2113478558","0.5"
"2113478558","1745169521","0.5"
"2113478558","2144871531","0.5"
"2144871531","2113478558","0.5"
"1783744706","1808014452","3.75"
"1808014452","1783744706","3.75"
"1783744706","1995369260","0.25"
"1995369260","1783744706","0.25"
"1783744706","2042300585","0.25"
"2042300585","1783744706","0.25"
"1783744706","2106582507","0.25"
"2106582507","1783744706","0.25"
"1808014452","1995369260","0.75"
"1995369260","1808014452","0.75"
"1808014452","2042300585","5.78333"
"2042300585","1808014452","5.78333"
"1808014452","2106582507","0.25"
"2106582507","1808014452","0.25"
"1995369260","2042300585","0.75"
"2042300585","1995369260","0.75"
"2042300585","2106582507","0.25"
"2106582507","2042300585","0.25"
"1783744706","2052747182","0.5"
"2052747182","1783744706","0.5"
"1808014452","2052747182","0.5"
"2052747182","1808014452","0.5"
"1808014452","2010173932","0.7"
"2010173932","1808014452","0.7"
"1808014452","2533240912","1.03333"
"2533240912","1808014452","1.03333"
"2010173932","2533240912","4.2"
"2533240912","2010173932","4.2"
"1808014452","2010676616","1.36667"
"2010676616","1808014452","1.36667"
"2010676616","2042300585","1.03333"
"2042300585","2010676616","1.03333"
"1808014452","1988677556","0.866667"
"1988677556","1808014452","0.866667"
"1988677556","2010173932","0.7"
"2010173932","1988677556","0.7"
"1988677556","2010676616","3.86667"
"2010676616","1988677556","3.86667"
"1988677556","2042300585","0.533333"
"2042300585","1988677556","0.533333"
"1988677556","2533240912","0.533333"
"2533240912","1988677556","0.533333"
"2010173932","2010676616","0.7"
"2010676616","2010173932","0.7"
"2010173932","2042300585","0.2"
"2042300585","2010173932","0.2"
"2010676616","2533240912","0.533333"
"2533240912","2010676616","0.533333"
"2042300585","2533240912","0.2"
"2533240912","2042300585","0.2"
"1875866204","2053508739","6"
"2053508739","1875866204","6"
"1875866204","2093220592","1.5"
"2093220592","1875866204","1.5"
"2053508739","2093220592","2"
"2093220592","2053508739","2"
"1875866204","2007983723","0.5"
"2007983723","1875866204","0.5"
"2007983723","2093220592","1.5"
"2093220592","2007983723","1.5"
"1980095184","2897170328","9"
"2897170328","1980095184","9"
"1988677556","2163422235","0.5"
"2163422235","1988677556","0.5"
"2010676616","2163422235","0.5"
"2163422235","2010676616","0.5"
"2015036967","2130308858","0.452381"
"2130308858","2015036967","0.452381"
"2105958932","2130308858","0.452381"
"2130308858","2105958932","0.452381"
"2106582507","2130308858","0.452381"
"2130308858","2106582507","0.452381"
"2113728436","2130308858","0.619048"
"2130308858","2113728436","0.619048"
"2130308858","2133839490","0.619048"
"2133839490","2130308858","0.619048"
"2130308858","2919235007","0.619048"
"2919235007","2130308858","0.619048"
"1995369260","2162073574","1.06667"
"2162073574","1995369260","1.06667"
"2106582507","2162073574","0.166667"
"2162073574","2106582507","0.166667"
"2113728436","2162073574","1.76667"
"2162073574","2113728436","1.76667"
"2130308858","2162073574","0.166667"
"2162073574","2130308858","0.166667"
"2133839490","2162073574","0.766667"
"2162073574","2133839490","0.766667"
"2162073574","2919235007","1.36667"
"2919235007","2162073574","1.36667"
"1995369260","2041480327","1"
"2041480327","1995369260","1"
"2015036967","2162073574","0.6"
"2162073574","2015036967","0.6"
"2105958932","2162073574","1.6"
"2162073574","2105958932","1.6"
"1995369260","2172146718","0.166667"
"2172146718","1995369260","0.166667"
"2015036967","2172146718","0.166667"
"2172146718","2015036967","0.166667"
"2105958932","2172146718","0.166667"
"2172146718","2105958932","0.166667"
"2113728436","2172146718","0.166667"
"2172146718","2113728436","0.166667"
"2133839490","2172146718","0.166667"
"2172146718","2133839490","0.166667"
"1996261266","2010173932","2"
"2010173932","1996261266","2"
"2010173932","2020889870","2.5"
"2020889870","2010173932","2.5"
"2010173932","2147785283","2"
"2147785283","2010173932","2"
"1996261266","2000960318","0.25"
"2000960318","1996261266","0.25"
"2000960318","2020889870","0.25"
"2020889870","2000960318","0.25"
"2000960318","2147785283","0.25"
"2147785283","2000960318","0.25"
"2000960318","2533240912","0.25"
"2533240912","2000960318","0.25"
"2000960318","2010173932","1"
"2010173932","2000960318","1"
"2001802559","2052747182","1"
"2052747182","2001802559","1"
"2001802559","2163390528","1"
"2163390528","2001802559","1"
"2052747182","2163390528","2"
"2163390528","2052747182","2"
"2001802559","2036523804","2.5"
"2036523804","2001802559","2.5"
"2001802559","2004131956","0.5"
"2004131956","2001802559","0.5"
"2004131956","2036523804","0.5"
"2036523804","2004131956","0.5"
"2004131956","2952677376","1"
"2952677376","2004131956","1"
"2004131956","2163390528","1"
"2163390528","2004131956","1"
"2015036967","2152283452","2"
"2152283452","2015036967","2"
"2016621069","2243165325","8"
"2243165325","2016621069","8"
"2016621069","2041480327","2.5"
"2041480327","2016621069","2.5"
"2016621069","2096337497","2"
"2096337497","2016621069","2"
"2016621069","2114462835","0.5"
"2114462835","2016621069","0.5"
"2041480327","2114462835","0.5"
"2114462835","2041480327","0.5"
"2036523804","2068552551","0.5"
"2068552551","2036523804","0.5"
"2036523804","2163390528","0.5"
"2163390528","2036523804","0.5"
"2068552551","2163390528","5.5"
"2163390528","2068552551","5.5"
"2036523804","2052747182","1"
"2052747182","2036523804","1"
"2036523804","2605181250","1"
"2605181250","2036523804","1"
"2036523804","2105837509","1"
"2105837509","2036523804","1"
"2041200948","2076138883","0.333333"
"2076138883","2041200948","0.333333"
"2041200948","2535373932","7.83333"
"2535373932","2041200948","7.83333"
"2041200948","2605181250","4.83333"
"2605181250","2041200948","4.83333"
"2076138883","2535373932","0.333333"
"2535373932","2076138883","0.333333"
"2076138883","2605181250","0.333333"
"2605181250","2076138883","0.333333"
"2535373932","2605181250","3.83333"
"2605181250","2535373932","3.83333"
"2041200948","2788096725","1"
"2788096725","2041200948","1"
"2041480327","2096337497","2"
"2096337497","2041480327","2"
"2052747182","2076138883","1"
"2076138883","2052747182","1"
"2096337497","2156270241","0.5"
"2156270241","2096337497","0.5"
"2108009586","2110863141","0.5"
"2110863141","2108009586","0.5"
"2108009586","2560171979","0.5"
"2560171979","2108009586","0.5"
"2110863141","2560171979","0.5"
"2560171979","2110863141","0.5"
"2154875162","2622672763","13"
"2622672763","2154875162","13"
"2162073574","3007809705","0.5"
"3007809705","2162073574","0.5"
"2919235007","3007809705","0.5"
"3007809705","2919235007","0.5"
"2163390528","2605181250","1"
"2605181250","2163390528","1"
"2163390528","2788096725","1"
"2788096725","2163390528","1"
"2163422235","2767777643","1"
"2767777643","2163422235","1"
"2605181250","2788096725","1"
"2788096725","2605181250","1"
"2767777643","2950687672","1.5"
"2950687672","2767777643","1.5"
"2767777643","2791995108","0.5"
"2791995108","2767777643","0.5"
"2791995108","2950687672","6.5"
"2950687672","2791995108","6.5"
