"1861738855","2895250764","1.13422"
"2895250764","1861738855","1.13422"
"1861738855","2999155157","0.871858"
"2999155157","1861738855","0.871858"
"2895250764","2999155157","4.76835"
"2999155157","2895250764","4.76835"
"1861738855","1963779976","2.41511"
"1963779976","1861738855","2.41511"
"1861738855","1972195634","0.111111"
"1972195634","1861738855","0.111111"
"1861738855","1980147362","0.430556"
"1980147362","1861738855","0.430556"
"1861738855","2094298886","0.396368"
"2094298886","1861738855","0.396368"
"1861738855","2164762195","0.111111"
"2164762195","1861738855","0.111111"
"1861738855","2274441380","0.111111"
"2274441380","1861738855","0.111111"
"1861738855","2587920002","0.111111"
"2587920002","1861738855","0.111111"
"1861738855","2602750048","0.138889"
"2602750048","1861738855","0.138889"
"1861738855","2765774435","0.180556"
"2765774435","1861738855","0.180556"
"1963779976","1972195634","0.493687"
"1972195634","1963779976","0.493687"
"1963779976","1980147362","0.430556"
"1980147362","1963779976","0.430556"
"1963779976","2094298886","0.229701"
"2094298886","1963779976","0.229701"
"1963779976","2164762195","0.352778"
"2164762195","1963779976","0.352778"
"1963779976","2274441380","0.243687"
"2274441380","1963779976","0.243687"
"1963779976","2587920002","0.243687"
"2587920002","1963779976","0.243687"
"1963779976","2602750048","0.180556"
"2602750048","1963779976","0.180556"
"1963779976","2765774435","0.180556"
"2765774435","1963779976","0.180556"
"1972195634","1980147362","1.61071"
"1980147362","1972195634","1.61071"
"1972195634","2094298886","0.152778"
"2094298886","1972195634","0.152778"
"1972195634","2164762195","0.420635"
"2164762195","1972195634","0.420635"
"1972195634","2274441380","4.85559"
"2274441380","1972195634","4.85559"
"1972195634","2587920002","1.5544"
"2587920002","1972195634","1.5544"
"1972195634","2602750048","0.662302"
"2602750048","1972195634","0.662302"
"1972195634","2765774435","0.35119"
"2765774435","1972195634","0.35119"
"1980147362","2094298886","2.89444"
"2094298886","1980147362","2.89444"
"1980147362","2164762195","0.995635"
"2164762195","1980147362","0.995635"
"1980147362","2274441380","1.61071"
"2274441380","1980147362","1.61071"
"1980147362","2587920002","0.434524"
"2587920002","1980147362","0.434524"
"1980147362","2602750048","0.236111"
"2602750048","1980147362","0.236111"
"1980147362","2765774435","0.880134"
"2765774435","1980147362","0.880134"
"2094298886","2164762195","3.31111"
"2164762195","2094298886","3.31111"
"2094298886","2274441380","0.152778"
"2274441380","2094298886","0.152778"
"2094298886","2587920002","0.295635"
"2587920002","2094298886","0.295635"
"2094298886","2602750048","0.295635"
"2602750048","2094298886","0.295635"
"2094298886","2765774435","0.337302"
"2765774435","2094298886","0.337302"
"2164762195","2274441380","0.545635"
"2274441380","2164762195","0.545635"
"2164762195","2587920002","0.277778"
"2587920002","2164762195","0.277778"
"2164762195","2602750048","0.152778"
"2602750048","2164762195","0.152778"
"2164762195","2765774435","0.152778"
"2765774435","2164762195","0.152778"
"2274441380","2587920002","1.4294"
"2587920002","2274441380","1.4294"
"2274441380","2602750048","0.662302"
"2602750048","2274441380","0.662302"
"2274441380","2765774435","4.85119"
"2765774435","2274441380","4.85119"
"2587920002","2602750048","3.33254"
"2602750048","2587920002","3.33254"
"2587920002","2765774435","1.50357"
"2765774435","2587920002","1.50357"
"2602750048","2765774435","0.870635"
"2765774435","2602750048","0.870635"
"1861738855","1986759966","0.348048"
"1986759966","1861738855","0.348048"
"1861738855","1993267542","0.363095"
"1993267542","1861738855","0.363095"
"1861738855","2006832924","0.177413"
"2006832924","1861738855","0.177413"
"1861738855","2019405311","0.146368"
"2019405311","1861738855","0.146368"
"1861738855","2057592101","0.0694444"
"2057592101","1861738855","0.0694444"
"1861738855","2090575729","0.205191"
"2090575729","1861738855","0.205191"
"1861738855","2092168421","0.113095"
"2092168421","1861738855","0.113095"
"1861738855","2110861511","0.291667"
"2110861511","1861738855","0.291667"
"1861738855","2120135212","0.61859"
"2120135212","1861738855","0.61859"
"1861738855","2134869655","0.113095"
"2134869655","1861738855","0.113095"
"1861738855","2275031392","0.0694444"
"2275031392","1861738855","0.0694444"
"1861738855","2303507108","0.0694444"
"2303507108","1861738855","0.0694444"
"1861738855","2316093926","0.634524"
"2316093926","1861738855","0.634524"
"1861738855","2397271794","1.14087"
"2397271794","1861738855","1.14087"
"1861738855","2466822794","0.569444"
"2466822794","1861738855","0.569444"
"1861738855","2580937131","0.0694444"
"2580937131","1861738855","0.0694444"
"1861738855","2616564887","0.545635"
"2616564887","1861738855","0.545635"
"1861738855","2765871399","0.60049"
"2765871399","1861738855","0.60049"
"1861738855","343686539","0.648109"
"343686539","1861738855","0.648109"
"1861738855","885316130","0.545635"
"885316130","1861738855","0.545635"
"1980147362","1986759966","0.160354"
"1986759966","1980147362","0.160354"
"1980147362","1993267542","0.6921"
"1993267542","1980147362","0.6921"
"1980147362","2006832924","0.11859"
"2006832924","1980147362","0.11859"
"1980147362","2019405311","0.212302"
"2019405311","1980147362","0.212302"
"1980147362","2057592101","1.50513"
"2057592101","1980147362","1.50513"
"1980147362","2090575729","0.446068"
"2090575729","1980147362","0.446068"
"1980147362","2092168421","0.11859"
"2092168421","1980147362","0.11859"
"1980147362","2110861511","1.13645"
"2110861511","1980147362","1.13645"
"1980147362","2120135212","0.291667"
"2120135212","1980147362","0.291667"
"1980147362","2134869655","0.11859"
"2134869655","1980147362","0.11859"
"1980147362","2275031392","1.44444"
"2275031392","1980147362","1.44444"
"1980147362","2303507108","0.0694444"
"2303507108","1980147362","0.0694444"
"1980147362","2316093926","1.55952"
"2316093926","1980147362","1.55952"
"1980147362","2397271794","0.0694444"
"2397271794","1980147362","0.0694444"
"1980147362","2466822794","0.160354"
"2466822794","1980147362","0.160354"
"1980147362","2580937131","0.337302"
"2580937131","1980147362","0.337302"
"1980147362","2616564887","0.237277"
"2616564887","1980147362","0.237277"
"1980147362","2765871399","1.07341"
"2765871399","1980147362","1.07341"
"1980147362","2999155157","0.0694444"
"2999155157","1980147362","0.0694444"
"1980147362","343686539","0.422222"
"343686539","1980147362","0.422222"
"1980147362","885316130","0.237277"
"885316130","1980147362","0.237277"
"1986759966","1993267542","0.132576"
"1993267542","1986759966","0.132576"
"1986759966","2006832924","0.277413"
"2006832924","1986759966","0.277413"
"1986759966","2019405311","0.554701"
"2019405311","1986759966","0.554701"
"1986759966","2057592101","0.160354"
"2057592101","1986759966","0.160354"
"1986759966","2090575729","0.9711"
"2090575729","1986759966","0.9711"
"1986759966","2092168421","0.141667"
"2092168421","1986759966","0.141667"
"1986759966","2094298886","0.44359"
"2094298886","1986759966","0.44359"
"1986759966","2110861511","0.541667"
"2110861511","1986759966","0.541667"
"1986759966","2120135212","1.46859"
"2120135212","1986759966","1.46859"
"1986759966","2134869655","1.14167"
"2134869655","1986759966","1.14167"
"1986759966","2275031392","0.0694444"
"2275031392","1986759966","0.0694444"
"1986759966","2303507108","0.0694444"
"2303507108","1986759966","0.0694444"
"1986759966","2316093926","0.684524"
"2316093926","1986759966","0.684524"
"1986759966","2397271794","0.0694444"
"2397271794","1986759966","0.0694444"
"1986759966","2466822794","0.443687"
"2466822794","1986759966","0.443687"
"1986759966","2580937131","0.152778"
"2580937131","1986759966","0.152778"
"1986759966","2616564887","0.160354"
"2616564887","1986759966","0.160354"
"1986759966","2765774435","0.860354"
"2765774435","1986759966","0.860354"
"1986759966","2765871399","0.183824"
"2765871399","1986759966","0.183824"
"1986759966","2999155157","0.288524"
"2999155157","1986759966","0.288524"
"1986759966","343686539","0.368347"
"343686539","1986759966","0.368347"
"1986759966","885316130","0.160354"
"885316130","1986759966","0.160354"
"1993267542","2006832924","1.34167"
"2006832924","1993267542","1.34167"
"1993267542","2019405311","0.184524"
"2019405311","1993267542","0.184524"
"1993267542","2057592101","0.582576"
"2057592101","1993267542","0.582576"
"1993267542","2090575729","0.275433"
"2090575729","1993267542","0.275433"
"1993267542","2092168421","2.39369"
"2092168421","1993267542","2.39369"
"1993267542","2094298886","0.0416667"
"2094298886","1993267542","0.0416667"
"1993267542","2110861511","3.02821"
"2110861511","1993267542","3.02821"
"1993267542","2120135212","1.19167"
"2120135212","1993267542","1.19167"
"1993267542","2134869655","1.97464"
"2134869655","1993267542","1.97464"
"1993267542","2275031392","0.208333"
"2275031392","1993267542","0.208333"
"1993267542","2303507108","0.0416667"
"2303507108","1993267542","0.0416667"
"1993267542","2316093926","1.76786"
"2316093926","1993267542","1.76786"
"1993267542","2397271794","0.255952"
"2397271794","1993267542","0.255952"
"1993267542","2466822794","0.132576"
"2466822794","1993267542","0.132576"
"1993267542","2580937131","0.0416667"
"2580937131","1993267542","0.0416667"
"1993267542","2616564887","0.132576"
"2616564887","1993267542","0.132576"
"1993267542","2765774435","0.132576"
"2765774435","1993267542","0.132576"
"1993267542","2765871399","0.375"
"2765871399","1993267542","0.375"
"1993267542","2999155157","0.241667"
"2999155157","1993267542","0.241667"
"1993267542","343686539","0.446429"
"343686539","1993267542","0.446429"
"1993267542","885316130","0.465909"
"885316130","1993267542","0.465909"
"2006832924","2019405311","0.36859"
"2019405311","2006832924","0.36859"
"2006832924","2057592101","0.11859"
"2057592101","2006832924","0.11859"
"2006832924","2090575729","0.527413"
"2090575729","2006832924","0.527413"
"2006832924","2092168421","0.81859"
"2092168421","2006832924","0.81859"
"2006832924","2094298886","0.11859"
"2094298886","2006832924","0.11859"
"2006832924","2110861511","0.11859"
"2110861511","2006832924","0.11859"
"2006832924","2120135212","0.41859"
"2120135212","2006832924","0.41859"
"2006832924","2134869655","1.74359"
"2134869655","2006832924","1.74359"
"2006832924","2275031392","0.0416667"
"2275031392","2006832924","0.0416667"
"2006832924","2303507108","0.0416667"
"2303507108","2006832924","0.0416667"
"2006832924","2316093926","0.0416667"
"2316093926","2006832924","0.0416667"
"2006832924","2397271794","0.166667"
"2397271794","2006832924","0.166667"
"2006832924","2466822794","0.0416667"
"2466822794","2006832924","0.0416667"
"2006832924","2580937131","0.0416667"
"2580937131","2006832924","0.0416667"
"2006832924","2616564887","0.11859"
"2616564887","2006832924","0.11859"
"2006832924","2765774435","0.11859"
"2765774435","2006832924","0.11859"
"2006832924","2765871399","0.22549"
"2765871399","2006832924","0.22549"
"2006832924","2999155157","0.377413"
"2999155157","2006832924","0.377413"
"2006832924","343686539","0.10049"
"343686539","2006832924","0.10049"
"2006832924","885316130","0.11859"
"885316130","2006832924","0.11859"
"2019405311","2057592101","0.0694444"
"2057592101","2019405311","0.0694444"
"2019405311","2090575729","3.39756"
"2090575729","2019405311","3.39756"
"2019405311","2092168421","0.0416667"
"2092168421","2019405311","0.0416667"
"2019405311","2094298886","0.24359"
"2094298886","2019405311","0.24359"
"2019405311","2110861511","0.0416667"
"2110861511","2019405311","0.0416667"
"2019405311","2120135212","0.11859"
"2120135212","2019405311","0.11859"
"2019405311","2134869655","0.0416667"
"2134869655","2019405311","0.0416667"
"2019405311","2275031392","0.0694444"
"2275031392","2019405311","0.0694444"
"2019405311","2303507108","0.0694444"
"2303507108","2019405311","0.0694444"
"2019405311","2316093926","0.0416667"
"2316093926","2019405311","0.0416667"
"2019405311","2397271794","0.0694444"
"2397271794","2019405311","0.0694444"
"2019405311","2466822794","0.352778"
"2466822794","2019405311","0.352778"
"2019405311","2580937131","0.152778"
"2580937131","2019405311","0.152778"
"2019405311","2616564887","0.0694444"
"2616564887","2019405311","0.0694444"
"2019405311","2765774435","0.269444"
"2765774435","2019405311","0.269444"
"2019405311","2765871399","0.125"
"2765871399","2019405311","0.125"
"2019405311","2999155157","0.229701"
"2999155157","2019405311","0.229701"
"2019405311","343686539","0.333333"
"343686539","2019405311","0.333333"
"2019405311","885316130","0.0694444"
"885316130","2019405311","0.0694444"
"2057592101","2090575729","0.303211"
"2090575729","2057592101","0.303211"
"2057592101","2092168421","0.201923"
"2092168421","2057592101","0.201923"
"2057592101","2094298886","0.0416667"
"2094298886","2057592101","0.0416667"
"2057592101","2110861511","1.13645"
"2110861511","2057592101","1.13645"
"2057592101","2120135212","0.408333"
"2120135212","2057592101","0.408333"
"2057592101","2134869655","0.201923"
"2134869655","2057592101","0.201923"
"2057592101","2275031392","5.90278"
"2275031392","2057592101","5.90278"
"2057592101","2303507108","0.0694444"
"2303507108","2057592101","0.0694444"
"2057592101","2316093926","2.80952"
"2316093926","2057592101","2.80952"
"2057592101","2397271794","0.0694444"
"2397271794","2057592101","0.0694444"
"2057592101","2466822794","0.160354"
"2466822794","2057592101","0.160354"
"2057592101","2580937131","0.462302"
"2580937131","2057592101","0.462302"
"2057592101","2616564887","0.237277"
"2616564887","2057592101","0.237277"
"2057592101","2765774435","2.48728"
"2765774435","2057592101","2.48728"
"2057592101","2765871399","0.60119"
"2765871399","2057592101","0.60119"
"2057592101","2999155157","0.0694444"
"2999155157","2057592101","0.0694444"
"2057592101","343686539","0.0416667"
"343686539","2057592101","0.0416667"
"2057592101","885316130","0.237277"
"885316130","2057592101","0.237277"
"2090575729","2092168421","0.141667"
"2092168421","2090575729","0.141667"
"2090575729","2094298886","0.24359"
"2094298886","2090575729","0.24359"
"2090575729","2110861511","0.47619"
"2110861511","2090575729","0.47619"
"2090575729","2120135212","0.635256"
"2120135212","2090575729","0.635256"
"2090575729","2134869655","0.141667"
"2134869655","2090575729","0.141667"
"2090575729","2275031392","0.0694444"
"2275031392","2090575729","0.0694444"
"2090575729","2303507108","0.0694444"
"2303507108","2090575729","0.0694444"
"2090575729","2316093926","0.184524"
"2316093926","2090575729","0.184524"
"2090575729","2397271794","0.319444"
"2397271794","2090575729","0.319444"
"2090575729","2466822794","0.65202"
"2466822794","2090575729","0.65202"
"2090575729","2580937131","0.462302"
"2580937131","2090575729","0.462302"
"2090575729","2616564887","0.160354"
"2616564887","2090575729","0.160354"
"2090575729","2765774435","0.360354"
"2765774435","2090575729","0.360354"
"2090575729","2765871399","0.443347"
"2765871399","2090575729","0.443347"
"2090575729","2999155157","0.955191"
"2999155157","2090575729","0.955191"
"2090575729","343686539","1.42549"
"343686539","2090575729","1.42549"
"2090575729","885316130","0.160354"
"885316130","2090575729","0.160354"
"2092168421","2094298886","0.0416667"
"2094298886","2092168421","0.0416667"
"2092168421","2110861511","0.563467"
"2110861511","2092168421","0.563467"
"2092168421","2120135212","0.341667"
"2120135212","2092168421","0.341667"
"2092168421","2134869655","1.16823"
"2134869655","2092168421","1.16823"
"2092168421","2275031392","0.0416667"
"2275031392","2092168421","0.0416667"
"2092168421","2303507108","0.0416667"
"2303507108","2092168421","0.0416667"
"2092168421","2316093926","0.184524"
"2316093926","2092168421","0.184524"
"2092168421","2397271794","0.255952"
"2397271794","2092168421","0.255952"
"2092168421","2466822794","0.0416667"
"2466822794","2092168421","0.0416667"
"2092168421","2580937131","0.0416667"
"2580937131","2092168421","0.0416667"
"2092168421","2616564887","0.11859"
"2616564887","2092168421","0.11859"
"2092168421","2765774435","0.11859"
"2765774435","2092168421","0.11859"
"2092168421","2765871399","0.0416667"
"2765871399","2092168421","0.0416667"
"2092168421","2999155157","0.0416667"
"2999155157","2092168421","0.0416667"
"2092168421","343686539","0.113095"
"343686539","2092168421","0.113095"
"2092168421","885316130","0.11859"
"885316130","2092168421","0.11859"
"2094298886","2110861511","0.0416667"
"2110861511","2094298886","0.0416667"
"2094298886","2120135212","0.11859"
"2120135212","2094298886","0.11859"
"2094298886","2134869655","0.0416667"
"2134869655","2094298886","0.0416667"
"2094298886","2275031392","0.0416667"
"2275031392","2094298886","0.0416667"
"2094298886","2303507108","1.04167"
"2303507108","2094298886","1.04167"
"2094298886","2316093926","0.0416667"
"2316093926","2094298886","0.0416667"
"2094298886","2397271794","0.0416667"
"2397271794","2094298886","0.0416667"
"2094298886","2466822794","0.0416667"
"2466822794","2094298886","0.0416667"
"2094298886","2580937131","0.0416667"
"2580937131","2094298886","0.0416667"
"2094298886","2616564887","0.0416667"
"2616564887","2094298886","0.0416667"
"2094298886","2765871399","0.0833333"
"2765871399","2094298886","0.0833333"
"2094298886","2999155157","0.285256"
"2999155157","2094298886","0.285256"
"2094298886","343686539","0.541667"
"343686539","2094298886","0.541667"
"2094298886","885316130","0.0416667"
"885316130","2094298886","0.0416667"
"2110861511","2120135212","0.458333"
"2120135212","2110861511","0.458333"
"2110861511","2134869655","1.65394"
"2134869655","2110861511","1.65394"
"2110861511","2275031392","0.666667"
"2275031392","2110861511","0.666667"
"2110861511","2303507108","0.0416667"
"2303507108","2110861511","0.0416667"
"2110861511","2316093926","2.22619"
"2316093926","2110861511","2.22619"
"2110861511","2397271794","0.0416667"
"2397271794","2110861511","0.0416667"
"2110861511","2466822794","0.208333"
"2466822794","2110861511","0.208333"
"2110861511","2580937131","0.309524"
"2580937131","2110861511","0.309524"
"2110861511","2616564887","0.11859"
"2616564887","2110861511","0.11859"
"2110861511","2765774435","0.410256"
"2765774435","2110861511","0.410256"
"2110861511","2765871399","0.47619"
"2765871399","2110861511","0.47619"
"2110861511","2999155157","0.0416667"
"2999155157","2110861511","0.0416667"
"2110861511","343686539","0.0416667"
"343686539","2110861511","0.0416667"
"2110861511","885316130","0.11859"
"885316130","2110861511","0.11859"
"2120135212","2134869655","0.141667"
"2134869655","2120135212","0.141667"
"2120135212","2275031392","0.0416667"
"2275031392","2120135212","0.0416667"
"2120135212","2303507108","1.04167"
"2303507108","2120135212","1.04167"
"2120135212","2316093926","1.125"
"2316093926","2120135212","1.125"
"2120135212","2397271794","0.375"
"2397271794","2120135212","0.375"
"2120135212","2466822794","2.70833"
"2466822794","2120135212","2.70833"
"2120135212","2580937131","0.541667"
"2580937131","2120135212","0.541667"
"2120135212","2616564887","0.0416667"
"2616564887","2120135212","0.0416667"
"2120135212","2765774435","0.0416667"
"2765774435","2120135212","0.0416667"
"2120135212","2765871399","0.0416667"
"2765871399","2120135212","0.0416667"
"2120135212","2999155157","0.11859"
"2999155157","2120135212","0.11859"
"2120135212","343686539","0.0416667"
"343686539","2120135212","0.0416667"
"2120135212","885316130","0.0416667"
"885316130","2120135212","0.0416667"
"2134869655","2275031392","0.0416667"
"2275031392","2134869655","0.0416667"
"2134869655","2303507108","0.0416667"
"2303507108","2134869655","0.0416667"
"2134869655","2316093926","0.541667"
"2316093926","2134869655","0.541667"
"2134869655","2397271794","0.380952"
"2397271794","2134869655","0.380952"
"2134869655","2466822794","0.0416667"
"2466822794","2134869655","0.0416667"
"2134869655","2580937131","0.0416667"
"2580937131","2134869655","0.0416667"
"2134869655","2616564887","0.11859"
"2616564887","2134869655","0.11859"
"2134869655","2765774435","0.61859"
"2765774435","2134869655","0.61859"
"2134869655","2765871399","0.166667"
"2765871399","2134869655","0.166667"
"2134869655","2999155157","0.241667"
"2999155157","2134869655","0.241667"
"2134869655","343686539","0.113095"
"343686539","2134869655","0.113095"
"2134869655","885316130","0.11859"
"885316130","2134869655","0.11859"
"2275031392","2303507108","0.0694444"
"2303507108","2275031392","0.0694444"
"2275031392","2316093926","1.41667"
"2316093926","2275031392","1.41667"
"2275031392","2397271794","1.56944"
"2397271794","2275031392","1.56944"
"2275031392","2466822794","0.169444"
"2466822794","2275031392","0.169444"
"2275031392","2580937131","0.752778"
"2580937131","2275031392","0.752778"
"2275031392","2616564887","0.0694444"
"2616564887","2275031392","0.0694444"
"2275031392","2765774435","1.91944"
"2765774435","2275031392","1.91944"
"2275031392","2765871399","2.29167"
"2765871399","2275031392","2.29167"
"2275031392","2999155157","0.0694444"
"2999155157","2275031392","0.0694444"
"2275031392","343686539","0.0416667"
"343686539","2275031392","0.0416667"
"2275031392","885316130","0.0694444"
"885316130","2275031392","0.0694444"
"2303507108","2316093926","0.0416667"
"2316093926","2303507108","0.0416667"
"2303507108","2397271794","0.0694444"
"2397271794","2303507108","0.0694444"
"2303507108","2466822794","0.0694444"
"2466822794","2303507108","0.0694444"
"2303507108","2580937131","0.0694444"
"2580937131","2303507108","0.0694444"
"2303507108","2616564887","0.0694444"
"2616564887","2303507108","0.0694444"
"2303507108","2765774435","0.0694444"
"2765774435","2303507108","0.0694444"
"2303507108","2765871399","0.0416667"
"2765871399","2303507108","0.0416667"
"2303507108","2999155157","0.0694444"
"2999155157","2303507108","0.0694444"
"2303507108","343686539","0.0416667"
"343686539","2303507108","0.0416667"
"2303507108","885316130","0.0694444"
"885316130","2303507108","0.0694444"
"2316093926","2397271794","0.241667"
"2397271794","2316093926","0.241667"
"2316093926","2466822794","0.0416667"
"2466822794","2316093926","0.0416667"
"2316093926","2580937131","0.309524"
"2580937131","2316093926","0.309524"
"2316093926","2616564887","0.0416667"
"2616564887","2316093926","0.0416667"
"2316093926","2765774435","0.333333"
"2765774435","2316093926","0.333333"
"2316093926","2765871399","0.47619"
"2765871399","2316093926","0.47619"
"2316093926","2999155157","0.0416667"
"2999155157","2316093926","0.0416667"
"2316093926","343686539","0.184524"
"343686539","2316093926","0.184524"
"2316093926","885316130","0.0416667"
"885316130","2316093926","0.0416667"
"2397271794","2466822794","0.0694444"
"2466822794","2397271794","0.0694444"
"2397271794","2580937131","0.0694444"
"2580937131","2397271794","0.0694444"
"2397271794","2616564887","0.902778"
"2616564887","2397271794","0.902778"
"2397271794","2765774435","0.0694444"
"2765774435","2397271794","0.0694444"
"2397271794","2765871399","0.166667"
"2765871399","2397271794","0.166667"
"2397271794","2999155157","0.0694444"
"2999155157","2397271794","0.0694444"
"2397271794","343686539","0.113095"
"343686539","2397271794","0.113095"
"2397271794","885316130","0.0694444"
"885316130","2397271794","0.0694444"
"2466822794","2580937131","0.252778"
"2580937131","2466822794","0.252778"
"2466822794","2616564887","0.660354"
"2616564887","2466822794","0.660354"
"2466822794","2765774435","2.46035"
"2765774435","2466822794","2.46035"
"2466822794","2765871399","0.625"
"2765871399","2466822794","0.625"
"2466822794","2999155157","0.152778"
"2999155157","2466822794","0.152778"
"2466822794","343686539","0.0416667"
"343686539","2466822794","0.0416667"
"2466822794","885316130","0.160354"
"885316130","2466822794","0.160354"
"2580937131","2616564887","0.0694444"
"2616564887","2580937131","0.0694444"
"2580937131","2765774435","0.586111"
"2765774435","2580937131","0.586111"
"2580937131","2765871399","2.55119"
"2765871399","2580937131","2.55119"
"2580937131","2999155157","0.736111"
"2999155157","2580937131","0.736111"
"2580937131","343686539","0.0416667"
"343686539","2580937131","0.0416667"
"2580937131","885316130","0.0694444"
"885316130","2580937131","0.0694444"
"2616564887","2765774435","0.237277"
"2765774435","2616564887","0.237277"
"2616564887","2765871399","0.0416667"
"2765871399","2616564887","0.0416667"
"2616564887","2999155157","0.0694444"
"2999155157","2616564887","0.0694444"
"2616564887","343686539","0.0416667"
"343686539","2616564887","0.0416667"
"2616564887","885316130","11.2135"
"885316130","2616564887","11.2135"
"2765774435","2765871399","2"
"2765871399","2765774435","2"
"2765774435","2999155157","0.180556"
"2999155157","2765774435","0.180556"
"2765774435","343686539","0.138889"
"343686539","2765774435","0.138889"
"2765774435","885316130","0.237277"
"885316130","2765774435","0.237277"
"2765871399","2999155157","1.29493"
"2999155157","2765871399","1.29493"
"2765871399","343686539","0.931046"
"343686539","2765871399","0.931046"
"2765871399","885316130","0.0416667"
"885316130","2765871399","0.0416667"
"2999155157","343686539","1.44335"
"343686539","2999155157","1.44335"
"2999155157","885316130","0.0694444"
"885316130","2999155157","0.0694444"
"343686539","885316130","0.0416667"
"885316130","343686539","0.0416667"
"1861738855","2000905420","0.25"
"2000905420","1861738855","0.25"
"1861738855","2759373267","1.15873"
"2759373267","1861738855","1.15873"
"1963779976","2000905420","0.25"
"2000905420","1963779976","0.25"
"1963779976","2759373267","4.43416"
"2759373267","1963779976","4.43416"
"1980147362","2000905420","0.417832"
"2000905420","1980147362","0.417832"
"1980147362","2759373267","2.77811"
"2759373267","1980147362","2.77811"
"2000905420","2759373267","0.884499"
"2759373267","2000905420","0.884499"
"1861738855","1997175427","0.214286"
"1997175427","1861738855","0.214286"
"1861738855","2075820457","0.373842"
"2075820457","1861738855","0.373842"
"1861738855","2507984523","0.0992064"
"2507984523","1861738855","0.0992064"
"1861738855","2509733731","1.09921"
"2509733731","1861738855","1.09921"
"1861738855","2529352843","0.0992064"
"2529352843","1861738855","0.0992064"
"1861738855","2890579411","0.0714286"
"2890579411","1861738855","0.0714286"
"1963779976","1993267542","0.271429"
"1993267542","1963779976","0.271429"
"1963779976","1997175427","0.888528"
"1997175427","1963779976","0.888528"
"1963779976","2075820457","0.207175"
"2075820457","1963779976","0.207175"
"1963779976","2092168421","0.271429"
"2092168421","1963779976","0.271429"
"1963779976","2134869655","0.0714286"
"2134869655","1963779976","0.0714286"
"1963779976","2397271794","0.299206"
"2397271794","1963779976","0.299206"
"1963779976","2507984523","0.18254"
"2507984523","1963779976","0.18254"
"1963779976","2509733731","0.0992064"
"2509733731","1963779976","0.0992064"
"1963779976","2529352843","0.18254"
"2529352843","1963779976","0.18254"
"1963779976","2890579411","0.113095"
"2890579411","1963779976","0.113095"
"1963779976","2895250764","1.91874"
"2895250764","1963779976","1.91874"
"1963779976","343686539","2.74854"
"343686539","1963779976","2.74854"
"1993267542","1997175427","0.547619"
"1997175427","1993267542","0.547619"
"1993267542","2075820457","3.90202"
"2075820457","1993267542","3.90202"
"1993267542","2507984523","0.404762"
"2507984523","1993267542","0.404762"
"1993267542","2509733731","0.321429"
"2509733731","1993267542","0.321429"
"1993267542","2529352843","0.904762"
"2529352843","1993267542","0.904762"
"1993267542","2759373267","1.91869"
"2759373267","1993267542","1.91869"
"1993267542","2890579411","0.0714286"
"2890579411","1993267542","0.0714286"
"1993267542","2895250764","0.345671"
"2895250764","1993267542","0.345671"
"1997175427","2075820457","0.547619"
"2075820457","1997175427","0.547619"
"1997175427","2092168421","0.214286"
"2092168421","1997175427","0.214286"
"1997175427","2134869655","0.0714286"
"2134869655","1997175427","0.0714286"
"1997175427","2397271794","0.0714286"
"2397271794","1997175427","0.0714286"
"1997175427","2507984523","0.0714286"
"2507984523","1997175427","0.0714286"
"1997175427","2509733731","0.0714286"
"2509733731","1997175427","0.0714286"
"1997175427","2529352843","0.404762"
"2529352843","1997175427","0.404762"
"1997175427","2759373267","3.00678"
"2759373267","1997175427","3.00678"
"1997175427","2890579411","0.43254"
"2890579411","1997175427","0.43254"
"1997175427","2895250764","0.154762"
"2895250764","1997175427","0.154762"
"1997175427","343686539","1.46353"
"343686539","1997175427","1.46353"
"2075820457","2092168421","3.97894"
"2092168421","2075820457","3.97894"
"2075820457","2134869655","2.15156"
"2134869655","2075820457","2.15156"
"2075820457","2397271794","0.339286"
"2397271794","2075820457","0.339286"
"2075820457","2507984523","0.0714286"
"2507984523","2075820457","0.0714286"
"2075820457","2509733731","0.321429"
"2509733731","2075820457","0.321429"
"2075820457","2529352843","0.404762"
"2529352843","2075820457","0.404762"
"2075820457","2759373267","2.84442"
"2759373267","2075820457","2.84442"
"2075820457","2890579411","0.271429"
"2890579411","2075820457","0.271429"
"2075820457","2895250764","0.304495"
"2895250764","2075820457","0.304495"
"2075820457","343686539","0.130252"
"343686539","2075820457","0.130252"
"2092168421","2507984523","0.0714286"
"2507984523","2092168421","0.0714286"
"2092168421","2509733731","0.0714286"
"2509733731","2092168421","0.0714286"
"2092168421","2529352843","0.0714286"
"2529352843","2092168421","0.0714286"
"2092168421","2759373267","1.41942"
"2759373267","2092168421","1.41942"
"2092168421","2890579411","0.0714286"
"2890579411","2092168421","0.0714286"
"2092168421","2895250764","0.345671"
"2895250764","2092168421","0.345671"
"2134869655","2507984523","0.0714286"
"2507984523","2134869655","0.0714286"
"2134869655","2509733731","0.321429"
"2509733731","2134869655","0.321429"
"2134869655","2529352843","0.0714286"
"2529352843","2134869655","0.0714286"
"2134869655","2759373267","1.00156"
"2759373267","2134869655","1.00156"
"2134869655","2890579411","0.0714286"
"2890579411","2134869655","0.0714286"
"2134869655","2895250764","0.245671"
"2895250764","2134869655","0.245671"
"2397271794","2507984523","0.0992064"
"2507984523","2397271794","0.0992064"
"2397271794","2509733731","0.0992064"
"2509733731","2397271794","0.0992064"
"2397271794","2529352843","0.0992064"
"2529352843","2397271794","0.0992064"
"2397271794","2759373267","5.28373"
"2759373267","2397271794","5.28373"
"2397271794","2890579411","0.0714286"
"2890579411","2397271794","0.0714286"
"2397271794","2895250764","0.0992064"
"2895250764","2397271794","0.0992064"
"2507984523","2509733731","0.0992064"
"2509733731","2507984523","0.0992064"
"2507984523","2529352843","0.18254"
"2529352843","2507984523","0.18254"
"2507984523","2759373267","0.28254"
"2759373267","2507984523","0.28254"
"2507984523","2890579411","0.0714286"
"2890579411","2507984523","0.0714286"
"2507984523","2895250764","0.28254"
"2895250764","2507984523","0.28254"
"2507984523","343686539","0.404762"
"343686539","2507984523","0.404762"
"2509733731","2529352843","6.34921"
"2529352843","2509733731","6.34921"
"2509733731","2759373267","0.0992064"
"2759373267","2509733731","0.0992064"
"2509733731","2890579411","0.0714286"
"2890579411","2509733731","0.0714286"
"2509733731","2895250764","0.0992064"
"2895250764","2509733731","0.0992064"
"2509733731","343686539","0.0714286"
"343686539","2509733731","0.0714286"
"2529352843","2759373267","2.63254"
"2759373267","2529352843","2.63254"
"2529352843","2890579411","0.0714286"
"2890579411","2529352843","0.0714286"
"2529352843","2895250764","0.43254"
"2895250764","2529352843","0.43254"
"2529352843","343686539","0.0714286"
"343686539","2529352843","0.0714286"
"2759373267","2890579411","0.817064"
"2890579411","2759373267","0.817064"
"2759373267","2895250764","4.78258"
"2895250764","2759373267","4.78258"
"2759373267","343686539","2.91353"
"343686539","2759373267","2.91353"
"2890579411","2895250764","0.846429"
"2895250764","2890579411","0.846429"
"2890579411","343686539","1.27976"
"343686539","2890579411","1.27976"
"2895250764","343686539","3.35366"
"343686539","2895250764","3.35366"
"1861738855","2903801375","0.5"
"2903801375","1861738855","0.5"
"2765871399","2903801375","3.45833"
"2903801375","2765871399","3.45833"
"1861738855","1987782678","0.2"
"1987782678","1861738855","0.2"
"1861738855","2005497650","0.502413"
"2005497650","1861738855","0.502413"
"1861738855","2540224322","0.727778"
"2540224322","1861738855","0.727778"
"1963779976","1987782678","1.1"
"1987782678","1963779976","1.1"
"1963779976","2005497650","0.678604"
"2005497650","1963779976","0.678604"
"1963779976","2316093926","0.542857"
"2316093926","1963779976","0.542857"
"1963779976","2540224322","0.693687"
"2540224322","1963779976","0.693687"
"1987782678","2005497650","0.45"
"2005497650","1987782678","0.45"
"1987782678","2316093926","2.45952"
"2316093926","1987782678","2.45952"
"1987782678","2540224322","0.2"
"2540224322","1987782678","0.2"
"2005497650","2316093926","0.2"
"2316093926","2005497650","0.2"
"2005497650","2540224322","0.533333"
"2540224322","2005497650","0.533333"
"2316093926","2540224322","0.2"
"2540224322","2316093926","0.2"
"1861738855","1989194685","0.639715"
"1989194685","1861738855","0.639715"
"1861738855","2158225746","0.302413"
"2158225746","1861738855","0.302413"
"1861738855","2509008543","0.163524"
"2509008543","1861738855","0.163524"
"1963779976","1986759966","0.389715"
"1986759966","1963779976","0.389715"
"1963779976","1989194685","3.58896"
"1989194685","1963779976","3.58896"
"1963779976","2006832924","0.335747"
"2006832924","1963779976","0.335747"
"1963779976","2019405311","0.188034"
"2019405311","1963779976","0.188034"
"1963779976","2090575729","0.163524"
"2090575729","1963779976","0.163524"
"1963779976","2120135212","0.276923"
"2120135212","1963779976","0.276923"
"1963779976","2158225746","0.135747"
"2158225746","1963779976","0.135747"
"1963779976","2509008543","0.522291"
"2509008543","1963779976","0.522291"
"1963779976","2999155157","1.95638"
"2999155157","1963779976","1.95638"
"1986759966","1989194685","0.431382"
"1989194685","1986759966","0.431382"
"1986759966","2005497650","0.135747"
"2005497650","1986759966","0.135747"
"1986759966","2075820457","0.435747"
"2075820457","1986759966","0.435747"
"1986759966","2158225746","0.435747"
"2158225746","1986759966","0.435747"
"1986759966","2509008543","0.246858"
"2509008543","1986759966","0.246858"
"1989194685","2005497650","0.135747"
"2005497650","1989194685","0.135747"
"1989194685","2006832924","0.135747"
"2006832924","1989194685","0.135747"
"1989194685","2019405311","0.229701"
"2019405311","1989194685","0.229701"
"1989194685","2075820457","0.135747"
"2075820457","1989194685","0.135747"
"1989194685","2090575729","0.788524"
"2090575729","1989194685","0.788524"
"1989194685","2094298886","0.24359"
"2094298886","1989194685","0.24359"
"1989194685","2120135212","0.0769231"
"2120135212","1989194685","0.0769231"
"1989194685","2158225746","0.135747"
"2158225746","1989194685","0.135747"
"1989194685","2509008543","0.494513"
"2509008543","1989194685","0.494513"
"1989194685","2999155157","1.56352"
"2999155157","1989194685","1.56352"
"2005497650","2006832924","0.335747"
"2006832924","2005497650","0.335747"
"2005497650","2019405311","0.0769231"
"2019405311","2005497650","0.0769231"
"2005497650","2075820457","0.44527"
"2075820457","2005497650","0.44527"
"2005497650","2090575729","0.335747"
"2090575729","2005497650","0.335747"
"2005497650","2094298886","0.24359"
"2094298886","2005497650","0.24359"
"2005497650","2120135212","1.77692"
"2120135212","2005497650","1.77692"
"2005497650","2158225746","0.94527"
"2158225746","2005497650","0.94527"
"2005497650","2509008543","0.64527"
"2509008543","2005497650","0.64527"
"2005497650","2999155157","0.44527"
"2999155157","2005497650","0.44527"
"2006832924","2075820457","1.03767"
"2075820457","2006832924","1.03767"
"2006832924","2158225746","0.435747"
"2158225746","2006832924","0.435747"
"2006832924","2509008543","0.135747"
"2509008543","2006832924","0.135747"
"2019405311","2075820457","0.0769231"
"2075820457","2019405311","0.0769231"
"2019405311","2158225746","0.0769231"
"2158225746","2019405311","0.0769231"
"2019405311","2509008543","0.188034"
"2509008543","2019405311","0.188034"
"2075820457","2090575729","0.235747"
"2090575729","2075820457","0.235747"
"2075820457","2094298886","0.44359"
"2094298886","2075820457","0.44359"
"2075820457","2120135212","0.376923"
"2120135212","2075820457","0.376923"
"2075820457","2158225746","3.36194"
"2158225746","2075820457","3.36194"
"2075820457","2509008543","0.135747"
"2509008543","2075820457","0.135747"
"2075820457","2999155157","0.502413"
"2999155157","2075820457","0.502413"
"2090575729","2158225746","0.235747"
"2158225746","2090575729","0.235747"
"2090575729","2509008543","0.363524"
"2509008543","2090575729","0.363524"
"2094298886","2158225746","0.44359"
"2158225746","2094298886","0.44359"
"2094298886","2509008543","0.11859"
"2509008543","2094298886","0.11859"
"2120135212","2158225746","0.176923"
"2158225746","2120135212","0.176923"
"2120135212","2509008543","0.0769231"
"2509008543","2120135212","0.0769231"
"2158225746","2509008543","0.135747"
"2509008543","2158225746","0.135747"
"2158225746","2999155157","0.302413"
"2999155157","2158225746","0.302413"
"2509008543","2999155157","0.389715"
"2999155157","2509008543","0.389715"
"1861738855","1973673888","0.0588235"
"1973673888","1861738855","0.0588235"
"1861738855","2463821062","0.0866013"
"2463821062","1861738855","0.0866013"
"1861738855","2765219101","0.0866013"
"2765219101","1861738855","0.0866013"
"1861738855","2982252423","0.0588235"
"2982252423","1861738855","0.0588235"
"1963779976","1973673888","0.0588235"
"1973673888","1963779976","0.0588235"
"1963779976","2463821062","0.328268"
"2463821062","1963779976","0.328268"
"1963779976","2765219101","0.286601"
"2765219101","1963779976","0.286601"
"1963779976","2765871399","0.383824"
"2765871399","1963779976","0.383824"
"1963779976","2982252423","0.10049"
"2982252423","1963779976","0.10049"
"1973673888","1986759966","0.0588235"
"1986759966","1973673888","0.0588235"
"1973673888","1989194685","0.0588235"
"1989194685","1973673888","0.0588235"
"1973673888","2005497650","0.0588235"
"2005497650","1973673888","0.0588235"
"1973673888","2006832924","0.258824"
"2006832924","1973673888","0.258824"
"1973673888","2075820457","1.27592"
"2075820457","1973673888","1.27592"
"1973673888","2090575729","0.0588235"
"2090575729","1973673888","0.0588235"
"1973673888","2158225746","0.258824"
"2158225746","1973673888","0.258824"
"1973673888","2463821062","0.0588235"
"2463821062","1973673888","0.0588235"
"1973673888","2509008543","0.0588235"
"2509008543","1973673888","0.0588235"
"1973673888","2765219101","0.0588235"
"2765219101","1973673888","0.0588235"
"1973673888","2765871399","0.0588235"
"2765871399","1973673888","0.0588235"
"1973673888","2895250764","0.233066"
"2895250764","1973673888","0.233066"
"1973673888","2982252423","0.0588235"
"2982252423","1973673888","0.0588235"
"1973673888","2999155157","0.0588235"
"2999155157","1973673888","0.0588235"
"1973673888","343686539","0.0588235"
"343686539","1973673888","0.0588235"
"1986759966","2463821062","0.0866013"
"2463821062","1986759966","0.0866013"
"1986759966","2765219101","0.0866013"
"2765219101","1986759966","0.0866013"
"1986759966","2895250764","0.169935"
"2895250764","1986759966","0.169935"
"1986759966","2982252423","0.0588235"
"2982252423","1986759966","0.0588235"
"1989194685","2463821062","0.526681"
"2463821062","1989194685","0.526681"
"1989194685","2765219101","0.197712"
"2765219101","1989194685","0.197712"
"1989194685","2765871399","0.356046"
"2765871399","1989194685","0.356046"
"1989194685","2895250764","4.28382"
"2895250764","1989194685","4.28382"
"1989194685","2982252423","0.10049"
"2982252423","1989194685","0.10049"
"1989194685","343686539","5.10926"
"343686539","1989194685","5.10926"
"2005497650","2463821062","0.0588235"
"2463821062","2005497650","0.0588235"
"2005497650","2765219101","0.258824"
"2765219101","2005497650","0.258824"
"2005497650","2765871399","0.0588235"
"2765871399","2005497650","0.0588235"
