"107790475","2092053614","3.35119"
"2092053614","107790475","3.35119"
"107790475","1510810986","1.10119"
"1510810986","107790475","1.10119"
"107790475","1566760924","0.517857"
"1566760924","107790475","0.517857"
"107790475","1835980735","0.267857"
"1835980735","107790475","0.267857"
"107790475","1975456353","0.517857"
"1975456353","107790475","0.517857"
"107790475","2014267653","0.47619"
"2014267653","107790475","0.47619"
"107790475","30481893","0.517857"
"30481893","107790475","0.517857"
"1510810986","1566760924","1.41786"
"1566760924","1510810986","1.41786"
"1510810986","1835980735","0.75119"
"1835980735","1510810986","0.75119"
"1510810986","1975456353","1.50119"
"1975456353","1510810986","1.50119"
"1510810986","2014267653","1.47619"
"2014267653","1510810986","1.47619"
"1510810986","2092053614","2.50119"
"2092053614","1510810986","2.50119"
"1510810986","30481893","1.41786"
"30481893","1510810986","1.41786"
"1566760924","1835980735","1.64405"
"1835980735","1566760924","1.64405"
"1566760924","1975456353","7.89405"
"1975456353","1566760924","7.89405"
"1566760924","2014267653","0.285714"
"2014267653","1566760924","0.285714"
"1566760924","2092053614","1.39405"
"2092053614","1566760924","1.39405"
"1566760924","30481893","1.50119"
"30481893","1566760924","1.50119"
"1835980735","1975456353","3.71071"
"1975456353","1835980735","3.71071"
"1835980735","2014267653","0.285714"
"2014267653","1835980735","0.285714"
"1835980735","2092053614","2.9869"
"2092053614","1835980735","2.9869"
"1835980735","30481893","4.37738"
"30481893","1835980735","4.37738"
"1975456353","2014267653","0.285714"
"2014267653","1975456353","0.285714"
"1975456353","2092053614","3.37183"
"2092053614","1975456353","3.37183"
"1975456353","30481893","1.70119"
"30481893","1975456353","1.70119"
"2014267653","2092053614","0.619048"
"2092053614","2014267653","0.619048"
"2014267653","30481893","0.142857"
"30481893","2014267653","0.142857"
"2092053614","30481893","0.977381"
"30481893","2092053614","0.977381"
"107790475","1544008239","0.125"
"1544008239","107790475","0.125"
"107790475","2139534868","0.125"
"2139534868","107790475","0.125"
"1510810986","1544008239","1.375"
"1544008239","1510810986","1.375"
"1510810986","2139534868","0.708333"
"2139534868","1510810986","0.708333"
"1544008239","1566760924","0.791667"
"1566760924","1544008239","0.791667"
"1544008239","1835980735","2.24167"
"1835980735","1544008239","2.24167"
"1544008239","1975456353","0.875"
"1975456353","1544008239","0.875"
"1544008239","2092053614","0.375"
"2092053614","1544008239","0.375"
"1544008239","2139534868","1.90833"
"2139534868","1544008239","1.90833"
"1544008239","30481893","1.99167"
"30481893","1544008239","1.99167"
"1566760924","2139534868","0.625"
"2139534868","1566760924","0.625"
"1835980735","2139534868","3.075"
"2139534868","1835980735","3.075"
"1975456353","2139534868","1.04167"
"2139534868","1975456353","1.04167"
"2092053614","2139534868","0.708333"
"2139534868","2092053614","0.708333"
"2139534868","30481893","1.49167"
"30481893","2139534868","1.49167"
"107790475","2105830880","0.5"
"2105830880","107790475","0.5"
"2092053614","2105830880","0.642857"
"2105830880","2092053614","0.642857"
"107790475","2096347930","0.25"
"2096347930","107790475","0.25"
"107790475","2149877754","0.25"
"2149877754","107790475","0.25"
"1510810986","2096347930","0.25"
"2096347930","1510810986","0.25"
"1510810986","2149877754","0.25"
"2149877754","1510810986","0.25"
"2096347930","2149877754","11.375"
"2149877754","2096347930","11.375"
"2096347930","30481893","0.25"
"30481893","2096347930","0.25"
"2149877754","30481893","0.25"
"30481893","2149877754","0.25"
"146073307","2077661280","3.47619"
"2077661280","146073307","3.47619"
"146073307","2239659875","1.47619"
"2239659875","146073307","1.47619"
"2077661280","2239659875","0.97619"
"2239659875","2077661280","0.97619"
"146073307","2590854432","1.47619"
"2590854432","146073307","1.47619"
"2239659875","2590854432","1.97619"
"2590854432","2239659875","1.97619"
"2077661280","2590854432","7.97619"
"2590854432","2077661280","7.97619"
"146073307","2032596397","0.142857"
"2032596397","146073307","0.142857"
"146073307","2095486388","0.142857"
"2095486388","146073307","0.142857"
"146073307","2100315210","0.142857"
"2100315210","146073307","0.142857"
"146073307","2105830880","0.142857"
"2105830880","146073307","0.142857"
"2032596397","2077661280","0.142857"
"2077661280","2032596397","0.142857"
"2032596397","2095486388","0.142857"
"2095486388","2032596397","0.142857"
"2032596397","2100315210","0.72619"
"2100315210","2032596397","0.72619"
"2032596397","2105830880","5.25952"
"2105830880","2032596397","5.25952"
"2032596397","2239659875","0.142857"
"2239659875","2032596397","0.142857"
"2032596397","2590854432","0.142857"
"2590854432","2032596397","0.142857"
"2077661280","2095486388","0.142857"
"2095486388","2077661280","0.142857"
"2077661280","2100315210","0.142857"
"2100315210","2077661280","0.142857"
"2077661280","2105830880","0.142857"
"2105830880","2077661280","0.142857"
"2095486388","2100315210","3.50952"
"2100315210","2095486388","3.50952"
"2095486388","2105830880","2.34286"
"2105830880","2095486388","2.34286"
"2095486388","2239659875","0.142857"
"2239659875","2095486388","0.142857"
"2095486388","2590854432","0.142857"
"2590854432","2095486388","0.142857"
"2100315210","2105830880","3.04286"
"2105830880","2100315210","3.04286"
"2100315210","2239659875","0.142857"
"2239659875","2100315210","0.142857"
"2100315210","2590854432","1.14286"
"2590854432","2100315210","1.14286"
"2105830880","2239659875","0.142857"
"2239659875","2105830880","0.142857"
"2105830880","2590854432","0.142857"
"2590854432","2105830880","0.142857"
"1481595995","2055343463","3.14742"
"2055343463","1481595995","3.14742"
"1481595995","1539154812","0.589286"
"1539154812","1481595995","0.589286"
"1481595995","1558617513","1.29325"
"1558617513","1481595995","1.29325"
"1481595995","1594502603","2.02242"
"1594502603","1481595995","2.02242"
"1481595995","1738857073","0.780754"
"1738857073","1481595995","0.780754"
"1481595995","1849921270","0.755952"
"1849921270","1481595995","0.755952"
"1481595995","2072916859","1.29325"
"2072916859","1481595995","1.29325"
"1481595995","2096347930","0.125"
"2096347930","1481595995","0.125"
"1539154812","1558617513","0.955952"
"1558617513","1539154812","0.955952"
"1539154812","1594502603","1.78929"
"1594502603","1539154812","1.78929"
"1539154812","1738857073","0.630952"
"1738857073","1539154812","0.630952"
"1539154812","1849921270","1.78929"
"1849921270","1539154812","1.78929"
"1539154812","2055343463","0.755952"
"2055343463","1539154812","0.755952"
"1539154812","2072916859","1.08929"
"2072916859","1539154812","1.08929"
"1539154812","2096347930","0.125"
"2096347930","1539154812","0.125"
"1558617513","1594502603","1.85992"
"1594502603","1558617513","1.85992"
"1558617513","1738857073","0.884921"
"1738857073","1558617513","0.884921"
"1558617513","1849921270","2.12262"
"1849921270","1558617513","2.12262"
"1558617513","2055343463","1.45992"
"2055343463","1558617513","1.45992"
"1558617513","2072916859","1.65992"
"2072916859","1558617513","1.65992"
"1558617513","2096347930","0.125"
"2096347930","1558617513","0.125"
"1594502603","1738857073","1.53075"
"1738857073","1594502603","1.53075"
"1594502603","1849921270","2.45595"
"1849921270","1594502603","2.45595"
"1594502603","2055343463","4.47242"
"2055343463","1594502603","4.47242"
"1594502603","2072916859","5.00278"
"2072916859","1594502603","5.00278"
"1594502603","2096347930","0.125"
"2096347930","1594502603","0.125"
"1738857073","1849921270","0.630952"
"1849921270","1738857073","0.630952"
"1738857073","2055343463","1.78075"
"2055343463","1738857073","1.78075"
"1738857073","2072916859","1.88492"
"2072916859","1738857073","1.88492"
"1738857073","2096347930","0.125"
"2096347930","1738857073","0.125"
"1849921270","2055343463","0.922619"
"2055343463","1849921270","0.922619"
"1849921270","2072916859","1.25595"
"2072916859","1849921270","1.25595"
"1849921270","2096347930","0.125"
"2096347930","1849921270","0.125"
"2055343463","2072916859","3.57659"
"2072916859","2055343463","3.57659"
"2055343463","2096347930","0.125"
"2096347930","2055343463","0.125"
"2072916859","2096347930","0.125"
"2096347930","2072916859","0.125"
"1481595995","1581805425","1.5998"
"1581805425","1481595995","1.5998"
"1481595995","2158114843","0.587302"
"2158114843","1481595995","0.587302"
"1539154812","1581805425","0.45"
"1581805425","1539154812","0.45"
"1539154812","2158114843","0.325"
"2158114843","1539154812","0.325"
"1558617513","1581805425","1.07063"
"1581805425","1558617513","1.07063"
"1558617513","2158114843","0.662302"
"2158114843","1558617513","0.662302"
"1581805425","1594502603","5.58314"
"1594502603","1581805425","5.58314"
"1581805425","1849921270","0.616667"
"1849921270","1581805425","0.616667"
"1581805425","2055343463","5.96647"
"2055343463","1581805425","5.96647"
"1581805425","2072916859","1.40397"
"2072916859","1581805425","1.40397"
"1581805425","2158114843","2.94563"
"2158114843","1581805425","2.94563"
"1594502603","2158114843","0.995635"
"2158114843","1594502603","0.995635"
"1849921270","2158114843","0.325"
"2158114843","1849921270","0.325"
"2055343463","2158114843","1.3373"
"2158114843","2055343463","1.3373"
"2072916859","2158114843","1.79563"
"2158114843","2072916859","1.79563"
"1481595995","1995312751","0.258929"
"1995312751","1481595995","0.258929"
"1481595995","2041387176","0.133929"
"2041387176","1481595995","0.133929"
"1481595995","2044236594","0.258929"
"2044236594","1481595995","0.258929"
"1481595995","2054819113","0.196429"
"2054819113","1481595995","0.196429"
"1481595995","2058978608","0.196429"
"2058978608","1481595995","0.196429"
"1481595995","2101415594","0.196429"
"2101415594","1481595995","0.196429"
"1481595995","2136476431","0.196429"
"2136476431","1481595995","0.196429"
"1539154812","1995312751","0.0714286"
"1995312751","1539154812","0.0714286"
"1539154812","2041387176","0.0714286"
"2041387176","1539154812","0.0714286"
"1539154812","2044236594","0.0714286"
"2044236594","1539154812","0.0714286"
"1539154812","2054819113","0.0714286"
"2054819113","1539154812","0.0714286"
"1539154812","2058978608","0.404762"
"2058978608","1539154812","0.404762"
"1539154812","2101415594","0.404762"
"2101415594","1539154812","0.404762"
"1539154812","2136476431","0.0714286"
"2136476431","1539154812","0.0714286"
"1558617513","1995312751","0.0714286"
"1995312751","1558617513","0.0714286"
"1558617513","2041387176","0.0714286"
"2041387176","1558617513","0.0714286"
"1558617513","2044236594","0.0714286"
"2044236594","1558617513","0.0714286"
"1558617513","2054819113","0.0714286"
"2054819113","1558617513","0.0714286"
"1558617513","2058978608","0.0714286"
"2058978608","1558617513","0.0714286"
"1558617513","2101415594","0.0714286"
"2101415594","1558617513","0.0714286"
"1558617513","2136476431","0.0714286"
"2136476431","1558617513","0.0714286"
"1594502603","1995312751","0.276786"
"1995312751","1594502603","0.276786"
"1594502603","2041387176","1.22679"
"2041387176","1594502603","1.22679"
"1594502603","2044236594","0.443452"
"2044236594","1594502603","0.443452"
"1594502603","2054819113","0.214286"
"2054819113","1594502603","0.214286"
"1594502603","2058978608","0.214286"
"2058978608","1594502603","0.214286"
"1594502603","2101415594","0.0714286"
"2101415594","1594502603","0.0714286"
"1594502603","2136476431","0.380952"
"2136476431","1594502603","0.380952"
"1738857073","1995312751","0.300595"
"1995312751","1738857073","0.300595"
"1738857073","2041387176","0.550595"
"2041387176","1738857073","0.550595"
"1738857073","2044236594","0.300595"
"2044236594","1738857073","0.300595"
"1738857073","2054819113","0.0714286"
"2054819113","1738857073","0.0714286"
"1738857073","2058978608","0.238095"
"2058978608","1738857073","0.238095"
"1738857073","2101415594","0.0714286"
"2101415594","1738857073","0.0714286"
"1738857073","2136476431","0.0714286"
"2136476431","1738857073","0.0714286"
"1849921270","1995312751","0.0714286"
"1995312751","1849921270","0.0714286"
"1849921270","2041387176","0.0714286"
"2041387176","1849921270","0.0714286"
"1849921270","2044236594","0.0714286"
"2044236594","1849921270","0.0714286"
"1849921270","2054819113","0.0714286"
"2054819113","1849921270","0.0714286"
"1849921270","2058978608","0.0714286"
"2058978608","1849921270","0.0714286"
"1849921270","2101415594","0.0714286"
"2101415594","1849921270","0.0714286"
"1849921270","2136476431","0.0714286"
"2136476431","1849921270","0.0714286"
"1995312751","2041387176","1.14345"
"2041387176","1995312751","1.14345"
"1995312751","2044236594","0.91131"
"2044236594","1995312751","0.91131"
"1995312751","2054819113","0.955952"
"2054819113","1995312751","0.955952"
"1995312751","2055343463","0.592262"
"2055343463","1995312751","0.592262"
"1995312751","2058978608","1.23214"
"2058978608","1995312751","1.23214"
"1995312751","2072916859","0.214286"
"2072916859","1995312751","0.214286"
"1995312751","2101415594","0.363095"
"2101415594","1995312751","0.363095"
"1995312751","2136476431","0.84881"
"2136476431","1995312751","0.84881"
"2041387176","2044236594","0.843452"
"2044236594","2041387176","0.843452"
"2041387176","2054819113","1.11429"
"2054819113","2041387176","1.11429"
"2041387176","2055343463","1.41726"
"2055343463","2041387176","1.41726"
"2041387176","2058978608","2.41429"
"2058978608","2041387176","2.41429"
"2041387176","2072916859","0.414286"
"2072916859","2041387176","0.414286"
"2041387176","2101415594","0.238095"
"2101415594","2041387176","0.238095"
"2041387176","2136476431","1.11429"
"2136476431","2041387176","1.11429"
"2044236594","2054819113","1.32262"
"2054819113","2044236594","1.32262"
"2044236594","2055343463","0.675595"
"2055343463","2044236594","0.675595"
"2044236594","2058978608","2.68214"
"2058978608","2044236594","2.68214"
"2044236594","2072916859","0.464286"
"2072916859","2044236594","0.464286"
"2044236594","2101415594","0.779762"
"2101415594","2044236594","0.779762"
"2044236594","2136476431","7.13214"
"2136476431","2044236594","7.13214"
"2054819113","2055343463","0.196429"
"2055343463","2054819113","0.196429"
"2054819113","2058978608","3.95595"
"2058978608","2054819113","3.95595"
"2054819113","2072916859","0.214286"
"2072916859","2054819113","0.214286"
"2054819113","2101415594","0.946429"
"2101415594","2054819113","0.946429"
"2054819113","2136476431","3.82262"
"2136476431","2054819113","3.82262"
"2055343463","2058978608","0.946429"
"2058978608","2055343463","0.946429"
"2055343463","2101415594","0.196429"
"2101415594","2055343463","0.196429"
"2055343463","2136476431","0.363095"
"2136476431","2055343463","0.363095"
"2058978608","2072916859","0.464286"
"2072916859","2058978608","0.464286"
"2058978608","2101415594","1.1131"
"2101415594","2058978608","1.1131"
"2058978608","2136476431","1.59881"
"2136476431","2058978608","1.59881"
"2072916859","2101415594","0.0714286"
"2101415594","2072916859","0.0714286"
"2072916859","2136476431","0.214286"
"2136476431","2072916859","0.214286"
"2101415594","2136476431","1.19643"
"2136476431","2101415594","1.19643"
"1481595995","1559612606","0.0625"
"1559612606","1481595995","0.0625"
"1481595995","1955668105","0.0625"
"1955668105","1481595995","0.0625"
"1481595995","1991169832","0.0625"
"1991169832","1481595995","0.0625"
"1481595995","2057472517","0.0625"
"2057472517","1481595995","0.0625"
"1481595995","2069811933","0.0625"
"2069811933","1481595995","0.0625"
"1481595995","2107159615","0.0625"
"2107159615","1481595995","0.0625"
"1481595995","2107754498","0.0625"
"2107754498","1481595995","0.0625"
"1481595995","2132375650","0.0625"
"2132375650","1481595995","0.0625"
"1481595995","2800973392","0.0625"
"2800973392","1481595995","0.0625"
"1559612606","1581805425","0.0625"
"1581805425","1559612606","0.0625"
"1559612606","1594502603","0.0625"
"1594502603","1559612606","0.0625"
"1559612606","1738857073","0.0625"
"1738857073","1559612606","0.0625"
"1559612606","1955668105","0.354167"
"1955668105","1559612606","0.354167"
"1559612606","1991169832","0.0625"
"1991169832","1559612606","0.0625"
"1559612606","1995312751","0.0625"
"1995312751","1559612606","0.0625"
"1559612606","2041387176","0.0625"
"2041387176","1559612606","0.0625"
"1559612606","2044236594","0.0625"
"2044236594","1559612606","0.0625"
"1559612606","2055343463","0.0625"
"2055343463","1559612606","0.0625"
"1559612606","2057472517","0.0625"
"2057472517","1559612606","0.0625"
"1559612606","2069811933","0.0625"
"2069811933","1559612606","0.0625"
"1559612606","2107159615","0.0625"
"2107159615","1559612606","0.0625"
"1559612606","2107754498","0.0625"
"2107754498","1559612606","0.0625"
"1559612606","2132375650","0.0625"
"2132375650","1559612606","0.0625"
"1559612606","2800973392","0.0625"
"2800973392","1559612606","0.0625"
"1581805425","1738857073","1.44147"
"1738857073","1581805425","1.44147"
"1581805425","1955668105","0.0625"
"1955668105","1581805425","0.0625"
"1581805425","1991169832","0.0625"
"1991169832","1581805425","0.0625"
"1581805425","1995312751","0.5625"
"1995312751","1581805425","0.5625"
"1581805425","2041387176","1.5125"
"2041387176","1581805425","1.5125"
"1581805425","2044236594","0.395833"
"2044236594","1581805425","0.395833"
"1581805425","2057472517","0.229167"
"2057472517","1581805425","0.229167"
"1581805425","2069811933","0.0625"
"2069811933","1581805425","0.0625"
"1581805425","2107159615","0.0625"
"2107159615","1581805425","0.0625"
"1581805425","2107754498","0.429167"
"2107754498","1581805425","0.429167"
"1581805425","2132375650","0.0625"
"2132375650","1581805425","0.0625"
"1581805425","2800973392","0.0625"
"2800973392","1581805425","0.0625"
"1594502603","1955668105","0.0625"
"1955668105","1594502603","0.0625"
"1594502603","1991169832","0.0625"
"1991169832","1594502603","0.0625"
"1594502603","2057472517","0.229167"
"2057472517","1594502603","0.229167"
"1594502603","2069811933","0.0625"
"2069811933","1594502603","0.0625"
"1594502603","2107159615","0.0625"
"2107159615","1594502603","0.0625"
"1594502603","2107754498","0.429167"
"2107754498","1594502603","0.429167"
"1594502603","2132375650","0.0625"
"2132375650","1594502603","0.0625"
"1594502603","2800973392","0.0625"
"2800973392","1594502603","0.0625"
"1738857073","1955668105","0.0625"
"1955668105","1738857073","0.0625"
"1738857073","1991169832","0.0625"
"1991169832","1738857073","0.0625"
"1738857073","2057472517","0.0625"
"2057472517","1738857073","0.0625"
"1738857073","2069811933","0.0625"
"2069811933","1738857073","0.0625"
"1738857073","2107159615","0.0625"
"2107159615","1738857073","0.0625"
"1738857073","2107754498","0.0625"
"2107754498","1738857073","0.0625"
"1738857073","2132375650","0.0625"
"2132375650","1738857073","0.0625"
"1738857073","2800973392","0.0625"
"2800973392","1738857073","0.0625"
"1955668105","1991169832","0.0625"
"1991169832","1955668105","0.0625"
"1955668105","1995312751","0.0625"
"1995312751","1955668105","0.0625"
"1955668105","2041387176","0.0625"
"2041387176","1955668105","0.0625"
"1955668105","2044236594","0.0625"
"2044236594","1955668105","0.0625"
"1955668105","2055343463","0.0625"
"2055343463","1955668105","0.0625"
"1955668105","2057472517","0.0625"
"2057472517","1955668105","0.0625"
"1955668105","2069811933","0.0625"
"2069811933","1955668105","0.0625"
"1955668105","2107159615","0.0625"
"2107159615","1955668105","0.0625"
"1955668105","2107754498","0.0625"
"2107754498","1955668105","0.0625"
"1955668105","2132375650","0.0625"
"2132375650","1955668105","0.0625"
"1955668105","2800973392","0.0625"
"2800973392","1955668105","0.0625"
"1991169832","1995312751","2.45536"
"1995312751","1991169832","2.45536"
"1991169832","2041387176","1.0625"
"2041387176","1991169832","1.0625"
"1991169832","2044236594","5.24702"
"2044236594","1991169832","5.24702"
"1991169832","2055343463","0.0625"
"2055343463","1991169832","0.0625"
"1991169832","2057472517","0.580357"
"2057472517","1991169832","0.580357"
"1991169832","2069811933","0.0625"
"2069811933","1991169832","0.0625"
"1991169832","2107159615","0.0625"
"2107159615","1991169832","0.0625"
"1991169832","2107754498","1.0625"
"2107754498","1991169832","1.0625"
"1991169832","2132375650","0.3125"
"2132375650","1991169832","0.3125"
"1991169832","2800973392","0.104167"
"2800973392","1991169832","0.104167"
"1995312751","2057472517","0.53869"
"2057472517","1995312751","0.53869"
"1995312751","2069811933","0.729167"
"2069811933","1995312751","0.729167"
"1995312751","2107159615","0.0625"
"2107159615","1995312751","0.0625"
"1995312751","2107754498","0.0625"
"2107754498","1995312751","0.0625"
"1995312751","2132375650","0.979167"
"2132375650","1995312751","0.979167"
"1995312751","2800973392","0.0625"
"2800973392","1995312751","0.0625"
"2041387176","2057472517","0.5625"
"2057472517","2041387176","0.5625"
"2041387176","2069811933","0.0625"
"2069811933","2041387176","0.0625"
"2041387176","2107159615","0.0625"
"2107159615","2041387176","0.0625"
"2041387176","2107754498","0.7625"
"2107754498","2041387176","0.7625"
"2041387176","2132375650","0.0625"
"2132375650","2041387176","0.0625"
"2041387176","2800973392","0.0625"
"2800973392","2041387176","0.0625"
"2044236594","2057472517","0.747024"
"2057472517","2044236594","0.747024"
"2044236594","2069811933","0.0625"
"2069811933","2044236594","0.0625"
"2044236594","2107159615","0.0625"
"2107159615","2044236594","0.0625"
"2044236594","2107754498","0.479167"
"2107754498","2044236594","0.479167"
"2044236594","2132375650","0.0625"
"2132375650","2044236594","0.0625"
"2044236594","2800973392","0.104167"
"2800973392","2044236594","0.104167"
"2055343463","2057472517","0.229167"
"2057472517","2055343463","0.229167"
"2055343463","2069811933","0.0625"
"2069811933","2055343463","0.0625"
"2055343463","2107159615","0.0625"
"2107159615","2055343463","0.0625"
"2055343463","2107754498","0.429167"
"2107754498","2055343463","0.429167"
"2055343463","2132375650","0.0625"
"2132375650","2055343463","0.0625"
"2055343463","2800973392","0.0625"
"2800973392","2055343463","0.0625"
"2057472517","2069811933","0.395833"
"2069811933","2057472517","0.395833"
"2057472517","2107159615","0.0625"
"2107159615","2057472517","0.0625"
"2057472517","2107754498","2.8125"
"2107754498","2057472517","2.8125"
"2057472517","2132375650","0.395833"
"2132375650","2057472517","0.395833"
"2057472517","2800973392","0.104167"
"2800973392","2057472517","0.104167"
"2069811933","2107159615","0.0625"
"2107159615","2069811933","0.0625"
"2069811933","2107754498","0.0625"
"2107754498","2069811933","0.0625"
"2069811933","2132375650","0.729167"
"2132375650","2069811933","0.729167"
"2069811933","2800973392","0.0625"
"2800973392","2069811933","0.0625"
"2107159615","2107754498","0.0625"
"2107754498","2107159615","0.0625"
"2107159615","2132375650","0.0625"
"2132375650","2107159615","0.0625"
"2107159615","2800973392","0.0625"
"2800973392","2107159615","0.0625"
"2107754498","2132375650","0.0625"
"2132375650","2107754498","0.0625"
"2107754498","2800973392","0.0625"
"2800973392","2107754498","0.0625"
"2132375650","2800973392","0.0625"
"2800973392","2132375650","0.0625"
"1481595995","1510810986","0.0833333"
"1510810986","1481595995","0.0833333"
"1481595995","1544008239","0.0833333"
"1544008239","1481595995","0.0833333"
"1481595995","1835980735","0.0833333"
"1835980735","1481595995","0.0833333"
"1481595995","1975456353","0.194444"
"1975456353","1481595995","0.194444"
"1481595995","2092053614","0.194444"
"2092053614","1481595995","0.194444"
"1481595995","2096551070","0.0833333"
"2096551070","1481595995","0.0833333"
"1481595995","2139534868","0.0833333"
"2139534868","1481595995","0.0833333"
"1510810986","1558617513","0.0833333"
"1558617513","1510810986","0.0833333"
"1510810986","1594502603","0.0833333"
"1594502603","1510810986","0.0833333"
"1510810986","2055343463","0.0833333"
"2055343463","1510810986","0.0833333"
"1510810986","2072916859","0.0833333"
"2072916859","1510810986","0.0833333"
"1510810986","2096551070","0.0833333"
"2096551070","1510810986","0.0833333"
"1510810986","2158114843","0.0833333"
"2158114843","1510810986","0.0833333"
"1544008239","1558617513","0.0833333"
"1558617513","1544008239","0.0833333"
"1544008239","1594502603","0.416667"
"1594502603","1544008239","0.416667"
"1544008239","2055343463","0.0833333"
"2055343463","1544008239","0.0833333"
"1544008239","2072916859","0.0833333"
"2072916859","1544008239","0.0833333"
"1544008239","2096551070","0.0833333"
"2096551070","1544008239","0.0833333"
"1544008239","2158114843","0.283333"
"2158114843","1544008239","0.283333"
"1558617513","1835980735","0.283333"
"1835980735","1558617513","0.283333"
"1558617513","1975456353","0.394444"
"1975456353","1558617513","0.394444"
"1558617513","2092053614","0.394444"
"2092053614","1558617513","0.394444"
"1558617513","2096551070","0.0833333"
"2096551070","1558617513","0.0833333"
"1558617513","2139534868","0.0833333"
"2139534868","1558617513","0.0833333"
"1594502603","1835980735","0.616667"
"1835980735","1594502603","0.616667"
"1594502603","1975456353","0.394444"
"1975456353","1594502603","0.394444"
"1594502603","2092053614","0.394444"
"2092053614","1594502603","0.394444"
"1594502603","2096551070","0.0833333"
"2096551070","1594502603","0.0833333"
"1594502603","2139534868","0.416667"
"2139534868","1594502603","0.416667"
"1835980735","2055343463","0.0833333"
"2055343463","1835980735","0.0833333"
"1835980735","2072916859","0.283333"
"2072916859","1835980735","0.283333"
"1835980735","2096551070","0.22619"
"2096551070","1835980735","0.22619"
"1835980735","2158114843","0.67619"
"2158114843","1835980735","0.67619"
"1975456353","2055343463","0.194444"
"2055343463","1975456353","0.194444"
"1975456353","2072916859","0.394444"
"2072916859","1975456353","0.394444"
"1975456353","2096551070","0.22619"
"2096551070","1975456353","0.22619"
"1975456353","2158114843","0.587302"
"2158114843","1975456353","0.587302"
"2055343463","2092053614","0.194444"
"2092053614","2055343463","0.194444"
"2055343463","2096551070","0.0833333"
"2096551070","2055343463","0.0833333"
"2055343463","2139534868","0.0833333"
"2139534868","2055343463","0.0833333"
"2072916859","2092053614","0.394444"
"2092053614","2072916859","0.394444"
"2072916859","2096551070","0.0833333"
"2096551070","2072916859","0.0833333"
"2072916859","2139534868","0.0833333"
"2139534868","2072916859","0.0833333"
"2092053614","2096551070","0.22619"
"2096551070","2092053614","0.22619"
"2092053614","2158114843","0.587302"
"2158114843","2092053614","0.587302"
"2096551070","2139534868","0.0833333"
"2139534868","2096551070","0.0833333"
"2096551070","2158114843","2.72619"
"2158114843","2096551070","2.72619"
"2139534868","2158114843","0.283333"
"2158114843","2139534868","0.283333"
"1995312751","2158114843","0.291667"
"2158114843","1995312751","0.291667"
"2044236594","2158114843","0.291667"
"2158114843","2044236594","0.291667"
"2054819113","2158114843","0.125"
"2158114843","2054819113","0.125"
"2058978608","2158114843","0.291667"
"2158114843","2058978608","0.291667"
"2101415594","2158114843","0.125"
"2158114843","2101415594","0.125"
"2136476431","2158114843","0.125"
"2158114843","2136476431","0.125"
"1738857073","2158114843","0.670635"
"2158114843","1738857073","0.670635"
"1581805425","1975456353","0.361111"
"1975456353","1581805425","0.361111"
"1581805425","2092053614","0.361111"
"2092053614","1581805425","0.361111"
"1738857073","1975456353","0.111111"
"1975456353","1738857073","0.111111"
"1738857073","2092053614","0.111111"
"2092053614","1738857073","0.111111"
"1490902742","1786895262","3.7"
"1786895262","1490902742","3.7"
"1490902742","1987667832","2.7"
"1987667832","1490902742","2.7"
"1490902742","2006249742","6.2"
"2006249742","1490902742","6.2"
"1786895262","1987667832","1.45"
"1987667832","1786895262","1.45"
"1786895262","2006249742","6.28333"
"2006249742","1786895262","6.28333"
"1987667832","2006249742","3.95"
"2006249742","1987667832","3.95"
"1490902742","1564856892","0.866667"
"1564856892","1490902742","0.866667"
"1490902742","2080634433","0.866667"
"2080634433","1490902742","0.866667"
"1564856892","2006249742","6.76667"
"2006249742","1564856892","6.76667"
"1564856892","2080634433","6.76667"
"2080634433","1564856892","6.76667"
"2006249742","2080634433","5.76667"
"2080634433","2006249742","5.76667"
"1490902742","2143623869","0.333333"
"2143623869","1490902742","0.333333"
"1490902742","2207938885","0.333333"
"2207938885","1490902742","0.333333"
"2006249742","2143623869","0.583333"
"2143623869","2006249742","0.583333"
"2006249742","2207938885","4.78333"
"2207938885","2006249742","4.78333"
"2143623869","2207938885","4.11667"
"2207938885","2143623869","4.11667"
"1564856892","1786895262","2.53333"
"1786895262","1564856892","2.53333"
"1564856892","1987667832","0.4"
"1987667832","1564856892","0.4"
"1786895262","2080634433","7.36667"
"2080634433","1786895262","7.36667"
"1987667832","2080634433","0.4"
"2080634433","1987667832","0.4"
"1492913969","1565990971","3.41667"
"1565990971","1492913969","3.41667"
"1492913969","2128381480","5.91667"
"2128381480","1492913969","5.91667"
"1565990971","2128381480","14.75"
"2128381480","1565990971","14.75"
"1492913969","1557410844","0.666667"
"1557410844","1492913969","0.666667"
"1557410844","1565990971","5.33333"
"1565990971","1557410844","5.33333"
"1557410844","2128381480","8.33333"
"2128381480","1557410844","8.33333"
"1492913969","2111967310","0.5"
"2111967310","1492913969","0.5"
"2111967310","2128381480","0.5"
"2128381480","2111967310","0.5"
"1492913969","2117189200","0.25"
"2117189200","1492913969","0.25"
"1492913969","2154713079","0.25"
"2154713079","1492913969","0.25"
"1565990971","2117189200","0.25"
"2117189200","1565990971","0.25"
"1565990971","2154713079","0.25"
"2154713079","1565990971","0.25"
"2117189200","2128381480","0.25"
"2128381480","2117189200","0.25"
"2117189200","2154713079","11.75"
"2154713079","2117189200","11.75"
"2128381480","2154713079","0.25"
"2154713079","2128381480","0.25"
"1510810986","1992108710","0.833333"
"1992108710","1510810986","0.833333"
"1510810986","2105830880","0.333333"
"2105830880","1510810986","0.333333"
"1992108710","2105830880","0.333333"
"2105830880","1992108710","0.333333"
"1992108710","30481893","0.333333"
"30481893","1992108710","0.333333"
"2105830880","30481893","0.67619"
"30481893","2105830880","0.67619"
"1510810986","2160191975","0.5"
"2160191975","1510810986","0.5"
"1992108710","2160191975","10.5"
"2160191975","1992108710","10.5"
"1510810986","2107159615","1"
"2107159615","1510810986","1"
"1539154812","2132375650","0.333333"
"2132375650","1539154812","0.333333"
"2058978608","2132375650","0.916667"
"2132375650","2058978608","0.916667"
"2101415594","2132375650","0.333333"
"2132375650","2101415594","0.333333"
"1541535863","1786895262","2.5"
"1786895262","1541535863","2.5"
"1541535863","1574700857","1"
"1574700857","1541535863","1"
"1541535863","1573195078","7.2"
"1573195078","1541535863","7.2"
"1541535863","1545653984","0.2"
"1545653984","1541535863","0.2"
"1541535863","2006249742","0.2"
"2006249742","1541535863","0.2"
"1541535863","2080634433","0.7"
"2080634433","1541535863","0.7"
"1541535863","2207938885","0.2"
"2207938885","1541535863","0.2"
"1545653984","1573195078","0.2"
"1573195078","1545653984","0.2"
"1545653984","2006249742","0.2"
"2006249742","1545653984","0.2"
"1545653984","2080634433","0.2"
"2080634433","1545653984","0.2"
"1545653984","2207938885","0.2"
"2207938885","1545653984","0.2"
"1573195078","2006249742","0.2"
"2006249742","1573195078","0.2"
"1573195078","2080634433","0.2"
"2080634433","1573195078","0.2"
"1573195078","2207938885","0.2"
"2207938885","1573195078","0.2"
"2080634433","2207938885","0.733333"
"2207938885","2080634433","0.733333"
"1544008239","1581805425","0.2"
"1581805425","1544008239","0.2"
"1581805425","1835980735","0.45"
"1835980735","1581805425","0.45"
"1581805425","2139534868","0.2"
"2139534868","1581805425","0.2"
"1581805425","30481893","0.2"
"30481893","1581805425","0.2"
"2158114843","30481893","0.2"
"30481893","2158114843","0.2"
"1544008239","1596846675","1"
"1596846675","1544008239","1"
"1545653984","1557410844","0.333333"
"1557410844","1545653984","0.333333"
"1545653984","1565990971","0.333333"
"1565990971","1545653984","0.333333"
"1545653984","2128381480","0.333333"
"2128381480","1545653984","0.333333"
"1554011878","1605618332","1.55952"
"1605618332","1554011878","1.55952"
"1554011878","1592776862","0.416667"
"1592776862","1554011878","0.416667"
"1554011878","1987033997","3.33333"
"1987033997","1554011878","3.33333"
"1592776862","1605618332","1.91667"
"1605618332","1592776862","1.91667"
"1592776862","1987033997","4.86667"
"1987033997","1592776862","4.86667"
"1605618332","1987033997","3.08333"
"1987033997","1605618332","3.08333"
"1554011878","1736638243","0.22619"
"1736638243","1554011878","0.22619"
"1554011878","175374228","0.142857"
"175374228","1554011878","0.142857"
"1554011878","1835980735","0.142857"
"1835980735","1554011878","0.142857"
"1554011878","2092053614","0.142857"
"2092053614","1554011878","0.142857"
"1554011878","2105830880","0.22619"
"2105830880","1554011878","0.22619"
"1554011878","30481893","0.142857"
"30481893","1554011878","0.142857"
"1605618332","1736638243","0.22619"
"1736638243","1605618332","0.22619"
"1605618332","175374228","0.142857"
"175374228","1605618332","0.142857"
"1605618332","1835980735","0.142857"
"1835980735","1605618332","0.142857"
"1605618332","2092053614","0.142857"
"2092053614","1605618332","0.142857"
"1605618332","2105830880","0.22619"
"2105830880","1605618332","0.22619"
"1605618332","30481893","0.142857"
"30481893","1605618332","0.142857"
"1736638243","175374228","0.35119"
"175374228","1736638243","0.35119"
"1736638243","1835980735","0.142857"
"1835980735","1736638243","0.142857"
"1736638243","2092053614","0.142857"
"2092053614","1736638243","0.142857"
"1736638243","2105830880","0.434524"
"2105830880","1736638243","0.434524"
"1736638243","30481893","0.142857"
"30481893","1736638243","0.142857"
"175374228","1835980735","0.142857"
"1835980735","175374228","0.142857"
"175374228","2092053614","1.14286"
"2092053614","175374228","1.14286"
"175374228","2105830880","4.79286"
"2105830880","175374228","4.79286"
"175374228","30481893","0.142857"
"30481893","175374228","0.142857"
"1835980735","2105830880","0.342857"
"2105830880","1835980735","0.342857"
"1554011878","1991169832","0.0833333"
"1991169832","1554011878","0.0833333"
"1554011878","2013505445","0.0833333"
"2013505445","1554011878","0.0833333"
"1554011878","2029534504","0.0833333"
"2029534504","1554011878","0.0833333"
"1554011878","2032596397","0.0833333"
"2032596397","1554011878","0.0833333"
"1554011878","2044236594","0.0833333"
"2044236594","1554011878","0.0833333"
"1554011878","2055450203","0.0833333"
"2055450203","1554011878","0.0833333"
"1554011878","2057472517","0.0833333"
"2057472517","1554011878","0.0833333"
"1554011878","2100315210","0.0833333"
"2100315210","1554011878","0.0833333"
"1592776862","1736638243","0.125"
"1736638243","1592776862","0.125"
"1592776862","1991169832","0.125"
"1991169832","1592776862","0.125"
"1592776862","2013505445","1.45"
"2013505445","1592776862","1.45"
"1592776862","2029534504","0.0833333"
"2029534504","1592776862","0.0833333"
"1592776862","2032596397","0.25"
"2032596397","1592776862","0.25"
"1592776862","2044236594","0.125"
"2044236594","1592776862","0.125"
"1592776862","2055450203","0.0833333"
"2055450203","1592776862","0.0833333"
"1592776862","2057472517","0.125"
"2057472517","1592776862","0.125"
"1592776862","2100315210","0.583333"
"2100315210","1592776862","0.583333"
"1592776862","2105830880","0.583333"
"2105830880","1592776862","0.583333"
"1605618332","1991169832","0.0833333"
"1991169832","1605618332","0.0833333"
"1605618332","2013505445","0.333333"
"2013505445","1605618332","0.333333"
"1605618332","2029534504","0.0833333"
"2029534504","1605618332","0.0833333"
"1605618332","2032596397","0.0833333"
"2032596397","1605618332","0.0833333"
"1605618332","2044236594","0.0833333"
"2044236594","1605618332","0.0833333"
"1605618332","2055450203","0.0833333"
"2055450203","1605618332","0.0833333"
"1605618332","2057472517","0.0833333"
"2057472517","1605618332","0.0833333"
"1605618332","2100315210","0.0833333"
"2100315210","1605618332","0.0833333"
"1736638243","1991169832","0.125"
"1991169832","1736638243","0.125"
"1736638243","2013505445","0.625"
"2013505445","1736638243","0.625"
"1736638243","2029534504","0.416667"
"2029534504","1736638243","0.416667"
"1736638243","2032596397","0.291667"
"2032596397","1736638243","0.291667"
"1736638243","2044236594","0.125"
"2044236594","1736638243","0.125"
"1736638243","2055450203","0.416667"
"2055450203","1736638243","0.416667"
"1736638243","2057472517","0.625"
"2057472517","1736638243","0.625"
"1736638243","2100315210","0.125"
"2100315210","1736638243","0.125"
"1991169832","2013505445","0.125"
"2013505445","1991169832","0.125"
"1991169832","2029534504","0.22619"
"2029534504","1991169832","0.22619"
"1991169832","2032596397","0.125"
"2032596397","1991169832","0.125"
"1991169832","2055450203","0.22619"
"2055450203","1991169832","0.22619"
"1991169832","2100315210","0.125"
"2100315210","1991169832","0.125"
"1991169832","2105830880","0.125"
"2105830880","1991169832","0.125"
"2013505445","2029534504","0.0833333"
"2029534504","2013505445","0.0833333"
"2013505445","2032596397","2.53333"
"2032596397","2013505445","2.53333"
"2013505445","2044236594","0.125"
"2044236594","2013505445","0.125"
"2013505445","2055450203","0.0833333"
"2055450203","2013505445","0.0833333"
"2013505445","2057472517","0.125"
"2057472517","2013505445","0.125"
"2013505445","2100315210","1.03333"
"2100315210","2013505445","1.03333"
"2013505445","2105830880","2.23333"
"2105830880","2013505445","2.23333"
"2029534504","2032596397","0.0833333"
"2032596397","2029534504","0.0833333"
"2029534504","2044236594","0.22619"
"2044236594","2029534504","0.22619"
"2029534504","2055450203","10.8095"
"2055450203","2029534504","10.8095"
"2029534504","2057472517","0.22619"
"2057472517","2029534504","0.22619"
"2029534504","2100315210","0.0833333"
"2100315210","2029534504","0.0833333"
"2029534504","2105830880","0.0833333"
"2105830880","2029534504","0.0833333"
"2032596397","2044236594","0.125"
"2044236594","2032596397","0.125"
"2032596397","2055450203","0.0833333"
"2055450203","2032596397","0.0833333"
"2032596397","2057472517","0.125"
"2057472517","2032596397","0.125"
"2044236594","2055450203","1.22619"
"2055450203","2044236594","1.22619"
"2044236594","2100315210","0.125"
"2100315210","2044236594","0.125"
"2044236594","2105830880","0.125"
"2105830880","2044236594","0.125"
"2055450203","2057472517","0.22619"
"2057472517","2055450203","0.22619"
"2055450203","2100315210","0.0833333"
"2100315210","2055450203","0.0833333"
"2055450203","2105830880","0.0833333"
"2105830880","2055450203","0.0833333"
"2057472517","2100315210","0.125"
"2100315210","2057472517","0.125"
"2057472517","2105830880","0.125"
"2105830880","2057472517","0.125"
"1557410844","2037896692","0.333333"
"2037896692","1557410844","0.333333"
"1565990971","2037896692","0.333333"
"2037896692","1565990971","0.333333"
"2037896692","2128381480","0.333333"
"2128381480","2037896692","0.333333"
"1559612606","2020746364","1.66667"
"2020746364","1559612606","1.66667"
"1559612606","2095486388","0.666667"
"2095486388","1559612606","0.666667"
"1559612606","2100315210","0.666667"
"2100315210","1559612606","0.666667"
"2020746364","2095486388","10.1667"
"2095486388","2020746364","10.1667"
"2020746364","2100315210","0.666667"
"2100315210","2020746364","0.666667"
"1559612606","1571836543","0.416667"
"1571836543","1559612606","0.416667"
"1559612606","1573369914","0.125"
"1573369914","1559612606","0.125"
"1559612606","1596846675","0.416667"
"1596846675","1559612606","0.416667"
"1559612606","1936851715","0.125"
"1936851715","1559612606","0.125"
"1559612606","2114756552","0.416667"
"2114756552","1559612606","0.416667"
"1559612606","2138044257","0.125"
"2138044257","1559612606","0.125"
"1559612606","2142631235","0.916667"
"2142631235","1559612606","0.916667"
"1559612606","2158466615","0.416667"
"2158466615","1559612606","0.416667"
"1571836543","1573369914","0.458333"
"1573369914","1571836543","0.458333"
"1571836543","1596846675","3.28333"
