"1508454112","1517511286","0.24359"
"1517511286","1508454112","0.24359"
"1508454112","1520237532","0.201923"
"1520237532","1508454112","0.201923"
"1508454112","1572177749","0.289225"
"1572177749","1508454112","0.289225"
"1508454112","2080447024","0.987637"
"2080447024","1508454112","0.987637"
"1508454112","2084679825","0.0769231"
"2084679825","1508454112","0.0769231"
"1508454112","2085676663","2.24875"
"2085676663","1508454112","2.24875"
"1508454112","2109119832","0.36859"
"2109119832","1508454112","0.36859"
"1508454112","2111304322","0.0769231"
"2111304322","1508454112","0.0769231"
"1508454112","2112128729","0.473748"
"2112128729","1508454112","0.473748"
"1508454112","2112734514","2.26264"
"2112734514","1508454112","2.26264"
"1508454112","2114773789","1.91978"
"2114773789","1508454112","1.91978"
"1508454112","2116396741","0.178114"
"2116396741","1508454112","0.178114"
"1508454112","2124971582","0.822558"
"2124971582","1508454112","0.822558"
"1517511286","1520237532","0.0769231"
"1520237532","1517511286","0.0769231"
"1517511286","1572177749","0.0769231"
"1572177749","1517511286","0.0769231"
"1517511286","2080447024","1.07692"
"2080447024","1517511286","1.07692"
"1517511286","2084679825","0.576923"
"2084679825","1517511286","0.576923"
"1517511286","2085676663","2.74359"
"2085676663","1517511286","2.74359"
"1517511286","2109119832","0.24359"
"2109119832","1517511286","0.24359"
"1517511286","2111304322","0.576923"
"2111304322","1517511286","0.576923"
"1517511286","2112128729","0.0769231"
"2112128729","1517511286","0.0769231"
"1517511286","2112734514","0.24359"
"2112734514","1517511286","0.24359"
"1517511286","2114773789","1.74359"
"2114773789","1517511286","1.74359"
"1517511286","2116396741","0.0769231"
"2116396741","1517511286","0.0769231"
"1517511286","2124971582","0.0769231"
"2124971582","1517511286","0.0769231"
"1520237532","1572177749","0.109181"
"1572177749","1520237532","0.109181"
"1520237532","2080447024","0.734181"
"2080447024","1520237532","0.734181"
"1520237532","2084679825","0.0769231"
"2084679825","1520237532","0.0769231"
"1520237532","2085676663","0.234181"
"2085676663","1520237532","0.234181"
"1520237532","2109119832","0.201923"
"2109119832","1520237532","0.201923"
"1520237532","2111304322","0.0769231"
"2111304322","1520237532","0.0769231"
"1520237532","2112128729","0.359181"
"2112128729","1520237532","0.359181"
"1520237532","2112734514","0.234181"
"2112734514","1520237532","0.234181"
"1520237532","2114773789","0.234181"
"2114773789","1520237532","0.234181"
"1520237532","2116396741","0.23134"
"2116396741","1520237532","0.23134"
"1520237532","2124971582","0.201923"
"2124971582","1520237532","0.201923"
"1572177749","2080447024","0.377038"
"2080447024","1572177749","0.377038"
"1572177749","2084679825","0.0769231"
"2084679825","1572177749","0.0769231"
"1572177749","2085676663","0.488149"
"2085676663","1572177749","0.488149"
"1572177749","2109119832","0.0769231"
"2109119832","1572177749","0.0769231"
"1572177749","2111304322","0.0769231"
"2111304322","1572177749","0.0769231"
"1572177749","2112128729","0.404816"
"2112128729","1572177749","0.404816"
"1572177749","2112734514","0.210372"
"2112734514","1572177749","0.210372"
"1572177749","2114773789","0.577038"
"2114773789","1572177749","0.577038"
"1572177749","2116396741","0.127038"
"2116396741","1572177749","0.127038"
"1572177749","2124971582","0.438034"
"2124971582","1572177749","0.438034"
"2080447024","2084679825","0.0769231"
"2084679825","2080447024","0.0769231"
"2080447024","2085676663","3.66275"
"2085676663","2080447024","3.66275"
"2080447024","2109119832","0.201923"
"2109119832","2080447024","0.201923"
"2080447024","2111304322","0.660256"
"2111304322","2080447024","0.660256"
"2080447024","2112128729","0.871086"
"2112128729","2080447024","0.871086"
"2080447024","2112734514","3.74609"
"2112734514","2080447024","3.74609"
"2080447024","2114773789","0.585372"
"2114773789","2080447024","0.585372"
"2080447024","2116396741","0.210372"
"2116396741","2080447024","0.210372"
"2080447024","2124971582","1.1543"
"2124971582","2080447024","1.1543"
"2084679825","2085676663","0.0769231"
"2085676663","2084679825","0.0769231"
"2084679825","2109119832","0.0769231"
"2109119832","2084679825","0.0769231"
"2084679825","2111304322","0.576923"
"2111304322","2084679825","0.576923"
"2084679825","2112128729","0.0769231"
"2112128729","2084679825","0.0769231"
"2084679825","2112734514","0.0769231"
"2112734514","2084679825","0.0769231"
"2084679825","2114773789","0.0769231"
"2114773789","2084679825","0.0769231"
"2084679825","2116396741","0.0769231"
"2116396741","2084679825","0.0769231"
"2084679825","2124971582","0.0769231"
"2124971582","2084679825","0.0769231"
"2085676663","2109119832","0.36859"
"2109119832","2085676663","0.36859"
"2085676663","2111304322","0.610256"
"2111304322","2085676663","0.610256"
"2085676663","2112128729","2.38061"
"2112128729","2085676663","2.38061"
"2085676663","2112734514","3.40859"
"2112734514","2085676663","3.40859"
"2085676663","2114773789","3.75204"
"2114773789","2085676663","3.75204"
"2085676663","2116396741","0.349795"
"2116396741","2085676663","0.349795"
"2085676663","2124971582","2.63208"
"2124971582","2085676663","2.63208"
"2109119832","2111304322","1.07692"
"2111304322","2109119832","1.07692"
"2109119832","2112128729","0.201923"
"2112128729","2109119832","0.201923"
"2109119832","2112734514","0.36859"
"2112734514","2109119832","0.36859"
"2109119832","2114773789","0.36859"
"2114773789","2109119832","0.36859"
"2109119832","2116396741","0.0769231"
"2116396741","2109119832","0.0769231"
"2109119832","2124971582","0.0769231"
"2124971582","2109119832","0.0769231"
"2111304322","2112128729","0.24359"
"2112128729","2111304322","0.24359"
"2111304322","2112734514","0.69359"
"2112734514","2111304322","0.69359"
"2111304322","2114773789","0.0769231"
"2114773789","2111304322","0.0769231"
"2111304322","2116396741","0.0769231"
"2116396741","2111304322","0.0769231"
"2111304322","2124971582","0.410256"
"2124971582","2111304322","0.410256"
"2112128729","2112734514","1.66275"
"2112734514","2112128729","1.66275"
"2112128729","2114773789","0.418705"
"2114773789","2112128729","0.418705"
"2112128729","2116396741","0.252038"
"2116396741","2112128729","0.252038"
"2112128729","2124971582","2.13208"
"2124971582","2112128729","2.13208"
"2112734514","2114773789","0.418705"
"2114773789","2112734514","0.418705"
"2112734514","2116396741","0.897872"
"2116396741","2112734514","0.897872"
"2112734514","2124971582","1.18764"
"2124971582","2112734514","1.18764"
"2114773789","2116396741","0.127038"
"2116396741","2114773789","0.127038"
"2114773789","2124971582","0.0769231"
"2124971582","2114773789","0.0769231"
"2116396741","2124971582","0.260256"
"2124971582","2116396741","0.260256"
"1508454112","1982141094","2.9873"
"1982141094","1508454112","2.9873"
"1508454112","2098109090","1.22619"
"2098109090","1508454112","1.22619"
"1508454112","2104148061","0.183333"
"2104148061","1508454112","0.183333"
"1508454112","2115639613","0.183333"
"2115639613","1508454112","0.183333"
"1508454112","2123575007","0.242857"
"2123575007","1508454112","0.242857"
"1508454112","2133675752","0.409524"
"2133675752","1508454112","0.409524"
"1508454112","2134316083","0.228968"
"2134316083","1508454112","0.228968"
"1508454112","2143250283","0.266667"
"2143250283","1508454112","0.266667"
"1982141094","2085676663","1.66732"
"2085676663","1982141094","1.66732"
"1982141094","2098109090","7.50311"
"2098109090","1982141094","7.50311"
"1982141094","2104148061","0.183333"
"2104148061","1982141094","0.183333"
"1982141094","2112734514","1.77095"
"2112734514","1982141094","1.77095"
"1982141094","2115639613","0.215591"
"2115639613","1982141094","0.215591"
"1982141094","2123575007","0.2875"
"2123575007","1982141094","0.2875"
"1982141094","2133675752","0.46859"
"2133675752","1982141094","0.46859"
"1982141094","2134316083","0.273611"
"2134316083","1982141094","0.273611"
"1982141094","2143250283","0.766667"
"2143250283","1982141094","0.766667"
"2085676663","2098109090","1.06145"
"2098109090","2085676663","1.06145"
"2085676663","2104148061","0.35"
"2104148061","2085676663","0.35"
"2085676663","2115639613","1.16559"
"2115639613","2085676663","1.16559"
"2085676663","2123575007","0.941071"
"2123575007","2085676663","0.941071"
"2085676663","2133675752","1.44716"
"2133675752","2085676663","1.44716"
"2085676663","2134316083","2.09345"
"2134316083","2085676663","2.09345"
"2085676663","2143250283","0.266667"
"2143250283","2085676663","0.266667"
"2098109090","2104148061","0.183333"
"2104148061","2098109090","0.183333"
"2098109090","2112734514","1.02619"
"2112734514","2098109090","1.02619"
"2098109090","2115639613","0.183333"
"2115639613","2098109090","0.183333"
"2098109090","2123575007","0.225"
"2123575007","2098109090","0.225"
"2098109090","2133675752","0.551923"
"2133675752","2098109090","0.551923"
"2098109090","2134316083","0.1"
"2134316083","2098109090","0.1"
"2098109090","2143250283","0.266667"
"2143250283","2098109090","0.266667"
"2104148061","2112734514","0.433333"
"2112734514","2104148061","0.433333"
"2104148061","2115639613","0.1"
"2115639613","2104148061","0.1"
"2104148061","2123575007","0.1"
"2123575007","2104148061","0.1"
"2104148061","2133675752","0.1"
"2133675752","2104148061","0.1"
"2104148061","2134316083","0.1"
"2134316083","2104148061","0.1"
"2104148061","2143250283","0.183333"
"2143250283","2104148061","0.183333"
"2112734514","2115639613","0.215591"
"2115639613","2112734514","0.215591"
"2112734514","2123575007","0.505357"
"2123575007","2112734514","0.505357"
"2112734514","2133675752","1.40952"
"2133675752","2112734514","1.40952"
"2112734514","2134316083","0.814881"
"2134316083","2112734514","0.814881"
"2112734514","2143250283","1.1"
"2143250283","2112734514","1.1"
"2115639613","2123575007","0.1"
"2123575007","2115639613","0.1"
"2115639613","2133675752","0.3"
"2133675752","2115639613","0.3"
"2115639613","2134316083","0.55"
"2134316083","2115639613","0.55"
"2115639613","2143250283","0.183333"
"2143250283","2115639613","0.183333"
"2123575007","2133675752","1.11468"
"2133675752","2123575007","1.11468"
"2123575007","2134316083","1.4744"
"2134316083","2123575007","1.4744"
"2123575007","2143250283","0.1"
"2143250283","2123575007","0.1"
"2133675752","2134316083","1.12024"
"2134316083","2133675752","1.12024"
"2133675752","2143250283","0.1"
"2143250283","2133675752","0.1"
"2134316083","2143250283","0.1"
"2143250283","2134316083","0.1"
"1508454112","1546365363","0.842857"
"1546365363","1508454112","0.842857"
"1508454112","1553193704","1.07619"
"1553193704","1508454112","1.07619"
"1508454112","1971119807","0.342857"
"1971119807","1508454112","0.342857"
"1508454112","2103870937","0.217857"
"2103870937","1508454112","0.217857"
"1508454112","2123097133","0.709524"
"2123097133","1508454112","0.709524"
"1546365363","1553193704","0.317857"
"1553193704","1546365363","0.317857"
"1546365363","1971119807","0.217857"
"1971119807","1546365363","0.217857"
"1546365363","2103870937","0.317857"
"2103870937","1546365363","0.317857"
"1546365363","2123097133","0.217857"
"2123097133","1546365363","0.217857"
"1553193704","1971119807","0.467857"
"1971119807","1553193704","0.467857"
"1553193704","2103870937","0.484524"
"2103870937","1553193704","0.484524"
"1553193704","2123097133","3.85397"
"2123097133","1553193704","3.85397"
"1971119807","2103870937","1.02738"
"2103870937","1971119807","1.02738"
"1971119807","2123097133","0.361226"
"2123097133","1971119807","0.361226"
"2103870937","2123097133","0.328968"
"2123097133","2103870937","0.328968"
"1553193704","1982141094","2.55833"
"1982141094","1553193704","2.55833"
"1553193704","2098109090","1.55833"
"2098109090","1553193704","1.55833"
"1553193704","2114773789","0.917857"
"2114773789","1553193704","0.917857"
"1982141094","2114773789","0.432258"
"2114773789","1982141094","0.432258"
"1982141094","2123097133","1.22392"
"2123097133","1982141094","1.22392"
"2098109090","2114773789","0.4"
"2114773789","2098109090","0.4"
"2098109090","2123097133","0.691667"
"2123097133","2098109090","0.691667"
"2114773789","2123097133","0.561226"
"2123097133","2114773789","0.561226"
"1517511286","1546365363","1.66667"
"1546365363","1517511286","1.66667"
"1546365363","2085676663","4.00952"
"2085676663","1546365363","4.00952"
"1546365363","2109119832","0.291667"
"2109119832","1546365363","0.291667"
"1546365363","2112734514","0.842857"
"2112734514","1546365363","0.842857"
"1546365363","2114773789","2.30952"
"2114773789","1546365363","2.30952"
"1508454112","2112213707","0.853968"
"2112213707","1508454112","0.853968"
"1508454112","2138835206","0.217857"
"2138835206","1508454112","0.217857"
"2085676663","2112213707","1.65065"
"2112213707","2085676663","1.65065"
"2085676663","2138835206","0.389538"
"2138835206","2085676663","0.389538"
"2112213707","2112734514","2.15428"
"2112734514","2112213707","2.15428"
"2112213707","2124971582","0.752778"
"2124971582","2112213707","0.752778"
"2112213707","2138835206","0.883225"
"2138835206","2112213707","0.883225"
"2112734514","2138835206","0.437615"
"2138835206","2112734514","0.437615"
"2124971582","2138835206","0.7"
"2138835206","2124971582","0.7"
"1982141094","2112213707","2.30779"
"2112213707","1982141094","2.30779"
"1508454112","1608524621","0.0845238"
"1608524621","1508454112","0.0845238"
"1508454112","1971640526","0.0845238"
"1971640526","1508454112","0.0845238"
"1508454112","1982768666","0.0845238"
"1982768666","1508454112","0.0845238"
"1508454112","2012204843","0.0845238"
"2012204843","1508454112","0.0845238"
"1508454112","2013946540","0.0845238"
"2013946540","1508454112","0.0845238"
"1508454112","2042502381","0.0845238"
"2042502381","1508454112","0.0845238"
"1508454112","2108009586","0.0845238"
"2108009586","1508454112","0.0845238"
"1508454112","2109821166","0.0845238"
"2109821166","1508454112","0.0845238"
"1508454112","2142908528","0.0845238"
"2142908528","1508454112","0.0845238"
"1508454112","2143959471","0.0845238"
"2143959471","1508454112","0.0845238"
"1508454112","2153307033","0.0845238"
"2153307033","1508454112","0.0845238"
"1608524621","1971640526","0.349086"
"1971640526","1608524621","0.349086"
"1608524621","1982141094","0.0989247"
"1982141094","1608524621","0.0989247"
"1608524621","1982768666","3.70464"
"1982768666","1608524621","3.70464"
"1608524621","2012204843","0.68244"
"2012204843","1608524621","0.68244"
"1608524621","2013946540","0.175433"
"2013946540","1608524621","0.175433"
"1608524621","2042502381","0.0845238"
"2042502381","1608524621","0.0845238"
"1608524621","2085676663","0.116782"
"2085676663","1608524621","0.116782"
"1608524621","2108009586","0.175433"
"2108009586","1608524621","0.175433"
"1608524621","2109821166","0.259143"
"2109821166","1608524621","0.259143"
"1608524621","2112213707","0.207691"
"2112213707","1608524621","0.207691"
"1608524621","2112734514","0.116782"
"2112734514","1608524621","0.116782"
"1608524621","2142908528","0.325919"
"2142908528","1608524621","0.325919"
"1608524621","2143959471","0.19151"
"2143959471","1608524621","0.19151"
"1608524621","2153307033","0.350161"
"2153307033","1608524621","0.350161"
"1971640526","1982141094","0.161425"
"1982141094","1971640526","0.161425"
"1971640526","1982768666","0.349086"
"1982768666","1971640526","0.349086"
"1971640526","2012204843","0.370475"
"2012204843","1971640526","0.370475"
"1971640526","2013946540","0.927158"
"2013946540","1971640526","0.927158"
"1971640526","2042502381","0.334524"
"2042502381","1971640526","0.334524"
"1971640526","2085676663","0.179282"
"2085676663","1971640526","0.179282"
"1971640526","2108009586","0.252356"
"2108009586","1971640526","0.252356"
"1971640526","2109821166","0.32985"
"2109821166","1971640526","0.32985"
"1971640526","2112213707","0.715826"
"2112213707","1971640526","0.715826"
"1971640526","2112734514","0.804282"
"2112734514","1971640526","0.804282"
"1971640526","2142908528","0.699866"
"2142908528","1971640526","0.699866"
"1971640526","2143959471","0.19151"
"2143959471","1971640526","0.19151"
"1971640526","2153307033","0.866965"
"2153307033","1971640526","0.866965"
"1982141094","1982768666","0.0989247"
"1982768666","1982141094","0.0989247"
"1982141094","2012204843","0.0666667"
"2012204843","1982141094","0.0666667"
"1982141094","2013946540","0.129167"
"2013946540","1982141094","0.129167"
"1982141094","2042502381","0.0666667"
"2042502381","1982141094","0.0666667"
"1982141094","2108009586","0.0666667"
"2108009586","1982141094","0.0666667"
"1982141094","2109821166","0.0989247"
"2109821166","1982141094","0.0989247"
"1982141094","2142908528","0.20609"
"2142908528","1982141094","0.20609"
"1982141094","2143959471","0.0989247"
"2143959471","1982141094","0.0989247"
"1982141094","2153307033","0.129167"
"2153307033","1982141094","0.129167"
"1982768666","2012204843","0.68244"
"2012204843","1982768666","0.68244"
"1982768666","2013946540","0.175433"
"2013946540","1982768666","0.175433"
"1982768666","2042502381","0.227381"
"2042502381","1982768666","0.227381"
"1982768666","2085676663","0.116782"
"2085676663","1982768666","0.116782"
"1982768666","2108009586","0.175433"
"2108009586","1982768666","0.175433"
"1982768666","2109821166","0.402"
"2109821166","1982768666","0.402"
"1982768666","2112213707","0.207691"
"2112213707","1982768666","0.207691"
"1982768666","2112734514","0.116782"
"2112734514","1982768666","0.116782"
"1982768666","2142908528","0.325919"
"2142908528","1982768666","0.325919"
"1982768666","2143959471","0.19151"
"2143959471","1982768666","0.19151"
"1982768666","2153307033","0.350161"
"2153307033","1982768666","0.350161"
"2012204843","2013946540","0.355891"
"2013946540","2012204843","0.355891"
"2012204843","2042502381","0.167857"
"2042502381","2012204843","0.167857"
"2012204843","2085676663","1.2746"
"2085676663","2012204843","1.2746"
"2012204843","2108009586","0.300336"
"2108009586","2012204843","0.300336"
"2012204843","2109821166","0.115774"
"2109821166","2012204843","0.115774"
"2012204843","2112213707","0.334524"
"2112213707","2012204843","0.334524"
"2012204843","2112734514","0.0845238"
"2112734514","2012204843","0.0845238"
"2012204843","2142908528","0.523252"
"2142908528","2012204843","0.523252"
"2012204843","2143959471","0.199107"
"2143959471","2012204843","0.199107"
"2012204843","2153307033","0.192697"
"2153307033","2012204843","0.192697"
"2013946540","2042502381","0.167857"
"2042502381","2013946540","0.167857"
"2013946540","2085676663","0.230357"
"2085676663","2013946540","0.230357"
"2013946540","2108009586","0.335689"
"2108009586","2013946540","0.335689"
"2013946540","2109821166","0.0845238"
"2109821166","2013946540","0.0845238"
"2013946540","2112213707","3.1919"
"2112213707","2013946540","3.1919"
"2013946540","2112734514","1.00536"
"2112734514","2013946540","1.00536"
"2013946540","2142908528","0.598947"
"2142908528","2013946540","0.598947"
"2013946540","2143959471","0.334524"
"2143959471","2013946540","0.334524"
"2013946540","2153307033","1.94224"
"2153307033","2013946540","1.94224"
"2042502381","2085676663","0.334524"
"2085676663","2042502381","0.334524"
"2042502381","2108009586","3.36786"
"2108009586","2042502381","3.36786"
"2042502381","2109821166","0.227381"
"2109821166","2042502381","0.227381"
"2042502381","2112213707","0.167857"
"2112213707","2042502381","0.167857"
"2042502381","2112734514","0.0845238"
"2112734514","2042502381","0.0845238"
"2042502381","2142908528","0.0845238"
"2142908528","2042502381","0.0845238"
"2042502381","2143959471","0.50119"
"2143959471","2042502381","0.50119"
"2042502381","2153307033","0.0845238"
"2153307033","2042502381","0.0845238"
"2085676663","2108009586","0.223413"
"2108009586","2085676663","0.223413"
"2085676663","2109821166","0.116782"
"2109821166","2085676663","0.116782"
"2085676663","2142908528","1.23069"
"2142908528","2085676663","1.23069"
"2085676663","2143959471","1.20012"
"2143959471","2085676663","1.20012"
"2085676663","2153307033","0.147024"
"2153307033","2085676663","0.147024"
"2108009586","2109821166","0.0845238"
"2109821166","2108009586","0.0845238"
"2108009586","2112213707","0.314322"
"2112213707","2108009586","0.314322"
"2108009586","2112734514","0.0845238"
"2112734514","2108009586","0.0845238"
"2108009586","2142908528","0.217002"
"2142908528","2108009586","0.217002"
"2108009586","2143959471","0.167857"
"2143959471","2108009586","0.167857"
"2108009586","2153307033","0.252356"
"2153307033","2108009586","0.252356"
"2109821166","2112213707","0.116782"
"2112213707","2109821166","0.116782"
"2109821166","2112734514","0.116782"
"2112734514","2109821166","0.116782"
"2109821166","2142908528","0.115774"
"2142908528","2109821166","0.115774"
"2109821166","2143959471","0.481365"
"2143959471","2109821166","0.481365"
"2109821166","2153307033","0.115774"
"2153307033","2109821166","0.115774"
"2112213707","2142908528","0.721169"
"2142908528","2112213707","0.721169"
"2112213707","2143959471","1.82512"
"2143959471","2112213707","1.82512"
"2112213707","2153307033","1.13912"
"2153307033","2112213707","1.13912"
"2112734514","2142908528","0.272024"
"2142908528","2112734514","0.272024"
"2112734514","2143959471","0.408449"
"2143959471","2112734514","0.408449"
"2112734514","2153307033","0.43869"
"2153307033","2112734514","0.43869"
"2142908528","2143959471","0.159252"
"2143959471","2142908528","0.159252"
"2142908528","2153307033","1.11653"
"2153307033","2142908528","1.11653"
"2143959471","2153307033","0.325919"
"2153307033","2143959471","0.325919"
"1982141094","2080447024","0.633449"
"2080447024","1982141094","0.633449"
"1982141094","2112128729","0.452893"
"2112128729","1982141094","0.452893"
"1982141094","2124971582","0.712302"
"2124971582","1982141094","0.712302"
"2080447024","2098109090","0.434524"
"2098109090","2080447024","0.434524"
"2098109090","2112128729","0.142857"
"2112128729","2098109090","0.142857"
"2098109090","2124971582","0.434524"
"2124971582","2098109090","0.434524"
"1508454112","1590297619","0.10119"
"1590297619","1508454112","0.10119"
"1553193704","1572177749","0.30119"
"1572177749","1553193704","0.30119"
"1553193704","1590297619","1.07341"
"1590297619","1553193704","1.07341"
"1553193704","2080447024","0.309524"
"2080447024","1553193704","0.309524"
"1553193704","2085676663","2.25952"
"2085676663","1553193704","2.25952"
"1553193704","2104148061","0.0833333"
"2104148061","1553193704","0.0833333"
"1553193704","2112734514","1.00952"
"2112734514","1553193704","1.00952"
"1553193704","2124971582","0.291667"
"2124971582","1553193704","0.291667"
"1553193704","2143250283","0.5"
"2143250283","1553193704","0.5"
"1572177749","1590297619","0.267857"
"1590297619","1572177749","0.267857"
"1572177749","1982141094","0.593369"
"1982141094","1572177749","0.593369"
"1572177749","2098109090","0.283333"
"2098109090","1572177749","0.283333"
"1572177749","2104148061","0.0833333"
"2104148061","1572177749","0.0833333"
"1572177749","2123097133","0.333449"
"2123097133","1572177749","0.333449"
"1572177749","2143250283","0.0833333"
"2143250283","1572177749","0.0833333"
"1590297619","1982141094","0.25"
"1982141094","1590297619","0.25"
"1590297619","2080447024","0.267857"
"2080447024","1590297619","0.267857"
"1590297619","2085676663","0.840079"
"2085676663","1590297619","0.840079"
"1590297619","2098109090","0.0833333"
"2098109090","1590297619","0.0833333"
"1590297619","2104148061","0.0833333"
"2104148061","1590297619","0.0833333"
"1590297619","2112734514","1.10119"
"2112734514","1590297619","1.10119"
"1590297619","2123097133","0.10119"
"2123097133","1590297619","0.10119"
"1590297619","2124971582","0.25"
"2124971582","1590297619","0.25"
"1590297619","2143250283","0.0833333"
"2143250283","1590297619","0.0833333"
"2080447024","2104148061","0.5"
"2104148061","2080447024","0.5"
"2080447024","2123097133","0.341782"
"2123097133","2080447024","0.341782"
"2080447024","2143250283","1.66667"
"2143250283","2080447024","1.66667"
"2085676663","2123097133","1.11956"
"2123097133","2085676663","1.11956"
"2104148061","2123097133","0.0833333"
"2123097133","2104148061","0.0833333"
"2104148061","2124971582","0.25"
"2124971582","2104148061","0.25"
"2112734514","2123097133","0.675115"
"2123097133","2112734514","0.675115"
"2123097133","2124971582","0.291667"
"2124971582","2123097133","0.291667"
"2123097133","2143250283","1"
"2143250283","2123097133","1"
"2124971582","2143250283","0.166667"
"2143250283","2124971582","0.166667"
"1520237532","1546365363","0.225"
"1546365363","1520237532","0.225"
"1546365363","2080447024","0.142857"
"2080447024","1546365363","0.142857"
"1546365363","2112128729","0.142857"
"2112128729","1546365363","0.142857"
"1546365363","1982141094","0.333333"
"1982141094","1546365363","0.333333"
"1553193704","2112213707","1.76786"
"2112213707","1553193704","1.76786"
"1553193704","2115639613","0.0833333"
"2115639613","1553193704","0.0833333"
"1553193704","2116396741","0.10119"
"2116396741","1553193704","0.10119"
"1982141094","2116396741","0.255014"
"2116396741","1982141094","0.255014"
"2080447024","2112213707","0.383449"
"2112213707","2080447024","0.383449"
"2080447024","2115639613","0.115591"
"2115639613","2080447024","0.115591"
"2098109090","2112213707","0.86859"
"2112213707","2098109090","0.86859"
"2098109090","2116396741","0.160256"
"2116396741","2098109090","0.160256"
"2112213707","2115639613","0.115591"
"2115639613","2112213707","0.115591"
"2112213707","2116396741","0.631638"
"2116396741","2112213707","0.631638"
"2112213707","2123097133","0.24456"
"2123097133","2112213707","0.24456"
"2112213707","2143250283","0.0833333"
"2143250283","2112213707","0.0833333"
"2115639613","2116396741","0.115591"
"2116396741","2115639613","0.115591"
"2115639613","2123097133","0.115591"
"2123097133","2115639613","0.115591"
"2115639613","2124971582","0.0833333"
"2124971582","2115639613","0.0833333"
"2116396741","2123097133","0.133449"
"2123097133","2116396741","0.133449"
"2116396741","2143250283","0.0833333"
"2143250283","2116396741","0.0833333"
"1508454112","2006362647","0.111111"
"2006362647","1508454112","0.111111"
"1508454112","2059645646","0.253968"
"2059645646","1508454112","0.253968"
"1572177749","2006362647","0.111111"
"2006362647","1572177749","0.111111"
"1572177749","2059645646","0.161226"
"2059645646","1572177749","0.161226"
"1572177749","2112213707","0.411226"
"2112213707","1572177749","0.411226"
"1572177749","2134316083","0.128968"
"2134316083","1572177749","0.128968"
"1982141094","2006362647","0.111111"
"2006362647","1982141094","0.111111"
"1982141094","2059645646","0.330869"
"2059645646","1982141094","0.330869"
"2006362647","2059645646","0.111111"
"2059645646","2006362647","0.111111"
"2006362647","2085676663","0.587302"
"2085676663","2006362647","0.587302"
"2006362647","2112128729","0.420635"
"2112128729","2006362647","0.420635"
"2006362647","2112213707","0.111111"
"2112213707","2006362647","0.111111"
"2006362647","2124971582","0.587302"
"2124971582","2006362647","0.587302"
"2006362647","2134316083","0.253968"
"2134316083","2006362647","0.253968"
"2059645646","2085676663","1.26777"
"2085676663","2059645646","1.26777"
"2059645646","2112128729","0.416782"
"2112128729","2059645646","0.416782"
"2059645646","2112213707","1.09873"
"2112213707","2059645646","1.09873"
"2059645646","2124971582","0.111111"
"2124971582","2059645646","0.111111"
"2059645646","2134316083","0.841071"
"2134316083","2059645646","0.841071"
"2112128729","2112213707","0.966782"
"2112213707","2112128729","0.966782"
"2112128729","2134316083","0.706349"
"2134316083","2112128729","0.706349"
"2112213707","2134316083","1.95813"
"2134316083","2112213707","1.95813"
"2124971582","2134316083","0.545635"
"2134316083","2124971582","0.545635"
"1971119807","1982141094","0.796681"
"1982141094","1971119807","0.796681"
"1971119807","2059645646","3.665"
"2059645646","1971119807","3.665"
"1971119807","2098109090","0.285256"
"2098109090","1971119807","0.285256"
"1971119807","2112213707","5.20898"
"2112213707","1971119807","5.20898"
"1971119807","2112734514","1.26262"
"2112734514","1971119807","1.26262"
"1971119807","2123575007","1.8244"
"2123575007","1971119807","1.8244"
"1971119807","2133675752","1.49716"
"2133675752","1971119807","1.49716"
"2059645646","2098109090","0.208333"
"2098109090","2059645646","0.208333"
"2059645646","2112734514","0.237615"
"2112734514","2059645646","0.237615"
"2059645646","2123575007","1.96607"
"2123575007","2059645646","1.96607"
"2059645646","2133675752","0.861905"
"2133675752","2059645646","0.861905"
"2112213707","2123575007","0.905357"
"2123575007","2112213707","0.905357"
"2112213707","2133675752","0.46978"
"2133675752","2112213707","0.46978"
"1508454112","1537655082","0.0178571"
"1537655082","1508454112","0.0178571"
"1508454112","18554628","0.0178571"
"18554628","1508454112","0.0178571"
"1508454112","1965952235","0.0178571"
"1965952235","1508454112","0.0178571"
"1508454112","1976722103","0.0178571"
"1976722103","1508454112","0.0178571"
"1508454112","2001845525","0.0178571"
"2001845525","1508454112","0.0178571"
"1508454112","2018700273","0.0178571"
"2018700273","1508454112","0.0178571"
"1508454112","2045106615","0.0178571"
"2045106615","1508454112","0.0178571"
"1508454112","2045622468","0.0178571"
"2045622468","1508454112","0.0178571"
"1508454112","2096547754","0.0178571"
"2096547754","1508454112","0.0178571"
"1508454112","2103895255","0.0178571"
"2103895255","1508454112","0.0178571"
"1508454112","2107427524","0.0178571"
"2107427524","1508454112","0.0178571"
"1508454112","2110529497","0.0178571"
"2110529497","1508454112","0.0178571"
"1508454112","2131103246","0.0178571"
"2131103246","1508454112","0.0178571"
"1508454112","2131796944","0.0178571"
"2131796944","1508454112","0.0178571"
"1508454112","2136046112","0.0178571"
"2136046112","1508454112","0.0178571"
"1508454112","2139263797","0.0178571"
"2139263797","1508454112","0.0178571"
"1508454112","2146485383","0.0178571"
"2146485383","1508454112","0.0178571"
"1508454112","2146831356","0.0178571"
"2146831356","1508454112","0.0178571"
"1508454112","2150246229","0.0178571"
"2150246229","1508454112","0.0178571"
"1508454112","2151700547","0.0178571"
"2151700547","1508454112","0.0178571"
"1508454112","2155502235","0.0178571"
"2155502235","1508454112","0.0178571"
"1508454112","2166996142","0.0178571"
"2166996142","1508454112","0.0178571"
"1508454112","2169336598","0.0178571"
"2169336598","1508454112","0.0178571"
"1508454112","2428543019","0.0178571"
"2428543019","1508454112","0.0178571"
"1508454112","2613529642","0.0178571"
"2613529642","1508454112","0.0178571"
"1508454112","2791101462","0.0178571"
"2791101462","1508454112","0.0178571"
"1537655082","1546365363","0.0178571"
"1546365363","1537655082","0.0178571"
"1537655082","1553193704","0.0178571"
"1553193704","1537655082","0.0178571"
"1537655082","1572177749","0.0178571"
"1572177749","1537655082","0.0178571"
"1537655082","1590297619","0.0178571"
"1590297619","1537655082","0.0178571"
"1537655082","1608524621","0.0491071"
"1608524621","1537655082","0.0491071"
"1537655082","18554628","0.0491071"
"18554628","1537655082","0.0491071"
"1537655082","1965952235","0.0178571"
"1965952235","1537655082","0.0178571"
"1537655082","1971119807","0.0491071"
"1971119807","1537655082","0.0491071"
"1537655082","1971640526","0.0491071"
"1971640526","1537655082","0.0491071"
"1537655082","1976722103","0.0178571"
"1976722103","1537655082","0.0178571"
"1537655082","1982768666","0.0491071"
"1982768666","1537655082","0.0491071"
"1537655082","2001845525","0.0491071"
"2001845525","1537655082","0.0491071"
"1537655082","2012204843","0.0491071"
"2012204843","1537655082","0.0491071"
"1537655082","2013946540","0.0178571"
"2013946540","1537655082","0.0178571"
"1537655082","2018700273","0.0178571"
"2018700273","1537655082","0.0178571"
"1537655082","2042502381","0.0178571"
"2042502381","1537655082","0.0178571"
"1537655082","2045106615","0.0178571"
"2045106615","1537655082","0.0178571"
"1537655082","2045622468","0.0491071"
"2045622468","1537655082","0.0491071"
"1537655082","2059645646","0.0178571"
"2059645646","1537655082","0.0178571"
"1537655082","2080447024","0.0178571"
"2080447024","1537655082","0.0178571"
"1537655082","2085676663","0.0178571"
"2085676663","1537655082","0.0178571"
"1537655082","2096547754","0.0491071"
"2096547754","1537655082","0.0491071"
"1537655082","2103870937","0.0178571"
"2103870937","1537655082","0.0178571"
"1537655082","2103895255","0.0491071"
"2103895255","1537655082","0.0491071"
"1537655082","2107427524","0.0491071"
"2107427524","1537655082","0.0491071"
"1537655082","2108009586","0.0178571"
"2108009586","1537655082","0.0178571"
"1537655082","2109821166","0.0491071"
"2109821166","1537655082","0.0491071"
"1537655082","2110529497","0.0491071"
"2110529497","1537655082","0.0491071"
"1537655082","2112128729","0.0178571"
"2112128729","1537655082","0.0178571"
"1537655082","2112213707","0.0178571"
"2112213707","1537655082","0.0178571"
"1537655082","2112734514","0.0178571"
"2112734514","1537655082","0.0178571"
"1537655082","2114773789","0.0178571"
"2114773789","1537655082","0.0178571"
"1537655082","2116396741","0.0491071"
"2116396741","1537655082","0.0491071"
"1537655082","2123097133","0.0178571"
"2123097133","1537655082","0.0178571"
"1537655082","2123575007","0.0178571"
"2123575007","1537655082","0.0178571"
"1537655082","2131103246","0.0491071"
"2131103246","1537655082","0.0491071"
"1537655082","2131796944","0.249107"
"2131796944","1537655082","0.249107"
"1537655082","2133675752","0.0178571"
"2133675752","1537655082","0.0178571"
"1537655082","2134316083","0.0178571"
"2134316083","1537655082","0.0178571"
"1537655082","2136046112","0.499107"
"2136046112","1537655082","0.499107"
"1537655082","2138835206","0.0178571"
"2138835206","1537655082","0.0178571"
"1537655082","2139263797","0.0491071"
"2139263797","1537655082","0.0491071"
"1537655082","2142908528","0.0491071"
"2142908528","1537655082","0.0491071"
"1537655082","2143959471","0.0491071"
"2143959471","1537655082","0.0491071"
"1537655082","2146485383","0.0491071"
"2146485383","1537655082","0.0491071"
"1537655082","2146831356","0.0491071"
"2146831356","1537655082","0.0491071"
"1537655082","2150246229","0.0178571"
"2150246229","1537655082","0.0178571"
"1537655082","2151700547","0.0491071"
"2151700547","1537655082","0.0491071"
"1537655082","2153307033","0.0491071"
"2153307033","1537655082","0.0491071"
"1537655082","2155502235","0.0491071"
"2155502235","1537655082","0.0491071"
"1537655082","2166996142","0.0491071"
"2166996142","1537655082","0.0491071"
"1537655082","2169336598","2.54911"
"2169336598","1537655082","2.54911"
"1537655082","2428543019","0.0178571"
"2428543019","1537655082","0.0178571"
"1537655082","2613529642","0.0178571"
"2613529642","1537655082","0.0178571"
"1537655082","2791101462","0.0178571"
"2791101462","1537655082","0.0178571"
"1546365363","1572177749","0.0178571"
"1572177749","1546365363","0.0178571"
"1546365363","1590297619","0.0178571"
"1590297619","1546365363","0.0178571"
"1546365363","1608524621","0.0178571"
"1608524621","1546365363","0.0178571"
"1546365363","18554628","0.0178571"
"18554628","1546365363","0.0178571"
"1546365363","1965952235","0.0178571"
"1965952235","1546365363","0.0178571"
"1546365363","1971640526","0.0178571"
"1971640526","1546365363","0.0178571"
"1546365363","1976722103","0.0178571"
"1976722103","1546365363","0.0178571"
"1546365363","1982768666","0.0178571"
"1982768666","1546365363","0.0178571"
"1546365363","2001845525","0.0178571"
"2001845525","1546365363","0.0178571"
"1546365363","2012204843","0.0178571"
"2012204843","1546365363","0.0178571"
"1546365363","2013946540","0.117857"
"2013946540","1546365363","0.117857"
"1546365363","2018700273","0.0178571"
"2018700273","1546365363","0.0178571"
"1546365363","2042502381","0.0178571"
"2042502381","1546365363","0.0178571"
"1546365363","2045106615","0.0178571"
"2045106615","1546365363","0.0178571"
"1546365363","2045622468","0.0178571"
"2045622468","1546365363","0.0178571"
"1546365363","2059645646","0.117857"
"2059645646","1546365363","0.117857"
"1546365363","2096547754","0.0178571"
"2096547754","1546365363","0.0178571"
"1546365363","2103895255","0.0178571"
"2103895255","1546365363","0.0178571"
"1546365363","2107427524","0.0178571"
"2107427524","1546365363","0.0178571"
"1546365363","2108009586","0.0178571"
"2108009586","1546365363","0.0178571"
"1546365363","2109821166","0.0178571"
"2109821166","1546365363","0.0178571"
"1546365363","2110529497","0.0178571"
"2110529497","1546365363","0.0178571"
"1546365363","2112213707","0.0178571"
"2112213707","1546365363","0.0178571"
"1546365363","2116396741","0.0178571"
"2116396741","1546365363","0.0178571"
"1546365363","2123575007","0.0178571"
"2123575007","1546365363","0.0178571"
"1546365363","2131103246","0.217857"
"2131103246","1546365363","0.217857"
"1546365363","2131796944","0.0178571"
"2131796944","1546365363","0.0178571"
"1546365363","2133675752","0.0178571"
"2133675752","1546365363","0.0178571"
"1546365363","2134316083","0.0178571"
"2134316083","1546365363","0.0178571"
"1546365363","2136046112","0.0178571"
"2136046112","1546365363","0.0178571"
"1546365363","2138835206","0.0178571"
"2138835206","1546365363","0.0178571"
"1546365363","2139263797","0.0178571"
"2139263797","1546365363","0.0178571"
"1546365363","2142908528","0.117857"
"2142908528","1546365363","0.117857"
"1546365363","2143959471","0.0178571"
"2143959471","1546365363","0.0178571"
"1546365363","2146485383","0.0178571"
"2146485383","1546365363","0.0178571"
"1546365363","2146831356","0.0178571"
"2146831356","1546365363","0.0178571"
"1546365363","2150246229","2.11786"
"2150246229","1546365363","2.11786"
"1546365363","2151700547","0.0178571"
"2151700547","1546365363","0.0178571"
"1546365363","2153307033","0.0178571"
"2153307033","1546365363","0.0178571"
"1546365363","2155502235","0.0178571"
"2155502235","1546365363","0.0178571"
"1546365363","2166996142","0.117857"
"2166996142","1546365363","0.117857"
"1546365363","2169336598","1.11786"
"2169336598","1546365363","1.11786"
"1546365363","2428543019","0.0178571"
"2428543019","1546365363","0.0178571"
"1546365363","2613529642","0.0178571"
"2613529642","1546365363","0.0178571"
"1546365363","2791101462","0.0178571"
"2791101462","1546365363","0.0178571"
"1553193704","1608524621","0.0178571"
"1608524621","1553193704","0.0178571"
"1553193704","18554628","0.0178571"
"18554628","1553193704","0.0178571"
"1553193704","1965952235","0.0178571"
"1965952235","1553193704","0.0178571"
"1553193704","1971640526","0.0178571"
"1971640526","1553193704","0.0178571"
"1553193704","1976722103","0.156746"
"1976722103","1553193704","0.156746"
"1553193704","1982768666","0.0178571"
"1982768666","1553193704","0.0178571"
"1553193704","2001845525","0.0178571"
"2001845525","1553193704","0.0178571"
"1553193704","2012204843","1.15675"
"2012204843","1553193704","1.15675"
"1553193704","2013946540","0.117857"
"2013946540","1553193704","0.117857"
"1553193704","2018700273","0.0178571"
"2018700273","1553193704","0.0178571"
"1553193704","2042502381","0.0178571"
"2042502381","1553193704","0.0178571"
"1553193704","2045106615","0.0178571"
"2045106615","1553193704","0.0178571"
"1553193704","2045622468","0.0178571"
"2045622468","1553193704","0.0178571"
"1553193704","2059645646","0.367857"
"2059645646","1553193704","0.367857"
"1553193704","2096547754","0.0178571"
"2096547754","1553193704","0.0178571"
"1553193704","2103895255","0.0178571"
"2103895255","1553193704","0.0178571"
"1553193704","2107427524","0.0178571"
"2107427524","1553193704","0.0178571"
"1553193704","2108009586","0.0734127"
"2108009586","1553193704","0.0734127"
"1553193704","2109821166","0.0178571"
"2109821166","1553193704","0.0178571"
"1553193704","2110529497","0.0178571"
"2110529497","1553193704","0.0178571"
"1553193704","2112128729","0.0734127"
"2112128729","1553193704","0.0734127"
"1553193704","2123575007","0.267857"
"2123575007","1553193704","0.267857"
"1553193704","2131103246","0.0178571"
"2131103246","1553193704","0.0178571"
"1553193704","2131796944","0.0178571"
"2131796944","1553193704","0.0178571"
"1553193704","2133675752","0.934524"
"2133675752","1553193704","0.934524"
"1553193704","2134316083","0.156746"
"2134316083","1553193704","0.156746"
"1553193704","2136046112","0.0178571"
"2136046112","1553193704","0.0178571"
