"1482163180","2015921206","4.16349"
"2015921206","1482163180","4.16349"
"1482163180","2146117179","4.33016"
"2146117179","1482163180","4.33016"
"1482163180","2154847327","7.72063"
"2154847327","1482163180","7.72063"
"2015921206","2146117179","9.91349"
"2146117179","2015921206","9.91349"
"2015921206","2154847327","2.4873"
"2154847327","2015921206","2.4873"
"2146117179","2154847327","2.65397"
"2154847327","2146117179","2.65397"
"1482163180","1965427702","0.852381"
"1965427702","1482163180","0.852381"
"1482163180","1975068437","1.15952"
"1975068437","1482163180","1.15952"
"1482163180","2079668713","1.71905"
"2079668713","1482163180","1.71905"
"1482163180","2135611582","1.35238"
"2135611582","1482163180","1.35238"
"1965427702","1975068437","1.54286"
"1975068437","1965427702","1.54286"
"1965427702","2015921206","0.869048"
"2015921206","1965427702","0.869048"
"1965427702","2079668713","5.26905"
"2079668713","1965427702","5.26905"
"1965427702","2135611582","1.68571"
"2135611582","1965427702","1.68571"
"1965427702","2146117179","1.20238"
"2146117179","1965427702","1.20238"
"1965427702","2154847327","0.709524"
"2154847327","1965427702","0.709524"
"1975068437","2015921206","1.17619"
"2015921206","1975068437","1.17619"
"1975068437","2079668713","7.99286"
"2079668713","1975068437","7.99286"
"1975068437","2135611582","0.709524"
"2135611582","1975068437","0.709524"
"1975068437","2146117179","1.17619"
"2146117179","1975068437","1.17619"
"1975068437","2154847327","1.15952"
"2154847327","1975068437","1.15952"
"2015921206","2079668713","1.31905"
"2079668713","2015921206","1.31905"
"2015921206","2135611582","0.452381"
"2135611582","2015921206","0.452381"
"2079668713","2135611582","2.60238"
"2135611582","2079668713","2.60238"
"2079668713","2146117179","1.81905"
"2146117179","2079668713","1.81905"
"2079668713","2154847327","1.07619"
"2154847327","2079668713","1.07619"
"2135611582","2146117179","0.619048"
"2146117179","2135611582","0.619048"
"2135611582","2154847327","0.709524"
"2154847327","2135611582","0.709524"
"1482163180","1602861678","0.309524"
"1602861678","1482163180","0.309524"
"1482163180","2093753791","0.142857"
"2093753791","1482163180","0.142857"
"1602861678","1965427702","7.05952"
"1965427702","1602861678","7.05952"
"1602861678","2015921206","1.05952"
"2015921206","1602861678","1.05952"
"1602861678","2079668713","5.72619"
"2079668713","1602861678","5.72619"
"1602861678","2093753791","0.142857"
"2093753791","1602861678","0.142857"
"1602861678","2135611582","1.55952"
"2135611582","1602861678","1.55952"
"1602861678","2146117179","1.55952"
"2146117179","1602861678","1.55952"
"1965427702","2093753791","0.142857"
"2093753791","1965427702","0.142857"
"2015921206","2093753791","0.142857"
"2093753791","2015921206","0.142857"
"2079668713","2093753791","1.47619"
"2093753791","2079668713","1.47619"
"2093753791","2135611582","0.142857"
"2135611582","2093753791","0.142857"
"2093753791","2146117179","0.142857"
"2146117179","2093753791","0.142857"
"1482163180","2160360175","1.51111"
"2160360175","1482163180","1.51111"
"1602861678","2154847327","1.16667"
"2154847327","1602861678","1.16667"
"1602861678","2160360175","0.166667"
"2160360175","1602861678","0.166667"
"2079668713","2160360175","0.166667"
"2160360175","2079668713","0.166667"
"2135611582","2160360175","0.166667"
"2160360175","2135611582","0.166667"
"2146117179","2160360175","2.67778"
"2160360175","2146117179","2.67778"
"2154847327","2160360175","0.977778"
"2160360175","2154847327","0.977778"
"1482163180","1593010265","0.666667"
"1593010265","1482163180","0.666667"
"1482163180","2117894485","0.666667"
"2117894485","1482163180","0.666667"
"1593010265","2117894485","18"
"2117894485","1593010265","18"
"1593010265","2154847327","0.666667"
"2154847327","1593010265","0.666667"
"2117894485","2154847327","0.666667"
"2154847327","2117894485","0.666667"
"1482163180","2127765405","0.25"
"2127765405","1482163180","0.25"
"2015921206","2127765405","0.25"
"2127765405","2015921206","0.25"
"2127765405","2146117179","0.25"
"2146117179","2127765405","0.25"
"2127765405","2154847327","0.25"
"2154847327","2127765405","0.25"
"2015921206","2160360175","2.17778"
"2160360175","2015921206","2.17778"
"1482163180","1994190629","0.511111"
"1994190629","1482163180","0.511111"
"1482163180","2069721263","0.311111"
"2069721263","1482163180","0.311111"
"1994190629","2015921206","0.511111"
"2015921206","1994190629","0.511111"
"1994190629","2069721263","0.422222"
"2069721263","1994190629","0.422222"
"1994190629","2146117179","0.844444"
"2146117179","1994190629","0.844444"
"1994190629","2160360175","9.15556"
"2160360175","1994190629","9.15556"
"2015921206","2069721263","0.311111"
"2069721263","2015921206","0.311111"
"2069721263","2146117179","0.311111"
"2146117179","2069721263","0.311111"
"2069721263","2160360175","0.922222"
"2160360175","2069721263","0.922222"
"1994190629","2154847327","0.311111"
"2154847327","1994190629","0.311111"
"1482163180","2025482926","0.111111"
"2025482926","1482163180","0.111111"
"1482163180","2031828384","0.111111"
"2031828384","1482163180","0.111111"
"1482163180","2153228780","0.111111"
"2153228780","1482163180","0.111111"
"1994190629","2025482926","5.25556"
"2025482926","1994190629","5.25556"
"1994190629","2031828384","0.222222"
"2031828384","1994190629","0.222222"
"1994190629","2153228780","1.92222"
"2153228780","1994190629","1.92222"
"2015921206","2025482926","0.444444"
"2025482926","2015921206","0.444444"
"2015921206","2031828384","0.111111"
"2031828384","2015921206","0.111111"
"2015921206","2153228780","0.111111"
"2153228780","2015921206","0.111111"
"2025482926","2031828384","0.222222"
"2031828384","2025482926","0.222222"
"2025482926","2069721263","0.555556"
"2069721263","2025482926","0.555556"
"2025482926","2146117179","0.777778"
"2146117179","2025482926","0.777778"
"2025482926","2153228780","2.25556"
"2153228780","2025482926","2.25556"
"2025482926","2154847327","0.111111"
"2154847327","2025482926","0.111111"
"2025482926","2160360175","14.0889"
"2160360175","2025482926","14.0889"
"2031828384","2069721263","6.13889"
"2069721263","2031828384","6.13889"
"2031828384","2146117179","0.111111"
"2146117179","2031828384","0.111111"
"2031828384","2153228780","0.222222"
"2153228780","2031828384","0.222222"
"2031828384","2154847327","0.111111"
"2154847327","2031828384","0.111111"
"2031828384","2160360175","0.222222"
"2160360175","2031828384","0.222222"
"2069721263","2153228780","0.555556"
"2153228780","2069721263","0.555556"
"2069721263","2154847327","0.111111"
"2154847327","2069721263","0.111111"
"2146117179","2153228780","0.111111"
"2153228780","2146117179","0.111111"
"2153228780","2154847327","0.111111"
"2154847327","2153228780","0.111111"
"2153228780","2160360175","1.42222"
"2160360175","2153228780","1.42222"
"1486954879","1574672125","0.333333"
"1574672125","1486954879","0.333333"
"1486954879","2031828384","0.833333"
"2031828384","1486954879","0.833333"
"1486954879","2069721263","0.833333"
"2069721263","1486954879","0.833333"
"1574672125","2031828384","0.694444"
"2031828384","1574672125","0.694444"
"1574672125","2069721263","9.86111"
"2069721263","1574672125","9.86111"
"1574672125","1996222188","4.52778"
"1996222188","1574672125","4.52778"
"1996222188","2069721263","9.86111"
"2069721263","1996222188","9.86111"
"1574672125","2079668713","0.666667"
"2079668713","1574672125","0.666667"
"1996222188","2079668713","0.666667"
"2079668713","1996222188","0.666667"
"2069721263","2079668713","1.5"
"2079668713","2069721263","1.5"
"1574672125","2093753791","0.361111"
"2093753791","1574672125","0.361111"
"1996222188","2031828384","0.861111"
"2031828384","1996222188","0.861111"
"1996222188","2093753791","0.361111"
"2093753791","1996222188","0.361111"
"2031828384","2093753791","2.36111"
"2093753791","2031828384","2.36111"
"2069721263","2093753791","1.69444"
"2093753791","2069721263","1.69444"
"1574672125","1599633455","0.111111"
"1599633455","1574672125","0.111111"
"1574672125","1994190629","0.111111"
"1994190629","1574672125","0.111111"
"1574672125","2025482926","0.111111"
"2025482926","1574672125","0.111111"
"1574672125","2153228780","0.111111"
"2153228780","1574672125","0.111111"
"1574672125","2160360175","0.111111"
"2160360175","1574672125","0.111111"
"1599633455","1994190629","0.111111"
"1994190629","1599633455","0.111111"
"1599633455","1996222188","0.111111"
"1996222188","1599633455","0.111111"
"1599633455","2025482926","0.111111"
"2025482926","1599633455","0.111111"
"1599633455","2031828384","0.111111"
"2031828384","1599633455","0.111111"
"1599633455","2069721263","0.111111"
"2069721263","1599633455","0.111111"
"1599633455","2093753791","0.111111"
"2093753791","1599633455","0.111111"
"1599633455","2153228780","0.111111"
"2153228780","1599633455","0.111111"
"1599633455","2160360175","0.111111"
"2160360175","1599633455","0.111111"
"1994190629","1996222188","0.111111"
"1996222188","1994190629","0.111111"
"1994190629","2093753791","0.111111"
"2093753791","1994190629","0.111111"
"1996222188","2025482926","0.444444"
"2025482926","1996222188","0.444444"
"1996222188","2153228780","0.444444"
"2153228780","1996222188","0.444444"
"1996222188","2160360175","0.611111"
"2160360175","1996222188","0.611111"
"2025482926","2093753791","0.111111"
"2093753791","2025482926","0.111111"
"2093753791","2153228780","0.111111"
"2153228780","2093753791","0.111111"
"2093753791","2160360175","2.11111"
"2160360175","2093753791","2.11111"
"1593010265","1924303288","0.333333"
"1924303288","1593010265","0.333333"
"1593010265","2099897653","1.33333"
"2099897653","1593010265","1.33333"
"1924303288","2099897653","3.33333"
"2099897653","1924303288","3.33333"
"1924303288","2117894485","1.33333"
"2117894485","1924303288","1.33333"
"2099897653","2117894485","2.33333"
"2117894485","2099897653","2.33333"
"1602861678","2075227495","1.75"
"2075227495","1602861678","1.75"
"1965427702","2075227495","0.5"
"2075227495","1965427702","0.5"
"2075227495","2079668713","0.75"
"2079668713","2075227495","0.75"
"2075227495","2135611582","1.08333"
"2135611582","2075227495","1.08333"
"1602861678","2127765405","0.25"
"2127765405","1602861678","0.25"
"2075227495","2127765405","0.25"
"2127765405","2075227495","0.25"
"2079668713","2127765405","0.25"
"2127765405","2079668713","0.25"
"2127765405","2135611582","0.25"
"2135611582","2127765405","0.25"
"1602861678","1975068437","0.75"
"1975068437","1602861678","0.75"
"1602861678","1977149746","0.25"
"1977149746","1602861678","0.25"
"1602861678","2137786357","0.25"
"2137786357","1602861678","0.25"
"1977149746","2015921206","0.25"
"2015921206","1977149746","0.25"
"1977149746","2137786357","34.5833"
"2137786357","1977149746","34.5833"
"1977149746","2146117179","0.25"
"2146117179","1977149746","0.25"
"2015921206","2137786357","0.25"
"2137786357","2015921206","0.25"
"2137786357","2146117179","0.25"
"2146117179","2137786357","0.25"
"1965427702","2069721263","1.83333"
"2069721263","1965427702","1.83333"
"1965427702","2031828384","0.333333"
"2031828384","1965427702","0.333333"
"1975068437","2031828384","0.333333"
"2031828384","1975068437","0.333333"
"1975068437","2069721263","0.666667"
"2069721263","1975068437","0.666667"
"1975068437","2093753791","0.333333"
"2093753791","1975068437","0.333333"
"1975068437","1977149746","0.5"
"1977149746","1975068437","0.5"
"1975068437","2137786357","0.5"
"2137786357","1975068437","0.5"
"1977149746","1998341696","0.333333"
"1998341696","1977149746","0.333333"
"1977149746","2070593017","0.333333"
"2070593017","1977149746","0.333333"
"1998341696","2070593017","22.3333"
"2070593017","1998341696","22.3333"
"1998341696","2137786357","0.333333"
"2137786357","1998341696","0.333333"
"2070593017","2137786357","0.333333"
"2137786357","2070593017","0.333333"
"1977149746","2099897653","0.5"
"2099897653","1977149746","0.5"
"2099897653","2137786357","0.5"
"2137786357","2099897653","0.5"
"1994190629","2044400205","0.2"
"2044400205","1994190629","0.2"
"1994190629","2111315907","0.2"
"2111315907","1994190629","0.2"
"2025482926","2044400205","0.2"
"2044400205","2025482926","0.2"
"2025482926","2111315907","0.2"
"2111315907","2025482926","0.2"
"2044400205","2111315907","10.5333"
"2111315907","2044400205","10.5333"
"2044400205","2153228780","0.2"
"2153228780","2044400205","0.2"
"2044400205","2160360175","0.2"
"2160360175","2044400205","0.2"
"2111315907","2153228780","0.2"
"2153228780","2111315907","0.2"
"2111315907","2160360175","0.2"
"2160360175","2111315907","0.2"
"1998341696","2142599626","3"
"2142599626","1998341696","3"
"2070593017","2142599626","3"
"2142599626","2070593017","3"
"1998341696","2069721263","1"
"2069721263","1998341696","1"
"2044400205","2075227495","0.833333"
"2075227495","2044400205","0.833333"
"2044400205","2135611582","0.833333"
"2135611582","2044400205","0.833333"
"2075227495","2111315907","0.833333"
"2111315907","2075227495","0.833333"
"2111315907","2135611582","0.833333"
"2135611582","2111315907","0.833333"
