"1777285354","2034993557","2.04936"
"2034993557","1777285354","2.04936"
"1777285354","2082208763","0.929649"
"2082208763","1777285354","0.929649"
"2034993557","2082208763","2.7521"
"2082208763","2034993557","2.7521"
"1777285354","1930403392","0.0730397"
"1930403392","1777285354","0.0730397"
"1777285354","1966744811","0.163949"
"1966744811","1777285354","0.163949"
"1777285354","1966992217","0.552632"
"1966992217","1777285354","0.552632"
"1777285354","1978273326","0.0526316"
"1978273326","1777285354","0.0526316"
"1777285354","2019798803","0.773911"
"2019798803","1777285354","0.773911"
"1777285354","2035125304","0.0526316"
"2035125304","1777285354","0.0526316"
"1777285354","2037435746","0.144468"
"2037435746","1777285354","0.144468"
"1777285354","2049146676","0.406373"
"2049146676","1777285354","0.406373"
"1777285354","2075991632","0.0730397"
"2075991632","1777285354","0.0730397"
"1777285354","2091001169","0.0730397"
"2091001169","1777285354","0.0730397"
"1777285354","2093491347","0.27506"
"2093491347","1777285354","0.27506"
"1777285354","2094649542","0.0526316"
"2094649542","1777285354","0.0526316"
"1777285354","2136864958","0.0730397"
"2136864958","1777285354","0.0730397"
"1777285354","2484990195","0.932453"
"2484990195","1777285354","0.932453"
"1777285354","2806133181","0.605263"
"2806133181","1777285354","0.605263"
"1777285354","3008212433","0.239651"
"3008212433","1777285354","0.239651"
"1777285354","564058385","0.4628"
"564058385","1777285354","0.4628"
"1930403392","1966744811","0.215897"
"1966744811","1930403392","0.215897"
"1930403392","1966992217","0.262155"
"1966992217","1930403392","0.262155"
"1930403392","1978273326","0.595561"
"1978273326","1930403392","0.595561"
"1930403392","2019798803","0.281373"
"2019798803","1930403392","0.281373"
"1930403392","2034993557","0.195489"
"2034993557","1930403392","0.195489"
"1930403392","2035125304","0.466135"
"2035125304","1930403392","0.466135"
"1930403392","2037435746","0.215897"
"2037435746","1930403392","0.215897"
"1930403392","2049146676","0.139706"
"2049146676","1930403392","0.139706"
"1930403392","2075991632","0.0730397"
"2075991632","1930403392","0.0730397"
"1930403392","2082208763","0.376153"
"2082208763","1930403392","0.376153"
"1930403392","2091001169","0.0730397"
"2091001169","1930403392","0.0730397"
"1930403392","2093491347","0.139706"
"2093491347","1930403392","0.139706"
"1930403392","2094649542","0.272412"
"2094649542","1930403392","0.272412"
"1930403392","2136864958","1.51637"
"2136864958","1930403392","1.51637"
"1930403392","2484990195","0.0730397"
"2484990195","1930403392","0.0730397"
"1930403392","2806133181","0.490763"
"2806133181","1930403392","0.490763"
"1930403392","3008212433","0.0526316"
"3008212433","1930403392","0.0526316"
"1930403392","564058385","0.156373"
"564058385","1930403392","0.156373"
"1966744811","1966992217","0.195489"
"1966992217","1966744811","0.195489"
"1966744811","1978273326","0.0526316"
"1978273326","1966744811","0.0526316"
"1966744811","2019798803","0.0730397"
"2019798803","1966744811","0.0730397"
"1966744811","2034993557","0.286398"
"2034993557","1966744811","0.286398"
"1966744811","2035125304","0.302632"
"2035125304","1966744811","0.302632"
"1966744811","2037435746","0.465897"
"2037435746","1966744811","0.465897"
"1966744811","2049146676","0.156373"
"2049146676","1966744811","0.156373"
"1966744811","2075991632","5.08693"
"2075991632","1966744811","5.08693"
"1966744811","2082208763","0.306806"
"2082208763","1966744811","0.306806"
"1966744811","2091001169","3.25915"
"2091001169","1966744811","3.25915"
"1966744811","2093491347","0.163949"
"2093491347","1966744811","0.163949"
"1966744811","2094649542","0.195489"
"2094649542","1966744811","0.195489"
"1966744811","2136864958","0.215897"
"2136864958","1966744811","0.215897"
"1966744811","2484990195","0.156373"
"2484990195","1966744811","0.156373"
"1966744811","2806133181","0.135965"
"2806133181","1966744811","0.135965"
"1966744811","3008212433","0.310207"
"3008212433","1966744811","0.310207"
"1966744811","564058385","0.239706"
"564058385","1966744811","0.239706"
"1966992217","1978273326","0.0526316"
"1978273326","1966992217","0.0526316"
"1966992217","2019798803","0.232526"
"2019798803","1966992217","0.232526"
"1966992217","2034993557","0.637288"
"2034993557","1966992217","0.637288"
"1966992217","2035125304","0.339669"
"2035125304","1966992217","0.339669"
"1966992217","2037435746","0.195489"
"2037435746","1966992217","0.195489"
"1966992217","2049146676","0.190727"
"2049146676","1966992217","0.190727"
"1966992217","2075991632","0.0526316"
"2075991632","1966992217","0.0526316"
"1966992217","2082208763","0.195489"
"2082208763","1966992217","0.195489"
"1966992217","2091001169","0.0526316"
"2091001169","1966992217","0.0526316"
"1966992217","2093491347","0.156335"
"2093491347","1966992217","0.156335"
"1966992217","2094649542","0.232526"
"2094649542","1966992217","0.232526"
"1966992217","2136864958","0.232526"
"2136864958","1966992217","0.232526"
"1966992217","2484990195","0.0526316"
"2484990195","1966992217","0.0526316"
"1966992217","2806133181","0.0526316"
"2806133181","1966992217","0.0526316"
"1966992217","3008212433","0.0526316"
"3008212433","1966992217","0.0526316"
"1966992217","564058385","0.0896686"
"564058385","1966992217","0.0896686"
"1978273326","2019798803","0.177632"
"2019798803","1978273326","0.177632"
"1978273326","2034993557","0.0526316"
"2034993557","1978273326","0.0526316"
"1978273326","2035125304","0.23445"
"2035125304","1978273326","0.23445"
"1978273326","2037435746","0.0526316"
"2037435746","1978273326","0.0526316"
"1978273326","2049146676","0.119298"
"2049146676","1978273326","0.119298"
"1978273326","2075991632","0.0526316"
"2075991632","1978273326","0.0526316"
"1978273326","2082208763","0.0526316"
"2082208763","1978273326","0.0526316"
"1978273326","2091001169","0.0526316"
"2091001169","1978273326","0.0526316"
"1978273326","2093491347","0.119298"
"2093491347","1978273326","0.119298"
"1978273326","2094649542","0.552632"
"2094649542","1978273326","0.552632"
"1978273326","2136864958","0.815005"
"2136864958","1978273326","0.815005"
"1978273326","2484990195","0.0526316"
"2484990195","1978273326","0.0526316"
"1978273326","2806133181","4.04632"
"2806133181","1978273326","4.04632"
"1978273326","3008212433","0.0526316"
"3008212433","1978273326","0.0526316"
"1978273326","564058385","0.0526316"
"564058385","1978273326","0.0526316"
"2019798803","2034993557","4.23791"
"2034993557","2019798803","4.23791"
"2019798803","2035125304","0.173002"
"2035125304","2019798803","0.173002"
"2019798803","2037435746","0.144468"
"2037435746","2019798803","0.144468"
"2019798803","2049146676","3.07304"
"2049146676","2019798803","3.07304"
"2019798803","2075991632","0.0730397"
"2075991632","2019798803","0.0730397"
"2019798803","2082208763","0.922074"
"2082208763","2019798803","0.922074"
"2019798803","2091001169","0.0730397"
"2091001169","2019798803","0.0730397"
"2019798803","2093491347","0.221188"
"2093491347","2019798803","0.221188"
"2019798803","2094649542","0.0896686"
"2094649542","2019798803","0.0896686"
"2019798803","2136864958","0.19341"
"2136864958","2019798803","0.19341"
"2019798803","2484990195","0.508211"
"2484990195","2019798803","0.508211"
"2019798803","2806133181","0.105263"
"2806133181","2019798803","0.105263"
"2019798803","3008212433","0.148741"
"3008212433","2019798803","0.148741"
"2019798803","564058385","1.58317"
"564058385","2019798803","1.58317"
"2034993557","2035125304","0.0896686"
"2035125304","2034993557","0.0896686"
"2034993557","2037435746","0.600251"
"2037435746","2034993557","0.600251"
"2034993557","2049146676","0.457393"
"2049146676","2034993557","0.457393"
"2034993557","2075991632","0.0526316"
"2075991632","2034993557","0.0526316"
"2034993557","2091001169","0.0526316"
"2091001169","2034993557","0.0526316"
"2034993557","2093491347","0.618612"
"2093491347","2034993557","0.618612"
"2034993557","2094649542","0.232526"
"2094649542","2034993557","0.232526"
"2034993557","2136864958","0.232526"
"2136864958","2034993557","0.232526"
"2034993557","2484990195","1.44275"
"2484990195","2034993557","1.44275"
"2034993557","2806133181","0.0526316"
"2806133181","2034993557","0.0526316"
"2034993557","3008212433","0.187019"
"3008212433","2034993557","0.187019"
"2034993557","564058385","1.8768"
"564058385","2034993557","1.8768"
"2035125304","2037435746","0.0526316"
"2037435746","2035125304","0.0526316"
"2035125304","2049146676","0.152632"
"2049146676","2035125304","0.152632"
"2035125304","2075991632","0.219298"
"2075991632","2035125304","0.219298"
"2035125304","2082208763","0.212888"
"2082208763","2035125304","0.212888"
"2035125304","2091001169","0.302632"
"2091001169","2035125304","0.302632"
"2035125304","2093491347","0.0896686"
"2093491347","2035125304","0.0896686"
"2035125304","2094649542","1.16659"
"2094649542","2035125304","1.16659"
"2035125304","2136864958","0.426249"
"2136864958","2035125304","0.426249"
"2035125304","2484990195","0.0526316"
"2484990195","2035125304","0.0526316"
"2035125304","2806133181","0.143541"
"2806133181","2035125304","0.143541"
"2035125304","3008212433","0.0526316"
"3008212433","2035125304","0.0526316"
"2035125304","564058385","0.506335"
"564058385","2035125304","0.506335"
"2037435746","2049146676","0.156373"
"2049146676","2037435746","0.156373"
"2037435746","2075991632","0.239706"
"2075991632","2037435746","0.239706"
"2037435746","2082208763","1.97347"
"2082208763","2037435746","1.97347"
"2037435746","2091001169","0.0730397"
"2091001169","2037435746","0.0730397"
"2037435746","2093491347","0.163949"
"2093491347","2037435746","0.163949"
"2037435746","2094649542","0.195489"
"2094649542","2037435746","0.195489"
"2037435746","2136864958","0.215897"
"2136864958","2037435746","0.215897"
"2037435746","2484990195","0.485377"
"2484990195","2037435746","0.485377"
"2037435746","2806133181","0.302632"
"2806133181","2037435746","0.302632"
"2037435746","3008212433","0.219298"
"3008212433","2037435746","0.219298"
"2037435746","564058385","0.735377"
"564058385","2037435746","0.735377"
"2049146676","2075991632","0.0730397"
"2075991632","2049146676","0.0730397"
"2049146676","2082208763","0.0730397"
"2082208763","2049146676","0.0730397"
"2049146676","2091001169","0.0730397"
"2091001169","2049146676","0.0730397"
"2049146676","2093491347","0.206373"
"2093491347","2049146676","0.206373"
"2049146676","2094649542","0.0526316"
"2094649542","2049146676","0.0526316"
"2049146676","2136864958","0.139706"
"2136864958","2049146676","0.139706"
"2049146676","2484990195","0.156373"
"2484990195","2049146676","0.156373"
"2049146676","2806133181","0.135965"
"2806133181","2049146676","0.135965"
"2049146676","3008212433","0.0526316"
"3008212433","2049146676","0.0526316"
"2049146676","564058385","0.0730397"
"564058385","2049146676","0.0730397"
"2075991632","2082208763","0.0730397"
"2082208763","2075991632","0.0730397"
"2075991632","2091001169","2.14248"
"2091001169","2075991632","2.14248"
"2075991632","2093491347","0.0730397"
"2093491347","2075991632","0.0730397"
"2075991632","2094649542","0.0526316"
"2094649542","2075991632","0.0526316"
"2075991632","2136864958","0.0730397"
"2136864958","2075991632","0.0730397"
"2075991632","2484990195","0.0730397"
"2484990195","2075991632","0.0730397"
"2075991632","2806133181","0.0526316"
"2806133181","2075991632","0.0526316"
"2075991632","3008212433","0.219298"
"3008212433","2075991632","0.219298"
"2075991632","564058385","0.239706"
"564058385","2075991632","0.239706"
"2082208763","2091001169","0.27304"
"2091001169","2082208763","0.27304"
"2082208763","2093491347","0.454858"
"2093491347","2082208763","0.454858"
"2082208763","2094649542","0.272412"
"2094649542","2082208763","0.272412"
"2082208763","2136864958","0.29923"
"2136864958","2082208763","0.29923"
"2082208763","2484990195","0.163949"
"2484990195","2082208763","0.163949"
"2082208763","2806133181","0.0526316"
"2806133181","2082208763","0.0526316"
"2082208763","3008212433","0.187019"
"3008212433","2082208763","0.187019"
"2082208763","564058385","1.07965"
"564058385","2082208763","1.07965"
"2091001169","2093491347","0.27304"
"2093491347","2091001169","0.27304"
"2091001169","2094649542","0.0526316"
"2094649542","2091001169","0.0526316"
"2091001169","2136864958","0.0730397"
"2136864958","2091001169","0.0730397"
"2091001169","2484990195","0.0730397"
"2484990195","2091001169","0.0730397"
"2091001169","2806133181","0.0526316"
"2806133181","2091001169","0.0526316"
"2091001169","3008212433","0.0526316"
"3008212433","2091001169","0.0526316"
"2091001169","564058385","0.27304"
"564058385","2091001169","0.27304"
"2093491347","2094649542","0.0896686"
"2094649542","2093491347","0.0896686"
"2093491347","2136864958","0.176743"
"2136864958","2093491347","0.176743"
"2093491347","2484990195","0.667917"
"2484990195","2093491347","0.667917"
"2093491347","2806133181","0.0526316"
"2806133181","2093491347","0.0526316"
"2093491347","3008212433","0.143541"
"3008212433","2093491347","0.143541"
"2093491347","564058385","0.793843"
"564058385","2093491347","0.793843"
"2094649542","2136864958","0.232526"
"2136864958","2094649542","0.232526"
"2094649542","2484990195","0.0526316"
"2484990195","2094649542","0.0526316"
"2094649542","2806133181","0.0526316"
"2806133181","2094649542","0.0526316"
"2094649542","3008212433","0.0526316"
"3008212433","2094649542","0.0526316"
"2094649542","564058385","0.0896686"
"564058385","2094649542","0.0896686"
"2136864958","2484990195","0.0730397"
"2484990195","2136864958","0.0730397"
"2136864958","2806133181","0.85743"
"2806133181","2136864958","0.85743"
"2136864958","3008212433","0.0526316"
"3008212433","2136864958","0.0526316"
"2136864958","564058385","0.19341"
"564058385","2136864958","0.19341"
"2484990195","2806133181","0.49812"
"2806133181","2484990195","0.49812"
"2484990195","3008212433","0.414787"
"3008212433","2484990195","0.414787"
"2484990195","564058385","1.0142"
"564058385","2484990195","1.0142"
"2806133181","3008212433","2.24812"
"3008212433","2806133181","2.24812"
"2806133181","564058385","0.105263"
"564058385","2806133181","0.105263"
"3008212433","564058385","0.315408"
"564058385","3008212433","0.315408"
"1777285354","2520172304","3.04076"
"2520172304","1777285354","3.04076"
"1777285354","1992834492","5.7242"
"1992834492","1777285354","5.7242"
"1777285354","1802848073","1.34985"
"1802848073","1777285354","1.34985"
"1777285354","1963613126","0.0204082"
"1963613126","1777285354","0.0204082"
"1777285354","1966795941","0.0918367"
"1966795941","1777285354","0.0918367"
"1777285354","1987352748","0.0204082"
"1987352748","1777285354","0.0204082"
"1777285354","1987608644","0.0204082"
"1987608644","1777285354","0.0204082"
"1777285354","1997449688","0.0204082"
"1997449688","1777285354","0.0204082"
"1777285354","1999876112","0.0204082"
"1999876112","1777285354","0.0204082"
"1777285354","2006605121","0.611317"
"2006605121","1777285354","0.611317"
"1777285354","2012636016","0.154796"
"2012636016","1777285354","0.154796"
"1777285354","2020528597","0.644651"
"2020528597","1777285354","0.644651"
"1777285354","2030756174","0.0204082"
"2030756174","1777285354","0.0204082"
"1777285354","2043913671","0.0204082"
"2043913671","1777285354","0.0204082"
"1777285354","2057845655","0.520408"
"2057845655","1777285354","0.520408"
"1777285354","2068169498","0.89722"
"2068169498","1777285354","0.89722"
"1777285354","2069342081","0.437947"
"2069342081","1777285354","0.437947"
"1777285354","2075293457","0.0204082"
"2075293457","1777285354","0.0204082"
"1777285354","2080160261","0.0204082"
"2080160261","1777285354","0.0204082"
"1777285354","2083227288","0.0204082"
"2083227288","1777285354","0.0204082"
"1777285354","2094257914","0.850466"
"2094257914","1777285354","0.850466"
"1777285354","2166250715","0.263886"
"2166250715","1777285354","0.263886"
"1777285354","2201918520","0.369765"
"2201918520","1777285354","0.369765"
"1777285354","2221035281","1.2233"
"2221035281","1777285354","1.2233"
"1777285354","2346641054","0.52128"
"2346641054","1777285354","0.52128"
"1777285354","2464953958","0.353741"
"2464953958","1777285354","0.353741"
"1777285354","2523902263","0.0638864"
"2523902263","1777285354","0.0638864"
"1777285354","2567443255","0.0638864"
"2567443255","1777285354","0.0638864"
"1777285354","2580254850","0.0638864"
"2580254850","1777285354","0.0638864"
"1777285354","2590079785","0.187947"
"2590079785","1777285354","0.187947"
"1777285354","2624722713","0.0204082"
"2624722713","1777285354","0.0204082"
"1777285354","2799753020","0.163949"
"2799753020","1777285354","0.163949"
"1777285354","2897798779","0.0204082"
"2897798779","1777285354","0.0204082"
"1777285354","2926244049","0.163949"
"2926244049","1777285354","0.163949"
"1777285354","2947219669","0.0730397"
"2947219669","1777285354","0.0730397"
"1777285354","2969083877","0.270408"
"2969083877","1777285354","0.270408"
"1777285354","2996571224","0.697282"
"2996571224","1777285354","0.697282"
"1802848073","1930403392","0.0204082"
"1930403392","1802848073","0.0204082"
"1802848073","1963613126","0.0918367"
"1963613126","1802848073","0.0918367"
"1802848073","1966744811","0.103741"
"1966744811","1802848073","0.103741"
"1802848073","1966795941","0.0204082"
"1966795941","1802848073","0.0204082"
"1802848073","1987352748","0.353741"
"1987352748","1802848073","0.353741"
"1802848073","1987608644","0.0204082"
"1987608644","1802848073","0.0204082"
"1802848073","1992834492","1.2242"
"1992834492","1802848073","1.2242"
"1802848073","1997449688","0.0204082"
"1997449688","1802848073","0.0204082"
"1802848073","1999876112","0.0204082"
"1999876112","1802848073","0.0204082"
"1802848073","2006605121","0.0204082"
"2006605121","1802848073","0.0204082"
"1802848073","2012636016","0.135315"
"2012636016","1802848073","0.135315"
"1802848073","2019798803","0.649851"
"2019798803","1802848073","0.649851"
"1802848073","2020528597","1.29184"
"2020528597","1802848073","1.29184"
"1802848073","2030756174","0.0204082"
"2030756174","1802848073","0.0204082"
"1802848073","2037435746","0.270408"
"2037435746","1802848073","0.270408"
"1802848073","2043913671","0.0204082"
"2043913671","1802848073","0.0204082"
"1802848073","2049146676","0.17517"
"2049146676","1802848073","0.17517"
"1802848073","2057845655","0.103741"
"2057845655","1802848073","0.103741"
"1802848073","2068169498","0.135315"
"2068169498","1802848073","0.135315"
"1802848073","2069342081","0.116518"
"2069342081","1802848073","0.116518"
"1802848073","2075293457","0.0204082"
"2075293457","1802848073","0.0204082"
"1802848073","2075991632","0.0204082"
"2075991632","1802848073","0.0204082"
"1802848073","2080160261","0.0204082"
"2080160261","1802848073","0.0204082"
"1802848073","2082208763","0.286109"
"2082208763","1802848073","0.286109"
"1802848073","2083227288","0.0204082"
"2083227288","1802848073","0.0204082"
"1802848073","2091001169","0.0204082"
"2091001169","1802848073","0.0204082"
"1802848073","2093491347","0.131519"
"2093491347","1802848073","0.131519"
"1802848073","2094257914","0.763886"
"2094257914","1802848073","0.763886"
"1802848073","2136864958","0.0204082"
"2136864958","1802848073","0.0204082"
"1802848073","2166250715","15.5972"
"2166250715","1802848073","15.5972"
"1802848073","2201918520","0.116518"
"2201918520","1802848073","0.116518"
"1802848073","2221035281","0.310962"
"2221035281","1802848073","0.310962"
"1802848073","2346641054","0.52128"
"2346641054","1802848073","0.52128"
"1802848073","2464953958","0.0918367"
"2464953958","1802848073","0.0918367"
"1802848073","2484990195","0.467484"
"2484990195","1802848073","0.467484"
"1802848073","2520172304","0.449851"
"2520172304","1802848073","0.449851"
"1802848073","2523902263","0.0638864"
"2523902263","1802848073","0.0638864"
"1802848073","2567443255","0.0638864"
"2567443255","1802848073","0.0638864"
"1802848073","2580254850","0.0638864"
"2580254850","1802848073","0.0638864"
"1802848073","2590079785","0.116518"
"2590079785","1802848073","0.116518"
"1802848073","2624722713","0.0204082"
"2624722713","1802848073","0.0204082"
"1802848073","2799753020","0.0730397"
"2799753020","1802848073","0.0730397"
"1802848073","2897798779","0.0204082"
"2897798779","1802848073","0.0204082"
"1802848073","2926244049","0.0730397"
"2926244049","1802848073","0.0730397"
"1802848073","2947219669","0.0730397"
"2947219669","1802848073","0.0730397"
"1802848073","2969083877","0.0204082"
"2969083877","1802848073","0.0204082"
"1802848073","2996571224","1.51113"
"2996571224","1802848073","1.51113"
"1802848073","564058385","0.33874"
"564058385","1802848073","0.33874"
"1930403392","1963613126","0.158503"
"1963613126","1930403392","0.158503"
"1930403392","1966795941","0.0204082"
"1966795941","1930403392","0.0204082"
"1930403392","1987352748","0.283503"
"1987352748","1930403392","0.283503"
"1930403392","1987608644","0.382746"
"1987608644","1930403392","0.382746"
"1930403392","1992834492","0.0204082"
"1992834492","1930403392","0.0204082"
"1930403392","1997449688","0.0204082"
"1997449688","1930403392","0.0204082"
"1930403392","1999876112","0.180665"
"1999876112","1930403392","0.180665"
"1930403392","2006605121","0.0870748"
"2006605121","1930403392","0.0870748"
"1930403392","2012636016","0.0870748"
"2012636016","1930403392","0.0870748"
"1930403392","2020528597","0.0204082"
"2020528597","1930403392","0.0204082"
"1930403392","2030756174","0.999449"
"2030756174","1930403392","0.999449"
"1930403392","2043913671","0.56876"
"2043913671","1930403392","0.56876"
"1930403392","2057845655","0.937544"
"2057845655","1930403392","0.937544"
"1930403392","2068169498","0.545408"
"2068169498","1930403392","0.545408"
"1930403392","2069342081","1.12088"
"2069342081","1930403392","1.12088"
"1930403392","2075293457","0.212075"
"2075293457","1930403392","0.212075"
"1930403392","2080160261","0.729113"
"2080160261","1930403392","0.729113"
"1930403392","2083227288","0.0204082"
"2083227288","1930403392","0.0204082"
"1930403392","2094257914","0.0204082"
"2094257914","1930403392","0.0204082"
"1930403392","2166250715","0.0204082"
"2166250715","1930403392","0.0204082"
"1930403392","2201918520","0.0204082"
"2201918520","1930403392","0.0204082"
"1930403392","2221035281","0.145408"
"2221035281","1930403392","0.145408"
"1930403392","2346641054","0.103741"
"2346641054","1930403392","0.103741"
"1930403392","2464953958","0.0870748"
"2464953958","1930403392","0.0870748"
"1930403392","2520172304","0.0973312"
"2520172304","1930403392","0.0973312"
"1930403392","2523902263","0.0870748"
"2523902263","1930403392","0.0870748"
"1930403392","2567443255","0.0204082"
"2567443255","1930403392","0.0204082"
"1930403392","2580254850","0.0204082"
"2580254850","1930403392","0.0204082"
"1930403392","2590079785","0.0204082"
"2590079785","1930403392","0.0204082"
"1930403392","2624722713","0.0204082"
"2624722713","1930403392","0.0204082"
"1930403392","2799753020","0.0204082"
"2799753020","1930403392","0.0204082"
"1930403392","2897798779","0.0204082"
"2897798779","1930403392","0.0204082"
"1930403392","2926244049","0.0204082"
"2926244049","1930403392","0.0204082"
"1930403392","2947219669","0.0204082"
"2947219669","1930403392","0.0204082"
"1930403392","2969083877","0.0204082"
"2969083877","1930403392","0.0204082"
"1930403392","2996571224","0.0204082"
"2996571224","1930403392","0.0204082"
"1963613126","1966744811","0.0204082"
"1966744811","1963613126","0.0204082"
"1963613126","1966795941","1.08066"
"1966795941","1963613126","1.08066"
"1963613126","1987352748","0.22517"
"1987352748","1963613126","0.22517"
"1963613126","1987608644","0.0918367"
"1987608644","1963613126","0.0918367"
"1963613126","1992834492","0.478284"
"1992834492","1963613126","0.478284"
"1963613126","1997449688","0.0204082"
"1997449688","1963613126","0.0204082"
"1963613126","1999876112","0.0870748"
"1999876112","1963613126","0.0870748"
"1963613126","2006605121","1.14733"
"2006605121","1963613126","1.14733"
"1963613126","2012636016","0.368027"
"2012636016","1963613126","0.368027"
"1963613126","2019798803","0.163265"
"2019798803","1963613126","0.163265"
"1963613126","2020528597","0.0918367"
"2020528597","1963613126","0.0918367"
"1963613126","2030756174","0.163265"
"2030756174","1963613126","0.163265"
"1963613126","2037435746","0.0204082"
"2037435746","1963613126","0.0204082"
"1963613126","2043913671","0.22517"
"2043913671","1963613126","0.22517"
"1963613126","2049146676","0.22517"
"2049146676","1963613126","0.22517"
"1963613126","2057845655","0.22517"
"2057845655","1963613126","0.22517"
"1963613126","2068169498","0.235426"
"2068169498","1963613126","0.235426"
"1963613126","2069342081","0.234694"
"2069342081","1963613126","0.234694"
"1963613126","2075293457","0.153741"
"2075293457","1963613126","0.153741"
"1963613126","2075991632","0.0204082"
"2075991632","1963613126","0.0204082"
"1963613126","2080160261","0.158503"
"2080160261","1963613126","0.158503"
"1963613126","2082208763","0.0204082"
"2082208763","1963613126","0.0204082"
"1963613126","2083227288","0.0204082"
"2083227288","1963613126","0.0204082"
"1963613126","2091001169","0.0204082"
"2091001169","1963613126","0.0204082"
"1963613126","2093491347","0.397331"
"2093491347","1963613126","0.397331"
"1963613126","2094257914","0.0204082"
"2094257914","1963613126","0.0204082"
"1963613126","2136864958","0.158503"
"2136864958","1963613126","0.158503"
"1963613126","2166250715","0.0204082"
"2166250715","1963613126","0.0204082"
"1963613126","2201918520","0.0204082"
"2201918520","1963613126","0.0204082"
"1963613126","2221035281","0.163265"
"2221035281","1963613126","0.163265"
"1963613126","2346641054","0.0918367"
"2346641054","1963613126","0.0918367"
"1963613126","2464953958","15.5045"
"2464953958","1963613126","15.5045"
"1963613126","2484990195","0.0204082"
"2484990195","1963613126","0.0204082"
"1963613126","2520172304","0.0973312"
"2520172304","1963613126","0.0973312"
"1963613126","2523902263","0.0870748"
"2523902263","1963613126","0.0870748"
"1963613126","2567443255","0.0204082"
"2567443255","1963613126","0.0204082"
"1963613126","2580254850","0.0204082"
"2580254850","1963613126","0.0204082"
"1963613126","2590079785","0.0204082"
"2590079785","1963613126","0.0204082"
"1963613126","2624722713","0.0204082"
"2624722713","1963613126","0.0204082"
"1963613126","2799753020","0.0204082"
"2799753020","1963613126","0.0204082"
"1963613126","2897798779","0.0204082"
"2897798779","1963613126","0.0204082"
"1963613126","2926244049","0.597331"
"2926244049","1963613126","0.597331"
"1963613126","2947219669","0.0204082"
"2947219669","1963613126","0.0204082"
"1963613126","2969083877","0.0204082"
"2969083877","1963613126","0.0204082"
"1963613126","2996571224","0.0918367"
"2996571224","1963613126","0.0918367"
"1963613126","564058385","0.0204082"
"564058385","1963613126","0.0204082"
"1966744811","1966795941","0.0204082"
"1966795941","1966744811","0.0204082"
"1966744811","1987352748","0.0204082"
"1987352748","1966744811","0.0204082"
"1966744811","1987608644","0.0204082"
"1987608644","1966744811","0.0204082"
"1966744811","1992834492","0.0204082"
"1992834492","1966744811","0.0204082"
"1966744811","1997449688","0.506519"
"1997449688","1966744811","0.506519"
"1966744811","1999876112","0.187075"
"1999876112","1966744811","0.187075"
"1966744811","2006605121","0.111317"
"2006605121","1966744811","0.111317"
"1966744811","2012636016","0.111317"
"2012636016","1966744811","0.111317"
"1966744811","2020528597","0.131519"
"2020528597","1966744811","0.131519"
"1966744811","2030756174","0.0204082"
"2030756174","1966744811","0.0204082"
"1966744811","2043913671","0.0204082"
"2043913671","1966744811","0.0204082"
"1966744811","2057845655","0.103741"
"2057845655","1966744811","0.103741"
"1966744811","2068169498","0.0204082"
"2068169498","1966744811","0.0204082"
"1966744811","2069342081","0.0204082"
"2069342081","1966744811","0.0204082"
"1966744811","2075293457","0.0204082"
"2075293457","1966744811","0.0204082"
"1966744811","2080160261","0.0204082"
"2080160261","1966744811","0.0204082"
"1966744811","2083227288","0.228741"
"2083227288","1966744811","0.228741"
"1966744811","2094257914","0.852984"
"2094257914","1966744811","0.852984"
"1966744811","2166250715","0.0204082"
"2166250715","1966744811","0.0204082"
"1966744811","2201918520","0.277984"
"2201918520","1966744811","0.277984"
"1966744811","2221035281","0.103741"
"2221035281","1966744811","0.103741"
"1966744811","2346641054","0.187075"
"2346641054","1966744811","0.187075"
"1966744811","2464953958","0.0204082"
"2464953958","1966744811","0.0204082"
"1966744811","2520172304","0.0204082"
"2520172304","1966744811","0.0204082"
"1966744811","2523902263","0.0204082"
"2523902263","1966744811","0.0204082"
"1966744811","2567443255","0.0204082"
"2567443255","1966744811","0.0204082"
"1966744811","2580254850","0.0204082"
"2580254850","1966744811","0.0204082"
"1966744811","2590079785","0.0204082"
"2590079785","1966744811","0.0204082"
"1966744811","2624722713","1.02041"
"2624722713","1966744811","1.02041"
"1966744811","2799753020","0.450964"
"2799753020","1966744811","0.450964"
"1966744811","2897798779","0.0204082"
"2897798779","1966744811","0.0204082"
"1966744811","2926244049","1.7343"
"2926244049","1966744811","1.7343"
"1966744811","2947219669","5.06763"
"2947219669","1966744811","5.06763"
"1966744811","2969083877","0.0204082"
"2969083877","1966744811","0.0204082"
"1966744811","2996571224","0.131519"
"2996571224","1966744811","0.131519"
"1966795941","1987352748","0.124112"
"1987352748","1966795941","0.124112"
"1966795941","1987608644","0.0204082"
"1987608644","1966795941","0.0204082"
"1966795941","1992834492","0.372464"
"1992834492","1966795941","0.372464"
"1966795941","1997449688","0.0204082"
"1997449688","1966795941","0.0204082"
"1966795941","1999876112","0.124112"
"1999876112","1966795941","0.124112"
"1966795941","2006605121","7.1177"
"2006605121","1966795941","7.1177"
"1966795941","2012636016","0.0870748"
"2012636016","1966795941","0.0870748"
"1966795941","2019798803","0.128874"
"2019798803","1966795941","0.128874"
"1966795941","2020528597","0.0204082"
"2020528597","1966795941","0.0204082"
"1966795941","2030756174","0.0574452"
"2030756174","1966795941","0.0574452"
"1966795941","2037435746","0.0918367"
"2037435746","1966795941","0.0918367"
"1966795941","2043913671","0.124112"
"2043913671","1966795941","0.124112"
"1966795941","2049146676","0.0870748"
"2049146676","1966795941","0.0870748"
"1966795941","2057845655","0.0870748"
"2057845655","1966795941","0.0870748"
"1966795941","2068169498","0.0973312"
"2068169498","1966795941","0.0973312"
"1966795941","2069342081","0.0918367"
"2069342081","1966795941","0.0918367"
"1966795941","2075293457","0.124112"
"2075293457","1966795941","0.124112"
"1966795941","2075991632","0.0204082"
"2075991632","1966795941","0.0204082"
"1966795941","2080160261","0.0204082"
"2080160261","1966795941","0.0204082"
"1966795941","2082208763","0.0204082"
"2082208763","1966795941","0.0204082"
"1966795941","2083227288","0.0574452"
"2083227288","1966795941","0.0574452"
"1966795941","2091001169","0.0204082"
"2091001169","1966795941","0.0204082"
"1966795941","2093491347","0.367702"
"2093491347","1966795941","0.367702"
"1966795941","2094257914","0.128874"
"2094257914","1966795941","0.128874"
"1966795941","2136864958","0.124112"
"2136864958","1966795941","0.124112"
"1966795941","2166250715","0.0204082"
"2166250715","1966795941","0.0204082"
"1966795941","2201918520","0.0918367"
"2201918520","1966795941","0.0918367"
"1966795941","2221035281","0.128874"
"2221035281","1966795941","0.128874"
"1966795941","2346641054","0.128874"
"2346641054","1966795941","0.128874"
"1966795941","2464953958","0.580665"
"2464953958","1966795941","0.580665"
"1966795941","2484990195","0.0918367"
"2484990195","1966795941","0.0918367"
"1966795941","2520172304","0.134368"
"2520172304","1966795941","0.134368"
"1966795941","2523902263","0.0204082"
"2523902263","1966795941","0.0204082"
"1966795941","2567443255","0.0204082"
"2567443255","1966795941","0.0204082"
"1966795941","2580254850","0.0204082"
"2580254850","1966795941","0.0204082"
"1966795941","2590079785","0.0918367"
"2590079785","1966795941","0.0918367"
"1966795941","2624722713","0.0204082"
"2624722713","1966795941","0.0204082"
"1966795941","2799753020","0.0204082"
"2799753020","1966795941","0.0204082"
"1966795941","2897798779","0.0204082"
"2897798779","1966795941","0.0204082"
"1966795941","2926244049","0.0973312"
"2926244049","1966795941","0.0973312"
"1966795941","2947219669","0.0204082"
"2947219669","1966795941","0.0204082"
"1966795941","2969083877","0.0204082"
"2969083877","1966795941","0.0204082"
"1966795941","2996571224","0.0204082"
"2996571224","1966795941","0.0204082"
"1966795941","564058385","0.128874"
"564058385","1966795941","0.128874"
"1987352748","1987608644","0.191837"
"1987608644","1987352748","0.191837"
"1987352748","1992834492","0.157445"
"1992834492","1987352748","0.157445"
"1987352748","1997449688","0.163265"
"1997449688","1987352748","0.163265"
"1987352748","1999876112","0.290779"
"1999876112","1987352748","0.290779"
"1987352748","2006605121","0.190779"
"2006605121","1987352748","0.190779"
"1987352748","2012636016","0.296599"
"2012636016","1987352748","0.296599"
"1987352748","2019798803","0.182445"
"2019798803","1987352748","0.182445"
"1987352748","2020528597","0.853741"
"2020528597","1987352748","0.853741"
"1987352748","2030756174","0.0574452"
"2030756174","1987352748","0.0574452"
"1987352748","2037435746","0.187075"
"2037435746","1987352748","0.187075"
"1987352748","2043913671","1.7384"
"2043913671","1987352748","1.7384"
"1987352748","2049146676","0.253742"
"2049146676","1987352748","0.253742"
"1987352748","2057845655","0.22517"
"2057845655","1987352748","0.22517"
"1987352748","2068169498","0.212075"
"2068169498","1987352748","0.212075"
"1987352748","2069342081","0.191837"
"2069342081","1987352748","0.191837"
"1987352748","2075293457","0.725302"
"2075293457","1987352748","0.725302"
"1987352748","2075991632","0.0204082"
"2075991632","1987352748","0.0204082"
"1987352748","2080160261","0.258503"
"2080160261","1987352748","0.258503"
"1987352748","2082208763","0.687075"
"2082208763","1987352748","0.687075"
"1987352748","2083227288","0.390779"
"2083227288","1987352748","0.390779"
"1987352748","2091001169","0.0204082"
"2091001169","1987352748","0.0204082"
"1987352748","2093491347","0.190779"
"2093491347","1987352748","0.190779"
"1987352748","2094257914","0.0574452"
"2094257914","1987352748","0.0574452"
"1987352748","2136864958","0.19554"
"2136864958","1987352748","0.19554"
"1987352748","2166250715","0.353741"
"2166250715","1987352748","0.353741"
"1987352748","2201918520","0.0204082"
"2201918520","1987352748","0.0204082"
"1987352748","2221035281","0.182445"
"2221035281","1987352748","0.182445"
"1987352748","2346641054","0.224112"
"2346641054","1987352748","0.224112"
"1987352748","2464953958","0.153741"
"2464953958","1987352748","0.153741"
"1987352748","2484990195","0.0204082"
"2484990195","1987352748","0.0204082"
"1987352748","2520172304","0.0574452"
"2520172304","1987352748","0.0574452"
"1987352748","2523902263","0.0870748"
"2523902263","1987352748","0.0870748"
"1987352748","2567443255","0.0204082"
"2567443255","1987352748","0.0204082"
"1987352748","2580254850","0.0204082"
"2580254850","1987352748","0.0204082"
"1987352748","2590079785","0.520408"
"2590079785","1987352748","0.520408"
"1987352748","2624722713","0.0204082"
"2624722713","1987352748","0.0204082"
"1987352748","2799753020","0.0204082"
"2799753020","1987352748","0.0204082"
"1987352748","2897798779","0.0204082"
"2897798779","1987352748","0.0204082"
"1987352748","2926244049","0.0204082"
"2926244049","1987352748","0.0204082"
"1987352748","2947219669","0.0204082"
"2947219669","1987352748","0.0204082"
"1987352748","2969083877","0.120408"
"2969083877","1987352748","0.120408"
"1987352748","2996571224","0.353741"
"2996571224","1987352748","0.353741"
"1987352748","564058385","0.224112"
"564058385","1987352748","0.224112"
"1987608644","1992834492","0.263265"
"1992834492","1987608644","0.263265"
"1987608644","1997449688","0.0204082"
"1997449688","1987608644","0.0204082"
"1987608644","1999876112","0.0204082"
"1999876112","1987608644","0.0204082"
"1987608644","2006605121","0.0204082"
"2006605121","1987608644","0.0204082"
"1987608644","2012636016","0.0204082"
"2012636016","1987608644","0.0204082"
"1987608644","2019798803","0.0204082"
"2019798803","1987608644","0.0204082"
"1987608644","2020528597","0.163265"
"2020528597","1987608644","0.163265"
"1987608644","2030756174","0.422428"
"2030756174","1987608644","0.422428"
"1987608644","2037435746","0.0204082"
"2037435746","1987608644","0.0204082"
"1987608644","2043913671","0.202948"
"2043913671","1987608644","0.202948"
"1987608644","2049146676","0.120408"
"2049146676","1987608644","0.120408"
"1987608644","2057845655","0.293857"
"2057845655","1987608644","0.293857"
"1987608644","2068169498","0.0204082"
"2068169498","1987608644","0.0204082"
"1987608644","2069342081","0.536714"
"2069342081","1987608644","0.536714"
"1987608644","2075293457","0.120408"
"2075293457","1987608644","0.120408"
"1987608644","2075991632","0.0204082"
"2075991632","1987608644","0.0204082"
"1987608644","2080160261","0.191837"
"2080160261","1987608644","0.191837"
"1987608644","2082208763","0.0204082"
"2082208763","1987608644","0.0204082"
"1987608644","2083227288","0.0204082"
"2083227288","1987608644","0.0204082"
"1987608644","2091001169","0.0204082"
"2091001169","1987608644","0.0204082"
"1987608644","2093491347","0.163265"
"2093491347","1987608644","0.163265"
"1987608644","2094257914","0.0204082"
"2094257914","1987608644","0.0204082"
"1987608644","2136864958","0.493857"
"2136864958","1987608644","0.493857"
"1987608644","2166250715","0.0204082"
"2166250715","1987608644","0.0204082"
"1987608644","2201918520","0.0204082"
"2201918520","1987608644","0.0204082"
"1987608644","2221035281","0.0204082"
"2221035281","1987608644","0.0204082"
"1987608644","2346641054","0.0204082"
"2346641054","1987608644","0.0204082"
"1987608644","2464953958","0.0204082"
"2464953958","1987608644","0.0204082"
"1987608644","2484990195","0.163265"
"2484990195","1987608644","0.163265"
"1987608644","2520172304","0.0204082"
"2520172304","1987608644","0.0204082"
"1987608644","2523902263","0.0204082"
"2523902263","1987608644","0.0204082"
"1987608644","2567443255","0.0204082"
"2567443255","1987608644","0.0204082"
"1987608644","2580254850","0.0204082"
"2580254850","1987608644","0.0204082"
"1987608644","2590079785","0.0204082"
"2590079785","1987608644","0.0204082"
"1987608644","2624722713","0.0204082"
"2624722713","1987608644","0.0204082"
"1987608644","2799753020","0.0204082"
"2799753020","1987608644","0.0204082"
"1987608644","2897798779","0.0204082"
"2897798779","1987608644","0.0204082"
"1987608644","2926244049","0.0204082"
"2926244049","1987608644","0.0204082"
"1987608644","2947219669","0.0204082"
"2947219669","1987608644","0.0204082"
"1987608644","2969083877","0.374376"
"2969083877","1987608644","0.374376"
"1987608644","2996571224","0.0204082"
"2996571224","1987608644","0.0204082"
"1987608644","564058385","0.163265"
"564058385","1987608644","0.163265"
"1992834492","1997449688","0.270408"
"1997449688","1992834492","0.270408"
"1992834492","1999876112","0.0574452"
"1999876112","1992834492","0.0574452"
"1992834492","2006605121","0.301035"
"2006605121","1992834492","0.301035"
"1992834492","2012636016","0.135315"
"2012636016","1992834492","0.135315"
"1992834492","2019798803","0.394574"
"2019798803","1992834492","0.394574"
"1992834492","2020528597","1.10136"
"2020528597","1992834492","1.10136"
"1992834492","2030756174","0.200302"
"2030756174","1992834492","0.200302"
"1992834492","2037435746","0.258503"
"2037435746","1992834492","0.258503"
"1992834492","2043913671","0.0574452"
"2043913671","1992834492","0.0574452"
"1992834492","2049146676","0.191837"
"2049146676","1992834492","0.191837"
"1992834492","2057845655","0.520408"
"2057845655","1992834492","0.520408"
"1992834492","2068169498","0.545571"
"2068169498","1992834492","0.545571"
"1992834492","2069342081","0.521029"
"2069342081","1992834492","0.521029"
"1992834492","2075293457","0.157445"
"2075293457","1992834492","0.157445"
"1992834492","2075991632","0.270408"
"2075991632","1992834492","0.270408"
