"10152071","1541996561","0.91978"
"1541996561","10152071","0.91978"
"10152071","1983492939","1.66978"
"1983492939","10152071","1.66978"
"10152071","2046162917","1.02692"
"2046162917","10152071","1.02692"
"10152071","2047999183","0.166667"
"2047999183","10152071","0.166667"
"10152071","2155501281","3.33645"
"2155501281","10152071","3.33645"
"10152071","29178177","0.166667"
"29178177","10152071","0.166667"
"1541996561","1983492939","21.609"
"1983492939","1541996561","21.609"
"1541996561","2046162917","2.64829"
"2046162917","1541996561","2.64829"
"1541996561","2047999183","1.77732"
"2047999183","1541996561","1.77732"
"1541996561","2155501281","1.6297"
"2155501281","1541996561","1.6297"
"1541996561","29178177","3.39399"
"29178177","1541996561","3.39399"
"1983492939","2046162917","9.03162"
"2046162917","1983492939","9.03162"
"1983492939","2047999183","2.49323"
"2047999183","1983492939","2.49323"
"1983492939","2155501281","25.4297"
"2155501281","1983492939","25.4297"
"1983492939","29178177","2.1099"
"29178177","1983492939","2.1099"
"2046162917","2047999183","0.735653"
"2047999183","2046162917","0.735653"
"2046162917","2155501281","3.24518"
"2155501281","2046162917","3.24518"
"2046162917","29178177","0.518987"
"29178177","2046162917","0.518987"
"2047999183","2155501281","0.367063"
"2155501281","2047999183","0.367063"
"2047999183","29178177","22.6095"
"29178177","2047999183","22.6095"
"2155501281","29178177","0.417064"
"29178177","2155501281","0.417064"
"10152071","1508021589","0.0769231"
"1508021589","10152071","0.0769231"
"10152071","1837282659","0.0769231"
"1837282659","10152071","0.0769231"
"10152071","2034971712","0.0769231"
"2034971712","10152071","0.0769231"
"10152071","2040422452","0.0769231"
"2040422452","10152071","0.0769231"
"10152071","2090243355","0.0769231"
"2090243355","10152071","0.0769231"
"10152071","2091672480","0.0769231"
"2091672480","10152071","0.0769231"
"10152071","2128040964","0.21978"
"2128040964","10152071","0.21978"
"10152071","2522231769","0.326923"
"2522231769","10152071","0.326923"
"10152071","2536080594","0.0769231"
"2536080594","10152071","0.0769231"
"1508021589","1541996561","1.0674"
"1541996561","1508021589","1.0674"
"1508021589","1837282659","1.20073"
"1837282659","1508021589","1.20073"
"1508021589","1983492939","0.659066"
"1983492939","1508021589","0.659066"
"1508021589","2034971712","0.124542"
"2034971712","1508021589","0.124542"
"1508021589","2040422452","0.0769231"
"2040422452","1508021589","0.0769231"
"1508021589","2046162917","0.734066"
"2046162917","1508021589","0.734066"
"1508021589","2090243355","4.85907"
"2090243355","1508021589","4.85907"
"1508021589","2091672480","1.03407"
"2091672480","1508021589","1.03407"
"1508021589","2128040964","1.24954"
"2128040964","1508021589","1.24954"
"1508021589","2155501281","0.467399"
"2155501281","1508021589","0.467399"
"1508021589","2522231769","0.124542"
"2522231769","1508021589","0.124542"
"1508021589","2536080594","0.0769231"
"2536080594","1508021589","0.0769231"
"1541996561","1837282659","1.36145"
"1837282659","1541996561","1.36145"
"1541996561","2034971712","0.457875"
"2034971712","1541996561","0.457875"
"1541996561","2040422452","0.16859"
"2040422452","1541996561","0.16859"
"1541996561","2090243355","2.5674"
"2090243355","1541996561","2.5674"
"1541996561","2091672480","3.45073"
"2091672480","1541996561","3.45073"
"1541996561","2128040964","3.72329"
"2128040964","1541996561","3.72329"
"1541996561","2522231769","0.7971"
"2522231769","1541996561","0.7971"
"1541996561","2536080594","0.26978"
"2536080594","1541996561","0.26978"
"1837282659","1983492939","1.41902"
"1983492939","1837282659","1.41902"
"1837282659","2034971712","0.124542"
"2034971712","1837282659","0.124542"
"1837282659","2040422452","0.11859"
"2040422452","1837282659","0.11859"
"1837282659","2046162917","0.676923"
"2046162917","1837282659","0.676923"
"1837282659","2090243355","2.53407"
"2090243355","1837282659","2.53407"
"1837282659","2091672480","0.534066"
"2091672480","1837282659","0.534066"
"1837282659","2128040964","4.1424"
"2128040964","1837282659","4.1424"
"1837282659","2155501281","0.809066"
"2155501281","1837282659","0.809066"
"1837282659","2522231769","0.309066"
"2522231769","1837282659","0.309066"
"1837282659","2536080594","0.21978"
"2536080594","1837282659","0.21978"
"1983492939","2034971712","0.124542"
"2034971712","1983492939","0.124542"
"1983492939","2040422452","0.16859"
"2040422452","1983492939","0.16859"
"1983492939","2090243355","1.0424"
"2090243355","1983492939","1.0424"
"1983492939","2091672480","0.884066"
"2091672480","1983492939","0.884066"
"1983492939","2128040964","2.48162"
"2128040964","1983492939","2.48162"
"1983492939","2522231769","0.7971"
"2522231769","1983492939","0.7971"
"1983492939","2536080594","0.26978"
"2536080594","1983492939","0.26978"
"2034971712","2040422452","0.0769231"
"2040422452","2034971712","0.0769231"
"2034971712","2046162917","0.124542"
"2046162917","2034971712","0.124542"
"2034971712","2090243355","1.12454"
"2090243355","2034971712","1.12454"
"2034971712","2091672480","3.95788"
"2091672480","2034971712","3.95788"
"2034971712","2128040964","0.124542"
"2128040964","2034971712","0.124542"
"2034971712","2155501281","0.124542"
"2155501281","2034971712","0.124542"
"2034971712","2522231769","0.124542"
"2522231769","2034971712","0.124542"
"2034971712","2536080594","0.0769231"
"2536080594","2034971712","0.0769231"
"2040422452","2046162917","0.126923"
"2046162917","2040422452","0.126923"
"2040422452","2090243355","0.126923"
"2090243355","2040422452","0.126923"
"2040422452","2091672480","0.126923"
"2091672480","2040422452","0.126923"
"2040422452","2128040964","0.41859"
"2128040964","2040422452","0.41859"
"2040422452","2155501281","0.41859"
"2155501281","2040422452","0.41859"
"2040422452","2522231769","0.41859"
"2522231769","2040422452","0.41859"
"2040422452","2536080594","0.126923"
"2536080594","2040422452","0.126923"
"2046162917","2090243355","1.1174"
"2090243355","2046162917","1.1174"
"2046162917","2091672480","0.584066"
"2091672480","2046162917","0.584066"
"2046162917","2128040964","0.505433"
"2128040964","2046162917","0.505433"
"2046162917","2522231769","0.755433"
"2522231769","2046162917","0.755433"
"2046162917","2536080594","0.26978"
"2536080594","2046162917","0.26978"
"2090243355","2091672480","5.3674"
"2091672480","2090243355","5.3674"
"2090243355","2128040964","3.54121"
"2128040964","2090243355","3.54121"
"2090243355","2155501281","0.717399"
"2155501281","2090243355","0.717399"
"2090243355","2522231769","0.549542"
"2522231769","2090243355","0.549542"
"2090243355","2536080594","0.251923"
"2536080594","2090243355","0.251923"
"2091672480","2128040964","0.985653"
"2128040964","2091672480","0.985653"
"2091672480","2155501281","0.767399"
"2155501281","2091672480","0.767399"
"2091672480","2522231769","0.535653"
"2522231769","2091672480","0.535653"
"2091672480","2536080594","0.238034"
"2536080594","2091672480","0.238034"
"2128040964","2155501281","1.17018"
"2155501281","2128040964","1.17018"
"2128040964","2522231769","1.78321"
"2522231769","2128040964","1.78321"
"2128040964","2536080594","0.505891"
"2536080594","2128040964","0.505891"
"2155501281","2522231769","0.993987"
"2522231769","2155501281","0.993987"
"2155501281","2536080594","0.29359"
"2536080594","2155501281","0.29359"
"2522231769","2536080594","7.78367"
"2536080594","2522231769","7.78367"
"10152071","1522854664","1.34286"
"1522854664","10152071","1.34286"
"10152071","2058902154","0.142857"
"2058902154","10152071","0.142857"
"10152071","2211885453","0.142857"
"2211885453","10152071","0.142857"
"1522854664","1541996561","0.54881"
"1541996561","1522854664","0.54881"
"1522854664","1983492939","0.54881"
"1983492939","1522854664","0.54881"
"1522854664","2058902154","0.383766"
"2058902154","1522854664","0.383766"
"1522854664","2128040964","0.407143"
"2128040964","1522854664","0.407143"
"1522854664","2155501281","0.482143"
"2155501281","1522854664","0.482143"
"1522854664","2211885453","0.292857"
"2211885453","1522854664","0.292857"
"1541996561","2058902154","0.192857"
"2058902154","1541996561","0.192857"
"1541996561","2211885453","0.192857"
"2211885453","1541996561","0.192857"
"1983492939","2058902154","0.192857"
"2058902154","1983492939","0.192857"
"1983492939","2211885453","0.192857"
"2211885453","1983492939","0.192857"
"2058902154","2128040964","0.192857"
"2128040964","2058902154","0.192857"
"2058902154","2155501281","0.359524"
"2155501281","2058902154","0.359524"
"2058902154","2211885453","13.2929"
"2211885453","2058902154","13.2929"
"2128040964","2211885453","0.192857"
"2211885453","2128040964","0.192857"
"2155501281","2211885453","0.359524"
"2211885453","2155501281","0.359524"
"1522854664","2046162917","0.364286"
"2046162917","1522854664","0.364286"
"1492022275","1512095167","8.11111"
"1512095167","1492022275","8.11111"
"1492022275","1569844668","1.11111"
"1569844668","1492022275","1.11111"
"1492022275","2022546268","1.18254"
"2022546268","1492022275","1.18254"
"1512095167","1569844668","1.37778"
"1569844668","1512095167","1.37778"
"1512095167","2022546268","1.21111"
"2022546268","1512095167","1.21111"
"1569844668","2022546268","2.21111"
"2022546268","1569844668","2.21111"
"1492022275","1517948246","0.273449"
"1517948246","1492022275","0.273449"
"1492022275","1604478529","0.364358"
"1604478529","1492022275","0.364358"
"1492022275","2088340225","0.111111"
"2088340225","1492022275","0.111111"
"1492022275","2127145400","0.273449"
"2127145400","1492022275","0.273449"
"1492022275","2151455307","0.364358"
"2151455307","1492022275","0.364358"
"1492022275","69474113","0.111111"
"69474113","1492022275","0.111111"
"1512095167","1517948246","0.32061"
"1517948246","1512095167","0.32061"
"1512095167","1604478529","0.377778"
"1604478529","1512095167","0.377778"
"1512095167","2088340225","0.152778"
"2088340225","1512095167","0.152778"
"1512095167","2127145400","0.628968"
"2127145400","1512095167","0.628968"
"1512095167","2151455307","1.16347"
"2151455307","1512095167","1.16347"
"1512095167","69474113","0.343687"
"69474113","1512095167","0.343687"
"1517948246","1569844668","0.111111"
"1569844668","1517948246","0.111111"
"1517948246","1604478529","0.83456"
"1604478529","1517948246","0.83456"
"1517948246","2022546268","0.18254"
"2022546268","1517948246","0.18254"
"1517948246","2088340225","0.354798"
"2088340225","1517948246","0.354798"
"1517948246","2127145400","2.79881"
"2127145400","1517948246","2.79881"
"1517948246","2151455307","1.67068"
"2151455307","1517948246","1.67068"
"1517948246","69474113","2.81829"
"69474113","1517948246","2.81829"
"1569844668","1604478529","0.377778"
"1604478529","1569844668","0.377778"
"1569844668","2088340225","0.111111"
"2088340225","1569844668","0.111111"
"1569844668","2127145400","0.377778"
"2127145400","1569844668","0.377778"
"1569844668","2151455307","0.377778"
"2151455307","1569844668","0.377778"
"1569844668","69474113","0.211111"
"69474113","1569844668","0.211111"
"1604478529","2022546268","0.28254"
"2022546268","1604478529","0.28254"
"1604478529","2088340225","0.222222"
"2088340225","1604478529","0.222222"
"1604478529","2127145400","0.851227"
"2127145400","1604478529","0.851227"
"1604478529","2151455307","0.631025"
"2151455307","1604478529","0.631025"
"1604478529","69474113","0.522222"
"69474113","1604478529","0.522222"
"2022546268","2088340225","0.111111"
"2088340225","2022546268","0.111111"
"2022546268","2127145400","0.28254"
"2127145400","2022546268","0.28254"
"2022546268","2151455307","0.28254"
"2151455307","2022546268","0.28254"
"2022546268","69474113","0.211111"
"69474113","2022546268","0.211111"
"2088340225","2127145400","0.263889"
"2127145400","2088340225","0.263889"
"2088340225","2151455307","0.243687"
"2151455307","2088340225","0.243687"
"2088340225","69474113","0.263889"
"69474113","2088340225","0.263889"
"2127145400","2151455307","1.38813"
"2151455307","2127145400","1.38813"
"2127145400","69474113","10.6369"
"69474113","2127145400","10.6369"
"2151455307","69474113","1.06551"
"69474113","2151455307","1.06551"
"1492022275","1522251376","0.253247"
"1522251376","1492022275","0.253247"
"1492022275","1522854664","0.0909091"
"1522854664","1492022275","0.0909091"
"1492022275","1551644539","0.253247"
"1551644539","1492022275","0.253247"
"1492022275","1563483422","0.162338"
"1563483422","1492022275","0.162338"
"1492022275","2058902154","0.0909091"
"2058902154","1492022275","0.0909091"
"1492022275","2061572266","0.181818"
"2061572266","1492022275","0.181818"
"1492022275","2108748683","0.0909091"
"2108748683","1492022275","0.0909091"
"1492022275","2108795097","0.162338"
"2108795097","1492022275","0.162338"
"1522251376","1522854664","0.138528"
"1522854664","1522251376","0.138528"
"1522251376","1551644539","0.300866"
"1551644539","1522251376","0.300866"
"1522251376","1563483422","0.209957"
"1563483422","1522251376","0.209957"
"1522251376","1604478529","0.519913"
"1604478529","1522251376","0.519913"
"1522251376","2058902154","0.0909091"
"2058902154","1522251376","0.0909091"
"1522251376","2061572266","0.181818"
"2061572266","1522251376","0.181818"
"1522251376","2108748683","0.455988"
"2108748683","1522251376","0.455988"
"1522251376","2108795097","0.659163"
"2108795097","1522251376","0.659163"
"1522251376","2127145400","0.82583"
"2127145400","1522251376","0.82583"
"1522251376","2151455307","2.60721"
"2151455307","1522251376","2.60721"
"1522854664","1551644539","0.271104"
"1551644539","1522854664","0.271104"
"1522854664","1563483422","3.20444"
"1563483422","1522854664","3.20444"
"1522854664","1604478529","1.07424"
"1604478529","1522854664","1.07424"
"1522854664","2061572266","0.0909091"
"2061572266","1522854664","0.0909091"
"1522854664","2108748683","0.240909"
"2108748683","1522854664","0.240909"
"1522854664","2108795097","0.0909091"
"2108795097","1522854664","0.0909091"
"1522854664","2127145400","0.199242"
"2127145400","1522854664","0.199242"
"1522854664","2151455307","0.337771"
"2151455307","1522854664","0.337771"
"1551644539","1563483422","0.652056"
"1563483422","1551644539","0.652056"
"1551644539","1604478529","0.253247"
"1604478529","1551644539","0.253247"
"1551644539","2058902154","0.0909091"
"2058902154","1551644539","0.0909091"
"1551644539","2061572266","0.181818"
"2061572266","1551644539","0.181818"
"1551644539","2108748683","0.0909091"
"2108748683","1551644539","0.0909091"
"1551644539","2108795097","0.162338"
"2108795097","1551644539","0.162338"
"1551644539","2127145400","0.346861"
"2127145400","1551644539","0.346861"
"1551644539","2151455307","1.2358"
"2151455307","1551644539","1.2358"
"1563483422","1604478529","1.64567"
"1604478529","1563483422","1.64567"
"1563483422","2058902154","0.140909"
"2058902154","1563483422","0.140909"
"1563483422","2061572266","0.0909091"
"2061572266","1563483422","0.0909091"
"1563483422","2108748683","0.140909"
"2108748683","1563483422","0.140909"
"1563483422","2108795097","0.162338"
"2108795097","1563483422","0.162338"
"1563483422","2127145400","0.413528"
"2127145400","1563483422","0.413528"
"1563483422","2151455307","0.552056"
"2151455307","1563483422","0.552056"
"1604478529","2058902154","0.0909091"
"2058902154","1604478529","0.0909091"
"1604478529","2061572266","0.181818"
"2061572266","1604478529","0.181818"
"1604478529","2108748683","0.0909091"
"2108748683","1604478529","0.0909091"
"1604478529","2108795097","0.956782"
"2108795097","1604478529","0.956782"
"2058902154","2061572266","0.0909091"
"2061572266","2058902154","0.0909091"
"2058902154","2108748683","0.240909"
"2108748683","2058902154","0.240909"
"2058902154","2108795097","0.0909091"
"2108795097","2058902154","0.0909091"
"2058902154","2127145400","0.0909091"
"2127145400","2058902154","0.0909091"
"2058902154","2151455307","0.0909091"
"2151455307","2058902154","0.0909091"
"2061572266","2108748683","0.0909091"
"2108748683","2061572266","0.0909091"
"2061572266","2108795097","0.233766"
"2108795097","2061572266","0.233766"
"2061572266","2127145400","0.233766"
"2127145400","2061572266","0.233766"
"2061572266","2151455307","0.181818"
"2151455307","2061572266","0.181818"
"2108748683","2108795097","0.618687"
"2108795097","2108748683","0.618687"
"2108748683","2127145400","0.368687"
"2127145400","2108748683","0.368687"
"2108748683","2151455307","0.678211"
"2151455307","2108748683","0.678211"
"2108795097","2127145400","4.11313"
"2127145400","2108795097","4.11313"
"2108795097","2151455307","0.859163"
"2151455307","2108795097","0.859163"
"1492022275","1585213963","0.162338"
"1585213963","1492022275","0.162338"
"1492022275","1990112355","0.162338"
"1990112355","1492022275","0.162338"
"1492022275","2047999183","0.0714286"
"2047999183","1492022275","0.0714286"
"1492022275","2066067595","0.162338"
"2066067595","1492022275","0.162338"
"1492022275","29178177","0.162338"
"29178177","1492022275","0.162338"
"1517948246","1522251376","1.05916"
"1522251376","1517948246","1.05916"
"1517948246","1551644539","0.462746"
"1551644539","1517948246","0.462746"
"1517948246","1563483422","0.204004"
"1563483422","1517948246","0.204004"
"1517948246","1585213963","1.19964"
"1585213963","1517948246","1.19964"
"1517948246","1990112355","0.371836"
"1990112355","1517948246","0.371836"
"1517948246","2047999183","0.371836"
"2047999183","1517948246","0.371836"
"1517948246","2066067595","1.67583"
"2066067595","1517948246","1.67583"
"1517948246","2108795097","3.3627"
"2108795097","1517948246","3.3627"
"1517948246","29178177","0.462746"
"29178177","1517948246","0.462746"
"1522251376","1585213963","0.305195"
"1585213963","1522251376","0.305195"
"1522251376","1990112355","0.209957"
"1990112355","1522251376","0.209957"
"1522251376","2022546268","0.171429"
"2022546268","1522251376","0.171429"
"1522251376","2047999183","0.373016"
"2047999183","1522251376","0.373016"
"1522251376","2066067595","0.968687"
"2066067595","1522251376","0.968687"
"1522251376","29178177","0.463925"
"29178177","1522251376","0.463925"
"1551644539","1585213963","0.162338"
"1585213963","1551644539","0.162338"
"1551644539","1990112355","0.586122"
"1990112355","1551644539","0.586122"
"1551644539","2022546268","0.0714286"
"2022546268","1551644539","0.0714286"
"1551644539","2047999183","1.21112"
"2047999183","1551644539","1.21112"
"1551644539","2066067595","0.162338"
"2066067595","1551644539","0.162338"
"1551644539","29178177","1.50203"
"29178177","1551644539","1.50203"
"1563483422","1585213963","0.721429"
"1585213963","1563483422","0.721429"
"1563483422","1990112355","4.85162"
"1990112355","1563483422","4.85162"
"1563483422","2022546268","0.0714286"
"2022546268","1563483422","0.0714286"
"1563483422","2047999183","0.41829"
"2047999183","1563483422","0.41829"
"1563483422","2066067595","0.0714286"
"2066067595","1563483422","0.0714286"
"1563483422","29178177","0.534957"
"29178177","1563483422","0.534957"
"1585213963","1604478529","3.70678"
"1604478529","1585213963","3.70678"
"1585213963","1990112355","0.812338"
"1990112355","1585213963","0.812338"
"1585213963","2022546268","0.0714286"
"2022546268","1585213963","0.0714286"
"1585213963","2047999183","0.0714286"
"2047999183","1585213963","0.0714286"
"1585213963","2066067595","2.03139"
"2066067595","1585213963","2.03139"
"1585213963","2108795097","5.05159"
"2108795097","1585213963","5.05159"
"1585213963","2127145400","1.00159"
"2127145400","1585213963","1.00159"
"1585213963","2151455307","0.305195"
"2151455307","1585213963","0.305195"
"1585213963","29178177","0.162338"
"29178177","1585213963","0.162338"
"1604478529","1990112355","1.64567"
"1990112355","1604478529","1.64567"
"1604478529","2047999183","0.0714286"
"2047999183","1604478529","0.0714286"
"1604478529","2066067595","1.01234"
"2066067595","1604478529","1.01234"
"1604478529","29178177","0.162338"
"29178177","1604478529","0.162338"
"1990112355","2022546268","0.0714286"
"2022546268","1990112355","0.0714286"
"1990112355","2047999183","0.806324"
"2047999183","1990112355","0.806324"
"1990112355","2066067595","1.16234"
"2066067595","1990112355","1.16234"
"1990112355","2108795097","0.0714286"
"2108795097","1990112355","0.0714286"
"1990112355","2127145400","0.179762"
"2127145400","1990112355","0.179762"
"1990112355","2151455307","0.486122"
"2151455307","1990112355","0.486122"
"1990112355","29178177","1.0139"
"29178177","1990112355","1.0139"
"2022546268","2047999183","0.0714286"
"2047999183","2022546268","0.0714286"
"2022546268","2066067595","0.171429"
"2066067595","2022546268","0.171429"
"2022546268","2108795097","0.171429"
"2108795097","2022546268","0.171429"
"2022546268","29178177","0.0714286"
"29178177","2022546268","0.0714286"
"2047999183","2066067595","0.214286"
"2066067595","2047999183","0.214286"
"2047999183","2108795097","0.0714286"
"2108795097","2047999183","0.0714286"
"2047999183","2127145400","0.113095"
"2127145400","2047999183","0.113095"
"2047999183","2151455307","0.853979"
"2151455307","2047999183","0.853979"
"2066067595","2108795097","14.5778"
"2108795097","2066067595","14.5778"
"2066067595","2127145400","2.41111"
"2127145400","2066067595","2.41111"
"2066067595","2151455307","1.50202"
"2151455307","2066067595","1.50202"
"2066067595","29178177","0.305195"
"29178177","2066067595","0.305195"
"2108795097","29178177","0.0714286"
"29178177","2108795097","0.0714286"
"2127145400","29178177","0.179762"
"29178177","2127145400","0.179762"
"2151455307","29178177","1.21156"
"29178177","2151455307","1.21156"
"1492022275","2211885453","0.0909091"
"2211885453","1492022275","0.0909091"
"1517948246","2061572266","0.0909091"
"2061572266","1517948246","0.0909091"
"1517948246","2211885453","0.0909091"
"2211885453","1517948246","0.0909091"
"1522251376","2211885453","0.0909091"
"2211885453","1522251376","0.0909091"
"1551644539","2211885453","0.0909091"
"2211885453","1551644539","0.0909091"
"1585213963","2061572266","0.233766"
"2061572266","1585213963","0.233766"
"1585213963","2211885453","0.0909091"
"2211885453","1585213963","0.0909091"
"1604478529","2211885453","0.0909091"
"2211885453","1604478529","0.0909091"
"1990112355","2061572266","0.0909091"
"2061572266","1990112355","0.0909091"
"1990112355","2211885453","0.240909"
"2211885453","1990112355","0.240909"
"2061572266","2066067595","0.233766"
"2066067595","2061572266","0.233766"
"2061572266","2211885453","0.0909091"
"2211885453","2061572266","0.0909091"
"2061572266","29178177","0.0909091"
"29178177","2061572266","0.0909091"
"2066067595","2211885453","0.0909091"
"2211885453","2066067595","0.0909091"
"2151455307","2211885453","0.0909091"
"2211885453","2151455307","0.0909091"
"2211885453","29178177","0.140909"
"29178177","2211885453","0.140909"
"1508021589","1512095167","0.0666667"
"1512095167","1508021589","0.0666667"
"1508021589","1522854664","0.114286"
"1522854664","1508021589","0.114286"
"1508021589","1544027360","0.0666667"
"1544027360","1508021589","0.0666667"
"1508021589","1563483422","0.114286"
"1563483422","1508021589","0.114286"
"1508021589","1990112355","0.114286"
"1990112355","1508021589","0.114286"
"1508021589","2126274917","0.0666667"
"2126274917","1508021589","0.0666667"
"1508021589","2127145400","0.0666667"
"2127145400","1508021589","0.0666667"
"1508021589","2151455307","0.239286"
"2151455307","1508021589","0.239286"
"1508021589","29178177","0.239286"
"29178177","1508021589","0.239286"
"1512095167","1522854664","0.108333"
"1522854664","1512095167","0.108333"
"1512095167","1541996561","0.328114"
"1541996561","1512095167","0.328114"
"1512095167","1544027360","0.199242"
"1544027360","1512095167","0.199242"
"1512095167","1563483422","0.25119"
"1563483422","1512095167","0.25119"
"1512095167","1837282659","0.708766"
"1837282659","1512095167","0.708766"
"1512095167","1983492939","0.419023"
"1983492939","1512095167","0.419023"
"1512095167","1990112355","0.185256"
"1990112355","1512095167","0.185256"
"1512095167","2046162917","0.14359"
"2046162917","1512095167","0.14359"
"1512095167","2090243355","0.0666667"
"2090243355","1512095167","0.0666667"
"1512095167","2091672480","0.0666667"
"2091672480","1512095167","0.0666667"
"1512095167","2126274917","0.157576"
"2126274917","1512095167","0.157576"
"1512095167","29178177","0.642832"
"29178177","1512095167","0.642832"
"1522854664","1544027360","0.308333"
"1544027360","1522854664","0.308333"
"1522854664","1837282659","0.155952"
"1837282659","1522854664","0.155952"
"1522854664","1990112355","4.03853"
"1990112355","1522854664","4.03853"
"1522854664","2090243355","0.289286"
"2090243355","1522854664","0.289286"
"1522854664","2091672480","0.164286"
"2091672480","1522854664","0.164286"
"1522854664","2126274917","0.0666667"
"2126274917","1522854664","0.0666667"
"1522854664","29178177","0.496861"
"29178177","1522854664","0.496861"
"1541996561","1544027360","0.441667"
"1544027360","1541996561","0.441667"
"1541996561","1563483422","0.515476"
"1563483422","1541996561","0.515476"
"1541996561","1990112355","0.560653"
"1990112355","1541996561","0.560653"
"1541996561","2126274917","0.733333"
"2126274917","1541996561","0.733333"
"1541996561","2127145400","0.45119"
"2127145400","1541996561","0.45119"
"1541996561","2151455307","0.375733"
"2151455307","1541996561","0.375733"
"1544027360","1563483422","0.108333"
"1563483422","1544027360","0.108333"
"1544027360","1837282659","0.699242"
"1837282659","1544027360","0.699242"
"1544027360","1983492939","0.199242"
"1983492939","1544027360","0.199242"
"1544027360","1990112355","0.308333"
"1990112355","1544027360","0.308333"
"1544027360","2046162917","0.0666667"
"2046162917","1544027360","0.0666667"
"1544027360","2090243355","0.0666667"
"2090243355","1544027360","0.0666667"
"1544027360","2091672480","0.0666667"
"2091672480","1544027360","0.0666667"
"1544027360","2126274917","0.157576"
"2126274917","1544027360","0.157576"
"1544027360","2127145400","0.108333"
"2127145400","1544027360","0.108333"
"1544027360","2151455307","0.199242"
"2151455307","1544027360","0.199242"
"1544027360","29178177","0.732576"
"29178177","1544027360","0.732576"
"1563483422","1837282659","0.29881"
"1837282659","1563483422","0.29881"
"1563483422","1983492939","0.34881"
"1983492939","1563483422","0.34881"
"1563483422","2046162917","0.164286"
"2046162917","1563483422","0.164286"
"1563483422","2090243355","0.164286"
"2090243355","1563483422","0.164286"
"1563483422","2091672480","0.164286"
"2091672480","1563483422","0.164286"
"1563483422","2126274917","0.0666667"
"2126274917","1563483422","0.0666667"
"1837282659","1990112355","0.155952"
"1990112355","1837282659","0.155952"
"1837282659","2126274917","0.324242"
"2126274917","1837282659","0.324242"
"1837282659","2127145400","0.25119"
"2127145400","1837282659","0.25119"
"1837282659","2151455307","0.756385"
"2151455307","1837282659","0.756385"
"1837282659","29178177","9.61353"
"29178177","1837282659","9.61353"
"1983492939","1990112355","0.393987"
"1990112355","1983492939","0.393987"
"1983492939","2126274917","1.15758"
"2126274917","1983492939","1.15758"
"1983492939","2127145400","0.25119"
"2127145400","1983492939","0.25119"
"1983492939","2151455307","0.591642"
"2151455307","1983492939","0.591642"
"1990112355","2046162917","0.35232"
"2046162917","1990112355","0.35232"
"1990112355","2090243355","1.28929"
"2090243355","1990112355","1.28929"
"1990112355","2091672480","0.664286"
"2091672480","1990112355","0.664286"
"1990112355","2126274917","0.0666667"
"2126274917","1990112355","0.0666667"
"2046162917","2126274917","0.4"
"2126274917","2046162917","0.4"
"2046162917","2127145400","0.0666667"
"2127145400","2046162917","0.0666667"
"2046162917","2151455307","0.191209"
"2151455307","2046162917","0.191209"
"2090243355","2126274917","0.4"
"2126274917","2090243355","0.4"
"2090243355","2127145400","0.209524"
"2127145400","2090243355","0.209524"
"2090243355","2151455307","0.239286"
"2151455307","2090243355","0.239286"
"2090243355","29178177","0.955952"
"29178177","2090243355","0.955952"
"2091672480","2126274917","0.0666667"
"2126274917","2091672480","0.0666667"
"2091672480","2127145400","0.0666667"
"2127145400","2091672480","0.0666667"
"2091672480","2151455307","0.114286"
"2151455307","2091672480","0.114286"
"2091672480","29178177","0.942064"
"29178177","2091672480","0.942064"
"2126274917","2127145400","0.0666667"
"2127145400","2126274917","0.0666667"
"2126274917","2151455307","0.157576"
"2151455307","2126274917","0.157576"
"2126274917","29178177","0.324242"
"29178177","2126274917","0.324242"
"1508021589","2490307688","1.21429"
"2490307688","1508021589","1.21429"
"2090243355","2490307688","1.38929"
"2490307688","2090243355","1.38929"
"1508021589","2130341506","0.380952"
"2130341506","1508021589","0.380952"
"1541996561","2130341506","0.472619"
"2130341506","1541996561","0.472619"
"2090243355","2130341506","0.555952"
"2130341506","2090243355","0.555952"
"1837282659","2490307688","0.89881"
"2490307688","1837282659","0.89881"
"1508021589","1522251376","0.047619"
"1522251376","1508021589","0.047619"
"1508021589","1551644539","0.172619"
"1551644539","1508021589","0.172619"
"1508021589","2047999183","0.172619"
"2047999183","1508021589","0.172619"
"1508021589","2063689928","0.047619"
"2063689928","1508021589","0.047619"
"1522251376","1541996561","0.047619"
"1541996561","1522251376","0.047619"
"1522251376","1837282659","0.047619"
"1837282659","1522251376","0.047619"
"1522251376","1983492939","0.047619"
"1983492939","1522251376","0.047619"
"1522251376","2034971712","0.047619"
"2034971712","1522251376","0.047619"
"1522251376","2046162917","0.047619"
"2046162917","1522251376","0.047619"
"1522251376","2063689928","0.147619"
"2063689928","1522251376","0.147619"
"1522251376","2090243355","0.047619"
"2090243355","1522251376","0.047619"
"1522251376","2091672480","0.15873"
"2091672480","1522251376","0.15873"
"1522251376","2128040964","0.15873"
"2128040964","1522251376","0.15873"
"1522251376","2130341506","0.047619"
"2130341506","1522251376","0.047619"
"1522251376","2155501281","0.047619"
"2155501281","1522251376","0.047619"
"1522251376","2490307688","0.15873"
"2490307688","1522251376","0.15873"
"1522251376","2522231769","0.15873"
"2522231769","1522251376","0.15873"
"1522854664","2034971712","0.047619"
"2034971712","1522854664","0.047619"
"1522854664","2047999183","0.380195"
"2047999183","1522854664","0.380195"
"1522854664","2063689928","0.180195"
"2063689928","1522854664","0.180195"
"1522854664","2130341506","3.38853"
"2130341506","1522854664","3.38853"
"1522854664","2490307688","0.364286"
"2490307688","1522854664","0.364286"
"1522854664","2522231769","0.264286"
"2522231769","1522854664","0.264286"
"1541996561","1551644539","0.475733"
"1551644539","1541996561","0.475733"
"1541996561","2063689928","0.332875"
"2063689928","1541996561","0.332875"
"1541996561","2490307688","0.393254"
"2490307688","1541996561","0.393254"
"1551644539","1837282659","0.689719"
"1837282659","1551644539","0.689719"
"1551644539","1983492939","0.524975"
"1983492939","1551644539","0.524975"
"1551644539","2034971712","0.047619"
"2034971712","1551644539","0.047619"
"1551644539","2046162917","0.124542"
"2046162917","1551644539","0.124542"
"1551644539","2063689928","1.01469"
"2063689928","1551644539","1.01469"
"1551644539","2090243355","0.172619"
"2090243355","1551644539","0.172619"
"1551644539","2091672480","0.047619"
"2091672480","1551644539","0.047619"
"1551644539","2128040964","0.291209"
"2128040964","1551644539","0.291209"
"1551644539","2130341506","0.180195"
"2130341506","1551644539","0.180195"
"1551644539","2155501281","0.0892857"
"2155501281","1551644539","0.0892857"
"1551644539","2490307688","0.0892857"
"2490307688","1551644539","0.0892857"
"1551644539","2522231769","0.166209"
"2522231769","1551644539","0.166209"
"1563483422","2034971712","0.047619"
"2034971712","1563483422","0.047619"
"1563483422","2063689928","0.346861"
"2063689928","1563483422","0.346861"
"1563483422","2128040964","0.139286"
"2128040964","1563483422","0.139286"
"1563483422","2130341506","2.46353"
"2130341506","1563483422","2.46353"
"1563483422","2155501281","0.139286"
"2155501281","1563483422","0.139286"
"1563483422","2490307688","0.139286"
"2490307688","1563483422","0.139286"
"1563483422","2522231769","0.139286"
"2522231769","1563483422","0.139286"
"1837282659","2047999183","3.84686"
"2047999183","1837282659","3.84686"
"1837282659","2063689928","0.346861"
"2063689928","1837282659","0.346861"
"1837282659","2130341506","0.0892857"
"2130341506","1837282659","0.0892857"
"1983492939","2063689928","0.257118"
"2063689928","1983492939","0.257118"
"1983492939","2130341506","0.139286"
"2130341506","1983492939","0.139286"
"1983492939","2490307688","0.393254"
"2490307688","1983492939","0.393254"
"1990112355","2034971712","0.547619"
"2034971712","1990112355","0.547619"
"1990112355","2063689928","0.423785"
"2063689928","1990112355","0.423785"
"1990112355","2128040964","0.45232"
"2128040964","1990112355","0.45232"
"1990112355","2130341506","4.38853"
"2130341506","1990112355","4.38853"
"1990112355","2155501281","0.250397"
"2155501281","1990112355","0.250397"
"1990112355","2490307688","0.475397"
"2490307688","1990112355","0.475397"
"1990112355","2522231769","0.45232"
"2522231769","1990112355","0.45232"
"2034971712","2047999183","0.047619"
"2047999183","2034971712","0.047619"
"2034971712","2063689928","0.047619"
"2063689928","2034971712","0.047619"
"2034971712","2130341506","0.047619"
"2130341506","2034971712","0.047619"
"2034971712","2151455307","0.047619"
"2151455307","2034971712","0.047619"
"2034971712","2490307688","0.047619"
"2490307688","2034971712","0.047619"
"2034971712","29178177","0.380952"
"29178177","2034971712","0.380952"
"2046162917","2063689928","0.124542"
"2063689928","2046162917","0.124542"
"2046162917","2130341506","0.097619"
"2130341506","2046162917","0.097619"
"2046162917","2490307688","0.351587"
"2490307688","2046162917","0.351587"
"2047999183","2063689928","1.01469"
"2063689928","2047999183","1.01469"
"2047999183","2090243355","0.172619"
"2090243355","2047999183","0.172619"
"2047999183","2091672480","0.15873"
"2091672480","2047999183","0.15873"
"2047999183","2128040964","3.01343"
"2128040964","2047999183","3.01343"
"2047999183","2130341506","0.380195"
"2130341506","2047999183","0.380195"
"2047999183","2490307688","0.311508"
"2490307688","2047999183","0.311508"
"2047999183","2522231769","0.388431"
"2522231769","2047999183","0.388431"
"2063689928","2090243355","0.047619"
"2090243355","2063689928","0.047619"
"2063689928","2091672480","0.047619"
"2091672480","2063689928","0.047619"
"2063689928","2128040964","0.166209"
"2128040964","2063689928","0.166209"
"2063689928","2130341506","0.180195"
"2130341506","2063689928","0.180195"
"2063689928","2151455307","0.614694"
"2151455307","2063689928","0.614694"
"2063689928","2155501281","0.0892857"
"2155501281","2063689928","0.0892857"
"2063689928","2490307688","0.0892857"
"2490307688","2063689928","0.0892857"
"2063689928","2522231769","0.166209"
"2522231769","2063689928","0.166209"
"2063689928","29178177","1.01469"
"29178177","2063689928","1.01469"
"2091672480","2130341506","0.097619"
"2130341506","2091672480","0.097619"
"2091672480","2490307688","0.20873"
"2490307688","2091672480","0.20873"
"2128040964","2130341506","0.264286"
"2130341506","2128040964","0.264286"
"2128040964","2151455307","0.291209"
"2151455307","2128040964","0.291209"
"2128040964","2490307688","0.879365"
"2490307688","2128040964","0.879365"
"2128040964","29178177","4.89676"
"29178177","2128040964","4.89676"
"2130341506","2151455307","0.180195"
"2151455307","2130341506","0.180195"
"2130341506","2155501281","0.139286"
"2155501281","2130341506","0.139286"
"2130341506","2490307688","0.364286"
"2490307688","2130341506","0.364286"
"2130341506","2522231769","0.264286"
"2522231769","2130341506","0.264286"
"2130341506","29178177","0.430195"
"29178177","2130341506","0.430195"
"2151455307","2155501281","0.0892857"
"2155501281","2151455307","0.0892857"
"2151455307","2490307688","0.0892857"
"2490307688","2151455307","0.0892857"
"2151455307","2522231769","0.166209"
"2522231769","2151455307","0.166209"
"2155501281","2490307688","0.667063"
"2490307688","2155501281","0.667063"
"2490307688","2522231769","9.15714"
"2522231769","2490307688","9.15714"
"2490307688","29178177","0.361508"
"29178177","2490307688","0.361508"
"2522231769","29178177","0.938431"
"29178177","2522231769","0.938431"
"1508021589","69474113","0.125"
"69474113","1508021589","0.125"
"1551644539","69474113","0.257576"
"69474113","1551644539","0.257576"
"1983492939","69474113","0.257576"
"69474113","1983492939","0.257576"
"2047999183","69474113","0.257576"
"69474113","2047999183","0.257576"
"2090243355","69474113","0.267857"
"69474113","2090243355","0.267857"
"2128040964","69474113","0.166667"
"69474113","2128040964","0.166667"
"29178177","69474113","0.257576"
"69474113","29178177","0.257576"
"1512095167","1551644539","0.719023"
"1551644539","1512095167","0.719023"
"1512095167","2047999183","0.376166"
"2047999183","1512095167","0.376166"
"1512095167","2063689928","0.476166"
"2063689928","1512095167","0.476166"
"1512095167","2128040964","0.11859"
"2128040964","1512095167","0.11859"
"1512095167","235793102","0.31859"
"235793102","1512095167","0.31859"
"1512095167","2522231769","0.11859"
"2522231769","1512095167","0.11859"
"1517948246","1541996561","0.31859"
"1541996561","1517948246","0.31859"
"1517948246","1983492939","0.209499"
"1983492939","1517948246","0.209499"
"1517948246","2046162917","0.0769231"
"2046162917","1517948246","0.0769231"
"1517948246","2063689928","1.30041"
"2063689928","1517948246","1.30041"
"1517948246","2128040964","0.11859"
"2128040964","1517948246","0.11859"
"1517948246","235793102","0.209499"
"235793102","1517948246","0.209499"
"1517948246","2522231769","0.229701"
"2522231769","1517948246","0.229701"
"1541996561","235793102","0.451923"
"235793102","1541996561","0.451923"
"1551644539","235793102","0.409499"
"235793102","1551644539","0.409499"
"1983492939","235793102","0.451923"
"235793102","1983492939","0.451923"
"1990112355","235793102","0.209499"
"235793102","1990112355","0.209499"
"2046162917","235793102","0.0769231"
"235793102","2046162917","0.0769231"
"2047999183","235793102","0.32061"
"235793102","2047999183","0.32061"
"2063689928","235793102","6.2095"
"235793102","2063689928","6.2095"
"2128040964","235793102","0.229701"
"235793102","2128040964","0.229701"
"2151455307","235793102","0.409499"
"235793102","2151455307","0.409499"
"235793102","2522231769","0.229701"
"2522231769","235793102","0.229701"
"235793102","29178177","0.853943"
"29178177","235793102","0.853943"
"1517948246","1544027360","0.132576"
"1544027360","1517948246","0.132576"
"1517948246","1837282659","1.13258"
"1837282659","1517948246","1.13258"
"1517948246","2126274917","0.0909091"
"2126274917","1517948246","0.0909091"
"1544027360","1551644539","0.132576"
"1551644539","1544027360","0.132576"
"1544027360","2047999183","1.16591"
"2047999183","1544027360","1.16591"
"1544027360","2063689928","0.132576"
"2063689928","1544027360","0.132576"
"1544027360","69474113","0.132576"
"69474113","1544027360","0.132576"
"1551644539","2126274917","0.0909091"
"2126274917","1551644539","0.0909091"
"1837282659","69474113","0.132576"
"69474113","1837282659","0.132576"
"2047999183","2126274917","0.257576"
"2126274917","2047999183","0.257576"
"2063689928","2126274917","0.0909091"
"2126274917","2063689928","0.0909091"
"2063689928","69474113","0.232576"
"69474113","2063689928","0.232576"
"2126274917","69474113","0.0909091"
"69474113","2126274917","0.0909091"
"1512095167","1522251376","0.266667"
"1522251376","1512095167","0.266667"
"1512095167","2066067595","0.266667"
"2066067595","1512095167","0.266667"
"1522251376","1569844668","0.266667"
"1569844668","1522251376","0.266667"
"1569844668","2066067595","0.266667"
"2066067595","1569844668","0.266667"
"1837282659","235793102","1.24167"
"235793102","1837282659","1.24167"
"1512095167","2108795097","0.1"
"2108795097","1512095167","0.1"
"1522251376","69474113","0.496825"
"69474113","1522251376","0.496825"
"1569844668","2063689928","1.1"
"2063689928","1569844668","1.1"
"1569844668","2108795097","0.1"
"2108795097","1569844668","0.1"
"1604478529","2063689928","0.1"
"2063689928","1604478529","0.1"
"2022546268","2063689928","0.1"
"2063689928","2022546268","0.1"
