"113527761","1526683831","0.494048"
"1526683831","113527761","0.494048"
"113527761","1559040736","0.210145"
"1559040736","113527761","0.210145"
"113527761","1583775122","0.353002"
"1583775122","113527761","0.353002"
"113527761","1778634229","0.315304"
"1778634229","113527761","0.315304"
"113527761","1814410203","1.13872"
"1814410203","113527761","1.13872"
"113527761","1829844087","0.478002"
"1829844087","113527761","0.478002"
"113527761","2051958371","1.74802"
"2051958371","113527761","1.74802"
"113527761","2112468092","0.636905"
"2112468092","113527761","0.636905"
"113527761","2208279105","0.97205"
"2208279105","113527761","0.97205"
"1526683831","1559040736","1.35"
"1559040736","1526683831","1.35"
"1526683831","1583775122","0.166667"
"1583775122","1526683831","0.166667"
"1526683831","1778634229","0.396825"
"1778634229","1526683831","0.396825"
"1526683831","1814410203","3.05238"
"1814410203","1526683831","3.05238"
"1526683831","1829844087","0.25"
"1829844087","1526683831","0.25"
"1526683831","2051958371","0.271825"
"2051958371","1526683831","0.271825"
"1526683831","2112468092","0.452381"
"2112468092","1526683831","0.452381"
"1526683831","2208279105","0.552381"
"2208279105","1526683831","0.552381"
"1559040736","1583775122","0.353002"
"1583775122","1559040736","0.353002"
"1559040736","1778634229","0.154589"
"1778634229","1559040736","0.154589"
"1559040736","1814410203","4.49467"
"1814410203","1559040736","4.49467"
"1559040736","1829844087","0.561335"
"1829844087","1559040736","0.561335"
"1559040736","2051958371","0.962302"
"2051958371","1559040736","0.962302"
"1559040736","2112468092","0.392857"
"2112468092","1559040736","0.392857"
"1559040736","2208279105","0.935145"
"2208279105","1559040736","0.935145"
"1583775122","1778634229","0.154589"
"1778634229","1583775122","0.154589"
"1583775122","1814410203","0.845859"
"1814410203","1583775122","0.845859"
"1583775122","1829844087","0.912526"
"1829844087","1583775122","0.912526"
"1583775122","2051958371","0.496825"
"2051958371","1583775122","0.496825"
"1583775122","2112468092","1.46905"
"2112468092","1583775122","1.46905"
"1583775122","2208279105","0.703002"
"2208279105","1583775122","0.703002"
"1778634229","1814410203","2.1903"
"1814410203","1778634229","2.1903"
"1778634229","1829844087","0.154589"
"1829844087","1778634229","0.154589"
"1778634229","2051958371","0.271825"
"2051958371","1778634229","0.271825"
"1778634229","2112468092","0.146825"
"2112468092","1778634229","0.146825"
"1778634229","2208279105","1.05141"
"2208279105","1778634229","1.05141"
"1814410203","1829844087","1.82919"
"1829844087","1814410203","1.82919"
"1814410203","2051958371","3.49087"
"2051958371","1814410203","3.49087"
"1814410203","2112468092","4.54643"
"2112468092","1814410203","4.54643"
"1814410203","2208279105","3.10538"
"2208279105","1814410203","3.10538"
"1829844087","2051958371","1.48016"
"2051958371","1829844087","1.48016"
"1829844087","2112468092","1.66071"
"2112468092","1829844087","1.66071"
"1829844087","2208279105","1.18634"
"2208279105","1829844087","1.18634"
"2051958371","2112468092","1.57421"
"2112468092","2051958371","1.57421"
"2051958371","2208279105","1.09802"
"2208279105","2051958371","1.09802"
"2112468092","2208279105","0.820238"
"2208279105","2112468092","0.820238"
"113527761","2051165371","0.388716"
"2051165371","113527761","0.388716"
"1583775122","2051165371","0.286335"
"2051165371","1583775122","0.286335"
"1814410203","2051165371","2.50538"
"2051165371","1814410203","2.50538"
"1829844087","2051165371","0.394669"
"2051165371","1829844087","0.394669"
"2051165371","2051958371","1.02857"
"2051958371","2051165371","1.02857"
"2051165371","2112468092","0.778571"
"2112468092","2051165371","0.778571"
"2051165371","2208279105","3.26635"
"2208279105","2051165371","3.26635"
"113527761","1202774346","0.134748"
"1202774346","113527761","0.134748"
"113527761","1518356683","0.134748"
"1518356683","113527761","0.134748"
"113527761","1554426929","0.134748"
"1554426929","113527761","0.134748"
"113527761","1760768347","0.0990338"
"1760768347","113527761","0.0990338"
"113527761","1846245088","0.0990338"
"1846245088","113527761","0.0990338"
"113527761","2044876976","0.134748"
"2044876976","113527761","0.134748"
"113527761","205973549","0.134748"
"205973549","113527761","0.134748"
"113527761","2127410352","0.0990338"
"2127410352","113527761","0.0990338"
"113527761","2163963159","0.224034"
"2163963159","113527761","0.224034"
"113527761","2607973138","0.134748"
"2607973138","113527761","0.134748"
"113527761","78382894","0.134748"
"78382894","113527761","0.134748"
"1202774346","1518356683","0.423491"
"1518356683","1202774346","0.423491"
"1202774346","1526683831","0.299603"
"1526683831","1202774346","0.299603"
"1202774346","1554426929","0.579193"
"1554426929","1202774346","0.579193"
"1202774346","1559040736","0.432367"
"1559040736","1202774346","0.432367"
"1202774346","1583775122","0.0990338"
"1583775122","1202774346","0.0990338"
"1202774346","1760768347","0.0990338"
"1760768347","1202774346","0.0990338"
"1202774346","1814410203","1.67641"
"1814410203","1202774346","1.67641"
"1202774346","1829844087","0.182367"
"1829844087","1202774346","0.182367"
"1202774346","1846245088","0.0990338"
"1846245088","1202774346","0.0990338"
"1202774346","2044876976","0.634748"
"2044876976","1202774346","0.634748"
"1202774346","205973549","0.759748"
"205973549","1202774346","0.759748"
"1202774346","2112468092","0.174603"
"2112468092","1202774346","0.174603"
"1202774346","2127410352","0.182367"
"2127410352","1202774346","0.182367"
"1202774346","2163963159","0.182367"
"2163963159","1202774346","0.182367"
"1202774346","2208279105","2.88182"
"2208279105","1202774346","2.88182"
"1202774346","2607973138","0.218081"
"2607973138","1202774346","0.218081"
"1202774346","78382894","0.134748"
"78382894","1202774346","0.134748"
"1518356683","1526683831","0.0912698"
"1526683831","1518356683","0.0912698"
"1518356683","1554426929","0.245859"
"1554426929","1518356683","0.245859"
"1518356683","1559040736","0.241891"
"1559040736","1518356683","0.241891"
"1518356683","1583775122","0.241891"
"1583775122","1518356683","0.241891"
"1518356683","1760768347","0.0990338"
"1760768347","1518356683","0.0990338"
"1518356683","1814410203","0.277605"
"1814410203","1518356683","0.277605"
"1518356683","1829844087","0.241891"
"1829844087","1518356683","0.241891"
"1518356683","1846245088","0.0990338"
"1846245088","1518356683","0.0990338"
"1518356683","2044876976","0.384748"
"2044876976","1518356683","0.384748"
"1518356683","205973549","0.134748"
"205973549","1518356683","0.134748"
"1518356683","2112468092","0.234127"
"2112468092","1518356683","0.234127"
"1518356683","2127410352","0.0990338"
"2127410352","1518356683","0.0990338"
"1518356683","2163963159","0.241891"
"2163963159","1518356683","0.241891"
"1518356683","2208279105","0.673491"
"2208279105","1518356683","0.673491"
"1518356683","2607973138","1.13475"
"2607973138","1518356683","1.13475"
"1518356683","78382894","0.134748"
"78382894","1518356683","0.134748"
"1526683831","1554426929","0.0912698"
"1554426929","1526683831","0.0912698"
"1526683831","1760768347","0.0555556"
"1760768347","1526683831","0.0555556"
"1526683831","1846245088","0.155556"
"1846245088","1526683831","0.155556"
"1526683831","2044876976","0.0912698"
"2044876976","1526683831","0.0912698"
"1526683831","205973549","0.81627"
"205973549","1526683831","0.81627"
"1526683831","2127410352","0.138889"
"2127410352","1526683831","0.138889"
"1526683831","2163963159","0.238889"
"2163963159","1526683831","0.238889"
"1526683831","2607973138","0.174603"
"2607973138","1526683831","0.174603"
"1526683831","78382894","0.0912698"
"78382894","1526683831","0.0912698"
"1554426929","1559040736","0.0990338"
"1559040736","1554426929","0.0990338"
"1554426929","1583775122","0.199034"
"1583775122","1554426929","0.199034"
"1554426929","1760768347","0.0990338"
"1760768347","1554426929","0.0990338"
"1554426929","1814410203","1.56808"
"1814410203","1554426929","1.56808"
"1554426929","1829844087","0.0990338"
"1829844087","1554426929","0.0990338"
"1554426929","1846245088","0.0990338"
"1846245088","1554426929","0.0990338"
"1554426929","2044876976","0.134748"
"2044876976","1554426929","0.134748"
"1554426929","205973549","0.134748"
"205973549","1554426929","0.134748"
"1554426929","2112468092","0.19127"
"2112468092","1554426929","0.19127"
"1554426929","2127410352","0.0990338"
"2127410352","1554426929","0.0990338"
"1554426929","2163963159","0.0990338"
"2163963159","1554426929","0.0990338"
"1554426929","2208279105","0.345859"
"2208279105","1554426929","0.345859"
"1554426929","2607973138","0.134748"
"2607973138","1554426929","0.134748"
"1554426929","78382894","0.134748"
"78382894","1554426929","0.134748"
"1559040736","1760768347","0.432367"
"1760768347","1559040736","0.432367"
"1559040736","1846245088","0.199034"
"1846245088","1559040736","0.199034"
"1559040736","2044876976","0.0990338"
"2044876976","1559040736","0.0990338"
"1559040736","205973549","0.199034"
"205973549","1559040736","0.199034"
"1559040736","2127410352","0.182367"
"2127410352","1559040736","0.182367"
"1559040736","2163963159","0.550224"
"2163963159","1559040736","0.550224"
"1559040736","2607973138","0.307367"
"2607973138","1559040736","0.307367"
"1559040736","78382894","0.0990338"
"78382894","1559040736","0.0990338"
"1583775122","1760768347","0.0990338"
"1760768347","1583775122","0.0990338"
"1583775122","1846245088","0.0990338"
"1846245088","1583775122","0.0990338"
"1583775122","2044876976","0.0990338"
"2044876976","1583775122","0.0990338"
"1583775122","205973549","0.0990338"
"205973549","1583775122","0.0990338"
"1583775122","2127410352","0.0990338"
"2127410352","1583775122","0.0990338"
"1583775122","2163963159","0.408558"
"2163963159","1583775122","0.408558"
"1583775122","2607973138","0.599034"
"2607973138","1583775122","0.599034"
"1583775122","78382894","0.0990338"
"78382894","1583775122","0.0990338"
"1760768347","1814410203","0.432367"
"1814410203","1760768347","0.432367"
"1760768347","1829844087","0.0990338"
"1829844087","1760768347","0.0990338"
"1760768347","1846245088","1.2657"
"1846245088","1760768347","1.2657"
"1760768347","2044876976","0.0990338"
"2044876976","1760768347","0.0990338"
"1760768347","205973549","0.0990338"
"205973549","1760768347","0.0990338"
"1760768347","2112468092","0.0555556"
"2112468092","1760768347","0.0555556"
"1760768347","2127410352","0.0990338"
"2127410352","1760768347","0.0990338"
"1760768347","2163963159","0.0990338"
"2163963159","1760768347","0.0990338"
"1760768347","2208279105","0.0990338"
"2208279105","1760768347","0.0990338"
"1760768347","2607973138","0.0990338"
"2607973138","1760768347","0.0990338"
"1760768347","78382894","0.0990338"
"78382894","1760768347","0.0990338"
"1814410203","1846245088","0.299034"
"1846245088","1814410203","0.299034"
"1814410203","2044876976","0.484748"
"2044876976","1814410203","0.484748"
"1814410203","205973549","0.359748"
"205973549","1814410203","0.359748"
"1814410203","2127410352","0.7657"
"2127410352","1814410203","0.7657"
"1814410203","2163963159","0.925224"
"2163963159","1814410203","0.925224"
"1814410203","2607973138","0.926415"
"2607973138","1814410203","0.926415"
"1814410203","78382894","0.134748"
"78382894","1814410203","0.134748"
"1829844087","1846245088","0.0990338"
"1846245088","1829844087","0.0990338"
"1829844087","2044876976","0.432367"
"2044876976","1829844087","0.432367"
"1829844087","205973549","0.0990338"
"205973549","1829844087","0.0990338"
"1829844087","2127410352","0.182367"
"2127410352","1829844087","0.182367"
"1829844087","2163963159","2.65856"
"2163963159","1829844087","2.65856"
"1829844087","2607973138","0.307367"
"2607973138","1829844087","0.307367"
"1829844087","78382894","0.0990338"
"78382894","1829844087","0.0990338"
"1846245088","2044876976","0.399034"
"2044876976","1846245088","0.399034"
"1846245088","205973549","0.199034"
"205973549","1846245088","0.199034"
"1846245088","2112468092","0.0555556"
"2112468092","1846245088","0.0555556"
"1846245088","2127410352","0.0990338"
"2127410352","1846245088","0.0990338"
"1846245088","2163963159","0.199034"
"2163963159","1846245088","0.199034"
"1846245088","2208279105","0.299034"
"2208279105","1846245088","0.299034"
"1846245088","2607973138","0.0990338"
"2607973138","1846245088","0.0990338"
"1846245088","78382894","0.0990338"
"78382894","1846245088","0.0990338"
"2044876976","205973549","0.134748"
"205973549","2044876976","0.134748"
"2044876976","2112468092","0.0912698"
"2112468092","2044876976","0.0912698"
"2044876976","2127410352","0.0990338"
"2127410352","2044876976","0.0990338"
"2044876976","2163963159","0.432367"
"2163963159","2044876976","0.432367"
"2044876976","2208279105","3.31808"
"2208279105","2044876976","3.31808"
"2044876976","2607973138","0.134748"
"2607973138","2044876976","0.134748"
"2044876976","78382894","0.134748"
"78382894","2044876976","0.134748"
"205973549","2112468092","0.0912698"
"2112468092","205973549","0.0912698"
"205973549","2127410352","0.0990338"
"2127410352","205973549","0.0990338"
"205973549","2163963159","0.199034"
"2163963159","205973549","0.199034"
"205973549","2208279105","1.94308"
"2208279105","205973549","1.94308"
"205973549","2607973138","0.134748"
"2607973138","205973549","0.134748"
"205973549","78382894","0.384748"
"78382894","205973549","0.384748"
"2112468092","2127410352","0.138889"
"2127410352","2112468092","0.138889"
"2112468092","2163963159","1.15675"
"2163963159","2112468092","1.15675"
"2112468092","2607973138","0.674603"
"2607973138","2112468092","0.674603"
"2112468092","78382894","0.0912698"
"78382894","2112468092","0.0912698"
"2127410352","2163963159","0.182367"
"2163963159","2127410352","0.182367"
"2127410352","2208279105","0.0990338"
"2208279105","2127410352","0.0990338"
"2127410352","2607973138","0.182367"
"2607973138","2127410352","0.182367"
"2127410352","78382894","0.0990338"
"78382894","2127410352","0.0990338"
"2163963159","2208279105","0.782367"
"2208279105","2163963159","0.782367"
"2163963159","2607973138","0.307367"
"2607973138","2163963159","0.307367"
"2163963159","78382894","0.0990338"
"78382894","2163963159","0.0990338"
"2208279105","2607973138","0.593081"
"2607973138","2208279105","0.593081"
"2208279105","78382894","0.384748"
"78382894","2208279105","0.384748"
"2607973138","78382894","0.134748"
"78382894","2607973138","0.134748"
"113527761","1572249345","0.204193"
"1572249345","113527761","0.204193"
"113527761","2110582769","0.329193"
"2110582769","113527761","0.329193"
"1572249345","1814410203","1.53753"
"1814410203","1572249345","1.53753"
"1572249345","1829844087","0.168478"
"1829844087","1572249345","0.168478"
"1572249345","2051958371","0.660714"
"2051958371","1572249345","0.660714"
"1572249345","2110582769","8.82627"
"2110582769","1572249345","8.82627"
"1572249345","2112468092","0.160714"
"2112468092","1572249345","0.160714"
"1572249345","2163963159","0.168478"
"2163963159","1572249345","0.168478"
"1572249345","2208279105","0.742935"
"2208279105","1572249345","0.742935"
"1814410203","2110582769","4.84586"
"2110582769","1814410203","4.84586"
"1829844087","2110582769","0.418478"
"2110582769","1829844087","0.418478"
"2051958371","2110582769","0.994048"
"2110582769","2051958371","0.994048"
"2051958371","2163963159","0.72619"
"2163963159","2051958371","0.72619"
"2110582769","2112468092","0.410714"
"2112468092","2110582769","0.410714"
"2110582769","2163963159","0.518478"
"2163963159","2110582769","0.518478"
"2110582769","2208279105","2.05127"
"2208279105","2110582769","2.05127"
"113527761","1570995986","0.204193"
"1570995986","113527761","0.204193"
"113527761","1600296546","0.204193"
"1600296546","113527761","0.204193"
"113527761","1984210936","0.204193"
"1984210936","113527761","0.204193"
"1526683831","1570995986","0.260714"
"1570995986","1526683831","0.260714"
"1526683831","1600296546","0.260714"
"1600296546","1526683831","0.260714"
"1526683831","1984210936","1.26071"
"1984210936","1526683831","1.26071"
"1526683831","2110582769","0.260714"
"2110582769","1526683831","0.260714"
"1570995986","1600296546","1.30419"
"1600296546","1570995986","1.30419"
"1570995986","1778634229","0.565304"
"1778634229","1570995986","0.565304"
"1570995986","1814410203","0.554193"
"1814410203","1570995986","0.554193"
"1570995986","1984210936","0.304193"
"1984210936","1570995986","0.304193"
"1570995986","2110582769","0.842935"
"2110582769","1570995986","0.842935"
"1570995986","2208279105","0.842935"
"2208279105","1570995986","0.842935"
"1600296546","1778634229","0.204193"
"1778634229","1600296546","0.204193"
"1600296546","1814410203","0.404193"
"1814410203","1600296546","0.404193"
"1600296546","1984210936","0.404193"
"1984210936","1600296546","0.404193"
"1600296546","2110582769","0.304193"
"2110582769","1600296546","0.304193"
"1600296546","2208279105","0.404193"
"2208279105","1600296546","0.404193"
"1778634229","1984210936","0.204193"
"1984210936","1778634229","0.204193"
"1778634229","2110582769","1.0653"
"2110582769","1778634229","1.0653"
"1814410203","1984210936","2.40419"
"1984210936","1814410203","2.40419"
"1984210936","2110582769","1.38753"
"2110582769","1984210936","1.38753"
"1984210936","2208279105","0.404193"
"2208279105","1984210936","0.404193"
"113527761","1556040310","0.0357143"
"1556040310","113527761","0.0357143"
"113527761","1659906433","0.0357143"
"1659906433","113527761","0.0357143"
"113527761","1837747372","0.0357143"
"1837747372","113527761","0.0357143"
"113527761","1869813374","0.202381"
"1869813374","113527761","0.202381"
"113527761","2163699853","0.202381"
"2163699853","113527761","0.202381"
"113527761","2490697653","0.0357143"
"2490697653","113527761","0.0357143"
"113527761","2517834580","0.0357143"
"2517834580","113527761","0.0357143"
"113527761","2920162995","0.0357143"
"2920162995","113527761","0.0357143"
"113527761","2963296421","0.0357143"
"2963296421","113527761","0.0357143"
"1202774346","1556040310","0.65779"
"1556040310","1202774346","0.65779"
"1202774346","1570995986","0.367935"
"1570995986","1202774346","0.367935"
"1202774346","1572249345","0.367935"
"1572249345","1202774346","0.367935"
"1202774346","1600296546","0.0791925"
"1600296546","1202774346","0.0791925"
"1202774346","1659906433","2.86905"
"1659906433","1202774346","2.86905"
"1202774346","1778634229","0.315304"
"1778634229","1202774346","0.315304"
"1202774346","1837747372","0.0883459"
"1837747372","1202774346","0.0883459"
"1202774346","1869813374","0.119048"
"1869813374","1202774346","0.119048"
"1202774346","1984210936","0.912526"
"1984210936","1202774346","0.912526"
"1202774346","2051165371","1.54849"
"2051165371","1202774346","1.54849"
"1202774346","2051958371","0.410714"
"2051958371","1202774346","0.410714"
"1202774346","2110582769","2.86794"
"2110582769","1202774346","2.86794"
"1202774346","2163699853","0.0357143"
"2163699853","1202774346","0.0357143"
"1202774346","2490697653","0.421679"
"2490697653","1202774346","0.421679"
"1202774346","2517834580","0.0883459"
"2517834580","1202774346","0.0883459"
"1202774346","2920162995","0.0883459"
"2920162995","1202774346","0.0883459"
"1202774346","2963296421","0.0883459"
"2963296421","1202774346","0.0883459"
"1518356683","1556040310","0.324457"
"1556040310","1518356683","0.324457"
"1518356683","1570995986","0.617935"
"1570995986","1518356683","0.617935"
"1518356683","1572249345","1.61794"
"1572249345","1518356683","1.61794"
"1518356683","1600296546","0.0791925"
"1600296546","1518356683","0.0791925"
"1518356683","1659906433","0.160714"
"1659906433","1518356683","0.160714"
"1518356683","1778634229","0.190304"
"1778634229","1518356683","0.190304"
"1518356683","1837747372","0.0883459"
"1837747372","1518356683","0.0883459"
"1518356683","1869813374","0.0357143"
"1869813374","1518356683","0.0357143"
"1518356683","1984210936","0.0791925"
"1984210936","1518356683","0.0791925"
"1518356683","2051165371","0.256824"
"2051165371","1518356683","0.256824"
"1518356683","2051958371","0.178571"
"2051958371","1518356683","0.178571"
"1518356683","2110582769","3.36794"
"2110582769","1518356683","3.36794"
"1518356683","2163699853","0.0357143"
"2163699853","1518356683","0.0357143"
"1518356683","2490697653","0.0883459"
"2490697653","1518356683","0.0883459"
"1518356683","2517834580","0.0883459"
"2517834580","1518356683","0.0883459"
"1518356683","2920162995","0.0883459"
"2920162995","1518356683","0.0883459"
"1518356683","2963296421","0.0883459"
"2963296421","1518356683","0.0883459"
"1526683831","1556040310","0.119048"
"1556040310","1526683831","0.119048"
"1526683831","1572249345","0.0357143"
"1572249345","1526683831","0.0357143"
"1526683831","1659906433","0.244048"
"1659906433","1526683831","0.244048"
"1526683831","1837747372","0.0357143"
"1837747372","1526683831","0.0357143"
"1526683831","1869813374","0.285714"
"1869813374","1526683831","0.285714"
"1526683831","2051165371","0.410714"
"2051165371","1526683831","0.410714"
"1526683831","2163699853","0.702381"
"2163699853","1526683831","0.702381"
"1526683831","2490697653","0.285714"
"2490697653","1526683831","0.285714"
"1526683831","2517834580","0.0357143"
"2517834580","1526683831","0.0357143"
"1526683831","2920162995","0.285714"
"2920162995","1526683831","0.285714"
"1526683831","2963296421","0.285714"
"2963296421","1526683831","0.285714"
"1554426929","1556040310","0.146825"
"1556040310","1554426929","0.146825"
"1554426929","1570995986","0.190304"
"1570995986","1554426929","0.190304"
"1554426929","1572249345","0.190304"
"1572249345","1554426929","0.190304"
"1554426929","1600296546","1.17919"
"1600296546","1554426929","1.17919"
"1554426929","1659906433","0.135714"
"1659906433","1554426929","0.135714"
"1554426929","1778634229","0.190304"
"1778634229","1554426929","0.190304"
"1554426929","1837747372","0.0357143"
"1837747372","1554426929","0.0357143"
"1554426929","1869813374","0.0357143"
"1869813374","1554426929","0.0357143"
"1554426929","1984210936","0.512526"
"1984210936","1554426929","0.512526"
"1554426929","2051165371","0.179193"
"2051165371","1554426929","0.179193"
"1554426929","2051958371","0.135714"
"2051958371","1554426929","0.135714"
"1554426929","2110582769","0.190304"
"2110582769","1554426929","0.190304"
"1554426929","2163699853","0.0357143"
"2163699853","1554426929","0.0357143"
"1554426929","2490697653","0.0357143"
"2490697653","1554426929","0.0357143"
"1554426929","2517834580","0.0357143"
"2517834580","1554426929","0.0357143"
"1554426929","2920162995","0.0357143"
"2920162995","1554426929","0.0357143"
"1554426929","2963296421","0.0357143"
"2963296421","1554426929","0.0357143"
"1556040310","1570995986","0.324457"
"1570995986","1556040310","0.324457"
"1556040310","1572249345","0.324457"
"1572249345","1556040310","0.324457"
"1556040310","1600296546","0.0357143"
"1600296546","1556040310","0.0357143"
"1556040310","1659906433","5.63016"
"1659906433","1556040310","5.63016"
"1556040310","1778634229","0.146825"
"1778634229","1556040310","0.146825"
"1556040310","1814410203","0.369048"
"1814410203","1556040310","0.369048"
"1556040310","1837747372","7.99231"
"1837747372","1556040310","7.99231"
"1556040310","1869813374","1.48016"
"1869813374","1556040310","1.48016"
"1556040310","1984210936","0.563492"
"1984210936","1556040310","0.563492"
"1556040310","2044876976","0.0357143"
"2044876976","1556040310","0.0357143"
"1556040310","2051165371","2.6812"
"2051165371","1556040310","2.6812"
"1556040310","2051958371","0.285714"
"2051958371","1556040310","0.285714"
"1556040310","205973549","0.235714"
"205973549","1556040310","0.235714"
"1556040310","2110582769","0.574457"
"2110582769","1556040310","0.574457"
"1556040310","2112468092","0.119048"
"2112468092","1556040310","0.119048"
"1556040310","2163699853","0.0357143"
"2163699853","1556040310","0.0357143"
"1556040310","2208279105","1.32446"
"2208279105","1556040310","1.32446"
"1556040310","2490697653","0.905013"
"2490697653","1556040310","0.905013"
"1556040310","2517834580","5.55779"
"2517834580","1556040310","5.55779"
"1556040310","2607973138","1.11905"
"2607973138","1556040310","1.11905"
"1556040310","2920162995","0.866124"
"2920162995","1556040310","0.866124"
"1556040310","2963296421","4.22446"
"2963296421","1556040310","4.22446"
"1556040310","78382894","0.619048"
"78382894","1556040310","0.619048"
"1570995986","1572249345","0.617935"
"1572249345","1570995986","0.617935"
"1570995986","1659906433","0.160714"
"1659906433","1570995986","0.160714"
"1570995986","1837747372","0.0883459"
"1837747372","1570995986","0.0883459"
"1570995986","1869813374","0.0357143"
"1869813374","1570995986","0.0357143"
"1570995986","2044876976","0.579193"
"2044876976","1570995986","0.579193"
"1570995986","2051165371","0.256824"
"2051165371","1570995986","0.256824"
"1570995986","2051958371","0.0357143"
"2051958371","1570995986","0.0357143"
"1570995986","205973549","0.179193"
"205973549","1570995986","0.179193"
"1570995986","2112468092","0.0357143"
"2112468092","1570995986","0.0357143"
"1570995986","2163699853","0.0357143"
"2163699853","1570995986","0.0357143"
"1570995986","2490697653","0.0883459"
"2490697653","1570995986","0.0883459"
"1570995986","2517834580","0.0883459"
"2517834580","1570995986","0.0883459"
"1570995986","2607973138","0.0791925"
"2607973138","1570995986","0.0791925"
"1570995986","2920162995","0.0883459"
"2920162995","1570995986","0.0883459"
"1570995986","2963296421","0.0883459"
"2963296421","1570995986","0.0883459"
"1570995986","78382894","0.0791925"
"78382894","1570995986","0.0791925"
"1572249345","1600296546","0.0791925"
"1600296546","1572249345","0.0791925"
"1572249345","1659906433","0.160714"
"1659906433","1572249345","0.160714"
"1572249345","1778634229","0.190304"
"1778634229","1572249345","0.190304"
"1572249345","1837747372","0.0883459"
"1837747372","1572249345","0.0883459"
"1572249345","1869813374","0.0357143"
"1869813374","1572249345","0.0357143"
"1572249345","1984210936","0.0791925"
"1984210936","1572249345","0.0791925"
"1572249345","2044876976","0.329193"
"2044876976","1572249345","0.329193"
"1572249345","2051165371","0.256824"
"2051165371","1572249345","0.256824"
"1572249345","205973549","0.0791925"
"205973549","1572249345","0.0791925"
"1572249345","2163699853","0.0357143"
"2163699853","1572249345","0.0357143"
"1572249345","2490697653","0.0883459"
"2490697653","1572249345","0.0883459"
"1572249345","2517834580","0.0883459"
"2517834580","1572249345","0.0883459"
"1572249345","2607973138","1.32919"
"2607973138","1572249345","1.32919"
"1572249345","2920162995","0.0883459"
"2920162995","1572249345","0.0883459"
"1572249345","2963296421","0.0883459"
"2963296421","1572249345","0.0883459"
"1572249345","78382894","0.0791925"
"78382894","1572249345","0.0791925"
"1600296546","1659906433","0.135714"
"1659906433","1600296546","0.135714"
"1600296546","1837747372","0.0357143"
"1837747372","1600296546","0.0357143"
"1600296546","1869813374","0.0357143"
"1869813374","1600296546","0.0357143"
"1600296546","2044876976","0.0791925"
"2044876976","1600296546","0.0791925"
"1600296546","2051165371","0.179193"
"2051165371","1600296546","0.179193"
"1600296546","2051958371","0.135714"
"2051958371","1600296546","0.135714"
"1600296546","205973549","0.179193"
"205973549","1600296546","0.179193"
"1600296546","2112468092","0.135714"
"2112468092","1600296546","0.135714"
"1600296546","2163699853","0.0357143"
"2163699853","1600296546","0.0357143"
"1600296546","2490697653","0.0357143"
"2490697653","1600296546","0.0357143"
"1600296546","2517834580","0.0357143"
"2517834580","1600296546","0.0357143"
"1600296546","2607973138","0.0791925"
"2607973138","1600296546","0.0791925"
"1600296546","2920162995","0.0357143"
"2920162995","1600296546","0.0357143"
"1600296546","2963296421","0.0357143"
"2963296421","1600296546","0.0357143"
"1600296546","78382894","0.0791925"
"78382894","1600296546","0.0791925"
"1659906433","1778634229","0.160714"
"1778634229","1659906433","0.160714"
"1659906433","1814410203","2.71905"
"1814410203","1659906433","2.71905"
"1659906433","1837747372","0.521825"
"1837747372","1659906433","0.521825"
"1659906433","1869813374","0.730159"
"1869813374","1659906433","0.730159"
"1659906433","1984210936","0.663492"
"1984210936","1659906433","0.663492"
"1659906433","2044876976","0.0357143"
"2044876976","1659906433","0.0357143"
"1659906433","2051165371","1.05238"
"2051165371","1659906433","1.05238"
"1659906433","2051958371","0.385714"
"2051958371","1659906433","0.385714"
"1659906433","205973549","0.744048"
"205973549","1659906433","0.744048"
"1659906433","2110582769","1.49405"
"2110582769","1659906433","1.49405"
"1659906433","2112468092","0.219048"
"2112468092","1659906433","0.219048"
"1659906433","2163699853","0.0357143"
"2163699853","1659906433","0.0357143"
"1659906433","2208279105","2.09405"
"2208279105","1659906433","2.09405"
"1659906433","2490697653","1.51905"
"2490697653","1659906433","1.51905"
"1659906433","2517834580","2.72183"
"2517834580","1659906433","2.72183"
"1659906433","2607973138","0.244048"
"2607973138","1659906433","0.244048"
"1659906433","2920162995","1.14683"
"2920162995","1659906433","1.14683"
"1659906433","2963296421","1.08849"
"2963296421","1659906433","1.08849"
"1659906433","78382894","2.06905"
"78382894","1659906433","2.06905"
"1778634229","1837747372","0.0357143"
"1837747372","1778634229","0.0357143"
"1778634229","1869813374","0.0357143"
"1869813374","1778634229","0.0357143"
"1778634229","2044876976","3.82919"
"2044876976","1778634229","3.82919"
"1778634229","2051165371","0.204193"
"2051165371","1778634229","0.204193"
"1778634229","205973549","0.204193"
"205973549","1778634229","0.204193"
"1778634229","2163699853","0.0357143"
"2163699853","1778634229","0.0357143"
"1778634229","2490697653","0.0357143"
"2490697653","1778634229","0.0357143"
"1778634229","2517834580","0.0357143"
"2517834580","1778634229","0.0357143"
"1778634229","2607973138","0.0791925"
"2607973138","1778634229","0.0791925"
"1778634229","2920162995","0.0357143"
"2920162995","1778634229","0.0357143"
"1778634229","2963296421","0.0357143"
"2963296421","1778634229","0.0357143"
"1778634229","78382894","0.0791925"
"78382894","1778634229","0.0791925"
"1814410203","1837747372","0.0357143"
"1837747372","1814410203","0.0357143"
"1814410203","1869813374","1.03571"
"1869813374","1814410203","1.03571"
"1814410203","2163699853","1.20238"
"2163699853","1814410203","1.20238"
"1814410203","2490697653","0.285714"
"2490697653","1814410203","0.285714"
"1814410203","2517834580","0.0357143"
"2517834580","1814410203","0.0357143"
"1814410203","2920162995","0.285714"
"2920162995","1814410203","0.285714"
"1814410203","2963296421","0.285714"
"2963296421","1814410203","0.285714"
"1837747372","1869813374","0.396825"
"1869813374","1837747372","0.396825"
"1837747372","1984210936","0.313492"
"1984210936","1837747372","0.313492"
"1837747372","2044876976","0.0357143"
"2044876976","1837747372","0.0357143"
"1837747372","2051165371","2.02287"
"2051165371","1837747372","2.02287"
"1837747372","2051958371","0.0357143"
"2051958371","1837747372","0.0357143"
"1837747372","205973549","0.235714"
"205973549","1837747372","0.235714"
"1837747372","2110582769","0.0883459"
"2110582769","1837747372","0.0883459"
"1837747372","2112468092","0.0357143"
"2112468092","1837747372","0.0357143"
"1837747372","2163699853","0.0357143"
"2163699853","1837747372","0.0357143"
"1837747372","2208279105","0.0883459"
"2208279105","1837747372","0.0883459"
"1837747372","2490697653","0.371679"
"2490697653","1837747372","0.371679"
"1837747372","2517834580","1.59946"
"2517834580","1837747372","1.59946"
"1837747372","2607973138","0.0357143"
"2607973138","1837747372","0.0357143"
"1837747372","2920162995","0.866124"
"2920162995","1837747372","0.866124"
"1837747372","2963296421","1.73279"
"2963296421","1837747372","1.73279"
"1837747372","78382894","0.119048"
"78382894","1837747372","0.119048"
"1869813374","1984210936","0.313492"
"1984210936","1869813374","0.313492"
"1869813374","2044876976","0.0357143"
"2044876976","1869813374","0.0357143"
"1869813374","2051165371","0.785714"
"2051165371","1869813374","0.785714"
"1869813374","2051958371","0.285714"
"2051958371","1869813374","0.285714"
"1869813374","205973549","0.0357143"
"205973549","1869813374","0.0357143"
"1869813374","2110582769","0.0357143"
"2110582769","1869813374","0.0357143"
"1869813374","2112468092","0.702381"
"2112468092","1869813374","0.702381"
"1869813374","2163699853","0.202381"
"2163699853","1869813374","0.202381"
"1869813374","2208279105","0.0357143"
"2208279105","1869813374","0.0357143"
"1869813374","2490697653","0.0357143"
"2490697653","1869813374","0.0357143"
"1869813374","2517834580","0.146825"
"2517834580","1869813374","0.146825"
"1869813374","2607973138","0.119048"
"2607973138","1869813374","0.119048"
"1869813374","2920162995","0.146825"
"2920162995","1869813374","0.146825"
"1869813374","2963296421","0.146825"
"2963296421","1869813374","0.146825"
"1869813374","78382894","0.0357143"
"78382894","1869813374","0.0357143"
"1984210936","2044876976","0.579193"
"2044876976","1984210936","0.579193"
"1984210936","2051165371","0.179193"
"2051165371","1984210936","0.179193"
"1984210936","2051958371","0.802381"
"2051958371","1984210936","0.802381"
"1984210936","205973549","0.179193"
"205973549","1984210936","0.179193"
"1984210936","2112468092","0.635714"
"2112468092","1984210936","0.635714"
"1984210936","2163699853","0.0357143"
"2163699853","1984210936","0.0357143"
"1984210936","2490697653","0.0357143"
"2490697653","1984210936","0.0357143"
"1984210936","2517834580","0.313492"
"2517834580","1984210936","0.313492"
"1984210936","2607973138","0.0791925"
"2607973138","1984210936","0.0791925"
"1984210936","2920162995","0.146825"
"2920162995","1984210936","0.146825"
"1984210936","2963296421","0.146825"
"2963296421","1984210936","0.146825"
"1984210936","78382894","0.0791925"
"78382894","1984210936","0.0791925"
"2044876976","2051165371","0.179193"
"2051165371","2044876976","0.179193"
"2044876976","2051958371","0.0357143"
"2051958371","2044876976","0.0357143"
"2044876976","2110582769","0.329193"
"2110582769","2044876976","0.329193"
"2044876976","2163699853","0.0357143"
"2163699853","2044876976","0.0357143"
"2044876976","2490697653","0.0357143"
"2490697653","2044876976","0.0357143"
"2044876976","2517834580","0.0357143"
"2517834580","2044876976","0.0357143"
"2044876976","2920162995","0.0357143"
"2920162995","2044876976","0.0357143"
"2044876976","2963296421","0.0357143"
"2963296421","2044876976","0.0357143"
"2051165371","205973549","0.454193"
"205973549","2051165371","0.454193"
"2051165371","2110582769","0.256824"
"2110582769","2051165371","0.256824"
"2051165371","2163699853","0.202381"
"2163699853","2051165371","0.202381"
"2051165371","2490697653","0.505013"
"2490697653","2051165371","0.505013"
"2051165371","2517834580","0.296679"
"2517834580","2051165371","0.296679"
"2051165371","2607973138","0.620859"
"2607973138","2051165371","0.620859"
"2051165371","2920162995","0.0883459"
"2920162995","2051165371","0.0883459"
"2051165371","2963296421","0.296679"
"2963296421","2051165371","0.296679"
"2051165371","78382894","0.412526"
"78382894","2051165371","0.412526"
"2051958371","205973549","0.160714"
"205973549","2051958371","0.160714"
"2051958371","2163699853","0.0357143"
"2163699853","2051958371","0.0357143"
"2051958371","2490697653","0.0357143"
"2490697653","2051958371","0.0357143"
"2051958371","2517834580","0.0357143"
"2517834580","2051958371","0.0357143"
"2051958371","2607973138","1.41071"
"2607973138","2051958371","1.41071"
"2051958371","2920162995","0.0357143"
"2920162995","2051958371","0.0357143"
"2051958371","2963296421","0.0357143"
"2963296421","2051958371","0.0357143"
"2051958371","78382894","0.0357143"
"78382894","2051958371","0.0357143"
"205973549","2110582769","0.512526"
"2110582769","205973549","0.512526"
"205973549","2163699853","0.535714"
"2163699853","205973549","0.535714"
"205973549","2490697653","0.235714"
"2490697653","205973549","0.235714"
"205973549","2517834580","0.235714"
"2517834580","205973549","0.235714"
"205973549","2920162995","0.0357143"
"2920162995","205973549","0.0357143"
"205973549","2963296421","0.0357143"
"2963296421","205973549","0.0357143"
"2110582769","2163699853","0.0357143"
"2163699853","2110582769","0.0357143"
"2110582769","2490697653","0.0883459"
"2490697653","2110582769","0.0883459"
"2110582769","2517834580","0.0883459"
"2517834580","2110582769","0.0883459"
"2110582769","2607973138","1.32919"
"2607973138","2110582769","1.32919"
"2110582769","2920162995","0.0883459"
"2920162995","2110582769","0.0883459"
"2110582769","2963296421","0.0883459"
"2963296421","2110582769","0.0883459"
"2110582769","78382894","0.0791925"
"78382894","2110582769","0.0791925"
"2112468092","2163699853","0.202381"
"2163699853","2112468092","0.202381"
"2112468092","2490697653","0.0357143"
"2490697653","2112468092","0.0357143"
"2112468092","2517834580","0.0357143"
"2517834580","2112468092","0.0357143"
"2112468092","2920162995","0.0357143"
"2920162995","2112468092","0.0357143"
"2112468092","2963296421","0.0357143"
"2963296421","2112468092","0.0357143"
"2163699853","2208279105","0.0357143"
"2208279105","2163699853","0.0357143"
"2163699853","2490697653","0.0357143"
"2490697653","2163699853","0.0357143"
"2163699853","2517834580","0.0357143"
"2517834580","2163699853","0.0357143"
"2163699853","2607973138","0.0357143"
"2607973138","2163699853","0.0357143"
"2163699853","2920162995","0.0357143"
"2920162995","2163699853","0.0357143"
"2163699853","2963296421","0.0357143"
"2963296421","2163699853","0.0357143"
"2163699853","78382894","0.0357143"
"78382894","2163699853","0.0357143"
"2208279105","2490697653","0.421679"
"2490697653","2208279105","0.421679"
"2208279105","2517834580","0.0883459"
"2517834580","2208279105","0.0883459"
"2208279105","2920162995","0.0883459"
"2920162995","2208279105","0.0883459"
"2208279105","2963296421","0.0883459"
"2963296421","2208279105","0.0883459"
"2490697653","2517834580","1.15501"
"2517834580","2490697653","1.15501"
"2490697653","2607973138","0.0357143"
"2607973138","2490697653","0.0357143"
"2490697653","2920162995","0.338346"
"2920162995","2490697653","0.338346"
"2490697653","2963296421","1.40501"
"2963296421","2490697653","1.40501"
"2490697653","78382894","0.319048"
"78382894","2490697653","0.319048"
"2517834580","2607973138","0.0357143"
"2607973138","2517834580","0.0357143"
"2517834580","2920162995","2.53279"
"2920162995","2517834580","2.53279"
"2517834580","2963296421","3.47446"
"2963296421","2517834580","3.47446"
"2517834580","78382894","0.319048"
"78382894","2517834580","0.319048"
"2607973138","2920162995","0.0357143"
"2920162995","2607973138","0.0357143"
"2607973138","2963296421","1.03571"
"2963296421","2607973138","1.03571"
"2920162995","2963296421","1.44946"
"2963296421","2920162995","1.44946"
"2920162995","78382894","0.0357143"
"78382894","2920162995","0.0357143"
"2963296421","78382894","0.319048"
"78382894","2963296421","0.319048"
"1559040736","1570995986","0.143478"
"1570995986","1559040736","0.143478"
"1559040736","1572249345","0.0434783"
"1572249345","1559040736","0.0434783"
"1559040736","1600296546","0.143478"
"1600296546","1559040736","0.143478"
"1559040736","1984210936","0.143478"
"1984210936","1559040736","0.143478"
"1559040736","2051165371","0.501812"
"2051165371","1559040736","0.501812"
"1559040736","2110582769","0.143478"
"2110582769","1559040736","0.143478"
"1570995986","1583775122","0.0434783"
"1583775122","1570995986","0.0434783"
"1570995986","1760768347","0.0434783"
"1760768347","1570995986","0.0434783"
"1570995986","1829844087","0.0434783"
"1829844087","1570995986","0.0434783"
"1570995986","1846245088","0.143478"
"1846245088","1570995986","0.143478"
"1570995986","2127410352","0.0434783"
"2127410352","1570995986","0.0434783"
"1570995986","2163963159","0.143478"
"2163963159","1570995986","0.143478"
"1572249345","1583775122","0.0434783"
"1583775122","1572249345","0.0434783"
"1572249345","1760768347","0.0434783"
"1760768347","1572249345","0.0434783"
"1572249345","1846245088","0.0434783"
"1846245088","1572249345","0.0434783"
"1572249345","2127410352","0.626812"
"2127410352","1572249345","0.626812"
"1583775122","1600296546","0.143478"
"1600296546","1583775122","0.143478"
"1583775122","1984210936","0.310145"
