"100306196","2093661828","4"
"2093661828","100306196","4"
"100306196","1005518165","0.166667"
"1005518165","100306196","0.166667"
"100306196","1492367367","0.166667"
"1492367367","100306196","0.166667"
"100306196","2023695596","0.166667"
"2023695596","100306196","0.166667"
"100306196","2124229446","0.166667"
"2124229446","100306196","0.166667"
"100306196","2149280607","0.166667"
"2149280607","100306196","0.166667"
"100306196","2165453113","0.166667"
"2165453113","100306196","0.166667"
"1005518165","1492367367","1.47164"
"1492367367","1005518165","1.47164"
"1005518165","2023695596","3.57089"
"2023695596","1005518165","3.57089"
"1005518165","2124229446","1.25952"
"2124229446","1005518165","1.25952"
"1005518165","2149280607","0.72619"
"2149280607","1005518165","0.72619"
"1005518165","2165453113","2.25952"
"2165453113","1005518165","2.25952"
"1492367367","2023695596","1.02165"
"2023695596","1492367367","1.02165"
"1492367367","2124229446","1.25952"
"2124229446","1492367367","1.25952"
"1492367367","2149280607","1.89286"
"2149280607","1492367367","1.89286"
"1492367367","2165453113","1.75952"
"2165453113","1492367367","1.75952"
"2023695596","2124229446","0.809524"
"2124229446","2023695596","0.809524"
"2023695596","2149280607","0.47619"
"2149280607","2023695596","0.47619"
"2023695596","2165453113","0.809524"
"2165453113","2023695596","0.809524"
"2124229446","2149280607","1.05952"
"2149280607","2124229446","1.05952"
"2124229446","2165453113","2.09286"
"2165453113","2124229446","2.09286"
"2149280607","2165453113","2.55952"
"2165453113","2149280607","2.55952"
"100306196","2053029294","1"
"2053029294","100306196","1"
"100306196","1576072324","0.333333"
"1576072324","100306196","0.333333"
"100306196","1870120071","0.333333"
"1870120071","100306196","0.333333"
"100306196","2283968319","0.333333"
"2283968319","100306196","0.333333"
"1576072324","1870120071","0.666667"
"1870120071","1576072324","0.666667"
"1576072324","2283968319","2.16667"
"2283968319","1576072324","2.16667"
"1870120071","2283968319","0.666667"
"2283968319","1870120071","0.666667"
"1005518165","1556739164","0.786364"
"1556739164","1005518165","0.786364"
"1005518165","2103033326","0.458333"
"2103033326","1005518165","0.458333"
"1005518165","2149934057","0.333333"
"2149934057","1005518165","0.333333"
"1556739164","2103033326","0.982576"
"2103033326","1556739164","0.982576"
"1556739164","2149934057","0.766667"
"2149934057","1556739164","0.766667"
"2103033326","2149934057","22.9095"
"2149934057","2103033326","22.9095"
"1005518165","1654251166","0.595887"
"1654251166","1005518165","0.595887"
"1005518165","2066985387","0.170455"
"2066985387","1005518165","0.170455"
"1005518165","2068395804","1.52803"
"2068395804","1005518165","1.52803"
"1005518165","2114110439","0.32803"
"2114110439","1005518165","0.32803"
"1005518165","2118028478","1.32803"
"2118028478","1005518165","1.32803"
"1005518165","2171187485","0.282576"
"2171187485","1005518165","0.282576"
"1005518165","2252984047","0.282576"
"2252984047","1005518165","0.282576"
"1654251166","2023695596","0.654221"
"2023695596","1654251166","0.654221"
"1654251166","2066985387","0.570455"
"2066985387","1654251166","0.570455"
"1654251166","2068395804","6.9618"
"2068395804","1654251166","6.9618"
"1654251166","2114110439","1.66894"
"2114110439","1654251166","1.66894"
"1654251166","2118028478","1.8447"
"2118028478","1654251166","1.8447"
"1654251166","2171187485","2.28301"
"2171187485","1654251166","2.28301"
"1654251166","2252984047","1.82348"
"2252984047","1654251166","1.82348"
"2023695596","2066985387","0.170455"
"2066985387","2023695596","0.170455"
"2023695596","2068395804","0.511364"
"2068395804","2023695596","0.511364"
"2023695596","2114110439","0.261364"
"2114110439","2023695596","0.261364"
"2023695596","2118028478","0.261364"
"2118028478","2023695596","0.261364"
"2023695596","2171187485","0.215909"
"2171187485","2023695596","0.215909"
"2023695596","2252984047","0.215909"
"2252984047","2023695596","0.215909"
"2066985387","2068395804","0.370455"
"2068395804","2066985387","0.370455"
"2066985387","2114110439","0.870455"
"2114110439","2066985387","0.870455"
"2066985387","2118028478","1.06212"
"2118028478","2066985387","1.06212"
"2066985387","2171187485","0.125"
"2171187485","2066985387","0.125"
"2066985387","2252984047","0.125"
"2252984047","2066985387","0.125"
"2068395804","2114110439","2.16894"
"2114110439","2068395804","2.16894"
"2068395804","2118028478","1.11136"
"2118028478","2068395804","1.11136"
"2068395804","2171187485","2.78301"
"2171187485","2068395804","2.78301"
"2068395804","2252984047","1.82348"
"2252984047","2068395804","1.82348"
"2114110439","2118028478","1.0447"
"2118028478","2114110439","1.0447"
"2114110439","2171187485","1.34015"
"2171187485","2114110439","1.34015"
"2114110439","2252984047","0.840151"
"2252984047","2114110439","0.840151"
"2118028478","2171187485","0.815909"
"2171187485","2118028478","0.815909"
"2118028478","2252984047","0.749242"
"2252984047","2118028478","0.749242"
"2171187485","2252984047","1.82348"
"2252984047","2171187485","1.82348"
"1005518165","2100006764","0.746645"
"2100006764","1005518165","0.746645"
"1492367367","2100006764","0.554978"
"2100006764","1492367367","0.554978"
"2023695596","2100006764","0.354978"
"2100006764","2023695596","0.354978"
"2100006764","2124229446","1.00952"
"2124229446","2100006764","1.00952"
"2100006764","2149280607","0.309524"
"2149280607","2100006764","0.309524"
"2100006764","2165453113","1.00952"
"2165453113","2100006764","1.00952"
"1492367367","2068395804","0.245455"
"2068395804","1492367367","0.245455"
"2068395804","2100006764","2.01212"
"2100006764","2068395804","2.01212"
"2068395804","2124229446","0.2"
"2124229446","2068395804","0.2"
"2068395804","2165453113","0.2"
"2165453113","2068395804","0.2"
"1005518165","1504657027","0.494697"
"1504657027","1005518165","0.494697"
"1005518165","1542621471","0.403788"
"1542621471","1005518165","0.403788"
"1005518165","2020784016","0.382576"
"2020784016","1005518165","0.382576"
"1005518165","2146919031","0.403788"
"2146919031","1005518165","0.403788"
"1005518165","2146943433","0.403788"
"2146943433","1005518165","0.403788"
"1005518165","2183748266","0.403788"
"2183748266","1005518165","0.403788"
"1504657027","1542621471","2.22165"
"1542621471","1504657027","2.22165"
"1504657027","1556739164","2.60422"
"1556739164","1504657027","2.60422"
"1504657027","1654251166","2.47089"
"1654251166","1504657027","2.47089"
"1504657027","2020784016","0.715909"
"2020784016","1504657027","0.715909"
"1504657027","2146919031","1.61331"
"2146919031","1504657027","1.61331"
"1504657027","2146943433","3.02403"
"2146943433","1504657027","3.02403"
"1504657027","2183748266","1.52165"
"2183748266","1504657027","1.52165"
"1542621471","1556739164","0.920455"
"1556739164","1542621471","0.920455"
"1542621471","1654251166","0.487121"
"1654251166","1542621471","0.487121"
"1542621471","2020784016","0.625"
"2020784016","1542621471","0.625"
"1542621471","2146919031","1.96331"
"2146919031","1542621471","1.96331"
"1542621471","2146943433","1.63831"
"2146943433","1542621471","1.63831"
"1542621471","2183748266","1.22164"
"2183748266","1542621471","1.22164"
"1556739164","1654251166","1.0618"
"1654251166","1556739164","1.0618"
"1556739164","2020784016","0.649242"
"2020784016","1556739164","0.649242"
"1556739164","2146919031","0.337121"
"2146919031","1556739164","0.337121"
"1556739164","2146943433","0.479978"
"2146943433","1556739164","0.479978"
"1556739164","2183748266","1.67803"
"2183748266","1556739164","1.67803"
"1654251166","2020784016","1.31591"
"2020784016","1654251166","1.31591"
"1654251166","2146919031","0.587121"
"2146919031","1654251166","0.587121"
"1654251166","2146943433","0.729978"
"2146943433","1654251166","0.729978"
"1654251166","2183748266","0.394697"
"2183748266","1654251166","0.394697"
"2020784016","2146919031","0.291667"
"2146919031","2020784016","0.291667"
"2020784016","2146943433","0.291667"
"2146943433","2020784016","0.291667"
"2020784016","2183748266","0.291667"
"2183748266","2020784016","0.291667"
"2146919031","2146943433","1.61331"
"2146943433","2146919031","1.61331"
"2146919031","2183748266","0.846645"
"2183748266","2146919031","0.846645"
"2146943433","2183748266","1.27165"
"2183748266","2146943433","1.27165"
"1005518165","1993523633","0.20303"
"1993523633","1005518165","0.20303"
"1504657027","1993523633","1.21136"
"1993523633","1504657027","1.21136"
"1504657027","2023695596","0.136364"
"2023695596","1504657027","0.136364"
"1504657027","2068395804","1.61255"
"2068395804","1504657027","1.61255"
"1504657027","2114110439","0.719697"
"2114110439","1504657027","0.719697"
"1504657027","2118028478","3.93755"
"2118028478","1504657027","3.93755"
"1504657027","2171187485","0.8171"
"2171187485","1504657027","0.8171"
"1504657027","2252984047","0.424242"
"2252984047","1504657027","0.424242"
"1556739164","1993523633","0.30303"
"1993523633","1556739164","0.30303"
"1556739164","2023695596","0.136364"
"2023695596","1556739164","0.136364"
"1556739164","2068395804","0.736797"
"2068395804","1556739164","0.736797"
"1556739164","2114110439","0.293939"
"2114110439","1556739164","0.293939"
"1556739164","2118028478","0.75303"
"2118028478","1556739164","0.75303"
"1556739164","2171187485","1.59134"
"2171187485","1556739164","1.59134"
"1556739164","2252984047","0.448485"
"2252984047","1556739164","0.448485"
"1654251166","1993523633","0.536364"
"1993523633","1654251166","0.536364"
"1993523633","2020784016","0.0909091"
"2020784016","1993523633","0.0909091"
"1993523633","2023695596","0.136364"
"2023695596","1993523633","0.136364"
"1993523633","2068395804","0.20303"
"2068395804","1993523633","0.20303"
"1993523633","2114110439","0.70303"
"2114110439","1993523633","0.70303"
"1993523633","2118028478","1.46136"
"2118028478","1993523633","1.46136"
"1993523633","2171187485","0.157576"
"2171187485","1993523633","0.157576"
"1993523633","2252984047","0.157576"
"2252984047","1993523633","0.157576"
"2020784016","2023695596","0.0909091"
"2023695596","2020784016","0.0909091"
"2020784016","2068395804","0.190909"
"2068395804","2020784016","0.190909"
"2020784016","2114110439","0.590909"
"2114110439","2020784016","0.590909"
"2020784016","2118028478","0.0909091"
"2118028478","2020784016","0.0909091"
"2020784016","2171187485","0.0909091"
"2171187485","2020784016","0.0909091"
"2020784016","2252984047","0.0909091"
"2252984047","2020784016","0.0909091"
"1005518165","152703248","0.191667"
"152703248","1005518165","0.191667"
"1504657027","152703248","0.766667"
"152703248","1504657027","0.766667"
"1504657027","2100006764","1.1145"
"2100006764","1504657027","1.1145"
"152703248","1542621471","0.0666667"
"1542621471","152703248","0.0666667"
"152703248","1556739164","0.191667"
"1556739164","152703248","0.191667"
"152703248","1654251166","0.516667"
"1654251166","152703248","0.516667"
"152703248","1993523633","0.0666667"
"1993523633","152703248","0.0666667"
"152703248","2068395804","0.316667"
"2068395804","152703248","0.316667"
"152703248","2100006764","0.391667"
"2100006764","152703248","0.391667"
"152703248","2114110439","0.0666667"
"2114110439","152703248","0.0666667"
"152703248","2118028478","0.266667"
"2118028478","152703248","0.266667"
"152703248","2146919031","0.0666667"
"2146919031","152703248","0.0666667"
"152703248","2146943433","0.566667"
"2146943433","152703248","0.566667"
"152703248","2171187485","0.0666667"
"2171187485","152703248","0.0666667"
"152703248","2183748266","0.0666667"
"2183748266","152703248","0.0666667"
"152703248","2252984047","0.0666667"
"2252984047","152703248","0.0666667"
"1542621471","1993523633","0.787121"
"1993523633","1542621471","0.787121"
"1542621471","2068395804","0.362121"
"2068395804","1542621471","0.362121"
"1542621471","2100006764","0.871645"
"2100006764","1542621471","0.871645"
"1542621471","2114110439","0.362121"
"2114110439","1542621471","0.362121"
"1542621471","2118028478","1.79665"
"2118028478","1542621471","1.79665"
"1542621471","2171187485","0.0666667"
"2171187485","1542621471","0.0666667"
"1542621471","2252984047","0.0666667"
"2252984047","1542621471","0.0666667"
"1556739164","2100006764","0.237121"
"2100006764","1556739164","0.237121"
"1654251166","2100006764","3.15498"
"2100006764","1654251166","3.15498"
"1993523633","2100006764","0.112121"
"2100006764","1993523633","0.112121"
"1993523633","2146919031","0.662121"
"2146919031","1993523633","0.662121"
"1993523633","2146943433","0.537121"
"2146943433","1993523633","0.537121"
"1993523633","2183748266","3.58712"
"2183748266","1993523633","3.58712"
"2068395804","2146919031","0.462121"
"2146919031","2068395804","0.462121"
"2068395804","2146943433","0.604978"
"2146943433","2068395804","0.604978"
"2068395804","2183748266","0.269697"
"2183748266","2068395804","0.269697"
"2100006764","2114110439","0.995455"
"2114110439","2100006764","0.995455"
"2100006764","2118028478","1.23831"
"2118028478","2100006764","1.23831"
"2100006764","2146919031","0.971645"
"2146919031","2100006764","0.971645"
"2100006764","2146943433","0.914502"
"2146943433","2100006764","0.914502"
"2100006764","2171187485","0.483333"
"2171187485","2100006764","0.483333"
"2100006764","2183748266","0.521645"
"2183748266","2100006764","0.521645"
"2100006764","2252984047","0.416667"
"2252984047","2100006764","0.416667"
"2114110439","2146919031","0.462121"
"2146919031","2114110439","0.462121"
"2114110439","2146943433","0.462121"
"2146943433","2114110439","0.462121"
"2114110439","2183748266","0.20303"
"2183748266","2114110439","0.20303"
"2118028478","2146919031","1.77165"
"2146919031","2118028478","1.77165"
"2118028478","2146943433","1.44665"
"2146943433","2118028478","1.44665"
"2118028478","2183748266","1.94665"
"2183748266","2118028478","1.94665"
"2146919031","2171187485","0.166667"
"2171187485","2146919031","0.166667"
"2146919031","2252984047","0.166667"
"2252984047","2146919031","0.166667"
"2146943433","2171187485","0.309524"
"2171187485","2146943433","0.309524"
"2146943433","2252984047","0.166667"
"2252984047","2146943433","0.166667"
"2171187485","2183748266","0.224242"
"2183748266","2171187485","0.224242"
"2183748266","2252984047","0.157576"
"2252984047","2183748266","0.157576"
"1005518165","1481430225","0.125"
"1481430225","1005518165","0.125"
"1005518165","2053029294","0.125"
"2053029294","1005518165","0.125"
"1005518165","2121422364","0.125"
"2121422364","1005518165","0.125"
"1005518165","2289246745","0.125"
"2289246745","1005518165","0.125"
"1481430225","152703248","0.125"
"152703248","1481430225","0.125"
"1481430225","1556739164","4.00278"
"1556739164","1481430225","4.00278"
"1481430225","2053029294","6.50278"
"2053029294","1481430225","6.50278"
"1481430225","2100006764","0.125"
"2100006764","1481430225","0.125"
"1481430225","2103033326","0.225"
"2103033326","1481430225","0.225"
"1481430225","2121422364","0.125"
"2121422364","1481430225","0.125"
"1481430225","2289246745","10.0028"
"2289246745","1481430225","10.0028"
"152703248","2053029294","0.125"
"2053029294","152703248","0.125"
"152703248","2103033326","0.125"
"2103033326","152703248","0.125"
"152703248","2121422364","0.125"
"2121422364","152703248","0.125"
"152703248","2289246745","0.125"
"2289246745","152703248","0.125"
"1556739164","2053029294","6.64564"
"2053029294","1556739164","6.64564"
"1556739164","2121422364","0.665909"
"2121422364","1556739164","0.665909"
"1556739164","2289246745","2.64563"
"2289246745","1556739164","2.64563"
"2053029294","2100006764","0.125"
"2100006764","2053029294","0.125"
"2053029294","2103033326","1.225"
"2103033326","2053029294","1.225"
"2053029294","2121422364","0.125"
"2121422364","2053029294","0.125"
"2053029294","2289246745","5.14564"
"2289246745","2053029294","5.14564"
"2100006764","2103033326","0.267857"
"2103033326","2100006764","0.267857"
"2100006764","2121422364","0.567857"
"2121422364","2100006764","0.567857"
"2100006764","2289246745","0.267857"
"2289246745","2100006764","0.267857"
"2103033326","2121422364","12.9992"
"2121422364","2103033326","12.9992"
"2103033326","2289246745","0.367857"
"2289246745","2103033326","0.367857"
"2121422364","2289246745","0.125"
"2289246745","2121422364","0.125"
"1492367367","1654251166","0.521645"
"1654251166","1492367367","0.521645"
"1654251166","2124229446","0.142857"
"2124229446","1654251166","0.142857"
"1654251166","2149280607","0.57619"
"2149280607","1654251166","0.57619"
"1654251166","2165453113","0.142857"
"2165453113","1654251166","0.142857"
"1005518165","1558382478","0.0454545"
"1558382478","1005518165","0.0454545"
"1005518165","1597903804","0.0454545"
"1597903804","1005518165","0.0454545"
"1005518165","1652718739","0.0454545"
"1652718739","1005518165","0.0454545"
"1005518165","1974535914","0.0454545"
"1974535914","1005518165","0.0454545"
"1005518165","2110319963","0.0454545"
"2110319963","1005518165","0.0454545"
"1005518165","2138079878","0.0454545"
"2138079878","1005518165","0.0454545"
"1005518165","2152488985","0.0454545"
"2152488985","1005518165","0.0454545"
"1492367367","1504657027","0.0454545"
"1504657027","1492367367","0.0454545"
"1492367367","1542621471","0.0454545"
"1542621471","1492367367","0.0454545"
"1492367367","1556739164","0.0454545"
"1556739164","1492367367","0.0454545"
"1492367367","1558382478","0.0454545"
"1558382478","1492367367","0.0454545"
"1492367367","1597903804","0.0454545"
"1597903804","1492367367","0.0454545"
"1492367367","1652718739","0.0454545"
"1652718739","1492367367","0.0454545"
"1492367367","1974535914","0.0454545"
"1974535914","1492367367","0.0454545"
"1492367367","1993523633","0.0454545"
"1993523633","1492367367","0.0454545"
"1492367367","2066985387","0.0454545"
"2066985387","1492367367","0.0454545"
"1492367367","2110319963","0.0454545"
"2110319963","1492367367","0.0454545"
"1492367367","2114110439","0.0454545"
"2114110439","1492367367","0.0454545"
"1492367367","2118028478","0.0454545"
"2118028478","1492367367","0.0454545"
"1492367367","2138079878","0.0454545"
"2138079878","1492367367","0.0454545"
"1492367367","2146919031","0.0454545"
"2146919031","1492367367","0.0454545"
"1492367367","2146943433","0.0454545"
"2146943433","1492367367","0.0454545"
"1492367367","2152488985","0.0454545"
"2152488985","1492367367","0.0454545"
"1492367367","2183748266","0.0454545"
"2183748266","1492367367","0.0454545"
"1504657027","1558382478","0.145455"
"1558382478","1504657027","0.145455"
"1504657027","1597903804","1.02045"
"1597903804","1504657027","1.02045"
"1504657027","1652718739","0.0454545"
"1652718739","1504657027","0.0454545"
"1504657027","1974535914","0.0454545"
"1974535914","1504657027","0.0454545"
"1504657027","2066985387","0.537121"
"2066985387","1504657027","0.537121"
"1504657027","2110319963","0.0454545"
"2110319963","1504657027","0.0454545"
"1504657027","2138079878","0.0454545"
"2138079878","1504657027","0.0454545"
"1504657027","2152488985","0.0454545"
"2152488985","1504657027","0.0454545"
"1542621471","1558382478","0.145455"
"1558382478","1542621471","0.145455"
"1542621471","1597903804","0.770455"
"1597903804","1542621471","0.770455"
"1542621471","1652718739","0.0454545"
"1652718739","1542621471","0.0454545"
"1542621471","1974535914","0.0454545"
"1974535914","1542621471","0.0454545"
"1542621471","2023695596","0.0454545"
"2023695596","1542621471","0.0454545"
"1542621471","2066985387","0.537121"
"2066985387","1542621471","0.537121"
"1542621471","2110319963","0.0454545"
"2110319963","1542621471","0.0454545"
"1542621471","2138079878","0.0454545"
"2138079878","1542621471","0.0454545"
"1542621471","2152488985","0.0454545"
"2152488985","1542621471","0.0454545"
"1556739164","1558382478","0.145455"
"1558382478","1556739164","0.145455"
"1556739164","1597903804","0.395455"
"1597903804","1556739164","0.395455"
"1556739164","1652718739","0.0454545"
"1652718739","1556739164","0.0454545"
"1556739164","1974535914","0.0454545"
"1974535914","1556739164","0.0454545"
"1556739164","2066985387","0.0454545"
"2066985387","1556739164","0.0454545"
"1556739164","2110319963","0.0454545"
"2110319963","1556739164","0.0454545"
"1556739164","2138079878","0.0454545"
"2138079878","1556739164","0.0454545"
"1556739164","2152488985","0.0454545"
"2152488985","1556739164","0.0454545"
"1558382478","1597903804","0.145455"
"1597903804","1558382478","0.145455"
"1558382478","1652718739","0.445455"
"1652718739","1558382478","0.445455"
"1558382478","1654251166","0.112121"
"1654251166","1558382478","0.112121"
"1558382478","1974535914","0.112121"
"1974535914","1558382478","0.112121"
"1558382478","1993523633","0.222378"
"1993523633","1558382478","0.222378"
"1558382478","2023695596","0.0454545"
"2023695596","1558382478","0.0454545"
"1558382478","2066985387","0.0454545"
"2066985387","1558382478","0.0454545"
"1558382478","2068395804","0.112121"
"2068395804","1558382478","0.112121"
"1558382478","2100006764","0.237121"
"2100006764","1558382478","0.237121"
"1558382478","2110319963","0.812121"
"2110319963","1558382478","0.812121"
"1558382478","2114110439","0.0454545"
"2114110439","1558382478","0.0454545"
"1558382478","2118028478","0.212121"
"2118028478","1558382478","0.212121"
"1558382478","2138079878","2.17045"
"2138079878","1558382478","2.17045"
"1558382478","2146919031","0.145455"
"2146919031","1558382478","0.145455"
"1558382478","2146943433","0.145455"
"2146943433","1558382478","0.145455"
"1558382478","2152488985","0.570455"
"2152488985","1558382478","0.570455"
"1558382478","2183748266","0.212121"
"2183748266","1558382478","0.212121"
"1597903804","1652718739","0.0454545"
"1652718739","1597903804","0.0454545"
"1597903804","1654251166","0.295455"
"1654251166","1597903804","0.295455"
"1597903804","1974535914","0.0454545"
"1974535914","1597903804","0.0454545"
"1597903804","1993523633","3.02045"
"1993523633","1597903804","3.02045"
"1597903804","2023695596","0.0454545"
"2023695596","1597903804","0.0454545"
"1597903804","2066985387","0.370455"
"2066985387","1597903804","0.370455"
"1597903804","2068395804","0.295455"
"2068395804","1597903804","0.295455"
"1597903804","2100006764","0.0454545"
"2100006764","1597903804","0.0454545"
"1597903804","2110319963","0.0454545"
"2110319963","1597903804","0.0454545"
"1597903804","2114110439","0.0454545"
"2114110439","1597903804","0.0454545"
"1597903804","2118028478","2.47045"
"2118028478","1597903804","2.47045"
"1597903804","2138079878","0.0454545"
"2138079878","1597903804","0.0454545"
"1597903804","2146919031","0.395455"
"2146919031","1597903804","0.395455"
"1597903804","2146943433","0.270455"
"2146943433","1597903804","0.270455"
"1597903804","2152488985","0.0454545"
"2152488985","1597903804","0.0454545"
"1597903804","2183748266","1.97045"
"2183748266","1597903804","1.97045"
"1652718739","1654251166","0.112121"
"1654251166","1652718739","0.112121"
"1652718739","1974535914","0.278788"
"1974535914","1652718739","0.278788"
"1652718739","1993523633","0.0454545"
"1993523633","1652718739","0.0454545"
"1652718739","2023695596","0.0454545"
"2023695596","1652718739","0.0454545"
"1652718739","2066985387","0.0454545"
"2066985387","1652718739","0.0454545"
"1652718739","2068395804","0.112121"
"2068395804","1652718739","0.112121"
"1652718739","2100006764","0.112121"
"2100006764","1652718739","0.112121"
"1652718739","2110319963","0.278788"
"2110319963","1652718739","0.278788"
"1652718739","2114110439","0.0454545"
"2114110439","1652718739","0.0454545"
"1652718739","2118028478","0.112121"
"2118028478","1652718739","0.112121"
"1652718739","2138079878","0.0454545"
"2138079878","1652718739","0.0454545"
"1652718739","2146919031","0.0454545"
"2146919031","1652718739","0.0454545"
"1652718739","2146943433","0.0454545"
"2146943433","1652718739","0.0454545"
"1652718739","2152488985","0.612121"
"2152488985","1652718739","0.612121"
"1652718739","2183748266","0.112121"
"2183748266","1652718739","0.112121"
"1654251166","1974535914","0.112121"
"1974535914","1654251166","0.112121"
"1654251166","2110319963","0.112121"
"2110319963","1654251166","0.112121"
"1654251166","2138079878","0.0454545"
"2138079878","1654251166","0.0454545"
"1654251166","2152488985","0.112121"
"2152488985","1654251166","0.112121"
"1974535914","1993523633","0.0454545"
"1993523633","1974535914","0.0454545"
"1974535914","2023695596","0.0454545"
"2023695596","1974535914","0.0454545"
"1974535914","2066985387","0.0454545"
"2066985387","1974535914","0.0454545"
"1974535914","2068395804","0.112121"
"2068395804","1974535914","0.112121"
"1974535914","2100006764","0.112121"
"2100006764","1974535914","0.112121"
"1974535914","2110319963","0.278788"
"2110319963","1974535914","0.278788"
"1974535914","2114110439","0.0454545"
"2114110439","1974535914","0.0454545"
"1974535914","2118028478","0.112121"
"2118028478","1974535914","0.112121"
"1974535914","2138079878","0.378788"
"2138079878","1974535914","0.378788"
"1974535914","2146919031","0.0454545"
"2146919031","1974535914","0.0454545"
"1974535914","2146943433","0.0454545"
"2146943433","1974535914","0.0454545"
"1974535914","2152488985","0.278788"
"2152488985","1974535914","0.278788"
"1974535914","2183748266","0.112121"
"2183748266","1974535914","0.112121"
"1993523633","2066985387","0.670455"
"2066985387","1993523633","0.670455"
"1993523633","2110319963","0.0454545"
"2110319963","1993523633","0.0454545"
"1993523633","2138079878","0.0454545"
"2138079878","1993523633","0.0454545"
"1993523633","2152488985","0.0454545"
"2152488985","1993523633","0.0454545"
"2023695596","2110319963","0.0454545"
"2110319963","2023695596","0.0454545"
"2023695596","2138079878","0.0454545"
"2138079878","2023695596","0.0454545"
"2023695596","2146919031","0.0454545"
"2146919031","2023695596","0.0454545"
"2023695596","2146943433","0.0454545"
"2146943433","2023695596","0.0454545"
"2023695596","2152488985","0.0454545"
"2152488985","2023695596","0.0454545"
"2023695596","2183748266","0.0454545"
"2183748266","2023695596","0.0454545"
"2066985387","2100006764","1.81212"
"2100006764","2066985387","1.81212"
"2066985387","2110319963","0.0454545"
"2110319963","2066985387","0.0454545"
"2066985387","2138079878","0.0454545"
"2138079878","2066985387","0.0454545"
"2066985387","2146919031","0.412121"
"2146919031","2066985387","0.412121"
"2066985387","2146943433","0.337121"
"2146943433","2066985387","0.337121"
"2066985387","2152488985","0.0454545"
"2152488985","2066985387","0.0454545"
"2066985387","2183748266","0.570455"
"2183748266","2066985387","0.570455"
"2068395804","2110319963","0.112121"
"2110319963","2068395804","0.112121"
"2068395804","2138079878","0.0454545"
"2138079878","2068395804","0.0454545"
"2068395804","2152488985","0.112121"
"2152488985","2068395804","0.112121"
"2100006764","2110319963","0.112121"
"2110319963","2100006764","0.112121"
"2100006764","2138079878","0.170455"
"2138079878","2100006764","0.170455"
"2100006764","2152488985","0.237121"
"2152488985","2100006764","0.237121"
"2110319963","2114110439","0.0454545"
"2114110439","2110319963","0.0454545"
"2110319963","2118028478","0.112121"
"2118028478","2110319963","0.112121"
"2110319963","2138079878","0.0454545"
"2138079878","2110319963","0.0454545"
"2110319963","2146919031","0.0454545"
"2146919031","2110319963","0.0454545"
"2110319963","2146943433","0.0454545"
"2146943433","2110319963","0.0454545"
"2110319963","2152488985","0.278788"
"2152488985","2110319963","0.278788"
"2110319963","2183748266","0.112121"
"2183748266","2110319963","0.112121"
"2114110439","2138079878","0.0454545"
"2138079878","2114110439","0.0454545"
"2114110439","2152488985","0.0454545"
"2152488985","2114110439","0.0454545"
"2118028478","2138079878","0.0454545"
"2138079878","2118028478","0.0454545"
"2118028478","2152488985","0.112121"
"2152488985","2118028478","0.112121"
"2138079878","2146919031","0.0454545"
"2146919031","2138079878","0.0454545"
"2138079878","2146943433","0.0454545"
"2146943433","2138079878","0.0454545"
"2138079878","2152488985","0.170455"
"2152488985","2138079878","0.170455"
"2138079878","2183748266","0.0454545"
"2183748266","2138079878","0.0454545"
"2146919031","2152488985","0.0454545"
"2152488985","2146919031","0.0454545"
"2146943433","2152488985","0.0454545"
"2152488985","2146943433","0.0454545"
"2152488985","2183748266","0.112121"
"2183748266","2152488985","0.112121"
"103601783","2236790551","5"
"2236790551","103601783","5"
"103601783","1997432408","0.5"
"1997432408","103601783","0.5"
"103601783","2168591160","0.5"
"2168591160","103601783","0.5"
"1997432408","2168591160","0.5"
"2168591160","1997432408","0.5"
"1480782486","1845774461","1"
"1845774461","1480782486","1"
"1480782486","2085436621","0.5"
"2085436621","1480782486","0.5"
"1845774461","2085436621","8.59091"
"2085436621","1845774461","8.59091"
"1480782486","2146738358","2.83333"
"2146738358","1480782486","2.83333"
"1480782486","1638975426","0.333333"
"1638975426","1480782486","0.333333"
"1480782486","2283968319","0.333333"
"2283968319","1480782486","0.333333"
"1638975426","2146738358","2.09091"
"2146738358","1638975426","2.09091"
"1638975426","2283968319","4.16667"
"2283968319","1638975426","4.16667"
"2146738358","2283968319","0.333333"
"2283968319","2146738358","0.333333"
"1845774461","2146738358","2.25758"
"2146738358","1845774461","2.25758"
"1481430225","1654251166","0.6"
"1654251166","1481430225","0.6"
"1654251166","2289246745","0.742857"
"2289246745","1654251166","0.742857"
"1481430225","1596276991","0.111111"
"1596276991","1481430225","0.111111"
"1481430225","1643231648","0.111111"
"1643231648","1481430225","0.111111"
"1481430225","2116362549","0.111111"
"2116362549","1481430225","0.111111"
"1481430225","2156010275","0.111111"
"2156010275","1481430225","0.111111"
"1481430225","2158090117","0.111111"
"2158090117","1481430225","0.111111"
"1481430225","2920086614","0.111111"
"2920086614","1481430225","0.111111"
"1556739164","1596276991","0.111111"
"1596276991","1556739164","0.111111"
"1556739164","1643231648","0.111111"
"1643231648","1556739164","0.111111"
"1556739164","2116362549","0.111111"
"2116362549","1556739164","0.111111"
"1556739164","2156010275","0.111111"
"2156010275","1556739164","0.111111"
"1556739164","2158090117","0.111111"
"2158090117","1556739164","0.111111"
"1556739164","2920086614","0.111111"
"2920086614","1556739164","0.111111"
"1596276991","1643231648","6.40202"
"1643231648","1596276991","6.40202"
"1596276991","2053029294","0.111111"
"2053029294","1596276991","0.111111"
"1596276991","2116362549","0.111111"
"2116362549","1596276991","0.111111"
"1596276991","2156010275","0.111111"
"2156010275","1596276991","0.111111"
"1596276991","2158090117","4.53535"
"2158090117","1596276991","4.53535"
"1596276991","2289246745","0.111111"
"2289246745","1596276991","0.111111"
"1596276991","2920086614","0.111111"
"2920086614","1596276991","0.111111"
"1643231648","2053029294","0.111111"
"2053029294","1643231648","0.111111"
"1643231648","2116362549","0.111111"
"2116362549","1643231648","0.111111"
"1643231648","2156010275","0.111111"
"2156010275","1643231648","0.111111"
"1643231648","2158090117","1.20202"
"2158090117","1643231648","1.20202"
"1643231648","2289246745","0.111111"
"2289246745","1643231648","0.111111"
"1643231648","2920086614","0.111111"
"2920086614","1643231648","0.111111"
"2053029294","2116362549","0.111111"
"2116362549","2053029294","0.111111"
"2053029294","2156010275","0.111111"
"2156010275","2053029294","0.111111"
"2053029294","2158090117","1.11111"
"2158090117","2053029294","1.11111"
"2053029294","2920086614","0.111111"
"2920086614","2053029294","0.111111"
"2116362549","2156010275","0.111111"
"2156010275","2116362549","0.111111"
"2116362549","2158090117","0.111111"
"2158090117","2116362549","0.111111"
"2116362549","2289246745","0.111111"
"2289246745","2116362549","0.111111"
"2116362549","2920086614","0.111111"
"2920086614","2116362549","0.111111"
"2156010275","2158090117","0.111111"
"2158090117","2156010275","0.111111"
"2156010275","2289246745","0.111111"
"2289246745","2156010275","0.111111"
"2156010275","2920086614","0.111111"
"2920086614","2156010275","0.111111"
"2158090117","2289246745","0.111111"
"2289246745","2158090117","0.111111"
"2158090117","2920086614","0.111111"
"2920086614","2158090117","0.111111"
"2289246745","2920086614","0.111111"
"2920086614","2289246745","0.111111"
"1481430225","2020784016","0.1"
"2020784016","1481430225","0.1"
"1481430225","2068395804","0.1"
"2068395804","1481430225","0.1"
"1481430225","2121313660","0.1"
"2121313660","1481430225","0.1"
"1481430225","2149280607","0.1"
"2149280607","1481430225","0.1"
"1481430225","2149934057","0.1"
"2149934057","1481430225","0.1"
"1556739164","2121313660","0.433333"
"2121313660","1556739164","0.433333"
"1556739164","2149280607","0.1"
"2149280607","1556739164","0.1"
"1654251166","2053029294","0.242857"
"2053029294","1654251166","0.242857"
"1654251166","2103033326","0.390909"
"2103033326","1654251166","0.390909"
"1654251166","2121313660","0.1"
"2121313660","1654251166","0.1"
"1654251166","2149934057","0.1"
"2149934057","1654251166","0.1"
"2020784016","2053029294","0.1"
"2053029294","2020784016","0.1"
"2020784016","2103033326","0.1"
"2103033326","2020784016","0.1"
"2020784016","2121313660","0.1"
"2121313660","2020784016","0.1"
"2020784016","2149280607","0.1"
"2149280607","2020784016","0.1"
"2020784016","2149934057","0.1"
"2149934057","2020784016","0.1"
"2020784016","2289246745","0.1"
"2289246745","2020784016","0.1"
"2053029294","2068395804","0.242857"
"2068395804","2053029294","0.242857"
"2053029294","2121313660","0.1"
"2121313660","2053029294","0.1"
"2053029294","2149280607","0.1"
"2149280607","2053029294","0.1"
"2053029294","2149934057","0.1"
"2149934057","2053029294","0.1"
"2068395804","2103033326","0.390909"
"2103033326","2068395804","0.390909"
"2068395804","2121313660","0.1"
"2121313660","2068395804","0.1"
"2068395804","2149280607","0.1"
"2149280607","2068395804","0.1"
"2068395804","2149934057","0.1"
"2149934057","2068395804","0.1"
"2068395804","2289246745","0.242857"
"2289246745","2068395804","0.242857"
"2103033326","2121313660","4.40952"
"2121313660","2103033326","4.40952"
"2103033326","2149280607","0.1"
"2149280607","2103033326","0.1"
"2121313660","2149280607","0.1"
"2149280607","2121313660","0.1"
"2121313660","2149934057","2.07619"
"2149934057","2121313660","2.07619"
"2121313660","2289246745","0.242857"
"2289246745","2121313660","0.242857"
"2149280607","2149934057","0.1"
"2149934057","2149280607","0.1"
"2149280607","2289246745","0.1"
"2289246745","2149280607","0.1"
"2149934057","2289246745","1.24286"
"2289246745","2149934057","1.24286"
"1485700902","2183748266","1"
"2183748266","1485700902","1"
"1485700902","1527614939","0.5"
"1527614939","1485700902","0.5"
"1485700902","1554818563","1.18333"
"1554818563","1485700902","1.18333"
"1527614939","1554818563","0.5"
"1554818563","1527614939","0.5"
"1485700902","1517239335","0.683333"
"1517239335","1485700902","0.683333"
"1485700902","1547317288","0.683333"
"1547317288","1485700902","0.683333"
"1517239335","1547317288","4.55278"
"1547317288","1517239335","4.55278"
"1517239335","1554818563","2.91111"
"1554818563","1517239335","2.91111"
"1547317288","1554818563","3.16111"
"1554818563","1547317288","3.16111"
"1485700902","1535781756","0.1"
"1535781756","1485700902","0.1"
"1485700902","1572844682","0.1"
"1572844682","1485700902","0.1"
"1485700902","1586320753","0.1"
"1586320753","1485700902","0.1"
"1485700902","1751645515","0.1"
"1751645515","1485700902","0.1"
"1485700902","1980405767","0.1"
"1980405767","1485700902","0.1"
"1485700902","1994066579","0.1"
"1994066579","1485700902","0.1"
"1485700902","2125708645","0.1"
"2125708645","1485700902","0.1"
"1517239335","1535781756","1.45278"
"1535781756","1517239335","1.45278"
"1517239335","1572844682","0.1"
"1572844682","1517239335","0.1"
"1517239335","1586320753","2.10278"
"1586320753","1517239335","2.10278"
"1517239335","1751645515","0.433333"
"1751645515","1517239335","0.433333"
"1517239335","1980405767","2.15833"
"1980405767","1517239335","2.15833"
"1517239335","1994066579","2.43611"
"1994066579","1517239335","2.43611"
"1517239335","2125708645","2.85278"
"2125708645","1517239335","2.85278"
"1535781756","1547317288","3.70278"
"1547317288","1535781756","3.70278"
"1535781756","1554818563","1.07778"
"1554818563","1535781756","1.07778"
"1535781756","1572844682","0.1"
"1572844682","1535781756","0.1"
"1535781756","1586320753","0.336111"
"1586320753","1535781756","0.336111"
"1535781756","1751645515","0.3"
"1751645515","1535781756","0.3"
"1535781756","1980405767","0.225"
"1980405767","1535781756","0.225"
"1535781756","1994066579","1.53611"
"1994066579","1535781756","1.53611"
"1535781756","2125708645","0.869444"
"2125708645","1535781756","0.869444"
"1547317288","1572844682","0.1"
"1572844682","1547317288","0.1"
"1547317288","1586320753","1.26944"
"1586320753","1547317288","1.26944"
"1547317288","1751645515","0.433333"
"1751645515","1547317288","0.433333"
"1547317288","1980405767","4.10833"
"1980405767","1547317288","4.10833"
"1547317288","1994066579","2.55278"
"1994066579","1547317288","2.55278"
"1547317288","2125708645","3.05278"
"2125708645","1547317288","3.05278"
"1554818563","1572844682","0.1"
"1572844682","1554818563","0.1"
"1554818563","1586320753","1.21111"
"1586320753","1554818563","1.21111"
"1554818563","1751645515","0.1"
"1751645515","1554818563","0.1"
"1554818563","1980405767","0.1"
"1980405767","1554818563","0.1"
"1554818563","1994066579","1.30202"
"1994066579","1554818563","1.30202"
"1554818563","2125708645","0.211111"
"2125708645","1554818563","0.211111"
"1572844682","1586320753","0.1"
"1586320753","1572844682","0.1"
"1572844682","1751645515","0.1"
"1751645515","1572844682","0.1"
"1572844682","1980405767","0.426923"
"1980405767","1572844682","0.426923"
"1572844682","1994066579","0.176923"
"1994066579","1572844682","0.176923"
"1572844682","2125708645","0.1"
"2125708645","1572844682","0.1"
"1586320753","1751645515","3.01667"
"1751645515","1586320753","3.01667"
"1586320753","1980405767","0.325"
"1980405767","1586320753","0.325"
"1586320753","1994066579","1.51944"
"1994066579","1586320753","1.51944"
"1586320753","2125708645","4.85278"
"2125708645","1586320753","4.85278"
"1751645515","1980405767","0.1"
"1980405767","1751645515","0.1"
"1751645515","1994066579","0.883333"
"1994066579","1751645515","0.883333"
"1751645515","2125708645","5.21667"
"2125708645","1751645515","5.21667"
"1980405767","1994066579","1.30192"
"1994066579","1980405767","1.30192"
"1980405767","2125708645","1.19167"
"2125708645","1980405767","1.19167"
"1994066579","2125708645","1.75278"
"2125708645","1994066579","1.75278"
"1485700902","2151531052","0.25"
"2151531052","1485700902","0.25"
"1517239335","2151531052","3.53611"
"2151531052","1517239335","3.53611"
"1547317288","2151531052","11.5694"
"2151531052","1547317288","11.5694"
"1554818563","2151531052","1.72778"
"2151531052","1554818563","1.72778"
"1490810466","2140900696","4.325"
"2140900696","1490810466","4.325"
"1490810466","1494643504","0.375"
"1494643504","1490810466","0.375"
"1490810466","1558382478","0.325"
"1558382478","1490810466","0.325"
"1490810466","1571452908","3.325"
"1571452908","1490810466","3.325"
"1490810466","2100006764","0.125"
"2100006764","1490810466","0.125"
"1490810466","2138079878","0.375"
"2138079878","1490810466","0.375"
"1490810466","2152488985","0.125"
"2152488985","1490810466","0.125"
"1490810466","2284187826","0.325"
"2284187826","1490810466","0.325"
"1494643504","1558382478","0.191667"
"1558382478","1494643504","0.191667"
"1494643504","1571452908","0.441667"
"1571452908","1494643504","0.441667"
"1494643504","2100006764","0.191667"
"2100006764","1494643504","0.191667"
"1494643504","2138079878","0.375"
"2138079878","1494643504","0.375"
"1494643504","2140900696","0.375"
"2140900696","1494643504","0.375"
"1494643504","2152488985","0.358333"
"2152488985","1494643504","0.358333"
"1494643504","2284187826","0.191667"
"2284187826","1494643504","0.191667"
"1558382478","1571452908","3.225"
"1571452908","1558382478","3.225"
"1558382478","2140900696","0.325"
"2140900696","1558382478","0.325"
"1558382478","2284187826","0.491667"
"2284187826","1558382478","0.491667"
"1571452908","2100006764","0.191667"
"2100006764","1571452908","0.191667"
"1571452908","2138079878","0.375"
"2138079878","1571452908","0.375"
"1571452908","2140900696","4.325"
