"1003264877","2104220356","0.333333"
"2104220356","1003264877","0.333333"
"1003264877","2150890437","0.333333"
"2150890437","1003264877","0.333333"
"1003264877","2576424542","0.669836"
"2576424542","1003264877","0.669836"
"2104220356","2150890437","0.833333"
"2150890437","2104220356","0.833333"
"2104220356","2576424542","0.333333"
"2576424542","2104220356","0.333333"
"2150890437","2576424542","0.333333"
"2576424542","2150890437","0.333333"
"1003264877","1984431477","0.461111"
"1984431477","1003264877","0.461111"
"1003264877","2087424554","0.583333"
"2087424554","1003264877","0.583333"
"1003264877","2105543877","1.55202"
"2105543877","1003264877","1.55202"
"1003264877","2151749815","0.461111"
"2151749815","1003264877","0.461111"
"1984431477","2087424554","0.555556"
"2087424554","1984431477","0.555556"
"1984431477","2105543877","0.794444"
"2105543877","1984431477","0.794444"
"1984431477","2151749815","6.21111"
"2151749815","1984431477","6.21111"
"2087424554","2105543877","2.28704"
"2105543877","2087424554","2.28704"
"2087424554","2151749815","0.5"
"2151749815","2087424554","0.5"
"2105543877","2151749815","0.794444"
"2151749815","2105543877","0.794444"
"1003264877","2026831847","0.125392"
"2026831847","1003264877","0.125392"
"1003264877","2043500922","0.125392"
"2043500922","1003264877","0.125392"
"1003264877","2044660163","0.125392"
"2044660163","1003264877","0.125392"
"1003264877","2121236959","0.125392"
"2121236959","1003264877","0.125392"
"1003264877","2149215796","0.0909091"
"2149215796","1003264877","0.0909091"
"1003264877","2150969552","0.125392"
"2150969552","1003264877","0.125392"
"1003264877","2199594781","0.125392"
"2199594781","1003264877","0.125392"
"1003264877","2968028284","0.125392"
"2968028284","1003264877","0.125392"
"1003264877","52928708","0.458725"
"52928708","1003264877","0.458725"
"2026831847","2043500922","1.74444"
"2043500922","2026831847","1.74444"
"2026831847","2044660163","1.14325"
"2044660163","2026831847","1.14325"
"2026831847","2105543877","0.424242"
"2105543877","2026831847","0.424242"
"2026831847","2121236959","0.786106"
"2121236959","2026831847","0.786106"
"2026831847","2149215796","0.233766"
"2149215796","2026831847","0.233766"
"2026831847","2150969552","1.11944"
"2150969552","2026831847","1.11944"
"2026831847","2199594781","0.268249"
"2199594781","2026831847","0.268249"
"2026831847","2576424542","12.4528"
"2576424542","2026831847","12.4528"
"2026831847","2968028284","0.393249"
"2968028284","2026831847","0.393249"
"2026831847","52928708","0.893249"
"52928708","2026831847","0.893249"
"2043500922","2044660163","0.835349"
"2044660163","2043500922","0.835349"
"2043500922","2105543877","1.59091"
"2105543877","2043500922","1.59091"
"2043500922","2121236959","0.644872"
"2121236959","2043500922","0.644872"
"2043500922","2149215796","0.233766"
"2149215796","2043500922","0.233766"
"2043500922","2150969552","1.03376"
"2150969552","2043500922","1.03376"
"2043500922","2199594781","1.16868"
"2199594781","2043500922","1.16868"
"2043500922","2576424542","1.33535"
"2576424542","2043500922","1.33535"
"2043500922","2968028284","1.16868"
"2968028284","2043500922","1.16868"
"2043500922","52928708","2.35916"
"52928708","2043500922","2.35916"
"2044660163","2105543877","0.0909091"
"2105543877","2044660163","0.0909091"
"2044660163","2121236959","1.12702"
"2121236959","2044660163","1.12702"
"2044660163","2149215796","0.233766"
"2149215796","2044660163","0.233766"
"2044660163","2150969552","1.12702"
"2150969552","2044660163","1.12702"
"2044660163","2199594781","0.609158"
"2199594781","2044660163","0.609158"
"2044660163","2576424542","1.73416"
"2576424542","2044660163","1.73416"
"2044660163","2968028284","0.734158"
"2968028284","2044660163","0.734158"
"2044660163","52928708","1.00797"
"52928708","2044660163","1.00797"
"2105543877","2121236959","0.127946"
"2121236959","2105543877","0.127946"
"2105543877","2149215796","0.0909091"
"2149215796","2105543877","0.0909091"
"2105543877","2150969552","0.239057"
"2150969552","2105543877","0.239057"
"2105543877","2199594781","0.0909091"
"2199594781","2105543877","0.0909091"
"2105543877","2576424542","0.635354"
"2576424542","2105543877","0.635354"
"2105543877","2968028284","0.127946"
"2968028284","2105543877","0.127946"
"2105543877","52928708","0.0909091"
"52928708","2105543877","0.0909091"
"2121236959","2149215796","0.233766"
"2149215796","2121236959","0.233766"
"2121236959","2150969552","11.6402"
"2150969552","2121236959","11.6402"
"2121236959","2199594781","0.752015"
"2199594781","2121236959","0.752015"
"2121236959","2576424542","0.877015"
"2576424542","2121236959","0.877015"
"2121236959","2968028284","0.914052"
"2968028284","2121236959","0.914052"
"2121236959","52928708","0.484158"
"52928708","2121236959","0.484158"
"2149215796","2150969552","0.233766"
"2150969552","2149215796","0.233766"
"2149215796","2199594781","0.0909091"
"2199594781","2149215796","0.0909091"
"2149215796","2576424542","0.233766"
"2576424542","2149215796","0.233766"
"2149215796","2968028284","0.0909091"
"2968028284","2149215796","0.0909091"
"2149215796","52928708","0.0909091"
"52928708","2149215796","0.0909091"
"2150969552","2199594781","0.752015"
"2199594781","2150969552","0.752015"
"2150969552","2576424542","1.87702"
"2576424542","2150969552","1.87702"
"2150969552","2968028284","2.11405"
"2968028284","2150969552","2.11405"
"2150969552","52928708","0.684158"
"52928708","2150969552","0.684158"
"2199594781","2576424542","0.359158"
"2576424542","2199594781","0.359158"
"2199594781","2968028284","9.02563"
"2968028284","2199594781","9.02563"
"2199594781","52928708","0.421658"
"52928708","2199594781","0.421658"
"2576424542","2968028284","0.484158"
"2968028284","2576424542","0.484158"
"2576424542","52928708","0.984158"
"52928708","2576424542","0.984158"
"2968028284","52928708","0.546658"
"52928708","2968028284","0.546658"
"1003264877","2046025323","0.245594"
"2046025323","1003264877","0.245594"
"1003264877","2144584110","0.134483"
"2144584110","1003264877","0.134483"
"1003264877","2153470728","0.211111"
"2153470728","1003264877","0.211111"
"1003264877","2184542614","0.245594"
"2184542614","1003264877","0.245594"
"1003264877","2489624548","0.134483"
"2489624548","1003264877","0.134483"
"1003264877","333587792","0.245594"
"333587792","1003264877","0.245594"
"1984431477","2046025323","0.211111"
"2046025323","1984431477","0.211111"
"1984431477","2144584110","0.1"
"2144584110","1984431477","0.1"
"1984431477","2153470728","0.211111"
"2153470728","1984431477","0.211111"
"1984431477","2184542614","0.211111"
"2184542614","1984431477","0.211111"
"1984431477","2489624548","0.1"
"2489624548","1984431477","0.1"
"1984431477","2576424542","0.544444"
"2576424542","1984431477","0.544444"
"1984431477","333587792","0.461111"
"333587792","1984431477","0.461111"
"2046025323","2105543877","0.211111"
"2105543877","2046025323","0.211111"
"2046025323","2144584110","0.134483"
"2144584110","2046025323","0.134483"
"2046025323","2151749815","0.211111"
"2151749815","2046025323","0.211111"
"2046025323","2153470728","0.211111"
"2153470728","2046025323","0.211111"
"2046025323","2184542614","4.26583"
"2184542614","2046025323","4.26583"
"2046025323","2489624548","0.134483"
"2489624548","2046025323","0.134483"
"2046025323","2576424542","0.370594"
"2576424542","2046025323","0.370594"
"2046025323","333587792","0.428134"
"333587792","2046025323","0.428134"
"2105543877","2144584110","0.137037"
"2144584110","2105543877","0.137037"
"2105543877","2153470728","0.359259"
"2153470728","2105543877","0.359259"
"2105543877","2184542614","0.211111"
"2184542614","2105543877","0.211111"
"2105543877","2489624548","0.137037"
"2489624548","2105543877","0.137037"
"2105543877","333587792","0.30202"
"333587792","2105543877","0.30202"
"2144584110","2151749815","0.242857"
"2151749815","2144584110","0.242857"
"2144584110","2153470728","0.137037"
"2153470728","2144584110","0.137037"
"2144584110","2184542614","0.134483"
"2184542614","2144584110","0.134483"
"2144584110","2489624548","8.67628"
"2489624548","2144584110","8.67628"
"2144584110","2576424542","0.134483"
"2576424542","2144584110","0.134483"
"2144584110","333587792","0.451149"
"333587792","2144584110","0.451149"
"2151749815","2153470728","0.211111"
"2153470728","2151749815","0.211111"
"2151749815","2184542614","0.211111"
"2184542614","2151749815","0.211111"
"2151749815","2489624548","0.1"
"2489624548","2151749815","0.1"
"2151749815","2576424542","0.544444"
"2576424542","2151749815","0.544444"
"2151749815","333587792","0.461111"
"333587792","2151749815","0.461111"
"2153470728","2184542614","0.211111"
"2184542614","2153470728","0.211111"
"2153470728","2489624548","0.137037"
"2489624548","2153470728","0.137037"
"2153470728","2576424542","0.211111"
"2576424542","2153470728","0.211111"
"2153470728","333587792","0.211111"
"333587792","2153470728","0.211111"
"2184542614","2489624548","0.134483"
"2489624548","2184542614","0.134483"
"2184542614","2576424542","0.370594"
"2576424542","2184542614","0.370594"
"2184542614","333587792","0.317022"
"333587792","2184542614","0.317022"
"2489624548","2576424542","0.134483"
"2576424542","2489624548","0.134483"
"2489624548","333587792","0.384483"
"333587792","2489624548","0.384483"
"2576424542","333587792","0.245594"
"333587792","2576424542","0.245594"
"1003264877","1970273363","0.0344828"
"1970273363","1003264877","0.0344828"
"1003264877","1989174562","0.0344828"
"1989174562","1003264877","0.0344828"
"1003264877","2000383779","0.0344828"
"2000383779","1003264877","0.0344828"
"1003264877","2001411438","0.0344828"
"2001411438","1003264877","0.0344828"
"1003264877","2023211294","0.0344828"
"2023211294","1003264877","0.0344828"
"1003264877","2028672257","0.0344828"
"2028672257","1003264877","0.0344828"
"1003264877","2050651304","0.0344828"
"2050651304","1003264877","0.0344828"
"1003264877","2056515624","0.0344828"
"2056515624","1003264877","0.0344828"
"1003264877","2059505358","0.0344828"
"2059505358","1003264877","0.0344828"
"1003264877","2119571791","0.0344828"
"2119571791","1003264877","0.0344828"
"1003264877","2119706777","0.0344828"
"2119706777","1003264877","0.0344828"
"1003264877","2137901062","0.0344828"
"2137901062","1003264877","0.0344828"
"1003264877","2142283240","0.0344828"
"2142283240","1003264877","0.0344828"
"1003264877","2157486997","0.0344828"
"2157486997","1003264877","0.0344828"
"1003264877","2611743072","0.0344828"
"2611743072","1003264877","0.0344828"
"1970273363","1989174562","0.134483"
"1989174562","1970273363","0.134483"
"1970273363","2000383779","0.689245"
"2000383779","1970273363","0.689245"
"1970273363","2001411438","0.0844828"
"2001411438","1970273363","0.0844828"
"1970273363","2023211294","0.239245"
"2023211294","1970273363","0.239245"
"1970273363","2026831847","0.0344828"
"2026831847","1970273363","0.0344828"
"1970273363","2028672257","0.0844828"
"2028672257","1970273363","0.0844828"
"1970273363","2043500922","0.0344828"
"2043500922","1970273363","0.0344828"
"1970273363","2044660163","0.0344828"
"2044660163","1970273363","0.0344828"
"1970273363","2046025323","0.0844828"
"2046025323","1970273363","0.0844828"
"1970273363","2050651304","0.0344828"
"2050651304","1970273363","0.0344828"
"1970273363","2056515624","0.0344828"
"2056515624","1970273363","0.0344828"
"1970273363","2059505358","0.0344828"
"2059505358","1970273363","0.0344828"
"1970273363","2119571791","0.184483"
"2119571791","1970273363","0.184483"
"1970273363","2119706777","0.239245"
"2119706777","1970273363","0.239245"
"1970273363","2121236959","0.0344828"
"2121236959","1970273363","0.0344828"
"1970273363","2137901062","0.0344828"
"2137901062","1970273363","0.0344828"
"1970273363","2142283240","3.83924"
"2142283240","1970273363","3.83924"
"1970273363","2144584110","0.189245"
"2144584110","1970273363","0.189245"
"1970273363","2150969552","0.0344828"
"2150969552","1970273363","0.0344828"
"1970273363","2157486997","0.0344828"
"2157486997","1970273363","0.0344828"
"1970273363","2184542614","0.0844828"
"2184542614","1970273363","0.0844828"
"1970273363","2199594781","0.0344828"
"2199594781","1970273363","0.0344828"
"1970273363","2489624548","0.189245"
"2489624548","1970273363","0.189245"
"1970273363","2576424542","0.0344828"
"2576424542","1970273363","0.0344828"
"1970273363","2611743072","0.0344828"
"2611743072","1970273363","0.0344828"
"1970273363","2968028284","0.0344828"
"2968028284","1970273363","0.0344828"
"1970273363","333587792","0.0344828"
"333587792","1970273363","0.0344828"
"1970273363","52928708","0.0344828"
"52928708","1970273363","0.0344828"
"1989174562","2000383779","0.0344828"
"2000383779","1989174562","0.0344828"
"1989174562","2001411438","0.172578"
"2001411438","1989174562","0.172578"
"1989174562","2023211294","0.468033"
"2023211294","1989174562","0.468033"
"1989174562","2026831847","0.0344828"
"2026831847","1989174562","0.0344828"
"1989174562","2028672257","0.396604"
"2028672257","1989174562","0.396604"
"1989174562","2043500922","0.134483"
"2043500922","1989174562","0.134483"
"1989174562","2044660163","0.0344828"
"2044660163","1989174562","0.0344828"
"1989174562","2046025323","1.5821"
"2046025323","1989174562","1.5821"
"1989174562","2050651304","0.0799373"
"2050651304","1989174562","0.0799373"
"1989174562","2056515624","0.0344828"
"2056515624","1989174562","0.0344828"
"1989174562","2059505358","0.0344828"
"2059505358","1989174562","0.0344828"
"1989174562","2119571791","1.17756"
"2119571791","1989174562","1.17756"
"1989174562","2119706777","0.246604"
"2119706777","1989174562","0.246604"
"1989174562","2121236959","0.0344828"
"2121236959","1989174562","0.0344828"
"1989174562","2137901062","0.134483"
"2137901062","1989174562","0.134483"
"1989174562","2142283240","1.30115"
"2142283240","1989174562","1.30115"
"1989174562","2144584110","0.57734"
"2144584110","1989174562","0.57734"
"1989174562","2150969552","0.0344828"
"2150969552","1989174562","0.0344828"
"1989174562","2157486997","0.0344828"
"2157486997","1989174562","0.0344828"
"1989174562","2184542614","1.5821"
"2184542614","1989174562","1.5821"
"1989174562","2199594781","0.0344828"
"2199594781","1989174562","0.0344828"
"1989174562","2489624548","0.0344828"
"2489624548","1989174562","0.0344828"
"1989174562","2576424542","0.0344828"
"2576424542","1989174562","0.0344828"
"1989174562","2611743072","0.0344828"
"2611743072","1989174562","0.0344828"
"1989174562","2968028284","0.0344828"
"2968028284","1989174562","0.0344828"
"1989174562","333587792","0.101149"
"333587792","1989174562","0.101149"
"1989174562","52928708","0.0344828"
"52928708","1989174562","0.0344828"
"2000383779","2001411438","0.125392"
"2001411438","2000383779","0.125392"
"2000383779","2023211294","0.613487"
"2023211294","2000383779","0.613487"
"2000383779","2026831847","0.0344828"
"2026831847","2000383779","0.0344828"
"2000383779","2028672257","0.458725"
"2028672257","2000383779","0.458725"
"2000383779","2043500922","0.125392"
"2043500922","2000383779","0.125392"
"2000383779","2044660163","0.367816"
"2044660163","2000383779","0.367816"
"2000383779","2046025323","0.0344828"
"2046025323","2000383779","0.0344828"
"2000383779","2050651304","0.0344828"
"2050651304","2000383779","0.0344828"
"2000383779","2056515624","0.0344828"
"2056515624","2000383779","0.0344828"
"2000383779","2059505358","0.0344828"
"2059505358","2000383779","0.0344828"
"2000383779","2119571791","0.0344828"
"2119571791","2000383779","0.0344828"
"2000383779","2119706777","0.280154"
"2119706777","2000383779","0.280154"
"2000383779","2121236959","0.0344828"
"2121236959","2000383779","0.0344828"
"2000383779","2137901062","0.125392"
"2137901062","2000383779","0.125392"
"2000383779","2142283240","3.18924"
"2142283240","2000383779","3.18924"
"2000383779","2144584110","0.189245"
"2144584110","2000383779","0.189245"
"2000383779","2150969552","0.0344828"
"2150969552","2000383779","0.0344828"
"2000383779","2157486997","0.0344828"
"2157486997","2000383779","0.0344828"
"2000383779","2184542614","0.0344828"
"2184542614","2000383779","0.0344828"
"2000383779","2199594781","0.0344828"
"2199594781","2000383779","0.0344828"
"2000383779","2489624548","0.189245"
"2489624548","2000383779","0.189245"
"2000383779","2576424542","0.0344828"
"2576424542","2000383779","0.0344828"
"2000383779","2611743072","0.0344828"
"2611743072","2000383779","0.0344828"
"2000383779","2968028284","0.0344828"
"2968028284","2000383779","0.0344828"
"2000383779","333587792","0.0344828"
"333587792","2000383779","0.0344828"
"2000383779","52928708","0.0344828"
"52928708","2000383779","0.0344828"
"2001411438","2023211294","1.10023"
"2023211294","2001411438","1.10023"
"2001411438","2026831847","0.0344828"
"2026831847","2001411438","0.0344828"
"2001411438","2028672257","0.799634"
"2028672257","2001411438","0.799634"
"2001411438","2043500922","0.125392"
"2043500922","2001411438","0.125392"
"2001411438","2044660163","0.0344828"
"2044660163","2001411438","0.0344828"
"2001411438","2046025323","0.22734"
"2046025323","2001411438","0.22734"
"2001411438","2050651304","0.0344828"
"2050651304","2001411438","0.0344828"
"2001411438","2056515624","5.83134"
"2056515624","2001411438","5.83134"
"2001411438","2059505358","0.0344828"
"2059505358","2001411438","0.0344828"
"2001411438","2119571791","0.155911"
"2119571791","2001411438","0.155911"
"2001411438","2119706777","1.34963"
"2119706777","2001411438","1.34963"
"2001411438","2121236959","0.0344828"
"2121236959","2001411438","0.0344828"
"2001411438","2137901062","0.125392"
"2137901062","2001411438","0.125392"
"2001411438","2142283240","0.0844828"
"2142283240","2001411438","0.0844828"
"2001411438","2144584110","0.434483"
"2144584110","2001411438","0.434483"
"2001411438","2150969552","0.0344828"
"2150969552","2001411438","0.0344828"
"2001411438","2157486997","5.58134"
"2157486997","2001411438","5.58134"
"2001411438","2184542614","0.22734"
"2184542614","2001411438","0.22734"
"2001411438","2199594781","0.196983"
"2199594781","2001411438","0.196983"
"2001411438","2489624548","0.367816"
"2489624548","2001411438","0.367816"
"2001411438","2576424542","0.0344828"
"2576424542","2001411438","0.0344828"
"2001411438","2611743072","0.0344828"
"2611743072","2001411438","0.0344828"
"2001411438","2968028284","0.196983"
"2968028284","2001411438","0.196983"
"2001411438","333587792","1.89265"
"333587792","2001411438","1.89265"
"2001411438","52928708","0.263649"
"52928708","2001411438","0.263649"
"2023211294","2026831847","0.0344828"
"2026831847","2023211294","0.0344828"
"2023211294","2028672257","5.76397"
"2028672257","2023211294","5.76397"
"2023211294","2043500922","0.125392"
"2043500922","2023211294","0.125392"
"2023211294","2044660163","0.367816"
"2044660163","2023211294","0.367816"
"2023211294","2046025323","0.155911"
"2046025323","2023211294","0.155911"
"2023211294","2050651304","0.142437"
"2050651304","2023211294","0.142437"
"2023211294","2056515624","0.708725"
"2056515624","2023211294","0.708725"
"2023211294","2059505358","0.0344828"
"2059505358","2023211294","0.0344828"
"2023211294","2119571791","0.263866"
"2119571791","2023211294","0.263866"
"2023211294","2119706777","2.96873"
"2119706777","2023211294","2.96873"
"2023211294","2121236959","0.0344828"
"2121236959","2023211294","0.0344828"
"2023211294","2137901062","0.125392"
"2137901062","2023211294","0.125392"
"2023211294","2142283240","0.472578"
"2142283240","2023211294","0.472578"
"2023211294","2144584110","0.322578"
"2144584110","2023211294","0.322578"
"2023211294","2150969552","0.0344828"
"2150969552","2023211294","0.0344828"
"2023211294","2157486997","0.708725"
"2157486997","2023211294","0.708725"
"2023211294","2184542614","0.155911"
"2184542614","2023211294","0.155911"
"2023211294","2199594781","0.196983"
"2199594781","2023211294","0.196983"
"2023211294","2489624548","0.255911"
"2489624548","2023211294","0.255911"
"2023211294","2576424542","0.0344828"
"2576424542","2023211294","0.0344828"
"2023211294","2611743072","0.0344828"
"2611743072","2023211294","0.0344828"
"2023211294","2968028284","0.196983"
"2968028284","2023211294","0.196983"
"2023211294","333587792","0.621225"
"333587792","2023211294","0.621225"
"2023211294","52928708","0.263649"
"52928708","2023211294","0.263649"
"2026831847","2028672257","0.0344828"
"2028672257","2026831847","0.0344828"
"2026831847","2046025323","0.159483"
"2046025323","2026831847","0.159483"
"2026831847","2050651304","0.0344828"
"2050651304","2026831847","0.0344828"
"2026831847","2056515624","0.0344828"
"2056515624","2026831847","0.0344828"
"2026831847","2059505358","0.0344828"
"2059505358","2026831847","0.0344828"
"2026831847","2119571791","0.0344828"
"2119571791","2026831847","0.0344828"
"2026831847","2119706777","0.0344828"
"2119706777","2026831847","0.0344828"
"2026831847","2137901062","1.01067"
"2137901062","2026831847","1.01067"
"2026831847","2142283240","0.0344828"
"2142283240","2026831847","0.0344828"
"2026831847","2144584110","0.0344828"
"2144584110","2026831847","0.0344828"
"2026831847","2157486997","0.0344828"
"2157486997","2026831847","0.0344828"
"2026831847","2184542614","0.159483"
"2184542614","2026831847","0.159483"
"2026831847","2489624548","0.0344828"
"2489624548","2026831847","0.0344828"
"2026831847","2611743072","1.03448"
"2611743072","2026831847","1.03448"
"2026831847","333587792","0.0344828"
"333587792","2026831847","0.0344828"
"2028672257","2043500922","0.125392"
"2043500922","2028672257","0.125392"
"2028672257","2044660163","0.867816"
"2044660163","2028672257","0.867816"
"2028672257","2046025323","0.0844828"
"2046025323","2028672257","0.0844828"
"2028672257","2050651304","0.142437"
"2050651304","2028672257","0.142437"
"2028672257","2056515624","0.542059"
"2056515624","2028672257","0.542059"
"2028672257","2059505358","0.0344828"
"2059505358","2028672257","0.0344828"
"2028672257","2119571791","0.192437"
"2119571791","2028672257","0.192437"
"2028672257","2119706777","2.81397"
"2119706777","2028672257","2.81397"
"2028672257","2121236959","0.0344828"
"2121236959","2028672257","0.0344828"
"2028672257","2137901062","0.125392"
"2137901062","2028672257","0.125392"
"2028672257","2142283240","0.151149"
"2142283240","2028672257","0.151149"
"2028672257","2144584110","0.167816"
"2144584110","2028672257","0.167816"
"2028672257","2150969552","0.0344828"
"2150969552","2028672257","0.0344828"
"2028672257","2157486997","0.542059"
"2157486997","2028672257","0.542059"
"2028672257","2184542614","0.0844828"
"2184542614","2028672257","0.0844828"
"2028672257","2199594781","0.134483"
"2199594781","2028672257","0.134483"
"2028672257","2489624548","0.101149"
"2489624548","2028672257","0.101149"
"2028672257","2576424542","0.0344828"
"2576424542","2028672257","0.0344828"
"2028672257","2611743072","0.0344828"
"2611743072","2028672257","0.0344828"
"2028672257","2968028284","0.134483"
"2968028284","2028672257","0.134483"
"2028672257","333587792","0.558725"
"333587792","2028672257","0.558725"
"2028672257","52928708","0.201149"
"52928708","2028672257","0.201149"
"2043500922","2046025323","0.510673"
"2046025323","2043500922","0.510673"
"2043500922","2050651304","0.0344828"
"2050651304","2043500922","0.0344828"
"2043500922","2056515624","0.0900383"
"2056515624","2043500922","0.0900383"
"2043500922","2059505358","0.125392"
"2059505358","2043500922","0.125392"
"2043500922","2119571791","0.0344828"
"2119571791","2043500922","0.0344828"
"2043500922","2119706777","0.225392"
"2119706777","2043500922","0.225392"
"2043500922","2137901062","30.2905"
"2137901062","2043500922","30.2905"
"2043500922","2142283240","0.134483"
"2142283240","2043500922","0.134483"
"2043500922","2144584110","0.484483"
"2144584110","2043500922","0.484483"
"2043500922","2157486997","0.0900383"
"2157486997","2043500922","0.0900383"
"2043500922","2184542614","0.510673"
"2184542614","2043500922","0.510673"
"2043500922","2489624548","0.0344828"
"2489624548","2043500922","0.0344828"
"2043500922","2611743072","0.0344828"
"2611743072","2043500922","0.0344828"
"2043500922","333587792","0.0344828"
"333587792","2043500922","0.0344828"
"2044660163","2046025323","0.30234"
"2046025323","2044660163","0.30234"
"2044660163","2050651304","0.0344828"
"2050651304","2044660163","0.0344828"
"2044660163","2056515624","0.0344828"
"2056515624","2044660163","0.0344828"
"2044660163","2059505358","0.125392"
"2059505358","2044660163","0.125392"
"2044660163","2119571791","0.0344828"
"2119571791","2044660163","0.0344828"
"2044660163","2119706777","0.659483"
"2119706777","2044660163","0.659483"
"2044660163","2137901062","0.510673"
"2137901062","2044660163","0.510673"
"2044660163","2142283240","0.0344828"
"2142283240","2044660163","0.0344828"
"2044660163","2144584110","0.367816"
"2144584110","2044660163","0.367816"
"2044660163","2157486997","0.0344828"
"2157486997","2044660163","0.0344828"
"2044660163","2184542614","0.30234"
"2184542614","2044660163","0.30234"
"2044660163","2489624548","0.367816"
"2489624548","2044660163","0.367816"
"2044660163","2611743072","0.0344828"
"2611743072","2044660163","0.0344828"
"2044660163","333587792","0.0344828"
"333587792","2044660163","0.0344828"
"2046025323","2050651304","0.0344828"
"2050651304","2046025323","0.0344828"
"2046025323","2056515624","0.105911"
"2056515624","2046025323","0.105911"
"2046025323","2059505358","0.0344828"
"2059505358","2046025323","0.0344828"
"2046025323","2119571791","0.882102"
"2119571791","2046025323","0.882102"
"2046025323","2119706777","0.0844828"
"2119706777","2046025323","0.0844828"
"2046025323","2121236959","0.30234"
"2121236959","2046025323","0.30234"
"2046025323","2137901062","0.0344828"
"2137901062","2046025323","0.0344828"
"2046025323","2142283240","0.417816"
"2142283240","2046025323","0.417816"
"2046025323","2150969552","0.635673"
"2150969552","2046025323","0.635673"
"2046025323","2157486997","0.105911"
"2157486997","2046025323","0.105911"
"2046025323","2199594781","0.288451"
"2199594781","2046025323","0.288451"
"2046025323","2611743072","0.0344828"
"2611743072","2046025323","0.0344828"
"2046025323","2968028284","0.413451"
"2968028284","2046025323","0.413451"
"2046025323","52928708","0.159483"
"52928708","2046025323","0.159483"
"2050651304","2056515624","0.0344828"
"2056515624","2050651304","0.0344828"
"2050651304","2059505358","5.86782"
"2059505358","2050651304","5.86782"
"2050651304","2119571791","0.475771"
"2119571791","2050651304","0.475771"
"2050651304","2119706777","0.642437"
"2119706777","2050651304","0.642437"
"2050651304","2121236959","0.0344828"
"2121236959","2050651304","0.0344828"
"2050651304","2137901062","0.0344828"
"2137901062","2050651304","0.0344828"
"2050651304","2142283240","0.0344828"
"2142283240","2050651304","0.0344828"
"2050651304","2144584110","0.0344828"
"2144584110","2050651304","0.0344828"
"2050651304","2150969552","0.0344828"
"2150969552","2050651304","0.0344828"
"2050651304","2157486997","0.0344828"
"2157486997","2050651304","0.0344828"
"2050651304","2184542614","0.0344828"
"2184542614","2050651304","0.0344828"
"2050651304","2199594781","0.367816"
"2199594781","2050651304","0.367816"
"2050651304","2489624548","0.0344828"
"2489624548","2050651304","0.0344828"
"2050651304","2576424542","0.0344828"
"2576424542","2050651304","0.0344828"
"2050651304","2611743072","0.367816"
"2611743072","2050651304","0.367816"
"2050651304","2968028284","0.367816"
"2968028284","2050651304","0.367816"
"2050651304","333587792","0.0344828"
"333587792","2050651304","0.0344828"
"2050651304","52928708","0.0344828"
"52928708","2050651304","0.0344828"
"2056515624","2059505358","0.0344828"
"2059505358","2056515624","0.0344828"
"2056515624","2119571791","0.534483"
"2119571791","2056515624","0.534483"
"2056515624","2119706777","0.792059"
"2119706777","2056515624","0.792059"
"2056515624","2121236959","0.0344828"
"2121236959","2056515624","0.0344828"
"2056515624","2137901062","0.0900383"
"2137901062","2056515624","0.0900383"
"2056515624","2142283240","0.0344828"
"2142283240","2056515624","0.0344828"
"2056515624","2144584110","0.0344828"
"2144584110","2056515624","0.0344828"
"2056515624","2150969552","0.0900383"
"2150969552","2056515624","0.0900383"
"2056515624","2157486997","9.1369"
"2157486997","2056515624","9.1369"
"2056515624","2184542614","0.105911"
"2184542614","2056515624","0.105911"
"2056515624","2199594781","0.0344828"
"2199594781","2056515624","0.0344828"
"2056515624","2489624548","0.0344828"
"2489624548","2056515624","0.0344828"
"2056515624","2576424542","0.0344828"
"2576424542","2056515624","0.0344828"
"2056515624","2611743072","0.0344828"
"2611743072","2056515624","0.0344828"
"2056515624","2968028284","0.0344828"
"2968028284","2056515624","0.0344828"
"2056515624","333587792","1.36349"
"333587792","2056515624","1.36349"
"2056515624","52928708","0.201149"
"52928708","2056515624","0.201149"
"2059505358","2119571791","1.36782"
"2119571791","2059505358","1.36782"
"2059505358","2119706777","0.0344828"
"2119706777","2059505358","0.0344828"
"2059505358","2121236959","0.125392"
"2121236959","2059505358","0.125392"
"2059505358","2137901062","0.0344828"
"2137901062","2059505358","0.0344828"
"2059505358","2142283240","0.0344828"
"2142283240","2059505358","0.0344828"
"2059505358","2144584110","0.0344828"
"2144584110","2059505358","0.0344828"
"2059505358","2150969552","0.125392"
"2150969552","2059505358","0.125392"
"2059505358","2157486997","0.0344828"
"2157486997","2059505358","0.0344828"
"2059505358","2184542614","0.0344828"
"2184542614","2059505358","0.0344828"
"2059505358","2199594781","0.958725"
"2199594781","2059505358","0.958725"
"2059505358","2489624548","0.0344828"
"2489624548","2059505358","0.0344828"
"2059505358","2576424542","0.125392"
"2576424542","2059505358","0.125392"
"2059505358","2611743072","0.867816"
"2611743072","2059505358","0.867816"
"2059505358","2968028284","1.45873"
"2968028284","2059505358","1.45873"
"2059505358","333587792","1.03448"
"333587792","2059505358","1.03448"
"2059505358","52928708","0.125392"
"52928708","2059505358","0.125392"
"2119571791","2119706777","0.192437"
"2119706777","2119571791","0.192437"
"2119571791","2121236959","0.0344828"
"2121236959","2119571791","0.0344828"
"2119571791","2137901062","0.0344828"
"2137901062","2119571791","0.0344828"
"2119571791","2142283240","0.384483"
"2142283240","2119571791","0.384483"
"2119571791","2144584110","0.0344828"
"2144584110","2119571791","0.0344828"
"2119571791","2150969552","0.0344828"
"2150969552","2119571791","0.0344828"
"2119571791","2157486997","0.0344828"
"2157486997","2119571791","0.0344828"
"2119571791","2184542614","0.882102"
"2184542614","2119571791","0.882102"
"2119571791","2199594781","0.0344828"
"2199594781","2119571791","0.0344828"
"2119571791","2489624548","0.0344828"
"2489624548","2119571791","0.0344828"
"2119571791","2576424542","0.0344828"
"2576424542","2119571791","0.0344828"
"2119571791","2611743072","1.36782"
"2611743072","2119571791","1.36782"
"2119571791","2968028284","0.0344828"
"2968028284","2119571791","0.0344828"
"2119571791","333587792","0.534483"
"333587792","2119571791","0.534483"
"2119571791","52928708","0.534483"
"52928708","2119571791","0.534483"
"2119706777","2121236959","0.0344828"
"2121236959","2119706777","0.0344828"
"2119706777","2137901062","0.225392"
"2137901062","2119706777","0.225392"
"2119706777","2142283240","0.572578"
"2142283240","2119706777","0.572578"
"2119706777","2144584110","0.572578"
"2144584110","2119706777","0.572578"
"2119706777","2150969552","0.0344828"
"2150969552","2119706777","0.0344828"
"2119706777","2157486997","0.792059"
"2157486997","2119706777","0.792059"
"2119706777","2184542614","0.0844828"
"2184542614","2119706777","0.0844828"
"2119706777","2199594781","0.134483"
"2199594781","2119706777","0.134483"
"2119706777","2489624548","0.505911"
"2489624548","2119706777","0.505911"
"2119706777","2576424542","0.0344828"
"2576424542","2119706777","0.0344828"
"2119706777","2611743072","0.0344828"
"2611743072","2119706777","0.0344828"
"2119706777","2968028284","0.134483"
"2968028284","2119706777","0.134483"
"2119706777","333587792","0.942059"
"333587792","2119706777","0.942059"
"2119706777","52928708","0.0344828"
"52928708","2119706777","0.0344828"
"2121236959","2137901062","0.17734"
"2137901062","2121236959","0.17734"
"2121236959","2142283240","0.0344828"
"2142283240","2121236959","0.0344828"
"2121236959","2144584110","0.404853"
"2144584110","2121236959","0.404853"
"2121236959","2157486997","0.0344828"
"2157486997","2121236959","0.0344828"
"2121236959","2184542614","0.30234"
"2184542614","2121236959","0.30234"
"2121236959","2489624548","0.404853"
"2489624548","2121236959","0.404853"
"2121236959","2611743072","0.0344828"
"2611743072","2121236959","0.0344828"
"2121236959","333587792","0.0344828"
"333587792","2121236959","0.0344828"
"2137901062","2142283240","0.134483"
"2142283240","2137901062","0.134483"
"2137901062","2144584110","0.484483"
"2144584110","2137901062","0.484483"
"2137901062","2150969552","0.232895"
"2150969552","2137901062","0.232895"
"2137901062","2157486997","0.0900383"
"2157486997","2137901062","0.0900383"
"2137901062","2184542614","0.0344828"
"2184542614","2137901062","0.0344828"
"2137901062","2199594781","0.367816"
"2199594781","2137901062","0.367816"
"2137901062","2489624548","0.0344828"
"2489624548","2137901062","0.0344828"
"2137901062","2576424542","0.510673"
"2576424542","2137901062","0.510673"
"2137901062","2611743072","0.0344828"
"2611743072","2137901062","0.0344828"
"2137901062","2968028284","0.367816"
"2968028284","2137901062","0.367816"
"2137901062","333587792","0.0344828"
"333587792","2137901062","0.0344828"
"2137901062","52928708","0.0344828"
"52928708","2137901062","0.0344828"
"2142283240","2144584110","0.455911"
"2144584110","2142283240","0.455911"
"2142283240","2150969552","0.0344828"
"2150969552","2142283240","0.0344828"
"2142283240","2157486997","0.0344828"
"2157486997","2142283240","0.0344828"
"2142283240","2184542614","0.417816"
"2184542614","2142283240","0.417816"
"2142283240","2199594781","0.0344828"
"2199594781","2142283240","0.0344828"
"2142283240","2489624548","0.455911"
"2489624548","2142283240","0.455911"
"2142283240","2576424542","0.0344828"
"2576424542","2142283240","0.0344828"
"2142283240","2611743072","0.0344828"
"2611743072","2142283240","0.0344828"
"2142283240","2968028284","0.0344828"
"2968028284","2142283240","0.0344828"
"2142283240","333587792","0.0344828"
"333587792","2142283240","0.0344828"
"2142283240","52928708","0.0344828"
"52928708","2142283240","0.0344828"
"2144584110","2150969552","0.738186"
"2150969552","2144584110","0.738186"
"2144584110","2157486997","0.0344828"
"2157486997","2144584110","0.0344828"
"2144584110","2199594781","0.0344828"
"2199594781","2144584110","0.0344828"
"2144584110","2611743072","0.0344828"
"2611743072","2144584110","0.0344828"
"2144584110","2968028284","0.0715198"
"2968028284","2144584110","0.0715198"
"2144584110","52928708","0.367816"
"52928708","2144584110","0.367816"
"2150969552","2157486997","0.0900383"
"2157486997","2150969552","0.0900383"
"2150969552","2184542614","0.635673"
"2184542614","2150969552","0.635673"
"2150969552","2489624548","0.404853"
"2489624548","2150969552","0.404853"
"2150969552","2611743072","0.0344828"
"2611743072","2150969552","0.0344828"
"2150969552","333587792","0.0344828"
"333587792","2150969552","0.0344828"
"2157486997","2184542614","0.105911"
"2184542614","2157486997","0.105911"
"2157486997","2199594781","0.0344828"
"2199594781","2157486997","0.0344828"
"2157486997","2489624548","0.0344828"
"2489624548","2157486997","0.0344828"
"2157486997","2576424542","0.0344828"
"2576424542","2157486997","0.0344828"
"2157486997","2611743072","0.0344828"
"2611743072","2157486997","0.0344828"
"2157486997","2968028284","0.0344828"
"2968028284","2157486997","0.0344828"
"2157486997","333587792","1.11349"
"333587792","2157486997","1.11349"
"2157486997","52928708","0.201149"
"52928708","2157486997","0.201149"
"2184542614","2199594781","0.17734"
"2199594781","2184542614","0.17734"
"2184542614","2611743072","0.0344828"
"2611743072","2184542614","0.0344828"
"2184542614","2968028284","0.30234"
"2968028284","2184542614","0.30234"
"2184542614","52928708","0.159483"
"52928708","2184542614","0.159483"
"2199594781","2489624548","0.0344828"
"2489624548","2199594781","0.0344828"
"2199594781","2611743072","0.0344828"
"2611743072","2199594781","0.0344828"
"2199594781","333587792","0.208094"
"333587792","2199594781","0.208094"
"2489624548","2611743072","0.0344828"
"2611743072","2489624548","0.0344828"
"2489624548","2968028284","0.0715198"
"2968028284","2489624548","0.0715198"
"2489624548","52928708","0.367816"
"52928708","2489624548","0.367816"
"2576424542","2611743072","0.0344828"
"2611743072","2576424542","0.0344828"
"2611743072","2968028284","0.534483"
"2968028284","2611743072","0.534483"
"2611743072","333587792","0.0344828"
"333587792","2611743072","0.0344828"
"2611743072","52928708","0.0344828"
"52928708","2611743072","0.0344828"
"2968028284","333587792","0.208094"
"333587792","2968028284","0.208094"
"333587792","52928708","0.763649"
"52928708","333587792","0.763649"
"1003264877","2122693463","0.111111"
"2122693463","1003264877","0.111111"
"1984431477","2122693463","0.111111"
"2122693463","1984431477","0.111111"
"2046025323","2122693463","0.111111"
"2122693463","2046025323","0.111111"
"2105543877","2122693463","0.111111"
"2122693463","2105543877","0.111111"
"2122693463","2151749815","0.111111"
"2151749815","2122693463","0.111111"
"2122693463","2153470728","0.111111"
"2153470728","2122693463","0.111111"
"2122693463","2184542614","0.111111"
"2184542614","2122693463","0.111111"
"2122693463","2576424542","0.111111"
"2576424542","2122693463","0.111111"
"2122693463","333587792","0.111111"
"333587792","2122693463","0.111111"
"1003264877","2585027938","0.333333"
"2585027938","1003264877","0.333333"
"2087424554","2585027938","0.333333"
"2585027938","2087424554","0.333333"
"2087424554","52928708","0.424242"
"52928708","2087424554","0.424242"
"2585027938","52928708","0.333333"
"52928708","2585027938","0.333333"
"1003264877","2010955799","0.5"
"2010955799","1003264877","0.5"
"1003264877","2135003210","0.5"
"2135003210","1003264877","0.5"
"2010955799","2135003210","8.56667"
"2135003210","2010955799","8.56667"
"1003264877","2088353053","0.5"
"2088353053","1003264877","0.5"
"1003264877","2125065054","0.5"
"2125065054","1003264877","0.5"
"2088353053","2125065054","1.2"
"2125065054","2088353053","1.2"
"1488425980","2730423779","5.38942"
"2730423779","1488425980","5.38942"
"1488425980","2006928886","0.895833"
"2006928886","1488425980","0.895833"
"1488425980","2023230465","0.39359"
"2023230465","1488425980","0.39359"
"1488425980","2078602844","1.78942"
"2078602844","1488425980","1.78942"
"1488425980","2089391273","0.560256"
"2089391273","1488425980","0.560256"
"1488425980","2119706777","2.03942"
"2119706777","1488425980","2.03942"
"1488425980","2145909907","0.39359"
"2145909907","1488425980","0.39359"
"2006928886","2023230465","0.392857"
"2023230465","2006928886","0.392857"
"2006928886","2078602844","0.3125"
"2078602844","2006928886","0.3125"
"2006928886","2089391273","0.72619"
"2089391273","2006928886","0.72619"
"2006928886","2119706777","2.12202"
"2119706777","2006928886","2.12202"
"2006928886","2145909907","0.72619"
"2145909907","2006928886","0.72619"
"2023230465","2078602844","0.504701"
"2078602844","2023230465","0.504701"
"2023230465","2089391273","1.27635"
"2089391273","2023230465","1.27635"
"2023230465","2119706777","1.70968"
"2119706777","2023230465","1.70968"
"2023230465","2145909907","1.60968"
"2145909907","2023230465","1.60968"
"2078602844","2089391273","0.504701"
"2089391273","2078602844","0.504701"
"2078602844","2119706777","0.900534"
"2119706777","2078602844","0.900534"
"2078602844","2145909907","0.504701"
"2145909907","2078602844","0.504701"
"2089391273","2119706777","3.79225"
"2119706777","2089391273","3.79225"
"2089391273","2145909907","3.94301"
"2145909907","2089391273","3.94301"
"2119706777","2145909907","3.27635"
"2145909907","2119706777","3.27635"
"2078602844","2730423779","2.47276"
"2730423779","2078602844","2.47276"
"2119706777","2730423779","0.80609"
"2730423779","2119706777","0.80609"
"1488425980","1987938583","0.25"
"1987938583","1488425980","0.25"
