"1485379677","1969563890","1.23655"
"1969563890","1485379677","1.23655"
"1485379677","2064602946","0.76036"
"2064602946","1485379677","0.76036"
"1969563890","2064602946","0.976391"
"2064602946","1969563890","0.976391"
"1485379677","1995933144","0.427027"
"1995933144","1485379677","0.427027"
"1485379677","2080483011","0.60395"
"2080483011","1485379677","0.60395"
"1969563890","1995933144","5.48694"
"1995933144","1969563890","5.48694"
"1969563890","2080483011","1.83694"
"2080483011","1969563890","1.83694"
"1995933144","2080483011","1.69409"
"2080483011","1995933144","1.69409"
"1485379677","1513695784","0.336551"
"1513695784","1485379677","0.336551"
"1485379677","1967931674","0.309524"
"1967931674","1485379677","0.309524"
"1485379677","2100667939","0.413474"
"2100667939","1485379677","0.413474"
"1485379677","2153976078","0.336551"
"2153976078","1485379677","0.336551"
"1485379677","2163883713","0.142857"
"2163883713","1485379677","0.142857"
"1485379677","63716686","0.142857"
"63716686","1485379677","0.142857"
"1513695784","1967931674","1.82302"
"1967931674","1513695784","1.82302"
"1513695784","1969563890","2.64041"
"1969563890","1513695784","2.64041"
"1513695784","2100667939","2.98436"
"2100667939","1513695784","2.98436"
"1513695784","2153976078","0.928176"
"2153976078","1513695784","0.928176"
"1513695784","2163883713","0.267857"
"2163883713","1513695784","0.267857"
"1513695784","63716686","0.735714"
"63716686","1513695784","0.735714"
"1967931674","1969563890","1.12738"
"1969563890","1967931674","1.12738"
"1967931674","2100667939","7.12504"
"2100667939","1967931674","7.12504"
"1967931674","2153976078","2.36512"
"2153976078","1967931674","2.36512"
"1967931674","2163883713","2.69607"
"2163883713","1967931674","2.69607"
"1967931674","63716686","1.55162"
"63716686","1967931674","1.55162"
"1969563890","2100667939","5.72325"
"2100667939","1969563890","5.72325"
"1969563890","2153976078","1.26032"
"2153976078","1969563890","1.26032"
"1969563890","2163883713","0.142857"
"2163883713","1969563890","0.142857"
"1969563890","63716686","0.567857"
"63716686","1969563890","0.567857"
"2100667939","2153976078","2.06353"
"2153976078","2100667939","2.06353"
"2100667939","2163883713","4.3544"
"2163883713","2100667939","4.3544"
"2100667939","63716686","1.40877"
"63716686","2100667939","1.40877"
"2153976078","2163883713","0.612734"
"2163883713","2153976078","0.612734"
"2153976078","63716686","0.801623"
"63716686","2153976078","0.801623"
"2163883713","63716686","0.233766"
"63716686","2163883713","0.233766"
"1485379677","1529073924","0.270617"
"1529073924","1485379677","0.270617"
"1485379677","1964204142","0.337283"
"1964204142","1485379677","0.337283"
"1485379677","2034235950","0.26036"
"2034235950","1485379677","0.26036"
"1485379677","2409256026","0.270617"
"2409256026","1485379677","0.270617"
"1529073924","1964204142","0.869223"
"1964204142","1529073924","0.869223"
"1529073924","2034235950","1.50063"
"2034235950","1529073924","1.50063"
"1529073924","2064602946","0.433534"
"2064602946","1529073924","0.433534"
"1529073924","2080483011","2.28887"
"2080483011","1529073924","2.28887"
"1529073924","2409256026","0.96879"
"2409256026","1529073924","0.96879"
"1964204142","2034235950","1.10897"
"2034235950","1964204142","1.10897"
"1964204142","2064602946","1.16687"
"2064602946","1964204142","1.16687"
"1964204142","2080483011","0.754775"
"2080483011","1964204142","0.754775"
"1964204142","2409256026","0.510457"
"2409256026","1964204142","0.510457"
"2034235950","2064602946","3.0002"
"2064602946","2034235950","3.0002"
"2034235950","2080483011","1.29528"
"2080483011","2034235950","1.29528"
"2034235950","2409256026","2.39187"
"2409256026","2034235950","2.39187"
"2064602946","2080483011","0.228176"
"2080483011","2064602946","0.228176"
"2064602946","2409256026","0.790676"
"2409256026","2064602946","0.790676"
"2080483011","2409256026","0.90629"
"2409256026","2080483011","0.90629"
"1485379677","1796560052","0.10395"
"1796560052","1485379677","0.10395"
"1485379677","1986394600","0.10395"
"1986394600","1485379677","0.10395"
"1485379677","2012648967","0.10395"
"2012648967","1485379677","0.10395"
"1485379677","2069720347","0.10395"
"2069720347","1485379677","0.10395"
"1485379677","2082285428","0.10395"
"2082285428","1485379677","0.10395"
"1485379677","2117871219","0.170617"
"2117871219","1485379677","0.170617"
"1485379677","2174950282","0.170617"
"2174950282","1485379677","0.170617"
"1485379677","2329305497","0.10395"
"2329305497","1485379677","0.10395"
"1529073924","1796560052","0.200933"
"1796560052","1529073924","0.200933"
"1529073924","1986394600","0.200933"
"1986394600","1529073924","0.200933"
"1529073924","2012648967","0.10395"
"2012648967","1529073924","0.10395"
"1529073924","2069720347","0.319859"
"2069720347","1529073924","0.319859"
"1529073924","2082285428","0.382359"
"2082285428","1529073924","0.382359"
"1529073924","2100667939","0.559699"
"2100667939","1529073924","0.559699"
"1529073924","2117871219","0.138433"
"2117871219","1529073924","0.138433"
"1529073924","2174950282","0.10395"
"2174950282","1529073924","0.10395"
"1529073924","2329305497","0.200933"
"2329305497","1529073924","0.200933"
"1796560052","1964204142","0.291842"
"1964204142","1796560052","0.291842"
"1796560052","1986394600","0.300933"
"1986394600","1796560052","0.300933"
"1796560052","2012648967","0.10395"
"2012648967","1796560052","0.10395"
"1796560052","2069720347","0.10395"
"2069720347","1796560052","0.10395"
"1796560052","2080483011","0.138433"
"2080483011","1796560052","0.138433"
"1796560052","2082285428","0.16645"
"2082285428","1796560052","0.16645"
"1796560052","2100667939","4.76446"
"2100667939","1796560052","4.76446"
"1796560052","2117871219","0.138433"
"2117871219","1796560052","0.138433"
"1796560052","2174950282","0.162774"
"2174950282","1796560052","0.162774"
"1796560052","2329305497","0.200933"
"2329305497","1796560052","0.200933"
"1796560052","2409256026","0.200933"
"2409256026","1796560052","0.200933"
"1964204142","1986394600","0.200933"
"1986394600","1964204142","0.200933"
"1964204142","2012648967","0.861526"
"2012648967","1964204142","0.861526"
"1964204142","2069720347","1.07743"
"2069720347","1964204142","1.07743"
"1964204142","2082285428","1.13993"
"2082285428","1964204142","1.13993"
"1964204142","2100667939","0.525608"
"2100667939","1964204142","0.525608"
"1964204142","2117871219","1.78843"
"2117871219","1964204142","1.78843"
"1964204142","2174950282","0.170617"
"2174950282","1964204142","0.170617"
"1964204142","2329305497","0.200933"
"2329305497","1964204142","0.200933"
"1986394600","2012648967","0.10395"
"2012648967","1986394600","0.10395"
"1986394600","2069720347","0.10395"
"2069720347","1986394600","0.10395"
"1986394600","2080483011","0.138433"
"2080483011","1986394600","0.138433"
"1986394600","2082285428","0.16645"
"2082285428","1986394600","0.16645"
"1986394600","2100667939","0.425933"
"2100667939","1986394600","0.425933"
"1986394600","2117871219","0.721766"
"2117871219","1986394600","0.721766"
"1986394600","2174950282","0.10395"
"2174950282","1986394600","0.10395"
"1986394600","2329305497","0.200933"
"2329305497","1986394600","0.200933"
"1986394600","2409256026","0.200933"
"2409256026","1986394600","0.200933"
"2012648967","2069720347","8.81153"
"2069720347","2012648967","8.81153"
"2012648967","2080483011","0.194859"
"2080483011","2012648967","0.194859"
"2012648967","2082285428","7.31153"
"2082285428","2012648967","7.31153"
"2012648967","2100667939","0.10395"
"2100667939","2012648967","0.10395"
"2012648967","2117871219","0.270617"
"2117871219","2012648967","0.270617"
"2012648967","2174950282","0.10395"
"2174950282","2012648967","0.10395"
"2012648967","2329305497","0.10395"
"2329305497","2012648967","0.10395"
"2012648967","2409256026","0.10395"
"2409256026","2012648967","0.10395"
"2069720347","2080483011","0.410768"
"2080483011","2069720347","0.410768"
"2069720347","2082285428","13.8052"
"2082285428","2069720347","13.8052"
"2069720347","2100667939","0.194859"
"2100667939","2069720347","0.194859"
"2069720347","2117871219","0.270617"
"2117871219","2069720347","0.270617"
"2069720347","2174950282","0.10395"
"2174950282","2069720347","0.10395"
"2069720347","2329305497","0.10395"
"2329305497","2069720347","0.10395"
"2069720347","2409256026","0.10395"
"2409256026","2069720347","0.10395"
"2080483011","2082285428","0.410768"
"2082285428","2080483011","0.410768"
"2080483011","2100667939","0.497199"
"2100667939","2080483011","0.497199"
"2080483011","2117871219","0.971766"
"2117871219","2080483011","0.971766"
"2080483011","2174950282","0.10395"
"2174950282","2080483011","0.10395"
"2080483011","2329305497","0.138433"
"2329305497","2080483011","0.138433"
"2082285428","2100667939","0.257359"
"2100667939","2082285428","0.257359"
"2082285428","2117871219","0.270617"
"2117871219","2082285428","0.270617"
"2082285428","2174950282","0.10395"
"2174950282","2082285428","0.10395"
"2082285428","2329305497","0.16645"
"2329305497","2082285428","0.16645"
"2082285428","2409256026","0.16645"
"2409256026","2082285428","0.16645"
"2100667939","2117871219","0.582877"
"2117871219","2100667939","0.582877"
"2100667939","2174950282","0.30395"
"2174950282","2100667939","0.30395"
"2100667939","2329305497","0.200933"
"2329305497","2100667939","0.200933"
"2100667939","2409256026","0.46879"
"2409256026","2100667939","0.46879"
"2117871219","2174950282","0.170617"
"2174950282","2117871219","0.170617"
"2117871219","2329305497","0.971766"
"2329305497","2117871219","0.971766"
"2117871219","2409256026","0.138433"
"2409256026","2117871219","0.138433"
"2174950282","2329305497","0.35395"
"2329305497","2174950282","0.35395"
"2174950282","2409256026","0.10395"
"2409256026","2174950282","0.10395"
"2329305497","2409256026","0.200933"
"2409256026","2329305497","0.200933"
"1485379677","1498799284","0.027027"
"1498799284","1485379677","0.027027"
"1485379677","1550818101","0.593694"
"1550818101","1485379677","0.593694"
"1485379677","1580766749","0.027027"
"1580766749","1485379677","0.027027"
"1485379677","1844110723","0.027027"
"1844110723","1485379677","0.027027"
"1485379677","2037369246","0.527027"
"2037369246","1485379677","0.527027"
"1485379677","2052233462","0.0936937"
"2052233462","1485379677","0.0936937"
"1485379677","2057630596","0.027027"
"2057630596","1485379677","0.027027"
"1485379677","2120927404","0.027027"
"2120927404","1485379677","0.027027"
"1485379677","2123105932","0.027027"
"2123105932","1485379677","0.027027"
"1485379677","2130955800","0.0936937"
"2130955800","1485379677","0.0936937"
"1485379677","2146399255","0.027027"
"2146399255","1485379677","0.027027"
"1485379677","2402798454","0.027027"
"2402798454","1485379677","0.027027"
"1485379677","2590216046","0.0936937"
"2590216046","1485379677","0.0936937"
"1485379677","2592551226","0.0936937"
"2592551226","1485379677","0.0936937"
"1485379677","2757271888","0.027027"
"2757271888","1485379677","0.027027"
"1485379677","2763115747","0.027027"
"2763115747","1485379677","0.027027"
"1485379677","36713484","0.027027"
"36713484","1485379677","0.027027"
"1485379677","37919794","0.027027"
"37919794","1485379677","0.027027"
"1498799284","1513695784","2.32371"
"1513695784","1498799284","2.32371"
"1498799284","1529073924","0.49901"
"1529073924","1498799284","0.49901"
"1498799284","1550818101","0.027027"
"1550818101","1498799284","0.027027"
"1498799284","1580766749","0.499605"
"1580766749","1498799284","0.499605"
"1498799284","1796560052","1.25426"
"1796560052","1498799284","1.25426"
"1498799284","1844110723","0.027027"
"1844110723","1498799284","0.027027"
"1498799284","1964204142","0.12401"
"1964204142","1498799284","0.12401"
"1498799284","1969563890","0.254262"
"1969563890","1498799284","0.254262"
"1498799284","1986394600","0.12401"
"1986394600","1498799284","0.12401"
"1498799284","1995933144","0.0615098"
"1995933144","1498799284","0.0615098"
"1498799284","2012648967","0.027027"
"2012648967","1498799284","0.027027"
"1498799284","2034235950","0.62401"
"2034235950","1498799284","0.62401"
"1498799284","2037369246","0.24901"
"2037369246","1498799284","0.24901"
"1498799284","2052233462","0.505954"
"2052233462","1498799284","0.505954"
"1498799284","2057630596","0.860716"
"2057630596","1498799284","0.860716"
"1498799284","2064602946","0.12401"
"2064602946","1498799284","0.12401"
"1498799284","2069720347","0.027027"
"2069720347","1498799284","0.027027"
"1498799284","2080483011","0.43651"
"2080483011","1498799284","0.43651"
"1498799284","2082285428","0.089527"
"2082285428","1498799284","0.089527"
"1498799284","2100667939","1.43155"
"2100667939","1498799284","1.43155"
"1498799284","2117871219","0.505954"
"2117871219","1498799284","0.505954"
"1498799284","2120927404","0.12401"
"2120927404","1498799284","0.12401"
"1498799284","2123105932","0.0615098"
"2123105932","1498799284","0.0615098"
"1498799284","2130955800","0.0615098"
"2130955800","1498799284","0.0615098"
"1498799284","2146399255","0.382938"
"2146399255","1498799284","0.382938"
"1498799284","2153976078","0.257938"
"2153976078","1498799284","0.257938"
"1498799284","2174950282","0.0858506"
"2174950282","1498799284","0.0858506"
"1498799284","2329305497","0.12401"
"2329305497","1498799284","0.12401"
"1498799284","2402798454","0.0615098"
"2402798454","1498799284","0.0615098"
"1498799284","2409256026","0.24901"
"2409256026","1498799284","0.24901"
"1498799284","2590216046","0.089527"
"2590216046","1498799284","0.089527"
"1498799284","2592551226","0.182833"
"2592551226","1498799284","0.182833"
"1498799284","2757271888","0.0615098"
"2757271888","1498799284","0.0615098"
"1498799284","2763115747","0.0615098"
"2763115747","1498799284","0.0615098"
"1498799284","36713484","0.18651"
"36713484","1498799284","0.18651"
"1498799284","37919794","0.027027"
"37919794","1498799284","0.027027"
"1513695784","1529073924","0.732776"
"1529073924","1513695784","0.732776"
"1513695784","1550818101","0.027027"
"1550818101","1513695784","0.027027"
"1513695784","1580766749","0.132938"
"1580766749","1513695784","0.132938"
"1513695784","1796560052","1.50426"
"1796560052","1513695784","1.50426"
"1513695784","1844110723","0.027027"
"1844110723","1513695784","0.027027"
"1513695784","1964204142","0.357776"
"1964204142","1513695784","0.357776"
"1513695784","1986394600","0.12401"
"1986394600","1513695784","0.12401"
"1513695784","1995933144","0.152419"
"1995933144","1513695784","0.152419"
"1513695784","2012648967","0.027027"
"2012648967","1513695784","0.027027"
"1513695784","2034235950","0.732776"
"2034235950","1513695784","0.732776"
"1513695784","2037369246","0.12401"
"2037369246","1513695784","0.12401"
"1513695784","2052233462","0.505954"
"2052233462","1513695784","0.505954"
"1513695784","2057630596","0.244049"
"2057630596","1513695784","0.244049"
"1513695784","2064602946","0.266867"
"2064602946","1513695784","0.266867"
"1513695784","2069720347","0.117936"
"2069720347","1513695784","0.117936"
"1513695784","2080483011","0.670276"
"2080483011","1513695784","0.670276"
"1513695784","2082285428","0.180436"
"2082285428","1513695784","0.180436"
"1513695784","2117871219","0.505954"
"2117871219","1513695784","0.505954"
"1513695784","2120927404","0.214919"
"2120927404","1513695784","0.214919"
"1513695784","2123105932","0.0615098"
"2123105932","1513695784","0.0615098"
"1513695784","2130955800","0.0615098"
"2130955800","1513695784","0.0615098"
"1513695784","2146399255","0.859129"
"2146399255","1513695784","0.859129"
"1513695784","2174950282","0.0858506"
"2174950282","1513695784","0.0858506"
"1513695784","2329305497","0.12401"
"2329305497","1513695784","0.12401"
"1513695784","2402798454","0.0615098"
"2402798454","1513695784","0.0615098"
"1513695784","2409256026","0.391867"
"2409256026","1513695784","0.391867"
"1513695784","2590216046","0.089527"
"2590216046","1513695784","0.089527"
"1513695784","2592551226","0.182833"
"2592551226","1513695784","0.182833"
"1513695784","2757271888","0.0615098"
"2757271888","1513695784","0.0615098"
"1513695784","2763115747","0.0615098"
"2763115747","1513695784","0.0615098"
"1513695784","36713484","0.204367"
"36713484","1513695784","0.204367"
"1513695784","37919794","0.027027"
"37919794","1513695784","0.027027"
"1529073924","1550818101","0.027027"
"1550818101","1529073924","0.027027"
"1529073924","1580766749","0.0615098"
"1580766749","1529073924","0.0615098"
"1529073924","1844110723","0.027027"
"1844110723","1529073924","0.027027"
"1529073924","1969563890","1.37563"
"1969563890","1529073924","1.37563"
"1529073924","1995933144","0.836943"
"1995933144","1529073924","0.836943"
"1529073924","2037369246","0.12401"
"2037369246","1529073924","0.12401"
"1529073924","2052233462","0.0615098"
"2052233462","1529073924","0.0615098"
"1529073924","2057630596","0.0615098"
"2057630596","1529073924","0.0615098"
"1529073924","2120927404","0.214919"
"2120927404","1529073924","0.214919"
"1529073924","2123105932","0.204367"
"2123105932","1529073924","0.204367"
"1529073924","2130955800","0.0615098"
"2130955800","1529073924","0.0615098"
"1529073924","2146399255","0.0615098"
"2146399255","1529073924","0.0615098"
"1529073924","2153976078","0.0615098"
"2153976078","1529073924","0.0615098"
"1529073924","2402798454","0.454367"
"2402798454","1529073924","0.454367"
"1529073924","2590216046","0.089527"
"2590216046","1529073924","0.089527"
"1529073924","2592551226","0.12401"
"2592551226","1529073924","0.12401"
"1529073924","2757271888","0.0615098"
"2757271888","1529073924","0.0615098"
"1529073924","2763115747","0.0615098"
"2763115747","1529073924","0.0615098"
"1529073924","36713484","0.0615098"
"36713484","1529073924","0.0615098"
"1529073924","37919794","0.027027"
"37919794","1529073924","0.027027"
"1550818101","1580766749","0.027027"
"1580766749","1550818101","0.027027"
"1550818101","1796560052","0.027027"
"1796560052","1550818101","0.027027"
"1550818101","1844110723","0.027027"
"1844110723","1550818101","0.027027"
"1550818101","1964204142","0.0936937"
"1964204142","1550818101","0.0936937"
"1550818101","1969563890","0.0936937"
"1969563890","1550818101","0.0936937"
"1550818101","1986394600","0.027027"
"1986394600","1550818101","0.027027"
"1550818101","1995933144","0.593694"
"1995933144","1550818101","0.593694"
"1550818101","2012648967","0.027027"
"2012648967","1550818101","0.027027"
"1550818101","2034235950","0.0936937"
"2034235950","1550818101","0.0936937"
"1550818101","2037369246","2.02703"
"2037369246","1550818101","2.02703"
"1550818101","2052233462","0.0936937"
"2052233462","1550818101","0.0936937"
"1550818101","2057630596","0.027027"
"2057630596","1550818101","0.027027"
"1550818101","2064602946","0.0936937"
"2064602946","1550818101","0.0936937"
"1550818101","2069720347","0.027027"
"2069720347","1550818101","0.027027"
"1550818101","2080483011","0.027027"
"2080483011","1550818101","0.027027"
"1550818101","2082285428","0.027027"
"2082285428","1550818101","0.027027"
"1550818101","2100667939","0.027027"
"2100667939","1550818101","0.027027"
"1550818101","2117871219","0.0936937"
"2117871219","1550818101","0.0936937"
"1550818101","2120927404","0.027027"
"2120927404","1550818101","0.027027"
"1550818101","2123105932","0.027027"
"2123105932","1550818101","0.027027"
"1550818101","2130955800","0.0936937"
"2130955800","1550818101","0.0936937"
"1550818101","2146399255","0.027027"
"2146399255","1550818101","0.027027"
"1550818101","2153976078","0.027027"
"2153976078","1550818101","0.027027"
"1550818101","2174950282","0.0936937"
"2174950282","1550818101","0.0936937"
"1550818101","2329305497","0.027027"
"2329305497","1550818101","0.027027"
"1550818101","2402798454","0.027027"
"2402798454","1550818101","0.027027"
"1550818101","2409256026","0.027027"
"2409256026","1550818101","0.027027"
"1550818101","2590216046","0.0936937"
"2590216046","1550818101","0.0936937"
"1550818101","2592551226","0.0936937"
"2592551226","1550818101","0.0936937"
"1550818101","2757271888","0.027027"
"2757271888","1550818101","0.027027"
"1550818101","2763115747","0.027027"
"2763115747","1550818101","0.027027"
"1550818101","36713484","0.027027"
"36713484","1550818101","0.027027"
"1550818101","37919794","0.027027"
"37919794","1550818101","0.027027"
"1580766749","1796560052","0.424605"
"1796560052","1580766749","0.424605"
"1580766749","1844110723","0.027027"
"1844110723","1580766749","0.027027"
"1580766749","1964204142","0.0615098"
"1964204142","1580766749","0.0615098"
"1580766749","1969563890","0.132938"
"1969563890","1580766749","0.132938"
"1580766749","1986394600","0.0615098"
"1986394600","1580766749","0.0615098"
"1580766749","1995933144","0.394843"
"1995933144","1580766749","0.394843"
"1580766749","2012648967","0.027027"
"2012648967","1580766749","0.027027"
"1580766749","2034235950","0.0615098"
"2034235950","1580766749","0.0615098"
"1580766749","2037369246","0.0615098"
"2037369246","1580766749","0.0615098"
"1580766749","2052233462","0.0615098"
"2052233462","1580766749","0.0615098"
"1580766749","2057630596","6.90516"
"2057630596","1580766749","6.90516"
"1580766749","2064602946","0.0615098"
"2064602946","1580766749","0.0615098"
"1580766749","2069720347","0.027027"
"2069720347","1580766749","0.027027"
"1580766749","2080483011","0.0615098"
"2080483011","1580766749","0.0615098"
"1580766749","2082285428","0.027027"
"2082285428","1580766749","0.027027"
"1580766749","2100667939","0.660716"
"2100667939","1580766749","0.660716"
"1580766749","2117871219","0.394843"
"2117871219","1580766749","0.394843"
"1580766749","2120927404","0.56151"
"2120927404","1580766749","0.56151"
"1580766749","2123105932","0.0615098"
"2123105932","1580766749","0.0615098"
"1580766749","2130955800","0.0615098"
"2130955800","1580766749","0.0615098"
"1580766749","2146399255","0.369049"
"2146399255","1580766749","0.369049"
"1580766749","2153976078","0.369049"
"2153976078","1580766749","0.369049"
"1580766749","2174950282","0.027027"
"2174950282","1580766749","0.027027"
"1580766749","2329305497","0.0615098"
"2329305497","1580766749","0.0615098"
"1580766749","2402798454","0.0615098"
"2402798454","1580766749","0.0615098"
"1580766749","2409256026","0.0615098"
"2409256026","1580766749","0.0615098"
"1580766749","2590216046","0.027027"
"2590216046","1580766749","0.027027"
"1580766749","2592551226","0.0615098"
"2592551226","1580766749","0.0615098"
"1580766749","2757271888","0.0615098"
"2757271888","1580766749","0.0615098"
"1580766749","2763115747","0.0615098"
"2763115747","1580766749","0.0615098"
"1580766749","36713484","0.172621"
"36713484","1580766749","0.172621"
"1580766749","37919794","0.027027"
"37919794","1580766749","0.027027"
"1796560052","1844110723","0.027027"
"1844110723","1796560052","0.027027"
"1796560052","1969563890","0.354262"
"1969563890","1796560052","0.354262"
"1796560052","1995933144","0.0615098"
"1995933144","1796560052","0.0615098"
"1796560052","2034235950","0.12401"
"2034235950","1796560052","0.12401"
"1796560052","2037369246","0.12401"
"2037369246","1796560052","0.12401"
"1796560052","2052233462","0.0615098"
"2052233462","1796560052","0.0615098"
"1796560052","2057630596","0.507938"
"2057630596","1796560052","0.507938"
"1796560052","2064602946","0.12401"
"2064602946","1796560052","0.12401"
"1796560052","2120927404","1.12401"
"2120927404","1796560052","1.12401"
"1796560052","2123105932","0.0615098"
"2123105932","1796560052","0.0615098"
"1796560052","2130955800","0.204367"
"2130955800","1796560052","0.204367"
"1796560052","2146399255","2.94127"
"2146399255","1796560052","2.94127"
"1796560052","2153976078","0.591705"
"2153976078","1796560052","0.591705"
"1796560052","2402798454","0.0615098"
"2402798454","1796560052","0.0615098"
"1796560052","2590216046","0.089527"
"2590216046","1796560052","0.089527"
"1796560052","2592551226","0.182833"
"2592551226","1796560052","0.182833"
"1796560052","2757271888","0.0615098"
"2757271888","1796560052","0.0615098"
"1796560052","2763115747","0.152419"
"2763115747","1796560052","0.152419"
"1796560052","36713484","0.585752"
"36713484","1796560052","0.585752"
"1796560052","37919794","0.027027"
"37919794","1796560052","0.027027"
"1844110723","1964204142","0.284603"
"1964204142","1844110723","0.284603"
"1844110723","1969563890","0.027027"
"1969563890","1844110723","0.027027"
"1844110723","1986394600","0.027027"
"1986394600","1844110723","0.027027"
"1844110723","1995933144","0.027027"
"1995933144","1844110723","0.027027"
"1844110723","2012648967","2.15127"
"2012648967","1844110723","2.15127"
"1844110723","2034235950","0.027027"
"2034235950","1844110723","0.027027"
"1844110723","2037369246","0.027027"
"2037369246","1844110723","0.027027"
"1844110723","2052233462","0.117936"
"2052233462","1844110723","0.117936"
"1844110723","2057630596","0.027027"
"2057630596","1844110723","0.027027"
"1844110723","2064602946","0.027027"
"2064602946","1844110723","0.027027"
"1844110723","2069720347","2.4846"
"2069720347","1844110723","2.4846"
"1844110723","2080483011","0.117936"
"2080483011","1844110723","0.117936"
"1844110723","2082285428","2.4846"
"2082285428","1844110723","2.4846"
"1844110723","2100667939","0.027027"
"2100667939","1844110723","0.027027"
"1844110723","2117871219","0.193694"
"2117871219","1844110723","0.193694"
"1844110723","2120927404","0.117936"
"2120927404","1844110723","0.117936"
"1844110723","2123105932","0.117936"
"2123105932","1844110723","0.117936"
"1844110723","2130955800","0.317936"
"2130955800","1844110723","0.317936"
"1844110723","2146399255","0.027027"
"2146399255","1844110723","0.027027"
"1844110723","2153976078","0.027027"
"2153976078","1844110723","0.027027"
"1844110723","2174950282","0.027027"
"2174950282","1844110723","0.027027"
"1844110723","2329305497","0.027027"
"2329305497","1844110723","0.027027"
"1844110723","2402798454","0.027027"
"2402798454","1844110723","0.027027"
"1844110723","2409256026","0.027027"
"2409256026","1844110723","0.027027"
"1844110723","2590216046","0.027027"
"2590216046","1844110723","0.027027"
"1844110723","2592551226","0.027027"
"2592551226","1844110723","0.027027"
"1844110723","2757271888","0.027027"
"2757271888","1844110723","0.027027"
"1844110723","2763115747","1.81794"
"2763115747","1844110723","1.81794"
"1844110723","36713484","0.027027"
"36713484","1844110723","0.027027"
"1844110723","37919794","0.027027"
"37919794","1844110723","0.027027"
"1964204142","1969563890","0.6923"
"1969563890","1964204142","0.6923"
"1964204142","1995933144","0.903609"
"1995933144","1964204142","0.903609"
"1964204142","2037369246","0.12401"
"2037369246","1964204142","0.12401"
"1964204142","2052233462","0.635752"
"2052233462","1964204142","0.635752"
"1964204142","2057630596","0.0615098"
"2057630596","1964204142","0.0615098"
"1964204142","2120927404","0.305828"
"2120927404","1964204142","0.305828"
"1964204142","2123105932","1.46194"
"2123105932","1964204142","1.46194"
"1964204142","2130955800","3.21909"
"2130955800","1964204142","3.21909"
"1964204142","2146399255","0.0615098"
"2146399255","1964204142","0.0615098"
"1964204142","2153976078","0.152419"
"2153976078","1964204142","0.152419"
"1964204142","2402798454","0.204367"
"2402798454","1964204142","0.204367"
"1964204142","2590216046","0.156194"
"2590216046","1964204142","0.156194"
"1964204142","2592551226","0.190676"
"2592551226","1964204142","0.190676"
"1964204142","2757271888","0.0615098"
"2757271888","1964204142","0.0615098"
"1964204142","2763115747","2.90999"
"2763115747","1964204142","2.90999"
"1964204142","36713484","0.152419"
"36713484","1964204142","0.152419"
"1964204142","37919794","0.527027"
"37919794","1964204142","0.527027"
"1969563890","1986394600","0.34901"
"1986394600","1969563890","0.34901"
"1969563890","2012648967","0.027027"
"2012648967","1969563890","0.027027"
"1969563890","2034235950","1.02563"
"2034235950","1969563890","1.02563"
"1969563890","2037369246","0.290676"
"2037369246","1969563890","0.290676"
"1969563890","2052233462","3.21151"
"2052233462","1969563890","3.21151"
"1969563890","2057630596","0.132938"
"2057630596","1969563890","0.132938"
"1969563890","2069720347","0.242936"
"2069720347","1969563890","0.242936"
"1969563890","2082285428","0.305436"
"2082285428","1969563890","0.305436"
"1969563890","2117871219","3.21151"
"2117871219","1969563890","3.21151"
"1969563890","2120927404","0.214919"
"2120927404","1969563890","0.214919"
"1969563890","2123105932","0.204367"
"2123105932","1969563890","0.204367"
"1969563890","2130955800","0.878176"
"2130955800","1969563890","0.878176"
"1969563890","2146399255","1.56627"
"2146399255","1969563890","1.56627"
"1969563890","2174950282","0.152517"
"2174950282","1969563890","0.152517"
"1969563890","2329305497","0.62401"
"2329305497","1969563890","0.62401"
"1969563890","2402798454","1.95437"
"2402798454","1969563890","1.95437"
"1969563890","2409256026","0.266867"
"2409256026","1969563890","0.266867"
"1969563890","2590216046","0.156194"
"2590216046","1969563890","0.156194"
"1969563890","2592551226","0.2495"
"2592551226","1969563890","0.2495"
"1969563890","2757271888","0.0615098"
"2757271888","1969563890","0.0615098"
"1969563890","2763115747","0.0615098"
"2763115747","1969563890","0.0615098"
"1969563890","36713484","0.16151"
"36713484","1969563890","0.16151"
"1969563890","37919794","0.027027"
"37919794","1969563890","0.027027"
"1986394600","1995933144","0.31151"
"1995933144","1986394600","0.31151"
"1986394600","2034235950","0.12401"
"2034235950","1986394600","0.12401"
"1986394600","2037369246","0.37401"
"2037369246","1986394600","0.37401"
"1986394600","2052233462","0.644843"
"2052233462","1986394600","0.644843"
"1986394600","2057630596","0.0615098"
"2057630596","1986394600","0.0615098"
"1986394600","2064602946","0.12401"
"2064602946","1986394600","0.12401"
"1986394600","2120927404","0.12401"
"2120927404","1986394600","0.12401"
"1986394600","2123105932","0.394843"
"2123105932","1986394600","0.394843"
"1986394600","2130955800","0.0615098"
"2130955800","1986394600","0.0615098"
"1986394600","2146399255","0.16151"
"2146399255","1986394600","0.16151"
"1986394600","2153976078","0.28651"
"2153976078","1986394600","0.28651"
"1986394600","2402798454","0.0615098"
"2402798454","1986394600","0.0615098"
"1986394600","2590216046","0.089527"
"2590216046","1986394600","0.089527"
"1986394600","2592551226","0.12401"
"2592551226","1986394600","0.12401"
"1986394600","2757271888","0.0615098"
"2757271888","1986394600","0.0615098"
"1986394600","2763115747","0.0615098"
"2763115747","1986394600","0.0615098"
"1986394600","36713484","0.16151"
"36713484","1986394600","0.16151"
"1986394600","37919794","0.027027"
"37919794","1986394600","0.027027"
"1995933144","2012648967","0.027027"
"2012648967","1995933144","0.027027"
"1995933144","2034235950","0.903609"
"2034235950","1995933144","0.903609"
"1995933144","2037369246","1.31151"
"2037369246","1995933144","1.31151"
"1995933144","2052233462","4.37818"
"2052233462","1995933144","4.37818"
"1995933144","2057630596","0.394843"
"2057630596","1995933144","0.394843"
"1995933144","2064602946","0.4377"
"2064602946","1995933144","0.4377"
"1995933144","2069720347","0.242936"
"2069720347","1995933144","0.242936"
"1995933144","2082285428","0.242936"
"2082285428","1995933144","0.242936"
"1995933144","2100667939","1.15242"
"2100667939","1995933144","1.15242"
"1995933144","2117871219","6.71151"
"2117871219","1995933144","6.71151"
"1995933144","2120927404","0.152419"
"2120927404","1995933144","0.152419"
"1995933144","2123105932","0.371034"
"2123105932","1995933144","0.371034"
"1995933144","2130955800","0.878176"
"2130955800","1995933144","0.878176"
"1995933144","2146399255","0.0615098"
"2146399255","1995933144","0.0615098"
"1995933144","2153976078","0.0615098"
"2153976078","1995933144","0.0615098"
"1995933144","2174950282","0.427027"
"2174950282","1995933144","0.427027"
"1995933144","2329305497","0.728176"
"2329305497","1995933144","0.728176"
"1995933144","2402798454","0.954367"
"2402798454","1995933144","0.954367"
"1995933144","2409256026","0.0615098"
"2409256026","1995933144","0.0615098"
"1995933144","2590216046","0.0936937"
"2590216046","1995933144","0.0936937"
"1995933144","2592551226","0.128176"
"2592551226","1995933144","0.128176"
"1995933144","2757271888","0.0615098"
"2757271888","1995933144","0.0615098"
"1995933144","2763115747","0.228176"
"2763115747","1995933144","0.228176"
"1995933144","36713484","0.0615098"
"36713484","1995933144","0.0615098"
"1995933144","37919794","0.027027"
"37919794","1995933144","0.027027"
"2012648967","2034235950","0.027027"
"2034235950","2012648967","0.027027"
"2012648967","2037369246","0.027027"
"2037369246","2012648967","0.027027"
"2012648967","2052233462","0.117936"
"2052233462","2012648967","0.117936"
"2012648967","2057630596","0.027027"
"2057630596","2012648967","0.027027"
"2012648967","2064602946","0.027027"
"2064602946","2012648967","0.027027"
"2012648967","2120927404","0.117936"
"2120927404","2012648967","0.117936"
"2012648967","2123105932","0.617936"
"2123105932","2012648967","0.617936"
"2012648967","2130955800","0.567936"
"2130955800","2012648967","0.567936"
"2012648967","2146399255","0.027027"
"2146399255","2012648967","0.027027"
"2012648967","2153976078","0.027027"
"2153976078","2012648967","0.027027"
"2012648967","2402798454","0.027027"
"2402798454","2012648967","0.027027"
"2012648967","2590216046","0.027027"
"2590216046","2012648967","0.027027"
"2012648967","2592551226","0.027027"
"2592551226","2012648967","0.027027"
"2012648967","2757271888","0.027027"
"2757271888","2012648967","0.027027"
"2012648967","2763115747","1.56794"
"2763115747","2012648967","1.56794"
"2012648967","36713484","0.027027"
"36713484","2012648967","0.027027"
"2012648967","37919794","0.027027"
"37919794","2012648967","0.027027"
"2034235950","2037369246","0.24901"
"2037369246","2034235950","0.24901"
"2034235950","2052233462","0.544843"
"2052233462","2034235950","0.544843"
"2034235950","2057630596","0.0615098"
"2057630596","2034235950","0.0615098"
"2034235950","2069720347","0.242936"
"2069720347","2034235950","0.242936"
"2034235950","2082285428","0.305436"
"2082285428","2034235950","0.305436"
"2034235950","2100667939","0.816109"
"2100667939","2034235950","0.816109"
"2034235950","2117871219","0.544843"
"2117871219","2034235950","0.544843"
"2034235950","2120927404","0.214919"
"2120927404","2034235950","0.214919"
"2034235950","2123105932","0.204367"
"2123105932","2034235950","0.204367"
"2034235950","2130955800","0.128176"
"2130955800","2034235950","0.128176"
"2034235950","2146399255","0.394843"
"2146399255","2034235950","0.394843"
"2034235950","2153976078","0.18651"
"2153976078","2034235950","0.18651"
"2034235950","2174950282","0.0936937"
"2174950282","2034235950","0.0936937"
"2034235950","2329305497","0.290676"
"2329305497","2034235950","0.290676"
"2034235950","2402798454","0.204367"
"2402798454","2034235950","0.204367"
"2034235950","2590216046","0.156194"
"2590216046","2034235950","0.156194"
"2034235950","2592551226","0.190676"
"2592551226","2034235950","0.190676"
"2034235950","2757271888","0.0615098"
"2757271888","2034235950","0.0615098"
"2034235950","2763115747","0.228176"
"2763115747","2034235950","0.228176"
"2034235950","36713484","0.18651"
"36713484","2034235950","0.18651"
"2034235950","37919794","0.027027"
"37919794","2034235950","0.027027"
"2037369246","2052233462","0.644843"
"2052233462","2037369246","0.644843"
"2037369246","2057630596","0.0615098"
"2057630596","2037369246","0.0615098"
"2037369246","2064602946","0.12401"
"2064602946","2037369246","0.12401"
"2037369246","2069720347","0.027027"
"2069720347","2037369246","0.027027"
"2037369246","2080483011","0.228176"
"2080483011","2037369246","0.228176"
"2037369246","2082285428","0.089527"
"2082285428","2037369246","0.089527"
"2037369246","2100667939","0.12401"
"2100667939","2037369246","0.12401"
"2037369246","2117871219","0.644843"
"2117871219","2037369246","0.644843"
"2037369246","2120927404","0.12401"
"2120927404","2037369246","0.12401"
"2037369246","2123105932","0.0615098"
"2123105932","2037369246","0.0615098"
"2037369246","2130955800","0.0615098"
"2130955800","2037369246","0.0615098"
"2037369246","2146399255","0.0615098"
"2146399255","2037369246","0.0615098"
"2037369246","2153976078","0.18651"
"2153976078","2037369246","0.18651"
"2037369246","2174950282","0.027027"
"2174950282","2037369246","0.027027"
"2037369246","2329305497","0.12401"
"2329305497","2037369246","0.12401"
"2037369246","2402798454","0.0615098"
"2402798454","2037369246","0.0615098"
"2037369246","2409256026","0.12401"
"2409256026","2037369246","0.12401"
"2037369246","2590216046","0.089527"
"2590216046","2037369246","0.089527"
"2037369246","2592551226","0.12401"
"2592551226","2037369246","0.12401"
"2037369246","2757271888","0.0615098"
"2757271888","2037369246","0.0615098"
"2037369246","2763115747","0.0615098"
"2763115747","2037369246","0.0615098"
"2037369246","36713484","0.18651"
"36713484","2037369246","0.18651"
"2037369246","37919794","0.027027"
"37919794","2037369246","0.027027"
"2052233462","2057630596","0.172621"
"2057630596","2052233462","0.172621"
"2052233462","2064602946","0.294843"
"2064602946","2052233462","0.294843"
"2052233462","2069720347","0.117936"
"2069720347","2052233462","0.117936"
"2052233462","2080483011","0.985752"
"2080483011","2052233462","0.985752"
"2052233462","2082285428","0.117936"
"2082285428","2052233462","0.117936"
"2052233462","2100667939","0.505954"
"2100667939","2052233462","0.505954"
"2052233462","2117871219","20.4893"
"2117871219","2052233462","20.4893"
"2052233462","2120927404","0.152419"
"2120927404","2052233462","0.152419"
"2052233462","2123105932","0.652419"
"2123105932","2052233462","0.652419"
"2052233462","2130955800","2.13575"
"2130955800","2052233462","2.13575"
"2052233462","2146399255","0.0615098"
"2146399255","2052233462","0.0615098"
"2052233462","2153976078","0.0615098"
"2153976078","2052233462","0.0615098"
"2052233462","2174950282","0.593694"
"2174950282","2052233462","0.593694"
"2052233462","2329305497","0.894843"
"2329305497","2052233462","0.894843"
"2052233462","2402798454","0.0615098"
"2402798454","2052233462","0.0615098"
"2052233462","2409256026","0.0615098"
"2409256026","2052233462","0.0615098"
"2052233462","2590216046","0.0936937"
"2590216046","2052233462","0.0936937"
"2052233462","2592551226","0.294843"
"2592551226","2052233462","0.294843"
"2052233462","2757271888","0.228176"
"2757271888","2052233462","0.228176"
"2052233462","2763115747","0.485752"
"2763115747","2052233462","0.485752"
"2052233462","36713484","0.0615098"
"36713484","2052233462","0.0615098"
"2052233462","37919794","0.027027"
"37919794","2052233462","0.027027"
"2057630596","2064602946","0.0615098"
"2064602946","2057630596","0.0615098"
"2057630596","2069720347","0.027027"
"2069720347","2057630596","0.027027"
"2057630596","2080483011","0.0615098"
"2080483011","2057630596","0.0615098"
"2057630596","2082285428","0.027027"
"2082285428","2057630596","0.027027"
"2057630596","2100667939","2.05516"
"2100667939","2057630596","2.05516"
"2057630596","2117871219","0.505954"
"2117871219","2057630596","0.505954"
"2057630596","2120927404","0.56151"
"2120927404","2057630596","0.56151"
"2057630596","2123105932","0.0615098"
"2123105932","2057630596","0.0615098"
"2057630596","2130955800","0.0615098"
"2130955800","2057630596","0.0615098"
"2057630596","2146399255","0.369049"
"2146399255","2057630596","0.369049"
"2057630596","2153976078","0.369049"
"2153976078","2057630596","0.369049"
"2057630596","2174950282","0.227027"
"2174950282","2057630596","0.227027"
"2057630596","2329305497","0.0615098"
"2329305497","2057630596","0.0615098"
"2057630596","2402798454","0.0615098"
"2402798454","2057630596","0.0615098"
"2057630596","2409256026","0.0615098"
"2409256026","2057630596","0.0615098"
"2057630596","2590216046","0.027027"
"2590216046","2057630596","0.027027"
"2057630596","2592551226","0.26151"
"2592551226","2057630596","0.26151"
"2057630596","2757271888","0.0615098"
"2757271888","2057630596","0.0615098"
"2057630596","2763115747","0.0615098"
"2763115747","2057630596","0.0615098"
"2057630596","36713484","0.172621"
"36713484","2057630596","0.172621"
"2057630596","37919794","0.027027"
"37919794","2057630596","0.027027"
"2064602946","2069720347","0.027027"
"2069720347","2064602946","0.027027"
"2064602946","2082285428","0.089527"
"2082285428","2064602946","0.089527"
