"1491372780","2170583938","9.33333"
"2170583938","1491372780","9.33333"
"1491372780","1653671172","0.333333"
"1653671172","1491372780","0.333333"
"1491372780","2160986866","0.333333"
"2160986866","1491372780","0.333333"
"1653671172","2160986866","1.33333"
"2160986866","1653671172","1.33333"
"1653671172","2170583938","3.33333"
"2170583938","1653671172","3.33333"
"2160986866","2170583938","1.33333"
"2170583938","2160986866","1.33333"
"1492527742","1982817706","1.03333"
"1982817706","1492527742","1.03333"
"1492527742","2050185799","1.03333"
"2050185799","1492527742","1.03333"
"1982817706","2050185799","9.03333"
"2050185799","1982817706","9.03333"
"1492527742","1570117747","6.53333"
"1570117747","1492527742","6.53333"
"1570117747","1982817706","1.53333"
"1982817706","1570117747","1.53333"
"1570117747","2050185799","1.03333"
"2050185799","1570117747","1.03333"
"1492527742","1554175657","0.2"
"1554175657","1492527742","0.2"
"1492527742","2521371778","0.2"
"2521371778","1492527742","0.2"
"1554175657","1570117747","2.53333"
"1570117747","1554175657","2.53333"
"1554175657","1982817706","0.2"
"1982817706","1554175657","0.2"
"1554175657","2050185799","1.2"
"2050185799","1554175657","1.2"
"1554175657","2521371778","2.53333"
"2521371778","1554175657","2.53333"
"1570117747","2521371778","2.03333"
"2521371778","1570117747","2.03333"
"1982817706","2521371778","0.7"
"2521371778","1982817706","0.7"
"2050185799","2521371778","0.2"
"2521371778","2050185799","0.2"
"1536522648","2104572208","5.5"
"2104572208","1536522648","5.5"
"1536522648","2093868382","1.33333"
"2093868382","1536522648","1.33333"
"1536522648","1561406992","0.333333"
"1561406992","1536522648","0.333333"
"1536522648","2087360095","0.666667"
"2087360095","1536522648","0.666667"
"1561406992","2087360095","0.333333"
"2087360095","1561406992","0.333333"
"1561406992","2093868382","0.333333"
"2093868382","1561406992","0.333333"
"2087360095","2093868382","0.333333"
"2093868382","2087360095","0.333333"
"1536522648","2101346889","1"
"2101346889","1536522648","1"
"1536522648","2052871060","0.333333"
"2052871060","1536522648","0.333333"
"1536522648","2070817690","0.333333"
"2070817690","1536522648","0.333333"
"2052871060","2070817690","0.333333"
"2070817690","2052871060","0.333333"
"2052871060","2087360095","0.333333"
"2087360095","2052871060","0.333333"
"2070817690","2087360095","0.333333"
"2087360095","2070817690","0.333333"
"1536522648","2152358851","0.833333"
"2152358851","1536522648","0.833333"
"2104572208","2152358851","2.5"
"2152358851","2104572208","2.5"
"1536522648","1996058228","0.333333"
"1996058228","1536522648","0.333333"
"1536522648","2167545129","0.333333"
"2167545129","1536522648","0.333333"
"1996058228","2152358851","5.08333"
"2152358851","1996058228","5.08333"
"1996058228","2167545129","5.08333"
"2167545129","1996058228","5.08333"
"2152358851","2167545129","2.08333"
"2167545129","2152358851","2.08333"
"1549203980","2093868382","7"
"2093868382","1549203980","7"
"1554175657","2093868382","0.333333"
"2093868382","1554175657","0.333333"
"1570117747","2093868382","0.333333"
"2093868382","1570117747","0.333333"
"2093868382","2521371778","0.333333"
"2521371778","2093868382","0.333333"
"1567151187","1995522079","0.25"
"1995522079","1567151187","0.25"
"1567151187","2091806949","0.25"
"2091806949","1567151187","0.25"
"1567151187","2114469075","0.25"
"2114469075","1567151187","0.25"
"1567151187","2160986866","0.25"
"2160986866","1567151187","0.25"
"1995522079","2091806949","13.8409"
"2091806949","1995522079","13.8409"
"1995522079","2114469075","4.75"
"2114469075","1995522079","4.75"
"1995522079","2160986866","0.840909"
"2160986866","1995522079","0.840909"
"2091806949","2114469075","4.25"
"2114469075","2091806949","4.25"
"2091806949","2160986866","0.840909"
"2160986866","2091806949","0.840909"
"2114469075","2160986866","0.25"
"2160986866","2114469075","0.25"
"1607357415","2114469075","2"
"2114469075","1607357415","2"
"1607357415","2091806949","1"
"2091806949","1607357415","1"
"1607357415","2164944148","0.5"
"2164944148","1607357415","0.5"
"2091806949","2164944148","0.5"
"2164944148","2091806949","0.5"
"1607357415","1995522079","0.5"
"1995522079","1607357415","0.5"
"1607357415","2143436607","1"
"2143436607","1607357415","1"
"1719101982","2008289941","2.95758"
"2008289941","1719101982","2.95758"
"1719101982","175253081","0.290909"
"175253081","1719101982","0.290909"
"1719101982","1982817706","0.0909091"
"1982817706","1719101982","0.0909091"
"1719101982","1995522079","0.0909091"
"1995522079","1719101982","0.0909091"
"1719101982","2029725733","0.0909091"
"2029725733","1719101982","0.0909091"
"1719101982","2067119641","2.29091"
"2067119641","1719101982","2.29091"
"1719101982","2091806949","0.0909091"
"2091806949","1719101982","0.0909091"
"1719101982","2120299328","0.0909091"
"2120299328","1719101982","0.0909091"
"1719101982","2145285302","0.0909091"
"2145285302","1719101982","0.0909091"
"1719101982","2160986866","0.0909091"
"2160986866","1719101982","0.0909091"
"1719101982","2162479262","0.0909091"
"2162479262","1719101982","0.0909091"
"175253081","1982817706","0.0909091"
"1982817706","175253081","0.0909091"
"175253081","1995522079","0.0909091"
"1995522079","175253081","0.0909091"
"175253081","2008289941","0.290909"
"2008289941","175253081","0.290909"
"175253081","2029725733","0.0909091"
"2029725733","175253081","0.0909091"
"175253081","2067119641","0.290909"
"2067119641","175253081","0.290909"
"175253081","2091806949","0.0909091"
"2091806949","175253081","0.0909091"
"175253081","2120299328","0.424242"
"2120299328","175253081","0.424242"
"175253081","2145285302","0.0909091"
"2145285302","175253081","0.0909091"
"175253081","2160986866","0.0909091"
"2160986866","175253081","0.0909091"
"175253081","2162479262","0.257576"
"2162479262","175253081","0.257576"
"1982817706","1995522079","0.0909091"
"1995522079","1982817706","0.0909091"
"1982817706","2008289941","0.0909091"
"2008289941","1982817706","0.0909091"
"1982817706","2029725733","0.0909091"
"2029725733","1982817706","0.0909091"
"1982817706","2067119641","0.0909091"
"2067119641","1982817706","0.0909091"
"1982817706","2091806949","0.0909091"
"2091806949","1982817706","0.0909091"
"1982817706","2120299328","0.0909091"
"2120299328","1982817706","0.0909091"
"1982817706","2145285302","0.0909091"
"2145285302","1982817706","0.0909091"
"1982817706","2160986866","0.0909091"
"2160986866","1982817706","0.0909091"
"1982817706","2162479262","0.0909091"
"2162479262","1982817706","0.0909091"
"1995522079","2008289941","0.0909091"
"2008289941","1995522079","0.0909091"
"1995522079","2029725733","0.0909091"
"2029725733","1995522079","0.0909091"
"1995522079","2067119641","0.0909091"
"2067119641","1995522079","0.0909091"
"1995522079","2120299328","0.0909091"
"2120299328","1995522079","0.0909091"
"1995522079","2145285302","0.0909091"
"2145285302","1995522079","0.0909091"
"1995522079","2162479262","0.0909091"
"2162479262","1995522079","0.0909091"
"2008289941","2029725733","0.0909091"
"2029725733","2008289941","0.0909091"
"2008289941","2067119641","3.45758"
"2067119641","2008289941","3.45758"
"2008289941","2091806949","0.0909091"
"2091806949","2008289941","0.0909091"
"2008289941","2120299328","0.0909091"
"2120299328","2008289941","0.0909091"
"2008289941","2145285302","0.0909091"
"2145285302","2008289941","0.0909091"
"2008289941","2160986866","0.0909091"
"2160986866","2008289941","0.0909091"
"2008289941","2162479262","0.0909091"
"2162479262","2008289941","0.0909091"
"2029725733","2067119641","0.0909091"
"2067119641","2029725733","0.0909091"
"2029725733","2091806949","0.0909091"
"2091806949","2029725733","0.0909091"
"2029725733","2120299328","0.0909091"
"2120299328","2029725733","0.0909091"
"2029725733","2145285302","0.0909091"
"2145285302","2029725733","0.0909091"
"2029725733","2160986866","0.0909091"
"2160986866","2029725733","0.0909091"
"2029725733","2162479262","0.0909091"
"2162479262","2029725733","0.0909091"
"2067119641","2091806949","0.0909091"
"2091806949","2067119641","0.0909091"
"2067119641","2120299328","0.0909091"
"2120299328","2067119641","0.0909091"
"2067119641","2145285302","0.0909091"
"2145285302","2067119641","0.0909091"
"2067119641","2160986866","0.0909091"
"2160986866","2067119641","0.0909091"
"2067119641","2162479262","0.0909091"
"2162479262","2067119641","0.0909091"
"2091806949","2120299328","0.0909091"
"2120299328","2091806949","0.0909091"
"2091806949","2145285302","0.0909091"
"2145285302","2091806949","0.0909091"
"2091806949","2162479262","0.590909"
"2162479262","2091806949","0.590909"
"2120299328","2145285302","0.0909091"
"2145285302","2120299328","0.0909091"
"2120299328","2160986866","0.0909091"
"2160986866","2120299328","0.0909091"
"2120299328","2162479262","0.0909091"
"2162479262","2120299328","0.0909091"
"2145285302","2160986866","0.0909091"
"2160986866","2145285302","0.0909091"
"2145285302","2162479262","0.590909"
"2162479262","2145285302","0.590909"
"2160986866","2162479262","0.0909091"
"2162479262","2160986866","0.0909091"
"1719101982","2121544039","1.7"
"2121544039","1719101982","1.7"
"1719101982","2502191040","0.333333"
"2502191040","1719101982","0.333333"
"2067119641","2121544039","11.2"
"2121544039","2067119641","11.2"
"2067119641","2502191040","0.333333"
"2502191040","2067119641","0.333333"
"2121544039","2502191040","0.333333"
"2502191040","2121544039","0.333333"
"2008289941","2121544039","1.86667"
"2121544039","2008289941","1.86667"
"1719101982","2143141490","0.366667"
"2143141490","1719101982","0.366667"
"175253081","2121544039","0.2"
"2121544039","175253081","0.2"
"175253081","2143141490","2.86667"
"2143141490","175253081","2.86667"
"2008289941","2143141490","0.366667"
"2143141490","2008289941","0.366667"
"2067119641","2143141490","0.366667"
"2143141490","2067119641","0.366667"
"2121544039","2143141490","0.366667"
"2143141490","2121544039","0.366667"
"1719101982","1810905952","0.166667"
"1810905952","1719101982","0.166667"
"1719101982","2135055451","0.166667"
"2135055451","1719101982","0.166667"
"1810905952","2008289941","0.166667"
"2008289941","1810905952","0.166667"
"1810905952","2067119641","1.16667"
"2067119641","1810905952","1.16667"
"1810905952","2121544039","1.16667"
"2121544039","1810905952","1.16667"
"1810905952","2135055451","0.166667"
"2135055451","1810905952","0.166667"
"1810905952","2143141490","0.166667"
"2143141490","1810905952","0.166667"
"2008289941","2135055451","0.166667"
"2135055451","2008289941","0.166667"
"2067119641","2135055451","0.166667"
"2135055451","2067119641","0.166667"
"2121544039","2135055451","0.166667"
"2135055451","2121544039","0.166667"
"2135055451","2143141490","4.41667"
"2143141490","2135055451","4.41667"
"175253081","2128184947","1.33333"
"2128184947","175253081","1.33333"
"2128184947","2143141490","2.33333"
"2143141490","2128184947","2.33333"
"175253081","2083532657","0.5"
"2083532657","175253081","0.5"
"175253081","2135055451","1"
"2135055451","175253081","1"
"2083532657","2135055451","10.5833"
"2135055451","2083532657","10.5833"
"2083532657","2143141490","2.25"
"2143141490","2083532657","2.25"
"175253081","2114469075","0.333333"
"2114469075","175253081","0.333333"
"2114469075","2128184947","0.333333"
"2128184947","2114469075","0.333333"
"2114469075","2143141490","0.333333"
"2143141490","2114469075","0.333333"
"2120299328","2128184947","0.333333"
"2128184947","2120299328","0.333333"
"2120299328","2143141490","1.08333"
"2143141490","2120299328","1.08333"
"175253081","2143952351","0.5"
"2143952351","175253081","0.5"
"2143141490","2143952351","0.5"
"2143952351","2143141490","0.5"
"175253081","2157770679","0.166667"
"2157770679","175253081","0.166667"
"2083532657","2128184947","0.166667"
"2128184947","2083532657","0.166667"
"2083532657","2157770679","0.416667"
"2157770679","2083532657","0.416667"
"2083532657","2162479262","0.166667"
"2162479262","2083532657","0.166667"
"2128184947","2135055451","0.166667"
"2135055451","2128184947","0.166667"
"2128184947","2157770679","0.166667"
"2157770679","2128184947","0.166667"
"2128184947","2162479262","0.166667"
"2162479262","2128184947","0.166667"
"2135055451","2157770679","0.416667"
"2157770679","2135055451","0.416667"
"2135055451","2162479262","0.166667"
"2162479262","2135055451","0.166667"
"2143141490","2157770679","1.41667"
"2157770679","2143141490","1.41667"
"2143141490","2162479262","0.166667"
"2162479262","2143141490","0.166667"
"2157770679","2162479262","0.166667"
"2162479262","2157770679","0.166667"
"1810905952","2143436607","0.5"
"2143436607","1810905952","0.5"
"1810905952","2160986866","0.5"
"2160986866","1810905952","0.5"
"2143436607","2160986866","0.5"
"2160986866","2143436607","0.5"
"1810905952","2167545129","1"
"2167545129","1810905952","1"
"1867761973","2166419819","4.225"
"2166419819","1867761973","4.225"
"1867761973","2171939774","9.95"
"2171939774","1867761973","9.95"
"2166419819","2171939774","3.1"
"2171939774","2166419819","3.1"
"1867761973","2156037929","0.5"
"2156037929","1867761973","0.5"
"2156037929","2171939774","0.5"
"2171939774","2156037929","0.5"
"1867761973","1897708694","1.01667"
"1897708694","1867761973","1.01667"
"1867761973","2046005538","1.825"
"2046005538","1867761973","1.825"
"1867761973","2114003856","1.36667"
"2114003856","1867761973","1.36667"
"1867761973","2133512882","1.575"
"2133512882","1867761973","1.575"
"1897708694","2046005538","1.01667"
"2046005538","1897708694","1.01667"
"1897708694","2114003856","1.01667"
"2114003856","1897708694","1.01667"
"1897708694","2133512882","0.766667"
"2133512882","1897708694","0.766667"
"1897708694","2171939774","0.766667"
"2171939774","1897708694","0.766667"
"2046005538","2114003856","2.325"
"2114003856","2046005538","2.325"
"2046005538","2133512882","6.28333"
"2133512882","2046005538","6.28333"
"2046005538","2171939774","1.45"
"2171939774","2046005538","1.45"
"2114003856","2133512882","2.075"
"2133512882","2114003856","2.075"
"2114003856","2171939774","1.11667"
"2171939774","2114003856","1.11667"
"2133512882","2171939774","1.45"
"2171939774","2133512882","1.45"
"1867761973","2146937959","0.416667"
"2146937959","1867761973","0.416667"
"1897708694","2146937959","1.15"
"2146937959","1897708694","1.15"
"2046005538","2146937959","0.416667"
"2146937959","2046005538","0.416667"
"2114003856","2146937959","0.416667"
"2146937959","2114003856","0.416667"
"2133512882","2146937959","0.166667"
"2146937959","2133512882","0.166667"
"2146937959","2171939774","0.166667"
"2171939774","2146937959","0.166667"
"1867761973","2007555409","0.225"
"2007555409","1867761973","0.225"
"1867761973","2072392424","0.225"
"2072392424","1867761973","0.225"
"1867761973","2098333994","0.225"
"2098333994","1867761973","0.225"
"1867761973","2135110507","0.225"
"2135110507","1867761973","0.225"
"1867761973","2156111724","0.225"
"2156111724","1867761973","0.225"
"2007555409","2046005538","0.766667"
"2046005538","2007555409","0.766667"
"2007555409","2072392424","7.93333"
"2072392424","2007555409","7.93333"
"2007555409","2098333994","1.6"
"2098333994","2007555409","1.6"
"2007555409","2133512882","0.766667"
"2133512882","2007555409","0.766667"
"2007555409","2135110507","2.43333"
"2135110507","2007555409","2.43333"
"2007555409","2156111724","4.01667"
"2156111724","2007555409","4.01667"
"2007555409","2166419819","0.225"
"2166419819","2007555409","0.225"
"2046005538","2072392424","1.1"
"2072392424","2046005538","1.1"
"2046005538","2098333994","2.18333"
"2098333994","2046005538","2.18333"
"2046005538","2135110507","0.85"
"2135110507","2046005538","0.85"
"2046005538","2156111724","1.1"
"2156111724","2046005538","1.1"
"2046005538","2166419819","1.05833"
"2166419819","2046005538","1.05833"
"2072392424","2098333994","7.49286"
"2098333994","2072392424","7.49286"
"2072392424","2133512882","0.766667"
"2133512882","2072392424","0.766667"
"2072392424","2135110507","3.32619"
"2135110507","2072392424","3.32619"
"2072392424","2156111724","6.24286"
"2156111724","2072392424","6.24286"
"2072392424","2166419819","0.367857"
"2166419819","2072392424","0.367857"
"2098333994","2133512882","1.01667"
"2133512882","2098333994","1.01667"
"2098333994","2135110507","2.57619"
"2135110507","2098333994","2.57619"
"2098333994","2156111724","11.7429"
"2156111724","2098333994","11.7429"
"2098333994","2166419819","0.367857"
"2166419819","2098333994","0.367857"
"2133512882","2135110507","0.516667"
"2135110507","2133512882","0.516667"
"2133512882","2156111724","1.26667"
"2156111724","2133512882","1.26667"
"2133512882","2166419819","0.558333"
"2166419819","2133512882","0.558333"
"2135110507","2156111724","15.7429"
"2156111724","2135110507","15.7429"
"2135110507","2166419819","0.367857"
"2166419819","2135110507","0.367857"
"2156111724","2166419819","0.367857"
"2166419819","2156111724","0.367857"
"2007555409","2114003856","0.558333"
"2114003856","2007555409","0.558333"
"2007555409","2171939774","0.1"
"2171939774","2007555409","0.1"
"2072392424","2114003856","0.367857"
"2114003856","2072392424","0.367857"
"2072392424","2171939774","0.1"
"2171939774","2072392424","0.1"
"2098333994","2114003856","0.367857"
"2114003856","2098333994","0.367857"
"2098333994","2171939774","0.1"
"2171939774","2098333994","0.1"
"2114003856","2135110507","0.70119"
"2135110507","2114003856","0.70119"
"2114003856","2156111724","0.70119"
"2156111724","2114003856","0.70119"
"2114003856","2166419819","0.242857"
"2166419819","2114003856","0.242857"
"2135110507","2171939774","0.1"
"2171939774","2135110507","0.1"
"2156111724","2171939774","0.1"
"2171939774","2156111724","0.1"
"1897708694","1994277736","10.5667"
"1994277736","1897708694","10.5667"
"1897708694","2156442327","3.9"
"2156442327","1897708694","3.9"
"1897708694","2083532657","0.333333"
"2083532657","1897708694","0.333333"
"1897708694","2135055451","0.333333"
"2135055451","1897708694","0.333333"
"1994277736","2083532657","0.333333"
"2083532657","1994277736","0.333333"
"1994277736","2135055451","0.333333"
"2135055451","1994277736","0.333333"
"1897708694","2127369027","3.06667"
"2127369027","1897708694","3.06667"
"1994277736","2127369027","2.06667"
"2127369027","1994277736","2.06667"
"1994277736","2146937959","0.733333"
"2146937959","1994277736","0.733333"
"2127369027","2146937959","0.733333"
"2146937959","2127369027","0.733333"
"1994277736","2156442327","2.9"
"2156442327","1994277736","2.9"
"1897708694","2105692504","3.06667"
"2105692504","1897708694","3.06667"
"1994277736","2105692504","2.06667"
"2105692504","1994277736","2.06667"
"2105692504","2156442327","3.06667"
"2156442327","2105692504","3.06667"
"2105692504","2127369027","0.4"
"2127369027","2105692504","0.4"
"2105692504","2146937959","3.9"
"2146937959","2105692504","3.9"
"2127369027","2156442327","0.733333"
"2156442327","2127369027","0.733333"
"2146937959","2156442327","0.4"
"2156442327","2146937959","0.4"
"1969193845","2261555467","3"
"2261555467","1969193845","3"
"1969193845","2502191040","2"
"2502191040","1969193845","2"
"1969193845","3012842362","1"
"3012842362","1969193845","1"
"1982817706","2087360095","2.5"
"2087360095","1982817706","2.5"
"2050185799","2087360095","2.5"
"2087360095","2050185799","2.5"
"1996058228","2101346889","0.25"
"2101346889","1996058228","0.25"
"1996058228","2143952351","0.25"
"2143952351","1996058228","0.25"
"2101346889","2143952351","0.25"
"2143952351","2101346889","0.25"
"2101346889","2152358851","0.25"
"2152358851","2101346889","0.25"
"2101346889","2167545129","2.25"
"2167545129","2101346889","2.25"
"2143952351","2152358851","0.25"
"2152358851","2143952351","0.25"
"2143952351","2167545129","0.25"
"2167545129","2143952351","0.25"
"2007555409","2102785148","0.25"
"2102785148","2007555409","0.25"
"2098333994","2102785148","0.25"
"2102785148","2098333994","0.25"
"2102785148","2135110507","2.75"
"2135110507","2102785148","2.75"
"2102785148","2156111724","2.75"
"2156111724","2102785148","2.75"
"2007555409","2105692504","0.125"
"2105692504","2007555409","0.125"
"2046005538","2105692504","1.625"
"2105692504","2046005538","1.625"
"2072392424","2105692504","0.60119"
"2105692504","2072392424","0.60119"
"2098333994","2105692504","0.60119"
"2105692504","2098333994","0.60119"
"2105692504","2114003856","1.60119"
"2114003856","2105692504","1.60119"
"2105692504","2133512882","0.791667"
"2133512882","2105692504","0.791667"
"2105692504","2135110507","0.267857"
"2135110507","2105692504","0.267857"
"2105692504","2156111724","0.267857"
"2156111724","2105692504","0.267857"
"2105692504","2166419819","1.47619"
"2166419819","2105692504","1.47619"
"2052871060","2066427892","2"
"2066427892","2052871060","2"
"2072392424","2146937959","0.333333"
"2146937959","2072392424","0.333333"
"2098333994","2146937959","0.333333"
"2146937959","2098333994","0.333333"
"2146937959","2156111724","0.333333"
"2156111724","2146937959","0.333333"
"2072392424","2083532657","0.142857"
"2083532657","2072392424","0.142857"
"2083532657","2098333994","0.142857"
"2098333994","2083532657","0.142857"
"2083532657","2105692504","0.142857"
"2105692504","2083532657","0.142857"
"2083532657","2114003856","0.142857"
"2114003856","2083532657","0.142857"
"2083532657","2135110507","0.142857"
"2135110507","2083532657","0.142857"
"2083532657","2156111724","0.142857"
"2156111724","2083532657","0.142857"
"2083532657","2166419819","0.142857"
"2166419819","2083532657","0.142857"
"2083532657","2120299328","0.25"
"2120299328","2083532657","0.25"
"2120299328","2135055451","1.75"
"2135055451","2120299328","1.75"
"2120299328","2157770679","0.25"
"2157770679","2120299328","0.25"
"2091806949","2143141490","1"
"2143141490","2091806949","1"
"2114469075","2162479262","2"
"2162479262","2114469075","2"
"2146937959","2166419819","0.5"
"2166419819","2146937959","0.5"
"2114469075","2145285302","0.5"
"2145285302","2114469075","0.5"
"2143436607","2170583938","1"
"2170583938","2143436607","1"
"2143436607","2164944148","2"
"2164944148","2143436607","2"
"2145285302","2167545129","1"
"2167545129","2145285302","1"
"2152358851","3012842362","1"
"3012842362","2152358851","1"
"2167545129","2170583938","1"
"2170583938","2167545129","1"
"2430628567","2502191040","1"
"2502191040","2430628567","1"
