"1444171038","2111091497","3.34488"
"2111091497","1444171038","3.34488"
"1444171038","2491208020","4.32702"
"2491208020","1444171038","4.32702"
"2111091497","2491208020","6.82702"
"2491208020","2111091497","6.82702"
"1444171038","147733779","0.111111"
"147733779","1444171038","0.111111"
"1444171038","1480446764","0.111111"
"1480446764","1444171038","0.111111"
"1444171038","1976241222","0.469877"
"1976241222","1444171038","0.469877"
"1444171038","2117630035","11.9699"
"2117630035","1444171038","11.9699"
"1444171038","2151831402","0.636544"
"2151831402","1444171038","0.636544"
"1444171038","2153924090","0.493687"
"2153924090","1444171038","0.493687"
"1444171038","2508566506","0.493687"
"2508566506","1444171038","0.493687"
"147733779","1480446764","1.3373"
"1480446764","147733779","1.3373"
"147733779","1976241222","0.111111"
"1976241222","147733779","0.111111"
"147733779","2111091497","0.111111"
"2111091497","147733779","0.111111"
"147733779","2117630035","0.111111"
"2117630035","147733779","0.111111"
"147733779","2151831402","0.444444"
"2151831402","147733779","0.444444"
"147733779","2153924090","0.853968"
"2153924090","147733779","0.853968"
"147733779","2491208020","0.111111"
"2491208020","147733779","0.111111"
"147733779","2508566506","0.111111"
"2508566506","147733779","0.111111"
"1480446764","1976241222","0.111111"
"1976241222","1480446764","0.111111"
"1480446764","2111091497","0.111111"
"2111091497","1480446764","0.111111"
"1480446764","2117630035","0.111111"
"2117630035","1480446764","0.111111"
"1480446764","2151831402","0.111111"
"2151831402","1480446764","0.111111"
"1480446764","2153924090","0.253968"
"2153924090","1480446764","0.253968"
"1480446764","2491208020","0.111111"
"2491208020","1480446764","0.111111"
"1480446764","2508566506","0.111111"
"2508566506","1480446764","0.111111"
"1976241222","2111091497","0.469877"
"2111091497","1976241222","0.469877"
"1976241222","2117630035","0.469877"
"2117630035","1976241222","0.469877"
"1976241222","2151831402","0.469877"
"2151831402","1976241222","0.469877"
"1976241222","2153924090","2.28535"
"2153924090","1976241222","2.28535"
"1976241222","2491208020","0.785354"
"2491208020","1976241222","0.785354"
"1976241222","2508566506","0.32702"
"2508566506","1976241222","0.32702"
"2111091497","2117630035","0.344877"
"2117630035","2111091497","0.344877"
"2111091497","2151831402","0.511544"
"2151831402","2111091497","0.511544"
"2111091497","2153924090","0.493687"
"2153924090","2111091497","0.493687"
"2111091497","2508566506","0.868687"
"2508566506","2111091497","0.868687"
"2117630035","2151831402","0.469877"
"2151831402","2117630035","0.469877"
"2117630035","2153924090","0.32702"
"2153924090","2117630035","0.32702"
"2117630035","2491208020","0.32702"
"2491208020","2117630035","0.32702"
"2117630035","2508566506","0.32702"
"2508566506","2117630035","0.32702"
"2151831402","2153924090","0.493687"
"2153924090","2151831402","0.493687"
"2151831402","2491208020","0.493687"
"2491208020","2151831402","0.493687"
"2151831402","2508566506","0.493687"
"2508566506","2151831402","0.493687"
"2153924090","2491208020","3.36869"
"2491208020","2153924090","3.36869"
"2153924090","2508566506","0.493687"
"2508566506","2153924090","0.493687"
"2491208020","2508566506","0.993687"
"2508566506","2491208020","0.993687"
"1444171038","2128440972","1.38258"
"2128440972","1444171038","1.38258"
"2111091497","2128440972","1.38258"
"2128440972","2111091497","1.38258"
"2128440972","2151831402","0.473485"
"2151831402","2128440972","0.473485"
"2128440972","2153924090","5.7921"
"2153924090","2128440972","5.7921"
"2128440972","2491208020","2.92424"
"2491208020","2128440972","2.92424"
"2128440972","2508566506","0.382576"
"2508566506","2128440972","0.382576"
"1444171038","1918398775","0.333333"
"1918398775","1444171038","0.333333"
"1918398775","2111091497","0.333333"
"2111091497","1918398775","0.333333"
"1918398775","2491208020","0.333333"
"2491208020","1918398775","0.333333"
"1444171038","1542652451","0.0909091"
"1542652451","1444171038","0.0909091"
"1444171038","2951438725","0.0909091"
"2951438725","1444171038","0.0909091"
"1444171038","2953221658","0.0909091"
"2953221658","1444171038","0.0909091"
"1542652451","1976241222","0.0909091"
"1976241222","1542652451","0.0909091"
"1542652451","2111091497","0.0909091"
"2111091497","1542652451","0.0909091"
"1542652451","2117630035","0.0909091"
"2117630035","1542652451","0.0909091"
"1542652451","2128440972","0.833766"
"2128440972","1542652451","0.833766"
"1542652451","2151831402","0.424242"
"2151831402","1542652451","0.424242"
"1542652451","2153924090","0.833766"
"2153924090","1542652451","0.833766"
"1542652451","2491208020","0.0909091"
"2491208020","1542652451","0.0909091"
"1542652451","2508566506","0.0909091"
"2508566506","1542652451","0.0909091"
"1542652451","2951438725","0.0909091"
"2951438725","1542652451","0.0909091"
"1542652451","2953221658","0.424242"
"2953221658","1542652451","0.424242"
"1976241222","2128440972","0.340909"
"2128440972","1976241222","0.340909"
"1976241222","2951438725","0.0909091"
"2951438725","1976241222","0.0909091"
"1976241222","2953221658","0.0909091"
"2953221658","1976241222","0.0909091"
"2111091497","2951438725","0.0909091"
"2951438725","2111091497","0.0909091"
"2111091497","2953221658","0.0909091"
"2953221658","2111091497","0.0909091"
"2117630035","2128440972","0.215909"
"2128440972","2117630035","0.215909"
"2117630035","2951438725","0.0909091"
"2951438725","2117630035","0.0909091"
"2117630035","2953221658","0.0909091"
"2953221658","2117630035","0.0909091"
"2128440972","2951438725","0.0909091"
"2951438725","2128440972","0.0909091"
"2128440972","2953221658","0.0909091"
"2953221658","2128440972","0.0909091"
"2151831402","2951438725","0.0909091"
"2951438725","2151831402","0.0909091"
"2151831402","2953221658","0.424242"
"2953221658","2151831402","0.424242"
"2153924090","2951438725","0.0909091"
"2951438725","2153924090","0.0909091"
"2153924090","2953221658","0.0909091"
"2953221658","2153924090","0.0909091"
"2491208020","2951438725","0.0909091"
"2951438725","2491208020","0.0909091"
"2491208020","2953221658","0.0909091"
"2953221658","2491208020","0.0909091"
"2508566506","2951438725","0.0909091"
"2951438725","2508566506","0.0909091"
"2508566506","2953221658","0.0909091"
"2953221658","2508566506","0.0909091"
"2951438725","2953221658","0.0909091"
"2953221658","2951438725","0.0909091"
"1444171038","2025190917","0.142857"
"2025190917","1444171038","0.142857"
"1444171038","2082491156","0.142857"
"2082491156","1444171038","0.142857"
"1444171038","2104923072","0.142857"
"2104923072","1444171038","0.142857"
"1976241222","2025190917","1.14286"
"2025190917","1976241222","1.14286"
"1976241222","2082491156","0.142857"
"2082491156","1976241222","0.142857"
"1976241222","2104923072","0.267857"
"2104923072","1976241222","0.267857"
"2025190917","2082491156","0.5671"
"2082491156","2025190917","0.5671"
"2025190917","2104923072","4.55877"
"2104923072","2025190917","4.55877"
"2025190917","2111091497","0.142857"
"2111091497","2025190917","0.142857"
"2025190917","2117630035","0.142857"
"2117630035","2025190917","0.142857"
"2025190917","2151831402","1.0671"
"2151831402","2025190917","1.0671"
"2082491156","2104923072","0.233766"
"2104923072","2082491156","0.233766"
"2082491156","2111091497","0.142857"
"2111091497","2082491156","0.142857"
"2082491156","2117630035","0.142857"
"2117630035","2082491156","0.142857"
"2082491156","2151831402","0.5671"
"2151831402","2082491156","0.5671"
"2104923072","2111091497","0.267857"
"2111091497","2104923072","0.267857"
"2104923072","2117630035","0.142857"
"2117630035","2104923072","0.142857"
"2104923072","2151831402","1.23377"
"2151831402","2104923072","1.23377"
"1444171038","2154882603","0.5"
"2154882603","1444171038","0.5"
"2117630035","2154882603","0.5"
"2154882603","2117630035","0.5"
"1444171038","2145117618","0.125"
"2145117618","1444171038","0.125"
"1976241222","2145117618","0.583333"
"2145117618","1976241222","0.583333"
"2117630035","2145117618","0.125"
"2145117618","2117630035","0.125"
"2128440972","2145117618","2.95833"
"2145117618","2128440972","2.95833"
"2145117618","2151831402","0.125"
"2151831402","2145117618","0.125"
"2145117618","2153924090","3.29167"
"2153924090","2145117618","3.29167"
"2145117618","2491208020","1.41667"
"2491208020","2145117618","1.41667"
"2145117618","2508566506","0.125"
"2508566506","2145117618","0.125"
"1444171038","2081821924","1"
"2081821924","1444171038","1"
"147733779","1542652451","2.78452"
"1542652451","147733779","2.78452"
"147733779","1548053241","0.125"
"1548053241","147733779","0.125"
"147733779","1560191101","1.375"
"1560191101","147733779","1.375"
"147733779","2105091027","0.125"
"2105091027","147733779","0.125"
"147733779","2149233085","0.208333"
"2149233085","147733779","0.208333"
"147733779","2151793071","0.125"
"2151793071","147733779","0.125"
"147733779","2152592483","0.208333"
"2152592483","147733779","0.208333"
"147733779","2170011643","0.125"
"2170011643","147733779","0.125"
"1542652451","1548053241","0.125"
"1548053241","1542652451","0.125"
"1542652451","1560191101","0.625"
"1560191101","1542652451","0.625"
"1542652451","2105091027","0.125"
"2105091027","1542652451","0.125"
"1542652451","2149233085","0.208333"
"2149233085","1542652451","0.208333"
"1542652451","2151793071","0.125"
"2151793071","1542652451","0.125"
"1542652451","2152592483","0.208333"
"2152592483","1542652451","0.208333"
"1542652451","2170011643","0.125"
"2170011643","1542652451","0.125"
"1548053241","1560191101","0.125"
"1560191101","1548053241","0.125"
"1548053241","2105091027","0.125"
"2105091027","1548053241","0.125"
"1548053241","2149233085","1.45833"
"2149233085","1548053241","1.45833"
"1548053241","2151793071","0.125"
"2151793071","1548053241","0.125"
"1548053241","2152592483","0.125"
"2152592483","1548053241","0.125"
"1548053241","2170011643","0.125"
"2170011643","1548053241","0.125"
"1560191101","2105091027","0.125"
"2105091027","1560191101","0.125"
"1560191101","2149233085","0.208333"
"2149233085","1560191101","0.208333"
"1560191101","2151793071","0.125"
"2151793071","1560191101","0.125"
"1560191101","2152592483","0.208333"
"2152592483","1560191101","0.208333"
"1560191101","2170011643","0.125"
"2170011643","1560191101","0.125"
"2105091027","2149233085","0.825"
"2149233085","2105091027","0.825"
"2105091027","2151793071","3.77258"
"2151793071","2105091027","3.77258"
"2105091027","2152592483","0.125"
"2152592483","2105091027","0.125"
"2105091027","2170011643","4.16425"
"2170011643","2105091027","4.16425"
"2149233085","2151793071","0.125"
"2151793071","2149233085","0.125"
"2149233085","2152592483","0.299242"
"2152592483","2149233085","0.299242"
"2149233085","2170011643","0.125"
"2170011643","2149233085","0.125"
"2151793071","2152592483","0.125"
"2152592483","2151793071","0.125"
"2151793071","2170011643","5.42258"
"2170011643","2151793071","5.42258"
"2152592483","2170011643","0.125"
"2170011643","2152592483","0.125"
"147733779","2953221658","0.333333"
"2953221658","147733779","0.333333"
"147733779","2104923072","0.909524"
"2104923072","147733779","0.909524"
"147733779","2122174571","0.992857"
"2122174571","147733779","0.992857"
"147733779","2128440972","0.742857"
"2128440972","147733779","0.742857"
"1542652451","2104923072","0.909524"
"2104923072","1542652451","0.909524"
"1542652451","2122174571","0.992857"
"2122174571","1542652451","0.992857"
"2104923072","2122174571","8.7671"
"2122174571","2104923072","8.7671"
"2104923072","2128440972","3.15043"
"2128440972","2104923072","3.15043"
"2104923072","2153924090","2.07619"
"2153924090","2104923072","2.07619"
"2122174571","2128440972","1.8171"
"2128440972","2122174571","1.8171"
"2122174571","2153924090","0.82619"
"2153924090","2122174571","0.82619"
"147733779","2049273188","0.166667"
"2049273188","147733779","0.166667"
"147733779","2154882603","0.166667"
"2154882603","147733779","0.166667"
"1542652451","2049273188","0.166667"
"2049273188","1542652451","0.166667"
"1542652451","2154882603","0.166667"
"2154882603","1542652451","0.166667"
"1560191101","2049273188","0.166667"
"2049273188","1560191101","0.166667"
"1560191101","2104923072","0.416667"
"2104923072","1560191101","0.416667"
"1560191101","2122174571","0.5"
"2122174571","1560191101","0.5"
"1560191101","2154882603","0.166667"
"2154882603","1560191101","0.166667"
"2049273188","2104923072","1.2"
"2104923072","2049273188","1.2"
"2049273188","2122174571","0.25"
"2122174571","2049273188","0.25"
"2049273188","2154882603","2.91667"
"2154882603","2049273188","2.91667"
"2104923072","2154882603","1.39679"
"2154882603","2104923072","1.39679"
"2122174571","2154882603","0.9"
"2154882603","2122174571","0.9"
"147733779","1918398775","0.22619"
"1918398775","147733779","0.22619"
"1480446764","1542652451","0.47619"
"1542652451","1480446764","0.47619"
"1480446764","1918398775","5.34799"
"1918398775","1480446764","5.34799"
"1480446764","2104923072","0.181319"
"2104923072","1480446764","0.181319"
"1480446764","2122174571","0.22619"
"2122174571","1480446764","0.22619"
"1480446764","2128440972","0.142857"
"2128440972","1480446764","0.142857"
"1542652451","1918398775","0.47619"
"1918398775","1542652451","0.47619"
"1918398775","2104923072","0.181319"
"2104923072","1918398775","0.181319"
"1918398775","2122174571","0.22619"
"2122174571","1918398775","0.22619"
"1918398775","2128440972","0.142857"
"2128440972","1918398775","0.142857"
"1918398775","2153924090","0.142857"
"2153924090","1918398775","0.142857"
"147733779","2084846987","0.333333"
"2084846987","147733779","0.333333"
"147733779","23456425","0.333333"
"23456425","147733779","0.333333"
"1542652451","2084846987","0.333333"
"2084846987","1542652451","0.333333"
"1542652451","23456425","0.333333"
"23456425","1542652451","0.333333"
"2084846987","23456425","42.8333"
"23456425","2084846987","42.8333"
"147733779","2099601885","0.0833333"
"2099601885","147733779","0.0833333"
"147733779","2110363867","0.0833333"
"2110363867","147733779","0.0833333"
"147733779","2139783012","0.0833333"
"2139783012","147733779","0.0833333"
"147733779","226306790","0.0833333"
"226306790","147733779","0.0833333"
"147733779","2951918923","0.0833333"
"2951918923","147733779","0.0833333"
"1480446764","1560191101","0.333333"
"1560191101","1480446764","0.333333"
"1480446764","2099601885","0.0833333"
"2099601885","1480446764","0.0833333"
"1480446764","2110363867","0.0833333"
"2110363867","1480446764","0.0833333"
"1480446764","2139783012","0.0833333"
"2139783012","1480446764","0.0833333"
"1480446764","2149233085","0.416667"
"2149233085","1480446764","0.416667"
"1480446764","2152592483","0.0833333"
"2152592483","1480446764","0.0833333"
"1480446764","226306790","0.0833333"
"226306790","1480446764","0.0833333"
"1480446764","2951918923","0.0833333"
"2951918923","1480446764","0.0833333"
"1542652451","2099601885","0.0833333"
"2099601885","1542652451","0.0833333"
"1542652451","2110363867","0.0833333"
"2110363867","1542652451","0.0833333"
"1542652451","2139783012","0.0833333"
"2139783012","1542652451","0.0833333"
"1542652451","226306790","0.0833333"
"226306790","1542652451","0.0833333"
"1542652451","2951918923","0.0833333"
"2951918923","1542652451","0.0833333"
"1560191101","1918398775","0.333333"
"1918398775","1560191101","0.333333"
"1560191101","2099601885","0.0833333"
"2099601885","1560191101","0.0833333"
"1560191101","2110363867","0.0833333"
"2110363867","1560191101","0.0833333"
"1560191101","2139783012","0.0833333"
"2139783012","1560191101","0.0833333"
"1560191101","226306790","0.0833333"
"226306790","1560191101","0.0833333"
"1560191101","2951918923","0.0833333"
"2951918923","1560191101","0.0833333"
"1918398775","2099601885","0.0833333"
"2099601885","1918398775","0.0833333"
"1918398775","2110363867","0.0833333"
"2110363867","1918398775","0.0833333"
"1918398775","2139783012","0.0833333"
"2139783012","1918398775","0.0833333"
"1918398775","2149233085","0.416667"
"2149233085","1918398775","0.416667"
"1918398775","2152592483","0.0833333"
"2152592483","1918398775","0.0833333"
"1918398775","226306790","0.0833333"
"226306790","1918398775","0.0833333"
"1918398775","2951918923","0.0833333"
"2951918923","1918398775","0.0833333"
"2099601885","2110363867","0.833333"
"2110363867","2099601885","0.833333"
"2099601885","2122174571","0.0833333"
"2122174571","2099601885","0.0833333"
"2099601885","2139783012","0.833333"
"2139783012","2099601885","0.833333"
"2099601885","2149233085","0.0833333"
"2149233085","2099601885","0.0833333"
"2099601885","2152592483","0.0833333"
"2152592483","2099601885","0.0833333"
"2099601885","226306790","12.0833"
"226306790","2099601885","12.0833"
"2099601885","2951918923","7"
"2951918923","2099601885","7"
"2110363867","2122174571","0.0833333"
"2122174571","2110363867","0.0833333"
"2110363867","2139783012","15.9167"
"2139783012","2110363867","15.9167"
"2110363867","2149233085","0.0833333"
"2149233085","2110363867","0.0833333"
"2110363867","2152592483","0.0833333"
"2152592483","2110363867","0.0833333"
"2110363867","226306790","1.41667"
"226306790","2110363867","1.41667"
"2110363867","2951918923","0.333333"
"2951918923","2110363867","0.333333"
"2122174571","2139783012","0.0833333"
"2139783012","2122174571","0.0833333"
"2122174571","2149233085","2.60758"
"2149233085","2122174571","2.60758"
"2122174571","2152592483","0.174242"
"2152592483","2122174571","0.174242"
"2122174571","226306790","0.166667"
"226306790","2122174571","0.166667"
"2122174571","2951918923","0.0833333"
"2951918923","2122174571","0.0833333"
"2139783012","2149233085","0.0833333"
"2149233085","2139783012","0.0833333"
"2139783012","2152592483","0.0833333"
"2152592483","2139783012","0.0833333"
"2139783012","226306790","0.416667"
"226306790","2139783012","0.416667"
"2139783012","2951918923","0.333333"
"2951918923","2139783012","0.333333"
"2149233085","226306790","0.166667"
"226306790","2149233085","0.166667"
"2149233085","2951918923","0.0833333"
"2951918923","2149233085","0.0833333"
"2152592483","226306790","0.0833333"
"226306790","2152592483","0.0833333"
"2152592483","2951918923","0.0833333"
"2951918923","2152592483","0.0833333"
"226306790","2951918923","4.25"
"2951918923","226306790","4.25"
"1480446764","1920048001","0.25"
"1920048001","1480446764","0.25"
"1542652451","1920048001","0.25"
"1920048001","1542652451","0.25"
"1560191101","1920048001","0.25"
"1920048001","1560191101","0.25"
"1918398775","1920048001","1.25"
"1920048001","1918398775","1.25"
"1480446764","2025190917","0.5"
"2025190917","1480446764","0.5"
"1480446764","2150346598","1.5"
"2150346598","1480446764","1.5"
"2025190917","2150346598","0.5"
"2150346598","2025190917","0.5"
"1480446764","1486741950","0.0384615"
"1486741950","1480446764","0.0384615"
"1480446764","1511011071","0.0384615"
"1511011071","1480446764","0.0384615"
"1480446764","1546125000","0.371795"
"1546125000","1480446764","0.371795"
"1480446764","158544713","0.0384615"
"158544713","1480446764","0.0384615"
"1480446764","1591654209","0.0384615"
"1591654209","1480446764","0.0384615"
"1480446764","1602871442","0.0384615"
"1602871442","1480446764","0.0384615"
"1480446764","1861141368","0.538462"
"1861141368","1480446764","0.538462"
"1480446764","1999323799","0.0384615"
"1999323799","1480446764","0.0384615"
"1480446764","2001176284","0.0384615"
"2001176284","1480446764","0.0384615"
"1480446764","2038597881","0.0384615"
"2038597881","1480446764","0.0384615"
"1480446764","2101310065","0.0384615"
"2101310065","1480446764","0.0384615"
"1480446764","2105091027","0.0384615"
"2105091027","1480446764","0.0384615"
"1480446764","2109006742","0.0384615"
"2109006742","1480446764","0.0384615"
"1480446764","2110768293","0.0384615"
"2110768293","1480446764","0.0384615"
"1480446764","2118355694","0.0384615"
"2118355694","1480446764","0.0384615"
"1480446764","2119418423","0.0384615"
"2119418423","1480446764","0.0384615"
"1480446764","2135952507","0.0384615"
"2135952507","1480446764","0.0384615"
"1480446764","2151793071","0.0384615"
"2151793071","1480446764","0.0384615"
"1480446764","2154882603","0.0384615"
"2154882603","1480446764","0.0384615"
"1480446764","2169009028","0.0384615"
"2169009028","1480446764","0.0384615"
"1480446764","2170011643","0.0384615"
"2170011643","1480446764","0.0384615"
"1480446764","2185705173","0.0384615"
"2185705173","1480446764","0.0384615"
"1480446764","2433992225","0.0384615"
"2433992225","1480446764","0.0384615"
"1480446764","2948906765","0.0384615"
"2948906765","1480446764","0.0384615"
"1486741950","1511011071","0.0384615"
"1511011071","1486741950","0.0384615"
"1486741950","1546125000","0.0384615"
"1546125000","1486741950","0.0384615"
"1486741950","158544713","2.50486"
"158544713","1486741950","2.50486"
"1486741950","1591654209","0.0384615"
"1591654209","1486741950","0.0384615"
"1486741950","1602871442","0.577506"
"1602871442","1486741950","0.577506"
"1486741950","1861141368","0.115385"
"1861141368","1486741950","0.115385"
"1486741950","1918398775","0.0384615"
"1918398775","1486741950","0.0384615"
"1486741950","1999323799","2.11349"
"1999323799","1486741950","2.11349"
"1486741950","2001176284","0.642682"
"2001176284","1486741950","0.642682"
"1486741950","2038597881","2.65486"
"2038597881","1486741950","2.65486"
"1486741950","2101310065","0.0384615"
"2101310065","1486741950","0.0384615"
"1486741950","2104923072","0.0384615"
"2104923072","1486741950","0.0384615"
"1486741950","2105091027","2.13925"
"2105091027","1486741950","2.13925"
"1486741950","2109006742","0.68581"
"2109006742","1486741950","0.68581"
"1486741950","2110768293","2.70486"
"2110768293","1486741950","2.70486"
"1486741950","2118355694","1.30486"
"2118355694","1486741950","1.30486"
"1486741950","2119418423","0.390006"
"2119418423","1486741950","0.390006"
"1486741950","2135952507","0.115385"
"2135952507","1486741950","0.115385"
"1486741950","2151793071","3.06587"
"2151793071","1486741950","3.06587"
"1486741950","2154882603","1.35294"
"2154882603","1486741950","1.35294"
"1486741950","2169009028","5.44845"
"2169009028","1486741950","5.44845"
"1486741950","2170011643","2.58925"
"2170011643","1486741950","2.58925"
"1486741950","2185705173","0.0384615"
"2185705173","1486741950","0.0384615"
"1486741950","2433992225","0.0384615"
"2433992225","1486741950","0.0384615"
"1486741950","2948906765","0.0384615"
"2948906765","1486741950","0.0384615"
"1511011071","1546125000","0.0384615"
"1546125000","1511011071","0.0384615"
"1511011071","158544713","0.0384615"
"158544713","1511011071","0.0384615"
"1511011071","1591654209","0.288462"
"1591654209","1511011071","0.288462"
"1511011071","1602871442","0.0384615"
"1602871442","1511011071","0.0384615"
"1511011071","1861141368","0.0384615"
"1861141368","1511011071","0.0384615"
"1511011071","1918398775","1.23846"
"1918398775","1511011071","1.23846"
"1511011071","1999323799","0.0384615"
"1999323799","1511011071","0.0384615"
"1511011071","2001176284","0.0384615"
"2001176284","1511011071","0.0384615"
"1511011071","2038597881","0.0384615"
"2038597881","1511011071","0.0384615"
"1511011071","2101310065","5.32179"
"2101310065","1511011071","5.32179"
"1511011071","2104923072","0.0384615"
"2104923072","1511011071","0.0384615"
"1511011071","2105091027","0.0384615"
"2105091027","1511011071","0.0384615"
"1511011071","2109006742","0.0384615"
"2109006742","1511011071","0.0384615"
"1511011071","2110768293","0.0384615"
"2110768293","1511011071","0.0384615"
"1511011071","2118355694","0.0384615"
"2118355694","1511011071","0.0384615"
"1511011071","2119418423","0.0384615"
"2119418423","1511011071","0.0384615"
"1511011071","2135952507","0.0384615"
"2135952507","1511011071","0.0384615"
"1511011071","2151793071","0.0384615"
"2151793071","1511011071","0.0384615"
"1511011071","2154882603","0.0384615"
"2154882603","1511011071","0.0384615"
"1511011071","2169009028","0.0384615"
"2169009028","1511011071","0.0384615"
"1511011071","2170011643","0.0384615"
"2170011643","1511011071","0.0384615"
"1511011071","2185705173","0.0384615"
"2185705173","1511011071","0.0384615"
"1511011071","2433992225","3.18846"
"2433992225","1511011071","3.18846"
"1511011071","2948906765","1.67179"
"2948906765","1511011071","1.67179"
"1546125000","158544713","0.0384615"
"158544713","1546125000","0.0384615"
"1546125000","1591654209","0.705128"
"1591654209","1546125000","0.705128"
"1546125000","1602871442","0.0384615"
"1602871442","1546125000","0.0384615"
"1546125000","1861141368","0.0384615"
"1861141368","1546125000","0.0384615"
"1546125000","1918398775","0.371795"
"1918398775","1546125000","0.371795"
"1546125000","1999323799","0.0384615"
"1999323799","1546125000","0.0384615"
"1546125000","2001176284","0.538462"
"2001176284","1546125000","0.538462"
"1546125000","2038597881","0.0384615"
"2038597881","1546125000","0.0384615"
"1546125000","2101310065","0.0384615"
"2101310065","1546125000","0.0384615"
"1546125000","2104923072","0.205128"
"2104923072","1546125000","0.205128"
"1546125000","2105091027","0.0384615"
"2105091027","1546125000","0.0384615"
"1546125000","2109006742","0.0384615"
"2109006742","1546125000","0.0384615"
"1546125000","2110768293","0.0384615"
"2110768293","1546125000","0.0384615"
"1546125000","2118355694","0.0384615"
"2118355694","1546125000","0.0384615"
"1546125000","2119418423","0.0384615"
"2119418423","1546125000","0.0384615"
"1546125000","2135952507","0.0384615"
"2135952507","1546125000","0.0384615"
"1546125000","2151793071","0.0384615"
"2151793071","1546125000","0.0384615"
"1546125000","2154882603","0.0384615"
"2154882603","1546125000","0.0384615"
"1546125000","2169009028","0.0384615"
"2169009028","1546125000","0.0384615"
"1546125000","2170011643","0.0384615"
"2170011643","1546125000","0.0384615"
"1546125000","2185705173","0.0384615"
"2185705173","1546125000","0.0384615"
"1546125000","2433992225","0.0384615"
"2433992225","1546125000","0.0384615"
"1546125000","2948906765","0.0384615"
"2948906765","1546125000","0.0384615"
"158544713","1591654209","0.0384615"
"1591654209","158544713","0.0384615"
"158544713","1602871442","0.0839161"
"1602871442","158544713","0.0839161"
"158544713","1861141368","0.163462"
"1861141368","158544713","0.163462"
"158544713","1918398775","0.163462"
"1918398775","158544713","0.163462"
"158544713","1999323799","0.803234"
"1999323799","158544713","0.803234"
"158544713","2001176284","0.809349"
"2001176284","158544713","0.809349"
"158544713","2038597881","2.13819"
"2038597881","158544713","2.13819"
"158544713","2101310065","0.0384615"
"2101310065","158544713","0.0384615"
"158544713","2104923072","0.0384615"
"2104923072","158544713","0.0384615"
"158544713","2105091027","0.878992"
"2105091027","158544713","0.878992"
"158544713","2109006742","1.14414"
"2109006742","158544713","1.14414"
"158544713","2110768293","4.14771"
"2110768293","158544713","4.14771"
"158544713","2118355694","1.47152"
"2118355694","158544713","1.47152"
"158544713","2119418423","0.289273"
"2119418423","158544713","0.289273"
"158544713","2135952507","0.163462"
"2135952507","158544713","0.163462"
"158544713","2151793071","1.52228"
"2151793071","158544713","1.52228"
"158544713","2154882603","0.501016"
"2154882603","158544713","0.501016"
"158544713","2169009028","3.77271"
"2169009028","158544713","3.77271"
"158544713","2170011643","1.04566"
"2170011643","158544713","1.04566"
"158544713","2185705173","0.0384615"
"2185705173","158544713","0.0384615"
"158544713","2433992225","0.0384615"
"2433992225","158544713","0.0384615"
"158544713","2948906765","0.0384615"
"2948906765","158544713","0.0384615"
"1591654209","1602871442","0.0384615"
"1602871442","1591654209","0.0384615"
"1591654209","1861141368","0.0384615"
"1861141368","1591654209","0.0384615"
"1591654209","1918398775","0.0384615"
"1918398775","1591654209","0.0384615"
"1591654209","1999323799","0.0384615"
"1999323799","1591654209","0.0384615"
"1591654209","2001176284","0.0384615"
"2001176284","1591654209","0.0384615"
"1591654209","2038597881","0.0384615"
"2038597881","1591654209","0.0384615"
"1591654209","2101310065","0.0384615"
"2101310065","1591654209","0.0384615"
"1591654209","2104923072","0.0384615"
"2104923072","1591654209","0.0384615"
"1591654209","2105091027","0.0384615"
"2105091027","1591654209","0.0384615"
"1591654209","2109006742","0.0384615"
"2109006742","1591654209","0.0384615"
"1591654209","2110768293","0.0384615"
"2110768293","1591654209","0.0384615"
"1591654209","2118355694","0.0384615"
"2118355694","1591654209","0.0384615"
"1591654209","2119418423","0.0384615"
"2119418423","1591654209","0.0384615"
"1591654209","2135952507","0.0384615"
"2135952507","1591654209","0.0384615"
"1591654209","2151793071","0.0384615"
"2151793071","1591654209","0.0384615"
"1591654209","2154882603","0.0384615"
"2154882603","1591654209","0.0384615"
"1591654209","2169009028","0.0384615"
"2169009028","1591654209","0.0384615"
"1591654209","2170011643","0.0384615"
"2170011643","1591654209","0.0384615"
"1591654209","2185705173","0.0384615"
"2185705173","1591654209","0.0384615"
"1591654209","2433992225","0.0384615"
"2433992225","1591654209","0.0384615"
"1591654209","2948906765","0.0384615"
"2948906765","1591654209","0.0384615"
"1602871442","1861141368","1.36538"
"1861141368","1602871442","1.36538"
"1602871442","1918398775","0.0384615"
"1918398775","1602871442","0.0384615"
"1602871442","1999323799","0.527506"
"1999323799","1602871442","0.527506"
"1602871442","2001176284","0.0839161"
"2001176284","1602871442","0.0839161"
"1602871442","2038597881","0.0839161"
"2038597881","1602871442","0.0839161"
"1602871442","2101310065","0.0384615"
"2101310065","1602871442","0.0384615"
"1602871442","2104923072","0.0384615"
"2104923072","1602871442","0.0384615"
"1602871442","2105091027","1.16084"
"2105091027","1602871442","1.16084"
"1602871442","2109006742","0.0839161"
"2109006742","1602871442","0.0839161"
"1602871442","2110768293","0.0839161"
"2110768293","1602871442","0.0839161"
"1602871442","2118355694","0.0839161"
"2118355694","1602871442","0.0839161"
"1602871442","2119418423","1.52751"
"2119418423","1602871442","1.52751"
"1602871442","2135952507","0.365385"
"2135952507","1602871442","0.365385"
"1602871442","2151793071","1.02751"
"2151793071","1602871442","1.02751"
"1602871442","2154882603","0.910839"
"2154882603","1602871442","0.910839"
"1602871442","2169009028","1.07751"
"2169009028","1602871442","1.07751"
"1602871442","2170011643","0.527506"
"2170011643","1602871442","0.527506"
"1602871442","2185705173","0.0384615"
"2185705173","1602871442","0.0384615"
"1602871442","2433992225","0.0384615"
"2433992225","1602871442","0.0384615"
"1602871442","2948906765","0.0384615"
"2948906765","1602871442","0.0384615"
"1861141368","1918398775","0.163462"
"1918398775","1861141368","0.163462"
"1861141368","1999323799","0.115385"
"1999323799","1861141368","0.115385"
"1861141368","2001176284","0.0384615"
"2001176284","1861141368","0.0384615"
"1861141368","2038597881","0.0384615"
"2038597881","1861141368","0.0384615"
"1861141368","2101310065","0.0384615"
"2101310065","1861141368","0.0384615"
"1861141368","2104923072","0.0384615"
"2104923072","1861141368","0.0384615"
"1861141368","2105091027","0.365385"
"2105091027","1861141368","0.365385"
"1861141368","2109006742","0.163462"
"2109006742","1861141368","0.163462"
"1861141368","2110768293","0.163462"
"2110768293","1861141368","0.163462"
"1861141368","2118355694","0.163462"
"2118355694","1861141368","0.163462"
"1861141368","2119418423","0.115385"
"2119418423","1861141368","0.115385"
"1861141368","2135952507","0.990385"
"2135952507","1861141368","0.990385"
"1861141368","2151793071","0.115385"
"2151793071","1861141368","0.115385"
"1861141368","2154882603","1.44872"
"2154882603","1861141368","1.44872"
"1861141368","2169009028","0.240385"
"2169009028","1861141368","0.240385"
"1861141368","2170011643","0.115385"
"2170011643","1861141368","0.115385"
"1861141368","2185705173","0.0384615"
"2185705173","1861141368","0.0384615"
"1861141368","2433992225","0.0384615"
"2433992225","1861141368","0.0384615"
"1861141368","2948906765","0.0384615"
"2948906765","1861141368","0.0384615"
"1918398775","1999323799","0.0384615"
"1999323799","1918398775","0.0384615"
"1918398775","2001176284","0.0384615"
"2001176284","1918398775","0.0384615"
"1918398775","2038597881","0.0384615"
"2038597881","1918398775","0.0384615"
"1918398775","2101310065","0.538462"
"2101310065","1918398775","0.538462"
"1918398775","2105091027","0.0384615"
"2105091027","1918398775","0.0384615"
"1918398775","2109006742","0.163462"
"2109006742","1918398775","0.163462"
"1918398775","2110768293","0.163462"
"2110768293","1918398775","0.163462"
"1918398775","2118355694","0.163462"
"2118355694","1918398775","0.163462"
"1918398775","2119418423","0.0384615"
"2119418423","1918398775","0.0384615"
"1918398775","2135952507","0.163462"
"2135952507","1918398775","0.163462"
"1918398775","2151793071","0.0384615"
"2151793071","1918398775","0.0384615"
"1918398775","2154882603","0.0384615"
"2154882603","1918398775","0.0384615"
"1918398775","2169009028","0.163462"
"2169009028","1918398775","0.163462"
"1918398775","2170011643","0.0384615"
"2170011643","1918398775","0.0384615"
"1918398775","2185705173","0.0384615"
"2185705173","1918398775","0.0384615"
"1918398775","2433992225","0.238462"
"2433992225","1918398775","0.238462"
"1918398775","2948906765","0.238462"
"2948906765","1918398775","0.238462"
"1999323799","2001176284","0.0839161"
"2001176284","1999323799","0.0839161"
"1999323799","2038597881","2.00323"
"2038597881","1999323799","2.00323"
"1999323799","2101310065","0.0384615"
"2101310065","1999323799","0.0384615"
"1999323799","2104923072","0.0384615"
"2104923072","1999323799","0.0384615"
"1999323799","2105091027","2.52258"
"2105091027","1999323799","2.52258"
"1999323799","2109006742","0.428234"
"2109006742","1999323799","0.428234"
"1999323799","2110768293","0.803234"
"2110768293","1999323799","0.803234"
"1999323799","2118355694","0.636568"
"2118355694","1999323799","0.636568"
"1999323799","2119418423","1.59001"
"2119418423","1999323799","1.59001"
"1999323799","2135952507","0.115385"
"2135952507","1999323799","0.115385"
"1999323799","2151793071","3.83849"
"2151793071","1999323799","3.83849"
"1999323799","2154882603","0.760082"
"2154882603","1999323799","0.760082"
"1999323799","2169009028","1.29682"
"2169009028","1999323799","1.29682"
"1999323799","2170011643","3.47258"
"2170011643","1999323799","3.47258"
"1999323799","2185705173","0.0384615"
"2185705173","1999323799","0.0384615"
"1999323799","2433992225","0.0384615"
"2433992225","1999323799","0.0384615"
"1999323799","2948906765","0.0384615"
"2948906765","1999323799","0.0384615"
"2001176284","2038597881","1.2284"
"2038597881","2001176284","1.2284"
"2001176284","2101310065","0.0384615"
"2101310065","2001176284","0.0384615"
"2001176284","2104923072","0.0384615"
"2104923072","2001176284","0.0384615"
"2001176284","2105091027","0.0839161"
"2105091027","2001176284","0.0839161"
"2001176284","2109006742","2.32721"
"2109006742","2001176284","2.32721"
"2001176284","2110768293","0.809349"
"2110768293","2001176284","0.809349"
"2001176284","2118355694","1.9284"
"2118355694","2001176284","1.9284"
"2001176284","2119418423","0.250583"
"2119418423","2001176284","0.250583"
"2001176284","2135952507","0.0384615"
"2135952507","2001176284","0.0384615"
"2001176284","2151793071","0.71844"
"2151793071","2001176284","0.71844"
"2001176284","2154882603","0.0839161"
"2154882603","2001176284","0.0839161"
"2001176284","2169009028","1.00935"
"2169009028","2001176284","1.00935"
"2001176284","2170011643","0.250583"
"2170011643","2001176284","0.250583"
"2001176284","2185705173","0.0384615"
"2185705173","2001176284","0.0384615"
"2001176284","2433992225","0.0384615"
"2433992225","2001176284","0.0384615"
"2001176284","2948906765","0.0384615"
"2948906765","2001176284","0.0384615"
"2038597881","2101310065","0.0384615"
"2101310065","2038597881","0.0384615"
"2038597881","2104923072","0.0384615"
"2104923072","2038597881","0.0384615"
"2038597881","2105091027","1.69566"
"2105091027","2038597881","1.69566"
"2038597881","2109006742","3.86438"
"2109006742","2038597881","3.86438"
"2038597881","2110768293","2.00486"
"2110768293","2038597881","2.00486"
"2038597881","2118355694","8.73343"
"2118355694","2038597881","8.73343"
"2038597881","2119418423","0.146416"
"2119418423","2038597881","0.146416"
"2038597881","2135952507","0.0384615"
"2135952507","2038597881","0.0384615"
"2038597881","2151793071","4.92228"
"2151793071","2038597881","4.92228"
"2038597881","2154882603","0.826016"
"2154882603","2038597881","0.826016"
"2038597881","2169009028","1.75486"
"2169009028","2038597881","1.75486"
"2038597881","2170011643","2.31233"
"2170011643","2038597881","2.31233"
"2038597881","2185705173","0.0384615"
"2185705173","2038597881","0.0384615"
"2038597881","2433992225","0.0384615"
"2433992225","2038597881","0.0384615"
"2038597881","2948906765","0.0384615"
"2948906765","2038597881","0.0384615"
"2101310065","2104923072","0.0384615"
"2104923072","2101310065","0.0384615"
"2101310065","2105091027","0.0384615"
"2105091027","2101310065","0.0384615"
"2101310065","2109006742","0.0384615"
"2109006742","2101310065","0.0384615"
"2101310065","2110768293","0.0384615"
"2110768293","2101310065","0.0384615"
"2101310065","2118355694","0.0384615"
"2118355694","2101310065","0.0384615"
"2101310065","2119418423","0.0384615"
"2119418423","2101310065","0.0384615"
"2101310065","2135952507","0.0384615"
"2135952507","2101310065","0.0384615"
"2101310065","2151793071","0.0384615"
"2151793071","2101310065","0.0384615"
"2101310065","2154882603","0.0384615"
"2154882603","2101310065","0.0384615"
"2101310065","2169009028","0.0384615"
"2169009028","2101310065","0.0384615"
"2101310065","2170011643","0.0384615"
"2170011643","2101310065","0.0384615"
"2101310065","2185705173","0.0384615"
"2185705173","2101310065","0.0384615"
"2101310065","2433992225","1.12179"
"2433992225","2101310065","1.12179"
"2101310065","2948906765","1.48846"
"2948906765","2101310065","1.48846"
"2104923072","2105091027","0.696795"
"2105091027","2104923072","0.696795"
"2104923072","2109006742","0.0384615"
"2109006742","2104923072","0.0384615"
"2104923072","2110768293","0.0384615"
"2110768293","2104923072","0.0384615"
"2104923072","2118355694","0.0384615"
"2118355694","2104923072","0.0384615"
"2104923072","2119418423","0.0384615"
"2119418423","2104923072","0.0384615"
"2104923072","2135952507","0.0384615"
"2135952507","2104923072","0.0384615"
"2104923072","2151793071","0.0384615"
"2151793071","2104923072","0.0384615"
"2104923072","2169009028","0.0384615"
"2169009028","2104923072","0.0384615"
"2104923072","2170011643","0.0384615"
"2170011643","2104923072","0.0384615"
"2104923072","2185705173","0.0384615"
"2185705173","2104923072","0.0384615"
"2104923072","2433992225","0.0384615"
"2433992225","2104923072","0.0384615"
"2104923072","2948906765","0.0384615"
"2948906765","2104923072","0.0384615"
"2105091027","2109006742","0.670659"
"2109006742","2105091027","0.670659"
"2105091027","2110768293","1.72899"
"2110768293","2105091027","1.72899"
"2105091027","2118355694","0.545659"
"2118355694","2105091027","0.545659"
"2105091027","2119418423","0.223339"
"2119418423","2105091027","0.223339"
"2105091027","2135952507","0.365385"
"2135952507","2105091027","0.365385"
"2105091027","2154882603","2.37675"
"2154882603","2105091027","2.37675"
"2105091027","2169009028","2.10591"
"2169009028","2105091027","2.10591"
"2105091027","2185705173","0.0384615"
"2185705173","2105091027","0.0384615"
"2105091027","2433992225","0.0384615"
"2433992225","2105091027","0.0384615"
"2105091027","2948906765","0.0384615"
"2948906765","2105091027","0.0384615"
"2109006742","2110768293","1.14414"
"2110768293","2109006742","1.14414"
"2109006742","2118355694","4.10605"
"2118355694","2109006742","4.10605"
"2109006742","2119418423","0.146416"
"2119418423","2109006742","0.146416"
"2109006742","2135952507","0.163462"
"2135952507","2109006742","0.163462"
"2109006742","2151793071","0.661568"
"2151793071","2109006742","0.661568"
"2109006742","2154882603","0.274825"
"2154882603","2109006742","0.274825"
"2109006742","2169009028","1.34414"
"2169009028","2109006742","1.34414"
"2109006742","2170011643","1.17066"
"2170011643","2109006742","1.17066"
"2109006742","2185705173","0.0384615"
