"1023130047","1768208251","2.25397"
"1768208251","1023130047","2.25397"
"1023130047","2033534831","2.97619"
"2033534831","1023130047","2.97619"
"1768208251","2033534831","3.64286"
"2033534831","1768208251","3.64286"
"1023130047","1513664534","0.753968"
"1513664534","1023130047","0.753968"
"1023130047","2100899790","0.309524"
"2100899790","1023130047","0.309524"
"1023130047","2103640577","1.0873"
"2103640577","1023130047","1.0873"
"1023130047","2105110648","0.142857"
"2105110648","1023130047","0.142857"
"1023130047","32875472","0.420635"
"32875472","1023130047","0.420635"
"1513664534","1768208251","2.1873"
"1768208251","1513664534","2.1873"
"1513664534","2033534831","0.642857"
"2033534831","1513664534","0.642857"
"1513664534","2100899790","0.142857"
"2100899790","1513664534","0.142857"
"1513664534","2103640577","0.253968"
"2103640577","1513664534","0.253968"
"1513664534","2105110648","0.142857"
"2105110648","1513664534","0.142857"
"1513664534","32875472","0.253968"
"32875472","1513664534","0.253968"
"1768208251","2100899790","0.386447"
"2100899790","1768208251","0.386447"
"1768208251","2103640577","0.955891"
"2103640577","1768208251","0.955891"
"1768208251","2105110648","0.34478"
"2105110648","1768208251","0.34478"
"1768208251","32875472","0.497558"
"32875472","1768208251","0.497558"
"2033534831","2100899790","0.309524"
"2100899790","2033534831","0.309524"
"2033534831","2103640577","0.97619"
"2103640577","2033534831","0.97619"
"2033534831","2105110648","0.142857"
"2105110648","2033534831","0.142857"
"2033534831","32875472","0.309524"
"32875472","2033534831","0.309524"
"2100899790","2103640577","1.18569"
"2103640577","2100899790","1.18569"
"2100899790","2105110648","0.685689"
"2105110648","2100899790","0.685689"
"2100899790","32875472","0.761447"
"32875472","2100899790","0.761447"
"2103640577","2105110648","5.40036"
"2105110648","2103640577","5.40036"
"2103640577","32875472","1.79556"
"32875472","2103640577","1.79556"
"2105110648","32875472","1.60112"
"32875472","2105110648","1.60112"
"1023130047","2141842526","0.444444"
"2141842526","1023130047","0.444444"
"2033534831","2141842526","0.333333"
"2141842526","2033534831","0.333333"
"2103640577","2141842526","0.481481"
"2141842526","2103640577","0.481481"
"1023130047","2090711637","0.111111"
"2090711637","1023130047","0.111111"
"1023130047","2125702140","0.111111"
"2125702140","1023130047","0.111111"
"1023130047","2132583397","0.111111"
"2132583397","1023130047","0.111111"
"1023130047","22907186","0.111111"
"22907186","1023130047","0.111111"
"1513664534","2090711637","0.111111"
"2090711637","1513664534","0.111111"
"1513664534","2125702140","0.111111"
"2125702140","1513664534","0.111111"
"1513664534","2132583397","0.111111"
"2132583397","1513664534","0.111111"
"1513664534","2141842526","0.111111"
"2141842526","1513664534","0.111111"
"1513664534","22907186","0.111111"
"22907186","1513664534","0.111111"
"1768208251","2090711637","0.277778"
"2090711637","1768208251","0.277778"
"1768208251","2125702140","0.111111"
"2125702140","1768208251","0.111111"
"1768208251","2132583397","0.111111"
"2132583397","1768208251","0.111111"
"1768208251","2141842526","0.277778"
"2141842526","1768208251","0.277778"
"1768208251","22907186","0.111111"
"22907186","1768208251","0.111111"
"2090711637","2103640577","0.148148"
"2103640577","2090711637","0.148148"
"2090711637","2125702140","3.18148"
"2125702140","2090711637","3.18148"
"2090711637","2132583397","0.111111"
"2132583397","2090711637","0.111111"
"2090711637","2141842526","6.29815"
"2141842526","2090711637","6.29815"
"2090711637","22907186","1.77778"
"22907186","2090711637","1.77778"
"2090711637","32875472","0.148148"
"32875472","2090711637","0.148148"
"2103640577","2125702140","0.148148"
"2125702140","2103640577","0.148148"
"2103640577","2132583397","0.111111"
"2132583397","2103640577","0.111111"
"2103640577","22907186","0.111111"
"22907186","2103640577","0.111111"
"2125702140","2132583397","0.111111"
"2132583397","2125702140","0.111111"
"2125702140","2141842526","2.34815"
"2141842526","2125702140","2.34815"
"2125702140","22907186","0.986111"
"22907186","2125702140","0.986111"
"2125702140","32875472","0.148148"
"32875472","2125702140","0.148148"
"2132583397","2141842526","0.111111"
"2141842526","2132583397","0.111111"
"2132583397","22907186","0.111111"
"22907186","2132583397","0.111111"
"2132583397","32875472","0.111111"
"32875472","2132583397","0.111111"
"2141842526","22907186","1.52778"
"22907186","2141842526","1.52778"
"2141842526","32875472","0.148148"
"32875472","2141842526","0.148148"
"22907186","32875472","0.111111"
"32875472","22907186","0.111111"
"1023130047","59016686","0.166667"
"59016686","1023130047","0.166667"
"1768208251","59016686","0.291667"
"59016686","1768208251","0.291667"
"2033534831","59016686","0.166667"
"59016686","2033534831","0.166667"
"2100899790","59016686","0.965909"
"59016686","2100899790","0.965909"
"2103640577","59016686","3.46128"
"59016686","2103640577","3.46128"
"32875472","59016686","1.49537"
"59016686","32875472","1.49537"
"1023130047","1594610071","0.166667"
"1594610071","1023130047","0.166667"
"1023130047","1604277348","0.166667"
"1604277348","1023130047","0.166667"
"1023130047","2158242568","0.166667"
"2158242568","1023130047","0.166667"
"1513664534","1594610071","1.1"
"1594610071","1513664534","1.1"
"1513664534","1604277348","0.766667"
"1604277348","1513664534","0.766667"
"1513664534","2158242568","0.416667"
"2158242568","1513664534","0.416667"
"1594610071","1604277348","5.41516"
"1604277348","1594610071","5.41516"
"1594610071","1768208251","1.1"
"1768208251","1594610071","1.1"
"1594610071","2033534831","0.166667"
"2033534831","1594610071","0.166667"
"1594610071","2158242568","0.679194"
"2158242568","1594610071","0.679194"
"1604277348","1768208251","0.766667"
"1768208251","1604277348","0.766667"
"1604277348","2033534831","0.166667"
"2033534831","1604277348","0.166667"
"1604277348","2158242568","0.612527"
"2158242568","1604277348","0.612527"
"1768208251","2158242568","0.49359"
"2158242568","1768208251","0.49359"
"2033534831","2158242568","0.166667"
"2158242568","2033534831","0.166667"
"1023130047","1964857440","0.5"
"1964857440","1023130047","0.5"
"1964857440","2033534831","0.5"
"2033534831","1964857440","0.5"
"119660365","2166746548","3.14216"
"2166746548","119660365","3.14216"
"119660365","22907186","5.26667"
"22907186","119660365","5.26667"
"2166746548","22907186","1.16667"
"22907186","2166746548","1.16667"
"119660365","1237383999","0.0588235"
"1237383999","119660365","0.0588235"
"119660365","1483147298","0.158824"
"1483147298","119660365","0.158824"
"119660365","1544139368","0.0588235"
"1544139368","119660365","0.0588235"
"119660365","1594610071","0.0588235"
"1594610071","119660365","0.0588235"
"119660365","1604277348","0.0588235"
"1604277348","119660365","0.0588235"
"119660365","1991086014","5.40882"
"1991086014","119660365","5.40882"
"119660365","2012537185","0.158824"
"2012537185","119660365","0.158824"
"119660365","2025122101","0.0588235"
"2025122101","119660365","0.0588235"
"119660365","2041620226","0.0588235"
"2041620226","119660365","0.0588235"
"119660365","2079224581","0.0588235"
"2079224581","119660365","0.0588235"
"119660365","2115364986","0.0588235"
"2115364986","119660365","0.0588235"
"119660365","2125082260","0.0588235"
"2125082260","119660365","0.0588235"
"119660365","2158242568","0.0588235"
"2158242568","119660365","0.0588235"
"119660365","2160741692","0.0588235"
"2160741692","119660365","0.0588235"
"119660365","2262469182","0.158824"
"2262469182","119660365","0.158824"
"119660365","32875472","0.0588235"
"32875472","119660365","0.0588235"
"1237383999","1483147298","0.0588235"
"1483147298","1237383999","0.0588235"
"1237383999","1544139368","0.31177"
"1544139368","1237383999","0.31177"
"1237383999","1594610071","0.0958606"
"1594610071","1237383999","0.0958606"
"1237383999","1604277348","0.0958606"
"1604277348","1237383999","0.0958606"
"1237383999","1991086014","0.135747"
"1991086014","1237383999","0.135747"
"1237383999","2012537185","0.0588235"
"2012537185","1237383999","0.0588235"
"1237383999","2025122101","1.31177"
"2025122101","1237383999","1.31177"
"1237383999","2041620226","0.31177"
"2041620226","1237383999","0.31177"
"1237383999","2079224581","0.0588235"
"2079224581","1237383999","0.0588235"
"1237383999","2115364986","0.0588235"
"2115364986","1237383999","0.0588235"
"1237383999","2125082260","0.0588235"
"2125082260","1237383999","0.0588235"
"1237383999","2158242568","0.172784"
"2158242568","1237383999","0.172784"
"1237383999","2160741692","0.0588235"
"2160741692","1237383999","0.0588235"
"1237383999","2166746548","0.0958606"
"2166746548","1237383999","0.0958606"
"1237383999","2262469182","0.0588235"
"2262469182","1237383999","0.0588235"
"1237383999","32875472","0.547784"
"32875472","1237383999","0.547784"
"1483147298","1544139368","0.183824"
"1544139368","1483147298","0.183824"
"1483147298","1594610071","0.0588235"
"1594610071","1483147298","0.0588235"
"1483147298","1604277348","0.0588235"
"1604277348","1483147298","0.0588235"
"1483147298","1991086014","0.158824"
"1991086014","1483147298","0.158824"
"1483147298","2012537185","0.533824"
"2012537185","1483147298","0.533824"
"1483147298","2025122101","0.383824"
"2025122101","1483147298","0.383824"
"1483147298","2041620226","0.183824"
"2041620226","1483147298","0.183824"
"1483147298","2079224581","0.183824"
"2079224581","1483147298","0.183824"
"1483147298","2115364986","1.01716"
"2115364986","1483147298","1.01716"
"1483147298","2125082260","0.517157"
"2125082260","1483147298","0.517157"
"1483147298","2158242568","0.517157"
"2158242568","1483147298","0.517157"
"1483147298","2160741692","0.0588235"
"2160741692","1483147298","0.0588235"
"1483147298","2166746548","0.0588235"
"2166746548","1483147298","0.0588235"
"1483147298","2262469182","2.70049"
"2262469182","1483147298","2.70049"
"1483147298","32875472","0.517157"
"32875472","1483147298","0.517157"
"1544139368","1594610071","0.915159"
"1594610071","1544139368","0.915159"
"1544139368","1604277348","0.848492"
"1604277348","1544139368","0.848492"
"1544139368","1991086014","0.0588235"
"1991086014","1544139368","0.0588235"
"1544139368","2012537185","0.0588235"
"2012537185","1544139368","0.0588235"
"1544139368","2025122101","2.51455"
"2025122101","1544139368","2.51455"
"1544139368","2041620226","5.31718"
"2041620226","1544139368","5.31718"
"1544139368","2079224581","0.183824"
"2079224581","1544139368","0.183824"
"1544139368","2115364986","0.111455"
"2115364986","1544139368","0.111455"
"1544139368","2125082260","0.111455"
"2125082260","1544139368","0.111455"
"1544139368","2158242568","0.362527"
"2158242568","1544139368","0.362527"
"1544139368","2160741692","0.158824"
"2160741692","1544139368","0.158824"
"1544139368","2166746548","0.0958606"
"2166746548","1544139368","0.0958606"
"1544139368","2262469182","0.411455"
"2262469182","1544139368","0.411455"
"1544139368","32875472","0.348492"
"32875472","1544139368","0.348492"
"1594610071","1991086014","0.0588235"
"1991086014","1594610071","0.0588235"
"1594610071","2012537185","0.0588235"
"2012537185","1594610071","0.0588235"
"1594610071","2025122101","0.362527"
"2025122101","1594610071","0.362527"
"1594610071","2041620226","0.665159"
"2041620226","1594610071","0.665159"
"1594610071","2079224581","0.0588235"
"2079224581","1594610071","0.0588235"
"1594610071","2115364986","0.111455"
"2115364986","1594610071","0.111455"
"1594610071","2125082260","0.111455"
"2125082260","1594610071","0.111455"
"1594610071","2160741692","0.0588235"
"2160741692","1594610071","0.0588235"
"1594610071","2166746548","0.0958606"
"2166746548","1594610071","0.0958606"
"1594610071","2262469182","0.111455"
"2262469182","1594610071","0.111455"
"1594610071","32875472","0.148492"
"32875472","1594610071","0.148492"
"1604277348","1991086014","0.0588235"
"1991086014","1604277348","0.0588235"
"1604277348","2012537185","0.0588235"
"2012537185","1604277348","0.0588235"
"1604277348","2025122101","0.295861"
"2025122101","1604277348","0.295861"
"1604277348","2041620226","0.598492"
"2041620226","1604277348","0.598492"
"1604277348","2079224581","0.0588235"
"2079224581","1604277348","0.0588235"
"1604277348","2115364986","0.111455"
"2115364986","1604277348","0.111455"
"1604277348","2125082260","0.111455"
"2125082260","1604277348","0.111455"
"1604277348","2160741692","0.158824"
"2160741692","1604277348","0.158824"
"1604277348","2166746548","0.0958606"
"2166746548","1604277348","0.0958606"
"1604277348","2262469182","0.211455"
"2262469182","1604277348","0.211455"
"1604277348","32875472","0.148492"
"32875472","1604277348","0.148492"
"1991086014","2012537185","0.158824"
"2012537185","1991086014","0.158824"
"1991086014","2025122101","0.0588235"
"2025122101","1991086014","0.0588235"
"1991086014","2041620226","0.0588235"
"2041620226","1991086014","0.0588235"
"1991086014","2079224581","0.0588235"
"2079224581","1991086014","0.0588235"
"1991086014","2115364986","0.0588235"
"2115364986","1991086014","0.0588235"
"1991086014","2125082260","0.0588235"
"2125082260","1991086014","0.0588235"
"1991086014","2158242568","0.135747"
"2158242568","1991086014","0.135747"
"1991086014","2160741692","0.0588235"
"2160741692","1991086014","0.0588235"
"1991086014","2166746548","5.80882"
"2166746548","1991086014","5.80882"
"1991086014","2262469182","0.158824"
"2262469182","1991086014","0.158824"
"1991086014","32875472","0.135747"
"32875472","1991086014","0.135747"
"2012537185","2025122101","0.0588235"
"2025122101","2012537185","0.0588235"
"2012537185","2041620226","0.0588235"
"2041620226","2012537185","0.0588235"
"2012537185","2079224581","0.0588235"
"2079224581","2012537185","0.0588235"
"2012537185","2115364986","0.433824"
"2115364986","2012537185","0.433824"
"2012537185","2125082260","0.183824"
"2125082260","2012537185","0.183824"
"2012537185","2158242568","0.183824"
"2158242568","2012537185","0.183824"
"2012537185","2160741692","0.0588235"
"2160741692","2012537185","0.0588235"
"2012537185","2166746548","0.0588235"
"2166746548","2012537185","0.0588235"
"2012537185","2262469182","5.40882"
"2262469182","2012537185","5.40882"
"2012537185","32875472","0.183824"
"32875472","2012537185","0.183824"
"2025122101","2041620226","2.26455"
"2041620226","2025122101","2.26455"
"2025122101","2079224581","0.183824"
"2079224581","2025122101","0.183824"
"2025122101","2115364986","0.0588235"
"2115364986","2025122101","0.0588235"
"2025122101","2125082260","0.0588235"
"2125082260","2025122101","0.0588235"
"2025122101","2158242568","0.362527"
"2158242568","2025122101","0.362527"
"2025122101","2160741692","0.158824"
"2160741692","2025122101","0.158824"
"2025122101","2166746548","0.0958606"
"2166746548","2025122101","0.0958606"
"2025122101","2262469182","1.35882"
"2262469182","2025122101","1.35882"
"2025122101","32875472","0.295861"
"32875472","2025122101","0.295861"
"2041620226","2079224581","0.183824"
"2079224581","2041620226","0.183824"
"2041620226","2115364986","0.111455"
"2115364986","2041620226","0.111455"
"2041620226","2125082260","0.111455"
"2125082260","2041620226","0.111455"
"2041620226","2158242568","0.362527"
"2158242568","2041620226","0.362527"
"2041620226","2160741692","0.158824"
"2160741692","2041620226","0.158824"
"2041620226","2166746548","0.0958606"
"2166746548","2041620226","0.0958606"
"2041620226","2262469182","0.411455"
"2262469182","2041620226","0.411455"
"2041620226","32875472","0.348492"
"32875472","2041620226","0.348492"
"2079224581","2115364986","0.0588235"
"2115364986","2079224581","0.0588235"
"2079224581","2125082260","0.0588235"
"2125082260","2079224581","0.0588235"
"2079224581","2158242568","0.0588235"
"2158242568","2079224581","0.0588235"
"2079224581","2160741692","0.0588235"
"2160741692","2079224581","0.0588235"
"2079224581","2166746548","0.0588235"
"2166746548","2079224581","0.0588235"
"2079224581","2262469182","0.0588235"
"2262469182","2079224581","0.0588235"
"2079224581","32875472","0.0588235"
"32875472","2079224581","0.0588235"
"2115364986","2125082260","1.73646"
"2125082260","2115364986","1.73646"
"2115364986","2158242568","0.183824"
"2158242568","2115364986","0.183824"
"2115364986","2160741692","0.0588235"
"2160741692","2115364986","0.0588235"
"2115364986","2166746548","0.0588235"
"2166746548","2115364986","0.0588235"
"2115364986","2262469182","10.8198"
"2262469182","2115364986","10.8198"
"2115364986","32875472","0.569788"
"32875472","2115364986","0.569788"
"2125082260","2158242568","0.183824"
"2158242568","2125082260","0.183824"
"2125082260","2160741692","0.0588235"
"2160741692","2125082260","0.0588235"
"2125082260","2166746548","0.0588235"
"2166746548","2125082260","0.0588235"
"2125082260","2262469182","11.1531"
"2262469182","2125082260","11.1531"
"2125082260","32875472","0.236455"
"32875472","2125082260","0.236455"
"2158242568","2160741692","2.49216"
"2160741692","2158242568","2.49216"
"2158242568","2166746548","0.0958606"
"2166746548","2158242568","0.0958606"
"2158242568","2262469182","0.283824"
"2262469182","2158242568","0.283824"
"2158242568","32875472","0.297784"
"32875472","2158242568","0.297784"
"2160741692","2166746548","0.0588235"
"2166746548","2160741692","0.0588235"
"2160741692","2262469182","0.408824"
"2262469182","2160741692","0.408824"
"2160741692","32875472","0.0588235"
"32875472","2160741692","0.0588235"
"2166746548","2262469182","0.0588235"
"2262469182","2166746548","0.0588235"
"2166746548","32875472","0.0958606"
"32875472","2166746548","0.0958606"
"2262469182","32875472","0.569788"
"32875472","2262469182","0.569788"
"119660365","1594509342","0.25"
"1594509342","119660365","0.25"
"119660365","2098623081","0.916667"
"2098623081","119660365","0.916667"
"1594509342","1991086014","0.25"
"1991086014","1594509342","0.25"
"1594509342","2098623081","0.25"
"2098623081","1594509342","0.25"
"1594509342","2166746548","0.287037"
"2166746548","1594509342","0.287037"
"1991086014","2098623081","1.08333"
"2098623081","1991086014","1.08333"
"2098623081","2166746548","1.41667"
"2166746548","2098623081","1.41667"
"1991086014","22907186","0.766667"
"22907186","1991086014","0.766667"
"119660365","2097876158","0.333333"
"2097876158","119660365","0.333333"
"2097876158","2098623081","0.333333"
"2098623081","2097876158","0.333333"
"2097876158","2166746548","0.333333"
"2166746548","2097876158","0.333333"
"119660365","2000649160","0.1"
"2000649160","119660365","0.1"
"119660365","2036868363","0.1"
"2036868363","119660365","0.1"
"119660365","2088262188","0.1"
"2088262188","119660365","0.1"
"119660365","2089623518","1.1"
"2089623518","119660365","1.1"
"119660365","2538533991","0.1"
"2538533991","119660365","0.1"
"1483147298","2000649160","1.1"
"2000649160","1483147298","1.1"
"1483147298","2036868363","0.35"
"2036868363","1483147298","0.35"
"1483147298","2088262188","2.1"
"2088262188","1483147298","2.1"
"1483147298","2089623518","0.1"
"2089623518","1483147298","0.1"
"1483147298","22907186","0.1"
"22907186","1483147298","0.1"
"1483147298","2538533991","0.1"
"2538533991","1483147298","0.1"
"1991086014","2000649160","0.1"
"2000649160","1991086014","0.1"
"1991086014","2036868363","0.176923"
"2036868363","1991086014","0.176923"
"1991086014","2088262188","0.176923"
"2088262188","1991086014","0.176923"
"1991086014","2089623518","0.1"
"2089623518","1991086014","0.1"
"1991086014","2538533991","0.1"
"2538533991","1991086014","0.1"
"2000649160","2012537185","0.225"
"2012537185","2000649160","0.225"
"2000649160","2036868363","1.27763"
"2036868363","2000649160","1.27763"
"2000649160","2088262188","0.137037"
"2088262188","2000649160","0.137037"
"2000649160","2089623518","0.314669"
"2089623518","2000649160","0.314669"
"2000649160","2262469182","0.277632"
"2262469182","2000649160","0.277632"
"2000649160","22907186","0.225"
"22907186","2000649160","0.225"
"2000649160","2538533991","0.314669"
"2538533991","2000649160","0.314669"
"2012537185","2036868363","1.975"
"2036868363","2012537185","1.975"
"2012537185","2088262188","0.1"
"2088262188","2012537185","0.1"
"2012537185","2089623518","0.225"
"2089623518","2012537185","0.225"
"2012537185","22907186","0.225"
"22907186","2012537185","0.225"
"2012537185","2538533991","0.225"
"2538533991","2012537185","0.225"
"2036868363","2088262188","0.176923"
"2088262188","2036868363","0.176923"
"2036868363","2089623518","0.527632"
"2089623518","2036868363","0.527632"
"2036868363","2262469182","1.02763"
"2262469182","2036868363","1.02763"
"2036868363","22907186","0.225"
"22907186","2036868363","0.225"
"2036868363","2538533991","0.527632"
"2538533991","2036868363","0.527632"
"2088262188","2089623518","0.137037"
"2089623518","2088262188","0.137037"
"2088262188","2262469182","0.1"
"2262469182","2088262188","0.1"
"2088262188","22907186","0.1"
"22907186","2088262188","0.1"
"2088262188","2538533991","0.137037"
"2538533991","2088262188","0.137037"
"2089623518","2262469182","0.277632"
"2262469182","2089623518","0.277632"
"2089623518","22907186","5.89167"
"22907186","2089623518","5.89167"
"2089623518","2538533991","9.73134"
"2538533991","2089623518","9.73134"
"2262469182","22907186","1.225"
"22907186","2262469182","1.225"
"2262469182","2538533991","0.277632"
"2538533991","2262469182","0.277632"
"22907186","2538533991","4.925"
"2538533991","22907186","4.925"
"1237383999","1549206860","0.204869"
"1549206860","1237383999","0.204869"
"1237383999","1594509342","0.162037"
"1594509342","1237383999","0.162037"
"1237383999","1964857440","0.287037"
"1964857440","1237383999","0.287037"
"1237383999","1966147156","0.162037"
"1966147156","1237383999","0.162037"
"1237383999","2000649160","0.037037"
"2000649160","1237383999","0.037037"
"1237383999","2088262188","0.11396"
"2088262188","1237383999","0.11396"
"1237383999","2089623518","0.037037"
"2089623518","1237383999","0.037037"
"1237383999","2090711637","0.037037"
"2090711637","1237383999","0.037037"
"1237383999","2095681146","0.23896"
"2095681146","1237383999","0.23896"
"1237383999","2103640577","0.954869"
"2103640577","1237383999","0.954869"
"1237383999","2104731482","0.037037"
"2104731482","1237383999","0.037037"
"1237383999","2105110648","0.704869"
"2105110648","1237383999","0.704869"
"1237383999","2120188608","0.329869"
"2120188608","1237383999","0.329869"
"1237383999","2125702140","0.037037"
"2125702140","1237383999","0.037037"
"1237383999","2131626681","0.037037"
"2131626681","1237383999","0.037037"
"1237383999","2141842526","0.037037"
"2141842526","1237383999","0.037037"
"1237383999","2165372900","0.037037"
"2165372900","1237383999","0.037037"
"1237383999","2538533991","0.037037"
"2538533991","1237383999","0.037037"
"1237383999","59016686","1.12795"
"59016686","1237383999","1.12795"
"1544139368","1549206860","0.127946"
"1549206860","1544139368","0.127946"
"1544139368","1594509342","0.037037"
"1594509342","1544139368","0.037037"
"1544139368","1964857440","0.492446"
"1964857440","1544139368","0.492446"
"1544139368","1966147156","0.0896686"
"1966147156","1544139368","0.0896686"
"1544139368","2000649160","0.0896686"
"2000649160","1544139368","0.0896686"
"1544139368","2088262188","0.148148"
"2088262188","1544139368","0.148148"
"1544139368","2089623518","0.0896686"
"2089623518","1544139368","0.0896686"
"1544139368","2090711637","0.037037"
"2090711637","1544139368","0.037037"
"1544139368","2095681146","0.492446"
"2095681146","1544139368","0.492446"
"1544139368","2103640577","1.10002"
"2103640577","1544139368","1.10002"
"1544139368","2104731482","1.08981"
"2104731482","1544139368","1.08981"
"1544139368","2105110648","0.638911"
"2105110648","1544139368","0.638911"
"1544139368","2120188608","0.377946"
"2120188608","1544139368","0.377946"
"1544139368","2125702140","0.037037"
"2125702140","1544139368","0.037037"
"1544139368","2131626681","0.0896686"
"2131626681","1544139368","0.0896686"
"1544139368","2141842526","0.037037"
"2141842526","1544139368","0.037037"
"1544139368","2165372900","1.40911"
"2165372900","1544139368","1.40911"
"1544139368","2538533991","0.0896686"
"2538533991","1544139368","0.0896686"
"1544139368","59016686","0.419613"
"59016686","1544139368","0.419613"
"1549206860","1594509342","0.037037"
"1594509342","1549206860","0.037037"
"1549206860","1594610071","0.037037"
"1594610071","1549206860","0.037037"
"1549206860","1604277348","0.037037"
"1604277348","1549206860","0.037037"
"1549206860","1964857440","0.203704"
"1964857440","1549206860","0.203704"
"1549206860","1966147156","0.037037"
"1966147156","1549206860","0.037037"
"1549206860","2000649160","0.037037"
"2000649160","1549206860","0.037037"
"1549206860","2025122101","0.127946"
"2025122101","1549206860","0.127946"
"1549206860","2041620226","0.127946"
"2041620226","1549206860","0.127946"
"1549206860","2088262188","0.280627"
"2088262188","1549206860","0.280627"
"1549206860","2089623518","0.037037"
"2089623518","1549206860","0.037037"
"1549206860","2090711637","0.037037"
"2090711637","1549206860","0.037037"
"1549206860","2095681146","0.11396"
"2095681146","1549206860","0.11396"
"1549206860","2103640577","1.37154"
"2103640577","1549206860","1.37154"
"1549206860","2104731482","0.037037"
"2104731482","1549206860","0.037037"
"1549206860","2105110648","0.204869"
"2105110648","1549206860","0.204869"
"1549206860","2120188608","3.37154"
"2120188608","1549206860","3.37154"
"1549206860","2125702140","0.037037"
"2125702140","1549206860","0.037037"
"1549206860","2131626681","0.037037"
"2131626681","1549206860","0.037037"
"1549206860","2141842526","0.037037"
"2141842526","1549206860","0.037037"
"1549206860","2158242568","1.11396"
"2158242568","1549206860","1.11396"
"1549206860","2165372900","0.037037"
"2165372900","1549206860","0.037037"
"1549206860","2166746548","0.037037"
"2166746548","1549206860","0.037037"
"1549206860","2538533991","0.037037"
"2538533991","1549206860","0.037037"
"1549206860","32875472","1.28063"
"32875472","1549206860","1.28063"
"1549206860","59016686","0.127946"
"59016686","1549206860","0.127946"
"1594509342","1594610071","0.037037"
"1594610071","1594509342","0.037037"
"1594509342","1604277348","0.037037"
"1604277348","1594509342","0.037037"
"1594509342","1964857440","0.037037"
"1964857440","1594509342","0.037037"
"1594509342","1966147156","4.05489"
"1966147156","1594509342","4.05489"
"1594509342","2000649160","0.037037"
"2000649160","1594509342","0.037037"
"1594509342","2025122101","0.037037"
"2025122101","1594509342","0.037037"
"1594509342","2041620226","0.037037"
"2041620226","1594509342","0.037037"
"1594509342","2088262188","0.037037"
"2088262188","1594509342","0.037037"
"1594509342","2089623518","0.037037"
"2089623518","1594509342","0.037037"
"1594509342","2090711637","0.37037"
"2090711637","1594509342","0.37037"
"1594509342","2095681146","0.037037"
"2095681146","1594509342","0.037037"
"1594509342","2103640577","0.162037"
"2103640577","1594509342","0.162037"
"1594509342","2104731482","0.037037"
"2104731482","1594509342","0.037037"
"1594509342","2105110648","0.162037"
"2105110648","1594509342","0.162037"
"1594509342","2120188608","0.162037"
"2120188608","1594509342","0.162037"
"1594509342","2125702140","0.037037"
"2125702140","1594509342","0.037037"
"1594509342","2131626681","0.037037"
"2131626681","1594509342","0.037037"
"1594509342","2141842526","0.37037"
"2141842526","1594509342","0.37037"
"1594509342","2158242568","0.037037"
"2158242568","1594509342","0.037037"
"1594509342","2165372900","0.037037"
"2165372900","1594509342","0.037037"
"1594509342","2538533991","0.037037"
"2538533991","1594509342","0.037037"
"1594509342","32875472","0.162037"
"32875472","1594509342","0.162037"
"1594509342","59016686","0.162037"
"59016686","1594509342","0.162037"
"1594610071","1964857440","0.0896686"
"1964857440","1594610071","0.0896686"
"1594610071","1966147156","0.0896686"
"1966147156","1594610071","0.0896686"
"1594610071","2000649160","0.0896686"
"2000649160","1594610071","0.0896686"
"1594610071","2088262188","0.037037"
"2088262188","1594610071","0.037037"
"1594610071","2089623518","0.0896686"
"2089623518","1594610071","0.0896686"
"1594610071","2090711637","0.037037"
"2090711637","1594610071","0.037037"
"1594610071","2095681146","0.256335"
"2095681146","1594610071","0.256335"
"1594610071","2103640577","0.0896686"
"2103640577","1594610071","0.0896686"
"1594610071","2104731482","0.137037"
"2104731482","1594610071","0.137037"
"1594610071","2105110648","0.0896686"
"2105110648","1594610071","0.0896686"
"1594610071","2120188608","0.037037"
"2120188608","1594610071","0.037037"
"1594610071","2125702140","0.037037"
"2125702140","1594610071","0.037037"
"1594610071","2131626681","0.0896686"
"2131626681","1594610071","0.0896686"
"1594610071","2141842526","0.037037"
"2141842526","1594610071","0.037037"
"1594610071","2165372900","0.189669"
"2165372900","1594610071","0.189669"
"1594610071","2538533991","0.0896686"
"2538533991","1594610071","0.0896686"
"1594610071","59016686","0.037037"
"59016686","1594610071","0.037037"
"1604277348","1964857440","0.0896686"
"1964857440","1604277348","0.0896686"
"1604277348","1966147156","0.0896686"
"1966147156","1604277348","0.0896686"
"1604277348","2000649160","0.0896686"
"2000649160","1604277348","0.0896686"
"1604277348","2088262188","0.037037"
"2088262188","1604277348","0.037037"
"1604277348","2089623518","0.0896686"
"2089623518","1604277348","0.0896686"
"1604277348","2090711637","0.037037"
"2090711637","1604277348","0.037037"
"1604277348","2095681146","0.0896686"
"2095681146","1604277348","0.0896686"
"1604277348","2103640577","0.189669"
"2103640577","1604277348","0.189669"
"1604277348","2104731482","0.237037"
"2104731482","1604277348","0.237037"
"1604277348","2105110648","0.0896686"
"2105110648","1604277348","0.0896686"
"1604277348","2120188608","0.037037"
"2120188608","1604277348","0.037037"
"1604277348","2125702140","0.037037"
"2125702140","1604277348","0.037037"
"1604277348","2131626681","0.0896686"
"2131626681","1604277348","0.0896686"
"1604277348","2141842526","0.037037"
"2141842526","1604277348","0.037037"
"1604277348","2165372900","0.189669"
"2165372900","1604277348","0.189669"
"1604277348","2538533991","0.0896686"
"2538533991","1604277348","0.0896686"
"1604277348","59016686","0.037037"
"59016686","1604277348","0.037037"
"1964857440","1966147156","0.0896686"
"1966147156","1964857440","0.0896686"
"1964857440","2000649160","0.0896686"
"2000649160","1964857440","0.0896686"
"1964857440","2025122101","0.939815"
"2025122101","1964857440","0.939815"
"1964857440","2041620226","0.492446"
"2041620226","1964857440","0.492446"
"1964857440","2088262188","0.314815"
"2088262188","1964857440","0.314815"
"1964857440","2089623518","0.0896686"
"2089623518","1964857440","0.0896686"
"1964857440","2090711637","0.037037"
"2090711637","1964857440","0.037037"
"1964857440","2095681146","0.20078"
"2095681146","1964857440","0.20078"
"1964857440","2103640577","0.367446"
"2103640577","1964857440","0.367446"
"1964857440","2104731482","0.439815"
"2104731482","1964857440","0.439815"
"1964857440","2105110648","0.339669"
"2105110648","1964857440","0.339669"
"1964857440","2120188608","0.203704"
"2120188608","1964857440","0.203704"
"1964857440","2125702140","0.037037"
"2125702140","1964857440","0.037037"
"1964857440","2131626681","0.0896686"
"2131626681","1964857440","0.0896686"
"1964857440","2141842526","0.037037"
"2141842526","1964857440","0.037037"
"1964857440","2158242568","0.49537"
"2158242568","1964857440","0.49537"
"1964857440","2165372900","0.492446"
"2165372900","1964857440","0.492446"
"1964857440","2166746548","0.037037"
"2166746548","1964857440","0.037037"
"1964857440","2538533991","0.0896686"
"2538533991","1964857440","0.0896686"
"1964857440","32875472","0.631335"
"32875472","1964857440","0.631335"
"1964857440","59016686","0.287037"
"59016686","1964857440","0.287037"
"1966147156","2000649160","0.0896686"
"2000649160","1966147156","0.0896686"
"1966147156","2025122101","0.037037"
"2025122101","1966147156","0.037037"
"1966147156","2041620226","0.0896686"
"2041620226","1966147156","0.0896686"
"1966147156","2088262188","0.037037"
"2088262188","1966147156","0.037037"
"1966147156","2089623518","0.0896686"
"2089623518","1966147156","0.0896686"
"1966147156","2090711637","0.37037"
"2090711637","1966147156","0.37037"
"1966147156","2095681146","0.0896686"
"2095681146","1966147156","0.0896686"
"1966147156","2103640577","0.214669"
"2103640577","1966147156","0.214669"
"1966147156","2104731482","0.037037"
"2104731482","1966147156","0.037037"
"1966147156","2105110648","0.214669"
"2105110648","1966147156","0.214669"
"1966147156","2120188608","0.162037"
"2120188608","1966147156","0.162037"
"1966147156","2125702140","0.037037"
"2125702140","1966147156","0.037037"
"1966147156","2131626681","1.08967"
"2131626681","1966147156","1.08967"
"1966147156","2141842526","0.37037"
"2141842526","1966147156","0.37037"
"1966147156","2158242568","0.037037"
"2158242568","1966147156","0.037037"
"1966147156","2165372900","0.0896686"
"2165372900","1966147156","0.0896686"
"1966147156","2166746548","0.037037"
"2166746548","1966147156","0.037037"
"1966147156","2538533991","0.0896686"
"2538533991","1966147156","0.0896686"
"1966147156","32875472","0.214669"
"32875472","1966147156","0.214669"
"1966147156","59016686","0.162037"
"59016686","1966147156","0.162037"
"2000649160","2025122101","0.037037"
"2025122101","2000649160","0.037037"
"2000649160","2041620226","0.0896686"
"2041620226","2000649160","0.0896686"
"2000649160","2090711637","0.037037"
"2090711637","2000649160","0.037037"
"2000649160","2095681146","0.0896686"
"2095681146","2000649160","0.0896686"
"2000649160","2103640577","0.0896686"
"2103640577","2000649160","0.0896686"
"2000649160","2104731482","0.037037"
"2104731482","2000649160","0.037037"
"2000649160","2105110648","0.0896686"
"2105110648","2000649160","0.0896686"
"2000649160","2120188608","0.037037"
"2120188608","2000649160","0.037037"
"2000649160","2125702140","0.162037"
"2125702140","2000649160","0.162037"
"2000649160","2131626681","0.0896686"
"2131626681","2000649160","0.0896686"
"2000649160","2141842526","0.037037"
"2141842526","2000649160","0.037037"
"2000649160","2158242568","0.037037"
"2158242568","2000649160","0.037037"
"2000649160","2165372900","0.0896686"
"2165372900","2000649160","0.0896686"
"2000649160","2166746548","0.037037"
"2166746548","2000649160","0.037037"
"2000649160","32875472","0.0896686"
"32875472","2000649160","0.0896686"
"2000649160","59016686","0.037037"
"59016686","2000649160","0.037037"
"2025122101","2088262188","0.148148"
"2088262188","2025122101","0.148148"
"2025122101","2089623518","0.037037"
"2089623518","2025122101","0.037037"
"2025122101","2090711637","0.237037"
"2090711637","2025122101","0.237037"
"2025122101","2095681146","0.439815"
"2095681146","2025122101","0.439815"
"2025122101","2103640577","1.38072"
"2103640577","2025122101","1.38072"
"2025122101","2104731482","1.08981"
"2104731482","2025122101","1.08981"
"2025122101","2105110648","0.586279"
"2105110648","2025122101","0.586279"
"2025122101","2120188608","0.877946"
"2120188608","2025122101","0.877946"
"2025122101","2125702140","0.237037"
"2125702140","2025122101","0.237037"
"2025122101","2131626681","0.537037"
"2131626681","2025122101","0.537037"
"2025122101","2141842526","0.237037"
"2141842526","2025122101","0.237037"
"2025122101","2165372900","1.35648"
"2165372900","2025122101","1.35648"
"2025122101","2538533991","0.037037"
"2538533991","2025122101","0.037037"
"2025122101","59016686","0.752946"
"59016686","2025122101","0.752946"
"2041620226","2088262188","0.148148"
"2088262188","2041620226","0.148148"
"2041620226","2089623518","0.0896686"
"2089623518","2041620226","0.0896686"
"2041620226","2090711637","0.037037"
"2090711637","2041620226","0.037037"
"2041620226","2095681146","0.492446"
"2095681146","2041620226","0.492446"
"2041620226","2103640577","0.850022"
"2103640577","2041620226","0.850022"
"2041620226","2104731482","1.08981"
"2104731482","2041620226","1.08981"
"2041620226","2105110648","0.638911"
"2105110648","2041620226","0.638911"
"2041620226","2120188608","0.127946"
"2120188608","2041620226","0.127946"
"2041620226","2125702140","0.037037"
"2125702140","2041620226","0.037037"
"2041620226","2131626681","0.0896686"
"2131626681","2041620226","0.0896686"
"2041620226","2141842526","0.037037"
"2141842526","2041620226","0.037037"
"2041620226","2165372900","1.40911"
"2165372900","2041620226","1.40911"
"2041620226","2538533991","0.0896686"
"2538533991","2041620226","0.0896686"
"2041620226","59016686","0.419613"
"59016686","2041620226","0.419613"
"2088262188","2090711637","0.037037"
"2090711637","2088262188","0.037037"
"2088262188","2095681146","0.225071"
"2095681146","2088262188","0.225071"
"2088262188","2103640577","0.391738"
"2103640577","2088262188","0.391738"
"2088262188","2104731482","0.148148"
"2104731482","2088262188","0.148148"
"2088262188","2105110648","0.11396"
"2105110648","2088262188","0.11396"
"2088262188","2120188608","0.280627"
"2120188608","2088262188","0.280627"
"2088262188","2125702140","0.037037"
"2125702140","2088262188","0.037037"
"2088262188","2131626681","0.037037"
"2131626681","2088262188","0.037037"
"2088262188","2141842526","0.037037"
"2141842526","2088262188","0.037037"
"2088262188","2158242568","0.11396"
"2158242568","2088262188","0.11396"
"2088262188","2165372900","0.148148"
"2165372900","2088262188","0.148148"
"2088262188","2166746548","0.037037"
"2166746548","2088262188","0.037037"
"2088262188","32875472","0.280627"
"32875472","2088262188","0.280627"
"2088262188","59016686","0.037037"
"59016686","2088262188","0.037037"
"2089623518","2090711637","3.28704"
"2090711637","2089623518","3.28704"
"2089623518","2095681146","0.0896686"
"2095681146","2089623518","0.0896686"
"2089623518","2103640577","0.0896686"
"2103640577","2089623518","0.0896686"
"2089623518","2104731482","0.037037"
"2104731482","2089623518","0.037037"
"2089623518","2105110648","0.0896686"
"2105110648","2089623518","0.0896686"
"2089623518","2120188608","0.037037"
"2120188608","2089623518","0.037037"
"2089623518","2125702140","2.16204"
"2125702140","2089623518","2.16204"
"2089623518","2131626681","0.0896686"
"2131626681","2089623518","0.0896686"
"2089623518","2141842526","2.4537"
"2141842526","2089623518","2.4537"
"2089623518","2158242568","0.037037"
"2158242568","2089623518","0.037037"
"2089623518","2165372900","0.0896686"
"2165372900","2089623518","0.0896686"
"2089623518","2166746548","0.037037"
"2166746548","2089623518","0.037037"
"2089623518","32875472","1.08967"
"32875472","2089623518","1.08967"
"2089623518","59016686","0.037037"
"59016686","2089623518","0.037037"
"2090711637","2095681146","0.237037"
"2095681146","2090711637","0.237037"
"2090711637","2104731482","0.037037"
"2104731482","2090711637","0.037037"
"2090711637","2105110648","0.037037"
"2105110648","2090711637","0.037037"
"2090711637","2120188608","0.037037"
"2120188608","2090711637","0.037037"
"2090711637","2131626681","0.203704"
"2131626681","2090711637","0.203704"
"2090711637","2158242568","0.037037"
"2158242568","2090711637","0.037037"
"2090711637","2165372900","0.037037"
"2165372900","2090711637","0.037037"
"2090711637","2166746548","0.037037"
"2166746548","2090711637","0.037037"
"2090711637","2538533991","1.62037"
"2538533991","2090711637","1.62037"
"2090711637","59016686","0.037037"
"59016686","2090711637","0.037037"
"2095681146","2103640577","0.402703"
"2103640577","2095681146","0.402703"
"2095681146","2104731482","0.148148"
"2104731482","2095681146","0.148148"
"2095681146","2105110648","0.291592"
"2105110648","2095681146","0.291592"
"2095681146","2120188608","0.11396"
"2120188608","2095681146","0.11396"
"2095681146","2125702140","0.037037"
"2125702140","2095681146","0.037037"
"2095681146","2131626681","0.589669"
"2131626681","2095681146","0.589669"
"2095681146","2141842526","1.23704"
"2141842526","2095681146","1.23704"
"2095681146","2158242568","0.280627"
"2158242568","2095681146","0.280627"
"2095681146","2165372900","0.20078"
"2165372900","2095681146","0.20078"
"2095681146","2166746548","0.037037"
"2166746548","2095681146","0.037037"
"2095681146","2538533991","0.0896686"
"2538533991","2095681146","0.0896686"
"2095681146","32875472","0.166592"
"32875472","2095681146","0.166592"
