"139562302","1962875200","0.457576"
"1962875200","139562302","0.457576"
"139562302","2037965136","0.166667"
"2037965136","139562302","0.166667"
"139562302","2048779798","0.257576"
"2048779798","139562302","0.257576"
"139562302","2069980026","16.2909"
"2069980026","139562302","16.2909"
"139562302","2126256482","0.166667"
"2126256482","139562302","0.166667"
"139562302","2140129471","0.257576"
"2140129471","139562302","0.257576"
"1962875200","2037965136","0.277778"
"2037965136","1962875200","0.277778"
"1962875200","2048779798","2.78535"
"2048779798","1962875200","2.78535"
"1962875200","2069980026","0.457576"
"2069980026","1962875200","0.457576"
"1962875200","2126256482","0.277778"
"2126256482","1962875200","0.277778"
"1962875200","2140129471","3.11869"
"2140129471","1962875200","3.11869"
"2037965136","2048779798","0.444444"
"2048779798","2037965136","0.444444"
"2037965136","2069980026","0.666667"
"2069980026","2037965136","0.666667"
"2037965136","2126256482","0.444444"
"2126256482","2037965136","0.444444"
"2037965136","2140129471","0.277778"
"2140129471","2037965136","0.277778"
"2048779798","2069980026","0.424242"
"2069980026","2048779798","0.424242"
"2048779798","2126256482","0.444444"
"2126256482","2048779798","0.444444"
"2048779798","2140129471","5.49369"
"2140129471","2048779798","5.49369"
"2069980026","2126256482","0.333333"
"2126256482","2069980026","0.333333"
"2069980026","2140129471","0.257576"
"2140129471","2069980026","0.257576"
"2126256482","2140129471","0.277778"
"2140129471","2126256482","0.277778"
"139562302","1511277043","0.533333"
"1511277043","139562302","0.533333"
"139562302","2210278139","0.533333"
"2210278139","139562302","0.533333"
"1511277043","2069980026","1.03333"
"2069980026","1511277043","1.03333"
"1511277043","2210278139","15.6444"
"2210278139","1511277043","15.6444"
"2069980026","2210278139","1.03333"
"2210278139","2069980026","1.03333"
"139562302","2003262311","1.53333"
"2003262311","139562302","1.53333"
"2003262311","2069980026","1.7"
"2069980026","2003262311","1.7"
"139562302","1571053829","0.507576"
"1571053829","139562302","0.507576"
"139562302","2149093850","0.507576"
"2149093850","139562302","0.507576"
"139562302","2169982181","0.416667"
"2169982181","139562302","0.416667"
"1571053829","2069980026","0.507576"
"2069980026","1571053829","0.507576"
"1571053829","2149093850","8.56591"
"2149093850","1571053829","8.56591"
"1571053829","2169982181","3.525"
"2169982181","1571053829","3.525"
"2069980026","2149093850","0.507576"
"2149093850","2069980026","0.507576"
"2069980026","2169982181","0.416667"
"2169982181","2069980026","0.416667"
"2149093850","2169982181","3.85833"
"2169982181","2149093850","3.85833"
"139562302","2123297508","2"
"2123297508","139562302","2"
"2069980026","2123297508","4"
"2123297508","2069980026","4"
"2003262311","2123297508","0.333333"
"2123297508","2003262311","0.333333"
"1511277043","1962875200","0.311111"
"1962875200","1511277043","0.311111"
"1511277043","2003262311","0.366667"
"2003262311","1511277043","0.366667"
"1962875200","2003262311","1.03333"
"2003262311","1962875200","1.03333"
"1962875200","2210278139","0.311111"
"2210278139","1962875200","0.311111"
"2003262311","2210278139","0.366667"
"2210278139","2003262311","0.366667"
"139562302","2100369465","0.166667"
"2100369465","139562302","0.166667"
"1571053829","2100369465","0.366667"
"2100369465","1571053829","0.366667"
"1571053829","2123297508","0.366667"
"2123297508","1571053829","0.366667"
"2069980026","2100369465","0.166667"
"2100369465","2069980026","0.166667"
"2100369465","2123297508","13.8667"
"2123297508","2100369465","13.8667"
"2100369465","2149093850","0.366667"
"2149093850","2100369465","0.366667"
"2100369465","2169982181","0.166667"
"2169982181","2100369465","0.166667"
"2123297508","2149093850","0.366667"
"2149093850","2123297508","0.366667"
"2123297508","2169982181","0.166667"
"2169982181","2123297508","0.166667"
"139562302","1949687736","0.25"
"1949687736","139562302","0.25"
"139562302","1964857063","0.340909"
"1964857063","139562302","0.340909"
"139562302","31687557","0.25"
"31687557","139562302","0.25"
"1949687736","1964857063","0.25"
"1964857063","1949687736","0.25"
"1949687736","2069980026","0.75"
"2069980026","1949687736","0.75"
"1949687736","31687557","0.75"
"31687557","1949687736","0.75"
"1964857063","2069980026","0.340909"
"2069980026","1964857063","0.340909"
"1964857063","31687557","0.25"
"31687557","1964857063","0.25"
"2069980026","31687557","0.25"
"31687557","2069980026","0.25"
"139562302","148088014","0.0909091"
"148088014","139562302","0.0909091"
"139562302","1502916507","0.0909091"
"1502916507","139562302","0.0909091"
"139562302","2105423800","0.0909091"
"2105423800","139562302","0.0909091"
"139562302","2118229812","0.0909091"
"2118229812","139562302","0.0909091"
"148088014","1502916507","0.0909091"
"1502916507","148088014","0.0909091"
"148088014","1571053829","2.61591"
"1571053829","148088014","2.61591"
"148088014","1962875200","0.0909091"
"1962875200","148088014","0.0909091"
"148088014","1964857063","2.16591"
"1964857063","148088014","2.16591"
"148088014","2048779798","0.215909"
"2048779798","148088014","0.215909"
"148088014","2069980026","0.0909091"
"2069980026","148088014","0.0909091"
"148088014","2105423800","0.0909091"
"2105423800","148088014","0.0909091"
"148088014","2118229812","1.54091"
"2118229812","148088014","1.54091"
"148088014","2140129471","0.215909"
"2140129471","148088014","0.215909"
"148088014","2149093850","2.61591"
"2149093850","148088014","2.61591"
"1502916507","1571053829","0.290909"
"1571053829","1502916507","0.290909"
"1502916507","1962875200","1.09091"
"1962875200","1502916507","1.09091"
"1502916507","1964857063","0.590909"
"1964857063","1502916507","0.590909"
"1502916507","2048779798","0.674242"
"2048779798","1502916507","0.674242"
"1502916507","2069980026","0.0909091"
"2069980026","1502916507","0.0909091"
"1502916507","2105423800","0.340909"
"2105423800","1502916507","0.340909"
"1502916507","2118229812","0.0909091"
"2118229812","1502916507","0.0909091"
"1502916507","2140129471","0.674242"
"2140129471","1502916507","0.674242"
"1502916507","2149093850","0.790909"
"2149093850","1502916507","0.790909"
"1571053829","1962875200","0.0909091"
"1962875200","1571053829","0.0909091"
"1571053829","1964857063","2.16591"
"1964857063","1571053829","2.16591"
"1571053829","2048779798","0.215909"
"2048779798","1571053829","0.215909"
"1571053829","2105423800","0.0909091"
"2105423800","1571053829","0.0909091"
"1571053829","2118229812","1.04091"
"2118229812","1571053829","1.04091"
"1571053829","2140129471","0.215909"
"2140129471","1571053829","0.215909"
"1962875200","1964857063","0.0909091"
"1964857063","1962875200","0.0909091"
"1962875200","2105423800","0.507576"
"2105423800","1962875200","0.507576"
"1962875200","2118229812","0.0909091"
"2118229812","1962875200","0.0909091"
"1962875200","2149093850","0.0909091"
"2149093850","1962875200","0.0909091"
"1964857063","2048779798","0.215909"
"2048779798","1964857063","0.215909"
"1964857063","2105423800","0.0909091"
"2105423800","1964857063","0.0909091"
"1964857063","2118229812","1.37424"
"2118229812","1964857063","1.37424"
"1964857063","2140129471","0.215909"
"2140129471","1964857063","0.215909"
"1964857063","2149093850","2.99924"
"2149093850","1964857063","2.99924"
"2048779798","2105423800","0.757576"
"2105423800","2048779798","0.757576"
"2048779798","2118229812","0.0909091"
"2118229812","2048779798","0.0909091"
"2048779798","2149093850","0.215909"
"2149093850","2048779798","0.215909"
"2069980026","2105423800","0.0909091"
"2105423800","2069980026","0.0909091"
"2069980026","2118229812","0.0909091"
"2118229812","2069980026","0.0909091"
"2105423800","2118229812","0.0909091"
"2118229812","2105423800","0.0909091"
"2105423800","2140129471","0.757576"
"2140129471","2105423800","0.757576"
"2105423800","2149093850","0.0909091"
"2149093850","2105423800","0.0909091"
"2118229812","2140129471","0.0909091"
"2140129471","2118229812","0.0909091"
"2118229812","2149093850","1.37424"
"2149093850","2118229812","1.37424"
"2140129471","2149093850","0.215909"
"2149093850","2140129471","0.215909"
"148088014","2123297508","1"
"2123297508","148088014","1"
"2118229812","2123297508","0.5"
"2123297508","2118229812","0.5"
"148088014","1646696449","0.2"
"1646696449","148088014","0.2"
"148088014","2106990403","0.575"
"2106990403","148088014","0.575"
"148088014","2169982181","0.775"
"2169982181","148088014","0.775"
"1571053829","1646696449","0.2"
"1646696449","1571053829","0.2"
"1571053829","2106990403","0.908333"
"2106990403","1571053829","0.908333"
"1646696449","2106990403","2.36667"
"2106990403","1646696449","2.36667"
"1646696449","2149093850","0.2"
"2149093850","1646696449","0.2"
"1646696449","2169982181","0.2"
"2169982181","1646696449","0.2"
"2106990403","2149093850","0.908333"
"2149093850","2106990403","0.908333"
"2106990403","2169982181","0.908333"
"2169982181","2106990403","0.908333"
"148088014","2149304339","0.5"
"2149304339","148088014","0.5"
"2123297508","2149304339","0.5"
"2149304339","2123297508","0.5"
"1964857063","2169982181","0.658333"
"2169982181","1964857063","0.658333"
"2118229812","2169982181","0.533333"
"2169982181","2118229812","0.533333"
"148088014","1967765703","0.125"
"1967765703","148088014","0.125"
"1571053829","1967765703","0.125"
"1967765703","1571053829","0.125"
"1964857063","1967765703","0.125"
"1967765703","1964857063","0.125"
"1964857063","2106990403","0.125"
"2106990403","1964857063","0.125"
"1967765703","2048779798","0.125"
"2048779798","1967765703","0.125"
"1967765703","2106990403","0.125"
"2106990403","1967765703","0.125"
"1967765703","2140129471","0.125"
"2140129471","1967765703","0.125"
"1967765703","2149093850","0.125"
"2149093850","1967765703","0.125"
"1967765703","2169982181","0.125"
"2169982181","1967765703","0.125"
"2048779798","2106990403","0.125"
"2106990403","2048779798","0.125"
"2048779798","2169982181","0.125"
"2169982181","2048779798","0.125"
"2106990403","2140129471","0.125"
"2140129471","2106990403","0.125"
"2140129471","2169982181","0.125"
"2169982181","2140129471","0.125"
"1502916507","1949687736","1.53333"
"1949687736","1502916507","1.53333"
"1502916507","2100369465","0.2"
"2100369465","1502916507","0.2"
"1502916507","2123297508","0.2"
"2123297508","1502916507","0.2"
"1571053829","1949687736","0.2"
"1949687736","1571053829","0.2"
"1949687736","2100369465","2.7"
"2100369465","1949687736","2.7"
"1949687736","2123297508","18.2833"
"2123297508","1949687736","18.2833"
"1949687736","2149093850","0.2"
"2149093850","1949687736","0.2"
"1502916507","1933583770","0.25"
"1933583770","1502916507","0.25"
"1933583770","2048779798","0.666667"
"2048779798","1933583770","0.666667"
"1933583770","2105423800","0.666667"
"2105423800","1933583770","0.666667"
"1933583770","2140129471","0.666667"
"2140129471","1933583770","0.666667"
"1949687736","2048779798","0.333333"
"2048779798","1949687736","0.333333"
"1949687736","2140129471","0.666667"
"2140129471","1949687736","0.666667"
"1511277043","2037965136","1.61111"
"2037965136","1511277043","1.61111"
"1511277043","2048779798","0.277778"
"2048779798","1511277043","0.277778"
"1511277043","2126256482","1.77778"
"2126256482","1511277043","1.77778"
"2003262311","2037965136","0.166667"
"2037965136","2003262311","0.166667"
"2003262311","2048779798","1"
"2048779798","2003262311","1"
"2003262311","2126256482","1"
"2126256482","2003262311","1"
"2037965136","2210278139","1.61111"
"2210278139","2037965136","1.61111"
"2048779798","2210278139","0.277778"
"2210278139","2048779798","0.277778"
"2126256482","2210278139","0.777778"
"2210278139","2126256482","0.777778"
"1511277043","1961009203","0.111111"
"1961009203","1511277043","0.111111"
"1511277043","2091009885","0.111111"
"2091009885","1511277043","0.111111"
"1511277043","2140129471","0.111111"
"2140129471","1511277043","0.111111"
"1511277043","3022377781","0.111111"
"3022377781","1511277043","0.111111"
"1961009203","1962875200","0.111111"
"1962875200","1961009203","0.111111"
"1961009203","2037965136","0.111111"
"2037965136","1961009203","0.111111"
"1961009203","2048779798","0.611111"
"2048779798","1961009203","0.611111"
"1961009203","2091009885","0.111111"
"2091009885","1961009203","0.111111"
"1961009203","2126256482","0.111111"
"2126256482","1961009203","0.111111"
"1961009203","2140129471","0.111111"
"2140129471","1961009203","0.111111"
"1961009203","2210278139","0.111111"
"2210278139","1961009203","0.111111"
"1961009203","3022377781","10.6111"
"3022377781","1961009203","10.6111"
"1962875200","2091009885","0.111111"
"2091009885","1962875200","0.111111"
"1962875200","3022377781","0.111111"
"3022377781","1962875200","0.111111"
"2037965136","2091009885","0.111111"
"2091009885","2037965136","0.111111"
"2037965136","3022377781","0.111111"
"3022377781","2037965136","0.111111"
"2048779798","2091009885","0.111111"
"2091009885","2048779798","0.111111"
"2048779798","3022377781","0.611111"
"3022377781","2048779798","0.611111"
"2091009885","2126256482","0.444444"
"2126256482","2091009885","0.444444"
"2091009885","2140129471","0.111111"
"2140129471","2091009885","0.111111"
"2091009885","2210278139","0.111111"
"2210278139","2091009885","0.111111"
"2091009885","3022377781","0.111111"
"3022377781","2091009885","0.111111"
"2126256482","3022377781","0.111111"
"3022377781","2126256482","0.111111"
"2140129471","2210278139","0.111111"
"2210278139","2140129471","0.111111"
"2140129471","3022377781","0.111111"
"3022377781","2140129471","0.111111"
"2210278139","3022377781","0.111111"
"3022377781","2210278139","0.111111"
"1598687587","1653149942","3.5"
"1653149942","1598687587","3.5"
"1598687587","2105423800","1.16667"
"2105423800","1598687587","1.16667"
"1598687587","2129598390","3.75"
"2129598390","1598687587","3.75"
"1653149942","2105423800","2.16667"
"2105423800","1653149942","2.16667"
"1653149942","2129598390","4.5"
"2129598390","1653149942","4.5"
"2105423800","2129598390","4.66667"
"2129598390","2105423800","4.66667"
"1598687587","87639205","3.58333"
"87639205","1598687587","3.58333"
"1598687587","1949687736","0.25"
"1949687736","1598687587","0.25"
"1598687587","2123297508","0.25"
"2123297508","1598687587","0.25"
"1949687736","2129598390","0.25"
"2129598390","1949687736","0.25"
"1949687736","87639205","0.25"
"87639205","1949687736","0.25"
"2123297508","2129598390","0.25"
"2129598390","2123297508","0.25"
"2123297508","87639205","0.25"
"87639205","2123297508","0.25"
"2129598390","87639205","1.08333"
"87639205","2129598390","1.08333"
"1598687587","2003262311","0.5"
"2003262311","1598687587","0.5"
"2003262311","2129598390","0.5"
"2129598390","2003262311","0.5"
"1653149942","87639205","0.833333"
"87639205","1653149942","0.833333"
"1646696449","2124298185","5.16667"
"2124298185","1646696449","5.16667"
"2106990403","2124298185","5.66667"
"2124298185","2106990403","5.66667"
"1646696449","2123297508","1"
"2123297508","1646696449","1"
"1646696449","2126256482","1"
"2126256482","1646696449","1"
"1646696449","2101207848","1.66667"
"2101207848","1646696449","1.66667"
"2101207848","2106990403","2.16667"
"2106990403","2101207848","2.16667"
"2101207848","2124298185","6.16667"
"2124298185","2101207848","6.16667"
"1933583770","1962875200","0.416667"
"1962875200","1933583770","0.416667"
"1933583770","2148955694","3"
"2148955694","1933583770","3"
"1933583770","1967825155","0.166667"
"1967825155","1933583770","0.166667"
"1933583770","2003262311","0.166667"
"2003262311","1933583770","0.166667"
"1962875200","1967825155","0.166667"
"1967825155","1962875200","0.166667"
"1967825155","2003262311","0.166667"
"2003262311","1967825155","0.166667"
"1967825155","2048779798","0.166667"
"2048779798","1967825155","0.166667"
"1967825155","2105423800","0.166667"
"2105423800","1967825155","0.166667"
"1967825155","2140129471","0.166667"
"2140129471","1967825155","0.166667"
"2003262311","2105423800","0.166667"
"2105423800","2003262311","0.166667"
"2003262311","2140129471","0.833333"
"2140129471","2003262311","0.833333"
"1933583770","62273760","1"
"62273760","1933583770","1"
"2123297508","31687557","1"
"31687557","2123297508","1"
"1949687736","2124298185","1"
"2124298185","1949687736","1"
"1949687736","1962875200","0.333333"
"1962875200","1949687736","0.333333"
"1962875200","2123297508","0.333333"
"2123297508","1962875200","0.333333"
"2123297508","2140129471","0.333333"
"2140129471","2123297508","0.333333"
"1962875200","2112328768","0.333333"
"2112328768","1962875200","0.333333"
"2048779798","2112328768","0.333333"
"2112328768","2048779798","0.333333"
"2112328768","2140129471","0.333333"
"2140129471","2112328768","0.333333"
"1963737619","2037965136","1"
"2037965136","1963737619","1"
"1967765703","2063742835","1"
"2063742835","1967765703","1"
"1967765703","2069980026","0.5"
"2069980026","1967765703","0.5"
"1967765703","2123297508","0.5"
"2123297508","1967765703","0.5"
"1967765703","2100369465","1"
"2100369465","1967765703","1"
"1967825155","2154707336","1"
"2154707336","1967825155","1"
"1976827307","2063742835","4"
"2063742835","1976827307","4"
"2003262311","2091009885","0.333333"
"2091009885","2003262311","0.333333"
"2003262311","2108350934","0.833333"
"2108350934","2003262311","0.833333"
"2091009885","2108350934","3.33333"
"2108350934","2091009885","3.33333"
"2108350934","2126256482","1.83333"
"2126256482","2108350934","1.83333"
"2048779798","2100369465","1"
"2100369465","2048779798","1"
"2100369465","31687557","0.5"
"31687557","2100369465","0.5"
"2100369465","2112328768","1.5"
"2112328768","2100369465","1.5"
"2112328768","2123297508","0.5"
"2123297508","2112328768","0.5"
"2114423840","2115103164","4.5"
"2115103164","2114423840","4.5"
"2114423840","2148955694","3.5"
"2148955694","2114423840","3.5"
"2115103164","2148955694","3.5"
"2148955694","2115103164","3.5"
"2115103164","62273760","1"
"62273760","2115103164","1"
"2118229812","2126256482","1"
"2126256482","2118229812","1"
