"1498352890","2053352009","0.506624"
"2053352009","1498352890","0.506624"
"1498352890","2126834265","0.710184"
"2126834265","1498352890","0.710184"
"1498352890","2145962622","0.486216"
"2145962622","1498352890","0.486216"
"2053352009","2126834265","2.97676"
"2126834265","2053352009","2.97676"
"2053352009","2145962622","2.71397"
"2145962622","2053352009","2.71397"
"2126834265","2145962622","0.811905"
"2145962622","2126834265","0.811905"
"1498352890","1585800096","0.553542"
"1585800096","1498352890","0.553542"
"1498352890","2058928127","2.68407"
"2058928127","1498352890","2.68407"
"1498352890","2099287547","0.500911"
"2099287547","1498352890","0.500911"
"1498352890","2111923861","0.779733"
"2111923861","1498352890","0.779733"
"1585800096","2058928127","1.54403"
"2058928127","1585800096","1.54403"
"1585800096","2099287547","1.862"
"2099287547","1585800096","1.862"
"1585800096","2111923861","7.40987"
"2111923861","1585800096","7.40987"
"2058928127","2099287547","1.91561"
"2099287547","2058928127","1.91561"
"2058928127","2111923861","1.52022"
"2111923861","2058928127","1.52022"
"2099287547","2111923861","1.46914"
"2111923861","2099287547","1.46914"
"1498352890","1970066601","1.03501"
"1970066601","1498352890","1.03501"
"1498352890","1993970793","0.800991"
"1993970793","1498352890","0.800991"
"1498352890","2110723042","0.634325"
"2110723042","1498352890","0.634325"
"1498352890","2128343678","2.38782"
"2128343678","1498352890","2.38782"
"1498352890","2153772697","1.10074"
"2153772697","1498352890","1.10074"
"1970066601","1993970793","0.201681"
"1993970793","1970066601","0.201681"
"1970066601","2058928127","0.735014"
"2058928127","1970066601","0.735014"
"1970066601","2110723042","0.285014"
"2110723042","1970066601","0.285014"
"1970066601","2111923861","0.285014"
"2111923861","1970066601","0.285014"
"1970066601","2128343678","1.11835"
"2128343678","1970066601","1.11835"
"1970066601","2153772697","0.818347"
"2153772697","1970066601","0.818347"
"1993970793","2058928127","3.79161"
"2058928127","1993970793","3.79161"
"1993970793","2110723042","1.47718"
"2110723042","1993970793","1.47718"
"1993970793","2111923861","2.06686"
"2111923861","1993970793","2.06686"
"1993970793","2128343678","1.00074"
"2128343678","1993970793","1.00074"
"1993970793","2153772697","1.65431"
"2153772697","1993970793","1.65431"
"2058928127","2110723042","2.55117"
"2110723042","2058928127","2.55117"
"2058928127","2128343678","1.26478"
"2128343678","2058928127","1.26478"
"2058928127","2153772697","2.05431"
"2153772697","2058928127","2.05431"
"2110723042","2111923861","0.783567"
"2111923861","2110723042","0.783567"
"2110723042","2128343678","1.71741"
"2128343678","2110723042","1.71741"
"2110723042","2153772697","0.960265"
"2153772697","2110723042","0.960265"
"2111923861","2128343678","1.16282"
"2128343678","2111923861","1.16282"
"2111923861","2153772697","1.04598"
"2153772697","2111923861","1.04598"
"2128343678","2153772697","1.79811"
"2153772697","2128343678","1.79811"
"1498352890","1530885903","1.01188"
"1530885903","1498352890","1.01188"
"1498352890","1982475183","0.194788"
"1982475183","1498352890","0.194788"
"1498352890","2038280457","0.411625"
"2038280457","1498352890","0.411625"
"1498352890","2136230992","0.838836"
"2136230992","1498352890","0.838836"
"1498352890","2169381585","0.194788"
"2169381585","1498352890","0.194788"
"1530885903","1982475183","0.403122"
"1982475183","1530885903","0.403122"
"1530885903","1993970793","2.59623"
"1993970793","1530885903","2.59623"
"1530885903","2038280457","0.786625"
"2038280457","1530885903","0.786625"
"1530885903","2058928127","1.90312"
"2058928127","1530885903","1.90312"
"1530885903","2110723042","0.917658"
"2110723042","1530885903","0.917658"
"1530885903","2111923861","1.48211"
"2111923861","1530885903","1.48211"
"1530885903","2126834265","1.05542"
"2126834265","1530885903","1.05542"
"1530885903","2128343678","1.08663"
"2128343678","1530885903","1.08663"
"1530885903","2136230992","2.23407"
"2136230992","1530885903","2.23407"
"1530885903","2153772697","1.61265"
"2153772697","1530885903","1.61265"
"1530885903","2169381585","0.403122"
"2169381585","1530885903","0.403122"
"1982475183","1993970793","0.194788"
"1993970793","1982475183","0.194788"
"1982475183","2038280457","0.853122"
"2038280457","1982475183","0.853122"
"1982475183","2058928127","0.394788"
"2058928127","1982475183","0.394788"
"1982475183","2110723042","0.278122"
"2110723042","1982475183","0.278122"
"1982475183","2111923861","0.278122"
"2111923861","1982475183","0.278122"
"1982475183","2126834265","0.142157"
"2126834265","1982475183","0.142157"
"1982475183","2128343678","0.35049"
"2128343678","1982475183","0.35049"
"1982475183","2136230992","0.142157"
"2136230992","1982475183","0.142157"
"1982475183","2153772697","0.478122"
"2153772697","1982475183","0.478122"
"1982475183","2169381585","13.5793"
"2169381585","1982475183","13.5793"
"1993970793","2038280457","0.641217"
"2038280457","1993970793","0.641217"
"1993970793","2126834265","1.51279"
"2126834265","1993970793","1.51279"
"1993970793","2136230992","5.14638"
"2136230992","1993970793","5.14638"
"1993970793","2169381585","0.194788"
"2169381585","1993970793","0.194788"
"2038280457","2058928127","1.09122"
"2058928127","2038280457","1.09122"
"2038280457","2110723042","0.391217"
"2110723042","2038280457","0.391217"
"2038280457","2111923861","0.286625"
"2111923861","2038280457","0.286625"
"2038280457","2126834265","0.162565"
"2126834265","2038280457","0.162565"
"2038280457","2128343678","1.56733"
"2128343678","2038280457","1.56733"
"2038280457","2136230992","0.755252"
"2136230992","2038280457","0.755252"
"2038280457","2153772697","0.591217"
"2153772697","2038280457","0.591217"
"2038280457","2169381585","0.853122"
"2169381585","2038280457","0.853122"
"2058928127","2126834265","0.501681"
"2126834265","2058928127","0.501681"
"2058928127","2136230992","3.6866"
"2136230992","2058928127","3.6866"
"2058928127","2169381585","0.394788"
"2169381585","2058928127","0.394788"
"2110723042","2126834265","0.689776"
"2126834265","2110723042","0.689776"
"2110723042","2136230992","1.28169"
"2136230992","2110723042","1.28169"
"2110723042","2169381585","0.278122"
"2169381585","2110723042","0.278122"
"2111923861","2126834265","1.0713"
"2126834265","2111923861","1.0713"
"2111923861","2136230992","1.27455"
"2136230992","2111923861","1.27455"
"2111923861","2169381585","0.278122"
"2169381585","2111923861","0.278122"
"2126834265","2128343678","0.379232"
"2128343678","2126834265","0.379232"
"2126834265","2136230992","0.892157"
"2136230992","2126834265","0.892157"
"2126834265","2153772697","0.794538"
"2153772697","2126834265","0.794538"
"2126834265","2169381585","0.142157"
"2169381585","2126834265","0.142157"
"2128343678","2136230992","1.75788"
"2136230992","2128343678","1.75788"
"2128343678","2169381585","0.35049"
"2169381585","2128343678","0.35049"
"2136230992","2153772697","1.21597"
"2153772697","2136230992","1.21597"
"2136230992","2169381585","0.142157"
"2169381585","2136230992","0.142157"
"2153772697","2169381585","0.478122"
"2169381585","2153772697","0.478122"
"1498352890","1964872032","0.120408"
"1964872032","1498352890","0.120408"
"1498352890","1973644552","0.166667"
"1973644552","1498352890","0.166667"
"1498352890","1980015727","0.1"
"1980015727","1498352890","0.1"
"1498352890","1988019370","0.245898"
"1988019370","1498352890","0.245898"
"1498352890","2125571188","0.22549"
"2125571188","1498352890","0.22549"
"1498352890","2167381349","0.166667"
"2167381349","1498352890","0.166667"
"1498352890","2465098971","0.17304"
"2465098971","1498352890","0.17304"
"1498352890","2560766692","0.120408"
"2560766692","1498352890","0.120408"
"1498352890","2789057414","0.1"
"2789057414","1498352890","0.1"
"1964872032","1973644552","1.20958"
"1973644552","1964872032","1.20958"
"1964872032","1980015727","1.56434"
"1980015727","1964872032","1.56434"
"1964872032","1988019370","0.300964"
"1988019370","1964872032","0.300964"
"1964872032","2125571188","0.280556"
"2125571188","1964872032","0.280556"
"1964872032","2128343678","0.120408"
"2128343678","1964872032","0.120408"
"1964872032","2167381349","0.405556"
"2167381349","1964872032","0.405556"
"1964872032","2465098971","1.22999"
"2465098971","1964872032","1.22999"
"1964872032","2560766692","5.37776"
"2560766692","1964872032","5.37776"
"1964872032","2789057414","1.66374"
"2789057414","1964872032","1.66374"
"1973644552","1980015727","2.4461"
"1980015727","1973644552","2.4461"
"1973644552","1988019370","1.6516"
"1988019370","1973644552","1.6516"
"1973644552","2125571188","1.14015"
"2125571188","1973644552","1.14015"
"1973644552","2128343678","0.166667"
"2128343678","1973644552","0.166667"
"1973644552","2167381349","2.57468"
"2167381349","1973644552","2.57468"
"1973644552","2465098971","2.84215"
"2465098971","1973644552","2.84215"
"1973644552","2560766692","1.70958"
"2560766692","1973644552","1.70958"
"1973644552","2789057414","2.4139"
"2789057414","1973644552","2.4139"
"1980015727","1988019370","0.650408"
"1988019370","1980015727","0.650408"
"1980015727","2125571188","0.573485"
"2125571188","1980015727","0.573485"
"1980015727","2128343678","0.1"
"2128343678","1980015727","0.1"
"1980015727","2167381349","0.865152"
"2167381349","1980015727","0.865152"
"1980015727","2465098971","3.02473"
"2465098971","1980015727","3.02473"
"1980015727","2560766692","3.3199"
"2560766692","1980015727","3.3199"
"1980015727","2789057414","10.2967"
"2789057414","1980015727","10.2967"
"1988019370","2125571188","1.19898"
"2125571188","1988019370","1.19898"
"1988019370","2128343678","0.245898"
"2128343678","1988019370","0.245898"
"1988019370","2167381349","0.908009"
"2167381349","1988019370","0.908009"
"1988019370","2465098971","0.391873"
"2465098971","1988019370","0.391873"
"1988019370","2560766692","0.300964"
"2560766692","1988019370","0.300964"
"1988019370","2789057414","0.650408"
"2789057414","1988019370","0.650408"
"2125571188","2128343678","0.22549"
"2128343678","2125571188","0.22549"
"2125571188","2167381349","0.640152"
"2167381349","2125571188","0.640152"
"2125571188","2465098971","0.371465"
"2465098971","2125571188","0.371465"
"2125571188","2560766692","0.280556"
"2560766692","2125571188","0.280556"
"2125571188","2789057414","0.573485"
"2789057414","2125571188","0.573485"
"2128343678","2167381349","0.25"
"2167381349","2128343678","0.25"
"2128343678","2465098971","0.17304"
"2465098971","2128343678","0.17304"
"2128343678","2560766692","0.120408"
"2560766692","2128343678","0.120408"
"2128343678","2789057414","0.1"
"2789057414","2128343678","0.1"
"2167381349","2465098971","1.50404"
"2465098971","2167381349","1.50404"
"2167381349","2560766692","0.405556"
"2560766692","2167381349","0.405556"
"2167381349","2789057414","0.956061"
"2789057414","2167381349","0.956061"
"2465098971","2560766692","2.37999"
"2560766692","2465098971","2.37999"
"2465098971","2789057414","4.00314"
"2789057414","2465098971","4.00314"
"2560766692","2789057414","3.53597"
"2789057414","2560766692","3.53597"
"1530885903","1585800096","2.32497"
"1585800096","1530885903","2.32497"
"1530885903","1970066601","0.142157"
"1970066601","1530885903","0.142157"
"1530885903","1988019370","0.0792317"
"1988019370","1530885903","0.0792317"
"1530885903","2099287547","0.711625"
"2099287547","1530885903","0.711625"
"1530885903","2125571188","0.0588235"
"2125571188","1530885903","0.0588235"
"1585800096","1970066601","0.0588235"
"1970066601","1585800096","0.0588235"
"1585800096","1982475183","0.111455"
"1982475183","1585800096","0.111455"
"1585800096","1988019370","0.0792317"
"1988019370","1585800096","0.0792317"
"1585800096","1993970793","1.73909"
"1993970793","1585800096","1.73909"
"1585800096","2038280457","0.203292"
"2038280457","1585800096","0.203292"
"1585800096","2110723042","0.724043"
"2110723042","1585800096","0.724043"
"1585800096","2125571188","0.0588235"
"2125571188","1585800096","0.0588235"
"1585800096","2126834265","1.21971"
"2126834265","1585800096","1.21971"
"1585800096","2128343678","0.853292"
"2128343678","1585800096","0.853292"
"1585800096","2136230992","1.20074"
"2136230992","1585800096","1.20074"
"1585800096","2153772697","0.936455"
"2153772697","1585800096","0.936455"
"1585800096","2169381585","0.111455"
"2169381585","1585800096","0.111455"
"1970066601","1982475183","7.48501"
"1982475183","1970066601","7.48501"
"1970066601","1988019370","0.0588235"
"1988019370","1970066601","0.0588235"
"1970066601","2038280457","0.592157"
"2038280457","1970066601","0.592157"
"1970066601","2099287547","0.392157"
"2099287547","1970066601","0.392157"
"1970066601","2125571188","0.201681"
"2125571188","1970066601","0.201681"
"1970066601","2126834265","0.0588235"
"2126834265","1970066601","0.0588235"
"1970066601","2136230992","0.0588235"
"2136230992","1970066601","0.0588235"
"1970066601","2169381585","16.485"
"2169381585","1970066601","16.485"
"1982475183","1988019370","0.0588235"
"1988019370","1982475183","0.0588235"
"1982475183","2099287547","0.517157"
"2099287547","1982475183","0.517157"
"1982475183","2125571188","0.201681"
"2125571188","1982475183","0.201681"
"1988019370","1993970793","0.0588235"
"1993970793","1988019370","0.0588235"
"1988019370","2038280457","0.0792317"
"2038280457","1988019370","0.0792317"
"1988019370","2058928127","0.12549"
"2058928127","1988019370","0.12549"
"1988019370","2099287547","0.0792317"
"2099287547","1988019370","0.0792317"
"1988019370","2110723042","0.0588235"
"2110723042","1988019370","0.0588235"
"1988019370","2111923861","0.0792317"
"2111923861","1988019370","0.0792317"
"1988019370","2126834265","0.0792317"
"2126834265","1988019370","0.0792317"
"1988019370","2136230992","0.216399"
"2136230992","1988019370","0.216399"
"1988019370","2153772697","0.12549"
"2153772697","1988019370","0.12549"
"1988019370","2169381585","0.0588235"
"2169381585","1988019370","0.0588235"
"1993970793","2099287547","1.02614"
"2099287547","1993970793","1.02614"
"1993970793","2125571188","0.0588235"
"2125571188","1993970793","0.0588235"
"2038280457","2099287547","0.942327"
"2099287547","2038280457","0.942327"
"2038280457","2125571188","0.258824"
"2125571188","2038280457","0.258824"
"2058928127","2125571188","0.12549"
"2125571188","2058928127","0.12549"
"2099287547","2110723042","0.921412"
"2110723042","2099287547","0.921412"
"2099287547","2125571188","0.0588235"
"2125571188","2099287547","0.0588235"
"2099287547","2126834265","0.70066"
"2126834265","2099287547","0.70066"
"2099287547","2128343678","0.811625"
"2128343678","2099287547","0.811625"
"2099287547","2136230992","1.02614"
"2136230992","2099287547","1.02614"
"2099287547","2153772697","0.398109"
"2153772697","2099287547","0.398109"
"2099287547","2169381585","0.517157"
"2169381585","2099287547","0.517157"
"2110723042","2125571188","0.0588235"
"2125571188","2110723042","0.0588235"
"2111923861","2125571188","0.0588235"
"2125571188","2111923861","0.0588235"
"2125571188","2126834265","0.0588235"
"2126834265","2125571188","0.0588235"
"2125571188","2136230992","0.216399"
"2136230992","2125571188","0.216399"
"2125571188","2153772697","0.12549"
"2153772697","2125571188","0.12549"
"2125571188","2169381585","0.201681"
"2169381585","2125571188","0.201681"
"1498352890","1566283582","0.224311"
"1566283582","1498352890","0.224311"
"1498352890","1968451194","0.105263"
"1968451194","1498352890","0.105263"
"1498352890","1975475221","0.0730397"
"1975475221","1498352890","0.0730397"
"1498352890","1999597953","0.0526316"
"1999597953","1498352890","0.0526316"
"1498352890","2044626695","0.120659"
"2044626695","1498352890","0.120659"
"1498352890","2112558645","0.290977"
"2112558645","1498352890","0.290977"
"1498352890","2248392824","0.0526316"
"2248392824","1498352890","0.0526316"
"1498352890","2899180781","0.0526316"
"2899180781","1498352890","0.0526316"
"1530885903","1566283582","0.760025"
"1566283582","1530885903","0.760025"
"1530885903","1968451194","0.105263"
"1968451194","1530885903","0.105263"
"1530885903","1975475221","0.0730397"
"1975475221","1530885903","0.0730397"
"1530885903","1999597953","1.30263"
"1999597953","1530885903","1.30263"
"1530885903","2044626695","0.120659"
"2044626695","1530885903","0.120659"
"1530885903","2053352009","0.699481"
"2053352009","1530885903","0.699481"
"1530885903","2112558645","0.718358"
"2112558645","1530885903","0.718358"
"1530885903","2145962622","0.202882"
"2145962622","1530885903","0.202882"
"1530885903","2248392824","0.388346"
"2248392824","1530885903","0.388346"
"1530885903","2465098971","0.0730397"
"2465098971","1530885903","0.0730397"
"1530885903","2899180781","0.0526316"
"2899180781","1530885903","0.0526316"
"1566283582","1585800096","2.6104"
"1585800096","1566283582","2.6104"
"1566283582","1968451194","0.874708"
"1968451194","1566283582","0.874708"
"1566283582","1975475221","0.452632"
"1975475221","1566283582","0.452632"
"1566283582","1993970793","1.14733"
"1993970793","1566283582","1.14733"
"1566283582","1999597953","5.50578"
"1999597953","1566283582","5.50578"
"1566283582","2044626695","0.211362"
"2044626695","1566283582","0.211362"
"1566283582","2053352009","3.27111"
"2053352009","1566283582","3.27111"
"1566283582","2099287547","8.12721"
"2099287547","1566283582","8.12721"
"1566283582","2110723042","1.39141"
"2110723042","1566283582","1.39141"
"1566283582","2111923861","1.68421"
"2111923861","1566283582","1.68421"
"1566283582","2112558645","0.510025"
"2112558645","1566283582","0.510025"
"1566283582","2128343678","0.27406"
"2128343678","1566283582","0.27406"
"1566283582","2136230992","1.0947"
"2136230992","1566283582","1.0947"
"1566283582","2145962622","3.02111"
"2145962622","1566283582","3.02111"
"1566283582","2248392824","1.94622"
"2248392824","1566283582","1.94622"
"1566283582","2465098971","0.290727"
"2465098971","1566283582","0.290727"
"1566283582","2899180781","0.919298"
"2899180781","1566283582","0.919298"
"1585800096","1968451194","0.416374"
"1968451194","1585800096","0.416374"
"1585800096","1975475221","0.0730397"
"1975475221","1585800096","0.0730397"
"1585800096","1999597953","1.003"
"1999597953","1585800096","1.003"
"1585800096","2044626695","0.120659"
"2044626695","1585800096","0.120659"
"1585800096","2053352009","1.55938"
"2053352009","1585800096","1.55938"
"1585800096","2112558645","0.367168"
"2112558645","1585800096","0.367168"
"1585800096","2145962622","1.19611"
"2145962622","1585800096","1.19611"
"1585800096","2248392824","0.665269"
"2248392824","1585800096","0.665269"
"1585800096","2465098971","0.144468"
"2465098971","1585800096","0.144468"
"1585800096","2899180781","0.0526316"
"2899180781","1585800096","0.0526316"
"1968451194","1975475221","0.0526316"
"1975475221","1968451194","0.0526316"
"1968451194","1993970793","0.105263"
"1993970793","1968451194","0.105263"
"1968451194","1999597953","0.288743"
"1999597953","1968451194","0.288743"
"1968451194","2044626695","0.0526316"
"2044626695","1968451194","0.0526316"
"1968451194","2053352009","0.341374"
"2053352009","1968451194","0.341374"
"1968451194","2099287547","0.288743"
"2099287547","1968451194","0.288743"
"1968451194","2110723042","0.105263"
"2110723042","1968451194","0.105263"
"1968451194","2111923861","0.216374"
"2111923861","1968451194","0.216374"
"1968451194","2112558645","1.10526"
"2112558645","1968451194","1.10526"
"1968451194","2128343678","0.0526316"
"2128343678","1968451194","0.0526316"
"1968451194","2136230992","0.0526316"
"2136230992","1968451194","0.0526316"
"1968451194","2145962622","0.341374"
"2145962622","1968451194","0.341374"
"1968451194","2248392824","0.419298"
"2248392824","1968451194","0.419298"
"1968451194","2465098971","0.0526316"
"2465098971","1968451194","0.0526316"
"1968451194","2899180781","0.0526316"
"2899180781","1968451194","0.0526316"
"1975475221","1993970793","0.0526316"
"1993970793","1975475221","0.0526316"
"1975475221","1999597953","0.452632"
"1999597953","1975475221","0.452632"
"1975475221","2044626695","0.0730397"
"2044626695","1975475221","0.0730397"
"1975475221","2053352009","0.0730397"
"2053352009","1975475221","0.0730397"
"1975475221","2099287547","0.27304"
"2099287547","1975475221","0.27304"
"1975475221","2110723042","0.0526316"
"2110723042","1975475221","0.0526316"
"1975475221","2111923861","0.0730397"
"2111923861","1975475221","0.0730397"
"1975475221","2112558645","0.0526316"
"2112558645","1975475221","0.0526316"
"1975475221","2128343678","0.0730397"
"2128343678","1975475221","0.0730397"
"1975475221","2136230992","0.0526316"
"2136230992","1975475221","0.0526316"
"1975475221","2145962622","0.0526316"
"2145962622","1975475221","0.0526316"
"1975475221","2248392824","0.252632"
"2248392824","1975475221","0.252632"
"1975475221","2465098971","0.660792"
"2465098971","1975475221","0.660792"
"1975475221","2899180781","0.0526316"
"2899180781","1975475221","0.0526316"
"1993970793","1999597953","0.380409"
"1999597953","1993970793","0.380409"
"1993970793","2044626695","0.211362"
"2044626695","1993970793","0.211362"
"1993970793","2053352009","1.13304"
"2053352009","1993970793","1.13304"
"1993970793","2112558645","0.621136"
"2112558645","1993970793","0.621136"
"1993970793","2145962622","0.345739"
"2145962622","1993970793","0.345739"
"1993970793","2248392824","0.3566"
"2248392824","1993970793","0.3566"
"1993970793","2465098971","0.0526316"
"2465098971","1993970793","0.0526316"
"1993970793","2899180781","0.0526316"
"2899180781","1993970793","0.0526316"
"1999597953","2044626695","0.363743"
"2044626695","1999597953","0.363743"
"1999597953","2053352009","1.11134"
"2053352009","1999597953","1.11134"
"1999597953","2099287547","6.02245"
"2099287547","1999597953","6.02245"
"1999597953","2110723042","0.743541"
"2110723042","1999597953","0.743541"
"1999597953","2111923861","0.753003"
"2111923861","1999597953","0.753003"
"1999597953","2112558645","0.0526316"
"2112558645","1999597953","0.0526316"
"1999597953","2128343678","0.202632"
"2128343678","1999597953","0.202632"
"1999597953","2136230992","0.380409"
"2136230992","1999597953","0.380409"
"1999597953","2145962622","1.66134"
"2145962622","1999597953","1.66134"
"1999597953","2248392824","1.57955"
"2248392824","1999597953","1.57955"
"1999597953","2465098971","0.12406"
"2465098971","1999597953","0.12406"
"1999597953","2899180781","0.252632"
"2899180781","1999597953","0.252632"
"2044626695","2053352009","0.120659"
"2053352009","2044626695","0.120659"
"2044626695","2099287547","2.09844"
"2099287547","2044626695","2.09844"
"2044626695","2110723042","0.100251"
"2110723042","2044626695","0.100251"
"2044626695","2111923861","0.120659"
"2111923861","2044626695","0.120659"
"2044626695","2112558645","0.100251"
"2112558645","2044626695","0.100251"
"2044626695","2128343678","0.0730397"
"2128343678","2044626695","0.0730397"
"2044626695","2136230992","0.211362"
"2136230992","2044626695","0.211362"
"2044626695","2145962622","0.100251"
"2145962622","2044626695","0.100251"
"2044626695","2248392824","0.0526316"
"2248392824","2044626695","0.0526316"
"2044626695","2465098971","0.0730397"
"2465098971","2044626695","0.0730397"
"2044626695","2899180781","0.0526316"
"2899180781","2044626695","0.0526316"
"2053352009","2099287547","1.28889"
"2099287547","2053352009","1.28889"
"2053352009","2110723042","0.827125"
"2110723042","2053352009","0.827125"
"2053352009","2111923861","1.75382"
"2111923861","2053352009","1.75382"
"2053352009","2112558645","0.263993"
"2112558645","2053352009","0.263993"
"2053352009","2128343678","0.12304"
"2128343678","2053352009","0.12304"
"2053352009","2136230992","0.150251"
"2136230992","2053352009","0.150251"
"2053352009","2248392824","0.966856"
"2248392824","2053352009","0.966856"
"2053352009","2465098971","0.311135"
"2465098971","2053352009","0.311135"
"2053352009","2899180781","0.585965"
"2899180781","2053352009","0.585965"
"2099287547","2112558645","0.77287"
"2112558645","2099287547","0.77287"
"2099287547","2145962622","1.21848"
"2145962622","2099287547","1.21848"
"2099287547","2248392824","0.489078"
"2248392824","2099287547","0.489078"
"2099287547","2465098971","1.31113"
"2465098971","2099287547","1.31113"
"2099287547","2899180781","0.219298"
"2899180781","2099287547","0.219298"
"2110723042","2112558645","0.450501"
"2112558645","2110723042","0.450501"
"2110723042","2145962622","0.243791"
"2145962622","2110723042","0.243791"
"2110723042","2248392824","0.0526316"
"2248392824","2110723042","0.0526316"
"2110723042","2465098971","0.0526316"
"2465098971","2110723042","0.0526316"
"2110723042","2899180781","0.0526316"
"2899180781","2110723042","0.0526316"
"2111923861","2112558645","0.418755"
"2112558645","2111923861","0.418755"
"2111923861","2145962622","0.946111"
"2145962622","2111923861","0.946111"
"2111923861","2248392824","0.57638"
"2248392824","2111923861","0.57638"
"2111923861","2465098971","0.144468"
"2465098971","2111923861","0.144468"
"2111923861","2899180781","0.0526316"
"2899180781","2111923861","0.0526316"
"2112558645","2128343678","0.39906"
"2128343678","2112558645","0.39906"
"2112558645","2136230992","0.52406"
"2136230992","2112558645","0.52406"
"2112558645","2145962622","0.152882"
"2145962622","2112558645","0.152882"
"2112558645","2248392824","0.163743"
"2248392824","2112558645","0.163743"
"2112558645","2465098971","0.252632"
"2465098971","2112558645","0.252632"
"2112558645","2899180781","0.0526316"
"2899180781","2112558645","0.0526316"
"2128343678","2145962622","0.102632"
"2145962622","2128343678","0.102632"
"2128343678","2248392824","0.102632"
"2248392824","2128343678","0.102632"
"2128343678","2899180781","0.0526316"
"2899180781","2128343678","0.0526316"
"2136230992","2145962622","0.150251"
"2145962622","2136230992","0.150251"
"2136230992","2248392824","0.102632"
"2248392824","2136230992","0.102632"
"2136230992","2465098971","0.143541"
"2465098971","2136230992","0.143541"
"2136230992","2899180781","0.0526316"
"2899180781","2136230992","0.0526316"
"2145962622","2248392824","0.346221"
"2248392824","2145962622","0.346221"
"2145962622","2465098971","0.12406"
"2465098971","2145962622","0.12406"
"2145962622","2899180781","0.219298"
"2899180781","2145962622","0.219298"
"2248392824","2465098971","1.2193"
"2465098971","2248392824","1.2193"
"2248392824","2899180781","2.25263"
"2899180781","2248392824","2.25263"
"2465098971","2899180781","0.719298"
"2899180781","2465098971","0.719298"
"1498352890","2084503069","0.0870748"
"2084503069","1498352890","0.0870748"
"1498352890","2113548992","0.134694"
"2113548992","1498352890","0.134694"
"1498352890","2115105080","0.0666667"
"2115105080","1498352890","0.0666667"
"1498352890","2117227762","0.166917"
"2117227762","1498352890","0.166917"
"1498352890","2147699889","0.0666667"
"2147699889","1498352890","0.0666667"
"1498352890","66783427","0.0870748"
"66783427","1498352890","0.0870748"
"1973644552","2058928127","0.0666667"
"2058928127","1973644552","0.0666667"
"1973644552","2084503069","2.97205"
"2084503069","1973644552","2.97205"
"1973644552","2112558645","0.0666667"
"2112558645","1973644552","0.0666667"
"1973644552","2113548992","0.157576"
"2113548992","1973644552","0.157576"
"1973644552","2115105080","0.449145"
"2115105080","1973644552","0.449145"
"1973644552","2117227762","0.0666667"
"2117227762","1973644552","0.0666667"
"1973644552","2136230992","0.157576"
"2136230992","1973644552","0.157576"
"1973644552","2147699889","3.90776"
"2147699889","1973644552","3.90776"
"1973644552","2153772697","0.0666667"
"2153772697","1973644552","0.0666667"
"1973644552","66783427","3.25777"
"66783427","1973644552","3.25777"
"1988019370","2084503069","0.947007"
"2084503069","1988019370","0.947007"
"1988019370","2112558645","0.0666667"
"2112558645","1988019370","0.0666667"
"1988019370","2113548992","0.177984"
"2113548992","1988019370","0.177984"
"1988019370","2115105080","0.199145"
"2115105080","1988019370","0.199145"
"1988019370","2117227762","0.0666667"
"2117227762","1988019370","0.0666667"
"1988019370","2147699889","0.683009"
"2147699889","1988019370","0.683009"
"1988019370","66783427","0.947007"
"66783427","1988019370","0.947007"
"2058928127","2084503069","0.0666667"
"2084503069","2058928127","0.0666667"
"2058928127","2112558645","0.666917"
"2112558645","2058928127","0.666917"
"2058928127","2113548992","1.76869"
"2113548992","2058928127","1.76869"
"2058928127","2115105080","0.0666667"
"2115105080","2058928127","0.0666667"
"2058928127","2117227762","1.52965"
"2117227762","2058928127","1.52965"
"2058928127","2147699889","0.0666667"
"2147699889","2058928127","0.0666667"
"2058928127","2167381349","0.0666667"
"2167381349","2058928127","0.0666667"
"2058928127","66783427","0.0666667"
"66783427","2058928127","0.0666667"
"2084503069","2112558645","0.233333"
"2112558645","2084503069","0.233333"
"2084503069","2113548992","0.177984"
"2113548992","2084503069","0.177984"
"2084503069","2115105080","0.290054"
"2115105080","2084503069","0.290054"
"2084503069","2117227762","0.0666667"
"2117227762","2084503069","0.0666667"
"2084503069","2125571188","0.415152"
"2125571188","2084503069","0.415152"
"2084503069","2128343678","0.0870748"
"2128343678","2084503069","0.0870748"
"2084503069","2136230992","0.157576"
"2136230992","2084503069","0.157576"
"2084503069","2147699889","3.30725"
"2147699889","2084503069","3.30725"
"2084503069","2153772697","0.0666667"
"2153772697","2084503069","0.0666667"
"2084503069","2167381349","2.81558"
"2167381349","2084503069","2.81558"
"2084503069","66783427","10.571"
"66783427","2084503069","10.571"
"2112558645","2113548992","0.114286"
"2113548992","2112558645","0.114286"
"2112558645","2115105080","0.177778"
"2115105080","2112558645","0.177778"
"2112558645","2117227762","0.611362"
"2117227762","2112558645","0.611362"
"2112558645","2125571188","0.266667"
"2125571188","2112558645","0.266667"
"2112558645","2147699889","0.275"
"2147699889","2112558645","0.275"
"2112558645","2153772697","0.416917"
"2153772697","2112558645","0.416917"
"2112558645","2167381349","0.15"
"2167381349","2112558645","0.15"
"2112558645","66783427","0.233333"
"66783427","2112558645","0.233333"
"2113548992","2115105080","0.0666667"
"2115105080","2113548992","0.0666667"
"2113548992","2117227762","3.01744"
"2117227762","2113548992","3.01744"
"2113548992","2125571188","0.157576"
"2125571188","2113548992","0.157576"
"2113548992","2128343678","0.137075"
"2128343678","2113548992","0.137075"
"2113548992","2136230992","0.600397"
"2136230992","2113548992","0.600397"
"2113548992","2147699889","0.157576"
"2147699889","2113548992","0.157576"
"2113548992","2153772697","0.191667"
"2153772697","2113548992","0.191667"
"2113548992","2167381349","0.157576"
"2167381349","2113548992","0.157576"
"2113548992","66783427","0.177984"
"66783427","2113548992","0.177984"
"2115105080","2117227762","0.177778"
"2117227762","2115105080","0.177778"
"2115105080","2125571188","0.122222"
"2125571188","2115105080","0.122222"
"2115105080","2128343678","0.0666667"
"2128343678","2115105080","0.0666667"
"2115105080","2136230992","0.0666667"
"2136230992","2115105080","0.0666667"
"2115105080","2147699889","0.713131"
"2147699889","2115105080","0.713131"
"2115105080","2153772697","0.0666667"
"2153772697","2115105080","0.0666667"
"2115105080","2167381349","0.713131"
"2167381349","2115105080","0.713131"
"2115105080","66783427","0.290054"
"66783427","2115105080","0.290054"
"2117227762","2125571188","0.0666667"
"2125571188","2117227762","0.0666667"
"2117227762","2128343678","0.116667"
"2128343678","2117227762","0.116667"
"2117227762","2136230992","0.600397"
"2136230992","2117227762","0.600397"
"2117227762","2147699889","0.0666667"
"2147699889","2117227762","0.0666667"
"2117227762","2153772697","0.244298"
"2153772697","2117227762","0.244298"
"2117227762","2167381349","0.0666667"
"2167381349","2117227762","0.0666667"
"2117227762","66783427","0.0666667"
"66783427","2117227762","0.0666667"
"2125571188","2147699889","0.415152"
"2147699889","2125571188","0.415152"
"2125571188","66783427","0.415152"
"66783427","2125571188","0.415152"
"2128343678","2147699889","0.275"
"2147699889","2128343678","0.275"
"2128343678","66783427","0.0870748"
"66783427","2128343678","0.0870748"
"2136230992","2147699889","0.157576"
"2147699889","2136230992","0.157576"
"2136230992","2167381349","0.157576"
"2167381349","2136230992","0.157576"
"2136230992","66783427","0.157576"
"66783427","2136230992","0.157576"
"2147699889","2153772697","0.15"
"2153772697","2147699889","0.15"
"2147699889","2167381349","25.9739"
"2167381349","2147699889","25.9739"
"2147699889","66783427","4.84058"
"66783427","2147699889","4.84058"
"2153772697","2167381349","0.15"
"2167381349","2153772697","0.15"
"2153772697","66783427","0.0666667"
"66783427","2153772697","0.0666667"
"2167381349","66783427","3.34892"
"66783427","2167381349","3.34892"
"1498352890","2099705801","0.171679"
"2099705801","1498352890","0.171679"
"1498352890","2123916114","0.0526316"
"2123916114","1498352890","0.0526316"
"1498352890","2151489688","0.100251"
"2151489688","1498352890","0.100251"
"1530885903","2099705801","0.171679"
"2099705801","1530885903","0.171679"
"1530885903","2117227762","0.150251"
"2117227762","1530885903","0.150251"
"1530885903","2123916114","0.0526316"
"2123916114","1530885903","0.0526316"
"1530885903","2151489688","0.150251"
"2151489688","1530885903","0.150251"
"1566283582","1982475183","0.0526316"
"1982475183","1566283582","0.0526316"
"1566283582","2038280457","0.12406"
"2038280457","1566283582","0.12406"
"1566283582","2058928127","1.95346"
"2058928127","1566283582","1.95346"
"1566283582","2099705801","0.948699"
"2099705801","1566283582","0.948699"
"1566283582","2117227762","0.811734"
"2117227762","1566283582","0.811734"
"1566283582","2123916114","0.362155"
"2123916114","1566283582","0.362155"
"1566283582","2151489688","4.10813"
"2151489688","1566283582","4.10813"
"1566283582","2153772697","0.266917"
"2153772697","1566283582","0.266917"
"1566283582","2169381585","0.0526316"
"2169381585","1566283582","0.0526316"
"1585800096","2099705801","0.262588"
"2099705801","1585800096","0.262588"
"1585800096","2117227762","0.625622"
"2117227762","1585800096","0.625622"
"1585800096","2123916114","0.362155"
"2123916114","1585800096","0.362155"
"1585800096","2151489688","1.04146"
"2151489688","1585800096","1.04146"
"1968451194","1982475183","0.0526316"
"1982475183","1968451194","0.0526316"
"1968451194","2038280457","0.219298"
"2038280457","1968451194","0.219298"
"1968451194","2058928127","0.177632"
"2058928127","1968451194","0.177632"
"1968451194","2099705801","0.177632"
"2099705801","1968451194","0.177632"
"1968451194","2117227762","0.163743"
"2117227762","1968451194","0.163743"
"1968451194","2123916114","0.0526316"
"2123916114","1968451194","0.0526316"
"1968451194","2151489688","0.252632"
"2151489688","1968451194","0.252632"
"1968451194","2153772697","0.0526316"
"2153772697","1968451194","0.0526316"
"1968451194","2169381585","0.0526316"
"2169381585","1968451194","0.0526316"
"1982475183","2053352009","0.0526316"
"2053352009","1982475183","0.0526316"
"1982475183","2099705801","0.0526316"
"2099705801","1982475183","0.0526316"
"1982475183","2112558645","0.260965"
"2112558645","1982475183","0.260965"
"1982475183","2117227762","0.0526316"
"2117227762","1982475183","0.0526316"
"1982475183","2123916114","0.195489"
"2123916114","1982475183","0.195489"
"1982475183","2145962622","0.0526316"
"2145962622","1982475183","0.0526316"
"1982475183","2151489688","0.0526316"
"2151489688","1982475183","0.0526316"
"1993970793","2099705801","0.28279"
"2099705801","1993970793","0.28279"
"1993970793","2117227762","0.697473"
"2117227762","1993970793","0.697473"
"1993970793","2123916114","0.362155"
"2123916114","1993970793","0.362155"
"1993970793","2151489688","0.604219"
"2151489688","1993970793","0.604219"
"2038280457","2053352009","0.0730397"
"2053352009","2038280457","0.0730397"
"2038280457","2099705801","0.12406"
"2099705801","2038280457","0.12406"
"2038280457","2112558645","1.14906"
"2112558645","2038280457","1.14906"
"2038280457","2117227762","0.0526316"
"2117227762","2038280457","0.0526316"
"2038280457","2123916114","0.419298"
"2123916114","2038280457","0.419298"
"2038280457","2145962622","0.0526316"
"2145962622","2038280457","0.0526316"
"2038280457","2151489688","0.0526316"
"2151489688","2038280457","0.0526316"
"2053352009","2058928127","0.711398"
"2058928127","2053352009","0.711398"
"2053352009","2099705801","0.31616"
"2099705801","2053352009","0.31616"
"2053352009","2117227762","0.611734"
"2117227762","2053352009","0.611734"
"2053352009","2123916114","0.0526316"
"2123916114","2053352009","0.0526316"
"2053352009","2151489688","2.76209"
"2151489688","2053352009","2.76209"
"2053352009","2153772697","0.195489"
"2153772697","2053352009","0.195489"
"2053352009","2169381585","0.0526316"
"2169381585","2053352009","0.0526316"
"2058928127","2099705801","0.45108"
"2099705801","2058928127","0.45108"
"2058928127","2123916114","0.362155"
"2123916114","2058928127","0.362155"
"2058928127","2145962622","0.318541"
"2145962622","2058928127","0.318541"
"2058928127","2151489688","0.102632"
"2151489688","2058928127","0.102632"
"2099705801","2110723042","0.262588"
"2110723042","2099705801","0.262588"
"2099705801","2111923861","0.262588"
"2111923861","2099705801","0.262588"
"2099705801","2112558645","0.171679"
"2112558645","2099705801","0.171679"
"2099705801","2117227762","0.502271"
"2117227762","2099705801","0.502271"
"2099705801","2123916114","0.0526316"
"2123916114","2099705801","0.0526316"
"2099705801","2145962622","0.31616"
"2145962622","2099705801","0.31616"
"2099705801","2151489688","0.300251"
"2151489688","2099705801","0.300251"
"2099705801","2153772697","0.12406"
"2153772697","2099705801","0.12406"
"2099705801","2169381585","0.0526316"
"2169381585","2099705801","0.0526316"
"2110723042","2117227762","0.19116"
"2117227762","2110723042","0.19116"
"2110723042","2123916114","0.0526316"
"2123916114","2110723042","0.0526316"
"2110723042","2151489688","0.100251"
"2151489688","2110723042","0.100251"
"2111923861","2117227762","0.736734"
"2117227762","2111923861","0.736734"
"2111923861","2123916114","0.695489"
"2123916114","2111923861","0.695489"
"2111923861","2151489688","0.952571"
"2151489688","2111923861","0.952571"
"2112558645","2123916114","0.252632"
"2123916114","2112558645","0.252632"
"2112558645","2151489688","0.211362"
"2151489688","2112558645","0.211362"
"2112558645","2169381585","0.260965"
"2169381585","2112558645","0.260965"
"2117227762","2123916114","0.0526316"
"2123916114","2117227762","0.0526316"
"2117227762","2145962622","0.700622"
"2145962622","2117227762","0.700622"
"2117227762","2151489688","0.609713"
"2151489688","2117227762","0.609713"
"2117227762","2169381585","0.0526316"
"2169381585","2117227762","0.0526316"
"2123916114","2145962622","0.0526316"
"2145962622","2123916114","0.0526316"
"2123916114","2151489688","0.0526316"
"2151489688","2123916114","0.0526316"
"2123916114","2153772697","0.0526316"
"2153772697","2123916114","0.0526316"
"2123916114","2169381585","1.19549"
"2169381585","2123916114","1.19549"
"2145962622","2151489688","1.45098"
"2151489688","2145962622","1.45098"
"2145962622","2153772697","0.0526316"
"2153772697","2145962622","0.0526316"
"2145962622","2169381585","0.0526316"
"2169381585","2145962622","0.0526316"
"2151489688","2153772697","0.0526316"
"2153772697","2151489688","0.0526316"
"2151489688","2169381585","0.0526316"
"2169381585","2151489688","0.0526316"
"1498352890","1659144702","0.0204082"
"1659144702","1498352890","0.0204082"
"1498352890","1978365593","0.0204082"
"1978365593","1498352890","0.0204082"
"1498352890","1987843766","0.0204082"
"1987843766","1498352890","0.0204082"
"1498352890","1989049987","0.0204082"
"1989049987","1498352890","0.0204082"
"1498352890","2024904693","0.0204082"
"2024904693","1498352890","0.0204082"
"1498352890","2030503727","0.0204082"
"2030503727","1498352890","0.0204082"
"1498352890","2038917214","0.0204082"
"2038917214","1498352890","0.0204082"
"1498352890","2047950174","0.0204082"
"2047950174","1498352890","0.0204082"
"1498352890","2065935256","0.0204082"
"2065935256","1498352890","0.0204082"
"1498352890","2075780741","0.0204082"
"2075780741","1498352890","0.0204082"
"1498352890","2075924051","0.0204082"
"2075924051","1498352890","0.0204082"
