"1493535723","2055158566","1.02778"
"2055158566","1493535723","1.02778"
"1493535723","2079075606","1.27778"
"2079075606","1493535723","1.27778"
"1493535723","2094984792","0.361111"
"2094984792","1493535723","0.361111"
"1493535723","284798860","1.16667"
"284798860","1493535723","1.16667"
"2055158566","2079075606","2.81111"
"2079075606","2055158566","2.81111"
"2055158566","2094984792","1.56111"
"2094984792","2055158566","1.56111"
"2055158566","284798860","1.75"
"284798860","2055158566","1.75"
"2079075606","2094984792","1.81111"
"2094984792","2079075606","1.81111"
"2079075606","284798860","18.6667"
"284798860","2079075606","18.6667"
"2094984792","284798860","1.5"
"284798860","2094984792","1.5"
"1493535723","2023217766","0.25"
"2023217766","1493535723","0.25"
"1493535723","2024277150","0.25"
"2024277150","1493535723","0.25"
"2023217766","2024277150","3.5"
"2024277150","2023217766","3.5"
"2023217766","2079075606","0.5"
"2079075606","2023217766","0.5"
"2023217766","284798860","0.5"
"284798860","2023217766","0.5"
"2024277150","2079075606","0.25"
"2079075606","2024277150","0.25"
"2024277150","284798860","0.25"
"284798860","2024277150","0.25"
"1493535723","1970173714","0.25"
"1970173714","1493535723","0.25"
"1493535723","2098294664","0.25"
"2098294664","1493535723","0.25"
"1493535723","2154438473","0.25"
"2154438473","1493535723","0.25"
"1493535723","2157485377","0.25"
"2157485377","1493535723","0.25"
"1970173714","2098294664","1.69286"
"2098294664","1970173714","1.69286"
"1970173714","2154438473","2.80397"
"2154438473","1970173714","2.80397"
"1970173714","2157485377","2.8873"
"2157485377","1970173714","2.8873"
"2098294664","2154438473","0.961111"
"2154438473","2098294664","0.961111"
"2098294664","2157485377","1.71111"
"2157485377","2098294664","1.71111"
"2154438473","2157485377","4.98175"
"2157485377","2154438473","4.98175"
"1493535723","1987831316","0.111111"
"1987831316","1493535723","0.111111"
"1493535723","2093245971","0.111111"
"2093245971","1493535723","0.111111"
"1493535723","2122874169","0.111111"
"2122874169","1493535723","0.111111"
"1493535723","2138956160","0.444444"
"2138956160","1493535723","0.444444"
"1493535723","2428526439","0.111111"
"2428526439","1493535723","0.111111"
"1493535723","2748075772","0.111111"
"2748075772","1493535723","0.111111"
"1987831316","2055158566","0.111111"
"2055158566","1987831316","0.111111"
"1987831316","2079075606","0.777778"
"2079075606","1987831316","0.777778"
"1987831316","2093245971","0.111111"
"2093245971","1987831316","0.111111"
"1987831316","2094984792","0.611111"
"2094984792","1987831316","0.611111"
"1987831316","2122874169","0.111111"
"2122874169","1987831316","0.111111"
"1987831316","2138956160","0.111111"
"2138956160","1987831316","0.111111"
"1987831316","2428526439","0.111111"
"2428526439","1987831316","0.111111"
"1987831316","2748075772","0.611111"
"2748075772","1987831316","0.611111"
"2055158566","2093245971","1.14444"
"2093245971","2055158566","1.14444"
"2055158566","2122874169","0.361111"
"2122874169","2055158566","0.361111"
"2055158566","2138956160","2.97778"
"2138956160","2055158566","2.97778"
"2055158566","2428526439","8.64444"
"2428526439","2055158566","8.64444"
"2055158566","2748075772","0.444444"
"2748075772","2055158566","0.444444"
"2079075606","2093245971","4.64444"
"2093245971","2079075606","4.64444"
"2079075606","2122874169","0.111111"
"2122874169","2079075606","0.111111"
"2079075606","2138956160","1.06111"
"2138956160","2079075606","1.06111"
"2079075606","2428526439","1.56111"
"2428526439","2079075606","1.56111"
"2079075606","2748075772","0.111111"
"2748075772","2079075606","0.111111"
"2093245971","2094984792","0.311111"
"2094984792","2093245971","0.311111"
"2093245971","2122874169","0.361111"
"2122874169","2093245971","0.361111"
"2093245971","2138956160","3.06111"
"2138956160","2093245971","3.06111"
"2093245971","2428526439","0.561111"
"2428526439","2093245971","0.561111"
"2093245971","2748075772","0.111111"
"2748075772","2093245971","0.111111"
"2094984792","2122874169","0.111111"
"2122874169","2094984792","0.111111"
"2094984792","2138956160","0.311111"
"2138956160","2094984792","0.311111"
"2094984792","2428526439","1.56111"
"2428526439","2094984792","1.56111"
"2094984792","2748075772","2.61111"
"2748075772","2094984792","2.61111"
"2122874169","2138956160","0.111111"
"2138956160","2122874169","0.111111"
"2122874169","2428526439","0.111111"
"2428526439","2122874169","0.111111"
"2122874169","2748075772","0.111111"
"2748075772","2122874169","0.111111"
"2138956160","2428526439","0.311111"
"2428526439","2138956160","0.311111"
"2138956160","2748075772","1.11111"
"2748075772","2138956160","1.11111"
"2428526439","2748075772","0.444444"
"2748075772","2428526439","0.444444"
"1493535723","1898200041","0.333333"
"1898200041","1493535723","0.333333"
"1493535723","2161722485","0.333333"
"2161722485","1493535723","0.333333"
"1898200041","2138956160","0.333333"
"2138956160","1898200041","0.333333"
"1898200041","2161722485","3.58333"
"2161722485","1898200041","3.58333"
"2138956160","2161722485","1.53333"
"2161722485","2138956160","1.53333"
"1511363262","1601635497","1.92619"
"1601635497","1511363262","1.92619"
"1511363262","2023624732","8.59286"
"2023624732","1511363262","8.59286"
"1601635497","2023624732","9.16746"
"2023624732","1601635497","9.16746"
"1511363262","2171547693","0.583333"
"2171547693","1511363262","0.583333"
"1601635497","2171547693","17.9246"
"2171547693","1601635497","17.9246"
"2023624732","2171547693","1.34127"
"2171547693","2023624732","1.34127"
"1511363262","2044815816","1.45"
"2044815816","1511363262","1.45"
"2023624732","2044815816","4.00556"
"2044815816","2023624732","4.00556"
"1511363262","2138956160","0.2"
"2138956160","1511363262","0.2"
"1511363262","2161722485","0.45"
"2161722485","1511363262","0.45"
"1601635497","2044815816","2.12222"
"2044815816","1601635497","2.12222"
"1601635497","2138956160","0.2"
"2138956160","1601635497","0.2"
"1601635497","2161722485","0.45"
"2161722485","1601635497","0.45"
"2023624732","2138956160","0.2"
"2138956160","2023624732","0.2"
"2023624732","2161722485","0.7"
"2161722485","2023624732","0.7"
"2044815816","2138956160","0.2"
"2138956160","2044815816","0.2"
"2044815816","2161722485","1.7"
"2161722485","2044815816","1.7"
"1511363262","2562782","0.809524"
"2562782","1511363262","0.809524"
"2023624732","2562782","3.96746"
"2562782","2023624732","3.96746"
"1511363262","2098294664","0.309524"
"2098294664","1511363262","0.309524"
"1511363262","2107506388","0.392857"
"2107506388","1511363262","0.392857"
"1511363262","2128894810","0.142857"
"2128894810","1511363262","0.142857"
"1511363262","2138745652","0.142857"
"2138745652","1511363262","0.142857"
"1601635497","2098294664","1.69683"
"2098294664","1601635497","1.69683"
"1601635497","2107506388","2.15794"
"2107506388","1601635497","2.15794"
"1601635497","2128894810","3.63413"
"2128894810","1601635497","3.63413"
"1601635497","2138745652","0.142857"
"2138745652","1601635497","0.142857"
"1601635497","2562782","2.86746"
"2562782","1601635497","2.86746"
"2023624732","2098294664","5.74683"
"2098294664","2023624732","5.74683"
"2023624732","2107506388","3.5746"
"2107506388","2023624732","3.5746"
"2023624732","2128894810","5.93413"
"2128894810","2023624732","5.93413"
"2023624732","2138745652","0.142857"
"2138745652","2023624732","0.142857"
"2098294664","2107506388","1.78016"
"2107506388","2098294664","1.78016"
"2098294664","2128894810","2.44683"
"2128894810","2098294664","2.44683"
"2098294664","2138745652","0.142857"
"2138745652","2098294664","0.142857"
"2098294664","2562782","1.86349"
"2562782","2098294664","1.86349"
"2107506388","2128894810","2.95794"
"2128894810","2107506388","2.95794"
"2107506388","2138745652","0.142857"
"2138745652","2107506388","0.142857"
"2107506388","2562782","2.65794"
"2562782","2107506388","2.65794"
"2128894810","2138745652","0.142857"
"2138745652","2128894810","0.142857"
"2128894810","2562782","2.80079"
"2562782","2128894810","2.80079"
"2138745652","2562782","0.142857"
"2562782","2138745652","0.142857"
"1511363262","2154438473","0.25"
"2154438473","1511363262","0.25"
"1601635497","2154438473","2.03175"
"2154438473","1601635497","2.03175"
"2044815816","2154438473","0.922222"
"2154438473","2044815816","0.922222"
"2044815816","2171547693","0.805556"
"2171547693","2044815816","0.805556"
"2154438473","2171547693","0.715079"
"2171547693","2154438473","0.715079"
"1511363262","1989234058","0.166667"
"1989234058","1511363262","0.166667"
"1511363262","2094984792","0.166667"
"2094984792","1511363262","0.166667"
"1511363262","2118395326","0.166667"
"2118395326","1511363262","0.166667"
"1989234058","2023624732","0.166667"
"2023624732","1989234058","0.166667"
"1989234058","2094984792","0.166667"
"2094984792","1989234058","0.166667"
"1989234058","2098294664","0.166667"
"2098294664","1989234058","0.166667"
"1989234058","2118395326","4.41667"
"2118395326","1989234058","4.41667"
"1989234058","2562782","0.166667"
"2562782","1989234058","0.166667"
"2023624732","2094984792","0.166667"
"2094984792","2023624732","0.166667"
"2023624732","2118395326","0.166667"
"2118395326","2023624732","0.166667"
"2094984792","2098294664","0.166667"
"2098294664","2094984792","0.166667"
"2094984792","2118395326","0.166667"
"2118395326","2094984792","0.166667"
"2094984792","2562782","0.166667"
"2562782","2094984792","0.166667"
"2098294664","2118395326","0.166667"
"2118395326","2098294664","0.166667"
"2118395326","2562782","0.166667"
"2562782","2118395326","0.166667"
"1511363262","1523288292","0.25"
"1523288292","1511363262","0.25"
"1523288292","2023624732","1.93333"
"2023624732","1523288292","1.93333"
"1523288292","2107506388","0.933333"
"2107506388","1523288292","0.933333"
"1523288292","2161722485","0.25"
"2161722485","1523288292","0.25"
"2107506388","2161722485","0.25"
"2161722485","2107506388","0.25"
"1523288292","2098294664","1.68333"
"2098294664","1523288292","1.68333"
"1523288292","2562782","0.35"
"2562782","1523288292","0.35"
"1523288292","1601635497","0.1"
"1601635497","1523288292","0.1"
"1523288292","1970173714","0.1"
"1970173714","1523288292","0.1"
"1523288292","2128894810","0.1"
"2128894810","1523288292","0.1"
"1523288292","2154438473","0.1"
"2154438473","1523288292","0.1"
"1523288292","2157485377","0.1"
"2157485377","1523288292","0.1"
"1523288292","2171547693","0.1"
"2171547693","1523288292","0.1"
"1601635497","1970173714","1.98016"
"1970173714","1601635497","1.98016"
"1601635497","2157485377","3.59841"
"2157485377","1601635497","3.59841"
"1970173714","2023624732","1.89683"
"2023624732","1970173714","1.89683"
"1970173714","2107506388","0.953968"
"2107506388","1970173714","0.953968"
"1970173714","2128894810","1.09683"
"2128894810","1970173714","1.09683"
"1970173714","2171547693","0.496825"
"2171547693","1970173714","0.496825"
"1970173714","2562782","1.14683"
"2562782","1970173714","1.14683"
"2023624732","2154438473","2.78175"
"2154438473","2023624732","2.78175"
"2023624732","2157485377","5.51508"
"2157485377","2023624732","5.51508"
"2098294664","2171547693","0.353968"
"2171547693","2098294664","0.353968"
"2107506388","2154438473","0.888889"
"2154438473","2107506388","0.888889"
"2107506388","2157485377","2.42222"
"2157485377","2107506388","2.42222"
"2107506388","2171547693","0.665079"
"2171547693","2107506388","0.665079"
"2128894810","2154438473","1.28175"
"2154438473","2128894810","1.28175"
"2128894810","2157485377","1.98175"
"2157485377","2128894810","1.98175"
"2128894810","2171547693","1.14127"
"2171547693","2128894810","1.14127"
"2154438473","2562782","1.53175"
"2562782","2154438473","1.53175"
"2157485377","2171547693","0.865079"
"2171547693","2157485377","0.865079"
"2157485377","2562782","1.93175"
"2562782","2157485377","1.93175"
"2171547693","2562782","1.00794"
"2562782","2171547693","1.00794"
"1562853722","2023217766","0.583333"
"2023217766","1562853722","0.583333"
"1562853722","2027691696","2.58333"
"2027691696","1562853722","2.58333"
"1562853722","2142076420","2.08333"
"2142076420","1562853722","2.08333"
"2023217766","2027691696","3.41667"
"2027691696","2023217766","3.41667"
"2023217766","2142076420","3.75"
"2142076420","2023217766","3.75"
"2027691696","2142076420","11.5"
"2142076420","2027691696","11.5"
"1562853722","2018022208","0.25"
"2018022208","1562853722","0.25"
"2018022208","2023217766","1.91667"
"2023217766","2018022208","1.91667"
"2018022208","2027691696","0.916667"
"2027691696","2018022208","0.916667"
"2018022208","2142076420","0.916667"
"2142076420","2018022208","0.916667"
"1562853722","41368942","0.5"
"41368942","1562853722","0.5"
"2142076420","41368942","0.833333"
"41368942","2142076420","0.833333"
"1562853722","2093245971","0.333333"
"2093245971","1562853722","0.333333"
"1562853722","2138956160","0.333333"
"2138956160","1562853722","0.333333"
"1562853722","284798860","0.333333"
"284798860","1562853722","0.333333"
"2093245971","284798860","1.91667"
"284798860","2093245971","1.91667"
"2138956160","284798860","0.583333"
"284798860","2138956160","0.583333"
"2044815816","2128894810","2.08889"
"2128894810","2044815816","2.08889"
"2044815816","2157485377","0.755556"
"2157485377","2044815816","0.755556"
"2044815816","2562782","0.422222"
"2562782","2044815816","0.422222"
"1970173714","2044815816","1.19444"
"2044815816","1970173714","1.19444"
"2044815816","2107506388","0.222222"
"2107506388","2044815816","0.222222"
"2098294664","2161722485","0.25"
"2161722485","2098294664","0.25"
"2128894810","2161722485","0.25"
"2161722485","2128894810","0.25"
"2044815816","2098294664","0.611111"
"2098294664","2044815816","0.611111"
"1898200041","2157485377","2"
"2157485377","1898200041","2"
"1898200041","2031858317","0.25"
"2031858317","1898200041","0.25"
"1898200041","2079075606","0.25"
"2079075606","1898200041","0.25"
"1898200041","85554864","0.25"
"85554864","1898200041","0.25"
"2031858317","2079075606","1.83333"
"2079075606","2031858317","1.83333"
"2031858317","2161722485","0.25"
"2161722485","2031858317","0.25"
"2031858317","85554864","1.25"
"85554864","2031858317","1.25"
"2079075606","2161722485","0.25"
"2161722485","2079075606","0.25"
"2079075606","85554864","0.583333"
"85554864","2079075606","0.583333"
"2161722485","85554864","0.25"
"85554864","2161722485","0.25"
"1898200041","1991792647","1"
"1991792647","1898200041","1"
"1970173714","2023217766","1"
"2023217766","1970173714","1"
"1970173714","2055158566","0.5"
"2055158566","1970173714","0.5"
"2055158566","2154438473","0.5"
"2154438473","2055158566","0.5"
"1970173714","2138745652","1"
"2138745652","1970173714","1"
"1987831316","284798860","0.666667"
"284798860","1987831316","0.666667"
"1987831316","85554864","0.333333"
"85554864","1987831316","0.333333"
"284798860","85554864","0.333333"
"85554864","284798860","0.333333"
"1987831316","2066273153","1"
"2066273153","1987831316","1"
"1987831316","2031858317","0.333333"
"2031858317","1987831316","0.333333"
"2031858317","284798860","1.58333"
"284798860","2031858317","1.58333"
"1989234058","2138956160","1.5"
"2138956160","1989234058","1.5"
"1989234058","2055158566","0.583333"
"2055158566","1989234058","0.583333"
"1989234058","2093245971","0.916667"
"2093245971","1989234058","0.916667"
"1989234058","41368942","0.25"
"41368942","1989234058","0.25"
"2055158566","2118395326","0.833333"
"2118395326","2055158566","0.833333"
"2055158566","41368942","0.833333"
"41368942","2055158566","0.833333"
"2093245971","2118395326","3.75"
"2118395326","2093245971","3.75"
"2093245971","41368942","0.5"
"41368942","2093245971","0.5"
"2118395326","41368942","0.25"
"41368942","2118395326","0.25"
"1989234058","2122874169","0.25"
"2122874169","1989234058","0.25"
"1989234058","2142076420","0.666667"
"2142076420","1989234058","0.666667"
"2093245971","2142076420","4.75"
"2142076420","2093245971","4.75"
"2118395326","2122874169","0.25"
"2122874169","2118395326","0.25"
"2118395326","2142076420","1"
"2142076420","2118395326","1"
"2122874169","2142076420","4.58333"
"2142076420","2122874169","4.58333"
"2118395326","2138956160","1"
"2138956160","2118395326","1"
"1989234058","2027691696","0.416667"
"2027691696","1989234058","0.416667"
"1989234058","2746562412","0.166667"
"2746562412","1989234058","0.166667"
"2027691696","2093245971","4.25"
"2093245971","2027691696","4.25"
"2027691696","2118395326","0.75"
"2118395326","2027691696","0.75"
"2027691696","2138956160","0.166667"
"2138956160","2027691696","0.166667"
"2027691696","2746562412","0.166667"
"2746562412","2027691696","0.166667"
"2093245971","2746562412","0.166667"
"2746562412","2093245971","0.166667"
"2118395326","2746562412","0.166667"
"2746562412","2118395326","0.166667"
"2138956160","2142076420","0.75"
"2142076420","2138956160","0.75"
"2138956160","2746562412","0.166667"
"2746562412","2138956160","0.166667"
"2142076420","2746562412","0.166667"
"2746562412","2142076420","0.166667"
"1991792647","2023217766","1.08333"
"2023217766","1991792647","1.08333"
"1991792647","2027691696","1.83333"
"2027691696","1991792647","1.83333"
"1991792647","2142076420","3.58333"
"2142076420","1991792647","3.58333"
"1991792647","2024277150","0.25"
"2024277150","1991792647","0.25"
"1991792647","2122874169","0.25"
"2122874169","1991792647","0.25"
"2023217766","2122874169","0.833333"
"2122874169","2023217766","0.833333"
"2024277150","2122874169","0.25"
"2122874169","2024277150","0.25"
"2024277150","2142076420","0.75"
"2142076420","2024277150","0.75"
"2023217766","2138745652","0.333333"
"2138745652","2023217766","0.333333"
"2023217766","2161722485","0.333333"
"2161722485","2023217766","0.333333"
"2138745652","2142076420","0.333333"
"2142076420","2138745652","0.333333"
"2138745652","2161722485","0.333333"
"2161722485","2138745652","0.333333"
"2142076420","2161722485","0.333333"
"2161722485","2142076420","0.333333"
"2023217766","2044815816","0.25"
"2044815816","2023217766","0.25"
"2023217766","2055158566","0.5"
"2055158566","2023217766","0.5"
"2044815816","2055158566","1.25"
"2055158566","2044815816","1.25"
"2044815816","2122874169","0.25"
"2122874169","2044815816","0.25"
"2044815816","2142076420","0.25"
"2142076420","2044815816","0.25"
"2055158566","2142076420","0.916667"
"2142076420","2055158566","0.916667"
"2023217766","2428526439","0.25"
"2428526439","2023217766","0.25"
"2428526439","284798860","0.5"
"284798860","2428526439","0.5"
"2027691696","2122874169","0.833333"
"2122874169","2027691696","0.833333"
"2024277150","2027691696","0.5"
"2027691696","2024277150","0.5"
"2027691696","2055158566","0.333333"
"2055158566","2027691696","0.333333"
"2027691696","2157485377","0.333333"
"2157485377","2027691696","0.333333"
"2055158566","2157485377","0.333333"
"2157485377","2055158566","0.333333"
"2142076420","2157485377","0.333333"
"2157485377","2142076420","0.333333"
"2031858317","2055158566","0.25"
"2055158566","2031858317","0.25"
"2031858317","2118395326","0.25"
"2118395326","2031858317","0.25"
"2079075606","2118395326","0.25"
"2118395326","2079075606","0.25"
"2118395326","284798860","0.25"
"284798860","2118395326","0.25"
"2044815816","2066273153","0.5"
"2066273153","2044815816","0.5"
"2066273153","2161722485","0.5"
"2161722485","2066273153","0.5"
"2055158566","2746562412","2.33333"
"2746562412","2055158566","2.33333"
"2428526439","2746562412","2.33333"
"2746562412","2428526439","2.33333"
"2746562412","2748075772","1.33333"
"2748075772","2746562412","1.33333"
"2079075606","41368942","0.25"
"41368942","2079075606","0.25"
"2428526439","41368942","0.25"
"41368942","2428526439","0.25"
"2138956160","41368942","0.333333"
"41368942","2138956160","0.333333"
"2066273153","2157485377","1"
"2157485377","2066273153","1"
"2079075606","2142076420","1"
"2142076420","2079075606","1"
"2142076420","284798860","1"
"284798860","2142076420","1"
"2094984792","2142076420","0.25"
"2142076420","2094984792","0.25"
"2142076420","2428526439","0.25"
"2428526439","2142076420","0.25"
"2093245971","2161722485","1"
"2161722485","2093245971","1"
"2118395326","2748075772","1"
"2748075772","2118395326","1"
"2138956160","2157485377","2"
"2157485377","2138956160","2"
