"2013.iwslt-evaluation.8","D09-1141","1.5"
"D09-1141","2013.iwslt-evaluation.8","1.5"
"2013.iwslt-evaluation.8","W14-3628","1"
"W14-3628","2013.iwslt-evaluation.8","1"
"2013.iwslt-evaluation.8","C12-1121","0.5"
"C12-1121","2013.iwslt-evaluation.8","0.5"
"C12-1121","D09-1141","2.28333"
"D09-1141","C12-1121","2.28333"
"2013.iwslt-evaluation.8","P12-2059","1"
"P12-2059","2013.iwslt-evaluation.8","1"
"2020.acl-demos.32","D14-1050","1"
"D14-1050","2020.acl-demos.32","1"
"2020.acl-demos.32","2020.semeval-1.186","1.41667"
"2020.semeval-1.186","2020.acl-demos.32","1.41667"
"2020.acl-demos.32","D19-1565","2.25"
"D19-1565","2020.acl-demos.32","2.25"
"2020.acl-demos.32","D19-5024","0.25"
"D19-5024","2020.acl-demos.32","0.25"
"2020.acl-demos.32","N19-1144","0.25"
"N19-1144","2020.acl-demos.32","0.25"
"2020.semeval-1.186","D19-1565","19.7262"
"D19-1565","2020.semeval-1.186","19.7262"
"2020.semeval-1.186","D19-5024","2.58333"
"D19-5024","2020.semeval-1.186","2.58333"
"2020.semeval-1.186","N19-1144","0.75"
"N19-1144","2020.semeval-1.186","0.75"
"D19-1565","D19-5024","6.08333"
"D19-5024","D19-1565","6.08333"
"D19-1565","N19-1144","2.25"
"N19-1144","D19-1565","2.25"
"D19-5024","N19-1144","0.25"
"N19-1144","D19-5024","0.25"
"2020.acl-demos.32","2021.nlp4if-1.12","0.166667"
"2021.nlp4if-1.12","2020.acl-demos.32","0.166667"
"2020.acl-demos.32","2021.nlp4if-1.9","0.166667"
"2021.nlp4if-1.9","2020.acl-demos.32","0.166667"
"2020.acl-demos.32","N18-2004","0.166667"
"N18-2004","2020.acl-demos.32","0.166667"
"2020.acl-demos.32","N18-5006","0.166667"
"N18-5006","2020.acl-demos.32","0.166667"
"2020.acl-demos.32","N19-1216","0.166667"
"N19-1216","2020.acl-demos.32","0.166667"
"2020.semeval-1.186","2021.nlp4if-1.12","0.166667"
"2021.nlp4if-1.12","2020.semeval-1.186","0.166667"
"2020.semeval-1.186","2021.nlp4if-1.9","0.166667"
"2021.nlp4if-1.9","2020.semeval-1.186","0.166667"
"2020.semeval-1.186","N18-2004","0.166667"
"N18-2004","2020.semeval-1.186","0.166667"
"2020.semeval-1.186","N18-5006","1.16667"
"N18-5006","2020.semeval-1.186","1.16667"
"2020.semeval-1.186","N19-1216","0.309524"
"N19-1216","2020.semeval-1.186","0.309524"
"2021.nlp4if-1.12","2021.nlp4if-1.9","0.166667"
"2021.nlp4if-1.9","2021.nlp4if-1.12","0.166667"
"2021.nlp4if-1.12","N18-2004","0.166667"
"N18-2004","2021.nlp4if-1.12","0.166667"
"2021.nlp4if-1.12","N18-5006","0.166667"
"N18-5006","2021.nlp4if-1.12","0.166667"
"2021.nlp4if-1.12","N19-1216","0.166667"
"N19-1216","2021.nlp4if-1.12","0.166667"
"2021.nlp4if-1.9","N18-2004","0.166667"
"N18-2004","2021.nlp4if-1.9","0.166667"
"2021.nlp4if-1.9","N18-5006","0.166667"
"N18-5006","2021.nlp4if-1.9","0.166667"
"2021.nlp4if-1.9","N19-1216","0.166667"
"N19-1216","2021.nlp4if-1.9","0.166667"
"N18-2004","N18-5006","0.45"
"N18-5006","N18-2004","0.45"
"N18-2004","N19-1216","0.985256"
"N19-1216","N18-2004","0.985256"
"N18-5006","N19-1216","0.72619"
"N19-1216","N18-5006","0.72619"
"2020.acl-demos.32","2020.semeval-1.191","0.5"
"2020.semeval-1.191","2020.acl-demos.32","0.5"
"2020.acl-demos.32","2021.semeval-1.7","0.5"
"2021.semeval-1.7","2020.acl-demos.32","0.5"
"2020.semeval-1.191","2021.semeval-1.7","1.5"
"2021.semeval-1.7","2020.semeval-1.191","1.5"
"2020.acl-main.308","2020.acl-main.50","0.22619"
"2020.acl-main.50","2020.acl-main.308","0.22619"
"2020.acl-main.308","2020.semeval-1.186","0.142857"
"2020.semeval-1.186","2020.acl-main.308","0.142857"
"2020.acl-main.308","D18-1389","0.22619"
"D18-1389","2020.acl-main.308","0.22619"
"2020.acl-main.308","D19-1565","0.142857"
"D19-1565","2020.acl-main.308","0.142857"
"2020.acl-main.308","D19-3038","0.22619"
"D19-3038","2020.acl-main.308","0.22619"
"2020.acl-main.308","N19-1216","0.22619"
"N19-1216","2020.acl-main.308","0.22619"
"2020.acl-main.308","S19-2182","0.142857"
"S19-2182","2020.acl-main.308","0.142857"
"2020.acl-main.50","2020.semeval-1.186","0.142857"
"2020.semeval-1.186","2020.acl-main.50","0.142857"
"2020.acl-main.50","D18-1389","0.35119"
"D18-1389","2020.acl-main.50","0.35119"
"2020.acl-main.50","D19-1565","0.267857"
"D19-1565","2020.acl-main.50","0.267857"
"2020.acl-main.50","D19-3038","0.22619"
"D19-3038","2020.acl-main.50","0.22619"
"2020.acl-main.50","N19-1216","1.35119"
"N19-1216","2020.acl-main.50","1.35119"
"2020.acl-main.50","S19-2182","0.267857"
"S19-2182","2020.acl-main.50","0.267857"
"2020.semeval-1.186","D18-1389","0.47619"
"D18-1389","2020.semeval-1.186","0.47619"
"2020.semeval-1.186","D19-3038","0.142857"
"D19-3038","2020.semeval-1.186","0.142857"
"2020.semeval-1.186","S19-2182","0.642857"
"S19-2182","2020.semeval-1.186","0.642857"
"D18-1389","D19-1565","1.6543"
"D19-1565","D18-1389","1.6543"
"D18-1389","D19-3038","0.779304"
"D19-3038","D18-1389","0.779304"
"D18-1389","N19-1216","4.53764"
"N19-1216","D18-1389","4.53764"
"D18-1389","S19-2182","0.60119"
"S19-2182","D18-1389","0.60119"
"D19-1565","D19-3038","0.362637"
"D19-3038","D19-1565","0.362637"
"D19-1565","N19-1216","0.820971"
"N19-1216","D19-1565","0.820971"
"D19-1565","S19-2182","0.767857"
"S19-2182","D19-1565","0.767857"
"D19-3038","N19-1216","0.445971"
"N19-1216","D19-3038","0.445971"
"D19-3038","S19-2182","0.47619"
"S19-2182","D19-3038","0.47619"
"N19-1216","S19-2182","1.26786"
"S19-2182","N19-1216","1.26786"
"2020.acl-main.308","2020.acl-main.332","0.0833333"
"2020.acl-main.332","2020.acl-main.308","0.0833333"
"2020.acl-main.308","D19-1216","0.0833333"
"D19-1216","2020.acl-main.308","0.0833333"
"2020.acl-main.308","D19-1452","0.0833333"
"D19-1452","2020.acl-main.308","0.0833333"
"2020.acl-main.308","K19-1096","0.0833333"
"K19-1096","2020.acl-main.308","0.0833333"
"2020.acl-main.308","N18-1070","0.0833333"
"N18-1070","2020.acl-main.308","0.0833333"
"2020.acl-main.308","N18-2004","0.0833333"
"N18-2004","2020.acl-main.308","0.0833333"
"2020.acl-main.308","N18-5006","0.0833333"
"N18-5006","2020.acl-main.308","0.0833333"
"2020.acl-main.308","R19-1141","0.0833333"
"R19-1141","2020.acl-main.308","0.0833333"
"2020.acl-main.332","2020.acl-main.50","0.208333"
"2020.acl-main.50","2020.acl-main.332","0.208333"
"2020.acl-main.332","D18-1389","0.208333"
"D18-1389","2020.acl-main.332","0.208333"
"2020.acl-main.332","D19-1216","0.0833333"
"D19-1216","2020.acl-main.332","0.0833333"
"2020.acl-main.332","D19-1452","0.0833333"
"D19-1452","2020.acl-main.332","0.0833333"
"2020.acl-main.332","D19-3038","0.0833333"
"D19-3038","2020.acl-main.332","0.0833333"
"2020.acl-main.332","K19-1096","0.208333"
"K19-1096","2020.acl-main.332","0.208333"
"2020.acl-main.332","N18-1070","0.208333"
"N18-1070","2020.acl-main.332","0.208333"
"2020.acl-main.332","N18-2004","1.20833"
"N18-2004","2020.acl-main.332","1.20833"
"2020.acl-main.332","N18-5006","0.0833333"
"N18-5006","2020.acl-main.332","0.0833333"
"2020.acl-main.332","N19-1216","0.208333"
"N19-1216","2020.acl-main.332","0.208333"
"2020.acl-main.332","R19-1141","0.0833333"
"R19-1141","2020.acl-main.332","0.0833333"
"2020.acl-main.50","D19-1216","0.0833333"
"D19-1216","2020.acl-main.50","0.0833333"
"2020.acl-main.50","D19-1452","0.0833333"
"D19-1452","2020.acl-main.50","0.0833333"
"2020.acl-main.50","K19-1096","0.208333"
"K19-1096","2020.acl-main.50","0.208333"
"2020.acl-main.50","N18-1070","0.208333"
"N18-1070","2020.acl-main.50","0.208333"
"2020.acl-main.50","N18-2004","0.208333"
"N18-2004","2020.acl-main.50","0.208333"
"2020.acl-main.50","N18-5006","0.0833333"
"N18-5006","2020.acl-main.50","0.0833333"
"2020.acl-main.50","R19-1141","0.0833333"
"R19-1141","2020.acl-main.50","0.0833333"
"D18-1389","D19-1216","1.36026"
"D19-1216","D18-1389","1.36026"
"D18-1389","D19-1452","0.360256"
"D19-1452","D18-1389","0.360256"
"D18-1389","K19-1096","0.208333"
"K19-1096","D18-1389","0.208333"
"D18-1389","N18-1070","0.985256"
"N18-1070","D18-1389","0.985256"
"D18-1389","N18-2004","2.51859"
"N18-2004","D18-1389","2.51859"
"D18-1389","N18-5006","1.05952"
"N18-5006","D18-1389","1.05952"
"D18-1389","R19-1141","0.283333"
"R19-1141","D18-1389","0.283333"
"D19-1216","D19-1452","0.160256"
"D19-1452","D19-1216","0.160256"
"D19-1216","D19-3038","0.160256"
"D19-3038","D19-1216","0.160256"
"D19-1216","K19-1096","0.0833333"
"K19-1096","D19-1216","0.0833333"
"D19-1216","N18-1070","0.160256"
"N18-1070","D19-1216","0.160256"
"D19-1216","N18-2004","1.36026"
"N18-2004","D19-1216","1.36026"
"D19-1216","N18-5006","0.0833333"
"N18-5006","D19-1216","0.0833333"
"D19-1216","N19-1216","0.160256"
"N19-1216","D19-1216","0.160256"
"D19-1216","R19-1141","0.283333"
"R19-1141","D19-1216","0.283333"
"D19-1452","D19-3038","0.160256"
"D19-3038","D19-1452","0.160256"
"D19-1452","K19-1096","0.0833333"
"K19-1096","D19-1452","0.0833333"
"D19-1452","N18-1070","2.02692"
"N18-1070","D19-1452","2.02692"
"D19-1452","N18-2004","2.02692"
"N18-2004","D19-1452","2.02692"
"D19-1452","N18-5006","0.0833333"
"N18-5006","D19-1452","0.0833333"
"D19-1452","N19-1216","0.360256"
"N19-1216","D19-1452","0.360256"
"D19-1452","R19-1141","0.0833333"
"R19-1141","D19-1452","0.0833333"
"D19-3038","K19-1096","0.0833333"
"K19-1096","D19-3038","0.0833333"
"D19-3038","N18-1070","0.49359"
"N18-1070","D19-3038","0.49359"
"D19-3038","N18-2004","0.826923"
"N18-2004","D19-3038","0.826923"
"D19-3038","N18-5006","0.22619"
"N18-5006","D19-3038","0.22619"
"D19-3038","R19-1141","0.0833333"
"R19-1141","D19-3038","0.0833333"
"K19-1096","N18-1070","0.208333"
"N18-1070","K19-1096","0.208333"
"K19-1096","N18-2004","0.208333"
"N18-2004","K19-1096","0.208333"
"K19-1096","N18-5006","0.0833333"
"N18-5006","K19-1096","0.0833333"
"K19-1096","N19-1216","0.208333"
"N19-1216","K19-1096","0.208333"
"K19-1096","R19-1141","0.0833333"
"R19-1141","K19-1096","0.0833333"
"N18-1070","N18-2004","4.12811"
"N18-2004","N18-1070","4.12811"
"N18-1070","N18-5006","0.35119"
"N18-5006","N18-1070","0.35119"
"N18-1070","N19-1216","0.81859"
"N19-1216","N18-1070","0.81859"
"N18-1070","R19-1141","0.0833333"
"R19-1141","N18-1070","0.0833333"
"N18-2004","R19-1141","0.283333"
"R19-1141","N18-2004","0.283333"
"N18-5006","R19-1141","0.0833333"
"R19-1141","N18-5006","0.0833333"
"N19-1216","R19-1141","0.0833333"
"R19-1141","N19-1216","0.0833333"
"2020.acl-main.308","2021.findings-acl.246","1"
"2021.findings-acl.246","2020.acl-main.308","1"
"2020.acl-main.332","D19-1565","0.125"
"D19-1565","2020.acl-main.332","0.125"
"2020.acl-main.332","S19-2182","0.125"
"S19-2182","2020.acl-main.332","0.125"
"D19-1565","K19-1096","0.125"
"K19-1096","D19-1565","0.125"
"D19-1565","N18-1070","0.201923"
"N18-1070","D19-1565","0.201923"
"D19-1565","N18-2004","0.201923"
"N18-2004","D19-1565","0.201923"
"K19-1096","S19-2182","0.125"
"S19-2182","K19-1096","0.125"
"N18-1070","S19-2182","0.125"
"S19-2182","N18-1070","0.125"
"N18-2004","S19-2182","0.458333"
"S19-2182","N18-2004","0.458333"
"2020.emnlp-main.404","S19-2010","0.5"
"S19-2010","2020.emnlp-main.404","0.5"
"2020.emnlp-main.404","S19-2149","0.5"
"S19-2149","2020.emnlp-main.404","0.5"
"S19-2010","S19-2149","0.5"
"S19-2149","S19-2010","0.5"
"D18-1389","D19-5024","0.833333"
"D19-5024","D18-1389","0.833333"
"2020.semeval-1.186","2021.semeval-1.7","5.5"
"2021.semeval-1.7","2020.semeval-1.186","5.5"
"2020.semeval-1.186","2020.semeval-1.191","0.5"
"2020.semeval-1.191","2020.semeval-1.186","0.5"
"2020.semeval-1.188","N19-1144","3.5"
"N19-1144","2020.semeval-1.188","3.5"
"2020.semeval-1.188","S19-2010","8"
"S19-2010","2020.semeval-1.188","8"
"N19-1144","S19-2010","129.5"
"S19-2010","N19-1144","129.5"
"2020.semeval-1.188","D19-1565","1.5"
"D19-1565","2020.semeval-1.188","1.5"
"D19-1565","S19-2010","6"
"S19-2010","D19-1565","6"
"2020.semeval-1.191","D19-5024","1"
"D19-5024","2020.semeval-1.191","1"
"2020.semeval-1.191","D19-1565","0.5"
"D19-1565","2020.semeval-1.191","0.5"
"2021.semeval-1.7","D19-1565","0.5"
"D19-1565","2021.semeval-1.7","0.5"
"2021.emnlp-main.710","N18-2004","1.33333"
"N18-2004","2021.emnlp-main.710","1.33333"
"2021.emnlp-main.710","D19-1452","0.333333"
"D19-1452","2021.emnlp-main.710","0.333333"
"2021.emnlp-main.710","N18-1070","0.333333"
"N18-1070","2021.emnlp-main.710","0.333333"
"2021.findings-acl.80","N19-1144","1"
"N19-1144","2021.findings-acl.80","1"
"2021.findings-acl.80","S19-2010","1"
"S19-2010","2021.findings-acl.80","1"
"2021.nlp4if-1.12","S17-2088","1"
"S17-2088","2021.nlp4if-1.12","1"
"C12-1121","P13-2003","4.53333"
"P13-2003","C12-1121","4.53333"
"C12-1121","W08-0320","0.333333"
"W08-0320","C12-1121","0.333333"
"D09-1141","P13-2003","0.533333"
"P13-2003","D09-1141","0.533333"
"D09-1141","W08-0320","0.333333"
"W08-0320","D09-1141","0.333333"
"P13-2003","W08-0320","0.333333"
"W08-0320","P13-2003","0.333333"
"C12-1121","K15-1007","1.2"
"K15-1007","C12-1121","1.2"
"C12-1121","D14-1027","0.2"
"D14-1027","C12-1121","0.2"
"C12-1121","P14-1065","0.2"
"P14-1065","C12-1121","0.2"
"C12-1121","P15-1078","0.2"
"P15-1078","C12-1121","0.2"
"C12-1121","P16-2075","0.2"
"P16-2075","C12-1121","0.2"
"C12-1121","W14-3352","0.2"
"W14-3352","C12-1121","0.2"
"D14-1027","P14-1065","1.9"
"P14-1065","D14-1027","1.9"
"D14-1027","P15-1078","0.4"
"P15-1078","D14-1027","0.4"
"D14-1027","P16-2075","0.2"
"P16-2075","D14-1027","0.2"
"D14-1027","W14-3352","1.9"
"W14-3352","D14-1027","1.9"
"P14-1065","P15-1078","1.4"
"P15-1078","P14-1065","1.4"
"P14-1065","P16-2075","0.2"
"P16-2075","P14-1065","0.2"
"P14-1065","W14-3352","6.23333"
"W14-3352","P14-1065","6.23333"
"P15-1078","P16-2075","0.972727"
"P16-2075","P15-1078","0.972727"
"P15-1078","W14-3352","1.4"
"W14-3352","P15-1078","1.4"
"P16-2075","W14-3352","0.2"
"W14-3352","P16-2075","0.2"
"C12-1121","D10-1015","0.25"
"D10-1015","C12-1121","0.25"
"C12-1121","D12-1027","0.25"
"D12-1027","C12-1121","0.25"
"C12-1121","P12-2059","0.25"
"P12-2059","C12-1121","0.25"
"D09-1141","D10-1015","1.25"
"D10-1015","D09-1141","1.25"
"D09-1141","D12-1027","1.25"
"D12-1027","D09-1141","1.25"
"D09-1141","P12-2059","4.25"
"P12-2059","D09-1141","4.25"
"D10-1015","D12-1027","0.25"
"D12-1027","D10-1015","0.25"
"D10-1015","P12-2059","2.25"
"P12-2059","D10-1015","2.25"
"D12-1027","P12-2059","2.75"
"P12-2059","D12-1027","2.75"
"C12-1121","R13-1066","0.2"
"R13-1066","C12-1121","0.2"
"C12-1121","W12-3136","0.2"
"W12-3136","C12-1121","0.2"
"D09-1141","K15-1007","0.2"
"K15-1007","D09-1141","0.2"
"D09-1141","R13-1066","0.2"
"R13-1066","D09-1141","0.2"
"D09-1141","W12-3136","0.2"
"W12-3136","D09-1141","0.2"
"K15-1007","P13-2003","0.2"
"P13-2003","K15-1007","0.2"
"K15-1007","R13-1066","0.2"
"R13-1066","K15-1007","0.2"
"K15-1007","W12-3136","0.2"
"W12-3136","K15-1007","0.2"
"P13-2003","R13-1066","0.2"
"R13-1066","P13-2003","0.2"
"P13-2003","W12-3136","0.2"
"W12-3136","P13-2003","0.2"
"R13-1066","W12-3136","0.2"
"W12-3136","R13-1066","0.2"
"C14-1020","D14-1050","0.333333"
"D14-1050","C14-1020","0.333333"
"C14-1020","P14-1065","0.333333"
"P14-1065","C14-1020","0.333333"
"C14-1020","W14-3352","0.333333"
"W14-3352","C14-1020","0.333333"
"D14-1050","P14-1065","0.333333"
"P14-1065","D14-1050","0.333333"
"D14-1050","W14-3352","0.333333"
"W14-3352","D14-1050","0.333333"
"C14-1020","R09-1022","1"
"R09-1022","C14-1020","1"
"C16-2001","K15-1032","0.5"
"K15-1032","C16-2001","0.5"
"C16-2001","S15-2036","0.5"
"S15-2036","C16-2001","0.5"
"K15-1032","S15-2036","1.06439"
"S15-2036","K15-1032","1.06439"
"C16-2001","D16-1165","0.25"
"D16-1165","C16-2001","0.25"
"C16-2001","P16-2075","0.25"
"P16-2075","C16-2001","0.25"
"C16-2001","S15-2047","0.25"
"S15-2047","C16-2001","0.25"
"C16-2001","S16-1136","0.25"
"S16-1136","C16-2001","0.25"
"D16-1165","P16-2075","0.658333"
"P16-2075","D16-1165","0.658333"
"D16-1165","S15-2047","0.25"
"S15-2047","D16-1165","0.25"
"D16-1165","S16-1136","0.458333"
"S16-1136","D16-1165","0.458333"
"P16-2075","S15-2047","0.814394"
"S15-2047","P16-2075","0.814394"
"P16-2075","S16-1136","1.26515"
"S16-1136","P16-2075","1.26515"
"S15-2047","S16-1136","0.973485"
"S16-1136","S15-2047","0.973485"
"D09-1141","P11-1130","2"
"P11-1130","D09-1141","2"
"P11-1130","P12-2059","1"
"P12-2059","P11-1130","1"
"D10-1015","P11-1130","1"
"P11-1130","D10-1015","1"
"D11-1060","S13-2025","4.5"
"S13-2025","D11-1060","4.5"
"D11-1060","W09-2416","0.5"
"W09-2416","D11-1060","0.5"
"S13-2025","W09-2416","4.25"
"W09-2416","S13-2025","4.25"
"D11-1060","P08-1052","0.333333"
"P08-1052","D11-1060","0.333333"
"D11-1060","S10-1007","0.333333"
"S10-1007","D11-1060","0.333333"
"D11-1060","W05-0603","0.333333"
"W05-0603","D11-1060","0.333333"
"P08-1052","S10-1007","1.33333"
"S10-1007","P08-1052","1.33333"
"P08-1052","W05-0603","0.833333"
"W05-0603","P08-1052","0.833333"
"S10-1007","W05-0603","1.33333"
"W05-0603","S10-1007","1.33333"
"D12-1027","R13-1088","0.5"
"R13-1088","D12-1027","0.5"
"P12-2059","R13-1088","3.5"
"R13-1088","P12-2059","3.5"
"D14-1027","W15-2501","0.2"
"W15-2501","D14-1027","0.2"
"D14-1027","W16-2345","0.2"
"W16-2345","D14-1027","0.2"
"P14-1065","W15-2501","0.2"
"W15-2501","P14-1065","0.2"
"P14-1065","W16-2345","0.2"
"W16-2345","P14-1065","0.2"
"P15-1078","W15-2501","0.7"
"W15-2501","P15-1078","0.7"
"P15-1078","W16-2345","0.2"
"W16-2345","P15-1078","0.2"
"W14-3352","W15-2501","1.2"
"W15-2501","W14-3352","1.2"
"W14-3352","W16-2345","0.2"
"W16-2345","W14-3352","0.2"
"W15-2501","W16-2345","8.2"
"W16-2345","W15-2501","8.2"
"D14-1145","W15-5401","1"
"W15-5401","D14-1145","1"
"D15-1068","N16-1084","2.09773"
"N16-1084","D15-1068","2.09773"
"D15-1068","S15-2036","2.98106"
"S15-2036","D15-1068","2.98106"
"D15-1068","S15-2047","2.55606"
"S15-2047","D15-1068","2.55606"
"S15-2036","S15-2047","4.89773"
"S15-2047","S15-2036","4.89773"
"D15-1068","P15-2113","2.36439"
"P15-2113","D15-1068","2.36439"
"P15-2113","S15-2036","2.18939"
"S15-2036","P15-2113","2.18939"
"P15-2113","S15-2047","2.05606"
"S15-2047","P15-2113","2.05606"
"D15-1068","D16-1165","0.208333"
"D16-1165","D15-1068","0.208333"
"D15-1068","D18-1131","0.0833333"
"D18-1131","D15-1068","0.0833333"
"D15-1068","K15-1032","0.914394"
"K15-1032","D15-1068","0.914394"
"D15-1068","K17-1024","0.0833333"
"K17-1024","D15-1068","0.0833333"
"D15-1068","P15-1078","0.647727"
"P15-1078","D15-1068","0.647727"
"D15-1068","P16-2075","0.647727"
"P16-2075","D15-1068","0.647727"
"D15-1068","S16-1083","1.40833"
"S16-1083","D15-1068","1.40833"
"D15-1068","S16-1130","0.431818"
"S16-1130","D15-1068","0.431818"
"D15-1068","S16-1136","0.890152"
"S16-1136","D15-1068","0.890152"
"D15-1068","S16-1137","0.431818"
"S16-1137","D15-1068","0.431818"
"D16-1165","D18-1131","0.0833333"
"D18-1131","D16-1165","0.0833333"
"D16-1165","K15-1032","0.0833333"
"K15-1032","D16-1165","0.0833333"
"D16-1165","K17-1024","0.283333"
"K17-1024","D16-1165","0.283333"
"D16-1165","N16-1084","0.208333"
"N16-1084","D16-1165","0.208333"
"D16-1165","P15-1078","0.208333"
"P15-1078","D16-1165","0.208333"
"D16-1165","P15-2113","0.0833333"
"P15-2113","D16-1165","0.0833333"
"D16-1165","S16-1083","1.40833"
"S16-1083","D16-1165","1.40833"
"D16-1165","S16-1130","0.0833333"
"S16-1130","D16-1165","0.0833333"
"D16-1165","S16-1137","0.283333"
"S16-1137","D16-1165","0.283333"
"D18-1131","K15-1032","0.0833333"
"K15-1032","D18-1131","0.0833333"
"D18-1131","K17-1024","0.583333"
"K17-1024","D18-1131","0.583333"
"D18-1131","N16-1084","0.0833333"
"N16-1084","D18-1131","0.0833333"
"D18-1131","P15-1078","0.0833333"
"P15-1078","D18-1131","0.0833333"
"D18-1131","P15-2113","0.0833333"
"P15-2113","D18-1131","0.0833333"
"D18-1131","P16-2075","0.0833333"
"P16-2075","D18-1131","0.0833333"
"D18-1131","S16-1083","0.0833333"
"S16-1083","D18-1131","0.0833333"
"D18-1131","S16-1130","0.0833333"
"S16-1130","D18-1131","0.0833333"
"D18-1131","S16-1136","0.0833333"
"S16-1136","D18-1131","0.0833333"
"D18-1131","S16-1137","0.0833333"
"S16-1137","D18-1131","0.0833333"
"K15-1032","K17-1024","0.0833333"
"K17-1024","K15-1032","0.0833333"
"K15-1032","N16-1084","0.522727"
"N16-1084","K15-1032","0.522727"
"K15-1032","P15-1078","0.647727"
"P15-1078","K15-1032","0.647727"
"K15-1032","P15-2113","0.914394"
"P15-2113","K15-1032","0.914394"
"K15-1032","P16-2075","0.647727"
"P16-2075","K15-1032","0.647727"
"K15-1032","S16-1083","0.0833333"
"S16-1083","K15-1032","0.0833333"
"K15-1032","S16-1130","0.431818"
"S16-1130","K15-1032","0.431818"
"K15-1032","S16-1136","0.556818"
"S16-1136","K15-1032","0.556818"
"K15-1032","S16-1137","0.556818"
"S16-1137","K15-1032","0.556818"
"K17-1024","N16-1084","0.0833333"
"N16-1084","K17-1024","0.0833333"
"K17-1024","P15-1078","0.0833333"
"P15-1078","K17-1024","0.0833333"
"K17-1024","P15-2113","0.0833333"
"P15-2113","K17-1024","0.0833333"
"K17-1024","P16-2075","0.283333"
"P16-2075","K17-1024","0.283333"
"K17-1024","S16-1083","0.283333"
"S16-1083","K17-1024","0.283333"
"K17-1024","S16-1130","0.0833333"
"S16-1130","K17-1024","0.0833333"
"K17-1024","S16-1136","0.0833333"
"S16-1136","K17-1024","0.0833333"
"K17-1024","S16-1137","0.283333"
"S16-1137","K17-1024","0.283333"
"N16-1084","P15-1078","0.647727"
"P15-1078","N16-1084","0.647727"
"N16-1084","P15-2113","0.972727"
"P15-2113","N16-1084","0.972727"
"N16-1084","P16-2075","0.647727"
"P16-2075","N16-1084","0.647727"
"N16-1084","S16-1083","0.741667"
"S16-1083","N16-1084","0.741667"
"N16-1084","S16-1130","0.431818"
"S16-1130","N16-1084","0.431818"
"N16-1084","S16-1136","0.890152"
"S16-1136","N16-1084","0.890152"
"N16-1084","S16-1137","0.431818"
"S16-1137","N16-1084","0.431818"
"P15-1078","P15-2113","0.522727"
"P15-2113","P15-1078","0.522727"
"P15-1078","S16-1083","0.458333"
"S16-1083","P15-1078","0.458333"
"P15-1078","S16-1130","0.431818"
"S16-1130","P15-1078","0.431818"
"P15-1078","S16-1136","0.931818"
"S16-1136","P15-1078","0.931818"
"P15-1078","S16-1137","0.806818"
"S16-1137","P15-1078","0.806818"
"P15-2113","P16-2075","0.522727"
"P16-2075","P15-2113","0.522727"
"P15-2113","S16-1083","0.95"
"S16-1083","P15-2113","0.95"
"P15-2113","S16-1130","1.43182"
"S16-1130","P15-2113","1.43182"
"P15-2113","S16-1136","0.431818"
"S16-1136","P15-2113","0.431818"
"P15-2113","S16-1137","0.765152"
"S16-1137","P15-2113","0.765152"
"P16-2075","S16-1083","1.74167"
"S16-1083","P16-2075","1.74167"
"P16-2075","S16-1130","0.431818"
"S16-1130","P16-2075","0.431818"
"P16-2075","S16-1137","1.09015"
"S16-1137","P16-2075","1.09015"
"S16-1083","S16-1130","0.0833333"
"S16-1130","S16-1083","0.0833333"
"S16-1083","S16-1136","2.20833"
"S16-1136","S16-1083","2.20833"
"S16-1083","S16-1137","0.866667"
"S16-1137","S16-1083","0.866667"
"S16-1130","S16-1136","0.340909"
"S16-1136","S16-1130","0.340909"
"S16-1130","S16-1137","0.340909"
"S16-1137","S16-1130","0.340909"
"S16-1136","S16-1137","1.04924"
"S16-1137","S16-1136","1.04924"
"D15-1068","S17-2003","1.15833"
"S17-2003","D15-1068","1.15833"
"D16-1165","S15-2036","0.125"
"S15-2036","D16-1165","0.125"
"D16-1165","S17-2003","0.125"
"S17-2003","D16-1165","0.125"
"N16-1084","S15-2036","0.814394"
"S15-2036","N16-1084","0.814394"
"N16-1084","S17-2003","0.658333"
"S17-2003","N16-1084","0.658333"
"P15-1078","S15-2036","0.939394"
"S15-2036","P15-1078","0.939394"
"P15-1078","S17-2003","0.125"
"S17-2003","P15-1078","0.125"
"P16-2075","S15-2036","0.689394"
"S15-2036","P16-2075","0.689394"
"P16-2075","S17-2003","0.125"
"S17-2003","P16-2075","0.125"
"S15-2036","S16-1083","1.95833"
"S16-1083","S15-2036","1.95833"
"S15-2036","S16-1136","1.09848"
"S16-1136","S15-2036","1.09848"
"S15-2036","S17-2003","1.20833"
"S17-2003","S15-2036","1.20833"
"S16-1083","S17-2003","6.34167"
"S17-2003","S16-1083","6.34167"
"S16-1136","S17-2003","2.04167"
"S17-2003","S16-1136","2.04167"
"N16-1084","S15-2047","0.889394"
"S15-2047","N16-1084","0.889394"
"P15-2113","S17-2003","0.533333"
"S17-2003","P15-2113","0.533333"
"S15-2047","S16-1083","5.88333"
"S16-1083","S15-2047","5.88333"
"S15-2047","S17-2003","6.55"
"S17-2003","S15-2047","6.55"
"D15-1068","E12-1050","0.266667"
"E12-1050","D15-1068","0.266667"
"D15-1068","R09-1022","0.266667"
"R09-1022","D15-1068","0.266667"
"D15-1068","R09-1065","0.225"
"R09-1065","D15-1068","0.225"
"D15-1068","R15-1034","0.266667"
"R15-1034","D15-1068","0.266667"
"D15-1068","R15-1058","0.664394"
"R15-1058","D15-1068","0.664394"
"D15-1068","S13-2052","0.225"
"S13-2052","D15-1068","0.225"
"D15-1068","S14-2009","0.225"
"S14-2009","D15-1068","0.225"
"D15-1068","S15-2078","0.225"
"S15-2078","D15-1068","0.225"
"E12-1050","K15-1032","0.266667"
"K15-1032","E12-1050","0.266667"
"E12-1050","P15-2113","0.266667"
"P15-2113","E12-1050","0.266667"
"E12-1050","R09-1022","0.766667"
"R09-1022","E12-1050","0.766667"
"E12-1050","R09-1065","0.1"
"R09-1065","E12-1050","0.1"
"E12-1050","R15-1034","0.266667"
"R15-1034","E12-1050","0.266667"
"E12-1050","R15-1058","0.1"
"R15-1058","E12-1050","0.1"
"E12-1050","S13-2052","0.1"
"S13-2052","E12-1050","0.1"
"E12-1050","S14-2009","0.1"
"S14-2009","E12-1050","0.1"
"E12-1050","S15-2078","0.1"
"S15-2078","E12-1050","0.1"
"K15-1032","R09-1022","0.6"
"R09-1022","K15-1032","0.6"
"K15-1032","R09-1065","0.225"
"R09-1065","K15-1032","0.225"
"K15-1032","R15-1034","0.266667"
"R15-1034","K15-1032","0.266667"
"K15-1032","R15-1058","2.3187"
"R15-1058","K15-1032","2.3187"
"K15-1032","S13-2052","0.225"
"S13-2052","K15-1032","0.225"
"K15-1032","S14-2009","0.225"
"S14-2009","K15-1032","0.225"
"K15-1032","S15-2078","0.225"
"S15-2078","K15-1032","0.225"
"P15-2113","R09-1022","0.266667"
"R09-1022","P15-2113","0.266667"
"P15-2113","R09-1065","0.225"
"R09-1065","P15-2113","0.225"
"P15-2113","R15-1034","0.266667"
"R15-1034","P15-2113","0.266667"
"P15-2113","R15-1058","0.664394"
"R15-1058","P15-2113","0.664394"
"P15-2113","S13-2052","0.225"
"S13-2052","P15-2113","0.225"
"P15-2113","S14-2009","0.225"
"S14-2009","P15-2113","0.225"
"P15-2113","S15-2078","0.225"
"S15-2078","P15-2113","0.225"
"R09-1022","R09-1065","0.1"
"R09-1065","R09-1022","0.1"
"R09-1022","R15-1034","0.266667"
"R15-1034","R09-1022","0.266667"
"R09-1022","R15-1058","0.433333"
"R15-1058","R09-1022","0.433333"
"R09-1022","S13-2052","0.1"
"S13-2052","R09-1022","0.1"
"R09-1022","S14-2009","0.1"
"S14-2009","R09-1022","0.1"
"R09-1022","S15-2078","0.1"
"S15-2078","R09-1022","0.1"
"R09-1065","R15-1034","0.211111"
"R15-1034","R09-1065","0.211111"
"R09-1065","R15-1058","0.225"
"R15-1058","R09-1065","0.225"
"R09-1065","S13-2052","0.336111"
"S13-2052","R09-1065","0.336111"
"R09-1065","S14-2009","0.336111"
"S14-2009","R09-1065","0.336111"
"R09-1065","S15-2078","0.336111"
"S15-2078","R09-1065","0.336111"
"R15-1034","R15-1058","0.1"
"R15-1058","R15-1034","0.1"
"R15-1034","S13-2052","0.211111"
"S13-2052","R15-1034","0.211111"
"R15-1034","S14-2009","0.211111"
"S14-2009","R15-1034","0.211111"
"R15-1034","S15-2078","0.211111"
"S15-2078","R15-1034","0.211111"
"R15-1058","S13-2052","0.225"
"S13-2052","R15-1058","0.225"
"R15-1058","S14-2009","0.225"
"S14-2009","R15-1058","0.225"
"R15-1058","S15-2078","0.225"
"S15-2078","R15-1058","0.225"
"S13-2052","S14-2009","49.2528"
"S14-2009","S13-2052","49.2528"
"S13-2052","S15-2078","21.2528"
"S15-2078","S13-2052","21.2528"
"S14-2009","S15-2078","23.9194"
"S15-2078","S14-2009","23.9194"
"D15-1068","R15-1036","0.291667"
"R15-1036","D15-1068","0.291667"
"K15-1032","R15-1036","0.291667"
"R15-1036","K15-1032","0.291667"
"P15-2113","R15-1036","0.291667"
"R15-1036","P15-2113","0.291667"
"R09-1065","R15-1036","0.236111"
"R15-1036","R09-1065","0.236111"
"R15-1036","R15-1058","0.125"
"R15-1058","R15-1036","0.125"
"R15-1036","S13-2052","0.486111"
"S13-2052","R15-1036","0.486111"
"R15-1036","S14-2009","0.486111"
"S14-2009","R15-1036","0.486111"
"R15-1036","S15-2078","0.486111"
"S15-2078","R15-1036","0.486111"
"E12-1050","R15-1036","0.166667"
"R15-1036","E12-1050","0.166667"
"R09-1022","R15-1036","0.166667"
"R15-1036","R09-1022","0.166667"
"R15-1034","R15-1036","0.277778"
"R15-1036","R15-1034","0.277778"
"D15-1068","P16-2065","0.439394"
"P16-2065","D15-1068","0.439394"
"K15-1032","P16-2065","2.25203"
"P16-2065","K15-1032","2.25203"
"K15-1032","S15-2047","0.564394"
"S15-2047","K15-1032","0.564394"
"N16-1084","P16-2065","0.439394"
"P16-2065","N16-1084","0.439394"
"N16-1084","R15-1058","0.439394"
"R15-1058","N16-1084","0.439394"
"P15-1078","P16-2065","0.564394"
"P16-2065","P15-1078","0.564394"
"P15-1078","R15-1058","0.439394"
"R15-1058","P15-1078","0.439394"
"P15-1078","S15-2047","0.564394"
"S15-2047","P15-1078","0.564394"
"P15-2113","P16-2065","0.439394"
"P16-2065","P15-2113","0.439394"
"P16-2065","P16-2075","0.564394"
"P16-2075","P16-2065","0.564394"
"P16-2065","R15-1058","1.76036"
"R15-1058","P16-2065","1.76036"
"P16-2065","S15-2036","0.564394"
"S15-2036","P16-2065","0.564394"
"P16-2065","S15-2047","0.664394"
"S15-2047","P16-2065","0.664394"
"P16-2065","S16-1136","0.473485"
"S16-1136","P16-2065","0.473485"
"P16-2065","S16-1137","0.473485"
"S16-1137","P16-2065","0.473485"
"P16-2075","R15-1058","0.439394"
"R15-1058","P16-2075","0.439394"
"R15-1058","S15-2036","0.439394"
"S15-2036","R15-1058","0.439394"
"R15-1058","S15-2047","0.439394"
"S15-2047","R15-1058","0.439394"
"R15-1058","S16-1136","0.348485"
"S16-1136","R15-1058","0.348485"
"R15-1058","S16-1137","0.348485"
"S16-1137","R15-1058","0.348485"
"S15-2036","S16-1137","1.05682"
"S16-1137","S15-2036","1.05682"
"S15-2047","S16-1137","0.473485"
"S16-1137","S15-2047","0.473485"
"P16-2065","S16-1130","0.348485"
"S16-1130","P16-2065","0.348485"
"R15-1058","S16-1130","0.348485"
"S16-1130","R15-1058","0.348485"
"S15-2036","S16-1130","0.348485"
"S16-1130","S15-2036","0.348485"
"S15-2047","S16-1130","0.348485"
"S16-1130","S15-2047","0.348485"
"D16-1165","D18-1452","0.2"
"D18-1452","D16-1165","0.2"
"D18-1452","K17-1024","0.2"
"K17-1024","D18-1452","0.2"
"D18-1452","P16-2075","0.2"
"P16-2075","D18-1452","0.2"
"D18-1452","S16-1083","0.2"
"S16-1083","D18-1452","0.2"
"D18-1452","S16-1137","0.2"
"S16-1137","D18-1452","0.2"
"D18-1131","D19-1452","0.333333"
"D19-1452","D18-1131","0.333333"
"D18-1131","N18-1070","0.333333"
"N18-1070","D18-1131","0.333333"
"D18-1131","N18-2004","0.333333"
"N18-2004","D18-1131","0.333333"
"D18-1131","S17-2003","0.5"
"S17-2003","D18-1131","0.5"
"K17-1024","S17-2003","0.5"
"S17-2003","K17-1024","0.5"
"D18-1389","gencheva-etal-2017-context","0.342857"
"gencheva-etal-2017-context","D18-1389","0.342857"
"D18-1389","karadzhov-etal-2017-fully","0.74359"
"karadzhov-etal-2017-fully","D18-1389","0.74359"
"D19-1216","gencheva-etal-2017-context","0.2"
"gencheva-etal-2017-context","D19-1216","0.2"
"D19-1216","karadzhov-etal-2017-fully","1.27692"
"karadzhov-etal-2017-fully","D19-1216","1.27692"
"gencheva-etal-2017-context","karadzhov-etal-2017-fully","0.542857"
"karadzhov-etal-2017-fully","gencheva-etal-2017-context","0.542857"
"gencheva-etal-2017-context","N18-2004","0.4"
"N18-2004","gencheva-etal-2017-context","0.4"
"gencheva-etal-2017-context","R19-1141","1.2"
"R19-1141","gencheva-etal-2017-context","1.2"
"karadzhov-etal-2017-fully","N18-2004","1.48645"
"N18-2004","karadzhov-etal-2017-fully","1.48645"
"karadzhov-etal-2017-fully","R19-1141","0.2"
"R19-1141","karadzhov-etal-2017-fully","0.2"
"D18-1389","S17-2088","1.76667"
"S17-2088","D18-1389","1.76667"
"D18-1389","D18-1452","0.5"
"D18-1452","D18-1389","0.5"
"D18-1452","N18-5006","0.5"
"N18-5006","D18-1452","0.5"
"D19-1565","N18-5006","0.47619"
"N18-5006","D19-1565","0.47619"
"D18-1389","karadzhov-etal-2017-built","0.510256"
"karadzhov-etal-2017-built","D18-1389","0.510256"
"D18-1389","P16-2065","0.676923"
"P16-2065","D18-1389","0.676923"
"karadzhov-etal-2017-built","P16-2065","0.920971"
"P16-2065","karadzhov-etal-2017-built","0.920971"
"karadzhov-etal-2017-built","S17-2088","0.57619"
"S17-2088","karadzhov-etal-2017-built","0.57619"
"P16-2065","S17-2088","0.57619"
"S17-2088","P16-2065","0.57619"
"D18-1389","K15-1032","0.386447"
"K15-1032","D18-1389","0.386447"
"D18-1389","nakov-etal-2017-trust","0.266667"
"nakov-etal-2017-trust","D18-1389","0.266667"
"K15-1032","karadzhov-etal-2017-fully","0.854304"
"karadzhov-etal-2017-fully","K15-1032","0.854304"
"K15-1032","N18-1070","0.654304"
"N18-1070","K15-1032","0.654304"
"K15-1032","N18-2004","0.586447"
"N18-2004","K15-1032","0.586447"
"K15-1032","nakov-etal-2017-trust","0.291667"
"nakov-etal-2017-trust","K15-1032","0.291667"
"karadzhov-etal-2017-fully","N18-1070","0.854304"
"N18-1070","karadzhov-etal-2017-fully","0.854304"
"karadzhov-etal-2017-fully","nakov-etal-2017-trust","0.391667"
"nakov-etal-2017-trust","karadzhov-etal-2017-fully","0.391667"
"karadzhov-etal-2017-fully","P16-2065","0.954304"
"P16-2065","karadzhov-etal-2017-fully","0.954304"
"N18-1070","nakov-etal-2017-trust","0.291667"
"nakov-etal-2017-trust","N18-1070","0.291667"
"N18-1070","P16-2065","0.654304"
"P16-2065","N18-1070","0.654304"
"N18-2004","nakov-etal-2017-trust","0.166667"
"nakov-etal-2017-trust","N18-2004","0.166667"
"N18-2004","P16-2065","0.586447"
"P16-2065","N18-2004","0.586447"
"nakov-etal-2017-trust","P16-2065","0.391667"
"P16-2065","nakov-etal-2017-trust","0.391667"
"D18-1389","R15-1058","0.0769231"
"R15-1058","D18-1389","0.0769231"
"D18-1389","S19-2149","0.21978"
"S19-2149","D18-1389","0.21978"
"D19-1216","D19-1565","1.07692"
"D19-1565","D19-1216","1.07692"
"D19-1216","K15-1032","0.0769231"
"K15-1032","D19-1216","0.0769231"
"D19-1216","karadzhov-etal-2017-built","0.0769231"
"karadzhov-etal-2017-built","D19-1216","0.0769231"
"D19-1216","P16-2065","0.0769231"
"P16-2065","D19-1216","0.0769231"
"D19-1216","R15-1058","0.0769231"
"R15-1058","D19-1216","0.0769231"
"D19-1216","S19-2149","0.0769231"
"S19-2149","D19-1216","0.0769231"
"D19-1452","D19-1565","0.0769231"
"D19-1565","D19-1452","0.0769231"
"D19-1452","K15-1032","0.0769231"
"K15-1032","D19-1452","0.0769231"
"D19-1452","karadzhov-etal-2017-built","0.0769231"
"karadzhov-etal-2017-built","D19-1452","0.0769231"
"D19-1452","karadzhov-etal-2017-fully","0.276923"
"karadzhov-etal-2017-fully","D19-1452","0.276923"
"D19-1452","P16-2065","0.0769231"
"P16-2065","D19-1452","0.0769231"
"D19-1452","R15-1058","0.0769231"
"R15-1058","D19-1452","0.0769231"
"D19-1452","S19-2149","0.0769231"
"S19-2149","D19-1452","0.0769231"
"D19-1565","K15-1032","0.21978"
"K15-1032","D19-1565","0.21978"
"D19-1565","karadzhov-etal-2017-built","0.0769231"
"karadzhov-etal-2017-built","D19-1565","0.0769231"
"D19-1565","karadzhov-etal-2017-fully","0.0769231"
"karadzhov-etal-2017-fully","D19-1565","0.0769231"
"D19-1565","P16-2065","0.0769231"
"P16-2065","D19-1565","0.0769231"
"D19-1565","R15-1058","0.0769231"
"R15-1058","D19-1565","0.0769231"
"D19-1565","S19-2149","0.21978"
"S19-2149","D19-1565","0.21978"
"D19-3038","K15-1032","0.21978"
"K15-1032","D19-3038","0.21978"
"D19-3038","karadzhov-etal-2017-built","0.0769231"
"karadzhov-etal-2017-built","D19-3038","0.0769231"
"D19-3038","karadzhov-etal-2017-fully","0.0769231"
"karadzhov-etal-2017-fully","D19-3038","0.0769231"
"D19-3038","P16-2065","0.0769231"
"P16-2065","D19-3038","0.0769231"
"D19-3038","R15-1058","0.0769231"
"R15-1058","D19-3038","0.0769231"
"D19-3038","S19-2149","0.553114"
"S19-2149","D19-3038","0.553114"
"K15-1032","karadzhov-etal-2017-built","0.487637"
"karadzhov-etal-2017-built","K15-1032","0.487637"
"K15-1032","N19-1216","0.21978"
"N19-1216","K15-1032","0.21978"
"K15-1032","S19-2149","0.34478"
"S19-2149","K15-1032","0.34478"
"karadzhov-etal-2017-built","karadzhov-etal-2017-fully","0.587637"
"karadzhov-etal-2017-fully","karadzhov-etal-2017-built","0.587637"
"karadzhov-etal-2017-built","N18-1070","0.487637"
"N18-1070","karadzhov-etal-2017-built","0.487637"
"karadzhov-etal-2017-built","N18-2004","0.21978"
"N18-2004","karadzhov-etal-2017-built","0.21978"
"karadzhov-etal-2017-built","N19-1216","0.176923"
"N19-1216","karadzhov-etal-2017-built","0.176923"
"karadzhov-etal-2017-built","R15-1058","0.487637"
"R15-1058","karadzhov-etal-2017-built","0.487637"
"karadzhov-etal-2017-built","S19-2149","0.201923"
"S19-2149","karadzhov-etal-2017-built","0.201923"
"karadzhov-etal-2017-fully","N19-1216","0.376923"
"N19-1216","karadzhov-etal-2017-fully","0.376923"
"karadzhov-etal-2017-fully","R15-1058","0.487637"
"R15-1058","karadzhov-etal-2017-fully","0.487637"
"karadzhov-etal-2017-fully","S19-2149","0.701923"
"S19-2149","karadzhov-etal-2017-fully","0.701923"
"N18-1070","R15-1058","0.487637"
"R15-1058","N18-1070","0.487637"
"N18-1070","S19-2149","0.535256"
"S19-2149","N18-1070","0.535256"
"N18-2004","R15-1058","0.21978"
"R15-1058","N18-2004","0.21978"
"N18-2004","S19-2149","0.410256"
"S19-2149","N18-2004","0.410256"
"N19-1216","P16-2065","0.176923"
"P16-2065","N19-1216","0.176923"
"N19-1216","R15-1058","0.0769231"
"R15-1058","N19-1216","0.0769231"
"N19-1216","S19-2149","0.21978"
"S19-2149","N19-1216","0.21978"
"P16-2065","S19-2149","0.201923"
"S19-2149","P16-2065","0.201923"
"R15-1058","S19-2149","0.201923"
"S19-2149","R15-1058","0.201923"
"D19-1565","gencheva-etal-2017-context","0.142857"
"gencheva-etal-2017-context","D19-1565","0.142857"
"D19-3038","gencheva-etal-2017-context","0.142857"
"gencheva-etal-2017-context","D19-3038","0.142857"
"gencheva-etal-2017-context","K15-1032","0.485714"
"K15-1032","gencheva-etal-2017-context","0.485714"
"gencheva-etal-2017-context","N18-5006","0.485714"
"N18-5006","gencheva-etal-2017-context","0.485714"
"gencheva-etal-2017-context","N19-1216","0.142857"
"N19-1216","gencheva-etal-2017-context","0.142857"
"gencheva-etal-2017-context","S19-2149","0.142857"
"S19-2149","gencheva-etal-2017-context","0.142857"
"K15-1032","N18-5006","0.610714"
"N18-5006","K15-1032","0.610714"
"N18-5006","S19-2149","0.267857"
"S19-2149","N18-5006","0.267857"
"D18-1389","S15-2047","0.1"
"S15-2047","D18-1389","0.1"
"D18-1389","S16-1001","0.433333"
"S16-1001","D18-1389","0.433333"
"D18-1389","S16-1083","0.1"
"S16-1083","D18-1389","0.1"
"D18-1389","S17-2003","0.1"
"S17-2003","D18-1389","0.1"
"karadzhov-etal-2017-built","nakov-etal-2017-trust","0.225"
"nakov-etal-2017-trust","karadzhov-etal-2017-built","0.225"
"karadzhov-etal-2017-built","S15-2047","0.1"
"S15-2047","karadzhov-etal-2017-built","0.1"
"karadzhov-etal-2017-built","S16-1001","0.1"
"S16-1001","karadzhov-etal-2017-built","0.1"
"karadzhov-etal-2017-built","S16-1083","0.1"
"S16-1083","karadzhov-etal-2017-built","0.1"
"karadzhov-etal-2017-built","S17-2003","0.1"
"S17-2003","karadzhov-etal-2017-built","0.1"
"karadzhov-etal-2017-fully","S15-2047","1.1"
"S15-2047","karadzhov-etal-2017-fully","1.1"
"karadzhov-etal-2017-fully","S16-1001","0.1"
"S16-1001","karadzhov-etal-2017-fully","0.1"
"karadzhov-etal-2017-fully","S16-1083","0.1"
"S16-1083","karadzhov-etal-2017-fully","0.1"
"karadzhov-etal-2017-fully","S17-2003","0.1"
"S17-2003","karadzhov-etal-2017-fully","0.1"
"karadzhov-etal-2017-fully","S17-2088","0.242857"
"S17-2088","karadzhov-etal-2017-fully","0.242857"
"N19-1216","nakov-etal-2017-trust","0.1"
"nakov-etal-2017-trust","N19-1216","0.1"
"N19-1216","S15-2047","0.1"
"S15-2047","N19-1216","0.1"
"N19-1216","S16-1001","0.1"
"S16-1001","N19-1216","0.1"
"N19-1216","S16-1083","0.1"
"S16-1083","N19-1216","0.1"
"N19-1216","S17-2003","0.1"
"S17-2003","N19-1216","0.1"
"N19-1216","S17-2088","0.1"
"S17-2088","N19-1216","0.1"
"nakov-etal-2017-trust","S15-2047","0.1"
"S15-2047","nakov-etal-2017-trust","0.1"
"nakov-etal-2017-trust","S16-1001","0.1"
"S16-1001","nakov-etal-2017-trust","0.1"
"nakov-etal-2017-trust","S16-1083","0.1"
"S16-1083","nakov-etal-2017-trust","0.1"
"nakov-etal-2017-trust","S17-2003","0.1"
"S17-2003","nakov-etal-2017-trust","0.1"
"nakov-etal-2017-trust","S17-2088","0.1"
"S17-2088","nakov-etal-2017-trust","0.1"
"P16-2065","S16-1001","0.1"
"S16-1001","P16-2065","0.1"
"P16-2065","S16-1083","0.1"
"S16-1083","P16-2065","0.1"
"P16-2065","S17-2003","0.1"
"S17-2003","P16-2065","0.1"
"S15-2047","S16-1001","0.1"
"S16-1001","S15-2047","0.1"
"S15-2047","S17-2088","0.1"
"S17-2088","S15-2047","0.1"
"S16-1001","S16-1083","0.1"
"S16-1083","S16-1001","0.1"
"S16-1001","S17-2003","0.1"
"S17-2003","S16-1001","0.1"
"S16-1001","S17-2088","15.6"
"S17-2088","S16-1001","15.6"
"S16-1083","S17-2088","0.1"
"S17-2088","S16-1083","0.1"
"S17-2003","S17-2088","0.1"
"S17-2088","S17-2003","0.1"
"D18-1389","S15-2078","0.333333"
"S15-2078","D18-1389","0.333333"
"S15-2078","S16-1001","9.19444"
"S16-1001","S15-2078","9.19444"
"S15-2078","S17-2088","7.83333"
"S17-2088","S15-2078","7.83333"
"E12-1050","R19-1127","0.5"
"R19-1127","E12-1050","0.5"
"R09-1022","R19-1127","1.5"
"R19-1127","R09-1022","1.5"
"E12-1050","W09-4105","1"
"W09-4105","E12-1050","1"
"gencheva-etal-2017-context","P16-2065","0.342857"
"P16-2065","gencheva-etal-2017-context","0.342857"
