"2020.lrec-1.290","C14-1174","0.333333"
"C14-1174","2020.lrec-1.290","0.333333"
"2020.lrec-1.290","I13-1044","0.333333"
"I13-1044","2020.lrec-1.290","0.333333"
"2020.lrec-1.290","R13-1099","0.333333"
"R13-1099","2020.lrec-1.290","0.333333"
"C14-1174","I13-1044","0.7"
"I13-1044","C14-1174","0.7"
"C14-1174","R13-1099","0.7"
"R13-1099","C14-1174","0.7"
"I13-1044","R13-1099","1.95"
"R13-1099","I13-1044","1.95"
"C10-1125","E12-1007","0.166667"
"E12-1007","C10-1125","0.166667"
"C10-1125","P13-2046","0.166667"
"P13-2046","C10-1125","0.166667"
"C10-1125","R11-1089","0.416667"
"R11-1089","C10-1125","0.416667"
"C10-1125","R13-1099","0.166667"
"R13-1099","C10-1125","0.166667"
"C10-1125","vincze-2012-light","1"
"vincze-2012-light","C10-1125","1"
"C10-1125","vincze-etal-2010-hungarian","0.166667"
"vincze-etal-2010-hungarian","C10-1125","0.166667"
"E12-1007","P13-2046","0.166667"
"P13-2046","E12-1007","0.166667"
"E12-1007","R11-1089","0.166667"
"R11-1089","E12-1007","0.166667"
"E12-1007","R13-1099","0.666667"
"R13-1099","E12-1007","0.666667"
"E12-1007","vincze-2012-light","0.166667"
"vincze-2012-light","E12-1007","0.166667"
"E12-1007","vincze-etal-2010-hungarian","2.66667"
"vincze-etal-2010-hungarian","E12-1007","2.66667"
"P13-2046","R11-1089","0.166667"
"R11-1089","P13-2046","0.166667"
"P13-2046","R13-1099","0.166667"
"R13-1099","P13-2046","0.166667"
"P13-2046","vincze-2012-light","0.166667"
"vincze-2012-light","P13-2046","0.166667"
"P13-2046","vincze-etal-2010-hungarian","0.166667"
"vincze-etal-2010-hungarian","P13-2046","0.166667"
"R11-1089","R13-1099","0.166667"
"R13-1099","R11-1089","0.166667"
"R11-1089","vincze-2012-light","0.666667"
"vincze-2012-light","R11-1089","0.666667"
"R11-1089","vincze-etal-2010-hungarian","0.166667"
"vincze-etal-2010-hungarian","R11-1089","0.166667"
"R13-1099","vincze-2012-light","0.166667"
"vincze-2012-light","R13-1099","0.166667"
"R13-1099","vincze-etal-2010-hungarian","2.66667"
"vincze-etal-2010-hungarian","R13-1099","2.66667"
"vincze-2012-light","vincze-etal-2010-hungarian","0.309524"
"vincze-etal-2010-hungarian","vincze-2012-light","0.309524"
"C10-1125","R11-1040","2.08333"
"R11-1040","C10-1125","2.08333"
"C10-1125","W11-0817","1.58333"
"W11-0817","C10-1125","1.58333"
"R11-1040","vincze-2012-light","1.47619"
"vincze-2012-light","R11-1040","1.47619"
"R11-1040","W11-0817","1.58333"
"W11-0817","R11-1040","1.58333"
"vincze-2012-light","W11-0817","0.333333"
"W11-0817","vincze-2012-light","0.333333"
"C10-1125","W10-3001","0.25"
"W10-3001","C10-1125","0.25"
"R11-1040","R11-1089","0.75"
"R11-1089","R11-1040","0.75"
"R11-1040","W10-3001","0.25"
"W10-3001","R11-1040","0.25"
"R11-1089","W10-3001","0.25"
"W10-3001","R11-1089","0.25"
"R11-1089","W11-0817","0.25"
"W11-0817","R11-1089","0.25"
"W10-3001","W11-0817","0.25"
"W11-0817","W10-3001","0.25"
"C14-1174","W08-0606","1.86667"
"W08-0606","C14-1174","1.86667"
"C14-1174","J12-2004","0.866667"
"J12-2004","C14-1174","0.866667"
"J12-2004","W08-0606","3.11667"
"W08-0606","J12-2004","3.11667"
"C14-1174","W10-3001","1.36667"
"W10-3001","C14-1174","1.36667"
"I13-1044","J12-2004","1.61667"
"J12-2004","I13-1044","1.61667"
"I13-1044","W08-0606","1.11667"
"W08-0606","I13-1044","1.11667"
"I13-1044","W10-3001","2.11667"
"W10-3001","I13-1044","2.11667"
"J12-2004","R13-1099","0.616667"
"R13-1099","J12-2004","0.616667"
"J12-2004","W10-3001","6.11667"
"W10-3001","J12-2004","6.11667"
"R13-1099","W08-0606","0.616667"
"W08-0606","R13-1099","0.616667"
"R13-1099","W10-3001","0.616667"
"W10-3001","R13-1099","0.616667"
"W08-0606","W10-3001","52.6167"
"W10-3001","W08-0606","52.6167"
"C14-1174","W14-4909","0.166667"
"W14-4909","C14-1174","0.166667"
"I13-1044","W14-4909","0.166667"
"W14-4909","I13-1044","0.166667"
"J12-2004","W14-4909","0.166667"
"W14-4909","J12-2004","0.166667"
"R13-1099","W14-4909","0.166667"
"W14-4909","R13-1099","0.166667"
"W08-0606","W14-4909","0.166667"
"W14-4909","W08-0606","0.166667"
"W10-3001","W14-4909","0.166667"
"W14-4909","W10-3001","0.166667"
"E12-1007","W13-4917","0.5"
"W13-4917","E12-1007","0.5"
"vincze-etal-2010-hungarian","W13-4917","7.64286"
"W13-4917","vincze-etal-2010-hungarian","7.64286"
"E12-1007","vincze-etal-2014-automatic","0.5"
"vincze-etal-2014-automatic","E12-1007","0.5"
"R13-1099","vincze-etal-2014-automatic","0.5"
"vincze-etal-2014-automatic","R13-1099","0.5"
"E17-1034","vincze-etal-2010-hungarian","1.5"
"vincze-etal-2010-hungarian","E17-1034","1.5"
"E17-1034","R13-1099","0.5"
"R13-1099","E17-1034","0.5"
"E17-1034","W13-4917","1"
"W13-4917","E17-1034","1"
"E17-1034","W17-0606","1"
"W17-0606","E17-1034","1"
"I13-1024","W17-1705","2"
"W17-1705","I13-1024","2"
"I13-1024","R11-1040","1.14286"
"R11-1040","I13-1024","1.14286"
"I13-1024","racz-etal-2014-4fx","0.142857"
"racz-etal-2014-4fx","I13-1024","0.142857"
"I13-1024","vincze-2012-light","0.142857"
"vincze-2012-light","I13-1024","0.142857"
"I13-1024","vincze-etal-2010-hungarian","1.14286"
"vincze-etal-2010-hungarian","I13-1024","1.14286"
"I13-1024","W13-4917","0.142857"
"W13-4917","I13-1024","0.142857"
"I13-1024","W14-0803","1.14286"
"W14-0803","I13-1024","1.14286"
"I13-1024","W17-1704","0.142857"
"W17-1704","I13-1024","0.142857"
"R11-1040","racz-etal-2014-4fx","0.142857"
"racz-etal-2014-4fx","R11-1040","0.142857"
"R11-1040","vincze-etal-2010-hungarian","0.142857"
"vincze-etal-2010-hungarian","R11-1040","0.142857"
"R11-1040","W13-4917","1.14286"
"W13-4917","R11-1040","1.14286"
"R11-1040","W14-0803","0.142857"
"W14-0803","R11-1040","0.142857"
"R11-1040","W17-1704","0.142857"
"W17-1704","R11-1040","0.142857"
"racz-etal-2014-4fx","vincze-2012-light","0.142857"
"vincze-2012-light","racz-etal-2014-4fx","0.142857"
"racz-etal-2014-4fx","vincze-etal-2010-hungarian","0.142857"
"vincze-etal-2010-hungarian","racz-etal-2014-4fx","0.142857"
"racz-etal-2014-4fx","W13-4917","0.142857"
"W13-4917","racz-etal-2014-4fx","0.142857"
"racz-etal-2014-4fx","W14-0803","0.142857"
"W14-0803","racz-etal-2014-4fx","0.142857"
"racz-etal-2014-4fx","W17-1704","0.142857"
"W17-1704","racz-etal-2014-4fx","0.142857"
"vincze-2012-light","W13-4917","0.142857"
"W13-4917","vincze-2012-light","0.142857"
"vincze-2012-light","W14-0803","0.142857"
"W14-0803","vincze-2012-light","0.142857"
"vincze-2012-light","W17-1704","2.14286"
"W17-1704","vincze-2012-light","2.14286"
"vincze-etal-2010-hungarian","W14-0803","0.142857"
"W14-0803","vincze-etal-2010-hungarian","0.142857"
"vincze-etal-2010-hungarian","W17-1704","0.142857"
"W17-1704","vincze-etal-2010-hungarian","0.142857"
"W13-4917","W14-0803","0.142857"
"W14-0803","W13-4917","0.142857"
"W13-4917","W17-1704","0.142857"
"W17-1704","W13-4917","0.142857"
"W14-0803","W17-1704","0.142857"
"W17-1704","W14-0803","0.142857"
"I13-1024","P13-2046","2"
"P13-2046","I13-1024","2"
"I13-1024","W11-0817","1"
"W11-0817","I13-1024","1"
"I13-1024","I13-1038","1"
"I13-1038","I13-1024","1"
"J12-2004","W10-3105","0.5"
"W10-3105","J12-2004","0.5"
"W08-0606","W10-3105","6"
"W10-3105","W08-0606","6"
"R13-1099","W13-4917","1"
"W13-4917","R13-1099","1"
"W08-0606","W16-5002","0.5"
"W16-5002","W08-0606","0.5"
"W10-3001","W16-5002","0.5"
"W16-5002","W10-3001","0.5"
"W10-3001","W10-3105","1.5"
"W10-3105","W10-3001","1.5"
"W17-1704","W17-1705","1"
"W17-1705","W17-1704","1"
