"1219810240","2053599246","0.424242"
"2053599246","1219810240","0.424242"
"1219810240","2127052221","0.451269"
"2127052221","1219810240","0.451269"
"1219810240","2149250358","1.36036"
"2149250358","1219810240","1.36036"
"2053599246","2127052221","5.04924"
"2127052221","2053599246","5.04924"
"2053599246","2149250358","4.625"
"2149250358","2053599246","4.625"
"2127052221","2149250358","8.18536"
"2149250358","2127052221","8.18536"
"1219810240","1481202711","0.127027"
"1481202711","1219810240","0.127027"
"1219810240","1515386533","14.4179"
"1515386533","1219810240","14.4179"
"1219810240","1528143466","0.127027"
"1528143466","1219810240","0.127027"
"1219810240","1779054061","0.127027"
"1779054061","1219810240","0.127027"
"1219810240","1991706615","0.127027"
"1991706615","1219810240","0.127027"
"1219810240","1992562179","0.127027"
"1992562179","1219810240","0.127027"
"1219810240","2033974828","0.127027"
"2033974828","1219810240","0.127027"
"1219810240","2167200286","0.127027"
"2167200286","1219810240","0.127027"
"1219810240","2221045997","0.127027"
"2221045997","1219810240","0.127027"
"1219810240","2521935971","0.127027"
"2521935971","1219810240","0.127027"
"1481202711","1515386533","0.127027"
"1515386533","1481202711","0.127027"
"1481202711","1528143466","0.127027"
"1528143466","1481202711","0.127027"
"1481202711","1779054061","0.238138"
"1779054061","1481202711","0.238138"
"1481202711","1991706615","0.127027"
"1991706615","1481202711","0.127027"
"1481202711","1992562179","0.127027"
"1992562179","1481202711","0.127027"
"1481202711","2033974828","0.238138"
"2033974828","1481202711","0.238138"
"1481202711","2167200286","0.724249"
"2167200286","1481202711","0.724249"
"1481202711","2221045997","1.23814"
"2221045997","1481202711","1.23814"
"1481202711","2521935971","0.724249"
"2521935971","1481202711","0.724249"
"1515386533","1528143466","0.127027"
"1528143466","1515386533","0.127027"
"1515386533","1779054061","0.127027"
"1779054061","1515386533","0.127027"
"1515386533","1991706615","0.127027"
"1991706615","1515386533","0.127027"
"1515386533","1992562179","0.127027"
"1992562179","1515386533","0.127027"
"1515386533","2033974828","0.127027"
"2033974828","1515386533","0.127027"
"1515386533","2167200286","0.127027"
"2167200286","1515386533","0.127027"
"1515386533","2221045997","0.127027"
"2221045997","1515386533","0.127027"
"1515386533","2521935971","0.127027"
"2521935971","1515386533","0.127027"
"1528143466","1779054061","6.26988"
"1779054061","1528143466","6.26988"
"1528143466","1991706615","5.74369"
"1991706615","1528143466","5.74369"
"1528143466","1992562179","4.96036"
"1992562179","1528143466","4.96036"
"1528143466","2033974828","0.293694"
"2033974828","1528143466","0.293694"
"1528143466","2167200286","2.51988"
"2167200286","1528143466","2.51988"
"1528143466","2221045997","2.43655"
"2221045997","1528143466","2.43655"
"1528143466","2521935971","8.77941"
"2521935971","1528143466","8.77941"
"1779054061","1991706615","1.96036"
"1991706615","1779054061","1.96036"
"1779054061","1992562179","1.04369"
"1992562179","1779054061","1.04369"
"1779054061","2033974828","0.404805"
"2033974828","1779054061","0.404805"
"1779054061","2167200286","1.73814"
"2167200286","1779054061","1.73814"
"1779054061","2221045997","3.41433"
"2221045997","1779054061","3.41433"
"1779054061","2521935971","2.79766"
"2521935971","1779054061","2.79766"
"1991706615","1992562179","3.46036"
"1992562179","1991706615","3.46036"
"1991706615","2033974828","0.127027"
"2033974828","1991706615","0.127027"
"1991706615","2167200286","0.877027"
"2167200286","1991706615","0.877027"
"1991706615","2221045997","1.54369"
"2221045997","1991706615","1.54369"
"1991706615","2521935971","8.24369"
"2521935971","1991706615","8.24369"
"1992562179","2033974828","0.127027"
"2033974828","1992562179","0.127027"
"1992562179","2167200286","0.293694"
"2167200286","1992562179","0.293694"
"1992562179","2221045997","0.627027"
"2221045997","1992562179","0.627027"
"1992562179","2521935971","3.61314"
"2521935971","1992562179","3.61314"
"2033974828","2167200286","0.238138"
"2167200286","2033974828","0.238138"
"2033974828","2221045997","0.238138"
"2221045997","2033974828","0.238138"
"2033974828","2521935971","1.4048"
"2521935971","2033974828","1.4048"
"2167200286","2221045997","0.988138"
"2221045997","2167200286","0.988138"
"2167200286","2521935971","1.78377"
"2521935971","2167200286","1.78377"
"2221045997","2521935971","2.71433"
"2521935971","2221045997","2.71433"
"1219810240","2004941559","0.2"
"2004941559","1219810240","0.2"
"1219810240","2141762990","0.2"
"2141762990","1219810240","0.2"
"1219810240","2539957464","0.2"
"2539957464","1219810240","0.2"
"1219810240","2800652629","0.2"
"2800652629","1219810240","0.2"
"1515386533","2004941559","0.2"
"2004941559","1515386533","0.2"
"1515386533","2141762990","0.4"
"2141762990","1515386533","0.4"
"1515386533","2539957464","0.2"
"2539957464","1515386533","0.2"
"1515386533","2800652629","0.7"
"2800652629","1515386533","0.7"
"2004941559","2141762990","0.2"
"2141762990","2004941559","0.2"
"2004941559","2539957464","0.2"
"2539957464","2004941559","0.2"
"2004941559","2800652629","0.2"
"2800652629","2004941559","0.2"
"2141762990","2539957464","2.64444"
"2539957464","2141762990","2.64444"
"2141762990","2800652629","0.2"
"2800652629","2141762990","0.2"
"2539957464","2800652629","0.2"
"2800652629","2539957464","0.2"
"1219810240","139582188","0.027027"
"139582188","1219810240","0.027027"
"1219810240","1544435806","0.027027"
"1544435806","1219810240","0.027027"
"1219810240","1603430026","0.027027"
"1603430026","1219810240","0.027027"
"1219810240","1769920533","0.027027"
"1769920533","1219810240","0.027027"
"1219810240","1777764582","0.117936"
"1777764582","1219810240","0.117936"
"1219810240","1801457577","0.027027"
"1801457577","1219810240","0.027027"
"1219810240","1980499647","0.117936"
"1980499647","1219810240","0.117936"
"1219810240","1989839627","0.027027"
"1989839627","1219810240","0.027027"
"1219810240","2080977773","0.027027"
"2080977773","1219810240","0.027027"
"1219810240","2094522125","0.027027"
"2094522125","1219810240","0.027027"
"1219810240","2125744175","0.027027"
"2125744175","1219810240","0.027027"
"1219810240","2131033000","0.027027"
"2131033000","1219810240","0.027027"
"1219810240","2136631923","0.027027"
"2136631923","1219810240","0.027027"
"1219810240","2137515077","0.117936"
"2137515077","1219810240","0.117936"
"1219810240","2150494876","0.117936"
"2150494876","1219810240","0.117936"
"1219810240","2158022141","0.027027"
"2158022141","1219810240","0.027027"
"1219810240","2158474152","0.027027"
"2158474152","1219810240","0.027027"
"1219810240","2159777963","0.027027"
"2159777963","1219810240","0.027027"
"1219810240","2242794960","0.027027"
"2242794960","1219810240","0.027027"
"1219810240","2477562448","0.027027"
"2477562448","1219810240","0.027027"
"1219810240","2490879758","0.027027"
"2490879758","1219810240","0.027027"
"1219810240","2532745482","0.027027"
"2532745482","1219810240","0.027027"
"1219810240","2802626720","0.027027"
"2802626720","1219810240","0.027027"
"1219810240","2952691467","0.027027"
"2952691467","1219810240","0.027027"
"1219810240","2962829246","0.027027"
"2962829246","1219810240","0.027027"
"139582188","1481202711","0.138138"
"1481202711","139582188","0.138138"
"139582188","1515386533","0.027027"
"1515386533","139582188","0.027027"
"139582188","1528143466","0.027027"
"1528143466","139582188","0.027027"
"139582188","1544435806","0.138138"
"1544435806","139582188","0.138138"
"139582188","1603430026","1.02703"
"1603430026","139582188","1.02703"
"139582188","1769920533","0.027027"
"1769920533","139582188","0.027027"
"139582188","1777764582","0.027027"
"1777764582","139582188","0.027027"
"139582188","1779054061","0.138138"
"1779054061","139582188","0.138138"
"139582188","1801457577","0.027027"
"1801457577","139582188","0.027027"
"139582188","1980499647","0.227027"
"1980499647","139582188","0.227027"
"139582188","1989839627","0.527027"
"1989839627","139582188","0.527027"
"139582188","1991706615","0.36036"
"1991706615","139582188","0.36036"
"139582188","1992562179","0.027027"
"1992562179","139582188","0.027027"
"139582188","2033974828","0.138138"
"2033974828","139582188","0.138138"
"139582188","2080977773","0.027027"
"2080977773","139582188","0.027027"
"139582188","2094522125","0.027027"
"2094522125","139582188","0.027027"
"139582188","2125744175","0.027027"
"2125744175","139582188","0.027027"
"139582188","2127052221","0.152027"
"2127052221","139582188","0.152027"
"139582188","2131033000","1.02703"
"2131033000","139582188","1.02703"
"139582188","2136631923","0.027027"
"2136631923","139582188","0.027027"
"139582188","2137515077","0.86036"
"2137515077","139582188","0.86036"
"139582188","2149250358","0.152027"
"2149250358","139582188","0.152027"
"139582188","2150494876","0.027027"
"2150494876","139582188","0.027027"
"139582188","2158022141","0.027027"
"2158022141","139582188","0.027027"
"139582188","2158474152","0.027027"
"2158474152","139582188","0.027027"
"139582188","2159777963","0.027027"
"2159777963","139582188","0.027027"
"139582188","2167200286","0.638138"
"2167200286","139582188","0.638138"
"139582188","2221045997","0.138138"
"2221045997","139582188","0.138138"
"139582188","2242794960","1.51869"
"2242794960","139582188","1.51869"
"139582188","2477562448","1.02703"
"2477562448","139582188","1.02703"
"139582188","2490879758","0.527027"
"2490879758","139582188","0.527027"
"139582188","2521935971","0.138138"
"2521935971","139582188","0.138138"
"139582188","2532745482","0.027027"
"2532745482","139582188","0.027027"
"139582188","2802626720","0.027027"
"2802626720","139582188","0.027027"
"139582188","2952691467","0.027027"
"2952691467","139582188","0.027027"
"139582188","2962829246","0.652027"
"2962829246","139582188","0.652027"
"1481202711","1544435806","0.463138"
"1544435806","1481202711","0.463138"
"1481202711","1603430026","0.027027"
"1603430026","1481202711","0.027027"
"1481202711","1769920533","0.027027"
"1769920533","1481202711","0.027027"
"1481202711","1777764582","0.138138"
"1777764582","1481202711","0.138138"
"1481202711","1801457577","0.152027"
"1801457577","1481202711","0.152027"
"1481202711","1980499647","0.027027"
"1980499647","1481202711","0.027027"
"1481202711","1989839627","0.027027"
"1989839627","1481202711","0.027027"
"1481202711","2080977773","0.027027"
"2080977773","1481202711","0.027027"
"1481202711","2094522125","0.027027"
"2094522125","1481202711","0.027027"
"1481202711","2125744175","0.027027"
"2125744175","1481202711","0.027027"
"1481202711","2127052221","0.527027"
"2127052221","1481202711","0.527027"
"1481202711","2131033000","0.527027"
"2131033000","1481202711","0.527027"
"1481202711","2136631923","0.152027"
"2136631923","1481202711","0.152027"
"1481202711","2137515077","0.513138"
"2137515077","1481202711","0.513138"
"1481202711","2149250358","0.527027"
"2149250358","1481202711","0.527027"
"1481202711","2150494876","0.138138"
"2150494876","1481202711","0.138138"
"1481202711","2158022141","0.027027"
"2158022141","1481202711","0.027027"
"1481202711","2158474152","0.138138"
"2158474152","1481202711","0.138138"
"1481202711","2159777963","0.027027"
"2159777963","1481202711","0.027027"
"1481202711","2242794960","0.027027"
"2242794960","1481202711","0.027027"
"1481202711","2477562448","0.527027"
"2477562448","1481202711","0.527027"
"1481202711","2490879758","0.027027"
"2490879758","1481202711","0.027027"
"1481202711","2532745482","0.027027"
"2532745482","1481202711","0.027027"
"1481202711","2802626720","0.027027"
"2802626720","1481202711","0.027027"
"1481202711","2952691467","0.027027"
"2952691467","1481202711","0.027027"
"1481202711","2962829246","0.027027"
"2962829246","1481202711","0.027027"
"1515386533","1544435806","0.027027"
"1544435806","1515386533","0.027027"
"1515386533","1603430026","0.027027"
"1603430026","1515386533","0.027027"
"1515386533","1769920533","0.027027"
"1769920533","1515386533","0.027027"
"1515386533","1777764582","1.11794"
"1777764582","1515386533","1.11794"
"1515386533","1801457577","0.027027"
"1801457577","1515386533","0.027027"
"1515386533","1980499647","0.117936"
"1980499647","1515386533","0.117936"
"1515386533","1989839627","0.027027"
"1989839627","1515386533","0.027027"
"1515386533","2080977773","0.027027"
"2080977773","1515386533","0.027027"
"1515386533","2094522125","0.027027"
"2094522125","1515386533","0.027027"
"1515386533","2125744175","0.027027"
"2125744175","1515386533","0.027027"
"1515386533","2127052221","2.4346"
"2127052221","1515386533","2.4346"
"1515386533","2131033000","0.027027"
"2131033000","1515386533","0.027027"
"1515386533","2136631923","0.027027"
"2136631923","1515386533","0.027027"
"1515386533","2137515077","0.117936"
"2137515077","1515386533","0.117936"
"1515386533","2149250358","5.89369"
"2149250358","1515386533","5.89369"
"1515386533","2150494876","0.117936"
"2150494876","1515386533","0.117936"
"1515386533","2158022141","0.027027"
"2158022141","1515386533","0.027027"
"1515386533","2158474152","0.027027"
"2158474152","1515386533","0.027027"
"1515386533","2159777963","0.027027"
"2159777963","1515386533","0.027027"
"1515386533","2242794960","1.02703"
"2242794960","1515386533","1.02703"
"1515386533","2477562448","0.027027"
"2477562448","1515386533","0.027027"
"1515386533","2490879758","0.027027"
"2490879758","1515386533","0.027027"
"1515386533","2532745482","0.027027"
"2532745482","1515386533","0.027027"
"1515386533","2802626720","0.027027"
"2802626720","1515386533","0.027027"
"1515386533","2952691467","0.027027"
"2952691467","1515386533","0.027027"
"1515386533","2962829246","0.027027"
"2962829246","1515386533","0.027027"
"1528143466","1544435806","0.312741"
"1544435806","1528143466","0.312741"
"1528143466","1603430026","0.527027"
"1603430026","1528143466","0.527027"
"1528143466","1769920533","2.66988"
"1769920533","1528143466","2.66988"
"1528143466","1777764582","1.41988"
"1777764582","1528143466","1.41988"
"1528143466","1801457577","0.027027"
"1801457577","1528143466","0.027027"
"1528143466","1980499647","0.027027"
"1980499647","1528143466","0.027027"
"1528143466","1989839627","0.193694"
"1989839627","1528143466","0.193694"
"1528143466","2080977773","1.16988"
"2080977773","1528143466","1.16988"
"1528143466","2094522125","0.027027"
"2094522125","1528143466","0.027027"
"1528143466","2125744175","0.027027"
"2125744175","1528143466","0.027027"
"1528143466","2127052221","0.027027"
"2127052221","1528143466","0.027027"
"1528143466","2131033000","0.027027"
"2131033000","1528143466","0.027027"
"1528143466","2136631923","0.227027"
"2136631923","1528143466","0.227027"
"1528143466","2137515077","0.753218"
"2137515077","1528143466","0.753218"
"1528143466","2149250358","0.027027"
"2149250358","1528143466","0.027027"
"1528143466","2150494876","0.419884"
"2150494876","1528143466","0.419884"
"1528143466","2158022141","0.027027"
"2158022141","1528143466","0.027027"
"1528143466","2158474152","0.227027"
"2158474152","1528143466","0.227027"
"1528143466","2159777963","0.027027"
"2159777963","1528143466","0.027027"
"1528143466","2242794960","0.277027"
"2242794960","1528143466","0.277027"
"1528143466","2477562448","1.02703"
"2477562448","1528143466","1.02703"
"1528143466","2490879758","0.027027"
"2490879758","1528143466","0.027027"
"1528143466","2532745482","0.027027"
"2532745482","1528143466","0.027027"
"1528143466","2802626720","0.027027"
"2802626720","1528143466","0.027027"
"1528143466","2952691467","0.193694"
"2952691467","1528143466","0.193694"
"1528143466","2962829246","1.56036"
"2962829246","1528143466","1.56036"
"1544435806","1603430026","0.027027"
"1603430026","1544435806","0.027027"
"1544435806","1769920533","0.169884"
"1769920533","1544435806","0.169884"
"1544435806","1777764582","0.169884"
"1777764582","1544435806","0.169884"
"1544435806","1779054061","0.447662"
"1779054061","1544435806","0.447662"
"1544435806","1801457577","0.152027"
"1801457577","1544435806","0.152027"
"1544435806","1980499647","1.44369"
"1980499647","1544435806","1.44369"
"1544435806","1989839627","0.227027"
"1989839627","1544435806","0.227027"
"1544435806","1991706615","0.027027"
"1991706615","1544435806","0.027027"
"1544435806","1992562179","0.138138"
"1992562179","1544435806","0.138138"
"1544435806","2033974828","0.138138"
"2033974828","1544435806","0.138138"
"1544435806","2080977773","0.169884"
"2080977773","1544435806","0.169884"
"1544435806","2094522125","0.027027"
"2094522125","1544435806","0.027027"
"1544435806","2125744175","0.027027"
"2125744175","1544435806","0.027027"
"1544435806","2127052221","0.027027"
"2127052221","1544435806","0.027027"
"1544435806","2131033000","0.027027"
"2131033000","1544435806","0.027027"
"1544435806","2136631923","0.902027"
"2136631923","1544435806","0.902027"
"1544435806","2137515077","0.461551"
"2137515077","1544435806","0.461551"
"1544435806","2149250358","0.027027"
"2149250358","1544435806","0.027027"
"1544435806","2150494876","0.169884"
"2150494876","1544435806","0.169884"
"1544435806","2158022141","0.027027"
"2158022141","1544435806","0.027027"
"1544435806","2158474152","0.277027"
"2158474152","1544435806","0.277027"
"1544435806","2159777963","0.027027"
"2159777963","1544435806","0.027027"
"1544435806","2167200286","0.572662"
"2167200286","1544435806","0.572662"
"1544435806","2221045997","0.447662"
"2221045997","1544435806","0.447662"
"1544435806","2242794960","2.52703"
"2242794960","1544435806","2.52703"
"1544435806","2477562448","0.138138"
"2477562448","1544435806","0.138138"
"1544435806","2490879758","0.138138"
"2490879758","1544435806","0.138138"
"1544435806","2521935971","0.82663"
"2521935971","1544435806","0.82663"
"1544435806","2532745482","0.027027"
"2532745482","1544435806","0.027027"
"1544435806","2802626720","0.027027"
"2802626720","1544435806","0.027027"
"1544435806","2952691467","0.227027"
"2952691467","1544435806","0.227027"
"1544435806","2962829246","1.06036"
"2962829246","1544435806","1.06036"
"1603430026","1769920533","0.027027"
"1769920533","1603430026","0.027027"
"1603430026","1777764582","0.027027"
"1777764582","1603430026","0.027027"
"1603430026","1779054061","0.027027"
"1779054061","1603430026","0.027027"
"1603430026","1801457577","0.027027"
"1801457577","1603430026","0.027027"
"1603430026","1980499647","0.027027"
"1980499647","1603430026","0.027027"
"1603430026","1989839627","0.027027"
"1989839627","1603430026","0.027027"
"1603430026","1991706615","0.027027"
"1991706615","1603430026","0.027027"
"1603430026","1992562179","0.027027"
"1992562179","1603430026","0.027027"
"1603430026","2033974828","0.027027"
"2033974828","1603430026","0.027027"
"1603430026","2080977773","0.027027"
"2080977773","1603430026","0.027027"
"1603430026","2094522125","1.11036"
"2094522125","1603430026","1.11036"
"1603430026","2125744175","0.027027"
"2125744175","1603430026","0.027027"
"1603430026","2127052221","0.027027"
"2127052221","1603430026","0.027027"
"1603430026","2131033000","0.027027"
"2131033000","1603430026","0.027027"
"1603430026","2136631923","0.027027"
"2136631923","1603430026","0.027027"
"1603430026","2137515077","0.027027"
"2137515077","1603430026","0.027027"
"1603430026","2149250358","0.027027"
"2149250358","1603430026","0.027027"
"1603430026","2150494876","0.027027"
"2150494876","1603430026","0.027027"
"1603430026","2158022141","0.027027"
"2158022141","1603430026","0.027027"
"1603430026","2158474152","0.027027"
"2158474152","1603430026","0.027027"
"1603430026","2159777963","0.027027"
"2159777963","1603430026","0.027027"
"1603430026","2167200286","0.027027"
"2167200286","1603430026","0.027027"
"1603430026","2221045997","0.027027"
"2221045997","1603430026","0.027027"
"1603430026","2242794960","0.027027"
"2242794960","1603430026","0.027027"
"1603430026","2477562448","7.86036"
"2477562448","1603430026","7.86036"
"1603430026","2490879758","0.027027"
"2490879758","1603430026","0.027027"
"1603430026","2521935971","0.777027"
"2521935971","1603430026","0.777027"
"1603430026","2532745482","1.19369"
"2532745482","1603430026","1.19369"
"1603430026","2802626720","1.69369"
"2802626720","1603430026","1.69369"
"1603430026","2952691467","0.027027"
"2952691467","1603430026","0.027027"
"1603430026","2962829246","0.027027"
"2962829246","1603430026","0.027027"
"1769920533","1777764582","0.227027"
"1777764582","1769920533","0.227027"
"1769920533","1779054061","1.00322"
"1779054061","1769920533","1.00322"
"1769920533","1801457577","0.693694"
"1801457577","1769920533","0.693694"
"1769920533","1980499647","0.027027"
"1980499647","1769920533","0.027027"
"1769920533","1989839627","1.47703"
"1989839627","1769920533","1.47703"
"1769920533","1991706615","0.527027"
"1991706615","1769920533","0.527027"
"1769920533","1992562179","0.193694"
"1992562179","1769920533","0.193694"
"1769920533","2033974828","0.193694"
"2033974828","1769920533","0.193694"
"1769920533","2080977773","2.00322"
"2080977773","1769920533","2.00322"
"1769920533","2094522125","0.027027"
"2094522125","1769920533","0.027027"
"1769920533","2125744175","0.48536"
"2125744175","1769920533","0.48536"
"1769920533","2127052221","0.027027"
"2127052221","1769920533","0.027027"
"1769920533","2131033000","0.027027"
"2131033000","1769920533","0.027027"
"1769920533","2136631923","1.02703"
"2136631923","1769920533","1.02703"
"1769920533","2137515077","0.727027"
"2137515077","1769920533","0.727027"
"1769920533","2149250358","0.027027"
"2149250358","1769920533","0.027027"
"1769920533","2150494876","0.227027"
"2150494876","1769920533","0.227027"
"1769920533","2158022141","0.027027"
"2158022141","1769920533","0.027027"
"1769920533","2158474152","1.02703"
"2158474152","1769920533","1.02703"
"1769920533","2159777963","0.693694"
"2159777963","1769920533","0.693694"
"1769920533","2167200286","0.61036"
"2167200286","1769920533","0.61036"
"1769920533","2221045997","1.83655"
"2221045997","1769920533","1.83655"
"1769920533","2242794960","0.477027"
"2242794960","1769920533","0.477027"
"1769920533","2477562448","0.027027"
"2477562448","1769920533","0.027027"
"1769920533","2490879758","0.027027"
"2490879758","1769920533","0.027027"
"1769920533","2521935971","3.36988"
"2521935971","1769920533","3.36988"
"1769920533","2532745482","0.027027"
"2532745482","1769920533","0.027027"
"1769920533","2802626720","0.027027"
"2802626720","1769920533","0.027027"
"1769920533","2952691467","1.47703"
"2952691467","1769920533","1.47703"
"1769920533","2962829246","7.09369"
"2962829246","1769920533","7.09369"
"1777764582","1779054061","0.227027"
"1779054061","1777764582","0.227027"
"1777764582","1801457577","0.117936"
"1801457577","1777764582","0.117936"
"1777764582","1980499647","1.20127"
"1980499647","1777764582","1.20127"
"1777764582","1989839627","0.027027"
"1989839627","1777764582","0.027027"
"1777764582","1991706615","0.027027"
"1991706615","1777764582","0.027027"
"1777764582","1992562179","0.027027"
"1992562179","1777764582","0.027027"
"1777764582","2033974828","0.027027"
"2033974828","1777764582","0.027027"
"1777764582","2080977773","0.027027"
"2080977773","1777764582","0.027027"
"1777764582","2094522125","0.027027"
"2094522125","1777764582","0.027027"
"1777764582","2125744175","0.027027"
"2125744175","1777764582","0.027027"
"1777764582","2127052221","0.117936"
"2127052221","1777764582","0.117936"
"1777764582","2131033000","0.027027"
"2131033000","1777764582","0.027027"
"1777764582","2136631923","0.117936"
"2136631923","1777764582","0.117936"
"1777764582","2137515077","2.60524"
"2137515077","1777764582","2.60524"
"1777764582","2149250358","0.027027"
"2149250358","1777764582","0.027027"
"1777764582","2150494876","11.3628"
"2150494876","1777764582","11.3628"
"1777764582","2158022141","0.027027"
"2158022141","1777764582","0.027027"
"1777764582","2158474152","0.229047"
"2158474152","1777764582","0.229047"
"1777764582","2159777963","0.027027"
"2159777963","1777764582","0.027027"
"1777764582","2167200286","0.280995"
"2167200286","1777764582","0.280995"
"1777764582","2221045997","0.227027"
"2221045997","1777764582","0.227027"
"1777764582","2242794960","0.277027"
"2242794960","1777764582","0.277027"
"1777764582","2477562448","0.027027"
"2477562448","1777764582","0.027027"
"1777764582","2490879758","0.027027"
"2490879758","1777764582","0.027027"
"1777764582","2521935971","1.06433"
"2521935971","1777764582","1.06433"
"1777764582","2532745482","0.027027"
"2532745482","1777764582","0.027027"
"1777764582","2802626720","0.027027"
"2802626720","1777764582","0.027027"
"1777764582","2952691467","0.027027"
"2952691467","1777764582","0.027027"
"1777764582","2962829246","0.227027"
"2962829246","1777764582","0.227027"
"1779054061","1801457577","0.027027"
"1801457577","1779054061","0.027027"
"1779054061","1980499647","0.027027"
"1980499647","1779054061","0.027027"
"1779054061","1989839627","0.027027"
"1989839627","1779054061","0.027027"
"1779054061","2080977773","0.836551"
"2080977773","1779054061","0.836551"
"1779054061","2094522125","0.027027"
"2094522125","1779054061","0.027027"
"1779054061","2125744175","0.027027"
"2125744175","1779054061","0.027027"
"1779054061","2127052221","0.027027"
"2127052221","1779054061","0.027027"
"1779054061","2131033000","0.027027"
"2131033000","1779054061","0.027027"
"1779054061","2136631923","0.027027"
"2136631923","1779054061","0.027027"
"1779054061","2137515077","0.56036"
"2137515077","1779054061","0.56036"
"1779054061","2149250358","0.027027"
"2149250358","1779054061","0.027027"
"1779054061","2150494876","0.227027"
"2150494876","1779054061","0.227027"
"1779054061","2158022141","0.027027"
"2158022141","1779054061","0.027027"
"1779054061","2158474152","0.027027"
"2158474152","1779054061","0.027027"
"1779054061","2159777963","0.027027"
"2159777963","1779054061","0.027027"
"1779054061","2242794960","0.027027"
"2242794960","1779054061","0.027027"
"1779054061","2477562448","0.027027"
"2477562448","1779054061","0.027027"
"1779054061","2490879758","0.027027"
"2490879758","1779054061","0.027027"
"1779054061","2532745482","0.027027"
"2532745482","1779054061","0.027027"
"1779054061","2802626720","0.027027"
"2802626720","1779054061","0.027027"
"1779054061","2952691467","0.027027"
"2952691467","1779054061","0.027027"
"1779054061","2962829246","0.193694"
"2962829246","1779054061","0.193694"
"1801457577","1980499647","0.027027"
"1980499647","1801457577","0.027027"
"1801457577","1989839627","0.669884"
"1989839627","1801457577","0.669884"
"1801457577","1991706615","0.027027"
"1991706615","1801457577","0.027027"
"1801457577","1992562179","0.027027"
"1992562179","1801457577","0.027027"
"1801457577","2033974828","0.027027"
"2033974828","1801457577","0.027027"
"1801457577","2080977773","0.027027"
"2080977773","1801457577","0.027027"
"1801457577","2094522125","0.027027"
"2094522125","1801457577","0.027027"
"1801457577","2125744175","0.294884"
"2125744175","1801457577","0.294884"
"1801457577","2127052221","0.027027"
"2127052221","1801457577","0.027027"
"1801457577","2131033000","0.027027"
"2131033000","1801457577","0.027027"
"1801457577","2136631923","4.41913"
"2136631923","1801457577","4.41913"
"1801457577","2137515077","0.152027"
"2137515077","1801457577","0.152027"
"1801457577","2149250358","0.027027"
"2149250358","1801457577","0.027027"
"1801457577","2150494876","0.117936"
"2150494876","1801457577","0.117936"
"1801457577","2158022141","0.027027"
"2158022141","1801457577","0.027027"
"1801457577","2158474152","2.62746"
"2158474152","1801457577","2.62746"
"1801457577","2159777963","6.70322"
"2159777963","1801457577","6.70322"
"1801457577","2167200286","0.152027"
"2167200286","1801457577","0.152027"
"1801457577","2221045997","0.027027"
"2221045997","1801457577","0.027027"
"1801457577","2242794960","0.477027"
"2242794960","1801457577","0.477027"
"1801457577","2477562448","0.027027"
"2477562448","1801457577","0.027027"
"1801457577","2490879758","0.027027"
"2490879758","1801457577","0.027027"
"1801457577","2521935971","0.152027"
"2521935971","1801457577","0.152027"
"1801457577","2532745482","0.027027"
"2532745482","1801457577","0.027027"
"1801457577","2802626720","0.027027"
"2802626720","1801457577","0.027027"
"1801457577","2952691467","0.669884"
"2952691467","1801457577","0.669884"
"1801457577","2962829246","0.777027"
"2962829246","1801457577","0.777027"
"1980499647","1989839627","0.027027"
"1989839627","1980499647","0.027027"
"1980499647","1991706615","0.027027"
"1991706615","1980499647","0.027027"
"1980499647","1992562179","0.027027"
"1992562179","1980499647","0.027027"
"1980499647","2033974828","0.027027"
"2033974828","1980499647","0.027027"
"1980499647","2080977773","0.027027"
"2080977773","1980499647","0.027027"
"1980499647","2094522125","0.027027"
"2094522125","1980499647","0.027027"
"1980499647","2125744175","0.027027"
"2125744175","1980499647","0.027027"
"1980499647","2127052221","0.117936"
"2127052221","1980499647","0.117936"
"1980499647","2131033000","0.027027"
"2131033000","1980499647","0.027027"
"1980499647","2136631923","0.027027"
"2136631923","1980499647","0.027027"
"1980499647","2137515077","1.84413"
"2137515077","1980499647","1.84413"
"1980499647","2149250358","0.027027"
"2149250358","1980499647","0.027027"
"1980499647","2150494876","1.20127"
"2150494876","1980499647","1.20127"
"1980499647","2158022141","0.027027"
"2158022141","1980499647","0.027027"
"1980499647","2158474152","0.027027"
"2158474152","1980499647","0.027027"
"1980499647","2159777963","0.027027"
"2159777963","1980499647","0.027027"
"1980499647","2167200286","0.027027"
"2167200286","1980499647","0.027027"
"1980499647","2221045997","0.027027"
"2221045997","1980499647","0.027027"
"1980499647","2242794960","0.369884"
"2242794960","1980499647","0.369884"
"1980499647","2477562448","0.027027"
"2477562448","1980499647","0.027027"
"1980499647","2490879758","0.027027"
"2490879758","1980499647","0.027027"
"1980499647","2521935971","1.27703"
"2521935971","1980499647","1.27703"
"1980499647","2532745482","0.027027"
"2532745482","1980499647","0.027027"
"1980499647","2802626720","0.027027"
"2802626720","1980499647","0.027027"
"1980499647","2952691467","0.027027"
"2952691467","1980499647","0.027027"
"1980499647","2962829246","0.027027"
"2962829246","1980499647","0.027027"
"1989839627","1991706615","0.193694"
"1991706615","1989839627","0.193694"
"1989839627","1992562179","0.027027"
"1992562179","1989839627","0.027027"
"1989839627","2033974828","0.027027"
"2033974828","1989839627","0.027027"
"1989839627","2080977773","0.027027"
"2080977773","1989839627","0.027027"
"1989839627","2094522125","0.027027"
"2094522125","1989839627","0.027027"
"1989839627","2125744175","0.169884"
"2125744175","1989839627","0.169884"
"1989839627","2127052221","0.527027"
"2127052221","1989839627","0.527027"
"1989839627","2131033000","0.027027"
"2131033000","1989839627","0.027027"
"1989839627","2136631923","0.169884"
"2136631923","1989839627","0.169884"
"1989839627","2137515077","0.527027"
"2137515077","1989839627","0.527027"
"1989839627","2149250358","0.027027"
"2149250358","1989839627","0.027027"
"1989839627","2150494876","0.027027"
"2150494876","1989839627","0.027027"
"1989839627","2158022141","0.027027"
"2158022141","1989839627","0.027027"
"1989839627","2158474152","0.169884"
"2158474152","1989839627","0.169884"
"1989839627","2159777963","1.16988"
"2159777963","1989839627","1.16988"
"1989839627","2167200286","0.027027"
"2167200286","1989839627","0.027027"
"1989839627","2221045997","0.027027"
"2221045997","1989839627","0.027027"
"1989839627","2242794960","0.227027"
"2242794960","1989839627","0.227027"
"1989839627","2477562448","0.027027"
"2477562448","1989839627","0.027027"
"1989839627","2490879758","0.027027"
"2490879758","1989839627","0.027027"
"1989839627","2521935971","0.61036"
"2521935971","1989839627","0.61036"
"1989839627","2532745482","0.027027"
"2532745482","1989839627","0.027027"
"1989839627","2802626720","0.027027"
"2802626720","1989839627","0.027027"
"1989839627","2952691467","29.1532"
"2952691467","1989839627","29.1532"
"1989839627","2962829246","1.67703"
"2962829246","1989839627","1.67703"
"1991706615","2080977773","0.027027"
"2080977773","1991706615","0.027027"
"1991706615","2094522125","0.027027"
"2094522125","1991706615","0.027027"
"1991706615","2125744175","0.027027"
"2125744175","1991706615","0.027027"
"1991706615","2127052221","0.027027"
"2127052221","1991706615","0.027027"
"1991706615","2131033000","0.027027"
"2131033000","1991706615","0.027027"
"1991706615","2136631923","0.227027"
"2136631923","1991706615","0.227027"
"1991706615","2137515077","0.36036"
"2137515077","1991706615","0.36036"
"1991706615","2149250358","0.027027"
"2149250358","1991706615","0.027027"
"1991706615","2150494876","0.027027"
"2150494876","1991706615","0.027027"
"1991706615","2158022141","0.027027"
"2158022141","1991706615","0.027027"
"1991706615","2158474152","0.227027"
"2158474152","1991706615","0.227027"
"1991706615","2159777963","0.027027"
"2159777963","1991706615","0.027027"
"1991706615","2242794960","0.36036"
"2242794960","1991706615","0.36036"
"1991706615","2477562448","0.027027"
"2477562448","1991706615","0.027027"
"1991706615","2490879758","0.027027"
"2490879758","1991706615","0.027027"
"1991706615","2532745482","0.027027"
"2532745482","1991706615","0.027027"
"1991706615","2802626720","0.027027"
"2802626720","1991706615","0.027027"
"1991706615","2952691467","0.193694"
"2952691467","1991706615","0.193694"
"1991706615","2962829246","0.393694"
"2962829246","1991706615","0.393694"
"1992562179","2080977773","0.027027"
"2080977773","1992562179","0.027027"
"1992562179","2094522125","0.393694"
"2094522125","1992562179","0.393694"
"1992562179","2125744175","0.027027"
"2125744175","1992562179","0.027027"
"1992562179","2127052221","0.027027"
"2127052221","1992562179","0.027027"
"1992562179","2131033000","0.027027"
"2131033000","1992562179","0.027027"
"1992562179","2136631923","0.027027"
"2136631923","1992562179","0.027027"
"1992562179","2137515077","0.027027"
"2137515077","1992562179","0.027027"
"1992562179","2149250358","0.027027"
"2149250358","1992562179","0.027027"
"1992562179","2150494876","0.027027"
"2150494876","1992562179","0.027027"
"1992562179","2158022141","0.027027"
"2158022141","1992562179","0.027027"
"1992562179","2158474152","0.027027"
"2158474152","1992562179","0.027027"
"1992562179","2159777963","0.027027"
"2159777963","1992562179","0.027027"
"1992562179","2242794960","0.027027"
"2242794960","1992562179","0.027027"
"1992562179","2477562448","0.138138"
"2477562448","1992562179","0.138138"
"1992562179","2490879758","0.596471"
"2490879758","1992562179","0.596471"
"1992562179","2532745482","0.152027"
"2532745482","1992562179","0.152027"
"1992562179","2802626720","0.152027"
"2802626720","1992562179","0.152027"
"1992562179","2952691467","0.027027"
"2952691467","1992562179","0.027027"
"1992562179","2962829246","0.027027"
"2962829246","1992562179","0.027027"
"2033974828","2080977773","0.193694"
"2080977773","2033974828","0.193694"
"2033974828","2094522125","0.027027"
"2094522125","2033974828","0.027027"
"2033974828","2125744175","0.027027"
"2125744175","2033974828","0.027027"
"2033974828","2127052221","0.027027"
"2127052221","2033974828","0.027027"
"2033974828","2131033000","0.027027"
"2131033000","2033974828","0.027027"
"2033974828","2136631923","0.027027"
"2136631923","2033974828","0.027027"
"2033974828","2137515077","0.027027"
"2137515077","2033974828","0.027027"
"2033974828","2149250358","0.027027"
"2149250358","2033974828","0.027027"
"2033974828","2150494876","0.027027"
"2150494876","2033974828","0.027027"
"2033974828","2158022141","0.027027"
"2158022141","2033974828","0.027027"
"2033974828","2158474152","0.027027"
"2158474152","2033974828","0.027027"
"2033974828","2159777963","0.027027"
"2159777963","2033974828","0.027027"
"2033974828","2242794960","0.027027"
"2242794960","2033974828","0.027027"
"2033974828","2477562448","1.02703"
"2477562448","2033974828","1.02703"
"2033974828","2490879758","0.027027"
"2490879758","2033974828","0.027027"
"2033974828","2532745482","0.027027"
"2532745482","2033974828","0.027027"
"2033974828","2802626720","0.027027"
"2802626720","2033974828","0.027027"
"2033974828","2952691467","0.027027"
"2952691467","2033974828","0.027027"
"2033974828","2962829246","0.193694"
"2962829246","2033974828","0.193694"
"2080977773","2094522125","0.027027"
"2094522125","2080977773","0.027027"
"2080977773","2125744175","0.027027"
"2125744175","2080977773","0.027027"
"2080977773","2127052221","0.027027"
"2127052221","2080977773","0.027027"
"2080977773","2131033000","0.027027"
"2131033000","2080977773","0.027027"
"2080977773","2136631923","0.027027"
"2136631923","2080977773","0.027027"
"2080977773","2137515077","0.36036"
"2137515077","2080977773","0.36036"
"2080977773","2149250358","0.027027"
"2149250358","2080977773","0.027027"
"2080977773","2150494876","0.027027"
"2150494876","2080977773","0.027027"
"2080977773","2158022141","0.027027"
"2158022141","2080977773","0.027027"
"2080977773","2158474152","0.027027"
"2158474152","2080977773","0.027027"
"2080977773","2159777963","0.027027"
"2159777963","2080977773","0.027027"
"2080977773","2167200286","0.277027"
"2167200286","2080977773","0.277027"
"2080977773","2221045997","1.66988"
"2221045997","2080977773","1.66988"
"2080977773","2242794960","0.027027"
"2242794960","2080977773","0.027027"
"2080977773","2477562448","0.027027"
"2477562448","2080977773","0.027027"
"2080977773","2490879758","0.027027"
"2490879758","2080977773","0.027027"
"2080977773","2521935971","1.75322"
"2521935971","2080977773","1.75322"
"2080977773","2532745482","0.027027"
"2532745482","2080977773","0.027027"
"2080977773","2802626720","0.027027"
"2802626720","2080977773","0.027027"
"2080977773","2952691467","0.027027"
"2952691467","2080977773","0.027027"
"2080977773","2962829246","1.69369"
"2962829246","2080977773","1.69369"
"2094522125","2125744175","0.027027"
"2125744175","2094522125","0.027027"
"2094522125","2127052221","0.027027"
"2127052221","2094522125","0.027027"
"2094522125","2131033000","1.02703"
"2131033000","2094522125","1.02703"
"2094522125","2136631923","0.027027"
"2136631923","2094522125","0.027027"
"2094522125","2137515077","0.027027"
"2137515077","2094522125","0.027027"
"2094522125","2149250358","0.027027"
"2149250358","2094522125","0.027027"
"2094522125","2150494876","0.027027"
"2150494876","2094522125","0.027027"
"2094522125","2158022141","0.027027"
"2158022141","2094522125","0.027027"
"2094522125","2158474152","0.027027"
"2158474152","2094522125","0.027027"
"2094522125","2159777963","0.027027"
"2159777963","2094522125","0.027027"
"2094522125","2167200286","0.027027"
"2167200286","2094522125","0.027027"
"2094522125","2221045997","0.027027"
"2221045997","2094522125","0.027027"
"2094522125","2242794960","0.027027"
"2242794960","2094522125","0.027027"
"2094522125","2477562448","2.77703"
"2477562448","2094522125","2.77703"
"2094522125","2490879758","0.193694"
"2490879758","2094522125","0.193694"
"2094522125","2521935971","0.027027"
"2521935971","2094522125","0.027027"
"2094522125","2532745482","1.11036"
"2532745482","2094522125","1.11036"
"2094522125","2802626720","1.11036"
"2802626720","2094522125","1.11036"
"2094522125","2952691467","0.027027"
"2952691467","2094522125","0.027027"
"2094522125","2962829246","0.027027"
"2962829246","2094522125","0.027027"
"2125744175","2127052221","0.027027"
"2127052221","2125744175","0.027027"
"2125744175","2131033000","0.027027"
"2131033000","2125744175","0.027027"
"2125744175","2136631923","2.12822"
"2136631923","2125744175","2.12822"
"2125744175","2137515077","0.027027"
"2137515077","2125744175","0.027027"
"2125744175","2149250358","0.027027"
"2149250358","2125744175","0.027027"
"2125744175","2150494876","0.027027"
"2150494876","2125744175","0.027027"
"2125744175","2158022141","0.027027"
"2158022141","2125744175","0.027027"
"2125744175","2158474152","0.628218"
"2158474152","2125744175","0.628218"
"2125744175","2159777963","0.294884"
"2159777963","2125744175","0.294884"
"2125744175","2167200286","0.027027"
"2167200286","2125744175","0.027027"
"2125744175","2221045997","0.027027"
"2221045997","2125744175","0.027027"
"2125744175","2242794960","0.652027"
