"114041322","2089128139","4.33248"
"2089128139","114041322","4.33248"
"114041322","2766140750","1.68803"
"2766140750","114041322","1.68803"
"2089128139","2766140750","2.24756"
"2766140750","2089128139","2.24756"
"114041322","1877240378","3.72137"
"1877240378","114041322","3.72137"
"114041322","1975542158","1.22137"
"1975542158","114041322","1.22137"
"114041322","2026351","0.799145"
"2026351","114041322","0.799145"
"114041322","2258161496","0.799145"
"2258161496","114041322","0.799145"
"1877240378","1975542158","13.7011"
"1975542158","1877240378","13.7011"
"1877240378","2026351","3.39161"
"2026351","1877240378","3.39161"
"1877240378","2089128139","2.42375"
"2089128139","1877240378","2.42375"
"1877240378","2258161496","9.65946"
"2258161496","1877240378","9.65946"
"1877240378","2766140750","1.71542"
"2766140750","1877240378","1.71542"
"1975542158","2026351","2.14994"
"2026351","1975542158","2.14994"
"1975542158","2089128139","4.42375"
"2089128139","1975542158","4.42375"
"1975542158","2258161496","9.33446"
"2258161496","1975542158","9.33446"
"1975542158","2766140750","1.38208"
"2766140750","1975542158","1.38208"
"2026351","2089128139","1.08486"
"2089128139","2026351","1.08486"
"2026351","2258161496","23.3956"
"2258161496","2026351","23.3956"
"2026351","2766140750","1.17375"
"2766140750","2026351","1.17375"
"2089128139","2258161496","2.83486"
"2258161496","2089128139","2.83486"
"2258161496","2766140750","1.77494"
"2766140750","2258161496","1.77494"
"114041322","2536316226","0.5"
"2536316226","114041322","0.5"
"2089128139","2536316226","0.5"
"2536316226","2089128139","0.5"
"114041322","1764449873","0.576923"
"1764449873","114041322","0.576923"
"114041322","177966289","0.465812"
"177966289","114041322","0.465812"
"114041322","2013686672","1.63803"
"2013686672","114041322","1.63803"
"1764449873","177966289","0.803114"
"177966289","1764449873","0.803114"
"1764449873","1877240378","1.74716"
"1877240378","1764449873","1.74716"
"1764449873","1975542158","3.87216"
"1975542158","1764449873","3.87216"
"1764449873","2013686672","1.17216"
"2013686672","1764449873","1.17216"
"1764449873","2089128139","1.36264"
"2089128139","1764449873","1.36264"
"177966289","1877240378","1.45589"
"1877240378","177966289","1.45589"
"177966289","1975542158","1.12256"
"1975542158","177966289","1.12256"
"177966289","2013686672","0.789225"
"2013686672","177966289","0.789225"
"177966289","2089128139","0.775336"
"2089128139","177966289","0.775336"
"1877240378","2013686672","1.02097"
"2013686672","1877240378","1.02097"
"1975542158","2013686672","1.02097"
"2013686672","1975542158","1.02097"
"2013686672","2089128139","5.34042"
"2089128139","2013686672","5.34042"
"1764449873","2026351","3.99716"
"2026351","1764449873","3.99716"
"1764449873","2258161496","8.22335"
"2258161496","1764449873","8.22335"
"1764449873","2766140750","1.53883"
"2766140750","1764449873","1.53883"
"2013686672","2026351","0.949939"
"2026351","2013686672","0.949939"
"2013686672","2258161496","1.57494"
"2258161496","2013686672","1.57494"
"2013686672","2766140750","2.57097"
"2766140750","2013686672","2.57097"
"114041322","1561641428","0.299145"
"1561641428","114041322","0.299145"
"114041322","1589625251","0.188034"
"1589625251","114041322","0.188034"
"114041322","2039683463","0.188034"
"2039683463","114041322","0.188034"
"114041322","2114428623","0.188034"
"2114428623","114041322","0.188034"
"1561641428","1589625251","0.188034"
"1589625251","1561641428","0.188034"
"1561641428","177966289","0.882479"
"177966289","1561641428","0.882479"
"1561641428","2013686672","0.188034"
"2013686672","1561641428","0.188034"
"1561641428","2026351","0.882479"
"2026351","1561641428","0.882479"
"1561641428","2039683463","0.688034"
"2039683463","1561641428","0.688034"
"1561641428","2089128139","0.699145"
"2089128139","1561641428","0.699145"
"1561641428","2114428623","0.188034"
"2114428623","1561641428","0.188034"
"1561641428","2258161496","1.38248"
"2258161496","1561641428","1.38248"
"1589625251","177966289","0.188034"
"177966289","1589625251","0.188034"
"1589625251","2013686672","0.188034"
"2013686672","1589625251","0.188034"
"1589625251","2026351","0.188034"
"2026351","1589625251","0.188034"
"1589625251","2039683463","0.938034"
"2039683463","1589625251","0.938034"
"1589625251","2089128139","0.188034"
"2089128139","1589625251","0.188034"
"1589625251","2114428623","24.0214"
"2114428623","1589625251","24.0214"
"1589625251","2258161496","1.43803"
"2258161496","1589625251","1.43803"
"177966289","2026351","0.692002"
"2026351","177966289","0.692002"
"177966289","2039683463","0.188034"
"2039683463","177966289","0.188034"
"177966289","2114428623","0.188034"
"2114428623","177966289","0.188034"
"177966289","2258161496","1.15034"
"2258161496","177966289","1.15034"
"2013686672","2039683463","0.521368"
"2039683463","2013686672","0.521368"
"2013686672","2114428623","0.188034"
"2114428623","2013686672","0.188034"
"2026351","2039683463","1.78922"
"2039683463","2026351","1.78922"
"2026351","2114428623","0.188034"
"2114428623","2026351","0.188034"
"2039683463","2089128139","0.188034"
"2089128139","2039683463","0.188034"
"2039683463","2114428623","0.938034"
"2114428623","2039683463","0.938034"
"2039683463","2258161496","3.43208"
"2258161496","2039683463","3.43208"
"2089128139","2114428623","0.438034"
"2114428623","2089128139","0.438034"
"2114428623","2258161496","1.43803"
"2258161496","2114428623","1.43803"
"114041322","2612832867","0.861111"
"2612832867","114041322","0.861111"
"1561641428","1877240378","0.521368"
"1877240378","1561641428","0.521368"
"1561641428","1975542158","0.521368"
"1975542158","1561641428","0.521368"
"1561641428","2612832867","0.644444"
"2612832867","1561641428","0.644444"
"1561641428","2766140750","0.721368"
"2766140750","1561641428","0.721368"
"177966289","2612832867","0.236111"
"2612832867","177966289","0.236111"
"177966289","2766140750","0.813034"
"2766140750","177966289","0.813034"
"1877240378","2612832867","0.236111"
"2612832867","1877240378","0.236111"
"1975542158","2612832867","0.236111"
"2612832867","1975542158","0.236111"
"2026351","2612832867","0.753968"
"2612832867","2026351","0.753968"
"2089128139","2612832867","0.277778"
"2612832867","2089128139","0.277778"
"2258161496","2612832867","0.878968"
"2612832867","2258161496","0.878968"
"2612832867","2766140750","4.6623"
"2766140750","2612832867","4.6623"
"114041322","2043007983","0.416667"
"2043007983","114041322","0.416667"
"114041322","2188410443","1.7"
"2188410443","114041322","1.7"
"114041322","2616239328","0.416667"
"2616239328","114041322","0.416667"
"2043007983","2089128139","0.366667"
"2089128139","2043007983","0.366667"
"2043007983","2188410443","12.1679"
"2188410443","2043007983","12.1679"
"2043007983","2612832867","2.88452"
"2612832867","2043007983","2.88452"
"2043007983","2616239328","2.73333"
"2616239328","2043007983","2.73333"
"2043007983","2766140750","0.884524"
"2766140750","2043007983","0.884524"
"2089128139","2188410443","0.766667"
"2188410443","2089128139","0.766667"
"2089128139","2616239328","0.566667"
"2616239328","2089128139","0.566667"
"2188410443","2612832867","1.96786"
"2612832867","2188410443","1.96786"
"2188410443","2616239328","3.01667"
"2616239328","2188410443","3.01667"
"2188410443","2766140750","1.21786"
"2766140750","2188410443","1.21786"
"2612832867","2616239328","2.2"
"2616239328","2612832867","2.2"
"2616239328","2766140750","1.2"
"2766140750","2616239328","1.2"
"1561641428","1764449873","0.660256"
"1764449873","1561641428","0.660256"
"1589625251","1764449873","0.326923"
"1764449873","1589625251","0.326923"
"1589625251","1877240378","0.0769231"
"1877240378","1589625251","0.0769231"
"1589625251","1975542158","0.0769231"
"1975542158","1589625251","0.0769231"
"1589625251","2766140750","0.0769231"
"2766140750","1589625251","0.0769231"
"1764449873","2039683463","0.59478"
"2039683463","1764449873","0.59478"
"1764449873","2114428623","0.326923"
"2114428623","1764449873","0.326923"
"1877240378","2039683463","0.987637"
"2039683463","1877240378","0.987637"
"1877240378","2114428623","0.326923"
"2114428623","1877240378","0.326923"
"1975542158","2039683463","1.19597"
"2039683463","1975542158","1.19597"
"1975542158","2114428623","0.326923"
"2114428623","1975542158","0.326923"
"2039683463","2766140750","0.553114"
"2766140750","2039683463","0.553114"
"2114428623","2766140750","0.326923"
"2766140750","2114428623","0.326923"
"1877240378","2188410443","0.325"
"2188410443","1877240378","0.325"
"1975542158","2188410443","0.325"
"2188410443","1975542158","0.325"
"2013686672","2188410443","0.967857"
"2188410443","2013686672","0.967857"
"2013686672","2043007983","1.01786"
"2043007983","2013686672","1.01786"
"2013686672","2612832867","1.01786"
"2612832867","2013686672","1.01786"
"2013686672","2616239328","0.5"
"2616239328","2013686672","0.5"
"1561641428","2043007983","2.9"
"2043007983","1561641428","2.9"
"1561641428","2188410443","6.93333"
"2188410443","1561641428","6.93333"
"1561641428","2616239328","3.93333"
"2616239328","1561641428","3.93333"
"1561641428","2739487772","0.333333"
"2739487772","1561641428","0.333333"
"2188410443","2739487772","0.333333"
"2739487772","2188410443","0.333333"
"2616239328","2739487772","0.333333"
"2739487772","2616239328","0.333333"
"1561641428","2098147685","0.5"
"2098147685","1561641428","0.5"
"2039683463","2098147685","16.7024"
"2098147685","2039683463","16.7024"
"1561641428","2765321722","1"
"2765321722","1561641428","1"
"2188410443","2258161496","2.26786"
"2258161496","2188410443","2.26786"
"1561641428","2780602031","1.73333"
"2780602031","1561641428","1.73333"
"1561641428","2936634149","0.2"
"2936634149","1561641428","0.2"
"2089128139","2780602031","0.4"
"2780602031","2089128139","0.4"
"2089128139","2936634149","1.03333"
"2936634149","2089128139","1.03333"
"2188410443","2780602031","0.733333"
"2780602031","2188410443","0.733333"
"2188410443","2936634149","0.2"
"2936634149","2188410443","0.2"
"2616239328","2780602031","0.4"
"2780602031","2616239328","0.4"
"2616239328","2936634149","0.2"
"2936634149","2616239328","0.2"
"2780602031","2936634149","0.2"
"2936634149","2780602031","0.2"
"2043007983","2780602031","0.533333"
"2780602031","2043007983","0.533333"
"1568885723","1764449873","1.125"
"1764449873","1568885723","1.125"
"1568885723","70096886","3.825"
"70096886","1568885723","3.825"
"1568885723","2144241930","0.7"
"2144241930","1568885723","0.7"
"2144241930","70096886","2.36667"
"70096886","2144241930","2.36667"
"1568885723","2147563318","2.2"
"2147563318","1568885723","2.2"
"1568885723","1975542158","0.5"
"1975542158","1568885723","0.5"
"1568885723","2089128139","0.5"
"2089128139","1568885723","0.5"
"1568885723","1877240378","0.125"
"1877240378","1568885723","0.125"
"1568885723","1890078278","0.125"
"1890078278","1568885723","0.125"
"1568885723","2026351","0.125"
"2026351","1568885723","0.125"
"1568885723","2039683463","0.125"
"2039683463","1568885723","0.125"
"1568885723","2100516022","0.125"
"2100516022","1568885723","0.125"
"1568885723","2258161496","0.125"
"2258161496","1568885723","0.125"
"1764449873","1890078278","0.375"
"1890078278","1764449873","0.375"
"1764449873","2100516022","0.625"
"2100516022","1764449873","0.625"
"1764449873","70096886","0.375"
"70096886","1764449873","0.375"
"1877240378","1890078278","1.13452"
"1890078278","1877240378","1.13452"
"1877240378","2100516022","0.267857"
"2100516022","1877240378","0.267857"
"1877240378","70096886","0.325"
"70096886","1877240378","0.325"
"1890078278","2026351","1.46786"
"2026351","1890078278","1.46786"
"1890078278","2039683463","0.85119"
"2039683463","1890078278","0.85119"
"1890078278","2100516022","0.267857"
"2100516022","1890078278","0.267857"
"1890078278","2258161496","3.21786"
"2258161496","1890078278","3.21786"
"1890078278","70096886","0.908333"
"70096886","1890078278","0.908333"
"2026351","2100516022","0.767857"
"2100516022","2026351","0.767857"
"2026351","70096886","0.325"
"70096886","2026351","0.325"
"2039683463","2100516022","0.60119"
"2100516022","2039683463","0.60119"
"2039683463","70096886","0.375"
"70096886","2039683463","0.375"
"2100516022","2258161496","2.01786"
"2258161496","2100516022","2.01786"
"2100516022","70096886","0.125"
"70096886","2100516022","0.125"
"2258161496","70096886","0.325"
"70096886","2258161496","0.325"
"1568885723","2506049781","0.5"
"2506049781","1568885723","0.5"
"1568885723","2936634149","0.5"
"2936634149","1568885723","0.5"
"2506049781","2936634149","1.5"
"2936634149","2506049781","1.5"
"1568885723","1732459970","0.2"
"1732459970","1568885723","0.2"
"1568885723","2802974701","0.2"
"2802974701","1568885723","0.2"
"1732459970","2144241930","1.36667"
"2144241930","1732459970","1.36667"
"1732459970","2147563318","12.1167"
"2147563318","1732459970","12.1167"
"1732459970","2802974701","0.7"
"2802974701","1732459970","0.7"
"1732459970","70096886","2.11667"
"70096886","1732459970","2.11667"
"2144241930","2147563318","1.36667"
"2147563318","2144241930","1.36667"
"2144241930","2802974701","0.2"
"2802974701","2144241930","0.2"
"2147563318","2802974701","2.7"
"2802974701","2147563318","2.7"
"2147563318","70096886","2.31667"
"70096886","2147563318","2.31667"
"2802974701","70096886","0.2"
"70096886","2802974701","0.2"
"1568885723","2043007983","0.333333"
"2043007983","1568885723","0.333333"
"1568885723","2188410443","0.333333"
"2188410443","1568885723","0.333333"
"1568885723","2536316226","0.333333"
"2536316226","1568885723","0.333333"
"2043007983","2536316226","0.333333"
"2536316226","2043007983","0.333333"
"2188410443","2536316226","0.333333"
"2536316226","2188410443","0.333333"
"1568885723","1873601359","0.5"
"1873601359","1568885723","0.5"
"1568885723","2395368405","0.5"
"2395368405","1568885723","0.5"
"1873601359","2395368405","0.5"
"2395368405","1873601359","0.5"
"1589625251","1890078278","3.33333"
"1890078278","1589625251","3.33333"
"1890078278","2114428623","3.33333"
"2114428623","1890078278","3.33333"
"1589625251","70096886","0.583333"
"70096886","1589625251","0.583333"
"2114428623","70096886","1.91667"
"70096886","2114428623","1.91667"
"1732459970","2039683463","0.25"
"2039683463","1732459970","0.25"
"1732459970","2098147685","0.25"
"2098147685","1732459970","0.25"
"2039683463","2147563318","0.25"
"2147563318","2039683463","0.25"
"2098147685","2147563318","0.25"
"2147563318","2098147685","0.25"
"2098147685","70096886","0.25"
"70096886","2098147685","0.25"
"1764449873","2506049781","1"
"2506049781","1764449873","1"
"1764449873","2043007983","0.142857"
"2043007983","1764449873","0.142857"
"1764449873","2188410443","0.142857"
"2188410443","1764449873","0.142857"
"1764449873","2612832867","0.142857"
"2612832867","1764449873","0.142857"
"2026351","2043007983","0.142857"
"2043007983","2026351","0.142857"
"2026351","2188410443","0.142857"
"2188410443","2026351","0.142857"
"2043007983","2258161496","0.767857"
"2258161496","2043007983","0.767857"
"1764449873","2098147685","0.892857"
"2098147685","1764449873","0.892857"
"1764449873","2936634149","0.47619"
"2936634149","1764449873","0.47619"
"1877240378","2098147685","0.535714"
"2098147685","1877240378","0.535714"
"1877240378","2936634149","0.142857"
"2936634149","1877240378","0.142857"
"1975542158","2098147685","0.869048"
"2098147685","1975542158","0.869048"
"1975542158","2936634149","0.142857"
"2936634149","1975542158","0.142857"
"2039683463","2936634149","0.142857"
"2936634149","2039683463","0.142857"
"2098147685","2258161496","0.785714"
"2258161496","2098147685","0.785714"
"2098147685","2766140750","0.47619"
"2766140750","2098147685","0.47619"
"2098147685","2936634149","0.642857"
"2936634149","2098147685","0.642857"
"2258161496","2936634149","1.64286"
"2936634149","2258161496","1.64286"
"2766140750","2936634149","1.47619"
"2936634149","2766140750","1.47619"
"1764449873","2765321722","1.5"
"2765321722","1764449873","1.5"
"2026351","2765321722","0.5"
"2765321722","2026351","0.5"
"2098147685","2100516022","2.97619"
"2100516022","2098147685","2.97619"
"1764449873","2604155976","1"
"2604155976","1764449873","1"
"177966289","2541261609","1"
"2541261609","177966289","1"
"177966289","2536316226","1"
"2536316226","177966289","1"
"177966289","2936634149","1"
"2936634149","177966289","1"
"177966289","2043007983","0.125"
"2043007983","177966289","0.125"
"177966289","2188410443","0.125"
"2188410443","177966289","0.125"
"1877240378","2043007983","0.125"
"2043007983","1877240378","0.125"
"1975542158","2043007983","0.125"
"2043007983","1975542158","0.125"
"1873601359","2532945044","1.33333"
"2532945044","1873601359","1.33333"
"1873601359","2042923641","0.333333"
"2042923641","1873601359","0.333333"
"1873601359","2905954184","0.333333"
"2905954184","1873601359","0.333333"
"2042923641","2532945044","0.333333"
"2532945044","2042923641","0.333333"
"2042923641","2905954184","10.9167"
"2905954184","2042923641","10.9167"
"2532945044","2905954184","0.333333"
"2905954184","2532945044","0.333333"
"1877240378","2616239328","0.833333"
"2616239328","1877240378","0.833333"
"1975542158","2616239328","0.833333"
"2616239328","1975542158","0.833333"
"2026351","2098147685","2.39286"
"2098147685","2026351","2.39286"
"1877240378","2147563318","0.2"
"2147563318","1877240378","0.2"
"1890078278","2147563318","0.2"
"2147563318","1890078278","0.2"
"2026351","2147563318","0.2"
"2147563318","2026351","0.2"
"2147563318","2258161496","0.2"
"2258161496","2147563318","0.2"
"1890078278","1975542158","0.142857"
"1975542158","1890078278","0.142857"
"1890078278","2098147685","0.142857"
"2098147685","1890078278","0.142857"
"1975542158","2100516022","0.47619"
"2100516022","1975542158","0.47619"
"2258161496","2616239328","0.833333"
"2616239328","2258161496","0.833333"
"1890078278","2936634149","0.5"
"2936634149","1890078278","0.5"
"2013686672","2098147685","0.333333"
"2098147685","2013686672","0.333333"
"2013686672","2780602031","1"
"2780602031","2013686672","1"
"2026351","2616239328","0.5"
"2616239328","2026351","0.5"
"2039683463","2952198897","1"
"2952198897","2039683463","1"
"2039683463","2144241930","1"
"2144241930","2039683463","1"
"2039683463","2616239328","1"
"2616239328","2039683463","1"
"2039683463","2395368405","0.5"
"2395368405","2039683463","0.5"
"2098147685","2395368405","0.5"
"2395368405","2098147685","0.5"
"2042923641","2143869283","0.333333"
"2143869283","2042923641","0.333333"
"2042923641","2395368405","6.33333"
"2395368405","2042923641","6.33333"
"2143869283","2395368405","0.333333"
"2395368405","2143869283","0.333333"
"2143869283","2905954184","0.333333"
"2905954184","2143869283","0.333333"
"2395368405","2905954184","1.33333"
"2905954184","2395368405","1.33333"
"2042923641","2089128139","0.25"
"2089128139","2042923641","0.25"
"2042923641","2100516022","0.25"
"2100516022","2042923641","0.25"
"2042923641","2258161496","0.25"
"2258161496","2042923641","0.25"
"2089128139","2100516022","0.25"
"2100516022","2089128139","0.25"
"2089128139","2905954184","0.25"
"2905954184","2089128139","0.25"
"2100516022","2905954184","0.25"
"2905954184","2100516022","0.25"
"2258161496","2905954184","0.25"
"2905954184","2258161496","0.25"
"2042923641","2144241930","1"
"2144241930","2042923641","1"
"2043007983","2739487772","1"
"2739487772","2043007983","1"
"2043007983","2144241930","2"
"2144241930","2043007983","2"
"2089128139","2098147685","0.5"
"2098147685","2089128139","0.5"
"2100516022","2114428623","1"
"2114428623","2100516022","1"
"2114428623","2612832867","0.333333"
"2612832867","2114428623","0.333333"
"2114428623","2952198897","0.333333"
"2952198897","2114428623","0.333333"
"2612832867","2952198897","0.333333"
"2952198897","2612832867","0.333333"
"2612832867","70096886","0.333333"
"70096886","2612832867","0.333333"
"2952198897","70096886","0.333333"
"70096886","2952198897","0.333333"
"2258161496","2952198897","1"
"2952198897","2258161496","1"
"2258161496","2765321722","1"
"2765321722","2258161496","1"
"2395368405","2532945044","0.333333"
"2532945044","2395368405","0.333333"
"2395368405","2892082588","0.333333"
"2892082588","2395368405","0.333333"
"2395368405","2898410736","0.333333"
"2898410736","2395368405","0.333333"
"2532945044","2892082588","10.8333"
"2892082588","2532945044","10.8333"
"2532945044","2898410736","3.83333"
"2898410736","2532945044","3.83333"
"2892082588","2898410736","2.83333"
"2898410736","2892082588","2.83333"
"2395368405","2506049781","1"
"2506049781","2395368405","1"
"2506049781","2898410736","1"
"2898410736","2506049781","1"
"2604155976","2765321722","1"
"2765321722","2604155976","1"
"2616239328","2952198897","0.5"
"2952198897","2616239328","0.5"
"2766140750","2952198897","0.5"
"2952198897","2766140750","0.5"
"2765321722","2766140750","2"
"2766140750","2765321722","2"
"2780602031","70096886","3"
"70096886","2780602031","3"
