"106275934","2054319779","7.04444"
"2054319779","106275934","7.04444"
"106275934","2094040396","13.5778"
"2094040396","106275934","13.5778"
"2054319779","2094040396","10.7944"
"2094040396","2054319779","10.7944"
"106275934","1602325706","0.5"
"1602325706","106275934","0.5"
"106275934","2196703670","0.5"
"2196703670","106275934","0.5"
"1602325706","2196703670","0.855409"
"2196703670","1602325706","0.855409"
"106275934","2163058276","2.62778"
"2163058276","106275934","2.62778"
"2054319779","2163058276","3.79444"
"2163058276","2054319779","3.79444"
"2094040396","2163058276","4.12778"
"2163058276","2094040396","4.12778"
"106275934","2298763913","0.25"
"2298763913","106275934","0.25"
"106275934","2970380233","0.25"
"2970380233","106275934","0.25"
"2054319779","2298763913","0.5"
"2298763913","2054319779","0.5"
"2054319779","2970380233","0.5"
"2970380233","2054319779","0.5"
"2094040396","2298763913","0.5"
"2298763913","2094040396","0.5"
"2094040396","2970380233","0.5"
"2970380233","2094040396","0.5"
"2298763913","2970380233","7.33333"
"2970380233","2298763913","7.33333"
"106275934","1489574895","0.111111"
"1489574895","106275934","0.111111"
"106275934","1595994119","0.111111"
"1595994119","106275934","0.111111"
"106275934","1846130260","0.111111"
"1846130260","106275934","0.111111"
"106275934","1966103365","0.711111"
"1966103365","106275934","0.711111"
"106275934","2022578767","0.311111"
"2022578767","106275934","0.311111"
"106275934","2108433244","0.961111"
"2108433244","106275934","0.961111"
"1489574895","1595994119","13.5876"
"1595994119","1489574895","13.5876"
"1489574895","1846130260","0.111111"
"1846130260","1489574895","0.111111"
"1489574895","1966103365","0.111111"
"1966103365","1489574895","0.111111"
"1489574895","2022578767","4.44073"
"2022578767","1489574895","4.44073"
"1489574895","2054319779","0.111111"
"2054319779","1489574895","0.111111"
"1489574895","2094040396","0.111111"
"2094040396","1489574895","0.111111"
"1489574895","2108433244","0.111111"
"2108433244","1489574895","0.111111"
"1489574895","2163058276","0.111111"
"2163058276","1489574895","0.111111"
"1595994119","1846130260","0.111111"
"1846130260","1595994119","0.111111"
"1595994119","1966103365","0.111111"
"1966103365","1595994119","0.111111"
"1595994119","2022578767","2.69073"
"2022578767","1595994119","2.69073"
"1595994119","2054319779","0.111111"
"2054319779","1595994119","0.111111"
"1595994119","2094040396","0.111111"
"2094040396","1595994119","0.111111"
"1595994119","2108433244","0.111111"
"2108433244","1595994119","0.111111"
"1595994119","2163058276","0.111111"
"2163058276","1595994119","0.111111"
"1846130260","1966103365","0.111111"
"1966103365","1846130260","0.111111"
"1846130260","2022578767","0.111111"
"2022578767","1846130260","0.111111"
"1846130260","2054319779","0.111111"
"2054319779","1846130260","0.111111"
"1846130260","2094040396","0.611111"
"2094040396","1846130260","0.611111"
"1846130260","2108433244","3.61111"
"2108433244","1846130260","3.61111"
"1846130260","2163058276","0.611111"
"2163058276","1846130260","0.611111"
"1966103365","2022578767","0.111111"
"2022578767","1966103365","0.111111"
"1966103365","2054319779","0.511111"
"2054319779","1966103365","0.511111"
"1966103365","2094040396","0.711111"
"2094040396","1966103365","0.711111"
"1966103365","2108433244","1.21111"
"2108433244","1966103365","1.21111"
"1966103365","2163058276","2.01111"
"2163058276","1966103365","2.01111"
"2022578767","2054319779","0.311111"
"2054319779","2022578767","0.311111"
"2022578767","2094040396","0.311111"
"2094040396","2022578767","0.311111"
"2022578767","2108433244","0.111111"
"2108433244","2022578767","0.111111"
"2022578767","2163058276","0.311111"
"2163058276","2022578767","0.311111"
"2054319779","2108433244","0.761111"
"2108433244","2054319779","0.761111"
"2094040396","2108433244","1.46111"
"2108433244","2094040396","1.46111"
"2108433244","2163058276","3.26111"
"2163058276","2108433244","3.26111"
"106275934","2114811131","0.333333"
"2114811131","106275934","0.333333"
"2094040396","2114811131","0.333333"
"2114811131","2094040396","0.333333"
"2114811131","2163058276","0.333333"
"2163058276","2114811131","0.333333"
"106275934","2150388796","0.2"
"2150388796","106275934","0.2"
"106275934","2614222692","0.2"
"2614222692","106275934","0.2"
"1966103365","2150388796","0.2"
"2150388796","1966103365","0.2"
"1966103365","2614222692","0.2"
"2614222692","1966103365","0.2"
"2094040396","2150388796","0.2"
"2150388796","2094040396","0.2"
"2094040396","2614222692","0.2"
"2614222692","2094040396","0.2"
"2108433244","2150388796","0.2"
"2150388796","2108433244","0.2"
"2108433244","2614222692","0.2"
"2614222692","2108433244","0.2"
"2150388796","2614222692","0.2"
"2614222692","2150388796","0.2"
"106275934","2891973500","0.2"
"2891973500","106275934","0.2"
"2022578767","2891973500","0.2"
"2891973500","2022578767","0.2"
"2054319779","2891973500","0.2"
"2891973500","2054319779","0.2"
"2094040396","2891973500","0.2"
"2891973500","2094040396","0.2"
"2163058276","2891973500","0.2"
"2891973500","2163058276","0.2"
"1483760347","1489574895","0.881203"
"1489574895","1483760347","0.881203"
"1483760347","153010205","1.3812"
"153010205","1483760347","1.3812"
"1483760347","1595994119","0.881203"
"1595994119","1483760347","0.881203"
"1483760347","2033082111","1.21454"
"2033082111","1483760347","1.21454"
"1483760347","2151369956","2.21454"
"2151369956","1483760347","2.21454"
"1483760347","2908097758","17.0479"
"2908097758","1483760347","17.0479"
"1489574895","153010205","4.91692"
"153010205","1489574895","4.91692"
"1489574895","2033082111","4.17089"
"2033082111","1489574895","4.17089"
"1489574895","2151369956","1.27406"
"2151369956","1489574895","1.27406"
"1489574895","2908097758","1.10739"
"2908097758","1489574895","1.10739"
"153010205","1595994119","3.25025"
"1595994119","153010205","3.25025"
"153010205","2033082111","6.91692"
"2033082111","153010205","6.91692"
"153010205","2151369956","2.44073"
"2151369956","153010205","2.44073"
"153010205","2908097758","2.44073"
"2908097758","153010205","2.44073"
"1595994119","2033082111","3.50422"
"2033082111","1595994119","3.50422"
"1595994119","2151369956","1.27406"
"2151369956","1595994119","1.27406"
"1595994119","2908097758","1.10739"
"2908097758","1595994119","1.10739"
"2033082111","2151369956","2.27406"
"2151369956","2033082111","2.27406"
"2033082111","2908097758","2.27406"
"2908097758","2033082111","2.27406"
"2151369956","2908097758","1.85739"
"2908097758","2151369956","1.85739"
"1483760347","2488221070","0.285965"
"2488221070","1483760347","0.285965"
"1483760347","2700774434","0.285965"
"2700774434","1483760347","0.285965"
"1483760347","2768772012","0.219298"
"2768772012","1483760347","0.219298"
"153010205","2488221070","0.369298"
"2488221070","153010205","0.369298"
"153010205","2700774434","0.369298"
"2700774434","153010205","0.369298"
"153010205","2768772012","0.302632"
"2768772012","153010205","0.302632"
"2151369956","2488221070","0.285965"
"2488221070","2151369956","0.285965"
"2151369956","2700774434","0.285965"
"2700774434","2151369956","0.285965"
"2151369956","2768772012","0.219298"
"2768772012","2151369956","0.219298"
"2488221070","2700774434","8.58319"
"2700774434","2488221070","8.58319"
"2488221070","2768772012","0.538743"
"2768772012","2488221070","0.538743"
"2488221070","2908097758","0.619298"
"2908097758","2488221070","0.619298"
"2700774434","2768772012","0.538743"
"2768772012","2700774434","0.538743"
"2700774434","2908097758","0.619298"
"2908097758","2700774434","0.619298"
"2768772012","2908097758","0.302632"
"2908097758","2768772012","0.302632"
"1483760347","1602325706","0.119298"
"1602325706","1483760347","0.119298"
"1483760347","2022578767","0.595489"
"2022578767","1483760347","0.595489"
"1483760347","2030014066","0.262155"
"2030014066","1483760347","0.262155"
"1483760347","2152029757","0.762155"
"2152029757","1483760347","0.762155"
"1483760347","2196703670","0.119298"
"2196703670","1483760347","0.119298"
"1483760347","2290944024","0.119298"
"2290944024","1483760347","0.119298"
"1483760347","2952391640","0.119298"
"2952391640","1483760347","0.119298"
"1489574895","1602325706","3.71057"
"1602325706","1489574895","3.71057"
"1489574895","2030014066","2.96057"
"2030014066","1489574895","2.96057"
"1489574895","2152029757","0.345489"
"2152029757","1489574895","0.345489"
"1489574895","2196703670","1.06771"
"2196703670","1489574895","1.06771"
"1489574895","2290944024","1.06771"
"2290944024","1489574895","1.06771"
"1489574895","2488221070","0.424854"
"2488221070","1489574895","0.424854"
"1489574895","2700774434","0.535965"
"2700774434","1489574895","0.535965"
"1489574895","2952391640","1.03596"
"2952391640","1489574895","1.03596"
"153010205","1602325706","1.07168"
"1602325706","153010205","1.07168"
"153010205","2022578767","1.29787"
"2022578767","153010205","1.29787"
"153010205","2030014066","2.48835"
"2030014066","153010205","2.48835"
"153010205","2152029757","0.345489"
"2152029757","153010205","0.345489"
"153010205","2196703670","0.119298"
"2196703670","153010205","0.119298"
"153010205","2290944024","0.119298"
"2290944024","153010205","0.119298"
"153010205","2952391640","0.202632"
"2952391640","153010205","0.202632"
"1595994119","1602325706","1.46057"
"1602325706","1595994119","1.46057"
"1595994119","2030014066","1.5439"
"2030014066","1595994119","1.5439"
"1595994119","2152029757","0.345489"
"2152029757","1595994119","0.345489"
"1595994119","2196703670","1.06771"
"2196703670","1595994119","1.06771"
"1595994119","2290944024","1.06771"
"2290944024","1595994119","1.06771"
"1595994119","2488221070","0.424854"
"2488221070","1595994119","0.424854"
"1595994119","2700774434","0.535965"
"2700774434","1595994119","0.535965"
"1595994119","2952391640","0.535965"
"2952391640","1595994119","0.535965"
"1602325706","2022578767","3.83557"
"2022578767","1602325706","3.83557"
"1602325706","2030014066","0.789933"
"2030014066","1602325706","0.789933"
"1602325706","2033082111","0.571679"
"2033082111","1602325706","0.571679"
"1602325706","2151369956","0.262155"
"2151369956","1602325706","0.262155"
"1602325706","2152029757","0.119298"
"2152029757","1602325706","0.119298"
"1602325706","2290944024","0.355409"
"2290944024","1602325706","0.355409"
"1602325706","2488221070","0.355409"
"2488221070","1602325706","0.355409"
"1602325706","2700774434","0.46652"
"2700774434","1602325706","0.46652"
"1602325706","2908097758","0.262155"
"2908097758","1602325706","0.262155"
"1602325706","2952391640","0.96652"
"2952391640","1602325706","0.96652"
"2022578767","2030014066","1.4566"
"2030014066","2022578767","1.4566"
"2022578767","2033082111","1.27406"
"2033082111","2022578767","1.27406"
"2022578767","2151369956","0.738346"
"2151369956","2022578767","0.738346"
"2022578767","2152029757","0.535965"
"2152029757","2022578767","0.535965"
"2022578767","2196703670","1.99827"
"2196703670","2022578767","1.99827"
"2022578767","2290944024","2.66493"
"2290944024","2022578767","2.66493"
"2022578767","2488221070","0.772076"
"2488221070","2022578767","0.772076"
"2022578767","2700774434","0.883187"
"2700774434","2022578767","0.883187"
"2022578767","2908097758","0.488346"
"2908097758","2022578767","0.488346"
"2022578767","2952391640","1.13319"
"2952391640","2022578767","1.13319"
"2030014066","2033082111","2.93279"
"2033082111","2030014066","2.93279"
"2030014066","2151369956","0.262155"
"2151369956","2030014066","0.262155"
"2030014066","2152029757","0.202632"
"2152029757","2030014066","0.202632"
"2030014066","2196703670","0.480409"
"2196703670","2030014066","0.480409"
"2030014066","2290944024","0.813743"
"2290944024","2030014066","0.813743"
"2030014066","2488221070","0.424854"
"2488221070","2030014066","0.424854"
"2030014066","2700774434","0.424854"
"2700774434","2030014066","0.424854"
"2030014066","2908097758","0.345489"
"2908097758","2030014066","0.345489"
"2030014066","2952391640","1.17485"
"2952391640","2030014066","1.17485"
"2033082111","2152029757","0.345489"
"2152029757","2033082111","0.345489"
"2033082111","2196703670","0.373266"
"2196703670","2033082111","0.373266"
"2033082111","2290944024","0.7066"
"2290944024","2033082111","0.7066"
"2033082111","2488221070","0.313743"
"2488221070","2033082111","0.313743"
"2033082111","2700774434","0.313743"
"2700774434","2033082111","0.313743"
"2033082111","2952391640","0.313743"
"2952391640","2033082111","0.313743"
"2151369956","2152029757","0.762155"
"2152029757","2151369956","0.762155"
"2151369956","2196703670","0.119298"
"2196703670","2151369956","0.119298"
"2151369956","2290944024","0.119298"
"2290944024","2151369956","0.119298"
"2151369956","2952391640","0.119298"
"2952391640","2151369956","0.119298"
"2152029757","2196703670","0.119298"
"2196703670","2152029757","0.119298"
"2152029757","2290944024","0.452632"
"2290944024","2152029757","0.452632"
"2152029757","2488221070","0.202632"
"2488221070","2152029757","0.202632"
"2152029757","2700774434","0.202632"
"2700774434","2152029757","0.202632"
"2152029757","2908097758","0.345489"
"2908097758","2152029757","0.345489"
"2152029757","2952391640","0.202632"
"2952391640","2152029757","0.202632"
"2196703670","2290944024","17.8927"
"2290944024","2196703670","17.8927"
"2196703670","2488221070","1.80541"
"2488221070","2196703670","1.80541"
"2196703670","2700774434","1.91652"
"2700774434","2196703670","1.91652"
"2196703670","2908097758","0.119298"
"2908097758","2196703670","0.119298"
"2196703670","2952391640","1.16652"
"2952391640","2196703670","1.16652"
"2290944024","2488221070","2.13874"
"2488221070","2290944024","2.13874"
"2290944024","2700774434","2.24985"
"2700774434","2290944024","2.24985"
"2290944024","2908097758","0.119298"
"2908097758","2290944024","0.119298"
"2290944024","2952391640","1.49985"
"2952391640","2290944024","1.49985"
"2488221070","2952391640","4.41652"
"2952391640","2488221070","4.41652"
"2700774434","2952391640","5.02763"
"2952391640","2700774434","5.02763"
"2908097758","2952391640","0.952632"
"2952391640","2908097758","0.952632"
"1483760347","2563003400","0.0526316"
"2563003400","1483760347","0.0526316"
"1483760347","2863550520","0.0526316"
"2863550520","1483760347","0.0526316"
"1483760347","2902639510","0.385965"
"2902639510","1483760347","0.385965"
"1489574895","2563003400","0.5566"
"2563003400","1489574895","0.5566"
"1489574895","2768772012","0.247076"
"2768772012","1489574895","0.247076"
"1489574895","2863550520","0.0526316"
"2863550520","1489574895","0.0526316"
"1489574895","2902639510","0.524854"
"2902639510","1489574895","0.524854"
"153010205","2563003400","0.0526316"
"2563003400","153010205","0.0526316"
"153010205","2863550520","0.0526316"
"2863550520","153010205","0.0526316"
"153010205","2902639510","0.302632"
"2902639510","153010205","0.302632"
"1595994119","2563003400","0.3066"
"2563003400","1595994119","0.3066"
"1595994119","2768772012","0.247076"
"2768772012","1595994119","0.247076"
"1595994119","2863550520","0.0526316"
"2863550520","1595994119","0.0526316"
"1595994119","2902639510","0.524854"
"2902639510","1595994119","0.524854"
"1602325706","2563003400","0.413743"
"2563003400","1602325706","0.413743"
"1602325706","2768772012","0.288743"
"2768772012","1602325706","0.288743"
"1602325706","2863550520","0.0526316"
"2863550520","1602325706","0.0526316"
"1602325706","2902639510","0.399854"
"2902639510","1602325706","0.399854"
"2022578767","2563003400","0.5566"
"2563003400","2022578767","0.5566"
"2022578767","2768772012","0.705409"
"2768772012","2022578767","0.705409"
"2022578767","2863550520","0.0526316"
"2863550520","2022578767","0.0526316"
"2022578767","2902639510","0.81652"
"2902639510","2022578767","0.81652"
"2030014066","2563003400","0.802632"
"2563003400","2030014066","0.802632"
"2030014066","2768772012","0.247076"
"2768772012","2030014066","0.247076"
"2030014066","2863550520","0.0526316"
"2863550520","2030014066","0.0526316"
"2030014066","2902639510","0.413743"
"2902639510","2030014066","0.413743"
"2033082111","2563003400","0.195489"
"2563003400","2033082111","0.195489"
"2033082111","2768772012","0.135965"
"2768772012","2033082111","0.135965"
"2033082111","2863550520","0.0526316"
"2863550520","2033082111","0.0526316"
"2033082111","2902639510","0.302632"
"2902639510","2033082111","0.302632"
"2151369956","2563003400","0.0526316"
"2563003400","2151369956","0.0526316"
"2151369956","2863550520","0.0526316"
"2863550520","2151369956","0.0526316"
"2151369956","2902639510","0.385965"
"2902639510","2151369956","0.385965"
"2152029757","2563003400","0.0526316"
"2563003400","2152029757","0.0526316"
"2152029757","2768772012","0.469298"
"2768772012","2152029757","0.469298"
"2152029757","2863550520","0.0526316"
"2863550520","2152029757","0.0526316"
"2152029757","2902639510","0.135965"
"2902639510","2152029757","0.135965"
"2196703670","2563003400","0.3066"
"2563003400","2196703670","0.3066"
"2196703670","2768772012","0.177632"
"2768772012","2196703670","0.177632"
"2196703670","2863550520","0.252632"
"2863550520","2196703670","0.252632"
"2196703670","2902639510","1.78874"
"2902639510","2196703670","1.78874"
"2290944024","2563003400","0.3066"
"2563003400","2290944024","0.3066"
"2290944024","2768772012","0.510965"
"2768772012","2290944024","0.510965"
"2290944024","2863550520","0.252632"
"2863550520","2290944024","0.252632"
"2290944024","2902639510","2.78874"
"2902639510","2290944024","2.78874"
"2488221070","2563003400","0.635965"
"2563003400","2488221070","0.635965"
"2488221070","2863550520","0.585965"
"2863550520","2488221070","0.585965"
"2488221070","2902639510","0.372076"
"2902639510","2488221070","0.372076"
"2563003400","2700774434","0.747076"
"2700774434","2563003400","0.747076"
"2563003400","2768772012","0.0526316"
"2768772012","2563003400","0.0526316"
"2563003400","2863550520","2.55263"
"2863550520","2563003400","2.55263"
"2563003400","2902639510","0.163743"
"2902639510","2563003400","0.163743"
"2563003400","2908097758","0.302632"
"2908097758","2563003400","0.302632"
"2563003400","2952391640","3.74708"
"2952391640","2563003400","3.74708"
"2700774434","2863550520","1.08596"
"2863550520","2700774434","1.08596"
"2700774434","2902639510","0.483187"
"2902639510","2700774434","0.483187"
"2768772012","2863550520","0.0526316"
"2863550520","2768772012","0.0526316"
"2768772012","2902639510","0.372076"
"2902639510","2768772012","0.372076"
"2768772012","2952391640","0.372076"
"2952391640","2768772012","0.372076"
"2863550520","2902639510","0.0526316"
"2902639510","2863550520","0.0526316"
"2863550520","2908097758","0.552632"
"2908097758","2863550520","0.552632"
"2863550520","2952391640","12.6193"
"2952391640","2863550520","12.6193"
"2902639510","2908097758","0.135965"
"2908097758","2902639510","0.135965"
"2902639510","2952391640","0.483187"
"2952391640","2902639510","0.483187"
"1489574895","164306009","0.920635"
"164306009","1489574895","0.920635"
"1595994119","164306009","0.420635"
"164306009","1595994119","0.420635"
"164306009","2030014066","0.920635"
"2030014066","164306009","0.920635"
"164306009","2033082111","0.420635"
"2033082111","164306009","0.420635"
"164306009","2196703670","0.111111"
"2196703670","164306009","0.111111"
"164306009","2290944024","0.111111"
"2290944024","164306009","0.111111"
"164306009","2488221070","0.111111"
"2488221070","164306009","0.111111"
"164306009","2700774434","0.111111"
"2700774434","164306009","0.111111"
"164306009","2952391640","0.111111"
"2952391640","164306009","0.111111"
"1489574895","2955818756","0.392857"
"2955818756","1489574895","0.392857"
"153010205","2955818756","0.25"
"2955818756","153010205","0.25"
"1595994119","2955818756","0.392857"
"2955818756","1595994119","0.392857"
"2033082111","2955818756","0.392857"
"2955818756","2033082111","0.392857"
"153010205","164306009","0.309524"
"164306009","153010205","0.309524"
"1602325706","164306009","1.14286"
"164306009","1602325706","1.14286"
"164306009","2022578767","0.142857"
"2022578767","164306009","0.142857"
"2022578767","2955818756","0.142857"
"2955818756","2022578767","0.142857"
"2196703670","2955818756","1.14286"
"2955818756","2196703670","1.14286"
"2290944024","2955818756","2.14286"
"2955818756","2290944024","2.14286"
"2563003400","2955818756","0.142857"
"2955818756","2563003400","0.142857"
"164306009","2902639510","0.166667"
"2902639510","164306009","0.166667"
"1846130260","2060029446","3"
"2060029446","1846130260","3"
"1846130260","2160302974","2"
"2160302974","1846130260","2"
"1846130260","2196703670","1"
"2196703670","1846130260","1"
"1846130260","2020921030","1.2"
"2020921030","1846130260","1.2"
"1846130260","2114811131","0.7"
"2114811131","1846130260","0.7"
"2108433244","2114811131","1.5"
"2114811131","2108433244","1.5"
"1846130260","2520233939","0.2"
"2520233939","1846130260","0.2"
"1846130260","2863550520","0.2"
"2863550520","1846130260","0.2"
"1846130260","2952391640","0.2"
"2952391640","1846130260","0.2"
"2020921030","2114811131","0.2"
"2114811131","2020921030","0.2"
"2020921030","2520233939","0.2"
"2520233939","2020921030","0.2"
"2020921030","2863550520","0.2"
"2863550520","2020921030","0.2"
"2020921030","2952391640","0.2"
"2952391640","2020921030","0.2"
"2114811131","2520233939","0.2"
"2520233939","2114811131","0.2"
"2114811131","2863550520","0.2"
"2863550520","2114811131","0.2"
"2114811131","2952391640","0.2"
"2952391640","2114811131","0.2"
"2520233939","2863550520","0.2"
"2863550520","2520233939","0.2"
"2520233939","2952391640","0.2"
"2952391640","2520233939","0.2"
"1966103365","2891973500","1"
"2891973500","1966103365","1"
"1977415353","2163888186","3"
"2163888186","1977415353","3"
"1978623602","2152547455","4.33333"
"2152547455","1978623602","4.33333"
"1978623602","2126926086","7.33333"
"2126926086","1978623602","7.33333"
"1978623602","2086883455","1.83333"
"2086883455","1978623602","1.83333"
"2086883455","2126926086","0.333333"
"2126926086","2086883455","0.333333"
"2086883455","2152547455","0.333333"
"2152547455","2086883455","0.333333"
"2126926086","2152547455","3.33333"
"2152547455","2126926086","3.33333"
"1978623602","2116924740","0.5"
"2116924740","1978623602","0.5"
"2086883455","2116924740","8.5"
"2116924740","2086883455","8.5"
"2020921030","2109715789","1"
"2109715789","2020921030","1"
"2054319779","2907798278","0.25"
"2907798278","2054319779","0.25"
"2094040396","2907798278","0.25"
"2907798278","2094040396","0.25"
"2298763913","2907798278","0.25"
"2907798278","2298763913","0.25"
"2907798278","2970380233","0.25"
"2970380233","2907798278","0.25"
"2086883455","2097179283","15"
"2097179283","2086883455","15"
"2097179283","2116924740","4"
"2116924740","2097179283","4"
"2098262260","2516577067","5.83333"
"2516577067","2098262260","5.83333"
"2098262260","2290944024","1.33333"
"2290944024","2098262260","1.33333"
"2098262260","2564822508","0.833333"
"2564822508","2098262260","0.833333"
"2290944024","2516577067","0.833333"
"2516577067","2290944024","0.833333"
"2290944024","2564822508","0.833333"
"2564822508","2290944024","0.833333"
"2516577067","2564822508","3.83333"
"2564822508","2516577067","3.83333"
"2108433244","2160302974","0.5"
"2160302974","2108433244","0.5"
"2160302974","2163058276","0.5"
"2163058276","2160302974","0.5"
"2114811131","2891973500","1"
"2891973500","2114811131","1"
"2129364433","2564822508","1.5"
"2564822508","2129364433","1.5"
"2129364433","2516577067","0.5"
"2516577067","2129364433","0.5"
"2150388796","2196703670","0.5"
"2196703670","2150388796","0.5"
"2150388796","2290944024","0.5"
"2290944024","2150388796","0.5"
"2150388796","2320470009","0.5"
"2320470009","2150388796","0.5"
"2150388796","2891973500","0.5"
"2891973500","2150388796","0.5"
"2320470009","2891973500","1.5"
"2891973500","2320470009","1.5"
"2284032370","2520233939","0.333333"
"2520233939","2284032370","0.333333"
"2284032370","2773646351","1.83333"
"2773646351","2284032370","1.83333"
"2284032370","2942576370","7.03333"
"2942576370","2284032370","7.03333"
"2520233939","2773646351","0.833333"
"2773646351","2520233939","0.833333"
"2520233939","2942576370","4.53333"
"2942576370","2520233939","4.53333"
"2773646351","2942576370","1.53333"
"2942576370","2773646351","1.53333"
"2284032370","2298763913","1.33333"
"2298763913","2284032370","1.33333"
"2284032370","2970380233","0.333333"
"2970380233","2284032370","0.333333"
"2298763913","2942576370","0.533333"
"2942576370","2298763913","0.533333"
"2942576370","2970380233","0.333333"
"2970380233","2942576370","0.333333"
"2284032370","2744492707","0.866667"
"2744492707","2284032370","0.866667"
"2284032370","2972955891","0.866667"
"2972955891","2284032370","0.866667"
"2744492707","2942576370","4.76667"
"2942576370","2744492707","4.76667"
"2744492707","2972955891","5.1"
"2972955891","2744492707","5.1"
"2942576370","2972955891","10.2667"
"2972955891","2942576370","10.2667"
"2284032370","2290944024","0.2"
"2290944024","2284032370","0.2"
"2284032370","2886147190","0.2"
"2886147190","2284032370","0.2"
"2290944024","2744492707","0.2"
"2744492707","2290944024","0.2"
"2290944024","2886147190","0.2"
"2886147190","2290944024","0.2"
"2290944024","2942576370","0.2"
"2942576370","2290944024","0.2"
"2290944024","2972955891","0.2"
"2972955891","2290944024","0.2"
"2744492707","2886147190","2.76667"
"2886147190","2744492707","2.76667"
"2886147190","2942576370","3.76667"
"2942576370","2886147190","3.76667"
"2886147190","2972955891","3.26667"
"2972955891","2886147190","3.26667"
"2298763913","2520233939","0.2"
"2520233939","2298763913","0.2"
"2298763913","2744492707","0.2"
"2744492707","2298763913","0.2"
"2298763913","2886147190","0.2"
"2886147190","2298763913","0.2"
"2298763913","2972955891","0.2"
"2972955891","2298763913","0.2"
"2520233939","2744492707","2.7"
"2744492707","2520233939","2.7"
"2520233939","2886147190","6.53333"
"2886147190","2520233939","6.53333"
"2520233939","2972955891","2.36667"
"2972955891","2520233939","2.36667"
"2298763913","2773646351","0.5"
"2773646351","2298763913","0.5"
"2773646351","2970380233","0.5"
"2970380233","2773646351","0.5"
"2488221070","2955818756","0.333333"
"2955818756","2488221070","0.333333"
"2700774434","2955818756","0.333333"
"2955818756","2700774434","0.333333"
"2952391640","2955818756","0.333333"
"2955818756","2952391640","0.333333"
"2520233939","2907798278","0.333333"
"2907798278","2520233939","0.333333"
"2744492707","2773646351","0.7"
"2773646351","2744492707","0.7"
"2744492707","2907798278","0.666667"
"2907798278","2744492707","0.666667"
"2773646351","2886147190","0.7"
"2886147190","2773646351","0.7"
"2773646351","2907798278","0.333333"
"2907798278","2773646351","0.333333"
"2773646351","2972955891","0.7"
"2972955891","2773646351","0.7"
"2886147190","2907798278","0.666667"
"2907798278","2886147190","0.666667"
"2907798278","2942576370","0.333333"
"2942576370","2907798278","0.333333"
"2907798278","2972955891","0.666667"
"2972955891","2907798278","0.666667"
"2520233939","2970061601","0.166667"
"2970061601","2520233939","0.166667"
"2744492707","2970061601","0.366667"
"2970061601","2744492707","0.366667"
"2773646351","2970061601","0.366667"
"2970061601","2773646351","0.366667"
"2886147190","2970061601","0.7"
"2970061601","2886147190","0.7"
"2942576370","2970061601","0.7"
"2970061601","2942576370","0.7"
"2970061601","2972955891","0.7"
"2972955891","2970061601","0.7"
"2614222692","2891973500","1"
"2891973500","2614222692","1"
"2744492707","2863550520","0.333333"
"2863550520","2744492707","0.333333"
"2744492707","2952391640","0.333333"
"2952391640","2744492707","0.333333"
"2863550520","2972955891","0.333333"
"2972955891","2863550520","0.333333"
"2952391640","2972955891","0.333333"
"2972955891","2952391640","0.333333"
"2891973500","2972553755","1"
"2972553755","2891973500","1"
