"1014416335","2184729648","14.25"
"2184729648","1014416335","14.25"
"1014416335","1515124366","0.25"
"1515124366","1014416335","0.25"
"1014416335","2164655772","0.25"
"2164655772","1014416335","0.25"
"1014416335","2165548399","0.25"
"2165548399","1014416335","0.25"
"1515124366","2164655772","2.25"
"2164655772","1515124366","2.25"
"1515124366","2165548399","0.75"
"2165548399","1515124366","0.75"
"1515124366","2184729648","0.25"
"2184729648","1515124366","0.25"
"2164655772","2165548399","0.25"
"2165548399","2164655772","0.25"
"2164655772","2184729648","0.25"
"2184729648","2164655772","0.25"
"2165548399","2184729648","0.25"
"2184729648","2165548399","0.25"
"1483160991","2111346571","7.4"
"2111346571","1483160991","7.4"
"1483160991","2114464055","7.9"
"2114464055","1483160991","7.9"
"2111346571","2114464055","15.9"
"2114464055","2111346571","15.9"
"1483160991","2066234652","0.2"
"2066234652","1483160991","0.2"
"1483160991","2120750985","5.15"
"2120750985","1483160991","5.15"
"1483160991","2164655772","0.2"
"2164655772","1483160991","0.2"
"2066234652","2111346571","0.2"
"2111346571","2066234652","0.2"
"2066234652","2114464055","0.2"
"2114464055","2066234652","0.2"
"2066234652","2120750985","0.2"
"2120750985","2066234652","0.2"
"2066234652","2164655772","0.2"
"2164655772","2066234652","0.2"
"2111346571","2120750985","3.65"
"2120750985","2111346571","3.65"
"2111346571","2164655772","0.2"
"2164655772","2111346571","0.2"
"2114464055","2120750985","5.15"
"2120750985","2114464055","5.15"
"2114464055","2164655772","0.2"
"2164655772","2114464055","0.2"
"2120750985","2164655772","0.2"
"2164655772","2120750985","0.2"
"1483160991","1515124366","0.533333"
"1515124366","1483160991","0.533333"
"1483160991","1566060813","0.45"
"1566060813","1483160991","0.45"
"1515124366","1566060813","1.2"
"1566060813","1515124366","1.2"
"1515124366","2111346571","0.2"
"2111346571","1515124366","0.2"
"1515124366","2114464055","0.2"
"2114464055","1515124366","0.2"
"1515124366","2120750985","0.2"
"2120750985","1515124366","0.2"
"1566060813","2111346571","0.45"
"2111346571","1566060813","0.45"
"1566060813","2114464055","0.45"
"2114464055","1566060813","0.45"
"1566060813","2120750985","0.45"
"2120750985","1566060813","0.45"
"1483160991","1503404955","0.25"
"1503404955","1483160991","0.25"
"1483160991","1559509510","0.25"
"1559509510","1483160991","0.25"
"1503404955","1559509510","0.25"
"1559509510","1503404955","0.25"
"1503404955","2111346571","0.25"
"2111346571","1503404955","0.25"
"1503404955","2114464055","0.25"
"2114464055","1503404955","0.25"
"1559509510","2111346571","0.75"
"2111346571","1559509510","0.75"
"1559509510","2114464055","0.75"
"2114464055","1559509510","0.75"
"1483160991","2132961718","0.333333"
"2132961718","1483160991","0.333333"
"1483160991","93371378","0.333333"
"93371378","1483160991","0.333333"
"1515124366","2132961718","0.424242"
"2132961718","1515124366","0.424242"
"1515124366","93371378","4.33333"
"93371378","1515124366","4.33333"
"2132961718","93371378","0.666667"
"93371378","2132961718","0.666667"
"1484589875","2514201417","7"
"2514201417","1484589875","7"
"1488526968","1547671177","0.833333"
"1547671177","1488526968","0.833333"
"1488526968","2005991258","0.833333"
"2005991258","1488526968","0.833333"
"1488526968","2135297873","0.992157"
"2135297873","1488526968","0.992157"
"1547671177","2005991258","20.3095"
"2005991258","1547671177","20.3095"
"1547671177","2135297873","0.810256"
"2135297873","1547671177","0.810256"
"2005991258","2135297873","0.810256"
"2135297873","2005991258","0.810256"
"1488526968","1511450293","1.19216"
"1511450293","1488526968","1.19216"
"1488526968","2016267457","1.20882"
"2016267457","1488526968","1.20882"
"1488526968","2129548234","0.842157"
"2129548234","1488526968","0.842157"
"1511450293","2016267457","2.44332"
"2016267457","1511450293","2.44332"
"1511450293","2129548234","2.1664"
"2129548234","1511450293","2.1664"
"2016267457","2129548234","7.33307"
"2129548234","2016267457","7.33307"
"1488526968","2059871496","0.42549"
"2059871496","1488526968","0.42549"
"1488526968","2109636506","0.166667"
"2109636506","1488526968","0.166667"
"1488526968","2166873269","0.25"
"2166873269","1488526968","0.25"
"1547671177","2016267457","0.734499"
"2016267457","1547671177","0.734499"
"1547671177","2059871496","0.324242"
"2059871496","1547671177","0.324242"
"1547671177","2109636506","0.233333"
"2109636506","1547671177","0.233333"
"1547671177","2166873269","0.666667"
"2166873269","1547671177","0.666667"
"2005991258","2016267457","0.734499"
"2016267457","2005991258","0.734499"
"2005991258","2059871496","0.324242"
"2059871496","2005991258","0.324242"
"2005991258","2109636506","0.233333"
"2109636506","2005991258","0.233333"
"2005991258","2166873269","0.666667"
"2166873269","2005991258","0.666667"
"2016267457","2059871496","4.84064"
"2059871496","2016267457","4.84064"
"2016267457","2109636506","0.233333"
"2109636506","2016267457","0.233333"
"2016267457","2166873269","0.366667"
"2166873269","2016267457","0.366667"
"2059871496","2109636506","0.233333"
"2109636506","2059871496","0.233333"
"2059871496","2166873269","0.166667"
"2166873269","2059871496","0.166667"
"2109636506","2166873269","0.166667"
"2166873269","2109636506","0.166667"
"1488526968","2098384969","0.408824"
"2098384969","1488526968","0.408824"
"1488526968","2133564050","0.408824"
"2133564050","1488526968","0.408824"
"1511450293","2098384969","3.26878"
"2098384969","1511450293","3.26878"
"1511450293","2133564050","2.04973"
"2133564050","1511450293","2.04973"
"1511450293","2135297873","1.80999"
"2135297873","1511450293","1.80999"
"2016267457","2098384969","0.349733"
"2098384969","2016267457","0.349733"
"2016267457","2133564050","0.583066"
"2133564050","2016267457","0.583066"
"2016267457","2135297873","2.02666"
"2135297873","2016267457","2.02666"
"2098384969","2133564050","1.52473"
"2133564050","2098384969","1.52473"
"2098384969","2135297873","0.749733"
"2135297873","2098384969","0.749733"
"2133564050","2135297873","1.0664"
"2135297873","2133564050","1.0664"
"1488526968","1741074190","1.25882"
"1741074190","1488526968","1.25882"
"1511450293","1741074190","1.49332"
"1741074190","1511450293","1.49332"
"1511450293","2059871496","0.916399"
"2059871496","1511450293","0.916399"
"1741074190","2016267457","7.32666"
"2016267457","1741074190","7.32666"
"1741074190","2059871496","2.58307"
"2059871496","1741074190","2.58307"
"1741074190","2129548234","3.24973"
"2129548234","1741074190","3.24973"
"2059871496","2129548234","3.58307"
"2129548234","2059871496","3.58307"
"1488526968","2171820781","0.458824"
"2171820781","1488526968","0.458824"
"1511450293","2171820781","6.90287"
"2171820781","1511450293","6.90287"
"2016267457","2171820781","0.308824"
"2171820781","2016267457","0.308824"
"2129548234","2171820781","0.308824"
"2171820781","2129548234","0.308824"
"1488526968","1975199330","0.208824"
"1975199330","1488526968","0.208824"
"1488526968","2052458932","0.208824"
"2052458932","1488526968","0.208824"
"1488526968","2073673830","0.12549"
"2073673830","1488526968","0.12549"
"1488526968","2087423941","0.208824"
"2087423941","1488526968","0.208824"
"1488526968","2130048459","0.208824"
"2130048459","1488526968","0.208824"
"1488526968","2132961718","0.208824"
"2132961718","1488526968","0.208824"
"1488526968","2170444562","0.208824"
"2170444562","1488526968","0.208824"
"1488526968","2502932385","0.12549"
"2502932385","1488526968","0.12549"
"1511450293","1975199330","1.35049"
"1975199330","1511450293","1.35049"
"1511450293","2052458932","0.601681"
"2052458932","1511450293","0.601681"
"1511450293","2073673830","2.81759"
"2073673830","1511450293","2.81759"
"1511450293","2087423941","2.81878"
"2087423941","1511450293","2.81878"
"1511450293","2130048459","4.95287"
"2130048459","1511450293","4.95287"
"1511450293","2132961718","3.81759"
"2132961718","1511450293","3.81759"
"1511450293","2170444562","2.10049"
"2170444562","1511450293","2.10049"
"1511450293","2502932385","5.34259"
"2502932385","1511450293","5.34259"
"1741074190","1975199330","0.542157"
"1975199330","1741074190","0.542157"
"1741074190","2052458932","0.0588235"
"2052458932","1741074190","0.0588235"
"1741074190","2073673830","0.216399"
"2073673830","1741074190","0.216399"
"1741074190","2087423941","0.149733"
"2087423941","1741074190","0.149733"
"1741074190","2098384969","0.149733"
"2098384969","1741074190","0.149733"
"1741074190","2130048459","0.0588235"
"2130048459","1741074190","0.0588235"
"1741074190","2132961718","0.216399"
"2132961718","1741074190","0.216399"
"1741074190","2133564050","0.383066"
"2133564050","1741074190","0.383066"
"1741074190","2135297873","0.293322"
"2135297873","1741074190","0.293322"
"1741074190","2170444562","0.37549"
"2170444562","1741074190","0.37549"
"1741074190","2171820781","0.0588235"
"2171820781","1741074190","0.0588235"
"1741074190","2502932385","0.216399"
"2502932385","1741074190","0.216399"
"1975199330","2016267457","0.492157"
"2016267457","1975199330","0.492157"
"1975199330","2052458932","0.458824"
"2052458932","1975199330","0.458824"
"1975199330","2059871496","0.12549"
"2059871496","1975199330","0.12549"
"1975199330","2073673830","0.767157"
"2073673830","1975199330","0.767157"
"1975199330","2087423941","0.50049"
"2087423941","1975199330","0.50049"
"1975199330","2098384969","0.833824"
"2098384969","1975199330","0.833824"
"1975199330","2129548234","0.292157"
"2129548234","1975199330","0.292157"
"1975199330","2130048459","0.708824"
"2130048459","1975199330","0.708824"
"1975199330","2132961718","0.892157"
"2132961718","1975199330","0.892157"
"1975199330","2133564050","0.40049"
"2133564050","1975199330","0.40049"
"1975199330","2135297873","0.392157"
"2135297873","1975199330","0.392157"
"1975199330","2170444562","7.46716"
"2170444562","1975199330","7.46716"
"1975199330","2171820781","0.82549"
"2171820781","1975199330","0.82549"
"1975199330","2502932385","2.10049"
"2502932385","1975199330","2.10049"
"2016267457","2052458932","0.0588235"
"2052458932","2016267457","0.0588235"
"2016267457","2073673830","0.473975"
"2073673830","2016267457","0.473975"
"2016267457","2087423941","0.149733"
"2087423941","2016267457","0.149733"
"2016267457","2130048459","0.0588235"
"2130048459","2016267457","0.0588235"
"2016267457","2132961718","0.473975"
"2132961718","2016267457","0.473975"
"2016267457","2170444562","0.32549"
"2170444562","2016267457","0.32549"
"2016267457","2502932385","0.749733"
"2502932385","2016267457","0.749733"
"2052458932","2059871496","0.0588235"
"2059871496","2052458932","0.0588235"
"2052458932","2073673830","0.12549"
"2073673830","2052458932","0.12549"
"2052458932","2087423941","0.351681"
"2087423941","2052458932","0.351681"
"2052458932","2098384969","1.35168"
"2098384969","2052458932","1.35168"
"2052458932","2129548234","0.0588235"
"2129548234","2052458932","0.0588235"
"2052458932","2130048459","0.351681"
"2130048459","2052458932","0.351681"
"2052458932","2132961718","0.351681"
"2132961718","2052458932","0.351681"
"2052458932","2133564050","0.208824"
"2133564050","2052458932","0.208824"
"2052458932","2135297873","0.12549"
"2135297873","2052458932","0.12549"
"2052458932","2170444562","0.208824"
"2170444562","2052458932","0.208824"
"2052458932","2171820781","0.351681"
"2171820781","2052458932","0.351681"
"2052458932","2502932385","0.37549"
"2502932385","2052458932","0.37549"
"2059871496","2073673830","0.307308"
"2073673830","2059871496","0.307308"
"2059871496","2087423941","0.149733"
"2087423941","2059871496","0.149733"
"2059871496","2098384969","0.149733"
"2098384969","2059871496","0.149733"
"2059871496","2130048459","0.0588235"
"2130048459","2059871496","0.0588235"
"2059871496","2132961718","0.307308"
"2132961718","2059871496","0.307308"
"2059871496","2133564050","0.216399"
"2133564050","2059871496","0.216399"
"2059871496","2135297873","0.216399"
"2135297873","2059871496","0.216399"
"2059871496","2170444562","0.12549"
"2170444562","2059871496","0.12549"
"2059871496","2171820781","0.0588235"
"2171820781","2059871496","0.0588235"
"2059871496","2502932385","0.216399"
"2502932385","2059871496","0.216399"
"2073673830","2087423941","0.759256"
"2087423941","2073673830","0.759256"
"2073673830","2098384969","0.759256"
"2098384969","2073673830","0.759256"
"2073673830","2129548234","0.383066"
"2129548234","2073673830","0.383066"
"2073673830","2130048459","1.64335"
"2130048459","2073673830","1.64335"
"2073673830","2132961718","1.76564"
"2132961718","2073673830","1.76564"
"2073673830","2133564050","1.18307"
"2133564050","2073673830","1.18307"
"2073673830","2135297873","0.283066"
"2135297873","2073673830","0.283066"
"2073673830","2170444562","0.767157"
"2170444562","2073673830","0.767157"
"2073673830","2171820781","1.09335"
"2171820781","2073673830","1.09335"
"2073673830","2502932385","0.425923"
"2502932385","2073673830","0.425923"
"2087423941","2098384969","22.3604"
"2098384969","2087423941","22.3604"
"2087423941","2129548234","0.149733"
"2129548234","2087423941","0.149733"
"2087423941","2130048459","2.7862"
"2130048459","2087423941","2.7862"
"2087423941","2132961718","1.63426"
"2132961718","2087423941","1.63426"
"2087423941","2133564050","1.32473"
"2133564050","2087423941","1.32473"
"2087423941","2135297873","0.549733"
"2135297873","2087423941","0.549733"
"2087423941","2170444562","0.208824"
"2170444562","2087423941","0.208824"
"2087423941","2171820781","2.86954"
"2171820781","2087423941","2.86954"
"2087423941","2502932385","2.98426"
"2502932385","2087423941","2.98426"
"2098384969","2129548234","0.149733"
"2129548234","2098384969","0.149733"
"2098384969","2130048459","3.2362"
"2130048459","2098384969","3.2362"
"2098384969","2132961718","1.63426"
"2132961718","2098384969","1.63426"
"2098384969","2170444562","1.04216"
"2170444562","2098384969","1.04216"
"2098384969","2171820781","3.11954"
"2171820781","2098384969","3.11954"
"2098384969","2502932385","3.23426"
"2502932385","2098384969","3.23426"
"2129548234","2130048459","0.0588235"
"2130048459","2129548234","0.0588235"
"2129548234","2132961718","0.383066"
"2132961718","2129548234","0.383066"
"2129548234","2133564050","0.383066"
"2133564050","2129548234","0.383066"
"2129548234","2135297873","0.549733"
"2135297873","2129548234","0.549733"
"2129548234","2170444562","0.12549"
"2170444562","2129548234","0.12549"
"2129548234","2502932385","0.549733"
"2502932385","2129548234","0.549733"
"2130048459","2132961718","0.768347"
"2132961718","2130048459","0.768347"
"2130048459","2133564050","0.50049"
"2133564050","2130048459","0.50049"
"2130048459","2135297873","0.12549"
"2135297873","2130048459","0.12549"
"2130048459","2170444562","0.583824"
"2170444562","2130048459","0.583824"
"2130048459","2171820781","5.32787"
"2171820781","2130048459","5.32787"
"2130048459","2502932385","6.39335"
"2502932385","2130048459","6.39335"
"2132961718","2133564050","2.30807"
"2133564050","2132961718","2.30807"
"2132961718","2135297873","0.533066"
"2135297873","2132961718","0.533066"
"2132961718","2170444562","0.60049"
"2170444562","2132961718","0.60049"
"2132961718","2171820781","2.38501"
"2171820781","2132961718","2.38501"
"2132961718","2502932385","2.90807"
"2502932385","2132961718","2.90807"
"2133564050","2170444562","0.27549"
"2170444562","2133564050","0.27549"
"2133564050","2171820781","0.75049"
"2171820781","2133564050","0.75049"
"2133564050","2502932385","0.408066"
"2502932385","2133564050","0.408066"
"2135297873","2170444562","0.392157"
"2170444562","2135297873","0.392157"
"2135297873","2171820781","0.37549"
"2171820781","2135297873","0.37549"
"2135297873","2502932385","0.816399"
"2502932385","2135297873","0.816399"
"2170444562","2171820781","0.533824"
"2171820781","2170444562","0.533824"
"2170444562","2502932385","0.72549"
"2502932385","2170444562","0.72549"
"2171820781","2502932385","5.14335"
"2502932385","2171820781","5.14335"
"1488526968","1503404955","0.15"
"1503404955","1488526968","0.15"
"1488526968","2097460241","0.0666667"
"2097460241","1488526968","0.0666667"
"1503404955","1511450293","2.15"
"1511450293","1503404955","2.15"
"1503404955","1975199330","0.775"
"1975199330","1503404955","0.775"
"1503404955","2052458932","0.15"
"2052458932","1503404955","0.15"
"1503404955","2073673830","0.0666667"
"2073673830","1503404955","0.0666667"
"1503404955","2087423941","0.775"
"2087423941","1503404955","0.775"
"1503404955","2097460241","0.0666667"
"2097460241","1503404955","0.0666667"
"1503404955","2098384969","0.975"
"2098384969","1503404955","0.975"
"1503404955","2130048459","0.475"
"2130048459","1503404955","0.475"
"1503404955","2132961718","0.775"
"2132961718","1503404955","0.775"
"1503404955","2133564050","0.275"
"2133564050","1503404955","0.275"
"1503404955","2135297873","0.0666667"
"2135297873","1503404955","0.0666667"
"1503404955","2170444562","0.483333"
"2170444562","1503404955","0.483333"
"1503404955","2171820781","0.441667"
"2171820781","1503404955","0.441667"
"1503404955","2502932385","0.525"
"2502932385","1503404955","0.525"
"1511450293","2097460241","0.37619"
"2097460241","1511450293","0.37619"
"1975199330","2097460241","0.0666667"
"2097460241","1975199330","0.0666667"
"2052458932","2097460241","0.0666667"
"2097460241","2052458932","0.0666667"
"2073673830","2097460241","0.209524"
"2097460241","2073673830","0.209524"
"2087423941","2097460241","0.37619"
"2097460241","2087423941","0.37619"
"2097460241","2098384969","0.37619"
"2098384969","2097460241","0.37619"
"2097460241","2130048459","0.37619"
"2130048459","2097460241","0.37619"
"2097460241","2132961718","0.0666667"
"2132961718","2097460241","0.0666667"
"2097460241","2133564050","0.0666667"
"2133564050","2097460241","0.0666667"
"2097460241","2135297873","0.0666667"
"2135297873","2097460241","0.0666667"
"2097460241","2170444562","0.0666667"
"2170444562","2097460241","0.0666667"
"2097460241","2171820781","0.37619"
"2171820781","2097460241","0.37619"
"2097460241","2502932385","0.37619"
"2502932385","2097460241","0.37619"
"1503404955","2166873269","0.0833333"
"2166873269","1503404955","0.0833333"
"1511450293","2166873269","0.47619"
"2166873269","1511450293","0.47619"
"1975199330","2166873269","0.533333"
"2166873269","1975199330","0.533333"
"2052458932","2166873269","0.47619"
"2166873269","2052458932","0.47619"
"2087423941","2166873269","0.72619"
"2166873269","2087423941","0.72619"
"2098384969","2166873269","0.72619"
"2166873269","2098384969","0.72619"
"2130048459","2166873269","0.22619"
"2166873269","2130048459","0.22619"
"2132961718","2166873269","0.22619"
"2166873269","2132961718","0.22619"
"2133564050","2166873269","0.0833333"
"2166873269","2133564050","0.0833333"
"2166873269","2170444562","0.283333"
"2170444562","2166873269","0.283333"
"2166873269","2171820781","0.22619"
"2171820781","2166873269","0.22619"
"1502073577","1539139177","1"
"1539139177","1502073577","1"
"1502073577","2003329891","1"
"2003329891","1502073577","1"
"1503404955","1547671177","0.2"
"1547671177","1503404955","0.2"
"1503404955","2005991258","0.2"
"2005991258","1503404955","0.2"
"1503404955","2021328268","0.366667"
"2021328268","1503404955","0.366667"
"1547671177","2021328268","0.2"
"2021328268","1547671177","0.2"
"1547671177","2098384969","0.533333"
"2098384969","1547671177","0.533333"
"1547671177","2130048459","0.325"
"2130048459","1547671177","0.325"
"2005991258","2021328268","0.2"
"2021328268","2005991258","0.2"
"2005991258","2098384969","0.2"
"2098384969","2005991258","0.2"
"2005991258","2130048459","0.325"
"2130048459","2005991258","0.325"
"2021328268","2098384969","0.366667"
"2098384969","2021328268","0.366667"
"2021328268","2130048459","0.2"
"2130048459","2021328268","0.2"
"1975199330","2021328268","0.166667"
"2021328268","1975199330","0.166667"
"2021328268","2087423941","0.166667"
"2087423941","2021328268","0.166667"
"2021328268","2132961718","0.166667"
"2132961718","2021328268","0.166667"
"2021328268","2171820781","0.166667"
"2171820781","2021328268","0.166667"
"1503404955","1803070374","1"
"1803070374","1503404955","1"
"1503404955","93371378","1"
"93371378","1503404955","1"
"1510333715","2003329891","5.41026"
"2003329891","1510333715","5.41026"
"1510333715","2144769011","11.3333"
"2144769011","1510333715","11.3333"
"1510333715","2561122436","1.33333"
"2561122436","1510333715","1.33333"
"1510333715","1511450293","0.0769231"
"1511450293","1510333715","0.0769231"
"1510333715","1515124366","0.410256"
"1515124366","1510333715","0.410256"
"1510333715","1547671177","0.0769231"
"1547671177","1510333715","0.0769231"
"1510333715","1562808050","0.0769231"
"1562808050","1510333715","0.0769231"
"1510333715","1741074190","0.0769231"
"1741074190","1510333715","0.0769231"
"1510333715","2005991258","0.0769231"
"2005991258","1510333715","0.0769231"
"1510333715","2016267457","0.0769231"
"2016267457","1510333715","0.0769231"
"1510333715","2024036950","0.326923"
"2024036950","1510333715","0.326923"
"1510333715","2104227584","0.0769231"
"2104227584","1510333715","0.0769231"
"1510333715","2135297873","0.0769231"
"2135297873","1510333715","0.0769231"
"1510333715","2141538155","0.326923"
"2141538155","1510333715","0.326923"
"1510333715","2156805429","0.0769231"
"2156805429","1510333715","0.0769231"
"1511450293","1515124366","0.0769231"
"1515124366","1511450293","0.0769231"
"1511450293","1547671177","0.601923"
"1547671177","1511450293","0.601923"
"1511450293","1562808050","0.0769231"
"1562808050","1511450293","0.0769231"
"1511450293","2003329891","0.0769231"
"2003329891","1511450293","0.0769231"
"1511450293","2005991258","0.601923"
"2005991258","1511450293","0.601923"
"1511450293","2024036950","0.0769231"
"2024036950","1511450293","0.0769231"
"1511450293","2104227584","0.0769231"
"2104227584","1511450293","0.0769231"
"1511450293","2141538155","0.0769231"
"2141538155","1511450293","0.0769231"
"1511450293","2156805429","0.0769231"
"2156805429","1511450293","0.0769231"
"1515124366","1547671177","0.167832"
"1547671177","1515124366","0.167832"
"1515124366","1562808050","0.167832"
"1562808050","1515124366","0.167832"
"1515124366","1741074190","0.0769231"
"1741074190","1515124366","0.0769231"
"1515124366","2003329891","0.0769231"
"2003329891","1515124366","0.0769231"
"1515124366","2005991258","0.167832"
"2005991258","1515124366","0.167832"
"1515124366","2016267457","0.167832"
"2016267457","1515124366","0.167832"
"1515124366","2024036950","0.167832"
"2024036950","1515124366","0.167832"
"1515124366","2104227584","1.25117"
"2104227584","1515124366","1.25117"
"1515124366","2135297873","0.0769231"
"2135297873","1515124366","0.0769231"
"1515124366","2141538155","1.25117"
"2141538155","1515124366","1.25117"
"1515124366","2156805429","0.0769231"
"2156805429","1515124366","0.0769231"
"1547671177","1562808050","0.167832"
"1562808050","1547671177","0.167832"
"1547671177","1741074190","0.560256"
"1741074190","1547671177","0.560256"
"1547671177","2003329891","0.0769231"
"2003329891","1547671177","0.0769231"
"1547671177","2024036950","0.167832"
"2024036950","1547671177","0.167832"
"1547671177","2104227584","0.167832"
"2104227584","1547671177","0.167832"
"1547671177","2141538155","0.167832"
"2141538155","1547671177","0.167832"
"1547671177","2156805429","0.0769231"
"2156805429","1547671177","0.0769231"
"1562808050","1741074190","0.0769231"
"1741074190","1562808050","0.0769231"
"1562808050","2003329891","0.0769231"
"2003329891","1562808050","0.0769231"
"1562808050","2005991258","0.167832"
"2005991258","1562808050","0.167832"
"1562808050","2016267457","0.167832"
"2016267457","1562808050","0.167832"
"1562808050","2024036950","0.167832"
"2024036950","1562808050","0.167832"
"1562808050","2104227584","0.167832"
"2104227584","1562808050","0.167832"
"1562808050","2135297873","0.0769231"
"2135297873","1562808050","0.0769231"
"1562808050","2141538155","0.167832"
"2141538155","1562808050","0.167832"
"1562808050","2156805429","0.0769231"
"2156805429","1562808050","0.0769231"
"1741074190","2003329891","0.0769231"
"2003329891","1741074190","0.0769231"
"1741074190","2005991258","0.560256"
"2005991258","1741074190","0.560256"
"1741074190","2024036950","0.0769231"
"2024036950","1741074190","0.0769231"
"1741074190","2104227584","0.0769231"
"2104227584","1741074190","0.0769231"
"1741074190","2141538155","0.0769231"
"2141538155","1741074190","0.0769231"
"1741074190","2156805429","0.0769231"
"2156805429","1741074190","0.0769231"
"2003329891","2005991258","0.0769231"
"2005991258","2003329891","0.0769231"
"2003329891","2016267457","0.0769231"
"2016267457","2003329891","0.0769231"
"2003329891","2024036950","0.0769231"
"2024036950","2003329891","0.0769231"
"2003329891","2104227584","0.0769231"
"2104227584","2003329891","0.0769231"
"2003329891","2135297873","0.0769231"
"2135297873","2003329891","0.0769231"
"2003329891","2141538155","0.0769231"
"2141538155","2003329891","0.0769231"
"2003329891","2156805429","0.0769231"
"2156805429","2003329891","0.0769231"
"2005991258","2024036950","0.167832"
"2024036950","2005991258","0.167832"
"2005991258","2104227584","0.167832"
"2104227584","2005991258","0.167832"
"2005991258","2141538155","0.167832"
"2141538155","2005991258","0.167832"
"2005991258","2156805429","0.0769231"
"2156805429","2005991258","0.0769231"
"2016267457","2024036950","0.167832"
"2024036950","2016267457","0.167832"
"2016267457","2104227584","0.167832"
"2104227584","2016267457","0.167832"
"2016267457","2141538155","0.167832"
"2141538155","2016267457","0.167832"
"2016267457","2156805429","0.0769231"
"2156805429","2016267457","0.0769231"
"2024036950","2104227584","0.167832"
"2104227584","2024036950","0.167832"
"2024036950","2135297873","0.0769231"
"2135297873","2024036950","0.0769231"
"2024036950","2141538155","0.417832"
"2141538155","2024036950","0.417832"
"2024036950","2156805429","16.1603"
"2156805429","2024036950","16.1603"
"2104227584","2135297873","0.0769231"
"2135297873","2104227584","0.0769231"
"2104227584","2141538155","8.75117"
"2141538155","2104227584","8.75117"
"2104227584","2156805429","0.0769231"
"2156805429","2104227584","0.0769231"
"2135297873","2141538155","0.0769231"
"2141538155","2135297873","0.0769231"
"2135297873","2156805429","0.0769231"
"2156805429","2135297873","0.0769231"
"2141538155","2156805429","0.0769231"
"2156805429","2141538155","0.0769231"
"2003329891","2144769011","3"
"2144769011","2003329891","3"
"1510333715","2052458932","0.333333"
"2052458932","1510333715","0.333333"
"1515124366","2052458932","3.33333"
"2052458932","1515124366","3.33333"
"1515124366","2144769011","0.333333"
"2144769011","1515124366","0.333333"
"2052458932","2144769011","0.333333"
"2144769011","2052458932","0.333333"
"1510333715","1528939999","0.25"
"1528939999","1510333715","0.25"
"1510333715","2087796744","0.25"
"2087796744","1510333715","0.25"
"1528939999","2024036950","0.583333"
"2024036950","1528939999","0.583333"
"1528939999","2087796744","0.25"
"2087796744","1528939999","0.25"
"1528939999","2141538155","0.75"
"2141538155","1528939999","0.75"
"2024036950","2087796744","0.5"
"2087796744","2024036950","0.5"
"2087796744","2141538155","2.83333"
"2141538155","2087796744","2.83333"
"1510333715","2212366452","0.333333"
"2212366452","1510333715","0.333333"
"2003329891","2212366452","0.333333"
"2212366452","2003329891","0.333333"
"2003329891","2561122436","0.333333"
"2561122436","2003329891","0.333333"
"2212366452","2561122436","8.41667"
"2561122436","2212366452","8.41667"
"1510333715","1973706346","1"
"1973706346","1510333715","1"
"1547671177","1975199330","2.275"
"1975199330","1547671177","2.275"
"1547671177","2073673830","0.449242"
"2073673830","1547671177","0.449242"
"1547671177","2132961718","0.449242"
"2132961718","1547671177","0.449242"
"1547671177","2170444562","2.775"
"2170444562","1547671177","2.775"
"1547671177","2171820781","0.458333"
"2171820781","1547671177","0.458333"
"1975199330","2005991258","1.94167"
"2005991258","1975199330","1.94167"
"2005991258","2073673830","0.449242"
"2073673830","2005991258","0.449242"
"2005991258","2132961718","0.449242"
"2132961718","2005991258","0.449242"
"2005991258","2170444562","2.44167"
"2170444562","2005991258","2.44167"
"2005991258","2171820781","0.458333"
"2171820781","2005991258","0.458333"
"2166873269","2502932385","0.45"
"2502932385","2166873269","0.45"
"1547671177","2129548234","0.4"
"2129548234","1547671177","0.4"
"2005991258","2129548234","0.4"
"2129548234","2005991258","0.4"
"1547671177","2133564050","0.733333"
"2133564050","1547671177","0.733333"
"2005991258","2133564050","0.733333"
"2133564050","2005991258","0.733333"
"1511450293","93371378","1"
"93371378","1511450293","1"
"1511450293","2109636506","0.0666667"
"2109636506","1511450293","0.0666667"
"1511450293","2140463126","0.0666667"
"2140463126","1511450293","0.0666667"
"1547671177","2140463126","0.0666667"
"2140463126","1547671177","0.0666667"
"1547671177","2502932385","0.4"
"2502932385","1547671177","0.4"
"1741074190","2109636506","0.0666667"
"2109636506","1741074190","0.0666667"
"1741074190","2140463126","0.0666667"
"2140463126","1741074190","0.0666667"
"1975199330","2109636506","0.0666667"
"2109636506","1975199330","0.0666667"
"1975199330","2140463126","0.316667"
"2140463126","1975199330","0.316667"
"2005991258","2140463126","0.0666667"
"2140463126","2005991258","0.0666667"
"2005991258","2502932385","0.4"
"2502932385","2005991258","0.4"
"2016267457","2140463126","0.0666667"
"2140463126","2016267457","0.0666667"
"2059871496","2140463126","0.0666667"
"2140463126","2059871496","0.0666667"
"2073673830","2109636506","0.0666667"
"2109636506","2073673830","0.0666667"
"2073673830","2140463126","0.316667"
"2140463126","2073673830","0.316667"
"2109636506","2129548234","0.0666667"
"2129548234","2109636506","0.0666667"
"2109636506","2132961718","0.0666667"
"2132961718","2109636506","0.0666667"
"2109636506","2133564050","0.0666667"
"2133564050","2109636506","0.0666667"
"2109636506","2135297873","0.0666667"
"2135297873","2109636506","0.0666667"
"2109636506","2140463126","0.0666667"
"2140463126","2109636506","0.0666667"
"2109636506","2170444562","0.0666667"
"2170444562","2109636506","0.0666667"
"2109636506","2502932385","0.0666667"
"2502932385","2109636506","0.0666667"
"2129548234","2140463126","0.0666667"
"2140463126","2129548234","0.0666667"
"2132961718","2140463126","0.0666667"
"2140463126","2132961718","0.0666667"
"2133564050","2140463126","0.0666667"
"2140463126","2133564050","0.0666667"
"2135297873","2140463126","0.0666667"
"2140463126","2135297873","0.0666667"
"2140463126","2170444562","0.316667"
"2170444562","2140463126","0.316667"
"2140463126","2502932385","0.0666667"
"2502932385","2140463126","0.0666667"
"1515124366","2109636506","1"
"2109636506","1515124366","1"
"1515124366","1973706346","1.25"
"1973706346","1515124366","1.25"
"1515124366","2087796744","1.08333"
"2087796744","1515124366","1.08333"
"1515124366","1528939999","0.5"
"1528939999","1515124366","0.5"
"1528939999","2104227584","2"
"2104227584","1528939999","2"
"1515124366","1559509510","0.5"
"1559509510","1515124366","0.5"
"1559509510","2165548399","2.25"
"2165548399","1559509510","2.25"
"2087796744","2104227584","1.08333"
"2104227584","2087796744","1.08333"
"1973706346","2087796744","3.5"
"2087796744","1973706346","3.5"
"1973706346","2104227584","0.25"
"2104227584","1973706346","0.25"
"1973706346","2141538155","2.25"
"2141538155","1973706346","2.25"
"1515124366","2059871496","0.0909091"
"2059871496","1515124366","0.0909091"
"1515124366","2073673830","0.0909091"
"2073673830","1515124366","0.0909091"
"1515124366","2156964356","0.0909091"
"2156964356","1515124366","0.0909091"
"1547671177","2156964356","0.0909091"
"2156964356","1547671177","0.0909091"
"1562808050","2059871496","0.0909091"
"2059871496","1562808050","0.0909091"
"1562808050","2073673830","0.0909091"
"2073673830","1562808050","0.0909091"
"1562808050","2132961718","0.424242"
"2132961718","1562808050","0.424242"
"1562808050","2156964356","0.0909091"
"2156964356","1562808050","0.0909091"
"2005991258","2156964356","0.0909091"
"2156964356","2005991258","0.0909091"
"2016267457","2156964356","0.0909091"
"2156964356","2016267457","0.0909091"
"2024036950","2059871496","0.0909091"
"2059871496","2024036950","0.0909091"
"2024036950","2073673830","0.0909091"
"2073673830","2024036950","0.0909091"
"2024036950","2132961718","0.0909091"
"2132961718","2024036950","0.0909091"
"2024036950","2156964356","0.0909091"
"2156964356","2024036950","0.0909091"
"2059871496","2104227584","0.0909091"
"2104227584","2059871496","0.0909091"
"2059871496","2141538155","0.0909091"
"2141538155","2059871496","0.0909091"
"2059871496","2156964356","0.0909091"
"2156964356","2059871496","0.0909091"
"2073673830","2104227584","0.0909091"
"2104227584","2073673830","0.0909091"
"2073673830","2141538155","0.0909091"
"2141538155","2073673830","0.0909091"
"2073673830","2156964356","0.0909091"
"2156964356","2073673830","0.0909091"
"2104227584","2132961718","0.0909091"
"2132961718","2104227584","0.0909091"
"2104227584","2156964356","0.0909091"
"2156964356","2104227584","0.0909091"
"2132961718","2141538155","0.0909091"
"2141538155","2132961718","0.0909091"
"2132961718","2156964356","0.0909091"
"2156964356","2132961718","0.0909091"
"2141538155","2156964356","0.0909091"
"2156964356","2141538155","0.0909091"
"1518115867","2021328268","41"
"2021328268","1518115867","41"
"1518115867","1589278404","7.75"
"1589278404","1518115867","7.75"
"1518115867","1559509510","0.25"
"1559509510","1518115867","0.25"
"1518115867","1562808050","0.25"
"1562808050","1518115867","0.25"
"1518115867","2165548399","0.25"
"2165548399","1518115867","0.25"
"1559509510","1562808050","0.75"
"1562808050","1559509510","0.75"
"1559509510","2021328268","1.25"
"2021328268","1559509510","1.25"
"1562808050","2021328268","0.25"
"2021328268","1562808050","0.25"
"1562808050","2165548399","0.75"
"2165548399","1562808050","0.75"
"2021328268","2165548399","0.25"
"2165548399","2021328268","0.25"
"1518115867","2116207537","13.25"
"2116207537","1518115867","13.25"
"2021328268","2116207537","5.58333"
"2116207537","2021328268","5.58333"
"1589278404","2021328268","2.08333"
"2021328268","1589278404","2.08333"
"1589278404","2116207537","6.58333"
"2116207537","1589278404","6.58333"
"1518115867","93371378","1"
"93371378","1518115867","1"
"2021328268","93371378","1.33333"
"93371378","2021328268","1.33333"
"1518115867","2502932385","0.25"
"2502932385","1518115867","0.25"
"1589278404","2502932385","0.25"
"2502932385","1589278404","0.25"
"2021328268","2502932385","0.25"
"2502932385","2021328268","0.25"
"2116207537","2502932385","0.25"
"2502932385","2116207537","0.25"
"1528939999","1973706346","0.333333"
"1973706346","1528939999","0.333333"
"1528939999","2156805429","0.333333"
"2156805429","1528939999","0.333333"
"1973706346","2024036950","1.08333"
"2024036950","1973706346","1.08333"
"1973706346","2156805429","1.08333"
"2156805429","1973706346","1.08333"
"1547671177","1549842354","1.5"
"1549842354","1547671177","1.5"
"1549842354","1975199330","1.5"
"1975199330","1549842354","1.5"
"1549842354","2005991258","1.5"
"2005991258","1549842354","1.5"
"1549842354","2170444562","1.5"
"2170444562","1549842354","1.5"
"1549842354","2135297873","0.5"
"2135297873","1549842354","0.5"
"1549842354","2164655772","0.5"
"2164655772","1549842354","0.5"
"2135297873","2164655772","0.5"
"2164655772","2135297873","0.5"
"1549842354","1741074190","1"
"1741074190","1549842354","1"
"1549842354","93371378","1"
"93371378","1549842354","1"
"1559509510","93371378","1"
"93371378","1559509510","1"
"1562808050","2109636506","3"
"2109636506","1562808050","3"
"1562808050","1803070374","1.33333"
"1803070374","1562808050","1.33333"
"1562808050","93371378","0.333333"
"93371378","1562808050","0.333333"
"1803070374","2132961718","0.333333"
"2132961718","1803070374","0.333333"
"1803070374","93371378","0.333333"
"93371378","1803070374","0.333333"
"1566060813","2059543685","6"
"2059543685","1566060813","6"
"1566060813","2164655772","0.5"
"2164655772","1566060813","0.5"
"2059543685","2164655772","0.5"
"2164655772","2059543685","0.5"
"1566060813","93371378","3.5"
"93371378","1566060813","3.5"
"1566060813","1851783880","1"
"1851783880","1566060813","1"
"2059543685","93371378","0.5"
"93371378","2059543685","0.5"
"1587216226","2480017712","3.33333"
"2480017712","1587216226","3.33333"
"1587216226","1803070374","0.333333"
"1803070374","1587216226","0.333333"
"1587216226","2074062725","0.333333"
"2074062725","1587216226","0.333333"
"1803070374","2074062725","0.333333"
"2074062725","1803070374","0.333333"
"1803070374","2480017712","0.333333"
"2480017712","1803070374","0.333333"
"2074062725","2480017712","0.333333"
"2480017712","2074062725","0.333333"
"1589278404","93371378","0.333333"
"93371378","1589278404","0.333333"
"2116207537","93371378","0.333333"
"93371378","2116207537","0.333333"
"1741074190","2188166315","0.166667"
"2188166315","1741074190","0.166667"
"1741074190","2212366452","0.166667"
"2212366452","1741074190","0.166667"
"1741074190","2561122436","0.166667"
"2561122436","1741074190","0.166667"
"1975199330","2188166315","0.166667"
"2188166315","1975199330","0.166667"
"1975199330","2212366452","0.166667"
"2212366452","1975199330","0.166667"
"1975199330","2561122436","0.166667"
"2561122436","1975199330","0.166667"
"2016267457","2188166315","0.166667"
"2188166315","2016267457","0.166667"
"2016267457","2212366452","0.166667"
"2212366452","2016267457","0.166667"
"2016267457","2561122436","0.166667"
"2561122436","2016267457","0.166667"
"2129548234","2188166315","0.166667"
"2188166315","2129548234","0.166667"
"2129548234","2212366452","0.166667"
"2212366452","2129548234","0.166667"
"2129548234","2561122436","0.166667"
"2561122436","2129548234","0.166667"
"2188166315","2212366452","7.58333"
"2212366452","2188166315","7.58333"
"2188166315","2561122436","6.58333"
"2561122436","2188166315","6.58333"
"1803070374","2156964356","2.25"
"2156964356","1803070374","2.25"
"1803070374","2188166315","0.25"
"2188166315","1803070374","0.25"
"1803070374","2212366452","0.25"
"2212366452","1803070374","0.25"
"1803070374","2561122436","0.25"
"2561122436","1803070374","0.25"
"2156964356","2188166315","0.25"
"2188166315","2156964356","0.25"
"2156964356","2212366452","0.25"
"2212366452","2156964356","0.25"
"2156964356","2561122436","0.25"
"2561122436","2156964356","0.25"
"1851783880","2053474268","6.5"
"2053474268","1851783880","6.5"
"1851783880","1990199404","0.5"
"1990199404","1851783880","0.5"
"1990199404","2053474268","3.5"
"2053474268","1990199404","3.5"
"1973706346","2412622765","0.25"
"2412622765","1973706346","0.25"
"2024036950","2412622765","0.25"
"2412622765","2024036950","0.25"
"2087796744","2156805429","0.25"
"2156805429","2087796744","0.25"
"2087796744","2412622765","0.25"
"2412622765","2087796744","0.25"
"2156805429","2412622765","0.25"
"2412622765","2156805429","0.25"
"2135297873","2166873269","0.2"
"2166873269","2135297873","0.2"
"1975199330","2793486765","1.5"
"2793486765","1975199330","1.5"
"2170444562","2793486765","0.5"
"2793486765","2170444562","0.5"
"2130048459","2140463126","0.25"
"2140463126","2130048459","0.25"
"2005991258","2087423941","1"
"2087423941","2005991258","1"
"2020720111","2793486765","1"
"2793486765","2020720111","1"
"2021328268","2159809268","1"
"2159809268","2021328268","1"
"2052458932","2120750985","1"
"2120750985","2052458932","1"
"2066234652","2165548399","3.5"
"2165548399","2066234652","3.5"
"2066234652","2156964356","0.5"
"2156964356","2066234652","0.5"
"2156964356","2165548399","0.5"
"2165548399","2156964356","0.5"
"2098384969","2164655772","1"
"2164655772","2098384969","1"
"2098384969","2159809268","0.5"
"2159809268","2098384969","0.5"
"2159809268","2170444562","0.5"
"2170444562","2159809268","0.5"
"2166873269","2471479809","1"
"2471479809","2166873269","1"
"2188166315","2471479809","0.666667"
"2471479809","2188166315","0.666667"
"2212366452","2471479809","1.16667"
"2471479809","2212366452","1.16667"
"2471479809","2561122436","1.16667"
"2561122436","2471479809","1.16667"
