"133049039","1982575897","1"
"1982575897","133049039","1"
"1494407420","2081029799","12.9167"
"2081029799","1494407420","12.9167"
"1494407420","1582972794","0.142857"
"1582972794","1494407420","0.142857"
"1494407420","2000934606","0.142857"
"2000934606","1494407420","0.142857"
"1494407420","2029558291","0.142857"
"2029558291","1494407420","0.142857"
"1494407420","2114369244","0.809524"
"2114369244","1494407420","0.809524"
"1494407420","2160383200","0.142857"
"2160383200","1494407420","0.142857"
"1494407420","24235014","0.809524"
"24235014","1494407420","0.809524"
"1494407420","2491118504","2.22619"
"2491118504","1494407420","2.22619"
"1582972794","2000934606","0.97619"
"2000934606","1582972794","0.97619"
"1582972794","2029558291","0.642857"
"2029558291","1582972794","0.642857"
"1582972794","2114369244","0.67619"
"2114369244","1582972794","0.67619"
"1582972794","2160383200","3.72619"
"2160383200","1582972794","3.72619"
"1582972794","24235014","0.92619"
"24235014","1582972794","0.92619"
"1582972794","2491118504","0.92619"
"2491118504","1582972794","0.92619"
"2000934606","2029558291","5.91429"
"2029558291","2000934606","5.91429"
"2000934606","2114369244","2.41429"
"2114369244","2000934606","2.41429"
"2000934606","2160383200","5.62619"
"2160383200","2000934606","5.62619"
"2000934606","24235014","0.714286"
"24235014","2000934606","0.714286"
"2000934606","2491118504","3.49762"
"2491118504","2000934606","3.49762"
"2029558291","2114369244","0.664286"
"2114369244","2029558291","0.664286"
"2029558291","2160383200","3.84286"
"2160383200","2029558291","3.84286"
"2029558291","24235014","0.714286"
"24235014","2029558291","0.714286"
"2029558291","2491118504","2.91429"
"2491118504","2029558291","2.91429"
"2114369244","2160383200","1.09286"
"2160383200","2114369244","1.09286"
"2114369244","24235014","4.33095"
"24235014","2114369244","4.33095"
"2114369244","2491118504","4.19762"
"2491118504","2114369244","4.19762"
"2160383200","24235014","0.142857"
"24235014","2160383200","0.142857"
"2160383200","2491118504","3.17619"
"2491118504","2160383200","3.17619"
"24235014","2491118504","4.16429"
"2491118504","24235014","4.16429"
"1494407420","2065167540","5.16667"
"2065167540","1494407420","5.16667"
"2065167540","2081029799","4.66667"
"2081029799","2065167540","4.66667"
"2065167540","2491118504","2.2381"
"2491118504","2065167540","2.2381"
"2081029799","2491118504","1.16667"
"2491118504","2081029799","1.16667"
"1494407420","2050024349","0.25"
"2050024349","1494407420","0.25"
"1494407420","2273545888","0.25"
"2273545888","1494407420","0.25"
"2050024349","2081029799","0.25"
"2081029799","2050024349","0.25"
"2050024349","2273545888","2.39444"
"2273545888","2050024349","2.39444"
"2050024349","2491118504","7.58095"
"2491118504","2050024349","7.58095"
"2081029799","2273545888","0.25"
"2273545888","2081029799","0.25"
"2273545888","2491118504","3.28333"
"2491118504","2273545888","3.28333"
"1536076478","2120763591","0.97619"
"2120763591","1536076478","0.97619"
"1536076478","2491118504","2.50952"
"2491118504","1536076478","2.50952"
"2120763591","2491118504","2.72619"
"2491118504","2120763591","2.72619"
"1536076478","2017085583","0.142857"
"2017085583","1536076478","0.142857"
"1536076478","2050024349","0.809524"
"2050024349","1536076478","0.809524"
"1536076478","2100846440","0.142857"
"2100846440","1536076478","0.142857"
"1536076478","2129124450","0.47619"
"2129124450","1536076478","0.47619"
"1536076478","2145604074","0.142857"
"2145604074","1536076478","0.142857"
"2017085583","2050024349","0.714286"
"2050024349","2017085583","0.714286"
"2017085583","2100846440","0.142857"
"2100846440","2017085583","0.142857"
"2017085583","2120763591","0.142857"
"2120763591","2017085583","0.142857"
"2017085583","2129124450","0.642857"
"2129124450","2017085583","0.642857"
"2017085583","2145604074","4.71429"
"2145604074","2017085583","4.71429"
"2017085583","2491118504","1.71429"
"2491118504","2017085583","1.71429"
"2050024349","2100846440","0.809524"
"2100846440","2050024349","0.809524"
"2050024349","2120763591","1.22619"
"2120763591","2050024349","1.22619"
"2050024349","2129124450","6.2873"
"2129124450","2050024349","6.2873"
"2050024349","2145604074","0.575397"
"2145604074","2050024349","0.575397"
"2100846440","2120763591","0.142857"
"2120763591","2100846440","0.142857"
"2100846440","2129124450","0.809524"
"2129124450","2100846440","0.809524"
"2100846440","2145604074","0.142857"
"2145604074","2100846440","0.142857"
"2100846440","2491118504","1.25952"
"2491118504","2100846440","1.25952"
"2120763591","2129124450","1.22619"
"2129124450","2120763591","1.22619"
"2120763591","2145604074","0.142857"
"2145604074","2120763591","0.142857"
"2129124450","2145604074","0.503968"
"2145604074","2129124450","0.503968"
"2129124450","2491118504","4.92619"
"2491118504","2129124450","4.92619"
"2145604074","2491118504","0.464286"
"2491118504","2145604074","0.464286"
"1536076478","2114369244","1.86667"
"2114369244","1536076478","1.86667"
"1536076478","24235014","1.86667"
"24235014","1536076478","1.86667"
"1536076478","1582972794","0.533333"
"1582972794","1536076478","0.533333"
"1536076478","2028368347","0.2"
"2028368347","1536076478","0.2"
"1582972794","2028368347","0.533333"
"2028368347","1582972794","0.533333"
"2028368347","2114369244","0.533333"
"2114369244","2028368347","0.533333"
"2028368347","24235014","0.533333"
"24235014","2028368347","0.533333"
"2028368347","2491118504","0.533333"
"2491118504","2028368347","0.533333"
"1536076478","2273545888","0.333333"
"2273545888","1536076478","0.333333"
"2050024349","2114369244","0.654762"
"2114369244","2050024349","0.654762"
"2050024349","24235014","0.821429"
"24235014","2050024349","0.821429"
"2114369244","2120763591","0.333333"
"2120763591","2114369244","0.333333"
"2114369244","2273545888","0.333333"
"2273545888","2114369244","0.333333"
"2120763591","2273545888","0.75"
"2273545888","2120763591","0.75"
"2120763591","24235014","0.833333"
"24235014","2120763591","0.833333"
"2273545888","24235014","0.5"
"24235014","2273545888","0.5"
"1540218125","2096899416","7.73611"
"2096899416","1540218125","7.73611"
"1540218125","2007933321","1.625"
"2007933321","1540218125","1.625"
"2007933321","2096899416","2.125"
"2096899416","2007933321","2.125"
"1540218125","1656074714","0.111111"
"1656074714","1540218125","0.111111"
"1540218125","2046790867","0.111111"
"2046790867","1540218125","0.111111"
"1540218125","2085665581","0.111111"
"2085665581","1540218125","0.111111"
"1540218125","2102611836","2.23611"
"2102611836","1540218125","2.23611"
"1540218125","2112469755","0.111111"
"2112469755","1540218125","0.111111"
"1540218125","2116179650","0.111111"
"2116179650","1540218125","0.111111"
"1540218125","2146715107","0.111111"
"2146715107","1540218125","0.111111"
"1540218125","2960282122","0.111111"
"2960282122","1540218125","0.111111"
"1656074714","2046790867","1.67778"
"2046790867","1656074714","1.67778"
"1656074714","2085665581","3.26111"
"2085665581","1656074714","3.26111"
"1656074714","2096899416","1.31111"
"2096899416","1656074714","1.31111"
"1656074714","2102611836","0.111111"
"2102611836","1656074714","0.111111"
"1656074714","2112469755","6.56111"
"2112469755","1656074714","6.56111"
"1656074714","2116179650","3.26111"
"2116179650","1656074714","3.26111"
"1656074714","2146715107","0.111111"
"2146715107","1656074714","0.111111"
"1656074714","2960282122","1.36111"
"2960282122","1656074714","1.36111"
"2046790867","2085665581","3.76111"
"2085665581","2046790867","3.76111"
"2046790867","2096899416","0.311111"
"2096899416","2046790867","0.311111"
"2046790867","2102611836","0.111111"
"2102611836","2046790867","0.111111"
"2046790867","2112469755","0.977778"
"2112469755","2046790867","0.977778"
"2046790867","2116179650","2.51111"
"2116179650","2046790867","2.51111"
"2046790867","2146715107","0.111111"
"2146715107","2046790867","0.111111"
"2046790867","2960282122","0.611111"
"2960282122","2046790867","0.611111"
"2085665581","2096899416","0.311111"
"2096899416","2085665581","0.311111"
"2085665581","2102611836","0.111111"
"2102611836","2085665581","0.111111"
"2085665581","2112469755","1.76111"
"2112469755","2085665581","1.76111"
"2085665581","2116179650","7.79444"
"2116179650","2085665581","7.79444"
"2085665581","2146715107","0.361111"
"2146715107","2085665581","0.361111"
"2085665581","2960282122","3.61111"
"2960282122","2085665581","3.61111"
"2096899416","2102611836","5.23611"
"2102611836","2096899416","5.23611"
"2096899416","2112469755","1.31111"
"2112469755","2096899416","1.31111"
"2096899416","2116179650","0.311111"
"2116179650","2096899416","0.311111"
"2096899416","2146715107","1.31111"
"2146715107","2096899416","1.31111"
"2096899416","2960282122","0.111111"
"2960282122","2096899416","0.111111"
"2102611836","2112469755","1.11111"
"2112469755","2102611836","1.11111"
"2102611836","2116179650","0.111111"
"2116179650","2102611836","0.111111"
"2102611836","2146715107","0.111111"
"2146715107","2102611836","0.111111"
"2102611836","2960282122","0.111111"
"2960282122","2102611836","0.111111"
"2112469755","2116179650","1.76111"
"2116179650","2112469755","1.76111"
"2112469755","2146715107","1.31111"
"2146715107","2112469755","1.31111"
"2112469755","2960282122","0.111111"
"2960282122","2112469755","0.111111"
"2116179650","2146715107","0.111111"
"2146715107","2116179650","0.111111"
"2116179650","2960282122","0.361111"
"2960282122","2116179650","0.361111"
"2146715107","2960282122","0.111111"
"2960282122","2146715107","0.111111"
"1540218125","1964455356","0.125"
"1964455356","1540218125","0.125"
"1540218125","1970850641","0.125"
"1970850641","1540218125","0.125"
"1540218125","1993077546","0.125"
"1993077546","1540218125","0.125"
"1540218125","2157185769","0.125"
"2157185769","1540218125","0.125"
"1540218125","2489245348","0.125"
"2489245348","1540218125","0.125"
"1964455356","1970850641","0.125"
"1970850641","1964455356","0.125"
"1964455356","1993077546","0.458333"
"1993077546","1964455356","0.458333"
"1964455356","2007933321","1.325"
"2007933321","1964455356","1.325"
"1964455356","2096899416","0.125"
"2096899416","1964455356","0.125"
"1964455356","2102611836","0.125"
"2102611836","1964455356","0.125"
"1964455356","2157185769","0.658333"
"2157185769","1964455356","0.658333"
"1964455356","2489245348","0.125"
"2489245348","1964455356","0.125"
"1970850641","1993077546","0.125"
"1993077546","1970850641","0.125"
"1970850641","2007933321","0.125"
"2007933321","1970850641","0.125"
"1970850641","2096899416","0.125"
"2096899416","1970850641","0.125"
"1970850641","2102611836","0.125"
"2102611836","1970850641","0.125"
"1970850641","2157185769","0.125"
"2157185769","1970850641","0.125"
"1970850641","2489245348","14.325"
"2489245348","1970850641","14.325"
"1993077546","2007933321","1.125"
"2007933321","1993077546","1.125"
"1993077546","2096899416","0.125"
"2096899416","1993077546","0.125"
"1993077546","2102611836","0.125"
"2102611836","1993077546","0.125"
"1993077546","2157185769","0.458333"
"2157185769","1993077546","0.458333"
"1993077546","2489245348","0.125"
"2489245348","1993077546","0.125"
"2007933321","2102611836","0.125"
"2102611836","2007933321","0.125"
"2007933321","2157185769","16.825"
"2157185769","2007933321","16.825"
"2007933321","2489245348","0.125"
"2489245348","2007933321","0.125"
"2096899416","2157185769","0.125"
"2157185769","2096899416","0.125"
"2096899416","2489245348","0.125"
"2489245348","2096899416","0.125"
"2102611836","2157185769","0.125"
"2157185769","2102611836","0.125"
"2102611836","2489245348","0.125"
"2489245348","2102611836","0.125"
"2157185769","2489245348","0.125"
"2489245348","2157185769","0.125"
"1582972794","1982575897","3.33333"
"1982575897","1582972794","3.33333"
"1582972794","1923535302","1"
"1923535302","1582972794","1"
"1582972794","2150187198","0.333333"
"2150187198","1582972794","0.333333"
"1923535302","2028368347","1.33333"
"2028368347","1923535302","1.33333"
"1923535302","2150187198","1.83333"
"2150187198","1923535302","1.83333"
"2028368347","2150187198","0.333333"
"2150187198","2028368347","0.333333"
"1582972794","2525645863","0.333333"
"2525645863","1582972794","0.333333"
"1923535302","1982575897","0.333333"
"1982575897","1923535302","0.333333"
"1923535302","2525645863","2.33333"
"2525645863","1923535302","2.33333"
"1982575897","2525645863","0.333333"
"2525645863","1982575897","0.333333"
"1582972794","2121539488","0.333333"
"2121539488","1582972794","0.333333"
"1582972794","2160499647","0.333333"
"2160499647","1582972794","0.333333"
"1923535302","2121539488","0.333333"
"2121539488","1923535302","0.333333"
"1923535302","2160499647","0.333333"
"2160499647","1923535302","0.333333"
"2121539488","2160499647","0.333333"
"2160499647","2121539488","0.333333"
"1582972794","2100846440","0.25"
"2100846440","1582972794","0.25"
"2000934606","2100846440","0.45"
"2100846440","2000934606","0.45"
"2029558291","2100846440","0.7"
"2100846440","2029558291","0.7"
"2100846440","24235014","0.5"
"24235014","2100846440","0.5"
"1656074714","2093224601","0.616667"
"2093224601","1656074714","0.616667"
"2046790867","2093224601","0.866667"
"2093224601","2046790867","0.866667"
"2085665581","2093224601","0.866667"
"2093224601","2085665581","0.866667"
"2093224601","2116179650","0.616667"
"2116179650","2093224601","0.616667"
"1656074714","2913715706","0.25"
"2913715706","1656074714","0.25"
"2085665581","2913715706","0.833333"
"2913715706","2085665581","0.833333"
"2112469755","2913715706","0.25"
"2913715706","2112469755","0.25"
"2116179650","2913715706","0.583333"
"2913715706","2116179650","0.583333"
"1656074714","2890836728","0.366667"
"2890836728","1656074714","0.366667"
"2046790867","2890836728","0.366667"
"2890836728","2046790867","0.366667"
"2085665581","2890836728","0.366667"
"2890836728","2085665581","0.366667"
"2096899416","2890836728","0.2"
"2890836728","2096899416","0.2"
"2116179650","2890836728","0.366667"
"2890836728","2116179650","0.366667"
"2093224601","2112469755","0.366667"
"2112469755","2093224601","0.366667"
"2093224601","2890836728","0.166667"
"2890836728","2093224601","0.166667"
"2112469755","2890836728","0.166667"
"2890836728","2112469755","0.166667"
"1896287682","2050024349","0.277778"
"2050024349","1896287682","0.277778"
"1896287682","2120763591","1.5"
"2120763591","1896287682","1.5"
"1896287682","2129124450","0.611111"
"2129124450","1896287682","0.611111"
"1896287682","2273545888","0.277778"
"2273545888","1896287682","0.277778"
"1896287682","24235014","0.5"
"24235014","1896287682","0.5"
"1896287682","2491118504","0.166667"
"2491118504","1896287682","0.166667"
"2129124450","2273545888","1.81111"
"2273545888","2129124450","1.81111"
"2129124450","24235014","0.75"
"24235014","2129124450","0.75"
"1896287682","2003116505","0.111111"
"2003116505","1896287682","0.111111"
"1896287682","2044312364","0.111111"
"2044312364","1896287682","0.111111"
"1896287682","2145604074","0.111111"
"2145604074","1896287682","0.111111"
"1896287682","2251117138","0.111111"
"2251117138","1896287682","0.111111"
"1896287682","2522348009","0.111111"
"2522348009","1896287682","0.111111"
"1896287682","2575124446","0.111111"
"2575124446","1896287682","0.111111"
"2003116505","2044312364","0.849206"
"2044312364","2003116505","0.849206"
"2003116505","2050024349","0.18254"
"2050024349","2003116505","0.18254"
"2003116505","2129124450","0.111111"
"2129124450","2003116505","0.111111"
"2003116505","2145604074","0.765873"
"2145604074","2003116505","0.765873"
"2003116505","2251117138","1.68254"
"2251117138","2003116505","1.68254"
"2003116505","2273545888","0.111111"
"2273545888","2003116505","0.111111"
"2003116505","2522348009","3.26587"
"2522348009","2003116505","3.26587"
"2003116505","2575124446","1.84921"
"2575124446","2003116505","1.84921"
"2044312364","2050024349","0.18254"
"2050024349","2044312364","0.18254"
"2044312364","2129124450","0.111111"
"2129124450","2044312364","0.111111"
"2044312364","2145604074","0.18254"
"2145604074","2044312364","0.18254"
"2044312364","2251117138","5.51587"
"2251117138","2044312364","5.51587"
"2044312364","2273545888","0.611111"
"2273545888","2044312364","0.611111"
"2044312364","2522348009","0.849206"
"2522348009","2044312364","0.849206"
"2044312364","2575124446","0.515873"
"2575124446","2044312364","0.515873"
"2050024349","2251117138","0.68254"
"2251117138","2050024349","0.68254"
"2050024349","2522348009","0.38254"
"2522348009","2050024349","0.38254"
"2050024349","2575124446","0.38254"
"2575124446","2050024349","0.38254"
"2129124450","2251117138","0.611111"
"2251117138","2129124450","0.611111"
"2129124450","2522348009","0.311111"
"2522348009","2129124450","0.311111"
"2129124450","2575124446","0.311111"
"2575124446","2129124450","0.311111"
"2145604074","2251117138","2.01587"
"2251117138","2145604074","2.01587"
"2145604074","2273545888","0.111111"
"2273545888","2145604074","0.111111"
"2145604074","2522348009","1.26587"
"2522348009","2145604074","1.26587"
"2145604074","2575124446","0.18254"
"2575124446","2145604074","0.18254"
"2251117138","2273545888","1.11111"
"2273545888","2251117138","1.11111"
"2251117138","2522348009","3.68254"
"2522348009","2251117138","3.68254"
"2251117138","2575124446","1.01587"
"2575124446","2251117138","1.01587"
"2273545888","2522348009","0.311111"
"2522348009","2273545888","0.311111"
"2273545888","2575124446","0.311111"
"2575124446","2273545888","0.311111"
"2522348009","2575124446","2.54921"
"2575124446","2522348009","2.54921"
"1923535302","2138380684","5.5"
"2138380684","1923535302","5.5"
"2138380684","2150187198","0.5"
"2150187198","2138380684","0.5"
"1964455356","2082170892","4"
"2082170892","1964455356","4"
"1964455356","2085665581","0.533333"
"2085665581","1964455356","0.533333"
"1993077546","2085665581","0.833333"
"2085665581","1993077546","0.833333"
"2085665581","2157185769","0.533333"
"2157185769","2085665581","0.533333"
"1964455356","2112469755","0.2"
"2112469755","1964455356","0.2"
"1964455356","2116179650","1.2"
"2116179650","1964455356","1.2"
"2007933321","2085665581","0.2"
"2085665581","2007933321","0.2"
"2007933321","2112469755","0.2"
"2112469755","2007933321","0.2"
"2007933321","2116179650","0.2"
"2116179650","2007933321","0.2"
"2112469755","2157185769","0.2"
"2157185769","2112469755","0.2"
"2116179650","2157185769","0.2"
"2157185769","2116179650","0.2"
"1970850641","2160499647","1"
"2160499647","1970850641","1"
"2160499647","2489245348","1"
"2489245348","2160499647","1"
"1970850641","2049408768","0.7"
"2049408768","1970850641","0.7"
"2049408768","2489245348","0.7"
"2489245348","2049408768","0.7"
"1970850641","2121539488","0.5"
"2121539488","1970850641","0.5"
"2121539488","2489245348","0.5"
"2489245348","2121539488","0.5"
"1970850641","2000934606","0.2"
"2000934606","1970850641","0.2"
"1970850641","2160383200","0.2"
"2160383200","1970850641","0.2"
"1970850641","2764301848","0.2"
"2764301848","1970850641","0.2"
"2000934606","2049408768","0.2"
"2049408768","2000934606","0.2"
"2000934606","2489245348","0.2"
"2489245348","2000934606","0.2"
"2000934606","2764301848","0.45"
"2764301848","2000934606","0.45"
"2049408768","2160383200","0.2"
"2160383200","2049408768","0.2"
"2049408768","2764301848","2.2"
"2764301848","2049408768","2.2"
"2160383200","2489245348","0.2"
"2489245348","2160383200","0.2"
"2160383200","2764301848","0.2"
"2764301848","2160383200","0.2"
"2489245348","2764301848","0.2"
"2764301848","2489245348","0.2"
"1982575897","2028368347","3"
"2028368347","1982575897","3"
"1982575897","1988867148","1"
"1988867148","1982575897","1"
"1988867148","2082170892","2"
"2082170892","1988867148","2"
"1993077546","2116179650","0.5"
"2116179650","1993077546","0.5"
"2000934606","2050024349","0.321429"
"2050024349","2000934606","0.321429"
"2000934606","2129124450","0.25"
"2129124450","2000934606","0.25"
"2114369244","2129124450","0.25"
"2129124450","2114369244","0.25"
"2000934606","2921980263","0.25"
"2921980263","2000934606","0.25"
"2029558291","2764301848","0.25"
"2764301848","2029558291","0.25"
"2029558291","2921980263","0.25"
"2921980263","2029558291","0.25"
"2491118504","2764301848","0.25"
"2764301848","2491118504","0.25"
"2491118504","2921980263","0.25"
"2921980263","2491118504","0.25"
"2764301848","2921980263","0.75"
"2921980263","2764301848","0.75"
"2000934606","2273545888","0.5"
"2273545888","2000934606","0.5"
"2029558291","2273545888","0.5"
"2273545888","2029558291","0.5"
"2000934606","2003116505","0.0714286"
"2003116505","2000934606","0.0714286"
"2000934606","2017085583","0.0714286"
"2017085583","2000934606","0.0714286"
"2000934606","2044312364","0.0714286"
"2044312364","2000934606","0.0714286"
"2000934606","2065167540","0.0714286"
"2065167540","2000934606","0.0714286"
"2000934606","2121539488","0.0714286"
"2121539488","2000934606","0.0714286"
"2000934606","2145604074","0.0714286"
"2145604074","2000934606","0.0714286"
"2000934606","2251117138","0.0714286"
"2251117138","2000934606","0.0714286"
"2000934606","2522348009","0.0714286"
"2522348009","2000934606","0.0714286"
"2000934606","2575124446","0.0714286"
"2575124446","2000934606","0.0714286"
"2003116505","2017085583","0.321429"
"2017085583","2003116505","0.321429"
"2003116505","2029558291","0.0714286"
"2029558291","2003116505","0.0714286"
"2003116505","2065167540","0.0714286"
"2065167540","2003116505","0.0714286"
"2003116505","2114369244","0.0714286"
"2114369244","2003116505","0.0714286"
"2003116505","2121539488","0.0714286"
"2121539488","2003116505","0.0714286"
"2003116505","24235014","0.0714286"
"24235014","2003116505","0.0714286"
"2003116505","2491118504","0.0714286"
"2491118504","2003116505","0.0714286"
"2017085583","2029558291","0.0714286"
"2029558291","2017085583","0.0714286"
"2017085583","2044312364","0.0714286"
"2044312364","2017085583","0.0714286"
"2017085583","2065167540","0.0714286"
"2065167540","2017085583","0.0714286"
"2017085583","2114369244","0.0714286"
"2114369244","2017085583","0.0714286"
"2017085583","2121539488","0.0714286"
"2121539488","2017085583","0.0714286"
"2017085583","2251117138","3.07143"
"2251117138","2017085583","3.07143"
"2017085583","24235014","0.0714286"
"24235014","2017085583","0.0714286"
"2017085583","2522348009","0.321429"
"2522348009","2017085583","0.321429"
"2017085583","2575124446","0.0714286"
"2575124446","2017085583","0.0714286"
"2029558291","2044312364","0.0714286"
"2044312364","2029558291","0.0714286"
"2029558291","2050024349","0.0714286"
"2050024349","2029558291","0.0714286"
"2029558291","2065167540","0.0714286"
"2065167540","2029558291","0.0714286"
"2029558291","2121539488","0.0714286"
"2121539488","2029558291","0.0714286"
"2029558291","2145604074","0.0714286"
"2145604074","2029558291","0.0714286"
"2029558291","2251117138","0.0714286"
"2251117138","2029558291","0.0714286"
"2029558291","2522348009","0.0714286"
"2522348009","2029558291","0.0714286"
"2029558291","2575124446","0.0714286"
"2575124446","2029558291","0.0714286"
"2044312364","2065167540","0.0714286"
"2065167540","2044312364","0.0714286"
"2044312364","2114369244","0.0714286"
"2114369244","2044312364","0.0714286"
"2044312364","2121539488","0.0714286"
"2121539488","2044312364","0.0714286"
"2044312364","24235014","0.0714286"
"24235014","2044312364","0.0714286"
"2044312364","2491118504","0.0714286"
"2491118504","2044312364","0.0714286"
"2050024349","2065167540","0.0714286"
"2065167540","2050024349","0.0714286"
"2050024349","2121539488","0.0714286"
"2121539488","2050024349","0.0714286"
"2065167540","2114369244","0.0714286"
"2114369244","2065167540","0.0714286"
"2065167540","2121539488","0.0714286"
"2121539488","2065167540","0.0714286"
"2065167540","2145604074","0.0714286"
"2145604074","2065167540","0.0714286"
"2065167540","2251117138","0.0714286"
"2251117138","2065167540","0.0714286"
"2065167540","24235014","0.0714286"
"24235014","2065167540","0.0714286"
"2065167540","2522348009","0.0714286"
"2522348009","2065167540","0.0714286"
"2065167540","2575124446","0.0714286"
"2575124446","2065167540","0.0714286"
"2114369244","2121539488","0.0714286"
"2121539488","2114369244","0.0714286"
"2114369244","2145604074","0.0714286"
"2145604074","2114369244","0.0714286"
"2114369244","2251117138","0.0714286"
"2251117138","2114369244","0.0714286"
"2114369244","2522348009","0.0714286"
"2522348009","2114369244","0.0714286"
"2114369244","2575124446","0.0714286"
"2575124446","2114369244","0.0714286"
"2121539488","2145604074","0.0714286"
"2145604074","2121539488","0.0714286"
"2121539488","2251117138","0.0714286"
"2251117138","2121539488","0.0714286"
"2121539488","24235014","0.0714286"
"24235014","2121539488","0.0714286"
"2121539488","2491118504","0.0714286"
"2491118504","2121539488","0.0714286"
"2121539488","2522348009","0.0714286"
"2522348009","2121539488","0.0714286"
"2121539488","2575124446","0.0714286"
"2575124446","2121539488","0.0714286"
"2145604074","24235014","0.0714286"
"24235014","2145604074","0.0714286"
"2251117138","24235014","0.0714286"
"24235014","2251117138","0.0714286"
"2251117138","2491118504","0.571429"
"2491118504","2251117138","0.571429"
"24235014","2522348009","0.0714286"
"2522348009","24235014","0.0714286"
"24235014","2575124446","0.0714286"
"2575124446","24235014","0.0714286"
"2491118504","2522348009","0.271429"
"2522348009","2491118504","0.271429"
"2491118504","2575124446","0.271429"
"2575124446","2491118504","0.271429"
"2000934606","2121008057","0.416667"
"2121008057","2000934606","0.416667"
"2000934606","2146715107","0.416667"
"2146715107","2000934606","0.416667"
"2000934606","2160644688","0.416667"
"2160644688","2000934606","0.416667"
"2121008057","2146715107","7.53333"
"2146715107","2121008057","7.53333"
"2121008057","2160383200","0.416667"
"2160383200","2121008057","0.416667"
"2121008057","2160644688","8.53333"
"2160644688","2121008057","8.53333"
"2146715107","2160383200","0.416667"
"2160383200","2146715107","0.416667"
"2146715107","2160644688","7.53333"
"2160644688","2146715107","7.53333"
"2160383200","2160644688","0.416667"
"2160644688","2160383200","0.416667"
"2029558291","2121008057","0.166667"
"2121008057","2029558291","0.166667"
"2029558291","2146715107","0.166667"
"2146715107","2029558291","0.166667"
"2029558291","2160644688","0.166667"
"2160644688","2029558291","0.166667"
"2121008057","2491118504","4.28333"
"2491118504","2121008057","4.28333"
"2146715107","2491118504","5.28333"
"2491118504","2146715107","5.28333"
"2160644688","2491118504","4.28333"
"2491118504","2160644688","4.28333"
"2100846440","2114369244","0.2"
"2114369244","2100846440","0.2"
"2100846440","2160383200","0.2"
"2160383200","2100846440","0.2"
"2003116505","2756112421","0.25"
"2756112421","2003116505","0.25"
"2017085583","2756112421","0.25"
"2756112421","2017085583","0.25"
"2145604074","2756112421","0.25"
"2756112421","2145604074","0.25"
"2522348009","2756112421","0.25"
"2756112421","2522348009","0.25"
"2007933321","2121539488","2"
"2121539488","2007933321","2"
"2121539488","2157185769","0.5"
"2157185769","2121539488","0.5"
"2096899416","2121539488","1.5"
"2121539488","2096899416","1.5"
"2017085583","2273545888","0.25"
"2273545888","2017085583","0.25"
"2018737276","2160499647","4"
"2160499647","2018737276","4"
"2028368347","2160499647","1"
"2160499647","2028368347","1"
"2029558291","2081029799","0.25"
"2081029799","2029558291","0.25"
"2081029799","2100846440","0.25"
"2100846440","2081029799","0.25"
"2081029799","24235014","0.25"
"24235014","2081029799","0.25"
"2044312364","2756112421","0.5"
"2756112421","2044312364","0.5"
"2251117138","2756112421","0.5"
"2756112421","2251117138","0.5"
"2046790867","2913715706","0.583333"
"2913715706","2046790867","0.583333"
"2093224601","2913715706","0.25"
"2913715706","2093224601","0.25"
"2093224601","2960282122","0.25"
"2960282122","2093224601","0.25"
"2913715706","2960282122","3.75"
"2960282122","2913715706","3.75"
"2049408768","2509556196","1"
"2509556196","2049408768","1"
"2082170892","2273545888","1"
"2273545888","2082170892","1"
"2085665581","2121008057","0.25"
"2121008057","2085665581","0.25"
"2085665581","2160644688","0.25"
"2160644688","2085665581","0.25"
"2085665581","2491118504","0.25"
"2491118504","2085665581","0.25"
"2096899416","2121008057","0.2"
"2121008057","2096899416","0.2"
"2096899416","2160644688","0.2"
"2160644688","2096899416","0.2"
"2096899416","2491118504","0.2"
"2491118504","2096899416","0.2"
"2112469755","2121008057","0.2"
"2121008057","2112469755","0.2"
"2112469755","2160644688","0.2"
"2160644688","2112469755","0.2"
"2112469755","2491118504","0.2"
"2491118504","2112469755","0.2"
"2100846440","2921980263","0.5"
"2921980263","2100846440","0.5"
"2100846440","2963519394","0.5"
"2963519394","2100846440","0.5"
"2921980263","2963519394","39"
"2963519394","2921980263","39"
"2121539488","2134707915","1"
"2134707915","2121539488","1"
"2150187198","2963519394","1"
"2963519394","2150187198","1"
"2160499647","2764301848","1"
"2764301848","2160499647","1"
"2509556196","2764301848","14.5"
"2764301848","2509556196","14.5"
"2509556196","2897675500","0.5"
"2897675500","2509556196","0.5"
"2764301848","2897675500","2.5"
"2897675500","2764301848","2.5"
"2510211958","2572577904","5"
"2572577904","2510211958","5"
"2572577904","2575124446","1"
"2575124446","2572577904","1"
"2754378584","2913715706","0.5"
"2913715706","2754378584","0.5"
"2754378584","2960282122","0.5"
"2960282122","2754378584","0.5"
"2764301848","2963519394","1.5"
"2963519394","2764301848","1.5"
"2764301848","2884280357","0.5"
"2884280357","2764301848","0.5"
"2764301848","2890836728","1"
"2890836728","2764301848","1"
"2884280357","2890836728","1.33333"
"2890836728","2884280357","1.33333"
"2764301848","2927692314","0.5"
"2927692314","2764301848","0.5"
"2890836728","2927692314","4.33333"
"2927692314","2890836728","4.33333"
"2884280357","2927692314","0.833333"
"2927692314","2884280357","0.833333"
"2884280357","3027749727","0.333333"
"3027749727","2884280357","0.333333"
"2890836728","3027749727","0.333333"
"3027749727","2890836728","0.333333"
"2927692314","3027749727","1.33333"
"3027749727","2927692314","1.33333"
"2890836728","2913715706","2"
"2913715706","2890836728","2"
"2890836728","2960282122","2"
"2960282122","2890836728","2"
"2897675500","2921980263","2"
"2921980263","2897675500","2"
"2897675500","2963519394","3"
"2963519394","2897675500","3"
