"141127377","1596117156","0.0666667"
"1596117156","141127377","0.0666667"
"141127377","1828167136","0.0666667"
"1828167136","141127377","0.0666667"
"141127377","1965954589","0.0666667"
"1965954589","141127377","0.0666667"
"141127377","2032674215","0.0666667"
"2032674215","141127377","0.0666667"
"141127377","2044573907","0.0666667"
"2044573907","141127377","0.0666667"
"141127377","2064731851","0.0666667"
"2064731851","141127377","0.0666667"
"141127377","2089691280","0.0666667"
"2089691280","141127377","0.0666667"
"141127377","2101583963","0.0666667"
"2101583963","141127377","0.0666667"
"141127377","2122281733","0.0666667"
"2122281733","141127377","0.0666667"
"141127377","2128078344","0.0666667"
"2128078344","141127377","0.0666667"
"141127377","2485000773","0.0666667"
"2485000773","141127377","0.0666667"
"141127377","2518628491","0.0666667"
"2518628491","141127377","0.0666667"
"141127377","2949485344","0.0666667"
"2949485344","141127377","0.0666667"
"141127377","2950674237","0.0666667"
"2950674237","141127377","0.0666667"
"141127377","2963807284","0.0666667"
"2963807284","141127377","0.0666667"
"1596117156","1828167136","0.209524"
"1828167136","1596117156","0.209524"
"1596117156","1965954589","1.71944"
"1965954589","1596117156","1.71944"
"1596117156","2032674215","0.0666667"
"2032674215","1596117156","0.0666667"
"1596117156","2044573907","0.379701"
"2044573907","1596117156","0.379701"
"1596117156","2064731851","1.04637"
"2064731851","1596117156","1.04637"
"1596117156","2089691280","0.233333"
"2089691280","1596117156","0.233333"
"1596117156","2101583963","2.14359"
"2101583963","1596117156","2.14359"
"1596117156","2122281733","1.52256"
"2122281733","1596117156","1.52256"
"1596117156","2128078344","8.04637"
"2128078344","1596117156","8.04637"
"1596117156","2485000773","0.0666667"
"2485000773","1596117156","0.0666667"
"1596117156","2518628491","0.209524"
"2518628491","1596117156","0.209524"
"1596117156","2949485344","0.0666667"
"2949485344","1596117156","0.0666667"
"1596117156","2950674237","0.0666667"
"2950674237","1596117156","0.0666667"
"1596117156","2963807284","0.0666667"
"2963807284","1596117156","0.0666667"
"1828167136","1965954589","0.557576"
"1965954589","1828167136","0.557576"
"1828167136","2032674215","0.866667"
"2032674215","1828167136","0.866667"
"1828167136","2044573907","1"
"2044573907","1828167136","1"
"1828167136","2064731851","1"
"2064731851","1828167136","1"
"1828167136","2089691280","0.0666667"
"2089691280","1828167136","0.0666667"
"1828167136","2101583963","0.957576"
"2101583963","1828167136","0.957576"
"1828167136","2122281733","0.700433"
"2122281733","1828167136","0.700433"
"1828167136","2128078344","0.266667"
"2128078344","1828167136","0.266667"
"1828167136","2485000773","0.0666667"
"2485000773","1828167136","0.0666667"
"1828167136","2518628491","1.15952"
"2518628491","1828167136","1.15952"
"1828167136","2949485344","21.7242"
"2949485344","1828167136","21.7242"
"1828167136","2950674237","0.0666667"
"2950674237","1828167136","0.0666667"
"1828167136","2963807284","1.40758"
"2963807284","1828167136","1.40758"
"1965954589","2032674215","1.07692"
"2032674215","1965954589","1.07692"
"1965954589","2044573907","0.919444"
"2044573907","1965954589","0.919444"
"1965954589","2064731851","1.08611"
"2064731851","1965954589","1.08611"
"1965954589","2089691280","0.233333"
"2089691280","1965954589","0.233333"
"1965954589","2101583963","1.69091"
"2101583963","1965954589","1.69091"
"1965954589","2122281733","2.22458"
"2122281733","1965954589","2.22458"
"1965954589","2128078344","2.05278"
"2128078344","1965954589","2.05278"
"1965954589","2485000773","1.06667"
"2485000773","1965954589","1.06667"
"1965954589","2518628491","0.266667"
"2518628491","1965954589","0.266667"
"1965954589","2949485344","0.157576"
"2949485344","1965954589","0.157576"
"1965954589","2950674237","0.0666667"
"2950674237","1965954589","0.0666667"
"1965954589","2963807284","1.3345"
"2963807284","1965954589","1.3345"
"2032674215","2044573907","1.25"
"2044573907","2032674215","1.25"
"2032674215","2064731851","1.25"
"2064731851","2032674215","1.25"
"2032674215","2089691280","0.816667"
"2089691280","2032674215","0.816667"
"2032674215","2101583963","2.06667"
"2101583963","2032674215","2.06667"
"2032674215","2122281733","0.876923"
"2122281733","2032674215","0.876923"
"2032674215","2128078344","0.266667"
"2128078344","2032674215","0.266667"
"2032674215","2485000773","0.0666667"
"2485000773","2032674215","0.0666667"
"2032674215","2518628491","1.01667"
"2518628491","2032674215","1.01667"
"2032674215","2949485344","0.266667"
"2949485344","2032674215","0.266667"
"2032674215","2950674237","0.0666667"
"2950674237","2032674215","0.0666667"
"2032674215","2963807284","0.976923"
"2963807284","2032674215","0.976923"
"2044573907","2064731851","10.8464"
"2064731851","2044573907","10.8464"
"2044573907","2089691280","0.316667"
"2089691280","2044573907","0.316667"
"2044573907","2101583963","1.07692"
"2101583963","2044573907","1.07692"
"2044573907","2122281733","0.546368"
"2122281733","2044573907","0.546368"
"2044573907","2128078344","0.579701"
"2128078344","2044573907","0.579701"
"2044573907","2485000773","0.0666667"
"2485000773","2044573907","0.0666667"
"2044573907","2518628491","0.716667"
"2518628491","2044573907","0.716667"
"2044573907","2949485344","0.8"
"2949485344","2044573907","0.8"
"2044573907","2950674237","0.0666667"
"2950674237","2044573907","0.0666667"
"2044573907","2963807284","0.316667"
"2963807284","2044573907","0.316667"
"2064731851","2089691280","0.483333"
"2089691280","2064731851","0.483333"
"2064731851","2101583963","1.07692"
"2101583963","2064731851","1.07692"
"2064731851","2122281733","0.546368"
"2122281733","2064731851","0.546368"
"2064731851","2128078344","1.24637"
"2128078344","2064731851","1.24637"
"2064731851","2485000773","0.0666667"
"2485000773","2064731851","0.0666667"
"2064731851","2518628491","0.716667"
"2518628491","2064731851","0.716667"
"2064731851","2949485344","0.8"
"2949485344","2064731851","0.8"
"2064731851","2950674237","0.0666667"
"2950674237","2064731851","0.0666667"
"2064731851","2963807284","0.316667"
"2963807284","2064731851","0.316667"
"2089691280","2101583963","0.0666667"
"2101583963","2089691280","0.0666667"
"2089691280","2122281733","0.316667"
"2122281733","2089691280","0.316667"
"2089691280","2128078344","0.233333"
"2128078344","2089691280","0.233333"
"2089691280","2485000773","0.0666667"
"2485000773","2089691280","0.0666667"
"2089691280","2518628491","1.15"
"2518628491","2089691280","1.15"
"2089691280","2949485344","0.0666667"
"2949485344","2089691280","0.0666667"
"2089691280","2950674237","0.0666667"
"2950674237","2089691280","0.0666667"
"2089691280","2963807284","0.0666667"
"2963807284","2089691280","0.0666667"
"2101583963","2122281733","2.76783"
"2122281733","2101583963","2.76783"
"2101583963","2128078344","0.34359"
"2128078344","2101583963","0.34359"
"2101583963","2485000773","0.0666667"
"2485000773","2101583963","0.0666667"
"2101583963","2518628491","0.266667"
"2518628491","2101583963","0.266667"
"2101583963","2949485344","0.357576"
"2949485344","2101583963","0.357576"
"2101583963","2950674237","0.0666667"
"2950674237","2101583963","0.0666667"
"2101583963","2963807284","0.924242"
"2963807284","2101583963","0.924242"
"2122281733","2128078344","0.713034"
"2128078344","2122281733","0.713034"
"2122281733","2485000773","0.0666667"
"2485000773","2122281733","0.0666667"
"2122281733","2518628491","0.209524"
"2518628491","2122281733","0.209524"
"2122281733","2949485344","0.157576"
"2949485344","2122281733","0.157576"
"2122281733","2950674237","0.0666667"
"2950674237","2122281733","0.0666667"
"2122281733","2963807284","1.3345"
"2963807284","2122281733","1.3345"
"2128078344","2485000773","0.233333"
"2485000773","2128078344","0.233333"
"2128078344","2518628491","0.0666667"
"2518628491","2128078344","0.0666667"
"2128078344","2949485344","0.0666667"
"2949485344","2128078344","0.0666667"
"2128078344","2950674237","0.233333"
"2950674237","2128078344","0.233333"
"2128078344","2963807284","0.0666667"
"2963807284","2128078344","0.0666667"
"2485000773","2518628491","0.0666667"
"2518628491","2485000773","0.0666667"
"2485000773","2949485344","0.0666667"
"2949485344","2485000773","0.0666667"
"2485000773","2950674237","5.45"
"2950674237","2485000773","5.45"
"2485000773","2963807284","0.0666667"
"2963807284","2485000773","0.0666667"
"2518628491","2949485344","0.516667"
"2949485344","2518628491","0.516667"
"2518628491","2950674237","0.0666667"
"2950674237","2518628491","0.0666667"
"2518628491","2963807284","0.0666667"
"2963807284","2518628491","0.0666667"
"2949485344","2950674237","0.0666667"
"2950674237","2949485344","0.0666667"
"2949485344","2963807284","0.407576"
"2963807284","2949485344","0.407576"
"2950674237","2963807284","0.0666667"
"2963807284","2950674237","0.0666667"
"141127377","2084212336","0.5"
"2084212336","141127377","0.5"
"141127377","2169653777","1.5"
"2169653777","141127377","1.5"
"2084212336","2169653777","3.27778"
"2169653777","2084212336","3.27778"
"1497500734","2147867627","2.5"
"2147867627","1497500734","2.5"
"1497500734","2101429074","1"
"2101429074","1497500734","1"
"1497500734","2122281733","0.5"
"2122281733","1497500734","0.5"
"2122281733","2147867627","0.5"
"2147867627","2122281733","0.5"
"1534463199","1869319442","0.862637"
"1869319442","1534463199","0.862637"
"1534463199","192474156","0.619048"
"192474156","1534463199","0.619048"
"1534463199","2599412271","0.695971"
"2599412271","1534463199","0.695971"
"1869319442","192474156","3.57375"
"192474156","1869319442","3.57375"
"1869319442","2599412271","3.434"
"2599412271","1869319442","3.434"
"192474156","2599412271","2.82375"
"2599412271","192474156","2.82375"
"1534463199","1965954589","0.733766"
"1965954589","1534463199","0.733766"
"1534463199","2041221349","0.810689"
"2041221349","1534463199","0.810689"
"1534463199","2122281733","0.620213"
"2122281733","1534463199","0.620213"
"1534463199","2161721751","0.233766"
"2161721751","1534463199","0.233766"
"1869319442","1965954589","1.38089"
"1965954589","1869319442","1.38089"
"1869319442","2041221349","0.964225"
"2041221349","1869319442","0.964225"
"1869319442","2122281733","1.06734"
"2122281733","1869319442","1.06734"
"1869319442","2161721751","1.05397"
"2161721751","1869319442","1.05397"
"192474156","1965954589","0.680891"
"1965954589","192474156","0.680891"
"192474156","2041221349","0.520635"
"2041221349","192474156","0.520635"
"192474156","2122281733","0.823748"
"2122281733","192474156","0.823748"
"192474156","2161721751","0.520635"
"2161721751","192474156","0.520635"
"1965954589","2041221349","2.89488"
"2041221349","1965954589","2.89488"
"1965954589","2161721751","5.31154"
"2161721751","1965954589","5.31154"
"1965954589","2599412271","0.964225"
"2599412271","1965954589","0.964225"
"2041221349","2122281733","1.2218"
"2122281733","2041221349","1.2218"
"2041221349","2161721751","4.59488"
"2161721751","2041221349","4.59488"
"2041221349","2599412271","1.16422"
"2599412271","2041221349","1.16422"
"2122281733","2161721751","0.644877"
"2161721751","2122281733","0.644877"
"2122281733","2599412271","1.10067"
"2599412271","2122281733","1.10067"
"2161721751","2599412271","1.25397"
"2599412271","2161721751","1.25397"
"1534463199","1596117156","0.21978"
"1596117156","1534463199","0.21978"
"1534463199","1828167136","0.233766"
"1828167136","1534463199","0.233766"
"1534463199","2518628491","0.142857"
"2518628491","1534463199","0.142857"
"1596117156","1869319442","0.21978"
"1869319442","1596117156","0.21978"
"1596117156","192474156","0.142857"
"192474156","1596117156","0.142857"
"1596117156","2599412271","0.21978"
"2599412271","1596117156","0.21978"
"1828167136","1869319442","0.142857"
"1869319442","1828167136","0.142857"
"1828167136","192474156","0.142857"
"192474156","1828167136","0.142857"
"1828167136","2599412271","0.142857"
"2599412271","1828167136","0.142857"
"1869319442","2518628491","0.142857"
"2518628491","1869319442","0.142857"
"192474156","2518628491","0.142857"
"2518628491","192474156","0.142857"
"2518628491","2599412271","0.142857"
"2599412271","2518628491","0.142857"
"1534463199","2084212336","0.590909"
"2084212336","1534463199","0.590909"
"1534463199","2169653777","0.5"
"2169653777","1534463199","0.5"
"1534463199","1542162318","0.501166"
"1542162318","1534463199","0.501166"
"1534463199","1840777029","0.0909091"
"1840777029","1534463199","0.0909091"
"1534463199","2101583963","0.167832"
"2101583963","1534463199","0.167832"
"1534463199","2949485344","0.0909091"
"2949485344","1534463199","0.0909091"
"1534463199","2963807284","0.0909091"
"2963807284","1534463199","0.0909091"
"1542162318","1828167136","0.0909091"
"1828167136","1542162318","0.0909091"
"1542162318","1840777029","0.257576"
"1840777029","1542162318","0.257576"
"1542162318","1965954589","1.48535"
"1965954589","1542162318","1.48535"
"1542162318","2041221349","9.42894"
"2041221349","1542162318","9.42894"
"1542162318","2084212336","0.368687"
"2084212336","1542162318","0.368687"
"1542162318","2101583963","0.367832"
"2101583963","1542162318","0.367832"
"1542162318","2122281733","0.812277"
"2122281733","1542162318","0.812277"
"1542162318","2161721751","0.768687"
"2161721751","1542162318","0.768687"
"1542162318","2949485344","0.0909091"
"2949485344","1542162318","0.0909091"
"1542162318","2963807284","0.257576"
"2963807284","1542162318","0.257576"
"1828167136","1840777029","0.840909"
"1840777029","1828167136","0.840909"
"1828167136","2041221349","0.0909091"
"2041221349","1828167136","0.0909091"
"1828167136","2084212336","0.0909091"
"2084212336","1828167136","0.0909091"
"1828167136","2161721751","0.0909091"
"2161721751","1828167136","0.0909091"
"1840777029","1965954589","1.26783"
"1965954589","1840777029","1.26783"
"1840777029","2041221349","0.690909"
"2041221349","1840777029","0.690909"
"1840777029","2084212336","0.434499"
"2084212336","1840777029","0.434499"
"1840777029","2101583963","0.857576"
"2101583963","1840777029","0.857576"
"1840777029","2122281733","0.767832"
"2122281733","1840777029","0.767832"
"1840777029","2161721751","0.524242"
"2161721751","1840777029","0.524242"
"1840777029","2949485344","0.340909"
"2949485344","1840777029","0.340909"
"1840777029","2963807284","22.7607"
"2963807284","1840777029","22.7607"
"1965954589","2084212336","0.378943"
"2084212336","1965954589","0.378943"
"2041221349","2084212336","0.468687"
"2084212336","2041221349","0.468687"
"2041221349","2101583963","1.46783"
"2101583963","2041221349","1.46783"
"2041221349","2949485344","0.0909091"
"2949485344","2041221349","0.0909091"
"2041221349","2963807284","0.690909"
"2963807284","2041221349","0.690909"
"2084212336","2101583963","0.190909"
"2101583963","2084212336","0.190909"
"2084212336","2122281733","0.378943"
"2122281733","2084212336","0.378943"
"2084212336","2161721751","0.30202"
"2161721751","2084212336","0.30202"
"2084212336","2949485344","0.0909091"
"2949485344","2084212336","0.0909091"
"2084212336","2963807284","0.434499"
"2963807284","2084212336","0.434499"
"2101583963","2161721751","0.390909"
"2161721751","2101583963","0.390909"
"2161721751","2949485344","0.0909091"
"2949485344","2161721751","0.0909091"
"2161721751","2963807284","0.524242"
"2963807284","2161721751","0.524242"
"1534463199","1573085116","0.0769231"
"1573085116","1534463199","0.0769231"
"1534463199","2044573907","0.24359"
"2044573907","1534463199","0.24359"
"1534463199","2053105393","0.0769231"
"2053105393","1534463199","0.0769231"
"1534463199","2064731851","0.24359"
"2064731851","1534463199","0.24359"
"1534463199","2084397132","0.0769231"
"2084397132","1534463199","0.0769231"
"1534463199","2128078344","0.0769231"
"2128078344","1534463199","0.0769231"
"1542162318","1573085116","0.0769231"
"1573085116","1542162318","0.0769231"
"1542162318","1596117156","0.326923"
"1596117156","1542162318","0.326923"
"1542162318","1869319442","0.554701"
"1869319442","1542162318","0.554701"
"1542162318","2044573907","0.0769231"
"2044573907","1542162318","0.0769231"
"1542162318","2053105393","0.0769231"
"2053105393","1542162318","0.0769231"
"1542162318","2064731851","0.0769231"
"2064731851","1542162318","0.0769231"
"1542162318","2084397132","0.0769231"
"2084397132","1542162318","0.0769231"
"1542162318","2128078344","0.660256"
"2128078344","1542162318","0.660256"
"1542162318","2599412271","0.921368"
"2599412271","1542162318","0.921368"
"1573085116","1596117156","0.313034"
"1596117156","1573085116","0.313034"
"1573085116","1869319442","0.0769231"
"1869319442","1573085116","0.0769231"
"1573085116","2041221349","0.0769231"
"2041221349","1573085116","0.0769231"
"1573085116","2044573907","0.313034"
"2044573907","1573085116","0.313034"
"1573085116","2053105393","1.81303"
"2053105393","1573085116","1.81303"
"1573085116","2064731851","0.313034"
"2064731851","1573085116","0.313034"
"1573085116","2084397132","0.813034"
"2084397132","1573085116","0.813034"
"1573085116","2101583963","0.0769231"
"2101583963","1573085116","0.0769231"
"1573085116","2122281733","0.313034"
"2122281733","1573085116","0.313034"
"1573085116","2128078344","0.313034"
"2128078344","1573085116","0.313034"
"1573085116","2599412271","0.0769231"
"2599412271","1573085116","0.0769231"
"1596117156","2041221349","0.576923"
"2041221349","1596117156","0.576923"
"1596117156","2053105393","0.479701"
"2053105393","1596117156","0.479701"
"1596117156","2084397132","0.479701"
"2084397132","1596117156","0.479701"
"1869319442","2044573907","0.24359"
"2044573907","1869319442","0.24359"
"1869319442","2053105393","0.0769231"
"2053105393","1869319442","0.0769231"
"1869319442","2064731851","0.24359"
"2064731851","1869319442","0.24359"
"1869319442","2084397132","0.0769231"
"2084397132","1869319442","0.0769231"
"1869319442","2101583963","1.67692"
"2101583963","1869319442","1.67692"
"1869319442","2128078344","0.0769231"
"2128078344","1869319442","0.0769231"
"2041221349","2044573907","0.24359"
"2044573907","2041221349","0.24359"
"2041221349","2053105393","0.0769231"
"2053105393","2041221349","0.0769231"
"2041221349","2064731851","0.24359"
"2064731851","2041221349","0.24359"
"2041221349","2084397132","0.0769231"
"2084397132","2041221349","0.0769231"
"2041221349","2128078344","0.910256"
"2128078344","2041221349","0.910256"
"2044573907","2053105393","0.813034"
"2053105393","2044573907","0.813034"
"2044573907","2084397132","0.813034"
"2084397132","2044573907","0.813034"
"2044573907","2599412271","0.0769231"
"2599412271","2044573907","0.0769231"
"2053105393","2064731851","0.479701"
"2064731851","2053105393","0.479701"
"2053105393","2084397132","9.81303"
"2084397132","2053105393","9.81303"
"2053105393","2101583963","0.0769231"
"2101583963","2053105393","0.0769231"
"2053105393","2122281733","0.313034"
"2122281733","2053105393","0.313034"
"2053105393","2128078344","0.813034"
"2128078344","2053105393","0.813034"
"2053105393","2599412271","0.0769231"
"2599412271","2053105393","0.0769231"
"2064731851","2084397132","0.479701"
"2084397132","2064731851","0.479701"
"2064731851","2599412271","0.0769231"
"2599412271","2064731851","0.0769231"
"2084397132","2101583963","0.0769231"
"2101583963","2084397132","0.0769231"
"2084397132","2122281733","0.313034"
"2122281733","2084397132","0.313034"
"2084397132","2128078344","0.813034"
"2128078344","2084397132","0.813034"
"2084397132","2599412271","0.0769231"
"2599412271","2084397132","0.0769231"
"2101583963","2599412271","0.376923"
"2599412271","2101583963","0.376923"
"2128078344","2599412271","0.0769231"
"2599412271","2128078344","0.0769231"
"1542162318","192474156","0.277778"
"192474156","1542162318","0.277778"
"1542162318","2169653777","0.444444"
"2169653777","1542162318","0.444444"
"1869319442","2169653777","0.277778"
"2169653777","1869319442","0.277778"
"192474156","2169653777","0.277778"
"2169653777","192474156","0.277778"
"2041221349","2169653777","0.444444"
"2169653777","2041221349","0.444444"
"2161721751","2169653777","0.611111"
"2169653777","2161721751","0.611111"
"2169653777","2599412271","0.444444"
"2599412271","2169653777","0.444444"
"1869319442","2084212336","0.288034"
"2084212336","1869319442","0.288034"
"192474156","2084212336","0.288034"
"2084212336","192474156","0.288034"
"1965954589","2169653777","0.444444"
"2169653777","1965954589","0.444444"
"2084212336","2599412271","0.454701"
"2599412271","2084212336","0.454701"
"2122281733","2169653777","0.111111"
"2169653777","2122281733","0.111111"
"1840777029","2169653777","0.166667"
"2169653777","1840777029","0.166667"
"1840777029","2599412271","0.34359"
"2599412271","1840777029","0.34359"
"2169653777","2963807284","0.166667"
"2963807284","2169653777","0.166667"
"2599412271","2963807284","0.34359"
"2963807284","2599412271","0.34359"
"1573085116","1965954589","0.236111"
"1965954589","1573085116","0.236111"
"1573085116","2784002252","0.111111"
"2784002252","1573085116","0.111111"
"1596117156","2784002252","0.111111"
"2784002252","1596117156","0.111111"
"1965954589","2053105393","0.736111"
"2053105393","1965954589","0.736111"
"1965954589","2084397132","0.736111"
"2084397132","1965954589","0.736111"
"1965954589","2784002252","1.01111"
"2784002252","1965954589","1.01111"
"2044573907","2784002252","0.311111"
"2784002252","2044573907","0.311111"
"2053105393","2784002252","0.111111"
"2784002252","2053105393","0.111111"
"2064731851","2784002252","0.311111"
"2784002252","2064731851","0.311111"
"2084397132","2784002252","0.111111"
"2784002252","2084397132","0.111111"
"2122281733","2784002252","0.511111"
"2784002252","2122281733","0.511111"
"2128078344","2784002252","0.111111"
"2784002252","2128078344","0.111111"
"1596117156","1625646831","0.25"
"1625646831","1596117156","0.25"
"1596117156","2161721751","0.25"
"2161721751","1596117156","0.25"
"1625646831","2041221349","0.25"
"2041221349","1625646831","0.25"
"1625646831","2128078344","0.25"
"2128078344","1625646831","0.25"
"1625646831","2161721751","0.583333"
"2161721751","1625646831","0.583333"
"2128078344","2161721751","0.25"
"2161721751","2128078344","0.25"
"1596117156","2075529230","0.5"
"2075529230","1596117156","0.5"
"2075529230","2128078344","0.5"
"2128078344","2075529230","0.5"
"2053105393","2089691280","0.166667"
"2089691280","2053105393","0.166667"
"2084397132","2089691280","0.166667"
"2089691280","2084397132","0.166667"
"1597616050","1598433849","4.11667"
"1598433849","1597616050","4.11667"
"1597616050","2179428050","4.61667"
"2179428050","1597616050","4.61667"
"1597616050","2401547867","4.11667"
"2401547867","1597616050","4.11667"
"1597616050","2554225076","1.28333"
"2554225076","1597616050","1.28333"
"1598433849","2179428050","4.2"
"2179428050","1598433849","4.2"
"1598433849","2401547867","3.7"
"2401547867","1598433849","3.7"
"1598433849","2554225076","4.36667"
"2554225076","1598433849","4.36667"
"2179428050","2401547867","18.7"
"2401547867","2179428050","18.7"
"2179428050","2554225076","7.03333"
"2554225076","2179428050","7.03333"
"2401547867","2554225076","7.03333"
"2554225076","2401547867","7.03333"
"1597616050","2539337146","3.33333"
"2539337146","1597616050","3.33333"
"2179428050","2539337146","3.75"
"2539337146","2179428050","3.75"
"2401547867","2539337146","4.75"
"2539337146","2401547867","4.75"
"1597616050","2167841397","1.2"
"2167841397","1597616050","1.2"
"1598433849","2167841397","0.2"
"2167841397","1598433849","0.2"
"2167841397","2179428050","0.45"
"2179428050","2167841397","0.45"
"2167841397","2401547867","0.45"
"2401547867","2167841397","0.45"
"2167841397","2554225076","0.45"
"2554225076","2167841397","0.45"
"1597616050","2333351798","0.333333"
"2333351798","1597616050","0.333333"
"1598433849","2333351798","2.08333"
"2333351798","1598433849","2.08333"
"1598433849","2539337146","0.333333"
"2539337146","1598433849","0.333333"
"2179428050","2333351798","2.91667"
"2333351798","2179428050","2.91667"
"2333351798","2401547867","2.91667"
"2401547867","2333351798","2.91667"
"2333351798","2539337146","0.916667"
"2539337146","2333351798","0.916667"
"2333351798","2554225076","6.58333"
"2554225076","2333351798","6.58333"
"2539337146","2554225076","3.25"
"2554225076","2539337146","3.25"
"1597616050","1976679085","0.333333"
"1976679085","1597616050","0.333333"
"1597616050","2200025167","0.666667"
"2200025167","1597616050","0.666667"
"1976679085","2200025167","4.33333"
"2200025167","1976679085","4.33333"
"1976679085","2539337146","0.333333"
"2539337146","1976679085","0.333333"
"2200025167","2539337146","0.333333"
"2539337146","2200025167","0.333333"
"2179428050","2200025167","0.333333"
"2200025167","2179428050","0.333333"
"2200025167","2401547867","0.333333"
"2401547867","2200025167","0.333333"
"1625646831","1965954589","1.33333"
"1965954589","1625646831","1.33333"
"1625646831","2169653777","0.333333"
"2169653777","1625646831","0.333333"
"1625646831","2963807284","1.5"
"2963807284","1625646831","1.5"
"1625646831","1828167136","0.5"
"1828167136","1625646831","0.5"
"1625646831","2101429074","1"
"2101429074","1625646831","1"
"1828167136","2784002252","1.68333"
"2784002252","1828167136","1.68333"
"2032674215","2784002252","0.4"
"2784002252","2032674215","0.4"
"2101583963","2784002252","0.4"
"2784002252","2101583963","0.4"
"2518628491","2784002252","4.78333"
"2784002252","2518628491","4.78333"
"2784002252","2949485344","0.783333"
"2949485344","2784002252","0.783333"
"1828167136","2101429074","0.25"
"2101429074","1828167136","0.25"
"1840777029","2101429074","1.59286"
"2101429074","1840777029","1.59286"
"2101429074","2949485344","0.25"
"2949485344","2101429074","0.25"
"2101429074","2963807284","1.59286"
"2963807284","2101429074","1.59286"
"1828167136","2720520117","0.583333"
"2720520117","1828167136","0.583333"
"2720520117","2784002252","10.9167"
"2784002252","2720520117","10.9167"
"2720520117","2949485344","0.583333"
"2949485344","2720520117","0.583333"
"2518628491","2720520117","3.08333"
"2720520117","2518628491","3.08333"
"1840777029","1869319442","0.426923"
"1869319442","1840777029","0.426923"
"1840777029","192474156","0.426923"
"192474156","1840777029","0.426923"
"1840777029","2032674215","0.910256"
"2032674215","1840777029","0.910256"
"1840777029","2075529230","2.45311"
"2075529230","1840777029","2.45311"
"1840777029","2086669638","0.21978"
"2086669638","1840777029","0.21978"
"1840777029","2135264770","2.15311"
"2135264770","1840777029","2.15311"
"1840777029","2396659578","0.986447"
"2396659578","1840777029","0.986447"
"1840777029","63935898","0.986447"
"63935898","1840777029","0.986447"
"1869319442","2032674215","0.0769231"
"2032674215","1869319442","0.0769231"
"1869319442","2075529230","0.0769231"
"2075529230","1869319442","0.0769231"
"1869319442","2086669638","0.0769231"
"2086669638","1869319442","0.0769231"
"1869319442","2135264770","0.0769231"
"2135264770","1869319442","0.0769231"
"1869319442","2396659578","0.0769231"
"2396659578","1869319442","0.0769231"
"1869319442","2963807284","0.426923"
"2963807284","1869319442","0.426923"
"1869319442","63935898","0.0769231"
"63935898","1869319442","0.0769231"
"192474156","2032674215","0.0769231"
"2032674215","192474156","0.0769231"
"192474156","2075529230","0.0769231"
"2075529230","192474156","0.0769231"
"192474156","2086669638","0.0769231"
"2086669638","192474156","0.0769231"
"192474156","2135264770","0.0769231"
"2135264770","192474156","0.0769231"
"192474156","2396659578","0.0769231"
"2396659578","192474156","0.0769231"
"192474156","2963807284","0.426923"
"2963807284","192474156","0.426923"
"192474156","63935898","0.0769231"
"63935898","192474156","0.0769231"
"1965954589","2075529230","0.0769231"
"2075529230","1965954589","0.0769231"
"1965954589","2086669638","0.0769231"
"2086669638","1965954589","0.0769231"
"1965954589","2135264770","0.0769231"
"2135264770","1965954589","0.0769231"
"1965954589","2396659578","0.0769231"
"2396659578","1965954589","0.0769231"
"1965954589","63935898","0.0769231"
"63935898","1965954589","0.0769231"
"2032674215","2075529230","0.0769231"
"2075529230","2032674215","0.0769231"
"2032674215","2084212336","0.0769231"
"2084212336","2032674215","0.0769231"
"2032674215","2086669638","0.0769231"
"2086669638","2032674215","0.0769231"
"2032674215","2135264770","0.0769231"
"2135264770","2032674215","0.0769231"
"2032674215","2396659578","0.0769231"
"2396659578","2032674215","0.0769231"
"2032674215","2599412271","0.0769231"
"2599412271","2032674215","0.0769231"
"2032674215","63935898","0.0769231"
"63935898","2032674215","0.0769231"
"2075529230","2084212336","0.0769231"
"2084212336","2075529230","0.0769231"
"2075529230","2086669638","0.953114"
"2086669638","2075529230","0.953114"
"2075529230","2122281733","1.07692"
"2122281733","2075529230","1.07692"
"2075529230","2135264770","3.85311"
"2135264770","2075529230","3.85311"
"2075529230","2396659578","3.18645"
"2396659578","2075529230","3.18645"
"2075529230","2599412271","0.0769231"
"2599412271","2075529230","0.0769231"
"2075529230","2963807284","3.85311"
"2963807284","2075529230","3.85311"
"2075529230","63935898","2.85311"
"63935898","2075529230","2.85311"
"2084212336","2086669638","0.0769231"
"2086669638","2084212336","0.0769231"
"2084212336","2135264770","0.0769231"
"2135264770","2084212336","0.0769231"
"2084212336","2396659578","0.0769231"
"2396659578","2084212336","0.0769231"
"2084212336","63935898","0.0769231"
"63935898","2084212336","0.0769231"
"2086669638","2122281733","0.0769231"
"2122281733","2086669638","0.0769231"
"2086669638","2135264770","2.78645"
"2135264770","2086669638","2.78645"
"2086669638","2396659578","2.78645"
"2396659578","2086669638","2.78645"
"2086669638","2599412271","0.0769231"
"2599412271","2086669638","0.0769231"
"2086669638","2963807284","0.61978"
"2963807284","2086669638","0.61978"
"2086669638","63935898","0.953114"
"63935898","2086669638","0.953114"
"2122281733","2135264770","0.826923"
"2135264770","2122281733","0.826923"
"2122281733","2396659578","0.326923"
"2396659578","2122281733","0.326923"
"2122281733","63935898","0.326923"
"63935898","2122281733","0.326923"
"2135264770","2396659578","9.30311"
"2396659578","2135264770","9.30311"
"2135264770","2599412271","0.0769231"
"2599412271","2135264770","0.0769231"
"2135264770","2963807284","3.05311"
"2963807284","2135264770","3.05311"
"2135264770","63935898","4.46978"
"63935898","2135264770","4.46978"
"2396659578","2599412271","0.0769231"
"2599412271","2396659578","0.0769231"
"2396659578","2963807284","1.38645"
"2963807284","2396659578","1.38645"
"2396659578","63935898","6.46978"
"63935898","2396659578","6.46978"
"2599412271","63935898","0.0769231"
"63935898","2599412271","0.0769231"
"2963807284","63935898","1.38645"
"63935898","2963807284","1.38645"
"2075529230","2101429074","0.309524"
"2101429074","2075529230","0.309524"
"2101429074","2135264770","1.09286"
"2135264770","2101429074","1.09286"
"2101429074","2396659578","1.09286"
"2396659578","2101429074","1.09286"
"2101429074","63935898","1.09286"
"63935898","2101429074","1.09286"
"2101429074","2101583963","0.333333"
"2101583963","2101429074","0.333333"
"2086669638","2101429074","0.142857"
"2101429074","2086669638","0.142857"
"1840777029","2044573907","0.25"
"2044573907","1840777029","0.25"
"1840777029","2064731851","0.25"
"2064731851","1840777029","0.25"
"192474156","2101583963","0.6"
"2101583963","192474156","0.6"
"1869319442","2089691280","0.25"
"2089691280","1869319442","0.25"
"192474156","2089691280","0.25"
"2089691280","192474156","0.25"
"2089691280","2599412271","0.25"
"2599412271","2089691280","0.25"
"1965954589","2963704216","1"
"2963704216","1965954589","1"
"2485000773","2963704216","3.41667"
"2963704216","2485000773","3.41667"
"1965954589","2720520117","0.5"
"2720520117","1965954589","0.5"
"2038976731","2088745056","9.5"
"2088745056","2038976731","9.5"
"2038976731","2208749249","2.83333"
"2208749249","2038976731","2.83333"
"2088745056","2208749249","1.5"
"2208749249","2088745056","1.5"
"2038976731","2044573907","0.333333"
"2044573907","2038976731","0.333333"
"2038976731","2064731851","0.333333"
"2064731851","2038976731","0.333333"
"2044573907","2208749249","0.333333"
"2208749249","2044573907","0.333333"
"2064731851","2208749249","0.333333"
"2208749249","2064731851","0.333333"
"2089691280","2720520117","0.333333"
"2720520117","2089691280","0.333333"
"2089691280","2784002252","0.333333"
"2784002252","2089691280","0.333333"
"2101429074","2147867627","1"
"2147867627","2101429074","1"
"2101429074","2122281733","0.25"
"2122281733","2101429074","0.25"
"2128078344","2782688857","0.166667"
"2782688857","2128078344","0.166667"
"2128078344","2911668571","0.166667"
"2911668571","2128078344","0.166667"
"2128078344","2944882402","0.166667"
"2944882402","2128078344","0.166667"
"2128078344","2963704216","0.166667"
"2963704216","2128078344","0.166667"
"2485000773","2782688857","2.21667"
"2782688857","2485000773","2.21667"
"2485000773","2911668571","2.13333"
"2911668571","2485000773","2.13333"
"2485000773","2944882402","2.1"
"2944882402","2485000773","2.1"
"2782688857","2911668571","2.33333"
"2911668571","2782688857","2.33333"
"2782688857","2944882402","2.13333"
"2944882402","2782688857","2.13333"
"2782688857","2950674237","1.6"
"2950674237","2782688857","1.6"
"2782688857","2963704216","14.7"
"2963704216","2782688857","14.7"
"2911668571","2944882402","15.7167"
"2944882402","2911668571","15.7167"
"2911668571","2950674237","1.51667"
"2950674237","2911668571","1.51667"
"2911668571","2963704216","2.86667"
"2963704216","2911668571","2.86667"
"2944882402","2950674237","0.983333"
"2950674237","2944882402","0.983333"
"2944882402","2963704216","3.16667"
"2963704216","2944882402","3.16667"
"2950674237","2963704216","1.8"
"2963704216","2950674237","1.8"
"2167841397","2333351798","0.25"
"2333351798","2167841397","0.25"
"2485000773","2901645129","1.65"
"2901645129","2485000773","1.65"
"2901645129","2944882402","2.15"
"2944882402","2901645129","2.15"
"2782688857","2901645129","0.766667"
"2901645129","2782688857","0.766667"
"2901645129","2911668571","2.15"
"2911668571","2901645129","2.15"
"2901645129","2950674237","1.15"
"2950674237","2901645129","1.15"
"2901645129","2963704216","1.26667"
"2963704216","2901645129","1.26667"
"2485000773","2989013751","0.766667"
"2989013751","2485000773","0.766667"
"2782688857","2989013751","3.71667"
"2989013751","2782688857","3.71667"
"2911668571","2989013751","1.75"
"2989013751","2911668571","1.75"
"2950674237","2989013751","0.4"
"2989013751","2950674237","0.4"
"2963704216","2989013751","7.25"
"2989013751","2963704216","7.25"
"2944882402","2989013751","2.38333"
"2989013751","2944882402","2.38333"
"2485000773","2985248042","0.166667"
"2985248042","2485000773","0.166667"
"2782688857","2985248042","0.366667"
"2985248042","2782688857","0.366667"
"2911668571","2985248042","0.366667"
"2985248042","2911668571","0.366667"
"2944882402","2985248042","2.2"
"2985248042","2944882402","2.2"
"2963704216","2985248042","0.366667"
"2985248042","2963704216","0.366667"
"2985248042","2989013751","2.2"
"2989013751","2985248042","2.2"
"2901645129","2989013751","0.533333"
"2989013751","2901645129","0.533333"
"2901645129","2985248042","0.333333"
"2985248042","2901645129","0.333333"
