"138623934","202979847","1.78452"
"202979847","138623934","1.78452"
"138623934","2082156502","3.78452"
"2082156502","138623934","3.78452"
"202979847","2082156502","5.60952"
"2082156502","202979847","5.60952"
"138623934","1542217172","0.884524"
"1542217172","138623934","0.884524"
"138623934","1989098493","0.917857"
"1989098493","138623934","0.917857"
"138623934","2055493504","1.08452"
"2055493504","138623934","1.08452"
"138623934","2089085056","1.11786"
"2089085056","138623934","1.11786"
"138623934","45543265","0.884524"
"45543265","138623934","0.884524"
"1542217172","1989098493","1.13452"
"1989098493","1542217172","1.13452"
"1542217172","202979847","1.21786"
"202979847","1542217172","1.21786"
"1542217172","2055493504","1.58452"
"2055493504","1542217172","1.58452"
"1542217172","2082156502","1.05119"
"2082156502","1542217172","1.05119"
"1542217172","2089085056","1.66786"
"2089085056","1542217172","1.66786"
"1542217172","45543265","1.30119"
"45543265","1542217172","1.30119"
"1989098493","202979847","1.74286"
"202979847","1989098493","1.74286"
"1989098493","2055493504","2.08452"
"2055493504","1989098493","2.08452"
"1989098493","2082156502","1.90952"
"2082156502","1989098493","1.90952"
"1989098493","2089085056","2.85952"
"2089085056","1989098493","2.85952"
"1989098493","45543265","1.53452"
"45543265","1989098493","1.53452"
"202979847","2055493504","1.41786"
"2055493504","202979847","1.41786"
"202979847","2089085056","2.77619"
"2089085056","202979847","2.77619"
"202979847","45543265","1.08452"
"45543265","202979847","1.08452"
"2055493504","2082156502","1.25119"
"2082156502","2055493504","1.25119"
"2055493504","2089085056","1.61786"
"2089085056","2055493504","1.61786"
"2055493504","45543265","1.05119"
"45543265","2055493504","1.05119"
"2082156502","2089085056","1.60952"
"2089085056","2082156502","1.60952"
"2082156502","45543265","1.75119"
"45543265","2082156502","1.75119"
"2089085056","45543265","1.53452"
"45543265","2089085056","1.53452"
"138623934","1982624514","0.166667"
"1982624514","138623934","0.166667"
"1542217172","1982624514","0.166667"
"1982624514","1542217172","0.166667"
"1982624514","202979847","0.166667"
"202979847","1982624514","0.166667"
"1982624514","2055493504","0.166667"
"2055493504","1982624514","0.166667"
"1982624514","2082156502","1.33333"
"2082156502","1982624514","1.33333"
"1982624514","45543265","0.166667"
"45543265","1982624514","0.166667"
"138623934","1982590661","0.375"
"1982590661","138623934","0.375"
"1542217172","1982590661","0.991667"
"1982590661","1542217172","0.991667"
"1982590661","1989098493","1.19167"
"1989098493","1982590661","1.19167"
"1982590661","202979847","0.575"
"202979847","1982590661","0.575"
"1982590661","2055493504","0.741667"
"2055493504","1982590661","0.741667"
"1982590661","2082156502","1.24167"
"2082156502","1982590661","1.24167"
"1982590661","2089085056","1.19167"
"2089085056","1982590661","1.19167"
"1982590661","45543265","10.6917"
"45543265","1982590661","10.6917"
"1506219363","1518813109","0.565079"
"1518813109","1506219363","0.565079"
"1506219363","1600930409","0.888889"
"1600930409","1506219363","0.888889"
"1506219363","1982624514","0.222222"
"1982624514","1506219363","0.222222"
"1506219363","2043681328","0.898413"
"2043681328","1506219363","0.898413"
"1506219363","2139978474","1.85675"
"2139978474","1506219363","1.85675"
"1506219363","2169991041","0.222222"
"2169991041","1506219363","0.222222"
"1506219363","2266780177","4.89008"
"2266780177","1506219363","4.89008"
"1506219363","2460122212","2.05675"
"2460122212","1506219363","2.05675"
"1506219363","58876005","1.35675"
"58876005","1506219363","1.35675"
"1518813109","1600930409","0.222222"
"1600930409","1518813109","0.222222"
"1518813109","1982624514","0.698413"
"1982624514","1518813109","0.698413"
"1518813109","2043681328","2.70794"
"2043681328","1518813109","2.70794"
"1518813109","2139978474","0.924603"
"2139978474","1518813109","0.924603"
"1518813109","2169991041","1.28175"
"2169991041","1518813109","1.28175"
"1518813109","2266780177","1.3746"
"2266780177","1518813109","1.3746"
"1518813109","2460122212","1.95794"
"2460122212","1518813109","1.95794"
"1518813109","58876005","0.365079"
"58876005","1518813109","0.365079"
"1600930409","1982624514","0.222222"
"1982624514","1600930409","0.222222"
"1600930409","2043681328","0.555556"
"2043681328","1600930409","0.555556"
"1600930409","2139978474","0.555556"
"2139978474","1600930409","0.555556"
"1600930409","2169991041","0.222222"
"2169991041","1600930409","0.222222"
"1600930409","2266780177","2.88889"
"2266780177","1600930409","2.88889"
"1600930409","2460122212","0.555556"
"2460122212","1600930409","0.555556"
"1600930409","58876005","2.88889"
"58876005","1600930409","2.88889"
"1982624514","2043681328","2.36508"
"2043681328","1982624514","2.36508"
"1982624514","2139978474","0.531746"
"2139978474","1982624514","0.531746"
"1982624514","2169991041","2.36508"
"2169991041","1982624514","2.36508"
"1982624514","2266780177","1.36508"
"2266780177","1982624514","1.36508"
"1982624514","2460122212","2.19841"
"2460122212","1982624514","2.19841"
"1982624514","58876005","0.222222"
"58876005","1982624514","0.222222"
"2043681328","2139978474","1.25794"
"2139978474","2043681328","1.25794"
"2043681328","2169991041","4.44841"
"2169991041","2043681328","4.44841"
"2043681328","2266780177","1.70794"
"2266780177","2043681328","1.70794"
"2043681328","2460122212","2.6246"
"2460122212","2043681328","2.6246"
"2043681328","58876005","0.698413"
"58876005","2043681328","0.698413"
"2139978474","2169991041","1.03175"
"2169991041","2139978474","1.03175"
"2139978474","2266780177","4.91627"
"2266780177","2139978474","4.91627"
"2139978474","2460122212","1.91627"
"2460122212","2139978474","1.91627"
"2139978474","58876005","1.02341"
"58876005","2139978474","1.02341"
"2169991041","2266780177","3.11508"
"2266780177","2169991041","3.11508"
"2169991041","2460122212","8.03175"
"2460122212","2169991041","8.03175"
"2169991041","58876005","0.222222"
"58876005","2169991041","0.222222"
"2266780177","2460122212","5.9496"
"2460122212","2266780177","5.9496"
"2266780177","58876005","16.8567"
"58876005","2266780177","16.8567"
"2460122212","58876005","1.52341"
"58876005","2460122212","1.52341"
"1506219363","2562489963","0.542857"
"2562489963","1506219363","0.542857"
"2139978474","2562489963","0.485714"
"2562489963","2139978474","0.485714"
"2266780177","2562489963","1.43571"
"2562489963","2266780177","1.43571"
"2460122212","2562489963","4.68571"
"2562489963","2460122212","4.68571"
"2562489963","58876005","0.342857"
"58876005","2562489963","0.342857"
"1518813109","2562489963","1.40238"
"2562489963","1518813109","1.40238"
"2043681328","2562489963","0.735714"
"2562489963","2043681328","0.735714"
"1506219363","1989098493","0.125"
"1989098493","1506219363","0.125"
"1506219363","202979847","0.125"
"202979847","1506219363","0.125"
"1506219363","2082156502","0.125"
"2082156502","1506219363","0.125"
"1506219363","2089085056","0.125"
"2089085056","1506219363","0.125"
"1989098493","2139978474","0.125"
"2139978474","1989098493","0.125"
"1989098493","2266780177","0.125"
"2266780177","1989098493","0.125"
"1989098493","2460122212","0.125"
"2460122212","1989098493","0.125"
"1989098493","58876005","0.125"
"58876005","1989098493","0.125"
"202979847","2139978474","0.125"
"2139978474","202979847","0.125"
"202979847","2266780177","0.125"
"2266780177","202979847","0.125"
"202979847","2460122212","0.125"
"2460122212","202979847","0.125"
"202979847","58876005","0.125"
"58876005","202979847","0.125"
"2082156502","2139978474","0.125"
"2139978474","2082156502","0.125"
"2082156502","2266780177","0.125"
"2266780177","2082156502","0.125"
"2082156502","2460122212","0.125"
"2460122212","2082156502","0.125"
"2082156502","58876005","0.125"
"58876005","2082156502","0.125"
"2089085056","2139978474","0.125"
"2139978474","2089085056","0.125"
"2089085056","2266780177","0.125"
"2266780177","2089085056","0.125"
"2089085056","2460122212","0.125"
"2460122212","2089085056","0.125"
"2089085056","58876005","0.125"
"58876005","2089085056","0.125"
"1518813109","1983470191","6.16667"
"1983470191","1518813109","6.16667"
"1982624514","2562489963","0.309524"
"2562489963","1982624514","0.309524"
"2169991041","2562489963","0.559524"
"2562489963","2169991041","0.559524"
"1518813109","1627735968","1.16667"
"1627735968","1518813109","1.16667"
"1627735968","1983470191","24.3333"
"1983470191","1627735968","24.3333"
"1518813109","2082156502","0.166667"
"2082156502","1518813109","0.166667"
"1627735968","1982624514","0.166667"
"1982624514","1627735968","0.166667"
"1627735968","2082156502","0.166667"
"2082156502","1627735968","0.166667"
"1627735968","2169991041","0.166667"
"2169991041","1627735968","0.166667"
"1627735968","2562489963","0.166667"
"2562489963","1627735968","0.166667"
"1982624514","1983470191","0.166667"
"1983470191","1982624514","0.166667"
"1983470191","2082156502","0.166667"
"2082156502","1983470191","0.166667"
"1983470191","2169991041","0.166667"
"2169991041","1983470191","0.166667"
"1983470191","2562489963","0.166667"
"2562489963","1983470191","0.166667"
"2082156502","2169991041","0.166667"
"2169991041","2082156502","0.166667"
"2082156502","2562489963","0.166667"
"2562489963","2082156502","0.166667"
"1553308705","1627735968","1.16667"
"1627735968","1553308705","1.16667"
"1553308705","1983470191","1.16667"
"1983470191","1553308705","1.16667"
"1553308705","2091618476","0.333333"
"2091618476","1553308705","0.333333"
"1553308705","2112731379","0.333333"
"2112731379","1553308705","0.333333"
"1553308705","2137262404","1.33333"
"2137262404","1553308705","1.33333"
"2091618476","2112731379","13"
"2112731379","2091618476","13"
"2091618476","2137262404","1.66667"
"2137262404","2091618476","1.66667"
"2112731379","2137262404","1.66667"
"2137262404","2112731379","1.66667"
"1553308705","1965817476","6.33333"
"1965817476","1553308705","6.33333"
"1553308705","1829003931","1"
"1829003931","1553308705","1"
"1553308705","1838401043","0.333333"
"1838401043","1553308705","0.333333"
"1627735968","1838401043","7.33333"
"1838401043","1627735968","7.33333"
"1838401043","1983470191","6.33333"
"1983470191","1838401043","6.33333"
"1627735968","1965817476","0.333333"
"1965817476","1627735968","0.333333"
"1965817476","1983470191","0.333333"
"1983470191","1965817476","0.333333"
"1557252148","1838401043","2"
"1838401043","1557252148","2"
"1557252148","1829003931","0.333333"
"1829003931","1557252148","0.333333"
"1557252148","2091618476","3.83333"
"2091618476","1557252148","3.83333"
"1557252148","2112731379","1.83333"
"2112731379","1557252148","1.83333"
"1829003931","2091618476","8.16667"
"2091618476","1829003931","8.16667"
"1829003931","2112731379","8.16667"
"2112731379","1829003931","8.16667"
"1829003931","2137262404","3.33333"
"2137262404","1829003931","3.33333"
"1829003931","2043681328","1"
"2043681328","1829003931","1"
"2043681328","2082156502","4"
"2082156502","2043681328","4"
"201259697","2055493504","1"
"2055493504","201259697","1"
"2137262404","2266780177","1"
"2266780177","2137262404","1"
