"141172663","1576926739","0.25"
"1576926739","141172663","0.25"
"141172663","1983831676","0.25"
"1983831676","141172663","0.25"
"141172663","2090183948","0.25"
"2090183948","141172663","0.25"
"141172663","323173835","0.25"
"323173835","141172663","0.25"
"1576926739","1983831676","0.25"
"1983831676","1576926739","0.25"
"1576926739","2090183948","1.25"
"2090183948","1576926739","1.25"
"1576926739","323173835","0.25"
"323173835","1576926739","0.25"
"1983831676","2090183948","0.25"
"2090183948","1983831676","0.25"
"1983831676","323173835","4.07446"
"323173835","1983831676","4.07446"
"2090183948","323173835","0.25"
"323173835","2090183948","0.25"
"141172663","1421992838","0.1"
"1421992838","141172663","0.1"
"141172663","1946756238","0.125641"
"1946756238","141172663","0.125641"
"141172663","2019883396","0.1"
"2019883396","141172663","0.1"
"141172663","2177861014","0.125641"
"2177861014","141172663","0.125641"
"141172663","2281830773","0.125641"
"2281830773","141172663","0.125641"
"141172663","2346551912","0.1"
"2346551912","141172663","0.1"
"141172663","2412908136","0.1"
"2412908136","141172663","0.1"
"141172663","2541107254","0.1"
"2541107254","141172663","0.1"
"141172663","2583267683","0.1"
"2583267683","141172663","0.1"
"141172663","2610727334","0.125641"
"2610727334","141172663","0.125641"
"1421992838","1946756238","0.26235"
"1946756238","1421992838","0.26235"
"1421992838","2019883396","0.132796"
"2019883396","1421992838","0.132796"
"1421992838","2177861014","1.72688"
"2177861014","1421992838","1.72688"
"1421992838","2281830773","1.53508"
"2281830773","1421992838","1.53508"
"1421992838","2346551912","0.588153"
"2346551912","1421992838","0.588153"
"1421992838","2412908136","2.66934"
"2412908136","1421992838","2.66934"
"1421992838","2541107254","0.221324"
"2541107254","1421992838","0.221324"
"1421992838","2583267683","0.560375"
"2583267683","1421992838","0.560375"
"1421992838","2610727334","0.6875"
"2610727334","1421992838","0.6875"
"1946756238","2019883396","0.132796"
"2019883396","1946756238","0.132796"
"1946756238","2177861014","0.448437"
"2177861014","1946756238","0.448437"
"1946756238","2281830773","1.03607"
"2281830773","1946756238","1.03607"
"1946756238","2346551912","0.382796"
"2346551912","1946756238","0.382796"
"1946756238","2412908136","0.1"
"2412908136","1946756238","0.1"
"1946756238","2541107254","0.1"
"2541107254","1946756238","0.1"
"1946756238","2583267683","0.132796"
"2583267683","1946756238","0.132796"
"1946756238","2610727334","0.332308"
"2610727334","1946756238","0.332308"
"2019883396","2177861014","0.216129"
"2177861014","2019883396","0.216129"
"2019883396","2281830773","0.132796"
"2281830773","2019883396","0.132796"
"2019883396","2346551912","11.5828"
"2346551912","2019883396","11.5828"
"2019883396","2412908136","0.1"
"2412908136","2019883396","0.1"
"2019883396","2541107254","0.1"
"2541107254","2019883396","0.1"
"2019883396","2583267683","0.132796"
"2583267683","2019883396","0.132796"
"2019883396","2610727334","0.1"
"2610727334","2019883396","0.1"
"2177861014","2281830773","0.661215"
"2281830773","2177861014","0.661215"
"2177861014","2346551912","0.703232"
"2346551912","2177861014","0.703232"
"2177861014","2412908136","1.11647"
"2412908136","2177861014","1.11647"
"2177861014","2541107254","1.08472"
"2541107254","2177861014","1.08472"
"2177861014","2583267683","0.623073"
"2583267683","2177861014","0.623073"
"2177861014","2610727334","0.228141"
"2610727334","2177861014","0.228141"
"2281830773","2346551912","0.555018"
"2346551912","2281830773","0.555018"
"2281830773","2412908136","0.1"
"2412908136","2281830773","0.1"
"2281830773","2541107254","0.155556"
"2541107254","2281830773","0.155556"
"2281830773","2583267683","1.38676"
"2583267683","2281830773","1.38676"
"2281830773","2610727334","0.325641"
"2610727334","2281830773","0.325641"
"2346551912","2412908136","2.03155"
"2412908136","2346551912","2.03155"
"2346551912","2541107254","0.218056"
"2541107254","2346551912","0.218056"
"2346551912","2583267683","4.18835"
"2583267683","2346551912","4.18835"
"2346551912","2610727334","0.1625"
"2610727334","2346551912","0.1625"
"2412908136","2541107254","0.221324"
"2541107254","2412908136","0.221324"
"2412908136","2583267683","0.242857"
"2583267683","2412908136","0.242857"
"2412908136","2610727334","0.3875"
"2610727334","2412908136","0.3875"
"2541107254","2583267683","0.298413"
"2583267683","2541107254","0.298413"
"2541107254","2610727334","0.3625"
"2610727334","2541107254","0.3625"
"2583267683","2610727334","0.1"
"2610727334","2583267683","0.1"
"141172663","1481832011","0.025641"
"1481832011","141172663","0.025641"
"141172663","1513796315","0.025641"
"1513796315","141172663","0.025641"
"141172663","1527409487","0.025641"
"1527409487","141172663","0.025641"
"141172663","1585073354","0.025641"
"1585073354","141172663","0.025641"
"141172663","1591088051","0.025641"
"1591088051","141172663","0.025641"
"141172663","1753839311","0.025641"
"1753839311","141172663","0.025641"
"141172663","1903421320","0.025641"
"1903421320","141172663","0.025641"
"141172663","1931880689","0.025641"
"1931880689","141172663","0.025641"
"141172663","1968174408","0.025641"
"1968174408","141172663","0.025641"
"141172663","1973694990","0.025641"
"1973694990","141172663","0.025641"
"141172663","1975037961","0.025641"
"1975037961","141172663","0.025641"
"141172663","1985997828","0.025641"
"1985997828","141172663","0.025641"
"141172663","1990994412","0.025641"
"1990994412","141172663","0.025641"
"141172663","1991784512","0.025641"
"1991784512","141172663","0.025641"
"141172663","1996655296","0.025641"
"1996655296","141172663","0.025641"
"141172663","2009694952","0.025641"
"2009694952","141172663","0.025641"
"141172663","2015177198","0.025641"
"2015177198","141172663","0.025641"
"141172663","2030248862","0.025641"
"2030248862","141172663","0.025641"
"141172663","2033489484","0.025641"
"2033489484","141172663","0.025641"
"141172663","2047862607","0.025641"
"2047862607","141172663","0.025641"
"141172663","2065283434","0.025641"
"2065283434","141172663","0.025641"
"141172663","2070275814","0.025641"
"2070275814","141172663","0.025641"
"141172663","2074516024","0.025641"
"2074516024","141172663","0.025641"
"141172663","2082718203","0.025641"
"2082718203","141172663","0.025641"
"141172663","2085825563","0.025641"
"2085825563","141172663","0.025641"
"141172663","2118248818","0.025641"
"2118248818","141172663","0.025641"
"141172663","2132380276","0.025641"
"2132380276","141172663","0.025641"
"141172663","2138392687","0.025641"
"2138392687","141172663","0.025641"
"141172663","2153358987","0.025641"
"2153358987","141172663","0.025641"
"141172663","2337399354","0.025641"
"2337399354","141172663","0.025641"
"141172663","2528667548","0.025641"
"2528667548","141172663","0.025641"
"141172663","2561614683","0.025641"
"2561614683","141172663","0.025641"
"141172663","2587691711","0.025641"
"2587691711","141172663","0.025641"
"141172663","2618840870","0.025641"
"2618840870","141172663","0.025641"
"141172663","283735322","0.025641"
"283735322","141172663","0.025641"
"1481832011","1513796315","0.0984367"
"1513796315","1481832011","0.0984367"
"1481832011","1527409487","0.025641"
"1527409487","1481832011","0.025641"
"1481832011","1585073354","0.065641"
"1585073354","1481832011","0.065641"
"1481832011","1591088051","0.14177"
"1591088051","1481832011","0.14177"
"1481832011","1753839311","1.9576"
"1753839311","1481832011","1.9576"
"1481832011","1903421320","0.400641"
"1903421320","1481832011","0.400641"
"1481832011","1931880689","0.623927"
"1931880689","1481832011","0.623927"
"1481832011","1946756238","0.670995"
"1946756238","1481832011","0.670995"
"1481832011","1968174408","0.0984367"
"1968174408","1481832011","0.0984367"
"1481832011","1973694990","0.0584367"
"1973694990","1481832011","0.0584367"
"1481832011","1975037961","0.276215"
"1975037961","1481832011","0.276215"
"1481832011","1985997828","1.12148"
"1985997828","1481832011","1.12148"
"1481832011","1990994412","0.169548"
"1990994412","1481832011","0.169548"
"1481832011","1991784512","0.258437"
"1991784512","1481832011","0.258437"
"1481832011","1996655296","0.523927"
"1996655296","1481832011","0.523927"
"1481832011","2009694952","0.326214"
"2009694952","1481832011","0.326214"
"1481832011","2015177198","0.148974"
"2015177198","1481832011","0.148974"
"1481832011","2030248862","0.148974"
"2030248862","1481832011","0.148974"
"1481832011","2033489484","0.265103"
"2033489484","1481832011","0.265103"
"1481832011","2047862607","2.23623"
"2047862607","1481832011","2.23623"
"1481832011","2065283434","0.075641"
"2065283434","1481832011","0.075641"
"1481832011","2070275814","0.065641"
"2070275814","1481832011","0.065641"
"1481832011","2074516024","0.708693"
"2074516024","1481832011","0.708693"
"1481832011","2082718203","0.708693"
"2082718203","1481832011","0.708693"
"1481832011","2085825563","0.0984367"
"2085825563","1481832011","0.0984367"
"1481832011","2118248818","0.0417701"
"2118248818","1481832011","0.0417701"
"1481832011","2132380276","0.245421"
"2132380276","1481832011","0.245421"
"1481832011","2138392687","0.025641"
"2138392687","1481832011","0.025641"
"1481832011","2153358987","0.065641"
"2153358987","1481832011","0.065641"
"1481832011","2177861014","0.573927"
"2177861014","1481832011","0.573927"
"1481832011","2281830773","0.0584367"
"2281830773","1481832011","0.0584367"
"1481832011","2337399354","0.11726"
"2337399354","1481832011","0.11726"
"1481832011","2528667548","0.720038"
"2528667548","1481832011","0.720038"
"1481832011","2561614683","0.065641"
"2561614683","1481832011","0.065641"
"1481832011","2587691711","0.025641"
"2587691711","1481832011","0.025641"
"1481832011","2610727334","0.065641"
"2610727334","1481832011","0.065641"
"1481832011","2618840870","0.025641"
"2618840870","1481832011","0.025641"
"1481832011","283735322","0.830099"
"283735322","1481832011","0.830099"
"1513796315","1527409487","0.025641"
"1527409487","1513796315","0.025641"
"1513796315","1585073354","0.232308"
"1585073354","1513796315","0.232308"
"1513796315","1591088051","0.607392"
"1591088051","1513796315","0.607392"
"1513796315","1753839311","0.557961"
"1753839311","1513796315","0.557961"
"1513796315","1903421320","0.457221"
"1903421320","1513796315","0.457221"
"1513796315","1931880689","0.15726"
"1931880689","1513796315","0.15726"
"1513796315","1946756238","1.62726"
"1946756238","1513796315","1.62726"
"1513796315","1968174408","0.606012"
"1968174408","1513796315","0.606012"
"1513796315","1973694990","0.326225"
"1973694990","1513796315","0.326225"
"1513796315","1975037961","0.551068"
"1975037961","1513796315","0.551068"
"1513796315","1985997828","0.265103"
"1985997828","1513796315","0.265103"
"1513796315","1990994412","0.378906"
"1990994412","1513796315","0.378906"
"1513796315","1991784512","0.0584367"
"1991784512","1513796315","0.0584367"
"1513796315","1996655296","0.15726"
"1996655296","1513796315","0.15726"
"1513796315","2009694952","0.830444"
"2009694952","1513796315","0.830444"
"1513796315","2015177198","0.497459"
"2015177198","1513796315","0.497459"
"1513796315","2030248862","0.618273"
"2030248862","1513796315","0.618273"
"1513796315","2033489484","0.151068"
"2033489484","1513796315","0.151068"
"1513796315","2047862607","0.685572"
"2047862607","1513796315","0.685572"
"1513796315","2065283434","0.512096"
"2065283434","1513796315","0.512096"
"1513796315","2070275814","0.747459"
"2070275814","1513796315","0.747459"
"1513796315","2074516024","0.332886"
"2074516024","1513796315","0.332886"
"1513796315","2082718203","0.241977"
"2082718203","1513796315","0.241977"
"1513796315","2085825563","6.84066"
"2085825563","1513796315","6.84066"
"1513796315","2118248818","0.558927"
"2118248818","1513796315","0.558927"
"1513796315","2132380276","0.192308"
"2132380276","1513796315","0.192308"
"1513796315","2138392687","0.025641"
"2138392687","1513796315","0.025641"
"1513796315","2153358987","0.747459"
"2153358987","1513796315","0.747459"
"1513796315","2177861014","0.341982"
"2177861014","1513796315","0.341982"
"1513796315","2281830773","2.45314"
"2281830773","1513796315","2.45314"
"1513796315","2337399354","0.635316"
"2337399354","1513796315","0.635316"
"1513796315","2528667548","0.0584367"
"2528667548","1513796315","0.0584367"
"1513796315","2561614683","0.128141"
"2561614683","1513796315","0.128141"
"1513796315","2587691711","0.275641"
"2587691711","1513796315","0.275641"
"1513796315","2610727334","0.398974"
"2610727334","1513796315","0.398974"
"1513796315","2618840870","0.025641"
"2618840870","1513796315","0.025641"
"1513796315","283735322","0.025641"
"283735322","1513796315","0.025641"
"1527409487","1585073354","0.025641"
"1585073354","1527409487","0.025641"
"1527409487","1591088051","0.150641"
"1591088051","1527409487","0.150641"
"1527409487","1753839311","0.025641"
"1753839311","1527409487","0.025641"
"1527409487","1903421320","0.025641"
"1903421320","1527409487","0.025641"
"1527409487","1931880689","0.168498"
"1931880689","1527409487","0.168498"
"1527409487","1946756238","0.025641"
"1946756238","1527409487","0.025641"
"1527409487","1968174408","0.025641"
"1968174408","1527409487","0.025641"
"1527409487","1973694990","0.025641"
"1973694990","1527409487","0.025641"
"1527409487","1975037961","0.025641"
"1975037961","1527409487","0.025641"
"1527409487","1985997828","0.168498"
"1985997828","1527409487","0.168498"
"1527409487","1990994412","0.025641"
"1990994412","1527409487","0.025641"
"1527409487","1991784512","0.025641"
"1991784512","1527409487","0.025641"
"1527409487","1996655296","0.025641"
"1996655296","1527409487","0.025641"
"1527409487","2009694952","0.293498"
"2009694952","1527409487","0.293498"
"1527409487","2015177198","0.025641"
"2015177198","1527409487","0.025641"
"1527409487","2030248862","0.150641"
"2030248862","1527409487","0.150641"
"1527409487","2033489484","0.025641"
"2033489484","1527409487","0.025641"
"1527409487","2047862607","0.025641"
"2047862607","1527409487","0.025641"
"1527409487","2065283434","0.025641"
"2065283434","1527409487","0.025641"
"1527409487","2070275814","0.025641"
"2070275814","1527409487","0.025641"
"1527409487","2074516024","0.501832"
"2074516024","1527409487","0.501832"
"1527409487","2082718203","0.501832"
"2082718203","1527409487","0.501832"
"1527409487","2085825563","0.025641"
"2085825563","1527409487","0.025641"
"1527409487","2118248818","0.025641"
"2118248818","1527409487","0.025641"
"1527409487","2132380276","0.025641"
"2132380276","1527409487","0.025641"
"1527409487","2138392687","10.1268"
"2138392687","1527409487","10.1268"
"1527409487","2153358987","0.025641"
"2153358987","1527409487","0.025641"
"1527409487","2177861014","0.025641"
"2177861014","1527409487","0.025641"
"1527409487","2281830773","0.025641"
"2281830773","1527409487","0.025641"
"1527409487","2337399354","0.025641"
"2337399354","1527409487","0.025641"
"1527409487","2528667548","0.025641"
"2528667548","1527409487","0.025641"
"1527409487","2561614683","0.025641"
"2561614683","1527409487","0.025641"
"1527409487","2587691711","0.025641"
"2587691711","1527409487","0.025641"
"1527409487","2610727334","0.025641"
"2610727334","1527409487","0.025641"
"1527409487","2618840870","0.025641"
"2618840870","1527409487","0.025641"
"1527409487","283735322","0.025641"
"283735322","1527409487","0.025641"
"1585073354","1591088051","0.21655"
"1591088051","1585073354","0.21655"
"1585073354","1753839311","0.065641"
"1753839311","1585073354","0.065641"
"1585073354","1903421320","0.025641"
"1903421320","1585073354","0.025641"
"1585073354","1931880689","0.065641"
"1931880689","1585073354","0.065641"
"1585073354","1946756238","0.065641"
"1946756238","1585073354","0.065641"
"1585073354","1968174408","0.534328"
"1968174408","1585073354","0.534328"
"1585073354","1973694990","0.470085"
"1973694990","1585073354","0.470085"
"1585073354","1975037961","0.065641"
"1975037961","1585073354","0.065641"
"1585073354","1985997828","0.232308"
"1985997828","1585073354","0.232308"
"1585073354","1990994412","0.025641"
"1990994412","1585073354","0.025641"
"1585073354","1991784512","0.025641"
"1991784512","1585073354","0.025641"
"1585073354","1996655296","0.065641"
"1996655296","1585073354","0.065641"
"1585073354","2009694952","0.065641"
"2009694952","1585073354","0.065641"
"1585073354","2015177198","0.534328"
"2015177198","1585073354","0.534328"
"1585073354","2030248862","0.534328"
"2030248862","1585073354","0.534328"
"1585073354","2033489484","0.367661"
"2033489484","1585073354","0.367661"
"1585073354","2047862607","0.065641"
"2047862607","1585073354","0.065641"
"1585073354","2065283434","0.025641"
"2065283434","1585073354","0.025641"
"1585073354","2070275814","0.443419"
"2070275814","1585073354","0.443419"
"1585073354","2074516024","0.25655"
"2074516024","1585073354","0.25655"
"1585073354","2082718203","0.065641"
"2082718203","1585073354","0.065641"
"1585073354","2085825563","0.423217"
"2085825563","1585073354","0.423217"
"1585073354","2118248818","0.025641"
"2118248818","1585073354","0.025641"
"1585073354","2132380276","0.192308"
"2132380276","1585073354","0.192308"
"1585073354","2138392687","0.025641"
"2138392687","1585073354","0.025641"
"1585073354","2153358987","0.534328"
"2153358987","1585073354","0.534328"
"1585073354","2177861014","0.065641"
"2177861014","1585073354","0.065641"
"1585073354","2281830773","0.025641"
"2281830773","1585073354","0.025641"
"1585073354","2337399354","0.025641"
"2337399354","1585073354","0.025641"
"1585073354","2528667548","0.025641"
"2528667548","1585073354","0.025641"
"1585073354","2561614683","0.15655"
"2561614683","1585073354","0.15655"
"1585073354","2587691711","0.025641"
"2587691711","1585073354","0.025641"
"1585073354","2610727334","0.15655"
"2610727334","1585073354","0.15655"
"1585073354","2618840870","0.025641"
"2618840870","1585073354","0.025641"
"1585073354","283735322","0.025641"
"283735322","1585073354","0.025641"
"1591088051","1753839311","0.13536"
"1753839311","1591088051","0.13536"
"1591088051","1903421320","0.473397"
"1903421320","1591088051","0.473397"
"1591088051","1931880689","0.200594"
"1931880689","1591088051","0.200594"
"1591088051","1946756238","0.111068"
"1946756238","1591088051","0.111068"
"1591088051","1968174408","0.949346"
"1968174408","1591088051","0.949346"
"1591088051","1973694990","0.120937"
"1973694990","1591088051","0.120937"
"1591088051","1975037961","0.111068"
"1975037961","1591088051","0.111068"
"1591088051","1985997828","0.14177"
"1985997828","1591088051","0.14177"
"1591088051","1990994412","1.17286"
"1990994412","1591088051","1.17286"
"1591088051","1991784512","0.0584367"
"1991784512","1591088051","0.0584367"
"1591088051","1996655296","0.200594"
"1996655296","1591088051","0.200594"
"1591088051","2009694952","0.347179"
"2009694952","1591088051","0.347179"
"1591088051","2015177198","0.499883"
"2015177198","1591088051","0.499883"
"1591088051","2030248862","0.854438"
"2030248862","1591088051","0.854438"
"1591088051","2033489484","0.413089"
"2033489484","1591088051","0.413089"
"1591088051","2047862607","0.245937"
"2047862607","1591088051","0.245937"
"1591088051","2065283434","0.462096"
"2065283434","1591088051","0.462096"
"1591088051","2070275814","0.325641"
"2070275814","1591088051","0.325641"
"1591088051","2074516024","0.413089"
"2074516024","1591088051","0.413089"
"1591088051","2082718203","0.222179"
"2082718203","1591088051","0.222179"
"1591088051","2085825563","0.614477"
"2085825563","1591088051","0.614477"
"1591088051","2118248818","0.59226"
"2118248818","1591088051","0.59226"
"1591088051","2132380276","0.025641"
"2132380276","1591088051","0.025641"
"1591088051","2138392687","0.150641"
"2138392687","1591088051","0.150641"
"1591088051","2153358987","0.41655"
"2153358987","1591088051","0.41655"
"1591088051","2177861014","0.45427"
"2177861014","1591088051","0.45427"
"1591088051","2281830773","0.361068"
"2281830773","1591088051","0.361068"
"1591088051","2337399354","1.37286"
"2337399354","1591088051","1.37286"
"1591088051","2528667548","0.33536"
"2528667548","1591088051","0.33536"
"1591088051","2561614683","0.670717"
"2561614683","1591088051","0.670717"
"1591088051","2587691711","0.025641"
"2587691711","1591088051","0.025641"
"1591088051","2610727334","0.11655"
"2610727334","1591088051","0.11655"
"1591088051","2618840870","0.025641"
"2618840870","1591088051","0.025641"
"1591088051","283735322","0.025641"
"283735322","1591088051","0.025641"
"1753839311","1903421320","1.4609"
"1903421320","1753839311","1.4609"
"1753839311","1931880689","0.668371"
"1931880689","1753839311","0.668371"
"1753839311","1946756238","1.43885"
"1946756238","1753839311","1.43885"
"1753839311","1968174408","0.18177"
"1968174408","1753839311","0.18177"
"1753839311","1973694990","1.30844"
"1973694990","1753839311","1.30844"
"1753839311","1975037961","0.801215"
"1975037961","1753839311","0.801215"
"1753839311","1985997828","2.01593"
"1985997828","1753839311","2.01593"
"1753839311","1990994412","0.313138"
"1990994412","1753839311","0.313138"
"1753839311","1991784512","0.0584367"
"1991784512","1753839311","0.0584367"
"1753839311","1996655296","0.385038"
"1996655296","1753839311","0.385038"
"1753839311","2009694952","2.46074"
"2009694952","1753839311","2.46074"
"1753839311","2015177198","0.065641"
"2015177198","1753839311","0.065641"
"1753839311","2030248862","0.712009"
"2030248862","1753839311","0.712009"
"1753839311","2033489484","0.348437"
"2033489484","1753839311","0.348437"
"1753839311","2047862607","0.861229"
"2047862607","1753839311","0.861229"
"1753839311","2065283434","0.325641"
"2065283434","1753839311","0.325641"
"1753839311","2070275814","0.065641"
"2070275814","1753839311","0.065641"
"1753839311","2074516024","1.99203"
"2074516024","1753839311","1.99203"
"1753839311","2082718203","1.32536"
"2082718203","1753839311","1.32536"
"1753839311","2085825563","0.491294"
"2085825563","1753839311","0.491294"
"1753839311","2118248818","0.0417701"
"2118248818","1753839311","0.0417701"
"1753839311","2132380276","0.495421"
"2132380276","1753839311","0.495421"
"1753839311","2138392687","0.025641"
"2138392687","1753839311","0.025641"
"1753839311","2153358987","1.06564"
"2153358987","1753839311","1.06564"
"1753839311","2177861014","0.626705"
"2177861014","1753839311","0.626705"
"1753839311","2281830773","0.0584367"
"2281830773","1753839311","0.0584367"
"1753839311","2337399354","0.71085"
"2337399354","1753839311","0.71085"
"1753839311","2528667548","0.630294"
"2528667548","1753839311","0.630294"
"1753839311","2561614683","0.065641"
"2561614683","1753839311","0.065641"
"1753839311","2587691711","0.025641"
"2587691711","1753839311","0.025641"
"1753839311","2610727334","0.315641"
"2610727334","1753839311","0.315641"
"1753839311","2618840870","0.025641"
"2618840870","1753839311","0.025641"
"1753839311","283735322","0.663433"
"283735322","1753839311","0.663433"
"1903421320","1931880689","0.108974"
"1931880689","1903421320","0.108974"
"1903421320","1946756238","0.150641"
"1946756238","1903421320","0.150641"
"1903421320","1968174408","0.025641"
"1968174408","1903421320","0.025641"
"1903421320","1973694990","0.535853"
"1973694990","1903421320","0.535853"
"1903421320","1975037961","0.0923077"
"1975037961","1903421320","0.0923077"
"1903421320","1985997828","0.451831"
"1985997828","1903421320","0.451831"
"1903421320","1990994412","1.94803"
"1990994412","1903421320","1.94803"
"1903421320","1991784512","0.418498"
"1991784512","1903421320","0.418498"
"1903421320","1996655296","0.108974"
"1996655296","1903421320","0.108974"
"1903421320","2009694952","0.213675"
"2009694952","1903421320","0.213675"
"1903421320","2015177198","0.108974"
"2015177198","1903421320","0.108974"
"1903421320","2030248862","0.285897"
"2030248862","1903421320","0.285897"
"1903421320","2033489484","0.025641"
"2033489484","1903421320","0.025641"
"1903421320","2047862607","0.862777"
"2047862607","1903421320","0.862777"
"1903421320","2065283434","0.025641"
"2065283434","1903421320","0.025641"
"1903421320","2070275814","0.025641"
"2070275814","1903421320","0.025641"
"1903421320","2074516024","0.025641"
"2074516024","1903421320","0.025641"
"1903421320","2082718203","0.025641"
"2082718203","1903421320","0.025641"
"1903421320","2085825563","0.390554"
"2085825563","1903421320","0.390554"
"1903421320","2118248818","0.025641"
"2118248818","1903421320","0.025641"
"1903421320","2132380276","0.368498"
"2132380276","1903421320","0.368498"
"1903421320","2138392687","0.025641"
"2138392687","1903421320","0.025641"
"1903421320","2153358987","0.025641"
"2153358987","1903421320","0.025641"
"1903421320","2177861014","0.919187"
"2177861014","1903421320","0.919187"
"1903421320","2281830773","0.945421"
"2281830773","1903421320","0.945421"
"1903421320","2337399354","2.58182"
"2337399354","1903421320","2.58182"
"1903421320","2528667548","0.327564"
"2528667548","1903421320","0.327564"
"1903421320","2561614683","0.989331"
"2561614683","1903421320","0.989331"
"1903421320","2587691711","0.025641"
"2587691711","1903421320","0.025641"
"1903421320","2610727334","0.025641"
"2610727334","1903421320","0.025641"
"1903421320","2618840870","0.958974"
"2618840870","1903421320","0.958974"
"1903421320","283735322","0.400641"
"283735322","1903421320","0.400641"
"1931880689","1946756238","0.440103"
"1946756238","1931880689","0.440103"
"1931880689","1968174408","0.0984367"
"1968174408","1931880689","0.0984367"
"1931880689","1973694990","0.0584367"
"1973694990","1931880689","0.0584367"
"1931880689","1975037961","0.223437"
"1975037961","1931880689","0.223437"
"1931880689","1985997828","1.0779"
"1985997828","1931880689","1.0779"
"1931880689","1990994412","0.0584367"
"1990994412","1931880689","0.0584367"
"1931880689","1991784512","0.0584367"
"1991784512","1931880689","0.0584367"
"1931880689","1996655296","1.93553"
"1996655296","1931880689","1.93553"
"1931880689","2009694952","0.291294"
"2009694952","1931880689","0.291294"
"1931880689","2015177198","1.18231"
"2015177198","1931880689","1.18231"
"1931880689","2030248862","1.62675"
"2030248862","1931880689","1.62675"
"1931880689","2033489484","0.265103"
"2033489484","1931880689","0.265103"
"1931880689","2047862607","0.15726"
"2047862607","1931880689","0.15726"
"1931880689","2065283434","0.134465"
"2065283434","1931880689","0.134465"
"1931880689","2070275814","0.065641"
"2070275814","1931880689","0.065641"
"1931880689","2074516024","0.999627"
"2074516024","1931880689","0.999627"
"1931880689","2082718203","0.999627"
"2082718203","1931880689","0.999627"
"1931880689","2085825563","0.0984367"
"2085825563","1931880689","0.0984367"
"1931880689","2118248818","0.100594"
"2118248818","1931880689","0.100594"
"1931880689","2132380276","0.025641"
"2132380276","1931880689","0.025641"
"1931880689","2138392687","0.168498"
"2138392687","1931880689","0.168498"
"1931880689","2153358987","0.065641"
"2153358987","1931880689","0.065641"
"1931880689","2177861014","1.26004"
"2177861014","1931880689","1.26004"
"1931880689","2281830773","0.183437"
"2281830773","1931880689","0.183437"
"1931880689","2337399354","0.11726"
"2337399354","1931880689","0.11726"
"1931880689","2528667548","0.61726"
"2528667548","1931880689","0.61726"
"1931880689","2561614683","0.065641"
"2561614683","1931880689","0.065641"
"1931880689","2587691711","0.025641"
"2587691711","1931880689","0.025641"
"1931880689","2610727334","0.065641"
"2610727334","1931880689","0.065641"
"1931880689","2618840870","0.025641"
"2618840870","1931880689","0.025641"
"1931880689","283735322","0.584465"
"283735322","1931880689","0.584465"
"1946756238","1968174408","0.0984367"
"1968174408","1946756238","0.0984367"
"1946756238","1973694990","0.225103"
"1973694990","1946756238","0.225103"
"1946756238","1975037961","4.51218"
"1975037961","1946756238","4.51218"
"1946756238","1985997828","0.868217"
"1985997828","1946756238","0.868217"
"1946756238","1990994412","0.0584367"
"1990994412","1946756238","0.0584367"
"1946756238","1991784512","0.0584367"
"1991784512","1946756238","0.0584367"
"1946756238","1996655296","0.50677"
"1996655296","1946756238","0.50677"
"1946756238","2009694952","0.930037"
"2009694952","1946756238","0.930037"
"1946756238","2015177198","0.065641"
"2015177198","1946756238","0.065641"
"1946756238","2030248862","0.243273"
"2030248862","1946756238","0.243273"
"1946756238","2033489484","0.567735"
"2033489484","1946756238","0.567735"
"1946756238","2047862607","0.491294"
"2047862607","1946756238","0.491294"
"1946756238","2065283434","0.128273"
"2065283434","1946756238","0.128273"
"1946756238","2070275814","0.065641"
"2070275814","1946756238","0.065641"
"1946756238","2074516024","0.886325"
"2074516024","1946756238","0.886325"
"1946756238","2082718203","0.636325"
"2082718203","1946756238","0.636325"
"1946756238","2085825563","0.293925"
"2085825563","1946756238","0.293925"
"1946756238","2118248818","0.375103"
"2118248818","1946756238","0.375103"
"1946756238","2132380276","0.412088"
"2132380276","1946756238","0.412088"
"1946756238","2138392687","0.025641"
"2138392687","1946756238","0.025641"
"1946756238","2153358987","0.065641"
"2153358987","1946756238","0.065641"
"1946756238","2337399354","0.0584367"
"2337399354","1946756238","0.0584367"
"1946756238","2528667548","0.183437"
"2528667548","1946756238","0.183437"
"1946756238","2561614683","0.165641"
"2561614683","1946756238","0.165641"
"1946756238","2587691711","0.125641"
"2587691711","1946756238","0.125641"
"1946756238","2618840870","0.125641"
"2618840870","1946756238","0.125641"
"1946756238","283735322","2.2935"
"283735322","1946756238","2.2935"
"1968174408","1973694990","0.395738"
"1973694990","1968174408","0.395738"
"1968174408","1975037961","0.0984367"
"1975037961","1968174408","0.0984367"
"1968174408","1985997828","0.18177"
"1985997828","1968174408","0.18177"
"1968174408","1990994412","0.0584367"
"1990994412","1968174408","0.0584367"
"1968174408","1991784512","0.0584367"
"1991784512","1968174408","0.0584367"
"1968174408","1996655296","0.0984367"
"1996655296","1968174408","0.0984367"
"1968174408","2009694952","0.272679"
"2009694952","1968174408","0.272679"
"1968174408","2015177198","2.64428"
"2015177198","1968174408","2.64428"
"1968174408","2030248862","1.97004"
"2030248862","1968174408","1.97004"
"1968174408","2033489484","0.68379"
"2033489484","1968174408","0.68379"
"1968174408","2047862607","0.0984367"
"2047862607","1968174408","0.0984367"
"1968174408","2065283434","0.025641"
"2065283434","1968174408","0.025641"
"1968174408","2070275814","3.30338"
"2070275814","1968174408","3.30338"
"1968174408","2074516024","0.606445"
"2074516024","1968174408","0.606445"
"1968174408","2082718203","0.332203"
"2082718203","1968174408","0.332203"
"1968174408","2085825563","0.796922"
"2085825563","1968174408","0.796922"
"1968174408","2118248818","0.0417701"
"2118248818","1968174408","0.0417701"
"1968174408","2132380276","0.108974"
"2132380276","1968174408","0.108974"
"1968174408","2138392687","0.025641"
"2138392687","1968174408","0.025641"
"1968174408","2153358987","3.39428"
"2153358987","1968174408","3.39428"
"1968174408","2177861014","0.0984367"
"2177861014","1968174408","0.0984367"
"1968174408","2281830773","0.292203"
"2281830773","1968174408","0.292203"
"1968174408","2337399354","0.0584367"
"2337399354","1968174408","0.0584367"
"1968174408","2528667548","0.0584367"
"2528667548","1968174408","0.0584367"
"1968174408","2561614683","0.15655"
"2561614683","1968174408","0.15655"
"1968174408","2587691711","0.025641"
"2587691711","1968174408","0.025641"
"1968174408","2610727334","0.239883"
"2610727334","1968174408","0.239883"
"1968174408","2618840870","0.025641"
"2618840870","1968174408","0.025641"
"1968174408","283735322","0.025641"
"283735322","1968174408","0.025641"
"1973694990","1975037961","0.39177"
"1975037961","1973694990","0.39177"
"1973694990","1985997828","0.308437"
"1985997828","1973694990","0.308437"
"1973694990","1990994412","0.235316"
"1990994412","1973694990","0.235316"
"1973694990","1991784512","0.0584367"
"1991784512","1973694990","0.0584367"
"1973694990","1996655296","0.0584367"
"1996655296","1973694990","0.0584367"
"1973694990","2009694952","0.232679"
"2009694952","1973694990","0.232679"
"1973694990","2015177198","0.370518"
"2015177198","1973694990","0.370518"
"1973694990","2030248862","0.362943"
"2030248862","1973694990","0.362943"
"1973694990","2033489484","0.419548"
"2033489484","1973694990","0.419548"
"1973694990","2047862607","0.235316"
"2047862607","1973694990","0.235316"
"1973694990","2065283434","0.025641"
"2065283434","1973694990","0.025641"
"1973694990","2070275814","0.370518"
"2070275814","1973694990","0.370518"
"1973694990","2074516024","0.232679"
"2074516024","1973694990","0.232679"
"1973694990","2082718203","0.0584367"
"2082718203","1973694990","0.0584367"
"1973694990","2085825563","0.326225"
"2085825563","1973694990","0.326225"
"1973694990","2118248818","0.0417701"
"2118248818","1973694990","0.0417701"
"1973694990","2132380276","0.275641"
"2132380276","1973694990","0.275641"
"1973694990","2138392687","0.025641"
"2138392687","1973694990","0.025641"
"1973694990","2153358987","0.370518"
"2153358987","1973694990","0.370518"
"1973694990","2177861014","0.235316"
"2177861014","1973694990","0.235316"
"1973694990","2281830773","0.347759"
"2281830773","1973694990","0.347759"
"1973694990","2337399354","1.23532"
"2337399354","1973694990","1.23532"
"1973694990","2528667548","0.0584367"
"2528667548","1973694990","0.0584367"
"1973694990","2561614683","0.421474"
"2561614683","1973694990","0.421474"
"1973694990","2587691711","0.025641"
"2587691711","1973694990","0.025641"
"1973694990","2610727334","0.275641"
"2610727334","1973694990","0.275641"
"1973694990","2618840870","0.025641"
"2618840870","1973694990","0.025641"
"1973694990","283735322","0.025641"
"283735322","1973694990","0.025641"
"1975037961","1985997828","0.574627"
"1985997828","1975037961","0.574627"
"1975037961","1990994412","0.125103"
"1990994412","1975037961","0.125103"
"1975037961","1991784512","0.0584367"
"1991784512","1975037961","0.0584367"
"1975037961","1996655296","0.557961"
"1996655296","1975037961","0.557961"
"1975037961","2009694952","0.662179"
"2009694952","1975037961","0.662179"
"1975037961","2015177198","0.065641"
"2015177198","1975037961","0.065641"
"1975037961","2030248862","0.243273"
"2030248862","1975037961","0.243273"
"1975037961","2033489484","0.401068"
"2033489484","1975037961","0.401068"
"1975037961","2047862607","0.223437"
"2047862607","1975037961","0.223437"
"1975037961","2065283434","0.411606"
"2065283434","1975037961","0.411606"
"1975037961","2070275814","0.065641"
"2070275814","1975037961","0.065641"
"1975037961","2074516024","0.342735"
"2074516024","1975037961","0.342735"
"1975037961","2082718203","0.342735"
"2082718203","1975037961","0.342735"
"1975037961","2085825563","0.151068"
"2085825563","1975037961","0.151068"
"1975037961","2118248818","0.708437"
"2118248818","1975037961","0.708437"
"1975037961","2132380276","0.025641"
"2132380276","1975037961","0.025641"
"1975037961","2138392687","0.025641"
"2138392687","1975037961","0.025641"
"1975037961","2153358987","0.065641"
"2153358987","1975037961","0.065641"
"1975037961","2177861014","0.557961"
"2177861014","1975037961","0.557961"
"1975037961","2281830773","0.236068"
"2281830773","1975037961","0.236068"
"1975037961","2337399354","0.125103"
"2337399354","1975037961","0.125103"
"1975037961","2528667548","0.0584367"
"2528667548","1975037961","0.0584367"
"1975037961","2561614683","0.165641"
"2561614683","1975037961","0.165641"
"1975037961","2587691711","0.125641"
"2587691711","1975037961","0.125641"
"1975037961","2610727334","0.065641"
"2610727334","1975037961","0.065641"
"1975037961","2618840870","0.125641"
"2618840870","1975037961","0.125641"
"1975037961","283735322","0.525641"
"283735322","1975037961","0.525641"
"1985997828","1990994412","0.169548"
"1990994412","1985997828","0.169548"
"1985997828","1991784512","0.0584367"
"1991784512","1985997828","0.0584367"
"1985997828","1996655296","1.0779"
"1996655296","1985997828","1.0779"
"1985997828","2009694952","1.40796"
"2009694952","1985997828","1.40796"
"1985997828","2015177198","0.348974"
"2015177198","1985997828","0.348974"
"1985997828","2030248862","1.87675"
"2030248862","1985997828","1.87675"
"1985997828","2033489484","0.598437"
"2033489484","1985997828","0.598437"
"1985997828","2047862607","0.411229"
"2047862607","1985997828","0.411229"
"1985997828","2065283434","0.075641"
"2065283434","1985997828","0.075641"
"1985997828","2070275814","0.065641"
"2070275814","1985997828","0.065641"
"1985997828","2074516024","0.90155"
"2074516024","1985997828","0.90155"
"1985997828","2082718203","0.568217"
"2082718203","1985997828","0.568217"
"1985997828","2085825563","0.265103"
"2085825563","1985997828","0.265103"
"1985997828","2118248818","0.0417701"
"2118248818","1985997828","0.0417701"
"1985997828","2132380276","2.33828"
"2132380276","1985997828","2.33828"
"1985997828","2138392687","0.168498"
"2138392687","1985997828","0.168498"
"1985997828","2153358987","0.065641"
"2153358987","1985997828","0.065641"
"1985997828","2177861014","0.894562"
"2177861014","1985997828","0.894562"
"1985997828","2281830773","0.0584367"
"2281830773","1985997828","0.0584367"
"1985997828","2337399354","0.710117"
"2337399354","1985997828","0.710117"
"1985997828","2528667548","0.228371"
"2528667548","1985997828","0.228371"
"1985997828","2561614683","0.065641"
"2561614683","1985997828","0.065641"
"1985997828","2587691711","0.025641"
"2587691711","1985997828","0.025641"
"1985997828","2610727334","0.315641"
"2610727334","1985997828","0.315641"
"1985997828","2618840870","0.025641"
"2618840870","1985997828","0.025641"
"1985997828","283735322","0.338433"
"283735322","1985997828","0.338433"
"1990994412","1991784512","0.0584367"
"1991784512","1990994412","0.0584367"
"1990994412","1996655296","0.0584367"
"1996655296","1990994412","0.0584367"
"1990994412","2009694952","0.13536"
"2009694952","1990994412","0.13536"
"1990994412","2015177198","0.025641"
"2015177198","1990994412","0.025641"
"1990994412","2030248862","0.202564"
"2030248862","1990994412","0.202564"
"1990994412","2033489484","0.0584367"
"2033489484","1990994412","0.0584367"
"1990994412","2047862607","0.54835"
"2047862607","1990994412","0.54835"
"1990994412","2065283434","0.025641"
"2065283434","1990994412","0.025641"
"1990994412","2070275814","0.025641"
"2070275814","1990994412","0.025641"
"1990994412","2074516024","0.0584367"
"2074516024","1990994412","0.0584367"
"1990994412","2082718203","0.0584367"
"2082718203","1990994412","0.0584367"
"1990994412","2085825563","0.312239"
"2085825563","1990994412","0.312239"
"1990994412","2118248818","0.54177"
"2118248818","1990994412","0.54177"
"1990994412","2132380276","0.025641"
"2132380276","1990994412","0.025641"
"1990994412","2138392687","0.025641"
"2138392687","1990994412","0.025641"
"1990994412","2153358987","0.025641"
"2153358987","1990994412","0.025641"
"1990994412","2177861014","0.751982"
"2177861014","1990994412","0.751982"
"1990994412","2281830773","0.390915"
"2281830773","1990994412","0.390915"
"1990994412","2337399354","1.45391"
"2337399354","1990994412","1.45391"
"1990994412","2528667548","0.346471"
"2528667548","1990994412","0.346471"
"1990994412","2561614683","0.479808"
"2561614683","1990994412","0.479808"
"1990994412","2587691711","0.025641"
"2587691711","1990994412","0.025641"
"1990994412","2610727334","0.025641"
"2610727334","1990994412","0.025641"
"1990994412","2618840870","0.125641"
"2618840870","1990994412","0.125641"
"1990994412","283735322","0.136752"
"283735322","1990994412","0.136752"
"1991784512","1996655296","0.0584367"
"1996655296","1991784512","0.0584367"
"1991784512","2009694952","0.0584367"
"2009694952","1991784512","0.0584367"
"1991784512","2015177198","0.025641"
"2015177198","1991784512","0.025641"
"1991784512","2030248862","0.025641"
"2030248862","1991784512","0.025641"
"1991784512","2033489484","0.0584367"
"2033489484","1991784512","0.0584367"
"1991784512","2047862607","0.0584367"
"2047862607","1991784512","0.0584367"
"1991784512","2065283434","0.025641"
"2065283434","1991784512","0.025641"
"1991784512","2070275814","0.025641"
"2070275814","1991784512","0.025641"
