"141127377","1599168617","0.0769231"
"1599168617","141127377","0.0769231"
"141127377","1664483094","0.0769231"
"1664483094","141127377","0.0769231"
"141127377","1781225673","0.0769231"
"1781225673","141127377","0.0769231"
"141127377","1965954589","0.0769231"
"1965954589","141127377","0.0769231"
"141127377","1974997379","0.0769231"
"1974997379","141127377","0.0769231"
"141127377","1977197733","0.0769231"
"1977197733","141127377","0.0769231"
"141127377","2032674215","0.0769231"
"2032674215","141127377","0.0769231"
"141127377","2098120415","0.0769231"
"2098120415","141127377","0.0769231"
"141127377","2113261592","0.0769231"
"2113261592","141127377","0.0769231"
"141127377","2135088779","0.0769231"
"2135088779","141127377","0.0769231"
"141127377","2146117736","0.0769231"
"2146117736","141127377","0.0769231"
"141127377","2155139797","0.0769231"
"2155139797","141127377","0.0769231"
"141127377","91828656","0.0769231"
"91828656","141127377","0.0769231"
"1599168617","1664483094","9.29915"
"1664483094","1599168617","9.29915"
"1599168617","1781225673","1.13248"
"1781225673","1599168617","1.13248"
"1599168617","1965954589","2.34081"
"1965954589","1599168617","2.34081"
"1599168617","1974997379","0.132479"
"1974997379","1599168617","0.132479"
"1599168617","1977197733","1.38248"
"1977197733","1599168617","1.38248"
"1599168617","2032674215","1.04915"
"2032674215","1599168617","1.04915"
"1599168617","2098120415","0.410256"
"2098120415","1599168617","0.410256"
"1599168617","2113261592","1.29915"
"2113261592","1599168617","1.29915"
"1599168617","2135088779","0.0769231"
"2135088779","1599168617","0.0769231"
"1599168617","2146117736","0.0769231"
"2146117736","1599168617","0.0769231"
"1599168617","2155139797","1.29915"
"2155139797","1599168617","1.29915"
"1599168617","91828656","14.8408"
"91828656","1599168617","14.8408"
"1664483094","1781225673","0.549145"
"1781225673","1664483094","0.549145"
"1664483094","1965954589","0.132479"
"1965954589","1664483094","0.132479"
"1664483094","1974997379","0.132479"
"1974997379","1664483094","0.132479"
"1664483094","1977197733","0.632479"
"1977197733","1664483094","0.632479"
"1664483094","2032674215","0.299145"
"2032674215","1664483094","0.299145"
"1664483094","2098120415","0.326923"
"2098120415","1664483094","0.326923"
"1664483094","2113261592","0.299145"
"2113261592","1664483094","0.299145"
"1664483094","2135088779","0.0769231"
"2135088779","1664483094","0.0769231"
"1664483094","2146117736","0.0769231"
"2146117736","1664483094","0.0769231"
"1664483094","2155139797","1.29915"
"2155139797","1664483094","1.29915"
"1664483094","91828656","14.7158"
"91828656","1664483094","14.7158"
"1781225673","1965954589","1.46581"
"1965954589","1781225673","1.46581"
"1781225673","1974997379","0.132479"
"1974997379","1781225673","0.132479"
"1781225673","1977197733","0.299145"
"1977197733","1781225673","0.299145"
"1781225673","2032674215","1.29915"
"2032674215","1781225673","1.29915"
"1781225673","2098120415","5.91026"
"2098120415","1781225673","5.91026"
"1781225673","2113261592","0.299145"
"2113261592","1781225673","0.299145"
"1781225673","2135088779","0.0769231"
"2135088779","1781225673","0.0769231"
"1781225673","2146117736","1.82692"
"2146117736","1781225673","1.82692"
"1781225673","2155139797","0.132479"
"2155139797","1781225673","0.132479"
"1781225673","91828656","0.799145"
"91828656","1781225673","0.799145"
"1965954589","1974997379","0.132479"
"1974997379","1965954589","0.132479"
"1965954589","1977197733","0.69359"
"1977197733","1965954589","0.69359"
"1965954589","2032674215","2.21581"
"2032674215","1965954589","2.21581"
"1965954589","2098120415","0.660256"
"2098120415","1965954589","0.660256"
"1965954589","2113261592","0.132479"
"2113261592","1965954589","0.132479"
"1965954589","2135088779","2.93526"
"2135088779","1965954589","2.93526"
"1965954589","2146117736","0.651923"
"2146117736","1965954589","0.651923"
"1965954589","2155139797","0.132479"
"2155139797","1965954589","0.132479"
"1965954589","91828656","0.507479"
"91828656","1965954589","0.507479"
"1974997379","1977197733","0.132479"
"1977197733","1974997379","0.132479"
"1974997379","2032674215","0.132479"
"2032674215","1974997379","0.132479"
"1974997379","2098120415","0.0769231"
"2098120415","1974997379","0.0769231"
"1974997379","2113261592","0.132479"
"2113261592","1974997379","0.132479"
"1974997379","2135088779","0.0769231"
"2135088779","1974997379","0.0769231"
"1974997379","2146117736","0.0769231"
"2146117736","1974997379","0.0769231"
"1974997379","2155139797","0.132479"
"2155139797","1974997379","0.132479"
"1974997379","91828656","0.132479"
"91828656","1974997379","0.132479"
"1977197733","2032674215","0.549145"
"2032674215","1977197733","0.549145"
"1977197733","2098120415","0.0769231"
"2098120415","1977197733","0.0769231"
"1977197733","2113261592","2.29915"
"2113261592","1977197733","2.29915"
"1977197733","2135088779","1.27692"
"2135088779","1977197733","1.27692"
"1977197733","2146117736","0.0769231"
"2146117736","1977197733","0.0769231"
"1977197733","2155139797","1.13248"
"2155139797","1977197733","1.13248"
"1977197733","91828656","2.38248"
"91828656","1977197733","2.38248"
"2032674215","2098120415","0.0769231"
"2098120415","2032674215","0.0769231"
"2032674215","2113261592","0.299145"
"2113261592","2032674215","0.299145"
"2032674215","2135088779","0.410256"
"2135088779","2032674215","0.410256"
"2032674215","2146117736","1.07692"
"2146117736","2032674215","1.07692"
"2032674215","2155139797","0.132479"
"2155139797","2032674215","0.132479"
"2032674215","91828656","0.549145"
"91828656","2032674215","0.549145"
"2098120415","2113261592","0.0769231"
"2113261592","2098120415","0.0769231"
"2098120415","2135088779","0.0769231"
"2135088779","2098120415","0.0769231"
"2098120415","2146117736","0.576923"
"2146117736","2098120415","0.576923"
"2098120415","2155139797","0.0769231"
"2155139797","2098120415","0.0769231"
"2098120415","91828656","0.0769231"
"91828656","2098120415","0.0769231"
"2113261592","2135088779","0.0769231"
"2135088779","2113261592","0.0769231"
"2113261592","2146117736","0.0769231"
"2146117736","2113261592","0.0769231"
"2113261592","2155139797","0.132479"
"2155139797","2113261592","0.132479"
"2113261592","91828656","0.799145"
"91828656","2113261592","0.799145"
"2135088779","2146117736","0.601923"
"2146117736","2135088779","0.601923"
"2135088779","2155139797","0.0769231"
"2155139797","2135088779","0.0769231"
"2135088779","91828656","0.0769231"
"91828656","2135088779","0.0769231"
"2146117736","2155139797","0.0769231"
"2155139797","2146117736","0.0769231"
"2146117736","91828656","0.0769231"
"91828656","2146117736","0.0769231"
"2155139797","91828656","0.465812"
"91828656","2155139797","0.465812"
"141127377","2084212336","0.5"
"2084212336","141127377","0.5"
"141127377","2169653777","1.5"
"2169653777","141127377","1.5"
"2084212336","2169653777","3.31111"
"2169653777","2084212336","3.31111"
"1519309826","1664483094","0.25"
"1664483094","1519309826","0.25"
"1519309826","1781225673","0.25"
"1781225673","1519309826","0.25"
"1519309826","2098120415","0.25"
"2098120415","1519309826","0.25"
"1519309826","2103200909","0.25"
"2103200909","1519309826","0.25"
"1664483094","2103200909","0.25"
"2103200909","1664483094","0.25"
"1781225673","2103200909","0.75"
"2103200909","1781225673","0.75"
"2098120415","2103200909","1.25"
"2103200909","2098120415","1.25"
"1542162318","1785885998","2.87619"
"1785885998","1542162318","2.87619"
"1542162318","2041221349","7.54563"
"2041221349","1542162318","7.54563"
"1542162318","2065554061","1.54286"
"2065554061","1542162318","1.54286"
"1785885998","2041221349","1.87619"
"2041221349","1785885998","1.87619"
"1785885998","2065554061","5.04286"
"2065554061","1785885998","5.04286"
"2041221349","2065554061","1.54286"
"2065554061","2041221349","1.54286"
"1542162318","1965954589","1.4873"
"1965954589","1542162318","1.4873"
"1542162318","2534828982","1.33452"
"2534828982","1542162318","1.33452"
"1965954589","2041221349","2.6373"
"2041221349","1965954589","2.6373"
"1965954589","2534828982","0.80119"
"2534828982","1965954589","0.80119"
"2041221349","2534828982","1.45952"
"2534828982","2041221349","1.45952"
"1542162318","2084212336","0.453968"
"2084212336","1542162318","0.453968"
"1542162318","2161721751","0.778968"
"2161721751","1542162318","0.778968"
"1785885998","1965954589","0.342857"
"1965954589","1785885998","0.342857"
"1785885998","2084212336","0.142857"
"2084212336","1785885998","0.142857"
"1785885998","2161721751","0.142857"
"2161721751","1785885998","0.142857"
"1785885998","2534828982","4.17619"
"2534828982","1785885998","4.17619"
"1965954589","2065554061","0.342857"
"2065554061","1965954589","0.342857"
"1965954589","2084212336","0.434524"
"2084212336","1965954589","0.434524"
"1965954589","2161721751","4.4873"
"2161721751","1965954589","4.4873"
"2041221349","2084212336","0.578968"
"2084212336","2041221349","0.578968"
"2041221349","2161721751","5.72897"
"2161721751","2041221349","5.72897"
"2065554061","2084212336","0.142857"
"2084212336","2065554061","0.142857"
"2065554061","2161721751","0.142857"
"2161721751","2065554061","0.142857"
"2065554061","2534828982","1.84286"
"2534828982","2065554061","1.84286"
"2084212336","2161721751","0.378968"
"2161721751","2084212336","0.378968"
"2084212336","2534828982","0.342857"
"2534828982","2084212336","0.342857"
"2161721751","2534828982","0.392857"
"2534828982","2161721751","0.392857"
"1542162318","1869319442","0.636111"
"1869319442","1542162318","0.636111"
"1542162318","192474156","0.236111"
"192474156","1542162318","0.236111"
"1542162318","2169653777","0.436111"
"2169653777","1542162318","0.436111"
"1542162318","2343712224","0.125"
"2343712224","1542162318","0.125"
"1542162318","2599412271","1.03611"
"2599412271","1542162318","1.03611"
"1869319442","192474156","4.625"
"192474156","1869319442","4.625"
"1869319442","2041221349","1.08611"
"2041221349","1869319442","1.08611"
"1869319442","2161721751","1.01944"
"2161721751","1869319442","1.01944"
"1869319442","2169653777","0.236111"
"2169653777","1869319442","0.236111"
"1869319442","2343712224","0.513889"
"2343712224","1869319442","0.513889"
"1869319442","2534828982","0.25"
"2534828982","1869319442","0.25"
"1869319442","2599412271","4.025"
"2599412271","1869319442","4.025"
"192474156","2041221349","0.486111"
"2041221349","192474156","0.486111"
"192474156","2161721751","0.486111"
"2161721751","192474156","0.486111"
"192474156","2169653777","0.236111"
"2169653777","192474156","0.236111"
"192474156","2343712224","0.513889"
"2343712224","192474156","0.513889"
"192474156","2534828982","0.25"
"2534828982","192474156","0.25"
"192474156","2599412271","3.29167"
"2599412271","192474156","3.29167"
"2041221349","2169653777","0.436111"
"2169653777","2041221349","0.436111"
"2041221349","2343712224","0.125"
"2343712224","2041221349","0.125"
"2041221349","2599412271","1.28611"
"2599412271","2041221349","1.28611"
"2161721751","2169653777","0.736111"
"2169653777","2161721751","0.736111"
"2161721751","2343712224","0.375"
"2343712224","2161721751","0.375"
"2161721751","2599412271","1.21944"
"2599412271","2161721751","1.21944"
"2169653777","2343712224","0.125"
"2343712224","2169653777","0.125"
"2169653777","2534828982","0.325"
"2534828982","2169653777","0.325"
"2169653777","2599412271","0.436111"
"2599412271","2169653777","0.436111"
"2343712224","2534828982","0.125"
"2534828982","2343712224","0.125"
"2343712224","2599412271","0.180556"
"2599412271","2343712224","0.180556"
"2534828982","2599412271","0.45"
"2599412271","2534828982","0.45"
"1542162318","1977197733","0.111111"
"1977197733","1542162318","0.111111"
"1869319442","1965954589","1.48333"
"1965954589","1869319442","1.48333"
"1869319442","1977197733","0.166667"
"1977197733","1869319442","0.166667"
"1869319442","2084212336","0.291667"
"2084212336","1869319442","0.291667"
"192474156","1965954589","0.75"
"1965954589","192474156","0.75"
"192474156","1977197733","0.166667"
"1977197733","192474156","0.166667"
"192474156","2084212336","0.291667"
"2084212336","192474156","0.291667"
"1965954589","2169653777","0.611111"
"2169653777","1965954589","0.611111"
"1965954589","2599412271","0.95"
"2599412271","1965954589","0.95"
"1977197733","2041221349","0.311111"
"2041221349","1977197733","0.311111"
"1977197733","2084212336","0.166667"
"2084212336","1977197733","0.166667"
"1977197733","2161721751","0.311111"
"2161721751","1977197733","0.311111"
"1977197733","2169653777","0.111111"
"2169653777","1977197733","0.111111"
"1977197733","2599412271","0.166667"
"2599412271","1977197733","0.166667"
"2084212336","2599412271","0.491667"
"2599412271","2084212336","0.491667"
"1785885998","1869319442","0.2"
"1869319442","1785885998","0.2"
"1785885998","2599412271","0.2"
"2599412271","1785885998","0.2"
"1869319442","2065554061","0.2"
"2065554061","1869319442","0.2"
"2065554061","2599412271","0.2"
"2599412271","2065554061","0.2"
"1542162318","2135088779","0.2"
"2135088779","1542162318","0.2"
"1542162318","2146117736","0.2"
"2146117736","1542162318","0.2"
"2041221349","2135088779","0.725"
"2135088779","2041221349","0.725"
"2041221349","2146117736","0.525"
"2146117736","2041221349","0.525"
"2135088779","2161721751","0.525"
"2161721751","2135088779","0.525"
"2135088779","2599412271","0.325"
"2599412271","2135088779","0.325"
"2146117736","2161721751","0.575"
"2161721751","2146117736","0.575"
"2146117736","2599412271","0.325"
"2599412271","2146117736","0.325"
"1596211209","2013386869","2"
"2013386869","1596211209","2"
"1596211209","1781225673","0.5"
"1781225673","1596211209","0.5"
"1596211209","1983538254","1.5"
"1983538254","1596211209","1.5"
"1781225673","1983538254","1.75"
"1983538254","1781225673","1.75"
"1596211209","2098120415","1"
"2098120415","1596211209","1"
"1599168617","1869319442","0.680556"
"1869319442","1599168617","0.680556"
"1599168617","192474156","0.180556"
"192474156","1599168617","0.180556"
"1599168617","2084212336","0.180556"
"2084212336","1599168617","0.180556"
"1599168617","2343712224","0.0555556"
"2343712224","1599168617","0.0555556"
"1599168617","2599412271","0.180556"
"2599412271","1599168617","0.180556"
"1599168617","2728493501","0.555556"
"2728493501","1599168617","0.555556"
"1599168617","2790020914","0.0555556"
"2790020914","1599168617","0.0555556"
"1599168617","2954046861","0.555556"
"2954046861","1599168617","0.555556"
"1599168617","2979034004","0.0555556"
"2979034004","1599168617","0.0555556"
"1664483094","1869319442","0.805556"
"1869319442","1664483094","0.805556"
"1664483094","192474156","0.305556"
"192474156","1664483094","0.305556"
"1664483094","2084212336","1.55556"
"2084212336","1664483094","1.55556"
"1664483094","2343712224","0.0555556"
"2343712224","1664483094","0.0555556"
"1664483094","2599412271","0.305556"
"2599412271","1664483094","0.305556"
"1664483094","2728493501","0.0555556"
"2728493501","1664483094","0.0555556"
"1664483094","2790020914","0.0555556"
"2790020914","1664483094","0.0555556"
"1664483094","2954046861","0.0555556"
"2954046861","1664483094","0.0555556"
"1664483094","2979034004","0.0555556"
"2979034004","1664483094","0.0555556"
"1781225673","1869319442","0.0555556"
"1869319442","1781225673","0.0555556"
"1781225673","192474156","0.0555556"
"192474156","1781225673","0.0555556"
"1781225673","2084212336","0.0555556"
"2084212336","1781225673","0.0555556"
"1781225673","2343712224","0.305556"
"2343712224","1781225673","0.305556"
"1781225673","2599412271","0.0555556"
"2599412271","1781225673","0.0555556"
"1781225673","2728493501","0.0555556"
"2728493501","1781225673","0.0555556"
"1781225673","2790020914","0.0555556"
"2790020914","1781225673","0.0555556"
"1781225673","2954046861","0.0555556"
"2954046861","1781225673","0.0555556"
"1781225673","2979034004","0.0555556"
"2979034004","1781225673","0.0555556"
"1869319442","1974997379","0.0555556"
"1974997379","1869319442","0.0555556"
"1869319442","2032674215","0.0555556"
"2032674215","1869319442","0.0555556"
"1869319442","2113261592","0.0555556"
"2113261592","1869319442","0.0555556"
"1869319442","2155139797","0.0555556"
"2155139797","1869319442","0.0555556"
"1869319442","2728493501","0.0555556"
"2728493501","1869319442","0.0555556"
"1869319442","2790020914","0.0555556"
"2790020914","1869319442","0.0555556"
"1869319442","2954046861","0.0555556"
"2954046861","1869319442","0.0555556"
"1869319442","2979034004","0.0555556"
"2979034004","1869319442","0.0555556"
"1869319442","91828656","0.430556"
"91828656","1869319442","0.430556"
"192474156","1974997379","0.0555556"
"1974997379","192474156","0.0555556"
"192474156","2032674215","0.0555556"
"2032674215","192474156","0.0555556"
"192474156","2113261592","0.0555556"
"2113261592","192474156","0.0555556"
"192474156","2155139797","0.0555556"
"2155139797","192474156","0.0555556"
"192474156","2728493501","0.0555556"
"2728493501","192474156","0.0555556"
"192474156","2790020914","0.0555556"
"2790020914","192474156","0.0555556"
"192474156","2954046861","0.0555556"
"2954046861","192474156","0.0555556"
"192474156","2979034004","0.0555556"
"2979034004","192474156","0.0555556"
"192474156","91828656","0.430556"
"91828656","192474156","0.430556"
"1965954589","2343712224","0.638889"
"2343712224","1965954589","0.638889"
"1965954589","2728493501","0.0555556"
"2728493501","1965954589","0.0555556"
"1965954589","2790020914","0.0555556"
"2790020914","1965954589","0.0555556"
"1965954589","2954046861","0.0555556"
"2954046861","1965954589","0.0555556"
"1965954589","2979034004","0.0555556"
"2979034004","1965954589","0.0555556"
"1974997379","2084212336","0.0555556"
"2084212336","1974997379","0.0555556"
"1974997379","2343712224","0.0555556"
"2343712224","1974997379","0.0555556"
"1974997379","2599412271","0.0555556"
"2599412271","1974997379","0.0555556"
"1974997379","2728493501","2.05556"
"2728493501","1974997379","2.05556"
"1974997379","2790020914","0.0555556"
"2790020914","1974997379","0.0555556"
"1974997379","2954046861","0.0555556"
"2954046861","1974997379","0.0555556"
"1974997379","2979034004","0.0555556"
"2979034004","1974997379","0.0555556"
"1977197733","2343712224","0.0555556"
"2343712224","1977197733","0.0555556"
"1977197733","2728493501","0.0555556"
"2728493501","1977197733","0.0555556"
"1977197733","2790020914","0.0555556"
"2790020914","1977197733","0.0555556"
"1977197733","2954046861","0.0555556"
"2954046861","1977197733","0.0555556"
"1977197733","2979034004","0.0555556"
"2979034004","1977197733","0.0555556"
"2032674215","2084212336","0.0555556"
"2084212336","2032674215","0.0555556"
"2032674215","2343712224","0.0555556"
"2343712224","2032674215","0.0555556"
"2032674215","2599412271","0.0555556"
"2599412271","2032674215","0.0555556"
"2032674215","2728493501","0.0555556"
"2728493501","2032674215","0.0555556"
"2032674215","2790020914","0.0555556"
"2790020914","2032674215","0.0555556"
"2032674215","2954046861","0.0555556"
"2954046861","2032674215","0.0555556"
"2032674215","2979034004","0.0555556"
"2979034004","2032674215","0.0555556"
"2084212336","2113261592","0.0555556"
"2113261592","2084212336","0.0555556"
"2084212336","2155139797","0.0555556"
"2155139797","2084212336","0.0555556"
"2084212336","2343712224","0.0555556"
"2343712224","2084212336","0.0555556"
"2084212336","2728493501","0.0555556"
"2728493501","2084212336","0.0555556"
"2084212336","2790020914","0.0555556"
"2790020914","2084212336","0.0555556"
"2084212336","2954046861","0.0555556"
"2954046861","2084212336","0.0555556"
"2084212336","2979034004","0.0555556"
"2979034004","2084212336","0.0555556"
"2084212336","91828656","0.180556"
"91828656","2084212336","0.180556"
"2113261592","2343712224","0.0555556"
"2343712224","2113261592","0.0555556"
"2113261592","2599412271","0.0555556"
"2599412271","2113261592","0.0555556"
"2113261592","2728493501","0.0555556"
"2728493501","2113261592","0.0555556"
"2113261592","2790020914","0.0555556"
"2790020914","2113261592","0.0555556"
"2113261592","2954046861","0.0555556"
"2954046861","2113261592","0.0555556"
"2113261592","2979034004","0.0555556"
"2979034004","2113261592","0.0555556"
"2155139797","2343712224","0.0555556"
"2343712224","2155139797","0.0555556"
"2155139797","2599412271","0.0555556"
"2599412271","2155139797","0.0555556"
"2155139797","2728493501","0.0555556"
"2728493501","2155139797","0.0555556"
"2155139797","2790020914","0.0555556"
"2790020914","2155139797","0.0555556"
"2155139797","2954046861","0.0555556"
"2954046861","2155139797","0.0555556"
"2155139797","2979034004","0.0555556"
"2979034004","2155139797","0.0555556"
"2343712224","2728493501","0.0555556"
"2728493501","2343712224","0.0555556"
"2343712224","2790020914","0.0555556"
"2790020914","2343712224","0.0555556"
"2343712224","2954046861","0.0555556"
"2954046861","2343712224","0.0555556"
"2343712224","2979034004","0.0555556"
"2979034004","2343712224","0.0555556"
"2343712224","91828656","0.0555556"
"91828656","2343712224","0.0555556"
"2599412271","2728493501","0.0555556"
"2728493501","2599412271","0.0555556"
"2599412271","2790020914","0.0555556"
"2790020914","2599412271","0.0555556"
"2599412271","2954046861","0.0555556"
"2954046861","2599412271","0.0555556"
"2599412271","2979034004","0.0555556"
"2979034004","2599412271","0.0555556"
"2599412271","91828656","0.430556"
"91828656","2599412271","0.430556"
"2728493501","2790020914","0.0555556"
"2790020914","2728493501","0.0555556"
"2728493501","2954046861","0.555556"
"2954046861","2728493501","0.555556"
"2728493501","2979034004","0.0555556"
"2979034004","2728493501","0.0555556"
"2728493501","91828656","0.0555556"
"91828656","2728493501","0.0555556"
"2790020914","2954046861","0.0555556"
"2954046861","2790020914","0.0555556"
"2790020914","2979034004","0.0555556"
"2979034004","2790020914","0.0555556"
"2790020914","91828656","0.0555556"
"91828656","2790020914","0.0555556"
"2954046861","2979034004","16.0556"
"2979034004","2954046861","16.0556"
"2954046861","91828656","0.0555556"
"91828656","2954046861","0.0555556"
"2979034004","91828656","0.0555556"
"91828656","2979034004","0.0555556"
"1599168617","2169653777","0.333333"
"2169653777","1599168617","0.333333"
"1664483094","2169653777","0.833333"
"2169653777","1664483094","0.833333"
"2155139797","2169653777","0.333333"
"2169653777","2155139797","0.333333"
"1599168617","2127931941","0.5"
"2127931941","1599168617","0.5"
"2113261592","2127931941","1"
"2127931941","2113261592","1"
"1599168617","2041221349","0.125"
"2041221349","1599168617","0.125"
"1599168617","2161721751","0.125"
"2161721751","1599168617","0.125"
"2041221349","91828656","0.125"
"91828656","2041221349","0.125"
"2161721751","91828656","0.125"
"91828656","2161721751","0.125"
"1664483094","2127931941","0.5"
"2127931941","1664483094","0.5"
"2127931941","91828656","0.5"
"91828656","2127931941","0.5"
"2103200909","2146117736","1.5"
"2146117736","2103200909","1.5"
"1781225673","2013386869","1"
"2013386869","1781225673","1"
"1983538254","2098120415","0.25"
"2098120415","1983538254","0.25"
"1983538254","2146117736","0.75"
"2146117736","1983538254","0.75"
"1983538254","2343712224","0.75"
"2343712224","1983538254","0.75"
"2098120415","2343712224","0.5"
"2343712224","2098120415","0.5"
"2146117736","2343712224","8"
"2343712224","2146117736","8"
"1781225673","1875604605","1"
"1875604605","1781225673","1"
"1869319442","2135088779","0.325"
"2135088779","1869319442","0.325"
"1869319442","2146117736","0.325"
"2146117736","1869319442","0.325"
"192474156","2135088779","0.125"
"2135088779","192474156","0.125"
"192474156","2146117736","0.125"
"2146117736","192474156","0.125"
"2135088779","2534828982","0.125"
"2534828982","2135088779","0.125"
"2146117736","2534828982","0.125"
"2534828982","2146117736","0.125"
"1869319442","1875604605","0.2"
"1875604605","1869319442","0.2"
"1875604605","1965954589","1.73333"
"1965954589","1875604605","1.73333"
"1875604605","2041221349","0.4"
"2041221349","1875604605","0.4"
"1875604605","2135088779","3.73333"
"2135088779","1875604605","3.73333"
"1875604605","2146117736","0.2"
"2146117736","1875604605","0.2"
"1875604605","2032674215","0.333333"
"2032674215","1875604605","0.333333"
"1875604605","1977197733","0.2"
"1977197733","1875604605","0.2"
"1875604605","2161721751","0.2"
"2161721751","1875604605","0.2"
"1964631496","2145368408","10"
"2145368408","1964631496","10"
"2098120415","2161721751","0.25"
"2161721751","2098120415","0.25"
"1977197733","2127931941","5.5"
"2127931941","1977197733","5.5"
"1977197733","2135057483","1"
"2135057483","1977197733","1"
"2127931941","2135057483","7"
"2135057483","2127931941","7"
"1977197733","2145368408","0.5"
"2145368408","1977197733","0.5"
"2113261592","2145368408","0.5"
"2145368408","2113261592","0.5"
"1983538254","2135088779","1"
"2135088779","1983538254","1"
"2032674215","2145368408","1"
"2145368408","2032674215","1"
"2117366493","2171765387","19"
"2171765387","2117366493","19"
"2127931941","2155139797","1"
"2155139797","2127931941","1"
"2577081068","2790020914","1"
"2790020914","2577081068","1"
