"113835813","194287254","0.333333"
"194287254","113835813","0.333333"
"113835813","1982850637","0.333333"
"1982850637","113835813","0.333333"
"113835813","2060038657","0.333333"
"2060038657","113835813","0.333333"
"194287254","1982850637","6.92619"
"1982850637","194287254","6.92619"
"194287254","2060038657","4.42619"
"2060038657","194287254","4.42619"
"1982850637","2060038657","8.92619"
"2060038657","1982850637","8.92619"
"113835813","1729202805","1"
"1729202805","113835813","1"
"1480300869","1592062237","1"
"1592062237","1480300869","1"
"1480300869","1544517608","0.309524"
"1544517608","1480300869","0.309524"
"1480300869","1553068910","0.326923"
"1553068910","1480300869","0.326923"
"1480300869","1588245570","0.309524"
"1588245570","1480300869","0.309524"
"1480300869","1884165172","0.309524"
"1884165172","1480300869","0.309524"
"1480300869","1921007510","0.166667"
"1921007510","1480300869","0.166667"
"1480300869","2000933114","0.166667"
"2000933114","1480300869","0.166667"
"1544517608","1553068910","0.309524"
"1553068910","1544517608","0.309524"
"1544517608","1588245570","4.60635"
"1588245570","1544517608","4.60635"
"1544517608","1884165172","1.96349"
"1884165172","1544517608","1.96349"
"1544517608","1921007510","0.620635"
"1921007510","1544517608","0.620635"
"1544517608","2000933114","0.620635"
"2000933114","1544517608","0.620635"
"1553068910","1588245570","0.309524"
"1588245570","1553068910","0.309524"
"1553068910","1884165172","0.166667"
"1884165172","1553068910","0.166667"
"1553068910","1921007510","0.166667"
"1921007510","1553068910","0.166667"
"1553068910","2000933114","0.166667"
"2000933114","1553068910","0.166667"
"1588245570","1884165172","2.33016"
"1884165172","1588245570","2.33016"
"1588245570","1921007510","0.987302"
"1921007510","1588245570","0.987302"
"1588245570","2000933114","0.987302"
"2000933114","1588245570","0.987302"
"1884165172","1921007510","1.4873"
"1921007510","1884165172","1.4873"
"1884165172","2000933114","1.4873"
"2000933114","1884165172","1.4873"
"1921007510","2000933114","3.9873"
"2000933114","1921007510","3.9873"
"1480300869","1533455393","0.160256"
"1533455393","1480300869","0.160256"
"1480300869","1584138020","0.0769231"
"1584138020","1480300869","0.0769231"
"1480300869","176908523","0.160256"
"176908523","1480300869","0.160256"
"1480300869","1803469646","0.160256"
"1803469646","1480300869","0.160256"
"1480300869","2109205715","0.160256"
"2109205715","1480300869","0.160256"
"1480300869","2132416125","0.160256"
"2132416125","1480300869","0.160256"
"1480300869","2146308814","0.160256"
"2146308814","1480300869","0.160256"
"1480300869","2197653115","0.160256"
"2197653115","1480300869","0.160256"
"1480300869","2276256342","0.160256"
"2276256342","1480300869","0.160256"
"1480300869","238188798","0.0769231"
"238188798","1480300869","0.0769231"
"1480300869","2417145991","0.0769231"
"2417145991","1480300869","0.0769231"
"1480300869","269618","1.16026"
"269618","1480300869","1.16026"
"1533455393","1553068910","0.303114"
"1553068910","1533455393","0.303114"
"1533455393","1584138020","0.0769231"
"1584138020","1533455393","0.0769231"
"1533455393","176908523","0.46978"
"176908523","1533455393","0.46978"
"1533455393","1803469646","0.160256"
"1803469646","1533455393","0.160256"
"1533455393","2109205715","0.326923"
"2109205715","1533455393","0.326923"
"1533455393","2132416125","0.326923"
"2132416125","1533455393","0.326923"
"1533455393","2146308814","0.638034"
"2146308814","1533455393","0.638034"
"1533455393","2197653115","0.160256"
"2197653115","1533455393","0.160256"
"1533455393","2276256342","0.326923"
"2276256342","1533455393","0.326923"
"1533455393","238188798","0.0769231"
"238188798","1533455393","0.0769231"
"1533455393","2417145991","0.0769231"
"2417145991","1533455393","0.0769231"
"1533455393","269618","0.638034"
"269618","1533455393","0.638034"
"1553068910","1584138020","0.0769231"
"1584138020","1553068910","0.0769231"
"1553068910","176908523","0.303114"
"176908523","1553068910","0.303114"
"1553068910","1803469646","0.160256"
"1803469646","1553068910","0.160256"
"1553068910","2109205715","0.160256"
"2109205715","1553068910","0.160256"
"1553068910","2132416125","0.160256"
"2132416125","1553068910","0.160256"
"1553068910","2146308814","0.160256"
"2146308814","1553068910","0.160256"
"1553068910","2197653115","0.160256"
"2197653115","1553068910","0.160256"
"1553068910","2276256342","0.160256"
"2276256342","1553068910","0.160256"
"1553068910","238188798","0.0769231"
"238188798","1553068910","0.0769231"
"1553068910","2417145991","0.0769231"
"2417145991","1553068910","0.0769231"
"1553068910","269618","0.160256"
"269618","1553068910","0.160256"
"1584138020","176908523","0.0769231"
"176908523","1584138020","0.0769231"
"1584138020","1803469646","8.57692"
"1803469646","1584138020","8.57692"
"1584138020","2109205715","0.0769231"
"2109205715","1584138020","0.0769231"
"1584138020","2132416125","0.0769231"
"2132416125","1584138020","0.0769231"
"1584138020","2146308814","0.0769231"
"2146308814","1584138020","0.0769231"
"1584138020","2197653115","0.0769231"
"2197653115","1584138020","0.0769231"
"1584138020","2276256342","0.0769231"
"2276256342","1584138020","0.0769231"
"1584138020","238188798","0.0769231"
"238188798","1584138020","0.0769231"
"1584138020","2417145991","0.0769231"
"2417145991","1584138020","0.0769231"
"1584138020","269618","0.0769231"
"269618","1584138020","0.0769231"
"176908523","1803469646","0.160256"
"1803469646","176908523","0.160256"
"176908523","2109205715","1.16026"
"2109205715","176908523","1.16026"
"176908523","2132416125","1.66026"
"2132416125","176908523","1.66026"
"176908523","2146308814","0.326923"
"2146308814","176908523","0.326923"
"176908523","2197653115","0.160256"
"2197653115","176908523","0.160256"
"176908523","2276256342","0.326923"
"2276256342","176908523","0.326923"
"176908523","238188798","0.910256"
"238188798","176908523","0.910256"
"176908523","2417145991","0.0769231"
"2417145991","176908523","0.0769231"
"176908523","269618","0.326923"
"269618","176908523","0.326923"
"1803469646","2109205715","1.16026"
"2109205715","1803469646","1.16026"
"1803469646","2132416125","0.160256"
"2132416125","1803469646","0.160256"
"1803469646","2146308814","0.160256"
"2146308814","1803469646","0.160256"
"1803469646","2197653115","0.160256"
"2197653115","1803469646","0.160256"
"1803469646","2276256342","0.160256"
"2276256342","1803469646","0.160256"
"1803469646","238188798","0.0769231"
"238188798","1803469646","0.0769231"
"1803469646","2417145991","0.0769231"
"2417145991","1803469646","0.0769231"
"1803469646","269618","0.160256"
"269618","1803469646","0.160256"
"2109205715","2132416125","0.660256"
"2132416125","2109205715","0.660256"
"2109205715","2146308814","0.826923"
"2146308814","2109205715","0.826923"
"2109205715","2197653115","0.160256"
"2197653115","2109205715","0.160256"
"2109205715","2276256342","0.326923"
"2276256342","2109205715","0.326923"
"2109205715","238188798","3.41026"
"238188798","2109205715","3.41026"
"2109205715","2417145991","0.0769231"
"2417145991","2109205715","0.0769231"
"2109205715","269618","0.326923"
"269618","2109205715","0.326923"
"2132416125","2146308814","0.326923"
"2146308814","2132416125","0.326923"
"2132416125","2197653115","0.160256"
"2197653115","2132416125","0.160256"
"2132416125","2276256342","0.326923"
"2276256342","2132416125","0.326923"
"2132416125","238188798","0.410256"
"238188798","2132416125","0.410256"
"2132416125","2417145991","0.0769231"
"2417145991","2132416125","0.0769231"
"2132416125","269618","0.326923"
"269618","2132416125","0.326923"
"2146308814","2197653115","0.160256"
"2197653115","2146308814","0.160256"
"2146308814","2276256342","0.326923"
"2276256342","2146308814","0.326923"
"2146308814","238188798","0.576923"
"238188798","2146308814","0.576923"
"2146308814","2417145991","0.0769231"
"2417145991","2146308814","0.0769231"
"2146308814","269618","0.638034"
"269618","2146308814","0.638034"
"2197653115","2276256342","0.160256"
"2276256342","2197653115","0.160256"
"2197653115","238188798","0.0769231"
"238188798","2197653115","0.0769231"
"2197653115","2417145991","0.0769231"
"2417145991","2197653115","0.0769231"
"2197653115","269618","0.160256"
"269618","2197653115","0.160256"
"2276256342","238188798","0.0769231"
"238188798","2276256342","0.0769231"
"2276256342","2417145991","0.0769231"
"2417145991","2276256342","0.0769231"
"2276256342","269618","0.526923"
"269618","2276256342","0.526923"
"238188798","2417145991","0.576923"
"2417145991","238188798","0.576923"
"238188798","269618","0.0769231"
"269618","238188798","0.0769231"
"2417145991","269618","0.0769231"
"269618","2417145991","0.0769231"
"1480300869","1496406490","0.416667"
"1496406490","1480300869","0.416667"
"1480300869","1563749795","0.333333"
"1563749795","1480300869","0.333333"
"1480300869","188284071","0.333333"
"188284071","1480300869","0.333333"
"1496406490","1563749795","0.47619"
"1563749795","1496406490","0.47619"
"1496406490","188284071","1.33333"
"188284071","1496406490","1.33333"
"1563749795","188284071","0.333333"
"188284071","1563749795","0.333333"
"1480300869","1982850637","0.22619"
"1982850637","1480300869","0.22619"
"1496406490","1533455393","0.22619"
"1533455393","1496406490","0.22619"
"1496406490","1553068910","0.22619"
"1553068910","1496406490","0.22619"
"1496406490","176908523","0.22619"
"176908523","1496406490","0.22619"
"1496406490","1803469646","0.0833333"
"1803469646","1496406490","0.0833333"
"1496406490","1982850637","0.0833333"
"1982850637","1496406490","0.0833333"
"1496406490","2109205715","0.0833333"
"2109205715","1496406490","0.0833333"
"1496406490","2132416125","0.0833333"
"2132416125","1496406490","0.0833333"
"1496406490","2146308814","0.0833333"
"2146308814","1496406490","0.0833333"
"1496406490","2197653115","0.0833333"
"2197653115","1496406490","0.0833333"
"1496406490","2276256342","0.0833333"
"2276256342","1496406490","0.0833333"
"1496406490","269618","0.0833333"
"269618","1496406490","0.0833333"
"1533455393","1982850637","0.0833333"
"1982850637","1533455393","0.0833333"
"1553068910","1982850637","0.0833333"
"1982850637","1553068910","0.0833333"
"176908523","1982850637","0.0833333"
"1982850637","176908523","0.0833333"
"1803469646","1982850637","0.0833333"
"1982850637","1803469646","0.0833333"
"1982850637","2109205715","0.0833333"
"2109205715","1982850637","0.0833333"
"1982850637","2132416125","0.0833333"
"2132416125","1982850637","0.0833333"
"1982850637","2146308814","0.0833333"
"2146308814","1982850637","0.0833333"
"1982850637","2197653115","0.0833333"
"2197653115","1982850637","0.0833333"
"1982850637","2276256342","0.283333"
"2276256342","1982850637","0.283333"
"1982850637","269618","0.283333"
"269618","1982850637","0.283333"
"1480300869","1729202805","0.142857"
"1729202805","1480300869","0.142857"
"1480300869","194287254","0.142857"
"194287254","1480300869","0.142857"
"1480300869","2060038657","0.142857"
"2060038657","1480300869","0.142857"
"1544517608","1729202805","0.142857"
"1729202805","1544517608","0.142857"
"1544517608","194287254","0.342857"
"194287254","1544517608","0.342857"
"1544517608","1982850637","0.142857"
"1982850637","1544517608","0.142857"
"1544517608","2060038657","0.142857"
"2060038657","1544517608","0.142857"
"1588245570","1729202805","0.142857"
"1729202805","1588245570","0.142857"
"1588245570","194287254","0.142857"
"194287254","1588245570","0.142857"
"1588245570","1982850637","0.142857"
"1982850637","1588245570","0.142857"
"1588245570","2060038657","0.142857"
"2060038657","1588245570","0.142857"
"1729202805","1884165172","0.142857"
"1884165172","1729202805","0.142857"
"1729202805","194287254","0.47619"
"194287254","1729202805","0.47619"
"1729202805","1982850637","0.47619"
"1982850637","1729202805","0.47619"
"1729202805","2060038657","0.47619"
"2060038657","1729202805","0.47619"
"1884165172","194287254","0.142857"
"194287254","1884165172","0.142857"
"1884165172","1982850637","0.142857"
"1982850637","1884165172","0.142857"
"1884165172","2060038657","0.142857"
"2060038657","1884165172","0.142857"
"1480300869","1790841628","1"
"1790841628","1480300869","1"
"1489370738","1790841628","0.25"
"1790841628","1489370738","0.25"
"1489370738","1921007510","2.34286"
"1921007510","1489370738","2.34286"
"1489370738","2000933114","2.00952"
"2000933114","1489370738","2.00952"
"1489370738","2086633188","0.25"
"2086633188","1489370738","0.25"
"1790841628","1921007510","0.25"
"1921007510","1790841628","0.25"
"1790841628","2000933114","0.25"
"2000933114","1790841628","0.25"
"1790841628","2086633188","0.25"
"2086633188","1790841628","0.25"
"1921007510","2086633188","0.25"
"2086633188","1921007510","0.25"
"2000933114","2086633188","0.25"
"2086633188","2000933114","0.25"
"1489370738","1521461339","0.759524"
"1521461339","1489370738","0.759524"
"1489370738","1588245570","0.709524"
"1588245570","1489370738","0.709524"
"1489370738","1780373960","0.366667"
"1780373960","1489370738","0.366667"
"1489370738","1884165172","0.959524"
"1884165172","1489370738","0.959524"
"1521461339","1588245570","0.620635"
"1588245570","1521461339","0.620635"
"1521461339","1780373960","0.477778"
"1780373960","1521461339","0.477778"
"1521461339","1884165172","0.870635"
"1884165172","1521461339","0.870635"
"1521461339","1921007510","0.670635"
"1921007510","1521461339","0.670635"
"1521461339","2000933114","0.670635"
"2000933114","1521461339","0.670635"
"1588245570","1780373960","0.477778"
"1780373960","1588245570","0.477778"
"1780373960","1884165172","0.727778"
"1884165172","1780373960","0.727778"
"1780373960","1921007510","0.527778"
"1921007510","1780373960","0.527778"
"1780373960","2000933114","0.527778"
"2000933114","1780373960","0.527778"
"1489370738","1842295152","0.333333"
"1842295152","1489370738","0.333333"
"1489370738","2948637392","0.333333"
"2948637392","1489370738","0.333333"
"1842295152","1921007510","0.333333"
"1921007510","1842295152","0.333333"
"1842295152","2948637392","0.333333"
"2948637392","1842295152","0.333333"
"1921007510","2948637392","0.333333"
"2948637392","1921007510","0.333333"
"1489370738","1544517608","0.542857"
"1544517608","1489370738","0.542857"
"1489370738","1517279307","0.142857"
"1517279307","1489370738","0.142857"
"1517279307","1521461339","0.142857"
"1521461339","1517279307","0.142857"
"1517279307","1544517608","0.342857"
"1544517608","1517279307","0.342857"
"1517279307","1588245570","0.142857"
"1588245570","1517279307","0.142857"
"1517279307","1884165172","0.392857"
"1884165172","1517279307","0.392857"
"1517279307","1921007510","0.392857"
"1921007510","1517279307","0.392857"
"1517279307","2000933114","0.392857"
"2000933114","1517279307","0.392857"
"1521461339","1544517608","0.453968"
"1544517608","1521461339","0.453968"
"1544517608","1780373960","0.311111"
"1780373960","1544517608","0.311111"
"1496406490","1509486897","0.142857"
"1509486897","1496406490","0.142857"
"1496406490","1544517608","0.142857"
"1544517608","1496406490","0.142857"
"1496406490","1588245570","0.142857"
"1588245570","1496406490","0.142857"
"1509486897","1533455393","0.142857"
"1533455393","1509486897","0.142857"
"1509486897","1544517608","0.642857"
"1544517608","1509486897","0.642857"
"1509486897","1553068910","0.142857"
"1553068910","1509486897","0.142857"
"1509486897","1563749795","0.142857"
"1563749795","1509486897","0.142857"
"1509486897","1588245570","0.642857"
"1588245570","1509486897","0.642857"
"1509486897","176908523","0.142857"
"176908523","1509486897","0.142857"
"1533455393","1544517608","0.453968"
"1544517608","1533455393","0.453968"
"1533455393","1563749795","0.142857"
"1563749795","1533455393","0.142857"
"1533455393","1588245570","0.253968"
"1588245570","1533455393","0.253968"
"1544517608","1563749795","0.142857"
"1563749795","1544517608","0.142857"
"1544517608","176908523","0.142857"
"176908523","1544517608","0.142857"
"1553068910","1563749795","0.142857"
"1563749795","1553068910","0.142857"
"1563749795","1588245570","0.142857"
"1588245570","1563749795","0.142857"
"1563749795","176908523","0.142857"
"176908523","1563749795","0.142857"
"1588245570","176908523","0.142857"
"176908523","1588245570","0.142857"
"1517279307","269618","1.2"
"269618","1517279307","1.2"
"1517279307","1533455393","0.2"
"1533455393","1517279307","0.2"
"1517279307","194287254","0.2"
"194287254","1517279307","0.2"
"1517279307","2146308814","0.2"
"2146308814","1517279307","0.2"
"1533455393","194287254","0.2"
"194287254","1533455393","0.2"
"1544517608","2146308814","0.311111"
"2146308814","1544517608","0.311111"
"1544517608","269618","0.311111"
"269618","1544517608","0.311111"
"194287254","2146308814","0.2"
"2146308814","194287254","0.2"
"194287254","269618","0.4"
"269618","194287254","0.4"
"1517279307","1780373960","0.25"
"1780373960","1517279307","0.25"
"1521461339","1533455393","0.111111"
"1533455393","1521461339","0.111111"
"1521461339","2146308814","0.111111"
"2146308814","1521461339","0.111111"
"1521461339","269618","0.111111"
"269618","1521461339","0.111111"
"1533455393","1780373960","0.111111"
"1780373960","1533455393","0.111111"
"1533455393","1884165172","0.111111"
"1884165172","1533455393","0.111111"
"1533455393","1921007510","0.111111"
"1921007510","1533455393","0.111111"
"1533455393","2000933114","0.111111"
"2000933114","1533455393","0.111111"
"1588245570","2146308814","0.111111"
"2146308814","1588245570","0.111111"
"1588245570","269618","0.111111"
"269618","1588245570","0.111111"
"1780373960","2146308814","0.111111"
"2146308814","1780373960","0.111111"
"1780373960","269618","0.111111"
"269618","1780373960","0.111111"
"1884165172","2146308814","0.111111"
"2146308814","1884165172","0.111111"
"1884165172","269618","0.111111"
"269618","1884165172","0.111111"
"1921007510","2146308814","0.111111"
"2146308814","1921007510","0.111111"
"1921007510","269618","0.111111"
"269618","1921007510","0.111111"
"2000933114","2146308814","0.111111"
"2146308814","2000933114","0.111111"
"2000933114","269618","0.111111"
"269618","2000933114","0.111111"
"1550755020","2144292850","3"
"2144292850","1550755020","3"
"1563749795","269618","1"
"269618","1563749795","1"
"1584138020","226386876","0.5"
"226386876","1584138020","0.5"
"1803469646","226386876","0.5"
"226386876","1803469646","0.5"
"1588245570","2122442215","0.2"
"2122442215","1588245570","0.2"
"1588245570","2276256342","0.2"
"2276256342","1588245570","0.2"
"1884165172","2122442215","0.2"
"2122442215","1884165172","0.2"
"1884165172","2276256342","0.2"
"2276256342","1884165172","0.2"
"1921007510","2122442215","0.2"
"2122442215","1921007510","0.2"
"1921007510","2276256342","0.2"
"2276256342","1921007510","0.2"
"2000933114","2122442215","0.2"
"2122442215","2000933114","0.2"
"2000933114","2276256342","0.2"
"2276256342","2000933114","0.2"
"2122442215","2276256342","0.4"
"2276256342","2122442215","0.4"
"1729202805","1842295152","5"
"1842295152","1729202805","5"
"1819188849","2400783375","0.5"
"2400783375","1819188849","0.5"
"1819188849","946773193","0.5"
"946773193","1819188849","0.5"
"2400783375","946773193","6"
"946773193","2400783375","6"
"1921007510","194287254","0.25"
"194287254","1921007510","0.25"
"1921007510","1982850637","0.25"
"1982850637","1921007510","0.25"
"1921007510","2060038657","0.25"
"2060038657","1921007510","0.25"
"194287254","2000933114","0.25"
"2000933114","194287254","0.25"
"1982850637","2000933114","0.25"
"2000933114","1982850637","0.25"
"2000933114","2060038657","0.25"
"2060038657","2000933114","0.25"
"194287254","2122442215","1.36667"
"2122442215","194287254","1.36667"
"1982850637","2122442215","3.36667"
"2122442215","1982850637","3.36667"
"2060038657","2122442215","1.86667"
"2122442215","2060038657","1.86667"
"194287254","2276256342","0.2"
"2276256342","194287254","0.2"
"2060038657","2276256342","0.2"
"2276256342","2060038657","0.2"
"2060038657","269618","0.2"
"269618","2060038657","0.2"
"2122442215","269618","0.2"
"269618","2122442215","0.2"
"1982850637","2417145991","0.5"
"2417145991","1982850637","0.5"
"2060038657","2417145991","0.5"
"2417145991","2060038657","0.5"
"2122442215","238188798","0.5"
"238188798","2122442215","0.5"
"2122442215","2417145991","0.5"
"2417145991","2122442215","0.5"
"2146308814","2151351859","1"
"2151351859","2146308814","1"
"2197653115","2268581313","1"
"2268581313","2197653115","1"
"2276256342","2400783375","0.5"
"2400783375","2276256342","0.5"
"2276256342","946773193","0.5"
"946773193","2276256342","0.5"
"2279893915","230193842","1"
"230193842","2279893915","1"
