"1488807031","2172194269","2.56905"
"2172194269","1488807031","2.56905"
"1488807031","1502931931","0.694444"
"1502931931","1488807031","0.694444"
"1488807031","1857035554","2.55952"
"1857035554","1488807031","2.55952"
"1488807031","1990448153","0.694444"
"1990448153","1488807031","0.694444"
"1488807031","2090963060","1.69405"
"2090963060","1488807031","1.69405"
"1502931931","1857035554","0.75"
"1857035554","1502931931","0.75"
"1502931931","1990448153","5.92341"
"1990448153","1502931931","5.92341"
"1502931931","2090963060","0.25"
"2090963060","1502931931","0.25"
"1857035554","1990448153","0.583333"
"1990448153","1857035554","0.583333"
"1857035554","2090963060","0.892857"
"2090963060","1857035554","0.892857"
"1990448153","2090963060","1.25"
"2090963060","1990448153","1.25"
"1488807031","1880212920","1.30516"
"1880212920","1488807031","1.30516"
"1488807031","198524418","0.236111"
"198524418","1488807031","0.236111"
"1488807031","2064190686","0.111111"
"2064190686","1488807031","0.111111"
"1488807031","2064345207","0.736111"
"2064345207","1488807031","0.736111"
"1488807031","69932732","0.111111"
"69932732","1488807031","0.111111"
"1488807031","81544208","0.236111"
"81544208","1488807031","0.236111"
"1488807031","8934979","0.111111"
"8934979","1488807031","0.111111"
"1502931931","1880212920","2.05833"
"1880212920","1502931931","2.05833"
"1502931931","198524418","0.544444"
"198524418","1502931931","0.544444"
"1502931931","2064190686","0.111111"
"2064190686","1502931931","0.111111"
"1502931931","2064345207","0.791667"
"2064345207","1502931931","0.791667"
"1502931931","69932732","0.111111"
"69932732","1502931931","0.111111"
"1502931931","81544208","0.336111"
"81544208","1502931931","0.336111"
"1502931931","8934979","0.277778"
"8934979","1502931931","0.277778"
"1880212920","198524418","3.0623"
"198524418","1880212920","3.0623"
"1880212920","1990448153","1.83889"
"1990448153","1880212920","1.83889"
"1880212920","2064190686","0.777778"
"2064190686","1880212920","0.777778"
"1880212920","2064345207","3.56667"
"2064345207","1880212920","3.56667"
"1880212920","69932732","0.277778"
"69932732","1880212920","0.277778"
"1880212920","81544208","6.25397"
"81544208","1880212920","6.25397"
"1880212920","8934979","2.1873"
"8934979","1880212920","2.1873"
"198524418","1990448153","0.577778"
"1990448153","198524418","0.577778"
"198524418","2064190686","0.111111"
"2064190686","198524418","0.111111"
"198524418","2064345207","0.777778"
"2064345207","198524418","0.777778"
"198524418","69932732","1.97778"
"69932732","198524418","1.97778"
"198524418","81544208","0.845635"
"81544208","198524418","0.845635"
"198524418","8934979","2.5373"
"8934979","198524418","2.5373"
"1990448153","2064190686","0.444444"
"2064190686","1990448153","0.444444"
"1990448153","2064345207","1.34722"
"2064345207","1990448153","1.34722"
"1990448153","69932732","0.477778"
"69932732","1990448153","0.477778"
"1990448153","81544208","0.827778"
"81544208","1990448153","0.827778"
"1990448153","8934979","0.477778"
"8934979","1990448153","0.477778"
"2064190686","2064345207","0.986111"
"2064345207","2064190686","0.986111"
"2064190686","69932732","0.111111"
"69932732","2064190686","0.111111"
"2064190686","81544208","0.111111"
"81544208","2064190686","0.111111"
"2064190686","8934979","0.111111"
"8934979","2064190686","0.111111"
"2064345207","69932732","0.111111"
"69932732","2064345207","0.111111"
"2064345207","81544208","0.611111"
"81544208","2064345207","0.611111"
"2064345207","8934979","0.677778"
"8934979","2064345207","0.677778"
"69932732","81544208","0.727778"
"81544208","69932732","0.727778"
"69932732","8934979","3.22778"
"8934979","69932732","3.22778"
"81544208","8934979","2.20397"
"8934979","81544208","2.20397"
"1880212920","2090963060","0.619048"
"2090963060","1880212920","0.619048"
"1880212920","2172194269","1.88849"
"2172194269","1880212920","1.88849"
"2090963060","2172194269","2.07738"
"2172194269","2090963060","2.07738"
"1488807031","1560604613","1.46786"
"1560604613","1488807031","1.46786"
"1488807031","2012885700","1.11071"
"2012885700","1488807031","1.11071"
"1488807031","56996347","0.610714"
"56996347","1488807031","0.610714"
"1560604613","1857035554","0.142857"
"1857035554","1560604613","0.142857"
"1560604613","1880212920","0.253968"
"1880212920","1560604613","0.253968"
"1560604613","2012885700","1.1623"
"2012885700","1560604613","1.1623"
"1560604613","2090963060","0.467857"
"2090963060","1560604613","0.467857"
"1560604613","2172194269","1.37897"
"2172194269","1560604613","1.37897"
"1560604613","56996347","1.1623"
"56996347","1560604613","1.1623"
"1857035554","1880212920","1.09286"
"1880212920","1857035554","1.09286"
"1857035554","2012885700","0.142857"
"2012885700","1857035554","0.142857"
"1857035554","2172194269","0.142857"
"2172194269","1857035554","0.142857"
"1857035554","56996347","0.142857"
"56996347","1857035554","0.142857"
"1880212920","2012885700","1.23016"
"2012885700","1880212920","1.23016"
"1880212920","56996347","1.23016"
"56996347","1880212920","1.23016"
"2012885700","2090963060","1.44405"
"2090963060","2012885700","1.44405"
"2012885700","2172194269","2.48016"
"2172194269","2012885700","2.48016"
"2012885700","56996347","6.93016"
"56996347","2012885700","6.93016"
"2090963060","56996347","1.44405"
"56996347","2090963060","1.44405"
"2172194269","56996347","1.48016"
"56996347","2172194269","1.48016"
"1488807031","1501230309","1.83333"
"1501230309","1488807031","1.83333"
"1488807031","2294438196","0.333333"
"2294438196","1488807031","0.333333"
"1501230309","1857035554","2.33333"
"1857035554","1501230309","2.33333"
"1501230309","2294438196","0.333333"
"2294438196","1501230309","0.333333"
"1857035554","2294438196","0.333333"
"2294438196","1857035554","0.333333"
"1488807031","2044966683","0.967857"
"2044966683","1488807031","0.967857"
"2044966683","2172194269","3.14286"
"2172194269","2044966683","3.14286"
"1488807031","1518537076","0.375"
"1518537076","1488807031","0.375"
"1488807031","1798342512","0.375"
"1798342512","1488807031","0.375"
"1488807031","2537163498","0.375"
"2537163498","1488807031","0.375"
"1488807031","2741945342","0.125"
"2741945342","1488807031","0.125"
"1518537076","1798342512","2.05"
"1798342512","1518537076","2.05"
"1518537076","1880212920","7.21667"
"1880212920","1518537076","7.21667"
"1518537076","198524418","0.125"
"198524418","1518537076","0.125"
"1518537076","2172194269","0.291667"
"2172194269","1518537076","0.291667"
"1518537076","2537163498","1.3"
"2537163498","1518537076","1.3"
"1518537076","2741945342","0.625"
"2741945342","1518537076","0.625"
"1518537076","81544208","0.783333"
"81544208","1518537076","0.783333"
"1798342512","1880212920","5.07778"
"1880212920","1798342512","5.07778"
"1798342512","198524418","0.125"
"198524418","1798342512","0.125"
"1798342512","2172194269","0.291667"
"2172194269","1798342512","0.291667"
"1798342512","2537163498","7.91111"
"2537163498","1798342512","7.91111"
"1798342512","2741945342","0.125"
"2741945342","1798342512","0.125"
"1798342512","81544208","0.45"
"81544208","1798342512","0.45"
"1880212920","2537163498","2.57778"
"2537163498","1880212920","2.57778"
"1880212920","2741945342","3.625"
"2741945342","1880212920","3.625"
"198524418","2172194269","0.125"
"2172194269","198524418","0.125"
"198524418","2537163498","0.125"
"2537163498","198524418","0.125"
"198524418","2741945342","0.125"
"2741945342","198524418","0.125"
"2172194269","2537163498","0.291667"
"2537163498","2172194269","0.291667"
"2172194269","2741945342","0.125"
"2741945342","2172194269","0.125"
"2172194269","81544208","0.375"
"81544208","2172194269","0.375"
"2537163498","2741945342","0.125"
"2741945342","2537163498","0.125"
"2537163498","81544208","0.45"
"81544208","2537163498","0.45"
"2741945342","81544208","0.125"
"81544208","2741945342","0.125"
"1488807031","2104071065","0.467857"
"2104071065","1488807031","0.467857"
"1560604613","2044966683","0.575"
"2044966683","1560604613","0.575"
"1560604613","2064345207","0.736111"
"2064345207","1560604613","0.736111"
"1560604613","2104071065","0.708333"
"2104071065","1560604613","0.708333"
"2012885700","2044966683","2.17619"
"2044966683","2012885700","2.17619"
"2012885700","2064345207","0.361111"
"2064345207","2012885700","0.361111"
"2012885700","2104071065","1.30952"
"2104071065","2012885700","1.30952"
"2044966683","2064345207","0.25"
"2064345207","2044966683","0.25"
"2044966683","2090963060","0.467857"
"2090963060","2044966683","0.467857"
"2044966683","2104071065","1.22619"
"2104071065","2044966683","1.22619"
"2044966683","56996347","2.17619"
"56996347","2044966683","2.17619"
"2064345207","2090963060","0.125"
"2090963060","2064345207","0.125"
"2064345207","2104071065","3.875"
"2104071065","2064345207","3.875"
"2064345207","2172194269","2.31944"
"2172194269","2064345207","2.31944"
"2064345207","56996347","0.361111"
"56996347","2064345207","0.361111"
"2090963060","2104071065","0.267857"
"2104071065","2090963060","0.267857"
"2104071065","2172194269","0.967857"
"2172194269","2104071065","0.967857"
"2104071065","56996347","1.30952"
"56996347","2104071065","1.30952"
"1880212920","2044966683","0.142857"
"2044966683","1880212920","0.142857"
"1880212920","2104071065","2.00952"
"2104071065","1880212920","2.00952"
"1488807031","2159047178","0.2"
"2159047178","1488807031","0.2"
"1488807031","2251667637","0.7"
"2251667637","1488807031","0.7"
"1880212920","2159047178","3.87897"
"2159047178","1880212920","3.87897"
"1880212920","2251667637","5.49564"
"2251667637","1880212920","5.49564"
"2104071065","2159047178","2.17619"
"2159047178","2104071065","2.17619"
"2104071065","2251667637","6.80119"
"2251667637","2104071065","6.80119"
"2159047178","2172194269","1.36667"
"2172194269","2159047178","1.36667"
"2159047178","2251667637","22.9385"
"2251667637","2159047178","22.9385"
"2172194269","2251667637","2.49167"
"2251667637","2172194269","2.49167"
"2012885700","2251667637","0.5"
"2251667637","2012885700","0.5"
"1501230309","1560604613","0.5"
"1560604613","1501230309","0.5"
"1490302820","1990448153","1.1"
"1990448153","1490302820","1.1"
"1490302820","1501230309","1.1"
"1501230309","1490302820","1.1"
"1490302820","1518537076","0.1"
"1518537076","1490302820","0.1"
"1490302820","1523413446","0.1"
"1523413446","1490302820","0.1"
"1490302820","1798342512","0.1"
"1798342512","1490302820","0.1"
"1490302820","1880212920","0.1"
"1880212920","1490302820","0.1"
"1490302820","2159047178","0.1"
"2159047178","1490302820","0.1"
"1490302820","2251667637","0.1"
"2251667637","1490302820","0.1"
"1490302820","2537163498","0.1"
"2537163498","1490302820","0.1"
"1490302820","60268645","0.1"
"60268645","1490302820","0.1"
"1501230309","1518537076","0.1"
"1518537076","1501230309","0.1"
"1501230309","1523413446","0.1"
"1523413446","1501230309","0.1"
"1501230309","1798342512","0.1"
"1798342512","1501230309","0.1"
"1501230309","1880212920","1.3"
"1880212920","1501230309","1.3"
"1501230309","1990448153","1.1"
"1990448153","1501230309","1.1"
"1501230309","2159047178","0.6"
"2159047178","1501230309","0.6"
"1501230309","2251667637","0.8"
"2251667637","1501230309","0.8"
"1501230309","2537163498","0.1"
"2537163498","1501230309","0.1"
"1501230309","60268645","0.55"
"60268645","1501230309","0.55"
"1518537076","1523413446","0.1"
"1523413446","1518537076","0.1"
"1518537076","1990448153","0.1"
"1990448153","1518537076","0.1"
"1518537076","2159047178","0.725"
"2159047178","1518537076","0.725"
"1518537076","2251667637","0.725"
"2251667637","1518537076","0.725"
"1518537076","60268645","0.1"
"60268645","1518537076","0.1"
"1523413446","1798342512","0.1"
"1798342512","1523413446","0.1"
"1523413446","1880212920","1.62063"
"1880212920","1523413446","1.62063"
"1523413446","1990448153","2.57897"
"1990448153","1523413446","2.57897"
"1523413446","2159047178","0.985714"
"2159047178","1523413446","0.985714"
"1523413446","2251667637","1.40238"
"2251667637","1523413446","1.40238"
"1523413446","2537163498","0.1"
"2537163498","1523413446","0.1"
"1523413446","60268645","0.1"
"60268645","1523413446","0.1"
"1798342512","1990448153","0.1"
"1990448153","1798342512","0.1"
"1798342512","2159047178","0.586111"
"2159047178","1798342512","0.586111"
"1798342512","2251667637","0.586111"
"2251667637","1798342512","0.586111"
"1798342512","60268645","0.211111"
"60268645","1798342512","0.211111"
"1880212920","60268645","0.994444"
"60268645","1880212920","0.994444"
"1990448153","2159047178","0.342857"
"2159047178","1990448153","0.342857"
"1990448153","2251667637","0.592857"
"2251667637","1990448153","0.592857"
"1990448153","2537163498","0.1"
"2537163498","1990448153","0.1"
"1990448153","60268645","0.1"
"60268645","1990448153","0.1"
"2159047178","2537163498","0.336111"
"2537163498","2159047178","0.336111"
"2159047178","60268645","1.29444"
"60268645","2159047178","1.29444"
"2251667637","2537163498","0.336111"
"2537163498","2251667637","0.336111"
"2251667637","60268645","2.61944"
"60268645","2251667637","2.61944"
"2537163498","60268645","0.211111"
"60268645","2537163498","0.211111"
"1497284522","1502931931","0.111111"
"1502931931","1497284522","0.111111"
"1497284522","1523413446","0.111111"
"1523413446","1497284522","0.111111"
"1497284522","1560604613","0.111111"
"1560604613","1497284522","0.111111"
"1497284522","1880212920","0.111111"
"1880212920","1497284522","0.111111"
"1497284522","1990448153","0.111111"
"1990448153","1497284522","0.111111"
"1497284522","2012885700","0.111111"
"2012885700","1497284522","0.111111"
"1497284522","2064345207","0.111111"
"2064345207","1497284522","0.111111"
"1497284522","2172194269","0.111111"
"2172194269","1497284522","0.111111"
"1497284522","56996347","0.111111"
"56996347","1497284522","0.111111"
"1502931931","1523413446","0.645635"
"1523413446","1502931931","0.645635"
"1502931931","1560604613","0.111111"
"1560604613","1502931931","0.111111"
"1502931931","2012885700","0.236111"
"2012885700","1502931931","0.236111"
"1502931931","2172194269","1.15278"
"2172194269","1502931931","1.15278"
"1502931931","56996347","0.236111"
"56996347","1502931931","0.236111"
"1523413446","1560604613","0.111111"
"1560604613","1523413446","0.111111"
"1523413446","2012885700","0.236111"
"2012885700","1523413446","0.236111"
"1523413446","2064345207","0.236111"
"2064345207","1523413446","0.236111"
"1523413446","2172194269","0.236111"
"2172194269","1523413446","0.236111"
"1523413446","56996347","0.236111"
"56996347","1523413446","0.236111"
"1560604613","1990448153","0.111111"
"1990448153","1560604613","0.111111"
"1990448153","2012885700","0.236111"
"2012885700","1990448153","0.236111"
"1990448153","2172194269","0.986111"
"2172194269","1990448153","0.986111"
"1990448153","56996347","0.236111"
"56996347","1990448153","0.236111"
"1501230309","2104071065","0.25"
"2104071065","1501230309","0.25"
"1501230309","2121935551","0.45"
"2121935551","1501230309","0.45"
"1501230309","2740854940","0.25"
"2740854940","1501230309","0.25"
"2104071065","2121935551","0.375"
"2121935551","2104071065","0.375"
"2104071065","2740854940","6.54167"
"2740854940","2104071065","6.54167"
"2104071065","60268645","0.875"
"60268645","2104071065","0.875"
"2121935551","2740854940","0.625"
"2740854940","2121935551","0.625"
"2121935551","60268645","9.24167"
"60268645","2121935551","9.24167"
"2740854940","60268645","0.375"
"60268645","2740854940","0.375"
"1501230309","81544208","0.2"
"81544208","1501230309","0.2"
"1880212920","2121935551","3.7"
"2121935551","1880212920","3.7"
"2121935551","2251667637","2.24167"
"2251667637","2121935551","2.24167"
"2121935551","81544208","2.11667"
"81544208","2121935551","2.11667"
"2251667637","81544208","1.40119"
"81544208","2251667637","1.40119"
"60268645","81544208","0.783333"
"81544208","60268645","0.783333"
"1502931931","2159047178","0.645635"
"2159047178","1502931931","0.645635"
"1502931931","2251667637","0.812302"
"2251667637","1502931931","0.812302"
"1502931931","33958249","0.853968"
"33958249","1502931931","0.853968"
"1502931931","60268645","0.277778"
"60268645","1502931931","0.277778"
"198524418","2159047178","1.74286"
"2159047178","198524418","1.74286"
"198524418","2251667637","1.99286"
"2251667637","198524418","1.99286"
"198524418","33958249","2.69286"
"33958249","198524418","2.69286"
"198524418","60268645","0.5"
"60268645","198524418","0.5"
"2064345207","2159047178","0.844444"
"2159047178","2064345207","0.844444"
"2064345207","2251667637","3.21944"
"2251667637","2064345207","3.21944"
"2064345207","33958249","2.34444"
"33958249","2064345207","2.34444"
"2064345207","60268645","0.736111"
"60268645","2064345207","0.736111"
"2159047178","33958249","2.43016"
"33958249","2159047178","2.43016"
"2251667637","33958249","3.34683"
"33958249","2251667637","3.34683"
"33958249","60268645","0.777778"
"60268645","33958249","0.777778"
"1502931931","2044966683","0.375"
"2044966683","1502931931","0.375"
"1502931931","2104071065","0.517857"
"2104071065","1502931931","0.517857"
"1990448153","2044966683","1.375"
"2044966683","1990448153","1.375"
"1990448153","2104071065","0.85119"
"2104071065","1990448153","0.85119"
"1523413446","2044966683","0.125"
"2044966683","1523413446","0.125"
"1523413446","2104071065","0.267857"
"2104071065","1523413446","0.267857"
"1502931931","1518537076","0.291667"
"1518537076","1502931931","0.291667"
"1502931931","1798342512","0.402778"
"1798342512","1502931931","0.402778"
"1502931931","2537163498","0.402778"
"2537163498","1502931931","0.402778"
"1518537076","2064345207","0.166667"
"2064345207","1518537076","0.166667"
"1798342512","2064345207","0.277778"
"2064345207","1798342512","0.277778"
"2064345207","2537163498","0.277778"
"2537163498","2064345207","0.277778"
"1502931931","210074846","0.687302"
"210074846","1502931931","0.687302"
"1798342512","210074846","0.111111"
"210074846","1798342512","0.111111"
"1798342512","33958249","0.111111"
"33958249","1798342512","0.111111"
"1880212920","210074846","0.544444"
"210074846","1880212920","0.544444"
"1880212920","33958249","4.5373"
"33958249","1880212920","4.5373"
"2064345207","210074846","0.611111"
"210074846","2064345207","0.611111"
"210074846","2159047178","0.353968"
"2159047178","210074846","0.353968"
"210074846","2251667637","0.520635"
"2251667637","210074846","0.520635"
"210074846","2537163498","0.111111"
"2537163498","210074846","0.111111"
"210074846","33958249","5.6873"
"33958249","210074846","5.6873"
"210074846","60268645","0.111111"
"60268645","210074846","0.111111"
"2537163498","33958249","0.111111"
"33958249","2537163498","0.111111"
"1857035554","198524418","0.166667"
"198524418","1857035554","0.166667"
"1857035554","210074846","0.166667"
"210074846","1857035554","0.166667"
"1857035554","33958249","0.366667"
"33958249","1857035554","0.366667"
"1857035554","8934979","0.366667"
"8934979","1857035554","0.366667"
"198524418","210074846","2.76667"
"210074846","198524418","2.76667"
"210074846","8934979","0.166667"
"8934979","210074846","0.166667"
"33958249","8934979","4.27619"
"8934979","33958249","4.27619"
"1502931931","2100822885","0.266667"
"2100822885","1502931931","0.266667"
"1523413446","198524418","0.492857"
"198524418","1523413446","0.492857"
"1523413446","210074846","0.409524"
"210074846","1523413446","0.409524"
"1523413446","2100822885","0.266667"
"2100822885","1523413446","0.266667"
"1523413446","33958249","0.802381"
"33958249","1523413446","0.802381"
"1523413446","81544208","0.242857"
"81544208","1523413446","0.242857"
"1880212920","2100822885","0.516667"
"2100822885","1880212920","0.516667"
"198524418","2100822885","0.1"
"2100822885","198524418","0.1"
"1990448153","210074846","0.242857"
"210074846","1990448153","0.242857"
"1990448153","2100822885","0.1"
"2100822885","1990448153","0.1"
"1990448153","33958249","0.609524"
"33958249","1990448153","0.609524"
"210074846","2100822885","0.266667"
"2100822885","210074846","0.266667"
"210074846","81544208","0.1"
"81544208","210074846","0.1"
"2100822885","2159047178","0.933333"
"2159047178","2100822885","0.933333"
"2100822885","2251667637","1.80833"
"2251667637","2100822885","1.80833"
"2100822885","33958249","0.266667"
"33958249","2100822885","0.266667"
"2100822885","81544208","0.35"
"81544208","2100822885","0.35"
"2159047178","81544208","0.95119"
"81544208","2159047178","0.95119"
"33958249","81544208","3.69286"
"81544208","33958249","3.69286"
"1502931931","1524814392","0.125"
"1524814392","1502931931","0.125"
"1518537076","1524814392","2.74167"
"1524814392","1518537076","2.74167"
"1524814392","1798342512","0.908333"
"1798342512","1524814392","0.908333"
"1524814392","1880212920","7.825"
"1880212920","1524814392","7.825"
"1524814392","2159047178","0.375"
"2159047178","1524814392","0.375"
"1524814392","2251667637","0.375"
"2251667637","1524814392","0.375"
"1524814392","2537163498","0.658333"
"2537163498","1524814392","0.658333"
"1524814392","81544208","1.15833"
"81544208","1524814392","1.15833"
"210074846","2104071065","0.142857"
"2104071065","210074846","0.142857"
"2104071065","33958249","0.47619"
"33958249","2104071065","0.47619"
"1518537076","2294438196","1.5"
"2294438196","1518537076","1.5"
"1880212920","2294438196","4"
"2294438196","1880212920","4"
"1524814392","2294438196","2.5"
"2294438196","1524814392","2.5"
"1518537076","2104071065","0.333333"
"2104071065","1518537076","0.333333"
"1524814392","2104071065","0.333333"
"2104071065","1524814392","0.333333"
"2104071065","81544208","0.333333"
"81544208","2104071065","0.333333"
"1518537076","1857035554","0.25"
"1857035554","1518537076","0.25"
"1857035554","2159047178","0.45"
"2159047178","1857035554","0.45"
"1857035554","2251667637","0.45"
"2251667637","1857035554","0.45"
"1523413446","8934979","0.392857"
"8934979","1523413446","0.392857"
"2251667637","8934979","1.15952"
"8934979","2251667637","1.15952"
"1523413446","1857035554","1"
"1857035554","1523413446","1"
"2159047178","8934979","0.909524"
"8934979","2159047178","0.909524"
"1524814392","2064190686","0.333333"
"2064190686","1524814392","0.333333"
"1524814392","2100822885","0.333333"
"2100822885","1524814392","0.333333"
"1524814392","2740854940","0.333333"
"2740854940","1524814392","0.333333"
"2064190686","2100822885","6.20833"
"2100822885","2064190686","6.20833"
"2064190686","2740854940","3.04167"
"2740854940","2064190686","3.04167"
"2100822885","2740854940","2.54167"
"2740854940","2100822885","2.54167"
"1857035554","2064345207","1"
"2064345207","1857035554","1"
"1857035554","2121935551","0.333333"
"2121935551","1857035554","0.333333"
"1857035554","81544208","0.333333"
"81544208","1857035554","0.333333"
"1880212920","2740854940","2.08333"
"2740854940","1880212920","2.08333"
"2740854940","8934979","0.5"
"8934979","2740854940","0.5"
"1990448153","2121935551","0.25"
"2121935551","1990448153","0.25"
"2740854940","33958249","0.333333"
"33958249","2740854940","0.333333"
"2012885700","2064190686","0.333333"
"2064190686","2012885700","0.333333"
"2064190686","56996347","0.333333"
"56996347","2064190686","0.333333"
"2121935551","2159047178","1.66667"
"2159047178","2121935551","1.66667"
"2159047178","2740854940","1.25"
"2740854940","2159047178","1.25"
"2251667637","2740854940","2.95833"
"2740854940","2251667637","2.95833"
"2100822885","2121935551","0.708333"
"2121935551","2100822885","0.708333"
"2100822885","60268645","0.375"
"60268645","2100822885","0.375"
"2172194269","33958249","0.416667"
"33958249","2172194269","0.416667"
"2172194269","8934979","0.416667"
"8934979","2172194269","0.416667"
"33958249","69932732","0.616667"
"69932732","33958249","0.616667"
"2064190686","2159047178","0.666667"
"2159047178","2064190686","0.666667"
"2064190686","2251667637","1.04167"
"2251667637","2064190686","1.04167"
"198524418","2121935551","0.25"
"2121935551","198524418","0.25"
"2121935551","33958249","0.25"
"33958249","2121935551","0.25"
"1990448153","2740854940","0.333333"
"2740854940","1990448153","0.333333"
"2064190686","2104071065","0.458333"
"2104071065","2064190686","0.458333"
"2064190686","60268645","0.458333"
"60268645","2064190686","0.458333"
"2064345207","2100822885","1.375"
"2100822885","2064345207","1.375"
"2064345207","2740854940","1.375"
"2740854940","2064345207","1.375"
"2064190686","2121935551","0.125"
"2121935551","2064190686","0.125"
"2064190686","2172194269","0.125"
"2172194269","2064190686","0.125"
"2064345207","2121935551","0.458333"
"2121935551","2064345207","0.458333"
"2100822885","2104071065","1.125"
"2104071065","2100822885","1.125"
"2100822885","2172194269","0.125"
"2172194269","2100822885","0.125"
"2121935551","2172194269","0.125"
"2172194269","2121935551","0.125"
"2172194269","2740854940","0.125"
"2740854940","2172194269","0.125"
"2172194269","60268645","0.125"
"60268645","2172194269","0.125"
"2064345207","2294438196","0.333333"
"2294438196","2064345207","0.333333"
"2121935551","2294438196","0.333333"
"2294438196","2121935551","0.333333"
"2294438196","60268645","0.333333"
"60268645","2294438196","0.333333"
"2100822885","2294438196","0.333333"
"2294438196","2100822885","0.333333"
"2251667637","2294438196","0.333333"
"2294438196","2251667637","0.333333"
"2294438196","2740854940","1.33333"
"2740854940","2294438196","1.33333"
"2121935551","2741945342","1.75"
"2741945342","2121935551","1.75"
"2741945342","60268645","1.75"
"60268645","2741945342","1.75"
"2159047178","2741945342","0.25"
"2741945342","2159047178","0.25"
"2251667637","2741945342","0.25"
"2741945342","2251667637","0.25"
"2172194269","69932732","0.25"
"69932732","2172194269","0.25"
"2740854940","2741945342","4"
"2741945342","2740854940","4"
