"1017057896","2018061979","10.2504"
"2018061979","1017057896","10.2504"
"1017057896","1590456070","1.41667"
"1590456070","1017057896","1.41667"
"1017057896","1564743226","2.8004"
"1564743226","1017057896","2.8004"
"1017057896","2088454850","0.434524"
"2088454850","1017057896","0.434524"
"1017057896","2105037940","1.82976"
"2105037940","1017057896","1.82976"
"1017057896","2130580367","0.939286"
"2130580367","1017057896","0.939286"
"1017057896","2417524550","1.01429"
"2417524550","1017057896","1.01429"
"1017057896","2565822507","0.366667"
"2565822507","1017057896","0.366667"
"1017057896","2751843740","0.919444"
"2751843740","1017057896","0.919444"
"1017057896","9657784","0.990873"
"9657784","1017057896","0.990873"
"1564743226","1590456070","1.16667"
"1590456070","1564743226","1.16667"
"1564743226","2018061979","8.99206"
"2018061979","1564743226","8.99206"
"1564743226","2088454850","0.434524"
"2088454850","1564743226","0.434524"
"1564743226","2105037940","1.13135"
"2105037940","1564743226","1.13135"
"1564743226","2130580367","1.83373"
"2130580367","1564743226","1.83373"
"1564743226","2417524550","1.67698"
"2417524550","1564743226","1.67698"
"1564743226","2565822507","0.714286"
"2565822507","1564743226","0.714286"
"1564743226","2751843740","5.89127"
"2751843740","1564743226","5.89127"
"1564743226","9657784","5.94048"
"9657784","1564743226","5.94048"
"1590456070","2018061979","0.416667"
"2018061979","1590456070","0.416667"
"1590456070","2088454850","1.1"
"2088454850","1590456070","1.1"
"1590456070","2105037940","0.166667"
"2105037940","1590456070","0.166667"
"1590456070","2130580367","0.166667"
"2130580367","1590456070","0.166667"
"1590456070","2417524550","0.166667"
"2417524550","1590456070","0.166667"
"1590456070","2565822507","0.1"
"2565822507","1590456070","0.1"
"1590456070","2751843740","0.416667"
"2751843740","1590456070","0.416667"
"1590456070","9657784","0.166667"
"9657784","1590456070","0.166667"
"2018061979","2088454850","0.60119"
"2088454850","2018061979","0.60119"
"2018061979","2105037940","2.58135"
"2105037940","2018061979","2.58135"
"2018061979","2130580367","2.39087"
"2130580367","2018061979","2.39087"
"2018061979","2417524550","2.23413"
"2417524550","2018061979","2.23413"
"2018061979","2565822507","0.214286"
"2565822507","2018061979","0.214286"
"2018061979","2751843740","4.16508"
"2751843740","2018061979","4.16508"
"2018061979","9657784","3.85714"
"9657784","2018061979","3.85714"
"2088454850","2105037940","0.291667"
"2105037940","2088454850","0.291667"
"2088454850","2130580367","0.434524"
"2130580367","2088454850","0.434524"
"2088454850","2417524550","0.309524"
"2417524550","2088454850","0.309524"
"2088454850","2565822507","0.166667"
"2565822507","2088454850","0.166667"
"2088454850","2751843740","0.458333"
"2751843740","2088454850","0.458333"
"2088454850","9657784","0.291667"
"9657784","2088454850","0.291667"
"2105037940","2130580367","1.57024"
"2130580367","2105037940","1.57024"
"2105037940","2417524550","1.41349"
"2417524550","2105037940","1.41349"
"2105037940","2565822507","0.214286"
"2565822507","2105037940","0.214286"
"2105037940","2751843740","0.758333"
"2751843740","2105037940","0.758333"
"2105037940","9657784","1.08373"
"9657784","2105037940","1.08373"
"2130580367","2417524550","3.38254"
"2417524550","2130580367","3.38254"
"2130580367","2565822507","0.214286"
"2565822507","2130580367","0.214286"
"2130580367","2751843740","0.612302"
"2751843740","2130580367","0.612302"
"2130580367","9657784","1.02262"
"9657784","2130580367","1.02262"
"2417524550","2565822507","0.414286"
"2565822507","2417524550","0.414286"
"2417524550","2751843740","0.487302"
"2751843740","2417524550","0.487302"
"2417524550","9657784","0.865873"
"9657784","2417524550","0.865873"
"2565822507","2751843740","0.166667"
"2751843740","2565822507","0.166667"
"2565822507","9657784","0.666667"
"9657784","2565822507","0.666667"
"2751843740","9657784","2.47063"
"9657784","2751843740","2.47063"
"1017057896","1608718905","1.3254"
"1608718905","1017057896","1.3254"
"1017057896","2971760890","0.625397"
"2971760890","1017057896","0.625397"
"1564743226","1608718905","1.54802"
"1608718905","1564743226","1.54802"
"1564743226","2971760890","2.83214"
"2971760890","1564743226","2.83214"
"1608718905","2018061979","5.49802"
"2018061979","1608718905","5.49802"
"1608718905","2088454850","0.62619"
"2088454850","1608718905","0.62619"
"1608718905","2130580367","1.03968"
"2130580367","1608718905","1.03968"
"1608718905","2417524550","1.15079"
"2417524550","1608718905","1.15079"
"1608718905","2971760890","1.1869"
"2971760890","1608718905","1.1869"
"2018061979","2971760890","2.15595"
"2971760890","2018061979","2.15595"
"2088454850","2971760890","0.209524"
"2971760890","2088454850","0.209524"
"2130580367","2971760890","2.11429"
"2971760890","2130580367","2.11429"
"2417524550","2971760890","2.41587"
"2971760890","2417524550","2.41587"
"1017057896","2396652156","0.315873"
"2396652156","1017057896","0.315873"
"1017057896","2794878842","0.333333"
"2794878842","1017057896","0.333333"
"1017057896","2962763344","0.315873"
"2962763344","1017057896","0.315873"
"1017057896","3013037563","0.191667"
"3013037563","1017057896","0.191667"
"1564743226","2396652156","1.2504"
"2396652156","1564743226","1.2504"
"1564743226","2794878842","0.746032"
"2794878842","1564743226","0.746032"
"1564743226","2962763344","1.07143"
"2962763344","1564743226","1.07143"
"1564743226","3013037563","0.391667"
"3013037563","1564743226","0.391667"
"1608718905","2105037940","0.563492"
"2105037940","1608718905","0.563492"
"1608718905","2396652156","1.15516"
"2396652156","1608718905","1.15516"
"1608718905","2565822507","0.114286"
"2565822507","1608718905","0.114286"
"1608718905","2751843740","1.31389"
"2751843740","1608718905","1.31389"
"1608718905","2794878842","0.569841"
"2794878842","1608718905","0.569841"
"1608718905","2962763344","0.752381"
"2962763344","1608718905","0.752381"
"1608718905","3013037563","0.0666667"
"3013037563","1608718905","0.0666667"
"1608718905","9657784","0.913095"
"9657784","1608718905","0.913095"
"2018061979","2396652156","1.27421"
"2396652156","2018061979","1.27421"
"2018061979","2794878842","0.712698"
"2794878842","2018061979","0.712698"
"2018061979","2962763344","1.5381"
"2962763344","2018061979","1.5381"
"2018061979","3013037563","0.191667"
"3013037563","2018061979","0.191667"
"2088454850","2396652156","0.233333"
"2396652156","2088454850","0.233333"
"2088454850","2794878842","0.233333"
"2794878842","2088454850","0.233333"
"2088454850","2962763344","0.233333"
"2962763344","2088454850","0.233333"
"2088454850","3013037563","0.191667"
"3013037563","2088454850","0.191667"
"2105037940","2396652156","0.506349"
"2396652156","2105037940","0.506349"
"2105037940","2794878842","0.180952"
"2794878842","2105037940","0.180952"
"2105037940","2962763344","0.395238"
"2962763344","2105037940","0.395238"
"2105037940","2971760890","0.956349"
"2971760890","2105037940","0.956349"
"2105037940","3013037563","0.191667"
"3013037563","2105037940","0.191667"
"2130580367","2396652156","0.815873"
"2396652156","2130580367","0.815873"
"2130580367","2794878842","0.492063"
"2794878842","2130580367","0.492063"
"2130580367","2962763344","0.706349"
"2962763344","2130580367","0.706349"
"2130580367","3013037563","0.191667"
"3013037563","2130580367","0.191667"
"2396652156","2417524550","0.984127"
"2417524550","2396652156","0.984127"
"2396652156","2565822507","0.114286"
"2565822507","2396652156","0.114286"
"2396652156","2751843740","0.932936"
"2751843740","2396652156","0.932936"
"2396652156","2794878842","1.24603"
"2794878842","2396652156","1.24603"
"2396652156","2962763344","1.57143"
"2962763344","2396652156","1.57143"
"2396652156","2971760890","1.30595"
"2971760890","2396652156","1.30595"
"2396652156","3013037563","0.0666667"
"3013037563","2396652156","0.0666667"
"2396652156","9657784","0.94881"
"9657784","2396652156","0.94881"
"2417524550","2794878842","0.892063"
"2794878842","2417524550","0.892063"
"2417524550","2962763344","0.763492"
"2962763344","2417524550","0.763492"
"2417524550","3013037563","0.0666667"
"3013037563","2417524550","0.0666667"
"2565822507","2794878842","0.314286"
"2794878842","2565822507","0.314286"
"2565822507","2962763344","0.114286"
"2962763344","2565822507","0.114286"
"2565822507","2971760890","0.114286"
"2971760890","2565822507","0.114286"
"2565822507","3013037563","0.0666667"
"3013037563","2565822507","0.0666667"
"2751843740","2794878842","0.553968"
"2794878842","2751843740","0.553968"
"2751843740","2962763344","0.665079"
"2962763344","2751843740","0.665079"
"2751843740","2971760890","0.855159"
"2971760890","2751843740","0.855159"
"2751843740","3013037563","0.191667"
"3013037563","2751843740","0.191667"
"2794878842","2962763344","19.5056"
"2962763344","2794878842","19.5056"
"2794878842","2971760890","3.19444"
"2971760890","2794878842","3.19444"
"2794878842","3013037563","0.459524"
"3013037563","2794878842","0.459524"
"2794878842","9657784","0.387302"
"9657784","2794878842","0.387302"
"2962763344","2971760890","5.96984"
"2971760890","2962763344","5.96984"
"2962763344","3013037563","0.659524"
"3013037563","2962763344","0.659524"
"2962763344","9657784","0.712698"
"9657784","2962763344","0.712698"
"2971760890","3013037563","4.85952"
"3013037563","2971760890","4.85952"
"2971760890","9657784","2.13214"
"9657784","2971760890","2.13214"
"3013037563","9657784","0.391667"
"9657784","3013037563","0.391667"
"1590456070","1608718905","2.31667"
"1608718905","1590456070","2.31667"
"1017057896","2963165251","0.0714286"
"2963165251","1017057896","0.0714286"
"1017057896","2963359529","0.338095"
"2963359529","1017057896","0.338095"
"1017057896","2963896559","0.0714286"
"2963896559","1017057896","0.0714286"
"1017057896","3022151098","0.18254"
"3022151098","1017057896","0.18254"
"1564743226","2963165251","0.119048"
"2963165251","1564743226","0.119048"
"1564743226","2963359529","0.496825"
"2963359529","1564743226","0.496825"
"1564743226","2963896559","0.652381"
"2963896559","1564743226","0.652381"
"1564743226","3022151098","0.355159"
"3022151098","1564743226","0.355159"
"1608718905","2963165251","0.119048"
"2963165251","1608718905","0.119048"
"1608718905","2963359529","0.296825"
"2963359529","1608718905","0.296825"
"1608718905","2963896559","0.119048"
"2963896559","1608718905","0.119048"
"1608718905","3022151098","0.355159"
"3022151098","1608718905","0.355159"
"2018061979","2963165251","0.119048"
"2963165251","2018061979","0.119048"
"2018061979","2963359529","0.296825"
"2963359529","2018061979","0.296825"
"2018061979","2963896559","0.319048"
"2963896559","2018061979","0.319048"
"2018061979","3022151098","0.355159"
"3022151098","2018061979","0.355159"
"2105037940","2963165251","1.11905"
"2963165251","2105037940","1.11905"
"2105037940","2963359529","0.185714"
"2963359529","2105037940","0.185714"
"2105037940","2963896559","0.119048"
"2963896559","2105037940","0.119048"
"2105037940","3022151098","0.119048"
"3022151098","2105037940","0.119048"
"2130580367","2963165251","0.119048"
"2963165251","2130580367","0.119048"
"2130580367","2963359529","0.296825"
"2963359529","2130580367","0.296825"
"2130580367","2963896559","0.319048"
"2963896559","2130580367","0.319048"
"2130580367","3022151098","0.119048"
"3022151098","2130580367","0.119048"
"2396652156","2963165251","0.119048"
"2963165251","2396652156","0.119048"
"2396652156","2963359529","0.496825"
"2963359529","2396652156","0.496825"
"2396652156","2963896559","0.119048"
"2963896559","2396652156","0.119048"
"2396652156","3022151098","0.355159"
"3022151098","2396652156","0.355159"
"2417524550","2963165251","0.452381"
"2963165251","2417524550","0.452381"
"2417524550","2963359529","1.03016"
"2963359529","2417524550","1.03016"
"2417524550","2963896559","0.319048"
"2963896559","2417524550","0.319048"
"2417524550","3022151098","0.452381"
"3022151098","2417524550","0.452381"
"2962763344","2963165251","0.511905"
"2963165251","2962763344","0.511905"
"2962763344","2963359529","1.08968"
"2963359529","2962763344","1.08968"
"2962763344","2963896559","0.319048"
"2963896559","2962763344","0.319048"
"2962763344","3022151098","1.12302"
"3022151098","2962763344","1.12302"
"2963165251","2963359529","0.511905"
"2963359529","2963165251","0.511905"
"2963165251","2963896559","0.119048"
"2963896559","2963165251","0.119048"
"2963165251","2971760890","0.845238"
"2971760890","2963165251","0.845238"
"2963165251","3022151098","0.261905"
"3022151098","2963165251","0.261905"
"2963165251","9657784","0.0714286"
"9657784","2963165251","0.0714286"
"2963359529","2963896559","0.819048"
"2963896559","2963359529","0.819048"
"2963359529","2971760890","3.3119"
"2971760890","2963359529","3.3119"
"2963359529","3022151098","1.59524"
"3022151098","2963359529","1.59524"
"2963359529","9657784","0.338095"
"9657784","2963359529","0.338095"
"2963896559","2971760890","5.35238"
"2971760890","2963896559","5.35238"
"2963896559","3022151098","0.119048"
"3022151098","2963896559","0.119048"
"2963896559","9657784","0.404762"
"9657784","2963896559","0.404762"
"2971760890","3022151098","4.08135"
"3022151098","2971760890","4.08135"
"3022151098","9657784","0.30754"
"9657784","3022151098","0.30754"
"1017057896","2611170103","0.0666667"
"2611170103","1017057896","0.0666667"
"1564743226","2611170103","1.60437"
"2611170103","1564743226","1.60437"
"1590456070","2396652156","0.0666667"
"2396652156","1590456070","0.0666667"
"1590456070","2611170103","0.0666667"
"2611170103","1590456070","0.0666667"
"1590456070","2794878842","0.0666667"
"2794878842","1590456070","0.0666667"
"1590456070","2962763344","0.0666667"
"2962763344","1590456070","0.0666667"
"1590456070","2963359529","0.0666667"
"2963359529","1590456070","0.0666667"
"1590456070","2971760890","0.0666667"
"2971760890","1590456070","0.0666667"
"1608718905","2611170103","0.961508"
"2611170103","1608718905","0.961508"
"2018061979","2611170103","1.29484"
"2611170103","2018061979","1.29484"
"2105037940","2611170103","0.225397"
"2611170103","2105037940","0.225397"
"2130580367","2611170103","0.42381"
"2611170103","2130580367","0.42381"
"2396652156","2611170103","1.30437"
"2611170103","2396652156","1.30437"
"2417524550","2611170103","1.06825"
"2611170103","2417524550","1.06825"
"2611170103","2751843740","0.334524"
"2751843740","2611170103","0.334524"
"2611170103","2794878842","1.75873"
"2794878842","2611170103","1.75873"
"2611170103","2962763344","2.25873"
"2962763344","2611170103","2.25873"
"2611170103","2963359529","0.314286"
"2963359529","2611170103","0.314286"
"2611170103","2971760890","0.771032"
"2971760890","2611170103","0.771032"
"2611170103","9657784","0.413889"
"9657784","2611170103","0.413889"
"2751843740","2963359529","0.177778"
"2963359529","2751843740","0.177778"
"2794878842","2963359529","0.768254"
"2963359529","2794878842","0.768254"
"2751843740","3022151098","0.236111"
"3022151098","2751843740","0.236111"
"1017057896","2765325603","0.2"
"2765325603","1017057896","0.2"
"2417524550","2765325603","1.66825"
"2765325603","2417524550","1.66825"
"2565822507","2765325603","0.247619"
"2765325603","2565822507","0.247619"
"2565822507","2963359529","0.247619"
"2963359529","2565822507","0.247619"
"2765325603","2794878842","2.0254"
"2794878842","2765325603","2.0254"
"2765325603","2963359529","0.247619"
"2963359529","2765325603","0.247619"
"1564743226","2737126875","0.247619"
"2737126875","1564743226","0.247619"
"2737126875","2963359529","0.247619"
"2963359529","2737126875","0.247619"
"2737126875","2971760890","2.24762"
"2971760890","2737126875","2.24762"
"2737126875","3013037563","0.2"
"3013037563","2737126875","0.2"
"2737126875","9657784","0.2"
"9657784","2737126875","0.2"
"2963359529","3013037563","1.04286"
"3013037563","2963359529","1.04286"
"1564743226","2765325603","0.412698"
"2765325603","1564743226","0.412698"
"1608718905","2765325603","0.769841"
"2765325603","1608718905","0.769841"
"2018061979","2765325603","0.603175"
"2765325603","2018061979","0.603175"
"2105037940","2765325603","0.15873"
"2765325603","2105037940","0.15873"
"2396652156","2765325603","0.579365"
"2765325603","2396652156","0.579365"
"2611170103","2765325603","0.912698"
"2765325603","2611170103","0.912698"
"2765325603","2971760890","3.57937"
"2971760890","2765325603","3.57937"
"2765325603","9657784","0.222222"
"9657784","2765325603","0.222222"
"1564743226","1966917412","0.166667"
"1966917412","1564743226","0.166667"
"1564743226","2113804820","0.166667"
"2113804820","1564743226","0.166667"
"1564743226","2118671571","0.166667"
"2118671571","1564743226","0.166667"
"1608718905","1966917412","1"
"1966917412","1608718905","1"
"1608718905","2113804820","1"
"2113804820","1608718905","1"
"1608718905","2118671571","3"
"2118671571","1608718905","3"
"1966917412","2018061979","0.166667"
"2018061979","1966917412","0.166667"
"1966917412","2113804820","3"
"2113804820","1966917412","3"
"1966917412","2118671571","7"
"2118671571","1966917412","7"
"1966917412","2751843740","0.416667"
"2751843740","1966917412","0.416667"
"2018061979","2113804820","0.166667"
"2113804820","2018061979","0.166667"
"2018061979","2118671571","3.16667"
"2118671571","2018061979","3.16667"
"2113804820","2118671571","7"
"2118671571","2113804820","7"
"2113804820","2751843740","0.416667"
"2751843740","2113804820","0.416667"
"2118671571","2751843740","0.416667"
"2751843740","2118671571","0.416667"
"2611170103","3022151098","0.172619"
"3022151098","2611170103","0.172619"
"1564743226","2730643147","0.547619"
"2730643147","1564743226","0.547619"
"1564743226","2963792772","0.547619"
"2963792772","1564743226","0.547619"
"2730643147","2963792772","25.5476"
"2963792772","2730643147","25.5476"
"2130580367","2765325603","0.357143"
"2765325603","2130580367","0.357143"
"2751843740","2765325603","0.142857"
"2765325603","2751843740","0.142857"
"2765325603","2962763344","0.825397"
"2962763344","2765325603","0.825397"
"1564743226","2789987041","0.047619"
"2789987041","1564743226","0.047619"
"1564743226","2982725903","0.047619"
"2982725903","1564743226","0.047619"
"1608718905","2730643147","0.047619"
"2730643147","1608718905","0.047619"
"1608718905","2737126875","0.047619"
"2737126875","1608718905","0.047619"
"1608718905","2789987041","0.047619"
"2789987041","1608718905","0.047619"
"1608718905","2963792772","0.047619"
"2963792772","1608718905","0.047619"
"1608718905","2982725903","0.047619"
"2982725903","1608718905","0.047619"
"2018061979","2730643147","0.047619"
"2730643147","2018061979","0.047619"
"2018061979","2737126875","0.047619"
"2737126875","2018061979","0.047619"
"2018061979","2789987041","0.047619"
"2789987041","2018061979","0.047619"
"2018061979","2963792772","0.047619"
"2963792772","2018061979","0.047619"
"2018061979","2982725903","0.047619"
"2982725903","2018061979","0.047619"
"2105037940","2730643147","0.047619"
"2730643147","2105037940","0.047619"
"2105037940","2737126875","0.047619"
"2737126875","2105037940","0.047619"
"2105037940","2789987041","0.047619"
"2789987041","2105037940","0.047619"
"2105037940","2963792772","0.047619"
"2963792772","2105037940","0.047619"
"2105037940","2982725903","0.047619"
"2982725903","2105037940","0.047619"
"2130580367","2730643147","0.047619"
"2730643147","2130580367","0.047619"
"2130580367","2737126875","0.047619"
"2737126875","2130580367","0.047619"
"2130580367","2789987041","0.047619"
"2789987041","2130580367","0.047619"
"2130580367","2963792772","0.047619"
"2963792772","2130580367","0.047619"
"2130580367","2982725903","0.047619"
"2982725903","2130580367","0.047619"
"2396652156","2730643147","0.047619"
"2730643147","2396652156","0.047619"
"2396652156","2737126875","0.047619"
"2737126875","2396652156","0.047619"
"2396652156","2789987041","0.047619"
"2789987041","2396652156","0.047619"
"2396652156","2963792772","0.047619"
"2963792772","2396652156","0.047619"
"2396652156","2982725903","0.047619"
"2982725903","2396652156","0.047619"
"2417524550","2730643147","0.047619"
"2730643147","2417524550","0.047619"
"2417524550","2737126875","0.047619"
"2737126875","2417524550","0.047619"
"2417524550","2789987041","0.380952"
"2789987041","2417524550","0.380952"
"2417524550","2963792772","0.047619"
"2963792772","2417524550","0.047619"
"2417524550","2982725903","0.047619"
"2982725903","2417524550","0.047619"
"2565822507","2611170103","0.047619"
"2611170103","2565822507","0.047619"
"2565822507","2730643147","0.047619"
"2730643147","2565822507","0.047619"
"2565822507","2737126875","0.047619"
"2737126875","2565822507","0.047619"
"2565822507","2789987041","0.047619"
"2789987041","2565822507","0.047619"
"2565822507","2963165251","0.047619"
"2963165251","2565822507","0.047619"
"2565822507","2963792772","0.047619"
"2963792772","2565822507","0.047619"
"2565822507","2963896559","0.047619"
"2963896559","2565822507","0.047619"
"2565822507","2982725903","0.047619"
"2982725903","2565822507","0.047619"
"2565822507","3022151098","0.047619"
"3022151098","2565822507","0.047619"
"2611170103","2730643147","0.047619"
"2730643147","2611170103","0.047619"
"2611170103","2737126875","0.047619"
"2737126875","2611170103","0.047619"
"2611170103","2789987041","0.380952"
"2789987041","2611170103","0.380952"
"2611170103","2963165251","0.380952"
"2963165251","2611170103","0.380952"
"2611170103","2963792772","0.047619"
"2963792772","2611170103","0.047619"
"2611170103","2963896559","0.047619"
"2963896559","2611170103","0.047619"
"2611170103","2982725903","0.047619"
"2982725903","2611170103","0.047619"
"2730643147","2737126875","0.047619"
"2737126875","2730643147","0.047619"
"2730643147","2765325603","0.047619"
"2765325603","2730643147","0.047619"
"2730643147","2789987041","0.047619"
"2789987041","2730643147","0.047619"
"2730643147","2794878842","0.047619"
"2794878842","2730643147","0.047619"
"2730643147","2962763344","0.047619"
"2962763344","2730643147","0.047619"
"2730643147","2963165251","0.047619"
"2963165251","2730643147","0.047619"
"2730643147","2963359529","0.047619"
"2963359529","2730643147","0.047619"
"2730643147","2963896559","0.047619"
"2963896559","2730643147","0.047619"
"2730643147","2971760890","0.047619"
"2971760890","2730643147","0.047619"
"2730643147","2982725903","0.047619"
"2982725903","2730643147","0.047619"
"2730643147","3022151098","0.047619"
"3022151098","2730643147","0.047619"
"2737126875","2765325603","0.047619"
"2765325603","2737126875","0.047619"
"2737126875","2789987041","0.047619"
"2789987041","2737126875","0.047619"
"2737126875","2794878842","0.047619"
"2794878842","2737126875","0.047619"
"2737126875","2962763344","0.047619"
"2962763344","2737126875","0.047619"
"2737126875","2963165251","0.047619"
"2963165251","2737126875","0.047619"
"2737126875","2963792772","0.047619"
"2963792772","2737126875","0.047619"
"2737126875","2963896559","2.04762"
"2963896559","2737126875","2.04762"
"2737126875","2982725903","0.047619"
"2982725903","2737126875","0.047619"
"2737126875","3022151098","0.047619"
"3022151098","2737126875","0.047619"
"2765325603","2789987041","0.880952"
"2789987041","2765325603","0.880952"
"2765325603","2963165251","0.380952"
"2963165251","2765325603","0.380952"
"2765325603","2963792772","0.047619"
"2963792772","2765325603","0.047619"
"2765325603","2963896559","0.047619"
"2963896559","2765325603","0.047619"
"2765325603","2982725903","0.047619"
"2982725903","2765325603","0.047619"
"2765325603","3022151098","0.047619"
"3022151098","2765325603","0.047619"
"2789987041","2794878842","0.190476"
"2794878842","2789987041","0.190476"
"2789987041","2962763344","0.440476"
"2962763344","2789987041","0.440476"
"2789987041","2963165251","7.10714"
"2963165251","2789987041","7.10714"
"2789987041","2963359529","0.440476"
"2963359529","2789987041","0.440476"
"2789987041","2963792772","0.047619"
"2963792772","2789987041","0.047619"
"2789987041","2963896559","0.047619"
"2963896559","2789987041","0.047619"
"2789987041","2971760890","2.27381"
"2971760890","2789987041","2.27381"
"2789987041","2982725903","0.047619"
"2982725903","2789987041","0.047619"
"2789987041","3022151098","0.190476"
"3022151098","2789987041","0.190476"
"2794878842","2963165251","0.190476"
"2963165251","2794878842","0.190476"
"2794878842","2963792772","0.047619"
"2963792772","2794878842","0.047619"
"2794878842","2963896559","0.047619"
"2963896559","2794878842","0.047619"
"2794878842","2982725903","0.047619"
"2982725903","2794878842","0.047619"
"2794878842","3022151098","0.940476"
"3022151098","2794878842","0.940476"
"2962763344","2963792772","0.047619"
"2963792772","2962763344","0.047619"
"2962763344","2982725903","0.047619"
"2982725903","2962763344","0.047619"
"2963165251","2963792772","0.047619"
"2963792772","2963165251","0.047619"
"2963165251","2982725903","0.047619"
"2982725903","2963165251","0.047619"
"2963359529","2963792772","0.047619"
"2963792772","2963359529","0.047619"
"2963359529","2982725903","0.047619"
"2982725903","2963359529","0.047619"
"2963792772","2963896559","0.047619"
"2963896559","2963792772","0.047619"
"2963792772","2971760890","0.047619"
"2971760890","2963792772","0.047619"
"2963792772","2982725903","0.047619"
"2982725903","2963792772","0.047619"
"2963792772","3022151098","1.04762"
"3022151098","2963792772","1.04762"
"2963896559","2982725903","0.047619"
"2982725903","2963896559","0.047619"
"2971760890","2982725903","0.047619"
"2982725903","2971760890","0.047619"
"2982725903","3022151098","0.047619"
"3022151098","2982725903","0.047619"
"1966917412","2088454850","0.25"
"2088454850","1966917412","0.25"
"2088454850","2113804820","0.25"
"2113804820","2088454850","0.25"
"2088454850","2118671571","0.25"
"2118671571","2088454850","0.25"
"2018061979","2534646665","0.2"
"2534646665","2018061979","0.2"
"2130580367","2534646665","0.2"
"2534646665","2130580367","0.2"
"2417524550","2534646665","0.2"
"2534646665","2417524550","0.2"
"2534646665","2971760890","0.4"
"2971760890","2534646665","0.4"
"2534646665","9657784","0.2"
"9657784","2534646665","0.2"
"2088454850","2611170103","1"
"2611170103","2088454850","1"
"2534646665","2611170103","3"
"2611170103","2534646665","3"
"2534646665","2962763344","0.2"
"2962763344","2534646665","0.2"
"2534646665","2963359529","0.2"
"2963359529","2534646665","0.2"
"2534646665","2963896559","0.2"
"2963896559","2534646665","0.2"
"2534646665","3013037563","0.2"
"3013037563","2534646665","0.2"
"2963896559","3013037563","0.2"
"3013037563","2963896559","0.2"
"2765325603","3013037563","0.5"
"3013037563","2765325603","0.5"
"2789987041","3013037563","0.142857"
"3013037563","2789987041","0.142857"
"2963165251","3013037563","1.14286"
"3013037563","2963165251","1.14286"
"3013037563","3022151098","0.392857"
"3022151098","3013037563","0.392857"
"2982725903","3013037563","4"
"3013037563","2982725903","4"
