"104428423","1236479421","0.153409"
"1236479421","104428423","0.153409"
"104428423","141003461","1.74712"
"141003461","104428423","1.74712"
"104428423","1591370639","1.80497"
"1591370639","104428423","1.80497"
"104428423","167216241","4.49328"
"167216241","104428423","4.49328"
"104428423","1995290095","0.153409"
"1995290095","104428423","0.153409"
"104428423","2010367507","0.653802"
"2010367507","104428423","0.653802"
"104428423","2023959340","2.83046"
"2023959340","104428423","2.83046"
"104428423","2100852994","0.928802"
"2100852994","104428423","0.928802"
"104428423","2112022457","0.61348"
"2112022457","104428423","0.61348"
"104428423","2122177035","0.656215"
"2122177035","104428423","0.656215"
"104428423","2128637495","0.830458"
"2128637495","104428423","0.830458"
"104428423","2138049695","1.0288"
"2138049695","104428423","1.0288"
"104428423","2141021963","3.63046"
"2141021963","104428423","3.63046"
"104428423","2171811679","0.873247"
"2171811679","104428423","0.873247"
"104428423","23208396","1.14355"
"23208396","104428423","1.14355"
"104428423","2524444197","0.893056"
"2524444197","104428423","0.893056"
"1236479421","141003461","0.336742"
"141003461","1236479421","0.336742"
"1236479421","1591370639","0.253409"
"1591370639","1236479421","0.253409"
"1236479421","167216241","0.236742"
"167216241","1236479421","0.236742"
"1236479421","1995290095","11.0396"
"1995290095","1236479421","11.0396"
"1236479421","2010367507","0.0625"
"2010367507","1236479421","0.0625"
"1236479421","2023959340","0.586742"
"2023959340","1236479421","0.586742"
"1236479421","2100852994","0.0625"
"2100852994","1236479421","0.0625"
"1236479421","2112022457","0.0625"
"2112022457","1236479421","0.0625"
"1236479421","2122177035","0.1625"
"2122177035","1236479421","0.1625"
"1236479421","2128637495","0.153409"
"2128637495","1236479421","0.153409"
"1236479421","2138049695","0.0625"
"2138049695","1236479421","0.0625"
"1236479421","2141021963","0.336742"
"2141021963","1236479421","0.336742"
"1236479421","2171811679","0.0625"
"2171811679","1236479421","0.0625"
"1236479421","23208396","0.0625"
"23208396","1236479421","0.0625"
"1236479421","2524444197","0.0625"
"2524444197","1236479421","0.0625"
"141003461","1591370639","1.15421"
"1591370639","141003461","1.15421"
"141003461","167216241","2.80161"
"167216241","141003461","2.80161"
"141003461","1995290095","0.336742"
"1995290095","141003461","0.336742"
"141003461","2010367507","0.770469"
"2010367507","141003461","0.770469"
"141003461","2023959340","1.74637"
"2023959340","141003461","1.74637"
"141003461","2100852994","0.795469"
"2100852994","141003461","0.795469"
"141003461","2112022457","0.51348"
"2112022457","141003461","0.51348"
"141003461","2122177035","0.947882"
"2122177035","141003461","0.947882"
"141003461","2128637495","1.11303"
"2128637495","141003461","1.11303"
"141003461","2138049695","0.587135"
"2138049695","141003461","0.587135"
"141003461","2141021963","1.40546"
"2141021963","141003461","1.40546"
"141003461","2171811679","0.614913"
"2171811679","141003461","0.614913"
"141003461","23208396","0.693546"
"23208396","141003461","0.693546"
"141003461","2524444197","0.368056"
"2524444197","141003461","0.368056"
"1591370639","167216241","1.15945"
"167216241","1591370639","1.15945"
"1591370639","1995290095","0.253409"
"1995290095","1591370639","0.253409"
"1591370639","2010367507","1.16214"
"2010367507","1591370639","1.16214"
"1591370639","2023959340","3.51492"
"2023959340","1591370639","3.51492"
"1591370639","2100852994","2.34785"
"2100852994","1591370639","2.34785"
"1591370639","2112022457","1.28799"
"2112022457","1591370639","1.28799"
"1591370639","2122177035","1.08906"
"2122177035","1591370639","1.08906"
"1591370639","2128637495","3.78159"
"2128637495","1591370639","3.78159"
"1591370639","2138049695","1.39547"
"2138049695","1591370639","1.39547"
"1591370639","2141021963","2.75735"
"2141021963","1591370639","2.75735"
"1591370639","2171811679","1.35777"
"2171811679","1591370639","1.35777"
"1591370639","23208396","1.39474"
"23208396","1591370639","1.39474"
"1591370639","2524444197","1.32877"
"2524444197","1591370639","1.32877"
"167216241","1995290095","0.236742"
"1995290095","167216241","0.236742"
"167216241","2010367507","1.44355"
"2010367507","167216241","1.44355"
"167216241","2023959340","5.21828"
"2023959340","167216241","5.21828"
"167216241","2100852994","0.568546"
"2100852994","167216241","0.568546"
"167216241","2112022457","1.01348"
"2112022457","167216241","1.01348"
"167216241","2122177035","0.527369"
"2122177035","167216241","0.527369"
"167216241","2128637495","1.21828"
"2128637495","167216241","1.21828"
"167216241","2138049695","0.510212"
"2138049695","167216241","0.510212"
"167216241","2141021963","0.634945"
"2141021963","167216241","0.634945"
"167216241","2171811679","0.221324"
"2171811679","167216241","0.221324"
"167216241","23208396","0.443546"
"23208396","167216241","0.443546"
"167216241","2524444197","0.118056"
"2524444197","167216241","0.118056"
"1995290095","2010367507","0.0625"
"2010367507","1995290095","0.0625"
"1995290095","2023959340","0.586742"
"2023959340","1995290095","0.586742"
"1995290095","2100852994","0.0625"
"2100852994","1995290095","0.0625"
"1995290095","2112022457","0.0625"
"2112022457","1995290095","0.0625"
"1995290095","2122177035","0.1625"
"2122177035","1995290095","0.1625"
"1995290095","2128637495","0.153409"
"2128637495","1995290095","0.153409"
"1995290095","2138049695","0.0625"
"2138049695","1995290095","0.0625"
"1995290095","2141021963","0.336742"
"2141021963","1995290095","0.336742"
"1995290095","2171811679","0.0625"
"2171811679","1995290095","0.0625"
"1995290095","23208396","0.0625"
"23208396","1995290095","0.0625"
"1995290095","2524444197","0.0625"
"2524444197","1995290095","0.0625"
"2010367507","2023959340","5.55658"
"2023959340","2010367507","5.55658"
"2010367507","2100852994","2.80658"
"2100852994","2010367507","2.80658"
"2010367507","2112022457","0.790768"
"2112022457","2010367507","0.790768"
"2010367507","2122177035","1.27325"
"2122177035","2010367507","1.27325"
"2010367507","2128637495","2.90658"
"2128637495","2010367507","2.90658"
"2010367507","2138049695","3.07325"
"2138049695","2010367507","3.07325"
"2010367507","2141021963","2.38158"
"2141021963","2010367507","2.38158"
"2010367507","2171811679","1.78991"
"2171811679","2010367507","1.78991"
"2010367507","23208396","2.69632"
"23208396","2010367507","2.69632"
"2010367507","2524444197","1.73472"
"2524444197","2010367507","1.73472"
"2023959340","2100852994","3.42563"
"2100852994","2023959340","3.42563"
"2023959340","2112022457","4.31626"
"2112022457","2023959340","4.31626"
"2023959340","2122177035","2.26733"
"2122177035","2023959340","2.26733"
"2023959340","2128637495","6.35153"
"2128637495","2023959340","6.35153"
"2023959340","2138049695","3.71491"
"2138049695","2023959340","3.71491"
"2023959340","2141021963","5.68562"
"2141021963","2023959340","5.68562"
"2023959340","2171811679","2.7411"
"2171811679","2023959340","2.7411"
"2023959340","23208396","17.1058"
"23208396","2023959340","17.1058"
"2023959340","2524444197","1.77877"
"2524444197","2023959340","1.77877"
"2100852994","2112022457","0.690768"
"2112022457","2100852994","0.690768"
"2100852994","2122177035","1.2911"
"2122177035","2100852994","1.2911"
"2100852994","2128637495","3.68515"
"2128637495","2100852994","3.68515"
"2100852994","2138049695","2.00658"
"2138049695","2100852994","2.00658"
"2100852994","2141021963","3.27682"
"2141021963","2100852994","3.27682"
"2100852994","2171811679","1.64944"
"2171811679","2100852994","1.64944"
"2100852994","23208396","2.58085"
"23208396","2100852994","2.58085"
"2100852994","2524444197","2.49544"
"2524444197","2100852994","2.49544"
"2112022457","2122177035","0.641258"
"2122177035","2112022457","0.641258"
"2112022457","2128637495","1.58292"
"2128637495","2112022457","1.58292"
"2112022457","2138049695","0.749101"
"2138049695","2112022457","0.749101"
"2112022457","2141021963","0.782925"
"2141021963","2112022457","0.782925"
"2112022457","2171811679","0.81299"
"2171811679","2112022457","0.81299"
"2112022457","23208396","1.55743"
"23208396","2112022457","1.55743"
"2112022457","2524444197","0.5375"
"2524444197","2112022457","0.5375"
"2122177035","2128637495","1.52685"
"2128637495","2122177035","1.52685"
"2122177035","2138049695","1.27325"
"2138049695","2122177035","1.27325"
"2122177035","2141021963","1.43518"
"2141021963","2122177035","1.43518"
"2122177035","2171811679","0.55658"
"2171811679","2122177035","0.55658"
"2122177035","23208396","1.34632"
"23208396","2122177035","1.34632"
"2122177035","2524444197","0.509722"
"2524444197","2122177035","0.509722"
"2128637495","2138049695","1.64825"
"2138049695","2128637495","1.64825"
"2128637495","2141021963","3.17847"
"2141021963","2128637495","3.17847"
"2128637495","2171811679","1.64944"
"2171811679","2128637495","1.64944"
"2128637495","23208396","2.55585"
"23208396","2128637495","2.55585"
"2128637495","2524444197","1.54544"
"2524444197","2128637495","1.54544"
"2138049695","2141021963","1.70658"
"2141021963","2138049695","1.70658"
"2138049695","2171811679","1.10658"
"2171811679","2138049695","1.10658"
"2138049695","23208396","2.35466"
"23208396","2138049695","2.35466"
"2138049695","2524444197","1.52639"
"2524444197","2138049695","1.52639"
"2141021963","2171811679","1.58277"
"2171811679","2141021963","1.58277"
"2141021963","23208396","2.74751"
"23208396","2141021963","2.74751"
"2141021963","2524444197","1.65377"
"2524444197","2141021963","1.65377"
"2171811679","23208396","3.83085"
"23208396","2171811679","3.83085"
"2171811679","2524444197","0.955357"
"2524444197","2171811679","0.955357"
"23208396","2524444197","1.31925"
"2524444197","23208396","1.31925"
"104428423","2012351515","0.166667"
"2012351515","104428423","0.166667"
"104428423","2077469457","0.448878"
"2077469457","104428423","0.448878"
"167216241","2012351515","0.166667"
"2012351515","167216241","0.166667"
"167216241","2077469457","0.705288"
"2077469457","167216241","0.705288"
"2012351515","2023959340","0.566667"
"2023959340","2012351515","0.566667"
"2012351515","2077469457","0.366667"
"2077469457","2012351515","0.366667"
"2012351515","2122177035","0.166667"
"2122177035","2012351515","0.166667"
"2012351515","23208396","0.691667"
"23208396","2012351515","0.691667"
"2023959340","2077469457","1.11554"
"2077469457","2023959340","1.11554"
"2077469457","2122177035","0.667493"
"2122177035","2077469457","0.667493"
"2077469457","23208396","0.788889"
"23208396","2077469457","0.788889"
"104428423","1481945445","0.191302"
"1481945445","104428423","0.191302"
"104428423","1748464847","1.01796"
"1748464847","104428423","1.01796"
"104428423","1982778414","0.291302"
"1982778414","104428423","0.291302"
"104428423","2778215685","0.114379"
"2778215685","104428423","0.114379"
"104428423","68159281","0.282211"
"68159281","104428423","0.282211"
"141003461","1481945445","1.75797"
"1481945445","141003461","1.75797"
"141003461","1748464847","0.784625"
"1748464847","141003461","0.784625"
"141003461","1982778414","0.749636"
"1982778414","141003461","0.749636"
"141003461","2077469457","1.13786"
"2077469457","141003461","1.13786"
"141003461","2778215685","0.523109"
"2778215685","141003461","0.523109"
"141003461","68159281","1.13786"
"68159281","141003461","1.13786"
"1481945445","1591370639","0.400826"
"1591370639","1481945445","0.400826"
"1481945445","167216241","0.114379"
"167216241","1481945445","0.114379"
"1481945445","1748464847","0.334159"
"1748464847","1481945445","0.334159"
"1481945445","1982778414","0.281046"
"1982778414","1481945445","0.281046"
"1481945445","2010367507","0.447712"
"2010367507","1481945445","0.447712"
"1481945445","2023959340","2.60083"
"2023959340","1481945445","2.60083"
"1481945445","2077469457","0.199145"
"2077469457","1481945445","0.199145"
"1481945445","2100852994","0.49057"
"2100852994","1481945445","0.49057"
"1481945445","2122177035","0.357969"
"2122177035","1481945445","0.357969"
"1481945445","2128637495","0.667493"
"2128637495","1481945445","0.667493"
"1481945445","2138049695","0.281046"
"2138049695","1481945445","0.281046"
"1481945445","2141021963","0.500826"
"2141021963","1481945445","0.500826"
"1481945445","23208396","1.21438"
"23208396","1481945445","1.21438"
"1481945445","2524444197","0.265079"
"2524444197","1481945445","0.265079"
"1481945445","2778215685","0.0555556"
"2778215685","1481945445","0.0555556"
"1481945445","68159281","0.299145"
"68159281","1481945445","0.299145"
"1591370639","1748464847","1.28532"
"1748464847","1591370639","1.28532"
"1591370639","1982778414","0.774635"
"1982778414","1591370639","0.774635"
"1591370639","2077469457","0.390054"
"2077469457","1591370639","0.390054"
"1591370639","2778215685","0.0555556"
"2778215685","1591370639","0.0555556"
"1591370639","68159281","0.556721"
"68159281","1591370639","0.556721"
"167216241","1748464847","0.347445"
"1748464847","167216241","0.347445"
"167216241","1982778414","0.339379"
"1982778414","167216241","0.339379"
"167216241","2778215685","0.114379"
"2778215685","167216241","0.114379"
"167216241","68159281","0.705288"
"68159281","167216241","0.705288"
"1748464847","1982778414","0.374635"
"1982778414","1748464847","0.374635"
"1748464847","2010367507","0.91908"
"2010367507","1748464847","0.91908"
"1748464847","2023959340","2.38859"
"2023959340","1748464847","2.38859"
"1748464847","2077469457","0.525068"
"2077469457","1748464847","0.525068"
"1748464847","2100852994","0.896461"
"2100852994","1748464847","0.896461"
"1748464847","2122177035","0.96435"
"2122177035","1748464847","0.96435"
"1748464847","2128637495","1.12312"
"2128637495","1748464847","1.12312"
"1748464847","2138049695","1.16908"
"2138049695","1748464847","1.16908"
"1748464847","2141021963","3.44812"
"2141021963","1748464847","3.44812"
"1748464847","23208396","1.05882"
"23208396","1748464847","1.05882"
"1748464847","2524444197","0.523413"
"2524444197","1748464847","0.523413"
"1748464847","2778215685","0.114379"
"2778215685","1748464847","0.114379"
"1748464847","68159281","0.525068"
"68159281","1748464847","0.525068"
"1982778414","2010367507","2.43297"
"2010367507","1982778414","2.43297"
"1982778414","2023959340","2.4913"
"2023959340","1982778414","2.4913"
"1982778414","2077469457","0.122222"
"2077469457","1982778414","0.122222"
"1982778414","2100852994","0.774635"
"2100852994","1982778414","0.774635"
"1982778414","2122177035","1.49964"
"2122177035","1982778414","1.49964"
"1982778414","2128637495","0.874636"
"2128637495","1982778414","0.874636"
"1982778414","2138049695","1.70797"
"2138049695","1982778414","1.70797"
"1982778414","2141021963","0.807969"
"2141021963","1982778414","0.807969"
"1982778414","23208396","2.43938"
"23208396","1982778414","2.43938"
"1982778414","2524444197","0.722222"
"2524444197","1982778414","0.722222"
"1982778414","2778215685","0.0555556"
"2778215685","1982778414","0.0555556"
"1982778414","68159281","0.222222"
"68159281","1982778414","0.222222"
"2010367507","2077469457","0.122222"
"2077469457","2010367507","0.122222"
"2010367507","2778215685","0.0555556"
"2778215685","2010367507","0.0555556"
"2010367507","68159281","0.222222"
"68159281","2010367507","0.222222"
"2023959340","2778215685","0.114379"
"2778215685","2023959340","0.114379"
"2023959340","68159281","1.21554"
"68159281","2023959340","1.21554"
"2077469457","2100852994","0.265079"
"2100852994","2077469457","0.265079"
"2077469457","2128637495","0.491735"
"2128637495","2077469457","0.491735"
"2077469457","2138049695","0.122222"
"2138049695","2077469457","0.122222"
"2077469457","2141021963","0.691735"
"2141021963","2077469457","0.691735"
"2077469457","2524444197","0.122222"
"2524444197","2077469457","0.122222"
"2077469457","2778215685","0.523109"
"2778215685","2077469457","0.523109"
"2077469457","68159281","7.01167"
"68159281","2077469457","7.01167"
"2100852994","2778215685","0.0555556"
"2778215685","2100852994","0.0555556"
"2100852994","68159281","0.265079"
"68159281","2100852994","0.265079"
"2122177035","2778215685","0.114379"
"2778215685","2122177035","0.114379"
"2122177035","68159281","0.600826"
"68159281","2122177035","0.600826"
"2128637495","2778215685","0.114379"
"2778215685","2128637495","0.114379"
"2128637495","68159281","0.758402"
"68159281","2128637495","0.758402"
"2138049695","2778215685","0.0555556"
"2778215685","2138049695","0.0555556"
"2138049695","68159281","0.388889"
"68159281","2138049695","0.388889"
"2141021963","2778215685","0.114379"
"2778215685","2141021963","0.114379"
"2141021963","68159281","0.691735"
"68159281","2141021963","0.691735"
"23208396","2778215685","0.0555556"
"2778215685","23208396","0.0555556"
"23208396","68159281","0.722222"
"68159281","23208396","0.722222"
"2524444197","2778215685","0.0555556"
"2778215685","2524444197","0.0555556"
"2524444197","68159281","0.122222"
"68159281","2524444197","0.122222"
"2778215685","68159281","0.523109"
"68159281","2778215685","0.523109"
"104428423","2345657725","0.19457"
"2345657725","104428423","0.19457"
"141003461","2345657725","0.927636"
"2345657725","141003461","0.927636"
"1481945445","2112022457","0.12549"
"2112022457","1481945445","0.12549"
"1481945445","2171811679","0.292157"
"2171811679","1481945445","0.292157"
"1481945445","2345657725","0.235747"
"2345657725","1481945445","0.235747"
"1591370639","2345657725","0.409989"
"2345657725","1591370639","0.409989"
"167216241","2345657725","0.20098"
"2345657725","167216241","0.20098"
"1748464847","2112022457","0.428758"
"2112022457","1748464847","0.428758"
"1748464847","2171811679","0.34408"
"2171811679","1748464847","0.34408"
"1748464847","2345657725","0.377903"
"2345657725","1748464847","0.377903"
"1982778414","2112022457","0.642157"
"2112022457","1982778414","0.642157"
"1982778414","2171811679","0.927413"
"2171811679","1982778414","0.927413"
"1982778414","2345657725","0.158824"
"2345657725","1982778414","0.158824"
"2010367507","2345657725","0.242157"
"2345657725","2010367507","0.242157"
"2023959340","2345657725","0.735479"
"2345657725","2023959340","0.735479"
"2100852994","2345657725","0.142157"
"2345657725","2100852994","0.142157"
"2112022457","2345657725","0.20098"
"2345657725","2112022457","0.20098"
"2122177035","2345657725","0.39457"
"2345657725","2122177035","0.39457"
"2128637495","2345657725","0.468813"
"2345657725","2128637495","0.468813"
"2138049695","2345657725","0.158824"
"2345657725","2138049695","0.158824"
"2141021963","2345657725","0.627903"
"2345657725","2141021963","0.627903"
"2171811679","2345657725","0.142157"
"2345657725","2171811679","0.142157"
"23208396","2345657725","0.408824"
"2345657725","23208396","0.408824"
"104428423","1993767827","0.135747"
"1993767827","104428423","0.135747"
"104428423","2523683449","0.135747"
"2523683449","104428423","0.135747"
"141003461","1993767827","2.39897"
"1993767827","141003461","2.39897"
"141003461","2523683449","0.923574"
"2523683449","141003461","0.923574"
"1481945445","1993767827","0.74359"
"1993767827","1481945445","0.74359"
"1481945445","2523683449","0.0769231"
"2523683449","1481945445","0.0769231"
"1591370639","1993767827","0.234499"
"1993767827","1591370639","0.234499"
"1591370639","2523683449","0.251166"
"2523683449","1591370639","0.251166"
"1748464847","1993767827","0.278604"
"1993767827","1748464847","0.278604"
"1748464847","2523683449","0.135747"
"2523683449","1748464847","0.135747"
"1993767827","2023959340","0.526656"
"2023959340","1993767827","0.526656"
"1993767827","2077469457","1.91044"
"2077469457","1993767827","1.91044"
"1993767827","2122177035","0.44527"
"2122177035","1993767827","0.44527"
"1993767827","2128637495","0.536179"
"2128637495","1993767827","0.536179"
"1993767827","2141021963","0.278604"
"2141021963","1993767827","0.278604"
"1993767827","2345657725","0.678336"
"2345657725","1993767827","0.678336"
"1993767827","2523683449","0.649765"
"2523683449","1993767827","0.649765"
"1993767827","68159281","3.01044"
"68159281","1993767827","3.01044"
"2023959340","2523683449","0.509989"
"2523683449","2023959340","0.509989"
"2077469457","2345657725","1.10691"
"2345657725","2077469457","1.10691"
"2077469457","2523683449","0.869245"
"2523683449","2077469457","0.869245"
"2122177035","2523683449","0.135747"
"2523683449","2122177035","0.135747"
"2128637495","2523683449","0.309989"
"2523683449","2128637495","0.309989"
"2141021963","2523683449","0.21908"
"2523683449","2141021963","0.21908"
"2345657725","2523683449","3.80179"
"2523683449","2345657725","3.80179"
"2345657725","68159281","0.782665"
"68159281","2345657725","0.782665"
"2523683449","68159281","0.687427"
"68159281","2523683449","0.687427"
"104428423","2567714451","0.0769231"
"2567714451","104428423","0.0769231"
"141003461","2567714451","0.135747"
"2567714451","141003461","0.135747"
"1591370639","2567714451","0.0769231"
"2567714451","1591370639","0.0769231"
"1748464847","2567714451","0.0769231"
"2567714451","1748464847","0.0769231"
"1982778414","2567714451","0.0769231"
"2567714451","1982778414","0.0769231"
"2010367507","2567714451","0.0769231"
"2567714451","2010367507","0.0769231"
"2023959340","2567714451","0.0769231"
"2567714451","2023959340","0.0769231"
"2100852994","2567714451","0.0769231"
"2567714451","2100852994","0.0769231"
"2122177035","2567714451","0.0769231"
"2567714451","2122177035","0.0769231"
"2128637495","2567714451","0.0769231"
"2567714451","2128637495","0.0769231"
"2138049695","2567714451","0.0769231"
"2567714451","2138049695","0.0769231"
"2141021963","2567714451","0.0769231"
"2567714451","2141021963","0.0769231"
"2171811679","2567714451","0.0769231"
"2567714451","2171811679","0.0769231"
"104428423","2900479912","0.0588235"
"2900479912","104428423","0.0588235"
"104428423","2948017961","0.0588235"
"2948017961","104428423","0.0588235"
"104428423","2982827547","0.0588235"
"2982827547","104428423","0.0588235"
"141003461","2900479912","0.0588235"
"2900479912","141003461","0.0588235"
"141003461","2948017961","0.0588235"
"2948017961","141003461","0.0588235"
"141003461","2982827547","0.0588235"
"2982827547","141003461","0.0588235"
"167216241","1993767827","0.0588235"
"1993767827","167216241","0.0588235"
"167216241","2523683449","0.0588235"
"2523683449","167216241","0.0588235"
"167216241","2900479912","0.0588235"
"2900479912","167216241","0.0588235"
"167216241","2948017961","0.0588235"
"2948017961","167216241","0.0588235"
"167216241","2982827547","0.0588235"
"2982827547","167216241","0.0588235"
"1748464847","2900479912","0.0588235"
"2900479912","1748464847","0.0588235"
"1748464847","2948017961","0.0588235"
"2948017961","1748464847","0.0588235"
"1748464847","2982827547","0.0588235"
"2982827547","1748464847","0.0588235"
"1993767827","2112022457","0.12549"
"2112022457","1993767827","0.12549"
"1993767827","2778215685","1.46755"
"2778215685","1993767827","1.46755"
"1993767827","2900479912","0.0588235"
"2900479912","1993767827","0.0588235"
"1993767827","2948017961","0.0588235"
"2948017961","1993767827","0.0588235"
"1993767827","2982827547","0.0588235"
"2982827547","1993767827","0.0588235"
"2023959340","2900479912","0.0588235"
"2900479912","2023959340","0.0588235"
"2023959340","2948017961","0.0588235"
"2948017961","2023959340","0.0588235"
"2023959340","2982827547","0.0588235"
"2982827547","2023959340","0.0588235"
"2077469457","2112022457","0.32549"
"2112022457","2077469457","0.32549"
"2077469457","2900479912","0.0588235"
"2900479912","2077469457","0.0588235"
"2077469457","2948017961","0.0588235"
"2948017961","2077469457","0.0588235"
"2077469457","2982827547","0.392157"
"2982827547","2077469457","0.392157"
"2112022457","2523683449","0.342157"
"2523683449","2112022457","0.342157"
"2112022457","2778215685","0.0588235"
"2778215685","2112022457","0.0588235"
"2112022457","2900479912","0.0588235"
"2900479912","2112022457","0.0588235"
"2112022457","2948017961","0.0588235"
"2948017961","2112022457","0.0588235"
"2112022457","2982827547","0.0588235"
"2982827547","2112022457","0.0588235"
"2112022457","68159281","0.492157"
"68159281","2112022457","0.492157"
"2122177035","2900479912","0.0588235"
"2900479912","2122177035","0.0588235"
"2122177035","2948017961","0.0588235"
"2948017961","2122177035","0.0588235"
"2122177035","2982827547","0.0588235"
"2982827547","2122177035","0.0588235"
"2128637495","2900479912","0.0588235"
"2900479912","2128637495","0.0588235"
"2128637495","2948017961","0.0588235"
"2948017961","2128637495","0.0588235"
"2128637495","2982827547","0.0588235"
"2982827547","2128637495","0.0588235"
"2141021963","2900479912","0.0588235"
"2900479912","2141021963","0.0588235"
"2141021963","2948017961","0.0588235"
"2948017961","2141021963","0.0588235"
"2141021963","2982827547","0.0588235"
"2982827547","2141021963","0.0588235"
"2345657725","2778215685","0.22549"
"2778215685","2345657725","0.22549"
"2345657725","2900479912","0.0588235"
"2900479912","2345657725","0.0588235"
"2345657725","2948017961","0.0588235"
"2948017961","2345657725","0.0588235"
"2345657725","2982827547","0.392157"
"2982827547","2345657725","0.392157"
"2523683449","2778215685","0.296919"
"2778215685","2523683449","0.296919"
"2523683449","2900479912","0.0588235"
"2900479912","2523683449","0.0588235"
"2523683449","2948017961","0.0588235"
"2948017961","2523683449","0.0588235"
"2523683449","2982827547","0.0588235"
"2982827547","2523683449","0.0588235"
"2778215685","2900479912","0.22549"
"2900479912","2778215685","0.22549"
"2778215685","2948017961","0.558824"
"2948017961","2778215685","0.558824"
"2778215685","2982827547","0.558824"
"2982827547","2778215685","0.558824"
"2900479912","2948017961","6.95168"
"2948017961","2900479912","6.95168"
"2900479912","2982827547","0.892157"
"2982827547","2900479912","0.892157"
"2900479912","68159281","0.0588235"
"68159281","2900479912","0.0588235"
"2948017961","2982827547","1.97549"
"2982827547","2948017961","1.97549"
"2948017961","68159281","0.0588235"
"68159281","2948017961","0.0588235"
"2982827547","68159281","0.0588235"
"68159281","2982827547","0.0588235"
"1236479421","1748464847","0.274242"
"1748464847","1236479421","0.274242"
"1236479421","2077469457","0.190909"
"2077469457","1236479421","0.190909"
"1236479421","68159281","0.190909"
"68159281","1236479421","0.190909"
"1748464847","1995290095","0.274242"
"1995290095","1748464847","0.274242"
"1995290095","2077469457","0.190909"
"2077469457","1995290095","0.190909"
"1995290095","68159281","0.190909"
"68159281","1995290095","0.190909"
"104428423","27867186","0.333333"
"27867186","104428423","0.333333"
"141003461","27867186","0.333333"
"27867186","141003461","0.333333"
"167216241","27867186","0.333333"
"27867186","167216241","0.333333"
"1224296734","172999119","1.09091"
"172999119","1224296734","1.09091"
"1224296734","2083785453","0.25"
"2083785453","1224296734","0.25"
"1224296734","27867186","0.833333"
"27867186","1224296734","0.833333"
"1224296734","7544043","0.733766"
"7544043","1224296734","0.733766"
"172999119","2083785453","0.392857"
"2083785453","172999119","0.392857"
"172999119","27867186","1.5"
"27867186","172999119","1.5"
"172999119","7544043","0.733766"
"7544043","172999119","0.733766"
"2083785453","27867186","0.25"
"27867186","2083785453","0.25"
"2083785453","7544043","2.37073"
"7544043","2083785453","2.37073"
"27867186","7544043","2.15833"
"7544043","27867186","2.15833"
"1224296734","1491243518","2.84091"
"1491243518","1224296734","2.84091"
"1224296734","1236479421","0.233766"
"1236479421","1224296734","0.233766"
"1224296734","14075757","0.5671"
"14075757","1224296734","0.5671"
"1224296734","1995290095","0.233766"
"1995290095","1224296734","0.233766"
"1224296734","2405431234","0.142857"
"2405431234","1224296734","0.142857"
"1224296734","2526161582","0.5671"
"2526161582","1224296734","0.5671"
"1224296734","2547378457","0.142857"
"2547378457","1224296734","0.142857"
"1236479421","14075757","1.70324"
"14075757","1236479421","1.70324"
"1236479421","2405431234","0.77619"
"2405431234","1236479421","0.77619"
"1236479421","2526161582","1.45324"
"2526161582","1236479421","1.45324"
"1236479421","2547378457","0.47619"
"2547378457","1236479421","0.47619"
"1236479421","7544043","5.01078"
"7544043","1236479421","5.01078"
"14075757","1995290095","1.34213"
"1995290095","14075757","1.34213"
"14075757","2405431234","0.285714"
"2405431234","14075757","0.285714"
"14075757","2526161582","6.07229"
"2526161582","14075757","6.07229"
"14075757","2547378457","0.285714"
"2547378457","14075757","0.285714"
"14075757","7544043","1.60245"
"7544043","14075757","1.60245"
"1995290095","2405431234","0.77619"
"2405431234","1995290095","0.77619"
"1995290095","2526161582","1.34213"
"2526161582","1995290095","1.34213"
"1995290095","2547378457","0.47619"
"2547378457","1995290095","0.47619"
"1995290095","7544043","5.01078"
"7544043","1995290095","5.01078"
"2405431234","2526161582","0.285714"
"2526161582","2405431234","0.285714"
"2405431234","2547378457","1.02976"
"2547378457","2405431234","1.02976"
"2405431234","7544043","1.32976"
"7544043","2405431234","1.32976"
"2526161582","2547378457","0.285714"
"2547378457","2526161582","0.285714"
"2526161582","7544043","1.10245"
"7544043","2526161582","1.10245"
"2547378457","7544043","0.553571"
"7544043","2547378457","0.553571"
"1224296734","204642155","0.590909"
"204642155","1224296734","0.590909"
"1224296734","2071005228","0.0909091"
"2071005228","1224296734","0.0909091"
"1224296734","2497845670","0.0909091"
"2497845670","1224296734","0.0909091"
"1224296734","2523434765","0.0909091"
"2523434765","1224296734","0.0909091"
"1236479421","1491243518","0.0909091"
"1491243518","1236479421","0.0909091"
"1236479421","172999119","0.0909091"
"172999119","1236479421","0.0909091"
"1236479421","204642155","0.290909"
"204642155","1236479421","0.290909"
"1236479421","2071005228","0.162338"
"2071005228","1236479421","0.162338"
"1236479421","2497845670","0.162338"
"2497845670","1236479421","0.162338"
"1236479421","2523434765","0.215909"
"2523434765","1236479421","0.215909"
"14075757","1491243518","0.0909091"
"1491243518","14075757","0.0909091"
"14075757","172999119","0.733766"
"172999119","14075757","0.733766"
"14075757","204642155","0.0909091"
"204642155","14075757","0.0909091"
"14075757","2071005228","0.305195"
"2071005228","14075757","0.305195"
"14075757","2497845670","0.162338"
"2497845670","14075757","0.162338"
"14075757","2523434765","0.0909091"
"2523434765","14075757","0.0909091"
"1491243518","172999119","0.340909"
"172999119","1491243518","0.340909"
"1491243518","1995290095","0.0909091"
"1995290095","1491243518","0.0909091"
"1491243518","204642155","0.0909091"
"204642155","1491243518","0.0909091"
"1491243518","2071005228","0.0909091"
"2071005228","1491243518","0.0909091"
"1491243518","2497845670","0.0909091"
"2497845670","1491243518","0.0909091"
"1491243518","2523434765","0.0909091"
"2523434765","1491243518","0.0909091"
"1491243518","2526161582","0.0909091"
"2526161582","1491243518","0.0909091"
"1491243518","7544043","1.34091"
"7544043","1491243518","1.34091"
"172999119","1995290095","0.0909091"
"1995290095","172999119","0.0909091"
"172999119","204642155","0.590909"
"204642155","172999119","0.590909"
"172999119","2071005228","0.0909091"
"2071005228","172999119","0.0909091"
"172999119","2497845670","0.0909091"
"2497845670","172999119","0.0909091"
"172999119","2523434765","0.0909091"
"2523434765","172999119","0.0909091"
"172999119","2526161582","0.733766"
"2526161582","172999119","0.733766"
"1995290095","204642155","0.0909091"
"204642155","1995290095","0.0909091"
"1995290095","2071005228","0.162338"
"2071005228","1995290095","0.162338"
"1995290095","2497845670","0.162338"
"2497845670","1995290095","0.162338"
"1995290095","2523434765","0.215909"
"2523434765","1995290095","0.215909"
"204642155","2071005228","0.0909091"
"2071005228","204642155","0.0909091"
"204642155","2497845670","0.0909091"
"2497845670","204642155","0.0909091"
"204642155","2523434765","0.0909091"
"2523434765","204642155","0.0909091"
"204642155","2526161582","0.0909091"
"2526161582","204642155","0.0909091"
"204642155","7544043","0.0909091"
"7544043","204642155","0.0909091"
"2071005228","2497845670","0.162338"
"2497845670","2071005228","0.162338"
"2071005228","2523434765","0.0909091"
"2523434765","2071005228","0.0909091"
"2071005228","2526161582","0.305195"
"2526161582","2071005228","0.305195"
"2071005228","7544043","0.0909091"
"7544043","2071005228","0.0909091"
"2497845670","2523434765","0.0909091"
"2523434765","2497845670","0.0909091"
"2497845670","2526161582","0.162338"
"2526161582","2497845670","0.162338"
"2497845670","7544043","0.0909091"
"7544043","2497845670","0.0909091"
"2523434765","2526161582","0.0909091"
"2526161582","2523434765","0.0909091"
"2523434765","7544043","0.215909"
"7544043","2523434765","0.215909"
"1224296734","2071800216","0.5"
"2071800216","1224296734","0.5"
"1491243518","2071800216","0.5"
"2071800216","1491243518","0.5"
"14075757","27867186","0.333333"
"27867186","14075757","0.333333"
"2526161582","27867186","0.333333"
"27867186","2526161582","0.333333"
"1491243518","27867186","0.25"
"27867186","1491243518","0.25"
"1236479421","2027146564","1.96154"
"2027146564","1236479421","1.96154"
"1236479421","2081377878","3.8866"
"2081377878","1236479421","3.8866"
"1236479421","2523797613","1.73605"
"2523797613","1236479421","1.73605"
"14075757","2027146564","0.625826"
"2027146564","14075757","0.625826"
"14075757","2081377878","1.85089"
"2081377878","14075757","1.85089"
"14075757","2523797613","0.567002"
"2523797613","14075757","0.567002"
"1995290095","2027146564","1.96154"
"2027146564","1995290095","1.96154"
"1995290095","2081377878","2.35882"
"2081377878","1995290095","2.35882"
"1995290095","2523797613","1.73605"
"2523797613","1995290095","1.73605"
"2027146564","2081377878","0.876284"
"2081377878","2027146564","0.876284"
"2027146564","2523797613","3.40272"
"2523797613","2027146564","3.40272"
"2027146564","2526161582","0.625826"
"2526161582","2027146564","0.625826"
"2027146564","7544043","1.79091"
"7544043","2027146564","1.79091"
"2081377878","2523797613","0.650794"
"2523797613","2081377878","0.650794"
"2081377878","2526161582","1.60089"
"2526161582","2081377878","1.60089"
"2081377878","7544043","1.37509"
"7544043","2081377878","1.37509"
"2523797613","2526161582","0.567002"
"2526161582","2523797613","0.567002"
"2523797613","7544043","1.56542"
"7544043","2523797613","1.56542"
"1236479421","2008332764","1.32256"
"2008332764","1236479421","1.32256"
"1236479421","2077204203","0.267857"
"2077204203","1236479421","0.267857"
"1236479421","27867186","0.467857"
"27867186","1236479421","0.467857"
"1995290095","2008332764","0.822558"
"2008332764","1995290095","0.822558"
"1995290095","2077204203","0.267857"
"2077204203","1995290095","0.267857"
"1995290095","27867186","0.467857"
"27867186","1995290095","0.467857"
"2008332764","2027146564","0.622558"
"2027146564","2008332764","0.622558"
"2008332764","2077204203","0.142857"
"2077204203","2008332764","0.142857"
"2008332764","2081377878","0.253968"
"2081377878","2008332764","0.253968"
"2008332764","2523797613","0.622558"
"2523797613","2008332764","0.622558"
"2008332764","27867186","0.342857"
"27867186","2008332764","0.342857"
"2027146564","2077204203","0.142857"
"2077204203","2027146564","0.142857"
"2027146564","27867186","0.142857"
"27867186","2027146564","0.142857"
"2077204203","2081377878","0.142857"
"2081377878","2077204203","0.142857"
"2077204203","2523797613","0.142857"
"2523797613","2077204203","0.142857"
"2077204203","27867186","1.76786"
"27867186","2077204203","1.76786"
"2081377878","27867186","0.142857"
"27867186","2081377878","0.142857"
"2523797613","27867186","0.142857"
"27867186","2523797613","0.142857"
"1236479421","2518790240","1.05638"
"2518790240","1236479421","1.05638"
"1236479421","2794811688","0.604701"
"2794811688","1236479421","0.604701"
"1995290095","2518790240","0.806382"
"2518790240","1995290095","0.806382"
"1995290095","2794811688","0.604701"
"2794811688","1995290095","0.604701"
"2081377878","2518790240","1.47946"
"2518790240","2081377878","1.47946"
"2081377878","2794811688","2.02778"
"2794811688","2081377878","2.02778"
"2518790240","2794811688","2.74359"
"2794811688","2518790240","2.74359"
"1236479421","1966175380","0.7"
"1966175380","1236479421","0.7"
"1236479421","2045726900","0.938095"
"2045726900","1236479421","0.938095"
"1236479421","2253656320","0.858333"
"2253656320","1236479421","0.858333"
"1236479421","2394784643","0.2"
"2394784643","1236479421","0.2"
"1966175380","2045726900","3.86667"
"2045726900","1966175380","3.86667"
"1966175380","204642155","0.7"
"204642155","1966175380","0.7"
"1966175380","2253656320","0.533333"
"2253656320","1966175380","0.533333"
"1966175380","2394784643","0.2"
"2394784643","1966175380","0.2"
"2045726900","204642155","0.2"
"204642155","2045726900","0.2"
"2045726900","2253656320","0.2"
"2253656320","2045726900","0.2"
"2045726900","2394784643","0.2"
"2394784643","2045726900","0.2"
"204642155","2253656320","0.2"
"2253656320","204642155","0.2"
"204642155","2394784643","0.2"
"2394784643","204642155","0.2"
"2253656320","2394784643","0.2"
"2394784643","2253656320","0.2"
"1236479421","1977527011","0.566302"
"1977527011","1236479421","0.566302"
"14075757","1977527011","0.482969"
"1977527011","14075757","0.482969"
"14075757","2008332764","0.313034"
"2008332764","14075757","0.313034"
"1977527011","1995290095","0.455191"
"1995290095","1977527011","0.455191"
"1977527011","2008332764","3.70192"
"2008332764","1977527011","3.70192"
"1977527011","2027146564","0.260747"
"2027146564","1977527011","0.260747"
"1977527011","2523797613","0.201923"
"2523797613","1977527011","0.201923"
"1977527011","2526161582","0.482969"
"2526161582","1977527011","0.482969"
"1977527011","7544043","0.371858"
"7544043","1977527011","0.371858"
"2008332764","2526161582","0.313034"
"2526161582","2008332764","0.313034"
"2008332764","7544043","0.56859"
"7544043","2008332764","0.56859"
"1236479421","2155781848","3.50168"
"2155781848","1236479421","3.50168"
"1995290095","2155781848","1.75168"
"2155781848","1995290095","1.75168"
"2008332764","2155781848","0.936111"
"2155781848","2008332764","0.936111"
"2155781848","27867186","0.2"
"27867186","2155781848","0.2"
"2155781848","7544043","1.39057"
"7544043","2155781848","1.39057"
"2023959340","2081377878","0.333333"
"2081377878","2023959340","0.333333"
"1236479421","2079758435","0.457969"
"2079758435","1236479421","0.457969"
"14075757","2079758435","0.457969"
"2079758435","14075757","0.457969"
"14075757","2155781848","1.99216"
"2155781848","14075757","1.99216"
"1995290095","2079758435","0.346858"
"2079758435","1995290095","0.346858"
"2008332764","2079758435","0.188034"
"2079758435","2008332764","0.188034"
"2027146564","2079758435","0.246858"
"2079758435","2027146564","0.246858"
"2027146564","2155781848","0.673903"
"2155781848","2027146564","0.673903"
"2079758435","2081377878","0.381046"
"2081377878","2079758435","0.381046"
"2079758435","2155781848","0.269935"
"2155781848","2079758435","0.269935"
"2079758435","2523797613","0.188034"
"2523797613","2079758435","0.188034"
"2079758435","2526161582","0.457969"
"2526161582","2079758435","0.457969"
"2081377878","2155781848","1.38501"
"2155781848","2081377878","1.38501"
"2155781848","2523797613","0.615079"
"2523797613","2155781848","0.615079"
"2155781848","2526161582","0.742157"
"2526161582","2155781848","0.742157"
"1236479421","2034326426","0.125"
"2034326426","1236479421","0.125"
"1236479421","219436511","0.225"
"219436511","1236479421","0.225"
"1995290095","2034326426","0.125"
"2034326426","1995290095","0.125"
"1995290095","219436511","0.225"
"219436511","1995290095","0.225"
"1995290095","2253656320","0.325"
"2253656320","1995290095","0.325"
"2034326426","2077204203","0.125"
"2077204203","2034326426","0.125"
"2034326426","219436511","1.125"
"219436511","2034326426","1.125"
"2034326426","2253656320","2.95833"
"2253656320","2034326426","2.95833"
"2034326426","2523434765","2.625"
"2523434765","2034326426","2.625"
"2034326426","27867186","0.125"
"27867186","2034326426","0.125"
"2034326426","7544043","0.125"
"7544043","2034326426","0.125"
"2077204203","219436511","0.625"
"219436511","2077204203","0.625"
"2077204203","2253656320","0.125"
"2253656320","2077204203","0.125"
"2077204203","2523434765","0.125"
"2523434765","2077204203","0.125"
