"1542399824","2118875948","5.45341"
"2118875948","1542399824","5.45341"
"1542399824","2042220809","0.740909"
"2042220809","1542399824","0.740909"
"1542399824","2290178967","0.670076"
"2290178967","1542399824","0.670076"
"1542399824","2291619993","0.670076"
"2291619993","1542399824","0.670076"
"2042220809","2118875948","0.740909"
"2118875948","2042220809","0.740909"
"2042220809","2290178967","1.22662"
"2290178967","2042220809","1.22662"
"2042220809","2291619993","1.22662"
"2291619993","2042220809","1.22662"
"2118875948","2290178967","1.17008"
"2290178967","2118875948","1.17008"
"2118875948","2291619993","1.17008"
"2291619993","2118875948","1.17008"
"2290178967","2291619993","20.9725"
"2291619993","2290178967","20.9725"
"1542399824","2891825912","0.420076"
"2891825912","1542399824","0.420076"
"1542399824","86792954","0.420076"
"86792954","1542399824","0.420076"
"2118875948","2891825912","0.420076"
"2891825912","2118875948","0.420076"
"2118875948","86792954","0.420076"
"86792954","2118875948","0.420076"
"2290178967","2891825912","0.420076"
"2891825912","2290178967","0.420076"
"2290178967","86792954","7.2296"
"86792954","2290178967","7.2296"
"2291619993","2891825912","0.420076"
"2891825912","2291619993","0.420076"
"2291619993","86792954","6.2296"
"86792954","2291619993","6.2296"
"2891825912","86792954","0.420076"
"86792954","2891825912","0.420076"
"1542399824","1908508804","0.2"
"1908508804","1542399824","0.2"
"1542399824","2065043957","0.2"
"2065043957","1542399824","0.2"
"1542399824","2165589425","1.49583"
"2165589425","1542399824","1.49583"
"1542399824","2328788535","0.2"
"2328788535","1542399824","0.2"
"1908508804","2065043957","0.2"
"2065043957","1908508804","0.2"
"1908508804","2118875948","0.2"
"2118875948","1908508804","0.2"
"1908508804","2165589425","0.533333"
"2165589425","1908508804","0.533333"
"1908508804","2328788535","15.1167"
"2328788535","1908508804","15.1167"
"2065043957","2118875948","0.533333"
"2118875948","2065043957","0.533333"
"2065043957","2165589425","0.2"
"2165589425","2065043957","0.2"
"2065043957","2328788535","0.2"
"2328788535","2065043957","0.2"
"2118875948","2165589425","1.32917"
"2165589425","2118875948","1.32917"
"2118875948","2328788535","0.2"
"2328788535","2118875948","0.2"
"2165589425","2328788535","0.533333"
"2328788535","2165589425","0.533333"
"1542399824","2091291608","0.583333"
"2091291608","1542399824","0.583333"
"1542399824","2144754501","0.470076"
"2144754501","1542399824","0.470076"
"1542399824","2293178884","0.470076"
"2293178884","1542399824","0.470076"
"2091291608","2118875948","0.583333"
"2118875948","2091291608","0.583333"
"2091291608","2144754501","0.375"
"2144754501","2091291608","0.375"
"2091291608","2293178884","0.375"
"2293178884","2091291608","0.375"
"2118875948","2144754501","0.670076"
"2144754501","2118875948","0.670076"
"2118875948","2293178884","0.670076"
"2293178884","2118875948","0.670076"
"2144754501","2293178884","8.7546"
"2293178884","2144754501","8.7546"
"2042220809","2091291608","0.60119"
"2091291608","2042220809","0.60119"
"1542399824","1655672343","0.157576"
"1655672343","1542399824","0.157576"
"1542399824","2005541978","1.06667"
"2005541978","1542399824","1.06667"
"1542399824","2123558779","0.0666667"
"2123558779","1542399824","0.0666667"
"1542399824","2141897960","0.0666667"
"2141897960","1542399824","0.0666667"
"1542399824","2906842839","0.220076"
"2906842839","1542399824","0.220076"
"1542399824","2939433035","0.129167"
"2939433035","1542399824","0.129167"
"1655672343","2005541978","2.06667"
"2005541978","1655672343","2.06667"
"1655672343","2042220809","2.40162"
"2042220809","1655672343","2.40162"
"1655672343","2118875948","0.157576"
"2118875948","1655672343","0.157576"
"1655672343","2123558779","0.709524"
"2123558779","1655672343","0.709524"
"1655672343","2141897960","0.209524"
"2141897960","1655672343","0.209524"
"1655672343","2144754501","0.758766"
"2144754501","1655672343","0.758766"
"1655672343","2165589425","0.4"
"2165589425","1655672343","0.4"
"1655672343","2290178967","0.776623"
"2290178967","1655672343","0.776623"
"1655672343","2291619993","0.776623"
"2291619993","1655672343","0.776623"
"1655672343","2293178884","0.758766"
"2293178884","1655672343","0.758766"
"1655672343","2891825912","0.157576"
"2891825912","1655672343","0.157576"
"1655672343","2906842839","0.300433"
"2906842839","1655672343","0.300433"
"1655672343","2939433035","0.0666667"
"2939433035","1655672343","0.0666667"
"1655672343","86792954","0.300433"
"86792954","1655672343","0.300433"
"2005541978","2042220809","0.566667"
"2042220809","2005541978","0.566667"
"2005541978","2118875948","0.0666667"
"2118875948","2005541978","0.0666667"
"2005541978","2123558779","0.0666667"
"2123558779","2005541978","0.0666667"
"2005541978","2141897960","0.0666667"
"2141897960","2005541978","0.0666667"
"2005541978","2144754501","0.0666667"
"2144754501","2005541978","0.0666667"
"2005541978","2165589425","0.566667"
"2165589425","2005541978","0.566667"
"2005541978","2290178967","0.0666667"
"2290178967","2005541978","0.0666667"
"2005541978","2291619993","0.0666667"
"2291619993","2005541978","0.0666667"
"2005541978","2293178884","0.0666667"
"2293178884","2005541978","0.0666667"
"2005541978","2891825912","0.0666667"
"2891825912","2005541978","0.0666667"
"2005541978","2906842839","0.0666667"
"2906842839","2005541978","0.0666667"
"2005541978","2939433035","0.0666667"
"2939433035","2005541978","0.0666667"
"2005541978","86792954","0.0666667"
"86792954","2005541978","0.0666667"
"2042220809","2123558779","1.90952"
"2123558779","2042220809","1.90952"
"2042220809","2141897960","0.209524"
"2141897960","2042220809","0.209524"
"2042220809","2144754501","0.958766"
"2144754501","2042220809","0.958766"
"2042220809","2165589425","0.566667"
"2165589425","2042220809","0.566667"
"2042220809","2293178884","0.958766"
"2293178884","2042220809","0.958766"
"2042220809","2891825912","0.157576"
"2891825912","2042220809","0.157576"
"2042220809","2906842839","0.300433"
"2906842839","2042220809","0.300433"
"2042220809","2939433035","0.0666667"
"2939433035","2042220809","0.0666667"
"2042220809","86792954","0.300433"
"86792954","2042220809","0.300433"
"2118875948","2123558779","0.0666667"
"2123558779","2118875948","0.0666667"
"2118875948","2141897960","0.0666667"
"2141897960","2118875948","0.0666667"
"2118875948","2906842839","0.220076"
"2906842839","2118875948","0.220076"
"2118875948","2939433035","0.129167"
"2939433035","2118875948","0.129167"
"2123558779","2141897960","1.20952"
"2141897960","2123558779","1.20952"
"2123558779","2144754501","0.409524"
"2144754501","2123558779","0.409524"
"2123558779","2165589425","0.0666667"
"2165589425","2123558779","0.0666667"
"2123558779","2290178967","0.409524"
"2290178967","2123558779","0.409524"
"2123558779","2291619993","0.409524"
"2291619993","2123558779","0.409524"
"2123558779","2293178884","0.409524"
"2293178884","2123558779","0.409524"
"2123558779","2891825912","0.0666667"
"2891825912","2123558779","0.0666667"
"2123558779","2906842839","0.0666667"
"2906842839","2123558779","0.0666667"
"2123558779","2939433035","0.0666667"
"2939433035","2123558779","0.0666667"
"2123558779","86792954","0.0666667"
"86792954","2123558779","0.0666667"
"2141897960","2144754501","0.209524"
"2144754501","2141897960","0.209524"
"2141897960","2165589425","0.0666667"
"2165589425","2141897960","0.0666667"
"2141897960","2290178967","0.209524"
"2290178967","2141897960","0.209524"
"2141897960","2291619993","0.209524"
"2291619993","2141897960","0.209524"
"2141897960","2293178884","0.209524"
"2293178884","2141897960","0.209524"
"2141897960","2891825912","0.0666667"
"2891825912","2141897960","0.0666667"
"2141897960","2906842839","0.0666667"
"2906842839","2141897960","0.0666667"
"2141897960","2939433035","0.0666667"
"2939433035","2141897960","0.0666667"
"2141897960","86792954","0.0666667"
"86792954","2141897960","0.0666667"
"2144754501","2165589425","3.74583"
"2165589425","2144754501","3.74583"
"2144754501","2290178967","0.562933"
"2290178967","2144754501","0.562933"
"2144754501","2291619993","0.562933"
"2291619993","2144754501","0.562933"
"2144754501","2891825912","0.220076"
"2891825912","2144754501","0.220076"
"2144754501","2906842839","0.803409"
"2906842839","2144754501","0.803409"
"2144754501","2939433035","0.129167"
"2939433035","2144754501","0.129167"
"2144754501","86792954","0.220076"
"86792954","2144754501","0.220076"
"2165589425","2290178967","0.4625"
"2290178967","2165589425","0.4625"
"2165589425","2291619993","0.4625"
"2291619993","2165589425","0.4625"
"2165589425","2293178884","3.74583"
"2293178884","2165589425","3.74583"
"2165589425","2891825912","0.129167"
"2891825912","2165589425","0.129167"
"2165589425","2906842839","0.129167"
"2906842839","2165589425","0.129167"
"2165589425","2939433035","0.129167"
"2939433035","2165589425","0.129167"
"2165589425","86792954","0.129167"
"86792954","2165589425","0.129167"
"2290178967","2293178884","0.562933"
"2293178884","2290178967","0.562933"
"2290178967","2906842839","0.562933"
"2906842839","2290178967","0.562933"
"2290178967","2939433035","0.129167"
"2939433035","2290178967","0.129167"
"2291619993","2293178884","0.562933"
"2293178884","2291619993","0.562933"
"2291619993","2906842839","0.562933"
"2906842839","2291619993","0.562933"
"2291619993","2939433035","0.129167"
"2939433035","2291619993","0.129167"
"2293178884","2891825912","0.220076"
"2891825912","2293178884","0.220076"
"2293178884","2906842839","0.553409"
"2906842839","2293178884","0.553409"
"2293178884","2939433035","0.129167"
"2939433035","2293178884","0.129167"
"2293178884","86792954","0.220076"
"86792954","2293178884","0.220076"
"2891825912","2906842839","0.220076"
"2906842839","2891825912","0.220076"
"2891825912","2939433035","5.62917"
"2939433035","2891825912","5.62917"
"2906842839","2939433035","1.12917"
"2939433035","2906842839","1.12917"
"2906842839","86792954","0.562933"
"86792954","2906842839","0.562933"
"2939433035","86792954","0.129167"
"86792954","2939433035","0.129167"
"1542399824","1572096077","0.0625"
"1572096077","1542399824","0.0625"
"1542399824","2041924918","0.0625"
"2041924918","1542399824","0.0625"
"1542399824","2102415185","0.229167"
"2102415185","1542399824","0.229167"
"1542399824","2125858711","0.229167"
"2125858711","1542399824","0.229167"
"1542399824","2127004097","0.0625"
"2127004097","1542399824","0.0625"
"1542399824","2903576096","0.153409"
"2903576096","1542399824","0.153409"
"1572096077","2041924918","0.595833"
"2041924918","1572096077","0.595833"
"1572096077","2102415185","1.0125"
"2102415185","1572096077","1.0125"
"1572096077","2118875948","0.2625"
"2118875948","1572096077","0.2625"
"1572096077","2125858711","0.0625"
"2125858711","1572096077","0.0625"
"1572096077","2127004097","0.0625"
"2127004097","1572096077","0.0625"
"1572096077","2144754501","2.04583"
"2144754501","1572096077","2.04583"
"1572096077","2165589425","2.7625"
"2165589425","1572096077","2.7625"
"1572096077","2290178967","0.0625"
"2290178967","1572096077","0.0625"
"1572096077","2291619993","0.0625"
"2291619993","1572096077","0.0625"
"1572096077","2293178884","1.4625"
"2293178884","1572096077","1.4625"
"1572096077","2891825912","0.0625"
"2891825912","1572096077","0.0625"
"1572096077","2903576096","0.3125"
"2903576096","1572096077","0.3125"
"1572096077","2906842839","0.3125"
"2906842839","1572096077","0.3125"
"1572096077","2939433035","1.0625"
"2939433035","1572096077","1.0625"
"1572096077","86792954","0.0625"
"86792954","1572096077","0.0625"
"2041924918","2102415185","0.0625"
"2102415185","2041924918","0.0625"
"2041924918","2118875948","0.2625"
"2118875948","2041924918","0.2625"
"2041924918","2125858711","0.0625"
"2125858711","2041924918","0.0625"
"2041924918","2127004097","0.0625"
"2127004097","2041924918","0.0625"
"2041924918","2144754501","0.595833"
"2144754501","2041924918","0.595833"
"2041924918","2165589425","0.0625"
"2165589425","2041924918","0.0625"
"2041924918","2290178967","1.04583"
"2290178967","2041924918","1.04583"
"2041924918","2291619993","1.04583"
"2291619993","2041924918","1.04583"
"2041924918","2293178884","0.2625"
"2293178884","2041924918","0.2625"
"2041924918","2891825912","0.0625"
"2891825912","2041924918","0.0625"
"2041924918","2903576096","0.0625"
"2903576096","2041924918","0.0625"
"2041924918","2906842839","0.0625"
"2906842839","2041924918","0.0625"
"2041924918","2939433035","0.0625"
"2939433035","2041924918","0.0625"
"2041924918","86792954","0.0625"
"86792954","2041924918","0.0625"
"2102415185","2118875948","0.0625"
"2118875948","2102415185","0.0625"
"2102415185","2125858711","0.229167"
"2125858711","2102415185","0.229167"
"2102415185","2127004097","0.0625"
"2127004097","2102415185","0.0625"
"2102415185","2144754501","1.42917"
"2144754501","2102415185","1.42917"
"2102415185","2165589425","2.09583"
"2165589425","2102415185","2.09583"
"2102415185","2290178967","0.395833"
"2290178967","2102415185","0.395833"
"2102415185","2291619993","0.395833"
"2291619993","2102415185","0.395833"
"2102415185","2293178884","1.42917"
"2293178884","2102415185","1.42917"
"2102415185","2891825912","0.0625"
"2891825912","2102415185","0.0625"
"2102415185","2903576096","0.0625"
"2903576096","2102415185","0.0625"
"2102415185","2906842839","0.0625"
"2906842839","2102415185","0.0625"
"2102415185","2939433035","0.0625"
"2939433035","2102415185","0.0625"
"2102415185","86792954","0.0625"
"86792954","2102415185","0.0625"
"2118875948","2125858711","0.0625"
"2125858711","2118875948","0.0625"
"2118875948","2127004097","0.0625"
"2127004097","2118875948","0.0625"
"2118875948","2903576096","0.153409"
"2903576096","2118875948","0.153409"
"2125858711","2127004097","0.0625"
"2127004097","2125858711","0.0625"
"2125858711","2144754501","0.0625"
"2144754501","2125858711","0.0625"
"2125858711","2165589425","0.229167"
"2165589425","2125858711","0.229167"
"2125858711","2290178967","0.0625"
"2290178967","2125858711","0.0625"
"2125858711","2291619993","0.0625"
"2291619993","2125858711","0.0625"
"2125858711","2293178884","0.0625"
"2293178884","2125858711","0.0625"
"2125858711","2891825912","0.0625"
"2891825912","2125858711","0.0625"
"2125858711","2903576096","0.0625"
"2903576096","2125858711","0.0625"
"2125858711","2906842839","0.0625"
"2906842839","2125858711","0.0625"
"2125858711","2939433035","0.0625"
"2939433035","2125858711","0.0625"
"2125858711","86792954","0.0625"
"86792954","2125858711","0.0625"
"2127004097","2144754501","0.1875"
"2144754501","2127004097","0.1875"
"2127004097","2165589425","0.0625"
"2165589425","2127004097","0.0625"
"2127004097","2290178967","0.0625"
"2290178967","2127004097","0.0625"
"2127004097","2291619993","0.0625"
"2291619993","2127004097","0.0625"
"2127004097","2293178884","0.1875"
"2293178884","2127004097","0.1875"
"2127004097","2891825912","0.0625"
"2891825912","2127004097","0.0625"
"2127004097","2903576096","0.0625"
"2903576096","2127004097","0.0625"
"2127004097","2906842839","0.0625"
"2906842839","2127004097","0.0625"
"2127004097","2939433035","0.0625"
"2939433035","2127004097","0.0625"
"2127004097","86792954","0.0625"
"86792954","2127004097","0.0625"
"2144754501","2903576096","0.736742"
"2903576096","2144754501","0.736742"
"2165589425","2903576096","0.0625"
"2903576096","2165589425","0.0625"
"2290178967","2903576096","0.496266"
"2903576096","2290178967","0.496266"
"2291619993","2903576096","0.496266"
"2903576096","2291619993","0.496266"
"2293178884","2903576096","0.486742"
"2903576096","2293178884","0.486742"
"2891825912","2903576096","0.153409"
"2903576096","2891825912","0.153409"
"2903576096","2906842839","11.6629"
"2906842839","2903576096","11.6629"
"2903576096","2939433035","1.0625"
"2939433035","2903576096","1.0625"
"2903576096","86792954","0.496266"
"86792954","2903576096","0.496266"
"1542399824","1994788755","0.166667"
"1994788755","1542399824","0.166667"
"1542399824","2056550122","0.166667"
"2056550122","1542399824","0.166667"
"1542399824","2074769682","0.166667"
"2074769682","1542399824","0.166667"
"1994788755","2056550122","1.16667"
"2056550122","1994788755","1.16667"
"1994788755","2074769682","3.35"
"2074769682","1994788755","3.35"
"1994788755","2102415185","0.166667"
"2102415185","1994788755","0.166667"
"1994788755","2125858711","4.01667"
"2125858711","1994788755","4.01667"
"1994788755","2165589425","0.166667"
"2165589425","1994788755","0.166667"
"2056550122","2074769682","0.166667"
"2074769682","2056550122","0.166667"
"2056550122","2102415185","3.28333"
"2102415185","2056550122","3.28333"
"2056550122","2125858711","0.166667"
"2125858711","2056550122","0.166667"
"2056550122","2165589425","1.36667"
"2165589425","2056550122","1.36667"
"2074769682","2102415185","0.166667"
"2102415185","2074769682","0.166667"
"2074769682","2125858711","3.01667"
"2125858711","2074769682","3.01667"
"2074769682","2165589425","0.166667"
"2165589425","2074769682","0.166667"
"1655672343","2903576096","0.233766"
"2903576096","1655672343","0.233766"
"2042220809","2903576096","0.233766"
"2903576096","2042220809","0.233766"
"1572096077","2763513601","1.58333"
"2763513601","1572096077","1.58333"
"2041924918","2763513601","0.333333"
"2763513601","2041924918","0.333333"
"2144754501","2763513601","0.916667"
"2763513601","2144754501","0.916667"
"1572096077","2056550122","2.15"
"2056550122","1572096077","2.15"
"1572096077","1908508804","0.25"
"1908508804","1572096077","0.25"
"1572096077","2138941041","0.25"
"2138941041","1572096077","0.25"
"1572096077","2152832755","0.25"
"2152832755","1572096077","0.25"
"1572096077","2328788535","0.25"
"2328788535","1572096077","0.25"
"1908508804","2138941041","0.583333"
"2138941041","1908508804","0.583333"
"1908508804","2152832755","0.25"
"2152832755","1908508804","0.25"
"2138941041","2152832755","13.1"
"2152832755","2138941041","13.1"
"2138941041","2328788535","0.583333"
"2328788535","2138941041","0.583333"
"2152832755","2328788535","0.25"
"2328788535","2152832755","0.25"
"2056550122","2144754501","1.23333"
"2144754501","2056550122","1.23333"
"2056550122","2293178884","1.23333"
"2293178884","2056550122","1.23333"
"2041924918","2056550122","0.2"
"2056550122","2041924918","0.2"
"2056550122","2118875948","0.2"
"2118875948","2056550122","0.2"
"2763513601","2903576096","0.25"
"2903576096","2763513601","0.25"
"2763513601","2906842839","0.25"
"2906842839","2763513601","0.25"
"1655672343","2091291608","0.267857"
"2091291608","1655672343","0.267857"
"2091291608","2290178967","3.75952"
"2290178967","2091291608","3.75952"
"2091291608","2291619993","3.75952"
"2291619993","2091291608","3.75952"
"2091291608","2903576096","0.142857"
"2903576096","2091291608","0.142857"
"2091291608","2906842839","0.142857"
"2906842839","2091291608","0.142857"
"2091291608","86792954","1.77619"
"86792954","2091291608","1.77619"
"1655672343","1880384800","0.125"
"1880384800","1655672343","0.125"
"1655672343","2112888568","0.125"
"2112888568","1655672343","0.125"
"1655672343","2127004097","0.125"
"2127004097","1655672343","0.125"
"1655672343","2170105021","0.125"
"2170105021","1655672343","0.125"
"1880384800","2042220809","0.125"
"2042220809","1880384800","0.125"
"1880384800","2091291608","0.125"
"2091291608","1880384800","0.125"
"1880384800","2112888568","1.49167"
"2112888568","1880384800","1.49167"
"1880384800","2127004097","0.125"
"2127004097","1880384800","0.125"
"1880384800","2144754501","0.125"
"2144754501","1880384800","0.125"
"1880384800","2170105021","1.54167"
"2170105021","1880384800","1.54167"
"1880384800","2293178884","0.125"
"2293178884","1880384800","0.125"
"2042220809","2112888568","0.125"
"2112888568","2042220809","0.125"
"2042220809","2127004097","0.125"
"2127004097","2042220809","0.125"
"2042220809","2170105021","0.125"
"2170105021","2042220809","0.125"
"2091291608","2112888568","0.325"
"2112888568","2091291608","0.325"
"2091291608","2127004097","0.325"
"2127004097","2091291608","0.325"
"2091291608","2170105021","0.325"
"2170105021","2091291608","0.325"
"2112888568","2127004097","0.325"
"2127004097","2112888568","0.325"
"2112888568","2144754501","0.458333"
"2144754501","2112888568","0.458333"
"2112888568","2170105021","1.49167"
"2170105021","2112888568","1.49167"
"2112888568","2293178884","0.125"
"2293178884","2112888568","0.125"
"2127004097","2170105021","0.325"
"2170105021","2127004097","0.325"
"2144754501","2170105021","0.125"
"2170105021","2144754501","0.125"
"2170105021","2293178884","0.125"
"2293178884","2170105021","0.125"
"1659280461","2125858711","3.18333"
"2125858711","1659280461","3.18333"
"1659280461","2763513601","1.1"
"2763513601","1659280461","1.1"
"2125858711","2763513601","1.43333"
"2763513601","2125858711","1.43333"
"1659280461","2074769682","2.51667"
"2074769682","1659280461","2.51667"
"1659280461","1994788755","3.35"
"1994788755","1659280461","3.35"
"1659280461","2522975465","0.25"
"2522975465","1659280461","0.25"
"1994788755","2522975465","0.583333"
"2522975465","1994788755","0.583333"
"2074769682","2522975465","0.25"
"2522975465","2074769682","0.25"
"2125858711","2522975465","0.25"
"2522975465","2125858711","0.25"
"1659280461","2167015470","2.43333"
"2167015470","1659280461","2.43333"
"1994788755","2167015470","3.26667"
"2167015470","1994788755","3.26667"
"1994788755","2763513601","0.933333"
"2763513601","1994788755","0.933333"
"2074769682","2167015470","1.43333"
"2167015470","2074769682","1.43333"
"2074769682","2763513601","0.933333"
"2763513601","2074769682","0.933333"
"2125858711","2167015470","1.1"
"2167015470","2125858711","1.1"
"2167015470","2763513601","0.6"
"2763513601","2167015470","0.6"
"1659280461","2189507255","0.5"
"2189507255","1659280461","0.5"
"1994788755","2189507255","0.5"
"2189507255","1994788755","0.5"
"2167015470","2189507255","0.5"
"2189507255","2167015470","0.5"
"1659280461","2926987861","0.166667"
"2926987861","1659280461","0.166667"
"1994788755","2926987861","0.166667"
"2926987861","1994788755","0.166667"
"2074769682","2189507255","0.166667"
"2189507255","2074769682","0.166667"
"2074769682","2926987861","0.166667"
"2926987861","2074769682","0.166667"
"2125858711","2189507255","0.166667"
"2189507255","2125858711","0.166667"
"2125858711","2926987861","0.166667"
"2926987861","2125858711","0.166667"
"2167015470","2926987861","0.166667"
"2926987861","2167015470","0.166667"
"2189507255","2926987861","0.166667"
"2926987861","2189507255","0.166667"
"1659280461","2005541978","0.5"
"2005541978","1659280461","0.5"
"2005541978","2167015470","0.5"
"2167015470","2005541978","0.5"
"1855553159","1984462474","19.2"
"1984462474","1855553159","19.2"
"1855553159","2091291608","1.7"
"2091291608","1855553159","1.7"
"1855553159","2290178967","2.36667"
"2290178967","1855553159","2.36667"
"1855553159","2291619993","1.86667"
"2291619993","1855553159","1.86667"
"1855553159","86792954","1.46667"
"86792954","1855553159","1.46667"
"1984462474","2091291608","1.95"
"2091291608","1984462474","1.95"
"1984462474","2290178967","4.15"
"2290178967","1984462474","4.15"
"1984462474","2291619993","2.65"
"2291619993","1984462474","2.65"
"1984462474","86792954","3"
"86792954","1984462474","3"
"1855553159","2115014275","0.25"
"2115014275","1855553159","0.25"
"1855553159","2148071072","0.25"
"2148071072","1855553159","0.25"
"1855553159","2161236388","0.25"
"2161236388","1855553159","0.25"
"1855553159","2169119137","0.25"
"2169119137","1855553159","0.25"
"2115014275","2148071072","2.71667"
"2148071072","2115014275","2.71667"
"2115014275","2161236388","0.5"
"2161236388","2115014275","0.5"
"2115014275","2169119137","0.5"
"2169119137","2115014275","0.5"
"2148071072","2161236388","0.361111"
"2161236388","2148071072","0.361111"
"2148071072","2169119137","0.361111"
"2169119137","2148071072","0.361111"
"2161236388","2169119137","13.8944"
"2169119137","2161236388","13.8944"
"1855553159","2041924918","0.4"
"2041924918","1855553159","0.4"
"1984462474","2041924918","0.65"
"2041924918","1984462474","0.65"
"2041924918","2091291608","0.983333"
"2091291608","2041924918","0.983333"
"1855553159","2125858711","0.5"
"2125858711","1855553159","0.5"
"1984462474","2125858711","0.5"
"2125858711","1984462474","0.5"
"1855553159","2886003132","0.5"
"2886003132","1855553159","0.5"
"1984462474","2886003132","1.5"
"2886003132","1984462474","1.5"
"2091291608","2886003132","0.5"
"2886003132","2091291608","0.5"
"2290178967","2886003132","0.166667"
"2886003132","2290178967","0.166667"
"2291619993","2886003132","0.166667"
"2886003132","2291619993","0.166667"
"2886003132","86792954","0.166667"
"86792954","2886003132","0.166667"
"1880384800","2104283649","0.366667"
"2104283649","1880384800","0.366667"
"1880384800","2115014275","5.61667"
"2115014275","1880384800","5.61667"
"1880384800","2137949826","0.416667"
"2137949826","1880384800","0.416667"
"1880384800","2148071072","2.36667"
"2148071072","1880384800","2.36667"
"2104283649","2112888568","0.7"
"2112888568","2104283649","0.7"
"2104283649","2115014275","0.466667"
"2115014275","2104283649","0.466667"
"2104283649","2137949826","0.266667"
"2137949826","2104283649","0.266667"
"2104283649","2148071072","8.05"
"2148071072","2104283649","8.05"
"2104283649","2170105021","0.266667"
"2170105021","2104283649","0.266667"
"2112888568","2115014275","2.86667"
"2115014275","2112888568","2.86667"
"2112888568","2137949826","0.366667"
"2137949826","2112888568","0.366667"
"2112888568","2148071072","4.17778"
"2148071072","2112888568","4.17778"
"2115014275","2137949826","0.516667"
"2137949826","2115014275","0.516667"
"2115014275","2170105021","0.516667"
"2170105021","2115014275","0.516667"
"2137949826","2148071072","1.71667"
"2148071072","2137949826","1.71667"
"2137949826","2170105021","6.65"
"2170105021","2137949826","6.65"
"2148071072","2170105021","3.21667"
"2170105021","2148071072","3.21667"
"1880384800","2149567590","3.45"
"2149567590","1880384800","3.45"
"2104283649","2149567590","0.2"
"2149567590","2104283649","0.2"
"2112888568","2149567590","0.2"
"2149567590","2112888568","0.2"
"2115014275","2149567590","0.45"
"2149567590","2115014275","0.45"
"2148071072","2149567590","0.45"
"2149567590","2148071072","0.45"
"1880384800","2012093248","0.25"
"2012093248","1880384800","0.25"
"1880384800","2161236388","0.25"
"2161236388","1880384800","0.25"
"1880384800","2169119137","0.25"
"2169119137","1880384800","0.25"
"2012093248","2115014275","0.25"
"2115014275","2012093248","0.25"
"2012093248","2161236388","10.6444"
"2161236388","2012093248","10.6444"
"2012093248","2169119137","9.64444"
"2169119137","2012093248","9.64444"
"1880384800","2116371509","1"
"2116371509","1880384800","1"
"2115014275","2116371509","0.6"
"2116371509","2115014275","0.6"
"1880384800","2169130604","0.25"
"2169130604","1880384800","0.25"
"2115014275","2169130604","0.25"
"2169130604","2115014275","0.25"
"2148071072","2169130604","0.25"
"2169130604","2148071072","0.25"
"2149567590","2169130604","0.25"
"2169130604","2149567590","0.25"
"2116371509","2148071072","1.18333"
"2148071072","2116371509","1.18333"
"1908508804","2056550122","0.333333"
"2056550122","1908508804","0.333333"
"1908508804","2102415185","0.333333"
"2102415185","1908508804","0.333333"
"2056550122","2328788535","0.333333"
"2328788535","2056550122","0.333333"
"2102415185","2328788535","0.333333"
"2328788535","2102415185","0.333333"
"1908508804","2522975465","1"
"2522975465","1908508804","1"
"2138941041","2165589425","0.333333"
"2165589425","2138941041","0.333333"
"1984462474","2088929803","2"
"2088929803","1984462474","2"
"1984462474","2103383146","0.5"
"2103383146","1984462474","0.5"
"2088929803","2103383146","11"
"2103383146","2088929803","11"
"1984462474","2903576096","0.2"
"2903576096","1984462474","0.2"
"1984462474","2906842839","0.2"
"2906842839","1984462474","0.2"
"1984462474","2022437850","0.5"
"2022437850","1984462474","0.5"
"2022437850","2088929803","0.5"
"2088929803","2022437850","0.5"
"1993072051","2089200871","12"
"2089200871","1993072051","12"
"1993072051","2328788535","1"
"2328788535","1993072051","1"
"1994788755","2097168325","0.333333"
"2097168325","1994788755","0.333333"
"1994788755","2126024459","0.333333"
"2126024459","1994788755","0.333333"
"2097168325","2126024459","12.6111"
"2126024459","2097168325","12.6111"
"2097168325","2522975465","1.77778"
"2522975465","2097168325","1.77778"
"2126024459","2522975465","1.77778"
"2522975465","2126024459","1.77778"
"1994788755","2041924918","0.5"
"2041924918","1994788755","0.5"
"2041924918","2074769682","0.5"
"2074769682","2041924918","0.5"
"2005541978","2065043957","0.833333"
"2065043957","2005541978","0.833333"
"2005541978","2115027138","0.833333"
"2115027138","2005541978","0.833333"
"2005541978","2522975465","0.333333"
"2522975465","2005541978","0.333333"
"2065043957","2115027138","25.0833"
"2115027138","2065043957","25.0833"
"2065043957","2522975465","2.1"
"2522975465","2065043957","2.1"
"2115027138","2522975465","0.833333"
"2522975465","2115027138","0.833333"
"2012093248","2127004097","0.2"
"2127004097","2012093248","0.2"
"2012093248","2169913310","0.311111"
"2169913310","2012093248","0.311111"
"2012093248","2886013909","0.2"
"2886013909","2012093248","0.2"
"2127004097","2161236388","0.2"
"2161236388","2127004097","0.2"
"2127004097","2169119137","0.2"
"2169119137","2127004097","0.2"
"2127004097","2169913310","0.7"
"2169913310","2127004097","0.7"
"2127004097","2886013909","0.2"
"2886013909","2127004097","0.2"
"2161236388","2169913310","0.311111"
"2169913310","2161236388","0.311111"
"2161236388","2886013909","0.2"
"2886013909","2161236388","0.2"
"2169119137","2169913310","0.311111"
"2169913310","2169119137","0.311111"
"2169119137","2886013909","0.2"
"2886013909","2169119137","0.2"
"2169913310","2886013909","0.2"
"2886013909","2169913310","0.2"
"2012093248","2063862901","0.444444"
"2063862901","2012093248","0.444444"
"2012093248","2097168325","0.111111"
"2097168325","2012093248","0.111111"
"2012093248","2112888568","0.111111"
"2112888568","2012093248","0.111111"
"2012093248","2126024459","0.111111"
"2126024459","2012093248","0.111111"
"2012093248","2148071072","0.111111"
"2148071072","2012093248","0.111111"
"2012093248","2522975465","0.111111"
"2522975465","2012093248","0.111111"
"2063862901","2097168325","0.111111"
"2097168325","2063862901","0.111111"
"2063862901","2112888568","0.111111"
"2112888568","2063862901","0.111111"
"2063862901","2126024459","0.111111"
"2126024459","2063862901","0.111111"
"2063862901","2148071072","0.111111"
"2148071072","2063862901","0.111111"
"2063862901","2161236388","0.444444"
"2161236388","2063862901","0.444444"
"2063862901","2169119137","0.444444"
"2169119137","2063862901","0.444444"
"2063862901","2169913310","0.111111"
"2169913310","2063862901","0.111111"
"2063862901","2522975465","1.11111"
"2522975465","2063862901","1.11111"
"2097168325","2112888568","0.444444"
"2112888568","2097168325","0.444444"
"2097168325","2148071072","0.111111"
"2148071072","2097168325","0.111111"
"2097168325","2161236388","0.111111"
"2161236388","2097168325","0.111111"
"2097168325","2169119137","0.111111"
"2169119137","2097168325","0.111111"
"2097168325","2169913310","0.944444"
"2169913310","2097168325","0.944444"
"2112888568","2126024459","0.777778"
"2126024459","2112888568","0.777778"
"2112888568","2161236388","0.111111"
"2161236388","2112888568","0.111111"
"2112888568","2169119137","0.111111"
"2169119137","2112888568","0.111111"
"2112888568","2169913310","0.111111"
"2169913310","2112888568","0.111111"
"2112888568","2522975465","0.111111"
"2522975465","2112888568","0.111111"
"2126024459","2148071072","1.44444"
"2148071072","2126024459","1.44444"
"2126024459","2161236388","0.111111"
"2161236388","2126024459","0.111111"
"2126024459","2169119137","0.111111"
"2169119137","2126024459","0.111111"
"2126024459","2169913310","1.44444"
"2169913310","2126024459","1.44444"
"2148071072","2169913310","0.111111"
"2169913310","2148071072","0.111111"
"2148071072","2522975465","0.361111"
"2522975465","2148071072","0.361111"
"2161236388","2522975465","0.111111"
"2522975465","2161236388","0.111111"
"2169119137","2522975465","0.111111"
"2522975465","2169119137","0.111111"
"2169913310","2522975465","0.444444"
"2522975465","2169913310","0.444444"
"2012093248","2065043957","0.25"
"2065043957","2012093248","0.25"
"2012093248","2115027138","0.25"
"2115027138","2012093248","0.25"
"2065043957","2161236388","0.25"
"2161236388","2065043957","0.25"
"2065043957","2169119137","0.25"
"2169119137","2065043957","0.25"
"2115027138","2161236388","0.25"
"2161236388","2115027138","0.25"
"2115027138","2169119137","0.25"
"2169119137","2115027138","0.25"
"2022437850","2065043957","1"
"2065043957","2022437850","1"
"2022437850","2793273293","0.333333"
"2793273293","2022437850","0.333333"
"2022437850","2903576096","0.333333"
"2903576096","2022437850","0.333333"
"2022437850","2906842839","0.333333"
"2906842839","2022437850","0.333333"
"2793273293","2903576096","0.333333"
"2903576096","2793273293","0.333333"
"2793273293","2906842839","0.333333"
"2906842839","2793273293","0.333333"
"2022437850","2088078577","1"
"2088078577","2022437850","1"
"2025212824","2148071072","0.5"
"2148071072","2025212824","0.5"
"2025212824","2170105021","0.5"
"2170105021","2025212824","0.5"
"2025212824","2328788535","1"
"2328788535","2025212824","1"
"2037137139","2926987861","1"
"2926987861","2037137139","1"
"2037137139","2138941041","0.75"
"2138941041","2037137139","0.75"
"2037137139","2152832755","0.75"
"2152832755","2037137139","0.75"
"2037137139","2144754501","0.5"
"2144754501","2037137139","0.5"
"2037137139","2293178884","0.5"
"2293178884","2037137139","0.5"
"2037137139","2903576096","0.25"
"2903576096","2037137139","0.25"
"2037137139","2906842839","0.25"
"2906842839","2037137139","0.25"
"2138941041","2903576096","0.25"
"2903576096","2138941041","0.25"
"2138941041","2906842839","0.25"
"2906842839","2138941041","0.25"
"2152832755","2903576096","0.25"
"2903576096","2152832755","0.25"
"2152832755","2906842839","0.25"
"2906842839","2152832755","0.25"
"2041741541","2170105021","1.25"
"2170105021","2041741541","1.25"
"2041741541","2112888568","2"
"2112888568","2041741541","2"
"2041741541","2116371509","0.5"
"2116371509","2041741541","0.5"
"2112888568","2116371509","0.833333"
"2116371509","2112888568","0.833333"
"2041741541","2134342604","1.25"
"2134342604","2041741541","1.25"
"2041741541","2168109589","0.25"
"2168109589","2041741541","0.25"
"2041741541","2522975465","0.25"
"2522975465","2041741541","0.25"
"2134342604","2168109589","16.2833"
"2168109589","2134342604","16.2833"
"2134342604","2170105021","3.28333"
"2170105021","2134342604","3.28333"
"2134342604","2522975465","9.6"
"2522975465","2134342604","9.6"
"2168109589","2170105021","3.78333"
"2170105021","2168109589","3.78333"
"2168109589","2522975465","11.1"
"2522975465","2168109589","11.1"
"2170105021","2522975465","9.76667"
"2522975465","2170105021","9.76667"
"2041741541","2149657025","0.5"
"2149657025","2041741541","0.5"
"2112888568","2149657025","5.16667"
"2149657025","2112888568","5.16667"
"2041924918","2890541097","1"
"2890541097","2041924918","1"
"2041924918","2088078577","8.33333"
"2088078577","2041924918","8.33333"
"2041924918","2510286124","1.83333"
"2510286124","2041924918","1.83333"
"2088078577","2510286124","1.83333"
"2510286124","2088078577","1.83333"
"2041924918","2348002376","1.83333"
"2348002376","2041924918","1.83333"
"2088078577","2348002376","0.833333"
"2348002376","2088078577","0.833333"
"2348002376","2510286124","6.58333"
"2510286124","2348002376","6.58333"
"2042220809","2763513601","0.333333"
"2763513601","2042220809","0.333333"
"2293178884","2763513601","0.333333"
"2763513601","2293178884","0.333333"
"2054520062","2793273293","17.75"
"2793273293","2054520062","17.75"
"2054520062","2348002376","2.25"
"2348002376","2054520062","2.25"
"2348002376","2793273293","6.25"
"2793273293","2348002376","6.25"
"2054520062","2510286124","1.75"
"2510286124","2054520062","1.75"
"2510286124","2793273293","1.75"
"2793273293","2510286124","1.75"
"2054520062","2890541097","0.25"
"2890541097","2054520062","0.25"
"2348002376","2890541097","2.25"
"2890541097","2348002376","2.25"
"2510286124","2890541097","6.25"
"2890541097","2510286124","6.25"
"2793273293","2890541097","0.75"
"2890541097","2793273293","0.75"
"2056550122","2891825912","0.5"
"2891825912","2056550122","0.5"
"2056550122","2939433035","0.5"
"2939433035","2056550122","0.5"
"2065043957","2545058543","4.5"
"2545058543","2065043957","4.5"
"2115027138","2545058543","1.5"
"2545058543","2115027138","1.5"
"2065043957","2134342604","0.85"
"2134342604","2065043957","0.85"
"2065043957","2137949826","1.18333"
"2137949826","2065043957","1.18333"
"2065043957","2168109589","0.85"
"2168109589","2065043957","0.85"
"2065043957","2170105021","1.51667"
"2170105021","2065043957","1.51667"
"2134342604","2137949826","1.7"
"2137949826","2134342604","1.7"
"2137949826","2168109589","1.7"
"2168109589","2137949826","1.7"
"2137949826","2522975465","2.68333"
"2522975465","2137949826","2.68333"
"2065043957","2152832755","1"
"2152832755","2065043957","1"
"2118875948","2170105021","0.666667"
"2170105021","2118875948","0.666667"
"2118875948","2522975465","0.333333"
"2522975465","2118875948","0.333333"
"2088929803","2097168325","0.5"
"2097168325","2088929803","0.5"
"2088929803","2126024459","0.5"
"2126024459","2088929803","0.5"
"2088929803","2169913310","0.5"
"2169913310","2088929803","0.5"
"2097168325","2103383146","0.5"
"2103383146","2097168325","0.5"
"2103383146","2126024459","0.5"
"2126024459","2103383146","0.5"
"2103383146","2169913310","0.5"
"2169913310","2103383146","0.5"
"2091291608","2137949826","0.2"
"2137949826","2091291608","0.2"
"2091291608","2148071072","0.2"
"2148071072","2091291608","0.2"
"2127004097","2137949826","0.2"
"2137949826","2127004097","0.2"
"2127004097","2148071072","0.2"
"2148071072","2127004097","0.2"
"2097168325","2149657025","0.333333"
"2149657025","2097168325","0.333333"
"2126024459","2149657025","0.333333"
"2149657025","2126024459","0.333333"
"2104283649","2126024459","0.333333"
"2126024459","2104283649","0.333333"
"2104283649","2926987861","1"
"2926987861","2104283649","1"
"2104283649","2116371509","0.35"
"2116371509","2104283649","0.35"
"2104283649","2118449712","0.35"
"2118449712","2104283649","0.35"
"2104283649","2134342604","0.1"
"2134342604","2104283649","0.1"
"2104283649","2138941041","0.1"
"2138941041","2104283649","0.1"
"2104283649","2152832755","0.1"
"2152832755","2104283649","0.1"
"2104283649","2168109589","0.1"
"2168109589","2104283649","0.1"
"2115014275","2118449712","0.1"
"2118449712","2115014275","0.1"
"2115014275","2134342604","0.1"
"2134342604","2115014275","0.1"
"2115014275","2138941041","0.1"
"2138941041","2115014275","0.1"
"2115014275","2152832755","0.1"
"2152832755","2115014275","0.1"
"2115014275","2168109589","0.1"
"2168109589","2115014275","0.1"
"2116371509","2118449712","2.35"
"2118449712","2116371509","2.35"
"2116371509","2134342604","0.1"
"2134342604","2116371509","0.1"
"2116371509","2137949826","0.1"
"2137949826","2116371509","0.1"
"2116371509","2138941041","0.1"
"2138941041","2116371509","0.1"
"2116371509","2152832755","0.1"
"2152832755","2116371509","0.1"
"2116371509","2168109589","0.1"
"2168109589","2116371509","0.1"
"2116371509","2170105021","0.1"
"2170105021","2116371509","0.1"
"2118449712","2134342604","0.1"
"2134342604","2118449712","0.1"
"2118449712","2137949826","0.1"
"2137949826","2118449712","0.1"
"2118449712","2138941041","0.1"
"2138941041","2118449712","0.1"
"2118449712","2148071072","0.35"
"2148071072","2118449712","0.35"
"2118449712","2152832755","0.1"
"2152832755","2118449712","0.1"
"2118449712","2168109589","0.1"
"2168109589","2118449712","0.1"
"2118449712","2170105021","0.1"
"2170105021","2118449712","0.1"
"2134342604","2138941041","0.1"
"2138941041","2134342604","0.1"
"2134342604","2148071072","0.1"
"2148071072","2134342604","0.1"
"2134342604","2152832755","0.1"
"2152832755","2134342604","0.1"
"2137949826","2138941041","0.1"
"2138941041","2137949826","0.1"
"2137949826","2152832755","0.1"
"2152832755","2137949826","0.1"
"2138941041","2148071072","0.1"
"2148071072","2138941041","0.1"
"2138941041","2168109589","0.1"
"2168109589","2138941041","0.1"
"2138941041","2170105021","0.1"
"2170105021","2138941041","0.1"
"2148071072","2152832755","0.1"
