"115240300","2920921666","0.5"
"2920921666","115240300","0.5"
"115240300","78987640","2.5"
"78987640","115240300","2.5"
"2920921666","78987640","1.25"
"78987640","2920921666","1.25"
"1511063173","1512271801","15.6973"
"1512271801","1511063173","15.6973"
"1511063173","1902809167","10.8306"
"1902809167","1511063173","10.8306"
"1511063173","1933276262","2.09722"
"1933276262","1511063173","2.09722"
"1511063173","1941471507","5.92822"
"1941471507","1511063173","5.92822"
"1511063173","1942739572","6.57108"
"1942739572","1511063173","6.57108"
"1511063173","2122992713","16.6973"
"2122992713","1511063173","16.6973"
"1511063173","2138478302","7.10441"
"2138478302","1511063173","7.10441"
"1511063173","2139014499","43.3639"
"2139014499","1511063173","43.3639"
"1512271801","1902809167","17.6612"
"1902809167","1512271801","17.6612"
"1512271801","1933276262","3.92857"
"1933276262","1512271801","3.92857"
"1512271801","1941471507","9.10878"
"1941471507","1512271801","9.10878"
"1512271801","1942739572","10.785"
"1942739572","1512271801","10.785"
"1512271801","2122992713","22.0278"
"2122992713","1512271801","22.0278"
"1512271801","2138478302","11.185"
"2138478302","1512271801","11.185"
"1512271801","2139014499","22.1945"
"2139014499","1512271801","22.1945"
"1902809167","1933276262","3.92857"
"1933276262","1902809167","3.92857"
"1902809167","1941471507","9.10878"
"1941471507","1902809167","9.10878"
"1902809167","1942739572","10.785"
"1942739572","1902809167","10.785"
"1902809167","2122992713","16.6612"
"2122992713","1902809167","16.6612"
"1902809167","2138478302","10.985"
"2138478302","1902809167","10.985"
"1902809167","2139014499","17.6612"
"2139014499","1902809167","17.6612"
"1933276262","1941471507","4.92857"
"1941471507","1933276262","4.92857"
"1933276262","1942739572","3.7619"
"1942739572","1933276262","3.7619"
"1933276262","2122992713","3.92857"
"2122992713","1933276262","3.92857"
"1933276262","2138478302","3.7619"
"2138478302","1933276262","3.7619"
"1933276262","2139014499","3.92857"
"2139014499","1933276262","3.92857"
"1941471507","1942739572","8.94211"
"1942739572","1941471507","8.94211"
"1941471507","2122992713","9.10878"
"2122992713","1941471507","9.10878"
"1941471507","2138478302","8.94211"
"2138478302","1941471507","8.94211"
"1941471507","2139014499","9.10878"
"2139014499","1941471507","9.10878"
"1942739572","2122992713","10.785"
"2122992713","1942739572","10.785"
"1942739572","2138478302","17.1183"
"2138478302","1942739572","17.1183"
"1942739572","2139014499","10.785"
"2139014499","1942739572","10.785"
"2122992713","2138478302","11.185"
"2138478302","2122992713","11.185"
"2122992713","2139014499","22.1945"
"2139014499","2122992713","22.1945"
"2138478302","2139014499","12.5183"
"2139014499","2138478302","12.5183"
"1511063173","1571867944","3.34848"
"1571867944","1511063173","3.34848"
"1571867944","2139014499","4.47348"
"2139014499","1571867944","4.47348"
"1511063173","1849908010","0.333333"
"1849908010","1511063173","0.333333"
"1571867944","1849908010","0.333333"
"1849908010","1571867944","0.333333"
"1849908010","2139014499","0.333333"
"2139014499","1849908010","0.333333"
"1511063173","1954775509","7.14092"
"1954775509","1511063173","7.14092"
"1512271801","1954775509","10.0973"
"1954775509","1512271801","10.0973"
"1902809167","1954775509","9.39727"
"1954775509","1902809167","9.39727"
"1954775509","2122992713","10.0973"
"2122992713","1954775509","10.0973"
"1954775509","2139014499","9.59727"
"2139014499","1954775509","9.59727"
"1511063173","1928245490","2.2595"
"1928245490","1511063173","2.2595"
"1512271801","1928245490","3.01347"
"1928245490","1512271801","3.01347"
"1902809167","1928245490","3.01347"
"1928245490","1902809167","3.01347"
"1928245490","1941471507","3.01347"
"1941471507","1928245490","3.01347"
"1928245490","1942739572","3.01347"
"1942739572","1928245490","3.01347"
"1928245490","1954775509","2.52061"
"1954775509","1928245490","2.52061"
"1928245490","2122992713","3.01347"
"2122992713","1928245490","3.01347"
"1928245490","2138478302","3.01347"
"2138478302","1928245490","3.01347"
"1928245490","2139014499","3.01347"
"2139014499","1928245490","3.01347"
"1941471507","1954775509","4.49489"
"1954775509","1941471507","4.49489"
"1942739572","1954775509","4.47108"
"1954775509","1942739572","4.47108"
"1954775509","2138478302","4.67108"
"2138478302","1954775509","4.67108"
"1511063173","2156290783","0.242857"
"2156290783","1511063173","0.242857"
"1511063173","2169497146","0.242857"
"2169497146","1511063173","0.242857"
"1512271801","2156290783","0.353968"
"2156290783","1512271801","0.353968"
"1512271801","2169497146","0.353968"
"2169497146","1512271801","0.353968"
"1902809167","2156290783","0.353968"
"2156290783","1902809167","0.353968"
"1902809167","2169497146","0.353968"
"2169497146","1902809167","0.353968"
"1941471507","2156290783","0.211111"
"2156290783","1941471507","0.211111"
"1941471507","2169497146","0.211111"
"2169497146","1941471507","0.211111"
"1942739572","2156290783","0.544444"
"2156290783","1942739572","0.544444"
"1942739572","2169497146","0.544444"
"2169497146","1942739572","0.544444"
"1954775509","2156290783","0.242857"
"2156290783","1954775509","0.242857"
"1954775509","2169497146","0.242857"
"2169497146","1954775509","0.242857"
"2122992713","2156290783","0.353968"
"2156290783","2122992713","0.353968"
"2122992713","2169497146","0.353968"
"2169497146","2122992713","0.353968"
"2138478302","2156290783","1.04444"
"2156290783","2138478302","1.04444"
"2138478302","2169497146","1.04444"
"2169497146","2138478302","1.04444"
"2139014499","2156290783","0.853968"
"2156290783","2139014499","0.853968"
"2139014499","2169497146","0.853968"
"2169497146","2139014499","0.853968"
"2156290783","2169497146","17.1873"
"2169497146","2156290783","17.1873"
"1511063173","2137902624","0.590909"
"2137902624","1511063173","0.590909"
"2137902624","2139014499","0.840909"
"2139014499","2137902624","0.840909"
"1571867944","2138478302","0.640152"
"2138478302","1571867944","0.640152"
"1511063173","1634188203","0.601165"
"1634188203","1511063173","0.601165"
"1511063173","2131347770","0.799145"
"2131347770","1511063173","0.799145"
"1634188203","2131347770","0.410256"
"2131347770","1634188203","0.410256"
"1634188203","2139014499","1.71228"
"2139014499","1634188203","1.71228"
"2131347770","2139014499","0.799145"
"2139014499","2131347770","0.799145"
"1512271801","2131347770","0.465812"
"2131347770","1512271801","0.465812"
"1902809167","2131347770","0.465812"
"2131347770","1902809167","0.465812"
"1933276262","2131347770","0.111111"
"2131347770","1933276262","0.111111"
"1941471507","2131347770","0.299145"
"2131347770","1941471507","0.299145"
"1942739572","2131347770","0.299145"
"2131347770","1942739572","0.299145"
"2122992713","2131347770","0.465812"
"2131347770","2122992713","0.465812"
"2131347770","2138478302","0.299145"
"2138478302","2131347770","0.299145"
"1511063173","2116549318","0.367832"
"2116549318","1511063173","0.367832"
"1512271801","1634188203","0.378943"
"1634188203","1512271801","0.378943"
"1512271801","2116549318","0.367832"
"2116549318","1512271801","0.367832"
"1634188203","1902809167","0.378943"
"1902809167","1634188203","0.378943"
"1634188203","1928245490","0.378943"
"1928245490","1634188203","0.378943"
"1634188203","1941471507","0.378943"
"1941471507","1634188203","0.378943"
"1634188203","1942739572","0.378943"
"1942739572","1634188203","0.378943"
"1634188203","1954775509","0.378943"
"1954775509","1634188203","0.378943"
"1634188203","2116549318","23.1678"
"2116549318","1634188203","23.1678"
"1634188203","2122992713","0.378943"
"2122992713","1634188203","0.378943"
"1634188203","2138478302","0.378943"
"2138478302","1634188203","0.378943"
"1902809167","2116549318","0.367832"
"2116549318","1902809167","0.367832"
"1928245490","2116549318","0.367832"
"2116549318","1928245490","0.367832"
"1941471507","2116549318","0.367832"
"2116549318","1941471507","0.367832"
"1942739572","2116549318","0.367832"
"2116549318","1942739572","0.367832"
"1954775509","2116549318","0.267832"
"2116549318","1954775509","0.267832"
"2116549318","2122992713","0.367832"
"2122992713","2116549318","0.367832"
"2116549318","2138478302","0.367832"
"2138478302","2116549318","0.367832"
"2116549318","2139014499","0.367832"
"2139014499","2116549318","0.367832"
"1933276262","1954775509","0.277778"
"1954775509","1933276262","0.277778"
"1954775509","2131347770","0.354701"
"2131347770","1954775509","0.354701"
"1511063173","1851580776","0.181818"
"1851580776","1511063173","0.181818"
"1512271801","1571867944","0.306818"
"1571867944","1512271801","0.306818"
"1512271801","1851580776","0.181818"
"1851580776","1512271801","0.181818"
"1512271801","2137902624","0.0909091"
"2137902624","1512271801","0.0909091"
"1571867944","1851580776","0.515152"
"1851580776","1571867944","0.515152"
"1571867944","1902809167","0.306818"
"1902809167","1571867944","0.306818"
"1571867944","1941471507","0.306818"
"1941471507","1571867944","0.306818"
"1571867944","1942739572","0.306818"
"1942739572","1571867944","0.306818"
"1571867944","1954775509","0.306818"
"1954775509","1571867944","0.306818"
"1571867944","2122992713","0.306818"
"2122992713","1571867944","0.306818"
"1571867944","2137902624","1.09091"
"2137902624","1571867944","1.09091"
"1851580776","1902809167","0.181818"
"1902809167","1851580776","0.181818"
"1851580776","1941471507","0.181818"
"1941471507","1851580776","0.181818"
"1851580776","1942739572","0.181818"
"1942739572","1851580776","0.181818"
"1851580776","1954775509","0.181818"
"1954775509","1851580776","0.181818"
"1851580776","2122992713","0.181818"
"2122992713","1851580776","0.181818"
"1851580776","2137902624","0.340909"
"2137902624","1851580776","0.340909"
"1851580776","2138478302","0.181818"
"2138478302","1851580776","0.181818"
"1851580776","2139014499","0.431818"
"2139014499","1851580776","0.431818"
"1902809167","2137902624","0.0909091"
"2137902624","1902809167","0.0909091"
"1941471507","2137902624","0.0909091"
"2137902624","1941471507","0.0909091"
"1942739572","2137902624","0.0909091"
"2137902624","1942739572","0.0909091"
"1954775509","2137902624","0.0909091"
"2137902624","1954775509","0.0909091"
"2122992713","2137902624","0.0909091"
"2137902624","2122992713","0.0909091"
"2137902624","2138478302","0.0909091"
"2138478302","2137902624","0.0909091"
"1511063173","1568372283","0.0769231"
"1568372283","1511063173","0.0769231"
"1512271801","1568372283","0.276923"
"1568372283","1512271801","0.276923"
"1568372283","1634188203","0.0769231"
"1634188203","1568372283","0.0769231"
"1568372283","1902809167","0.276923"
"1902809167","1568372283","0.276923"
"1568372283","1928245490","0.0769231"
"1928245490","1568372283","0.0769231"
"1568372283","1941471507","0.0769231"
"1941471507","1568372283","0.0769231"
"1568372283","1942739572","0.0769231"
"1942739572","1568372283","0.0769231"
"1568372283","1954775509","0.0769231"
"1954775509","1568372283","0.0769231"
"1568372283","2116549318","0.0769231"
"2116549318","1568372283","0.0769231"
"1568372283","2122992713","0.276923"
"2122992713","1568372283","0.276923"
"1568372283","2131347770","0.0769231"
"2131347770","1568372283","0.0769231"
"1568372283","2138478302","0.276923"
"2138478302","1568372283","0.276923"
"1568372283","2139014499","0.276923"
"2139014499","1568372283","0.276923"
"1928245490","2131347770","0.0769231"
"2131347770","1928245490","0.0769231"
"2116549318","2131347770","0.0769231"
"2131347770","2116549318","0.0769231"
"1511063173","2920921666","0.0909091"
"2920921666","1511063173","0.0909091"
"1512271801","2920921666","0.0909091"
"2920921666","1512271801","0.0909091"
"1571867944","2920921666","0.424242"
"2920921666","1571867944","0.424242"
"1851580776","2920921666","0.424242"
"2920921666","1851580776","0.424242"
"1902809167","2920921666","0.0909091"
"2920921666","1902809167","0.0909091"
"1941471507","2920921666","0.0909091"
"2920921666","1941471507","0.0909091"
"1942739572","2920921666","0.0909091"
"2920921666","1942739572","0.0909091"
"1954775509","2920921666","0.0909091"
"2920921666","1954775509","0.0909091"
"2122992713","2920921666","0.0909091"
"2920921666","2122992713","0.0909091"
"2138478302","2920921666","0.0909091"
"2920921666","2138478302","0.0909091"
"2139014499","2920921666","0.0909091"
"2920921666","2139014499","0.0909091"
"1511063173","2201842870","0.333333"
"2201842870","1511063173","0.333333"
"1512271801","2201842870","0.333333"
"2201842870","1512271801","0.333333"
"2122992713","2201842870","0.333333"
"2201842870","2122992713","0.333333"
"1511063173","2242210949","0.1"
"2242210949","1511063173","0.1"
"1512271801","2242210949","0.1"
"2242210949","1512271801","0.1"
"1902809167","2242210949","0.1"
"2242210949","1902809167","0.1"
"1928245490","2242210949","0.1"
"2242210949","1928245490","0.1"
"1941471507","2242210949","0.1"
"2242210949","1941471507","0.1"
"1942739572","2242210949","0.1"
"2242210949","1942739572","0.1"
"2116549318","2242210949","0.1"
"2242210949","2116549318","0.1"
"2122992713","2242210949","0.1"
"2242210949","2122992713","0.1"
"2138478302","2242210949","0.1"
"2242210949","2138478302","0.1"
"2139014499","2242210949","0.1"
"2242210949","2139014499","0.1"
"1933276262","2156290783","0.611111"
"2156290783","1933276262","0.611111"
"1933276262","2169497146","0.611111"
"2169497146","1933276262","0.611111"
"1928245490","1933276262","0.125"
"1933276262","1928245490","0.125"
"1571867944","1840751233","1"
"1840751233","1571867944","1"
"1571867944","2084616831","0.333333"
"2084616831","1571867944","0.333333"
"1851580776","2084616831","0.333333"
"2084616831","1851580776","0.333333"
"2084616831","2920921666","0.333333"
"2920921666","2084616831","0.333333"
"1634188203","2201842870","2"
"2201842870","1634188203","2"
"1840751233","2920921666","1"
"2920921666","1840751233","1"
"1840751233","1851580776","2.25"
"1851580776","1840751233","2.25"
"1840751233","2105637410","0.75"
"2105637410","1840751233","0.75"
"1840751233","2137902624","0.25"
"2137902624","1840751233","0.25"
"1840751233","2139014499","0.25"
"2139014499","1840751233","0.25"
"1851580776","2105637410","1.75"
"2105637410","1851580776","1.75"
"2105637410","2137902624","0.25"
"2137902624","2105637410","0.25"
"2105637410","2139014499","0.25"
"2139014499","2105637410","0.25"
"1840751233","2084616831","0.5"
"2084616831","1840751233","0.5"
"1840751233","78987640","1"
"78987640","1840751233","1"
"2084616831","78987640","0.5"
"78987640","2084616831","0.5"
"1851580776","78987640","2.5"
"78987640","1851580776","2.5"
"1851580776","6340396","1"
"6340396","1851580776","1"
"1851580776","2499097732","1"
"2499097732","1851580776","1"
"1933276262","2279949631","1"
"2279949631","1933276262","1"
"2087499441","2499097732","1.25"
"2499097732","2087499441","1.25"
"2087499441","2105637410","1.25"
"2105637410","2087499441","1.25"
"2087499441","78987640","1.25"
"78987640","2087499441","1.25"
"2087499441","2920921666","0.25"
"2920921666","2087499441","0.25"
"2105637410","2499097732","1.25"
"2499097732","2105637410","1.25"
"2105637410","2920921666","0.25"
"2920921666","2105637410","0.25"
"2105637410","78987640","0.25"
"78987640","2105637410","0.25"
"2499097732","2920921666","0.75"
"2920921666","2499097732","0.75"
"2499097732","78987640","0.75"
"78987640","2499097732","0.75"
"2105637410","6340396","1"
"6340396","2105637410","1"
"2499097732","6340396","2"
"6340396","2499097732","2"
"6340396","78987640","1"
"78987640","6340396","1"
