"1161827896","168593163","2.54167"
"168593163","1161827896","2.54167"
"1161827896","2071081626","1.90877"
"2071081626","1161827896","1.90877"
"168593163","2071081626","3.00833"
"2071081626","168593163","3.00833"
"1161827896","1482005385","0.0666667"
"1482005385","1161827896","0.0666667"
"1161827896","1488058334","0.0666667"
"1488058334","1161827896","0.0666667"
"1161827896","1492257397","0.0666667"
"1492257397","1161827896","0.0666667"
"1161827896","1527154380","0.0666667"
"1527154380","1161827896","0.0666667"
"1161827896","1892728574","0.0666667"
"1892728574","1161827896","0.0666667"
"1161827896","1989488733","0.0666667"
"1989488733","1161827896","0.0666667"
"1161827896","2071874999","1.42543"
"2071874999","1161827896","1.42543"
"1161827896","2108227459","0.0666667"
"2108227459","1161827896","0.0666667"
"1161827896","2119271263","0.357576"
"2119271263","1161827896","0.357576"
"1161827896","2132958763","0.0666667"
"2132958763","1161827896","0.0666667"
"1161827896","2162956214","0.0666667"
"2162956214","1161827896","0.0666667"
"1161827896","2401840199","0.0666667"
"2401840199","1161827896","0.0666667"
"1161827896","2547124843","1.13452"
"2547124843","1161827896","1.13452"
"1161827896","261828021","0.0666667"
"261828021","1161827896","0.0666667"
"1482005385","1488058334","0.0666667"
"1488058334","1482005385","0.0666667"
"1482005385","1492257397","0.164569"
"1492257397","1482005385","0.164569"
"1482005385","1527154380","0.0936937"
"1527154380","1482005385","0.0936937"
"1482005385","168593163","0.0666667"
"168593163","1482005385","0.0666667"
"1482005385","1892728574","0.0666667"
"1892728574","1482005385","0.0666667"
"1482005385","1989488733","0.460451"
"1989488733","1482005385","0.460451"
"1482005385","2071874999","0.0666667"
"2071874999","1482005385","0.0666667"
"1482005385","2108227459","0.0936937"
"2108227459","1482005385","0.0936937"
"1482005385","2119271263","0.384775"
"2119271263","1482005385","0.384775"
"1482005385","2132958763","0.316667"
"2132958763","1482005385","0.316667"
"1482005385","2162956214","0.323407"
"2162956214","1482005385","0.323407"
"1482005385","2401840199","0.0666667"
"2401840199","1482005385","0.0666667"
"1482005385","2547124843","0.0989247"
"2547124843","1482005385","0.0989247"
"1482005385","261828021","0.0666667"
"261828021","1482005385","0.0666667"
"1488058334","1492257397","0.152121"
"1492257397","1488058334","0.152121"
"1488058334","1527154380","2.66538"
"1527154380","1488058334","2.66538"
"1488058334","168593163","0.4"
"168593163","1488058334","0.4"
"1488058334","1892728574","0.0666667"
"1892728574","1488058334","0.0666667"
"1488058334","1989488733","0.233333"
"1989488733","1488058334","0.233333"
"1488058334","2071874999","0.0666667"
"2071874999","1488058334","0.0666667"
"1488058334","2108227459","6.58244"
"2108227459","1488058334","6.58244"
"1488058334","2119271263","4.93501"
"2119271263","1488058334","4.93501"
"1488058334","2132958763","0.402121"
"2132958763","1488058334","0.402121"
"1488058334","2162956214","3.70833"
"2162956214","1488058334","3.70833"
"1488058334","2401840199","0.0666667"
"2401840199","1488058334","0.0666667"
"1488058334","2547124843","0.0666667"
"2547124843","1488058334","0.0666667"
"1488058334","261828021","0.470395"
"261828021","1488058334","0.470395"
"1492257397","1527154380","0.193694"
"1527154380","1492257397","0.193694"
"1492257397","168593163","0.0666667"
"168593163","1492257397","0.0666667"
"1492257397","1892728574","0.355978"
"1892728574","1492257397","0.355978"
"1492257397","1989488733","0.110935"
"1989488733","1492257397","0.110935"
"1492257397","2071874999","0.083908"
"2071874999","1492257397","0.083908"
"1492257397","2108227459","0.0936937"
"2108227459","1492257397","0.0936937"
"1492257397","2119271263","0.146325"
"2119271263","1492257397","0.146325"
"1492257397","2132958763","0.152121"
"2132958763","1492257397","0.152121"
"1492257397","2162956214","0.15"
"2162956214","1492257397","0.15"
"1492257397","2401840199","0.0666667"
"2401840199","1492257397","0.0666667"
"1492257397","2547124843","0.0666667"
"2547124843","1492257397","0.0666667"
"1492257397","261828021","0.106667"
"261828021","1492257397","0.106667"
"1527154380","168593163","0.0666667"
"168593163","1527154380","0.0666667"
"1527154380","1892728574","0.457576"
"1892728574","1527154380","0.457576"
"1527154380","1989488733","0.0936937"
"1989488733","1527154380","0.0936937"
"1527154380","2071874999","0.0666667"
"2071874999","1527154380","0.0666667"
"1527154380","2108227459","1.11869"
"2108227459","1527154380","1.11869"
"1527154380","2119271263","2.4219"
"2119271263","1527154380","2.4219"
"1527154380","2132958763","0.0666667"
"2132958763","1527154380","0.0666667"
"1527154380","2162956214","0.891667"
"2162956214","1527154380","0.891667"
"1527154380","2401840199","0.0666667"
"2401840199","1527154380","0.0666667"
"1527154380","2547124843","0.0666667"
"2547124843","1527154380","0.0666667"
"1527154380","261828021","0.34359"
"261828021","1527154380","0.34359"
"168593163","1892728574","0.0666667"
"1892728574","168593163","0.0666667"
"168593163","1989488733","0.0666667"
"1989488733","168593163","0.0666667"
"168593163","2071874999","1.49167"
"2071874999","168593163","1.49167"
"168593163","2108227459","0.0666667"
"2108227459","168593163","0.0666667"
"168593163","2119271263","0.0666667"
"2119271263","168593163","0.0666667"
"168593163","2132958763","0.0666667"
"2132958763","168593163","0.0666667"
"168593163","2162956214","0.0666667"
"2162956214","168593163","0.0666667"
"168593163","2401840199","0.0666667"
"2401840199","168593163","0.0666667"
"168593163","2547124843","1.74167"
"2547124843","168593163","1.74167"
"168593163","261828021","0.0666667"
"261828021","168593163","0.0666667"
"1892728574","1989488733","0.191667"
"1989488733","1892728574","0.191667"
"1892728574","2071874999","0.0666667"
"2071874999","1892728574","0.0666667"
"1892728574","2108227459","0.0666667"
"2108227459","1892728574","0.0666667"
"1892728574","2119271263","1.40758"
"2119271263","1892728574","1.40758"
"1892728574","2132958763","0.0666667"
"2132958763","1892728574","0.0666667"
"1892728574","2162956214","0.15"
"2162956214","1892728574","0.15"
"1892728574","2401840199","0.0666667"
"2401840199","1892728574","0.0666667"
"1892728574","2547124843","0.0666667"
"2547124843","1892728574","0.0666667"
"1892728574","261828021","0.0666667"
"261828021","1892728574","0.0666667"
"1989488733","2071874999","0.083908"
"2071874999","1989488733","0.083908"
"1989488733","2108227459","0.0936937"
"2108227459","1989488733","0.0936937"
"1989488733","2119271263","0.184775"
"2119271263","1989488733","0.184775"
"1989488733","2132958763","0.177778"
"2132958763","1989488733","0.177778"
"1989488733","2162956214","0.403268"
"2162956214","1989488733","0.403268"
"1989488733","2401840199","0.0666667"
"2401840199","1989488733","0.0666667"
"1989488733","2547124843","0.0989247"
"2547124843","1989488733","0.0989247"
"1989488733","261828021","0.0666667"
"261828021","1989488733","0.0666667"
"2071874999","2108227459","0.0666667"
"2108227459","2071874999","0.0666667"
"2071874999","2119271263","0.157576"
"2119271263","2071874999","0.157576"
"2071874999","2132958763","0.0666667"
"2132958763","2071874999","0.0666667"
"2071874999","2162956214","0.0666667"
"2162956214","2071874999","0.0666667"
"2071874999","2401840199","0.0666667"
"2401840199","2071874999","0.0666667"
"2071874999","2547124843","1.40119"
"2547124843","2071874999","1.40119"
"2071874999","261828021","0.0666667"
"261828021","2071874999","0.0666667"
"2108227459","2119271263","3.24488"
"2119271263","2108227459","3.24488"
"2108227459","2132958763","0.316667"
"2132958763","2108227459","0.316667"
"2108227459","2162956214","5.70833"
"2162956214","2108227459","5.70833"
"2108227459","2401840199","0.0666667"
"2401840199","2108227459","0.0666667"
"2108227459","2547124843","0.0666667"
"2547124843","2108227459","0.0666667"
"2108227459","261828021","0.297917"
"261828021","2108227459","0.297917"
"2119271263","2132958763","0.316667"
"2132958763","2119271263","0.316667"
"2119271263","2162956214","4.60376"
"2162956214","2119271263","4.60376"
"2119271263","2401840199","0.0666667"
"2401840199","2119271263","0.0666667"
"2119271263","2547124843","0.0989247"
"2547124843","2119271263","0.0989247"
"2119271263","261828021","0.766667"
"261828021","2119271263","0.766667"
"2132958763","2162956214","0.627778"
"2162956214","2132958763","0.627778"
"2132958763","2401840199","0.0666667"
"2401840199","2132958763","0.0666667"
"2132958763","2547124843","0.0666667"
"2547124843","2132958763","0.0666667"
"2132958763","261828021","0.106667"
"261828021","2132958763","0.106667"
"2162956214","2401840199","0.566667"
"2401840199","2162956214","0.566667"
"2162956214","2547124843","0.0666667"
"2547124843","2162956214","0.0666667"
"2162956214","261828021","0.4"
"261828021","2162956214","0.4"
"2401840199","2547124843","0.0666667"
"2547124843","2401840199","0.0666667"
"2401840199","261828021","0.0666667"
"261828021","2401840199","0.0666667"
"2547124843","261828021","0.0666667"
"261828021","2547124843","0.0666667"
"1161827896","2899396117","1.06786"
"2899396117","1161827896","1.06786"
"168593163","2899396117","1.425"
"2899396117","168593163","1.425"
"2071874999","2899396117","1.33452"
"2899396117","2071874999","1.33452"
"2547124843","2899396117","3.83452"
"2899396117","2547124843","3.83452"
"1161827896","1583105065","0.0909091"
"1583105065","1161827896","0.0909091"
"1161827896","1959942577","0.0909091"
"1959942577","1161827896","0.0909091"
"1161827896","1994899702","0.0909091"
"1994899702","1161827896","0.0909091"
"1161827896","2108854759","0.0909091"
"2108854759","1161827896","0.0909091"
"1161827896","2150012061","0.0909091"
"2150012061","1161827896","0.0909091"
"1161827896","2283945092","0.0909091"
"2283945092","1161827896","0.0909091"
"1161827896","2327993796","0.0909091"
"2327993796","1161827896","0.0909091"
"1161827896","2503841050","0.0909091"
"2503841050","1161827896","0.0909091"
"1583105065","1959942577","0.129371"
"1959942577","1583105065","0.129371"
"1583105065","1994899702","0.0909091"
"1994899702","1583105065","0.0909091"
"1583105065","2071081626","0.0909091"
"2071081626","1583105065","0.0909091"
"1583105065","2071874999","0.0909091"
"2071874999","1583105065","0.0909091"
"1583105065","2108854759","0.0909091"
"2108854759","1583105065","0.0909091"
"1583105065","2119271263","0.20202"
"2119271263","1583105065","0.20202"
"1583105065","2150012061","0.667832"
"2150012061","1583105065","0.667832"
"1583105065","2283945092","0.0909091"
"2283945092","1583105065","0.0909091"
"1583105065","2327993796","0.0909091"
"2327993796","1583105065","0.0909091"
"1583105065","2503841050","0.0909091"
"2503841050","1583105065","0.0909091"
"1959942577","1994899702","0.117936"
"1994899702","1959942577","0.117936"
"1959942577","2071081626","0.134387"
"2071081626","1959942577","0.134387"
"1959942577","2071874999","0.0909091"
"2071874999","1959942577","0.0909091"
"1959942577","2108854759","0.0909091"
"2108854759","1959942577","0.0909091"
"1959942577","2119271263","0.170568"
"2119271263","1959942577","0.170568"
"1959942577","2150012061","0.134387"
"2150012061","1959942577","0.134387"
"1959942577","2283945092","3.33171"
"2283945092","1959942577","3.33171"
"1959942577","2327993796","0.0909091"
"2327993796","1959942577","0.0909091"
"1959942577","2503841050","0.0909091"
"2503841050","1959942577","0.0909091"
"1994899702","2071081626","0.0909091"
"2071081626","1994899702","0.0909091"
"1994899702","2071874999","0.0909091"
"2071874999","1994899702","0.0909091"
"1994899702","2108854759","0.0909091"
"2108854759","1994899702","0.0909091"
"1994899702","2119271263","0.117936"
"2119271263","1994899702","0.117936"
"1994899702","2150012061","0.0909091"
"2150012061","1994899702","0.0909091"
"1994899702","2283945092","0.167832"
"2283945092","1994899702","0.167832"
"1994899702","2327993796","0.0909091"
"2327993796","1994899702","0.0909091"
"1994899702","2503841050","0.0909091"
"2503841050","1994899702","0.0909091"
"2071081626","2071874999","1.85877"
"2071874999","2071081626","1.85877"
"2071081626","2108854759","0.0909091"
"2108854759","2071081626","0.0909091"
"2071081626","2119271263","0.340909"
"2119271263","2071081626","0.340909"
"2071081626","2150012061","0.134387"
"2150012061","2071081626","0.134387"
"2071081626","2283945092","0.134387"
"2283945092","2071081626","0.134387"
"2071081626","2327993796","0.0909091"
"2327993796","2071081626","0.0909091"
"2071081626","2503841050","0.0909091"
"2503841050","2071081626","0.0909091"
"2071874999","2108854759","0.0909091"
"2108854759","2071874999","0.0909091"
"2071874999","2150012061","0.0909091"
"2150012061","2071874999","0.0909091"
"2071874999","2283945092","0.0909091"
"2283945092","2071874999","0.0909091"
"2071874999","2327993796","0.0909091"
"2327993796","2071874999","0.0909091"
"2071874999","2503841050","0.0909091"
"2503841050","2071874999","0.0909091"
"2108854759","2119271263","0.0909091"
"2119271263","2108854759","0.0909091"
"2108854759","2150012061","0.181818"
"2150012061","2108854759","0.181818"
"2108854759","2283945092","0.0909091"
"2283945092","2108854759","0.0909091"
"2108854759","2327993796","0.0909091"
"2327993796","2108854759","0.0909091"
"2108854759","2503841050","0.0909091"
"2503841050","2108854759","0.0909091"
"2119271263","2150012061","0.123167"
"2150012061","2119271263","0.123167"
"2119271263","2283945092","0.143541"
"2283945092","2119271263","0.143541"
"2119271263","2327993796","0.324675"
"2327993796","2119271263","0.324675"
"2119271263","2503841050","0.181818"
"2503841050","2119271263","0.181818"
"2150012061","2283945092","0.134387"
"2283945092","2150012061","0.134387"
"2150012061","2327993796","0.0909091"
"2327993796","2150012061","0.0909091"
"2150012061","2503841050","0.0909091"
"2503841050","2150012061","0.0909091"
"2283945092","2327993796","0.0909091"
"2327993796","2283945092","0.0909091"
"2283945092","2503841050","0.0909091"
"2503841050","2283945092","0.0909091"
"2327993796","2503841050","0.0909091"
"2503841050","2327993796","0.0909091"
"1161827896","1992451087","0.5"
"1992451087","1161827896","0.5"
"1161827896","1994628017","0.667857"
"1994628017","1161827896","0.667857"
"1161827896","2293869449","1.19286"
"2293869449","1161827896","1.19286"
"1992451087","1994628017","0.417241"
"1994628017","1992451087","0.417241"
"1992451087","2071081626","2.3"
"2071081626","1992451087","2.3"
"1992451087","2071874999","1.51724"
"2071874999","1992451087","1.51724"
"1992451087","2293869449","0.3"
"2293869449","1992451087","0.3"
"1994628017","2071081626","0.467857"
"2071081626","1994628017","0.467857"
"1994628017","2071874999","0.685099"
"2071874999","1994628017","0.685099"
"1994628017","2293869449","0.342857"
"2293869449","1994628017","0.342857"
"2071081626","2293869449","4.22619"
"2293869449","2071081626","4.22619"
"2071874999","2293869449","1.14286"
"2293869449","2071874999","1.14286"
"1161827896","2137291214","0.517857"
"2137291214","1161827896","0.517857"
"168593163","2137291214","0.708333"
"2137291214","168593163","0.708333"
"168593163","2293869449","2.88333"
"2293869449","168593163","2.88333"
"2071081626","2137291214","0.85119"
"2137291214","2071081626","0.85119"
"2137291214","2293869449","0.72619"
"2293869449","2137291214","0.72619"
"1161827896","2196321569","0.225"
"2196321569","1161827896","0.225"
"1161827896","2245865570","0.1"
"2245865570","1161827896","0.1"
"1161827896","2742523794","0.1"
"2742523794","1161827896","0.1"
"168593163","1992451087","0.1"
"1992451087","168593163","0.1"
"168593163","2196321569","0.725"
"2196321569","168593163","0.725"
"168593163","2245865570","0.1"
"2245865570","168593163","0.1"
"168593163","2742523794","0.1"
"2742523794","168593163","0.1"
"1992451087","2196321569","0.1"
"2196321569","1992451087","0.1"
"1992451087","2245865570","0.1"
"2245865570","1992451087","0.1"
"1992451087","2547124843","0.3"
"2547124843","1992451087","0.3"
"1992451087","2742523794","0.926923"
"2742523794","1992451087","0.926923"
"1992451087","2899396117","0.3"
"2899396117","1992451087","0.3"
"2071081626","2196321569","1.225"
"2196321569","2071081626","1.225"
"2071081626","2245865570","0.1"
"2245865570","2071081626","0.1"
"2071081626","2547124843","0.567857"
"2547124843","2071081626","0.567857"
"2071081626","2742523794","0.1"
"2742523794","2071081626","0.1"
"2071081626","2899396117","0.567857"
"2899396117","2071081626","0.567857"
"2071874999","2196321569","0.225"
"2196321569","2071874999","0.225"
"2071874999","2245865570","0.1"
"2245865570","2071874999","0.1"
"2071874999","2742523794","0.1"
"2742523794","2071874999","0.1"
"2196321569","2245865570","0.1"
"2245865570","2196321569","0.1"
"2196321569","2293869449","1.1"
"2293869449","2196321569","1.1"
"2196321569","2547124843","0.225"
"2547124843","2196321569","0.225"
"2196321569","2742523794","0.1"
"2742523794","2196321569","0.1"
"2196321569","2899396117","0.225"
"2899396117","2196321569","0.225"
"2245865570","2293869449","0.1"
"2293869449","2245865570","0.1"
"2245865570","2547124843","0.1"
"2547124843","2245865570","0.1"
"2245865570","2742523794","0.1"
"2742523794","2245865570","0.1"
"2245865570","2899396117","0.1"
"2899396117","2245865570","0.1"
"2293869449","2547124843","0.442857"
"2547124843","2293869449","0.442857"
"2293869449","2742523794","0.1"
"2742523794","2293869449","0.1"
"2293869449","2899396117","0.442857"
"2899396117","2293869449","0.442857"
"2547124843","2742523794","0.1"
"2742523794","2547124843","0.1"
"2742523794","2899396117","0.183333"
"2899396117","2742523794","0.183333"
"168593163","1994628017","0.125"
"1994628017","168593163","0.125"
"1994628017","2137291214","0.267857"
"2137291214","1994628017","0.267857"
"1994628017","2196321569","0.125"
"2196321569","1994628017","0.125"
"1994628017","2547124843","0.467857"
"2547124843","1994628017","0.467857"
"1994628017","2899396117","0.467857"
"2899396117","1994628017","0.467857"
"2071874999","2137291214","0.267857"
"2137291214","2071874999","0.267857"
"2137291214","2196321569","0.125"
"2196321569","2137291214","0.125"
"2137291214","2547124843","0.267857"
"2547124843","2137291214","0.267857"
"2137291214","2899396117","0.267857"
"2899396117","2137291214","0.267857"
"1161827896","1563624434","0.2"
"1563624434","1161827896","0.2"
"1161827896","2315875578","0.2"
"2315875578","1161827896","0.2"
"1161827896","2765885027","0.2"
"2765885027","1161827896","0.2"
"1161827896","2998415602","0.2"
"2998415602","1161827896","0.2"
"1563624434","2119271263","0.549733"
"2119271263","1563624434","0.549733"
"1563624434","2315875578","0.2"
"2315875578","1563624434","0.2"
"1563624434","2765885027","0.2"
"2765885027","1563624434","0.2"
"1563624434","2998415602","0.2"
"2998415602","1563624434","0.2"
"2119271263","2315875578","0.561111"
"2315875578","2119271263","0.561111"
"2119271263","2765885027","0.502632"
"2765885027","2119271263","0.502632"
"2119271263","2998415602","0.45"
"2998415602","2119271263","0.45"
"2315875578","2765885027","0.2"
"2765885027","2315875578","0.2"
"2315875578","2998415602","0.2"
"2998415602","2315875578","0.2"
"2765885027","2998415602","9.95952"
"2998415602","2765885027","9.95952"
"1482005385","1518485510","0.38586"
"1518485510","1482005385","0.38586"
"1482005385","1548673225","1.93432"
"1548673225","1482005385","1.93432"
"1482005385","1602290867","1.19221"
"1602290867","1482005385","1.19221"
"1482005385","1603198476","0.278959"
"1603198476","1482005385","0.278959"
"1482005385","1667917765","0.310451"
"1667917765","1482005385","0.310451"
"1482005385","2016471739","0.308625"
"2016471739","1482005385","0.308625"
"1482005385","2069960115","0.123167"
"2069960115","1482005385","0.123167"
"1482005385","2108854759","0.0909091"
"2108854759","1482005385","0.0909091"
"1482005385","2150012061","0.28537"
"2150012061","1482005385","0.28537"
"1482005385","2154190248","0.2065"
"2154190248","1482005385","0.2065"
"1518485510","1548673225","0.672108"
"1548673225","1518485510","0.672108"
"1518485510","1602290867","0.123167"
"1602290867","1518485510","0.123167"
"1518485510","1603198476","0.202036"
"1603198476","1518485510","0.202036"
"1518485510","1667917765","0.123167"
"1667917765","1518485510","0.123167"
"1518485510","1989488733","0.123167"
"1989488733","1518485510","0.123167"
"1518485510","2016471739","0.202036"
"2016471739","1518485510","0.202036"
"1518485510","2069960115","0.123167"
"2069960115","1518485510","0.123167"
"1518485510","2108854759","0.0909091"
"2108854759","1518485510","0.0909091"
"1518485510","2150012061","0.202036"
"2150012061","1518485510","0.202036"
"1518485510","2154190248","0.123167"
"2154190248","1518485510","0.123167"
"1548673225","1602290867","2.75981"
"1602290867","1548673225","2.75981"
"1548673225","1603198476","0.297274"
"1603198476","1548673225","0.297274"
"1548673225","1667917765","0.248394"
"1667917765","1548673225","0.248394"
"1548673225","1989488733","0.150194"
"1989488733","1548673225","0.150194"
"1548673225","2016471739","0.23134"
"2016471739","1548673225","0.23134"
"1548673225","2069960115","0.221367"
"2069960115","1548673225","0.221367"
"1548673225","2108854759","0.0909091"
"2108854759","1548673225","0.0909091"
"1548673225","2150012061","0.23134"
"2150012061","1548673225","0.23134"
"1548673225","2154190248","0.123167"
"2154190248","1548673225","0.123167"
"1602290867","1603198476","0.123167"
"1603198476","1602290867","0.123167"
"1602290867","1667917765","0.144444"
"1667917765","1602290867","0.144444"
"1602290867","1989488733","0.123167"
"1989488733","1602290867","0.123167"
"1602290867","2016471739","0.123167"
"2016471739","1602290867","0.123167"
"1602290867","2069960115","0.144444"
"2069960115","1602290867","0.144444"
"1602290867","2108854759","0.0909091"
"2108854759","1602290867","0.0909091"
"1602290867","2150012061","0.123167"
"2150012061","1602290867","0.123167"
"1602290867","2154190248","0.123167"
"2154190248","1602290867","0.123167"
"1603198476","1667917765","0.20009"
"1667917765","1603198476","0.20009"
"1603198476","1989488733","0.20009"
"1989488733","1603198476","0.20009"
"1603198476","2016471739","0.202036"
"2016471739","1603198476","0.202036"
"1603198476","2069960115","0.123167"
"2069960115","1603198476","0.123167"
"1603198476","2108854759","0.0909091"
"2108854759","1603198476","0.0909091"
"1603198476","2150012061","0.202036"
"2150012061","1603198476","0.202036"
"1603198476","2154190248","0.123167"
"2154190248","1603198476","0.123167"
"1667917765","1989488733","0.593784"
"1989488733","1667917765","0.593784"
"1667917765","2016471739","0.283424"
"2016471739","1667917765","0.283424"
"1667917765","2069960115","0.221367"
"2069960115","1667917765","0.221367"
"1667917765","2108854759","0.0909091"
"2108854759","1667917765","0.0909091"
"1667917765","2150012061","1.28342"
"2150012061","1667917765","1.28342"
"1667917765","2154190248","0.2065"
"2154190248","1667917765","0.2065"
"1989488733","2016471739","0.123167"
"2016471739","1989488733","0.123167"
"1989488733","2069960115","0.123167"
"2069960115","1989488733","0.123167"
"1989488733","2108854759","0.0909091"
"2108854759","1989488733","0.0909091"
"1989488733","2150012061","0.123167"
"2150012061","1989488733","0.123167"
"1989488733","2154190248","0.123167"
"2154190248","1989488733","0.123167"
"2016471739","2069960115","0.20009"
"2069960115","2016471739","0.20009"
"2016471739","2108854759","0.0909091"
"2108854759","2016471739","0.0909091"
"2016471739","2150012061","0.905771"
"2150012061","2016471739","0.905771"
"2016471739","2154190248","0.249979"
"2154190248","2016471739","0.249979"
"2069960115","2108854759","0.0909091"
"2108854759","2069960115","0.0909091"
"2069960115","2150012061","0.20009"
"2150012061","2069960115","0.20009"
"2069960115","2154190248","0.123167"
"2154190248","2069960115","0.123167"
"2108854759","2154190248","0.0909091"
"2154190248","2108854759","0.0909091"
"2150012061","2154190248","0.249979"
"2154190248","2150012061","0.249979"
"1482005385","1502240914","0.242101"
"1502240914","1482005385","0.242101"
"1482005385","1526615740","0.140356"
"1526615740","1482005385","0.140356"
"1482005385","1534794553","0.28972"
"1534794553","1482005385","0.28972"
"1482005385","1544377246","0.372478"
"1544377246","1482005385","0.372478"
"1482005385","1553164726","0.113329"
"1553164726","1482005385","0.113329"
"1482005385","1555370146","0.078869"
"1555370146","1482005385","0.078869"
"1482005385","1561353054","0.197363"
"1561353054","1482005385","0.197363"
"1482005385","1774793701","0.27724"
"1774793701","1482005385","0.27724"
"1482005385","1819210194","0.140356"
"1819210194","1482005385","0.140356"
"1482005385","1827225665","0.16141"
"1827225665","1482005385","0.16141"
"1482005385","1914405306","0.03125"
"1914405306","1482005385","0.03125"
"1482005385","1979838027","0.169951"
"1979838027","1482005385","0.169951"
"1482005385","2024724761","0.129152"
"2024724761","1482005385","0.129152"
"1482005385","2036404989","0.102125"
"2036404989","1482005385","0.102125"
"1482005385","2041674070","0.078869"
"2041674070","1482005385","0.078869"
"1482005385","2104516987","0.114583"
"2104516987","1482005385","0.114583"
"1482005385","2104611964","0.169951"
"2104611964","1482005385","0.169951"
"1482005385","2119804741","0.327615"
"2119804741","1482005385","0.327615"
"1482005385","2125556794","0.137693"
"2125556794","1482005385","0.137693"
"1482005385","2127351027","0.078869"
"2127351027","1482005385","0.078869"
"1482005385","2148597600","0.078869"
"2148597600","1482005385","0.078869"
"1482005385","2508174136","0.16141"
"2508174136","1482005385","0.16141"
"1482005385","2753464180","0.102125"
"2753464180","1482005385","0.102125"
"1482005385","2808507275","0.0635081"
"2808507275","1482005385","0.0635081"
"1482005385","2951642106","0.28972"
"2951642106","1482005385","0.28972"
"1482005385","745782387","0.03125"
"745782387","1482005385","0.03125"
"1502240914","1518485510","0.722018"
"1518485510","1502240914","0.722018"
"1502240914","1526615740","27.8322"
"1526615740","1502240914","27.8322"
"1502240914","1534794553","2.57913"
"1534794553","1502240914","2.57913"
"1502240914","1544377246","0.54375"
"1544377246","1502240914","0.54375"
"1502240914","1548673225","1.40903"
"1548673225","1502240914","1.40903"
"1502240914","1553164726","4.80508"
"1553164726","1502240914","4.80508"
"1502240914","1555370146","0.821528"
"1555370146","1502240914","0.821528"
"1502240914","1561353054","0.286961"
"1561353054","1502240914","0.286961"
"1502240914","1603198476","0.0838816"
"1603198476","1502240914","0.0838816"
"1502240914","1774793701","0.809985"
"1774793701","1502240914","0.809985"
"1502240914","1819210194","7.21918"
"1819210194","1502240914","7.21918"
"1502240914","1827225665","0.321054"
"1827225665","1502240914","0.321054"
"1502240914","1914405306","0.223305"
"1914405306","1502240914","0.223305"
"1502240914","1979838027","0.617851"
"1979838027","1502240914","0.617851"
"1502240914","2016471739","0.0747283"
"2016471739","1502240914","0.0747283"
"1502240914","2024724761","0.187832"
"2024724761","1502240914","0.187832"
"1502240914","2036404989","0.142361"
"2036404989","1502240914","0.142361"
"1502240914","2041674070","0.03125"
"2041674070","1502240914","0.03125"
"1502240914","2104516987","0.507493"
"2104516987","1502240914","0.507493"
"1502240914","2104611964","0.50674"
"2104611964","1502240914","0.50674"
"1502240914","2119804741","0.0900735"
"2119804741","1502240914","0.0900735"
"1502240914","2125556794","0.340074"
"2125556794","1502240914","0.340074"
"1502240914","2127351027","0.03125"
"2127351027","1502240914","0.03125"
"1502240914","2148597600","0.495673"
"2148597600","1502240914","0.495673"
"1502240914","2150012061","0.0747283"
"2150012061","1502240914","0.0747283"
"1502240914","2162956214","1.9996"
"2162956214","1502240914","1.9996"
"1502240914","2508174136","0.110909"
"2508174136","1502240914","0.110909"
"1502240914","2753464180","0.13125"
"2753464180","1502240914","0.13125"
"1502240914","2808507275","0.12736"
"2808507275","1502240914","0.12736"
"1502240914","2951642106","0.984958"
"2951642106","1502240914","0.984958"
"1502240914","745782387","0.03125"
"745782387","1502240914","0.03125"
"1518485510","1526615740","1.00727"
"1526615740","1518485510","1.00727"
"1518485510","1534794553","2.86739"
"1534794553","1518485510","2.86739"
"1518485510","1544377246","0.126008"
"1544377246","1518485510","0.126008"
"1518485510","1553164726","0.152574"
"1553164726","1518485510","0.152574"
"1518485510","1555370146","0.412737"
"1555370146","1518485510","0.412737"
"1518485510","1561353054","0.09375"
"1561353054","1518485510","0.09375"
"1518485510","1774793701","0.19446"
"1774793701","1518485510","0.19446"
"1518485510","1819210194","0.152574"
"1819210194","1518485510","0.152574"
"1518485510","1827225665","0.111127"
"1827225665","1518485510","0.111127"
"1518485510","1914405306","0.09375"
"1914405306","1518485510","0.09375"
"1518485510","1979838027","0.357985"
"1979838027","1518485510","0.357985"
"1518485510","2024724761","0.078869"
"2024724761","1518485510","0.078869"
"1518485510","2036404989","0.266903"
"2036404989","1518485510","0.266903"
"1518485510","2041674070","0.078869"
"2041674070","1518485510","0.078869"
"1518485510","2104516987","0.615118"
"2104516987","1518485510","0.615118"
"1518485510","2104611964","0.246874"
"2104611964","1518485510","0.246874"
"1518485510","2119804741","0.137693"
"2119804741","1518485510","0.137693"
"1518485510","2125556794","0.214616"
"2125556794","1518485510","0.214616"
"1518485510","2127351027","0.078869"
"2127351027","1518485510","0.078869"
"1518485510","2148597600","0.224702"
"2148597600","1518485510","0.224702"
"1518485510","2162956214","0.50674"
"2162956214","1518485510","0.50674"
"1518485510","2508174136","0.111127"
"2508174136","1518485510","0.111127"
"1518485510","2753464180","0.078869"
"2753464180","1518485510","0.078869"
"1518485510","2808507275","0.0635081"
"2808507275","1518485510","0.0635081"
"1518485510","2951642106","2.33962"
"2951642106","1518485510","2.33962"
"1518485510","745782387","0.03125"
"745782387","1518485510","0.03125"
"1526615740","1534794553","1.90209"
"1534794553","1526615740","1.90209"
"1526615740","1544377246","0.869637"
"1544377246","1526615740","0.869637"
"1526615740","1548673225","1.41359"
"1548673225","1526615740","1.41359"
"1526615740","1553164726","4.88097"
"1553164726","1526615740","4.88097"
"1526615740","1555370146","0.898451"
"1555370146","1526615740","0.898451"
"1526615740","1561353054","0.362848"
"1561353054","1526615740","0.362848"
"1526615740","1603198476","0.0838816"
"1603198476","1526615740","0.0838816"
"1526615740","1774793701","0.760872"
"1774793701","1526615740","0.760872"
"1526615740","1819210194","6.74243"
"1819210194","1526615740","6.74243"
"1526615740","1827225665","0.344309"
"1827225665","1526615740","0.344309"
"1526615740","1914405306","0.27886"
"1914405306","1526615740","0.27886"
"1526615740","1979838027","0.694774"
"1979838027","1526615740","0.694774"
"1526615740","2016471739","0.0979841"
"2016471739","1526615740","0.0979841"
"1526615740","2024724761","0.134164"
"2024724761","1526615740","0.134164"
"1526615740","2036404989","0.24254"
"2036404989","1526615740","0.24254"
"1526615740","2041674070","0.03125"
"2041674070","1526615740","0.03125"
"1526615740","2104516987","0.584416"
"2104516987","1526615740","0.584416"
"1526615740","2104611964","0.583663"
"2104611964","1526615740","0.583663"
"1526615740","2119804741","0.113329"
"2119804741","1526615740","0.113329"
"1526615740","2125556794","0.416997"
"2125556794","1526615740","0.416997"
"1526615740","2127351027","0.03125"
"2127351027","1526615740","0.03125"
"1526615740","2148597600","0.370673"
"2148597600","1526615740","0.370673"
"1526615740","2150012061","0.0747283"
"2150012061","1526615740","0.0747283"
"1526615740","2162956214","0.85674"
"2162956214","1526615740","0.85674"
"1526615740","2508174136","0.134164"
"2508174136","1526615740","0.134164"
"1526615740","2753464180","0.154506"
"2753464180","1526615740","0.154506"
"1526615740","2808507275","0.12736"
"2808507275","1526615740","0.12736"
"1526615740","2951642106","0.627357"
"2951642106","1526615740","0.627357"
"1526615740","745782387","0.03125"
"745782387","1526615740","0.03125"
"1534794553","1544377246","0.319712"
"1544377246","1534794553","0.319712"
"1534794553","1548673225","1.1382"
"1548673225","1534794553","1.1382"
"1534794553","1553164726","0.373897"
"1553164726","1534794553","0.373897"
"1534794553","1555370146","0.613698"
"1555370146","1534794553","0.613698"
"1534794553","1561353054","0.180983"
"1561353054","1534794553","0.180983"
"1534794553","1603198476","0.078869"
"1603198476","1534794553","0.078869"
"1534794553","1774793701","0.325664"
"1774793701","1534794553","0.325664"
"1534794553","1819210194","0.439386"
"1819210194","1534794553","0.439386"
"1534794553","1827225665","0.105896"
"1827225665","1534794553","0.105896"
"1534794553","1914405306","0.0868056"
"1914405306","1534794553","0.0868056"
"1534794553","1979838027","0.325727"
"1979838027","1534794553","0.325727"
"1534794553","2016471739","0.078869"
"2016471739","1534794553","0.078869"
"1534794553","2024724761","0.105896"
"2024724761","1534794553","0.105896"
"1534794553","2036404989","0.266903"
"2036404989","1534794553","0.266903"
"1534794553","2041674070","0.078869"
"2041674070","1534794553","0.078869"
"1534794553","2104516987","0.841079"
"2104516987","1534794553","0.841079"
"1534794553","2104611964","0.214616"
"2104611964","1534794553","0.214616"
"1534794553","2119804741","0.137693"
"2119804741","1534794553","0.137693"
"1534794553","2125556794","0.214616"
"2125556794","1534794553","0.214616"
"1534794553","2127351027","0.078869"
"2127351027","1534794553","0.078869"
"1534794553","2148597600","0.325664"
"2148597600","1534794553","0.325664"
"1534794553","2150012061","0.078869"
"2150012061","1534794553","0.078869"
"1534794553","2162956214","1.16626"
"2162956214","1534794553","1.16626"
"1534794553","2508174136","0.105896"
"2508174136","1534794553","0.105896"
"1534794553","2753464180","0.178869"
"2753464180","1534794553","0.178869"
"1534794553","2808507275","0.03125"
"2808507275","1534794553","0.03125"
"1534794553","2951642106","3.1095"
"2951642106","1534794553","3.1095"
"1534794553","745782387","0.03125"
"745782387","1534794553","0.03125"
"1544377246","1548673225","0.870739"
"1548673225","1544377246","0.870739"
"1544377246","1553164726","0.230357"
"1553164726","1544377246","0.230357"
"1544377246","1555370146","1.69174"
"1555370146","1544377246","1.69174"
"1544377246","1561353054","1.01337"
"1561353054","1544377246","1.01337"
"1544377246","1603198476","0.0635081"
"1603198476","1544377246","0.0635081"
"1544377246","1774793701","0.411623"
"1774793701","1544377246","0.411623"
"1544377246","1819210194","0.155467"
"1819210194","1544377246","0.155467"
"1544377246","1827225665","0.0867639"
"1827225665","1544377246","0.0867639"
"1544377246","1914405306","0.137228"
"1914405306","1544377246","0.137228"
"1544377246","1979838027","0.0635081"
"1979838027","1544377246","0.0635081"
"1544377246","2016471739","0.0867639"
"2016471739","1544377246","0.0867639"
"1544377246","2024724761","0.0545058"
"2024724761","1544377246","0.0545058"
"1544377246","2036404989","0.196747"
"2036404989","1544377246","0.196747"
"1544377246","2041674070","0.03125"
"2041674070","1544377246","0.03125"
"1544377246","2104516987","0.132212"
"2104516987","1544377246","0.132212"
"1544377246","2104611964","0.0635081"
"2104611964","1544377246","0.0635081"
"1544377246","2119804741","0.179506"
"2119804741","1544377246","0.179506"
"1544377246","2125556794","0.03125"
"2125556794","1544377246","0.03125"
"1544377246","2127351027","0.03125"
"2127351027","1544377246","0.03125"
"1544377246","2148597600","0.132212"
"2148597600","1544377246","0.132212"
"1544377246","2150012061","0.0635081"
"2150012061","1544377246","0.0635081"
"1544377246","2162956214","0.35625"
"2162956214","1544377246","0.35625"
"1544377246","2508174136","0.229621"
"2508174136","1544377246","0.229621"
"1544377246","2753464180","0.0545058"
"2753464180","1544377246","0.0545058"
"1544377246","2808507275","0.0807494"
"2808507275","1544377246","0.0807494"
"1544377246","2951642106","0.03125"
"2951642106","1544377246","0.03125"
"1544377246","745782387","0.03125"
"745782387","1544377246","0.03125"
"1548673225","1553164726","0.801972"
"1553164726","1548673225","0.801972"
"1548673225","1555370146","1.04845"
"1555370146","1548673225","1.04845"
"1548673225","1561353054","0.52988"
"1561353054","1548673225","0.52988"
"1548673225","1774793701","0.722006"
"1774793701","1548673225","0.722006"
"1548673225","1819210194","0.85329"
"1819210194","1548673225","0.85329"
"1548673225","1827225665","0.233392"
"1827225665","1548673225","0.233392"
"1548673225","1914405306","0.281784"
"1914405306","1548673225","0.281784"
"1548673225","1979838027","0.453223"
"1979838027","1548673225","0.453223"
"1548673225","2024724761","0.058277"
"2024724761","1548673225","0.058277"
"1548673225","2036404989","0.219284"
"2036404989","1548673225","0.219284"
"1548673225","2041674070","0.03125"
"2041674070","1548673225","0.03125"
"1548673225","2104516987","0.531784"
"2104516987","1548673225","0.531784"
"1548673225","2104611964","0.508778"
"2104611964","1548673225","0.508778"
"1548673225","2119804741","0.215074"
"2119804741","1548673225","0.215074"
"1548673225","2125556794","0.309854"
"2125556794","1548673225","0.309854"
"1548673225","2127351027","0.0525266"
"2127351027","1548673225","0.0525266"
"1548673225","2148597600","0.254006"
"2148597600","1548673225","0.254006"
"1548673225","2162956214","0.190074"
"2162956214","1548673225","0.190074"
"1548673225","2508174136","0.310315"
"2508174136","1548673225","0.310315"
"1548673225","2753464180","0.274107"
"2753464180","1548673225","0.274107"
"1548673225","2808507275","0.140431"
"2808507275","1548673225","0.140431"
"1548673225","2951642106","0.419024"
"2951642106","1548673225","0.419024"
"1548673225","745782387","0.03125"
"745782387","1548673225","0.03125"
"1553164726","1555370146","0.610417"
"1555370146","1553164726","0.610417"
"1553164726","1561353054","0.289181"
"1561353054","1553164726","0.289181"
"1553164726","1603198476","0.03125"
"1603198476","1553164726","0.03125"
"1553164726","1774793701","0.107137"
"1774793701","1553164726","0.107137"
"1553164726","1819210194","4.51628"
"1819210194","1553164726","4.51628"
"1553164726","1827225665","0.221172"
"1827225665","1553164726","0.221172"
"1553164726","1914405306","0.137228"
"1914405306","1553164726","0.137228"
"1553164726","1979838027","0.25674"
"1979838027","1553164726","0.25674"
"1553164726","2016471739","0.0545058"
"2016471739","1553164726","0.0545058"
"1553164726","2024724761","0.0545058"
"2024724761","1553164726","0.0545058"
"1553164726","2036404989","0.0717472"
"2036404989","1553164726","0.0717472"
"1553164726","2041674070","0.03125"
"2041674070","1553164726","0.03125"
"1553164726","2104516987","0.09375"
"2104516987","1553164726","0.09375"
"1553164726","2104611964","0.25674"
"2104611964","1553164726","0.25674"
"1553164726","2119804741","0.113329"
"2119804741","1553164726","0.113329"
"1553164726","2125556794","0.0900735"
"2125556794","1553164726","0.0900735"
"1553164726","2127351027","0.0525266"
"2127351027","1553164726","0.0525266"
"1553164726","2148597600","0.09375"
"2148597600","1553164726","0.09375"
"1553164726","2150012061","0.03125"
"2150012061","1553164726","0.03125"
"1553164726","2162956214","0.467851"
"2162956214","1553164726","0.467851"
"1553164726","2508174136","0.0545058"
"2508174136","1553164726","0.0545058"
"1553164726","2753464180","0.154506"
"2753464180","1553164726","0.154506"
"1553164726","2808507275","0.0484914"
"2808507275","1553164726","0.0484914"
"1553164726","2951642106","0.190074"
"2951642106","1553164726","0.190074"
"1553164726","745782387","0.03125"
"745782387","1553164726","0.03125"
"1555370146","1561353054","0.09375"
"1561353054","1555370146","0.09375"
"1555370146","1603198476","0.178869"
"1603198476","1555370146","0.178869"
"1555370146","1774793701","0.733997"
"1774793701","1555370146","0.733997"
"1555370146","1819210194","0.748878"
"1819210194","1555370146","0.748878"
"1555370146","1827225665","0.545536"
"1827225665","1555370146","0.545536"
"1555370146","1914405306","0.09375"
"1914405306","1555370146","0.09375"
