"1000018889","1965986943","4.33333"
"1965986943","1000018889","4.33333"
"1000018889","2116668505","1.5"
"2116668505","1000018889","1.5"
"1965986943","2116668505","0.5"
"2116668505","1965986943","0.5"
"1000018889","2425591095","0.833333"
"2425591095","1000018889","0.833333"
"1965986943","2425591095","0.833333"
"2425591095","1965986943","0.833333"
"1000018889","1562425714","0.2"
"1562425714","1000018889","0.2"
"1000018889","2006236009","0.2"
"2006236009","1000018889","0.2"
"1000018889","2401118904","0.2"
"2401118904","1000018889","0.2"
"1000018889","2406833012","0.2"
"2406833012","1000018889","0.2"
"1000018889","4910581","0.2"
"4910581","1000018889","0.2"
"1562425714","2006236009","0.2"
"2006236009","1562425714","0.2"
"1562425714","2401118904","0.2"
"2401118904","1562425714","0.2"
"1562425714","2406833012","0.2"
"2406833012","1562425714","0.2"
"1562425714","4910581","0.2"
"4910581","1562425714","0.2"
"2006236009","2401118904","0.4"
"2401118904","2006236009","0.4"
"2006236009","2406833012","7.1"
"2406833012","2006236009","7.1"
"2006236009","4910581","1.73333"
"4910581","2006236009","1.73333"
"2401118904","2406833012","0.566667"
"2406833012","2401118904","0.566667"
"2401118904","4910581","5.9"
"4910581","2401118904","5.9"
"2406833012","4910581","0.9"
"4910581","2406833012","0.9"
"1000018889","2911862696","0.333333"
"2911862696","1000018889","0.333333"
"1965986943","2911862696","0.333333"
"2911862696","1965986943","0.333333"
"2425591095","2911862696","7.89735"
"2911862696","2425591095","7.89735"
"1000018889","1639158619","1"
"1639158619","1000018889","1"
"113540453","2296691993","3.91667"
"2296691993","113540453","3.91667"
"113540453","75159511","3.48333"
"75159511","113540453","3.48333"
"2296691993","75159511","1.25"
"75159511","2296691993","1.25"
"113540453","118862411","0.2"
"118862411","113540453","0.2"
"113540453","1592544607","0.2"
"1592544607","113540453","0.2"
"113540453","2019335693","0.2"
"2019335693","113540453","0.2"
"113540453","2068833083","0.2"
"2068833083","113540453","0.2"
"118862411","1592544607","6.7"
"1592544607","118862411","6.7"
"118862411","2019335693","5.03333"
"2019335693","118862411","5.03333"
"118862411","2068833083","0.2"
"2068833083","118862411","0.2"
"118862411","75159511","0.2"
"75159511","118862411","0.2"
"1592544607","2019335693","6.03333"
"2019335693","1592544607","6.03333"
"1592544607","2068833083","0.2"
"2068833083","1592544607","0.2"
"1592544607","75159511","0.2"
"75159511","1592544607","0.2"
"2019335693","2068833083","0.2"
"2068833083","2019335693","0.2"
"2019335693","75159511","0.2"
"75159511","2019335693","0.2"
"2068833083","75159511","0.45"
"75159511","2068833083","0.45"
"113540453","2172128594","0.25"
"2172128594","113540453","0.25"
"113540453","2587445001","0.5"
"2587445001","113540453","0.5"
"113540453","4910581","0.5"
"4910581","113540453","0.5"
"2172128594","2587445001","2.58333"
"2587445001","2172128594","2.58333"
"2172128594","4910581","3.58333"
"4910581","2172128594","3.58333"
"2172128594","75159511","0.25"
"75159511","2172128594","0.25"
"2587445001","4910581","2.5"
"4910581","2587445001","2.5"
"2587445001","75159511","1"
"75159511","2587445001","1"
"4910581","75159511","1"
"75159511","4910581","1"
"113540453","175930347","1"
"175930347","113540453","1"
"113540453","1562425714","0.783333"
"1562425714","113540453","0.783333"
"113540453","1639158619","0.45"
"1639158619","113540453","0.45"
"113540453","1975200216","0.2"
"1975200216","113540453","0.2"
"113540453","2029823531","0.533333"
"2029823531","113540453","0.533333"
"1562425714","1639158619","1.28333"
"1639158619","1562425714","1.28333"
"1562425714","1975200216","0.2"
"1975200216","1562425714","0.2"
"1562425714","2029823531","0.533333"
"2029823531","1562425714","0.533333"
"1562425714","75159511","0.783333"
"75159511","1562425714","0.783333"
"1639158619","1975200216","0.533333"
"1975200216","1639158619","0.533333"
"1639158619","2029823531","0.2"
"2029823531","1639158619","0.2"
"1639158619","75159511","0.45"
"75159511","1639158619","0.45"
"1975200216","2029823531","0.2"
"2029823531","1975200216","0.2"
"1975200216","75159511","0.2"
"75159511","1975200216","0.2"
"2029823531","75159511","0.533333"
"75159511","2029823531","0.533333"
"113540453","2110735948","0.25"
"2110735948","113540453","0.25"
"1562425714","2110735948","1.18333"
"2110735948","1562425714","1.18333"
"1639158619","2110735948","2.08333"
"2110735948","1639158619","2.08333"
"2110735948","75159511","0.25"
"75159511","2110735948","0.25"
"113540453","140180654","0.333333"
"140180654","113540453","0.333333"
"113540453","1998091130","0.333333"
"1998091130","113540453","0.333333"
"140180654","1998091130","4.33333"
"1998091130","140180654","4.33333"
"140180654","2296691993","0.333333"
"2296691993","140180654","0.333333"
"1998091130","2296691993","0.333333"
"2296691993","1998091130","0.333333"
"2296691993","2587445001","0.25"
"2587445001","2296691993","0.25"
"2296691993","4910581","0.25"
"4910581","2296691993","0.25"
"113540453","2254120999","1.33333"
"2254120999","113540453","1.33333"
"113540453","2094524427","0.333333"
"2094524427","113540453","0.333333"
"2094524427","2254120999","4.35"
"2254120999","2094524427","4.35"
"2094524427","2296691993","0.333333"
"2296691993","2094524427","0.333333"
"2254120999","2296691993","0.333333"
"2296691993","2254120999","0.333333"
"1172671697","2044972766","0.266667"
"2044972766","1172671697","0.266667"
"1172671697","2056140107","0.6"
"2056140107","1172671697","0.6"
"1172671697","2068204234","0.6"
"2068204234","1172671697","0.6"
"1172671697","2076025837","0.6"
"2076025837","1172671697","0.6"
"1172671697","2604748243","2.01667"
"2604748243","1172671697","2.01667"
"1172671697","2886917797","3.01667"
"2886917797","1172671697","3.01667"
"2044972766","2056140107","2.96667"
"2056140107","2044972766","2.96667"
"2044972766","2068204234","1.96667"
"2068204234","2044972766","1.96667"
"2044972766","2076025837","0.966667"
"2076025837","2044972766","0.966667"
"2044972766","2604748243","2.46667"
"2604748243","2044972766","2.46667"
"2044972766","2886917797","0.266667"
"2886917797","2044972766","0.266667"
"2056140107","2068204234","1.8"
"2068204234","2056140107","1.8"
"2056140107","2076025837","0.8"
"2076025837","2056140107","0.8"
"2056140107","2604748243","10.6333"
"2604748243","2056140107","10.6333"
"2056140107","2886917797","0.6"
"2886917797","2056140107","0.6"
"2068204234","2076025837","3.63333"
"2076025837","2068204234","3.63333"
"2068204234","2604748243","1.13333"
"2604748243","2068204234","1.13333"
"2068204234","2886917797","0.6"
"2886917797","2068204234","0.6"
"2076025837","2604748243","2.13333"
"2604748243","2076025837","2.13333"
"2076025837","2886917797","0.6"
"2886917797","2076025837","0.6"
"2604748243","2886917797","1.51667"
"2886917797","2604748243","1.51667"
"1172671697","2889664897","2.68333"
"2889664897","1172671697","2.68333"
"2604748243","2889664897","1.18333"
"2889664897","2604748243","1.18333"
"2886917797","2889664897","5.28978"
"2889664897","2886917797","5.28978"
"1172671697","2806906000","1.01667"
"2806906000","1172671697","1.01667"
"2068204234","2806906000","0.433333"
"2806906000","2068204234","0.433333"
"2068204234","2889664897","0.433333"
"2889664897","2068204234","0.433333"
"2076025837","2806906000","0.433333"
"2806906000","2076025837","0.433333"
"2076025837","2889664897","0.433333"
"2889664897","2076025837","0.433333"
"2604748243","2806906000","1.01667"
"2806906000","2604748243","1.01667"
"2806906000","2886917797","1.01667"
"2886917797","2806906000","1.01667"
"2806906000","2889664897","0.683333"
"2889664897","2806906000","0.683333"
"1172671697","2030509593","0.1"
"2030509593","1172671697","0.1"
"1172671697","2584267339","0.1"
"2584267339","1172671697","0.1"
"2030509593","2044972766","6.8"
"2044972766","2030509593","6.8"
"2030509593","2056140107","0.3"
"2056140107","2030509593","0.3"
"2030509593","2068204234","0.3"
"2068204234","2030509593","0.3"
"2030509593","2076025837","0.3"
"2076025837","2030509593","0.3"
"2030509593","2584267339","0.1"
"2584267339","2030509593","0.1"
"2030509593","2604748243","0.8"
"2604748243","2030509593","0.8"
"2030509593","2806906000","0.1"
"2806906000","2030509593","0.1"
"2030509593","2886917797","0.1"
"2886917797","2030509593","0.1"
"2030509593","2889664897","0.1"
"2889664897","2030509593","0.1"
"2044972766","2584267339","0.1"
"2584267339","2044972766","0.1"
"2044972766","2806906000","0.1"
"2806906000","2044972766","0.1"
"2044972766","2889664897","0.1"
"2889664897","2044972766","0.1"
"2056140107","2584267339","0.1"
"2584267339","2056140107","0.1"
"2056140107","2806906000","0.1"
"2806906000","2056140107","0.1"
"2056140107","2889664897","0.1"
"2889664897","2056140107","0.1"
"2068204234","2584267339","0.1"
"2584267339","2068204234","0.1"
"2076025837","2584267339","0.1"
"2584267339","2076025837","0.1"
"2584267339","2604748243","0.6"
"2604748243","2584267339","0.6"
"2584267339","2806906000","0.1"
"2806906000","2584267339","0.1"
"2584267339","2886917797","0.230952"
"2886917797","2584267339","0.230952"
"2584267339","2889664897","0.272619"
"2889664897","2584267339","0.272619"
"118862411","1984276269","0.5"
"1984276269","118862411","0.5"
"1592544607","1984276269","2"
"1984276269","1592544607","2"
"1984276269","2019335693","0.333333"
"2019335693","1984276269","0.333333"
"118862411","1571942358","0.166667"
"1571942358","118862411","0.166667"
"118862411","1809026950","0.166667"
"1809026950","118862411","0.166667"
"118862411","2006236009","0.166667"
"2006236009","118862411","0.166667"
"118862411","2321545132","0.166667"
"2321545132","118862411","0.166667"
"1571942358","1592544607","0.166667"
"1592544607","1571942358","0.166667"
"1571942358","1809026950","1.2"
"1809026950","1571942358","1.2"
"1571942358","1984276269","1.325"
"1984276269","1571942358","1.325"
"1571942358","2006236009","0.5"
"2006236009","1571942358","0.5"
"1571942358","2321545132","0.5"
"2321545132","1571942358","0.5"
"1592544607","1809026950","0.666667"
"1809026950","1592544607","0.666667"
"1592544607","2006236009","0.166667"
"2006236009","1592544607","0.166667"
"1592544607","2321545132","0.166667"
"2321545132","1592544607","0.166667"
"1809026950","1984276269","1.36667"
"1984276269","1809026950","1.36667"
"1809026950","2006236009","0.616667"
"2006236009","1809026950","0.616667"
"1809026950","2321545132","1.75"
"2321545132","1809026950","1.75"
"1984276269","2006236009","0.5"
"2006236009","1984276269","0.5"
"1984276269","2321545132","0.166667"
"2321545132","1984276269","0.166667"
"2006236009","2321545132","0.416667"
"2321545132","2006236009","0.416667"
"118862411","2296691993","0.5"
"2296691993","118862411","0.5"
"1592544607","2296691993","0.5"
"2296691993","1592544607","0.5"
"121425029","1658613573","2.14973"
"1658613573","121425029","2.14973"
"121425029","149540627","0.142157"
"149540627","121425029","0.142157"
"121425029","2035151707","1.23307"
"2035151707","121425029","1.23307"
"121425029","2343183650","0.858066"
"2343183650","121425029","0.858066"
"121425029","2425591095","0.358066"
"2425591095","121425029","0.358066"
"121425029","2504883367","0.233066"
"2504883367","121425029","0.233066"
"121425029","2520633742","0.233066"
"2520633742","121425029","0.233066"
"121425029","2584267339","0.299242"
"2584267339","121425029","0.299242"
"121425029","2755914559","0.142157"
"2755914559","121425029","0.142157"
"121425029","2911862696","0.358066"
"2911862696","121425029","0.358066"
"121425029","2945137387","0.142157"
"2945137387","121425029","0.142157"
"121425029","2990005581","0.708333"
"2990005581","121425029","0.708333"
"121425029","3000500123","0.142157"
"3000500123","121425029","0.142157"
"149540627","2035151707","1.35644"
"2035151707","149540627","1.35644"
"149540627","2343183650","0.356443"
"2343183650","149540627","0.356443"
"149540627","2425591095","0.356443"
"2425591095","149540627","0.356443"
"149540627","2504883367","0.189776"
"2504883367","149540627","0.189776"
"149540627","2520633742","0.356443"
"2520633742","149540627","0.356443"
"149540627","2584267339","0.130952"
"2584267339","149540627","0.130952"
"149540627","2755914559","0.189776"
"2755914559","149540627","0.189776"
"149540627","2911862696","0.189776"
"2911862696","149540627","0.189776"
"149540627","2945137387","0.189776"
"2945137387","149540627","0.189776"
"149540627","2990005581","0.25"
"2990005581","149540627","0.25"
"149540627","3000500123","0.189776"
"3000500123","149540627","0.189776"
"2035151707","2343183650","6.59021"
"2343183650","2035151707","6.59021"
"2035151707","2425591095","0.447352"
"2425591095","2035151707","0.447352"
"2035151707","2504883367","0.280685"
"2504883367","2035151707","0.280685"
"2035151707","2520633742","0.590209"
"2520633742","2035151707","0.590209"
"2035151707","2584267339","0.364719"
"2584267339","2035151707","0.364719"
"2035151707","2755914559","0.332633"
"2755914559","2035151707","0.332633"
"2035151707","2911862696","0.280685"
"2911862696","2035151707","0.280685"
"2035151707","2945137387","0.189776"
"2945137387","2035151707","0.189776"
"2035151707","2990005581","0.25"
"2990005581","2035151707","0.25"
"2035151707","3000500123","0.439776"
"3000500123","2035151707","0.439776"
"2343183650","2425591095","0.989018"
"2425591095","2343183650","0.989018"
"2343183650","2504883367","0.364018"
"2504883367","2343183650","0.364018"
"2343183650","2520633742","0.590209"
"2520633742","2343183650","0.590209"
"2343183650","2584267339","0.573052"
"2584267339","2343183650","0.573052"
"2343183650","2755914559","0.415966"
"2755914559","2343183650","0.415966"
"2343183650","2911862696","0.405685"
"2911862696","2343183650","0.405685"
"2343183650","2945137387","0.273109"
"2945137387","2343183650","0.273109"
"2343183650","2990005581","0.375"
"2990005581","2343183650","0.375"
"2343183650","3000500123","0.523109"
"3000500123","2343183650","0.523109"
"2425591095","2504883367","3.57235"
"2504883367","2425591095","3.57235"
"2425591095","2520633742","0.897352"
"2520633742","2425591095","0.897352"
"2425591095","2584267339","1.13853"
"2584267339","2425591095","1.13853"
"2425591095","2755914559","0.898109"
"2755914559","2425591095","0.898109"
"2425591095","2945137387","0.898109"
"2945137387","2425591095","0.898109"
"2425591095","2990005581","0.375"
"2990005581","2425591095","0.375"
"2425591095","3000500123","0.523109"
"3000500123","2425591095","0.523109"
"2504883367","2520633742","0.530685"
"2520633742","2504883367","0.530685"
"2504883367","2584267339","1.01353"
"2584267339","2504883367","1.01353"
"2504883367","2755914559","0.398109"
"2755914559","2504883367","0.398109"
"2504883367","2911862696","1.28068"
"2911862696","2504883367","1.28068"
"2504883367","2945137387","0.398109"
"2945137387","2504883367","0.398109"
"2504883367","2990005581","0.0833333"
"2990005581","2504883367","0.0833333"
"2504883367","3000500123","0.189776"
"3000500123","2504883367","0.189776"
"2520633742","2584267339","0.614719"
"2584267339","2520633742","0.614719"
"2520633742","2755914559","0.332633"
"2755914559","2520633742","0.332633"
"2520633742","2911862696","0.480685"
"2911862696","2520633742","0.480685"
"2520633742","2945137387","0.189776"
"2945137387","2520633742","0.189776"
"2520633742","2990005581","0.25"
"2990005581","2520633742","0.25"
"2520633742","3000500123","0.189776"
"3000500123","2520633742","0.189776"
"2584267339","2755914559","0.482143"
"2755914559","2584267339","0.482143"
"2584267339","2911862696","0.346861"
"2911862696","2584267339","0.346861"
"2584267339","2945137387","0.339286"
"2945137387","2584267339","0.339286"
"2584267339","2990005581","0.208333"
"2990005581","2584267339","0.208333"
"2584267339","3000500123","0.130952"
"3000500123","2584267339","0.130952"
"2755914559","2911862696","0.189776"
"2911862696","2755914559","0.189776"
"2755914559","2945137387","6.89811"
"2945137387","2755914559","6.89811"
"2755914559","2990005581","1.08333"
"2990005581","2755914559","1.08333"
"2755914559","3000500123","0.356443"
"3000500123","2755914559","0.356443"
"2911862696","2945137387","0.189776"
"2945137387","2911862696","0.189776"
"2911862696","2990005581","0.208333"
"2990005581","2911862696","0.208333"
"2911862696","3000500123","0.189776"
"3000500123","2911862696","0.189776"
"2945137387","2990005581","1.33333"
"2990005581","2945137387","1.33333"
"2945137387","3000500123","0.356443"
"3000500123","2945137387","0.356443"
"2990005581","3000500123","0.25"
"3000500123","2990005581","0.25"
"121425029","2016813507","0.215909"
"2016813507","121425029","0.215909"
"121425029","2310066383","0.274733"
"2310066383","121425029","0.274733"
"121425029","2565658996","0.215909"
"2565658996","121425029","0.215909"
"2016813507","2310066383","0.263528"
"2310066383","2016813507","0.263528"
"2016813507","2343183650","0.763528"
"2343183650","2016813507","0.763528"
"2016813507","2425591095","0.680195"
"2425591095","2016813507","0.680195"
"2016813507","2565658996","0.263528"
"2565658996","2016813507","0.263528"
"2016813507","2584267339","0.263528"
"2584267339","2016813507","0.263528"
"2016813507","2911862696","0.513528"
"2911862696","2016813507","0.513528"
"2016813507","2990005581","0.291667"
"2990005581","2016813507","0.291667"
"2310066383","2343183650","0.548542"
"2343183650","2310066383","0.548542"
"2310066383","2425591095","0.989018"
"2425591095","2310066383","0.989018"
"2310066383","2565658996","0.489719"
"2565658996","2310066383","0.489719"
"2310066383","2584267339","6.07305"
"2584267339","2310066383","6.07305"
"2310066383","2911862696","0.322352"
"2911862696","2310066383","0.322352"
"2310066383","2990005581","0.125"
"2990005581","2310066383","0.125"
"2343183650","2565658996","0.489719"
"2565658996","2343183650","0.489719"
"2425591095","2565658996","0.471861"
"2565658996","2425591095","0.471861"
"2565658996","2584267339","0.614719"
"2584267339","2565658996","0.614719"
"2565658996","2911862696","0.263528"
"2911862696","2565658996","0.263528"
"2565658996","2990005581","0.125"
"2990005581","2565658996","0.125"
"121425029","2035663242","0.558824"
"2035663242","121425029","0.558824"
"121425029","49688709","0.5"
"49688709","121425029","0.5"
"2035663242","49688709","0.5"
"49688709","2035663242","0.5"
"1658613573","2990005581","0.5"
"2990005581","1658613573","0.5"
"121425029","2101888019","0.0588235"
"2101888019","121425029","0.0588235"
"121425029","2886917797","0.0588235"
"2886917797","121425029","0.0588235"
"121425029","2889664897","0.0588235"
"2889664897","121425029","0.0588235"
"121425029","2925320591","0.0588235"
"2925320591","121425029","0.0588235"
"149540627","1658613573","0.981443"
"1658613573","149540627","0.981443"
"149540627","2035663242","0.0588235"
"2035663242","149540627","0.0588235"
"149540627","2101888019","0.481443"
"2101888019","149540627","0.481443"
"149540627","2310066383","0.106443"
"2310066383","149540627","0.106443"
"149540627","2886917797","0.106443"
"2886917797","149540627","0.106443"
"149540627","2889664897","0.106443"
"2889664897","149540627","0.106443"
"149540627","2925320591","0.106443"
"2925320591","149540627","0.106443"
"1658613573","2035151707","0.197352"
"2035151707","1658613573","0.197352"
"1658613573","2035663242","1.05882"
"2035663242","1658613573","1.05882"
"1658613573","2101888019","1.64811"
"2101888019","1658613573","1.64811"
"1658613573","2310066383","0.280685"
"2310066383","1658613573","0.280685"
"1658613573","2343183650","1.11402"
"2343183650","1658613573","1.11402"
"1658613573","2425591095","0.405685"
"2425591095","1658613573","0.405685"
"1658613573","2504883367","0.405685"
"2504883367","1658613573","0.405685"
"1658613573","2520633742","0.364018"
"2520633742","1658613573","0.364018"
"1658613573","2755914559","0.314776"
"2755914559","1658613573","0.314776"
"1658613573","2886917797","0.189776"
"2886917797","1658613573","0.189776"
"1658613573","2889664897","0.231443"
"2889664897","1658613573","0.231443"
"1658613573","2911862696","0.197352"
"2911862696","1658613573","0.197352"
"1658613573","2925320591","1.18978"
"2925320591","1658613573","1.18978"
"1658613573","2945137387","0.314776"
"2945137387","1658613573","0.314776"
"1658613573","3000500123","0.106443"
"3000500123","1658613573","0.106443"
"2035151707","2035663242","0.0588235"
"2035663242","2035151707","0.0588235"
"2035151707","2101888019","0.106443"
"2101888019","2035151707","0.106443"
"2035151707","2310066383","0.340209"
"2310066383","2035151707","0.340209"
"2035151707","2886917797","0.356443"
"2886917797","2035151707","0.356443"
"2035151707","2889664897","0.356443"
"2889664897","2035151707","0.356443"
"2035151707","2925320591","0.356443"
"2925320591","2035151707","0.356443"
"2035663242","2101888019","0.0588235"
"2101888019","2035663242","0.0588235"
"2035663242","2310066383","0.0588235"
"2310066383","2035663242","0.0588235"
"2035663242","2343183650","0.0588235"
"2343183650","2035663242","0.0588235"
"2035663242","2425591095","0.0588235"
"2425591095","2035663242","0.0588235"
"2035663242","2504883367","0.0588235"
"2504883367","2035663242","0.0588235"
"2035663242","2520633742","0.0588235"
"2520633742","2035663242","0.0588235"
"2035663242","2755914559","0.0588235"
"2755914559","2035663242","0.0588235"
"2035663242","2886917797","0.0588235"
"2886917797","2035663242","0.0588235"
"2035663242","2889664897","0.0588235"
"2889664897","2035663242","0.0588235"
"2035663242","2911862696","0.0588235"
"2911862696","2035663242","0.0588235"
"2035663242","2925320591","0.0588235"
"2925320591","2035663242","0.0588235"
"2035663242","2945137387","0.0588235"
"2945137387","2035663242","0.0588235"
"2035663242","3000500123","0.0588235"
"3000500123","2035663242","0.0588235"
"2101888019","2310066383","0.106443"
"2310066383","2101888019","0.106443"
"2101888019","2343183650","0.106443"
"2343183650","2101888019","0.106443"
"2101888019","2425591095","0.106443"
"2425591095","2101888019","0.106443"
"2101888019","2504883367","0.106443"
"2504883367","2101888019","0.106443"
"2101888019","2520633742","0.273109"
"2520633742","2101888019","0.273109"
"2101888019","2755914559","0.106443"
"2755914559","2101888019","0.106443"
"2101888019","2886917797","0.106443"
"2886917797","2101888019","0.106443"
"2101888019","2889664897","0.106443"
"2889664897","2101888019","0.106443"
"2101888019","2911862696","0.106443"
"2911862696","2101888019","0.106443"
"2101888019","2925320591","0.106443"
"2925320591","2101888019","0.106443"
"2101888019","2945137387","0.106443"
"2945137387","2101888019","0.106443"
"2101888019","3000500123","0.106443"
"3000500123","2101888019","0.106443"
"2310066383","2504883367","0.864018"
"2504883367","2310066383","0.864018"
"2310066383","2520633742","0.590209"
"2520633742","2310066383","0.590209"
"2310066383","2755914559","0.332633"
"2755914559","2310066383","0.332633"
"2310066383","2886917797","0.189776"
"2886917797","2310066383","0.189776"
"2310066383","2889664897","0.106443"
"2889664897","2310066383","0.106443"
"2310066383","2925320591","0.189776"
"2925320591","2310066383","0.189776"
"2310066383","2945137387","0.189776"
"2945137387","2310066383","0.189776"
"2310066383","3000500123","0.106443"
"3000500123","2310066383","0.106443"
"2343183650","2886917797","0.189776"
"2886917797","2343183650","0.189776"
"2343183650","2889664897","0.106443"
"2889664897","2343183650","0.106443"
"2343183650","2925320591","0.189776"
"2925320591","2343183650","0.189776"
"2425591095","2886917797","0.689776"
"2886917797","2425591095","0.689776"
"2425591095","2889664897","0.731443"
"2889664897","2425591095","0.731443"
"2425591095","2925320591","0.189776"
"2925320591","2425591095","0.189776"
"2504883367","2886917797","0.189776"
"2886917797","2504883367","0.189776"
"2504883367","2889664897","0.231443"
"2889664897","2504883367","0.231443"
"2504883367","2925320591","0.189776"
"2925320591","2504883367","0.189776"
"2520633742","2886917797","0.106443"
"2886917797","2520633742","0.106443"
"2520633742","2889664897","0.106443"
"2889664897","2520633742","0.106443"
"2520633742","2925320591","0.106443"
"2925320591","2520633742","0.106443"
"2755914559","2886917797","0.356443"
"2886917797","2755914559","0.356443"
"2755914559","2889664897","0.231443"
"2889664897","2755914559","0.231443"
"2755914559","2925320591","0.356443"
"2925320591","2755914559","0.356443"
"2886917797","2911862696","0.106443"
"2911862696","2886917797","0.106443"
"2886917797","2925320591","0.606443"
"2925320591","2886917797","0.606443"
"2886917797","2945137387","0.606443"
"2945137387","2886917797","0.606443"
"2886917797","3000500123","0.523109"
"3000500123","2886917797","0.523109"
"2889664897","2911862696","0.106443"
"2911862696","2889664897","0.106443"
"2889664897","2925320591","0.356443"
"2925320591","2889664897","0.356443"
"2889664897","2945137387","0.481443"
"2945137387","2889664897","0.481443"
"2889664897","3000500123","0.356443"
"3000500123","2889664897","0.356443"
"2911862696","2925320591","0.106443"
"2925320591","2911862696","0.106443"
"2925320591","2945137387","0.356443"
"2945137387","2925320591","0.356443"
"2925320591","3000500123","0.523109"
"3000500123","2925320591","0.523109"
"1658613573","2016813507","3.84686"
"2016813507","1658613573","3.84686"
"1658613573","2565658996","0.346861"
"2565658996","1658613573","0.346861"
"1658613573","2584267339","0.346861"
"2584267339","1658613573","0.346861"
"2016813507","2035151707","0.305195"
"2035151707","2016813507","0.305195"
"2016813507","2504883367","0.138528"
"2504883367","2016813507","0.138528"
"2016813507","2520633742","0.305195"
"2520633742","2016813507","0.305195"
"2035151707","2565658996","0.281385"
"2565658996","2035151707","0.281385"
"2504883367","2565658996","0.346861"
"2565658996","2504883367","0.346861"
"2520633742","2565658996","0.281385"
"2565658996","2520633742","0.281385"
"1485725695","1492794793","0.647619"
"1492794793","1485725695","0.647619"
"1485725695","1926128235","2.58095"
"1926128235","1485725695","2.58095"
"1485725695","1964297175","0.671429"
"1964297175","1485725695","0.671429"
"1485725695","1998187520","0.671429"
"1998187520","1485725695","0.671429"
"1485725695","2010011984","3.07143"
"2010011984","1485725695","3.07143"
"1485725695","2044781276","1.01429"
"2044781276","1485725695","1.01429"
"1485725695","2134936274","1.48095"
"2134936274","1485725695","1.48095"
"1485725695","2254120999","0.171429"
"2254120999","1485725695","0.171429"
"1485725695","2598838216","0.0714286"
"2598838216","1485725695","0.0714286"
"1485725695","2742366121","0.0714286"
"2742366121","1485725695","0.0714286"
"1485725695","2743481574","0.0714286"
"2743481574","1485725695","0.0714286"
"1485725695","2801305544","0.0714286"
"2801305544","1485725695","0.0714286"
"1485725695","2801786826","0.0714286"
"2801786826","1485725695","0.0714286"
"1485725695","2977270974","0.0714286"
"2977270974","1485725695","0.0714286"
"1492794793","1926128235","0.547619"
"1926128235","1492794793","0.547619"
"1492794793","1964297175","0.421429"
"1964297175","1492794793","0.421429"
"1492794793","1998187520","0.171429"
"1998187520","1492794793","0.171429"
"1492794793","2010011984","0.0714286"
"2010011984","1492794793","0.0714286"
"1492794793","2044781276","0.314286"
"2044781276","1492794793","0.314286"
"1492794793","2134936274","4.89762"
"2134936274","1492794793","4.89762"
"1492794793","2254120999","0.421429"
"2254120999","1492794793","0.421429"
"1492794793","2598838216","0.0714286"
"2598838216","1492794793","0.0714286"
"1492794793","2742366121","0.0714286"
"2742366121","1492794793","0.0714286"
"1492794793","2743481574","0.0714286"
"2743481574","1492794793","0.0714286"
"1492794793","2801305544","0.0714286"
"2801305544","1492794793","0.0714286"
"1492794793","2801786826","0.0714286"
"2801786826","1492794793","0.0714286"
"1492794793","2977270974","0.0714286"
"2977270974","1492794793","0.0714286"
"1926128235","1964297175","0.0714286"
"1964297175","1926128235","0.0714286"
"1926128235","1998187520","0.0714286"
"1998187520","1926128235","0.0714286"
"1926128235","2010011984","0.571429"
"2010011984","1926128235","0.571429"
"1926128235","2044781276","0.414286"
"2044781276","1926128235","0.414286"
"1926128235","2134936274","0.880952"
"2134936274","1926128235","0.880952"
"1926128235","2254120999","0.0714286"
"2254120999","1926128235","0.0714286"
"1926128235","2598838216","0.0714286"
"2598838216","1926128235","0.0714286"
"1926128235","2742366121","0.0714286"
"2742366121","1926128235","0.0714286"
"1926128235","2743481574","0.0714286"
"2743481574","1926128235","0.0714286"
"1926128235","2801305544","0.0714286"
"2801305544","1926128235","0.0714286"
"1926128235","2801786826","0.0714286"
"2801786826","1926128235","0.0714286"
"1926128235","2977270974","0.0714286"
"2977270974","1926128235","0.0714286"
"1964297175","1998187520","0.671429"
"1998187520","1964297175","0.671429"
"1964297175","2010011984","0.0714286"
"2010011984","1964297175","0.0714286"
"1964297175","2044781276","0.171429"
"2044781276","1964297175","0.171429"
"1964297175","2134936274","0.421429"
"2134936274","1964297175","0.421429"
"1964297175","2254120999","0.421429"
"2254120999","1964297175","0.421429"
"1964297175","2598838216","0.0714286"
"2598838216","1964297175","0.0714286"
"1964297175","2742366121","0.0714286"
"2742366121","1964297175","0.0714286"
"1964297175","2743481574","0.0714286"
"2743481574","1964297175","0.0714286"
"1964297175","2801305544","0.0714286"
"2801305544","1964297175","0.0714286"
"1964297175","2801786826","0.0714286"
"2801786826","1964297175","0.0714286"
"1964297175","2977270974","0.0714286"
"2977270974","1964297175","0.0714286"
"1998187520","2010011984","0.0714286"
"2010011984","1998187520","0.0714286"
"1998187520","2044781276","0.171429"
"2044781276","1998187520","0.171429"
"1998187520","2134936274","0.504762"
"2134936274","1998187520","0.504762"
"1998187520","2254120999","2.0881"
"2254120999","1998187520","2.0881"
"1998187520","2598838216","0.0714286"
"2598838216","1998187520","0.0714286"
"1998187520","2742366121","0.0714286"
"2742366121","1998187520","0.0714286"
"1998187520","2743481574","0.0714286"
"2743481574","1998187520","0.0714286"
"1998187520","2801305544","0.0714286"
"2801305544","1998187520","0.0714286"
"1998187520","2801786826","0.0714286"
"2801786826","1998187520","0.0714286"
"1998187520","2977270974","0.0714286"
"2977270974","1998187520","0.0714286"
"2010011984","2044781276","0.571429"
"2044781276","2010011984","0.571429"
"2010011984","2134936274","2.07143"
"2134936274","2010011984","2.07143"
"2010011984","2254120999","0.0714286"
"2254120999","2010011984","0.0714286"
"2010011984","2598838216","0.0714286"
"2598838216","2010011984","0.0714286"
"2010011984","2742366121","0.0714286"
"2742366121","2010011984","0.0714286"
"2010011984","2743481574","0.0714286"
"2743481574","2010011984","0.0714286"
"2010011984","2801305544","0.0714286"
"2801305544","2010011984","0.0714286"
"2010011984","2801786826","0.0714286"
"2801786826","2010011984","0.0714286"
"2010011984","2977270974","0.0714286"
"2977270974","2010011984","0.0714286"
"2044781276","2134936274","1.31429"
"2134936274","2044781276","1.31429"
"2044781276","2254120999","0.171429"
"2254120999","2044781276","0.171429"
"2044781276","2598838216","0.0714286"
"2598838216","2044781276","0.0714286"
"2044781276","2742366121","0.0714286"
"2742366121","2044781276","0.0714286"
"2044781276","2743481574","0.0714286"
"2743481574","2044781276","0.0714286"
"2044781276","2801305544","0.0714286"
"2801305544","2044781276","0.0714286"
"2044781276","2801786826","0.0714286"
"2801786826","2044781276","0.0714286"
"2044781276","2977270974","0.0714286"
"2977270974","2044781276","0.0714286"
"2134936274","2254120999","0.921429"
"2254120999","2134936274","0.921429"
"2134936274","2598838216","0.0714286"
"2598838216","2134936274","0.0714286"
"2134936274","2742366121","0.0714286"
"2742366121","2134936274","0.0714286"
"2134936274","2743481574","0.0714286"
"2743481574","2134936274","0.0714286"
"2134936274","2801305544","0.0714286"
"2801305544","2134936274","0.0714286"
"2134936274","2801786826","0.0714286"
"2801786826","2134936274","0.0714286"
"2134936274","2977270974","0.0714286"
"2977270974","2134936274","0.0714286"
"2254120999","2598838216","0.0714286"
"2598838216","2254120999","0.0714286"
"2254120999","2742366121","0.0714286"
"2742366121","2254120999","0.0714286"
"2254120999","2743481574","0.0714286"
"2743481574","2254120999","0.0714286"
"2254120999","2801305544","0.0714286"
"2801305544","2254120999","0.0714286"
"2254120999","2801786826","0.0714286"
"2801786826","2254120999","0.0714286"
"2254120999","2977270974","0.0714286"
"2977270974","2254120999","0.0714286"
"2598838216","2742366121","1.03373"
"2742366121","2598838216","1.03373"
"2598838216","2743481574","0.196429"
"2743481574","2598838216","0.196429"
"2598838216","2801305544","0.521825"
"2801305544","2598838216","0.521825"
"2598838216","2801786826","2.05516"
"2801786826","2598838216","2.05516"
"2598838216","2977270974","0.521825"
"2977270974","2598838216","0.521825"
"2742366121","2743481574","0.196429"
"2743481574","2742366121","0.196429"
"2742366121","2801305544","3.43909"
"2801305544","2742366121","3.43909"
"2742366121","2801786826","3.10575"
"2801786826","2742366121","3.10575"
"2742366121","2977270974","1.45992"
"2977270974","2742366121","1.45992"
"2743481574","2801305544","1.19643"
"2801305544","2743481574","1.19643"
"2743481574","2801786826","0.196429"
"2801786826","2743481574","0.196429"
"2743481574","2977270974","0.363095"
"2977270974","2743481574","0.363095"
"2801305544","2801786826","4.17718"
"2801786826","2801305544","4.17718"
"2801305544","2977270974","1.78135"
"2977270974","2801305544","1.78135"
"2801786826","2977270974","1.36468"
"2977270974","2801786826","1.36468"
"1485725695","1486853642","0.142857"
"1486853642","1485725695","0.142857"
"1485725695","2009923502","0.142857"
"2009923502","1485725695","0.142857"
"1485725695","2148515874","4.84286"
"2148515874","1485725695","4.84286"
"1486853642","1492794793","0.142857"
"1492794793","1486853642","0.142857"
"1486853642","1926128235","1.14286"
"1926128235","1486853642","1.14286"
"1486853642","2009923502","17.1429"
"2009923502","1486853642","17.1429"
"1486853642","2044781276","0.142857"
"2044781276","1486853642","0.142857"
"1486853642","2134936274","0.142857"
"2134936274","1486853642","0.142857"
"1486853642","2148515874","0.142857"
"2148515874","1486853642","0.142857"
"1492794793","2009923502","0.142857"
"2009923502","1492794793","0.142857"
"1492794793","2148515874","0.142857"
"2148515874","1492794793","0.142857"
"1926128235","2009923502","0.142857"
"2009923502","1926128235","0.142857"
"1926128235","2148515874","2.34286"
"2148515874","1926128235","2.34286"
"2009923502","2044781276","0.142857"
"2044781276","2009923502","0.142857"
"2009923502","2134936274","1.14286"
"2134936274","2009923502","1.14286"
"2009923502","2148515874","0.142857"
"2148515874","2009923502","0.142857"
"2044781276","2148515874","0.842857"
"2148515874","2044781276","0.842857"
"2134936274","2148515874","1.64286"
"2148515874","2134936274","1.64286"
"1485725695","1510961363","0.2"
"1510961363","1485725695","0.2"
"1485725695","1562425714","0.5"
"1562425714","1485725695","0.5"
"1510961363","1562425714","0.2"
"1562425714","1510961363","0.2"
"1510961363","1926128235","1.2"
"1926128235","1510961363","1.2"
"1510961363","2044781276","0.2"
"2044781276","1510961363","0.2"
"1510961363","2148515874","0.2"
"2148515874","1510961363","0.2"
"1562425714","1926128235","0.533333"
"1926128235","1562425714","0.533333"
"1562425714","2044781276","0.3"
"2044781276","1562425714","0.3"
"1562425714","2148515874","0.2"
"2148515874","1562425714","0.2"
"1485725695","2068833083","0.433333"
"2068833083","1485725695","0.433333"
"1926128235","2068833083","0.333333"
"2068833083","1926128235","0.333333"
"2068833083","2134936274","1.01667"
"2134936274","2068833083","1.01667"
"1485725695","2094524427","0.1"
"2094524427","1485725695","0.1"
"1485725695","2110735948","0.1"
"2110735948","1485725695","0.1"
"1492794793","1562425714","0.1"
"1562425714","1492794793","0.1"
"1492794793","2068833083","0.35"
"2068833083","1492794793","0.35"
"1492794793","2094524427","0.1"
"2094524427","1492794793","0.1"
"1492794793","2110735948","0.1"
"2110735948","1492794793","0.1"
"1562425714","1964297175","0.1"
"1964297175","1562425714","0.1"
"1562425714","1998187520","0.1"
"1998187520","1562425714","0.1"
"1562425714","2068833083","0.1"
"2068833083","1562425714","0.1"
"1562425714","2094524427","0.1"
"2094524427","1562425714","0.1"
"1562425714","2134936274","0.6"
"2134936274","1562425714","0.6"
"1562425714","2254120999","0.6"
"2254120999","1562425714","0.6"
"1964297175","2068833083","0.35"
"2068833083","1964297175","0.35"
"1964297175","2094524427","0.1"
"2094524427","1964297175","0.1"
"1964297175","2110735948","0.1"
"2110735948","1964297175","0.1"
"1998187520","2068833083","2.35"
"2068833083","1998187520","2.35"
"1998187520","2094524427","2.35"
"2094524427","1998187520","2.35"
"1998187520","2110735948","0.1"
"2110735948","1998187520","0.1"
"2044781276","2068833083","0.1"
"2068833083","2044781276","0.1"
"2044781276","2094524427","0.1"
"2094524427","2044781276","0.1"
"2044781276","2110735948","1.6"
"2110735948","2044781276","1.6"
"2068833083","2094524427","5.35"
"2094524427","2068833083","5.35"
"2068833083","2110735948","0.1"
"2110735948","2068833083","0.1"
"2068833083","2254120999","4.26667"
"2254120999","2068833083","4.26667"
"2094524427","2110735948","0.1"
"2110735948","2094524427","0.1"
"2094524427","2134936274","0.433333"
"2134936274","2094524427","0.433333"
"2110735948","2134936274","0.1"
"2134936274","2110735948","0.1"
"2110735948","2254120999","0.1"
"2254120999","2110735948","0.1"
"1485725695","1494423854","0.2"
"1494423854","1485725695","0.2"
"1485725695","1984276269","0.2"
"1984276269","1485725695","0.2"
"1485725695","2096544102","0.2"
"2096544102","1485725695","0.2"
"1485725695","2101888019","0.2"
"2101888019","1485725695","0.2"
"1494423854","1562425714","0.2"
"1562425714","1494423854","0.2"
"1494423854","1984276269","0.325"
"1984276269","1494423854","0.325"
"1494423854","2096544102","0.491667"
"2096544102","1494423854","0.491667"
"1494423854","2101888019","0.491667"
"2101888019","1494423854","0.491667"
"1562425714","1984276269","0.7"
"1984276269","1562425714","0.7"
"1562425714","2096544102","0.2"
"2096544102","1562425714","0.2"
"1562425714","2101888019","0.2"
"2101888019","1562425714","0.2"
"1984276269","2096544102","3.44167"
"2096544102","1984276269","3.44167"
"1984276269","2101888019","2.60833"
"2101888019","1984276269","2.60833"
"2096544102","2101888019","3.85833"
"2101888019","2096544102","3.85833"
"1494423854","1975200216","5"
"1975200216","1494423854","5"
"1494423854","149540627","0.625"
"149540627","1494423854","0.625"
"1494423854","1658613573","0.791667"
"1658613573","1494423854","0.791667"
"1494423854","1562827700","0.166667"
"1562827700","1494423854","0.166667"
"1494423854","1571942358","0.291667"
"1571942358","1494423854","0.291667"
"1494423854","2520633742","0.166667"
"2520633742","1494423854","0.166667"
"1562827700","1571942358","0.166667"
"1571942358","1562827700","0.166667"
"1562827700","1658613573","1.41667"
"1658613573","1562827700","1.41667"
"1562827700","2096544102","1.25"
"2096544102","1562827700","1.25"
"1562827700","2101888019","1.16667"
"2101888019","1562827700","1.16667"
"1562827700","2520633742","0.166667"
"2520633742","1562827700","0.166667"
"1571942358","1658613573","0.291667"
"1658613573","1571942358","0.291667"
"1571942358","2096544102","0.491667"
"2096544102","1571942358","0.491667"
"1571942358","2101888019","0.491667"
"2101888019","1571942358","0.491667"
"1571942358","2520633742","0.166667"
"2520633742","1571942358","0.166667"
"1658613573","2096544102","0.291667"
"2096544102","1658613573","0.291667"
"2096544102","2520633742","0.166667"
"2520633742","2096544102","0.166667"
"1494423854","1539700910","0.125"
"1539700910","1494423854","0.125"
"1494423854","2016813507","0.125"
"2016813507","1494423854","0.125"
"149540627","1539700910","0.125"
"1539700910","149540627","0.125"
"149540627","1571942358","0.125"
"1571942358","149540627","0.125"
"149540627","1984276269","0.125"
"1984276269","149540627","0.125"
"149540627","2016813507","1.58929"
"2016813507","149540627","1.58929"
"149540627","2096544102","0.125"
"2096544102","149540627","0.125"
"1539700910","1571942358","0.825"
