"113480497","1509835774","1.21069"
"1509835774","113480497","1.21069"
"113480497","1655958391","3.70279"
"1655958391","113480497","3.70279"
"113480497","2164414844","3.79164"
"2164414844","113480497","3.79164"
"113480497","2371186109","3.36946"
"2371186109","113480497","3.36946"
"1509835774","1655958391","1.49323"
"1655958391","1509835774","1.49323"
"1509835774","2164414844","1.6099"
"2164414844","1509835774","1.6099"
"1509835774","2371186109","1.49323"
"2371186109","1509835774","1.49323"
"1655958391","2164414844","2.61942"
"2164414844","1655958391","2.61942"
"1655958391","2371186109","15.052"
"2371186109","1655958391","15.052"
"2164414844","2371186109","2.61942"
"2371186109","2164414844","2.61942"
"113480497","1508725737","1.38169"
"1508725737","113480497","1.38169"
"1508725737","1509835774","3.08526"
"1509835774","1508725737","3.08526"
"1508725737","1655958391","0.526923"
"1655958391","1508725737","0.526923"
"1508725737","2371186109","0.526923"
"2371186109","1508725737","0.526923"
"113480497","164989892","0.581818"
"164989892","113480497","0.581818"
"113480497","1805249784","0.815152"
"1805249784","113480497","0.815152"
"113480497","2072774156","0.390909"
"2072774156","113480497","0.390909"
"113480497","2103597742","1.6885"
"2103597742","113480497","1.6885"
"113480497","2118451355","1.41545"
"2118451355","113480497","1.41545"
"113480497","2128735745","0.267832"
"2128735745","113480497","0.267832"
"113480497","2150248082","0.974675"
"2150248082","113480497","0.974675"
"1509835774","164989892","0.190909"
"164989892","1509835774","0.190909"
"1509835774","1805249784","2.579"
"1805249784","1509835774","2.579"
"1509835774","2072774156","0.190909"
"2072774156","1509835774","0.190909"
"1509835774","2103597742","1.70871"
"2103597742","1509835774","1.70871"
"1509835774","2118451355","1.49561"
"2118451355","1509835774","1.49561"
"1509835774","2128735745","1.76426"
"2128735745","1509835774","1.76426"
"1509835774","2150248082","1.14845"
"2150248082","1509835774","1.14845"
"164989892","1655958391","0.581818"
"1655958391","164989892","0.581818"
"164989892","1805249784","0.281818"
"1805249784","164989892","0.281818"
"164989892","2072774156","1.39091"
"2072774156","164989892","1.39091"
"164989892","2103597742","0.281818"
"2103597742","164989892","0.281818"
"164989892","2118451355","1.19091"
"2118451355","164989892","1.19091"
"164989892","2128735745","0.190909"
"2128735745","164989892","0.190909"
"164989892","2150248082","0.981818"
"2150248082","164989892","0.981818"
"164989892","2164414844","0.190909"
"2164414844","164989892","0.190909"
"164989892","2371186109","0.581818"
"2371186109","164989892","0.581818"
"1655958391","1805249784","0.553247"
"1805249784","1655958391","0.553247"
"1655958391","2072774156","0.390909"
"2072774156","1655958391","0.390909"
"1655958391","2103597742","1.89961"
"2103597742","1655958391","1.89961"
"1655958391","2118451355","1.8218"
"2118451355","1655958391","1.8218"
"1655958391","2128735745","0.439261"
"2128735745","1655958391","0.439261"
"1655958391","2150248082","1.92388"
"2150248082","1655958391","1.92388"
"1805249784","2072774156","0.190909"
"2072774156","1805249784","0.190909"
"1805249784","2103597742","1.36991"
"2103597742","1805249784","1.36991"
"1805249784","2118451355","1.20758"
"2118451355","1805249784","1.20758"
"1805249784","2128735745","0.262338"
"2128735745","1805249784","0.262338"
"1805249784","2150248082","1.18658"
"2150248082","1805249784","1.18658"
"1805249784","2164414844","0.929004"
"2164414844","1805249784","0.929004"
"1805249784","2371186109","0.553247"
"2371186109","1805249784","0.553247"
"2072774156","2103597742","0.0909091"
"2103597742","2072774156","0.0909091"
"2072774156","2118451355","0.0909091"
"2118451355","2072774156","0.0909091"
"2072774156","2128735745","0.190909"
"2128735745","2072774156","0.190909"
"2072774156","2150248082","0.390909"
"2150248082","2072774156","0.390909"
"2072774156","2164414844","0.190909"
"2164414844","2072774156","0.190909"
"2072774156","2371186109","0.390909"
"2371186109","2072774156","0.390909"
"2103597742","2118451355","1.13371"
"2118451355","2103597742","1.13371"
"2103597742","2128735745","0.464261"
"2128735745","2103597742","0.464261"
"2103597742","2150248082","2.77269"
"2150248082","2103597742","2.77269"
"2103597742","2164414844","2.05513"
"2164414844","2103597742","2.05513"
"2103597742","2371186109","1.56628"
"2371186109","2103597742","1.56628"
"2118451355","2128735745","0.167832"
"2128735745","2118451355","0.167832"
"2118451355","2150248082","0.444877"
"2150248082","2118451355","0.444877"
"2118451355","2164414844","4.49323"
"2164414844","2118451355","4.49323"
"2118451355","2371186109","0.8218"
"2371186109","2118451355","0.8218"
"2128735745","2150248082","0.687338"
"2150248082","2128735745","0.687338"
"2128735745","2164414844","0.439261"
"2164414844","2128735745","0.439261"
"2128735745","2371186109","0.439261"
"2371186109","2128735745","0.439261"
"2150248082","2164414844","1.11631"
"2164414844","2150248082","1.11631"
"2150248082","2371186109","1.92388"
"2371186109","2150248082","1.92388"
"113480497","2120564054","1.57378"
"2120564054","113480497","1.57378"
"1508725737","2118451355","0.598352"
"2118451355","1508725737","0.598352"
"1508725737","2120564054","0.598352"
"2120564054","1508725737","0.598352"
"1508725737","2164414844","0.731685"
"2164414844","1508725737","0.731685"
"2118451355","2120564054","1.01502"
"2120564054","2118451355","1.01502"
"2120564054","2164414844","0.907875"
"2164414844","2120564054","0.907875"
"113480497","1603816591","0.464261"
"1603816591","113480497","0.464261"
"113480497","180993580","1.36664"
"180993580","113480497","1.36664"
"113480497","2002421583","2.32378"
"2002421583","113480497","2.32378"
"113480497","39374552","1.29045"
"39374552","113480497","1.29045"
"1603816591","164989892","0.190909"
"164989892","1603816591","0.190909"
"1603816591","1655958391","0.575372"
"1655958391","1603816591","0.575372"
"1603816591","1805249784","0.162338"
"1805249784","1603816591","0.162338"
"1603816591","180993580","0.535689"
"180993580","1603816591","0.535689"
"1603816591","2002421583","0.6468"
"2002421583","1603816591","0.6468"
"1603816591","2103597742","0.6468"
"2103597742","1603816591","0.6468"
"1603816591","2120564054","0.464261"
"2120564054","1603816591","0.464261"
"1603816591","2150248082","1.27345"
"2150248082","1603816591","1.27345"
"1603816591","2371186109","0.575372"
"2371186109","1603816591","0.575372"
"1603816591","39374552","1.5468"
"39374552","1603816591","1.5468"
"164989892","180993580","0.190909"
"180993580","164989892","0.190909"
"164989892","2002421583","0.190909"
"2002421583","164989892","0.190909"
"164989892","2120564054","0.190909"
"2120564054","164989892","0.190909"
"164989892","39374552","0.0909091"
"39374552","164989892","0.0909091"
"1655958391","180993580","3.39998"
"180993580","1655958391","3.39998"
"1655958391","2002421583","1.61823"
"2002421583","1655958391","1.61823"
"1655958391","2120564054","1.20236"
"2120564054","1655958391","1.20236"
"1655958391","39374552","1.46823"
"39374552","1655958391","1.46823"
"1805249784","180993580","1.36234"
"180993580","1805249784","1.36234"
"1805249784","2002421583","0.829004"
"2002421583","1805249784","0.829004"
"1805249784","2120564054","0.0909091"
"2120564054","1805249784","0.0909091"
"1805249784","39374552","0.362338"
"39374552","1805249784","0.362338"
"180993580","2002421583","1.04521"
"2002421583","180993580","1.04521"
"180993580","2103597742","0.702356"
"2103597742","180993580","0.702356"
"180993580","2120564054","0.973785"
"2120564054","180993580","0.973785"
"180993580","2150248082","0.888528"
"2150248082","180993580","0.888528"
"180993580","2371186109","2.39998"
"2371186109","180993580","2.39998"
"180993580","39374552","0.578546"
"39374552","180993580","0.578546"
"2002421583","2103597742","4.0968"
"2103597742","2002421583","4.0968"
"2002421583","2120564054","1.18093"
"2120564054","2002421583","1.18093"
"2002421583","2150248082","2.69964"
"2150248082","2002421583","2.69964"
"2002421583","2371186109","1.61823"
"2371186109","2002421583","1.61823"
"2002421583","39374552","0.980134"
"39374552","2002421583","0.980134"
"2103597742","2120564054","1.93093"
"2120564054","2103597742","1.93093"
"2103597742","39374552","1.30513"
"39374552","2103597742","1.30513"
"2120564054","2150248082","0.190909"
"2150248082","2120564054","0.190909"
"2120564054","2371186109","1.20236"
"2371186109","2120564054","1.20236"
"2120564054","39374552","0.673785"
"39374552","2120564054","0.673785"
"2150248082","39374552","0.831782"
"39374552","2150248082","0.831782"
"2371186109","39374552","0.968229"
"39374552","2371186109","0.968229"
"113480497","1518119787","0.2"
"1518119787","113480497","0.2"
"1508725737","1518119787","0.225"
"1518119787","1508725737","0.225"
"1508725737","2002421583","1.01502"
"2002421583","1508725737","1.01502"
"1508725737","2103597742","2.00669"
"2103597742","1508725737","2.00669"
"1508725737","2150248082","0.225"
"2150248082","1508725737","0.225"
"1509835774","1518119787","1.09643"
"1518119787","1509835774","1.09643"
"1509835774","2002421583","1.0428"
"2002421583","1509835774","1.0428"
"1509835774","2120564054","0.31978"
"2120564054","1509835774","0.31978"
"1518119787","1655958391","0.604762"
"1655958391","1518119787","0.604762"
"1518119787","2002421583","0.421429"
"2002421583","1518119787","0.421429"
"1518119787","2103597742","0.796429"
"2103597742","1518119787","0.796429"
"1518119787","2118451355","0.35"
"2118451355","1518119787","0.35"
"1518119787","2120564054","0.1"
"2120564054","1518119787","0.1"
"1518119787","2150248082","3.84643"
"2150248082","1518119787","3.84643"
"1518119787","2371186109","0.604762"
"2371186109","1518119787","0.604762"
"2002421583","2118451355","1.18565"
"2118451355","2002421583","1.18565"
"113480497","2080977773","0.654762"
"2080977773","113480497","0.654762"
"2002421583","2080977773","0.321429"
"2080977773","2002421583","0.321429"
"2080977773","2118451355","2.57143"
"2118451355","2080977773","2.57143"
"2080977773","2120564054","0.488095"
"2120564054","2080977773","0.488095"
"1518119787","164989892","0.6"
"164989892","1518119787","0.6"
"1518119787","1805249784","0.421429"
"1805249784","1518119787","0.421429"
"1518119787","2072774156","0.1"
"2072774156","1518119787","0.1"
"1518119787","2128735745","0.496429"
"2128735745","1518119787","0.496429"
"1518119787","2164414844","0.171429"
"2164414844","1518119787","0.171429"
"1509835774","180993580","0.491209"
"180993580","1509835774","0.491209"
"1509835774","39374552","0.82732"
"39374552","1509835774","0.82732"
"180993580","2164414844","0.505495"
"2164414844","180993580","0.505495"
"2164414844","39374552","2.90708"
"39374552","2164414844","2.90708"
"113480497","1815005891","0.0714286"
"1815005891","113480497","0.0714286"
"113480497","2099868491","0.0714286"
"2099868491","113480497","0.0714286"
"113480497","2235280939","0.0714286"
"2235280939","113480497","0.0714286"
"113480497","2398698140","0.0714286"
"2398698140","113480497","0.0714286"
"1508725737","1603816591","0.248352"
"1603816591","1508725737","0.248352"
"1508725737","180993580","0.248352"
"180993580","1508725737","0.248352"
"1508725737","1815005891","0.0714286"
"1815005891","1508725737","0.0714286"
"1508725737","2080977773","0.0714286"
"2080977773","1508725737","0.0714286"
"1508725737","2099868491","0.0714286"
"2099868491","1508725737","0.0714286"
"1508725737","2235280939","0.0714286"
"2235280939","1508725737","0.0714286"
"1508725737","2398698140","0.0714286"
"2398698140","1508725737","0.0714286"
"1508725737","39374552","0.473352"
"39374552","1508725737","0.473352"
"1603816591","1815005891","0.0714286"
"1815005891","1603816591","0.0714286"
"1603816591","2080977773","0.0714286"
"2080977773","1603816591","0.0714286"
"1603816591","2099868491","0.0714286"
"2099868491","1603816591","0.0714286"
"1603816591","2118451355","0.359463"
"2118451355","1603816591","0.359463"
"1603816591","2164414844","0.330891"
"2164414844","1603816591","0.330891"
"1603816591","2235280939","0.0714286"
"2235280939","1603816591","0.0714286"
"1603816591","2398698140","0.0714286"
"2398698140","1603816591","0.0714286"
"180993580","1815005891","0.0714286"
"1815005891","180993580","0.0714286"
"180993580","2080977773","0.0714286"
"2080977773","180993580","0.0714286"
"180993580","2099868491","0.0714286"
"2099868491","180993580","0.0714286"
"180993580","2118451355","0.591209"
"2118451355","180993580","0.591209"
"180993580","2235280939","0.0714286"
"2235280939","180993580","0.0714286"
"180993580","2398698140","0.0714286"
"2398698140","180993580","0.0714286"
"1815005891","2002421583","0.0714286"
"2002421583","1815005891","0.0714286"
"1815005891","2080977773","0.0714286"
"2080977773","1815005891","0.0714286"
"1815005891","2099868491","0.0714286"
"2099868491","1815005891","0.0714286"
"1815005891","2103597742","0.0714286"
"2103597742","1815005891","0.0714286"
"1815005891","2118451355","1.07143"
"2118451355","1815005891","1.07143"
"1815005891","2120564054","0.0714286"
"2120564054","1815005891","0.0714286"
"1815005891","2164414844","0.0714286"
"2164414844","1815005891","0.0714286"
"1815005891","2235280939","0.0714286"
"2235280939","1815005891","0.0714286"
"1815005891","2398698140","0.0714286"
"2398698140","1815005891","0.0714286"
"1815005891","39374552","0.0714286"
"39374552","1815005891","0.0714286"
"2002421583","2099868491","0.0714286"
"2099868491","2002421583","0.0714286"
"2002421583","2164414844","0.907082"
"2164414844","2002421583","0.907082"
"2002421583","2235280939","0.0714286"
"2235280939","2002421583","0.0714286"
"2002421583","2398698140","0.0714286"
"2398698140","2002421583","0.0714286"
"2080977773","2099868491","0.488095"
"2099868491","2080977773","0.488095"
"2080977773","2103597742","0.404762"
"2103597742","2080977773","0.404762"
"2080977773","2164414844","2.32143"
"2164414844","2080977773","2.32143"
"2080977773","2235280939","0.321429"
"2235280939","2080977773","0.321429"
"2080977773","2398698140","0.0714286"
"2398698140","2080977773","0.0714286"
"2080977773","39374552","0.571429"
"39374552","2080977773","0.571429"
"2099868491","2103597742","0.0714286"
"2103597742","2099868491","0.0714286"
"2099868491","2118451355","0.988095"
"2118451355","2099868491","0.988095"
"2099868491","2120564054","0.238095"
"2120564054","2099868491","0.238095"
"2099868491","2164414844","0.488095"
"2164414844","2099868491","0.488095"
"2099868491","2235280939","0.321429"
"2235280939","2099868491","0.321429"
"2099868491","2398698140","0.0714286"
"2398698140","2099868491","0.0714286"
"2099868491","39374552","0.238095"
"39374552","2099868491","0.238095"
"2103597742","2235280939","0.0714286"
"2235280939","2103597742","0.0714286"
"2103597742","2398698140","0.0714286"
"2398698140","2103597742","0.0714286"
"2118451355","2235280939","0.321429"
"2235280939","2118451355","0.321429"
"2118451355","2398698140","0.0714286"
"2398698140","2118451355","0.0714286"
"2118451355","39374552","1.92613"
"39374552","2118451355","1.92613"
"2120564054","2235280939","0.0714286"
"2235280939","2120564054","0.0714286"
"2120564054","2398698140","0.0714286"
"2398698140","2120564054","0.0714286"
"2164414844","2235280939","0.321429"
"2235280939","2164414844","0.321429"
"2164414844","2398698140","0.0714286"
"2398698140","2164414844","0.0714286"
"2235280939","2398698140","1.07143"
"2398698140","2235280939","1.07143"
"2235280939","39374552","0.0714286"
"39374552","2235280939","0.0714286"
"2398698140","39374552","0.0714286"
"39374552","2398698140","0.0714286"
"1508725737","164989892","0.1"
"164989892","1508725737","0.1"
"1508725737","2128735745","0.201923"
"2128735745","1508725737","0.201923"
"1509835774","1603816591","0.259463"
"1603816591","1509835774","0.259463"
"1603816591","2128735745","0.148352"
"2128735745","1603816591","0.148352"
"180993580","2128735745","0.148352"
"2128735745","180993580","0.148352"
"2002421583","2128735745","0.248352"
"2128735745","2002421583","0.248352"
"2120564054","2128735745","0.0769231"
"2128735745","2120564054","0.0769231"
"2128735745","39374552","0.373352"
"39374552","2128735745","0.373352"
"1655958391","2080977773","0.333333"
"2080977773","1655958391","0.333333"
"113480497","2189469435","1"
"2189469435","113480497","1"
"1508725737","1805249784","0.2"
"1805249784","1508725737","0.2"
"113480497","1580004440","0.25"
"1580004440","113480497","0.25"
"1580004440","1655958391","1.62143"
"1655958391","1580004440","1.62143"
"1580004440","2371186109","1.12143"
"2371186109","1580004440","1.12143"
"1580004440","39374552","1.04643"
"39374552","1580004440","1.04643"
"1508725737","1580004440","0.125"
"1580004440","1508725737","0.125"
"1508725737","1604746990","0.125"
"1604746990","1508725737","0.125"
"1509835774","1580004440","0.496429"
"1580004440","1509835774","0.496429"
"1509835774","1604746990","0.496429"
"1604746990","1509835774","0.496429"
"1518119787","1580004440","1.22976"
"1580004440","1518119787","1.22976"
"1518119787","1604746990","4.0631"
"1604746990","1518119787","4.0631"
"1518119787","39374552","0.529762"
"39374552","1518119787","0.529762"
"1580004440","1604746990","0.829762"
"1604746990","1580004440","0.829762"
"1580004440","2103597742","0.496429"
"2103597742","1580004440","0.496429"
"1580004440","2128735745","0.496429"
"2128735745","1580004440","0.496429"
"1580004440","2150248082","2.32976"
"2150248082","1580004440","2.32976"
"1604746990","2103597742","0.296429"
"2103597742","1604746990","0.296429"
"1604746990","2128735745","0.496429"
"2128735745","1604746990","0.496429"
"1604746990","2150248082","2.1631"
"2150248082","1604746990","2.1631"
"1604746990","39374552","0.629762"
"39374552","1604746990","0.629762"
"1580004440","2002421583","0.171429"
"2002421583","1580004440","0.171429"
"1580004440","2164414844","1.87143"
"2164414844","1580004440","1.87143"
"1604746990","1655958391","0.171429"
"1655958391","1604746990","0.171429"
"1604746990","2002421583","0.171429"
"2002421583","1604746990","0.171429"
"1604746990","2164414844","0.171429"
"2164414844","1604746990","0.171429"
"1604746990","2371186109","0.171429"
"2371186109","1604746990","0.171429"
"1518119787","1603816591","0.0714286"
"1603816591","1518119787","0.0714286"
"1518119787","180993580","0.0714286"
"180993580","1518119787","0.0714286"
"1580004440","1603816591","0.0714286"
"1603816591","1580004440","0.0714286"
"1580004440","1805249784","0.571429"
"1805249784","1580004440","0.571429"
"1580004440","180993580","0.0714286"
"180993580","1580004440","0.0714286"
"1603816591","1604746990","0.0714286"
"1604746990","1603816591","0.0714286"
"1604746990","1805249784","0.0714286"
"1805249784","1604746990","0.0714286"
"1604746990","180993580","0.0714286"
"180993580","1604746990","0.0714286"
"1580004440","2120564054","0.2"
"2120564054","1580004440","0.2"
"2080977773","2189469435","0.166667"
"2189469435","2080977773","0.166667"
"2099868491","2189469435","1.66667"
"2189469435","2099868491","1.66667"
"2118451355","2189469435","1.66667"
"2189469435","2118451355","1.66667"
"2120564054","2189469435","0.166667"
"2189469435","2120564054","0.166667"
"2164414844","2189469435","0.166667"
"2189469435","2164414844","0.166667"
"2189469435","39374552","0.166667"
"39374552","2189469435","0.166667"
