"1517738348","2164101323","1.23611"
"2164101323","1517738348","1.23611"
"1517738348","1581663496","1.25"
"1581663496","1517738348","1.25"
"1517738348","2114428623","0.708333"
"2114428623","1517738348","0.708333"
"1517738348","2159845428","0.375"
"2159845428","1517738348","0.375"
"1517738348","70096886","0.708333"
"70096886","1517738348","0.708333"
"1581663496","2114428623","0.784524"
"2114428623","1581663496","0.784524"
"1581663496","2159845428","0.607576"
"2159845428","1581663496","0.607576"
"1581663496","70096886","0.25"
"70096886","1581663496","0.25"
"2114428623","2159845428","2.34167"
"2159845428","2114428623","2.34167"
"2114428623","70096886","0.958333"
"70096886","2114428623","0.958333"
"2159845428","70096886","0.375"
"70096886","2159845428","0.375"
"1517738348","1540335293","1.125"
"1540335293","1517738348","1.125"
"1517738348","1567827377","0.125"
"1567827377","1517738348","0.125"
"1517738348","1589625251","0.458333"
"1589625251","1517738348","0.458333"
"1517738348","1981398410","0.125"
"1981398410","1517738348","0.125"
"1540335293","1567827377","2.60833"
"1567827377","1540335293","2.60833"
"1540335293","1589625251","9.41667"
"1589625251","1540335293","9.41667"
"1540335293","1981398410","3.10833"
"1981398410","1540335293","3.10833"
"1540335293","2114428623","10.0595"
"2114428623","1540335293","10.0595"
"1540335293","2159845428","10.1826"
"2159845428","1540335293","10.1826"
"1540335293","2164101323","2.94924"
"2164101323","1540335293","2.94924"
"1540335293","70096886","1.04924"
"70096886","1540335293","1.04924"
"1567827377","1589625251","0.491667"
"1589625251","1567827377","0.491667"
"1567827377","1981398410","10.2512"
"1981398410","1567827377","10.2512"
"1567827377","2114428623","0.491667"
"2114428623","1567827377","0.491667"
"1567827377","2159845428","0.291667"
"2159845428","1567827377","0.291667"
"1567827377","2164101323","2.10833"
"2164101323","1567827377","2.10833"
"1567827377","70096886","0.125"
"70096886","1567827377","0.125"
"1589625251","1981398410","0.491667"
"1981398410","1589625251","0.491667"
"1589625251","2114428623","14"
"2114428623","1589625251","14"
"1589625251","2159845428","1.09167"
"2159845428","1589625251","1.09167"
"1589625251","2164101323","1.65833"
"2164101323","1589625251","1.65833"
"1589625251","70096886","0.458333"
"70096886","1589625251","0.458333"
"1981398410","2114428623","0.491667"
"2114428623","1981398410","0.491667"
"1981398410","2159845428","0.291667"
"2159845428","1981398410","0.291667"
"1981398410","2164101323","2.10833"
"2164101323","1981398410","2.10833"
"1981398410","70096886","0.125"
"70096886","1981398410","0.125"
"2114428623","2164101323","1.65833"
"2164101323","2114428623","1.65833"
"2159845428","2164101323","0.291667"
"2164101323","2159845428","0.291667"
"2164101323","70096886","1.04924"
"70096886","2164101323","1.04924"
"1517738348","2258161496","1.11111"
"2258161496","1517738348","1.11111"
"1517738348","1877240378","0.111111"
"1877240378","1517738348","0.111111"
"1517738348","2026351","0.111111"
"2026351","1517738348","0.111111"
"1517738348","2037836355","0.111111"
"2037836355","1517738348","0.111111"
"1517738348","2039683463","0.111111"
"2039683463","1517738348","0.111111"
"1517738348","2060393385","0.111111"
"2060393385","1517738348","0.111111"
"1517738348","2098147685","0.111111"
"2098147685","1517738348","0.111111"
"1517738348","2985273010","0.111111"
"2985273010","1517738348","0.111111"
"1877240378","2026351","3.35162"
"2026351","1877240378","3.35162"
"1877240378","2037836355","0.746898"
"2037836355","1877240378","0.746898"
"1877240378","2039683463","0.62904"
"2039683463","1877240378","0.62904"
"1877240378","2060393385","0.52904"
"2060393385","1877240378","0.52904"
"1877240378","2098147685","0.313131"
"2098147685","1877240378","0.313131"
"1877240378","2164101323","0.20202"
"2164101323","1877240378","0.20202"
"1877240378","2258161496","9.0092"
"2258161496","1877240378","9.0092"
"1877240378","2985273010","0.111111"
"2985273010","1877240378","0.111111"
"2026351","2037836355","0.313131"
"2037836355","2026351","0.313131"
"2026351","2039683463","1.19646"
"2039683463","2026351","1.19646"
"2026351","2060393385","0.771465"
"2060393385","2026351","0.771465"
"2026351","2098147685","1.47222"
"2098147685","2026351","1.47222"
"2026351","2164101323","0.65202"
"2164101323","2026351","0.65202"
"2026351","2258161496","25.0933"
"2258161496","2026351","25.0933"
"2026351","2985273010","0.111111"
"2985273010","2026351","0.111111"
"2037836355","2039683463","0.292929"
"2039683463","2037836355","0.292929"
"2037836355","2060393385","0.292929"
"2060393385","2037836355","0.292929"
"2037836355","2098147685","0.20202"
"2098147685","2037836355","0.20202"
"2037836355","2164101323","0.20202"
"2164101323","2037836355","0.20202"
"2037836355","2258161496","0.737374"
"2258161496","2037836355","0.737374"
"2037836355","2985273010","0.111111"
"2985273010","2037836355","0.111111"
"2039683463","2060393385","8.92904"
"2060393385","2039683463","8.92904"
"2039683463","2098147685","17.2893"
"2098147685","2039683463","17.2893"
"2039683463","2164101323","0.60202"
"2164101323","2039683463","0.60202"
"2039683463","2258161496","2.68023"
"2258161496","2039683463","2.68023"
"2039683463","2985273010","0.361111"
"2985273010","2039683463","0.361111"
"2060393385","2098147685","1.31313"
"2098147685","2060393385","1.31313"
"2060393385","2164101323","0.40202"
"2164101323","2060393385","0.40202"
"2060393385","2258161496","0.862374"
"2258161496","2060393385","0.862374"
"2060393385","2985273010","1.11111"
"2985273010","2060393385","1.11111"
"2098147685","2164101323","0.444444"
"2164101323","2098147685","0.444444"
"2098147685","2258161496","0.455988"
"2258161496","2098147685","0.455988"
"2098147685","2985273010","1.11111"
"2985273010","2098147685","1.11111"
"2164101323","2258161496","0.65202"
"2258161496","2164101323","0.65202"
"2164101323","2985273010","0.111111"
"2985273010","2164101323","0.111111"
"2258161496","2985273010","0.361111"
"2985273010","2258161496","0.361111"
"1540335293","2096211577","2.03333"
"2096211577","1540335293","2.03333"
"1540335293","1581663496","12.9973"
"1581663496","1540335293","12.9973"
"1540335293","2039683463","2.9096"
"2039683463","1540335293","2.9096"
"1540335293","2060393385","2.15126"
"2060393385","1540335293","2.15126"
"1540335293","2133420971","12.5877"
"2133420971","1540335293","12.5877"
"1540335293","2952198897","1.03333"
"2952198897","1540335293","1.03333"
"1581663496","2039683463","0.640909"
"2039683463","1581663496","0.640909"
"1581663496","2060393385","0.415909"
"2060393385","1581663496","0.415909"
"1581663496","2133420971","7.3044"
"2133420971","1581663496","7.3044"
"1581663496","2952198897","0.783333"
"2952198897","1581663496","0.783333"
"2039683463","2133420971","1.18377"
"2133420971","2039683463","1.18377"
"2039683463","2952198897","0.2"
"2952198897","2039683463","0.2"
"2060393385","2133420971","0.415909"
"2133420971","2060393385","0.415909"
"2060393385","2952198897","0.2"
"2952198897","2060393385","0.2"
"2133420971","2952198897","0.783333"
"2952198897","2133420971","0.783333"
"1540335293","1877240378","5.24095"
"1877240378","1540335293","5.24095"
"1540335293","1975542158","5.48337"
"1975542158","1540335293","5.48337"
"1540335293","2026351","4.19885"
"2026351","1540335293","4.19885"
"1540335293","2258161496","8.93975"
"2258161496","1540335293","8.93975"
"1581663496","1877240378","20.0056"
"1877240378","1581663496","20.0056"
"1581663496","1975542158","3.75559"
"1975542158","1581663496","3.75559"
"1581663496","2026351","1.33016"
"2026351","1581663496","1.33016"
"1581663496","2258161496","2.62107"
"2258161496","1581663496","2.62107"
"1877240378","1975542158","11.3167"
"1975542158","1877240378","11.3167"
"1877240378","2133420971","4.01273"
"2133420971","1877240378","4.01273"
"1975542158","2026351","2.06627"
"2026351","1975542158","2.06627"
"1975542158","2133420971","5.15559"
"2133420971","1975542158","5.15559"
"1975542158","2258161496","8.6167"
"2258161496","1975542158","8.6167"
"2026351","2133420971","1.67063"
"2133420971","2026351","1.67063"
"2133420971","2258161496","4.8044"
"2258161496","2133420971","4.8044"
"1540335293","1898753656","0.424242"
"1898753656","1540335293","0.424242"
"1898753656","2164101323","0.624242"
"2164101323","1898753656","0.624242"
"1898753656","70096886","5.42424"
"70096886","1898753656","5.42424"
"1540335293","2079406490","2.78698"
"2079406490","1540335293","2.78698"
"2026351","2079406490","1.06988"
"2079406490","2026351","1.06988"
"2079406490","2164101323","0.674242"
"2164101323","2079406490","0.674242"
"2079406490","2258161496","2.42031"
"2258161496","2079406490","2.42031"
"2258161496","2952198897","0.25"
"2952198897","2258161496","0.25"
"1540335293","2100516022","2.36869"
"2100516022","1540335293","2.36869"
"1589625251","2258161496","0.975"
"2258161496","1589625251","0.975"
"1540335293","1565871323","1.77778"
"1565871323","1540335293","1.77778"
"1540335293","1724646375","0.392857"
"1724646375","1540335293","0.392857"
"1540335293","2098147685","0.95202"
"2098147685","1540335293","0.95202"
"1565871323","1724646375","1.25"
"1724646375","1565871323","1.25"
"1565871323","2026351","0.361111"
"2026351","1565871323","0.361111"
"1565871323","2098147685","0.361111"
"2098147685","1565871323","0.361111"
"1724646375","2026351","0.392857"
"2026351","1724646375","0.392857"
"1724646375","2098147685","0.75"
"2098147685","1724646375","0.75"
"1581663496","1589625251","0.391667"
"1589625251","1581663496","0.391667"
"1581663496","2079406490","1.3294"
"2079406490","1581663496","1.3294"
"1589625251","2026351","0.225"
"2026351","1589625251","0.225"
"1589625251","2039683463","0.675"
"2039683463","1589625251","0.675"
"1589625251","2079406490","0.225"
"2079406490","1589625251","0.225"
"1589625251","2133420971","0.291667"
"2133420971","1589625251","0.291667"
"2026351","2114428623","0.225"
"2114428623","2026351","0.225"
"2039683463","2079406490","0.716342"
"2079406490","2039683463","0.716342"
"2039683463","2114428623","0.675"
"2114428623","2039683463","0.675"
"2079406490","2114428623","0.617857"
"2114428623","2079406490","0.617857"
"2079406490","2133420971","1.9794"
"2133420971","2079406490","1.9794"
"2114428623","2133420971","0.684524"
"2133420971","2114428623","0.684524"
"2114428623","2258161496","0.725"
"2258161496","2114428623","0.725"
"1540335293","1541372240","4.25397"
"1541372240","1540335293","4.25397"
"1541372240","2258161496","4.5873"
"2258161496","1541372240","4.5873"
"1589625251","2096211577","0.533333"
"2096211577","1589625251","0.533333"
"2039683463","2096211577","0.4"
"2096211577","2039683463","0.4"
"2039683463","2159845428","0.557576"
"2159845428","2039683463","0.557576"
"2096211577","2114428623","0.533333"
"2114428623","2096211577","0.533333"
"2096211577","2159845428","0.2"
"2159845428","2096211577","0.2"
"1541372240","1581663496","0.253968"
"1581663496","1541372240","0.253968"
"1541372240","1877240378","0.253968"
"1877240378","1541372240","0.253968"
"1541372240","1975542158","0.253968"
"1975542158","1541372240","0.253968"
"1541372240","2026351","2.25397"
"2026351","1541372240","2.25397"
"1541372240","2133420971","0.253968"
"2133420971","1541372240","0.253968"
"2100516022","2114428623","0.5"
"2114428623","2100516022","0.5"
"1877240378","2079406490","1.74531"
"2079406490","1877240378","1.74531"
"1540335293","2037836355","0.635786"
"2037836355","1540335293","0.635786"
"1541372240","2037836355","0.444444"
"2037836355","1541372240","0.444444"
"1541372240","2079406490","0.111111"
"2079406490","1541372240","0.111111"
"1581663496","2037836355","0.544877"
"2037836355","1581663496","0.544877"
"1975542158","2037836355","0.544877"
"2037836355","1975542158","0.544877"
"1975542158","2079406490","2.71392"
"2079406490","1975542158","2.71392"
"2037836355","2079406490","5.63579"
"2079406490","2037836355","5.63579"
"2037836355","2133420971","0.344877"
"2133420971","2037836355","0.344877"
"1581663496","2098147685","0.0909091"
"2098147685","1581663496","0.0909091"
"1877240378","2159845428","0.190909"
"2159845428","1877240378","0.190909"
"1975542158","2039683463","0.736544"
"2039683463","1975542158","0.736544"
"1975542158","2060393385","0.32702"
"2060393385","1975542158","0.32702"
"1975542158","2098147685","0.511544"
"2098147685","1975542158","0.511544"
"1975542158","2159845428","0.357576"
"2159845428","1975542158","0.357576"
"2037836355","2159845428","0.0909091"
"2159845428","2037836355","0.0909091"
"2060393385","2079406490","0.181818"
"2079406490","2060393385","0.181818"
"2060393385","2159845428","0.424242"
"2159845428","2060393385","0.424242"
"2079406490","2098147685","1.73377"
"2098147685","2079406490","1.73377"
"2079406490","2159845428","0.357576"
"2159845428","2079406490","0.357576"
"2098147685","2133420971","0.733766"
"2133420971","2098147685","0.733766"
"2098147685","2159845428","0.590909"
"2159845428","2098147685","0.590909"
"2133420971","2159845428","0.257576"
"2159845428","2133420971","0.257576"
"2159845428","2258161496","0.190909"
"2258161496","2159845428","0.190909"
"1540335293","2985273010","0.333333"
"2985273010","1540335293","0.333333"
"1581663496","2985273010","0.333333"
"2985273010","1581663496","0.333333"
"2133420971","2985273010","0.333333"
"2985273010","2133420971","0.333333"
"1981398410","2096211577","0.5"
"2096211577","1981398410","0.5"
"1565871323","1581663496","0.166667"
"1581663496","1565871323","0.166667"
"1565871323","1589625251","0.166667"
"1589625251","1565871323","0.166667"
"1565871323","2114428623","0.416667"
"2114428623","1565871323","0.416667"
"1565871323","2133420971","0.166667"
"2133420971","1565871323","0.166667"
"1565871323","2159845428","0.166667"
"2159845428","1565871323","0.166667"
"1589625251","1877240378","0.1"
"1877240378","1589625251","0.1"
"1589625251","1975542158","0.1"
"1975542158","1589625251","0.1"
"1877240378","2114428623","0.242857"
"2114428623","1877240378","0.242857"
"1975542158","2114428623","0.242857"
"2114428623","1975542158","0.242857"
"2026351","2159845428","0.6"
"2159845428","2026351","0.6"
"1581663496","1724646375","0.142857"
"1724646375","1581663496","0.142857"
"1724646375","1877240378","0.142857"
"1877240378","1724646375","0.142857"
"1724646375","1975542158","0.142857"
"1975542158","1724646375","0.142857"
"1724646375","2079406490","0.642857"
"2079406490","1724646375","0.642857"
"1724646375","2258161496","0.142857"
"2258161496","1724646375","0.142857"
"1565871323","2952198897","0.25"
"2952198897","1565871323","0.25"
"1565871323","70096886","0.25"
"70096886","1565871323","0.25"
"2114428623","2952198897","0.25"
"2952198897","2114428623","0.25"
"2952198897","70096886","0.25"
"70096886","2952198897","0.25"
"1567827377","2133420971","0.392857"
"2133420971","1567827377","0.392857"
"1981398410","2133420971","0.392857"
"2133420971","1981398410","0.392857"
"2133420971","2164101323","0.25"
"2164101323","2133420971","0.25"
"1877240378","1898753656","0.0909091"
"1898753656","1877240378","0.0909091"
"1877240378","2100516022","0.20202"
"2100516022","1877240378","0.20202"
"1877240378","70096886","0.340909"
"70096886","1877240378","0.340909"
"1898753656","2026351","0.290909"
"2026351","1898753656","0.290909"
"1898753656","2037836355","0.0909091"
"2037836355","1898753656","0.0909091"
"1898753656","2039683463","0.624242"
"2039683463","1898753656","0.624242"
"1898753656","2060393385","0.424242"
"2060393385","1898753656","0.424242"
"1898753656","2079406490","0.0909091"
"2079406490","1898753656","0.0909091"
"1898753656","2100516022","0.0909091"
"2100516022","1898753656","0.0909091"
"1898753656","2258161496","0.290909"
"2258161496","1898753656","0.290909"
"2026351","2100516022","0.70202"
"2100516022","2026351","0.70202"
"2026351","70096886","0.340909"
"70096886","2026351","0.340909"
"2037836355","2100516022","0.0909091"
"2100516022","2037836355","0.0909091"
"2037836355","70096886","0.0909091"
"70096886","2037836355","0.0909091"
"2039683463","2100516022","0.368687"
"2100516022","2039683463","0.368687"
"2039683463","70096886","0.424242"
"70096886","2039683463","0.424242"
"2060393385","2100516022","0.20202"
"2100516022","2060393385","0.20202"
"2060393385","70096886","0.424242"
"70096886","2060393385","0.424242"
"2079406490","2100516022","0.590909"
"2100516022","2079406490","0.590909"
"2079406490","70096886","0.0909091"
"70096886","2079406490","0.0909091"
"2100516022","2164101323","0.424242"
"2164101323","2100516022","0.424242"
"2100516022","2258161496","2.20202"
"2258161496","2100516022","2.20202"
"2100516022","70096886","0.0909091"
"70096886","2100516022","0.0909091"
"2258161496","70096886","0.340909"
"70096886","2258161496","0.340909"
"1975542158","2100516022","0.277778"
"2100516022","1975542158","0.277778"
"2098147685","2100516022","2.61111"
"2100516022","2098147685","2.61111"
"2100516022","2159845428","0.166667"
"2159845428","2100516022","0.166667"
"2037836355","2114428623","0.142857"
"2114428623","2037836355","0.142857"
"1565871323","1877240378","0.111111"
"1877240378","1565871323","0.111111"
"1565871323","1975542158","0.111111"
"1975542158","1565871323","0.111111"
"1565871323","2039683463","0.111111"
"2039683463","1565871323","0.111111"
"1565871323","2060393385","0.111111"
"2060393385","1565871323","0.111111"
"1565871323","2100516022","0.111111"
"2100516022","1565871323","0.111111"
"1565871323","2258161496","0.111111"
"2258161496","1565871323","0.111111"
"1567827377","2039683463","0.342857"
"2039683463","1567827377","0.342857"
"1567827377","2060393385","0.2"
"2060393385","1567827377","0.2"
"1981398410","2039683463","0.342857"
"2039683463","1981398410","0.342857"
"1981398410","2060393385","0.2"
"2060393385","1981398410","0.2"
"1541372240","2096211577","0.333333"
"2096211577","1541372240","0.333333"
"2037836355","2096211577","0.333333"
"2096211577","2037836355","0.333333"
"2096211577","2258161496","0.533333"
"2258161496","2096211577","0.533333"
"1565871323","2096211577","1"
"2096211577","1565871323","1"
"1567827377","1975542158","0.142857"
"1975542158","1567827377","0.142857"
"1567827377","2079406490","0.142857"
"2079406490","1567827377","0.142857"
"1567827377","2098147685","0.142857"
"2098147685","1567827377","0.142857"
"1567827377","2258161496","0.142857"
"2258161496","1567827377","0.142857"
"1975542158","1981398410","0.142857"
"1981398410","1975542158","0.142857"
"1981398410","2079406490","0.142857"
"2079406490","1981398410","0.142857"
"1981398410","2098147685","0.142857"
"2098147685","1981398410","0.142857"
"1981398410","2258161496","0.142857"
"2258161496","1981398410","0.142857"
"1589625251","2985273010","0.25"
"2985273010","1589625251","0.25"
"2114428623","2985273010","0.25"
"2985273010","2114428623","0.25"
"1898753656","2985273010","3"
"2985273010","1898753656","3"
"1898753656","2096211577","1.2"
"2096211577","1898753656","1.2"
"1898753656","2098147685","0.333333"
"2098147685","1898753656","0.333333"
"2026351","2096211577","0.2"
"2096211577","2026351","0.2"
"2096211577","2164101323","0.7"
"2164101323","2096211577","0.7"
"2098147685","70096886","0.333333"
"70096886","2098147685","0.333333"
"2079406490","2952198897","1.5"
"2952198897","2079406490","1.5"
"2079406490","2096211577","0.5"
"2096211577","2079406490","0.5"
"2096211577","2952198897","1.5"
"2952198897","2096211577","1.5"
"2096211577","70096886","0.5"
"70096886","2096211577","0.5"
