"1136523252","1985136576","1"
"1985136576","1136523252","1"
"1136523252","2050351674","1.41667"
"2050351674","1136523252","1.41667"
"1136523252","2143956824","3"
"2143956824","1136523252","3"
"1136523252","2262150254","0.916667"
"2262150254","1136523252","0.916667"
"1136523252","2394988877","0.75"
"2394988877","1136523252","0.75"
"2050351674","2143956824","0.916667"
"2143956824","2050351674","0.916667"
"2050351674","2262150254","9.91667"
"2262150254","2050351674","9.91667"
"2050351674","2394988877","1.08333"
"2394988877","2050351674","1.08333"
"2143956824","2262150254","0.916667"
"2262150254","2143956824","0.916667"
"2143956824","2394988877","0.25"
"2394988877","2143956824","0.25"
"2262150254","2394988877","0.25"
"2394988877","2262150254","0.25"
"1136523252","2002946906","2"
"2002946906","1136523252","2"
"1136523252","1988933748","0.583333"
"1988933748","1136523252","0.583333"
"1136523252","2539361423","0.25"
"2539361423","1136523252","0.25"
"1136523252","2992215627","0.583333"
"2992215627","1136523252","0.583333"
"1988933748","2143956824","5.25"
"2143956824","1988933748","5.25"
"1988933748","2539361423","1.08333"
"2539361423","1988933748","1.08333"
"1988933748","2992215627","1.08333"
"2992215627","1988933748","1.08333"
"2143956824","2539361423","0.583333"
"2539361423","2143956824","0.583333"
"2143956824","2992215627","0.583333"
"2992215627","2143956824","0.583333"
"2539361423","2992215627","29.3345"
"2992215627","2539361423","29.3345"
"1136523252","187363197","0.5"
"187363197","1136523252","0.5"
"187363197","2143956824","1.5"
"2143956824","187363197","1.5"
"2050351674","2992215627","1.33333"
"2992215627","2050351674","1.33333"
"2262150254","2992215627","1.33333"
"2992215627","2262150254","1.33333"
"1988933748","2050351674","1.33333"
"2050351674","1988933748","1.33333"
"1988933748","2262150254","1.33333"
"2262150254","1988933748","1.33333"
"1521930057","2116934270","2.11667"
"2116934270","1521930057","2.11667"
"1521930057","1995930981","1.65"
"1995930981","1521930057","1.65"
"1521930057","2039423473","2.65"
"2039423473","1521930057","2.65"
"1521930057","2539361423","1.06667"
"2539361423","1521930057","1.06667"
"1521930057","2992215627","1.31667"
"2992215627","1521930057","1.31667"
"1995930981","2039423473","2.65"
"2039423473","1995930981","2.65"
"1995930981","2116934270","0.45"
"2116934270","1995930981","0.45"
"1995930981","2539361423","0.733333"
"2539361423","1995930981","0.733333"
"1995930981","2992215627","0.983333"
"2992215627","1995930981","0.983333"
"2039423473","2116934270","0.45"
"2116934270","2039423473","0.45"
"2039423473","2539361423","1.23333"
"2539361423","2039423473","1.23333"
"2039423473","2992215627","1.48333"
"2992215627","2039423473","1.48333"
"2116934270","2539361423","1.30119"
"2539361423","2116934270","1.30119"
"2116934270","2992215627","1.30119"
"2992215627","2116934270","1.30119"
"1521930057","2503569811","1.2"
"2503569811","1521930057","1.2"
"1995930981","2503569811","1.7"
"2503569811","1995930981","1.7"
"2039423473","2503569811","1.2"
"2503569811","2039423473","1.2"
"2503569811","2539361423","0.45"
"2539361423","2503569811","0.45"
"2503569811","2992215627","0.7"
"2992215627","2503569811","0.7"
"1521930057","2002946906","0.5"
"2002946906","1521930057","0.5"
"1521930057","2394988877","0.583333"
"2394988877","1521930057","0.583333"
"2002946906","2116934270","0.5"
"2116934270","2002946906","0.5"
"2002946906","2394988877","0.5"
"2394988877","2002946906","0.5"
"2116934270","2394988877","0.583333"
"2394988877","2116934270","0.583333"
"1521930057","1968418110","0.25"
"1968418110","1521930057","0.25"
"1521930057","1985136576","0.166667"
"1985136576","1521930057","0.166667"
"1521930057","1992023226","0.25"
"1992023226","1521930057","0.25"
"1521930057","2022789727","0.75"
"2022789727","1521930057","0.75"
"1521930057","2038085759","0.166667"
"2038085759","1521930057","0.166667"
"1521930057","2091496122","0.25"
"2091496122","1521930057","0.25"
"1968418110","1985136576","0.684524"
"1985136576","1968418110","0.684524"
"1968418110","1992023226","1.76786"
"1992023226","1968418110","1.76786"
"1968418110","1995930981","0.25"
"1995930981","1968418110","0.25"
"1968418110","2002946906","0.166667"
"2002946906","1968418110","0.166667"
"1968418110","2022789727","0.625"
"2022789727","1968418110","0.625"
"1968418110","2038085759","0.684524"
"2038085759","1968418110","0.684524"
"1968418110","2039423473","0.25"
"2039423473","1968418110","0.25"
"1968418110","2091496122","1.76786"
"2091496122","1968418110","1.76786"
"1968418110","2116934270","1.76786"
"2116934270","1968418110","1.76786"
"1968418110","2394988877","0.25"
"2394988877","1968418110","0.25"
"1968418110","2503569811","0.25"
"2503569811","1968418110","0.25"
"1985136576","1992023226","0.684524"
"1992023226","1985136576","0.684524"
"1985136576","1995930981","0.166667"
"1995930981","1985136576","0.166667"
"1985136576","2002946906","0.166667"
"2002946906","1985136576","0.166667"
"1985136576","2022789727","3.04167"
"2022789727","1985136576","3.04167"
"1985136576","2038085759","11.6845"
"2038085759","1985136576","11.6845"
"1985136576","2039423473","0.166667"
"2039423473","1985136576","0.166667"
"1985136576","2091496122","0.684524"
"2091496122","1985136576","0.684524"
"1985136576","2116934270","0.684524"
"2116934270","1985136576","0.684524"
"1985136576","2394988877","0.5"
"2394988877","1985136576","0.5"
"1985136576","2503569811","0.166667"
"2503569811","1985136576","0.166667"
"1992023226","1995930981","0.25"
"1995930981","1992023226","0.25"
"1992023226","2002946906","0.166667"
"2002946906","1992023226","0.166667"
"1992023226","2022789727","2.79167"
"2022789727","1992023226","2.79167"
"1992023226","2038085759","0.684524"
"2038085759","1992023226","0.684524"
"1992023226","2039423473","0.25"
"2039423473","1992023226","0.25"
"1992023226","2091496122","1.93452"
"2091496122","1992023226","1.93452"
"1992023226","2116934270","1.93452"
"2116934270","1992023226","1.93452"
"1992023226","2394988877","0.25"
"2394988877","1992023226","0.25"
"1992023226","2503569811","0.416667"
"2503569811","1992023226","0.416667"
"1995930981","2002946906","0.166667"
"2002946906","1995930981","0.166667"
"1995930981","2022789727","0.25"
"2022789727","1995930981","0.25"
"1995930981","2038085759","0.166667"
"2038085759","1995930981","0.166667"
"1995930981","2091496122","0.25"
"2091496122","1995930981","0.25"
"1995930981","2394988877","0.25"
"2394988877","1995930981","0.25"
"2002946906","2022789727","1.66667"
"2022789727","2002946906","1.66667"
"2002946906","2038085759","0.166667"
"2038085759","2002946906","0.166667"
"2002946906","2039423473","0.166667"
"2039423473","2002946906","0.166667"
"2002946906","2091496122","0.166667"
"2091496122","2002946906","0.166667"
"2002946906","2503569811","0.666667"
"2503569811","2002946906","0.666667"
"2022789727","2038085759","0.541667"
"2038085759","2022789727","0.541667"
"2022789727","2039423473","0.75"
"2039423473","2022789727","0.75"
"2022789727","2091496122","0.791667"
"2091496122","2022789727","0.791667"
"2022789727","2116934270","0.791667"
"2116934270","2022789727","0.791667"
"2022789727","2394988877","0.25"
"2394988877","2022789727","0.25"
"2022789727","2503569811","1.91667"
"2503569811","2022789727","1.91667"
"2038085759","2039423473","0.166667"
"2039423473","2038085759","0.166667"
"2038085759","2091496122","0.684524"
"2091496122","2038085759","0.684524"
"2038085759","2116934270","0.684524"
"2116934270","2038085759","0.684524"
"2038085759","2394988877","0.166667"
"2394988877","2038085759","0.166667"
"2038085759","2503569811","0.166667"
"2503569811","2038085759","0.166667"
"2039423473","2091496122","0.25"
"2091496122","2039423473","0.25"
"2039423473","2394988877","0.25"
"2394988877","2039423473","0.25"
"2091496122","2116934270","1.93452"
"2116934270","2091496122","1.93452"
"2091496122","2394988877","0.25"
"2394988877","2091496122","0.25"
"2091496122","2503569811","0.416667"
"2503569811","2091496122","0.416667"
"2116934270","2503569811","0.416667"
"2503569811","2116934270","0.416667"
"2394988877","2503569811","0.25"
"2503569811","2394988877","0.25"
"1521930057","2120858566","0.0833333"
"2120858566","1521930057","0.0833333"
"1968418110","2120858566","0.0833333"
"2120858566","1968418110","0.0833333"
"1968418110","2539361423","0.60119"
"2539361423","1968418110","0.60119"
"1968418110","2992215627","0.60119"
"2992215627","1968418110","0.60119"
"1992023226","2120858566","0.0833333"
"2120858566","1992023226","0.0833333"
"1992023226","2539361423","0.767857"
"2539361423","1992023226","0.767857"
"1992023226","2992215627","0.767857"
"2992215627","1992023226","0.767857"
"1995930981","2120858566","0.0833333"
"2120858566","1995930981","0.0833333"
"2022789727","2120858566","0.583333"
"2120858566","2022789727","0.583333"
"2022789727","2539361423","0.625"
"2539361423","2022789727","0.625"
"2022789727","2992215627","0.625"
"2992215627","2022789727","0.625"
"2039423473","2120858566","0.0833333"
"2120858566","2039423473","0.0833333"
"2091496122","2120858566","0.0833333"
"2120858566","2091496122","0.0833333"
"2091496122","2539361423","0.767857"
"2539361423","2091496122","0.767857"
"2091496122","2992215627","0.767857"
"2992215627","2091496122","0.767857"
"2116934270","2120858566","0.0833333"
"2120858566","2116934270","0.0833333"
"2120858566","2394988877","0.0833333"
"2394988877","2120858566","0.0833333"
"2120858566","2503569811","0.0833333"
"2503569811","2120858566","0.0833333"
"2120858566","2539361423","0.0833333"
"2539361423","2120858566","0.0833333"
"2120858566","2992215627","0.0833333"
"2992215627","2120858566","0.0833333"
"2394988877","2539361423","0.0833333"
"2539361423","2394988877","0.0833333"
"2394988877","2992215627","0.0833333"
"2992215627","2394988877","0.0833333"
"1525936252","2579506979","4"
"2579506979","1525936252","4"
"1525936252","2806638253","1"
"2806638253","1525936252","1"
"1555314081","2579274220","3"
"2579274220","1555314081","3"
"1555314081","2579506979","1"
"2579506979","1555314081","1"
"187363197","2166593299","1"
"2166593299","187363197","1"
"187363197","2087830047","1.5"
"2087830047","187363197","1.5"
"187363197","2039541634","0.5"
"2039541634","187363197","0.5"
"2039541634","2087830047","5"
"2087830047","2039541634","5"
"187363197","1988933748","0.333333"
"1988933748","187363197","0.333333"
"187363197","2050351674","0.333333"
"2050351674","187363197","0.333333"
"187363197","2262150254","0.333333"
"2262150254","187363197","0.333333"
"187363197","2579506979","1"
"2579506979","187363197","1"
"1985136576","2539361423","0.517857"
"2539361423","1985136576","0.517857"
"1985136576","2992215627","0.517857"
"2992215627","1985136576","0.517857"
"2038085759","2539361423","0.517857"
"2539361423","2038085759","0.517857"
"2038085759","2992215627","0.517857"
"2992215627","2038085759","0.517857"
"1985136576","2039541634","0.333333"
"2039541634","1985136576","0.333333"
"1985136576","2050351674","0.333333"
"2050351674","1985136576","0.333333"
"2039541634","2050351674","0.333333"
"2050351674","2039541634","0.333333"
"2039541634","2394988877","0.333333"
"2394988877","2039541634","0.333333"
"1985136576","2120858566","0.5"
"2120858566","1985136576","0.5"
"2039541634","2339271628","0.5"
"2339271628","2039541634","0.5"
"2087830047","2339271628","0.5"
"2339271628","2087830047","0.5"
"2050351674","2539361423","1"
"2539361423","2050351674","1"
"2262150254","2539361423","1"
"2539361423","2262150254","1"
"2208904923","2600704013","0.333333"
"2600704013","2208904923","0.333333"
"2208904923","2624093302","1.33333"
"2624093302","2208904923","1.33333"
"2208904923","2679983068","0.333333"
"2679983068","2208904923","0.333333"
"2600704013","2624093302","0.583333"
"2624093302","2600704013","0.583333"
"2600704013","2679983068","4.33333"
"2679983068","2600704013","4.33333"
"2624093302","2679983068","3.33333"
"2679983068","2624093302","3.33333"
"2208904923","857860336","1.2"
"857860336","2208904923","1.2"
"2208904923","2521002893","0.2"
"2521002893","2208904923","0.2"
"2208904923","2533974848","0.2"
"2533974848","2208904923","0.2"
"2208904923","2607006541","0.2"
"2607006541","2208904923","0.2"
"2208904923","2782785659","0.2"
"2782785659","2208904923","0.2"
"2521002893","2533974848","1.03333"
"2533974848","2521002893","1.03333"
"2521002893","2607006541","1.36667"
"2607006541","2521002893","1.36667"
"2521002893","2782785659","0.2"
"2782785659","2521002893","0.2"
"2521002893","857860336","2.53333"
"857860336","2521002893","2.53333"
"2533974848","2607006541","4.53333"
"2607006541","2533974848","4.53333"
"2533974848","2782785659","1.2"
"2782785659","2533974848","1.2"
"2533974848","857860336","0.2"
"857860336","2533974848","0.2"
"2607006541","2782785659","0.2"
"2782785659","2607006541","0.2"
"2607006541","857860336","0.533333"
"857860336","2607006541","0.533333"
"2782785659","857860336","1.2"
"857860336","2782785659","1.2"
"2339271628","2521002893","0.5"
"2521002893","2339271628","0.5"
"2339271628","2579506979","0.5"
"2579506979","2339271628","0.5"
"2521002893","2579506979","0.5"
"2579506979","2521002893","0.5"
"2470968592","2562032995","0.25"
"2562032995","2470968592","0.25"
"2470968592","2600704013","1.25"
"2600704013","2470968592","1.25"
"2470968592","2607006541","0.25"
"2607006541","2470968592","0.25"
"2470968592","2624093302","1.25"
"2624093302","2470968592","1.25"
"2562032995","2600704013","0.25"
"2600704013","2562032995","0.25"
"2562032995","2607006541","10.9167"
"2607006541","2562032995","10.9167"
"2562032995","2624093302","1.25"
"2624093302","2562032995","1.25"
"2600704013","2607006541","0.25"
"2607006541","2600704013","0.25"
"2607006541","2624093302","0.75"
"2624093302","2607006541","0.75"
"2470968592","2614809906","1"
"2614809906","2470968592","1"
"2470968592","2679983068","2"
"2679983068","2470968592","2"
"2600704013","2614809906","29"
"2614809906","2600704013","29"
"2614809906","2679983068","5"
"2679983068","2614809906","5"
"2521002893","2562032995","3.66667"
"2562032995","2521002893","3.66667"
"2521002893","2806638253","1"
"2806638253","2521002893","1"
"2562032995","857860336","2.33333"
"857860336","2562032995","2.33333"
"2533974848","2562032995","1.83333"
"2562032995","2533974848","1.83333"
"2521002893","2759777862","1"
"2759777862","2521002893","1"
"2562032995","2614809906","1"
"2614809906","2562032995","1"
"2562032995","2782785659","0.5"
"2782785659","2562032995","0.5"
"2624093302","2782785659","4.5"
"2782785659","2624093302","4.5"
"2737957875","2754764339","35"
"2754764339","2737957875","35"
"2782785659","2806638253","1"
"2806638253","2782785659","1"
"2806638253","857860336","1"
"857860336","2806638253","1"
