"1022124216","2135411987","21"
"2135411987","1022124216","21"
"1492436955","1519026577","35.5167"
"1519026577","1492436955","35.5167"
"1492436955","1594889758","22.5167"
"1594889758","1492436955","22.5167"
"1492436955","1853234645","25.6833"
"1853234645","1492436955","25.6833"
"1492436955","1944969606","25.6833"
"1944969606","1492436955","25.6833"
"1519026577","1594889758","38.0167"
"1594889758","1519026577","38.0167"
"1519026577","1853234645","80.5167"
"1853234645","1519026577","80.5167"
"1519026577","1944969606","81.5167"
"1944969606","1519026577","81.5167"
"1594889758","1853234645","27.6833"
"1853234645","1594889758","27.6833"
"1594889758","1944969606","27.6833"
"1944969606","1594889758","27.6833"
"1853234645","1944969606","80.5167"
"1944969606","1853234645","80.5167"
"1492436955","1578893963","21.7667"
"1578893963","1492436955","21.7667"
"1519026577","1578893963","23.6"
"1578893963","1519026577","23.6"
"1578893963","1594889758","20.7667"
"1594889758","1578893963","20.7667"
"1578893963","1853234645","22.2667"
"1853234645","1578893963","22.2667"
"1578893963","1944969606","22.2667"
"1944969606","1578893963","22.2667"
"1492436955","2408020692","0.5"
"2408020692","1492436955","0.5"
"1519026577","2408020692","0.5"
"2408020692","1519026577","0.5"
"1492436955","1663917497","0.166667"
"1663917497","1492436955","0.166667"
"1519026577","1663917497","1.16667"
"1663917497","1519026577","1.16667"
"1578893963","1663917497","0.166667"
"1663917497","1578893963","0.166667"
"1594889758","1663917497","0.166667"
"1663917497","1594889758","0.166667"
"1663917497","1853234645","0.166667"
"1853234645","1663917497","0.166667"
"1663917497","1944969606","0.166667"
"1944969606","1663917497","0.166667"
"1492436955","2763188169","0.166667"
"2763188169","1492436955","0.166667"
"1519026577","2763188169","0.166667"
"2763188169","1519026577","0.166667"
"1578893963","2763188169","0.166667"
"2763188169","1578893963","0.166667"
"1594889758","2763188169","0.166667"
"2763188169","1594889758","0.166667"
"1853234645","2763188169","0.166667"
"2763188169","1853234645","0.166667"
"1944969606","2763188169","0.166667"
"2763188169","1944969606","0.166667"
"1519026577","1531065239","2"
"1531065239","1519026577","2"
"1531065239","1944969606","1"
"1944969606","1531065239","1"
"1663917497","2218838124","0.142857"
"2218838124","1663917497","0.142857"
"1663917497","2258334252","0.142857"
"2258334252","1663917497","0.142857"
"1663917497","2284041251","0.142857"
"2284041251","1663917497","0.142857"
"1663917497","2414628408","0.142857"
"2414628408","1663917497","0.142857"
"1663917497","2565666591","0.142857"
"2565666591","1663917497","0.142857"
"1663917497","306838365","0.142857"
"306838365","1663917497","0.142857"
"1663917497","897598568","0.142857"
"897598568","1663917497","0.142857"
"2218838124","2258334252","0.309524"
"2258334252","2218838124","0.309524"
"2218838124","2284041251","0.309524"
"2284041251","2218838124","0.309524"
"2218838124","2414628408","0.309524"
"2414628408","2218838124","0.309524"
"2218838124","2565666591","0.309524"
"2565666591","2218838124","0.309524"
"2218838124","306838365","0.309524"
"306838365","2218838124","0.309524"
"2218838124","897598568","0.309524"
"897598568","2218838124","0.309524"
"2258334252","2284041251","28.9762"
"2284041251","2258334252","28.9762"
"2258334252","2414628408","27.4762"
"2414628408","2258334252","27.4762"
"2258334252","2565666591","27.4762"
"2565666591","2258334252","27.4762"
"2258334252","306838365","27.4762"
"306838365","2258334252","27.4762"
"2258334252","897598568","27.4762"
"897598568","2258334252","27.4762"
"2284041251","2414628408","33.7262"
"2414628408","2284041251","33.7262"
"2284041251","2565666591","46.8929"
"2565666591","2284041251","46.8929"
"2284041251","306838365","46.8929"
"306838365","2284041251","46.8929"
"2284041251","897598568","46.8929"
"897598568","2284041251","46.8929"
"2414628408","2565666591","34.2262"
"2565666591","2414628408","34.2262"
"2414628408","306838365","34.2262"
"306838365","2414628408","34.2262"
"2414628408","897598568","34.2262"
"897598568","2414628408","34.2262"
"2565666591","306838365","47.8929"
"306838365","2565666591","47.8929"
"2565666591","897598568","47.8929"
"897598568","2565666591","47.8929"
"306838365","897598568","47.8929"
"897598568","306838365","47.8929"
"1774228243","1853826234","0.5"
"1853826234","1774228243","0.5"
"1774228243","1929915132","0.5"
"1929915132","1774228243","0.5"
"1853826234","1929915132","73.5"
"1929915132","1853826234","73.5"
"1793686417","1945457482","45.1667"
"1945457482","1793686417","45.1667"
"1793686417","2286185439","19.1667"
"2286185439","1793686417","19.1667"
"1945457482","2286185439","20.1667"
"2286185439","1945457482","20.1667"
"1793686417","2309137735","1.66667"
"2309137735","1793686417","1.66667"
"1945457482","2309137735","1.66667"
"2309137735","1945457482","1.66667"
"2286185439","2309137735","1.66667"
"2309137735","2286185439","1.66667"
"1898016629","2508262185","12"
"2508262185","1898016629","12"
"2258334252","2286582698","2.66667"
"2286582698","2258334252","2.66667"
"2284041251","2286582698","3.16667"
"2286582698","2284041251","3.16667"
"2286582698","2414628408","2.66667"
"2414628408","2286582698","2.66667"
"2286582698","2565666591","3.16667"
"2565666591","2286582698","3.16667"
"2286582698","306838365","3.16667"
"306838365","2286582698","3.16667"
"2286582698","897598568","3.16667"
"897598568","2286582698","3.16667"
"2262446536","2268195210","43"
"2268195210","2262446536","43"
"2398889359","2401139663","10"
"2401139663","2398889359","10"
"967766881","986010928","83"
"986010928","967766881","83"
