"147899424","1559558295","9.44444"
"1559558295","147899424","9.44444"
"147899424","2064011558","1.05882"
"2064011558","147899424","1.05882"
"147899424","1862604959","0.169935"
"1862604959","147899424","0.169935"
"147899424","2048605718","0.169935"
"2048605718","147899424","0.169935"
"147899424","2095573597","0.111111"
"2095573597","147899424","0.111111"
"147899424","2112739182","0.169935"
"2112739182","147899424","0.169935"
"147899424","2171800211","0.169935"
"2171800211","147899424","0.169935"
"147899424","2338279389","0.169935"
"2338279389","147899424","0.169935"
"147899424","2346717690","0.111111"
"2346717690","147899424","0.111111"
"147899424","53588593","0.169935"
"53588593","147899424","0.169935"
"1559558295","1862604959","0.111111"
"1862604959","1559558295","0.111111"
"1559558295","2048605718","0.111111"
"2048605718","1559558295","0.111111"
"1559558295","2095573597","0.444444"
"2095573597","1559558295","0.444444"
"1559558295","2112739182","0.111111"
"2112739182","1559558295","0.111111"
"1559558295","2171800211","0.111111"
"2171800211","1559558295","0.111111"
"1559558295","2338279389","0.111111"
"2338279389","1559558295","0.111111"
"1559558295","2346717690","0.444444"
"2346717690","1559558295","0.444444"
"1559558295","53588593","1.77778"
"53588593","1559558295","1.77778"
"1862604959","2048605718","4.79495"
"2048605718","1862604959","4.79495"
"1862604959","2095573597","1.6091"
"2095573597","1862604959","1.6091"
"1862604959","2112739182","2.88777"
"2112739182","1862604959","2.88777"
"1862604959","2171800211","2.88777"
"2171800211","1862604959","2.88777"
"1862604959","2338279389","9.92272"
"2338279389","1862604959","9.92272"
"1862604959","2346717690","3.20279"
"2346717690","1862604959","3.20279"
"1862604959","53588593","6.97272"
"53588593","1862604959","6.97272"
"2048605718","2095573597","0.942435"
"2095573597","2048605718","0.942435"
"2048605718","2112739182","1.85285"
"2112739182","2048605718","1.85285"
"2048605718","2171800211","1.85285"
"2171800211","2048605718","1.85285"
"2048605718","2338279389","2.37828"
"2338279389","2048605718","2.37828"
"2048605718","2346717690","1.70279"
"2346717690","2048605718","1.70279"
"2048605718","53588593","2.74495"
"53588593","2048605718","2.74495"
"2095573597","2112739182","1.23248"
"2112739182","2095573597","1.23248"
"2095573597","2171800211","1.23248"
"2171800211","2095573597","1.23248"
"2095573597","2338279389","1.6091"
"2338279389","2095573597","1.6091"
"2095573597","2346717690","2.3591"
"2346717690","2095573597","2.3591"
"2095573597","53588593","2.3591"
"53588593","2095573597","2.3591"
"2112739182","2171800211","6.04729"
"2171800211","2112739182","6.04729"
"2112739182","2338279389","3.28777"
"2338279389","2112739182","3.28777"
"2112739182","2346717690","2.16783"
"2346717690","2112739182","2.16783"
"2112739182","53588593","3.78777"
"53588593","2112739182","3.78777"
"2171800211","2338279389","2.78777"
"2338279389","2171800211","2.78777"
"2171800211","2346717690","2.16783"
"2346717690","2171800211","2.16783"
"2171800211","53588593","3.78777"
"53588593","2171800211","3.78777"
"2338279389","2346717690","2.70279"
"2346717690","2338279389","2.70279"
"2338279389","53588593","6.02272"
"53588593","2338279389","6.02272"
"2346717690","53588593","5.60279"
"53588593","2346717690","5.60279"
"147899424","1504634919","0.392157"
"1504634919","147899424","0.392157"
"147899424","1535125298","0.0588235"
"1535125298","147899424","0.0588235"
"147899424","1607955753","0.0588235"
"1607955753","147899424","0.0588235"
"147899424","1977251372","1.39216"
"1977251372","147899424","1.39216"
"147899424","2041027981","0.0588235"
"2041027981","147899424","0.0588235"
"147899424","2104956287","0.0588235"
"2104956287","147899424","0.0588235"
"147899424","2121186966","0.0588235"
"2121186966","147899424","0.0588235"
"147899424","2149445117","0.0588235"
"2149445117","147899424","0.0588235"
"147899424","2154671641","0.0588235"
"2154671641","147899424","0.0588235"
"147899424","2552544708","0.0588235"
"2552544708","147899424","0.0588235"
"1504634919","1535125298","0.158824"
"1535125298","1504634919","0.158824"
"1504634919","1607955753","0.0588235"
"1607955753","1504634919","0.0588235"
"1504634919","1862604959","2.02027"
"1862604959","1504634919","2.02027"
"1504634919","1977251372","12.3029"
"1977251372","1504634919","12.3029"
"1504634919","2041027981","0.283824"
"2041027981","1504634919","0.283824"
"1504634919","2048605718","5.79646"
"2048605718","1504634919","5.79646"
"1504634919","2064011558","1.45168"
"2064011558","1504634919","1.45168"
"1504634919","2104956287","0.235747"
"2104956287","1504634919","0.235747"
"1504634919","2112739182","0.278604"
"2112739182","1504634919","0.278604"
"1504634919","2121186966","0.158824"
"2121186966","1504634919","0.158824"
"1504634919","2149445117","0.408824"
"2149445117","1504634919","0.408824"
"1504634919","2154671641","1.74527"
"2154671641","1504634919","1.74527"
"1504634919","2171800211","0.278604"
"2171800211","1504634919","0.278604"
"1504634919","2338279389","0.703604"
"2338279389","1504634919","0.703604"
"1504634919","2552544708","0.235747"
"2552544708","1504634919","0.235747"
"1504634919","53588593","1.48694"
"53588593","1504634919","1.48694"
"1535125298","1607955753","0.0588235"
"1607955753","1535125298","0.0588235"
"1535125298","1862604959","0.0588235"
"1862604959","1535125298","0.0588235"
"1535125298","1977251372","0.158824"
"1977251372","1535125298","0.158824"
"1535125298","2041027981","0.808824"
"2041027981","1535125298","0.808824"
"1535125298","2048605718","0.158824"
"2048605718","1535125298","0.158824"
"1535125298","2064011558","1.14216"
"2064011558","1535125298","1.14216"
"1535125298","2104956287","0.0588235"
"2104956287","1535125298","0.0588235"
"1535125298","2112739182","0.0588235"
"2112739182","1535125298","0.0588235"
"1535125298","2121186966","1.14216"
"2121186966","1535125298","1.14216"
"1535125298","2149445117","1.14216"
"2149445117","1535125298","1.14216"
"1535125298","2154671641","0.158824"
"2154671641","1535125298","0.158824"
"1535125298","2171800211","0.0588235"
"2171800211","1535125298","0.0588235"
"1535125298","2338279389","0.0588235"
"2338279389","1535125298","0.0588235"
"1535125298","2552544708","0.0588235"
"2552544708","1535125298","0.0588235"
"1535125298","53588593","0.0588235"
"53588593","1535125298","0.0588235"
"1607955753","1862604959","0.0588235"
"1862604959","1607955753","0.0588235"
"1607955753","1977251372","0.0588235"
"1977251372","1607955753","0.0588235"
"1607955753","2041027981","1.05882"
"2041027981","1607955753","1.05882"
"1607955753","2048605718","0.0588235"
"2048605718","1607955753","0.0588235"
"1607955753","2064011558","0.558824"
"2064011558","1607955753","0.558824"
"1607955753","2104956287","0.0588235"
"2104956287","1607955753","0.0588235"
"1607955753","2112739182","0.0588235"
"2112739182","1607955753","0.0588235"
"1607955753","2121186966","0.0588235"
"2121186966","1607955753","0.0588235"
"1607955753","2149445117","0.0588235"
"2149445117","1607955753","0.0588235"
"1607955753","2154671641","0.0588235"
"2154671641","1607955753","0.0588235"
"1607955753","2171800211","0.0588235"
"2171800211","1607955753","0.0588235"
"1607955753","2338279389","0.0588235"
"2338279389","1607955753","0.0588235"
"1607955753","2552544708","0.0588235"
"2552544708","1607955753","0.0588235"
"1607955753","53588593","0.0588235"
"53588593","1607955753","0.0588235"
"1862604959","1977251372","2.36802"
"1977251372","1862604959","2.36802"
"1862604959","2041027981","1.0287"
"2041027981","1862604959","1.0287"
"1862604959","2064011558","0.560844"
"2064011558","1862604959","0.560844"
"1862604959","2104956287","1.98221"
"2104956287","1862604959","1.98221"
"1862604959","2121186966","0.444177"
"2121186966","1862604959","0.444177"
"1862604959","2149445117","0.149733"
"2149445117","1862604959","0.149733"
"1862604959","2154671641","1.51756"
"2154671641","1862604959","1.51756"
"1862604959","2552544708","1.98221"
"2552544708","1862604959","1.98221"
"1977251372","2041027981","0.51759"
"2041027981","1977251372","0.51759"
"1977251372","2048605718","8.14421"
"2048605718","1977251372","8.14421"
"1977251372","2064011558","1.64259"
"2064011558","1977251372","1.64259"
"1977251372","2104956287","0.349733"
"2104956287","1977251372","0.349733"
"1977251372","2112739182","0.39259"
"2112739182","1977251372","0.39259"
"1977251372","2121186966","0.349733"
"2121186966","1977251372","0.349733"
"1977251372","2149445117","0.499733"
"2149445117","1977251372","0.499733"
"1977251372","2154671641","1.95017"
"2154671641","1977251372","1.95017"
"1977251372","2171800211","0.39259"
"2171800211","1977251372","0.39259"
"1977251372","2338279389","0.951356"
"2338279389","1977251372","0.951356"
"1977251372","2552544708","0.349733"
"2552544708","1977251372","0.349733"
"1977251372","53588593","1.73469"
"53588593","1977251372","1.73469"
"2041027981","2048605718","0.51759"
"2048605718","2041027981","0.51759"
"2041027981","2064011558","2.75327"
"2064011558","2041027981","2.75327"
"2041027981","2104956287","0.149733"
"2104956287","2041027981","0.149733"
"2041027981","2112739182","0.260844"
"2112739182","2041027981","0.260844"
"2041027981","2121186966","3.75327"
"2121186966","2041027981","3.75327"
"2041027981","2149445117","2.80882"
"2149445117","2041027981","2.80882"
"2041027981","2154671641","0.249733"
"2154671641","2041027981","0.249733"
"2041027981","2171800211","0.260844"
"2171800211","2041027981","0.260844"
"2041027981","2338279389","1.0287"
"2338279389","2041027981","1.0287"
"2041027981","2552544708","0.149733"
"2552544708","2041027981","0.149733"
"2041027981","53588593","0.528701"
"53588593","2041027981","0.528701"
"2048605718","2064011558","1.22592"
"2064011558","2048605718","1.22592"
"2048605718","2104956287","2.28221"
"2104956287","2048605718","2.28221"
"2048605718","2121186966","0.433066"
"2121186966","2048605718","0.433066"
"2048605718","2149445117","0.749733"
"2149445117","2048605718","0.749733"
"2048605718","2154671641","9.24376"
"2154671641","2048605718","9.24376"
"2048605718","2552544708","2.28221"
"2552544708","2048605718","2.28221"
"2064011558","2104956287","0.158824"
"2104956287","2064011558","0.158824"
"2064011558","2112739182","0.412792"
"2112739182","2064011558","0.412792"
"2064011558","2121186966","4.11084"
"2121186966","2064011558","4.11084"
"2064011558","2149445117","2.8164"
"2149445117","2064011558","2.8164"
"2064011558","2154671641","1.22592"
"2154671641","2064011558","1.22592"
"2064011558","2171800211","0.412792"
"2171800211","2064011558","0.412792"
"2064011558","2338279389","0.260844"
"2338279389","2064011558","0.260844"
"2064011558","2552544708","0.158824"
"2552544708","2064011558","0.158824"
"2064011558","53588593","0.260844"
"53588593","2064011558","0.260844"
"2104956287","2112739182","4.06554"
"2112739182","2104956287","4.06554"
"2104956287","2121186966","0.242157"
"2121186966","2104956287","0.242157"
"2104956287","2149445117","0.0588235"
"2149445117","2104956287","0.0588235"
"2104956287","2154671641","1.14332"
"2154671641","2104956287","1.14332"
"2104956287","2171800211","4.56554"
"2171800211","2104956287","4.56554"
"2104956287","2338279389","1.88221"
"2338279389","2104956287","1.88221"
"2104956287","2552544708","14.8322"
"2552544708","2104956287","14.8322"
"2104956287","53588593","4.38221"
"53588593","2104956287","4.38221"
"2112739182","2121186966","0.353268"
"2121186966","2112739182","0.353268"
"2112739182","2149445117","0.0588235"
"2149445117","2112739182","0.0588235"
"2112739182","2154671641","0.852846"
"2154671641","2112739182","0.852846"
"2112739182","2552544708","4.56554"
"2552544708","2112739182","4.56554"
"2121186966","2149445117","5.0664"
"2149445117","2121186966","5.0664"
"2121186966","2154671641","0.433066"
"2154671641","2121186966","0.433066"
"2121186966","2171800211","0.353268"
"2171800211","2121186966","0.353268"
"2121186966","2338279389","0.344177"
"2338279389","2121186966","0.344177"
"2121186966","2552544708","0.242157"
"2552544708","2121186966","0.242157"
"2121186966","53588593","0.344177"
"53588593","2121186966","0.344177"
"2149445117","2154671641","0.249733"
"2154671641","2149445117","0.249733"
"2149445117","2171800211","0.0588235"
"2171800211","2149445117","0.0588235"
"2149445117","2338279389","0.149733"
"2338279389","2149445117","0.149733"
"2149445117","2552544708","0.0588235"
"2552544708","2149445117","0.0588235"
"2149445117","53588593","0.149733"
"53588593","2149445117","0.149733"
"2154671641","2171800211","0.852846"
"2171800211","2154671641","0.852846"
"2154671641","2338279389","1.01756"
"2338279389","2154671641","1.01756"
"2154671641","2552544708","1.14332"
"2552544708","2154671641","1.14332"
"2154671641","53588593","1.21756"
"53588593","2154671641","1.21756"
"2171800211","2552544708","4.56554"
"2552544708","2171800211","4.56554"
"2338279389","2552544708","2.38221"
"2552544708","2338279389","2.38221"
"2552544708","53588593","3.04888"
"53588593","2552544708","3.04888"
"1504634919","1559558295","0.333333"
"1559558295","1504634919","0.333333"
"1559558295","1977251372","0.333333"
"1977251372","1559558295","0.333333"
"1504634919","1866147697","0.51978"
"1866147697","1504634919","0.51978"
"1866147697","1977251372","0.533766"
"1977251372","1866147697","0.533766"
"1866147697","2048605718","1.94402"
"2048605718","1866147697","1.94402"
"1866147697","2064011558","3.60043"
"2064011558","1866147697","3.60043"
"1866147697","2112739182","0.21978"
"2112739182","1866147697","0.21978"
"1866147697","2154671641","0.944023"
"2154671641","1866147697","0.944023"
"1866147697","2171800211","0.21978"
"2171800211","1866147697","0.21978"
"1504634919","2157875888","1.20833"
"2157875888","1504634919","1.20833"
"1504634919","2346717690","0.44478"
"2346717690","1504634919","0.44478"
"1862604959","2157875888","0.319444"
"2157875888","1862604959","0.319444"
"1977251372","2157875888","1.20833"
"2157875888","1977251372","1.20833"
"1977251372","2346717690","0.692532"
"2346717690","1977251372","0.692532"
"2041027981","2157875888","0.736111"
"2157875888","2041027981","0.736111"
"2041027981","2346717690","0.358766"
"2346717690","2041027981","0.358766"
"2048605718","2157875888","0.541667"
"2157875888","2048605718","0.541667"
"2157875888","2338279389","0.319444"
"2338279389","2157875888","0.319444"
"2157875888","2346717690","0.208333"
"2346717690","2157875888","0.208333"
"2157875888","53588593","0.319444"
"53588593","2157875888","0.319444"
"1504634919","2095573597","0.21978"
"2095573597","1504634919","0.21978"
"1504634919","2117307660","0.276923"
"2117307660","1504634919","0.276923"
"1862604959","1866147697","0.167832"
"1866147697","1862604959","0.167832"
"1862604959","2117307660","0.782479"
"2117307660","1862604959","0.782479"
"1866147697","2095573597","0.167832"
"2095573597","1866147697","0.167832"
"1866147697","2104956287","0.0769231"
"2104956287","1866147697","0.0769231"
"1866147697","2117307660","0.176923"
"2117307660","1866147697","0.176923"
"1866147697","2338279389","0.167832"
"2338279389","1866147697","0.167832"
"1866147697","2346717690","0.167832"
"2346717690","1866147697","0.167832"
"1866147697","2552544708","0.0769231"
"2552544708","1866147697","0.0769231"
"1866147697","53588593","0.167832"
"53588593","1866147697","0.167832"
"2048605718","2117307660","2.07137"
"2117307660","2048605718","2.07137"
"2095573597","2104956287","0.704701"
"2104956287","2095573597","0.704701"
"2095573597","2117307660","0.0769231"
"2117307660","2095573597","0.0769231"
"2095573597","2154671641","0.434499"
"2154671641","2095573597","0.434499"
"2095573597","2552544708","0.704701"
"2552544708","2095573597","0.704701"
"2104956287","2117307660","2.3047"
"2117307660","2104956287","2.3047"
"2104956287","2346717690","1.49005"
"2346717690","2104956287","1.49005"
"2112739182","2117307660","0.682479"
"2117307660","2112739182","0.682479"
"2117307660","2154671641","0.460256"
"2154671641","2117307660","0.460256"
"2117307660","2171800211","0.682479"
"2171800211","2117307660","0.682479"
"2117307660","2338279389","0.682479"
"2338279389","2117307660","0.682479"
"2117307660","2346717690","0.371368"
"2346717690","2117307660","0.371368"
"2117307660","2552544708","0.471368"
"2552544708","2117307660","0.471368"
"2117307660","53588593","1.01581"
"53588593","2117307660","1.01581"
"2154671641","2346717690","0.958741"
"2346717690","2154671641","0.958741"
"2346717690","2552544708","1.49005"
"2552544708","2346717690","1.49005"
"1977251372","2095573597","0.376623"
"2095573597","1977251372","0.376623"
"1535125298","1866147697","0.5"
"1866147697","1535125298","0.5"
"1535125298","2117307660","0.1"
"2117307660","1535125298","0.1"
"1866147697","2041027981","1.33333"
"2041027981","1866147697","1.33333"
"1866147697","2121186966","1.42424"
"2121186966","1866147697","1.42424"
"1866147697","2149445117","0.590909"
"2149445117","1866147697","0.590909"
"1977251372","2117307660","0.3"
"2117307660","1977251372","0.3"
"2041027981","2117307660","0.211111"
"2117307660","2041027981","0.211111"
"2064011558","2117307660","0.644444"
"2117307660","2064011558","0.644444"
"2117307660","2121186966","1.22778"
"2121186966","2117307660","1.22778"
"2117307660","2149445117","1.43333"
"2149445117","2117307660","1.43333"
"2064011558","2157875888","1.36111"
"2157875888","2064011558","1.36111"
"2149445117","2157875888","0.25"
"2157875888","2149445117","0.25"
"1559558295","2104956287","2.83333"
"2104956287","1559558295","2.83333"
"1559558295","2117307660","1.83333"
"2117307660","1559558295","1.83333"
"1559558295","2157875888","1"
"2157875888","1559558295","1"
"1607955753","2157875888","0.5"
"2157875888","1607955753","0.5"
"2112739182","2157875888","0.194444"
"2157875888","2112739182","0.194444"
"2117307660","2157875888","0.194444"
"2157875888","2117307660","0.194444"
"2121186966","2157875888","0.194444"
"2157875888","2121186966","0.194444"
"2157875888","2171800211","0.194444"
"2171800211","2157875888","0.194444"
"2041027981","2095573597","0.142857"
"2095573597","2041027981","0.142857"
"2064011558","2095573597","0.0909091"
"2095573597","2064011558","0.0909091"
"2064011558","2346717690","0.0909091"
"2346717690","2064011558","0.0909091"
"2095573597","2121186966","0.0909091"
"2121186966","2095573597","0.0909091"
"2095573597","2149445117","0.0909091"
"2149445117","2095573597","0.0909091"
"2121186966","2346717690","0.174242"
"2346717690","2121186966","0.174242"
"2149445117","2346717690","0.0909091"
"2346717690","2149445117","0.0909091"
"2104956287","2157875888","0.0833333"
"2157875888","2104956287","0.0833333"
"2154671641","2157875888","0.0833333"
"2157875888","2154671641","0.0833333"
"2157875888","2552544708","0.0833333"
"2552544708","2157875888","0.0833333"
"1866147697","2157875888","1"
"2157875888","1866147697","1"
