"120923251","2030858754","14.8333"
"2030858754","120923251","14.8333"
"120923251","2093763734","0.25"
"2093763734","120923251","0.25"
"120923251","2104096803","0.25"
"2104096803","120923251","0.25"
"120923251","2406463415","0.25"
"2406463415","120923251","0.25"
"2030858754","2093763734","0.25"
"2093763734","2030858754","0.25"
"2030858754","2104096803","0.25"
"2104096803","2030858754","0.25"
"2030858754","2406463415","0.25"
"2406463415","2030858754","0.25"
"2093763734","2104096803","0.25"
"2104096803","2093763734","0.25"
"2093763734","2406463415","28.75"
"2406463415","2093763734","28.75"
"2104096803","2406463415","0.25"
"2406463415","2104096803","0.25"
"120923251","2078417425","1.2"
"2078417425","120923251","1.2"
"120923251","1969074557","0.95"
"1969074557","120923251","0.95"
"120923251","2004446368","0.2"
"2004446368","120923251","0.2"
"120923251","2040431736","2.78333"
"2040431736","120923251","2.78333"
"120923251","2276979642","1.03333"
"2276979642","120923251","1.03333"
"1969074557","2004446368","14.5333"
"2004446368","1969074557","14.5333"
"1969074557","2040431736","2.39444"
"2040431736","1969074557","2.39444"
"1969074557","2078417425","0.311111"
"2078417425","1969074557","0.311111"
"1969074557","2276979642","0.2"
"2276979642","1969074557","0.2"
"2004446368","2040431736","1.03333"
"2040431736","2004446368","1.03333"
"2004446368","2078417425","0.2"
"2078417425","2004446368","0.2"
"2004446368","2276979642","0.2"
"2276979642","2004446368","0.2"
"2040431736","2078417425","0.311111"
"2078417425","2040431736","0.311111"
"2040431736","2276979642","1.2"
"2276979642","2040431736","1.2"
"2078417425","2276979642","1.2"
"2276979642","2078417425","1.2"
"2030858754","2276979642","0.833333"
"2276979642","2030858754","0.833333"
"120923251","2292748392","0.25"
"2292748392","120923251","0.25"
"1969074557","2030858754","0.75"
"2030858754","1969074557","0.75"
"1969074557","2292748392","0.25"
"2292748392","1969074557","0.25"
"2030858754","2040431736","0.583333"
"2040431736","2030858754","0.583333"
"2030858754","2292748392","0.25"
"2292748392","2030858754","0.25"
"2040431736","2292748392","0.25"
"2292748392","2040431736","0.25"
"120923251","84941226","0.333333"
"84941226","120923251","0.333333"
"2030858754","84941226","0.333333"
"84941226","2030858754","0.333333"
"2276979642","84941226","1.83333"
"84941226","2276979642","1.83333"
"120923251","2152092365","0.333333"
"2152092365","120923251","0.333333"
"2030858754","2152092365","2.33333"
"2152092365","2030858754","2.33333"
"2040431736","2152092365","1.33333"
"2152092365","2040431736","1.33333"
"120923251","2188731906","1.16667"
"2188731906","120923251","1.16667"
"2030858754","2188731906","1.16667"
"2188731906","2030858754","1.16667"
"120923251","1989598342","0.5"
"1989598342","120923251","0.5"
"1989598342","2030858754","0.5"
"2030858754","1989598342","0.5"
"120923251","2071530078","0.666667"
"2071530078","120923251","0.666667"
"2030858754","2071530078","0.666667"
"2071530078","2030858754","0.666667"
"2071530078","2188731906","5.66667"
"2188731906","2071530078","5.66667"
"1490771820","1675329038","12.204"
"1675329038","1490771820","12.204"
"1490771820","1899613944","0.25"
"1899613944","1490771820","0.25"
"1490771820","1989598342","1.25"
"1989598342","1490771820","1.25"
"1490771820","2124185432","2.0373"
"2124185432","1490771820","2.0373"
"1675329038","1899613944","0.25"
"1899613944","1675329038","0.25"
"1675329038","1989598342","0.25"
"1989598342","1675329038","0.25"
"1675329038","2124185432","2.0373"
"2124185432","1675329038","2.0373"
"1899613944","1989598342","0.25"
"1989598342","1899613944","0.25"
"1899613944","2124185432","0.25"
"2124185432","1899613944","0.25"
"1989598342","2124185432","0.25"
"2124185432","1989598342","0.25"
"1490771820","178801021","1.11111"
"178801021","1490771820","1.11111"
"1490771820","2188731906","2.30952"
"2188731906","1490771820","2.30952"
"1675329038","2188731906","2.05952"
"2188731906","1675329038","2.05952"
"1490771820","2074919163","2.09286"
"2074919163","1490771820","2.09286"
"1490771820","2087423941","1.00397"
"2087423941","1490771820","1.00397"
"1490771820","2098384969","0.870635"
"2098384969","1490771820","0.870635"
"1675329038","2074919163","1.84286"
"2074919163","1675329038","1.84286"
"1675329038","2087423941","1.25397"
"2087423941","1675329038","1.25397"
"1675329038","2098384969","0.870635"
"2098384969","1675329038","0.870635"
"2074919163","2087423941","2.26905"
"2087423941","2074919163","2.26905"
"2074919163","2098384969","3.16905"
"2098384969","2074919163","3.16905"
"2087423941","2098384969","17.7968"
"2098384969","2087423941","17.7968"
"1490771820","2074963925","0.611111"
"2074963925","1490771820","0.611111"
"1490771820","2100034576","0.361111"
"2100034576","1490771820","0.361111"
"2074919163","2074963925","2.875"
"2074963925","2074919163","2.875"
"2074919163","2100034576","2.60119"
"2100034576","2074919163","2.60119"
"2074919163","2124185432","15.294"
"2124185432","2074919163","15.294"
"2074963925","2100034576","8.26944"
"2100034576","2074963925","8.26944"
"2074963925","2124185432","8.76944"
"2124185432","2074963925","8.76944"
"2100034576","2124185432","13.9956"
"2124185432","2100034576","13.9956"
"1490771820","1555820810","0.333333"
"1555820810","1490771820","0.333333"
"1490771820","2140893402","0.333333"
"2140893402","1490771820","0.333333"
"1555820810","1675329038","0.333333"
"1675329038","1555820810","0.333333"
"1555820810","2140893402","9.03333"
"2140893402","1555820810","9.03333"
"1675329038","2140893402","0.333333"
"2140893402","1675329038","0.333333"
"1490771820","2096452207","0.453968"
"2096452207","1490771820","0.453968"
"1675329038","2096452207","0.453968"
"2096452207","1675329038","0.453968"
"2074919163","2096452207","12.6274"
"2096452207","2074919163","12.6274"
"2096452207","2098384969","2.53016"
"2098384969","2096452207","2.53016"
"2096452207","2124185432","11.4885"
"2124185432","2096452207","11.4885"
"2098384969","2124185432","21.2802"
"2124185432","2098384969","21.2802"
"2074919163","2188731906","0.72619"
"2188731906","2074919163","0.72619"
"2087423941","2096452207","2.79683"
"2096452207","2087423941","2.79683"
"2087423941","2124185432","16.7968"
"2124185432","2087423941","16.7968"
"2087423941","2188731906","0.559524"
"2188731906","2087423941","0.559524"
"2096452207","2188731906","0.142857"
"2188731906","2096452207","0.142857"
"2098384969","2188731906","0.309524"
"2188731906","2098384969","0.309524"
"2124185432","2188731906","0.809524"
"2188731906","2124185432","0.809524"
"1490771820","2011185671","0.166667"
"2011185671","1490771820","0.166667"
"1675329038","2011185671","0.416667"
"2011185671","1675329038","0.416667"
"2011185671","2087423941","0.416667"
"2087423941","2011185671","0.416667"
"2011185671","2098384969","0.366667"
"2098384969","2011185671","0.366667"
"2011185671","2124185432","0.816667"
"2124185432","2011185671","0.816667"
"2011185671","2188731906","0.416667"
"2188731906","2011185671","0.416667"
"1675329038","2074963925","0.361111"
"2074963925","1675329038","0.361111"
"1490771820","2085733527","0.5"
"2085733527","1490771820","0.5"
"2085733527","2188731906","1.08333"
"2188731906","2085733527","1.08333"
"1490771820","2292748392","0.111111"
"2292748392","1490771820","0.111111"
"1675329038","178801021","0.111111"
"178801021","1675329038","0.111111"
"1675329038","2100034576","0.111111"
"2100034576","1675329038","0.111111"
"1675329038","2292748392","0.111111"
"2292748392","1675329038","0.111111"
"178801021","2074963925","0.236111"
"2074963925","178801021","0.236111"
"178801021","2087423941","0.111111"
"2087423941","178801021","0.111111"
"178801021","2096452207","0.236111"
"2096452207","178801021","0.236111"
"178801021","2098384969","0.111111"
"2098384969","178801021","0.111111"
"178801021","2100034576","0.236111"
"2100034576","178801021","0.236111"
"178801021","2124185432","0.236111"
"2124185432","178801021","0.236111"
"178801021","2292748392","5.43611"
"2292748392","178801021","5.43611"
"2074963925","2087423941","0.111111"
"2087423941","2074963925","0.111111"
"2074963925","2096452207","2.48611"
"2096452207","2074963925","2.48611"
"2074963925","2098384969","0.111111"
"2098384969","2074963925","0.111111"
"2074963925","2292748392","0.236111"
"2292748392","2074963925","0.236111"
"2087423941","2100034576","0.253968"
"2100034576","2087423941","0.253968"
"2087423941","2292748392","0.111111"
"2292748392","2087423941","0.111111"
"2096452207","2100034576","2.4623"
"2100034576","2096452207","2.4623"
"2096452207","2292748392","0.236111"
"2292748392","2096452207","0.236111"
"2098384969","2100034576","0.253968"
"2100034576","2098384969","0.253968"
"2098384969","2292748392","0.611111"
"2292748392","2098384969","0.611111"
"2100034576","2292748392","0.236111"
"2292748392","2100034576","0.236111"
"2124185432","2292748392","0.736111"
"2292748392","2124185432","0.736111"
"1545958326","1899613944","0.333333"
"1899613944","1545958326","0.333333"
"1545958326","2111434316","0.333333"
"2111434316","1545958326","0.333333"
"1545958326","2188731906","0.333333"
"2188731906","1545958326","0.333333"
"1899613944","2111434316","0.333333"
"2111434316","1899613944","0.333333"
"1899613944","2188731906","0.333333"
"2188731906","1899613944","0.333333"
"2111434316","2188731906","0.333333"
"2188731906","2111434316","0.333333"
"1545958326","2074963925","1.16667"
"2074963925","1545958326","1.16667"
"1545958326","2074919163","0.366667"
"2074919163","1545958326","0.366667"
"1545958326","2087423941","0.2"
"2087423941","1545958326","0.2"
"1545958326","2096452207","0.366667"
"2096452207","1545958326","0.366667"
"1545958326","2098384969","1.2"
"2098384969","1545958326","1.2"
"1545958326","2124185432","0.366667"
"2124185432","1545958326","0.366667"
"1545958326","2085733527","0.166667"
"2085733527","1545958326","0.166667"
"1545958326","2118848936","0.166667"
"2118848936","1545958326","0.166667"
"2074919163","2085733527","1.09286"
"2085733527","2074919163","1.09286"
"2074919163","2118848936","3.88452"
"2118848936","2074919163","3.88452"
"2074963925","2085733527","0.166667"
"2085733527","2074963925","0.166667"
"2074963925","2118848936","1.54167"
"2118848936","2074963925","1.54167"
"2085733527","2096452207","0.509524"
"2096452207","2085733527","0.509524"
"2085733527","2118848936","0.309524"
"2118848936","2085733527","0.309524"
"2085733527","2124185432","1.25952"
"2124185432","2085733527","1.25952"
"2096452207","2118848936","3.88452"
"2118848936","2096452207","3.88452"
"2118848936","2124185432","6.63452"
"2124185432","2118848936","6.63452"
"1555820810","2100034576","0.7"
"2100034576","1555820810","0.7"
"2100034576","2140893402","0.7"
"2140893402","2100034576","0.7"
"1555820810","2011185671","0.2"
"2011185671","1555820810","0.2"
"1555820810","2074963925","0.2"
"2074963925","1555820810","0.2"
"1555820810","2124185432","0.2"
"2124185432","1555820810","0.2"
"2011185671","2074963925","0.2"
"2074963925","2011185671","0.2"
"2011185671","2100034576","0.2"
"2100034576","2011185671","0.2"
"2011185671","2140893402","0.2"
"2140893402","2011185671","0.2"
"2074963925","2140893402","0.2"
"2140893402","2074963925","0.2"
"2124185432","2140893402","0.2"
"2140893402","2124185432","0.2"
"1555820810","2015558695","2"
"2015558695","1555820810","2"
"1555820810","2070900839","1"
"2070900839","1555820810","1"
"1555820810","2041836242","0.5"
"2041836242","1555820810","0.5"
"1555820810","2406463415","0.5"
"2406463415","1555820810","0.5"
"2041836242","2406463415","15.004"
"2406463415","2041836242","15.004"
"1555820810","178801021","0.333333"
"178801021","1555820810","0.333333"
"1555820810","2005551264","0.333333"
"2005551264","1555820810","0.333333"
"1555820810","2292748392","0.333333"
"2292748392","1555820810","0.333333"
"178801021","2005551264","5.825"
"2005551264","178801021","5.825"
"2005551264","2292748392","8.99167"
"2292748392","2005551264","8.99167"
"178801021","187807889","0.783333"
"187807889","178801021","0.783333"
"178801021","2188731906","0.95"
"2188731906","178801021","0.95"
"187807889","2005551264","1.78333"
"2005551264","187807889","1.78333"
"187807889","2188731906","14.2"
"2188731906","187807889","14.2"
"187807889","2292748392","3.95"
"2292748392","187807889","3.95"
"2005551264","2188731906","2.28333"
"2188731906","2005551264","2.28333"
"2188731906","2292748392","3.61667"
"2292748392","2188731906","3.61667"
"178801021","2074919163","0.125"
"2074919163","178801021","0.125"
"178801021","2118848936","0.125"
"2118848936","178801021","0.125"
"2005551264","2074919163","0.458333"
"2074919163","2005551264","0.458333"
"2005551264","2074963925","0.125"
"2074963925","2005551264","0.125"
"2005551264","2096452207","0.125"
"2096452207","2005551264","0.125"
"2005551264","2100034576","0.125"
"2100034576","2005551264","0.125"
"2005551264","2118848936","0.125"
"2118848936","2005551264","0.125"
"2005551264","2124185432","0.125"
"2124185432","2005551264","0.125"
"2074919163","2292748392","0.125"
"2292748392","2074919163","0.125"
"2100034576","2118848936","1.51786"
"2118848936","2100034576","1.51786"
"2118848936","2292748392","0.125"
"2292748392","2118848936","0.125"
"178801021","2085733527","0.333333"
"2085733527","178801021","0.333333"
"2005551264","2085733527","1.16667"
"2085733527","2005551264","1.16667"
"2085733527","2292748392","3.83333"
"2292748392","2085733527","3.83333"
"178801021","1985733318","1.45"
"1985733318","178801021","1.45"
"187807889","1985733318","0.533333"
"1985733318","187807889","0.533333"
"1985733318","2005551264","1.28333"
"2005551264","1985733318","1.28333"
"1985733318","2188731906","0.533333"
"2188731906","1985733318","0.533333"
"1985733318","2292748392","19.45"
"2292748392","1985733318","19.45"
"178801021","2093763734","0.25"
"2093763734","178801021","0.25"
"1985733318","2093763734","0.25"
"2093763734","1985733318","0.25"
"2005551264","2093763734","0.25"
"2093763734","2005551264","0.25"
"2093763734","2292748392","0.25"
"2292748392","2093763734","0.25"
"187807889","2074919163","0.25"
"2074919163","187807889","0.25"
"187807889","2085733527","0.25"
"2085733527","187807889","0.25"
"187807889","2124185432","0.25"
"2124185432","187807889","0.25"
"1969074557","2025017365","0.611111"
"2025017365","1969074557","0.611111"
"2004446368","2025017365","0.5"
"2025017365","2004446368","0.5"
"1969074557","1989598342","0.111111"
"1989598342","1969074557","0.111111"
"1969074557","2041836242","0.111111"
"2041836242","1969074557","0.111111"
"1969074557","2070900839","0.111111"
"2070900839","1969074557","0.111111"
"1969074557","2162693768","0.111111"
"2162693768","1969074557","0.111111"
"1969074557","2406463415","0.111111"
"2406463415","1969074557","0.111111"
"1969074557","2766542353","0.111111"
"2766542353","1969074557","0.111111"
"1989598342","2025017365","0.111111"
"2025017365","1989598342","0.111111"
"1989598342","2040431736","0.111111"
"2040431736","1989598342","0.111111"
"1989598342","2041836242","0.277778"
"2041836242","1989598342","0.277778"
"1989598342","2070900839","0.111111"
"2070900839","1989598342","0.111111"
"1989598342","2078417425","0.611111"
"2078417425","1989598342","0.611111"
"1989598342","2162693768","0.611111"
"2162693768","1989598342","0.611111"
"1989598342","2406463415","0.277778"
"2406463415","1989598342","0.277778"
"1989598342","2766542353","1.27778"
"2766542353","1989598342","1.27778"
"2025017365","2040431736","0.111111"
"2040431736","2025017365","0.111111"
"2025017365","2041836242","0.111111"
"2041836242","2025017365","0.111111"
"2025017365","2070900839","0.361111"
"2070900839","2025017365","0.361111"
"2025017365","2078417425","1.11111"
"2078417425","2025017365","1.11111"
"2025017365","2162693768","0.111111"
"2162693768","2025017365","0.111111"
"2025017365","2406463415","0.111111"
"2406463415","2025017365","0.111111"
"2025017365","2766542353","0.365079"
"2766542353","2025017365","0.365079"
"2040431736","2041836242","0.444444"
"2041836242","2040431736","0.444444"
"2040431736","2070900839","1.11111"
"2070900839","2040431736","1.11111"
"2040431736","2162693768","0.111111"
"2162693768","2040431736","0.111111"
"2040431736","2406463415","0.111111"
"2406463415","2040431736","0.111111"
"2040431736","2766542353","0.444444"
"2766542353","2040431736","0.444444"
"2041836242","2070900839","0.111111"
"2070900839","2041836242","0.111111"
"2041836242","2078417425","0.944444"
"2078417425","2041836242","0.944444"
"2041836242","2162693768","0.111111"
"2162693768","2041836242","0.111111"
"2041836242","2766542353","1.75397"
"2766542353","2041836242","1.75397"
"2070900839","2078417425","0.111111"
"2078417425","2070900839","0.111111"
"2070900839","2162693768","0.361111"
"2162693768","2070900839","0.361111"
"2070900839","2406463415","0.111111"
"2406463415","2070900839","0.111111"
"2070900839","2766542353","0.361111"
"2766542353","2070900839","0.361111"
"2078417425","2162693768","0.111111"
"2162693768","2078417425","0.111111"
"2078417425","2406463415","0.944444"
"2406463415","2078417425","0.944444"
"2078417425","2766542353","1.44444"
"2766542353","2078417425","1.44444"
"2162693768","2406463415","0.111111"
"2406463415","2162693768","0.111111"
"2162693768","2766542353","0.361111"
"2766542353","2162693768","0.361111"
"2406463415","2766542353","0.420635"
"2766542353","2406463415","0.420635"
"1969074557","2531970759","0.333333"
"2531970759","1969074557","0.333333"
"2004446368","2531970759","0.333333"
"2531970759","2004446368","0.333333"
"2040431736","2531970759","0.333333"
"2531970759","2040431736","0.333333"
"1970567146","1989598342","0.166667"
"1989598342","1970567146","0.166667"
"1970567146","2041836242","1.30952"
"2041836242","1970567146","1.30952"
"1970567146","2093763734","0.166667"
"2093763734","1970567146","0.166667"
"1970567146","2406463415","0.309524"
"2406463415","1970567146","0.309524"
"1970567146","2600948643","0.309524"
"2600948643","1970567146","0.309524"
"1970567146","2766542353","0.309524"
"2766542353","1970567146","0.309524"
"1989598342","2093763734","0.166667"
"2093763734","1989598342","0.166667"
"1989598342","2600948643","0.166667"
"2600948643","1989598342","0.166667"
"2041836242","2093763734","2.5"
"2093763734","2041836242","2.5"
"2041836242","2600948643","0.309524"
"2600948643","2041836242","0.309524"
"2093763734","2600948643","0.166667"
"2600948643","2093763734","0.166667"
"2093763734","2766542353","0.166667"
"2766542353","2093763734","0.166667"
"2406463415","2600948643","0.309524"
"2600948643","2406463415","0.309524"
"2600948643","2766542353","0.884524"
"2766542353","2600948643","0.884524"
"1970567146","2599578646","0.142857"
"2599578646","1970567146","0.142857"
"1970567146","2780289003","0.142857"
"2780289003","1970567146","0.142857"
"1970567146","2805972420","0.142857"
"2805972420","1970567146","0.142857"
"2041836242","2599578646","0.142857"
"2599578646","2041836242","0.142857"
"2041836242","2780289003","0.142857"
"2780289003","2041836242","0.142857"
"2041836242","2805972420","0.142857"
"2805972420","2041836242","0.142857"
"2406463415","2599578646","0.142857"
"2599578646","2406463415","0.142857"
"2406463415","2780289003","0.842857"
"2780289003","2406463415","0.842857"
"2406463415","2805972420","0.142857"
"2805972420","2406463415","0.142857"
"2599578646","2600948643","0.142857"
"2600948643","2599578646","0.142857"
"2599578646","2766542353","0.253968"
"2766542353","2599578646","0.253968"
"2599578646","2780289003","1.17619"
"2780289003","2599578646","1.17619"
"2599578646","2805972420","0.142857"
"2805972420","2599578646","0.142857"
"2600948643","2780289003","0.342857"
"2780289003","2600948643","0.342857"
"2600948643","2805972420","0.267857"
"2805972420","2600948643","0.267857"
"2766542353","2780289003","0.842857"
"2780289003","2766542353","0.842857"
"2766542353","2805972420","2.76786"
"2805972420","2766542353","2.76786"
"2780289003","2805972420","0.142857"
"2805972420","2780289003","0.142857"
"1983850353","2108459510","2"
"2108459510","1983850353","2"
"1983850353","2074963925","0.333333"
"2074963925","1983850353","0.333333"
"1983850353","2100034576","0.333333"
"2100034576","1983850353","0.333333"
"1983850353","2124185432","0.333333"
"2124185432","1983850353","0.333333"
"1983850353","2749414669","1"
"2749414669","1983850353","1"
"1985733318","2765671202","0.5"
"2765671202","1985733318","0.5"
"2292748392","2765671202","0.5"
"2765671202","2292748392","0.5"
"1989598342","2276979642","1"
"2276979642","1989598342","1"
"1989598342","2531970759","0.5"
"2531970759","1989598342","0.5"
"2276979642","2531970759","7.25"
"2531970759","2276979642","7.25"
"1989598342","2292748392","0.5"
"2292748392","1989598342","0.5"
"2078417425","2292748392","0.5"
"2292748392","2078417425","0.5"
"2162693768","2276979642","3.75"
"2276979642","2162693768","3.75"
"2004446368","2008704879","1"
"2008704879","2004446368","1"
"2008704879","2765671202","0.333333"
"2765671202","2008704879","0.333333"
"2008704879","2774169481","1.61667"
"2774169481","2008704879","1.61667"
"2008704879","2799156008","2.61667"
"2799156008","2008704879","2.61667"
"2765671202","2774169481","0.533333"
"2774169481","2765671202","0.533333"
"2765671202","2799156008","0.533333"
"2799156008","2765671202","0.533333"
"2774169481","2799156008","27.525"
"2799156008","2774169481","27.525"
"2008704879","2766542353","9.2"
"2766542353","2008704879","9.2"
"2008704879","2533817413","4.03333"
"2533817413","2008704879","4.03333"
"2766542353","2774169481","16.275"
"2774169481","2766542353","16.275"
"2766542353","2799156008","18.475"
"2799156008","2766542353","18.475"
"2008704879","2917924661","0.583333"
"2917924661","2008704879","0.583333"
"2008704879","2984971239","1.58333"
"2984971239","2008704879","1.58333"
"2766542353","2917924661","2.49167"
"2917924661","2766542353","2.49167"
"2766542353","2984971239","6.49167"
"2984971239","2766542353","6.49167"
"2917924661","2984971239","32.4083"
"2984971239","2917924661","32.4083"
"2008704879","2766332962","0.2"
"2766332962","2008704879","0.2"
"2533817413","2766332962","0.2"
"2766332962","2533817413","0.2"
"2533817413","2766542353","3.14167"
"2766542353","2533817413","3.14167"
"2533817413","2774169481","1.35833"
"2774169481","2533817413","1.35833"
"2533817413","2799156008","1.55833"
"2799156008","2533817413","1.55833"
"2766332962","2766542353","0.783333"
"2766542353","2766332962","0.783333"
"2766332962","2774169481","1.28333"
"2774169481","2766332962","1.28333"
"2766332962","2799156008","1.28333"
"2799156008","2766332962","1.28333"
"2774169481","2917924661","1.04167"
"2917924661","2774169481","1.04167"
"2774169481","2984971239","1.04167"
"2984971239","2774169481","1.04167"
"2799156008","2917924661","1.74167"
"2917924661","2799156008","1.74167"
"2799156008","2984971239","1.74167"
"2984971239","2799156008","1.74167"
"2008704879","2078417425","0.333333"
"2078417425","2008704879","0.333333"
"2078417425","2533817413","0.333333"
"2533817413","2078417425","0.333333"
"2008704879","2152092365","0.5"
"2152092365","2008704879","0.5"
"2152092365","2766542353","1.5"
"2766542353","2152092365","1.5"
"2011185671","2074919163","0.2"
"2074919163","2011185671","0.2"
"2011185671","2096452207","0.2"
"2096452207","2011185671","0.2"
"2011185671","2118848936","0.2"
"2118848936","2011185671","0.2"
"2098384969","2118848936","0.342857"
"2118848936","2098384969","0.342857"
"2015558695","2070900839","1"
"2070900839","2015558695","1"
"2025017365","3005100276","1.75397"
"3005100276","2025017365","1.75397"
"2025017365","2906347220","2.0873"
"2906347220","2025017365","2.0873"
"2025017365","2531970759","1.64286"
"2531970759","2025017365","1.64286"
"2025017365","2600871181","0.361111"
"2600871181","2025017365","0.361111"
"2025017365","2752019414","1.69444"
"2752019414","2025017365","1.69444"
"2025017365","2780289003","0.583333"
"2780289003","2025017365","0.583333"
"2600871181","2752019414","6.32063"
"2752019414","2600871181","6.32063"
"2600871181","2780289003","8.94286"
"2780289003","2600871181","8.94286"
"2600871181","2906347220","6.27064"
"2906347220","2600871181","6.27064"
"2752019414","2780289003","6.24286"
"2780289003","2752019414","6.24286"
"2752019414","2906347220","2.32063"
"2906347220","2752019414","2.32063"
"2780289003","2906347220","4.40952"
"2906347220","2780289003","4.40952"
"2025017365","2048715902","1.17063"
"2048715902","2025017365","1.17063"
"2025017365","2130003231","1.61111"
"2130003231","2025017365","1.61111"
"2025017365","2489796857","0.253968"
"2489796857","2025017365","0.253968"
"2025017365","2599578646","0.111111"
"2599578646","2025017365","0.111111"
"2048715902","2130003231","1.94444"
"2130003231","2048715902","1.94444"
"2048715902","2489796857","2.93016"
"2489796857","2048715902","2.93016"
"2048715902","2599578646","0.111111"
"2599578646","2048715902","0.111111"
"2048715902","2600871181","2.40397"
"2600871181","2048715902","2.40397"
"2048715902","2752019414","1.0373"
"2752019414","2048715902","1.0373"
"2048715902","2766542353","1.5873"
"2766542353","2048715902","1.5873"
"2048715902","2906347220","2.43016"
"2906347220","2048715902","2.43016"
"2048715902","3005100276","1.26349"
"3005100276","2048715902","1.26349"
"2130003231","2489796857","0.111111"
"2489796857","2130003231","0.111111"
"2130003231","2599578646","0.111111"
"2599578646","2130003231","0.111111"
"2130003231","2600871181","0.111111"
"2600871181","2130003231","0.111111"
"2130003231","2752019414","0.111111"
"2752019414","2130003231","0.111111"
"2130003231","2766542353","0.611111"
"2766542353","2130003231","0.611111"
"2130003231","2906347220","1.44444"
"2906347220","2130003231","1.44444"
"2130003231","3005100276","0.611111"
"3005100276","2130003231","0.611111"
"2489796857","2599578646","0.111111"
"2599578646","2489796857","0.111111"
"2489796857","2600871181","2.77063"
"2600871181","2489796857","2.77063"
"2489796857","2752019414","0.253968"
"2752019414","2489796857","0.253968"
"2489796857","2766542353","1.7873"
"2766542353","2489796857","1.7873"
"2489796857","2906347220","1.54683"
"2906347220","2489796857","1.54683"
"2489796857","3005100276","3.63016"
"3005100276","2489796857","3.63016"
"2599578646","2600871181","1.14444"
"2600871181","2599578646","1.14444"
"2599578646","2752019414","0.311111"
"2752019414","2599578646","0.311111"
"2599578646","2906347220","0.311111"
"2906347220","2599578646","0.311111"
"2599578646","3005100276","0.644444"
"3005100276","2599578646","0.644444"
"2600871181","2766542353","0.644444"
"2766542353","2600871181","0.644444"
"2600871181","3005100276","4.52064"
"3005100276","2600871181","4.52064"
"2752019414","2766542353","0.111111"
"2766542353","2752019414","0.111111"
"2752019414","3005100276","1.65397"
"3005100276","2752019414","1.65397"
"2766542353","2906347220","0.753968"
"2906347220","2766542353","0.753968"
"2766542353","3005100276","4.0873"
"3005100276","2766542353","4.0873"
"2906347220","3005100276","2.86349"
"3005100276","2906347220","2.86349"
"2025017365","84941226","0.72619"
"84941226","2025017365","0.72619"
"2048715902","84941226","6.75952"
"84941226","2048715902","6.75952"
"2906347220","84941226","1.50952"
"84941226","2906347220","1.50952"
"2025017365","2749414669","0.5"
"2749414669","2025017365","0.5"
"2531970759","2749414669","0.5"
"2749414669","2531970759","0.5"
"2048715902","2780289003","0.92619"
"2780289003","2048715902","0.92619"
"2048715902","2531970759","2.31905"
"2531970759","2048715902","2.31905"
"2489796857","2531970759","4.23571"
"2531970759","2489796857","4.23571"
"2489796857","84941226","1.09286"
"84941226","2489796857","1.09286"
"2531970759","2766542353","3.25952"
"2766542353","2531970759","3.25952"
"2531970759","2906347220","0.869048"
"2906347220","2531970759","0.869048"
"2531970759","3005100276","1.95238"
"3005100276","2531970759","1.95238"
"2531970759","84941226","1.89286"
"84941226","2531970759","1.89286"
"2766542353","84941226","1.14286"
"84941226","2766542353","1.14286"
"3005100276","84941226","1.50952"
"84941226","3005100276","1.50952"
"2025017365","2152092365","2"
"2152092365","2025017365","2"
"2048715902","2070900839","0.25"
"2070900839","2048715902","0.25"
"2070900839","2906347220","0.25"
"2906347220","2070900839","0.25"
"2070900839","84941226","0.25"
"84941226","2070900839","0.25"
"2030858754","2766542353","2"
"2766542353","2030858754","2"
"2040431736","2130003231","3"
"2130003231","2040431736","3"
"2040431736","2048715902","0.333333"
"2048715902","2040431736","0.333333"
"2041836242","2048715902","0.333333"
"2048715902","2041836242","0.333333"
"2040431736","2917924661","0.5"
"2917924661","2040431736","0.5"
"2040431736","2984971239","0.5"
"2984971239","2040431736","0.5"
"2040431736","2140893402","1"
"2140893402","2040431736","1"
"2041836242","2087423941","0.75"
"2087423941","2041836242","0.75"
"2041836242","2098384969","0.75"
"2098384969","2041836242","0.75"
"2041836242","2124185432","0.75"
"2124185432","2041836242","0.75"
"2087423941","2406463415","0.75"
"2406463415","2087423941","0.75"
"2098384969","2406463415","0.75"
"2406463415","2098384969","0.75"
"2124185432","2406463415","0.75"
"2406463415","2124185432","0.75"
"2041836242","2152092365","1"
"2152092365","2041836242","1"
"2078417425","2093763734","0.333333"
"2093763734","2078417425","0.333333"
"2041836242","2130003231","0.5"
"2130003231","2041836242","0.5"
"2093763734","2130003231","0.5"
"2130003231","2093763734","0.5"
"2489796857","2780289003","0.542857"
"2780289003","2489796857","0.542857"
"2531970759","2600871181","1.95952"
"2600871181","2531970759","1.95952"
"2531970759","2752019414","0.342857"
"2752019414","2531970759","0.342857"
"2531970759","2780289003","1.04286"
"2780289003","2531970759","1.04286"
"2780289003","3005100276","2.57619"
"3005100276","2780289003","2.57619"
"2600871181","84941226","0.616667"
"84941226","2600871181","0.616667"
"2048715902","2406463415","0.2"
"2406463415","2048715902","0.2"
"2406463415","2531970759","0.2"
"2531970759","2406463415","0.2"
"2406463415","2600871181","0.2"
"2600871181","2406463415","0.2"
"2406463415","2752019414","0.2"
"2752019414","2406463415","0.2"
"2130003231","2531970759","0.333333"
"2531970759","2130003231","0.333333"
"2070900839","2111434316","1"
"2111434316","2070900839","1"
"2070900839","2292748392","1"
"2292748392","2070900839","1"
"2070900839","2276979642","0.25"
"2276979642","2070900839","0.25"
"2070900839","2531970759","0.25"
"2531970759","2070900839","0.25"
"2162693768","2531970759","1.25"
"2531970759","2162693768","1.25"
"2276979642","2766542353","4.75"
"2766542353","2276979642","4.75"
"2085733527","2087423941","0.342857"
"2087423941","2085733527","0.342857"
"2085733527","2098384969","0.342857"
"2098384969","2085733527","0.342857"
"2085733527","2100034576","0.642857"
"2100034576","2085733527","0.642857"
"2087423941","2118848936","0.142857"
"2118848936","2087423941","0.142857"
"2087423941","2093763734","0.333333"
"2093763734","2087423941","0.333333"
"2093763734","2098384969","0.333333"
"2098384969","2093763734","0.333333"
"2093763734","2124185432","0.333333"
"2124185432","2093763734","0.333333"
"2093763734","2780289003","0.5"
"2780289003","2093763734","0.5"
"2140893402","2292748392","1"
"2292748392","2140893402","1"
"2276979642","2765751359","0.5"
"2765751359","2276979642","0.5"
"2765751359","2766542353","0.5"
"2766542353","2765751359","0.5"
"2489796857","2765671202","0.166667"
"2765671202","2489796857","0.166667"
"2489796857","2985320478","0.366667"
"2985320478","2489796857","0.366667"
"2600871181","2765671202","0.166667"
"2765671202","2600871181","0.166667"
"2600871181","2985320478","0.366667"
"2985320478","2600871181","0.366667"
"2765671202","2766542353","0.616667"
"2766542353","2765671202","0.616667"
"2765671202","2906347220","0.366667"
"2906347220","2765671202","0.366667"
"2765671202","2985320478","15.4"
"2985320478","2765671202","15.4"
"2765671202","3005100276","0.366667"
"3005100276","2765671202","0.366667"
"2766542353","2985320478","0.366667"
"2985320478","2766542353","0.366667"
"2906347220","2985320478","0.566667"
"2985320478","2906347220","0.566667"
"2985320478","3005100276","0.566667"
"3005100276","2985320478","0.566667"
"2780289003","2985320478","0.4"
"2985320478","2780289003","0.4"
"2489796857","2600948643","0.2"
"2600948643","2489796857","0.2"
"2531970759","2600948643","0.2"
"2600948643","2531970759","0.2"
"2600871181","2600948643","0.2"
"2600948643","2600871181","0.2"
"2533817413","2765671202","0.45"
"2765671202","2533817413","0.45"
"2533817413","2985320478","0.2"
"2985320478","2533817413","0.2"
"2774169481","2985320478","0.2"
"2985320478","2774169481","0.2"
"2799156008","2985320478","1.2"
"2985320478","2799156008","1.2"
"2533817413","2600948643","0.375"
"2600948643","2533817413","0.375"
"2533817413","2749414669","0.575"
"2749414669","2533817413","0.575"
"2533817413","2805972420","0.125"
"2805972420","2533817413","0.125"
"2533817413","2917924661","0.325"
"2917924661","2533817413","0.325"
"2533817413","2984971239","0.325"
"2984971239","2533817413","0.325"
"2600948643","2749414669","0.375"
"2749414669","2600948643","0.375"
"2600948643","2774169481","0.125"
"2774169481","2600948643","0.125"
"2600948643","2799156008","0.125"
"2799156008","2600948643","0.125"
"2600948643","2917924661","0.125"
"2917924661","2600948643","0.125"
"2600948643","2984971239","0.125"
"2984971239","2600948643","0.125"
"2749414669","2766542353","4.65833"
"2766542353","2749414669","4.65833"
"2749414669","2774169481","2.875"
"2774169481","2749414669","2.875"
"2749414669","2799156008","3.075"
"2799156008","2749414669","3.075"
"2749414669","2805972420","0.625"
"2805972420","2749414669","0.625"
"2749414669","2917924661","0.658333"
"2917924661","2749414669","0.658333"
"2749414669","2984971239","0.658333"
"2984971239","2749414669","0.658333"
"2774169481","2805972420","0.125"
"2805972420","2774169481","0.125"
"2799156008","2805972420","0.125"
"2805972420","2799156008","0.125"
"2805972420","2917924661","0.125"
"2917924661","2805972420","0.125"
"2805972420","2984971239","0.125"
"2984971239","2805972420","0.125"
"2600948643","2765671202","0.25"
"2765671202","2600948643","0.25"
"2749414669","2765671202","0.25"
"2765671202","2749414669","0.25"
"2580877740","2987636659","2"
"2987636659","2580877740","2"
"2749414669","2766332962","0.25"
"2766332962","2749414669","0.25"
"2752019414","2765671202","0.2"
"2765671202","2752019414","0.2"
"2752019414","2985320478","0.2"
"2985320478","2752019414","0.2"
"2765671202","2780289003","0.2"
"2780289003","2765671202","0.2"
"2759023773","2985320478","4.25"
"2985320478","2759023773","4.25"
"2759023773","2765671202","1.33333"
"2765671202","2759023773","1.33333"
"2759023773","2901947009","2.58333"
"2901947009","2759023773","2.58333"
"2765671202","2901947009","0.333333"
"2901947009","2765671202","0.333333"
"2901947009","2985320478","2.78333"
"2985320478","2901947009","2.78333"
"2759023773","2986475552","0.916667"
"2986475552","2759023773","0.916667"
"2759023773","3010675699","0.916667"
"3010675699","2759023773","0.916667"
"2985320478","2986475552","1.61667"
"2986475552","2985320478","1.61667"
"2985320478","3010675699","1.61667"
"3010675699","2985320478","1.61667"
"2986475552","3010675699","1.95"
"3010675699","2986475552","1.95"
"2901947009","2986475552","0.45"
"2986475552","2901947009","0.45"
"2901947009","3010675699","0.45"
"3010675699","2901947009","0.45"
"2765671202","2987636659","0.5"
"2987636659","2765671202","0.5"
"2985320478","2987636659","0.5"
"2987636659","2985320478","0.5"
"2765751359","2987636659","1"
"2987636659","2765751359","1"
"2805972420","2901947009","0.2"
"2901947009","2805972420","0.2"
"2805972420","2985320478","0.2"
"2985320478","2805972420","0.2"
"2805972420","2986475552","0.2"
"2986475552","2805972420","0.2"
"2805972420","3010675699","0.2"
"3010675699","2805972420","0.2"
"2805972420","3010992324","0.2"
"3010992324","2805972420","0.2"
"2901947009","3010992324","0.2"
"3010992324","2901947009","0.2"
"2985320478","3010992324","0.2"
"3010992324","2985320478","0.2"
"2986475552","3010992324","0.533333"
"3010992324","2986475552","0.533333"
"3010675699","3010992324","0.533333"
"3010992324","3010675699","0.533333"
"2986475552","3005100276","0.333333"
"3005100276","2986475552","0.333333"
"3005100276","3010675699","0.333333"
"3010675699","3005100276","0.333333"
"3005100276","3010992324","0.333333"
"3010992324","3005100276","0.333333"
