"148072211","1589647164","0.166667"
"1589647164","148072211","0.166667"
"148072211","168456688","0.166667"
"168456688","148072211","0.166667"
"148072211","2013489245","0.166667"
"2013489245","148072211","0.166667"
"148072211","2015867063","0.166667"
"2015867063","148072211","0.166667"
"148072211","2041942569","0.166667"
"2041942569","148072211","0.166667"
"148072211","2077876046","0.166667"
"2077876046","148072211","0.166667"
"1589647164","168456688","1.5"
"168456688","1589647164","1.5"
"1589647164","2013489245","0.166667"
"2013489245","1589647164","0.166667"
"1589647164","2015867063","1"
"2015867063","1589647164","1"
"1589647164","2041942569","1"
"2041942569","1589647164","1"
"1589647164","2077876046","1.66667"
"2077876046","1589647164","1.66667"
"168456688","2013489245","0.166667"
"2013489245","168456688","0.166667"
"168456688","2015867063","3.64286"
"2015867063","168456688","3.64286"
"168456688","2041942569","3.16667"
"2041942569","168456688","3.16667"
"168456688","2077876046","2.80952"
"2077876046","168456688","2.80952"
"2013489245","2015867063","0.166667"
"2015867063","2013489245","0.166667"
"2013489245","2041942569","0.166667"
"2041942569","2013489245","0.166667"
"2013489245","2077876046","0.166667"
"2077876046","2013489245","0.166667"
"2015867063","2041942569","3"
"2041942569","2015867063","3"
"2015867063","2077876046","2.30952"
"2077876046","2015867063","2.30952"
"2041942569","2077876046","0.666667"
"2077876046","2041942569","0.666667"
"1482196945","1589647164","0.5"
"1589647164","1482196945","0.5"
"1482196945","2077876046","0.5"
"2077876046","1482196945","0.5"
"1482196945","168456688","2.66667"
"168456688","1482196945","2.66667"
"1482196945","2003049315","1.66667"
"2003049315","1482196945","1.66667"
"1482196945","2041942569","1.66667"
"2041942569","1482196945","1.66667"
"168456688","2003049315","2.16667"
"2003049315","168456688","2.16667"
"2003049315","2041942569","2.16667"
"2041942569","2003049315","2.16667"
"1482196945","2015867063","1"
"2015867063","1482196945","1"
"1489244219","1937828967","8.75"
"1937828967","1489244219","8.75"
"1489244219","1584889725","0.25"
"1584889725","1489244219","0.25"
"1489244219","1858878092","0.25"
"1858878092","1489244219","0.25"
"1489244219","1916461698","0.25"
"1916461698","1489244219","0.25"
"1584889725","1858878092","0.25"
"1858878092","1584889725","0.25"
"1584889725","1916461698","0.25"
"1916461698","1584889725","0.25"
"1584889725","1937828967","0.25"
"1937828967","1584889725","0.25"
"1858878092","1916461698","0.25"
"1916461698","1858878092","0.25"
"1858878092","1937828967","0.25"
"1937828967","1858878092","0.25"
"1916461698","1937828967","0.25"
"1937828967","1916461698","0.25"
"1489244219","1836981586","0.5"
"1836981586","1489244219","0.5"
"1836981586","1937828967","0.5"
"1937828967","1836981586","0.5"
"1490122681","168456688","1.14286"
"168456688","1490122681","1.14286"
"1490122681","192610097","4.39286"
"192610097","1490122681","4.39286"
"1490122681","2077365119","3.08333"
"2077365119","1490122681","3.08333"
"1490122681","2117698047","2.22619"
"2117698047","1490122681","2.22619"
"1490122681","2133885954","4.97619"
"2133885954","1490122681","4.97619"
"2077365119","2117698047","4.91667"
"2117698047","2077365119","4.91667"
"2077365119","2133885954","2.16667"
"2133885954","2077365119","2.16667"
"2117698047","2133885954","1.80952"
"2133885954","2117698047","1.80952"
"1490122681","2015867063","0.142857"
"2015867063","1490122681","0.142857"
"1490122681","2077876046","0.142857"
"2077876046","1490122681","0.142857"
"1490122681","2972506132","0.142857"
"2972506132","1490122681","0.142857"
"168456688","192610097","0.142857"
"192610097","168456688","0.142857"
"168456688","2117698047","0.142857"
"2117698047","168456688","0.142857"
"168456688","2133885954","0.142857"
"2133885954","168456688","0.142857"
"168456688","2972506132","0.142857"
"2972506132","168456688","0.142857"
"192610097","2015867063","0.142857"
"2015867063","192610097","0.142857"
"192610097","2077876046","0.142857"
"2077876046","192610097","0.142857"
"192610097","2117698047","1.39286"
"2117698047","192610097","1.39286"
"192610097","2133885954","0.142857"
"2133885954","192610097","0.142857"
"192610097","2972506132","0.142857"
"2972506132","192610097","0.142857"
"2015867063","2117698047","0.142857"
"2117698047","2015867063","0.142857"
"2015867063","2133885954","0.142857"
"2133885954","2015867063","0.142857"
"2015867063","2972506132","0.142857"
"2972506132","2015867063","0.142857"
"2077876046","2117698047","0.142857"
"2117698047","2077876046","0.142857"
"2077876046","2133885954","0.142857"
"2133885954","2077876046","0.142857"
"2077876046","2972506132","0.142857"
"2972506132","2077876046","0.142857"
"2117698047","2972506132","0.142857"
"2972506132","2117698047","0.142857"
"2133885954","2972506132","0.142857"
"2972506132","2133885954","0.142857"
"1490122681","2785553056","1.25"
"2785553056","1490122681","1.25"
"192610097","2077365119","0.25"
"2077365119","192610097","0.25"
"192610097","2785553056","0.25"
"2785553056","192610097","0.25"
"2077365119","2785553056","0.25"
"2785553056","2077365119","0.25"
"2117698047","2785553056","0.25"
"2785553056","2117698047","0.25"
"1490122681","2188936458","0.5"
"2188936458","1490122681","0.5"
"2077365119","2188936458","2.33333"
"2188936458","2077365119","2.33333"
"1606597514","2117698047","2"
"2117698047","1606597514","2"
"1836981586","1858878092","2"
"1858878092","1836981586","2"
"1964747738","2071789457","1"
"2071789457","1964747738","1"
"1964747738","2015867063","1"
"2015867063","1964747738","1"
"2041942569","2117698047","1"
"2117698047","2041942569","1"
"2117698047","2188936458","1.83333"
"2188936458","2117698047","1.83333"
"2133885954","2188936458","0.333333"
"2188936458","2133885954","0.333333"
"2133885954","2785553056","1"
"2785553056","2133885954","1"
