"100506001","1494368125","0.361111"
"1494368125","100506001","0.361111"
"100506001","1501247909","0.361111"
"1501247909","100506001","0.361111"
"100506001","1518110423","0.736111"
"1518110423","100506001","0.736111"
"100506001","1669804653","0.611111"
"1669804653","100506001","0.611111"
"100506001","1795742672","0.111111"
"1795742672","100506001","0.111111"
"100506001","1821406217","0.361111"
"1821406217","100506001","0.361111"
"100506001","2151919754","2.52778"
"2151919754","100506001","2.52778"
"100506001","69565036","0.777778"
"69565036","100506001","0.777778"
"100506001","91586774","0.611111"
"91586774","100506001","0.611111"
"1494368125","1501247909","1.40397"
"1501247909","1494368125","1.40397"
"1494368125","1518110423","0.903968"
"1518110423","1494368125","0.903968"
"1494368125","1669804653","1.8373"
"1669804653","1494368125","1.8373"
"1494368125","1795742672","0.253968"
"1795742672","1494368125","0.253968"
"1494368125","1821406217","3.7373"
"1821406217","1494368125","3.7373"
"1494368125","2151919754","2.7373"
"2151919754","1494368125","2.7373"
"1494368125","69565036","0.903968"
"69565036","1494368125","0.903968"
"1494368125","91586774","0.861111"
"91586774","1494368125","0.861111"
"1501247909","1518110423","1.2373"
"1518110423","1501247909","1.2373"
"1501247909","1669804653","1.00397"
"1669804653","1501247909","1.00397"
"1501247909","1795742672","0.253968"
"1795742672","1501247909","0.253968"
"1501247909","1821406217","1.40397"
"1821406217","1501247909","1.40397"
"1501247909","2151919754","2.40397"
"2151919754","1501247909","2.40397"
"1501247909","69565036","1.2373"
"69565036","1501247909","1.2373"
"1501247909","91586774","0.694444"
"91586774","1501247909","0.694444"
"1518110423","1669804653","1.0873"
"1669804653","1518110423","1.0873"
"1518110423","1795742672","0.253968"
"1795742672","1518110423","0.253968"
"1518110423","1821406217","0.903968"
"1821406217","1518110423","0.903968"
"1518110423","2151919754","0.903968"
"2151919754","1518110423","0.903968"
"1518110423","69565036","2.82063"
"69565036","1518110423","2.82063"
"1518110423","91586774","1.27778"
"91586774","1518110423","1.27778"
"1669804653","1795742672","0.253968"
"1795742672","1669804653","0.253968"
"1669804653","1821406217","2.50397"
"1821406217","1669804653","2.50397"
"1669804653","2151919754","2.00397"
"2151919754","1669804653","2.00397"
"1669804653","69565036","1.0873"
"69565036","1669804653","1.0873"
"1669804653","91586774","1.61111"
"91586774","1669804653","1.61111"
"1795742672","1821406217","0.253968"
"1821406217","1795742672","0.253968"
"1795742672","2151919754","0.253968"
"2151919754","1795742672","0.253968"
"1795742672","69565036","0.253968"
"69565036","1795742672","0.253968"
"1795742672","91586774","0.111111"
"91586774","1795742672","0.111111"
"1821406217","2151919754","3.40397"
"2151919754","1821406217","3.40397"
"1821406217","69565036","0.903968"
"69565036","1821406217","0.903968"
"1821406217","91586774","1.52778"
"91586774","1821406217","1.52778"
"2151919754","69565036","1.07063"
"69565036","2151919754","1.07063"
"2151919754","91586774","1.02778"
"91586774","2151919754","1.02778"
"69565036","91586774","1.27778"
"91586774","69565036","1.27778"
"100506001","114403220","0.125"
"114403220","100506001","0.125"
"100506001","1513471894","0.125"
"1513471894","100506001","0.125"
"100506001","2025748154","0.291667"
"2025748154","100506001","0.291667"
"100506001","2119407118","0.291667"
"2119407118","100506001","0.291667"
"100506001","2130068555","0.291667"
"2130068555","100506001","0.291667"
"100506001","2133027828","0.291667"
"2133027828","100506001","0.291667"
"100506001","2181488749","0.125"
"2181488749","100506001","0.125"
"114403220","1513471894","1.80249"
"1513471894","114403220","1.80249"
"114403220","1518110423","0.125"
"1518110423","114403220","0.125"
"114403220","2025748154","0.421537"
"2025748154","114403220","0.421537"
"114403220","2119407118","0.897727"
"2119407118","114403220","0.897727"
"114403220","2130068555","0.397727"
"2130068555","114403220","0.397727"
"114403220","2133027828","0.397727"
"2133027828","114403220","0.397727"
"114403220","2181488749","0.802489"
"2181488749","114403220","0.802489"
"1513471894","1518110423","0.125"
"1518110423","1513471894","0.125"
"1513471894","2025748154","0.421537"
"2025748154","1513471894","0.421537"
"1513471894","2119407118","0.397727"
"2119407118","1513471894","0.397727"
"1513471894","2130068555","0.397727"
"2130068555","1513471894","0.397727"
"1513471894","2133027828","0.397727"
"2133027828","1513471894","0.397727"
"1513471894","2181488749","1.03626"
"2181488749","1513471894","1.03626"
"1518110423","2025748154","0.125"
"2025748154","1518110423","0.125"
"1518110423","2119407118","0.125"
"2119407118","1518110423","0.125"
"1518110423","2130068555","0.125"
"2130068555","1518110423","0.125"
"1518110423","2133027828","0.125"
"2133027828","1518110423","0.125"
"1518110423","2181488749","0.125"
"2181488749","1518110423","0.125"
"2025748154","2119407118","1.76439"
"2119407118","2025748154","1.76439"
"2025748154","2130068555","1.26439"
"2130068555","2025748154","1.26439"
"2025748154","2133027828","1.76439"
"2133027828","2025748154","1.76439"
"2025748154","2181488749","0.421537"
"2181488749","2025748154","0.421537"
"2119407118","2130068555","1.26439"
"2130068555","2119407118","1.26439"
"2119407118","2133027828","1.76439"
"2133027828","2119407118","1.76439"
"2119407118","2181488749","0.397727"
"2181488749","2119407118","0.397727"
"2130068555","2133027828","1.26439"
"2133027828","2130068555","1.26439"
"2130068555","2181488749","0.397727"
"2181488749","2130068555","0.397727"
"2133027828","2181488749","0.397727"
"2181488749","2133027828","0.397727"
"2025748154","2151919754","0.166667"
"2151919754","2025748154","0.166667"
"2025748154","69565036","0.166667"
"69565036","2025748154","0.166667"
"2119407118","2151919754","0.166667"
"2151919754","2119407118","0.166667"
"2119407118","69565036","0.166667"
"69565036","2119407118","0.166667"
"2130068555","2151919754","0.166667"
"2151919754","2130068555","0.166667"
"2130068555","69565036","0.166667"
"69565036","2130068555","0.166667"
"2133027828","2151919754","0.166667"
"2151919754","2133027828","0.166667"
"2133027828","69565036","0.166667"
"69565036","2133027828","0.166667"
"104874769","114061091","0.168651"
"114061091","104874769","0.168651"
"104874769","114403220","0.0714286"
"114403220","104874769","0.0714286"
"104874769","128125825","0.168651"
"128125825","104874769","0.168651"
"104874769","142909848","0.121032"
"142909848","104874769","0.121032"
"104874769","1513471894","0.305195"
"1513471894","104874769","0.305195"
"104874769","155048176","0.176587"
"155048176","104874769","0.176587"
"104874769","1586199398","0.0714286"
"1586199398","104874769","0.0714286"
"104874769","1602278549","0.0714286"
"1602278549","104874769","0.0714286"
"104874769","165640288","0.0238095"
"165640288","104874769","0.0238095"
"104874769","168130279","0.168651"
"168130279","104874769","0.168651"
"104874769","171148194","0.846861"
"171148194","104874769","0.846861"
"104874769","174284967","0.323052"
"174284967","104874769","0.323052"
"104874769","175351670","0.0714286"
"175351670","104874769","0.0714286"
"104874769","1895867612","0.121032"
"1895867612","104874769","0.121032"
"104874769","190492733","0.168651"
"190492733","104874769","0.168651"
"104874769","1933110306","0.168651"
"1933110306","104874769","0.168651"
"104874769","1973756390","0.121032"
"1973756390","104874769","0.121032"
"104874769","198348660","0.0714286"
"198348660","104874769","0.0714286"
"104874769","199954805","0.168651"
"199954805","104874769","0.168651"
"104874769","2025748154","0.0238095"
"2025748154","104874769","0.0238095"
"104874769","2103526641","0.513528"
"2103526641","104874769","0.513528"
"104874769","2117693341","0.121032"
"2117693341","104874769","0.121032"
"104874769","2120675930","0.323052"
"2120675930","104874769","0.323052"
"104874769","2137991689","0.0238095"
"2137991689","104874769","0.0238095"
"104874769","2138794790","0.0238095"
"2138794790","104874769","0.0238095"
"104874769","2173801373","0.346861"
"2173801373","104874769","0.346861"
"104874769","2181488749","0.305195"
"2181488749","104874769","0.305195"
"104874769","2182912881","0.267496"
"2182912881","104874769","0.267496"
"104874769","2200187069","0.0714286"
"2200187069","104874769","0.0714286"
"104874769","2206531137","0.0654762"
"2206531137","104874769","0.0654762"
"104874769","2233108249","0.267496"
"2233108249","104874769","0.267496"
"104874769","2277174732","0.846861"
"2277174732","104874769","0.846861"
"104874769","2278509445","0.0714286"
"2278509445","104874769","0.0714286"
"104874769","236004366","0.121032"
"236004366","104874769","0.121032"
"104874769","2380594361","0.0238095"
"2380594361","104874769","0.0238095"
"104874769","2510545792","0.0238095"
"2510545792","104874769","0.0238095"
"104874769","2591969760","0.0238095"
"2591969760","104874769","0.0238095"
"104874769","2603576337","0.0238095"
"2603576337","104874769","0.0238095"
"104874769","2801182223","0.0654762"
"2801182223","104874769","0.0654762"
"104874769","300988313","0.168651"
"300988313","104874769","0.168651"
"104874769","652649313","0.121032"
"652649313","104874769","0.121032"
"104874769","68850923","0.749639"
"68850923","104874769","0.749639"
"114061091","114403220","0.0714286"
"114403220","114061091","0.0714286"
"114061091","128125825","0.677712"
"128125825","114061091","0.677712"
"114061091","142909848","0.229497"
"142909848","114061091","0.229497"
"114061091","1513471894","0.0714286"
"1513471894","114061091","0.0714286"
"114061091","155048176","0.0654762"
"155048176","114061091","0.0654762"
"114061091","1586199398","0.0714286"
"1586199398","114061091","0.0714286"
"114061091","1602278549","0.126984"
"1602278549","114061091","0.126984"
"114061091","165640288","0.0238095"
"165640288","114061091","0.0238095"
"114061091","168130279","0.677712"
"168130279","114061091","0.677712"
"114061091","171148194","0.506746"
"171148194","114061091","0.506746"
"114061091","174284967","0.418981"
"174284967","114061091","0.418981"
"114061091","175351670","0.108466"
"175351670","114061091","0.108466"
"114061091","1895867612","0.418981"
"1895867612","114061091","0.418981"
"114061091","190492733","0.677712"
"190492733","114061091","0.677712"
"114061091","1933110306","0.677712"
"1933110306","114061091","0.677712"
"114061091","1973756390","0.356481"
"1973756390","114061091","0.356481"
"114061091","198348660","0.0714286"
"198348660","114061091","0.0714286"
"114061091","199954805","0.534854"
"199954805","114061091","0.534854"
"114061091","2025748154","0.0238095"
"2025748154","114061091","0.0238095"
"114061091","2103526641","0.506746"
"2103526641","114061091","0.506746"
"114061091","2117693341","0.418981"
"2117693341","114061091","0.418981"
"114061091","2120675930","4.41898"
"2120675930","114061091","4.41898"
"114061091","2137991689","0.0238095"
"2137991689","114061091","0.0238095"
"114061091","2138794790","0.0238095"
"2138794790","114061091","0.0238095"
"114061091","2173801373","0.213095"
"2173801373","114061091","0.213095"
"114061091","2181488749","0.0714286"
"2181488749","114061091","0.0714286"
"114061091","2182912881","0.19246"
"2182912881","114061091","0.19246"
"114061091","2200187069","0.0714286"
"2200187069","114061091","0.0714286"
"114061091","2206531137","0.165013"
"2206531137","114061091","0.165013"
"114061091","2233108249","0.300926"
"2233108249","114061091","0.300926"
"114061091","2277174732","0.472355"
"2277174732","114061091","0.472355"
"114061091","2278509445","0.0714286"
"2278509445","114061091","0.0714286"
"114061091","236004366","0.158069"
"236004366","114061091","0.158069"
"114061091","2380594361","0.123347"
"2380594361","114061091","0.123347"
"114061091","2510545792","0.123347"
"2510545792","114061091","0.123347"
"114061091","2591969760","0.123347"
"2591969760","114061091","0.123347"
"114061091","2603576337","0.0238095"
"2603576337","114061091","0.0238095"
"114061091","2801182223","0.165013"
"2801182223","114061091","0.165013"
"114061091","300988313","0.677712"
"300988313","114061091","0.677712"
"114061091","652649313","0.418981"
"652649313","114061091","0.418981"
"114061091","68850923","0.108466"
"68850923","114061091","0.108466"
"114403220","128125825","0.0714286"
"128125825","114403220","0.0714286"
"114403220","142909848","0.0238095"
"142909848","114403220","0.0238095"
"114403220","155048176","0.0238095"
"155048176","114403220","0.0238095"
"114403220","1586199398","0.0714286"
"1586199398","114403220","0.0714286"
"114403220","1602278549","0.0714286"
"1602278549","114403220","0.0714286"
"114403220","165640288","0.296537"
"165640288","114403220","0.296537"
"114403220","168130279","0.0714286"
"168130279","114403220","0.0714286"
"114403220","171148194","0.0714286"
"171148194","114403220","0.0714286"
"114403220","174284967","0.0238095"
"174284967","114403220","0.0238095"
"114403220","175351670","0.0714286"
"175351670","114403220","0.0714286"
"114403220","1895867612","0.0238095"
"1895867612","114403220","0.0238095"
"114403220","190492733","0.404762"
"190492733","114403220","0.404762"
"114403220","1933110306","0.0714286"
"1933110306","114403220","0.0714286"
"114403220","1973756390","0.0238095"
"1973756390","114403220","0.0238095"
"114403220","198348660","0.0714286"
"198348660","114403220","0.0714286"
"114403220","199954805","0.0714286"
"199954805","114403220","0.0714286"
"114403220","2103526641","0.0714286"
"2103526641","114403220","0.0714286"
"114403220","2117693341","0.0238095"
"2117693341","114403220","0.0238095"
"114403220","2120675930","0.0238095"
"2120675930","114403220","0.0238095"
"114403220","2137991689","0.114719"
"2137991689","114403220","0.114719"
"114403220","2138794790","0.0238095"
"2138794790","114403220","0.0238095"
"114403220","2173801373","0.0714286"
"2173801373","114403220","0.0714286"
"114403220","2182912881","0.0238095"
"2182912881","114403220","0.0238095"
"114403220","2200187069","0.0714286"
"2200187069","114403220","0.0714286"
"114403220","2206531137","0.0238095"
"2206531137","114403220","0.0238095"
"114403220","2233108249","0.0238095"
"2233108249","114403220","0.0238095"
"114403220","2277174732","0.162338"
"2277174732","114403220","0.162338"
"114403220","2278509445","0.0714286"
"2278509445","114403220","0.0714286"
"114403220","236004366","0.0238095"
"236004366","114403220","0.0238095"
"114403220","2380594361","0.0238095"
"2380594361","114403220","0.0238095"
"114403220","2510545792","0.0238095"
"2510545792","114403220","0.0238095"
"114403220","2591969760","0.0238095"
"2591969760","114403220","0.0238095"
"114403220","2603576337","0.0238095"
"2603576337","114403220","0.0238095"
"114403220","2801182223","0.0238095"
"2801182223","114403220","0.0238095"
"114403220","300988313","0.0714286"
"300988313","114403220","0.0714286"
"114403220","652649313","0.0238095"
"652649313","114403220","0.0238095"
"114403220","68850923","0.0714286"
"68850923","114403220","0.0714286"
"128125825","142909848","0.229497"
"142909848","128125825","0.229497"
"128125825","1513471894","0.0714286"
"1513471894","128125825","0.0714286"
"128125825","155048176","0.0654762"
"155048176","128125825","0.0654762"
"128125825","1586199398","0.0714286"
"1586199398","128125825","0.0714286"
"128125825","1602278549","0.126984"
"1602278549","128125825","0.126984"
"128125825","165640288","0.0238095"
"165640288","128125825","0.0238095"
"128125825","168130279","1.23797"
"168130279","128125825","1.23797"
"128125825","171148194","0.740079"
"171148194","128125825","0.740079"
"128125825","174284967","0.562571"
"174284967","128125825","0.562571"
"128125825","175351670","0.608466"
"175351670","128125825","0.608466"
"128125825","1895867612","2.16495"
"1895867612","128125825","2.16495"
"128125825","190492733","1.0713"
"190492733","128125825","1.0713"
"128125825","1933110306","1.73797"
"1933110306","128125825","1.73797"
"128125825","1973756390","6.85245"
"1973756390","128125825","6.85245"
"128125825","198348660","0.0714286"
"198348660","128125825","0.0714286"
"128125825","199954805","0.534854"
"199954805","128125825","0.534854"
"128125825","2025748154","0.0238095"
"2025748154","128125825","0.0238095"
"128125825","2103526641","0.740079"
"2103526641","128125825","0.740079"
"128125825","2117693341","1.66495"
"2117693341","128125825","1.66495"
"128125825","2120675930","0.562571"
"2120675930","128125825","0.562571"
"128125825","2137991689","0.0238095"
"2137991689","128125825","0.0238095"
"128125825","2138794790","0.0238095"
"2138794790","128125825","0.0238095"
"128125825","2173801373","0.213095"
"2173801373","128125825","0.213095"
"128125825","2181488749","0.0714286"
"2181488749","128125825","0.0714286"
"128125825","2182912881","0.19246"
"2182912881","128125825","0.19246"
"128125825","2200187069","0.0714286"
"2200187069","128125825","0.0714286"
"128125825","2206531137","1.51098"
"2206531137","128125825","1.51098"
"128125825","2233108249","0.300926"
"2233108249","128125825","0.300926"
"128125825","2277174732","0.472355"
"2277174732","128125825","0.472355"
"128125825","2278509445","0.0714286"
"2278509445","128125825","0.0714286"
"128125825","236004366","0.301659"
"236004366","128125825","0.301659"
"128125825","2380594361","0.123347"
"2380594361","128125825","0.123347"
"128125825","2510545792","0.123347"
"2510545792","128125825","0.123347"
"128125825","2591969760","0.123347"
"2591969760","128125825","0.123347"
"128125825","2603576337","0.0238095"
"2603576337","128125825","0.0238095"
"128125825","2801182223","0.844317"
"2801182223","128125825","0.844317"
"128125825","300988313","3.34035"
"300988313","128125825","3.34035"
"128125825","652649313","1.83162"
"652649313","128125825","1.83162"
"128125825","68850923","0.108466"
"68850923","128125825","0.108466"
"142909848","1513471894","0.0238095"
"1513471894","142909848","0.0238095"
"142909848","155048176","0.39881"
"155048176","142909848","0.39881"
"142909848","1586199398","0.0238095"
"1586199398","142909848","0.0238095"
"142909848","1602278549","0.0238095"
"1602278549","142909848","0.0238095"
"142909848","165640288","0.0238095"
"165640288","142909848","0.0238095"
"142909848","168130279","0.229497"
"168130279","142909848","0.229497"
"142909848","171148194","0.454365"
"171148194","142909848","0.454365"
"142909848","174284967","0.229497"
"174284967","142909848","0.229497"
"142909848","175351670","0.39418"
"175351670","142909848","0.39418"
"142909848","1895867612","0.229497"
"1895867612","142909848","0.229497"
"142909848","190492733","0.229497"
"190492733","142909848","0.229497"
"142909848","1933110306","0.229497"
"1933110306","142909848","0.229497"
"142909848","1973756390","0.229497"
"1973756390","142909848","0.229497"
"142909848","198348660","0.0238095"
"198348660","142909848","0.0238095"
"142909848","199954805","0.158069"
"199954805","142909848","0.158069"
"142909848","2025748154","0.0238095"
"2025748154","142909848","0.0238095"
"142909848","2103526641","0.121032"
"2103526641","142909848","0.121032"
"142909848","2117693341","0.229497"
"2117693341","142909848","0.229497"
"142909848","2120675930","0.229497"
"2120675930","142909848","0.229497"
"142909848","2137991689","0.0238095"
"2137991689","142909848","0.0238095"
"142909848","2138794790","0.0238095"
"2138794790","142909848","0.0238095"
"142909848","2173801373","0.0654762"
"2173801373","142909848","0.0654762"
"142909848","2181488749","0.0238095"
"2181488749","142909848","0.0238095"
"142909848","2182912881","0.136905"
"2182912881","142909848","0.136905"
"142909848","2200187069","0.0238095"
"2200187069","142909848","0.0238095"
"142909848","2206531137","0.102513"
"2206531137","142909848","0.102513"
"142909848","2233108249","0.173942"
"2233108249","142909848","0.173942"
"142909848","2277174732","0.158069"
"2277174732","142909848","0.158069"
"142909848","2278509445","0.0238095"
"2278509445","142909848","0.0238095"
"142909848","236004366","0.158069"
"236004366","142909848","0.158069"
"142909848","2380594361","0.0608466"
"2380594361","142909848","0.0608466"
"142909848","2510545792","0.0608466"
"2510545792","142909848","0.0608466"
"142909848","2591969760","0.0608466"
"2591969760","142909848","0.0608466"
"142909848","2603576337","0.0238095"
"2603576337","142909848","0.0238095"
"142909848","2801182223","0.102513"
"2801182223","142909848","0.102513"
"142909848","300988313","0.229497"
"300988313","142909848","0.229497"
"142909848","652649313","0.229497"
"652649313","142909848","0.229497"
"142909848","68850923","0.0608466"
"68850923","142909848","0.0608466"
"1513471894","155048176","0.0238095"
"155048176","1513471894","0.0238095"
"1513471894","1586199398","0.321429"
"1586199398","1513471894","0.321429"
"1513471894","1602278549","0.321429"
"1602278549","1513471894","0.321429"
"1513471894","165640288","1.04654"
"165640288","1513471894","1.04654"
"1513471894","168130279","0.0714286"
"168130279","1513471894","0.0714286"
"1513471894","171148194","0.305195"
"171148194","1513471894","0.305195"
"1513471894","174284967","0.114719"
"174284967","1513471894","0.114719"
"1513471894","175351670","0.0714286"
"175351670","1513471894","0.0714286"
"1513471894","1895867612","0.0238095"
"1895867612","1513471894","0.0238095"
"1513471894","190492733","0.404762"
"190492733","1513471894","0.404762"
"1513471894","1933110306","0.0714286"
"1933110306","1513471894","0.0714286"
"1513471894","1973756390","0.0238095"
"1973756390","1513471894","0.0238095"
"1513471894","198348660","0.0714286"
"198348660","1513471894","0.0714286"
"1513471894","199954805","0.0714286"
"199954805","1513471894","0.0714286"
"1513471894","2103526641","0.305195"
"2103526641","1513471894","0.305195"
"1513471894","2117693341","0.0238095"
"2117693341","1513471894","0.0238095"
"1513471894","2120675930","0.114719"
"2120675930","1513471894","0.114719"
"1513471894","2137991689","0.114719"
"2137991689","1513471894","0.114719"
"1513471894","2138794790","0.0238095"
"2138794790","1513471894","0.0238095"
"1513471894","2173801373","0.305195"
"2173801373","1513471894","0.305195"
"1513471894","2182912881","0.114719"
"2182912881","1513471894","0.114719"
"1513471894","2200187069","0.0714286"
"2200187069","1513471894","0.0714286"
"1513471894","2206531137","0.0238095"
"2206531137","1513471894","0.0238095"
"1513471894","2233108249","0.114719"
"2233108249","1513471894","0.114719"
"1513471894","2277174732","0.396104"
"2277174732","1513471894","0.396104"
"1513471894","2278509445","0.0714286"
"2278509445","1513471894","0.0714286"
"1513471894","236004366","0.0238095"
"236004366","1513471894","0.0238095"
"1513471894","2380594361","0.0238095"
"2380594361","1513471894","0.0238095"
"1513471894","2510545792","0.0238095"
"2510545792","1513471894","0.0238095"
"1513471894","2591969760","0.0238095"
"2591969760","1513471894","0.0238095"
"1513471894","2603576337","0.0238095"
"2603576337","1513471894","0.0238095"
"1513471894","2801182223","0.0238095"
"2801182223","1513471894","0.0238095"
"1513471894","300988313","0.0714286"
"300988313","1513471894","0.0714286"
"1513471894","652649313","0.27381"
"652649313","1513471894","0.27381"
"1513471894","68850923","0.305195"
"68850923","1513471894","0.305195"
"155048176","1586199398","0.0952381"
"1586199398","155048176","0.0952381"
"155048176","1602278549","0.0952381"
"1602278549","155048176","0.0952381"
"155048176","165640288","0.0952381"
"165640288","155048176","0.0952381"
"155048176","168130279","0.0654762"
"168130279","155048176","0.0654762"
"155048176","171148194","2.00992"
"171148194","155048176","2.00992"
"155048176","174284967","0.359127"
"174284967","155048176","0.359127"
"155048176","175351670","0.357143"
"175351670","155048176","0.357143"
"155048176","1895867612","0.0654762"
"1895867612","155048176","0.0654762"
"155048176","190492733","0.0654762"
"190492733","155048176","0.0654762"
"155048176","1933110306","0.0654762"
"1933110306","155048176","0.0654762"
"155048176","1973756390","0.0654762"
"1973756390","155048176","0.0654762"
"155048176","198348660","0.0952381"
"198348660","155048176","0.0952381"
"155048176","199954805","0.0654762"
"199954805","155048176","0.0654762"
"155048176","2025748154","0.0238095"
"2025748154","155048176","0.0238095"
"155048176","2103526641","0.287698"
"2103526641","155048176","0.287698"
"155048176","2117693341","0.0654762"
"2117693341","155048176","0.0654762"
"155048176","2120675930","0.359127"
"2120675930","155048176","0.359127"
"155048176","2137991689","0.0952381"
"2137991689","155048176","0.0952381"
"155048176","2138794790","0.0238095"
"2138794790","155048176","0.0238095"
"155048176","2173801373","0.248016"
"2173801373","155048176","0.248016"
"155048176","2181488749","0.206349"
"2181488749","155048176","0.206349"
"155048176","2182912881","0.859127"
"2182912881","155048176","0.859127"
"155048176","2200187069","0.0952381"
"2200187069","155048176","0.0952381"
"155048176","2206531137","0.0654762"
"2206531137","155048176","0.0654762"
"155048176","2233108249","0.359127"
"2233108249","155048176","0.359127"
"155048176","2277174732","0.359127"
"2277174732","155048176","0.359127"
"155048176","2278509445","0.0238095"
"2278509445","155048176","0.0238095"
"155048176","236004366","0.0654762"
"236004366","155048176","0.0654762"
"155048176","2380594361","0.0238095"
"2380594361","155048176","0.0238095"
"155048176","2510545792","0.0238095"
"2510545792","155048176","0.0238095"
"155048176","2591969760","0.0238095"
"2591969760","155048176","0.0238095"
"155048176","2603576337","0.0238095"
"2603576337","155048176","0.0238095"
"155048176","2801182223","0.0654762"
"2801182223","155048176","0.0654762"
"155048176","300988313","0.0654762"
"300988313","155048176","0.0654762"
"155048176","652649313","0.0654762"
"652649313","155048176","0.0654762"
"155048176","68850923","0.31746"
"68850923","155048176","0.31746"
"1586199398","1602278549","4.73571"
"1602278549","1586199398","4.73571"
"1586199398","165640288","0.345238"
"165640288","1586199398","0.345238"
"1586199398","168130279","0.0714286"
"168130279","1586199398","0.0714286"
"1586199398","171148194","0.0714286"
"171148194","1586199398","0.0714286"
"1586199398","174284967","0.0952381"
"174284967","1586199398","0.0952381"
"1586199398","175351670","0.0714286"
"175351670","1586199398","0.0714286"
"1586199398","1895867612","0.0238095"
"1895867612","1586199398","0.0238095"
"1586199398","190492733","0.0714286"
"190492733","1586199398","0.0714286"
"1586199398","1933110306","0.0714286"
"1933110306","1586199398","0.0714286"
"1586199398","1973756390","0.0238095"
"1973756390","1586199398","0.0238095"
"1586199398","198348660","0.285714"
"198348660","1586199398","0.285714"
"1586199398","199954805","0.0714286"
"199954805","1586199398","0.0714286"
"1586199398","2025748154","0.0238095"
"2025748154","1586199398","0.0238095"
"1586199398","2103526641","0.0714286"
"2103526641","1586199398","0.0714286"
"1586199398","2117693341","0.0238095"
"2117693341","1586199398","0.0238095"
"1586199398","2120675930","0.0952381"
"2120675930","1586199398","0.0952381"
"1586199398","2137991689","0.0952381"
"2137991689","1586199398","0.0952381"
"1586199398","2138794790","0.0238095"
"2138794790","1586199398","0.0238095"
"1586199398","2173801373","0.285714"
"2173801373","1586199398","0.285714"
"1586199398","2181488749","0.285714"
"2181488749","1586199398","0.285714"
"1586199398","2182912881","0.0952381"
"2182912881","1586199398","0.0952381"
"1586199398","2200187069","0.285714"
"2200187069","1586199398","0.285714"
"1586199398","2206531137","0.0238095"
"2206531137","1586199398","0.0238095"
"1586199398","2233108249","0.0952381"
"2233108249","1586199398","0.0952381"
"1586199398","2277174732","0.285714"
"2277174732","1586199398","0.285714"
"1586199398","2278509445","0.0714286"
"2278509445","1586199398","0.0714286"
"1586199398","236004366","0.0238095"
"236004366","1586199398","0.0238095"
"1586199398","2380594361","0.0238095"
"2380594361","1586199398","0.0238095"
"1586199398","2510545792","0.0238095"
"2510545792","1586199398","0.0238095"
"1586199398","2591969760","0.22381"
"2591969760","1586199398","0.22381"
"1586199398","2603576337","0.0238095"
"2603576337","1586199398","0.0238095"
"1586199398","2801182223","0.0238095"
"2801182223","1586199398","0.0238095"
"1586199398","300988313","0.0714286"
"300988313","1586199398","0.0714286"
"1586199398","652649313","0.27381"
"652649313","1586199398","0.27381"
"1586199398","68850923","0.285714"
"68850923","1586199398","0.285714"
"1602278549","165640288","0.345238"
"165640288","1602278549","0.345238"
"1602278549","168130279","0.126984"
"168130279","1602278549","0.126984"
"1602278549","171148194","0.126984"
"171148194","1602278549","0.126984"
"1602278549","174284967","0.150794"
"174284967","1602278549","0.150794"
"1602278549","175351670","0.0714286"
"175351670","1602278549","0.0714286"
"1602278549","1895867612","0.0793651"
"1895867612","1602278549","0.0793651"
"1602278549","190492733","0.126984"
"190492733","1602278549","0.126984"
"1602278549","1933110306","0.126984"
"1933110306","1602278549","0.126984"
"1602278549","1973756390","0.0793651"
"1973756390","1602278549","0.0793651"
"1602278549","198348660","0.285714"
"198348660","1602278549","0.285714"
"1602278549","199954805","0.126984"
"199954805","1602278549","0.126984"
"1602278549","2025748154","0.0238095"
"2025748154","1602278549","0.0238095"
"1602278549","2103526641","0.126984"
"2103526641","1602278549","0.126984"
"1602278549","2117693341","0.0793651"
"2117693341","1602278549","0.0793651"
"1602278549","2120675930","0.150794"
"2120675930","1602278549","0.150794"
"1602278549","2137991689","0.0952381"
"2137991689","1602278549","0.0952381"
"1602278549","2138794790","0.0238095"
"2138794790","1602278549","0.0238095"
"1602278549","2173801373","0.285714"
"2173801373","1602278549","0.285714"
"1602278549","2181488749","0.285714"
"2181488749","1602278549","0.285714"
"1602278549","2182912881","0.150794"
"2182912881","1602278549","0.150794"
"1602278549","2200187069","0.285714"
"2200187069","1602278549","0.285714"
"1602278549","2206531137","0.0238095"
"2206531137","1602278549","0.0238095"
"1602278549","2233108249","0.150794"
"2233108249","1602278549","0.150794"
"1602278549","2277174732","0.34127"
"2277174732","1602278549","0.34127"
"1602278549","2278509445","0.0714286"
"2278509445","1602278549","0.0714286"
"1602278549","236004366","0.0238095"
"236004366","1602278549","0.0238095"
"1602278549","2380594361","0.0238095"
"2380594361","1602278549","0.0238095"
"1602278549","2510545792","0.0238095"
"2510545792","1602278549","0.0238095"
"1602278549","2591969760","0.22381"
"2591969760","1602278549","0.22381"
"1602278549","2603576337","0.0238095"
"2603576337","1602278549","0.0238095"
"1602278549","2801182223","0.0238095"
"2801182223","1602278549","0.0238095"
"1602278549","300988313","0.126984"
"300988313","1602278549","0.126984"
"1602278549","652649313","0.329365"
"652649313","1602278549","0.329365"
"1602278549","68850923","0.285714"
"68850923","1602278549","0.285714"
"165640288","168130279","0.0238095"
"168130279","165640288","0.0238095"
"165640288","171148194","0.0238095"
"171148194","165640288","0.0238095"
"165640288","174284967","0.0952381"
"174284967","165640288","0.0952381"
"165640288","175351670","0.0238095"
"175351670","165640288","0.0238095"
"165640288","1895867612","0.0238095"
"1895867612","165640288","0.0238095"
"165640288","190492733","0.0238095"
"190492733","165640288","0.0238095"
"165640288","1933110306","0.0238095"
"1933110306","165640288","0.0238095"
"165640288","1973756390","0.0238095"
"1973756390","165640288","0.0238095"
"165640288","198348660","0.0952381"
"198348660","165640288","0.0952381"
"165640288","199954805","0.0238095"
"199954805","165640288","0.0238095"
"165640288","2025748154","0.296537"
"2025748154","165640288","0.296537"
"165640288","2103526641","0.0238095"
"2103526641","165640288","0.0238095"
"165640288","2117693341","0.0238095"
"2117693341","165640288","0.0238095"
"165640288","2120675930","0.0952381"
"2120675930","165640288","0.0952381"
"165640288","2137991689","2.18615"
"2137991689","165640288","2.18615"
"165640288","2138794790","0.0238095"
"2138794790","165640288","0.0238095"
"165640288","2173801373","0.0952381"
"2173801373","165640288","0.0952381"
"165640288","2181488749","0.701299"
"2181488749","165640288","0.701299"
"165640288","2182912881","0.0952381"
"2182912881","165640288","0.0952381"
"165640288","2200187069","0.0952381"
"2200187069","165640288","0.0952381"
"165640288","2206531137","0.0238095"
"2206531137","165640288","0.0238095"
"165640288","2233108249","0.928571"
"2233108249","165640288","0.928571"
"165640288","2277174732","0.519481"
"2277174732","165640288","0.519481"
"165640288","2278509445","0.0238095"
"2278509445","165640288","0.0238095"
"165640288","236004366","0.0238095"
"236004366","165640288","0.0238095"
"165640288","2380594361","0.0238095"
"2380594361","165640288","0.0238095"
"165640288","2510545792","0.0238095"
"2510545792","165640288","0.0238095"
"165640288","2591969760","0.0238095"
"2591969760","165640288","0.0238095"
"165640288","2603576337","0.0238095"
"2603576337","165640288","0.0238095"
"165640288","2801182223","0.0238095"
"2801182223","165640288","0.0238095"
"165640288","300988313","0.0238095"
"300988313","165640288","0.0238095"
"165640288","652649313","0.27381"
"652649313","165640288","0.27381"
"165640288","68850923","0.428571"
"68850923","165640288","0.428571"
"168130279","171148194","0.740079"
"171148194","168130279","0.740079"
"168130279","174284967","1.8959"
"174284967","168130279","1.8959"
"168130279","175351670","0.108466"
"175351670","168130279","0.108466"
"168130279","1895867612","1.8959"
"1895867612","168130279","1.8959"
"168130279","190492733","1.0713"
"190492733","168130279","1.0713"
"168130279","1933110306","1.23797"
"1933110306","168130279","1.23797"
"168130279","1973756390","0.500071"
"1973756390","168130279","0.500071"
"168130279","198348660","0.0714286"
"198348660","168130279","0.0714286"
"168130279","199954805","0.534854"
"199954805","168130279","0.534854"
"168130279","2025748154","0.0238095"
"2025748154","168130279","0.0238095"
"168130279","2103526641","0.740079"
"2103526641","168130279","0.740079"
"168130279","2117693341","0.562571"
"2117693341","168130279","0.562571"
"168130279","2120675930","0.562571"
"2120675930","168130279","0.562571"
"168130279","2137991689","0.0238095"
"2137991689","168130279","0.0238095"
"168130279","2138794790","0.0238095"
"2138794790","168130279","0.0238095"
"168130279","2173801373","0.213095"
"2173801373","168130279","0.213095"
"168130279","2181488749","0.0714286"
"2181488749","168130279","0.0714286"
"168130279","2182912881","0.19246"
"2182912881","168130279","0.19246"
"168130279","2200187069","0.0714286"
"2200187069","168130279","0.0714286"
"168130279","2206531137","0.308603"
"2206531137","168130279","0.308603"
"168130279","2233108249","0.300926"
"2233108249","168130279","0.300926"
"168130279","2277174732","0.472355"
"2277174732","168130279","0.472355"
"168130279","2278509445","0.0714286"
"2278509445","168130279","0.0714286"
"168130279","236004366","0.301659"
"236004366","168130279","0.301659"
"168130279","2380594361","0.123347"
"2380594361","168130279","0.123347"
"168130279","2510545792","0.123347"
"2510545792","168130279","0.123347"
"168130279","2591969760","0.123347"
"2591969760","168130279","0.123347"
"168130279","2603576337","0.0238095"
"2603576337","168130279","0.0238095"
"168130279","2801182223","0.308603"
"2801182223","168130279","0.308603"
"168130279","300988313","1.23797"
"300988313","168130279","1.23797"
"168130279","652649313","0.729238"
"652649313","168130279","0.729238"
"168130279","68850923","0.108466"
"68850923","168130279","0.108466"
"171148194","174284967","0.516703"
"174284967","171148194","0.516703"
"171148194","175351670","0.404762"
"175351670","171148194","0.404762"
"171148194","1895867612","0.314683"
"1895867612","171148194","0.314683"
"171148194","190492733","0.573413"
"190492733","171148194","0.573413"
"171148194","1933110306","0.740079"
"1933110306","171148194","0.740079"
"171148194","1973756390","0.314683"
"1973756390","171148194","0.314683"
"171148194","198348660","0.0714286"
"198348660","171148194","0.0714286"
"171148194","199954805","0.435317"
"199954805","171148194","0.435317"
"171148194","2025748154","0.0238095"
"2025748154","171148194","0.0238095"
"171148194","2103526641","1.08496"
"2103526641","171148194","1.08496"
"171148194","2117693341","0.314683"
"2117693341","171148194","0.314683"
"171148194","2120675930","0.516703"
"2120675930","171148194","0.516703"
"171148194","2137991689","0.0238095"
"2137991689","171148194","0.0238095"
"171148194","2138794790","0.0238095"
"2138794790","171148194","0.0238095"
"171148194","2173801373","0.446861"
"2173801373","171148194","0.446861"
"171148194","2181488749","0.305195"
"2181488749","171148194","0.305195"
"171148194","2182912881","0.823052"
"2182912881","171148194","0.823052"
"171148194","2200187069","0.0714286"
"2200187069","171148194","0.0714286"
"171148194","2206531137","0.132143"
"2206531137","171148194","0.132143"
"171148194","2233108249","0.394481"
"2233108249","171148194","0.394481"
"171148194","2277174732","1.11353"
"2277174732","171148194","1.11353"
"171148194","2278509445","0.0714286"
"2278509445","171148194","0.0714286"
"171148194","236004366","0.187698"
"236004366","171148194","0.187698"
"171148194","2380594361","0.0238095"
"2380594361","171148194","0.0238095"
"171148194","2510545792","0.0238095"
"2510545792","171148194","0.0238095"
"171148194","2591969760","0.0238095"
"2591969760","171148194","0.0238095"
"171148194","2603576337","0.0238095"
"2603576337","171148194","0.0238095"
"171148194","2801182223","0.132143"
"2801182223","171148194","0.132143"
"171148194","300988313","0.740079"
"300988313","171148194","0.740079"
"171148194","652649313","0.481349"
"652649313","171148194","0.481349"
"171148194","68850923","0.749639"
"68850923","171148194","0.749639"
"174284967","175351670","0.0608466"
"175351670","174284967","0.0608466"
"174284967","1895867612","1.8959"
"1895867612","174284967","1.8959"
"174284967","190492733","1.56257"
"190492733","174284967","1.56257"
"174284967","1933110306","1.56257"
"1933110306","174284967","1.56257"
"174284967","1973756390","0.500071"
"1973756390","174284967","0.500071"
"174284967","198348660","0.0952381"
"198348660","174284967","0.0952381"
"174284967","199954805","0.276124"
"199954805","174284967","0.276124"
"174284967","2025748154","0.0238095"
"2025748154","174284967","0.0238095"
"174284967","2103526641","0.627814"
"2103526641","174284967","0.627814"
"174284967","2117693341","0.562571"
"2117693341","174284967","0.562571"
"174284967","2120675930","1.94713"
"2120675930","174284967","1.94713"
"174284967","2137991689","0.0952381"
"2137991689","174284967","0.0952381"
"174284967","2138794790","0.0238095"
"2138794790","174284967","0.0238095"
"174284967","2173801373","0.338925"
"2173801373","174284967","0.338925"
"174284967","2181488749","0.297258"
"2181488749","174284967","0.297258"
"174284967","2182912881","0.57702"
"2182912881","174284967","0.57702"
"174284967","2200187069","0.0952381"
"2200187069","174284967","0.0952381"
"174284967","2206531137","0.308603"
"2206531137","174284967","0.308603"
"174284967","2233108249","0.685486"
"2233108249","174284967","0.685486"
"174284967","2277174732","0.598184"
"2277174732","174284967","0.598184"
"174284967","2278509445","0.0238095"
"2278509445","174284967","0.0238095"
"174284967","236004366","0.301659"
"236004366","174284967","0.301659"
"174284967","2380594361","0.123347"
"2380594361","174284967","0.123347"
"174284967","2510545792","0.123347"
"2510545792","174284967","0.123347"
"174284967","2591969760","0.123347"
"2591969760","174284967","0.123347"
"174284967","2603576337","0.0238095"
"2603576337","174284967","0.0238095"
"174284967","2801182223","0.308603"
"2801182223","174284967","0.308603"
"174284967","300988313","0.562571"
"300988313","174284967","0.562571"
"174284967","652649313","0.562571"
"652649313","174284967","0.562571"
"174284967","68850923","0.445406"
"68850923","174284967","0.445406"
"175351670","1895867612","0.0608466"
"1895867612","175351670","0.0608466"
"175351670","190492733","0.108466"
"190492733","175351670","0.108466"
"175351670","1933110306","0.608466"
