"1012437038","1553334255","1.87778"
"1553334255","1012437038","1.87778"
"1012437038","1688381913","5.27341"
"1688381913","1012437038","5.27341"
"1012437038","1741919878","5.27341"
"1741919878","1012437038","5.27341"
"1012437038","1837128995","5.27341"
"1837128995","1012437038","5.27341"
"1012437038","2144117594","5.27341"
"2144117594","1012437038","5.27341"
"1012437038","2262160116","5.27341"
"2262160116","1012437038","5.27341"
"1012437038","2280712897","5.10675"
"2280712897","1012437038","5.10675"
"1012437038","2281609994","4.96389"
"2281609994","1012437038","4.96389"
"1012437038","935218372","5.10675"
"935218372","1012437038","5.10675"
"1553334255","1688381913","2.6373"
"1688381913","1553334255","2.6373"
"1553334255","1741919878","2.3873"
"1741919878","1553334255","2.3873"
"1553334255","1837128995","2.6373"
"1837128995","1553334255","2.6373"
"1553334255","2144117594","2.6373"
"2144117594","1553334255","2.6373"
"1553334255","2262160116","2.6373"
"2262160116","1553334255","2.6373"
"1553334255","2280712897","1.87778"
"2280712897","1553334255","1.87778"
"1553334255","2281609994","1.87778"
"2281609994","1553334255","1.87778"
"1553334255","935218372","2.1873"
"935218372","1553334255","2.1873"
"1688381913","1741919878","8.68294"
"1741919878","1688381913","8.68294"
"1688381913","1837128995","8.93294"
"1837128995","1688381913","8.93294"
"1688381913","2144117594","8.93294"
"2144117594","1688381913","8.93294"
"1688381913","2262160116","9.93294"
"2262160116","1688381913","9.93294"
"1688381913","2280712897","6.10675"
"2280712897","1688381913","6.10675"
"1688381913","2281609994","5.36389"
"2281609994","1688381913","5.36389"
"1688381913","935218372","5.41627"
"935218372","1688381913","5.41627"
"1741919878","1837128995","9.18294"
"1837128995","1741919878","9.18294"
"1741919878","2144117594","9.18294"
"2144117594","1741919878","9.18294"
"1741919878","2262160116","10.0163"
"2262160116","1741919878","10.0163"
"1741919878","2280712897","5.10675"
"2280712897","1741919878","5.10675"
"1741919878","2281609994","5.69722"
"2281609994","1741919878","5.69722"
"1741919878","935218372","5.41627"
"935218372","1741919878","5.41627"
"1837128995","2144117594","9.43294"
"2144117594","1837128995","9.43294"
"1837128995","2262160116","8.93294"
"2262160116","1837128995","8.93294"
"1837128995","2280712897","5.10675"
"2280712897","1837128995","5.10675"
"1837128995","2281609994","5.36389"
"2281609994","1837128995","5.36389"
"1837128995","935218372","5.41627"
"935218372","1837128995","5.41627"
"2144117594","2262160116","8.93294"
"2262160116","2144117594","8.93294"
"2144117594","2280712897","5.10675"
"2280712897","2144117594","5.10675"
"2144117594","2281609994","5.36389"
"2281609994","2144117594","5.36389"
"2144117594","935218372","5.41627"
"935218372","2144117594","5.41627"
"2262160116","2280712897","5.10675"
"2280712897","2262160116","5.10675"
"2262160116","2281609994","5.69722"
"2281609994","2262160116","5.69722"
"2262160116","935218372","5.41627"
"935218372","2262160116","5.41627"
"2280712897","2281609994","4.96389"
"2281609994","2280712897","4.96389"
"2280712897","935218372","5.10675"
"935218372","2280712897","5.10675"
"2281609994","935218372","4.96389"
"935218372","2281609994","4.96389"
"1012437038","2604633287","0.477778"
"2604633287","1012437038","0.477778"
"1688381913","2604633287","0.477778"
"2604633287","1688381913","0.477778"
"1741919878","2604633287","0.477778"
"2604633287","1741919878","0.477778"
"1837128995","2604633287","0.477778"
"2604633287","1837128995","0.477778"
"2144117594","2604633287","0.477778"
"2604633287","2144117594","0.477778"
"2262160116","2604633287","0.477778"
"2604633287","2262160116","0.477778"
"2280712897","2604633287","0.311111"
"2604633287","2280712897","0.311111"
"2281609994","2604633287","0.311111"
"2604633287","2281609994","0.311111"
"2604633287","935218372","0.311111"
"935218372","2604633287","0.311111"
"1012437038","1802920660","0.1"
"1802920660","1012437038","0.1"
"1688381913","1802920660","0.1"
"1802920660","1688381913","0.1"
"1741919878","1802920660","0.1"
"1802920660","1741919878","0.1"
"1802920660","1837128995","0.1"
"1837128995","1802920660","0.1"
"1802920660","2144117594","0.1"
"2144117594","1802920660","0.1"
"1802920660","2262160116","0.1"
"2262160116","1802920660","0.1"
"1802920660","2280712897","0.1"
"2280712897","1802920660","0.1"
"1802920660","2281609994","0.1"
"2281609994","1802920660","0.1"
"1802920660","2604633287","0.1"
"2604633287","1802920660","0.1"
"1802920660","935218372","0.1"
"935218372","1802920660","0.1"
"1553334255","2604633287","0.1"
"2604633287","1553334255","0.1"
"1553334255","2414701821","0.142857"
"2414701821","1553334255","0.142857"
"1688381913","2414701821","0.142857"
"2414701821","1688381913","0.142857"
"1741919878","2414701821","0.142857"
"2414701821","1741919878","0.142857"
"1837128995","2414701821","0.142857"
"2414701821","1837128995","0.142857"
"2144117594","2414701821","0.142857"
"2414701821","2144117594","0.142857"
"2262160116","2414701821","0.142857"
"2414701821","2262160116","0.142857"
"2414701821","935218372","0.142857"
"935218372","2414701821","0.142857"
"1741919878","2253778459","0.333333"
"2253778459","1741919878","0.333333"
"2253778459","2262160116","0.333333"
"2262160116","2253778459","0.333333"
"2253778459","2281609994","0.333333"
"2281609994","2253778459","0.333333"
"1802920660","2414701821","2"
"2414701821","1802920660","2"
"1892929678","2259654555","1"
"2259654555","1892929678","1"
