"137549637","1550514379","0.916667"
"1550514379","137549637","0.916667"
"137549637","1601218379","0.916667"
"1601218379","137549637","0.916667"
"137549637","2152955531","22.6167"
"2152955531","137549637","22.6167"
"1550514379","1601218379","7.75"
"1601218379","1550514379","7.75"
"1550514379","2152955531","1.25"
"2152955531","1550514379","1.25"
"1601218379","2152955531","1.25"
"2152955531","1601218379","1.25"
"137549637","1655456","2.83333"
"1655456","137549637","2.83333"
"137549637","187875600","1.53333"
"187875600","137549637","1.53333"
"137549637","2144699258","1.45"
"2144699258","137549637","1.45"
"1550514379","1655456","1.25"
"1655456","1550514379","1.25"
"1550514379","187875600","0.833333"
"187875600","1550514379","0.833333"
"1550514379","2144699258","0.166667"
"2144699258","1550514379","0.166667"
"1601218379","1655456","1.25"
"1655456","1601218379","1.25"
"1601218379","187875600","0.833333"
"187875600","1601218379","0.833333"
"1601218379","2144699258","0.166667"
"2144699258","1601218379","0.166667"
"1655456","187875600","0.166667"
"187875600","1655456","0.166667"
"1655456","2144699258","0.166667"
"2144699258","1655456","0.166667"
"1655456","2152955531","4"
"2152955531","1655456","4"
"187875600","2144699258","1.36667"
"2144699258","187875600","1.36667"
"187875600","2152955531","2.03333"
"2152955531","187875600","2.03333"
"2144699258","2152955531","1.45"
"2152955531","2144699258","1.45"
"137549637","1540548505","1.75"
"1540548505","137549637","1.75"
"1540548505","2152955531","2.58333"
"2152955531","1540548505","2.58333"
"137549637","2121320294","0.166667"
"2121320294","137549637","0.166667"
"137549637","2401054255","0.366667"
"2401054255","137549637","0.366667"
"1550514379","2121320294","0.666667"
"2121320294","1550514379","0.666667"
"1550514379","2401054255","0.166667"
"2401054255","1550514379","0.166667"
"1601218379","2121320294","0.666667"
"2121320294","1601218379","0.666667"
"1601218379","2401054255","0.166667"
"2401054255","1601218379","0.166667"
"187875600","2121320294","0.166667"
"2121320294","187875600","0.166667"
"187875600","2401054255","0.366667"
"2401054255","187875600","0.366667"
"2121320294","2152955531","0.166667"
"2152955531","2121320294","0.166667"
"2121320294","2401054255","0.166667"
"2401054255","2121320294","0.166667"
"2152955531","2401054255","0.366667"
"2401054255","2152955531","0.366667"
"137549637","1581184532","0.25"
"1581184532","137549637","0.25"
"137549637","2099205108","0.45"
"2099205108","137549637","0.45"
"1581184532","2099205108","0.361111"
"2099205108","1581184532","0.361111"
"1581184532","2144699258","1.25"
"2144699258","1581184532","1.25"
"1581184532","2152955531","0.25"
"2152955531","1581184532","0.25"
"2099205108","2144699258","0.45"
"2144699258","2099205108","0.45"
"2099205108","2152955531","0.95"
"2152955531","2099205108","0.95"
"137549637","1561983441","0.333333"
"1561983441","137549637","0.333333"
"1561983441","2144699258","3.33333"
"2144699258","1561983441","3.33333"
"1561983441","2152955531","0.333333"
"2152955531","1561983441","0.333333"
"137549637","1586871184","1.08333"
"1586871184","137549637","1.08333"
"1540548505","1586871184","5.75"
"1586871184","1540548505","5.75"
"1540548505","1655456","4.08333"
"1655456","1540548505","4.08333"
"1586871184","1655456","3.08333"
"1655456","1586871184","3.08333"
"1586871184","2152955531","1.08333"
"2152955531","1586871184","1.08333"
"137549637","2033368661","0.333333"
"2033368661","137549637","0.333333"
"1655456","2033368661","0.666667"
"2033368661","1655456","0.666667"
"2033368661","2152955531","0.666667"
"2152955531","2033368661","0.666667"
"187875600","2099205108","0.7"
"2099205108","187875600","0.7"
"2099205108","2401054255","0.311111"
"2401054255","2099205108","0.311111"
"2144699258","2401054255","0.2"
"2401054255","2144699258","0.2"
"1494575468","2097981871","14.0694"
"2097981871","1494575468","14.0694"
"1494575468","1543512222","2.06944"
"1543512222","1494575468","2.06944"
"1494575468","2057108984","0.902778"
"2057108984","1494575468","0.902778"
"1543512222","2057108984","0.902778"
"2057108984","1543512222","0.902778"
"1543512222","2097981871","2.06944"
"2097981871","1543512222","2.06944"
"2057108984","2097981871","0.902778"
"2097981871","2057108984","0.902778"
"1494575468","155384935","0.236111"
"155384935","1494575468","0.236111"
"1494575468","1561983441","0.236111"
"1561983441","1494575468","0.236111"
"1494575468","1581184532","0.569444"
"1581184532","1494575468","0.569444"
"1494575468","2401054255","0.236111"
"2401054255","1494575468","0.236111"
"1494575468","2510523362","0.458333"
"2510523362","1494575468","0.458333"
"1543512222","155384935","0.236111"
"155384935","1543512222","0.236111"
"1543512222","1561983441","0.236111"
"1561983441","1543512222","0.236111"
"1543512222","1581184532","2.90278"
"1581184532","1543512222","2.90278"
"1543512222","2401054255","0.236111"
"2401054255","1543512222","0.236111"
"1543512222","2510523362","0.791667"
"2510523362","1543512222","0.791667"
"155384935","1561983441","1.48611"
"1561983441","155384935","1.48611"
"155384935","1581184532","0.569444"
"1581184532","155384935","0.569444"
"155384935","2057108984","1.65278"
"2057108984","155384935","1.65278"
"155384935","2097981871","0.236111"
"2097981871","155384935","0.236111"
"155384935","2401054255","3.31944"
"2401054255","155384935","3.31944"
"155384935","2510523362","1.45833"
"2510523362","155384935","1.45833"
"1561983441","1581184532","0.236111"
"1581184532","1561983441","0.236111"
"1561983441","2057108984","1.98611"
"2057108984","1561983441","1.98611"
"1561983441","2097981871","0.236111"
"2097981871","1561983441","0.236111"
"1561983441","2401054255","1.98611"
"2401054255","1561983441","1.98611"
"1561983441","2510523362","1.375"
"2510523362","1561983441","1.375"
"1581184532","2057108984","0.569444"
"2057108984","1581184532","0.569444"
"1581184532","2097981871","0.569444"
"2097981871","1581184532","0.569444"
"1581184532","2401054255","0.236111"
"2401054255","1581184532","0.236111"
"1581184532","2510523362","0.458333"
"2510523362","1581184532","0.458333"
"2057108984","2401054255","1.48611"
"2401054255","2057108984","1.48611"
"2057108984","2510523362","0.708333"
"2510523362","2057108984","0.708333"
"2097981871","2401054255","0.236111"
"2401054255","2097981871","0.236111"
"2097981871","2510523362","0.458333"
"2510523362","2097981871","0.458333"
"2401054255","2510523362","0.708333"
"2510523362","2401054255","0.708333"
"1494575468","2099205108","0.111111"
"2099205108","1494575468","0.111111"
"1494575468","2496611949","0.111111"
"2496611949","1494575468","0.111111"
"1543512222","2099205108","1.11111"
"2099205108","1543512222","1.11111"
"1543512222","2496611949","0.444444"
"2496611949","1543512222","0.444444"
"155384935","2099205108","0.111111"
"2099205108","155384935","0.111111"
"155384935","2496611949","0.111111"
"2496611949","155384935","0.111111"
"1561983441","2099205108","0.111111"
"2099205108","1561983441","0.111111"
"1561983441","2496611949","0.611111"
"2496611949","1561983441","0.611111"
"1581184532","2496611949","0.444444"
"2496611949","1581184532","0.444444"
"2057108984","2099205108","0.444444"
"2099205108","2057108984","0.444444"
"2057108984","2496611949","0.944444"
"2496611949","2057108984","0.944444"
"2097981871","2099205108","0.111111"
"2099205108","2097981871","0.111111"
"2097981871","2496611949","0.111111"
"2496611949","2097981871","0.111111"
"2099205108","2496611949","0.444444"
"2496611949","2099205108","0.444444"
"2401054255","2496611949","0.111111"
"2496611949","2401054255","0.111111"
"1540548505","2401054255","0.5"
"2401054255","1540548505","0.5"
"1586871184","2401054255","1"
"2401054255","1586871184","1"
"1540548505","2033368661","0.333333"
"2033368661","1540548505","0.333333"
"2496611949","2510523362","0.666667"
"2510523362","2496611949","0.666667"
"155384935","2518248186","2"
"2518248186","155384935","2"
"1581184532","2518248186","1.33333"
"2518248186","1581184532","1.33333"
"2057108984","2518248186","1.41667"
"2518248186","2057108984","1.41667"
"2401054255","2518248186","0.583333"
"2518248186","2401054255","0.583333"
"2510523362","2518248186","5.33333"
"2518248186","2510523362","5.33333"
"155384935","2592632184","0.25"
"2592632184","155384935","0.25"
"1561983441","2592632184","1.25"
"2592632184","1561983441","1.25"
"2057108984","2592632184","0.25"
"2592632184","2057108984","0.25"
"2401054255","2592632184","0.25"
"2592632184","2401054255","0.25"
"155384935","2101737524","0.333333"
"2101737524","155384935","0.333333"
"2057108984","2101737524","0.333333"
"2101737524","2057108984","0.333333"
"2101737524","2518248186","0.333333"
"2518248186","2101737524","0.333333"
"1561983441","2075986968","0.5"
"2075986968","1561983441","0.5"
"2057108984","2075986968","0.5"
"2075986968","2057108984","0.5"
"2075986968","2401054255","0.5"
"2401054255","2075986968","0.5"
"2075986968","2510523362","1.25"
"2510523362","2075986968","1.25"
"1561983441","2518248186","0.75"
"2518248186","1561983441","0.75"
"2075986968","2518248186","0.25"
"2518248186","2075986968","0.25"
"1655456","2401054255","0.5"
"2401054255","1655456","0.5"
"1586871184","2043314203","0.5"
"2043314203","1586871184","0.5"
"1586871184","2132029108","0.5"
"2132029108","1586871184","0.5"
"2043314203","2132029108","11"
"2132029108","2043314203","11"
"1586871184","2139279521","1"
"2139279521","1586871184","1"
"2033368661","2132029108","3.5"
"2132029108","2033368661","3.5"
"2033368661","2043314203","0.5"
"2043314203","2033368661","0.5"
"2099205108","2510523362","0.333333"
"2510523362","2099205108","0.333333"
"2075986968","2592632184","1"
"2592632184","2075986968","1"
"2496611949","2518248186","1"
"2518248186","2496611949","1"
"2510523362","2621053197","1"
"2621053197","2510523362","1"
"2510523362","2604773392","1"
"2604773392","2510523362","1"
"2592632184","2621053197","5"
"2621053197","2592632184","5"
