"1004528724","1541489653","31.9333"
"1541489653","1004528724","31.9333"
"1004528724","1613863526","1.41667"
"1613863526","1004528724","1.41667"
"1004528724","2156533622","1.41667"
"2156533622","1004528724","1.41667"
"1541489653","1613863526","89.9435"
"1613863526","1541489653","89.9435"
"1541489653","2156533622","89.9435"
"2156533622","1541489653","89.9435"
"1613863526","2156533622","89.9435"
"2156533622","1613863526","89.9435"
"1004528724","2154909745","0.75"
"2154909745","1004528724","0.75"
"1541489653","2154909745","77.9166"
"2154909745","1541489653","77.9166"
"1613863526","2154909745","77.4166"
"2154909745","1613863526","77.4166"
"2154909745","2156533622","77.9166"
"2156533622","2154909745","77.9166"
"1004528724","1802553071","1.01667"
"1802553071","1004528724","1.01667"
"1541489653","1802553071","2.0873"
"1802553071","1541489653","2.0873"
"1004528724","1892313947","0.516667"
"1892313947","1004528724","0.516667"
"1004528724","2100475320","0.516667"
"2100475320","1004528724","0.516667"
"1541489653","1892313947","1.0373"
"1892313947","1541489653","1.0373"
"1541489653","2100475320","0.727778"
"2100475320","1541489653","0.727778"
"1802553071","1892313947","22.4492"
"1892313947","1802553071","22.4492"
"1802553071","2100475320","12.1397"
"2100475320","1802553071","12.1397"
"1892313947","2100475320","12.2397"
"2100475320","1892313947","12.2397"
"1004528724","2293773607","0.6"
"2293773607","1004528724","0.6"
"1541489653","2293773607","4.30192"
"2293773607","1541489653","4.30192"
"1004528724","1490315495","0.1"
"1490315495","1004528724","0.1"
"1004528724","1490504002","0.1"
"1490504002","1004528724","0.1"
"1004528724","1915623367","0.266667"
"1915623367","1004528724","0.266667"
"1004528724","2401336278","0.1"
"2401336278","1004528724","0.1"
"1004528724","2413363221","0.266667"
"2413363221","1004528724","0.266667"
"1490315495","1490504002","3.63526"
"1490504002","1490315495","3.63526"
"1490315495","1541489653","0.301923"
"1541489653","1490315495","0.301923"
"1490315495","1802553071","0.1"
"1802553071","1490315495","0.1"
"1490315495","1892313947","0.1"
"1892313947","1490315495","0.1"
"1490315495","1915623367","0.1"
"1915623367","1490315495","0.1"
"1490315495","2100475320","0.1"
"2100475320","1490315495","0.1"
"1490315495","2293773607","6.96859"
"2293773607","1490315495","6.96859"
"1490315495","2401336278","3.63526"
"2401336278","1490315495","3.63526"
"1490315495","2413363221","0.1"
"2413363221","1490315495","0.1"
"1490504002","1541489653","0.301923"
"1541489653","1490504002","0.301923"
"1490504002","1802553071","0.1"
"1802553071","1490504002","0.1"
"1490504002","1892313947","0.1"
"1892313947","1490504002","0.1"
"1490504002","1915623367","0.1"
"1915623367","1490504002","0.1"
"1490504002","2100475320","0.1"
"2100475320","1490504002","0.1"
"1490504002","2293773607","7.30192"
"2293773607","1490504002","7.30192"
"1490504002","2401336278","7.96859"
"2401336278","1490504002","7.96859"
"1490504002","2413363221","0.1"
"2413363221","1490504002","0.1"
"1541489653","1915623367","0.377778"
"1915623367","1541489653","0.377778"
"1541489653","2401336278","0.301923"
"2401336278","1541489653","0.301923"
"1541489653","2413363221","0.687302"
"2413363221","1541489653","0.687302"
"1802553071","1915623367","14.8897"
"1915623367","1802553071","14.8897"
"1802553071","2293773607","0.3"
"2293773607","1802553071","0.3"
"1802553071","2401336278","0.1"
"2401336278","1802553071","0.1"
"1802553071","2413363221","10.0802"
"2413363221","1802553071","10.0802"
"1892313947","1915623367","9.88968"
"1915623367","1892313947","9.88968"
"1892313947","2293773607","0.2"
"2293773607","1892313947","0.2"
"1892313947","2401336278","0.1"
"2401336278","1892313947","0.1"
"1892313947","2413363221","10.0802"
"2413363221","1892313947","10.0802"
"1915623367","2100475320","9.88968"
"2100475320","1915623367","9.88968"
"1915623367","2293773607","0.1"
"2293773607","1915623367","0.1"
"1915623367","2401336278","0.1"
"2401336278","1915623367","0.1"
"1915623367","2413363221","2.77063"
"2413363221","1915623367","2.77063"
"2100475320","2293773607","0.2"
"2293773607","2100475320","0.2"
"2100475320","2401336278","0.1"
"2401336278","2100475320","0.1"
"2100475320","2413363221","1.77063"
"2413363221","2100475320","1.77063"
"2293773607","2401336278","11.3019"
"2401336278","2293773607","11.3019"
"2293773607","2413363221","0.1"
"2413363221","2293773607","0.1"
"2401336278","2413363221","0.1"
"2413363221","2401336278","0.1"
"1490315495","2053832511","0.86859"
"2053832511","1490315495","0.86859"
"1490504002","2053832511","1.20192"
"2053832511","1490504002","1.20192"
"2053832511","2401336278","1.20192"
"2401336278","2053832511","1.20192"
"1490315495","1613863526","0.201923"
"1613863526","1490315495","0.201923"
"1490315495","2154909745","0.125"
"2154909745","1490315495","0.125"
"1490315495","2156533622","0.201923"
"2156533622","1490315495","0.201923"
"1490504002","1613863526","0.201923"
"1613863526","1490504002","0.201923"
"1490504002","2154909745","0.125"
"2154909745","1490504002","0.125"
"1490504002","2156533622","0.201923"
"2156533622","1490504002","0.201923"
"1541489653","2053832511","1.40385"
"2053832511","1541489653","1.40385"
"1613863526","2053832511","1.40385"
"2053832511","1613863526","1.40385"
"1613863526","2293773607","3.70192"
"2293773607","1613863526","3.70192"
"1613863526","2401336278","0.201923"
"2401336278","1613863526","0.201923"
"2053832511","2154909745","1.37692"
"2154909745","2053832511","1.37692"
"2053832511","2156533622","1.40385"
"2156533622","2053832511","1.40385"
"2053832511","2293773607","1.53526"
"2293773607","2053832511","1.53526"
"2154909745","2293773607","2.75833"
"2293773607","2154909745","2.75833"
"2154909745","2401336278","0.125"
"2401336278","2154909745","0.125"
"2156533622","2293773607","3.70192"
"2293773607","2156533622","3.70192"
"2156533622","2401336278","0.201923"
"2401336278","2156533622","0.201923"
"1490315495","1671031071","0.0769231"
"1671031071","1490315495","0.0769231"
"1490315495","2120562931","0.0769231"
"2120562931","1490315495","0.0769231"
"1490315495","2145325044","0.0769231"
"2145325044","1490315495","0.0769231"
"1490315495","2149209089","0.0769231"
"2149209089","1490315495","0.0769231"
"1490315495","2156817460","0.0769231"
"2156817460","1490315495","0.0769231"
"1490315495","2963311060","0.0769231"
"2963311060","1490315495","0.0769231"
"1490504002","1671031071","0.0769231"
"1671031071","1490504002","0.0769231"
"1490504002","2120562931","0.0769231"
"2120562931","1490504002","0.0769231"
"1490504002","2145325044","0.0769231"
"2145325044","1490504002","0.0769231"
"1490504002","2149209089","0.0769231"
"2149209089","1490504002","0.0769231"
"1490504002","2156817460","0.0769231"
"2156817460","1490504002","0.0769231"
"1490504002","2963311060","0.0769231"
"2963311060","1490504002","0.0769231"
"1541489653","1671031071","0.421703"
"1671031071","1541489653","0.421703"
"1541489653","2120562931","0.862179"
"2120562931","1541489653","0.862179"
"1541489653","2145325044","0.0769231"
"2145325044","1541489653","0.0769231"
"1541489653","2149209089","0.778846"
"2149209089","1541489653","0.778846"
"1541489653","2156817460","0.421703"
"2156817460","1541489653","0.421703"
"1541489653","2963311060","0.153846"
"2963311060","1541489653","0.153846"
"1613863526","1671031071","0.421703"
"1671031071","1613863526","0.421703"
"1613863526","2120562931","0.862179"
"2120562931","1613863526","0.862179"
"1613863526","2145325044","0.0769231"
"2145325044","1613863526","0.0769231"
"1613863526","2149209089","0.778846"
"2149209089","1613863526","0.778846"
"1613863526","2156817460","0.421703"
"2156817460","1613863526","0.421703"
"1613863526","2963311060","0.153846"
"2963311060","1613863526","0.153846"
"1671031071","2053832511","1.02885"
"2053832511","1671031071","1.02885"
"1671031071","2120562931","0.671703"
"2120562931","1671031071","0.671703"
"1671031071","2145325044","0.0769231"
"2145325044","1671031071","0.0769231"
"1671031071","2149209089","0.421703"
"2149209089","1671031071","0.421703"
"1671031071","2156533622","0.421703"
"2156533622","1671031071","0.421703"
"1671031071","2156817460","10.3146"
"2156817460","1671031071","10.3146"
"1671031071","2293773607","0.0769231"
"2293773607","1671031071","0.0769231"
"1671031071","2401336278","0.0769231"
"2401336278","1671031071","0.0769231"
"1671031071","2963311060","0.153846"
"2963311060","1671031071","0.153846"
"2053832511","2120562931","1.52885"
"2120562931","2053832511","1.52885"
"2053832511","2145325044","0.0769231"
"2145325044","2053832511","0.0769231"
"2053832511","2149209089","1.77885"
"2149209089","2053832511","1.77885"
"2053832511","2156817460","1.02885"
"2156817460","2053832511","1.02885"
"2053832511","2963311060","1.65385"
"2963311060","2053832511","1.65385"
"2120562931","2145325044","0.0769231"
"2145325044","2120562931","0.0769231"
"2120562931","2149209089","18.6717"
"2149209089","2120562931","18.6717"
"2120562931","2156533622","0.862179"
"2156533622","2120562931","0.862179"
"2120562931","2156817460","1.1717"
"2156817460","2120562931","1.1717"
"2120562931","2293773607","0.0769231"
"2293773607","2120562931","0.0769231"
"2120562931","2401336278","0.0769231"
"2401336278","2120562931","0.0769231"
"2120562931","2963311060","0.153846"
"2963311060","2120562931","0.153846"
"2145325044","2149209089","0.0769231"
"2149209089","2145325044","0.0769231"
"2145325044","2156533622","0.0769231"
"2156533622","2145325044","0.0769231"
"2145325044","2156817460","0.0769231"
"2156817460","2145325044","0.0769231"
"2145325044","2293773607","0.0769231"
"2293773607","2145325044","0.0769231"
"2145325044","2401336278","0.0769231"
"2401336278","2145325044","0.0769231"
"2145325044","2963311060","1.07692"
"2963311060","2145325044","1.07692"
"2149209089","2156533622","0.778846"
"2156533622","2149209089","0.778846"
"2149209089","2156817460","0.921703"
"2156817460","2149209089","0.921703"
"2149209089","2293773607","0.0769231"
"2293773607","2149209089","0.0769231"
"2149209089","2401336278","0.0769231"
"2401336278","2149209089","0.0769231"
"2149209089","2963311060","0.653846"
"2963311060","2149209089","0.653846"
"2156533622","2156817460","0.421703"
"2156817460","2156533622","0.421703"
"2156533622","2963311060","0.153846"
"2963311060","2156533622","0.153846"
"2156817460","2293773607","0.0769231"
"2293773607","2156817460","0.0769231"
"2156817460","2401336278","0.0769231"
"2401336278","2156817460","0.0769231"
"2156817460","2963311060","0.153846"
"2963311060","2156817460","0.153846"
"2293773607","2963311060","0.0769231"
"2963311060","2293773607","0.0769231"
"2401336278","2963311060","0.0769231"
"2963311060","2401336278","0.0769231"
"1541489653","1835428322","6.31978"
"1835428322","1541489653","6.31978"
"1613863526","1835428322","7.31978"
"1835428322","1613863526","7.31978"
"1835428322","2154909745","6.31978"
"2154909745","1835428322","6.31978"
"1835428322","2156533622","6.31978"
"2156533622","1835428322","6.31978"
"1541489653","1642268700","3.69756"
"1642268700","1541489653","3.69756"
"1541489653","1932810364","4.19597"
"1932810364","1541489653","4.19597"
"1613863526","1642268700","4.19756"
"1642268700","1613863526","4.19756"
"1613863526","1932810364","4.19597"
"1932810364","1613863526","4.19597"
"1642268700","1835428322","0.71978"
"1835428322","1642268700","0.71978"
"1642268700","1932810364","0.576923"
"1932810364","1642268700","0.576923"
"1642268700","2154909745","4.19756"
"2154909745","1642268700","4.19756"
"1642268700","2156533622","3.69756"
"2156533622","1642268700","3.69756"
"1835428322","1932810364","0.810256"
"1932810364","1835428322","0.810256"
"1932810364","2154909745","3.86264"
"2154909745","1932810364","3.86264"
"1932810364","2156533622","4.19597"
"2156533622","1932810364","4.19597"
"1541489653","2411974025","0.9"
"2411974025","1541489653","0.9"
"1613863526","2411974025","0.9"
"2411974025","1613863526","0.9"
"2154909745","2411974025","0.9"
"2411974025","2154909745","0.9"
"2156533622","2411974025","0.9"
"2411974025","2156533622","0.9"
"1613863526","1802553071","1.07063"
"1802553071","1613863526","1.07063"
"1802553071","2053832511","0.2"
"2053832511","1802553071","0.2"
"1802553071","2156533622","1.07063"
"2156533622","1802553071","1.07063"
"1802553071","2154909745","1.01349"
"2154909745","1802553071","1.01349"
"1932810364","2411974025","0.4"
"2411974025","1932810364","0.4"
"1671031071","2154909745","0.59478"
"2154909745","1671031071","0.59478"
"2120562931","2154909745","0.451923"
"2154909745","2120562931","0.451923"
"2149209089","2154909745","0.451923"
"2154909745","2149209089","0.451923"
"2154909745","2156817460","0.59478"
"2156817460","2154909745","0.59478"
"1541489653","2883613460","0.0769231"
"2883613460","1541489653","0.0769231"
"1613863526","2883613460","0.0769231"
"2883613460","1613863526","0.0769231"
"1642268700","1671031071","0.21978"
"1671031071","1642268700","0.21978"
"1642268700","2053832511","0.0769231"
"2053832511","1642268700","0.0769231"
"1642268700","2120562931","1.07692"
"2120562931","1642268700","1.07692"
"1642268700","2149209089","0.0769231"
"2149209089","1642268700","0.0769231"
"1642268700","2156817460","0.21978"
"2156817460","1642268700","0.21978"
"1642268700","2883613460","0.0769231"
"2883613460","1642268700","0.0769231"
"1642268700","2963311060","0.0769231"
"2963311060","1642268700","0.0769231"
"1671031071","1835428322","0.21978"
"1835428322","1671031071","0.21978"
"1671031071","1932810364","0.0769231"
"1932810364","1671031071","0.0769231"
"1671031071","2883613460","0.0769231"
"2883613460","1671031071","0.0769231"
"1835428322","2053832511","0.0769231"
"2053832511","1835428322","0.0769231"
"1835428322","2120562931","0.576923"
"2120562931","1835428322","0.576923"
"1835428322","2149209089","0.576923"
"2149209089","1835428322","0.576923"
"1835428322","2156817460","0.21978"
"2156817460","1835428322","0.21978"
"1835428322","2883613460","0.0769231"
"2883613460","1835428322","0.0769231"
"1835428322","2963311060","0.0769231"
"2963311060","1835428322","0.0769231"
"1932810364","2053832511","0.0769231"
"2053832511","1932810364","0.0769231"
"1932810364","2120562931","0.0769231"
"2120562931","1932810364","0.0769231"
"1932810364","2149209089","0.0769231"
"2149209089","1932810364","0.0769231"
"1932810364","2156817460","0.0769231"
"2156817460","1932810364","0.0769231"
"1932810364","2883613460","0.0769231"
"2883613460","1932810364","0.0769231"
"1932810364","2963311060","0.0769231"
"2963311060","1932810364","0.0769231"
"2053832511","2883613460","0.576923"
"2883613460","2053832511","0.576923"
"2120562931","2883613460","0.0769231"
"2883613460","2120562931","0.0769231"
"2149209089","2883613460","0.0769231"
"2883613460","2149209089","0.0769231"
"2154909745","2883613460","0.0769231"
"2883613460","2154909745","0.0769231"
"2154909745","2963311060","0.0769231"
"2963311060","2154909745","0.0769231"
"2156533622","2883613460","0.0769231"
"2883613460","2156533622","0.0769231"
"2156817460","2883613460","0.0769231"
"2883613460","2156817460","0.0769231"
"2883613460","2963311060","5.57692"
"2963311060","2883613460","5.57692"
"1642268700","2293773607","0.533333"
"2293773607","1642268700","0.533333"
"1932810364","2293773607","0.166667"
"2293773607","1932810364","0.166667"
"1835428322","2293773607","0.366667"
"2293773607","1835428322","0.366667"
"1802553071","1932810364","0.342857"
"1932810364","1802553071","0.342857"
"1541489653","1914201673","0.242857"
"1914201673","1541489653","0.242857"
"1541489653","1914809490","0.1"
"1914809490","1541489653","0.1"
"1541489653","2155519551","0.1"
"2155519551","1541489653","0.1"
"1541489653","2156044538","0.1"
"2156044538","1541489653","0.1"
"1613863526","1892313947","0.520635"
"1892313947","1613863526","0.520635"
"1613863526","1914201673","0.242857"
"1914201673","1613863526","0.242857"
"1613863526","1914809490","0.1"
"1914809490","1613863526","0.1"
"1613863526","2100475320","0.211111"
"2100475320","1613863526","0.211111"
"1613863526","2155519551","0.1"
"2155519551","1613863526","0.1"
"1613863526","2156044538","0.1"
"2156044538","1613863526","0.1"
"1892313947","1914201673","0.552381"
"1914201673","1892313947","0.552381"
"1892313947","1914809490","0.1"
"1914809490","1892313947","0.1"
"1892313947","2154909745","0.663492"
"2154909745","1892313947","0.663492"
"1892313947","2155519551","0.1"
"2155519551","1892313947","0.1"
"1892313947","2156044538","0.1"
"2156044538","1892313947","0.1"
"1892313947","2156533622","0.520635"
"2156533622","1892313947","0.520635"
"1914201673","1914809490","23.919"
"1914809490","1914201673","23.919"
"1914201673","2100475320","0.552381"
"2100475320","1914201673","0.552381"
"1914201673","2154909745","0.385714"
"2154909745","1914201673","0.385714"
"1914201673","2155519551","21.669"
"2155519551","1914201673","21.669"
"1914201673","2156044538","20.419"
"2156044538","1914201673","20.419"
"1914201673","2156533622","0.242857"
"2156533622","1914201673","0.242857"
"1914201673","2293773607","0.1"
"2293773607","1914201673","0.1"
"1914809490","2100475320","0.1"
"2100475320","1914809490","0.1"
"1914809490","2154909745","0.1"
"2154909745","1914809490","0.1"
"1914809490","2155519551","23.419"
"2155519551","1914809490","23.419"
"1914809490","2156044538","20.5024"
"2156044538","1914809490","20.5024"
"1914809490","2156533622","0.1"
"2156533622","1914809490","0.1"
"1914809490","2293773607","0.1"
"2293773607","1914809490","0.1"
"2100475320","2154909745","0.353968"
"2154909745","2100475320","0.353968"
"2100475320","2155519551","0.1"
"2155519551","2100475320","0.1"
"2100475320","2156044538","0.1"
"2156044538","2100475320","0.1"
"2100475320","2156533622","0.211111"
"2156533622","2100475320","0.211111"
"2154909745","2155519551","0.1"
"2155519551","2154909745","0.1"
"2154909745","2156044538","0.1"
"2156044538","2154909745","0.1"
"2155519551","2156044538","20.919"
"2156044538","2155519551","20.919"
"2155519551","2156533622","0.1"
"2156533622","2155519551","0.1"
"2155519551","2293773607","0.1"
"2293773607","2155519551","0.1"
"2156044538","2156533622","0.1"
"2156533622","2156044538","0.1"
"2156044538","2293773607","0.1"
"2293773607","2156044538","0.1"
"1613863526","1915623367","0.111111"
"1915623367","1613863526","0.111111"
"1613863526","2413363221","0.420635"
"2413363221","1613863526","0.420635"
"1642268700","1802553071","0.111111"
"1802553071","1642268700","0.111111"
"1642268700","1892313947","0.111111"
"1892313947","1642268700","0.111111"
"1642268700","1915623367","0.111111"
"1915623367","1642268700","0.111111"
"1642268700","2100475320","0.111111"
"2100475320","1642268700","0.111111"
"1642268700","2413363221","0.111111"
"2413363221","1642268700","0.111111"
"1915623367","2154909745","0.253968"
"2154909745","1915623367","0.253968"
"1915623367","2156533622","0.111111"
"2156533622","1915623367","0.111111"
"2154909745","2413363221","0.420635"
"2413363221","2154909745","0.420635"
"2156533622","2413363221","0.420635"
"2413363221","2156533622","0.420635"
"1892313947","1932810364","0.142857"
"1932810364","1892313947","0.142857"
"1932810364","2413363221","0.142857"
"2413363221","1932810364","0.142857"
"1541489653","2231918090","0.142857"
"2231918090","1541489653","0.142857"
"1541489653","2242413808","0.142857"
"2242413808","1541489653","0.142857"
"1613863526","2231918090","0.142857"
"2231918090","1613863526","0.142857"
"1613863526","2242413808","0.142857"
"2242413808","1613863526","0.142857"
"1914201673","1932810364","0.142857"
"1932810364","1914201673","0.142857"
"1914201673","2231918090","2.74762"
"2231918090","1914201673","2.74762"
"1914201673","2242413808","2.54762"
"2242413808","1914201673","2.54762"
"1932810364","2231918090","0.142857"
"2231918090","1932810364","0.142857"
"1932810364","2242413808","0.142857"
"2242413808","1932810364","0.142857"
"2154909745","2231918090","0.285714"
"2231918090","2154909745","0.285714"
"2154909745","2242413808","0.285714"
"2242413808","2154909745","0.285714"
"2156533622","2231918090","0.142857"
"2231918090","2156533622","0.142857"
"2156533622","2242413808","0.142857"
"2242413808","2156533622","0.142857"
"2231918090","2242413808","2.04762"
"2242413808","2231918090","2.04762"
"1613874182","2154909745","1"
"2154909745","1613874182","1"
"1671031071","1802553071","0.142857"
"1802553071","1671031071","0.142857"
"1671031071","1892313947","0.142857"
"1892313947","1671031071","0.142857"
"1671031071","1915623367","0.142857"
"1915623367","1671031071","0.142857"
"1671031071","2100475320","0.142857"
"2100475320","1671031071","0.142857"
"1802553071","2120562931","0.142857"
"2120562931","1802553071","0.142857"
"1802553071","2149209089","0.142857"
"2149209089","1802553071","0.142857"
"1802553071","2156817460","0.142857"
"2156817460","1802553071","0.142857"
"1892313947","2120562931","0.142857"
"2120562931","1892313947","0.142857"
"1892313947","2149209089","0.142857"
"2149209089","1892313947","0.142857"
"1892313947","2156817460","0.142857"
"2156817460","1892313947","0.142857"
"1915623367","2120562931","0.142857"
"2120562931","1915623367","0.142857"
"1915623367","2149209089","0.142857"
"2149209089","1915623367","0.142857"
"1915623367","2156817460","0.142857"
"2156817460","1915623367","0.142857"
"2100475320","2120562931","0.142857"
"2120562931","2100475320","0.142857"
"2100475320","2149209089","0.142857"
"2149209089","2100475320","0.142857"
"2100475320","2156817460","0.142857"
"2156817460","2100475320","0.142857"
"1802553071","1914201673","0.452381"
"1914201673","1802553071","0.452381"
"1802553071","2231918090","0.452381"
"2231918090","1802553071","0.452381"
"1802553071","2242413808","0.452381"
"2242413808","1802553071","0.452381"
"1892313947","2231918090","0.452381"
"2231918090","1892313947","0.452381"
"1892313947","2242413808","0.452381"
"2242413808","1892313947","0.452381"
"1914201673","1915623367","0.452381"
"1915623367","1914201673","0.452381"
"1915623367","2231918090","0.452381"
"2231918090","1915623367","0.452381"
"1915623367","2242413808","0.452381"
"2242413808","1915623367","0.452381"
"2100475320","2231918090","0.452381"
"2231918090","2100475320","0.452381"
"2100475320","2242413808","0.452381"
"2242413808","2100475320","0.452381"
"1914201673","2413363221","0.142857"
"2413363221","1914201673","0.142857"
"2231918090","2413363221","0.142857"
"2413363221","2231918090","0.142857"
"2242413808","2413363221","0.142857"
"2413363221","2242413808","0.142857"
"1914201673","1939289624","10.6524"
"1939289624","1914201673","10.6524"
"1914201673","2198498665","4.95238"
"2198498665","1914201673","4.95238"
"1914809490","1939289624","10.4024"
"1939289624","1914809490","10.4024"
"1914809490","2198498665","5.53571"
"2198498665","1914809490","5.53571"
"1914809490","2231918090","0.652381"
"2231918090","1914809490","0.652381"
"1914809490","2242413808","1.28571"
"2242413808","1914809490","1.28571"
"1939289624","2155519551","10.6524"
"2155519551","1939289624","10.6524"
"1939289624","2156044538","10.9024"
"2156044538","1939289624","10.9024"
"1939289624","2198498665","18.0357"
"2198498665","1939289624","18.0357"
"1939289624","2231918090","1.15238"
"2231918090","1939289624","1.15238"
"1939289624","2242413808","0.952381"
"2242413808","1939289624","0.952381"
"2155519551","2198498665","5.20238"
"2198498665","2155519551","5.20238"
"2155519551","2231918090","1.15238"
"2231918090","2155519551","1.15238"
"2155519551","2242413808","0.952381"
"2242413808","2155519551","0.952381"
"2156044538","2198498665","5.53571"
"2198498665","2156044538","5.53571"
"2156044538","2231918090","1.15238"
"2231918090","2156044538","1.15238"
"2156044538","2242413808","1.28571"
"2242413808","2156044538","1.28571"
"2198498665","2231918090","0.285714"
"2231918090","2198498665","0.285714"
"2198498665","2242413808","1.11905"
"2242413808","2198498665","1.11905"
"1914201673","2282866698","0.416667"
"2282866698","1914201673","0.416667"
"1914201673","2754693861","0.166667"
"2754693861","1914201673","0.166667"
"1914809490","2282866698","0.416667"
"2282866698","1914809490","0.416667"
"1914809490","2754693861","0.166667"
"2754693861","1914809490","0.166667"
"2155519551","2282866698","0.166667"
"2282866698","2155519551","0.166667"
"2155519551","2754693861","0.166667"
"2754693861","2155519551","0.166667"
"2156044538","2282866698","0.416667"
"2282866698","2156044538","0.416667"
"2156044538","2754693861","0.166667"
"2754693861","2156044538","0.166667"
"2198498665","2282866698","0.166667"
"2282866698","2198498665","0.166667"
"2198498665","2754693861","0.166667"
"2754693861","2198498665","0.166667"
"2282866698","2754693861","0.166667"
"2754693861","2282866698","0.166667"
"1939289624","2282866698","0.25"
"2282866698","1939289624","0.25"
"2053832511","2781723315","0.5"
"2781723315","2053832511","0.5"
"2781723315","2963311060","1.5"
"2963311060","2781723315","1.5"
