"123982455","1545179663","1.65"
"1545179663","123982455","1.65"
"123982455","1573031235","1.55952"
"1573031235","123982455","1.55952"
"123982455","1583398080","1.92619"
"1583398080","123982455","1.92619"
"123982455","2952799572","0.392857"
"2952799572","123982455","0.392857"
"1545179663","1573031235","2.87692"
"1573031235","1545179663","2.87692"
"1545179663","1583398080","4.28526"
"1583398080","1545179663","4.28526"
"1545179663","2952799572","1.68452"
"2952799572","1545179663","1.68452"
"1573031235","1583398080","5.88645"
"1583398080","1573031235","5.88645"
"1573031235","2952799572","0.642857"
"2952799572","1573031235","0.642857"
"1583398080","2952799572","1.14286"
"2952799572","1583398080","1.14286"
"123982455","1517620187","1.37619"
"1517620187","123982455","1.37619"
"123982455","2061926529","0.366667"
"2061926529","123982455","0.366667"
"123982455","990235872","0.733333"
"990235872","123982455","0.733333"
"1517620187","1545179663","2.29478"
"1545179663","1517620187","2.29478"
"1517620187","1583398080","5.55236"
"1583398080","1517620187","5.55236"
"1517620187","2061926529","0.325"
"2061926529","1517620187","0.325"
"1517620187","990235872","1.09359"
"990235872","1517620187","1.09359"
"1545179663","2061926529","0.366667"
"2061926529","1545179663","0.366667"
"1545179663","990235872","3.26026"
"990235872","1545179663","3.26026"
"1583398080","2061926529","0.325"
"2061926529","1583398080","0.325"
"1583398080","990235872","0.89359"
"990235872","1583398080","0.89359"
"2061926529","990235872","0.7"
"990235872","2061926529","0.7"
"123982455","2776719604","0.333333"
"2776719604","123982455","0.333333"
"123982455","2904362330","0.333333"
"2904362330","123982455","0.333333"
"1517620187","1573031235","1.62811"
"1573031235","1517620187","1.62811"
"1517620187","2776719604","0.791667"
"2776719604","1517620187","0.791667"
"1517620187","2904362330","0.166667"
"2904362330","1517620187","0.166667"
"1545179663","2776719604","0.666667"
"2776719604","1545179663","0.666667"
"1545179663","2904362330","0.333333"
"2904362330","1545179663","0.333333"
"1573031235","2776719604","1.29167"
"2776719604","1573031235","1.29167"
"1573031235","2904362330","0.166667"
"2904362330","1573031235","0.166667"
"1583398080","2776719604","0.291667"
"2776719604","1583398080","0.291667"
"1583398080","2904362330","0.166667"
"2904362330","1583398080","0.166667"
"2776719604","2904362330","0.333333"
"2904362330","2776719604","0.333333"
"123982455","2799599011","0.5"
"2799599011","123982455","0.5"
"1545179663","2799599011","0.166667"
"2799599011","1545179663","0.166667"
"2061926529","2776719604","1.26786"
"2776719604","2061926529","1.26786"
"2061926529","2799599011","0.166667"
"2799599011","2061926529","0.166667"
"2061926529","2904362330","0.166667"
"2904362330","2061926529","0.166667"
"2776719604","2799599011","0.166667"
"2799599011","2776719604","0.166667"
"2776719604","990235872","0.333333"
"990235872","2776719604","0.333333"
"2799599011","2904362330","0.166667"
"2904362330","2799599011","0.166667"
"2799599011","990235872","1.16667"
"990235872","2799599011","1.16667"
"2904362330","990235872","0.166667"
"990235872","2904362330","0.166667"
"123982455","1968170223","0.7"
"1968170223","123982455","0.7"
"123982455","2888827248","0.2"
"2888827248","123982455","0.2"
"1517620187","1968170223","0.7"
"1968170223","1517620187","0.7"
"1517620187","2888827248","0.2"
"2888827248","1517620187","0.2"
"1545179663","1968170223","0.2"
"1968170223","1545179663","0.2"
"1545179663","2888827248","0.2"
"2888827248","1545179663","0.2"
"1968170223","2888827248","0.2"
"2888827248","1968170223","0.2"
"1968170223","990235872","0.2"
"990235872","1968170223","0.2"
"2888827248","990235872","0.2"
"990235872","2888827248","0.2"
"123982455","2012076388","0.333333"
"2012076388","123982455","0.333333"
"123982455","2017904798","1.14286"
"2017904798","123982455","1.14286"
"1573031235","2012076388","0.333333"
"2012076388","1573031235","0.333333"
"1573031235","2017904798","1.48377"
"2017904798","1573031235","1.48377"
"2012076388","2017904798","0.333333"
"2017904798","2012076388","0.333333"
"123982455","1578237955","2"
"1578237955","123982455","2"
"1517620187","2017904798","4.64448"
"2017904798","1517620187","4.64448"
"123982455","2735372381","0.333333"
"2735372381","123982455","0.333333"
"123982455","2740737018","0.333333"
"2740737018","123982455","0.333333"
"2735372381","2740737018","7.33333"
"2740737018","2735372381","7.33333"
"2735372381","2799599011","15.3333"
"2799599011","2735372381","15.3333"
"2740737018","2799599011","11.3333"
"2799599011","2740737018","11.3333"
"1545179663","2017904798","0.434524"
"2017904798","1545179663","0.434524"
"1573031235","990235872","1.44359"
"990235872","1573031235","1.44359"
"1583398080","2017904798","1.90043"
"2017904798","1583398080","1.90043"
"2017904798","990235872","0.166667"
"990235872","2017904798","0.166667"
"123982455","1979838117","0.166667"
"1979838117","123982455","0.166667"
"123982455","1996901332","0.166667"
"1996901332","123982455","0.166667"
"123982455","2116361063","0.166667"
"2116361063","123982455","0.166667"
"123982455","2151660018","0.866667"
"2151660018","123982455","0.866667"
"123982455","2735952345","0.166667"
"2735952345","123982455","0.166667"
"123982455","2751580871","0.166667"
"2751580871","123982455","0.166667"
"1979838117","1996901332","0.166667"
"1996901332","1979838117","0.166667"
"1979838117","2116361063","0.166667"
"2116361063","1979838117","0.166667"
"1979838117","2151660018","0.166667"
"2151660018","1979838117","0.166667"
"1979838117","2735952345","0.166667"
"2735952345","1979838117","0.166667"
"1979838117","2751580871","0.166667"
"2751580871","1979838117","0.166667"
"1996901332","2116361063","0.366667"
"2116361063","1996901332","0.366667"
"1996901332","2151660018","0.166667"
"2151660018","1996901332","0.166667"
"1996901332","2735952345","1.5"
"2735952345","1996901332","1.5"
"1996901332","2751580871","0.166667"
"2751580871","1996901332","0.166667"
"2116361063","2151660018","0.166667"
"2151660018","2116361063","0.166667"
"2116361063","2735952345","0.166667"
"2735952345","2116361063","0.166667"
"2116361063","2751580871","0.166667"
"2751580871","2116361063","0.166667"
"2151660018","2735952345","0.166667"
"2735952345","2151660018","0.166667"
"2151660018","2751580871","0.166667"
"2751580871","2151660018","0.166667"
"2735952345","2751580871","0.166667"
"2751580871","2735952345","0.166667"
"123982455","1527344479","0.142857"
"1527344479","123982455","0.142857"
"123982455","1675929572","0.142857"
"1675929572","123982455","0.142857"
"1517620187","1527344479","0.434524"
"1527344479","1517620187","0.434524"
"1517620187","1675929572","0.759199"
"1675929572","1517620187","0.759199"
"1517620187","2952799572","0.410714"
"2952799572","1517620187","0.410714"
"1527344479","1573031235","0.517857"
"1573031235","1527344479","0.517857"
"1527344479","1583398080","0.455357"
"1583398080","1527344479","0.455357"
"1527344479","1675929572","0.309524"
"1675929572","1527344479","0.309524"
"1527344479","2017904798","0.267857"
"2017904798","1527344479","0.267857"
"1527344479","2952799572","0.392857"
"2952799572","1527344479","0.392857"
"1573031235","1675929572","0.233766"
"1675929572","1573031235","0.233766"
"1583398080","1675929572","0.233766"
"1675929572","1583398080","0.233766"
"1675929572","2017904798","0.467532"
"2017904798","1675929572","0.467532"
"1675929572","2952799572","0.267857"
"2952799572","1675929572","0.267857"
"2017904798","2952799572","0.285714"
"2952799572","2017904798","0.285714"
"1968170223","2151660018","0.5"
"2151660018","1968170223","0.5"
"123982455","1545188805","0.2"
"1545188805","123982455","0.2"
"123982455","2008137090","0.2"
"2008137090","123982455","0.2"
"123982455","2025968023","0.2"
"2025968023","123982455","0.2"
"123982455","2031496381","0.2"
"2031496381","123982455","0.2"
"1545188805","2008137090","0.2"
"2008137090","1545188805","0.2"
"1545188805","2025968023","0.2"
"2025968023","1545188805","0.2"
"1545188805","2031496381","0.2"
"2031496381","1545188805","0.2"
"1545188805","2151660018","0.2"
"2151660018","1545188805","0.2"
"2008137090","2025968023","0.67619"
"2025968023","2008137090","0.67619"
"2008137090","2031496381","0.67619"
"2031496381","2008137090","0.67619"
"2008137090","2151660018","0.2"
"2151660018","2008137090","0.2"
"2025968023","2031496381","12.6732"
"2031496381","2025968023","12.6732"
"2025968023","2151660018","0.2"
"2151660018","2025968023","0.2"
"2031496381","2151660018","0.2"
"2151660018","2031496381","0.2"
"145417444","2153236905","0.97619"
"2153236905","145417444","0.97619"
"145417444","2776719604","1.25397"
"2776719604","145417444","1.25397"
"2153236905","2776719604","0.5"
"2776719604","2153236905","0.5"
"145417444","1517620187","0.267857"
"1517620187","145417444","0.267857"
"145417444","1561511342","0.47619"
"1561511342","145417444","0.47619"
"145417444","1566519417","0.142857"
"1566519417","145417444","0.142857"
"145417444","1591695091","0.267857"
"1591695091","145417444","0.267857"
"145417444","1826756997","0.267857"
"1826756997","145417444","0.267857"
"145417444","1842316007","2.03968"
"1842316007","145417444","2.03968"
"145417444","2403304802","0.142857"
"2403304802","145417444","0.142857"
"1517620187","1561511342","0.683766"
"1561511342","1517620187","0.683766"
"1517620187","1566519417","1.50952"
"1566519417","1517620187","1.50952"
"1517620187","1591695091","3.78493"
"1591695091","1517620187","3.78493"
"1517620187","1826756997","0.834524"
"1826756997","1517620187","0.834524"
"1517620187","1842316007","0.21978"
"1842316007","1517620187","0.21978"
"1517620187","2403304802","0.400433"
"2403304802","1517620187","0.400433"
"1561511342","1566519417","1.07202"
"1566519417","1561511342","1.07202"
"1561511342","1591695091","0.933766"
"1591695091","1561511342","0.933766"
"1561511342","1826756997","0.93869"
"1826756997","1561511342","0.93869"
"1561511342","1842316007","0.47619"
"1842316007","1561511342","0.47619"
"1561511342","2403304802","0.205357"
"2403304802","1561511342","0.205357"
"1566519417","1591695091","2.17619"
"1591695091","1566519417","2.17619"
"1566519417","1826756997","0.405357"
"1826756997","1566519417","0.405357"
"1566519417","1842316007","0.142857"
"1842316007","1566519417","0.142857"
"1566519417","2403304802","0.372024"
"2403304802","1566519417","0.372024"
"1591695091","1826756997","0.467857"
"1826756997","1591695091","0.467857"
"1591695091","1842316007","0.21978"
"1842316007","1591695091","0.21978"
"1591695091","2403304802","0.233766"
"2403304802","1591695091","0.233766"
"1826756997","1842316007","0.142857"
"1842316007","1826756997","0.142857"
"1826756997","2403304802","0.205357"
"2403304802","1826756997","0.205357"
"1842316007","2403304802","0.142857"
"2403304802","1842316007","0.142857"
"145417444","1682142539","0.420635"
"1682142539","145417444","0.420635"
"145417444","2061926529","0.142857"
"2061926529","145417444","0.142857"
"145417444","2067495503","0.420635"
"2067495503","145417444","0.420635"
"145417444","2230840043","0.142857"
"2230840043","145417444","0.142857"
"145417444","2521665175","0.142857"
"2521665175","145417444","0.142857"
"1682142539","1842316007","0.580891"
"1842316007","1682142539","0.580891"
"1682142539","2061926529","0.392857"
"2061926529","1682142539","0.392857"
"1682142539","2067495503","6.64042"
"2067495503","1682142539","6.64042"
"1682142539","2230840043","0.142857"
"2230840043","1682142539","0.142857"
"1682142539","2521665175","0.142857"
"2521665175","1682142539","0.142857"
"1682142539","2776719604","1.67063"
"2776719604","1682142539","1.67063"
"1842316007","2061926529","0.392857"
"2061926529","1842316007","0.392857"
"1842316007","2067495503","0.580891"
"2067495503","1842316007","0.580891"
"1842316007","2230840043","0.142857"
"2230840043","1842316007","0.142857"
"1842316007","2521665175","0.142857"
"2521665175","1842316007","0.142857"
"1842316007","2776719604","0.587302"
"2776719604","1842316007","0.587302"
"2061926529","2067495503","1.01786"
"2067495503","2061926529","1.01786"
"2061926529","2230840043","1.47619"
"2230840043","2061926529","1.47619"
"2061926529","2521665175","0.642857"
"2521665175","2061926529","0.642857"
"2067495503","2230840043","0.285714"
"2230840043","2067495503","0.285714"
"2067495503","2521665175","0.142857"
"2521665175","2067495503","0.142857"
"2067495503","2776719604","1.79563"
"2776719604","2067495503","1.79563"
"2230840043","2521665175","0.142857"
"2521665175","2230840043","0.142857"
"2230840043","2776719604","1.14286"
"2776719604","2230840043","1.14286"
"2521665175","2776719604","1.64286"
"2776719604","2521665175","1.64286"
"145417444","1541446402","0.125"
"1541446402","145417444","0.125"
"145417444","1545179663","1.29167"
"1545179663","145417444","1.29167"
"145417444","1557782909","0.545635"
"1557782909","145417444","0.545635"
"145417444","1573031235","0.125"
"1573031235","145417444","0.125"
"145417444","1583398080","0.125"
"1583398080","145417444","0.125"
"1517620187","1541446402","0.808333"
"1541446402","1517620187","0.808333"
"1517620187","1557782909","0.96978"
"1557782909","1517620187","0.96978"
"1541446402","1545179663","3.01667"
"1545179663","1541446402","3.01667"
"1541446402","1557782909","0.225"
"1557782909","1541446402","0.225"
"1541446402","1573031235","0.683333"
"1573031235","1541446402","0.683333"
"1541446402","1583398080","0.35"
"1583398080","1541446402","0.35"
"1541446402","1591695091","0.35"
"1591695091","1541446402","0.35"
"1541446402","1826756997","0.125"
"1826756997","1541446402","0.125"
"1545179663","1557782909","1.05192"
"1557782909","1545179663","1.05192"
"1545179663","1591695091","0.301923"
"1591695091","1545179663","0.301923"
"1545179663","1826756997","0.491667"
"1826756997","1545179663","0.491667"
"1557782909","1573031235","2.66026"
"1573031235","1557782909","2.66026"
"1557782909","1583398080","3.21026"
"1583398080","1557782909","3.21026"
"1557782909","1591695091","0.835256"
"1591695091","1557782909","0.835256"
"1557782909","1826756997","0.325"
"1826756997","1557782909","0.325"
"1573031235","1591695091","0.301923"
"1591695091","1573031235","0.301923"
"1573031235","1826756997","0.575"
"1826756997","1573031235","0.575"
"1583398080","1591695091","1.35117"
"1591695091","1583398080","1.35117"
"1583398080","1826756997","0.9375"
"1826756997","1583398080","0.9375"
"145417444","1543956510","0.920635"
"1543956510","145417444","0.920635"
"145417444","1567356467","1.11111"
"1567356467","145417444","1.11111"
"145417444","990235872","0.5"
"990235872","145417444","0.5"
"1543956510","1567356467","2.8547"
"1567356467","1543956510","2.8547"
"1543956510","1682142539","0.747558"
"1682142539","1543956510","0.747558"
"1543956510","2067495503","0.747558"
"2067495503","1543956510","0.747558"
"1543956510","2776719604","0.527778"
"2776719604","1543956510","0.527778"
"1543956510","990235872","0.576923"
"990235872","1543956510","0.576923"
"1567356467","1682142539","1.1047"
"1682142539","1567356467","1.1047"
"1567356467","2067495503","1.1047"
"2067495503","1567356467","1.1047"
"1567356467","2776719604","1.52778"
"2776719604","1567356467","1.52778"
"1567356467","990235872","0.576923"
"990235872","1567356467","0.576923"
"1682142539","990235872","0.24359"
"990235872","1682142539","0.24359"
"2067495503","990235872","0.24359"
"990235872","2067495503","0.24359"
"145417444","2008137090","0.5"
"2008137090","145417444","0.5"
"145417444","2116361063","0.5"
"2116361063","145417444","0.5"
"2008137090","2116361063","0.5"
"2116361063","2008137090","0.5"
"1561511342","2776719604","0.333333"
"2776719604","1561511342","0.333333"
"145417444","1578237955","0.953968"
"1578237955","145417444","0.953968"
"145417444","2006691934","0.311111"
"2006691934","145417444","0.311111"
"1543956510","1557782909","0.830891"
"1557782909","1543956510","0.830891"
"1543956510","1578237955","1.78089"
"1578237955","1543956510","1.78089"
"1543956510","1842316007","0.747558"
"1842316007","1543956510","0.747558"
"1543956510","2006691934","0.253968"
"2006691934","1543956510","0.253968"
"1557782909","1567356467","0.804701"
"1567356467","1557782909","0.804701"
"1557782909","1578237955","1.49756"
"1578237955","1557782909","1.49756"
"1557782909","1682142539","0.188034"
"1682142539","1557782909","0.188034"
"1557782909","1842316007","0.747558"
"1842316007","1557782909","0.747558"
"1557782909","2006691934","0.111111"
"2006691934","1557782909","0.111111"
"1557782909","2067495503","0.313034"
"2067495503","1557782909","0.313034"
"1557782909","2776719604","0.236111"
"2776719604","1557782909","0.236111"
"1567356467","1578237955","2.3547"
"1578237955","1567356467","2.3547"
"1567356467","1842316007","0.854701"
"1842316007","1567356467","0.854701"
"1567356467","2006691934","1.61111"
"2006691934","1567356467","1.61111"
"1578237955","1682142539","0.188034"
"1682142539","1578237955","0.188034"
"1578237955","1842316007","0.997558"
"1842316007","1578237955","0.997558"
"1578237955","2006691934","0.727778"
"2006691934","1578237955","0.727778"
"1578237955","2067495503","0.188034"
"2067495503","1578237955","0.188034"
"1578237955","2776719604","0.111111"
"2776719604","1578237955","0.111111"
"1682142539","2006691934","0.503968"
"2006691934","1682142539","0.503968"
"1842316007","2006691934","0.561111"
"2006691934","1842316007","0.561111"
"2006691934","2067495503","0.813492"
"2067495503","2006691934","0.813492"
"2006691934","2776719604","0.111111"
"2776719604","2006691934","0.111111"
"1567356467","2153236905","0.333333"
"2153236905","1567356467","0.333333"
"1578237955","2153236905","1.25952"
"2153236905","1578237955","1.25952"
"1543956510","1545179663","0.44359"
"1545179663","1543956510","0.44359"
"1545179663","1567356467","1.41026"
"1567356467","1545179663","1.41026"
"1545179663","1578237955","2.56859"
"1578237955","1545179663","2.56859"
"1545179663","1842316007","0.49359"
"1842316007","1545179663","0.49359"
"145417444","2117459578","0.642857"
"2117459578","145417444","0.642857"
"145417444","347261784","0.142857"
"347261784","145417444","0.142857"
"1543956510","2117459578","0.142857"
"2117459578","1543956510","0.142857"
"1543956510","2153236905","0.142857"
"2153236905","1543956510","0.142857"
"1543956510","347261784","0.392857"
"347261784","1543956510","0.392857"
"1557782909","2117459578","0.142857"
"2117459578","1557782909","0.142857"
"1557782909","2153236905","0.142857"
"2153236905","1557782909","0.142857"
"1557782909","347261784","0.342857"
"347261784","1557782909","0.342857"
"1578237955","2117459578","0.392857"
"2117459578","1578237955","0.392857"
"1578237955","347261784","1.39286"
"347261784","1578237955","1.39286"
"1842316007","2117459578","0.753968"
"2117459578","1842316007","0.753968"
"1842316007","2153236905","0.392857"
"2153236905","1842316007","0.392857"
"1842316007","347261784","1.20397"
"347261784","1842316007","1.20397"
"2117459578","2153236905","0.392857"
"2153236905","2117459578","0.392857"
"2117459578","347261784","0.753968"
"347261784","2117459578","0.753968"
"2153236905","347261784","0.392857"
"347261784","2153236905","0.392857"
"145417444","1976420017","1"
"1976420017","145417444","1"
"145417444","2012454489","0.2"
"2012454489","145417444","0.2"
"145417444","2086763944","0.2"
"2086763944","145417444","0.2"
"145417444","2097489266","0.2"
"2097489266","145417444","0.2"
"1578237955","2012454489","0.915909"
"2012454489","1578237955","0.915909"
"1578237955","2086763944","1.2"
"2086763944","1578237955","1.2"
"1578237955","2097489266","0.866667"
"2097489266","1578237955","0.866667"
"2006691934","2012454489","0.2"
"2012454489","2006691934","0.2"
"2006691934","2086763944","0.2"
"2086763944","2006691934","0.2"
"2006691934","2097489266","0.2"
"2097489266","2006691934","0.2"
"2012454489","2086763944","1.2"
"2086763944","2012454489","1.2"
"2012454489","2097489266","0.2"
"2097489266","2012454489","0.2"
"2086763944","2097489266","0.2"
"2097489266","2086763944","0.2"
"145417444","157047155","0.5"
"157047155","145417444","0.5"
"157047155","2117459578","1"
"2117459578","157047155","1"
"1510433380","1566519417","3.60341"
"1566519417","1510433380","3.60341"
"1510433380","1675929572","2.93182"
"1675929572","1510433380","2.93182"
"1510433380","2118808179","2.93182"
"2118808179","1510433380","2.93182"
"1675929572","2118808179","13.9497"
"2118808179","1675929572","13.9497"
"1510433380","1545188805","0.5"
"1545188805","1510433380","0.5"
"1545188805","1566519417","0.416667"
"1566519417","1545188805","0.416667"
"1545188805","1675929572","0.559524"
"1675929572","1545188805","0.559524"
"1545188805","2118808179","0.884524"
"2118808179","1545188805","0.884524"
"1566519417","1675929572","1.50758"
"1675929572","1566519417","1.50758"
"1566519417","2118808179","1.50758"
"2118808179","1566519417","1.50758"
"1510433380","1979838117","0.5"
"1979838117","1510433380","0.5"
"1510433380","2403304802","0.653409"
"2403304802","1510433380","0.653409"
"1979838117","2403304802","0.5"
"2403304802","1979838117","0.5"
"1510433380","1517620187","0.540909"
"1517620187","1510433380","0.540909"
"1510433380","1578237955","0.0909091"
"1578237955","1510433380","0.0909091"
"1510433380","1591695091","0.490909"
"1591695091","1510433380","0.490909"
"1510433380","192197563","0.0909091"
"192197563","1510433380","0.0909091"
"1510433380","1976420017","0.0909091"
"1976420017","1510433380","0.0909091"
"1510433380","2003261926","0.0909091"
"2003261926","1510433380","0.0909091"
"1510433380","2012454489","0.0909091"
"2012454489","1510433380","0.0909091"
"1510433380","2132021741","1.15341"
"2132021741","1510433380","1.15341"
"1517620187","1578237955","2.04283"
"1578237955","1517620187","2.04283"
"1517620187","192197563","0.465909"
"192197563","1517620187","0.465909"
"1517620187","1976420017","0.0909091"
"1976420017","1517620187","0.0909091"
"1517620187","2003261926","0.0909091"
"2003261926","1517620187","0.0909091"
"1517620187","2012454489","0.215909"
"2012454489","1517620187","0.215909"
"1517620187","2118808179","1.2671"
"2118808179","1517620187","1.2671"
"1517620187","2132021741","0.0909091"
"2132021741","1517620187","0.0909091"
"1578237955","1591695091","0.501166"
"1591695091","1578237955","0.501166"
"1578237955","1675929572","0.215909"
"1675929572","1578237955","0.215909"
"1578237955","192197563","3.16591"
"192197563","1578237955","3.16591"
"1578237955","1976420017","0.340909"
"1976420017","1578237955","0.340909"
"1578237955","2003261926","1.34091"
"2003261926","1578237955","1.34091"
"1578237955","2118808179","0.965909"
"2118808179","1578237955","0.965909"
"1578237955","2132021741","0.257576"
"2132021741","1578237955","0.257576"
"1578237955","2403304802","0.0909091"
"2403304802","1578237955","0.0909091"
"1591695091","1675929572","0.181818"
"1675929572","1591695091","0.181818"
"1591695091","192197563","0.0909091"
"192197563","1591695091","0.0909091"
"1591695091","1976420017","0.0909091"
"1976420017","1591695091","0.0909091"
"1591695091","2003261926","0.0909091"
"2003261926","1591695091","0.0909091"
"1591695091","2012454489","0.0909091"
"2012454489","1591695091","0.0909091"
"1591695091","2118808179","0.215909"
"2118808179","1591695091","0.215909"
"1591695091","2132021741","0.0909091"
"2132021741","1591695091","0.0909091"
"1675929572","192197563","0.215909"
"192197563","1675929572","0.215909"
"1675929572","1976420017","0.0909091"
"1976420017","1675929572","0.0909091"
"1675929572","2003261926","0.0909091"
"2003261926","1675929572","0.0909091"
"1675929572","2012454489","0.215909"
"2012454489","1675929572","0.215909"
"1675929572","2132021741","0.0909091"
"2132021741","1675929572","0.0909091"
"1675929572","2403304802","0.257576"
"2403304802","1675929572","0.257576"
"192197563","1976420017","0.20202"
"1976420017","192197563","0.20202"
"192197563","2003261926","0.40202"
"2003261926","192197563","0.40202"
"192197563","2012454489","0.215909"
"2012454489","192197563","0.215909"
"192197563","2118808179","0.965909"
"2118808179","192197563","0.965909"
"192197563","2132021741","1.25758"
"2132021741","192197563","1.25758"
"192197563","2403304802","0.0909091"
"2403304802","192197563","0.0909091"
"1976420017","2003261926","0.20202"
"2003261926","1976420017","0.20202"
"1976420017","2012454489","0.0909091"
"2012454489","1976420017","0.0909091"
"1976420017","2118808179","0.0909091"
"2118808179","1976420017","0.0909091"
"1976420017","2132021741","0.0909091"
"2132021741","1976420017","0.0909091"
"1976420017","2403304802","0.0909091"
"2403304802","1976420017","0.0909091"
"2003261926","2012454489","0.257576"
"2012454489","2003261926","0.257576"
"2003261926","2118808179","0.0909091"
"2118808179","2003261926","0.0909091"
"2003261926","2132021741","0.0909091"
"2132021741","2003261926","0.0909091"
"2003261926","2403304802","0.0909091"
"2403304802","2003261926","0.0909091"
"2012454489","2118808179","0.215909"
"2118808179","2012454489","0.215909"
"2012454489","2132021741","0.0909091"
"2132021741","2012454489","0.0909091"
"2012454489","2403304802","0.0909091"
"2403304802","2012454489","0.0909091"
"2118808179","2132021741","0.0909091"
"2132021741","2118808179","0.0909091"
"2118808179","2403304802","0.257576"
"2403304802","2118808179","0.257576"
"2132021741","2403304802","0.153409"
"2403304802","2132021741","0.153409"
"1510433380","2116361063","1"
"2116361063","1510433380","1"
"1510433380","1573031235","0.0909091"
"1573031235","1510433380","0.0909091"
"1510433380","1575578565","0.0909091"
"1575578565","1510433380","0.0909091"
"1510433380","1968170223","0.0909091"
"1968170223","1510433380","0.0909091"
"1510433380","2017904798","0.0909091"
"2017904798","1510433380","0.0909091"
"1510433380","2206993895","0.0909091"
"2206993895","1510433380","0.0909091"
"1510433380","2603054666","0.0909091"
"2603054666","1510433380","0.0909091"
"1510433380","2935209093","0.0909091"
"2935209093","1510433380","0.0909091"
"1510433380","3168804","0.0909091"
"3168804","1510433380","0.0909091"
"1566519417","1573031235","0.0909091"
"1573031235","1566519417","0.0909091"
"1566519417","1575578565","0.0909091"
"1575578565","1566519417","0.0909091"
"1566519417","1968170223","1.29091"
"1968170223","1566519417","1.29091"
"1566519417","2017904798","0.0909091"
"2017904798","1566519417","0.0909091"
"1566519417","2206993895","0.0909091"
"2206993895","1566519417","0.0909091"
"1566519417","2603054666","0.0909091"
"2603054666","1566519417","0.0909091"
"1566519417","2935209093","0.424242"
"2935209093","1566519417","0.424242"
"1566519417","3168804","0.0909091"
"3168804","1566519417","0.0909091"
"1573031235","1575578565","0.0909091"
"1575578565","1573031235","0.0909091"
"1573031235","1968170223","0.0909091"
"1968170223","1573031235","0.0909091"
"1573031235","2118808179","0.790909"
"2118808179","1573031235","0.790909"
"1573031235","2206993895","0.0909091"
"2206993895","1573031235","0.0909091"
"1573031235","2603054666","0.0909091"
"2603054666","1573031235","0.0909091"
"1573031235","2935209093","0.0909091"
"2935209093","1573031235","0.0909091"
"1573031235","3168804","0.0909091"
"3168804","1573031235","0.0909091"
"1575578565","1675929572","0.0909091"
"1675929572","1575578565","0.0909091"
"1575578565","1968170223","2.09091"
"1968170223","1575578565","2.09091"
"1575578565","2017904798","0.0909091"
"2017904798","1575578565","0.0909091"
"1575578565","2118808179","0.0909091"
"2118808179","1575578565","0.0909091"
"1575578565","2206993895","0.0909091"
"2206993895","1575578565","0.0909091"
"1575578565","2603054666","0.0909091"
"2603054666","1575578565","0.0909091"
"1575578565","2935209093","0.0909091"
"2935209093","1575578565","0.0909091"
"1575578565","3168804","0.0909091"
"3168804","1575578565","0.0909091"
"1675929572","1968170223","0.0909091"
"1968170223","1675929572","0.0909091"
"1675929572","2206993895","0.0909091"
"2206993895","1675929572","0.0909091"
"1675929572","2603054666","0.0909091"
"2603054666","1675929572","0.0909091"
"1675929572","2935209093","0.0909091"
"2935209093","1675929572","0.0909091"
"1675929572","3168804","0.0909091"
"3168804","1675929572","0.0909091"
"1968170223","2017904798","0.0909091"
"2017904798","1968170223","0.0909091"
"1968170223","2118808179","0.0909091"
"2118808179","1968170223","0.0909091"
"1968170223","2206993895","0.0909091"
"2206993895","1968170223","0.0909091"
"1968170223","2603054666","0.0909091"
"2603054666","1968170223","0.0909091"
"1968170223","2935209093","0.0909091"
"2935209093","1968170223","0.0909091"
"1968170223","3168804","0.0909091"
"3168804","1968170223","0.0909091"
"2017904798","2118808179","0.358766"
"2118808179","2017904798","0.358766"
"2017904798","2206993895","0.0909091"
"2206993895","2017904798","0.0909091"
"2017904798","2603054666","0.0909091"
"2603054666","2017904798","0.0909091"
"2017904798","2935209093","0.0909091"
"2935209093","2017904798","0.0909091"
"2017904798","3168804","0.0909091"
"3168804","2017904798","0.0909091"
"2118808179","2206993895","0.0909091"
"2206993895","2118808179","0.0909091"
"2118808179","2603054666","0.0909091"
"2603054666","2118808179","0.0909091"
"2118808179","2935209093","0.0909091"
"2935209093","2118808179","0.0909091"
"2118808179","3168804","0.0909091"
"3168804","2118808179","0.0909091"
"2206993895","2603054666","2.67424"
"2603054666","2206993895","2.67424"
"2206993895","2935209093","0.0909091"
"2935209093","2206993895","0.0909091"
"2206993895","3168804","0.840909"
"3168804","2206993895","0.840909"
"2603054666","2935209093","0.0909091"
"2935209093","2603054666","0.0909091"
"2603054666","3168804","0.340909"
"3168804","2603054666","0.340909"
"2935209093","3168804","0.0909091"
"3168804","2935209093","0.0909091"
"1510433380","1527344479","0.2625"
"1527344479","1510433380","0.2625"
"1510433380","1561511342","0.5125"
"1561511342","1510433380","0.5125"
"1510433380","1583398080","0.0625"
"1583398080","1510433380","0.0625"
"1510433380","1826756997","0.2625"
"1826756997","1510433380","0.2625"
"1510433380","2006691934","0.3125"
"2006691934","1510433380","0.3125"
"1510433380","2025968023","0.0625"
"2025968023","1510433380","0.0625"
"1510433380","2031496381","0.0625"
"2031496381","1510433380","0.0625"
"1510433380","2090189056","0.0625"
"2090189056","1510433380","0.0625"
"1510433380","2092335398","0.0625"
"2092335398","1510433380","0.0625"
"1510433380","2108650886","0.2625"
"2108650886","1510433380","0.2625"
"1510433380","2122946556","0.0625"
"2122946556","1510433380","0.0625"
"1510433380","2123091221","0.0625"
"2123091221","1510433380","0.0625"
"1510433380","2403722099","0.0625"
"2403722099","1510433380","0.0625"
"1527344479","1561511342","0.5625"
"1561511342","1527344479","0.5625"
"1527344479","1566519417","0.229167"
"1566519417","1527344479","0.229167"
"1527344479","1826756997","0.0625"
"1826756997","1527344479","0.0625"
"1527344479","2006691934","0.1875"
"2006691934","1527344479","0.1875"
"1527344479","2025968023","0.0625"
"2025968023","1527344479","0.0625"
"1527344479","2031496381","0.0625"
"2031496381","1527344479","0.0625"
"1527344479","2090189056","0.0625"
"2090189056","1527344479","0.0625"
"1527344479","2092335398","0.0625"
"2092335398","1527344479","0.0625"
"1527344479","2108650886","0.3875"
"2108650886","1527344479","0.3875"
"1527344479","2122946556","0.0625"
"2122946556","1527344479","0.0625"
"1527344479","2123091221","0.0625"
"2123091221","1527344479","0.0625"
"1527344479","2132021741","0.0625"
"2132021741","1527344479","0.0625"
"1527344479","2403304802","0.229167"
"2403304802","1527344479","0.229167"
"1527344479","2403722099","0.0625"
"2403722099","1527344479","0.0625"
"1561511342","1583398080","0.486742"
"1583398080","1561511342","0.486742"
"1561511342","2006691934","2.74627"
"2006691934","1561511342","2.74627"
"1561511342","2025968023","0.372024"
"2025968023","1561511342","0.372024"
"1561511342","2031496381","0.372024"
"2031496381","1561511342","0.372024"
"1561511342","2090189056","1.5625"
"2090189056","1561511342","1.5625"
"1561511342","2092335398","0.296266"
"2092335398","1561511342","0.296266"
"1561511342","2108650886","1.22917"
"2108650886","1561511342","1.22917"
"1561511342","2122946556","0.78869"
"2122946556","1561511342","0.78869"
"1561511342","2123091221","0.78869"
"2123091221","1561511342","0.78869"
"1561511342","2132021741","0.395833"
"2132021741","1561511342","0.395833"
"1561511342","2403722099","0.395833"
"2403722099","1561511342","0.395833"
"1566519417","1583398080","0.0625"
"1583398080","1566519417","0.0625"
"1566519417","2006691934","0.0625"
"2006691934","1566519417","0.0625"
"1566519417","2025968023","0.0625"
"2025968023","1566519417","0.0625"
"1566519417","2031496381","0.0625"
"2031496381","1566519417","0.0625"
"1566519417","2090189056","0.0625"
"2090189056","1566519417","0.0625"
"1566519417","2092335398","0.5625"
"2092335398","1566519417","0.5625"
"1566519417","2108650886","0.0625"
"2108650886","1566519417","0.0625"
"1566519417","2122946556","0.7625"
"2122946556","1566519417","0.7625"
"1566519417","2123091221","0.7625"
"2123091221","1566519417","0.7625"
"1566519417","2132021741","0.0625"
"2132021741","1566519417","0.0625"
"1566519417","2403722099","0.0625"
"2403722099","1566519417","0.0625"
"1583398080","2006691934","0.153409"
"2006691934","1583398080","0.153409"
"1583398080","2025968023","0.0625"
"2025968023","1583398080","0.0625"
"1583398080","2031496381","0.0625"
"2031496381","1583398080","0.0625"
"1583398080","2090189056","0.0625"
"2090189056","1583398080","0.0625"
"1583398080","2092335398","0.153409"
"2092335398","1583398080","0.153409"
"1583398080","2108650886","0.3125"
"2108650886","1583398080","0.3125"
"1583398080","2122946556","0.0625"
"2122946556","1583398080","0.0625"
"1583398080","2123091221","0.0625"
"2123091221","1583398080","0.0625"
"1583398080","2132021741","0.395833"
"2132021741","1583398080","0.395833"
"1583398080","2403304802","0.0625"
"2403304802","1583398080","0.0625"
"1583398080","2403722099","0.0625"
"2403722099","1583398080","0.0625"
"1826756997","2006691934","0.2625"
"2006691934","1826756997","0.2625"
"1826756997","2025968023","0.0625"
"2025968023","1826756997","0.0625"
"1826756997","2031496381","0.0625"
"2031496381","1826756997","0.0625"
"1826756997","2090189056","0.0625"
"2090189056","1826756997","0.0625"
"1826756997","2092335398","0.0625"
"2092335398","1826756997","0.0625"
"1826756997","2108650886","0.229167"
"2108650886","1826756997","0.229167"
"1826756997","2122946556","0.0625"
"2122946556","1826756997","0.0625"
"1826756997","2123091221","0.0625"
"2123091221","1826756997","0.0625"
"1826756997","2132021741","4.39583"
"2132021741","1826756997","4.39583"
"1826756997","2403722099","0.0625"
"2403722099","1826756997","0.0625"
"2006691934","2025968023","0.572024"
"2025968023","2006691934","0.572024"
"2006691934","2031496381","0.572024"
"2031496381","2006691934","0.572024"
"2006691934","2090189056","0.572024"
"2090189056","2006691934","0.572024"
"2006691934","2092335398","1.21293"
"2092335398","2006691934","1.21293"
"2006691934","2108650886","0.330357"
"2108650886","2006691934","0.330357"
"2006691934","2122946556","0.629167"
"2122946556","2006691934","0.629167"
"2006691934","2123091221","0.629167"
"2123091221","2006691934","0.629167"
"2006691934","2132021741","0.0625"
"2132021741","2006691934","0.0625"
"2006691934","2403304802","1.5625"
"2403304802","2006691934","1.5625"
"2006691934","2403722099","0.429167"
"2403722099","2006691934","0.429167"
"2025968023","2090189056","1.33036"
"2090189056","2025968023","1.33036"
"2025968023","2092335398","0.973214"
"2092335398","2025968023","0.973214"
"2025968023","2108650886","0.229167"
"2108650886","2025968023","0.229167"
"2025968023","2122946556","1.14147"
"2122946556","2025968023","1.14147"
"2025968023","2123091221","0.641468"
"2123091221","2025968023","0.641468"
"2025968023","2132021741","0.0625"
"2132021741","2025968023","0.0625"
"2025968023","2403304802","0.0625"
"2403304802","2025968023","0.0625"
"2025968023","2403722099","2.96528"
"2403722099","2025968023","2.96528"
"2031496381","2090189056","1.83036"
"2090189056","2031496381","1.83036"
"2031496381","2092335398","0.973214"
"2092335398","2031496381","0.973214"
"2031496381","2108650886","0.229167"
"2108650886","2031496381","0.229167"
"2031496381","2122946556","0.830357"
"2122946556","2031496381","0.830357"
"2031496381","2123091221","0.330357"
"2123091221","2031496381","0.330357"
"2031496381","2132021741","0.0625"
"2132021741","2031496381","0.0625"
"2031496381","2403304802","0.0625"
"2403304802","2031496381","0.0625"
"2031496381","2403722099","2.55417"
"2403722099","2031496381","2.55417"
"2090189056","2092335398","2.08036"
"2092335398","2090189056","2.08036"
"2090189056","2108650886","0.0625"
"2108650886","2090189056","0.0625"
"2090189056","2122946556","0.3875"
"2122946556","2090189056","0.3875"
"2090189056","2123091221","0.3875"
"2123091221","2090189056","0.3875"
"2090189056","2132021741","0.0625"
"2132021741","2090189056","0.0625"
"2090189056","2403304802","0.0625"
"2403304802","2090189056","0.0625"
"2090189056","2403722099","2.02083"
"2403722099","2090189056","2.02083"
"2092335398","2108650886","0.0625"
"2108650886","2092335398","0.0625"
"2092335398","2122946556","0.330357"
"2122946556","2092335398","0.330357"
"2092335398","2123091221","0.330357"
"2123091221","2092335398","0.330357"
"2092335398","2132021741","0.0625"
"2132021741","2092335398","0.0625"
"2092335398","2403304802","0.0625"
"2403304802","2092335398","0.0625"
"2092335398","2403722099","0.520833"
"2403722099","2092335398","0.520833"
"2108650886","2122946556","0.5625"
"2122946556","2108650886","0.5625"
"2108650886","2123091221","0.5625"
"2123091221","2108650886","0.5625"
"2108650886","2132021741","0.729167"
"2132021741","2108650886","0.729167"
"2108650886","2403304802","0.0625"
"2403304802","2108650886","0.0625"
"2108650886","2403722099","0.0625"
"2403722099","2108650886","0.0625"
"2122946556","2123091221","15.3748"
"2123091221","2122946556","15.3748"
"2122946556","2132021741","0.0625"
"2132021741","2122946556","0.0625"
"2122946556","2403304802","0.0625"
"2403304802","2122946556","0.0625"
"2122946556","2403722099","0.465278"
"2403722099","2122946556","0.465278"
"2123091221","2132021741","0.0625"
"2132021741","2123091221","0.0625"
"2123091221","2403304802","0.0625"
"2403304802","2123091221","0.0625"
"2123091221","2403722099","0.465278"
"2403722099","2123091221","0.465278"
"2132021741","2403722099","0.0625"
"2403722099","2132021741","0.0625"
"2403304802","2403722099","0.0625"
"2403722099","2403304802","0.0625"
"1517620187","1545188805","2.94286"
"1545188805","1517620187","2.94286"
"1517620187","2006691934","0.608766"
"2006691934","1517620187","0.608766"
"1545188805","1561511342","0.25"
"1561511342","1545188805","0.25"
"1545188805","2006691934","0.25"
"2006691934","1545188805","0.25"
"1510433380","1557782909","0.2"
"1557782909","1510433380","0.2"
"1510433380","2751580871","0.2"
"2751580871","1510433380","0.2"
"1527344479","1557782909","0.2"
"1557782909","1527344479","0.2"
"1527344479","1591695091","0.2"
"1591695091","1527344479","0.2"
"1527344479","2751580871","0.2"
"2751580871","1527344479","0.2"
"1557782909","2108650886","0.342857"
"2108650886","1557782909","0.342857"
"1557782909","2751580871","0.2"
"2751580871","1557782909","0.2"
"1591695091","2108650886","0.2"
"2108650886","1591695091","0.2"
"1591695091","2751580871","0.2"
"2751580871","1591695091","0.2"
"2108650886","2751580871","0.2"
"2751580871","2108650886","0.2"
"1517620187","2799599011","1"
"2799599011","1517620187","1"
"1517620187","1910390680","6.60877"
"1910390680","1517620187","6.60877"
"1517620187","2108650886","0.660714"
"2108650886","1517620187","0.660714"
"1583398080","1910390680","1.29924"
"1910390680","1583398080","1.29924"
"1910390680","2017904798","3.10877"
"2017904798","1910390680","3.10877"
"1910390680","2108650886","0.392857"
"2108650886","1910390680","0.392857"
"2017904798","2108650886","0.994048"
"2108650886","2017904798","0.994048"
"1545179663","192197563","0.575"
"192197563","1545179663","0.575"
"1545179663","2118808179","0.541667"
"2118808179","1545179663","0.541667"
"1527344479","1545188805","0.166667"
"1545188805","1527344479","0.166667"
"1527344479","2118808179","0.166667"
"2118808179","1527344479","0.166667"
"1545188805","2403304802","0.166667"
"2403304802","1545188805","0.166667"
"1517620187","2084360450","0.358766"
"2084360450","1517620187","0.358766"
"1545179663","1910390680","0.309524"
"1910390680","1545179663","0.309524"
"1545179663","2006691934","0.267857"
"2006691934","1545179663","0.267857"
"1545179663","2084360450","0.267857"
"2084360450","1545179663","0.267857"
"1545179663","2108650886","0.267857"
"2108650886","1545179663","0.267857"
"1910390680","2006691934","0.433766"
"2006691934","1910390680","0.433766"
"1910390680","2084360450","0.433766"
"2084360450","1910390680","0.433766"
"1910390680","2952799572","0.142857"
"2952799572","1910390680","0.142857"
"2006691934","2017904798","0.358766"
"2017904798","2006691934","0.358766"
"2006691934","2084360450","5.90162"
"2084360450","2006691934","5.90162"
"2006691934","2952799572","0.142857"
"2952799572","2006691934","0.142857"
"2017904798","2084360450","0.358766"
"2084360450","2017904798","0.358766"
"2084360450","2108650886","0.267857"
"2108650886","2084360450","0.267857"
"2084360450","2952799572","0.142857"
"2952799572","2084360450","0.142857"
"2108650886","2952799572","0.559524"
"2952799572","2108650886","0.559524"
"1541446402","1910390680","0.458333"
"1910390680","1541446402","0.458333"
"1541446402","2017904798","0.583333"
"2017904798","1541446402","0.583333"
"1591695091","2776719604","0.5"
"2776719604","1591695091","0.5"
"1517620187","1979838117","0.358766"
"1979838117","1517620187","0.358766"
"1545188805","1557782909","0.567857"
"1557782909","1545188805","0.567857"
"1545188805","1979838117","0.142857"
"1979838117","1545188805","0.142857"
"1545188805","2017904798","0.892857"
"2017904798","1545188805","0.892857"
"1545188805","2108650886","0.142857"
"2108650886","1545188805","0.142857"
"1557782909","1675929572","0.142857"
"1675929572","1557782909","0.142857"
"1557782909","1979838117","1.47619"
"1979838117","1557782909","1.47619"
"1557782909","2017904798","0.767857"
"2017904798","1557782909","0.767857"
"1557782909","2118808179","0.342857"
"2118808179","1557782909","0.342857"
"1675929572","1979838117","0.358766"
"1979838117","1675929572","0.358766"
"1675929572","2108650886","0.142857"
"2108650886","1675929572","0.142857"
"1979838117","2017904798","0.233766"
"2017904798","1979838117","0.233766"
"1979838117","2108650886","0.142857"
"2108650886","1979838117","0.142857"
"1979838117","2118808179","0.267857"
"2118808179","1979838117","0.267857"
"2108650886","2118808179","0.142857"
"2118808179","2108650886","0.142857"
"1517620187","2086763944","0.333333"
"2086763944","1517620187","0.333333"
"1583398080","2086763944","0.333333"
"2086763944","1583398080","0.333333"
"2017904798","2086763944","0.333333"
"2086763944","2017904798","0.333333"
"1517620187","1573605511","0.390909"
"1573605511","1517620187","0.390909"
"1517620187","2092335398","0.0909091"
"2092335398","1517620187","0.0909091"
"1561511342","1573605511","0.290909"
"1573605511","1561511342","0.290909"
"1561511342","1675929572","0.0909091"
"1675929572","1561511342","0.0909091"
"1561511342","1910390680","0.0909091"
"1910390680","1561511342","0.0909091"
"1561511342","1979838117","0.290909"
"1979838117","1561511342","0.290909"
"1561511342","2017904798","0.590909"
"2017904798","1561511342","0.590909"
"1561511342","2084360450","1.23377"
"2084360450","1561511342","1.23377"
"1573605511","1583398080","0.390909"
"1583398080","1573605511","0.390909"
"1573605511","1591695091","0.190909"
"1591695091","1573605511","0.190909"
"1573605511","1675929572","0.0909091"
"1675929572","1573605511","0.0909091"
"1573605511","1910390680","0.0909091"
"1910390680","1573605511","0.0909091"
"1573605511","1979838117","13.7909"
"1979838117","1573605511","13.7909"
"1573605511","2006691934","0.0909091"
"2006691934","1573605511","0.0909091"
"1573605511","2017904798","0.0909091"
"2017904798","1573605511","0.0909091"
"1573605511","2084360450","0.0909091"
"2084360450","1573605511","0.0909091"
"1573605511","2092335398","0.0909091"
"2092335398","1573605511","0.0909091"
"1583398080","1979838117","0.0909091"
"1979838117","1583398080","0.0909091"
"1583398080","2084360450","0.0909091"
"2084360450","1583398080","0.0909091"
"1591695091","1910390680","0.215909"
"1910390680","1591695091","0.215909"
"1591695091","1979838117","0.0909091"
"1979838117","1591695091","0.0909091"
"1591695091","2006691934","0.0909091"
"2006691934","1591695091","0.0909091"
"1591695091","2017904798","0.215909"
"2017904798","1591695091","0.215909"
"1591695091","2084360450","0.0909091"
"2084360450","1591695091","0.0909091"
"1591695091","2092335398","0.0909091"
"2092335398","1591695091","0.0909091"
"1675929572","1910390680","0.0909091"
"1910390680","1675929572","0.0909091"
"1675929572","2006691934","0.424242"
"2006691934","1675929572","0.424242"
"1675929572","2084360450","0.0909091"
"2084360450","1675929572","0.0909091"
"1675929572","2092335398","0.0909091"
"2092335398","1675929572","0.0909091"
"1910390680","1979838117","0.0909091"
"1979838117","1910390680","0.0909091"
"1910390680","2092335398","0.0909091"
"2092335398","1910390680","0.0909091"
"1979838117","2006691934","0.0909091"
"2006691934","1979838117","0.0909091"
"1979838117","2084360450","0.0909091"
"2084360450","1979838117","0.0909091"
"1979838117","2092335398","0.0909091"
"2092335398","1979838117","0.0909091"
"2017904798","2092335398","0.0909091"
"2092335398","2017904798","0.0909091"
"2084360450","2092335398","0.0909091"
"2092335398","2084360450","0.0909091"
"1527344479","1541446402","0.125"
"1541446402","1527344479","0.125"
"1527344479","1545179663","0.125"
"1545179663","1527344479","0.125"
"1527344479","2084360450","0.125"
"2084360450","1527344479","0.125"
"1541446402","2006691934","0.125"
"2006691934","1541446402","0.125"
"1541446402","2084360450","0.125"
"2084360450","1541446402","0.125"
"1541446402","2108650886","0.125"
"2108650886","1541446402","0.125"
"1573031235","2006691934","0.125"
"2006691934","1573031235","0.125"
"1573031235","2084360450","0.125"
"2084360450","1573031235","0.125"
"1573031235","2108650886","0.125"
"2108650886","1573031235","0.125"
"1517620187","2116361063","1"
"2116361063","1517620187","1"
"1545188805","1578237955","1.83333"
"1578237955","1545188805","1.83333"
"1545188805","1910390680","0.458333"
"1910390680","1545188805","0.458333"
"1578237955","1910390680","0.333333"
"1910390680","1578237955","0.333333"
"1545179663","1675929572","0.125"
"1675929572","1545179663","0.125"
"1545179663","1979838117","0.125"
"1979838117","1545179663","0.125"
"1545179663","2012454489","0.125"
"2012454489","1545179663","0.125"
"1578237955","1979838117","0.125"
"1979838117","1578237955","0.125"
"1578237955","2952799572","0.541667"
"2952799572","1578237955","0.541667"
"192197563","1979838117","0.125"
"1979838117","192197563","0.125"
"192197563","2952799572","0.291667"
"2952799572","192197563","0.291667"
"1979838117","2012454489","0.125"
"2012454489","1979838117","0.125"
"1979838117","2952799572","0.125"
"2952799572","1979838117","0.125"
"2012454489","2952799572","0.125"
"2952799572","2012454489","0.125"
"2118808179","2952799572","0.125"
"2952799572","2118808179","0.125"
"1517620187","2117459578","0.25"
"2117459578","1517620187","0.25"
"1545179663","2117459578","0.25"
"2117459578","1545179663","0.25"
"1583398080","2117459578","0.25"
"2117459578","1583398080","0.25"
"2117459578","990235872","0.5"
"990235872","2117459578","0.5"
"1517620187","347261784","0.366667"
"347261784","1517620187","0.366667"
"1545179663","347261784","0.75"
"347261784","1545179663","0.75"
"1583398080","2118808179","0.491667"
"2118808179","1583398080","0.491667"
"1583398080","347261784","1.16667"
"347261784","1583398080","1.16667"
"1826756997","1910390680","0.166667"
"1910390680","1826756997","0.166667"
"1826756997","2118808179","1.16667"
"2118808179","1826756997","1.16667"
"1826756997","347261784","0.366667"
"347261784","1826756997","0.366667"
"1910390680","2118808179","0.291667"
"2118808179","1910390680","0.291667"
"1910390680","347261784","0.166667"
"347261784","1910390680","0.166667"
"2118808179","347261784","0.166667"
"347261784","2118808179","0.166667"
"1578237955","1583398080","0.74359"
"1583398080","1578237955","0.74359"
"1517620187","1567356467","1.27692"
"1567356467","1517620187","1.27692"
"1567356467","1573031235","0.860256"
"1573031235","1567356467","0.860256"
"1567356467","1826756997","0.533333"
"1826756997","1567356467","0.533333"
"1567356467","347261784","2.03333"
"347261784","1567356467","2.03333"
"1573031235","347261784","0.2"
"347261784","1573031235","0.2"
"1517620187","2153236905","0.333333"
"2153236905","1517620187","0.333333"
"1583398080","2153236905","0.333333"
"2153236905","1583398080","0.333333"
"1517620187","154795652","0.125"
"154795652","1517620187","0.125"
"1541446402","1545188805","0.225"
"1545188805","1541446402","0.225"
"1541446402","154795652","0.125"
"154795652","1541446402","0.125"
"1541446402","2118808179","0.125"
"2118808179","1541446402","0.125"
"1545188805","154795652","0.125"
"154795652","1545188805","0.125"
"1545188805","1583398080","0.8"
"1583398080","1545188805","0.8"
"1545188805","1591695091","1.225"
"1591695091","1545188805","1.225"
"154795652","1583398080","0.125"
"1583398080","154795652","0.125"
"154795652","1591695091","0.125"
"1591695091","154795652","0.125"
"154795652","1910390680","0.325"
"1910390680","154795652","0.325"
"154795652","2017904798","0.125"
"2017904798","154795652","0.125"
"154795652","2118808179","0.125"
"2118808179","154795652","0.125"
"1545179663","1573605511","0.3"
"1573605511","1545179663","0.3"
"1573031235","1573605511","0.3"
"1573605511","1573031235","0.3"
"1573605511","990235872","0.2"
"990235872","1573605511","0.2"
"1517620187","1543956510","0.0769231"
"1543956510","1517620187","0.0769231"
"1517620187","1682142539","0.0769231"
"1682142539","1517620187","0.0769231"
"1517620187","1933165082","0.0769231"
"1933165082","1517620187","0.0769231"
"1517620187","2067495503","0.201923"
"2067495503","1517620187","0.201923"
"1543956510","1573031235","0.0769231"
"1573031235","1543956510","0.0769231"
"1543956510","1583398080","0.0769231"
"1583398080","1543956510","0.0769231"
"1543956510","1591695091","0.0769231"
"1591695091","1543956510","0.0769231"
"1543956510","1933165082","0.0769231"
"1933165082","1543956510","0.0769231"
"1545179663","1682142539","0.0769231"
"1682142539","1545179663","0.0769231"
"1545179663","1933165082","0.326923"
"1933165082","1545179663","0.326923"
"1545179663","2067495503","0.0769231"
"2067495503","1545179663","0.0769231"
"1557782909","1933165082","0.0769231"
"1933165082","1557782909","0.0769231"
"1557782909","990235872","0.0769231"
"990235872","1557782909","0.0769231"
"1567356467","1583398080","0.576923"
"1583398080","1567356467","0.576923"
"1567356467","1591695091","0.0769231"
"1591695091","1567356467","0.0769231"
"1567356467","1933165082","0.660256"
"1933165082","1567356467","0.660256"
"1573031235","1578237955","0.0769231"
"1578237955","1573031235","0.0769231"
"1573031235","1682142539","0.0769231"
"1682142539","1573031235","0.0769231"
"1573031235","1842316007","0.0769231"
"1842316007","1573031235","0.0769231"
"1573031235","1933165082","0.0769231"
"1933165082","1573031235","0.0769231"
"1573031235","2067495503","0.201923"
"2067495503","1573031235","0.201923"
"1578237955","1933165082","0.826923"
"1933165082","1578237955","0.826923"
"1578237955","990235872","0.0769231"
"990235872","1578237955","0.0769231"
"1583398080","1682142539","0.0769231"
"1682142539","1583398080","0.0769231"
"1583398080","1842316007","0.326923"
"1842316007","1583398080","0.326923"
"1583398080","1933165082","0.0769231"
"1933165082","1583398080","0.0769231"
"1583398080","2067495503","0.201923"
"2067495503","1583398080","0.201923"
"1591695091","1682142539","0.0769231"
"1682142539","1591695091","0.0769231"
"1591695091","1933165082","0.0769231"
"1933165082","1591695091","0.0769231"
"1591695091","2067495503","0.0769231"
"2067495503","1591695091","0.0769231"
"1591695091","990235872","0.0769231"
"990235872","1591695091","0.0769231"
"1682142539","1933165082","0.0769231"
"1933165082","1682142539","0.0769231"
"1842316007","1933165082","0.0769231"
"1933165082","1842316007","0.0769231"
"1842316007","990235872","1.32692"
"990235872","1842316007","1.32692"
"1933165082","2067495503","0.0769231"
"2067495503","1933165082","0.0769231"
"1933165082","990235872","0.0769231"
"990235872","1933165082","0.0769231"
"1545188805","1573031235","0.675"
"1573031235","1545188805","0.675"
"1545188805","2061926529","0.625"
"2061926529","1545188805","0.625"
"1545188805","2067495503","0.625"
"2067495503","1545188805","0.625"
"1545188805","2776719604","0.125"
"2776719604","1545188805","0.125"
"1557782909","2061926529","0.125"
"2061926529","1557782909","0.125"
"1573031235","2061926529","0.125"
"2061926529","1573031235","0.125"
"2017904798","2061926529","0.958333"
"2061926529","2017904798","0.958333"
"2017904798","2067495503","0.125"
"2067495503","2017904798","0.125"
"2017904798","2776719604","0.458333"
"2776719604","2017904798","0.458333"
"1517620187","1528256899","0.1"
"1528256899","1517620187","0.1"
"1517620187","2156414146","0.1"
"2156414146","1517620187","0.1"
"1528256899","1541446402","0.1"
"1541446402","1528256899","0.1"
"1528256899","1545179663","0.3"
"1545179663","1528256899","0.3"
"1528256899","1545188805","0.1"
"1545188805","1528256899","0.1"
"1528256899","1557782909","0.433333"
"1557782909","1528256899","0.433333"
"1528256899","1573031235","0.1"
"1573031235","1528256899","0.1"
"1528256899","1573605511","0.1"
"1573605511","1528256899","0.1"
"1528256899","1583398080","0.1"
"1583398080","1528256899","0.1"
"1528256899","1591695091","0.433333"
"1591695091","1528256899","0.433333"
"1528256899","2156414146","9.93333"
"2156414146","1528256899","9.93333"
"1541446402","1573605511","0.433333"
"1573605511","1541446402","0.433333"
"1541446402","2156414146","0.1"
"2156414146","1541446402","0.1"
"1545179663","1545188805","0.1"
"1545188805","1545179663","0.1"
"1545179663","2156414146","0.1"
"2156414146","1545179663","0.1"
"1545188805","1573605511","0.1"
"1573605511","1545188805","0.1"
"1545188805","2156414146","0.1"
"2156414146","1545188805","0.1"
"1557782909","1573605511","0.1"
"1573605511","1557782909","0.1"
"1557782909","2156414146","0.433333"
"2156414146","1557782909","0.433333"
"1573031235","2156414146","0.1"
"2156414146","1573031235","0.1"
"1573605511","2156414146","0.1"
"2156414146","1573605511","0.1"
"1583398080","2156414146","0.1"
"2156414146","1583398080","0.1"
"1591695091","2156414146","0.433333"
"2156414146","1591695091","0.433333"
"1591695091","1968170223","0.5"
"1968170223","1591695091","0.5"
"1527344479","347261784","1.5"
"347261784","1527344479","1.5"
"1561511342","347261784","2"
"347261784","1561511342","2"
"1527344479","1567356467","0.25"
"1567356467","1527344479","0.25"
"1567356467","2952799572","0.583333"
"2952799572","1567356467","0.583333"
"1528256899","1826756997","0.733333"
"1826756997","1528256899","0.733333"
"1528256899","2116361063","0.333333"
"2116361063","1528256899","0.333333"
"1528256899","2132021741","0.666667"
"2132021741","1528256899","0.666667"
"1826756997","2116361063","0.333333"
"2116361063","1826756997","0.333333"
"2116361063","2132021741","0.333333"
"2132021741","2116361063","0.333333"
"1528256899","2035566769","0.333333"
"2035566769","1528256899","0.333333"
"1528256899","2489157929","0.533333"
"2489157929","1528256899","0.533333"
"2035566769","2132021741","0.333333"
"2132021741","2035566769","0.333333"
"2035566769","2489157929","0.333333"
"2489157929","2035566769","0.333333"
"2132021741","2489157929","0.333333"
"2489157929","2132021741","0.333333"
"1528256899","2403722099","0.5"
"2403722099","1528256899","0.5"
"2156414146","2403722099","1.66667"
"2403722099","2156414146","1.66667"
"1528256899","2904362330","1"
"2904362330","1528256899","1"
"1528256899","157047155","1.25"
"157047155","1528256899","1.25"
"1528256899","2751580871","0.25"
"2751580871","1528256899","0.25"
"1528256899","2799599011","0.25"
"2799599011","1528256899","0.25"
"1528256899","2888827248","0.25"
"2888827248","1528256899","0.25"
"157047155","2751580871","0.25"
"2751580871","157047155","0.25"
"157047155","2799599011","0.25"
"2799599011","157047155","0.25"
"157047155","2888827248","0.25"
"2888827248","157047155","0.25"
"2751580871","2799599011","0.25"
"2799599011","2751580871","0.25"
"2751580871","2888827248","2.25"
"2888827248","2751580871","2.25"
"2799599011","2888827248","0.25"
"2888827248","2799599011","0.25"
"1528256899","1561511342","0.2"
"1561511342","1528256899","0.2"
"1528256899","192197563","0.4"
"192197563","1528256899","0.4"
"1528256899","2006691934","0.2"
"2006691934","1528256899","0.2"
"1561511342","192197563","0.533333"
"192197563","1561511342","0.533333"
"1561511342","2489157929","0.2"
"2489157929","1561511342","0.2"
"1826756997","192197563","1.65"
"192197563","1826756997","1.65"
"1826756997","2489157929","0.2"
"2489157929","1826756997","0.2"
"192197563","2006691934","0.4"
"2006691934","192197563","0.4"
"192197563","2489157929","0.2"
"2489157929","192197563","0.2"
"2006691934","2489157929","0.366667"
"2489157929","2006691934","0.366667"
"1528256899","2603054666","1"
"2603054666","1528256899","1"
"1528256899","1543956510","0.2"
"1543956510","1528256899","0.2"
"1528256899","1578237955","0.2"
"1578237955","1528256899","0.2"
"1543956510","1826756997","0.2"
"1826756997","1543956510","0.2"
"1543956510","192197563","0.2"
"192197563","1543956510","0.2"
"1578237955","1826756997","0.7"
"1826756997","1578237955","0.7"
"1541446402","1567356467","0.666667"
"1567356467","1541446402","0.666667"
"1541446402","2952799572","0.333333"
"2952799572","1541446402","0.333333"
"1541446402","1578237955","0.666667"
"1578237955","1541446402","0.666667"
"1541446402","2122946556","0.333333"
"2122946556","1541446402","0.333333"
"1541446402","2123091221","0.333333"
"2123091221","1541446402","0.333333"
"1578237955","2122946556","1.78333"
"2122946556","1578237955","1.78333"
"1578237955","2123091221","1.78333"
"2123091221","1578237955","1.78333"
"1541446402","1543956510","0.333333"
"1543956510","1541446402","0.333333"
"1543956510","1573605511","0.533333"
"1573605511","1543956510","0.533333"
"1573605511","1578237955","0.333333"
"1578237955","1573605511","0.333333"
"1543956510","2090189056","1"
"2090189056","1543956510","1"
"1543956510","1561511342","0.342857"
"1561511342","1543956510","0.342857"
"1543956510","2003261926","0.142857"
"2003261926","1543956510","0.142857"
"1543956510","2084360450","0.142857"
"2084360450","1543956510","0.142857"
"1543956510","2935209093","0.142857"
"2935209093","1543956510","0.142857"
"1561511342","1682142539","0.142857"
"1682142539","1561511342","0.142857"
"1561511342","2003261926","0.642857"
"2003261926","1561511342","0.642857"
"1561511342","2067495503","0.142857"
"2067495503","1561511342","0.142857"
"1561511342","2935209093","0.142857"
"2935209093","1561511342","0.142857"
"1682142539","2003261926","0.142857"
"2003261926","1682142539","0.142857"
"1682142539","2084360450","0.142857"
"2084360450","1682142539","0.142857"
"1682142539","2935209093","0.142857"
"2935209093","1682142539","0.142857"
"2003261926","2006691934","1.00952"
"2006691934","2003261926","1.00952"
"2003261926","2067495503","0.142857"
"2067495503","2003261926","0.142857"
"2003261926","2084360450","0.809524"
"2084360450","2003261926","0.809524"
"2003261926","2935209093","0.142857"
"2935209093","2003261926","0.142857"
"2006691934","2935209093","0.142857"
"2935209093","2006691934","0.142857"
"2067495503","2084360450","0.142857"
"2084360450","2067495503","0.142857"
"2067495503","2935209093","0.142857"
"2935209093","2067495503","0.142857"
"2084360450","2935209093","0.142857"
"2935209093","2084360450","0.142857"
"1543956510","1979838117","0.533333"
"1979838117","1543956510","0.533333"
"1543956510","2521665175","0.333333"
"2521665175","1543956510","0.333333"
"1557782909","2521665175","1.66667"
"2521665175","1557782909","1.66667"
"1979838117","2521665175","0.333333"
"2521665175","1979838117","0.333333"
"1543956510","1976420017","0.2"
"1976420017","1543956510","0.2"
"1543956510","3168804","0.2"
"3168804","1543956510","0.2"
"1561511342","1976420017","0.592857"
"1976420017","1561511342","0.592857"
"1561511342","3168804","0.533333"
"3168804","1561511342","0.533333"
"1573605511","1976420017","0.2"
"1976420017","1573605511","0.2"
"1573605511","3168804","0.7"
"3168804","1573605511","0.7"
"1976420017","1979838117","0.2"
"1979838117","1976420017","0.2"
"1976420017","3168804","0.2"
"3168804","1976420017","0.2"
"1979838117","3168804","0.7"
"3168804","1979838117","0.7"
"1543956510","154795652","1"
"154795652","1543956510","1"
"1545179663","1561511342","1"
"1561511342","1545179663","1"
"1545179663","2003261926","0.5"
"2003261926","1545179663","0.5"
"2776719604","2952799572","0.583333"
"2952799572","2776719604","0.583333"
"2776719604","347261784","0.583333"
"347261784","2776719604","0.583333"
"2952799572","347261784","0.583333"
"347261784","2952799572","0.583333"
"1933165082","347261784","0.25"
"347261784","1933165082","0.25"
"1545188805","1682142539","0.5"
"1682142539","1545188805","0.5"
"1545188805","2035566769","1"
"2035566769","1545188805","1"
"1545188805","1826756997","0.25"
"1826756997","1545188805","0.25"
"1545188805","192197563","0.25"
"192197563","1545188805","0.25"
"1573031235","192197563","0.75"
"192197563","1573031235","0.75"
"1583398080","192197563","0.25"
"192197563","1583398080","0.25"
"154795652","157047155","2.5"
"157047155","154795652","2.5"
"154795652","2003261926","0.333333"
"2003261926","154795652","0.333333"
"154795652","2006691934","0.533333"
"2006691934","154795652","0.533333"
"154795652","2084360450","0.533333"
"2084360450","154795652","0.533333"
"154795652","1969897723","1.33333"
"1969897723","154795652","1.33333"
"154795652","2008137090","1.03333"
"2008137090","154795652","1.03333"
"154795652","2090189056","3.5"
"2090189056","154795652","3.5"
"154795652","2092335398","0.75"
"2092335398","154795652","0.75"
"1969897723","2008137090","0.833333"
"2008137090","1969897723","0.833333"
"1969897723","2090189056","0.5"
"2090189056","1969897723","0.5"
"1969897723","2092335398","0.25"
"2092335398","1969897723","0.25"
"2008137090","2090189056","0.809524"
"2090189056","2008137090","0.809524"
"2008137090","2092335398","0.559524"
"2092335398","2008137090","0.559524"
"154795652","1964075810","1.33333"
"1964075810","154795652","1.33333"
"154795652","1994788755","1.28333"
"1994788755","154795652","1.28333"
"1910390680","1994788755","0.2"
"1994788755","1910390680","0.2"
"1910390680","2008137090","0.2"
"2008137090","1910390680","0.2"
"1994788755","2006691934","0.533333"
"2006691934","1994788755","0.533333"
"1994788755","2008137090","5.11667"
"2008137090","1994788755","5.11667"
"1994788755","2084360450","0.533333"
"2084360450","1994788755","0.533333"
"2006691934","2008137090","1.17619"
"2008137090","2006691934","1.17619"
"2008137090","2084360450","0.866667"
"2084360450","2008137090","0.866667"
"1969897723","1994788755","2.08333"
"1994788755","1969897723","2.08333"
"1994788755","2090189056","1.25"
"2090189056","1994788755","1.25"
"154795652","1561511342","0.5"
"1561511342","154795652","0.5"
"154795652","1933165082","0.5"
"1933165082","154795652","0.5"
"154795652","2153236905","0.5"
"2153236905","154795652","0.5"
"1933165082","2153236905","0.7"
"2153236905","1933165082","0.7"
"154795652","192197563","0.5"
"192197563","154795652","0.5"
"157047155","192197563","1.5"
"192197563","157047155","1.5"
"154795652","1996901332","0.333333"
"1996901332","154795652","0.333333"
"154795652","2735952345","0.333333"
"2735952345","154795652","0.333333"
"1964075810","1996901332","8.7"
"1996901332","1964075810","8.7"
"1964075810","2735952345","1.33333"
"2735952345","1964075810","1.33333"
"1557782909","1968170223","1"
"1968170223","1557782909","1"
"1557782909","2008137090","0.333333"
"2008137090","1557782909","0.333333"
"1557782909","2904362330","0.333333"
"2904362330","1557782909","0.333333"
"2008137090","2521665175","0.333333"
"2521665175","2008137090","0.333333"
"2008137090","2904362330","0.333333"
"2904362330","2008137090","0.333333"
"2521665175","2904362330","2.33333"
"2904362330","2521665175","2.33333"
"1561511342","1578237955","1.83333"
"1578237955","1561511342","1.83333"
"1561511342","2012454489","0.5"
"2012454489","1561511342","0.5"
"1578237955","2403722099","2"
"2403722099","1578237955","2"
"2012454489","2403722099","0.333333"
"2403722099","2012454489","0.333333"
"1561511342","1567356467","0.5"
"1567356467","1561511342","0.5"
"1567356467","2017904798","0.5"
"2017904798","1567356467","0.5"
"1561511342","1964075810","0.333333"
"1964075810","1561511342","0.333333"
"1561511342","2117459578","0.333333"
"2117459578","1561511342","0.333333"
"1964075810","2117459578","0.333333"
"2117459578","1964075810","0.333333"
"1964075810","3168804","0.333333"
"3168804","1964075810","0.333333"
"2117459578","3168804","0.333333"
"3168804","2117459578","0.333333"
"1561511342","2061926529","1"
"2061926529","1561511342","1"
"1561511342","2153236905","1"
"2153236905","1561511342","1"
"1561511342","1995415831","0.333333"
"1995415831","1561511342","0.333333"
"1561511342","2097489266","0.333333"
"2097489266","1561511342","0.333333"
"192197563","1995415831","0.333333"
"1995415831","192197563","0.333333"
"192197563","2097489266","0.5"
"2097489266","192197563","0.5"
"1995415831","2097489266","0.333333"
"2097489266","1995415831","0.333333"
"1561511342","2011093647","0.333333"
"2011093647","1561511342","0.333333"
"1578237955","2011093647","0.333333"
"2011093647","1578237955","0.333333"
"2003261926","2011093647","1.33333"
"2011093647","2003261926","1.33333"
"1561511342","2086642346","0.392857"
"2086642346","1561511342","0.392857"
"1976420017","2086642346","1.64286"
"2086642346","1976420017","1.64286"
"1976420017","2122946556","0.503968"
"2122946556","1976420017","0.503968"
"1976420017","2123091221","0.503968"
"2123091221","1976420017","0.503968"
"2086642346","2122946556","0.517857"
"2122946556","2086642346","0.517857"
"2086642346","2123091221","0.517857"
"2123091221","2086642346","0.517857"
"1561511342","1933165082","0.166667"
"1933165082","1561511342","0.166667"
"1561511342","2012076388","0.166667"
"2012076388","1561511342","0.166667"
"1566519417","1578237955","0.366667"
"1578237955","1566519417","0.366667"
"1566519417","1933165082","0.166667"
"1933165082","1566519417","0.166667"
"1566519417","2003261926","0.666667"
"2003261926","1566519417","0.666667"
"1566519417","2012076388","0.166667"
"2012076388","1566519417","0.166667"
"1566519417","2012454489","0.166667"
"2012454489","1566519417","0.166667"
"1578237955","2012076388","0.166667"
"2012076388","1578237955","0.166667"
"1933165082","2003261926","0.166667"
"2003261926","1933165082","0.166667"
"1933165082","2012076388","0.166667"
"2012076388","1933165082","0.166667"
"1933165082","2012454489","0.166667"
"2012454489","1933165082","0.166667"
"2003261926","2012076388","0.166667"
"2012076388","2003261926","0.166667"
"2012076388","2012454489","0.166667"
"2012454489","2012076388","0.166667"
"1976420017","2025968023","0.253968"
"2025968023","1976420017","0.253968"
"1976420017","2031496381","0.142857"
"2031496381","1976420017","0.142857"
"1976420017","2092335398","0.392857"
"2092335398","1976420017","0.392857"
"2025968023","2086642346","0.267857"
"2086642346","2025968023","0.267857"
"2031496381","2086642346","0.467857"
"2086642346","2031496381","0.467857"
"2086642346","2092335398","0.517857"
"2092335398","2086642346","0.517857"
"1561511342","1968170223","0.166667"
"1968170223","1561511342","0.166667"
"1561511342","2008137090","0.166667"
"2008137090","1561511342","0.166667"
"1578237955","1968170223","0.366667"
"1968170223","1578237955","0.366667"
"1578237955","2008137090","0.166667"
"2008137090","1578237955","0.166667"
"1578237955","2025968023","0.166667"
"2025968023","1578237955","0.166667"
"1578237955","2031496381","0.166667"
"2031496381","1578237955","0.166667"
"1578237955","2108650886","0.333333"
"2108650886","1578237955","0.333333"
"1968170223","2008137090","0.166667"
"2008137090","1968170223","0.166667"
"1968170223","2025968023","0.166667"
"2025968023","1968170223","0.166667"
"1968170223","2031496381","0.166667"
"2031496381","1968170223","0.166667"
"1968170223","2108650886","0.166667"
"2108650886","1968170223","0.166667"
"2008137090","2108650886","0.166667"
"2108650886","2008137090","0.166667"
"1561511342","2118808179","1"
"2118808179","1561511342","1"
"2003261926","2092335398","0.5"
"2092335398","2003261926","0.5"
"1566519417","2153236905","0.2"
"2153236905","1566519417","0.2"
"1968170223","2122946556","0.2"
"2122946556","1968170223","0.2"
"1968170223","2123091221","0.2"
"2123091221","1968170223","0.2"
"1968170223","2153236905","0.2"
"2153236905","1968170223","0.2"
"2122946556","2153236905","0.2"
"2153236905","2122946556","0.2"
"2123091221","2153236905","0.2"
"2153236905","2123091221","0.2"
"1566519417","2116361063","0.333333"
"2116361063","1566519417","0.333333"
"1591695091","2116361063","0.333333"
"2116361063","1591695091","0.333333"
"1591695091","2935209093","0.333333"
"2935209093","1591695091","0.333333"
"2116361063","2935209093","0.333333"
"2935209093","2116361063","0.333333"
"1567356467","157047155","0.333333"
"157047155","1567356467","0.333333"
"1567356467","2035566769","0.333333"
"2035566769","1567356467","0.333333"
"157047155","2035566769","0.666667"
"2035566769","157047155","0.666667"
"157047155","347261784","1.83333"
"347261784","157047155","1.83333"
"2035566769","347261784","0.533333"
"347261784","2035566769","0.533333"
"1567356467","192197563","0.333333"
"192197563","1567356467","0.333333"
"1567356467","2156414146","0.333333"
"2156414146","1567356467","0.333333"
"1578237955","2156414146","1.5"
"2156414146","1578237955","1.5"
"1933165082","2156414146","0.333333"
"2156414146","1933165082","0.333333"
"1567356467","2403304802","0.5"
"2403304802","1567356467","0.5"
"157047155","2090189056","0.25"
"2090189056","157047155","0.25"
"157047155","2206993895","0.25"
"2206993895","157047155","0.25"
"157047155","2603054666","2.25"
"2603054666","157047155","2.25"
"157047155","3168804","0.25"
"3168804","157047155","0.25"
"2090189056","2206993895","0.25"
"2206993895","2090189056","0.25"
"2090189056","2603054666","0.25"
"2603054666","2090189056","0.25"
"2090189056","3168804","0.25"
"3168804","2090189056","0.25"
"157047155","2012454489","0.833333"
"2012454489","157047155","0.833333"
"157047155","2086763944","0.333333"
"2086763944","157047155","0.333333"
"2012454489","2035566769","7"
"2035566769","2012454489","7"
"2035566769","2086763944","3.36667"
"2086763944","2035566769","3.36667"
"157047155","1578237955","1"
"1578237955","157047155","1"
"157047155","2118808179","0.5"
"2118808179","157047155","0.5"
"2012454489","2117459578","2.16667"
"2117459578","2012454489","2.16667"
"192197563","347261784","2.06111"
"347261784","192197563","2.06111"
"2003261926","2122946556","1.86111"
"2122946556","2003261926","1.86111"
"2003261926","2123091221","1.19444"
"2123091221","2003261926","1.19444"
"2003261926","2952799572","0.25"
"2952799572","2003261926","0.25"
"2122946556","2952799572","0.25"
"2952799572","2122946556","0.25"
"2123091221","2952799572","0.25"
"2952799572","2123091221","0.25"
"1578237955","2086642346","0.25"
"2086642346","1578237955","0.25"
"1578237955","2092335398","0.25"
"2092335398","1578237955","0.25"
"1976420017","2006691934","0.25"
"2006691934","1976420017","0.25"
"2006691934","2086642346","0.45"
"2086642346","2006691934","0.45"
"1578237955","2489157929","0.166667"
"2489157929","1578237955","0.166667"
"2006691934","2156414146","0.166667"
"2156414146","2006691934","0.166667"
"2122946556","2156414146","0.166667"
"2156414146","2122946556","0.166667"
"2122946556","2489157929","0.166667"
"2489157929","2122946556","0.166667"
"2123091221","2156414146","0.166667"
"2156414146","2123091221","0.166667"
"2123091221","2489157929","0.166667"
"2489157929","2123091221","0.166667"
"2156414146","2489157929","0.166667"
"2489157929","2156414146","0.166667"
"2403722099","2489157929","0.166667"
"2489157929","2403722099","0.166667"
"192197563","2403722099","0.811111"
"2403722099","192197563","0.811111"
"1826756997","2097489266","1.66667"
"2097489266","1826756997","1.66667"
"1826756997","2952799572","6.16667"
"2952799572","1826756997","6.16667"
"192197563","2108650886","0.666667"
"2108650886","192197563","0.666667"
"2097489266","2108650886","0.416667"
"2108650886","2097489266","0.416667"
"2097489266","2132021741","1.16667"
"2132021741","2097489266","1.16667"
"2097489266","2952799572","2.91667"
"2952799572","2097489266","2.91667"
"2132021741","2952799572","0.666667"
"2952799572","2132021741","0.666667"
"1578237955","1995415831","0.5"
"1995415831","1578237955","0.5"
"1995415831","2156414146","0.5"
"2156414146","1995415831","0.5"
"2097489266","2156414146","0.5"
"2156414146","2097489266","0.5"
"1591695091","2151660018","1"
"2151660018","1591695091","1"
"1591695091","2031496381","1"
"2031496381","1591695091","1"
"1675929572","2735372381","0.25"
"2735372381","1675929572","0.25"
"1675929572","2740737018","0.25"
"2740737018","1675929572","0.25"
"1675929572","2799599011","0.25"
"2799599011","1675929572","0.25"
"2118808179","2735372381","0.25"
"2735372381","2118808179","0.25"
"2118808179","2740737018","0.25"
"2740737018","2118808179","0.25"
"2118808179","2799599011","0.25"
"2799599011","2118808179","0.25"
"1675929572","2153236905","0.333333"
"2153236905","1675929572","0.333333"
"2006691934","2118808179","0.333333"
"2118808179","2006691934","0.333333"
"2006691934","2153236905","0.333333"
"2153236905","2006691934","0.333333"
"2118808179","2153236905","0.333333"
"2153236905","2118808179","0.333333"
"2006691934","2061926529","0.583333"
"2061926529","2006691934","0.583333"
"1682142539","2035566769","0.5"
"2035566769","1682142539","0.5"
"2035566769","2067495503","0.5"
"2067495503","2035566769","0.5"
"1826756997","2151660018","2"
"2151660018","1826756997","2"
"1826756997","1994788755","1"
"1994788755","1826756997","1"
"1826756997","1995415831","0.5"
"1995415831","1826756997","0.5"
"1995415831","2132021741","0.5"
"2132021741","1995415831","0.5"
"1842316007","1976420017","1.11111"
"1976420017","1842316007","1.11111"
"1842316007","192197563","0.361111"
"192197563","1842316007","0.361111"
"192197563","2117459578","0.694444"
"2117459578","192197563","0.694444"
"192197563","990235872","0.25"
"990235872","192197563","0.25"
"347261784","990235872","0.25"
"990235872","347261784","0.25"
"1842316007","2003261926","1.11111"
"2003261926","1842316007","1.11111"
"1842316007","2025968023","0.236111"
"2025968023","1842316007","0.236111"
"1842316007","2122946556","0.436111"
"2122946556","1842316007","0.436111"
"1842316007","2123091221","0.436111"
"2123091221","1842316007","0.436111"
"1842316007","2403722099","0.236111"
"2403722099","1842316007","0.236111"
"192197563","2025968023","0.111111"
"2025968023","192197563","0.111111"
"192197563","2122946556","0.111111"
"2122946556","192197563","0.111111"
"192197563","2123091221","0.111111"
"2123091221","192197563","0.111111"
"1976420017","2117459578","0.111111"
"2117459578","1976420017","0.111111"
"1976420017","2403722099","0.111111"
"2403722099","1976420017","0.111111"
"1976420017","347261784","0.111111"
"347261784","1976420017","0.111111"
"2003261926","2025968023","0.111111"
"2025968023","2003261926","0.111111"
"2003261926","2117459578","0.111111"
"2117459578","2003261926","0.111111"
"2003261926","2403722099","0.311111"
"2403722099","2003261926","0.311111"
"2003261926","347261784","0.444444"
"347261784","2003261926","0.444444"
"2025968023","2117459578","0.111111"
"2117459578","2025968023","0.111111"
"2025968023","347261784","1.11111"
"347261784","2025968023","1.11111"
"2117459578","2122946556","0.111111"
"2122946556","2117459578","0.111111"
"2117459578","2123091221","0.111111"
"2123091221","2117459578","0.111111"
"2117459578","2403722099","0.111111"
"2403722099","2117459578","0.111111"
"2122946556","347261784","0.311111"
"347261784","2122946556","0.311111"
"2123091221","347261784","0.644444"
"347261784","2123091221","0.644444"
"2403722099","347261784","0.111111"
"347261784","2403722099","0.111111"
"1842316007","2090189056","0.325"
"2090189056","1842316007","0.325"
"2006691934","347261784","0.2"
"347261784","2006691934","0.2"
"2090189056","347261784","0.2"
"347261784","2090189056","0.2"
"1842316007","2031496381","0.125"
"2031496381","1842316007","0.125"
"1842316007","2086642346","0.125"
"2086642346","1842316007","0.125"
"1842316007","2092335398","0.125"
"2092335398","1842316007","0.125"
"2086642346","2090189056","0.125"
"2090189056","2086642346","0.125"
"2086642346","2403722099","0.325"
"2403722099","2086642346","0.325"
"192197563","2012076388","3"
"2012076388","192197563","3"
"192197563","2035566769","1.03333"
"2035566769","192197563","1.03333"
"192197563","2086763944","1.03333"
"2086763944","192197563","1.03333"
"2035566769","2117459578","2.33333"
"2117459578","2035566769","2.33333"
"2086763944","2117459578","3.83333"
"2117459578","2086763944","3.83333"
"192197563","2092335398","0.2"
"2092335398","192197563","0.2"
"192197563","2530461253","0.2"
"2530461253","192197563","0.2"
"2035566769","2092335398","0.533333"
"2092335398","2035566769","0.533333"
"2035566769","2530461253","0.2"
"2530461253","2035566769","0.2"
"2086763944","2092335398","0.533333"
"2092335398","2086763944","0.533333"
"2086763944","2530461253","0.2"
"2530461253","2086763944","0.2"
"2086763944","347261784","0.2"
"347261784","2086763944","0.2"
"2092335398","2530461253","0.2"
"2530461253","2092335398","0.2"
"2092335398","347261784","0.2"
"347261784","2092335398","0.2"
"2530461253","347261784","0.2"
"347261784","2530461253","0.2"
"192197563","2031496381","0.2"
"2031496381","192197563","0.2"
"192197563","2086642346","0.2"
"2086642346","192197563","0.2"
"2003261926","2031496381","0.2"
"2031496381","2003261926","0.2"
"2003261926","2086642346","0.2"
"2086642346","2003261926","0.2"
"1929617298","990235872","1"
"990235872","1929617298","1"
"1929617298","2230840043","1"
"2230840043","1929617298","1"
"1933165082","2090189056","1.03333"
"2090189056","1933165082","1.03333"
"1933165082","2092335398","1.33333"
"2092335398","1933165082","1.33333"
"1933165082","2116361063","6.53333"
"2116361063","1933165082","6.53333"
"2090189056","2116361063","1.53333"
"2116361063","2090189056","1.53333"
"2092335398","2116361063","2.33333"
"2116361063","2092335398","2.33333"
"1933165082","1964075810","1.2"
"1964075810","1933165082","1.2"
"1933165082","1996901332","0.2"
"1996901332","1933165082","0.2"
"1964075810","2090189056","0.2"
"2090189056","1964075810","0.2"
"1964075810","2116361063","1.2"
"2116361063","1964075810","1.2"
"1964075810","2153236905","0.2"
"2153236905","1964075810","0.2"
"1996901332","2090189056","0.2"
"2090189056","1996901332","0.2"
"1996901332","2153236905","0.2"
"2153236905","1996901332","0.2"
"2090189056","2153236905","0.2"
"2153236905","2090189056","0.2"
"2116361063","2153236905","0.2"
"2153236905","2116361063","0.2"
"1933165082","2006691934","0.5"
"2006691934","1933165082","0.5"
"1933165082","2097489266","1"
"2097489266","1933165082","1"
"1933165082","2118808179","1"
"2118808179","1933165082","1"
"1964075810","2587735315","2"
"2587735315","1964075810","2"
"1996901332","2587735315","1"
"2587735315","1996901332","1"
"1964075810","2888827248","0.5"
"2888827248","1964075810","0.5"
"1964075810","2935209093","0.5"
"2935209093","1964075810","0.5"
"2888827248","2935209093","0.5"
"2935209093","2888827248","0.5"
"1964075810","2008137090","1"
"2008137090","1964075810","1"
"1964075810","2035566769","0.333333"
"2035566769","1964075810","0.333333"
"1964075810","2206993895","1.16667"
"2206993895","1964075810","1.16667"
"1996901332","2035566769","0.333333"
"2035566769","1996901332","0.333333"
"1996901332","2206993895","1.16667"
"2206993895","1996901332","1.16667"
"2035566769","2206993895","0.833333"
"2206993895","2035566769","0.833333"
"1964075810","2603054666","1.33333"
"2603054666","1964075810","1.33333"
"1996901332","2603054666","0.333333"
"2603054666","1996901332","0.333333"
"1964075810","2092335398","1"
"2092335398","1964075810","1"
"1964075810","2031496381","1"
"2031496381","1964075810","1"
"1977495353","2206993895","1"
"2206993895","1977495353","1"
"1979838117","2008137090","0.25"
"2008137090","1979838117","0.25"
"1979838117","2735372381","0.25"
"2735372381","1979838117","0.25"
"1979838117","2740737018","0.25"
"2740737018","1979838117","0.25"
"1979838117","2799599011","0.25"
"2799599011","1979838117","0.25"
"2008137090","2735372381","0.25"
"2735372381","2008137090","0.25"
"2008137090","2740737018","0.25"
"2740737018","2008137090","0.25"
"2008137090","2799599011","0.25"
"2799599011","2008137090","0.25"
"1979838117","2530461253","1"
"2530461253","1979838117","1"
"1994788755","2530461253","1"
"2530461253","1994788755","1"
"1996901332","2403722099","1"
"2403722099","1996901332","1"
"2003261926","2116361063","0.333333"
"2116361063","2003261926","0.333333"
"2116361063","2123091221","0.333333"
"2123091221","2116361063","0.333333"
"2116361063","347261784","0.333333"
"347261784","2116361063","0.333333"
"2003261926","2008137090","0.333333"
"2008137090","2003261926","0.333333"
"2006691934","2230840043","0.47619"
"2230840043","2006691934","0.47619"
"2008137090","2067495503","0.809524"
"2067495503","2008137090","0.809524"
"2008137090","2230840043","0.142857"
"2230840043","2008137090","0.142857"
"2025968023","2067495503","0.309524"
"2067495503","2025968023","0.309524"
"2025968023","2230840043","0.142857"
"2230840043","2025968023","0.142857"
"2031496381","2067495503","0.309524"
"2067495503","2031496381","0.309524"
"2031496381","2230840043","0.142857"
"2230840043","2031496381","0.142857"
"2067495503","2090189056","0.309524"
"2090189056","2067495503","0.309524"
"2067495503","2092335398","0.309524"
"2092335398","2067495503","0.309524"
"2090189056","2230840043","0.142857"
"2230840043","2090189056","0.142857"
"2092335398","2230840043","0.142857"
"2230840043","2092335398","0.142857"
"2006691934","2011093647","0.2"
"2011093647","2006691934","0.2"
"2011093647","2025968023","0.2"
"2025968023","2011093647","0.2"
"2011093647","2084360450","0.2"
"2084360450","2011093647","0.2"
"2011093647","2122946556","0.2"
"2122946556","2011093647","0.2"
"2011093647","2123091221","0.2"
"2123091221","2011093647","0.2"
"2025968023","2084360450","0.2"
"2084360450","2025968023","0.2"
"2084360450","2122946556","0.2"
"2122946556","2084360450","0.2"
"2084360450","2123091221","0.2"
"2123091221","2084360450","0.2"
"2006691934","990235872","0.333333"
"990235872","2006691934","0.333333"
"2230840043","990235872","2.33333"
"990235872","2230840043","2.33333"
"2008137090","2153236905","1"
"2153236905","2008137090","1"
"2008137090","2061926529","0.5"
"2061926529","2008137090","0.5"
"2011093647","2092335398","1"
"2092335398","2011093647","1"
"2012454489","2603054666","2"
"2603054666","2012454489","2"
"2012454489","2530461253","1"
"2530461253","2012454489","1"
"2061926529","2108650886","0.333333"
"2108650886","2061926529","0.333333"
"2108650886","2776719604","0.583333"
"2776719604","2108650886","0.583333"
"2035566769","2403722099","0.333333"
"2403722099","2035566769","0.333333"
"2035566769","2521665175","0.333333"
"2521665175","2035566769","0.333333"
"2035566769","3168804","0.833333"
"3168804","2035566769","0.833333"
"2403722099","2521665175","0.333333"
"2521665175","2403722099","0.333333"
"2403722099","3168804","0.583333"
"3168804","2403722099","0.583333"
"2521665175","3168804","0.333333"
"3168804","2521665175","0.333333"
"2092335398","2117459578","0.333333"
"2117459578","2092335398","0.333333"
"2061926529","2090189056","1"
"2090189056","2061926529","1"
"2086763944","2090189056","0.5"
"2090189056","2086763944","0.5"
"2090189056","2117459578","0.5"
"2117459578","2090189056","0.5"
"2090189056","2510763030","1"
"2510763030","2090189056","1"
"2097489266","2776719604","0.25"
"2776719604","2097489266","0.25"
"2097489266","347261784","0.25"
"347261784","2097489266","0.25"
"2108650886","347261784","0.25"
"347261784","2108650886","0.25"
"2116361063","2403722099","1"
"2403722099","2116361063","1"
"2156414146","2953803625","1"
"2953803625","2156414146","1"
"2206993895","2587735315","1"
"2587735315","2206993895","1"
"2206993895","2751580871","1"
"2751580871","2206993895","1"
"2230840043","2403722099","1"
"2403722099","2230840043","1"
"2403722099","2510763030","0.25"
"2510763030","2403722099","0.25"
"2403722099","2587735315","0.25"
"2587735315","2403722099","0.25"
"2403722099","2896526398","0.25"
"2896526398","2403722099","0.25"
"2510763030","2587735315","0.25"
"2587735315","2510763030","0.25"
"2510763030","2896526398","0.25"
"2896526398","2510763030","0.25"
"2510763030","3168804","0.25"
"3168804","2510763030","0.25"
"2587735315","2896526398","0.25"
"2896526398","2587735315","0.25"
"2587735315","3168804","0.25"
"3168804","2587735315","0.25"
"2896526398","3168804","2.25"
"3168804","2896526398","2.25"
"2510763030","2735952345","1"
"2735952345","2510763030","1"
"2510763030","2603054666","1"
"2603054666","2510763030","1"
"2530461253","2603054666","1"
"2603054666","2530461253","1"
"2530461253","2896526398","1"
"2896526398","2530461253","1"
"2587735315","2735952345","2"
"2735952345","2587735315","2"
"2904362330","2953803625","1"
"2953803625","2904362330","1"
