"1486614417","1492734035","4.83333"
"1492734035","1486614417","4.83333"
"1486614417","1515445539","0.666667"
"1515445539","1486614417","0.666667"
"1486614417","2102789235","0.333333"
"2102789235","1486614417","0.333333"
"1486614417","2145820326","0.833333"
"2145820326","1486614417","0.833333"
"1515445539","2102789235","3.16667"
"2102789235","1515445539","3.16667"
"1515445539","2145820326","11.6667"
"2145820326","1515445539","11.6667"
"2102789235","2145820326","1.66667"
"2145820326","2102789235","1.66667"
"1492734035","2145820326","1.33333"
"2145820326","1492734035","1.33333"
"1486614417","2132715065","0.333333"
"2132715065","1486614417","0.333333"
"1492734035","1515445539","0.666667"
"1515445539","1492734035","0.666667"
"1492734035","2132715065","0.333333"
"2132715065","1492734035","0.333333"
"1515445539","2132715065","0.333333"
"2132715065","1515445539","0.333333"
"1486614417","1520412871","0.1"
"1520412871","1486614417","0.1"
"1486614417","1879575712","0.1"
"1879575712","1486614417","0.1"
"1486614417","1924505899","0.1"
"1924505899","1486614417","0.1"
"1486614417","2110601905","0.1"
"2110601905","1486614417","0.1"
"1486614417","2127291187","0.1"
"2127291187","1486614417","0.1"
"1486614417","2137616911","0.1"
"2137616911","1486614417","0.1"
"1486614417","2164597279","0.1"
"2164597279","1486614417","0.1"
"1486614417","2168798897","0.1"
"2168798897","1486614417","0.1"
"1486614417","2951119741","0.1"
"2951119741","1486614417","0.1"
"1486614417","62021570","0.1"
"62021570","1486614417","0.1"
"1520412871","1879575712","0.158824"
"1879575712","1520412871","0.158824"
"1520412871","1924505899","0.1"
"1924505899","1520412871","0.1"
"1520412871","2110601905","0.158824"
"2110601905","1520412871","0.158824"
"1520412871","2127291187","0.658824"
"2127291187","1520412871","0.658824"
"1520412871","2137616911","0.158824"
"2137616911","1520412871","0.158824"
"1520412871","2164597279","0.158824"
"2164597279","1520412871","0.158824"
"1520412871","2168798897","0.158824"
"2168798897","1520412871","0.158824"
"1520412871","2951119741","0.158824"
"2951119741","1520412871","0.158824"
"1520412871","62021570","0.1"
"62021570","1520412871","0.1"
"1879575712","1924505899","0.266667"
"1924505899","1879575712","0.266667"
"1879575712","2110601905","9.82549"
"2110601905","1879575712","9.82549"
"1879575712","2127291187","0.32549"
"2127291187","1879575712","0.32549"
"1879575712","2137616911","2.65882"
"2137616911","1879575712","2.65882"
"1879575712","2164597279","0.32549"
"2164597279","1879575712","0.32549"
"1879575712","2168798897","0.158824"
"2168798897","1879575712","0.158824"
"1879575712","2951119741","12.4922"
"2951119741","1879575712","12.4922"
"1879575712","62021570","0.266667"
"62021570","1879575712","0.266667"
"1924505899","2110601905","0.1"
"2110601905","1924505899","0.1"
"1924505899","2127291187","5.26667"
"2127291187","1924505899","5.26667"
"1924505899","2137616911","0.266667"
"2137616911","1924505899","0.266667"
"1924505899","2164597279","0.266667"
"2164597279","1924505899","0.266667"
"1924505899","2168798897","0.1"
"2168798897","1924505899","0.1"
"1924505899","2951119741","0.266667"
"2951119741","1924505899","0.266667"
"1924505899","62021570","0.266667"
"62021570","1924505899","0.266667"
"2110601905","2127291187","0.158824"
"2127291187","2110601905","0.158824"
"2110601905","2137616911","0.742157"
"2137616911","2110601905","0.742157"
"2110601905","2164597279","0.158824"
"2164597279","2110601905","0.158824"
"2110601905","2168798897","0.408824"
"2168798897","2110601905","0.408824"
"2110601905","2951119741","8.82549"
"2951119741","2110601905","8.82549"
"2110601905","62021570","0.1"
"62021570","2110601905","0.1"
"2127291187","2137616911","0.32549"
"2137616911","2127291187","0.32549"
"2127291187","2164597279","0.32549"
"2164597279","2127291187","0.32549"
"2127291187","2168798897","0.158824"
"2168798897","2127291187","0.158824"
"2127291187","2951119741","0.32549"
"2951119741","2127291187","0.32549"
"2127291187","62021570","0.266667"
"62021570","2127291187","0.266667"
"2137616911","2164597279","0.32549"
"2164597279","2137616911","0.32549"
"2137616911","2168798897","0.408824"
"2168798897","2137616911","0.408824"
"2137616911","2951119741","0.658824"
"2951119741","2137616911","0.658824"
"2137616911","62021570","1.26667"
"62021570","2137616911","1.26667"
"2164597279","2168798897","2.65882"
"2168798897","2164597279","2.65882"
"2164597279","2951119741","0.32549"
"2951119741","2164597279","0.32549"
"2164597279","62021570","4.26667"
"62021570","2164597279","4.26667"
"2168798897","2951119741","0.158824"
"2951119741","2168798897","0.158824"
"2168798897","62021570","0.1"
"62021570","2168798897","0.1"
"2951119741","62021570","0.266667"
"62021570","2951119741","0.266667"
"1492734035","2150512717","2.5"
"2150512717","1492734035","2.5"
"2145820326","2150512717","2.5"
"2150512717","2145820326","2.5"
"1492734035","2102789235","0.333333"
"2102789235","1492734035","0.333333"
"1515445539","2150512717","1.5"
"2150512717","1515445539","1.5"
"2102789235","2150512717","0.5"
"2150512717","2102789235","0.5"
"1520412871","2153146986","2.55882"
"2153146986","1520412871","2.55882"
"1520412871","1840686199","0.0588235"
"1840686199","1520412871","0.0588235"
"1520412871","2007072126","0.0588235"
"2007072126","1520412871","0.0588235"
"1520412871","2064815039","0.0588235"
"2064815039","1520412871","0.0588235"
"1520412871","2072210640","0.0588235"
"2072210640","1520412871","0.0588235"
"1520412871","2102789235","0.0588235"
"2102789235","1520412871","0.0588235"
"1520412871","2114330540","0.0588235"
"2114330540","1520412871","0.0588235"
"1520412871","2120708566","0.0588235"
"2120708566","1520412871","0.0588235"
"1520412871","2135493456","0.0588235"
"2135493456","1520412871","0.0588235"
"1520412871","2151353792","0.0588235"
"2151353792","1520412871","0.0588235"
"1840686199","1879575712","0.0588235"
"1879575712","1840686199","0.0588235"
"1840686199","2007072126","0.642157"
"2007072126","1840686199","0.642157"
"1840686199","2064815039","0.308824"
"2064815039","1840686199","0.308824"
"1840686199","2072210640","0.308824"
"2072210640","1840686199","0.308824"
"1840686199","2102789235","0.558824"
"2102789235","1840686199","0.558824"
"1840686199","2110601905","0.0588235"
"2110601905","1840686199","0.0588235"
"1840686199","2114330540","2.05882"
"2114330540","1840686199","2.05882"
"1840686199","2120708566","0.0588235"
"2120708566","1840686199","0.0588235"
"1840686199","2127291187","0.0588235"
"2127291187","1840686199","0.0588235"
"1840686199","2135493456","25.1422"
"2135493456","1840686199","25.1422"
"1840686199","2137616911","0.0588235"
"2137616911","1840686199","0.0588235"
"1840686199","2151353792","0.392157"
"2151353792","1840686199","0.392157"
"1840686199","2153146986","0.0588235"
"2153146986","1840686199","0.0588235"
"1840686199","2164597279","0.0588235"
"2164597279","1840686199","0.0588235"
"1840686199","2168798897","0.0588235"
"2168798897","1840686199","0.0588235"
"1840686199","2951119741","0.0588235"
"2951119741","1840686199","0.0588235"
"1879575712","2007072126","0.0588235"
"2007072126","1879575712","0.0588235"
"1879575712","2064815039","0.0588235"
"2064815039","1879575712","0.0588235"
"1879575712","2072210640","0.0588235"
"2072210640","1879575712","0.0588235"
"1879575712","2102789235","0.0588235"
"2102789235","1879575712","0.0588235"
"1879575712","2114330540","0.0588235"
"2114330540","1879575712","0.0588235"
"1879575712","2120708566","0.0588235"
"2120708566","1879575712","0.0588235"
"1879575712","2135493456","0.0588235"
"2135493456","1879575712","0.0588235"
"1879575712","2151353792","0.0588235"
"2151353792","1879575712","0.0588235"
"1879575712","2153146986","0.892157"
"2153146986","1879575712","0.892157"
"2007072126","2064815039","1.97549"
"2064815039","2007072126","1.97549"
"2007072126","2072210640","2.47549"
"2072210640","2007072126","2.47549"
"2007072126","2102789235","0.0588235"
"2102789235","2007072126","0.0588235"
"2007072126","2110601905","0.308824"
"2110601905","2007072126","0.308824"
"2007072126","2114330540","0.0588235"
"2114330540","2007072126","0.0588235"
"2007072126","2120708566","0.0588235"
"2120708566","2007072126","0.0588235"
"2007072126","2127291187","0.0588235"
"2127291187","2007072126","0.0588235"
"2007072126","2135493456","0.642157"
"2135493456","2007072126","0.642157"
"2007072126","2137616911","0.808824"
"2137616911","2007072126","0.808824"
"2007072126","2151353792","28.6422"
"2151353792","2007072126","28.6422"
"2007072126","2153146986","1.39216"
"2153146986","2007072126","1.39216"
"2007072126","2164597279","1.89216"
"2164597279","2007072126","1.89216"
"2007072126","2168798897","0.808824"
"2168798897","2007072126","0.808824"
"2007072126","2951119741","0.0588235"
"2951119741","2007072126","0.0588235"
"2064815039","2072210640","23.9755"
"2072210640","2064815039","23.9755"
"2064815039","2102789235","0.0588235"
"2102789235","2064815039","0.0588235"
"2064815039","2110601905","0.0588235"
"2110601905","2064815039","0.0588235"
"2064815039","2114330540","0.0588235"
"2114330540","2064815039","0.0588235"
"2064815039","2120708566","0.0588235"
"2120708566","2064815039","0.0588235"
"2064815039","2127291187","0.0588235"
"2127291187","2064815039","0.0588235"
"2064815039","2135493456","0.308824"
"2135493456","2064815039","0.308824"
"2064815039","2137616911","0.0588235"
"2137616911","2064815039","0.0588235"
"2064815039","2151353792","2.22549"
"2151353792","2064815039","2.22549"
"2064815039","2153146986","0.558824"
"2153146986","2064815039","0.558824"
"2064815039","2164597279","0.0588235"
"2164597279","2064815039","0.0588235"
"2064815039","2168798897","0.0588235"
"2168798897","2064815039","0.0588235"
"2064815039","2951119741","0.0588235"
"2951119741","2064815039","0.0588235"
"2072210640","2102789235","0.0588235"
"2102789235","2072210640","0.0588235"
"2072210640","2110601905","0.0588235"
"2110601905","2072210640","0.0588235"
"2072210640","2114330540","0.0588235"
"2114330540","2072210640","0.0588235"
"2072210640","2120708566","0.0588235"
"2120708566","2072210640","0.0588235"
"2072210640","2127291187","0.0588235"
"2127291187","2072210640","0.0588235"
"2072210640","2135493456","0.308824"
"2135493456","2072210640","0.308824"
"2072210640","2137616911","0.0588235"
"2137616911","2072210640","0.0588235"
"2072210640","2151353792","1.72549"
"2151353792","2072210640","1.72549"
"2072210640","2153146986","0.558824"
"2153146986","2072210640","0.558824"
"2072210640","2164597279","0.0588235"
"2164597279","2072210640","0.0588235"
"2072210640","2168798897","0.0588235"
"2168798897","2072210640","0.0588235"
"2072210640","2951119741","0.0588235"
"2951119741","2072210640","0.0588235"
"2102789235","2110601905","0.0588235"
"2110601905","2102789235","0.0588235"
"2102789235","2114330540","0.0588235"
"2114330540","2102789235","0.0588235"
"2102789235","2120708566","0.0588235"
"2120708566","2102789235","0.0588235"
"2102789235","2127291187","0.0588235"
"2127291187","2102789235","0.0588235"
"2102789235","2135493456","0.558824"
"2135493456","2102789235","0.558824"
"2102789235","2137616911","0.0588235"
"2137616911","2102789235","0.0588235"
"2102789235","2151353792","0.0588235"
"2151353792","2102789235","0.0588235"
"2102789235","2153146986","0.0588235"
"2153146986","2102789235","0.0588235"
"2102789235","2164597279","0.0588235"
"2164597279","2102789235","0.0588235"
"2102789235","2168798897","0.0588235"
"2168798897","2102789235","0.0588235"
"2102789235","2951119741","0.0588235"
"2951119741","2102789235","0.0588235"
"2110601905","2114330540","0.0588235"
"2114330540","2110601905","0.0588235"
"2110601905","2120708566","0.0588235"
"2120708566","2110601905","0.0588235"
"2110601905","2135493456","0.0588235"
"2135493456","2110601905","0.0588235"
"2110601905","2151353792","0.308824"
"2151353792","2110601905","0.308824"
"2110601905","2153146986","0.392157"
"2153146986","2110601905","0.392157"
"2114330540","2120708566","0.0588235"
"2120708566","2114330540","0.0588235"
"2114330540","2127291187","0.0588235"
"2127291187","2114330540","0.0588235"
"2114330540","2135493456","1.05882"
"2135493456","2114330540","1.05882"
"2114330540","2137616911","0.0588235"
"2137616911","2114330540","0.0588235"
"2114330540","2151353792","0.0588235"
"2151353792","2114330540","0.0588235"
"2114330540","2153146986","0.0588235"
"2153146986","2114330540","0.0588235"
"2114330540","2164597279","0.0588235"
"2164597279","2114330540","0.0588235"
"2114330540","2168798897","0.0588235"
"2168798897","2114330540","0.0588235"
"2114330540","2951119741","0.0588235"
"2951119741","2114330540","0.0588235"
"2120708566","2127291187","0.0588235"
"2127291187","2120708566","0.0588235"
"2120708566","2135493456","0.0588235"
"2135493456","2120708566","0.0588235"
"2120708566","2137616911","0.0588235"
"2137616911","2120708566","0.0588235"
"2120708566","2151353792","0.0588235"
"2151353792","2120708566","0.0588235"
"2120708566","2153146986","0.0588235"
"2153146986","2120708566","0.0588235"
"2120708566","2164597279","0.0588235"
"2164597279","2120708566","0.0588235"
"2120708566","2168798897","0.0588235"
"2168798897","2120708566","0.0588235"
"2120708566","2951119741","0.0588235"
"2951119741","2120708566","0.0588235"
"2127291187","2135493456","0.0588235"
"2135493456","2127291187","0.0588235"
"2127291187","2151353792","0.0588235"
"2151353792","2127291187","0.0588235"
"2127291187","2153146986","0.558824"
"2153146986","2127291187","0.558824"
"2135493456","2137616911","0.0588235"
"2137616911","2135493456","0.0588235"
"2135493456","2151353792","0.392157"
"2151353792","2135493456","0.392157"
"2135493456","2153146986","0.0588235"
"2153146986","2135493456","0.0588235"
"2135493456","2164597279","0.0588235"
"2164597279","2135493456","0.0588235"
"2135493456","2168798897","0.0588235"
"2168798897","2135493456","0.0588235"
"2135493456","2951119741","0.0588235"
"2951119741","2135493456","0.0588235"
"2137616911","2151353792","0.808824"
"2151353792","2137616911","0.808824"
"2137616911","2153146986","1.05882"
"2153146986","2137616911","1.05882"
"2151353792","2153146986","1.39216"
"2153146986","2151353792","1.39216"
"2151353792","2164597279","0.392157"
"2164597279","2151353792","0.392157"
"2151353792","2168798897","0.308824"
"2168798897","2151353792","0.308824"
"2151353792","2951119741","0.0588235"
"2951119741","2151353792","0.0588235"
"2153146986","2164597279","0.392157"
"2164597279","2153146986","0.392157"
"2153146986","2168798897","0.0588235"
"2168798897","2153146986","0.0588235"
"2153146986","2951119741","0.892157"
"2951119741","2153146986","0.892157"
