"1486614417","1492734035","3.45"
"1492734035","1486614417","3.45"
"1486614417","2124064944","1.45"
"2124064944","1486614417","1.45"
"1492734035","2124064944","4.45"
"2124064944","1492734035","4.45"
"1486614417","1487061449","0.526923"
"1487061449","1486614417","0.526923"
"1486614417","1515445539","0.4"
"1515445539","1486614417","0.4"
"1486614417","2095872579","0.4"
"2095872579","1486614417","0.4"
"1486614417","2141820222","0.2"
"2141820222","1486614417","0.2"
"1486614417","2145820326","0.45"
"2145820326","1486614417","0.45"
"1487061449","1515445539","1.25952"
"1515445539","1487061449","1.25952"
"1487061449","2095872579","1.25952"
"2095872579","1487061449","1.25952"
"1487061449","2141820222","2.2119"
"2141820222","1487061449","2.2119"
"1487061449","2145820326","2.90238"
"2145820326","1487061449","2.90238"
"1515445539","2095872579","3.97202"
"2095872579","1515445539","3.97202"
"1515445539","2141820222","1.73869"
"2141820222","1515445539","1.73869"
"1515445539","2145820326","6.27202"
"2145820326","1515445539","6.27202"
"2095872579","2141820222","1.73869"
"2141820222","2095872579","1.73869"
"2095872579","2145820326","3.60536"
"2145820326","2095872579","3.60536"
"2141820222","2145820326","2.56488"
"2145820326","2141820222","2.56488"
"1487061449","1492734035","0.416667"
"1492734035","1487061449","0.416667"
"1487061449","2124064944","0.25"
"2124064944","1487061449","0.25"
"1492734035","2145820326","0.75"
"2145820326","1492734035","0.75"
"2124064944","2145820326","0.25"
"2145820326","2124064944","0.25"
"1486614417","2132715065","0.2"
"2132715065","1486614417","0.2"
"1492734035","1515445539","0.366667"
"1515445539","1492734035","0.366667"
"1492734035","2095872579","0.533333"
"2095872579","1492734035","0.533333"
"1492734035","2132715065","0.2"
"2132715065","1492734035","0.2"
"1515445539","2124064944","0.2"
"2124064944","1515445539","0.2"
"1515445539","2132715065","0.2"
"2132715065","1515445539","0.2"
"2095872579","2124064944","0.2"
"2124064944","2095872579","0.2"
"2095872579","2132715065","0.2"
"2132715065","2095872579","0.2"
"2124064944","2132715065","0.2"
"2132715065","2124064944","0.2"
"1486614417","1520412871","0.0769231"
"1520412871","1486614417","0.0769231"
"1486614417","1879575712","0.0769231"
"1879575712","1486614417","0.0769231"
"1486614417","1924505899","0.0769231"
"1924505899","1486614417","0.0769231"
"1486614417","2110601905","0.0769231"
"2110601905","1486614417","0.0769231"
"1486614417","2127291187","0.0769231"
"2127291187","1486614417","0.0769231"
"1486614417","2162886240","0.0769231"
"2162886240","1486614417","0.0769231"
"1486614417","2164597279","0.0769231"
"2164597279","1486614417","0.0769231"
"1486614417","2168798897","0.0769231"
"2168798897","1486614417","0.0769231"
"1486614417","2171459750","0.0769231"
"2171459750","1486614417","0.0769231"
"1486614417","2555803731","0.0769231"
"2555803731","1486614417","0.0769231"
"1486614417","2951119741","0.0769231"
"2951119741","1486614417","0.0769231"
"1486614417","62021570","0.0769231"
"62021570","1486614417","0.0769231"
"1487061449","1520412871","0.0769231"
"1520412871","1487061449","0.0769231"
"1487061449","1879575712","0.0769231"
"1879575712","1487061449","0.0769231"
"1487061449","1924505899","0.0769231"
"1924505899","1487061449","0.0769231"
"1487061449","2110601905","0.0769231"
"2110601905","1487061449","0.0769231"
"1487061449","2127291187","0.0769231"
"2127291187","1487061449","0.0769231"
"1487061449","2162886240","0.0769231"
"2162886240","1487061449","0.0769231"
"1487061449","2164597279","0.0769231"
"2164597279","1487061449","0.0769231"
"1487061449","2168798897","0.0769231"
"2168798897","1487061449","0.0769231"
"1487061449","2171459750","0.0769231"
"2171459750","1487061449","0.0769231"
"1487061449","2555803731","0.0769231"
"2555803731","1487061449","0.0769231"
"1487061449","2951119741","0.0769231"
"2951119741","1487061449","0.0769231"
"1487061449","62021570","19.5769"
"62021570","1487061449","19.5769"
"1520412871","1879575712","0.201923"
"1879575712","1520412871","0.201923"
"1520412871","1924505899","0.0769231"
"1924505899","1520412871","0.0769231"
"1520412871","2110601905","0.201923"
"2110601905","1520412871","0.201923"
"1520412871","2127291187","0.701923"
"2127291187","1520412871","0.701923"
"1520412871","2162886240","0.0769231"
"2162886240","1520412871","0.0769231"
"1520412871","2164597279","0.201923"
"2164597279","1520412871","0.201923"
"1520412871","2168798897","0.201923"
"2168798897","1520412871","0.201923"
"1520412871","2171459750","0.0769231"
"2171459750","1520412871","0.0769231"
"1520412871","2555803731","0.0769231"
"2555803731","1520412871","0.0769231"
"1520412871","2951119741","0.201923"
"2951119741","1520412871","0.201923"
"1520412871","62021570","0.0769231"
"62021570","1520412871","0.0769231"
"1879575712","1924505899","0.276923"
"1924505899","1879575712","0.276923"
"1879575712","2110601905","10.0353"
"2110601905","1879575712","10.0353"
"1879575712","2127291187","0.401923"
"2127291187","1879575712","0.401923"
"1879575712","2162886240","0.0769231"
"2162886240","1879575712","0.0769231"
"1879575712","2164597279","0.401923"
"2164597279","1879575712","0.401923"
"1879575712","2168798897","0.201923"
"2168798897","1879575712","0.201923"
"1879575712","2171459750","0.0769231"
"2171459750","1879575712","0.0769231"
"1879575712","2555803731","0.0769231"
"2555803731","1879575712","0.0769231"
"1879575712","2951119741","12.7353"
"2951119741","1879575712","12.7353"
"1879575712","62021570","0.276923"
"62021570","1879575712","0.276923"
"1924505899","2110601905","0.0769231"
"2110601905","1924505899","0.0769231"
"1924505899","2127291187","5.27692"
"2127291187","1924505899","5.27692"
"1924505899","2162886240","0.0769231"
"2162886240","1924505899","0.0769231"
"1924505899","2164597279","0.276923"
"2164597279","1924505899","0.276923"
"1924505899","2168798897","0.0769231"
"2168798897","1924505899","0.0769231"
"1924505899","2171459750","0.0769231"
"2171459750","1924505899","0.0769231"
"1924505899","2555803731","0.0769231"
"2555803731","1924505899","0.0769231"
"1924505899","2951119741","0.276923"
"2951119741","1924505899","0.276923"
"1924505899","62021570","0.276923"
"62021570","1924505899","0.276923"
"2110601905","2127291187","0.201923"
"2127291187","2110601905","0.201923"
"2110601905","2162886240","0.0769231"
"2162886240","2110601905","0.0769231"
"2110601905","2164597279","0.201923"
"2164597279","2110601905","0.201923"
"2110601905","2168798897","1.20192"
"2168798897","2110601905","1.20192"
"2110601905","2171459750","0.0769231"
"2171459750","2110601905","0.0769231"
"2110601905","2555803731","0.0769231"
"2555803731","2110601905","0.0769231"
"2110601905","2951119741","9.03526"
"2951119741","2110601905","9.03526"
"2110601905","62021570","0.0769231"
"62021570","2110601905","0.0769231"
"2127291187","2162886240","0.0769231"
"2162886240","2127291187","0.0769231"
"2127291187","2164597279","0.401923"
"2164597279","2127291187","0.401923"
"2127291187","2168798897","0.201923"
"2168798897","2127291187","0.201923"
"2127291187","2171459750","0.0769231"
"2171459750","2127291187","0.0769231"
"2127291187","2555803731","0.0769231"
"2555803731","2127291187","0.0769231"
"2127291187","2951119741","0.401923"
"2951119741","2127291187","0.401923"
"2127291187","62021570","0.276923"
"62021570","2127291187","0.276923"
"2162886240","2164597279","0.0769231"
"2164597279","2162886240","0.0769231"
"2162886240","2168798897","0.0769231"
"2168798897","2162886240","0.0769231"
"2162886240","2171459750","0.576923"
"2171459750","2162886240","0.576923"
"2162886240","2555803731","0.0769231"
"2555803731","2162886240","0.0769231"
"2162886240","2951119741","0.0769231"
"2951119741","2162886240","0.0769231"
"2162886240","62021570","0.0769231"
"62021570","2162886240","0.0769231"
"2164597279","2168798897","3.20192"
"2168798897","2164597279","3.20192"
"2164597279","2171459750","0.0769231"
"2171459750","2164597279","0.0769231"
"2164597279","2555803731","0.0769231"
"2555803731","2164597279","0.0769231"
"2164597279","2951119741","0.401923"
"2951119741","2164597279","0.401923"
"2164597279","62021570","4.27692"
"62021570","2164597279","4.27692"
"2168798897","2171459750","0.0769231"
"2171459750","2168798897","0.0769231"
"2168798897","2555803731","0.0769231"
"2555803731","2168798897","0.0769231"
"2168798897","2951119741","0.201923"
"2951119741","2168798897","0.201923"
"2168798897","62021570","0.0769231"
"62021570","2168798897","0.0769231"
"2171459750","2555803731","1.07692"
"2555803731","2171459750","1.07692"
"2171459750","2951119741","0.0769231"
"2951119741","2171459750","0.0769231"
"2171459750","62021570","0.0769231"
"62021570","2171459750","0.0769231"
"2555803731","2951119741","0.0769231"
"2951119741","2555803731","0.0769231"
"2555803731","62021570","0.576923"
"62021570","2555803731","0.576923"
"2951119741","62021570","0.276923"
"62021570","2951119741","0.276923"
"1487061449","1506158983","1"
"1506158983","1487061449","1"
"1487061449","1492497910","0.5"
"1492497910","1487061449","0.5"
"1492497910","62021570","0.5"
"62021570","1492497910","0.5"
"1487061449","2107569821","0.47619"
"2107569821","1487061449","0.47619"
"1487061449","2126765588","0.333333"
"2126765588","1487061449","0.333333"
"1487061449","2150512717","1.89286"
"2150512717","1487061449","1.89286"
"2107569821","2126765588","0.333333"
"2126765588","2107569821","0.333333"
"2107569821","2150512717","0.333333"
"2150512717","2107569821","0.333333"
"2126765588","2150512717","0.583333"
"2150512717","2126765588","0.583333"
"1487061449","1964782951","3.05952"
"1964782951","1487061449","3.05952"
"1487061449","2041066723","2.05952"
"2041066723","1487061449","2.05952"
"1964782951","2041066723","3.90536"
"2041066723","1964782951","3.90536"
"1964782951","2145820326","3.40536"
"2145820326","1964782951","3.40536"
"2041066723","2145820326","4.40536"
"2145820326","2041066723","4.40536"
"1487061449","1989784208","0.142857"
"1989784208","1487061449","0.142857"
"1487061449","2083275222","0.285714"
"2083275222","1487061449","0.285714"
"1487061449","2084300184","0.142857"
"2084300184","1487061449","0.142857"
"1487061449","2098036825","0.285714"
"2098036825","1487061449","0.285714"
"1487061449","2170171586","0.142857"
"2170171586","1487061449","0.142857"
"1487061449","2949324727","0.285714"
"2949324727","1487061449","0.285714"
"1989784208","2083275222","0.722024"
"2083275222","1989784208","0.722024"
"1989784208","2084300184","0.142857"
"2084300184","1989784208","0.142857"
"1989784208","2098036825","0.722024"
"2098036825","1989784208","0.722024"
"1989784208","2141820222","0.722024"
"2141820222","1989784208","0.722024"
"1989784208","2170171586","0.142857"
"2170171586","1989784208","0.142857"
"1989784208","2949324727","0.409524"
"2949324727","1989784208","0.409524"
"2083275222","2084300184","0.72619"
"2084300184","2083275222","0.72619"
"2083275222","2098036825","5.11488"
"2098036825","2083275222","5.11488"
"2083275222","2141820222","2.44821"
"2141820222","2083275222","2.44821"
"2083275222","2170171586","0.97619"
"2170171586","2083275222","0.97619"
"2083275222","2949324727","2.63571"
"2949324727","2083275222","2.63571"
"2084300184","2098036825","0.392857"
"2098036825","2084300184","0.392857"
"2084300184","2141820222","0.142857"
"2141820222","2084300184","0.142857"
"2084300184","2170171586","5.72619"
"2170171586","2084300184","5.72619"
"2084300184","2949324727","0.142857"
"2949324727","2084300184","0.142857"
"2098036825","2141820222","2.44821"
"2141820222","2098036825","2.44821"
"2098036825","2170171586","0.642857"
"2170171586","2098036825","0.642857"
"2098036825","2949324727","2.13571"
"2949324727","2098036825","2.13571"
"2141820222","2170171586","0.392857"
"2170171586","2141820222","0.392857"
"2141820222","2949324727","1.05238"
"2949324727","2141820222","1.05238"
"2170171586","2949324727","0.142857"
"2949324727","2170171586","0.142857"
"1515445539","1964782951","0.98869"
"1964782951","1515445539","0.98869"
"1515445539","2041066723","0.98869"
"2041066723","1515445539","0.98869"
"1515445539","2150512717","0.72619"
"2150512717","1515445539","0.72619"
"1964782951","2095872579","0.98869"
"2095872579","1964782951","0.98869"
"1964782951","2141820222","1.28869"
"2141820222","1964782951","1.28869"
"1964782951","2150512717","0.309524"
"2150512717","1964782951","0.309524"
"2041066723","2095872579","0.98869"
"2095872579","2041066723","0.98869"
"2041066723","2141820222","1.28869"
"2141820222","2041066723","1.28869"
"2041066723","2150512717","0.309524"
"2150512717","2041066723","0.309524"
"2095872579","2150512717","1.47619"
"2150512717","2095872579","1.47619"
"2141820222","2150512717","0.642857"
"2150512717","2141820222","0.642857"
"2145820326","2150512717","0.892857"
"2150512717","2145820326","0.892857"
"1487061449","2152594861","1"
"2152594861","1487061449","1"
"1487061449","1589709505","0.142857"
"1589709505","1487061449","0.142857"
"1589709505","2083275222","1.22202"
"2083275222","1589709505","1.22202"
"1589709505","2098036825","1.22202"
"2098036825","1589709505","1.22202"
"1589709505","2107569821","0.705357"
"2107569821","1589709505","0.705357"
"1589709505","2141820222","1.22202"
"2141820222","1589709505","1.22202"
"1589709505","2145820326","0.805357"
"2145820326","1589709505","0.805357"
"1589709505","2949324727","0.57619"
"2949324727","1589709505","0.57619"
"2083275222","2107569821","0.205357"
"2107569821","2083275222","0.205357"
"2083275222","2145820326","0.472024"
"2145820326","2083275222","0.472024"
"2098036825","2107569821","0.205357"
"2107569821","2098036825","0.205357"
"2098036825","2145820326","0.472024"
"2145820326","2098036825","0.472024"
"2107569821","2141820222","0.205357"
"2141820222","2107569821","0.205357"
"2107569821","2145820326","0.205357"
"2145820326","2107569821","0.205357"
"2107569821","2949324727","0.142857"
"2949324727","2107569821","0.142857"
"2145820326","2949324727","0.409524"
"2949324727","2145820326","0.409524"
"1492734035","1964782951","0.166667"
"1964782951","1492734035","0.166667"
"1492734035","2041066723","0.166667"
"2041066723","1492734035","0.166667"
"1492734035","2141820222","0.666667"
"2141820222","1492734035","0.666667"
"1492497910","2100186743","5.33333"
"2100186743","1492497910","5.33333"
"1492497910","2144893158","0.333333"
"2144893158","1492497910","0.333333"
"1492497910","2171459750","0.833333"
"2171459750","1492497910","0.833333"
"2100186743","2144893158","0.333333"
"2144893158","2100186743","0.333333"
"2100186743","2171459750","0.333333"
"2171459750","2100186743","0.333333"
"2144893158","2171459750","0.333333"
"2171459750","2144893158","0.333333"
"1492497910","2162886240","3.5"
"2162886240","1492497910","3.5"
"1492734035","2126765588","0.5"
"2126765588","1492734035","0.5"
"1492734035","2162886240","2.5"
"2162886240","1492734035","2.5"
"2126765588","2162886240","0.5"
"2162886240","2126765588","0.5"
"1492734035","2083275222","0.916667"
"2083275222","1492734035","0.916667"
"1492734035","2098036825","0.583333"
"2098036825","1492734035","0.583333"
"1492734035","2949324727","0.583333"
"2949324727","1492734035","0.583333"
"1492734035","2150512717","1.16667"
"2150512717","1492734035","1.16667"
"1492734035","2166661464","0.25"
"2166661464","1492734035","0.25"
"2083275222","2166661464","1.6625"
"2166661464","2083275222","1.6625"
"2098036825","2166661464","1.1625"
"2166661464","2098036825","1.1625"
"2166661464","2949324727","1.01667"
"2949324727","2166661464","1.01667"
"1492734035","2101195628","0.333333"
"2101195628","1492734035","0.333333"
"2083275222","2101195628","0.916667"
"2101195628","2083275222","0.916667"
"2083275222","2150512717","0.666667"
"2150512717","2083275222","0.666667"
"2101195628","2150512717","0.333333"
"2150512717","2101195628","0.333333"
"2150512717","2162886240","0.5"
"2162886240","2150512717","0.5"
"2141820222","2162886240","0.5"
"2162886240","2141820222","0.5"
"1504161274","1875863587","1.83333"
"1875863587","1504161274","1.83333"
"1504161274","2952662308","1.16667"
"2952662308","1504161274","1.16667"
"1875863587","2952662308","2.16667"
"2952662308","1875863587","2.16667"
"1504161274","2111350651","5.66667"
"2111350651","1504161274","5.66667"
"1504161274","2494465889","2"
"2494465889","1504161274","2"
"1504161274","1542253574","1"
"1542253574","1504161274","1"
"1504161274","2742517765","0.333333"
"2742517765","1504161274","0.333333"
"1504161274","2907183088","0.333333"
"2907183088","1504161274","0.333333"
"1504161274","2948498923","0.333333"
"2948498923","1504161274","0.333333"
"2742517765","2907183088","0.333333"
"2907183088","2742517765","0.333333"
"2742517765","2948498923","0.333333"
"2948498923","2742517765","0.333333"
"2907183088","2948498923","14.3333"
"2948498923","2907183088","14.3333"
"1875863587","2111350651","1.66667"
"2111350651","1875863587","1.66667"
"2111350651","2952662308","4"
"2952662308","2111350651","4"
"1504161274","2947350890","0.333333"
"2947350890","1504161274","0.333333"
"2111350651","2947350890","0.333333"
"2947350890","2111350651","0.333333"
"2947350890","2952662308","0.333333"
"2952662308","2947350890","0.333333"
"1506158983","2952662308","1"
"2952662308","1506158983","1"
"1506158983","2555803731","1"
"2555803731","1506158983","1"
"1515445539","1589709505","0.0625"
"1589709505","1515445539","0.0625"
"1515445539","1989784208","0.0625"
"1989784208","1515445539","0.0625"
"1515445539","2083275222","0.0625"
"2083275222","1515445539","0.0625"
"1515445539","2098036825","0.0625"
"2098036825","1515445539","0.0625"
"1515445539","2107569821","0.0625"
"2107569821","1515445539","0.0625"
"1515445539","2107943057","0.0625"
"2107943057","1515445539","0.0625"
"1515445539","2111841000","0.0625"
"2111841000","1515445539","0.0625"
"1515445539","2127491774","0.0625"
"2127491774","1515445539","0.0625"
"1515445539","2148544647","0.0625"
"2148544647","1515445539","0.0625"
"1515445539","2158767825","0.0625"
"2158767825","1515445539","0.0625"
"1515445539","2166661464","0.0625"
"2166661464","1515445539","0.0625"
"1589709505","1964782951","0.0625"
"1964782951","1589709505","0.0625"
"1589709505","1989784208","2.32917"
"1989784208","1589709505","2.32917"
"1589709505","2041066723","0.0625"
"2041066723","1589709505","0.0625"
"1589709505","2095872579","0.0625"
"2095872579","1589709505","0.0625"
"1589709505","2107943057","0.329167"
"2107943057","1589709505","0.329167"
"1589709505","2111841000","0.229167"
"2111841000","1589709505","0.229167"
"1589709505","2127491774","0.229167"
"2127491774","1589709505","0.229167"
"1589709505","2148544647","0.229167"
"2148544647","1589709505","0.229167"
"1589709505","2158767825","1.32917"
"2158767825","1589709505","1.32917"
"1589709505","2166661464","0.329167"
"2166661464","1589709505","0.329167"
"1964782951","1989784208","0.0625"
"1989784208","1964782951","0.0625"
"1964782951","2083275222","0.0625"
"2083275222","1964782951","0.0625"
"1964782951","2098036825","0.0625"
"2098036825","1964782951","0.0625"
"1964782951","2107569821","0.0625"
"2107569821","1964782951","0.0625"
"1964782951","2107943057","0.0625"
"2107943057","1964782951","0.0625"
"1964782951","2111841000","0.0625"
"2111841000","1964782951","0.0625"
"1964782951","2127491774","0.0625"
"2127491774","1964782951","0.0625"
"1964782951","2148544647","0.0625"
"2148544647","1964782951","0.0625"
"1964782951","2158767825","0.0625"
"2158767825","1964782951","0.0625"
"1964782951","2166661464","0.0625"
"2166661464","1964782951","0.0625"
"1989784208","2041066723","0.395833"
"2041066723","1989784208","0.395833"
"1989784208","2095872579","0.0625"
"2095872579","1989784208","0.0625"
"1989784208","2107569821","0.0625"
"2107569821","1989784208","0.0625"
"1989784208","2107943057","0.1625"
"2107943057","1989784208","0.1625"
"1989784208","2111841000","0.0625"
"2111841000","1989784208","0.0625"
"1989784208","2127491774","0.0625"
"2127491774","1989784208","0.0625"
"1989784208","2145820326","0.1625"
"2145820326","1989784208","0.1625"
"1989784208","2148544647","0.0625"
"2148544647","1989784208","0.0625"
"1989784208","2158767825","0.1625"
"2158767825","1989784208","0.1625"
"1989784208","2166661464","2.57917"
"2166661464","1989784208","2.57917"
"2041066723","2083275222","0.0625"
"2083275222","2041066723","0.0625"
"2041066723","2098036825","0.0625"
"2098036825","2041066723","0.0625"
"2041066723","2107569821","0.0625"
"2107569821","2041066723","0.0625"
"2041066723","2107943057","0.0625"
"2107943057","2041066723","0.0625"
"2041066723","2111841000","0.0625"
"2111841000","2041066723","0.0625"
"2041066723","2127491774","0.0625"
"2127491774","2041066723","0.0625"
"2041066723","2148544647","0.0625"
"2148544647","2041066723","0.0625"
"2041066723","2158767825","0.0625"
"2158767825","2041066723","0.0625"
"2041066723","2166661464","0.0625"
"2166661464","2041066723","0.0625"
"2083275222","2095872579","0.0625"
"2095872579","2083275222","0.0625"
"2083275222","2107943057","0.329167"
"2107943057","2083275222","0.329167"
"2083275222","2111841000","0.0625"
"2111841000","2083275222","0.0625"
"2083275222","2127491774","0.0625"
"2127491774","2083275222","0.0625"
"2083275222","2148544647","0.0625"
"2148544647","2083275222","0.0625"
"2083275222","2158767825","0.329167"
"2158767825","2083275222","0.329167"
"2095872579","2098036825","0.0625"
"2098036825","2095872579","0.0625"
"2095872579","2107569821","0.0625"
"2107569821","2095872579","0.0625"
"2095872579","2107943057","0.0625"
"2107943057","2095872579","0.0625"
"2095872579","2111841000","0.0625"
"2111841000","2095872579","0.0625"
"2095872579","2127491774","0.0625"
"2127491774","2095872579","0.0625"
"2095872579","2148544647","0.0625"
"2148544647","2095872579","0.0625"
"2095872579","2158767825","0.0625"
"2158767825","2095872579","0.0625"
"2095872579","2166661464","0.0625"
"2166661464","2095872579","0.0625"
"2098036825","2107943057","0.329167"
"2107943057","2098036825","0.329167"
"2098036825","2111841000","0.0625"
"2111841000","2098036825","0.0625"
"2098036825","2127491774","0.0625"
"2127491774","2098036825","0.0625"
"2098036825","2148544647","0.0625"
"2148544647","2098036825","0.0625"
"2098036825","2158767825","0.329167"
"2158767825","2098036825","0.329167"
"2107569821","2107943057","6.12917"
"2107943057","2107569821","6.12917"
"2107569821","2111841000","0.629167"
"2111841000","2107569821","0.629167"
"2107569821","2127491774","1.12917"
"2127491774","2107569821","1.12917"
"2107569821","2148544647","0.629167"
"2148544647","2107569821","0.629167"
"2107569821","2158767825","1.9625"
"2158767825","2107569821","1.9625"
"2107569821","2166661464","0.0625"
"2166661464","2107569821","0.0625"
"2107943057","2111841000","1.6625"
"2111841000","2107943057","1.6625"
"2107943057","2127491774","2.1625"
"2127491774","2107943057","2.1625"
"2107943057","2141820222","0.1625"
"2141820222","2107943057","0.1625"
"2107943057","2145820326","0.329167"
"2145820326","2107943057","0.329167"
"2107943057","2148544647","1.6625"
"2148544647","2107943057","1.6625"
"2107943057","2158767825","11.1792"
"2158767825","2107943057","11.1792"
"2107943057","2166661464","0.1625"
"2166661464","2107943057","0.1625"
"2111841000","2127491774","1.99583"
"2127491774","2111841000","1.99583"
"2111841000","2141820222","0.0625"
"2141820222","2111841000","0.0625"
"2111841000","2145820326","0.0625"
"2145820326","2111841000","0.0625"
"2111841000","2148544647","1.99583"
"2148544647","2111841000","1.99583"
"2111841000","2158767825","1.4125"
"2158767825","2111841000","1.4125"
"2111841000","2166661464","0.0625"
"2166661464","2111841000","0.0625"
"2127491774","2141820222","0.0625"
"2141820222","2127491774","0.0625"
"2127491774","2145820326","0.0625"
"2145820326","2127491774","0.0625"
"2127491774","2148544647","1.99583"
"2148544647","2127491774","1.99583"
"2127491774","2158767825","1.4125"
"2158767825","2127491774","1.4125"
"2127491774","2166661464","0.0625"
"2166661464","2127491774","0.0625"
"2141820222","2148544647","0.0625"
"2148544647","2141820222","0.0625"
"2141820222","2158767825","0.329167"
"2158767825","2141820222","0.329167"
"2141820222","2166661464","0.579167"
"2166661464","2141820222","0.579167"
"2145820326","2148544647","0.0625"
"2148544647","2145820326","0.0625"
"2145820326","2158767825","0.6625"
"2158767825","2145820326","0.6625"
"2145820326","2166661464","0.1625"
"2166661464","2145820326","0.1625"
"2148544647","2158767825","1.4125"
"2158767825","2148544647","1.4125"
"2148544647","2166661464","0.0625"
"2166661464","2148544647","0.0625"
"2158767825","2166661464","0.1625"
"2166661464","2158767825","0.1625"
"1515445539","2555803731","0.2"
"2555803731","1515445539","0.2"
"1964782951","2555803731","0.2"
"2555803731","1964782951","0.2"
"2041066723","2555803731","0.2"
"2555803731","2041066723","0.2"
"2095872579","2555803731","0.2"
"2555803731","2095872579","0.2"
"2145820326","2555803731","0.2"
"2555803731","2145820326","0.2"
"1520412871","2153146986","2.625"
"2153146986","1520412871","2.625"
"1520412871","2766375156","0.125"
"2766375156","1520412871","0.125"
"1879575712","2153146986","0.958333"
"2153146986","1879575712","0.958333"
"1879575712","2766375156","0.125"
"2766375156","1879575712","0.125"
"2110601905","2153146986","0.458333"
"2153146986","2110601905","0.458333"
"2110601905","2766375156","0.125"
"2766375156","2110601905","0.125"
"2127291187","2153146986","0.625"
"2153146986","2127291187","0.625"
"2127291187","2766375156","0.125"
"2766375156","2127291187","0.125"
"2153146986","2164597279","1.125"
"2164597279","2153146986","1.125"
"2153146986","2168798897","0.125"
"2168798897","2153146986","0.125"
"2153146986","2766375156","0.125"
"2766375156","2153146986","0.125"
"2153146986","2951119741","0.958333"
"2951119741","2153146986","0.958333"
"2164597279","2766375156","0.125"
"2766375156","2164597279","0.125"
"2168798897","2766375156","0.125"
"2766375156","2168798897","0.125"
"2766375156","2951119741","0.125"
"2951119741","2766375156","0.125"
"1555842091","2122541722","14"
"2122541722","1555842091","14"
"1555842091","2105548540","2.5"
"2105548540","1555842091","2.5"
"1555842091","2169594550","0.5"
"2169594550","1555842091","0.5"
"2105548540","2169594550","1"
"2169594550","2105548540","1"
"2105548540","2122541722","1"
"2122541722","2105548540","1"
"1555842091","2168582170","1"
"2168582170","1555842091","1"
"1557591258","2499291430","7.5"
"2499291430","1557591258","7.5"
"1557591258","2557071868","4.5"
"2557071868","1557591258","4.5"
"2499291430","2557071868","8.58333"
"2557071868","2499291430","8.58333"
"1561205616","2161265013","5.5"
"2161265013","1561205616","5.5"
"1561205616","2494465889","0.5"
"2494465889","1561205616","0.5"
"2161265013","2494465889","0.5"
"2494465889","2161265013","0.5"
"1561205616","1875863587","1"
"1875863587","1561205616","1"
"1561205616","2952662308","1"
"2952662308","1561205616","1"
"1589709505","2164347614","0.6"
"2164347614","1589709505","0.6"
"2083275222","2164347614","0.766667"
"2164347614","2083275222","0.766667"
"2098036825","2164347614","0.766667"
"2164347614","2098036825","0.766667"
"2141820222","2164347614","0.266667"
"2164347614","2141820222","0.266667"
"2158767825","2164347614","2.8"
"2164347614","2158767825","2.8"
"2158767825","2949324727","0.266667"
"2949324727","2158767825","0.266667"
"2164347614","2949324727","0.433333"
"2949324727","2164347614","0.433333"
"1589709505","2170171586","0.25"
"2170171586","1589709505","0.25"
"2107569821","2164347614","0.333333"
"2164347614","2107569821","0.333333"
"1989784208","2164347614","0.1"
"2164347614","1989784208","0.1"
"2107943057","2164347614","4.46667"
"2164347614","2107943057","4.46667"
"2107943057","2949324727","0.266667"
"2949324727","2107943057","0.266667"
"2145820326","2164347614","0.266667"
"2164347614","2145820326","0.266667"
"2164347614","2166661464","0.433333"
"2166661464","2164347614","0.433333"
"1875863587","2499291430","0.333333"
"2499291430","1875863587","0.333333"
"2111350651","2499291430","0.333333"
"2499291430","2111350651","0.333333"
"2499291430","2952662308","0.333333"
"2952662308","2499291430","0.333333"
"1875863587","2947350890","1"
"2947350890","1875863587","1"
"1929875843","2752551670","2"
"2752551670","1929875843","2"
"1929875843","2916021615","1"
"2916021615","1929875843","1"
"1989784208","2126765588","0.333333"
"2126765588","1989784208","0.333333"
"1989784208","2152594861","0.333333"
"2152594861","1989784208","0.333333"
"2041066723","2126765588","0.333333"
"2126765588","2041066723","0.333333"
"2041066723","2152594861","0.333333"
"2152594861","2041066723","0.333333"
"2126765588","2152594861","0.333333"
"2152594861","2126765588","0.333333"
"2098036825","2150512717","0.333333"
"2150512717","2098036825","0.333333"
"2150512717","2949324727","0.333333"
"2949324727","2150512717","0.333333"
"2083275222","2152594861","0.166667"
"2152594861","2083275222","0.166667"
"2098036825","2152594861","0.166667"
"2152594861","2098036825","0.166667"
"2107943057","2152594861","0.416667"
"2152594861","2107943057","0.416667"
"2145820326","2152594861","0.166667"
"2152594861","2145820326","0.166667"
"2152594861","2164347614","1.16667"
"2164347614","2152594861","1.16667"
"2152594861","2949324727","0.166667"
"2949324727","2152594861","0.166667"
"2084300184","2101195628","6.58333"
"2101195628","2084300184","6.58333"
"2101195628","2170171586","4.08333"
"2170171586","2101195628","4.08333"
"2098036825","2101195628","0.25"
"2101195628","2098036825","0.25"
"2095872579","2126765588","0.25"
"2126765588","2095872579","0.25"
"2095872579","2499291430","0.25"
"2499291430","2095872579","0.25"
"2095872579","2557071868","0.25"
"2557071868","2095872579","0.25"
"2126765588","2499291430","0.25"
"2499291430","2126765588","0.25"
"2126765588","2557071868","0.25"
"2557071868","2126765588","0.25"
"2150512717","2499291430","0.25"
"2499291430","2150512717","0.25"
"2150512717","2557071868","0.25"
"2557071868","2150512717","0.25"
"2101195628","2145820326","0.5"
"2145820326","2101195628","0.5"
"2145820326","2170171586","0.5"
"2170171586","2145820326","0.5"
"2105548540","2168582170","1"
"2168582170","2105548540","1"
"2105548540","2766375156","0.5"
"2766375156","2105548540","0.5"
"2168582170","2766375156","0.5"
"2766375156","2168582170","0.5"
"2168582170","2169594550","0.5"
"2169594550","2168582170","0.5"
"2111841000","2164347614","0.2"
"2164347614","2111841000","0.2"
"2127491774","2164347614","0.2"
"2164347614","2127491774","0.2"
"2148544647","2164347614","0.2"
"2164347614","2148544647","0.2"
"2111841000","2152594861","0.25"
"2152594861","2111841000","0.25"
"2127491774","2152594861","0.25"
"2152594861","2127491774","0.25"
"2148544647","2152594861","0.25"
"2152594861","2148544647","0.25"
"2156368266","2555803731","4.5"
"2555803731","2156368266","4.5"
"2156368266","62021570","0.5"
"62021570","2156368266","0.5"
"2494465889","2557071868","0.833333"
"2557071868","2494465889","0.833333"
"2494465889","2742517765","0.833333"
"2742517765","2494465889","0.833333"
"2557071868","2742517765","0.833333"
"2742517765","2557071868","0.833333"
"2494465889","2499291430","0.333333"
"2499291430","2494465889","0.333333"
"2499291430","2742517765","0.333333"
"2742517765","2499291430","0.333333"
"2499291430","2948498923","0.5"
"2948498923","2499291430","0.5"
"2557071868","2948498923","1.5"
"2948498923","2557071868","1.5"
"2742517765","2952662308","1"
"2952662308","2742517765","1"
"2742517765","2947350890","1"
"2947350890","2742517765","1"
"2752551670","2771494169","5"
"2771494169","2752551670","5"
"2907183088","2916021615","1"
"2916021615","2907183088","1"
