"11739982","2482141085","1"
"2482141085","11739982","1"
"11739982","137932778","0.5"
"137932778","11739982","0.5"
"11739982","34403934","0.5"
"34403934","11739982","0.5"
"137932778","34403934","1.5"
"34403934","137932778","1.5"
"137932778","2516685549","3"
"2516685549","137932778","3"
"137932778","2095622798","3"
"2095622798","137932778","3"
"137932778","1516412906","12.1667"
"1516412906","137932778","12.1667"
"1516412906","2516685549","4"
"2516685549","1516412906","4"
"137932778","1566323499","0.166667"
"1566323499","137932778","0.166667"
"137932778","1989902213","0.166667"
"1989902213","137932778","0.166667"
"137932778","2046253579","0.666667"
"2046253579","137932778","0.666667"
"137932778","2118421157","0.166667"
"2118421157","137932778","0.166667"
"137932778","2122315908","0.166667"
"2122315908","137932778","0.166667"
"1516412906","1566323499","0.166667"
"1566323499","1516412906","0.166667"
"1516412906","1989902213","0.257576"
"1989902213","1516412906","0.257576"
"1516412906","2046253579","0.666667"
"2046253579","1516412906","0.666667"
"1516412906","2118421157","0.257576"
"2118421157","1516412906","0.257576"
"1516412906","2122315908","0.257576"
"2122315908","1516412906","0.257576"
"1566323499","1989902213","0.366667"
"1989902213","1566323499","0.366667"
"1566323499","2046253579","5.29167"
"2046253579","1566323499","5.29167"
"1566323499","2118421157","0.7"
"2118421157","1566323499","0.7"
"1566323499","2122315908","0.166667"
"2122315908","1566323499","0.166667"
"1989902213","2046253579","0.166667"
"2046253579","1989902213","0.166667"
"1989902213","2118421157","0.457576"
"2118421157","1989902213","0.457576"
"1989902213","2122315908","0.257576"
"2122315908","1989902213","0.257576"
"2046253579","2118421157","0.166667"
"2118421157","2046253579","0.166667"
"2046253579","2122315908","0.166667"
"2122315908","2046253579","0.166667"
"2118421157","2122315908","0.257576"
"2122315908","2118421157","0.257576"
"137932778","2091041197","0.5"
"2091041197","137932778","0.5"
"1516412906","2091041197","0.5"
"2091041197","1516412906","0.5"
"1504972824","1566323499","0.125"
"1566323499","1504972824","0.125"
"1504972824","189916820","1.09091"
"189916820","1504972824","1.09091"
"1504972824","1974304004","3.9671"
"1974304004","1504972824","3.9671"
"1504972824","1996832206","4.0171"
"1996832206","1504972824","4.0171"
"1504972824","2041547341","3.0171"
"2041547341","1504972824","3.0171"
"1504972824","2046253579","0.125"
"2046253579","1504972824","0.125"
"1504972824","2083257807","1.21591"
"2083257807","1504972824","1.21591"
"1504972824","2990213768","0.125"
"2990213768","1504972824","0.125"
"1566323499","189916820","0.125"
"189916820","1566323499","0.125"
"1566323499","1974304004","0.125"
"1974304004","1566323499","0.125"
"1566323499","1996832206","0.125"
"1996832206","1566323499","0.125"
"1566323499","2041547341","0.125"
"2041547341","1566323499","0.125"
"1566323499","2083257807","0.125"
"2083257807","1566323499","0.125"
"1566323499","2990213768","0.125"
"2990213768","1566323499","0.125"
"189916820","1974304004","1.82424"
"1974304004","189916820","1.82424"
"189916820","1996832206","1.41591"
"1996832206","189916820","1.41591"
"189916820","2041547341","2.42424"
"2041547341","189916820","2.42424"
"189916820","2046253579","0.125"
"2046253579","189916820","0.125"
"189916820","2083257807","3.21591"
"2083257807","189916820","3.21591"
"189916820","2990213768","0.125"
"2990213768","189916820","0.125"
"1974304004","1996832206","3.42543"
"1996832206","1974304004","3.42543"
"1974304004","2041547341","4.4171"
"2041547341","1974304004","4.4171"
"1974304004","2046253579","0.125"
"2046253579","1974304004","0.125"
"1974304004","2083257807","1.94924"
"2083257807","1974304004","1.94924"
"1974304004","2990213768","0.125"
"2990213768","1974304004","0.125"
"1996832206","2041547341","2.8421"
"2041547341","1996832206","2.8421"
"1996832206","2046253579","0.125"
"2046253579","1996832206","0.125"
"1996832206","2083257807","1.54091"
"2083257807","1996832206","1.54091"
"1996832206","2990213768","0.125"
"2990213768","1996832206","0.125"
"2041547341","2046253579","0.125"
"2046253579","2041547341","0.125"
"2041547341","2083257807","3.04924"
"2083257807","2041547341","3.04924"
"2041547341","2990213768","0.125"
"2990213768","2041547341","0.125"
"2046253579","2083257807","0.125"
"2083257807","2046253579","0.125"
"2046253579","2990213768","0.125"
"2990213768","2046253579","0.125"
"2083257807","2990213768","0.125"
"2990213768","2083257807","0.125"
"1504972824","1987504295","1.68377"
"1987504295","1504972824","1.68377"
"1504972824","2008137090","3.13377"
"2008137090","1504972824","3.13377"
"1504972824","2095622798","0.166667"
"2095622798","1504972824","0.166667"
"189916820","1987504295","1.06591"
"1987504295","189916820","1.06591"
"189916820","2008137090","1.34091"
"2008137090","189916820","1.34091"
"189916820","2095622798","0.266667"
"2095622798","189916820","0.266667"
"1987504295","1996832206","1.48377"
"1996832206","1987504295","1.48377"
"1987504295","2008137090","2.43377"
"2008137090","1987504295","2.43377"
"1987504295","2083257807","1.19091"
"2083257807","1987504295","1.19091"
"1987504295","2095622798","1.26667"
"2095622798","1987504295","1.26667"
"1996832206","2008137090","2.8921"
"2008137090","1996832206","2.8921"
"1996832206","2095622798","0.166667"
"2095622798","1996832206","0.166667"
"2008137090","2083257807","1.46591"
"2083257807","2008137090","1.46591"
"2008137090","2095622798","0.166667"
"2095622798","2008137090","0.166667"
"2083257807","2095622798","0.312121"
"2095622798","2083257807","0.312121"
"1504972824","1975707883","1.6421"
"1975707883","1504972824","1.6421"
"1504972824","2104382170","1.24924"
"2104382170","1504972824","1.24924"
"1974304004","1975707883","3.2921"
"1975707883","1974304004","3.2921"
"1974304004","1987504295","1.6421"
"1987504295","1974304004","1.6421"
"1974304004","2008137090","2.9171"
"2008137090","1974304004","2.9171"
"1974304004","2104382170","1.86591"
"2104382170","1974304004","1.86591"
"1975707883","1987504295","1.1921"
"1987504295","1975707883","1.1921"
"1975707883","1996832206","2.9671"
"1996832206","1975707883","2.9671"
"1975707883","2008137090","1.5171"
"2008137090","1975707883","1.5171"
"1975707883","2041547341","2.2921"
"2041547341","1975707883","2.2921"
"1975707883","2083257807","1.57424"
"2083257807","1975707883","1.57424"
"1975707883","2104382170","1.49924"
"2104382170","1975707883","1.49924"
"1987504295","2041547341","1.5421"
"2041547341","1987504295","1.5421"
"1987504295","2104382170","1.24924"
"2104382170","1987504295","1.24924"
"1996832206","2104382170","1.17424"
"2104382170","1996832206","1.17424"
"2008137090","2041547341","3.0171"
"2041547341","2008137090","3.0171"
"2008137090","2104382170","1.37424"
"2104382170","2008137090","1.37424"
"2041547341","2104382170","1.49924"
"2104382170","2041547341","1.49924"
"2083257807","2104382170","1.37424"
"2104382170","2083257807","1.37424"
"1504972824","1964075810","0.25"
"1964075810","1504972824","0.25"
"1964075810","1996832206","0.25"
"1996832206","1964075810","0.25"
"1964075810","2008137090","0.25"
"2008137090","1964075810","0.25"
"1964075810","2041547341","2.25"
"2041547341","1964075810","2.25"
"189916820","1975707883","1.44924"
"1975707883","189916820","1.44924"
"189916820","2104382170","1.24924"
"2104382170","189916820","1.24924"
"1504972824","2059094657","0.0909091"
"2059094657","1504972824","0.0909091"
"1504972824","2196321569","0.290909"
"2196321569","1504972824","0.290909"
"189916820","2059094657","0.215909"
"2059094657","189916820","0.215909"
"189916820","2196321569","0.215909"
"2196321569","189916820","0.215909"
"1974304004","2059094657","0.215909"
"2059094657","1974304004","0.215909"
"1974304004","2196321569","1.41591"
"2196321569","1974304004","1.41591"
"1975707883","2059094657","0.215909"
"2059094657","1975707883","0.215909"
"1975707883","2196321569","0.215909"
"2196321569","1975707883","0.215909"
"1987504295","2059094657","0.0909091"
"2059094657","1987504295","0.0909091"
"1987504295","2196321569","0.415909"
"2196321569","1987504295","0.415909"
"1996832206","2059094657","0.215909"
"2059094657","1996832206","0.215909"
"1996832206","2196321569","0.0909091"
"2196321569","1996832206","0.0909091"
"2008137090","2059094657","0.215909"
"2059094657","2008137090","0.215909"
"2008137090","2196321569","0.415909"
"2196321569","2008137090","0.415909"
"2041547341","2059094657","0.215909"
"2059094657","2041547341","0.215909"
"2041547341","2196321569","1.21591"
"2196321569","2041547341","1.21591"
"2059094657","2083257807","0.215909"
"2083257807","2059094657","0.215909"
"2059094657","2104382170","0.215909"
"2104382170","2059094657","0.215909"
"2059094657","2196321569","0.0909091"
"2196321569","2059094657","0.0909091"
"2083257807","2196321569","0.215909"
"2196321569","2083257807","0.215909"
"2104382170","2196321569","0.415909"
"2196321569","2104382170","0.415909"
"1504972824","2091041197","0.142857"
"2091041197","1504972824","0.142857"
"1974304004","2091041197","0.142857"
"2091041197","1974304004","0.142857"
"1975707883","2091041197","0.142857"
"2091041197","1975707883","0.142857"
"1987504295","2091041197","0.142857"
"2091041197","1987504295","0.142857"
"1996832206","2091041197","0.142857"
"2091041197","1996832206","0.142857"
"2008137090","2091041197","0.142857"
"2091041197","2008137090","0.142857"
"2041547341","2091041197","0.142857"
"2091041197","2041547341","0.142857"
"1504972824","2041964102","0.166667"
"2041964102","1504972824","0.166667"
"1504972824","2517670490","0.166667"
"2517670490","1504972824","0.166667"
"1504972824","2789298450","0.166667"
"2789298450","1504972824","0.166667"
"1504972824","2989265342","0.166667"
"2989265342","1504972824","0.166667"
"1974304004","2041964102","0.166667"
"2041964102","1974304004","0.166667"
"1974304004","2517670490","0.166667"
"2517670490","1974304004","0.166667"
"1974304004","2789298450","0.166667"
"2789298450","1974304004","0.166667"
"1974304004","2989265342","0.166667"
"2989265342","1974304004","0.166667"
"2008137090","2041964102","0.166667"
"2041964102","2008137090","0.166667"
"2008137090","2517670490","0.166667"
"2517670490","2008137090","0.166667"
"2008137090","2789298450","0.166667"
"2789298450","2008137090","0.166667"
"2008137090","2989265342","0.166667"
"2989265342","2008137090","0.166667"
"2041964102","2517670490","0.166667"
"2517670490","2041964102","0.166667"
"2041964102","2789298450","0.166667"
"2789298450","2041964102","0.166667"
"2041964102","2989265342","0.166667"
"2989265342","2041964102","0.166667"
"2517670490","2789298450","0.166667"
"2789298450","2517670490","0.166667"
"2517670490","2989265342","0.166667"
"2989265342","2517670490","0.166667"
"2789298450","2989265342","0.166667"
"2989265342","2789298450","0.166667"
"1511310748","1600377859","0.5"
"1600377859","1511310748","0.5"
"1511310748","2122315908","0.5"
"2122315908","1511310748","0.5"
"1600377859","2122315908","3.08333"
"2122315908","1600377859","3.08333"
"1511310748","2526424498","1"
"2526424498","1511310748","1"
"1511310748","1973512726","0.2"
"1973512726","1511310748","0.2"
"1511310748","2091041197","0.2"
"2091041197","1511310748","0.2"
"1511310748","2266658219","0.2"
"2266658219","1511310748","0.2"
"1511310748","2342635042","0.245455"
"2342635042","1511310748","0.245455"
"1511310748","2519337117","0.2"
"2519337117","1511310748","0.2"
"1973512726","2091041197","0.45"
"2091041197","1973512726","0.45"
"1973512726","2266658219","0.2"
"2266658219","1973512726","0.2"
"1973512726","2342635042","0.7"
"2342635042","1973512726","0.7"
"1973512726","2519337117","0.2"
"2519337117","1973512726","0.2"
"2091041197","2266658219","0.2"
"2266658219","2091041197","0.2"
"2091041197","2342635042","0.2"
"2342635042","2091041197","0.2"
"2091041197","2519337117","0.2"
"2519337117","2091041197","0.2"
"2266658219","2342635042","0.45"
"2342635042","2266658219","0.45"
"2266658219","2519337117","0.2"
"2519337117","2266658219","0.2"
"2342635042","2519337117","0.2"
"2519337117","2342635042","0.2"
"1511310748","1982949197","0.0454545"
"1982949197","1511310748","0.0454545"
"1511310748","2054235151","0.0454545"
"2054235151","1511310748","0.0454545"
"1511310748","2083257807","0.0454545"
"2083257807","1511310748","0.0454545"
"1511310748","2095622798","0.0454545"
"2095622798","1511310748","0.0454545"
"1511310748","2125630860","0.0454545"
"2125630860","1511310748","0.0454545"
"1511310748","2144754501","0.0454545"
"2144754501","1511310748","0.0454545"
"1511310748","2289782702","0.0454545"
"2289782702","1511310748","0.0454545"
"1511310748","2293178884","0.0454545"
"2293178884","1511310748","0.0454545"
"1511310748","2345068994","0.0454545"
"2345068994","1511310748","0.0454545"
"1511310748","2482141085","0.0454545"
"2482141085","1511310748","0.0454545"
"1511310748","2483548240","0.0454545"
"2483548240","1511310748","0.0454545"
"1511310748","2511018534","0.0454545"
"2511018534","1511310748","0.0454545"
"1511310748","2516685549","0.0454545"
"2516685549","1511310748","0.0454545"
"1511310748","2557862768","0.0454545"
"2557862768","1511310748","0.0454545"
"1511310748","2732316107","0.0454545"
"2732316107","1511310748","0.0454545"
"1511310748","2743838062","0.0454545"
"2743838062","1511310748","0.0454545"
"1511310748","2744007235","0.0454545"
"2744007235","1511310748","0.0454545"
"1511310748","2770844835","0.0454545"
"2770844835","1511310748","0.0454545"
"1511310748","2789298450","0.0454545"
"2789298450","1511310748","0.0454545"
"1511310748","2809143401","0.0454545"
"2809143401","1511310748","0.0454545"
"1511310748","2972112224","0.0454545"
"2972112224","1511310748","0.0454545"
"1982949197","2054235151","2.20759"
"2054235151","1982949197","2.20759"
"1982949197","2083257807","0.0454545"
"2083257807","1982949197","0.0454545"
"1982949197","2095622798","0.433351"
"2095622798","1982949197","0.433351"
"1982949197","2125630860","0.700216"
"2125630860","1982949197","0.700216"
"1982949197","2144754501","0.595689"
"2144754501","1982949197","0.595689"
"1982949197","2289782702","0.479383"
"2289782702","1982949197","0.479383"
"1982949197","2293178884","0.595689"
"2293178884","1982949197","0.595689"
"1982949197","2342635042","0.0454545"
"2342635042","1982949197","0.0454545"
"1982949197","2345068994","2.23422"
"2345068994","1982949197","2.23422"
"1982949197","2482141085","1.61676"
"2482141085","1982949197","1.61676"
"1982949197","2483548240","1.48422"
"2483548240","1982949197","1.48422"
"1982949197","2511018534","0.116883"
"2511018534","1982949197","0.116883"
"1982949197","2516685549","0.916757"
"2516685549","1982949197","0.916757"
"1982949197","2557862768","0.832197"
"2557862768","1982949197","0.832197"
"1982949197","2732316107","1.61676"
"2732316107","1982949197","1.61676"
"1982949197","2743838062","0.643741"
"2743838062","1982949197","0.643741"
"1982949197","2744007235","1.05803"
"2744007235","1982949197","1.05803"
"1982949197","2770844835","0.957594"
"2770844835","1982949197","0.957594"
"1982949197","2789298450","0.763781"
"2789298450","1982949197","0.763781"
"1982949197","2809143401","0.0454545"
"2809143401","1982949197","0.0454545"
"1982949197","2972112224","0.107955"
"2972112224","1982949197","0.107955"
"2054235151","2083257807","0.0454545"
"2083257807","2054235151","0.0454545"
"2054235151","2095622798","3.43335"
"2095622798","2054235151","3.43335"
"2054235151","2125630860","0.366883"
"2125630860","2054235151","0.366883"
"2054235151","2144754501","0.309975"
"2144754501","2054235151","0.309975"
"2054235151","2289782702","0.529383"
"2289782702","2054235151","0.529383"
"2054235151","2293178884","0.309975"
"2293178884","2054235151","0.309975"
"2054235151","2342635042","0.0454545"
"2342635042","2054235151","0.0454545"
"2054235151","2345068994","0.64926"
"2345068994","2054235151","0.64926"
"2054235151","2482141085","1.17307"
"2482141085","2054235151","1.17307"
"2054235151","2483548240","0.788149"
"2483548240","2054235151","0.788149"
"2054235151","2511018534","0.116883"
"2511018534","2054235151","0.116883"
"2054235151","2516685549","2.83974"
"2516685549","2054235151","2.83974"
"2054235151","2557862768","0.332955"
"2557862768","2054235151","0.332955"
"2054235151","2732316107","1.17307"
"2732316107","2054235151","1.17307"
"2054235151","2743838062","0.566721"
"2743838062","2054235151","0.566721"
"2054235151","2744007235","1.37029"
"2744007235","2054235151","1.37029"
"2054235151","2770844835","0.54724"
"2770844835","2054235151","0.54724"
"2054235151","2789298450","1.56176"
"2789298450","2054235151","1.56176"
"2054235151","2809143401","0.0454545"
"2809143401","2054235151","0.0454545"
"2054235151","2972112224","0.107955"
"2972112224","2054235151","0.107955"
"2083257807","2125630860","0.0454545"
"2125630860","2083257807","0.0454545"
"2083257807","2144754501","0.145455"
"2144754501","2083257807","0.145455"
"2083257807","2289782702","0.145455"
"2289782702","2083257807","0.145455"
"2083257807","2293178884","0.145455"
"2293178884","2083257807","0.145455"
"2083257807","2342635042","0.0454545"
"2342635042","2083257807","0.0454545"
"2083257807","2345068994","0.0454545"
"2345068994","2083257807","0.0454545"
"2083257807","2482141085","0.0454545"
"2482141085","2083257807","0.0454545"
"2083257807","2483548240","0.0454545"
"2483548240","2083257807","0.0454545"
"2083257807","2511018534","0.0454545"
"2511018534","2083257807","0.0454545"
"2083257807","2516685549","0.0454545"
"2516685549","2083257807","0.0454545"
"2083257807","2557862768","0.0454545"
"2557862768","2083257807","0.0454545"
"2083257807","2732316107","0.0454545"
"2732316107","2083257807","0.0454545"
"2083257807","2743838062","0.145455"
"2743838062","2083257807","0.145455"
"2083257807","2744007235","0.0454545"
"2744007235","2083257807","0.0454545"
"2083257807","2770844835","0.0454545"
"2770844835","2083257807","0.0454545"
"2083257807","2789298450","0.0454545"
"2789298450","2083257807","0.0454545"
"2083257807","2809143401","0.0454545"
"2809143401","2083257807","0.0454545"
"2083257807","2972112224","0.0454545"
"2972112224","2083257807","0.0454545"
"2095622798","2125630860","0.116883"
"2125630860","2095622798","0.116883"
"2095622798","2144754501","0.409975"
"2144754501","2095622798","0.409975"
"2095622798","2289782702","0.279383"
"2289782702","2095622798","0.279383"
"2095622798","2293178884","0.409975"
"2293178884","2095622798","0.409975"
"2095622798","2342635042","0.0454545"
"2342635042","2095622798","0.0454545"
"2095622798","2345068994","1.02426"
"2345068994","2095622798","1.02426"
"2095622798","2482141085","0.790494"
"2482141085","2095622798","0.790494"
"2095622798","2483548240","0.32224"
"2483548240","2095622798","0.32224"
"2095622798","2511018534","0.116883"
"2511018534","2095622798","0.116883"
"2095622798","2516685549","0.790494"
"2516685549","2095622798","0.790494"
"2095622798","2557862768","0.107955"
"2557862768","2095622798","0.107955"
"2095622798","2732316107","0.790494"
"2732316107","2095622798","0.790494"
"2095622798","2743838062","0.350812"
"2743838062","2095622798","0.350812"
"2095622798","2744007235","0.179383"
"2744007235","2095622798","0.179383"
"2095622798","2770844835","0.32224"
"2770844835","2095622798","0.32224"
"2095622798","2789298450","0.370851"
"2789298450","2095622798","0.370851"
"2095622798","2809143401","0.0454545"
"2809143401","2095622798","0.0454545"
"2095622798","2972112224","0.107955"
"2972112224","2095622798","0.107955"
"2125630860","2144754501","0.0454545"
"2144754501","2125630860","0.0454545"
"2125630860","2289782702","0.116883"
"2289782702","2125630860","0.116883"
"2125630860","2293178884","0.0454545"
"2293178884","2125630860","0.0454545"
"2125630860","2342635042","0.0454545"
"2342635042","2125630860","0.0454545"
"2125630860","2345068994","0.450216"
"2345068994","2125630860","0.450216"
"2125630860","2482141085","0.116883"
"2482141085","2125630860","0.116883"
"2125630860","2483548240","0.700216"
"2483548240","2125630860","0.700216"
"2125630860","2511018534","0.116883"
"2511018534","2125630860","0.116883"
"2125630860","2516685549","0.116883"
"2516685549","2125630860","0.116883"
"2125630860","2557862768","0.0454545"
"2557862768","2125630860","0.0454545"
"2125630860","2732316107","0.116883"
"2732316107","2125630860","0.116883"
"2125630860","2743838062","0.0454545"
"2743838062","2125630860","0.0454545"
"2125630860","2744007235","0.116883"
"2744007235","2125630860","0.116883"
"2125630860","2770844835","0.116883"
"2770844835","2125630860","0.116883"
"2125630860","2789298450","0.116883"
"2789298450","2125630860","0.116883"
"2125630860","2809143401","0.0454545"
"2809143401","2125630860","0.0454545"
"2125630860","2972112224","0.0454545"
"2972112224","2125630860","0.0454545"
"2144754501","2289782702","0.207955"
"2289782702","2144754501","0.207955"
"2144754501","2293178884","11.6533"
"2293178884","2144754501","11.6533"
"2144754501","2342635042","0.0454545"
"2342635042","2144754501","0.0454545"
"2144754501","2345068994","0.686598"
"2345068994","2144754501","0.686598"
"2144754501","2482141085","0.309975"
"2482141085","2144754501","0.309975"
"2144754501","2483548240","0.651245"
"2483548240","2144754501","0.651245"
"2144754501","2511018534","0.0454545"
"2511018534","2144754501","0.0454545"
"2144754501","2516685549","0.309975"
"2516685549","2144754501","0.309975"
"2144754501","2557862768","0.107955"
"2557862768","2144754501","0.107955"
"2144754501","2732316107","0.309975"
"2732316107","2144754501","0.309975"
"2144754501","2743838062","0.298864"
"2743838062","2144754501","0.298864"
"2144754501","2744007235","0.484578"
"2744007235","2144754501","0.484578"
"2144754501","2770844835","0.107955"
"2770844835","2144754501","0.107955"
"2144754501","2789298450","0.747475"
"2789298450","2144754501","0.747475"
"2144754501","2809143401","0.245455"
"2809143401","2144754501","0.245455"
"2144754501","2972112224","1.10795"
"2972112224","2144754501","1.10795"
"2289782702","2293178884","0.207955"
"2293178884","2289782702","0.207955"
"2289782702","2342635042","0.0454545"
"2342635042","2289782702","0.0454545"
"2289782702","2345068994","0.404383"
"2345068994","2289782702","0.404383"
"2289782702","2482141085","0.379383"
"2482141085","2289782702","0.379383"
"2289782702","2483548240","0.179383"
"2483548240","2289782702","0.179383"
"2289782702","2511018534","0.341883"
"2511018534","2289782702","0.341883"
"2289782702","2516685549","0.904383"
"2516685549","2289782702","0.904383"
"2289782702","2557862768","0.632955"
"2557862768","2289782702","0.632955"
"2289782702","2732316107","0.379383"
"2732316107","2289782702","0.379383"
"2289782702","2743838062","0.407955"
"2743838062","2289782702","0.407955"
"2289782702","2744007235","0.579383"
"2744007235","2289782702","0.579383"
"2289782702","2770844835","1.00438"
"2770844835","2289782702","1.00438"
"2289782702","2789298450","0.441883"
"2789298450","2289782702","0.441883"
"2289782702","2809143401","0.0454545"
"2809143401","2289782702","0.0454545"
"2289782702","2972112224","0.107955"
"2972112224","2289782702","0.107955"
"2293178884","2342635042","0.0454545"
"2342635042","2293178884","0.0454545"
"2293178884","2345068994","0.686598"
"2345068994","2293178884","0.686598"
"2293178884","2482141085","0.309975"
"2482141085","2293178884","0.309975"
"2293178884","2483548240","0.651245"
"2483548240","2293178884","0.651245"
"2293178884","2511018534","0.0454545"
"2511018534","2293178884","0.0454545"
"2293178884","2516685549","0.309975"
"2516685549","2293178884","0.309975"
"2293178884","2557862768","0.107955"
"2557862768","2293178884","0.107955"
"2293178884","2732316107","0.309975"
"2732316107","2293178884","0.309975"
"2293178884","2743838062","0.298864"
"2743838062","2293178884","0.298864"
"2293178884","2744007235","0.484578"
"2744007235","2293178884","0.484578"
"2293178884","2770844835","0.107955"
"2770844835","2293178884","0.107955"
"2293178884","2789298450","0.247475"
"2789298450","2293178884","0.247475"
"2293178884","2809143401","0.245455"
"2809143401","2293178884","0.245455"
"2293178884","2972112224","0.107955"
"2972112224","2293178884","0.107955"
"2342635042","2345068994","0.0454545"
"2345068994","2342635042","0.0454545"
"2342635042","2482141085","0.245455"
"2482141085","2342635042","0.245455"
"2342635042","2483548240","0.0454545"
"2483548240","2342635042","0.0454545"
"2342635042","2511018534","0.0454545"
"2511018534","2342635042","0.0454545"
"2342635042","2516685549","0.0454545"
"2516685549","2342635042","0.0454545"
"2342635042","2557862768","0.0454545"
"2557862768","2342635042","0.0454545"
"2342635042","2732316107","0.245455"
"2732316107","2342635042","0.245455"
"2342635042","2743838062","0.245455"
"2743838062","2342635042","0.245455"
"2342635042","2744007235","0.0454545"
"2744007235","2342635042","0.0454545"
"2342635042","2770844835","0.0454545"
"2770844835","2342635042","0.0454545"
"2342635042","2789298450","0.0454545"
"2789298450","2342635042","0.0454545"
"2342635042","2809143401","0.0454545"
"2809143401","2342635042","0.0454545"
"2342635042","2972112224","0.462121"
"2972112224","2342635042","0.462121"
"2345068994","2482141085","2.04731"
"2482141085","2345068994","2.04731"
"2345068994","2483548240","3.36477"
"2483548240","2345068994","3.36477"
"2345068994","2511018534","0.341883"
"2511018534","2345068994","0.341883"
"2345068994","2516685549","7.10565"
"2516685549","2345068994","7.10565"
"2345068994","2557862768","0.71553"
"2557862768","2345068994","0.71553"
"2345068994","2732316107","2.63065"
"2732316107","2345068994","2.63065"
"2345068994","2743838062","1.15763"
"2743838062","2345068994","1.15763"
"2345068994","2744007235","0.913582"
"2744007235","2345068994","0.913582"
"2345068994","2770844835","1.26315"
"2770844835","2345068994","1.26315"
"2345068994","2789298450","1.761"
"2789298450","2345068994","1.761"
"2345068994","2809143401","0.0454545"
"2809143401","2345068994","0.0454545"
"2345068994","2972112224","0.107955"
"2972112224","2345068994","0.107955"
"2482141085","2483548240","1.29731"
"2483548240","2482141085","1.29731"
"2482141085","2511018534","0.116883"
"2511018534","2482141085","0.116883"
"2482141085","2516685549","3.74176"
"2516685549","2482141085","3.74176"
"2482141085","2557862768","0.773864"
"2557862768","2482141085","0.773864"
"2482141085","2732316107","14.4751"
"2732316107","2482141085","14.4751"
"2482141085","2743838062","0.725884"
"2743838062","2482141085","0.725884"
"2482141085","2744007235","0.922312"
"2744007235","2482141085","0.922312"
"2482141085","2770844835","0.756403"
"2770844835","2482141085","0.756403"
"2482141085","2789298450","0.970924"
"2789298450","2482141085","0.970924"
"2482141085","2809143401","0.0454545"
"2809143401","2482141085","0.0454545"
"2482141085","2972112224","0.107955"
"2972112224","2482141085","0.107955"
"2483548240","2511018534","0.116883"
"2511018534","2483548240","0.116883"
"2483548240","2516685549","1.54731"
"2516685549","2483548240","1.54731"
"2483548240","2557862768","0.49053"
"2557862768","2483548240","0.49053"
"2483548240","2732316107","1.04731"
"2732316107","2483548240","1.04731"
"2483548240","2743838062","0.835408"
"2743838062","2483548240","0.835408"
"2483548240","2744007235","1.17469"
"2744007235","2483548240","1.17469"
"2483548240","2770844835","0.815927"
"2770844835","2483548240","0.815927"
"2483548240","2789298450","1.00267"
"2789298450","2483548240","1.00267"
"2483548240","2809143401","0.0454545"
"2809143401","2483548240","0.0454545"
"2483548240","2972112224","0.107955"
"2972112224","2483548240","0.107955"
"2511018534","2516685549","0.675216"
"2516685549","2511018534","0.675216"
"2511018534","2557862768","0.770455"
"2557862768","2511018534","0.770455"
"2511018534","2732316107","0.116883"
"2732316107","2511018534","0.116883"
"2511018534","2743838062","0.145455"
"2743838062","2511018534","0.145455"
"2511018534","2744007235","1.55022"
"2744007235","2511018534","1.55022"
"2511018534","2770844835","0.841883"
"2770844835","2511018534","0.841883"
"2511018534","2789298450","0.341883"
"2789298450","2511018534","0.341883"
"2511018534","2809143401","0.0454545"
"2809143401","2511018534","0.0454545"
"2511018534","2972112224","0.0454545"
"2972112224","2511018534","0.0454545"
"2516685549","2557862768","1.1322"
"2557862768","2516685549","1.1322"
"2516685549","2732316107","3.32509"
"2732316107","2516685549","3.32509"
"2516685549","2743838062","1.62588"
"2743838062","2516685549","1.62588"
"2516685549","2744007235","0.905646"
"2744007235","2516685549","0.905646"
"2516685549","2770844835","1.81474"
"2770844835","2516685549","1.81474"
"2516685549","2789298450","2.19592"
"2789298450","2516685549","2.19592"
"2516685549","2809143401","0.0454545"
"2809143401","2516685549","0.0454545"
"2516685549","2972112224","0.107955"
"2972112224","2516685549","0.107955"
"2557862768","2732316107","0.773864"
"2732316107","2557862768","0.773864"
"2557862768","2743838062","1.52386"
"2743838062","2557862768","1.52386"
"2557862768","2744007235","4.01553"
"2744007235","2557862768","4.01553"
"2557862768","2770844835","3.06553"
"2770844835","2557862768","3.06553"
"2557862768","2789298450","0.794697"
"2789298450","2557862768","0.794697"
"2557862768","2809143401","0.0454545"
"2809143401","2557862768","0.0454545"
"2557862768","2972112224","0.107955"
"2972112224","2557862768","0.107955"
"2732316107","2743838062","0.725884"
"2743838062","2732316107","0.725884"
"2732316107","2744007235","0.922312"
"2744007235","2732316107","0.922312"
"2732316107","2770844835","0.756403"
"2770844835","2732316107","0.756403"
"2732316107","2789298450","1.72092"
"2789298450","2732316107","1.72092"
"2732316107","2809143401","0.0454545"
"2809143401","2732316107","0.0454545"
"2732316107","2972112224","0.107955"
"2972112224","2732316107","0.107955"
"2743838062","2744007235","1.60088"
"2744007235","2743838062","1.60088"
"2743838062","2770844835","5.61117"
"2770844835","2743838062","5.61117"
"2743838062","2789298450","1.01457"
"2789298450","2743838062","1.01457"
"2743838062","2809143401","0.0454545"
"2809143401","2743838062","0.0454545"
"2743838062","2972112224","0.107955"
"2972112224","2743838062","0.107955"
"2744007235","2770844835","1.91474"
"2770844835","2744007235","1.91474"
"2744007235","2789298450","2.94315"
"2789298450","2744007235","2.94315"
"2744007235","2809143401","0.0454545"
"2809143401","2744007235","0.0454545"
"2744007235","2972112224","0.107955"
"2972112224","2744007235","0.107955"
"2770844835","2789298450","1.12009"
"2789298450","2770844835","1.12009"
"2770844835","2809143401","0.0454545"
"2809143401","2770844835","0.0454545"
"2770844835","2972112224","0.107955"
"2972112224","2770844835","0.107955"
"2789298450","2809143401","0.0454545"
"2809143401","2789298450","0.0454545"
"2789298450","2972112224","0.0454545"
"2972112224","2789298450","0.0454545"
"2809143401","2972112224","0.0454545"
"2972112224","2809143401","0.0454545"
"1516412906","2011030580","0.0909091"
"2011030580","1516412906","0.0909091"
"1516412906","2067402374","0.0909091"
"2067402374","1516412906","0.0909091"
"1516412906","2080723908","0.0909091"
"2080723908","1516412906","0.0909091"
"1516412906","2095622798","0.0909091"
"2095622798","1516412906","0.0909091"
"1516412906","2144754501","0.0909091"
"2144754501","1516412906","0.0909091"
"1516412906","2266658219","0.0909091"
"2266658219","1516412906","0.0909091"
"1516412906","2293178884","0.0909091"
"2293178884","1516412906","0.0909091"
"1516412906","2345068994","0.0909091"
"2345068994","1516412906","0.0909091"
"1989902213","2011030580","0.0909091"
"2011030580","1989902213","0.0909091"
"1989902213","2067402374","0.0909091"
"2067402374","1989902213","0.0909091"
"1989902213","2080723908","0.0909091"
"2080723908","1989902213","0.0909091"
"1989902213","2095622798","0.0909091"
"2095622798","1989902213","0.0909091"
"1989902213","2144754501","0.0909091"
"2144754501","1989902213","0.0909091"
"1989902213","2266658219","0.0909091"
"2266658219","1989902213","0.0909091"
"1989902213","2293178884","0.0909091"
"2293178884","1989902213","0.0909091"
"1989902213","2345068994","0.290909"
"2345068994","1989902213","0.290909"
"2011030580","2067402374","0.0909091"
"2067402374","2011030580","0.0909091"
"2011030580","2080723908","0.0909091"
"2080723908","2011030580","0.0909091"
"2011030580","2095622798","0.0909091"
"2095622798","2011030580","0.0909091"
"2011030580","2118421157","0.0909091"
"2118421157","2011030580","0.0909091"
"2011030580","2122315908","0.0909091"
"2122315908","2011030580","0.0909091"
"2011030580","2144754501","0.0909091"
"2144754501","2011030580","0.0909091"
"2011030580","2266658219","0.0909091"
"2266658219","2011030580","0.0909091"
"2011030580","2293178884","0.0909091"
"2293178884","2011030580","0.0909091"
"2011030580","2345068994","0.0909091"
"2345068994","2011030580","0.0909091"
"2067402374","2080723908","0.0909091"
"2080723908","2067402374","0.0909091"
"2067402374","2095622798","0.0909091"
"2095622798","2067402374","0.0909091"
"2067402374","2118421157","0.0909091"
"2118421157","2067402374","0.0909091"
"2067402374","2122315908","0.0909091"
"2122315908","2067402374","0.0909091"
"2067402374","2144754501","0.0909091"
"2144754501","2067402374","0.0909091"
"2067402374","2266658219","0.0909091"
"2266658219","2067402374","0.0909091"
"2067402374","2293178884","0.0909091"
"2293178884","2067402374","0.0909091"
"2067402374","2345068994","0.0909091"
"2345068994","2067402374","0.0909091"
"2080723908","2095622798","0.0909091"
"2095622798","2080723908","0.0909091"
"2080723908","2118421157","0.0909091"
"2118421157","2080723908","0.0909091"
"2080723908","2122315908","1.09091"
"2122315908","2080723908","1.09091"
"2080723908","2144754501","0.0909091"
"2144754501","2080723908","0.0909091"
"2080723908","2266658219","0.0909091"
"2266658219","2080723908","0.0909091"
"2080723908","2293178884","0.0909091"
"2293178884","2080723908","0.0909091"
"2080723908","2345068994","0.0909091"
"2345068994","2080723908","0.0909091"
"2095622798","2118421157","0.0909091"
"2118421157","2095622798","0.0909091"
"2095622798","2122315908","0.0909091"
"2122315908","2095622798","0.0909091"
"2095622798","2266658219","0.0909091"
"2266658219","2095622798","0.0909091"
"2118421157","2144754501","0.0909091"
"2144754501","2118421157","0.0909091"
"2118421157","2266658219","0.0909091"
"2266658219","2118421157","0.0909091"
"2118421157","2293178884","0.0909091"
"2293178884","2118421157","0.0909091"
"2118421157","2345068994","0.290909"
"2345068994","2118421157","0.290909"
"2122315908","2144754501","0.0909091"
"2144754501","2122315908","0.0909091"
"2122315908","2266658219","0.0909091"
"2266658219","2122315908","0.0909091"
"2122315908","2293178884","0.0909091"
"2293178884","2122315908","0.0909091"
"2122315908","2345068994","0.0909091"
"2345068994","2122315908","0.0909091"
"2144754501","2266658219","0.0909091"
"2266658219","2144754501","0.0909091"
"2266658219","2293178884","0.0909091"
"2293178884","2266658219","0.0909091"
"2266658219","2345068994","0.0909091"
"2345068994","2266658219","0.0909091"
"1526476278","2105589929","2"
"2105589929","1526476278","2"
"1531182675","2148267475","2"
"2148267475","1531182675","2"
"1531182675","2125630860","2"
"2125630860","1531182675","2"
"1531182675","1964075810","0.333333"
"1964075810","1531182675","0.333333"
"1531182675","1996901332","0.333333"
"1996901332","1531182675","0.333333"
"1531182675","2005567783","0.333333"
"2005567783","1531182675","0.333333"
"1964075810","1996901332","10"
"1996901332","1964075810","10"
"1964075810","2005567783","0.333333"
"2005567783","1964075810","0.333333"
"1996901332","2005567783","0.666667"
"2005567783","1996901332","0.666667"
"1531182675","1973512726","0.25"
"1973512726","1531182675","0.25"
"1531182675","2091041197","0.25"
"2091041197","1531182675","0.25"
"1531182675","2527749660","0.25"
"2527749660","1531182675","0.25"
"1531182675","2972112224","0.25"
"2972112224","1531182675","0.25"
"1973512726","2527749660","0.25"
"2527749660","1973512726","0.25"
"1973512726","2972112224","0.25"
"2972112224","1973512726","0.25"
"2091041197","2527749660","0.25"
"2527749660","2091041197","0.25"
"2091041197","2972112224","0.25"
"2972112224","2091041197","0.25"
"2527749660","2972112224","0.25"
"2972112224","2527749660","0.25"
"1531182675","2741323798","1"
"2741323798","1531182675","1"
"1531357090","2078564031","0.333333"
"2078564031","1531357090","0.333333"
"1531357090","2291322701","1.33333"
"2291322701","1531357090","1.33333"
"1531357090","2906774397","0.333333"
"2906774397","1531357090","0.333333"
"2078564031","2291322701","0.47619"
"2291322701","2078564031","0.47619"
"2078564031","2906774397","0.333333"
"2906774397","2078564031","0.333333"
"2291322701","2906774397","0.333333"
"2906774397","2291322701","0.333333"
"1531357090","2006414156","4.73333"
"2006414156","1531357090","4.73333"
"1531357090","1952234003","1.56667"
"1952234003","1531357090","1.56667"
"1531357090","2021372422","1.56667"
"2021372422","1531357090","1.56667"
"1952234003","2006414156","1.23333"
"2006414156","1952234003","1.23333"
"1952234003","2021372422","5.56667"
"2021372422","1952234003","5.56667"
"2006414156","2021372422","1.23333"
"2021372422","2006414156","1.23333"
"1531357090","2743119467","0.5"
"2743119467","1531357090","0.5"
"2006414156","2743119467","0.5"
"2743119467","2006414156","0.5"
"1531357090","2186580181","1.23333"
"2186580181","1531357090","1.23333"
"1952234003","2186580181","1.73333"
"2186580181","1952234003","1.73333"
"2021372422","2186580181","1.73333"
"2186580181","2021372422","1.73333"
"1531357090","2920563152","0.4"
"2920563152","1531357090","0.4"
"1952234003","2920563152","0.4"
"2920563152","1952234003","0.4"
"2006414156","2186580181","0.9"
"2186580181","2006414156","0.9"
"2006414156","2920563152","0.4"
"2920563152","2006414156","0.4"
"2021372422","2920563152","0.4"
"2920563152","2021372422","0.4"
"2186580181","2920563152","0.4"
"2920563152","2186580181","0.4"
"1566323499","2068425466","1.53333"
"2068425466","1566323499","1.53333"
"2046253579","2068425466","1"
"2068425466","2046253579","1"
"1566323499","1975707883","0.333333"
"1975707883","1566323499","0.333333"
"1975707883","2068425466","0.333333"
"2068425466","1975707883","0.333333"
"1975707883","2118421157","0.333333"
"2118421157","1975707883","0.333333"
"2068425466","2118421157","0.533333"
"2118421157","2068425466","0.533333"
"1566323499","2345068994","0.2"
"2345068994","1566323499","0.2"
"1566323499","2789298450","0.2"
"2789298450","1566323499","0.2"
"1989902213","2068425466","0.2"
"2068425466","1989902213","0.2"
"1989902213","2789298450","0.2"
"2789298450","1989902213","0.2"
"2068425466","2345068994","0.2"
"2345068994","2068425466","0.2"
"2068425466","2789298450","0.2"
"2789298450","2068425466","0.2"
"2118421157","2789298450","0.2"
"2789298450","2118421157","0.2"
"1581319160","1602191960","2.39051"
"1602191960","1581319160","2.39051"
"1581319160","1966517804","2.05718"
"1966517804","1581319160","2.05718"
"1581319160","2025777007","0.678211"
"2025777007","1581319160","0.678211"
"1581319160","2040591988","2.47385"
"2040591988","1581319160","2.47385"
"1581319160","2080507603","4.00162"
"2080507603","1581319160","4.00162"
"1581319160","2108977379","2.05718"
"2108977379","1581319160","2.05718"
"1581319160","2124377190","1.79924"
"2124377190","1581319160","1.79924"
"1581319160","2311042493","0.313131"
"2311042493","1581319160","0.313131"
"1581319160","2742490348","1.72781"
"2742490348","1581319160","1.72781"
"1602191960","1966517804","3.84607"
"1966517804","1602191960","3.84607"
"1602191960","2025777007","1.17821"
"2025777007","1602191960","1.17821"
"1602191960","2040591988","2.09607"
"2040591988","1602191960","2.09607"
"1602191960","2080507603","2.86432"
"2080507603","1602191960","2.86432"
"1602191960","2108977379","1.06273"
"2108977379","1602191960","1.06273"
"1602191960","2124377190","1.72146"
"2124377190","1602191960","1.72146"
"1602191960","2311042493","1.3048"
"2311042493","1602191960","1.3048"
"1602191960","2742490348","2.29885"
"2742490348","1602191960","2.29885"
"1966517804","2025777007","1.17821"
"2025777007","1966517804","1.17821"
"1966517804","2040591988","2.09051"
"2040591988","1966517804","2.09051"
"1966517804","2080507603","6.61432"
"2080507603","1966517804","6.61432"
"1966517804","2108977379","1.67385"
"2108977379","1966517804","1.67385"
"1966517804","2124377190","2.22146"
"2124377190","1966517804","2.22146"
