"143651745","1492257397","0.192778"
"1492257397","143651745","0.192778"
"143651745","1509243031","0.151111"
"1509243031","143651745","0.151111"
"143651745","1572603698","0.192778"
"1572603698","143651745","0.192778"
"143651745","192760154","0.111111"
"192760154","143651745","0.111111"
"143651745","2060325669","0.51702"
"2060325669","143651745","0.51702"
"143651745","2081031758","0.269701"
"2081031758","143651745","0.269701"
"143651745","2110634303","0.401111"
"2110634303","143651745","0.401111"
"143651745","2114968665","0.642778"
"2114968665","143651745","0.642778"
"143651745","2135218192","0.350354"
"2135218192","143651745","0.350354"
"1492257397","1509243031","0.651111"
"1509243031","1492257397","0.651111"
"1492257397","1572603698","1.02654"
"1572603698","1492257397","1.02654"
"1492257397","192760154","0.594877"
"192760154","1492257397","0.594877"
"1492257397","2060325669","0.359444"
"2060325669","1492257397","0.359444"
"1492257397","2081031758","0.359444"
"2081031758","1492257397","0.359444"
"1492257397","2110634303","0.234444"
"2110634303","1492257397","0.234444"
"1492257397","2114968665","0.192778"
"2114968665","1492257397","0.192778"
"1492257397","2135218192","0.526111"
"2135218192","1492257397","0.526111"
"1509243031","1572603698","0.401111"
"1572603698","1509243031","0.401111"
"1509243031","192760154","0.477778"
"192760154","1509243031","0.477778"
"1509243031","2060325669","0.817778"
"2060325669","1509243031","0.817778"
"1509243031","2081031758","0.151111"
"2081031758","1509243031","0.151111"
"1509243031","2110634303","1.06778"
"2110634303","1509243031","1.06778"
"1509243031","2114968665","0.484444"
"2114968665","1509243031","0.484444"
"1509243031","2135218192","0.484444"
"2135218192","1509243031","0.484444"
"1572603698","192760154","0.594877"
"192760154","1572603698","0.594877"
"1572603698","2060325669","0.192778"
"2060325669","1572603698","0.192778"
"1572603698","2081031758","0.192778"
"2081031758","1572603698","0.192778"
"1572603698","2110634303","0.151111"
"2110634303","1572603698","0.151111"
"1572603698","2114968665","0.192778"
"2114968665","1572603698","0.192778"
"1572603698","2135218192","0.442778"
"2135218192","1572603698","0.442778"
"192760154","2060325669","0.277778"
"2060325669","192760154","0.277778"
"192760154","2081031758","0.555556"
"2081031758","192760154","0.555556"
"192760154","2110634303","0.111111"
"2110634303","192760154","0.111111"
"192760154","2114968665","0.111111"
"2114968665","192760154","0.111111"
"192760154","2135218192","0.555556"
"2135218192","192760154","0.555556"
"2060325669","2081031758","0.442778"
"2081031758","2060325669","0.442778"
"2060325669","2110634303","0.401111"
"2110634303","2060325669","0.401111"
"2060325669","2114968665","0.442778"
"2114968665","2060325669","0.442778"
"2060325669","2135218192","0.350354"
"2135218192","2060325669","0.350354"
"2081031758","2110634303","0.401111"
"2110634303","2081031758","0.401111"
"2081031758","2114968665","0.692778"
"2114968665","2081031758","0.692778"
"2081031758","2135218192","0.637222"
"2135218192","2081031758","0.637222"
"2110634303","2114968665","0.651111"
"2114968665","2110634303","0.651111"
"2110634303","2135218192","0.234444"
"2135218192","2110634303","0.234444"
"2114968665","2135218192","0.192778"
"2135218192","2114968665","0.192778"
"143651745","1531217702","0.28359"
"1531217702","143651745","0.28359"
"143651745","1559222974","0.391923"
"1559222974","143651745","0.391923"
"143651745","1596726599","0.24359"
"1596726599","143651745","0.24359"
"143651745","2124406434","0.482832"
"2124406434","143651745","0.482832"
"143651745","2162593813","0.482832"
"2162593813","143651745","0.482832"
"1531217702","1559222974","1.48359"
"1559222974","1531217702","1.48359"
"1531217702","1596726599","4.30311"
"1596726599","1531217702","4.30311"
"1531217702","2060325669","1.70667"
"2060325669","1531217702","1.70667"
"1531217702","2124406434","1.48359"
"2124406434","1531217702","1.48359"
"1531217702","2162593813","0.53359"
"2162593813","1531217702","0.53359"
"1559222974","1596726599","3.24359"
"1596726599","1559222974","3.24359"
"1559222974","2060325669","2.39758"
"2060325669","1559222974","2.39758"
"1559222974","2124406434","12.8451"
"2124406434","1559222974","12.8451"
"1559222974","2162593813","3.24236"
"2162593813","1559222974","3.24236"
"1596726599","2060325669","0.666667"
"2060325669","1596726599","0.666667"
"1596726599","2124406434","2.74359"
"2124406434","1596726599","2.74359"
"1596726599","2162593813","0.49359"
"2162593813","1596726599","0.49359"
"2060325669","2124406434","2.98848"
"2124406434","2060325669","2.98848"
"2060325669","2162593813","0.696818"
"2162593813","2060325669","0.696818"
"2124406434","2162593813","2.99993"
"2162593813","2124406434","2.99993"
"143651745","1544377246","0.348333"
"1544377246","143651745","0.348333"
"143651745","2158077545","0.531667"
"2158077545","143651745","0.531667"
"143651745","2164392960","0.2"
"2164392960","143651745","0.2"
"143651745","70239856","0.689242"
"70239856","143651745","0.689242"
"1544377246","2114968665","0.281667"
"2114968665","1544377246","0.281667"
"1544377246","2158077545","0.372576"
"2158077545","1544377246","0.372576"
"1544377246","2164392960","0.2"
"2164392960","1544377246","0.2"
"1544377246","70239856","1.95591"
"70239856","1544377246","1.95591"
"2114968665","2158077545","1.53167"
"2158077545","2114968665","1.53167"
"2114968665","2164392960","0.2"
"2164392960","2114968665","0.2"
"2114968665","70239856","0.281667"
"70239856","2114968665","0.281667"
"2158077545","2164392960","0.2"
"2164392960","2158077545","0.2"
"2158077545","70239856","0.572576"
"70239856","2158077545","0.572576"
"2164392960","70239856","0.2"
"70239856","2164392960","0.2"
"143651745","1554781611","0.25"
"1554781611","143651745","0.25"
"1554781611","2110634303","0.25"
"2110634303","1554781611","0.25"
"1554781611","2114968665","0.25"
"2114968665","1554781611","0.25"
"1554781611","2158077545","2.84091"
"2158077545","1554781611","2.84091"
"2110634303","2158077545","0.29"
"2158077545","2110634303","0.29"
"143651745","1517662352","0.655909"
"1517662352","143651745","0.655909"
"143651745","1548560261","0.239242"
"1548560261","143651745","0.239242"
"143651745","181680466","0.0816667"
"181680466","143651745","0.0816667"
"143651745","1968421716","0.655909"
"1968421716","143651745","0.655909"
"143651745","1977033371","0.405909"
"1977033371","143651745","0.405909"
"143651745","2055096528","0.04"
"2055096528","143651745","0.04"
"143651745","2091158152","0.398333"
"2091158152","143651745","0.398333"
"143651745","2119804741","0.441166"
"2119804741","143651745","0.441166"
"143651745","2240712945","0.339242"
"2240712945","143651745","0.339242"
"143651745","95939794","0.225256"
"95939794","143651745","0.225256"
"1492257397","1517662352","0.272576"
"1517662352","1492257397","0.272576"
"1492257397","1531217702","0.873766"
"1531217702","1492257397","0.873766"
"1492257397","1544377246","0.522576"
"1544377246","1492257397","0.522576"
"1492257397","1548560261","0.689242"
"1548560261","1492257397","0.689242"
"1492257397","1559222974","0.165"
"1559222974","1492257397","0.165"
"1492257397","181680466","0.498766"
"181680466","1492257397","0.498766"
"1492257397","1968421716","0.0816667"
"1968421716","1492257397","0.0816667"
"1492257397","1977033371","0.307857"
"1977033371","1492257397","0.307857"
"1492257397","2055096528","0.04"
"2055096528","1492257397","0.04"
"1492257397","2091158152","0.248333"
"2091158152","1492257397","0.248333"
"1492257397","2119804741","0.206667"
"2119804741","1492257397","0.206667"
"1492257397","2124406434","0.331667"
"2124406434","1492257397","0.331667"
"1492257397","2158077545","0.172576"
"2158077545","1492257397","0.172576"
"1492257397","2162593813","0.248333"
"2162593813","1492257397","0.248333"
"1492257397","2240712945","0.0816667"
"2240712945","1492257397","0.0816667"
"1492257397","70239856","0.439242"
"70239856","1492257397","0.439242"
"1492257397","95939794","1.52258"
"95939794","1492257397","1.52258"
"1509243031","1517662352","0.04"
"1517662352","1509243031","0.04"
"1509243031","1531217702","2.02333"
"1531217702","1509243031","2.02333"
"1509243031","1544377246","0.04"
"1544377246","1509243031","0.04"
"1509243031","1548560261","0.123333"
"1548560261","1509243031","0.123333"
"1509243031","1559222974","0.573333"
"1559222974","1509243031","0.573333"
"1509243031","181680466","0.04"
"181680466","1509243031","0.04"
"1509243031","1968421716","0.04"
"1968421716","1509243031","0.04"
"1509243031","1977033371","0.123333"
"1977033371","1509243031","0.123333"
"1509243031","2055096528","0.04"
"2055096528","1509243031","0.04"
"1509243031","2091158152","0.123333"
"2091158152","1509243031","0.123333"
"1509243031","2119804741","0.573333"
"2119804741","1509243031","0.573333"
"1509243031","2124406434","0.573333"
"2124406434","1509243031","0.573333"
"1509243031","2158077545","0.04"
"2158077545","1509243031","0.04"
"1509243031","2162593813","0.29"
"2162593813","1509243031","0.29"
"1509243031","2240712945","0.04"
"2240712945","1509243031","0.04"
"1509243031","70239856","0.123333"
"70239856","1509243031","0.123333"
"1509243031","95939794","0.123333"
"95939794","1509243031","0.123333"
"1517662352","1531217702","0.230909"
"1531217702","1517662352","0.230909"
"1517662352","1544377246","1.25591"
"1544377246","1517662352","1.25591"
"1517662352","1548560261","1.90237"
"1548560261","1517662352","1.90237"
"1517662352","1559222974","0.606667"
"1559222974","1517662352","0.606667"
"1517662352","1572603698","0.272576"
"1572603698","1517662352","0.272576"
"1517662352","181680466","0.96702"
"181680466","1517662352","0.96702"
"1517662352","1968421716","1.39202"
"1968421716","1517662352","1.39202"
"1517662352","1977033371","0.628131"
"1977033371","1517662352","0.628131"
"1517662352","2055096528","0.04"
"2055096528","1517662352","0.04"
"1517662352","2060325669","0.697576"
"2060325669","1517662352","0.697576"
"1517662352","2081031758","0.0816667"
"2081031758","1517662352","0.0816667"
"1517662352","2091158152","1.60667"
"2091158152","1517662352","1.60667"
"1517662352","2110634303","0.04"
"2110634303","1517662352","0.04"
"1517662352","2114968665","0.0816667"
"2114968665","1517662352","0.0816667"
"1517662352","2119804741","0.614242"
"2119804741","1517662352","0.614242"
"1517662352","2124406434","0.697576"
"2124406434","1517662352","0.697576"
"1517662352","2135218192","0.350354"
"2135218192","1517662352","0.350354"
"1517662352","2158077545","0.172576"
"2158077545","1517662352","0.172576"
"1517662352","2162593813","0.239242"
"2162593813","1517662352","0.239242"
"1517662352","2240712945","0.950354"
"2240712945","1517662352","0.950354"
"1517662352","70239856","2.44404"
"70239856","1517662352","2.44404"
"1517662352","95939794","2.38091"
"95939794","1517662352","2.38091"
"1531217702","1544377246","0.230909"
"1544377246","1531217702","0.230909"
"1531217702","1548560261","0.314242"
"1548560261","1531217702","0.314242"
"1531217702","1572603698","0.623766"
"1572603698","1531217702","0.623766"
"1531217702","181680466","0.873766"
"181680466","1531217702","0.873766"
"1531217702","1968421716","0.04"
"1968421716","1531217702","0.04"
"1531217702","1977033371","0.26619"
"1977033371","1531217702","0.26619"
"1531217702","2055096528","0.51619"
"2055096528","1531217702","0.51619"
"1531217702","2081031758","0.116923"
"2081031758","1531217702","0.116923"
"1531217702","2091158152","0.123333"
"2091158152","1531217702","0.123333"
"1531217702","2110634303","0.956667"
"2110634303","1531217702","0.956667"
"1531217702","2114968665","0.04"
"2114968665","1531217702","0.04"
"1531217702","2119804741","0.316923"
"2119804741","1531217702","0.316923"
"1531217702","2135218192","0.373333"
"2135218192","1531217702","0.373333"
"1531217702","2158077545","0.130909"
"2158077545","1531217702","0.130909"
"1531217702","2240712945","0.04"
"2240712945","1531217702","0.04"
"1531217702","70239856","0.4571"
"70239856","1531217702","0.4571"
"1531217702","95939794","0.534023"
"95939794","1531217702","0.534023"
"1544377246","1548560261","0.839242"
"1548560261","1544377246","0.839242"
"1544377246","1559222974","0.439242"
"1559222974","1544377246","0.439242"
"1544377246","1572603698","0.522576"
"1572603698","1544377246","0.522576"
"1544377246","181680466","0.772576"
"181680466","1544377246","0.772576"
"1544377246","1968421716","0.148333"
"1968421716","1544377246","0.148333"
"1544377246","1977033371","0.148333"
"1977033371","1544377246","0.148333"
"1544377246","2055096528","0.04"
"2055096528","1544377246","0.04"
"1544377246","2060325669","0.439242"
"2060325669","1544377246","0.439242"
"1544377246","2081031758","0.0816667"
"2081031758","1544377246","0.0816667"
"1544377246","2091158152","0.481667"
"2091158152","1544377246","0.481667"
"1544377246","2110634303","1.04"
"2110634303","1544377246","1.04"
"1544377246","2119804741","0.197576"
"2119804741","1544377246","0.197576"
"1544377246","2124406434","0.605909"
"2124406434","1544377246","0.605909"
"1544377246","2135218192","0.148333"
"2135218192","1544377246","0.148333"
"1544377246","2162593813","0.439242"
"2162593813","1544377246","0.439242"
"1544377246","2240712945","0.0816667"
"2240712945","1544377246","0.0816667"
"1544377246","95939794","1.26348"
"95939794","1544377246","1.26348"
"1548560261","1559222974","0.676111"
"1559222974","1548560261","0.676111"
"1548560261","1572603698","0.772576"
"1572603698","1548560261","0.772576"
"1548560261","181680466","0.71702"
"181680466","1548560261","0.71702"
"1548560261","1968421716","0.350354"
"1968421716","1548560261","0.350354"
"1548560261","1977033371","4.48924"
"1977033371","1548560261","4.48924"
"1548560261","2055096528","0.04"
"2055096528","1548560261","0.04"
"1548560261","2060325669","0.239242"
"2060325669","1548560261","0.239242"
"1548560261","2081031758","0.192778"
"2081031758","1548560261","0.192778"
"1548560261","2091158152","0.315"
"2091158152","1548560261","0.315"
"1548560261","2110634303","0.123333"
"2110634303","1548560261","0.123333"
"1548560261","2114968665","0.0816667"
"2114968665","1548560261","0.0816667"
"1548560261","2119804741","0.197576"
"2119804741","1548560261","0.197576"
"1548560261","2124406434","0.76702"
"2124406434","1548560261","0.76702"
"1548560261","2135218192","3.0448"
"2135218192","1548560261","3.0448"
"1548560261","2158077545","0.172576"
"2158077545","1548560261","0.172576"
"1548560261","2162593813","0.239242"
"2162593813","1548560261","0.239242"
"1548560261","2240712945","0.283687"
"2240712945","1548560261","0.283687"
"1548560261","70239856","2.56904"
"70239856","1548560261","2.56904"
"1548560261","95939794","1.53369"
"95939794","1548560261","1.53369"
"1559222974","1572603698","0.0816667"
"1572603698","1559222974","0.0816667"
"1559222974","181680466","0.165"
"181680466","1559222974","0.165"
"1559222974","1968421716","0.273333"
"1968421716","1559222974","0.273333"
"1559222974","1977033371","0.592778"
"1977033371","1559222974","0.592778"
"1559222974","2055096528","0.04"
"2055096528","1559222974","0.04"
"1559222974","2081031758","0.662558"
"2081031758","1559222974","0.662558"
"1559222974","2091158152","0.856667"
"2091158152","1559222974","0.856667"
"1559222974","2110634303","0.04"
"2110634303","1559222974","0.04"
"1559222974","2114968665","0.0816667"
"2114968665","1559222974","0.0816667"
"1559222974","2119804741","0.474499"
"2119804741","1559222974","0.474499"
"1559222974","2135218192","0.259444"
"2135218192","1559222974","0.259444"
"1559222974","2158077545","0.0816667"
"2158077545","1559222974","0.0816667"
"1559222974","2240712945","0.0816667"
"2240712945","1559222974","0.0816667"
"1559222974","70239856","0.356667"
"70239856","1559222974","0.356667"
"1559222974","95939794","3.1118"
"95939794","1559222974","3.1118"
"1572603698","181680466","0.415433"
"181680466","1572603698","0.415433"
"1572603698","1968421716","0.0816667"
"1968421716","1572603698","0.0816667"
"1572603698","1977033371","0.224524"
"1977033371","1572603698","0.224524"
"1572603698","2055096528","0.04"
"2055096528","1572603698","0.04"
"1572603698","2091158152","0.0816667"
"2091158152","1572603698","0.0816667"
"1572603698","2119804741","0.04"
"2119804741","1572603698","0.04"
"1572603698","2124406434","0.0816667"
"2124406434","1572603698","0.0816667"
"1572603698","2158077545","0.172576"
"2158077545","1572603698","0.172576"
"1572603698","2162593813","0.0816667"
"2162593813","1572603698","0.0816667"
"1572603698","2240712945","0.0816667"
"2240712945","1572603698","0.0816667"
"1572603698","70239856","2.77258"
"70239856","1572603698","2.77258"
"1572603698","95939794","1.02258"
"95939794","1572603698","1.02258"
"181680466","1968421716","0.192778"
"1968421716","181680466","0.192778"
"181680466","1977033371","0.335635"
"1977033371","181680466","0.335635"
"181680466","2055096528","0.373333"
"2055096528","181680466","0.373333"
"181680466","2060325669","0.0816667"
"2060325669","181680466","0.0816667"
"181680466","2081031758","0.0816667"
"2081031758","181680466","0.0816667"
"181680466","2091158152","0.165"
"2091158152","181680466","0.165"
"181680466","2110634303","0.04"
"2110634303","181680466","0.04"
"181680466","2114968665","0.0816667"
"2114968665","181680466","0.0816667"
"181680466","2119804741","0.04"
"2119804741","181680466","0.04"
"181680466","2124406434","0.165"
"2124406434","181680466","0.165"
"181680466","2135218192","0.915"
"2135218192","181680466","0.915"
"181680466","2158077545","0.172576"
"2158077545","181680466","0.172576"
"181680466","2162593813","0.0816667"
"2162593813","181680466","0.0816667"
"181680466","2240712945","0.192778"
"2240712945","181680466","0.192778"
"181680466","70239856","1.55035"
"70239856","181680466","1.55035"
"181680466","95939794","0.855909"
"95939794","181680466","0.855909"
"1968421716","1977033371","0.51702"
"1977033371","1968421716","0.51702"
"1968421716","2055096528","0.04"
"2055096528","1968421716","0.04"
"1968421716","2060325669","0.364242"
"2060325669","1968421716","0.364242"
"1968421716","2081031758","0.331667"
"2081031758","1968421716","0.331667"
"1968421716","2091158152","0.856667"
"2091158152","1968421716","0.856667"
"1968421716","2110634303","0.04"
"2110634303","1968421716","0.04"
"1968421716","2114968665","0.331667"
"2114968665","1968421716","0.331667"
"1968421716","2119804741","0.364242"
"2119804741","1968421716","0.364242"
"1968421716","2124406434","0.364242"
"2124406434","1968421716","0.364242"
"1968421716","2135218192","0.239242"
"2135218192","1968421716","0.239242"
"1968421716","2158077545","0.281667"
"2158077545","1968421716","0.281667"
"1968421716","2162593813","0.239242"
"2162593813","1968421716","0.239242"
"1968421716","2240712945","10.9004"
"2240712945","1968421716","10.9004"
"1968421716","70239856","1.25869"
"70239856","1968421716","1.25869"
"1968421716","95939794","0.473333"
"95939794","1968421716","0.473333"
"1977033371","2055096528","0.04"
"2055096528","1977033371","0.04"
"1977033371","2060325669","0.239242"
"2060325669","1977033371","0.239242"
"1977033371","2081031758","0.192778"
"2081031758","1977033371","0.192778"
"1977033371","2091158152","0.231667"
"2091158152","1977033371","0.231667"
"1977033371","2110634303","0.123333"
"2110634303","1977033371","0.123333"
"1977033371","2114968665","0.0816667"
"2114968665","1977033371","0.0816667"
"1977033371","2119804741","0.364242"
"2119804741","1977033371","0.364242"
"1977033371","2124406434","0.683687"
"2124406434","1977033371","0.683687"
"1977033371","2135218192","2.5448"
"2135218192","1977033371","2.5448"
"1977033371","2158077545","0.0816667"
"2158077545","1977033371","0.0816667"
"1977033371","2162593813","0.239242"
"2162593813","1977033371","0.239242"
"1977033371","2240712945","0.450354"
"2240712945","1977033371","0.450354"
"1977033371","70239856","0.544798"
"70239856","1977033371","0.544798"
"1977033371","95939794","0.342778"
"95939794","1977033371","0.342778"
"2055096528","2060325669","0.04"
"2060325669","2055096528","0.04"
"2055096528","2081031758","0.04"
"2081031758","2055096528","0.04"
"2055096528","2091158152","1.20667"
"2091158152","2055096528","1.20667"
"2055096528","2110634303","0.04"
"2110634303","2055096528","0.04"
"2055096528","2114968665","0.04"
"2114968665","2055096528","0.04"
"2055096528","2119804741","0.04"
"2119804741","2055096528","0.04"
"2055096528","2124406434","0.04"
"2124406434","2055096528","0.04"
"2055096528","2135218192","0.373333"
"2135218192","2055096528","0.373333"
"2055096528","2158077545","0.04"
"2158077545","2055096528","0.04"
"2055096528","2162593813","0.04"
"2162593813","2055096528","0.04"
"2055096528","2240712945","0.04"
"2240712945","2055096528","0.04"
"2055096528","70239856","0.51619"
"70239856","2055096528","0.51619"
"2055096528","95939794","0.182857"
"95939794","2055096528","0.182857"
"2060325669","2091158152","0.273333"
"2091158152","2060325669","0.273333"
"2060325669","2119804741","0.621818"
"2119804741","2060325669","0.621818"
"2060325669","2158077545","0.0816667"
"2158077545","2060325669","0.0816667"
"2060325669","2240712945","0.172576"
"2240712945","2060325669","0.172576"
"2060325669","70239856","0.364242"
"70239856","2060325669","0.364242"
"2060325669","95939794","0.364242"
"95939794","2060325669","0.364242"
"2081031758","2091158152","0.0816667"
"2091158152","2081031758","0.0816667"
"2081031758","2119804741","0.28359"
"2119804741","2081031758","0.28359"
"2081031758","2124406434","0.829225"
"2124406434","2081031758","0.829225"
"2081031758","2158077545","0.0816667"
"2158077545","2081031758","0.0816667"
"2081031758","2162593813","0.468114"
"2162593813","2081031758","0.468114"
"2081031758","2240712945","0.0816667"
"2240712945","2081031758","0.0816667"
"2081031758","70239856","0.0816667"
"70239856","2081031758","0.0816667"
"2081031758","95939794","0.579225"
"95939794","2081031758","0.579225"
"2091158152","2110634303","0.123333"
"2110634303","2091158152","0.123333"
"2091158152","2114968665","0.0816667"
"2114968665","2091158152","0.0816667"
"2091158152","2119804741","0.356667"
"2119804741","2091158152","0.356667"
"2091158152","2124406434","0.356667"
"2124406434","2091158152","0.356667"
"2091158152","2135218192","0.231667"
"2135218192","2091158152","0.231667"
"2091158152","2158077545","0.0816667"
"2158077545","2091158152","0.0816667"
"2091158152","2162593813","0.148333"
"2162593813","2091158152","0.148333"
"2091158152","2240712945","0.415"
"2240712945","2091158152","0.415"
"2091158152","70239856","2.10667"
"70239856","2091158152","2.10667"
"2091158152","95939794","1.10667"
"95939794","2091158152","1.10667"
"2110634303","2119804741","0.04"
"2119804741","2110634303","0.04"
"2110634303","2124406434","0.04"
"2124406434","2110634303","0.04"
"2110634303","2162593813","0.04"
"2162593813","2110634303","0.04"
"2110634303","2240712945","0.04"
"2240712945","2110634303","0.04"
"2110634303","70239856","0.123333"
"70239856","2110634303","0.123333"
"2110634303","95939794","0.623333"
"95939794","2110634303","0.623333"
"2114968665","2119804741","0.04"
"2119804741","2114968665","0.04"
"2114968665","2124406434","0.0816667"
"2124406434","2114968665","0.0816667"
"2114968665","2162593813","0.0816667"
"2162593813","2114968665","0.0816667"
"2114968665","2240712945","0.0816667"
"2240712945","2114968665","0.0816667"
"2114968665","95939794","0.0816667"
"95939794","2114968665","0.0816667"
"2119804741","2124406434","0.732075"
"2124406434","2119804741","0.732075"
"2119804741","2135218192","0.197576"
"2135218192","2119804741","0.197576"
"2119804741","2158077545","0.04"
"2158077545","2119804741","0.04"
"2119804741","2162593813","0.532075"
"2162593813","2119804741","0.532075"
"2119804741","2240712945","0.297576"
"2240712945","2119804741","0.297576"
"2119804741","70239856","0.447576"
"70239856","2119804741","0.447576"
"2119804741","95939794","1.69117"
"95939794","2119804741","1.69117"
"2124406434","2135218192","0.350354"
"2135218192","2124406434","0.350354"
"2124406434","2158077545","0.0816667"
"2158077545","2124406434","0.0816667"
"2124406434","2240712945","0.172576"
"2240712945","2124406434","0.172576"
"2124406434","70239856","0.447576"
"70239856","2124406434","0.447576"
"2124406434","95939794","2.27847"
"95939794","2124406434","2.27847"
"2135218192","2158077545","0.0816667"
"2158077545","2135218192","0.0816667"
"2135218192","2162593813","0.239242"
"2162593813","2135218192","0.239242"
"2135218192","2240712945","0.172576"
"2240712945","2135218192","0.172576"
"2135218192","70239856","1.76702"
"70239856","2135218192","1.76702"
"2135218192","95939794","0.342778"
"95939794","2135218192","0.342778"
"2158077545","2162593813","0.0816667"
"2162593813","2158077545","0.0816667"
"2158077545","2240712945","0.281667"
"2240712945","2158077545","0.281667"
"2158077545","95939794","0.372576"
"95939794","2158077545","0.372576"
"2162593813","2240712945","0.172576"
"2240712945","2162593813","0.172576"
"2162593813","70239856","0.239242"
"70239856","2162593813","0.239242"
"2162593813","95939794","7.54236"
"95939794","2162593813","7.54236"
"2240712945","70239856","0.81702"
"70239856","2240712945","0.81702"
"2240712945","95939794","0.281667"
"95939794","2240712945","0.281667"
"70239856","95939794","1.97377"
"95939794","70239856","1.97377"
"143651745","1972479102","1.07692"
"1972479102","143651745","1.07692"
"143651745","2092732149","0.108333"
"2092732149","143651745","0.108333"
"1517662352","2092732149","0.108333"
"2092732149","1517662352","0.108333"
"1544377246","2092732149","0.108333"
"2092732149","1544377246","0.108333"
"1548560261","2092732149","0.219444"
"2092732149","1548560261","0.219444"
"1559222974","2092732149","0.219444"
"2092732149","1559222974","0.219444"
"1968421716","2092732149","0.108333"
"2092732149","1968421716","0.108333"
"1977033371","2092732149","0.219444"
"2092732149","1977033371","0.219444"
"2060325669","2092732149","0.108333"
"2092732149","2060325669","0.108333"
"2091158152","2092732149","0.108333"
"2092732149","2091158152","0.108333"
"2092732149","2119804741","0.0666667"
"2119804741","2092732149","0.0666667"
"2092732149","2124406434","0.219444"
"2124406434","2092732149","0.219444"
"2092732149","2135218192","0.219444"
"2135218192","2092732149","0.219444"
"2092732149","2162593813","0.108333"
"2162593813","2092732149","0.108333"
"2092732149","70239856","0.108333"
"70239856","2092732149","0.108333"
"2092732149","95939794","0.219444"
"95939794","2092732149","0.219444"
"143651745","1978491777","0.0416667"
"1978491777","143651745","0.0416667"
"143651745","2017452737","0.0416667"
"2017452737","143651745","0.0416667"
"143651745","2088596897","0.0416667"
"2088596897","143651745","0.0416667"
"1492257397","1978491777","0.0416667"
"1978491777","1492257397","0.0416667"
"1492257397","2017452737","0.0416667"
"2017452737","1492257397","0.0416667"
"1492257397","2088596897","0.375"
"2088596897","1492257397","0.375"
"1492257397","2092732149","0.0416667"
"2092732149","1492257397","0.0416667"
"1517662352","1978491777","0.0416667"
"1978491777","1517662352","0.0416667"
"1517662352","2017452737","0.0416667"
"2017452737","1517662352","0.0416667"
"1517662352","2088596897","0.0416667"
"2088596897","1517662352","0.0416667"
"1544377246","1978491777","0.0416667"
"1978491777","1544377246","0.0416667"
"1544377246","2017452737","0.0416667"
"2017452737","1544377246","0.0416667"
"1544377246","2088596897","0.375"
"2088596897","1544377246","0.375"
"1548560261","1978491777","0.0416667"
"1978491777","1548560261","0.0416667"
"1548560261","2017452737","0.0416667"
"2017452737","1548560261","0.0416667"
"1548560261","2088596897","0.375"
"2088596897","1548560261","0.375"
"1559222974","1978491777","0.0416667"
"1978491777","1559222974","0.0416667"
"1559222974","2017452737","0.0416667"
"2017452737","1559222974","0.0416667"
"1559222974","2088596897","0.0416667"
"2088596897","1559222974","0.0416667"
"1572603698","1978491777","0.0416667"
"1978491777","1572603698","0.0416667"
"1572603698","2017452737","0.0416667"
"2017452737","1572603698","0.0416667"
"1572603698","2088596897","0.0416667"
"2088596897","1572603698","0.0416667"
"1572603698","2092732149","0.0416667"
"2092732149","1572603698","0.0416667"
"181680466","1978491777","3.04167"
"1978491777","181680466","3.04167"
"181680466","2017452737","0.0416667"
"2017452737","181680466","0.0416667"
"181680466","2088596897","0.0416667"
"2088596897","181680466","0.0416667"
"181680466","2092732149","0.0416667"
"2092732149","181680466","0.0416667"
"1968421716","1978491777","0.0416667"
"1978491777","1968421716","0.0416667"
"1968421716","2017452737","0.0416667"
"2017452737","1968421716","0.0416667"
"1968421716","2088596897","0.541667"
"2088596897","1968421716","0.541667"
"1977033371","1978491777","0.0416667"
"1978491777","1977033371","0.0416667"
"1977033371","2017452737","0.0416667"
"2017452737","1977033371","0.0416667"
"1977033371","2088596897","0.375"
"2088596897","1977033371","0.375"
"1978491777","2017452737","0.0416667"
"2017452737","1978491777","0.0416667"
"1978491777","2060325669","0.0416667"
"2060325669","1978491777","0.0416667"
"1978491777","2081031758","0.0416667"
"2081031758","1978491777","0.0416667"
"1978491777","2088596897","0.0416667"
"2088596897","1978491777","0.0416667"
"1978491777","2091158152","0.0416667"
"2091158152","1978491777","0.0416667"
"1978491777","2092732149","0.0416667"
"2092732149","1978491777","0.0416667"
"1978491777","2114968665","0.0416667"
"2114968665","1978491777","0.0416667"
"1978491777","2124406434","0.0416667"
"2124406434","1978491777","0.0416667"
"1978491777","2135218192","0.0416667"
"2135218192","1978491777","0.0416667"
"1978491777","2158077545","0.0416667"
"2158077545","1978491777","0.0416667"
"1978491777","2162593813","1.04167"
"2162593813","1978491777","1.04167"
"1978491777","2240712945","0.0416667"
"2240712945","1978491777","0.0416667"
"1978491777","70239856","0.0416667"
"70239856","1978491777","0.0416667"
"1978491777","95939794","0.0416667"
"95939794","1978491777","0.0416667"
"2017452737","2060325669","0.0416667"
"2060325669","2017452737","0.0416667"
"2017452737","2081031758","0.0416667"
"2081031758","2017452737","0.0416667"
"2017452737","2088596897","0.241667"
"2088596897","2017452737","0.241667"
"2017452737","2091158152","0.0416667"
"2091158152","2017452737","0.0416667"
"2017452737","2092732149","0.0416667"
"2092732149","2017452737","0.0416667"
"2017452737","2114968665","0.0416667"
"2114968665","2017452737","0.0416667"
"2017452737","2124406434","0.0416667"
"2124406434","2017452737","0.0416667"
"2017452737","2135218192","0.0416667"
"2135218192","2017452737","0.0416667"
"2017452737","2158077545","0.0416667"
"2158077545","2017452737","0.0416667"
"2017452737","2162593813","0.0416667"
"2162593813","2017452737","0.0416667"
"2017452737","2240712945","0.0416667"
"2240712945","2017452737","0.0416667"
"2017452737","70239856","0.0416667"
"70239856","2017452737","0.0416667"
"2017452737","95939794","0.0416667"
"95939794","2017452737","0.0416667"
"2060325669","2088596897","0.458333"
"2088596897","2060325669","0.458333"
"2081031758","2088596897","0.791667"
"2088596897","2081031758","0.791667"
"2081031758","2092732149","0.152778"
"2092732149","2081031758","0.152778"
"2088596897","2091158152","0.0416667"
"2091158152","2088596897","0.0416667"
"2088596897","2092732149","0.0416667"
"2092732149","2088596897","0.0416667"
"2088596897","2114968665","0.625"
"2114968665","2088596897","0.625"
"2088596897","2124406434","0.0416667"
"2124406434","2088596897","0.0416667"
"2088596897","2135218192","0.375"
"2135218192","2088596897","0.375"
"2088596897","2158077545","0.0416667"
"2158077545","2088596897","0.0416667"
"2088596897","2162593813","0.0416667"
"2162593813","2088596897","0.0416667"
"2088596897","2240712945","0.208333"
"2240712945","2088596897","0.208333"
"2088596897","70239856","0.0416667"
"70239856","2088596897","0.0416667"
"2088596897","95939794","0.0416667"
"95939794","2088596897","0.0416667"
"2092732149","2114968665","0.0416667"
"2114968665","2092732149","0.0416667"
"2092732149","2158077545","0.0416667"
"2158077545","2092732149","0.0416667"
"2092732149","2240712945","0.0416667"
"2240712945","2092732149","0.0416667"
"143651745","14590966","0.0769231"
"14590966","143651745","0.0769231"
"143651745","1590407729","0.0769231"
"1590407729","143651745","0.0769231"
"143651745","189828490","0.0769231"
"189828490","143651745","0.0769231"
"143651745","2134686138","0.0769231"
"2134686138","143651745","0.0769231"
"14590966","1531217702","0.0769231"
"1531217702","14590966","0.0769231"
"14590966","1559222974","1.06069"
"1559222974","14590966","1.06069"
"14590966","1590407729","0.24359"
"1590407729","14590966","0.24359"
"14590966","1596726599","0.0769231"
"1596726599","14590966","0.0769231"
"14590966","189828490","0.0769231"
"189828490","14590966","0.0769231"
"14590966","1972479102","0.21978"
"1972479102","14590966","0.21978"
"14590966","2081031758","2.96978"
"2081031758","14590966","2.96978"
"14590966","2119804741","0.167832"
"2119804741","14590966","0.167832"
"14590966","2124406434","1.06069"
"2124406434","14590966","1.06069"
"14590966","2134686138","6.72736"
"2134686138","14590966","6.72736"
"14590966","2162593813","0.477356"
"2162593813","14590966","0.477356"
"14590966","95939794","0.477356"
"95939794","14590966","0.477356"
"1531217702","1590407729","0.0769231"
"1590407729","1531217702","0.0769231"
"1531217702","189828490","0.0769231"
"189828490","1531217702","0.0769231"
"1531217702","1972479102","0.0769231"
"1972479102","1531217702","0.0769231"
"1531217702","2134686138","0.0769231"
"2134686138","1531217702","0.0769231"
"1559222974","1590407729","0.24359"
"1590407729","1559222974","0.24359"
"1559222974","189828490","0.326923"
"189828490","1559222974","0.326923"
"1559222974","1972479102","0.21978"
"1972479102","1559222974","0.21978"
"1559222974","2134686138","1.06069"
"2134686138","1559222974","1.06069"
"1590407729","1596726599","0.0769231"
"1596726599","1590407729","0.0769231"
"1590407729","189828490","0.0769231"
"189828490","1590407729","0.0769231"
"1590407729","1972479102","0.0769231"
"1972479102","1590407729","0.0769231"
"1590407729","2081031758","0.0769231"
"2081031758","1590407729","0.0769231"
"1590407729","2119804741","0.0769231"
"2119804741","1590407729","0.0769231"
"1590407729","2124406434","0.24359"
"2124406434","1590407729","0.24359"
"1590407729","2134686138","0.24359"
"2134686138","1590407729","0.24359"
"1590407729","2162593813","0.24359"
"2162593813","1590407729","0.24359"
"1590407729","95939794","0.24359"
"95939794","1590407729","0.24359"
"1596726599","189828490","0.0769231"
"189828490","1596726599","0.0769231"
"1596726599","1972479102","0.0769231"
"1972479102","1596726599","0.0769231"
"1596726599","2081031758","0.0769231"
"2081031758","1596726599","0.0769231"
"1596726599","2119804741","0.0769231"
"2119804741","1596726599","0.0769231"
"1596726599","2134686138","0.0769231"
"2134686138","1596726599","0.0769231"
"1596726599","95939794","1.46978"
"95939794","1596726599","1.46978"
"189828490","1972479102","0.0769231"
"1972479102","189828490","0.0769231"
"189828490","2081031758","0.326923"
"2081031758","189828490","0.326923"
"189828490","2119804741","0.0769231"
"2119804741","189828490","0.0769231"
"189828490","2124406434","0.326923"
"2124406434","189828490","0.326923"
"189828490","2134686138","0.0769231"
"2134686138","189828490","0.0769231"
"189828490","2162593813","0.326923"
"2162593813","189828490","0.326923"
"189828490","95939794","0.326923"
"95939794","189828490","0.326923"
"1972479102","2081031758","0.21978"
"2081031758","1972479102","0.21978"
"1972479102","2119804741","0.0769231"
"2119804741","1972479102","0.0769231"
"1972479102","2124406434","0.21978"
"2124406434","1972479102","0.21978"
"1972479102","2134686138","0.21978"
"2134686138","1972479102","0.21978"
"1972479102","2162593813","0.21978"
"2162593813","1972479102","0.21978"
"1972479102","95939794","0.21978"
"95939794","1972479102","0.21978"
"2081031758","2134686138","2.13645"
"2134686138","2081031758","2.13645"
"2119804741","2134686138","0.334499"
"2134686138","2119804741","0.334499"
"2124406434","2134686138","1.22736"
"2134686138","2124406434","1.22736"
"2134686138","2162593813","0.644023"
"2162593813","2134686138","0.644023"
"2134686138","95939794","0.644023"
"95939794","2134686138","0.644023"
"143651745","1530556827","0.166667"
"1530556827","143651745","0.166667"
"1517662352","1530556827","0.166667"
"1530556827","1517662352","0.166667"
"1530556827","1968421716","0.166667"
"1968421716","1530556827","0.166667"
"1530556827","1977033371","0.166667"
"1977033371","1530556827","0.166667"
"1530556827","2119804741","0.366667"
"2119804741","1530556827","0.366667"
"1530556827","2240712945","0.166667"
"2240712945","1530556827","0.166667"
"14590966","1544377246","1.09091"
"1544377246","14590966","1.09091"
"14590966","2001388926","0.0909091"
"2001388926","14590966","0.0909091"
"14590966","2013266058","0.0909091"
"2013266058","14590966","0.0909091"
"14590966","2060325669","0.0909091"
"2060325669","14590966","0.0909091"
"14590966","2132759918","0.0909091"
"2132759918","14590966","0.0909091"
"1544377246","2001388926","0.607576"
"2001388926","1544377246","0.607576"
"1544377246","2013266058","0.0909091"
"2013266058","1544377246","0.0909091"
"1544377246","2132759918","0.0909091"
"2132759918","1544377246","0.0909091"
"1544377246","2134686138","1.09091"
"2134686138","1544377246","1.09091"
"1559222974","2001388926","0.0909091"
"2001388926","1559222974","0.0909091"
"1559222974","2013266058","0.174242"
"2013266058","1559222974","0.174242"
"1559222974","2132759918","0.174242"
"2132759918","1559222974","0.174242"
"2001388926","2013266058","0.424242"
"2013266058","2001388926","0.424242"
"2001388926","2060325669","0.257576"
"2060325669","2001388926","0.257576"
"2001388926","2119804741","0.424242"
"2119804741","2001388926","0.424242"
"2001388926","2124406434","0.257576"
"2124406434","2001388926","0.257576"
"2001388926","2132759918","0.424242"
"2132759918","2001388926","0.424242"
"2001388926","2134686138","0.0909091"
"2134686138","2001388926","0.0909091"
"2001388926","2162593813","0.340909"
"2162593813","2001388926","0.340909"
"2001388926","95939794","0.583766"
"95939794","2001388926","0.583766"
"2013266058","2060325669","0.0909091"
"2060325669","2013266058","0.0909091"
"2013266058","2119804741","0.924242"
"2119804741","2013266058","0.924242"
"2013266058","2124406434","0.174242"
"2124406434","2013266058","0.174242"
"2013266058","2132759918","15.5076"
"2132759918","2013266058","15.5076"
"2013266058","2134686138","0.0909091"
"2134686138","2013266058","0.0909091"
"2013266058","2162593813","0.0909091"
"2162593813","2013266058","0.0909091"
"2013266058","95939794","0.0909091"
"95939794","2013266058","0.0909091"
"2060325669","2132759918","0.0909091"
"2132759918","2060325669","0.0909091"
"2060325669","2134686138","0.0909091"
"2134686138","2060325669","0.0909091"
"2119804741","2132759918","0.924242"
"2132759918","2119804741","0.924242"
"2124406434","2132759918","0.174242"
"2132759918","2124406434","0.174242"
"2132759918","2134686138","0.0909091"
"2134686138","2132759918","0.0909091"
"2132759918","2162593813","0.0909091"
"2162593813","2132759918","0.0909091"
"2132759918","95939794","0.0909091"
"95939794","2132759918","0.0909091"
"14590966","1530556827","0.166667"
"1530556827","14590966","0.166667"
"14590966","2055096528","0.166667"
"2055096528","14590966","0.166667"
"14590966","2091158152","0.166667"
"2091158152","14590966","0.166667"
"14590966","2161138129","0.166667"
"2161138129","14590966","0.166667"
"14590966","293091891","0.166667"
"293091891","14590966","0.166667"
"1530556827","2055096528","0.5"
"2055096528","1530556827","0.5"
"1530556827","2091158152","0.166667"
"2091158152","1530556827","0.166667"
"1530556827","2134686138","0.166667"
"2134686138","1530556827","0.166667"
"1530556827","2161138129","1.16667"
"2161138129","1530556827","1.16667"
"1530556827","293091891","0.166667"
"293091891","1530556827","0.166667"
"2055096528","2134686138","0.166667"
"2134686138","2055096528","0.166667"
"2055096528","2161138129","0.166667"
"2161138129","2055096528","0.166667"
"2055096528","293091891","0.166667"
"293091891","2055096528","0.166667"
"2091158152","2134686138","0.166667"
"2134686138","2091158152","0.166667"
"2091158152","2161138129","0.166667"
"2161138129","2091158152","0.166667"
"2091158152","293091891","0.75"
