"1017057896","2018061979","10.3588"
"2018061979","1017057896","10.3588"
"1017057896","1590456070","1.46591"
"1590456070","1017057896","1.46591"
"1017057896","1564743226","3.27543"
"1564743226","1017057896","3.27543"
"1017057896","2026258420","0.791667"
"2026258420","1017057896","0.791667"
"1017057896","2088454850","0.642857"
"2088454850","1017057896","0.642857"
"1017057896","2105037940","2.10877"
"2105037940","1017057896","2.10877"
"1017057896","2751843740","1.0671"
"2751843740","1017057896","1.0671"
"1017057896","9657784","1.1921"
"9657784","1017057896","1.1921"
"1564743226","1590456070","1.21591"
"1590456070","1564743226","1.21591"
"1564743226","2018061979","10.5254"
"2018061979","1564743226","10.5254"
"1564743226","2026258420","2.575"
"2026258420","1564743226","2.575"
"1564743226","2088454850","0.642857"
"2088454850","1564743226","0.642857"
"1564743226","2105037940","1.65877"
"2105037940","1564743226","1.65877"
"1564743226","2751843740","6.0171"
"2751843740","1564743226","6.0171"
"1564743226","9657784","8.30877"
"9657784","1564743226","8.30877"
"1590456070","2018061979","0.465909"
"2018061979","1590456070","0.465909"
"1590456070","2026258420","0.125"
"2026258420","1590456070","0.125"
"1590456070","2088454850","1.125"
"2088454850","1590456070","1.125"
"1590456070","2105037940","0.215909"
"2105037940","1590456070","0.215909"
"1590456070","2751843740","0.465909"
"2751843740","1590456070","0.465909"
"1590456070","9657784","0.215909"
"9657784","1590456070","0.215909"
"2018061979","2026258420","3.74167"
"2026258420","2018061979","3.74167"
"2018061979","2088454850","0.97619"
"2088454850","2018061979","0.97619"
"2018061979","2105037940","3.9921"
"2105037940","2018061979","3.9921"
"2018061979","2751843740","4.7671"
"2751843740","2018061979","4.7671"
"2018061979","9657784","5.47543"
"9657784","2018061979","5.47543"
"2026258420","2088454850","0.125"
"2088454850","2026258420","0.125"
"2026258420","2105037940","0.791667"
"2105037940","2026258420","0.791667"
"2026258420","2751843740","1.575"
"2751843740","2026258420","1.575"
"2026258420","9657784","1.04167"
"9657784","2026258420","1.04167"
"2088454850","2105037940","0.392857"
"2105037940","2088454850","0.392857"
"2088454850","2751843740","0.72619"
"2751843740","2088454850","0.72619"
"2088454850","9657784","0.392857"
"9657784","2088454850","0.392857"
"2105037940","2751843740","0.900433"
"2751843740","2105037940","0.900433"
"2105037940","9657784","1.55877"
"9657784","2105037940","1.55877"
"2751843740","9657784","2.8171"
"9657784","2751843740","2.8171"
"1017057896","1608718905","1.92424"
"1608718905","1017057896","1.92424"
"1564743226","1608718905","2.42424"
"1608718905","1564743226","2.42424"
"1608718905","2018061979","6.84091"
"2018061979","1608718905","6.84091"
"1608718905","2088454850","0.958333"
"2088454850","1608718905","0.958333"
"1017057896","3013037563","0.267857"
"3013037563","1017057896","0.267857"
"1564743226","3013037563","0.60119"
"3013037563","1564743226","0.60119"
"1608718905","2105037940","0.974242"
"2105037940","1608718905","0.974242"
"1608718905","2751843740","1.74924"
"2751843740","1608718905","1.74924"
"1608718905","3013037563","0.125"
"3013037563","1608718905","0.125"
"1608718905","9657784","1.37424"
"9657784","1608718905","1.37424"
"2018061979","3013037563","0.267857"
"3013037563","2018061979","0.267857"
"2088454850","3013037563","0.267857"
"3013037563","2088454850","0.267857"
"2105037940","3013037563","0.267857"
"3013037563","2105037940","0.267857"
"2751843740","3013037563","0.267857"
"3013037563","2751843740","0.267857"
"3013037563","9657784","0.60119"
"9657784","3013037563","0.60119"
"1590456070","1608718905","2.34091"
"1608718905","1590456070","2.34091"
"1017057896","2963165251","0.125"
"2963165251","1017057896","0.125"
"1017057896","2963359529","1.21591"
"2963359529","1017057896","1.21591"
"1017057896","3022151098","0.291667"
"3022151098","1017057896","0.291667"
"1564743226","2963165251","0.225"
"2963165251","1564743226","0.225"
"1564743226","2963359529","0.849242"
"2963359529","1564743226","0.849242"
"1564743226","3022151098","0.558333"
"3022151098","1564743226","0.558333"
"1608718905","2963165251","0.225"
"2963165251","1608718905","0.225"
"1608718905","2963359529","0.515909"
"2963359529","1608718905","0.515909"
"1608718905","3022151098","0.558333"
"3022151098","1608718905","0.558333"
"2018061979","2963165251","0.225"
"2963165251","2018061979","0.225"
"2018061979","2963359529","0.515909"
"2963359529","2018061979","0.515909"
"2018061979","3022151098","0.558333"
"3022151098","2018061979","0.558333"
"2105037940","2963165251","1.225"
"2963165251","2105037940","1.225"
"2105037940","2963359529","0.315909"
"2963359529","2105037940","0.315909"
"2105037940","3022151098","0.225"
"3022151098","2105037940","0.225"
"2963165251","2963359529","0.975"
"2963359529","2963165251","0.975"
"2963165251","3022151098","0.475"
"3022151098","2963165251","0.475"
"2963165251","9657784","0.125"
"9657784","2963165251","0.125"
"2963359529","3022151098","2.475"
"3022151098","2963359529","2.475"
"2963359529","9657784","0.549242"
"9657784","2963359529","0.549242"
"3022151098","9657784","0.458333"
"9657784","3022151098","0.458333"
"1017057896","1966608797","0.0909091"
"1966608797","1017057896","0.0909091"
"1017057896","2094226255","0.0909091"
"2094226255","1017057896","0.0909091"
"1017057896","2611170103","0.0909091"
"2611170103","1017057896","0.0909091"
"1564743226","1966608797","0.0909091"
"1966608797","1564743226","0.0909091"
"1564743226","2094226255","0.0909091"
"2094226255","1564743226","0.0909091"
"1564743226","2611170103","2.14091"
"2611170103","1564743226","2.14091"
"1590456070","1966608797","0.0909091"
"1966608797","1590456070","0.0909091"
"1590456070","2094226255","0.0909091"
"2094226255","1590456070","0.0909091"
"1590456070","2611170103","0.0909091"
"2611170103","1590456070","0.0909091"
"1590456070","2963359529","0.0909091"
"2963359529","1590456070","0.0909091"
"1608718905","1966608797","0.0909091"
"1966608797","1608718905","0.0909091"
"1608718905","2094226255","0.0909091"
"2094226255","1608718905","0.0909091"
"1608718905","2611170103","2.30758"
"2611170103","1608718905","2.30758"
"1966608797","2018061979","0.590909"
"2018061979","1966608797","0.590909"
"1966608797","2094226255","1.09091"
"2094226255","1966608797","1.09091"
"1966608797","2105037940","0.590909"
"2105037940","1966608797","0.590909"
"1966608797","2611170103","0.0909091"
"2611170103","1966608797","0.0909091"
"1966608797","2751843740","1.09091"
"2751843740","1966608797","1.09091"
"1966608797","2963359529","0.0909091"
"2963359529","1966608797","0.0909091"
"1966608797","9657784","0.0909091"
"9657784","1966608797","0.0909091"
"2018061979","2094226255","0.0909091"
"2094226255","2018061979","0.0909091"
"2018061979","2611170103","1.80758"
"2611170103","2018061979","1.80758"
"2094226255","2105037940","0.0909091"
"2105037940","2094226255","0.0909091"
"2094226255","2611170103","0.0909091"
"2611170103","2094226255","0.0909091"
"2094226255","2751843740","0.0909091"
"2751843740","2094226255","0.0909091"
"2094226255","2963359529","0.0909091"
"2963359529","2094226255","0.0909091"
"2094226255","9657784","0.0909091"
"9657784","2094226255","0.0909091"
"2105037940","2611170103","0.390909"
"2611170103","2105037940","0.390909"
"2611170103","2751843740","0.590909"
"2751843740","2611170103","0.590909"
"2611170103","2963359529","1.19091"
"2963359529","2611170103","1.19091"
"2611170103","9657784","0.707576"
"9657784","2611170103","0.707576"
"2751843740","2963359529","0.290909"
"2963359529","2751843740","0.290909"
"2751843740","3022151098","0.333333"
"3022151098","2751843740","0.333333"
"1608718905","2026258420","0.2"
"2026258420","1608718905","0.2"
"2026258420","2963359529","0.2"
"2963359529","2026258420","0.2"
"2963359529","3013037563","2.58333"
"3013037563","2963359529","2.58333"
"1564743226","1966917412","0.166667"
"1966917412","1564743226","0.166667"
"1564743226","2046479166","0.166667"
"2046479166","1564743226","0.166667"
"1564743226","2118671571","0.166667"
"2118671571","1564743226","0.166667"
"1608718905","1966917412","0.791667"
"1966917412","1608718905","0.791667"
"1608718905","2046479166","0.791667"
"2046479166","1608718905","0.791667"
"1608718905","2118671571","2.79167"
"2118671571","1608718905","2.79167"
"1966917412","2018061979","0.166667"
"2018061979","1966917412","0.166667"
"1966917412","2046479166","2.20833"
"2046479166","1966917412","2.20833"
"1966917412","2118671571","5.70833"
"2118671571","1966917412","5.70833"
"1966917412","2751843740","0.416667"
"2751843740","1966917412","0.416667"
"2018061979","2046479166","0.166667"
"2046479166","2018061979","0.166667"
"2018061979","2118671571","3.16667"
"2118671571","2018061979","3.16667"
"2046479166","2118671571","3.40833"
"2118671571","2046479166","3.40833"
"2046479166","2751843740","0.416667"
"2751843740","2046479166","0.416667"
"2118671571","2751843740","0.416667"
"2751843740","2118671571","0.416667"
"2611170103","3022151098","0.266667"
"3022151098","2611170103","0.266667"
"1564743226","2730643147","0.6"
"2730643147","1564743226","0.6"
"1564743226","2963792772","0.6"
"2963792772","1564743226","0.6"
"2730643147","2963792772","25.1"
"2963792772","2730643147","25.1"
"2026258420","2611170103","2.83333"
"2611170103","2026258420","2.83333"
"1564743226","2789987041","0.1"
"2789987041","1564743226","0.1"
"1608718905","2730643147","0.1"
"2730643147","1608718905","0.1"
"1608718905","2789987041","0.1"
"2789987041","1608718905","0.1"
"1608718905","2963792772","0.1"
"2963792772","1608718905","0.1"
"2018061979","2730643147","0.1"
"2730643147","2018061979","0.1"
"2018061979","2789987041","0.1"
"2789987041","2018061979","0.1"
"2018061979","2963792772","0.1"
"2963792772","2018061979","0.1"
"2105037940","2730643147","0.1"
"2730643147","2105037940","0.1"
"2105037940","2789987041","0.1"
"2789987041","2105037940","0.1"
"2105037940","2963792772","0.1"
"2963792772","2105037940","0.1"
"2611170103","2730643147","0.1"
"2730643147","2611170103","0.1"
"2611170103","2789987041","0.6"
"2789987041","2611170103","0.6"
"2611170103","2963165251","0.6"
"2963165251","2611170103","0.6"
"2611170103","2963792772","0.1"
"2963792772","2611170103","0.1"
"2730643147","2789987041","0.1"
"2789987041","2730643147","0.1"
"2730643147","2963165251","0.1"
"2963165251","2730643147","0.1"
"2730643147","2963359529","0.1"
"2963359529","2730643147","0.1"
"2730643147","3022151098","0.1"
"3022151098","2730643147","0.1"
"2789987041","2963165251","8.35"
"2963165251","2789987041","8.35"
"2789987041","2963359529","0.85"
"2963359529","2789987041","0.85"
"2789987041","2963792772","0.1"
"2963792772","2789987041","0.1"
"2789987041","3022151098","0.35"
"3022151098","2789987041","0.35"
"2963165251","2963792772","0.1"
"2963792772","2963165251","0.1"
"2963359529","2963792772","0.1"
"2963792772","2963359529","0.1"
"2963792772","3022151098","1.1"
"3022151098","2963792772","1.1"
"1584545576","1974072979","1.29167"
"1974072979","1584545576","1.29167"
"1584545576","1608718905","0.125"
"1608718905","1584545576","0.125"
"1584545576","1966917412","0.291667"
"1966917412","1584545576","0.291667"
"1584545576","2046479166","0.291667"
"2046479166","1584545576","0.291667"
"1584545576","2118671571","1.29167"
"2118671571","1584545576","1.29167"
"1584545576","2151270693","0.291667"
"2151270693","1584545576","0.291667"
"1584545576","2215622264","0.125"
"2215622264","1584545576","0.125"
"1584545576","2492824679","0.291667"
"2492824679","1584545576","0.291667"
"1608718905","1974072979","0.125"
"1974072979","1608718905","0.125"
"1608718905","2151270693","0.125"
"2151270693","1608718905","0.125"
"1608718905","2215622264","0.125"
"2215622264","1608718905","0.125"
"1608718905","2492824679","0.125"
"2492824679","1608718905","0.125"
"1966917412","1974072979","0.291667"
"1974072979","1966917412","0.291667"
"1966917412","2151270693","0.291667"
"2151270693","1966917412","0.291667"
"1966917412","2215622264","0.125"
"2215622264","1966917412","0.125"
"1966917412","2492824679","0.541667"
"2492824679","1966917412","0.541667"
"1974072979","2046479166","0.291667"
"2046479166","1974072979","0.291667"
"1974072979","2118671571","0.291667"
"2118671571","1974072979","0.291667"
"1974072979","2151270693","0.291667"
"2151270693","1974072979","0.291667"
"1974072979","2215622264","0.125"
"2215622264","1974072979","0.125"
"1974072979","2492824679","0.291667"
"2492824679","1974072979","0.291667"
"2046479166","2151270693","0.491667"
"2151270693","2046479166","0.491667"
"2046479166","2215622264","0.325"
"2215622264","2046479166","0.325"
"2046479166","2492824679","0.741667"
"2492824679","2046479166","0.741667"
"2118671571","2151270693","0.491667"
"2151270693","2118671571","0.491667"
"2118671571","2215622264","0.325"
"2215622264","2118671571","0.325"
"2118671571","2492824679","1.075"
"2492824679","2118671571","1.075"
"2151270693","2215622264","1.65833"
"2215622264","2151270693","1.65833"
"2151270693","2492824679","1.825"
"2492824679","2151270693","1.825"
"2215622264","2492824679","3.15833"
"2492824679","2215622264","3.15833"
"1966917412","2088454850","0.25"
"2088454850","1966917412","0.25"
"2046479166","2088454850","0.25"
"2088454850","2046479166","0.25"
"2088454850","2118671571","0.25"
"2118671571","2088454850","0.25"
"1893652599","2467824499","11"
"2467824499","1893652599","11"
"1966608797","2026258420","2"
"2026258420","1966608797","2"
"1966917412","2907481413","0.25"
"2907481413","1966917412","0.25"
"2046479166","2907481413","0.45"
"2907481413","2046479166","0.45"
"2118671571","2907481413","0.783333"
"2907481413","2118671571","0.783333"
"2492824679","2907481413","19.6167"
"2907481413","2492824679","19.6167"
"1966917412","2131338307","0.5"
"2131338307","1966917412","0.5"
"2118671571","2131338307","1.5"
"2131338307","2118671571","1.5"
"2026258420","2094226255","4"
"2094226255","2026258420","4"
"2151270693","2907481413","0.533333"
"2907481413","2151270693","0.533333"
"2215622264","2907481413","1.03333"
"2907481413","2215622264","1.03333"
"2058983224","2131338307","3"
"2131338307","2058983224","3"
"2058983224","2118671571","1.33333"
"2118671571","2058983224","1.33333"
"2058983224","2492824679","0.333333"
"2492824679","2058983224","0.333333"
"2058983224","2907481413","0.333333"
"2907481413","2058983224","0.333333"
"2088454850","2611170103","1"
"2611170103","2088454850","1"
"2131338307","2730643147","0.5"
"2730643147","2131338307","0.5"
"2131338307","2963792772","0.5"
"2963792772","2131338307","0.5"
"2789987041","3013037563","0.25"
"3013037563","2789987041","0.25"
"2963165251","3013037563","1.25"
"3013037563","2963165251","1.25"
"3013037563","3022151098","1.25"
"3022151098","3013037563","1.25"
