"131515753","1523697553","2.41612"
"1523697553","131515753","2.41612"
"131515753","1557847811","1.89112"
"1557847811","131515753","1.89112"
"131515753","1725973462","1.82329"
"1725973462","131515753","1.82329"
"131515753","2016604944","0.655868"
"2016604944","131515753","0.655868"
"131515753","2128282420","0.501106"
"2128282420","131515753","0.501106"
"131515753","2142069143","1.28279"
"2142069143","131515753","1.28279"
"131515753","2162755110","0.68514"
"2162755110","131515753","0.68514"
"131515753","2167004108","1.20495"
"2167004108","131515753","1.20495"
"131515753","2293688329","0.422802"
"2293688329","131515753","0.422802"
"131515753","2296102517","0.397802"
"2296102517","131515753","0.397802"
"131515753","254902136","1.58355"
"254902136","131515753","1.58355"
"131515753","2889851986","0.0970696"
"2889851986","131515753","0.0970696"
"131515753","2954688697","0.981136"
"2954688697","131515753","0.981136"
"131515753","2987470874","1.23114"
"2987470874","131515753","1.23114"
"1523697553","1557847811","1.25541"
"1557847811","1523697553","1.25541"
"1523697553","1725973462","1.02091"
"1725973462","1523697553","1.02091"
"1523697553","2016604944","0.555868"
"2016604944","1523697553","0.555868"
"1523697553","2128282420","0.655868"
"2128282420","1523697553","0.655868"
"1523697553","2142069143","1.30196"
"2142069143","1523697553","1.30196"
"1523697553","2162755110","1.07574"
"2162755110","1523697553","1.07574"
"1523697553","2167004108","1.33411"
"2167004108","1523697553","1.33411"
"1523697553","2293688329","0.401957"
"2293688329","1523697553","0.401957"
"1523697553","2296102517","2.32796"
"2296102517","1523697553","2.32796"
"1523697553","254902136","1.75748"
"254902136","1523697553","1.75748"
"1523697553","2889851986","0.234497"
"2889851986","1523697553","0.234497"
"1523697553","2954688697","3.24475"
"2954688697","1523697553","3.24475"
"1523697553","2987470874","3.49475"
"2987470874","1523697553","3.49475"
"1557847811","1725973462","4.02091"
"1725973462","1557847811","4.02091"
"1557847811","2016604944","0.447535"
"2016604944","1557847811","0.447535"
"1557847811","2128282420","0.697535"
"2128282420","1557847811","0.697535"
"1557847811","2142069143","1.95065"
"2142069143","1557847811","1.95065"
"1557847811","2162755110","4.00062"
"2162755110","1557847811","4.00062"
"1557847811","2167004108","1.05779"
"2167004108","1557847811","1.05779"
"1557847811","2293688329","1.0185"
"2293688329","1557847811","1.0185"
"1557847811","2296102517","0.197802"
"2296102517","1557847811","0.197802"
"1557847811","254902136","2.10541"
"254902136","1557847811","2.10541"
"1557847811","2889851986","0.0970696"
"2889851986","1557847811","0.0970696"
"1557847811","2954688697","0.697802"
"2954688697","1557847811","0.697802"
"1557847811","2987470874","0.697802"
"2987470874","1557847811","0.697802"
"1725973462","2016604944","0.379703"
"2016604944","1725973462","0.379703"
"1725973462","2128282420","1.38996"
"2128282420","1725973462","1.38996"
"1725973462","2142069143","1.64948"
"2142069143","1725973462","1.64948"
"1725973462","2162755110","1.63352"
"2162755110","1725973462","1.63352"
"1725973462","2167004108","1.27329"
"2167004108","1725973462","1.27329"
"1725973462","2293688329","0.475641"
"2293688329","1725973462","0.475641"
"1725973462","2296102517","0.120879"
"2296102517","1725973462","0.120879"
"1725973462","254902136","1.82091"
"254902136","1725973462","1.82091"
"1725973462","2889851986","0.0970696"
"2889851986","1725973462","0.0970696"
"1725973462","2954688697","0.120879"
"2954688697","1725973462","0.120879"
"1725973462","2987470874","0.120879"
"2987470874","1725973462","0.120879"
"2016604944","2128282420","0.395612"
"2128282420","2016604944","0.395612"
"2016604944","2142069143","0.655868"
"2142069143","2016604944","0.655868"
"2016604944","2162755110","1.77752"
"2162755110","2016604944","1.77752"
"2016604944","2167004108","0.655868"
"2167004108","2016604944","0.655868"
"2016604944","2293688329","0.120879"
"2293688329","2016604944","0.120879"
"2016604944","2296102517","1.1978"
"2296102517","2016604944","1.1978"
"2016604944","254902136","3.15569"
"254902136","2016604944","3.15569"
"2016604944","2889851986","0.0970696"
"2889851986","2016604944","0.0970696"
"2016604944","2954688697","0.347802"
"2954688697","2016604944","0.347802"
"2016604944","2987470874","0.347802"
"2987470874","2016604944","0.347802"
"2128282420","2142069143","0.601106"
"2142069143","2128282420","0.601106"
"2128282420","2162755110","0.58514"
"2162755110","2128282420","0.58514"
"2128282420","2167004108","1.59396"
"2167004108","2128282420","1.59396"
"2128282420","2293688329","0.404212"
"2293688329","2128282420","0.404212"
"2128282420","2296102517","0.120879"
"2296102517","2128282420","0.120879"
"2128282420","254902136","3.04702"
"254902136","2128282420","3.04702"
"2128282420","2889851986","0.0970696"
"2889851986","2128282420","0.0970696"
"2128282420","2954688697","0.370879"
"2954688697","2128282420","0.370879"
"2128282420","2987470874","0.370879"
"2987470874","2128282420","0.370879"
"2142069143","2162755110","1.93765"
"2162755110","2142069143","1.93765"
"2142069143","2167004108","2.50435"
"2167004108","2142069143","2.50435"
"2142069143","2293688329","0.680528"
"2293688329","2142069143","0.680528"
"2142069143","2296102517","0.197802"
"2296102517","2142069143","0.197802"
"2142069143","254902136","3.47772"
"254902136","2142069143","3.47772"
"2142069143","2889851986","0.123385"
"2889851986","2142069143","0.123385"
"2142069143","2954688697","0.307451"
"2954688697","2142069143","0.307451"
"2142069143","2987470874","0.307451"
"2987470874","2142069143","0.307451"
"2162755110","2167004108","1.10312"
"2167004108","2162755110","1.10312"
"2162755110","2293688329","1.01624"
"2293688329","2162755110","1.01624"
"2162755110","2296102517","0.120879"
"2296102517","2162755110","0.120879"
"2162755110","254902136","2.10258"
"254902136","2162755110","2.10258"
"2162755110","2889851986","0.123385"
"2889851986","2162755110","0.123385"
"2162755110","2954688697","0.397195"
"2954688697","2162755110","0.397195"
"2162755110","2987470874","0.397195"
"2987470874","2162755110","0.397195"
"2167004108","2293688329","0.618562"
"2293688329","2167004108","0.618562"
"2167004108","2296102517","0.197802"
"2296102517","2167004108","0.197802"
"2167004108","254902136","3.43328"
"254902136","2167004108","3.43328"
"2167004108","2889851986","0.248385"
"2889851986","2167004108","0.248385"
"2167004108","2954688697","0.307451"
"2954688697","2167004108","0.307451"
"2167004108","2987470874","0.307451"
"2987470874","2167004108","0.307451"
"2293688329","2296102517","0.120879"
"2296102517","2293688329","0.120879"
"2293688329","254902136","0.738068"
"254902136","2293688329","0.738068"
"2293688329","2889851986","0.123385"
"2889851986","2293688329","0.123385"
"2293688329","2954688697","0.397195"
"2954688697","2293688329","0.397195"
"2293688329","2987470874","0.397195"
"2987470874","2293688329","0.397195"
"2296102517","254902136","0.197802"
"254902136","2296102517","0.197802"
"2296102517","2889851986","0.208181"
"2889851986","2296102517","0.208181"
"2296102517","2954688697","0.85177"
"2954688697","2296102517","0.85177"
"2296102517","2987470874","0.85177"
"2987470874","2296102517","0.85177"
"254902136","2889851986","0.43642"
"2889851986","254902136","0.43642"
"254902136","2954688697","0.574118"
"2954688697","254902136","0.574118"
"254902136","2987470874","0.574118"
"2987470874","254902136","0.574118"
"2889851986","2954688697","0.234497"
"2954688697","2889851986","0.234497"
"2889851986","2987470874","0.234497"
"2987470874","2889851986","0.234497"
"2954688697","2987470874","19.3364"
"2987470874","2954688697","19.3364"
"131515753","2745053513","2.58278"
"2745053513","131515753","2.58278"
"131515753","1835937145","3.96301"
"1835937145","131515753","3.96301"
"1523697553","1835937145","0.839327"
"1835937145","1523697553","0.839327"
"1835937145","2016604944","2.97517"
"2016604944","1835937145","2.97517"
"1835937145","2128282420","0.602755"
"2128282420","1835937145","0.602755"
"1835937145","2142069143","1.43933"
"2142069143","1835937145","1.43933"
"1835937145","2162755110","1.7324"
"2162755110","1835937145","1.7324"
"1835937145","2167004108","0.989327"
"2167004108","1835937145","0.989327"
"1835937145","254902136","4.77248"
"254902136","1835937145","4.77248"
"131515753","1538380139","0.125641"
"1538380139","131515753","0.125641"
"131515753","2005421574","0.349451"
"2005421574","131515753","0.349451"
"131515753","2122049982","0.577564"
"2122049982","131515753","0.577564"
"131515753","2518790240","0.120879"
"2518790240","131515753","0.120879"
"131515753","2898785612","0.0970696"
"2898785612","131515753","0.0970696"
"131515753","50887981","0.125641"
"50887981","131515753","0.125641"
"1523697553","1538380139","0.151957"
"1538380139","1523697553","0.151957"
"1523697553","2005421574","1.7091"
"2005421574","1523697553","1.7091"
"1523697553","2122049982","1.40196"
"2122049982","1523697553","1.40196"
"1523697553","2518790240","0.472195"
"2518790240","1523697553","0.472195"
"1523697553","2745053513","3.11664"
"2745053513","1523697553","3.11664"
"1523697553","2898785612","0.577354"
"2898785612","1523697553","0.577354"
"1523697553","50887981","0.151957"
"50887981","1523697553","0.151957"
"1538380139","1557847811","0.21655"
"1557847811","1538380139","0.21655"
"1538380139","1725973462","0.125641"
"1725973462","1538380139","0.125641"
"1538380139","2005421574","0.319789"
"2005421574","1538380139","0.319789"
"1538380139","2122049982","6.73448"
"2122049982","1538380139","6.73448"
"1538380139","2142069143","0.318623"
"2142069143","1538380139","0.318623"
"1538380139","2162755110","0.123385"
"2162755110","1538380139","0.123385"
"1538380139","2293688329","0.401957"
"2293688329","1538380139","0.401957"
"1538380139","2518790240","0.123385"
"2518790240","1538380139","0.123385"
"1538380139","254902136","1.85899"
"254902136","1538380139","1.85899"
"1538380139","2745053513","0.318623"
"2745053513","1538380139","0.318623"
"1538380139","2898785612","0.366975"
"2898785612","1538380139","0.366975"
"1538380139","50887981","10.9781"
"50887981","1538380139","10.9781"
"1557847811","2005421574","1.24988"
"2005421574","1557847811","1.24988"
"1557847811","2122049982","0.21655"
"2122049982","1557847811","0.21655"
"1557847811","2518790240","0.120879"
"2518790240","1557847811","0.120879"
"1557847811","2745053513","0.737546"
"2745053513","1557847811","0.737546"
"1557847811","2898785612","0.0970696"
"2898785612","1557847811","0.0970696"
"1557847811","50887981","0.21655"
"50887981","1557847811","0.21655"
"1725973462","2005421574","0.316117"
"2005421574","1725973462","0.316117"
"1725973462","2122049982","0.475641"
"2122049982","1725973462","0.475641"
"1725973462","2518790240","0.120879"
"2518790240","1725973462","0.120879"
"1725973462","2745053513","0.937546"
"2745053513","1725973462","0.937546"
"1725973462","2898785612","0.0970696"
"2898785612","1725973462","0.0970696"
"1725973462","50887981","0.125641"
"50887981","1725973462","0.125641"
"2005421574","2122049982","0.742866"
"2122049982","2005421574","0.742866"
"2005421574","2142069143","0.342433"
"2142069143","2005421574","0.342433"
"2005421574","2162755110","1.08078"
"2162755110","2005421574","1.08078"
"2005421574","2293688329","0.318623"
"2293688329","2005421574","0.318623"
"2005421574","2518790240","0.347195"
"2518790240","2005421574","0.347195"
"2005421574","254902136","0.758568"
"254902136","2005421574","0.758568"
"2005421574","2745053513","0.575766"
"2745053513","2005421574","0.575766"
"2005421574","2898785612","0.671737"
"2898785612","2005421574","0.671737"
"2005421574","50887981","0.319789"
"50887981","2005421574","0.319789"
"2122049982","2142069143","3.31862"
"2142069143","2122049982","3.31862"
"2122049982","2162755110","0.397628"
"2162755110","2122049982","0.397628"
"2122049982","2293688329","0.857848"
"2293688329","2122049982","0.857848"
"2122049982","2518790240","0.123385"
"2518790240","2122049982","0.123385"
"2122049982","254902136","5.23048"
"254902136","2122049982","5.23048"
"2122049982","2745053513","0.768623"
"2745053513","2122049982","0.768623"
"2122049982","2898785612","0.373385"
"2898785612","2122049982","0.373385"
"2122049982","50887981","8.93448"
"50887981","2122049982","8.93448"
"2142069143","2518790240","0.147195"
"2518790240","2142069143","0.147195"
"2142069143","2745053513","2.07577"
"2745053513","2142069143","2.07577"
"2142069143","2898785612","0.123385"
"2898785612","2142069143","0.123385"
"2142069143","50887981","0.318623"
"50887981","2142069143","0.318623"
"2162755110","2518790240","0.147195"
"2518790240","2162755110","0.147195"
"2162755110","2745053513","0.779735"
"2745053513","2162755110","0.779735"
"2162755110","2898785612","0.278147"
"2898785612","2162755110","0.278147"
"2162755110","50887981","0.123385"
"50887981","2162755110","0.123385"
"2293688329","2518790240","0.147195"
"2518790240","2293688329","0.147195"
"2293688329","2745053513","0.497195"
"2745053513","2293688329","0.497195"
"2293688329","2898785612","0.123385"
"2898785612","2293688329","0.123385"
"2293688329","50887981","0.401957"
"50887981","2293688329","0.401957"
"2518790240","254902136","0.272195"
"254902136","2518790240","0.272195"
"2518790240","2745053513","6.50553"
"2745053513","2518790240","6.50553"
"2518790240","2898785612","0.523385"
"2898785612","2518790240","0.523385"
"2518790240","50887981","0.123385"
"50887981","2518790240","0.123385"
"254902136","2745053513","1.81108"
"2745053513","254902136","1.81108"
"254902136","2898785612","0.832848"
"2898785612","254902136","0.832848"
"254902136","50887981","2.22566"
"50887981","254902136","2.22566"
"2745053513","2898785612","0.745608"
"2898785612","2745053513","0.745608"
"2745053513","50887981","0.318623"
"50887981","2745053513","0.318623"
"2898785612","50887981","0.366975"
"50887981","2898785612","0.366975"
"2122049982","2987470874","0.493623"
"2987470874","2122049982","0.493623"
"2745053513","2987470874","3.03688"
"2987470874","2745053513","3.03688"
"131515753","2095797338","1.83303"
"2095797338","131515753","1.83303"
"131515753","2136887296","0.815051"
"2136887296","131515753","0.815051"
"131515753","2145846275","0.266882"
"2145846275","131515753","0.266882"
"131515753","2218405197","0.90596"
"2218405197","131515753","0.90596"
"131515753","54762625","0.313128"
"54762625","131515753","0.313128"
"1523697553","2095797338","0.857426"
"2095797338","1523697553","0.857426"
"1523697553","2136887296","1.49494"
"2136887296","1523697553","1.49494"
"1523697553","2145846275","0.273292"
"2145846275","1523697553","0.273292"
"1523697553","2218405197","1.66918"
"2218405197","1523697553","1.66918"
"1523697553","54762625","0.569205"
"54762625","1523697553","0.569205"
"1557847811","2095797338","0.322777"
"2095797338","1557847811","0.322777"
"1557847811","2136887296","0.607908"
"2136887296","1557847811","0.607908"
"1557847811","2145846275","0.189959"
"2145846275","1557847811","0.189959"
"1557847811","2218405197","0.698817"
"2218405197","1557847811","0.698817"
"1557847811","54762625","0.592889"
"54762625","1557847811","0.592889"
"1725973462","2095797338","0.254945"
"2095797338","1725973462","0.254945"
"1725973462","2136887296","0.630985"
"2136887296","1725973462","0.630985"
"1725973462","2145846275","0.573292"
"2145846275","1725973462","0.573292"
"1725973462","2218405197","0.814318"
"2218405197","1725973462","0.814318"
"1725973462","54762625","0.976223"
"54762625","1725973462","0.976223"
"2095797338","2128282420","0.245854"
"2128282420","2095797338","0.245854"
"2095797338","2136887296","0.540876"
"2136887296","2095797338","0.540876"
"2095797338","2142069143","3.89909"
"2142069143","2095797338","3.89909"
"2095797338","2145846275","0.208059"
"2145846275","2095797338","0.208059"
"2095797338","2162755110","0.315027"
"2162755110","2095797338","0.315027"
"2095797338","2167004108","0.984349"
"2167004108","2095797338","0.984349"
"2095797338","2218405197","0.703214"
"2218405197","2095797338","0.703214"
"2095797338","254902136","1.43795"
"254902136","2095797338","1.43795"
"2095797338","54762625","0.227048"
"54762625","2095797338","0.227048"
"2128282420","2136887296","0.765051"
"2136887296","2128282420","0.765051"
"2128282420","2145846275","0.806626"
"2145846275","2128282420","0.806626"
"2128282420","2218405197","0.439293"
"2218405197","2128282420","0.439293"
"2128282420","54762625","1.29405"
"54762625","2128282420","1.29405"
"2136887296","2142069143","0.817557"
"2142069143","2136887296","0.817557"
"2136887296","2145846275","0.164318"
"2145846275","2136887296","0.164318"
"2136887296","2162755110","0.685815"
"2162755110","2136887296","0.685815"
"2136887296","2167004108","1.0497"
"2167004108","2136887296","1.0497"
"2136887296","2218405197","8.3461"
"2218405197","2136887296","8.3461"
"2136887296","254902136","2.01796"
"254902136","2136887296","2.01796"
"2136887296","54762625","1.20803"
"54762625","2136887296","1.20803"
"2142069143","2145846275","0.289959"
"2145846275","2142069143","0.289959"
"2142069143","2218405197","0.908466"
"2218405197","2142069143","0.908466"
"2142069143","54762625","0.314443"
"54762625","2142069143","0.314443"
"2145846275","2162755110","0.413675"
"2162755110","2145846275","0.413675"
"2145846275","2167004108","0.550215"
"2167004108","2145846275","0.550215"
"2145846275","2218405197","0.458762"
"2218405197","2145846275","0.458762"
"2145846275","254902136","0.684403"
"254902136","2145846275","0.684403"
"2145846275","54762625","1.1921"
"54762625","2145846275","1.1921"
"2162755110","2218405197","1.02099"
"2218405197","2162755110","1.02099"
"2162755110","54762625","2.75865"
"54762625","2162755110","2.75865"
"2167004108","2218405197","1.33505"
"2218405197","2167004108","1.33505"
"2167004108","54762625","1.93032"
"54762625","2167004108","1.93032"
"2218405197","254902136","2.62334"
"254902136","2218405197","2.62334"
"2218405197","54762625","2.12654"
"54762625","2218405197","2.12654"
"254902136","54762625","3.42691"
"54762625","254902136","3.42691"
"131515753","1575240340","1.36878"
"1575240340","131515753","1.36878"
"1523697553","1575240340","0.466525"
"1575240340","1523697553","0.466525"
"1557847811","1575240340","0.273542"
"1575240340","1557847811","0.273542"
"1557847811","1835937145","0.404678"
"1835937145","1557847811","0.404678"
"1575240340","1835937145","0.45249"
"1835937145","1575240340","0.45249"
"1575240340","2016604944","0.397602"
"2016604944","1575240340","0.397602"
"1575240340","2095797338","0.241034"
"2095797338","1575240340","0.241034"
"1575240340","2128282420","0.573542"
"2128282420","1575240340","0.573542"
"1575240340","2142069143","0.228429"
"2142069143","1575240340","0.228429"
"1575240340","2162755110","0.647634"
"2162755110","1575240340","0.647634"
"1575240340","2167004108","0.635969"
"2167004108","1575240340","0.635969"
"1575240340","2218405197","0.946176"
"2218405197","1575240340","0.946176"
"1835937145","2095797338","2.22693"
"2095797338","1835937145","2.22693"
"1835937145","2218405197","0.912746"
"2218405197","1835937145","0.912746"
"2016604944","2095797338","0.372045"
"2095797338","2016604944","0.372045"
"2016604944","2218405197","0.824525"
"2218405197","2016604944","0.824525"
"131515753","2296887322","0.252381"
"2296887322","131515753","0.252381"
"1523697553","2296887322","0.723141"
"2296887322","1523697553","0.723141"
"2005421574","2296102517","0.582784"
"2296102517","2005421574","0.582784"
"2005421574","2296887322","7.33652"
"2296887322","2005421574","7.33652"
"2296102517","2296887322","0.668254"
"2296887322","2296102517","0.668254"
"2296102517","2745053513","0.560562"
"2745053513","2296102517","0.560562"
"2296887322","2745053513","0.389808"
"2745053513","2296887322","0.389808"
"1835937145","2136887296","0.597777"
"2136887296","1835937145","0.597777"
"1835937145","2745053513","0.587671"
"2745053513","1835937145","0.587671"
"1835937145","2954688697","0.402689"
"2954688697","1835937145","0.402689"
"1835937145","2987470874","0.402689"
"2987470874","1835937145","0.402689"
"2016604944","2136887296","0.509556"
"2136887296","2016604944","0.509556"
"2016604944","2745053513","0.232784"
"2745053513","2016604944","0.232784"
"2095797338","2745053513","0.612671"
"2745053513","2095797338","0.612671"
"2095797338","2954688697","0.236023"
"2954688697","2095797338","0.236023"
"2095797338","2987470874","0.236023"
"2987470874","2095797338","0.236023"
"2136887296","2745053513","0.820363"
"2745053513","2136887296","0.820363"
"2136887296","2954688697","0.786572"
"2954688697","2136887296","0.786572"
"2136887296","2987470874","0.786572"
"2987470874","2136887296","0.786572"
"2167004108","2745053513","0.750766"
"2745053513","2167004108","0.750766"
"2218405197","2745053513","1.53147"
"2745053513","2218405197","1.53147"
"2218405197","2954688697","0.786572"
"2954688697","2218405197","0.786572"
"2218405197","2987470874","0.786572"
"2987470874","2218405197","0.786572"
"2745053513","2954688697","3.78688"
"2954688697","2745053513","3.78688"
"131515753","2369180265","0.608274"
"2369180265","131515753","0.608274"
"1523697553","2369180265","1.24332"
"2369180265","1523697553","1.24332"
"131515753","2132699727","0.236846"
"2132699727","131515753","0.236846"
"1523697553","2132699727","0.53459"
"2132699727","1523697553","0.53459"
"1725973462","1835937145","0.686845"
"1835937145","1725973462","0.686845"
"1725973462","2132699727","0.741607"
"2132699727","1725973462","0.741607"
"1835937145","2132699727","1.87055"
"2132699727","1835937145","1.87055"
"2095797338","2132699727","1.44243"
"2132699727","2095797338","1.44243"
"2132699727","2136887296","0.404187"
"2136887296","2132699727","0.404187"
"2132699727","2142069143","1.09649"
"2142069143","2132699727","1.09649"
"2132699727","2167004108","0.33459"
"2167004108","2132699727","0.33459"
"2132699727","2218405197","0.739358"
"2218405197","2132699727","0.739358"
"2132699727","2745053513","2.35354"
"2745053513","2132699727","2.35354"
"131515753","1570076947","0.251374"
"1570076947","131515753","0.251374"
"131515753","2019673585","0.279945"
"2019673585","131515753","0.279945"
"131515753","2072885133","0.279945"
"2072885133","131515753","0.279945"
"131515753","2154385894","0.251374"
"2154385894","131515753","0.251374"
"1570076947","2019673585","0.251374"
"2019673585","1570076947","0.251374"
"1570076947","2072885133","0.477689"
"2072885133","1570076947","0.477689"
"1570076947","2122049982","0.962646"
"2122049982","1570076947","0.962646"
"1570076947","2154385894","16.9403"
"2154385894","1570076947","16.9403"
"1570076947","2293688329","0.277689"
"2293688329","1570076947","0.277689"
"1570076947","254902136","1.16855"
"254902136","1570076947","1.16855"
"1570076947","54762625","0.544424"
"54762625","1570076947","0.544424"
"2019673585","2072885133","2.96328"
"2072885133","2019673585","2.96328"
"2019673585","2122049982","1.49899"
"2122049982","2019673585","1.49899"
"2019673585","2154385894","0.251374"
"2154385894","2019673585","0.251374"
"2019673585","2293688329","1.12756"
"2293688329","2019673585","1.12756"
"2019673585","254902136","1.05778"
"254902136","2019673585","1.05778"
"2019673585","54762625","1.03214"
"54762625","2019673585","1.03214"
"2072885133","2122049982","3.77641"
"2122049982","2072885133","3.77641"
"2072885133","2154385894","0.631536"
"2154385894","2072885133","0.631536"
"2072885133","2293688329","0.489594"
"2293688329","2072885133","0.489594"
"2072885133","254902136","2.19473"
"254902136","2072885133","2.19473"
"2072885133","54762625","1.3382"
"54762625","2072885133","1.3382"
"2122049982","2154385894","1.2074"
"2154385894","2122049982","1.2074"
"2122049982","54762625","1.7505"
"54762625","2122049982","1.7505"
"2154385894","2293688329","0.277689"
"2293688329","2154385894","0.277689"
"2154385894","254902136","1.4133"
"254902136","2154385894","1.4133"
"2154385894","54762625","0.621347"
"54762625","2154385894","0.621347"
"2293688329","54762625","0.56957"
"54762625","2293688329","0.56957"
"1835937145","2296102517","0.126374"
"2296102517","1835937145","0.126374"
"2095797338","2296102517","0.126374"
"2296102517","2095797338","0.126374"
"2136887296","2296102517","0.386447"
"2296102517","2136887296","0.386447"
"2218405197","2296102517","0.386447"
"2296102517","2218405197","0.386447"
"1575240340","2136887296","0.520096"
"2136887296","1575240340","0.520096"
"1575240340","2954688697","0.341792"
"2954688697","1575240340","0.341792"
"1575240340","2987470874","0.341792"
"2987470874","1575240340","0.341792"
"131515753","1534212008","0.078022"
"1534212008","131515753","0.078022"
"131515753","1603844035","0.0494506"
"1603844035","131515753","0.0494506"
"131515753","1616718256","0.078022"
"1616718256","131515753","0.078022"
"131515753","1699577049","0.129304"
"1699577049","131515753","0.129304"
"131515753","1819958245","0.154945"
"1819958245","131515753","0.154945"
"131515753","1940493318","0.078022"
"1940493318","131515753","0.078022"
"131515753","1957951093","0.078022"
"1957951093","131515753","0.078022"
"131515753","2010252434","0.078022"
"2010252434","131515753","0.078022"
"131515753","2015461635","0.0238095"
"2015461635","131515753","0.0238095"
"131515753","2106226772","0.052381"
"2106226772","131515753","0.052381"
"131515753","2116236474","0.129304"
"2116236474","131515753","0.129304"
"131515753","2165078378","0.078022"
"2165078378","131515753","0.078022"
"131515753","2292913895","0.0238095"
"2292913895","131515753","0.0238095"
"1523697553","1534212008","0.104338"
"1534212008","1523697553","0.104338"
"1523697553","1570076947","0.0757663"
"1570076947","1523697553","0.0757663"
"1523697553","1603844035","0.0757663"
"1603844035","1523697553","0.0757663"
"1523697553","1616718256","0.104338"
"1616718256","1523697553","0.104338"
"1523697553","1699577049","0.278697"
"1699577049","1523697553","0.278697"
"1523697553","1819958245","0.104338"
"1819958245","1523697553","0.104338"
"1523697553","1940493318","0.104338"
"1940493318","1523697553","0.104338"
"1523697553","1957951093","0.104338"
"1957951093","1523697553","0.104338"
"1523697553","2010252434","0.104338"
"2010252434","1523697553","0.104338"
"1523697553","2015461635","0.0238095"
"2015461635","1523697553","0.0238095"
"1523697553","2019673585","0.232784"
"2019673585","1523697553","0.232784"
"1523697553","2072885133","0.387671"
"2072885133","1523697553","0.387671"
"1523697553","2106226772","0.0786967"
"2106226772","1523697553","0.0786967"
"1523697553","2116236474","0.278697"
"2116236474","1523697553","0.278697"
"1523697553","2154385894","0.0757663"
"2154385894","1523697553","0.0757663"
"1523697553","2165078378","0.104338"
"2165078378","1523697553","0.104338"
"1523697553","2292913895","0.0238095"
"2292913895","1523697553","0.0238095"
"1534212008","1557847811","0.368931"
"1557847811","1534212008","0.368931"
"1534212008","1570076947","1.2039"
"1570076947","1534212008","1.2039"
"1534212008","1575240340","0.51507"
"1575240340","1534212008","0.51507"
"1534212008","1603844035","0.703194"
"1603844035","1534212008","0.703194"
"1534212008","1616718256","1.17887"
"1616718256","1534212008","1.17887"
"1534212008","1699577049","3.94008"
"1699577049","1534212008","3.94008"
"1534212008","1725973462","0.078022"
"1725973462","1534212008","0.078022"
"1534212008","1819958245","4.51779"
"1819958245","1534212008","4.51779"
"1534212008","1835937145","0.51808"
"1835937145","1534212008","0.51808"
"1534212008","1940493318","0.460204"
"1940493318","1534212008","0.460204"
"1534212008","1957951093","9.63557"
"1957951093","1534212008","9.63557"
"1534212008","2005421574","0.615711"
"2005421574","1534212008","0.615711"
"1534212008","2010252434","1.2622"
"2010252434","1534212008","1.2622"
"1534212008","2015461635","0.0238095"
"2015461635","1534212008","0.0238095"
"1534212008","2016604944","0.252082"
"2016604944","1534212008","0.252082"
"1534212008","2019673585","0.420879"
"2019673585","1534212008","0.420879"
"1534212008","2072885133","0.460204"
"2072885133","1534212008","0.460204"
"1534212008","2095797338","0.271004"
"2095797338","1534212008","0.271004"
"1534212008","2106226772","1.4032"
"2106226772","1534212008","1.4032"
"1534212008","2116236474","3.6825"
"2116236474","1534212008","3.6825"
"1534212008","2128282420","0.433888"
"2128282420","1534212008","0.433888"
"1534212008","2132699727","1.05621"
"2132699727","1534212008","1.05621"
"1534212008","2136887296","0.404105"
"2136887296","1534212008","0.404105"
"1534212008","2142069143","0.271004"
"2142069143","1534212008","0.271004"
"1534212008","2154385894","1.44866"
"2154385894","1534212008","1.44866"
"1534212008","2162755110","0.393549"
"2162755110","1534212008","0.393549"
"1534212008","2165078378","0.976847"
"2165078378","1534212008","0.976847"
"1534212008","2167004108","0.32656"
"2167004108","1534212008","0.32656"
"1534212008","2218405197","0.476938"
"2218405197","1534212008","0.476938"
"1534212008","2292913895","0.0238095"
"2292913895","1534212008","0.0238095"
"1534212008","2293688329","0.558306"
"2293688329","1534212008","0.558306"
"1534212008","2296102517","0.0494506"
"2296102517","1534212008","0.0494506"
"1534212008","2296887322","0.588904"
"2296887322","1534212008","0.588904"
"1534212008","2369180265","0.142433"
"2369180265","1534212008","0.142433"
"1534212008","2518790240","0.0757663"
"2518790240","1534212008","0.0757663"
"1534212008","254902136","3.12915"
"254902136","1534212008","3.12915"
"1534212008","2745053513","0.304338"
"2745053513","1534212008","0.304338"
"1534212008","2954688697","0.4341"
"2954688697","1534212008","0.4341"
"1534212008","2987470874","0.4341"
"2987470874","1534212008","0.4341"
"1534212008","54762625","0.928861"
"54762625","1534212008","0.928861"
"1557847811","1570076947","0.0494506"
"1570076947","1557847811","0.0494506"
"1557847811","1603844035","0.0494506"
"1603844035","1557847811","0.0494506"
"1557847811","1616718256","0.078022"
"1616718256","1557847811","0.078022"
"1557847811","1699577049","0.052381"
"1699577049","1557847811","0.052381"
"1557847811","1819958245","0.368931"
"1819958245","1557847811","0.368931"
"1557847811","1940493318","0.078022"
"1940493318","1557847811","0.078022"
"1557847811","1957951093","0.368931"
"1957951093","1557847811","0.368931"
"1557847811","2010252434","0.078022"
"2010252434","1557847811","0.078022"
"1557847811","2015461635","0.166667"
"2015461635","1557847811","0.166667"
"1557847811","2019673585","0.149451"
"2019673585","1557847811","0.149451"
"1557847811","2072885133","0.078022"
"2072885133","1557847811","0.078022"
"1557847811","2106226772","0.052381"
"2106226772","1557847811","0.052381"
"1557847811","2116236474","0.052381"
"2116236474","1557847811","0.052381"
"1557847811","2132699727","1.02537"
"2132699727","1557847811","1.02537"
"1557847811","2154385894","0.14036"
"2154385894","1557847811","0.14036"
"1557847811","2165078378","0.078022"
"2165078378","1557847811","0.078022"
"1557847811","2292913895","0.166667"
"2292913895","1557847811","0.166667"
"1557847811","2296887322","0.902814"
"2296887322","1557847811","0.902814"
"1557847811","2369180265","0.179703"
"2369180265","1557847811","0.179703"
"1570076947","1575240340","0.393666"
"1575240340","1570076947","0.393666"
"1570076947","1603844035","0.620644"
"1603844035","1570076947","0.620644"
"1570076947","1616718256","0.546327"
"1616718256","1570076947","0.546327"
"1570076947","1699577049","1.80518"
"1699577049","1570076947","1.80518"
"1570076947","1725973462","0.0494506"
"1725973462","1570076947","0.0494506"
"1570076947","1819958245","0.72971"
"1819958245","1570076947","0.72971"
"1570076947","1835937145","0.211731"
"1835937145","1570076947","0.211731"
"1570076947","1940493318","0.0757663"
"1940493318","1570076947","0.0757663"
"1570076947","1957951093","1.4039"
"1957951093","1570076947","1.4039"
"1570076947","2005421574","0.719307"
"2005421574","1570076947","0.719307"
"1570076947","2010252434","0.629661"
"2010252434","1570076947","0.629661"
"1570076947","2015461635","0.0238095"
"2015461635","1570076947","0.0238095"
"1570076947","2016604944","0.252082"
"2016604944","1570076947","0.252082"
"1570076947","2095797338","0.152689"
"2095797338","1570076947","0.152689"
"1570076947","2106226772","0.609575"
"2106226772","1570076947","0.609575"
"1570076947","2116236474","1.2738"
"2116236474","1570076947","1.2738"
"1570076947","2128282420","0.392308"
"2128282420","1570076947","0.392308"
"1570076947","2132699727","0.195065"
"2132699727","1570076947","0.195065"
"1570076947","2136887296","0.29861"
"2136887296","1570076947","0.29861"
"1570076947","2142069143","0.0757663"
"2142069143","1570076947","0.0757663"
"1570076947","2162755110","0.393549"
"2162755110","1570076947","0.393549"
"1570076947","2165078378","1.04431"
"2165078378","1570076947","1.04431"
"1570076947","2167004108","0.295547"
"2167004108","1570076947","0.295547"
"1570076947","2218405197","0.426999"
"2218405197","1570076947","0.426999"
"1570076947","2292913895","0.0238095"
"2292913895","1570076947","0.0238095"
"1570076947","2296102517","0.0494506"
"2296102517","1570076947","0.0494506"
"1570076947","2296887322","0.102757"
"2296887322","1570076947","0.102757"
"1570076947","2369180265","0.142433"
"2369180265","1570076947","0.142433"
"1570076947","2518790240","0.0757663"
"2518790240","1570076947","0.0757663"
"1570076947","2745053513","0.0757663"
"2745053513","1570076947","0.0757663"
"1570076947","2954688697","0.142433"
"2954688697","1570076947","0.142433"
"1570076947","2987470874","0.142433"
"2987470874","1570076947","0.142433"
"1575240340","1603844035","0.952146"
"1603844035","1575240340","0.952146"
"1575240340","1616718256","0.131328"
"1616718256","1575240340","0.131328"
"1575240340","1699577049","1.86229"
"1699577049","1575240340","1.86229"
"1575240340","1725973462","0.382633"
"1725973462","1575240340","0.382633"
"1575240340","1819958245","0.73264"
"1819958245","1575240340","0.73264"
"1575240340","1940493318","0.0786967"
"1940493318","1575240340","0.0786967"
"1575240340","1957951093","0.626181"
"1957951093","1575240340","0.626181"
"1575240340","2005421574","0.370589"
"2005421574","1575240340","0.370589"
"1575240340","2010252434","0.242439"
"2010252434","1575240340","0.242439"
"1575240340","2015461635","0.0238095"
"2015461635","1575240340","0.0238095"
"1575240340","2019673585","0.22381"
"2019673585","1575240340","0.22381"
"1575240340","2072885133","0.278697"
"2072885133","1575240340","0.278697"
"1575240340","2106226772","0.68372"
"2106226772","1575240340","0.68372"
"1575240340","2116236474","0.862292"
"2116236474","1575240340","0.862292"
"1575240340","2132699727","0.54412"
"2132699727","1575240340","0.54412"
"1575240340","2154385894","0.393666"
"2154385894","1575240340","0.393666"
"1575240340","2165078378","0.813868"
"2165078378","1575240340","0.813868"
"1575240340","2292913895","0.0238095"
"2292913895","1575240340","0.0238095"
"1575240340","2293688329","0.150125"
"2293688329","1575240340","0.150125"
"1575240340","2296102517","0.0238095"
"2296102517","1575240340","0.0238095"
"1575240340","2296887322","0.202757"
"2296887322","1575240340","0.202757"
"1575240340","2369180265","1.47681"
"2369180265","1575240340","1.47681"
"1575240340","2518790240","0.0501253"
"2518790240","1575240340","0.0501253"
"1575240340","254902136","1.04806"
"254902136","1575240340","1.04806"
"1575240340","2745053513","1.47235"
"2745053513","1575240340","1.47235"
"1575240340","54762625","0.846043"
"54762625","1575240340","0.846043"
"1603844035","1616718256","0.277787"
"1616718256","1603844035","0.277787"
"1603844035","1699577049","1.13228"
"1699577049","1603844035","1.13228"
"1603844035","1725973462","0.0494506"
"1725973462","1603844035","0.0494506"
"1603844035","1819958245","0.703194"
"1819958245","1603844035","0.703194"
"1603844035","1835937145","0.0757663"
"1835937145","1603844035","0.0757663"
"1603844035","1940493318","0.386456"
"1940493318","1603844035","0.386456"
"1603844035","1957951093","0.869861"
"1957951093","1603844035","0.869861"
"1603844035","2005421574","0.0757663"
"2005421574","1603844035","0.0757663"
"1603844035","2010252434","0.277787"
"2010252434","1603844035","0.277787"
"1603844035","2015461635","0.0238095"
"2015461635","1603844035","0.0238095"
"1603844035","2016604944","0.0494506"
"2016604944","1603844035","0.0494506"
"1603844035","2019673585","0.0494506"
"2019673585","1603844035","0.0494506"
"1603844035","2072885133","1.37217"
"2072885133","1603844035","1.37217"
"1603844035","2095797338","0.242433"
"2095797338","1603844035","0.242433"
"1603844035","2106226772","0.141034"
"2106226772","1603844035","0.141034"
"1603844035","2116236474","1.27514"
"2116236474","1603844035","1.27514"
"1603844035","2128282420","1.15538"
"2128282420","1603844035","1.15538"
"1603844035","2132699727","0.242433"
"2132699727","1603844035","0.242433"
"1603844035","2136887296","0.0501253"
"2136887296","1603844035","0.0501253"
"1603844035","2142069143","0.242433"
"2142069143","1603844035","0.242433"
"1603844035","2154385894","1.19757"
"2154385894","1603844035","1.19757"
"1603844035","2162755110","0.166675"
"2162755110","1603844035","0.166675"
"1603844035","2165078378","0.186877"
"2165078378","1603844035","0.186877"
"1603844035","2167004108","2.19283"
"2167004108","1603844035","2.19283"
"1603844035","2218405197","0.0501253"
"2218405197","1603844035","0.0501253"
"1603844035","2292913895","0.0238095"
"2292913895","1603844035","0.0238095"
"1603844035","2293688329","0.325766"
"2293688329","1603844035","0.325766"
"1603844035","2296102517","0.0494506"
"2296102517","1603844035","0.0494506"
"1603844035","2296887322","0.0501253"
"2296887322","1603844035","0.0501253"
"1603844035","2369180265","0.0757663"
"2369180265","1603844035","0.0757663"
"1603844035","2518790240","0.0757663"
"2518790240","1603844035","0.0757663"
"1603844035","254902136","0.511456"
"254902136","1603844035","0.511456"
"1603844035","2745053513","0.0757663"
"2745053513","1603844035","0.0757663"
"1603844035","2954688697","0.0757663"
"2954688697","1603844035","0.0757663"
"1603844035","2987470874","0.0757663"
"2987470874","1603844035","0.0757663"
"1603844035","54762625","0.141034"
"54762625","1603844035","0.141034"
"1616718256","1699577049","2.10442"
"1699577049","1616718256","2.10442"
"1616718256","1725973462","0.078022"
"1725973462","1616718256","0.078022"
"1616718256","1819958245","2.01152"
"1819958245","1616718256","2.01152"
"1616718256","1835937145","0.256969"
"1835937145","1616718256","0.256969"
"1616718256","1940493318","0.104338"
"1940493318","1616718256","0.104338"
"1616718256","1957951093","1.17887"
"1957951093","1616718256","1.17887"
"1616718256","2005421574","0.156969"
"2005421574","1616718256","0.156969"
"1616718256","2010252434","9.13006"
"2010252434","1616718256","9.13006"
"1616718256","2015461635","0.0238095"
"2015461635","1616718256","0.0238095"
"1616718256","2016604944","0.202082"
"2016604944","1616718256","0.202082"
"1616718256","2019673585","0.411355"
"2019673585","1616718256","0.411355"
"1616718256","2072885133","0.104338"
"2072885133","1616718256","0.104338"
"1616718256","2095797338","0.104338"
"2095797338","1616718256","0.104338"
"1616718256","2106226772","0.347237"
"2106226772","1616718256","0.347237"
"1616718256","2116236474","1.43732"
"2116236474","1616718256","1.43732"
"1616718256","2128282420","0.078022"
"2128282420","1616718256","0.078022"
"1616718256","2132699727","0.256969"
"2132699727","1616718256","0.256969"
"1616718256","2136887296","0.269606"
"2136887296","1616718256","0.269606"
"1616718256","2142069143","0.104338"
"2142069143","1616718256","0.104338"
"1616718256","2154385894","0.546327"
"2154385894","1616718256","0.546327"
"1616718256","2162755110","0.310216"
"2162755110","1616718256","0.310216"
"1616718256","2165078378","3.26137"
"2165078378","1616718256","3.26137"
"1616718256","2167004108","0.104338"
"2167004108","1616718256","0.104338"
"1616718256","2218405197","0.231328"
"2218405197","1616718256","0.231328"
"1616718256","2292913895","0.0238095"
"2292913895","1616718256","0.0238095"
"1616718256","2293688329","0.104338"
"2293688329","1616718256","0.104338"
"1616718256","2296102517","0.0494506"
"2296102517","1616718256","0.0494506"
"1616718256","2296887322","0.131328"
"2296887322","1616718256","0.131328"
"1616718256","2369180265","0.0757663"
"2369180265","1616718256","0.0757663"
"1616718256","2518790240","0.0757663"
"2518790240","1616718256","0.0757663"
