"104857179","2099170260","0.5"
"2099170260","104857179","0.5"
"104857179","2119645029","0.5"
"2119645029","104857179","0.5"
"2099170260","2119645029","3.5"
"2119645029","2099170260","3.5"
"134409196","1542316315","0.2"
"1542316315","134409196","0.2"
"134409196","1989085188","2.2"
"1989085188","134409196","2.2"
"134409196","2099399600","0.2"
"2099399600","134409196","0.2"
"134409196","2119645029","0.2"
"2119645029","134409196","0.2"
"134409196","2136757778","0.2"
"2136757778","134409196","0.2"
"1542316315","1989085188","0.2"
"1989085188","1542316315","0.2"
"1542316315","2099399600","3.43611"
"2099399600","1542316315","3.43611"
"1542316315","2119645029","1.2"
"2119645029","1542316315","1.2"
"1542316315","2136757778","1.2"
"2136757778","1542316315","1.2"
"1989085188","2099399600","0.2"
"2099399600","1989085188","0.2"
"1989085188","2119645029","0.2"
"2119645029","1989085188","0.2"
"1989085188","2136757778","0.2"
"2136757778","1989085188","0.2"
"2099399600","2119645029","0.2"
"2119645029","2099399600","0.2"
"2099399600","2136757778","0.2"
"2136757778","2099399600","0.2"
"2119645029","2136757778","0.2"
"2136757778","2119645029","0.2"
"1509789192","2242085127","0.625"
"2242085127","1509789192","0.625"
"1509789192","2267921744","0.5"
"2267921744","1509789192","0.5"
"2242085127","2267921744","0.5"
"2267921744","2242085127","0.5"
"1509789192","1831183393","0.125"
"1831183393","1509789192","0.125"
"1509789192","1901014584","0.125"
"1901014584","1509789192","0.125"
"1509789192","1943919641","0.125"
"1943919641","1509789192","0.125"
"1509789192","2103552856","0.125"
"2103552856","1509789192","0.125"
"1509789192","2154869936","0.125"
"2154869936","1509789192","0.125"
"1509789192","2200961862","0.125"
"2200961862","1509789192","0.125"
"1509789192","2276006449","0.125"
"2276006449","1509789192","0.125"
"1831183393","1901014584","4.83492"
"1901014584","1831183393","4.83492"
"1831183393","1943919641","5.58492"
"1943919641","1831183393","5.58492"
"1831183393","2103552856","5.58492"
"2103552856","1831183393","5.58492"
"1831183393","2154869936","4.63492"
"2154869936","1831183393","4.63492"
"1831183393","2200961862","4.91825"
"2200961862","1831183393","4.91825"
"1831183393","2242085127","0.125"
"2242085127","1831183393","0.125"
"1831183393","2276006449","0.652778"
"2276006449","1831183393","0.652778"
"1901014584","1943919641","7.16825"
"1943919641","1901014584","7.16825"
"1901014584","2103552856","7.16825"
"2103552856","1901014584","7.16825"
"1901014584","2154869936","4.96825"
"2154869936","1901014584","4.96825"
"1901014584","2200961862","4.66825"
"2200961862","1901014584","4.66825"
"1901014584","2242085127","0.125"
"2242085127","1901014584","0.125"
"1901014584","2276006449","0.652778"
"2276006449","1901014584","0.652778"
"1943919641","2103552856","8.36825"
"2103552856","1943919641","8.36825"
"1943919641","2154869936","5.50159"
"2154869936","1943919641","5.50159"
"1943919641","2200961862","5.45159"
"2200961862","1943919641","5.45159"
"1943919641","2242085127","0.125"
"2242085127","1943919641","0.125"
"1943919641","2276006449","0.652778"
"2276006449","1943919641","0.652778"
"2103552856","2154869936","5.16825"
"2154869936","2103552856","5.16825"
"2103552856","2200961862","5.11825"
"2200961862","2103552856","5.11825"
"2103552856","2242085127","0.125"
"2242085127","2103552856","0.125"
"2103552856","2276006449","1.65278"
"2276006449","2103552856","1.65278"
"2154869936","2200961862","5.00159"
"2200961862","2154869936","5.00159"
"2154869936","2242085127","0.125"
"2242085127","2154869936","0.125"
"2154869936","2276006449","0.652778"
"2276006449","2154869936","0.652778"
"2200961862","2242085127","0.125"
"2242085127","2200961862","0.125"
"2200961862","2276006449","0.486111"
"2276006449","2200961862","0.486111"
"2242085127","2276006449","0.125"
"2276006449","2242085127","0.125"
"1542316315","1831183393","0.236111"
"1831183393","1542316315","0.236111"
"1542316315","1901014584","0.236111"
"1901014584","1542316315","0.236111"
"1542316315","1943919641","0.236111"
"1943919641","1542316315","0.236111"
"1542316315","1962473689","0.236111"
"1962473689","1542316315","0.236111"
"1542316315","2103552856","0.236111"
"2103552856","1542316315","0.236111"
"1542316315","2154869936","0.236111"
"2154869936","1542316315","0.236111"
"1542316315","2200961862","0.236111"
"2200961862","1542316315","0.236111"
"1542316315","2276006449","0.111111"
"2276006449","1542316315","0.111111"
"1831183393","1962473689","4.79325"
"1962473689","1831183393","4.79325"
"1831183393","2099399600","0.521825"
"2099399600","1831183393","0.521825"
"1901014584","1962473689","4.54325"
"1962473689","1901014584","4.54325"
"1901014584","2099399600","0.521825"
"2099399600","1901014584","0.521825"
"1943919641","1962473689","4.99325"
"1962473689","1943919641","4.99325"
"1943919641","2099399600","0.771825"
"2099399600","1943919641","0.771825"
"1962473689","2099399600","0.521825"
"2099399600","1962473689","0.521825"
"1962473689","2103552856","6.99325"
"2103552856","1962473689","6.99325"
"1962473689","2154869936","4.54325"
"2154869936","1962473689","4.54325"
"1962473689","2200961862","4.82659"
"2200961862","1962473689","4.82659"
"1962473689","2276006449","0.527778"
"2276006449","1962473689","0.527778"
"2099399600","2103552856","0.771825"
"2103552856","2099399600","0.771825"
"2099399600","2154869936","0.521825"
"2154869936","2099399600","0.521825"
"2099399600","2200961862","0.521825"
"2200961862","2099399600","0.521825"
"2099399600","2276006449","0.111111"
"2276006449","2099399600","0.111111"
"1575543897","1596075621","2"
"1596075621","1575543897","2"
"1596075621","1943919641","0.25"
"1943919641","1596075621","0.25"
"1596075621","2099170260","0.25"
"2099170260","1596075621","0.25"
"1596075621","2099399600","0.25"
"2099399600","1596075621","0.25"
"1596075621","2103552856","0.25"
"2103552856","1596075621","0.25"
"1943919641","2099170260","0.25"
"2099170260","1943919641","0.25"
"2099170260","2099399600","3.25"
"2099399600","2099170260","3.25"
"2099170260","2103552856","0.25"
"2103552856","2099170260","0.25"
"1596075621","2119645029","2"
"2119645029","1596075621","2"
"1596075621","2156774571","2"
"2156774571","1596075621","2"
"2119645029","2156774571","1"
"2156774571","2119645029","1"
"1831183393","2277990641","2.8631"
"2277990641","1831183393","2.8631"
"1901014584","2277990641","4.8631"
"2277990641","1901014584","4.8631"
"1943919641","2277990641","5.39643"
"2277990641","1943919641","5.39643"
"1962473689","2277990641","2.89643"
"2277990641","1962473689","2.89643"
"2103552856","2277990641","5.0631"
"2277990641","2103552856","5.0631"
"2154869936","2277990641","3.39643"
"2277990641","2154869936","3.39643"
"2200961862","2277990641","3.39643"
"2277990641","2200961862","3.39643"
"2276006449","2277990641","0.125"
"2277990641","2276006449","0.125"
"1831183393","2403400327","0.125"
"2403400327","1831183393","0.125"
"1901014584","2403400327","0.125"
"2403400327","1901014584","0.125"
"1943919641","2403400327","4.125"
"2403400327","1943919641","4.125"
"1962473689","2403400327","0.125"
"2403400327","1962473689","0.125"
"2103552856","2403400327","0.125"
"2403400327","2103552856","0.125"
"2154869936","2403400327","0.125"
"2403400327","2154869936","0.125"
"2200961862","2403400327","0.125"
"2403400327","2200961862","0.125"
"2276006449","2403400327","0.125"
"2403400327","2276006449","0.125"
"1962473689","2759771768","1"
"2759771768","1962473689","1"
"1989085188","2503510896","4"
"2503510896","1989085188","4"
"2091089754","2171574715","14"
"2171574715","2091089754","14"
"2267921744","2736709987","1"
"2736709987","2267921744","1"
