"1041778","1582561784","0.2"
"1582561784","1041778","0.2"
"1041778","2069447774","0.2"
"2069447774","1041778","0.2"
"1041778","2096035397","0.2"
"2096035397","1041778","0.2"
"1041778","2139080995","0.2"
"2139080995","1041778","0.2"
"1041778","2146034932","0.2"
"2146034932","1041778","0.2"
"1582561784","2069447774","0.509524"
"2069447774","1582561784","0.509524"
"1582561784","2096035397","0.45"
"2096035397","1582561784","0.45"
"1582561784","2139080995","5.15238"
"2139080995","1582561784","5.15238"
"1582561784","2146034932","0.366667"
"2146034932","1582561784","0.366667"
"2069447774","2096035397","0.2"
"2096035397","2069447774","0.2"
"2069447774","2139080995","1.65952"
"2139080995","2069447774","1.65952"
"2069447774","2146034932","0.366667"
"2146034932","2069447774","0.366667"
"2096035397","2139080995","0.2"
"2139080995","2096035397","0.2"
"2096035397","2146034932","1.78333"
"2146034932","2096035397","1.78333"
"2139080995","2146034932","0.366667"
"2146034932","2139080995","0.366667"
"1041778","1480815562","0.25"
"1480815562","1041778","0.25"
"1041778","1564775601","0.25"
"1564775601","1041778","0.25"
"1041778","1601454324","0.25"
"1601454324","1041778","0.25"
"1041778","1610603564","0.25"
"1610603564","1041778","0.25"
"1480815562","1564775601","9.30119"
"1564775601","1480815562","9.30119"
"1480815562","1601454324","6.61905"
"1601454324","1480815562","6.61905"
"1480815562","1610603564","1.39286"
"1610603564","1480815562","1.39286"
"1564775601","1601454324","4.69841"
"1601454324","1564775601","4.69841"
"1564775601","1610603564","0.555556"
"1610603564","1564775601","0.555556"
"1601454324","1610603564","0.539322"
"1610603564","1601454324","0.539322"
"1041778","1568555283","1"
"1568555283","1041778","1"
"1041778","2114952757","1"
"2114952757","1041778","1"
"1041778","1527856372","0.5"
"1527856372","1041778","0.5"
"1041778","2093988169","0.5"
"2093988169","1041778","0.5"
"1527856372","2093988169","0.5"
"2093988169","1527856372","0.5"
"1041778","1603778258","1"
"1603778258","1041778","1"
"106095420","1549094757","0.333333"
"1549094757","106095420","0.333333"
"106095420","2096733704","0.333333"
"2096733704","106095420","0.333333"
"106095420","2113040431","0.333333"
"2113040431","106095420","0.333333"
"1549094757","2096733704","3.33333"
"2096733704","1549094757","3.33333"
"1549094757","2113040431","2.42424"
"2113040431","1549094757","2.42424"
"2096733704","2113040431","0.333333"
"2113040431","2096733704","0.333333"
"106237003","2289584201","1.825"
"2289584201","106237003","1.825"
"106237003","2048968742","1.86667"
"2048968742","106237003","1.86667"
"106237003","2295359938","1.11667"
"2295359938","106237003","1.11667"
"106237003","2763340581","0.666667"
"2763340581","106237003","0.666667"
"2048968742","2289584201","0.717857"
"2289584201","2048968742","0.717857"
"2048968742","2295359938","1.84286"
"2295359938","2048968742","1.84286"
"2048968742","2763340581","1.47619"
"2763340581","2048968742","1.47619"
"2289584201","2295359938","2.46786"
"2295359938","2289584201","2.46786"
"2289584201","2763340581","2.18452"
"2763340581","2289584201","2.18452"
"2295359938","2763340581","2.47619"
"2763340581","2295359938","2.47619"
"106237003","2148616589","1.375"
"2148616589","106237003","1.375"
"2048968742","2148616589","4.43452"
"2148616589","2048968742","4.43452"
"106237003","2543050674","0.866667"
"2543050674","106237003","0.866667"
"106237003","2751273148","0.45"
"2751273148","106237003","0.45"
"106237003","2889555490","0.416667"
"2889555490","106237003","0.416667"
"106237003","2901100770","0.416667"
"2901100770","106237003","0.416667"
"2048968742","2543050674","0.759524"
"2543050674","2048968742","0.759524"
"2048968742","2751273148","0.783333"
"2751273148","2048968742","0.783333"
"2048968742","2889555490","1.55952"
"2889555490","2048968742","1.55952"
"2048968742","2901100770","0.559524"
"2901100770","2048968742","0.559524"
"2289584201","2543050674","1.55119"
"2543050674","2289584201","1.55119"
"2289584201","2751273148","1.15833"
"2751273148","2289584201","1.15833"
"2289584201","2889555490","0.934524"
"2889555490","2289584201","0.934524"
"2289584201","2901100770","0.267857"
"2901100770","2289584201","0.267857"
"2295359938","2543050674","1.34286"
"2543050674","2295359938","1.34286"
"2295359938","2751273148","1.11667"
"2751273148","2295359938","1.11667"
"2295359938","2889555490","2.22619"
"2889555490","2295359938","2.22619"
"2295359938","2901100770","0.559524"
"2901100770","2295359938","0.559524"
"2543050674","2751273148","1.28333"
"2751273148","2543050674","1.28333"
"2543050674","2763340581","1.39286"
"2763340581","2543050674","1.39286"
"2543050674","2889555490","1.72619"
"2889555490","2543050674","1.72619"
"2543050674","2901100770","0.559524"
"2901100770","2543050674","0.559524"
"2751273148","2763340581","1.25"
"2763340581","2751273148","1.25"
"2751273148","2889555490","1.25"
"2889555490","2751273148","1.25"
"2751273148","2901100770","0.25"
"2901100770","2751273148","0.25"
"2763340581","2889555490","3.05952"
"2889555490","2763340581","3.05952"
"2763340581","2901100770","0.559524"
"2901100770","2763340581","0.559524"
"2889555490","2901100770","6.05952"
"2901100770","2889555490","6.05952"
"2148616589","2295359938","2.85119"
"2295359938","2148616589","2.85119"
"2148616589","2543050674","0.517857"
"2543050674","2148616589","0.517857"
"2148616589","2751273148","0.458333"
"2751273148","2148616589","0.458333"
"2148616589","2763340581","0.934524"
"2763340581","2148616589","0.934524"
"2148616589","2889555490","0.767857"
"2889555490","2148616589","0.767857"
"2148616589","2901100770","0.767857"
"2901100770","2148616589","0.767857"
"2148616589","2289584201","0.892857"
"2289584201","2148616589","0.892857"
"109492686","1564775601","3.69841"
"1564775601","109492686","3.69841"
"109492686","1480815562","1.39286"
"1480815562","109492686","1.39286"
"109492686","1718334008","0.333333"
"1718334008","109492686","0.333333"
"1480815562","1718334008","0.333333"
"1718334008","1480815562","0.333333"
"1564775601","1718334008","0.333333"
"1718334008","1564775601","0.333333"
"109492686","141094823","0.392857"
"141094823","109492686","0.392857"
"109492686","170611514","0.305556"
"170611514","109492686","0.305556"
"109492686","2112240651","0.448413"
"2112240651","109492686","0.448413"
"109492686","2119708968","0.305556"
"2119708968","109492686","0.305556"
"141094823","170611514","0.608766"
"170611514","141094823","0.608766"
"141094823","2112240651","0.983766"
"2112240651","141094823","0.983766"
"141094823","2119708968","0.699675"
"2119708968","141094823","0.699675"
"170611514","2112240651","1.88218"
"2112240651","170611514","1.88218"
"170611514","2119708968","2.18575"
"2119708968","170611514","2.18575"
"2112240651","2119708968","0.539322"
"2119708968","2112240651","0.539322"
"109492686","1610603564","1.30556"
"1610603564","109492686","1.30556"
"109492686","1582561784","0.142857"
"1582561784","109492686","0.142857"
"109492686","1721847811","1.14286"
"1721847811","109492686","1.14286"
"109492686","1979363094","0.34127"
"1979363094","109492686","0.34127"
"109492686","2123684861","0.281746"
"2123684861","109492686","0.281746"
"109492686","2139080995","0.142857"
"2139080995","109492686","0.142857"
"109492686","2210874835","0.142857"
"2210874835","109492686","0.142857"
"1582561784","1721847811","0.142857"
"1721847811","1582561784","0.142857"
"1582561784","1979363094","0.285714"
"1979363094","1582561784","0.285714"
"1582561784","2112240651","0.142857"
"2112240651","1582561784","0.142857"
"1582561784","2123684861","0.142857"
"2123684861","1582561784","0.142857"
"1582561784","2210874835","0.142857"
"2210874835","1582561784","0.142857"
"1721847811","1979363094","0.142857"
"1979363094","1721847811","0.142857"
"1721847811","2112240651","0.142857"
"2112240651","1721847811","0.142857"
"1721847811","2123684861","0.142857"
"2123684861","1721847811","0.142857"
"1721847811","2139080995","0.142857"
"2139080995","1721847811","0.142857"
"1721847811","2210874835","0.142857"
"2210874835","1721847811","0.142857"
"1979363094","2112240651","1.20794"
"2112240651","1979363094","1.20794"
"1979363094","2123684861","0.198413"
"2123684861","1979363094","0.198413"
"1979363094","2139080995","0.285714"
"2139080995","1979363094","0.285714"
"1979363094","2210874835","1.15238"
"2210874835","1979363094","1.15238"
"2112240651","2123684861","1.14841"
"2123684861","2112240651","1.14841"
"2112240651","2139080995","0.542857"
"2139080995","2112240651","0.542857"
"2112240651","2210874835","11.8952"
"2210874835","2112240651","11.8952"
"2123684861","2139080995","0.342857"
"2139080995","2123684861","0.342857"
"2123684861","2210874835","1.09286"
"2210874835","2123684861","1.09286"
"2139080995","2210874835","0.542857"
"2210874835","2139080995","0.542857"
"109492686","1601454324","0.615079"
"1601454324","109492686","0.615079"
"109492686","1971694152","0.388889"
"1971694152","109492686","0.388889"
"109492686","2147685324","0.388889"
"2147685324","109492686","0.388889"
"1564775601","1971694152","0.713889"
"1971694152","1564775601","0.713889"
"1564775601","2147685324","0.847222"
"2147685324","1564775601","0.847222"
"1610603564","1971694152","0.305556"
"1971694152","1610603564","0.305556"
"1610603564","2147685324","0.305556"
"2147685324","1610603564","0.305556"
"1971694152","2147685324","0.638889"
"2147685324","1971694152","0.638889"
"109492686","1527856372","0.142857"
"1527856372","109492686","0.142857"
"109492686","1824407331","0.142857"
"1824407331","109492686","0.142857"
"141094823","1480815562","0.142857"
"1480815562","141094823","0.142857"
"141094823","1527856372","1.23377"
"1527856372","141094823","1.23377"
"141094823","1564775601","0.142857"
"1564775601","141094823","0.142857"
"141094823","1601454324","0.142857"
"1601454324","141094823","0.142857"
"141094823","1824407331","0.142857"
"1824407331","141094823","0.142857"
"141094823","1979363094","0.142857"
"1979363094","141094823","0.142857"
"1480815562","1527856372","0.392857"
"1527856372","1480815562","0.392857"
"1480815562","1824407331","0.642857"
"1824407331","1480815562","0.642857"
"1480815562","1979363094","0.142857"
"1979363094","1480815562","0.142857"
"1527856372","1564775601","0.142857"
"1564775601","1527856372","0.142857"
"1527856372","1601454324","0.142857"
"1601454324","1527856372","0.142857"
"1527856372","1824407331","1.14286"
"1824407331","1527856372","1.14286"
"1527856372","1979363094","0.142857"
"1979363094","1527856372","0.142857"
"1564775601","1824407331","0.142857"
"1824407331","1564775601","0.142857"
"1564775601","1979363094","0.198413"
"1979363094","1564775601","0.198413"
"1601454324","1824407331","0.642857"
"1824407331","1601454324","0.642857"
"1601454324","1979363094","0.198413"
"1979363094","1601454324","0.198413"
"1824407331","1979363094","0.309524"
"1979363094","1824407331","0.309524"
"109492686","1603778258","0.0555556"
"1603778258","109492686","0.0555556"
"109492686","1605744481","0.0555556"
"1605744481","109492686","0.0555556"
"109492686","1910543681","0.0555556"
"1910543681","109492686","0.0555556"
"109492686","1982325601","0.0555556"
"1982325601","109492686","0.0555556"
"109492686","2009469418","0.0555556"
"2009469418","109492686","0.0555556"
"109492686","2067560675","0.0555556"
"2067560675","109492686","0.0555556"
"109492686","2721203044","0.0555556"
"2721203044","109492686","0.0555556"
"109492686","2953298321","0.0555556"
"2953298321","109492686","0.0555556"
"1564775601","1603778258","0.0555556"
"1603778258","1564775601","0.0555556"
"1564775601","1605744481","0.0555556"
"1605744481","1564775601","0.0555556"
"1564775601","170611514","0.255556"
"170611514","1564775601","0.255556"
"1564775601","1910543681","0.0555556"
"1910543681","1564775601","0.0555556"
"1564775601","1982325601","0.0555556"
"1982325601","1564775601","0.0555556"
"1564775601","2009469418","0.180556"
"2009469418","1564775601","0.180556"
"1564775601","2067560675","0.180556"
"2067560675","1564775601","0.180556"
"1564775601","2112240651","0.255556"
"2112240651","1564775601","0.255556"
"1564775601","2119708968","0.180556"
"2119708968","1564775601","0.180556"
"1564775601","2123684861","0.138889"
"2123684861","1564775601","0.138889"
"1564775601","2721203044","0.180556"
"2721203044","1564775601","0.180556"
"1564775601","2953298321","0.0555556"
"2953298321","1564775601","0.0555556"
"1601454324","1603778258","0.0555556"
"1603778258","1601454324","0.0555556"
"1601454324","1605744481","0.0555556"
"1605744481","1601454324","0.0555556"
"1601454324","170611514","0.0555556"
"170611514","1601454324","0.0555556"
"1601454324","1910543681","0.0555556"
"1910543681","1601454324","0.0555556"
"1601454324","1971694152","0.138889"
"1971694152","1601454324","0.138889"
"1601454324","1982325601","0.0555556"
"1982325601","1601454324","0.0555556"
"1601454324","2009469418","0.0555556"
"2009469418","1601454324","0.0555556"
"1601454324","2067560675","0.0555556"
"2067560675","1601454324","0.0555556"
"1601454324","2112240651","0.0555556"
"2112240651","1601454324","0.0555556"
"1601454324","2119708968","0.0555556"
"2119708968","1601454324","0.0555556"
"1601454324","2123684861","0.229798"
"2123684861","1601454324","0.229798"
"1601454324","2147685324","0.472222"
"2147685324","1601454324","0.472222"
"1601454324","2721203044","0.0555556"
"2721203044","1601454324","0.0555556"
"1601454324","2953298321","0.0555556"
"2953298321","1601454324","0.0555556"
"1603778258","1605744481","3.56115"
"1605744481","1603778258","3.56115"
"1603778258","1610603564","0.388889"
"1610603564","1603778258","0.388889"
"1603778258","170611514","1.56075"
"170611514","1603778258","1.56075"
"1603778258","1910543681","0.222222"
"1910543681","1603778258","0.222222"
"1603778258","1971694152","0.0555556"
"1971694152","1603778258","0.0555556"
"1603778258","1979363094","0.0555556"
"1979363094","1603778258","0.0555556"
"1603778258","1982325601","19.2473"
"1982325601","1603778258","19.2473"
"1603778258","2009469418","3.88063"
"2009469418","1603778258","3.88063"
"1603778258","2067560675","6.31872"
"2067560675","1603778258","6.31872"
"1603778258","2112240651","0.455988"
"2112240651","1603778258","0.455988"
"1603778258","2119708968","2.16952"
"2119708968","1603778258","2.16952"
"1603778258","2123684861","0.0555556"
"2123684861","1603778258","0.0555556"
"1603778258","2147685324","0.455988"
"2147685324","1603778258","0.455988"
"1603778258","2721203044","3.48063"
"2721203044","1603778258","3.48063"
"1603778258","2953298321","5.37348"
"2953298321","1603778258","5.37348"
"1605744481","1610603564","0.0555556"
"1610603564","1605744481","0.0555556"
"1605744481","170611514","0.707937"
"170611514","1605744481","0.707937"
"1605744481","1910543681","0.0555556"
"1910543681","1605744481","0.0555556"
"1605744481","1971694152","0.0555556"
"1971694152","1605744481","0.0555556"
"1605744481","1979363094","0.0555556"
"1979363094","1605744481","0.0555556"
"1605744481","1982325601","2.57781"
"1982325601","1605744481","2.57781"
"1605744481","2009469418","1.21115"
"2009469418","1605744481","1.21115"
"1605744481","2067560675","5.65877"
"2067560675","1605744481","5.65877"
"1605744481","2112240651","0.0555556"
"2112240651","1605744481","0.0555556"
"1605744481","2119708968","1.50718"
"2119708968","1605744481","1.50718"
"1605744481","2123684861","0.0555556"
"2123684861","1605744481","0.0555556"
"1605744481","2147685324","0.0555556"
"2147685324","1605744481","0.0555556"
"1605744481","2721203044","1.01115"
"2721203044","1605744481","1.01115"
"1605744481","2953298321","3.09448"
"2953298321","1605744481","3.09448"
"1610603564","170611514","0.0555556"
"170611514","1610603564","0.0555556"
"1610603564","1910543681","0.0555556"
"1910543681","1610603564","0.0555556"
"1610603564","1979363094","0.198413"
"1979363094","1610603564","0.198413"
"1610603564","1982325601","0.388889"
"1982325601","1610603564","0.388889"
"1610603564","2009469418","0.0555556"
"2009469418","1610603564","0.0555556"
"1610603564","2067560675","0.0555556"
"2067560675","1610603564","0.0555556"
"1610603564","2112240651","0.0555556"
"2112240651","1610603564","0.0555556"
"1610603564","2119708968","0.0555556"
"2119708968","1610603564","0.0555556"
"1610603564","2123684861","0.346465"
"2123684861","1610603564","0.346465"
"1610603564","2721203044","0.0555556"
"2721203044","1610603564","0.0555556"
"1610603564","2953298321","0.388889"
"2953298321","1610603564","0.388889"
"170611514","1910543681","0.365079"
"1910543681","170611514","0.365079"
"170611514","1971694152","0.380556"
"1971694152","170611514","0.380556"
"170611514","1979363094","0.615079"
"1979363094","170611514","0.615079"
"170611514","1982325601","1.21789"
"1982325601","170611514","1.21789"
"170611514","2009469418","1.17623"
"2009469418","170611514","1.17623"
"170611514","2067560675","0.655988"
"2067560675","170611514","0.655988"
"170611514","2123684861","0.0555556"
"2123684861","170611514","0.0555556"
"170611514","2147685324","0.830988"
"2147685324","170611514","0.830988"
"170611514","2721203044","1.17623"
"2721203044","170611514","1.17623"
"170611514","2953298321","0.98575"
"2953298321","170611514","0.98575"
"1910543681","1971694152","0.0555556"
"1971694152","1910543681","0.0555556"
"1910543681","1979363094","0.365079"
"1979363094","1910543681","0.365079"
"1910543681","1982325601","0.222222"
"1982325601","1910543681","0.222222"
"1910543681","2009469418","0.0555556"
"2009469418","1910543681","0.0555556"
"1910543681","2067560675","0.0555556"
"2067560675","1910543681","0.0555556"
"1910543681","2112240651","1.19841"
"2112240651","1910543681","1.19841"
"1910543681","2119708968","0.0555556"
"2119708968","1910543681","0.0555556"
"1910543681","2123684861","0.0555556"
"2123684861","1910543681","0.0555556"
"1910543681","2147685324","2.86508"
"2147685324","1910543681","2.86508"
"1910543681","2721203044","0.0555556"
"2721203044","1910543681","0.0555556"
"1910543681","2953298321","0.222222"
"2953298321","1910543681","0.222222"
"1971694152","1979363094","0.0555556"
"1979363094","1971694152","0.0555556"
"1971694152","1982325601","0.0555556"
"1982325601","1971694152","0.0555556"
"1971694152","2009469418","0.305556"
"2009469418","1971694152","0.305556"
"1971694152","2067560675","0.180556"
"2067560675","1971694152","0.180556"
"1971694152","2112240651","0.255556"
"2112240651","1971694152","0.255556"
"1971694152","2119708968","0.305556"
"2119708968","1971694152","0.305556"
"1971694152","2123684861","0.138889"
"2123684861","1971694152","0.138889"
"1971694152","2721203044","0.305556"
"2721203044","1971694152","0.305556"
"1971694152","2953298321","0.180556"
"2953298321","1971694152","0.180556"
"1979363094","1982325601","0.0555556"
"1982325601","1979363094","0.0555556"
"1979363094","2009469418","0.0555556"
"2009469418","1979363094","0.0555556"
"1979363094","2067560675","0.0555556"
"2067560675","1979363094","0.0555556"
"1979363094","2119708968","0.305556"
"2119708968","1979363094","0.305556"
"1979363094","2147685324","1.28175"
"2147685324","1979363094","1.28175"
"1979363094","2721203044","0.0555556"
"2721203044","1979363094","0.0555556"
"1979363094","2953298321","0.0555556"
"2953298321","1979363094","0.0555556"
"1982325601","2009469418","3.20444"
"2009469418","1982325601","3.20444"
"1982325601","2067560675","3.75206"
"2067560675","1982325601","3.75206"
"1982325601","2112240651","0.455988"
"2112240651","1982325601","0.455988"
"1982325601","2119708968","1.57666"
"2119708968","1982325601","1.57666"
"1982325601","2123684861","0.0555556"
"2123684861","1982325601","0.0555556"
"1982325601","2147685324","0.455988"
"2147685324","1982325601","0.455988"
"1982325601","2721203044","3.00444"
"2721203044","1982325601","3.00444"
"1982325601","2953298321","5.98063"
"2953298321","1982325601","5.98063"
"2009469418","2067560675","1.76039"
"2067560675","2009469418","1.76039"
"2009469418","2112240651","0.146465"
"2112240651","2009469418","0.146465"
"2009469418","2119708968","4.40999"
"2119708968","2009469418","4.40999"
"2009469418","2123684861","0.0555556"
"2123684861","2009469418","0.0555556"
"2009469418","2147685324","0.539322"
"2147685324","2009469418","0.539322"
"2009469418","2721203044","13.1473"
"2721203044","2009469418","13.1473"
"2009469418","2953298321","1.90563"
"2953298321","2009469418","1.90563"
"2067560675","2112240651","0.146465"
"2112240651","2067560675","0.146465"
"2067560675","2119708968","1.13975"
"2119708968","2067560675","1.13975"
"2067560675","2123684861","0.0555556"
"2123684861","2067560675","0.0555556"
"2067560675","2147685324","0.414322"
"2147685324","2067560675","0.414322"
"2067560675","2721203044","1.36039"
"2721203044","2067560675","1.36039"
"2067560675","2953298321","2.85206"
"2953298321","2067560675","2.85206"
"2112240651","2147685324","2.45599"
"2147685324","2112240651","2.45599"
"2112240651","2721203044","0.146465"
"2721203044","2112240651","0.146465"
"2112240651","2953298321","0.455988"
"2953298321","2112240651","0.455988"
"2119708968","2123684861","0.0555556"
"2123684861","2119708968","0.0555556"
"2119708968","2147685324","0.789322"
"2147685324","2119708968","0.789322"
"2119708968","2721203044","3.40999"
"2721203044","2119708968","3.40999"
"2119708968","2953298321","3.59452"
"2953298321","2119708968","3.59452"
"2123684861","2147685324","0.138889"
"2147685324","2123684861","0.138889"
"2123684861","2721203044","0.0555556"
"2721203044","2123684861","0.0555556"
"2123684861","2953298321","0.0555556"
"2953298321","2123684861","0.0555556"
"2147685324","2721203044","0.539322"
"2721203044","2147685324","0.539322"
"2147685324","2953298321","0.580988"
"2953298321","2147685324","0.580988"
"2721203044","2953298321","1.90563"
"2953298321","2721203044","1.90563"
"109492686","1985874619","0.0833333"
"1985874619","109492686","0.0833333"
"109492686","2104748480","0.0833333"
"2104748480","109492686","0.0833333"
"109492686","2113040431","0.0833333"
"2113040431","109492686","0.0833333"
"109492686","2124077560","0.0833333"
"2124077560","109492686","0.0833333"
"109492686","2124371582","0.0833333"
"2124371582","109492686","0.0833333"
"109492686","2131123432","0.0833333"
"2131123432","109492686","0.0833333"
"1480815562","1971694152","0.408333"
"1971694152","1480815562","0.408333"
"1480815562","1985874619","0.0833333"
"1985874619","1480815562","0.0833333"
"1480815562","2104748480","0.0833333"
"2104748480","1480815562","0.0833333"
"1480815562","2113040431","0.22619"
"2113040431","1480815562","0.22619"
"1480815562","2123684861","0.0833333"
"2123684861","1480815562","0.0833333"
"1480815562","2124077560","0.0833333"
"2124077560","1480815562","0.0833333"
"1480815562","2124371582","0.0833333"
"2124371582","1480815562","0.0833333"
"1480815562","2131123432","0.0833333"
"2131123432","1480815562","0.0833333"
"1480815562","2147685324","0.541667"
"2147685324","1480815562","0.541667"
"1564775601","1985874619","0.0833333"
"1985874619","1564775601","0.0833333"
"1564775601","2104748480","0.0833333"
"2104748480","1564775601","0.0833333"
"1564775601","2113040431","0.0833333"
"2113040431","1564775601","0.0833333"
"1564775601","2124077560","0.0833333"
"2124077560","1564775601","0.0833333"
"1564775601","2124371582","0.0833333"
"2124371582","1564775601","0.0833333"
"1564775601","2131123432","0.0833333"
"2131123432","1564775601","0.0833333"
"1601454324","1985874619","0.0833333"
"1985874619","1601454324","0.0833333"
"1601454324","2104748480","0.0833333"
"2104748480","1601454324","0.0833333"
"1601454324","2113040431","0.3171"
"2113040431","1601454324","0.3171"
"1601454324","2124077560","0.0833333"
"2124077560","1601454324","0.0833333"
"1601454324","2124371582","0.0833333"
"2124371582","1601454324","0.0833333"
"1601454324","2131123432","0.0833333"
"2131123432","1601454324","0.0833333"
"1971694152","1985874619","0.0833333"
"1985874619","1971694152","0.0833333"
"1971694152","2104748480","0.0833333"
"2104748480","1971694152","0.0833333"
"1971694152","2113040431","0.0833333"
"2113040431","1971694152","0.0833333"
"1971694152","2124077560","0.0833333"
"2124077560","1971694152","0.0833333"
"1971694152","2124371582","0.0833333"
"2124371582","1971694152","0.0833333"
"1971694152","2131123432","0.0833333"
"2131123432","1971694152","0.0833333"
"1985874619","2104748480","0.0833333"
"2104748480","1985874619","0.0833333"
"1985874619","2113040431","0.0833333"
"2113040431","1985874619","0.0833333"
"1985874619","2123684861","0.0833333"
"2123684861","1985874619","0.0833333"
"1985874619","2124077560","23.3333"
"2124077560","1985874619","23.3333"
"1985874619","2124371582","1.08333"
"2124371582","1985874619","1.08333"
"1985874619","2131123432","0.583333"
"2131123432","1985874619","0.583333"
"1985874619","2147685324","0.0833333"
"2147685324","1985874619","0.0833333"
"2104748480","2113040431","0.0833333"
"2113040431","2104748480","0.0833333"
"2104748480","2123684861","0.283333"
"2123684861","2104748480","0.283333"
"2104748480","2124077560","0.22619"
"2124077560","2104748480","0.22619"
"2104748480","2124371582","0.0833333"
"2124371582","2104748480","0.0833333"
"2104748480","2131123432","6.78333"
"2131123432","2104748480","6.78333"
"2104748480","2147685324","0.0833333"
"2147685324","2104748480","0.0833333"
"2113040431","2123684861","0.174242"
"2123684861","2113040431","0.174242"
"2113040431","2124077560","0.0833333"
"2124077560","2113040431","0.0833333"
"2113040431","2124371582","0.0833333"
"2124371582","2113040431","0.0833333"
"2113040431","2131123432","0.0833333"
"2131123432","2113040431","0.0833333"
"2113040431","2147685324","0.0833333"
"2147685324","2113040431","0.0833333"
"2123684861","2124077560","0.0833333"
"2124077560","2123684861","0.0833333"
"2123684861","2124371582","0.0833333"
"2124371582","2123684861","0.0833333"
"2123684861","2131123432","0.283333"
"2131123432","2123684861","0.283333"
"2124077560","2124371582","1.08333"
"2124371582","2124077560","1.08333"
"2124077560","2131123432","0.583333"
"2131123432","2124077560","0.583333"
"2124077560","2147685324","0.0833333"
"2147685324","2124077560","0.0833333"
"2124371582","2131123432","0.0833333"
"2131123432","2124371582","0.0833333"
"2124371582","2147685324","0.0833333"
"2147685324","2124371582","0.0833333"
"2131123432","2147685324","0.0833333"
"2147685324","2131123432","0.0833333"
"141094823","1603778258","0.324675"
"1603778258","141094823","0.324675"
"141094823","1982325601","0.324675"
"1982325601","141094823","0.324675"
"141094823","2210874835","0.142857"
"2210874835","141094823","0.142857"
"141094823","2953298321","0.449675"
"2953298321","141094823","0.449675"
"1603778258","2210874835","0.142857"
"2210874835","1603778258","0.142857"
"170611514","2210874835","0.285714"
"2210874835","170611514","0.285714"
"1982325601","2210874835","0.142857"
"2210874835","1982325601","0.142857"
"2119708968","2210874835","0.142857"
"2210874835","2119708968","0.142857"
"2210874835","2953298321","0.142857"
"2953298321","2210874835","0.142857"
"141094823","2009469418","0.640152"
"2009469418","141094823","0.640152"
"141094823","2100331372","0.549242"
"2100331372","141094823","0.549242"
"141094823","2721203044","0.640152"
"2721203044","141094823","0.640152"
"2009469418","2100331372","0.549242"
"2100331372","2009469418","0.549242"
"2100331372","2721203044","0.549242"
"2721203044","2100331372","0.549242"
"141094823","2124371582","1"
"2124371582","141094823","1"
"2112240651","2124371582","0.5"
"2124371582","2112240651","0.5"
"141094823","1488297101","0.0909091"
"1488297101","141094823","0.0909091"
"141094823","1499912117","0.0909091"
"1499912117","141094823","0.0909091"
"141094823","1605744481","0.0909091"
"1605744481","141094823","0.0909091"
"141094823","2067560675","0.181818"
"2067560675","141094823","0.181818"
"1488297101","1499912117","0.944877"
"1499912117","1488297101","0.944877"
"1488297101","1527856372","1.45202"
"1527856372","1488297101","1.45202"
"1488297101","1603778258","2.92821"
"1603778258","1488297101","2.92821"
"1488297101","1605744481","1.80202"
"1605744481","1488297101","1.80202"
"1488297101","1982325601","2.25202"
"1982325601","1488297101","2.25202"
"1488297101","2009469418","1.64488"
"2009469418","1488297101","1.64488"
"1488297101","2067560675","1.80202"
"2067560675","1488297101","1.80202"
"1488297101","2119708968","0.650433"
"2119708968","1488297101","0.650433"
"1488297101","2721203044","1.24488"
"2721203044","1488297101","1.24488"
"1488297101","2953298321","1.12821"
"2953298321","1488297101","1.12821"
"1499912117","1527856372","0.20202"
"1527856372","1499912117","0.20202"
"1499912117","1603778258","6.61273"
"1603778258","1499912117","6.61273"
"1499912117","1605744481","1.51988"
"1605744481","1499912117","1.51988"
"1499912117","1982325601","1.31988"
"1982325601","1499912117","1.31988"
"1499912117","2009469418","1.01273"
"2009469418","1499912117","1.01273"
"1499912117","2067560675","4.21988"
"2067560675","1499912117","4.21988"
"1499912117","2119708968","0.808766"
"2119708968","1499912117","0.808766"
"1499912117","2721203044","0.612734"
"2721203044","1499912117","0.612734"
"1499912117","2953298321","1.31273"
"2953298321","1499912117","1.31273"
"1527856372","1603778258","0.45202"
"1603778258","1527856372","0.45202"
"1527856372","1605744481","0.20202"
"1605744481","1527856372","0.20202"
"1527856372","1982325601","0.45202"
"1982325601","1527856372","0.45202"
"1527856372","2009469418","0.20202"
"2009469418","1527856372","0.20202"
"1527856372","2067560675","0.20202"
"2067560675","1527856372","0.20202"
"1527856372","2119708968","0.0909091"
"2119708968","1527856372","0.0909091"
"1527856372","2721203044","0.20202"
"2721203044","1527856372","0.20202"
"1527856372","2953298321","0.45202"
"2953298321","1527856372","0.45202"
"141094823","2147685324","0.215909"
"2147685324","141094823","0.215909"
"1603778258","2100331372","0.424242"
"2100331372","1603778258","0.424242"
"170611514","2100331372","0.215909"
"2100331372","170611514","0.215909"
"1982325601","2100331372","0.424242"
"2100331372","1982325601","0.424242"
"2067560675","2100331372","0.0909091"
"2100331372","2067560675","0.0909091"
"2100331372","2112240651","0.0909091"
"2112240651","2100331372","0.0909091"
"2100331372","2119708968","0.215909"
"2119708968","2100331372","0.215909"
"2100331372","2147685324","0.215909"
"2147685324","2100331372","0.215909"
"2100331372","2953298321","0.215909"
"2953298321","2100331372","0.215909"
"141094823","2085007689","0.5"
"2085007689","141094823","0.5"
"2085007689","2124371582","0.5"
"2124371582","2085007689","0.5"
"141094823","1971694152","0.125"
"1971694152","141094823","0.125"
"1971694152","2100331372","0.125"
"2100331372","1971694152","0.125"
"141094823","1603537120","0.5"
"1603537120","141094823","0.5"
"141094823","2093988169","0.5"
"2093988169","141094823","0.5"
"1603537120","2093988169","5.5671"
"2093988169","1603537120","5.5671"
"1480815562","1551669288","0.25"
"1551669288","1480815562","0.25"
"1480815562","2069447774","0.25"
"2069447774","1480815562","0.25"
"1480815562","2139080995","0.25"
"2139080995","1480815562","0.25"
"1527856372","1551669288","1.25"
"1551669288","1527856372","1.25"
"1527856372","2069447774","0.25"
"2069447774","1527856372","0.25"
"1527856372","2139080995","0.25"
"2139080995","1527856372","0.25"
"1551669288","2069447774","0.340909"
"2069447774","1551669288","0.340909"
"1551669288","2139080995","0.25"
"2139080995","1551669288","0.25"
"1480815562","2093988169","0.97619"
"2093988169","1480815562","0.97619"
"1564775601","2093988169","0.5"
"2093988169","1564775601","0.5"
"1480815562","1603537120","0.47619"
"1603537120","1480815562","0.47619"
"1480815562","1977559319","0.142857"
"1977559319","1480815562","0.142857"
"1480815562","2911657453","0.342857"
"2911657453","1480815562","0.342857"
"1601454324","1603537120","0.5671"
"1603537120","1601454324","0.5671"
"1601454324","1977559319","0.142857"
"1977559319","1601454324","0.142857"
"1601454324","2093988169","0.5671"
"2093988169","1601454324","0.5671"
"1601454324","2911657453","0.233766"
"2911657453","1601454324","0.233766"
"1603537120","1610603564","0.233766"
"1610603564","1603537120","0.233766"
"1603537120","1977559319","0.142857"
"1977559319","1603537120","0.142857"
"1603537120","2113040431","0.233766"
"2113040431","1603537120","0.233766"
"1603537120","2911657453","0.233766"
"2911657453","1603537120","0.233766"
"1610603564","1977559319","0.285714"
"1977559319","1610603564","0.285714"
"1610603564","2093988169","0.233766"
"2093988169","1610603564","0.233766"
"1610603564","2113040431","0.233766"
"2113040431","1610603564","0.233766"
"1610603564","2911657453","0.233766"
"2911657453","1610603564","0.233766"
"1977559319","2093988169","0.142857"
"2093988169","1977559319","0.142857"
"1977559319","2113040431","0.142857"
"2113040431","1977559319","0.142857"
"1977559319","2911657453","0.142857"
"2911657453","1977559319","0.142857"
"2093988169","2113040431","0.233766"
"2113040431","2093988169","0.233766"
"2093988169","2911657453","0.233766"
"2911657453","2093988169","0.233766"
"2113040431","2911657453","0.233766"
"2911657453","2113040431","0.233766"
"1480815562","170611514","0.2"
"170611514","1480815562","0.2"
"1480815562","2112240651","0.2"
"2112240651","1480815562","0.2"
"1564775601","2911657453","0.2"
"2911657453","1564775601","0.2"
"170611514","2911657453","0.2"
"2911657453","170611514","0.2"
"1971694152","2911657453","7.2"
"2911657453","1971694152","7.2"
"2112240651","2911657453","0.6"
"2911657453","2112240651","0.6"
"1480815562","2009469418","0.125"
"2009469418","1480815562","0.125"
"1480815562","2067560675","0.125"
"2067560675","1480815562","0.125"
"1480815562","2119708968","0.125"
"2119708968","1480815562","0.125"
"1480815562","2721203044","0.125"
"2721203044","1480815562","0.125"
"1480815562","2901459792","0.125"
"2901459792","1480815562","0.125"
"1564775601","2901459792","0.125"
"2901459792","1564775601","0.125"
"1971694152","2901459792","1.625"
"2901459792","1971694152","1.625"
"2009469418","2901459792","0.125"
"2901459792","2009469418","0.125"
"2067560675","2901459792","0.125"
"2901459792","2067560675","0.125"
"2119708968","2901459792","0.125"
"2901459792","2119708968","0.125"
"2147685324","2901459792","0.125"
"2901459792","2147685324","0.125"
"2721203044","2901459792","0.125"
"2901459792","2721203044","0.125"
"1488297101","1979363094","0.416667"
"1979363094","1488297101","0.416667"
"1488297101","2000529547","0.166667"
"2000529547","1488297101","0.166667"
"1488297101","2112240651","0.166667"
"2112240651","1488297101","0.166667"
"1488297101","2147685324","0.416667"
"2147685324","1488297101","0.416667"
"1488297101","2148848042","0.166667"
"2148848042","1488297101","0.166667"
"1488297101","2210874835","0.166667"
"2210874835","1488297101","0.166667"
"1979363094","2000529547","0.309524"
"2000529547","1979363094","0.309524"
"1979363094","2148848042","0.166667"
"2148848042","1979363094","0.166667"
"2000529547","2112240651","0.309524"
"2112240651","2000529547","0.309524"
"2000529547","2147685324","0.309524"
"2147685324","2000529547","0.309524"
"2000529547","2148848042","0.416667"
"2148848042","2000529547","0.416667"
"2000529547","2210874835","0.309524"
"2210874835","2000529547","0.309524"
"2112240651","2148848042","0.866667"
"2148848042","2112240651","0.866667"
"2147685324","2148848042","0.666667"
"2148848042","2147685324","0.666667"
"2147685324","2210874835","0.309524"
"2210874835","2147685324","0.309524"
"2148848042","2210874835","0.366667"
"2210874835","2148848042","0.366667"
"1488297101","170611514","0.559524"
"170611514","1488297101","0.559524"
"1499912117","170611514","0.342857"
"170611514","1499912117","0.342857"
"1494038444","1977559319","1.64286"
"1977559319","1494038444","1.64286"
"1494038444","2148848042","1.66667"
"2148848042","1494038444","1.66667"
"1494038444","2112240651","0.5"
"2112240651","1494038444","0.5"
"1494038444","2210874835","0.5"
"2210874835","1494038444","0.5"
"1494038444","1498581229","1.5"
"1498581229","1494038444","1.5"
"1498581229","2148848042","1"
"2148848042","1498581229","1"
"1494038444","1582561784","0.309524"
"1582561784","1494038444","0.309524"
"1494038444","2069447774","0.809524"
"2069447774","1494038444","0.809524"
"1494038444","2085007689","0.166667"
"2085007689","1494038444","0.166667"
"1494038444","2139080995","1.80952"
"2139080995","1494038444","1.80952"
"1494038444","2146034932","0.166667"
"2146034932","1494038444","0.166667"
"1582561784","2085007689","0.166667"
"2085007689","1582561784","0.166667"
"1582561784","2148848042","1.41667"
"2148848042","1582561784","1.41667"
"2069447774","2085007689","1.11667"
"2085007689","2069447774","1.11667"
"2069447774","2148848042","0.166667"
"2148848042","2069447774","0.166667"
"2085007689","2139080995","0.866667"
"2139080995","2085007689","0.866667"
"2085007689","2146034932","2.16667"
"2146034932","2085007689","2.16667"
"2085007689","2148848042","0.166667"
"2148848042","2085007689","0.166667"
"2139080995","2148848042","1.36667"
"2148848042","2139080995","1.36667"
"2146034932","2148848042","0.416667"
"2148848042","2146034932","0.416667"
"1977559319","2139080995","5.34286"
"2139080995","1977559319","5.34286"
"1494038444","2123684861","0.5"
"2123684861","1494038444","0.5"
"2069447774","2123684861","3.24091"
"2123684861","2069447774","3.24091"
"1494038444","1610603564","0.142857"
"1610603564","1494038444","0.142857"
"1494038444","1700116551","0.142857"
"1700116551","1494038444","0.142857"
"1494038444","1979363094","0.142857"
"1979363094","1494038444","0.142857"
"1582561784","1610603564","0.142857"
"1610603564","1582561784","0.142857"
"1582561784","1700116551","0.142857"
"1700116551","1582561784","0.142857"
"1582561784","1977559319","0.392857"
"1977559319","1582561784","0.392857"
"1610603564","1700116551","0.433766"
"1700116551","1610603564","0.433766"
"1610603564","2069447774","0.933766"
"2069447774","1610603564","0.933766"
"1610603564","2139080995","0.342857"
"2139080995","1610603564","0.342857"
"1700116551","1977559319","0.142857"
"1977559319","1700116551","0.142857"
"1700116551","1979363094","0.142857"
"1979363094","1700116551","0.142857"
"1700116551","2069447774","0.433766"
"2069447774","1700116551","0.433766"
"1700116551","2139080995","0.342857"
"2139080995","1700116551","0.342857"
"1977559319","1979363094","0.142857"
"1979363094","1977559319","0.142857"
"1977559319","2069447774","0.142857"
"2069447774","1977559319","0.142857"
"1979363094","2069447774","0.142857"
"2069447774","1979363094","0.142857"
"1498581229","1977559319","0.5"
"1977559319","1498581229","0.5"
"1498581229","1995320371","0.5"
"1995320371","1498581229","0.5"
"1977559319","1995320371","1"
"1995320371","1977559319","1"
"1498581229","2139080995","1"
"2139080995","1498581229","1"
"1498581229","1527856372","0.5"
"1527856372","1498581229","0.5"
"1527856372","2148848042","0.5"
"2148848042","1527856372","0.5"
"1498581229","1721847811","1"
"1721847811","1498581229","1"
"1499912117","1985874619","0.25"
"1985874619","1499912117","0.25"
"1499912117","2112240651","0.25"
"2112240651","1499912117","0.25"
"1499912117","2124077560","0.25"
"2124077560","1499912117","0.25"
"1499912117","2210874835","0.25"
"2210874835","1499912117","0.25"
"1985874619","2112240651","0.25"
"2112240651","1985874619","0.25"
"1985874619","2210874835","0.25"
"2210874835","1985874619","0.25"
"2112240651","2124077560","0.25"
"2124077560","2112240651","0.25"
"2124077560","2210874835","0.25"
"2210874835","2124077560","0.25"
"1527856372","2112240651","1"
"2112240651","1527856372","1"
"1527856372","1549094757","1"
"1549094757","1527856372","1"
"1527856372","1582561784","0.142857"
"1582561784","1527856372","0.142857"
"1527856372","1752677809","0.142857"
"1752677809","1527856372","0.142857"
"1527856372","1910543681","0.142857"
"1910543681","1527856372","0.142857"
"1527856372","2000529547","0.142857"
"2000529547","1527856372","0.142857"
"1527856372","2096733704","0.142857"
"2096733704","1527856372","0.142857"
"1527856372","2104748480","0.142857"
"2104748480","1527856372","0.142857"
"1527856372","2124077560","0.142857"
"2124077560","1527856372","0.142857"
"1582561784","1752677809","0.142857"
"1752677809","1582561784","0.142857"
"1582561784","1910543681","0.142857"
"1910543681","1582561784","0.142857"
"1582561784","2000529547","0.892857"
"2000529547","1582561784","0.892857"
"1582561784","2096733704","0.142857"
"2096733704","1582561784","0.142857"
"1582561784","2104748480","0.142857"
