"1481603985","947980658","1"
"947980658","1481603985","1"
"1481603985","2004548611","1"
"2004548611","1481603985","1"
"1481603985","1485690911","0.833333"
"1485690911","1481603985","0.833333"
"1481603985","1564347120","0.333333"
"1564347120","1481603985","0.333333"
"1481603985","1749161855","0.333333"
"1749161855","1481603985","0.333333"
"1485690911","1564347120","0.333333"
"1564347120","1485690911","0.333333"
"1485690911","1749161855","0.333333"
"1749161855","1485690911","0.333333"
"1564347120","1749161855","9.25"
"1749161855","1564347120","9.25"
"1481603985","1607667132","0.5"
"1607667132","1481603985","0.5"
"1485690911","1607667132","0.5"
"1607667132","1485690911","0.5"
"1481603985","2168753144","1"
"2168753144","1481603985","1"
"1485690911","1743634691","0.125"
"1743634691","1485690911","0.125"
"1485690911","1814464638","0.125"
"1814464638","1485690911","0.125"
"1485690911","1893050754","0.125"
"1893050754","1485690911","0.125"
"1485690911","2004548611","0.125"
"2004548611","1485690911","0.125"
"1485690911","2095595922","0.125"
"2095595922","1485690911","0.125"
"1485690911","2168753144","0.125"
"2168753144","1485690911","0.125"
"1485690911","2263200428","0.125"
"2263200428","1485690911","0.125"
"1485690911","982988347","0.125"
"982988347","1485690911","0.125"
"1743634691","1814464638","0.125"
"1814464638","1743634691","0.125"
"1743634691","1893050754","0.125"
"1893050754","1743634691","0.125"
"1743634691","2004548611","2.625"
"2004548611","1743634691","2.625"
"1743634691","2095595922","0.125"
"2095595922","1743634691","0.125"
"1743634691","2168753144","0.125"
"2168753144","1743634691","0.125"
"1743634691","2263200428","0.125"
"2263200428","1743634691","0.125"
"1743634691","982988347","0.125"
"982988347","1743634691","0.125"
"1814464638","1893050754","0.958333"
"1893050754","1814464638","0.958333"
"1814464638","2004548611","0.125"
"2004548611","1814464638","0.125"
"1814464638","2095595922","0.958333"
"2095595922","1814464638","0.958333"
"1814464638","2168753144","0.125"
"2168753144","1814464638","0.125"
"1814464638","2263200428","0.125"
"2263200428","1814464638","0.125"
"1814464638","982988347","0.125"
"982988347","1814464638","0.125"
"1893050754","2004548611","0.125"
"2004548611","1893050754","0.125"
"1893050754","2095595922","21.9583"
"2095595922","1893050754","21.9583"
"1893050754","2168753144","0.375"
"2168753144","1893050754","0.375"
"1893050754","2263200428","0.125"
"2263200428","1893050754","0.125"
"1893050754","982988347","0.125"
"982988347","1893050754","0.125"
"2004548611","2095595922","0.125"
"2095595922","2004548611","0.125"
"2004548611","2168753144","0.125"
"2168753144","2004548611","0.125"
"2004548611","2263200428","0.125"
"2263200428","2004548611","0.125"
"2004548611","982988347","0.125"
"982988347","2004548611","0.125"
"2095595922","2168753144","0.375"
"2168753144","2095595922","0.375"
"2095595922","2263200428","0.125"
"2263200428","2095595922","0.125"
"2095595922","982988347","0.125"
"982988347","2095595922","0.125"
"2168753144","2263200428","0.125"
"2263200428","2168753144","0.125"
"2168753144","982988347","0.125"
"982988347","2168753144","0.125"
"2263200428","982988347","0.125"
"982988347","2263200428","0.125"
"1547221609","1796260546","5.75"
"1796260546","1547221609","5.75"
"1547221609","2217101063","5.75"
"2217101063","1547221609","5.75"
"1796260546","2217101063","5.75"
"2217101063","1796260546","5.75"
"1547221609","1930977885","0.25"
"1930977885","1547221609","0.25"
"1547221609","947980658","0.25"
"947980658","1547221609","0.25"
"1796260546","1930977885","0.25"
"1930977885","1796260546","0.25"
"1796260546","947980658","0.25"
"947980658","1796260546","0.25"
"1930977885","2217101063","0.25"
"2217101063","1930977885","0.25"
"1930977885","947980658","2.33333"
"947980658","1930977885","2.33333"
"2217101063","947980658","0.25"
"947980658","2217101063","0.25"
"1564347120","2269176075","4.91667"
"2269176075","1564347120","4.91667"
"1749161855","2269176075","4.91667"
"2269176075","1749161855","4.91667"
"1564347120","2111119454","0.333333"
"2111119454","1564347120","0.333333"
"1749161855","2111119454","0.333333"
"2111119454","1749161855","0.333333"
"2111119454","2269176075","0.333333"
"2269176075","2111119454","0.333333"
"1564347120","1930977885","0.25"
"1930977885","1564347120","0.25"
"1564347120","947980658","0.25"
"947980658","1564347120","0.25"
"1749161855","1930977885","0.25"
"1930977885","1749161855","0.25"
"1749161855","947980658","0.25"
"947980658","1749161855","0.25"
"1930977885","2269176075","0.25"
"2269176075","1930977885","0.25"
"2269176075","947980658","0.25"
"947980658","2269176075","0.25"
"1564347120","2244522074","0.333333"
"2244522074","1564347120","0.333333"
"1749161855","2244522074","1.33333"
"2244522074","1749161855","1.33333"
"2244522074","2269176075","0.333333"
"2269176075","2244522074","0.333333"
"1607667132","2111119454","1"
"2111119454","1607667132","1"
"1743634691","2111119454","0.5"
"2111119454","1743634691","0.5"
"2004548611","2111119454","0.5"
"2111119454","2004548611","0.5"
"1814464638","947980658","0.833333"
"947980658","1814464638","0.833333"
"1893050754","947980658","14.3333"
"947980658","1893050754","14.3333"
"2095595922","947980658","12.8333"
"947980658","2095595922","12.8333"
"1814464638","1942429180","0.25"
"1942429180","1814464638","0.25"
"1893050754","1942429180","0.583333"
"1942429180","1893050754","0.583333"
"1942429180","2095595922","0.583333"
"2095595922","1942429180","0.583333"
"1942429180","947980658","1.33333"
"947980658","1942429180","1.33333"
"1814464638","1930977885","0.25"
"1930977885","1814464638","0.25"
"1893050754","1930977885","0.583333"
"1930977885","1893050754","0.583333"
"1930977885","2095595922","0.583333"
"2095595922","1930977885","0.583333"
"1893050754","2244522074","2.33333"
"2244522074","1893050754","2.33333"
"2095595922","2244522074","0.833333"
"2244522074","2095595922","0.833333"
"2168753144","2244522074","0.25"
"2244522074","2168753144","0.25"
"2168753144","947980658","1.25"
"947980658","2168753144","1.25"
"2244522074","947980658","1.33333"
"947980658","2244522074","1.33333"
"1893050754","2311728951","0.25"
"2311728951","1893050754","0.25"
"2095595922","2311728951","0.25"
"2311728951","2095595922","0.25"
"2244522074","2311728951","1.25"
"2311728951","2244522074","1.25"
"2311728951","947980658","0.25"
"947980658","2311728951","0.25"
"1930977885","2004548611","1"
"2004548611","1930977885","1"
"1930977885","1942429180","0.25"
"1942429180","1930977885","0.25"
"1930977885","2206922873","0.25"
"2206922873","1930977885","0.25"
"1930977885","2583366988","0.25"
"2583366988","1930977885","0.25"
"1942429180","2206922873","0.25"
"2206922873","1942429180","0.25"
"1942429180","2583366988","4.75"
"2583366988","1942429180","4.75"
"2206922873","2583366988","0.25"
"2583366988","2206922873","0.25"
"2206922873","947980658","1.25"
"947980658","2206922873","1.25"
"2583366988","947980658","0.75"
"947980658","2583366988","0.75"
"2004548611","2244522074","1"
"2244522074","2004548611","1"
"2214317070","2244522074","1"
"2244522074","2214317070","1"
