"114096720","2021311722","6.71429"
"2021311722","114096720","6.71429"
"114096720","1584737310","1.51573"
"1584737310","114096720","1.51573"
"114096720","1977242496","5.00739"
"1977242496","114096720","5.00739"
"114096720","2069727724","1.51573"
"2069727724","114096720","1.51573"
"114096720","2089539620","3.72406"
"2089539620","114096720","3.72406"
"114096720","2285459155","0.920489"
"2285459155","114096720","0.920489"
"114096720","2472705832","1.82525"
"2472705832","114096720","1.82525"
"1584737310","1977242496","1.14073"
"1977242496","1584737310","1.14073"
"1584737310","2021311722","0.921429"
"2021311722","1584737310","0.921429"
"1584737310","2069727724","4.34906"
"2069727724","1584737310","4.34906"
"1584737310","2089539620","0.97406"
"2089539620","1584737310","0.97406"
"1584737310","2285459155","3.75382"
"2285459155","1584737310","3.75382"
"1584737310","2472705832","1.84906"
"2472705832","1584737310","1.84906"
"1977242496","2021311722","1.87143"
"2021311722","1977242496","1.87143"
"1977242496","2069727724","1.14073"
"2069727724","1977242496","1.14073"
"1977242496","2089539620","3.72406"
"2089539620","1977242496","3.72406"
"1977242496","2285459155","0.545489"
"2285459155","1977242496","0.545489"
"1977242496","2472705832","1.30739"
"2472705832","1977242496","1.30739"
"2021311722","2069727724","0.921429"
"2069727724","2021311722","0.921429"
"2021311722","2089539620","0.921429"
"2089539620","2021311722","0.921429"
"2021311722","2285459155","0.32619"
"2285459155","2021311722","0.32619"
"2021311722","2472705832","1.23095"
"2472705832","2021311722","1.23095"
"2069727724","2089539620","0.97406"
"2089539620","2069727724","0.97406"
"2069727724","2285459155","5.58716"
"2285459155","2069727724","5.58716"
"2069727724","2472705832","1.34906"
"2472705832","2069727724","1.34906"
"2089539620","2285459155","0.378822"
"2285459155","2089539620","0.378822"
"2089539620","2472705832","0.97406"
"2472705832","2089539620","0.97406"
"2285459155","2472705832","0.753822"
"2472705832","2285459155","0.753822"
"114096720","2053368181","2.7881"
"2053368181","114096720","2.7881"
"1584737310","2053368181","1.1119"
"2053368181","1584737310","1.1119"
"1977242496","2053368181","4.64524"
"2053368181","1977242496","4.64524"
"2021311722","2053368181","1.12143"
"2053368181","2021311722","1.12143"
"2053368181","2069727724","1.1119"
"2069727724","2053368181","1.1119"
"2053368181","2089539620","0.611905"
"2089539620","2053368181","0.611905"
"2053368181","2472705832","5.00476"
"2472705832","2053368181","5.00476"
"114096720","2085762799","2.47882"
"2085762799","114096720","2.47882"
"114096720","2087280674","1.17619"
"2087280674","114096720","1.17619"
"114096720","3015234505","1.51786"
"3015234505","114096720","1.51786"
"2085762799","2087280674","5.59286"
"2087280674","2085762799","5.59286"
"2085762799","3015234505","2.84286"
"3015234505","2085762799","2.84286"
"2087280674","3015234505","2.92619"
"3015234505","2087280674","2.92619"
"1584737310","2085762799","0.635965"
"2085762799","1584737310","0.635965"
"1977242496","2085762799","1.30263"
"2085762799","1977242496","1.30263"
"2053368181","2085762799","2.97619"
"2085762799","2053368181","2.97619"
"2053368181","2285459155","0.683333"
"2285459155","2053368181","0.683333"
"2069727724","2085762799","1.13596"
"2085762799","2069727724","1.13596"
"2085762799","2285459155","1.13596"
"2285459155","2085762799","1.13596"
"114096720","1598652546","0.802632"
"1598652546","114096720","0.802632"
"114096720","2132065186","0.802632"
"2132065186","114096720","0.802632"
"1598652546","1977242496","0.802632"
"1977242496","1598652546","0.802632"
"1598652546","2089539620","0.802632"
"2089539620","1598652546","0.802632"
"1598652546","2132065186","4.9693"
"2132065186","1598652546","4.9693"
"1977242496","2132065186","0.802632"
"2132065186","1977242496","0.802632"
"2089539620","2132065186","0.802632"
"2132065186","2089539620","0.802632"
"114096720","3018044879","0.52619"
"3018044879","114096720","0.52619"
"1584737310","3015234505","0.641667"
"3015234505","1584737310","0.641667"
"1584737310","3018044879","0.683333"
"3018044879","1584737310","0.683333"
"1977242496","3015234505","1.21667"
"3015234505","1977242496","1.21667"
"1977242496","3018044879","0.183333"
"3018044879","1977242496","0.183333"
"2021311722","3015234505","0.72619"
"3015234505","2021311722","0.72619"
"2021311722","3018044879","0.52619"
"3018044879","2021311722","0.52619"
"2053368181","3015234505","1.94286"
"3015234505","2053368181","1.94286"
"2053368181","3018044879","1.82619"
"3018044879","2053368181","1.82619"
"2069727724","3015234505","0.308333"
"3015234505","2069727724","0.308333"
"2069727724","3018044879","0.183333"
"3018044879","2069727724","0.183333"
"2089539620","3015234505","0.183333"
"3015234505","2089539620","0.183333"
"2089539620","3018044879","0.183333"
"3018044879","2089539620","0.183333"
"2285459155","3015234505","0.308333"
"3015234505","2285459155","0.308333"
"2285459155","3018044879","0.183333"
"3018044879","2285459155","0.183333"
"2472705832","3015234505","1.20119"
"3015234505","2472705832","1.20119"
"2472705832","3018044879","0.82619"
"3018044879","2472705832","0.82619"
"3015234505","3018044879","6.52619"
"3018044879","3015234505","6.52619"
"2021311722","2085762799","1.09286"
"2085762799","2021311722","1.09286"
"2021311722","2087280674","0.509524"
"2087280674","2021311722","0.509524"
"2085762799","3018044879","3.17619"
"3018044879","2085762799","3.17619"
"2087280674","3018044879","0.342857"
"3018044879","2087280674","0.342857"
"2053368181","2087280674","0.559524"
"2087280674","2053368181","0.559524"
"2085762799","2472705832","0.695489"
"2472705832","2085762799","0.695489"
"2087280674","2472705832","0.559524"
"2472705832","2087280674","0.559524"
"114096720","2154205416","0.2"
"2154205416","114096720","0.2"
"1977242496","2154205416","0.2"
"2154205416","1977242496","0.2"
"2021311722","2154205416","0.2"
"2154205416","2021311722","0.2"
"2053368181","2154205416","0.2"
"2154205416","2053368181","0.2"
"2154205416","3015234505","0.2"
"3015234505","2154205416","0.2"
"114096720","2051046095","0.0833333"
"2051046095","114096720","0.0833333"
"1584737310","2051046095","0.0833333"
"2051046095","1584737310","0.0833333"
"1977242496","2051046095","0.0833333"
"2051046095","1977242496","0.0833333"
"2021311722","2051046095","0.0833333"
"2051046095","2021311722","0.0833333"
"2051046095","2053368181","0.0833333"
"2053368181","2051046095","0.0833333"
"2051046095","2069727724","0.0833333"
"2069727724","2051046095","0.0833333"
"2051046095","2085762799","1.08333"
"2085762799","2051046095","1.08333"
"2051046095","2089539620","0.0833333"
"2089539620","2051046095","0.0833333"
"2051046095","2285459155","0.0833333"
"2285459155","2051046095","0.0833333"
"2051046095","2472705832","0.0833333"
"2472705832","2051046095","0.0833333"
"2051046095","3015234505","0.0833333"
"3015234505","2051046095","0.0833333"
"2051046095","3018044879","0.0833333"
"3018044879","2051046095","0.0833333"
"2085762799","2089539620","0.135965"
"2089539620","2085762799","0.135965"
"114096720","1584675977","0.177632"
"1584675977","114096720","0.177632"
"114096720","1603157287","0.177632"
"1603157287","114096720","0.177632"
"114096720","1653698765","0.0526316"
"1653698765","114096720","0.0526316"
"114096720","1997781286","0.0526316"
"1997781286","114096720","0.0526316"
"114096720","2023604198","0.0526316"
"2023604198","114096720","0.0526316"
"114096720","2089906299","0.0526316"
"2089906299","114096720","0.0526316"
"114096720","2118116629","0.0526316"
"2118116629","114096720","0.0526316"
"114096720","2120563715","0.177632"
"2120563715","114096720","0.177632"
"114096720","2136273031","0.0526316"
"2136273031","114096720","0.0526316"
"114096720","2166267772","0.0526316"
"2166267772","114096720","0.0526316"
"1584675977","1584737310","0.177632"
"1584737310","1584675977","0.177632"
"1584675977","1598652546","0.0526316"
"1598652546","1584675977","0.0526316"
"1584675977","1603157287","1.22309"
"1603157287","1584675977","1.22309"
"1584675977","1653698765","0.490943"
"1653698765","1584675977","0.490943"
"1584675977","1977242496","0.0526316"
"1977242496","1584675977","0.0526316"
"1584675977","1997781286","0.0526316"
"1997781286","1584675977","0.0526316"
"1584675977","2023604198","2.49094"
"2023604198","1584675977","2.49094"
"1584675977","2069727724","0.177632"
"2069727724","1584675977","0.177632"
"1584675977","2085762799","0.0526316"
"2085762799","1584675977","0.0526316"
"1584675977","2089539620","0.0526316"
"2089539620","1584675977","0.0526316"
"1584675977","2089906299","0.778822"
"2089906299","1584675977","0.778822"
"1584675977","2118116629","0.219298"
"2118116629","1584675977","0.219298"
"1584675977","2120563715","3.19928"
"2120563715","1584675977","3.19928"
"1584675977","2132065186","0.0980861"
"2132065186","1584675977","0.0980861"
"1584675977","2136273031","0.0980861"
"2136273031","1584675977","0.0980861"
"1584675977","2166267772","0.0526316"
"2166267772","1584675977","0.0526316"
"1584675977","2285459155","0.177632"
"2285459155","1584675977","0.177632"
"1584675977","2472705832","0.177632"
"2472705832","1584675977","0.177632"
"1584737310","1598652546","0.0526316"
"1598652546","1584737310","0.0526316"
"1584737310","1603157287","0.177632"
"1603157287","1584737310","0.177632"
"1584737310","1653698765","0.0526316"
"1653698765","1584737310","0.0526316"
"1584737310","1997781286","0.355263"
"1997781286","1584737310","0.355263"
"1584737310","2023604198","0.0526316"
"2023604198","1584737310","0.0526316"
"1584737310","2089906299","0.0526316"
"2089906299","1584737310","0.0526316"
"1584737310","2118116629","0.0526316"
"2118116629","1584737310","0.0526316"
"1584737310","2120563715","0.177632"
"2120563715","1584737310","0.177632"
"1584737310","2132065186","0.0526316"
"2132065186","1584737310","0.0526316"
"1584737310","2136273031","0.0526316"
"2136273031","1584737310","0.0526316"
"1584737310","2166267772","0.105263"
"2166267772","1584737310","0.105263"
"1598652546","1603157287","0.0526316"
"1603157287","1598652546","0.0526316"
"1598652546","1653698765","0.0526316"
"1653698765","1598652546","0.0526316"
"1598652546","1997781286","0.0526316"
"1997781286","1598652546","0.0526316"
"1598652546","2023604198","0.0526316"
"2023604198","1598652546","0.0526316"
"1598652546","2069727724","0.0526316"
"2069727724","1598652546","0.0526316"
"1598652546","2085762799","0.0526316"
"2085762799","1598652546","0.0526316"
"1598652546","2089906299","0.0526316"
"2089906299","1598652546","0.0526316"
"1598652546","2118116629","0.0526316"
"2118116629","1598652546","0.0526316"
"1598652546","2120563715","0.0526316"
"2120563715","1598652546","0.0526316"
"1598652546","2136273031","0.0526316"
"2136273031","1598652546","0.0526316"
"1598652546","2166267772","0.0526316"
"2166267772","1598652546","0.0526316"
"1598652546","2285459155","0.0526316"
"2285459155","1598652546","0.0526316"
"1598652546","2472705832","0.0526316"
"2472705832","1598652546","0.0526316"
"1603157287","1653698765","0.764753"
"1653698765","1603157287","0.764753"
"1603157287","1977242496","0.0526316"
"1977242496","1603157287","0.0526316"
"1603157287","1997781286","0.0526316"
"1997781286","1603157287","0.0526316"
"1603157287","2023604198","0.431419"
"2023604198","1603157287","0.431419"
"1603157287","2069727724","0.177632"
"2069727724","1603157287","0.177632"
"1603157287","2085762799","0.0526316"
"2085762799","1603157287","0.0526316"
"1603157287","2089539620","0.0526316"
"2089539620","1603157287","0.0526316"
"1603157287","2089906299","0.219298"
"2089906299","1603157287","0.219298"
"1603157287","2118116629","0.219298"
"2118116629","1603157287","0.219298"
"1603157287","2120563715","2.22309"
"2120563715","1603157287","2.22309"
"1603157287","2132065186","0.0980861"
"2132065186","1603157287","0.0980861"
"1603157287","2136273031","0.0980861"
"2136273031","1603157287","0.0980861"
"1603157287","2166267772","0.0526316"
"2166267772","1603157287","0.0526316"
"1603157287","2285459155","0.177632"
"2285459155","1603157287","0.177632"
"1603157287","2472705832","0.177632"
"2472705832","1603157287","0.177632"
"1653698765","1977242496","0.0526316"
"1977242496","1653698765","0.0526316"
"1653698765","1997781286","0.0526316"
"1997781286","1653698765","0.0526316"
"1653698765","2023604198","0.65761"
"2023604198","1653698765","0.65761"
"1653698765","2069727724","0.0526316"
"2069727724","1653698765","0.0526316"
"1653698765","2085762799","0.0526316"
"2085762799","1653698765","0.0526316"
"1653698765","2089539620","0.0526316"
"2089539620","1653698765","0.0526316"
"1653698765","2089906299","3.47882"
"2089906299","1653698765","3.47882"
"1653698765","2118116629","0.219298"
"2118116629","1653698765","0.219298"
"1653698765","2120563715","1.07428"
"2120563715","1653698765","1.07428"
"1653698765","2132065186","0.0980861"
"2132065186","1653698765","0.0980861"
"1653698765","2136273031","0.0980861"
"2136273031","1653698765","0.0980861"
"1653698765","2166267772","0.0526316"
"2166267772","1653698765","0.0526316"
"1653698765","2285459155","0.0526316"
"2285459155","1653698765","0.0526316"
"1653698765","2472705832","0.0526316"
"2472705832","1653698765","0.0526316"
"1977242496","1997781286","0.0526316"
"1997781286","1977242496","0.0526316"
"1977242496","2023604198","0.0526316"
"2023604198","1977242496","0.0526316"
"1977242496","2089906299","0.0526316"
"2089906299","1977242496","0.0526316"
"1977242496","2118116629","0.0526316"
"2118116629","1977242496","0.0526316"
"1977242496","2120563715","0.0526316"
"2120563715","1977242496","0.0526316"
"1977242496","2136273031","0.0526316"
"2136273031","1977242496","0.0526316"
"1977242496","2166267772","0.0526316"
"2166267772","1977242496","0.0526316"
"1997781286","2023604198","0.0526316"
"2023604198","1997781286","0.0526316"
"1997781286","2069727724","0.0526316"
"2069727724","1997781286","0.0526316"
"1997781286","2085762799","0.0526316"
"2085762799","1997781286","0.0526316"
"1997781286","2089539620","0.0526316"
"2089539620","1997781286","0.0526316"
"1997781286","2089906299","0.393541"
"2089906299","1997781286","0.393541"
"1997781286","2118116629","0.302632"
"2118116629","1997781286","0.302632"
"1997781286","2120563715","0.0526316"
"2120563715","1997781286","0.0526316"
"1997781286","2132065186","0.0526316"
"2132065186","1997781286","0.0526316"
"1997781286","2136273031","0.0526316"
"2136273031","1997781286","0.0526316"
"1997781286","2166267772","3.705"
"2166267772","1997781286","3.705"
"1997781286","2285459155","0.0526316"
"2285459155","1997781286","0.0526316"
"1997781286","2472705832","0.0526316"
"2472705832","1997781286","0.0526316"
"2023604198","2069727724","0.0526316"
"2069727724","2023604198","0.0526316"
"2023604198","2085762799","0.0526316"
"2085762799","2023604198","0.0526316"
"2023604198","2089539620","0.0526316"
"2089539620","2023604198","0.0526316"
"2023604198","2089906299","0.945489"
"2089906299","2023604198","0.945489"
"2023604198","2118116629","0.0526316"
"2118116629","2023604198","0.0526316"
"2023604198","2120563715","1.74094"
"2120563715","2023604198","1.74094"
"2023604198","2132065186","0.0980861"
"2132065186","2023604198","0.0980861"
"2023604198","2136273031","0.0980861"
"2136273031","2023604198","0.0980861"
"2023604198","2166267772","0.0526316"
"2166267772","2023604198","0.0526316"
"2023604198","2285459155","0.0526316"
"2285459155","2023604198","0.0526316"
"2023604198","2472705832","0.0526316"
"2472705832","2023604198","0.0526316"
"2069727724","2089906299","0.0526316"
"2089906299","2069727724","0.0526316"
"2069727724","2118116629","0.0526316"
"2118116629","2069727724","0.0526316"
"2069727724","2120563715","0.177632"
"2120563715","2069727724","0.177632"
"2069727724","2132065186","0.0526316"
"2132065186","2069727724","0.0526316"
"2069727724","2136273031","0.0526316"
"2136273031","2069727724","0.0526316"
"2069727724","2166267772","0.0526316"
"2166267772","2069727724","0.0526316"
"2085762799","2089906299","0.0526316"
"2089906299","2085762799","0.0526316"
"2085762799","2118116629","0.0526316"
"2118116629","2085762799","0.0526316"
"2085762799","2120563715","0.0526316"
"2120563715","2085762799","0.0526316"
"2085762799","2132065186","0.0526316"
"2132065186","2085762799","0.0526316"
"2085762799","2136273031","0.0526316"
"2136273031","2085762799","0.0526316"
"2085762799","2166267772","0.0526316"
"2166267772","2085762799","0.0526316"
"2089539620","2089906299","0.0526316"
"2089906299","2089539620","0.0526316"
"2089539620","2118116629","0.0526316"
"2118116629","2089539620","0.0526316"
"2089539620","2120563715","0.0526316"
"2120563715","2089539620","0.0526316"
"2089539620","2136273031","0.0526316"
"2136273031","2089539620","0.0526316"
"2089539620","2166267772","0.0526316"
"2166267772","2089539620","0.0526316"
"2089906299","2118116629","4.9693"
"2118116629","2089906299","4.9693"
"2089906299","2120563715","1.02882"
"2120563715","2089906299","1.02882"
"2089906299","2132065186","0.0526316"
"2132065186","2089906299","0.0526316"
"2089906299","2136273031","0.0526316"
"2136273031","2089906299","0.0526316"
"2089906299","2166267772","0.393541"
"2166267772","2089906299","0.393541"
"2089906299","2285459155","0.0526316"
"2285459155","2089906299","0.0526316"
"2089906299","2472705832","0.0526316"
"2472705832","2089906299","0.0526316"
"2118116629","2120563715","0.219298"
"2120563715","2118116629","0.219298"
"2118116629","2132065186","0.195489"
"2132065186","2118116629","0.195489"
"2118116629","2136273031","0.0526316"
"2136273031","2118116629","0.0526316"
"2118116629","2166267772","0.302632"
"2166267772","2118116629","0.302632"
"2118116629","2285459155","0.0526316"
"2285459155","2118116629","0.0526316"
"2118116629","2472705832","0.0526316"
"2472705832","2118116629","0.0526316"
"2120563715","2132065186","0.0980861"
"2132065186","2120563715","0.0980861"
"2120563715","2136273031","0.0980861"
"2136273031","2120563715","0.0980861"
"2120563715","2166267772","0.0526316"
"2166267772","2120563715","0.0526316"
"2120563715","2285459155","0.177632"
"2285459155","2120563715","0.177632"
"2120563715","2472705832","0.177632"
"2472705832","2120563715","0.177632"
"2132065186","2136273031","0.0980861"
"2136273031","2132065186","0.0980861"
"2132065186","2166267772","0.0526316"
"2166267772","2132065186","0.0526316"
"2132065186","2285459155","0.0526316"
"2285459155","2132065186","0.0526316"
"2132065186","2472705832","0.0526316"
"2472705832","2132065186","0.0526316"
"2136273031","2166267772","0.0526316"
"2166267772","2136273031","0.0526316"
"2136273031","2285459155","0.0526316"
"2285459155","2136273031","0.0526316"
"2136273031","2472705832","0.0526316"
"2472705832","2136273031","0.0526316"
"2166267772","2285459155","0.0526316"
"2285459155","2166267772","0.0526316"
"2166267772","2472705832","0.0526316"
"2472705832","2166267772","0.0526316"
"114096720","1752814146","0.25"
"1752814146","114096720","0.25"
"114096720","216052514","0.25"
"216052514","114096720","0.25"
"1752814146","1977242496","0.75"
"1977242496","1752814146","0.75"
"1752814146","2021311722","0.416667"
"2021311722","1752814146","0.416667"
"1752814146","216052514","2.25"
"216052514","1752814146","2.25"
"1977242496","216052514","0.25"
"216052514","1977242496","0.25"
"2021311722","216052514","0.25"
"216052514","2021311722","0.25"
"1584675977","3015234505","0.125"
"3015234505","1584675977","0.125"
"1603157287","3015234505","0.125"
"3015234505","1603157287","0.125"
"2120563715","3015234505","0.125"
"3015234505","2120563715","0.125"
"1484202666","1533630378","0.603268"
"1533630378","1484202666","0.603268"
"1484202666","1541355693","0.436601"
"1541355693","1484202666","0.436601"
"1484202666","1916975076","3"
"1916975076","1484202666","3"
"1484202666","2117972892","1.82549"
"2117972892","1484202666","1.82549"
"1484202666","2131747510","0.32549"
"2131747510","1484202666","0.32549"
"1484202666","2562052829","0.47549"
"2562052829","1484202666","0.47549"
"1533630378","1541355693","1.05724"
"1541355693","1533630378","1.05724"
"1533630378","1916975076","0.166667"
"1916975076","1533630378","0.166667"
"1533630378","2117972892","2.08898"
"2117972892","1533630378","2.08898"
"1533630378","2131747510","0.635014"
"2131747510","1533630378","0.635014"
"1533630378","2562052829","0.22549"
"2562052829","1533630378","0.22549"
"1541355693","1916975076","0.166667"
"1916975076","1541355693","0.166667"
"1541355693","2117972892","1.56279"
"2117972892","1541355693","1.56279"
"1541355693","2131747510","0.801681"
"2131747510","1541355693","0.801681"
"1541355693","2562052829","1.55882"
"2562052829","1541355693","1.55882"
"1916975076","2117972892","0.666667"
"2117972892","1916975076","0.666667"
"1916975076","2131747510","0.166667"
"2131747510","1916975076","0.166667"
"1916975076","2562052829","0.166667"
"2562052829","1916975076","0.166667"
"2117972892","2131747510","0.746125"
"2131747510","2117972892","0.746125"
"2117972892","2562052829","0.22549"
"2562052829","2117972892","0.22549"
"2131747510","2562052829","0.758824"
"2562052829","2131747510","0.758824"
"1484202666","2095498029","0.853268"
"2095498029","1484202666","0.853268"
"1484202666","2155691509","1.01993"
"2155691509","1484202666","1.01993"
"1484202666","2546289156","1.01993"
"2546289156","1484202666","1.01993"
"2095498029","2155691509","3.7305"
"2155691509","2095498029","3.7305"
"2095498029","2546289156","3.75431"
"2546289156","2095498029","3.75431"
"2155691509","2546289156","5.53765"
"2546289156","2155691509","5.53765"
"1484202666","2093679691","1.05882"
"2093679691","1484202666","1.05882"
"1484202666","2155200637","0.377778"
"2155200637","1484202666","0.377778"
"1484202666","2542767329","0.277778"
"2542767329","1484202666","0.277778"
"1533630378","2093679691","0.22549"
"2093679691","1533630378","0.22549"
"1533630378","2155200637","1.10556"
"2155200637","1533630378","1.10556"
"1533630378","2155691509","2.03343"
"2155691509","1533630378","2.03343"
"1533630378","2542767329","0.753968"
"2542767329","1533630378","0.753968"
"1533630378","2546289156","2.05724"
"2546289156","1533630378","2.05724"
"2093679691","2155200637","0.166667"
"2155200637","2093679691","0.166667"
"2093679691","2155691509","0.47549"
"2155691509","2093679691","0.47549"
"2093679691","2542767329","0.166667"
"2542767329","2093679691","0.166667"
"2093679691","2546289156","0.47549"
"2546289156","2093679691","0.47549"
"2155200637","2155691509","1.60556"
"2155691509","2155200637","1.60556"
"2155200637","2542767329","0.277778"
"2542767329","2155200637","0.277778"
"2155200637","2546289156","1.60556"
"2546289156","2155200637","1.60556"
"2155691509","2542767329","0.753968"
"2542767329","2155691509","0.753968"
"2542767329","2546289156","0.611111"
"2546289156","2542767329","0.611111"
"1484202666","1549922085","0.111111"
"1549922085","1484202666","0.111111"
"1484202666","2092720619","0.111111"
"2092720619","1484202666","0.111111"
"1533630378","1549922085","0.365079"
"1549922085","1533630378","0.365079"
"1533630378","2092720619","0.388889"
"2092720619","1533630378","0.388889"
"1533630378","2095498029","1.50009"
"2095498029","1533630378","1.50009"
"1541355693","1549922085","0.222222"
"1549922085","1541355693","0.222222"
"1541355693","2092720619","0.805556"
"2092720619","1541355693","0.805556"
"1541355693","2095498029","3.4739"
"2095498029","1541355693","3.4739"
"1541355693","2155200637","1.52222"
"2155200637","1541355693","1.52222"
"1541355693","2155691509","1.09057"
"2155691509","1541355693","1.09057"
"1541355693","2542767329","0.111111"
"2542767329","1541355693","0.111111"
"1541355693","2546289156","1.09057"
"2546289156","1541355693","1.09057"
"1549922085","2092720619","0.222222"
"2092720619","1549922085","0.222222"
"1549922085","2095498029","0.948413"
"2095498029","1549922085","0.948413"
"1549922085","2155200637","1.47222"
"2155200637","1549922085","1.47222"
"1549922085","2155691509","0.865079"
"2155691509","1549922085","0.865079"
"1549922085","2542767329","0.253968"
"2542767329","1549922085","0.253968"
"1549922085","2546289156","0.722222"
"2546289156","1549922085","0.722222"
"2092720619","2095498029","4.97222"
"2095498029","2092720619","4.97222"
"2092720619","2155200637","0.722222"
"2155200637","2092720619","0.722222"
"2092720619","2155691509","0.222222"
"2155691509","2092720619","0.222222"
"2092720619","2542767329","0.111111"
"2542767329","2092720619","0.111111"
"2092720619","2546289156","0.388889"
"2546289156","2092720619","0.388889"
"2095498029","2155200637","1.57222"
"2155200637","2095498029","1.57222"
"2095498029","2542767329","0.253968"
"2542767329","2095498029","0.253968"
"1484202666","2163801178","0.1"
"2163801178","1484202666","0.1"
"1484202666","2486251891","0.683333"
"2486251891","1484202666","0.683333"
"1533630378","2163801178","0.1"
"2163801178","1533630378","0.1"
"1533630378","2486251891","0.1"
"2486251891","1533630378","0.1"
"1541355693","2163801178","0.1"
"2163801178","1541355693","0.1"
"1541355693","2486251891","0.3"
"2486251891","1541355693","0.3"
"2095498029","2117972892","2.61676"
"2117972892","2095498029","2.61676"
"2095498029","2131747510","1.41542"
"2131747510","2095498029","1.41542"
"2095498029","2163801178","0.1"
"2163801178","2095498029","0.1"
"2095498029","2486251891","0.352632"
"2486251891","2095498029","0.352632"
"2117972892","2155200637","1.91111"
"2155200637","2117972892","1.91111"
"2117972892","2155691509","1.06676"
"2155691509","2117972892","1.06676"
"2117972892","2163801178","0.1"
"2163801178","2117972892","0.1"
"2117972892","2486251891","0.3"
"2486251891","2117972892","0.3"
"2117972892","2546289156","1.09057"
"2546289156","2117972892","1.09057"
"2131747510","2155200637","0.766667"
"2155200637","2131747510","0.766667"
"2131747510","2155691509","1.16542"
"2155691509","2131747510","1.16542"
"2131747510","2163801178","0.1"
"2163801178","2131747510","0.1"
"2131747510","2486251891","0.152632"
"2486251891","2131747510","0.152632"
"2131747510","2546289156","1.33209"
"2546289156","2131747510","1.33209"
"2155200637","2163801178","0.1"
"2163801178","2155200637","0.1"
"2155200637","2486251891","0.1"
"2486251891","2155200637","0.1"
"2155691509","2163801178","0.1"
"2163801178","2155691509","0.1"
"2155691509","2486251891","0.352632"
"2486251891","2155691509","0.352632"
"2163801178","2486251891","4.14286"
"2486251891","2163801178","4.14286"
"2163801178","2546289156","0.1"
"2546289156","2163801178","0.1"
"2486251891","2546289156","0.352632"
"2546289156","2486251891","0.352632"
"1484202666","1584737310","0.0588235"
"1584737310","1484202666","0.0588235"
"1484202666","1599284575","0.0588235"
"1599284575","1484202666","0.0588235"
"1484202666","2021279237","0.0588235"
"2021279237","1484202666","0.0588235"
"1484202666","2024902133","0.0588235"
"2024902133","1484202666","0.0588235"
"1484202666","2050975389","0.0588235"
"2050975389","1484202666","0.0588235"
"1484202666","2089480671","0.0588235"
"2089480671","1484202666","0.0588235"
"1484202666","2090006734","0.0588235"
"2090006734","1484202666","0.0588235"
"1484202666","2982401814","0.0588235"
"2982401814","1484202666","0.0588235"
"1533630378","1584737310","0.0588235"
"1584737310","1533630378","0.0588235"
"1533630378","1599284575","0.0588235"
"1599284575","1533630378","0.0588235"
"1533630378","2021279237","0.201681"
"2021279237","1533630378","0.201681"
"1533630378","2024902133","0.0588235"
"2024902133","1533630378","0.0588235"
"1533630378","2050975389","0.0588235"
"2050975389","1533630378","0.0588235"
"1533630378","2089480671","0.0588235"
"2089480671","1533630378","0.0588235"
"1533630378","2090006734","0.0588235"
"2090006734","1533630378","0.0588235"
"1533630378","2982401814","0.0588235"
"2982401814","1533630378","0.0588235"
"1541355693","1584737310","0.0588235"
"1584737310","1541355693","0.0588235"
"1541355693","1599284575","0.0588235"
"1599284575","1541355693","0.0588235"
"1541355693","2021279237","0.201681"
"2021279237","1541355693","0.201681"
"1541355693","2024902133","0.0588235"
"2024902133","1541355693","0.0588235"
"1541355693","2050975389","0.0588235"
"2050975389","1541355693","0.0588235"
"1541355693","2089480671","0.0588235"
"2089480671","1541355693","0.0588235"
"1541355693","2090006734","0.0588235"
"2090006734","1541355693","0.0588235"
"1541355693","2093679691","0.0588235"
"2093679691","1541355693","0.0588235"
"1541355693","2982401814","0.0588235"
"2982401814","1541355693","0.0588235"
"1584737310","1599284575","0.0588235"
"1599284575","1584737310","0.0588235"
"1584737310","2021279237","0.444788"
"2021279237","1584737310","0.444788"
"1584737310","2024902133","0.361455"
"2024902133","1584737310","0.361455"
"1584737310","2050975389","0.111455"
"2050975389","1584737310","0.111455"
"1584737310","2089480671","0.111455"
"2089480671","1584737310","0.111455"
"1584737310","2090006734","0.0588235"
"2090006734","1584737310","0.0588235"
"1584737310","2093679691","0.0588235"
"2093679691","1584737310","0.0588235"
"1584737310","2095498029","0.644788"
"2095498029","1584737310","0.644788"
"1584737310","2117972892","0.0588235"
"2117972892","1584737310","0.0588235"
"1584737310","2131747510","0.644788"
"2131747510","1584737310","0.644788"
"1584737310","2155691509","0.311455"
"2155691509","1584737310","0.311455"
"1584737310","2546289156","0.311455"
"2546289156","1584737310","0.311455"
"1584737310","2562052829","0.258824"
"2562052829","1584737310","0.258824"
"1584737310","2982401814","0.0588235"
"2982401814","1584737310","0.0588235"
"1599284575","2021279237","0.371615"
"2021279237","1599284575","0.371615"
"1599284575","2024902133","0.260504"
"2024902133","1599284575","0.260504"
"1599284575","2050975389","0.260504"
"2050975389","1599284575","0.260504"
"1599284575","2089480671","0.0588235"
"2089480671","1599284575","0.0588235"
"1599284575","2090006734","0.228758"
"2090006734","1599284575","0.228758"
"1599284575","2093679691","0.0588235"
"2093679691","1599284575","0.0588235"
"1599284575","2095498029","0.169935"
"2095498029","1599284575","0.169935"
"1599284575","2117972892","0.169935"
"2117972892","1599284575","0.169935"
"1599284575","2131747510","0.169935"
"2131747510","1599284575","0.169935"
"1599284575","2155691509","0.169935"
"2155691509","1599284575","0.169935"
"1599284575","2546289156","0.169935"
"2546289156","1599284575","0.169935"
"1599284575","2562052829","0.0588235"
"2562052829","1599284575","0.0588235"
"1599284575","2982401814","0.0588235"
"2982401814","1599284575","0.0588235"
"2021279237","2024902133","0.313136"
"2024902133","2021279237","0.313136"
"2021279237","2050975389","0.563136"
"2050975389","2021279237","0.563136"
"2021279237","2089480671","0.111455"
"2089480671","2021279237","0.111455"
"2021279237","2090006734","0.228758"
"2090006734","2021279237","0.228758"
"2021279237","2093679691","0.0588235"
"2093679691","2021279237","0.0588235"
"2021279237","2095498029","0.365423"
"2095498029","2021279237","0.365423"
"2021279237","2117972892","0.312792"
"2117972892","2021279237","0.312792"
"2021279237","2131747510","0.365423"
"2131747510","2021279237","0.365423"
"2021279237","2155691509","0.365423"
"2155691509","2021279237","0.365423"
"2021279237","2546289156","0.365423"
"2546289156","2021279237","0.365423"
"2021279237","2562052829","0.0588235"
"2562052829","2021279237","0.0588235"
"2021279237","2982401814","0.0588235"
"2982401814","2021279237","0.0588235"
"2024902133","2050975389","0.995134"
"2050975389","2024902133","0.995134"
"2024902133","2089480671","0.793454"
"2089480671","2024902133","0.793454"
"2024902133","2090006734","0.117647"
"2090006734","2024902133","0.117647"
"2024902133","2093679691","0.0588235"
"2093679691","2024902133","0.0588235"
"2024902133","2095498029","0.111455"
"2095498029","2024902133","0.111455"
"2024902133","2117972892","0.0588235"
"2117972892","2024902133","0.0588235"
"2024902133","2131747510","0.111455"
"2131747510","2024902133","0.111455"
"2024902133","2155691509","0.111455"
"2155691509","2024902133","0.111455"
"2024902133","2546289156","0.111455"
"2546289156","2024902133","0.111455"
"2024902133","2562052829","0.0588235"
"2562052829","2024902133","0.0588235"
"2024902133","2982401814","0.0588235"
"2982401814","2024902133","0.0588235"
"2050975389","2089480671","0.793454"
"2089480671","2050975389","0.793454"
"2050975389","2090006734","0.117647"
"2090006734","2050975389","0.117647"
"2050975389","2093679691","0.0588235"
"2093679691","2050975389","0.0588235"
"2050975389","2095498029","0.111455"
"2095498029","2050975389","0.111455"
"2050975389","2117972892","0.0588235"
"2117972892","2050975389","0.0588235"
"2050975389","2131747510","0.111455"
"2131747510","2050975389","0.111455"
"2050975389","2155691509","0.111455"
"2155691509","2050975389","0.111455"
"2050975389","2546289156","0.111455"
"2546289156","2050975389","0.111455"
"2050975389","2562052829","0.0588235"
"2562052829","2050975389","0.0588235"
"2050975389","2982401814","0.0588235"
"2982401814","2050975389","0.0588235"
"2089480671","2090006734","0.0588235"
"2090006734","2089480671","0.0588235"
"2089480671","2093679691","0.0588235"
"2093679691","2089480671","0.0588235"
"2089480671","2095498029","0.111455"
"2095498029","2089480671","0.111455"
"2089480671","2117972892","0.0588235"
"2117972892","2089480671","0.0588235"
"2089480671","2131747510","0.111455"
"2131747510","2089480671","0.111455"
"2089480671","2155691509","0.111455"
"2155691509","2089480671","0.111455"
"2089480671","2546289156","0.111455"
"2546289156","2089480671","0.111455"
"2089480671","2562052829","0.0588235"
"2562052829","2089480671","0.0588235"
"2089480671","2982401814","0.0588235"
"2982401814","2089480671","0.0588235"
"2090006734","2093679691","1.05882"
"2093679691","2090006734","1.05882"
"2090006734","2095498029","0.169935"
"2095498029","2090006734","0.169935"
"2090006734","2117972892","0.169935"
"2117972892","2090006734","0.169935"
"2090006734","2131747510","0.169935"
"2131747510","2090006734","0.169935"
"2090006734","2155691509","0.169935"
"2155691509","2090006734","0.169935"
"2090006734","2546289156","0.169935"
"2546289156","2090006734","0.169935"
"2090006734","2562052829","0.0588235"
"2562052829","2090006734","0.0588235"
"2090006734","2982401814","0.558824"
"2982401814","2090006734","0.558824"
"2093679691","2095498029","0.308824"
"2095498029","2093679691","0.308824"
"2093679691","2117972892","0.0588235"
"2117972892","2093679691","0.0588235"
"2093679691","2131747510","0.0588235"
"2131747510","2093679691","0.0588235"
"2093679691","2562052829","0.308824"
"2562052829","2093679691","0.308824"
"2093679691","2982401814","0.0588235"
"2982401814","2093679691","0.0588235"
"2095498029","2562052829","1.25882"
"2562052829","2095498029","1.25882"
"2095498029","2982401814","0.558824"
"2982401814","2095498029","0.558824"
"2117972892","2982401814","0.0588235"
"2982401814","2117972892","0.0588235"
"2131747510","2982401814","0.0588235"
"2982401814","2131747510","0.0588235"
"2155691509","2562052829","0.258824"
"2562052829","2155691509","0.258824"
"2155691509","2982401814","0.0588235"
"2982401814","2155691509","0.0588235"
"2546289156","2562052829","0.258824"
"2562052829","2546289156","0.258824"
"2546289156","2982401814","0.0588235"
"2982401814","2546289156","0.0588235"
"2562052829","2982401814","0.0588235"
"2982401814","2562052829","0.0588235"
"1916975076","2093679691","0.333333"
"2093679691","1916975076","0.333333"
"1916975076","2486251891","0.333333"
"2486251891","1916975076","0.333333"
"2093679691","2486251891","7.49286"
"2486251891","2093679691","7.49286"
"1484202666","2109139912","0.25"
"2109139912","1484202666","0.25"
"2093679691","2109139912","1.4373"
"2109139912","2093679691","1.4373"
"2109139912","2486251891","1.82619"
"2486251891","2109139912","1.82619"
"2109139912","2562052829","0.25"
"2562052829","2109139912","0.25"
"2486251891","2562052829","0.25"
"2562052829","2486251891","0.25"
"1490937616","1521609499","2.08333"
"1521609499","1490937616","2.08333"
"1490937616","2466884588","1.58333"
"2466884588","1490937616","1.58333"
"1521609499","2466884588","1.00758"
"2466884588","1521609499","1.00758"
"1490937616","1657108660","1.83333"
"1657108660","1490937616","1.83333"
"1521609499","1657108660","3.21591"
"1657108660","1521609499","3.21591"
"1490937616","2068961023","0.392857"
"2068961023","1490937616","0.392857"
"1490937616","2106503168","0.642857"
"2106503168","1490937616","0.642857"
"1521609499","2068961023","1.02543"
"2068961023","1521609499","1.02543"
"1521609499","2106503168","1.02543"
"2106503168","1521609499","1.02543"
"1657108660","2068961023","0.882576"
"2068961023","1657108660","0.882576"
"1657108660","2106503168","1.13258"
"2106503168","1657108660","1.13258"
"2068961023","2106503168","5.38853"
"2106503168","2068961023","5.38853"
"1490937616","2465801608","0.5"
"2465801608","1490937616","0.5"
"2465801608","2466884588","1.91667"
"2466884588","2465801608","1.91667"
"1490937616","1989300787","0.142857"
"1989300787","1490937616","0.142857"
"1490937616","2021990497","0.142857"
"2021990497","1490937616","0.142857"
"1490937616","2078434039","0.392857"
"2078434039","1490937616","0.392857"
"1490937616","2087260125","0.142857"
"2087260125","1490937616","0.142857"
"1490937616","2165149840","0.142857"
"2165149840","1490937616","0.142857"
"1989300787","2021990497","1.17067"
"2021990497","1989300787","1.17067"
"1989300787","2068961023","1.67067"
"2068961023","1989300787","1.67067"
"1989300787","2078434039","0.4171"
"2078434039","1989300787","0.4171"
"1989300787","2087260125","1.17067"
"2087260125","1989300787","1.17067"
"1989300787","2106503168","5.17067"
"2106503168","1989300787","5.17067"
"1989300787","2165149840","0.750433"
"2165149840","1989300787","0.750433"
"2021990497","2068961023","3.80519"
"2068961023","2021990497","3.80519"
"2021990497","2078434039","1.10162"
"2078434039","2021990497","1.10162"
"2021990497","2087260125","2.38019"
"2087260125","2021990497","2.38019"
"2021990497","2106503168","3.80519"
"2106503168","2021990497","3.80519"
"2021990497","2165149840","1.80162"
"2165149840","2021990497","1.80162"
"2068961023","2078434039","1.10162"
"2078434039","2068961023","1.10162"
"2068961023","2087260125","2.38019"
"2087260125","2068961023","2.38019"
"2068961023","2165149840","1.80162"
"2165149840","2068961023","1.80162"
"2078434039","2087260125","1.72662"
"2087260125","2078434039","1.72662"
"2078434039","2106503168","1.35162"
"2106503168","2078434039","1.35162"
"2078434039","2165149840","1.10162"
"2165149840","2078434039","1.10162"
"2087260125","2106503168","2.38019"
"2106503168","2087260125","2.38019"
"2087260125","2165149840","1.17662"
"2165149840","2087260125","1.17662"
"2106503168","2165149840","1.80162"
"2165149840","2106503168","1.80162"
"1657108660","2466884588","0.757576"
"2466884588","1657108660","0.757576"
"1657108660","2078434039","0.549242"
"2078434039","1657108660","0.549242"
"2078434039","2466884588","0.524242"
"2466884588","2078434039","0.524242"
"2106503168","2466884588","0.524242"
"2466884588","2106503168","0.524242"
"1493316007","2108854759","7"
"2108854759","1493316007","7"
"1493316007","41560204","4"
"41560204","1493316007","4"
"2108854759","41560204","6"
"41560204","2108854759","6"
"1499073821","2154299899","0.5"
"2154299899","1499073821","0.5"
"1499073821","8355366","0.5"
"8355366","1499073821","0.5"
"2154299899","8355366","2.5"
"8355366","2154299899","2.5"
"1499073821","1968813419","0.5"
"1968813419","1499073821","0.5"
"1499073821","2089513410","0.5"
"2089513410","1499073821","0.5"
"1968813419","2089513410","0.5"
"2089513410","1968813419","0.5"
"1506170695","1996348708","1.83333"
"1996348708","1506170695","1.83333"
"1506170695","2077738224","4.33333"
"2077738224","1506170695","4.33333"
"1996348708","2077738224","3.99784"
"2077738224","1996348708","3.99784"
"1506170695","1549922085","0.333333"
"1549922085","1506170695","0.333333"
"1549922085","1996348708","0.333333"
"1996348708","1549922085","0.333333"
"1549922085","2077738224","0.333333"
"2077738224","1549922085","0.333333"
"1506170695","1512746459","0.166667"
"1512746459","1506170695","0.166667"
"1506170695","1519493386","0.166667"
"1519493386","1506170695","0.166667"
"1506170695","161421748","0.166667"
"161421748","1506170695","0.166667"
"1506170695","2136273031","0.166667"
"2136273031","1506170695","0.166667"
"1512746459","1519493386","0.354978"
"1519493386","1512746459","0.354978"
"1512746459","161421748","0.497835"
"161421748","1512746459","0.497835"
