"1499016174","1526379157","0.45"
"1526379157","1499016174","0.45"
"1499016174","1568578770","0.85"
"1568578770","1499016174","0.85"
"1499016174","1581814815","0.25"
"1581814815","1499016174","0.25"
"1499016174","1853714066","2.18333"
"1853714066","1499016174","2.18333"
"1526379157","1568578770","3.95"
"1568578770","1526379157","3.95"
"1526379157","1581814815","0.708333"
"1581814815","1526379157","0.708333"
"1526379157","1853714066","5.075"
"1853714066","1526379157","5.075"
"1568578770","1581814815","1.58333"
"1581814815","1568578770","1.58333"
"1568578770","1853714066","2.18333"
"1853714066","1568578770","2.18333"
"1581814815","1853714066","0.75"
"1853714066","1581814815","0.75"
"1499016174","1511581834","0.4"
"1511581834","1499016174","0.4"
"1499016174","2160973709","2.93333"
"2160973709","1499016174","2.93333"
"1499016174","307235938","0.6"
"307235938","1499016174","0.6"
"1511581834","1568578770","1.23333"
"1568578770","1511581834","1.23333"
"1511581834","1853714066","0.4"
"1853714066","1511581834","0.4"
"1511581834","2160973709","2.20119"
"2160973709","1511581834","2.20119"
"1511581834","307235938","1.10119"
"307235938","1511581834","1.10119"
"1568578770","2160973709","2.18333"
"2160973709","1568578770","2.18333"
"1568578770","307235938","4.93333"
"307235938","1568578770","4.93333"
"1853714066","2160973709","9.05833"
"2160973709","1853714066","9.05833"
"1853714066","307235938","1.39167"
"307235938","1853714066","1.39167"
"2160973709","307235938","5.4373"
"307235938","2160973709","5.4373"
"1526379157","2160973709","3.70397"
"2160973709","1526379157","3.70397"
"1526379157","307235938","4.0373"
"307235938","1526379157","4.0373"
"1499016174","2769708155","0.333333"
"2769708155","1499016174","0.333333"
"1853714066","2769708155","0.833333"
"2769708155","1853714066","0.833333"
"2160973709","2769708155","1.47619"
"2769708155","2160973709","1.47619"
"1511581834","2769708155","2.09286"
"2769708155","1511581834","2.09286"
"1511581834","224630583","1.125"
"224630583","1511581834","1.125"
"1511581834","2181974462","3"
"2181974462","1511581834","3"
"1511581834","2553598483","1.5"
"2553598483","1511581834","1.5"
"2553598483","2769708155","0.5"
"2769708155","2553598483","0.5"
"1511581834","2031648986","0.45"
"2031648986","1511581834","0.45"
"1511581834","2122744503","0.592857"
"2122744503","1511581834","0.592857"
"1511581834","2593527038","0.45"
"2593527038","1511581834","0.45"
"2031648986","2122744503","1.14444"
"2122744503","2031648986","1.14444"
"2031648986","2593527038","0.361111"
"2593527038","2031648986","0.361111"
"2031648986","2769708155","1.25"
"2769708155","2031648986","1.25"
"2122744503","2593527038","0.361111"
"2593527038","2122744503","0.361111"
"2122744503","2769708155","0.392857"
"2769708155","2122744503","0.392857"
"2593527038","2769708155","0.45"
"2769708155","2593527038","0.45"
"1511581834","1526379157","1.10119"
"1526379157","1511581834","1.10119"
"1511581834","1581814815","2.65833"
"1581814815","1511581834","2.65833"
"1511581834","2152394049","0.325"
"2152394049","1511581834","0.325"
"1581814815","2031648986","0.2"
"2031648986","1581814815","0.2"
"1581814815","2122744503","0.2"
"2122744503","1581814815","0.2"
"1581814815","2152394049","4.77067"
"2152394049","1581814815","4.77067"
"1581814815","2160973709","0.325"
"2160973709","1581814815","0.325"
"2031648986","2152394049","0.2"
"2152394049","2031648986","0.2"
"2031648986","2160973709","2.22778"
"2160973709","2031648986","2.22778"
"2122744503","2152394049","0.2"
"2152394049","2122744503","0.2"
"2122744503","2160973709","1.0373"
"2160973709","2122744503","1.0373"
"2152394049","2160973709","0.325"
"2160973709","2152394049","0.325"
"1511581834","1592625985","0.267857"
"1592625985","1511581834","0.267857"
"1511581834","2006737181","0.367857"
"2006737181","1511581834","0.367857"
"1526379157","1592625985","0.378968"
"1592625985","1526379157","0.378968"
"1526379157","2006737181","0.267857"
"2006737181","1526379157","0.267857"
"1526379157","2152394049","0.125"
"2152394049","1526379157","0.125"
"1526379157","224630583","0.375"
"224630583","1526379157","0.375"
"1581814815","1592625985","0.125"
"1592625985","1581814815","0.125"
"1581814815","2006737181","0.125"
"2006737181","1581814815","0.125"
"1581814815","224630583","4.2175"
"224630583","1581814815","4.2175"
"1581814815","307235938","0.125"
"307235938","1581814815","0.125"
"1592625985","2006737181","0.267857"
"2006737181","1592625985","0.267857"
"1592625985","2152394049","0.125"
"2152394049","1592625985","0.125"
"1592625985","2160973709","2.9623"
"2160973709","1592625985","2.9623"
"1592625985","224630583","0.125"
"224630583","1592625985","0.125"
"1592625985","307235938","3.37897"
"307235938","1592625985","3.37897"
"2006737181","2152394049","0.125"
"2152394049","2006737181","0.125"
"2006737181","2160973709","0.767857"
"2160973709","2006737181","0.767857"
"2006737181","224630583","2.125"
"224630583","2006737181","2.125"
"2006737181","307235938","0.367857"
"307235938","2006737181","0.367857"
"2152394049","224630583","1.73734"
"224630583","2152394049","1.73734"
"2152394049","307235938","0.125"
"307235938","2152394049","0.125"
"2160973709","224630583","0.125"
"224630583","2160973709","0.125"
"224630583","307235938","2.625"
"307235938","224630583","2.625"
"1511581834","1969800190","0.1"
"1969800190","1511581834","0.1"
"1511581834","2043868537","0.1"
"2043868537","1511581834","0.1"
"1511581834","2053723853","0.1"
"2053723853","1511581834","0.1"
"1511581834","2118055209","0.1"
"2118055209","1511581834","0.1"
"1511581834","2343009295","0.1"
"2343009295","1511581834","0.1"
"1511581834","2434338136","0.1"
"2434338136","1511581834","0.1"
"1511581834","2579004491","0.1"
"2579004491","1511581834","0.1"
"1511581834","2950372739","0.1"
"2950372739","1511581834","0.1"
"1969800190","2006737181","1.1"
"2006737181","1969800190","1.1"
"1969800190","2043868537","0.1"
"2043868537","1969800190","0.1"
"1969800190","2053723853","0.1"
"2053723853","1969800190","0.1"
"1969800190","2118055209","0.1"
"2118055209","1969800190","0.1"
"1969800190","2343009295","1.07543"
"2343009295","1969800190","1.07543"
"1969800190","2434338136","4.77543"
"2434338136","1969800190","4.77543"
"1969800190","2579004491","1.61786"
"2579004491","1969800190","1.61786"
"1969800190","2950372739","3.20043"
"2950372739","1969800190","3.20043"
"1969800190","307235938","0.3"
"307235938","1969800190","0.3"
"2006737181","2043868537","0.6"
"2043868537","2006737181","0.6"
"2006737181","2053723853","1.1"
"2053723853","2006737181","1.1"
"2006737181","2118055209","0.6"
"2118055209","2006737181","0.6"
"2006737181","2343009295","0.1"
"2343009295","2006737181","0.1"
"2006737181","2434338136","0.1"
"2434338136","2006737181","0.1"
"2006737181","2579004491","0.1"
"2579004491","2006737181","0.1"
"2006737181","2950372739","0.1"
"2950372739","2006737181","0.1"
"2043868537","2053723853","0.1"
"2053723853","2043868537","0.1"
"2043868537","2118055209","21.6"
"2118055209","2043868537","21.6"
"2043868537","2343009295","0.1"
"2343009295","2043868537","0.1"
"2043868537","2434338136","0.1"
"2434338136","2043868537","0.1"
"2043868537","2579004491","0.1"
"2579004491","2043868537","0.1"
"2043868537","2950372739","0.1"
"2950372739","2043868537","0.1"
"2043868537","307235938","0.211111"
"307235938","2043868537","0.211111"
"2053723853","2118055209","0.1"
"2118055209","2053723853","0.1"
"2053723853","2343009295","0.296429"
"2343009295","2053723853","0.296429"
"2053723853","2434338136","0.1"
"2434338136","2053723853","0.1"
"2053723853","2579004491","0.1"
"2579004491","2053723853","0.1"
"2053723853","2950372739","0.1"
"2950372739","2053723853","0.1"
"2053723853","307235938","0.725"
"307235938","2053723853","0.725"
"2118055209","2343009295","0.1"
"2343009295","2118055209","0.1"
"2118055209","2434338136","0.1"
"2434338136","2118055209","0.1"
"2118055209","2579004491","0.1"
"2579004491","2118055209","0.1"
"2118055209","2950372739","0.1"
"2950372739","2118055209","0.1"
"2118055209","307235938","0.1"
"307235938","2118055209","0.1"
"2343009295","2434338136","1.65877"
"2434338136","2343009295","1.65877"
"2343009295","2579004491","0.617857"
"2579004491","2343009295","0.617857"
"2343009295","2950372739","1.08377"
"2950372739","2343009295","1.08377"
"2343009295","307235938","1.225"
"307235938","2343009295","1.225"
"2434338136","2579004491","4.81786"
"2579004491","2434338136","4.81786"
"2434338136","2950372739","11.5671"
"2950372739","2434338136","11.5671"
"2434338136","307235938","0.3"
"307235938","2434338136","0.3"
"2579004491","2950372739","2.19286"
"2950372739","2579004491","2.19286"
"2579004491","307235938","0.1"
"307235938","2579004491","0.1"
"2950372739","307235938","0.3"
"307235938","2950372739","0.3"
"1526379157","2122744503","0.253968"
"2122744503","1526379157","0.253968"
"1526379157","2769708155","1.47619"
"2769708155","1526379157","1.47619"
"1592625985","2122744503","1.3373"
"2122744503","1592625985","1.3373"
"1592625985","2769708155","0.142857"
"2769708155","1592625985","0.142857"
"2006737181","2122744503","0.142857"
"2122744503","2006737181","0.142857"
"2006737181","2769708155","0.142857"
"2769708155","2006737181","0.142857"
"2122744503","307235938","1.95397"
"307235938","2122744503","1.95397"
"2769708155","307235938","0.97619"
"307235938","2769708155","0.97619"
"1511581834","1724472458","0.333333"
"1724472458","1511581834","0.333333"
"1724472458","2160973709","0.809524"
"2160973709","1724472458","0.809524"
"1724472458","307235938","0.666667"
"307235938","1724472458","0.666667"
"1511581834","1988452287","0.2"
"1988452287","1511581834","0.2"
"1511581834","2148054097","0.2"
"2148054097","1511581834","0.2"
"1511581834","2913105718","0.2"
"2913105718","1511581834","0.2"
"1988452287","2148054097","0.342857"
"2148054097","1988452287","0.342857"
"1988452287","2593527038","0.644444"
"2593527038","1988452287","0.644444"
"1988452287","2769708155","0.2"
"2769708155","1988452287","0.2"
"1988452287","2913105718","0.453968"
"2913105718","1988452287","0.453968"
"2148054097","2593527038","0.2"
"2593527038","2148054097","0.2"
"2148054097","2769708155","0.2"
"2769708155","2148054097","0.2"
"2148054097","2913105718","19.4595"
"2913105718","2148054097","19.4595"
"2593527038","2913105718","0.311111"
"2913105718","2593527038","0.311111"
"2769708155","2913105718","0.2"
"2913105718","2769708155","0.2"
"1568578770","2769708155","1.33333"
"2769708155","1568578770","1.33333"
"1526379157","2031648986","0.611111"
"2031648986","1526379157","0.611111"
"1526379157","2148054097","0.333333"
"2148054097","1526379157","0.333333"
"1526379157","2913105718","0.444444"
"2913105718","1526379157","0.444444"
"2148054097","307235938","0.333333"
"307235938","2148054097","0.333333"
"2913105718","307235938","0.444444"
"307235938","2913105718","0.444444"
"1526379157","1984153141","1"
"1984153141","1526379157","1"
"1526379157","1988452287","0.111111"
"1988452287","1526379157","0.111111"
"1526379157","2043868537","0.111111"
"2043868537","1526379157","0.111111"
"1526379157","2593527038","0.111111"
"2593527038","1526379157","0.111111"
"1592625985","1988452287","0.111111"
"1988452287","1592625985","0.111111"
"1592625985","2031648986","0.694444"
"2031648986","1592625985","0.694444"
"1592625985","2043868537","0.111111"
"2043868537","1592625985","0.111111"
"1592625985","2593527038","0.236111"
"2593527038","1592625985","0.236111"
"1592625985","2913105718","0.111111"
"2913105718","1592625985","0.111111"
"1988452287","2031648986","0.111111"
"2031648986","1988452287","0.111111"
"1988452287","2043868537","0.111111"
"2043868537","1988452287","0.111111"
"1988452287","2122744503","0.111111"
"2122744503","1988452287","0.111111"
"1988452287","2160973709","1.25397"
"2160973709","1988452287","1.25397"
"1988452287","307235938","0.111111"
"307235938","1988452287","0.111111"
"2031648986","2043868537","0.111111"
"2043868537","2031648986","0.111111"
"2031648986","2913105718","0.111111"
"2913105718","2031648986","0.111111"
"2031648986","307235938","0.444444"
"307235938","2031648986","0.444444"
"2043868537","2122744503","0.111111"
"2122744503","2043868537","0.111111"
"2043868537","2160973709","0.111111"
"2160973709","2043868537","0.111111"
"2043868537","2593527038","0.111111"
"2593527038","2043868537","0.111111"
"2043868537","2913105718","0.111111"
"2913105718","2043868537","0.111111"
"2122744503","2913105718","0.444444"
"2913105718","2122744503","0.444444"
"2160973709","2593527038","0.111111"
"2593527038","2160973709","0.111111"
"2160973709","2913105718","1.45397"
"2913105718","2160973709","1.45397"
"2593527038","307235938","0.111111"
"307235938","2593527038","0.111111"
"1526379157","2076046175","0.25"
"2076046175","1526379157","0.25"
"1526379157","2108072891","0.25"
"2108072891","1526379157","0.25"
"1526379157","2138001464","0.375"
"2138001464","1526379157","0.375"
"2076046175","2108072891","4.31472"
"2108072891","2076046175","4.31472"
"2076046175","2138001464","5.58095"
"2138001464","2076046175","5.58095"
"2076046175","224630583","0.866306"
"224630583","2076046175","0.866306"
"2108072891","2138001464","10.081"
"2138001464","2108072891","10.081"
"2108072891","224630583","1.42186"
"224630583","2108072891","1.42186"
"2138001464","224630583","0.738095"
"224630583","2138001464","0.738095"
"1526379157","2053723853","0.125"
"2053723853","1526379157","0.125"
"1526379157","2181974462","0.125"
"2181974462","1526379157","0.125"
"1526379157","2343009295","0.125"
"2343009295","1526379157","0.125"
"1526379157","650013619","0.125"
"650013619","1526379157","0.125"
"1853714066","2053723853","0.125"
"2053723853","1853714066","0.125"
"1853714066","2138001464","0.125"
"2138001464","1853714066","0.125"
"1853714066","2181974462","0.125"
"2181974462","1853714066","0.125"
"1853714066","2343009295","0.125"
"2343009295","1853714066","0.125"
"1853714066","650013619","0.125"
"650013619","1853714066","0.125"
"2053723853","2138001464","0.196429"
"2138001464","2053723853","0.196429"
"2053723853","2160973709","0.625"
"2160973709","2053723853","0.625"
"2053723853","2181974462","0.125"
"2181974462","2053723853","0.125"
"2053723853","650013619","0.125"
"650013619","2053723853","0.125"
"2138001464","2160973709","0.325"
"2160973709","2138001464","0.325"
"2138001464","2181974462","0.125"
"2181974462","2138001464","0.125"
"2138001464","2343009295","0.196429"
"2343009295","2138001464","0.196429"
"2138001464","307235938","0.125"
"307235938","2138001464","0.125"
"2138001464","650013619","0.125"
"650013619","2138001464","0.125"
"2160973709","2181974462","0.125"
"2181974462","2160973709","0.125"
"2160973709","2343009295","0.267857"
"2343009295","2160973709","0.267857"
"2160973709","650013619","0.125"
"650013619","2160973709","0.125"
"2181974462","2343009295","0.125"
"2343009295","2181974462","0.125"
"2181974462","307235938","15.125"
"307235938","2181974462","15.125"
"2181974462","650013619","0.125"
"650013619","2181974462","0.125"
"2343009295","650013619","1.04091"
"650013619","2343009295","1.04091"
"307235938","650013619","0.125"
"650013619","307235938","0.125"
"1568578770","1592625985","0.25"
"1592625985","1568578770","0.25"
"1568578770","2031648986","0.25"
"2031648986","1568578770","0.25"
"1568578770","2122744503","0.25"
"2122744503","1568578770","0.25"
"1581814815","2181974462","4"
"2181974462","1581814815","4"
"1581814815","162787226","1.11631"
"162787226","1581814815","1.11631"
"1581814815","1724472458","3.01869"
"1724472458","1581814815","3.01869"
"1581814815","1988452287","2.35202"
"1988452287","1581814815","2.35202"
"1581814815","2053723853","0.999639"
"2053723853","1581814815","0.999639"
"1581814815","2076046175","0.72583"
"2076046175","1581814815","0.72583"
"1581814815","2087000693","0.68254"
"2087000693","1581814815","0.68254"
"1581814815","2108072891","0.614719"
"2108072891","1581814815","0.614719"
"1581814815","2138001464","0.964286"
"2138001464","1581814815","0.964286"
"1581814815","2343009295","0.0714286"
"2343009295","1581814815","0.0714286"
"1581814815","2398927423","0.759163"
"2398927423","1581814815","0.759163"
"1581814815","2553598483","1.28853"
"2553598483","1581814815","1.28853"
"1581814815","609140279","0.868687"
"609140279","1581814815","0.868687"
"162787226","1724472458","1.78297"
"1724472458","162787226","1.78297"
"162787226","1988452287","1.11631"
"1988452287","162787226","1.11631"
"162787226","2053723853","0.416306"
"2053723853","162787226","0.416306"
"162787226","2076046175","0.273449"
"2076046175","162787226","0.273449"
"162787226","2087000693","0.515873"
"2087000693","162787226","0.515873"
"162787226","2108072891","0.329004"
"2108072891","162787226","0.329004"
"162787226","2138001464","0.238095"
"2138001464","162787226","0.238095"
"162787226","2152394049","0.829004"
"2152394049","162787226","0.829004"
"162787226","224630583","10.4163"
"224630583","162787226","10.4163"
"162787226","2343009295","0.0714286"
"2343009295","162787226","0.0714286"
"162787226","2398927423","0.616306"
"2398927423","162787226","0.616306"
"162787226","2553598483","0.695671"
"2553598483","162787226","0.695671"
"162787226","609140279","0.416306"
"609140279","162787226","0.416306"
"1724472458","1988452287","5.59488"
"1988452287","1724472458","5.59488"
"1724472458","2053723853","2.53297"
"2053723853","1724472458","2.53297"
"1724472458","2076046175","1.12583"
"2076046175","1724472458","1.12583"
"1724472458","2087000693","2.74921"
"2087000693","1724472458","2.74921"
"1724472458","2108072891","0.814719"
"2108072891","1724472458","0.814719"
"1724472458","2138001464","1.83095"
"2138001464","1724472458","1.83095"
"1724472458","2152394049","1.56234"
"2152394049","1724472458","1.56234"
"1724472458","224630583","2.70916"
"224630583","1724472458","2.70916"
"1724472458","2343009295","1.46429"
"2343009295","1724472458","1.46429"
"1724472458","2398927423","3.5425"
"2398927423","1724472458","3.5425"
"1724472458","2553598483","1.23853"
"2553598483","1724472458","1.23853"
"1724472458","609140279","4.65202"
"609140279","1724472458","4.65202"
"1988452287","2053723853","0.866306"
"2053723853","1988452287","0.866306"
"1988452287","2076046175","1.12583"
"2076046175","1988452287","1.12583"
"1988452287","2087000693","1.24921"
"2087000693","1988452287","1.24921"
"1988452287","2108072891","0.814719"
"2108072891","1988452287","0.814719"
"1988452287","2138001464","1.66429"
"2138001464","1988452287","1.66429"
"1988452287","2152394049","1.06234"
"2152394049","1988452287","1.06234"
"1988452287","224630583","2.0425"
"224630583","1988452287","2.0425"
"1988452287","2343009295","1.71429"
"2343009295","1988452287","1.71429"
"1988452287","2398927423","2.62583"
"2398927423","1988452287","2.62583"
"1988452287","2553598483","1.48853"
"2553598483","1988452287","1.48853"
"1988452287","609140279","2.73535"
"609140279","1988452287","2.73535"
"2053723853","2076046175","0.273449"
"2076046175","2053723853","0.273449"
"2053723853","2087000693","0.515873"
"2087000693","2053723853","0.515873"
"2053723853","2108072891","0.162338"
"2108072891","2053723853","0.162338"
"2053723853","2152394049","0.412338"
"2152394049","2053723853","0.412338"
"2053723853","224630583","0.666306"
"224630583","2053723853","0.666306"
"2053723853","2398927423","1.19964"
"2398927423","2053723853","1.19964"
"2053723853","2553598483","0.612338"
"2553598483","2053723853","0.612338"
"2053723853","609140279","1.19964"
"609140279","2053723853","1.19964"
"2076046175","2087000693","3.33254"
"2087000693","2076046175","3.33254"
"2076046175","2152394049","0.779004"
"2152394049","2076046175","0.779004"
"2076046175","2343009295","0.0714286"
"2343009295","2076046175","0.0714286"
"2076046175","2398927423","0.416306"
"2398927423","2076046175","0.416306"
"2076046175","2553598483","0.305195"
"2553598483","2076046175","0.305195"
"2076046175","609140279","0.72583"
"609140279","2076046175","0.72583"
"2087000693","2108072891","1.85476"
"2108072891","2087000693","1.85476"
"2087000693","2138001464","4.02143"
"2138001464","2087000693","4.02143"
"2087000693","2152394049","1.52143"
"2152394049","2087000693","1.52143"
"2087000693","224630583","0.715873"
"224630583","2087000693","0.715873"
"2087000693","2343009295","0.0714286"
"2343009295","2087000693","0.0714286"
"2087000693","2398927423","0.515873"
"2398927423","2087000693","0.515873"
"2087000693","2553598483","0.0714286"
"2553598483","2087000693","0.0714286"
"2087000693","609140279","0.18254"
"609140279","2087000693","0.18254"
"2108072891","2152394049","0.912338"
"2152394049","2108072891","0.912338"
"2108072891","2343009295","0.0714286"
"2343009295","2108072891","0.0714286"
"2108072891","2398927423","1.05519"
"2398927423","2108072891","1.05519"
"2108072891","2553598483","0.305195"
"2553598483","2108072891","0.305195"
"2108072891","609140279","0.698052"
"609140279","2108072891","0.698052"
"2138001464","2152394049","3.1881"
"2152394049","2138001464","3.1881"
"2138001464","2398927423","0.547619"
"2398927423","2138001464","0.547619"
"2138001464","2553598483","0.0714286"
"2553598483","2138001464","0.0714286"
"2138001464","609140279","0.380952"
"609140279","2138001464","0.380952"
"2152394049","2343009295","0.0714286"
"2343009295","2152394049","0.0714286"
"2152394049","2398927423","0.495671"
"2398927423","2152394049","0.495671"
"2152394049","2553598483","0.612338"
"2553598483","2152394049","0.612338"
"2152394049","609140279","0.329004"
"609140279","2152394049","0.329004"
"224630583","2343009295","0.0714286"
"2343009295","224630583","0.0714286"
"224630583","2398927423","0.916306"
"2398927423","224630583","0.916306"
"224630583","2553598483","2.42186"
"2553598483","224630583","2.42186"
"224630583","609140279","0.559163"
"609140279","224630583","0.559163"
"2343009295","2398927423","0.412338"
"2398927423","2343009295","0.412338"
"2343009295","2553598483","0.537338"
"2553598483","2343009295","0.537338"
"2343009295","609140279","0.412338"
"609140279","2343009295","0.412338"
"2398927423","2553598483","2.73658"
"2553598483","2398927423","2.73658"
"2398927423","609140279","24.4334"
"609140279","2398927423","24.4334"
"2553598483","609140279","3.67944"
"609140279","2553598483","3.67944"
"1581814815","2166094320","0.5"
"2166094320","1581814815","0.5"
"1853714066","2166094320","0.5"
"2166094320","1853714066","0.5"
"1592625985","2181974462","6.5"
"2181974462","1592625985","6.5"
"1592625985","1969800190","0.125"
"1969800190","1592625985","0.125"
"1592625985","2295140071","0.125"
"2295140071","1592625985","0.125"
"1592625985","2343009295","0.125"
"2343009295","1592625985","0.125"
"1592625985","2434338136","0.125"
"2434338136","1592625985","0.125"
"1592625985","2553598483","0.125"
"2553598483","1592625985","0.125"
"1592625985","2579004491","0.125"
"2579004491","1592625985","0.125"
"1592625985","650013619","0.125"
"650013619","1592625985","0.125"
"1969800190","2295140071","4.22543"
"2295140071","1969800190","4.22543"
"1969800190","2553598483","0.215909"
"2553598483","1969800190","0.215909"
"1969800190","2593527038","2.22543"
"2593527038","1969800190","2.22543"
"1969800190","650013619","1.66591"
"650013619","1969800190","1.66591"
"2295140071","2343009295","3.36829"
"2343009295","2295140071","3.36829"
"2295140071","2434338136","1.97543"
"2434338136","2295140071","1.97543"
"2295140071","2553598483","0.215909"
"2553598483","2295140071","0.215909"
"2295140071","2579004491","0.267857"
"2579004491","2295140071","0.267857"
"2295140071","2593527038","0.975433"
"2593527038","2295140071","0.975433"
"2295140071","650013619","1.91591"
"650013619","2295140071","1.91591"
"2343009295","2593527038","1.97543"
"2593527038","2343009295","1.97543"
"2434338136","2553598483","0.215909"
"2553598483","2434338136","0.215909"
"2434338136","2593527038","2.50877"
"2593527038","2434338136","2.50877"
"2434338136","650013619","0.665909"
"650013619","2434338136","0.665909"
"2553598483","2579004491","0.125"
"2579004491","2553598483","0.125"
"2553598483","2593527038","3.54924"
"2593527038","2553598483","3.54924"
"2553598483","650013619","0.215909"
"650013619","2553598483","0.215909"
"2579004491","2593527038","1.46786"
"2593527038","2579004491","1.46786"
"2579004491","650013619","0.125"
"650013619","2579004491","0.125"
"2593527038","650013619","0.665909"
"650013619","2593527038","0.665909"
"162787226","2769708155","0.166667"
"2769708155","162787226","0.166667"
"1724472458","2769708155","0.166667"
"2769708155","1724472458","0.166667"
"2087000693","2769708155","0.166667"
"2769708155","2087000693","0.166667"
"2138001464","2769708155","0.166667"
"2769708155","2138001464","0.166667"
"2152394049","2769708155","0.166667"
"2769708155","2152394049","0.166667"
"224630583","2769708155","0.166667"
"2769708155","224630583","0.166667"
"1724472458","2166094320","0.5"
"2166094320","1724472458","0.5"
"2087000693","2166094320","2.83333"
"2166094320","2087000693","2.83333"
"1724472458","1969800190","0.5"
"1969800190","1724472458","0.5"
"1969800190","1988452287","0.5"
"1988452287","1969800190","0.5"
"1724472458","1984153141","0.392857"
"1984153141","1724472458","0.392857"
"1724472458","2295140071","0.392857"
"2295140071","1724472458","0.392857"
"1984153141","1988452287","0.392857"
"1988452287","1984153141","0.392857"
"1984153141","2295140071","2.98377"
"2295140071","1984153141","2.98377"
"1984153141","2343009295","1.48377"
"2343009295","1984153141","1.48377"
"1988452287","2295140071","0.392857"
"2295140071","1988452287","0.392857"
"1724472458","2031648986","0.333333"
"2031648986","1724472458","0.333333"
"1724472458","2148054097","0.142857"
"2148054097","1724472458","0.142857"
"1724472458","2913105718","0.142857"
"2913105718","1724472458","0.142857"
"1984153141","2148054097","0.642857"
"2148054097","1984153141","0.642857"
"1984153141","2160973709","1.14286"
"2160973709","1984153141","1.14286"
"1984153141","2913105718","0.642857"
"2913105718","1984153141","0.642857"
"2148054097","2160973709","1.34286"
"2160973709","2148054097","1.34286"
"2148054097","2295140071","0.142857"
"2295140071","2148054097","0.142857"
"2148054097","2343009295","0.142857"
"2343009295","2148054097","0.142857"
"2160973709","2295140071","0.142857"
"2295140071","2160973709","0.142857"
"2295140071","2913105718","0.142857"
"2913105718","2295140071","0.142857"
"2343009295","2913105718","0.142857"
"2913105718","2343009295","0.142857"
"1969800190","1984153141","1.29091"
"1984153141","1969800190","1.29091"
"1969800190","2122744503","0.2"
"2122744503","1969800190","0.2"
"1984153141","2122744503","1.2"
"2122744503","1984153141","1.2"
"1984153141","2434338136","0.290909"
"2434338136","1984153141","0.290909"
"1984153141","2950372739","0.290909"
"2950372739","1984153141","0.290909"
"1984153141","307235938","0.2"
"307235938","1984153141","0.2"
"2122744503","2434338136","0.2"
"2434338136","2122744503","0.2"
"2122744503","2950372739","0.2"
"2950372739","2122744503","0.2"
"1969800190","2770413030","0.650433"
"2770413030","1969800190","0.650433"
"2295140071","2770413030","0.650433"
"2770413030","2295140071","0.650433"
"2295140071","2950372739","0.400433"
"2950372739","2295140071","0.400433"
"2343009295","2770413030","0.650433"
"2770413030","2343009295","0.650433"
"2434338136","2770413030","3.43377"
"2770413030","2434338136","3.43377"
"2579004491","2770413030","1.84286"
"2770413030","2579004491","1.84286"
"2593527038","2770413030","2.43377"
"2770413030","2593527038","2.43377"
"2593527038","2950372739","1.68377"
"2950372739","2593527038","1.68377"
"2770413030","2950372739","2.68377"
"2950372739","2770413030","2.68377"
"1969800190","609140279","0.840909"
"609140279","1969800190","0.840909"
"2434338136","609140279","0.340909"
"609140279","2434338136","0.340909"
"2593527038","609140279","0.340909"
"609140279","2593527038","0.340909"
"609140279","650013619","0.340909"
"650013619","609140279","0.340909"
"1969800190","2108072891","0.2"
"2108072891","1969800190","0.2"
"1969800190","2138001464","0.2"
"2138001464","1969800190","0.2"
"1969800190","2148054097","0.7"
"2148054097","1969800190","0.7"
"1969800190","2160973709","0.2"
"2160973709","1969800190","0.2"
"1969800190","2913105718","0.7"
"2913105718","1969800190","0.7"
"2108072891","2148054097","0.45"
"2148054097","2108072891","0.45"
"2108072891","2160973709","0.2"
"2160973709","2108072891","0.2"
"2108072891","2913105718","0.45"
"2913105718","2108072891","0.45"
"2138001464","2148054097","0.2"
"2148054097","2138001464","0.2"
"2138001464","2913105718","0.2"
"2913105718","2138001464","0.2"
"1969800190","2398927423","0.0909091"
"2398927423","1969800190","0.0909091"
"1984153141","2398927423","0.590909"
"2398927423","1984153141","0.590909"
"1984153141","2553598483","0.0909091"
"2553598483","1984153141","0.0909091"
"1984153141","2593527038","0.0909091"
"2593527038","1984153141","0.0909091"
"1984153141","2770413030","0.0909091"
"2770413030","1984153141","0.0909091"
"1984153141","609140279","0.590909"
"609140279","1984153141","0.590909"
"1984153141","650013619","2.59091"
"650013619","1984153141","2.59091"
"2295140071","2398927423","0.0909091"
"2398927423","2295140071","0.0909091"
"2295140071","609140279","0.590909"
"609140279","2295140071","0.590909"
"2398927423","2434338136","0.0909091"
"2434338136","2398927423","0.0909091"
"2398927423","2593527038","0.0909091"
"2593527038","2398927423","0.0909091"
"2398927423","2770413030","0.0909091"
"2770413030","2398927423","0.0909091"
"2398927423","2950372739","0.0909091"
"2950372739","2398927423","0.0909091"
"2398927423","650013619","0.0909091"
"650013619","2398927423","0.0909091"
"2553598483","2770413030","0.0909091"
"2770413030","2553598483","0.0909091"
"2553598483","2950372739","0.0909091"
"2950372739","2553598483","0.0909091"
"2770413030","609140279","0.0909091"
"609140279","2770413030","0.0909091"
"2770413030","650013619","0.0909091"
"650013619","2770413030","0.0909091"
"2950372739","609140279","0.0909091"
"609140279","2950372739","0.0909091"
"2950372739","650013619","0.0909091"
"650013619","2950372739","0.0909091"
"1988452287","2166094320","0.5"
"2166094320","1988452287","0.5"
"224630583","2593527038","0.333333"
"2593527038","224630583","0.333333"
"2006737181","2031648986","0.5"
"2031648986","2006737181","0.5"
"2006737181","2120946007","2"
"2120946007","2006737181","2"
"2031648986","2120946007","1"
"2120946007","2031648986","1"
"2053723853","2769708155","1"
"2769708155","2053723853","1"
"2076046175","2166094320","0.833333"
"2166094320","2076046175","0.833333"
"2138001464","2166094320","0.333333"
"2166094320","2138001464","0.333333"
"2087000693","2295140071","1"
"2295140071","2087000693","1"
"2087000693","2148054097","0.5"
"2148054097","2087000693","0.5"
"2087000693","2913105718","0.5"
"2913105718","2087000693","0.5"
"2087000693","650013619","1"
"650013619","2087000693","1"
"2148054097","2398927423","0.25"
"2398927423","2148054097","0.25"
"2148054097","609140279","0.25"
"609140279","2148054097","0.25"
"2398927423","2913105718","0.25"
"2913105718","2398927423","0.25"
"2913105718","609140279","0.25"
"609140279","2913105718","0.25"
"2120946007","2148054097","0.833333"
"2148054097","2120946007","0.833333"
"2120946007","2913105718","0.833333"
"2913105718","2120946007","0.833333"
"2120946007","2343009295","0.5"
"2343009295","2120946007","0.5"
"2120946007","650013619","0.5"
"650013619","2120946007","0.5"
"2120946007","2122744503","0.333333"
"2122744503","2120946007","0.333333"
"2122744503","2148054097","0.333333"
"2148054097","2122744503","0.333333"
"2122744503","2343009295","1"
"2343009295","2122744503","1"
"2122744503","2181974462","2"
"2181974462","2122744503","2"
"2122744503","2166094320","1"
"2166094320","2122744503","1"
"2181974462","224630583","0.5"
"224630583","2181974462","0.5"
"2343009295","2769708155","0.333333"
"2769708155","2343009295","0.333333"
"2434338136","2769708155","0.333333"
"2769708155","2434338136","0.333333"
"2769708155","2950372739","0.333333"
"2950372739","2769708155","0.333333"
"2434338136","2575650756","0.2"
"2575650756","2434338136","0.2"
"2575650756","2579004491","0.2"
"2579004491","2575650756","0.2"
"2575650756","2593527038","0.2"
"2593527038","2575650756","0.2"
"2575650756","2770413030","0.2"
"2770413030","2575650756","0.2"
"2575650756","2950372739","0.2"
"2950372739","2575650756","0.2"
"2769708155","650013619","1"
"650013619","2769708155","1"
