"118559593","1705596515","2.16667"
"1705596515","118559593","2.16667"
"118559593","2073241503","15.7"
"2073241503","118559593","15.7"
"1705596515","2073241503","2.29167"
"2073241503","1705596515","2.29167"
"118559593","2298330071","1.86667"
"2298330071","118559593","1.86667"
"1705596515","2298330071","1.875"
"2298330071","1705596515","1.875"
"2073241503","2298330071","2.99167"
"2298330071","2073241503","2.99167"
"118559593","1774682829","0.916667"
"1774682829","118559593","0.916667"
"118559593","2025874281","0.166667"
"2025874281","118559593","0.166667"
"118559593","2107881300","1.36667"
"2107881300","118559593","1.36667"
"118559593","2145965671","0.666667"
"2145965671","118559593","0.666667"
"1774682829","2025874281","0.291667"
"2025874281","1774682829","0.291667"
"1774682829","2073241503","1.04167"
"2073241503","1774682829","1.04167"
"1774682829","2107881300","0.291667"
"2107881300","1774682829","0.291667"
"1774682829","2145965671","1.29167"
"2145965671","1774682829","1.29167"
"1774682829","2298330071","0.291667"
"2298330071","1774682829","0.291667"
"2025874281","2073241503","0.291667"
"2073241503","2025874281","0.291667"
"2025874281","2107881300","0.291667"
"2107881300","2025874281","0.291667"
"2025874281","2145965671","0.791667"
"2145965671","2025874281","0.791667"
"2025874281","2298330071","0.291667"
"2298330071","2025874281","0.291667"
"2073241503","2107881300","1.99167"
"2107881300","2073241503","1.99167"
"2073241503","2145965671","0.791667"
"2145965671","2073241503","0.791667"
"2107881300","2145965671","0.291667"
"2145965671","2107881300","0.291667"
"2107881300","2298330071","1.24167"
"2298330071","2107881300","1.24167"
"2145965671","2298330071","0.291667"
"2298330071","2145965671","0.291667"
"118559593","1607985412","0.833333"
"1607985412","118559593","0.833333"
"118559593","1912565424","1.11667"
"1912565424","118559593","1.11667"
"1607985412","1912565424","0.333333"
"1912565424","1607985412","0.333333"
"1607985412","2073241503","0.833333"
"2073241503","1607985412","0.833333"
"1912565424","2073241503","1.74167"
"2073241503","1912565424","1.74167"
"118559593","1573335573","0.45"
"1573335573","118559593","0.45"
"1573335573","1912565424","4.40833"
"1912565424","1573335573","4.40833"
"1573335573","2073241503","0.575"
"2073241503","1573335573","0.575"
"1573335573","2107881300","1.325"
"2107881300","1573335573","1.325"
"1573335573","2298330071","0.908333"
"2298330071","1573335573","0.908333"
"1912565424","2107881300","0.825"
"2107881300","1912565424","0.825"
"1912565424","2298330071","1.24167"
"2298330071","1912565424","1.24167"
"118559593","2134627258","0.25"
"2134627258","118559593","0.25"
"118559593","2165120273","0.25"
"2165120273","118559593","0.25"
"1774682829","2134627258","0.25"
"2134627258","1774682829","0.25"
"1774682829","2165120273","0.25"
"2165120273","1774682829","0.25"
"2073241503","2134627258","0.25"
"2134627258","2073241503","0.25"
"2073241503","2165120273","0.25"
"2165120273","2073241503","0.25"
"2134627258","2165120273","3.25"
"2165120273","2134627258","3.25"
"118559593","2122997043","0.25"
"2122997043","118559593","0.25"
"1705596515","2107881300","2.125"
"2107881300","1705596515","2.125"
"1705596515","2122997043","0.25"
"2122997043","1705596515","0.25"
"2073241503","2122997043","0.25"
"2122997043","2073241503","0.25"
"2107881300","2122997043","0.25"
"2122997043","2107881300","0.25"
"119333873","1497332396","4.16667"
"1497332396","119333873","4.16667"
"119333873","2110216998","5.16667"
"2110216998","119333873","5.16667"
"1497332396","2110216998","6.16667"
"2110216998","1497332396","6.16667"
"119333873","2148728861","0.666667"
"2148728861","119333873","0.666667"
"1497332396","2148728861","0.666667"
"2148728861","1497332396","0.666667"
"2110216998","2148728861","1.66667"
"2148728861","2110216998","1.66667"
"1482382132","2163762767","7.25"
"2163762767","1482382132","7.25"
"1482382132","2114792143","1.16667"
"2114792143","1482382132","1.16667"
"1482382132","1591851566","0.416667"
"1591851566","1482382132","0.416667"
"1482382132","2140839850","2.58333"
"2140839850","1482382132","2.58333"
"1482382132","2508762019","0.416667"
"2508762019","1482382132","0.416667"
"1591851566","2140839850","0.416667"
"2140839850","1591851566","0.416667"
"1591851566","2163762767","0.783333"
"2163762767","1591851566","0.783333"
"1591851566","2508762019","7.95"
"2508762019","1591851566","7.95"
"2140839850","2163762767","0.25"
"2163762767","2140839850","0.25"
"2140839850","2508762019","0.416667"
"2508762019","2140839850","0.416667"
"2163762767","2508762019","0.783333"
"2508762019","2163762767","0.783333"
"1482382132","2136337200","1.33333"
"2136337200","1482382132","1.33333"
"1482382132","2164862148","0.5"
"2164862148","1482382132","0.5"
"2136337200","2140839850","3.83333"
"2140839850","2136337200","3.83333"
"2136337200","2164862148","3.53333"
"2164862148","2136337200","3.53333"
"2140839850","2164862148","1"
"2164862148","2140839850","1"
"1482382132","1538375546","0.333333"
"1538375546","1482382132","0.333333"
"1538375546","2136337200","1.33333"
"2136337200","1538375546","1.33333"
"1538375546","2140839850","4.33333"
"2140839850","1538375546","4.33333"
"1591851566","2114792143","0.166667"
"2114792143","1591851566","0.166667"
"1591851566","2136337200","0.366667"
"2136337200","1591851566","0.366667"
"1591851566","2164862148","0.366667"
"2164862148","1591851566","0.366667"
"2114792143","2136337200","0.166667"
"2136337200","2114792143","0.166667"
"2114792143","2140839850","0.166667"
"2140839850","2114792143","0.166667"
"2114792143","2164862148","0.166667"
"2164862148","2114792143","0.166667"
"2114792143","2508762019","0.166667"
"2508762019","2114792143","0.166667"
"2136337200","2508762019","0.366667"
"2508762019","2136337200","0.366667"
"2164862148","2508762019","0.366667"
"2508762019","2164862148","0.366667"
"1548740378","2163762767","2.86667"
"2163762767","1548740378","2.86667"
"1548740378","1591851566","0.533333"
"1591851566","1548740378","0.533333"
"1548740378","2508762019","0.533333"
"2508762019","1548740378","0.533333"
"1548740378","2136337200","2.03333"
"2136337200","1548740378","2.03333"
"1548740378","2164862148","1.03333"
"2164862148","1548740378","1.03333"
"2136337200","2163762767","1.03333"
"2163762767","2136337200","1.03333"
"2163762767","2164862148","1.03333"
"2164862148","2163762767","1.03333"
"1573335573","2165120273","0.5"
"2165120273","1573335573","0.5"
"1912565424","2165120273","0.5"
"2165120273","1912565424","0.5"
"1573335573","1705596515","0.458333"
"1705596515","1573335573","0.458333"
"1573335573","1774682829","0.125"
"1774682829","1573335573","0.125"
"1573335573","2025874281","0.125"
"2025874281","1573335573","0.125"
"1573335573","2145965671","0.125"
"2145965671","1573335573","0.125"
"1705596515","1774682829","0.125"
"1774682829","1705596515","0.125"
"1705596515","1912565424","0.458333"
"1912565424","1705596515","0.458333"
"1705596515","2025874281","2.625"
"2025874281","1705596515","2.625"
"1705596515","2145965671","1.625"
"2145965671","1705596515","1.625"
"1774682829","1912565424","0.125"
"1912565424","1774682829","0.125"
"1912565424","2025874281","0.125"
"2025874281","1912565424","0.125"
"1912565424","2145965671","1.125"
"2145965671","1912565424","1.125"
"1599156909","2134627258","2.5"
"2134627258","1599156909","2.5"
"1599156909","2165120273","2.5"
"2165120273","1599156909","2.5"
"1607985412","2145965671","0.5"
"2145965671","1607985412","0.5"
"1607985412","2163762767","0.5"
"2163762767","1607985412","0.5"
"2145965671","2163762767","0.5"
"2163762767","2145965671","0.5"
"2107881300","2134627258","0.5"
"2134627258","2107881300","0.5"
"2107881300","2165120273","1.5"
"2165120273","2107881300","1.5"
"2114792143","2163762767","2"
"2163762767","2114792143","2"
