"104312805","2125908420","11.85"
"2125908420","104312805","11.85"
"104312805","2162552722","3.76667"
"2162552722","104312805","3.76667"
"104312805","2167529272","4.85"
"2167529272","104312805","4.85"
"104312805","3011313503","6.76667"
"3011313503","104312805","6.76667"
"2125908420","2162552722","3.26667"
"2162552722","2125908420","3.26667"
"2125908420","2167529272","3.51667"
"2167529272","2125908420","3.51667"
"2125908420","3011313503","8.76667"
"3011313503","2125908420","8.76667"
"2162552722","2167529272","3.76667"
"2167529272","2162552722","3.76667"
"2162552722","3011313503","2.18333"
"3011313503","2162552722","2.18333"
"2167529272","3011313503","2.93333"
"3011313503","2167529272","2.93333"
"104312805","2099140842","5.1"
"2099140842","104312805","5.1"
"2099140842","2125908420","4.76667"
"2125908420","2099140842","4.76667"
"2099140842","2162552722","2.18333"
"2162552722","2099140842","2.18333"
"2099140842","2167529272","2.76667"
"2167529272","2099140842","2.76667"
"2099140842","3011313503","3.85"
"3011313503","2099140842","3.85"
"104312805","2151298633","2.33333"
"2151298633","104312805","2.33333"
"2125908420","2151298633","1.83333"
"2151298633","2125908420","1.83333"
"2099140842","2151298633","0.833333"
"2151298633","2099140842","0.833333"
"2151298633","2162552722","0.833333"
"2162552722","2151298633","0.833333"
"2151298633","2167529272","3.83333"
"2167529272","2151298633","3.83333"
"2151298633","3011313503","5.33333"
"3011313503","2151298633","5.33333"
"104312805","1615207448","0.333333"
"1615207448","104312805","0.333333"
"1615207448","2099140842","1.16667"
"2099140842","1615207448","1.16667"
"1615207448","2167529272","0.333333"
"2167529272","1615207448","0.333333"
"144258053","2041454996","1.5"
"2041454996","144258053","1.5"
"144258053","2088307662","0.5"
"2088307662","144258053","0.5"
"2041454996","2088307662","0.5"
"2088307662","2041454996","0.5"
"144663293","1615207448","0.333333"
"1615207448","144663293","0.333333"
"144663293","2099140842","0.333333"
"2099140842","144663293","0.333333"
"144663293","3011313503","0.333333"
"3011313503","144663293","0.333333"
"1615207448","3011313503","0.833333"
"3011313503","1615207448","0.833333"
"14745630","1994874591","1.41667"
"1994874591","14745630","1.41667"
"14745630","753250110","8"
"753250110","14745630","8"
"1994874591","753250110","1.58333"
"753250110","1994874591","1.58333"
"14745630","1486403556","0.25"
"1486403556","14745630","0.25"
"14745630","1868886551","1.16667"
"1868886551","14745630","1.16667"
"14745630","2160170538","2.41667"
"2160170538","14745630","2.41667"
"1486403556","1868886551","1.91667"
"1868886551","1486403556","1.91667"
"1486403556","2160170538","3.02778"
"2160170538","1486403556","3.02778"
"1486403556","753250110","0.25"
"753250110","1486403556","0.25"
"1868886551","2160170538","6.08333"
"2160170538","1868886551","6.08333"
"1868886551","753250110","0.333333"
"753250110","1868886551","0.333333"
"2160170538","753250110","0.583333"
"753250110","2160170538","0.583333"
"14745630","1484422715","3.75"
"1484422715","14745630","3.75"
"14745630","1588183204","0.916667"
"1588183204","14745630","0.916667"
"1484422715","1588183204","2.41667"
"1588183204","1484422715","2.41667"
"1484422715","753250110","3.75"
"753250110","1484422715","3.75"
"1588183204","753250110","0.916667"
"753250110","1588183204","0.916667"
"1484422715","2160170538","0.833333"
"2160170538","1484422715","0.833333"
"14745630","1592791679","0.0833333"
"1592791679","14745630","0.0833333"
"14745630","1750553315","0.0833333"
"1750553315","14745630","0.0833333"
"14745630","1850351066","0.0833333"
"1850351066","14745630","0.0833333"
"14745630","2099817583","0.0833333"
"2099817583","14745630","0.0833333"
"14745630","2120428245","0.0833333"
"2120428245","14745630","0.0833333"
"14745630","2124335908","0.0833333"
"2124335908","14745630","0.0833333"
"14745630","2150111038","0.0833333"
"2150111038","14745630","0.0833333"
"1484422715","1592791679","0.0833333"
"1592791679","1484422715","0.0833333"
"1484422715","1750553315","0.0833333"
"1750553315","1484422715","0.0833333"
"1484422715","1850351066","0.0833333"
"1850351066","1484422715","0.0833333"
"1484422715","1868886551","0.583333"
"1868886551","1484422715","0.583333"
"1484422715","1994874591","2.08333"
"1994874591","1484422715","2.08333"
"1484422715","2099817583","0.0833333"
"2099817583","1484422715","0.0833333"
"1484422715","2120428245","0.0833333"
"2120428245","1484422715","0.0833333"
"1484422715","2124335908","0.0833333"
"2124335908","1484422715","0.0833333"
"1484422715","2150111038","0.0833333"
"2150111038","1484422715","0.0833333"
"1588183204","1592791679","0.194444"
"1592791679","1588183204","0.194444"
"1588183204","1750553315","0.0833333"
"1750553315","1588183204","0.0833333"
"1588183204","1850351066","0.0833333"
"1850351066","1588183204","0.0833333"
"1588183204","1868886551","0.0833333"
"1868886551","1588183204","0.0833333"
"1588183204","1994874591","0.0833333"
"1994874591","1588183204","0.0833333"
"1588183204","2099817583","0.0833333"
"2099817583","1588183204","0.0833333"
"1588183204","2120428245","0.444444"
"2120428245","1588183204","0.444444"
"1588183204","2124335908","0.444444"
"2124335908","1588183204","0.444444"
"1588183204","2150111038","0.444444"
"2150111038","1588183204","0.444444"
"1592791679","1750553315","0.0833333"
"1750553315","1592791679","0.0833333"
"1592791679","1850351066","0.25"
"1850351066","1592791679","0.25"
"1592791679","1868886551","1.08333"
"1868886551","1592791679","1.08333"
"1592791679","1994874591","0.0833333"
"1994874591","1592791679","0.0833333"
"1592791679","2099817583","0.0833333"
"2099817583","1592791679","0.0833333"
"1592791679","2120428245","0.337302"
"2120428245","1592791679","0.337302"
"1592791679","2124335908","0.337302"
"2124335908","1592791679","0.337302"
"1592791679","2150111038","0.503968"
"2150111038","1592791679","0.503968"
"1592791679","753250110","0.0833333"
"753250110","1592791679","0.0833333"
"1750553315","1850351066","0.0833333"
"1850351066","1750553315","0.0833333"
"1750553315","1868886551","0.416667"
"1868886551","1750553315","0.416667"
"1750553315","1994874591","0.0833333"
"1994874591","1750553315","0.0833333"
"1750553315","2099817583","2.75"
"2099817583","1750553315","2.75"
"1750553315","2120428245","0.0833333"
"2120428245","1750553315","0.0833333"
"1750553315","2124335908","0.0833333"
"2124335908","1750553315","0.0833333"
"1750553315","2150111038","0.0833333"
"2150111038","1750553315","0.0833333"
"1750553315","753250110","0.0833333"
"753250110","1750553315","0.0833333"
"1850351066","1868886551","0.0833333"
"1868886551","1850351066","0.0833333"
"1850351066","1994874591","0.0833333"
"1994874591","1850351066","0.0833333"
"1850351066","2099817583","0.0833333"
"2099817583","1850351066","0.0833333"
"1850351066","2120428245","2.47619"
"2120428245","1850351066","2.47619"
"1850351066","2124335908","1.14286"
"2124335908","1850351066","1.14286"
"1850351066","2150111038","2.30952"
"2150111038","1850351066","2.30952"
"1850351066","753250110","0.0833333"
"753250110","1850351066","0.0833333"
"1868886551","1994874591","0.416667"
"1994874591","1868886551","0.416667"
"1868886551","2099817583","0.416667"
"2099817583","1868886551","0.416667"
"1868886551","2120428245","0.0833333"
"2120428245","1868886551","0.0833333"
"1868886551","2124335908","0.0833333"
"2124335908","1868886551","0.0833333"
"1868886551","2150111038","0.0833333"
"2150111038","1868886551","0.0833333"
"1994874591","2099817583","0.0833333"
"2099817583","1994874591","0.0833333"
"1994874591","2120428245","0.416667"
"2120428245","1994874591","0.416667"
"1994874591","2124335908","0.416667"
"2124335908","1994874591","0.416667"
"1994874591","2150111038","0.416667"
"2150111038","1994874591","0.416667"
"2099817583","2120428245","0.0833333"
"2120428245","2099817583","0.0833333"
"2099817583","2124335908","0.0833333"
"2124335908","2099817583","0.0833333"
"2099817583","2150111038","0.0833333"
"2150111038","2099817583","0.0833333"
"2099817583","753250110","0.0833333"
"753250110","2099817583","0.0833333"
"2120428245","2124335908","5.68016"
"2124335908","2120428245","5.68016"
"2120428245","2150111038","6.68016"
"2150111038","2120428245","6.68016"
"2120428245","753250110","0.0833333"
"753250110","2120428245","0.0833333"
"2124335908","2150111038","6.84683"
"2150111038","2124335908","6.84683"
"2124335908","753250110","0.0833333"
"753250110","2124335908","0.0833333"
"2150111038","753250110","0.0833333"
"753250110","2150111038","0.0833333"
"14745630","2143541350","0.5"
"2143541350","14745630","0.5"
"2143541350","2160170538","1.36111"
"2160170538","2143541350","1.36111"
"1994874591","2160170538","0.333333"
"2160170538","1994874591","0.333333"
"1484422715","1566496285","1.5"
"1566496285","1484422715","1.5"
"1566496285","1994874591","0.5"
"1994874591","1566496285","0.5"
"1484422715","3011313503","0.5"
"3011313503","1484422715","0.5"
"1868886551","3011313503","0.5"
"3011313503","1868886551","0.5"
"1484422715","823792198","1"
"823792198","1484422715","1"
"1485200701","1556735804","10"
"1556735804","1485200701","10"
"1486403556","1495110216","0.666667"
"1495110216","1486403556","0.666667"
"1486403556","1609582386","0.5"
"1609582386","1486403556","0.5"
"1486403556","2124335908","0.777778"
"2124335908","1486403556","0.777778"
"1495110216","1609582386","0.5"
"1609582386","1495110216","0.5"
"1495110216","2124335908","1.25952"
"2124335908","1495110216","1.25952"
"1609582386","2124335908","0.833333"
"2124335908","1609582386","0.833333"
"1486403556","1588183204","0.444444"
"1588183204","1486403556","0.444444"
"1486403556","1592791679","0.277778"
"1592791679","1486403556","0.277778"
"1486403556","1987917857","0.777778"
"1987917857","1486403556","0.777778"
"1486403556","2120428245","0.444444"
"2120428245","1486403556","0.444444"
"1486403556","2143541350","0.277778"
"2143541350","1486403556","0.277778"
"1486403556","2150111038","0.611111"
"2150111038","1486403556","0.611111"
"1486403556","39790823","0.944444"
"39790823","1486403556","0.944444"
"1588183204","1987917857","0.111111"
"1987917857","1588183204","0.111111"
"1588183204","2143541350","0.361111"
"2143541350","1588183204","0.361111"
"1588183204","2160170538","0.111111"
"2160170538","1588183204","0.111111"
"1588183204","39790823","0.111111"
"39790823","1588183204","0.111111"
"1592791679","1987917857","2.25397"
"1987917857","1592791679","2.25397"
"1592791679","2143541350","0.920635"
"2143541350","1592791679","0.920635"
"1592791679","2160170538","3.61111"
"2160170538","1592791679","3.61111"
"1592791679","39790823","0.277778"
"39790823","1592791679","0.277778"
"1987917857","2120428245","0.587302"
"2120428245","1987917857","0.587302"
"1987917857","2124335908","0.587302"
"2124335908","1987917857","0.587302"
"1987917857","2143541350","0.253968"
"2143541350","1987917857","0.253968"
"1987917857","2150111038","0.587302"
"2150111038","1987917857","0.587302"
"1987917857","2160170538","1.77778"
"2160170538","1987917857","1.77778"
"1987917857","39790823","0.277778"
"39790823","1987917857","0.277778"
"2120428245","2143541350","0.753968"
"2143541350","2120428245","0.753968"
"2120428245","2160170538","1.50397"
"2160170538","2120428245","1.50397"
"2120428245","39790823","0.753968"
"39790823","2120428245","0.753968"
"2124335908","2143541350","1.75397"
"2143541350","2124335908","1.75397"
"2124335908","2160170538","1.17063"
"2160170538","2124335908","1.17063"
"2124335908","39790823","0.753968"
"39790823","2124335908","0.753968"
"2143541350","2150111038","0.920635"
"2150111038","2143541350","0.920635"
"2143541350","39790823","0.277778"
"39790823","2143541350","0.277778"
"2150111038","2160170538","1.50397"
"2160170538","2150111038","1.50397"
"2150111038","39790823","0.920635"
"39790823","2150111038","0.920635"
"2160170538","39790823","0.920635"
"39790823","2160170538","0.920635"
"1486403556","1494338009","0.333333"
"1494338009","1486403556","0.333333"
"1486403556","2162886964","0.333333"
"2162886964","1486403556","0.333333"
"1494338009","1588183204","0.333333"
"1588183204","1494338009","0.333333"
"1494338009","2162886964","0.333333"
"2162886964","1494338009","0.333333"
"1588183204","2162886964","0.333333"
"2162886964","1588183204","0.333333"
"1495110216","1868886551","0.166667"
"1868886551","1495110216","0.166667"
"1495110216","1987917857","0.166667"
"1987917857","1495110216","0.166667"
"1495110216","2160170538","0.309524"
"2160170538","1495110216","0.309524"
"1495110216","39790823","0.72619"
"39790823","1495110216","0.72619"
"1609582386","1868886551","0.166667"
"1868886551","1609582386","0.166667"
"1609582386","1987917857","0.166667"
"1987917857","1609582386","0.166667"
"1609582386","2160170538","0.166667"
"2160170538","1609582386","0.166667"
"1609582386","39790823","0.166667"
"39790823","1609582386","0.166667"
"1868886551","1987917857","0.166667"
"1987917857","1868886551","0.166667"
"1868886551","39790823","0.166667"
"39790823","1868886551","0.166667"
"1486403556","1850351066","0.166667"
"1850351066","1486403556","0.166667"
"1495110216","1592791679","0.166667"
"1592791679","1495110216","0.166667"
"1495110216","1850351066","0.559524"
"1850351066","1495110216","0.559524"
"1495110216","2143541350","0.166667"
"2143541350","1495110216","0.166667"
"1495110216","2150111038","1.34286"
"2150111038","1495110216","1.34286"
"1850351066","2143541350","0.166667"
"2143541350","1850351066","0.166667"
"1850351066","39790823","0.559524"
"39790823","1850351066","0.559524"
"1495110216","2120428245","1.17619"
"2120428245","1495110216","1.17619"
"1495110216","2138246606","0.25"
"2138246606","1495110216","0.25"
"1850351066","2138246606","0.833333"
"2138246606","1850351066","0.833333"
"2120428245","2138246606","0.833333"
"2138246606","2120428245","0.833333"
"2138246606","2150111038","0.5"
"2150111038","2138246606","0.5"
"1495110216","1512391900","0.342857"
"1512391900","1495110216","0.342857"
"1495110216","2547832943","0.2"
"2547832943","1495110216","0.2"
"1512391900","2120428245","0.819048"
"2120428245","1512391900","0.819048"
"1512391900","2124335908","0.819048"
"2124335908","1512391900","0.819048"
"1512391900","2150111038","0.819048"
"2150111038","1512391900","0.819048"
"1512391900","2547832943","0.2"
"2547832943","1512391900","0.2"
"2120428245","2547832943","0.45"
"2547832943","2120428245","0.45"
"2124335908","2547832943","0.2"
"2547832943","2124335908","0.2"
"2150111038","2547832943","0.45"
"2547832943","2150111038","0.45"
"1512391900","1850351066","0.142857"
"1850351066","1512391900","0.142857"
"1512391900","2160170538","0.142857"
"2160170538","1512391900","0.142857"
"1512391900","39790823","0.142857"
"39790823","1512391900","0.142857"
"1850351066","2160170538","0.47619"
"2160170538","1850351066","0.47619"
"1507912691","2148279836","12.3333"
"2148279836","1507912691","12.3333"
"1507912691","2113247363","3.33333"
"2113247363","1507912691","3.33333"
"2113247363","2148279836","5.33333"
"2148279836","2113247363","5.33333"
"1507912691","2131906261","0.333333"
"2131906261","1507912691","0.333333"
"2113247363","2131906261","2.83333"
"2131906261","2113247363","2.83333"
"2131906261","2148279836","0.333333"
"2148279836","2131906261","0.333333"
"1512391900","1558452102","0.142857"
"1558452102","1512391900","0.142857"
"1512391900","1592791679","0.142857"
"1592791679","1512391900","0.142857"
"1512391900","1987917857","0.142857"
"1987917857","1512391900","0.142857"
"1512391900","2143541350","0.142857"
"2143541350","1512391900","0.142857"
"1558452102","1592791679","0.142857"
"1592791679","1558452102","0.142857"
"1558452102","1987917857","0.142857"
"1987917857","1558452102","0.142857"
"1558452102","2120428245","0.142857"
"2120428245","1558452102","0.142857"
"1558452102","2124335908","0.142857"
"2124335908","1558452102","0.142857"
"1558452102","2143541350","1.14286"
"2143541350","1558452102","1.14286"
"1558452102","2150111038","0.142857"
"2150111038","1558452102","0.142857"
"1544402772","2010608681","7"
"2010608681","1544402772","7"
"1544402772","2113247363","0.5"
"2113247363","1544402772","0.5"
"2010608681","2113247363","1"
"2113247363","2010608681","1"
"1544402772","2131906261","0.5"
"2131906261","1544402772","0.5"
"2010608681","2131906261","1"
"2131906261","2010608681","1"
"1566496285","2124335908","1"
"2124335908","1566496285","1"
"1566496285","2143541350","1"
"2143541350","1566496285","1"
"1593657937","3011313503","1"
"3011313503","1593657937","1"
"1609582386","2150111038","0.5"
"2150111038","1609582386","0.5"
"1609582386","2138246606","2"
"2138246606","1609582386","2"
"1750553315","197958514","2.83333"
"197958514","1750553315","2.83333"
"1750553315","2187366271","1.83333"
"2187366271","1750553315","1.83333"
"2099817583","2187366271","7.83333"
"2187366271","2099817583","7.83333"
"197958514","2187366271","1.33333"
"2187366271","197958514","1.33333"
"197958514","2099817583","1.83333"
"2099817583","197958514","1.83333"
"1750553315","2160170538","0.333333"
"2160170538","1750553315","0.333333"
"2099817583","2160170538","0.333333"
"2160170538","2099817583","0.333333"
"2124335908","2138246606","0.333333"
"2138246606","2124335908","0.333333"
"1850351066","2547832943","0.25"
"2547832943","1850351066","0.25"
"2138246606","2547832943","0.25"
"2547832943","2138246606","0.25"
"1879313991","197026479","1"
"197026479","1879313991","1"
"197026479","2952752967","5"
"2952752967","197026479","5"
"1994874591","39790823","1"
"39790823","1994874591","1"
"2010608681","2106457028","1"
"2106457028","2010608681","1"
"2010608681","2148279836","1"
"2148279836","2010608681","1"
"2041454996","2547832943","1"
"2547832943","2041454996","1"
"2099140842","2148279836","1"
"2148279836","2099140842","1"
"753250110","823792198","1"
"823792198","753250110","1"
