"106118156","2016458904","1.83333"
"2016458904","106118156","1.83333"
"106118156","2122516858","1.66667"
"2122516858","106118156","1.66667"
"2016458904","2122516858","24.0833"
"2122516858","2016458904","24.0833"
"106118156","2109018079","1"
"2109018079","106118156","1"
"106118156","1863994124","0.833333"
"1863994124","106118156","0.833333"
"106118156","2165639384","0.333333"
"2165639384","106118156","0.333333"
"1863994124","2122516858","2.08333"
"2122516858","1863994124","2.08333"
"1863994124","2165639384","13.0833"
"2165639384","1863994124","13.0833"
"2122516858","2165639384","3.08333"
"2165639384","2122516858","3.08333"
"106118156","2289396115","0.333333"
"2289396115","106118156","0.333333"
"2016458904","2289396115","1.95833"
"2289396115","2016458904","1.95833"
"2122516858","2289396115","2.83333"
"2289396115","2122516858","2.83333"
"1511828478","2199285725","2.20202"
"2199285725","1511828478","2.20202"
"1511828478","1982466846","0.0909091"
"1982466846","1511828478","0.0909091"
"1511828478","1983745385","0.340909"
"1983745385","1511828478","0.340909"
"1511828478","2019342351","0.20202"
"2019342351","1511828478","0.20202"
"1511828478","2059276169","0.290909"
"2059276169","1511828478","0.290909"
"1511828478","2084506799","0.711544"
"2084506799","1511828478","0.711544"
"1511828478","2105442001","1.23932"
"2105442001","1511828478","1.23932"
"1511828478","2161630727","1.09646"
"2161630727","1511828478","1.09646"
"1511828478","2317156622","0.479798"
"2317156622","1511828478","0.479798"
"1511828478","239156148","1.23932"
"239156148","1511828478","1.23932"
"1511828478","2542747939","0.813131"
"2542747939","1511828478","0.813131"
"1982466846","1983745385","0.0909091"
"1983745385","1982466846","0.0909091"
"1982466846","2019342351","0.457576"
"2019342351","1982466846","0.457576"
"1982466846","2059276169","0.0909091"
"2059276169","1982466846","0.0909091"
"1982466846","2084506799","0.290909"
"2084506799","1982466846","0.290909"
"1982466846","2105442001","5.27662"
"2105442001","1982466846","5.27662"
"1982466846","2161630727","2.40996"
"2161630727","1982466846","2.40996"
"1982466846","2199285725","0.94329"
"2199285725","1982466846","0.94329"
"1982466846","2317156622","0.0909091"
"2317156622","1982466846","0.0909091"
"1982466846","239156148","0.0909091"
"239156148","1982466846","0.0909091"
"1982466846","2542747939","0.0909091"
"2542747939","1982466846","0.0909091"
"1983745385","2019342351","0.32702"
"2019342351","1983745385","0.32702"
"1983745385","2059276169","0.667929"
"2059276169","1983745385","0.667929"
"1983745385","2084506799","0.667929"
"2084506799","1983745385","0.667929"
"1983745385","2105442001","0.834596"
"2105442001","1983745385","0.834596"
"1983745385","2161630727","0.834596"
"2161630727","1983745385","0.834596"
"1983745385","2199285725","2.00126"
"2199285725","1983745385","2.00126"
"1983745385","2317156622","0.765152"
"2317156622","1983745385","0.765152"
"1983745385","239156148","0.640152"
"239156148","1983745385","0.640152"
"1983745385","2542747939","0.840909"
"2542747939","1983745385","0.840909"
"2019342351","2059276169","0.493687"
"2059276169","2019342351","0.493687"
"2019342351","2084506799","1.8048"
"2084506799","2019342351","1.8048"
"2019342351","2105442001","1.34646"
"2105442001","2019342351","1.34646"
"2019342351","2161630727","0.813131"
"2161630727","2019342351","0.813131"
"2019342351","2199285725","0.985354"
"2199285725","2019342351","0.985354"
"2019342351","2317156622","0.32702"
"2317156622","2019342351","0.32702"
"2019342351","239156148","1.28535"
"239156148","2019342351","1.28535"
"2019342351","2542747939","0.993687"
"2542747939","2019342351","0.993687"
"2059276169","2084506799","1.11793"
"2084506799","2059276169","1.11793"
"2059276169","2105442001","0.867929"
"2105442001","2059276169","0.867929"
"2059276169","2161630727","0.867929"
"2161630727","2059276169","0.867929"
"2059276169","2199285725","0.834596"
"2199285725","2059276169","0.834596"
"2059276169","2317156622","1.10801"
"2317156622","2059276169","1.10801"
"2059276169","239156148","1.25682"
"239156148","2059276169","1.25682"
"2059276169","2542747939","0.850433"
"2542747939","2059276169","0.850433"
"2084506799","2105442001","2.03023"
"2105442001","2084506799","2.03023"
"2084506799","2161630727","1.52071"
"2161630727","2084506799","1.52071"
"2084506799","2199285725","1.86793"
"2199285725","2084506799","1.86793"
"2084506799","2317156622","0.376263"
"2317156622","2084506799","0.376263"
"2084506799","239156148","4.55245"
"239156148","2084506799","4.55245"
"2084506799","2542747939","1.07702"
"2542747939","2084506799","1.07702"
"2105442001","2161630727","17.6592"
"2161630727","2105442001","17.6592"
"2105442001","2199285725","3.29809"
"2199285725","2105442001","3.29809"
"2105442001","2317156622","0.945707"
"2317156622","2105442001","0.945707"
"2105442001","239156148","2.95523"
"239156148","2105442001","2.95523"
"2105442001","2542747939","1.89646"
"2542747939","2105442001","1.89646"
"2161630727","2199285725","2.51475"
"2199285725","2161630727","2.51475"
"2161630727","2317156622","0.945707"
"2317156622","2161630727","0.945707"
"2161630727","239156148","1.64571"
"239156148","2161630727","1.64571"
"2161630727","2542747939","1.39646"
"2542747939","2161630727","1.39646"
"2199285725","2317156622","0.709596"
"2317156622","2199285725","0.709596"
"2199285725","239156148","2.2846"
"239156148","2199285725","2.2846"
"2199285725","2542747939","1.62821"
"2542747939","2199285725","1.62821"
"2317156622","239156148","2.52904"
"239156148","2317156622","2.52904"
"2317156622","2542747939","7.36432"
"2542747939","2317156622","7.36432"
"239156148","2542747939","2.1798"
"2542747939","239156148","2.1798"
"1511828478","2165639384","0.111111"
"2165639384","1511828478","0.111111"
"1511828478","2289396115","0.388889"
"2289396115","1511828478","0.388889"
"2019342351","2165639384","0.652778"
"2165639384","2019342351","0.652778"
"2019342351","2289396115","0.361111"
"2289396115","2019342351","0.361111"
"2084506799","2165639384","0.569444"
"2165639384","2084506799","0.569444"
"2084506799","2289396115","0.32702"
"2289396115","2084506799","0.32702"
"2105442001","2165639384","0.628968"
"2165639384","2105442001","0.628968"
"2105442001","2289396115","1.38218"
"2289396115","2105442001","1.38218"
"2161630727","2165639384","0.462302"
"2165639384","2161630727","0.462302"
"2161630727","2289396115","1.38218"
"2289396115","2161630727","1.38218"
"2165639384","2289396115","0.378968"
"2289396115","2165639384","0.378968"
"2165639384","2317156622","0.194444"
"2317156622","2165639384","0.194444"
"2165639384","239156148","1.06944"
"239156148","2165639384","1.06944"
"2165639384","2542747939","0.569444"
"2542747939","2165639384","0.569444"
"2289396115","2317156622","0.771465"
"2317156622","2289396115","0.771465"
"2289396115","239156148","1.2298"
"239156148","2289396115","1.2298"
"2289396115","2542747939","0.805556"
"2542747939","2289396115","0.805556"
"1511828478","2586645166","0.920635"
"2586645166","1511828478","0.920635"
"2105442001","2586645166","1.45599"
"2586645166","2105442001","1.45599"
"2161630727","2586645166","1.06313"
"2586645166","2161630727","1.06313"
"2199285725","2586645166","3.65599"
"2586645166","2199285725","3.65599"
"1511828478","2912066591","0.333333"
"2912066591","1511828478","0.333333"
"2199285725","2912066591","3.68893"
"2912066591","2199285725","3.68893"
"2542747939","2912066591","2.43571"
"2912066591","2542747939","2.43571"
"2084506799","2586645166","1.59488"
"2586645166","2084506799","1.59488"
"239156148","2586645166","2.29488"
"2586645166","239156148","2.29488"
"1983745385","2586645166","0.535354"
"2586645166","1983745385","0.535354"
"1511828478","1567635190","0.111111"
"1567635190","1511828478","0.111111"
"1567635190","2105442001","0.736111"
"2105442001","1567635190","0.736111"
"1567635190","2161630727","0.236111"
"2161630727","1567635190","0.236111"
"1567635190","2199285725","0.503968"
"2199285725","1567635190","0.503968"
"1567635190","2289396115","0.236111"
"2289396115","1567635190","0.236111"
"1567635190","2317156622","1.49563"
"2317156622","1567635190","1.49563"
"1567635190","239156148","0.902778"
"239156148","1567635190","0.902778"
"1567635190","2542747939","14.0552"
"2542747939","1567635190","14.0552"
"1567635190","2586645166","0.930159"
"2586645166","1567635190","0.930159"
"2199285725","2289396115","0.854401"
"2289396115","2199285725","0.854401"
"2289396115","2586645166","0.20202"
"2586645166","2289396115","0.20202"
"2317156622","2586645166","1.46154"
"2586645166","2317156622","1.46154"
"2542747939","2586645166","1.63016"
"2586645166","2542747939","1.63016"
"1511828478","1999690440","0.142857"
"1999690440","1511828478","0.142857"
"1511828478","2038143006","0.142857"
"2038143006","1511828478","0.142857"
"1511828478","2117806953","0.142857"
"2117806953","1511828478","0.142857"
"1999690440","2038143006","0.142857"
"2038143006","1999690440","0.142857"
"1999690440","2084506799","0.142857"
"2084506799","1999690440","0.142857"
"1999690440","2105442001","0.142857"
"2105442001","1999690440","0.142857"
"1999690440","2117806953","4.36905"
"2117806953","1999690440","4.36905"
"1999690440","239156148","1.39286"
"239156148","1999690440","1.39286"
"1999690440","2586645166","0.285714"
"2586645166","1999690440","0.285714"
"2038143006","2084506799","0.142857"
"2084506799","2038143006","0.142857"
"2038143006","2105442001","0.142857"
"2105442001","2038143006","0.142857"
"2038143006","2117806953","0.142857"
"2117806953","2038143006","0.142857"
"2038143006","239156148","0.142857"
"239156148","2038143006","0.142857"
"2038143006","2586645166","0.142857"
"2586645166","2038143006","0.142857"
"2084506799","2117806953","0.142857"
"2117806953","2084506799","0.142857"
"2105442001","2117806953","0.142857"
"2117806953","2105442001","0.142857"
"2117806953","239156148","0.392857"
"239156148","2117806953","0.392857"
"2117806953","2586645166","0.285714"
"2586645166","2117806953","0.285714"
"1567635190","2019342351","0.291667"
"2019342351","1567635190","0.291667"
"1567635190","2059276169","1.09286"
"2059276169","1567635190","1.09286"
"1567635190","2626134260","0.309524"
"2626134260","1567635190","0.309524"
"1567635190","2912066591","1.56905"
"2912066591","1567635190","1.56905"
"2019342351","2626134260","0.166667"
"2626134260","2019342351","0.166667"
"2019342351","2912066591","1.06111"
"2912066591","2019342351","1.06111"
"2059276169","2626134260","1.41667"
"2626134260","2059276169","1.41667"
"2059276169","2912066591","2.41988"
"2912066591","2059276169","2.41988"
"239156148","2626134260","0.616667"
"2626134260","239156148","0.616667"
"239156148","2912066591","2.08258"
"2912066591","239156148","2.08258"
"2542747939","2626134260","0.67619"
"2626134260","2542747939","0.67619"
"2626134260","2912066591","1.15238"
"2912066591","2626134260","1.15238"
"2059276169","2586645166","0.878211"
"2586645166","2059276169","0.878211"
"2317156622","2912066591","2.35043"
"2912066591","2317156622","2.35043"
"2586645166","2912066591","5.38773"
"2912066591","2586645166","5.38773"
"1567635190","2117806953","0.47619"
"2117806953","1567635190","0.47619"
"2059276169","2117806953","1.22619"
"2117806953","2059276169","1.22619"
"2117806953","2912066591","0.809524"
"2912066591","2117806953","0.809524"
"1567635190","2742641462","0.97619"
"2742641462","1567635190","0.97619"
"1567635190","2914549641","0.47619"
"2914549641","1567635190","0.47619"
"2317156622","2742641462","0.833333"
"2742641462","2317156622","0.833333"
"2317156622","2914549641","0.833333"
"2914549641","2317156622","0.833333"
"2542747939","2742641462","1.64286"
"2742641462","2542747939","1.64286"
"2542747939","2914549641","0.767857"
"2914549641","2542747939","0.767857"
"2586645166","2742641462","0.642857"
"2742641462","2586645166","0.642857"
"2586645166","2914549641","5.12897"
"2914549641","2586645166","5.12897"
"2742641462","2912066591","1.14286"
"2912066591","2742641462","1.14286"
"2742641462","2914549641","1.14286"
"2914549641","2742641462","1.14286"
"2912066591","2914549641","8.93849"
"2914549641","2912066591","8.93849"
"1567635190","3023535067","1"
"3023535067","1567635190","1"
"1567635190","1999690440","0.142857"
"1999690440","1567635190","0.142857"
"1999690440","2059276169","1.89286"
"2059276169","1999690440","1.89286"
"1999690440","2317156622","6.22619"
"2317156622","1999690440","6.22619"
"1999690440","2542747939","0.642857"
"2542747939","1999690440","0.642857"
"1999690440","2912066591","0.47619"
"2912066591","1999690440","0.47619"
"2117806953","2317156622","4.72619"
"2317156622","2117806953","4.72619"
"2117806953","2542747939","0.142857"
"2542747939","2117806953","0.142857"
"1567635190","1983745385","0.333333"
"1983745385","1567635190","0.333333"
"1567635190","2075941310","0.125"
"2075941310","1567635190","0.125"
"2019342351","2075941310","0.125"
"2075941310","2019342351","0.125"
"2075941310","2105442001","0.358766"
"2105442001","2075941310","0.358766"
"2075941310","2161630727","0.358766"
"2161630727","2075941310","0.358766"
"2075941310","2289396115","9.85877"
"2289396115","2075941310","9.85877"
"2075941310","2317156622","0.215909"
"2317156622","2075941310","0.215909"
"2075941310","239156148","0.715909"
"239156148","2075941310","0.715909"
"2075941310","2542747939","0.125"
"2542747939","2075941310","0.125"
"2199285725","2626134260","0.902381"
"2626134260","2199285725","0.902381"
"2199285725","2742641462","0.309524"
"2742641462","2199285725","0.309524"
"2199285725","2914549641","2.02183"
"2914549641","2199285725","2.02183"
"2586645166","2626134260","2.84286"
"2626134260","2586645166","2.84286"
"2626134260","2742641462","0.309524"
"2742641462","2626134260","0.309524"
"2626134260","2914549641","1.28571"
"2914549641","2626134260","1.28571"
"1863994124","2742641462","1"
"2742641462","1863994124","1"
"1863994124","1982466846","0.5"
"1982466846","1863994124","0.5"
"1982466846","2165639384","0.809524"
"2165639384","1982466846","0.809524"
"1863994124","2016458904","1.75"
"2016458904","1863994124","1.75"
"2016458904","2165639384","3.875"
"2165639384","2016458904","3.875"
"1863994124","1983745385","0.0833333"
"1983745385","1863994124","0.0833333"
"1863994124","2059276169","0.0833333"
"2059276169","1863994124","0.0833333"
"1863994124","2084506799","0.0833333"
"2084506799","1863994124","0.0833333"
"1863994124","2105442001","0.0833333"
"2105442001","1863994124","0.0833333"
"1863994124","2161630727","0.0833333"
"2161630727","1863994124","0.0833333"
"1863994124","2317156622","0.0833333"
"2317156622","1863994124","0.0833333"
"1863994124","239156148","0.0833333"
"239156148","1863994124","0.0833333"
"1863994124","2542747939","0.0833333"
"2542747939","1863994124","0.0833333"
"1863994124","2586645166","0.0833333"
"2586645166","1863994124","0.0833333"
"1983745385","2016458904","0.0833333"
"2016458904","1983745385","0.0833333"
"1983745385","2122516858","0.0833333"
"2122516858","1983745385","0.0833333"
"1983745385","2165639384","0.0833333"
"2165639384","1983745385","0.0833333"
"2016458904","2059276169","0.0833333"
"2059276169","2016458904","0.0833333"
"2016458904","2084506799","0.208333"
"2084506799","2016458904","0.208333"
"2016458904","2105442001","0.208333"
"2105442001","2016458904","0.208333"
"2016458904","2161630727","0.208333"
"2161630727","2016458904","0.208333"
"2016458904","2317156622","0.0833333"
"2317156622","2016458904","0.0833333"
"2016458904","239156148","0.708333"
"239156148","2016458904","0.708333"
"2016458904","2542747939","0.208333"
"2542747939","2016458904","0.208333"
"2016458904","2586645166","0.0833333"
"2586645166","2016458904","0.0833333"
"2059276169","2122516858","0.0833333"
"2122516858","2059276169","0.0833333"
"2059276169","2165639384","0.0833333"
"2165639384","2059276169","0.0833333"
"2084506799","2122516858","1.08333"
"2122516858","2084506799","1.08333"
"2105442001","2122516858","0.916667"
"2122516858","2105442001","0.916667"
"2122516858","2161630727","0.416667"
"2161630727","2122516858","0.416667"
"2122516858","2317156622","0.0833333"
"2317156622","2122516858","0.0833333"
"2122516858","239156148","1.33333"
"239156148","2122516858","1.33333"
"2122516858","2542747939","0.0833333"
"2542747939","2122516858","0.0833333"
"2122516858","2586645166","0.333333"
"2586645166","2122516858","0.333333"
"2165639384","2586645166","0.0833333"
"2586645166","2165639384","0.0833333"
"1982466846","2075941310","0.142857"
"2075941310","1982466846","0.142857"
"1982466846","2289396115","0.485714"
"2289396115","1982466846","0.485714"
"1982466846","2912066591","0.852381"
"2912066591","1982466846","0.852381"
"2075941310","2165639384","0.142857"
"2165639384","2075941310","0.142857"
"2075941310","2199285725","0.233766"
"2199285725","2075941310","0.233766"
"2075941310","2912066591","0.233766"
"2912066591","2075941310","0.233766"
"2105442001","2912066591","1.59607"
"2912066591","2105442001","1.59607"
"2161630727","2912066591","1.06273"
"2912066591","2161630727","1.06273"
"2165639384","2199285725","0.309524"
"2199285725","2165639384","0.309524"
"2165639384","2912066591","0.309524"
"2912066591","2165639384","0.309524"
"2289396115","2912066591","0.576623"
"2912066591","2289396115","0.576623"
"1982466846","2810775005","6"
"2810775005","1982466846","6"
"2084506799","2912066591","0.943687"
"2912066591","2084506799","0.943687"
"2105442001","2810775005","0.75"
"2810775005","2105442001","0.75"
"1982466846","2914549641","0.309524"
"2914549641","1982466846","0.309524"
"2019342351","2914549641","0.444444"
"2914549641","2019342351","0.444444"
"2105442001","2914549641","0.712302"
"2914549641","2105442001","0.712302"
"2165639384","2914549641","0.166667"
"2914549641","2165639384","0.166667"
"1982466846","2626134260","0.142857"
"2626134260","1982466846","0.142857"
"2105442001","2626134260","0.392857"
"2626134260","2105442001","0.392857"
"2161630727","2626134260","0.142857"
"2626134260","2161630727","0.142857"
"2161630727","2914549641","0.378968"
"2914549641","2161630727","0.378968"
"2289396115","2626134260","0.142857"
"2626134260","2289396115","0.142857"
"2289396115","2914549641","0.142857"
"2914549641","2289396115","0.142857"
"1982466846","2122516858","0.833333"
"2122516858","1982466846","0.833333"
"2161630727","2810775005","0.5"
"2810775005","2161630727","0.5"
"1983745385","2912066591","0.32702"
"2912066591","1983745385","0.32702"
"1983745385","2914549641","0.111111"
"2914549641","1983745385","0.111111"
"2019342351","2586645166","0.736111"
"2586645166","2019342351","0.736111"
"2059276169","2914549641","0.111111"
"2914549641","2059276169","0.111111"
"2084506799","2914549641","0.402778"
"2914549641","2084506799","0.402778"
"1983745385","2075941310","0.0909091"
"2075941310","1983745385","0.0909091"
"1983745385","2289396115","0.257576"
"2289396115","1983745385","0.257576"
"2059276169","2075941310","0.0909091"
"2075941310","2059276169","0.0909091"
"2059276169","2289396115","0.0909091"
"2289396115","2059276169","0.0909091"
"2075941310","2084506799","0.0909091"
"2084506799","2075941310","0.0909091"
"2075941310","2586645166","0.0909091"
"2586645166","2075941310","0.0909091"
"2016458904","2109018079","1"
"2109018079","2016458904","1"
"2016458904","2019342351","0.625"
"2019342351","2016458904","0.625"
"2019342351","2122516858","0.5"
"2122516858","2019342351","0.5"
"2016458904","2075941310","1"
"2075941310","2016458904","1"
"2075941310","2122516858","1"
"2122516858","2075941310","1"
"239156148","2914549641","1.375"
"2914549641","239156148","1.375"
"2038143006","2161630727","5"
"2161630727","2038143006","5"
"2084506799","2626134260","0.25"
"2626134260","2084506799","0.25"
"2199285725","2810775005","0.25"
"2810775005","2199285725","0.25"
"2586645166","2810775005","0.25"
"2810775005","2586645166","0.25"
"2626134260","2810775005","0.25"
"2810775005","2626134260","0.25"
"2109018079","2199285725","1"
"2199285725","2109018079","1"
"2122516858","2912066591","0.25"
"2912066591","2122516858","0.25"
"2122516858","2914549641","0.25"
"2914549641","2122516858","0.25"
"2165639384","3023535067","1"
"3023535067","2165639384","1"
