"1485216661","1631405927","3.21573"
"1631405927","1485216661","3.21573"
"1485216661","1751955076","1.50858"
"1751955076","1485216661","1.50858"
"1485216661","190707973","5.72525"
"190707973","1485216661","5.72525"
"1485216661","2167412750","0.532393"
"2167412750","1485216661","0.532393"
"1485216661","90453918","1.93358"
"90453918","1485216661","1.93358"
"1631405927","1751955076","2.3628"
"1751955076","1631405927","2.3628"
"1631405927","190707973","12.2481"
"190707973","1631405927","12.2481"
"1631405927","2167412750","1.19614"
"2167412750","1631405927","1.19614"
"1631405927","90453918","1.72028"
"90453918","1631405927","1.72028"
"1751955076","190707973","10.9223"
"190707973","1751955076","10.9223"
"1751955076","2167412750","21.2295"
"2167412750","1751955076","21.2295"
"1751955076","90453918","0.727882"
"90453918","1751955076","0.727882"
"190707973","2167412750","2.55725"
"2167412750","190707973","2.55725"
"190707973","90453918","16.8409"
"90453918","190707973","16.8409"
"2167412750","90453918","0.696136"
"90453918","2167412750","0.696136"
"1485216661","1528988815","0.332393"
"1528988815","1485216661","0.332393"
"1485216661","1558817269","0.575251"
"1558817269","1485216661","0.575251"
"1485216661","1963651427","0.321429"
"1963651427","1485216661","0.321429"
"1485216661","2058355460","0.600251"
"2058355460","1485216661","0.600251"
"1485216661","2087135382","0.475251"
"2087135382","1485216661","0.475251"
"1485216661","2153833184","0.432393"
"2153833184","1485216661","0.432393"
"1485216661","2241690919","1.51573"
"2241690919","1485216661","1.51573"
"1485216661","2807144160","0.266917"
"2807144160","1485216661","0.266917"
"1485216661","2953385865","0.321429"
"2953385865","1485216661","0.321429"
"1528988815","1558817269","0.336948"
"1558817269","1528988815","0.336948"
"1528988815","1631405927","0.461948"
"1631405927","1528988815","0.461948"
"1528988815","1751955076","0.593358"
"1751955076","1528988815","0.593358"
"1528988815","190707973","1.29528"
"190707973","1528988815","1.29528"
"1528988815","1963651427","0.196429"
"1963651427","1528988815","0.196429"
"1528988815","2058355460","1.4128"
"2058355460","1528988815","1.4128"
"1528988815","2087135382","0.336948"
"2087135382","1528988815","0.336948"
"1528988815","2153833184","0.461948"
"2153833184","1528988815","0.461948"
"1528988815","2167412750","0.260025"
"2167412750","1528988815","0.260025"
"1528988815","2241690919","1.04528"
"2241690919","1528988815","1.04528"
"1528988815","2807144160","0.760025"
"2807144160","1528988815","0.760025"
"1528988815","2953385865","0.196429"
"2953385865","1528988815","0.196429"
"1528988815","90453918","1.67028"
"90453918","1528988815","1.67028"
"1558817269","1631405927","1.38139"
"1631405927","1558817269","1.38139"
"1558817269","1751955076","0.763993"
"1751955076","1558817269","0.763993"
"1558817269","190707973","2.58536"
"190707973","1558817269","2.58536"
"1558817269","1963651427","0.363095"
"1963651427","1558817269","0.363095"
"1558817269","2058355460","0.513993"
"2058355460","1558817269","0.513993"
"1558817269","2087135382","29.8901"
"2087135382","1558817269","29.8901"
"1558817269","2153833184","0.798059"
"2153833184","1558817269","0.798059"
"1558817269","2167412750","0.732247"
"2167412750","1558817269","0.732247"
"1558817269","2241690919","1.48417"
"2241690919","1558817269","1.48417"
"1558817269","2807144160","0.541771"
"2807144160","1558817269","0.541771"
"1558817269","2953385865","0.363095"
"2953385865","1558817269","0.363095"
"1558817269","90453918","0.815916"
"90453918","1558817269","0.815916"
"1631405927","1963651427","0.321429"
"1963651427","1631405927","0.321429"
"1631405927","2058355460","0.510025"
"2058355460","1631405927","0.510025"
"1631405927","2087135382","1.36473"
"2087135382","1631405927","1.36473"
"1631405927","2153833184","1.50639"
"2153833184","1631405927","1.50639"
"1631405927","2241690919","1.67306"
"2241690919","1631405927","1.67306"
"1631405927","2807144160","1.70447"
"2807144160","1631405927","1.70447"
"1631405927","2953385865","0.321429"
"2953385865","1631405927","0.321429"
"1751955076","1963651427","0.0714286"
"1963651427","1751955076","0.0714286"
"1751955076","2058355460","2.31122"
"2058355460","1751955076","2.31122"
"1751955076","2087135382","0.763993"
"2087135382","1751955076","0.763993"
"1751955076","2153833184","0.871136"
"2153833184","1751955076","0.871136"
"1751955076","2241690919","0.662803"
"2241690919","1751955076","0.662803"
"1751955076","2807144160","1.26399"
"2807144160","1751955076","1.26399"
"1751955076","2953385865","0.0714286"
"2953385865","1751955076","0.0714286"
"190707973","1963651427","0.93254"
"1963651427","190707973","0.93254"
"190707973","2058355460","2.59733"
"2058355460","190707973","2.59733"
"190707973","2087135382","1.73536"
"2087135382","190707973","1.73536"
"190707973","2153833184","22.9508"
"2153833184","190707973","22.9508"
"190707973","2241690919","6.60917"
"2241690919","190707973","6.60917"
"190707973","2807144160","1.91677"
"2807144160","190707973","1.91677"
"190707973","2953385865","0.821429"
"2953385865","190707973","0.821429"
"1963651427","2058355460","0.196429"
"2058355460","1963651427","0.196429"
"1963651427","2087135382","0.196429"
"2087135382","1963651427","0.196429"
"1963651427","2153833184","0.43254"
"2153833184","1963651427","0.43254"
"1963651427","2167412750","0.0714286"
"2167412750","1963651427","0.0714286"
"1963651427","2241690919","0.488095"
"2241690919","1963651427","0.488095"
"1963651427","2807144160","0.0714286"
"2807144160","1963651427","0.0714286"
"1963651427","2953385865","19.3321"
"2953385865","1963651427","19.3321"
"1963651427","90453918","0.529762"
"90453918","1963651427","0.529762"
"2058355460","2087135382","0.513993"
"2087135382","2058355460","0.513993"
"2058355460","2153833184","0.385025"
"2153833184","2058355460","0.385025"
"2058355460","2167412750","2.1128"
"2167412750","2058355460","2.1128"
"2058355460","2241690919","0.871136"
"2241690919","2058355460","0.871136"
"2058355460","2807144160","0.43066"
"2807144160","2058355460","0.43066"
"2058355460","2953385865","0.196429"
"2953385865","2058355460","0.196429"
"2058355460","90453918","2.13899"
"90453918","2058355460","2.13899"
"2087135382","2153833184","0.448059"
"2153833184","2087135382","0.448059"
"2087135382","2167412750","0.732247"
"2167412750","2087135382","0.732247"
"2087135382","2241690919","1.38417"
"2241690919","2087135382","1.38417"
"2087135382","2807144160","0.875104"
"2807144160","2087135382","0.875104"
"2087135382","2953385865","0.196429"
"2953385865","2087135382","0.196429"
"2087135382","90453918","0.715916"
"90453918","2087135382","0.715916"
"2153833184","2167412750","0.537803"
"2167412750","2153833184","0.537803"
"2153833184","2241690919","2.08973"
"2241690919","2153833184","2.08973"
"2153833184","2807144160","1.0378"
"2807144160","2153833184","1.0378"
"2153833184","2953385865","0.321429"
"2953385865","2153833184","0.321429"
"2153833184","90453918","1.43695"
"90453918","2153833184","1.43695"
"2167412750","2241690919","0.773914"
"2241690919","2167412750","0.773914"
"2167412750","2807144160","0.565581"
"2807144160","2167412750","0.565581"
"2167412750","2953385865","0.0714286"
"2953385865","2167412750","0.0714286"
"2241690919","2807144160","0.940581"
"2807144160","2241690919","0.940581"
"2241690919","2953385865","0.488095"
"2953385865","2241690919","0.488095"
"2241690919","90453918","2.13139"
"90453918","2241690919","2.13139"
"2807144160","2953385865","0.0714286"
"2953385865","2807144160","0.0714286"
"2807144160","90453918","0.43066"
"90453918","2807144160","0.43066"
"2953385865","90453918","0.529762"
"90453918","2953385865","0.529762"
"1485216661","1549496011","2.71096"
"1549496011","1485216661","2.71096"
"1549496011","1631405927","1.08789"
"1631405927","1549496011","1.08789"
"1549496011","1751955076","1.17763"
"1751955076","1549496011","1.17763"
"1549496011","190707973","7.06567"
"190707973","1549496011","7.06567"
"1549496011","2058355460","0.288743"
"2058355460","1549496011","0.288743"
"1549496011","2167412750","0.288743"
"2167412750","1549496011","0.288743"
"1549496011","2241690919","0.365666"
"2241690919","1549496011","0.365666"
"1549496011","90453918","1.73233"
"90453918","1549496011","1.73233"
"1485216661","2242027766","0.333333"
"2242027766","1485216661","0.333333"
"190707973","2242027766","0.333333"
"2242027766","190707973","0.333333"
"2241690919","2242027766","0.333333"
"2242027766","2241690919","0.333333"
"1485216661","1885203512","0.1"
"1885203512","1485216661","0.1"
"1485216661","2047984110","0.152632"
"2047984110","1485216661","0.152632"
"1485216661","2103806120","0.152632"
"2103806120","1485216661","0.152632"
"1485216661","2951017643","0.1"
"2951017643","1485216661","0.1"
"1558817269","1885203512","0.1"
"1885203512","1558817269","0.1"
"1558817269","2047984110","4.32208"
"2047984110","1558817269","4.32208"
"1558817269","2103806120","9.23496"
"2103806120","1558817269","9.23496"
"1558817269","2951017643","0.1"
"2951017643","1558817269","0.1"
"1631405927","1885203512","0.1"
"1885203512","1631405927","0.1"
"1631405927","2047984110","1.11096"
"2047984110","1631405927","1.11096"
"1631405927","2103806120","1.10163"
"2103806120","1631405927","1.10163"
"1631405927","2951017643","0.1"
"2951017643","1631405927","0.1"
"1885203512","190707973","0.211111"
"190707973","1885203512","0.211111"
"1885203512","2047984110","0.1"
"2047984110","1885203512","0.1"
"1885203512","2103806120","0.1"
"2103806120","1885203512","0.1"
"1885203512","2153833184","0.211111"
"2153833184","1885203512","0.211111"
"1885203512","2241690919","0.1"
"2241690919","1885203512","0.1"
"1885203512","2951017643","21.7111"
"2951017643","1885203512","21.7111"
"1885203512","90453918","0.1"
"90453918","1885203512","0.1"
"190707973","2047984110","2.21374"
"2047984110","190707973","2.21374"
"190707973","2103806120","2.0933"
"2103806120","190707973","2.0933"
"190707973","2951017643","0.211111"
"2951017643","190707973","0.211111"
"2047984110","2103806120","4.89311"
"2103806120","2047984110","4.89311"
"2047984110","2153833184","0.319298"
"2153833184","2047984110","0.319298"
"2047984110","2241690919","0.755409"
"2241690919","2047984110","0.755409"
"2047984110","2951017643","0.1"
"2951017643","2047984110","0.1"
"2047984110","90453918","0.263743"
"90453918","2047984110","0.263743"
"2103806120","2153833184","0.643297"
"2153833184","2103806120","0.643297"
"2103806120","2241690919","1.7183"
"2241690919","2103806120","1.7183"
"2103806120","2951017643","0.1"
"2951017643","2103806120","0.1"
"2103806120","90453918","0.282186"
"90453918","2103806120","0.282186"
"2153833184","2951017643","0.211111"
"2951017643","2153833184","0.211111"
"2241690919","2951017643","0.1"
"2951017643","2241690919","0.1"
"2951017643","90453918","0.1"
"90453918","2951017643","0.1"
"1485216661","1756665610","0.0526316"
"1756665610","1485216661","0.0526316"
"1485216661","2162899174","0.0526316"
"2162899174","1485216661","0.0526316"
"1485216661","2209725382","0.135965"
"2209725382","1485216661","0.135965"
"1485216661","2952479443","0.0526316"
"2952479443","1485216661","0.0526316"
"1528988815","1549496011","0.129555"
"1549496011","1528988815","0.129555"
"1528988815","1756665610","9.15996"
"1756665610","1528988815","9.15996"
"1528988815","2047984110","0.0526316"
"2047984110","1528988815","0.0526316"
"1528988815","2103806120","0.848853"
"2103806120","1528988815","0.848853"
"1528988815","2162899174","0.163743"
"2162899174","1528988815","0.163743"
"1528988815","2209725382","4.33304"
"2209725382","1528988815","4.33304"
"1528988815","2952479443","8.40996"
"2952479443","1528988815","8.40996"
"1549496011","1558817269","0.240666"
"1558817269","1549496011","0.240666"
"1549496011","1756665610","0.129555"
"1756665610","1549496011","0.129555"
"1549496011","2047984110","0.163743"
"2047984110","1549496011","0.163743"
"1549496011","2087135382","0.240666"
"2087135382","1549496011","0.240666"
"1549496011","2103806120","0.129555"
"2103806120","1549496011","0.129555"
"1549496011","2153833184","0.129555"
"2153833184","1549496011","0.129555"
"1549496011","2162899174","0.0526316"
"2162899174","1549496011","0.0526316"
"1549496011","2209725382","0.0526316"
"2209725382","1549496011","0.0526316"
"1549496011","2807144160","0.163743"
"2807144160","1549496011","0.163743"
"1549496011","2952479443","0.129555"
"2952479443","1549496011","0.129555"
"1558817269","1756665610","0.182186"
"1756665610","1558817269","0.182186"
"1558817269","2162899174","0.0526316"
"2162899174","1558817269","0.0526316"
"1558817269","2209725382","0.188596"
"2209725382","1558817269","0.188596"
"1558817269","2952479443","0.182186"
"2952479443","1558817269","0.182186"
"1631405927","1756665610","0.182186"
"1756665610","1631405927","0.182186"
"1631405927","2162899174","0.0526316"
"2162899174","1631405927","0.0526316"
"1631405927","2209725382","0.188596"
"2209725382","1631405927","0.188596"
"1631405927","2952479443","0.182186"
"2952479443","1631405927","0.182186"
"1751955076","1756665610","0.105263"
"1756665610","1751955076","0.105263"
"1751955076","2047984110","0.219298"
"2047984110","1751955076","0.219298"
"1751955076","2103806120","0.916374"
"2103806120","1751955076","0.916374"
"1751955076","2162899174","0.835965"
"2162899174","1751955076","0.835965"
"1751955076","2209725382","0.188596"
"2209725382","1751955076","0.188596"
"1751955076","2952479443","0.105263"
"2952479443","1751955076","0.105263"
"1756665610","190707973","0.182186"
"190707973","1756665610","0.182186"
"1756665610","2047984110","0.0526316"
"2047984110","1756665610","0.0526316"
"1756665610","2058355460","1.13304"
"2058355460","1756665610","1.13304"
"1756665610","2087135382","0.182186"
"2087135382","1756665610","0.182186"
"1756665610","2103806120","0.848853"
"2103806120","1756665610","0.848853"
"1756665610","2153833184","0.182186"
"2153833184","1756665610","0.182186"
"1756665610","2162899174","0.163743"
"2162899174","1756665610","0.163743"
"1756665610","2167412750","0.105263"
"2167412750","1756665610","0.105263"
"1756665610","2209725382","2.66637"
"2209725382","1756665610","2.66637"
"1756665610","2241690919","0.432186"
"2241690919","1756665610","0.432186"
"1756665610","2807144160","0.355263"
"2807144160","1756665610","0.355263"
"1756665610","2952479443","12.16"
"2952479443","1756665610","12.16"
"1756665610","90453918","0.182186"
"90453918","1756665610","0.182186"
"190707973","2162899174","0.385965"
"2162899174","190707973","0.385965"
"190707973","2209725382","0.188596"
"2209725382","190707973","0.188596"
"190707973","2952479443","0.182186"
"2952479443","190707973","0.182186"
"2047984110","2058355460","0.163743"
"2058355460","2047984110","0.163743"
"2047984110","2087135382","3.01731"
"2087135382","2047984110","3.01731"
"2047984110","2162899174","0.0526316"
"2162899174","2047984110","0.0526316"
"2047984110","2167412750","0.330409"
"2167412750","2047984110","0.330409"
"2047984110","2209725382","0.0526316"
"2209725382","2047984110","0.0526316"
"2047984110","2807144160","0.455409"
"2807144160","2047984110","0.455409"
"2047984110","2952479443","0.0526316"
"2952479443","2047984110","0.0526316"
"2058355460","2103806120","0.305263"
"2103806120","2058355460","0.305263"
"2058355460","2162899174","6.69708"
"2162899174","2058355460","6.69708"
"2058355460","2209725382","0.466374"
"2209725382","2058355460","0.466374"
"2058355460","2952479443","0.633041"
"2952479443","2058355460","0.633041"
"2087135382","2103806120","7.01354"
"2103806120","2087135382","7.01354"
"2087135382","2162899174","0.0526316"
"2162899174","2087135382","0.0526316"
"2087135382","2209725382","0.188596"
"2209725382","2087135382","0.188596"
"2087135382","2952479443","0.182186"
"2952479443","2087135382","0.182186"
"2103806120","2162899174","0.252632"
"2162899174","2103806120","0.252632"
"2103806120","2167412750","0.416374"
"2167412750","2103806120","0.416374"
"2103806120","2209725382","0.105263"
"2209725382","2103806120","0.105263"
"2103806120","2807144160","0.674708"
"2807144160","2103806120","0.674708"
"2103806120","2952479443","0.848853"
"2952479443","2103806120","0.848853"
"2153833184","2162899174","0.0526316"
"2162899174","2153833184","0.0526316"
"2153833184","2209725382","0.188596"
"2209725382","2153833184","0.188596"
"2153833184","2952479443","0.182186"
"2952479443","2153833184","0.182186"
"2162899174","2167412750","1.1693"
"2167412750","2162899174","1.1693"
"2162899174","2209725382","0.163743"
"2209725382","2162899174","0.163743"
"2162899174","2241690919","0.0526316"
"2241690919","2162899174","0.0526316"
"2162899174","2807144160","0.0526316"
"2807144160","2162899174","0.0526316"
"2162899174","2952479443","0.163743"
"2952479443","2162899174","0.163743"
"2162899174","90453918","0.0526316"
"90453918","2162899174","0.0526316"
"2167412750","2209725382","0.188596"
"2209725382","2167412750","0.188596"
"2167412750","2952479443","0.105263"
"2952479443","2167412750","0.105263"
"2209725382","2241690919","0.52193"
"2241690919","2209725382","0.52193"
"2209725382","2807144160","0.355263"
"2807144160","2209725382","0.355263"
"2209725382","2952479443","2.91637"
"2952479443","2209725382","2.91637"
"2209725382","90453918","0.52193"
"90453918","2209725382","0.52193"
"2241690919","2952479443","0.432186"
"2952479443","2241690919","0.432186"
"2807144160","2952479443","0.355263"
"2952479443","2807144160","0.355263"
"2952479443","90453918","0.182186"
"90453918","2952479443","0.182186"
"1485216661","2256235146","0.2"
"2256235146","1485216661","0.2"
"1485216661","2949556137","0.2"
"2949556137","1485216661","0.2"
"1549496011","2256235146","0.2"
"2256235146","1549496011","0.2"
"1549496011","2949556137","0.2"
"2949556137","1549496011","0.2"
"190707973","2256235146","0.366667"
"2256235146","190707973","0.366667"
"190707973","2949556137","0.2"
"2949556137","190707973","0.2"
"2256235146","2949556137","4.2"
"2949556137","2256235146","4.2"
"2256235146","90453918","0.2"
"90453918","2256235146","0.2"
"2949556137","90453918","0.2"
"90453918","2949556137","0.2"
"1519028678","2105487085","8"
"2105487085","1519028678","8"
"1528988815","1804842205","0.0526316"
"1804842205","1528988815","0.0526316"
"1528988815","2894592169","0.947076"
"2894592169","1528988815","0.947076"
"1528988815","2949303277","0.0526316"
"2949303277","1528988815","0.0526316"
"1528988815","2950465048","0.947076"
"2950465048","1528988815","0.947076"
"1558817269","1804842205","0.0526316"
"1804842205","1558817269","0.0526316"
"1558817269","2894592169","0.0526316"
"2894592169","1558817269","0.0526316"
"1558817269","2949303277","0.0526316"
"2949303277","1558817269","0.0526316"
"1558817269","2950465048","0.0526316"
"2950465048","1558817269","0.0526316"
"1631405927","1804842205","0.0526316"
"1804842205","1631405927","0.0526316"
"1631405927","2894592169","0.0526316"
"2894592169","1631405927","0.0526316"
"1631405927","2949303277","0.0526316"
"2949303277","1631405927","0.0526316"
"1631405927","2950465048","0.0526316"
"2950465048","1631405927","0.0526316"
"1751955076","1804842205","0.0526316"
"1804842205","1751955076","0.0526316"
"1751955076","2894592169","0.0526316"
"2894592169","1751955076","0.0526316"
"1751955076","2949303277","0.0526316"
"2949303277","1751955076","0.0526316"
"1751955076","2950465048","0.0526316"
"2950465048","1751955076","0.0526316"
"1756665610","1804842205","0.0526316"
"1804842205","1756665610","0.0526316"
"1756665610","2894592169","1.19708"
"2894592169","1756665610","1.19708"
"1756665610","2949303277","0.0526316"
"2949303277","1756665610","0.0526316"
"1756665610","2950465048","0.697076"
"2950465048","1756665610","0.697076"
"1804842205","190707973","0.552632"
"190707973","1804842205","0.552632"
"1804842205","2058355460","0.0526316"
"2058355460","1804842205","0.0526316"
"1804842205","2087135382","0.0526316"
"2087135382","1804842205","0.0526316"
"1804842205","2103806120","0.0526316"
"2103806120","1804842205","0.0526316"
"1804842205","2153833184","0.0526316"
"2153833184","1804842205","0.0526316"
"1804842205","2167412750","0.0526316"
"2167412750","1804842205","0.0526316"
"1804842205","2209725382","0.0526316"
"2209725382","1804842205","0.0526316"
"1804842205","2241690919","0.0526316"
"2241690919","1804842205","0.0526316"
"1804842205","2807144160","0.0526316"
"2807144160","1804842205","0.0526316"
"1804842205","2894592169","0.0526316"
"2894592169","1804842205","0.0526316"
"1804842205","2949303277","18.386"
"2949303277","1804842205","18.386"
"1804842205","2950465048","0.0526316"
"2950465048","1804842205","0.0526316"
"1804842205","2952479443","0.0526316"
"2952479443","1804842205","0.0526316"
"1804842205","90453918","0.0526316"
"90453918","1804842205","0.0526316"
"190707973","2894592169","0.0526316"
"2894592169","190707973","0.0526316"
"190707973","2949303277","0.0526316"
"2949303277","190707973","0.0526316"
"190707973","2950465048","0.0526316"
"2950465048","190707973","0.0526316"
"2058355460","2894592169","0.830409"
"2894592169","2058355460","0.830409"
"2058355460","2949303277","0.0526316"
"2949303277","2058355460","0.0526316"
"2058355460","2950465048","0.330409"
"2950465048","2058355460","0.330409"
"2087135382","2894592169","0.0526316"
"2894592169","2087135382","0.0526316"
"2087135382","2949303277","0.0526316"
"2949303277","2087135382","0.0526316"
"2087135382","2950465048","0.0526316"
"2950465048","2087135382","0.0526316"
"2103806120","2894592169","0.0526316"
"2894592169","2103806120","0.0526316"
"2103806120","2949303277","0.0526316"
"2949303277","2103806120","0.0526316"
"2103806120","2950465048","0.0526316"
"2950465048","2103806120","0.0526316"
"2153833184","2894592169","0.0526316"
"2894592169","2153833184","0.0526316"
"2153833184","2949303277","0.0526316"
"2949303277","2153833184","0.0526316"
"2153833184","2950465048","0.0526316"
"2950465048","2153833184","0.0526316"
"2167412750","2894592169","0.0526316"
"2894592169","2167412750","0.0526316"
"2167412750","2949303277","0.0526316"
"2949303277","2167412750","0.0526316"
"2167412750","2950465048","0.0526316"
"2950465048","2167412750","0.0526316"
"2209725382","2894592169","1.94708"
"2894592169","2209725382","1.94708"
"2209725382","2949303277","0.0526316"
"2949303277","2209725382","0.0526316"
"2209725382","2950465048","2.44708"
"2950465048","2209725382","2.44708"
"2241690919","2894592169","0.0526316"
"2894592169","2241690919","0.0526316"
"2241690919","2949303277","0.0526316"
"2949303277","2241690919","0.0526316"
"2241690919","2950465048","0.0526316"
"2950465048","2241690919","0.0526316"
"2807144160","2894592169","1.05263"
"2894592169","2807144160","1.05263"
"2807144160","2949303277","0.0526316"
"2949303277","2807144160","0.0526316"
"2807144160","2950465048","0.0526316"
"2950465048","2807144160","0.0526316"
"2894592169","2949303277","0.0526316"
"2949303277","2894592169","0.0526316"
"2894592169","2950465048","1.94708"
"2950465048","2894592169","1.94708"
"2894592169","2952479443","0.947076"
"2952479443","2894592169","0.947076"
"2894592169","90453918","0.0526316"
"90453918","2894592169","0.0526316"
"2949303277","2950465048","0.0526316"
"2950465048","2949303277","0.0526316"
"2949303277","2952479443","0.0526316"
"2952479443","2949303277","0.0526316"
"2949303277","90453918","0.0526316"
"90453918","2949303277","0.0526316"
"2950465048","2952479443","0.947076"
"2952479443","2950465048","0.947076"
"2950465048","90453918","0.0526316"
"90453918","2950465048","0.0526316"
"1528988815","1906205923","0.24359"
"1906205923","1528988815","0.24359"
"1756665610","1906205923","0.24359"
"1906205923","1756665610","0.24359"
"1906205923","2209725382","2.16667"
"2209725382","1906205923","2.16667"
"1906205923","2894592169","0.166667"
"2894592169","1906205923","0.166667"
"1906205923","2950465048","0.666667"
"2950465048","1906205923","0.666667"
"1906205923","2952479443","0.24359"
"2952479443","1906205923","0.24359"
"1528988815","2119499821","0.0769231"
"2119499821","1528988815","0.0769231"
"1549496011","1906205923","0.0769231"
"1906205923","1549496011","0.0769231"
"1549496011","2119499821","0.0769231"
"2119499821","1549496011","0.0769231"
"1558817269","1906205923","0.0769231"
"1906205923","1558817269","0.0769231"
"1558817269","2119499821","4.22811"
"2119499821","1558817269","4.22811"
"1631405927","1906205923","0.0769231"
"1906205923","1631405927","0.0769231"
"1631405927","2119499821","0.201923"
"2119499821","1631405927","0.201923"
"1756665610","2119499821","0.0769231"
"2119499821","1756665610","0.0769231"
"1906205923","190707973","0.576923"
"190707973","1906205923","0.576923"
"1906205923","2087135382","0.0769231"
"2087135382","1906205923","0.0769231"
"1906205923","2103806120","0.0769231"
"2103806120","1906205923","0.0769231"
"1906205923","2119499821","0.0769231"
"2119499821","1906205923","0.0769231"
"1906205923","2153833184","0.201923"
"2153833184","1906205923","0.201923"
"1906205923","2241690919","0.576923"
"2241690919","1906205923","0.576923"
"1906205923","90453918","0.0769231"
"90453918","1906205923","0.0769231"
"190707973","2119499821","0.201923"
"2119499821","190707973","0.201923"
"2087135382","2119499821","3.90668"
"2119499821","2087135382","3.90668"
"2103806120","2119499821","2.55192"
"2119499821","2103806120","2.55192"
"2119499821","2153833184","0.0769231"
"2153833184","2119499821","0.0769231"
"2119499821","2241690919","0.0769231"
"2241690919","2119499821","0.0769231"
"2119499821","2952479443","0.0769231"
"2952479443","2119499821","0.0769231"
"2119499821","90453918","0.0769231"
"90453918","2119499821","0.0769231"
"1528988815","2951528277","0.111111"
"2951528277","1528988815","0.111111"
"1528988815","2953259750","0.111111"
"2953259750","1528988815","0.111111"
"1756665610","2951528277","0.111111"
"2951528277","1756665610","0.111111"
"1756665610","2953259750","0.111111"
"2953259750","1756665610","0.111111"
"2058355460","2951528277","0.444444"
"2951528277","2058355460","0.444444"
"2058355460","2953259750","5.31111"
"2953259750","2058355460","5.31111"
"2162899174","2894592169","0.111111"
"2894592169","2162899174","0.111111"
"2162899174","2950465048","0.111111"
"2950465048","2162899174","0.111111"
"2162899174","2951528277","0.111111"
"2951528277","2162899174","0.111111"
"2162899174","2953259750","22.9778"
"2953259750","2162899174","22.9778"
"2209725382","2951528277","1.11111"
"2951528277","2209725382","1.11111"
"2209725382","2953259750","0.111111"
"2953259750","2209725382","0.111111"
"2894592169","2951528277","0.111111"
"2951528277","2894592169","0.111111"
"2894592169","2953259750","0.111111"
"2953259750","2894592169","0.111111"
"2950465048","2951528277","0.111111"
"2951528277","2950465048","0.111111"
"2950465048","2953259750","0.111111"
"2953259750","2950465048","0.111111"
"2951528277","2952479443","0.111111"
"2952479443","2951528277","0.111111"
"2951528277","2953259750","0.111111"
"2953259750","2951528277","0.111111"
"2952479443","2953259750","0.111111"
"2953259750","2952479443","0.111111"
"1549496011","2029156418","0.166667"
"2029156418","1549496011","0.166667"
"1549496011","2953183505","0.166667"
"2953183505","1549496011","0.166667"
"1549496011","44063969","0.166667"
"44063969","1549496011","0.166667"
"1631405927","2029156418","0.166667"
"2029156418","1631405927","0.166667"
"1631405927","2953183505","0.166667"
"2953183505","1631405927","0.166667"
"1631405927","44063969","0.166667"
"44063969","1631405927","0.166667"
"190707973","2029156418","0.277778"
"2029156418","190707973","0.277778"
"190707973","2953183505","0.166667"
"2953183505","190707973","0.166667"
"190707973","44063969","0.277778"
"44063969","190707973","0.277778"
"2029156418","2953183505","1.10119"
"2953183505","2029156418","1.10119"
"2029156418","44063969","10.9218"
"44063969","2029156418","10.9218"
"2029156418","90453918","0.166667"
"90453918","2029156418","0.166667"
"2953183505","44063969","0.97619"
"44063969","2953183505","0.97619"
"2953183505","90453918","0.166667"
"90453918","2953183505","0.166667"
"44063969","90453918","0.166667"
"90453918","44063969","0.166667"
"1549496011","2172153090","0.333333"
"2172153090","1549496011","0.333333"
"1549496011","2952217788","0.333333"
"2952217788","1549496011","0.333333"
"190707973","2172153090","0.333333"
"2172153090","190707973","0.333333"
"190707973","2952217788","0.333333"
"2952217788","190707973","0.333333"
"2172153090","2952217788","37.625"
"2952217788","2172153090","37.625"
"1558004218","1631405927","0.5"
"1631405927","1558004218","0.5"
"1558004218","190707973","0.5"
"190707973","1558004218","0.5"
"1558817269","2122324743","2.72381"
"2122324743","1558817269","2.72381"
"1558817269","2162930105","3.00119"
"2162930105","1558817269","3.00119"
"1558817269","2951127397","2.66786"
"2951127397","1558817269","2.66786"
"2087135382","2122324743","2.30238"
"2122324743","2087135382","2.30238"
"2087135382","2162930105","2.04643"
"2162930105","2087135382","2.04643"
"2087135382","2951127397","2.04643"
"2951127397","2087135382","2.04643"
"2119499821","2122324743","4.04048"
"2122324743","2119499821","4.04048"
"2119499821","2162930105","2.58452"
"2162930105","2119499821","2.58452"
"2119499821","2951127397","2.58452"
"2951127397","2119499821","2.58452"
"2122324743","2162930105","3.07381"
"2162930105","2122324743","3.07381"
"2122324743","2951127397","3.07381"
"2951127397","2122324743","3.07381"
"2162930105","2951127397","17.1179"
"2951127397","2162930105","17.1179"
"1631405927","2162930105","0.458333"
"2162930105","1631405927","0.458333"
"1631405927","2951127397","0.458333"
"2951127397","1631405927","0.458333"
"190707973","2162930105","0.583333"
"2162930105","190707973","0.583333"
"190707973","2951127397","0.458333"
"2951127397","190707973","0.458333"
"2047984110","2162930105","3.78333"
"2162930105","2047984110","3.78333"
"2047984110","2951127397","3.325"
"2951127397","2047984110","3.325"
"1558817269","2256235146","0.166667"
"2256235146","1558817269","0.166667"
"1963651427","2103806120","0.166667"
"2103806120","1963651427","0.166667"
"1963651427","2256235146","0.5"
"2256235146","1963651427","0.5"
"2103806120","2256235146","0.166667"
"2256235146","2103806120","0.166667"
"2103806120","2953385865","0.166667"
"2953385865","2103806120","0.166667"
"2241690919","2256235146","0.166667"
"2256235146","2241690919","0.166667"
"2256235146","2953385865","0.5"
"2953385865","2256235146","0.5"
"1558817269","2951528277","0.890476"
"2951528277","1558817269","0.890476"
"2047984110","2951528277","2.14762"
"2951528277","2047984110","2.14762"
"2103806120","2162930105","2.9"
"2162930105","2103806120","2.9"
"2103806120","2951127397","2.44167"
"2951127397","2103806120","2.44167"
"2103806120","2951528277","1.25714"
"2951528277","2103806120","1.25714"
"2162930105","2951528277","1.75714"
"2951528277","2162930105","1.75714"
"2951127397","2951528277","1.75714"
"2951528277","2951127397","1.75714"
"1558817269","2023749197","0.285714"
"2023749197","1558817269","0.285714"
"2023749197","2047984110","1.06071"
"2047984110","2023749197","1.06071"
"2023749197","2087135382","0.285714"
"2087135382","2023749197","0.285714"
"2023749197","2119499821","0.535714"
"2119499821","2023749197","0.535714"
"2023749197","2122324743","0.342857"
"2122324743","2023749197","0.342857"
"2023749197","2162930105","0.860714"
"2162930105","2023749197","0.860714"
"2023749197","2951127397","0.735714"
"2951127397","2023749197","0.735714"
"2047984110","2119499821","1.69167"
"2119499821","2047984110","1.69167"
"2047984110","2122324743","1.66429"
"2122324743","2047984110","1.66429"
"1558817269","2745646453","0.171429"
"2745646453","1558817269","0.171429"
"1558817269","2887995258","0.0714286"
"2887995258","1558817269","0.0714286"
"1558817269","2925799800","0.171429"
"2925799800","1558817269","0.171429"
"1558817269","2963456518","0.0714286"
"2963456518","1558817269","0.0714286"
"1558817269","2970031230","0.171429"
"2970031230","1558817269","0.171429"
"1558817269","2988378002","0.171429"
"2988378002","1558817269","0.171429"
"1558817269","3017747210","0.171429"
"3017747210","1558817269","0.171429"
"2047984110","2745646453","0.171429"
"2745646453","2047984110","0.171429"
"2047984110","2887995258","0.0714286"
"2887995258","2047984110","0.0714286"
"2047984110","2925799800","0.171429"
"2925799800","2047984110","0.171429"
"2047984110","2963456518","0.0714286"
"2963456518","2047984110","0.0714286"
"2047984110","2970031230","0.663095"
"2970031230","2047984110","0.663095"
"2047984110","2988378002","0.663095"
"2988378002","2047984110","0.663095"
"2047984110","3017747210","0.171429"
"3017747210","2047984110","0.171429"
"2103806120","2122324743","1.46429"
"2122324743","2103806120","1.46429"
"2103806120","2745646453","0.171429"
"2745646453","2103806120","0.171429"
"2103806120","2887995258","0.0714286"
"2887995258","2103806120","0.0714286"
"2103806120","2925799800","0.171429"
"2925799800","2103806120","0.171429"
"2103806120","2963456518","0.0714286"
"2963456518","2103806120","0.0714286"
"2103806120","2970031230","0.296429"
"2970031230","2103806120","0.296429"
"2103806120","2988378002","0.296429"
"2988378002","2103806120","0.296429"
"2103806120","3017747210","0.171429"
"3017747210","2103806120","0.171429"
"2119499821","2745646453","0.0714286"
"2745646453","2119499821","0.0714286"
"2119499821","2887995258","0.0714286"
"2887995258","2119499821","0.0714286"
"2119499821","2925799800","0.0714286"
"2925799800","2119499821","0.0714286"
"2119499821","2951528277","0.357143"
"2951528277","2119499821","0.357143"
"2119499821","2963456518","0.0714286"
"2963456518","2119499821","0.0714286"
"2119499821","2970031230","0.0714286"
"2970031230","2119499821","0.0714286"
"2119499821","2988378002","0.0714286"
"2988378002","2119499821","0.0714286"
"2119499821","3017747210","0.0714286"
"3017747210","2119499821","0.0714286"
"2122324743","2745646453","0.171429"
"2745646453","2122324743","0.171429"
"2122324743","2887995258","0.0714286"
"2887995258","2122324743","0.0714286"
"2122324743","2925799800","0.171429"
"2925799800","2122324743","0.171429"
"2122324743","2951528277","0.580952"
"2951528277","2122324743","0.580952"
"2122324743","2963456518","0.0714286"
"2963456518","2122324743","0.0714286"
"2122324743","2970031230","0.538095"
"2970031230","2122324743","0.538095"
"2122324743","2988378002","0.538095"
"2988378002","2122324743","0.538095"
"2122324743","3017747210","0.171429"
"3017747210","2122324743","0.171429"
"2162930105","2745646453","0.171429"
"2745646453","2162930105","0.171429"
"2162930105","2887995258","0.0714286"
"2887995258","2162930105","0.0714286"
"2162930105","2925799800","0.171429"
"2925799800","2162930105","0.171429"
"2162930105","2963456518","0.0714286"
"2963456518","2162930105","0.0714286"
"2162930105","2970031230","0.463095"
"2970031230","2162930105","0.463095"
"2162930105","2988378002","0.463095"
"2988378002","2162930105","0.463095"
"2162930105","3017747210","0.171429"
"3017747210","2162930105","0.171429"
"2745646453","2887995258","2.40476"
"2887995258","2745646453","2.40476"
"2745646453","2925799800","4.46429"
"2925799800","2745646453","4.46429"
"2745646453","2951127397","0.171429"
"2951127397","2745646453","0.171429"
"2745646453","2951528277","1.07143"
"2951528277","2745646453","1.07143"
"2745646453","2963456518","1.32143"
"2963456518","2745646453","1.32143"
"2745646453","2970031230","0.171429"
"2970031230","2745646453","0.171429"
"2745646453","2988378002","0.171429"
"2988378002","2745646453","0.171429"
"2745646453","3017747210","4.04762"
"3017747210","2745646453","4.04762"
"2887995258","2925799800","0.904762"
"2925799800","2887995258","0.904762"
"2887995258","2951127397","0.0714286"
"2951127397","2887995258","0.0714286"
"2887995258","2951528277","0.0714286"
"2951528277","2887995258","0.0714286"
"2887995258","2963456518","13.8214"
"2963456518","2887995258","13.8214"
"2887995258","2970031230","0.0714286"
"2970031230","2887995258","0.0714286"
"2887995258","2988378002","0.0714286"
"2988378002","2887995258","0.0714286"
"2887995258","3017747210","1.65476"
"3017747210","2887995258","1.65476"
"2925799800","2951127397","0.171429"
"2951127397","2925799800","0.171429"
"2925799800","2951528277","0.0714286"
"2951528277","2925799800","0.0714286"
"2925799800","2963456518","0.821429"
"2963456518","2925799800","0.821429"
"2925799800","2970031230","0.171429"
"2970031230","2925799800","0.171429"
"2925799800","2988378002","0.171429"
"2988378002","2925799800","0.171429"
"2925799800","3017747210","15.7143"
"3017747210","2925799800","15.7143"
"2951127397","2963456518","0.0714286"
"2963456518","2951127397","0.0714286"
"2951127397","2970031230","0.338095"
"2970031230","2951127397","0.338095"
"2951127397","2988378002","0.338095"
"2988378002","2951127397","0.338095"
"2951127397","3017747210","0.171429"
"3017747210","2951127397","0.171429"
"2951528277","2963456518","1.07143"
"2963456518","2951528277","1.07143"
"2951528277","2970031230","4.9381"
"2970031230","2951528277","4.9381"
"2951528277","2988378002","4.9381"
"2988378002","2951528277","4.9381"
"2951528277","3017747210","0.0714286"
"3017747210","2951528277","0.0714286"
"2963456518","2970031230","0.0714286"
"2970031230","2963456518","0.0714286"
"2963456518","2988378002","0.0714286"
"2988378002","2963456518","0.0714286"
"2963456518","3017747210","2.32143"
"3017747210","2963456518","2.32143"
"2970031230","2988378002","22.6631"
"2988378002","2970031230","22.6631"
"2970031230","3017747210","0.171429"
"3017747210","2970031230","0.171429"
"2988378002","3017747210","0.171429"
"3017747210","2988378002","0.171429"
"2087135382","2951528277","0.619048"
"2951528277","2087135382","0.619048"
"2023749197","2103806120","0.467857"
"2103806120","2023749197","0.467857"
"1631405927","2887995258","0.5"
"2887995258","1631405927","0.5"
"190707973","2887995258","0.5"
"2887995258","190707973","0.5"
"1751955076","2953259750","0.783333"
"2953259750","1751955076","0.783333"
"2167412750","2953259750","0.783333"
"2953259750","2167412750","0.783333"
"1751955076","2951528277","0.333333"
"2951528277","1751955076","0.333333"
"2167412750","2951528277","0.333333"
"2951528277","2167412750","0.333333"
"2103806120","2953259750","0.2"
"2953259750","2103806120","0.2"
"1804842205","2951751593","1"
"2951751593","1804842205","1"
"2949303277","2951751593","1"
"2951751593","2949303277","1"
"1804842205","2159753392","0.5"
"2159753392","1804842205","0.5"
"2159753392","2949303277","0.5"
"2949303277","2159753392","0.5"
"1804842205","2162899174","0.333333"
"2162899174","1804842205","0.333333"
"1804842205","2953259750","0.333333"
"2953259750","1804842205","0.333333"
"2162899174","2949303277","0.333333"
"2949303277","2162899174","0.333333"
"2949303277","2953259750","0.333333"
"2953259750","2949303277","0.333333"
"1804842205","2047984110","0.5"
"2047984110","1804842205","0.5"
"1804842205","2949484541","0.5"
"2949484541","1804842205","0.5"
"2949303277","2949484541","0.5"
"2949484541","2949303277","0.5"
"1885203512","1906205923","2.16667"
"1906205923","1885203512","2.16667"
"1885203512","2593493160","0.75"
"2593493160","1885203512","0.75"
"1885203512","2952005775","0.75"
"2952005775","1885203512","0.75"
"1906205923","2593493160","0.559524"
"2593493160","1906205923","0.559524"
"1906205923","2951017643","2.16667"
"2951017643","1906205923","2.16667"
"1906205923","2952005775","0.559524"
"2952005775","1906205923","0.559524"
"2593493160","2951017643","0.75"
"2951017643","2593493160","0.75"
"2593493160","2952005775","16.9595"
"2952005775","2593493160","16.9595"
"2951017643","2952005775","0.75"
"2952005775","2951017643","0.75"
"1885203512","1963651427","0.361111"
"1963651427","1885203512","0.361111"
"1885203512","1969759341","0.111111"
"1969759341","1885203512","0.111111"
"1885203512","2029156418","0.111111"
"2029156418","1885203512","0.111111"
"1885203512","2161743994","0.111111"
"2161743994","1885203512","0.111111"
"1885203512","2949507301","0.111111"
"2949507301","1885203512","0.111111"
"1885203512","44063969","0.111111"
"44063969","1885203512","0.111111"
"190707973","1969759341","0.111111"
"1969759341","190707973","0.111111"
"190707973","2161743994","0.111111"
"2161743994","190707973","0.111111"
"190707973","2949507301","0.111111"
"2949507301","190707973","0.111111"
"1963651427","1969759341","4.20516"
"1969759341","1963651427","4.20516"
"1963651427","2029156418","4.03849"
"2029156418","1963651427","4.03849"
"1963651427","2161743994","0.745635"
"2161743994","1963651427","0.745635"
