"1503164904","2006908712","0.0714286"
"2006908712","1503164904","0.0714286"
"1503164904","2012427422","0.0714286"
"2012427422","1503164904","0.0714286"
"1503164904","2013542590","0.0714286"
"2013542590","1503164904","0.0714286"
"1503164904","2050037040","1.82143"
"2050037040","1503164904","1.82143"
"1503164904","2100640305","0.154762"
"2100640305","1503164904","0.154762"
"1503164904","2111656300","0.154762"
"2111656300","1503164904","0.154762"
"1503164904","2119603638","1.57143"
"2119603638","1503164904","1.57143"
"1503164904","2156143506","0.0714286"
"2156143506","1503164904","0.0714286"
"1503164904","2164693138","0.154762"
"2164693138","1503164904","0.154762"
"1503164904","2541537624","0.0714286"
"2541537624","1503164904","0.0714286"
"1503164904","2883082709","0.0714286"
"2883082709","1503164904","0.0714286"
"1503164904","2950539479","0.154762"
"2950539479","1503164904","0.154762"
"1503164904","2990879431","0.154762"
"2990879431","1503164904","0.154762"
"1503164904","3001355690","0.0714286"
"3001355690","1503164904","0.0714286"
"2006908712","2012427422","8.61071"
"2012427422","2006908712","8.61071"
"2006908712","2013542590","2.20119"
"2013542590","2006908712","2.20119"
"2006908712","2050037040","0.488095"
"2050037040","2006908712","0.488095"
"2006908712","2100640305","0.267857"
"2100640305","2006908712","0.267857"
"2006908712","2111656300","0.267857"
"2111656300","2006908712","0.267857"
"2006908712","2119603638","0.438095"
"2119603638","2006908712","0.438095"
"2006908712","2156143506","1.79405"
"2156143506","2006908712","1.79405"
"2006908712","2164693138","0.464286"
"2164693138","2006908712","0.464286"
"2006908712","2541537624","1.10476"
"2541537624","2006908712","1.10476"
"2006908712","2883082709","0.142857"
"2883082709","2006908712","0.142857"
"2006908712","2950539479","0.464286"
"2950539479","2006908712","0.464286"
"2006908712","2990879431","0.267857"
"2990879431","2006908712","0.267857"
"2006908712","3001355690","0.404762"
"3001355690","2006908712","0.404762"
"2012427422","2013542590","3.11786"
"2013542590","2012427422","3.11786"
"2012427422","2050037040","0.238095"
"2050037040","2012427422","0.238095"
"2012427422","2100640305","0.367857"
"2100640305","2012427422","0.367857"
"2012427422","2111656300","0.367857"
"2111656300","2012427422","0.367857"
"2012427422","2119603638","0.438095"
"2119603638","2012427422","0.438095"
"2012427422","2156143506","2.04405"
"2156143506","2012427422","2.04405"
"2012427422","2164693138","0.314286"
"2164693138","2012427422","0.314286"
"2012427422","2541537624","1.10476"
"2541537624","2012427422","1.10476"
"2012427422","2883082709","0.142857"
"2883082709","2012427422","0.142857"
"2012427422","2950539479","0.314286"
"2950539479","2012427422","0.314286"
"2012427422","2990879431","0.367857"
"2990879431","2012427422","0.367857"
"2012427422","3001355690","0.0714286"
"3001355690","2012427422","0.0714286"
"2013542590","2050037040","0.0714286"
"2050037040","2013542590","0.0714286"
"2013542590","2100640305","0.267857"
"2100640305","2013542590","0.267857"
"2013542590","2111656300","0.267857"
"2111656300","2013542590","0.267857"
"2013542590","2119603638","0.0714286"
"2119603638","2013542590","0.0714286"
"2013542590","2156143506","5.83452"
"2156143506","2013542590","5.83452"
"2013542590","2164693138","0.0714286"
"2164693138","2013542590","0.0714286"
"2013542590","2541537624","0.371429"
"2541537624","2013542590","0.371429"
"2013542590","2883082709","0.142857"
"2883082709","2013542590","0.142857"
"2013542590","2950539479","0.0714286"
"2950539479","2013542590","0.0714286"
"2013542590","2990879431","0.267857"
"2990879431","2013542590","0.267857"
"2013542590","3001355690","0.0714286"
"3001355690","2013542590","0.0714286"
"2050037040","2100640305","0.154762"
"2100640305","2050037040","0.154762"
"2050037040","2111656300","0.154762"
"2111656300","2050037040","0.154762"
"2050037040","2119603638","1.9881"
"2119603638","2050037040","1.9881"
"2050037040","2156143506","0.238095"
"2156143506","2050037040","0.238095"
"2050037040","2164693138","0.404762"
"2164693138","2050037040","0.404762"
"2050037040","2541537624","0.0714286"
"2541537624","2050037040","0.0714286"
"2050037040","2883082709","0.0714286"
"2883082709","2050037040","0.0714286"
"2050037040","2950539479","0.404762"
"2950539479","2050037040","0.404762"
"2050037040","2990879431","0.154762"
"2990879431","2050037040","0.154762"
"2050037040","3001355690","0.0714286"
"3001355690","2050037040","0.0714286"
"2100640305","2111656300","7.27543"
"2111656300","2100640305","7.27543"
"2100640305","2119603638","0.545671"
"2119603638","2100640305","0.545671"
"2100640305","2156143506","0.392857"
"2156143506","2100640305","0.392857"
"2100640305","2164693138","1.27067"
"2164693138","2100640305","1.27067"
"2100640305","2541537624","0.271429"
"2541537624","2100640305","0.271429"
"2100640305","2883082709","0.309524"
"2883082709","2100640305","0.309524"
"2100640305","2950539479","1.27067"
"2950539479","2100640305","1.27067"
"2100640305","2990879431","14.7088"
"2990879431","2100640305","14.7088"
"2100640305","3001355690","0.0714286"
"3001355690","2100640305","0.0714286"
"2111656300","2119603638","0.445671"
"2119603638","2111656300","0.445671"
"2111656300","2156143506","0.392857"
"2156143506","2111656300","0.392857"
"2111656300","2164693138","1.17067"
"2164693138","2111656300","1.17067"
"2111656300","2541537624","0.271429"
"2541537624","2111656300","0.271429"
"2111656300","2883082709","0.309524"
"2883082709","2111656300","0.309524"
"2111656300","2950539479","1.17067"
"2950539479","2111656300","1.17067"
"2111656300","2990879431","8.27543"
"2990879431","2111656300","8.27543"
"2111656300","3001355690","0.0714286"
"3001355690","2111656300","0.0714286"
"2119603638","2156143506","0.438095"
"2156143506","2119603638","0.438095"
"2119603638","2164693138","1.26234"
"2164693138","2119603638","1.26234"
"2119603638","2541537624","0.271429"
"2541537624","2119603638","0.271429"
"2119603638","2883082709","0.488095"
"2883082709","2119603638","0.488095"
"2119603638","2950539479","1.01234"
"2950539479","2119603638","1.01234"
"2119603638","2990879431","0.545671"
"2990879431","2119603638","0.545671"
"2119603638","3001355690","0.0714286"
"3001355690","2119603638","0.0714286"
"2156143506","2164693138","0.214286"
"2164693138","2156143506","0.214286"
"2156143506","2541537624","0.571429"
"2541537624","2156143506","0.571429"
"2156143506","2883082709","0.142857"
"2883082709","2156143506","0.142857"
"2156143506","2950539479","0.214286"
"2950539479","2156143506","0.214286"
"2156143506","2990879431","0.392857"
"2990879431","2156143506","0.392857"
"2156143506","3001355690","0.0714286"
"3001355690","2156143506","0.0714286"
"2164693138","2541537624","0.0714286"
"2541537624","2164693138","0.0714286"
"2164693138","2883082709","0.988095"
"2883082709","2164693138","0.988095"
"2164693138","2950539479","17.8635"
"2950539479","2164693138","17.8635"
"2164693138","2990879431","1.27067"
"2990879431","2164693138","1.27067"
"2164693138","3001355690","0.0714286"
"3001355690","2164693138","0.0714286"
"2541537624","2883082709","0.0714286"
"2883082709","2541537624","0.0714286"
"2541537624","2950539479","0.0714286"
"2950539479","2541537624","0.0714286"
"2541537624","2990879431","0.271429"
"2990879431","2541537624","0.271429"
"2541537624","3001355690","0.0714286"
"3001355690","2541537624","0.0714286"
"2883082709","2950539479","0.738095"
"2950539479","2883082709","0.738095"
"2883082709","2990879431","0.309524"
"2990879431","2883082709","0.309524"
"2883082709","3001355690","0.0714286"
"3001355690","2883082709","0.0714286"
"2950539479","2990879431","1.27067"
"2990879431","2950539479","1.27067"
"2950539479","3001355690","0.0714286"
"3001355690","2950539479","0.0714286"
"2990879431","3001355690","0.0714286"
"3001355690","2990879431","0.0714286"
"1503164904","1971990316","0.333333"
"1971990316","1503164904","0.333333"
"1503164904","2007008940","0.0833333"
"2007008940","1503164904","0.0833333"
"1503164904","2026310363","0.0833333"
"2026310363","1503164904","0.0833333"
"1503164904","2091579352","0.333333"
"2091579352","1503164904","0.333333"
"1503164904","2295497434","0.0833333"
"2295497434","1503164904","0.0833333"
"1971990316","2007008940","1.27067"
"2007008940","1971990316","1.27067"
"1971990316","2026310363","4.17067"
"2026310363","1971990316","4.17067"
"1971990316","2050037040","0.0833333"
"2050037040","1971990316","0.0833333"
"1971990316","2091579352","1.52067"
"2091579352","1971990316","1.52067"
"1971990316","2100640305","2.47067"
"2100640305","1971990316","2.47067"
"1971990316","2111656300","1.53734"
"2111656300","1971990316","1.53734"
"1971990316","2119603638","0.274242"
"2119603638","1971990316","0.274242"
"1971990316","2164693138","2.97424"
"2164693138","1971990316","2.97424"
"1971990316","2295497434","1.98333"
"2295497434","1971990316","1.98333"
"1971990316","2950539479","2.97424"
"2950539479","1971990316","2.97424"
"1971990316","2990879431","2.67067"
"2990879431","1971990316","2.67067"
"2007008940","2026310363","0.870671"
"2026310363","2007008940","0.870671"
"2007008940","2050037040","0.0833333"
"2050037040","2007008940","0.0833333"
"2007008940","2091579352","10.8552"
"2091579352","2007008940","10.8552"
"2007008940","2100640305","1.47067"
"2100640305","2007008940","1.47067"
"2007008940","2111656300","1.37067"
"2111656300","2007008940","1.37067"
"2007008940","2119603638","0.674242"
"2119603638","2007008940","0.674242"
"2007008940","2164693138","0.8421"
"2164693138","2007008940","0.8421"
"2007008940","2295497434","0.283333"
"2295497434","2007008940","0.283333"
"2007008940","2950539479","0.8421"
"2950539479","2007008940","0.8421"
"2007008940","2990879431","1.67067"
"2990879431","2007008940","1.67067"
"2026310363","2050037040","0.0833333"
"2050037040","2026310363","0.0833333"
"2026310363","2091579352","1.37067"
"2091579352","2026310363","1.37067"
"2026310363","2100640305","1.304"
"2100640305","2026310363","1.304"
"2026310363","2111656300","0.704004"
"2111656300","2026310363","0.704004"
"2026310363","2119603638","0.274242"
"2119603638","2026310363","0.274242"
"2026310363","2164693138","1.47424"
"2164693138","2026310363","1.47424"
"2026310363","2295497434","2.15"
"2295497434","2026310363","2.15"
"2026310363","2950539479","1.47424"
"2950539479","2026310363","1.47424"
"2026310363","2990879431","1.504"
"2990879431","2026310363","1.504"
"2050037040","2091579352","0.583333"
"2091579352","2050037040","0.583333"
"2050037040","2295497434","0.0833333"
"2295497434","2050037040","0.0833333"
"2091579352","2100640305","0.695671"
"2100640305","2091579352","0.695671"
"2091579352","2111656300","0.595671"
"2111656300","2091579352","0.595671"
"2091579352","2119603638","0.774242"
"2119603638","2091579352","0.774242"
"2091579352","2164693138","0.6421"
"2164693138","2091579352","0.6421"
"2091579352","2295497434","0.0833333"
"2295497434","2091579352","0.0833333"
"2091579352","2950539479","0.6421"
"2950539479","2091579352","0.6421"
"2091579352","2990879431","0.895671"
"2990879431","2091579352","0.895671"
"2100640305","2295497434","0.416667"
"2295497434","2100640305","0.416667"
"2111656300","2295497434","0.0833333"
"2295497434","2111656300","0.0833333"
"2119603638","2295497434","0.583333"
"2295497434","2119603638","0.583333"
"2164693138","2295497434","0.45"
"2295497434","2164693138","0.45"
"2295497434","2950539479","0.45"
"2950539479","2295497434","0.45"
"2295497434","2990879431","0.416667"
"2990879431","2295497434","0.416667"
"1503164904","2162462435","1.08333"
"2162462435","1503164904","1.08333"
"2050037040","2162462435","0.833333"
"2162462435","2050037040","0.833333"
"2119603638","2162462435","1.58333"
"2162462435","2119603638","1.58333"
"1503164904","1963988347","0.25"
"1963988347","1503164904","0.25"
"1503164904","2073227755","0.25"
"2073227755","1503164904","0.25"
"1963988347","1971990316","1.63734"
"1971990316","1963988347","1.63734"
"1963988347","2073227755","0.25"
"2073227755","1963988347","0.25"
"1963988347","2091579352","1.77186"
"2091579352","1963988347","1.77186"
"1971990316","2073227755","0.25"
"2073227755","1971990316","0.25"
"2073227755","2091579352","0.25"
"2091579352","2073227755","0.25"
"1503164904","2154807550","0.583333"
"2154807550","1503164904","0.583333"
"2050037040","2154807550","1.83333"
"2154807550","2050037040","1.83333"
"2119603638","2154807550","0.75"
"2154807550","2119603638","0.75"
"1503164904","1995405963","0.25"
"1995405963","1503164904","0.25"
"1995405963","2119603638","0.416667"
"2119603638","1995405963","0.416667"
"1995405963","2154807550","7.75"
"2154807550","1995405963","7.75"
"1995405963","2162462435","0.25"
"2162462435","1995405963","0.25"
"2154807550","2162462435","0.25"
"2162462435","2154807550","0.25"
"1593962000","2119603638","1"
"2119603638","1593962000","1"
"1593962000","2006908712","0.5"
"2006908712","1593962000","0.5"
"1593962000","2050037040","0.25"
"2050037040","1593962000","0.25"
"1593962000","2164693138","0.25"
"2164693138","1593962000","0.25"
"1593962000","2950539479","1.25"
"2950539479","1593962000","1.25"
"1593962000","2026310363","2"
"2026310363","1593962000","2"
"1593962000","1963988347","0.25"
"1963988347","1593962000","0.25"
"1593962000","2012427422","0.25"
"2012427422","1593962000","0.25"
"1593962000","2036329970","0.25"
"2036329970","1593962000","0.25"
"1963988347","2006908712","1.37262"
"2006908712","1963988347","1.37262"
"1963988347","2012427422","1.55595"
"2012427422","1963988347","1.55595"
"1963988347","2036329970","0.565909"
"2036329970","1963988347","0.565909"
"2006908712","2036329970","0.45"
"2036329970","2006908712","0.45"
"2012427422","2036329970","0.55"
"2036329970","2012427422","0.55"
"172819943","1995405963","0.833333"
"1995405963","172819943","0.833333"
"172819943","2154807550","0.5"
"2154807550","172819943","0.5"
"172819943","1874038193","0.25"
"1874038193","172819943","0.25"
"172819943","1987936832","0.25"
"1987936832","172819943","0.25"
"172819943","2049221237","0.25"
"2049221237","172819943","0.25"
"172819943","2119603638","0.25"
"2119603638","172819943","0.25"
"1874038193","1987936832","0.25"
"1987936832","1874038193","0.25"
"1874038193","2049221237","1.25"
"2049221237","1874038193","1.25"
"1874038193","2119603638","0.25"
"2119603638","1874038193","0.25"
"1987936832","2049221237","0.25"
"2049221237","1987936832","0.25"
"1987936832","2119603638","0.25"
"2119603638","1987936832","0.25"
"2049221237","2119603638","0.25"
"2119603638","2049221237","0.25"
"172819943","2050037040","0.333333"
"2050037040","172819943","0.333333"
"172819943","2107377751","0.333333"
"2107377751","172819943","0.333333"
"1995405963","2050037040","0.833333"
"2050037040","1995405963","0.833333"
"1995405963","2107377751","6.16667"
"2107377751","1995405963","6.16667"
"2050037040","2107377751","0.666667"
"2107377751","2050037040","0.666667"
"1874038193","2006908712","1.91667"
"2006908712","1874038193","1.91667"
"1874038193","2007008940","0.916667"
"2007008940","1874038193","0.916667"
"1874038193","2012427422","0.25"
"2012427422","1874038193","0.25"
"1874038193","2091579352","0.416667"
"2091579352","1874038193","0.416667"
"2006908712","2007008940","23.5393"
"2007008940","2006908712","23.5393"
"2006908712","2091579352","10.6976"
"2091579352","2006908712","10.6976"
"2007008940","2012427422","4.47262"
"2012427422","2007008940","4.47262"
"2012427422","2091579352","2.79762"
"2091579352","2012427422","2.79762"
"1874038193","2050037040","0.5"
"2050037040","1874038193","0.5"
"1874038193","2120659641","0.5"
"2120659641","1874038193","0.5"
"2050037040","2120659641","0.5"
"2120659641","2050037040","0.5"
"1874038193","1963988347","0.166667"
"1963988347","1874038193","0.166667"
"1874038193","2013542590","0.166667"
"2013542590","1874038193","0.166667"
"1874038193","2159494053","0.166667"
"2159494053","1874038193","0.166667"
"1963988347","2007008940","2.14686"
"2007008940","1963988347","2.14686"
"1963988347","2013542590","3.72976"
"2013542590","1963988347","3.72976"
"1963988347","2159494053","1.78333"
"2159494053","1963988347","1.78333"
"2006908712","2159494053","1.81667"
"2159494053","2006908712","1.81667"
"2007008940","2013542590","1.7131"
"2013542590","2007008940","1.7131"
"2007008940","2159494053","1.31667"
"2159494053","2007008940","1.31667"
"2013542590","2091579352","1.6381"
"2091579352","2013542590","1.6381"
"2013542590","2159494053","5.06667"
"2159494053","2013542590","5.06667"
"2091579352","2159494053","1.9"
"2159494053","2091579352","1.9"
"1963988347","2026310363","0.987338"
"2026310363","1963988347","0.987338"
"1963988347","2030593476","0.5"
"2030593476","1963988347","0.5"
"2026310363","2030593476","0.5"
"2030593476","2026310363","0.5"
"1963988347","2049221237","0.438095"
"2049221237","1963988347","0.438095"
"1963988347","2156143506","2.33095"
"2156143506","1963988347","2.33095"
"2006908712","2049221237","0.438095"
"2049221237","2006908712","0.438095"
"2012427422","2049221237","0.438095"
"2049221237","2012427422","0.438095"
"2012427422","2159494053","1.73333"
"2159494053","2012427422","1.73333"
"2013542590","2049221237","0.438095"
"2049221237","2013542590","0.438095"
"2049221237","2156143506","0.438095"
"2156143506","2049221237","0.438095"
"2049221237","2159494053","0.366667"
"2159494053","2049221237","0.366667"
"2156143506","2159494053","1.11667"
"2159494053","2156143506","1.11667"
"1963988347","2100640305","0.637338"
"2100640305","1963988347","0.637338"
"1963988347","2111656300","0.637338"
"2111656300","1963988347","0.637338"
"1963988347","2990879431","0.637338"
"2990879431","1963988347","0.637338"
"2007008940","2156143506","1.26429"
"2156143506","2007008940","1.26429"
"1971990316","2156143506","0.296429"
"2156143506","1971990316","0.296429"
"2026310363","2156143506","0.396429"
"2156143506","2026310363","0.396429"
"2091579352","2156143506","1.53929"
"2156143506","2091579352","1.53929"
"1963988347","2119603638","0.0909091"
"2119603638","1963988347","0.0909091"
"1963988347","2164693138","0.458766"
"2164693138","1963988347","0.458766"
"1963988347","2950539479","0.458766"
"2950539479","1963988347","0.458766"
"1971990316","2036329970","0.190909"
"2036329970","1971990316","0.190909"
"2007008940","2036329970","0.615909"
"2036329970","2007008940","0.615909"
"2026310363","2036329970","0.190909"
"2036329970","2026310363","0.190909"
"2036329970","2091579352","0.415909"
"2091579352","2036329970","0.415909"
"2036329970","2100640305","0.415909"
"2100640305","2036329970","0.415909"
"2036329970","2111656300","0.315909"
"2111656300","2036329970","0.315909"
"2036329970","2119603638","1.39091"
"2119603638","2036329970","1.39091"
"2036329970","2164693138","0.415909"
"2164693138","2036329970","0.415909"
"2036329970","2950539479","0.415909"
"2950539479","2036329970","0.415909"
"2036329970","2990879431","0.415909"
"2990879431","2036329970","0.415909"
"1963988347","2541537624","0.1"
"2541537624","1963988347","0.1"
"2006908712","2026310363","0.271429"
"2026310363","2006908712","0.271429"
"2007008940","2049221237","0.271429"
"2049221237","2007008940","0.271429"
"2007008940","2541537624","1.23333"
"2541537624","2007008940","1.23333"
"2012427422","2026310363","0.271429"
"2026310363","2012427422","0.271429"
"2013542590","2026310363","0.271429"
"2026310363","2013542590","0.271429"
"2026310363","2049221237","0.271429"
"2049221237","2026310363","0.271429"
"2026310363","2159494053","0.2"
"2159494053","2026310363","0.2"
"2026310363","2541537624","0.1"
"2541537624","2026310363","0.1"
"2049221237","2091579352","0.271429"
"2091579352","2049221237","0.271429"
"2049221237","2541537624","0.1"
"2541537624","2049221237","0.1"
"2091579352","2541537624","0.1"
"2541537624","2091579352","0.1"
"2159494053","2541537624","0.1"
"2541537624","2159494053","0.1"
"1963988347","2309899186","0.1"
"2309899186","1963988347","0.1"
"2007008940","2309899186","0.85"
"2309899186","2007008940","0.85"
"2012427422","2309899186","0.3"
"2309899186","2012427422","0.3"
"2036329970","2309899186","0.2"
"2309899186","2036329970","0.2"
"2091579352","2309899186","1.73333"
"2309899186","2091579352","1.73333"
"2100640305","2309899186","0.95"
"2309899186","2100640305","0.95"
"2111656300","2309899186","0.85"
"2309899186","2111656300","0.85"
"2164693138","2309899186","1.4"
"2309899186","2164693138","1.4"
"2309899186","2950539479","1.4"
"2950539479","2309899186","1.4"
"2309899186","2990879431","1.15"
"2990879431","2309899186","1.15"
"1971990316","2006908712","0.171429"
"2006908712","1971990316","0.171429"
"1971990316","2012427422","0.171429"
"2012427422","1971990316","0.171429"
"1971990316","2013542590","0.671429"
"2013542590","1971990316","0.671429"
"1971990316","2049221237","0.171429"
"2049221237","1971990316","0.171429"
"1971990316","2159494053","0.1"
"2159494053","1971990316","0.1"
"1963988347","2883082709","0.0714286"
"2883082709","1963988347","0.0714286"
"1963988347","2901337819","0.0714286"
"2901337819","1963988347","0.0714286"
"1971990316","2883082709","0.604762"
"2883082709","1971990316","0.604762"
"1971990316","2901337819","0.604762"
"2901337819","1971990316","0.604762"
"2006908712","2901337819","0.0714286"
"2901337819","2006908712","0.0714286"
"2007008940","2883082709","0.0714286"
"2883082709","2007008940","0.0714286"
"2007008940","2901337819","0.0714286"
"2901337819","2007008940","0.0714286"
"2012427422","2901337819","0.0714286"
"2901337819","2012427422","0.0714286"
"2013542590","2901337819","0.0714286"
"2901337819","2013542590","0.0714286"
"2026310363","2883082709","2.77143"
"2883082709","2026310363","2.77143"
"2026310363","2901337819","2.77143"
"2901337819","2026310363","2.77143"
"2049221237","2100640305","0.0714286"
"2100640305","2049221237","0.0714286"
"2049221237","2111656300","0.0714286"
"2111656300","2049221237","0.0714286"
"2049221237","2883082709","0.0714286"
"2883082709","2049221237","0.0714286"
"2049221237","2901337819","0.0714286"
"2901337819","2049221237","0.0714286"
"2049221237","2990879431","0.0714286"
"2990879431","2049221237","0.0714286"
"2091579352","2883082709","0.0714286"
"2883082709","2091579352","0.0714286"
"2091579352","2901337819","0.0714286"
"2901337819","2091579352","0.0714286"
"2100640305","2901337819","0.238095"
"2901337819","2100640305","0.238095"
"2111656300","2901337819","0.238095"
"2901337819","2111656300","0.238095"
"2156143506","2901337819","0.0714286"
"2901337819","2156143506","0.0714286"
"2883082709","2901337819","27.9381"
"2901337819","2883082709","27.9381"
"2901337819","2990879431","0.238095"
"2990879431","2901337819","0.238095"
"1971990316","2309899186","1.86667"
"2309899186","1971990316","1.86667"
"2026310363","2309899186","3.53333"
"2309899186","2026310363","3.53333"
"2295497434","2309899186","1.4"
"2309899186","2295497434","1.4"
"2295497434","2883082709","0.366667"
"2883082709","2295497434","0.366667"
"2295497434","2901337819","1.36667"
"2901337819","2295497434","1.36667"
"2309899186","2883082709","1.2"
"2883082709","2309899186","1.2"
"2309899186","2901337819","1.2"
"2901337819","2309899186","1.2"
"2164693138","2901337819","0.666667"
"2901337819","2164693138","0.666667"
"2901337819","2950539479","0.666667"
"2950539479","2901337819","0.666667"
"2119603638","2309899186","0.6"
"2309899186","2119603638","0.6"
"2107377751","2154807550","1.83333"
"2154807550","2107377751","1.83333"
"1995405963","2295497434","1"
"2295497434","1995405963","1"
"1995405963","2006908712","0.166667"
"2006908712","1995405963","0.166667"
"1995405963","2012427422","0.166667"
"2012427422","1995405963","0.166667"
"1995405963","2156143506","0.166667"
"2156143506","1995405963","0.166667"
"2006908712","2154807550","0.166667"
"2154807550","2006908712","0.166667"
"2012427422","2154807550","0.166667"
"2154807550","2012427422","0.166667"
"2154807550","2156143506","0.166667"
"2156143506","2154807550","0.166667"
"2006908712","2120659641","0.7"
"2120659641","2006908712","0.7"
"2012427422","2120659641","1.03333"
"2120659641","2012427422","1.03333"
"2006908712","2309899186","0.533333"
"2309899186","2006908712","0.533333"
"2007008940","2120659641","0.2"
"2120659641","2007008940","0.2"
"2120659641","2309899186","0.2"
"2309899186","2120659641","0.2"
"2120659641","2541537624","0.2"
"2541537624","2120659641","0.2"
"2309899186","2541537624","0.2"
"2541537624","2309899186","0.2"
"2036329970","2156143506","0.2"
"2156143506","2036329970","0.2"
"2006908712","2295497434","0.2"
"2295497434","2006908712","0.2"
"2012427422","2295497434","0.2"
"2295497434","2012427422","0.2"
"2156143506","2295497434","0.2"
"2295497434","2156143506","0.2"
"2295497434","2541537624","0.2"
"2541537624","2295497434","0.2"
"2091579352","3001355690","0.333333"
"3001355690","2091579352","0.333333"
"2309899186","3001355690","0.333333"
"3001355690","2309899186","0.333333"
"2013542590","2120659641","0.333333"
"2120659641","2013542590","0.333333"
"2120659641","2159494053","0.333333"
"2159494053","2120659641","0.333333"
"2030593476","2119603638","1.41667"
"2119603638","2030593476","1.41667"
"2030593476","2120659641","0.416667"
"2120659641","2030593476","0.416667"
"2030593476","2164693138","0.416667"
"2164693138","2030593476","0.416667"
"2030593476","2883082709","0.416667"
"2883082709","2030593476","0.416667"
"2119603638","2120659641","0.416667"
"2120659641","2119603638","0.416667"
"2120659641","2164693138","0.416667"
"2164693138","2120659641","0.416667"
"2120659641","2883082709","0.416667"
"2883082709","2120659641","0.416667"
"2030593476","2901337819","0.166667"
"2901337819","2030593476","0.166667"
"2030593476","2950539479","0.166667"
"2950539479","2030593476","0.166667"
"2119603638","2901337819","0.166667"
"2901337819","2119603638","0.166667"
"2120659641","2901337819","0.166667"
"2901337819","2120659641","0.166667"
"2120659641","2950539479","0.166667"
"2950539479","2120659641","0.166667"
"2036329970","2162462435","4"
"2162462435","2036329970","4"
"2883082709","2884015218","1"
"2884015218","2883082709","1"
"2883082709","2980201586","1"
"2980201586","2883082709","1"
"2884015218","2980201586","3"
"2980201586","2884015218","3"
"2884015218","3001355690","1"
"3001355690","2884015218","1"
