"1447175589","40811774","1.11111"
"40811774","1447175589","1.11111"
"1447175589","1535810264","2.5"
"1535810264","1447175589","2.5"
"1447175589","2009801020","0.861111"
"2009801020","1447175589","0.861111"
"1535810264","2009801020","2.41111"
"2009801020","1535810264","2.41111"
"1447175589","2060276266","0.361111"
"2060276266","1447175589","0.361111"
"1447175589","2550068562","0.361111"
"2550068562","1447175589","0.361111"
"1447175589","70478248","0.361111"
"70478248","1447175589","0.361111"
"2009801020","2060276266","0.361111"
"2060276266","2009801020","0.361111"
"2009801020","2550068562","1.45386"
"2550068562","2009801020","1.45386"
"2009801020","70478248","5.65247"
"70478248","2009801020","5.65247"
"2060276266","2550068562","8.61111"
"2550068562","2060276266","8.61111"
"2060276266","70478248","0.361111"
"70478248","2060276266","0.361111"
"2550068562","70478248","3.09136"
"70478248","2550068562","3.09136"
"1447175589","2061354941","0.5"
"2061354941","1447175589","0.5"
"1447175589","2112968990","0.5"
"2112968990","1447175589","0.5"
"2061354941","2112968990","14.0833"
"2112968990","2061354941","14.0833"
"1447175589","1962917261","0.111111"
"1962917261","1447175589","0.111111"
"1447175589","2155306121","0.111111"
"2155306121","1447175589","0.111111"
"1447175589","2207780581","0.111111"
"2207780581","1447175589","0.111111"
"1447175589","75589233","0.111111"
"75589233","1447175589","0.111111"
"1962917261","2009801020","0.703863"
"2009801020","1962917261","0.703863"
"1962917261","2060276266","2.36111"
"2060276266","1962917261","2.36111"
"1962917261","2155306121","0.487923"
"2155306121","1962917261","0.487923"
"1962917261","2207780581","0.244444"
"2207780581","1962917261","0.244444"
"1962917261","2550068562","232.661"
"2550068562","1962917261","232.661"
"1962917261","40811774","0.18254"
"40811774","1962917261","0.18254"
"1962917261","70478248","0.341363"
"70478248","1962917261","0.341363"
"1962917261","75589233","0.341363"
"75589233","1962917261","0.341363"
"2009801020","2155306121","0.361111"
"2155306121","2009801020","0.361111"
"2009801020","2207780581","0.422222"
"2207780581","2009801020","0.422222"
"2009801020","40811774","0.543651"
"40811774","2009801020","0.543651"
"2009801020","75589233","2.65247"
"75589233","2009801020","2.65247"
"2060276266","2155306121","0.111111"
"2155306121","2060276266","0.111111"
"2060276266","2207780581","0.111111"
"2207780581","2060276266","0.111111"
"2060276266","40811774","0.111111"
"40811774","2060276266","0.111111"
"2060276266","75589233","0.111111"
"75589233","2060276266","0.111111"
"2155306121","2207780581","0.291667"
"2207780581","2155306121","0.291667"
"2155306121","2550068562","0.487923"
"2550068562","2155306121","0.487923"
"2155306121","40811774","1.94444"
"40811774","2155306121","1.94444"
"2155306121","70478248","1"
"70478248","2155306121","1"
"2155306121","75589233","0.361111"
"75589233","2155306121","0.361111"
"2207780581","2550068562","0.244444"
"2550068562","2207780581","0.244444"
"2207780581","40811774","0.222222"
"40811774","2207780581","0.222222"
"2207780581","70478248","0.477778"
"70478248","2207780581","0.477778"
"2207780581","75589233","0.422222"
"75589233","2207780581","0.422222"
"2550068562","40811774","0.18254"
"40811774","2550068562","0.18254"
"2550068562","75589233","0.341363"
"75589233","2550068562","0.341363"
"40811774","70478248","2.29365"
"70478248","40811774","2.29365"
"40811774","75589233","1.04365"
"75589233","40811774","1.04365"
"70478248","75589233","8.23581"
"75589233","70478248","8.23581"
"1479894439","1975113377","0.25"
"1975113377","1479894439","0.25"
"1479894439","2114672114","0.45"
"2114672114","1479894439","0.45"
"1479894439","2138930598","0.45"
"2138930598","1479894439","0.45"
"1479894439","64136229","0.25"
"64136229","1479894439","0.25"
"1975113377","2114672114","0.25"
"2114672114","1975113377","0.25"
"1975113377","2138930598","0.538462"
"2138930598","1975113377","0.538462"
"1975113377","64136229","0.25"
"64136229","1975113377","0.25"
"2114672114","2138930598","2.28297"
"2138930598","2114672114","2.28297"
"2114672114","64136229","0.340909"
"64136229","2114672114","0.340909"
"2138930598","64136229","1.44091"
"64136229","2138930598","1.44091"
"1479894439","2184334974","1"
"2184334974","1479894439","1"
"1479894439","2144531184","1"
"2144531184","1479894439","1"
"1479894439","1518483596","0.2"
"1518483596","1479894439","0.2"
"1479894439","2134671186","0.2"
"2134671186","1479894439","0.2"
"1479894439","2136400262","0.2"
"2136400262","1479894439","0.2"
"1518483596","2114672114","2.04646"
"2114672114","1518483596","2.04646"
"1518483596","2134671186","3.21389"
"2134671186","1518483596","3.21389"
"1518483596","2136400262","4.26112"
"2136400262","1518483596","4.26112"
"1518483596","2138930598","3.91112"
"2138930598","1518483596","3.91112"
"2114672114","2134671186","1.63575"
"2134671186","2114672114","1.63575"
"2114672114","2136400262","1.5298"
"2136400262","2114672114","1.5298"
"2134671186","2136400262","5.20993"
"2136400262","2134671186","5.20993"
"2134671186","2138930598","5.75874"
"2138930598","2134671186","5.75874"
"2136400262","2138930598","2.07382"
"2138930598","2136400262","2.07382"
"1479894439","1507856613","0.5"
"1507856613","1479894439","0.5"
"1479894439","1910254799","0.5"
"1910254799","1479894439","0.5"
"1507856613","1910254799","0.833333"
"1910254799","1507856613","0.833333"
"1484158612","1488266988","3.68452"
"1488266988","1484158612","3.68452"
"1484158612","1518483596","0.133929"
"1518483596","1484158612","0.133929"
"1484158612","1541899491","0.577152"
"1541899491","1484158612","0.577152"
"1484158612","1593700268","0.119048"
"1593700268","1484158612","0.119048"
"1484158612","16278051","0.166667"
"16278051","1484158612","0.166667"
"1484158612","178189088","0.181548"
"178189088","1484158612","0.181548"
"1484158612","2118898105","0.636676"
"2118898105","1484158612","0.636676"
"1484158612","2122828687","0.119048"
"2122828687","1484158612","0.119048"
"1484158612","2138018097","0.119048"
"2138018097","1484158612","0.119048"
"1484158612","2146750633","0.60989"
"2146750633","1484158612","0.60989"
"1484158612","2148906386","5.20536"
"2148906386","1484158612","5.20536"
"1484158612","2166975838","0.729167"
"2166975838","1484158612","0.729167"
"1484158612","2218921014","0.35989"
"2218921014","1484158612","0.35989"
"1484158612","231257848","0.119048"
"231257848","1484158612","0.119048"
"1488266988","1518483596","0.0714286"
"1518483596","1488266988","0.0714286"
"1488266988","1541899491","0.47619"
"1541899491","1488266988","0.47619"
"1488266988","1593700268","0.119048"
"1593700268","1488266988","0.119048"
"1488266988","16278051","0.166667"
"16278051","1488266988","0.166667"
"1488266988","178189088","0.119048"
"178189088","1488266988","0.119048"
"1488266988","2118898105","0.410714"
"2118898105","1488266988","0.410714"
"1488266988","2122828687","0.119048"
"2122828687","1488266988","0.119048"
"1488266988","2138018097","0.119048"
"2138018097","1488266988","0.119048"
"1488266988","2146750633","0.446429"
"2146750633","1488266988","0.446429"
"1488266988","2148906386","11.8845"
"2148906386","1488266988","11.8845"
"1488266988","2166975838","0.541667"
"2166975838","1488266988","0.541667"
"1488266988","2218921014","0.196429"
"2218921014","1488266988","0.196429"
"1488266988","231257848","0.119048"
"231257848","1488266988","0.119048"
"1518483596","1541899491","1.3835"
"1541899491","1518483596","1.3835"
"1518483596","1593700268","2.72817"
"1593700268","1518483596","2.72817"
"1518483596","16278051","0.10989"
"16278051","1518483596","0.10989"
"1518483596","178189088","0.233929"
"178189088","1518483596","0.233929"
"1518483596","2118898105","0.808929"
"2118898105","1518483596","0.808929"
"1518483596","2122828687","4.30755"
"2122828687","1518483596","4.30755"
"1518483596","2138018097","5.52421"
"2138018097","1518483596","5.52421"
"1518483596","2146750633","0.646429"
"2146750633","1518483596","0.646429"
"1518483596","2148906386","0.133929"
"2148906386","1518483596","0.133929"
"1518483596","2166975838","0.37239"
"2166975838","1518483596","0.37239"
"1518483596","2218921014","0.0714286"
"2218921014","1518483596","0.0714286"
"1518483596","231257848","4.85755"
"231257848","1518483596","4.85755"
"1541899491","1593700268","0.330159"
"1593700268","1541899491","0.330159"
"1541899491","16278051","1.84799"
"16278051","1541899491","1.84799"
"1541899491","178189088","0.681548"
"178189088","1541899491","0.681548"
"1541899491","2118898105","0.386676"
"2118898105","1541899491","0.386676"
"1541899491","2122828687","1.78529"
"2122828687","1541899491","1.78529"
"1541899491","2138018097","1.39967"
"2138018097","1541899491","1.39967"
"1541899491","2146750633","0.10989"
"2146750633","1541899491","0.10989"
"1541899491","2148906386","0.53869"
"2148906386","1541899491","0.53869"
"1541899491","2166975838","0.767628"
"2166975838","1541899491","0.767628"
"1541899491","2218921014","0.10989"
"2218921014","1541899491","0.10989"
"1541899491","231257848","1.34084"
"231257848","1541899491","1.34084"
"1593700268","16278051","0.119048"
"16278051","1593700268","0.119048"
"1593700268","178189088","0.119048"
"178189088","1593700268","0.119048"
"1593700268","2118898105","0.0714286"
"2118898105","1593700268","0.0714286"
"1593700268","2122828687","2.07579"
"2122828687","1593700268","2.07579"
"1593700268","2138018097","3.27579"
"2138018097","1593700268","3.27579"
"1593700268","2146750633","0.0714286"
"2146750633","1593700268","0.0714286"
"1593700268","2148906386","0.119048"
"2148906386","1593700268","0.119048"
"1593700268","2166975838","0.319048"
"2166975838","1593700268","0.319048"
"1593700268","2218921014","0.0714286"
"2218921014","1593700268","0.0714286"
"1593700268","231257848","2.60913"
"231257848","1593700268","2.60913"
"16278051","178189088","0.119048"
"178189088","16278051","0.119048"
"16278051","2118898105","0.119048"
"2118898105","16278051","0.119048"
"16278051","2122828687","0.157509"
"2122828687","16278051","0.157509"
"16278051","2138018097","0.157509"
"2138018097","16278051","0.157509"
"16278051","2146750633","0.0714286"
"2146750633","16278051","0.0714286"
"16278051","2148906386","0.166667"
"2148906386","16278051","0.166667"
"16278051","2166975838","0.538462"
"2166975838","16278051","0.538462"
"16278051","2218921014","0.321429"
"2218921014","16278051","0.321429"
"16278051","231257848","0.157509"
"231257848","16278051","0.157509"
"178189088","2118898105","0.333929"
"2118898105","178189088","0.333929"
"178189088","2122828687","0.119048"
"2122828687","178189088","0.119048"
"178189088","2138018097","0.219048"
"2138018097","178189088","0.219048"
"178189088","2146750633","0.0714286"
"2146750633","178189088","0.0714286"
"178189088","2148906386","0.181548"
"2148906386","178189088","0.181548"
"178189088","2166975838","1.01488"
"2166975838","178189088","1.01488"
"178189088","2218921014","0.0714286"
"2218921014","178189088","0.0714286"
"178189088","231257848","0.219048"
"231257848","178189088","0.219048"
"2118898105","2122828687","0.396429"
"2122828687","2118898105","0.396429"
"2118898105","2138018097","0.396429"
"2138018097","2118898105","0.396429"
"2118898105","2146750633","15.4627"
"2146750633","2118898105","15.4627"
"2118898105","2148906386","0.598214"
"2148906386","2118898105","0.598214"
"2118898105","2166975838","0.681548"
"2166975838","2118898105","0.681548"
"2118898105","2218921014","0.35989"
"2218921014","2118898105","0.35989"
"2118898105","231257848","0.396429"
"231257848","2118898105","0.396429"
"2122828687","2138018097","11.698"
"2138018097","2122828687","11.698"
"2122828687","2146750633","0.396429"
"2146750633","2122828687","0.396429"
"2122828687","2148906386","0.119048"
"2148906386","2122828687","0.119048"
"2122828687","2166975838","0.157509"
"2166975838","2122828687","0.157509"
"2122828687","2218921014","0.0714286"
"2218921014","2122828687","0.0714286"
"2122828687","231257848","11.698"
"231257848","2122828687","11.698"
"2138018097","2146750633","0.596429"
"2146750633","2138018097","0.596429"
"2138018097","2148906386","0.119048"
"2148906386","2138018097","0.119048"
"2138018097","2166975838","0.357509"
"2166975838","2138018097","0.357509"
"2138018097","2218921014","0.0714286"
"2218921014","2138018097","0.0714286"
"2138018097","231257848","18.45"
"231257848","2138018097","18.45"
"2146750633","2148906386","0.571429"
"2148906386","2146750633","0.571429"
"2146750633","2166975838","0.571429"
"2166975838","2146750633","0.571429"
"2146750633","2218921014","1.35989"
"2218921014","2146750633","1.35989"
"2146750633","231257848","0.596429"
"231257848","2146750633","0.596429"
"2148906386","2166975838","0.729167"
"2166975838","2148906386","0.729167"
"2148906386","2218921014","0.321429"
"2218921014","2148906386","0.321429"
"2148906386","231257848","0.119048"
"231257848","2148906386","0.119048"
"2166975838","2218921014","2.07143"
"2218921014","2166975838","2.07143"
"2166975838","231257848","0.357509"
"231257848","2166975838","0.357509"
"2218921014","231257848","0.0714286"
"231257848","2218921014","0.0714286"
"1484158612","2101923845","0.360119"
"2101923845","1484158612","0.360119"
"1488266988","2101923845","0.297619"
"2101923845","1488266988","0.297619"
"2101923845","2146750633","0.25"
"2146750633","2101923845","0.25"
"2101923845","2148906386","0.360119"
"2148906386","2101923845","0.360119"
"1484158612","1811337449","0.586081"
"1811337449","1484158612","0.586081"
"1484158612","2099057867","0.288462"
"2099057867","1484158612","0.288462"
"1488266988","1811337449","0.755952"
"1811337449","1488266988","0.755952"
"1488266988","2099057867","0.583333"
"2099057867","1488266988","0.583333"
"1811337449","2099057867","3.45513"
"2099057867","1811337449","3.45513"
"1811337449","2148906386","0.880952"
"2148906386","1811337449","0.880952"
"2099057867","2148906386","0.583333"
"2148906386","2099057867","0.583333"
"1484158612","1496748351","0.633929"
"1496748351","1484158612","0.633929"
"1484158612","1526098002","0.252976"
"1526098002","1484158612","0.252976"
"1484158612","1599890279","0.148581"
"1599890279","1484158612","0.148581"
"1484158612","1827183707","0.110119"
"1827183707","1484158612","0.110119"
"1484158612","1886974479","0.157738"
"1886974479","1484158612","0.157738"
"1484158612","2051994163","1.31012"
"2051994163","1484158612","1.31012"
"1484158612","2074614677","0.110119"
"2074614677","1484158612","0.110119"
"1484158612","2127831620","0.157738"
"2127831620","1484158612","0.157738"
"1484158612","2139153904","0.148581"
"2139153904","1484158612","0.148581"
"1496748351","1518483596","0.200962"
"1518483596","1496748351","0.200962"
"1496748351","1526098002","0.352976"
"1526098002","1496748351","0.352976"
"1496748351","1541899491","0.589057"
"1541899491","1496748351","0.589057"
"1496748351","1599890279","0.148581"
"1599890279","1496748351","0.148581"
"1496748351","178189088","0.110119"
"178189088","1496748351","0.110119"
"1496748351","1827183707","2.36012"
"1827183707","1496748351","2.36012"
"1496748351","1886974479","0.157738"
"1886974479","1496748351","0.157738"
"1496748351","2051994163","0.110119"
"2051994163","1496748351","0.110119"
"1496748351","2074614677","0.210119"
"2074614677","1496748351","0.210119"
"1496748351","2101923845","2.11012"
"2101923845","1496748351","2.11012"
"1496748351","2118898105","0.710119"
"2118898105","1496748351","0.710119"
"1496748351","2127831620","0.157738"
"2127831620","1496748351","0.157738"
"1496748351","2139153904","0.581914"
"2139153904","1496748351","0.581914"
"1496748351","2148906386","0.633929"
"2148906386","1496748351","0.633929"
"1496748351","2166975838","0.279533"
"2166975838","1496748351","0.279533"
"1518483596","1526098002","2.09147"
"1526098002","1518483596","2.09147"
"1518483596","1599890279","0.100962"
"1599890279","1518483596","0.100962"
"1518483596","1827183707","0.0625"
"1827183707","1518483596","0.0625"
"1518483596","1886974479","0.441468"
"1886974479","1518483596","0.441468"
"1518483596","2051994163","0.0625"
"2051994163","1518483596","0.0625"
"1518483596","2074614677","0.3625"
"2074614677","1518483596","0.3625"
"1518483596","2101923845","0.0625"
"2101923845","1518483596","0.0625"
"1518483596","2127831620","0.0625"
"2127831620","1518483596","0.0625"
"1518483596","2139153904","0.200962"
"2139153904","1518483596","0.200962"
"1526098002","1541899491","2.96409"
"1541899491","1526098002","2.96409"
"1526098002","1599890279","0.0625"
"1599890279","1526098002","0.0625"
"1526098002","178189088","0.110119"
"178189088","1526098002","0.110119"
"1526098002","1827183707","0.0625"
"1827183707","1526098002","0.0625"
"1526098002","1886974479","0.377976"
"1886974479","1526098002","0.377976"
"1526098002","2051994163","0.0625"
"2051994163","1526098002","0.0625"
"1526098002","2074614677","0.3625"
"2074614677","1526098002","0.3625"
"1526098002","2101923845","0.0625"
"2101923845","1526098002","0.0625"
"1526098002","2118898105","0.2875"
"2118898105","1526098002","0.2875"
"1526098002","2127831620","0.110119"
"2127831620","1526098002","0.110119"
"1526098002","2139153904","0.1625"
"2139153904","1526098002","0.1625"
"1526098002","2148906386","0.252976"
"2148906386","1526098002","0.252976"
"1526098002","2166975838","0.110119"
"2166975838","1526098002","0.110119"
"1541899491","1599890279","0.694278"
"1599890279","1541899491","0.694278"
"1541899491","1827183707","1.50298"
"1827183707","1541899491","1.50298"
"1541899491","1886974479","0.157738"
"1886974479","1541899491","0.157738"
"1541899491","2051994163","0.276786"
"2051994163","1541899491","0.276786"
"1541899491","2074614677","0.502976"
"2074614677","1541899491","0.502976"
"1541899491","2101923845","0.110119"
"2101923845","1541899491","0.110119"
"1541899491","2127831620","0.157738"
"2127831620","1541899491","0.157738"
"1541899491","2139153904","0.437042"
"2139153904","1541899491","0.437042"
"1599890279","178189088","0.0625"
"178189088","1599890279","0.0625"
"1599890279","1827183707","0.252976"
"1827183707","1599890279","0.252976"
"1599890279","1886974479","0.110119"
"1886974479","1599890279","0.110119"
"1599890279","2051994163","0.110119"
"2051994163","1599890279","0.110119"
"1599890279","2074614677","0.502976"
"2074614677","1599890279","0.502976"
"1599890279","2101923845","0.110119"
"2101923845","1599890279","0.110119"
"1599890279","2118898105","0.148581"
"2118898105","1599890279","0.148581"
"1599890279","2127831620","2.61012"
"2127831620","1599890279","2.61012"
"1599890279","2139153904","0.810852"
"2139153904","1599890279","0.810852"
"1599890279","2148906386","0.110119"
"2148906386","1599890279","0.110119"
"1599890279","2166975838","0.148581"
"2166975838","1599890279","0.148581"
"178189088","1827183707","0.0625"
"1827183707","178189088","0.0625"
"178189088","1886974479","0.110119"
"1886974479","178189088","0.110119"
"178189088","2051994163","0.0625"
"2051994163","178189088","0.0625"
"178189088","2074614677","0.0625"
"2074614677","178189088","0.0625"
"178189088","2101923845","0.0625"
"2101923845","178189088","0.0625"
"178189088","2127831620","0.110119"
"2127831620","178189088","0.110119"
"178189088","2139153904","0.0625"
"2139153904","178189088","0.0625"
"1827183707","1886974479","0.110119"
"1886974479","1827183707","0.110119"
"1827183707","2051994163","0.110119"
"2051994163","1827183707","0.110119"
"1827183707","2074614677","0.252976"
"2074614677","1827183707","0.252976"
"1827183707","2101923845","1.11012"
"2101923845","1827183707","1.11012"
"1827183707","2118898105","0.110119"
"2118898105","1827183707","0.110119"
"1827183707","2127831620","0.110119"
"2127831620","1827183707","0.110119"
"1827183707","2139153904","0.110119"
"2139153904","1827183707","0.110119"
"1827183707","2148906386","0.110119"
"2148906386","1827183707","0.110119"
"1827183707","2166975838","0.110119"
"2166975838","1827183707","0.110119"
"1886974479","2051994163","0.110119"
"2051994163","1886974479","0.110119"
"1886974479","2074614677","0.610119"
"2074614677","1886974479","0.610119"
"1886974479","2101923845","0.110119"
"2101923845","1886974479","0.110119"
"1886974479","2118898105","0.735119"
"2118898105","1886974479","0.735119"
"1886974479","2127831620","0.157738"
"2127831620","1886974479","0.157738"
"1886974479","2139153904","0.610119"
"2139153904","1886974479","0.610119"
"1886974479","2148906386","0.157738"
"2148906386","1886974479","0.157738"
"1886974479","2166975838","0.157738"
"2166975838","1886974479","0.157738"
"2051994163","2074614677","0.110119"
"2074614677","2051994163","0.110119"
"2051994163","2101923845","0.110119"
"2101923845","2051994163","0.110119"
"2051994163","2118898105","0.526786"
"2118898105","2051994163","0.526786"
"2051994163","2127831620","0.110119"
"2127831620","2051994163","0.110119"
"2051994163","2139153904","0.110119"
"2139153904","2051994163","0.110119"
"2051994163","2148906386","3.97679"
"2148906386","2051994163","3.97679"
"2051994163","2166975838","0.610119"
"2166975838","2051994163","0.610119"
"2074614677","2101923845","0.110119"
"2101923845","2074614677","0.110119"
"2074614677","2118898105","0.210119"
"2118898105","2074614677","0.210119"
"2074614677","2127831620","0.110119"
"2127831620","2074614677","0.110119"
"2074614677","2139153904","0.710119"
"2139153904","2074614677","0.710119"
"2074614677","2148906386","0.110119"
"2148906386","2074614677","0.110119"
"2074614677","2166975838","0.110119"
"2166975838","2074614677","0.110119"
"2101923845","2118898105","0.110119"
"2118898105","2101923845","0.110119"
"2101923845","2127831620","0.110119"
"2127831620","2101923845","0.110119"
"2101923845","2139153904","0.110119"
"2139153904","2101923845","0.110119"
"2101923845","2166975838","0.110119"
"2166975838","2101923845","0.110119"
"2118898105","2127831620","0.110119"
"2127831620","2118898105","0.110119"
"2118898105","2139153904","0.248581"
"2139153904","2118898105","0.248581"
"2127831620","2139153904","0.110119"
"2139153904","2127831620","0.110119"
"2127831620","2148906386","0.157738"
"2148906386","2127831620","0.157738"
"2127831620","2166975838","0.157738"
"2166975838","2127831620","0.157738"
"2139153904","2148906386","0.110119"
"2148906386","2139153904","0.110119"
"2139153904","2166975838","0.231914"
"2166975838","2139153904","0.231914"
"1484158612","1494555491","0.163462"
"1494555491","1484158612","0.163462"
"1494555491","1811337449","0.163462"
"1811337449","1494555491","0.163462"
"1494555491","2051994163","0.125"
"2051994163","1494555491","0.125"
"1494555491","2118898105","0.163462"
"2118898105","1494555491","0.163462"
"1494555491","2146750633","0.163462"
"2146750633","1494555491","0.163462"
"1494555491","2148906386","0.125"
"2148906386","1494555491","0.125"
"1494555491","2166975838","0.163462"
"2166975838","1494555491","0.163462"
"1494555491","2218921014","0.163462"
"2218921014","1494555491","0.163462"
"1811337449","2051994163","0.297619"
"2051994163","1811337449","0.297619"
"1811337449","2118898105","1.51941"
"2118898105","1811337449","1.51941"
"1811337449","2146750633","1.37179"
"2146750633","1811337449","1.37179"
"1811337449","2166975838","0.547619"
"2166975838","1811337449","0.547619"
"1811337449","2218921014","0.788462"
"2218921014","1811337449","0.788462"
"2051994163","2146750633","0.25"
"2146750633","2051994163","0.25"
"2051994163","2218921014","0.25"
"2218921014","2051994163","0.25"
"1484158612","2001547489","1.3956"
"2001547489","1484158612","1.3956"
"1488266988","2001547489","0.357143"
"2001547489","1488266988","0.357143"
"1488266988","2051994163","4.78929"
"2051994163","1488266988","4.78929"
"1541899491","2001547489","0.538462"
"2001547489","1541899491","0.538462"
"2001547489","2051994163","0.166667"
"2051994163","2001547489","0.166667"
"2001547489","2118898105","0.205128"
"2118898105","2001547489","0.205128"
"2001547489","2148906386","0.357143"
"2148906386","2001547489","0.357143"
"1484158612","1998410860","0.52381"
"1998410860","1484158612","0.52381"
"1488266988","1496748351","0.238095"
"1496748351","1488266988","0.238095"
"1488266988","1526098002","0.190476"
"1526098002","1488266988","0.190476"
"1488266988","1998410860","0.190476"
"1998410860","1488266988","0.190476"
"1496748351","1998410860","0.62381"
"1998410860","1496748351","0.62381"
"1496748351","2001547489","0.190476"
"2001547489","1496748351","0.190476"
"1526098002","1998410860","0.290476"
"1998410860","1526098002","0.290476"
"1526098002","2001547489","0.190476"
"2001547489","1526098002","0.190476"
"1541899491","1998410860","0.190476"
"1998410860","1541899491","0.190476"
"1998410860","2001547489","0.190476"
"2001547489","1998410860","0.190476"
"1998410860","2148906386","0.52381"
"2148906386","1998410860","0.52381"
"1484158612","1536341489","0.047619"
"1536341489","1484158612","0.047619"
"1484158612","1910254799","0.0860806"
"1910254799","1484158612","0.0860806"
"1484158612","2082386341","0.1337"
"2082386341","1484158612","0.1337"
"1484158612","2134671186","0.0952381"
"2134671186","1484158612","0.0952381"
"1484158612","2151555965","0.047619"
"2151555965","1484158612","0.047619"
"1488266988","1536341489","0.047619"
"1536341489","1488266988","0.047619"
"1488266988","1599890279","0.047619"
"1599890279","1488266988","0.047619"
"1488266988","1827183707","0.047619"
"1827183707","1488266988","0.047619"
"1488266988","1886974479","0.0952381"
"1886974479","1488266988","0.0952381"
"1488266988","1910254799","0.047619"
"1910254799","1488266988","0.047619"
"1488266988","2074614677","0.047619"
"2074614677","1488266988","0.047619"
"1488266988","2082386341","0.295238"
"2082386341","1488266988","0.295238"
"1488266988","2127831620","0.0952381"
"2127831620","1488266988","0.0952381"
"1488266988","2134671186","0.0952381"
"2134671186","1488266988","0.0952381"
"1488266988","2139153904","0.047619"
"2139153904","1488266988","0.047619"
"1488266988","2151555965","0.047619"
"2151555965","1488266988","0.047619"
"1496748351","1536341489","0.047619"
"1536341489","1496748351","0.047619"
"1496748351","16278051","7.46703"
"16278051","1496748351","7.46703"
"1496748351","1811337449","0.147619"
"1811337449","1496748351","0.147619"
"1496748351","1910254799","0.369414"
"1910254799","1496748351","0.369414"
"1496748351","2082386341","0.467033"
"2082386341","1496748351","0.467033"
"1496748351","2134671186","0.2337"
"2134671186","1496748351","0.2337"
"1496748351","2151555965","0.047619"
"2151555965","1496748351","0.047619"
"1536341489","1541899491","0.440476"
"1541899491","1536341489","0.440476"
"1536341489","1599890279","2.94048"
"1599890279","1536341489","2.94048"
"1536341489","16278051","0.440476"
"16278051","1536341489","0.440476"
"1536341489","1811337449","0.047619"
"1811337449","1536341489","0.047619"
"1536341489","1827183707","0.190476"
"1827183707","1536341489","0.190476"
"1536341489","1886974479","0.047619"
"1886974479","1536341489","0.047619"
"1536341489","1910254799","2.04762"
"1910254799","1536341489","2.04762"
"1536341489","2051994163","0.047619"
"2051994163","1536341489","0.047619"
"1536341489","2074614677","0.440476"
"2074614677","1536341489","0.440476"
"1536341489","2082386341","0.047619"
"2082386341","1536341489","0.047619"
"1536341489","2101923845","0.047619"
"2101923845","1536341489","0.047619"
"1536341489","2118898105","0.047619"
"2118898105","1536341489","0.047619"
"1536341489","2127831620","7.54762"
"2127831620","1536341489","7.54762"
"1536341489","2134671186","0.047619"
"2134671186","1536341489","0.047619"
"1536341489","2139153904","0.047619"
"2139153904","1536341489","0.047619"
"1536341489","2148906386","0.047619"
"2148906386","1536341489","0.047619"
"1536341489","2151555965","0.047619"
"2151555965","1536341489","0.047619"
"1536341489","2166975838","0.047619"
"2166975838","1536341489","0.047619"
"1541899491","1811337449","0.0860806"
"1811337449","1541899491","0.0860806"
"1541899491","1910254799","0.238921"
"1910254799","1541899491","0.238921"
"1541899491","2082386341","1.08883"
"2082386341","1541899491","1.08883"
"1541899491","2134671186","0.344811"
"2134671186","1541899491","0.344811"
"1541899491","2151555965","0.161998"
"2151555965","1541899491","0.161998"
"1599890279","16278051","0.478938"
"16278051","1599890279","0.478938"
"1599890279","1811337449","0.0860806"
"1811337449","1599890279","0.0860806"
"1599890279","1910254799","3.27384"
"1910254799","1599890279","3.27384"
"1599890279","2082386341","0.124542"
"2082386341","1599890279","0.124542"
"1599890279","2134671186","0.0860806"
"2134671186","1599890279","0.0860806"
"1599890279","2151555965","1.05009"
"2151555965","1599890279","1.05009"
"16278051","1811337449","0.047619"
"1811337449","16278051","0.047619"
"16278051","1827183707","1.19048"
"1827183707","16278051","1.19048"
"16278051","1886974479","0.0952381"
"1886974479","16278051","0.0952381"
"16278051","1910254799","0.240842"
"1910254799","16278051","0.240842"
"16278051","2051994163","0.047619"
"2051994163","16278051","0.047619"
"16278051","2074614677","0.440476"
"2074614677","16278051","0.440476"
"16278051","2082386341","1.05037"
"2082386341","16278051","1.05037"
"16278051","2101923845","2.04762"
"2101923845","16278051","2.04762"
"16278051","2127831620","0.0952381"
"2127831620","16278051","0.0952381"
"16278051","2134671186","0.1337"
"2134671186","16278051","0.1337"
"16278051","2139153904","0.419414"
"2139153904","16278051","0.419414"
"16278051","2151555965","0.047619"
"2151555965","16278051","0.047619"
"1811337449","1827183707","0.047619"
"1827183707","1811337449","0.047619"
"1811337449","1886974479","0.047619"
"1886974479","1811337449","0.047619"
"1811337449","1910254799","0.0860806"
"1910254799","1811337449","0.0860806"
"1811337449","2074614677","0.147619"
"2074614677","1811337449","0.147619"
"1811337449","2082386341","0.0860806"
"2082386341","1811337449","0.0860806"
"1811337449","2101923845","0.047619"
"2101923845","1811337449","0.047619"
"1811337449","2127831620","0.047619"
"2127831620","1811337449","0.047619"
"1811337449","2134671186","0.147619"
"2134671186","1811337449","0.147619"
"1811337449","2139153904","0.936081"
"2139153904","1811337449","0.936081"
"1811337449","2151555965","0.047619"
"2151555965","1811337449","0.047619"
"1827183707","1910254799","0.047619"
"1910254799","1827183707","0.047619"
"1827183707","2082386341","0.047619"
"2082386341","1827183707","0.047619"
"1827183707","2134671186","0.047619"
"2134671186","1827183707","0.047619"
"1827183707","2151555965","0.047619"
"2151555965","1827183707","0.047619"
"1886974479","1910254799","0.047619"
"1910254799","1886974479","0.047619"
"1886974479","2082386341","0.0952381"
"2082386341","1886974479","0.0952381"
"1886974479","2134671186","0.406349"
"2134671186","1886974479","0.406349"
"1886974479","2151555965","0.047619"
"2151555965","1886974479","0.047619"
"1910254799","2051994163","0.047619"
"2051994163","1910254799","0.047619"
"1910254799","2074614677","0.190476"
"2074614677","1910254799","0.190476"
"1910254799","2082386341","0.207875"
"2082386341","1910254799","0.207875"
"1910254799","2101923845","0.047619"
"2101923845","1910254799","0.047619"
"1910254799","2118898105","0.0860806"
"2118898105","1910254799","0.0860806"
"1910254799","2127831620","0.047619"
"2127831620","1910254799","0.047619"
"1910254799","2134671186","0.286081"
"2134671186","1910254799","0.286081"
"1910254799","2139153904","2.12259"
"2139153904","1910254799","2.12259"
"1910254799","2148906386","0.047619"
"2148906386","1910254799","0.047619"
"1910254799","2151555965","6.35009"
"2151555965","1910254799","6.35009"
"1910254799","2166975838","0.169414"
"2166975838","1910254799","0.169414"
"2051994163","2082386341","0.247619"
"2082386341","2051994163","0.247619"
"2051994163","2134671186","0.047619"
"2134671186","2051994163","0.047619"
"2051994163","2151555965","0.047619"
"2151555965","2051994163","0.047619"
"2074614677","2082386341","0.247619"
"2082386341","2074614677","0.247619"
"2074614677","2134671186","0.147619"
"2134671186","2074614677","0.147619"
"2074614677","2151555965","0.047619"
"2151555965","2074614677","0.047619"
"2082386341","2101923845","0.047619"
"2101923845","2082386341","0.047619"
"2082386341","2118898105","0.286081"
"2118898105","2082386341","0.286081"
"2082386341","2127831620","0.0952381"
"2127831620","2082386341","0.0952381"
"2082386341","2134671186","0.6337"
"2134671186","2082386341","0.6337"
"2082386341","2139153904","0.457875"
"2139153904","2082386341","0.457875"
"2082386341","2148906386","0.295238"
"2148906386","2082386341","0.295238"
"2082386341","2151555965","0.047619"
"2151555965","2082386341","0.047619"
"2082386341","2166975838","0.800366"
"2166975838","2082386341","0.800366"
"2101923845","2134671186","0.047619"
"2134671186","2101923845","0.047619"
"2101923845","2151555965","0.047619"
"2151555965","2101923845","0.047619"
"2118898105","2134671186","0.480952"
"2134671186","2118898105","0.480952"
"2118898105","2151555965","0.047619"
"2151555965","2118898105","0.047619"
"2127831620","2134671186","0.0952381"
"2134671186","2127831620","0.0952381"
"2127831620","2151555965","0.047619"
"2151555965","2127831620","0.047619"
"2134671186","2139153904","0.286081"
"2139153904","2134671186","0.286081"
"2134671186","2148906386","0.0952381"
"2148906386","2134671186","0.0952381"
"2134671186","2151555965","0.047619"
"2151555965","2134671186","0.047619"
"2134671186","2166975838","0.3337"
"2166975838","2134671186","0.3337"
"2139153904","2151555965","0.552381"
"2151555965","2139153904","0.552381"
"2148906386","2151555965","0.047619"
"2151555965","2148906386","0.047619"
"2151555965","2166975838","0.047619"
"2166975838","2151555965","0.047619"
"1484158612","1567188009","1.04762"
"1567188009","1484158612","1.04762"
"1484158612","1962917261","0.238462"
"1962917261","1484158612","0.238462"
"1484158612","2097174997","0.238462"
"2097174997","1484158612","0.238462"
"1484158612","2101699859","0.2"
"2101699859","1484158612","0.2"
"1484158612","2550068562","0.238462"
"2550068562","1484158612","0.238462"
"1962917261","2051994163","0.2"
"2051994163","1962917261","0.2"
"1962917261","2097174997","10.1729"
"2097174997","1962917261","10.1729"
"1962917261","2101699859","5.44828"
"2101699859","1962917261","5.44828"
"2051994163","2097174997","0.2"
"2097174997","2051994163","0.2"
"2051994163","2101699859","0.2"
"2101699859","2051994163","0.2"
"2051994163","2550068562","0.2"
"2550068562","2051994163","0.2"
"2097174997","2101699859","3.50384"
"2101699859","2097174997","3.50384"
"2097174997","2550068562","10.0617"
"2550068562","2097174997","10.0617"
"2101699859","2550068562","4.33717"
"2550068562","2101699859","4.33717"
"1484158612","1487878019","0.0384615"
"1487878019","1484158612","0.0384615"
"1484158612","1510388855","0.0384615"
"1510388855","1484158612","0.0384615"
"1484158612","1655440301","0.0384615"
"1655440301","1484158612","0.0384615"
"1484158612","1762641880","0.0384615"
"1762641880","1484158612","0.0384615"
"1484158612","1876033015","0.0384615"
"1876033015","1484158612","0.0384615"
"1484158612","1974319290","0.0384615"
"1974319290","1484158612","0.0384615"
"1484158612","2050925544","0.0384615"
"2050925544","1484158612","0.0384615"
"1484158612","2122213203","0.0384615"
"2122213203","1484158612","0.0384615"
"1484158612","2157959319","0.0384615"
"2157959319","1484158612","0.0384615"
"1484158612","2163507572","0.0384615"
"2163507572","1484158612","0.0384615"
"1484158612","3023429440","0.0384615"
"3023429440","1484158612","0.0384615"
"1487878019","1494555491","0.224269"
"1494555491","1487878019","0.224269"
"1487878019","1510388855","0.0384615"
"1510388855","1487878019","0.0384615"
"1487878019","1541899491","0.152841"
"1541899491","1487878019","0.152841"
"1487878019","1599890279","0.97665"
"1599890279","1487878019","0.97665"
"1487878019","1655440301","0.783793"
"1655440301","1487878019","0.783793"
"1487878019","1762641880","0.0384615"
"1762641880","1487878019","0.0384615"
"1487878019","1811337449","0.0384615"
"1811337449","1487878019","0.0384615"
"1487878019","1876033015","0.0384615"
"1876033015","1487878019","0.0384615"
"1487878019","1910254799","2.27189"
"1910254799","1487878019","2.27189"
"1487878019","1962917261","0.10989"
"1962917261","1487878019","0.10989"
"1487878019","1974319290","4.41475"
"1974319290","1487878019","4.41475"
"1487878019","2001547489","0.0384615"
"2001547489","1487878019","0.0384615"
"1487878019","2050925544","0.252841"
"2050925544","1487878019","0.252841"
"1487878019","2082386341","0.0384615"
"2082386341","1487878019","0.0384615"
"1487878019","2097174997","0.10989"
"2097174997","1487878019","0.10989"
"1487878019","2099057867","0.0384615"
"2099057867","1487878019","0.0384615"
"1487878019","2118898105","0.0384615"
"2118898105","1487878019","0.0384615"
"1487878019","2122213203","0.0384615"
"2122213203","1487878019","0.0384615"
"1487878019","2139153904","0.912271"
"2139153904","1487878019","0.912271"
"1487878019","2146750633","0.0384615"
"2146750633","1487878019","0.0384615"
"1487878019","2157959319","0.0384615"
"2157959319","1487878019","0.0384615"
"1487878019","2163507572","0.224269"
"2163507572","1487878019","0.224269"
"1487878019","2218921014","0.0384615"
"2218921014","1487878019","0.0384615"
"1487878019","2550068562","0.10989"
"2550068562","1487878019","0.10989"
"1487878019","3023429440","0.0384615"
"3023429440","1487878019","0.0384615"
"1494555491","1510388855","0.0384615"
"1510388855","1494555491","0.0384615"
"1494555491","1541899491","0.191302"
"1541899491","1494555491","0.191302"
"1494555491","1599890279","0.387731"
"1599890279","1494555491","0.387731"
"1494555491","1655440301","0.224269"
"1655440301","1494555491","0.224269"
"1494555491","1762641880","0.0384615"
"1762641880","1494555491","0.0384615"
"1494555491","1876033015","0.0384615"
"1876033015","1494555491","0.0384615"
"1494555491","1910254799","2.13773"
"1910254799","1494555491","2.13773"
"1494555491","1962917261","0.0769231"
"1962917261","1494555491","0.0769231"
"1494555491","1974319290","1.38773"
"1974319290","1494555491","1.38773"
"1494555491","2001547489","0.0384615"
"2001547489","1494555491","0.0384615"
"1494555491","2050925544","0.402841"
"2050925544","1494555491","0.402841"
"1494555491","2082386341","0.0769231"
"2082386341","1494555491","0.0769231"
"1494555491","2097174997","0.0769231"
"2097174997","1494555491","0.0769231"
"1494555491","2099057867","0.0384615"
"2099057867","1494555491","0.0384615"
"1494555491","2122213203","0.0384615"
"2122213203","1494555491","0.0384615"
"1494555491","2139153904","0.148352"
"2139153904","1494555491","0.148352"
"1494555491","2157959319","0.0384615"
"2157959319","1494555491","0.0384615"
"1494555491","2163507572","0.191302"
"2163507572","1494555491","0.191302"
"1494555491","2550068562","0.0769231"
"2550068562","1494555491","0.0769231"
"1494555491","3023429440","0.0384615"
"3023429440","1494555491","0.0384615"
"1510388855","1541899491","1.03846"
"1541899491","1510388855","1.03846"
"1510388855","1599890279","0.0384615"
"1599890279","1510388855","0.0384615"
"1510388855","1655440301","0.0384615"
"1655440301","1510388855","0.0384615"
"1510388855","1762641880","0.0384615"
"1762641880","1510388855","0.0384615"
"1510388855","1811337449","0.0384615"
"1811337449","1510388855","0.0384615"
"1510388855","1876033015","0.0384615"
"1876033015","1510388855","0.0384615"
"1510388855","1910254799","0.288462"
"1910254799","1510388855","0.288462"
"1510388855","1962917261","0.0384615"
"1962917261","1510388855","0.0384615"
"1510388855","1974319290","0.0384615"
"1974319290","1510388855","0.0384615"
"1510388855","2001547489","0.0384615"
"2001547489","1510388855","0.0384615"
"1510388855","2050925544","0.0384615"
"2050925544","1510388855","0.0384615"
"1510388855","2082386341","0.0384615"
"2082386341","1510388855","0.0384615"
"1510388855","2097174997","0.0384615"
"2097174997","1510388855","0.0384615"
"1510388855","2099057867","0.0384615"
"2099057867","1510388855","0.0384615"
"1510388855","2118898105","0.0384615"
"2118898105","1510388855","0.0384615"
"1510388855","2122213203","1.78846"
"2122213203","1510388855","1.78846"
"1510388855","2139153904","0.0384615"
"2139153904","1510388855","0.0384615"
"1510388855","2146750633","0.0384615"
"2146750633","1510388855","0.0384615"
"1510388855","2157959319","1.78846"
"2157959319","1510388855","1.78846"
"1510388855","2163507572","0.0384615"
"2163507572","1510388855","0.0384615"
"1510388855","2218921014","0.0384615"
"2218921014","1510388855","0.0384615"
