"1484299169","1513753724","3.975"
"1513753724","1484299169","3.975"
"1484299169","1570043269","0.783333"
"1570043269","1484299169","0.783333"
"1484299169","1897580059","1.325"
"1897580059","1484299169","1.325"
"1513753724","1570043269","0.894444"
"1570043269","1513753724","0.894444"
"1513753724","1897580059","1.08611"
"1897580059","1513753724","1.08611"
"1570043269","1897580059","0.894444"
"1897580059","1570043269","0.894444"
"1484299169","1602958296","0.1"
"1602958296","1484299169","0.1"
"1484299169","1862312605","0.741667"
"1862312605","1484299169","0.741667"
"1484299169","1904338648","0.541667"
"1904338648","1484299169","0.541667"
"1484299169","1964615470","0.1"
"1964615470","1484299169","0.1"
"1484299169","1987339920","0.166667"
"1987339920","1484299169","0.166667"
"1484299169","2067580212","0.1"
"2067580212","1484299169","0.1"
"1484299169","2118036973","0.1"
"2118036973","1484299169","0.1"
"1484299169","2145999544","0.291667"
"2145999544","1484299169","0.291667"
"1484299169","2294979342","0.166667"
"2294979342","1484299169","0.166667"
"1602958296","1862312605","0.1"
"1862312605","1602958296","0.1"
"1602958296","1897580059","0.1"
"1897580059","1602958296","0.1"
"1602958296","1904338648","0.1"
"1904338648","1602958296","0.1"
"1602958296","1964615470","4.30327"
"1964615470","1602958296","4.30327"
"1602958296","1987339920","0.969935"
"1987339920","1602958296","0.969935"
"1602958296","2067580212","0.636601"
"2067580212","1602958296","0.636601"
"1602958296","2118036973","0.636601"
"2118036973","1602958296","0.636601"
"1602958296","2145999544","0.1"
"2145999544","1602958296","0.1"
"1602958296","2294979342","0.1"
"2294979342","1602958296","0.1"
"1862312605","1897580059","17.2456"
"1897580059","1862312605","17.2456"
"1862312605","1904338648","0.291667"
"1904338648","1862312605","0.291667"
"1862312605","1964615470","0.1"
"1964615470","1862312605","0.1"
"1862312605","1987339920","1.66667"
"1987339920","1862312605","1.66667"
"1862312605","2067580212","0.242857"
"2067580212","1862312605","0.242857"
"1862312605","2118036973","0.242857"
"2118036973","1862312605","0.242857"
"1862312605","2145999544","1.68452"
"2145999544","1862312605","1.68452"
"1862312605","2294979342","0.666667"
"2294979342","1862312605","0.666667"
"1897580059","1904338648","0.541667"
"1904338648","1897580059","0.541667"
"1897580059","1964615470","0.1"
"1964615470","1897580059","0.1"
"1897580059","1987339920","0.166667"
"1987339920","1897580059","0.166667"
"1897580059","2067580212","0.242857"
"2067580212","1897580059","0.242857"
"1897580059","2118036973","0.242857"
"2118036973","1897580059","0.242857"
"1897580059","2145999544","1.68452"
"2145999544","1897580059","1.68452"
"1897580059","2294979342","0.416667"
"2294979342","1897580059","0.416667"
"1904338648","1964615470","0.1"
"1964615470","1904338648","0.1"
"1904338648","1987339920","0.166667"
"1987339920","1904338648","0.166667"
"1904338648","2067580212","0.1"
"2067580212","1904338648","0.1"
"1904338648","2118036973","0.1"
"2118036973","1904338648","0.1"
"1904338648","2145999544","0.291667"
"2145999544","1904338648","0.291667"
"1904338648","2294979342","0.166667"
"2294979342","1904338648","0.166667"
"1964615470","1987339920","1.30327"
"1987339920","1964615470","1.30327"
"1964615470","2067580212","0.969935"
"2067580212","1964615470","0.969935"
"1964615470","2118036973","0.636601"
"2118036973","1964615470","0.636601"
"1964615470","2145999544","0.1"
"2145999544","1964615470","0.1"
"1964615470","2294979342","0.1"
"2294979342","1964615470","0.1"
"1987339920","2067580212","0.969935"
"2067580212","1987339920","0.969935"
"1987339920","2118036973","0.636601"
"2118036973","1987339920","0.636601"
"1987339920","2145999544","0.166667"
"2145999544","1987339920","0.166667"
"1987339920","2294979342","0.166667"
"2294979342","1987339920","0.166667"
"2067580212","2118036973","11.0295"
"2118036973","2067580212","11.0295"
"2067580212","2145999544","0.242857"
"2145999544","2067580212","0.242857"
"2067580212","2294979342","0.1"
"2294979342","2067580212","0.1"
"2118036973","2145999544","0.242857"
"2145999544","2118036973","0.242857"
"2118036973","2294979342","0.1"
"2294979342","2118036973","0.1"
"2145999544","2294979342","0.416667"
"2294979342","2145999544","0.416667"
"1484299169","1594513926","0.266667"
"1594513926","1484299169","0.266667"
"1513753724","1594513926","0.711111"
"1594513926","1513753724","0.711111"
"1513753724","1862312605","0.752778"
"1862312605","1513753724","0.752778"
"1570043269","1594513926","0.311111"
"1594513926","1570043269","0.311111"
"1570043269","1862312605","5.56111"
"1862312605","1570043269","5.56111"
"1594513926","1862312605","1.52063"
"1862312605","1594513926","1.52063"
"1594513926","1897580059","0.520635"
"1897580059","1594513926","0.520635"
"1484299169","1557834454","0.191667"
"1557834454","1484299169","0.191667"
"1484299169","2097913369","0.191667"
"2097913369","1484299169","0.191667"
"1484299169","2169011679","0.191667"
"2169011679","1484299169","0.191667"
"1513753724","1557834454","0.391667"
"1557834454","1513753724","0.391667"
"1513753724","1904338648","0.191667"
"1904338648","1513753724","0.191667"
"1513753724","2097913369","0.191667"
"2097913369","1513753724","0.191667"
"1513753724","2145999544","0.191667"
"2145999544","1513753724","0.191667"
"1513753724","2169011679","0.191667"
"2169011679","1513753724","0.191667"
"1557834454","1862312605","0.691667"
"1862312605","1557834454","0.691667"
"1557834454","1897580059","0.191667"
"1897580059","1557834454","0.191667"
"1557834454","1904338648","0.191667"
"1904338648","1557834454","0.191667"
"1557834454","2097913369","0.417157"
"2097913369","1557834454","0.417157"
"1557834454","2145999544","0.191667"
"2145999544","1557834454","0.191667"
"1557834454","2169011679","0.191667"
"2169011679","1557834454","0.191667"
"1862312605","2097913369","0.334524"
"2097913369","1862312605","0.334524"
"1862312605","2169011679","0.191667"
"2169011679","1862312605","0.191667"
"1897580059","2097913369","0.334524"
"2097913369","1897580059","0.334524"
"1897580059","2169011679","0.191667"
"2169011679","1897580059","0.191667"
"1904338648","2097913369","0.191667"
"2097913369","1904338648","0.191667"
"1904338648","2169011679","0.191667"
"2169011679","1904338648","0.191667"
"2097913369","2145999544","0.334524"
"2145999544","2097913369","0.334524"
"2097913369","2169011679","0.191667"
"2169011679","2097913369","0.191667"
"2145999544","2169011679","0.191667"
"2169011679","2145999544","0.191667"
"1484299169","1888344413","0.25"
"1888344413","1484299169","0.25"
"1484299169","2257003395","0.25"
"2257003395","1484299169","0.25"
"1888344413","1897580059","0.25"
"1897580059","1888344413","0.25"
"1888344413","1904338648","0.25"
"1904338648","1888344413","0.25"
"1888344413","2257003395","8.50952"
"2257003395","1888344413","8.50952"
"1897580059","2257003395","0.25"
"2257003395","1897580059","0.25"
"1904338648","2257003395","0.25"
"2257003395","1904338648","0.25"
"1484299169","1733054395","0.0666667"
"1733054395","1484299169","0.0666667"
"1484299169","1785673704","0.0666667"
"1785673704","1484299169","0.0666667"
"1484299169","2911663730","0.0666667"
"2911663730","1484299169","0.0666667"
"1484299169","2914971001","0.0666667"
"2914971001","1484299169","0.0666667"
"1513753724","1733054395","0.0666667"
"1733054395","1513753724","0.0666667"
"1513753724","1785673704","0.0666667"
"1785673704","1513753724","0.0666667"
"1513753724","1987339920","0.0666667"
"1987339920","1513753724","0.0666667"
"1513753724","2294979342","0.0666667"
"2294979342","1513753724","0.0666667"
"1513753724","2911663730","0.0666667"
"2911663730","1513753724","0.0666667"
"1513753724","2914971001","0.0666667"
"2914971001","1513753724","0.0666667"
"1557834454","1594513926","0.0666667"
"1594513926","1557834454","0.0666667"
"1557834454","1733054395","4.31829"
"1733054395","1557834454","4.31829"
"1557834454","1785673704","0.0666667"
"1785673704","1557834454","0.0666667"
"1557834454","1987339920","0.82549"
"1987339920","1557834454","0.82549"
"1557834454","2294979342","0.0666667"
"2294979342","1557834454","0.0666667"
"1557834454","2911663730","0.792157"
"2911663730","1557834454","0.792157"
"1557834454","2914971001","0.417157"
"2914971001","1557834454","0.417157"
"1594513926","1733054395","0.209524"
"1733054395","1594513926","0.209524"
"1594513926","1785673704","0.0666667"
"1785673704","1594513926","0.0666667"
"1594513926","1904338648","0.0666667"
"1904338648","1594513926","0.0666667"
"1594513926","1987339920","0.0666667"
"1987339920","1594513926","0.0666667"
"1594513926","2097913369","0.209524"
"2097913369","1594513926","0.209524"
"1594513926","2145999544","0.209524"
"2145999544","1594513926","0.209524"
"1594513926","2169011679","0.0666667"
"2169011679","1594513926","0.0666667"
"1594513926","2294979342","0.0666667"
"2294979342","1594513926","0.0666667"
"1594513926","2911663730","0.0666667"
"2911663730","1594513926","0.0666667"
"1594513926","2914971001","0.0666667"
"2914971001","1594513926","0.0666667"
"1733054395","1785673704","0.0666667"
"1785673704","1733054395","0.0666667"
"1733054395","1862312605","0.209524"
"1862312605","1733054395","0.209524"
"1733054395","1897580059","0.209524"
"1897580059","1733054395","0.209524"
"1733054395","1904338648","0.0666667"
"1904338648","1733054395","0.0666667"
"1733054395","1987339920","0.344444"
"1987339920","1733054395","0.344444"
"1733054395","2097913369","0.320635"
"2097913369","1733054395","0.320635"
"1733054395","2145999544","0.209524"
"2145999544","1733054395","0.209524"
"1733054395","2169011679","0.0666667"
"2169011679","1733054395","0.0666667"
"1733054395","2294979342","0.0666667"
"2294979342","1733054395","0.0666667"
"1733054395","2911663730","0.775"
"2911663730","1733054395","0.775"
"1733054395","2914971001","0.525"
"2914971001","1733054395","0.525"
"1785673704","1862312605","1.06667"
"1862312605","1785673704","1.06667"
"1785673704","1897580059","0.0666667"
"1897580059","1785673704","0.0666667"
"1785673704","1904338648","0.0666667"
"1904338648","1785673704","0.0666667"
"1785673704","1987339920","0.0666667"
"1987339920","1785673704","0.0666667"
"1785673704","2097913369","0.0666667"
"2097913369","1785673704","0.0666667"
"1785673704","2145999544","0.0666667"
"2145999544","1785673704","0.0666667"
"1785673704","2169011679","0.0666667"
"2169011679","1785673704","0.0666667"
"1785673704","2294979342","0.0666667"
"2294979342","1785673704","0.0666667"
"1785673704","2911663730","0.0666667"
"2911663730","1785673704","0.0666667"
"1785673704","2914971001","0.0666667"
"2914971001","1785673704","0.0666667"
"1862312605","2911663730","0.0666667"
"2911663730","1862312605","0.0666667"
"1862312605","2914971001","0.0666667"
"2914971001","1862312605","0.0666667"
"1897580059","2911663730","0.0666667"
"2911663730","1897580059","0.0666667"
"1897580059","2914971001","0.0666667"
"2914971001","1897580059","0.0666667"
"1904338648","2911663730","0.0666667"
"2911663730","1904338648","0.0666667"
"1904338648","2914971001","0.0666667"
"2914971001","1904338648","0.0666667"
"1987339920","2097913369","0.903268"
"2097913369","1987339920","0.903268"
"1987339920","2169011679","0.0666667"
"2169011679","1987339920","0.0666667"
"1987339920","2911663730","0.12549"
"2911663730","1987339920","0.12549"
"1987339920","2914971001","0.12549"
"2914971001","1987339920","0.12549"
"2097913369","2294979342","0.0666667"
"2294979342","2097913369","0.0666667"
"2097913369","2911663730","0.292157"
"2911663730","2097913369","0.292157"
"2097913369","2914971001","0.292157"
"2914971001","2097913369","0.292157"
"2145999544","2911663730","0.0666667"
"2911663730","2145999544","0.0666667"
"2145999544","2914971001","0.0666667"
"2914971001","2145999544","0.0666667"
"2169011679","2294979342","0.0666667"
"2294979342","2169011679","0.0666667"
"2169011679","2911663730","0.0666667"
"2911663730","2169011679","0.0666667"
"2169011679","2914971001","0.0666667"
"2914971001","2169011679","0.0666667"
"2294979342","2911663730","0.0666667"
"2911663730","2294979342","0.0666667"
"2294979342","2914971001","0.0666667"
"2914971001","2294979342","0.0666667"
"2911663730","2914971001","19.3505"
"2914971001","2911663730","19.3505"
"1513753724","1888344413","0.7"
"1888344413","1513753724","0.7"
"1513753724","1966219798","0.444444"
"1966219798","1513753724","0.444444"
"1594513926","1888344413","0.333333"
"1888344413","1594513926","0.333333"
"1594513926","1966219798","0.444444"
"1966219798","1594513926","0.444444"
"1888344413","1966219798","0.47619"
"1966219798","1888344413","0.47619"
"1513753724","1914747772","0.75"
"1914747772","1513753724","0.75"
"1513753724","1998350371","0.75"
"1998350371","1513753724","0.75"
"1914747772","1998350371","3.75"
"1998350371","1914747772","3.75"
"1513753724","2107863397","0.25"
"2107863397","1513753724","0.25"
"1513753724","2394489512","0.25"
"2394489512","1513753724","0.25"
"1914747772","2107863397","1.75"
"2107863397","1914747772","1.75"
"1914747772","2394489512","2.25"
"2394489512","1914747772","2.25"
"1998350371","2107863397","2.89286"
"2107863397","1998350371","2.89286"
"1998350371","2394489512","2.39286"
"2394489512","1998350371","2.39286"
"2107863397","2394489512","0.392857"
"2394489512","2107863397","0.392857"
"1513753724","2592732879","1"
"2592732879","1513753724","1"
"1513753724","1590050693","0.111111"
"1590050693","1513753724","0.111111"
"1513753724","2109219878","0.311111"
"2109219878","1513753724","0.311111"
"1513753724","2159059513","0.311111"
"2159059513","1513753724","0.311111"
"1513753724","332253968","0.311111"
"332253968","1513753724","0.311111"
"1570043269","1590050693","0.111111"
"1590050693","1570043269","0.111111"
"1570043269","1966219798","0.20202"
"1966219798","1570043269","0.20202"
"1570043269","2109219878","0.111111"
"2109219878","1570043269","0.111111"
"1570043269","2159059513","0.111111"
"2159059513","1570043269","0.111111"
"1570043269","332253968","0.111111"
"332253968","1570043269","0.111111"
"1590050693","1594513926","0.611111"
"1594513926","1590050693","0.611111"
"1590050693","1862312605","0.111111"
"1862312605","1590050693","0.111111"
"1590050693","1897580059","0.111111"
"1897580059","1590050693","0.111111"
"1590050693","1966219798","0.111111"
"1966219798","1590050693","0.111111"
"1590050693","2109219878","4.52778"
"2109219878","1590050693","4.52778"
"1590050693","2159059513","6.22778"
"2159059513","1590050693","6.22778"
"1590050693","332253968","3.19444"
"332253968","1590050693","3.19444"
"1594513926","2109219878","0.111111"
"2109219878","1594513926","0.111111"
"1594513926","2159059513","0.611111"
"2159059513","1594513926","0.611111"
"1594513926","332253968","0.111111"
"332253968","1594513926","0.111111"
"1862312605","1966219798","0.111111"
"1966219798","1862312605","0.111111"
"1862312605","2109219878","0.111111"
"2109219878","1862312605","0.111111"
"1862312605","2159059513","0.111111"
"2159059513","1862312605","0.111111"
"1862312605","332253968","0.111111"
"332253968","1862312605","0.111111"
"1897580059","1966219798","0.111111"
"1966219798","1897580059","0.111111"
"1897580059","2109219878","0.111111"
"2109219878","1897580059","0.111111"
"1897580059","2159059513","0.111111"
"2159059513","1897580059","0.111111"
"1897580059","332253968","0.111111"
"332253968","1897580059","0.111111"
"1966219798","2109219878","0.111111"
"2109219878","1966219798","0.111111"
"1966219798","2159059513","0.111111"
"2159059513","1966219798","0.111111"
"1966219798","332253968","0.111111"
"332253968","1966219798","0.111111"
"2109219878","2159059513","27.8111"
"2159059513","2109219878","27.8111"
"2109219878","332253968","22.4778"
"332253968","2109219878","22.4778"
"2159059513","332253968","22.4778"
"332253968","2159059513","22.4778"
"1513753724","1589057282","1.2"
"1589057282","1513753724","1.2"
"1513753724","2105237010","0.366667"
"2105237010","1513753724","0.366667"
"1513753724","2160085514","0.2"
"2160085514","1513753724","0.2"
"1513753724","2671458242","0.366667"
"2671458242","1513753724","0.366667"
"1557834454","1589057282","4.40211"
"1589057282","1557834454","4.40211"
"1557834454","2105237010","2.4283"
"2105237010","1557834454","2.4283"
"1557834454","2160085514","1.575"
"2160085514","1557834454","1.575"
"1557834454","2671458242","2.4283"
"2671458242","1557834454","2.4283"
"1589057282","2105237010","2.71878"
"2105237010","1589057282","2.71878"
"1589057282","2160085514","0.325"
"2160085514","1589057282","0.325"
"1589057282","2671458242","1.38545"
"2671458242","1589057282","1.38545"
"2105237010","2160085514","0.325"
"2160085514","2105237010","0.325"
"2105237010","2671458242","13.695"
"2671458242","2105237010","13.695"
"2160085514","2671458242","0.325"
"2671458242","2160085514","0.325"
"1513753724","2257003395","0.366667"
"2257003395","1513753724","0.366667"
"1888344413","2109219878","0.45"
"2109219878","1888344413","0.45"
"1888344413","2159059513","0.95"
"2159059513","1888344413","0.95"
"1888344413","332253968","0.45"
"332253968","1888344413","0.45"
"2109219878","2257003395","0.45"
"2257003395","2109219878","0.45"
"2159059513","2257003395","0.95"
"2257003395","2159059513","0.95"
"2257003395","332253968","0.45"
"332253968","2257003395","0.45"
"1513753724","1588115268","0.166667"
"1588115268","1513753724","0.166667"
"1513753724","2016927062","0.166667"
"2016927062","1513753724","0.166667"
"1588115268","1888344413","0.309524"
"1888344413","1588115268","0.309524"
"1588115268","2016927062","0.559524"
"2016927062","1588115268","0.559524"
"1588115268","2105237010","0.559524"
"2105237010","1588115268","0.559524"
"1588115268","2257003395","0.309524"
"2257003395","1588115268","0.309524"
"1588115268","2671458242","0.559524"
"2671458242","1588115268","0.559524"
"1888344413","2016927062","0.309524"
"2016927062","1888344413","0.309524"
"1888344413","2105237010","0.309524"
"2105237010","1888344413","0.309524"
"1888344413","2671458242","0.309524"
"2671458242","1888344413","0.309524"
"2016927062","2105237010","4.68426"
"2105237010","2016927062","4.68426"
"2016927062","2257003395","0.309524"
"2257003395","2016927062","0.309524"
"2016927062","2671458242","2.68426"
"2671458242","2016927062","2.68426"
"2105237010","2257003395","0.309524"
"2257003395","2105237010","0.309524"
"2257003395","2671458242","0.309524"
"2671458242","2257003395","0.309524"
"1518502681","1557834454","8.2421"
"1557834454","1518502681","8.2421"
"1518502681","1589057282","7.6421"
"1589057282","1518502681","7.6421"
"1518502681","2911663730","0.725"
"2911663730","1518502681","0.725"
"1518502681","2914971001","1.1"
"2914971001","1518502681","1.1"
"1518502681","2016927062","2.01591"
"2016927062","1518502681","2.01591"
"1589057282","2016927062","5.60807"
"2016927062","1589057282","5.60807"
"1518502681","1570043269","0.190909"
"1570043269","1518502681","0.190909"
"1518502681","1764326406","0.1"
"1764326406","1518502681","0.1"
"1518502681","1836924875","0.190909"
"1836924875","1518502681","0.190909"
"1518502681","2016142193","0.908766"
"2016142193","1518502681","0.908766"
"1518502681","2105237010","0.858766"
"2105237010","1518502681","0.858766"
"1518502681","2671458242","0.858766"
"2671458242","1518502681","0.858766"
"1570043269","1589057282","0.190909"
"1589057282","1570043269","0.190909"
"1570043269","1764326406","0.1"
"1764326406","1570043269","0.1"
"1570043269","1836924875","0.190909"
"1836924875","1570043269","0.190909"
"1570043269","2016142193","0.190909"
"2016142193","1570043269","0.190909"
"1570043269","2016927062","0.190909"
"2016927062","1570043269","0.190909"
"1570043269","2105237010","0.190909"
"2105237010","1570043269","0.190909"
"1570043269","2671458242","0.190909"
"2671458242","1570043269","0.190909"
"1570043269","2911663730","0.1"
"2911663730","1570043269","0.1"
"1570043269","2914971001","0.1"
"2914971001","1570043269","0.1"
"1589057282","1764326406","0.1"
"1764326406","1589057282","0.1"
"1589057282","1836924875","0.190909"
"1836924875","1589057282","0.190909"
"1589057282","2016142193","6.83426"
"2016142193","1589057282","6.83426"
"1589057282","2911663730","0.57549"
"2911663730","1589057282","0.57549"
"1589057282","2914971001","0.65049"
"2914971001","1589057282","0.65049"
"1764326406","1836924875","13.2667"
"1836924875","1764326406","13.2667"
"1764326406","2016142193","0.1"
"2016142193","1764326406","0.1"
"1764326406","2016927062","0.266667"
"2016927062","1764326406","0.266667"
"1764326406","2105237010","0.266667"
"2105237010","1764326406","0.266667"
"1764326406","2671458242","0.266667"
"2671458242","1764326406","0.266667"
"1764326406","2911663730","0.1"
"2911663730","1764326406","0.1"
"1764326406","2914971001","0.1"
"2914971001","1764326406","0.1"
"1836924875","2016142193","0.190909"
"2016142193","1836924875","0.190909"
"1836924875","2016927062","0.357576"
"2016927062","1836924875","0.357576"
"1836924875","2105237010","0.357576"
"2105237010","1836924875","0.357576"
"1836924875","2671458242","0.357576"
"2671458242","1836924875","0.357576"
"1836924875","2911663730","0.1"
"2911663730","1836924875","0.1"
"1836924875","2914971001","0.1"
"2914971001","1836924875","0.1"
"2016142193","2016927062","1.9414"
"2016927062","2016142193","1.9414"
"2016142193","2105237010","1.35092"
"2105237010","2016142193","1.35092"
"2016142193","2671458242","0.51759"
"2671458242","2016142193","0.51759"
"2016142193","2911663730","0.283824"
"2911663730","2016142193","0.283824"
"2016142193","2914971001","0.692157"
"2914971001","2016142193","0.692157"
"2016927062","2911663730","0.617157"
"2911663730","2016927062","0.617157"
"2016927062","2914971001","1.02549"
"2914971001","2016927062","1.02549"
"2105237010","2911663730","0.408824"
"2911663730","2105237010","0.408824"
"2105237010","2914971001","0.283824"
"2914971001","2105237010","0.283824"
"2671458242","2911663730","0.408824"
"2911663730","2671458242","0.408824"
"2671458242","2914971001","0.283824"
"2914971001","2671458242","0.283824"
"1518502681","2142133257","1.04091"
"2142133257","1518502681","1.04091"
"2142133257","2914971001","1.7"
"2914971001","2142133257","1.7"
"1518502681","1550584233","0.717857"
"1550584233","1518502681","0.717857"
"1550584233","1557834454","0.776681"
"1557834454","1550584233","0.776681"
"1550584233","1589057282","2.14335"
"1589057282","1550584233","2.14335"
"1550584233","2016142193","8.47668"
"2016142193","1550584233","8.47668"
"1550584233","2016927062","2.75049"
"2016927062","1550584233","2.75049"
"1557834454","2016142193","2.36759"
"2016142193","1557834454","2.36759"
"1557834454","2016927062","3.61759"
"2016927062","1557834454","3.61759"
"1518502681","1733054395","0.233766"
"1733054395","1518502681","0.233766"
"1518502681","1966219798","0.740909"
"1966219798","1518502681","0.740909"
"1557834454","1570043269","0.0909091"
"1570043269","1557834454","0.0909091"
"1557834454","1836924875","1.25758"
"1836924875","1557834454","1.25758"
"1557834454","1966219798","3.31759"
"1966219798","1557834454","3.31759"
"1557834454","2142133257","1.20758"
"2142133257","1557834454","1.20758"
"1570043269","1733054395","0.0909091"
"1733054395","1570043269","0.0909091"
"1570043269","2142133257","0.0909091"
"2142133257","1570043269","0.0909091"
"1589057282","1733054395","1.50162"
"1733054395","1589057282","1.50162"
"1589057282","1966219798","0.924733"
"1966219798","1589057282","0.924733"
"1589057282","2142133257","1.04091"
"2142133257","1589057282","1.04091"
"1733054395","1836924875","0.0909091"
"1836924875","1733054395","0.0909091"
"1733054395","1966219798","0.215909"
"1966219798","1733054395","0.215909"
"1733054395","2016142193","0.733766"
"2016142193","1733054395","0.733766"
"1733054395","2016927062","0.424242"
"2016927062","1733054395","0.424242"
"1733054395","2105237010","0.501623"
"2105237010","1733054395","0.501623"
"1733054395","2142133257","0.0909091"
"2142133257","1733054395","0.0909091"
"1733054395","2671458242","0.501623"
"2671458242","1733054395","0.501623"
"1836924875","1966219798","0.0909091"
"1966219798","1836924875","0.0909091"
"1836924875","2142133257","0.257576"
"2142133257","1836924875","0.257576"
"1966219798","2016142193","0.149733"
"2016142193","1966219798","0.149733"
"1966219798","2016927062","0.54259"
"2016927062","1966219798","0.54259"
"1966219798","2105237010","1.06759"
"2105237010","1966219798","1.06759"
"1966219798","2142133257","0.840909"
"2142133257","1966219798","0.840909"
"1966219798","2671458242","1.06759"
"2671458242","1966219798","1.06759"
"2016142193","2142133257","0.790909"
"2142133257","2016142193","0.790909"
"2016927062","2142133257","0.457576"
"2142133257","2016927062","0.457576"
"2105237010","2142133257","0.257576"
"2142133257","2105237010","0.257576"
"2142133257","2671458242","0.257576"
"2671458242","2142133257","0.257576"
"1518502681","2010939995","0.916667"
"2010939995","1518502681","0.916667"
"1518502681","2120600989","0.916667"
"2120600989","1518502681","0.916667"
"1557834454","2010939995","0.808824"
"2010939995","1557834454","0.808824"
"1557834454","2120600989","0.808824"
"2120600989","1557834454","0.808824"
"1589057282","2010939995","0.808824"
"2010939995","1589057282","0.808824"
"1589057282","2120600989","1.30882"
"2120600989","1589057282","1.30882"
"2010939995","2120600989","8.3366"
"2120600989","2010939995","8.3366"
"1518502681","1590050693","0.2"
"1590050693","1518502681","0.2"
"1518502681","2159059513","0.2"
"2159059513","1518502681","0.2"
"1518502681","59692733","0.2"
"59692733","1518502681","0.2"
"1557834454","1590050693","0.2"
"1590050693","1557834454","0.2"
"1557834454","2159059513","0.2"
"2159059513","1557834454","0.2"
"1557834454","59692733","0.7"
"59692733","1557834454","0.7"
"1590050693","2142133257","0.2"
"2142133257","1590050693","0.2"
"1590050693","59692733","2.28333"
"59692733","1590050693","2.28333"
"2142133257","2159059513","0.2"
"2159059513","2142133257","0.2"
"2142133257","59692733","0.2"
"59692733","2142133257","0.2"
"2159059513","59692733","1.61667"
"59692733","2159059513","1.61667"
"1550584233","2105237010","1.16001"
"2105237010","1550584233","1.16001"
"1550584233","2671458242","0.326681"
"2671458242","1550584233","0.326681"
"1550584233","2911663730","0.183824"
"2911663730","1550584233","0.183824"
"1550584233","1733054395","0.142857"
"1733054395","1550584233","0.142857"
"1550584233","2142133257","0.2"
"2142133257","1550584233","0.2"
"1550584233","2914971001","0.592157"
"2914971001","1550584233","0.592157"
"1550584233","1602958296","0.0588235"
"1602958296","1550584233","0.0588235"
"1550584233","1964615470","0.0588235"
"1964615470","1550584233","0.0588235"
"1550584233","1966219798","0.0588235"
"1966219798","1550584233","0.0588235"
"1550584233","1987339920","0.0588235"
"1987339920","1550584233","0.0588235"
"1550584233","2010939995","0.0588235"
"2010939995","1550584233","0.0588235"
"1550584233","2067580212","0.0588235"
"2067580212","1550584233","0.0588235"
"1550584233","2097913369","0.0588235"
"2097913369","1550584233","0.0588235"
"1550584233","2118036973","0.0588235"
"2118036973","1550584233","0.0588235"
"1550584233","2120600989","0.0588235"
"2120600989","1550584233","0.0588235"
"1557834454","1602958296","0.258824"
"1602958296","1557834454","0.258824"
"1557834454","1964615470","0.258824"
"1964615470","1557834454","0.258824"
"1557834454","2067580212","0.258824"
"2067580212","1557834454","0.258824"
"1557834454","2118036973","0.258824"
"2118036973","1557834454","0.258824"
"1589057282","1602958296","0.0588235"
"1602958296","1589057282","0.0588235"
"1589057282","1964615470","0.0588235"
"1964615470","1589057282","0.0588235"
"1589057282","1987339920","0.0588235"
"1987339920","1589057282","0.0588235"
"1589057282","2067580212","0.0588235"
"2067580212","1589057282","0.0588235"
"1589057282","2097913369","2.72549"
"2097913369","1589057282","2.72549"
"1589057282","2118036973","0.0588235"
"2118036973","1589057282","0.0588235"
"1602958296","1966219798","0.0588235"
"1966219798","1602958296","0.0588235"
"1602958296","2010939995","0.503268"
"2010939995","1602958296","0.503268"
"1602958296","2016142193","0.0588235"
"2016142193","1602958296","0.0588235"
"1602958296","2016927062","0.0588235"
"2016927062","1602958296","0.0588235"
"1602958296","2097913369","1.50327"
"2097913369","1602958296","1.50327"
"1602958296","2105237010","0.0588235"
"2105237010","1602958296","0.0588235"
"1602958296","2120600989","0.669935"
"2120600989","1602958296","0.669935"
"1602958296","2671458242","0.0588235"
"2671458242","1602958296","0.0588235"
"1602958296","2911663730","0.0588235"
"2911663730","1602958296","0.0588235"
"1602958296","2914971001","0.0588235"
"2914971001","1602958296","0.0588235"
"1964615470","1966219798","0.0588235"
"1966219798","1964615470","0.0588235"
"1964615470","2010939995","0.503268"
"2010939995","1964615470","0.503268"
"1964615470","2016142193","0.0588235"
"2016142193","1964615470","0.0588235"
"1964615470","2016927062","0.0588235"
"2016927062","1964615470","0.0588235"
"1964615470","2097913369","1.8366"
"2097913369","1964615470","1.8366"
"1964615470","2105237010","0.0588235"
"2105237010","1964615470","0.0588235"
"1964615470","2120600989","0.669935"
"2120600989","1964615470","0.669935"
"1964615470","2671458242","0.0588235"
"2671458242","1964615470","0.0588235"
"1964615470","2911663730","0.0588235"
"2911663730","1964615470","0.0588235"
"1964615470","2914971001","0.0588235"
"2914971001","1964615470","0.0588235"
"1966219798","1987339920","0.0588235"
"1987339920","1966219798","0.0588235"
"1966219798","2010939995","0.0588235"
"2010939995","1966219798","0.0588235"
"1966219798","2067580212","0.0588235"
"2067580212","1966219798","0.0588235"
"1966219798","2097913369","0.0588235"
"2097913369","1966219798","0.0588235"
"1966219798","2118036973","0.0588235"
"2118036973","1966219798","0.0588235"
"1966219798","2120600989","0.0588235"
"2120600989","1966219798","0.0588235"
"1966219798","2911663730","0.183824"
"2911663730","1966219798","0.183824"
"1966219798","2914971001","0.183824"
"2914971001","1966219798","0.183824"
"1987339920","2010939995","0.169935"
"2010939995","1987339920","0.169935"
"1987339920","2016142193","0.0588235"
"2016142193","1987339920","0.0588235"
"1987339920","2016927062","0.0588235"
"2016927062","1987339920","0.0588235"
"1987339920","2105237010","0.0588235"
"2105237010","1987339920","0.0588235"
"1987339920","2120600989","0.336601"
"2120600989","1987339920","0.336601"
"1987339920","2671458242","0.0588235"
"2671458242","1987339920","0.0588235"
"2010939995","2016142193","0.0588235"
"2016142193","2010939995","0.0588235"
"2010939995","2016927062","0.0588235"
"2016927062","2010939995","0.0588235"
"2010939995","2067580212","0.419935"
"2067580212","2010939995","0.419935"
"2010939995","2097913369","1.0866"
"2097913369","2010939995","1.0866"
"2010939995","2105237010","0.0588235"
"2105237010","2010939995","0.0588235"
"2010939995","2118036973","0.419935"
"2118036973","2010939995","0.419935"
"2010939995","2671458242","0.0588235"
"2671458242","2010939995","0.0588235"
"2010939995","2911663730","0.22549"
"2911663730","2010939995","0.22549"
"2010939995","2914971001","0.22549"
"2914971001","2010939995","0.22549"
"2016142193","2067580212","0.0588235"
"2067580212","2016142193","0.0588235"
"2016142193","2097913369","0.0588235"
"2097913369","2016142193","0.0588235"
"2016142193","2118036973","0.0588235"
"2118036973","2016142193","0.0588235"
"2016142193","2120600989","0.0588235"
"2120600989","2016142193","0.0588235"
"2016927062","2067580212","0.0588235"
"2067580212","2016927062","0.0588235"
"2016927062","2097913369","0.0588235"
"2097913369","2016927062","0.0588235"
"2016927062","2118036973","0.0588235"
"2118036973","2016927062","0.0588235"
"2016927062","2120600989","0.0588235"
"2120600989","2016927062","0.0588235"
"2067580212","2097913369","1.39613"
"2097913369","2067580212","1.39613"
"2067580212","2105237010","0.0588235"
"2105237010","2067580212","0.0588235"
"2067580212","2120600989","1.0866"
"2120600989","2067580212","1.0866"
"2067580212","2671458242","0.0588235"
"2671458242","2067580212","0.0588235"
"2067580212","2911663730","0.0588235"
"2911663730","2067580212","0.0588235"
"2067580212","2914971001","0.0588235"
"2914971001","2067580212","0.0588235"
"2097913369","2105237010","0.0588235"
"2105237010","2097913369","0.0588235"
"2097913369","2118036973","1.06279"
"2118036973","2097913369","1.06279"
"2097913369","2120600989","1.5866"
"2120600989","2097913369","1.5866"
"2097913369","2671458242","0.0588235"
"2671458242","2097913369","0.0588235"
"2105237010","2118036973","0.0588235"
"2118036973","2105237010","0.0588235"
"2105237010","2120600989","0.0588235"
"2120600989","2105237010","0.0588235"
"2118036973","2120600989","1.0866"
"2120600989","2118036973","1.0866"
"2118036973","2671458242","0.0588235"
"2671458242","2118036973","0.0588235"
"2118036973","2911663730","0.0588235"
"2911663730","2118036973","0.0588235"
"2118036973","2914971001","0.0588235"
"2914971001","2118036973","0.0588235"
"2120600989","2671458242","0.0588235"
"2671458242","2120600989","0.0588235"
"2120600989","2911663730","0.22549"
"2911663730","2120600989","0.22549"
"2120600989","2914971001","0.22549"
"2914971001","2120600989","0.22549"
"1557834454","2063986339","2.25"
"2063986339","1557834454","2.25"
"1966219798","59692733","0.5"
"59692733","1966219798","0.5"
"1733054395","2063986339","0.25"
"2063986339","1733054395","0.25"
"1733054395","2160085514","0.486111"
"2160085514","1733054395","0.486111"
"2063986339","2160085514","0.25"
"2160085514","2063986339","0.25"
"2063986339","2911663730","0.25"
"2911663730","2063986339","0.25"
"2160085514","2911663730","0.375"
"2911663730","2160085514","0.375"
"1557834454","1998350371","0.142857"
"1998350371","1557834454","0.142857"
"1557834454","2107863397","0.142857"
"2107863397","1557834454","0.142857"
"1557834454","2394489512","0.142857"
"2394489512","1557834454","0.142857"
"1589057282","1998350371","0.142857"
"1998350371","1589057282","0.142857"
"1589057282","2107863397","0.142857"
"2107863397","1589057282","0.142857"
"1589057282","2394489512","0.142857"
"2394489512","1589057282","0.142857"
"1733054395","1998350371","0.142857"
"1998350371","1733054395","0.142857"
"1733054395","2107863397","0.142857"
"2107863397","1733054395","0.142857"
"1733054395","2394489512","0.142857"
"2394489512","1733054395","0.142857"
"1998350371","2105237010","0.142857"
"2105237010","1998350371","0.142857"
"1998350371","2671458242","0.142857"
"2671458242","1998350371","0.142857"
"2105237010","2107863397","0.142857"
"2107863397","2105237010","0.142857"
"2105237010","2394489512","0.142857"
"2394489512","2105237010","0.142857"
"2107863397","2671458242","0.142857"
"2671458242","2107863397","0.142857"
"2394489512","2671458242","0.142857"
"2671458242","2394489512","0.142857"
"1557834454","1588115268","0.392857"
"1588115268","1557834454","0.392857"
"1557834454","1888344413","0.142857"
"1888344413","1557834454","0.142857"
"1557834454","2257003395","0.142857"
"2257003395","1557834454","0.142857"
"1588115268","1966219798","0.142857"
"1966219798","1588115268","0.142857"
"1966219798","2257003395","0.142857"
"2257003395","1966219798","0.142857"
"1557834454","1764326406","0.166667"
"1764326406","1557834454","0.166667"
"1764326406","2142133257","0.166667"
"2142133257","1764326406","0.166667"
"1557834454","1964909769","0.333333"
"1964909769","1557834454","0.333333"
"1557834454","2022860157","0.333333"
"2022860157","1557834454","0.333333"
"1557834454","2064764499","0.333333"
"2064764499","1557834454","0.333333"
"1964909769","2022860157","0.333333"
"2022860157","1964909769","0.333333"
"1964909769","2064764499","0.333333"
"2064764499","1964909769","0.333333"
"2022860157","2064764499","19.1667"
"2064764499","2022860157","19.1667"
"1966219798","2160085514","0.125"
"2160085514","1966219798","0.125"
"2160085514","2914971001","0.125"
"2914971001","2160085514","0.125"
"1588115268","1594513926","2"
"1594513926","1588115268","2"
"1589057282","1658032532","2.33333"
"1658032532","1589057282","2.33333"
"1589057282","2022860157","1.33333"
"2022860157","1589057282","1.33333"
"1589057282","2064764499","1.33333"
"2064764499","1589057282","1.33333"
"1658032532","2022860157","2.83333"
"2022860157","1658032532","2.83333"
"1658032532","2064764499","1.83333"
"2064764499","1658032532","1.83333"
"2109219878","59692733","1.41667"
"59692733","2109219878","1.41667"
"332253968","59692733","1.08333"
"59692733","332253968","1.08333"
"1594513926","2067580212","0.142857"
"2067580212","1594513926","0.142857"
"1594513926","2118036973","0.142857"
"2118036973","1594513926","0.142857"
"1733054395","2067580212","0.420635"
"2067580212","1733054395","0.420635"
"1733054395","2118036973","0.420635"
"2118036973","1733054395","0.420635"
"1594513926","2129293129","1"
"2129293129","1594513926","1"
"1602958296","1733054395","0.277778"
"1733054395","1602958296","0.277778"
"1602958296","2160085514","0.111111"
"2160085514","1602958296","0.111111"
"1733054395","1964615470","0.277778"
"1964615470","1733054395","0.277778"
"1733054395","2010939995","0.111111"
"2010939995","1733054395","0.111111"
"1733054395","2120600989","0.277778"
"2120600989","1733054395","0.277778"
"1964615470","2160085514","0.111111"
"2160085514","1964615470","0.111111"
"1987339920","2160085514","0.111111"
"2160085514","1987339920","0.111111"
"2010939995","2160085514","0.111111"
"2160085514","2010939995","0.111111"
"2067580212","2160085514","0.111111"
"2160085514","2067580212","0.111111"
"2097913369","2160085514","0.111111"
"2160085514","2097913369","0.111111"
"2118036973","2160085514","0.111111"
"2160085514","2118036973","0.111111"
"2120600989","2160085514","0.111111"
"2160085514","2120600989","0.111111"
"1626546680","2033694966","0.375"
"2033694966","1626546680","0.375"
"1626546680","2162758311","0.375"
"2162758311","1626546680","0.375"
"1626546680","2272743058","0.375"
"2272743058","1626546680","0.375"
"1626546680","2278025007","0.375"
"2278025007","1626546680","0.375"
"2033694966","2162758311","5.95833"
"2162758311","2033694966","5.95833"
"2033694966","2272743058","8.45833"
"2272743058","2033694966","8.45833"
"2033694966","2278025007","3.45833"
"2278025007","2033694966","3.45833"
"2162758311","2272743058","2.45833"
"2272743058","2162758311","2.45833"
"2162758311","2278025007","5.45833"
"2278025007","2162758311","5.45833"
"2272743058","2278025007","3.95833"
"2278025007","2272743058","3.95833"
"1626546680","2164525836","6.125"
"2164525836","1626546680","6.125"
"1626546680","2168523552","0.375"
"2168523552","1626546680","0.375"
"1626546680","2202537010","0.125"
"2202537010","1626546680","0.125"
"1626546680","2240636353","0.125"
"2240636353","1626546680","0.125"
"2033694966","2164525836","0.125"
"2164525836","2033694966","0.125"
"2033694966","2168523552","0.375"
"2168523552","2033694966","0.375"
"2033694966","2202537010","0.125"
"2202537010","2033694966","0.125"
"2033694966","2240636353","0.125"
"2240636353","2033694966","0.125"
"2162758311","2164525836","0.125"
"2164525836","2162758311","0.125"
"2162758311","2168523552","0.375"
"2168523552","2162758311","0.375"
"2162758311","2202537010","0.125"
"2202537010","2162758311","0.125"
"2162758311","2240636353","0.125"
"2240636353","2162758311","0.125"
"2164525836","2168523552","0.125"
"2168523552","2164525836","0.125"
"2164525836","2202537010","0.125"
"2202537010","2164525836","0.125"
"2164525836","2240636353","0.125"
"2240636353","2164525836","0.125"
"2164525836","2272743058","0.125"
"2272743058","2164525836","0.125"
"2164525836","2278025007","0.125"
"2278025007","2164525836","0.125"
"2168523552","2202537010","6.125"
"2202537010","2168523552","6.125"
"2168523552","2240636353","6.125"
"2240636353","2168523552","6.125"
"2168523552","2272743058","0.375"
"2272743058","2168523552","0.375"
"2168523552","2278025007","0.375"
"2278025007","2168523552","0.375"
"2202537010","2240636353","8.125"
"2240636353","2202537010","8.125"
"2202537010","2272743058","0.125"
"2272743058","2202537010","0.125"
"2202537010","2278025007","0.125"
"2278025007","2202537010","0.125"
"2240636353","2272743058","0.125"
"2272743058","2240636353","0.125"
"2240636353","2278025007","0.125"
"2278025007","2240636353","0.125"
"1626546680","1862312605","0.25"
"1862312605","1626546680","0.25"
"1626546680","2089881816","0.25"
"2089881816","1626546680","0.25"
"1626546680","2294979342","0.25"
"2294979342","1626546680","0.25"
"1862312605","2089881816","0.25"
