"1531139788","2962973644","15.0833"
"2962973644","1531139788","15.0833"
"1531139788","1988245294","0.5"
"1988245294","1531139788","0.5"
"1988245294","2962973644","0.5"
"2962973644","1988245294","0.5"
"1531139788","2127513665","0.5"
"2127513665","1531139788","0.5"
"2127513665","2962973644","0.5"
"2962973644","2127513665","0.5"
"1531139788","1696255542","0.75"
"1696255542","1531139788","0.75"
"1531139788","2337767373","0.25"
"2337767373","1531139788","0.25"
"1531139788","2950041309","0.25"
"2950041309","1531139788","0.25"
"1696255542","2337767373","0.25"
"2337767373","1696255542","0.25"
"1696255542","2950041309","0.25"
"2950041309","1696255542","0.25"
"1696255542","2962973644","0.75"
"2962973644","1696255542","0.75"
"2337767373","2950041309","6.05119"
"2950041309","2337767373","6.05119"
"2337767373","2962973644","0.652778"
"2962973644","2337767373","0.652778"
"2950041309","2962973644","0.541667"
"2962973644","2950041309","0.541667"
"1531139788","1991500701","0.333333"
"1991500701","1531139788","0.333333"
"1531139788","2952176031","0.333333"
"2952176031","1531139788","0.333333"
"1991500701","2952176031","12.379"
"2952176031","1991500701","12.379"
"1991500701","2962973644","0.736111"
"2962973644","1991500701","0.736111"
"2952176031","2962973644","0.736111"
"2962973644","2952176031","0.736111"
"1558817269","2087135382","46.7"
"2087135382","1558817269","46.7"
"1558817269","2103806120","20.2417"
"2103806120","1558817269","20.2417"
"1558817269","2119781888","1.65833"
"2119781888","1558817269","1.65833"
"2087135382","2103806120","12.0333"
"2103806120","2087135382","12.0333"
"2087135382","2119781888","1.36667"
"2119781888","2087135382","1.36667"
"2103806120","2119781888","1.65833"
"2119781888","2103806120","1.65833"
"1558817269","1696255542","0.25"
"1696255542","1558817269","0.25"
"1558817269","2078053307","0.541667"
"2078053307","1558817269","0.541667"
"1558817269","2079164587","0.25"
"2079164587","1558817269","0.25"
"1696255542","2078053307","0.25"
"2078053307","1696255542","0.25"
"1696255542","2079164587","0.25"
"2079164587","1696255542","0.25"
"1696255542","2103806120","0.25"
"2103806120","1696255542","0.25"
"2078053307","2079164587","0.25"
"2079164587","2078053307","0.25"
"2078053307","2103806120","0.541667"
"2103806120","2078053307","0.541667"
"2079164587","2103806120","0.25"
"2103806120","2079164587","0.25"
"1558817269","1623873962","1.15833"
"1623873962","1558817269","1.15833"
"1623873962","2087135382","0.866667"
"2087135382","1623873962","0.866667"
"1623873962","2103806120","0.658333"
"2103806120","1623873962","0.658333"
"1558817269","1988245294","0.125"
"1988245294","1558817269","0.125"
"1558817269","2049049427","0.291667"
"2049049427","1558817269","0.291667"
"1558817269","2068238369","0.291667"
"2068238369","1558817269","0.291667"
"1558817269","2092301286","0.491667"
"2092301286","1558817269","0.491667"
"1623873962","1988245294","0.125"
"1988245294","1623873962","0.125"
"1623873962","2049049427","2.825"
"2049049427","1623873962","2.825"
"1623873962","2068238369","7.74167"
"2068238369","1623873962","7.74167"
"1623873962","2078053307","4.40833"
"2078053307","1623873962","4.40833"
"1623873962","2092301286","0.741667"
"2092301286","1623873962","0.741667"
"1623873962","2119781888","5.69167"
"2119781888","1623873962","5.69167"
"1988245294","2049049427","0.125"
"2049049427","1988245294","0.125"
"1988245294","2068238369","0.125"
"2068238369","1988245294","0.125"
"1988245294","2078053307","0.125"
"2078053307","1988245294","0.125"
"1988245294","2092301286","0.125"
"2092301286","1988245294","0.125"
"1988245294","2103806120","0.125"
"2103806120","1988245294","0.125"
"1988245294","2119781888","0.125"
"2119781888","1988245294","0.125"
"2049049427","2068238369","3.49167"
"2068238369","2049049427","3.49167"
"2049049427","2078053307","1.65833"
"2078053307","2049049427","1.65833"
"2049049427","2092301286","0.708333"
"2092301286","2049049427","0.708333"
"2049049427","2103806120","0.291667"
"2103806120","2049049427","0.291667"
"2049049427","2119781888","3.075"
"2119781888","2049049427","3.075"
"2068238369","2078053307","8.35833"
"2078053307","2068238369","8.35833"
"2068238369","2092301286","0.458333"
"2092301286","2068238369","0.458333"
"2068238369","2103806120","1.29167"
"2103806120","2068238369","1.29167"
"2068238369","2119781888","4.65833"
"2119781888","2068238369","4.65833"
"2078053307","2092301286","0.708333"
"2092301286","2078053307","0.708333"
"2078053307","2119781888","3.325"
"2119781888","2078053307","3.325"
"2092301286","2103806120","0.491667"
"2103806120","2092301286","0.491667"
"2092301286","2119781888","1.74167"
"2119781888","2092301286","1.74167"
"2087135382","2092301286","0.366667"
"2092301286","2087135382","0.366667"
"1623873962","2474087962","1.78333"
"2474087962","1623873962","1.78333"
"2049049427","2474087962","1.36667"
"2474087962","2049049427","1.36667"
"2068238369","2474087962","9.98333"
"2474087962","2068238369","9.98333"
"2119781888","2474087962","1.7"
"2474087962","2119781888","1.7"
"2078053307","2474087962","3.23333"
"2474087962","2078053307","3.23333"
"1899456072","2127513665","2"
"2127513665","1899456072","2"
"1970147427","2592003446","14.2361"
"2592003446","1970147427","14.2361"
"1970147427","1991500701","0.236111"
"1991500701","1970147427","0.236111"
"1970147427","1994434612","0.236111"
"1994434612","1970147427","0.236111"
"1970147427","2018793106","0.236111"
"2018793106","1970147427","0.236111"
"1970147427","2047091606","0.236111"
"2047091606","1970147427","0.236111"
"1970147427","2293993025","0.236111"
"2293993025","1970147427","0.236111"
"1970147427","2337767373","0.236111"
"2337767373","1970147427","0.236111"
"1970147427","2952176031","0.111111"
"2952176031","1970147427","0.111111"
"1970147427","2962973644","0.111111"
"2962973644","1970147427","0.111111"
"1991500701","1994434612","1.00397"
"1994434612","1991500701","1.00397"
"1991500701","2018793106","0.361111"
"2018793106","1991500701","0.361111"
"1991500701","2047091606","1.00397"
"2047091606","1991500701","1.00397"
"1991500701","2293993025","0.712302"
"2293993025","1991500701","0.712302"
"1991500701","2337767373","0.670635"
"2337767373","1991500701","0.670635"
"1991500701","2592003446","0.236111"
"2592003446","1991500701","0.236111"
"1994434612","2018793106","0.361111"
"2018793106","1994434612","0.361111"
"1994434612","2047091606","1.3373"
"2047091606","1994434612","1.3373"
"1994434612","2293993025","0.712302"
"2293993025","1994434612","0.712302"
"1994434612","2337767373","0.670635"
"2337767373","1994434612","0.670635"
"1994434612","2592003446","0.236111"
"2592003446","1994434612","0.236111"
"1994434612","2952176031","0.545635"
"2952176031","1994434612","0.545635"
"1994434612","2962973644","0.402778"
"2962973644","1994434612","0.402778"
"2018793106","2047091606","0.361111"
"2047091606","2018793106","0.361111"
"2018793106","2293993025","0.236111"
"2293993025","2018793106","0.236111"
"2018793106","2337767373","11.5611"
"2337767373","2018793106","11.5611"
"2018793106","2592003446","0.236111"
"2592003446","2018793106","0.236111"
"2018793106","2952176031","0.236111"
"2952176031","2018793106","0.236111"
"2018793106","2962973644","0.236111"
"2962973644","2018793106","0.236111"
"2047091606","2293993025","0.712302"
"2293993025","2047091606","0.712302"
"2047091606","2337767373","0.670635"
"2337767373","2047091606","0.670635"
"2047091606","2592003446","0.236111"
"2592003446","2047091606","0.236111"
"2047091606","2952176031","0.545635"
"2952176031","2047091606","0.545635"
"2047091606","2962973644","0.402778"
"2962973644","2047091606","0.402778"
"2293993025","2337767373","0.378968"
"2337767373","2293993025","0.378968"
"2293993025","2592003446","0.569444"
"2592003446","2293993025","0.569444"
"2293993025","2952176031","0.253968"
"2952176031","2293993025","0.253968"
"2293993025","2962973644","0.111111"
"2962973644","2293993025","0.111111"
"2337767373","2592003446","0.236111"
"2592003446","2337767373","0.236111"
"2337767373","2952176031","0.545635"
"2952176031","2337767373","0.545635"
"2592003446","2952176031","0.111111"
"2952176031","2592003446","0.111111"
"2592003446","2962973644","1.11111"
"2962973644","2592003446","1.11111"
"1970147427","2018484190","0.125"
"2018484190","1970147427","0.125"
"1991500701","2018484190","0.125"
"2018484190","1991500701","0.125"
"1994434612","2018484190","1.45833"
"2018484190","1994434612","1.45833"
"2018484190","2018793106","0.658333"
"2018793106","2018484190","0.658333"
"2018484190","2047091606","0.458333"
"2047091606","2018484190","0.458333"
"2018484190","2293993025","0.458333"
"2293993025","2018484190","0.458333"
"2018484190","2337767373","0.658333"
"2337767373","2018484190","0.658333"
"2018484190","2592003446","0.458333"
"2592003446","2018484190","0.458333"
"1988245294","2899156720","4"
"2899156720","1988245294","4"
"1988245294","1991500701","0.5"
"1991500701","1988245294","0.5"
"1988245294","2952176031","0.5"
"2952176031","1988245294","0.5"
"1988245294","2079164587","1"
"2079164587","1988245294","1"
"1991500701","2950041309","0.434524"
"2950041309","1991500701","0.434524"
"1994434612","2950041309","0.434524"
"2950041309","1994434612","0.434524"
"2047091606","2950041309","0.434524"
"2950041309","2047091606","0.434524"
"2950041309","2952176031","0.934524"
"2952176031","2950041309","0.934524"
"1991500701","2068860357","0.267857"
"2068860357","1991500701","0.267857"
"1994434612","2068860357","0.60119"
"2068860357","1994434612","0.60119"
"2047091606","2068860357","0.60119"
"2068860357","2047091606","0.60119"
"2068860357","2293993025","0.142857"
"2293993025","2068860357","0.142857"
"2068860357","2337767373","6.96786"
"2337767373","2068860357","6.96786"
"2068860357","2950041309","1.63452"
"2950041309","2068860357","1.63452"
"2068860357","2952176031","0.267857"
"2952176031","2068860357","0.267857"
"2293993025","2950041309","0.142857"
"2950041309","2293993025","0.142857"
"2018793106","2068860357","6.325"
"2068860357","2018793106","6.325"
"2018793106","2950041309","0.991667"
"2950041309","2018793106","0.991667"
"2068860357","2962973644","0.125"
"2962973644","2068860357","0.125"
"2018484190","2068860357","1.86667"
"2068860357","2018484190","1.86667"
"1994434612","2157685384","1"
"2157685384","1994434612","1"
"2018484190","2951079758","9.53333"
"2951079758","2018484190","9.53333"
"2068860357","2951079758","1.2"
"2951079758","2068860357","1.2"
"2293993025","2951079758","0.333333"
"2951079758","2293993025","0.333333"
"2592003446","2951079758","0.333333"
"2951079758","2592003446","0.333333"
"2018484190","2950041309","0.2"
"2950041309","2018484190","0.2"
"2018793106","2951079758","0.2"
"2951079758","2018793106","0.2"
"2337767373","2951079758","0.2"
"2951079758","2337767373","0.2"
"2950041309","2951079758","0.7"
"2951079758","2950041309","0.7"
"2038850870","2068238369","0.25"
"2068238369","2038850870","0.25"
"2038850870","2078053307","0.25"
"2078053307","2038850870","0.25"
"2038850870","2198519711","1.25"
"2198519711","2038850870","1.25"
"2038850870","2474087962","1.25"
"2474087962","2038850870","1.25"
"2068238369","2198519711","2.78333"
"2198519711","2068238369","2.78333"
"2078053307","2198519711","1.78333"
"2198519711","2078053307","1.78333"
"2198519711","2474087962","1.78333"
"2474087962","2198519711","1.78333"
"2049049427","2087135382","0.166667"
"2087135382","2049049427","0.166667"
"2068238369","2087135382","0.166667"
"2087135382","2068238369","0.166667"
"2078053307","2087135382","0.166667"
"2087135382","2078053307","0.166667"
"2087135382","2474087962","0.166667"
"2474087962","2087135382","0.166667"
"2092301286","2474087962","1.16667"
"2474087962","2092301286","1.16667"
"2103806120","2474087962","0.166667"
"2474087962","2103806120","0.166667"
"2068238369","2751688886","0.2"
"2751688886","2068238369","0.2"
"2068238369","2963532563","0.2"
"2963532563","2068238369","0.2"
"2078053307","2751688886","0.2"
"2751688886","2078053307","0.2"
"2078053307","2963532563","0.2"
"2963532563","2078053307","0.2"
"2198519711","2751688886","0.2"
"2751688886","2198519711","0.2"
"2198519711","2963532563","0.2"
"2963532563","2198519711","0.2"
"2474087962","2751688886","0.7"
"2751688886","2474087962","0.7"
"2474087962","2963532563","0.7"
"2963532563","2474087962","0.7"
"2751688886","2963532563","33.2"
"2963532563","2751688886","33.2"
"2127513665","2408385760","0.5"
"2408385760","2127513665","0.5"
"2127513665","2899156720","0.5"
"2899156720","2127513665","0.5"
"2408385760","2899156720","2.5"
"2899156720","2408385760","2.5"
"2474087962","2887483103","0.666667"
"2887483103","2474087962","0.666667"
"2474087962","2926138180","0.666667"
"2926138180","2474087962","0.666667"
"2474087962","2963215340","0.666667"
"2963215340","2474087962","0.666667"
"2887483103","2926138180","12.1667"
"2926138180","2887483103","12.1667"
"2887483103","2963215340","11.1667"
"2963215340","2887483103","11.1667"
"2926138180","2963215340","13.1667"
"2963215340","2926138180","13.1667"
"2751688886","2887483103","0.5"
"2887483103","2751688886","0.5"
"2751688886","2926138180","0.5"
"2926138180","2751688886","0.5"
"2751688886","2963215340","0.5"
"2963215340","2751688886","0.5"
"2887483103","2963532563","0.5"
"2963532563","2887483103","0.5"
"2926138180","2963532563","0.5"
"2963532563","2926138180","0.5"
"2963215340","2963532563","0.5"
"2963532563","2963215340","0.5"
"2951079758","2952176031","0.5"
"2952176031","2951079758","0.5"
