"103897157","2029827226","0.854701"
"2029827226","103897157","0.854701"
"103897157","2071869991","27.9427"
"2071869991","103897157","27.9427"
"2029827226","2071869991","1.56899"
"2071869991","2029827226","1.56899"
"103897157","1983581110","4.13803"
"1983581110","103897157","4.13803"
"103897157","2047074192","1.14359"
"2047074192","103897157","1.14359"
"103897157","2136136174","7.58803"
"2136136174","103897157","7.58803"
"1983581110","2047074192","1.08212"
"2047074192","1983581110","1.08212"
"1983581110","2071869991","5.44323"
"2071869991","1983581110","5.44323"
"1983581110","2136136174","1.94323"
"2136136174","1983581110","1.94323"
"2047074192","2071869991","2.44878"
"2071869991","2047074192","2.44878"
"2047074192","2136136174","1.03212"
"2136136174","2047074192","1.03212"
"2071869991","2136136174","7.47656"
"2136136174","2071869991","7.47656"
"103897157","110479989","0.188034"
"110479989","103897157","0.188034"
"103897157","1987209163","0.188034"
"1987209163","103897157","0.188034"
"103897157","2002204971","0.188034"
"2002204971","103897157","0.188034"
"103897157","2293598903","0.111111"
"2293598903","103897157","0.111111"
"103897157","2411354024","0.438034"
"2411354024","103897157","0.438034"
"103897157","2545457694","2.5547"
"2545457694","103897157","2.5547"
"103897157","2610507852","0.111111"
"2610507852","103897157","0.111111"
"103897157","2756430570","0.188034"
"2756430570","103897157","0.188034"
"110479989","1987209163","0.188034"
"1987209163","110479989","0.188034"
"110479989","2002204971","0.188034"
"2002204971","110479989","0.188034"
"110479989","2071869991","0.264957"
"2071869991","110479989","0.264957"
"110479989","2293598903","0.611111"
"2293598903","110479989","0.611111"
"110479989","2411354024","1.02137"
"2411354024","110479989","1.02137"
"110479989","2545457694","0.688034"
"2545457694","110479989","0.688034"
"110479989","2610507852","0.111111"
"2610507852","110479989","0.111111"
"110479989","2756430570","8.72253"
"2756430570","110479989","8.72253"
"1987209163","2002204971","0.188034"
"2002204971","1987209163","0.188034"
"1987209163","2071869991","0.188034"
"2071869991","1987209163","0.188034"
"1987209163","2293598903","0.111111"
"2293598903","1987209163","0.111111"
"1987209163","2411354024","0.111111"
"2411354024","1987209163","0.111111"
"1987209163","2545457694","0.188034"
"2545457694","1987209163","0.188034"
"1987209163","2610507852","0.111111"
"2610507852","1987209163","0.111111"
"1987209163","2756430570","0.188034"
"2756430570","1987209163","0.188034"
"2002204971","2071869991","0.188034"
"2071869991","2002204971","0.188034"
"2002204971","2293598903","0.444444"
"2293598903","2002204971","0.444444"
"2002204971","2411354024","1.11111"
"2411354024","2002204971","1.11111"
"2002204971","2545457694","0.188034"
"2545457694","2002204971","0.188034"
"2002204971","2610507852","1.11111"
"2610507852","2002204971","1.11111"
"2002204971","2756430570","0.188034"
"2756430570","2002204971","0.188034"
"2071869991","2293598903","0.111111"
"2293598903","2071869991","0.111111"
"2071869991","2411354024","0.711386"
"2411354024","2071869991","0.711386"
"2071869991","2545457694","0.554701"
"2545457694","2071869991","0.554701"
"2071869991","2610507852","0.444444"
"2610507852","2071869991","0.444444"
"2071869991","2756430570","0.264957"
"2756430570","2071869991","0.264957"
"2293598903","2411354024","0.111111"
"2411354024","2293598903","0.111111"
"2293598903","2545457694","3.39444"
"2545457694","2293598903","3.39444"
"2293598903","2610507852","0.111111"
"2610507852","2293598903","0.111111"
"2293598903","2756430570","0.611111"
"2756430570","2293598903","0.611111"
"2411354024","2545457694","0.555556"
"2545457694","2411354024","0.555556"
"2411354024","2610507852","0.111111"
"2610507852","2411354024","0.111111"
"2411354024","2756430570","1.02137"
"2756430570","2411354024","1.02137"
"2545457694","2610507852","1.11111"
"2610507852","2545457694","1.11111"
"2545457694","2756430570","0.688034"
"2756430570","2545457694","0.688034"
"2610507852","2756430570","0.111111"
"2756430570","2610507852","0.111111"
"103897157","1604970029","0.24359"
"1604970029","103897157","0.24359"
"103897157","2065993736","22.0214"
"2065993736","103897157","22.0214"
"103897157","2157597875","2.98333"
"2157597875","103897157","2.98333"
"1604970029","1983581110","0.334499"
"1983581110","1604970029","0.334499"
"1604970029","2065993736","0.334499"
"2065993736","1604970029","0.334499"
"1604970029","2071869991","0.536422"
"2071869991","1604970029","0.536422"
"1604970029","2157597875","1.16667"
"2157597875","1604970029","1.16667"
"1604970029","2545457694","0.444444"
"2545457694","1604970029","0.444444"
"1983581110","2065993736","2.32656"
"2065993736","1983581110","2.32656"
"1983581110","2157597875","1.33095"
"2157597875","1983581110","1.33095"
"1983581110","2545457694","0.166667"
"2545457694","1983581110","0.166667"
"2065993736","2071869991","1.32656"
"2071869991","2065993736","1.32656"
"2065993736","2157597875","0.797619"
"2157597875","2065993736","0.797619"
"2065993736","2545457694","0.166667"
"2545457694","2065993736","0.166667"
"2071869991","2157597875","2.69762"
"2157597875","2071869991","2.69762"
"2157597875","2545457694","0.366667"
"2545457694","2157597875","0.366667"
"103897157","2096776725","0.5"
"2096776725","103897157","0.5"
"2071869991","2096776725","0.5"
"2096776725","2071869991","0.5"
"103897157","1550000763","0.326923"
"1550000763","103897157","0.326923"
"103897157","2096982639","0.611111"
"2096982639","103897157","0.611111"
"1550000763","2071869991","0.600275"
"2071869991","1550000763","0.600275"
"1550000763","2096982639","1.4881"
"2096982639","1550000763","1.4881"
"1550000763","2411354024","0.600275"
"2411354024","1550000763","0.600275"
"2071869991","2096982639","0.773449"
"2096982639","2071869991","0.773449"
"2096982639","2411354024","0.321429"
"2411354024","2096982639","0.321429"
"1983581110","2096982639","0.773449"
"2096982639","1983581110","0.773449"
"2096982639","2136136174","0.523449"
"2136136174","2096982639","0.523449"
"2047074192","2157597875","0.780952"
"2157597875","2047074192","0.780952"
"2047074192","2545457694","0.366667"
"2545457694","2047074192","0.366667"
"2136136174","2157597875","0.780952"
"2157597875","2136136174","0.780952"
"2136136174","2545457694","0.2"
"2545457694","2136136174","0.2"
"103897157","1899673144","0.527778"
"1899673144","103897157","0.527778"
"103897157","1990188874","0.361111"
"1990188874","103897157","0.361111"
"103897157","2241857722","0.527778"
"2241857722","103897157","0.527778"
"1899673144","1983581110","0.273449"
"1983581110","1899673144","0.273449"
"1899673144","1990188874","0.444444"
"1990188874","1899673144","0.444444"
"1899673144","2029827226","0.18254"
"2029827226","1899673144","0.18254"
"1899673144","2065993736","0.273449"
"2065993736","1899673144","0.273449"
"1899673144","2071869991","0.517039"
"2071869991","1899673144","0.517039"
"1899673144","2096982639","0.273449"
"2096982639","1899673144","0.273449"
"1899673144","2136136174","0.856782"
"2136136174","1899673144","0.856782"
"1899673144","2241857722","7.10037"
"2241857722","1899673144","7.10037"
"1983581110","1990188874","0.361111"
"1990188874","1983581110","0.361111"
"1983581110","2029827226","0.818987"
"2029827226","1983581110","0.818987"
"1983581110","2241857722","0.273449"
"2241857722","1983581110","0.273449"
"1990188874","2029827226","0.611111"
"2029827226","1990188874","0.611111"
"1990188874","2065993736","0.111111"
"2065993736","1990188874","0.111111"
"1990188874","2071869991","1.86111"
"2071869991","1990188874","1.86111"
"1990188874","2096982639","1.11111"
"2096982639","1990188874","1.11111"
"1990188874","2136136174","0.444444"
"2136136174","1990188874","0.444444"
"1990188874","2241857722","0.444444"
"2241857722","1990188874","0.444444"
"2029827226","2065993736","0.568987"
"2065993736","2029827226","0.568987"
"2029827226","2096982639","0.43254"
"2096982639","2029827226","0.43254"
"2029827226","2136136174","1.06899"
"2136136174","2029827226","1.06899"
"2029827226","2241857722","0.18254"
"2241857722","2029827226","0.18254"
"2065993736","2096982639","0.273449"
"2096982639","2065993736","0.273449"
"2065993736","2136136174","0.909896"
"2136136174","2065993736","0.909896"
"2065993736","2241857722","0.273449"
"2241857722","2065993736","0.273449"
"2071869991","2241857722","0.517039"
"2241857722","2071869991","0.517039"
"2096982639","2241857722","0.273449"
"2241857722","2096982639","0.273449"
"2136136174","2241857722","0.856782"
"2241857722","2136136174","0.856782"
"103897157","1529733883","0.320513"
"1529733883","103897157","0.320513"
"103897157","2039986066","0.0769231"
"2039986066","103897157","0.0769231"
"103897157","2060343533","0.0769231"
"2060343533","103897157","0.0769231"
"103897157","215137156","0.0769231"
"215137156","103897157","0.0769231"
"1529733883","1550000763","1.22527"
"1550000763","1529733883","1.22527"
"1529733883","1604970029","1.24476"
"1604970029","1529733883","1.24476"
"1529733883","1983581110","0.489261"
"1983581110","1529733883","0.489261"
"1529733883","2029827226","0.398352"
"2029827226","1529733883","0.398352"
"1529733883","2039986066","0.0769231"
"2039986066","1529733883","0.0769231"
"1529733883","2047074192","0.405927"
"2047074192","1529733883","0.405927"
"1529733883","2060343533","0.898352"
"2060343533","1529733883","0.898352"
"1529733883","2065993736","0.239261"
"2065993736","1529733883","0.239261"
"1529733883","2071869991","2.39311"
"2071869991","1529733883","2.39311"
"1529733883","2136136174","0.572594"
"2136136174","1529733883","0.572594"
"1529733883","215137156","0.239261"
"215137156","1529733883","0.239261"
"1529733883","2411354024","0.225275"
"2411354024","1529733883","0.225275"
"1550000763","1604970029","0.445513"
"1604970029","1550000763","0.445513"
"1550000763","1983581110","0.148352"
"1983581110","1550000763","0.148352"
"1550000763","2029827226","1.14835"
"2029827226","1550000763","1.14835"
"1550000763","2039986066","0.0769231"
"2039986066","1550000763","0.0769231"
"1550000763","2047074192","0.315018"
"2047074192","1550000763","0.315018"
"1550000763","2060343533","0.148352"
"2060343533","1550000763","0.148352"
"1550000763","2065993736","0.148352"
"2065993736","1550000763","0.148352"
"1550000763","2136136174","0.148352"
"2136136174","1550000763","0.148352"
"1550000763","215137156","0.148352"
"215137156","1550000763","0.148352"
"1604970029","2029827226","0.0769231"
"2029827226","1604970029","0.0769231"
"1604970029","2039986066","0.576923"
"2039986066","1604970029","0.576923"
"1604970029","2047074192","0.334499"
"2047074192","1604970029","0.334499"
"1604970029","2060343533","0.0769231"
"2060343533","1604970029","0.0769231"
"1604970029","2136136174","0.167832"
"2136136174","1604970029","0.167832"
"1604970029","215137156","0.167832"
"215137156","1604970029","0.167832"
"1604970029","2411354024","0.389957"
"2411354024","1604970029","0.389957"
"1983581110","2039986066","0.0769231"
"2039986066","1983581110","0.0769231"
"1983581110","2060343533","0.398352"
"2060343533","1983581110","0.398352"
"1983581110","215137156","0.382118"
"215137156","1983581110","0.382118"
"1983581110","2411354024","0.148352"
"2411354024","1983581110","0.148352"
"2029827226","2039986066","0.0769231"
"2039986066","2029827226","0.0769231"
"2029827226","2047074192","0.291209"
"2047074192","2029827226","0.291209"
"2029827226","2060343533","0.398352"
"2060343533","2029827226","0.398352"
"2029827226","215137156","0.791209"
"215137156","2029827226","0.791209"
"2029827226","2411354024","0.148352"
"2411354024","2029827226","0.148352"
"2039986066","2047074192","0.0769231"
"2047074192","2039986066","0.0769231"
"2039986066","2060343533","0.0769231"
"2060343533","2039986066","0.0769231"
"2039986066","2065993736","0.0769231"
"2065993736","2039986066","0.0769231"
"2039986066","2071869991","0.576923"
"2071869991","2039986066","0.576923"
"2039986066","2136136174","0.0769231"
"2136136174","2039986066","0.0769231"
"2039986066","215137156","0.0769231"
"215137156","2039986066","0.0769231"
"2039986066","2411354024","0.0769231"
"2411354024","2039986066","0.0769231"
"2047074192","2060343533","0.148352"
"2060343533","2047074192","0.148352"
"2047074192","2065993736","0.382118"
"2065993736","2047074192","0.382118"
"2047074192","215137156","0.382118"
"215137156","2047074192","0.382118"
"2047074192","2411354024","0.148352"
"2411354024","2047074192","0.148352"
"2060343533","2065993736","0.148352"
"2065993736","2060343533","0.148352"
"2060343533","2071869991","0.148352"
"2071869991","2060343533","0.148352"
"2060343533","2136136174","0.148352"
"2136136174","2060343533","0.148352"
"2060343533","215137156","0.148352"
"215137156","2060343533","0.148352"
"2060343533","2411354024","0.148352"
"2411354024","2060343533","0.148352"
"2065993736","215137156","0.382118"
"215137156","2065993736","0.382118"
"2065993736","2411354024","0.148352"
"2411354024","2065993736","0.148352"
"2071869991","215137156","0.382118"
"215137156","2071869991","0.382118"
"2136136174","215137156","0.382118"
"215137156","2136136174","0.382118"
"2136136174","2411354024","0.148352"
"2411354024","2136136174","0.148352"
"215137156","2411354024","0.148352"
"2411354024","215137156","0.148352"
"103897157","1466389411","0.0769231"
"1466389411","103897157","0.0769231"
"103897157","1981568085","0.0769231"
"1981568085","103897157","0.0769231"
"103897157","2047186275","0.0769231"
"2047186275","103897157","0.0769231"
"103897157","2121386924","0.0769231"
"2121386924","103897157","0.0769231"
"103897157","2394619600","0.0769231"
"2394619600","103897157","0.0769231"
"103897157","2765667105","0.0769231"
"2765667105","103897157","0.0769231"
"110479989","1466389411","0.167832"
"1466389411","110479989","0.167832"
"110479989","1529733883","0.153846"
"1529733883","110479989","0.153846"
"110479989","1981568085","0.0769231"
"1981568085","110479989","0.0769231"
"110479989","2047186275","0.0769231"
"2047186275","110479989","0.0769231"
"110479989","2121386924","0.0769231"
"2121386924","110479989","0.0769231"
"110479989","2394619600","0.167832"
"2394619600","110479989","0.167832"
"110479989","2765667105","0.0769231"
"2765667105","110479989","0.0769231"
"1466389411","1529733883","0.354701"
"1529733883","1466389411","0.354701"
"1466389411","1981568085","0.0769231"
"1981568085","1466389411","0.0769231"
"1466389411","1987209163","0.0769231"
"1987209163","1466389411","0.0769231"
"1466389411","2002204971","0.0769231"
"2002204971","1466389411","0.0769231"
"1466389411","2047186275","0.188034"
"2047186275","1466389411","0.188034"
"1466389411","2071869991","0.0769231"
"2071869991","1466389411","0.0769231"
"1466389411","2121386924","0.0769231"
"2121386924","1466389411","0.0769231"
"1466389411","2394619600","7.51552"
"2394619600","1466389411","7.51552"
"1466389411","2545457694","0.471368"
"2545457694","1466389411","0.471368"
"1466389411","2756430570","0.167832"
"2756430570","1466389411","0.167832"
"1466389411","2765667105","1.21704"
"2765667105","1466389411","1.21704"
"1529733883","1981568085","0.0769231"
"1981568085","1529733883","0.0769231"
"1529733883","1987209163","0.576923"
"1987209163","1529733883","0.576923"
"1529733883","2002204971","1.24359"
"2002204971","1529733883","1.24359"
"1529733883","2047186275","0.0769231"
"2047186275","1529733883","0.0769231"
"1529733883","2121386924","0.0769231"
"2121386924","1529733883","0.0769231"
"1529733883","2394619600","0.354701"
"2394619600","1529733883","0.354701"
"1529733883","2545457694","0.0769231"
"2545457694","1529733883","0.0769231"
"1529733883","2756430570","0.153846"
"2756430570","1529733883","0.153846"
"1529733883","2765667105","0.354701"
"2765667105","1529733883","0.354701"
"1981568085","1987209163","0.0769231"
"1987209163","1981568085","0.0769231"
"1981568085","2002204971","0.0769231"
"2002204971","1981568085","0.0769231"
"1981568085","2047186275","0.0769231"
"2047186275","1981568085","0.0769231"
"1981568085","2071869991","0.201923"
"2071869991","1981568085","0.201923"
"1981568085","2121386924","0.0769231"
"2121386924","1981568085","0.0769231"
"1981568085","2394619600","0.0769231"
"2394619600","1981568085","0.0769231"
"1981568085","2545457694","4.31026"
"2545457694","1981568085","4.31026"
"1981568085","2756430570","0.0769231"
"2756430570","1981568085","0.0769231"
"1981568085","2765667105","0.0769231"
"2765667105","1981568085","0.0769231"
"1987209163","2047186275","0.0769231"
"2047186275","1987209163","0.0769231"
"1987209163","2121386924","0.0769231"
"2121386924","1987209163","0.0769231"
"1987209163","2394619600","0.0769231"
"2394619600","1987209163","0.0769231"
"1987209163","2765667105","0.0769231"
"2765667105","1987209163","0.0769231"
"2002204971","2047186275","0.0769231"
"2047186275","2002204971","0.0769231"
"2002204971","2121386924","0.0769231"
"2121386924","2002204971","0.0769231"
"2002204971","2394619600","0.0769231"
"2394619600","2002204971","0.0769231"
"2002204971","2765667105","0.0769231"
"2765667105","2002204971","0.0769231"
"2047186275","2071869991","0.0769231"
"2071869991","2047186275","0.0769231"
"2047186275","2121386924","0.0769231"
"2121386924","2047186275","0.0769231"
"2047186275","2394619600","0.0769231"
"2394619600","2047186275","0.0769231"
"2047186275","2545457694","1.68803"
"2545457694","2047186275","1.68803"
"2047186275","2756430570","0.0769231"
"2756430570","2047186275","0.0769231"
"2047186275","2765667105","0.0769231"
"2765667105","2047186275","0.0769231"
"2071869991","2121386924","0.0769231"
"2121386924","2071869991","0.0769231"
"2071869991","2394619600","0.0769231"
"2394619600","2071869991","0.0769231"
"2071869991","2765667105","0.0769231"
"2765667105","2071869991","0.0769231"
"2121386924","2394619600","0.0769231"
"2394619600","2121386924","0.0769231"
"2121386924","2545457694","0.576923"
"2545457694","2121386924","0.576923"
"2121386924","2756430570","0.0769231"
"2756430570","2121386924","0.0769231"
"2121386924","2765667105","0.0769231"
"2765667105","2121386924","0.0769231"
"2394619600","2545457694","1.86026"
"2545457694","2394619600","1.86026"
"2394619600","2756430570","0.167832"
"2756430570","2394619600","0.167832"
"2394619600","2765667105","1.63371"
"2765667105","2394619600","1.63371"
"2545457694","2765667105","0.0769231"
"2765667105","2545457694","0.0769231"
"2756430570","2765667105","0.0769231"
"2765667105","2756430570","0.0769231"
"103897157","1974531284","0.25"
"1974531284","103897157","0.25"
"1899673144","1974531284","0.326923"
"1974531284","1899673144","0.326923"
"1974531284","2136136174","0.25"
"2136136174","1974531284","0.25"
"1974531284","2241857722","0.326923"
"2241857722","1974531284","0.326923"
"1990188874","2047074192","0.25"
"2047074192","1990188874","0.25"
"1529733883","1899673144","0.405927"
"1899673144","1529733883","0.405927"
"1529733883","2157597875","0.738095"
"2157597875","1529733883","0.738095"
"1529733883","2241857722","0.405927"
"2241857722","1529733883","0.405927"
"1899673144","2047074192","0.329004"
"2047074192","1899673144","0.329004"
"1899673144","2157597875","0.238095"
"2157597875","1899673144","0.238095"
"2047074192","2241857722","0.329004"
"2241857722","2047074192","0.329004"
"2157597875","2241857722","0.238095"
"2241857722","2157597875","0.238095"
"2029827226","2157597875","0.380952"
"2157597875","2029827226","0.380952"
"110479989","2055620204","1.33333"
"2055620204","110479989","1.33333"
"2055620204","2756430570","1.33333"
"2756430570","2055620204","1.33333"
"110479989","2054626033","0.5"
"2054626033","110479989","0.5"
"2054626033","2756430570","0.5"
"2756430570","2054626033","0.5"
"110479989","2008274335","0.166667"
"2008274335","110479989","0.166667"
"110479989","2110030226","0.166667"
"2110030226","110479989","0.166667"
"110479989","2168409789","0.166667"
"2168409789","110479989","0.166667"
"2008274335","2110030226","0.277778"
"2110030226","2008274335","0.277778"
"2008274335","2168409789","0.416667"
"2168409789","2008274335","0.416667"
"2008274335","2293598903","1.66667"
"2293598903","2008274335","1.66667"
"2008274335","2545457694","0.666667"
"2545457694","2008274335","0.666667"
"2008274335","2756430570","0.166667"
"2756430570","2008274335","0.166667"
"2110030226","2168409789","0.277778"
"2168409789","2110030226","0.277778"
"2110030226","2293598903","0.277778"
"2293598903","2110030226","0.277778"
"2110030226","2545457694","0.166667"
"2545457694","2110030226","0.166667"
"2110030226","2756430570","0.166667"
"2756430570","2110030226","0.166667"
"2168409789","2293598903","1.27778"
"2293598903","2168409789","1.27778"
"2168409789","2545457694","1.16667"
"2545457694","2168409789","1.16667"
"2168409789","2756430570","0.166667"
"2756430570","2168409789","0.166667"
"110479989","1604970029","0.276923"
"1604970029","110479989","0.276923"
"110479989","2096982639","0.2"
"2096982639","110479989","0.2"
"110479989","24446071","0.276923"
"24446071","110479989","0.276923"
"110479989","2889247751","0.2"
"2889247751","110479989","0.2"
"1604970029","2096982639","0.457576"
"2096982639","1604970029","0.457576"
"1604970029","24446071","1.40192"
"24446071","1604970029","1.40192"
"1604970029","2756430570","0.276923"
"2756430570","1604970029","0.276923"
"1604970029","2889247751","0.790909"
"2889247751","1604970029","0.790909"
"2096982639","24446071","0.2"
"24446071","2096982639","0.2"
"2096982639","2756430570","0.2"
"2756430570","2096982639","0.2"
"2096982639","2889247751","0.290909"
"2889247751","2096982639","0.290909"
"24446071","2756430570","0.276923"
"2756430570","24446071","0.276923"
"24446071","2889247751","0.2"
"2889247751","24446071","0.2"
"2756430570","2889247751","0.2"
"2889247751","2756430570","0.2"
"2055620204","2293598903","0.333333"
"2293598903","2055620204","0.333333"
"110479989","1468986134","0.0769231"
"1468986134","110479989","0.0769231"
"110479989","1550000763","0.0769231"
"1550000763","110479989","0.0769231"
"110479989","1594386208","0.0769231"
"1594386208","110479989","0.0769231"
"110479989","1899673144","0.0769231"
"1899673144","110479989","0.0769231"
"110479989","1974531284","0.0769231"
"1974531284","110479989","0.0769231"
"110479989","2149556457","0.0769231"
"2149556457","110479989","0.0769231"
"110479989","2241857722","0.0769231"
"2241857722","110479989","0.0769231"
"1468986134","1529733883","0.0769231"
"1529733883","1468986134","0.0769231"
"1468986134","1550000763","0.535256"
"1550000763","1468986134","0.535256"
"1468986134","1594386208","0.276923"
"1594386208","1468986134","0.276923"
"1468986134","1604970029","0.401923"
"1604970029","1468986134","0.401923"
"1468986134","1899673144","0.0769231"
"1899673144","1468986134","0.0769231"
"1468986134","1974531284","0.651923"
"1974531284","1468986134","0.651923"
"1468986134","2071869991","0.201923"
"2071869991","1468986134","0.201923"
"1468986134","2149556457","0.326923"
"2149556457","1468986134","0.326923"
"1468986134","2241857722","0.0769231"
"2241857722","1468986134","0.0769231"
"1468986134","2411354024","0.451923"
"2411354024","1468986134","0.451923"
"1468986134","24446071","0.201923"
"24446071","1468986134","0.201923"
"1468986134","2756430570","0.0769231"
"2756430570","1468986134","0.0769231"
"1529733883","1594386208","0.188034"
"1594386208","1529733883","0.188034"
"1529733883","1974531284","0.0769231"
"1974531284","1529733883","0.0769231"
"1529733883","2149556457","0.0769231"
"2149556457","1529733883","0.0769231"
"1529733883","24446071","0.0769231"
"24446071","1529733883","0.0769231"
"1550000763","1594386208","0.0769231"
"1594386208","1550000763","0.0769231"
"1550000763","1899673144","0.148352"
"1899673144","1550000763","0.148352"
"1550000763","1974531284","0.201923"
"1974531284","1550000763","0.201923"
"1550000763","2149556457","0.0769231"
"2149556457","1550000763","0.0769231"
"1550000763","2241857722","0.148352"
"2241857722","1550000763","0.148352"
"1550000763","24446071","0.201923"
"24446071","1550000763","0.201923"
"1550000763","2756430570","0.0769231"
"2756430570","1550000763","0.0769231"
"1594386208","1604970029","0.276923"
"1604970029","1594386208","0.276923"
"1594386208","1899673144","0.0769231"
"1899673144","1594386208","0.0769231"
"1594386208","1974531284","0.276923"
"1974531284","1594386208","0.276923"
"1594386208","2071869991","0.0769231"
"2071869991","1594386208","0.0769231"
"1594386208","2149556457","0.0769231"
"2149556457","1594386208","0.0769231"
"1594386208","2241857722","0.0769231"
"2241857722","1594386208","0.0769231"
"1594386208","2411354024","0.0769231"
"2411354024","1594386208","0.0769231"
"1594386208","24446071","0.0769231"
"24446071","1594386208","0.0769231"
"1594386208","2756430570","0.0769231"
"2756430570","1594386208","0.0769231"
"1604970029","1899673144","0.167832"
"1899673144","1604970029","0.167832"
"1604970029","1974531284","0.401923"
"1974531284","1604970029","0.401923"
"1604970029","2149556457","0.0769231"
"2149556457","1604970029","0.0769231"
"1604970029","2241857722","0.167832"
"2241857722","1604970029","0.167832"
"1899673144","2149556457","0.0769231"
"2149556457","1899673144","0.0769231"
"1899673144","2411354024","0.148352"
"2411354024","1899673144","0.148352"
"1899673144","24446071","0.0769231"
"24446071","1899673144","0.0769231"
"1899673144","2756430570","0.0769231"
"2756430570","1899673144","0.0769231"
"1974531284","2071869991","0.201923"
"2071869991","1974531284","0.201923"
"1974531284","2149556457","0.326923"
"2149556457","1974531284","0.326923"
"1974531284","2411354024","0.201923"
"2411354024","1974531284","0.201923"
"1974531284","24446071","0.201923"
"24446071","1974531284","0.201923"
"1974531284","2756430570","0.0769231"
"2756430570","1974531284","0.0769231"
"2071869991","2149556457","0.0769231"
"2149556457","2071869991","0.0769231"
"2071869991","24446071","0.201923"
"24446071","2071869991","0.201923"
"2149556457","2241857722","0.0769231"
"2241857722","2149556457","0.0769231"
"2149556457","2411354024","1.07692"
"2411354024","2149556457","1.07692"
"2149556457","24446071","0.0769231"
"24446071","2149556457","0.0769231"
"2149556457","2756430570","0.0769231"
"2756430570","2149556457","0.0769231"
"2241857722","2411354024","0.148352"
"2411354024","2241857722","0.148352"
"2241857722","24446071","0.0769231"
"24446071","2241857722","0.0769231"
"2241857722","2756430570","0.0769231"
"2756430570","2241857722","0.0769231"
"2411354024","24446071","0.201923"
"24446071","2411354024","0.201923"
"110479989","1463944966","0.0909091"
"1463944966","110479989","0.0909091"
"110479989","1931604409","0.0909091"
"1931604409","110479989","0.0909091"
"110479989","2146270836","0.424242"
"2146270836","110479989","0.424242"
"110479989","2155873597","0.0909091"
"2155873597","110479989","0.0909091"
"110479989","2346878720","0.0909091"
"2346878720","110479989","0.0909091"
"110479989","2404167293","0.0909091"
"2404167293","110479989","0.0909091"
"110479989","2463456957","0.0909091"
"2463456957","110479989","0.0909091"
"110479989","2739510617","0.0909091"
"2739510617","110479989","0.0909091"
"1463944966","1466389411","2.83582"
"1466389411","1463944966","2.83582"
"1463944966","1931604409","1.12825"
"1931604409","1463944966","1.12825"
"1463944966","2146270836","0.994156"
"2146270836","1463944966","0.994156"
"1463944966","2155873597","0.773485"
"2155873597","1463944966","0.773485"
"1463944966","2346878720","2.08582"
"2346878720","1463944966","2.08582"
"1463944966","2394619600","3.90325"
"2394619600","1463944966","3.90325"
"1463944966","2404167293","1.51158"
"2404167293","1463944966","1.51158"
"1463944966","2463456957","2.82825"
"2463456957","1463944966","2.82825"
"1463944966","2739510617","3.57348"
"2739510617","1463944966","3.57348"
"1463944966","2756430570","0.0909091"
"2756430570","1463944966","0.0909091"
"1466389411","1931604409","0.96158"
"1931604409","1466389411","0.96158"
"1466389411","2146270836","1.64812"
"2146270836","1466389411","1.64812"
"1466389411","2155873597","1.10682"
"2155873597","1466389411","1.10682"
"1466389411","2346878720","3.48784"
"2346878720","1466389411","3.48784"
"1466389411","2404167293","2.07825"
"2404167293","1466389411","2.07825"
"1466389411","2463456957","1.81158"
"2463456957","1466389411","1.81158"
"1466389411","2739510617","1.75682"
"2739510617","1466389411","1.75682"
"1931604409","2146270836","1.61436"
"2146270836","1931604409","1.61436"
"1931604409","2155873597","0.849242"
"2155873597","1931604409","0.849242"
"1931604409","2346878720","1.13222"
"2346878720","1931604409","1.13222"
"1931604409","2394619600","1.33658"
"2394619600","1931604409","1.33658"
"1931604409","2404167293","0.670671"
"2404167293","1931604409","0.670671"
"1931604409","2463456957","0.898449"
"2463456957","1931604409","0.898449"
"1931604409","2739510617","0.9421"
"2739510617","1931604409","0.9421"
"1931604409","2756430570","0.0909091"
"2756430570","1931604409","0.0909091"
"2146270836","2155873597","0.926263"
"2155873597","2146270836","0.926263"
"2146270836","2346878720","1.54257"
"2346878720","2146270836","1.54257"
"2146270836","2394619600","0.719913"
"2394619600","2146270836","0.719913"
"2146270836","2404167293","1.01436"
"2404167293","2146270836","1.01436"
"2146270836","2463456957","1.07388"
"2463456957","2146270836","1.07388"
"2146270836","2739510617","1.11515"
"2739510617","2146270836","1.11515"
"2146270836","2756430570","0.424242"
"2756430570","2146270836","0.424242"
"2155873597","2346878720","1.6346"
"2346878720","2155873597","1.6346"
"2155873597","2394619600","0.724242"
"2394619600","2155873597","0.724242"
"2155873597","2404167293","0.717929"
"2404167293","2155873597","0.717929"
"2155873597","2463456957","0.606818"
"2463456957","2155873597","0.606818"
"2155873597","2739510617","0.690152"
"2739510617","2155873597","0.690152"
"2155873597","2756430570","0.0909091"
"2756430570","2155873597","0.0909091"
"2346878720","2394619600","5.99416"
"2394619600","2346878720","5.99416"
"2346878720","2404167293","3.32269"
"2404167293","2346878720","3.32269"
"2346878720","2463456957","4.16555"
"2463456957","2346878720","4.16555"
"2346878720","2739510617","2.93301"
"2739510617","2346878720","2.93301"
"2346878720","2756430570","0.0909091"
"2756430570","2346878720","0.0909091"
"2394619600","2404167293","1.70519"
"2404167293","2394619600","1.70519"
"2394619600","2463456957","2.379"
"2463456957","2394619600","2.379"
"2394619600","2739510617","1.12424"
"2739510617","2394619600","1.12424"
"2404167293","2463456957","1.37825"
"2463456957","2404167293","1.37825"
"2404167293","2739510617","1.15682"
"2739510617","2404167293","1.15682"
"2404167293","2756430570","0.0909091"
"2756430570","2404167293","0.0909091"
"2463456957","2739510617","2.27348"
"2739510617","2463456957","2.27348"
"2463456957","2756430570","0.0909091"
"2756430570","2463456957","0.0909091"
"2739510617","2756430570","0.0909091"
"2756430570","2739510617","0.0909091"
"110479989","189499990","0.333333"
"189499990","110479989","0.333333"
"189499990","2146270836","0.416667"
"2146270836","189499990","0.416667"
"189499990","2756430570","0.333333"
"2756430570","189499990","0.333333"
"143386018","2394619600","1.03853"
"2394619600","143386018","1.03853"
"143386018","2545457694","1.61111"
"2545457694","143386018","1.61111"
"143386018","1463944966","0.912338"
"1463944966","143386018","0.912338"
"143386018","2054626033","3.06991"
"2054626033","143386018","3.06991"
"143386018","2111397260","1.65563"
"2111397260","143386018","1.65563"
"143386018","2127171880","2.78377"
"2127171880","143386018","2.78377"
"143386018","2146270836","1.66472"
"2146270836","143386018","1.66472"
"143386018","2404167293","1.38535"
"2404167293","143386018","1.38535"
"143386018","2463456957","0.816306"
"2463456957","143386018","0.816306"
"143386018","2739510617","0.940909"
"2739510617","143386018","0.940909"
"143386018","2765667105","0.925397"
"2765667105","143386018","0.925397"
"143386018","62917406","1.65563"
"62917406","143386018","1.65563"
"1463944966","2054626033","0.774242"
"2054626033","1463944966","0.774242"
"1463944966","2111397260","1.45325"
"2111397260","1463944966","1.45325"
"1463944966","2127171880","0.995671"
"2127171880","1463944966","0.995671"
"1463944966","2765667105","1.54567"
"2765667105","1463944966","1.54567"
"1463944966","62917406","1.45325"
"62917406","1463944966","1.45325"
"2054626033","2111397260","1.85087"
"2111397260","2054626033","1.85087"
"2054626033","2127171880","3.28059"
"2127171880","2054626033","3.28059"
"2054626033","2146270836","2.68377"
"2146270836","2054626033","2.68377"
"2054626033","2404167293","1.24726"
"2404167293","2054626033","1.24726"
"2054626033","2463456957","0.70202"
"2463456957","2054626033","0.70202"
"2054626033","2739510617","0.983766"
"2739510617","2054626033","0.983766"
"2054626033","2765667105","1.42222"
"2765667105","2054626033","1.42222"
"2054626033","62917406","1.85087"
"62917406","2054626033","1.85087"
"2111397260","2127171880","3.01277"
"2127171880","2111397260","3.01277"
"2111397260","2146270836","1.99452"
"2146270836","2111397260","1.99452"
"2111397260","2404167293","1.62345"
"2404167293","2111397260","1.62345"
"2111397260","2463456957","1.07186"
"2463456957","2111397260","1.07186"
"2111397260","2739510617","1.30043"
"2739510617","2111397260","1.30043"
"2111397260","2765667105","1.34964"
"2765667105","2111397260","1.34964"
"2111397260","62917406","18.5338"
"62917406","2111397260","18.5338"
"2127171880","2146270836","1.98853"
"2146270836","2127171880","1.98853"
"2127171880","2404167293","1.37778"
"2404167293","2127171880","1.37778"
"2127171880","2463456957","0.80873"
"2463456957","2127171880","0.80873"
"2127171880","2739510617","0.816667"
"2739510617","2127171880","0.816667"
"2127171880","2765667105","2.79408"
"2765667105","2127171880","2.79408"
"2127171880","62917406","2.01277"
"62917406","2127171880","2.01277"
"2146270836","2765667105","1.08297"
"2765667105","2146270836","1.08297"
"2146270836","62917406","1.99452"
"62917406","2146270836","1.99452"
"2404167293","2765667105","1.40476"
"2765667105","2404167293","1.40476"
"2404167293","62917406","1.62345"
"62917406","2404167293","1.62345"
"2463456957","2765667105","0.492063"
"2765667105","2463456957","0.492063"
"2463456957","62917406","1.07186"
"62917406","2463456957","1.07186"
"2739510617","2765667105","0.5"
"2765667105","2739510617","0.5"
"2739510617","62917406","1.30043"
"62917406","2739510617","1.30043"
"2765667105","62917406","1.34964"
"62917406","2765667105","1.34964"
"143386018","1466389411","1.93499"
"1466389411","143386018","1.93499"
"143386018","1987516957","1.23377"
"1987516957","143386018","1.23377"
"1466389411","1987516957","1.23377"
"1987516957","1466389411","1.23377"
"143386018","1899673144","0.5"
"1899673144","143386018","0.5"
"1899673144","2054626033","0.5"
"2054626033","1899673144","0.5"
"143386018","2113266120","1.30043"
"2113266120","143386018","1.30043"
"143386018","2750634282","0.362338"
"2750634282","143386018","0.362338"
"2054626033","2113266120","3.77662"
"2113266120","2054626033","3.77662"
"2054626033","2750634282","0.290909"
"2750634282","2054626033","0.290909"
"2113266120","2127171880","1.99091"
"2127171880","2113266120","1.99091"
"2113266120","2146270836","1.24286"
"2146270836","2113266120","1.24286"
"2113266120","2750634282","0.290909"
"2750634282","2113266120","0.290909"
"2127171880","2750634282","0.612338"
"2750634282","2127171880","0.612338"
"2146270836","2750634282","0.354762"
"2750634282","2146270836","0.354762"
"143386018","1975290931","0.342857"
"1975290931","143386018","0.342857"
"143386018","1981645457","0.342857"
"1981645457","143386018","0.342857"
"143386018","2027670258","1.56869"
"2027670258","143386018","1.56869"
"1975290931","1981645457","0.2"
"1981645457","1975290931","0.2"
"1975290931","2027670258","0.342857"
"2027670258","1975290931","0.342857"
"1975290931","2054626033","0.592857"
"2054626033","1975290931","0.592857"
"1975290931","2127171880","0.342857"
"2127171880","1975290931","0.342857"
"1981645457","2027670258","0.342857"
"2027670258","1981645457","0.342857"
"1981645457","2054626033","0.342857"
"2054626033","1981645457","0.342857"
"1981645457","2127171880","0.342857"
"2127171880","1981645457","0.342857"
"2027670258","2054626033","1.60678"
"2054626033","2027670258","1.60678"
"2027670258","2127171880","3.4596"
"2127171880","2027670258","3.4596"
"1466389411","2054626033","1.63023"
"2054626033","1466389411","1.63023"
"1466389411","2127171880","1.62547"
"2127171880","1466389411","1.62547"
"143386018","2155873597","0.50202"
"2155873597","143386018","0.50202"
"143386018","2346878720","1.22944"
"2346878720","143386018","1.22944"
"2054626033","2155873597","0.60202"
"2155873597","2054626033","0.60202"
"2054626033","2346878720","1.78023"
"2346878720","2054626033","1.78023"
"2111397260","2113266120","1.29885"
"2113266120","2111397260","1.29885"
"2111397260","2155873597","0.50202"
"2155873597","2111397260","0.50202"
"2111397260","2346878720","1.73543"
"2346878720","2111397260","1.73543"
"2113266120","2155873597","0.177778"
"2155873597","2113266120","0.177778"
"2113266120","2346878720","0.605988"
"2346878720","2113266120","0.605988"
"2113266120","2404167293","0.344444"
"2404167293","2113266120","0.344444"
"2113266120","62917406","1.29885"
"62917406","2113266120","1.29885"
"2127171880","2155873597","0.494444"
"2155873597","2127171880","0.494444"
"2127171880","2346878720","1.41833"
"2346878720","2127171880","1.41833"
"2155873597","62917406","0.50202"
"62917406","2155873597","0.50202"
"2346878720","62917406","1.73543"
"62917406","2346878720","1.73543"
"2346878720","2765667105","0.849639"
"2765667105","2346878720","0.849639"
"143386018","1604970029","0.111111"
"1604970029","143386018","0.111111"
"143386018","2047186275","0.111111"
"2047186275","143386018","0.111111"
"143386018","2411354024","0.111111"
"2411354024","143386018","0.111111"
"1466389411","1604970029","0.111111"
"1604970029","1466389411","0.111111"
"1466389411","2111397260","2.55368"
"2111397260","1466389411","2.55368"
"1466389411","2411354024","0.561111"
"2411354024","1466389411","0.561111"
"1466389411","62917406","2.55368"
"62917406","1466389411","2.55368"
"1604970029","1987516957","0.111111"
"1987516957","1604970029","0.111111"
"1604970029","2047186275","0.311111"
"2047186275","1604970029","0.311111"
"1604970029","2111397260","0.111111"
"2111397260","1604970029","0.111111"
"1604970029","2346878720","0.111111"
"2346878720","1604970029","0.111111"
"1604970029","62917406","0.111111"
"62917406","1604970029","0.111111"
"1987516957","2047186275","0.111111"
"2047186275","1987516957","0.111111"
"1987516957","2111397260","0.900433"
"2111397260","1987516957","0.900433"
"1987516957","2346878720","0.396465"
"2346878720","1987516957","0.396465"
"1987516957","2411354024","0.111111"
"2411354024","1987516957","0.111111"
"1987516957","2545457694","0.611111"
"2545457694","1987516957","0.611111"
"1987516957","62917406","0.900433"
"62917406","1987516957","0.900433"
"2047186275","2111397260","0.111111"
"2111397260","2047186275","0.111111"
"2047186275","2346878720","0.111111"
"2346878720","2047186275","0.111111"
"2047186275","2411354024","0.361111"
"2411354024","2047186275","0.361111"
"2047186275","62917406","0.111111"
"62917406","2047186275","0.111111"
"2111397260","2411354024","0.111111"
"2411354024","2111397260","0.111111"
"2111397260","2545457694","0.194444"
"2545457694","2111397260","0.194444"
"2346878720","2411354024","1.06111"
"2411354024","2346878720","1.06111"
"2346878720","2545457694","0.111111"
"2545457694","2346878720","0.111111"
"2411354024","62917406","0.111111"
"62917406","2411354024","0.111111"
"2545457694","62917406","0.194444"
"62917406","2545457694","0.194444"
"1466389411","2027670258","1.13102"
"2027670258","1466389411","1.13102"
"1466389411","2113266120","0.678211"
"2113266120","1466389411","0.678211"
"1987516957","2027670258","0.285354"
"2027670258","1987516957","0.285354"
"1987516957","2054626033","4.90043"
"2054626033","1987516957","4.90043"
"1987516957","2113266120","3.78932"
"2113266120","1987516957","3.78932"
"1987516957","2127171880","1.75758"
"2127171880","1987516957","1.75758"
"1987516957","2146270836","0.698413"
"2146270836","1987516957","0.698413"
"2027670258","2111397260","0.773882"
"2111397260","2027670258","0.773882"
"2027670258","2113266120","0.528211"
"2113266120","2027670258","0.528211"
"2027670258","2146270836","0.806782"
"2146270836","2027670258","0.806782"
