"111992927","113555067","4.0585"
"113555067","111992927","4.0585"
"111992927","1553146597","0.316667"
"1553146597","111992927","0.316667"
"111992927","1562827676","1.4381"
"1562827676","111992927","1.4381"
"111992927","2089542785","0.465018"
"2089542785","111992927","0.465018"
"113555067","1553146597","0.375"
"1553146597","113555067","0.375"
"113555067","1562827676","3.0131"
"1562827676","113555067","3.0131"
"113555067","2089542785","1.14835"
"2089542785","113555067","1.14835"
"1553146597","1562827676","0.5"
"1562827676","1553146597","0.5"
"1553146597","2089542785","0.705556"
"2089542785","1553146597","0.705556"
"1562827676","2089542785","1.57143"
"2089542785","1562827676","1.57143"
"111992927","2337090398","3.16502"
"2337090398","111992927","3.16502"
"111992927","116246279","0.378735"
"116246279","111992927","0.378735"
"111992927","2054356884","0.383497"
"2054356884","111992927","0.383497"
"111992927","2116095821","0.57324"
"2116095821","111992927","0.57324"
"111992927","2166698306","0.383497"
"2166698306","111992927","0.383497"
"111992927","2257050132","0.378735"
"2257050132","111992927","0.378735"
"111992927","2467340036","0.312068"
"2467340036","111992927","0.312068"
"111992927","2493596742","0.383497"
"2493596742","111992927","0.383497"
"111992927","2618765274","0.26859"
"2618765274","111992927","0.26859"
"116246279","2054356884","0.986076"
"2054356884","116246279","0.986076"
"116246279","2116095821","1.60776"
"2116095821","116246279","1.60776"
"116246279","2166698306","0.855124"
"2166698306","116246279","0.855124"
"116246279","2257050132","2.27477"
"2257050132","116246279","2.27477"
"116246279","2467340036","2.08449"
"2467340036","116246279","2.08449"
"116246279","2493596742","1.06941"
"2493596742","116246279","1.06941"
"116246279","2618765274","4.07871"
"2618765274","116246279","4.07871"
"2054356884","2116095821","1.29193"
"2116095821","2054356884","1.29193"
"2054356884","2166698306","3.91343"
"2166698306","2054356884","3.91343"
"2054356884","2257050132","0.886213"
"2257050132","2054356884","0.886213"
"2054356884","2467340036","1.93333"
"2467340036","2054356884","1.93333"
"2054356884","2493596742","1.96938"
"2493596742","2054356884","1.96938"
"2054356884","2618765274","0.887042"
"2618765274","2054356884","0.887042"
"2116095821","2166698306","1.18244"
"2166698306","2116095821","1.18244"
"2116095821","2257050132","1.42681"
"2257050132","2116095821","1.42681"
"2116095821","2467340036","2.36141"
"2467340036","2116095821","2.36141"
"2116095821","2493596742","3.47172"
"2493596742","2116095821","3.47172"
"2116095821","2618765274","0.497619"
"2618765274","2116095821","0.497619"
"2166698306","2257050132","0.630261"
"2257050132","2166698306","0.630261"
"2166698306","2467340036","1.79607"
"2467340036","2166698306","1.79607"
"2166698306","2493596742","5.78053"
"2493596742","2166698306","5.78053"
"2166698306","2618765274","0.75609"
"2618765274","2166698306","0.75609"
"2257050132","2467340036","6.28826"
"2467340036","2257050132","6.28826"
"2257050132","2493596742","1.33621"
"2493596742","2257050132","1.33621"
"2257050132","2618765274","1.88288"
"2618765274","2257050132","1.88288"
"2467340036","2493596742","7.67702"
"2493596742","2467340036","7.67702"
"2467340036","2618765274","4.83149"
"2618765274","2467340036","4.83149"
"2493596742","2618765274","0.970375"
"2618765274","2493596742","0.970375"
"111992927","2159541603","2.35476"
"2159541603","111992927","2.35476"
"113555067","2159541603","13.8964"
"2159541603","113555067","13.8964"
"1562827676","2159541603","1.72976"
"2159541603","1562827676","1.72976"
"111992927","2529672650","1.04348"
"2529672650","111992927","1.04348"
"111992927","208017778","0.243478"
"208017778","111992927","0.243478"
"111992927","2144591754","0.0434783"
"2144591754","111992927","0.0434783"
"111992927","2161414947","0.376812"
"2161414947","111992927","0.376812"
"111992927","2162566589","0.187068"
"2162566589","111992927","0.187068"
"111992927","2341583189","0.0434783"
"2341583189","111992927","0.0434783"
"111992927","2486253829","0.110145"
"2486253829","111992927","0.110145"
"111992927","2536293744","0.0434783"
"2536293744","111992927","0.0434783"
"111992927","2538708258","0.0434783"
"2538708258","111992927","0.0434783"
"111992927","2626598749","0.110145"
"2626598749","111992927","0.110145"
"111992927","2766438476","0.110145"
"2766438476","111992927","0.110145"
"111992927","2903479414","0.0434783"
"2903479414","111992927","0.0434783"
"111992927","2971334803","0.0434783"
"2971334803","111992927","0.0434783"
"111992927","53608428","0.243478"
"53608428","111992927","0.243478"
"111992927","802704771","0.110145"
"802704771","111992927","0.110145"
"113555067","116246279","0.245401"
"116246279","113555067","0.245401"
"113555067","2054356884","0.31683"
"2054356884","113555067","0.31683"
"113555067","208017778","0.168478"
"208017778","113555067","0.168478"
"113555067","2116095821","0.864907"
"2116095821","113555067","0.864907"
"113555067","2144591754","0.0434783"
"2144591754","113555067","0.0434783"
"113555067","2161414947","1.70181"
"2161414947","113555067","1.70181"
"113555067","2162566589","0.570401"
"2162566589","113555067","0.570401"
"113555067","2166698306","0.31683"
"2166698306","113555067","0.31683"
"113555067","2257050132","0.120401"
"2257050132","113555067","0.120401"
"113555067","2341583189","0.0434783"
"2341583189","113555067","0.0434783"
"113555067","2467340036","0.120401"
"2467340036","113555067","0.120401"
"113555067","2486253829","0.0434783"
"2486253829","113555067","0.0434783"
"113555067","2493596742","0.64183"
"2493596742","113555067","0.64183"
"113555067","2529672650","0.0434783"
"2529672650","113555067","0.0434783"
"113555067","2536293744","0.0434783"
"2536293744","113555067","0.0434783"
"113555067","2538708258","0.0434783"
"2538708258","113555067","0.0434783"
"113555067","2626598749","0.0434783"
"2626598749","113555067","0.0434783"
"113555067","2766438476","0.0434783"
"2766438476","113555067","0.0434783"
"113555067","2903479414","0.0434783"
"2903479414","113555067","0.0434783"
"113555067","2971334803","0.0434783"
"2971334803","113555067","0.0434783"
"113555067","53608428","0.0434783"
"53608428","113555067","0.0434783"
"113555067","802704771","0.0434783"
"802704771","113555067","0.0434783"
"116246279","208017778","0.203597"
"208017778","116246279","0.203597"
"116246279","2144591754","0.353597"
"2144591754","116246279","0.353597"
"116246279","2161414947","0.259153"
"2161414947","116246279","0.259153"
"116246279","2162566589","0.583298"
"2162566589","116246279","0.583298"
"116246279","2341583189","0.701812"
"2341583189","116246279","0.701812"
"116246279","2486253829","0.426812"
"2486253829","116246279","0.426812"
"116246279","2529672650","0.276812"
"2529672650","116246279","0.276812"
"116246279","2536293744","0.0434783"
"2536293744","116246279","0.0434783"
"116246279","2538708258","0.186335"
"2538708258","116246279","0.186335"
"116246279","2626598749","0.336335"
"2626598749","116246279","0.336335"
"116246279","2766438476","0.903002"
"2766438476","116246279","0.903002"
"116246279","2903479414","0.110145"
"2903479414","116246279","0.110145"
"116246279","2971334803","0.0434783"
"2971334803","116246279","0.0434783"
"116246279","53608428","0.641097"
"53608428","116246279","0.641097"
"116246279","802704771","2.06312"
"802704771","116246279","2.06312"
"2054356884","208017778","0.615477"
"208017778","2054356884","0.615477"
"2054356884","2144591754","0.94881"
"2144591754","2054356884","0.94881"
"2054356884","2161414947","1.5032"
"2161414947","2054356884","1.5032"
"2054356884","2162566589","0.917425"
"2162566589","2054356884","0.917425"
"2054356884","2341583189","0.345102"
"2341583189","2054356884","0.345102"
"2054356884","2486253829","0.368081"
"2486253829","2054356884","0.368081"
"2054356884","2529672650","0.376812"
"2529672650","2054356884","0.376812"
"2054356884","2536293744","0.187068"
"2536293744","2054356884","0.187068"
"2054356884","2538708258","0.0434783"
"2538708258","2054356884","0.0434783"
"2054356884","2626598749","0.110145"
"2626598749","2054356884","0.110145"
"2054356884","2766438476","0.368081"
"2766438476","2054356884","0.368081"
"2054356884","2903479414","0.110145"
"2903479414","2054356884","0.110145"
"2054356884","2971334803","0.0434783"
"2971334803","2054356884","0.0434783"
"2054356884","53608428","0.351054"
"53608428","2054356884","0.351054"
"2054356884","802704771","1.23772"
"802704771","2054356884","1.23772"
"208017778","2116095821","0.975296"
"2116095821","208017778","0.975296"
"208017778","2144591754","2.95639"
"2144591754","208017778","2.95639"
"208017778","2161414947","0.830221"
"2161414947","208017778","0.830221"
"208017778","2162566589","0.364312"
"2162566589","208017778","0.364312"
"208017778","2166698306","0.450434"
"2166698306","208017778","0.450434"
"208017778","2257050132","1.07873"
"2257050132","208017778","1.07873"
"208017778","2341583189","0.511768"
"2341583189","208017778","0.511768"
"208017778","2467340036","1.4628"
"2467340036","208017778","1.4628"
"208017778","2486253829","0.0791925"
"2486253829","208017778","0.0791925"
"208017778","2493596742","1.33139"
"2493596742","208017778","1.33139"
"208017778","2529672650","0.0434783"
"2529672650","208017778","0.0434783"
"208017778","2536293744","0.120401"
"2536293744","208017778","0.120401"
"208017778","2538708258","0.0434783"
"2538708258","208017778","0.0434783"
"208017778","2626598749","0.210145"
"2626598749","208017778","0.210145"
"208017778","2766438476","0.412526"
"2766438476","208017778","0.412526"
"208017778","2903479414","0.0434783"
"2903479414","208017778","0.0434783"
"208017778","2971334803","0.0434783"
"2971334803","208017778","0.0434783"
"208017778","53608428","0.80863"
"53608428","208017778","0.80863"
"208017778","802704771","0.746887"
"802704771","208017778","0.746887"
"2116095821","2144591754","1.9753"
"2144591754","2116095821","1.9753"
"2116095821","2161414947","0.642721"
"2161414947","2116095821","0.642721"
"2116095821","2162566589","0.604589"
"2162566589","2116095821","0.604589"
"2116095821","2341583189","1.21177"
"2341583189","2116095821","1.21177"
"2116095821","2486253829","0.323637"
"2486253829","2116095821","0.323637"
"2116095821","2529672650","2.44348"
"2529672650","2116095821","2.44348"
"2116095821","2536293744","0.110145"
"2536293744","2116095821","0.110145"
"2116095821","2538708258","0.0434783"
"2538708258","2116095821","0.0434783"
"2116095821","2626598749","0.176812"
"2626598749","2116095821","0.176812"
"2116095821","2766438476","0.448637"
"2766438476","2116095821","0.448637"
"2116095821","2903479414","0.110145"
"2903479414","2116095821","0.110145"
"2116095821","2971334803","0.168478"
"2971334803","2116095821","0.168478"
"2116095821","53608428","0.68363"
"53608428","2116095821","0.68363"
"2116095821","802704771","0.770498"
"802704771","2116095821","0.770498"
"2144591754","2161414947","0.830221"
"2161414947","2144591754","0.830221"
"2144591754","2162566589","0.239312"
"2162566589","2144591754","0.239312"
"2144591754","2166698306","0.700434"
"2166698306","2144591754","0.700434"
"2144591754","2257050132","3.46207"
"2257050132","2144591754","3.46207"
"2144591754","2341583189","1.6451"
"2341583189","2144591754","1.6451"
"2144591754","2467340036","3.1378"
"2467340036","2144591754","3.1378"
"2144591754","2486253829","0.729193"
"2486253829","2144591754","0.729193"
"2144591754","2493596742","2.11472"
"2493596742","2144591754","2.11472"
"2144591754","2529672650","0.110145"
"2529672650","2144591754","0.110145"
"2144591754","2536293744","0.120401"
"2536293744","2144591754","0.120401"
"2144591754","2538708258","0.293478"
"2538708258","2144591754","0.293478"
"2144591754","2626598749","0.543478"
"2626598749","2144591754","0.543478"
"2144591754","2766438476","0.937526"
"2766438476","2144591754","0.937526"
"2144591754","2903479414","0.110145"
"2903479414","2144591754","0.110145"
"2144591754","2971334803","0.168478"
"2971334803","2144591754","0.168478"
"2144591754","53608428","0.73363"
"53608428","2144591754","0.73363"
"2144591754","802704771","2.18855"
"802704771","2144591754","2.18855"
"2161414947","2162566589","0.869867"
"2162566589","2161414947","0.869867"
"2161414947","2166698306","0.504824"
"2166698306","2161414947","0.504824"
"2161414947","2257050132","0.307367"
"2257050132","2161414947","0.307367"
"2161414947","2341583189","0.754193"
"2341583189","2161414947","0.754193"
"2161414947","2467340036","1.24689"
"2467340036","2161414947","1.24689"
"2161414947","2486253829","0.0791925"
"2486253829","2161414947","0.0791925"
"2161414947","2493596742","1.54411"
"2493596742","2161414947","1.54411"
"2161414947","2529672650","0.0434783"
"2529672650","2161414947","0.0434783"
"2161414947","2536293744","0.0434783"
"2536293744","2161414947","0.0434783"
"2161414947","2538708258","0.0434783"
"2538708258","2161414947","0.0434783"
"2161414947","2626598749","0.210145"
"2626598749","2161414947","0.210145"
"2161414947","2766438476","0.204193"
"2766438476","2161414947","0.204193"
"2161414947","2903479414","0.0434783"
"2903479414","2161414947","0.0434783"
"2161414947","2971334803","0.168478"
"2971334803","2161414947","0.168478"
"2161414947","53608428","0.642721"
"53608428","2161414947","0.642721"
"2161414947","802704771","0.677443"
"802704771","2161414947","0.677443"
"2162566589","2166698306","0.504727"
"2166698306","2162566589","0.504727"
"2162566589","2257050132","0.325957"
"2257050132","2162566589","0.325957"
"2162566589","2341583189","0.129193"
"2341583189","2162566589","0.129193"
"2162566589","2467340036","0.747981"
"2467340036","2162566589","0.747981"
"2162566589","2486253829","0.368081"
"2486253829","2162566589","0.368081"
"2162566589","2493596742","0.877346"
"2493596742","2162566589","0.877346"
"2162566589","2529672650","0.0434783"
"2529672650","2162566589","0.0434783"
"2162566589","2536293744","0.0434783"
"2536293744","2162566589","0.0434783"
"2162566589","2538708258","0.0434783"
"2538708258","2162566589","0.0434783"
"2162566589","2626598749","0.110145"
"2626598749","2162566589","0.110145"
"2162566589","2766438476","0.368081"
"2766438476","2162566589","0.368081"
"2162566589","2903479414","0.0434783"
"2903479414","2162566589","0.0434783"
"2162566589","2971334803","0.0434783"
"2971334803","2162566589","0.0434783"
"2162566589","53608428","0.176812"
"53608428","2162566589","0.176812"
"2162566589","802704771","0.726613"
"802704771","2162566589","0.726613"
"2166698306","2341583189","0.386768"
"2341583189","2166698306","0.386768"
"2166698306","2486253829","0.145859"
"2486253829","2166698306","0.145859"
"2166698306","2529672650","0.0434783"
"2529672650","2166698306","0.0434783"
"2166698306","2536293744","0.187068"
"2536293744","2166698306","0.187068"
"2166698306","2538708258","0.0434783"
"2538708258","2166698306","0.0434783"
"2166698306","2626598749","0.110145"
"2626598749","2166698306","0.110145"
"2166698306","2766438476","0.145859"
"2766438476","2166698306","0.145859"
"2166698306","2903479414","0.110145"
"2903479414","2166698306","0.110145"
"2166698306","2971334803","0.0434783"
"2971334803","2166698306","0.0434783"
"2166698306","53608428","1.31101"
"53608428","2166698306","1.31101"
"2166698306","802704771","1.39213"
"802704771","2166698306","1.39213"
"2257050132","2341583189","3.58753"
"2341583189","2257050132","3.58753"
"2257050132","2486253829","0.904193"
"2486253829","2257050132","0.904193"
"2257050132","2529672650","0.526812"
"2529672650","2257050132","0.526812"
"2257050132","2536293744","0.353735"
"2536293744","2257050132","0.353735"
"2257050132","2538708258","0.603002"
"2538708258","2257050132","0.603002"
"2257050132","2626598749","0.861335"
"2626598749","2257050132","0.861335"
"2257050132","2766438476","1.96372"
"2766438476","2257050132","1.96372"
"2257050132","2903479414","0.176812"
"2903479414","2257050132","0.176812"
"2257050132","2971334803","0.0434783"
"2971334803","2257050132","0.0434783"
"2257050132","53608428","0.376812"
"53608428","2257050132","0.376812"
"2257050132","802704771","3.35856"
"802704771","2257050132","3.35856"
"2341583189","2467340036","5.18677"
"2467340036","2341583189","5.18677"
"2341583189","2486253829","0.479193"
"2486253829","2341583189","0.479193"
"2341583189","2493596742","1.71177"
"2493596742","2341583189","1.71177"
"2341583189","2529672650","0.276812"
"2529672650","2341583189","0.276812"
"2341583189","2536293744","0.0434783"
"2536293744","2341583189","0.0434783"
"2341583189","2538708258","0.210145"
"2538708258","2341583189","0.210145"
"2341583189","2626598749","0.0434783"
"2626598749","2341583189","0.0434783"
"2341583189","2766438476","0.479193"
"2766438476","2341583189","0.479193"
"2341583189","2903479414","0.110145"
"2903479414","2341583189","0.110145"
"2341583189","2971334803","0.0434783"
"2971334803","2341583189","0.0434783"
"2341583189","53608428","0.220102"
"53608428","2341583189","0.220102"
"2341583189","802704771","0.695859"
"802704771","2341583189","0.695859"
"2467340036","2486253829","1.70975"
"2486253829","2467340036","1.70975"
"2467340036","2529672650","2.86014"
"2529672650","2467340036","2.86014"
"2467340036","2536293744","0.210145"
"2536293744","2467340036","0.210145"
"2467340036","2538708258","0.353002"
"2538708258","2467340036","0.353002"
"2467340036","2626598749","0.794669"
"2626598749","2467340036","0.794669"
"2467340036","2766438476","2.31094"
"2766438476","2467340036","2.31094"
"2467340036","2903479414","0.110145"
"2903479414","2467340036","0.110145"
"2467340036","2971334803","0.168478"
"2971334803","2467340036","0.168478"
"2467340036","53608428","0.900296"
"53608428","2467340036","0.900296"
"2467340036","802704771","9.13379"
"802704771","2467340036","9.13379"
"2486253829","2493596742","0.145859"
"2493596742","2486253829","0.145859"
"2486253829","2529672650","0.276812"
"2529672650","2486253829","0.276812"
"2486253829","2536293744","0.276812"
"2536293744","2486253829","0.276812"
"2486253829","2538708258","0.210145"
"2538708258","2486253829","0.210145"
"2486253829","2626598749","0.801812"
"2626598749","2486253829","0.801812"
"2486253829","2766438476","2.19308"
"2766438476","2486253829","2.19308"
"2486253829","2903479414","0.176812"
"2903479414","2486253829","0.176812"
"2486253829","2971334803","0.0434783"
"2971334803","2486253829","0.0434783"
"2486253829","53608428","0.0791925"
"53608428","2486253829","0.0791925"
"2486253829","802704771","1.71808"
"802704771","2486253829","1.71808"
"2493596742","2529672650","0.0434783"
"2529672650","2493596742","0.0434783"
"2493596742","2536293744","0.187068"
"2536293744","2493596742","0.187068"
"2493596742","2538708258","0.0434783"
"2538708258","2493596742","0.0434783"
"2493596742","2626598749","0.110145"
"2626598749","2493596742","0.110145"
"2493596742","2766438476","0.270859"
"2766438476","2493596742","0.270859"
"2493596742","2903479414","0.110145"
"2903479414","2493596742","0.110145"
"2493596742","2971334803","0.168478"
"2971334803","2493596742","0.168478"
"2493596742","53608428","0.566963"
"53608428","2493596742","0.566963"
"2493596742","802704771","1.53141"
"802704771","2493596742","1.53141"
"2529672650","2536293744","0.0434783"
"2536293744","2529672650","0.0434783"
"2529672650","2538708258","0.0434783"
"2538708258","2529672650","0.0434783"
"2529672650","2626598749","0.0434783"
"2626598749","2529672650","0.0434783"
"2529672650","2766438476","0.276812"
"2766438476","2529672650","0.276812"
"2529672650","2903479414","0.110145"
"2903479414","2529672650","0.110145"
"2529672650","2971334803","0.0434783"
"2971334803","2529672650","0.0434783"
"2529672650","53608428","0.293478"
"53608428","2529672650","0.293478"
"2529672650","802704771","0.276812"
"802704771","2529672650","0.276812"
"2536293744","2538708258","0.0434783"
"2538708258","2536293744","0.0434783"
"2536293744","2626598749","0.276812"
"2626598749","2536293744","0.276812"
"2536293744","2766438476","0.276812"
"2766438476","2536293744","0.276812"
"2536293744","2903479414","0.110145"
"2903479414","2536293744","0.110145"
"2536293744","2971334803","0.0434783"
"2971334803","2536293744","0.0434783"
"2536293744","53608428","0.0434783"
"53608428","2536293744","0.0434783"
"2536293744","802704771","0.210145"
"802704771","2536293744","0.210145"
"2538708258","2626598749","5.63634"
"2626598749","2538708258","5.63634"
"2538708258","2766438476","0.803002"
"2766438476","2538708258","0.803002"
"2538708258","2903479414","1.57681"
"2903479414","2538708258","1.57681"
"2538708258","2971334803","0.576812"
"2971334803","2538708258","0.576812"
"2538708258","53608428","0.0434783"
"53608428","2538708258","0.0434783"
"2538708258","802704771","0.186335"
"802704771","2538708258","0.186335"
"2626598749","2766438476","1.39467"
"2766438476","2626598749","1.39467"
"2626598749","2903479414","0.310145"
"2903479414","2626598749","0.310145"
"2626598749","2971334803","0.243478"
"2971334803","2626598749","0.243478"
"2626598749","53608428","0.210145"
"53608428","2626598749","0.210145"
"2626598749","802704771","0.669669"
"802704771","2626598749","0.669669"
"2766438476","2903479414","0.376812"
"2903479414","2766438476","0.376812"
"2766438476","2971334803","0.368478"
"2971334803","2766438476","0.368478"
"2766438476","53608428","0.204193"
"53608428","2766438476","0.204193"
"2766438476","802704771","2.15261"
"802704771","2766438476","2.15261"
"2903479414","2971334803","0.576812"
"2971334803","2903479414","0.576812"
"2903479414","53608428","0.0434783"
"53608428","2903479414","0.0434783"
"2903479414","802704771","0.110145"
"802704771","2903479414","0.110145"
"2971334803","53608428","0.168478"
"53608428","2971334803","0.168478"
"2971334803","802704771","0.168478"
"802704771","2971334803","0.168478"
"53608428","802704771","0.559387"
"802704771","53608428","0.559387"
"111992927","2345173537","0.14359"
"2345173537","111992927","0.14359"
"111992927","2412095085","0.14359"
"2412095085","111992927","0.14359"
"113555067","2337090398","3.01502"
"2337090398","113555067","3.01502"
"113555067","2345173537","1.07692"
"2345173537","113555067","1.07692"
"113555067","2412095085","0.0769231"
"2412095085","113555067","0.0769231"
"113555067","2618765274","0.201923"
"2618765274","113555067","0.201923"
"116246279","2089542785","0.199145"
"2089542785","116246279","0.199145"
"116246279","2337090398","2.66303"
"2337090398","116246279","2.66303"
"116246279","2345173537","1.78288"
"2345173537","116246279","1.78288"
"116246279","2412095085","0.29359"
"2412095085","116246279","0.29359"
"2054356884","2089542785","0.603907"
"2089542785","2054356884","0.603907"
"2054356884","2337090398","0.376129"
"2337090398","2054356884","0.376129"
"2054356884","2345173537","0.575336"
"2345173537","2054356884","0.575336"
"2054356884","2412095085","0.33486"
"2412095085","2054356884","0.33486"
"2089542785","2162566589","0.132479"
"2162566589","2089542785","0.132479"
"2089542785","2166698306","0.270574"
"2166698306","2089542785","0.270574"
"2089542785","2257050132","0.14359"
"2257050132","2089542785","0.14359"
"2089542785","2337090398","0.520574"
"2337090398","2089542785","0.520574"
"2089542785","2345173537","0.0769231"
"2345173537","2089542785","0.0769231"
"2089542785","2412095085","0.0769231"
"2412095085","2089542785","0.0769231"
"2089542785","2467340036","0.0769231"
"2467340036","2089542785","0.0769231"
"2089542785","2493596742","0.270574"
"2493596742","2089542785","0.270574"
"2089542785","2618765274","0.199145"
"2618765274","2089542785","0.199145"
"2162566589","2337090398","0.238034"
"2337090398","2162566589","0.238034"
"2162566589","2345173537","1.142"
"2345173537","2162566589","1.142"
"2162566589","2412095085","0.401526"
"2412095085","2162566589","0.401526"
"2162566589","2618765274","0.417598"
"2618765274","2162566589","0.417598"
"2166698306","2337090398","0.550372"
"2337090398","2166698306","0.550372"
"2166698306","2345173537","0.253546"
"2345173537","2166698306","0.253546"
"2166698306","2412095085","0.203546"
"2412095085","2166698306","0.203546"
"2257050132","2337090398","2.13248"
"2337090398","2257050132","2.13248"
"2257050132","2345173537","1.54359"
"2345173537","2257050132","1.54359"
"2257050132","2412095085","0.737637"
"2412095085","2257050132","0.737637"
"2337090398","2345173537","0.426165"
"2345173537","2337090398","0.426165"
"2337090398","2412095085","0.317832"
"2412095085","2337090398","0.317832"
"2337090398","2467340036","1.3595"
"2467340036","2337090398","1.3595"
"2337090398","2493596742","0.550372"
"2493596742","2337090398","0.550372"
"2337090398","2618765274","1.52415"
"2618765274","2337090398","1.52415"
"2345173537","2412095085","1.97577"
"2412095085","2345173537","1.97577"
"2345173537","2467340036","2.42458"
"2467340036","2345173537","2.42458"
"2345173537","2493596742","0.301165"
"2493596742","2345173537","0.301165"
"2345173537","2618765274","0.632875"
"2618765274","2345173537","0.632875"
"2412095085","2467340036","2.86744"
"2467340036","2412095085","2.86744"
"2412095085","2493596742","0.203546"
"2493596742","2412095085","0.203546"
"2412095085","2618765274","0.14359"
"2618765274","2412095085","0.14359"
"1562827676","2161414947","0.658333"
"2161414947","1562827676","0.658333"
"111992927","1997575000","0.0666667"
"1997575000","111992927","0.0666667"
"111992927","2736412990","0.0666667"
"2736412990","111992927","0.0666667"
"111992927","2902785184","0.0666667"
"2902785184","111992927","0.0666667"
"111992927","2945294160","0.0666667"
"2945294160","111992927","0.0666667"
"116246279","1997575000","1.39067"
"1997575000","116246279","1.39067"
"116246279","2736412990","0.341667"
"2736412990","116246279","0.341667"
"116246279","2902785184","0.191667"
"2902785184","116246279","0.191667"
"116246279","2945294160","1.85952"
"2945294160","116246279","1.85952"
"1997575000","2116095821","0.511111"
"2116095821","1997575000","0.511111"
"1997575000","2162566589","0.98869"
"2162566589","1997575000","0.98869"
"1997575000","2257050132","1.71389"
"2257050132","1997575000","1.71389"
"1997575000","2345173537","2.42341"
"2345173537","1997575000","2.42341"
"1997575000","2412095085","1.83294"
"2412095085","1997575000","1.83294"
"1997575000","2467340036","4.98869"
"2467340036","1997575000","4.98869"
"1997575000","2486253829","1.13294"
"2486253829","1997575000","1.13294"
"1997575000","2626598749","0.275"
"2626598749","1997575000","0.275"
"1997575000","2736412990","1.13333"
"2736412990","1997575000","1.13333"
"1997575000","2766438476","1.46627"
"2766438476","1997575000","1.46627"
"1997575000","2902785184","1.27063"
"2902785184","1997575000","1.27063"
"1997575000","2945294160","0.359524"
"2945294160","1997575000","0.359524"
"1997575000","802704771","3.99425"
"802704771","1997575000","3.99425"
"2116095821","2345173537","2.60202"
"2345173537","2116095821","2.60202"
"2116095821","2412095085","0.304401"
"2412095085","2116095821","0.304401"
"2116095821","2736412990","0.0666667"
"2736412990","2116095821","0.0666667"
"2116095821","2902785184","0.266667"
"2902785184","2116095821","0.266667"
"2116095821","2945294160","0.0666667"
"2945294160","2116095821","0.0666667"
"2162566589","2736412990","0.0666667"
"2736412990","2162566589","0.0666667"
"2162566589","2902785184","0.320635"
"2902785184","2162566589","0.320635"
"2162566589","2945294160","0.209524"
"2945294160","2162566589","0.209524"
"2257050132","2736412990","0.425"
"2736412990","2257050132","0.425"
"2257050132","2902785184","0.558333"
"2902785184","2257050132","0.558333"
"2257050132","2945294160","1.30952"
"2945294160","2257050132","1.30952"
"2345173537","2486253829","0.607937"
"2486253829","2345173537","0.607937"
"2345173537","2626598749","0.15"
"2626598749","2345173537","0.15"
"2345173537","2736412990","0.475"
"2736412990","2345173537","0.475"
"2345173537","2766438476","0.607937"
"2766438476","2345173537","0.607937"
"2345173537","2902785184","0.645635"
"2902785184","2345173537","0.645635"
"2345173537","2945294160","1.29286"
"2945294160","2345173537","1.29286"
"2345173537","802704771","2.22266"
"802704771","2345173537","2.22266"
"2412095085","2486253829","1.33294"
"2486253829","2412095085","1.33294"
"2412095085","2626598749","0.275"
"2626598749","2412095085","0.275"
"2412095085","2736412990","2.20833"
"2736412990","2412095085","2.20833"
"2412095085","2766438476","1.66627"
"2766438476","2412095085","1.66627"
"2412095085","2902785184","0.802778"
"2902785184","2412095085","0.802778"
"2412095085","2945294160","0.216667"
"2945294160","2412095085","0.216667"
"2412095085","802704771","1.29885"
"802704771","2412095085","1.29885"
"2467340036","2736412990","1"
"2736412990","2467340036","1"
"2467340036","2902785184","1.07063"
"2902785184","2467340036","1.07063"
"2467340036","2945294160","1.86905"
"2945294160","2467340036","1.86905"
"2486253829","2736412990","1.29167"
"2736412990","2486253829","1.29167"
"2486253829","2902785184","1.21944"
"2902785184","2486253829","1.21944"
"2486253829","2945294160","0.55"
"2945294160","2486253829","0.55"
"2626598749","2736412990","0.525"
"2736412990","2626598749","0.525"
"2626598749","2902785184","0.441667"
"2902785184","2626598749","0.441667"
"2626598749","2945294160","0.292857"
"2945294160","2626598749","0.292857"
"2736412990","2766438476","2.29167"
"2766438476","2736412990","2.29167"
"2736412990","2902785184","2.23333"
"2902785184","2736412990","2.23333"
"2736412990","2945294160","0.55"
"2945294160","2736412990","0.55"
"2736412990","802704771","0.383333"
"802704771","2736412990","0.383333"
"2766438476","2902785184","3.88611"
"2902785184","2766438476","3.88611"
"2766438476","2945294160","0.359524"
"2945294160","2766438476","0.359524"
"2902785184","2945294160","1.54286"
"2945294160","2902785184","1.54286"
"2902785184","802704771","0.853968"
"802704771","2902785184","0.853968"
"2945294160","802704771","0.502381"
"802704771","2945294160","0.502381"
"111992927","2076004957","0.138095"
"2076004957","111992927","0.138095"
"111992927","2077097238","0.0714286"
"2077097238","111992927","0.0714286"
"111992927","2086863233","0.571429"
"2086863233","111992927","0.571429"
"111992927","2159437276","0.271429"
"2159437276","111992927","0.271429"
"111992927","2162810870","0.138095"
"2162810870","111992927","0.138095"
"113555067","2076004957","0.0714286"
"2076004957","113555067","0.0714286"
"113555067","2077097238","0.0714286"
"2077097238","113555067","0.0714286"
"113555067","2086863233","0.0714286"
"2086863233","113555067","0.0714286"
"113555067","2159437276","2.9381"
"2159437276","113555067","2.9381"
"113555067","2162810870","0.0714286"
"2162810870","113555067","0.0714286"
"1562827676","2054356884","0.0714286"
"2054356884","1562827676","0.0714286"
"1562827676","2076004957","0.321429"
"2076004957","1562827676","0.321429"
"1562827676","2077097238","0.0714286"
"2077097238","1562827676","0.0714286"
"1562827676","2086863233","0.0714286"
"2086863233","1562827676","0.0714286"
"1562827676","2116095821","0.196429"
"2116095821","1562827676","0.196429"
"1562827676","2159437276","0.771429"
"2159437276","1562827676","0.771429"
"1562827676","2162810870","0.321429"
"2162810870","1562827676","0.321429"
"1562827676","2166698306","0.0714286"
"2166698306","1562827676","0.0714286"
"1562827676","2337090398","0.771429"
"2337090398","1562827676","0.771429"
"1562827676","2493596742","0.396429"
"2493596742","1562827676","0.396429"
"2054356884","2076004957","0.38254"
"2076004957","2054356884","0.38254"
"2054356884","2077097238","3.08631"
"2077097238","2054356884","3.08631"
"2054356884","2086863233","0.0714286"
"2086863233","2054356884","0.0714286"
"2054356884","2159437276","0.0714286"
"2159437276","2054356884","0.0714286"
"2054356884","2159541603","0.0714286"
"2159541603","2054356884","0.0714286"
"2054356884","2162810870","0.38254"
"2162810870","2054356884","0.38254"
"2076004957","2077097238","0.412698"
"2077097238","2076004957","0.412698"
"2076004957","2086863233","0.0714286"
"2086863233","2076004957","0.0714286"
"2076004957","2089542785","0.193651"
"2089542785","2076004957","0.193651"
"2076004957","2116095821","0.354762"
"2116095821","2076004957","0.354762"
"2076004957","2159437276","0.0714286"
"2159437276","2076004957","0.0714286"
"2076004957","2159541603","0.0714286"
"2159541603","2076004957","0.0714286"
"2076004957","2162810870","4.33254"
"2162810870","2076004957","4.33254"
"2076004957","2166698306","0.618254"
"2166698306","2076004957","0.618254"
"2076004957","2337090398","0.38254"
"2337090398","2076004957","0.38254"
"2076004957","2493596742","0.465873"
"2493596742","2076004957","0.465873"
"2077097238","2086863233","0.0714286"
"2086863233","2077097238","0.0714286"
"2077097238","2089542785","0.126984"
"2089542785","2077097238","0.126984"
"2077097238","2116095821","0.157143"
"2116095821","2077097238","0.157143"
"2077097238","2159437276","0.0714286"
"2159437276","2077097238","0.0714286"
"2077097238","2159541603","0.0714286"
"2159541603","2077097238","0.0714286"
"2077097238","2162810870","0.912698"
"2162810870","2077097238","0.912698"
"2077097238","2166698306","2.61964"
"2166698306","2077097238","2.61964"
"2077097238","2337090398","0.176984"
"2337090398","2077097238","0.176984"
"2077097238","2493596742","0.88631"
"2493596742","2077097238","0.88631"
"2086863233","2089542785","0.0714286"
"2089542785","2086863233","0.0714286"
"2086863233","2116095821","0.0714286"
"2116095821","2086863233","0.0714286"
"2086863233","2159437276","0.0714286"
"2159437276","2086863233","0.0714286"
"2086863233","2159541603","1.07143"
"2159541603","2086863233","1.07143"
"2086863233","2162810870","0.0714286"
"2162810870","2086863233","0.0714286"
"2086863233","2166698306","0.0714286"
"2166698306","2086863233","0.0714286"
"2086863233","2337090398","3.57143"
"2337090398","2086863233","3.57143"
"2086863233","2493596742","0.0714286"
"2493596742","2086863233","0.0714286"
"2089542785","2116095821","0.138095"
"2116095821","2089542785","0.138095"
"2089542785","2159437276","0.571429"
"2159437276","2089542785","0.571429"
"2089542785","2159541603","0.321429"
"2159541603","2089542785","0.321429"
"2089542785","2162810870","0.193651"
"2162810870","2089542785","0.193651"
"2116095821","2159437276","0.138095"
"2159437276","2116095821","0.138095"
"2116095821","2159541603","0.696429"
"2159541603","2116095821","0.696429"
"2116095821","2162810870","0.271429"
"2162810870","2116095821","0.271429"
"2116095821","2337090398","1.36234"
"2337090398","2116095821","1.36234"
"2159437276","2159541603","0.938095"
"2159541603","2159437276","0.938095"
"2159437276","2162810870","0.0714286"
"2162810870","2159437276","0.0714286"
"2159437276","2166698306","0.0714286"
"2166698306","2159437276","0.0714286"
"2159437276","2337090398","0.938095"
"2337090398","2159437276","0.938095"
"2159437276","2493596742","0.0714286"
"2493596742","2159437276","0.0714286"
"2159541603","2162810870","0.0714286"
"2162810870","2159541603","0.0714286"
"2159541603","2166698306","0.0714286"
"2166698306","2159541603","0.0714286"
"2159541603","2337090398","5.9381"
"2337090398","2159541603","5.9381"
"2159541603","2493596742","0.196429"
"2493596742","2159541603","0.196429"
"2162810870","2166698306","0.534921"
"2166698306","2162810870","0.534921"
"2162810870","2337090398","0.299206"
"2337090398","2162810870","0.299206"
"2162810870","2493596742","0.38254"
"2493596742","2162810870","0.38254"
"111992927","1547131737","0.0666667"
"1547131737","111992927","0.0666667"
"111992927","2071940270","0.0666667"
"2071940270","111992927","0.0666667"
"111992927","2130971042","0.266667"
"2130971042","111992927","0.266667"
"116246279","1547131737","0.240278"
"1547131737","116246279","0.240278"
"116246279","1553146597","0.93373"
"1553146597","116246279","0.93373"
"116246279","2071940270","0.37123"
"2071940270","116246279","0.37123"
"116246279","2076004957","2.35873"
"2076004957","116246279","2.35873"
"116246279","2130971042","0.30873"
"2130971042","116246279","0.30873"
"116246279","2162810870","0.275397"
"2162810870","116246279","0.275397"
"1547131737","1553146597","0.261111"
"1553146597","1547131737","0.261111"
"1547131737","2054356884","0.627158"
"2054356884","1547131737","0.627158"
"1547131737","2071940270","2.54382"
"2071940270","1547131737","2.54382"
"1547131737","2076004957","0.213492"
"2076004957","1547131737","0.213492"
"1547131737","2089542785","0.122222"
"2089542785","1547131737","0.122222"
"1547131737","2116095821","0.19329"
"2116095821","1547131737","0.19329"
"1547131737","2130971042","0.714658"
"2130971042","1547131737","0.714658"
"1547131737","2162810870","0.213492"
"2162810870","1547131737","0.213492"
"1547131737","2166698306","3.21049"
"2166698306","1547131737","3.21049"
"1547131737","2257050132","0.23486"
"2257050132","1547131737","0.23486"
"1547131737","2337090398","0.177778"
"2337090398","1547131737","0.177778"
"1547131737","2493596742","0.960491"
"2493596742","1547131737","0.960491"
"1547131737","2618765274","0.184722"
"2618765274","1547131737","0.184722"
"1553146597","2054356884","0.83373"
"2054356884","1553146597","0.83373"
"1553146597","2071940270","0.792063"
"2071940270","1553146597","0.792063"
"1553146597","2076004957","2.25873"
"2076004957","1553146597","2.25873"
"1553146597","2116095821","0.389286"
"2116095821","1553146597","0.389286"
"1553146597","2130971042","0.45873"
"2130971042","1553146597","0.45873"
"1553146597","2162810870","1.1754"
"2162810870","1553146597","1.1754"
"1553146597","2166698306","0.652778"
"2166698306","1553146597","0.652778"
"1553146597","2257050132","0.319841"
"2257050132","1553146597","0.319841"
"1553146597","2337090398","0.261111"
"2337090398","1553146597","0.261111"
"1553146597","2493596742","0.58373"
"2493596742","1553146597","0.58373"
"1553146597","2618765274","0.378175"
"2618765274","1553146597","0.378175"
"2054356884","2071940270","1.07478"
"2071940270","2054356884","1.07478"
"2054356884","2130971042","1.07894"
"2130971042","2054356884","1.07894"
"2071940270","2076004957","0.344444"
"2076004957","2071940270","0.344444"
"2071940270","2089542785","0.455556"
"2089542785","2071940270","0.455556"
"2071940270","2116095821","0.390909"
"2116095821","2071940270","0.390909"
"2071940270","2130971042","1.16228"
"2130971042","2071940270","1.16228"
"2071940270","2162810870","0.261111"
"2162810870","2071940270","0.261111"
"2071940270","2166698306","4.67001"
"2166698306","2071940270","4.67001"
"2071940270","2257050132","0.432479"
"2257050132","2071940270","0.432479"
"2071940270","2337090398","0.261111"
"2337090398","2071940270","0.261111"
"2071940270","2493596742","1.71763"
"2493596742","2071940270","1.71763"
"2071940270","2618765274","0.315675"
"2618765274","2071940270","0.315675"
"2076004957","2130971042","0.344444"
"2130971042","2076004957","0.344444"
"2076004957","2257050132","0.288889"
"2257050132","2076004957","0.288889"
"2076004957","2618765274","0.303175"
"2618765274","2076004957","0.303175"
"2089542785","2130971042","0.122222"
"2130971042","2089542785","0.122222"
"2116095821","2130971042","1.19091"
"2130971042","2116095821","1.19091"
"2130971042","2162810870","0.261111"
"2162810870","2130971042","0.261111"
"2130971042","2166698306","1.78132"
"2166698306","2130971042","1.78132"
"2130971042","2257050132","0.432479"
"2257050132","2130971042","0.432479"
"2130971042","2337090398","0.261111"
"2337090398","2130971042","0.261111"
"2130971042","2493596742","1.41228"
"2493596742","2130971042","1.41228"
"2130971042","2618765274","0.253175"
"2618765274","2130971042","0.253175"
"2162810870","2257050132","0.205556"
"2257050132","2162810870","0.205556"
"2162810870","2618765274","0.219841"
"2618765274","2162810870","0.219841"
"111992927","2113766636","0.5"
"2113766636","111992927","0.5"
"111992927","2154336835","0.5"
"2154336835","111992927","0.5"
"2113766636","2154336835","0.710256"
"2154336835","2113766636","0.710256"
"111992927","2097113938","0.2"
"2097113938","111992927","0.2"
"208017778","2097113938","0.50609"
"2097113938","208017778","0.50609"
"208017778","2130971042","0.534499"
"2130971042","208017778","0.534499"
"2097113938","2116095821","0.35"
"2116095821","2097113938","0.35"
"2097113938","2130971042","0.871368"
"2130971042","2097113938","0.871368"
"2097113938","53608428","0.366667"
"53608428","2097113938","0.366667"
"2130971042","53608428","0.457576"
"53608428","2130971042","0.457576"
"113555067","2102065128","0.325"
"2102065128","113555067","0.325"
"1562827676","208017778","0.125"
"208017778","1562827676","0.125"
