"1483547755","1530248577","1.5"
"1530248577","1483547755","1.5"
"1483547755","1835586838","0.5"
"1835586838","1483547755","0.5"
"1530248577","1835586838","2.5"
"1835586838","1530248577","2.5"
"1483547755","2125007280","1"
"2125007280","1483547755","1"
"1488658290","2508719503","19.7"
"2508719503","1488658290","19.7"
"1488658290","1541083511","4.36667"
"1541083511","1488658290","4.36667"
"1488658290","2038228603","2.95"
"2038228603","1488658290","2.95"
"1541083511","2038228603","3.78333"
"2038228603","1541083511","3.78333"
"1541083511","2508719503","3.03333"
"2508719503","1541083511","3.03333"
"1488658290","2114619180","2.86667"
"2114619180","1488658290","2.86667"
"2114619180","2508719503","1.86667"
"2508719503","2114619180","1.86667"
"1488658290","152846099","1.08333"
"152846099","1488658290","1.08333"
"152846099","2038228603","0.333333"
"2038228603","152846099","0.333333"
"152846099","2508719503","0.833333"
"2508719503","152846099","0.833333"
"2038228603","2508719503","2.11667"
"2508719503","2038228603","2.11667"
"1541083511","2114619180","5.53333"
"2114619180","1541083511","5.53333"
"2038228603","2114619180","1.28333"
"2114619180","2038228603","1.28333"
"1488658290","1576045131","0.533333"
"1576045131","1488658290","0.533333"
"1541083511","1576045131","0.533333"
"1576045131","1541083511","0.533333"
"1576045131","2038228603","0.533333"
"2038228603","1576045131","0.533333"
"1488658290","3018524106","0.75"
"3018524106","1488658290","0.75"
"1541083511","3018524106","0.25"
"3018524106","1541083511","0.25"
"2114619180","3018524106","0.583333"
"3018524106","2114619180","0.583333"
"2508719503","3018524106","0.75"
"3018524106","2508719503","0.75"
"1488658290","1835586838","1"
"1835586838","1488658290","1"
"1835586838","2114619180","1.83333"
"2114619180","1835586838","1.83333"
"1835586838","2508719503","0.5"
"2508719503","1835586838","0.5"
"1488658290","2126272901","0.25"
"2126272901","1488658290","0.25"
"1488658290","2138775315","0.25"
"2138775315","1488658290","0.25"
"1488658290","2540011323","0.25"
"2540011323","1488658290","0.25"
"152846099","2126272901","0.583333"
"2126272901","152846099","0.583333"
"152846099","2138775315","1.04286"
"2138775315","152846099","1.04286"
"152846099","2540011323","0.75"
"2540011323","152846099","0.75"
"2126272901","2138775315","0.25"
"2138775315","2126272901","0.25"
"2126272901","2540011323","0.25"
"2540011323","2126272901","0.25"
"2138775315","2540011323","0.25"
"2540011323","2138775315","0.25"
"1576045131","2114619180","0.2"
"2114619180","1576045131","0.2"
"1576045131","2508719503","0.2"
"2508719503","1576045131","0.2"
"1492480898","1527856372","0.392857"
"1527856372","1492480898","0.392857"
"1492480898","152846099","0.142857"
"152846099","1492480898","0.142857"
"1492480898","1589874346","0.642857"
"1589874346","1492480898","0.642857"
"1492480898","187452225","0.267857"
"187452225","1492480898","0.267857"
"1492480898","1967558780","0.517857"
"1967558780","1492480898","0.517857"
"1492480898","2127382327","0.267857"
"2127382327","1492480898","0.267857"
"1492480898","2138775315","1.01786"
"2138775315","1492480898","1.01786"
"1527856372","152846099","0.809524"
"152846099","1527856372","0.809524"
"1527856372","1589874346","9.42619"
"1589874346","1527856372","9.42619"
"1527856372","187452225","0.47619"
"187452225","1527856372","0.47619"
"1527856372","1967558780","1.09286"
"1967558780","1527856372","1.09286"
"1527856372","2127382327","0.47619"
"2127382327","1527856372","0.47619"
"1527856372","2138775315","0.47619"
"2138775315","1527856372","0.47619"
"152846099","1589874346","1.59286"
"1589874346","152846099","1.59286"
"152846099","187452225","0.47619"
"187452225","152846099","0.47619"
"152846099","1967558780","0.342857"
"1967558780","152846099","0.342857"
"152846099","2127382327","0.142857"
"2127382327","152846099","0.142857"
"1589874346","187452225","0.47619"
"187452225","1589874346","0.47619"
"1589874346","1967558780","1.04286"
"1967558780","1589874346","1.04286"
"1589874346","2127382327","0.97619"
"2127382327","1589874346","0.97619"
"1589874346","2138775315","1.00952"
"2138775315","1589874346","1.00952"
"187452225","1967558780","0.267857"
"1967558780","187452225","0.267857"
"187452225","2127382327","0.267857"
"2127382327","187452225","0.267857"
"187452225","2138775315","0.267857"
"2138775315","187452225","0.267857"
"1967558780","2127382327","0.267857"
"2127382327","1967558780","0.267857"
"1967558780","2138775315","2.21786"
"2138775315","1967558780","2.21786"
"2127382327","2138775315","0.267857"
"2138775315","2127382327","0.267857"
"1492480898","2097517365","0.375"
"2097517365","1492480898","0.375"
"1492480898","2540011323","0.25"
"2540011323","1492480898","0.25"
"1527856372","2097517365","1.25"
"2097517365","1527856372","1.25"
"1527856372","2540011323","0.25"
"2540011323","1527856372","0.25"
"1589874346","2097517365","4.7"
"2097517365","1589874346","4.7"
"1589874346","2540011323","0.25"
"2540011323","1589874346","0.25"
"2097517365","2540011323","0.25"
"2540011323","2097517365","0.25"
"1492480898","2044527277","0.125"
"2044527277","1492480898","0.125"
"1492480898","2125007280","0.375"
"2125007280","1492480898","0.375"
"1492480898","3018524106","0.125"
"3018524106","1492480898","0.125"
"187452225","2044527277","0.125"
"2044527277","187452225","0.125"
"187452225","2097517365","0.458333"
"2097517365","187452225","0.458333"
"187452225","2125007280","0.458333"
"2125007280","187452225","0.458333"
"187452225","3018524106","0.125"
"3018524106","187452225","0.125"
"1967558780","2044527277","0.125"
"2044527277","1967558780","0.125"
"1967558780","2097517365","0.575"
"2097517365","1967558780","0.575"
"1967558780","2125007280","1.125"
"2125007280","1967558780","1.125"
"1967558780","3018524106","0.325"
"3018524106","1967558780","0.325"
"2044527277","2097517365","0.541667"
"2097517365","2044527277","0.541667"
"2044527277","2125007280","0.541667"
"2125007280","2044527277","0.541667"
"2044527277","2127382327","0.458333"
"2127382327","2044527277","0.458333"
"2044527277","2138775315","0.291667"
"2138775315","2044527277","0.291667"
"2044527277","3018524106","1.54167"
"3018524106","2044527277","1.54167"
"2097517365","2125007280","4.825"
"2125007280","2097517365","4.825"
"2097517365","2127382327","0.458333"
"2127382327","2097517365","0.458333"
"2097517365","2138775315","0.941667"
"2138775315","2097517365","0.941667"
"2097517365","3018524106","0.991667"
"3018524106","2097517365","0.991667"
"2125007280","2127382327","0.125"
"2127382327","2125007280","0.125"
"2125007280","2138775315","1.825"
"2138775315","2125007280","1.825"
"2125007280","3018524106","1.325"
"3018524106","2125007280","1.325"
"2127382327","3018524106","0.125"
"3018524106","2127382327","0.125"
"2138775315","3018524106","0.991667"
"3018524106","2138775315","0.991667"
"1589874346","2125007280","5.5"
"2125007280","1589874346","5.5"
"1492480898","2009013415","0.5"
"2009013415","1492480898","0.5"
"2009013415","2138775315","3.5"
"2138775315","2009013415","3.5"
"1503476178","1530248577","4"
"1530248577","1503476178","4"
"1522992924","1529633947","0.142857"
"1529633947","1522992924","0.142857"
"1522992924","2043900646","0.795635"
"2043900646","1522992924","0.795635"
"1522992924","2057901549","3.79563"
"2057901549","1522992924","3.79563"
"1522992924","2100487606","1.29563"
"2100487606","1522992924","1.29563"
"1522992924","2540011323","0.142857"
"2540011323","1522992924","0.142857"
"1522992924","2740847423","0.795635"
"2740847423","1522992924","0.795635"
"1522992924","2951444567","0.378968"
"2951444567","1522992924","0.378968"
"1529633947","2043900646","0.392857"
"2043900646","1529633947","0.392857"
"1529633947","2057901549","0.142857"
"2057901549","1529633947","0.142857"
"1529633947","2100487606","0.642857"
"2100487606","1529633947","0.642857"
"1529633947","2540011323","9.39286"
"2540011323","1529633947","9.39286"
"1529633947","2740847423","0.392857"
"2740847423","1529633947","0.392857"
"1529633947","2951444567","0.392857"
"2951444567","1529633947","0.392857"
"2043900646","2057901549","1.3623"
"2057901549","2043900646","1.3623"
"2043900646","2100487606","2.44563"
"2100487606","2043900646","2.44563"
"2043900646","2540011323","0.392857"
"2540011323","2043900646","0.392857"
"2043900646","2740847423","12.029"
"2740847423","2043900646","12.029"
"2043900646","2951444567","6.6123"
"2951444567","2043900646","6.6123"
"2057901549","2100487606","6.94563"
"2100487606","2057901549","6.94563"
"2057901549","2540011323","0.142857"
"2540011323","2057901549","0.142857"
"2057901549","2740847423","1.3623"
"2740847423","2057901549","1.3623"
"2057901549","2951444567","0.945635"
"2951444567","2057901549","0.945635"
"2100487606","2540011323","0.642857"
"2540011323","2100487606","0.642857"
"2100487606","2740847423","2.44563"
"2740847423","2100487606","2.44563"
"2100487606","2951444567","1.52897"
"2951444567","2100487606","1.52897"
"2540011323","2740847423","0.392857"
"2740847423","2540011323","0.392857"
"2540011323","2951444567","0.392857"
"2951444567","2540011323","0.392857"
"2740847423","2951444567","10.6123"
"2951444567","2740847423","10.6123"
"1522992924","2794604047","1.40278"
"2794604047","1522992924","1.40278"
"2057901549","2794604047","1.81944"
"2794604047","2057901549","1.81944"
"1522992924","2403028943","0.736111"
"2403028943","1522992924","0.736111"
"2057901549","2403028943","1.65278"
"2403028943","2057901549","1.65278"
"1522992924","2093903294","0.402778"
"2093903294","1522992924","0.402778"
"1522992924","2413797492","0.111111"
"2413797492","1522992924","0.111111"
"2043900646","2093903294","0.969444"
"2093903294","2043900646","0.969444"
"2043900646","2403028943","0.902778"
"2403028943","2043900646","0.902778"
"2043900646","2413797492","0.277778"
"2413797492","2043900646","0.277778"
"2043900646","2794604047","4.15278"
"2794604047","2043900646","4.15278"
"2057901549","2093903294","5.71944"
"2093903294","2057901549","5.71944"
"2057901549","2413797492","0.111111"
"2413797492","2057901549","0.111111"
"2093903294","2100487606","4.05278"
"2100487606","2093903294","4.05278"
"2093903294","2403028943","2.15278"
"2403028943","2093903294","2.15278"
"2093903294","2413797492","0.111111"
"2413797492","2093903294","0.111111"
"2093903294","2740847423","0.969444"
"2740847423","2093903294","0.969444"
"2093903294","2794604047","0.819444"
"2794604047","2093903294","0.819444"
"2093903294","2951444567","0.802778"
"2951444567","2093903294","0.802778"
"2100487606","2403028943","0.652778"
"2403028943","2100487606","0.652778"
"2100487606","2413797492","0.277778"
"2413797492","2100487606","0.277778"
"2100487606","2794604047","1.06944"
"2794604047","2100487606","1.06944"
"2403028943","2413797492","0.277778"
"2413797492","2403028943","0.277778"
"2403028943","2740847423","1.90278"
"2740847423","2403028943","1.90278"
"2403028943","2794604047","1.81944"
"2794604047","2403028943","1.81944"
"2403028943","2951444567","1.90278"
"2951444567","2403028943","1.90278"
"2413797492","2740847423","0.277778"
"2740847423","2413797492","0.277778"
"2413797492","2794604047","0.277778"
"2794604047","2413797492","0.277778"
"2413797492","2951444567","0.277778"
"2951444567","2413797492","0.277778"
"2740847423","2794604047","3.81944"
"2794604047","2740847423","3.81944"
"2794604047","2951444567","2.15278"
"2951444567","2794604047","2.15278"
"1527856372","2009013415","1.5"
"2009013415","1527856372","1.5"
"1527856372","2289262981","1.83333"
"2289262981","1527856372","1.83333"
"1589874346","2289262981","1.83333"
"2289262981","1589874346","1.83333"
"187452225","2289262981","8.33333"
"2289262981","187452225","8.33333"
"1527856372","2126272901","1"
"2126272901","1527856372","1"
"1527856372","1576045131","1.2"
"1576045131","1527856372","1.2"
"1527856372","2125007280","2"
"2125007280","1527856372","2"
"1527856372","3018524106","0.45"
"3018524106","1527856372","0.45"
"1589874346","3018524106","0.616667"
"3018524106","1589874346","0.616667"
"1967558780","2009013415","1.5"
"2009013415","1967558780","1.5"
"1527856372","2726001757","0.833333"
"2726001757","1527856372","0.833333"
"2097517365","2726001757","1.91667"
"2726001757","2097517365","1.91667"
"2127382327","2726001757","0.666667"
"2726001757","2127382327","0.666667"
"2125007280","2726001757","1.41667"
"2726001757","2125007280","1.41667"
"2138775315","2726001757","2"
"2726001757","2138775315","2"
"1527856372","1970396526","0.2"
"1970396526","1527856372","0.2"
"1576045131","1589874346","0.2"
"1589874346","1576045131","0.2"
"1576045131","1967558780","0.2"
"1967558780","1576045131","0.2"
"1576045131","1970396526","0.2"
"1970396526","1576045131","0.2"
"1576045131","3018524106","0.2"
"3018524106","1576045131","0.2"
"1589874346","1970396526","0.2"
"1970396526","1589874346","0.2"
"1967558780","1970396526","0.2"
"1970396526","1967558780","0.2"
"1970396526","3018524106","0.2"
"3018524106","1970396526","0.2"
"1527856372","2803925245","0.166667"
"2803925245","1527856372","0.166667"
"1527856372","3013965090","0.166667"
"3013965090","1527856372","0.166667"
"152846099","2097517365","1.15"
"2097517365","152846099","1.15"
"152846099","2125007280","1.45"
"2125007280","152846099","1.45"
"152846099","2726001757","0.166667"
"2726001757","152846099","0.166667"
"152846099","2803925245","0.166667"
"2803925245","152846099","0.166667"
"152846099","3013965090","0.366667"
"3013965090","152846099","0.366667"
"2097517365","2803925245","0.166667"
"2803925245","2097517365","0.166667"
"2097517365","3013965090","0.7"
"3013965090","2097517365","0.7"
"2125007280","2803925245","0.166667"
"2803925245","2125007280","0.166667"
"2125007280","3013965090","0.5"
"3013965090","2125007280","0.5"
"2726001757","2803925245","2.16667"
"2803925245","2726001757","2.16667"
"2726001757","3013965090","0.166667"
"3013965090","2726001757","0.166667"
"2803925245","3013965090","15.6667"
"3013965090","2803925245","15.6667"
"152846099","1541083511","0.333333"
"1541083511","152846099","0.333333"
"152846099","1835586838","0.333333"
"1835586838","152846099","0.333333"
"1541083511","1835586838","0.333333"
"1835586838","1541083511","0.333333"
"1541083511","2126272901","0.333333"
"2126272901","1541083511","0.333333"
"1835586838","2126272901","1.33333"
"2126272901","1835586838","1.33333"
"152846099","1529633947","0.5"
"1529633947","152846099","0.5"
"152846099","2057901549","0.2"
"2057901549","152846099","0.2"
"152846099","3018524106","0.2"
"3018524106","152846099","0.2"
"2057901549","2097517365","0.2"
"2097517365","2057901549","0.2"
"2057901549","2125007280","0.7"
"2125007280","2057901549","0.7"
"2057901549","2138775315","0.2"
"2138775315","2057901549","0.2"
"2057901549","3018524106","0.2"
"3018524106","2057901549","0.2"
"1589874346","3013965090","0.533333"
"3013965090","1589874346","0.533333"
"1967558780","3013965090","0.2"
"3013965090","1967558780","0.2"
"2138775315","3013965090","0.2"
"3013965090","2138775315","0.2"
"1541083511","1967558780","0.5"
"1967558780","1541083511","0.5"
"1967558780","2114619180","0.5"
"2114619180","1967558780","0.5"
"1576045131","2125007280","1"
"2125007280","1576045131","1"
"1589874346","2044527277","4.5"
"2044527277","1589874346","4.5"
"1589874346","2726001757","0.5"
"2726001757","1589874346","0.5"
"2044527277","2726001757","0.75"
"2726001757","2044527277","0.75"
"2726001757","3018524106","2.91667"
"3018524106","2726001757","2.91667"
"1589874346","2009013415","1"
"2009013415","1589874346","1"
"2009013415","2127382327","0.5"
"2127382327","2009013415","0.5"
"2009013415","2097517365","0.5"
"2097517365","2009013415","0.5"
"1608205481","2126272901","5.5"
"2126272901","1608205481","5.5"
"1608205481","2054110088","2.5"
"2054110088","1608205481","2.5"
"2054110088","2126272901","5.5"
"2126272901","2054110088","5.5"
"1835586838","2125007280","0.333333"
"2125007280","1835586838","0.333333"
"1835586838","3018524106","0.333333"
"3018524106","1835586838","0.333333"
"2114619180","2125007280","0.333333"
"2125007280","2114619180","0.333333"
"1967558780","2043900646","0.333333"
"2043900646","1967558780","0.333333"
"1967558780","2726001757","0.333333"
"2726001757","1967558780","0.333333"
"1967558780","2794604047","0.333333"
"2794604047","1967558780","0.333333"
"2043900646","2726001757","0.333333"
"2726001757","2043900646","0.333333"
"2726001757","2794604047","0.333333"
"2794604047","2726001757","0.333333"
"1967558780","2093903294","1"
"2093903294","1967558780","1"
"2009013415","2780660352","1"
"2780660352","2009013415","1"
"2057901549","2726001757","0.5"
"2726001757","2057901549","0.5"
"2138775315","2885542306","1"
"2885542306","2138775315","1"
"2803925245","2898003417","2"
"2898003417","2803925245","2"
"2898003417","3013965090","2"
"3013965090","2898003417","2"
"2803925245","2885542306","1.5"
"2885542306","2803925245","1.5"
"2885542306","3013965090","0.5"
"3013965090","2885542306","0.5"
