"1184927937","1429964360","1.75"
"1429964360","1184927937","1.75"
"1184927937","2043520730","3.33333"
"2043520730","1184927937","3.33333"
"1184927937","2103262407","23.1667"
"2103262407","1184927937","23.1667"
"1429964360","2043520730","2.5"
"2043520730","1429964360","2.5"
"1429964360","2103262407","1.75"
"2103262407","1429964360","1.75"
"2043520730","2103262407","2.33333"
"2103262407","2043520730","2.33333"
"1184927937","1527502244","1.58333"
"1527502244","1184927937","1.58333"
"1184927937","186100614","1.33333"
"186100614","1184927937","1.33333"
"1527502244","186100614","0.861111"
"186100614","1527502244","0.861111"
"1527502244","2043520730","2.25"
"2043520730","1527502244","2.25"
"1527502244","2103262407","1.58333"
"2103262407","1527502244","1.58333"
"186100614","2043520730","2.58333"
"2043520730","186100614","2.58333"
"186100614","2103262407","1.33333"
"2103262407","186100614","1.33333"
"1184927937","1964281299","1.83333"
"1964281299","1184927937","1.83333"
"1964281299","2103262407","1.83333"
"2103262407","1964281299","1.83333"
"1184927937","2143445293","1.5"
"2143445293","1184927937","1.5"
"1964281299","2143445293","0.333333"
"2143445293","1964281299","0.333333"
"2103262407","2143445293","1.5"
"2143445293","2103262407","1.5"
"1184927937","2122750868","0.666667"
"2122750868","1184927937","0.666667"
"2103262407","2122750868","0.666667"
"2122750868","2103262407","0.666667"
"2122750868","2143445293","11.3333"
"2143445293","2122750868","11.3333"
"1527502244","2143445293","0.333333"
"2143445293","1527502244","0.333333"
"1184927937","2062098714","0.333333"
"2062098714","1184927937","0.333333"
"2062098714","2103262407","0.333333"
"2103262407","2062098714","0.333333"
"2062098714","2122750868","0.333333"
"2122750868","2062098714","0.333333"
"1429964360","186100614","0.5"
"186100614","1429964360","0.5"
"1184927937","2086631206","0.5"
"2086631206","1184927937","0.5"
"2086631206","2103262407","0.5"
"2103262407","2086631206","0.5"
"126407768","1634470931","0.892857"
"1634470931","126407768","0.892857"
"126407768","1968061803","1.42619"
"1968061803","126407768","1.42619"
"126407768","1990360323","1.84286"
"1990360323","126407768","1.84286"
"126407768","2395048784","0.5"
"2395048784","126407768","0.5"
"1634470931","1968061803","1.80952"
"1968061803","1634470931","1.80952"
"1634470931","1990360323","0.96978"
"1990360323","1634470931","0.96978"
"1634470931","2395048784","0.5"
"2395048784","1634470931","0.5"
"1968061803","1990360323","2.47882"
"1990360323","1968061803","2.47882"
"1968061803","2395048784","1"
"2395048784","1968061803","1"
"1990360323","2395048784","2"
"2395048784","1990360323","2"
"126407768","2095156129","0.533333"
"2095156129","126407768","0.533333"
"126407768","9904157","3.53333"
"9904157","126407768","3.53333"
"1968061803","2095156129","0.533333"
"2095156129","1968061803","0.533333"
"1968061803","9904157","1.05833"
"9904157","1968061803","1.05833"
"2095156129","9904157","0.533333"
"9904157","2095156129","0.533333"
"126407768","1432036814","0.1"
"1432036814","126407768","0.1"
"126407768","1531782611","0.1"
"1531782611","126407768","0.1"
"126407768","1548205909","0.242857"
"1548205909","126407768","0.242857"
"126407768","1963605074","0.1"
"1963605074","126407768","0.1"
"126407768","2062098714","0.1"
"2062098714","126407768","0.1"
"126407768","2115734893","0.1"
"2115734893","126407768","0.1"
"126407768","2126881776","0.1"
"2126881776","126407768","0.1"
"126407768","2149701633","0.1"
"2149701633","126407768","0.1"
"126407768","2152224400","0.1"
"2152224400","126407768","0.1"
"126407768","2161022104","0.1"
"2161022104","126407768","0.1"
"1432036814","1531782611","1.0631"
"1531782611","1432036814","1.0631"
"1432036814","1548205909","1.13929"
"1548205909","1432036814","1.13929"
"1432036814","1963605074","0.1"
"1963605074","1432036814","0.1"
"1432036814","2062098714","0.166667"
"2062098714","1432036814","0.166667"
"1432036814","2115734893","0.363095"
"2115734893","1432036814","0.363095"
"1432036814","2126881776","0.1"
"2126881776","1432036814","0.1"
"1432036814","2149701633","0.1"
"2149701633","1432036814","0.1"
"1432036814","2152224400","0.266667"
"2152224400","1432036814","0.266667"
"1432036814","2161022104","0.363095"
"2161022104","1432036814","0.363095"
"1531782611","1548205909","1.82143"
"1548205909","1531782611","1.82143"
"1531782611","1963605074","0.176923"
"1963605074","1531782611","0.176923"
"1531782611","2062098714","0.776923"
"2062098714","1531782611","0.776923"
"1531782611","2115734893","0.363095"
"2115734893","1531782611","0.363095"
"1531782611","2126881776","4.9"
"2126881776","1531782611","4.9"
"1531782611","2149701633","0.1"
"2149701633","1531782611","0.1"
"1531782611","2152224400","0.510256"
"2152224400","1531782611","0.510256"
"1531782611","2161022104","1.14643"
"2161022104","1531782611","1.14643"
"1548205909","1963605074","1.01667"
"1963605074","1548205909","1.01667"
"1548205909","2062098714","4.08333"
"2062098714","1548205909","4.08333"
"1548205909","2115734893","1.00476"
"2115734893","1548205909","1.00476"
"1548205909","2126881776","1.61667"
"2126881776","1548205909","1.61667"
"1548205909","2149701633","1.1"
"2149701633","1548205909","1.1"
"1548205909","2152224400","0.433333"
"2152224400","1548205909","0.433333"
"1548205909","2161022104","3.8381"
"2161022104","1548205909","3.8381"
"1963605074","2062098714","1.11026"
"2062098714","1963605074","1.11026"
"1963605074","2115734893","0.1"
"2115734893","1963605074","0.1"
"1963605074","2126881776","0.45"
"2126881776","1963605074","0.45"
"1963605074","2149701633","0.1"
"2149701633","1963605074","0.1"
"1963605074","2152224400","1.61026"
"2152224400","1963605074","1.61026"
"1963605074","2161022104","0.1"
"2161022104","1963605074","0.1"
"2062098714","2115734893","0.416667"
"2115734893","2062098714","0.416667"
"2062098714","2126881776","0.709524"
"2126881776","2062098714","0.709524"
"2062098714","2149701633","0.35"
"2149701633","2062098714","0.35"
"2062098714","2152224400","1.08645"
"2152224400","2062098714","1.08645"
"2062098714","2161022104","0.166667"
"2161022104","2062098714","0.166667"
"2115734893","2126881776","0.1"
"2126881776","2115734893","0.1"
"2115734893","2149701633","0.35"
"2149701633","2115734893","0.35"
"2115734893","2152224400","0.1"
"2152224400","2115734893","0.1"
"2115734893","2161022104","0.821429"
"2161022104","2115734893","0.821429"
"2126881776","2149701633","0.1"
"2149701633","2126881776","0.1"
"2126881776","2152224400","0.342857"
"2152224400","2126881776","0.342857"
"2126881776","2161022104","1.55"
"2161022104","2126881776","1.55"
"2149701633","2152224400","0.1"
"2152224400","2149701633","0.1"
"2149701633","2161022104","0.1"
"2161022104","2149701633","0.1"
"2152224400","2161022104","0.1"
"2161022104","2152224400","0.1"
"126407768","2012604743","0.142857"
"2012604743","126407768","0.142857"
"126407768","2086631206","0.142857"
"2086631206","126407768","0.142857"
"126407768","2167464078","0.142857"
"2167464078","126407768","0.142857"
"1548205909","1634470931","1.37619"
"1634470931","1548205909","1.37619"
"1548205909","1968061803","1.46786"
"1968061803","1548205909","1.46786"
"1548205909","1990360323","0.47619"
"1990360323","1548205909","0.47619"
"1548205909","2012604743","0.142857"
"2012604743","1548205909","0.142857"
"1548205909","2086631206","0.142857"
"2086631206","1548205909","0.142857"
"1548205909","2167464078","0.142857"
"2167464078","1548205909","0.142857"
"1634470931","2012604743","0.142857"
"2012604743","1634470931","0.142857"
"1634470931","2086631206","0.142857"
"2086631206","1634470931","0.142857"
"1634470931","2167464078","0.253968"
"2167464078","1634470931","0.253968"
"1968061803","2012604743","0.142857"
"2012604743","1968061803","0.142857"
"1968061803","2086631206","0.142857"
"2086631206","1968061803","0.142857"
"1968061803","2167464078","0.142857"
"2167464078","1968061803","0.142857"
"1990360323","2012604743","1.14286"
"2012604743","1990360323","1.14286"
"1990360323","2086631206","0.142857"
"2086631206","1990360323","0.142857"
"1990360323","2167464078","0.142857"
"2167464078","1990360323","0.142857"
"2012604743","2086631206","0.309524"
"2086631206","2012604743","0.309524"
"2012604743","2167464078","0.142857"
"2167464078","2012604743","0.142857"
"2086631206","2167464078","0.142857"
"2167464078","2086631206","0.142857"
"126407768","1581009051","0.25"
"1581009051","126407768","0.25"
"126407768","1916198581","0.25"
"1916198581","126407768","0.25"
"1581009051","1634470931","1.24359"
"1634470931","1581009051","1.24359"
"1581009051","1916198581","2.51667"
"1916198581","1581009051","2.51667"
"1581009051","1968061803","1.83333"
"1968061803","1581009051","1.83333"
"1634470931","1916198581","1.36667"
"1916198581","1634470931","1.36667"
"1916198581","1968061803","1.54167"
"1968061803","1916198581","1.54167"
"126407768","1963856035","0.2"
"1963856035","126407768","0.2"
"126407768","2111760587","0.2"
"2111760587","126407768","0.2"
"126407768","2158389625","0.2"
"2158389625","126407768","0.2"
"126407768","2506852773","0.2"
"2506852773","126407768","0.2"
"1963856035","1990360323","0.2"
"1990360323","1963856035","0.2"
"1963856035","2111760587","0.2"
"2111760587","1963856035","0.2"
"1963856035","2158389625","0.2"
"2158389625","1963856035","0.2"
"1963856035","2506852773","0.2"
"2506852773","1963856035","0.2"
"1990360323","2111760587","0.252632"
"2111760587","1990360323","0.252632"
"1990360323","2158389625","0.2"
"2158389625","1990360323","0.2"
"1990360323","2506852773","0.2"
"2506852773","1990360323","0.2"
"2111760587","2158389625","0.653968"
"2158389625","2111760587","0.653968"
"2111760587","2506852773","2.43472"
"2506852773","2111760587","2.43472"
"2158389625","2506852773","1.74444"
"2506852773","2158389625","1.74444"
"126407768","1561608006","0.2"
"1561608006","126407768","0.2"
"126407768","2134385885","0.2"
"2134385885","126407768","0.2"
"1561608006","1968061803","0.975"
"1968061803","1561608006","0.975"
"1561608006","2095156129","0.2"
"2095156129","1561608006","0.2"
"1561608006","2134385885","3.775"
"2134385885","1561608006","3.775"
"1561608006","9904157","4.80833"
"9904157","1561608006","4.80833"
"1968061803","2134385885","0.775"
"2134385885","1968061803","0.775"
"2095156129","2134385885","0.2"
"2134385885","2095156129","0.2"
"2134385885","9904157","1.35833"
"9904157","2134385885","1.35833"
"126407768","136108055","0.5"
"136108055","126407768","0.5"
"126407768","15450598","0.5"
"15450598","126407768","0.5"
"136108055","15450598","0.5"
"15450598","136108055","0.5"
"136108055","1512743466","0.166667"
"1512743466","136108055","0.166667"
"136108055","1548205909","0.166667"
"1548205909","136108055","0.166667"
"136108055","1581009051","0.166667"
"1581009051","136108055","0.166667"
"136108055","1968061803","0.166667"
"1968061803","136108055","0.166667"
"136108055","2012543144","0.366667"
"2012543144","136108055","0.366667"
"136108055","2111038628","1.16667"
"2111038628","136108055","1.16667"
"1512743466","1548205909","1.9381"
"1548205909","1512743466","1.9381"
"1512743466","1581009051","0.676923"
"1581009051","1512743466","0.676923"
"1512743466","1968061803","0.166667"
"1968061803","1512743466","0.166667"
"1512743466","2012543144","0.631685"
"2012543144","1512743466","0.631685"
"1512743466","2111038628","0.6"
"2111038628","1512743466","0.6"
"1548205909","1581009051","2.66667"
"1581009051","1548205909","2.66667"
"1548205909","2012543144","1.15595"
"2012543144","1548205909","1.15595"
"1548205909","2111038628","0.833333"
"2111038628","1548205909","0.833333"
"1581009051","2012543144","0.24359"
"2012543144","1581009051","0.24359"
"1581009051","2111038628","0.6"
"2111038628","1581009051","0.6"
"1968061803","2012543144","0.491667"
"2012543144","1968061803","0.491667"
"1968061803","2111038628","0.5"
"2111038628","1968061803","0.5"
"2012543144","2111038628","0.166667"
"2111038628","2012543144","0.166667"
"136108055","1531782611","1.53333"
"1531782611","136108055","1.53333"
"136108055","1561608006","0.533333"
"1561608006","136108055","0.533333"
"136108055","1916198581","0.7"
"1916198581","136108055","0.7"
"136108055","2126881776","0.2"
"2126881776","136108055","0.2"
"1531782611","1561608006","1.24643"
"1561608006","1531782611","1.24643"
"1531782611","1916198581","4.32143"
"1916198581","1531782611","4.32143"
"1531782611","2012543144","3.06502"
"2012543144","1531782611","3.06502"
"1561608006","1916198581","1.1631"
"1916198581","1561608006","1.1631"
"1561608006","2012543144","1.19643"
"2012543144","1561608006","1.19643"
"1561608006","2126881776","0.65"
"2126881776","1561608006","0.65"
"1916198581","2012543144","3.3131"
"2012543144","1916198581","3.3131"
"1916198581","2126881776","3.7"
"2126881776","1916198581","3.7"
"2012543144","2126881776","2.6"
"2126881776","2012543144","2.6"
"136108055","1963605074","0.5"
"1963605074","136108055","0.5"
"136108055","2062098714","0.833333"
"2062098714","136108055","0.833333"
"1561608006","2062098714","0.733333"
"2062098714","1561608006","0.733333"
"136108055","2167956239","1"
"2167956239","136108055","1"
"136108055","22566950","0.5"
"22566950","136108055","0.5"
"1916198581","22566950","0.5"
"22566950","1916198581","0.5"
"136108055","186100614","1"
"186100614","136108055","1"
"1429964360","2086631206","6.25"
"2086631206","1429964360","6.25"
"1429964360","2151152024","5.75"
"2151152024","1429964360","5.75"
"2086631206","2151152024","6.75"
"2151152024","2086631206","6.75"
"1429964360","2336291507","0.5"
"2336291507","1429964360","0.5"
"2151152024","2336291507","0.5"
"2336291507","2151152024","0.5"
"186100614","2086631206","0.25"
"2086631206","186100614","0.25"
"186100614","2151152024","1.25"
"2151152024","186100614","1.25"
"2043520730","2086631206","0.25"
"2086631206","2043520730","0.25"
"2043520730","2151152024","0.25"
"2151152024","2043520730","0.25"
"1429964360","2167464078","1"
"2167464078","1429964360","1"
"1432036814","1512743466","0.263095"
"1512743466","1432036814","0.263095"
"1432036814","1916198581","0.763095"
"1916198581","1432036814","0.763095"
"1432036814","1962340579","0.429762"
"1962340579","1432036814","0.429762"
"1432036814","2012543144","0.405952"
"2012543144","1432036814","0.405952"
"1512743466","1531782611","0.340018"
"1531782611","1512743466","0.340018"
"1512743466","1916198581","0.821429"
"1916198581","1512743466","0.821429"
"1512743466","1962340579","2.14835"
"1962340579","1512743466","2.14835"
"1512743466","2115734893","0.638095"
"2115734893","1512743466","0.638095"
"1512743466","2161022104","0.721429"
"2161022104","1512743466","0.721429"
"1531782611","1962340579","0.540018"
"1962340579","1531782611","0.540018"
"1548205909","1916198581","2.67976"
"1916198581","1548205909","2.67976"
"1548205909","1962340579","4.6881"
"1962340579","1548205909","4.6881"
"1916198581","1962340579","0.688095"
"1962340579","1916198581","0.688095"
"1916198581","2115734893","0.388095"
"2115734893","1916198581","0.388095"
"1916198581","2161022104","2.00476"
"2161022104","1916198581","2.00476"
"1962340579","2012543144","0.665018"
"2012543144","1962340579","0.665018"
"1962340579","2115734893","0.971429"
"2115734893","1962340579","0.971429"
"1962340579","2161022104","2.92143"
"2161022104","1962340579","2.92143"
"2012543144","2115734893","0.388095"
"2115734893","2012543144","0.388095"
"2012543144","2161022104","0.588095"
"2161022104","2012543144","0.588095"
"1432036814","1561608006","2.0881"
"1561608006","1432036814","2.0881"
"1432036814","2134385885","1.25"
"2134385885","1432036814","1.25"
"1432036814","1569672691","0.2"
"1569672691","1432036814","0.2"
"1432036814","1968061803","1.15"
"1968061803","1432036814","1.15"
"1432036814","9904157","1.86667"
"9904157","1432036814","1.86667"
"1548205909","1561608006","1.37976"
"1561608006","1548205909","1.37976"
"1548205909","1569672691","0.325"
"1569672691","1548205909","0.325"
"1548205909","9904157","0.325"
"9904157","1548205909","0.325"
"1561608006","1569672691","2.775"
"1569672691","1561608006","2.775"
"1569672691","1968061803","0.525"
"1968061803","1569672691","0.525"
"1569672691","9904157","4.275"
"9904157","1569672691","4.275"
"1432036814","1461804874","1.04286"
"1461804874","1432036814","1.04286"
"1432036814","1873122431","0.0666667"
"1873122431","1432036814","0.0666667"
"1432036814","2116696275","2.15"
"2116696275","1432036814","2.15"
"1432036814","2167956239","0.138095"
"2167956239","1432036814","0.138095"
"1432036814","2277168792","0.0666667"
"2277168792","1432036814","0.0666667"
"1432036814","80155331","0.209524"
"80155331","1432036814","0.209524"
"1461804874","1512743466","0.0666667"
"1512743466","1461804874","0.0666667"
"1461804874","1531782611","0.0666667"
"1531782611","1461804874","0.0666667"
"1461804874","1561608006","0.0666667"
"1561608006","1461804874","0.0666667"
"1461804874","1873122431","0.0666667"
"1873122431","1461804874","0.0666667"
"1461804874","1916198581","0.0666667"
"1916198581","1461804874","0.0666667"
"1461804874","1962340579","0.0666667"
"1962340579","1461804874","0.0666667"
"1461804874","2012543144","0.209524"
"2012543144","1461804874","0.209524"
"1461804874","2062098714","0.0666667"
"2062098714","1461804874","0.0666667"
"1461804874","2115734893","0.0666667"
"2115734893","1461804874","0.0666667"
"1461804874","2116696275","3.06667"
"2116696275","1461804874","3.06667"
"1461804874","2161022104","0.0666667"
"2161022104","1461804874","0.0666667"
"1461804874","2167956239","0.0666667"
"2167956239","1461804874","0.0666667"
"1461804874","2277168792","0.0666667"
"2277168792","1461804874","0.0666667"
"1461804874","80155331","0.209524"
"80155331","1461804874","0.209524"
"1512743466","1561608006","0.138095"
"1561608006","1512743466","0.138095"
"1512743466","1873122431","0.316667"
"1873122431","1512743466","0.316667"
"1512743466","2062098714","0.44359"
"2062098714","1512743466","0.44359"
"1512743466","2116696275","0.0666667"
"2116696275","1512743466","0.0666667"
"1512743466","2167956239","0.138095"
"2167956239","1512743466","0.138095"
"1512743466","2277168792","0.0666667"
"2277168792","1512743466","0.0666667"
"1512743466","80155331","0.191667"
"80155331","1512743466","0.191667"
"1531782611","1873122431","0.0666667"
"1873122431","1531782611","0.0666667"
"1531782611","2116696275","0.0666667"
"2116696275","1531782611","0.0666667"
"1531782611","2167956239","0.138095"
"2167956239","1531782611","0.138095"
"1531782611","2277168792","0.0666667"
"2277168792","1531782611","0.0666667"
"1531782611","80155331","0.0666667"
"80155331","1531782611","0.0666667"
"1561608006","1873122431","0.0666667"
"1873122431","1561608006","0.0666667"
"1561608006","1962340579","0.138095"
"1962340579","1561608006","0.138095"
"1561608006","2115734893","0.138095"
"2115734893","1561608006","0.138095"
"1561608006","2116696275","0.316667"
"2116696275","1561608006","0.316667"
"1561608006","2161022104","0.138095"
"2161022104","1561608006","0.138095"
"1561608006","2167956239","0.138095"
"2167956239","1561608006","0.138095"
"1561608006","2277168792","0.0666667"
"2277168792","1561608006","0.0666667"
"1561608006","80155331","0.266667"
"80155331","1561608006","0.266667"
"1873122431","1916198581","0.316667"
"1916198581","1873122431","0.316667"
"1873122431","1962340579","0.427778"
"1962340579","1873122431","0.427778"
"1873122431","2012543144","0.0666667"
"2012543144","1873122431","0.0666667"
"1873122431","2062098714","0.316667"
"2062098714","1873122431","0.316667"
"1873122431","2115734893","0.316667"
"2115734893","1873122431","0.316667"
"1873122431","2116696275","0.65"
"2116696275","1873122431","0.65"
"1873122431","2161022104","0.0666667"
"2161022104","1873122431","0.0666667"
"1873122431","2167956239","0.0666667"
"2167956239","1873122431","0.0666667"
"1873122431","2277168792","0.316667"
"2277168792","1873122431","0.316667"
"1873122431","80155331","0.0666667"
"80155331","1873122431","0.0666667"
"1916198581","2062098714","1.36667"
"2062098714","1916198581","1.36667"
"1916198581","2116696275","0.316667"
"2116696275","1916198581","0.316667"
"1916198581","2167956239","0.138095"
"2167956239","1916198581","0.138095"
"1916198581","2277168792","0.0666667"
"2277168792","1916198581","0.0666667"
"1916198581","80155331","0.391667"
"80155331","1916198581","0.391667"
"1962340579","2062098714","0.24359"
"2062098714","1962340579","0.24359"
"1962340579","2116696275","0.0666667"
"2116696275","1962340579","0.0666667"
"1962340579","2167956239","0.138095"
"2167956239","1962340579","0.138095"
"1962340579","2277168792","0.0666667"
"2277168792","1962340579","0.0666667"
"1962340579","80155331","0.191667"
"80155331","1962340579","0.191667"
"2012543144","2062098714","1.84359"
"2062098714","2012543144","1.84359"
"2012543144","2116696275","0.0666667"
"2116696275","2012543144","0.0666667"
"2012543144","2167956239","0.138095"
"2167956239","2012543144","0.138095"
"2012543144","2277168792","0.0666667"
"2277168792","2012543144","0.0666667"
"2012543144","80155331","0.534524"
"80155331","2012543144","0.534524"
"2062098714","2116696275","0.0666667"
"2116696275","2062098714","0.0666667"
"2062098714","2167956239","0.37619"
"2167956239","2062098714","0.37619"
"2062098714","2277168792","0.316667"
"2277168792","2062098714","0.316667"
"2062098714","80155331","0.0666667"
"80155331","2062098714","0.0666667"
"2115734893","2116696275","0.0666667"
"2116696275","2115734893","0.0666667"
"2115734893","2167956239","0.138095"
"2167956239","2115734893","0.138095"
"2115734893","2277168792","0.0666667"
"2277168792","2115734893","0.0666667"
"2115734893","80155331","0.191667"
"80155331","2115734893","0.191667"
"2116696275","2161022104","0.0666667"
"2161022104","2116696275","0.0666667"
"2116696275","2167956239","0.0666667"
"2167956239","2116696275","0.0666667"
"2116696275","2277168792","0.0666667"
"2277168792","2116696275","0.0666667"
"2116696275","80155331","0.0666667"
"80155331","2116696275","0.0666667"
"2161022104","2167956239","0.138095"
"2167956239","2161022104","0.138095"
"2161022104","2277168792","0.0666667"
"2277168792","2161022104","0.0666667"
"2161022104","80155331","0.191667"
"80155331","2161022104","0.191667"
"2167956239","2277168792","0.0666667"
"2277168792","2167956239","0.0666667"
"2167956239","80155331","0.0666667"
"80155331","2167956239","0.0666667"
"2277168792","80155331","0.0666667"
"80155331","2277168792","0.0666667"
"1432036814","2515017176","1.47619"
"2515017176","1432036814","1.47619"
"1968061803","2116696275","0.25"
"2116696275","1968061803","0.25"
"2116696275","2134385885","0.25"
"2134385885","2116696275","0.25"
"1432036814","1488240540","0.0714286"
"1488240540","1432036814","0.0714286"
"1432036814","1522996108","0.0714286"
"1522996108","1432036814","0.0714286"
"1432036814","1996569340","0.0714286"
"1996569340","1432036814","0.0714286"
"1432036814","2336291507","0.0714286"
"2336291507","1432036814","0.0714286"
"1488240540","1512743466","0.706685"
"1512743466","1488240540","0.706685"
"1488240540","1522996108","0.68254"
"1522996108","1488240540","0.68254"
"1488240540","1531782611","0.648352"
"1531782611","1488240540","0.648352"
"1488240540","1548205909","2.8131"
"1548205909","1488240540","2.8131"
"1488240540","1561608006","0.0714286"
"1561608006","1488240540","0.0714286"
"1488240540","1916198581","0.296429"
"1916198581","1488240540","0.296429"
"1488240540","1962340579","1.2678"
"1962340579","1488240540","1.2678"
"1488240540","1996569340","0.0714286"
"1996569340","1488240540","0.0714286"
"1488240540","2012543144","0.273352"
"2012543144","1488240540","0.273352"
"1488240540","2115734893","0.196429"
"2115734893","1488240540","0.196429"
"1488240540","2161022104","0.196429"
"2161022104","1488240540","0.196429"
"1488240540","2167956239","0.0714286"
"2167956239","1488240540","0.0714286"
"1488240540","2336291507","0.0714286"
"2336291507","1488240540","0.0714286"
"1512743466","1522996108","0.371429"
"1522996108","1512743466","0.371429"
"1512743466","1996569340","0.0714286"
"1996569340","1512743466","0.0714286"
"1512743466","2336291507","0.0714286"
"2336291507","1512743466","0.0714286"
"1522996108","1531782611","0.0714286"
"1531782611","1522996108","0.0714286"
"1522996108","1548205909","1.47143"
"1548205909","1522996108","1.47143"
"1522996108","1561608006","0.0714286"
"1561608006","1522996108","0.0714286"
"1522996108","1916198581","0.171429"
"1916198581","1522996108","0.171429"
"1522996108","1962340579","0.48254"
"1962340579","1522996108","0.48254"
"1522996108","1996569340","0.0714286"
"1996569340","1522996108","0.0714286"
"1522996108","2012543144","0.571429"
"2012543144","1522996108","0.571429"
"1522996108","2115734893","0.0714286"
"2115734893","1522996108","0.0714286"
"1522996108","2161022104","0.0714286"
"2161022104","1522996108","0.0714286"
"1522996108","2167956239","0.0714286"
"2167956239","1522996108","0.0714286"
"1522996108","2336291507","0.0714286"
"2336291507","1522996108","0.0714286"
"1531782611","1996569340","0.404762"
"1996569340","1531782611","0.404762"
"1531782611","2336291507","0.0714286"
"2336291507","1531782611","0.0714286"
"1548205909","1996569340","0.0714286"
"1996569340","1548205909","0.0714286"
"1548205909","2167956239","0.571429"
"2167956239","1548205909","0.571429"
"1548205909","2336291507","0.321429"
"2336291507","1548205909","0.321429"
"1561608006","1996569340","0.0714286"
"1996569340","1561608006","0.0714286"
"1561608006","2336291507","0.0714286"
"2336291507","1561608006","0.0714286"
"1916198581","1996569340","0.404762"
"1996569340","1916198581","0.404762"
"1916198581","2336291507","0.0714286"
"2336291507","1916198581","0.0714286"
"1962340579","1996569340","0.0714286"
"1996569340","1962340579","0.0714286"
"1962340579","2336291507","0.0714286"
"2336291507","1962340579","0.0714286"
"1996569340","2012543144","0.0714286"
"2012543144","1996569340","0.0714286"
"1996569340","2115734893","0.321429"
"2115734893","1996569340","0.321429"
"1996569340","2161022104","0.404762"
"2161022104","1996569340","0.404762"
"1996569340","2167956239","0.214286"
"2167956239","1996569340","0.214286"
"1996569340","2336291507","0.0714286"
"2336291507","1996569340","0.0714286"
"2012543144","2336291507","0.0714286"
"2336291507","2012543144","0.0714286"
"2115734893","2336291507","0.0714286"
"2336291507","2115734893","0.0714286"
"2161022104","2336291507","0.0714286"
"2336291507","2161022104","0.0714286"
"2167956239","2336291507","0.0714286"
"2336291507","2167956239","0.0714286"
"1432036814","1630225947","0.642857"
"1630225947","1432036814","0.642857"
"1432036814","2469912118","0.142857"
"2469912118","1432036814","0.142857"
"1461804874","1548205909","0.47619"
"1548205909","1461804874","0.47619"
"1461804874","1630225947","0.47619"
"1630225947","1461804874","0.47619"
"1461804874","2469912118","0.142857"
"2469912118","1461804874","0.142857"
"1461804874","2515017176","1.30952"
"2515017176","1461804874","1.30952"
"1548205909","1630225947","6.64286"
"1630225947","1548205909","6.64286"
"1548205909","2469912118","3.67619"
"2469912118","1548205909","3.67619"
"1548205909","2515017176","0.142857"
"2515017176","1548205909","0.142857"
"1548205909","80155331","15.4679"
"80155331","1548205909","15.4679"
"1630225947","2012543144","0.142857"
"2012543144","1630225947","0.142857"
"1630225947","2469912118","0.142857"
"2469912118","1630225947","0.142857"
"1630225947","2515017176","0.142857"
"2515017176","1630225947","0.142857"
"1630225947","80155331","0.142857"
"80155331","1630225947","0.142857"
"2012543144","2469912118","0.142857"
"2469912118","2012543144","0.142857"
"2012543144","2515017176","0.142857"
"2515017176","2012543144","0.142857"
"2469912118","2515017176","0.142857"
"2515017176","2469912118","0.142857"
"2469912118","80155331","0.142857"
"80155331","2469912118","0.142857"
"2515017176","80155331","0.142857"
"80155331","2515017176","0.142857"
"1432036814","1990360323","0.366667"
"1990360323","1432036814","0.366667"
"1432036814","2142881470","0.2"
"2142881470","1432036814","0.2"
"1432036814","2560041978","0.2"
"2560041978","1432036814","0.2"
"1531782611","1968061803","2.075"
"1968061803","1531782611","2.075"
"1531782611","1990360323","1.86026"
"1990360323","1531782611","1.86026"
"1531782611","2142881470","0.533333"
"2142881470","1531782611","0.533333"
"1531782611","2560041978","0.2"
"2560041978","1531782611","0.2"
"1968061803","2142881470","0.252632"
"2142881470","1968061803","0.252632"
"1968061803","2560041978","0.2"
"2560041978","1968061803","0.2"
"1990360323","2142881470","1.33596"
"2142881470","1990360323","1.33596"
"1990360323","2560041978","0.2"
"2560041978","1990360323","0.2"
"2142881470","2560041978","0.2"
"2560041978","2142881470","0.2"
"1432036814","1581009051","0.666667"
"1581009051","1432036814","0.666667"
"1432036814","2119521622","0.166667"
"2119521622","1432036814","0.166667"
"1581009051","1962340579","0.34359"
"1962340579","1581009051","0.34359"
"1581009051","1990360323","1.99359"
"1990360323","1581009051","1.99359"
"1581009051","2119521622","0.24359"
"2119521622","1581009051","0.24359"
"1581009051","2152224400","0.34359"
"2152224400","1581009051","0.34359"
"1581009051","9904157","0.166667"
"9904157","1581009051","0.166667"
"1962340579","1990360323","0.24359"
"1990360323","1962340579","0.24359"
"1962340579","2119521622","0.24359"
"2119521622","1962340579","0.24359"
"1962340579","2152224400","0.34359"
"2152224400","1962340579","0.34359"
"1962340579","9904157","0.166667"
"9904157","1962340579","0.166667"
"1990360323","2119521622","0.24359"
"2119521622","1990360323","0.24359"
"1990360323","2152224400","0.576923"
"2152224400","1990360323","0.576923"
"1990360323","9904157","0.166667"
"9904157","1990360323","0.166667"
"2119521622","2152224400","0.24359"
"2152224400","2119521622","0.24359"
"2119521622","9904157","0.166667"
"9904157","2119521622","0.166667"
"2152224400","9904157","0.166667"
"9904157","2152224400","0.166667"
"2116696275","2515017176","1.66667"
"2515017176","2116696275","1.66667"
"1461804874","2028060714","1.33333"
"2028060714","1461804874","1.33333"
"2028060714","2116696275","0.833333"
"2116696275","2028060714","0.833333"
"2028060714","2515017176","0.833333"
"2515017176","2028060714","0.833333"
"1548205909","2116696275","0.666667"
"2116696275","1548205909","0.666667"
"1630225947","2116696275","3.33333"
"2116696275","1630225947","3.33333"
"1488240540","1581009051","0.510256"
"1581009051","1488240540","0.510256"
"1488240540","1963605074","0.760256"
"1963605074","1488240540","0.760256"
"1488240540","2062098714","0.176923"
"2062098714","1488240540","0.176923"
"1488240540","2111038628","0.1"
"2111038628","1488240540","0.1"
"1488240540","2126881776","0.661111"
"2126881776","1488240540","0.661111"
"1488240540","2152224400","0.176923"
"2152224400","1488240540","0.176923"
"1512743466","1963605074","0.176923"
"1963605074","1512743466","0.176923"
"1512743466","2126881776","0.1"
"2126881776","1512743466","0.1"
"1512743466","2152224400","0.176923"
"2152224400","1512743466","0.176923"
"1522996108","1581009051","0.433333"
"1581009051","1522996108","0.433333"
"1522996108","1963605074","0.6"
"1963605074","1522996108","0.6"
"1522996108","2062098714","0.8"
"2062098714","1522996108","0.8"
"1522996108","2111038628","0.1"
"2111038628","1522996108","0.1"
"1522996108","2126881776","0.411111"
"2126881776","1522996108","0.411111"
"1522996108","2152224400","0.1"
"2152224400","1522996108","0.1"
"1581009051","1963605074","0.510256"
"1963605074","1581009051","0.510256"
"1581009051","2062098714","0.176923"
"2062098714","1581009051","0.176923"
"1581009051","2126881776","0.1"
"2126881776","1581009051","0.1"
"1916198581","1963605074","0.1"
"1963605074","1916198581","0.1"
"1916198581","2111038628","0.1"
"2111038628","1916198581","0.1"
"1916198581","2152224400","0.1"
"2152224400","1916198581","0.1"
"1962340579","1963605074","0.426923"
"1963605074","1962340579","0.426923"
"1962340579","2111038628","0.1"
"2111038628","1962340579","0.1"
"1962340579","2126881776","0.861111"
"2126881776","1962340579","0.861111"
"1963605074","2111038628","0.1"
"2111038628","1963605074","0.1"
"2062098714","2111038628","0.1"
"2111038628","2062098714","0.1"
"2111038628","2126881776","0.1"
"2126881776","2111038628","0.1"
"2111038628","2152224400","0.1"
"2152224400","2111038628","0.1"
"1488240540","80155331","0.125"
"80155331","1488240540","0.125"
"1488240540","2623390737","0.2"
"2623390737","1488240540","0.2"
"1522996108","2623390737","0.2"
"2623390737","1522996108","0.2"
"1548205909","2623390737","1.03333"
"2623390737","1548205909","1.03333"
"1962340579","2623390737","0.2"
"2623390737","1962340579","0.2"
"2126881776","2623390737","0.2"
"2623390737","2126881776","0.2"
"1488240540","1569672691","0.188034"
"1569672691","1488240540","0.188034"
"1488240540","1634470931","0.388034"
"1634470931","1488240540","0.388034"
"1488240540","186100614","0.188034"
"186100614","1488240540","0.188034"
"1488240540","1990360323","0.0769231"
"1990360323","1488240540","0.0769231"
"1488240540","2119521622","0.276923"
"2119521622","1488240540","0.276923"
"1512743466","1569672691","0.0769231"
"1569672691","1512743466","0.0769231"
"1512743466","1634470931","0.0769231"
"1634470931","1512743466","0.0769231"
"1512743466","186100614","0.0769231"
"186100614","1512743466","0.0769231"
"1512743466","1990360323","0.0769231"
"1990360323","1512743466","0.0769231"
"1512743466","2119521622","0.276923"
"2119521622","1512743466","0.276923"
"1531782611","1569672691","0.201923"
"1569672691","1531782611","0.201923"
"1531782611","1581009051","3.32692"
"1581009051","1531782611","3.32692"
"1531782611","1634470931","0.526923"
"1634470931","1531782611","0.526923"
"1531782611","186100614","0.276923"
"186100614","1531782611","0.276923"
"1531782611","2119521622","0.0769231"
"2119521622","1531782611","0.0769231"
"1569672691","1581009051","0.0769231"
"1581009051","1569672691","0.0769231"
"1569672691","1634470931","0.438034"
"1634470931","1569672691","0.438034"
"1569672691","186100614","0.188034"
"186100614","1569672691","0.188034"
"1569672691","1962340579","0.188034"
"1962340579","1569672691","0.188034"
"1569672691","1963605074","0.0769231"
"1963605074","1569672691","0.0769231"
"1569672691","1990360323","0.0769231"
"1990360323","1569672691","0.0769231"
"1569672691","2012543144","0.401923"
"2012543144","1569672691","0.401923"
"1569672691","2062098714","0.0769231"
"2062098714","1569672691","0.0769231"
"1569672691","2119521622","0.0769231"
"2119521622","1569672691","0.0769231"
"1569672691","2152224400","0.0769231"
"2152224400","1569672691","0.0769231"
"1581009051","186100614","0.0769231"
"186100614","1581009051","0.0769231"
"1634470931","186100614","0.388034"
"186100614","1634470931","0.388034"
"1634470931","1962340579","0.188034"
"1962340579","1634470931","0.188034"
"1634470931","1963605074","0.0769231"
"1963605074","1634470931","0.0769231"
"1634470931","2012543144","0.276923"
"2012543144","1634470931","0.276923"
"1634470931","2062098714","0.24359"
"2062098714","1634470931","0.24359"
"1634470931","2119521622","0.276923"
"2119521622","1634470931","0.276923"
"1634470931","2152224400","0.0769231"
"2152224400","1634470931","0.0769231"
"186100614","1962340579","0.188034"
"1962340579","186100614","0.188034"
"186100614","1963605074","0.0769231"
"1963605074","186100614","0.0769231"
"186100614","1990360323","0.576923"
"1990360323","186100614","0.576923"
"186100614","2012543144","0.0769231"
"2012543144","186100614","0.0769231"
"186100614","2062098714","0.0769231"
"2062098714","186100614","0.0769231"
"186100614","2119521622","0.0769231"
"2119521622","186100614","0.0769231"
"186100614","2152224400","0.0769231"
"2152224400","186100614","0.0769231"
"1963605074","1990360323","0.0769231"
"1990360323","1963605074","0.0769231"
"1963605074","2012543144","0.0769231"
"2012543144","1963605074","0.0769231"
"1963605074","2119521622","0.0769231"
"2119521622","1963605074","0.0769231"
"1990360323","2012543144","0.0769231"
"2012543144","1990360323","0.0769231"
"1990360323","2062098714","0.129555"
"2062098714","1990360323","0.129555"
"2012543144","2119521622","0.0769231"
"2119521622","2012543144","0.0769231"
"2012543144","2152224400","0.0769231"
"2152224400","2012543144","0.0769231"
"2062098714","2119521622","0.276923"
"2119521622","2062098714","0.276923"
"1488240540","1527502244","1.11111"
"1527502244","1488240540","1.11111"
"1488240540","1873122431","0.111111"
"1873122431","1488240540","0.111111"
"1488240540","2167464078","0.111111"
"2167464078","1488240540","0.111111"
"1522996108","1527502244","0.111111"
"1527502244","1522996108","0.111111"
"1522996108","1569672691","0.111111"
"1569672691","1522996108","0.111111"
"1522996108","1634470931","0.311111"
"1634470931","1522996108","0.311111"
"1522996108","186100614","0.111111"
"186100614","1522996108","0.111111"
"1522996108","1873122431","1.61111"
"1873122431","1522996108","1.61111"
"1522996108","2167464078","0.111111"
"2167464078","1522996108","0.111111"
"1527502244","1569672691","1.11111"
"1569672691","1527502244","1.11111"
"1527502244","1634470931","0.111111"
"1634470931","1527502244","0.111111"
"1527502244","1873122431","0.111111"
"1873122431","1527502244","0.111111"
"1527502244","1962340579","0.111111"
"1962340579","1527502244","0.111111"
"1527502244","2126881776","0.111111"
"2126881776","1527502244","0.111111"
"1527502244","2167464078","0.111111"
"2167464078","1527502244","0.111111"
"1569672691","1873122431","0.111111"
"1873122431","1569672691","0.111111"
"1569672691","2126881776","0.111111"
"2126881776","1569672691","0.111111"
"1569672691","2167464078","0.111111"
"2167464078","1569672691","0.111111"
"1634470931","1873122431","0.111111"
"1873122431","1634470931","0.111111"
"1634470931","2126881776","0.477778"
"2126881776","1634470931","0.477778"
"186100614","1873122431","0.111111"
"1873122431","186100614","0.111111"
"186100614","2126881776","0.311111"
"2126881776","186100614","0.311111"
"186100614","2167464078","0.111111"
"2167464078","186100614","0.111111"
"1873122431","2126881776","0.111111"
"2126881776","1873122431","0.111111"
"1873122431","2167464078","0.111111"
"2167464078","1873122431","0.111111"
"1962340579","2167464078","0.111111"
"2167464078","1962340579","0.111111"
"2126881776","2167464078","0.111111"
"2167464078","2126881776","0.111111"
"1488240540","2469912118","1"
"2469912118","1488240540","1"
"1488240540","1630225947","0.2"
"1630225947","1488240540","0.2"
"1488240540","2169810866","0.2"
"2169810866","1488240540","0.2"
"1522996108","1630225947","0.366667"
"1630225947","1522996108","0.366667"
"1522996108","2119521622","0.566667"
"2119521622","1522996108","0.566667"
"1522996108","2169810866","0.2"
"2169810866","1522996108","0.2"
"1630225947","1634470931","0.2"
"1634470931","1630225947","0.2"
"1630225947","2119521622","0.366667"
"2119521622","1630225947","0.366667"
"1630225947","2169810866","6.7"
"2169810866","1630225947","6.7"
"1634470931","2169810866","0.2"
"2169810866","1634470931","0.2"
"2119521622","2169810866","0.2"
"2169810866","2119521622","0.2"
"1512743466","2469912118","0.2"
"2469912118","1512743466","0.2"
"1522996108","2469912118","0.2"
"2469912118","1522996108","0.2"
"1548205909","2119521622","0.366667"
"2119521622","1548205909","0.366667"
"2062098714","2469912118","1.00952"
"2469912118","2062098714","1.00952"
"2119521622","2469912118","0.2"
"2469912118","2119521622","0.2"
"1548205909","1873122431","5.66667"
"1873122431","1548205909","5.66667"
"1512743466","2169810866","0.5"
"2169810866","1512743466","0.5"
"1512743466","96820266","0.5"
"96820266","1512743466","0.5"
"2169810866","96820266","3.75"
"96820266","2169810866","3.75"
"1522996108","35235785","0.166667"
"35235785","1522996108","0.166667"
"1522996108","96820266","0.166667"
"96820266","1522996108","0.166667"
"1548205909","35235785","0.5"
"35235785","1548205909","0.5"
"1548205909","96820266","0.5"
"96820266","1548205909","0.5"
"1630225947","1873122431","0.166667"
"1873122431","1630225947","0.166667"
"1630225947","35235785","0.166667"
"35235785","1630225947","0.166667"
"1630225947","96820266","0.666667"
"96820266","1630225947","0.666667"
"1873122431","2119521622","0.166667"
"2119521622","1873122431","0.166667"
"1873122431","35235785","0.166667"
"35235785","1873122431","0.166667"
"1873122431","96820266","0.75"
"96820266","1873122431","0.75"
"2119521622","35235785","0.166667"
"35235785","2119521622","0.166667"
"2119521622","96820266","0.166667"
"96820266","2119521622","0.166667"
