"1003824078","1674899842","0.25"
"1674899842","1003824078","0.25"
"1003824078","1808668261","0.25"
"1808668261","1003824078","0.25"
"1003824078","1890412134","0.25"
"1890412134","1003824078","0.25"
"1003824078","2097751911","0.25"
"2097751911","1003824078","0.25"
"1674899842","1808668261","0.902778"
"1808668261","1674899842","0.902778"
"1674899842","1890412134","3.87897"
"1890412134","1674899842","3.87897"
"1674899842","2097751911","2.73611"
"2097751911","1674899842","2.73611"
"1808668261","1890412134","4.29921"
"1890412134","1808668261","4.29921"
"1808668261","2097751911","12.248"
"2097751911","1808668261","12.248"
"1890412134","2097751911","2.49802"
"2097751911","1890412134","2.49802"
"129351637","1526112345","1.56905"
"1526112345","129351637","1.56905"
"129351637","1808668261","2.56905"
"1808668261","129351637","2.56905"
"129351637","2097751911","1.03571"
"2097751911","129351637","1.03571"
"129351637","2126729912","1.10119"
"2126729912","129351637","1.10119"
"1526112345","1808668261","7.26349"
"1808668261","1526112345","7.26349"
"1526112345","2097751911","1.89683"
"2097751911","1526112345","1.89683"
"1526112345","2126729912","3.35119"
"2126729912","1526112345","3.35119"
"1808668261","2126729912","6.99405"
"2126729912","1808668261","6.99405"
"2097751911","2126729912","1.51786"
"2126729912","2097751911","1.51786"
"129351637","1587968027","0.22619"
"1587968027","129351637","0.22619"
"129351637","1890412134","0.819048"
"1890412134","129351637","0.819048"
"129351637","2159584786","0.142857"
"2159584786","129351637","0.142857"
"1526112345","1587968027","1.00397"
"1587968027","1526112345","1.00397"
"1526112345","1890412134","2.18016"
"1890412134","1526112345","2.18016"
"1526112345","2159584786","0.420635"
"2159584786","1526112345","0.420635"
"1587968027","1808668261","1.37302"
"1808668261","1587968027","1.37302"
"1587968027","1890412134","4.21587"
"1890412134","1587968027","4.21587"
"1587968027","2097751911","0.771825"
"2097751911","1587968027","0.771825"
"1587968027","2126729912","0.369048"
"2126729912","1587968027","0.369048"
"1587968027","2159584786","1.02183"
"2159584786","1587968027","1.02183"
"1808668261","2159584786","1.37897"
"2159584786","1808668261","1.37897"
"1890412134","2126729912","0.744048"
"2126729912","1890412134","0.744048"
"1890412134","2159584786","0.688492"
"2159584786","1890412134","0.688492"
"2097751911","2159584786","0.420635"
"2159584786","2097751911","0.420635"
"2126729912","2159584786","0.142857"
"2159584786","2126729912","0.142857"
"129351637","1967366443","0.842857"
"1967366443","129351637","0.842857"
"129351637","2158074827","0.842857"
"2158074827","129351637","0.842857"
"1526112345","1967366443","1.62063"
"1967366443","1526112345","1.62063"
"1526112345","2158074827","1.2873"
"2158074827","1526112345","1.2873"
"1808668261","1967366443","3.15635"
"1967366443","1808668261","3.15635"
"1808668261","2158074827","4.65635"
"2158074827","1808668261","4.65635"
"1967366443","2097751911","1.35516"
"2097751911","1967366443","1.35516"
"1967366443","2126729912","0.517857"
"2126729912","1967366443","0.517857"
"1967366443","2158074827","4.91587"
"2158074827","1967366443","4.91587"
"2097751911","2158074827","1.18849"
"2158074827","2097751911","1.18849"
"2126729912","2158074827","0.517857"
"2158074827","2126729912","0.517857"
"129351637","1833322956","0.333333"
"1833322956","129351637","0.333333"
"1526112345","1833322956","0.444444"
"1833322956","1526112345","0.444444"
"1808668261","1833322956","1.98016"
"1833322956","1808668261","1.98016"
"1833322956","1890412134","2.89683"
"1890412134","1833322956","2.89683"
"1833322956","1967366443","1.31349"
"1967366443","1833322956","1.31349"
"1833322956","2097751911","1.2123"
"2097751911","1833322956","1.2123"
"1833322956","2126729912","0.35119"
"2126729912","1833322956","0.35119"
"1833322956","2158074827","1.89683"
"2158074827","1833322956","1.89683"
"1890412134","1967366443","2.74921"
"1967366443","1890412134","2.74921"
"1890412134","2158074827","4.16587"
"2158074827","1890412134","4.16587"
"129351637","2056015695","0.22619"
"2056015695","129351637","0.22619"
"1526112345","2056015695","0.392857"
"2056015695","1526112345","0.392857"
"1808668261","2056015695","0.928571"
"2056015695","1808668261","0.928571"
"1890412134","2056015695","1.85476"
"2056015695","1890412134","1.85476"
"1967366443","2056015695","1.4381"
"2056015695","1967366443","1.4381"
"2056015695","2097751911","0.494048"
"2097751911","2056015695","0.494048"
"2056015695","2158074827","7.35476"
"2158074827","2056015695","7.35476"
"129351637","1674899842","0.208333"
"1674899842","129351637","0.208333"
"129351637","2031500863","0.0833333"
"2031500863","129351637","0.0833333"
"1526112345","1674899842","0.486111"
"1674899842","1526112345","0.486111"
"1526112345","2031500863","1.08333"
"2031500863","1526112345","1.08333"
"1587968027","1674899842","0.503968"
"1674899842","1587968027","0.503968"
"1587968027","1833322956","0.730159"
"1833322956","1587968027","0.730159"
"1587968027","1967366443","1.73968"
"1967366443","1587968027","1.73968"
"1587968027","2031500863","0.22619"
"2031500863","1587968027","0.22619"
"1587968027","2056015695","2.79524"
"2056015695","1587968027","2.79524"
"1587968027","2158074827","10.073"
"2158074827","1587968027","10.073"
"1674899842","1833322956","0.902778"
"1833322956","1674899842","0.902778"
"1674899842","1967366443","1.54563"
"1967366443","1674899842","1.54563"
"1674899842","2031500863","0.47619"
"2031500863","1674899842","0.47619"
"1674899842","2056015695","0.809524"
"2056015695","1674899842","0.809524"
"1674899842","2126729912","0.0833333"
"2126729912","1674899842","0.0833333"
"1674899842","2158074827","4.12897"
"2158074827","1674899842","4.12897"
"1808668261","2031500863","0.583333"
"2031500863","1808668261","0.583333"
"1833322956","2031500863","0.0833333"
"2031500863","1833322956","0.0833333"
"1833322956","2056015695","1.03571"
"2056015695","1833322956","1.03571"
"1890412134","2031500863","0.47619"
"2031500863","1890412134","0.47619"
"1967366443","2031500863","0.47619"
"2031500863","1967366443","0.47619"
"2031500863","2056015695","1.22619"
"2056015695","2031500863","1.22619"
"2031500863","2097751911","0.0833333"
"2097751911","2031500863","0.0833333"
"2031500863","2126729912","0.0833333"
"2126729912","2031500863","0.0833333"
"2031500863","2158074827","0.97619"
"2158074827","2031500863","0.97619"
"2056015695","2126729912","0.22619"
"2126729912","2056015695","0.22619"
"129351637","2056666368","1"
"2056666368","129351637","1"
"1526112345","2056666368","2"
"2056666368","1526112345","2"
"1967366443","2159584786","0.545635"
"2159584786","1967366443","0.545635"
"2158074827","2159584786","0.878968"
"2159584786","2158074827","0.878968"
"1674899842","2159584786","0.253968"
"2159584786","1674899842","0.253968"
"1833322956","2159584786","1.23611"
"2159584786","1833322956","1.23611"
"1528988815","1756665610","13.3333"
"1756665610","1528988815","13.3333"
"1528988815","2952479443","13.3333"
"2952479443","1528988815","13.3333"
"1756665610","2952479443","16.3333"
"2952479443","1756665610","16.3333"
"1528988815","2056666368","0.333333"
"2056666368","1528988815","0.333333"
"1756665610","2056666368","0.333333"
"2056666368","1756665610","0.333333"
"2056666368","2952479443","0.333333"
"2952479443","2056666368","0.333333"
"2056015695","2159584786","0.60119"
"2159584786","2056015695","0.60119"
"2031500863","2159584786","0.142857"
"2159584786","2031500863","0.142857"
"1587968027","2056666368","0.95"
"2056666368","1587968027","0.95"
"1808668261","2056666368","0.416667"
"2056666368","1808668261","0.416667"
"1833322956","2056666368","0.583333"
"2056666368","1833322956","0.583333"
"1890412134","2056666368","1.28333"
"2056666368","1890412134","1.28333"
"1967366443","2056666368","0.783333"
"2056666368","1967366443","0.783333"
"2056015695","2056666368","0.616667"
"2056666368","2056015695","0.616667"
"2056666368","2097751911","0.291667"
"2097751911","2056666368","0.291667"
"2056666368","2158074827","2.11667"
"2158074827","2056666368","2.11667"
"2056666368","2159584786","0.125"
"2159584786","2056666368","0.125"
"1674899842","2056666368","2.83333"
"2056666368","1674899842","2.83333"
"1881935562","2158549013","2"
"2158549013","1881935562","2"
"1885203512","2951017643","28"
"2951017643","1885203512","28"
"1885203512","2031500863","0.5"
"2031500863","1885203512","0.5"
"2031500863","2951017643","0.5"
"2951017643","2031500863","0.5"
"1885203512","1890412134","0.5"
"1890412134","1885203512","0.5"
"1890412134","2951017643","0.5"
"2951017643","1890412134","0.5"
"2138422941","2158549013","5"
"2158549013","2138422941","5"
