"1454815643","1549483202","0.49359"
"1549483202","1454815643","0.49359"
"1454815643","1577728713","0.326923"
"1577728713","1454815643","0.326923"
"1454815643","1787327377","1"
"1787327377","1454815643","1"
"1454815643","2041249434","0.326923"
"2041249434","1454815643","0.326923"
"1454815643","2056045513","1.91667"
"2056045513","1454815643","1.91667"
"1454815643","2090155521","0.166667"
"2090155521","1454815643","0.166667"
"1549483202","1577728713","0.24359"
"1577728713","1549483202","0.24359"
"1549483202","1787327377","2.38889"
"1787327377","1549483202","2.38889"
"1549483202","2041249434","0.24359"
"2041249434","1549483202","0.24359"
"1549483202","2056045513","3.75"
"2056045513","1549483202","3.75"
"1549483202","2090155521","0.166667"
"2090155521","1549483202","0.166667"
"1577728713","1787327377","0.25"
"1787327377","1577728713","0.25"
"1577728713","2041249434","3.86026"
"2041249434","1577728713","3.86026"
"1577728713","2056045513","0.166667"
"2056045513","1577728713","0.166667"
"1577728713","2090155521","0.416667"
"2090155521","1577728713","0.416667"
"1787327377","2041249434","0.25"
"2041249434","1787327377","0.25"
"1787327377","2056045513","3.75"
"2056045513","1787327377","3.75"
"1787327377","2090155521","0.166667"
"2090155521","1787327377","0.166667"
"2041249434","2056045513","0.166667"
"2056045513","2041249434","0.166667"
"2041249434","2090155521","0.416667"
"2090155521","2041249434","0.416667"
"2056045513","2090155521","0.166667"
"2090155521","2056045513","0.166667"
"1454815643","2155339722","0.25"
"2155339722","1454815643","0.25"
"1549483202","2155339722","0.722222"
"2155339722","1549483202","0.722222"
"1787327377","2155339722","1.22222"
"2155339722","1787327377","1.22222"
"2056045513","2155339722","1.08333"
"2155339722","2056045513","1.08333"
"1454815643","2167876133","1.07692"
"2167876133","1454815643","1.07692"
"1454815643","2132295703","0.576923"
"2132295703","1454815643","0.576923"
"1454815643","2170844878","0.576923"
"2170844878","1454815643","0.576923"
"2132295703","2170844878","8.53486"
"2170844878","2132295703","8.53486"
"1454815643","2038424176","0.0833333"
"2038424176","1454815643","0.0833333"
"1454815643","2074019188","0.0833333"
"2074019188","1454815643","0.0833333"
"1454815643","2091478576","0.0833333"
"2091478576","1454815643","0.0833333"
"1454815643","2113635936","0.0833333"
"2113635936","1454815643","0.0833333"
"1454815643","2128852824","0.0833333"
"2128852824","1454815643","0.0833333"
"1454815643","2129787457","0.0833333"
"2129787457","1454815643","0.0833333"
"1454815643","2139684396","1.16026"
"2139684396","1454815643","1.16026"
"1454815643","2171037238","0.160256"
"2171037238","1454815643","0.160256"
"1454815643","2346059855","0.0833333"
"2346059855","1454815643","0.0833333"
"1577728713","2038424176","0.333333"
"2038424176","1577728713","0.333333"
"1577728713","2074019188","1.78333"
"2074019188","1577728713","1.78333"
"1577728713","2091478576","0.0833333"
"2091478576","1577728713","0.0833333"
"1577728713","2113635936","0.0833333"
"2113635936","1577728713","0.0833333"
"1577728713","2128852824","0.0833333"
"2128852824","1577728713","0.0833333"
"1577728713","2129787457","0.0833333"
"2129787457","1577728713","0.0833333"
"1577728713","2139684396","0.660256"
"2139684396","1577728713","0.660256"
"1577728713","2171037238","1.27692"
"2171037238","1577728713","1.27692"
"1577728713","2346059855","1.16667"
"2346059855","1577728713","1.16667"
"1787327377","2038424176","0.0833333"
"2038424176","1787327377","0.0833333"
"1787327377","2074019188","0.0833333"
"2074019188","1787327377","0.0833333"
"1787327377","2091478576","0.0833333"
"2091478576","1787327377","0.0833333"
"1787327377","2113635936","0.0833333"
"2113635936","1787327377","0.0833333"
"1787327377","2128852824","0.583333"
"2128852824","1787327377","0.583333"
"1787327377","2129787457","0.166667"
"2129787457","1787327377","0.166667"
"1787327377","2139684396","0.138889"
"2139684396","1787327377","0.138889"
"1787327377","2171037238","0.138889"
"2171037238","1787327377","0.138889"
"1787327377","2346059855","0.138889"
"2346059855","1787327377","0.138889"
"2038424176","2041249434","0.333333"
"2041249434","2038424176","0.333333"
"2038424176","2074019188","0.0833333"
"2074019188","2038424176","0.0833333"
"2038424176","2091478576","0.25"
"2091478576","2038424176","0.25"
"2038424176","2113635936","0.25"
"2113635936","2038424176","0.25"
"2038424176","2128852824","0.333333"
"2128852824","2038424176","0.333333"
"2038424176","2129787457","1"
"2129787457","2038424176","1"
"2038424176","2139684396","2.25"
"2139684396","2038424176","2.25"
"2038424176","2171037238","0.0833333"
"2171037238","2038424176","0.0833333"
"2038424176","2346059855","0.333333"
"2346059855","2038424176","0.333333"
"2041249434","2074019188","2.28333"
"2074019188","2041249434","2.28333"
"2041249434","2091478576","0.0833333"
"2091478576","2041249434","0.0833333"
"2041249434","2113635936","0.0833333"
"2113635936","2041249434","0.0833333"
"2041249434","2128852824","0.0833333"
"2128852824","2041249434","0.0833333"
"2041249434","2129787457","0.0833333"
"2129787457","2041249434","0.0833333"
"2041249434","2139684396","0.660256"
"2139684396","2041249434","0.660256"
"2041249434","2171037238","1.77692"
"2171037238","2041249434","1.77692"
"2041249434","2346059855","0.666667"
"2346059855","2041249434","0.666667"
"2074019188","2091478576","0.0833333"
"2091478576","2074019188","0.0833333"
"2074019188","2113635936","0.0833333"
"2113635936","2074019188","0.0833333"
"2074019188","2128852824","0.0833333"
"2128852824","2074019188","0.0833333"
"2074019188","2129787457","0.0833333"
"2129787457","2074019188","0.0833333"
"2074019188","2139684396","0.0833333"
"2139684396","2074019188","0.0833333"
"2074019188","2171037238","1.2"
"2171037238","2074019188","1.2"
"2074019188","2346059855","0.0833333"
"2346059855","2074019188","0.0833333"
"2091478576","2113635936","3.5998"
"2113635936","2091478576","3.5998"
"2091478576","2128852824","0.416667"
"2128852824","2091478576","0.416667"
"2091478576","2129787457","0.361111"
"2129787457","2091478576","0.361111"
"2091478576","2139684396","0.25"
"2139684396","2091478576","0.25"
"2091478576","2171037238","0.0833333"
"2171037238","2091478576","0.0833333"
"2091478576","2346059855","0.0833333"
"2346059855","2091478576","0.0833333"
"2113635936","2128852824","0.265873"
"2128852824","2113635936","0.265873"
"2113635936","2129787457","1.36111"
"2129787457","2113635936","1.36111"
"2113635936","2139684396","0.25"
"2139684396","2113635936","0.25"
"2113635936","2171037238","0.0833333"
"2171037238","2113635936","0.0833333"
"2113635936","2346059855","0.0833333"
"2346059855","2113635936","0.0833333"
"2128852824","2129787457","0.333333"
"2129787457","2128852824","0.333333"
"2128852824","2139684396","0.458333"
"2139684396","2128852824","0.458333"
"2128852824","2171037238","0.0833333"
"2171037238","2128852824","0.0833333"
"2128852824","2346059855","0.0833333"
"2346059855","2128852824","0.0833333"
"2129787457","2139684396","1"
"2139684396","2129787457","1"
"2129787457","2171037238","0.0833333"
"2171037238","2129787457","0.0833333"
"2129787457","2346059855","0.0833333"
"2346059855","2129787457","0.0833333"
"2139684396","2171037238","0.215812"
"2171037238","2139684396","0.215812"
"2139684396","2346059855","0.388889"
"2346059855","2139684396","0.388889"
"2171037238","2346059855","0.138889"
"2346059855","2171037238","0.138889"
"1454815643","2232194945","1"
"2232194945","1454815643","1"
"1454815643","2096196901","1"
"2096196901","1454815643","1"
"1454815643","1542792105","0.0769231"
"1542792105","1454815643","0.0769231"
"1454815643","2108048005","0.0769231"
"2108048005","1454815643","0.0769231"
"1454815643","2110022211","0.0769231"
"2110022211","1454815643","0.0769231"
"1454815643","2129494520","0.0769231"
"2129494520","1454815643","0.0769231"
"1454815643","2136051894","0.0769231"
"2136051894","1454815643","0.0769231"
"1542792105","1549483202","0.132479"
"1549483202","1542792105","0.132479"
"1542792105","1577728713","0.0769231"
"1577728713","1542792105","0.0769231"
"1542792105","2041249434","0.0769231"
"2041249434","1542792105","0.0769231"
"1542792105","2108048005","0.275336"
"2108048005","1542792105","0.275336"
"1542792105","2110022211","2.13248"
"2110022211","1542792105","2.13248"
"1542792105","2129494520","0.132479"
"2129494520","1542792105","0.132479"
"1542792105","2132295703","0.275336"
"2132295703","1542792105","0.275336"
"1542792105","2136051894","0.132479"
"2136051894","1542792105","0.132479"
"1542792105","2139684396","0.132479"
"2139684396","1542792105","0.132479"
"1542792105","2167876133","0.275336"
"2167876133","1542792105","0.275336"
"1542792105","2170844878","0.275336"
"2170844878","1542792105","0.275336"
"1542792105","2171037238","0.132479"
"2171037238","1542792105","0.132479"
"1549483202","2108048005","0.132479"
"2108048005","1549483202","0.132479"
"1549483202","2110022211","0.24359"
"2110022211","1549483202","0.24359"
"1549483202","2129494520","1.32692"
"2129494520","1549483202","1.32692"
"1549483202","2132295703","0.132479"
"2132295703","1549483202","0.132479"
"1549483202","2136051894","0.132479"
"2136051894","1549483202","0.132479"
"1549483202","2139684396","0.132479"
"2139684396","1549483202","0.132479"
"1549483202","2167876133","0.24359"
"2167876133","1549483202","0.24359"
"1549483202","2170844878","0.132479"
"2170844878","1549483202","0.132479"
"1549483202","2171037238","0.132479"
"2171037238","1549483202","0.132479"
"1577728713","2108048005","0.0769231"
"2108048005","1577728713","0.0769231"
"1577728713","2110022211","0.0769231"
"2110022211","1577728713","0.0769231"
"1577728713","2129494520","0.0769231"
"2129494520","1577728713","0.0769231"
"1577728713","2132295703","0.0769231"
"2132295703","1577728713","0.0769231"
"1577728713","2136051894","0.0769231"
"2136051894","1577728713","0.0769231"
"1577728713","2167876133","0.0769231"
"2167876133","1577728713","0.0769231"
"1577728713","2170844878","0.0769231"
"2170844878","1577728713","0.0769231"
"2041249434","2108048005","0.0769231"
"2108048005","2041249434","0.0769231"
"2041249434","2110022211","0.0769231"
"2110022211","2041249434","0.0769231"
"2041249434","2129494520","0.0769231"
"2129494520","2041249434","0.0769231"
"2041249434","2132295703","0.0769231"
"2132295703","2041249434","0.0769231"
"2041249434","2136051894","0.0769231"
"2136051894","2041249434","0.0769231"
"2041249434","2167876133","0.0769231"
"2167876133","2041249434","0.0769231"
"2041249434","2170844878","0.0769231"
"2170844878","2041249434","0.0769231"
"2108048005","2110022211","1.38248"
"2110022211","2108048005","1.38248"
"2108048005","2129494520","0.132479"
"2129494520","2108048005","0.132479"
"2108048005","2132295703","2.02534"
"2132295703","2108048005","2.02534"
"2108048005","2136051894","0.132479"
"2136051894","2108048005","0.132479"
"2108048005","2139684396","0.132479"
"2139684396","2108048005","0.132479"
"2108048005","2167876133","0.275336"
"2167876133","2108048005","0.275336"
"2108048005","2170844878","2.02534"
"2170844878","2108048005","2.02534"
"2108048005","2171037238","0.132479"
"2171037238","2108048005","0.132479"
"2110022211","2129494520","0.721368"
"2129494520","2110022211","0.721368"
"2110022211","2132295703","0.749145"
"2132295703","2110022211","0.749145"
"2110022211","2136051894","0.132479"
"2136051894","2110022211","0.132479"
"2110022211","2139684396","0.132479"
"2139684396","2110022211","0.132479"
"2110022211","2167876133","0.24359"
"2167876133","2110022211","0.24359"
"2110022211","2170844878","0.749145"
"2170844878","2110022211","0.749145"
"2110022211","2171037238","0.132479"
"2171037238","2110022211","0.132479"
"2129494520","2132295703","0.642002"
"2132295703","2129494520","0.642002"
"2129494520","2136051894","0.132479"
"2136051894","2129494520","0.132479"
"2129494520","2139684396","0.132479"
"2139684396","2129494520","0.132479"
"2129494520","2167876133","0.24359"
"2167876133","2129494520","0.24359"
"2129494520","2170844878","0.642002"
"2170844878","2129494520","0.642002"
"2129494520","2171037238","0.132479"
"2171037238","2129494520","0.132479"
"2132295703","2136051894","0.132479"
"2136051894","2132295703","0.132479"
"2132295703","2139684396","0.632479"
"2139684396","2132295703","0.632479"
"2132295703","2167876133","0.275336"
"2167876133","2132295703","0.275336"
"2132295703","2171037238","0.132479"
"2171037238","2132295703","0.132479"
"2136051894","2139684396","0.257479"
"2139684396","2136051894","0.257479"
"2136051894","2167876133","0.799145"
"2167876133","2136051894","0.799145"
"2136051894","2170844878","0.132479"
"2170844878","2136051894","0.132479"
"2136051894","2171037238","0.132479"
"2171037238","2136051894","0.132479"
"2139684396","2167876133","0.132479"
"2167876133","2139684396","0.132479"
"2139684396","2170844878","0.632479"
"2170844878","2139684396","0.632479"
"2167876133","2170844878","0.275336"
"2170844878","2167876133","0.275336"
"2167876133","2171037238","0.132479"
"2171037238","2167876133","0.132479"
"2170844878","2171037238","0.132479"
"2171037238","2170844878","0.132479"
"1504695733","2271110950","1"
"2271110950","1504695733","1"
"1504695733","2056045513","1.66667"
"2056045513","1504695733","1.66667"
"1504695733","2094350693","0.666667"
"2094350693","1504695733","0.666667"
"1504695733","2151195556","1.66667"
"2151195556","1504695733","1.66667"
"2056045513","2094350693","1.16667"
"2094350693","2056045513","1.16667"
"2056045513","2151195556","14.6667"
"2151195556","2056045513","14.6667"
"2094350693","2151195556","0.666667"
"2151195556","2094350693","0.666667"
"1504695733","2024405456","0.5"
"2024405456","1504695733","0.5"
"1504695733","2125943199","0.5"
"2125943199","1504695733","0.5"
"2024405456","2125943199","0.5"
"2125943199","2024405456","0.5"
"1542792105","1787327377","0.0555556"
"1787327377","1542792105","0.0555556"
"1542792105","2025115771","0.0555556"
"2025115771","1542792105","0.0555556"
"1542792105","2091681703","0.0555556"
"2091681703","1542792105","0.0555556"
"1542792105","2097575788","0.0555556"
"2097575788","1542792105","0.0555556"
"1542792105","2128121494","0.0555556"
"2128121494","1542792105","0.0555556"
"1542792105","2155339722","0.0555556"
"2155339722","1542792105","0.0555556"
"1542792105","2197676279","0.0555556"
"2197676279","1542792105","0.0555556"
"1542792105","2346059855","0.0555556"
"2346059855","1542792105","0.0555556"
"1549483202","2025115771","0.0555556"
"2025115771","1549483202","0.0555556"
"1549483202","2091681703","0.0555556"
"2091681703","1549483202","0.0555556"
"1549483202","2097575788","0.0555556"
"2097575788","1549483202","0.0555556"
"1549483202","2128121494","0.0555556"
"2128121494","1549483202","0.0555556"
"1549483202","2197676279","0.0555556"
"2197676279","1549483202","0.0555556"
"1549483202","2346059855","0.0555556"
"2346059855","1549483202","0.0555556"
"1787327377","2025115771","0.0555556"
"2025115771","1787327377","0.0555556"
"1787327377","2091681703","0.0555556"
"2091681703","1787327377","0.0555556"
"1787327377","2097575788","0.0555556"
"2097575788","1787327377","0.0555556"
"1787327377","2108048005","0.0555556"
"2108048005","1787327377","0.0555556"
"1787327377","2110022211","0.0555556"
"2110022211","1787327377","0.0555556"
"1787327377","2128121494","0.0555556"
"2128121494","1787327377","0.0555556"
"1787327377","2129494520","0.138889"
"2129494520","1787327377","0.138889"
"1787327377","2132295703","0.0555556"
"2132295703","1787327377","0.0555556"
"1787327377","2136051894","0.0555556"
"2136051894","1787327377","0.0555556"
"1787327377","2167876133","0.0555556"
"2167876133","1787327377","0.0555556"
"1787327377","2170844878","0.0555556"
"2170844878","1787327377","0.0555556"
"1787327377","2197676279","0.0555556"
"2197676279","1787327377","0.0555556"
"2025115771","2091681703","0.0555556"
"2091681703","2025115771","0.0555556"
"2025115771","2097575788","0.0555556"
"2097575788","2025115771","0.0555556"
"2025115771","2108048005","0.0555556"
"2108048005","2025115771","0.0555556"
"2025115771","2110022211","0.0555556"
"2110022211","2025115771","0.0555556"
"2025115771","2128121494","1.12698"
"2128121494","2025115771","1.12698"
"2025115771","2129494520","0.0555556"
"2129494520","2025115771","0.0555556"
"2025115771","2132295703","0.0555556"
"2132295703","2025115771","0.0555556"
"2025115771","2136051894","8.71032"
"2136051894","2025115771","8.71032"
"2025115771","2139684396","0.180556"
"2139684396","2025115771","0.180556"
"2025115771","2155339722","0.180556"
"2155339722","2025115771","0.180556"
"2025115771","2167876133","0.555556"
"2167876133","2025115771","0.555556"
"2025115771","2170844878","0.0555556"
"2170844878","2025115771","0.0555556"
"2025115771","2171037238","0.0555556"
"2171037238","2025115771","0.0555556"
"2025115771","2197676279","0.0555556"
"2197676279","2025115771","0.0555556"
"2025115771","2346059855","0.0555556"
"2346059855","2025115771","0.0555556"
"2091681703","2097575788","0.0555556"
"2097575788","2091681703","0.0555556"
"2091681703","2108048005","0.0555556"
"2108048005","2091681703","0.0555556"
"2091681703","2110022211","0.0555556"
"2110022211","2091681703","0.0555556"
"2091681703","2128121494","0.0555556"
"2128121494","2091681703","0.0555556"
"2091681703","2129494520","0.0555556"
"2129494520","2091681703","0.0555556"
"2091681703","2132295703","0.0555556"
"2132295703","2091681703","0.0555556"
"2091681703","2136051894","0.0555556"
"2136051894","2091681703","0.0555556"
"2091681703","2139684396","0.0555556"
"2139684396","2091681703","0.0555556"
"2091681703","2155339722","0.0555556"
"2155339722","2091681703","0.0555556"
"2091681703","2167876133","0.0555556"
"2167876133","2091681703","0.0555556"
"2091681703","2170844878","0.0555556"
"2170844878","2091681703","0.0555556"
"2091681703","2171037238","2.42222"
"2171037238","2091681703","2.42222"
"2091681703","2197676279","0.0555556"
"2197676279","2091681703","0.0555556"
"2091681703","2346059855","0.388889"
"2346059855","2091681703","0.388889"
"2097575788","2108048005","0.0555556"
"2108048005","2097575788","0.0555556"
"2097575788","2110022211","0.0555556"
"2110022211","2097575788","0.0555556"
"2097575788","2128121494","0.0555556"
"2128121494","2097575788","0.0555556"
"2097575788","2129494520","0.0555556"
"2129494520","2097575788","0.0555556"
"2097575788","2132295703","0.0555556"
"2132295703","2097575788","0.0555556"
"2097575788","2136051894","0.0555556"
"2136051894","2097575788","0.0555556"
"2097575788","2139684396","0.0555556"
"2139684396","2097575788","0.0555556"
"2097575788","2155339722","0.0555556"
"2155339722","2097575788","0.0555556"
"2097575788","2167876133","0.0555556"
"2167876133","2097575788","0.0555556"
"2097575788","2170844878","0.0555556"
"2170844878","2097575788","0.0555556"
"2097575788","2171037238","0.0555556"
"2171037238","2097575788","0.0555556"
"2097575788","2197676279","0.0555556"
"2197676279","2097575788","0.0555556"
"2097575788","2346059855","0.0555556"
"2346059855","2097575788","0.0555556"
"2108048005","2128121494","0.0555556"
"2128121494","2108048005","0.0555556"
"2108048005","2155339722","0.0555556"
"2155339722","2108048005","0.0555556"
"2108048005","2197676279","0.0555556"
"2197676279","2108048005","0.0555556"
"2108048005","2346059855","0.0555556"
"2346059855","2108048005","0.0555556"
"2110022211","2128121494","0.333333"
"2128121494","2110022211","0.333333"
"2110022211","2155339722","0.0555556"
"2155339722","2110022211","0.0555556"
"2110022211","2197676279","0.0555556"
"2197676279","2110022211","0.0555556"
"2110022211","2346059855","1.05556"
"2346059855","2110022211","1.05556"
"2128121494","2129494520","0.333333"
"2129494520","2128121494","0.333333"
"2128121494","2132295703","0.222222"
"2132295703","2128121494","0.222222"
"2128121494","2136051894","1.29365"
"2136051894","2128121494","1.29365"
"2128121494","2139684396","0.0555556"
"2139684396","2128121494","0.0555556"
"2128121494","2155339722","0.0555556"
"2155339722","2128121494","0.0555556"
"2128121494","2167876133","0.722222"
"2167876133","2128121494","0.722222"
"2128121494","2170844878","0.222222"
"2170844878","2128121494","0.222222"
"2128121494","2171037238","0.0555556"
"2171037238","2128121494","0.0555556"
"2128121494","2197676279","0.0555556"
"2197676279","2128121494","0.0555556"
"2128121494","2346059855","0.0555556"
"2346059855","2128121494","0.0555556"
"2129494520","2155339722","0.138889"
"2155339722","2129494520","0.138889"
"2129494520","2197676279","0.0555556"
"2197676279","2129494520","0.0555556"
"2129494520","2346059855","0.0555556"
"2346059855","2129494520","0.0555556"
"2132295703","2155339722","0.0555556"
"2155339722","2132295703","0.0555556"
"2132295703","2197676279","0.0555556"
"2197676279","2132295703","0.0555556"
"2132295703","2346059855","0.0555556"
"2346059855","2132295703","0.0555556"
"2136051894","2155339722","0.180556"
"2155339722","2136051894","0.180556"
"2136051894","2197676279","0.0555556"
"2197676279","2136051894","0.0555556"
"2136051894","2346059855","1.05556"
"2346059855","2136051894","1.05556"
"2139684396","2155339722","0.305556"
"2155339722","2139684396","0.305556"
"2139684396","2197676279","0.0555556"
"2197676279","2139684396","0.0555556"
"2155339722","2167876133","0.0555556"
"2167876133","2155339722","0.0555556"
"2155339722","2170844878","0.0555556"
"2170844878","2155339722","0.0555556"
"2155339722","2171037238","0.0555556"
"2171037238","2155339722","0.0555556"
"2155339722","2197676279","0.0555556"
"2197676279","2155339722","0.0555556"
"2155339722","2346059855","0.0555556"
"2346059855","2155339722","0.0555556"
"2167876133","2197676279","0.0555556"
"2197676279","2167876133","0.0555556"
"2167876133","2346059855","0.0555556"
"2346059855","2167876133","0.0555556"
"2170844878","2197676279","0.0555556"
"2197676279","2170844878","0.0555556"
"2170844878","2346059855","0.0555556"
"2346059855","2170844878","0.0555556"
"2171037238","2197676279","0.0555556"
"2197676279","2171037238","0.0555556"
"2197676279","2346059855","0.0555556"
"2346059855","2197676279","0.0555556"
"1542792105","2091478576","0.142857"
"2091478576","1542792105","0.142857"
"1542792105","2113635936","0.142857"
"2113635936","1542792105","0.142857"
"1542792105","2116752890","0.142857"
"2116752890","1542792105","0.142857"
"2091478576","2108048005","0.142857"
"2108048005","2091478576","0.142857"
"2091478576","2116752890","1.48313"
"2116752890","2091478576","1.48313"
"2091478576","2132295703","0.342857"
"2132295703","2091478576","0.342857"
"2091478576","2167876133","0.420635"
"2167876133","2091478576","0.420635"
"2091478576","2170844878","0.342857"
"2170844878","2091478576","0.342857"
"2108048005","2113635936","0.142857"
"2113635936","2108048005","0.142857"
"2108048005","2116752890","0.142857"
"2116752890","2108048005","0.142857"
"2113635936","2116752890","2.16567"
"2116752890","2113635936","2.16567"
"2113635936","2132295703","0.342857"
"2132295703","2113635936","0.342857"
"2113635936","2167876133","0.587302"
"2167876133","2113635936","0.587302"
"2113635936","2170844878","0.342857"
"2170844878","2113635936","0.342857"
"2116752890","2132295703","0.285714"
"2132295703","2116752890","0.285714"
"2116752890","2167876133","0.420635"
"2167876133","2116752890","0.420635"
"2116752890","2170844878","0.285714"
"2170844878","2116752890","0.285714"
"1544217340","2139684396","1"
"2139684396","1544217340","1"
"1549083521","2105412867","0.166667"
"2105412867","1549083521","0.166667"
"1549083521","2110022211","0.166667"
"2110022211","1549083521","0.166667"
"1549083521","2128121494","0.238095"
"2128121494","1549083521","0.238095"
"1549083521","2129494520","0.166667"
"2129494520","1549083521","0.166667"
"1549083521","2132295703","0.166667"
"2132295703","1549083521","0.166667"
"1549083521","2170844878","0.166667"
"2170844878","1549083521","0.166667"
"2105412867","2110022211","0.166667"
"2110022211","2105412867","0.166667"
"2105412867","2128121494","0.166667"
"2128121494","2105412867","0.166667"
"2105412867","2129494520","1.25"
"2129494520","2105412867","1.25"
"2105412867","2132295703","0.166667"
"2132295703","2105412867","0.166667"
"2105412867","2170844878","0.166667"
"2170844878","2105412867","0.166667"
"1549083521","2017960359","1.10476"
"2017960359","1549083521","1.10476"
"1549083521","2025115771","0.0714286"
"2025115771","1549083521","0.0714286"
"1549083521","2041990706","0.0714286"
"2041990706","1549083521","0.0714286"
"1549083521","2082666822","0.0714286"
"2082666822","1549083521","0.0714286"
"1549083521","2113635936","0.0714286"
"2113635936","1549083521","0.0714286"
"1549083521","2116752890","0.0714286"
"2116752890","1549083521","0.0714286"
"1549083521","2124910940","0.0714286"
"2124910940","1549083521","0.0714286"
"1549083521","2128852824","0.0714286"
"2128852824","1549083521","0.0714286"
"1549083521","2136051894","0.0714286"
"2136051894","1549083521","0.0714286"
"1549083521","2146778452","0.604762"
"2146778452","1549083521","0.604762"
"1549083521","2149886529","0.0714286"
"2149886529","1549083521","0.0714286"
"1549083521","2151760083","0.404762"
"2151760083","1549083521","0.404762"
"1549083521","2155043743","0.0714286"
"2155043743","1549083521","0.0714286"
"2017960359","2025115771","0.321429"
"2025115771","2017960359","0.321429"
"2017960359","2041990706","0.383929"
"2041990706","2017960359","0.383929"
"2017960359","2082666822","0.404762"
"2082666822","2017960359","0.404762"
"2017960359","2113635936","0.133929"
"2113635936","2017960359","0.133929"
"2017960359","2116752890","0.342262"
"2116752890","2017960359","0.342262"
"2017960359","2124910940","0.0714286"
"2124910940","2017960359","0.0714286"
"2017960359","2128121494","1.40476"
"2128121494","2017960359","1.40476"
"2017960359","2128852824","0.696429"
"2128852824","2017960359","0.696429"
"2017960359","2136051894","0.321429"
"2136051894","2017960359","0.321429"
"2017960359","2146778452","10.9589"
"2146778452","2017960359","10.9589"
"2017960359","2149886529","0.133929"
"2149886529","2017960359","0.133929"
"2017960359","2151760083","3.6131"
"2151760083","2017960359","3.6131"
"2017960359","2155043743","0.0714286"
"2155043743","2017960359","0.0714286"
"2025115771","2041990706","0.654762"
"2041990706","2025115771","0.654762"
"2025115771","2082666822","0.488095"
"2082666822","2025115771","0.488095"
"2025115771","2113635936","0.738095"
"2113635936","2025115771","0.738095"
"2025115771","2116752890","0.529762"
"2116752890","2025115771","0.529762"
"2025115771","2124910940","0.0714286"
"2124910940","2025115771","0.0714286"
"2025115771","2128852824","0.196429"
"2128852824","2025115771","0.196429"
"2025115771","2146778452","0.196429"
"2146778452","2025115771","0.196429"
"2025115771","2149886529","0.0714286"
"2149886529","2025115771","0.0714286"
"2025115771","2151760083","0.196429"
"2151760083","2025115771","0.196429"
"2025115771","2155043743","0.0714286"
"2155043743","2025115771","0.0714286"
"2041990706","2082666822","0.571429"
"2082666822","2041990706","0.571429"
"2041990706","2113635936","0.133929"
"2113635936","2041990706","0.133929"
"2041990706","2116752890","1.80817"
"2116752890","2041990706","1.80817"
"2041990706","2124910940","0.0714286"
"2124910940","2041990706","0.0714286"
"2041990706","2128121494","0.321429"
"2128121494","2041990706","0.321429"
"2041990706","2128852824","0.529762"
"2128852824","2041990706","0.529762"
"2041990706","2136051894","0.654762"
"2136051894","2041990706","0.654762"
"2041990706","2146778452","0.258929"
"2146778452","2041990706","0.258929"
"2041990706","2149886529","0.349838"
"2149886529","2041990706","0.349838"
"2041990706","2151760083","0.779762"
"2151760083","2041990706","0.779762"
"2041990706","2155043743","0.321429"
"2155043743","2041990706","0.321429"
"2082666822","2113635936","0.849206"
"2113635936","2082666822","0.849206"
"2082666822","2116752890","0.890873"
"2116752890","2082666822","0.890873"
"2082666822","2124910940","0.18254"
"2124910940","2082666822","0.18254"
"2082666822","2128121494","0.765873"
"2128121494","2082666822","0.765873"
"2082666822","2128852824","0.30754"
"2128852824","2082666822","0.30754"
"2082666822","2136051894","0.654762"
"2136051894","2082666822","0.654762"
"2082666822","2146778452","0.279762"
"2146778452","2082666822","0.279762"
"2082666822","2149886529","0.0714286"
"2149886529","2082666822","0.0714286"
"2082666822","2151760083","0.55754"
"2151760083","2082666822","0.55754"
"2082666822","2155043743","9.76587"
"2155043743","2082666822","9.76587"
"2113635936","2124910940","0.18254"
"2124910940","2113635936","0.18254"
"2113635936","2128121494","0.515873"
"2128121494","2113635936","0.515873"
"2113635936","2136051894","0.904762"
"2136051894","2113635936","0.904762"
"2113635936","2146778452","0.133929"
"2146778452","2113635936","0.133929"
"2113635936","2149886529","0.133929"
"2149886529","2113635936","0.133929"
"2113635936","2151760083","0.515873"
"2151760083","2113635936","0.515873"
"2113635936","2155043743","0.515873"
"2155043743","2113635936","0.515873"
"2116752890","2124910940","0.18254"
"2124910940","2116752890","0.18254"
"2116752890","2128121494","0.849206"
"2128121494","2116752890","0.849206"
"2116752890","2128852824","0.18254"
"2128852824","2116752890","0.18254"
"2116752890","2136051894","0.696429"
"2136051894","2116752890","0.696429"
"2116752890","2146778452","0.217262"
"2146778452","2116752890","0.217262"
"2116752890","2149886529","0.349838"
"2149886529","2116752890","0.349838"
"2116752890","2151760083","1.64087"
"2151760083","2116752890","1.64087"
"2116752890","2155043743","0.515873"
"2155043743","2116752890","0.515873"
"2124910940","2128121494","1.18254"
"2128121494","2124910940","1.18254"
"2124910940","2128852824","0.18254"
"2128852824","2124910940","0.18254"
"2124910940","2136051894","0.0714286"
"2136051894","2124910940","0.0714286"
"2124910940","2146778452","0.0714286"
"2146778452","2124910940","0.0714286"
"2124910940","2149886529","1.07143"
"2149886529","2124910940","1.07143"
"2124910940","2151760083","0.18254"
"2151760083","2124910940","0.18254"
"2124910940","2155043743","0.18254"
"2155043743","2124910940","0.18254"
"2128121494","2128852824","0.18254"
"2128852824","2128121494","0.18254"
"2128121494","2146778452","1.40476"
"2146778452","2128121494","1.40476"
"2128121494","2149886529","0.0714286"
"2149886529","2128121494","0.0714286"
"2128121494","2151760083","0.43254"
"2151760083","2128121494","0.43254"
"2128121494","2155043743","0.43254"
"2155043743","2128121494","0.43254"
"2128852824","2136051894","0.196429"
"2136051894","2128852824","0.196429"
"2128852824","2146778452","0.696429"
"2146778452","2128852824","0.696429"
"2128852824","2149886529","0.0714286"
"2149886529","2128852824","0.0714286"
"2128852824","2151760083","0.515873"
"2151760083","2128852824","0.515873"
"2128852824","2155043743","0.18254"
"2155043743","2128852824","0.18254"
"2136051894","2146778452","0.196429"
"2146778452","2136051894","0.196429"
"2136051894","2149886529","0.0714286"
"2149886529","2136051894","0.0714286"
"2136051894","2151760083","0.196429"
"2151760083","2136051894","0.196429"
"2136051894","2155043743","0.0714286"
"2155043743","2136051894","0.0714286"
"2146778452","2149886529","0.133929"
"2149886529","2146778452","0.133929"
"2146778452","2151760083","3.15476"
"2151760083","2146778452","3.15476"
"2146778452","2155043743","0.0714286"
"2155043743","2146778452","0.0714286"
"2149886529","2151760083","0.0714286"
"2151760083","2149886529","0.0714286"
"2149886529","2155043743","0.0714286"
"2155043743","2149886529","0.0714286"
"2151760083","2155043743","0.43254"
"2155043743","2151760083","0.43254"
"1549083521","2143926509","0.5"
"2143926509","1549083521","0.5"
"2017960359","2143926509","0.5"
"2143926509","2017960359","0.5"
"1549083521","1731510585","0.2"
"1731510585","1549083521","0.2"
"1549083521","2014540924","0.2"
"2014540924","1549083521","0.2"
"1549083521","2129787457","0.2"
"2129787457","1549083521","0.2"
"1731510585","2014540924","2.97083"
"2014540924","1731510585","2.97083"
"1731510585","2017960359","0.345833"
"2017960359","1731510585","0.345833"
"1731510585","2129787457","0.283333"
"2129787457","1731510585","0.283333"
"1731510585","2146778452","0.345833"
"2146778452","1731510585","0.345833"
"2014540924","2017960359","0.345833"
"2017960359","2014540924","0.345833"
"2014540924","2129787457","0.283333"
"2129787457","2014540924","0.283333"
"2014540924","2146778452","0.345833"
"2146778452","2014540924","0.345833"
"2017960359","2129787457","1.36667"
"2129787457","2017960359","1.36667"
"2129787457","2146778452","1.36667"
"2146778452","2129787457","1.36667"
"1549483202","1731510585","0.0833333"
"1731510585","1549483202","0.0833333"
"1549483202","2014540924","0.0833333"
"2014540924","1549483202","0.0833333"
"1549483202","2017960359","0.0833333"
"2017960359","1549483202","0.0833333"
"1549483202","2037027824","0.0833333"
"2037027824","1549483202","0.0833333"
"1549483202","2082666822","0.0833333"
"2082666822","1549483202","0.0833333"
"1549483202","2105412867","0.0833333"
"2105412867","1549483202","0.0833333"
"1549483202","2116752890","0.194444"
"2116752890","1549483202","0.194444"
"1549483202","2129787457","0.194444"
"2129787457","1549483202","0.194444"
"1549483202","2146778452","0.0833333"
"2146778452","1549483202","0.0833333"
"1731510585","1787327377","0.0833333"
"1787327377","1731510585","0.0833333"
"1731510585","2037027824","0.236742"
"2037027824","1731510585","0.236742"
"1731510585","2082666822","0.0833333"
"2082666822","1731510585","0.0833333"
"1731510585","2105412867","0.0833333"
"2105412867","1731510585","0.0833333"
"1731510585","2116752890","0.361742"
"2116752890","1731510585","0.361742"
"1731510585","2129494520","0.0833333"
"2129494520","1731510585","0.0833333"
"1731510585","2155339722","0.0833333"
"2155339722","1731510585","0.0833333"
"1787327377","2014540924","0.0833333"
"2014540924","1787327377","0.0833333"
"1787327377","2017960359","0.0833333"
"2017960359","1787327377","0.0833333"
"1787327377","2037027824","0.0833333"
"2037027824","1787327377","0.0833333"
"1787327377","2082666822","0.0833333"
"2082666822","1787327377","0.0833333"
"1787327377","2105412867","0.0833333"
"2105412867","1787327377","0.0833333"
"1787327377","2116752890","0.0833333"
"2116752890","1787327377","0.0833333"
"1787327377","2146778452","0.0833333"
"2146778452","1787327377","0.0833333"
"2014540924","2037027824","0.145833"
"2037027824","2014540924","0.145833"
"2014540924","2082666822","0.0833333"
"2082666822","2014540924","0.0833333"
"2014540924","2105412867","0.0833333"
"2105412867","2014540924","0.0833333"
"2014540924","2116752890","0.270833"
"2116752890","2014540924","0.270833"
"2014540924","2129494520","0.0833333"
"2129494520","2014540924","0.0833333"
"2014540924","2155339722","0.0833333"
"2155339722","2014540924","0.0833333"
"2017960359","2037027824","0.270833"
"2037027824","2017960359","0.270833"
"2017960359","2105412867","0.0833333"
"2105412867","2017960359","0.0833333"
"2017960359","2129494520","0.0833333"
"2129494520","2017960359","0.0833333"
"2017960359","2155339722","0.208333"
"2155339722","2017960359","0.208333"
"2037027824","2082666822","0.208333"
"2082666822","2037027824","0.208333"
"2037027824","2105412867","0.0833333"
"2105412867","2037027824","0.0833333"
"2037027824","2116752890","0.903409"
"2116752890","2037027824","0.903409"
"2037027824","2129494520","0.0833333"
"2129494520","2037027824","0.0833333"
"2037027824","2129787457","0.0833333"
"2129787457","2037027824","0.0833333"
"2037027824","2146778452","0.270833"
"2146778452","2037027824","0.270833"
"2037027824","2155339722","0.0833333"
"2155339722","2037027824","0.0833333"
"2082666822","2105412867","0.0833333"
"2105412867","2082666822","0.0833333"
"2082666822","2129494520","0.194444"
"2129494520","2082666822","0.194444"
"2082666822","2129787457","0.0833333"
"2129787457","2082666822","0.0833333"
"2082666822","2155339722","0.208333"
"2155339722","2082666822","0.208333"
"2105412867","2116752890","0.0833333"
"2116752890","2105412867","0.0833333"
"2105412867","2129787457","0.0833333"
"2129787457","2105412867","0.0833333"
"2105412867","2146778452","0.0833333"
"2146778452","2105412867","0.0833333"
"2105412867","2155339722","0.0833333"
"2155339722","2105412867","0.0833333"
"2116752890","2129494520","0.448413"
"2129494520","2116752890","0.448413"
"2116752890","2129787457","1.50397"
"2129787457","2116752890","1.50397"
"2116752890","2155339722","0.208333"
"2155339722","2116752890","0.208333"
"2129494520","2129787457","0.337302"
"2129787457","2129494520","0.337302"
"2129494520","2146778452","0.0833333"
"2146778452","2129494520","0.0833333"
"2129787457","2155339722","0.0833333"
"2155339722","2129787457","0.0833333"
"2146778452","2155339722","0.0833333"
"2155339722","2146778452","0.0833333"
"1549483202","2128852824","0.5"
"2128852824","1549483202","0.5"
"1549483202","2091478576","0.111111"
"2091478576","1549483202","0.111111"
"1549483202","2113635936","0.111111"
"2113635936","1549483202","0.111111"
"1549483202","2145187482","0.111111"
"2145187482","1549483202","0.111111"
"1549483202","2151909738","0.111111"
"2151909738","1549483202","0.111111"
"2091478576","2110022211","0.311111"
"2110022211","2091478576","0.311111"
"2091478576","2129494520","0.311111"
"2129494520","2091478576","0.311111"
"2091478576","2145187482","0.111111"
"2145187482","2091478576","0.111111"
"2091478576","2151909738","0.777778"
"2151909738","2091478576","0.777778"
"2110022211","2113635936","0.422222"
"2113635936","2110022211","0.422222"
"2110022211","2116752890","0.222222"
"2116752890","2110022211","0.222222"
"2110022211","2129787457","0.111111"
"2129787457","2110022211","0.111111"
"2110022211","2145187482","0.111111"
"2145187482","2110022211","0.111111"
"2110022211","2151909738","0.111111"
"2151909738","2110022211","0.111111"
"2113635936","2129494520","0.422222"
"2129494520","2113635936","0.422222"
"2113635936","2145187482","0.111111"
"2145187482","2113635936","0.111111"
"2113635936","2151909738","0.277778"
"2151909738","2113635936","0.277778"
"2116752890","2145187482","0.111111"
"2145187482","2116752890","0.111111"
"2116752890","2151909738","1.42063"
"2151909738","2116752890","1.42063"
"2129494520","2145187482","0.111111"
"2145187482","2129494520","0.111111"
"2129494520","2151909738","0.253968"
"2151909738","2129494520","0.253968"
"2129787457","2145187482","0.444444"
"2145187482","2129787457","0.444444"
"2129787457","2151909738","0.420635"
"2151909738","2129787457","0.420635"
"2129787457","2167876133","0.111111"
"2167876133","2129787457","0.111111"
"2145187482","2151909738","0.111111"
"2151909738","2145187482","0.111111"
"2145187482","2167876133","0.111111"
"2167876133","2145187482","0.111111"
"2151909738","2167876133","0.111111"
"2167876133","2151909738","0.111111"
"1577728713","2091681703","1.45"
"2091681703","1577728713","1.45"
"1577728713","2118000750","2.45"
"2118000750","1577728713","2.45"
"2041249434","2091681703","0.95"
"2091681703","2041249434","0.95"
"2041249434","2118000750","1.95"
"2118000750","2041249434","1.95"
"2074019188","2091681703","1.11667"
"2091681703","2074019188","1.11667"
"2074019188","2118000750","2.45"
"2118000750","2074019188","2.45"
"2091681703","2118000750","1.36667"
"2118000750","2091681703","1.36667"
"2118000750","2171037238","2.36667"
"2171037238","2118000750","2.36667"
"1577728713","2105412867","0.416667"
"2105412867","1577728713","0.416667"
"2041249434","2105412867","0.416667"
"2105412867","2041249434","0.416667"
"2074019188","2105412867","0.416667"
"2105412867","2074019188","0.416667"
"2091681703","2105412867","0.416667"
"2105412867","2091681703","0.416667"
"2105412867","2118000750","0.416667"
"2118000750","2105412867","0.416667"
"2105412867","2171037238","0.416667"
"2171037238","2105412867","0.416667"
"1577728713","32581813","0.25"
"32581813","1577728713","0.25"
"2041249434","32581813","0.25"
"32581813","2041249434","0.25"
"2090155521","2105412867","0.75"
"2105412867","2090155521","0.75"
"2090155521","32581813","2.75"
"32581813","2090155521","2.75"
"2105412867","32581813","2.25"
"32581813","2105412867","2.25"
"1577728713","2524261893","0.5"
"2524261893","1577728713","0.5"
"2346059855","2524261893","0.5"
"2524261893","2346059855","0.5"
"1577728713","2101969617","0.25"
"2101969617","1577728713","0.25"
"1577728713","2155339722","0.25"
"2155339722","1577728713","0.25"
"2041249434","2101969617","0.25"
