"1490053664","1494913794","1"
"1494913794","1490053664","1"
"1494913794","1853429998","36.8866"
"1853429998","1494913794","36.8866"
"1494913794","1916245917","81.0466"
"1916245917","1494913794","81.0466"
"1494913794","1929577020","36.4799"
"1929577020","1494913794","36.4799"
"1494913794","2152265488","92.3299"
"2152265488","1494913794","92.3299"
"1494913794","2152481946","64.9466"
"2152481946","1494913794","64.9466"
"1494913794","2154158947","36.1966"
"2154158947","1494913794","36.1966"
"1494913794","2170694375","38.4383"
"2170694375","1494913794","38.4383"
"1853429998","1916245917","36.9109"
"1916245917","1853429998","36.9109"
"1853429998","1929577020","60.7775"
"1929577020","1853429998","60.7775"
"1853429998","2152265488","35.3275"
"2152265488","1853429998","35.3275"
"1853429998","2152481946","34.4442"
"2152481946","1853429998","34.4442"
"1853429998","2154158947","49.2442"
"2154158947","1853429998","49.2442"
"1853429998","2170694375","30.5692"
"2170694375","1853429998","30.5692"
"1916245917","1929577020","36.9708"
"1929577020","1916245917","36.9708"
"1916245917","2152265488","79.9875"
"2152265488","1916245917","79.9875"
"1916245917","2152481946","64.7042"
"2152481946","1916245917","64.7042"
"1916245917","2154158947","35.6875"
"2154158947","1916245917","35.6875"
"1916245917","2170694375","39.1292"
"2170694375","1916245917","39.1292"
"1929577020","2152265488","37.6708"
"2152265488","1929577020","37.6708"
"1929577020","2152481946","33.2208"
"2152481946","1929577020","33.2208"
"1929577020","2154158947","51.1042"
"2154158947","1929577020","51.1042"
"1929577020","2170694375","31.4458"
"2170694375","1929577020","31.4458"
"2152265488","2152481946","63.2875"
"2152481946","2152265488","63.2875"
"2152265488","2154158947","36.8875"
"2154158947","2152265488","36.8875"
"2152265488","2170694375","38.6292"
"2170694375","2152265488","38.6292"
"2152481946","2154158947","31.7375"
"2154158947","2152481946","31.7375"
"2152481946","2170694375","38.4577"
"2170694375","2152481946","38.4577"
"2154158947","2170694375","31.9458"
"2170694375","2154158947","31.9458"
"1494913794","1840375542","28.0672"
"1840375542","1494913794","28.0672"
"1494913794","1841951582","23.674"
"1841951582","1494913794","23.674"
"1494913794","1951906552","23.0025"
"1951906552","1494913794","23.0025"
"1494913794","2133557593","22.359"
"2133557593","1494913794","22.359"
"1494913794","2140019806","19.4944"
"2140019806","1494913794","19.4944"
"1840375542","1841951582","22.7311"
"1841951582","1840375542","22.7311"
"1840375542","1853429998","24.1172"
"1853429998","1840375542","24.1172"
"1840375542","1916245917","28.4248"
"1916245917","1840375542","28.4248"
"1840375542","1929577020","24.2081"
"1929577020","1840375542","24.2081"
"1840375542","1951906552","22.5192"
"1951906552","1840375542","22.5192"
"1840375542","2133557593","22.6256"
"2133557593","1840375542","22.6256"
"1840375542","2140019806","19.1849"
"2140019806","1840375542","19.1849"
"1840375542","2152265488","28.2581"
"2152265488","1840375542","28.2581"
"1840375542","2152481946","28.2533"
"2152481946","1840375542","28.2533"
"1840375542","2154158947","24.2081"
"2154158947","1840375542","24.2081"
"1840375542","2170694375","27.9617"
"2170694375","1840375542","27.9617"
"1841951582","1853429998","20.2906"
"1853429998","1841951582","20.2906"
"1841951582","1916245917","24.0316"
"1916245917","1841951582","24.0316"
"1841951582","1929577020","20.5816"
"1929577020","1841951582","20.5816"
"1841951582","1951906552","22.5387"
"1951906552","1841951582","22.5387"
"1841951582","2133557593","22.6451"
"2133557593","1841951582","22.6451"
"1841951582","2140019806","19.2044"
"2140019806","1841951582","19.2044"
"1841951582","2152265488","23.8649"
"2152265488","1841951582","23.8649"
"1841951582","2152481946","23.1006"
"2152481946","1841951582","23.1006"
"1841951582","2154158947","20.5816"
"2154158947","1841951582","20.5816"
"1841951582","2170694375","22.4839"
"2170694375","1841951582","22.4839"
"1853429998","1951906552","19.6859"
"1951906552","1853429998","19.6859"
"1853429998","2133557593","19.5423"
"2133557593","1853429998","19.5423"
"1853429998","2140019806","19.3404"
"2140019806","1853429998","19.3404"
"1916245917","1951906552","23.3601"
"1951906552","1916245917","23.3601"
"1916245917","2133557593","23.7165"
"2133557593","1916245917","23.7165"
"1916245917","2140019806","19.852"
"2140019806","1916245917","19.852"
"1929577020","1951906552","19.5268"
"1951906552","1929577020","19.5268"
"1929577020","2133557593","19.6332"
"2133557593","1929577020","19.6332"
"1929577020","2140019806","19.5742"
"2140019806","1929577020","19.5742"
"1951906552","2133557593","22.5332"
"2133557593","1951906552","22.5332"
"1951906552","2140019806","19.0924"
"2140019806","1951906552","19.0924"
"1951906552","2152265488","22.9435"
"2152265488","1951906552","22.9435"
"1951906552","2152481946","23.1887"
"2152481946","1951906552","23.1887"
"1951906552","2154158947","20.0268"
"2154158947","1951906552","20.0268"
"1951906552","2170694375","22.872"
"2170694375","1951906552","22.872"
"2133557593","2140019806","19.1989"
"2140019806","2133557593","19.1989"
"2133557593","2152265488","22.5499"
"2152265488","2133557593","22.5499"
"2133557593","2152481946","22.5451"
"2152481946","2133557593","22.5451"
"2133557593","2154158947","19.6332"
"2154158947","2133557593","19.6332"
"2133557593","2170694375","22.3784"
"2170694375","2133557593","22.3784"
"2140019806","2152265488","19.6853"
"2152265488","2140019806","19.6853"
"2140019806","2152481946","19.6805"
"2152481946","2140019806","19.6805"
"2140019806","2154158947","19.5742"
"2154158947","2140019806","19.5742"
"2140019806","2170694375","19.5139"
"2170694375","2140019806","19.5139"
"1494913794","1809307295","20.7208"
"1809307295","1494913794","20.7208"
"1809307295","1916245917","20.5208"
"1916245917","1809307295","20.5208"
"1809307295","2152265488","19.7208"
"2152265488","1809307295","19.7208"
"1809307295","2152481946","19.6327"
"2152481946","1809307295","19.6327"
"1809307295","2170694375","7.94933"
"2170694375","1809307295","7.94933"
"1494913794","1527283745","4.2884"
"1527283745","1494913794","4.2884"
"1527283745","1840375542","4.17729"
"1840375542","1527283745","4.17729"
"1527283745","1841951582","4.17729"
"1841951582","1527283745","4.17729"
"1527283745","1853429998","4.5384"
"1853429998","1527283745","4.5384"
"1527283745","1916245917","4.2884"
"1916245917","1527283745","4.2884"
"1527283745","1929577020","4.5384"
"1929577020","1527283745","4.5384"
"1527283745","1951906552","4.17729"
"1951906552","1527283745","4.17729"
"1527283745","2133557593","4.17729"
"2133557593","1527283745","4.17729"
"1527283745","2140019806","4.17729"
"2140019806","1527283745","4.17729"
"1527283745","2152265488","4.2884"
"2152265488","1527283745","4.2884"
"1527283745","2152481946","4.2884"
"2152481946","1527283745","4.2884"
"1527283745","2154158947","4.5384"
"2154158947","1527283745","4.5384"
"1527283745","2170694375","4.2884"
"2170694375","1527283745","4.2884"
"1809307295","1840375542","5.39457"
"1840375542","1809307295","5.39457"
"1809307295","1841951582","4.47314"
"1841951582","1809307295","4.47314"
"1809307295","1853429998","9.48901"
"1853429998","1809307295","9.48901"
"1809307295","1929577020","8.23187"
"1929577020","1809307295","8.23187"
"1809307295","1951906552","4.19457"
"1951906552","1809307295","4.19457"
"1809307295","2133557593","4.19457"
"2133557593","1809307295","4.19457"
"1809307295","2140019806","3.8779"
"2140019806","1809307295","3.8779"
"1809307295","2154158947","7.09853"
"2154158947","1809307295","7.09853"
"1494913794","1521093895","0.905037"
"1521093895","1494913794","0.905037"
"1521093895","1916245917","0.905037"
"1916245917","1521093895","0.905037"
"1521093895","2152265488","0.73837"
"2152265488","1521093895","0.73837"
"1521093895","2152481946","0.73837"
"2152481946","1521093895","0.73837"
"1527283745","1809307295","1.24921"
"1809307295","1527283745","1.24921"
"1494913794","1824537738","0.601465"
"1824537738","1494913794","0.601465"
"1809307295","1824537738","0.166667"
"1824537738","1809307295","0.166667"
"1824537738","1840375542","0.601465"
"1840375542","1824537738","0.601465"
"1824537738","1853429998","4.01813"
"1853429998","1824537738","4.01813"
"1824537738","1916245917","0.601465"
"1916245917","1824537738","0.601465"
"1824537738","1929577020","3.51813"
"1929577020","1824537738","3.51813"
"1824537738","2152265488","0.601465"
"2152265488","1824537738","0.601465"
"1824537738","2152481946","0.601465"
"2152481946","1824537738","0.601465"
"1824537738","2154158947","4.01813"
"2154158947","1824537738","4.01813"
"1824537738","2170694375","0.601465"
"2170694375","1824537738","0.601465"
"1824537738","1841951582","0.501465"
"1841951582","1824537738","0.501465"
"1824537738","1951906552","0.501465"
"1951906552","1824537738","0.501465"
"1824537738","2133557593","0.501465"
"2133557593","1824537738","0.501465"
"1824537738","2140019806","0.501465"
"2140019806","1824537738","0.501465"
"1494913794","2262269370","1.66337"
"2262269370","1494913794","1.66337"
"1840375542","2262269370","0.677656"
"2262269370","1840375542","0.677656"
"1841951582","2262269370","0.749084"
"2262269370","1841951582","0.749084"
"1853429998","2262269370","1.2967"
"2262269370","1853429998","1.2967"
"1916245917","2262269370","1.46337"
"2262269370","1916245917","1.46337"
"1929577020","2262269370","1.66337"
"2262269370","1929577020","1.66337"
"1951906552","2262269370","0.594322"
"2262269370","1951906552","0.594322"
"2133557593","2262269370","0.600733"
"2262269370","2133557593","0.600733"
"2140019806","2262269370","0.594322"
"2262269370","2140019806","0.594322"
"2152265488","2262269370","2.4967"
"2262269370","2152265488","2.4967"
"2152481946","2262269370","0.606227"
"2262269370","2152481946","0.606227"
"2154158947","2262269370","1.66337"
"2262269370","2154158947","1.66337"
"2170694375","2262269370","0.677656"
"2262269370","2170694375","0.677656"
"1494913794","1547002781","1.3051"
"1547002781","1494913794","1.3051"
"1494913794","2407568794","1.02613"
"2407568794","1494913794","1.02613"
"1547002781","1853429998","0.805098"
"1853429998","1547002781","0.805098"
"1547002781","1916245917","0.805098"
"1916245917","1547002781","0.805098"
"1547002781","1929577020","0.805098"
"1929577020","1547002781","0.805098"
"1547002781","2152265488","1.3051"
"2152265488","1547002781","1.3051"
"1547002781","2154158947","0.805098"
"2154158947","1547002781","0.805098"
"1547002781","2407568794","0.142857"
"2407568794","1547002781","0.142857"
"1853429998","2407568794","0.859463"
"2407568794","1853429998","0.859463"
"1916245917","2407568794","1.02613"
"2407568794","1916245917","1.02613"
"1929577020","2407568794","1.02613"
"2407568794","1929577020","1.02613"
"2152265488","2407568794","0.859463"
"2407568794","2152265488","0.859463"
"2154158947","2407568794","1.02613"
"2407568794","2154158947","1.02613"
"1527283745","1824537738","0.597619"
"1824537738","1527283745","0.597619"
"1809307295","2262269370","0.557143"
"2262269370","1809307295","0.557143"
"1521093895","1527283745","0.138095"
"1527283745","1521093895","0.138095"
"1521093895","1840375542","0.36337"
"1840375542","1521093895","0.36337"
"1521093895","1841951582","0.36337"
"1841951582","1521093895","0.36337"
"1521093895","1853429998","1.48837"
"1853429998","1521093895","1.48837"
"1521093895","1929577020","1.65504"
"1929577020","1521093895","1.65504"
"1521093895","1951906552","0.36337"
"1951906552","1521093895","0.36337"
"1521093895","2133557593","0.36337"
"2133557593","1521093895","0.36337"
"1521093895","2140019806","0.36337"
"2140019806","1521093895","0.36337"
"1521093895","2154158947","0.655037"
"2154158947","1521093895","0.655037"
"1521093895","2170694375","0.48837"
"2170694375","1521093895","0.48837"
"1547002781","1840375542","0.495574"
"1840375542","1547002781","0.495574"
"1547002781","1841951582","0.148352"
"1841951582","1547002781","0.148352"
"1547002781","1951906552","0.148352"
"1951906552","1547002781","0.148352"
"1547002781","2133557593","0.148352"
"2133557593","1547002781","0.148352"
"1547002781","2140019806","0.148352"
"2140019806","1547002781","0.148352"
"1547002781","2152481946","0.495574"
"2152481946","1547002781","0.495574"
"1547002781","2170694375","0.370574"
"2170694375","1547002781","0.370574"
"1809307295","2407568794","0.314286"
"2407568794","1809307295","0.314286"
"1840375542","2407568794","0.362637"
"2407568794","1840375542","0.362637"
"1951906552","2407568794","0.362637"
"2407568794","1951906552","0.362637"
"2133557593","2407568794","0.285714"
"2407568794","2133557593","0.285714"
"2140019806","2407568794","0.573748"
"2407568794","2140019806","0.573748"
"2152481946","2407568794","0.50232"
"2407568794","2152481946","0.50232"
"2170694375","2407568794","0.50232"
"2407568794","2170694375","0.50232"
"2262269370","2407568794","0.529304"
"2407568794","2262269370","0.529304"
"1547002781","1809307295","0.0714286"
"1809307295","1547002781","0.0714286"
"1494913794","1768181923","0.41978"
"1768181923","1494913794","0.41978"
"1768181923","1840375542","0.21978"
"1840375542","1768181923","0.21978"
"1768181923","1841951582","0.41978"
"1841951582","1768181923","0.41978"
"1768181923","1853429998","0.21978"
"1853429998","1768181923","0.21978"
"1768181923","1916245917","0.41978"
"1916245917","1768181923","0.41978"
"1768181923","1929577020","0.21978"
"1929577020","1768181923","0.21978"
"1768181923","1951906552","0.21978"
"1951906552","1768181923","0.21978"
"1768181923","2133557593","0.21978"
"2133557593","1768181923","0.21978"
"1768181923","2140019806","0.21978"
"2140019806","1768181923","0.21978"
"1768181923","2152265488","0.41978"
"2152265488","1768181923","0.41978"
"1768181923","2152481946","0.41978"
"2152481946","1768181923","0.41978"
"1768181923","2154158947","0.21978"
"2154158947","1768181923","0.21978"
"1768181923","2170694375","0.148352"
"2170694375","1768181923","0.148352"
"1494913794","2295228574","0.0714286"
"2295228574","1494913794","0.0714286"
"1527283745","2295228574","0.0714286"
"2295228574","1527283745","0.0714286"
"1840375542","2295228574","0.0714286"
"2295228574","1840375542","0.0714286"
"1841951582","2295228574","0.0714286"
"2295228574","1841951582","0.0714286"
"1853429998","2295228574","0.0714286"
"2295228574","1853429998","0.0714286"
"1916245917","2295228574","0.0714286"
"2295228574","1916245917","0.0714286"
"1929577020","2295228574","0.0714286"
"2295228574","1929577020","0.0714286"
"1951906552","2295228574","0.0714286"
"2295228574","1951906552","0.0714286"
"2133557593","2295228574","0.0714286"
"2295228574","2133557593","0.0714286"
"2140019806","2295228574","0.0714286"
"2295228574","2140019806","0.0714286"
"2152265488","2295228574","0.0714286"
"2295228574","2152265488","0.0714286"
"2152481946","2295228574","0.0714286"
"2295228574","2152481946","0.0714286"
"2154158947","2295228574","0.0714286"
"2295228574","2154158947","0.0714286"
"2170694375","2295228574","0.0714286"
"2295228574","2170694375","0.0714286"
"1521093895","1824537738","0.0666667"
"1824537738","1521093895","0.0666667"
"1841951582","2407568794","0.291209"
"2407568794","1841951582","0.291209"
"1521093895","2262269370","0.166667"
"2262269370","1521093895","0.166667"
"1521093895","2407568794","0.166667"
"2407568794","1521093895","0.166667"
"1768181923","2407568794","0.142857"
"2407568794","1768181923","0.142857"
"1521093895","1809307295","0.0714286"
"1809307295","1521093895","0.0714286"
"1768181923","1809307295","0.0714286"
"1809307295","1768181923","0.0714286"
"1494913794","1500691532","0.0769231"
"1500691532","1494913794","0.0769231"
"1500691532","1840375542","0.0769231"
"1840375542","1500691532","0.0769231"
"1500691532","1841951582","0.0769231"
"1841951582","1500691532","0.0769231"
"1500691532","1853429998","0.0769231"
"1853429998","1500691532","0.0769231"
"1500691532","1916245917","0.0769231"
"1916245917","1500691532","0.0769231"
"1500691532","1929577020","0.0769231"
"1929577020","1500691532","0.0769231"
"1500691532","1951906552","0.0769231"
"1951906552","1500691532","0.0769231"
"1500691532","2133557593","0.0769231"
"2133557593","1500691532","0.0769231"
"1500691532","2140019806","0.0769231"
"2140019806","1500691532","0.0769231"
"1500691532","2152265488","0.0769231"
"2152265488","1500691532","0.0769231"
"1500691532","2152481946","0.0769231"
"2152481946","1500691532","0.0769231"
"1500691532","2154158947","0.0769231"
"2154158947","1500691532","0.0769231"
"1500691532","2170694375","0.0769231"
"2170694375","1500691532","0.0769231"
"1500691532","2199183030","1"
"2199183030","1500691532","1"
"2290574900","2302635536","26.0333"
"2302635536","2290574900","26.0333"
"2290574900","2303392250","26.5667"
"2303392250","2290574900","26.5667"
"2290574900","2305661471","26.0333"
"2305661471","2290574900","26.0333"
"2290574900","2305866095","26.2333"
"2305866095","2290574900","26.2333"
"2290574900","2310546282","26.5667"
"2310546282","2290574900","26.5667"
"2290574900","2416653786","26.5667"
"2416653786","2290574900","26.5667"
"2302635536","2303392250","32.4833"
"2303392250","2302635536","32.4833"
"2302635536","2305661471","35.5333"
"2305661471","2302635536","35.5333"
"2302635536","2305866095","46.3167"
"2305866095","2302635536","46.3167"
"2302635536","2310546282","37.3167"
"2310546282","2302635536","37.3167"
"2302635536","2416653786","37.3167"
"2416653786","2302635536","37.3167"
"2303392250","2305661471","32.2333"
"2305661471","2303392250","32.2333"
"2303392250","2305866095","32.6833"
"2305866095","2303392250","32.6833"
"2303392250","2310546282","33.0167"
"2310546282","2303392250","33.0167"
"2303392250","2416653786","33.0167"
"2416653786","2303392250","33.0167"
"2305661471","2305866095","35.7333"
"2305866095","2305661471","35.7333"
"2305661471","2310546282","35.7333"
"2310546282","2305661471","35.7333"
"2305661471","2416653786","35.7333"
"2416653786","2305661471","35.7333"
"2305866095","2310546282","37.5167"
"2310546282","2305866095","37.5167"
"2305866095","2416653786","37.5167"
"2416653786","2305866095","37.5167"
"2310546282","2416653786","37.85"
"2416653786","2310546282","37.85"
