"1537454073","1934124120","2.11726"
"1934124120","1537454073","2.11726"
"1537454073","2396934461","0.333333"
"2396934461","1537454073","0.333333"
"1537454073","827356921","1.5506"
"827356921","1537454073","1.5506"
"1934124120","2396934461","0.333333"
"2396934461","1934124120","0.333333"
"1934124120","827356921","2.24226"
"827356921","1934124120","2.24226"
"2396934461","827356921","0.944444"
"827356921","2396934461","0.944444"
"1537454073","2800897116","3.5"
"2800897116","1537454073","3.5"
"1934124120","2800897116","0.5"
"2800897116","1934124120","0.5"
"1537454073","1698775192","0.855357"
"1698775192","1537454073","0.855357"
"1537454073","1918088543","0.455357"
"1918088543","1537454073","0.455357"
"1537454073","2020497756","1.03393"
"2020497756","1537454073","1.03393"
"1537454073","2138862371","0.455357"
"2138862371","1537454073","0.455357"
"1537454073","2236653842","0.622024"
"2236653842","1537454073","0.622024"
"1537454073","2284128125","0.455357"
"2284128125","1537454073","0.455357"
"1537454073","2530702875","0.28869"
"2530702875","1537454073","0.28869"
"1537454073","2568909328","0.133929"
"2568909328","1537454073","0.133929"
"1537454073","2590072791","0.28869"
"2590072791","1537454073","0.28869"
"1537454073","2737466942","0.133929"
"2737466942","1537454073","0.133929"
"1537454073","2743834871","0.133929"
"2743834871","1537454073","0.133929"
"1537454073","2752274554","0.133929"
"2752274554","1537454073","0.133929"
"1698775192","1918088543","2.98492"
"1918088543","1698775192","2.98492"
"1698775192","1934124120","1.7381"
"1934124120","1698775192","1.7381"
"1698775192","2020497756","9.22976"
"2020497756","1698775192","9.22976"
"1698775192","2138862371","5.05218"
"2138862371","1698775192","5.05218"
"1698775192","2236653842","2.87262"
"2236653842","1698775192","2.87262"
"1698775192","2284128125","3.29881"
"2284128125","1698775192","3.29881"
"1698775192","2530702875","3.63214"
"2530702875","1698775192","3.63214"
"1698775192","2568909328","0.37004"
"2568909328","1698775192","0.37004"
"1698775192","2590072791","2.82619"
"2590072791","1698775192","2.82619"
"1698775192","2737466942","0.62004"
"2737466942","1698775192","0.62004"
"1698775192","2743834871","0.770635"
"2743834871","1698775192","0.770635"
"1698775192","2752274554","0.887897"
"2752274554","1698775192","0.887897"
"1698775192","827356921","0.742262"
"827356921","1698775192","0.742262"
"1918088543","1934124120","1.57976"
"1934124120","1918088543","1.57976"
"1918088543","2020497756","2.3381"
"2020497756","1918088543","2.3381"
"1918088543","2138862371","5.81766"
"2138862371","1918088543","5.81766"
"1918088543","2236653842","3.05595"
"2236653842","1918088543","3.05595"
"1918088543","2284128125","2.61548"
"2284128125","1918088543","2.61548"
"1918088543","2530702875","1.19325"
"2530702875","1918088543","1.19325"
"1918088543","2568909328","0.133929"
"2568909328","1918088543","0.133929"
"1918088543","2590072791","1.02897"
"2590072791","1918088543","1.02897"
"1918088543","2737466942","1.53393"
"2737466942","1918088543","1.53393"
"1918088543","2743834871","0.334524"
"2743834871","1918088543","0.334524"
"1918088543","2752274554","0.833929"
"2752274554","1918088543","0.833929"
"1918088543","827356921","1.13115"
"827356921","1918088543","1.13115"
"1934124120","2020497756","1.65476"
"2020497756","1934124120","1.65476"
"1934124120","2138862371","2.16726"
"2138862371","1934124120","2.16726"
"1934124120","2236653842","1.36587"
"2236653842","1934124120","1.36587"
"1934124120","2284128125","1.19921"
"2284128125","1934124120","1.19921"
"1934124120","2530702875","1.2631"
"2530702875","1934124120","1.2631"
"1934124120","2568909328","1.37004"
"2568909328","1934124120","1.37004"
"1934124120","2590072791","4.39921"
"2590072791","1934124120","4.39921"
"1934124120","2737466942","0.883929"
"2737466942","1934124120","0.883929"
"1934124120","2743834871","0.879762"
"2743834871","1934124120","0.879762"
"1934124120","2752274554","1.65337"
"2752274554","1934124120","1.65337"
"2020497756","2138862371","3.7506"
"2138862371","2020497756","3.7506"
"2020497756","2236653842","1.5131"
"2236653842","2020497756","1.5131"
"2020497756","2284128125","1.34643"
"2284128125","2020497756","1.34643"
"2020497756","2530702875","4.7631"
"2530702875","2020497756","4.7631"
"2020497756","2568909328","0.133929"
"2568909328","2020497756","0.133929"
"2020497756","2590072791","0.721429"
"2590072791","2020497756","0.721429"
"2020497756","2737466942","0.383929"
"2737466942","2020497756","0.383929"
"2020497756","2743834871","1.4631"
"2743834871","2020497756","1.4631"
"2020497756","2752274554","0.133929"
"2752274554","2020497756","0.133929"
"2020497756","827356921","0.658929"
"827356921","2020497756","0.658929"
"2138862371","2236653842","1.20029"
"2236653842","2138862371","1.20029"
"2138862371","2284128125","1.36766"
"2284128125","2138862371","1.36766"
"2138862371","2530702875","0.990371"
"2530702875","2138862371","0.990371"
"2138862371","2568909328","0.258929"
"2568909328","2138862371","0.258929"
"2138862371","2590072791","1.43085"
"2590072791","2138862371","1.43085"
"2138862371","2737466942","1.47609"
"2737466942","2138862371","1.47609"
"2138862371","2743834871","0.133929"
"2743834871","2138862371","0.133929"
"2138862371","2752274554","0.985119"
"2752274554","2138862371","0.985119"
"2138862371","827356921","0.542262"
"827356921","2138862371","0.542262"
"2236653842","2284128125","11.3976"
"2284128125","2236653842","11.3976"
"2236653842","2530702875","1.15922"
"2530702875","2236653842","1.15922"
"2236653842","2568909328","0.606151"
"2568909328","2236653842","0.606151"
"2236653842","2590072791","3.44057"
"2590072791","2236653842","3.44057"
"2236653842","2737466942","0.628863"
"2737466942","2236653842","0.628863"
"2236653842","2743834871","0.695635"
"2743834871","2236653842","0.695635"
"2236653842","2752274554","1.18948"
"2752274554","2236653842","1.18948"
"2236653842","827356921","0.889484"
"827356921","2236653842","0.889484"
"2284128125","2530702875","1.82659"
"2530702875","2284128125","1.82659"
"2284128125","2568909328","0.606151"
"2568909328","2284128125","0.606151"
"2284128125","2590072791","3.21508"
"2590072791","2284128125","3.21508"
"2284128125","2737466942","0.57004"
"2737466942","2284128125","0.57004"
"2284128125","2743834871","0.695635"
"2743834871","2284128125","0.695635"
"2284128125","2752274554","1.77282"
"2752274554","2284128125","1.77282"
"2284128125","827356921","0.889484"
"827356921","2284128125","0.889484"
"2530702875","2568909328","0.717262"
"2568909328","2530702875","0.717262"
"2530702875","2590072791","3.14335"
"2590072791","2530702875","3.14335"
"2530702875","2737466942","0.809419"
"2737466942","2530702875","0.809419"
"2530702875","2743834871","2.58452"
"2743834871","2530702875","2.58452"
"2530702875","2752274554","4.0006"
"2752274554","2530702875","4.0006"
"2530702875","827356921","0.328373"
"827356921","2530702875","0.328373"
"2568909328","2590072791","0.37004"
"2590072791","2568909328","0.37004"
"2568909328","2737466942","1.17956"
"2737466942","2568909328","1.17956"
"2568909328","2743834871","11.2129"
"2743834871","2568909328","11.2129"
"2568909328","2752274554","6.61567"
"2752274554","2568909328","6.61567"
"2568909328","827356921","0.133929"
"827356921","2568909328","0.133929"
"2590072791","2737466942","0.692752"
"2737466942","2590072791","0.692752"
"2590072791","2743834871","0.429762"
"2743834871","2590072791","0.429762"
"2590072791","2752274554","0.37004"
"2752274554","2590072791","0.37004"
"2590072791","827356921","0.453373"
"827356921","2590072791","0.453373"
"2737466942","2743834871","0.679563"
"2743834871","2737466942","0.679563"
"2737466942","2752274554","3.62956"
"2752274554","2737466942","3.62956"
"2737466942","827356921","0.133929"
"827356921","2737466942","0.133929"
"2743834871","2752274554","9.2879"
"2752274554","2743834871","9.2879"
"2743834871","827356921","0.333929"
"827356921","2743834871","0.333929"
"2752274554","827356921","0.133929"
"827356921","2752274554","0.133929"
"1537454073","2177861014","0.488095"
"2177861014","1537454073","0.488095"
"1537454073","2521419194","0.0714286"
"2521419194","1537454073","0.0714286"
"1537454073","2528667548","0.300595"
"2528667548","1537454073","0.300595"
"1537454073","2557978403","0.0714286"
"2557978403","1537454073","0.0714286"
"1537454073","2613554997","0.0714286"
"2613554997","1537454073","0.0714286"
"1537454073","2731641027","0.0714286"
"2731641027","1537454073","0.0714286"
"1537454073","2812061088","0.0714286"
"2812061088","1537454073","0.0714286"
"1698775192","2177861014","1.92599"
"2177861014","1698775192","1.92599"
"1698775192","2521419194","2.7371"
"2521419194","1698775192","2.7371"
"1698775192","2528667548","1.13849"
"2528667548","1698775192","1.13849"
"1698775192","2557978403","0.904563"
"2557978403","1698775192","0.904563"
"1698775192","2613554997","0.911508"
"2613554997","1698775192","0.911508"
"1698775192","2731641027","0.974802"
"2731641027","1698775192","0.974802"
"1698775192","2812061088","1.02202"
"2812061088","1698775192","1.02202"
"1918088543","2177861014","1.33155"
"2177861014","1918088543","1.33155"
"1918088543","2521419194","0.633135"
"2521419194","1918088543","0.633135"
"1918088543","2528667548","0.845635"
"2528667548","1918088543","0.845635"
"1918088543","2557978403","0.436706"
"2557978403","1918088543","0.436706"
"1918088543","2613554997","0.404762"
"2613554997","1918088543","0.404762"
"1918088543","2731641027","1.70536"
"2731641027","1918088543","1.70536"
"1918088543","2812061088","0.772024"
"2812061088","1918088543","0.772024"
"2138862371","2177861014","0.65873"
"2177861014","2138862371","0.65873"
"2138862371","2521419194","1.10644"
"2521419194","2138862371","1.10644"
"2138862371","2528667548","0.601786"
"2528667548","2138862371","0.601786"
"2138862371","2557978403","0.575397"
"2557978403","2138862371","0.575397"
"2138862371","2613554997","1.63422"
"2613554997","2138862371","1.63422"
"2138862371","2731641027","0.463585"
"2731641027","2138862371","0.463585"
"2138862371","2812061088","0.196429"
"2812061088","2138862371","0.196429"
"2177861014","2236653842","0.980357"
"2236653842","2177861014","0.980357"
"2177861014","2284128125","1.65655"
"2284128125","2177861014","1.65655"
"2177861014","2521419194","0.633135"
"2521419194","2177861014","0.633135"
"2177861014","2528667548","3.50813"
"2528667548","2177861014","3.50813"
"2177861014","2530702875","2.69266"
"2530702875","2177861014","2.69266"
"2177861014","2557978403","0.811706"
"2557978403","2177861014","0.811706"
"2177861014","2590072791","1.06171"
"2590072791","2177861014","1.06171"
"2177861014","2613554997","1.40476"
"2613554997","2177861014","1.40476"
"2177861014","2731641027","1.50655"
"2731641027","2177861014","1.50655"
"2177861014","2812061088","1.62321"
"2812061088","2177861014","1.62321"
"2236653842","2521419194","1.43085"
"2521419194","2236653842","1.43085"
"2236653842","2528667548","5.65952"
"2528667548","2236653842","5.65952"
"2236653842","2557978403","1.63671"
"2557978403","2236653842","1.63671"
"2236653842","2613554997","0.799697"
"2613554997","2236653842","0.799697"
"2236653842","2731641027","1.2364"
"2731641027","2236653842","1.2364"
"2236653842","2812061088","0.522024"
"2812061088","2236653842","0.522024"
"2284128125","2521419194","1.78869"
"2521419194","2284128125","1.78869"
"2284128125","2528667548","2.49286"
"2528667548","2284128125","2.49286"
"2284128125","2557978403","0.636706"
"2557978403","2284128125","0.636706"
"2284128125","2613554997","0.740873"
"2613554997","2284128125","0.740873"
"2284128125","2731641027","0.877579"
"2731641027","2284128125","0.877579"
"2284128125","2812061088","0.772024"
"2812061088","2284128125","0.772024"
"2521419194","2528667548","1.31766"
"2528667548","2521419194","1.31766"
"2521419194","2530702875","3.27529"
"2530702875","2521419194","3.27529"
"2521419194","2557978403","2.17679"
"2557978403","2521419194","2.17679"
"2521419194","2590072791","1.07609"
"2590072791","2521419194","1.07609"
"2521419194","2613554997","1.05366"
"2613554997","2521419194","1.05366"
"2521419194","2731641027","0.666958"
"2731641027","2521419194","0.666958"
"2521419194","2812061088","0.522024"
"2812061088","2521419194","0.522024"
"2528667548","2530702875","0.334524"
"2530702875","2528667548","0.334524"
"2528667548","2557978403","0.543452"
"2557978403","2528667548","0.543452"
"2528667548","2590072791","1.25198"
"2590072791","2528667548","1.25198"
"2528667548","2613554997","0.661508"
"2613554997","2528667548","0.661508"
"2528667548","2731641027","1.25813"
"2731641027","2528667548","1.25813"
"2528667548","2812061088","0.797024"
"2812061088","2528667548","0.797024"
"2530702875","2557978403","0.200595"
"2557978403","2530702875","0.200595"
"2530702875","2613554997","0.241363"
"2613554997","2530702875","0.241363"
"2530702875","2731641027","1.51418"
"2731641027","2530702875","1.51418"
"2530702875","2812061088","2.27202"
"2812061088","2530702875","2.27202"
"2557978403","2590072791","0.525595"
"2590072791","2557978403","0.525595"
"2557978403","2613554997","0.90873"
"2613554997","2557978403","0.90873"
"2557978403","2731641027","0.133929"
"2731641027","2557978403","0.133929"
"2557978403","2812061088","0.200595"
"2812061088","2557978403","0.200595"
"2590072791","2613554997","0.241363"
"2613554997","2590072791","0.241363"
"2590072791","2731641027","1.97053"
"2731641027","2590072791","1.97053"
"2590072791","2812061088","0.742262"
"2812061088","2590072791","0.742262"
"2613554997","2731641027","0.130252"
"2731641027","2613554997","0.130252"
"2613554997","2812061088","0.0714286"
"2812061088","2613554997","0.0714286"
"2731641027","2812061088","10.7899"
"2812061088","2731641027","10.7899"
"1537454073","2199306310","0.845833"
"2199306310","1537454073","0.845833"
"1698775192","2199306310","0.906944"
"2199306310","1698775192","0.906944"
"1918088543","2199306310","0.673611"
"2199306310","1918088543","0.673611"
"1934124120","2199306310","1.42917"
"2199306310","1934124120","1.42917"
"1934124120","2528667548","1.26944"
"2528667548","1934124120","1.26944"
"2020497756","2199306310","1.04583"
"2199306310","2020497756","1.04583"
"2020497756","2528667548","0.9"
"2528667548","2020497756","0.9"
"2138862371","2199306310","1.56577"
"2199306310","2138862371","1.56577"
"2199306310","2236653842","2.10743"
"2236653842","2199306310","2.10743"
"2199306310","2284128125","1.04861"
"2284128125","2199306310","1.04861"
"2199306310","2528667548","0.354167"
"2528667548","2199306310","0.354167"
"2199306310","2530702875","0.454657"
"2530702875","2199306310","0.454657"
"2199306310","2568909328","0.0625"
"2568909328","2199306310","0.0625"
"2199306310","2590072791","0.454657"
"2590072791","2199306310","0.454657"
"2199306310","2737466942","0.121324"
"2737466942","2199306310","0.121324"
"2199306310","2743834871","0.2625"
"2743834871","2199306310","0.2625"
"2199306310","2752274554","0.0625"
"2752274554","2199306310","0.0625"
"2199306310","827356921","9.7625"
"827356921","2199306310","9.7625"
"2528667548","2568909328","0.623611"
"2568909328","2528667548","0.623611"
"2528667548","2737466942","0.2625"
"2737466942","2528667548","0.2625"
"2528667548","2743834871","1.0381"
"2743834871","2528667548","1.0381"
"2528667548","2752274554","1.21647"
"2752274554","2528667548","1.21647"
"2528667548","827356921","0.498611"
"827356921","2528667548","0.498611"
"1537454073","2593086630","8.33333"
"2593086630","1537454073","8.33333"
"2593086630","2800897116","5.73501"
"2800897116","2593086630","5.73501"
"1537454073","2606002192","0.333333"
"2606002192","1537454073","0.333333"
"2177861014","2593086630","0.67619"
"2593086630","2177861014","0.67619"
"2177861014","2606002192","4.08333"
"2606002192","2177861014","4.08333"
"2593086630","2606002192","0.333333"
"2606002192","2593086630","0.333333"
"1537454073","2511820676","1.23333"
"2511820676","1537454073","1.23333"
"1698775192","2511820676","0.525"
"2511820676","1698775192","0.525"
"1934124120","2511820676","1.06667"
"2511820676","1934124120","1.06667"
"2020497756","2511820676","1.69167"
"2511820676","2020497756","1.69167"
"2199306310","2511820676","1.05049"
"2511820676","2199306310","1.05049"
"1537454073","2295055001","0.533333"
"2295055001","1537454073","0.533333"
"1698775192","2295055001","0.2"
"2295055001","1698775192","0.2"
"1934124120","2295055001","0.7"
"2295055001","1934124120","0.7"
"2020497756","2295055001","1.03333"
"2295055001","2020497756","1.03333"
"2295055001","2511820676","4.53333"
"2511820676","2295055001","4.53333"
"1537454073","3014585752","0.0833333"
"3014585752","1537454073","0.0833333"
"1698775192","3014585752","0.756944"
"3014585752","1698775192","0.756944"
"1918088543","3014585752","0.2125"
"3014585752","1918088543","0.2125"
"1934124120","2177861014","3.62917"
"2177861014","1934124120","3.62917"
"1934124120","3014585752","0.2125"
"3014585752","1934124120","0.2125"
"2138862371","3014585752","0.142157"
"3014585752","2138862371","0.142157"
"2177861014","2199306310","0.394444"
"2199306310","2177861014","0.394444"
"2177861014","3014585752","0.2125"
"3014585752","2177861014","0.2125"
"2177861014","827356921","0.505556"
"827356921","2177861014","0.505556"
"2199306310","3014585752","0.392157"
"3014585752","2199306310","0.392157"
"2236653842","3014585752","1.06577"
"3014585752","2236653842","1.06577"
"2284128125","3014585752","1.00694"
"3014585752","2284128125","1.00694"
"2530702875","3014585752","0.521324"
"3014585752","2530702875","0.521324"
"2590072791","3014585752","0.93799"
"3014585752","2590072791","0.93799"
"3014585752","827356921","0.0833333"
"827356921","3014585752","0.0833333"
"2236653842","2511820676","0.35049"
"2511820676","2236653842","0.35049"
"2284128125","2511820676","0.291667"
"2511820676","2284128125","0.291667"
"2511820676","2528667548","0.291667"
"2528667548","2511820676","0.291667"
"1698775192","2541107254","1.91151"
"2541107254","1698775192","1.91151"
"2138862371","2541107254","1.22946"
"2541107254","2138862371","1.22946"
"2541107254","2557978403","0.503968"
"2557978403","2541107254","0.503968"
"2541107254","2613554997","1.01001"
"2613554997","2541107254","1.01001"
"1698775192","2593086630","0.553968"
"2593086630","1698775192","0.553968"
"1698775192","2749959819","0.502778"
"2749959819","1698775192","0.502778"
"2236653842","2541107254","1.13303"
"2541107254","2236653842","1.13303"
"2236653842","2593086630","0.269935"
"2593086630","2236653842","0.269935"
"2236653842","2749959819","0.85"
"2749959819","2236653842","0.85"
"2284128125","2541107254","0.90754"
"2541107254","2284128125","0.90754"
"2284128125","2593086630","0.887302"
"2593086630","2284128125","0.887302"
"2284128125","2749959819","0.85"
"2749959819","2284128125","0.85"
"2521419194","2541107254","2.17033"
"2541107254","2521419194","2.17033"
"2521419194","2593086630","0.936601"
"2593086630","2521419194","0.936601"
"2521419194","2749959819","2.43056"
"2749959819","2521419194","2.43056"
"2521419194","3014585752","0.399101"
"3014585752","2521419194","0.399101"
"2528667548","2541107254","1.02817"
"2541107254","2528667548","1.02817"
"2528667548","2593086630","0.211111"
"2593086630","2528667548","0.211111"
"2528667548","2749959819","0.847222"
"2749959819","2528667548","0.847222"
"2528667548","3014585752","0.340278"
"3014585752","2528667548","0.340278"
"2541107254","2593086630","0.269935"
"2593086630","2541107254","0.269935"
"2541107254","2749959819","3.76389"
"2749959819","2541107254","3.76389"
"2541107254","3014585752","0.269935"
"3014585752","2541107254","0.269935"
"2593086630","2613554997","0.603268"
"2613554997","2593086630","0.603268"
"2593086630","2749959819","0.544444"
"2749959819","2593086630","0.544444"
"2593086630","3014585752","0.269935"
"3014585752","2593086630","0.269935"
"2613554997","2749959819","0.558333"
"2749959819","2613554997","0.558333"
"2613554997","3014585752","0.269935"
"3014585752","2613554997","0.269935"
"2749959819","3014585752","0.211111"
"3014585752","2749959819","0.211111"
"1698775192","2800897116","0.842857"
"2800897116","1698775192","0.842857"
"1918088543","2593086630","0.142857"
"2593086630","1918088543","0.142857"
"1918088543","2800897116","0.142857"
"2800897116","1918088543","0.142857"
"2138862371","2593086630","0.201681"
"2593086630","2138862371","0.201681"
"2138862371","2800897116","0.201681"
"2800897116","2138862371","0.201681"
"2177861014","2800897116","0.342857"
"2800897116","2177861014","0.342857"
"2284128125","2800897116","0.67619"
"2800897116","2284128125","0.67619"
"2530702875","2593086630","0.201681"
"2593086630","2530702875","0.201681"
"2530702875","2800897116","0.201681"
"2800897116","2530702875","0.201681"
"2593086630","2731641027","0.758824"
"2731641027","2593086630","0.758824"
"2731641027","2800897116","0.258824"
"2800897116","2731641027","0.258824"
"2020497756","2177861014","1.57917"
"2177861014","2020497756","1.57917"
"1698775192","2966248640","0.111111"
"2966248640","1698775192","0.111111"
"2236653842","2966248640","0.169935"
"2966248640","2236653842","0.169935"
"2284128125","2966248640","0.111111"
"2966248640","2284128125","0.111111"
"2521419194","2568909328","0.236111"
"2568909328","2521419194","0.236111"
"2521419194","2737466942","0.878268"
"2737466942","2521419194","0.878268"
"2521419194","2743834871","0.436706"
"2743834871","2521419194","0.436706"
"2521419194","2752274554","1.3373"
"2752274554","2521419194","1.3373"
"2521419194","2966248640","0.169935"
"2966248640","2521419194","0.169935"
"2568909328","2731641027","2.94008"
"2731641027","2568909328","2.94008"
"2568909328","2966248640","0.111111"
"2966248640","2568909328","0.111111"
"2731641027","2737466942","0.604458"
"2737466942","2731641027","0.604458"
"2731641027","2743834871","7.7879"
"2743834871","2731641027","7.7879"
"2731641027","2752274554","6.68175"
"2752274554","2731641027","6.68175"
"2731641027","2966248640","0.669935"
"2966248640","2731641027","0.669935"
"2737466942","2966248640","0.169935"
"2966248640","2737466942","0.169935"
"2743834871","2966248640","0.111111"
"2966248640","2743834871","0.111111"
"2752274554","2966248640","0.111111"
"2966248640","2752274554","0.111111"
"1698775192","3016771764","1.8006"
"3016771764","1698775192","1.8006"
"2020497756","3016771764","1.12917"
"3016771764","2020497756","1.12917"
"2530702875","3016771764","1.2006"
"3016771764","2530702875","1.2006"
"1918088543","3016771764","1.4506"
"3016771764","1918088543","1.4506"
"2138862371","3016771764","0.375"
"3016771764","2138862371","0.375"
"2284128125","3016771764","0.911706"
"3016771764","2284128125","0.911706"
"2800897116","2812061088","0.5"
"2812061088","2800897116","0.5"
"2177861014","2743834871","1.50179"
"2743834871","2177861014","1.50179"
"2731641027","3014585752","0.954657"
"3014585752","2731641027","0.954657"
"2541107254","2752274554","0.721825"
"2752274554","2541107254","0.721825"
"2613554997","2752274554","0.267857"
"2752274554","2613554997","0.267857"
"2749959819","2752274554","0.575"
"2752274554","2749959819","0.575"
"1698775192","2396934461","0.0714286"
"2396934461","1698775192","0.0714286"
"1698775192","2929988668","0.321429"
"2929988668","1698775192","0.321429"
"1918088543","2396934461","0.515873"
"2396934461","1918088543","0.515873"
"1918088543","2541107254","1.32698"
"2541107254","1918088543","1.32698"
"1918088543","2929988668","0.0714286"
"2929988668","1918088543","0.0714286"
"2177861014","2396934461","1.51587"
"2396934461","2177861014","1.51587"
"2177861014","2541107254","0.853175"
"2541107254","2177861014","0.853175"
"2177861014","2929988668","0.0714286"
"2929988668","2177861014","0.0714286"
"2177861014","3016771764","1.3256"
"3016771764","2177861014","1.3256"
"2236653842","2396934461","0.43254"
"2396934461","2236653842","0.43254"
"2236653842","2929988668","0.0714286"
"2929988668","2236653842","0.0714286"
"2236653842","3016771764","1.16171"
"3016771764","2236653842","1.16171"
"2284128125","2396934461","0.765873"
"2396934461","2284128125","0.765873"
"2284128125","2929988668","0.0714286"
"2929988668","2284128125","0.0714286"
"2396934461","2521419194","0.0714286"
"2521419194","2396934461","0.0714286"
"2396934461","2528667548","0.43254"
"2528667548","2396934461","0.43254"
"2396934461","2530702875","0.0714286"
"2530702875","2396934461","0.0714286"
"2396934461","2541107254","0.0714286"
"2541107254","2396934461","0.0714286"
"2396934461","2731641027","0.0714286"
"2731641027","2396934461","0.0714286"
"2396934461","2743834871","0.0714286"
"2743834871","2396934461","0.0714286"
"2396934461","2812061088","0.0714286"
"2812061088","2396934461","0.0714286"
"2396934461","2929988668","0.0714286"
"2929988668","2396934461","0.0714286"
"2396934461","3016771764","0.0714286"
"3016771764","2396934461","0.0714286"
"2521419194","2929988668","0.0714286"
"2929988668","2521419194","0.0714286"
"2521419194","3016771764","0.467262"
"3016771764","2521419194","0.467262"
"2528667548","2929988668","0.0714286"
"2929988668","2528667548","0.0714286"
"2528667548","3016771764","1.70337"
"3016771764","2528667548","1.70337"
"2530702875","2541107254","0.941363"
"2541107254","2530702875","0.941363"
"2530702875","2929988668","0.0714286"
"2929988668","2530702875","0.0714286"
"2541107254","2731641027","0.550887"
"2731641027","2541107254","0.550887"
"2541107254","2743834871","0.214286"
"2743834871","2541107254","0.214286"
"2541107254","2812061088","0.214286"
"2812061088","2541107254","0.214286"
"2541107254","2929988668","0.0714286"
"2929988668","2541107254","0.0714286"
"2541107254","3016771764","0.449206"
"3016771764","2541107254","0.449206"
"2731641027","2929988668","0.0714286"
"2929988668","2731641027","0.0714286"
"2731641027","3016771764","1.37004"
"3016771764","2731641027","1.37004"
"2743834871","2812061088","4.03512"
"2812061088","2743834871","4.03512"
"2743834871","2929988668","0.0714286"
"2929988668","2743834871","0.0714286"
"2743834871","3016771764","0.575595"
"3016771764","2743834871","0.575595"
"2812061088","2929988668","0.321429"
"2929988668","2812061088","0.321429"
"2812061088","3016771764","2.9506"
"3016771764","2812061088","2.9506"
"2929988668","3016771764","0.321429"
"3016771764","2929988668","0.321429"
"2593086630","3016771764","0.1"
"3016771764","2593086630","0.1"
"2613554997","3016771764","0.1"
"3016771764","2613554997","0.1"
"2749959819","3016771764","0.1"
"3016771764","2749959819","0.1"
"3014585752","3016771764","2.22917"
"3016771764","3014585752","2.22917"
"2138862371","2511820676","0.183824"
"2511820676","2138862371","0.183824"
"2511820676","827356921","0.791667"
"827356921","2511820676","0.791667"
"2590072791","2929988668","0.25"
"2929988668","2590072791","0.25"
"2590072791","3016771764","0.781944"
"3016771764","2590072791","0.781944"
"2557978403","2752274554","0.642857"
"2752274554","2557978403","0.642857"
"1934124120","2521419194","0.779167"
"2521419194","1934124120","0.779167"
"1934124120","2557978403","0.254167"
"2557978403","1934124120","0.254167"
"1934124120","2812061088","1.12083"
"2812061088","1934124120","1.12083"
"1934124120","3016771764","0.365278"
"3016771764","1934124120","0.365278"
"2020497756","2521419194","0.4625"
"2521419194","2020497756","0.4625"
"2020497756","2557978403","0.129167"
"2557978403","2020497756","0.129167"
"2020497756","2812061088","0.129167"
"2812061088","2020497756","0.129167"
"2020497756","3014585752","0.129167"
"3014585752","2020497756","0.129167"
"2557978403","2743834871","0.129167"
"2743834871","2557978403","0.129167"
"2557978403","3014585752","0.129167"
"3014585752","2557978403","0.129167"
"2557978403","3016771764","0.129167"
"3016771764","2557978403","0.129167"
"2743834871","3014585752","0.129167"
"3014585752","2743834871","0.129167"
"2812061088","3014585752","0.129167"
"3014585752","2812061088","0.129167"
"2020497756","2541107254","0.333333"
"2541107254","2020497756","0.333333"
"1918088543","2749959819","0.963889"
"2749959819","1918088543","0.963889"
"2177861014","2749959819","1.13889"
"2749959819","2177861014","1.13889"
"1934124120","2731641027","2.62361"
"2731641027","1934124120","2.62361"
"2020497756","2731641027","0.0625"
"2731641027","2020497756","0.0625"
"2199306310","2541107254","0.336601"
"2541107254","2199306310","0.336601"
"2199306310","2557978403","0.236111"
"2557978403","2199306310","0.236111"
"2199306310","2613554997","0.169935"
"2613554997","2199306310","0.169935"
"1918088543","2809628703","1"
"2809628703","1918088543","1"
"2541107254","2737466942","6.23501"
"2737466942","2541107254","6.23501"
"2521419194","827356921","0.111111"
"827356921","2521419194","0.111111"
"2530702875","2749959819","2.06111"
"2749959819","2530702875","2.06111"
"2541107254","827356921","0.277778"
"827356921","2541107254","0.277778"
"2613554997","827356921","0.222222"
"827356921","2613554997","0.222222"
"2749959819","827356921","0.347222"
"827356921","2749959819","0.347222"
"2737466942","2749959819","0.45"
"2749959819","2737466942","0.45"
"1918088543","2295055001","0.166667"
"2295055001","1918088543","0.166667"
"1918088543","2511820676","0.166667"
"2511820676","1918088543","0.166667"
"1934124120","2541107254","0.477778"
"2541107254","1934124120","0.477778"
"2199306310","2295055001","0.666667"
"2295055001","2199306310","0.666667"
"2295055001","2541107254","0.166667"
"2541107254","2295055001","0.166667"
"2295055001","827356921","0.666667"
"827356921","2295055001","0.666667"
"2511820676","2541107254","0.22549"
"2541107254","2511820676","0.22549"
"2396934461","2590072791","1.11111"
"2590072791","2396934461","1.11111"
"2396934461","2613554997","0.111111"
"2613554997","2396934461","0.111111"
"2396934461","2749959819","0.111111"
"2749959819","2396934461","0.111111"
"2590072791","2749959819","0.636111"
"2749959819","2590072791","0.636111"
"1934124120","2749959819","0.525"
"2749959819","1934124120","0.525"
"2199306310","2749959819","0.125"
"2749959819","2199306310","0.125"
"2557978403","2749959819","0.625"
"2749959819","2557978403","0.625"
"2557978403","827356921","0.125"
"827356921","2557978403","0.125"
"2568909328","2812061088","1.88452"
"2812061088","2568909328","1.88452"
"2568909328","3016771764","0.486111"
"3016771764","2568909328","0.486111"
"2752274554","2812061088","3.95952"
"2812061088","2752274554","3.95952"
"2752274554","3016771764","1.44444"
"3016771764","2752274554","1.44444"
"1934124120","2605204252","0.2"
"2605204252","1934124120","0.2"
"2521419194","2605204252","0.783333"
"2605204252","2521419194","0.783333"
"2528667548","2605204252","1.2"
"2605204252","2528667548","1.2"
"2590072791","2605204252","0.2"
"2605204252","2590072791","0.2"
"2605204252","2749959819","1.53333"
"2749959819","2605204252","1.53333"
"2541107254","2590072791","0.536601"
"2590072791","2541107254","0.536601"
"2541107254","2568909328","0.253968"
"2568909328","2541107254","0.253968"
"2731641027","827356921","0.5"
"827356921","2731641027","0.5"
"2020497756","2396934461","0.25"
"2396934461","2020497756","0.25"
"2295055001","2521419194","0.333333"
"2521419194","2295055001","0.333333"
"2511820676","2521419194","0.392157"
"2521419194","2511820676","0.392157"
"2020497756","3011459329","1"
"3011459329","2020497756","1"
"2138862371","2517413514","0.0588235"
"2517413514","2138862371","0.0588235"
"2138862371","2809628703","0.0588235"
"2809628703","2138862371","0.0588235"
"2138862371","2966248640","0.0588235"
"2966248640","2138862371","0.0588235"
"2138862371","3011459329","0.0588235"
"3011459329","2138862371","0.0588235"
"2199306310","2517413514","0.0588235"
"2517413514","2199306310","0.0588235"
"2199306310","2521419194","0.0588235"
"2521419194","2199306310","0.0588235"
"2199306310","2593086630","0.0588235"
"2593086630","2199306310","0.0588235"
"2199306310","2731641027","0.0588235"
"2731641027","2199306310","0.0588235"
"2199306310","2800897116","0.0588235"
"2800897116","2199306310","0.0588235"
"2199306310","2809628703","0.0588235"
"2809628703","2199306310","0.0588235"
"2199306310","2966248640","0.0588235"
"2966248640","2199306310","0.0588235"
"2199306310","3011459329","0.0588235"
"3011459329","2199306310","0.0588235"
"2236653842","2517413514","0.0588235"
"2517413514","2236653842","0.0588235"
"2236653842","2800897116","0.0588235"
"2800897116","2236653842","0.0588235"
"2236653842","2809628703","0.0588235"
"2809628703","2236653842","0.0588235"
"2236653842","3011459329","0.0588235"
"3011459329","2236653842","0.0588235"
"2511820676","2517413514","0.0588235"
"2517413514","2511820676","0.0588235"
"2511820676","2530702875","0.0588235"
"2530702875","2511820676","0.0588235"
"2511820676","2590072791","0.0588235"
"2590072791","2511820676","0.0588235"
"2511820676","2593086630","0.0588235"
"2593086630","2511820676","0.0588235"
"2511820676","2613554997","0.0588235"
"2613554997","2511820676","0.0588235"
"2511820676","2731641027","0.0588235"
"2731641027","2511820676","0.0588235"
"2511820676","2737466942","0.0588235"
"2737466942","2511820676","0.0588235"
"2511820676","2800897116","0.0588235"
"2800897116","2511820676","0.0588235"
"2511820676","2809628703","0.0588235"
"2809628703","2511820676","0.0588235"
"2511820676","2966248640","0.0588235"
"2966248640","2511820676","0.0588235"
"2511820676","3011459329","0.0588235"
"3011459329","2511820676","0.0588235"
"2511820676","3014585752","0.0588235"
"3014585752","2511820676","0.0588235"
"2517413514","2521419194","0.0588235"
"2521419194","2517413514","0.0588235"
"2517413514","2530702875","0.0588235"
"2530702875","2517413514","0.0588235"
"2517413514","2541107254","0.0588235"
"2541107254","2517413514","0.0588235"
"2517413514","2590072791","0.0588235"
"2590072791","2517413514","0.0588235"
"2517413514","2593086630","0.0588235"
"2593086630","2517413514","0.0588235"
"2517413514","2613554997","0.0588235"
"2613554997","2517413514","0.0588235"
"2517413514","2731641027","0.558824"
"2731641027","2517413514","0.558824"
"2517413514","2737466942","0.0588235"
"2737466942","2517413514","0.0588235"
"2517413514","2800897116","0.0588235"
"2800897116","2517413514","0.0588235"
"2517413514","2809628703","0.0588235"
"2809628703","2517413514","0.0588235"
"2517413514","2966248640","0.0588235"
"2966248640","2517413514","0.0588235"
"2517413514","3011459329","0.0588235"
"3011459329","2517413514","0.0588235"
"2517413514","3014585752","0.558824"
"3014585752","2517413514","0.558824"
"2521419194","2800897116","0.0588235"
"2800897116","2521419194","0.0588235"
"2521419194","2809628703","0.0588235"
"2809628703","2521419194","0.0588235"
"2521419194","3011459329","0.0588235"
"3011459329","2521419194","0.0588235"
"2530702875","2809628703","0.558824"
"2809628703","2530702875","0.558824"
"2530702875","2966248640","0.0588235"
"2966248640","2530702875","0.0588235"
"2530702875","3011459329","0.0588235"
"3011459329","2530702875","0.0588235"
"2541107254","2800897116","0.0588235"
"2800897116","2541107254","0.0588235"
"2541107254","2809628703","0.0588235"
"2809628703","2541107254","0.0588235"
"2541107254","2966248640","0.0588235"
"2966248640","2541107254","0.0588235"
"2541107254","3011459329","0.0588235"
"3011459329","2541107254","0.0588235"
"2590072791","2593086630","0.0588235"
"2593086630","2590072791","0.0588235"
"2590072791","2800897116","0.0588235"
"2800897116","2590072791","0.0588235"
"2590072791","2809628703","0.0588235"
"2809628703","2590072791","0.0588235"
"2590072791","2966248640","0.0588235"
"2966248640","2590072791","0.0588235"
"2590072791","3011459329","0.0588235"
"3011459329","2590072791","0.0588235"
"2593086630","2737466942","0.0588235"
"2737466942","2593086630","0.0588235"
"2593086630","2809628703","0.0588235"
"2809628703","2593086630","0.0588235"
"2593086630","2966248640","0.0588235"
"2966248640","2593086630","0.0588235"
"2593086630","3011459329","0.0588235"
"3011459329","2593086630","0.0588235"
"2613554997","2737466942","0.0588235"
"2737466942","2613554997","0.0588235"
"2613554997","2800897116","0.0588235"
"2800897116","2613554997","0.0588235"
"2613554997","2809628703","1.05882"
"2809628703","2613554997","1.05882"
"2613554997","2966248640","0.0588235"
"2966248640","2613554997","0.0588235"
"2613554997","3011459329","1.05882"
"3011459329","2613554997","1.05882"
"2731641027","2809628703","0.0588235"
"2809628703","2731641027","0.0588235"
"2731641027","3011459329","0.0588235"
"3011459329","2731641027","0.0588235"
"2737466942","2800897116","0.0588235"
"2800897116","2737466942","0.0588235"
"2737466942","2809628703","0.0588235"
"2809628703","2737466942","0.0588235"
"2737466942","3011459329","0.0588235"
"3011459329","2737466942","0.0588235"
"2737466942","3014585752","0.0588235"
"3014585752","2737466942","0.0588235"
"2800897116","2809628703","0.0588235"
"2809628703","2800897116","0.0588235"
"2800897116","2966248640","0.0588235"
"2966248640","2800897116","0.0588235"
"2800897116","3011459329","0.0588235"
"3011459329","2800897116","0.0588235"
"2800897116","3014585752","0.0588235"
"3014585752","2800897116","0.0588235"
"2809628703","2966248640","0.0588235"
"2966248640","2809628703","0.0588235"
"2809628703","3011459329","0.0588235"
"3011459329","2809628703","0.0588235"
"2809628703","3014585752","0.0588235"
"3014585752","2809628703","0.0588235"
"2966248640","3011459329","0.0588235"
"3011459329","2966248640","0.0588235"
"2966248640","3014585752","0.0588235"
"3014585752","2966248640","0.0588235"
"3011459329","3014585752","5.05882"
"3014585752","3011459329","5.05882"
"2177861014","2568909328","1.55952"
"2568909328","2177861014","1.55952"
"2521419194","2606002192","0.75"
"2606002192","2521419194","0.75"
"2541107254","2606002192","0.25"
"2606002192","2541107254","0.25"
"2606002192","2749959819","1.25"
"2749959819","2606002192","1.25"
"2177861014","2737466942","0.142857"
"2737466942","2177861014","0.142857"
"2177861014","2752274554","1.18452"
"2752274554","2177861014","1.18452"
"2737466942","2812061088","0.309524"
"2812061088","2737466942","0.309524"
"2236653842","2605204252","0.25"
"2605204252","2236653842","0.25"
"2284128125","2605204252","0.25"
"2605204252","2284128125","0.25"
"2530702875","2605204252","1.25"
"2605204252","2530702875","1.25"
"2593086630","2752274554","0.333333"
"2752274554","2593086630","0.333333"
"2752274554","2800897116","0.333333"
"2800897116","2752274554","0.333333"
"2396934461","2966248640","4"
"2966248640","2396934461","4"
"2396934461","2511820676","0.5"
"2511820676","2396934461","0.5"
"2557978403","2593086630","0.333333"
"2593086630","2557978403","0.333333"
"2593086630","2605204252","0.333333"
"2605204252","2593086630","0.333333"
"2752274554","2809628703","0.5"
"2809628703","2752274554","0.5"
"2557978403","2800897116","1"
"2800897116","2557978403","1"
"2593086630","2812061088","0.5"
"2812061088","2593086630","0.5"
"2605204252","3014585752","2"
"3014585752","2605204252","2"
"2812061088","2966248640","0.5"
"2966248640","2812061088","0.5"
"2743834871","2809628703","1"
"2809628703","2743834871","1"
"2749959819","2809628703","1"
"2809628703","2749959819","1"
