"1851012656","1880348859","6.27532"
"1880348859","1851012656","6.27532"
"1851012656","1897138431","6.11819"
"1897138431","1851012656","6.11819"
"1851012656","1899641823","6.59695"
"1899641823","1851012656","6.59695"
"1851012656","1902014524","6.66838"
"1902014524","1851012656","6.66838"
"1851012656","1937220037","6.79338"
"1937220037","1851012656","6.79338"
"1851012656","1944275915","6.61282"
"1944275915","1851012656","6.61282"
"1851012656","1961803924","6.38445"
"1961803924","1851012656","6.38445"
"1851012656","1963349732","7.13068"
"1963349732","1851012656","7.13068"
"1851012656","2098523028","7.51909"
"2098523028","1851012656","7.51909"
"1851012656","2104044819","6.93954"
"2104044819","1851012656","6.93954"
"1851012656","2105573276","8.1154"
"2105573276","1851012656","8.1154"
"1851012656","2123184862","8.13068"
"2123184862","1851012656","8.13068"
"1851012656","2135405453","6.84675"
"2135405453","1851012656","6.84675"
"1851012656","2137644239","6.98068"
"2137644239","1851012656","6.98068"
"1851012656","2139680589","8.71401"
"2139680589","1851012656","8.71401"
"1851012656","2157170627","17.5712"
"2157170627","1851012656","17.5712"
"1851012656","2157528565","6.84675"
"2157528565","1851012656","6.84675"
"1851012656","2159468404","8.56991"
"2159468404","1851012656","8.56991"
"1851012656","2164332751","4.98547"
"2164332751","1851012656","4.98547"
"1851012656","2164386166","6.55692"
"2164386166","1851012656","6.55692"
"1880348859","1897138431","6.11799"
"1897138431","1880348859","6.11799"
"1880348859","1899641823","6.78057"
"1899641823","1880348859","6.78057"
"1880348859","1902014524","6.9145"
"1902014524","1880348859","6.9145"
"1880348859","1937220037","6.47998"
"1937220037","1880348859","6.47998"
"1880348859","1944275915","6.74783"
"1944275915","1880348859","6.74783"
"1880348859","1961803924","6.53355"
"1961803924","1880348859","6.53355"
"1880348859","1963349732","6.47998"
"1963349732","1880348859","6.47998"
"1880348859","2098523028","5.70569"
"2098523028","1880348859","5.70569"
"1880348859","2104044819","6.27316"
"2104044819","1880348859","6.27316"
"1880348859","2105573276","6.32998"
"2105573276","1880348859","6.32998"
"1880348859","2123184862","6.77164"
"2123184862","1880348859","6.77164"
"1880348859","2135405453","6.19605"
"2135405453","1880348859","6.19605"
"1880348859","2137644239","6.32998"
"2137644239","1880348859","6.32998"
"1880348859","2139680589","6.9145"
"2139680589","1880348859","6.9145"
"1880348859","2157170627","6.47998"
"2157170627","1880348859","6.47998"
"1880348859","2157528565","6.19605"
"2157528565","1880348859","6.19605"
"1880348859","2159468404","6.25373"
"2159468404","1880348859","6.25373"
"1880348859","2164332751","4.10631"
"2164332751","1880348859","4.10631"
"1880348859","2164386166","6.65721"
"2164386166","1880348859","6.65721"
"1897138431","1899641823","6.49021"
"1899641823","1897138431","6.49021"
"1897138431","1902014524","6.42771"
"1902014524","1897138431","6.42771"
"1897138431","1937220037","6.11819"
"1937220037","1897138431","6.11819"
"1897138431","1944275915","6.20549"
"1944275915","1897138431","6.20549"
"1897138431","1961803924","5.98902"
"1961803924","1897138431","5.98902"
"1897138431","1963349732","6.11819"
"1963349732","1897138431","6.11819"
"1897138431","2098523028","5.40273"
"2098523028","1897138431","5.40273"
"1897138431","2104044819","5.65721"
"2104044819","1897138431","5.65721"
"1897138431","2105573276","5.79735"
"2105573276","1897138431","5.79735"
"1897138431","2123184862","6.40985"
"2123184862","1897138431","6.40985"
"1897138431","2135405453","6.05152"
"2135405453","1897138431","6.05152"
"1897138431","2137644239","6.05152"
"2137644239","1897138431","6.05152"
"1897138431","2139680589","6.55271"
"2139680589","1897138431","6.55271"
"1897138431","2157170627","6.11819"
"2157170627","1897138431","6.11819"
"1897138431","2157528565","6.05152"
"2157528565","1897138431","6.05152"
"1897138431","2159468404","5.70028"
"2159468404","1897138431","5.70028"
"1897138431","2164332751","4.54103"
"2164332751","1897138431","4.54103"
"1897138431","2164386166","7.43758"
"2164386166","1897138431","7.43758"
"1899641823","1902014524","7.17363"
"1902014524","1899641823","7.17363"
"1899641823","1937220037","6.8016"
"1937220037","1899641823","6.8016"
"1899641823","1944275915","6.95141"
"1944275915","1899641823","6.95141"
"1899641823","1961803924","6.5891"
"1961803924","1899641823","6.5891"
"1899641823","1963349732","6.8016"
"1963349732","1899641823","6.8016"
"1899641823","2098523028","6.02732"
"2098523028","1899641823","6.02732"
"1899641823","2104044819","6.34062"
"2104044819","1899641823","6.34062"
"1899641823","2105573276","6.3141"
"2105573276","1899641823","6.3141"
"1899641823","2123184862","7.59327"
"2123184862","1899641823","7.59327"
"1899641823","2135405453","6.50577"
"2135405453","1899641823","6.50577"
"1899641823","2137644239","6.56827"
"2137644239","1899641823","6.56827"
"1899641823","2139680589","7.73613"
"2139680589","1899641823","7.73613"
"1899641823","2157170627","6.8016"
"2157170627","1899641823","6.8016"
"1899641823","2157528565","6.50577"
"2157528565","1899641823","6.50577"
"1899641823","2159468404","6.32119"
"2159468404","1899641823","6.32119"
"1899641823","2164332751","4.47853"
"2164332751","1899641823","4.47853"
"1899641823","2164386166","6.97884"
"2164386166","1899641823","6.97884"
"1902014524","1937220037","6.87303"
"1937220037","1902014524","6.87303"
"1902014524","1944275915","7.08533"
"1944275915","1902014524","7.08533"
"1902014524","1961803924","6.5891"
"1961803924","1902014524","6.5891"
"1902014524","1963349732","6.87303"
"1963349732","1902014524","6.87303"
"1902014524","2098523028","6.09875"
"2098523028","1902014524","6.09875"
"1902014524","2104044819","6.41205"
"2104044819","1902014524","6.41205"
"1902014524","2105573276","6.38553"
"2105573276","1902014524","6.38553"
"1902014524","2123184862","7.1647"
"2123184862","1902014524","7.1647"
"1902014524","2135405453","6.50577"
"2135405453","1902014524","6.50577"
"1902014524","2137644239","6.6397"
"2137644239","1902014524","6.6397"
"1902014524","2139680589","7.30756"
"2139680589","1902014524","7.30756"
"1902014524","2157170627","6.87303"
"2157170627","1902014524","6.87303"
"1902014524","2157528565","6.50577"
"2157528565","1902014524","6.50577"
"1902014524","2159468404","6.39262"
"2159468404","1902014524","6.39262"
"1902014524","2164332751","4.41603"
"2164332751","1902014524","4.41603"
"1902014524","2164386166","7.05027"
"2164386166","1902014524","7.05027"
"1937220037","1944275915","6.81748"
"1944275915","1937220037","6.81748"
"1937220037","1961803924","6.5891"
"1961803924","1937220037","6.5891"
"1937220037","1963349732","6.99803"
"1963349732","1937220037","6.99803"
"1937220037","2098523028","6.22375"
"2098523028","1937220037","6.22375"
"1937220037","2104044819","6.39419"
"2104044819","1937220037","6.39419"
"1937220037","2105573276","6.51053"
"2105573276","1937220037","6.51053"
"1937220037","2123184862","6.99803"
"2123184862","1937220037","6.99803"
"1937220037","2135405453","6.63077"
"2135405453","1937220037","6.63077"
"1937220037","2137644239","6.7647"
"2137644239","1937220037","6.7647"
"1937220037","2139680589","6.99803"
"2139680589","1937220037","6.99803"
"1937220037","2157170627","6.99803"
"2157170627","1937220037","6.99803"
"1937220037","2157528565","6.63077"
"2157528565","1937220037","6.63077"
"1937220037","2159468404","6.51762"
"2159468404","1937220037","6.51762"
"1937220037","2164332751","4.54103"
"2164332751","1937220037","4.54103"
"1937220037","2164386166","6.67824"
"2164386166","1937220037","6.67824"
"1944275915","1961803924","6.53355"
"1961803924","1944275915","6.53355"
"1944275915","1963349732","6.81748"
"1963349732","1944275915","6.81748"
"1944275915","2098523028","6.04319"
"2098523028","1944275915","6.04319"
"1944275915","2104044819","6.35649"
"2104044819","1944275915","6.35649"
"1944275915","2105573276","6.32998"
"2105573276","1944275915","6.32998"
"1944275915","2123184862","6.94248"
"2123184862","1944275915","6.94248"
"1944275915","2135405453","6.45021"
"2135405453","1944275915","6.45021"
"1944275915","2137644239","6.58414"
"2137644239","1944275915","6.58414"
"1944275915","2139680589","7.08533"
"2139680589","1944275915","7.08533"
"1944275915","2157170627","6.81748"
"2157170627","1944275915","6.81748"
"1944275915","2157528565","6.45021"
"2157528565","1944275915","6.45021"
"1944275915","2159468404","6.33707"
"2159468404","1944275915","6.33707"
"1944275915","2164332751","4.36047"
"2164332751","1944275915","4.36047"
"1944275915","2164386166","6.82804"
"2164386166","1944275915","6.82804"
"1961803924","1963349732","6.5891"
"1963349732","1961803924","6.5891"
"1961803924","2098523028","5.81482"
"2098523028","1961803924","5.81482"
"1961803924","2104044819","6.23943"
"2104044819","1961803924","6.23943"
"1961803924","2105573276","6.4391"
"2105573276","1961803924","6.4391"
"1961803924","2123184862","6.7141"
"2123184862","1961803924","6.7141"
"1961803924","2135405453","6.3766"
"2135405453","1961803924","6.3766"
"1961803924","2137644239","6.4391"
"2137644239","1961803924","6.4391"
"1961803924","2139680589","6.7141"
"2139680589","1961803924","6.7141"
"1961803924","2157170627","6.5891"
"2157170627","1961803924","6.5891"
"1961803924","2157528565","6.3766"
"2157528565","1961803924","6.3766"
"1961803924","2159468404","6.36286"
"2159468404","1961803924","6.36286"
"1961803924","2164332751","4.28686"
"2164332751","1961803924","4.28686"
"1961803924","2164386166","6.39431"
"2164386166","1961803924","6.39431"
"1963349732","2098523028","6.30708"
"2098523028","1963349732","6.30708"
"1963349732","2104044819","6.58864"
"2104044819","1963349732","6.58864"
"1963349732","2105573276","6.84783"
"2105573276","1963349732","6.84783"
"1963349732","2123184862","7.94644"
"2123184862","1963349732","7.94644"
"1963349732","2135405453","7.07918"
"2135405453","1963349732","7.07918"
"1963349732","2137644239","7.21311"
"2137644239","1963349732","7.21311"
"1963349732","2139680589","7.94644"
"2139680589","1963349732","7.94644"
"1963349732","2157170627","7.19248"
"2157170627","1963349732","7.19248"
"1963349732","2157528565","7.07918"
"2157528565","1963349732","7.07918"
"1963349732","2159468404","6.82318"
"2159468404","1963349732","6.82318"
"1963349732","2164332751","4.84659"
"2164332751","1963349732","4.84659"
"1963349732","2164386166","6.67824"
"2164386166","1963349732","6.67824"
"2098523028","2104044819","7.11402"
"2104044819","2098523028","7.11402"
"2098523028","2105573276","5.81958"
"2105573276","2098523028","5.81958"
"2098523028","2123184862","6.67375"
"2123184862","2098523028","6.67375"
"2098523028","2135405453","5.93982"
"2135405453","2098523028","5.93982"
"2098523028","2137644239","6.07375"
"2137644239","2098523028","6.07375"
"2098523028","2139680589","7.42375"
"2139680589","2098523028","7.42375"
"2098523028","2157170627","7.92375"
"2157170627","2098523028","7.92375"
"2098523028","2157528565","5.93982"
"2157528565","2098523028","5.93982"
"2098523028","2159468404","6.19334"
"2159468404","2098523028","6.19334"
"2098523028","2164332751","4.52173"
"2164332751","2098523028","4.52173"
"2098523028","2164386166","5.90396"
"2164386166","2098523028","5.90396"
"2104044819","2105573276","6.3553"
"2105573276","2104044819","6.3553"
"2104044819","2123184862","7.2053"
"2123184862","2104044819","7.2053"
"2104044819","2135405453","6.22137"
"2135405453","2104044819","6.22137"
"2104044819","2137644239","6.3553"
"2137644239","2104044819","6.3553"
"2104044819","2139680589","10.0982"
"2139680589","2104044819","10.0982"
"2104044819","2157170627","7.34419"
"2157170627","2104044819","7.34419"
"2104044819","2157528565","6.22137"
"2157528565","2104044819","6.22137"
"2104044819","2159468404","6.78462"
"2159468404","2104044819","6.78462"
"2104044819","2164332751","4.42575"
"2164332751","2104044819","4.42575"
"2104044819","2164386166","6.21726"
"2164386166","2104044819","6.21726"
"2105573276","2123184862","6.84783"
"2123184862","2105573276","6.84783"
"2105573276","2135405453","6.7139"
"2135405453","2105573276","6.7139"
"2105573276","2137644239","6.84783"
"2137644239","2105573276","6.84783"
"2105573276","2139680589","6.84783"
"2139680589","2105573276","6.84783"
"2105573276","2157170627","8.09387"
"2157170627","2105573276","8.09387"
"2105573276","2157528565","6.7139"
"2157528565","2105573276","6.7139"
"2105573276","2159468404","6.47873"
"2159468404","2105573276","6.47873"
"2105573276","2164332751","4.48131"
"2164332751","2105573276","4.48131"
"2105573276","2164386166","6.27408"
"2164386166","2105573276","6.27408"
"2123184862","2135405453","9.66252"
"2135405453","2123184862","9.66252"
"2123184862","2137644239","11.4631"
"2137644239","2123184862","11.4631"
"2123184862","2139680589","39.2714"
"2139680589","2123184862","39.2714"
"2123184862","2157170627","8.39248"
"2157170627","2123184862","8.39248"
"2123184862","2157528565","9.41252"
"2157528565","2123184862","9.41252"
"2123184862","2159468404","7.18984"
"2159468404","2123184862","7.18984"
"2123184862","2164332751","8.59659"
"2164332751","2123184862","8.59659"
"2123184862","2164386166","6.96991"
"2164386166","2123184862","6.96991"
"2135405453","2137644239","8.57918"
"2137644239","2135405453","8.57918"
"2135405453","2139680589","9.66252"
"2139680589","2135405453","9.66252"
"2135405453","2157170627","6.82521"
"2157170627","2135405453","6.82521"
"2135405453","2157528565","9.16252"
"2157528565","2135405453","9.16252"
"2135405453","2159468404","6.45592"
"2159468404","2135405453","6.45592"
"2135405453","2164332751","5.09659"
"2164332751","2135405453","5.09659"
"2135405453","2164386166","6.39431"
"2164386166","2135405453","6.39431"
"2137644239","2139680589","11.4631"
"2139680589","2137644239","11.4631"
"2137644239","2157170627","6.95914"
"2157170627","2137644239","6.95914"
"2137644239","2157528565","8.82918"
"2157528565","2137644239","8.82918"
"2137644239","2159468404","6.58984"
"2159468404","2137644239","6.58984"
"2137644239","2164332751","5.09659"
"2164332751","2137644239","5.09659"
"2137644239","2164386166","6.52824"
"2164386166","2137644239","6.52824"
"2139680589","2157170627","8.97581"
"2157170627","2139680589","8.97581"
"2139680589","2157528565","9.41252"
"2157528565","2139680589","9.41252"
"2139680589","2159468404","7.52318"
"2159468404","2139680589","7.52318"
"2139680589","2164332751","8.59659"
"2164332751","2139680589","8.59659"
"2139680589","2164386166","7.11277"
"2164386166","2139680589","7.11277"
"2157170627","2157528565","6.82521"
"2157528565","2157170627","6.82521"
"2157170627","2159468404","8.91207"
"2159468404","2157170627","8.91207"
"2157170627","2164332751","4.98547"
"2164332751","2157170627","4.98547"
"2157170627","2164386166","6.67824"
"2164386166","2157170627","6.67824"
"2157528565","2159468404","6.45592"
"2159468404","2157528565","6.45592"
"2157528565","2164332751","5.34659"
"2164332751","2157528565","5.34659"
"2157528565","2164386166","6.39431"
"2164386166","2157528565","6.39431"
"2159468404","2164332751","4.48423"
"2164332751","2159468404","4.48423"
"2159468404","2164386166","6.19783"
"2164386166","2159468404","6.19783"
"2164332751","2164386166","4.4259"
"2164386166","2164332751","4.4259"
"1851012656","2141569539","0.643515"
"2141569539","1851012656","0.643515"
"1880348859","2141569539","0.456015"
"2141569539","1880348859","0.456015"
"1897138431","2141569539","0.643515"
"2141569539","1897138431","0.643515"
"1899641823","2141569539","0.643515"
"2141569539","1899641823","0.643515"
"1902014524","2141569539","0.643515"
"2141569539","1902014524","0.643515"
"1937220037","2141569539","0.643515"
"2141569539","1937220037","0.643515"
"1944275915","2141569539","0.643515"
"2141569539","1944275915","0.643515"
"1961803924","2141569539","0.456015"
"2141569539","1961803924","0.456015"
"1963349732","2141569539","0.643515"
"2141569539","1963349732","0.643515"
"2104044819","2141569539","0.456015"
"2141569539","2104044819","0.456015"
"2105573276","2141569539","0.456015"
"2141569539","2105573276","0.456015"
"2123184862","2141569539","0.643515"
"2141569539","2123184862","0.643515"
"2135405453","2141569539","0.643515"
"2141569539","2135405453","0.643515"
"2137644239","2141569539","0.643515"
"2141569539","2137644239","0.643515"
"2139680589","2141569539","0.643515"
"2141569539","2139680589","0.643515"
"2141569539","2157170627","0.643515"
"2157170627","2141569539","0.643515"
"2141569539","2157528565","0.643515"
"2157528565","2141569539","0.643515"
"2141569539","2159468404","0.456015"
"2159468404","2141569539","0.456015"
"2141569539","2164386166","0.643515"
"2164386166","2141569539","0.643515"
"2098523028","2141569539","0.330357"
"2141569539","2098523028","0.330357"
"2141569539","2164332751","0.380357"
"2164332751","2141569539","0.380357"
