"1485062015","1532313454","0.988889"
"1532313454","1485062015","0.988889"
"1485062015","1605124321","0.788889"
"1605124321","1485062015","0.788889"
"1485062015","202500387","1.87222"
"202500387","1485062015","1.87222"
"1485062015","2096030967","0.477778"
"2096030967","1485062015","0.477778"
"1485062015","2108265469","1.22778"
"2108265469","1485062015","1.22778"
"1485062015","2126059122","1.72222"
"2126059122","1485062015","1.72222"
"1485062015","2134928993","0.222222"
"2134928993","1485062015","0.222222"
"1485062015","2152077325","1.50556"
"2152077325","1485062015","1.50556"
"1485062015","2158060559","2.19722"
"2158060559","1485062015","2.19722"
"1532313454","1605124321","3.78889"
"1605124321","1532313454","3.78889"
"1532313454","202500387","0.622222"
"202500387","1532313454","0.622222"
"1532313454","2096030967","0.811111"
"2096030967","1532313454","0.811111"
"1532313454","2108265469","0.111111"
"2108265469","1532313454","0.111111"
"1532313454","2126059122","0.722222"
"2126059122","1532313454","0.722222"
"1532313454","2134928993","0.555556"
"2134928993","1532313454","0.555556"
"1532313454","2152077325","0.222222"
"2152077325","1532313454","0.222222"
"1532313454","2158060559","1.82222"
"2158060559","1532313454","1.82222"
"1605124321","202500387","0.422222"
"202500387","1605124321","0.422222"
"1605124321","2096030967","3.31111"
"2096030967","1605124321","3.31111"
"1605124321","2108265469","0.111111"
"2108265469","1605124321","0.111111"
"1605124321","2126059122","0.722222"
"2126059122","1605124321","0.722222"
"1605124321","2134928993","0.555556"
"2134928993","1605124321","0.555556"
"1605124321","2152077325","0.222222"
"2152077325","1605124321","0.222222"
"1605124321","2158060559","1.62222"
"2158060559","1605124321","1.62222"
"202500387","2096030967","0.111111"
"2096030967","202500387","0.111111"
"202500387","2108265469","0.611111"
"2108265469","202500387","0.611111"
"202500387","2126059122","0.972222"
"2126059122","202500387","0.972222"
"202500387","2134928993","0.722222"
"2134928993","202500387","0.722222"
"202500387","2152077325","0.888889"
"2152077325","202500387","0.888889"
"202500387","2158060559","1.08056"
"2158060559","202500387","1.08056"
"2096030967","2108265469","0.111111"
"2108265469","2096030967","0.111111"
"2096030967","2126059122","0.611111"
"2126059122","2096030967","0.611111"
"2096030967","2134928993","0.111111"
"2134928993","2096030967","0.111111"
"2096030967","2152077325","0.111111"
"2152077325","2096030967","0.111111"
"2096030967","2158060559","0.311111"
"2158060559","2096030967","0.311111"
"2108265469","2126059122","0.527778"
"2126059122","2108265469","0.527778"
"2108265469","2134928993","0.111111"
"2134928993","2108265469","0.111111"
"2108265469","2152077325","3.47778"
"2152077325","2108265469","3.47778"
"2108265469","2158060559","0.236111"
"2158060559","2108265469","0.236111"
"2126059122","2134928993","0.222222"
"2134928993","2126059122","0.222222"
"2126059122","2152077325","0.638889"
"2152077325","2126059122","0.638889"
"2126059122","2158060559","1.76389"
"2158060559","2126059122","1.76389"
"2134928993","2152077325","0.222222"
"2152077325","2134928993","0.222222"
"2134928993","2158060559","0.555556"
"2158060559","2134928993","0.555556"
"2152077325","2158060559","0.347222"
"2158060559","2152077325","0.347222"
"1485062015","1539760748","1.45"
"1539760748","1485062015","1.45"
"1485062015","2152969395","1.15"
"2152969395","1485062015","1.15"
"1485062015","2172046543","0.458333"
"2172046543","1485062015","0.458333"
"1539760748","2108265469","0.366667"
"2108265469","1539760748","0.366667"
"1539760748","2126059122","1.08333"
"2126059122","1539760748","1.08333"
"1539760748","2152077325","0.533333"
"2152077325","1539760748","0.533333"
"1539760748","2152969395","0.533333"
"2152969395","1539760748","0.533333"
"1539760748","2172046543","0.166667"
"2172046543","1539760748","0.166667"
"2108265469","2152969395","0.616667"
"2152969395","2108265469","0.616667"
"2108265469","2172046543","0.291667"
"2172046543","2108265469","0.291667"
"2126059122","2152969395","0.583333"
"2152969395","2126059122","0.583333"
"2126059122","2172046543","0.958333"
"2172046543","2126059122","0.958333"
"2152077325","2152969395","0.783333"
"2152969395","2152077325","0.783333"
"2152077325","2172046543","1.29167"
"2172046543","2152077325","1.29167"
"2152969395","2172046543","0.458333"
"2172046543","2152969395","0.458333"
"1539760748","2158060559","0.916667"
"2158060559","1539760748","0.916667"
"1485062015","164610907","0.916667"
"164610907","1485062015","0.916667"
"164610907","202500387","2.66667"
"202500387","164610907","2.66667"
"164610907","2108265469","0.5"
"2108265469","164610907","0.5"
"164610907","2126059122","0.25"
"2126059122","164610907","0.25"
"164610907","2152077325","0.666667"
"2152077325","164610907","0.666667"
"164610907","2152969395","0.416667"
"2152969395","164610907","0.416667"
"164610907","2158060559","0.125"
"2158060559","164610907","0.125"
"164610907","2172046543","1.125"
"2172046543","164610907","1.125"
"202500387","2152969395","0.616667"
"2152969395","202500387","0.616667"
"202500387","2172046543","1.125"
"2172046543","202500387","1.125"
"2152969395","2158060559","0.325"
"2158060559","2152969395","0.325"
"2158060559","2172046543","0.458333"
"2172046543","2158060559","0.458333"
"1485062015","2108898793","0.277778"
"2108898793","1485062015","0.277778"
"1539760748","164610907","0.166667"
"164610907","1539760748","0.166667"
"1539760748","202500387","0.166667"
"202500387","1539760748","0.166667"
"1539760748","2108898793","0.166667"
"2108898793","1539760748","0.166667"
"164610907","2108898793","0.166667"
"2108898793","164610907","0.166667"
"202500387","2108898793","0.277778"
"2108898793","202500387","0.277778"
"2108898793","2152077325","0.277778"
"2152077325","2108898793","0.277778"
"2108898793","2152969395","0.166667"
"2152969395","2108898793","0.166667"
"1485062015","1981678030","2.16944"
"1981678030","1485062015","2.16944"
"1532313454","1981678030","1.04444"
"1981678030","1532313454","1.04444"
"1605124321","1981678030","0.844444"
"1981678030","1605124321","0.844444"
"1981678030","2096030967","0.2"
"2096030967","1981678030","0.2"
"1981678030","2158060559","1.37778"
"2158060559","1981678030","1.37778"
"1981678030","202500387","1.46944"
"202500387","1981678030","1.46944"
"1485062015","2294334801","1.575"
"2294334801","1485062015","1.575"
"1539760748","2294334801","0.45"
"2294334801","1539760748","0.45"
"2126059122","2294334801","0.375"
"2294334801","2126059122","0.375"
"2158060559","2294334801","0.583333"
"2294334801","2158060559","0.583333"
"1532313454","2108898793","0.111111"
"2108898793","1532313454","0.111111"
"1605124321","2108898793","0.444444"
"2108898793","1605124321","0.444444"
"1981678030","2108898793","0.111111"
"2108898793","1981678030","0.111111"
"1981678030","2126059122","0.236111"
"2126059122","1981678030","0.236111"
"1981678030","2134928993","1.11111"
"2134928993","1981678030","1.11111"
"1981678030","2152077325","0.236111"
"2152077325","1981678030","0.236111"
"2108898793","2126059122","0.611111"
"2126059122","2108898793","0.611111"
"2108898793","2134928993","0.111111"
"2134928993","2108898793","0.111111"
"2108898793","2158060559","1.94444"
"2158060559","2108898793","1.94444"
"164610907","1981678030","1.625"
"1981678030","164610907","1.625"
"2108265469","2294334801","1.575"
"2294334801","2108265469","1.575"
"2152077325","2294334801","5.575"
"2294334801","2152077325","5.575"
"2152969395","2294334801","0.325"
"2294334801","2152969395","0.325"
"164610907","2294334801","1.875"
"2294334801","164610907","1.875"
"1981678030","2108265469","0.125"
"2108265469","1981678030","0.125"
"1981678030","2152969395","0.325"
"2152969395","1981678030","0.325"
"1981678030","2294334801","0.125"
"2294334801","1981678030","0.125"
"202500387","2294334801","0.375"
"2294334801","202500387","0.375"
"1532313454","2152969395","0.366667"
"2152969395","1532313454","0.366667"
"1532313454","2172046543","0.166667"
"2172046543","1532313454","0.166667"
"1605124321","2152969395","0.166667"
"2152969395","1605124321","0.166667"
"1605124321","2172046543","0.5"
"2172046543","1605124321","0.5"
"2096030967","2152969395","0.166667"
"2152969395","2096030967","0.166667"
"2096030967","2172046543","0.166667"
"2172046543","2096030967","0.166667"
"1532313454","2149755376","0.333333"
"2149755376","1532313454","0.333333"
"1532313454","2294334801","0.333333"
"2294334801","1532313454","0.333333"
"2149755376","2158060559","0.333333"
"2158060559","2149755376","0.333333"
"2149755376","2294334801","0.333333"
"2294334801","2149755376","0.333333"
"2108898793","2172046543","0.333333"
"2172046543","2108898793","0.333333"
"1605124321","2149755376","1"
"2149755376","1605124321","1"
"1605124321","2010042481","0.5"
"2010042481","1605124321","0.5"
"1605124321","2038858357","0.5"
"2038858357","1605124321","0.5"
"2010042481","2038858357","12.8333"
"2038858357","2010042481","12.8333"
"1605124321","2254965060","0.5"
"2254965060","1605124321","0.5"
"2096030967","2254965060","0.5"
"2254965060","2096030967","0.5"
"164610907","2163034159","0.5"
"2163034159","164610907","0.5"
"2163034159","2294334801","1.5"
"2294334801","2163034159","1.5"
"2010042481","2552158386","0.333333"
"2552158386","2010042481","0.333333"
"2010042481","2612928812","0.333333"
"2612928812","2010042481","0.333333"
"2038858357","2552158386","0.333333"
"2552158386","2038858357","0.333333"
"2038858357","2612928812","0.333333"
"2612928812","2038858357","0.333333"
"2552158386","2612928812","0.333333"
"2612928812","2552158386","0.333333"
"2010042481","2254965060","1"
"2254965060","2010042481","1"
"2134928993","2172046543","0.5"
"2172046543","2134928993","0.5"
"2038858357","2254965060","3"
"2254965060","2038858357","3"
"2096030967","2163034159","1"
"2163034159","2096030967","1"
"2120368429","2956448203","1"
"2956448203","2120368429","1"
"2120368429","2149755376","2.5"
"2149755376","2120368429","2.5"
"2120368429","2163034159","0.5"
"2163034159","2120368429","0.5"
"2149755376","2163034159","0.5"
"2163034159","2149755376","0.5"
"2163034159","2172046543","1"
"2172046543","2163034159","1"
"2172046543","2294334801","1"
"2294334801","2172046543","1"
