"116515026","1570687565","2.76035"
"1570687565","116515026","2.76035"
"116515026","2148604333","2"
"2148604333","116515026","2"
"1570687565","2148604333","1.5"
"2148604333","1570687565","1.5"
"116515026","2117668559","1.96035"
"2117668559","116515026","1.96035"
"116515026","2145722235","0.771465"
"2145722235","116515026","0.771465"
"1570687565","2117668559","1.81918"
"2117668559","1570687565","1.81918"
"1570687565","2145722235","0.719177"
"2145722235","1570687565","0.719177"
"2117668559","2145722235","0.719177"
"2145722235","2117668559","0.719177"
"116515026","1832277845","0.710354"
"1832277845","116515026","0.710354"
"116515026","1986121650","0.311111"
"1986121650","116515026","0.311111"
"116515026","2137559158","0.2"
"2137559158","116515026","0.2"
"116515026","2167423345","1.29369"
"2167423345","116515026","1.29369"
"1832277845","1986121650","0.2"
"1986121650","1832277845","0.2"
"1832277845","2117668559","0.599242"
"2117668559","1832277845","0.599242"
"1832277845","2137559158","0.2"
"2137559158","1832277845","0.2"
"1832277845","2167423345","0.599242"
"2167423345","1832277845","0.599242"
"1986121650","2117668559","0.369935"
"2117668559","1986121650","0.369935"
"1986121650","2137559158","0.401681"
"2137559158","1986121650","0.401681"
"1986121650","2167423345","0.869935"
"2167423345","1986121650","0.869935"
"2117668559","2137559158","0.258824"
"2137559158","2117668559","0.258824"
"2117668559","2167423345","1.51918"
"2167423345","2117668559","1.51918"
"2137559158","2167423345","0.258824"
"2167423345","2137559158","0.258824"
"116515026","1504916267","0.444444"
"1504916267","116515026","0.444444"
"1504916267","1570687565","1.50327"
"1570687565","1504916267","1.50327"
"1504916267","2117668559","0.503268"
"2117668559","1504916267","0.503268"
"116515026","1497296356","0.5"
"1497296356","116515026","0.5"
"116515026","1601456732","0.611111"
"1601456732","116515026","0.611111"
"1497296356","1601456732","0.5"
"1601456732","1497296356","0.5"
"116515026","2110434538","1"
"2110434538","116515026","1"
"116515026","1537370817","0.416667"
"1537370817","116515026","0.416667"
"116515026","2156250856","0.333333"
"2156250856","116515026","0.333333"
"116515026","2631389871","0.416667"
"2631389871","116515026","0.416667"
"1537370817","2156250856","0.333333"
"2156250856","1537370817","0.333333"
"1537370817","2631389871","10.9381"
"2631389871","1537370817","10.9381"
"2156250856","2631389871","0.333333"
"2631389871","2156250856","0.333333"
"116515026","2034362794","0.111111"
"2034362794","116515026","0.111111"
"116515026","2103378897","0.438131"
"2103378897","116515026","0.438131"
"1504916267","1601456732","0.111111"
"1601456732","1504916267","0.111111"
"1504916267","1986121650","1.66993"
"1986121650","1504916267","1.66993"
"1504916267","2034362794","0.669935"
"2034362794","1504916267","0.669935"
"1504916267","2103378897","0.169935"
"2103378897","1504916267","0.169935"
"1504916267","2145722235","0.169935"
"2145722235","1504916267","0.169935"
"1504916267","2167423345","0.669935"
"2167423345","1504916267","0.669935"
"1570687565","1601456732","0.111111"
"1601456732","1570687565","0.111111"
"1570687565","1986121650","0.169935"
"1986121650","1570687565","0.169935"
"1570687565","2034362794","0.169935"
"2034362794","1570687565","0.169935"
"1570687565","2103378897","0.385844"
"2103378897","1570687565","0.385844"
"1570687565","2167423345","2.15251"
"2167423345","1570687565","2.15251"
"1601456732","1986121650","0.111111"
"1986121650","1601456732","0.111111"
"1601456732","2034362794","0.111111"
"2034362794","1601456732","0.111111"
"1601456732","2103378897","0.111111"
"2103378897","1601456732","0.111111"
"1601456732","2117668559","0.444444"
"2117668559","1601456732","0.444444"
"1601456732","2145722235","0.111111"
"2145722235","1601456732","0.111111"
"1601456732","2167423345","0.111111"
"2167423345","1601456732","0.111111"
"1986121650","2034362794","1.66993"
"2034362794","1986121650","1.66993"
"1986121650","2103378897","0.312792"
"2103378897","1986121650","0.312792"
"1986121650","2145722235","0.169935"
"2145722235","1986121650","0.169935"
"2034362794","2103378897","0.503268"
"2103378897","2034362794","0.503268"
"2034362794","2117668559","0.336601"
"2117668559","2034362794","0.336601"
"2034362794","2145722235","0.169935"
"2145722235","2034362794","0.169935"
"2034362794","2167423345","1.3366"
"2167423345","2034362794","1.3366"
"2103378897","2117668559","0.585844"
"2117668559","2103378897","0.585844"
"2103378897","2145722235","0.663621"
"2145722235","2103378897","0.663621"
"2103378897","2167423345","0.385844"
"2167423345","2103378897","0.385844"
"2145722235","2167423345","0.385844"
"2167423345","2145722235","0.385844"
"116515026","118742943","0.194444"
"118742943","116515026","0.194444"
"116515026","1545175007","0.194444"
"1545175007","116515026","0.194444"
"116515026","1572900211","0.183333"
"1572900211","116515026","0.183333"
"116515026","1879045122","1.29924"
"1879045122","116515026","1.29924"
"116515026","1903577715","0.183333"
"1903577715","116515026","0.183333"
"116515026","1984350393","0.510354"
"1984350393","116515026","0.510354"
"118742943","1537370817","0.154762"
"1537370817","118742943","0.154762"
"118742943","1545175007","11.3492"
"1545175007","118742943","11.3492"
"118742943","1570687565","0.0833333"
"1570687565","118742943","0.0833333"
"118742943","1572900211","1.6881"
"1572900211","118742943","1.6881"
"118742943","1832277845","0.63254"
"1832277845","118742943","0.63254"
"118742943","1879045122","0.154762"
"1879045122","118742943","0.154762"
"118742943","1903577715","0.488095"
"1903577715","118742943","0.488095"
"118742943","1984350393","0.63254"
"1984350393","118742943","0.63254"
"118742943","2117668559","0.0833333"
"2117668559","118742943","0.0833333"
"118742943","2167423345","0.0833333"
"2167423345","118742943","0.0833333"
"118742943","2631389871","0.154762"
"2631389871","118742943","0.154762"
"1537370817","1545175007","0.154762"
"1545175007","1537370817","0.154762"
"1537370817","1570687565","0.0833333"
"1570687565","1537370817","0.0833333"
"1537370817","1572900211","0.404762"
"1572900211","1537370817","0.404762"
"1537370817","1832277845","0.154762"
"1832277845","1537370817","0.154762"
"1537370817","1879045122","0.854762"
"1879045122","1537370817","0.854762"
"1537370817","1903577715","0.404762"
"1903577715","1537370817","0.404762"
"1537370817","1984350393","0.654762"
"1984350393","1537370817","0.654762"
"1537370817","2117668559","0.0833333"
"2117668559","1537370817","0.0833333"
"1537370817","2167423345","0.0833333"
"2167423345","1537370817","0.0833333"
"1545175007","1570687565","0.0833333"
"1570687565","1545175007","0.0833333"
"1545175007","1572900211","0.988095"
"1572900211","1545175007","0.988095"
"1545175007","1832277845","0.265873"
"1832277845","1545175007","0.265873"
"1545175007","1879045122","0.154762"
"1879045122","1545175007","0.154762"
"1545175007","1903577715","0.154762"
"1903577715","1545175007","0.154762"
"1545175007","1984350393","0.265873"
"1984350393","1545175007","0.265873"
"1545175007","2117668559","0.0833333"
"2117668559","1545175007","0.0833333"
"1545175007","2167423345","0.583333"
"2167423345","1545175007","0.583333"
"1545175007","2631389871","0.154762"
"2631389871","1545175007","0.154762"
"1570687565","1572900211","0.183333"
"1572900211","1570687565","0.183333"
"1570687565","1832277845","0.399242"
"1832277845","1570687565","0.399242"
"1570687565","1879045122","0.358066"
"1879045122","1570687565","0.358066"
"1570687565","1903577715","0.183333"
"1903577715","1570687565","0.183333"
"1570687565","1984350393","0.399242"
"1984350393","1570687565","0.399242"
"1570687565","2631389871","0.0833333"
"2631389871","1570687565","0.0833333"
"1572900211","1832277845","0.921429"
"1832277845","1572900211","0.921429"
"1572900211","1879045122","0.154762"
"1879045122","1572900211","0.154762"
"1572900211","1903577715","5.52143"
"1903577715","1572900211","5.52143"
"1572900211","1984350393","1.50476"
"1984350393","1572900211","1.50476"
"1572900211","2117668559","0.183333"
"2117668559","1572900211","0.183333"
"1572900211","2167423345","0.183333"
"2167423345","1572900211","0.183333"
"1572900211","2631389871","0.404762"
"2631389871","1572900211","0.404762"
"1832277845","1879045122","0.620671"
"1879045122","1832277845","0.620671"
"1832277845","1903577715","0.604762"
"1903577715","1832277845","0.604762"
"1832277845","1984350393","6.49845"
"1984350393","1832277845","6.49845"
"1832277845","2631389871","0.154762"
"2631389871","1832277845","0.154762"
"1879045122","1903577715","0.154762"
"1903577715","1879045122","0.154762"
"1879045122","1984350393","0.620671"
"1984350393","1879045122","0.620671"
"1879045122","2117668559","0.724733"
"2117668559","1879045122","0.724733"
"1879045122","2167423345","0.524733"
"2167423345","1879045122","0.524733"
"1879045122","2631389871","0.854762"
"2631389871","1879045122","0.854762"
"1903577715","1984350393","1.1881"
"1984350393","1903577715","1.1881"
"1903577715","2117668559","0.183333"
"2117668559","1903577715","0.183333"
"1903577715","2167423345","0.183333"
"2167423345","1903577715","0.183333"
"1903577715","2631389871","0.404762"
"2631389871","1903577715","0.404762"
"1984350393","2117668559","0.732576"
"2117668559","1984350393","0.732576"
"1984350393","2167423345","0.399242"
"2167423345","1984350393","0.399242"
"1984350393","2631389871","0.654762"
"2631389871","1984350393","0.654762"
"2117668559","2631389871","0.0833333"
"2631389871","2117668559","0.0833333"
"2167423345","2631389871","0.0833333"
"2631389871","2167423345","0.0833333"
"116515026","1658853941","0.211111"
"1658853941","116515026","0.211111"
"116515026","2121378079","0.440909"
"2121378079","116515026","0.440909"
"116515026","87384950","0.30202"
"87384950","116515026","0.30202"
"1570687565","1658853941","0.1"
"1658853941","1570687565","0.1"
"1570687565","2121378079","0.499733"
"2121378079","1570687565","0.499733"
"1570687565","87384950","0.249733"
"87384950","1570687565","0.249733"
"1572900211","1658853941","2.00476"
"1658853941","1572900211","2.00476"
"1572900211","2121378079","0.1"
"2121378079","1572900211","0.1"
"1572900211","87384950","0.438095"
"87384950","1572900211","0.438095"
"1658853941","1832277845","1.53254"
"1832277845","1658853941","1.53254"
"1658853941","1903577715","0.521429"
"1903577715","1658853941","0.521429"
"1658853941","1984350393","1.69921"
"1984350393","1658853941","1.69921"
"1658853941","2117668559","0.5"
"2117668559","1658853941","0.5"
"1658853941","2121378079","0.1"
"2121378079","1658853941","0.1"
"1658853941","2167423345","0.1"
"2167423345","1658853941","0.1"
"1658853941","87384950","3.48254"
"87384950","1658853941","3.48254"
"1832277845","2121378079","0.690909"
"2121378079","1832277845","0.690909"
"1832277845","87384950","1.55678"
"87384950","1832277845","1.55678"
"1903577715","2121378079","0.1"
"2121378079","1903577715","0.1"
"1903577715","87384950","0.521429"
"87384950","1903577715","0.521429"
"1984350393","2121378079","1.19091"
"2121378079","1984350393","1.19091"
"1984350393","87384950","2.19964"
"87384950","1984350393","2.19964"
"2117668559","2121378079","0.833066"
"2121378079","2117668559","0.833066"
"2117668559","87384950","0.649733"
"87384950","2117668559","0.649733"
"2121378079","2167423345","0.499733"
"2167423345","2121378079","0.499733"
"2121378079","87384950","0.416399"
"87384950","2121378079","0.416399"
"2167423345","87384950","0.249733"
"87384950","2167423345","0.249733"
"116515026","1559255981","0.20202"
"1559255981","116515026","0.20202"
"1559255981","1570687565","0.0909091"
"1570687565","1559255981","0.0909091"
"1559255981","1832277845","1.65678"
"1832277845","1559255981","1.65678"
"1559255981","1879045122","0.162338"
"1879045122","1559255981","0.162338"
"1559255981","1984350393","1.90678"
"1984350393","1559255981","1.90678"
"1559255981","2103378897","1.35678"
"2103378897","1559255981","1.35678"
"1559255981","2117668559","0.290909"
"2117668559","1559255981","0.290909"
"1559255981","2121378079","0.257576"
"2121378079","1559255981","0.257576"
"1559255981","2145722235","0.368687"
"2145722235","1559255981","0.368687"
"1559255981","2167423345","0.0909091"
"2167423345","1559255981","0.0909091"
"1559255981","87384950","1.19012"
"87384950","1559255981","1.19012"
"1832277845","2103378897","2.34845"
"2103378897","1832277845","2.34845"
"1832277845","2145722235","0.82702"
"2145722235","1832277845","0.82702"
"1879045122","2103378897","0.546161"
"2103378897","1879045122","0.546161"
"1879045122","2121378079","0.149733"
"2121378079","1879045122","0.149733"
"1879045122","2145722235","0.274733"
"2145722235","1879045122","0.274733"
"1879045122","87384950","0.421161"
"87384950","1879045122","0.421161"
"1984350393","2103378897","2.15797"
"2103378897","1984350393","2.15797"
"1984350393","2145722235","0.493687"
"2145722235","1984350393","0.493687"
"2103378897","2121378079","0.316399"
"2121378079","2103378897","0.316399"
"2103378897","87384950","2.3418"
"87384950","2103378897","2.3418"
"2121378079","2145722235","0.649733"
"2145722235","2121378079","0.649733"
"2145722235","87384950","0.42751"
"87384950","2145722235","0.42751"
"118742943","1559255981","1.26587"
"1559255981","118742943","1.26587"
"118742943","1658853941","1.88254"
"1658853941","118742943","1.88254"
"118742943","2103378897","1.38254"
"2103378897","118742943","1.38254"
"118742943","2145722235","0.111111"
"2145722235","118742943","0.111111"
"118742943","87384950","0.68254"
"87384950","118742943","0.68254"
"1545175007","1559255981","0.93254"
"1559255981","1545175007","0.93254"
"1545175007","1658853941","0.18254"
"1658853941","1545175007","0.18254"
"1545175007","2103378897","0.68254"
"2103378897","1545175007","0.68254"
"1545175007","2145722235","0.111111"
"2145722235","1545175007","0.111111"
"1545175007","87384950","0.18254"
"87384950","1545175007","0.18254"
"1559255981","1658853941","2.63254"
"1658853941","1559255981","2.63254"
"1658853941","2103378897","1.41587"
"2103378897","1658853941","1.41587"
"1658853941","2145722235","0.111111"
"2145722235","1658853941","0.111111"
"1572900211","2103378897","0.438095"
"2103378897","1572900211","0.438095"
"118742943","1534295949","0.166667"
"1534295949","118742943","0.166667"
"118742943","1972429847","0.238095"
"1972429847","118742943","0.238095"
"118742943","2114488082","0.416667"
"2114488082","118742943","0.416667"
"1534295949","1545175007","0.166667"
"1545175007","1534295949","0.166667"
"1534295949","1559255981","0.166667"
"1559255981","1534295949","0.166667"
"1534295949","1572900211","0.166667"
"1572900211","1534295949","0.166667"
"1534295949","1972429847","0.166667"
"1972429847","1534295949","0.166667"
"1534295949","2114488082","0.166667"
"2114488082","1534295949","0.166667"
"1545175007","1972429847","0.238095"
"1972429847","1545175007","0.238095"
"1545175007","2114488082","0.916667"
"2114488082","1545175007","0.916667"
"1559255981","1572900211","6.70476"
"1572900211","1559255981","6.70476"
"1559255981","1972429847","0.688095"
"1972429847","1559255981","0.688095"
"1559255981","2114488082","2.26667"
"2114488082","1559255981","2.26667"
"1572900211","1972429847","0.988095"
"1972429847","1572900211","0.988095"
"1572900211","2114488082","0.366667"
"2114488082","1572900211","0.366667"
"1972429847","2114488082","0.166667"
"2114488082","1972429847","0.166667"
"118742943","2210686847","0.5"
"2210686847","118742943","0.5"
"1545175007","2210686847","0.5"
"2210686847","1545175007","0.5"
"1559255981","1903577715","1.8381"
"1903577715","1559255981","1.8381"
"118742943","150512592","0.583333"
"150512592","118742943","0.583333"
"150512592","1545175007","0.583333"
"1545175007","150512592","0.583333"
"150512592","1559255981","0.527778"
"1559255981","150512592","0.527778"
"150512592","2114488082","0.25"
"2114488082","150512592","0.25"
"118742943","1539275741","0.0714286"
"1539275741","118742943","0.0714286"
"1537370817","1539275741","0.271429"
"1539275741","1537370817","0.271429"
"1537370817","1559255981","0.321429"
"1559255981","1537370817","0.321429"
"1537370817","1658853941","0.0714286"
"1658853941","1537370817","0.0714286"
"1537370817","1972429847","0.0714286"
"1972429847","1537370817","0.0714286"
"1537370817","2103378897","0.0714286"
"2103378897","1537370817","0.0714286"
"1537370817","87384950","0.0714286"
"87384950","1537370817","0.0714286"
"1539275741","1545175007","0.0714286"
"1545175007","1539275741","0.0714286"
"1539275741","1559255981","0.738095"
"1559255981","1539275741","0.738095"
"1539275741","1572900211","0.738095"
"1572900211","1539275741","0.738095"
"1539275741","1658853941","0.738095"
"1658853941","1539275741","0.738095"
"1539275741","1832277845","0.0714286"
"1832277845","1539275741","0.0714286"
"1539275741","1879045122","0.521429"
"1879045122","1539275741","0.521429"
"1539275741","1903577715","0.0714286"
"1903577715","1539275741","0.0714286"
"1539275741","1972429847","0.0714286"
"1972429847","1539275741","0.0714286"
"1539275741","1984350393","0.0714286"
"1984350393","1539275741","0.0714286"
"1539275741","2103378897","0.0714286"
"2103378897","1539275741","0.0714286"
"1539275741","2631389871","0.271429"
"2631389871","1539275741","0.271429"
"1539275741","87384950","0.0714286"
"87384950","1539275741","0.0714286"
"1559255981","2631389871","0.321429"
"2631389871","1559255981","0.321429"
"1658853941","1879045122","0.271429"
"1879045122","1658853941","0.271429"
"1658853941","1972429847","0.0714286"
"1972429847","1658853941","0.0714286"
"1658853941","2631389871","0.0714286"
"2631389871","1658853941","0.0714286"
"1832277845","1972429847","0.0714286"
"1972429847","1832277845","0.0714286"
"1879045122","1972429847","0.0714286"
"1972429847","1879045122","0.0714286"
"1903577715","1972429847","2.82143"
"1972429847","1903577715","2.82143"
"1903577715","2103378897","0.0714286"
"2103378897","1903577715","0.0714286"
"1972429847","1984350393","0.321429"
"1984350393","1972429847","0.321429"
"1972429847","2103378897","0.0714286"
"2103378897","1972429847","0.0714286"
"1972429847","2631389871","0.0714286"
"2631389871","1972429847","0.0714286"
"1972429847","87384950","0.0714286"
"87384950","1972429847","0.0714286"
"2103378897","2631389871","0.0714286"
"2631389871","2103378897","0.0714286"
"2631389871","87384950","0.0714286"
"87384950","2631389871","0.0714286"
"118742943","1851665508","1"
"1851665508","118742943","1"
"150512592","1572900211","0.333333"
"1572900211","150512592","0.333333"
"1222699389","1559255981","0.811111"
"1559255981","1222699389","0.811111"
"1222699389","1975428729","1.89444"
"1975428729","1222699389","1.89444"
"1222699389","2154933195","0.333333"
"2154933195","1222699389","0.333333"
"1559255981","1975428729","2.04444"
"1975428729","1559255981","2.04444"
"1559255981","2154933195","0.333333"
"2154933195","1559255981","0.333333"
"1975428729","2154933195","0.333333"
"2154933195","1975428729","0.333333"
"1222699389","150512592","0.527778"
"150512592","1222699389","0.527778"
"1222699389","1990421186","1.25"
"1990421186","1222699389","1.25"
"1222699389","2111487235","0.777778"
"2111487235","1222699389","0.777778"
"1222699389","33764377","0.611111"
"33764377","1222699389","0.611111"
"150512592","1975428729","0.962302"
"1975428729","150512592","0.962302"
"150512592","1990421186","6.72619"
"1990421186","150512592","6.72619"
"150512592","2111487235","1.2123"
"2111487235","150512592","1.2123"
"150512592","33764377","0.745635"
"33764377","150512592","0.745635"
"1559255981","1990421186","0.616667"
"1990421186","1559255981","0.616667"
"1559255981","2111487235","1.06111"
"2111487235","1559255981","1.06111"
"1559255981","33764377","1.39444"
"33764377","1559255981","1.39444"
"1975428729","1990421186","1.50952"
"1990421186","1975428729","1.50952"
"1975428729","2111487235","2.99564"
"2111487235","1975428729","2.99564"
"1975428729","33764377","2.6623"
"33764377","1975428729","2.6623"
"1990421186","2111487235","1.42619"
"2111487235","1990421186","1.42619"
"1990421186","33764377","2.09286"
"33764377","1990421186","2.09286"
"2111487235","33764377","3.32897"
"33764377","2111487235","3.32897"
"1222699389","1903577715","0.5"
"1903577715","1222699389","0.5"
"1222699389","1972429847","1"
"1972429847","1222699389","1"
"1222699389","2002079460","0.111111"
"2002079460","1222699389","0.111111"
"1222699389","2008494459","0.111111"
"2008494459","1222699389","0.111111"
"1222699389","2143170946","0.361111"
"2143170946","1222699389","0.361111"
"1222699389","2210686847","0.111111"
"2210686847","1222699389","0.111111"
"150512592","2002079460","0.745635"
"2002079460","150512592","0.745635"
"150512592","2008494459","0.745635"
"2008494459","150512592","0.745635"
"150512592","2143170946","0.652778"
"2143170946","150512592","0.652778"
"150512592","2210686847","0.111111"
"2210686847","150512592","0.111111"
"1559255981","2002079460","0.111111"
"2002079460","1559255981","0.111111"
"1559255981","2008494459","0.111111"
"2008494459","1559255981","0.111111"
"1559255981","2143170946","0.111111"
"2143170946","1559255981","0.111111"
"1559255981","2210686847","0.444444"
"2210686847","1559255981","0.444444"
"1975428729","2002079460","0.545635"
"2002079460","1975428729","0.545635"
"1975428729","2008494459","0.545635"
"2008494459","1975428729","0.545635"
"1975428729","2143170946","0.986111"
"2143170946","1975428729","0.986111"
"1975428729","2210686847","0.111111"
"2210686847","1975428729","0.111111"
"2002079460","2008494459","5.24564"
"2008494459","2002079460","5.24564"
"2002079460","2111487235","0.545635"
"2111487235","2002079460","0.545635"
"2002079460","2143170946","0.402778"
"2143170946","2002079460","0.402778"
"2002079460","2210686847","0.111111"
"2210686847","2002079460","0.111111"
"2002079460","33764377","0.578968"
"33764377","2002079460","0.578968"
"2008494459","2111487235","1.07897"
"2111487235","2008494459","1.07897"
"2008494459","2143170946","0.602778"
"2143170946","2008494459","0.602778"
"2008494459","2210686847","0.444444"
"2210686847","2008494459","0.444444"
"2008494459","33764377","0.912302"
"33764377","2008494459","0.912302"
"2111487235","2143170946","0.602778"
"2143170946","2111487235","0.602778"
"2111487235","2210686847","0.111111"
"2210686847","2111487235","0.111111"
"2143170946","2210686847","0.111111"
"2210686847","2143170946","0.111111"
"2143170946","33764377","0.236111"
"33764377","2143170946","0.236111"
"2210686847","33764377","0.777778"
"33764377","2210686847","0.777778"
"1222699389","2108196245","0.5"
"2108196245","1222699389","0.5"
"1972429847","2108196245","0.5"
"2108196245","1972429847","0.5"
"1222699389","1658853941","0.2"
"1658853941","1222699389","0.2"
"1222699389","2114488082","0.2"
"2114488082","1222699389","0.2"
"1222699389","87384950","0.2"
"87384950","1222699389","0.2"
"1658853941","1975428729","0.65"
"1975428729","1658853941","0.65"
"1658853941","2114488082","1.05"
"2114488082","1658853941","1.05"
"1975428729","2114488082","0.65"
"2114488082","1975428729","0.65"
"1975428729","87384950","0.65"
"87384950","1975428729","0.65"
"2114488082","87384950","1.90882"
"87384950","2114488082","1.90882"
"1222699389","1533814111","1"
"1533814111","1222699389","1"
"1222699389","1534295949","0.5"
"1534295949","1222699389","0.5"
"1534295949","1990421186","0.5"
"1990421186","1534295949","0.5"
"1990421186","2143170946","0.416667"
"2143170946","1990421186","0.416667"
"126505109","1504916267","1.05882"
"1504916267","126505109","1.05882"
"126505109","1879045122","0.22549"
"1879045122","126505109","0.22549"
"126505109","2034362794","0.72549"
"2034362794","126505109","0.72549"
"126505109","2108196245","1.01667"
"2108196245","126505109","1.01667"
"126505109","2117668559","0.22549"
"2117668559","126505109","0.22549"
"126505109","2126169116","0.416667"
"2126169116","126505109","0.416667"
"126505109","2167423345","0.22549"
"2167423345","126505109","0.22549"
"1879045122","2034362794","0.22549"
"2034362794","1879045122","0.22549"
"1879045122","2108196245","0.166667"
"2108196245","1879045122","0.166667"
"1879045122","2126169116","0.166667"
"2126169116","1879045122","0.166667"
"2034362794","2108196245","0.666667"
"2108196245","2034362794","0.666667"
"2034362794","2126169116","0.166667"
"2126169116","2034362794","0.166667"
"2108196245","2117668559","0.166667"
"2117668559","2108196245","0.166667"
"2108196245","2126169116","0.416667"
"2126169116","2108196245","0.416667"
"2108196245","2167423345","0.166667"
"2167423345","2108196245","0.166667"
"2117668559","2126169116","0.166667"
"2126169116","2117668559","0.166667"
"2126169116","2167423345","0.166667"
"2167423345","2126169116","0.166667"
"126505109","2888872082","1"
"2888872082","126505109","1"
"126505109","1580559113","0.558824"
"1580559113","126505109","0.558824"
"126505109","2091939272","0.25"
"2091939272","126505109","0.25"
"126505109","2514974017","0.25"
"2514974017","126505109","0.25"
"126505109","2948273719","0.75"
"2948273719","126505109","0.75"
"1580559113","2091939272","0.25"
"2091939272","1580559113","0.25"
"1580559113","2514974017","0.25"
"2514974017","1580559113","0.25"
"1580559113","2948273719","0.25"
"2948273719","1580559113","0.25"
"2091939272","2514974017","2.5"
"2514974017","2091939272","2.5"
"2091939272","2948273719","0.45"
"2948273719","2091939272","0.45"
"2514974017","2948273719","3.75"
"2948273719","2514974017","3.75"
"126505109","1552906779","0.951681"
"1552906779","126505109","0.951681"
"126505109","1570687565","0.0588235"
"1570687565","126505109","0.0588235"
"126505109","1986121650","0.451681"
"1986121650","126505109","0.451681"
"126505109","2053307247","0.308824"
"2053307247","126505109","0.308824"
"126505109","2069087469","0.201681"
"2069087469","126505109","0.201681"
"126505109","2103378897","0.201681"
"2103378897","126505109","0.201681"
"126505109","2114488082","0.0588235"
"2114488082","126505109","0.0588235"
"126505109","2121378079","1.05882"
"2121378079","126505109","1.05882"
"126505109","2137559158","0.201681"
"2137559158","126505109","0.201681"
"126505109","2145722235","0.0588235"
"2145722235","126505109","0.0588235"
"126505109","87384950","0.551681"
"87384950","126505109","0.551681"
"1504916267","1552906779","0.0588235"
"1552906779","1504916267","0.0588235"
"1504916267","1580559113","0.0588235"
"1580559113","1504916267","0.0588235"
"1504916267","1879045122","1.05882"
"1879045122","1504916267","1.05882"
"1504916267","2053307247","0.0588235"
"2053307247","1504916267","0.0588235"
"1504916267","2069087469","0.0588235"
"2069087469","1504916267","0.0588235"
"1504916267","2114488082","0.0588235"
"2114488082","1504916267","0.0588235"
"1504916267","2121378079","0.558824"
"2121378079","1504916267","0.558824"
"1504916267","2137559158","0.0588235"
"2137559158","1504916267","0.0588235"
"1504916267","87384950","0.0588235"
"87384950","1504916267","0.0588235"
"1552906779","1570687565","0.0588235"
"1570687565","1552906779","0.0588235"
"1552906779","1580559113","0.308824"
"1580559113","1552906779","0.308824"
"1552906779","1879045122","0.258824"
"1879045122","1552906779","0.258824"
"1552906779","1986121650","0.201681"
"1986121650","1552906779","0.201681"
"1552906779","2034362794","0.0588235"
"2034362794","1552906779","0.0588235"
"1552906779","2053307247","0.308824"
"2053307247","1552906779","0.308824"
"1552906779","2069087469","0.201681"
"2069087469","1552906779","0.201681"
"1552906779","2103378897","0.201681"
"2103378897","1552906779","0.201681"
"1552906779","2114488082","0.0588235"
"2114488082","1552906779","0.0588235"
"1552906779","2117668559","0.0588235"
"2117668559","1552906779","0.0588235"
"1552906779","2121378079","0.0588235"
"2121378079","1552906779","0.0588235"
"1552906779","2137559158","0.201681"
"2137559158","1552906779","0.201681"
"1552906779","2145722235","0.0588235"
"2145722235","1552906779","0.0588235"
"1552906779","2167423345","0.0588235"
"2167423345","1552906779","0.0588235"
"1552906779","87384950","0.201681"
"87384950","1552906779","0.201681"
"1570687565","1580559113","0.0588235"
"1580559113","1570687565","0.0588235"
"1570687565","2053307247","0.0588235"
"2053307247","1570687565","0.0588235"
"1570687565","2069087469","0.0588235"
"2069087469","1570687565","0.0588235"
"1570687565","2114488082","0.0588235"
"2114488082","1570687565","0.0588235"
"1570687565","2137559158","0.0588235"
"2137559158","1570687565","0.0588235"
"1580559113","1879045122","0.0588235"
"1879045122","1580559113","0.0588235"
"1580559113","1986121650","0.0588235"
"1986121650","1580559113","0.0588235"
"1580559113","2034362794","0.0588235"
"2034362794","1580559113","0.0588235"
"1580559113","2053307247","0.308824"
"2053307247","1580559113","0.308824"
"1580559113","2069087469","0.0588235"
"2069087469","1580559113","0.0588235"
"1580559113","2103378897","0.0588235"
"2103378897","1580559113","0.0588235"
"1580559113","2114488082","0.0588235"
"2114488082","1580559113","0.0588235"
"1580559113","2117668559","0.0588235"
"2117668559","1580559113","0.0588235"
"1580559113","2121378079","0.392157"
"2121378079","1580559113","0.392157"
"1580559113","2137559158","0.0588235"
"2137559158","1580559113","0.0588235"
"1580559113","2145722235","0.392157"
"2145722235","1580559113","0.392157"
"1580559113","2167423345","0.0588235"
"2167423345","1580559113","0.0588235"
"1580559113","87384950","0.0588235"
"87384950","1580559113","0.0588235"
"1879045122","1986121650","0.0588235"
"1986121650","1879045122","0.0588235"
"1879045122","2053307247","0.0588235"
"2053307247","1879045122","0.0588235"
"1879045122","2069087469","0.0588235"
"2069087469","1879045122","0.0588235"
"1879045122","2114488082","0.258824"
"2114488082","1879045122","0.258824"
"1879045122","2137559158","0.0588235"
"2137559158","1879045122","0.0588235"
"1986121650","2053307247","0.0588235"
"2053307247","1986121650","0.0588235"
"1986121650","2069087469","0.201681"
"2069087469","1986121650","0.201681"
"1986121650","2114488082","0.0588235"
"2114488082","1986121650","0.0588235"
"1986121650","2121378079","1.05882"
"2121378079","1986121650","1.05882"
"1986121650","87384950","0.451681"
"87384950","1986121650","0.451681"
"2034362794","2053307247","0.0588235"
"2053307247","2034362794","0.0588235"
"2034362794","2069087469","0.0588235"
"2069087469","2034362794","0.0588235"
"2034362794","2114488082","0.0588235"
"2114488082","2034362794","0.0588235"
"2034362794","2121378079","0.0588235"
"2121378079","2034362794","0.0588235"
"2034362794","2137559158","0.0588235"
"2137559158","2034362794","0.0588235"
"2034362794","87384950","0.0588235"
"87384950","2034362794","0.0588235"
"2053307247","2069087469","0.0588235"
"2069087469","2053307247","0.0588235"
"2053307247","2103378897","0.0588235"
"2103378897","2053307247","0.0588235"
"2053307247","2114488082","0.0588235"
"2114488082","2053307247","0.0588235"
"2053307247","2117668559","0.0588235"
"2117668559","2053307247","0.0588235"
"2053307247","2121378079","0.0588235"
"2121378079","2053307247","0.0588235"
"2053307247","2137559158","0.0588235"
"2137559158","2053307247","0.0588235"
"2053307247","2145722235","0.0588235"
"2145722235","2053307247","0.0588235"
"2053307247","2167423345","0.0588235"
"2167423345","2053307247","0.0588235"
"2053307247","87384950","0.0588235"
"87384950","2053307247","0.0588235"
"2069087469","2103378897","0.201681"
"2103378897","2069087469","0.201681"
"2069087469","2114488082","0.0588235"
"2114488082","2069087469","0.0588235"
"2069087469","2117668559","0.0588235"
"2117668559","2069087469","0.0588235"
"2069087469","2121378079","2.05882"
"2121378079","2069087469","2.05882"
"2069087469","2137559158","0.201681"
"2137559158","2069087469","0.201681"
"2069087469","2145722235","0.0588235"
"2145722235","2069087469","0.0588235"
"2069087469","2167423345","0.0588235"
"2167423345","2069087469","0.0588235"
"2069087469","87384950","0.201681"
"87384950","2069087469","0.201681"
"2103378897","2114488082","0.258824"
"2114488082","2103378897","0.258824"
"2103378897","2137559158","0.201681"
"2137559158","2103378897","0.201681"
"2114488082","2117668559","0.458824"
"2117668559","2114488082","0.458824"
"2114488082","2121378079","0.0588235"
"2121378079","2114488082","0.0588235"
"2114488082","2137559158","0.0588235"
"2137559158","2114488082","0.0588235"
"2114488082","2145722235","0.0588235"
"2145722235","2114488082","0.0588235"
"2114488082","2167423345","0.558824"
"2167423345","2114488082","0.558824"
"2121378079","2137559158","0.0588235"
"2137559158","2121378079","0.0588235"
"2137559158","2145722235","0.0588235"
"2145722235","2137559158","0.0588235"
"2137559158","87384950","0.201681"
"87384950","2137559158","0.201681"
"1986121650","2108196245","0.25"
"2108196245","1986121650","0.25"
"1986121650","2126169116","0.25"
"2126169116","1986121650","0.25"
"2108196245","87384950","0.35"
"87384950","2108196245","0.35"
"2126169116","87384950","0.25"
"87384950","2126169116","0.25"
"126505109","1564075167","0.75"
"1564075167","126505109","0.75"
"1564075167","2948273719","0.5"
"2948273719","1564075167","0.5"
"126505109","1559255981","0.1"
"1559255981","126505109","0.1"
"126505109","1572900211","0.1"
"1572900211","126505109","0.1"
"126505109","1658853941","0.1"
"1658853941","126505109","0.1"
"126505109","1832277845","0.1"
"1832277845","126505109","0.1"
"126505109","1851665508","0.1"
"1851665508","126505109","0.1"
"126505109","1903577715","0.1"
"1903577715","126505109","0.1"
"126505109","1984350393","0.242857"
"1984350393","126505109","0.242857"
"126505109","2005886648","0.1"
"2005886648","126505109","0.1"
"1559255981","1851665508","0.1"
"1851665508","1559255981","0.1"
"1559255981","2005886648","0.433333"
"2005886648","1559255981","0.433333"
"1559255981","2108196245","0.1"
"2108196245","1559255981","0.1"
"1572900211","1851665508","0.6"
"1851665508","1572900211","0.6"
"1572900211","2005886648","0.1"
"2005886648","1572900211","0.1"
"1572900211","2108196245","0.1"
"2108196245","1572900211","0.1"
"1658853941","1851665508","0.1"
"1851665508","1658853941","0.1"
"1658853941","2005886648","0.1"
"2005886648","1658853941","0.1"
"1658853941","2108196245","0.1"
"2108196245","1658853941","0.1"
"1832277845","1851665508","0.1"
"1851665508","1832277845","0.1"
"1832277845","2005886648","0.1"
"2005886648","1832277845","0.1"
"1832277845","2108196245","0.1"
"2108196245","1832277845","0.1"
"1851665508","1903577715","0.1"
"1903577715","1851665508","0.1"
"1851665508","1984350393","0.1"
"1984350393","1851665508","0.1"
"1851665508","2005886648","0.1"
"2005886648","1851665508","0.1"
"1851665508","2108196245","0.1"
"2108196245","1851665508","0.1"
"1851665508","87384950","0.1"
"87384950","1851665508","0.1"
"1903577715","2005886648","0.1"
"2005886648","1903577715","0.1"
"1903577715","2108196245","0.1"
"2108196245","1903577715","0.1"
"1984350393","2005886648","0.1"
"2005886648","1984350393","0.1"
"1984350393","2108196245","0.1"
"2108196245","1984350393","0.1"
"2005886648","2108196245","0.1"
"2108196245","2005886648","0.1"
"2005886648","87384950","0.1"
"87384950","2005886648","0.1"
"126505109","1972429847","0.5"
"1972429847","126505109","0.5"
"1552906779","1972429847","1.5"
"1972429847","1552906779","1.5"
"1552906779","1564075167","0.25"
"1564075167","1552906779","0.25"
"1564075167","1580559113","0.25"
"1580559113","1564075167","0.25"
"1564075167","2053307247","0.25"
"2053307247","1564075167","0.25"
"1552906779","1984350393","0.142857"
"1984350393","1552906779","0.142857"
"1984350393","1986121650","2.14286"
"1986121650","1984350393","2.14286"
"1984350393","2069087469","0.142857"
"2069087469","1984350393","0.142857"
"1984350393","2137559158","0.142857"
"2137559158","1984350393","0.142857"
"13344852","1580559113","3.25"
"1580559113","13344852","3.25"
"13344852","2145352167","2.75"
"2145352167","13344852","2.75"
"13344852","1972429847","1.25"
"1972429847","13344852","1.25"
"13344852","2121008990","0.25"
"2121008990","13344852","0.25"
"1580559113","1972429847","0.25"
"1972429847","1580559113","0.25"
"1580559113","2121008990","1.75"
"2121008990","1580559113","1.75"
"1580559113","2145352167","2.75"
"2145352167","1580559113","2.75"
"1972429847","2121008990","0.25"
"2121008990","1972429847","0.25"
"1972429847","2145352167","1.25"
"2145352167","1972429847","1.25"
"2121008990","2145352167","1.75"
"2145352167","2121008990","1.75"
"13344852","2005886648","0.5"
"2005886648","13344852","0.5"
"2005886648","2145352167","0.5"
"2145352167","2005886648","0.5"
"1433255219","1688725932","1"
"1688725932","1433255219","1"
"1433255219","1582716752","0.75"
"1582716752","1433255219","0.75"
"1433255219","2019814385","4.43333"
"2019814385","1433255219","4.43333"
"1582716752","2019814385","0.5"
"2019814385","1582716752","0.5"
"1433255219","2518060702","4.58333"
"2518060702","1433255219","4.58333"
"1433255219","2612281133","1.53333"
"2612281133","1433255219","1.53333"
"1433255219","2793937183","1.3"
"2793937183","1433255219","1.3"
"2518060702","2612281133","3.33333"
"2612281133","2518060702","3.33333"
"2518060702","2793937183","0.5"
"2793937183","2518060702","0.5"
"2612281133","2793937183","1.03333"
"2793937183","2612281133","1.03333"
"1433255219","1985752637","3.88333"
"1985752637","1433255219","3.88333"
"1433255219","2014390890","1.85"
"2014390890","1433255219","1.85"
"1433255219","2491928626","4.63333"
"2491928626","1433255219","4.63333"
"1985752637","2014390890","2.26667"
"2014390890","1985752637","2.26667"
"1985752637","2019814385","1.76667"
"2019814385","1985752637","1.76667"
"1985752637","2491928626","3.55"
"2491928626","1985752637","3.55"
"1985752637","2793937183","0.966667"
"2793937183","1985752637","0.966667"
"2014390890","2019814385","1.1"
"2019814385","2014390890","1.1"
"2014390890","2491928626","1.26667"
"2491928626","2014390890","1.26667"
"2014390890","2793937183","1.26667"
"2793937183","2014390890","1.26667"
"2019814385","2491928626","1.26667"
"2491928626","2019814385","1.26667"
"2019814385","2793937183","0.766667"
"2793937183","2019814385","0.766667"
"2491928626","2793937183","0.966667"
"2793937183","2491928626","0.966667"
"1985752637","2518060702","2.41667"
"2518060702","1985752637","2.41667"
"2014390890","2518060702","0.916667"
"2518060702","2014390890","0.916667"
"2491928626","2518060702","2.16667"
"2518060702","2491928626","2.16667"
"1433255219","2199478250","0.583333"
"2199478250","1433255219","0.583333"
"2199478250","2491928626","1.25"
"2491928626","2199478250","1.25"
"2199478250","2518060702","1.25"
"2518060702","2199478250","1.25"
"2199478250","2612281133","2.25"
"2612281133","2199478250","2.25"
"2491928626","2612281133","3.36667"
"2612281133","2491928626","3.36667"
"1433255219","1539275741","1"
"1539275741","1433255219","1"
"1433255219","2296051993","0.25"
"2296051993","1433255219","0.25"
"1582716752","2014390890","1.75"
"2014390890","1582716752","1.75"
"1582716752","2296051993","0.75"
"2296051993","1582716752","0.75"
"1582716752","2518060702","0.25"
"2518060702","1582716752","0.25"
"2014390890","2296051993","0.75"
"2296051993","2014390890","0.75"
"2296051993","2518060702","0.583333"
"2518060702","2296051993","0.583333"
"2019814385","2518060702","0.666667"
"2518060702","2019814385","0.666667"
"1433255219","2772333951","0.2"
"2772333951","1433255219","0.2"
"1985752637","2612281133","0.616667"
"2612281133","1985752637","0.616667"
"1985752637","2772333951","0.366667"
"2772333951","1985752637","0.366667"
"2491928626","2772333951","0.366667"
"2772333951","2491928626","0.366667"
"2612281133","2772333951","0.866667"
"2772333951","2612281133","0.866667"
"2772333951","2793937183","1.7"
"2793937183","2772333951","1.7"
"2014390890","2199478250","0.333333"
"2199478250","2014390890","0.333333"
"2019814385","2199478250","0.333333"
"2199478250","2019814385","0.333333"
"1469795891","2091939272","0.166667"
"2091939272","1469795891","0.166667"
"1469795891","2514974017","2.5"
"2514974017","1469795891","2.5"
"1469795891","2574017551","0.166667"
"2574017551","1469795891","0.166667"
"1469795891","2743785204","0.166667"
"2743785204","1469795891","0.166667"
"1469795891","2753332081","0.166667"
"2753332081","1469795891","0.166667"
"1469795891","2949737282","0.166667"
"2949737282","1469795891","0.166667"
"2091939272","2574017551","0.95"
"2574017551","2091939272","0.95"
"2091939272","2743785204","0.166667"
"2743785204","2091939272","0.166667"
"2091939272","2753332081","0.666667"
"2753332081","2091939272","0.666667"
"2091939272","2949737282","0.166667"
