"113209261","2171288055","1.14286"
"2171288055","113209261","1.14286"
"113209261","2113404383","1.14286"
"2113404383","113209261","1.14286"
"113209261","1533109710","0.142857"
"1533109710","113209261","0.142857"
"113209261","2063524091","0.142857"
"2063524091","113209261","0.142857"
"113209261","2125578272","0.142857"
"2125578272","113209261","0.142857"
"113209261","2171286195","0.142857"
"2171286195","113209261","0.142857"
"113209261","65342078","0.142857"
"65342078","113209261","0.142857"
"1533109710","2063524091","0.642857"
"2063524091","1533109710","0.642857"
"1533109710","2113404383","15.8095"
"2113404383","1533109710","15.8095"
"1533109710","2125578272","0.142857"
"2125578272","1533109710","0.142857"
"1533109710","2171286195","0.642857"
"2171286195","1533109710","0.642857"
"1533109710","2171288055","0.142857"
"2171288055","1533109710","0.142857"
"1533109710","65342078","1.80952"
"65342078","1533109710","1.80952"
"2063524091","2113404383","1.14286"
"2113404383","2063524091","1.14286"
"2063524091","2125578272","0.142857"
"2125578272","2063524091","0.142857"
"2063524091","2171286195","0.642857"
"2171286195","2063524091","0.642857"
"2063524091","2171288055","1.64286"
"2171288055","2063524091","1.64286"
"2063524091","65342078","0.642857"
"65342078","2063524091","0.642857"
"2113404383","2125578272","1.14286"
"2125578272","2113404383","1.14286"
"2113404383","2171286195","1.80952"
"2171286195","2113404383","1.80952"
"2113404383","2171288055","2.47619"
"2171288055","2113404383","2.47619"
"2113404383","65342078","22.3512"
"65342078","2113404383","22.3512"
"2125578272","2171286195","0.142857"
"2171286195","2125578272","0.142857"
"2125578272","2171288055","0.142857"
"2171288055","2125578272","0.142857"
"2125578272","65342078","0.142857"
"65342078","2125578272","0.142857"
"2171286195","2171288055","1.97619"
"2171288055","2171286195","1.97619"
"2171286195","65342078","1.30952"
"65342078","2171286195","1.30952"
"2171288055","65342078","0.97619"
"65342078","2171288055","0.97619"
"119885048","2407999163","2"
"2407999163","119885048","2"
"119885048","2150959861","1"
"2150959861","119885048","1"
"1238626041","2125578272","4"
"2125578272","1238626041","4"
"1238626041","1592625985","0.5"
"1592625985","1238626041","0.5"
"1238626041","2026436569","0.5"
"2026436569","1238626041","0.5"
"1592625985","2026436569","0.833333"
"2026436569","1592625985","0.833333"
"125279808","145782308","0.166667"
"145782308","125279808","0.166667"
"125279808","2096943376","0.166667"
"2096943376","125279808","0.166667"
"125279808","2113404383","0.166667"
"2113404383","125279808","0.166667"
"125279808","2119736157","0.166667"
"2119736157","125279808","0.166667"
"125279808","2134716394","0.166667"
"2134716394","125279808","0.166667"
"125279808","2184460067","0.166667"
"2184460067","125279808","0.166667"
"145782308","2096943376","1.5"
"2096943376","145782308","1.5"
"145782308","2113404383","0.166667"
"2113404383","145782308","0.166667"
"145782308","2119736157","1.03333"
"2119736157","145782308","1.03333"
"145782308","2134716394","0.95"
"2134716394","145782308","0.95"
"145782308","2184460067","4.45"
"2184460067","145782308","4.45"
"2096943376","2113404383","2.29167"
"2113404383","2096943376","2.29167"
"2096943376","2119736157","0.75"
"2119736157","2096943376","0.75"
"2096943376","2134716394","0.416667"
"2134716394","2096943376","0.416667"
"2096943376","2184460067","0.666667"
"2184460067","2096943376","0.666667"
"2113404383","2119736157","0.166667"
"2119736157","2113404383","0.166667"
"2113404383","2134716394","0.166667"
"2134716394","2113404383","0.166667"
"2113404383","2184460067","0.166667"
"2184460067","2113404383","0.166667"
"2119736157","2134716394","1.11667"
"2134716394","2119736157","1.11667"
"2119736157","2184460067","2.61667"
"2184460067","2119736157","2.61667"
"2134716394","2184460067","1.31667"
"2184460067","2134716394","1.31667"
"125279808","2137223022","2"
"2137223022","125279808","2"
"125279808","1510516687","0.5"
"1510516687","125279808","0.5"
"125279808","74184291","0.5"
"74184291","125279808","0.5"
"1510516687","74184291","11.4583"
"74184291","1510516687","11.4583"
"125279808","1628063087","1"
"1628063087","125279808","1"
"12540587","1489067988","0.611111"
"1489067988","12540587","0.611111"
"12540587","1510516687","3.2873"
"1510516687","12540587","3.2873"
"12540587","2033811191","0.953968"
"2033811191","12540587","0.953968"
"12540587","2124020982","0.277778"
"2124020982","12540587","0.277778"
"12540587","2168552474","1.50794"
"2168552474","12540587","1.50794"
"12540587","2486441166","0.166667"
"2486441166","12540587","0.166667"
"1489067988","1510516687","3.36111"
"1510516687","1489067988","3.36111"
"1489067988","2033811191","1.44444"
"2033811191","1489067988","1.44444"
"1489067988","2124020982","0.277778"
"2124020982","1489067988","0.277778"
"1489067988","2168552474","0.361111"
"2168552474","1489067988","0.361111"
"1489067988","2486441166","0.166667"
"2486441166","1489067988","0.166667"
"1510516687","2033811191","13.2885"
"2033811191","1510516687","13.2885"
"1510516687","2124020982","2.14444"
"2124020982","1510516687","2.14444"
"1510516687","2168552474","1.62302"
"2168552474","1510516687","1.62302"
"1510516687","2486441166","0.366667"
"2486441166","1510516687","0.366667"
"2033811191","2124020982","2.47778"
"2124020982","2033811191","2.47778"
"2033811191","2168552474","0.938492"
"2168552474","2033811191","0.938492"
"2033811191","2486441166","0.366667"
"2486441166","2033811191","0.366667"
"2124020982","2168552474","0.444444"
"2168552474","2124020982","0.444444"
"2124020982","2486441166","0.166667"
"2486441166","2124020982","0.166667"
"2168552474","2486441166","0.166667"
"2486441166","2168552474","0.166667"
"12540587","2021124779","0.7"
"2021124779","12540587","0.7"
"12540587","2735084822","0.777778"
"2735084822","12540587","0.777778"
"1510516687","2021124779","2.81667"
"2021124779","1510516687","2.81667"
"1510516687","2735084822","1.12063"
"2735084822","1510516687","1.12063"
"2021124779","2735084822","0.333333"
"2735084822","2021124779","0.333333"
"12540587","2107643854","0.453968"
"2107643854","12540587","0.453968"
"12540587","2123437505","0.311111"
"2123437505","12540587","0.311111"
"12540587","2604764484","0.396825"
"2604764484","12540587","0.396825"
"12540587","2741480773","0.253968"
"2741480773","12540587","0.253968"
"12540587","2785898071","0.111111"
"2785898071","12540587","0.111111"
"12540587","2952718464","0.253968"
"2952718464","12540587","0.253968"
"12540587","2952961700","0.396825"
"2952961700","12540587","0.396825"
"12540587","794140516","0.253968"
"794140516","12540587","0.253968"
"2107643854","2123437505","0.686111"
"2123437505","2107643854","0.686111"
"2107643854","2168552474","0.396825"
"2168552474","2107643854","0.396825"
"2107643854","2604764484","0.855159"
"2604764484","2107643854","0.855159"
"2107643854","2741480773","0.578968"
"2741480773","2107643854","0.578968"
"2107643854","2785898071","0.111111"
"2785898071","2107643854","0.111111"
"2107643854","2952718464","0.253968"
"2952718464","2107643854","0.253968"
"2107643854","2952961700","0.855159"
"2952961700","2107643854","0.855159"
"2107643854","794140516","0.378968"
"794140516","2107643854","0.378968"
"2123437505","2168552474","0.486111"
"2168552474","2123437505","0.486111"
"2123437505","2604764484","0.444444"
"2604764484","2123437505","0.444444"
"2123437505","2741480773","0.236111"
"2741480773","2123437505","0.236111"
"2123437505","2785898071","0.111111"
"2785898071","2123437505","0.111111"
"2123437505","2952718464","0.194444"
"2952718464","2123437505","0.194444"
"2123437505","2952961700","0.319444"
"2952961700","2123437505","0.319444"
"2123437505","794140516","0.444444"
"794140516","2123437505","0.444444"
"2168552474","2604764484","0.914683"
"2604764484","2168552474","0.914683"
"2168552474","2741480773","0.563492"
"2741480773","2168552474","0.563492"
"2168552474","2785898071","0.277778"
"2785898071","2168552474","0.277778"
"2168552474","2952718464","0.646825"
"2952718464","2168552474","0.646825"
"2168552474","2952961700","0.789683"
"2952961700","2168552474","0.789683"
"2168552474","794140516","0.771825"
"794140516","2168552474","0.771825"
"2604764484","2741480773","1.88849"
"2741480773","2604764484","1.88849"
"2604764484","2785898071","2.97778"
"2785898071","2604764484","2.97778"
"2604764484","2952718464","3.51349"
"2952718464","2604764484","3.51349"
"2604764484","2952961700","13.1147"
"2952961700","2604764484","13.1147"
"2604764484","794140516","8.76349"
"794140516","2604764484","8.76349"
"2741480773","2785898071","0.477778"
"2785898071","2741480773","0.477778"
"2741480773","2952718464","1.76349"
"2952718464","2741480773","1.76349"
"2741480773","2952961700","1.88849"
"2952961700","2741480773","1.88849"
"2741480773","794140516","2.88849"
"794140516","2741480773","2.88849"
"2785898071","2952718464","0.477778"
"2952718464","2785898071","0.477778"
"2785898071","2952961700","0.977778"
"2952961700","2785898071","0.977778"
"2785898071","794140516","0.477778"
"794140516","2785898071","0.477778"
"2952718464","2952961700","3.51349"
"2952961700","2952718464","3.51349"
"2952718464","794140516","17.8468"
"794140516","2952718464","17.8468"
"2952961700","794140516","3.63849"
"794140516","2952961700","3.63849"
"12540587","146932325","0.277778"
"146932325","12540587","0.277778"
"12540587","1549816677","0.111111"
"1549816677","12540587","0.111111"
"12540587","2148279836","0.277778"
"2148279836","12540587","0.277778"
"146932325","1489067988","0.111111"
"1489067988","146932325","0.111111"
"146932325","1510516687","1.42063"
"1510516687","146932325","1.42063"
"146932325","1549816677","12.7373"
"1549816677","146932325","12.7373"
"146932325","2033811191","0.611111"
"2033811191","146932325","0.611111"
"146932325","2124020982","0.111111"
"2124020982","146932325","0.111111"
"146932325","2148279836","14.404"
"2148279836","146932325","14.404"
"146932325","2168552474","0.111111"
"2168552474","146932325","0.111111"
"146932325","2735084822","0.503968"
"2735084822","146932325","0.503968"
"1489067988","1549816677","0.111111"
"1549816677","1489067988","0.111111"
"1489067988","2148279836","0.111111"
"2148279836","1489067988","0.111111"
"1489067988","2735084822","0.111111"
"2735084822","1489067988","0.111111"
"1510516687","1549816677","0.253968"
"1549816677","1510516687","0.253968"
"1510516687","2148279836","0.420635"
"2148279836","1510516687","0.420635"
"1549816677","2033811191","0.111111"
"2033811191","1549816677","0.111111"
"1549816677","2124020982","0.111111"
"2124020982","1549816677","0.111111"
"1549816677","2148279836","12.7373"
"2148279836","1549816677","12.7373"
"1549816677","2168552474","0.111111"
"2168552474","1549816677","0.111111"
"1549816677","2735084822","0.503968"
"2735084822","1549816677","0.503968"
"2033811191","2148279836","0.111111"
"2148279836","2033811191","0.111111"
"2033811191","2735084822","0.311111"
"2735084822","2033811191","0.311111"
"2124020982","2148279836","0.111111"
"2148279836","2124020982","0.111111"
"2124020982","2735084822","0.111111"
"2735084822","2124020982","0.111111"
"2148279836","2168552474","0.111111"
"2168552474","2148279836","0.111111"
"2148279836","2735084822","0.503968"
"2735084822","2148279836","0.503968"
"2168552474","2735084822","1.44444"
"2735084822","2168552474","1.44444"
"12540587","2752894517","0.142857"
"2752894517","12540587","0.142857"
"2168552474","2752894517","0.142857"
"2752894517","2168552474","0.142857"
"2604764484","2752894517","0.142857"
"2752894517","2604764484","0.142857"
"2741480773","2752894517","0.142857"
"2752894517","2741480773","0.142857"
"2752894517","2952718464","0.642857"
"2952718464","2752894517","0.642857"
"2752894517","2952961700","0.142857"
"2952961700","2752894517","0.142857"
"2752894517","794140516","1.14286"
"794140516","2752894517","1.14286"
"12540587","2536198208","0.142857"
"2536198208","12540587","0.142857"
"1510516687","2107643854","4.47738"
"2107643854","1510516687","4.47738"
"1510516687","2536198208","0.702381"
"2536198208","1510516687","0.702381"
"1510516687","2604764484","0.494048"
"2604764484","1510516687","0.494048"
"1510516687","2952961700","0.494048"
"2952961700","1510516687","0.494048"
"2033811191","2107643854","1.16786"
"2107643854","2033811191","1.16786"
"2033811191","2536198208","0.494048"
"2536198208","2033811191","0.494048"
"2033811191","2604764484","0.47619"
"2604764484","2033811191","0.47619"
"2033811191","2952961700","0.35119"
"2952961700","2033811191","0.35119"
"2107643854","2536198208","0.142857"
"2536198208","2107643854","0.142857"
"2168552474","2536198208","1.49405"
"2536198208","2168552474","1.49405"
"2536198208","2604764484","0.35119"
"2604764484","2536198208","0.35119"
"2536198208","2952961700","0.22619"
"2952961700","2536198208","0.22619"
"1510516687","2123437505","0.783333"
"2123437505","1510516687","0.783333"
"2021124779","2033811191","1.98333"
"2033811191","2021124779","1.98333"
"2021124779","2107643854","1.81667"
"2107643854","2021124779","1.81667"
"2021124779","2123437505","0.2"
"2123437505","2021124779","0.2"
"2033811191","2123437505","0.95"
"2123437505","2033811191","0.95"
"12540587","2096802854","0.166667"
"2096802854","12540587","0.166667"
"12540587","2189046717","0.166667"
"2189046717","12540587","0.166667"
"146932325","2021124779","0.5"
"2021124779","146932325","0.5"
"146932325","2096802854","0.666667"
"2096802854","146932325","0.666667"
"146932325","2189046717","7.00952"
"2189046717","146932325","7.00952"
"1510516687","2096802854","1.29167"
"2096802854","1510516687","1.29167"
"1510516687","2189046717","0.309524"
"2189046717","1510516687","0.309524"
"2021124779","2096802854","1.16667"
"2096802854","2021124779","1.16667"
"2021124779","2148279836","0.5"
"2148279836","2021124779","0.5"
"2021124779","2189046717","0.166667"
"2189046717","2021124779","0.166667"
"2096802854","2148279836","0.666667"
"2148279836","2096802854","0.666667"
"2096802854","2189046717","2.25"
"2189046717","2096802854","2.25"
"2148279836","2189046717","1.75952"
"2189046717","2148279836","1.75952"
"1427242644","1628063087","2"
"1628063087","1427242644","2"
"1429241971","2159216827","8.5"
"2159216827","1429241971","8.5"
"1429241971","2735704859","4.5"
"2735704859","1429241971","4.5"
"2159216827","2735704859","0.5"
"2735704859","2159216827","0.5"
"1429241971","2712394495","5"
"2712394495","1429241971","5"
"2159216827","2712394495","2"
"2712394495","2159216827","2"
"145782308","1565113942","0.4"
"1565113942","145782308","0.4"
"145782308","1994588724","0.2"
"1994588724","145782308","0.2"
"145782308","2123886726","0.2"
"2123886726","145782308","0.2"
"145782308","36948825","0.2"
"36948825","145782308","0.2"
"1565113942","1994588724","1.2"
"1994588724","1565113942","1.2"
"1565113942","2119736157","1.06667"
"2119736157","1565113942","1.06667"
"1565113942","2123886726","1.2"
"2123886726","1565113942","1.2"
"1565113942","36948825","0.2"
"36948825","1565113942","0.2"
"1994588724","2119736157","0.2"
"2119736157","1994588724","0.2"
"1994588724","2123886726","0.2"
"2123886726","1994588724","0.2"
"1994588724","36948825","2.09286"
"36948825","1994588724","2.09286"
"2119736157","2123886726","0.7"
"2123886726","2119736157","0.7"
"2119736157","36948825","0.2"
"36948825","2119736157","0.2"
"2123886726","36948825","0.2"
"36948825","2123886726","0.2"
"145782308","2096802854","0.333333"
"2096802854","145782308","0.333333"
"2096802854","2096943376","0.958333"
"2096943376","2096802854","0.958333"
"2096802854","2119736157","0.333333"
"2119736157","2096802854","0.333333"
"145782308","2112504626","0.45"
"2112504626","145782308","0.45"
"145782308","2170458715","0.45"
"2170458715","145782308","0.45"
"2112504626","2134716394","1.81667"
"2134716394","2112504626","1.81667"
"2112504626","2170458715","19.5667"
"2170458715","2112504626","19.5667"
"2112504626","2184460067","1.56667"
"2184460067","2112504626","1.56667"
"2134716394","2170458715","1.81667"
"2170458715","2134716394","1.81667"
"2170458715","2184460067","1.56667"
"2184460067","2170458715","1.56667"
"1565113942","2112504626","0.566667"
"2112504626","1565113942","0.566667"
"1565113942","2134716394","0.566667"
"2134716394","1565113942","0.566667"
"1565113942","2170458715","0.566667"
"2170458715","1565113942","0.566667"
"1565113942","2184460067","8.06667"
"2184460067","1565113942","8.06667"
"145782308","2171286195","0.5"
"2171286195","145782308","0.5"
"2171286195","2184460067","2.5"
"2184460067","2171286195","2.5"
"146932325","2113247363","25.2929"
"2113247363","146932325","25.2929"
"2113247363","2189046717","9.84286"
"2189046717","2113247363","9.84286"
"146932325","1507912691","4.54286"
"1507912691","146932325","4.54286"
"1507912691","2148279836","4.54286"
"2148279836","1507912691","4.54286"
"1507912691","1549816677","3.54286"
"1549816677","1507912691","3.54286"
"146932325","1955645522","0.5"
"1955645522","146932325","0.5"
"1955645522","2113247363","0.5"
"2113247363","1955645522","0.5"
"1507912691","2113247363","1.15952"
"2113247363","1507912691","1.15952"
"1549816677","2113247363","1.54286"
"2113247363","1549816677","1.54286"
"2113247363","2148279836","2.04286"
"2148279836","2113247363","2.04286"
"1510516687","2113247363","0.842857"
"2113247363","1510516687","0.842857"
"146932325","2184460067","0.333333"
"2184460067","146932325","0.333333"
"2113247363","2184460067","0.333333"
"2184460067","2113247363","0.333333"
"2184460067","2189046717","0.333333"
"2189046717","2184460067","0.333333"
"146932325","1628063087","0.333333"
"1628063087","146932325","0.333333"
"1628063087","2113247363","0.333333"
"2113247363","1628063087","0.333333"
"1628063087","2189046717","0.333333"
"2189046717","1628063087","0.333333"
"1507912691","2189046717","0.759524"
"2189046717","1507912691","0.759524"
"1549816677","2189046717","1.59286"
"2189046717","1549816677","1.59286"
"146932325","2486441166","0.366667"
"2486441166","146932325","0.366667"
"1507912691","2486441166","0.566667"
"2486441166","1507912691","0.566667"
"1549816677","2486441166","0.366667"
"2486441166","1549816677","0.366667"
"2113247363","2486441166","0.566667"
"2486441166","2113247363","0.566667"
"2148279836","2486441166","0.366667"
"2486441166","2148279836","0.366667"
"2189046717","2486441166","0.166667"
"2486441166","2189046717","0.166667"
"1549816677","2096802854","0.5"
"2096802854","1549816677","0.5"
"2096802854","2735084822","0.583333"
"2735084822","2096802854","0.583333"
"146932325","1994588724","0.75"
"1994588724","146932325","0.75"
"146932325","2094245295","0.75"
"2094245295","146932325","0.75"
"1994588724","2094245295","1.22619"
"2094245295","1994588724","1.22619"
"146932325","2171286195","1"
"2171286195","146932325","1"
"146932325","2400084013","0.333333"
"2400084013","146932325","0.333333"
"2113247363","2400084013","0.333333"
"2400084013","2113247363","0.333333"
"2189046717","2400084013","0.333333"
"2400084013","2189046717","0.333333"
"1994588724","2113247363","0.75"
"2113247363","1994588724","0.75"
"1994588724","2189046717","0.25"
"2189046717","1994588724","0.25"
"2094245295","2113247363","0.25"
"2113247363","2094245295","0.25"
"2094245295","2189046717","0.25"
"2189046717","2094245295","0.25"
"1507912691","1510516687","0.342857"
"1510516687","1507912691","0.342857"
"1507912691","2735084822","0.342857"
"2735084822","1507912691","0.342857"
"2113247363","2735084822","0.342857"
"2735084822","2113247363","0.342857"
"2189046717","2735084822","0.47619"
"2735084822","2189046717","0.47619"
"146932325","2142145056","0.333333"
"2142145056","146932325","0.333333"
"1549816677","2142145056","0.333333"
"2142145056","1549816677","0.333333"
"2142145056","2148279836","0.333333"
"2148279836","2142145056","0.333333"
"1549816677","2021124779","0.333333"
"2021124779","1549816677","0.333333"
"1481782694","1516699468","1"
"1516699468","1481782694","1"
"1485497075","2134011023","1"
"2134011023","1485497075","1"
"1489067988","2536198208","0.416667"
"2536198208","1489067988","0.416667"
"1489067988","74184291","0.833333"
"74184291","1489067988","0.833333"
"2536198208","74184291","0.458333"
"74184291","2536198208","0.458333"
"1489067988","2114275288","0.583333"
"2114275288","1489067988","0.583333"
"1489067988","794140516","0.416667"
"794140516","1489067988","0.416667"
"1510516687","2114275288","8.80952"
"2114275288","1510516687","8.80952"
"1510516687","794140516","1.01786"
"794140516","1510516687","1.01786"
"2114275288","794140516","0.333333"
"794140516","2114275288","0.333333"
"1489067988","1994588724","0.333333"
"1994588724","1489067988","0.333333"
"1489067988","2142145056","0.333333"
"2142145056","1489067988","0.333333"
"1994588724","2033811191","0.72619"
"2033811191","1994588724","0.72619"
"1994588724","2114275288","1.39286"
"2114275288","1994588724","1.39286"
"1994588724","2142145056","0.333333"
"2142145056","1994588724","0.333333"
"2033811191","2114275288","0.559524"
"2114275288","2033811191","0.559524"
"2033811191","2142145056","0.5"
"2142145056","2033811191","0.5"
"2114275288","2142145056","0.416667"
"2142145056","2114275288","0.416667"
"1489067988","2094245295","0.0833333"
"2094245295","1489067988","0.0833333"
"1489067988","2123437505","0.0833333"
"2123437505","1489067988","0.0833333"
"1489067988","2604764484","0.0833333"
"2604764484","1489067988","0.0833333"
"1489067988","2952718464","0.0833333"
"2952718464","1489067988","0.0833333"
"1489067988","2952961700","0.0833333"
"2952961700","1489067988","0.0833333"
"1510516687","1994588724","0.47619"
"1994588724","1510516687","0.47619"
"1510516687","2094245295","0.934524"
"2094245295","1510516687","0.934524"
"1510516687","2142145056","0.0833333"
"2142145056","1510516687","0.0833333"
"1510516687","2952718464","0.559524"
"2952718464","1510516687","0.559524"
"1994588724","2123437505","0.0833333"
"2123437505","1994588724","0.0833333"
"1994588724","2168552474","0.22619"
"2168552474","1994588724","0.22619"
"1994588724","2536198208","0.22619"
"2536198208","1994588724","0.22619"
"1994588724","2604764484","0.0833333"
"2604764484","1994588724","0.0833333"
"1994588724","2952718464","0.0833333"
"2952718464","1994588724","0.0833333"
"1994588724","2952961700","0.0833333"
"2952961700","1994588724","0.0833333"
"1994588724","794140516","0.0833333"
"794140516","1994588724","0.0833333"
"2033811191","2094245295","0.72619"
"2094245295","2033811191","0.72619"
"2033811191","2952718464","0.416667"
"2952718464","2033811191","0.416667"
"2033811191","794140516","0.666667"
"794140516","2033811191","0.666667"
"2094245295","2123437505","1.33333"
"2123437505","2094245295","1.33333"
"2094245295","2142145056","0.0833333"
"2142145056","2094245295","0.0833333"
"2094245295","2168552474","1.85119"
"2168552474","2094245295","1.85119"
"2094245295","2536198208","0.35119"
"2536198208","2094245295","0.35119"
"2094245295","2604764484","0.333333"
"2604764484","2094245295","0.333333"
"2094245295","2952718464","0.0833333"
"2952718464","2094245295","0.0833333"
"2094245295","2952961700","0.208333"
"2952961700","2094245295","0.208333"
"2094245295","794140516","0.333333"
"794140516","2094245295","0.333333"
"2123437505","2142145056","2.25"
"2142145056","2123437505","2.25"
"2123437505","2536198208","0.208333"
"2536198208","2123437505","0.208333"
"2142145056","2168552474","2.25"
"2168552474","2142145056","2.25"
"2142145056","2536198208","0.0833333"
"2536198208","2142145056","0.0833333"
"2142145056","2604764484","0.0833333"
"2604764484","2142145056","0.0833333"
"2142145056","2952718464","0.0833333"
"2952718464","2142145056","0.0833333"
"2142145056","2952961700","0.0833333"
"2952961700","2142145056","0.0833333"
"2142145056","794140516","0.0833333"
"794140516","2142145056","0.0833333"
"2536198208","2952718464","0.0833333"
"2952718464","2536198208","0.0833333"
"2536198208","794140516","0.208333"
"794140516","2536198208","0.208333"
"1493649314","2152693711","1.5"
"2152693711","1493649314","1.5"
"1493649314","2058098987","0.5"
"2058098987","1493649314","0.5"
"1493649314","2134011023","1"
"2134011023","1493649314","1"
"2058098987","2134011023","0.5"
"2134011023","2058098987","0.5"
"1493649314","1592625985","0.5"
"1592625985","1493649314","0.5"
"1493649314","1760332327","0.5"
"1760332327","1493649314","0.5"
"1592625985","1760332327","1.5"
"1760332327","1592625985","1.5"
"2134011023","2152693711","0.5"
"2152693711","2134011023","0.5"
"1496386159","1516699468","1.91667"
"1516699468","1496386159","1.91667"
"1496386159","1566796882","0.75"
"1566796882","1496386159","0.75"
"1496386159","1890449996","0.75"
"1890449996","1496386159","0.75"
"1496386159","52191336","0.833333"
"52191336","1496386159","0.833333"
"1566796882","1890449996","14.4167"
"1890449996","1566796882","14.4167"
"1566796882","52191336","0.916667"
"52191336","1566796882","0.916667"
"1890449996","52191336","0.916667"
"52191336","1890449996","0.916667"
"1496386159","1713730743","0.416667"
"1713730743","1496386159","0.416667"
"1516699468","1566796882","1.41667"
"1566796882","1516699468","1.41667"
"1516699468","1713730743","1.16667"
"1713730743","1516699468","1.16667"
"1516699468","1890449996","1.41667"
"1890449996","1516699468","1.41667"
"1566796882","1713730743","0.666667"
"1713730743","1566796882","0.666667"
"1713730743","1890449996","0.666667"
"1890449996","1713730743","0.666667"
"1496386159","2913212653","0.666667"
"2913212653","1496386159","0.666667"
"2913212653","52191336","0.75"
"52191336","2913212653","0.75"
"1496386159","1546907539","0.666667"
"1546907539","1496386159","0.666667"
"1516699468","1546907539","11.6667"
"1546907539","1516699468","11.6667"
"1516699468","2913212653","1.41667"
"2913212653","1516699468","1.41667"
"1546907539","1566796882","1.5"
"1566796882","1546907539","1.5"
"1546907539","1713730743","2.91667"
"1713730743","1546907539","2.91667"
"1546907539","1890449996","1.5"
"1890449996","1546907539","1.5"
"1546907539","2913212653","2.66667"
"2913212653","1546907539","2.66667"
"1566796882","2913212653","1.16667"
"2913212653","1566796882","1.16667"
"1713730743","2913212653","0.166667"
"2913212653","1713730743","0.166667"
"1890449996","2913212653","1.16667"
"2913212653","1890449996","1.16667"
"1506510492","2171286195","1"
"2171286195","1506510492","1"
"1507912691","2033811191","0.2"
"2033811191","1507912691","0.2"
"2033811191","2113247363","0.2"
"2113247363","2033811191","0.2"
"2486441166","2735084822","0.2"
"2735084822","2486441166","0.2"
"1510516687","2741480773","1.46786"
"2741480773","1510516687","1.46786"
"1510516687","2400216756","1.125"
"2400216756","1510516687","1.125"
"2400216756","74184291","0.625"
"74184291","2400216756","0.625"
"1510516687","24839522","2"
"24839522","1510516687","2"
"1510516687","2137223022","1.125"
"2137223022","1510516687","1.125"
"2137223022","2400216756","2.45833"
"2400216756","2137223022","2.45833"
"2107643854","2124020982","2.7"
"2124020982","2107643854","2.7"
"2123437505","2124020982","0.416667"
"2124020982","2123437505","0.416667"
"1510516687","36948825","0.72619"
"36948825","1510516687","0.72619"
"2094245295","2114275288","0.47619"
"2114275288","2094245295","0.47619"
"2094245295","36948825","2.35119"
"36948825","2094245295","2.35119"
"2114275288","36948825","0.47619"
"36948825","2114275288","0.47619"
"1510516687","2752894517","0.5"
"2752894517","1510516687","0.5"
"2033811191","2752894517","0.5"
"2752894517","2033811191","0.5"
"2021124779","2124020982","3.95"
"2124020982","2021124779","3.95"
"2137223022","74184291","0.875"
"74184291","2137223022","0.875"
"2033811191","36948825","0.517857"
"36948825","2033811191","0.517857"
"2021124779","2741480773","0.533333"
"2741480773","2021124779","0.533333"
"2033811191","2741480773","0.658333"
"2741480773","2033811191","0.658333"
"2124020982","2741480773","0.533333"
"2741480773","2124020982","0.533333"
"2094245295","2107643854","0.125"
"2107643854","2094245295","0.125"
"2094245295","2741480773","0.125"
"2741480773","2094245295","0.125"
"1510516687","2123886726","0.333333"
"2123886726","1510516687","0.333333"
"1510516687","2128130966","0.333333"
"2128130966","1510516687","0.333333"
"1510516687","65342078","0.458333"
"65342078","1510516687","0.458333"
"2123886726","2128130966","0.333333"
"2128130966","2123886726","0.333333"
"2123886726","65342078","0.333333"
"65342078","2123886726","0.333333"
"2128130966","65342078","0.333333"
"65342078","2128130966","0.333333"
"1510516687","2096943376","0.125"
"2096943376","1510516687","0.125"
"1510516687","2113404383","0.125"
"2113404383","1510516687","0.125"
"2096802854","2113404383","0.125"
"2113404383","2096802854","0.125"
"2096802854","2123437505","0.125"
"2123437505","2096802854","0.125"
"2096802854","2137223022","0.125"
"2137223022","2096802854","0.125"
"2096802854","2400216756","0.625"
"2400216756","2096802854","0.625"
"2096802854","65342078","0.125"
"65342078","2096802854","0.125"
"2096802854","74184291","0.125"
"74184291","2096802854","0.125"
"2096943376","2123437505","0.125"
"2123437505","2096943376","0.125"
"2096943376","2137223022","0.125"
"2137223022","2096943376","0.125"
"2096943376","2400216756","1.125"
"2400216756","2096943376","1.125"
"2096943376","65342078","0.125"
"65342078","2096943376","0.125"
"2096943376","74184291","0.125"
"74184291","2096943376","0.125"
"2113404383","2123437505","0.125"
"2123437505","2113404383","0.125"
"2113404383","2137223022","0.125"
"2137223022","2113404383","0.125"
"2113404383","2400216756","0.125"
"2400216756","2113404383","0.125"
"2113404383","74184291","0.125"
"74184291","2113404383","0.125"
"2123437505","2137223022","0.375"
"2137223022","2123437505","0.375"
"2123437505","2400216756","0.125"
"2400216756","2123437505","0.125"
"2123437505","65342078","0.125"
"65342078","2123437505","0.125"
"2123437505","74184291","0.666667"
"74184291","2123437505","0.666667"
"2137223022","65342078","0.125"
"65342078","2137223022","0.125"
"2400216756","65342078","0.125"
"65342078","2400216756","0.125"
"65342078","74184291","0.125"
"74184291","65342078","0.125"
"2114275288","2168552474","0.309524"
"2168552474","2114275288","0.309524"
"2114275288","2536198208","0.142857"
"2536198208","2114275288","0.142857"
"2168552474","36948825","0.767857"
"36948825","2168552474","0.767857"
"2536198208","36948825","0.267857"
"36948825","2536198208","0.267857"
"1531820677","2096802854","1"
"2096802854","1531820677","1"
"1531820677","2096943376","1"
"2096943376","1531820677","1"
"1531820677","1592625985","6.75"
"1592625985","1531820677","6.75"
"1531820677","1566796882","0.75"
"1566796882","1531820677","0.75"
"1531820677","1890449996","0.75"
"1890449996","1531820677","0.75"
"1531820677","1546907539","0.25"
"1546907539","1531820677","0.25"
"1546907539","1592625985","0.25"
"1592625985","1546907539","0.25"
"1566796882","1592625985","1.33333"
"1592625985","1566796882","1.33333"
"1592625985","1890449996","2.33333"
"1890449996","1592625985","2.33333"
"1531820677","2123886726","0.5"
"2123886726","1531820677","0.5"
"2096802854","2123886726","1"
"2123886726","2096802854","1"
"1531820677","2184460067","0.5"
"2184460067","1531820677","0.5"
"1531820677","2147160559","1"
"2147160559","1531820677","1"
"1531820677","2114566185","0.5"
"2114566185","1531820677","0.5"
"1592625985","2114566185","0.5"
"2114566185","1592625985","0.5"
"1533109710","2096802854","0.333333"
"2096802854","1533109710","0.333333"
"1533109710","2189046717","0.333333"
"2189046717","1533109710","0.333333"
"1533109710","2735084822","0.333333"
"2735084822","1533109710","0.333333"
"1533109710","1760332327","1"
"1760332327","1533109710","1"
"1533109710","2103616547","0.666667"
"2103616547","1533109710","0.666667"
"2103616547","2113404383","1.5"
"2113404383","2103616547","1.5"
"2103616547","65342078","1"
"65342078","2103616547","1"
"1544956979","1599684279","1"
"1599684279","1544956979","1"
"1546907539","52191336","0.583333"
"52191336","1546907539","0.583333"
"1546907539","1911406845","1"
"1911406845","1546907539","1"
"1546907539","2147929033","1"
"2147929033","1546907539","1"
"1551843303","189766157","0.333333"
"189766157","1551843303","0.333333"
"1551843303","2113247363","0.333333"
"2113247363","1551843303","0.333333"
"1551843303","2189046717","0.333333"
"2189046717","1551843303","0.333333"
"189766157","2113247363","0.333333"
"2113247363","189766157","0.333333"
"189766157","2189046717","0.333333"
"2189046717","189766157","0.333333"
"1551843303","2026436569","1"
"2026436569","1551843303","1"
"2112504626","2119736157","0.866667"
"2119736157","2112504626","0.866667"
"2119736157","2170458715","0.866667"
"2170458715","2119736157","0.866667"
"1565113942","2096802854","1"
"2096802854","1565113942","1"
"1565113942","2160524070","0.166667"
"2160524070","1565113942","0.166667"
"2112504626","2160524070","3.66667"
"2160524070","2112504626","3.66667"
"2119736157","2160524070","0.416667"
"2160524070","2119736157","0.416667"
"2134716394","2160524070","1.41667"
"2160524070","2134716394","1.41667"
"2160524070","2170458715","3.66667"
"2170458715","2160524070","3.66667"
"2160524070","2184460067","0.416667"
"2184460067","2160524070","0.416667"
"1566796882","189766157","0.25"
"189766157","1566796882","0.25"
"1566796882","2114566185","0.25"
"2114566185","1566796882","0.25"
"1566796882","2144576616","0.25"
"2144576616","1566796882","0.25"
"1890449996","189766157","0.25"
"189766157","1890449996","0.25"
"1890449996","2114566185","0.25"
"2114566185","1890449996","0.25"
"1890449996","2144576616","0.25"
"2144576616","1890449996","0.25"
"189766157","2114566185","0.25"
"2114566185","189766157","0.25"
"189766157","2144576616","0.25"
"2144576616","189766157","0.25"
"2114566185","2144576616","0.25"
"2144576616","2114566185","0.25"
"1566796882","2026436569","0.333333"
"2026436569","1566796882","0.333333"
"1890449996","2026436569","0.333333"
"2026436569","1890449996","0.333333"
"1566796882","2113404383","0.25"
"2113404383","1566796882","0.25"
"1566796882","65342078","0.25"
"65342078","1566796882","0.25"
"1592625985","2113404383","0.25"
"2113404383","1592625985","0.25"
"1592625985","65342078","0.25"
"65342078","1592625985","0.25"
"1890449996","2113404383","0.25"
"2113404383","1890449996","0.25"
"1890449996","65342078","0.25"
"65342078","1890449996","0.25"
"1566796882","2128381560","0.5"
"2128381560","1566796882","0.5"
"1890449996","2128381560","0.5"
"2128381560","1890449996","0.5"
"1585213850","2144576616","1.5"
"2144576616","1585213850","1.5"
"1585213850","2147929033","0.5"
"2147929033","1585213850","0.5"
"2144576616","2147929033","1"
"2147929033","2144576616","1"
"1585213850","2121506580","1"
"2121506580","1585213850","1"
"1599684279","2114566185","1"
"2114566185","1599684279","1"
"1760332327","2144576616","0.5"
"2144576616","1760332327","0.5"
"1760332327","2147929033","0.5"
"2147929033","1760332327","0.5"
"1870923733","2166689265","0.5"
"2166689265","1870923733","0.5"
"1870923733","2398802025","0.5"
"2398802025","1870923733","0.5"
"2166689265","2398802025","6.5"
"2398802025","2166689265","6.5"
"1955645522","1994588724","0.5"
"1994588724","1955645522","0.5"
"1955645522","24839522","0.5"
"24839522","1955645522","0.5"
"1994588724","24839522","0.5"
"24839522","1994588724","0.5"
"2113247363","36948825","0.5"
"36948825","2113247363","0.5"
"1994588724","2137223022","2.5"
"2137223022","1994588724","2.5"
"1994588724","2400216756","1.5"
"2400216756","1994588724","1.5"
"2021124779","2094245295","1"
"2094245295","2021124779","1"
"2025553284","2124020982","1"
"2124020982","2025553284","1"
"2025553284","2142145056","1"
"2142145056","2025553284","1"
"2025553284","794140516","1"
"794140516","2025553284","1"
"2026436569","2147160559","2"
"2147160559","2026436569","2"
"2033811191","74184291","0.291667"
"74184291","2033811191","0.291667"
"2114275288","2123437505","0.166667"
"2123437505","2114275288","0.166667"
"2114275288","2124020982","0.166667"
"2124020982","2114275288","0.166667"
"2114275288","74184291","0.166667"
"74184291","2114275288","0.166667"
"2124020982","2142145056","0.166667"
"2142145056","2124020982","0.166667"
"2124020982","74184291","0.166667"
"74184291","2124020982","0.166667"
"2142145056","74184291","0.166667"
"74184291","2142145056","0.166667"
"2168552474","74184291","0.291667"
"74184291","2168552474","0.291667"
"2033811191","2096802854","1"
"2096802854","2033811191","1"
"2094245295","74184291","0.125"
"74184291","2094245295","0.125"
"2123437505","36948825","0.125"
"36948825","2123437505","0.125"
"2604764484","36948825","0.125"
"36948825","2604764484","0.125"
"2604764484","74184291","0.125"
"74184291","2604764484","0.125"
"36948825","74184291","0.125"
"74184291","36948825","0.125"
"36948825","794140516","0.125"
"794140516","36948825","0.125"
"74184291","794140516","0.125"
"794140516","74184291","0.125"
"2072234079","2144576616","0.5"
"2144576616","2072234079","0.5"
"2072234079","2291345654","0.5"
"2291345654","2072234079","0.5"
"2144576616","2291345654","0.5"
"2291345654","2144576616","0.5"
"2096802854","2152693711","1"
"2152693711","2096802854","1"
"2096802854","2113247363","0.5"
"2113247363","2096802854","0.5"
"2096802854","2184460067","2"
"2184460067","2096802854","2"
"2096802854","2135143063","0.5"
"2135143063","2096802854","0.5"
"2123886726","2135143063","3"
"2135143063","2123886726","3"
"2096802854","2752894517","0.5"
"2752894517","2096802854","0.5"
"2096802854","794140516","0.5"
"794140516","2096802854","0.5"
"2096802854","2134968380","0.5"
"2134968380","2096802854","0.5"
"2134968380","2400216756","1.83333"
"2400216756","2134968380","1.83333"
"2096943376","2112504626","0.25"
"2112504626","2096943376","0.25"
"2096943376","2170458715","0.25"
"2170458715","2096943376","0.25"
"2103616547","2171286195","2.83333"
"2171286195","2103616547","2.83333"
"2103616547","2400216756","1"
"2400216756","2103616547","1"
"2103616547","2171288055","1.5"
"2171288055","2103616547","1.5"
"2103616547","2171572664","1.5"
"2171572664","2103616547","1.5"
"2171286195","2171572664","0.5"
"2171572664","2171286195","0.5"
"2124020982","2604764484","0.333333"
"2604764484","2124020982","0.333333"
"2124020982","2952961700","0.333333"
"2952961700","2124020982","0.333333"
"2112504626","2296642300","0.25"
"2296642300","2112504626","0.25"
"2134716394","2296642300","0.25"
"2296642300","2134716394","0.25"
"2160524070","2296642300","0.25"
"2296642300","2160524070","0.25"
"2170458715","2296642300","0.25"
"2296642300","2170458715","0.25"
"2113404383","2134968380","3"
"2134968380","2113404383","3"
"2134968380","65342078","1"
"65342078","2134968380","1"
"2114566185","2121506580","1"
"2121506580","2114566185","1"
"2119736157","2135143063","0.5"
"2135143063","2119736157","0.5"
"2123437505","2189046717","0.25"
"2189046717","2123437505","0.25"
"2123437505","2296642300","0.25"
"2296642300","2123437505","0.25"
"2137223022","2189046717","0.25"
"2189046717","2137223022","0.25"
"2137223022","2296642300","0.25"
"2296642300","2137223022","0.25"
"2189046717","2296642300","0.25"
"2296642300","2189046717","0.25"
"2189046717","74184291","0.25"
"74184291","2189046717","0.25"
"2296642300","74184291","0.25"
"74184291","2296642300","0.25"
"2123886726","2171286195","1"
"2171286195","2123886726","1"
"2123886726","2184460067","1"
"2184460067","2123886726","1"
"2128381560","2164947865","2.5"
"2164947865","2128381560","2.5"
"2128381560","2144576616","1"
"2144576616","2128381560","1"
"2128381560","2148922257","1.5"
"2148922257","2128381560","1.5"
"2148922257","2164947865","0.5"
"2164947865","2148922257","0.5"
"2134968380","2137223022","0.333333"
"2137223022","2134968380","0.333333"
"2134968380","2171286195","0.333333"
"2171286195","2134968380","0.333333"
"2137223022","2171286195","0.333333"
"2171286195","2137223022","0.333333"
"2171286195","2400216756","0.333333"
"2400216756","2171286195","0.333333"
"2148922257","3014920811","1"
"3014920811","2148922257","1"
"2150959861","2404785830","2"
"2404785830","2150959861","2"
"2150959861","2171572664","1"
"2171572664","2150959861","1"
"2150959861","2199676529","1"
"2199676529","2150959861","1"
"2171572664","2199676529","2"
"2199676529","2171572664","2"
"2296642300","2913502225","1"
"2913502225","2296642300","1"
"2486441166","2768899812","0.75"
"2768899812","2486441166","0.75"
"2486441166","2973512984","3.25"
"2973512984","2486441166","3.25"
"2768899812","2973512984","2.25"
"2973512984","2768899812","2.25"
"2486441166","2517229335","0.5"
"2517229335","2486441166","0.5"
"2486441166","2963857521","0.5"
