"1537454073","1544846084","1.54835"
"1544846084","1537454073","1.54835"
"1537454073","1788945156","0.548352"
"1788945156","1537454073","0.548352"
"1537454073","1934124120","2.10788"
"1934124120","1537454073","2.10788"
"1537454073","2170686833","1.14835"
"2170686833","1537454073","1.14835"
"1537454073","2396934461","0.166667"
"2396934461","1537454073","0.166667"
"1537454073","827356921","1.07619"
"827356921","1537454073","1.07619"
"1544846084","1788945156","1.53486"
"1788945156","1544846084","1.53486"
"1544846084","1934124120","2.49399"
"1934124120","1544846084","2.49399"
"1544846084","2170686833","1.82577"
"2170686833","1544846084","1.82577"
"1544846084","2396934461","0.277778"
"2396934461","1544846084","0.277778"
"1544846084","827356921","0.955988"
"827356921","1544846084","0.955988"
"1788945156","1934124120","1.6051"
"1934124120","1788945156","1.6051"
"1788945156","2170686833","3.43565"
"2170686833","1788945156","3.43565"
"1788945156","2396934461","0.277778"
"2396934461","1788945156","0.277778"
"1788945156","827356921","1.19841"
"827356921","1788945156","1.19841"
"1934124120","2170686833","1.84795"
"2170686833","1934124120","1.84795"
"1934124120","2396934461","0.166667"
"2396934461","1934124120","0.166667"
"1934124120","827356921","1.69683"
"827356921","1934124120","1.69683"
"2170686833","2396934461","0.277778"
"2396934461","2170686833","0.277778"
"2170686833","827356921","1.38932"
"827356921","2170686833","1.38932"
"2396934461","827356921","0.527778"
"827356921","2396934461","0.527778"
"1537454073","1918088543","0.992857"
"1918088543","1537454073","0.992857"
"1537454073","2020497756","0.741209"
"2020497756","1537454073","0.741209"
"1537454073","2138862371","0.992857"
"2138862371","1537454073","0.992857"
"1537454073","2284128125","0.809524"
"2284128125","1537454073","0.809524"
"1537454073","2743834871","0.242857"
"2743834871","1537454073","0.242857"
"1918088543","1934124120","1.75794"
"1934124120","1918088543","1.75794"
"1918088543","2020497756","2.78016"
"2020497756","1918088543","2.78016"
"1918088543","2138862371","5.78175"
"2138862371","1918088543","5.78175"
"1918088543","2284128125","5.18016"
"2284128125","1918088543","5.18016"
"1918088543","2743834871","0.885714"
"2743834871","1918088543","0.885714"
"1918088543","827356921","1.47063"
"827356921","1918088543","1.47063"
"1934124120","2020497756","1.88684"
"2020497756","1934124120","1.88684"
"1934124120","2138862371","3.54008"
"2138862371","1934124120","3.54008"
"1934124120","2284128125","2.79683"
"2284128125","1934124120","2.79683"
"1934124120","2743834871","3.55238"
"2743834871","1934124120","3.55238"
"2020497756","2138862371","4.43654"
"2138862371","2020497756","4.43654"
"2020497756","2284128125","2.67662"
"2284128125","2020497756","2.67662"
"2020497756","2743834871","1.13571"
"2743834871","2020497756","1.13571"
"2020497756","827356921","0.778211"
"827356921","2020497756","0.778211"
"2138862371","2284128125","2.90043"
"2284128125","2138862371","2.90043"
"2138862371","2743834871","0.242857"
"2743834871","2138862371","0.242857"
"2138862371","827356921","0.611544"
"827356921","2138862371","0.611544"
"2284128125","2743834871","3.88571"
"2743834871","2284128125","3.88571"
"2284128125","827356921","1.39488"
"827356921","2284128125","1.39488"
"2743834871","827356921","0.57619"
"827356921","2743834871","0.57619"
"1537454073","1948061183","0.1"
"1948061183","1537454073","0.1"
"1537454073","2199306310","0.510256"
"2199306310","1537454073","0.510256"
"1918088543","1948061183","2.15952"
"1948061183","1918088543","2.15952"
"1918088543","2170686833","1.16508"
"2170686833","1918088543","1.16508"
"1918088543","2199306310","1.05556"
"2199306310","1918088543","1.05556"
"1934124120","1948061183","0.909524"
"1948061183","1934124120","0.909524"
"1934124120","2199306310","1.00867"
"2199306310","1934124120","1.00867"
"1948061183","2020497756","0.909524"
"2020497756","1948061183","0.909524"
"1948061183","2138862371","0.655556"
"2138862371","1948061183","0.655556"
"1948061183","2170686833","2.69921"
"2170686833","1948061183","2.69921"
"1948061183","2199306310","0.155556"
"2199306310","1948061183","0.155556"
"1948061183","2284128125","0.409524"
"2284128125","1948061183","0.409524"
"1948061183","2743834871","0.409524"
"2743834871","1948061183","0.409524"
"1948061183","827356921","0.155556"
"827356921","1948061183","0.155556"
"2020497756","2170686833","1.11406"
"2170686833","2020497756","1.11406"
"2020497756","2199306310","0.901165"
"2199306310","2020497756","0.901165"
"2138862371","2170686833","2.34924"
"2170686833","2138862371","2.34924"
"2138862371","2199306310","2.39091"
"2199306310","2138862371","2.39091"
"2170686833","2199306310","0.632912"
"2199306310","2170686833","0.632912"
"2170686833","2284128125","0.878211"
"2284128125","2170686833","0.878211"
"2170686833","2743834871","0.409524"
"2743834871","2170686833","0.409524"
"2199306310","2284128125","2.15758"
"2284128125","2199306310","2.15758"
"2199306310","2743834871","0.433333"
"2743834871","2199306310","0.433333"
"2199306310","827356921","8.08932"
"827356921","2199306310","8.08932"
"1537454073","1707253212","0.381685"
"1707253212","1537454073","0.381685"
"1537454073","2002455623","0.381685"
"2002455623","1537454073","0.381685"
"1537454073","2015788181","0.281685"
"2015788181","1537454073","0.281685"
"1537454073","2019411755","0.381685"
"2019411755","1537454073","0.381685"
"1537454073","2166929746","0.0769231"
"2166929746","1537454073","0.0769231"
"1537454073","2511820676","0.381685"
"2511820676","1537454073","0.381685"
"1537454073","2613027931","0.381685"
"2613027931","1537454073","0.381685"
"1544846084","1707253212","1.4591"
"1707253212","1544846084","1.4591"
"1544846084","2002455623","0.969023"
"2002455623","1544846084","0.969023"
"1544846084","2015788181","3.60034"
"2015788181","1544846084","3.60034"
"1544846084","2019411755","1.20513"
"2019411755","1544846084","1.20513"
"1544846084","2020497756","0.954539"
"2020497756","1544846084","0.954539"
"1544846084","2166929746","0.406685"
"2166929746","1544846084","0.406685"
"1544846084","2199306310","0.699578"
"2199306310","1544846084","0.699578"
"1544846084","2511820676","0.969023"
"2511820676","1544846084","0.969023"
"1544846084","2613027931","1.36819"
"2613027931","1544846084","1.36819"
"1707253212","1788945156","3.26899"
"1788945156","1707253212","3.26899"
"1707253212","1934124120","0.938431"
"1934124120","1707253212","0.938431"
"1707253212","2002455623","0.969023"
"2002455623","1707253212","0.969023"
"1707253212","2015788181","0.792002"
"2015788181","1707253212","0.792002"
"1707253212","2019411755","3.92259"
"2019411755","1707253212","3.92259"
"1707253212","2020497756","0.704539"
"2020497756","1707253212","0.704539"
"1707253212","2166929746","0.406685"
"2166929746","1707253212","0.406685"
"1707253212","2170686833","3.3599"
"2170686833","1707253212","3.3599"
"1707253212","2199306310","0.532912"
"2199306310","1707253212","0.532912"
"1707253212","2511820676","0.969023"
"2511820676","1707253212","0.969023"
"1707253212","2613027931","9.25232"
"2613027931","1707253212","9.25232"
"1788945156","2002455623","0.878114"
"2002455623","1788945156","0.878114"
"1788945156","2015788181","0.792002"
"2015788181","1788945156","0.792002"
"1788945156","2019411755","2.68168"
"2019411755","1788945156","2.68168"
"1788945156","2020497756","0.613629"
"2020497756","1788945156","0.613629"
"1788945156","2166929746","0.406685"
"2166929746","1788945156","0.406685"
"1788945156","2199306310","0.442002"
"2199306310","1788945156","0.442002"
"1788945156","2511820676","0.878114"
"2511820676","1788945156","0.878114"
"1788945156","2613027931","3.26899"
"2613027931","1788945156","3.26899"
"1934124120","2002455623","0.337241"
"2002455623","1934124120","0.337241"
"1934124120","2015788181","0.337241"
"2015788181","1934124120","0.337241"
"1934124120","2019411755","0.684463"
"2019411755","1934124120","0.684463"
"1934124120","2166929746","0.0769231"
"2166929746","1934124120","0.0769231"
"1934124120","2511820676","0.337241"
"2511820676","1934124120","0.337241"
"1934124120","2613027931","0.938431"
"2613027931","1934124120","0.938431"
"2002455623","2015788181","0.667002"
"2015788181","2002455623","0.667002"
"2002455623","2019411755","0.969023"
"2019411755","2002455623","0.969023"
"2002455623","2020497756","0.468427"
"2020497756","2002455623","0.468427"
"2002455623","2166929746","0.406685"
"2166929746","2002455623","0.406685"
"2002455623","2170686833","0.969023"
"2170686833","2002455623","0.969023"
"2002455623","2199306310","0.390054"
"2199306310","2002455623","0.390054"
"2002455623","2511820676","15.469"
"2511820676","2002455623","15.469"
"2002455623","2613027931","0.878114"
"2613027931","2002455623","0.878114"
"2015788181","2019411755","0.792002"
"2019411755","2015788181","0.792002"
"2015788181","2020497756","0.277518"
"2020497756","2015788181","0.277518"
"2015788181","2166929746","0.406685"
"2166929746","2015788181","0.406685"
"2015788181","2170686833","0.792002"
"2170686833","2015788181","0.792002"
"2015788181","2199306310","1.19915"
"2199306310","2015788181","1.19915"
"2015788181","2511820676","0.667002"
"2511820676","2015788181","0.667002"
"2015788181","2613027931","0.792002"
"2613027931","2015788181","0.792002"
"2019411755","2020497756","0.843427"
"2020497756","2019411755","0.843427"
"2019411755","2166929746","0.406685"
"2166929746","2019411755","0.406685"
"2019411755","2170686833","2.77259"
"2170686833","2019411755","2.77259"
"2019411755","2199306310","0.390054"
"2199306310","2019411755","0.390054"
"2019411755","2511820676","0.969023"
"2511820676","2019411755","0.969023"
"2019411755","2613027931","3.83169"
"2613027931","2019411755","3.83169"
"2020497756","2166929746","0.20609"
"2166929746","2020497756","0.20609"
"2020497756","2511820676","0.468427"
"2511820676","2020497756","0.468427"
"2020497756","2613027931","0.613629"
"2613027931","2020497756","0.613629"
"2166929746","2170686833","0.406685"
"2170686833","2166929746","0.406685"
"2166929746","2199306310","0.0769231"
"2199306310","2166929746","0.0769231"
"2166929746","2511820676","0.406685"
"2511820676","2166929746","0.406685"
"2166929746","2613027931","0.406685"
"2613027931","2166929746","0.406685"
"2170686833","2511820676","0.969023"
"2511820676","2170686833","0.969023"
"2170686833","2613027931","3.26899"
"2613027931","2170686833","3.26899"
"2199306310","2511820676","0.890054"
"2511820676","2199306310","0.890054"
"2199306310","2613027931","0.442002"
"2613027931","2199306310","0.442002"
"2511820676","2613027931","0.878114"
"2613027931","2511820676","0.878114"
"1537454073","1900014446","0.204762"
"1900014446","1537454073","0.204762"
"1537454073","2063750821","0.204762"
"2063750821","1537454073","0.204762"
"1537454073","2295055001","0.138095"
"2295055001","1537454073","0.138095"
"1544846084","1900014446","0.790079"
"1900014446","1544846084","0.790079"
"1544846084","2063750821","1.52341"
"2063750821","1544846084","1.52341"
"1544846084","2295055001","2.62341"
"2295055001","1544846084","2.62341"
"1707253212","1900014446","3.01587"
"1900014446","1707253212","3.01587"
"1707253212","2063750821","1.65952"
"2063750821","1707253212","1.65952"
"1707253212","2295055001","0.648413"
"2295055001","1707253212","0.648413"
"1788945156","1900014446","1.86587"
"1900014446","1788945156","1.86587"
"1788945156","2063750821","0.82619"
"2063750821","1788945156","0.82619"
"1788945156","2295055001","0.648413"
"2295055001","1788945156","0.648413"
"1900014446","1934124120","0.514286"
"1934124120","1900014446","0.514286"
"1900014446","2002455623","0.590079"
"2002455623","1900014446","0.590079"
"1900014446","2015788181","0.590079"
"2015788181","1900014446","0.590079"
"1900014446","2019411755","14.6825"
"2019411755","1900014446","14.6825"
"1900014446","2020497756","0.593452"
"2020497756","1900014446","0.593452"
"1900014446","2063750821","0.82619"
"2063750821","1900014446","0.82619"
"1900014446","2170686833","2.20873"
"2170686833","1900014446","2.20873"
"1900014446","2295055001","0.523413"
"2295055001","1900014446","0.523413"
"1900014446","2511820676","0.590079"
"2511820676","1900014446","0.590079"
"1900014446","2613027931","3.01587"
"2613027931","1900014446","3.01587"
"1934124120","2063750821","0.260317"
"2063750821","1934124120","0.260317"
"1934124120","2295055001","0.193651"
"2295055001","1934124120","0.193651"
"2002455623","2063750821","1.09008"
"2063750821","2002455623","1.09008"
"2002455623","2295055001","0.523413"
"2295055001","2002455623","0.523413"
"2015788181","2063750821","2.19008"
"2063750821","2015788181","2.19008"
"2015788181","2295055001","8.58175"
"2295055001","2015788181","8.58175"
"2019411755","2063750821","0.82619"
"2063750821","2019411755","0.82619"
"2019411755","2295055001","0.648413"
"2295055001","2019411755","0.648413"
"2020497756","2063750821","0.867262"
"2063750821","2020497756","0.867262"
"2020497756","2295055001","0.200595"
"2295055001","2020497756","0.200595"
"2063750821","2170686833","0.82619"
"2170686833","2063750821","0.82619"
"2063750821","2295055001","2.12341"
"2295055001","2063750821","2.12341"
"2063750821","2511820676","1.09008"
"2511820676","2063750821","1.09008"
"2063750821","2613027931","1.65952"
"2613027931","2063750821","1.65952"
"2170686833","2295055001","0.648413"
"2295055001","2170686833","0.648413"
"2295055001","2511820676","0.523413"
"2511820676","2295055001","0.523413"
"2295055001","2613027931","0.648413"
"2613027931","2295055001","0.648413"
"1537454073","2006000303","0.133333"
"2006000303","1537454073","0.133333"
"1544846084","2006000303","2.63813"
"2006000303","1544846084","2.63813"
"1544846084","2284128125","0.468687"
"2284128125","1544846084","0.468687"
"1707253212","2006000303","0.538131"
"2006000303","1707253212","0.538131"
"1707253212","2284128125","0.268687"
"2284128125","1707253212","0.268687"
"1788945156","2006000303","0.447222"
"2006000303","1788945156","0.447222"
"1788945156","2284128125","0.177778"
"2284128125","1788945156","0.177778"
"1900014446","2006000303","0.447222"
"2006000303","1900014446","0.447222"
"1900014446","2199306310","0.122222"
"2199306310","1900014446","0.122222"
"1900014446","2284128125","0.409524"
"2284128125","1900014446","0.409524"
"1934124120","2006000303","0.188889"
"2006000303","1934124120","0.188889"
"2002455623","2006000303","0.538131"
"2006000303","2002455623","0.538131"
"2002455623","2284128125","0.157576"
"2284128125","2002455623","0.157576"
"2006000303","2015788181","8.38056"
"2015788181","2006000303","8.38056"
"2006000303","2019411755","0.538131"
"2019411755","2006000303","0.538131"
"2006000303","2063750821","2.04722"
"2063750821","2006000303","2.04722"
"2006000303","2170686833","0.538131"
"2170686833","2006000303","0.538131"
"2006000303","2199306310","0.379798"
"2199306310","2006000303","0.379798"
"2006000303","2284128125","0.157576"
"2284128125","2006000303","0.157576"
"2006000303","2511820676","0.538131"
"2511820676","2006000303","0.538131"
"2006000303","2613027931","0.447222"
"2613027931","2006000303","0.447222"
"2015788181","2284128125","0.0666667"
"2284128125","2015788181","0.0666667"
"2019411755","2284128125","0.268687"
"2284128125","2019411755","0.268687"
"2063750821","2199306310","0.122222"
"2199306310","2063750821","0.122222"
"2063750821","2284128125","0.0666667"
"2284128125","2063750821","0.0666667"
"2284128125","2511820676","0.157576"
"2511820676","2284128125","0.157576"
"2284128125","2613027931","0.177778"
"2613027931","2284128125","0.177778"
"1537454073","2020237187","0.0666667"
"2020237187","1537454073","0.0666667"
"1544846084","2020237187","22.302"
"2020237187","1544846084","22.302"
"1707253212","2020237187","0.576984"
"2020237187","1707253212","0.576984"
"1788945156","2020237187","0.576984"
"2020237187","1788945156","0.576984"
"1900014446","2020237187","0.785317"
"2020237187","1900014446","0.785317"
"1934124120","2020237187","0.622222"
"2020237187","1934124120","0.622222"
"2002455623","2020237187","0.451984"
"2020237187","2002455623","0.451984"
"2006000303","2020237187","2.48056"
"2020237187","2006000303","2.48056"
"2006000303","2295055001","11.4806"
"2295055001","2006000303","11.4806"
"2015788181","2020237187","3.51032"
"2020237187","2015788181","3.51032"
"2019411755","2020237187","0.910317"
"2020237187","2019411755","0.910317"
"2020237187","2063750821","1.38532"
"2063750821","2020237187","1.38532"
"2020237187","2170686833","0.576984"
"2170686833","2020237187","0.576984"
"2020237187","2295055001","2.67698"
"2295055001","2020237187","2.67698"
"2020237187","2511820676","0.451984"
"2511820676","2020237187","0.451984"
"2020237187","2613027931","0.576984"
"2613027931","2020237187","0.576984"
"1544846084","1918088543","2.47778"
"1918088543","1544846084","2.47778"
"1544846084","2150836545","1.33333"
"2150836545","1544846084","1.33333"
"1544846084","2138862371","0.52702"
"2138862371","1544846084","0.52702"
"1707253212","2138862371","1.04924"
"2138862371","1707253212","1.04924"
"1788945156","2138862371","0.625"
"2138862371","1788945156","0.625"
"2019411755","2138862371","0.854798"
"2138862371","2019411755","0.854798"
"2138862371","2613027931","0.958333"
"2613027931","2138862371","0.958333"
"1707253212","1918088543","0.555556"
"1918088543","1707253212","0.555556"
"1707253212","827356921","0.622655"
"827356921","1707253212","0.622655"
"1788945156","1918088543","0.555556"
"1918088543","1788945156","0.555556"
"1918088543","2019411755","0.694444"
"2019411755","1918088543","0.694444"
"1918088543","2613027931","0.555556"
"2613027931","1918088543","0.555556"
"2019411755","827356921","0.368687"
"827356921","2019411755","0.368687"
"2613027931","827356921","0.531746"
"827356921","2613027931","0.531746"
"1900014446","1918088543","0.759524"
"1918088543","1900014446","0.759524"
"1900014446","2138862371","0.672222"
"2138862371","1900014446","0.672222"
"1544846084","2083746992","2.84643"
"2083746992","1544846084","2.84643"
"2020237187","2083746992","3.84643"
"2083746992","2020237187","3.84643"
"1544846084","2743834871","2.08333"
"2743834871","1544846084","2.08333"
"2020237187","2743834871","2.08333"
"2743834871","2020237187","2.08333"
"2006000303","827356921","0.313131"
"827356921","2006000303","0.313131"
"2015788181","827356921","1.05556"
"827356921","2015788181","1.05556"
"2020237187","2199306310","0.222222"
"2199306310","2020237187","0.222222"
"2020237187","827356921","0.222222"
"827356921","2020237187","0.222222"
"2199306310","2295055001","0.222222"
"2295055001","2199306310","0.222222"
"2295055001","827356921","0.222222"
"827356921","2295055001","0.222222"
"2020237187","2150836545","0.333333"
"2150836545","2020237187","0.333333"
"2063750821","2150836545","4.33333"
"2150836545","2063750821","4.33333"
"1544846084","1948061183","0.0555556"
"1948061183","1544846084","0.0555556"
"1707253212","1948061183","1.35635"
"1948061183","1707253212","1.35635"
"1788945156","1948061183","0.956349"
"1948061183","1788945156","0.956349"
"1900014446","1948061183","3.29087"
"1948061183","1900014446","3.29087"
"1900014446","827356921","0.0555556"
"827356921","1900014446","0.0555556"
"1918088543","2002455623","0.0555556"
"2002455623","1918088543","0.0555556"
"1918088543","2006000303","0.0555556"
"2006000303","1918088543","0.0555556"
"1918088543","2015788181","0.0555556"
"2015788181","1918088543","0.0555556"
"1918088543","2020237187","0.0555556"
"2020237187","1918088543","0.0555556"
"1918088543","2063750821","0.388889"
"2063750821","1918088543","0.388889"
"1918088543","2295055001","0.0555556"
"2295055001","1918088543","0.0555556"
"1918088543","2511820676","0.0555556"
"2511820676","1918088543","0.0555556"
"1948061183","2002455623","0.0555556"
"2002455623","1948061183","0.0555556"
"1948061183","2006000303","0.0555556"
"2006000303","1948061183","0.0555556"
"1948061183","2015788181","0.180556"
"2015788181","1948061183","0.180556"
"1948061183","2019411755","3.27302"
"2019411755","1948061183","3.27302"
"1948061183","2020237187","0.513889"
"2020237187","1948061183","0.513889"
"1948061183","2063750821","0.291667"
"2063750821","1948061183","0.291667"
"1948061183","2295055001","0.180556"
"2295055001","1948061183","0.180556"
"1948061183","2511820676","0.0555556"
"2511820676","1948061183","0.0555556"
"1948061183","2613027931","1.35635"
"2613027931","1948061183","1.35635"
"2002455623","827356921","0.257576"
"827356921","2002455623","0.257576"
"2063750821","827356921","0.0555556"
"827356921","2063750821","0.0555556"
"2511820676","827356921","0.257576"
"827356921","2511820676","0.257576"
"2020237187","2020497756","0.379167"
"2020497756","2020237187","0.379167"
"2020497756","2083746992","0.3125"
"2083746992","2020497756","0.3125"
"2083746992","2743834871","1.58333"
"2743834871","2083746992","1.58333"
"2002455623","2138862371","0.0909091"
"2138862371","2002455623","0.0909091"
"2006000303","2020497756","0.220076"
"2020497756","2006000303","0.220076"
"2006000303","2138862371","0.0909091"
"2138862371","2006000303","0.0909091"
"2138862371","2511820676","0.590909"
"2511820676","2138862371","0.590909"
"1707253212","2083746992","0.263095"
"2083746992","1707253212","0.263095"
"1788945156","2083746992","0.263095"
"2083746992","1788945156","0.263095"
"1900014446","2083746992","0.263095"
"2083746992","1900014446","0.263095"
"1900014446","2166929746","0.329762"
"2166929746","1900014446","0.329762"
"2002455623","2083746992","0.263095"
"2083746992","2002455623","0.263095"
"2006000303","2083746992","0.191667"
"2083746992","2006000303","0.191667"
"2006000303","2166929746","0.258333"
"2166929746","2006000303","0.258333"
"2015788181","2083746992","0.263095"
"2083746992","2015788181","0.263095"
"2019411755","2083746992","0.263095"
"2083746992","2019411755","0.263095"
"2020237187","2166929746","0.329762"
"2166929746","2020237187","0.329762"
"2063750821","2083746992","0.263095"
"2083746992","2063750821","0.263095"
"2063750821","2166929746","0.329762"
"2166929746","2063750821","0.329762"
"2083746992","2166929746","0.263095"
"2166929746","2083746992","0.263095"
"2083746992","2170686833","0.263095"
"2170686833","2083746992","0.263095"
"2083746992","2295055001","0.263095"
"2295055001","2083746992","0.263095"
"2083746992","2511820676","0.263095"
"2511820676","2083746992","0.263095"
"2083746992","2613027931","0.263095"
"2613027931","2083746992","0.263095"
"2166929746","2295055001","0.329762"
"2295055001","2166929746","0.329762"
"1544846084","2185582378","0.0625"
"2185582378","1544846084","0.0625"
"1707253212","2185582378","0.229167"
"2185582378","1707253212","0.229167"
"1788945156","2185582378","0.229167"
"2185582378","1788945156","0.229167"
"1900014446","2185582378","0.229167"
"2185582378","1900014446","0.229167"
"2002455623","2185582378","0.0625"
"2185582378","2002455623","0.0625"
"2006000303","2185582378","0.0625"
"2185582378","2006000303","0.0625"
"2015788181","2185582378","0.0625"
"2185582378","2015788181","0.0625"
"2019411755","2185582378","0.229167"
"2185582378","2019411755","0.229167"
"2020237187","2185582378","0.0625"
"2185582378","2020237187","0.0625"
"2063750821","2185582378","0.395833"
"2185582378","2063750821","0.395833"
"2083746992","2185582378","0.0625"
"2185582378","2083746992","0.0625"
"2166929746","2185582378","0.0625"
"2185582378","2166929746","0.0625"
"2170686833","2185582378","0.229167"
"2185582378","2170686833","0.229167"
"2185582378","2295055001","0.0625"
"2295055001","2185582378","0.0625"
"2185582378","2511820676","0.0625"
"2511820676","2185582378","0.0625"
"2185582378","2613027931","0.229167"
"2613027931","2185582378","0.229167"
"1707253212","2396934461","0.111111"
"2396934461","1707253212","0.111111"
"2002455623","2396934461","0.111111"
"2396934461","2002455623","0.111111"
"2019411755","2396934461","0.111111"
"2396934461","2019411755","0.111111"
"2396934461","2511820676","0.111111"
"2511820676","2396934461","0.111111"
"2396934461","2613027931","0.111111"
"2613027931","2396934461","0.111111"
"1707253212","2054223125","2.14802"
"2054223125","1707253212","2.14802"
"1788945156","2054223125","0.998016"
"2054223125","1788945156","0.998016"
"1900014446","2054223125","5.48135"
"2054223125","1900014446","5.48135"
"2019411755","2054223125","5.48135"
"2054223125","2019411755","5.48135"
"2054223125","2170686833","0.998016"
"2170686833","2054223125","0.998016"
"2054223125","2613027931","2.14802"
"2613027931","2054223125","2.14802"
"1948061183","2054223125","2.64802"
"2054223125","1948061183","2.64802"
"2054223125","2063750821","0.236111"
"2063750821","2054223125","0.236111"
"2054223125","2138862371","0.361111"
"2138862371","2054223125","0.361111"
"2063750821","2138862371","1.11111"
"2138862371","2063750821","1.11111"
"1788945156","1984117731","2"
"1984117731","1788945156","2"
"1918088543","2054223125","0.25"
"2054223125","1918088543","0.25"
"1900014446","2743834871","0.142857"
"2743834871","1900014446","0.142857"
"2020497756","2054223125","0.25"
"2054223125","2020497756","0.25"
"1918088543","2185582378","1"
"2185582378","1918088543","1"
"2138862371","2185582378","1.33333"
"2185582378","2138862371","1.33333"
"1918088543","2150836545","2"
"2150836545","1918088543","2"
"2020497756","2150836545","0.333333"
"2150836545","2020497756","0.333333"
"2150836545","2284128125","2.16667"
"2284128125","2150836545","2.16667"
"2138862371","2150836545","0.833333"
"2150836545","2138862371","0.833333"
"1918088543","2749959819","2.11667"
"2749959819","1918088543","2.11667"
"2284128125","2749959819","3.78333"
"2749959819","2284128125","3.78333"
"2749959819","827356921","0.783333"
"827356921","2749959819","0.783333"
"1948061183","2749959819","0.833333"
"2749959819","1948061183","0.833333"
"1918088543","2396934461","1.08333"
"2396934461","1918088543","1.08333"
"2284128125","2396934461","1.58333"
"2396934461","2284128125","1.58333"
"2396934461","2743834871","0.333333"
"2743834871","2396934461","0.333333"
"1948061183","2150836545","0.833333"
"2150836545","1948061183","0.833333"
"2150836545","2749959819","0.833333"
"2749959819","2150836545","0.833333"
"2396934461","2749959819","0.25"
"2749959819","2396934461","0.25"
"1934124120","2749959819","2.2"
"2749959819","1934124120","2.2"
"2199306310","2749959819","0.2"
"2749959819","2199306310","0.2"
"1948061183","2066554980","0.5"
"2066554980","1948061183","0.5"
"2020497756","2066554980","0.5"
"2066554980","2020497756","0.5"
"1984117731","2185582378","9"
"2185582378","1984117731","9"
"2006000303","2150836545","0.833333"
"2150836545","2006000303","0.833333"
"2015788181","2150836545","0.333333"
"2150836545","2015788181","0.333333"
"2150836545","2295055001","0.833333"
"2295055001","2150836545","0.833333"
"2015788181","2054223125","0.333333"
"2054223125","2015788181","0.333333"
"2054223125","2199306310","0.333333"
"2199306310","2054223125","0.333333"
"2054223125","827356921","0.333333"
"827356921","2054223125","0.333333"
"2020497756","2185582378","0.333333"
"2185582378","2020497756","0.333333"
"2020497756","2396934461","0.5"
"2396934461","2020497756","0.5"
"2066554980","2138862371","1"
"2138862371","2066554980","1"
"2066554980","2185582378","3"
"2185582378","2066554980","3"
"2150836545","2185582378","2"
"2185582378","2150836545","2"
"2166929746","2396934461","23"
"2396934461","2166929746","23"
