"1499923899","2017963025","3"
"2017963025","1499923899","3"
"1499923899","2484154232","2"
"2484154232","1499923899","2"
"2017963025","2484154232","1.5"
"2484154232","2017963025","1.5"
"1502561426","2394891591","1"
"2394891591","1502561426","1"
"1502561426","1895742782","1"
"1895742782","1502561426","1"
"1502561426","1993705641","0.2"
"1993705641","1502561426","0.2"
"1502561426","2034786896","0.2"
"2034786896","1502561426","0.2"
"1502561426","2044400923","0.2"
"2044400923","1502561426","0.2"
"1502561426","2273630652","0.2"
"2273630652","1502561426","0.2"
"1502561426","92701407","0.2"
"92701407","1502561426","0.2"
"1993705641","2034786896","1.2"
"2034786896","1993705641","1.2"
"1993705641","2044400923","10.8111"
"2044400923","1993705641","10.8111"
"1993705641","2273630652","0.311111"
"2273630652","1993705641","0.311111"
"1993705641","92701407","0.2625"
"92701407","1993705641","0.2625"
"2034786896","2044400923","3.03333"
"2044400923","2034786896","3.03333"
"2034786896","2273630652","0.2"
"2273630652","2034786896","0.2"
"2034786896","92701407","0.2"
"92701407","2034786896","0.2"
"2044400923","2273630652","0.311111"
"2273630652","2044400923","0.311111"
"2044400923","92701407","0.2"
"92701407","2044400923","0.2"
"2273630652","92701407","0.2"
"92701407","2273630652","0.2"
"1502561426","2037473757","1"
"2037473757","1502561426","1"
"1538497504","2149058896","18.2667"
"2149058896","1538497504","18.2667"
"1538497504","223412768","5.26667"
"223412768","1538497504","5.26667"
"2149058896","223412768","3.26667"
"223412768","2149058896","3.26667"
"1538497504","2268181947","0.733333"
"2268181947","1538497504","0.733333"
"2149058896","2268181947","1.73333"
"2268181947","2149058896","1.73333"
"223412768","2268181947","0.733333"
"2268181947","223412768","0.733333"
"1538497504","1933970918","0.9"
"1933970918","1538497504","0.9"
"1538497504","2160316642","0.9"
"2160316642","1538497504","0.9"
"1933970918","2149058896","1.4"
"2149058896","1933970918","1.4"
"1933970918","2160316642","7.9"
"2160316642","1933970918","7.9"
"1933970918","223412768","0.4"
"223412768","1933970918","0.4"
"1933970918","2268181947","0.4"
"2268181947","1933970918","0.4"
"2149058896","2160316642","1.4"
"2160316642","2149058896","1.4"
"2160316642","223412768","0.4"
"223412768","2160316642","0.4"
"2160316642","2268181947","0.4"
"2268181947","2160316642","0.4"
"1538497504","2596777608","0.2"
"2596777608","1538497504","0.2"
"1538497504","2606311622","0.2"
"2606311622","1538497504","0.2"
"1538497504","48900568","0.2"
"48900568","1538497504","0.2"
"2149058896","2596777608","0.2"
"2596777608","2149058896","0.2"
"2149058896","2606311622","0.2"
"2606311622","2149058896","0.2"
"2149058896","48900568","0.2"
"48900568","2149058896","0.2"
"223412768","2596777608","0.2"
"2596777608","223412768","0.2"
"223412768","2606311622","0.2"
"2606311622","223412768","0.2"
"223412768","48900568","0.2"
"48900568","223412768","0.2"
"2596777608","2606311622","0.2"
"2606311622","2596777608","0.2"
"2596777608","48900568","0.2"
"48900568","2596777608","0.2"
"2606311622","48900568","0.2"
"48900568","2606311622","0.2"
"1538497504","2278507260","1.33333"
"2278507260","1538497504","1.33333"
"2149058896","2278507260","0.333333"
"2278507260","2149058896","0.333333"
"223412768","2278507260","0.333333"
"2278507260","223412768","0.333333"
"1561289899","157286947","0.642857"
"157286947","1561289899","0.642857"
"1561289899","1975163634","0.642857"
"1975163634","1561289899","0.642857"
"1561289899","2007502498","0.342857"
"2007502498","1561289899","0.342857"
"1561289899","2025941961","0.142857"
"2025941961","1561289899","0.142857"
"1561289899","2099001177","2.95397"
"2099001177","1561289899","2.95397"
"1561289899","2503186613","0.142857"
"2503186613","1561289899","0.142857"
"1561289899","2913749502","0.142857"
"2913749502","1561289899","0.142857"
"157286947","1975163634","0.642857"
"1975163634","157286947","0.642857"
"157286947","2007502498","0.142857"
"2007502498","157286947","0.142857"
"157286947","2025941961","0.142857"
"2025941961","157286947","0.142857"
"157286947","2099001177","0.642857"
"2099001177","157286947","0.642857"
"157286947","2503186613","0.142857"
"2503186613","157286947","0.142857"
"157286947","2913749502","0.142857"
"2913749502","157286947","0.142857"
"1975163634","2007502498","0.642857"
"2007502498","1975163634","0.642857"
"1975163634","2025941961","0.642857"
"2025941961","1975163634","0.642857"
"1975163634","2099001177","0.142857"
"2099001177","1975163634","0.142857"
"1975163634","2503186613","0.142857"
"2503186613","1975163634","0.142857"
"1975163634","2913749502","0.142857"
"2913749502","1975163634","0.142857"
"2007502498","2025941961","4.64286"
"2025941961","2007502498","4.64286"
"2007502498","2099001177","0.342857"
"2099001177","2007502498","0.342857"
"2007502498","2503186613","0.142857"
"2503186613","2007502498","0.142857"
"2007502498","2913749502","0.642857"
"2913749502","2007502498","0.642857"
"2025941961","2099001177","0.142857"
"2099001177","2025941961","0.142857"
"2025941961","2503186613","0.142857"
"2503186613","2025941961","0.142857"
"2025941961","2913749502","0.142857"
"2913749502","2025941961","0.142857"
"2099001177","2503186613","7.14286"
"2503186613","2099001177","7.14286"
"2099001177","2913749502","0.142857"
"2913749502","2099001177","0.142857"
"2503186613","2913749502","0.142857"
"2913749502","2503186613","0.142857"
"1561289899","2278507260","1"
"2278507260","1561289899","1"
"1561289899","1568702141","1.31111"
"1568702141","1561289899","1.31111"
"1568702141","1975163634","1"
"1975163634","1568702141","1"
"1561289899","1600061906","0.611111"
"1600061906","1561289899","0.611111"
"1561289899","1928429288","0.111111"
"1928429288","1561289899","0.111111"
"1561289899","2013010513","0.311111"
"2013010513","1561289899","0.311111"
"1561289899","2022437850","0.111111"
"2022437850","1561289899","0.111111"
"1561289899","2058751158","0.111111"
"2058751158","1561289899","0.111111"
"1561289899","2340058185","0.311111"
"2340058185","1561289899","0.311111"
"1561289899","2583116379","0.111111"
"2583116379","1561289899","0.111111"
"1568702141","1600061906","3.11111"
"1600061906","1568702141","3.11111"
"1568702141","1928429288","0.611111"
"1928429288","1568702141","0.611111"
"1568702141","2013010513","0.811111"
"2013010513","1568702141","0.811111"
"1568702141","2022437850","0.611111"
"2022437850","1568702141","0.611111"
"1568702141","2058751158","1.11111"
"2058751158","1568702141","1.11111"
"1568702141","2099001177","1.31111"
"2099001177","1568702141","1.31111"
"1568702141","2340058185","0.811111"
"2340058185","1568702141","0.811111"
"1568702141","2583116379","0.611111"
"2583116379","1568702141","0.611111"
"1600061906","1928429288","2.86111"
"1928429288","1600061906","2.86111"
"1600061906","2013010513","0.111111"
"2013010513","1600061906","0.111111"
"1600061906","2022437850","0.111111"
"2022437850","1600061906","0.111111"
"1600061906","2058751158","0.111111"
"2058751158","1600061906","0.111111"
"1600061906","2099001177","0.361111"
"2099001177","1600061906","0.361111"
"1600061906","2340058185","0.111111"
"2340058185","1600061906","0.111111"
"1600061906","2583116379","0.111111"
"2583116379","1600061906","0.111111"
"1928429288","2013010513","0.111111"
"2013010513","1928429288","0.111111"
"1928429288","2022437850","0.111111"
"2022437850","1928429288","0.111111"
"1928429288","2058751158","0.111111"
"2058751158","1928429288","0.111111"
"1928429288","2099001177","0.361111"
"2099001177","1928429288","0.361111"
"1928429288","2340058185","0.111111"
"2340058185","1928429288","0.111111"
"1928429288","2583116379","0.111111"
"2583116379","1928429288","0.111111"
"2013010513","2022437850","0.111111"
"2022437850","2013010513","0.111111"
"2013010513","2058751158","0.111111"
"2058751158","2013010513","0.111111"
"2013010513","2099001177","0.311111"
"2099001177","2013010513","0.311111"
"2013010513","2340058185","7.14444"
"2340058185","2013010513","7.14444"
"2013010513","2583116379","0.111111"
"2583116379","2013010513","0.111111"
"2022437850","2058751158","1.11111"
"2058751158","2022437850","1.11111"
"2022437850","2099001177","0.111111"
"2099001177","2022437850","0.111111"
"2022437850","2340058185","0.111111"
"2340058185","2022437850","0.111111"
"2022437850","2583116379","0.611111"
"2583116379","2022437850","0.611111"
"2058751158","2099001177","0.111111"
"2099001177","2058751158","0.111111"
"2058751158","2340058185","0.111111"
"2340058185","2058751158","0.111111"
"2058751158","2583116379","0.111111"
"2583116379","2058751158","0.111111"
"2099001177","2340058185","0.311111"
"2340058185","2099001177","0.311111"
"2099001177","2583116379","0.111111"
"2583116379","2099001177","0.111111"
"2340058185","2583116379","0.111111"
"2583116379","2340058185","0.111111"
"1568702141","2007502498","0.2"
"2007502498","1568702141","0.2"
"2007502498","2013010513","0.2"
"2013010513","2007502498","0.2"
"2007502498","2340058185","0.2"
"2340058185","2007502498","0.2"
"1568702141","2153604245","1.41667"
"2153604245","1568702141","1.41667"
"1568702141","2324855618","0.5"
"2324855618","1568702141","0.5"
"2153604245","2324855618","0.5"
"2324855618","2153604245","0.5"
"1568702141","2123733299","0.333333"
"2123733299","1568702141","0.333333"
"1600061906","2123733299","0.333333"
"2123733299","1600061906","0.333333"
"1928429288","2123733299","0.333333"
"2123733299","1928429288","0.333333"
"1568702141","1855553159","0.166667"
"1855553159","1568702141","0.166667"
"1568702141","2149831397","0.166667"
"2149831397","1568702141","0.166667"
"1568702141","2586536444","0.166667"
"2586536444","1568702141","0.166667"
"1600061906","1855553159","0.166667"
"1855553159","1600061906","0.166667"
"1600061906","2149831397","0.166667"
"2149831397","1600061906","0.166667"
"1600061906","2153604245","0.166667"
"2153604245","1600061906","0.166667"
"1600061906","2586536444","0.166667"
"2586536444","1600061906","0.166667"
"1855553159","1928429288","0.166667"
"1928429288","1855553159","0.166667"
"1855553159","2149831397","0.166667"
"2149831397","1855553159","0.166667"
"1855553159","2153604245","0.166667"
"2153604245","1855553159","0.166667"
"1855553159","2586536444","0.166667"
"2586536444","1855553159","0.166667"
"1928429288","2149831397","0.166667"
"2149831397","1928429288","0.166667"
"1928429288","2153604245","0.166667"
"2153604245","1928429288","0.166667"
"1928429288","2586536444","0.166667"
"2586536444","1928429288","0.166667"
"2149831397","2153604245","0.166667"
"2153604245","2149831397","0.166667"
"2149831397","2586536444","0.166667"
"2586536444","2149831397","0.166667"
"2153604245","2586536444","0.309524"
"2586536444","2153604245","0.309524"
"1568702141","1895742782","0.142857"
"1895742782","1568702141","0.142857"
"1568702141","1961388012","0.142857"
"1961388012","1568702141","0.142857"
"1568702141","2099340692","0.142857"
"2099340692","1568702141","0.142857"
"1568702141","2155692238","0.142857"
"2155692238","1568702141","0.142857"
"1568702141","2281830773","0.142857"
"2281830773","1568702141","0.142857"
"1568702141","2464969411","0.142857"
"2464969411","1568702141","0.142857"
"1568702141","2528101580","0.142857"
"2528101580","1568702141","0.142857"
"1895742782","1961388012","0.142857"
"1961388012","1895742782","0.142857"
"1895742782","2099340692","0.142857"
"2099340692","1895742782","0.142857"
"1895742782","2155692238","0.142857"
"2155692238","1895742782","0.142857"
"1895742782","2281830773","0.142857"
"2281830773","1895742782","0.142857"
"1895742782","2464969411","0.142857"
"2464969411","1895742782","0.142857"
"1895742782","2528101580","0.142857"
"2528101580","1895742782","0.142857"
"1961388012","2099340692","0.142857"
"2099340692","1961388012","0.142857"
"1961388012","2155692238","0.142857"
"2155692238","1961388012","0.142857"
"1961388012","2281830773","12.3976"
"2281830773","1961388012","12.3976"
"1961388012","2464969411","1.42144"
"2464969411","1961388012","1.42144"
"1961388012","2528101580","1.8643"
"2528101580","1961388012","1.8643"
"2099340692","2155692238","0.142857"
"2155692238","2099340692","0.142857"
"2099340692","2281830773","0.517857"
"2281830773","2099340692","0.517857"
"2099340692","2464969411","0.267857"
"2464969411","2099340692","0.267857"
"2099340692","2528101580","0.642857"
"2528101580","2099340692","0.642857"
"2155692238","2281830773","0.142857"
"2281830773","2155692238","0.142857"
"2155692238","2464969411","0.142857"
"2464969411","2155692238","0.142857"
"2155692238","2528101580","0.142857"
"2528101580","2155692238","0.142857"
"2281830773","2464969411","2.17422"
"2464969411","2281830773","2.17422"
"2281830773","2528101580","2.49207"
"2528101580","2281830773","2.49207"
"2464969411","2528101580","13.1826"
"2528101580","2464969411","13.1826"
"1568702141","2503186613","0.5"
"2503186613","1568702141","0.5"
"2153604245","2503186613","0.5"
"2503186613","2153604245","0.5"
"1568702141","2037473757","0.25"
"2037473757","1568702141","0.25"
"1568702141","2125091431","0.25"
"2125091431","1568702141","0.25"
"1568702141","2394891591","0.25"
"2394891591","1568702141","0.25"
"2037473757","2125091431","0.25"
"2125091431","2037473757","0.25"
"2037473757","2153604245","0.25"
"2153604245","2037473757","0.25"
"2037473757","2394891591","0.25"
"2394891591","2037473757","0.25"
"2125091431","2153604245","0.25"
"2153604245","2125091431","0.25"
"2125091431","2394891591","0.416667"
"2394891591","2125091431","0.416667"
"2153604245","2394891591","0.25"
"2394891591","2153604245","0.25"
"1568702141","157286947","0.5"
"157286947","1568702141","0.5"
"1568702141","2025941961","1"
"2025941961","1568702141","1"
"1600061906","2064769034","0.25"
"2064769034","1600061906","0.25"
"1600061906","2604249990","0.25"
"2604249990","1600061906","0.25"
"1928429288","2064769034","0.25"
"2064769034","1928429288","0.25"
"1928429288","2604249990","0.25"
"2604249990","1928429288","0.25"
"2064769034","2099001177","0.25"
"2099001177","2064769034","0.25"
"2064769034","2604249990","0.25"
"2604249990","2064769034","0.25"
"2099001177","2604249990","0.25"
"2604249990","2099001177","0.25"
"1836362512","2290178967","1.51989"
"2290178967","1836362512","1.51989"
"1836362512","2294480648","2.18393"
"2294480648","1836362512","2.18393"
"2290178967","2294480648","2.3506"
"2294480648","2290178967","2.3506"
"1836362512","1928474247","7.41434"
"1928474247","1836362512","7.41434"
"1836362512","1957954917","0.448465"
"1957954917","1836362512","0.448465"
"1836362512","1966691762","5.41434"
"1966691762","1836362512","5.41434"
"1836362512","1972546126","0.1125"
"1972546126","1836362512","0.1125"
"1836362512","1993705641","1.44846"
"1993705641","1836362512","1.44846"
"1836362512","2274330764","3.26989"
"2274330764","1836362512","3.26989"
"1836362512","2278507260","0.365132"
"2278507260","1836362512","0.365132"
"1836362512","2289782702","1.12704"
"2289782702","1836362512","1.12704"
"1836362512","2295439173","0.165132"
"2295439173","1836362512","0.165132"
"1836362512","2404963674","1.15958"
"2404963674","1836362512","1.15958"
"1836362512","2407241656","0.448465"
"2407241656","1836362512","0.448465"
"1836362512","2511018534","0.398214"
"2511018534","1836362512","0.398214"
"1836362512","86792954","0.307989"
"86792954","1836362512","0.307989"
"1836362512","92701407","0.0625"
"92701407","1836362512","0.0625"
"1928474247","1957954917","0.348465"
"1957954917","1928474247","0.348465"
"1928474247","1966691762","4.51434"
"1966691762","1928474247","4.51434"
"1928474247","1972546126","0.1125"
"1972546126","1928474247","0.1125"
"1928474247","1993705641","0.548465"
"1993705641","1928474247","0.548465"
"1928474247","2274330764","1.16989"
"2274330764","1928474247","1.16989"
"1928474247","2278507260","0.165132"
"2278507260","1928474247","0.165132"
"1928474247","2289782702","0.927036"
"2289782702","1928474247","0.927036"
"1928474247","2290178967","1.11989"
"2290178967","1928474247","1.11989"
"1928474247","2294480648","0.683929"
"2294480648","1928474247","0.683929"
"1928474247","2295439173","0.165132"
"2295439173","1928474247","0.165132"
"1928474247","2404963674","0.959576"
"2404963674","1928474247","0.959576"
"1928474247","2407241656","0.348465"
"2407241656","1928474247","0.348465"
"1928474247","2511018534","0.398214"
"2511018534","1928474247","0.398214"
"1928474247","86792954","0.407989"
"86792954","1928474247","0.407989"
"1928474247","92701407","0.0625"
"92701407","1928474247","0.0625"
"1957954917","1966691762","0.348465"
"1966691762","1957954917","0.348465"
"1957954917","1972546126","0.1125"
"1972546126","1957954917","0.1125"
"1957954917","1993705641","0.439374"
"1993705641","1957954917","0.439374"
"1957954917","2274330764","1.63937"
"2274330764","1957954917","1.63937"
"1957954917","2278507260","0.165132"
"2278507260","1957954917","0.165132"
"1957954917","2289782702","0.539374"
"2289782702","1957954917","0.539374"
"1957954917","2290178967","0.939374"
"2290178967","1957954917","0.939374"
"1957954917","2294480648","0.1125"
"2294480648","1957954917","0.1125"
"1957954917","2295439173","0.256041"
"2295439173","1957954917","0.256041"
"1957954917","2404963674","0.115132"
"2404963674","1957954917","0.115132"
"1957954917","2407241656","2.63937"
"2407241656","1957954917","2.63937"
"1957954917","2511018534","0.1125"
"2511018534","1957954917","0.1125"
"1957954917","86792954","0.356041"
"86792954","1957954917","0.356041"
"1957954917","92701407","0.3125"
"92701407","1957954917","0.3125"
"1966691762","1972546126","0.1125"
"1972546126","1966691762","0.1125"
"1966691762","1993705641","0.548465"
"1993705641","1966691762","0.548465"
"1966691762","2274330764","1.66989"
"2274330764","1966691762","1.66989"
"1966691762","2278507260","0.165132"
"2278507260","1966691762","0.165132"
"1966691762","2289782702","0.927036"
"2289782702","1966691762","0.927036"
"1966691762","2290178967","1.11989"
"2290178967","1966691762","1.11989"
"1966691762","2294480648","0.683929"
"2294480648","1966691762","0.683929"
"1966691762","2295439173","0.165132"
"2295439173","1966691762","0.165132"
"1966691762","2404963674","0.959576"
"2404963674","1966691762","0.959576"
"1966691762","2407241656","0.348465"
"2407241656","1966691762","0.348465"
"1966691762","2511018534","0.398214"
"2511018534","1966691762","0.398214"
"1966691762","86792954","0.407989"
"86792954","1966691762","0.407989"
"1966691762","92701407","0.0625"
"92701407","1966691762","0.0625"
"1972546126","1993705641","1.1125"
"1993705641","1972546126","1.1125"
"1972546126","2274330764","0.1125"
"2274330764","1972546126","0.1125"
"1972546126","2278507260","0.1125"
"2278507260","1972546126","0.1125"
"1972546126","2289782702","0.1125"
"2289782702","1972546126","0.1125"
"1972546126","2290178967","0.1125"
"2290178967","1972546126","0.1125"
"1972546126","2294480648","0.1125"
"2294480648","1972546126","0.1125"
"1972546126","2295439173","0.1125"
"2295439173","1972546126","0.1125"
"1972546126","2404963674","0.0625"
"2404963674","1972546126","0.0625"
"1972546126","2407241656","0.1125"
"2407241656","1972546126","0.1125"
"1972546126","2511018534","0.1125"
"2511018534","1972546126","0.1125"
"1972546126","86792954","0.1125"
"86792954","1972546126","0.1125"
"1972546126","92701407","0.0625"
"92701407","1972546126","0.0625"
"1993705641","2274330764","0.439374"
"2274330764","1993705641","0.439374"
"1993705641","2278507260","0.498465"
"2278507260","1993705641","0.498465"
"1993705641","2289782702","0.339374"
"2289782702","1993705641","0.339374"
"1993705641","2290178967","0.639374"
"2290178967","1993705641","0.639374"
"1993705641","2294480648","0.1125"
"2294480648","1993705641","0.1125"
"1993705641","2295439173","0.256041"
"2295439173","1993705641","0.256041"
"1993705641","2404963674","0.315132"
"2404963674","1993705641","0.315132"
"1993705641","2407241656","0.439374"
"2407241656","1993705641","0.439374"
"1993705641","2511018534","0.1125"
"2511018534","1993705641","0.1125"
"1993705641","86792954","0.356041"
"86792954","1993705641","0.356041"
"2274330764","2278507260","0.165132"
"2278507260","2274330764","0.165132"
"2274330764","2289782702","2.21795"
"2289782702","2274330764","2.21795"
"2274330764","2290178967","2.17747"
"2290178967","2274330764","2.17747"
"2274330764","2294480648","1.8506"
"2294480648","2274330764","1.8506"
"2274330764","2295439173","0.256041"
"2295439173","2274330764","0.256041"
"2274330764","2404963674","0.115132"
"2404963674","2274330764","0.115132"
"2274330764","2407241656","1.13937"
"2407241656","2274330764","1.13937"
"2274330764","2511018534","0.564881"
"2511018534","2274330764","0.564881"
"2274330764","86792954","0.665564"
"86792954","2274330764","0.665564"
"2274330764","92701407","0.3125"
"92701407","2274330764","0.3125"
"2278507260","2289782702","0.498465"
"2289782702","2278507260","0.498465"
"2278507260","2290178967","0.698465"
"2290178967","2278507260","0.698465"
"2278507260","2294480648","0.1125"
"2294480648","2278507260","0.1125"
"2278507260","2295439173","0.498465"
"2295439173","2278507260","0.498465"
"2278507260","2404963674","0.315132"
"2404963674","2278507260","0.315132"
"2278507260","2407241656","0.498465"
"2407241656","2278507260","0.498465"
"2278507260","2511018534","0.1125"
"2511018534","2278507260","0.1125"
"2278507260","86792954","0.365132"
"86792954","2278507260","0.365132"
"2278507260","92701407","0.0625"
"92701407","2278507260","0.0625"
"2289782702","2290178967","1.01795"
"2290178967","2289782702","1.01795"
"2289782702","2294480648","0.541071"
"2294480648","2289782702","0.541071"
"2289782702","2295439173","0.839374"
"2295439173","2289782702","0.839374"
"2289782702","2404963674","0.115132"
"2404963674","2289782702","0.115132"
"2289782702","2407241656","1.12271"
"2407241656","2289782702","1.12271"
"2289782702","2511018534","0.398214"
"2511018534","2289782702","0.398214"
"2289782702","86792954","0.506041"
"86792954","2289782702","0.506041"
"2289782702","92701407","0.0625"
"92701407","2289782702","0.0625"
"2290178967","2295439173","0.756041"
"2295439173","2290178967","0.756041"
"2290178967","2404963674","0.315132"
"2404963674","2290178967","0.315132"
"2290178967","2407241656","1.52271"
"2407241656","2290178967","1.52271"
"2290178967","2511018534","0.564881"
"2511018534","2290178967","0.564881"
"2290178967","86792954","10.3156"
"86792954","2290178967","10.3156"
"2290178967","92701407","0.0625"
"92701407","2290178967","0.0625"
"2294480648","2295439173","0.1125"
"2295439173","2294480648","0.1125"
"2294480648","2404963674","0.0625"
"2404963674","2294480648","0.0625"
"2294480648","2407241656","0.1125"
"2407241656","2294480648","0.1125"
"2294480648","2511018534","1.56488"
"2511018534","2294480648","1.56488"
"2294480648","86792954","0.422024"
"86792954","2294480648","0.422024"
"2294480648","92701407","0.0625"
"92701407","2294480648","0.0625"
"2295439173","2404963674","0.115132"
"2404963674","2295439173","0.115132"
"2295439173","2407241656","2.67271"
"2407241656","2295439173","2.67271"
"2295439173","2511018534","0.1125"
"2511018534","2295439173","0.1125"
"2295439173","86792954","0.506041"
"86792954","2295439173","0.506041"
"2295439173","92701407","0.0625"
"92701407","2295439173","0.0625"
"2404963674","2407241656","0.115132"
"2407241656","2404963674","0.115132"
"2404963674","2511018534","0.0625"
"2511018534","2404963674","0.0625"
"2404963674","86792954","0.115132"
"86792954","2404963674","0.115132"
"2404963674","92701407","3.39583"
"92701407","2404963674","3.39583"
"2407241656","2511018534","0.1125"
"2511018534","2407241656","0.1125"
"2407241656","86792954","0.606041"
"86792954","2407241656","0.606041"
"2407241656","92701407","0.3125"
"92701407","2407241656","0.3125"
"2511018534","86792954","0.279167"
"86792954","2511018534","0.279167"
"2511018534","92701407","0.0625"
"92701407","2511018534","0.0625"
"86792954","92701407","1.0625"
"92701407","86792954","1.0625"
"1836362512","2493974890","0.297076"
"2493974890","1836362512","0.297076"
"1836362512","2508829962","0.185965"
"2508829962","1836362512","0.185965"
"1836362512","2529668542","0.471679"
"2529668542","1836362512","0.471679"
"1836362512","2979524274","0.0833333"
"2979524274","1836362512","0.0833333"
"1928474247","2493974890","0.397076"
"2493974890","1928474247","0.397076"
"1928474247","2508829962","0.185965"
"2508829962","1928474247","0.185965"
"1928474247","2529668542","0.571679"
"2529668542","1928474247","0.571679"
"1928474247","2979524274","0.0833333"
"2979524274","1928474247","0.0833333"
"1957954917","2493974890","0.285965"
"2493974890","1957954917","0.285965"
"1957954917","2508829962","0.185965"
"2508829962","1957954917","0.185965"
"1957954917","2529668542","0.376874"
"2529668542","1957954917","0.376874"
"1957954917","2979524274","0.333333"
"2979524274","1957954917","0.333333"
"1966691762","2493974890","0.897076"
"2493974890","1966691762","0.897076"
"1966691762","2508829962","0.185965"
"2508829962","1966691762","0.185965"
"1966691762","2529668542","0.571679"
"2529668542","1966691762","0.571679"
"1966691762","2979524274","0.0833333"
"2979524274","1966691762","0.0833333"
"1993705641","2493974890","0.397076"
"2493974890","1993705641","0.397076"
"1993705641","2508829962","0.685965"
"2508829962","1993705641","0.685965"
"1993705641","2529668542","0.710207"
"2529668542","1993705641","0.710207"
"1993705641","2979524274","0.583333"
"2979524274","1993705641","0.583333"
"2274330764","2493974890","0.785965"
"2493974890","2274330764","0.785965"
"2274330764","2508829962","0.185965"
"2508829962","2274330764","0.185965"
"2274330764","2529668542","0.662588"
"2529668542","2274330764","0.662588"
"2274330764","2979524274","1.66667"
"2979524274","2274330764","1.66667"
"2289782702","2493974890","0.185965"
"2493974890","2289782702","0.185965"
"2289782702","2508829962","0.185965"
"2508829962","2289782702","0.185965"
"2289782702","2529668542","0.419731"
"2529668542","2289782702","0.419731"
"2289782702","2979524274","0.0833333"
"2979524274","2289782702","0.0833333"
"2290178967","2493974890","0.285965"
"2493974890","2290178967","0.285965"
"2290178967","2508829962","0.185965"
"2508829962","2290178967","0.185965"
"2290178967","2529668542","0.662588"
"2529668542","2290178967","0.662588"
"2290178967","2979524274","0.0833333"
"2979524274","2290178967","0.0833333"
"2407241656","2493974890","0.285965"
"2493974890","2407241656","0.285965"
"2407241656","2508829962","0.185965"
"2508829962","2407241656","0.185965"
"2407241656","2529668542","0.376874"
"2529668542","2407241656","0.376874"
"2407241656","2979524274","0.333333"
"2979524274","2407241656","0.333333"
"2493974890","2508829962","2.72717"
"2508829962","2493974890","2.72717"
"2493974890","2529668542","2.57717"
"2529668542","2493974890","2.57717"
"2493974890","2979524274","0.0833333"
"2979524274","2493974890","0.0833333"
"2508829962","2529668542","2.67717"
"2529668542","2508829962","2.67717"
"2508829962","2979524274","0.0833333"
"2979524274","2508829962","0.0833333"
"2529668542","2979524274","0.0833333"
"2979524274","2529668542","0.0833333"
"1836362512","1973078379","0.2"
"1973078379","1836362512","0.2"
"1836362512","2097049455","0.511111"
"2097049455","1836362512","0.511111"
"1836362512","2811474420","0.2"
"2811474420","1836362512","0.2"
"1973078379","2097049455","0.2"
"2097049455","1973078379","0.2"
"1973078379","2278507260","1.2"
"2278507260","1973078379","1.2"
"1973078379","2404963674","0.2"
"2404963674","1973078379","0.2"
"1973078379","2811474420","0.2"
"2811474420","1973078379","0.2"
"2097049455","2278507260","0.533333"
"2278507260","2097049455","0.533333"
"2097049455","2404963674","0.511111"
"2404963674","2097049455","0.511111"
"2097049455","2811474420","0.2"
"2811474420","2097049455","0.2"
"2278507260","2811474420","0.2"
"2811474420","2278507260","0.2"
"2404963674","2811474420","0.2"
"2811474420","2404963674","0.2"
"2294480648","2529668542","0.335714"
"2529668542","2294480648","0.335714"
"2529668542","86792954","0.936398"
"86792954","2529668542","0.936398"
"1836362512","2736967642","0.602632"
"2736967642","1836362512","0.602632"
"2274330764","2736967642","1.44354"
"2736967642","2274330764","1.44354"
"1836362512","2531238163","0.102632"
"2531238163","1836362512","0.102632"
"1836362512","2659830789","0.102632"
"2659830789","1836362512","0.102632"
"1836362512","2733523681","0.0526316"
"2733523681","1836362512","0.0526316"
"1928474247","2531238163","0.102632"
"2531238163","1928474247","0.102632"
"1928474247","2659830789","0.102632"
"2659830789","1928474247","0.102632"
"1928474247","2733523681","0.0526316"
"2733523681","1928474247","0.0526316"
"1928474247","2736967642","0.102632"
"2736967642","1928474247","0.102632"
"1957954917","2531238163","0.102632"
"2531238163","1957954917","0.102632"
"1957954917","2659830789","0.102632"
"2659830789","1957954917","0.102632"
"1957954917","2733523681","0.0526316"
"2733523681","1957954917","0.0526316"
"1957954917","2736967642","0.443541"
"2736967642","1957954917","0.443541"
"1966691762","2531238163","0.102632"
"2531238163","1966691762","0.102632"
"1966691762","2659830789","0.102632"
"2659830789","1966691762","0.102632"
"1966691762","2733523681","0.0526316"
"2733523681","1966691762","0.0526316"
"1966691762","2736967642","0.102632"
"2736967642","1966691762","0.102632"
"1993705641","2531238163","0.102632"
"2531238163","1993705641","0.102632"
"1993705641","2659830789","0.102632"
"2659830789","1993705641","0.102632"
"1993705641","2733523681","0.0526316"
"2733523681","1993705641","0.0526316"
"1993705641","2736967642","0.193541"
"2736967642","1993705641","0.193541"
"2274330764","2531238163","0.102632"
"2531238163","2274330764","0.102632"
"2274330764","2659830789","0.102632"
"2659830789","2274330764","0.102632"
"2274330764","2733523681","0.0526316"
"2733523681","2274330764","0.0526316"
"2278507260","2493974890","0.102632"
"2493974890","2278507260","0.102632"
"2278507260","2508829962","0.102632"
"2508829962","2278507260","0.102632"
"2278507260","2529668542","0.435965"
"2529668542","2278507260","0.435965"
"2278507260","2531238163","0.102632"
"2531238163","2278507260","0.102632"
"2278507260","2659830789","0.102632"
"2659830789","2278507260","0.102632"
"2278507260","2733523681","0.0526316"
"2733523681","2278507260","0.0526316"
"2278507260","2736967642","0.102632"
"2736967642","2278507260","0.102632"
"2289782702","2531238163","0.102632"
"2531238163","2289782702","0.102632"
"2289782702","2659830789","0.102632"
"2659830789","2289782702","0.102632"
"2289782702","2733523681","0.0526316"
"2733523681","2289782702","0.0526316"
"2289782702","2736967642","0.193541"
"2736967642","2289782702","0.193541"
"2290178967","2531238163","0.102632"
"2531238163","2290178967","0.102632"
"2290178967","2659830789","0.102632"
"2659830789","2290178967","0.102632"
"2290178967","2733523681","0.0526316"
"2733523681","2290178967","0.0526316"
"2290178967","2736967642","0.193541"
"2736967642","2290178967","0.193541"
"2295439173","2493974890","0.102632"
"2493974890","2295439173","0.102632"
"2295439173","2508829962","0.102632"
"2508829962","2295439173","0.102632"
"2295439173","2529668542","0.193541"
"2529668542","2295439173","0.193541"
"2295439173","2531238163","0.102632"
"2531238163","2295439173","0.102632"
"2295439173","2659830789","0.102632"
"2659830789","2295439173","0.102632"
"2295439173","2733523681","0.0526316"
"2733523681","2295439173","0.0526316"
"2295439173","2736967642","0.193541"
"2736967642","2295439173","0.193541"
"2404963674","2493974890","0.163743"
"2493974890","2404963674","0.163743"
"2404963674","2508829962","0.0526316"
"2508829962","2404963674","0.0526316"
"2404963674","2529668542","0.0526316"
"2529668542","2404963674","0.0526316"
"2404963674","2531238163","0.0526316"
"2531238163","2404963674","0.0526316"
"2404963674","2659830789","0.0526316"
"2659830789","2404963674","0.0526316"
"2404963674","2733523681","0.0526316"
"2733523681","2404963674","0.0526316"
"2404963674","2736967642","0.0526316"
"2736967642","2404963674","0.0526316"
"2407241656","2531238163","0.102632"
"2531238163","2407241656","0.102632"
"2407241656","2659830789","0.102632"
"2659830789","2407241656","0.102632"
"2407241656","2733523681","0.0526316"
"2733523681","2407241656","0.0526316"
"2407241656","2736967642","0.443541"
"2736967642","2407241656","0.443541"
"2493974890","2531238163","1.22717"
"2531238163","2493974890","1.22717"
"2493974890","2659830789","1.15575"
"2659830789","2493974890","1.15575"
"2493974890","2733523681","0.689078"
"2733523681","2493974890","0.689078"
"2493974890","2736967642","0.102632"
"2736967642","2493974890","0.102632"
"2493974890","86792954","0.202632"
"86792954","2493974890","0.202632"
"2508829962","2531238163","3.02717"
"2531238163","2508829962","3.02717"
"2508829962","2659830789","3.28908"
"2659830789","2508829962","3.28908"
"2508829962","2733523681","2.32241"
"2733523681","2508829962","2.32241"
"2508829962","2736967642","0.102632"
"2736967642","2508829962","0.102632"
"2508829962","86792954","0.102632"
"86792954","2508829962","0.102632"
"2529668542","2531238163","1.09384"
"2531238163","2529668542","1.09384"
"2529668542","2659830789","2.02241"
"2659830789","2529668542","2.02241"
"2529668542","2733523681","0.972412"
"2733523681","2529668542","0.972412"
"2529668542","2736967642","0.193541"
"2736967642","2529668542","0.193541"
"2531238163","2659830789","4.03194"
"2659830789","2531238163","4.03194"
"2531238163","2733523681","2.07241"
"2733523681","2531238163","2.07241"
"2531238163","2736967642","0.102632"
"2736967642","2531238163","0.102632"
"2531238163","86792954","0.102632"
"86792954","2531238163","0.102632"
"2659830789","2733523681","4.5486"
"2733523681","2659830789","4.5486"
"2659830789","2736967642","0.602632"
"2736967642","2659830789","0.602632"
"2659830789","86792954","0.102632"
"86792954","2659830789","0.102632"
"2733523681","2736967642","1.05263"
"2736967642","2733523681","1.05263"
"2733523681","86792954","0.0526316"
"86792954","2733523681","0.0526316"
"2736967642","86792954","0.193541"
"86792954","2736967642","0.193541"
"1836362512","2515246120","0.311111"
"2515246120","1836362512","0.311111"
"1928474247","2097049455","0.311111"
"2097049455","1928474247","0.311111"
"1928474247","2515246120","0.311111"
"2515246120","1928474247","0.311111"
"1966691762","2097049455","0.311111"
"2097049455","1966691762","0.311111"
"1966691762","2515246120","0.311111"
"2515246120","1966691762","0.311111"
"2097049455","2515246120","0.644444"
"2515246120","2097049455","0.644444"
"2404963674","2515246120","1.31111"
"2515246120","2404963674","1.31111"
"1972546126","2493974890","0.05"
"2493974890","1972546126","0.05"
"1972546126","2508829962","0.05"
"2508829962","1972546126","0.05"
"1972546126","2529668542","0.05"
"2529668542","1972546126","0.05"
"1972546126","2531238163","0.05"
"2531238163","1972546126","0.05"
"1972546126","2659830789","0.05"
"2659830789","1972546126","0.05"
"1972546126","2736967642","0.05"
"2736967642","1972546126","0.05"
"2294480648","2493974890","0.05"
"2493974890","2294480648","0.05"
"2294480648","2508829962","0.05"
"2508829962","2294480648","0.05"
"2294480648","2531238163","0.05"
"2531238163","2294480648","0.05"
"2294480648","2659830789","0.05"
"2659830789","2294480648","0.05"
"2294480648","2736967642","0.05"
"2736967642","2294480648","0.05"
"2493974890","2511018534","0.05"
"2511018534","2493974890","0.05"
"2508829962","2511018534","0.05"
"2511018534","2508829962","0.05"
"2511018534","2529668542","0.05"
"2529668542","2511018534","0.05"
"2511018534","2531238163","0.05"
"2531238163","2511018534","0.05"
"2511018534","2659830789","0.05"
"2659830789","2511018534","0.05"
"2511018534","2736967642","0.05"
"2736967642","2511018534","0.05"
"1836362512","2051367274","0.111111"
"2051367274","1836362512","0.111111"
"1836362512","2523739949","0.111111"
"2523739949","1836362512","0.111111"
"1836362512","2973188804","0.611111"
"2973188804","1836362512","0.611111"
"1928474247","2051367274","0.111111"
"2051367274","1928474247","0.111111"
"1928474247","2523739949","0.111111"
"2523739949","1928474247","0.111111"
"1928474247","2973188804","0.211111"
"2973188804","1928474247","0.211111"
"1966691762","2051367274","0.111111"
"2051367274","1966691762","0.111111"
"1966691762","2523739949","0.111111"
"2523739949","1966691762","0.111111"
"1966691762","2973188804","0.211111"
"2973188804","1966691762","0.211111"
"2051367274","2097049455","0.111111"
"2097049455","2051367274","0.111111"
"2051367274","2404963674","0.111111"
"2404963674","2051367274","0.111111"
"2051367274","2493974890","0.111111"
"2493974890","2051367274","0.111111"
"2051367274","2515246120","0.111111"
"2515246120","2051367274","0.111111"
"2051367274","2523739949","0.111111"
"2523739949","2051367274","0.111111"
"2051367274","2973188804","0.111111"
"2973188804","2051367274","0.111111"
"2097049455","2493974890","2.67063"
"2493974890","2097049455","2.67063"
"2097049455","2523739949","0.111111"
"2523739949","2097049455","0.111111"
"2097049455","2973188804","0.444444"
"2973188804","2097049455","0.444444"
"2404963674","2523739949","0.111111"
"2523739949","2404963674","0.111111"
"2404963674","2973188804","0.111111"
"2973188804","2404963674","0.111111"
"2493974890","2515246120","0.111111"
"2515246120","2493974890","0.111111"
"2493974890","2523739949","0.315018"
"2523739949","2493974890","0.315018"
"2493974890","2973188804","0.211111"
"2973188804","2493974890","0.211111"
"2515246120","2523739949","0.111111"
"2523739949","2515246120","0.111111"
"2515246120","2973188804","0.944444"
"2973188804","2515246120","0.944444"
"2523739949","2973188804","0.111111"
"2973188804","2523739949","0.111111"
"1836362512","1971488669","0.2"
"1971488669","1836362512","0.2"
"1957954917","1971488669","0.290909"
"1971488669","1957954917","0.290909"
"1971488669","2274330764","0.290909"
"2274330764","1971488669","0.290909"
"1971488669","2289782702","0.290909"
"2289782702","1971488669","0.290909"
"1971488669","2407241656","0.290909"
"2407241656","1971488669","0.290909"
"2274330764","2973188804","0.6"
"2973188804","2274330764","0.6"
"1855553159","1984462474","20.3667"
"1984462474","1855553159","20.3667"
"1855553159","2290178967","3.36667"
"2290178967","1855553159","3.36667"
"1855553159","86792954","2.03333"
"86792954","1855553159","2.03333"
"1984462474","2290178967","5.4"
"2290178967","1984462474","5.4"
"1984462474","86792954","2.9"
"86792954","1984462474","2.9"
"1855553159","2322299939","0.2"
"2322299939","1855553159","0.2"
"1855553159","2969743506","0.2"
"2969743506","1855553159","0.2"
"1984462474","2322299939","2.23333"
"2322299939","1984462474","2.23333"
"1984462474","2969743506","0.2"
"2969743506","1984462474","0.2"
"2290178967","2322299939","0.4"
"2322299939","2290178967","0.4"
"2290178967","2969743506","0.2"
"2969743506","2290178967","0.2"
"2322299939","2969743506","0.2"
"2969743506","2322299939","0.2"
"2322299939","86792954","0.4"
"86792954","2322299939","0.4"
"2969743506","86792954","0.2"
"86792954","2969743506","0.2"
"1855553159","2294480648","0.666667"
"2294480648","1855553159","0.666667"
"1984462474","2294480648","0.666667"
"2294480648","1984462474","0.666667"
"1855553159","2278507260","0.333333"
"2278507260","1855553159","0.333333"
"1984462474","2278507260","0.533333"
"2278507260","1984462474","0.533333"
"1855553159","2527995297","0.5"
"2527995297","1855553159","0.5"
"1984462474","2527995297","0.5"
"2527995297","1984462474","0.5"
"1855553159","2039294696","1"
"2039294696","1855553159","1"
"1855553159","2274330764","0.166667"
"2274330764","1855553159","0.166667"
"1855553159","2511018534","0.166667"
"2511018534","1855553159","0.166667"
"1984462474","2274330764","0.166667"
"2274330764","1984462474","0.166667"
"1984462474","2511018534","0.166667"
"2511018534","1984462474","0.166667"
"1895742782","2007502498","0.5"
"2007502498","1895742782","0.5"
"1895742782","2913749502","1.5"
"2913749502","1895742782","1.5"
"1895742782","2777763365","1"
"2777763365","1895742782","1"
"1913973877","2025062195","0.142857"
"2025062195","1913973877","0.142857"
"1913973877","2025941961","0.142857"
"2025941961","1913973877","0.142857"
"1913973877","2026388177","1.31905"
"2026388177","1913973877","1.31905"
"1913973877","2079380964","0.142857"
"2079380964","1913973877","0.142857"
"1913973877","2150887466","1.31905"
"2150887466","1913973877","1.31905"
"1913973877","2408453407","7.31905"
"2408453407","1913973877","7.31905"
"1913973877","2811474420","0.142857"
