"143386018","1463944966","1.04289"
"1463944966","143386018","1.04289"
"143386018","2054626033","3.88582"
"2054626033","143386018","3.88582"
"143386018","2111397260","1.80249"
"2111397260","143386018","1.80249"
"143386018","2127171880","3.22269"
"2127171880","143386018","3.22269"
"143386018","2146270836","1.71082"
"2146270836","143386018","1.71082"
"143386018","2404167293","1.63304"
"2404167293","143386018","1.63304"
"143386018","2739510617","1.00678"
"2739510617","143386018","1.00678"
"143386018","302789114","3.30249"
"302789114","143386018","3.30249"
"143386018","62917406","1.80249"
"62917406","143386018","1.80249"
"1463944966","2054626033","0.881782"
"2054626033","1463944966","0.881782"
"1463944966","2111397260","1.89012"
"2111397260","1463944966","1.89012"
"1463944966","2127171880","1.1881"
"2127171880","1463944966","1.1881"
"1463944966","2146270836","1.22345"
"2146270836","1463944966","1.22345"
"1463944966","2404167293","1.95797"
"2404167293","1463944966","1.95797"
"1463944966","2739510617","4.80242"
"2739510617","1463944966","4.80242"
"1463944966","302789114","2.23575"
"302789114","1463944966","2.23575"
"1463944966","62917406","1.89012"
"62917406","1463944966","1.89012"
"2054626033","2111397260","1.8759"
"2111397260","2054626033","1.8759"
"2054626033","2127171880","3.66277"
"2127171880","2054626033","3.66277"
"2054626033","2146270836","2.7759"
"2146270836","2054626033","2.7759"
"2054626033","2404167293","1.4386"
"2404167293","2054626033","1.4386"
"2054626033","2739510617","1.12345"
"2739510617","2054626033","1.12345"
"2054626033","302789114","4.78701"
"302789114","2054626033","4.78701"
"2054626033","62917406","1.8759"
"62917406","2054626033","1.8759"
"2111397260","2127171880","3.11555"
"2127171880","2111397260","3.11555"
"2111397260","2146270836","2.08979"
"2146270836","2111397260","2.08979"
"2111397260","2404167293","1.8886"
"2404167293","2111397260","1.8886"
"2111397260","2739510617","1.41789"
"2739510617","2111397260","1.41789"
"2111397260","302789114","4.19535"
"302789114","2111397260","4.19535"
"2111397260","62917406","18.4842"
"62917406","2111397260","18.4842"
"2127171880","2146270836","2.09888"
"2146270836","2127171880","2.09888"
"2127171880","2404167293","1.65325"
"2404167293","2127171880","1.65325"
"2127171880","2739510617","0.915873"
"2739510617","2127171880","0.915873"
"2127171880","302789114","11.9489"
"302789114","2127171880","11.9489"
"2127171880","62917406","2.11555"
"62917406","2127171880","2.11555"
"2146270836","2404167293","1.18027"
"2404167293","2146270836","1.18027"
"2146270836","2739510617","1.27623"
"2739510617","2146270836","1.27623"
"2146270836","302789114","2.88701"
"302789114","2146270836","2.88701"
"2146270836","62917406","2.08979"
"62917406","2146270836","2.08979"
"2404167293","2739510617","1.40242"
"2739510617","2404167293","1.40242"
"2404167293","302789114","2.23424"
"302789114","2404167293","2.23424"
"2404167293","62917406","1.8886"
"62917406","2404167293","1.8886"
"2739510617","302789114","1.07464"
"302789114","2739510617","1.07464"
"2739510617","62917406","1.41789"
"62917406","2739510617","1.41789"
"302789114","62917406","3.19535"
"62917406","302789114","3.19535"
"143386018","1466389411","1.87471"
"1466389411","143386018","1.87471"
"143386018","1987516957","1.04646"
"1987516957","143386018","1.04646"
"143386018","2009226705","0.85"
"2009226705","143386018","0.85"
"143386018","2038368865","1.06111"
"2038368865","143386018","1.06111"
"1466389411","1987516957","1.06035"
"1987516957","1466389411","1.06035"
"1466389411","2009226705","1.475"
"2009226705","1466389411","1.475"
"1466389411","2038368865","0.575"
"2038368865","1466389411","0.575"
"1987516957","2009226705","0.475"
"2009226705","1987516957","0.475"
"1987516957","2038368865","3.01944"
"2038368865","1987516957","3.01944"
"2009226705","2038368865","2.225"
"2038368865","2009226705","2.225"
"143386018","2113266120","1.25956"
"2113266120","143386018","1.25956"
"2054626033","2113266120","3.18575"
"2113266120","2054626033","3.18575"
"2113266120","2127171880","2.00242"
"2127171880","2113266120","2.00242"
"2113266120","2146270836","1.19964"
"2146270836","2113266120","1.19964"
"2113266120","302789114","3.31908"
"302789114","2113266120","3.31908"
"1463944966","1466389411","3.96353"
"1466389411","1463944966","3.96353"
"1466389411","2054626033","1.77193"
"2054626033","1466389411","1.77193"
"1466389411","2127171880","1.92825"
"2127171880","1466389411","1.92825"
"1466389411","2739510617","2.32464"
"2739510617","1466389411","2.32464"
"143386018","2155873597","0.512338"
"2155873597","143386018","0.512338"
"143386018","2346878720","1.42749"
"2346878720","143386018","1.42749"
"2054626033","2155873597","0.512338"
"2155873597","2054626033","0.512338"
"2054626033","2346878720","1.83304"
"2346878720","2054626033","1.83304"
"2111397260","2113266120","1.25797"
"2113266120","2111397260","1.25797"
"2111397260","2155873597","0.567893"
"2155873597","2111397260","0.567893"
"2111397260","2346878720","2.05249"
"2346878720","2111397260","2.05249"
"2113266120","2155873597","0.171429"
"2155873597","2113266120","0.171429"
"2113266120","2346878720","0.651227"
"2346878720","2113266120","0.651227"
"2113266120","2404167293","0.345671"
"2404167293","2113266120","0.345671"
"2113266120","62917406","1.25797"
"62917406","2113266120","1.25797"
"2127171880","2155873597","0.53254"
"2155873597","2127171880","0.53254"
"2127171880","2346878720","1.59491"
"2346878720","2127171880","1.59491"
"2146270836","2155873597","0.942893"
"2155873597","2146270836","0.942893"
"2146270836","2346878720","1.67749"
"2346878720","2146270836","1.67749"
"2155873597","2346878720","1.22464"
"2346878720","2155873597","1.22464"
"2155873597","2404167293","0.83575"
"2404167293","2155873597","0.83575"
"2155873597","302789114","3.14131"
"302789114","2155873597","3.14131"
"2155873597","62917406","0.567893"
"62917406","2155873597","0.567893"
"2346878720","2404167293","3.6009"
"2404167293","2346878720","3.6009"
"2346878720","302789114","6.70924"
"302789114","2346878720","6.70924"
"2346878720","62917406","2.05249"
"62917406","2346878720","2.05249"
"1466389411","2111397260","3.0636"
"2111397260","1466389411","3.0636"
"1466389411","2346878720","5.43701"
"2346878720","1466389411","5.43701"
"1466389411","62917406","3.0636"
"62917406","1466389411","3.0636"
"1987516957","2111397260","0.953211"
"2111397260","1987516957","0.953211"
"1987516957","2346878720","0.513131"
"2346878720","1987516957","0.513131"
"1987516957","62917406","0.953211"
"62917406","1987516957","0.953211"
"1466389411","2113266120","0.681782"
"2113266120","1466389411","0.681782"
"1466389411","2146270836","1.87749"
"2146270836","1466389411","1.87749"
"1466389411","302789114","6.15924"
"302789114","1466389411","6.15924"
"1987516957","2054626033","3.86432"
"2054626033","1987516957","3.86432"
"1987516957","2113266120","2.40599"
"2113266120","1987516957","2.40599"
"1987516957","2127171880","1.76432"
"2127171880","1987516957","1.76432"
"1987516957","2146270836","0.628211"
"2146270836","1987516957","0.628211"
"1987516957","302789114","2.86432"
"302789114","1987516957","2.86432"
"2038368865","2054626033","1.01944"
"2054626033","2038368865","1.01944"
"2038368865","2111397260","0.325"
"2111397260","2038368865","0.325"
"2038368865","2113266120","0.561111"
"2113266120","2038368865","0.561111"
"2038368865","2127171880","0.336111"
"2127171880","2038368865","0.336111"
"2038368865","2146270836","0.311111"
"2146270836","2038368865","0.311111"
"2038368865","302789114","1.01944"
"302789114","2038368865","1.01944"
"2038368865","62917406","0.325"
"62917406","2038368865","0.325"
"143386018","1931604409","0.667893"
"1931604409","143386018","0.667893"
"1463944966","1931604409","1.71429"
"1931604409","1463944966","1.71429"
"1463944966","2346878720","2.94408"
"2346878720","1463944966","2.94408"
"1466389411","1931604409","1.47186"
"1931604409","1466389411","1.47186"
"1466389411","2404167293","3.02868"
"2404167293","1466389411","3.02868"
"1931604409","2111397260","1.704"
"2111397260","1931604409","1.704"
"1931604409","2127171880","0.904004"
"2127171880","1931604409","0.904004"
"1931604409","2146270836","1.84012"
"2146270836","1931604409","1.84012"
"1931604409","2346878720","1.33853"
"2346878720","1931604409","1.33853"
"1931604409","2404167293","0.846861"
"2404167293","1931604409","0.846861"
"1931604409","62917406","1.704"
"62917406","1931604409","1.704"
"1931604409","1987516957","0.111111"
"1987516957","1931604409","0.111111"
"1931604409","2038368865","0.111111"
"2038368865","1931604409","0.111111"
"1931604409","2054626033","1.14012"
"2054626033","1931604409","1.14012"
"1931604409","2113266120","0.549206"
"2113266120","1931604409","0.549206"
"1931604409","302789114","1.56075"
"302789114","1931604409","1.56075"
"2038368865","2346878720","0.111111"
"2346878720","2038368865","0.111111"
"1463944966","2155873597","0.902417"
"2155873597","1463944966","0.902417"
"1466389411","2155873597","1.15242"
"2155873597","1466389411","1.15242"
"1931604409","2155873597","1.14484"
"2155873597","1931604409","1.14484"
"1931604409","2739510617","1.1004"
"2739510617","1931604409","1.1004"
"2155873597","2739510617","0.791306"
"2739510617","2155873597","0.791306"
"2346878720","2739510617","3.74131"
"2739510617","2346878720","3.74131"
"1463944966","2113266120","0.279762"
"2113266120","1463944966","0.279762"
"2113266120","2739510617","0.521429"
"2739510617","2113266120","0.521429"
"2009226705","2054626033","0.475"
"2054626033","2009226705","0.475"
"2009226705","2111397260","0.225"
"2111397260","2009226705","0.225"
"2009226705","2113266120","0.35"
"2113266120","2009226705","0.35"
"2009226705","2146270836","0.1"
"2146270836","2009226705","0.1"
"2009226705","302789114","0.475"
"302789114","2009226705","0.475"
"2009226705","62917406","0.225"
"62917406","2009226705","0.225"
"143386018","189499990","0.890909"
"189499990","143386018","0.890909"
"189499990","2054626033","0.890909"
"2054626033","189499990","0.890909"
"189499990","2127171880","1.89091"
"2127171880","189499990","1.89091"
"189499990","2404167293","0.890909"
"2404167293","189499990","0.890909"
"189499990","302789114","0.890909"
"302789114","189499990","0.890909"
"1466389411","189499990","0.0909091"
"189499990","1466389411","0.0909091"
"189499990","1931604409","0.0909091"
"1931604409","189499990","0.0909091"
"189499990","2111397260","0.0909091"
"2111397260","189499990","0.0909091"
"189499990","2146270836","1.09091"
"2146270836","189499990","1.09091"
"189499990","2346878720","0.0909091"
"2346878720","189499990","0.0909091"
"189499990","62917406","0.0909091"
"62917406","189499990","0.0909091"
"1987516957","2404167293","0.174242"
"2404167293","1987516957","0.174242"
"1463944966","1987516957","0.0833333"
"1987516957","1463944966","0.0833333"
"1987516957","2739510617","0.0833333"
"2739510617","1987516957","0.0833333"
"2009226705","2127171880","0.125"
"2127171880","2009226705","0.125"
"2347111810","2592789682","1.5"
"2592789682","2347111810","1.5"
"2347111810","2953028665","0.5"
"2953028665","2347111810","0.5"
"2592789682","2953028665","70.5"
"2953028665","2592789682","70.5"
