"1555370146","1603198476","0.75"
"1603198476","1555370146","0.75"
"1555370146","1979838027","3.25"
"1979838027","1555370146","3.25"
"1555370146","2104611964","3.25"
"2104611964","1555370146","3.25"
"1555370146","2127351027","1.75"
"2127351027","1555370146","1.75"
"1603198476","1979838027","1.41667"
"1979838027","1603198476","1.41667"
"1603198476","2104611964","1.41667"
"2104611964","1603198476","1.41667"
"1603198476","2127351027","0.75"
"2127351027","1603198476","0.75"
"1979838027","2104611964","7.91667"
"2104611964","1979838027","7.91667"
"1979838027","2127351027","1.75"
"2127351027","1979838027","1.75"
"2104611964","2127351027","1.75"
"2127351027","2104611964","1.75"
"1555370146","1585696680","2.2"
"1585696680","1555370146","2.2"
"1555370146","2141375261","2.5"
"2141375261","1555370146","2.5"
"1555370146","1889467935","0.5"
"1889467935","1555370146","0.5"
"1889467935","2141375261","4.31429"
"2141375261","1889467935","4.31429"
"1555370146","2009088652","0.2"
"2009088652","1555370146","0.2"
"1555370146","2069621299","0.2"
"2069621299","1555370146","0.2"
"1555370146","2078916261","0.2"
"2078916261","1555370146","0.2"
"1555370146","2118216684","0.2"
"2118216684","1555370146","0.2"
"1585696680","2009088652","1.51905"
"2009088652","1585696680","1.51905"
"1585696680","2069621299","8.25238"
"2069621299","1585696680","8.25238"
"1585696680","2078916261","1.70952"
"2078916261","1585696680","1.70952"
"1585696680","2118216684","1.61905"
"2118216684","1585696680","1.61905"
"2009088652","2069621299","1.26905"
"2069621299","2009088652","1.26905"
"2009088652","2078916261","2.45119"
"2078916261","2009088652","2.45119"
"2009088652","2118216684","6.61905"
"2118216684","2009088652","6.61905"
"2069621299","2078916261","1.25952"
"2078916261","2069621299","1.25952"
"2069621299","2118216684","1.86905"
"2118216684","2069621299","1.86905"
"2078916261","2118216684","2.32619"
"2118216684","2078916261","2.32619"
"1585696680","2013501977","1.40952"
"2013501977","1585696680","1.40952"
"1585696680","2145218911","0.833333"
"2145218911","1585696680","0.833333"
"2009088652","2013501977","1.67619"
"2013501977","2009088652","1.67619"
"2009088652","2145218911","0.958333"
"2145218911","2009088652","0.958333"
"2013501977","2118216684","1.27619"
"2118216684","2013501977","1.27619"
"2013501977","2145218911","0.833333"
"2145218911","2013501977","0.833333"
"2118216684","2145218911","1.33333"
"2145218911","2118216684","1.33333"
"1585696680","1603198476","0.666667"
"1603198476","1585696680","0.666667"
"1585696680","2127458842","1.66667"
"2127458842","1585696680","1.66667"
"1603198476","2127458842","0.666667"
"2127458842","1603198476","0.666667"
"1585696680","1889467935","1.09762"
"1889467935","1585696680","1.09762"
"1889467935","2069621299","0.897619"
"2069621299","1889467935","0.897619"
"1585696680","2197327087","1.16667"
"2197327087","1585696680","1.16667"
"1585696680","2040987689","1.41667"
"2040987689","1585696680","1.41667"
"2009088652","2040987689","0.533333"
"2040987689","2009088652","0.533333"
"2013501977","2040987689","1.33333"
"2040987689","2013501977","1.33333"
"2013501977","2069621299","1.52619"
"2069621299","2013501977","1.52619"
"2013501977","2078916261","0.333333"
"2078916261","2013501977","0.333333"
"2040987689","2069621299","1.66667"
"2069621299","2040987689","1.66667"
"2040987689","2078916261","0.916667"
"2078916261","2040987689","0.916667"
"2040987689","2118216684","0.533333"
"2118216684","2040987689","0.533333"
"2040987689","2145218911","0.440476"
"2145218911","2040987689","0.440476"
"2069621299","2145218911","1.33333"
"2145218911","2069621299","1.33333"
"2078916261","2145218911","0.565476"
"2145218911","2078916261","0.565476"
"1585696680","2127351027","0.480952"
"2127351027","1585696680","0.480952"
"1585696680","2141375261","0.62381"
"2141375261","1585696680","0.62381"
"2013501977","2127351027","0.480952"
"2127351027","2013501977","0.480952"
"2013501977","2141375261","0.480952"
"2141375261","2013501977","0.480952"
"2127351027","2141375261","2.81429"
"2141375261","2127351027","2.81429"
"1585696680","1964947344","0.433333"
"1964947344","1585696680","0.433333"
"1585696680","2092155715","0.147619"
"2092155715","1585696680","0.147619"
"1585696680","2120794936","0.147619"
"2120794936","1585696680","0.147619"
"1585696680","2145763283","0.147619"
"2145763283","1585696680","0.147619"
"1889467935","1964947344","0.147619"
"1964947344","1889467935","0.147619"
"1889467935","2013501977","0.397619"
"2013501977","1889467935","0.397619"
"1889467935","2092155715","0.147619"
"2092155715","1889467935","0.147619"
"1889467935","2118216684","0.347619"
"2118216684","1889467935","0.347619"
"1889467935","2120794936","1.98095"
"2120794936","1889467935","1.98095"
"1889467935","2127351027","1.48095"
"2127351027","1889467935","1.48095"
"1889467935","2145763283","0.147619"
"2145763283","1889467935","0.147619"
"1964947344","2013501977","1.29048"
"2013501977","1964947344","1.29048"
"1964947344","2069621299","0.683333"
"2069621299","1964947344","0.683333"
"1964947344","2092155715","0.147619"
"2092155715","1964947344","0.147619"
"1964947344","2118216684","0.433333"
"2118216684","1964947344","0.433333"
"1964947344","2120794936","0.272619"
"2120794936","1964947344","0.272619"
"1964947344","2127351027","0.147619"
"2127351027","1964947344","0.147619"
"1964947344","2141375261","0.290476"
"2141375261","1964947344","0.290476"
"1964947344","2145763283","1.14762"
"2145763283","1964947344","1.14762"
"2013501977","2092155715","0.147619"
"2092155715","2013501977","0.147619"
"2013501977","2120794936","0.147619"
"2120794936","2013501977","0.147619"
"2013501977","2145763283","3.34762"
"2145763283","2013501977","3.34762"
"2069621299","2092155715","0.147619"
"2092155715","2069621299","0.147619"
"2069621299","2120794936","0.147619"
"2120794936","2069621299","0.147619"
"2069621299","2127351027","0.147619"
"2127351027","2069621299","0.147619"
"2069621299","2141375261","1.29048"
"2141375261","2069621299","1.29048"
"2069621299","2145763283","1.59762"
"2145763283","2069621299","1.59762"
"2092155715","2118216684","0.147619"
"2118216684","2092155715","0.147619"
"2092155715","2120794936","0.147619"
"2120794936","2092155715","0.147619"
"2092155715","2127351027","0.147619"
"2127351027","2092155715","0.147619"
"2092155715","2141375261","0.147619"
"2141375261","2092155715","0.147619"
"2092155715","2145763283","3.14762"
"2145763283","2092155715","3.14762"
"2118216684","2120794936","0.347619"
"2120794936","2118216684","0.347619"
"2118216684","2127351027","0.147619"
"2127351027","2118216684","0.147619"
"2118216684","2141375261","0.490476"
"2141375261","2118216684","0.490476"
"2118216684","2145763283","0.347619"
"2145763283","2118216684","0.347619"
"2120794936","2127351027","0.147619"
"2127351027","2120794936","0.147619"
"2120794936","2141375261","0.480952"
"2141375261","2120794936","0.480952"
"2120794936","2145763283","0.147619"
"2145763283","2120794936","0.147619"
"2127351027","2145763283","0.147619"
"2145763283","2127351027","0.147619"
"2141375261","2145763283","0.147619"
"2145763283","2141375261","0.147619"
"1585696680","2003464588","0.440476"
"2003464588","1585696680","0.440476"
"1585696680","2055481645","0.047619"
"2055481645","1585696680","0.047619"
"1585696680","2168694763","0.047619"
"2168694763","1585696680","0.047619"
"1585696680","2772185092","0.047619"
"2772185092","1585696680","0.047619"
"1585696680","2808619793","0.547619"
"2808619793","1585696680","0.547619"
"1585696680","2990967211","0.690476"
"2990967211","1585696680","0.690476"
"1585696680","3011731370","0.547619"
"3011731370","1585696680","0.547619"
"1889467935","2003464588","1.29762"
"2003464588","1889467935","1.29762"
"1889467935","2009088652","0.247619"
"2009088652","1889467935","0.247619"
"1889467935","2040987689","0.047619"
"2040987689","1889467935","0.047619"
"1889467935","2055481645","0.880952"
"2055481645","1889467935","0.880952"
"1889467935","2078916261","0.747619"
"2078916261","1889467935","0.747619"
"1889467935","2145218911","0.047619"
"2145218911","1889467935","0.047619"
"1889467935","2168694763","0.380952"
"2168694763","1889467935","0.380952"
"1889467935","2772185092","0.047619"
"2772185092","1889467935","0.047619"
"1889467935","2808619793","0.047619"
"2808619793","1889467935","0.047619"
"1889467935","2990967211","0.047619"
"2990967211","1889467935","0.047619"
"1889467935","3011731370","0.047619"
"3011731370","1889467935","0.047619"
"1964947344","2003464588","0.047619"
"2003464588","1964947344","0.047619"
"1964947344","2009088652","0.333333"
"2009088652","1964947344","0.333333"
"1964947344","2040987689","0.547619"
"2040987689","1964947344","0.547619"
"1964947344","2055481645","0.172619"
"2055481645","1964947344","0.172619"
"1964947344","2078916261","0.190476"
"2078916261","1964947344","0.190476"
"1964947344","2145218911","0.190476"
"2145218911","1964947344","0.190476"
"1964947344","2168694763","3.29762"
"2168694763","1964947344","3.29762"
"1964947344","2772185092","0.172619"
"2772185092","1964947344","0.172619"
"1964947344","2808619793","0.172619"
"2808619793","1964947344","0.172619"
"1964947344","2990967211","0.190476"
"2990967211","1964947344","0.190476"
"1964947344","3011731370","0.172619"
"3011731370","1964947344","0.172619"
"2003464588","2009088652","0.590476"
"2009088652","2003464588","0.590476"
"2003464588","2013501977","0.640476"
"2013501977","2003464588","0.640476"
"2003464588","2040987689","0.390476"
"2040987689","2003464588","0.390476"
"2003464588","2055481645","0.247619"
"2055481645","2003464588","0.247619"
"2003464588","2069621299","0.640476"
"2069621299","2003464588","0.640476"
"2003464588","2078916261","0.190476"
"2078916261","2003464588","0.190476"
"2003464588","2092155715","0.047619"
"2092155715","2003464588","0.047619"
"2003464588","2118216684","0.590476"
"2118216684","2003464588","0.590476"
"2003464588","2120794936","0.247619"
"2120794936","2003464588","0.247619"
"2003464588","2127351027","0.047619"
"2127351027","2003464588","0.047619"
"2003464588","2141375261","0.047619"
"2141375261","2003464588","0.047619"
"2003464588","2145218911","1.04762"
"2145218911","2003464588","1.04762"
"2003464588","2145763283","0.247619"
"2145763283","2003464588","0.247619"
"2003464588","2168694763","0.047619"
"2168694763","2003464588","0.047619"
"2003464588","2772185092","0.047619"
"2772185092","2003464588","0.047619"
"2003464588","2808619793","0.047619"
"2808619793","2003464588","0.047619"
"2003464588","2990967211","0.047619"
"2990967211","2003464588","0.047619"
"2003464588","3011731370","0.047619"
"3011731370","2003464588","0.047619"
"2009088652","2055481645","0.372619"
"2055481645","2009088652","0.372619"
"2009088652","2092155715","0.047619"
"2092155715","2009088652","0.047619"
"2009088652","2120794936","0.247619"
"2120794936","2009088652","0.247619"
"2009088652","2127351027","0.047619"
"2127351027","2009088652","0.047619"
"2009088652","2141375261","0.390476"
"2141375261","2009088652","0.390476"
"2009088652","2145763283","0.747619"
"2145763283","2009088652","0.747619"
"2009088652","2168694763","0.247619"
"2168694763","2009088652","0.247619"
"2009088652","2772185092","0.422619"
"2772185092","2009088652","0.422619"
"2009088652","2808619793","0.422619"
"2808619793","2009088652","0.422619"
"2009088652","2990967211","0.390476"
"2990967211","2009088652","0.390476"
"2009088652","3011731370","0.297619"
"3011731370","2009088652","0.297619"
"2013501977","2055481645","0.047619"
"2055481645","2013501977","0.047619"
"2013501977","2168694763","0.047619"
"2168694763","2013501977","0.047619"
"2013501977","2772185092","0.047619"
"2772185092","2013501977","0.047619"
"2013501977","2808619793","0.047619"
"2808619793","2013501977","0.047619"
"2013501977","2990967211","0.190476"
"2990967211","2013501977","0.190476"
"2013501977","3011731370","0.047619"
"3011731370","2013501977","0.047619"
"2040987689","2055481645","0.247619"
"2055481645","2040987689","0.247619"
"2040987689","2092155715","0.047619"
"2092155715","2040987689","0.047619"
"2040987689","2120794936","0.247619"
"2120794936","2040987689","0.247619"
"2040987689","2127351027","0.047619"
"2127351027","2040987689","0.047619"
"2040987689","2141375261","0.047619"
"2141375261","2040987689","0.047619"
"2040987689","2145763283","3.54762"
"2145763283","2040987689","3.54762"
"2040987689","2168694763","0.047619"
"2168694763","2040987689","0.047619"
"2040987689","2772185092","0.047619"
"2772185092","2040987689","0.047619"
"2040987689","2808619793","0.047619"
"2808619793","2040987689","0.047619"
"2040987689","2990967211","2.54762"
"2990967211","2040987689","2.54762"
"2040987689","3011731370","0.047619"
"3011731370","2040987689","0.047619"
"2055481645","2069621299","0.047619"
"2069621299","2055481645","0.047619"
"2055481645","2078916261","0.172619"
"2078916261","2055481645","0.172619"
"2055481645","2092155715","0.047619"
"2092155715","2055481645","0.047619"
"2055481645","2118216684","0.247619"
"2118216684","2055481645","0.247619"
"2055481645","2120794936","6.87262"
"2120794936","2055481645","6.87262"
"2055481645","2127351027","0.047619"
"2127351027","2055481645","0.047619"
"2055481645","2141375261","0.380952"
"2141375261","2055481645","0.380952"
"2055481645","2145218911","0.172619"
"2145218911","2055481645","0.172619"
"2055481645","2145763283","0.047619"
"2145763283","2055481645","0.047619"
"2055481645","2168694763","0.047619"
"2168694763","2055481645","0.047619"
"2055481645","2772185092","0.630952"
"2772185092","2055481645","0.630952"
"2055481645","2808619793","0.297619"
"2808619793","2055481645","0.297619"
"2055481645","2990967211","0.047619"
"2990967211","2055481645","0.047619"
"2055481645","3011731370","0.172619"
"3011731370","2055481645","0.172619"
"2069621299","2168694763","0.047619"
"2168694763","2069621299","0.047619"
"2069621299","2772185092","0.047619"
"2772185092","2069621299","0.047619"
"2069621299","2808619793","0.047619"
"2808619793","2069621299","0.047619"
"2069621299","2990967211","0.190476"
"2990967211","2069621299","0.190476"
"2069621299","3011731370","0.047619"
"3011731370","2069621299","0.047619"
"2078916261","2092155715","0.047619"
"2092155715","2078916261","0.047619"
"2078916261","2120794936","0.047619"
"2120794936","2078916261","0.047619"
"2078916261","2127351027","0.047619"
"2127351027","2078916261","0.047619"
"2078916261","2141375261","0.390476"
"2141375261","2078916261","0.390476"
"2078916261","2145763283","0.047619"
"2145763283","2078916261","0.047619"
"2078916261","2168694763","0.247619"
"2168694763","2078916261","0.247619"
"2078916261","2772185092","0.172619"
"2772185092","2078916261","0.172619"
"2078916261","2808619793","0.172619"
"2808619793","2078916261","0.172619"
"2078916261","2990967211","0.247619"
"2990967211","2078916261","0.247619"
"2078916261","3011731370","0.047619"
"3011731370","2078916261","0.047619"
"2092155715","2145218911","0.047619"
"2145218911","2092155715","0.047619"
"2092155715","2168694763","0.047619"
"2168694763","2092155715","0.047619"
"2092155715","2772185092","0.047619"
"2772185092","2092155715","0.047619"
"2092155715","2808619793","0.047619"
"2808619793","2092155715","0.047619"
"2092155715","2990967211","0.047619"
"2990967211","2092155715","0.047619"
"2092155715","3011731370","0.047619"
"3011731370","2092155715","0.047619"
"2118216684","2168694763","0.247619"
"2168694763","2118216684","0.247619"
"2118216684","2772185092","0.297619"
"2772185092","2118216684","0.297619"
"2118216684","2808619793","0.297619"
"2808619793","2118216684","0.297619"
"2118216684","2990967211","0.390476"
"2990967211","2118216684","0.390476"
"2118216684","3011731370","0.297619"
"3011731370","2118216684","0.297619"
"2120794936","2145218911","0.047619"
"2145218911","2120794936","0.047619"
"2120794936","2168694763","0.047619"
"2168694763","2120794936","0.047619"
"2120794936","2772185092","0.505952"
"2772185092","2120794936","0.505952"
"2120794936","2808619793","0.172619"
"2808619793","2120794936","0.172619"
"2120794936","2990967211","0.047619"
"2990967211","2120794936","0.047619"
"2120794936","3011731370","0.172619"
"3011731370","2120794936","0.172619"
"2127351027","2145218911","0.047619"
"2145218911","2127351027","0.047619"
"2127351027","2168694763","0.380952"
"2168694763","2127351027","0.380952"
"2127351027","2772185092","0.047619"
"2772185092","2127351027","0.047619"
"2127351027","2808619793","0.047619"
"2808619793","2127351027","0.047619"
"2127351027","2990967211","0.047619"
"2990967211","2127351027","0.047619"
"2127351027","3011731370","0.047619"
"3011731370","2127351027","0.047619"
"2141375261","2145218911","0.047619"
"2145218911","2141375261","0.047619"
"2141375261","2168694763","1.58095"
"2168694763","2141375261","1.58095"
"2141375261","2772185092","0.047619"
"2772185092","2141375261","0.047619"
"2141375261","2808619793","0.047619"
"2808619793","2141375261","0.047619"
"2141375261","2990967211","0.247619"
"2990967211","2141375261","0.247619"
"2141375261","3011731370","0.047619"
"3011731370","2141375261","0.047619"
"2145218911","2145763283","0.047619"
"2145763283","2145218911","0.047619"
"2145218911","2168694763","0.047619"
"2168694763","2145218911","0.047619"
"2145218911","2772185092","0.172619"
"2772185092","2145218911","0.172619"
"2145218911","2808619793","0.172619"
"2808619793","2145218911","0.172619"
"2145218911","2990967211","0.190476"
"2990967211","2145218911","0.190476"
"2145218911","3011731370","0.047619"
"3011731370","2145218911","0.047619"
"2145763283","2168694763","0.047619"
"2168694763","2145763283","0.047619"
"2145763283","2772185092","0.047619"
"2772185092","2145763283","0.047619"
"2145763283","2808619793","0.047619"
"2808619793","2145763283","0.047619"
"2145763283","2990967211","0.047619"
"2990967211","2145763283","0.047619"
"2145763283","3011731370","0.047619"
"3011731370","2145763283","0.047619"
"2168694763","2772185092","0.047619"
"2772185092","2168694763","0.047619"
"2168694763","2808619793","0.047619"
"2808619793","2168694763","0.047619"
"2168694763","2990967211","0.247619"
"2990967211","2168694763","0.247619"
"2168694763","3011731370","0.047619"
"3011731370","2168694763","0.047619"
"2772185092","2808619793","0.547619"
"2808619793","2772185092","0.547619"
"2772185092","2990967211","0.047619"
"2990967211","2772185092","0.047619"
"2772185092","3011731370","0.422619"
"3011731370","2772185092","0.422619"
"2808619793","2990967211","0.047619"
"2990967211","2808619793","0.047619"
"2808619793","3011731370","7.92262"
"3011731370","2808619793","7.92262"
"2990967211","3011731370","0.047619"
"3011731370","2990967211","0.047619"
"1585696680","2167098219","1.41667"
"2167098219","1585696680","1.41667"
"2009088652","2167098219","0.375"
"2167098219","2009088652","0.375"
"2078916261","2167098219","0.375"
"2167098219","2078916261","0.375"
"2118216684","2167098219","0.25"
"2167098219","2118216684","0.25"
"1585696680","2951534494","1.14286"
"2951534494","1585696680","1.14286"
"1964947344","2951534494","0.142857"
"2951534494","1964947344","0.142857"
"2009088652","2951534494","0.142857"
"2951534494","2009088652","0.142857"
"2069621299","2951534494","0.142857"
"2951534494","2069621299","0.142857"
"2078916261","2951534494","0.142857"
"2951534494","2078916261","0.142857"
"2118216684","2951534494","0.142857"
"2951534494","2118216684","0.142857"
"2141375261","2951534494","0.142857"
"2951534494","2141375261","0.142857"
"1585696680","1979838027","0.166667"
"1979838027","1585696680","0.166667"
"1585696680","2104611964","0.166667"
"2104611964","1585696680","0.166667"
"1603198476","2167098219","0.166667"
"2167098219","1603198476","0.166667"
"1603198476","2197327087","0.166667"
"2197327087","1603198476","0.166667"
"1979838027","2127458842","0.166667"
"2127458842","1979838027","0.166667"
"1979838027","2167098219","0.166667"
"2167098219","1979838027","0.166667"
"1979838027","2197327087","0.166667"
"2197327087","1979838027","0.166667"
"2104611964","2127458842","0.166667"
"2127458842","2104611964","0.166667"
"2104611964","2167098219","0.166667"
"2167098219","2104611964","0.166667"
"2104611964","2197327087","0.166667"
"2197327087","2104611964","0.166667"
"2127458842","2167098219","0.166667"
"2167098219","2127458842","0.166667"
"2127458842","2197327087","1.16667"
"2197327087","2127458842","1.16667"
"2167098219","2197327087","0.166667"
"2197327087","2167098219","0.166667"
"1585696680","2072498986","0.2"
"2072498986","1585696680","0.2"
"1889467935","2072498986","0.2"
"2072498986","1889467935","0.2"
"2009088652","2072498986","0.325"
"2072498986","2009088652","0.325"
"2072498986","2078916261","0.325"
"2078916261","2072498986","0.325"
"2072498986","2118216684","0.2"
"2118216684","2072498986","0.2"
"1603198476","1964947344","0.25"
"1964947344","1603198476","0.25"
"1603198476","2168694763","0.25"
"2168694763","1603198476","0.25"
"1603198476","2200663004","0.25"
"2200663004","1603198476","0.25"
"1603198476","2315222646","0.25"
"2315222646","1603198476","0.25"
"1964947344","2200663004","0.25"
"2200663004","1964947344","0.25"
"1964947344","2315222646","0.5"
"2315222646","1964947344","0.5"
"2168694763","2200663004","0.25"
"2200663004","2168694763","0.25"
"2168694763","2315222646","1.25"
"2315222646","2168694763","1.25"
"2200663004","2315222646","0.25"
"2315222646","2200663004","0.25"
"1603198476","2146328307","1"
"2146328307","1603198476","1"
"1816021237","2013501977","2.5"
"2013501977","1816021237","2.5"
"1816021237","2055481645","0.333333"
"2055481645","1816021237","0.333333"
"1816021237","2120794936","0.333333"
"2120794936","1816021237","0.333333"
"1816021237","3008252721","0.333333"
"3008252721","1816021237","0.333333"
"2055481645","3008252721","0.583333"
"3008252721","2055481645","0.583333"
"2120794936","3008252721","0.458333"
"3008252721","2120794936","0.458333"
"1816021237","2200663004","2"
"2200663004","1816021237","2"
"1816021237","1889467935","0.5"
"1889467935","1816021237","0.5"
"1816021237","2167098219","0.5"
"2167098219","1816021237","0.5"
"1889467935","2167098219","0.5"
"2167098219","1889467935","0.5"
"1816021237","2899396117","0.5"
"2899396117","1816021237","0.5"
"2200663004","2899396117","0.5"
"2899396117","2200663004","0.5"
"2013501977","2200663004","0.5"
"2200663004","2013501977","0.5"
"1816021237","2307477252","0.5"
"2307477252","1816021237","0.5"
"1816021237","2599414955","0.5"
"2599414955","1816021237","0.5"
"2307477252","2599414955","7.5"
"2599414955","2307477252","7.5"
"1889467935","2307477252","1"
"2307477252","1889467935","1"
"1889467935","2197327087","0.5"
"2197327087","1889467935","0.5"
"2078916261","2197327087","0.5"
"2197327087","2078916261","0.5"
"2013501977","2315222646","0.25"
"2315222646","2013501977","0.25"
"2040987689","2315222646","0.25"
"2315222646","2040987689","0.25"
"2145763283","2315222646","0.25"
"2315222646","2145763283","0.25"
"1964947344","2167098219","1"
"2167098219","1964947344","1"
"1964947344","2072498986","0.125"
"2072498986","1964947344","0.125"
"1964947344","2307477252","0.125"
"2307477252","1964947344","0.125"
"1964947344","3008252721","0.125"
"3008252721","1964947344","0.125"
"2055481645","2072498986","0.25"
"2072498986","2055481645","0.25"
"2055481645","2307477252","0.458333"
"2307477252","2055481645","0.458333"
"2072498986","2120794936","0.125"
"2120794936","2072498986","0.125"
"2072498986","2307477252","0.125"
"2307477252","2072498986","0.125"
"2072498986","2772185092","0.25"
"2772185092","2072498986","0.25"
"2072498986","2808619793","1.75"
"2808619793","2072498986","1.75"
"2072498986","3008252721","2.25"
"3008252721","2072498986","2.25"
"2072498986","3011731370","1.625"
"3011731370","2072498986","1.625"
"2120794936","2307477252","0.458333"
"2307477252","2120794936","0.458333"
"2307477252","2772185092","19.4583"
"2772185092","2307477252","19.4583"
"2307477252","2808619793","0.125"
"2808619793","2307477252","0.125"
"2307477252","3008252721","0.125"
"3008252721","2307477252","0.125"
"2307477252","3011731370","0.125"
"3011731370","2307477252","0.125"
"2772185092","3008252721","1.25"
"3008252721","2772185092","1.25"
"2808619793","3008252721","2.75"
"3008252721","2808619793","2.75"
"3008252721","3011731370","2.625"
"3011731370","3008252721","2.625"
"2009088652","3008252721","0.125"
"3008252721","2009088652","0.125"
"2055481645","2167098219","0.125"
"2167098219","2055481645","0.125"
"2072498986","2145218911","0.125"
"2145218911","2072498986","0.125"
"2072498986","2167098219","0.125"
"2167098219","2072498986","0.125"
"2078916261","3008252721","0.125"
"3008252721","2078916261","0.125"
"2145218911","2167098219","0.125"
"2167098219","2145218911","0.125"
"2145218911","3008252721","0.125"
"3008252721","2145218911","0.125"
"2167098219","2772185092","0.125"
"2772185092","2167098219","0.125"
"2167098219","2808619793","0.125"
"2808619793","2167098219","0.125"
"2167098219","3008252721","0.125"
"3008252721","2167098219","0.125"
"2037087278","2069621299","0.5"
"2069621299","2037087278","0.5"
"2037087278","2145763283","0.5"
"2145763283","2037087278","0.5"
"2092155715","2167098219","1"
"2167098219","2092155715","1"
"2145763283","2167098219","1"
"2167098219","2145763283","1"
"2146328307","2899396117","1"
"2899396117","2146328307","1"
"2197327087","2307477252","2"
"2307477252","2197327087","2"
"2197327087","2772185092","5"
"2772185092","2197327087","5"
"2197327087","2599414955","2"
"2599414955","2197327087","2"
"2599414955","2772185092","3"
"2772185092","2599414955","3"
