"124107535","2125343547","0.666667"
"2125343547","124107535","0.666667"
"124107535","2156633751","0.714286"
"2156633751","124107535","0.714286"
"124107535","2229564299","10.0052"
"2229564299","124107535","10.0052"
"2125343547","2156633751","0.666667"
"2156633751","2125343547","0.666667"
"2125343547","2229564299","0.666667"
"2229564299","2125343547","0.666667"
"2156633751","2229564299","0.714286"
"2229564299","2156633751","0.714286"
"124107535","2014341487","0.547619"
"2014341487","124107535","0.547619"
"124107535","2084462505","0.547619"
"2084462505","124107535","0.547619"
"2014341487","2084462505","14.2976"
"2084462505","2014341487","14.2976"
"124107535","2053998779","1.3961"
"2053998779","124107535","1.3961"
"124107535","2117994621","1.30758"
"2117994621","124107535","1.30758"
"2053998779","2117994621","0.974242"
"2117994621","2053998779","0.974242"
"2053998779","2229564299","1.00519"
"2229564299","2053998779","1.00519"
"2117994621","2229564299","2.87424"
"2229564299","2117994621","2.87424"
"124107535","1600910872","0.1"
"1600910872","124107535","0.1"
"124107535","2026532250","0.1"
"2026532250","124107535","0.1"
"124107535","2084998937","0.190909"
"2084998937","124107535","0.190909"
"124107535","2144892394","0.412771"
"2144892394","124107535","0.412771"
"124107535","2542247256","0.190909"
"2542247256","124107535","0.190909"
"124107535","2543577951","0.1"
"2543577951","124107535","0.1"
"124107535","2778086002","0.724242"
"2778086002","124107535","0.724242"
"124107535","2950530509","0.1"
"2950530509","124107535","0.1"
"1600910872","2026532250","0.1"
"2026532250","1600910872","0.1"
"1600910872","2053998779","0.1"
"2053998779","1600910872","0.1"
"1600910872","2084998937","0.1"
"2084998937","1600910872","0.1"
"1600910872","2117994621","0.1"
"2117994621","1600910872","0.1"
"1600910872","2144892394","0.1"
"2144892394","1600910872","0.1"
"1600910872","2542247256","0.1"
"2542247256","1600910872","0.1"
"1600910872","2543577951","0.1"
"2543577951","1600910872","0.1"
"1600910872","2778086002","0.1"
"2778086002","1600910872","0.1"
"1600910872","2950530509","6.6"
"2950530509","1600910872","6.6"
"2026532250","2053998779","0.1"
"2053998779","2026532250","0.1"
"2026532250","2084998937","0.1"
"2084998937","2026532250","0.1"
"2026532250","2117994621","0.1"
"2117994621","2026532250","0.1"
"2026532250","2144892394","0.1"
"2144892394","2026532250","0.1"
"2026532250","2542247256","0.3"
"2542247256","2026532250","0.3"
"2026532250","2543577951","0.3"
"2543577951","2026532250","0.3"
"2026532250","2778086002","0.1"
"2778086002","2026532250","0.1"
"2026532250","2950530509","0.1"
"2950530509","2026532250","0.1"
"2053998779","2084998937","0.190909"
"2084998937","2053998779","0.190909"
"2053998779","2144892394","0.468326"
"2144892394","2053998779","0.468326"
"2053998779","2542247256","0.246465"
"2542247256","2053998779","0.246465"
"2053998779","2543577951","0.1"
"2543577951","2053998779","0.1"
"2053998779","2778086002","0.390909"
"2778086002","2053998779","0.390909"
"2053998779","2950530509","0.1"
"2950530509","2053998779","0.1"
"2084998937","2117994621","0.190909"
"2117994621","2084998937","0.190909"
"2084998937","2144892394","0.357576"
"2144892394","2084998937","0.357576"
"2084998937","2542247256","0.357576"
"2542247256","2084998937","0.357576"
"2084998937","2543577951","0.266667"
"2543577951","2084998937","0.266667"
"2084998937","2778086002","0.190909"
"2778086002","2084998937","0.190909"
"2084998937","2950530509","0.1"
"2950530509","2084998937","0.1"
"2117994621","2144892394","0.440909"
"2144892394","2117994621","0.440909"
"2117994621","2542247256","0.190909"
"2542247256","2117994621","0.190909"
"2117994621","2543577951","0.1"
"2543577951","2117994621","0.1"
"2117994621","2778086002","5.22424"
"2778086002","2117994621","5.22424"
"2117994621","2950530509","0.1"
"2950530509","2117994621","0.1"
"2144892394","2542247256","0.413131"
"2542247256","2144892394","0.413131"
"2144892394","2543577951","0.266667"
"2543577951","2144892394","0.266667"
"2144892394","2778086002","0.190909"
"2778086002","2144892394","0.190909"
"2144892394","2950530509","0.1"
"2950530509","2144892394","0.1"
"2542247256","2543577951","3.43172"
"2543577951","2542247256","3.43172"
"2542247256","2778086002","0.531818"
"2778086002","2542247256","0.531818"
"2542247256","2950530509","0.1"
"2950530509","2542247256","0.1"
"2543577951","2778086002","0.440909"
"2778086002","2543577951","0.440909"
"2543577951","2950530509","0.1"
"2950530509","2543577951","0.1"
"2778086002","2950530509","0.1"
"2950530509","2778086002","0.1"
"2229564299","2778086002","0.957576"
"2778086002","2229564299","0.957576"
"124107535","1451223395","0.421861"
"1451223395","124107535","0.421861"
"124107535","2073226520","0.330952"
"2073226520","124107535","0.330952"
"124107535","2171328051","0.338528"
"2171328051","124107535","0.338528"
"124107535","2907745774","0.330952"
"2907745774","124107535","0.330952"
"1451223395","2053998779","1.47742"
"2053998779","1451223395","1.47742"
"1451223395","2073226520","2.13962"
"2073226520","1451223395","2.13962"
"1451223395","2171328051","3.12222"
"2171328051","1451223395","3.12222"
"1451223395","2907745774","1.67619"
"2907745774","1451223395","1.67619"
"2053998779","2073226520","1.55317"
"2073226520","2053998779","1.55317"
"2053998779","2171328051","0.727417"
"2171328051","2053998779","0.727417"
"2053998779","2907745774","0.830952"
"2907745774","2053998779","0.830952"
"2073226520","2171328051","5.72936"
"2171328051","2073226520","5.72936"
"2073226520","2907745774","2.64048"
"2907745774","2073226520","2.64048"
"2171328051","2907745774","2.53333"
"2907745774","2171328051","2.53333"
"124107535","2137604948","0.221861"
"2137604948","124107535","0.221861"
"124107535","2145610656","0.221861"
"2145610656","124107535","0.221861"
"124107535","2160321046","0.221861"
"2160321046","124107535","0.221861"
"124107535","2399464053","0.221861"
"2399464053","124107535","0.221861"
"124107535","2789789243","0.174242"
"2789789243","124107535","0.174242"
"124107535","2953208234","0.174242"
"2953208234","124107535","0.174242"
"1451223395","2137604948","0.777417"
"2137604948","1451223395","0.777417"
"1451223395","2144892394","2.25361"
"2144892394","1451223395","2.25361"
"1451223395","2145610656","0.698052"
"2145610656","1451223395","0.698052"
"1451223395","2160321046","0.420274"
"2160321046","1451223395","0.420274"
"1451223395","2229564299","0.130952"
"2229564299","1451223395","0.130952"
"1451223395","2399464053","2.06313"
"2399464053","1451223395","2.06313"
"1451223395","2789789243","0.778186"
"2789789243","1451223395","0.778186"
"1451223395","2953208234","0.778186"
"2953208234","1451223395","0.778186"
"2053998779","2137604948","0.61075"
"2137604948","2053998779","0.61075"
"2053998779","2145610656","0.221861"
"2145610656","2053998779","0.221861"
"2053998779","2160321046","0.277417"
"2160321046","2053998779","0.277417"
"2053998779","2399464053","2.11075"
"2399464053","2053998779","2.11075"
"2053998779","2789789243","0.174242"
"2789789243","2053998779","0.174242"
"2053998779","2953208234","0.174242"
"2953208234","2053998779","0.174242"
"2073226520","2137604948","0.519841"
"2137604948","2073226520","0.519841"
"2073226520","2144892394","0.186508"
"2144892394","2073226520","0.186508"
"2073226520","2145610656","0.464286"
"2145610656","2073226520","0.464286"
"2073226520","2160321046","0.519841"
"2160321046","2073226520","0.519841"
"2073226520","2229564299","0.464286"
"2229564299","2073226520","0.464286"
"2073226520","2399464053","2.49603"
"2399464053","2073226520","2.49603"
"2073226520","2789789243","0.160256"
"2789789243","2073226520","0.160256"
"2073226520","2953208234","0.160256"
"2953208234","2073226520","0.160256"
"2137604948","2144892394","1.47742"
"2144892394","2137604948","1.47742"
"2137604948","2145610656","0.221861"
"2145610656","2137604948","0.221861"
"2137604948","2160321046","1.47742"
"2160321046","2137604948","1.47742"
"2137604948","2229564299","1.63095"
"2229564299","2137604948","1.63095"
"2137604948","2399464053","0.61075"
"2399464053","2137604948","0.61075"
"2137604948","2789789243","0.174242"
"2789789243","2137604948","0.174242"
"2137604948","2907745774","1.13095"
"2907745774","2137604948","1.13095"
"2137604948","2953208234","0.174242"
"2953208234","2137604948","0.174242"
"2144892394","2145610656","0.698052"
"2145610656","2144892394","0.698052"
"2144892394","2160321046","0.620274"
"2160321046","2144892394","0.620274"
"2144892394","2229564299","0.221861"
"2229564299","2144892394","0.221861"
"2144892394","2399464053","0.420274"
"2399464053","2144892394","0.420274"
"2144892394","2789789243","0.174242"
"2789789243","2144892394","0.174242"
"2144892394","2907745774","0.27381"
"2907745774","2144892394","0.27381"
"2144892394","2953208234","0.174242"
"2953208234","2144892394","0.174242"
"2145610656","2160321046","4.94805"
"2160321046","2145610656","4.94805"
"2145610656","2229564299","0.130952"
"2229564299","2145610656","0.130952"
"2145610656","2399464053","0.698052"
"2399464053","2145610656","0.698052"
"2145610656","2789789243","0.174242"
"2789789243","2145610656","0.174242"
"2145610656","2907745774","0.27381"
"2907745774","2145610656","0.27381"
"2145610656","2953208234","0.174242"
"2953208234","2145610656","0.174242"
"2160321046","2229564299","0.130952"
"2229564299","2160321046","0.130952"
"2160321046","2399464053","0.753608"
"2399464053","2160321046","0.753608"
"2160321046","2789789243","0.174242"
"2789789243","2160321046","0.174242"
"2160321046","2907745774","0.27381"
"2907745774","2160321046","0.27381"
"2160321046","2953208234","0.174242"
"2953208234","2160321046","0.174242"
"2229564299","2399464053","0.130952"
"2399464053","2229564299","0.130952"
"2229564299","2789789243","0.0833333"
"2789789243","2229564299","0.0833333"
"2229564299","2907745774","0.130952"
"2907745774","2229564299","0.130952"
"2229564299","2953208234","0.0833333"
"2953208234","2229564299","0.0833333"
"2399464053","2789789243","0.174242"
"2789789243","2399464053","0.174242"
"2399464053","2907745774","0.416667"
"2907745774","2399464053","0.416667"
"2399464053","2953208234","0.174242"
"2953208234","2399464053","0.174242"
"2789789243","2907745774","0.0833333"
"2907745774","2789789243","0.0833333"
"2789789243","2953208234","29.756"
"2953208234","2789789243","29.756"
"2907745774","2953208234","0.0833333"
"2953208234","2907745774","0.0833333"
"124107535","2099019142","0.45"
"2099019142","124107535","0.45"
"2053998779","2099019142","0.45"
"2099019142","2053998779","0.45"
"2099019142","2117994621","2.61667"
"2117994621","2099019142","2.61667"
"2099019142","2229564299","0.45"
"2229564299","2099019142","0.45"
"2099019142","2778086002","1.86667"
"2778086002","2099019142","1.86667"
"124107535","2126736680","0.229437"
"2126736680","124107535","0.229437"
"124107535","2731213457","0.138528"
"2731213457","124107535","0.138528"
"1451223395","2126736680","0.138528"
"2126736680","1451223395","0.138528"
"1451223395","2731213457","0.138528"
"2731213457","1451223395","0.138528"
"2053998779","2126736680","0.229437"
"2126736680","2053998779","0.229437"
"2053998779","2731213457","0.138528"
"2731213457","2053998779","0.138528"
"2126736680","2137604948","0.138528"
"2137604948","2126736680","0.138528"
"2126736680","2144892394","3.22944"
"2144892394","2126736680","3.22944"
"2126736680","2145610656","0.138528"
"2145610656","2126736680","0.138528"
"2126736680","2160321046","0.138528"
"2160321046","2126736680","0.138528"
"2126736680","2399464053","0.138528"
"2399464053","2126736680","0.138528"
"2126736680","2731213457","2.63853"
"2731213457","2126736680","2.63853"
"2126736680","2789789243","0.0909091"
"2789789243","2126736680","0.0909091"
"2126736680","2953208234","0.0909091"
"2953208234","2126736680","0.0909091"
"2137604948","2731213457","0.338528"
"2731213457","2137604948","0.338528"
"2144892394","2731213457","1.33853"
"2731213457","2144892394","1.33853"
"2145610656","2731213457","0.138528"
"2731213457","2145610656","0.138528"
"2160321046","2731213457","0.338528"
"2731213457","2160321046","0.338528"
"2399464053","2731213457","0.971861"
"2731213457","2399464053","0.971861"
"2731213457","2789789243","0.0909091"
"2789789243","2731213457","0.0909091"
"2731213457","2953208234","0.0909091"
"2953208234","2731213457","0.0909091"
"124107535","2061802713","0.047619"
"2061802713","124107535","0.047619"
"124107535","2106749147","0.138528"
"2106749147","124107535","0.138528"
"124107535","2109636506","0.047619"
"2109636506","124107535","0.047619"
"124107535","2751067791","0.047619"
"2751067791","124107535","0.047619"
"124107535","2787158286","0.047619"
"2787158286","124107535","0.047619"
"1451223395","2014341487","1.52295"
"2014341487","1451223395","1.52295"
"1451223395","2061802713","0.190476"
"2061802713","1451223395","0.190476"
"1451223395","2084462505","0.047619"
"2084462505","1451223395","0.047619"
"1451223395","2106749147","0.190476"
"2106749147","1451223395","0.190476"
"1451223395","2109636506","0.047619"
"2109636506","1451223395","0.047619"
"1451223395","2156633751","0.791209"
"2156633751","1451223395","0.791209"
"1451223395","2751067791","1.05073"
"2751067791","1451223395","1.05073"
"1451223395","2787158286","0.524975"
"2787158286","1451223395","0.524975"
"2014341487","2053998779","0.103175"
"2053998779","2014341487","0.103175"
"2014341487","2061802713","0.047619"
"2061802713","2014341487","0.047619"
"2014341487","2073226520","0.180098"
"2073226520","2014341487","0.180098"
"2014341487","2106749147","0.047619"
"2106749147","2014341487","0.047619"
"2014341487","2109636506","0.047619"
"2109636506","2014341487","0.047619"
"2014341487","2126736680","0.047619"
"2126736680","2014341487","0.047619"
"2014341487","2137604948","0.603175"
"2137604948","2014341487","0.603175"
"2014341487","2144892394","0.103175"
"2144892394","2014341487","0.103175"
"2014341487","2145610656","0.047619"
"2145610656","2014341487","0.047619"
"2014341487","2156633751","0.680098"
"2156633751","2014341487","0.680098"
"2014341487","2160321046","0.603175"
"2160321046","2014341487","0.603175"
"2014341487","2171328051","0.746032"
"2171328051","2014341487","0.746032"
"2014341487","2229564299","0.047619"
"2229564299","2014341487","0.047619"
"2014341487","2399464053","1.60317"
"2399464053","2014341487","1.60317"
"2014341487","2731213457","0.047619"
"2731213457","2014341487","0.047619"
"2014341487","2751067791","0.374542"
"2751067791","2014341487","0.374542"
"2014341487","2787158286","0.322955"
"2787158286","2014341487","0.322955"
"2014341487","2907745774","0.190476"
"2907745774","2014341487","0.190476"
"2053998779","2061802713","0.047619"
"2061802713","2053998779","0.047619"
"2053998779","2084462505","0.047619"
"2084462505","2053998779","0.047619"
"2053998779","2106749147","0.471861"
"2106749147","2053998779","0.471861"
"2053998779","2109636506","0.047619"
"2109636506","2053998779","0.047619"
"2053998779","2156633751","0.103175"
"2156633751","2053998779","0.103175"
"2053998779","2751067791","0.047619"
"2751067791","2053998779","0.047619"
"2053998779","2787158286","0.103175"
"2787158286","2053998779","0.103175"
"2061802713","2073226520","1.44048"
"2073226520","2061802713","1.44048"
"2061802713","2084462505","0.047619"
"2084462505","2061802713","0.047619"
"2061802713","2106749147","0.547619"
"2106749147","2061802713","0.547619"
"2061802713","2109636506","0.047619"
"2109636506","2061802713","0.047619"
"2061802713","2126736680","1.04762"
"2126736680","2061802713","1.04762"
"2061802713","2137604948","0.047619"
"2137604948","2061802713","0.047619"
"2061802713","2144892394","0.047619"
"2144892394","2061802713","0.047619"
"2061802713","2145610656","0.047619"
"2145610656","2061802713","0.047619"
"2061802713","2156633751","0.047619"
"2156633751","2061802713","0.047619"
"2061802713","2160321046","0.047619"
"2160321046","2061802713","0.047619"
"2061802713","2171328051","0.440476"
"2171328051","2061802713","0.440476"
"2061802713","2229564299","0.047619"
"2229564299","2061802713","0.047619"
"2061802713","2399464053","0.190476"
"2399464053","2061802713","0.190476"
"2061802713","2731213457","1.04762"
"2731213457","2061802713","1.04762"
"2061802713","2751067791","0.190476"
"2751067791","2061802713","0.190476"
"2061802713","2787158286","0.797619"
"2787158286","2061802713","0.797619"
"2061802713","2907745774","0.440476"
"2907745774","2061802713","0.440476"
"2073226520","2084462505","0.047619"
"2084462505","2073226520","0.047619"
"2073226520","2106749147","0.380952"
"2106749147","2073226520","0.380952"
"2073226520","2109636506","0.047619"
"2109636506","2073226520","0.047619"
"2073226520","2126736680","0.047619"
"2126736680","2073226520","0.047619"
"2073226520","2156633751","0.680098"
"2156633751","2073226520","0.680098"
"2073226520","2731213457","0.547619"
"2731213457","2073226520","0.547619"
"2073226520","2751067791","0.467399"
"2751067791","2073226520","0.467399"
"2073226520","2787158286","0.596764"
"2787158286","2073226520","0.596764"
"2084462505","2106749147","0.047619"
"2106749147","2084462505","0.047619"
"2084462505","2109636506","0.047619"
"2109636506","2084462505","0.047619"
"2084462505","2126736680","0.047619"
"2126736680","2084462505","0.047619"
"2084462505","2137604948","0.047619"
"2137604948","2084462505","0.047619"
"2084462505","2144892394","0.047619"
"2144892394","2084462505","0.047619"
"2084462505","2145610656","0.047619"
"2145610656","2084462505","0.047619"
"2084462505","2156633751","1.04762"
"2156633751","2084462505","1.04762"
"2084462505","2160321046","0.547619"
"2160321046","2084462505","0.547619"
"2084462505","2171328051","0.547619"
"2171328051","2084462505","0.547619"
"2084462505","2229564299","0.047619"
"2229564299","2084462505","0.047619"
"2084462505","2399464053","0.547619"
"2399464053","2084462505","0.547619"
"2084462505","2731213457","0.047619"
"2731213457","2084462505","0.047619"
"2084462505","2751067791","0.297619"
"2751067791","2084462505","0.297619"
"2084462505","2787158286","0.047619"
"2787158286","2084462505","0.047619"
"2084462505","2907745774","0.047619"
"2907745774","2084462505","0.047619"
"2106749147","2109636506","0.047619"
"2109636506","2106749147","0.047619"
"2106749147","2126736680","5.63853"
"2126736680","2106749147","5.63853"
"2106749147","2137604948","0.047619"
"2137604948","2106749147","0.047619"
"2106749147","2144892394","2.28139"
"2144892394","2106749147","2.28139"
"2106749147","2145610656","0.190476"
"2145610656","2106749147","0.190476"
"2106749147","2156633751","0.047619"
"2156633751","2106749147","0.047619"
"2106749147","2160321046","0.190476"
"2160321046","2106749147","0.190476"
"2106749147","2171328051","0.471861"
"2171328051","2106749147","0.471861"
"2106749147","2229564299","0.138528"
"2229564299","2106749147","0.138528"
"2106749147","2399464053","1.19048"
"2399464053","2106749147","1.19048"
"2106749147","2731213457","2.04762"
"2731213457","2106749147","2.04762"
"2106749147","2751067791","0.047619"
"2751067791","2106749147","0.047619"
"2106749147","2787158286","0.047619"
"2787158286","2106749147","0.047619"
"2106749147","2907745774","0.190476"
"2907745774","2106749147","0.190476"
"2109636506","2126736680","0.047619"
"2126736680","2109636506","0.047619"
"2109636506","2137604948","0.047619"
"2137604948","2109636506","0.047619"
"2109636506","2144892394","0.047619"
"2144892394","2109636506","0.047619"
"2109636506","2145610656","0.047619"
"2145610656","2109636506","0.047619"
"2109636506","2156633751","0.047619"
"2156633751","2109636506","0.047619"
"2109636506","2160321046","0.047619"
"2160321046","2109636506","0.047619"
"2109636506","2171328051","0.047619"
"2171328051","2109636506","0.047619"
"2109636506","2229564299","0.047619"
"2229564299","2109636506","0.047619"
"2109636506","2399464053","0.047619"
"2399464053","2109636506","0.047619"
"2109636506","2731213457","0.047619"
"2731213457","2109636506","0.047619"
"2109636506","2751067791","0.047619"
"2751067791","2109636506","0.047619"
"2109636506","2787158286","0.047619"
"2787158286","2109636506","0.047619"
"2109636506","2907745774","0.047619"
"2907745774","2109636506","0.047619"
"2126736680","2156633751","0.047619"
"2156633751","2126736680","0.047619"
"2126736680","2171328051","0.138528"
"2171328051","2126736680","0.138528"
"2126736680","2229564299","0.138528"
"2229564299","2126736680","0.138528"
"2126736680","2751067791","0.047619"
"2751067791","2126736680","0.047619"
"2126736680","2787158286","0.047619"
"2787158286","2126736680","0.047619"
"2126736680","2907745774","0.047619"
"2907745774","2126736680","0.047619"
"2137604948","2156633751","0.103175"
"2156633751","2137604948","0.103175"
"2137604948","2171328051","0.103175"
"2171328051","2137604948","0.103175"
"2137604948","2751067791","0.547619"
"2751067791","2137604948","0.547619"
"2137604948","2787158286","0.103175"
"2787158286","2137604948","0.103175"
"2144892394","2156633751","0.103175"
"2156633751","2144892394","0.103175"
"2144892394","2171328051","0.194084"
"2171328051","2144892394","0.194084"
"2144892394","2751067791","0.047619"
"2751067791","2144892394","0.047619"
"2144892394","2787158286","0.103175"
"2787158286","2144892394","0.103175"
"2145610656","2156633751","0.047619"
"2156633751","2145610656","0.047619"
"2145610656","2171328051","0.047619"
"2171328051","2145610656","0.047619"
"2145610656","2751067791","0.047619"
"2751067791","2145610656","0.047619"
"2145610656","2787158286","0.047619"
"2787158286","2145610656","0.047619"
"2156633751","2160321046","0.103175"
"2160321046","2156633751","0.103175"
"2156633751","2171328051","0.103175"
"2171328051","2156633751","0.103175"
"2156633751","2399464053","0.603175"
"2399464053","2156633751","0.603175"
"2156633751","2731213457","0.047619"
"2731213457","2156633751","0.047619"
"2156633751","2751067791","0.124542"
"2751067791","2156633751","0.124542"
"2156633751","2787158286","0.291209"
"2787158286","2156633751","0.291209"
"2156633751","2907745774","0.047619"
"2907745774","2156633751","0.047619"
"2160321046","2171328051","1.60317"
"2171328051","2160321046","1.60317"
"2160321046","2751067791","0.047619"
"2751067791","2160321046","0.047619"
"2160321046","2787158286","0.103175"
"2787158286","2160321046","0.103175"
"2171328051","2229564299","0.138528"
"2229564299","2171328051","0.138528"
"2171328051","2399464053","1.74603"
"2399464053","2171328051","1.74603"
"2171328051","2731213457","0.547619"
"2731213457","2171328051","0.547619"
"2171328051","2751067791","0.390476"
"2751067791","2171328051","0.390476"
"2171328051","2787158286","0.996032"
"2787158286","2171328051","0.996032"
"2229564299","2731213457","0.047619"
"2731213457","2229564299","0.047619"
"2229564299","2751067791","0.047619"
"2751067791","2229564299","0.047619"
"2229564299","2787158286","0.047619"
"2787158286","2229564299","0.047619"
"2399464053","2751067791","0.190476"
"2751067791","2399464053","0.190476"
"2399464053","2787158286","0.436508"
"2787158286","2399464053","0.436508"
"2731213457","2751067791","0.047619"
"2751067791","2731213457","0.047619"
"2731213457","2787158286","0.880952"
"2787158286","2731213457","0.880952"
"2731213457","2907745774","0.047619"
"2907745774","2731213457","0.047619"
"2751067791","2787158286","1.37454"
"2787158286","2751067791","1.37454"
"2751067791","2907745774","0.190476"
"2907745774","2751067791","0.190476"
"2787158286","2907745774","2.77381"
"2907745774","2787158286","2.77381"
"124107535","2293509485","0.0909091"
"2293509485","124107535","0.0909091"
"2053998779","2293509485","0.146465"
"2293509485","2053998779","0.146465"
"2084998937","2106749147","0.0909091"
"2106749147","2084998937","0.0909091"
"2084998937","2126736680","0.0909091"
"2126736680","2084998937","0.0909091"
"2084998937","2171328051","0.0909091"
"2171328051","2084998937","0.0909091"
"2084998937","2229564299","0.0909091"
"2229564299","2084998937","0.0909091"
"2084998937","2293509485","0.257576"
"2293509485","2084998937","0.257576"
"2106749147","2117994621","0.0909091"
"2117994621","2106749147","0.0909091"
"2106749147","2293509485","0.0909091"
"2293509485","2106749147","0.0909091"
"2106749147","2542247256","0.0909091"
"2542247256","2106749147","0.0909091"
"2106749147","2778086002","0.0909091"
"2778086002","2106749147","0.0909091"
"2117994621","2126736680","0.0909091"
"2126736680","2117994621","0.0909091"
"2117994621","2171328051","0.0909091"
"2171328051","2117994621","0.0909091"
"2117994621","2293509485","0.0909091"
"2293509485","2117994621","0.0909091"
"2126736680","2293509485","0.0909091"
"2293509485","2126736680","0.0909091"
"2126736680","2542247256","0.0909091"
"2542247256","2126736680","0.0909091"
"2126736680","2778086002","0.0909091"
"2778086002","2126736680","0.0909091"
"2144892394","2293509485","0.313131"
"2293509485","2144892394","0.313131"
"2171328051","2293509485","0.479798"
"2293509485","2171328051","0.479798"
"2171328051","2542247256","0.313131"
"2542247256","2171328051","0.313131"
"2171328051","2778086002","0.0909091"
"2778086002","2171328051","0.0909091"
"2229564299","2293509485","0.0909091"
"2293509485","2229564299","0.0909091"
"2229564299","2542247256","0.0909091"
"2542247256","2229564299","0.0909091"
"2293509485","2542247256","1.1798"
"2542247256","2293509485","1.1798"
"2293509485","2778086002","0.0909091"
"2778086002","2293509485","0.0909091"
"126992841","2099019142","1.45"
"2099019142","126992841","1.45"
"126992841","2293509485","1.50556"
"2293509485","126992841","1.50556"
"126992841","2542247256","2.81591"
"2542247256","126992841","2.81591"
"126992841","2543577951","1.27702"
"2543577951","126992841","1.27702"
"2099019142","2293509485","0.25"
"2293509485","2099019142","0.25"
"2099019142","2542247256","0.561111"
"2542247256","2099019142","0.561111"
"2099019142","2543577951","1.56111"
"2543577951","2099019142","1.56111"
"2293509485","2543577951","1.03333"
"2543577951","2293509485","1.03333"
"126992841","1978498837","2.325"
"1978498837","126992841","2.325"
"126992841","1993536048","1.62424"
"1993536048","126992841","1.62424"
"126992841","2014341487","0.755556"
"2014341487","126992841","0.755556"
"126992841","2789789243","0.660354"
"2789789243","126992841","0.660354"
"1978498837","1993536048","1.11111"
"1993536048","1978498837","1.11111"
"1978498837","2014341487","0.410256"
"2014341487","1978498837","0.410256"
"1978498837","2099019142","0.277778"
"2099019142","1978498837","0.277778"
"1978498837","2543577951","0.757479"
"2543577951","1978498837","0.757479"
"1978498837","2789789243","0.757479"
"2789789243","1978498837","0.757479"
"1993536048","2014341487","1.51111"
"2014341487","1993536048","1.51111"
"1993536048","2099019142","0.677778"
"2099019142","1993536048","0.677778"
"1993536048","2543577951","1.26869"
"2543577951","1993536048","1.26869"
"1993536048","2789789243","1.56869"
"2789789243","1993536048","1.56869"
"2014341487","2099019142","0.677778"
"2099019142","2014341487","0.677778"
"2014341487","2543577951","0.554701"
"2543577951","2014341487","0.554701"
"2014341487","2789789243","0.354701"
"2789789243","2014341487","0.354701"
"2099019142","2789789243","1.11111"
"2789789243","2099019142","1.11111"
"2543577951","2789789243","4.74839"
"2789789243","2543577951","4.74839"
"126992841","2092071682","4.22702"
"2092071682","126992841","4.22702"
"126992841","2026532250","0.2"
"2026532250","126992841","0.2"
"126992841","2399464053","0.255556"
"2399464053","126992841","0.255556"
"2026532250","2293509485","0.2"
"2293509485","2026532250","0.2"
"2026532250","2399464053","3.53333"
"2399464053","2026532250","3.53333"
"2293509485","2399464053","1.58889"
"2399464053","2293509485","1.58889"
"2399464053","2542247256","0.255556"
"2542247256","2399464053","0.255556"
"2399464053","2543577951","0.2"
"2543577951","2399464053","0.2"
"2092071682","2542247256","1.78172"
"2542247256","2092071682","1.78172"
"126992841","1451223395","2.24924"
"1451223395","126992841","2.24924"
"126992841","2117328536","0.721465"
"2117328536","126992841","0.721465"
"126992841","2953208234","0.493687"
"2953208234","126992841","0.493687"
"1451223395","1978498837","0.36859"
"1978498837","1451223395","0.36859"
"1451223395","2092071682","1.10394"
"2092071682","1451223395","1.10394"
"1451223395","2117328536","0.771465"
"2117328536","1451223395","0.771465"
"1451223395","2542247256","0.459499"
"2542247256","1451223395","0.459499"
"1451223395","2543577951","0.803943"
"2543577951","1451223395","0.803943"
"1978498837","2092071682","0.790812"
"2092071682","1978498837","0.790812"
"1978498837","2117328536","0.380556"
"2117328536","1978498837","0.380556"
"1978498837","2542247256","1.34637"
"2542247256","1978498837","1.34637"
"1978498837","2953208234","0.590812"
"2953208234","1978498837","0.590812"
"2092071682","2117328536","1.91591"
"2117328536","2092071682","1.91591"
"2092071682","2543577951","1.41505"
"2543577951","2092071682","1.41505"
"2092071682","2789789243","1.58172"
"2789789243","2092071682","1.58172"
"2092071682","2953208234","1.58172"
"2953208234","2092071682","1.58172"
"2117328536","2542247256","0.721465"
"2542247256","2117328536","0.721465"
"2117328536","2543577951","0.215909"
"2543577951","2117328536","0.215909"
"2117328536","2789789243","0.215909"
"2789789243","2117328536","0.215909"
"2117328536","2953208234","0.215909"
"2953208234","2117328536","0.215909"
"2542247256","2789789243","1.21505"
"2789789243","2542247256","1.21505"
"2542247256","2953208234","1.21505"
"2953208234","2542247256","1.21505"
"2543577951","2953208234","4.08172"
"2953208234","2543577951","4.08172"
"126992841","2145610656","0.25"
"2145610656","126992841","0.25"
"126992841","2160321046","0.305556"
"2160321046","126992841","0.305556"
"2117328536","2145610656","0.25"
"2145610656","2117328536","0.25"
"2117328536","2160321046","0.305556"
"2160321046","2117328536","0.305556"
"2145610656","2542247256","0.25"
"2542247256","2145610656","0.25"
"2160321046","2542247256","0.305556"
"2542247256","2160321046","0.305556"
"126992841","2073226520","0.922222"
"2073226520","126992841","0.922222"
"126992841","2093014663","0.866667"
"2093014663","126992841","0.866667"
"126992841","2171328051","0.588889"
"2171328051","126992841","0.588889"
"126992841","2751067791","0.2"
"2751067791","126992841","0.2"
"1451223395","2093014663","0.759524"
"2093014663","1451223395","0.759524"
"2073226520","2093014663","0.759524"
"2093014663","2073226520","0.759524"
"2093014663","2171328051","0.759524"
"2171328051","2093014663","0.759524"
"2093014663","2751067791","0.342857"
"2751067791","2093014663","0.342857"
"126992841","2117994621","0.666667"
"2117994621","126992841","0.666667"
"126992841","2778086002","0.924242"
"2778086002","126992841","0.924242"
"126992841","2787158286","0.790909"
"2787158286","126992841","0.790909"
"1978498837","2787158286","0.610256"
"2787158286","1978498837","0.610256"
"2092071682","2787158286","0.84561"
"2787158286","2092071682","0.84561"
"2117328536","2787158286","0.346465"
"2787158286","2117328536","0.346465"
"2542247256","2787158286","1.31783"
"2787158286","2542247256","1.31783"
"1993536048","2092071682","5.93535"
"2092071682","1993536048","5.93535"
"1993536048","2542247256","3.73535"
"2542247256","1993536048","3.73535"
"2014341487","2092071682","0.721368"
"2092071682","2014341487","0.721368"
"2014341487","2542247256","0.44359"
"2542247256","2014341487","0.44359"
"2092071682","2099019142","0.311111"
"2099019142","2092071682","0.311111"
"1978498837","2093014663","0.5"
"2093014663","1978498837","0.5"
"126992841","2229564299","0.333333"
"2229564299","126992841","0.333333"
"2073226520","2117994621","0.333333"
"2117994621","2073226520","0.333333"
"126992841","1538893382","0.555556"
"1538893382","126992841","0.555556"
"126992841","2025813045","0.0555556"
"2025813045","126992841","0.0555556"
"126992841","2053998779","0.0555556"
"2053998779","126992841","0.0555556"
"126992841","2137604948","0.0555556"
"2137604948","126992841","0.0555556"
"126992841","2144892394","0.222222"
"2144892394","126992841","0.222222"
"126992841","2156633751","0.166667"
"2156633751","126992841","0.166667"
"126992841","2762867759","0.146465"
"2762867759","126992841","0.146465"
"1451223395","1538893382","2.13889"
"1538893382","1451223395","2.13889"
"1451223395","2025813045","1.50153"
"2025813045","1451223395","1.50153"
"1451223395","2293509485","1.05556"
"2293509485","1451223395","1.05556"
"1451223395","2762867759","0.223388"
"2762867759","1451223395","0.223388"
"1538893382","1978498837","0.0555556"
"1978498837","1538893382","0.0555556"
"1538893382","2014341487","0.555556"
"2014341487","1538893382","0.555556"
"1538893382","2025813045","0.305556"
"2025813045","1538893382","0.305556"
"1538893382","2053998779","0.0555556"
"2053998779","1538893382","0.0555556"
"1538893382","2073226520","0.555556"
"2073226520","1538893382","0.555556"
"1538893382","2117328536","0.0555556"
"2117328536","1538893382","0.0555556"
"1538893382","2137604948","0.0555556"
"2137604948","1538893382","0.0555556"
"1538893382","2144892394","0.0555556"
"2144892394","1538893382","0.0555556"
"1538893382","2156633751","0.555556"
"2156633751","1538893382","0.555556"
"1538893382","2160321046","0.0555556"
"2160321046","1538893382","0.0555556"
"1538893382","2171328051","0.0555556"
"2171328051","1538893382","0.0555556"
"1538893382","2293509485","0.0555556"
"2293509485","1538893382","0.0555556"
"1538893382","2399464053","0.0555556"
"2399464053","1538893382","0.0555556"
"1538893382","2542247256","0.0555556"
"2542247256","1538893382","0.0555556"
"1538893382","2762867759","0.0555556"
"2762867759","1538893382","0.0555556"
"1538893382","2787158286","0.0555556"
"2787158286","1538893382","0.0555556"
"1978498837","2025813045","0.132479"
"2025813045","1978498837","0.132479"
"1978498837","2053998779","0.0555556"
"2053998779","1978498837","0.0555556"
"1978498837","2073226520","0.632479"
"2073226520","1978498837","0.632479"
"1978498837","2137604948","0.0555556"
"2137604948","1978498837","0.0555556"
"1978498837","2144892394","0.222222"
"2144892394","1978498837","0.222222"
"1978498837","2156633751","0.24359"
"2156633751","1978498837","0.24359"
"1978498837","2160321046","0.0555556"
"2160321046","1978498837","0.0555556"
"1978498837","2171328051","0.555556"
"2171328051","1978498837","0.555556"
"1978498837","2293509485","0.722222"
"2293509485","1978498837","0.722222"
"1978498837","2399464053","0.0555556"
"2399464053","1978498837","0.0555556"
"1978498837","2762867759","0.24359"
"2762867759","1978498837","0.24359"
"2014341487","2025813045","0.775336"
"2025813045","2014341487","0.775336"
"2014341487","2117328536","0.0555556"
"2117328536","2014341487","0.0555556"
"2014341487","2293509485","0.0555556"
"2293509485","2014341487","0.0555556"
"2014341487","2762867759","0.24359"
"2762867759","2014341487","0.24359"
"2025813045","2053998779","0.0555556"
"2053998779","2025813045","0.0555556"
"2025813045","2073226520","0.132479"
"2073226520","2025813045","0.132479"
"2025813045","2117328536","0.0555556"
"2117328536","2025813045","0.0555556"
"2025813045","2137604948","1.75556"
"2137604948","2025813045","1.75556"
"2025813045","2144892394","0.398413"
"2144892394","2025813045","0.398413"
"2025813045","2156633751","0.132479"
"2156633751","2025813045","0.132479"
"2025813045","2160321046","0.398413"
"2160321046","2025813045","0.398413"
"2025813045","2171328051","0.198413"
"2171328051","2025813045","0.198413"
"2025813045","2293509485","3.88889"
"2293509485","2025813045","3.88889"
"2025813045","2399464053","0.698413"
"2399464053","2025813045","0.698413"
"2025813045","2542247256","0.132479"
"2542247256","2025813045","0.132479"
"2025813045","2762867759","0.132479"
"2762867759","2025813045","0.132479"
"2025813045","2787158286","0.775336"
"2787158286","2025813045","0.775336"
"2053998779","2117328536","0.0555556"
"2117328536","2053998779","0.0555556"
"2053998779","2762867759","0.0555556"
"2762867759","2053998779","0.0555556"
"2073226520","2117328536","0.0555556"
"2117328536","2073226520","0.0555556"
"2073226520","2293509485","0.388889"
"2293509485","2073226520","0.388889"
"2073226520","2542247256","0.299145"
"2542247256","2073226520","0.299145"
"2073226520","2762867759","0.132479"
"2762867759","2073226520","0.132479"
"2117328536","2137604948","0.0555556"
"2137604948","2117328536","0.0555556"
"2117328536","2144892394","0.0555556"
"2144892394","2117328536","0.0555556"
"2117328536","2156633751","0.0555556"
"2156633751","2117328536","0.0555556"
"2117328536","2171328051","0.0555556"
"2171328051","2117328536","0.0555556"
"2117328536","2293509485","0.0555556"
"2293509485","2117328536","0.0555556"
"2117328536","2399464053","0.0555556"
"2399464053","2117328536","0.0555556"
"2117328536","2762867759","0.146465"
"2762867759","2117328536","0.146465"
"2137604948","2293509485","0.0555556"
"2293509485","2137604948","0.0555556"
"2137604948","2542247256","0.0555556"
"2542247256","2137604948","0.0555556"
"2137604948","2762867759","0.0555556"
"2762867759","2137604948","0.0555556"
"2144892394","2762867759","0.0555556"
"2762867759","2144892394","0.0555556"
"2156633751","2293509485","0.0555556"
"2293509485","2156633751","0.0555556"
"2156633751","2542247256","0.24359"
"2542247256","2156633751","0.24359"
"2156633751","2762867759","0.132479"
"2762867759","2156633751","0.132479"
"2160321046","2293509485","0.0555556"
"2293509485","2160321046","0.0555556"
"2160321046","2762867759","0.0555556"
"2762867759","2160321046","0.0555556"
"2171328051","2762867759","0.0555556"
"2762867759","2171328051","0.0555556"
"2293509485","2762867759","0.388889"
"2762867759","2293509485","0.388889"
"2293509485","2787158286","0.222222"
"2787158286","2293509485","0.222222"
"2399464053","2762867759","0.388889"
"2762867759","2399464053","0.388889"
"2542247256","2762867759","0.334499"
"2762867759","2542247256","0.334499"
"2762867759","2787158286","0.223388"
"2787158286","2762867759","0.223388"
"126992841","2118747942","0.166667"
"2118747942","126992841","0.166667"
"1451223395","2118747942","0.5"
"2118747942","1451223395","0.5"
"2073226520","2118747942","0.166667"
"2118747942","2073226520","0.166667"
"2093014663","2118747942","0.166667"
"2118747942","2093014663","0.166667"
"2093014663","2293509485","0.166667"
"2293509485","2093014663","0.166667"
"2118747942","2171328051","0.166667"
"2171328051","2118747942","0.166667"
"2118747942","2293509485","0.166667"
"2293509485","2118747942","0.166667"
"2092071682","2156633751","0.188034"
"2156633751","2092071682","0.188034"
"2156633751","2543577951","0.188034"
"2543577951","2156633751","0.188034"
"2156633751","2789789243","0.188034"
"2789789243","2156633751","0.188034"
"2156633751","2953208234","0.188034"
"2953208234","2156633751","0.188034"
"2543577951","2787158286","0.89561"
"2787158286","2543577951","0.89561"
"2787158286","2789789243","0.64561"
"2789789243","2787158286","0.64561"
"2787158286","2953208234","0.64561"
"2953208234","2787158286","0.64561"
"2073226520","2543577951","0.24359"
"2543577951","2073226520","0.24359"
"2171328051","2543577951","0.166667"
"2543577951","2171328051","0.166667"
"1451223395","1993536048","0.490909"
"1993536048","1451223395","0.490909"
"1451223395","2778086002","0.0909091"
"2778086002","1451223395","0.0909091"
"1993536048","2117328536","0.0909091"
"2117328536","1993536048","0.0909091"
"1993536048","2762867759","0.20202"
"2762867759","1993536048","0.20202"
"1993536048","2778086002","0.0909091"
"2778086002","1993536048","0.0909091"
"1993536048","2787158286","0.0909091"
"2787158286","1993536048","0.0909091"
"1993536048","2953208234","1.40202"
"2953208234","1993536048","1.40202"
"2092071682","2762867759","1.27894"
"2762867759","2092071682","1.27894"
"2092071682","2778086002","0.0909091"
"2778086002","2092071682","0.0909091"
"2117328536","2778086002","0.0909091"
"2778086002","2117328536","0.0909091"
"2543577951","2762867759","0.278943"
"2762867759","2543577951","0.278943"
"2762867759","2778086002","0.0909091"
"2778086002","2762867759","0.0909091"
"2762867759","2789789243","1.11228"
"2789789243","2762867759","1.11228"
"2762867759","2953208234","1.11228"
"2953208234","2762867759","1.11228"
"2778086002","2787158286","0.340909"
"2787158286","2778086002","0.340909"
"2778086002","2789789243","0.0909091"
"2789789243","2778086002","0.0909091"
"2778086002","2953208234","0.0909091"
"2953208234","2778086002","0.0909091"
"126992841","2084998937","0.166667"
