"152476282","2106669382","2.16667"
"2106669382","152476282","2.16667"
"152476282","1999781327","1.16667"
"1999781327","152476282","1.16667"
"152476282","2011845647","0.833333"
"2011845647","152476282","0.833333"
"152476282","2080649936","1.16667"
"2080649936","152476282","1.16667"
"152476282","2121381561","4.5"
"2121381561","152476282","4.5"
"1999781327","2011845647","4.44444"
"2011845647","1999781327","4.44444"
"1999781327","2080649936","5.72778"
"2080649936","1999781327","5.72778"
"1999781327","2121381561","1.11111"
"2121381561","1999781327","1.11111"
"2011845647","2080649936","3.61111"
"2080649936","2011845647","3.61111"
"2011845647","2121381561","0.777778"
"2121381561","2011845647","0.777778"
"2080649936","2121381561","1.11111"
"2121381561","2080649936","1.11111"
"152476282","2044613318","0.5"
"2044613318","152476282","0.5"
"2044613318","2106669382","0.5"
"2106669382","2044613318","0.5"
"152476282","2023083005","0.333333"
"2023083005","152476282","0.333333"
"152476282","2084673927","0.166667"
"2084673927","152476282","0.166667"
"152476282","2125473282","0.166667"
"2125473282","152476282","0.166667"
"1999781327","2023083005","3.7"
"2023083005","1999781327","3.7"
"1999781327","2084673927","1.11111"
"2084673927","1999781327","1.11111"
"1999781327","2125473282","0.166667"
"2125473282","1999781327","0.166667"
"2011845647","2023083005","2"
"2023083005","2011845647","2"
"2011845647","2084673927","1.77778"
"2084673927","2011845647","1.77778"
"2011845647","2125473282","0.166667"
"2125473282","2011845647","0.166667"
"2023083005","2080649936","1.45"
"2080649936","2023083005","1.45"
"2023083005","2084673927","0.166667"
"2084673927","2023083005","0.166667"
"2023083005","2125473282","0.166667"
"2125473282","2023083005","0.166667"
"2080649936","2084673927","0.277778"
"2084673927","2080649936","0.277778"
"2080649936","2125473282","0.166667"
"2125473282","2080649936","0.166667"
"2084673927","2125473282","0.166667"
"2125473282","2084673927","0.166667"
"2106669382","2121381561","1.66667"
"2121381561","2106669382","1.66667"
"1999781327","2106669382","0.75"
"2106669382","1999781327","0.75"
"2011845647","2106669382","0.5"
"2106669382","2011845647","0.5"
"2023083005","2106669382","0.416667"
"2106669382","2023083005","0.416667"
"2023083005","2121381561","0.257576"
"2121381561","2023083005","0.257576"
"2080649936","2106669382","0.238095"
"2106669382","2080649936","0.238095"
"1545958326","2084673927","1"
"2084673927","1545958326","1"
"1545958326","2074963925","1.07143"
"2074963925","1545958326","1.07143"
"1545958326","159128625","0.2"
"159128625","1545958326","0.2"
"1545958326","2037231459","0.9"
"2037231459","1545958326","0.9"
"1545958326","2096633006","0.9"
"2096633006","1545958326","0.9"
"1545958326","2130103312","0.2"
"2130103312","1545958326","0.2"
"1545958326","2133160727","0.4"
"2133160727","1545958326","0.4"
"159128625","2037231459","0.651681"
"2037231459","159128625","0.651681"
"159128625","2096633006","0.651681"
"2096633006","159128625","0.651681"
"159128625","2130103312","0.592857"
"2130103312","159128625","0.592857"
"159128625","2133160727","0.342857"
"2133160727","159128625","0.342857"
"2037231459","2096633006","10.471"
"2096633006","2037231459","10.471"
"2037231459","2130103312","1.04549"
"2130103312","2037231459","1.04549"
"2037231459","2133160727","1.37882"
"2133160727","2037231459","1.37882"
"2096633006","2130103312","1.04549"
"2130103312","2096633006","1.04549"
"2096633006","2133160727","1.37882"
"2133160727","2096633006","1.37882"
"2130103312","2133160727","2.19549"
"2133160727","2130103312","2.19549"
"1545958326","2006109307","0.7"
"2006109307","1545958326","0.7"
"1545958326","2144279894","0.7"
"2144279894","1545958326","0.7"
"2006109307","2037231459","3.93765"
"2037231459","2006109307","3.93765"
"2006109307","2096633006","4.43765"
"2096633006","2006109307","4.43765"
"2006109307","2133160727","1.27882"
"2133160727","2006109307","1.27882"
"2006109307","2144279894","29.9904"
"2144279894","2006109307","29.9904"
"2037231459","2144279894","4.93765"
"2144279894","2037231459","4.93765"
"2096633006","2144279894","3.43765"
"2144279894","2096633006","3.43765"
"2133160727","2144279894","1.27882"
"2144279894","2133160727","1.27882"
"1545958326","2104517159","1.07143"
"2104517159","1545958326","1.07143"
"1545958326","1776151390","0.0714286"
"1776151390","1545958326","0.0714286"
"1545958326","2035498319","0.0714286"
"2035498319","1545958326","0.0714286"
"1545958326","2043144080","0.0714286"
"2043144080","1545958326","0.0714286"
"1545958326","2076617786","0.0714286"
"2076617786","1545958326","0.0714286"
"1545958326","2080649936","0.0714286"
"2080649936","1545958326","0.0714286"
"1545958326","2083275222","0.0714286"
"2083275222","1545958326","0.0714286"
"1545958326","2106669382","0.0714286"
"2106669382","1545958326","0.0714286"
"1545958326","2112414131","0.0714286"
"2112414131","1545958326","0.0714286"
"1545958326","2115960391","0.0714286"
"2115960391","1545958326","0.0714286"
"1545958326","2144079932","0.0714286"
"2144079932","1545958326","0.0714286"
"1545958326","2150847510","0.0714286"
"2150847510","1545958326","0.0714286"
"1545958326","78540728","0.0714286"
"78540728","1545958326","0.0714286"
"1776151390","2035498319","2.7381"
"2035498319","1776151390","2.7381"
"1776151390","2043144080","0.321429"
"2043144080","1776151390","0.321429"
"1776151390","2074963925","0.0714286"
"2074963925","1776151390","0.0714286"
"1776151390","2076617786","0.321429"
"2076617786","1776151390","0.321429"
"1776151390","2080649936","0.0714286"
"2080649936","1776151390","0.0714286"
"1776151390","2083275222","0.0714286"
"2083275222","1776151390","0.0714286"
"1776151390","2104517159","0.571429"
"2104517159","1776151390","0.571429"
"1776151390","2106669382","0.654762"
"2106669382","1776151390","0.654762"
"1776151390","2112414131","0.321429"
"2112414131","1776151390","0.321429"
"1776151390","2115960391","9.40476"
"2115960391","1776151390","9.40476"
"1776151390","2144079932","0.0714286"
"2144079932","1776151390","0.0714286"
"1776151390","2150847510","0.0714286"
"2150847510","1776151390","0.0714286"
"1776151390","78540728","0.0714286"
"78540728","1776151390","0.0714286"
"2035498319","2043144080","0.805195"
"2043144080","2035498319","0.805195"
"2035498319","2074963925","0.0714286"
"2074963925","2035498319","0.0714286"
"2035498319","2076617786","0.273449"
"2076617786","2035498319","0.273449"
"2035498319","2080649936","0.18254"
"2080649936","2035498319","0.18254"
"2035498319","2083275222","0.273449"
"2083275222","2035498319","0.273449"
"2035498319","2104517159","0.555195"
"2104517159","2035498319","0.555195"
"2035498319","2106669382","0.0714286"
"2106669382","2035498319","0.0714286"
"2035498319","2112414131","0.0714286"
"2112414131","2035498319","0.0714286"
"2035498319","2115960391","13.2496"
"2115960391","2035498319","13.2496"
"2035498319","2144079932","0.0714286"
"2144079932","2035498319","0.0714286"
"2035498319","2150847510","0.0714286"
"2150847510","2035498319","0.0714286"
"2035498319","78540728","0.0714286"
"78540728","2035498319","0.0714286"
"2043144080","2074963925","0.602328"
"2074963925","2043144080","0.602328"
"2043144080","2076617786","0.689969"
"2076617786","2043144080","0.689969"
"2043144080","2080649936","0.0714286"
"2080649936","2043144080","0.0714286"
"2043144080","2083275222","4.20157"
"2083275222","2043144080","4.20157"
"2043144080","2104517159","1.16665"
"2104517159","2043144080","1.16665"
"2043144080","2106669382","0.37406"
"2106669382","2043144080","0.37406"
"2043144080","2112414131","1.81066"
"2112414131","2043144080","1.81066"
"2043144080","2115960391","0.857826"
"2115960391","2043144080","0.857826"
"2043144080","2144079932","0.182884"
"2144079932","2043144080","0.182884"
"2043144080","2150847510","1.59136"
"2150847510","2043144080","1.59136"
"2043144080","78540728","0.130252"
"78540728","2043144080","0.130252"
"2074963925","2076617786","0.12406"
"2076617786","2074963925","0.12406"
"2074963925","2080649936","0.0714286"
"2080649936","2074963925","0.0714286"
"2074963925","2083275222","0.602328"
"2083275222","2074963925","0.602328"
"2074963925","2104517159","0.266217"
"2104517159","2074963925","0.266217"
"2074963925","2106669382","0.12406"
"2106669382","2074963925","0.12406"
"2074963925","2112414131","0.293995"
"2112414131","2074963925","0.293995"
"2074963925","2115960391","0.12406"
"2115960391","2074963925","0.12406"
"2074963925","2144079932","0.182884"
"2144079932","2074963925","0.182884"
"2074963925","2150847510","0.966363"
"2150847510","2074963925","0.966363"
"2074963925","78540728","0.130252"
"78540728","2074963925","0.130252"
"2076617786","2080649936","0.18254"
"2080649936","2076617786","0.18254"
"2076617786","2083275222","0.55108"
"2083275222","2076617786","0.55108"
"2076617786","2104517159","0.214969"
"2104517159","2076617786","0.214969"
"2076617786","2106669382","0.12406"
"2106669382","2076617786","0.12406"
"2076617786","2112414131","0.42406"
"2112414131","2076617786","0.42406"
"2076617786","2115960391","0.32608"
"2115960391","2076617786","0.32608"
"2076617786","2144079932","0.12406"
"2144079932","2076617786","0.12406"
"2076617786","2150847510","0.396429"
"2150847510","2076617786","0.396429"
"2076617786","78540728","0.0714286"
"78540728","2076617786","0.0714286"
"2080649936","2083275222","0.515873"
"2083275222","2080649936","0.515873"
"2080649936","2104517159","0.604762"
"2104517159","2080649936","0.604762"
"2080649936","2112414131","0.0714286"
"2112414131","2080649936","0.0714286"
"2080649936","2115960391","0.43254"
"2115960391","2080649936","0.43254"
"2080649936","2144079932","0.271429"
"2144079932","2080649936","0.271429"
"2080649936","2150847510","0.0714286"
"2150847510","2080649936","0.0714286"
"2080649936","78540728","0.0714286"
"78540728","2080649936","0.0714286"
"2083275222","2104517159","3.55713"
"2104517159","2083275222","3.55713"
"2083275222","2106669382","0.490727"
"2106669382","2083275222","0.490727"
"2083275222","2112414131","0.727328"
"2112414131","2083275222","0.727328"
"2083275222","2115960391","0.32608"
"2115960391","2083275222","0.32608"
"2083275222","2144079932","0.54955"
"2144079932","2083275222","0.54955"
"2083275222","2150847510","0.591363"
"2150847510","2083275222","0.591363"
"2083275222","78540728","0.130252"
"78540728","2083275222","0.130252"
"2104517159","2106669382","0.740727"
"2106669382","2104517159","0.740727"
"2104517159","2112414131","0.766217"
"2112414131","2104517159","0.766217"
"2104517159","2115960391","1.10783"
"2115960391","2104517159","1.10783"
"2104517159","2144079932","3.66622"
"2144079932","2104517159","3.66622"
"2104517159","2150847510","0.130252"
"2150847510","2104517159","0.130252"
"2104517159","78540728","0.130252"
"78540728","2104517159","0.130252"
"2106669382","2112414131","0.540727"
"2112414131","2106669382","0.540727"
"2106669382","2115960391","0.12406"
"2115960391","2106669382","0.12406"
"2106669382","2144079932","0.490727"
"2144079932","2106669382","0.490727"
"2106669382","2150847510","0.404762"
"2150847510","2106669382","0.404762"
"2106669382","78540728","0.0714286"
"78540728","2106669382","0.0714286"
"2112414131","2115960391","0.12406"
"2115960391","2112414131","0.12406"
"2112414131","2144079932","0.34955"
"2144079932","2112414131","0.34955"
"2112414131","2150847510","0.441363"
"2150847510","2112414131","0.441363"
"2112414131","78540728","0.130252"
"78540728","2112414131","0.130252"
"2115960391","2144079932","0.457393"
"2144079932","2115960391","0.457393"
"2115960391","2150847510","0.0714286"
"2150847510","2115960391","0.0714286"
"2115960391","78540728","0.0714286"
"78540728","2115960391","0.0714286"
"2144079932","2150847510","0.130252"
"2150847510","2144079932","0.130252"
"2144079932","78540728","0.130252"
"78540728","2144079932","0.130252"
"2150847510","78540728","0.130252"
"78540728","2150847510","0.130252"
"1563609743","2155613300","1"
"2155613300","1563609743","1"
"159128625","1847909677","6.84216"
"1847909677","159128625","6.84216"
"159128625","2280345835","0.5"
"2280345835","159128625","0.5"
"1847909677","2280345835","0.5"
"2280345835","1847909677","0.5"
"159128625","2006109307","0.201681"
"2006109307","159128625","0.201681"
"159128625","2144279894","0.401681"
"2144279894","159128625","0.401681"
"159128625","2150847510","0.735014"
"2150847510","159128625","0.735014"
"2006109307","2130103312","1.12049"
"2130103312","2006109307","1.12049"
"2006109307","2150847510","0.862792"
"2150847510","2006109307","0.862792"
"2037231459","2150847510","0.401681"
"2150847510","2037231459","0.401681"
"2096633006","2150847510","0.401681"
"2150847510","2096633006","0.401681"
"2130103312","2144279894","0.995489"
"2144279894","2130103312","0.995489"
"2130103312","2150847510","1.06786"
"2150847510","2130103312","1.06786"
"2133160727","2150847510","0.742857"
"2150847510","2133160727","0.742857"
"2144279894","2150847510","0.937792"
"2150847510","2144279894","0.937792"
"159128625","2074963925","0.558824"
"2074963925","159128625","0.558824"
"159128625","2100034576","0.558824"
"2100034576","159128625","0.558824"
"2074963925","2100034576","14.3642"
"2100034576","2074963925","14.3642"
"1847909677","2037231459","0.308824"
"2037231459","1847909677","0.308824"
"1847909677","2096633006","0.308824"
"2096633006","1847909677","0.308824"
"1847909677","2130103312","0.35"
"2130103312","1847909677","0.35"
"159128625","2106669382","0.333333"
"2106669382","159128625","0.333333"
"1847909677","2106669382","0.333333"
"2106669382","1847909677","0.333333"
"1847909677","2150847510","0.592157"
"2150847510","1847909677","0.592157"
"159128625","1936559075","0.0588235"
"1936559075","159128625","0.0588235"
"159128625","2043144080","0.0588235"
"2043144080","159128625","0.0588235"
"159128625","2083275222","0.0588235"
"2083275222","159128625","0.0588235"
"159128625","2104517159","0.0588235"
"2104517159","159128625","0.0588235"
"159128625","2112414131","0.258824"
"2112414131","159128625","0.258824"
"159128625","2113202340","0.0588235"
"2113202340","159128625","0.0588235"
"159128625","2141820222","0.0588235"
"2141820222","159128625","0.0588235"
"159128625","2144079932","0.0588235"
"2144079932","159128625","0.0588235"
"159128625","78540728","0.558824"
"78540728","159128625","0.558824"
"1847909677","1936559075","0.158824"
"1936559075","1847909677","0.158824"
"1847909677","2006109307","0.158824"
"2006109307","1847909677","0.158824"
"1847909677","2043144080","0.158824"
"2043144080","1847909677","0.158824"
"1847909677","2074963925","0.558824"
"2074963925","1847909677","0.558824"
"1847909677","2083275222","0.158824"
"2083275222","1847909677","0.158824"
"1847909677","2100034576","0.558824"
"2100034576","1847909677","0.558824"
"1847909677","2104517159","0.0588235"
"2104517159","1847909677","0.0588235"
"1847909677","2112414131","0.358824"
"2112414131","1847909677","0.358824"
"1847909677","2113202340","0.158824"
"2113202340","1847909677","0.158824"
"1847909677","2141820222","0.158824"
"2141820222","1847909677","0.158824"
"1847909677","2144079932","0.0588235"
"2144079932","1847909677","0.0588235"
"1847909677","2144279894","0.358824"
"2144279894","1847909677","0.358824"
"1847909677","78540728","0.558824"
"78540728","1847909677","0.558824"
"1936559075","2006109307","0.619788"
"2006109307","1936559075","0.619788"
"1936559075","2037231459","0.194788"
"2037231459","1936559075","0.194788"
"1936559075","2043144080","0.619788"
"2043144080","1936559075","0.619788"
"1936559075","2074963925","2.19479"
"2074963925","1936559075","2.19479"
"1936559075","2083275222","0.619788"
"2083275222","1936559075","0.619788"
"1936559075","2096633006","0.194788"
"2096633006","1936559075","0.194788"
"1936559075","2100034576","1.19479"
"2100034576","1936559075","1.19479"
"1936559075","2104517159","0.194788"
"2104517159","1936559075","0.194788"
"1936559075","2112414131","0.211455"
"2112414131","1936559075","0.211455"
"1936559075","2113202340","0.419788"
"2113202340","1936559075","0.419788"
"1936559075","2141820222","0.419788"
"2141820222","1936559075","0.419788"
"1936559075","2144079932","0.111455"
"2144079932","1936559075","0.111455"
"1936559075","2144279894","0.494788"
"2144279894","1936559075","0.494788"
"1936559075","2150847510","0.183824"
"2150847510","1936559075","0.183824"
"1936559075","78540728","0.0588235"
"78540728","1936559075","0.0588235"
"2006109307","2043144080","1.53923"
"2043144080","2006109307","1.53923"
"2006109307","2074963925","0.5309"
"2074963925","2006109307","0.5309"
"2006109307","2083275222","1.53923"
"2083275222","2006109307","1.53923"
"2006109307","2100034576","0.5309"
"2100034576","2006109307","0.5309"
"2006109307","2104517159","0.361455"
"2104517159","2006109307","0.361455"
"2006109307","2112414131","0.489233"
"2112414131","2006109307","0.489233"
"2006109307","2113202340","1.0059"
"2113202340","2006109307","1.0059"
"2006109307","2141820222","1.08923"
"2141820222","2006109307","1.08923"
"2006109307","2144079932","0.111455"
"2144079932","2006109307","0.111455"
"2006109307","78540728","0.0588235"
"78540728","2006109307","0.0588235"
"2037231459","2043144080","0.361455"
"2043144080","2037231459","0.361455"
"2037231459","2074963925","0.528122"
"2074963925","2037231459","0.528122"
"2037231459","2083275222","0.361455"
"2083275222","2037231459","0.361455"
"2037231459","2100034576","0.528122"
"2100034576","2037231459","0.528122"
"2037231459","2104517159","0.194788"
"2104517159","2037231459","0.194788"
"2037231459","2112414131","0.361455"
"2112414131","2037231459","0.361455"
"2037231459","2113202340","0.194788"
"2113202340","2037231459","0.194788"
"2037231459","2141820222","0.361455"
"2141820222","2037231459","0.361455"
"2037231459","2144079932","0.111455"
"2144079932","2037231459","0.111455"
"2037231459","78540728","0.0588235"
"78540728","2037231459","0.0588235"
"2043144080","2096633006","0.361455"
"2096633006","2043144080","0.361455"
"2043144080","2100034576","0.5309"
"2100034576","2043144080","0.5309"
"2043144080","2113202340","1.2559"
"2113202340","2043144080","1.2559"
"2043144080","2141820222","1.58923"
"2141820222","2043144080","1.58923"
"2043144080","2144279894","1.41423"
"2144279894","2043144080","1.41423"
"2074963925","2096633006","0.528122"
"2096633006","2074963925","0.528122"
"2074963925","2113202340","0.5309"
"2113202340","2074963925","0.5309"
"2074963925","2141820222","0.5309"
"2141820222","2074963925","0.5309"
"2074963925","2144279894","0.5309"
"2144279894","2074963925","0.5309"
"2083275222","2096633006","0.361455"
"2096633006","2083275222","0.361455"
"2083275222","2100034576","0.5309"
"2100034576","2083275222","0.5309"
"2083275222","2113202340","1.0059"
"2113202340","2083275222","1.0059"
"2083275222","2141820222","1.58923"
"2141820222","2083275222","1.58923"
"2083275222","2144279894","1.41423"
"2144279894","2083275222","1.41423"
"2096633006","2100034576","0.528122"
"2100034576","2096633006","0.528122"
"2096633006","2104517159","0.194788"
"2104517159","2096633006","0.194788"
"2096633006","2112414131","0.361455"
"2112414131","2096633006","0.361455"
"2096633006","2113202340","0.194788"
"2113202340","2096633006","0.194788"
"2096633006","2141820222","0.361455"
"2141820222","2096633006","0.361455"
"2096633006","2144079932","0.111455"
"2144079932","2096633006","0.111455"
"2096633006","78540728","0.0588235"
"78540728","2096633006","0.0588235"
"2100034576","2104517159","0.194788"
"2104517159","2100034576","0.194788"
"2100034576","2112414131","0.222566"
"2112414131","2100034576","0.222566"
"2100034576","2113202340","0.5309"
"2113202340","2100034576","0.5309"
"2100034576","2141820222","0.5309"
"2141820222","2100034576","0.5309"
"2100034576","2144079932","0.111455"
"2144079932","2100034576","0.111455"
"2100034576","2144279894","0.5309"
"2144279894","2100034576","0.5309"
"2100034576","2150847510","0.894935"
"2150847510","2100034576","0.894935"
"2100034576","78540728","0.0588235"
"78540728","2100034576","0.0588235"
"2104517159","2113202340","1.44479"
"2113202340","2104517159","1.44479"
"2104517159","2141820222","1.36146"
"2141820222","2104517159","1.36146"
"2104517159","2144279894","0.361455"
"2144279894","2104517159","0.361455"
"2112414131","2113202340","0.572566"
"2113202340","2112414131","0.572566"
"2112414131","2141820222","1.48923"
"2141820222","2112414131","1.48923"
"2112414131","2144279894","0.689233"
"2144279894","2112414131","0.689233"
"2113202340","2141820222","0.7559"
"2141820222","2113202340","0.7559"
"2113202340","2144079932","0.111455"
"2144079932","2113202340","0.111455"
"2113202340","2144279894","0.8809"
"2144279894","2113202340","0.8809"
"2113202340","2150847510","0.519935"
"2150847510","2113202340","0.519935"
"2113202340","78540728","0.0588235"
"78540728","2113202340","0.0588235"
"2141820222","2144079932","0.111455"
"2144079932","2141820222","0.111455"
"2141820222","2144279894","0.964233"
"2144279894","2141820222","0.964233"
"2141820222","2150847510","0.519935"
"2150847510","2141820222","0.519935"
"2141820222","78540728","0.0588235"
"78540728","2141820222","0.0588235"
"2144079932","2144279894","0.111455"
"2144279894","2144079932","0.111455"
"2144279894","78540728","0.0588235"
"78540728","2144279894","0.0588235"
"159128625","2076617786","0.2"
"2076617786","159128625","0.2"
"1847909677","2076617786","0.3"
"2076617786","1847909677","0.3"
"2076617786","2144279894","0.352632"
"2144279894","2076617786","0.352632"
"1776151390","2044613318","1"
"2044613318","1776151390","1"
"1776151390","2135935872","2.66667"
"2135935872","1776151390","2.66667"
"2035498319","2044613318","1.5671"
"2044613318","2035498319","1.5671"
"2035498319","2135935872","8.67821"
"2135935872","2035498319","8.67821"
"2044613318","2115960391","1.5671"
"2115960391","2044613318","1.5671"
"2044613318","2135935872","2.23377"
"2135935872","2044613318","2.23377"
"2115960391","2135935872","7.34488"
"2135935872","2115960391","7.34488"
"1776151390","2141820222","1.33333"
"2141820222","1776151390","1.33333"
"1776151390","2125910029","1"
"2125910029","1776151390","1"
"2115960391","2125910029","1.08333"
"2125910029","2115960391","1.08333"
"1776151390","1999781327","0.583333"
"1999781327","1776151390","0.583333"
"1776151390","2011845647","0.333333"
"2011845647","1776151390","0.333333"
"1776151390","2167160509","0.25"
"2167160509","1776151390","0.25"
"2044613318","2112414131","0.25"
"2112414131","2044613318","0.25"
"2044613318","2167160509","0.25"
"2167160509","2044613318","0.25"
"2112414131","2135935872","0.25"
"2135935872","2112414131","0.25"
"2112414131","2167160509","6"
"2167160509","2112414131","6"
"2135935872","2167160509","0.25"
"2167160509","2135935872","0.25"
"2035498319","2125910029","0.833333"
"2125910029","2035498319","0.833333"
"2043144080","2044613318","0.483766"
"2044613318","2043144080","0.483766"
"2043144080","2135935872","0.983766"
"2135935872","2043144080","0.983766"
"2044613318","2076617786","0.340909"
"2076617786","2044613318","0.340909"
"2076617786","2135935872","0.45202"
"2135935872","2076617786","0.45202"
"1776151390","1936559075","0.5"
"1936559075","1776151390","0.5"
"1936559075","2115960391","0.552632"
"2115960391","1936559075","0.552632"
"2035498319","2141820222","1.16667"
"2141820222","2035498319","1.16667"
"2135935872","2141820222","0.833333"
"2141820222","2135935872","0.833333"
"1776151390","2023083005","0.25"
"2023083005","1776151390","0.25"
"1776151390","2100034576","0.25"
"2100034576","1776151390","0.25"
"1999781327","2100034576","0.25"
"2100034576","1999781327","0.25"
"2023083005","2100034576","0.25"
"2100034576","2023083005","0.25"
"2100034576","2106669382","0.302632"
"2106669382","2100034576","0.302632"
"1846693423","2280345835","4"
"2280345835","1846693423","4"
"1936559075","2076617786","0.277632"
"2076617786","1936559075","0.277632"
"1936559075","2130103312","0.477632"
"2130103312","1936559075","0.477632"
"2006109307","2076617786","0.277632"
"2076617786","2006109307","0.277632"
"2043144080","2130103312","0.577632"
"2130103312","2043144080","0.577632"
"2076617786","2113202340","0.277632"
"2113202340","2076617786","0.277632"
"2076617786","2130103312","0.277632"
"2130103312","2076617786","0.277632"
"2076617786","2141820222","0.277632"
"2141820222","2076617786","0.277632"
"2083275222","2130103312","0.577632"
"2130103312","2083275222","0.577632"
"2112414131","2130103312","0.152632"
"2130103312","2112414131","0.152632"
"2113202340","2130103312","0.377632"
"2130103312","2113202340","0.377632"
"2130103312","2141820222","0.377632"
"2141820222","2130103312","0.377632"
"1936559075","2133160727","0.135965"
"2133160727","1936559075","0.135965"
"2043144080","2133160727","0.235965"
"2133160727","2043144080","0.235965"
"2074963925","2133160727","0.235965"
"2133160727","2074963925","0.235965"
"2083275222","2133160727","0.235965"
"2133160727","2083275222","0.235965"
"2100034576","2133160727","0.235965"
"2133160727","2100034576","0.235965"
"2104517159","2133160727","0.135965"
"2133160727","2104517159","0.135965"
"2113202340","2133160727","0.235965"
"2133160727","2113202340","0.235965"
"2133160727","2141820222","0.235965"
"2141820222","2133160727","0.235965"
"1936559075","2106669382","0.0526316"
"2106669382","1936559075","0.0526316"
"1936559075","2146767837","0.0526316"
"2146767837","1936559075","0.0526316"
"2006109307","2106669382","0.0526316"
"2106669382","2006109307","0.0526316"
"2006109307","2115960391","0.0526316"
"2115960391","2006109307","0.0526316"
"2006109307","2146767837","0.0526316"
"2146767837","2006109307","0.0526316"
"2037231459","2076617786","0.0526316"
"2076617786","2037231459","0.0526316"
"2037231459","2106669382","0.0526316"
"2106669382","2037231459","0.0526316"
"2037231459","2115960391","0.0526316"
"2115960391","2037231459","0.0526316"
"2037231459","2146767837","0.0526316"
"2146767837","2037231459","0.0526316"
"2043144080","2146767837","0.286398"
"2146767837","2043144080","0.286398"
"2074963925","2130103312","0.152632"
"2130103312","2074963925","0.152632"
"2074963925","2146767837","0.0526316"
"2146767837","2074963925","0.0526316"
"2076617786","2096633006","0.0526316"
"2096633006","2076617786","0.0526316"
"2076617786","2100034576","0.0526316"
"2100034576","2076617786","0.0526316"
"2076617786","2133160727","0.0526316"
"2133160727","2076617786","0.0526316"
"2076617786","2146767837","0.143541"
"2146767837","2076617786","0.143541"
"2083275222","2146767837","0.510207"
"2146767837","2083275222","0.510207"
"2096633006","2106669382","0.0526316"
"2106669382","2096633006","0.0526316"
"2096633006","2115960391","0.0526316"
"2115960391","2096633006","0.0526316"
"2096633006","2146767837","0.0526316"
"2146767837","2096633006","0.0526316"
"2100034576","2115960391","1.05263"
"2115960391","2100034576","1.05263"
"2100034576","2130103312","0.152632"
"2130103312","2100034576","0.152632"
"2100034576","2146767837","0.0526316"
"2146767837","2100034576","0.0526316"
"2104517159","2130103312","0.0526316"
"2130103312","2104517159","0.0526316"
"2104517159","2146767837","9.26973"
"2146767837","2104517159","9.26973"
"2106669382","2113202340","0.302632"
"2113202340","2106669382","0.302632"
"2106669382","2130103312","0.0526316"
"2130103312","2106669382","0.0526316"
"2106669382","2133160727","0.0526316"
"2133160727","2106669382","0.0526316"
"2106669382","2141820222","0.0526316"
"2141820222","2106669382","0.0526316"
"2106669382","2144279894","0.0526316"
"2144279894","2106669382","0.0526316"
"2106669382","2146767837","1.4193"
"2146767837","2106669382","1.4193"
"2112414131","2133160727","0.0526316"
"2133160727","2112414131","0.0526316"
"2112414131","2146767837","0.219298"
"2146767837","2112414131","0.219298"
"2113202340","2115960391","0.0526316"
"2115960391","2113202340","0.0526316"
"2113202340","2146767837","0.0526316"
"2146767837","2113202340","0.0526316"
"2115960391","2130103312","0.0526316"
"2130103312","2115960391","0.0526316"
"2115960391","2133160727","0.0526316"
"2133160727","2115960391","0.0526316"
"2115960391","2141820222","0.385965"
"2141820222","2115960391","0.385965"
"2115960391","2144279894","0.0526316"
"2144279894","2115960391","0.0526316"
"2115960391","2146767837","0.619731"
"2146767837","2115960391","0.619731"
"2130103312","2144079932","0.0526316"
"2144079932","2130103312","0.0526316"
"2130103312","2146767837","0.0526316"
"2146767837","2130103312","0.0526316"
"2133160727","2144079932","0.0526316"
"2144079932","2133160727","0.0526316"
"2133160727","2146767837","0.0526316"
"2146767837","2133160727","0.0526316"
"2141820222","2146767837","0.0526316"
"2146767837","2141820222","0.0526316"
"2144079932","2146767837","4.8693"
"2146767837","2144079932","4.8693"
"2144279894","2146767837","0.0526316"
"2146767837","2144279894","0.0526316"
"1999781327","2104517159","0.866667"
"2104517159","1999781327","0.866667"
"1999781327","2144079932","0.2"
"2144079932","1999781327","0.2"
"1999781327","2146767837","0.2"
"2146767837","1999781327","0.2"
"2023083005","2104517159","0.290909"
"2104517159","2023083005","0.290909"
"2023083005","2144079932","0.533333"
"2144079932","2023083005","0.533333"
"2023083005","2146767837","0.624242"
"2146767837","2023083005","0.624242"
"2080649936","2146767837","0.2"
"2146767837","2080649936","0.2"
"1999781327","2035498319","0.111111"
"2035498319","1999781327","0.111111"
"1999781327","2076617786","0.111111"
"2076617786","1999781327","0.111111"
"1999781327","2083275222","0.777778"
"2083275222","1999781327","0.777778"
"1999781327","2115960391","0.361111"
"2115960391","1999781327","0.361111"
"1999781327","2135935872","0.111111"
"2135935872","1999781327","0.111111"
"2011845647","2035498319","0.111111"
"2035498319","2011845647","0.111111"
"2011845647","2076617786","0.111111"
"2076617786","2011845647","0.111111"
"2011845647","2083275222","0.111111"
"2083275222","2011845647","0.111111"
"2011845647","2115960391","0.111111"
"2115960391","2011845647","0.111111"
"2011845647","2135935872","0.111111"
"2135935872","2011845647","0.111111"
"2035498319","2084673927","0.111111"
"2084673927","2035498319","0.111111"
"2035498319","2121381561","0.45202"
"2121381561","2035498319","0.45202"
"2076617786","2084673927","0.111111"
"2084673927","2076617786","0.111111"
"2076617786","2121381561","0.20202"
"2121381561","2076617786","0.20202"
"2080649936","2135935872","0.111111"
"2135935872","2080649936","0.111111"
"2083275222","2084673927","0.444444"
"2084673927","2083275222","0.444444"
"2083275222","2121381561","0.20202"
"2121381561","2083275222","0.20202"
"2083275222","2135935872","0.20202"
"2135935872","2083275222","0.20202"
"2084673927","2115960391","0.111111"
"2115960391","2084673927","0.111111"
"2084673927","2121381561","0.111111"
"2121381561","2084673927","0.111111"
"2084673927","2135935872","0.111111"
"2135935872","2084673927","0.111111"
"2115960391","2121381561","0.45202"
"2121381561","2115960391","0.45202"
"2121381561","2135935872","0.45202"
"2135935872","2121381561","0.45202"
"2084673927","2104517159","0.333333"
"2104517159","2084673927","0.333333"
"1999781327","2125910029","0.25"
"2125910029","1999781327","0.25"
"2023083005","2115960391","1.67424"
"2115960391","2023083005","1.67424"
"2023083005","2125910029","0.25"
"2125910029","2023083005","0.25"
"2080649936","2125910029","0.25"
"2125910029","2080649936","0.25"
"2023083005","2135935872","1.09091"
"2135935872","2023083005","1.09091"
"2023083005","2151428270","0.590909"
"2151428270","2023083005","0.590909"
"2135935872","2151428270","1.0671"
"2151428270","2135935872","1.0671"
"2023083005","2035498319","0.590909"
"2035498319","2023083005","0.590909"
"2023083005","2043144080","0.0909091"
"2043144080","2023083005","0.0909091"
"2023083005","2044613318","0.0909091"
"2044613318","2023083005","0.0909091"
"2023083005","2076617786","0.0909091"
"2076617786","2023083005","0.0909091"
"2023083005","2083275222","0.0909091"
"2083275222","2023083005","0.0909091"
"2035498319","2146767837","0.233766"
"2146767837","2035498319","0.233766"
"2035498319","2151428270","0.5671"
"2151428270","2035498319","0.5671"
"2043144080","2121381561","0.340909"
"2121381561","2043144080","0.340909"
"2043144080","2151428270","0.233766"
"2151428270","2043144080","0.233766"
"2044613318","2083275222","0.0909091"
"2083275222","2044613318","0.0909091"
"2044613318","2104517159","0.233766"
"2104517159","2044613318","0.233766"
"2044613318","2121381561","0.0909091"
"2121381561","2044613318","0.0909091"
"2044613318","2146767837","0.233766"
"2146767837","2044613318","0.233766"
"2044613318","2151428270","0.233766"
"2151428270","2044613318","0.233766"
"2076617786","2151428270","1.09091"
"2151428270","2076617786","1.09091"
"2083275222","2151428270","0.0909091"
"2151428270","2083275222","0.0909091"
"2104517159","2121381561","0.0909091"
"2121381561","2104517159","0.0909091"
"2104517159","2135935872","0.483766"
"2135935872","2104517159","0.483766"
"2104517159","2151428270","0.8171"
"2151428270","2104517159","0.8171"
"2115960391","2151428270","0.5671"
"2151428270","2115960391","0.5671"
"2121381561","2146767837","0.0909091"
"2146767837","2121381561","0.0909091"
"2121381561","2151428270","1.09091"
"2151428270","2121381561","1.09091"
"2135935872","2146767837","0.233766"
"2146767837","2135935872","0.233766"
"2146767837","2151428270","0.8171"
"2151428270","2146767837","0.8171"
"2044613318","2141820222","0.333333"
"2141820222","2044613318","0.333333"
"2125910029","2135935872","0.333333"
"2135935872","2125910029","0.333333"
"2037231459","2125473282","0.25"
"2125473282","2037231459","0.25"
"2037231459","2167160509","0.25"
"2167160509","2037231459","0.25"
"2096633006","2125473282","0.25"
"2125473282","2096633006","0.25"
"2096633006","2167160509","0.25"
"2167160509","2096633006","0.25"
"2112414131","2125473282","0.75"
"2125473282","2112414131","0.75"
"2125473282","2167160509","1.75"
"2167160509","2125473282","1.75"
"2083275222","2123382005","0.366667"
"2123382005","2083275222","0.366667"
"2104517159","2123382005","2.2"
"2123382005","2104517159","2.2"
"2106669382","2123382005","0.366667"
"2123382005","2106669382","0.366667"
"2123382005","2144079932","0.7"
"2144079932","2123382005","0.7"
"2123382005","2146767837","1.7"
"2146767837","2123382005","1.7"
"2112414131","2123382005","0.166667"
"2123382005","2112414131","0.166667"
"2083275222","2125473282","1"
"2125473282","2083275222","1"
"2104517159","2125910029","2.25"
"2125910029","2104517159","2.25"
"2125910029","2144079932","0.25"
"2144079932","2125910029","0.25"
"2125910029","2146767837","0.75"
"2146767837","2125910029","0.75"
"2125910029","2151428270","0.25"
"2151428270","2125910029","0.25"
"2144079932","2151428270","0.583333"
"2151428270","2144079932","0.583333"
"2123382005","2125910029","0.5"
"2125910029","2123382005","0.5"
"2121381561","2150847510","1"
"2150847510","2121381561","1"
"2121381561","2141820222","1"
"2141820222","2121381561","1"
