"118973911","1724472458","0.642857"
"1724472458","118973911","0.642857"
"118973911","2343009295","1.95952"
"2343009295","118973911","1.95952"
"1724472458","2343009295","0.833333"
"2343009295","1724472458","0.833333"
"118973911","2589872072","15.0429"
"2589872072","118973911","15.0429"
"118973911","1871488407","0.333333"
"1871488407","118973911","0.333333"
"118973911","2009943525","0.333333"
"2009943525","118973911","0.333333"
"1871488407","2009943525","20.0667"
"2009943525","1871488407","20.0667"
"1871488407","2589872072","0.333333"
"2589872072","1871488407","0.333333"
"2009943525","2589872072","0.333333"
"2589872072","2009943525","0.333333"
"118973911","1984153141","1.34286"
"1984153141","118973911","1.34286"
"118973911","2394717347","1.86667"
"2394717347","118973911","1.86667"
"2343009295","2394717347","0.914286"
"2394717347","2343009295","0.914286"
"2343009295","2589872072","2.70952"
"2589872072","2343009295","2.70952"
"2394717347","2589872072","1.86667"
"2589872072","2394717347","1.86667"
"118973911","2037092970","0.65"
"2037092970","118973911","0.65"
"118973911","2470451304","0.65"
"2470451304","118973911","0.65"
"2037092970","2343009295","0.792857"
"2343009295","2037092970","0.792857"
"2037092970","2394717347","2.2"
"2394717347","2037092970","2.2"
"2037092970","2470451304","2.98333"
"2470451304","2037092970","2.98333"
"2037092970","2589872072","0.4"
"2589872072","2037092970","0.4"
"2343009295","2470451304","2.15"
"2470451304","2343009295","2.15"
"2394717347","2470451304","3.7"
"2470451304","2394717347","3.7"
"2470451304","2589872072","1.4"
"2589872072","2470451304","1.4"
"118973911","1988452287","0.142857"
"1988452287","118973911","0.142857"
"118973911","59931895","0.142857"
"59931895","118973911","0.142857"
"118973911","70096886","0.142857"
"70096886","118973911","0.142857"
"1724472458","1984153141","0.285714"
"1984153141","1724472458","0.285714"
"1724472458","1988452287","3.38819"
"1988452287","1724472458","3.38819"
"1724472458","2589872072","0.142857"
"2589872072","1724472458","0.142857"
"1724472458","59931895","0.142857"
"59931895","1724472458","0.142857"
"1724472458","70096886","1.90561"
"70096886","1724472458","1.90561"
"1984153141","1988452287","0.285714"
"1988452287","1984153141","0.285714"
"1984153141","2343009295","0.985714"
"2343009295","1984153141","0.985714"
"1984153141","2589872072","0.842857"
"2589872072","1984153141","0.842857"
"1984153141","59931895","0.142857"
"59931895","1984153141","0.142857"
"1984153141","70096886","0.142857"
"70096886","1984153141","0.142857"
"1988452287","2343009295","1.58333"
"2343009295","1988452287","1.58333"
"1988452287","2589872072","0.142857"
"2589872072","1988452287","0.142857"
"1988452287","59931895","0.142857"
"59931895","1988452287","0.142857"
"1988452287","70096886","1.67386"
"70096886","1988452287","1.67386"
"2343009295","59931895","0.142857"
"59931895","2343009295","0.142857"
"2343009295","70096886","0.440476"
"70096886","2343009295","0.440476"
"2589872072","59931895","0.142857"
"59931895","2589872072","0.142857"
"2589872072","70096886","0.142857"
"70096886","2589872072","0.142857"
"59931895","70096886","1.14286"
"70096886","59931895","1.14286"
"1984153141","2037092970","2.34286"
"2037092970","1984153141","2.34286"
"1984153141","2470451304","1.7"
"2470451304","1984153141","1.7"
"118973911","1601301169","0.25"
"1601301169","118973911","0.25"
"1601301169","2037092970","0.25"
"2037092970","1601301169","0.25"
"1601301169","2343009295","0.75"
"2343009295","1601301169","0.75"
"1601301169","2470451304","0.75"
"2470451304","1601301169","0.75"
"118973911","1682451491","0.5"
"1682451491","118973911","0.5"
"1682451491","2589872072","0.5"
"2589872072","1682451491","0.5"
"120758129","1534176767","0.4625"
"1534176767","120758129","0.4625"
"120758129","154883872","0.1625"
"154883872","120758129","0.1625"
"120758129","1682451491","0.1625"
"1682451491","120758129","0.1625"
"120758129","1724472458","0.1625"
"1724472458","120758129","0.1625"
"120758129","1806049065","1.78869"
"1806049065","120758129","1.78869"
"120758129","1988452287","0.1625"
"1988452287","120758129","0.1625"
"120758129","2012454489","0.1625"
"2012454489","120758129","0.1625"
"120758129","2076046175","0.205357"
"2076046175","120758129","0.205357"
"120758129","2086298846","0.1625"
"2086298846","120758129","0.1625"
"120758129","2138001464","0.405357"
"2138001464","120758129","0.405357"
"120758129","2151237029","0.0625"
"2151237029","120758129","0.0625"
"120758129","2151471396","0.695833"
"2151471396","120758129","0.695833"
"120758129","2152394049","0.1625"
"2152394049","120758129","0.1625"
"120758129","2160390934","0.1625"
"2160390934","120758129","0.1625"
"120758129","2160608575","0.1625"
"2160608575","120758129","0.1625"
"120758129","2169691038","0.3625"
"2169691038","120758129","0.3625"
"1534176767","154883872","1.00141"
"154883872","1534176767","1.00141"
"1534176767","1682451491","1.44426"
"1682451491","1534176767","1.44426"
"1534176767","1724472458","1.35141"
"1724472458","1534176767","1.35141"
"1534176767","1806049065","0.73869"
"1806049065","1534176767","0.73869"
"1534176767","1988452287","0.838907"
"1988452287","1534176767","0.838907"
"1534176767","2012454489","0.413312"
"2012454489","1534176767","0.413312"
"1534176767","2076046175","0.641685"
"2076046175","1534176767","0.641685"
"1534176767","2086298846","0.926208"
"2086298846","1534176767","0.926208"
"1534176767","2138001464","0.841685"
"2138001464","1534176767","0.841685"
"1534176767","2151237029","0.337121"
"2151237029","1534176767","0.337121"
"1534176767","2151471396","1.18295"
"2151471396","1534176767","1.18295"
"1534176767","2152394049","0.463907"
"2152394049","1534176767","0.463907"
"1534176767","2160390934","0.679563"
"2160390934","1534176767","0.679563"
"1534176767","2160608575","0.568452"
"2160608575","1534176767","0.568452"
"1534176767","2169691038","2.25538"
"2169691038","1534176767","2.25538"
"154883872","1682451491","2.73005"
"1682451491","154883872","2.73005"
"154883872","1724472458","2.43402"
"1724472458","154883872","2.43402"
"154883872","1806049065","0.686742"
"1806049065","154883872","0.686742"
"154883872","1988452287","1.94692"
"1988452287","154883872","1.94692"
"154883872","2012454489","0.62803"
"2012454489","154883872","0.62803"
"154883872","2076046175","0.54724"
"2076046175","154883872","0.54724"
"154883872","2086298846","3.52866"
"2086298846","154883872","3.52866"
"154883872","2138001464","0.54724"
"2138001464","154883872","0.54724"
"154883872","2151237029","0.403788"
"2151237029","154883872","0.403788"
"154883872","2151471396","1.15005"
"2151471396","154883872","1.15005"
"154883872","2152394049","0.681006"
"2152394049","154883872","0.681006"
"154883872","2160390934","0.568452"
"2160390934","154883872","0.568452"
"154883872","2160608575","0.568452"
"2160608575","154883872","0.568452"
"154883872","2169691038","0.73676"
"2169691038","154883872","0.73676"
"1682451491","1724472458","3.54116"
"1724472458","1682451491","3.54116"
"1682451491","1806049065","1.8296"
"1806049065","1682451491","1.8296"
"1682451491","1988452287","1.65406"
"1988452287","1682451491","1.65406"
"1682451491","2012454489","0.670887"
"2012454489","1682451491","0.670887"
"1682451491","2076046175","1.04724"
"2076046175","1682451491","1.04724"
"1682451491","2086298846","3.97866"
"2086298846","1682451491","3.97866"
"1682451491","2138001464","0.880574"
"2138001464","1682451491","0.880574"
"1682451491","2151237029","0.470455"
"2151237029","1682451491","0.470455"
"1682451491","2151471396","1.31672"
"2151471396","1682451491","1.31672"
"1682451491","2152394049","0.581006"
"2152394049","1682451491","0.581006"
"1682451491","2160390934","0.468452"
"2160390934","1682451491","0.468452"
"1682451491","2160608575","0.468452"
"2160608575","1682451491","0.468452"
"1682451491","2169691038","1.54628"
"2169691038","1682451491","1.54628"
"1724472458","1806049065","2.65341"
"1806049065","1724472458","2.65341"
"1724472458","2012454489","0.494697"
"2012454489","1724472458","0.494697"
"1724472458","2076046175","0.513907"
"2076046175","1724472458","0.513907"
"1724472458","2086298846","2.61199"
"2086298846","1724472458","2.61199"
"1724472458","2138001464","0.54724"
"2138001464","1724472458","0.54724"
"1724472458","2151237029","0.470455"
"2151237029","1724472458","0.470455"
"1724472458","2151471396","0.866721"
"2151471396","1724472458","0.866721"
"1724472458","2152394049","0.581006"
"2152394049","1724472458","0.581006"
"1724472458","2160390934","0.468452"
"2160390934","1724472458","0.468452"
"1724472458","2160608575","0.468452"
"2160608575","1724472458","0.468452"
"1724472458","2169691038","1.54232"
"2169691038","1724472458","1.54232"
"1806049065","1988452287","0.153409"
"1988452287","1806049065","0.153409"
"1806049065","2012454489","0.296266"
"2012454489","1806049065","0.296266"
"1806049065","2076046175","0.205357"
"2076046175","1806049065","0.205357"
"1806049065","2086298846","0.296266"
"2086298846","1806049065","0.296266"
"1806049065","2138001464","0.53869"
"2138001464","1806049065","0.53869"
"1806049065","2151237029","0.0625"
"2151237029","1806049065","0.0625"
"1806049065","2151471396","0.353409"
"2151471396","1806049065","0.353409"
"1806049065","2152394049","0.153409"
"2152394049","1806049065","0.153409"
"1806049065","2160390934","0.0625"
"2160390934","1806049065","0.0625"
"1806049065","2160608575","0.0625"
"2160608575","1806049065","0.0625"
"1806049065","2169691038","0.53869"
"2169691038","1806049065","0.53869"
"1988452287","2012454489","0.432197"
"2012454489","1988452287","0.432197"
"1988452287","2076046175","0.513907"
"2076046175","1988452287","0.513907"
"1988452287","2086298846","1.76914"
"2086298846","1988452287","1.76914"
"1988452287","2138001464","0.48474"
"2138001464","1988452287","0.48474"
"1988452287","2151237029","0.407955"
"2151237029","1988452287","0.407955"
"1988452287","2151471396","0.661364"
"2151471396","1988452287","0.661364"
"1988452287","2152394049","0.375649"
"2152394049","1988452287","0.375649"
"1988452287","2160390934","0.468452"
"2160390934","1988452287","0.468452"
"1988452287","2160608575","0.468452"
"2160608575","1988452287","0.468452"
"1988452287","2169691038","0.829816"
"2169691038","1988452287","0.829816"
"2012454489","2076046175","0.107955"
"2076046175","2012454489","0.107955"
"2012454489","2086298846","0.508387"
"2086298846","2012454489","0.508387"
"2012454489","2138001464","0.270455"
"2138001464","2012454489","0.270455"
"2012454489","2151237029","0.237121"
"2151237029","2012454489","0.237121"
"2012454489","2151471396","0.32803"
"2151471396","2012454489","0.32803"
"2012454489","2152394049","0.42803"
"2152394049","2012454489","0.42803"
"2012454489","2160390934","0.1625"
"2160390934","2012454489","0.1625"
"2012454489","2160608575","0.1625"
"2160608575","2012454489","0.1625"
"2012454489","2169691038","0.313312"
"2169691038","2012454489","0.313312"
"2076046175","2086298846","1.09168"
"2086298846","2076046175","1.09168"
"2076046175","2138001464","3.69823"
"2138001464","2076046175","3.69823"
"2076046175","2151237029","0.174621"
"2151237029","2076046175","0.174621"
"2076046175","2151471396","0.320455"
"2151471396","2076046175","0.320455"
"2076046175","2152394049","0.301407"
"2152394049","2076046175","0.301407"
"2076046175","2160390934","0.555754"
"2160390934","2076046175","0.555754"
"2076046175","2160608575","0.444643"
"2160608575","2076046175","0.444643"
"2076046175","2169691038","0.708351"
"2169691038","2076046175","0.708351"
"2086298846","2138001464","0.762518"
"2138001464","2086298846","0.762518"
"2086298846","2151237029","0.174621"
"2151237029","2086298846","0.174621"
"2086298846","2151471396","0.32803"
"2151471396","2086298846","0.32803"
"2086298846","2152394049","0.475649"
"2152394049","2086298846","0.475649"
"2086298846","2160390934","0.512897"
"2160390934","2086298846","0.512897"
"2086298846","2160608575","0.401786"
"2160608575","2086298846","0.401786"
"2086298846","2169691038","1.11712"
"2169691038","2086298846","1.11712"
"2138001464","2151237029","0.337121"
"2151237029","2138001464","0.337121"
"2138001464","2151471396","1.74962"
"2151471396","2138001464","1.74962"
"2138001464","2152394049","1.23474"
"2152394049","2138001464","1.23474"
"2138001464","2160390934","1.12659"
"2160390934","2138001464","1.12659"
"2138001464","2160608575","1.01548"
"2160608575","2138001464","1.01548"
"2138001464","2169691038","0.575018"
"2169691038","2138001464","0.575018"
"2151237029","2151471396","0.470455"
"2151471396","2151237029","0.470455"
"2151237029","2152394049","0.487121"
"2152394049","2151237029","0.487121"
"2151237029","2160390934","0.729167"
"2160390934","2151237029","0.729167"
"2151237029","2160608575","0.729167"
"2160608575","2151237029","0.729167"
"2151237029","2169691038","0.237121"
"2169691038","2151237029","0.237121"
"2151471396","2152394049","1.38755"
"2152394049","2151471396","1.38755"
"2151471396","2160390934","0.958333"
"2160390934","2151471396","0.958333"
"2151471396","2160608575","0.958333"
"2160608575","2151471396","0.958333"
"2151471396","2169691038","1.21629"
"2169691038","2151471396","1.21629"
"2152394049","2160390934","0.272619"
"2160390934","2152394049","0.272619"
"2152394049","2160608575","0.272619"
"2160608575","2152394049","0.272619"
"2152394049","2169691038","0.363907"
"2169691038","2152394049","0.363907"
"2160390934","2160608575","22.478"
"2160608575","2160390934","22.478"
"2160390934","2169691038","0.412897"
"2169691038","2160390934","0.412897"
"2160608575","2169691038","0.301786"
"2169691038","2160608575","0.301786"
"120758129","1484751769","0.692857"
"1484751769","120758129","0.692857"
"120758129","1976005800","0.72619"
"1976005800","120758129","0.72619"
"120758129","2087000693","1.32619"
"2087000693","120758129","1.32619"
"120758129","2166094320","0.142857"
"2166094320","120758129","0.142857"
"1484751769","1806049065","1.95996"
"1806049065","1484751769","1.95996"
"1484751769","1976005800","0.47619"
"1976005800","1484751769","0.47619"
"1484751769","2076046175","0.448431"
"2076046175","1484751769","0.448431"
"1484751769","2087000693","1.9651"
"2087000693","1484751769","1.9651"
"1484751769","2138001464","0.710931"
"2138001464","1484751769","0.710931"
"1484751769","2166094320","0.97619"
"2166094320","1484751769","0.97619"
"1806049065","1976005800","2.39286"
"1976005800","1806049065","2.39286"
"1806049065","2087000693","2.05952"
"2087000693","1806049065","2.05952"
"1806049065","2166094320","2.30952"
"2166094320","1806049065","2.30952"
"1976005800","2076046175","0.559524"
"2076046175","1976005800","0.559524"
"1976005800","2087000693","8.47619"
"2087000693","1976005800","8.47619"
"1976005800","2138001464","0.559524"
"2138001464","1976005800","0.559524"
"1976005800","2166094320","8.92064"
"2166094320","1976005800","8.92064"
"2076046175","2087000693","2.1526"
"2087000693","2076046175","2.1526"
"2076046175","2166094320","0.47619"
"2166094320","2076046175","0.47619"
"2087000693","2138001464","2.14843"
"2138001464","2087000693","2.14843"
"2087000693","2166094320","1.42063"
"2166094320","2087000693","1.42063"
"2138001464","2166094320","0.142857"
"2166094320","2138001464","0.142857"
"120758129","2470451304","1"
"2470451304","120758129","1"
"120758129","2120946007","0.333333"
"2120946007","120758129","0.333333"
"120758129","8287904","0.333333"
"8287904","120758129","0.333333"
"2120946007","2151471396","0.333333"
"2151471396","2120946007","0.333333"
"2120946007","8287904","0.333333"
"8287904","2120946007","0.333333"
"2151471396","8287904","0.6"
"8287904","2151471396","0.6"
"120758129","70096886","0.3"
"70096886","120758129","0.3"
"1484751769","1534176767","1.36093"
"1534176767","1484751769","1.36093"
"1484751769","2151471396","1.08755"
"2151471396","1484751769","1.08755"
"1484751769","2169691038","1.46093"
"2169691038","1484751769","1.46093"
"1484751769","70096886","0.75974"
"70096886","1484751769","0.75974"
"1534176767","70096886","1.05835"
"70096886","1534176767","1.05835"
"2151471396","70096886","0.345455"
"70096886","2151471396","0.345455"
"2169691038","70096886","1.14926"
"70096886","2169691038","1.14926"
"120758129","2034313414","0.1"
"2034313414","120758129","0.1"
"1534176767","2034313414","0.457955"
"2034313414","1534176767","0.457955"
"1534176767","2087000693","0.505574"
"2087000693","1534176767","0.505574"
"154883872","2034313414","0.441288"
"2034313414","154883872","0.441288"
"154883872","2087000693","0.667118"
"2087000693","154883872","0.667118"
"2012454489","2034313414","0.274621"
"2034313414","2012454489","0.274621"
"2012454489","2087000693","0.207955"
"2087000693","2012454489","0.207955"
"2034313414","2086298846","0.212121"
"2086298846","2034313414","0.212121"
"2034313414","2087000693","0.541288"
"2087000693","2034313414","0.541288"
"2034313414","2138001464","1.22462"
"2138001464","2034313414","1.22462"
"2034313414","2152394049","0.941288"
"2152394049","2034313414","0.941288"
"2034313414","2160390934","0.866667"
"2160390934","2034313414","0.866667"
"2034313414","2160608575","0.866667"
"2160608575","2034313414","0.866667"
"2086298846","2087000693","2.26017"
"2087000693","2086298846","2.26017"
"2087000693","2152394049","0.588907"
"2152394049","2087000693","0.588907"
"2087000693","2160390934","0.714286"
"2160390934","2087000693","0.714286"
"2087000693","2160608575","0.714286"
"2160608575","2087000693","0.714286"
"120758129","2075178836","0.1"
"2075178836","120758129","0.1"
"1484751769","1682451491","1.56136"
"1682451491","1484751769","1.56136"
"1484751769","1724472458","2.16851"
"1724472458","1484751769","2.16851"
"1484751769","1988452287","1.47982"
"1988452287","1484751769","1.47982"
"1484751769","2075178836","0.1"
"2075178836","1484751769","0.1"
"1534176767","2075178836","0.3"
"2075178836","1534176767","0.3"
"1682451491","2075178836","0.1"
"2075178836","1682451491","0.1"
"1682451491","70096886","1.73101"
"70096886","1682451491","1.73101"
"1724472458","2075178836","0.1"
"2075178836","1724472458","0.1"
"1988452287","2075178836","0.1"
"2075178836","1988452287","0.1"
"2075178836","2138001464","0.1"
"2138001464","2075178836","0.1"
"2075178836","2151471396","0.3"
"2151471396","2075178836","0.3"
"2075178836","2169691038","0.3"
"2169691038","2075178836","0.3"
"2075178836","70096886","0.1"
"70096886","2075178836","0.1"
"2138001464","70096886","0.304185"
"70096886","2138001464","0.304185"
"120758129","1512194687","0.5"
"1512194687","120758129","0.5"
"1512194687","2087000693","0.5"
"2087000693","1512194687","0.5"
"1484751769","154883872","1.01851"
"154883872","1484751769","1.01851"
"1484751769","162787226","0.110119"
"162787226","1484751769","0.110119"
"1484751769","1871488407","1.25184"
"1871488407","1484751769","1.25184"
"1484751769","1898753656","0.593074"
"1898753656","1484751769","0.593074"
"1484751769","2086298846","0.656007"
"2086298846","1484751769","0.656007"
"1484751769","2108072891","0.260119"
"2108072891","1484751769","0.260119"
"1484751769","2152394049","0.53934"
"2152394049","1484751769","0.53934"
"1484751769","2160390934","0.276786"
"2160390934","1484751769","0.276786"
"1484751769","2160608575","0.276786"
"2160608575","1484751769","0.276786"
"1484751769","2231711433","0.88934"
"2231711433","1484751769","0.88934"
"1484751769","2343009295","0.047619"
"2343009295","1484751769","0.047619"
"1484751769","2394717347","0.0930736"
"2394717347","1484751769","0.0930736"
"1534176767","162787226","0.239286"
"162787226","1534176767","0.239286"
"1534176767","1871488407","0.713907"
"1871488407","1534176767","0.713907"
"1534176767","1898753656","0.416685"
"1898753656","1534176767","0.416685"
"1534176767","2108072891","0.467063"
"2108072891","1534176767","0.467063"
"1534176767","2231711433","0.763709"
"2231711433","1534176767","0.763709"
"1534176767","2343009295","0.047619"
"2343009295","1534176767","0.047619"
"1534176767","2394717347","0.0930736"
"2394717347","1534176767","0.0930736"
"154883872","162787226","0.695274"
"162787226","154883872","0.695274"
"154883872","1871488407","2.76874"
"1871488407","154883872","2.76874"
"154883872","1898753656","0.666685"
"1898753656","154883872","0.666685"
"154883872","2108072891","0.513528"
"2108072891","154883872","0.513528"
"154883872","2231711433","3.47727"
"2231711433","154883872","3.47727"
"154883872","2343009295","0.047619"
"2343009295","154883872","0.047619"
"154883872","2394717347","0.0930736"
"2394717347","154883872","0.0930736"
"154883872","70096886","1.0572"
"70096886","154883872","1.0572"
"162787226","1682451491","0.552417"
"1682451491","162787226","0.552417"
"162787226","1724472458","1.69527"
"1724472458","162787226","1.69527"
"162787226","1871488407","0.695274"
"1871488407","162787226","0.695274"
"162787226","1898753656","0.62123"
"1898753656","162787226","0.62123"
"162787226","1988452287","0.632774"
"1988452287","162787226","0.632774"
"162787226","2076046175","0.176786"
"2076046175","162787226","0.176786"
"162787226","2086298846","0.966107"
"2086298846","162787226","0.966107"
"162787226","2087000693","0.267695"
"2087000693","162787226","0.267695"
"162787226","2108072891","0.201028"
"2108072891","162787226","0.201028"
"162787226","2138001464","0.110119"
"2138001464","162787226","0.110119"
"162787226","2152394049","1.17262"
"2152394049","162787226","1.17262"
"162787226","2160390934","0.176786"
"2160390934","162787226","0.176786"
"162787226","2160608575","0.176786"
"2160608575","162787226","0.176786"
"162787226","2169691038","0.330195"
"2169691038","162787226","0.330195"
"162787226","2231711433","0.632774"
"2231711433","162787226","0.632774"
"162787226","2343009295","0.047619"
"2343009295","162787226","0.047619"
"162787226","2394717347","0.047619"
"2394717347","162787226","0.047619"
"162787226","70096886","0.632774"
"70096886","162787226","0.632774"
"1682451491","1871488407","2.35922"
"1871488407","1682451491","2.35922"
"1682451491","1898753656","0.500018"
"1898753656","1682451491","0.500018"
"1682451491","2087000693","2.33378"
"2087000693","1682451491","2.33378"
"1682451491","2108072891","1.01353"
"2108072891","1682451491","1.01353"
"1682451491","2231711433","5.26061"
"2231711433","1682451491","5.26061"
"1682451491","2343009295","0.047619"
"2343009295","1682451491","0.047619"
"1682451491","2394717347","0.0930736"
"2394717347","1682451491","0.0930736"
"1724472458","1871488407","1.64652"
"1871488407","1724472458","1.64652"
"1724472458","1898753656","0.500018"
"1898753656","1724472458","0.500018"
"1724472458","2087000693","1.38934"
"2087000693","1724472458","1.38934"
"1724472458","2108072891","0.430195"
"2108072891","1724472458","0.430195"
"1724472458","2231711433","2.78283"
"2231711433","1724472458","2.78283"
"1724472458","2394717347","0.0930736"
"2394717347","1724472458","0.0930736"
"1871488407","1898753656","0.333351"
"1898753656","1871488407","0.333351"
"1871488407","1988452287","1.40942"
"1988452287","1871488407","1.40942"
"1871488407","2076046175","0.551407"
"2076046175","1871488407","0.551407"
"1871488407","2086298846","1.24116"
"2086298846","1871488407","1.24116"
"1871488407","2087000693","0.567118"
"2087000693","1871488407","0.567118"
"1871488407","2108072891","0.663528"
"2108072891","1871488407","0.663528"
"1871488407","2138001464","0.38474"
"2138001464","1871488407","0.38474"
"1871488407","2152394049","0.518506"
"2152394049","1871488407","0.518506"
"1871488407","2160390934","0.405952"
"2160390934","1871488407","0.405952"
"1871488407","2160608575","0.405952"
"2160608575","1871488407","0.405952"
"1871488407","2169691038","1.11593"
"2169691038","1871488407","1.11593"
"1871488407","2231711433","1.75227"
"2231711433","1871488407","1.75227"
"1871488407","2343009295","0.047619"
"2343009295","1871488407","0.047619"
"1871488407","2394717347","0.0930736"
"2394717347","1871488407","0.0930736"
"1871488407","70096886","0.932197"
"70096886","1871488407","0.932197"
"1898753656","1988452287","0.500018"
"1988452287","1898753656","0.500018"
"1898753656","2076046175","0.416685"
"2076046175","1898753656","0.416685"
"1898753656","2086298846","1.11113"
"2086298846","1898753656","1.11113"
"1898753656","2087000693","0.243074"
"2087000693","1898753656","0.243074"
"1898753656","2108072891","0.304563"
"2108072891","1898753656","0.304563"
"1898753656","2138001464","0.287518"
"2138001464","1898753656","0.287518"
"1898753656","2152394049","0.238907"
"2152394049","1898753656","0.238907"
"1898753656","2160390934","0.787897"
"2160390934","1898753656","0.787897"
"1898753656","2160608575","0.676786"
"2160608575","1898753656","0.676786"
"1898753656","2169691038","0.416685"
"2169691038","1898753656","0.416685"
"1898753656","2231711433","2.94446"
"2231711433","1898753656","2.94446"
"1898753656","2343009295","0.047619"
"2343009295","1898753656","0.047619"
"1898753656","2394717347","0.0930736"
"2394717347","1898753656","0.0930736"
"1898753656","70096886","0.611129"
"70096886","1898753656","0.611129"
"1988452287","2087000693","0.46176"
"2087000693","1988452287","0.46176"
"1988452287","2108072891","0.430195"
"2108072891","1988452287","0.430195"
"1988452287","2231711433","2.05108"
"2231711433","1988452287","2.05108"
"1988452287","2394717347","0.0930736"
"2394717347","1988452287","0.0930736"
"2076046175","2108072891","2.67659"
"2108072891","2076046175","2.67659"
"2076046175","2231711433","1.09585"
"2231711433","2076046175","1.09585"
"2076046175","2343009295","0.047619"
"2343009295","2076046175","0.047619"
"2076046175","2394717347","0.0930736"
"2394717347","2076046175","0.0930736"
"2076046175","70096886","0.433351"
"70096886","2076046175","0.433351"
"2086298846","2108072891","0.807973"
"2108072891","2086298846","0.807973"
"2086298846","2231711433","7.42013"
"2231711433","2086298846","7.42013"
"2086298846","2343009295","0.297619"
"2343009295","2086298846","0.297619"
"2086298846","2394717347","0.0930736"
"2394717347","2086298846","0.0930736"
"2086298846","70096886","1.6572"
"70096886","2086298846","1.6572"
"2087000693","2108072891","0.905195"
"2108072891","2087000693","0.905195"
"2087000693","2169691038","0.496483"
"2169691038","2087000693","0.496483"
"2087000693","2231711433","2.27128"
"2231711433","2087000693","2.27128"
"2087000693","2343009295","0.047619"
"2343009295","2087000693","0.047619"
"2087000693","2394717347","0.0930736"
"2394717347","2087000693","0.0930736"
"2087000693","70096886","0.604618"
"70096886","2087000693","0.604618"
"2108072891","2138001464","8.54742"
"2138001464","2108072891","8.54742"
"2108072891","2152394049","0.443452"
"2152394049","2108072891","0.443452"
"2108072891","2160390934","1.02659"
"2160390934","2108072891","1.02659"
"2108072891","2160608575","0.915476"
"2160608575","2108072891","0.915476"
"2108072891","2169691038","0.624639"
"2169691038","2108072891","0.624639"
"2108072891","2231711433","1.20797"
"2231711433","2108072891","1.20797"
"2108072891","2343009295","0.047619"
"2343009295","2108072891","0.047619"
"2108072891","2394717347","0.147619"
"2394717347","2108072891","0.147619"
"2108072891","70096886","1.41214"
"70096886","2108072891","1.41214"
"2138001464","2231711433","0.600018"
"2231711433","2138001464","0.600018"
"2138001464","2343009295","0.380952"
"2343009295","2138001464","0.380952"
"2138001464","2394717347","0.193074"
"2394717347","2138001464","0.193074"
"2152394049","2231711433","0.313149"
"2231711433","2152394049","0.313149"
"2152394049","2343009295","0.047619"
"2343009295","2152394049","0.047619"
"2152394049","2394717347","0.0930736"
"2394717347","2152394049","0.0930736"
"2152394049","70096886","0.155574"
"70096886","2152394049","0.155574"
"2160390934","2231711433","0.350397"
"2231711433","2160390934","0.350397"
"2160390934","2343009295","0.047619"
"2343009295","2160390934","0.047619"
"2160390934","2394717347","0.647619"
"2394717347","2160390934","0.647619"
"2160390934","70096886","0.287897"
"70096886","2160390934","0.287897"
"2160608575","2231711433","0.239286"
"2231711433","2160608575","0.239286"
"2160608575","2343009295","0.047619"
"2343009295","2160608575","0.047619"
"2160608575","2394717347","0.647619"
"2394717347","2160608575","0.647619"
"2160608575","70096886","0.176786"
"70096886","2160608575","0.176786"
"2169691038","2231711433","1.12128"
"2231711433","2169691038","1.12128"
"2169691038","2343009295","0.047619"
"2343009295","2169691038","0.047619"
"2169691038","2394717347","0.0930736"
"2394717347","2169691038","0.0930736"
"2231711433","2343009295","0.297619"
"2343009295","2231711433","0.297619"
"2231711433","2394717347","0.0930736"
"2394717347","2231711433","0.0930736"
"2231711433","70096886","1.93497"
"70096886","2231711433","1.93497"
"2394717347","70096886","0.0930736"
"70096886","2394717347","0.0930736"
"1484751769","2012454489","0.575054"
"2012454489","1484751769","0.575054"
"1806049065","1871488407","0.957576"
"1871488407","1806049065","0.957576"
"1806049065","2231711433","0.233766"
"2231711433","1806049065","0.233766"
"1871488407","2012454489","8.6322"
"2012454489","1871488407","8.6322"
"1871488407","2151471396","0.904221"
"2151471396","1871488407","0.904221"
"2012454489","2231711433","0.345887"
"2231711433","2012454489","0.345887"
"2151471396","2231711433","0.332197"
"2231711433","2151471396","0.332197"
"1484751769","2034313414","0.674621"
"2034313414","1484751769","0.674621"
"1484751769","2151237029","0.407955"
"2151237029","1484751769","0.407955"
"1682451491","2034313414","0.341288"
"2034313414","1682451491","0.341288"
"1724472458","2034313414","0.341288"
"2034313414","1724472458","0.341288"
"1871488407","2034313414","0.674621"
"2034313414","1871488407","0.674621"
"1871488407","2151237029","0.407955"
"2151237029","1871488407","0.407955"
"1988452287","2034313414","0.278788"
"2034313414","1988452287","0.278788"
"2034313414","2151237029","0.591288"
"2151237029","2034313414","0.591288"
"2034313414","2151471396","2.75795"
"2151471396","2034313414","2.75795"
"1484751769","1578680960","0.566667"
"1578680960","1484751769","0.566667"
"1578680960","2166094320","0.5"
"2166094320","1578680960","0.5"
"1484751769","65874733","1.80379"
"65874733","1484751769","1.80379"
"1534176767","65874733","0.420455"
"65874733","1534176767","0.420455"
"154883872","65874733","1.15934"
"65874733","154883872","1.15934"
"1682451491","65874733","0.72601"
"65874733","1682451491","0.72601"
"1724472458","65874733","1.72045"
"65874733","1724472458","1.72045"
"1871488407","65874733","0.72601"
"65874733","1871488407","0.72601"
"1988452287","65874733","0.602399"
"65874733","1988452287","0.602399"
"2076046175","65874733","0.174621"
"65874733","2076046175","0.174621"
"2086298846","65874733","0.174621"
"65874733","2086298846","0.174621"
"2108072891","2151471396","0.4625"
"2151471396","2108072891","0.4625"
"2108072891","65874733","0.129167"
"65874733","2108072891","0.129167"
"2138001464","65874733","0.170455"
"65874733","2138001464","0.170455"
"2151471396","65874733","0.637121"
"65874733","2151471396","0.637121"
"2160390934","65874733","0.0625"
"65874733","2160390934","0.0625"
"2160608575","65874733","0.0625"
"65874733","2160608575","0.0625"
"2169691038","65874733","0.931566"
"65874733","2169691038","0.931566"
"2231711433","65874733","0.352399"
"65874733","2231711433","0.352399"
"1724472458","2166094320","0.333333"
"2166094320","1724472458","0.333333"
"1484751769","2096211577","0.333333"
"2096211577","1484751769","0.333333"
"1898753656","2034313414","0.378788"
"2034313414","1898753656","0.378788"
"1898753656","2096211577","0.333333"
"2096211577","1898753656","0.333333"
"1898753656","65874733","0.295455"
"65874733","1898753656","0.295455"
"2034313414","2096211577","2.85"
"2096211577","2034313414","2.85"
"2034313414","65874733","0.424621"
"65874733","2034313414","0.424621"
"2096211577","65874733","0.25"
"65874733","2096211577","0.25"
"1484751769","1551229592","0.666667"
"1551229592","1484751769","0.666667"
"1484751769","2117376962","0.233333"
"2117376962","1484751769","0.233333"
"1551229592","1724472458","0.809524"
"1724472458","1551229592","0.809524"
"1551229592","1871488407","0.666667"
"1871488407","1551229592","0.666667"
"1551229592","1988452287","1.05952"
"1988452287","1551229592","1.05952"
"1551229592","2012454489","0.166667"
"2012454489","1551229592","0.166667"
"1551229592","2117376962","0.166667"
"2117376962","1551229592","0.166667"
"1724472458","2117376962","0.9"
"2117376962","1724472458","0.9"
"1871488407","2117376962","1.1"
"2117376962","1871488407","1.1"
"1988452287","2117376962","0.233333"
"2117376962","1988452287","0.233333"
"2012454489","2117376962","0.5"
"2117376962","2012454489","0.5"
"1484751769","1512194687","0.0666667"
"1512194687","1484751769","0.0666667"
"1484751769","2092425809","0.0666667"
"2092425809","1484751769","0.0666667"
"1484751769","8287904","0.0666667"
"8287904","1484751769","0.0666667"
"1512194687","1682451491","0.0666667"
"1682451491","1512194687","0.0666667"
"1512194687","1724472458","0.0666667"
"1724472458","1512194687","0.0666667"
"1512194687","1871488407","0.0666667"
"1871488407","1512194687","0.0666667"
"1512194687","1988452287","0.0666667"
"1988452287","1512194687","0.0666667"
"1512194687","2076046175","0.0666667"
"2076046175","1512194687","0.0666667"
"1512194687","2092425809","0.0666667"
"2092425809","1512194687","0.0666667"
"1512194687","2108072891","0.0666667"
"2108072891","1512194687","0.0666667"
"1512194687","2117376962","0.0666667"
"2117376962","1512194687","0.0666667"
"1512194687","2151237029","0.0666667"
"2151237029","1512194687","0.0666667"
"1512194687","2151471396","1.26667"
"2151471396","1512194687","1.26667"
"1512194687","2169691038","1.26667"
"2169691038","1512194687","1.26667"
"1512194687","2231711433","0.0666667"
"2231711433","1512194687","0.0666667"
"1512194687","65874733","0.0666667"
"65874733","1512194687","0.0666667"
"1512194687","8287904","0.266667"
"8287904","1512194687","0.266667"
"1682451491","2092425809","0.0666667"
"2092425809","1682451491","0.0666667"
"1682451491","2117376962","0.266667"
"2117376962","1682451491","0.266667"
"1682451491","8287904","0.0666667"
"8287904","1682451491","0.0666667"
"1724472458","2092425809","0.209524"
"2092425809","1724472458","0.209524"
"1724472458","8287904","0.0666667"
"8287904","1724472458","0.0666667"
"1871488407","2092425809","0.0666667"
"2092425809","1871488407","0.0666667"
"1871488407","8287904","0.0666667"
"8287904","1871488407","0.0666667"
"1988452287","2092425809","0.209524"
"2092425809","1988452287","0.209524"
"1988452287","8287904","0.0666667"
"8287904","1988452287","0.0666667"
"2076046175","2092425809","0.0666667"
"2092425809","2076046175","0.0666667"
"2076046175","2117376962","1.06667"
"2117376962","2076046175","1.06667"
"2076046175","8287904","0.0666667"
"8287904","2076046175","0.0666667"
"2092425809","2108072891","0.0666667"
"2108072891","2092425809","0.0666667"
"2092425809","2117376962","0.0666667"
"2117376962","2092425809","0.0666667"
"2092425809","2151237029","0.0666667"
"2151237029","2092425809","0.0666667"
"2092425809","2151471396","0.0666667"
"2151471396","2092425809","0.0666667"
"2092425809","2169691038","0.0666667"
"2169691038","2092425809","0.0666667"
"2092425809","2231711433","0.0666667"
"2231711433","2092425809","0.0666667"
"2092425809","65874733","0.0666667"
"65874733","2092425809","0.0666667"
"2092425809","8287904","0.0666667"
"8287904","2092425809","0.0666667"
"2108072891","2117376962","0.4"
"2117376962","2108072891","0.4"
"2108072891","2151237029","0.316667"
"2151237029","2108072891","0.316667"
"2108072891","8287904","0.0666667"
"8287904","2108072891","0.0666667"
"2117376962","2151237029","0.266667"
"2151237029","2117376962","0.266667"
"2117376962","2151471396","0.0666667"
"2151471396","2117376962","0.0666667"
"2117376962","2169691038","0.0666667"
"2169691038","2117376962","0.0666667"
"2117376962","2231711433","0.4"
"2231711433","2117376962","0.4"
"2117376962","65874733","3.06667"
"65874733","2117376962","3.06667"
"2117376962","8287904","0.0666667"
"8287904","2117376962","0.0666667"
"2151237029","2231711433","0.178788"
"2231711433","2151237029","0.178788"
"2151237029","65874733","0.241288"
"65874733","2151237029","0.241288"
"2151237029","8287904","0.0666667"
"8287904","2151237029","0.0666667"
"2169691038","8287904","0.266667"
"8287904","2169691038","0.266667"
"2231711433","8287904","0.0666667"
"8287904","2231711433","0.0666667"
"65874733","8287904","0.0666667"
"8287904","65874733","0.0666667"
"1534176767","1976005800","0.0833333"
"1976005800","1534176767","0.0833333"
"1534176767","2096211577","0.0833333"
"2096211577","1534176767","0.0833333"
"1898753656","1976005800","0.0833333"
"1976005800","1898753656","0.0833333"
"1898753656","2151471396","0.128788"
"2151471396","1898753656","0.128788"
"1976005800","2034313414","0.0833333"
"2034313414","1976005800","0.0833333"
"1976005800","2096211577","0.0833333"
"2096211577","1976005800","0.0833333"
"1976005800","2108072891","0.0833333"
"2108072891","1976005800","0.0833333"
"1976005800","2151471396","0.0833333"
"2151471396","1976005800","0.0833333"
"1976005800","2152394049","0.0833333"
"2152394049","1976005800","0.0833333"
"1976005800","2169691038","0.194444"
"2169691038","1976005800","0.194444"
"2034313414","2076046175","0.128788"
"2076046175","2034313414","0.128788"
"2034313414","2108072891","0.433333"
"2108072891","2034313414","0.433333"
"2034313414","2169691038","0.191288"
"2169691038","2034313414","0.191288"
"2076046175","2096211577","0.0833333"
"2096211577","2076046175","0.0833333"
"2087000693","2096211577","0.0833333"
"2096211577","2087000693","0.0833333"
"2087000693","2151471396","0.191288"
"2151471396","2087000693","0.191288"
"2096211577","2108072891","0.183333"
"2108072891","2096211577","0.183333"
"2096211577","2138001464","0.516667"
"2138001464","2096211577","0.516667"
"2096211577","2151471396","0.0833333"
"2151471396","2096211577","0.0833333"
"2096211577","2152394049","0.0833333"
"2152394049","2096211577","0.0833333"
"2096211577","2169691038","0.0833333"
"2169691038","2096211577","0.0833333"
"1484751769","1828411905","0.254978"
"1828411905","1484751769","0.254978"
"154883872","1828411905","0.366089"
"1828411905","154883872","0.366089"
"1682451491","1828411905","1.36609"
"1828411905","1682451491","1.36609"
"1724472458","1828411905","0.254978"
"1828411905","1724472458","0.254978"
"1828411905","1871488407","0.366089"
"1871488407","1828411905","0.366089"
"1828411905","2151471396","0.254978"
"2151471396","1828411905","0.254978"
"1828411905","2152394049","0.254978"
"2152394049","1828411905","0.254978"
"1534176767","1828411905","0.0454545"
"1828411905","1534176767","0.0454545"
"1828411905","1898753656","0.0454545"
"1898753656","1828411905","0.0454545"
"1828411905","1988452287","0.112121"
"1988452287","1828411905","0.112121"
"1828411905","2012454489","0.112121"
"2012454489","1828411905","0.112121"
"1828411905","2034313414","0.212121"
"2034313414","1828411905","0.212121"
"1828411905","2076046175","0.0454545"
"2076046175","1828411905","0.0454545"
"1828411905","2086298846","0.112121"
"2086298846","1828411905","0.112121"
"1828411905","2087000693","0.0454545"
"2087000693","1828411905","0.0454545"
"1828411905","2138001464","0.145455"
"2138001464","1828411905","0.145455"
"1828411905","2151237029","0.112121"
"2151237029","1828411905","0.112121"
"1828411905","2169691038","0.156566"
"2169691038","1828411905","0.156566"
"1828411905","2231711433","0.112121"
"2231711433","1828411905","0.112121"
"1828411905","2394717347","0.145455"
"2394717347","1828411905","0.145455"
"1828411905","65874733","0.223232"
"65874733","1828411905","0.223232"
"1828411905","70096886","0.0454545"
"70096886","1828411905","0.0454545"
"1898753656","2012454489","0.0454545"
"2012454489","1898753656","0.0454545"
"1898753656","2151237029","0.0454545"
"2151237029","1898753656","0.0454545"
"2012454489","2394717347","0.0454545"
"2394717347","2012454489","0.0454545"
"2012454489","65874733","0.374621"
"65874733","2012454489","0.374621"
"2012454489","70096886","0.0454545"
"70096886","2012454489","0.0454545"
"2034313414","2231711433","0.112121"
"2231711433","2034313414","0.112121"
"2034313414","2394717347","0.145455"
"2394717347","2034313414","0.145455"
"2034313414","70096886","0.0454545"
"70096886","2034313414","0.0454545"
"2087000693","2151237029","0.357955"
"2151237029","2087000693","0.357955"
"2087000693","65874733","0.219066"
"65874733","2087000693","0.219066"
"2151237029","2394717347","0.0454545"
