"1044601173","2070775894","4.56111"
"2070775894","1044601173","4.56111"
"1044601173","1495444061","0.65202"
"1495444061","1044601173","0.65202"
"1044601173","2064815039","0.2"
"2064815039","1044601173","0.2"
"1044601173","2072210640","0.2"
"2072210640","1044601173","0.2"
"1044601173","2580339477","0.65202"
"2580339477","1044601173","0.65202"
"1495444061","2064815039","1.61667"
"2064815039","1495444061","1.61667"
"1495444061","2070775894","2.89563"
"2070775894","1495444061","2.89563"
"1495444061","2072210640","1.41667"
"2072210640","1495444061","1.41667"
"1495444061","2580339477","12.5779"
"2580339477","1495444061","12.5779"
"2064815039","2070775894","6.86667"
"2070775894","2064815039","6.86667"
"2064815039","2072210640","12.0679"
"2072210640","2064815039","12.0679"
"2064815039","2580339477","1.61667"
"2580339477","2064815039","1.61667"
"2070775894","2072210640","5.16667"
"2072210640","2070775894","5.16667"
"2070775894","2580339477","2.89563"
"2580339477","2070775894","2.89563"
"2072210640","2580339477","1.41667"
"2580339477","2072210640","1.41667"
"1044601173","1449595027","0.0909091"
"1449595027","1044601173","0.0909091"
"1044601173","1975344666","0.20202"
"1975344666","1044601173","0.20202"
"1044601173","2221475113","0.20202"
"2221475113","1044601173","0.20202"
"1044601173","2395368405","0.0909091"
"2395368405","1044601173","0.0909091"
"1044601173","2564949988","0.340909"
"2564949988","1044601173","0.340909"
"1044601173","2618267215","0.20202"
"2618267215","1044601173","0.20202"
"1044601173","2640092413","0.20202"
"2640092413","1044601173","0.20202"
"1044601173","2926494289","0.0909091"
"2926494289","1044601173","0.0909091"
"1044601173","75729132","0.20202"
"75729132","1044601173","0.20202"
"1449595027","1495444061","1.24892"
"1495444061","1449595027","1.24892"
"1449595027","1975344666","0.431818"
"1975344666","1449595027","0.431818"
"1449595027","2221475113","0.481061"
"2221475113","1449595027","0.481061"
"1449595027","2395368405","0.949675"
"2395368405","1449595027","0.949675"
"1449595027","2564949988","0.181818"
"2564949988","1449595027","0.181818"
"1449595027","2580339477","1.24892"
"2580339477","1449595027","1.24892"
"1449595027","2618267215","0.731061"
"2618267215","1449595027","0.731061"
"1449595027","2640092413","0.439394"
"2640092413","1449595027","0.439394"
"1449595027","2926494289","0.215909"
"2926494289","1449595027","0.215909"
"1449595027","75729132","0.498918"
"75729132","1449595027","0.498918"
"1495444061","1975344666","1.74412"
"1975344666","1495444061","1.74412"
"1495444061","2221475113","0.967172"
"2221475113","1495444061","0.967172"
"1495444061","2395368405","2.12587"
"2395368405","1495444061","2.12587"
"1495444061","2564949988","0.531818"
"2564949988","1495444061","0.531818"
"1495444061","2618267215","2.08503"
"2618267215","1495444061","2.08503"
"1495444061","2640092413","0.893362"
"2640092413","1495444061","0.893362"
"1495444061","2926494289","0.0909091"
"2926494289","1495444061","0.0909091"
"1495444061","75729132","1.93503"
"75729132","1495444061","1.93503"
"1975344666","2221475113","2.9096"
"2221475113","1975344666","2.9096"
"1975344666","2395368405","2.23301"
"2395368405","1975344666","2.23301"
"1975344666","2564949988","0.440909"
"2564949988","1975344666","0.440909"
"1975344666","2580339477","1.74412"
"2580339477","1975344666","1.74412"
"1975344666","2618267215","1.49412"
"2618267215","1975344666","1.49412"
"1975344666","2640092413","2.38579"
"2640092413","1975344666","2.38579"
"1975344666","2926494289","0.0909091"
"2926494289","1975344666","0.0909091"
"1975344666","75729132","3.95126"
"75729132","1975344666","3.95126"
"2221475113","2395368405","1.89015"
"2395368405","2221475113","1.89015"
"2221475113","2564949988","0.181818"
"2564949988","2221475113","0.181818"
"2221475113","2580339477","1.46717"
"2580339477","2221475113","1.46717"
"2221475113","2618267215","0.842172"
"2618267215","2221475113","0.842172"
"2221475113","2640092413","0.383838"
"2640092413","2221475113","0.383838"
"2221475113","2926494289","0.549242"
"2926494289","2221475113","0.549242"
"2221475113","75729132","0.800505"
"75729132","2221475113","0.800505"
"2395368405","2564949988","0.440909"
"2564949988","2395368405","0.440909"
"2395368405","2580339477","3.12587"
"2580339477","2395368405","3.12587"
"2395368405","2618267215","3.02468"
"2618267215","2395368405","3.02468"
"2395368405","2640092413","1.19134"
"2640092413","2395368405","1.19134"
"2395368405","2926494289","0.215909"
"2926494289","2395368405","0.215909"
"2395368405","75729132","2.14968"
"75729132","2395368405","2.14968"
"2564949988","2580339477","0.781818"
"2580339477","2564949988","0.781818"
"2564949988","2618267215","1.78182"
"2618267215","2564949988","1.78182"
"2564949988","2640092413","0.781818"
"2640092413","2564949988","0.781818"
"2564949988","2926494289","0.0909091"
"2926494289","2564949988","0.0909091"
"2564949988","75729132","0.531818"
"75729132","2564949988","0.531818"
"2580339477","2618267215","3.08503"
"2618267215","2580339477","3.08503"
"2580339477","2640092413","1.14336"
"2640092413","2580339477","1.14336"
"2580339477","2926494289","0.0909091"
"2926494289","2580339477","0.0909091"
"2580339477","75729132","1.93503"
"75729132","2580339477","1.93503"
"2618267215","2640092413","4.7267"
"2640092413","2618267215","4.7267"
"2618267215","2926494289","2.54924"
"2926494289","2618267215","2.54924"
"2618267215","75729132","0.875505"
"75729132","2618267215","0.875505"
"2640092413","2926494289","0.0909091"
"2926494289","2640092413","0.0909091"
"2640092413","75729132","1.16717"
"75729132","2640092413","1.16717"
"2926494289","75729132","0.0909091"
"75729132","2926494289","0.0909091"
"2070775894","2564949988","1.5"
"2564949988","2070775894","1.5"
"1044601173","2794657001","0.111111"
"2794657001","1044601173","0.111111"
"1495444061","2794657001","0.559596"
"2794657001","1495444061","0.559596"
"1975344666","2070775894","1.40278"
"2070775894","1975344666","1.40278"
"1975344666","2794657001","0.468687"
"2794657001","1975344666","0.468687"
"2070775894","2221475113","0.527778"
"2221475113","2070775894","0.527778"
"2070775894","2618267215","3.23611"
"2618267215","2070775894","3.23611"
"2070775894","2640092413","0.794444"
"2640092413","2070775894","0.794444"
"2070775894","2794657001","0.711111"
"2794657001","2070775894","0.711111"
"2070775894","75729132","7.97897"
"75729132","2070775894","7.97897"
"2221475113","2794657001","0.292929"
"2794657001","2221475113","0.292929"
"2580339477","2794657001","1.8096"
"2794657001","2580339477","1.8096"
"2618267215","2794657001","2.39293"
"2794657001","2618267215","2.39293"
"2640092413","2794657001","2.0596"
"2794657001","2640092413","2.0596"
"2794657001","75729132","2.89293"
"75729132","2794657001","2.89293"
"1449595027","2042923641","0.267857"
"2042923641","1449595027","0.267857"
"1449595027","2536707834","0.35119"
"2536707834","1449595027","0.35119"
"1449595027","2597779881","0.306818"
"2597779881","1449595027","0.306818"
"1449595027","2905954184","0.125"
"2905954184","1449595027","0.125"
"2042923641","2221475113","0.125"
"2221475113","2042923641","0.125"
"2042923641","2395368405","3.49286"
"2395368405","2042923641","3.49286"
"2042923641","2536707834","0.267857"
"2536707834","2042923641","0.267857"
"2042923641","2597779881","0.125"
"2597779881","2042923641","0.125"
"2042923641","2618267215","0.35"
"2618267215","2042923641","0.35"
"2042923641","2905954184","10.7917"
"2905954184","2042923641","10.7917"
"2042923641","2926494289","0.125"
"2926494289","2042923641","0.125"
"2221475113","2536707834","0.208333"
"2536707834","2221475113","0.208333"
"2221475113","2597779881","0.306818"
"2597779881","2221475113","0.306818"
"2221475113","2905954184","0.125"
"2905954184","2221475113","0.125"
"2395368405","2536707834","4.07738"
"2536707834","2395368405","4.07738"
"2395368405","2597779881","0.958766"
"2597779881","2395368405","0.958766"
"2395368405","2905954184","1.125"
"2905954184","2395368405","1.125"
"2536707834","2597779881","0.267857"
"2597779881","2536707834","0.267857"
"2536707834","2618267215","2.35119"
"2618267215","2536707834","2.35119"
"2536707834","2905954184","0.125"
"2905954184","2536707834","0.125"
"2536707834","2926494289","0.125"
"2926494289","2536707834","0.125"
"2597779881","2618267215","1.04968"
"2618267215","2597779881","1.04968"
"2597779881","2905954184","0.125"
"2905954184","2597779881","0.125"
"2597779881","2926494289","0.125"
"2926494289","2597779881","0.125"
"2618267215","2905954184","0.125"
"2905954184","2618267215","0.125"
"2905954184","2926494289","0.125"
"2926494289","2905954184","0.125"
"1449595027","2296886798","0.174242"
"2296886798","1449595027","0.174242"
"1449595027","2652625053","0.0909091"
"2652625053","1449595027","0.0909091"
"1449595027","2794657001","0.348485"
"2794657001","1449595027","0.348485"
"1495444061","2296886798","0.174242"
"2296886798","1495444061","0.174242"
"1495444061","2597779881","0.424675"
"2597779881","1495444061","0.424675"
"1495444061","2652625053","0.0909091"
"2652625053","1495444061","0.0909091"
"2221475113","2296886798","0.174242"
"2296886798","2221475113","0.174242"
"2221475113","2652625053","1.42424"
"2652625053","2221475113","1.42424"
"2296886798","2564949988","0.0909091"
"2564949988","2296886798","0.0909091"
"2296886798","2580339477","1.17424"
"2580339477","2296886798","1.17424"
"2296886798","2597779881","0.0909091"
"2597779881","2296886798","0.0909091"
"2296886798","2618267215","0.590909"
"2618267215","2296886798","0.590909"
"2296886798","2640092413","0.0909091"
"2640092413","2296886798","0.0909091"
"2296886798","2652625053","0.590909"
"2652625053","2296886798","0.590909"
"2296886798","2794657001","0.0909091"
"2794657001","2296886798","0.0909091"
"2296886798","75729132","1.17424"
"75729132","2296886798","1.17424"
"2564949988","2597779881","0.340909"
"2597779881","2564949988","0.340909"
"2564949988","2652625053","0.0909091"
"2652625053","2564949988","0.0909091"
"2564949988","2794657001","0.340909"
"2794657001","2564949988","0.340909"
"2580339477","2597779881","0.424675"
"2597779881","2580339477","0.424675"
"2580339477","2652625053","0.590909"
"2652625053","2580339477","0.590909"
"2597779881","2640092413","1.42468"
"2640092413","2597779881","1.42468"
"2597779881","2652625053","0.0909091"
"2652625053","2597779881","0.0909091"
"2597779881","2794657001","3.53182"
"2794657001","2597779881","3.53182"
"2597779881","75729132","0.531818"
"75729132","2597779881","0.531818"
"2618267215","2652625053","7.17424"
"2652625053","2618267215","7.17424"
"2640092413","2652625053","0.0909091"
"2652625053","2640092413","0.0909091"
"2652625053","2794657001","0.0909091"
"2794657001","2652625053","0.0909091"
"2652625053","75729132","0.0909091"
"75729132","2652625053","0.0909091"
"1449595027","2561521908","0.424242"
"2561521908","1449595027","0.424242"
"1495444061","2561521908","0.982576"
"2561521908","1495444061","0.982576"
"1975344666","2561521908","1.23258"
"2561521908","1975344666","1.23258"
"1975344666","2597779881","0.333766"
"2597779881","1975344666","0.333766"
"2221475113","2561521908","0.174242"
"2561521908","2221475113","0.174242"
"2395368405","2561521908","1.48258"
"2561521908","2395368405","1.48258"
"2395368405","2794657001","1.10758"
"2794657001","2395368405","1.10758"
"2561521908","2580339477","0.982576"
"2580339477","2561521908","0.982576"
"2561521908","2597779881","0.190909"
"2597779881","2561521908","0.190909"
"2561521908","2618267215","1.31591"
"2618267215","2561521908","1.31591"
"2561521908","2640092413","0.524242"
"2640092413","2561521908","0.524242"
"2561521908","2794657001","0.190909"
"2794657001","2561521908","0.190909"
"2561521908","75729132","1.73258"
"75729132","2561521908","1.73258"
"1449595027","2064815039","0.0833333"
"2064815039","1449595027","0.0833333"
"1449595027","2070775894","0.22619"
"2070775894","1449595027","0.22619"
"1449595027","2072210640","0.0833333"
"2072210640","1449595027","0.0833333"
"1495444061","2536707834","0.369048"
"2536707834","1495444061","0.369048"
"1975344666","2064815039","0.383333"
"2064815039","1975344666","0.383333"
"1975344666","2072210640","0.183333"
"2072210640","1975344666","0.183333"
"1975344666","2296886798","2.58333"
"2296886798","1975344666","2.58333"
"1975344666","2536707834","0.559524"
"2536707834","1975344666","0.559524"
"2064815039","2221475113","0.0833333"
"2221475113","2064815039","0.0833333"
"2064815039","2296886798","0.0833333"
"2296886798","2064815039","0.0833333"
"2064815039","2395368405","0.783333"
"2395368405","2064815039","0.783333"
"2064815039","2536707834","0.0833333"
"2536707834","2064815039","0.0833333"
"2064815039","2561521908","0.0833333"
"2561521908","2064815039","0.0833333"
"2064815039","75729132","2.43333"
"75729132","2064815039","2.43333"
"2070775894","2296886798","1.08333"
"2296886798","2070775894","1.08333"
"2070775894","2395368405","1.46786"
"2395368405","2070775894","1.46786"
"2070775894","2536707834","1.22619"
"2536707834","2070775894","1.22619"
"2070775894","2561521908","0.308333"
"2561521908","2070775894","0.308333"
"2072210640","2221475113","0.0833333"
"2221475113","2072210640","0.0833333"
"2072210640","2296886798","0.0833333"
"2296886798","2072210640","0.0833333"
"2072210640","2395368405","0.45"
"2395368405","2072210640","0.45"
"2072210640","2536707834","0.0833333"
"2536707834","2072210640","0.0833333"
"2072210640","2561521908","0.0833333"
"2561521908","2072210640","0.0833333"
"2072210640","75729132","1.43333"
"75729132","2072210640","1.43333"
"2296886798","2395368405","1.08333"
"2395368405","2296886798","1.08333"
"2296886798","2536707834","0.0833333"
"2536707834","2296886798","0.0833333"
"2296886798","2561521908","0.583333"
"2561521908","2296886798","0.583333"
"2536707834","2561521908","1.58333"
"2561521908","2536707834","1.58333"
"2536707834","2580339477","0.619048"
"2580339477","2536707834","0.619048"
"2536707834","75729132","0.22619"
"75729132","2536707834","0.22619"
"1495444061","2042923641","1.03452"
"2042923641","1495444061","1.03452"
"2042923641","2070775894","0.267857"
"2070775894","2042923641","0.267857"
"2042923641","2580339477","1.03452"
"2580339477","2042923641","1.03452"
"2042923641","75729132","0.70119"
"75729132","2042923641","0.70119"
"2064815039","2618267215","0.883333"
"2618267215","2064815039","0.883333"
"2072210640","2618267215","0.35"
"2618267215","2072210640","0.35"
"1975344666","2042923641","0.225"
"2042923641","1975344666","0.225"
"2042923641","2064815039","0.1"
"2064815039","2042923641","0.1"
"2042923641","2072210640","0.1"
"2072210640","2042923641","0.1"
"2042923641","2564949988","0.1"
"2564949988","2042923641","0.1"
"2042923641","2640092413","0.1"
"2640092413","2042923641","0.1"
"2064815039","2564949988","0.1"
"2564949988","2064815039","0.1"
"2064815039","2640092413","0.433333"
"2640092413","2064815039","0.433333"
"2072210640","2564949988","0.1"
"2564949988","2072210640","0.1"
"2072210640","2640092413","0.433333"
"2640092413","2072210640","0.433333"
"1495444061","1563971619","0.2"
"1563971619","1495444061","0.2"
"1495444061","1785797725","0.2"
"1785797725","1495444061","0.2"
"1495444061","2023040061","0.4"
"2023040061","1495444061","0.4"
"1563971619","1785797725","3.09286"
"1785797725","1563971619","3.09286"
"1563971619","2023040061","2.84286"
"2023040061","1563971619","2.84286"
"1563971619","2070775894","0.2"
"2070775894","1563971619","0.2"
"1563971619","2580339477","0.2"
"2580339477","1563971619","0.2"
"1785797725","2023040061","23.8429"
"2023040061","1785797725","23.8429"
"1785797725","2070775894","0.633333"
"2070775894","1785797725","0.633333"
"1785797725","2580339477","0.2"
"2580339477","1785797725","0.2"
"2023040061","2070775894","0.833333"
"2070775894","2023040061","0.833333"
"2023040061","2580339477","0.4"
"2580339477","2023040061","0.4"
"1975344666","2023040061","0.9"
"2023040061","1975344666","0.9"
"2023040061","2618267215","0.616667"
"2618267215","2023040061","0.616667"
"2042923641","2561521908","2.125"
"2561521908","2042923641","2.125"
"2070775894","2597779881","0.35"
"2597779881","2070775894","0.35"
"1495444061","2905954184","0.333333"
"2905954184","1495444061","0.333333"
"2580339477","2905954184","0.333333"
"2905954184","2580339477","0.333333"
"2536707834","2640092413","0.142857"
"2640092413","2536707834","0.142857"
"1495444061","2104578611","0.45"
"2104578611","1495444061","0.45"
"2064815039","2104578611","1.05119"
"2104578611","2064815039","1.05119"
"2072210640","2104578611","0.80119"
"2104578611","2072210640","0.80119"
"2104578611","2580339477","0.45"
"2580339477","2104578611","0.45"
"2070775894","2104578611","0.2"
"2104578611","2070775894","0.2"
"1563971619","2150387335","1.83333"
"2150387335","1563971619","1.83333"
"1785797725","2150387335","3.11667"
"2150387335","1785797725","3.11667"
"2023040061","2150387335","2.99167"
"2150387335","2023040061","2.99167"
"1563971619","2216958194","1"
"2216958194","1563971619","1"
"1563971619","2221475113","0.583333"
"2221475113","1563971619","0.583333"
"1785797725","2216958194","0.95"
"2216958194","1785797725","0.95"
"1785797725","2221475113","2.03333"
"2221475113","1785797725","2.03333"
"2150387335","2216958194","3.45"
"2216958194","2150387335","3.45"
"2150387335","2221475113","1.2"
"2221475113","2150387335","1.2"
"2216958194","2221475113","0.7"
"2221475113","2216958194","0.7"
"1563971619","1840686199","0.22619"
"1840686199","1563971619","0.22619"
"1563971619","2007072126","0.22619"
"2007072126","1563971619","0.22619"
"1563971619","2064815039","0.22619"
"2064815039","1563971619","0.22619"
"1563971619","2072210640","0.22619"
"2072210640","1563971619","0.22619"
"1563971619","2104578611","0.22619"
"2104578611","1563971619","0.22619"
"1563971619","2125515762","0.0833333"
"2125515762","1563971619","0.0833333"
"1563971619","2125607372","0.0833333"
"2125607372","1563971619","0.0833333"
"1563971619","2151353792","0.0833333"
"2151353792","1563971619","0.0833333"
"1563971619","2618267215","0.0833333"
"2618267215","1563971619","0.0833333"
"1563971619","2652625053","0.0833333"
"2652625053","1563971619","0.0833333"
"1785797725","1840686199","0.42619"
"1840686199","1785797725","0.42619"
"1785797725","2007072126","1.10952"
"2007072126","1785797725","1.10952"
"1785797725","2064815039","0.32619"
"2064815039","1785797725","0.32619"
"1785797725","2072210640","0.32619"
"2072210640","1785797725","0.32619"
"1785797725","2104578611","2.00952"
"2104578611","1785797725","2.00952"
"1785797725","2125515762","0.183333"
"2125515762","1785797725","0.183333"
"1785797725","2125607372","0.183333"
"2125607372","1785797725","0.183333"
"1785797725","2151353792","0.633333"
"2151353792","1785797725","0.633333"
"1785797725","2618267215","0.416667"
"2618267215","1785797725","0.416667"
"1785797725","2652625053","0.583333"
"2652625053","1785797725","0.583333"
"1840686199","2007072126","0.42619"
"2007072126","1840686199","0.42619"
"1840686199","2023040061","0.42619"
"2023040061","1840686199","0.42619"
"1840686199","2064815039","0.22619"
"2064815039","1840686199","0.22619"
"1840686199","2072210640","0.22619"
"2072210640","1840686199","0.22619"
"1840686199","2104578611","1.42619"
"2104578611","1840686199","1.42619"
"1840686199","2125515762","1.08333"
"2125515762","1840686199","1.08333"
"1840686199","2125607372","0.0833333"
"2125607372","1840686199","0.0833333"
"1840686199","2151353792","0.283333"
"2151353792","1840686199","0.283333"
"1840686199","2618267215","0.416667"
"2618267215","1840686199","0.416667"
"1840686199","2652625053","0.416667"
"2652625053","1840686199","0.416667"
"2007072126","2023040061","1.56786"
"2023040061","2007072126","1.56786"
"2007072126","2064815039","1.15119"
"2064815039","2007072126","1.15119"
"2007072126","2072210640","1.40119"
"2072210640","2007072126","1.40119"
"2007072126","2104578611","3.71786"
"2104578611","2007072126","3.71786"
"2007072126","2125515762","1.75833"
"2125515762","2007072126","1.75833"
"2007072126","2125607372","3.88333"
"2125607372","2007072126","3.88333"
"2007072126","2151353792","23.125"
"2151353792","2007072126","23.125"
"2007072126","2618267215","0.0833333"
"2618267215","2007072126","0.0833333"
"2007072126","2652625053","0.208333"
"2652625053","2007072126","0.208333"
"2023040061","2064815039","0.45119"
"2064815039","2023040061","0.45119"
"2023040061","2072210640","0.45119"
"2072210640","2023040061","0.45119"
"2023040061","2104578611","2.46786"
"2104578611","2023040061","2.46786"
"2023040061","2125515762","0.308333"
"2125515762","2023040061","0.308333"
"2023040061","2125607372","0.183333"
"2125607372","2023040061","0.183333"
"2023040061","2151353792","1.09167"
"2151353792","2023040061","1.09167"
"2023040061","2652625053","0.708333"
"2652625053","2023040061","0.708333"
"2064815039","2125515762","0.758333"
"2125515762","2064815039","0.758333"
"2064815039","2125607372","0.383333"
"2125607372","2064815039","0.383333"
"2064815039","2151353792","1.50833"
"2151353792","2064815039","1.50833"
"2064815039","2652625053","0.541667"
"2652625053","2064815039","0.541667"
"2072210640","2125515762","0.508333"
"2125515762","2072210640","0.508333"
"2072210640","2125607372","0.383333"
"2125607372","2072210640","0.383333"
"2072210640","2151353792","1.25833"
"2151353792","2072210640","1.25833"
"2072210640","2652625053","0.208333"
"2652625053","2072210640","0.208333"
"2104578611","2125515762","1.45833"
"2125515762","2104578611","1.45833"
"2104578611","2125607372","1.58333"
"2125607372","2104578611","1.58333"
"2104578611","2151353792","2.74167"
"2151353792","2104578611","2.74167"
"2104578611","2618267215","0.0833333"
"2618267215","2104578611","0.0833333"
"2104578611","2652625053","0.208333"
"2652625053","2104578611","0.208333"
"2125515762","2125607372","4.38333"
"2125607372","2125515762","4.38333"
"2125515762","2151353792","1.75833"
"2151353792","2125515762","1.75833"
"2125515762","2618267215","0.0833333"
"2618267215","2125515762","0.0833333"
"2125515762","2652625053","0.208333"
"2652625053","2125515762","0.208333"
"2125607372","2151353792","2.38333"
"2151353792","2125607372","2.38333"
"2125607372","2618267215","0.0833333"
"2618267215","2125607372","0.0833333"
"2125607372","2652625053","0.0833333"
"2652625053","2125607372","0.0833333"
"2151353792","2618267215","0.0833333"
"2618267215","2151353792","0.0833333"
"2151353792","2652625053","0.208333"
"2652625053","2151353792","0.208333"
"2023040061","2221475113","2.28333"
"2221475113","2023040061","2.28333"
"1563971619","2926494289","2"
"2926494289","1563971619","2"
"1563971619","2118981284","0.5"
"2118981284","1563971619","0.5"
"2118981284","2150387335","1.5"
"2150387335","2118981284","1.5"
"2023040061","2216958194","0.7"
"2216958194","2023040061","0.7"
"1785797725","75729132","0.333333"
"75729132","1785797725","0.333333"
"2023040061","75729132","0.333333"
"75729132","2023040061","0.333333"
"1785797725","1975344666","0.2"
"1975344666","1785797725","0.2"
"1975344666","2150387335","0.7"
"2150387335","1975344666","0.7"
"1975344666","2216958194","0.2"
"2216958194","1975344666","0.2"
"1785797725","2118981284","0.1"
"2118981284","1785797725","0.1"
"1785797725","2395368405","0.1"
"2395368405","1785797725","0.1"
"2007072126","2070775894","0.85"
"2070775894","2007072126","0.85"
"2007072126","2118981284","0.1"
"2118981284","2007072126","0.1"
"2007072126","2395368405","0.6"
"2395368405","2007072126","0.6"
"2023040061","2118981284","0.1"
"2118981284","2023040061","0.1"
"2023040061","2395368405","0.1"
"2395368405","2023040061","0.1"
"2064815039","2118981284","0.1"
"2118981284","2064815039","0.1"
"2070775894","2118981284","0.1"
"2118981284","2070775894","0.1"
"2070775894","2125515762","0.1"
"2125515762","2070775894","0.1"
"2070775894","2125607372","0.1"
"2125607372","2070775894","0.1"
"2070775894","2151353792","0.35"
"2151353792","2070775894","0.35"
"2072210640","2118981284","0.1"
"2118981284","2072210640","0.1"
"2118981284","2125515762","0.1"
"2125515762","2118981284","0.1"
"2118981284","2125607372","0.1"
"2125607372","2118981284","0.1"
"2118981284","2151353792","0.1"
"2151353792","2118981284","0.1"
"2118981284","2395368405","0.1"
"2395368405","2118981284","0.1"
"2125515762","2395368405","0.1"
"2395368405","2125515762","0.1"
"2125607372","2395368405","0.1"
"2395368405","2125607372","0.1"
"2151353792","2395368405","0.6"
"2395368405","2151353792","0.6"
"2150387335","2618267215","0.333333"
"2618267215","2150387335","0.333333"
"1840686199","2070775894","0.333333"
"2070775894","1840686199","0.333333"
"2070775894","2652625053","1.33333"
"2652625053","2070775894","1.33333"
"2007072126","2150387335","0.125"
"2150387335","2007072126","0.125"
"2064815039","2150387335","0.125"
"2150387335","2064815039","0.125"
"2072210640","2150387335","0.125"
"2150387335","2072210640","0.125"
"2104578611","2150387335","0.125"
"2150387335","2104578611","0.125"
"2125515762","2150387335","0.125"
"2150387335","2125515762","0.125"
"2150387335","2151353792","0.125"
"2151353792","2150387335","0.125"
"2150387335","2652625053","0.125"
"2652625053","2150387335","0.125"
"2007072126","2042923641","0.333333"
"2042923641","2007072126","0.333333"
"2007072126","2905954184","0.333333"
"2905954184","2007072126","0.333333"
"2042923641","2151353792","0.333333"
"2151353792","2042923641","0.333333"
"2151353792","2905954184","0.333333"
"2905954184","2151353792","0.333333"
"2064815039","2794657001","0.25"
"2794657001","2064815039","0.25"
"2072210640","2794657001","0.25"
"2794657001","2072210640","0.25"
"2395368405","2652625053","0.333333"
"2652625053","2395368405","0.333333"
"2070775894","2767162229","0.5"
"2767162229","2070775894","0.5"
"2767162229","75729132","1"
"75729132","2767162229","1"
"2652625053","2926494289","2.83333"
"2926494289","2652625053","2.83333"
"2221475113","2717128466","2"
"2717128466","2221475113","2"
"2536707834","2564949988","0.25"
"2564949988","2536707834","0.25"
"2395368405","2767162229","0.5"
"2767162229","2395368405","0.5"
"2538848838","2926494289","1"
"2926494289","2538848838","1"
"2538848838","2640092413","1.25"
"2640092413","2538848838","1.25"
"2538848838","2618267215","0.25"
"2618267215","2538848838","0.25"
"2538848838","2767162229","0.25"
"2767162229","2538848838","0.25"
"2538848838","2794657001","0.25"
"2794657001","2538848838","0.25"
"2618267215","2767162229","1.25"
"2767162229","2618267215","1.25"
"2640092413","2767162229","1.25"
"2767162229","2640092413","1.25"
"2767162229","2794657001","0.25"
"2794657001","2767162229","0.25"
"2638827658","2717128466","3"
"2717128466","2638827658","3"
"2652625053","2767162229","0.5"
"2767162229","2652625053","0.5"
"2767162229","2926494289","6.5"
"2926494289","2767162229","6.5"
"2794657001","2926494289","2"
"2926494289","2794657001","2"
