"1502167006","1515200046","0.792857"
"1515200046","1502167006","0.792857"
"1502167006","1996200439","3.23333"
"1996200439","1502167006","3.23333"
"1502167006","2057108693","3.37619"
"2057108693","1502167006","3.37619"
"1502167006","2139645586","2.7"
"2139645586","1502167006","2.7"
"1502167006","2155152748","4.57619"
"2155152748","1502167006","4.57619"
"1515200046","1996200439","2.49286"
"1996200439","1515200046","2.49286"
"1515200046","2057108693","3.39654"
"2057108693","1515200046","3.39654"
"1515200046","2139645586","0.2"
"2139645586","1515200046","0.2"
"1515200046","2155152748","0.542857"
"2155152748","1515200046","0.542857"
"1996200439","2057108693","2.65"
"2057108693","1996200439","2.65"
"1996200439","2139645586","1.36667"
"2139645586","1996200439","1.36667"
"1996200439","2155152748","1.06667"
"2155152748","1996200439","1.06667"
"2057108693","2139645586","1.7"
"2139645586","2057108693","1.7"
"2057108693","2155152748","2.04286"
"2155152748","2057108693","2.04286"
"2139645586","2155152748","1.86667"
"2155152748","2139645586","1.86667"
"1502167006","1936730819","1.5"
"1936730819","1502167006","1.5"
"1502167006","2131589410","0.5"
"2131589410","1502167006","0.5"
"1502167006","2160612883","0.642857"
"2160612883","1502167006","0.642857"
"2131589410","2160612883","0.5"
"2160612883","2131589410","0.5"
"1502167006","189585970","0.142857"
"189585970","1502167006","0.142857"
"1502167006","2038252863","0.392857"
"2038252863","1502167006","0.392857"
"1502167006","2140911579","0.142857"
"2140911579","1502167006","0.142857"
"1515200046","189585970","0.142857"
"189585970","1515200046","0.142857"
"1515200046","2038252863","1.10714"
"2038252863","1515200046","1.10714"
"1515200046","2140911579","0.142857"
"2140911579","1515200046","0.142857"
"1515200046","2160612883","0.142857"
"2160612883","1515200046","0.142857"
"189585970","2038252863","2.48645"
"2038252863","189585970","2.48645"
"189585970","2057108693","0.642857"
"2057108693","189585970","0.642857"
"189585970","2140911579","0.442002"
"2140911579","189585970","0.442002"
"189585970","2155152748","0.142857"
"2155152748","189585970","0.142857"
"189585970","2160612883","1.5873"
"2160612883","189585970","1.5873"
"2038252863","2057108693","0.607143"
"2057108693","2038252863","0.607143"
"2038252863","2140911579","0.621659"
"2140911579","2038252863","0.621659"
"2038252863","2155152748","0.142857"
"2155152748","2038252863","0.142857"
"2038252863","2160612883","1.82946"
"2160612883","2038252863","1.82946"
"2057108693","2140911579","0.142857"
"2140911579","2057108693","0.142857"
"2057108693","2160612883","1.75397"
"2160612883","2057108693","1.75397"
"2140911579","2155152748","0.142857"
"2155152748","2140911579","0.142857"
"2140911579","2160612883","0.945728"
"2160612883","2140911579","0.945728"
"2155152748","2160612883","0.142857"
"2160612883","2155152748","0.142857"
"1502167006","2752660817","0.5"
"2752660817","1502167006","0.5"
"1996200439","2752660817","0.5"
"2752660817","1996200439","0.5"
"1502167006","1515378678","0.65"
"1515378678","1502167006","0.65"
"1502167006","194600023","0.2"
"194600023","1502167006","0.2"
"1502167006","1974896380","0.2"
"1974896380","1502167006","0.2"
"1502167006","2032131630","0.2"
"2032131630","1502167006","0.2"
"1515378678","194600023","0.232258"
"194600023","1515378678","0.232258"
"1515378678","1974896380","0.342857"
"1974896380","1515378678","0.342857"
"1515378678","2032131630","0.342857"
"2032131630","1515378678","0.342857"
"1515378678","2155152748","0.733333"
"2155152748","1515378678","0.733333"
"194600023","1974896380","0.235714"
"1974896380","194600023","0.235714"
"194600023","2032131630","0.235714"
"2032131630","194600023","0.235714"
"194600023","2155152748","0.2"
"2155152748","194600023","0.2"
"1974896380","2032131630","3.3131"
"2032131630","1974896380","3.3131"
"1974896380","2155152748","0.2"
"2155152748","1974896380","0.2"
"2032131630","2155152748","0.533333"
"2155152748","2032131630","0.533333"
"1515200046","1515378678","2.13702"
"1515378678","1515200046","2.13702"
"1515378678","1996200439","0.783333"
"1996200439","1515378678","0.783333"
"1515378678","2057108693","12.3152"
"2057108693","1515378678","12.3152"
"1502167006","2132138019","0.25"
"2132138019","1502167006","0.25"
"1515200046","2132138019","0.353687"
"2132138019","1515200046","0.353687"
"1515378678","2038252863","2.21429"
"2038252863","1515378678","2.21429"
"1515378678","2132138019","0.61453"
"2132138019","1515378678","0.61453"
"2038252863","2132138019","3.65559"
"2132138019","2038252863","3.65559"
"1936730819","1996200439","1.83333"
"1996200439","1936730819","1.83333"
"1502167006","2147309075","1"
"2147309075","1502167006","1"
"1504669610","1512458425","0.160714"
"1512458425","1504669610","0.160714"
"1504669610","194600023","0.470238"
"194600023","1504669610","0.470238"
"1504669610","1966825932","0.970238"
"1966825932","1504669610","0.970238"
"1504669610","2083547349","0.370238"
"2083547349","1504669610","0.370238"
"1504669610","2111061677","1.20357"
"2111061677","1504669610","1.20357"
"1504669610","2140911579","0.803571"
"2140911579","1504669610","0.803571"
"1504669610","2147309075","0.736905"
"2147309075","1504669610","0.736905"
"1504669610","2160612883","0.367857"
"2160612883","1504669610","0.367857"
"1512458425","194600023","0.412753"
"194600023","1512458425","0.412753"
"1512458425","1966825932","0.192972"
"1966825932","1512458425","0.192972"
"1512458425","2083547349","0.160714"
"2083547349","1512458425","0.160714"
"1512458425","2111061677","0.913828"
"2111061677","1512458425","0.913828"
"1512458425","2140911579","0.237637"
"2140911579","1512458425","0.237637"
"1512458425","2147309075","0.192972"
"2147309075","1512458425","0.192972"
"1512458425","2160612883","0.183824"
"2160612883","1512458425","0.183824"
"194600023","1966825932","0.569163"
"1966825932","194600023","0.569163"
"194600023","2083547349","4.72262"
"2083547349","194600023","4.72262"
"194600023","2111061677","3.6924"
"2111061677","194600023","3.6924"
"194600023","2140911579","0.812241"
"2140911579","194600023","0.812241"
"194600023","2147309075","0.78821"
"2147309075","194600023","0.78821"
"194600023","2160612883","2.01071"
"2160612883","194600023","2.01071"
"1966825932","2083547349","0.436905"
"2083547349","1966825932","0.436905"
"1966825932","2111061677","0.936905"
"2111061677","1966825932","0.936905"
"1966825932","2140911579","0.679762"
"2140911579","1966825932","0.679762"
"1966825932","2147309075","0.502496"
"2147309075","1966825932","0.502496"
"1966825932","2160612883","0.434524"
"2160612883","1966825932","0.434524"
"2083547349","2111061677","2.97262"
"2111061677","2083547349","2.97262"
"2083547349","2140911579","0.579762"
"2140911579","2083547349","0.579762"
"2083547349","2147309075","0.655952"
"2147309075","2083547349","0.655952"
"2083547349","2160612883","0.477381"
"2160612883","2083547349","0.477381"
"2111061677","2140911579","0.656685"
"2140911579","2111061677","0.656685"
"2111061677","2147309075","1.48929"
"2147309075","2111061677","1.48929"
"2111061677","2160612883","0.810714"
"2160612883","2111061677","0.810714"
"2140911579","2147309075","1.6131"
"2147309075","2140911579","1.6131"
"2147309075","2160612883","1.35516"
"2160612883","2147309075","1.35516"
"1504669610","1582703556","0.2"
"1582703556","1504669610","0.2"
"1504669610","1986079362","0.2"
"1986079362","1504669610","0.2"
"1504669610","2038252863","0.3"
"2038252863","1504669610","0.3"
"1504669610","2141736438","0.2"
"2141736438","1504669610","0.2"
"1504669610","2161337603","0.2"
"2161337603","1504669610","0.2"
"1582703556","1986079362","1.90758"
"1986079362","1582703556","1.90758"
"1582703556","2038252863","0.2"
"2038252863","1582703556","0.2"
"1582703556","2141736438","0.783333"
"2141736438","1582703556","0.783333"
"1582703556","2161337603","2.15758"
"2161337603","1582703556","2.15758"
"1986079362","2038252863","1.27692"
"2038252863","1986079362","1.27692"
"1986079362","2141736438","0.892514"
"2141736438","1986079362","0.892514"
"1986079362","2161337603","5.9845"
"2161337603","1986079362","5.9845"
"2038252863","2141736438","0.534159"
"2141736438","2038252863","0.534159"
"2038252863","2161337603","0.276923"
"2161337603","2038252863","0.276923"
"2141736438","2161337603","0.860256"
"2161337603","2141736438","0.860256"
"1504669610","154231405","0.102381"
"154231405","1504669610","0.102381"
"1504669610","1565356083","0.0357143"
"1565356083","1504669610","0.0357143"
"1504669610","1965457815","0.0357143"
"1965457815","1504669610","0.0357143"
"1504669610","1974896380","0.0357143"
"1974896380","1504669610","0.0357143"
"1504669610","1988691348","0.102381"
"1988691348","1504669610","0.102381"
"1504669610","2016663803","0.0357143"
"2016663803","1504669610","0.0357143"
"1504669610","2032131630","0.0357143"
"2032131630","1504669610","0.0357143"
"1504669610","2037216577","0.0357143"
"2037216577","1504669610","0.0357143"
"1504669610","2045258038","0.0357143"
"2045258038","1504669610","0.0357143"
"1504669610","2081202244","0.0357143"
"2081202244","1504669610","0.0357143"
"1504669610","2089067454","0.369048"
"2089067454","1504669610","0.369048"
"1504669610","2116272682","0.0357143"
"2116272682","1504669610","0.0357143"
"1504669610","2117217919","0.0357143"
"2117217919","1504669610","0.0357143"
"1504669610","2123739698","0.435714"
"2123739698","1504669610","0.435714"
"1504669610","2132138019","0.0357143"
"2132138019","1504669610","0.0357143"
"1504669610","2139550682","0.0357143"
"2139550682","1504669610","0.0357143"
"1504669610","2168084064","0.469048"
"2168084064","1504669610","0.469048"
"1504669610","2211371252","0.102381"
"2211371252","1504669610","0.102381"
"1504669610","2294068577","0.0357143"
"2294068577","1504669610","0.0357143"
"1504669610","2295153157","0.102381"
"2295153157","1504669610","0.102381"
"1504669610","2620469958","0.0357143"
"2620469958","1504669610","0.0357143"
"1512458425","154231405","0.619048"
"154231405","1512458425","0.619048"
"1512458425","1565356083","2.20479"
"1565356083","1512458425","2.20479"
"1512458425","1965457815","0.269653"
"1965457815","1512458425","0.269653"
"1512458425","1974896380","0.0357143"
"1974896380","1512458425","0.0357143"
"1512458425","1988691348","0.0357143"
"1988691348","1512458425","0.0357143"
"1512458425","2016663803","0.205649"
"2016663803","1512458425","0.205649"
"1512458425","2032131630","0.619048"
"2032131630","1512458425","0.619048"
"1512458425","2037216577","0.812637"
"2037216577","1512458425","0.812637"
"1512458425","2045258038","0.126796"
"2045258038","1512458425","0.126796"
"1512458425","2081202244","0.237907"
"2081202244","1512458425","0.237907"
"1512458425","2089067454","0.112637"
"2089067454","1512458425","0.112637"
"1512458425","2116272682","0.126796"
"2116272682","1512458425","0.126796"
"1512458425","2117217919","1.03775"
"2117217919","1512458425","1.03775"
"1512458425","2123739698","0.144895"
"2123739698","1512458425","0.144895"
"1512458425","2132138019","0.269653"
"2132138019","1512458425","0.269653"
"1512458425","2139550682","0.739683"
"2139550682","1512458425","0.739683"
"1512458425","2168084064","0.126796"
"2168084064","1512458425","0.126796"
"1512458425","2211371252","0.0357143"
"2211371252","1512458425","0.0357143"
"1512458425","2294068577","0.126796"
"2294068577","1512458425","0.126796"
"1512458425","2295153157","0.566606"
"2295153157","1512458425","0.566606"
"1512458425","2620469958","0.380764"
"2620469958","1512458425","0.380764"
"154231405","1565356083","0.369048"
"1565356083","154231405","0.369048"
"154231405","194600023","0.102381"
"194600023","154231405","0.102381"
"154231405","1965457815","0.303571"
"1965457815","154231405","0.303571"
"154231405","1966825932","0.245238"
"1966825932","154231405","0.245238"
"154231405","1974896380","1.1369"
"1974896380","154231405","1.1369"
"154231405","1988691348","1.69692"
"1988691348","154231405","1.69692"
"154231405","2016663803","0.0357143"
"2016663803","154231405","0.0357143"
"154231405","2032131630","1.97024"
"2032131630","154231405","1.97024"
"154231405","2037216577","0.202381"
"2037216577","154231405","0.202381"
"154231405","2045258038","0.0357143"
"2045258038","154231405","0.0357143"
"154231405","2081202244","0.0357143"
"2081202244","154231405","0.0357143"
"154231405","2083547349","0.102381"
"2083547349","154231405","0.102381"
"154231405","2089067454","0.237395"
"2089067454","154231405","0.237395"
"154231405","2111061677","0.102381"
"2111061677","154231405","0.102381"
"154231405","2116272682","0.237395"
"2116272682","154231405","0.237395"
"154231405","2117217919","0.178571"
"2117217919","154231405","0.178571"
"154231405","2123739698","0.304062"
"2123739698","154231405","0.304062"
"154231405","2132138019","0.219538"
"2132138019","154231405","0.219538"
"154231405","2139550682","0.237395"
"2139550682","154231405","0.237395"
"154231405","2140911579","0.304062"
"2140911579","154231405","0.304062"
"154231405","2147309075","0.0357143"
"2147309075","154231405","0.0357143"
"154231405","2168084064","1.20238"
"2168084064","154231405","1.20238"
"154231405","2211371252","0.161204"
"2211371252","154231405","0.161204"
"154231405","2294068577","0.0357143"
"2294068577","154231405","0.0357143"
"154231405","2295153157","0.102381"
"2295153157","154231405","0.102381"
"154231405","2620469958","0.0357143"
"2620469958","154231405","0.0357143"
"1565356083","194600023","0.212637"
"194600023","1565356083","0.212637"
"1565356083","1965457815","0.261204"
"1965457815","1565356083","0.261204"
"1565356083","1966825932","0.0357143"
"1966825932","1565356083","0.0357143"
"1565356083","1974896380","0.0357143"
"1974896380","1565356083","0.0357143"
"1565356083","1988691348","0.202381"
"1988691348","1565356083","0.202381"
"1565356083","2016663803","0.0945378"
"2016663803","1565356083","0.0945378"
"1565356083","2032131630","0.0357143"
"2032131630","1565356083","0.0357143"
"1565356083","2037216577","0.641804"
"2037216577","1565356083","0.641804"
"1565356083","2045258038","0.0945378"
"2045258038","1565356083","0.0945378"
"1565356083","2081202244","0.157038"
"2081202244","1565356083","0.157038"
"1565356083","2083547349","0.0357143"
"2083547349","1565356083","0.0357143"
"1565356083","2089067454","0.112637"
"2089067454","1565356083","0.112637"
"1565356083","2111061677","0.645971"
"2111061677","1565356083","0.645971"
"1565356083","2116272682","0.157038"
"2116272682","1565356083","0.157038"
"1565356083","2117217919","0.212637"
"2117217919","1565356083","0.212637"
"1565356083","2123739698","0.112637"
"2123739698","1565356083","0.112637"
"1565356083","2132138019","0.194538"
"2132138019","1565356083","0.194538"
"1565356083","2139550682","0.748214"
"2139550682","1565356083","0.748214"
"1565356083","2140911579","0.175137"
"2140911579","1565356083","0.175137"
"1565356083","2147309075","0.0357143"
"2147309075","1565356083","0.0357143"
"1565356083","2168084064","0.427871"
"2168084064","1565356083","0.427871"
"1565356083","2211371252","0.0357143"
"2211371252","1565356083","0.0357143"
"1565356083","2294068577","0.157038"
"2294068577","1565356083","0.157038"
"1565356083","2295153157","0.175137"
"2295153157","1565356083","0.175137"
"1565356083","2620469958","0.157038"
"2620469958","1565356083","0.157038"
"194600023","1965457815","0.0679723"
"1965457815","194600023","0.0679723"
"194600023","1988691348","0.157937"
"1988691348","194600023","0.157937"
"194600023","2016663803","0.0912698"
"2016663803","194600023","0.0912698"
"194600023","2037216577","1.04597"
"2037216577","194600023","1.04597"
"194600023","2045258038","0.317972"
"2045258038","194600023","0.317972"
"194600023","2081202244","0.0679723"
"2081202244","194600023","0.0679723"
"194600023","2089067454","0.648352"
"2089067454","194600023","0.648352"
"194600023","2116272682","0.0679723"
"2116272682","194600023","0.0679723"
"194600023","2117217919","1.10997"
"2117217919","194600023","1.10997"
"194600023","2123739698","0.563943"
"2123739698","194600023","0.563943"
"194600023","2132138019","0.223528"
"2132138019","194600023","0.223528"
"194600023","2139550682","0.0912698"
"2139550682","194600023","0.0912698"
"194600023","2168084064","0.290195"
"2168084064","194600023","0.290195"
"194600023","2211371252","1.3246"
"2211371252","194600023","1.3246"
"194600023","2294068577","0.0679723"
"2294068577","194600023","0.0679723"
"194600023","2295153157","0.544383"
"2295153157","194600023","0.544383"
"194600023","2620469958","0.123528"
"2620469958","194600023","0.123528"
"1965457815","1966825932","0.210829"
"1966825932","1965457815","0.210829"
"1965457815","1974896380","0.160714"
"1974896380","1965457815","0.160714"
"1965457815","1988691348","0.178571"
"1988691348","1965457815","0.178571"
"1965457815","2016663803","0.0945378"
"2016663803","1965457815","0.0945378"
"1965457815","2032131630","0.160714"
"2032131630","1965457815","0.160714"
"1965457815","2037216577","0.146825"
"2037216577","1965457815","0.146825"
"1965457815","2045258038","0.126796"
"2045258038","1965457815","0.126796"
"1965457815","2081202244","0.126796"
"2081202244","1965457815","0.126796"
"1965457815","2083547349","0.0357143"
"2083547349","1965457815","0.0357143"
"1965457815","2089067454","0.178571"
"2089067454","1965457815","0.178571"
"1965457815","2111061677","0.0357143"
"2111061677","1965457815","0.0357143"
"1965457815","2116272682","0.126796"
"2116272682","1965457815","0.126796"
"1965457815","2117217919","1.92908"
"2117217919","1965457815","1.92908"
"1965457815","2123739698","0.210829"
"2123739698","1965457815","0.210829"
"1965457815","2132138019","0.251796"
"2132138019","1965457815","0.251796"
"1965457815","2139550682","0.321429"
"2139550682","1965457815","0.321429"
"1965457815","2140911579","0.178571"
"2140911579","1965457815","0.178571"
"1965457815","2147309075","0.179083"
"2147309075","1965457815","0.179083"
"1965457815","2168084064","0.293463"
"2168084064","1965457815","0.293463"
"1965457815","2211371252","0.0357143"
"2211371252","1965457815","0.0357143"
"1965457815","2294068577","0.126796"
"2294068577","1965457815","0.126796"
"1965457815","2295153157","0.146825"
"2295153157","1965457815","0.146825"
"1965457815","2620469958","0.269653"
"2620469958","1965457815","0.269653"
"1966825932","1974896380","0.178571"
"1974896380","1966825932","0.178571"
"1966825932","1988691348","0.245238"
"1988691348","1966825932","0.245238"
"1966825932","2016663803","0.0357143"
"2016663803","1966825932","0.0357143"
"1966825932","2032131630","0.178571"
"2032131630","1966825932","0.178571"
"1966825932","2037216577","0.0357143"
"2037216577","1966825932","0.0357143"
"1966825932","2045258038","0.0679723"
"2045258038","1966825932","0.0679723"
"1966825932","2081202244","0.0679723"
"2081202244","1966825932","0.0679723"
"1966825932","2089067454","0.178571"
"2089067454","1966825932","0.178571"
"1966825932","2116272682","0.0679723"
"2116272682","1966825932","0.0679723"
"1966825932","2117217919","0.0679723"
"2117217919","1966825932","0.0679723"
"1966825932","2123739698","0.344163"
"2123739698","1966825932","0.344163"
"1966825932","2132138019","0.0679723"
"2132138019","1966825932","0.0679723"
"1966825932","2139550682","0.178571"
"2139550682","1966825932","0.178571"
"1966825932","2168084064","0.234639"
"2168084064","1966825932","0.234639"
"1966825932","2211371252","0.102381"
"2211371252","1966825932","0.102381"
"1966825932","2294068577","0.0679723"
"2294068577","1966825932","0.0679723"
"1966825932","2295153157","0.102381"
"2295153157","1966825932","0.102381"
"1966825932","2620469958","0.0679723"
"2620469958","1966825932","0.0679723"
"1974896380","1988691348","1.34524"
"1988691348","1974896380","1.34524"
"1974896380","2016663803","0.0357143"
"2016663803","1974896380","0.0357143"
"1974896380","2037216577","0.0357143"
"2037216577","1974896380","0.0357143"
"1974896380","2045258038","0.0357143"
"2045258038","1974896380","0.0357143"
"1974896380","2081202244","0.0357143"
"2081202244","1974896380","0.0357143"
"1974896380","2083547349","0.0357143"
"2083547349","1974896380","0.0357143"
"1974896380","2089067454","0.0357143"
"2089067454","1974896380","0.0357143"
"1974896380","2111061677","0.0357143"
"2111061677","1974896380","0.0357143"
"1974896380","2116272682","0.178571"
"2116272682","1974896380","0.178571"
"1974896380","2117217919","0.178571"
"2117217919","1974896380","0.178571"
"1974896380","2123739698","0.0357143"
"2123739698","1974896380","0.0357143"
"1974896380","2132138019","0.160714"
"2132138019","1974896380","0.160714"
"1974896380","2139550682","0.0357143"
"2139550682","1974896380","0.0357143"
"1974896380","2140911579","0.0357143"
"2140911579","1974896380","0.0357143"
"1974896380","2147309075","0.0357143"
"2147309075","1974896380","0.0357143"
"1974896380","2168084064","0.0357143"
"2168084064","1974896380","0.0357143"
"1974896380","2211371252","0.0357143"
"2211371252","1974896380","0.0357143"
"1974896380","2294068577","0.0357143"
"2294068577","1974896380","0.0357143"
"1974896380","2295153157","0.0357143"
"2295153157","1974896380","0.0357143"
"1974896380","2620469958","0.0357143"
"2620469958","1974896380","0.0357143"
"1988691348","2016663803","0.0912698"
"2016663803","1988691348","0.0912698"
"1988691348","2032131630","1.59524"
"2032131630","1988691348","1.59524"
"1988691348","2037216577","0.0357143"
"2037216577","1988691348","0.0357143"
"1988691348","2045258038","0.0357143"
"2045258038","1988691348","0.0357143"
"1988691348","2081202244","0.0357143"
"2081202244","1988691348","0.0357143"
"1988691348","2083547349","0.102381"
"2083547349","1988691348","0.102381"
"1988691348","2089067454","0.237395"
"2089067454","1988691348","0.237395"
"1988691348","2111061677","0.102381"
"2111061677","1988691348","0.102381"
"1988691348","2116272682","0.237395"
"2116272682","1988691348","0.237395"
"1988691348","2117217919","0.234127"
"2117217919","1988691348","0.234127"
"1988691348","2123739698","0.304062"
"2123739698","1988691348","0.304062"
"1988691348","2132138019","0.31676"
"2132138019","1988691348","0.31676"
"1988691348","2139550682","0.292951"
"2139550682","1988691348","0.292951"
"1988691348","2140911579","0.526284"
"2140911579","1988691348","0.526284"
"1988691348","2147309075","0.0357143"
"2147309075","1988691348","0.0357143"
"1988691348","2168084064","0.0912698"
"2168084064","1988691348","0.0912698"
"1988691348","2211371252","0.21676"
"2211371252","1988691348","0.21676"
"1988691348","2294068577","0.0357143"
"2294068577","1988691348","0.0357143"
"1988691348","2295153157","0.157937"
"2295153157","1988691348","0.157937"
"1988691348","2620469958","0.0912698"
"2620469958","1988691348","0.0912698"
"2016663803","2032131630","0.0357143"
"2032131630","2016663803","0.0357143"
"2016663803","2037216577","0.0357143"
"2037216577","2016663803","0.0357143"
"2016663803","2045258038","0.0945378"
"2045258038","2016663803","0.0945378"
"2016663803","2081202244","0.712467"
"2081202244","2016663803","0.712467"
"2016663803","2083547349","0.327381"
"2083547349","2016663803","0.327381"
"2016663803","2089067454","0.0357143"
"2089067454","2016663803","0.0357143"
"2016663803","2111061677","0.0357143"
"2111061677","2016663803","0.0357143"
"2016663803","2116272682","0.386204"
"2116272682","2016663803","0.386204"
"2016663803","2117217919","2.01475"
"2117217919","2016663803","2.01475"
"2016663803","2123739698","0.0357143"
"2123739698","2016663803","0.0357143"
"2016663803","2132138019","0.150093"
"2132138019","2016663803","0.150093"
"2016663803","2139550682","0.717532"
"2139550682","2016663803","0.717532"
"2016663803","2140911579","0.0912698"
"2140911579","2016663803","0.0912698"
"2016663803","2147309075","0.0357143"
"2147309075","2016663803","0.0357143"
"2016663803","2168084064","0.150093"
"2168084064","2016663803","0.150093"
"2016663803","2211371252","0.0912698"
"2211371252","2016663803","0.0912698"
"2016663803","2294068577","0.0945378"
"2294068577","2016663803","0.0945378"
"2016663803","2295153157","0.875866"
"2295153157","2016663803","0.875866"
"2016663803","2620469958","0.386204"
"2620469958","2016663803","0.386204"
"2032131630","2037216577","0.0357143"
"2037216577","2032131630","0.0357143"
"2032131630","2045258038","0.0357143"
"2045258038","2032131630","0.0357143"
"2032131630","2081202244","0.535714"
"2081202244","2032131630","0.535714"
"2032131630","2083547349","0.0357143"
"2083547349","2032131630","0.0357143"
"2032131630","2089067454","0.0357143"
"2089067454","2032131630","0.0357143"
"2032131630","2111061677","0.0357143"
"2111061677","2032131630","0.0357143"
"2032131630","2116272682","0.178571"
"2116272682","2032131630","0.178571"
"2032131630","2117217919","0.178571"
"2117217919","2032131630","0.178571"
"2032131630","2123739698","0.0357143"
"2123739698","2032131630","0.0357143"
"2032131630","2132138019","0.160714"
"2132138019","2032131630","0.160714"
"2032131630","2139550682","0.0357143"
"2139550682","2032131630","0.0357143"
"2032131630","2140911579","0.0357143"
"2140911579","2032131630","0.0357143"
"2032131630","2147309075","0.702381"
"2147309075","2032131630","0.702381"
"2032131630","2168084064","0.0357143"
"2168084064","2032131630","0.0357143"
"2032131630","2211371252","0.0357143"
"2211371252","2032131630","0.0357143"
"2032131630","2294068577","0.0357143"
"2294068577","2032131630","0.0357143"
"2032131630","2295153157","0.0357143"
"2295153157","2032131630","0.0357143"
"2032131630","2620469958","0.0357143"
"2620469958","2032131630","0.0357143"
"2037216577","2045258038","0.0357143"
"2045258038","2037216577","0.0357143"
"2037216577","2081202244","0.0982143"
"2081202244","2037216577","0.0982143"
"2037216577","2083547349","0.0357143"
"2083547349","2037216577","0.0357143"
"2037216577","2089067454","0.112637"
"2089067454","2037216577","0.112637"
"2037216577","2111061677","0.945971"
"2111061677","2037216577","0.945971"
"2037216577","2116272682","0.0982143"
"2116272682","2037216577","0.0982143"
"2037216577","2117217919","0.573748"
"2117217919","2037216577","0.573748"
"2037216577","2123739698","0.362637"
"2123739698","2037216577","0.362637"
"2037216577","2132138019","0.135714"
"2132138019","2037216577","0.135714"
"2037216577","2139550682","0.298214"
"2139550682","2037216577","0.298214"
"2037216577","2140911579","0.175137"
"2140911579","2037216577","0.175137"
"2037216577","2147309075","0.146825"
"2147309075","2037216577","0.146825"
"2037216577","2168084064","0.202381"
"2168084064","2037216577","0.202381"
"2037216577","2211371252","0.285714"
"2211371252","2037216577","0.285714"
"2037216577","2294068577","0.0982143"
"2294068577","2037216577","0.0982143"
"2037216577","2295153157","0.486248"
"2295153157","2037216577","0.486248"
"2037216577","2620469958","0.0982143"
"2620469958","2037216577","0.0982143"
"2045258038","2081202244","0.126796"
"2081202244","2045258038","0.126796"
"2045258038","2083547349","0.285714"
"2083547349","2045258038","0.285714"
"2045258038","2089067454","0.0357143"
"2089067454","2045258038","0.0357143"
"2045258038","2111061677","0.0357143"
"2111061677","2045258038","0.0357143"
"2045258038","2116272682","0.126796"
"2116272682","2045258038","0.126796"
"2045258038","2117217919","0.0679723"
"2117217919","2045258038","0.0679723"
"2045258038","2123739698","0.0679723"
"2123739698","2045258038","0.0679723"
"2045258038","2132138019","0.126796"
"2132138019","2045258038","0.126796"
"2045258038","2139550682","0.0357143"
"2139550682","2045258038","0.0357143"
"2045258038","2140911579","0.0357143"
"2140911579","2045258038","0.0357143"
"2045258038","2147309075","0.0679723"
"2147309075","2045258038","0.0679723"
"2045258038","2168084064","1.3768"
"2168084064","2045258038","1.3768"
"2045258038","2211371252","0.0357143"
"2211371252","2045258038","0.0357143"
"2045258038","2294068577","0.126796"
"2294068577","2045258038","0.126796"
"2045258038","2295153157","0.285714"
"2295153157","2045258038","0.285714"
"2045258038","2620469958","0.126796"
"2620469958","2045258038","0.126796"
"2081202244","2083547349","0.160714"
"2083547349","2081202244","0.160714"
"2081202244","2089067454","0.0357143"
"2089067454","2081202244","0.0357143"
"2081202244","2111061677","0.0357143"
"2111061677","2081202244","0.0357143"
"2081202244","2116272682","0.314296"
"2116272682","2081202244","0.314296"
"2081202244","2117217919","0.574791"
"2117217919","2081202244","0.574791"
"2081202244","2123739698","0.0679723"
"2123739698","2081202244","0.0679723"
"2081202244","2132138019","0.626796"
"2132138019","2081202244","0.626796"
"2081202244","2139550682","0.534001"
"2139550682","2081202244","0.534001"
"2081202244","2140911579","0.0982143"
"2140911579","2081202244","0.0982143"
"2081202244","2147309075","0.0679723"
"2147309075","2081202244","0.0679723"
"2081202244","2168084064","0.126796"
"2168084064","2081202244","0.126796"
"2081202244","2211371252","0.0357143"
"2211371252","2081202244","0.0357143"
"2081202244","2294068577","0.189296"
"2294068577","2081202244","0.189296"
"2081202244","2295153157","2.859"
"2295153157","2081202244","2.859"
"2081202244","2620469958","0.425407"
"2620469958","2081202244","0.425407"
"2083547349","2089067454","0.571429"
"2089067454","2083547349","0.571429"
"2083547349","2116272682","0.494048"
"2116272682","2083547349","0.494048"
"2083547349","2117217919","0.827381"
"2117217919","2083547349","0.827381"
"2083547349","2123739698","0.954762"
"2123739698","2083547349","0.954762"
"2083547349","2132138019","0.0357143"
"2132138019","2083547349","0.0357143"
"2083547349","2139550682","0.202381"
"2139550682","2083547349","0.202381"
"2083547349","2168084064","0.102381"
"2168084064","2083547349","0.102381"
"2083547349","2211371252","0.102381"
"2211371252","2083547349","0.102381"
"2083547349","2294068577","0.0357143"
"2294068577","2083547349","0.0357143"
"2083547349","2295153157","0.727381"
"2295153157","2083547349","0.727381"
"2083547349","2620469958","0.160714"
"2620469958","2083547349","0.160714"
"2089067454","2111061677","0.981685"
"2111061677","2089067454","0.981685"
"2089067454","2116272682","0.194538"
"2116272682","2089067454","0.194538"
"2089067454","2117217919","0.112637"
"2117217919","2089067454","0.112637"
"2089067454","2123739698","0.600032"
"2123739698","2089067454","0.600032"
"2089067454","2132138019","0.0945378"
"2132138019","2089067454","0.0945378"
"2089067454","2139550682","0.337395"
"2139550682","2089067454","0.337395"
"2089067454","2140911579","0.457175"
"2140911579","2089067454","0.457175"
"2089067454","2147309075","0.654762"
"2147309075","2089067454","0.654762"
"2089067454","2168084064","0.0357143"
"2168084064","2089067454","0.0357143"
"2089067454","2211371252","0.194538"
"2211371252","2089067454","0.194538"
"2089067454","2294068577","0.135714"
"2294068577","2089067454","0.135714"
"2089067454","2295153157","0.112637"
"2295153157","2089067454","0.112637"
"2089067454","2620469958","0.135714"
"2620469958","2089067454","0.135714"
"2111061677","2116272682","0.0357143"
"2116272682","2111061677","0.0357143"
"2111061677","2117217919","0.422161"
"2117217919","2111061677","0.422161"
"2111061677","2123739698","2.03168"
"2123739698","2111061677","2.03168"
"2111061677","2132138019","0.0357143"
"2132138019","2111061677","0.0357143"
"2111061677","2139550682","0.235714"
"2139550682","2111061677","0.235714"
"2111061677","2168084064","0.102381"
"2168084064","2111061677","0.102381"
"2111061677","2211371252","0.269048"
"2211371252","2111061677","0.269048"
"2111061677","2294068577","0.0357143"
"2294068577","2111061677","0.0357143"
"2111061677","2295153157","0.488828"
"2295153157","2111061677","0.488828"
"2111061677","2620469958","0.0357143"
"2620469958","2111061677","0.0357143"
"2116272682","2117217919","1.82392"
"2117217919","2116272682","1.82392"
"2116272682","2123739698","0.326796"
"2123739698","2116272682","0.326796"
"2116272682","2132138019","1.50705"
"2132138019","2116272682","1.50705"
"2116272682","2139550682","0.923705"
"2139550682","2116272682","0.923705"
"2116272682","2140911579","0.282038"
"2140911579","2116272682","0.282038"
"2116272682","2147309075","0.0679723"
"2147309075","2116272682","0.0679723"
"2116272682","2168084064","0.126796"
"2168084064","2116272682","0.126796"
"2116272682","2211371252","0.361204"
"2211371252","2116272682","0.361204"
"2116272682","2294068577","0.289296"
"2294068577","2116272682","0.289296"
"2116272682","2295153157","0.952976"
"2295153157","2116272682","0.952976"
"2116272682","2620469958","0.985724"
"2620469958","2116272682","0.985724"
"2117217919","2123739698","0.144895"
"2123739698","2117217919","0.144895"
"2117217919","2132138019","0.544957"
"2132138019","2117217919","0.544957"
"2117217919","2139550682","1.11039"
"2139550682","2117217919","1.11039"
"2117217919","2140911579","0.293193"
"2140911579","2117217919","0.293193"
"2117217919","2147309075","0.179083"
"2147309075","2117217919","0.179083"
"2117217919","2168084064","0.123528"
"2168084064","2117217919","0.123528"
"2117217919","2211371252","0.511905"
"2211371252","2117217919","0.511905"
"2117217919","2294068577","0.0679723"
"2294068577","2117217919","0.0679723"
"2117217919","2295153157","3.06985"
"2295153157","2117217919","3.06985"
"2117217919","2620469958","0.431068"
"2620469958","2117217919","0.431068"
"2123739698","2132138019","0.126796"
"2132138019","2123739698","0.126796"
"2123739698","2139550682","0.237395"
"2139550682","2123739698","0.237395"
"2123739698","2140911579","0.923842"
"2140911579","2123739698","0.923842"
"2123739698","2147309075","0.420353"
"2147309075","2123739698","0.420353"
"2123739698","2168084064","0.467972"
"2168084064","2123739698","0.467972"
"2123739698","2211371252","0.411204"
"2211371252","2123739698","0.411204"
"2123739698","2294068577","0.0679723"
"2294068577","2123739698","0.0679723"
"2123739698","2295153157","0.379304"
"2295153157","2123739698","0.379304"
"2123739698","2620469958","0.0679723"
"2620469958","2123739698","0.0679723"
"2132138019","2139550682","0.852114"
"2139550682","2132138019","0.852114"
"2132138019","2140911579","0.44176"
"2140911579","2132138019","0.44176"
"2132138019","2147309075","0.0679723"
"2147309075","2132138019","0.0679723"
"2132138019","2168084064","0.543463"
"2168084064","2132138019","0.543463"
"2132138019","2211371252","2.241"
"2211371252","2132138019","2.241"
"2132138019","2294068577","0.126796"
"2294068577","2132138019","0.126796"
"2132138019","2295153157","2.31462"
"2295153157","2132138019","2.31462"
"2132138019","2620469958","0.837113"
"2620469958","2132138019","0.837113"
"2139550682","2140911579","0.355451"
"2140911579","2139550682","0.355451"
"2139550682","2147309075","0.0357143"
"2147309075","2139550682","0.0357143"
"2139550682","2168084064","0.202381"
"2168084064","2139550682","0.202381"
"2139550682","2211371252","4.49497"
"2211371252","2139550682","4.49497"
"2139550682","2294068577","0.198214"
"2294068577","2139550682","0.198214"
"2139550682","2295153157","1.11733"
"2295153157","2139550682","1.11733"
"2139550682","2620469958","0.952183"
"2620469958","2139550682","0.952183"
"2140911579","2168084064","0.59127"
"2168084064","2140911579","0.59127"
"2140911579","2211371252","0.21676"
"2211371252","2140911579","0.21676"
"2140911579","2294068577","0.0982143"
"2294068577","2140911579","0.0982143"
"2140911579","2295153157","0.42236"
"2295153157","2140911579","0.42236"
"2140911579","2620469958","0.15377"
"2620469958","2140911579","0.15377"
"2147309075","2168084064","0.234639"
"2168084064","2147309075","0.234639"
"2147309075","2211371252","0.0357143"
"2211371252","2147309075","0.0357143"
"2147309075","2294068577","0.0679723"
"2294068577","2147309075","0.0679723"
"2147309075","2295153157","0.146825"
"2295153157","2147309075","0.146825"
"2147309075","2620469958","0.0679723"
"2620469958","2147309075","0.0679723"
"2168084064","2211371252","0.0912698"
"2211371252","2168084064","0.0912698"
"2168084064","2294068577","0.126796"
"2294068577","2168084064","0.126796"
"2168084064","2295153157","0.34127"
"2295153157","2168084064","0.34127"
"2168084064","2620469958","0.182351"
"2620469958","2168084064","0.182351"
"2211371252","2294068577","0.135714"
"2294068577","2211371252","0.135714"
"2211371252","2295153157","0.935714"
"2295153157","2211371252","0.935714"
"2211371252","2620469958","0.802381"
"2620469958","2211371252","0.802381"
"2294068577","2295153157","0.0982143"
"2295153157","2294068577","0.0982143"
"2294068577","2620469958","0.289296"
"2620469958","2294068577","0.289296"
"2295153157","2620469958","0.572421"
"2620469958","2295153157","0.572421"
"1504669610","1717064016","0.0666667"
"1717064016","1504669610","0.0666667"
"1504669610","1984281471","0.0666667"
"1984281471","1504669610","0.0666667"
"1504669610","1992761401","0.0666667"
"1992761401","1504669610","0.0666667"
"1504669610","2046398106","0.0666667"
"2046398106","1504669610","0.0666667"
"1504669610","974737994","0.0666667"
"974737994","1504669610","0.0666667"
"154231405","1717064016","0.0666667"
"1717064016","154231405","0.0666667"
"154231405","1984281471","0.0666667"
"1984281471","154231405","0.0666667"
"154231405","1992761401","0.608333"
"1992761401","154231405","0.608333"
"154231405","2046398106","0.608333"
"2046398106","154231405","0.608333"
"154231405","974737994","0.0666667"
"974737994","154231405","0.0666667"
"1717064016","194600023","0.15448"
"194600023","1717064016","0.15448"
"1717064016","1966825932","0.0989247"
"1966825932","1717064016","0.0989247"
"1717064016","1984281471","0.0666667"
"1984281471","1717064016","0.0666667"
"1717064016","1988691348","0.122222"
"1988691348","1717064016","0.122222"
"1717064016","1992761401","0.0666667"
"1992761401","1717064016","0.0666667"
"1717064016","2046398106","0.129167"
"2046398106","1717064016","0.129167"
"1717064016","2083547349","0.358333"
"2083547349","1717064016","0.358333"
"1717064016","2111061677","0.0666667"
"2111061677","1717064016","0.0666667"
"1717064016","2123739698","0.0989247"
"2123739698","1717064016","0.0989247"
"1717064016","2140911579","0.184722"
"2140911579","1717064016","0.184722"
"1717064016","2211371252","0.122222"
"2211371252","1717064016","0.122222"
"1717064016","2295153157","1.2875"
"2295153157","1717064016","1.2875"
"1717064016","974737994","0.240278"
"974737994","1717064016","0.240278"
"194600023","1984281471","0.566667"
"1984281471","194600023","0.566667"
"194600023","1992761401","0.0666667"
"1992761401","194600023","0.0666667"
"194600023","2046398106","0.0666667"
"2046398106","194600023","0.0666667"
"194600023","974737994","0.453114"
"974737994","194600023","0.453114"
"1966825932","1984281471","0.0666667"
"1984281471","1966825932","0.0666667"
"1966825932","1992761401","0.209524"
"1992761401","1966825932","0.209524"
"1966825932","2046398106","0.209524"
"2046398106","1966825932","0.209524"
"1966825932","974737994","0.0666667"
"974737994","1966825932","0.0666667"
"1984281471","1988691348","0.0666667"
"1988691348","1984281471","0.0666667"
"1984281471","1992761401","0.0666667"
"1992761401","1984281471","0.0666667"
"1984281471","2046398106","0.0666667"
"2046398106","1984281471","0.0666667"
"1984281471","2083547349","0.65"
"2083547349","1984281471","0.65"
"1984281471","2111061677","0.0666667"
"2111061677","1984281471","0.0666667"
"1984281471","2123739698","0.0666667"
"2123739698","1984281471","0.0666667"
"1984281471","2140911579","0.0666667"
"2140911579","1984281471","0.0666667"
"1984281471","2211371252","0.0666667"
"2211371252","1984281471","0.0666667"
"1984281471","2295153157","0.4"
"2295153157","1984281471","0.4"
"1984281471","974737994","0.0666667"
"974737994","1984281471","0.0666667"
"1988691348","1992761401","0.816667"
"1992761401","1988691348","0.816667"
"1988691348","2046398106","0.483333"
"2046398106","1988691348","0.483333"
"1988691348","974737994","0.0666667"
"974737994","1988691348","0.0666667"
"1992761401","2046398106","14.529"
"2046398106","1992761401","14.529"
"1992761401","2083547349","0.0666667"
"2083547349","1992761401","0.0666667"
"1992761401","2111061677","0.0666667"
"2111061677","1992761401","0.0666667"
"1992761401","2123739698","0.0666667"
"2123739698","1992761401","0.0666667"
"1992761401","2140911579","0.0666667"
"2140911579","1992761401","0.0666667"
"1992761401","2211371252","0.0666667"
"2211371252","1992761401","0.0666667"
"1992761401","2295153157","0.138095"
"2295153157","1992761401","0.138095"
"1992761401","974737994","0.138095"
"974737994","1992761401","0.138095"
"2046398106","2083547349","0.0666667"
