"1437814062","2032724464","2.54167"
"2032724464","1437814062","2.54167"
"1437814062","2363641085","1.70833"
"2363641085","1437814062","1.70833"
"1437814062","2789555918","2.08333"
"2789555918","1437814062","2.08333"
"1437814062","2891458271","5.08333"
"2891458271","1437814062","5.08333"
"2032724464","2363641085","1.20833"
"2363641085","2032724464","1.20833"
"2032724464","2789555918","1.08333"
"2789555918","2032724464","1.08333"
"2032724464","2891458271","1.08333"
"2891458271","2032724464","1.08333"
"2363641085","2789555918","0.25"
"2789555918","2363641085","0.25"
"2363641085","2891458271","0.75"
"2891458271","2363641085","0.75"
"2789555918","2891458271","11.5833"
"2891458271","2789555918","11.5833"
"1437814062","1977634174","1.125"
"1977634174","1437814062","1.125"
"1437814062","1997824011","0.958333"
"1997824011","1437814062","0.958333"
"1977634174","1997824011","0.625"
"1997824011","1977634174","0.625"
"1977634174","2891458271","0.5"
"2891458271","1977634174","0.5"
"1437814062","199976391","0.125"
"199976391","1437814062","0.125"
"1437814062","2146511327","0.125"
"2146511327","1437814062","0.125"
"1437814062","2579106964","0.125"
"2579106964","1437814062","0.125"
"1437814062","2907338990","0.125"
"2907338990","1437814062","0.125"
"1977634174","199976391","0.125"
"199976391","1977634174","0.125"
"1977634174","2032724464","1.125"
"2032724464","1977634174","1.125"
"1977634174","2146511327","0.125"
"2146511327","1977634174","0.125"
"1977634174","2363641085","0.625"
"2363641085","1977634174","0.625"
"1977634174","2579106964","0.125"
"2579106964","1977634174","0.125"
"1977634174","2907338990","0.125"
"2907338990","1977634174","0.125"
"1997824011","199976391","0.125"
"199976391","1997824011","0.125"
"1997824011","2032724464","0.458333"
"2032724464","1997824011","0.458333"
"1997824011","2146511327","1.125"
"2146511327","1997824011","1.125"
"1997824011","2363641085","2.45833"
"2363641085","1997824011","2.45833"
"1997824011","2579106964","0.625"
"2579106964","1997824011","0.625"
"1997824011","2907338990","1.125"
"2907338990","1997824011","1.125"
"199976391","2032724464","0.125"
"2032724464","199976391","0.125"
"199976391","2146511327","0.125"
"2146511327","199976391","0.125"
"199976391","2363641085","0.125"
"2363641085","199976391","0.125"
"199976391","2579106964","0.125"
"2579106964","199976391","0.125"
"199976391","2907338990","0.125"
"2907338990","199976391","0.125"
"2032724464","2146511327","0.125"
"2146511327","2032724464","0.125"
"2032724464","2579106964","0.125"
"2579106964","2032724464","0.125"
"2032724464","2907338990","0.125"
"2907338990","2032724464","0.125"
"2146511327","2363641085","0.125"
"2363641085","2146511327","0.125"
"2146511327","2579106964","0.125"
"2579106964","2146511327","0.125"
"2146511327","2907338990","1.125"
"2907338990","2146511327","1.125"
"2363641085","2579106964","0.125"
"2579106964","2363641085","0.125"
"2363641085","2907338990","0.125"
"2907338990","2363641085","0.125"
"2579106964","2907338990","8.44563"
"2907338990","2579106964","8.44563"
"1437814062","2213728018","1"
"2213728018","1437814062","1"
"1674910155","2102166619","3.83333"
"2102166619","1674910155","3.83333"
"1674910155","1991563835","6.36667"
"1991563835","1674910155","6.36667"
"1674910155","2049722158","6.36667"
"2049722158","1674910155","6.36667"
"1991563835","2049722158","14.3667"
"2049722158","1991563835","14.3667"
"1674910155","1954816054","1.03333"
"1954816054","1674910155","1.03333"
"1674910155","2927166905","0.45"
"2927166905","1674910155","0.45"
"1954816054","1991563835","0.7"
"1991563835","1954816054","0.7"
"1954816054","2049722158","0.7"
"2049722158","1954816054","0.7"
"1954816054","2927166905","2.95"
"2927166905","1954816054","2.95"
"1991563835","2927166905","0.45"
"2927166905","1991563835","0.45"
"2049722158","2927166905","0.45"
"2927166905","2049722158","0.45"
"1674910155","2085416455","2.45"
"2085416455","1674910155","2.45"
"1954816054","2085416455","6.61667"
"2085416455","1954816054","6.61667"
"1954816054","2102166619","0.5"
"2102166619","1954816054","0.5"
"2085416455","2102166619","2.61111"
"2102166619","2085416455","2.61111"
"1674910155","2796735716","0.333333"
"2796735716","1674910155","0.333333"
"1991563835","2796735716","0.333333"
"2796735716","1991563835","0.333333"
"2049722158","2796735716","0.333333"
"2796735716","2049722158","0.333333"
"1674910155","1977634174","0.166667"
"1977634174","1674910155","0.166667"
"1674910155","2070041400","0.166667"
"2070041400","1674910155","0.166667"
"1674910155","2096347345","0.166667"
"2096347345","1674910155","0.166667"
"1674910155","2397699236","0.166667"
"2397699236","1674910155","0.166667"
"1674910155","2794073659","0.166667"
"2794073659","1674910155","0.166667"
"1977634174","2070041400","1.86667"
"2070041400","1977634174","1.86667"
"1977634174","2085416455","0.166667"
"2085416455","1977634174","0.166667"
"1977634174","2096347345","0.166667"
"2096347345","1977634174","0.166667"
"1977634174","2397699236","0.166667"
"2397699236","1977634174","0.166667"
"1977634174","2794073659","0.366667"
"2794073659","1977634174","0.366667"
"2070041400","2085416455","1.41667"
"2085416455","2070041400","1.41667"
"2070041400","2096347345","0.809524"
"2096347345","2070041400","0.809524"
"2070041400","2397699236","0.166667"
"2397699236","2070041400","0.166667"
"2070041400","2794073659","0.366667"
"2794073659","2070041400","0.366667"
"2085416455","2096347345","0.444444"
"2096347345","2085416455","0.444444"
"2085416455","2397699236","0.944444"
"2397699236","2085416455","0.944444"
"2085416455","2794073659","0.166667"
"2794073659","2085416455","0.166667"
"2096347345","2397699236","3.84444"
"2397699236","2096347345","3.84444"
"2096347345","2794073659","0.166667"
"2794073659","2096347345","0.166667"
"2397699236","2794073659","0.166667"
"2794073659","2397699236","0.166667"
"1674910155","2794362011","1"
"2794362011","1674910155","1"
"2085416455","2794362011","1.25"
"2794362011","2085416455","1.25"
"1674910155","2560810941","0.333333"
"2560810941","1674910155","0.333333"
"1991563835","2560810941","0.333333"
"2560810941","1991563835","0.333333"
"2049722158","2560810941","0.333333"
"2560810941","2049722158","0.333333"
"1991563835","2085416455","0.45"
"2085416455","1991563835","0.45"
"2049722158","2085416455","0.45"
"2085416455","2049722158","0.45"
"2085416455","2927166905","2.7"
"2927166905","2085416455","2.7"
"1954816054","2397699236","0.666667"
"2397699236","1954816054","0.666667"
"1954816054","2213728018","0.5"
"2213728018","1954816054","0.5"
"1954816054","2560810941","0.75"
"2560810941","1954816054","0.75"
"2085416455","2213728018","0.611111"
"2213728018","2085416455","0.611111"
"2085416455","2560810941","0.444444"
"2560810941","2085416455","0.444444"
"2213728018","2560810941","2.62064"
"2560810941","2213728018","2.62064"
"1954816054","2148488259","1.5"
"2148488259","1954816054","1.5"
"2085416455","2148488259","6.11111"
"2148488259","2085416455","6.11111"
"1954816054","1977634174","1.5"
"1977634174","1954816054","1.5"
"1954816054","2604507227","1.5"
"2604507227","1954816054","1.5"
"1977634174","2604507227","1"
"2604507227","1977634174","1"
"1954816054","2070041400","2.58333"
"2070041400","1954816054","2.58333"
"1954816054","2122366494","1.33333"
"2122366494","1954816054","1.33333"
"2070041400","2122366494","4.58333"
"2122366494","2070041400","4.58333"
"1954816054","2579106964","0.416667"
"2579106964","1954816054","0.416667"
"1954816054","2907338990","0.416667"
"2907338990","1954816054","0.416667"
"2070041400","2560810941","0.392857"
"2560810941","2070041400","0.392857"
"2070041400","2579106964","0.392857"
"2579106964","2070041400","0.392857"
"2070041400","2907338990","1.39286"
"2907338990","2070041400","1.39286"
"2560810941","2579106964","1.20397"
"2579106964","2560810941","1.20397"
"2560810941","2907338990","3.0373"
"2907338990","2560810941","3.0373"
"1954816054","2794362011","0.333333"
"2794362011","1954816054","0.333333"
"2070041400","2794362011","0.583333"
"2794362011","2070041400","0.583333"
"2122366494","2794362011","1.58333"
"2794362011","2122366494","1.58333"
"2102166619","2213728018","0.444444"
"2213728018","2102166619","0.444444"
"2102166619","2397699236","0.444444"
"2397699236","2102166619","0.444444"
"2102166619","2560810941","0.277778"
"2560810941","2102166619","0.277778"
"2102166619","2579106964","0.444444"
"2579106964","2102166619","0.444444"
"2102166619","2907338990","0.444444"
"2907338990","2102166619","0.444444"
"2213728018","2397699236","3.01111"
"2397699236","2213728018","3.01111"
"2213728018","2579106964","2.57063"
"2579106964","2213728018","2.57063"
"2213728018","2907338990","6.40397"
"2907338990","2213728018","6.40397"
"2397699236","2560810941","1.14444"
"2560810941","2397699236","1.14444"
"2397699236","2579106964","2.84444"
"2579106964","2397699236","2.84444"
"2397699236","2907338990","6.67778"
"2907338990","2397699236","6.67778"
"2070041400","2363641085","0.5"
"2363641085","2070041400","0.5"
"1977634174","2560810941","0.5"
"2560810941","1977634174","0.5"
"2560810941","2604507227","1.5"
"2604507227","2560810941","1.5"
"1977634174","2102166619","0.2"
"2102166619","1977634174","0.2"
"1977634174","2148488259","0.2"
"2148488259","1977634174","0.2"
"1977634174","2891240227","0.2"
"2891240227","1977634174","0.2"
"2070041400","2102166619","0.2"
"2102166619","2070041400","0.2"
"2070041400","2148488259","0.2"
"2148488259","2070041400","0.2"
"2070041400","2891240227","0.7"
"2891240227","2070041400","0.7"
"2102166619","2148488259","0.811111"
"2148488259","2102166619","0.811111"
"2102166619","2794073659","0.2"
"2794073659","2102166619","0.2"
"2102166619","2891240227","1.2"
"2891240227","2102166619","1.2"
"2148488259","2794073659","0.2"
"2794073659","2148488259","0.2"
"2148488259","2891240227","1.2"
"2891240227","2148488259","1.2"
"2794073659","2891240227","2.2"
"2891240227","2794073659","2.2"
"1991563835","2102166619","1"
"2102166619","1991563835","1"
"1997824011","2560810941","0.5"
"2560810941","1997824011","0.5"
"199976391","2891458271","1"
"2891458271","199976391","1"
"2070041400","2796735716","0.392857"
"2796735716","2070041400","0.392857"
"2085416455","2122366494","0.25"
"2122366494","2085416455","0.25"
"2085416455","2796735716","0.25"
"2796735716","2085416455","0.25"
"2122366494","2796735716","1.25"
"2796735716","2122366494","1.25"
"2794362011","2796735716","1.25"
"2796735716","2794362011","1.25"
"2096347345","2891240227","0.5"
"2891240227","2096347345","0.5"
"2070041400","2213728018","0.142857"
"2213728018","2070041400","0.142857"
"2070041400","2792591096","0.142857"
"2792591096","2070041400","0.142857"
"2096347345","2213728018","2.82063"
"2213728018","2096347345","2.82063"
"2096347345","2560810941","1.12063"
"2560810941","2096347345","1.12063"
"2096347345","2579106964","1.15397"
"2579106964","2096347345","1.15397"
"2096347345","2792591096","0.787302"
"2792591096","2096347345","0.787302"
"2096347345","2796735716","0.142857"
"2796735716","2096347345","0.142857"
"2096347345","2907338990","3.4873"
"2907338990","2096347345","3.4873"
"2213728018","2792591096","1.37063"
"2792591096","2213728018","1.37063"
"2213728018","2796735716","0.392857"
"2796735716","2213728018","0.392857"
"2560810941","2792591096","1.92063"
"2792591096","2560810941","1.92063"
"2560810941","2796735716","0.47619"
"2796735716","2560810941","0.47619"
"2579106964","2792591096","1.87063"
"2792591096","2579106964","1.87063"
"2579106964","2796735716","0.892857"
"2796735716","2579106964","0.892857"
"2792591096","2796735716","0.72619"
"2796735716","2792591096","0.72619"
"2792591096","2907338990","3.20397"
"2907338990","2792591096","3.20397"
"2796735716","2907338990","2.22619"
"2907338990","2796735716","2.22619"
"2085416455","2579106964","0.277778"
"2579106964","2085416455","0.277778"
"2085416455","2907338990","0.277778"
"2907338990","2085416455","0.277778"
"2096347345","2102166619","0.277778"
"2102166619","2096347345","0.277778"
"2085416455","2792591096","0.111111"
"2792591096","2085416455","0.111111"
"2096347345","2148488259","0.111111"
"2148488259","2096347345","0.111111"
"2102166619","2792591096","2.11111"
"2792591096","2102166619","2.11111"
"2148488259","2213728018","0.111111"
"2213728018","2148488259","0.111111"
"2148488259","2397699236","0.111111"
"2397699236","2148488259","0.111111"
"2148488259","2560810941","0.111111"
"2560810941","2148488259","0.111111"
"2148488259","2579106964","0.111111"
"2579106964","2148488259","0.111111"
"2148488259","2792591096","0.111111"
"2792591096","2148488259","0.111111"
"2148488259","2907338990","0.111111"
"2907338990","2148488259","0.111111"
"2397699236","2792591096","0.644444"
"2792591096","2397699236","0.644444"
"2600930651","2907338990","1"
"2907338990","2600930651","1"
"2600930651","2891240227","1"
"2891240227","2600930651","1"
"2753783305","2986013765","3"
"2986013765","2753783305","3"
"2794073659","2794362011","1"
"2794362011","2794073659","1"
