"1109422923","2466394978","3"
"2466394978","1109422923","3"
"1224296734","172999119","1.97619"
"172999119","1224296734","1.97619"
"1224296734","2083785453","0.5"
"2083785453","1224296734","0.5"
"172999119","2083785453","0.75"
"2083785453","172999119","0.75"
"1224296734","1491243518","2.80952"
"1491243518","1224296734","2.80952"
"1224296734","2405431234","0.5"
"2405431234","1224296734","0.5"
"1224296734","2547378457","0.5"
"2547378457","1224296734","0.5"
"2405431234","2547378457","2.29286"
"2547378457","2405431234","2.29286"
"1224296734","181628467","0.142857"
"181628467","1224296734","0.142857"
"1224296734","2095054150","0.809524"
"2095054150","1224296734","0.809524"
"1224296734","2400264373","0.142857"
"2400264373","1224296734","0.142857"
"1224296734","2523169772","0.142857"
"2523169772","1224296734","0.142857"
"1224296734","2523434765","0.142857"
"2523434765","1224296734","0.142857"
"1491243518","172999119","0.47619"
"172999119","1491243518","0.47619"
"1491243518","181628467","0.142857"
"181628467","1491243518","0.142857"
"1491243518","2095054150","1.80952"
"2095054150","1491243518","1.80952"
"1491243518","2400264373","0.142857"
"2400264373","1491243518","0.142857"
"1491243518","2523169772","0.142857"
"2523169772","1491243518","0.142857"
"1491243518","2523434765","0.142857"
"2523434765","1491243518","0.142857"
"172999119","181628467","1.14286"
"181628467","172999119","1.14286"
"172999119","2095054150","1.47619"
"2095054150","172999119","1.47619"
"172999119","2400264373","0.142857"
"2400264373","172999119","0.142857"
"172999119","2523169772","0.142857"
"2523169772","172999119","0.142857"
"172999119","2523434765","0.142857"
"2523434765","172999119","0.142857"
"181628467","2095054150","0.142857"
"2095054150","181628467","0.142857"
"181628467","2400264373","0.819048"
"2400264373","181628467","0.819048"
"181628467","2523169772","0.142857"
"2523169772","181628467","0.142857"
"181628467","2523434765","0.142857"
"2523434765","181628467","0.142857"
"2095054150","2400264373","0.142857"
"2400264373","2095054150","0.142857"
"2095054150","2523169772","0.142857"
"2523169772","2095054150","0.142857"
"2095054150","2523434765","0.142857"
"2523434765","2095054150","0.142857"
"2400264373","2523169772","0.142857"
"2523169772","2400264373","0.142857"
"2400264373","2523434765","0.142857"
"2523434765","2400264373","0.142857"
"2523169772","2523434765","0.142857"
"2523434765","2523169772","0.142857"
"1224296734","2071800216","0.333333"
"2071800216","1224296734","0.333333"
"1491243518","2071800216","0.333333"
"2071800216","1491243518","0.333333"
"2071800216","2095054150","0.333333"
"2095054150","2071800216","0.333333"
"130105012","2126709396","8"
"2126709396","130105012","8"
"1491243518","2039999720","0.333333"
"2039999720","1491243518","0.333333"
"1491243518","2044852276","0.333333"
"2044852276","1491243518","0.333333"
"1491243518","2083785453","0.333333"
"2083785453","1491243518","0.333333"
"2039999720","2044852276","6.02619"
"2044852276","2039999720","6.02619"
"2039999720","2083785453","2.02619"
"2083785453","2039999720","2.02619"
"2044852276","2083785453","1.32619"
"2083785453","2044852276","1.32619"
"1546563748","57130263","7"
"57130263","1546563748","7"
"1546563748","2761388029","1"
"2761388029","1546563748","1"
"1546563748","181628467","0.142857"
"181628467","1546563748","0.142857"
"1546563748","18165425","0.142857"
"18165425","1546563748","0.142857"
"1546563748","2039999720","0.142857"
"2039999720","1546563748","0.142857"
"1546563748","2071800216","0.142857"
"2071800216","1546563748","0.142857"
"1546563748","2126709396","0.142857"
"2126709396","1546563748","0.142857"
"1546563748","2400264373","0.142857"
"2400264373","1546563748","0.142857"
"1546563748","2551469256","0.142857"
"2551469256","1546563748","0.142857"
"181628467","18165425","1.84286"
"18165425","181628467","1.84286"
"181628467","2039999720","0.342857"
"2039999720","181628467","0.342857"
"181628467","2071800216","0.142857"
"2071800216","181628467","0.142857"
"181628467","2126709396","0.142857"
"2126709396","181628467","0.142857"
"181628467","2551469256","0.642857"
"2551469256","181628467","0.642857"
"18165425","2039999720","1.28571"
"2039999720","18165425","1.28571"
"18165425","2071800216","1.48571"
"2071800216","18165425","1.48571"
"18165425","2126709396","1.48571"
"2126709396","18165425","1.48571"
"18165425","2400264373","1.34286"
"2400264373","18165425","1.34286"
"18165425","2551469256","0.642857"
"2551469256","18165425","0.642857"
"2039999720","2071800216","1.48571"
"2071800216","2039999720","1.48571"
"2039999720","2126709396","0.485714"
"2126709396","2039999720","0.485714"
"2039999720","2400264373","0.342857"
"2400264373","2039999720","0.342857"
"2039999720","2551469256","0.392857"
"2551469256","2039999720","0.392857"
"2071800216","2126709396","1.28571"
"2126709396","2071800216","1.28571"
"2071800216","2400264373","0.142857"
"2400264373","2071800216","0.142857"
"2071800216","2551469256","0.142857"
"2551469256","2071800216","0.142857"
"2126709396","2400264373","0.142857"
"2400264373","2126709396","0.142857"
"2126709396","2551469256","0.142857"
"2551469256","2126709396","0.142857"
"2400264373","2551469256","0.142857"
"2551469256","2400264373","0.142857"
"1546563748","2065255030","0.5"
"2065255030","1546563748","0.5"
"1546563748","2253656320","0.5"
"2253656320","1546563748","0.5"
"2065255030","2253656320","6.5"
"2253656320","2065255030","6.5"
"1558435420","1970170564","1"
"1970170564","1558435420","1"
"156569216","181628467","1.33333"
"181628467","156569216","1.33333"
"156569216","2523434765","1"
"2523434765","156569216","1"
"156569216","2034326426","1.5"
"2034326426","156569216","1.5"
"156569216","2400264373","0.833333"
"2400264373","156569216","0.833333"
"2034326426","2400264373","0.5"
"2400264373","2034326426","0.5"
"156569216","2751293359","0.333333"
"2751293359","156569216","0.333333"
"181628467","2751293359","1.53333"
"2751293359","181628467","1.53333"
"2400264373","2751293359","0.533333"
"2751293359","2400264373","0.533333"
"172999119","219436511","0.25"
"219436511","172999119","0.25"
"172999119","2405431234","1.25"
"2405431234","172999119","1.25"
"172999119","2547378457","0.25"
"2547378457","172999119","0.25"
"2083785453","219436511","1.45"
"219436511","2083785453","1.45"
"2083785453","2405431234","1.74286"
"2405431234","2083785453","1.74286"
"2083785453","2547378457","0.592857"
"2547378457","2083785453","0.592857"
"219436511","2405431234","1.45"
"2405431234","219436511","1.45"
"219436511","2547378457","0.25"
"2547378457","219436511","0.25"
"172999119","18165425","1"
"18165425","172999119","1"
"181628467","2083785453","0.2"
"2083785453","181628467","0.2"
"18165425","2083785453","2.44286"
"2083785453","18165425","2.44286"
"18165425","2751293359","0.2"
"2751293359","18165425","0.2"
"2039999720","2751293359","0.2"
"2751293359","2039999720","0.2"
"2083785453","2400264373","0.2"
"2400264373","2083785453","0.2"
"2083785453","2751293359","0.2"
"2751293359","2083785453","0.2"
"18165425","2044852276","0.942857"
"2044852276","18165425","0.942857"
"18165425","2405431234","1.44286"
"2405431234","18165425","1.44286"
"18165425","2547378457","0.542857"
"2547378457","18165425","0.542857"
"2039999720","2405431234","1.19286"
"2405431234","2039999720","1.19286"
"2039999720","2547378457","1.04286"
"2547378457","2039999720","1.04286"
"2044852276","2071800216","0.342857"
"2071800216","2044852276","0.342857"
"2044852276","2126709396","0.342857"
"2126709396","2044852276","0.342857"
"2044852276","2405431234","1.19286"
"2405431234","2044852276","1.19286"
"2044852276","2547378457","2.04286"
"2547378457","2044852276","2.04286"
"2071800216","2083785453","0.342857"
"2083785453","2071800216","0.342857"
"2071800216","2405431234","0.342857"
"2405431234","2071800216","0.342857"
"2071800216","2547378457","0.142857"
"2547378457","2071800216","0.142857"
"2083785453","2126709396","0.142857"
"2126709396","2083785453","0.142857"
"2126709396","2405431234","0.342857"
"2405431234","2126709396","0.342857"
"2126709396","2547378457","0.342857"
"2547378457","2126709396","0.342857"
"18165425","219436511","0.2"
"219436511","18165425","0.2"
"2039999720","219436511","0.2"
"219436511","2039999720","0.2"
"2044852276","219436511","0.2"
"219436511","2044852276","0.2"
"2034326426","2253656320","3.75"
"2253656320","2034326426","3.75"
"2034326426","2523434765","2.75"
"2523434765","2034326426","2.75"
"2253656320","2523434765","2.75"
"2523434765","2253656320","2.75"
"2034326426","219436511","1.25"
"219436511","2034326426","1.25"
"2034326426","2077204203","0.25"
"2077204203","2034326426","0.25"
"2077204203","219436511","1.25"
"219436511","2077204203","1.25"
"2077204203","2253656320","0.25"
"2253656320","2077204203","0.25"
"2077204203","2523434765","0.25"
"2523434765","2077204203","0.25"
"219436511","2253656320","1.25"
"2253656320","219436511","1.25"
"219436511","2523434765","0.25"
"2523434765","219436511","0.25"
"2039999720","2079758435","1.5"
"2079758435","2039999720","1.5"
"2079758435","2083785453","0.5"
"2083785453","2079758435","0.5"
"2044852276","2551469256","0.25"
"2551469256","2044852276","0.25"
"2083785453","2551469256","0.25"
"2551469256","2083785453","0.25"
"2405431234","2551469256","0.25"
"2551469256","2405431234","0.25"
"2077204203","57130263","2"
"57130263","2077204203","2"
"2761388029","2974735516","2"
"2974735516","2761388029","2"
"2761388029","2990244238","3"
"2990244238","2761388029","3"
"2974735516","2990244238","2"
"2990244238","2974735516","2"
