"1010687637","2108436615","6.35009"
"2108436615","1010687637","6.35009"
"1010687637","1897618420","0.0555556"
"1897618420","1010687637","0.0555556"
"1010687637","2132001155","0.114379"
"2132001155","1010687637","0.114379"
"1010687637","2136369197","0.114379"
"2136369197","1010687637","0.114379"
"1010687637","2147722291","0.0555556"
"2147722291","1010687637","0.0555556"
"1010687637","2147745629","0.0555556"
"2147745629","1010687637","0.0555556"
"1010687637","2172018206","0.0555556"
"2172018206","1010687637","0.0555556"
"1010687637","2290760329","0.79127"
"2290760329","1010687637","0.79127"
"1010687637","2293447636","0.457236"
"2293447636","1010687637","0.457236"
"1010687637","2509729088","0.0555556"
"2509729088","1010687637","0.0555556"
"1010687637","2699614121","1.05556"
"2699614121","1010687637","1.05556"
"1010687637","2765112575","1.59771"
"2765112575","1010687637","1.59771"
"1010687637","2766896269","0.198413"
"2766896269","1010687637","0.198413"
"1010687637","2807731952","0.114379"
"2807731952","1010687637","0.114379"
"1010687637","2887105535","0.647712"
"2887105535","1010687637","0.647712"
"1010687637","2888352961","0.114379"
"2888352961","1010687637","0.114379"
"1010687637","30196697","0.114379"
"30196697","1010687637","0.114379"
"1010687637","30845534","0.59057"
"30845534","1010687637","0.59057"
"1897618420","2108436615","0.0555556"
"2108436615","1897618420","0.0555556"
"1897618420","2132001155","0.936601"
"2132001155","1897618420","0.936601"
"1897618420","2136369197","1.94576"
"2136369197","1897618420","1.94576"
"1897618420","2147722291","0.819935"
"2147722291","1897618420","0.819935"
"1897618420","2147745629","3.85366"
"2147745629","1897618420","3.85366"
"1897618420","2172018206","1.61243"
"2172018206","1897618420","1.61243"
"1897618420","2290760329","4.51005"
"2290760329","1897618420","4.51005"
"1897618420","2293447636","0.180556"
"2293447636","1897618420","0.180556"
"1897618420","2509729088","0.901227"
"2509729088","1897618420","0.901227"
"1897618420","2699614121","1.15956"
"2699614121","1897618420","1.15956"
"1897618420","2765112575","0.111111"
"2765112575","1897618420","0.111111"
"1897618420","2766896269","0.611601"
"2766896269","1897618420","0.611601"
"1897618420","2807731952","0.0555556"
"2807731952","1897618420","0.0555556"
"1897618420","2887105535","0.0555556"
"2887105535","1897618420","0.0555556"
"1897618420","2888352961","1.06279"
"2888352961","1897618420","1.06279"
"1897618420","30196697","0.794935"
"30196697","1897618420","0.794935"
"1897618420","30845534","0.166667"
"30845534","1897618420","0.166667"
"2108436615","2132001155","0.514812"
"2132001155","2108436615","0.514812"
"2108436615","2136369197","0.568347"
"2136369197","2108436615","0.568347"
"2108436615","2147722291","0.166667"
"2147722291","2108436615","0.166667"
"2108436615","2147745629","0.0555556"
"2147745629","2108436615","0.0555556"
"2108436615","2172018206","0.509524"
"2172018206","2108436615","0.509524"
"2108436615","2290760329","3.14405"
"2290760329","2108436615","3.14405"
"2108436615","2293447636","1.22315"
"2293447636","2108436615","1.22315"
"2108436615","2509729088","0.198413"
"2509729088","2108436615","0.198413"
"2108436615","2699614121","1.05556"
"2699614121","2108436615","1.05556"
"2108436615","2765112575","3.23029"
"2765112575","2108436615","3.23029"
"2108436615","2766896269","1.59127"
"2766896269","2108436615","1.59127"
"2108436615","2807731952","1.98938"
"2807731952","2108436615","1.98938"
"2108436615","2887105535","1.26438"
"2887105535","2108436615","1.26438"
"2108436615","2888352961","0.114379"
"2888352961","2108436615","0.114379"
"2108436615","30196697","0.22549"
"30196697","2108436615","0.22549"
"2108436615","30845534","0.868347"
"30845534","2108436615","0.868347"
"2132001155","2136369197","1.82717"
"2136369197","2132001155","1.82717"
"2132001155","2147722291","0.236601"
"2147722291","2132001155","0.236601"
"2132001155","2147745629","0.486601"
"2147745629","2132001155","0.486601"
"2132001155","2172018206","0.879458"
"2172018206","2132001155","0.879458"
"2132001155","2290760329","0.758824"
"2290760329","2132001155","0.758824"
"2132001155","2293447636","0.205288"
"2293447636","2132001155","0.205288"
"2132001155","2509729088","0.598413"
"2509729088","2132001155","0.598413"
"2132001155","2699614121","0.111111"
"2699614121","2132001155","0.111111"
"2132001155","2765112575","0.816399"
"2765112575","2132001155","0.816399"
"2132001155","2766896269","0.49057"
"2766896269","2132001155","0.49057"
"2132001155","2807731952","0.114379"
"2807731952","2132001155","0.114379"
"2132001155","2887105535","0.447712"
"2887105535","2132001155","0.447712"
"2132001155","2888352961","0.65098"
"2888352961","2132001155","0.65098"
"2132001155","30196697","1.45098"
"30196697","2132001155","1.45098"
"2132001155","30845534","0.503268"
"30845534","2132001155","0.503268"
"2136369197","2147722291","0.681046"
"2147722291","2136369197","0.681046"
"2136369197","2147745629","1.39533"
"2147745629","2136369197","1.39533"
"2136369197","2172018206","27.9053"
"2172018206","2136369197","27.9053"
"2136369197","2290760329","1.02672"
"2290760329","2136369197","1.02672"
"2136369197","2293447636","0.114379"
"2293447636","2136369197","0.114379"
"2136369197","2509729088","7.71631"
"2509729088","2136369197","7.71631"
"2136369197","2699614121","1.03456"
"2699614121","2136369197","1.03456"
"2136369197","2765112575","0.447712"
"2765112575","2136369197","0.447712"
"2136369197","2766896269","0.49057"
"2766896269","2136369197","0.49057"
"2136369197","2807731952","0.114379"
"2807731952","2136369197","0.114379"
"2136369197","2887105535","0.281046"
"2887105535","2136369197","0.281046"
"2136369197","2888352961","0.927171"
"2888352961","2136369197","0.927171"
"2136369197","30196697","0.45098"
"30196697","2136369197","0.45098"
"2136369197","30845534","1.78105"
"30845534","2136369197","1.78105"
"2147722291","2147745629","0.819935"
"2147745629","2147722291","0.819935"
"2147722291","2172018206","1.18105"
"2172018206","2147722291","1.18105"
"2147722291","2290760329","0.614379"
"2290760329","2147722291","0.614379"
"2147722291","2293447636","0.0555556"
"2293447636","2147722291","0.0555556"
"2147722291","2509729088","0.622222"
"2509729088","2147722291","0.622222"
"2147722291","2699614121","0.111111"
"2699614121","2147722291","0.111111"
"2147722291","2765112575","0.111111"
"2765112575","2147722291","0.111111"
"2147722291","2766896269","0.236601"
"2766896269","2147722291","0.236601"
"2147722291","2807731952","0.0555556"
"2807731952","2147722291","0.0555556"
"2147722291","2887105535","0.0555556"
"2887105535","2147722291","0.0555556"
"2147722291","2888352961","0.419935"
"2888352961","2147722291","0.419935"
"2147722291","30196697","0.781046"
"30196697","2147722291","0.781046"
"2147722291","30845534","1"
"30845534","2147722291","1"
"2147745629","2172018206","0.895331"
"2172018206","2147745629","0.895331"
"2147745629","2290760329","1.662"
"2290760329","2147745629","1.662"
"2147745629","2293447636","0.0555556"
"2293447636","2147745629","0.0555556"
"2147745629","2509729088","0.193651"
"2509729088","2147745629","0.193651"
"2147745629","2699614121","1.29365"
"2699614121","2147745629","1.29365"
"2147745629","2765112575","0.111111"
"2765112575","2147745629","0.111111"
"2147745629","2766896269","0.379458"
"2766896269","2147745629","0.379458"
"2147745629","2807731952","0.0555556"
"2807731952","2147745629","0.0555556"
"2147745629","2887105535","0.0555556"
"2887105535","2147745629","0.0555556"
"2147745629","2888352961","0.687792"
"2888352961","2147745629","0.687792"
"2147745629","30196697","1.18779"
"30196697","2147745629","1.18779"
"2147745629","30845534","1.16667"
"30845534","2147745629","1.16667"
"2172018206","2290760329","1.02672"
"2290760329","2172018206","1.02672"
"2172018206","2293447636","1.05556"
"2293447636","2172018206","1.05556"
"2172018206","2509729088","5.32742"
"2509729088","2172018206","5.32742"
"2172018206","2699614121","1.03456"
"2699614121","2172018206","1.03456"
"2172018206","2765112575","0.5"
"2765112575","2172018206","0.5"
"2172018206","2766896269","0.49057"
"2766896269","2172018206","0.49057"
"2172018206","2807731952","0.0555556"
"2807731952","2172018206","0.0555556"
"2172018206","2887105535","0.222222"
"2887105535","2172018206","0.222222"
"2172018206","2888352961","0.535014"
"2888352961","2172018206","0.535014"
"2172018206","30196697","0.503268"
"30196697","2172018206","0.503268"
"2172018206","30845534","1.33333"
"30845534","2172018206","1.33333"
"2290760329","2293447636","1.19841"
"2293447636","2290760329","1.19841"
"2290760329","2509729088","0.690115"
"2509729088","2290760329","0.690115"
"2290760329","2699614121","1.02742"
"2699614121","2290760329","1.02742"
"2290760329","2765112575","1.91389"
"2765112575","2290760329","1.91389"
"2290760329","2766896269","0.959617"
"2766896269","2290760329","0.959617"
"2290760329","2807731952","0.763889"
"2807731952","2290760329","0.763889"
"2290760329","2887105535","0.622222"
"2887105535","2290760329","0.622222"
"2290760329","2888352961","1.03501"
"2888352961","2290760329","1.03501"
"2290760329","30196697","1.03501"
"30196697","2290760329","1.03501"
"2290760329","30845534","1.44841"
"30845534","2290760329","1.44841"
"2293447636","2509729088","0.0555556"
"2509729088","2293447636","0.0555556"
"2293447636","2699614121","0.180556"
"2699614121","2293447636","0.180556"
"2293447636","2765112575","0.780288"
"2765112575","2293447636","0.780288"
"2293447636","2766896269","0.323413"
"2766896269","2293447636","0.323413"
"2293447636","2807731952","0.989379"
"2807731952","2293447636","0.989379"
"2293447636","2887105535","2.61438"
"2887105535","2293447636","2.61438"
"2293447636","2888352961","0.239379"
"2888352961","2293447636","0.239379"
"2293447636","30196697","0.114379"
"30196697","2293447636","0.114379"
"2293447636","30845534","0.257236"
"30845534","2293447636","0.257236"
"2509729088","2699614121","0.417893"
"2699614121","2509729088","0.417893"
"2509729088","2765112575","0.277778"
"2765112575","2509729088","0.277778"
"2509729088","2766896269","0.37619"
"2766896269","2509729088","0.37619"
"2509729088","2807731952","0.0555556"
"2807731952","2509729088","0.0555556"
"2509729088","2887105535","0.0555556"
"2887105535","2509729088","0.0555556"
"2509729088","2888352961","0.277778"
"2888352961","2509729088","0.277778"
"2509729088","30196697","0.277778"
"30196697","2509729088","0.277778"
"2509729088","30845534","0.277778"
"30845534","2509729088","0.277778"
"2699614121","2765112575","0.611111"
"2765112575","2699614121","0.611111"
"2699614121","2766896269","0.828968"
"2766896269","2699614121","0.828968"
"2699614121","2807731952","0.0555556"
"2807731952","2699614121","0.0555556"
"2699614121","2887105535","0.0555556"
"2887105535","2699614121","0.0555556"
"2699614121","2888352961","1.77897"
"2888352961","2699614121","1.77897"
"2699614121","30196697","0.361111"
"30196697","2699614121","0.361111"
"2699614121","30845534","0.166667"
"30845534","2699614121","0.166667"
"2765112575","2766896269","0.422222"
"2766896269","2765112575","0.422222"
"2765112575","2807731952","2.18938"
"2807731952","2765112575","2.18938"
"2765112575","2887105535","2.43105"
"2887105535","2765112575","2.43105"
"2765112575","2888352961","0.481046"
"2888352961","2765112575","0.481046"
"2765112575","30196697","0.281046"
"30196697","2765112575","0.281046"
"2765112575","30845534","0.392157"
"30845534","2765112575","0.392157"
"2766896269","2807731952","0.955556"
"2807731952","2766896269","0.955556"
"2766896269","2887105535","0.0555556"
"2887105535","2766896269","0.0555556"
"2766896269","2888352961","2.3989"
"2888352961","2766896269","2.3989"
"2766896269","30196697","0.312792"
"30196697","2766896269","0.312792"
"2766896269","30845534","0.198413"
"30845534","2766896269","0.198413"
"2807731952","2887105535","1.36438"
"2887105535","2807731952","1.36438"
"2807731952","2888352961","0.514379"
"2888352961","2807731952","0.514379"
"2807731952","30196697","0.114379"
"30196697","2807731952","0.114379"
"2807731952","30845534","0.114379"
"30845534","2807731952","0.114379"
"2887105535","2888352961","1.11438"
"2888352961","2887105535","1.11438"
"2887105535","30196697","0.114379"
"30196697","2887105535","0.114379"
"2887105535","30845534","0.281046"
"30845534","2887105535","0.281046"
"2888352961","30196697","1.0482"
"30196697","2888352961","1.0482"
"2888352961","30845534","0.558824"
"30845534","2888352961","0.558824"
"30196697","30845534","1.28105"
"30845534","30196697","1.28105"
"1010687637","2520834878","1.39216"
"2520834878","1010687637","1.39216"
"1010687637","1480028914","0.677871"
"1480028914","1010687637","0.677871"
"1010687637","2063161063","0.201681"
"2063161063","1010687637","0.201681"
"1010687637","2076864770","0.677871"
"2076864770","1010687637","0.677871"
"1010687637","2290533330","0.0588235"
"2290533330","1010687637","0.0588235"
"1010687637","2751871166","0.708824"
"2751871166","1010687637","0.708824"
"1010687637","58702796","0.401681"
"58702796","1010687637","0.401681"
"1480028914","2063161063","0.99259"
"2063161063","1480028914","0.99259"
"1480028914","2076864770","18.5124"
"2076864770","1480028914","18.5124"
"1480028914","2108436615","2.13545"
"2108436615","1480028914","2.13545"
"1480028914","2132001155","0.149733"
"2132001155","1480028914","0.149733"
"1480028914","2136369197","0.0588235"
"2136369197","1480028914","0.0588235"
"1480028914","2290533330","0.0588235"
"2290533330","1480028914","0.0588235"
"1480028914","2293447636","0.560447"
"2293447636","1480028914","0.560447"
"1480028914","2520834878","0.149733"
"2520834878","1480028914","0.149733"
"1480028914","2751871166","0.0588235"
"2751871166","1480028914","0.0588235"
"1480028914","2765112575","0.149733"
"2765112575","1480028914","0.149733"
"1480028914","2807731952","0.0588235"
"2807731952","1480028914","0.0588235"
"1480028914","2887105535","0.0588235"
"2887105535","1480028914","0.0588235"
"1480028914","2888352961","0.0588235"
"2888352961","1480028914","0.0588235"
"1480028914","30196697","0.0588235"
"30196697","1480028914","0.0588235"
"1480028914","30845534","0.201681"
"30845534","1480028914","0.201681"
"1480028914","58702796","0.201681"
"58702796","1480028914","0.201681"
"2063161063","2076864770","0.901681"
"2076864770","2063161063","0.901681"
"2063161063","2108436615","3.86759"
"2108436615","2063161063","3.86759"
"2063161063","2132001155","0.316399"
"2132001155","2063161063","0.316399"
"2063161063","2136369197","0.758824"
"2136369197","2063161063","0.758824"
"2063161063","2290533330","0.0588235"
"2290533330","2063161063","0.0588235"
"2063161063","2293447636","0.274733"
"2293447636","2063161063","0.274733"
"2063161063","2520834878","0.316399"
"2520834878","2063161063","0.316399"
"2063161063","2751871166","0.0588235"
"2751871166","2063161063","0.0588235"
"2063161063","2765112575","0.441399"
"2765112575","2063161063","0.441399"
"2063161063","2807731952","0.183824"
"2807731952","2063161063","0.183824"
"2063161063","2887105535","0.22549"
"2887105535","2063161063","0.22549"
"2063161063","2888352961","0.392157"
"2888352961","2063161063","0.392157"
"2063161063","30196697","0.0588235"
"30196697","2063161063","0.0588235"
"2063161063","30845534","0.0588235"
"30845534","2063161063","0.0588235"
"2063161063","58702796","2.15168"
"58702796","2063161063","2.15168"
"2076864770","2108436615","2.04454"
"2108436615","2076864770","2.04454"
"2076864770","2132001155","0.0588235"
"2132001155","2076864770","0.0588235"
"2076864770","2136369197","0.0588235"
"2136369197","2076864770","0.0588235"
"2076864770","2290533330","0.0588235"
"2290533330","2076864770","0.0588235"
"2076864770","2293447636","0.469538"
"2293447636","2076864770","0.469538"
"2076864770","2520834878","0.0588235"
"2520834878","2076864770","0.0588235"
"2076864770","2751871166","0.558824"
"2751871166","2076864770","0.558824"
"2076864770","2765112575","0.558824"
"2765112575","2076864770","0.558824"
"2076864770","2807731952","0.0588235"
"2807731952","2076864770","0.0588235"
"2076864770","2887105535","0.0588235"
"2887105535","2076864770","0.0588235"
"2076864770","2888352961","0.0588235"
"2888352961","2076864770","0.0588235"
"2076864770","30196697","0.0588235"
"30196697","2076864770","0.0588235"
"2076864770","30845534","0.201681"
"30845534","2076864770","0.201681"
"2076864770","58702796","0.201681"
"58702796","2076864770","0.201681"
"2108436615","2290533330","0.0588235"
"2290533330","2108436615","0.0588235"
"2108436615","2520834878","1.52037"
"2520834878","2108436615","1.52037"
"2108436615","2751871166","1.45882"
"2751871166","2108436615","1.45882"
"2108436615","58702796","1.40168"
"58702796","2108436615","1.40168"
"2132001155","2290533330","0.75098"
"2290533330","2132001155","0.75098"
"2132001155","2520834878","1.41808"
"2520834878","2132001155","1.41808"
"2132001155","2751871166","0.114379"
"2751871166","2132001155","0.114379"
"2132001155","58702796","0.0588235"
"58702796","2132001155","0.0588235"
"2136369197","2290533330","2.48951"
"2290533330","2136369197","2.48951"
"2136369197","2520834878","1.60495"
"2520834878","2136369197","1.60495"
"2136369197","2751871166","0.114379"
"2751871166","2136369197","0.114379"
"2136369197","58702796","0.758824"
"58702796","2136369197","0.758824"
"2290533330","2293447636","0.0588235"
"2293447636","2290533330","0.0588235"
"2290533330","2520834878","0.364869"
"2520834878","2290533330","0.364869"
"2290533330","2751871166","0.114379"
"2751871166","2290533330","0.114379"
"2290533330","2765112575","0.614379"
"2765112575","2290533330","0.614379"
"2290533330","2807731952","0.258824"
"2807731952","2290533330","0.258824"
"2290533330","2887105535","0.0588235"
"2887105535","2290533330","0.0588235"
"2290533330","2888352961","2.50336"
"2888352961","2290533330","2.50336"
"2290533330","30196697","0.885504"
"30196697","2290533330","0.885504"
"2290533330","30845534","0.503268"
"30845534","2290533330","0.503268"
"2290533330","58702796","0.0588235"
"58702796","2290533330","0.0588235"
"2293447636","2520834878","0.608066"
"2520834878","2293447636","0.608066"
"2293447636","2751871166","0.258824"
"2751871166","2293447636","0.258824"
"2293447636","58702796","0.258824"
"58702796","2293447636","0.258824"
"2520834878","2751871166","0.314379"
"2751871166","2520834878","0.314379"
"2520834878","2765112575","0.849733"
"2765112575","2520834878","0.849733"
"2520834878","2807731952","0.392157"
"2807731952","2520834878","0.392157"
"2520834878","2887105535","0.592157"
"2887105535","2520834878","0.592157"
"2520834878","2888352961","0.984314"
"2888352961","2520834878","0.984314"
"2520834878","30196697","1.53431"
"30196697","2520834878","1.53431"
"2520834878","30845534","1.66993"
"30845534","2520834878","1.66993"
"2520834878","58702796","0.0588235"
"58702796","2520834878","0.0588235"
"2751871166","2765112575","7.66438"
"2765112575","2751871166","7.66438"
"2751871166","2807731952","0.508824"
"2807731952","2751871166","0.508824"
"2751871166","2887105535","0.708824"
"2887105535","2751871166","0.708824"
"2751871166","2888352961","0.314379"
"2888352961","2751871166","0.314379"
"2751871166","30196697","0.114379"
"30196697","2751871166","0.114379"
"2751871166","30845534","0.0588235"
"30845534","2751871166","0.0588235"
"2751871166","58702796","0.508824"
"58702796","2751871166","0.508824"
"2765112575","58702796","0.508824"
"58702796","2765112575","0.508824"
"2807731952","58702796","0.0588235"
"58702796","2807731952","0.0588235"
"2887105535","58702796","0.0588235"
"58702796","2887105535","0.0588235"
"2888352961","58702796","0.0588235"
"58702796","2888352961","0.0588235"
"30196697","58702796","0.0588235"
"58702796","30196697","0.0588235"
"30845534","58702796","0.0588235"
"58702796","30845534","0.0588235"
"1010687637","1836114257","0.142857"
"1836114257","1010687637","0.142857"
"1480028914","1836114257","1.0671"
"1836114257","1480028914","1.0671"
"1480028914","2290760329","0.285714"
"2290760329","1480028914","0.285714"
"1836114257","2063161063","0.233766"
"2063161063","1836114257","0.233766"
"1836114257","2076864770","0.97619"
"2076864770","1836114257","0.97619"
"1836114257","2108436615","5.8171"
"2108436615","1836114257","5.8171"
"1836114257","2290760329","0.142857"
"2290760329","1836114257","0.142857"
"1836114257","58702796","0.142857"
"58702796","1836114257","0.142857"
"2063161063","2290760329","0.267857"
"2290760329","2063161063","0.267857"
"2076864770","2290760329","0.285714"
"2290760329","2076864770","0.285714"
"2290760329","58702796","0.142857"
"58702796","2290760329","0.142857"
"1010687637","2000943029","0.2"
"2000943029","1010687637","0.2"
"2000943029","2293447636","0.2"
"2293447636","2000943029","0.2"
"2000943029","2751871166","0.2"
"2751871166","2000943029","0.2"
"2000943029","2765112575","0.2"
"2765112575","2000943029","0.2"
"2000943029","58702796","0.95"
"58702796","2000943029","0.95"
"2290760329","2751871166","1.20556"
"2751871166","2290760329","1.20556"
"1010687637","2131679541","1"
"2131679541","1010687637","1"
"1480028914","2766896269","0.142857"
"2766896269","1480028914","0.142857"
"2076864770","2766896269","0.142857"
"2766896269","2076864770","0.142857"
"1455714406","1480028914","0.725433"
"1480028914","1455714406","0.725433"
"1455714406","1503398405","1.05877"
"1503398405","1455714406","1.05877"
"1455714406","1555936145","1.26786"
"1555936145","1455714406","1.26786"
"1455714406","1681146363","3.9671"
"1681146363","1455714406","3.9671"
"1455714406","2027660602","4.9671"
"2027660602","1455714406","4.9671"
"1455714406","2076864770","0.634524"
"2076864770","1455714406","0.634524"
"1455714406","2144319444","0.125"
"2144319444","1455714406","0.125"
"1455714406","2293447636","0.683766"
"2293447636","1455714406","0.683766"
"1480028914","1503398405","0.8921"
"1503398405","1480028914","0.8921"
"1480028914","1555936145","0.467857"
"1555936145","1480028914","0.467857"
"1480028914","1681146363","0.8921"
"1681146363","1480028914","0.8921"
"1480028914","2027660602","0.8921"
"2027660602","1480028914","0.8921"
"1480028914","2144319444","0.625"
"2144319444","1480028914","0.625"
"1503398405","1555936145","0.717857"
"1555936145","1503398405","0.717857"
"1503398405","1681146363","2.55877"
"1681146363","1503398405","2.55877"
"1503398405","2027660602","2.80877"
"2027660602","1503398405","2.80877"
"1503398405","2076864770","0.80119"
"2076864770","1503398405","0.80119"
"1503398405","2144319444","0.125"
"2144319444","1503398405","0.125"
"1503398405","2293447636","0.558766"
"2293447636","1503398405","0.558766"
"1555936145","1681146363","1.76786"
"1681146363","1555936145","1.76786"
"1555936145","2027660602","0.767857"
"2027660602","1555936145","0.767857"
"1555936145","2076864770","0.467857"
"2076864770","1555936145","0.467857"
"1555936145","2144319444","0.125"
"2144319444","1555936145","0.125"
"1555936145","2293447636","0.267857"
"2293447636","1555936145","0.267857"
"1681146363","2027660602","16.8004"
"2027660602","1681146363","16.8004"
"1681146363","2076864770","0.80119"
"2076864770","1681146363","0.80119"
"1681146363","2144319444","0.375"
"2144319444","1681146363","0.375"
"1681146363","2293447636","1.0171"
"2293447636","1681146363","1.0171"
"2027660602","2076864770","0.80119"
"2076864770","2027660602","0.80119"
"2027660602","2144319444","0.375"
"2144319444","2027660602","0.375"
"2027660602","2293447636","1.0171"
"2293447636","2027660602","1.0171"
"2076864770","2144319444","0.625"
"2144319444","2076864770","0.625"
"2144319444","2293447636","1.125"
"2293447636","2144319444","1.125"
"1455714406","2108436615","0.915909"
"2108436615","1455714406","0.915909"
"1681146363","2108436615","2.08258"
"2108436615","1681146363","2.08258"
"2027660602","2108436615","2.08258"
"2108436615","2027660602","2.08258"
"1503398405","2108436615","0.874242"
"2108436615","1503398405","0.874242"
"1455714406","1491991545","0.25"
"1491991545","1455714406","0.25"
"1455714406","2077610397","0.25"
"2077610397","1455714406","0.25"
"1491991545","1681146363","0.25"
"1681146363","1491991545","0.25"
"1491991545","2027660602","0.25"
"2027660602","1491991545","0.25"
"1491991545","2077610397","7.5"
"2077610397","1491991545","7.5"
"1681146363","2077610397","0.25"
"2077610397","1681146363","0.25"
"2027660602","2077610397","0.25"
"2077610397","2027660602","0.25"
"1455714406","1836114257","0.290909"
"1836114257","1455714406","0.290909"
"1503398405","1836114257","0.540909"
"1836114257","1503398405","0.540909"
"1681146363","1836114257","0.540909"
"1836114257","1681146363","0.540909"
"1836114257","2027660602","0.540909"
"2027660602","1836114257","0.540909"
"1836114257","2293447636","0.290909"
"2293447636","1836114257","0.290909"
"1455714406","2063161063","0.215909"
"2063161063","1455714406","0.215909"
"1455714406","2132001155","0.0909091"
"2132001155","1455714406","0.0909091"
"1455714406","2520834878","0.0909091"
"2520834878","1455714406","0.0909091"
"1455714406","2765112575","0.215909"
"2765112575","1455714406","0.215909"
"1503398405","2063161063","2.24091"
"2063161063","1503398405","2.24091"
"1503398405","2132001155","0.0909091"
"2132001155","1503398405","0.0909091"
"1503398405","2520834878","0.0909091"
"2520834878","1503398405","0.0909091"
"1503398405","2765112575","0.340909"
"2765112575","1503398405","0.340909"
"1681146363","2063161063","1.46591"
"2063161063","1681146363","1.46591"
"1681146363","2132001155","0.0909091"
"2132001155","1681146363","0.0909091"
"1681146363","2520834878","0.674242"
"2520834878","1681146363","0.674242"
"1681146363","2765112575","0.715909"
"2765112575","1681146363","0.715909"
"1836114257","2132001155","0.0909091"
"2132001155","1836114257","0.0909091"
"1836114257","2520834878","0.257576"
"2520834878","1836114257","0.257576"
"1836114257","2765112575","0.0909091"
"2765112575","1836114257","0.0909091"
"2027660602","2063161063","1.71591"
"2063161063","2027660602","1.71591"
"2027660602","2132001155","0.0909091"
"2132001155","2027660602","0.0909091"
"2027660602","2520834878","0.674242"
"2520834878","2027660602","0.674242"
"2027660602","2765112575","0.715909"
"2765112575","2027660602","0.715909"
"1455714406","2290760329","0.125"
"2290760329","1455714406","0.125"
"1455714406","2807731952","0.125"
"2807731952","1455714406","0.125"
"1681146363","2290760329","0.125"
"2290760329","1681146363","0.125"
"1681146363","2807731952","0.125"
"2807731952","1681146363","0.125"
"2027660602","2290760329","0.125"
"2290760329","2027660602","0.125"
"2027660602","2807731952","0.125"
"2807731952","2027660602","0.125"
"1480028914","2000943029","0.2"
"2000943029","1480028914","0.2"
"1503398405","2000943029","2.28333"
"2000943029","1503398405","2.28333"
"1555936145","2000943029","0.2"
"2000943029","1555936145","0.2"
"1555936145","2063161063","0.2"
"2063161063","1555936145","0.2"
"2000943029","2063161063","2.45"
"2063161063","2000943029","2.45"
"2000943029","2076864770","0.2"
"2076864770","2000943029","0.2"
"1480028914","2131679541","0.666667"
"2131679541","1480028914","0.666667"
"2076864770","2131679541","0.666667"
"2131679541","2076864770","0.666667"
"1503398405","2131679541","0.166667"
"2131679541","1503398405","0.166667"
"1681146363","2131679541","0.166667"
"2131679541","1681146363","0.166667"
"2027660602","2131679541","0.166667"
"2131679541","2027660602","0.166667"
"2108436615","2131679541","1"
"2131679541","2108436615","1"
"1491991545","2751871166","1"
"2751871166","1491991545","1"
"1491991545","1996015920","1.08333"
"1996015920","1491991545","1.08333"
"1491991545","2144319444","1.25"
"2144319444","1491991545","1.25"
"1491991545","2315578966","3.75"
"2315578966","1491991545","3.75"
"1996015920","2077610397","2.08333"
"2077610397","1996015920","2.08333"
"1996015920","2144319444","0.25"
"2144319444","1996015920","0.25"
"1996015920","2315578966","0.583333"
"2315578966","1996015920","0.583333"
"2077610397","2144319444","1.25"
"2144319444","2077610397","1.25"
"2077610397","2315578966","2.75"
"2315578966","2077610397","2.75"
"2144319444","2315578966","1.25"
"2315578966","2144319444","1.25"
"1491991545","2765112575","1"
"2765112575","1491991545","1"
"1491991545","2108436615","1.16667"
"2108436615","1491991545","1.16667"
"2077610397","2108436615","1.16667"
"2108436615","2077610397","1.16667"
"1491991545","1555936145","0.166667"
"1555936145","1491991545","0.166667"
"1491991545","1836114257","0.166667"
"1836114257","1491991545","0.166667"
"1491991545","2520834878","0.166667"
"2520834878","1491991545","0.166667"
"1555936145","1836114257","0.166667"
"1836114257","1555936145","0.166667"
"1555936145","2077610397","0.166667"
"2077610397","1555936145","0.166667"
"1555936145","2108436615","0.416667"
"2108436615","1555936145","0.416667"
"1555936145","2315578966","0.166667"
"2315578966","1555936145","0.166667"
"1555936145","2520834878","0.166667"
"2520834878","1555936145","0.166667"
"1836114257","2077610397","0.166667"
"2077610397","1836114257","0.166667"
"1836114257","2315578966","0.166667"
"2315578966","1836114257","0.166667"
"2077610397","2520834878","0.166667"
"2520834878","2077610397","0.166667"
"2108436615","2315578966","0.166667"
"2315578966","2108436615","0.166667"
"2315578966","2520834878","0.166667"
"2520834878","2315578966","0.166667"
"1503398405","58702796","1.45"
"58702796","1503398405","1.45"
"2000943029","2027660602","1.58333"
"2027660602","2000943029","1.58333"
"2027660602","58702796","0.5"
"58702796","2027660602","0.5"
"1503398405","1996015920","2"
"1996015920","1503398405","2"
"1503398405","2136369197","0.2"
"2136369197","1503398405","0.2"
"1503398405","2172018206","0.2"
"2172018206","1503398405","0.2"
"2063161063","2172018206","0.366667"
"2172018206","2063161063","0.366667"
"2172018206","58702796","0.7"
"58702796","2172018206","0.7"
"1555936145","2765112575","0.25"
"2765112575","1555936145","0.25"
"1681146363","2000943029","0.333333"
"2000943029","1681146363","0.333333"
"1516526114","1681146363","0.25"
"1681146363","1516526114","0.25"
"1516526114","2027660602","0.25"
"2027660602","1516526114","0.25"
"1516526114","2063161063","0.25"
"2063161063","1516526114","0.25"
"1516526114","2108436615","0.25"
"2108436615","1516526114","0.25"
"1516526114","2807731952","1"
"2807731952","1516526114","1"
"1555936145","2147745629","1"
"2147745629","1555936145","1"
"1555936145","2766896269","0.25"
"2766896269","1555936145","0.25"
"1681146363","2766896269","0.25"
"2766896269","1681146363","0.25"
"2027660602","2766896269","0.25"
"2766896269","2027660602","0.25"
"1555936145","2132001155","1"
"2132001155","1555936145","1"
"1654227282","2147745629","3.02033"
"2147745629","1654227282","3.02033"
"1654227282","1897618420","2.1541"
"1897618420","1654227282","2.1541"
"1654227282","2136369197","3.47751"
"2136369197","1654227282","3.47751"
"1654227282","2172018206","3.25529"
"2172018206","1654227282","3.25529"
"1654227282","2509729088","1.40519"
"2509729088","1654227282","1.40519"
"1654227282","2132001155","0.907236"
"2132001155","1654227282","0.907236"
"1654227282","2290533330","0.722352"
"2290533330","1654227282","0.722352"
"1654227282","2290760329","1.19894"
"2290760329","1654227282","1.19894"
"1654227282","2888352961","0.937792"
"2888352961","1654227282","0.937792"
"1654227282","30196697","1.2116"
"30196697","1654227282","1.2116"
"1654227282","30845534","0.472222"
"30845534","1654227282","0.472222"
"2172018206","2290533330","0.930685"
"2290533330","2172018206","0.930685"
"2290533330","2290760329","0.873542"
"2290760329","2290533330","0.873542"
"2290533330","2509729088","0.340115"
"2509729088","2290533330","0.340115"
"1654227282","2044774480","2.3168"
"2044774480","1654227282","2.3168"
"1654227282","2171932689","2.00797"
"2171932689","1654227282","2.00797"
"1654227282","2400117160","2.20965"
"2400117160","1654227282","2.20965"
"1897618420","2044774480","1.9418"
"2044774480","1897618420","1.9418"
"1897618420","2171932689","1.83297"
"2171932689","1897618420","1.83297"
"1897618420","2400117160","1.88465"
"2400117160","1897618420","1.88465"
"2044774480","2171932689","1.21075"
"2171932689","2044774480","1.21075"
"2044774480","2290760329","2.46838"
"2290760329","2044774480","2.46838"
"2044774480","2400117160","12.7474"
"2400117160","2044774480","12.7474"
"2171932689","2290760329","0.741306"
"2290760329","2171932689","0.741306"
"2171932689","2400117160","1.55361"
"2400117160","2171932689","1.55361"
"2290760329","2400117160","1.41124"
"2400117160","2290760329","1.41124"
"1654227282","2923170571","1.00247"
"2923170571","1654227282","1.00247"
"2044774480","2132001155","1.01993"
"2132001155","2044774480","1.01993"
"2044774480","2147745629","0.68303"
"2147745629","2044774480","0.68303"
"2044774480","2923170571","1.10525"
"2923170571","2044774480","1.10525"
"2132001155","2923170571","1.16438"
"2923170571","2132001155","1.16438"
"2147745629","2923170571","0.502474"
"2923170571","2147745629","0.502474"
"1654227282","2108436615","0.142857"
"2108436615","1654227282","0.142857"
"1654227282","2520834878","0.435014"
"2520834878","1654227282","0.435014"
"1654227282","2766896269","0.435014"
"2766896269","1654227282","0.435014"
"2172018206","2520834878","1.04613"
"2520834878","2172018206","1.04613"
"2509729088","2520834878","0.320635"
"2520834878","2509729088","0.320635"
"2520834878","2766896269","0.685014"
"2766896269","2520834878","0.685014"
"1654227282","2699614121","0.417893"
"2699614121","1654227282","0.417893"
"1654227282","2949486339","0.736241"
"2949486339","1654227282","0.736241"
"1654227282","2971835097","0.185808"
"2971835097","1654227282","0.185808"
"1897618420","2290533330","1.18624"
"2290533330","1897618420","1.18624"
"1897618420","2923170571","1.16081"
"2923170571","1897618420","1.16081"
"1897618420","2949486339","1.19457"
"2949486339","1897618420","1.19457"
"1897618420","2971835097","0.769141"
"2971835097","1897618420","0.769141"
"2044774480","2136369197","1.85291"
"2136369197","2044774480","1.85291"
"2044774480","2172018206","1.63068"
"2172018206","2044774480","1.63068"
"2044774480","2290533330","0.612828"
"2290533330","2044774480","0.612828"
"2044774480","2509729088","0.706782"
"2509729088","2044774480","0.706782"
"2044774480","2699614121","0.648449"
"2699614121","2044774480","0.648449"
"2044774480","2949486339","0.430685"
"2949486339","2044774480","0.430685"
"2044774480","2971835097","0.130252"
"2971835097","2044774480","0.130252"
"2136369197","2171932689","1.04964"
"2171932689","2136369197","1.04964"
"2136369197","2400117160","1.99576"
"2400117160","2136369197","1.99576"
"2136369197","2923170571","0.585808"
"2923170571","2136369197","0.585808"
"2136369197","2949486339","0.486241"
"2949486339","2136369197","0.486241"
"2136369197","2971835097","0.685808"
"2971835097","2136369197","0.685808"
"2147745629","2171932689","0.517063"
"2171932689","2147745629","0.517063"
"2147745629","2290533330","1.41319"
"2290533330","2147745629","1.41319"
"2147745629","2400117160","0.718744"
"2400117160","2147745629","0.718744"
"2147745629","2949486339","0.835808"
"2949486339","2147745629","0.835808"
"2147745629","2971835097","0.328665"
"2971835097","2147745629","0.328665"
"2171932689","2172018206","1.16075"
"2172018206","2171932689","1.16075"
"2171932689","2290533330","0.696861"
"2290533330","2171932689","0.696861"
"2171932689","2509729088","0.706782"
"2509729088","2171932689","0.706782"
"2171932689","2699614121","0.798449"
"2699614121","2171932689","0.798449"
"2171932689","2923170571","0.796429"
"2923170571","2171932689","0.796429"
"2171932689","2949486339","0.371861"
"2949486339","2171932689","0.371861"
"2171932689","2971835097","0.547619"
"2971835097","2171932689","0.547619"
"2172018206","2400117160","1.77354"
"2400117160","2172018206","1.77354"
"2172018206","2923170571","0.585808"
"2923170571","2172018206","0.585808"
"2172018206","2949486339","0.486241"
"2949486339","2172018206","0.486241"
"2172018206","2971835097","0.685808"
"2971835097","2172018206","0.685808"
"2290533330","2400117160","0.898542"
"2400117160","2290533330","0.898542"
"2290533330","2699614121","1.18575"
"2699614121","2290533330","1.18575"
"2290533330","2923170571","2.487"
"2923170571","2290533330","2.487"
"2290533330","2949486339","2.11124"
"2949486339","2290533330","2.11124"
"2290533330","2971835097","1.82986"
"2971835097","2290533330","1.82986"
"2290760329","2923170571","0.778665"
"2923170571","2290760329","0.778665"
"2290760329","2949486339","0.752907"
"2949486339","2290760329","0.752907"
"2290760329","2971835097","0.929855"
"2971835097","2290760329","0.929855"
"2400117160","2509729088","0.706782"
"2509729088","2400117160","0.706782"
"2400117160","2699614121","0.648449"
"2699614121","2400117160","0.648449"
"2400117160","2923170571","0.855252"
"2923170571","2400117160","0.855252"
"2400117160","2949486339","0.430685"
"2949486339","2400117160","0.430685"
"2400117160","2971835097","0.273109"
"2971835097","2400117160","0.273109"
"2509729088","2923170571","0.138095"
"2923170571","2509729088","0.138095"
"2509729088","2949486339","0.229004"
"2949486339","2509729088","0.229004"
"2509729088","2971835097","0.0714286"
"2971835097","2509729088","0.0714286"
"2699614121","2923170571","2.54484"
"2923170571","2699614121","2.54484"
"2699614121","2949486339","0.68575"
"2949486339","2699614121","0.68575"
"2699614121","2971835097","0.919841"
"2971835097","2699614121","0.919841"
"2923170571","2949486339","1.22033"
"2949486339","2923170571","1.22033"
"2923170571","2971835097","7.59533"
"2971835097","2923170571","7.59533"
"2949486339","2971835097","1.15366"
"2971835097","2949486339","1.15366"
"2949486339","30196697","0.364379"
"30196697","2949486339","0.364379"
"1654227282","2147722291","0.181046"
"2147722291","1654227282","0.181046"
"1897618420","2520834878","0.931046"
"2520834878","1897618420","0.931046"
"2044774480","2147722291","0.236601"
"2147722291","2044774480","0.236601"
"2044774480","2520834878","1.2366"
"2520834878","2044774480","1.2366"
"2044774480","2766896269","0.25049"
"2766896269","2044774480","0.25049"
"2132001155","2171932689","0.377778"
"2171932689","2132001155","0.377778"
"2132001155","2400117160","0.769935"
"2400117160","2132001155","0.769935"
"2132001155","2949486339","0.181046"
"2949486339","2132001155","0.181046"
"2147722291","2171932689","0.0666667"
"2171932689","2147722291","0.0666667"
"2147722291","2290533330","0.431046"
"2290533330","2147722291","0.431046"
"2147722291","2400117160","0.236601"
"2400117160","2147722291","0.236601"
"2147722291","2520834878","0.292157"
"2520834878","2147722291","0.292157"
"2147722291","2923170571","0.181046"
"2923170571","2147722291","0.181046"
"2147722291","2949486339","0.181046"
"2949486339","2147722291","0.181046"
"2147745629","2520834878","0.514379"
"2520834878","2147745629","0.514379"
"2171932689","2520834878","0.0666667"
"2520834878","2171932689","0.0666667"
"2171932689","2766896269","1.33452"
"2766896269","2171932689","1.33452"
"2290533330","2766896269","1.32509"
"2766896269","2290533330","1.32509"
"2400117160","2520834878","0.236601"
"2520834878","2400117160","0.236601"
"2400117160","2766896269","0.393347"
"2766896269","2400117160","0.393347"
"2520834878","2923170571","0.631046"
"2923170571","2520834878","0.631046"
"2520834878","2949486339","0.506046"
"2949486339","2520834878","0.506046"
"2766896269","2923170571","2.93224"
"2923170571","2766896269","2.93224"
"2766896269","2949486339","0.448903"
"2949486339","2766896269","0.448903"
"1654227282","2000943029","0.5"
"2000943029","1654227282","0.5"
"2000943029","2923170571","0.5"
"2923170571","2000943029","0.5"
"2400117160","2888352961","0.651681"
"2888352961","2400117160","0.651681"
"2044774480","30845534","0.583333"
"30845534","2044774480","0.583333"
"2400117160","30845534","0.583333"
"30845534","2400117160","0.583333"
"2044774480","2888352961","0.308824"
"2888352961","2044774480","0.308824"
"2044774480","30196697","0.656046"
"30196697","2044774480","0.656046"
"2171932689","2888352961","0.45"
"2888352961","2171932689","0.45"
"2171932689","30196697","1.37897"
"30196697","2171932689","1.37897"
"2400117160","30196697","0.798903"
"30196697","2400117160","0.798903"
"1654227282","2765112575","0.277778"
"2765112575","1654227282","0.277778"
"2044774480","2765112575","0.111111"
"2765112575","2044774480","0.111111"
"2171932689","2765112575","0.111111"
"2765112575","2171932689","0.111111"
"2171932689","30845534","0.222222"
"30845534","2171932689","0.222222"
"2400117160","2765112575","0.111111"
