"111135110","1552719996","0.685334"
"1552719996","111135110","0.685334"
"111135110","1759759811","0.0526316"
"1759759811","111135110","0.0526316"
"111135110","1970464137","1.19089"
"1970464137","111135110","1.19089"
"111135110","2064829080","0.585334"
"2064829080","111135110","0.585334"
"111135110","2068441569","0.444046"
"2068441569","111135110","0.444046"
"111135110","2078110310","0.335334"
"2078110310","111135110","0.335334"
"111135110","2093767941","0.324222"
"2093767941","111135110","0.324222"
"111135110","2099446123","0.448086"
"2099446123","111135110","0.448086"
"111135110","2126484007","0.163743"
"2126484007","111135110","0.163743"
"111135110","2130513648","0.335334"
"2130513648","111135110","0.335334"
"111135110","2134475940","0.116268"
"2134475940","111135110","0.116268"
"111135110","2154567403","0.335334"
"2154567403","111135110","0.335334"
"111135110","2156867996","0.224222"
"2156867996","111135110","0.224222"
"111135110","2536058570","0.224222"
"2536058570","111135110","0.224222"
"111135110","2765632506","0.224222"
"2765632506","111135110","0.224222"
"111135110","2890748062","0.0829346"
"2890748062","111135110","0.0829346"
"111135110","2892199772","0.161722"
"2892199772","111135110","0.161722"
"111135110","2918052119","0.116268"
"2918052119","111135110","0.116268"
"111135110","2984654243","0.161722"
"2984654243","111135110","0.161722"
"1552719996","1759759811","0.0526316"
"1759759811","1552719996","0.0526316"
"1552719996","1970464137","1.39602"
"1970464137","1552719996","1.39602"
"1552719996","2064829080","1.223"
"2064829080","1552719996","1.223"
"1552719996","2068441569","1.58251"
"2068441569","1552719996","1.58251"
"1552719996","2078110310","1.23491"
"2078110310","1552719996","1.23491"
"1552719996","2093767941","1.96589"
"2093767941","1552719996","1.96589"
"1552719996","2099446123","0.614753"
"2099446123","1552719996","0.614753"
"1552719996","2126484007","0.163743"
"2126484007","1552719996","0.163743"
"1552719996","2130513648","1.27657"
"2130513648","1552719996","1.27657"
"1552719996","2134475940","0.226158"
"2134475940","1552719996","0.226158"
"1552719996","2154567403","1.0151"
"2154567403","1552719996","1.0151"
"1552719996","2156867996","0.471017"
"2156867996","1552719996","0.471017"
"1552719996","2536058570","0.615462"
"2536058570","1552719996","0.615462"
"1552719996","2765632506","0.629351"
"2765632506","1552719996","0.629351"
"1552719996","2890748062","0.249601"
"2890748062","1552719996","0.249601"
"1552719996","2892199772","0.471613"
"2892199772","1552719996","0.471613"
"1552719996","2918052119","0.157935"
"2918052119","1552719996","0.157935"
"1552719996","2984654243","0.566851"
"2984654243","1552719996","0.566851"
"1759759811","1970464137","0.552632"
"1970464137","1759759811","0.552632"
"1759759811","2064829080","0.302632"
"2064829080","1759759811","0.302632"
"1759759811","2068441569","1.05263"
"2068441569","1759759811","1.05263"
"1759759811","2078110310","2.48716"
"2078110310","1759759811","2.48716"
"1759759811","2093767941","0.0526316"
"2093767941","1759759811","0.0526316"
"1759759811","2099446123","0.0526316"
"2099446123","1759759811","0.0526316"
"1759759811","2126484007","0.0526316"
"2126484007","1759759811","0.0526316"
"1759759811","2130513648","1.98716"
"2130513648","1759759811","1.98716"
"1759759811","2134475940","2.07049"
"2134475940","1759759811","2.07049"
"1759759811","2154567403","0.302632"
"2154567403","1759759811","0.302632"
"1759759811","2156867996","0.570489"
"2156867996","1759759811","0.570489"
"1759759811","2536058570","0.0526316"
"2536058570","1759759811","0.0526316"
"1759759811","2765632506","0.0526316"
"2765632506","1759759811","0.0526316"
"1759759811","2890748062","0.0526316"
"2890748062","1759759811","0.0526316"
"1759759811","2892199772","0.0526316"
"2892199772","1759759811","0.0526316"
"1759759811","2918052119","1.92763"
"2918052119","1759759811","1.92763"
"1759759811","2984654243","0.0526316"
"2984654243","1759759811","0.0526316"
"1970464137","2064829080","4.47935"
"2064829080","1970464137","4.47935"
"1970464137","2068441569","0.121396"
"2068441569","1970464137","0.121396"
"1970464137","2078110310","1.31268"
"2078110310","1970464137","1.31268"
"1970464137","2093767941","0.315889"
"2093767941","1970464137","0.315889"
"1970464137","2099446123","0.0980861"
"2099446123","1970464137","0.0980861"
"1970464137","2126484007","0.0526316"
"2126484007","1970464137","0.0526316"
"1970464137","2130513648","1.85435"
"2130513648","1970464137","1.85435"
"1970464137","2134475940","2.45473"
"2134475940","1970464137","2.45473"
"1970464137","2154567403","0.232556"
"2154567403","1970464137","0.232556"
"1970464137","2156867996","1.47102"
"2156867996","1970464137","1.47102"
"1970464137","2536058570","0.271017"
"2536058570","1970464137","0.271017"
"1970464137","2765632506","0.396017"
"2765632506","1970464137","0.396017"
"1970464137","2890748062","0.249601"
"2890748062","1970464137","0.249601"
"1970464137","2892199772","0.166851"
"2892199772","1970464137","0.166851"
"1970464137","2918052119","1.45793"
"2918052119","1970464137","1.45793"
"1970464137","2984654243","0.666851"
"2984654243","1970464137","0.666851"
"2064829080","2068441569","1.48251"
"2068441569","2064829080","1.48251"
"2064829080","2078110310","0.933319"
"2078110310","2064829080","0.933319"
"2064829080","2093767941","0.640889"
"2093767941","2064829080","0.640889"
"2064829080","2099446123","0.724277"
"2099446123","2064829080","0.724277"
"2064829080","2126484007","0.3066"
"2126484007","2064829080","0.3066"
"2064829080","2130513648","0.933319"
"2130513648","2064829080","0.933319"
"2064829080","2134475940","0.476158"
"2134475940","2064829080","0.476158"
"2064829080","2154567403","1.12386"
"2154567403","2064829080","1.12386"
"2064829080","2156867996","1.43693"
"2156867996","2064829080","1.43693"
"2064829080","2536058570","0.473795"
"2536058570","2064829080","0.473795"
"2064829080","2765632506","0.362684"
"2765632506","2064829080","0.362684"
"2064829080","2890748062","0.0829346"
"2890748062","2064829080","0.0829346"
"2064829080","2892199772","0.871613"
"2892199772","2064829080","0.871613"
"2064829080","2918052119","0.366268"
"2918052119","2064829080","0.366268"
"2064829080","2984654243","0.300184"
"2984654243","2064829080","0.300184"
"2068441569","2078110310","0.232507"
"2078110310","2068441569","0.232507"
"2068441569","2093767941","0.582935"
"2093767941","2068441569","0.582935"
"2068441569","2099446123","0.402632"
"2099446123","2068441569","0.402632"
"2068441569","2126484007","1.11374"
"2126484007","2068441569","1.11374"
"2068441569","2130513648","0.232507"
"2130513648","2068441569","0.232507"
"2068441569","2134475940","0.121396"
"2134475940","2068441569","0.121396"
"2068441569","2154567403","0.194046"
"2154567403","2068441569","0.194046"
"2068441569","2156867996","0.121396"
"2156867996","2068441569","0.121396"
"2068441569","2536058570","0.121396"
"2536058570","2068441569","0.121396"
"2068441569","2765632506","0.714253"
"2765632506","2068441569","0.714253"
"2068441569","2890748062","0.282935"
"2890748062","2068441569","0.282935"
"2068441569","2892199772","0.514253"
"2892199772","2068441569","0.514253"
"2068441569","2918052119","0.0829346"
"2918052119","2068441569","0.0829346"
"2068441569","2984654243","0.121396"
"2984654243","2068441569","0.121396"
"2078110310","2093767941","0.224222"
"2093767941","2078110310","0.224222"
"2078110310","2099446123","0.40761"
"2099446123","2078110310","0.40761"
"2078110310","2126484007","0.3066"
"2126484007","2078110310","0.3066"
"2078110310","2130513648","8.56229"
"2130513648","2078110310","8.56229"
"2078110310","2134475940","1.08925"
"2134475940","2078110310","1.08925"
"2078110310","2154567403","1.14486"
"2154567403","2078110310","1.14486"
"2078110310","2156867996","1.03054"
"2156867996","2078110310","1.03054"
"2078110310","2536058570","0.262684"
"2536058570","2078110310","0.262684"
"2078110310","2765632506","0.262684"
"2765632506","2078110310","0.262684"
"2078110310","2890748062","0.0829346"
"2890748062","2078110310","0.0829346"
"2078110310","2892199772","0.200184"
"2892199772","2078110310","0.200184"
"2078110310","2918052119","0.907935"
"2918052119","2078110310","0.907935"
"2078110310","2984654243","0.200184"
"2984654243","2078110310","0.200184"
"2093767941","2099446123","0.264753"
"2099446123","2093767941","0.264753"
"2093767941","2126484007","0.0526316"
"2126484007","2093767941","0.0526316"
"2093767941","2130513648","0.224222"
"2130513648","2093767941","0.224222"
"2093767941","2134475940","0.116268"
"2134475940","2093767941","0.116268"
"2093767941","2154567403","0.290889"
"2154567403","2093767941","0.290889"
"2093767941","2156867996","1.39089"
"2156867996","2093767941","1.39089"
"2093767941","2536058570","0.424222"
"2536058570","2093767941","0.424222"
"2093767941","2765632506","0.549222"
"2765632506","2093767941","0.549222"
"2093767941","2890748062","0.207935"
"2890748062","2093767941","0.207935"
"2093767941","2892199772","0.361722"
"2892199772","2093767941","0.361722"
"2093767941","2918052119","0.116268"
"2918052119","2093767941","0.116268"
"2093767941","2984654243","0.486722"
"2984654243","2093767941","0.486722"
"2099446123","2126484007","0.195489"
"2126484007","2099446123","0.195489"
"2099446123","2130513648","0.90761"
"2130513648","2099446123","0.90761"
"2099446123","2134475940","0.0526316"
"2134475940","2099446123","0.0526316"
"2099446123","2154567403","1.97428"
"2154567403","2099446123","1.97428"
"2099446123","2156867996","0.831419"
"2156867996","2099446123","0.831419"
"2099446123","2536058570","0.0980861"
"2536058570","2099446123","0.0980861"
"2099446123","2765632506","0.0980861"
"2765632506","2099446123","0.0980861"
"2099446123","2890748062","0.0526316"
"2890748062","2099446123","0.0526316"
"2099446123","2892199772","0.0980861"
"2892199772","2099446123","0.0980861"
"2099446123","2918052119","0.0526316"
"2918052119","2099446123","0.0526316"
"2099446123","2984654243","0.0980861"
"2984654243","2099446123","0.0980861"
"2126484007","2130513648","0.3066"
"2130513648","2126484007","0.3066"
"2126484007","2134475940","0.302632"
"2134475940","2126484007","0.302632"
"2126484007","2154567403","0.3066"
"2154567403","2126484007","0.3066"
"2126484007","2156867996","0.0526316"
"2156867996","2126484007","0.0526316"
"2126484007","2536058570","0.0526316"
"2536058570","2126484007","0.0526316"
"2126484007","2765632506","0.585965"
"2765632506","2126484007","0.585965"
"2126484007","2890748062","0.752632"
"2890748062","2126484007","0.752632"
"2126484007","2892199772","0.0526316"
"2892199772","2126484007","0.0526316"
"2126484007","2918052119","0.302632"
"2918052119","2126484007","0.302632"
"2126484007","2984654243","0.385965"
"2984654243","2126484007","0.385965"
"2130513648","2134475940","1.08925"
"2134475940","2130513648","1.08925"
"2130513648","2154567403","1.68652"
"2154567403","2130513648","1.68652"
"2130513648","2156867996","2.07221"
"2156867996","2130513648","2.07221"
"2130513648","2536058570","0.304351"
"2536058570","2130513648","0.304351"
"2130513648","2765632506","0.304351"
"2765632506","2130513648","0.304351"
"2130513648","2890748062","0.124601"
"2890748062","2130513648","0.124601"
"2130513648","2892199772","0.200184"
"2892199772","2130513648","0.200184"
"2130513648","2918052119","0.949601"
"2918052119","2130513648","0.949601"
"2130513648","2984654243","0.241851"
"2984654243","2130513648","0.241851"
"2134475940","2154567403","0.187697"
"2154567403","2134475940","0.187697"
"2134475940","2156867996","0.422587"
"2156867996","2134475940","0.422587"
"2134475940","2536058570","0.154729"
"2536058570","2134475940","0.154729"
"2134475940","2765632506","0.154729"
"2765632506","2134475940","0.154729"
"2134475940","2890748062","0.0829346"
"2890748062","2134475940","0.0829346"
"2134475940","2892199772","0.226158"
"2892199772","2134475940","0.226158"
"2134475940","2918052119","21.3579"
"2918052119","2134475940","21.3579"
"2134475940","2984654243","0.154729"
"2984654243","2134475940","0.154729"
"2154567403","2156867996","1.34013"
"2156867996","2154567403","1.34013"
"2154567403","2536058570","0.265889"
"2536058570","2154567403","0.265889"
"2154567403","2765632506","0.265889"
"2765632506","2154567403","0.265889"
"2154567403","2890748062","0.124601"
"2890748062","2154567403","0.124601"
"2154567403","2892199772","0.733151"
"2892199772","2154567403","0.733151"
"2154567403","2918052119","0.157935"
"2918052119","2154567403","0.157935"
"2154567403","2984654243","0.203389"
"2984654243","2154567403","0.203389"
"2156867996","2536058570","0.404351"
"2536058570","2156867996","0.404351"
"2156867996","2765632506","0.404351"
"2765632506","2156867996","0.404351"
"2156867996","2890748062","0.124601"
"2890748062","2156867996","0.124601"
"2156867996","2892199772","0.800184"
"2892199772","2156867996","0.800184"
"2156867996","2918052119","0.282935"
"2918052119","2156867996","0.282935"
"2156867996","2984654243","0.341851"
"2984654243","2156867996","0.341851"
"2536058570","2765632506","1.00435"
"2765632506","2536058570","1.00435"
"2536058570","2890748062","0.457935"
"2890748062","2536058570","0.457935"
"2536058570","2892199772","0.650184"
"2892199772","2536058570","0.650184"
"2536058570","2918052119","0.157935"
"2918052119","2536058570","0.157935"
"2536058570","2984654243","0.941851"
"2984654243","2536058570","0.941851"
"2765632506","2890748062","0.449601"
"2890748062","2765632506","0.449601"
"2765632506","2892199772","3.35971"
"2892199772","2765632506","3.35971"
"2765632506","2918052119","0.157935"
"2918052119","2765632506","0.157935"
"2765632506","2984654243","3.65018"
"2984654243","2765632506","3.65018"
"2890748062","2892199772","0.0829346"
"2892199772","2890748062","0.0829346"
"2890748062","2918052119","0.124601"
"2918052119","2890748062","0.124601"
"2890748062","2984654243","0.249601"
"2984654243","2890748062","0.249601"
"2892199772","2918052119","0.116268"
"2918052119","2892199772","0.116268"
"2892199772","2984654243","2.65018"
"2984654243","2892199772","2.65018"
"2918052119","2984654243","0.157935"
"2984654243","2918052119","0.157935"
"111135110","128784951","0.238258"
"128784951","111135110","0.238258"
"111135110","1494138594","0.0636364"
"1494138594","111135110","0.0636364"
"111135110","1497828701","0.171591"
"1497828701","111135110","0.171591"
"111135110","1515945955","0.171591"
"1515945955","111135110","0.171591"
"111135110","1544695791","0.99697"
"1544695791","111135110","0.99697"
"111135110","1602159460","0.163636"
"1602159460","111135110","0.163636"
"111135110","1775507803","0.0636364"
"1775507803","111135110","0.0636364"
"111135110","1875574498","0.030303"
"1875574498","111135110","0.030303"
"111135110","1983550066","0.109091"
"1983550066","111135110","0.109091"
"111135110","2019891719","0.0636364"
"2019891719","111135110","0.0636364"
"111135110","2106217851","0.0636364"
"2106217851","111135110","0.0636364"
"111135110","2112329914","0.504924"
"2112329914","111135110","0.504924"
"111135110","2118179522","0.171591"
"2118179522","111135110","0.171591"
"111135110","2133314176","0.99697"
"2133314176","111135110","0.99697"
"111135110","2161008709","0.141414"
"2161008709","111135110","0.141414"
"111135110","2407185280","0.030303"
"2407185280","111135110","0.030303"
"111135110","2884909828","0.271591"
"2884909828","111135110","0.271591"
"128784951","1494138594","1.18186"
"1494138594","128784951","1.18186"
"128784951","1497828701","0.348148"
"1497828701","128784951","0.348148"
"128784951","1515945955","0.289814"
"1515945955","128784951","0.289814"
"128784951","1544695791","1.34853"
"1544695791","128784951","1.34853"
"128784951","1552719996","0.989814"
"1552719996","128784951","0.989814"
"128784951","1602159460","2.16876"
"1602159460","128784951","2.16876"
"128784951","1775507803","0.0719697"
"1775507803","128784951","0.0719697"
"128784951","1875574498","0.030303"
"1875574498","128784951","0.030303"
"128784951","1970464137","0.218386"
"1970464137","128784951","0.218386"
"128784951","1983550066","0.817424"
"1983550066","128784951","0.817424"
"128784951","2019891719","0.110431"
"2019891719","128784951","0.110431"
"128784951","2064829080","0.681481"
"2064829080","128784951","0.681481"
"128784951","2068441569","0.0687646"
"2068441569","128784951","0.0687646"
"128784951","2078110310","0.176719"
"2078110310","128784951","0.176719"
"128784951","2093767941","0.538258"
"2093767941","128784951","0.538258"
"128784951","2106217851","0.38186"
"2106217851","128784951","0.38186"
"128784951","2112329914","0.823148"
"2112329914","128784951","0.823148"
"128784951","2118179522","0.251353"
"2118179522","128784951","0.251353"
"128784951","2130513648","0.418386"
"2130513648","128784951","0.418386"
"128784951","2133314176","0.48186"
"2133314176","128784951","0.48186"
"128784951","2134475940","0.140193"
"2134475940","128784951","0.140193"
"128784951","2154567403","0.251353"
"2154567403","128784951","0.251353"
"128784951","2156867996","0.318386"
"2156867996","128784951","0.318386"
"128784951","2161008709","0.0719697"
"2161008709","128784951","0.0719697"
"128784951","2407185280","0.0719697"
"2407185280","128784951","0.0719697"
"128784951","2536058570","0.568386"
"2536058570","128784951","0.568386"
"128784951","2765632506","0.318386"
"2765632506","128784951","0.318386"
"128784951","2884909828","0.376719"
"2884909828","128784951","0.376719"
"128784951","2890748062","0.0719697"
"2890748062","128784951","0.0719697"
"128784951","2892199772","0.535648"
"2892199772","128784951","0.535648"
"128784951","2918052119","0.0719697"
"2918052119","128784951","0.0719697"
"128784951","2984654243","0.255886"
"2984654243","128784951","0.255886"
"1494138594","1497828701","0.173526"
"1497828701","1494138594","0.173526"
"1494138594","1515945955","1.44853"
"1515945955","1494138594","1.44853"
"1494138594","1544695791","1.66519"
"1544695791","1494138594","1.66519"
"1494138594","1552719996","1.96519"
"1552719996","1494138594","1.96519"
"1494138594","1602159460","0.352098"
"1602159460","1494138594","0.352098"
"1494138594","1775507803","0.105303"
"1775507803","1494138594","0.105303"
"1494138594","1875574498","0.030303"
"1875574498","1494138594","0.030303"
"1494138594","1970464137","0.110431"
"1970464137","1494138594","0.110431"
"1494138594","1983550066","0.555303"
"1983550066","1494138594","0.555303"
"1494138594","2019891719","1.1771"
"2019891719","1494138594","1.1771"
"1494138594","2064829080","0.173526"
"2064829080","1494138594","0.173526"
"1494138594","2068441569","0.0687646"
"2068441569","1494138594","0.0687646"
"1494138594","2078110310","0.102098"
"2078110310","1494138594","0.102098"
"1494138594","2093767941","0.0636364"
"2093767941","1494138594","0.0636364"
"1494138594","2106217851","0.215193"
"2106217851","1494138594","0.215193"
"1494138594","2112329914","0.715193"
"2112329914","1494138594","0.715193"
"1494138594","2118179522","2.41006"
"2118179522","1494138594","2.41006"
"1494138594","2130513648","0.143765"
"2130513648","1494138594","0.143765"
"1494138594","2133314176","0.665193"
"2133314176","1494138594","0.665193"
"1494138594","2134475940","0.423526"
"2134475940","1494138594","0.423526"
"1494138594","2154567403","0.176732"
"2154567403","1494138594","0.176732"
"1494138594","2156867996","0.143765"
"2156867996","1494138594","0.143765"
"1494138594","2161008709","0.0719697"
"2161008709","1494138594","0.0719697"
"1494138594","2407185280","0.0719697"
"2407185280","1494138594","0.0719697"
"1494138594","2536058570","0.143765"
"2536058570","1494138594","0.143765"
"1494138594","2765632506","0.143765"
"2765632506","1494138594","0.143765"
"1494138594","2884909828","0.102098"
"2884909828","1494138594","0.102098"
"1494138594","2890748062","0.0719697"
"2890748062","1494138594","0.0719697"
"1494138594","2892199772","0.173526"
"2892199772","1494138594","0.173526"
"1494138594","2918052119","0.355303"
"2918052119","1494138594","0.355303"
"1494138594","2984654243","0.143765"
"2984654243","1494138594","0.143765"
"1497828701","1515945955","0.439057"
"1515945955","1497828701","0.439057"
"1497828701","1544695791","0.331102"
"1544695791","1497828701","0.331102"
"1497828701","1552719996","0.809259"
"1552719996","1497828701","0.809259"
"1497828701","1602159460","2.02988"
"1602159460","1497828701","2.02988"
"1497828701","1775507803","0.332323"
"1775507803","1497828701","0.332323"
"1497828701","1875574498","0.030303"
"1875574498","1497828701","0.030303"
"1497828701","1970464137","2.62672"
"1970464137","1497828701","2.62672"
"1497828701","1983550066","0.609091"
"1983550066","1497828701","0.609091"
"1497828701","2019891719","0.102098"
"2019891719","1497828701","0.102098"
"1497828701","2064829080","8.54303"
"2064829080","1497828701","8.54303"
"1497828701","2068441569","0.0687646"
"2068441569","1497828701","0.0687646"
"1497828701","2078110310","0.60291"
"2078110310","1497828701","0.60291"
"1497828701","2093767941","0.588258"
"2093767941","1497828701","0.588258"
"1497828701","2106217851","0.642213"
"2106217851","1497828701","0.642213"
"1497828701","2112329914","0.639057"
"2112329914","1497828701","0.639057"
"1497828701","2118179522","0.400595"
"2118179522","1497828701","0.400595"
"1497828701","2130513648","0.60291"
"2130513648","1497828701","0.60291"
"1497828701","2133314176","0.531102"
"2133314176","1497828701","0.531102"
"1497828701","2134475940","0.173526"
"2134475940","1497828701","0.173526"
"1497828701","2154567403","0.793452"
"2154567403","1497828701","0.793452"
"1497828701","2156867996","0.917628"
"2156867996","1497828701","0.917628"
"1497828701","2161008709","0.17316"
"2161008709","1497828701","0.17316"
"1497828701","2407185280","0.030303"
"2407185280","1497828701","0.030303"
"1497828701","2536058570","0.421164"
"2536058570","1497828701","0.421164"
"1497828701","2765632506","0.310052"
"2765632506","1497828701","0.310052"
"1497828701","2884909828","0.467628"
"2884909828","1497828701","0.467628"
"1497828701","2890748062","0.030303"
"2890748062","1497828701","0.030303"
"1497828701","2892199772","0.318981"
"2892199772","1497828701","0.318981"
"1497828701","2918052119","0.0636364"
"2918052119","1497828701","0.0636364"
"1497828701","2984654243","0.247552"
"2984654243","1497828701","0.247552"
"1515945955","1544695791","0.572769"
"1544695791","1515945955","0.572769"
"1515945955","1552719996","0.614814"
"1552719996","1515945955","0.614814"
"1515945955","1602159460","0.393765"
"1602159460","1515945955","0.393765"
"1515945955","1775507803","0.362879"
"1775507803","1515945955","0.362879"
"1515945955","1875574498","0.030303"
"1875574498","1515945955","0.030303"
"1515945955","1970464137","0.676719"
"1970464137","1515945955","0.676719"
"1515945955","1983550066","0.450758"
"1983550066","1515945955","0.450758"
"1515945955","2019891719","0.643765"
"2019891719","1515945955","0.643765"
"1515945955","2064829080","0.439057"
"2064829080","1515945955","0.439057"
"1515945955","2068441569","0.168765"
"2068441569","1515945955","0.168765"
"1515945955","2078110310","0.210052"
"2078110310","1515945955","0.210052"
"1515945955","2093767941","0.363258"
"2093767941","1515945955","0.363258"
"1515945955","2106217851","0.472769"
"2106217851","1515945955","0.472769"
"1515945955","2112329914","0.814057"
"2112329914","1515945955","0.814057"
"1515945955","2118179522","8.76726"
"2118179522","1515945955","8.76726"
"1515945955","2130513648","0.251719"
"2130513648","1515945955","0.251719"
"1515945955","2133314176","0.572769"
"2133314176","1515945955","0.572769"
"1515945955","2134475940","0.173526"
"2134475940","1515945955","0.173526"
"1515945955","2154567403","0.942262"
"2154567403","1515945955","0.942262"
"1515945955","2156867996","0.409295"
"2156867996","1515945955","0.409295"
"1515945955","2161008709","0.17197"
"2161008709","1515945955","0.17197"
"1515945955","2407185280","0.0719697"
"2407185280","1515945955","0.0719697"
"1515945955","2536058570","0.251719"
"2536058570","1515945955","0.251719"
"1515945955","2765632506","0.376719"
"2765632506","1515945955","0.376719"
"1515945955","2884909828","0.367628"
"2884909828","1515945955","0.367628"
"1515945955","2890748062","0.19697"
"2890748062","1515945955","0.19697"
"1515945955","2892199772","0.218981"
"2892199772","1515945955","0.218981"
"1515945955","2918052119","0.105303"
"2918052119","1515945955","0.105303"
"1515945955","2984654243","0.647552"
"2984654243","1515945955","0.647552"
"1544695791","1552719996","0.826304"
"1552719996","1544695791","0.826304"
"1544695791","1602159460","0.268765"
"1602159460","1544695791","0.268765"
"1544695791","1775507803","0.262879"
"1775507803","1544695791","0.262879"
"1544695791","1875574498","0.141414"
"1875574498","1544695791","0.141414"
"1544695791","1970464137","0.110431"
"1970464137","1544695791","0.110431"
"1544695791","1983550066","0.755303"
"1983550066","1544695791","0.755303"
"1544695791","2019891719","0.504876"
"2019891719","1544695791","0.504876"
"1544695791","2064829080","0.997769"
"2064829080","1544695791","0.997769"
"1544695791","2068441569","0.768765"
"2068441569","1544695791","0.768765"
"1544695791","2078110310","0.213209"
"2078110310","1544695791","0.213209"
"1544695791","2093767941","0.430303"
"2093767941","1544695791","0.430303"
"1544695791","2106217851","0.68388"
"2106217851","1544695791","0.68388"
"1544695791","2112329914","3.1061"
"2112329914","1544695791","3.1061"
"1544695791","2118179522","0.734307"
"2118179522","1544695791","0.734307"
"1544695791","2130513648","0.454876"
"2130513648","1544695791","0.454876"
"1544695791","2133314176","7.82277"
"2133314176","1544695791","7.82277"
"1544695791","2134475940","0.373526"
"2134475940","1544695791","0.373526"
"1544695791","2154567403","0.334307"
"2154567403","1544695791","0.334307"
"1544695791","2156867996","0.30134"
"2156867996","1544695791","0.30134"
"1544695791","2161008709","0.516414"
"2161008709","1544695791","0.516414"
"1544695791","2407185280","0.0719697"
"2407185280","1544695791","0.0719697"
"1544695791","2536058570","0.143765"
"2536058570","1544695791","0.143765"
"1544695791","2765632506","0.343765"
"2765632506","1544695791","0.343765"
"1544695791","2884909828","0.359674"
"2884909828","1544695791","0.359674"
"1544695791","2890748062","0.27197"
"2890748062","1544695791","0.27197"
"1544695791","2892199772","0.173526"
"2892199772","1544695791","0.173526"
"1544695791","2918052119","0.305303"
"2918052119","1544695791","0.305303"
"1544695791","2984654243","0.143765"
"2984654243","1544695791","0.143765"
"1552719996","1602159460","4.45488"
"1602159460","1552719996","4.45488"
"1552719996","1775507803","0.383081"
"1775507803","1552719996","0.383081"
"1552719996","1875574498","0.391414"
"1875574498","1552719996","0.391414"
"1552719996","1983550066","0.750758"
"1983550066","1552719996","0.750758"
"1552719996","2019891719","0.354876"
"2019891719","1552719996","0.354876"
"1552719996","2106217851","0.604082"
"2106217851","1552719996","0.604082"
"1552719996","2112329914","0.389814"
"2112329914","1552719996","0.389814"
"1552719996","2118179522","0.576353"
"2118179522","1552719996","0.576353"
"1552719996","2133314176","0.715193"
"2133314176","1552719996","0.715193"
"1552719996","2161008709","1.39419"
"2161008709","1552719996","1.39419"
"1552719996","2407185280","0.0719697"
"2407185280","1552719996","0.0719697"
"1552719996","2884909828","0.576719"
"2884909828","1552719996","0.576719"
"1602159460","1775507803","0.341414"
"1775507803","1602159460","0.341414"
"1602159460","1875574498","0.280303"
"1875574498","1602159460","0.280303"
"1602159460","1970464137","0.193765"
"1970464137","1602159460","0.193765"
"1602159460","1983550066","0.163636"
"1983550066","1602159460","0.163636"
"1602159460","2019891719","0.202098"
"2019891719","1602159460","0.202098"
"1602159460","2064829080","1.02988"
"2064829080","1602159460","1.02988"
"1602159460","2068441569","0.168765"
"2068441569","1602159460","0.168765"
"1602159460","2078110310","0.352098"
"2078110310","1602159460","0.352098"
"1602159460","2093767941","4.2053"
"2093767941","1602159460","4.2053"
"1602159460","2106217851","0.379876"
"2106217851","1602159460","0.379876"
"1602159460","2112329914","0.168765"
"2112329914","1602159460","0.168765"
"1602159460","2118179522","0.355303"
"2118179522","1602159460","0.355303"
"1602159460","2130513648","0.352098"
"2130513648","1602159460","0.352098"
"1602159460","2133314176","0.268765"
"2133314176","1602159460","0.268765"
"1602159460","2134475940","0.102098"
"2134475940","1602159460","0.102098"
"1602159460","2154567403","0.130303"
"2154567403","1602159460","0.130303"
"1602159460","2156867996","0.168765"
"2156867996","1602159460","0.168765"
"1602159460","2161008709","0.130303"
"2161008709","1602159460","0.130303"
"1602159460","2407185280","0.030303"
"2407185280","1602159460","0.030303"
"1602159460","2536058570","0.313209"
"2536058570","1602159460","0.313209"
"1602159460","2765632506","0.327098"
"2765632506","1602159460","0.327098"
"1602159460","2884909828","0.368765"
"2884909828","1602159460","0.368765"
"1602159460","2890748062","0.155303"
"2890748062","1602159460","0.155303"
"1602159460","2892199772","0.202098"
"2892199772","1602159460","0.202098"
"1602159460","2918052119","0.0636364"
"2918052119","1602159460","0.0636364"
"1602159460","2984654243","0.327098"
"2984654243","1602159460","0.327098"
"1775507803","1875574498","0.030303"
"1875574498","1775507803","0.030303"
"1775507803","1970464137","0.0719697"
"1970464137","1775507803","0.0719697"
"1775507803","1983550066","0.205303"
"1983550066","1775507803","0.205303"
"1775507803","2019891719","0.538636"
"2019891719","1775507803","0.538636"
"1775507803","2064829080","0.332323"
"2064829080","1775507803","0.332323"
"1775507803","2068441569","0.130303"
"2068441569","1775507803","0.130303"
"1775507803","2078110310","0.0636364"
"2078110310","1775507803","0.0636364"
"1775507803","2093767941","0.130303"
"2093767941","1775507803","0.130303"
"1775507803","2106217851","2.64066"
"2106217851","1775507803","2.64066"
"1775507803","2112329914","0.262879"
"2112329914","1775507803","0.262879"
"1775507803","2118179522","0.362879"
"2118179522","1775507803","0.362879"
"1775507803","2130513648","0.105303"
"2130513648","1775507803","0.105303"
"1775507803","2133314176","0.262879"
"2133314176","1775507803","0.262879"
"1775507803","2134475940","0.39697"
"2134475940","1775507803","0.39697"
"1775507803","2154567403","0.262879"
"2154567403","1775507803","0.262879"
"1775507803","2156867996","0.262879"
"2156867996","1775507803","0.262879"
"1775507803","2161008709","0.17197"
"2161008709","1775507803","0.17197"
"1775507803","2407185280","0.0719697"
"2407185280","1775507803","0.0719697"
"1775507803","2536058570","0.216414"
"2536058570","1775507803","0.216414"
"1775507803","2765632506","0.105303"
"2765632506","1775507803","0.105303"
"1775507803","2884909828","0.221212"
"2884909828","1775507803","0.221212"
"1775507803","2890748062","0.0719697"
"2890748062","1775507803","0.0719697"
"1775507803","2892199772","0.0636364"
"2892199772","1775507803","0.0636364"
"1775507803","2918052119","0.438636"
"2918052119","1775507803","0.438636"
"1775507803","2984654243","0.105303"
"2984654243","1775507803","0.105303"
"1875574498","1970464137","0.030303"
"1970464137","1875574498","0.030303"
"1875574498","1983550066","0.030303"
"1983550066","1875574498","0.030303"
"1875574498","2019891719","0.141414"
"2019891719","1875574498","0.141414"
"1875574498","2064829080","0.030303"
"2064829080","1875574498","0.030303"
"1875574498","2068441569","0.030303"
"2068441569","1875574498","0.030303"
"1875574498","2078110310","0.391414"
"2078110310","1875574498","0.391414"
"1875574498","2093767941","0.030303"
"2093767941","1875574498","0.030303"
"1875574498","2106217851","0.141414"
"2106217851","1875574498","0.141414"
"1875574498","2112329914","0.030303"
"2112329914","1875574498","0.030303"
"1875574498","2118179522","0.030303"
"2118179522","1875574498","0.030303"
"1875574498","2130513648","0.391414"
"2130513648","1875574498","0.391414"
"1875574498","2133314176","0.030303"
"2133314176","1875574498","0.030303"
"1875574498","2134475940","0.030303"
"2134475940","1875574498","0.030303"
"1875574498","2154567403","1.0303"
"2154567403","1875574498","1.0303"
"1875574498","2156867996","0.030303"
"2156867996","1875574498","0.030303"
"1875574498","2161008709","0.141414"
"2161008709","1875574498","0.141414"
"1875574498","2407185280","0.030303"
"2407185280","1875574498","0.030303"
"1875574498","2536058570","0.030303"
"2536058570","1875574498","0.030303"
"1875574498","2765632506","0.030303"
"2765632506","1875574498","0.030303"
"1875574498","2884909828","0.030303"
"2884909828","1875574498","0.030303"
"1875574498","2890748062","0.030303"
"2890748062","1875574498","0.030303"
"1875574498","2892199772","0.030303"
"2892199772","1875574498","0.030303"
"1875574498","2918052119","0.030303"
"2918052119","1875574498","0.030303"
"1875574498","2984654243","0.030303"
"2984654243","1875574498","0.030303"
"1970464137","1983550066","0.117424"
"1983550066","1970464137","0.117424"
"1970464137","2019891719","0.110431"
"2019891719","1970464137","0.110431"
"1970464137","2106217851","0.310431"
"2106217851","1970464137","0.310431"
"1970464137","2112329914","0.418386"
"2112329914","1970464137","0.418386"
"1970464137","2118179522","1.63826"
"2118179522","1970464137","1.63826"
"1970464137","2133314176","0.310431"
"2133314176","1970464137","0.310431"
"1970464137","2161008709","0.0719697"
"2161008709","1970464137","0.0719697"
"1970464137","2407185280","0.0719697"
"2407185280","1970464137","0.0719697"
"1970464137","2884909828","0.176719"
"2884909828","1970464137","0.176719"
"1983550066","2019891719","0.455303"
"2019891719","1983550066","0.455303"
"1983550066","2064829080","0.859091"
"2064829080","1983550066","0.859091"
"1983550066","2068441569","0.630303"
"2068441569","1983550066","0.630303"
"1983550066","2078110310","0.376948"
"2078110310","1983550066","0.376948"
"1983550066","2093767941","0.309091"
"2093767941","1983550066","0.309091"
"1983550066","2106217851","0.205303"
"2106217851","1983550066","0.205303"
"1983550066","2112329914","0.350758"
"2112329914","1983550066","0.350758"
"1983550066","2118179522","0.450758"
"2118179522","1983550066","0.450758"
"1983550066","2130513648","0.418615"
"2130513648","1983550066","0.418615"
"1983550066","2133314176","0.755303"
"2133314176","1983550066","0.755303"
"1983550066","2134475940","1.08149"
"2134475940","1983550066","1.08149"
"1983550066","2154567403","0.150758"
"2154567403","1983550066","0.150758"
"1983550066","2156867996","0.418615"
"2156867996","1983550066","0.418615"
"1983550066","2161008709","5.42197"
"2161008709","1983550066","5.42197"
"1983550066","2407185280","0.0719697"
"2407185280","1983550066","0.0719697"
"1983550066","2536058570","0.150758"
"2536058570","1983550066","0.150758"
"1983550066","2765632506","0.150758"
"2765632506","1983550066","0.150758"
"1983550066","2884909828","0.109091"
"2884909828","1983550066","0.109091"
"1983550066","2890748062","0.0719697"
"2890748062","1983550066","0.0719697"
"1983550066","2892199772","0.109091"
"2892199772","1983550066","0.109091"
"1983550066","2918052119","0.480303"
"2918052119","1983550066","0.480303"
"1983550066","2984654243","0.150758"
"2984654243","1983550066","0.150758"
"2019891719","2064829080","0.102098"
"2064829080","2019891719","0.102098"
"2019891719","2068441569","0.918765"
"2068441569","2019891719","0.918765"
"2019891719","2078110310","0.213209"
"2078110310","2019891719","0.213209"
"2019891719","2093767941","0.563636"
"2093767941","2019891719","0.563636"
"2019891719","2106217851","0.688209"
"2106217851","2019891719","0.688209"
"2019891719","2112329914","0.143765"
"2112329914","2019891719","0.143765"
"2019891719","2118179522","0.605303"
"2118179522","2019891719","0.605303"
"2019891719","2130513648","0.254876"
"2130513648","2019891719","0.254876"
"2019891719","2133314176","0.393765"
"2133314176","2019891719","0.393765"
"2019891719","2134475940","0.352098"
"2134475940","2019891719","0.352098"
"2019891719","2154567403","0.105303"
"2154567403","2019891719","0.105303"
"2019891719","2156867996","0.143765"
"2156867996","2019891719","0.143765"
"2019891719","2161008709","0.283081"
"2161008709","2019891719","0.283081"
"2019891719","2407185280","0.0719697"
"2407185280","2019891719","0.0719697"
"2019891719","2536058570","0.143765"
"2536058570","2019891719","0.143765"
"2019891719","2765632506","0.643765"
"2765632506","2019891719","0.643765"
"2019891719","2884909828","0.102098"
"2884909828","2019891719","0.102098"
"2019891719","2890748062","0.0719697"
"2890748062","2019891719","0.0719697"
"2019891719","2892199772","0.602098"
"2892199772","2019891719","0.602098"
"2019891719","2918052119","0.355303"
"2918052119","2019891719","0.355303"
"2019891719","2984654243","0.143765"
"2984654243","2019891719","0.143765"
"2064829080","2106217851","0.442213"
"2106217851","2064829080","0.442213"
"2064829080","2112329914","0.77239"
"2112329914","2064829080","0.77239"
"2064829080","2118179522","0.400595"
"2118179522","2064829080","0.400595"
"2064829080","2133314176","0.331102"
"2133314176","2064829080","0.331102"
"2064829080","2161008709","0.867605"
"2161008709","2064829080","0.867605"
"2064829080","2407185280","0.030303"
"2407185280","2064829080","0.030303"
"2064829080","2884909828","0.467628"
"2884909828","2064829080","0.467628"
"2068441569","2106217851","0.168765"
"2106217851","2068441569","0.168765"
"2068441569","2112329914","0.235431"
"2112329914","2068441569","0.235431"
"2068441569","2118179522","0.580303"
"2118179522","2068441569","0.580303"
"2068441569","2133314176","0.568765"
"2133314176","2068441569","0.568765"
"2068441569","2161008709","2.24141"
"2161008709","2068441569","2.24141"
"2068441569","2407185280","0.030303"
"2407185280","2068441569","0.030303"
"2068441569","2884909828","0.211622"
"2884909828","2068441569","0.211622"
"2078110310","2106217851","0.213209"
"2106217851","2078110310","0.213209"
"2078110310","2112329914","0.210052"
"2112329914","2078110310","0.210052"
"2078110310","2118179522","0.171591"
"2118179522","2078110310","0.171591"
"2078110310","2133314176","0.102098"
"2133314176","2078110310","0.102098"
"2078110310","2161008709","0.395382"
"2161008709","2078110310","0.395382"
"2078110310","2407185280","0.030303"
"2407185280","2078110310","0.030303"
"2078110310","2884909828","0.210052"
"2884909828","2078110310","0.210052"
"2093767941","2106217851","0.130303"
"2106217851","2093767941","0.130303"
"2093767941","2112329914","0.438258"
"2112329914","2093767941","0.438258"
"2093767941","2118179522","0.363258"
"2118179522","2093767941","0.363258"
"2093767941","2133314176","0.430303"
"2133314176","2093767941","0.430303"
"2093767941","2161008709","0.030303"
"2161008709","2093767941","0.030303"
"2093767941","2407185280","0.030303"
"2407185280","2093767941","0.030303"
"2093767941","2884909828","0.538258"
"2884909828","2093767941","0.538258"
"2106217851","2112329914","0.572769"
"2112329914","2106217851","0.572769"
"2106217851","2118179522","0.434307"
"2118179522","2106217851","0.434307"
"2106217851","2130513648","0.454876"
"2130513648","2106217851","0.454876"
"2106217851","2133314176","0.572769"
"2133314176","2106217851","0.572769"
"2106217851","2134475940","0.50686"
"2134475940","2106217851","0.50686"
"2106217851","2154567403","0.334307"
"2154567403","2106217851","0.334307"
"2106217851","2156867996","0.50134"
"2156867996","2106217851","0.50134"
"2106217851","2161008709","0.283081"
"2161008709","2106217851","0.283081"
"2106217851","2407185280","0.0719697"
"2407185280","2106217851","0.0719697"
"2106217851","2536058570","0.254876"
"2536058570","2106217851","0.254876"
"2106217851","2765632506","0.143765"
"2765632506","2106217851","0.143765"
"2106217851","2884909828","0.259674"
"2884909828","2106217851","0.259674"
"2106217851","2890748062","0.0719697"
"2890748062","2106217851","0.0719697"
"2106217851","2892199772","0.173526"
"2892199772","2106217851","0.173526"
"2106217851","2918052119","0.438636"
"2918052119","2106217851","0.438636"
"2106217851","2984654243","0.143765"
"2984654243","2106217851","0.143765"
"2112329914","2118179522","0.775595"
"2118179522","2112329914","0.775595"
"2112329914","2130513648","0.251719"
"2130513648","2112329914","0.251719"
"2112329914","2133314176","2.97277"
"2133314176","2112329914","2.97277"
