"112932527","1556675850","1.34826"
"1556675850","112932527","1.34826"
"112932527","2021079739","0.223256"
"2021079739","112932527","0.223256"
"112932527","2040023747","0.223256"
"2040023747","112932527","0.223256"
"112932527","2131213953","0.366113"
"2131213953","112932527","0.366113"
"112932527","2141483289","0.273256"
"2141483289","112932527","0.273256"
"1556675850","2021079739","0.223256"
"2021079739","1556675850","0.223256"
"1556675850","2040023747","0.223256"
"2040023747","1556675850","0.223256"
"1556675850","2131213953","0.223256"
"2131213953","1556675850","0.223256"
"1556675850","2141483289","0.273256"
"2141483289","1556675850","0.273256"
"2021079739","2040023747","1.32326"
"2040023747","2021079739","1.32326"
"2021079739","2131213953","0.723256"
"2131213953","2021079739","0.723256"
"2021079739","2141483289","2.13992"
"2141483289","2021079739","2.13992"
"2040023747","2131213953","0.589922"
"2131213953","2040023747","0.589922"
"2040023747","2141483289","1.25659"
"2141483289","2040023747","1.25659"
"2131213953","2141483289","0.423256"
"2141483289","2131213953","0.423256"
"112932527","1532303448","0.973256"
"1532303448","112932527","0.973256"
"112932527","1819158327","0.2"
"1819158327","112932527","0.2"
"112932527","184152125","0.773256"
"184152125","112932527","0.773256"
"112932527","2146745044","0.2"
"2146745044","112932527","0.2"
"1532303448","1556675850","0.973256"
"1556675850","1532303448","0.973256"
"1532303448","1819158327","0.2"
"1819158327","1532303448","0.2"
"1532303448","184152125","0.889922"
"184152125","1532303448","0.889922"
"1532303448","2146745044","0.2"
"2146745044","1532303448","0.2"
"1556675850","1819158327","0.2"
"1819158327","1556675850","0.2"
"1556675850","184152125","0.773256"
"184152125","1556675850","0.773256"
"1556675850","2146745044","0.2"
"2146745044","1556675850","0.2"
"1819158327","184152125","0.2"
"184152125","1819158327","0.2"
"1819158327","2146745044","4.525"
"2146745044","1819158327","4.525"
"184152125","2146745044","0.2"
"2146745044","184152125","0.2"
"112932527","1976850816","0.614922"
"1976850816","112932527","0.614922"
"112932527","2110491615","0.989922"
"2110491615","112932527","0.989922"
"112932527","2134704494","0.614922"
"2134704494","112932527","0.614922"
"1532303448","1976850816","0.356589"
"1976850816","1532303448","0.356589"
"1532303448","2110491615","0.639922"
"2110491615","1532303448","0.639922"
"1532303448","2134704494","0.499446"
"2134704494","1532303448","0.499446"
"1556675850","1976850816","0.364922"
"1976850816","1556675850","0.364922"
"1556675850","2110491615","0.489922"
"2110491615","1556675850","0.489922"
"1556675850","2134704494","0.364922"
"2134704494","1556675850","0.364922"
"184152125","1976850816","0.406589"
"1976850816","184152125","0.406589"
"184152125","2110491615","0.239922"
"2110491615","184152125","0.239922"
"184152125","2134704494","0.506589"
"2134704494","184152125","0.506589"
"1976850816","2110491615","0.339922"
"2110491615","1976850816","0.339922"
"1976850816","2134704494","4.04826"
"2134704494","1976850816","4.04826"
"2110491615","2134704494","0.339922"
"2134704494","2110491615","0.339922"
"112932527","1561104275","0.0732558"
"1561104275","112932527","0.0732558"
"112932527","1567109864","0.341113"
"1567109864","112932527","0.341113"
"112932527","2006841241","0.05"
"2006841241","112932527","0.05"
"112932527","2026032080","0.216113"
"2026032080","112932527","0.216113"
"112932527","2043370600","0.198256"
"2043370600","112932527","0.198256"
"112932527","2044323096","0.0732558"
"2044323096","112932527","0.0732558"
"112932527","2051696762","0.0732558"
"2051696762","112932527","0.0732558"
"112932527","2087862381","0.0732558"
"2087862381","112932527","0.0732558"
"112932527","2101887502","0.0732558"
"2101887502","112932527","0.0732558"
"112932527","2105049532","0.0732558"
"2105049532","112932527","0.0732558"
"112932527","2126324650","0.216113"
"2126324650","112932527","0.216113"
"112932527","2160022097","0.448256"
"2160022097","112932527","0.448256"
"112932527","2182341688","0.0732558"
"2182341688","112932527","0.0732558"
"112932527","2540441229","0.05"
"2540441229","112932527","0.05"
"1556675850","1561104275","0.0732558"
"1561104275","1556675850","0.0732558"
"1556675850","1567109864","0.198256"
"1567109864","1556675850","0.198256"
"1556675850","2006841241","0.05"
"2006841241","1556675850","0.05"
"1556675850","2026032080","0.0732558"
"2026032080","1556675850","0.0732558"
"1556675850","2043370600","0.198256"
"2043370600","1556675850","0.198256"
"1556675850","2044323096","0.0732558"
"2044323096","1556675850","0.0732558"
"1556675850","2051696762","0.0732558"
"2051696762","1556675850","0.0732558"
"1556675850","2087862381","0.0732558"
"2087862381","1556675850","0.0732558"
"1556675850","2101887502","0.0732558"
"2101887502","1556675850","0.0732558"
"1556675850","2105049532","0.0732558"
"2105049532","1556675850","0.0732558"
"1556675850","2126324650","0.0732558"
"2126324650","1556675850","0.0732558"
"1556675850","2160022097","0.198256"
"2160022097","1556675850","0.198256"
"1556675850","2182341688","0.0732558"
"2182341688","1556675850","0.0732558"
"1556675850","2540441229","0.05"
"2540441229","1556675850","0.05"
"1561104275","1567109864","0.573256"
"1567109864","1561104275","0.573256"
"1561104275","184152125","2.67326"
"184152125","1561104275","2.67326"
"1561104275","1976850816","0.0732558"
"1976850816","1561104275","0.0732558"
"1561104275","2006841241","0.3"
"2006841241","1561104275","0.3"
"1561104275","2026032080","0.756589"
"2026032080","1561104275","0.756589"
"1561104275","2043370600","0.0732558"
"2043370600","1561104275","0.0732558"
"1561104275","2044323096","0.0732558"
"2044323096","1561104275","0.0732558"
"1561104275","2051696762","0.0732558"
"2051696762","1561104275","0.0732558"
"1561104275","2087862381","0.0732558"
"2087862381","1561104275","0.0732558"
"1561104275","2101887502","0.0732558"
"2101887502","1561104275","0.0732558"
"1561104275","2105049532","0.8677"
"2105049532","1561104275","0.8677"
"1561104275","2110491615","0.0732558"
"2110491615","1561104275","0.0732558"
"1561104275","2126324650","3.2677"
"2126324650","1561104275","3.2677"
"1561104275","2134704494","0.173256"
"2134704494","1561104275","0.173256"
"1561104275","2141483289","0.0732558"
"2141483289","1561104275","0.0732558"
"1561104275","2160022097","0.0732558"
"2160022097","1561104275","0.0732558"
"1561104275","2182341688","1.68437"
"2182341688","1561104275","1.68437"
"1561104275","2540441229","0.05"
"2540441229","1561104275","0.05"
"1567109864","184152125","0.573256"
"184152125","1567109864","0.573256"
"1567109864","1976850816","0.298256"
"1976850816","1567109864","0.298256"
"1567109864","2006841241","0.05"
"2006841241","1567109864","0.05"
"1567109864","2026032080","0.216113"
"2026032080","1567109864","0.216113"
"1567109864","2043370600","1.99945"
"2043370600","1567109864","1.99945"
"1567109864","2044323096","0.466113"
"2044323096","1567109864","0.466113"
"1567109864","2051696762","0.216113"
"2051696762","1567109864","0.216113"
"1567109864","2087862381","1.79111"
"2087862381","1567109864","1.79111"
"1567109864","2101887502","0.323256"
"2101887502","1567109864","0.323256"
"1567109864","2105049532","0.0732558"
"2105049532","1567109864","0.0732558"
"1567109864","2110491615","0.923256"
"2110491615","1567109864","0.923256"
"1567109864","2126324650","0.35897"
"2126324650","1567109864","0.35897"
"1567109864","2134704494","0.298256"
"2134704494","1567109864","0.298256"
"1567109864","2141483289","0.0732558"
"2141483289","1567109864","0.0732558"
"1567109864","2160022097","0.298256"
"2160022097","1567109864","0.298256"
"1567109864","2182341688","0.0732558"
"2182341688","1567109864","0.0732558"
"1567109864","2540441229","0.05"
"2540441229","1567109864","0.05"
"184152125","2006841241","0.05"
"2006841241","184152125","0.05"
"184152125","2026032080","0.316113"
"2026032080","184152125","0.316113"
"184152125","2043370600","1.22326"
"2043370600","184152125","1.22326"
"184152125","2044323096","0.216113"
"2044323096","184152125","0.216113"
"184152125","2051696762","0.0732558"
"2051696762","184152125","0.0732558"
"184152125","2087862381","0.689922"
"2087862381","184152125","0.689922"
"184152125","2101887502","0.0732558"
"2101887502","184152125","0.0732558"
"184152125","2105049532","0.173256"
"2105049532","184152125","0.173256"
"184152125","2126324650","0.173256"
"2126324650","184152125","0.173256"
"184152125","2141483289","0.0732558"
"2141483289","184152125","0.0732558"
"184152125","2160022097","0.0732558"
"2160022097","184152125","0.0732558"
"184152125","2182341688","0.173256"
"2182341688","184152125","0.173256"
"184152125","2540441229","0.05"
"2540441229","184152125","0.05"
"1976850816","2006841241","0.05"
"2006841241","1976850816","0.05"
"1976850816","2026032080","0.0732558"
"2026032080","1976850816","0.0732558"
"1976850816","2043370600","0.464922"
"2043370600","1976850816","0.464922"
"1976850816","2044323096","0.0732558"
"2044323096","1976850816","0.0732558"
"1976850816","2051696762","0.0732558"
"2051696762","1976850816","0.0732558"
"1976850816","2087862381","0.506589"
"2087862381","1976850816","0.506589"
"1976850816","2101887502","0.0732558"
"2101887502","1976850816","0.0732558"
"1976850816","2105049532","0.0732558"
"2105049532","1976850816","0.0732558"
"1976850816","2126324650","0.0732558"
"2126324650","1976850816","0.0732558"
"1976850816","2141483289","0.0732558"
"2141483289","1976850816","0.0732558"
"1976850816","2160022097","3.71492"
"2160022097","1976850816","3.71492"
"1976850816","2182341688","0.0732558"
"2182341688","1976850816","0.0732558"
"1976850816","2540441229","0.216667"
"2540441229","1976850816","0.216667"
"2006841241","2026032080","0.05"
"2026032080","2006841241","0.05"
"2006841241","2043370600","0.05"
"2043370600","2006841241","0.05"
"2006841241","2044323096","0.05"
"2044323096","2006841241","0.05"
"2006841241","2051696762","0.05"
"2051696762","2006841241","0.05"
"2006841241","2087862381","0.05"
"2087862381","2006841241","0.05"
"2006841241","2101887502","0.05"
"2101887502","2006841241","0.05"
"2006841241","2105049532","3.46667"
"2105049532","2006841241","3.46667"
"2006841241","2110491615","0.05"
"2110491615","2006841241","0.05"
"2006841241","2126324650","0.966667"
"2126324650","2006841241","0.966667"
"2006841241","2134704494","0.05"
"2134704494","2006841241","0.05"
"2006841241","2141483289","0.05"
"2141483289","2006841241","0.05"
"2006841241","2160022097","0.05"
"2160022097","2006841241","0.05"
"2006841241","2182341688","6.96667"
"2182341688","2006841241","6.96667"
"2006841241","2540441229","0.05"
"2540441229","2006841241","0.05"
"2026032080","2043370600","0.150179"
"2043370600","2026032080","0.150179"
"2026032080","2044323096","0.216113"
"2044323096","2026032080","0.216113"
"2026032080","2051696762","0.0732558"
"2051696762","2026032080","0.0732558"
"2026032080","2087862381","0.0732558"
"2087862381","2026032080","0.0732558"
"2026032080","2101887502","0.0732558"
"2101887502","2026032080","0.0732558"
"2026032080","2105049532","6.45018"
"2105049532","2026032080","6.45018"
"2026032080","2110491615","0.0732558"
"2110491615","2026032080","0.0732558"
"2026032080","2126324650","0.899446"
"2126324650","2026032080","0.899446"
"2026032080","2134704494","0.173256"
"2134704494","2026032080","0.173256"
"2026032080","2141483289","0.406589"
"2141483289","2026032080","0.406589"
"2026032080","2160022097","0.0732558"
"2160022097","2026032080","0.0732558"
"2026032080","2182341688","4.11685"
"2182341688","2026032080","4.11685"
"2026032080","2540441229","0.05"
"2540441229","2026032080","0.05"
"2043370600","2044323096","0.323256"
"2044323096","2043370600","0.323256"
"2043370600","2051696762","0.273256"
"2051696762","2043370600","0.273256"
"2043370600","2087862381","1.40778"
"2087862381","2043370600","1.40778"
"2043370600","2101887502","0.323256"
"2101887502","2043370600","0.323256"
"2043370600","2105049532","0.150179"
"2105049532","2043370600","0.150179"
"2043370600","2110491615","0.623256"
"2110491615","2043370600","0.623256"
"2043370600","2126324650","0.0732558"
"2126324650","2043370600","0.0732558"
"2043370600","2134704494","0.464922"
"2134704494","2043370600","0.464922"
"2043370600","2141483289","0.0732558"
"2141483289","2043370600","0.0732558"
"2043370600","2160022097","0.298256"
"2160022097","2043370600","0.298256"
"2043370600","2182341688","0.150179"
"2182341688","2043370600","0.150179"
"2043370600","2540441229","0.05"
"2540441229","2043370600","0.05"
"2044323096","2051696762","0.899446"
"2051696762","2044323096","0.899446"
"2044323096","2087862381","0.0732558"
"2087862381","2044323096","0.0732558"
"2044323096","2101887502","3.32326"
"2101887502","2044323096","3.32326"
"2044323096","2105049532","2.07326"
"2105049532","2044323096","2.07326"
"2044323096","2110491615","0.0732558"
"2110491615","2044323096","0.0732558"
"2044323096","2126324650","0.899446"
"2126324650","2044323096","0.899446"
"2044323096","2134704494","0.0732558"
"2134704494","2044323096","0.0732558"
"2044323096","2141483289","0.323256"
"2141483289","2044323096","0.323256"
"2044323096","2160022097","0.0732558"
"2160022097","2044323096","0.0732558"
"2044323096","2182341688","0.198256"
"2182341688","2044323096","0.198256"
"2044323096","2540441229","0.05"
"2540441229","2044323096","0.05"
"2051696762","2087862381","0.0732558"
"2087862381","2051696762","0.0732558"
"2051696762","2101887502","0.0732558"
"2101887502","2051696762","0.0732558"
"2051696762","2105049532","0.0732558"
"2105049532","2051696762","0.0732558"
"2051696762","2110491615","1.27326"
"2110491615","2051696762","1.27326"
"2051696762","2126324650","0.899446"
"2126324650","2051696762","0.899446"
"2051696762","2134704494","0.0732558"
"2134704494","2051696762","0.0732558"
"2051696762","2141483289","0.656589"
"2141483289","2051696762","0.656589"
"2051696762","2160022097","0.0732558"
"2160022097","2051696762","0.0732558"
"2051696762","2182341688","2.40659"
"2182341688","2051696762","2.40659"
"2051696762","2540441229","0.05"
"2540441229","2051696762","0.05"
"2087862381","2101887502","0.0732558"
"2101887502","2087862381","0.0732558"
"2087862381","2105049532","0.0732558"
"2105049532","2087862381","0.0732558"
"2087862381","2110491615","0.173256"
"2110491615","2087862381","0.173256"
"2087862381","2126324650","0.0732558"
"2126324650","2087862381","0.0732558"
"2087862381","2134704494","0.649446"
"2134704494","2087862381","0.649446"
"2087862381","2141483289","0.0732558"
"2141483289","2087862381","0.0732558"
"2087862381","2160022097","0.173256"
"2160022097","2087862381","0.173256"
"2087862381","2182341688","0.0732558"
"2182341688","2087862381","0.0732558"
"2087862381","2540441229","0.05"
"2540441229","2087862381","0.05"
"2101887502","2105049532","0.0732558"
"2105049532","2101887502","0.0732558"
"2101887502","2110491615","0.0732558"
"2110491615","2101887502","0.0732558"
"2101887502","2126324650","0.0732558"
"2126324650","2101887502","0.0732558"
"2101887502","2134704494","0.0732558"
"2134704494","2101887502","0.0732558"
"2101887502","2141483289","0.0732558"
"2141483289","2101887502","0.0732558"
"2101887502","2160022097","0.0732558"
"2160022097","2101887502","0.0732558"
"2101887502","2182341688","0.0732558"
"2182341688","2101887502","0.0732558"
"2101887502","2540441229","0.05"
"2540441229","2101887502","0.05"
"2105049532","2110491615","0.0732558"
"2110491615","2105049532","0.0732558"
"2105049532","2126324650","1.53437"
"2126324650","2105049532","1.53437"
"2105049532","2134704494","0.673256"
"2134704494","2105049532","0.673256"
"2105049532","2141483289","0.0732558"
"2141483289","2105049532","0.0732558"
"2105049532","2160022097","0.573256"
"2160022097","2105049532","0.573256"
"2105049532","2182341688","6.56129"
"2182341688","2105049532","6.56129"
"2105049532","2540441229","0.05"
"2540441229","2105049532","0.05"
"2110491615","2126324650","0.0732558"
"2126324650","2110491615","0.0732558"
"2110491615","2141483289","0.573256"
"2141483289","2110491615","0.573256"
"2110491615","2160022097","0.173256"
"2160022097","2110491615","0.173256"
"2110491615","2182341688","0.0732558"
"2182341688","2110491615","0.0732558"
"2110491615","2540441229","0.05"
"2540441229","2110491615","0.05"
"2126324650","2134704494","0.173256"
"2134704494","2126324650","0.173256"
"2126324650","2141483289","0.323256"
"2141483289","2126324650","0.323256"
"2126324650","2160022097","0.0732558"
"2160022097","2126324650","0.0732558"
"2126324650","2182341688","5.0177"
"2182341688","2126324650","5.0177"
"2126324650","2540441229","0.05"
"2540441229","2126324650","0.05"
"2134704494","2141483289","0.0732558"
"2141483289","2134704494","0.0732558"
"2134704494","2160022097","4.04826"
"2160022097","2134704494","4.04826"
"2134704494","2182341688","0.173256"
"2182341688","2134704494","0.173256"
"2134704494","2540441229","0.05"
"2540441229","2134704494","0.05"
"2141483289","2160022097","0.0732558"
"2160022097","2141483289","0.0732558"
"2141483289","2182341688","0.0732558"
"2182341688","2141483289","0.0732558"
"2141483289","2540441229","0.05"
"2540441229","2141483289","0.05"
"2160022097","2182341688","0.0732558"
"2182341688","2160022097","0.0732558"
"2160022097","2540441229","0.216667"
"2540441229","2160022097","0.216667"
"2182341688","2540441229","0.05"
"2540441229","2182341688","0.05"
"112932527","1556434524","0.648256"
"1556434524","112932527","0.648256"
"112932527","2080318481","0.148256"
"2080318481","112932527","0.148256"
"1556434524","1556675850","0.398256"
"1556675850","1556434524","0.398256"
"1556434524","1567109864","0.473256"
"1567109864","1556434524","0.473256"
"1556434524","1976850816","0.831589"
"1976850816","1556434524","0.831589"
"1556434524","2043370600","0.639922"
"2043370600","1556434524","0.639922"
"1556434524","2080318481","2.81492"
"2080318481","1556434524","2.81492"
"1556434524","2134704494","0.831589"
"2134704494","1556434524","0.831589"
"1556434524","2160022097","0.498256"
"2160022097","1556434524","0.498256"
"1556675850","2080318481","0.148256"
"2080318481","1556675850","0.148256"
"1567109864","2080318481","0.541113"
"2080318481","1567109864","0.541113"
"1976850816","2080318481","0.314922"
"2080318481","1976850816","0.314922"
"2043370600","2080318481","0.70778"
"2080318481","2043370600","0.70778"
"2080318481","2134704494","0.314922"
"2134704494","2080318481","0.314922"
"2080318481","2160022097","0.148256"
"2160022097","2080318481","0.148256"
"1532303448","1556434524","0.664922"
"1556434524","1532303448","0.664922"
"1556434524","2110491615","0.373256"
"2110491615","1556434524","0.373256"
"112932527","1606971372","0.166113"
"1606971372","112932527","0.166113"
"112932527","2059245432","0.166113"
"2059245432","112932527","0.166113"
"112932527","2145381401","0.166113"
"2145381401","112932527","0.166113"
"1567109864","1606971372","0.166113"
"1606971372","1567109864","0.166113"
"1567109864","2059245432","0.166113"
"2059245432","1567109864","0.166113"
"1567109864","2131213953","0.916113"
"2131213953","1567109864","0.916113"
"1567109864","2145381401","0.166113"
"2145381401","1567109864","0.166113"
"1606971372","2026032080","3.53278"
"2026032080","1606971372","3.53278"
"1606971372","2059245432","0.166113"
"2059245432","1606971372","0.166113"
"1606971372","2126324650","0.416113"
"2126324650","1606971372","0.416113"
"1606971372","2131213953","4.06611"
"2131213953","1606971372","4.06611"
"1606971372","2145381401","0.166113"
"2145381401","1606971372","0.166113"
"2026032080","2059245432","0.166113"
"2059245432","2026032080","0.166113"
"2026032080","2131213953","2.36611"
"2131213953","2026032080","2.36611"
"2026032080","2145381401","0.166113"
"2145381401","2026032080","0.166113"
"2059245432","2126324650","0.277224"
"2126324650","2059245432","0.277224"
"2059245432","2131213953","0.166113"
"2131213953","2059245432","0.166113"
"2059245432","2145381401","9.27722"
"2145381401","2059245432","9.27722"
"2126324650","2131213953","0.416113"
"2131213953","2126324650","0.416113"
"2126324650","2145381401","0.277224"
"2145381401","2126324650","0.277224"
"2131213953","2145381401","0.166113"
"2145381401","2131213953","0.166113"
"112932527","2095716224","0.5"
"2095716224","112932527","0.5"
"2095716224","2110491615","0.5"
"2110491615","2095716224","0.5"
"112932527","1731510585","0.0232558"
"1731510585","112932527","0.0232558"
"112932527","1965830067","0.0232558"
"1965830067","112932527","0.0232558"
"112932527","1993037430","0.0232558"
"1993037430","112932527","0.0232558"
"112932527","2008592810","0.0232558"
"2008592810","112932527","0.0232558"
"112932527","2014540924","0.0232558"
"2014540924","112932527","0.0232558"
"112932527","2026631461","0.0232558"
"2026631461","112932527","0.0232558"
"112932527","2033039007","0.0232558"
"2033039007","112932527","0.0232558"
"112932527","2046057010","0.0232558"
"2046057010","112932527","0.0232558"
"112932527","2047986826","0.0232558"
"2047986826","112932527","0.0232558"
"112932527","2053843411","0.0232558"
"2053843411","112932527","0.0232558"
"112932527","2112974177","0.0232558"
"2112974177","112932527","0.0232558"
"112932527","2120878483","0.0232558"
"2120878483","112932527","0.0232558"
"112932527","2131076826","0.0232558"
"2131076826","112932527","0.0232558"
"112932527","2163123448","0.0232558"
"2163123448","112932527","0.0232558"
"112932527","2792344634","0.0232558"
"2792344634","112932527","0.0232558"
"112932527","2947965270","0.0232558"
"2947965270","112932527","0.0232558"
"1532303448","1561104275","0.0232558"
"1561104275","1532303448","0.0232558"
"1532303448","1567109864","1.1173"
"1567109864","1532303448","1.1173"
"1532303448","1606971372","0.0232558"
"1606971372","1532303448","0.0232558"
"1532303448","1731510585","0.123256"
"1731510585","1532303448","0.123256"
"1532303448","1965830067","0.78397"
"1965830067","1532303448","0.78397"
"1532303448","1993037430","0.0232558"
"1993037430","1532303448","0.0232558"
"1532303448","2008592810","0.0232558"
"2008592810","1532303448","0.0232558"
"1532303448","2014540924","0.123256"
"2014540924","1532303448","0.123256"
"1532303448","2021079739","0.123256"
"2021079739","1532303448","0.123256"
"1532303448","2026032080","0.0232558"
"2026032080","1532303448","0.0232558"
"1532303448","2026631461","0.0232558"
"2026631461","1532303448","0.0232558"
"1532303448","2033039007","0.0232558"
"2033039007","1532303448","0.0232558"
"1532303448","2040023747","0.323256"
"2040023747","1532303448","0.323256"
"1532303448","2043370600","0.924446"
"2043370600","1532303448","0.924446"
"1532303448","2044323096","0.266113"
"2044323096","1532303448","0.266113"
"1532303448","2046057010","0.0232558"
"2046057010","1532303448","0.0232558"
"1532303448","2047986826","0.391113"
"2047986826","1532303448","0.391113"
"1532303448","2051696762","1.46611"
"2051696762","1532303448","1.46611"
"1532303448","2053843411","0.799446"
"2053843411","1532303448","0.799446"
"1532303448","2059245432","0.0232558"
"2059245432","1532303448","0.0232558"
"1532303448","2080318481","0.166113"
"2080318481","1532303448","0.166113"
"1532303448","2087862381","0.950637"
"2087862381","1532303448","0.950637"
"1532303448","2101887502","0.0232558"
"2101887502","1532303448","0.0232558"
"1532303448","2105049532","0.0232558"
"2105049532","1532303448","0.0232558"
"1532303448","2112974177","0.391113"
"2112974177","1532303448","0.391113"
"1532303448","2120878483","0.700637"
"2120878483","1532303448","0.700637"
"1532303448","2126324650","0.266113"
"2126324650","1532303448","0.266113"
"1532303448","2131076826","0.0232558"
"2131076826","1532303448","0.0232558"
"1532303448","2131213953","0.273256"
"2131213953","1532303448","0.273256"
"1532303448","2141483289","0.0232558"
"2141483289","1532303448","0.0232558"
"1532303448","2145381401","0.0232558"
"2145381401","1532303448","0.0232558"
"1532303448","2160022097","0.0232558"
"2160022097","1532303448","0.0232558"
"1532303448","2163123448","0.266113"
"2163123448","1532303448","0.266113"
"1532303448","2182341688","0.0232558"
"2182341688","1532303448","0.0232558"
"1532303448","2792344634","0.0232558"
"2792344634","1532303448","0.0232558"
"1532303448","2947965270","0.0232558"
"2947965270","1532303448","0.0232558"
"1556434524","1561104275","0.0232558"
"1561104275","1556434524","0.0232558"
"1556434524","1606971372","0.523256"
"1606971372","1556434524","0.523256"
"1556434524","1731510585","0.123256"
"1731510585","1556434524","0.123256"
"1556434524","184152125","0.189922"
"184152125","1556434524","0.189922"
"1556434524","1965830067","0.348256"
"1965830067","1556434524","0.348256"
"1556434524","1993037430","0.0232558"
"1993037430","1556434524","0.0232558"
"1556434524","2008592810","0.0232558"
"2008592810","1556434524","0.0232558"
"1556434524","2014540924","0.0232558"
"2014540924","1556434524","0.0232558"
"1556434524","2021079739","0.0232558"
"2021079739","1556434524","0.0232558"
"1556434524","2026032080","0.0232558"
"2026032080","1556434524","0.0232558"
"1556434524","2026631461","0.0232558"
"2026631461","1556434524","0.0232558"
"1556434524","2033039007","0.0232558"
"2033039007","1556434524","0.0232558"
"1556434524","2040023747","0.189922"
"2040023747","1556434524","0.189922"
"1556434524","2044323096","0.0232558"
"2044323096","1556434524","0.0232558"
"1556434524","2046057010","0.0232558"
"2046057010","1556434524","0.0232558"
"1556434524","2047986826","0.248256"
"2047986826","1556434524","0.248256"
"1556434524","2051696762","0.0232558"
"2051696762","1556434524","0.0232558"
"1556434524","2053843411","0.223256"
"2053843411","1556434524","0.223256"
"1556434524","2059245432","0.0232558"
"2059245432","1556434524","0.0232558"
"1556434524","2087862381","0.681589"
"2087862381","1556434524","0.681589"
"1556434524","2101887502","0.0232558"
"2101887502","1556434524","0.0232558"
"1556434524","2105049532","0.0232558"
"2105049532","1556434524","0.0232558"
"1556434524","2112974177","0.248256"
"2112974177","1556434524","0.248256"
"1556434524","2120878483","0.414922"
"2120878483","1556434524","0.414922"
"1556434524","2126324650","0.0232558"
"2126324650","1556434524","0.0232558"
"1556434524","2131076826","0.0232558"
"2131076826","1556434524","0.0232558"
"1556434524","2131213953","0.0232558"
"2131213953","1556434524","0.0232558"
"1556434524","2141483289","0.0232558"
"2141483289","1556434524","0.0232558"
"1556434524","2145381401","0.0232558"
"2145381401","1556434524","0.0232558"
"1556434524","2163123448","0.123256"
"2163123448","1556434524","0.123256"
"1556434524","2182341688","0.0232558"
"2182341688","1556434524","0.0232558"
"1556434524","2792344634","0.0232558"
"2792344634","1556434524","0.0232558"
"1556434524","2947965270","0.0232558"
"2947965270","1556434524","0.0232558"
"1556675850","1606971372","0.0232558"
"1606971372","1556675850","0.0232558"
"1556675850","1731510585","0.0232558"
"1731510585","1556675850","0.0232558"
"1556675850","1965830067","0.0232558"
"1965830067","1556675850","0.0232558"
"1556675850","1993037430","0.0232558"
"1993037430","1556675850","0.0232558"
"1556675850","2008592810","0.0232558"
"2008592810","1556675850","0.0232558"
"1556675850","2014540924","0.0232558"
"2014540924","1556675850","0.0232558"
"1556675850","2026631461","0.0232558"
"2026631461","1556675850","0.0232558"
"1556675850","2033039007","0.0232558"
"2033039007","1556675850","0.0232558"
"1556675850","2046057010","0.0232558"
"2046057010","1556675850","0.0232558"
"1556675850","2047986826","0.0232558"
"2047986826","1556675850","0.0232558"
"1556675850","2053843411","0.0232558"
"2053843411","1556675850","0.0232558"
"1556675850","2059245432","0.0232558"
"2059245432","1556675850","0.0232558"
"1556675850","2112974177","0.0232558"
"2112974177","1556675850","0.0232558"
"1556675850","2120878483","0.0232558"
"2120878483","1556675850","0.0232558"
"1556675850","2131076826","0.0232558"
"2131076826","1556675850","0.0232558"
"1556675850","2145381401","0.0232558"
"2145381401","1556675850","0.0232558"
"1556675850","2163123448","0.0232558"
"2163123448","1556675850","0.0232558"
"1556675850","2792344634","0.0232558"
"2792344634","1556675850","0.0232558"
"1556675850","2947965270","0.0232558"
"2947965270","1556675850","0.0232558"
"1561104275","1606971372","0.273256"
"1606971372","1561104275","0.273256"
"1561104275","1731510585","0.123256"
"1731510585","1561104275","0.123256"
"1561104275","1965830067","0.123256"
"1965830067","1561104275","0.123256"
"1561104275","1993037430","0.0232558"
"1993037430","1561104275","0.0232558"
"1561104275","2008592810","0.0232558"
"2008592810","1561104275","0.0232558"
"1561104275","2014540924","0.123256"
"2014540924","1561104275","0.123256"
"1561104275","2021079739","0.0232558"
"2021079739","1561104275","0.0232558"
"1561104275","2026631461","0.273256"
"2026631461","1561104275","0.273256"
"1561104275","2033039007","0.0232558"
"2033039007","1561104275","0.0232558"
"1561104275","2040023747","0.0232558"
"2040023747","1561104275","0.0232558"
"1561104275","2046057010","0.0232558"
"2046057010","1561104275","0.0232558"
"1561104275","2047986826","0.0232558"
"2047986826","1561104275","0.0232558"
"1561104275","2053843411","0.0232558"
"2053843411","1561104275","0.0232558"
"1561104275","2059245432","0.134367"
"2059245432","1561104275","0.134367"
"1561104275","2080318481","0.0232558"
"2080318481","1561104275","0.0232558"
"1561104275","2112974177","0.0232558"
"2112974177","1561104275","0.0232558"
"1561104275","2120878483","0.0232558"
"2120878483","1561104275","0.0232558"
"1561104275","2131076826","0.0232558"
"2131076826","1561104275","0.0232558"
"1561104275","2131213953","0.273256"
"2131213953","1561104275","0.273256"
"1561104275","2145381401","0.134367"
"2145381401","1561104275","0.134367"
"1561104275","2163123448","0.123256"
"2163123448","1561104275","0.123256"
"1561104275","2792344634","0.0232558"
"2792344634","1561104275","0.0232558"
"1561104275","2947965270","0.0232558"
"2947965270","1561104275","0.0232558"
"1567109864","1731510585","0.123256"
"1731510585","1567109864","0.123256"
"1567109864","1965830067","0.741113"
"1965830067","1567109864","0.741113"
"1567109864","1993037430","0.0232558"
"1993037430","1567109864","0.0232558"
"1567109864","2008592810","0.0232558"
"2008592810","1567109864","0.0232558"
"1567109864","2014540924","0.0232558"
"2014540924","1567109864","0.0232558"
"1567109864","2021079739","0.523256"
"2021079739","1567109864","0.523256"
"1567109864","2026631461","0.0232558"
"2026631461","1567109864","0.0232558"
"1567109864","2033039007","0.0232558"
"2033039007","1567109864","0.0232558"
"1567109864","2040023747","0.273256"
"2040023747","1567109864","0.273256"
"1567109864","2046057010","0.0232558"
"2046057010","1567109864","0.0232558"
"1567109864","2047986826","0.248256"
"2047986826","1567109864","0.248256"
"1567109864","2053843411","0.949446"
"2053843411","1567109864","0.949446"
"1567109864","2112974177","0.248256"
"2112974177","1567109864","0.248256"
"1567109864","2120878483","0.391113"
"2120878483","1567109864","0.391113"
"1567109864","2131076826","0.0232558"
"2131076826","1567109864","0.0232558"
"1567109864","2163123448","0.123256"
"2163123448","1567109864","0.123256"
"1567109864","2792344634","0.0232558"
"2792344634","1567109864","0.0232558"
"1567109864","2947965270","0.0232558"
"2947965270","1567109864","0.0232558"
"1606971372","1731510585","0.0232558"
"1731510585","1606971372","0.0232558"
"1606971372","184152125","0.0232558"
"184152125","1606971372","0.0232558"
"1606971372","1965830067","2.22326"
"1965830067","1606971372","2.22326"
"1606971372","1976850816","0.0232558"
"1976850816","1606971372","0.0232558"
"1606971372","1993037430","0.0232558"
"1993037430","1606971372","0.0232558"
"1606971372","2008592810","0.0232558"
"2008592810","1606971372","0.0232558"
"1606971372","2014540924","0.0232558"
"2014540924","1606971372","0.0232558"
"1606971372","2021079739","0.523256"
"2021079739","1606971372","0.523256"
"1606971372","2026631461","0.0232558"
"2026631461","1606971372","0.0232558"
"1606971372","2033039007","0.0232558"
"2033039007","1606971372","0.0232558"
"1606971372","2040023747","0.723256"
"2040023747","1606971372","0.723256"
"1606971372","2043370600","0.0232558"
"2043370600","1606971372","0.0232558"
"1606971372","2044323096","0.0232558"
"2044323096","1606971372","0.0232558"
"1606971372","2046057010","0.0232558"
"2046057010","1606971372","0.0232558"
"1606971372","2047986826","0.0232558"
"2047986826","1606971372","0.0232558"
"1606971372","2051696762","0.356589"
"2051696762","1606971372","0.356589"
"1606971372","2053843411","0.0232558"
"2053843411","1606971372","0.0232558"
"1606971372","2080318481","0.689922"
"2080318481","1606971372","0.689922"
"1606971372","2087862381","0.0232558"
"2087862381","1606971372","0.0232558"
"1606971372","2101887502","0.0232558"
"2101887502","1606971372","0.0232558"
"1606971372","2105049532","1.30659"
"2105049532","1606971372","1.30659"
"1606971372","2110491615","0.0232558"
"2110491615","1606971372","0.0232558"
"1606971372","2112974177","1.92326"
"2112974177","1606971372","1.92326"
"1606971372","2120878483","0.0232558"
"2120878483","1606971372","0.0232558"
"1606971372","2131076826","0.0232558"
"2131076826","1606971372","0.0232558"
"1606971372","2134704494","0.0232558"
"2134704494","1606971372","0.0232558"
"1606971372","2141483289","0.223256"
"2141483289","1606971372","0.223256"
"1606971372","2160022097","0.0232558"
"2160022097","1606971372","0.0232558"
"1606971372","2163123448","0.0232558"
"2163123448","1606971372","0.0232558"
"1606971372","2182341688","1.63992"
"2182341688","1606971372","1.63992"
"1606971372","2792344634","0.0232558"
"2792344634","1606971372","0.0232558"
"1606971372","2947965270","0.0232558"
"2947965270","1606971372","0.0232558"
"1731510585","184152125","0.123256"
"184152125","1731510585","0.123256"
"1731510585","1965830067","0.223256"
"1965830067","1731510585","0.223256"
"1731510585","1976850816","0.123256"
"1976850816","1731510585","0.123256"
"1731510585","1993037430","0.0232558"
"1993037430","1731510585","0.0232558"
"1731510585","2008592810","0.0232558"
"2008592810","1731510585","0.0232558"
"1731510585","2014540924","3.72326"
"2014540924","1731510585","3.72326"
"1731510585","2021079739","0.123256"
"2021079739","1731510585","0.123256"
"1731510585","2026032080","0.123256"
"2026032080","1731510585","0.123256"
"1731510585","2026631461","0.0232558"
"2026631461","1731510585","0.0232558"
"1731510585","2033039007","0.0232558"
"2033039007","1731510585","0.0232558"
"1731510585","2040023747","0.123256"
"2040023747","1731510585","0.123256"
"1731510585","2043370600","0.123256"
"2043370600","1731510585","0.123256"
"1731510585","2044323096","0.456589"
"2044323096","1731510585","0.456589"
"1731510585","2046057010","0.0232558"
"2046057010","1731510585","0.0232558"
"1731510585","2047986826","0.0232558"
"2047986826","1731510585","0.0232558"
"1731510585","2051696762","0.456589"
"2051696762","1731510585","0.456589"
"1731510585","2053843411","0.123256"
"2053843411","1731510585","0.123256"
"1731510585","2059245432","0.0232558"
"2059245432","1731510585","0.0232558"
"1731510585","2080318481","0.0232558"
"2080318481","1731510585","0.0232558"
"1731510585","2087862381","0.123256"
"2087862381","1731510585","0.123256"
"1731510585","2101887502","0.0232558"
"2101887502","1731510585","0.0232558"
"1731510585","2105049532","0.123256"
"2105049532","1731510585","0.123256"
"1731510585","2110491615","0.123256"
"2110491615","1731510585","0.123256"
"1731510585","2112974177","0.0232558"
"2112974177","1731510585","0.0232558"
"1731510585","2120878483","0.0232558"
"2120878483","1731510585","0.0232558"
"1731510585","2126324650","0.556589"
"2126324650","1731510585","0.556589"
"1731510585","2131076826","0.0232558"
"2131076826","1731510585","0.0232558"
"1731510585","2131213953","0.0232558"
"2131213953","1731510585","0.0232558"
"1731510585","2134704494","0.223256"
"2134704494","1731510585","0.223256"
"1731510585","2141483289","0.0232558"
"2141483289","1731510585","0.0232558"
"1731510585","2145381401","0.0232558"
"2145381401","1731510585","0.0232558"
"1731510585","2160022097","0.123256"
"2160022097","1731510585","0.123256"
"1731510585","2163123448","0.123256"
"2163123448","1731510585","0.123256"
"1731510585","2182341688","1.12326"
"2182341688","1731510585","1.12326"
"1731510585","2792344634","0.0232558"
"2792344634","1731510585","0.0232558"
"1731510585","2947965270","0.0232558"
"2947965270","1731510585","0.0232558"
"184152125","1965830067","0.123256"
"1965830067","184152125","0.123256"
"184152125","1993037430","0.0232558"
"1993037430","184152125","0.0232558"
"184152125","2008592810","0.0232558"
"2008592810","184152125","0.0232558"
"184152125","2014540924","0.123256"
"2014540924","184152125","0.123256"
"184152125","2021079739","0.166113"
"2021079739","184152125","0.166113"
"184152125","2026631461","0.423256"
"2026631461","184152125","0.423256"
"184152125","2033039007","0.166113"
"2033039007","184152125","0.166113"
"184152125","2040023747","0.0232558"
"2040023747","184152125","0.0232558"
"184152125","2046057010","0.0232558"
"2046057010","184152125","0.0232558"
"184152125","2047986826","0.0232558"
"2047986826","184152125","0.0232558"
"184152125","2053843411","1.17326"
"2053843411","184152125","1.17326"
"184152125","2059245432","0.0232558"
"2059245432","184152125","0.0232558"
"184152125","2080318481","0.0232558"
"2080318481","184152125","0.0232558"
"184152125","2112974177","0.0232558"
"2112974177","184152125","0.0232558"
"184152125","2120878483","0.639922"
"2120878483","184152125","0.639922"
"184152125","2131076826","0.0232558"
"2131076826","184152125","0.0232558"
"184152125","2131213953","0.0232558"
"2131213953","184152125","0.0232558"
"184152125","2145381401","0.0232558"
"2145381401","184152125","0.0232558"
"184152125","2163123448","0.123256"
"2163123448","184152125","0.123256"
"184152125","2792344634","1.02326"
"2792344634","184152125","1.02326"
"184152125","2947965270","0.0232558"
"2947965270","184152125","0.0232558"
"1965830067","1976850816","0.123256"
"1976850816","1965830067","0.123256"
"1965830067","1993037430","0.0232558"
"1993037430","1965830067","0.0232558"
"1965830067","2008592810","0.0232558"
"2008592810","1965830067","0.0232558"
"1965830067","2014540924","0.123256"
"2014540924","1965830067","0.123256"
"1965830067","2021079739","0.189922"
"2021079739","1965830067","0.189922"
"1965830067","2026032080","0.123256"
"2026032080","1965830067","0.123256"
"1965830067","2026631461","0.0232558"
"2026631461","1965830067","0.0232558"
"1965830067","2033039007","0.0232558"
"2033039007","1965830067","0.0232558"
"1965830067","2040023747","0.723256"
"2040023747","1965830067","0.723256"
"1965830067","2043370600","1.74111"
"2043370600","1965830067","1.74111"
"1965830067","2044323096","0.0232558"
"2044323096","1965830067","0.0232558"
"1965830067","2046057010","0.0232558"
"2046057010","1965830067","0.0232558"
"1965830067","2047986826","0.391113"
"2047986826","1965830067","0.391113"
"1965830067","2051696762","0.0232558"
"2051696762","1965830067","0.0232558"
"1965830067","2053843411","1.61611"
"2053843411","1965830067","1.61611"
"1965830067","2059245432","0.0232558"
"2059245432","1965830067","0.0232558"
"1965830067","2080318481","0.666113"
"2080318481","1965830067","0.666113"
"1965830067","2087862381","1.13397"
"2087862381","1965830067","1.13397"
"1965830067","2101887502","0.0232558"
"2101887502","1965830067","0.0232558"
"1965830067","2105049532","0.123256"
"2105049532","1965830067","0.123256"
"1965830067","2110491615","0.123256"
"2110491615","1965830067","0.123256"
"1965830067","2112974177","1.67445"
"2112974177","1965830067","1.67445"
"1965830067","2120878483","0.53397"
"2120878483","1965830067","0.53397"
"1965830067","2126324650","0.123256"
"2126324650","1965830067","0.123256"
"1965830067","2131076826","0.0232558"
"2131076826","1965830067","0.0232558"
"1965830067","2131213953","1.47326"
"2131213953","1965830067","1.47326"
"1965830067","2134704494","0.366113"
"2134704494","1965830067","0.366113"
"1965830067","2141483289","0.223256"
"2141483289","1965830067","0.223256"
"1965830067","2145381401","2.02326"
"2145381401","1965830067","2.02326"
"1965830067","2160022097","0.123256"
"2160022097","1965830067","0.123256"
"1965830067","2163123448","0.366113"
"2163123448","1965830067","0.366113"
"1965830067","2182341688","0.123256"
"2182341688","1965830067","0.123256"
