"1483290420","28380714","27"
"28380714","1483290420","27"
"1483290420","2927855747","1"
"2927855747","1483290420","1"
"1483290420","1585474545","0.2"
"1585474545","1483290420","0.2"
"1483290420","2068136832","0.2"
"2068136832","1483290420","0.2"
"1483290420","2129359810","0.2"
"2129359810","1483290420","0.2"
"1483290420","2146907493","0.2"
"2146907493","1483290420","0.2"
"1483290420","2167595647","0.7"
"2167595647","1483290420","0.7"
"1585474545","2068136832","1.58258"
"2068136832","1585474545","1.58258"
"1585474545","2129359810","2.1421"
"2129359810","1585474545","2.1421"
"1585474545","2146907493","1.78258"
"2146907493","1585474545","1.78258"
"1585474545","2167595647","1.22543"
"2167595647","1585474545","1.22543"
"2068136832","2129359810","9.34968"
"2129359810","2068136832","9.34968"
"2068136832","2146907493","4.18301"
"2146907493","2068136832","4.18301"
"2068136832","2167595647","1.51634"
"2167595647","2068136832","1.51634"
"2129359810","2146907493","3.63301"
"2146907493","2129359810","3.63301"
"2129359810","2167595647","1.82587"
"2167595647","2129359810","1.82587"
"2146907493","2167595647","1.96634"
"2167595647","2146907493","1.96634"
"1483290420","2165549155","0.5"
"2165549155","1483290420","0.5"
"2165549155","2167595647","0.733766"
"2167595647","2165549155","0.733766"
"1546831026","2068136832","2.62424"
"2068136832","1546831026","2.62424"
"1546831026","2109675772","2.42424"
"2109675772","1546831026","2.42424"
"1546831026","2129359810","1.12424"
"2129359810","1546831026","1.12424"
"2068136832","2109675772","4.10043"
"2109675772","2068136832","4.10043"
"2109675772","2129359810","2.40043"
"2129359810","2109675772","2.40043"
"1546831026","1593454879","0.290909"
"1593454879","1546831026","0.290909"
"1546831026","2102788240","0.0909091"
"2102788240","1546831026","0.0909091"
"1546831026","2146907493","0.290909"
"2146907493","1546831026","0.290909"
"1546831026","2149674197","0.0909091"
"2149674197","1546831026","0.0909091"
"1546831026","2165549155","0.0909091"
"2165549155","1546831026","0.0909091"
"1546831026","2167595647","0.290909"
"2167595647","1546831026","0.290909"
"1546831026","272348321","0.0909091"
"272348321","1546831026","0.0909091"
"1546831026","2956141764","0.0909091"
"2956141764","1546831026","0.0909091"
"1593454879","2068136832","1.31634"
"2068136832","1593454879","1.31634"
"1593454879","2102788240","1.12468"
"2102788240","1593454879","1.12468"
"1593454879","2109675772","0.233766"
"2109675772","1593454879","0.233766"
"1593454879","2129359810","1.87587"
"2129359810","1593454879","1.87587"
"1593454879","2146907493","1.76634"
"2146907493","1593454879","1.76634"
"1593454879","2149674197","1.85682"
"2149674197","1593454879","1.85682"
"1593454879","2165549155","0.233766"
"2165549155","1593454879","0.233766"
"1593454879","2167595647","17.8592"
"2167595647","1593454879","17.8592"
"1593454879","272348321","0.631818"
"272348321","1593454879","0.631818"
"1593454879","2956141764","0.631818"
"2956141764","1593454879","0.631818"
"2068136832","2102788240","2.61515"
"2102788240","2068136832","2.61515"
"2068136832","2149674197","0.606818"
"2149674197","2068136832","0.606818"
"2068136832","2165549155","0.590909"
"2165549155","2068136832","0.590909"
"2068136832","272348321","0.681818"
"272348321","2068136832","0.681818"
"2068136832","2956141764","0.181818"
"2956141764","2068136832","0.181818"
"2102788240","2109675772","3.75758"
"2109675772","2102788240","3.75758"
"2102788240","2129359810","2.54134"
"2129359810","2102788240","2.54134"
"2102788240","2146907493","0.731818"
"2146907493","2102788240","0.731818"
"2102788240","2149674197","0.281818"
"2149674197","2102788240","0.281818"
"2102788240","2165549155","0.5671"
"2165549155","2102788240","0.5671"
"2102788240","2167595647","1.12468"
"2167595647","2102788240","1.12468"
"2102788240","272348321","0.381818"
"272348321","2102788240","0.381818"
"2102788240","2956141764","0.381818"
"2956141764","2102788240","0.381818"
"2109675772","2146907493","0.233766"
"2146907493","2109675772","0.233766"
"2109675772","2149674197","0.290909"
"2149674197","2109675772","0.290909"
"2109675772","2165549155","0.0909091"
"2165549155","2109675772","0.0909091"
"2109675772","2167595647","0.233766"
"2167595647","2109675772","0.233766"
"2109675772","272348321","0.0909091"
"272348321","2109675772","0.0909091"
"2109675772","2956141764","0.0909091"
"2956141764","2109675772","0.0909091"
"2129359810","2149674197","1.07348"
"2149674197","2129359810","1.07348"
"2129359810","2165549155","1.0671"
"2165549155","2129359810","1.0671"
"2129359810","272348321","0.181818"
"272348321","2129359810","0.181818"
"2129359810","2956141764","0.181818"
"2956141764","2129359810","0.181818"
"2146907493","2149674197","3.35682"
"2149674197","2146907493","3.35682"
"2146907493","2165549155","0.590909"
"2165549155","2146907493","0.590909"
"2146907493","272348321","0.181818"
"272348321","2146907493","0.181818"
"2146907493","2956141764","0.181818"
"2956141764","2146907493","0.181818"
"2149674197","2165549155","0.0909091"
"2165549155","2149674197","0.0909091"
"2149674197","2167595647","1.85682"
"2167595647","2149674197","1.85682"
"2149674197","272348321","0.431818"
"272348321","2149674197","0.431818"
"2149674197","2956141764","0.431818"
"2956141764","2149674197","0.431818"
"2165549155","272348321","1.17424"
"272348321","2165549155","1.17424"
"2165549155","2956141764","0.674242"
"2956141764","2165549155","0.674242"
"2167595647","272348321","0.631818"
"272348321","2167595647","0.631818"
"2167595647","2956141764","0.631818"
"2956141764","2167595647","0.631818"
"272348321","2956141764","32.2985"
"2956141764","272348321","32.2985"
"1546831026","1807462631","0.25"
"1807462631","1546831026","0.25"
"1807462631","2068136832","0.841667"
"2068136832","1807462631","0.841667"
"1807462631","2109675772","1.78333"
"2109675772","1807462631","1.78333"
"1807462631","2129359810","1.40119"
"2129359810","1807462631","1.40119"
"1546831026","2047323326","1"
"2047323326","1546831026","1"
"1546831026","2927855747","0.25"
"2927855747","1546831026","0.25"
"2068136832","2927855747","0.25"
"2927855747","2068136832","0.25"
"2109675772","2927855747","0.25"
"2927855747","2109675772","0.25"
"2129359810","2927855747","0.25"
"2927855747","2129359810","0.25"
"1585474545","1807462631","3.96786"
"1807462631","1585474545","3.96786"
"1585474545","2047323326","3.27543"
"2047323326","1585474545","3.27543"
"1585474545","2109675772","0.533333"
"2109675772","1585474545","0.533333"
"1585474545","2149674197","0.882576"
"2149674197","1585474545","0.882576"
"1807462631","2047323326","3.35119"
"2047323326","1807462631","3.35119"
"1807462631","2149674197","1.125"
"2149674197","1807462631","1.125"
"2047323326","2068136832","1.52543"
"2068136832","2047323326","1.52543"
"2047323326","2109675772","0.842857"
"2109675772","2047323326","0.842857"
"2047323326","2149674197","0.932576"
"2149674197","2047323326","0.932576"
"1585474545","1593454879","1.52543"
"1593454879","1585474545","1.52543"
"1585474545","2161787064","0.5"
"2161787064","1585474545","0.5"
"1593454879","1807462631","2.98452"
"1807462631","1593454879","2.98452"
"1593454879","2161787064","0.5"
"2161787064","1593454879","0.5"
"1807462631","2161787064","0.5"
"2161787064","1807462631","0.5"
"2129359810","2161787064","0.25"
"2161787064","2129359810","0.25"
"1585474545","2102788240","0.8671"
"2102788240","1585474545","0.8671"
"1585474545","28380714","2.1"
"28380714","1585474545","2.1"
"1593454879","2047323326","2.13496"
"2047323326","1593454879","2.13496"
"1593454879","28380714","0.1"
"28380714","1593454879","0.1"
"1807462631","2102788240","1.27619"
"2102788240","1807462631","1.27619"
"1807462631","2146907493","0.791667"
"2146907493","1807462631","0.791667"
"1807462631","2167595647","2.98452"
"2167595647","1807462631","2.98452"
"1807462631","28380714","2.6"
"28380714","1807462631","2.6"
"2047323326","2102788240","0.783766"
"2102788240","2047323326","0.783766"
"2047323326","2129359810","1.58496"
"2129359810","2047323326","1.58496"
"2047323326","2146907493","1.52543"
"2146907493","2047323326","1.52543"
"2047323326","2167595647","1.88496"
"2167595647","2047323326","1.88496"
"2047323326","28380714","0.1"
"28380714","2047323326","0.1"
"2068136832","28380714","0.6"
"28380714","2068136832","0.6"
"2102788240","28380714","0.6"
"28380714","2102788240","0.6"
"2129359810","28380714","0.1"
"28380714","2129359810","0.1"
"2146907493","28380714","0.35"
"28380714","2146907493","0.35"
"2149674197","28380714","0.35"
"28380714","2149674197","0.35"
"2167595647","28380714","0.1"
"28380714","2167595647","0.1"
"2047323326","2161787064","0.25"
"2161787064","2047323326","0.25"
"1585474545","2165549155","0.142857"
"2165549155","1585474545","0.142857"
"1807462631","2165549155","0.142857"
"2165549155","1807462631","0.142857"
"2047323326","2165549155","0.642857"
"2165549155","2047323326","0.642857"
"1585474545","199951655","0.0909091"
"199951655","1585474545","0.0909091"
"1585474545","272348321","0.0909091"
"272348321","1585474545","0.0909091"
"1585474545","2956141764","0.0909091"
"2956141764","1585474545","0.0909091"
"1593454879","199951655","1.73377"
"199951655","1593454879","1.73377"
"199951655","2047323326","0.8171"
"2047323326","199951655","0.8171"
"199951655","2068136832","0.733766"
"2068136832","199951655","0.733766"
"199951655","2102788240","0.674242"
"2102788240","199951655","0.674242"
"199951655","2129359810","0.8171"
"2129359810","199951655","0.8171"
"199951655","2146907493","0.483766"
"2146907493","199951655","0.483766"
"199951655","2149674197","0.0909091"
"2149674197","199951655","0.0909091"
"199951655","2167595647","1.23377"
"2167595647","199951655","1.23377"
"199951655","272348321","0.757576"
"272348321","199951655","0.757576"
"199951655","2956141764","0.757576"
"2956141764","199951655","0.757576"
"2047323326","272348321","0.924242"
"272348321","2047323326","0.924242"
"2047323326","2956141764","0.924242"
"2956141764","2047323326","0.924242"
"1593454879","2946969716","0.2"
"2946969716","1593454879","0.2"
"2102788240","2946969716","0.2"
"2946969716","2102788240","0.2"
"2167595647","2946969716","0.2"
"2946969716","2167595647","0.2"
"272348321","2946969716","0.7"
"2946969716","272348321","0.7"
"2946969716","2956141764","0.7"
"2956141764","2946969716","0.7"
"199951655","2109675772","0.642857"
"2109675772","199951655","0.642857"
"1807462631","272348321","3.25"
"272348321","1807462631","3.25"
"1807462631","2956141764","3.25"
"2956141764","1807462631","3.25"
"1807462631","199951655","0.5"
"199951655","1807462631","0.5"
"199951655","2927855747","2.5"
"2927855747","199951655","2.5"
"199951655","2165549155","3.16667"
"2165549155","199951655","3.16667"
"199951655","2190257033","0.5"
"2190257033","199951655","0.5"
"2165549155","2190257033","0.75"
"2190257033","2165549155","0.75"
"199951655","2537351364","0.5"
"2537351364","199951655","0.5"
"2537351364","2927855747","1.75"
"2927855747","2537351364","1.75"
"2047323326","2537351364","1"
"2537351364","2047323326","1"
"2047323326","2946969716","0.5"
"2946969716","2047323326","0.5"
"2165549155","2946969716","0.75"
"2946969716","2165549155","0.75"
"2068136832","2559932395","1"
"2559932395","2068136832","1"
"2068136832","2946969716","0.5"
"2946969716","2068136832","0.5"
"28380714","2946969716","1"
"2946969716","28380714","1"
"2109675772","28380714","1"
"28380714","2109675772","1"
"2129359810","2946969716","1"
"2946969716","2129359810","1"
"2146907493","2537351364","0.25"
"2537351364","2146907493","0.25"
"2146907493","2927855747","0.25"
"2927855747","2146907493","0.25"
"2146907493","2946969716","0.25"
"2946969716","2146907493","0.25"
"2537351364","28380714","0.25"
"28380714","2537351364","0.25"
"2537351364","2946969716","1.25"
"2946969716","2537351364","1.25"
"28380714","2927855747","0.25"
"2927855747","28380714","0.25"
"2927855747","2946969716","0.25"
"2946969716","2927855747","0.25"
"2149674197","2946969716","0.25"
"2946969716","2149674197","0.25"
"272348321","28380714","0.25"
"28380714","272348321","0.25"
"28380714","2956141764","0.25"
"2956141764","28380714","0.25"
"2165549155","2559932395","2"
"2559932395","2165549155","2"
"2190257033","272348321","0.25"
"272348321","2190257033","0.25"
"2190257033","2946969716","0.25"
"2946969716","2190257033","0.25"
"2190257033","2956141764","0.25"
"2956141764","2190257033","0.25"
"2190257033","2559932395","14"
"2559932395","2190257033","14"
