"1481823422","1515124366","3.61075"
"1515124366","1481823422","3.61075"
"1481823422","1839702938","2.09289"
"1839702938","1481823422","2.09289"
"1481823422","2100034576","0.361111"
"2100034576","1481823422","0.361111"
"1481823422","2161915070","2.92623"
"2161915070","1481823422","2.92623"
"1515124366","1839702938","1.71789"
"1839702938","1515124366","1.71789"
"1515124366","2100034576","0.527778"
"2100034576","1515124366","0.527778"
"1515124366","2161915070","4.28456"
"2161915070","1515124366","4.28456"
"1839702938","2100034576","0.361111"
"2100034576","1839702938","0.361111"
"1839702938","2161915070","6.94289"
"2161915070","1839702938","6.94289"
"2100034576","2161915070","0.361111"
"2161915070","2100034576","0.361111"
"1481823422","1490771820","1.41631"
"1490771820","1481823422","1.41631"
"1481823422","1556037496","0.0909091"
"1556037496","1481823422","0.0909091"
"1481823422","1675329038","0.582973"
"1675329038","1481823422","0.582973"
"1481823422","2005759443","0.582973"
"2005759443","1481823422","0.582973"
"1481823422","2027703952","0.582973"
"2027703952","1481823422","0.582973"
"1481823422","2087438165","2.66035"
"2087438165","1481823422","2.66035"
"1481823422","2127809567","1.00956"
"2127809567","1481823422","1.00956"
"1481823422","2504390753","0.382576"
"2504390753","1481823422","0.382576"
"1490771820","1515124366","1.68297"
"1515124366","1490771820","1.68297"
"1490771820","1556037496","0.0909091"
"1556037496","1490771820","0.0909091"
"1490771820","1675329038","9.58297"
"1675329038","1490771820","9.58297"
"1490771820","1839702938","0.540115"
"1839702938","1490771820","0.540115"
"1490771820","2005759443","0.516306"
"2005759443","1490771820","0.516306"
"1490771820","2027703952","0.516306"
"2027703952","1490771820","0.516306"
"1490771820","2087438165","0.468687"
"2087438165","1490771820","0.468687"
"1490771820","2127809567","0.540115"
"2127809567","1490771820","0.540115"
"1490771820","2161915070","0.773449"
"2161915070","1490771820","0.773449"
"1490771820","2504390753","1.09091"
"2504390753","1490771820","1.09091"
"1515124366","1556037496","0.0909091"
"1556037496","1515124366","0.0909091"
"1515124366","1675329038","0.682973"
"1675329038","1515124366","0.682973"
"1515124366","2005759443","0.516306"
"2005759443","1515124366","0.516306"
"1515124366","2027703952","0.516306"
"2027703952","1515124366","0.516306"
"1515124366","2087438165","0.635354"
"2087438165","1515124366","0.635354"
"1515124366","2127809567","1.05123"
"2127809567","1515124366","1.05123"
"1515124366","2504390753","0.340909"
"2504390753","1515124366","0.340909"
"1556037496","1675329038","0.0909091"
"1675329038","1556037496","0.0909091"
"1556037496","1839702938","0.0909091"
"1839702938","1556037496","0.0909091"
"1556037496","2005759443","0.0909091"
"2005759443","1556037496","0.0909091"
"1556037496","2027703952","0.0909091"
"2027703952","1556037496","0.0909091"
"1556037496","2087438165","0.0909091"
"2087438165","1556037496","0.0909091"
"1556037496","2127809567","0.0909091"
"2127809567","1556037496","0.0909091"
"1556037496","2161915070","0.0909091"
"2161915070","1556037496","0.0909091"
"1556037496","2504390753","0.0909091"
"2504390753","1556037496","0.0909091"
"1675329038","1839702938","0.540115"
"1839702938","1675329038","0.540115"
"1675329038","2005759443","0.516306"
"2005759443","1675329038","0.516306"
"1675329038","2027703952","0.516306"
"2027703952","1675329038","0.516306"
"1675329038","2087438165","0.30202"
"2087438165","1675329038","0.30202"
"1675329038","2127809567","0.540115"
"2127809567","1675329038","0.540115"
"1675329038","2161915070","0.440115"
"2161915070","1675329038","0.440115"
"1675329038","2504390753","0.0909091"
"2504390753","1675329038","0.0909091"
"1839702938","2005759443","0.873449"
"2005759443","1839702938","0.873449"
"1839702938","2027703952","0.873449"
"2027703952","1839702938","0.873449"
"1839702938","2087438165","1.26035"
"2087438165","1839702938","1.26035"
"1839702938","2127809567","3.70956"
"2127809567","1839702938","3.70956"
"1839702938","2504390753","3.13258"
"2504390753","1839702938","3.13258"
"2005759443","2027703952","13.7246"
"2027703952","2005759443","13.7246"
"2005759443","2087438165","2.71869"
"2087438165","2005759443","2.71869"
"2005759443","2127809567","1.37345"
"2127809567","2005759443","1.37345"
"2005759443","2161915070","1.02345"
"2161915070","2005759443","1.02345"
"2005759443","2504390753","0.257576"
"2504390753","2005759443","0.257576"
"2027703952","2087438165","3.71869"
"2087438165","2027703952","3.71869"
"2027703952","2127809567","1.87345"
"2127809567","2027703952","1.87345"
"2027703952","2161915070","1.02345"
"2161915070","2027703952","1.02345"
"2027703952","2504390753","0.257576"
"2504390753","2027703952","0.257576"
"2087438165","2127809567","1.42702"
"2127809567","2087438165","1.42702"
"2087438165","2161915070","2.41035"
"2161915070","2087438165","2.41035"
"2087438165","2504390753","0.382576"
"2504390753","2087438165","0.382576"
"2127809567","2161915070","3.85956"
"2161915070","2127809567","3.85956"
"2127809567","2504390753","0.215909"
"2504390753","2127809567","0.215909"
"2161915070","2504390753","1.13258"
"2504390753","2161915070","1.13258"
"1481823422","1551041907","1.3631"
"1551041907","1481823422","1.3631"
"1481823422","1628500274","1.11706"
"1628500274","1481823422","1.11706"
"1515124366","1551041907","1.17143"
"1551041907","1515124366","1.17143"
"1515124366","1628500274","5.15873"
"1628500274","1515124366","5.15873"
"1551041907","1628500274","4.38929"
"1628500274","1551041907","4.38929"
"1481823422","1936559075","0.617063"
"1936559075","1481823422","0.617063"
"1490771820","1628500274","0.647619"
"1628500274","1490771820","0.647619"
"1490771820","1936559075","0.314286"
"1936559075","1490771820","0.314286"
"1515124366","1936559075","0.792063"
"1936559075","1515124366","0.792063"
"1628500274","1675329038","0.647619"
"1675329038","1628500274","0.647619"
"1628500274","1936559075","1.09325"
"1936559075","1628500274","1.09325"
"1628500274","2005759443","0.897619"
"2005759443","1628500274","0.897619"
"1628500274","2027703952","0.897619"
"2027703952","1628500274","0.897619"
"1675329038","1936559075","0.314286"
"1936559075","1675329038","0.314286"
"1936559075","2005759443","0.314286"
"2005759443","1936559075","0.314286"
"1936559075","2027703952","0.314286"
"2027703952","1936559075","0.314286"
"1551041907","1839702938","0.996429"
"1839702938","1551041907","0.996429"
"1551041907","1936559075","0.639286"
"1936559075","1551041907","0.639286"
"1551041907","2087438165","0.475"
"2087438165","1551041907","0.475"
"1551041907","2127809567","0.496429"
"2127809567","1551041907","0.496429"
"1551041907","2161915070","1.22976"
"2161915070","1551041907","1.22976"
"1551041907","2504390753","0.267857"
"2504390753","1551041907","0.267857"
"1628500274","1839702938","1.50754"
"1839702938","1628500274","1.50754"
"1628500274","2087438165","0.475"
"2087438165","1628500274","0.475"
"1628500274","2127809567","5.00754"
"2127809567","1628500274","5.00754"
"1628500274","2161915070","2.57421"
"2161915070","1628500274","2.57421"
"1628500274","2504390753","0.267857"
"2504390753","1628500274","0.267857"
"1839702938","1936559075","0.974206"
"1936559075","1839702938","0.974206"
"1936559075","2087438165","0.391667"
"2087438165","1936559075","0.391667"
"1936559075","2127809567","0.80754"
"2127809567","1936559075","0.80754"
"1936559075","2161915070","0.874206"
"2161915070","1936559075","0.874206"
"1936559075","2504390753","0.267857"
"2504390753","1936559075","0.267857"
"1481823422","2074963925","0.18254"
"2074963925","1481823422","0.18254"
"1481823422","2124185432","0.18254"
"2124185432","1481823422","0.18254"
"1515124366","2074963925","0.349206"
"2074963925","1515124366","0.349206"
"1515124366","2124185432","0.68254"
"2124185432","1515124366","0.68254"
"1628500274","2074963925","0.325397"
"2074963925","1628500274","0.325397"
"1628500274","2100034576","0.253968"
"2100034576","1628500274","0.253968"
"1628500274","2124185432","0.65873"
"2124185432","1628500274","0.65873"
"1839702938","2074963925","0.18254"
"2074963925","1839702938","0.18254"
"1839702938","2124185432","0.18254"
"2124185432","1839702938","0.18254"
"1936559075","2074963925","1.05873"
"2074963925","1936559075","1.05873"
"1936559075","2100034576","0.987302"
"2100034576","1936559075","0.987302"
"1936559075","2124185432","1.05873"
"2124185432","1936559075","1.05873"
"2074963925","2100034576","8.19563"
"2100034576","2074963925","8.19563"
"2074963925","2124185432","8.68373"
"2124185432","2074963925","8.68373"
"2074963925","2127809567","0.18254"
"2127809567","2074963925","0.18254"
"2074963925","2161915070","0.18254"
"2161915070","2074963925","0.18254"
"2100034576","2124185432","14.5623"
"2124185432","2100034576","14.5623"
"2100034576","2127809567","0.111111"
"2127809567","2100034576","0.111111"
"2124185432","2127809567","0.515873"
"2127809567","2124185432","0.515873"
"2124185432","2161915070","0.18254"
"2161915070","2124185432","0.18254"
"1481823422","2011185671","1.16667"
"2011185671","1481823422","1.16667"
"1515124366","2011185671","1"
"2011185671","1515124366","1"
"1839702938","2011185671","0.166667"
"2011185671","1839702938","0.166667"
"1936559075","2011185671","0.309524"
"2011185671","1936559075","0.309524"
"2011185671","2087438165","0.166667"
"2087438165","2011185671","0.166667"
"2011185671","2161915070","0.166667"
"2161915070","2011185671","0.166667"
"1481823422","2074919163","0.0714286"
"2074919163","1481823422","0.0714286"
"1490771820","1551041907","0.171429"
"1551041907","1490771820","0.171429"
"1490771820","2074919163","1.9381"
"2074919163","1490771820","1.9381"
"1490771820","2074963925","0.404762"
"2074963925","1490771820","0.404762"
"1490771820","2124185432","2.22143"
"2124185432","1490771820","2.22143"
"1515124366","2074919163","0.438095"
"2074919163","1515124366","0.438095"
"1551041907","1675329038","0.171429"
"1675329038","1551041907","0.171429"
"1551041907","2005759443","0.421429"
"2005759443","1551041907","0.421429"
"1551041907","2027703952","0.421429"
"2027703952","1551041907","0.421429"
"1551041907","2074919163","0.0714286"
"2074919163","1551041907","0.0714286"
"1551041907","2074963925","0.214286"
"2074963925","1551041907","0.214286"
"1551041907","2124185432","0.214286"
"2124185432","1551041907","0.214286"
"1628500274","2074919163","0.271429"
"2074919163","1628500274","0.271429"
"1675329038","2074919163","1.77143"
"2074919163","1675329038","1.77143"
"1675329038","2074963925","0.238095"
"2074963925","1675329038","0.238095"
"1675329038","2124185432","2.3881"
"2124185432","1675329038","2.3881"
"1839702938","2074919163","0.271429"
"2074919163","1839702938","0.271429"
"1936559075","2074919163","0.471429"
"2074919163","1936559075","0.471429"
"2005759443","2074919163","0.196429"
"2074919163","2005759443","0.196429"
"2005759443","2074963925","0.196429"
"2074963925","2005759443","0.196429"
"2005759443","2124185432","0.196429"
"2124185432","2005759443","0.196429"
"2027703952","2074919163","0.196429"
"2074919163","2027703952","0.196429"
"2027703952","2074963925","0.196429"
"2074963925","2027703952","0.196429"
"2027703952","2124185432","0.196429"
"2124185432","2027703952","0.196429"
"2074919163","2074963925","3.2631"
"2074963925","2074919163","3.2631"
"2074919163","2124185432","21.9131"
"2124185432","2074919163","21.9131"
"2074919163","2127809567","0.271429"
"2127809567","2074919163","0.271429"
"2074919163","2161915070","0.271429"
"2161915070","2074919163","0.271429"
"1490771820","2087423941","1.15"
"2087423941","1490771820","1.15"
"1490771820","2098384969","1.06667"
"2098384969","1490771820","1.06667"
"1675329038","2087423941","1.48333"
"2087423941","1675329038","1.48333"
"1675329038","2098384969","1.06667"
"2098384969","1675329038","1.06667"
"2074919163","2087423941","2.9"
"2087423941","2074919163","2.9"
"2074919163","2098384969","4.06667"
"2098384969","2074919163","4.06667"
"2087423941","2098384969","18.1833"
"2098384969","2087423941","18.1833"
"1490771820","2100034576","0.333333"
"2100034576","1490771820","0.333333"
"2074919163","2087438165","0.166667"
"2087438165","2074919163","0.166667"
"2074919163","2100034576","3.14167"
"2100034576","2074919163","3.14167"
"2074963925","2087438165","0.166667"
"2087438165","2074963925","0.166667"
"2087438165","2100034576","0.166667"
"2100034576","2087438165","0.166667"
"2087438165","2124185432","0.166667"
"2124185432","2087438165","0.166667"
"1490771820","1921309457","0.333333"
"1921309457","1490771820","0.333333"
"1628500274","1921309457","0.333333"
"1921309457","1628500274","0.333333"
"1675329038","1921309457","0.333333"
"1921309457","1675329038","0.333333"
"2098384969","2124185432","22.2667"
"2124185432","2098384969","22.2667"
"2087423941","2124185432","18.2667"
"2124185432","2087423941","18.2667"
"1490771820","2011185671","0.2"
"2011185671","1490771820","0.2"
"1675329038","2011185671","0.533333"
"2011185671","1675329038","0.533333"
"2011185671","2087423941","0.533333"
"2087423941","2011185671","0.533333"
"2011185671","2098384969","0.45"
"2098384969","2011185671","0.45"
"2011185671","2124185432","0.92619"
"2124185432","2011185671","0.92619"
"1675329038","2100034576","0.166667"
"2100034576","1675329038","0.166667"
"2074963925","2087423941","0.166667"
"2087423941","2074963925","0.166667"
"2074963925","2098384969","0.166667"
"2098384969","2074963925","0.166667"
"2087423941","2100034576","0.366667"
"2100034576","2087423941","0.366667"
"2098384969","2100034576","0.366667"
"2100034576","2098384969","0.366667"
"1515124366","1921309457","0.25"
"1921309457","1515124366","0.25"
"1839702938","1921309457","0.25"
"1921309457","1839702938","0.25"
"1921309457","2161915070","0.25"
"2161915070","1921309457","0.25"
"1921309457","2504390753","2.25"
"2504390753","1921309457","2.25"
"1515124366","1977354509","1.33333"
"1977354509","1515124366","1.33333"
"1515124366","2126188990","1"
"2126188990","1515124366","1"
"1977354509","2126188990","25.125"
"2126188990","1977354509","25.125"
"1515124366","1562808050","1.33333"
"1562808050","1515124366","1.33333"
"1562808050","1628500274","0.333333"
"1628500274","1562808050","0.333333"
"1562808050","2124185432","0.333333"
"2124185432","1562808050","0.333333"
"1515124366","1903778321","0.5"
"1903778321","1515124366","0.5"
"1903778321","2011185671","0.5"
"2011185671","1903778321","0.5"
"1515124366","2036680527","0.333333"
"2036680527","1515124366","0.333333"
"1977354509","2011185671","0.333333"
"2011185671","1977354509","0.333333"
"1977354509","2036680527","3.33333"
"2036680527","1977354509","3.33333"
"2011185671","2036680527","0.333333"
"2036680527","2011185671","0.333333"
"1545958326","2074963925","1.25"
"2074963925","1545958326","1.25"
"1545958326","2074919163","0.5"
"2074919163","1545958326","0.5"
"1545958326","2087423941","0.25"
"2087423941","1545958326","0.25"
"1545958326","2098384969","1.25"
"2098384969","1545958326","1.25"
"1545958326","2124185432","0.5"
"2124185432","1545958326","0.5"
"1545958326","2118848936","0.25"
"2118848936","1545958326","0.25"
"2074919163","2118848936","5.30833"
"2118848936","2074919163","5.30833"
"2074963925","2118848936","1.85833"
"2118848936","2074963925","1.85833"
"2118848936","2124185432","7.975"
"2124185432","2118848936","7.975"
"1551041907","2011185671","0.142857"
"2011185671","1551041907","0.142857"
"1551041907","2100034576","0.142857"
"2100034576","1551041907","0.142857"
"1628500274","2011185671","0.142857"
"2011185671","1628500274","0.142857"
"2011185671","2074963925","0.142857"
"2074963925","2011185671","0.142857"
"2011185671","2100034576","0.142857"
"2100034576","2011185671","0.142857"
"2011185671","2504390753","0.142857"
"2504390753","2011185671","0.142857"
"2074963925","2504390753","0.142857"
"2504390753","2074963925","0.142857"
"2100034576","2504390753","0.142857"
"2504390753","2100034576","0.142857"
"2124185432","2504390753","0.142857"
"2504390753","2124185432","0.142857"
"1673282","2036680527","2"
"2036680527","1673282","2"
"1673282","2005759443","1.58333"
"2005759443","1673282","1.58333"
"1673282","2027703952","0.583333"
"2027703952","1673282","0.583333"
"1673282","2087438165","0.25"
"2087438165","1673282","0.25"
"1673282","2127809567","0.25"
"2127809567","1673282","0.25"
"1673282","1839702938","0.333333"
"1839702938","1673282","0.333333"
"1936559075","2118848936","0.4"
"2118848936","1936559075","0.4"
"2100034576","2118848936","1.80833"
"2118848936","2100034576","1.80833"
"1977272184","2949893962","8"
"2949893962","1977272184","8"
"2036680527","2126188990","3"
"2126188990","2036680527","3"
"1977354509","2520870469","1"
"2520870469","1977354509","1"
"1977354509","2005759443","0.625"
"2005759443","1977354509","0.625"
"1977354509","2027703952","0.125"
"2027703952","1977354509","0.125"
"1977354509","2074919163","0.625"
"2074919163","1977354509","0.625"
"1977354509","2074963925","0.125"
"2074963925","1977354509","0.125"
"1977354509","2100034576","0.125"
"2100034576","1977354509","0.125"
"1977354509","2118848936","0.125"
"2118848936","1977354509","0.125"
"1977354509","2124185432","0.458333"
"2124185432","1977354509","0.458333"
"2005759443","2100034576","0.125"
"2100034576","2005759443","0.125"
"2005759443","2118848936","0.125"
"2118848936","2005759443","0.125"
"2005759443","2126188990","0.625"
"2126188990","2005759443","0.625"
"2027703952","2100034576","0.125"
"2100034576","2027703952","0.125"
"2027703952","2118848936","0.125"
"2118848936","2027703952","0.125"
"2027703952","2126188990","0.125"
"2126188990","2027703952","0.125"
"2074919163","2126188990","0.625"
"2126188990","2074919163","0.625"
"2074963925","2126188990","0.125"
"2126188990","2074963925","0.125"
"2100034576","2126188990","0.125"
"2126188990","2100034576","0.125"
"2118848936","2126188990","0.125"
"2126188990","2118848936","0.125"
"2124185432","2126188990","0.125"
"2126188990","2124185432","0.125"
"1977354509","2087423941","0.5"
"2087423941","1977354509","0.5"
"1977354509","2098384969","0.833333"
"2098384969","1977354509","0.833333"
"1977354509","2127809567","0.333333"
"2127809567","1977354509","0.333333"
"2098384969","2127809567","0.833333"
"2127809567","2098384969","0.833333"
"1995227741","2093852772","4"
"2093852772","1995227741","4"
"1995227741","2951797599","7.25"
"2951797599","1995227741","7.25"
"2093852772","2951797599","4"
"2951797599","2093852772","4"
"1995227741","2087423941","0.25"
"2087423941","1995227741","0.25"
"1995227741","2098384969","0.25"
"2098384969","1995227741","0.25"
"1995227741","2124185432","0.25"
"2124185432","1995227741","0.25"
"2087423941","2951797599","0.25"
"2951797599","2087423941","0.25"
"2098384969","2951797599","0.25"
"2951797599","2098384969","0.25"
"2124185432","2951797599","0.25"
"2951797599","2124185432","0.25"
"2005759443","2036680527","3.5"
"2036680527","2005759443","3.5"
"2027703952","2036680527","1"
"2036680527","2027703952","1"
"2011185671","2074919163","0.25"
"2074919163","2011185671","0.25"
"2011185671","2118848936","0.25"
"2118848936","2011185671","0.25"
"2098384969","2118848936","0.45"
"2118848936","2098384969","0.45"
"2036680527","2087438165","0.5"
"2087438165","2036680527","0.5"
"2087423941","2118848936","0.2"
"2118848936","2087423941","0.2"
"2087423941","2127809567","0.5"
"2127809567","2087423941","0.5"
"2098384969","2949893962","0.5"
"2949893962","2098384969","0.5"
"2124185432","2949893962","0.5"
"2949893962","2124185432","0.5"
