"102672212","1999870075","0.25"
"1999870075","102672212","0.25"
"102672212","2049640090","0.25"
"2049640090","102672212","0.25"
"102672212","2110522107","0.25"
"2110522107","102672212","0.25"
"102672212","2407155958","0.25"
"2407155958","102672212","0.25"
"1999870075","2049640090","0.25"
"2049640090","1999870075","0.25"
"1999870075","2110522107","0.25"
"2110522107","1999870075","0.25"
"1999870075","2407155958","0.25"
"2407155958","1999870075","0.25"
"2049640090","2110522107","7.76786"
"2110522107","2049640090","7.76786"
"2049640090","2407155958","12.8679"
"2407155958","2049640090","12.8679"
"2110522107","2407155958","19.4679"
"2407155958","2110522107","19.4679"
"102672212","2405780168","2.27778"
"2405780168","102672212","2.27778"
"102672212","1444877295","0.111111"
"1444877295","102672212","0.111111"
"102672212","1932576009","0.111111"
"1932576009","102672212","0.111111"
"102672212","1981276164","0.111111"
"1981276164","102672212","0.111111"
"102672212","1984936212","0.277778"
"1984936212","102672212","0.277778"
"102672212","2044911211","0.277778"
"2044911211","102672212","0.277778"
"102672212","2105653025","0.111111"
"2105653025","102672212","0.111111"
"102672212","2168760655","0.111111"
"2168760655","102672212","0.111111"
"102672212","2305922715","0.111111"
"2305922715","102672212","0.111111"
"1444877295","1932576009","0.111111"
"1932576009","1444877295","0.111111"
"1444877295","1981276164","0.111111"
"1981276164","1444877295","0.111111"
"1444877295","1984936212","0.111111"
"1984936212","1444877295","0.111111"
"1444877295","2044911211","0.111111"
"2044911211","1444877295","0.111111"
"1444877295","2105653025","0.111111"
"2105653025","1444877295","0.111111"
"1444877295","2168760655","0.336111"
"2168760655","1444877295","0.336111"
"1444877295","2305922715","0.211111"
"2305922715","1444877295","0.211111"
"1444877295","2405780168","0.111111"
"2405780168","1444877295","0.111111"
"1932576009","1981276164","2.02778"
"1981276164","1932576009","2.02778"
"1932576009","1984936212","1.30556"
"1984936212","1932576009","1.30556"
"1932576009","2044911211","0.253968"
"2044911211","1932576009","0.253968"
"1932576009","2105653025","0.888889"
"2105653025","1932576009","0.888889"
"1932576009","2168760655","0.722222"
"2168760655","1932576009","0.722222"
"1932576009","2305922715","0.722222"
"2305922715","1932576009","0.722222"
"1932576009","2405780168","1.44841"
"2405780168","1932576009","1.44841"
"1981276164","1984936212","2.12897"
"1984936212","1981276164","2.12897"
"1981276164","2044911211","0.111111"
"2044911211","1981276164","0.111111"
"1981276164","2105653025","2.23611"
"2105653025","1981276164","2.23611"
"1981276164","2168760655","1.7123"
"2168760655","1981276164","1.7123"
"1981276164","2305922715","1.7123"
"2305922715","1981276164","1.7123"
"1981276164","2405780168","3.15278"
"2405780168","1981276164","3.15278"
"1984936212","2044911211","2.17778"
"2044911211","1984936212","2.17778"
"1984936212","2105653025","0.347222"
"2105653025","1984936212","0.347222"
"1984936212","2168760655","0.490079"
"2168760655","1984936212","0.490079"
"1984936212","2305922715","0.490079"
"2305922715","1984936212","0.490079"
"1984936212","2405780168","2.76389"
"2405780168","1984936212","2.76389"
"2044911211","2105653025","0.111111"
"2105653025","2044911211","0.111111"
"2044911211","2168760655","0.111111"
"2168760655","2044911211","0.111111"
"2044911211","2305922715","0.111111"
"2305922715","2044911211","0.111111"
"2044911211","2405780168","2.42063"
"2405780168","2044911211","2.42063"
"2105653025","2168760655","1.43813"
"2168760655","2105653025","1.43813"
"2105653025","2305922715","1.43813"
"2305922715","2105653025","1.43813"
"2105653025","2405780168","1.51389"
"2405780168","2105653025","1.51389"
"2168760655","2305922715","9.47266"
"2305922715","2168760655","9.47266"
"2168760655","2405780168","1.01389"
"2405780168","2168760655","1.01389"
"2305922715","2405780168","1.01389"
"2405780168","2305922715","1.01389"
"102672212","1420268584","0.166667"
"1420268584","102672212","0.166667"
"102672212","2269520727","0.166667"
"2269520727","102672212","0.166667"
"102672212","2585990361","1.16667"
"2585990361","102672212","1.16667"
"1420268584","1984936212","0.9"
"1984936212","1420268584","0.9"
"1420268584","2044911211","4.06667"
"2044911211","1420268584","4.06667"
"1420268584","2269520727","1.86667"
"2269520727","1420268584","1.86667"
"1420268584","2405780168","0.5"
"2405780168","1420268584","0.5"
"1420268584","2585990361","1.36667"
"2585990361","1420268584","1.36667"
"1984936212","2269520727","0.477778"
"2269520727","1984936212","0.477778"
"1984936212","2585990361","1.87063"
"2585990361","1984936212","1.87063"
"2044911211","2269520727","5.75952"
"2269520727","2044911211","5.75952"
"2044911211","2585990361","1.50952"
"2585990361","2044911211","1.50952"
"2269520727","2405780168","0.920635"
"2405780168","2269520727","0.920635"
"2269520727","2585990361","1.67063"
"2585990361","2269520727","1.67063"
"2405780168","2585990361","0.670635"
"2585990361","2405780168","0.670635"
"103145994","143386018","0.125"
"143386018","103145994","0.125"
"103145994","1444877295","0.125"
"1444877295","103145994","0.125"
"103145994","160617963","0.125"
"160617963","103145994","0.125"
"103145994","1899673144","0.125"
"1899673144","103145994","0.125"
"103145994","2054626033","0.125"
"2054626033","103145994","0.125"
"103145994","2147048465","0.125"
"2147048465","103145994","0.125"
"103145994","2168760655","0.125"
"2168760655","103145994","0.125"
"103145994","2962718753","1.875"
"2962718753","103145994","1.875"
"143386018","1444877295","0.125"
"1444877295","143386018","0.125"
"143386018","160617963","0.125"
"160617963","143386018","0.125"
"143386018","1899673144","0.125"
"1899673144","143386018","0.125"
"143386018","2054626033","3.24257"
"2054626033","143386018","3.24257"
"143386018","2147048465","0.125"
"2147048465","143386018","0.125"
"143386018","2168760655","0.340909"
"2168760655","143386018","0.340909"
"143386018","2962718753","0.125"
"2962718753","143386018","0.125"
"1444877295","160617963","0.125"
"160617963","1444877295","0.125"
"1444877295","1899673144","0.125"
"1899673144","1444877295","0.125"
"1444877295","2054626033","0.125"
"2054626033","1444877295","0.125"
"1444877295","2147048465","0.125"
"2147048465","1444877295","0.125"
"1444877295","2962718753","0.125"
"2962718753","1444877295","0.125"
"160617963","1899673144","0.125"
"1899673144","160617963","0.125"
"160617963","2054626033","0.125"
"2054626033","160617963","0.125"
"160617963","2147048465","0.125"
"2147048465","160617963","0.125"
"160617963","2168760655","0.125"
"2168760655","160617963","0.125"
"160617963","2962718753","0.125"
"2962718753","160617963","0.125"
"1899673144","2054626033","0.125"
"2054626033","1899673144","0.125"
"1899673144","2147048465","0.684524"
"2147048465","1899673144","0.684524"
"1899673144","2168760655","0.267857"
"2168760655","1899673144","0.267857"
"1899673144","2962718753","0.125"
"2962718753","1899673144","0.125"
"2054626033","2147048465","0.125"
"2147048465","2054626033","0.125"
"2054626033","2168760655","0.25"
"2168760655","2054626033","0.25"
"2054626033","2962718753","0.791667"
"2962718753","2054626033","0.791667"
"2147048465","2168760655","0.267857"
"2168760655","2147048465","0.267857"
"2147048465","2962718753","0.125"
"2962718753","2147048465","0.125"
"2168760655","2962718753","0.125"
"2962718753","2168760655","0.125"
"103145994","2111397260","0.25"
"2111397260","103145994","0.25"
"103145994","2404167293","0.25"
"2404167293","103145994","0.25"
"103145994","2405780168","0.25"
"2405780168","103145994","0.25"
"103145994","62917406","0.25"
"62917406","103145994","0.25"
"2111397260","2404167293","1.46754"
"2404167293","2111397260","1.46754"
"2111397260","2405780168","0.25"
"2405780168","2111397260","0.25"
"2111397260","62917406","18.6481"
"62917406","2111397260","18.6481"
"2404167293","2405780168","0.25"
"2405780168","2404167293","0.25"
"2404167293","62917406","1.46754"
"62917406","2404167293","1.46754"
"2405780168","62917406","0.25"
"62917406","2405780168","0.25"
"103145994","2577638852","0.75"
"2577638852","103145994","0.75"
"2577638852","2962718753","2.25"
"2962718753","2577638852","2.25"
"103145994","2585990361","1.25"
"2585990361","103145994","1.25"
"103145994","2269520727","0.25"
"2269520727","103145994","0.25"
"2269520727","2577638852","0.892857"
"2577638852","2269520727","0.892857"
"2269520727","2962718753","0.75"
"2962718753","2269520727","0.75"
"2577638852","2585990361","0.392857"
"2585990361","2577638852","0.392857"
"2585990361","2962718753","0.25"
"2962718753","2585990361","0.25"
"110479989","2411354024","1.33333"
"2411354024","110479989","1.33333"
"110479989","2756430570","10.1742"
"2756430570","110479989","10.1742"
"2411354024","2756430570","1.33333"
"2756430570","2411354024","1.33333"
"110479989","2055620204","1.5"
"2055620204","110479989","1.5"
"2055620204","2756430570","1.5"
"2756430570","2055620204","1.5"
"110479989","2054626033","0.5"
"2054626033","110479989","0.5"
"2054626033","2756430570","0.5"
"2756430570","2054626033","0.5"
"110479989","1525144403","0.25"
"1525144403","110479989","0.25"
"110479989","2125428582","0.25"
"2125428582","110479989","0.25"
"110479989","2400771662","0.25"
"2400771662","110479989","0.25"
"1525144403","2125428582","10.9095"
"2125428582","1525144403","10.9095"
"1525144403","2400771662","0.440909"
"2400771662","1525144403","0.440909"
"1525144403","2756430570","0.25"
"2756430570","1525144403","0.25"
"2125428582","2400771662","0.35"
"2400771662","2125428582","0.35"
"2125428582","2756430570","0.25"
"2756430570","2125428582","0.25"
"2400771662","2756430570","0.25"
"2756430570","2400771662","0.25"
"110479989","2891316582","0.590909"
"2891316582","110479989","0.590909"
"2411354024","2891316582","1.5"
"2891316582","2411354024","1.5"
"2756430570","2891316582","0.590909"
"2891316582","2756430570","0.590909"
"110479989","1466389411","0.257576"
"1466389411","110479989","0.257576"
"110479989","1987329581","0.166667"
"1987329581","110479989","0.166667"
"110479989","2013983933","0.166667"
"2013983933","110479989","0.166667"
"110479989","2394619600","0.257576"
"2394619600","110479989","0.257576"
"110479989","2765667105","0.166667"
"2765667105","110479989","0.166667"
"1466389411","1987329581","0.166667"
"1987329581","1466389411","0.166667"
"1466389411","2013983933","0.366667"
"2013983933","1466389411","0.366667"
"1466389411","2394619600","8.13692"
"2394619600","1466389411","8.13692"
"1466389411","2756430570","0.257576"
"2756430570","1466389411","0.257576"
"1466389411","2765667105","1.46347"
"2765667105","1466389411","1.46347"
"1987329581","2013983933","0.666667"
"2013983933","1987329581","0.666667"
"1987329581","2394619600","0.166667"
"2394619600","1987329581","0.166667"
"1987329581","2756430570","0.166667"
"2756430570","1987329581","0.166667"
"1987329581","2765667105","0.166667"
"2765667105","1987329581","0.166667"
"2013983933","2394619600","0.366667"
"2394619600","2013983933","0.366667"
"2013983933","2756430570","0.166667"
"2756430570","2013983933","0.166667"
"2013983933","2765667105","0.366667"
"2765667105","2013983933","0.366667"
"2394619600","2756430570","0.257576"
"2756430570","2394619600","0.257576"
"2394619600","2765667105","1.93922"
"2765667105","2394619600","1.93922"
"2756430570","2765667105","0.166667"
"2765667105","2756430570","0.166667"
"110479989","1899673144","0.333333"
"1899673144","110479989","0.333333"
"1899673144","2411354024","0.666667"
"2411354024","1899673144","0.666667"
"1899673144","2756430570","0.333333"
"2756430570","1899673144","0.333333"
"110479989","1463944966","0.0909091"
"1463944966","110479989","0.0909091"
"110479989","2146270836","0.424242"
"2146270836","110479989","0.424242"
"110479989","2155873597","0.0909091"
"2155873597","110479989","0.0909091"
"110479989","2346878720","0.0909091"
"2346878720","110479989","0.0909091"
"110479989","2404167293","0.0909091"
"2404167293","110479989","0.0909091"
"110479989","2463456957","0.0909091"
"2463456957","110479989","0.0909091"
"110479989","2739510617","0.0909091"
"2739510617","110479989","0.0909091"
"1463944966","1466389411","3.09254"
"1466389411","1463944966","3.09254"
"1463944966","2146270836","1.0981"
"2146270836","1463944966","1.0981"
"1463944966","2155873597","0.865523"
"2155873597","1463944966","0.865523"
"1463944966","2346878720","2.19608"
"2346878720","1463944966","2.19608"
"1463944966","2394619600","4.11073"
"2394619600","1463944966","4.11073"
"1463944966","2404167293","1.6731"
"2404167293","1463944966","1.6731"
"1463944966","2463456957","3.03219"
"2463456957","1463944966","3.03219"
"1463944966","2739510617","3.64532"
"2739510617","1463944966","3.64532"
"1463944966","2756430570","0.0909091"
"2756430570","1463944966","0.0909091"
"1463944966","2891316582","0.0909091"
"2891316582","1463944966","0.0909091"
"1466389411","2146270836","1.82353"
"2146270836","1466389411","1.82353"
"1466389411","2155873597","1.19886"
"2155873597","1466389411","1.19886"
"1466389411","2346878720","3.86123"
"2346878720","1466389411","3.86123"
"1466389411","2404167293","2.26401"
"2404167293","1466389411","2.26401"
"1466389411","2463456957","2.01552"
"2463456957","1466389411","2.01552"
"1466389411","2739510617","1.82865"
"2739510617","1466389411","1.82865"
"1466389411","2891316582","0.0909091"
"2891316582","1466389411","0.0909091"
"2146270836","2155873597","0.976635"
"2155873597","2146270836","0.976635"
"2146270836","2346878720","1.78262"
"2346878720","2146270836","1.78262"
"2146270836","2394619600","0.849614"
"2394619600","2146270836","0.849614"
"2146270836","2404167293","1.10845"
"2404167293","2146270836","1.10845"
"2146270836","2463456957","1.15005"
"2463456957","2146270836","1.15005"
"2146270836","2739510617","1.31199"
"2739510617","2146270836","1.31199"
"2146270836","2756430570","0.424242"
"2756430570","2146270836","0.424242"
"2146270836","2891316582","0.0909091"
"2891316582","2146270836","0.0909091"
"2155873597","2346878720","1.69886"
"2346878720","2155873597","1.69886"
"2155873597","2394619600","0.941281"
"2394619600","2155873597","0.941281"
"2155873597","2404167293","0.809968"
"2404167293","2155873597","0.809968"
"2155873597","2463456957","0.698857"
"2463456957","2155873597","0.698857"
"2155873597","2739510617","0.754412"
"2739510617","2155873597","0.754412"
"2155873597","2756430570","0.0909091"
"2756430570","2155873597","0.0909091"
"2155873597","2891316582","0.0909091"
"2891316582","2155873597","0.0909091"
"2346878720","2394619600","6.32184"
"2394619600","2346878720","6.32184"
"2346878720","2404167293","3.4231"
"2404167293","2346878720","3.4231"
"2346878720","2463456957","4.2556"
"2463456957","2346878720","4.2556"
"2346878720","2739510617","3.18775"
"2739510617","2346878720","3.18775"
"2346878720","2756430570","0.0909091"
"2756430570","2346878720","0.0909091"
"2346878720","2891316582","0.0909091"
"2891316582","2346878720","0.0909091"
"2394619600","2404167293","1.87461"
"2404167293","2394619600","1.87461"
"2394619600","2463456957","2.54128"
"2463456957","2394619600","2.54128"
"2394619600","2739510617","1.14684"
"2739510617","2394619600","1.14684"
"2394619600","2891316582","0.0909091"
"2891316582","2394619600","0.0909091"
"2404167293","2463456957","1.53219"
"2463456957","2404167293","1.53219"
"2404167293","2739510617","1.22865"
"2739510617","2404167293","1.22865"
"2404167293","2756430570","0.0909091"
"2756430570","2404167293","0.0909091"
"2404167293","2891316582","0.0909091"
"2891316582","2404167293","0.0909091"
"2463456957","2739510617","2.33775"
"2739510617","2463456957","2.33775"
"2463456957","2756430570","0.0909091"
"2756430570","2463456957","0.0909091"
"2463456957","2891316582","0.0909091"
"2891316582","2463456957","0.0909091"
"2739510617","2756430570","0.0909091"
"2756430570","2739510617","0.0909091"
"2739510617","2891316582","0.0909091"
"2891316582","2739510617","0.0909091"
"110479989","189499990","0.333333"
"189499990","110479989","0.333333"
"189499990","2146270836","0.433333"
"2146270836","189499990","0.433333"
"189499990","2756430570","0.333333"
"2756430570","189499990","0.333333"
"110479989","147035639","0.166667"
"147035639","110479989","0.166667"
"110479989","1932576009","0.166667"
"1932576009","110479989","0.166667"
"110479989","1984936212","0.166667"
"1984936212","110479989","0.166667"
"147035639","1932576009","0.444444"
"1932576009","147035639","0.444444"
"147035639","1984936212","0.477778"
"1984936212","147035639","0.477778"
"147035639","2411354024","0.5"
"2411354024","147035639","0.5"
"147035639","2756430570","0.166667"
"2756430570","147035639","0.166667"
"147035639","2891316582","0.166667"
"2891316582","147035639","0.166667"
"1932576009","2411354024","0.5"
"2411354024","1932576009","0.5"
"1932576009","2756430570","0.166667"
"2756430570","1932576009","0.166667"
"1932576009","2891316582","1.16667"
"2891316582","1932576009","1.16667"
"1984936212","2411354024","0.166667"
"2411354024","1984936212","0.166667"
"1984936212","2756430570","0.166667"
"2756430570","1984936212","0.166667"
"1984936212","2891316582","0.166667"
"2891316582","1984936212","0.166667"
"123584238","160617963","5.58333"
"160617963","123584238","5.58333"
"123584238","2116108199","13.75"
"2116108199","123584238","13.75"
"160617963","2116108199","7.58333"
"2116108199","160617963","7.58333"
"123584238","1932576009","0.333333"
"1932576009","123584238","0.333333"
"160617963","1932576009","0.333333"
"1932576009","160617963","0.333333"
"1932576009","2116108199","0.333333"
"2116108199","1932576009","0.333333"
"123584238","1568293961","1.91667"
"1568293961","123584238","1.91667"
"123584238","54874995","1.41667"
"54874995","123584238","1.41667"
"1568293961","160617963","6.75"
"160617963","1568293961","6.75"
"1568293961","2116108199","2.91667"
"2116108199","1568293961","2.91667"
"1568293961","54874995","20.1595"
"54874995","1568293961","20.1595"
"160617963","54874995","2.75"
"54874995","160617963","2.75"
"2116108199","54874995","1.41667"
"54874995","2116108199","1.41667"
"139448385","147035639","0.311111"
"147035639","139448385","0.311111"
"139448385","1932576009","0.111111"
"1932576009","139448385","0.111111"
"139448385","1984936212","0.311111"
"1984936212","139448385","0.311111"
"139448385","2105653025","0.111111"
"2105653025","139448385","0.111111"
"139448385","2168760655","0.111111"
"2168760655","139448385","0.111111"
"139448385","2269520727","0.111111"
"2269520727","139448385","0.111111"
"139448385","2305922715","0.111111"
"2305922715","139448385","0.111111"
"139448385","2405780168","0.111111"
"2405780168","139448385","0.111111"
"139448385","2585990361","0.311111"
"2585990361","139448385","0.311111"
"147035639","2105653025","0.277778"
"2105653025","147035639","0.277778"
"147035639","2168760655","0.711111"
"2168760655","147035639","0.711111"
"147035639","2269520727","0.361111"
"2269520727","147035639","0.361111"
"147035639","2305922715","0.711111"
"2305922715","147035639","0.711111"
"147035639","2405780168","0.277778"
"2405780168","147035639","0.277778"
"147035639","2585990361","0.311111"
"2585990361","147035639","0.311111"
"1932576009","2269520727","0.253968"
"2269520727","1932576009","0.253968"
"1932576009","2585990361","0.503968"
"2585990361","1932576009","0.503968"
"2105653025","2269520727","0.111111"
"2269520727","2105653025","0.111111"
"2105653025","2585990361","0.111111"
"2585990361","2105653025","0.111111"
"2168760655","2269520727","0.111111"
"2269520727","2168760655","0.111111"
"2168760655","2585990361","0.253968"
"2585990361","2168760655","0.253968"
"2269520727","2305922715","0.111111"
"2305922715","2269520727","0.111111"
"2305922715","2585990361","0.253968"
"2585990361","2305922715","0.253968"
"139448385","1420268584","0.2"
"1420268584","139448385","0.2"
"139448385","2044911211","0.2"
"2044911211","139448385","0.2"
"1420268584","147035639","0.2"
"147035639","1420268584","0.2"
"147035639","2044911211","0.45"
"2044911211","147035639","0.45"
"1420268584","179403974","0.2"
"179403974","1420268584","0.2"
"1420268584","2147048465","0.2"
"2147048465","1420268584","0.2"
"179403974","1984936212","0.342857"
"1984936212","179403974","0.342857"
"179403974","2044911211","0.45"
"2044911211","179403974","0.45"
"179403974","2147048465","13.2095"
"2147048465","179403974","13.2095"
"179403974","2269520727","0.45"
"2269520727","179403974","0.45"
"1984936212","2147048465","0.342857"
"2147048465","1984936212","0.342857"
"2044911211","2147048465","0.45"
"2147048465","2044911211","0.45"
"2147048465","2269520727","0.45"
"2269520727","2147048465","0.45"
"1420268584","2015790908","0.333333"
"2015790908","1420268584","0.333333"
"1420268584","2071072485","0.333333"
"2071072485","1420268584","0.333333"
"1420268584","207341673","0.333333"
"207341673","1420268584","0.333333"
"2015790908","2071072485","2.45"
"2071072485","2015790908","2.45"
"2015790908","207341673","2.45"
"207341673","2015790908","2.45"
"2071072485","207341673","16.45"
"207341673","2071072485","16.45"
"1420268584","1981276164","0.333333"
"1981276164","1420268584","0.333333"
"1420268584","1932576009","1"
"1932576009","1420268584","1"
"143386018","2394619600","1.1428"
"2394619600","143386018","1.1428"
"143386018","2400771662","1.71591"
"2400771662","143386018","1.71591"
"2394619600","2400771662","0.5"
"2400771662","2394619600","0.5"
"143386018","1463944966","0.957948"
"1463944966","143386018","0.957948"
"143386018","2111397260","1.69492"
"2111397260","143386018","1.69492"
"143386018","2127171880","3.35358"
"2127171880","143386018","3.35358"
"143386018","2146270836","1.88457"
"2146270836","143386018","1.88457"
"143386018","2404167293","1.64052"
"2404167293","143386018","1.64052"
"143386018","2463456957","0.857118"
"2463456957","143386018","0.857118"
"143386018","2739510617","1.09684"
"2739510617","143386018","1.09684"
"143386018","2765667105","0.9968"
"2765667105","143386018","0.9968"
"143386018","62917406","1.69492"
"62917406","143386018","1.69492"
"1463944966","2054626033","0.797691"
"2054626033","1463944966","0.797691"
"1463944966","2111397260","1.65163"
"2111397260","1463944966","1.65163"
"1463944966","2127171880","1.10315"
"2127171880","1463944966","1.10315"
"1463944966","2765667105","1.69637"
"2765667105","1463944966","1.69637"
"1463944966","62917406","1.65163"
"62917406","1463944966","1.65163"
"2054626033","2111397260","1.97709"
"2111397260","2054626033","1.97709"
"2054626033","2127171880","3.72666"
"2127171880","2054626033","3.72666"
"2054626033","2146270836","3.31479"
"2146270836","2054626033","3.31479"
"2054626033","2404167293","1.48027"
"2404167293","2054626033","1.48027"
"2054626033","2463456957","0.720671"
"2463456957","2054626033","0.720671"
"2054626033","2739510617","1.08658"
"2739510617","2054626033","1.08658"
"2054626033","2765667105","1.56988"
"2765667105","2054626033","1.56988"
"2054626033","62917406","1.97709"
"62917406","2054626033","1.97709"
"2111397260","2127171880","3.16588"
"2127171880","2111397260","3.16588"
"2111397260","2146270836","2.13659"
"2146270836","2111397260","2.13659"
"2111397260","2463456957","1.13414"
"2463456957","2111397260","1.13414"
"2111397260","2739510617","1.38775"
"2739510617","2111397260","1.38775"
"2111397260","2765667105","1.63966"
"2765667105","2111397260","1.63966"
"2127171880","2146270836","2.17025"
"2146270836","2127171880","2.17025"
"2127171880","2404167293","1.66073"
"2404167293","2127171880","1.66073"
"2127171880","2463456957","0.87732"
"2463456957","2127171880","0.87732"
"2127171880","2739510617","0.872594"
"2739510617","2127171880","0.872594"
"2127171880","2765667105","3.46466"
"2765667105","2127171880","3.46466"
"2127171880","62917406","2.16588"
"62917406","2127171880","2.16588"
"2146270836","2765667105","1.24402"
"2765667105","2146270836","1.24402"
"2146270836","62917406","2.13659"
"62917406","2146270836","2.13659"
"2404167293","2765667105","1.45117"
"2765667105","2404167293","1.45117"
"2463456957","2765667105","0.528114"
"2765667105","2463456957","0.528114"
"2463456957","62917406","1.13414"
"62917406","2463456957","1.13414"
"2739510617","2765667105","0.54359"
"2765667105","2739510617","0.54359"
"2739510617","62917406","1.38775"
"62917406","2739510617","1.38775"
"2765667105","62917406","1.63966"
"62917406","2765667105","1.63966"
"143386018","1466389411","2.00762"
"1466389411","143386018","2.00762"
"143386018","1987516957","1.26558"
"1987516957","143386018","1.26558"
"1466389411","1987516957","1.28344"
"1987516957","1466389411","1.28344"
"143386018","2113266120","1.33499"
"2113266120","143386018","1.33499"
"143386018","2750634282","0.383333"
"2750634282","143386018","0.383333"
"2054626033","2113266120","3.56833"
"2113266120","2054626033","3.56833"
"2054626033","2750634282","0.3"
"2750634282","2054626033","0.3"
"2113266120","2127171880","1.89214"
"2127171880","2113266120","1.89214"
"2113266120","2146270836","1.32388"
"2146270836","2113266120","1.32388"
"2113266120","2750634282","0.3"
"2750634282","2113266120","0.3"
"2127171880","2750634282","0.633333"
"2750634282","2127171880","0.633333"
"2146270836","2750634282","0.374242"
"2750634282","2146270836","0.374242"
"1466389411","2054626033","1.76598"
"2054626033","1466389411","1.76598"
"1466389411","2127171880","1.81192"
"2127171880","1466389411","1.81192"
"143386018","2155873597","0.517039"
"2155873597","143386018","0.517039"
"143386018","2346878720","1.41671"
"2346878720","143386018","1.41671"
"2054626033","2155873597","0.606782"
"2155873597","2054626033","0.606782"
"2054626033","2346878720","1.88936"
"2346878720","2054626033","1.88936"
"2111397260","2113266120","1.37666"
"2113266120","2111397260","1.37666"
"2111397260","2155873597","0.552392"
"2155873597","2111397260","0.552392"
"2111397260","2346878720","1.87429"
"2346878720","2111397260","1.87429"
"2113266120","2155873597","0.18254"
"2155873597","2113266120","0.18254"
"2113266120","2346878720","0.698449"
"2346878720","2113266120","0.698449"
"2113266120","2404167293","0.364358"
"2404167293","2113266120","0.364358"
"2113266120","62917406","1.37666"
"62917406","2113266120","1.37666"
"2127171880","2155873597","0.537241"
"2155873597","2127171880","0.537241"
"2127171880","2346878720","1.52656"
"2346878720","2127171880","1.52656"
"2155873597","62917406","0.552392"
"62917406","2155873597","0.552392"
"2346878720","62917406","1.87429"
"62917406","2346878720","1.87429"
"2346878720","2765667105","0.944023"
"2765667105","2346878720","0.944023"
"143386018","1525144403","0.257576"
"1525144403","143386018","0.257576"
"143386018","2105653025","0.0909091"
"2105653025","143386018","0.0909091"
"143386018","2305922715","0.215909"
"2305922715","143386018","0.215909"
"143386018","2411354024","0.0909091"
"2411354024","143386018","0.0909091"
"1466389411","1525144403","0.0909091"
"1525144403","1466389411","0.0909091"
"1466389411","2105653025","0.0909091"
"2105653025","1466389411","0.0909091"
"1466389411","2111397260","2.7275"
"2111397260","1466389411","2.7275"
"1466389411","2168760655","0.0909091"
"2168760655","1466389411","0.0909091"
"1466389411","2305922715","0.0909091"
"2305922715","1466389411","0.0909091"
"1466389411","2400771662","0.0909091"
"2400771662","1466389411","0.0909091"
"1466389411","2411354024","0.624242"
"2411354024","1466389411","0.624242"
"1466389411","62917406","2.7275"
"62917406","1466389411","2.7275"
"1525144403","1987516957","0.0909091"
"1987516957","1525144403","0.0909091"
"1525144403","2105653025","0.0909091"
"2105653025","1525144403","0.0909091"
"1525144403","2111397260","0.257576"
"2111397260","1525144403","0.257576"
"1525144403","2168760655","0.690909"
"2168760655","1525144403","0.690909"
"1525144403","2305922715","0.690909"
"2305922715","1525144403","0.690909"
"1525144403","2346878720","0.0909091"
"2346878720","1525144403","0.0909091"
"1525144403","2411354024","0.0909091"
"2411354024","1525144403","0.0909091"
"1525144403","62917406","0.257576"
"62917406","1525144403","0.257576"
"1987516957","2105653025","0.0909091"
"2105653025","1987516957","0.0909091"
"1987516957","2111397260","0.950108"
"2111397260","1987516957","0.950108"
"1987516957","2168760655","0.0909091"
"2168760655","1987516957","0.0909091"
"1987516957","2305922715","0.0909091"
"2305922715","1987516957","0.0909091"
"1987516957","2346878720","0.406818"
"2346878720","1987516957","0.406818"
"1987516957","2400771662","0.0909091"
"2400771662","1987516957","0.0909091"
"1987516957","2411354024","0.0909091"
"2411354024","1987516957","0.0909091"
"1987516957","62917406","0.950108"
"62917406","1987516957","0.950108"
"2105653025","2111397260","0.0909091"
"2111397260","2105653025","0.0909091"
"2105653025","2346878720","0.0909091"
"2346878720","2105653025","0.0909091"
"2105653025","2400771662","0.0909091"
"2400771662","2105653025","0.0909091"
"2105653025","2411354024","0.0909091"
"2411354024","2105653025","0.0909091"
"2105653025","62917406","0.0909091"
"62917406","2105653025","0.0909091"
"2111397260","2168760655","0.0909091"
"2168760655","2111397260","0.0909091"
"2111397260","2305922715","0.0909091"
"2305922715","2111397260","0.0909091"
"2111397260","2400771662","0.0909091"
"2400771662","2111397260","0.0909091"
"2111397260","2411354024","0.0909091"
"2411354024","2111397260","0.0909091"
"2168760655","2346878720","0.0909091"
"2346878720","2168760655","0.0909091"
"2168760655","2400771662","0.815909"
"2400771662","2168760655","0.815909"
"2168760655","2411354024","0.424242"
"2411354024","2168760655","0.424242"
"2168760655","62917406","0.0909091"
"62917406","2168760655","0.0909091"
"2305922715","2346878720","0.0909091"
"2346878720","2305922715","0.0909091"
"2305922715","2400771662","0.815909"
"2400771662","2305922715","0.815909"
"2305922715","2411354024","0.424242"
"2411354024","2305922715","0.424242"
"2305922715","62917406","0.0909091"
"62917406","2305922715","0.0909091"
"2346878720","2400771662","0.0909091"
"2400771662","2346878720","0.0909091"
"2346878720","2411354024","1.12424"
"2411354024","2346878720","1.12424"
"2400771662","2411354024","0.0909091"
"2411354024","2400771662","0.0909091"
"2400771662","62917406","0.0909091"
"62917406","2400771662","0.0909091"
"2411354024","62917406","0.0909091"
"62917406","2411354024","0.0909091"
"1466389411","2113266120","0.732215"
"2113266120","1466389411","0.732215"
"1987516957","2054626033","4.81753"
"2054626033","1987516957","4.81753"
"1987516957","2113266120","3.67468"
"2113266120","1987516957","3.67468"
"1987516957","2127171880","1.84134"
"2127171880","1987516957","1.84134"
"1987516957","2146270836","0.741342"
"2146270836","1987516957","0.741342"
"1525144403","2054626033","0.166667"
"2054626033","1525144403","0.166667"
"1525144403","2113266120","0.166667"
"2113266120","1525144403","0.166667"
"1525144403","2127171880","0.166667"
"2127171880","1525144403","0.166667"
"1463944966","2750634282","0.590909"
"2750634282","1463944966","0.590909"
"1466389411","2750634282","0.940909"
"2750634282","1466389411","0.940909"
"2111397260","2394619600","2.02934"
"2394619600","2111397260","2.02934"
"2111397260","2750634282","0.274242"
"2750634282","2111397260","0.274242"
"2127171880","2394619600","1.27176"
"2394619600","2127171880","1.27176"
"2346878720","2750634282","0.690909"
"2750634282","2346878720","0.690909"
"2394619600","2750634282","1.44091"
"2750634282","2394619600","1.44091"
"2394619600","62917406","2.02934"
"62917406","2394619600","2.02934"
"2404167293","2750634282","0.174242"
"2750634282","2404167293","0.174242"
"2463456957","2750634282","0.590909"
"2750634282","2463456957","0.590909"
"2750634282","2765667105","0.0833333"
"2765667105","2750634282","0.0833333"
"2750634282","62917406","0.274242"
"62917406","2750634282","0.274242"
"1987516957","2463456957","0.125"
"2463456957","1987516957","0.125"
"1987516957","2765667105","0.358766"
"2765667105","1987516957","0.358766"
"2113266120","2463456957","0.196429"
"2463456957","2113266120","0.196429"
"2113266120","2765667105","1.02702"
"2765667105","2113266120","1.02702"
"2155873597","2765667105","0.24359"
"2765667105","2155873597","0.24359"
"1463944966","2113266120","0.273449"
"2113266120","1463944966","0.273449"
"2054626033","2394619600","1.8254"
"2394619600","2054626033","1.8254"
"2113266120","2394619600","1.28254"
"2394619600","2113266120","1.28254"
"2113266120","2739510617","0.562338"
"2739510617","2113266120","0.562338"
"143386018","189499990","0.925"
"189499990","143386018","0.925"
"189499990","2054626033","0.925"
"2054626033","189499990","0.925"
"189499990","2127171880","1.925"
"2127171880","189499990","1.925"
"189499990","2404167293","0.925"
"2404167293","189499990","0.925"
"1466389411","189499990","0.1"
"189499990","1466389411","0.1"
"189499990","2111397260","0.1"
"2111397260","189499990","0.1"
"189499990","2346878720","0.1"
"2346878720","189499990","0.1"
"189499990","2765667105","0.1"
"2765667105","189499990","0.1"
"189499990","62917406","0.1"
"62917406","189499990","0.1"
"189499990","2394619600","0.2"
"2394619600","189499990","0.2"
"1987516957","2404167293","0.181818"
"2404167293","1987516957","0.181818"
"143386018","2013983933","0.125"
"2013983933","143386018","0.125"
"189499990","2013983933","1.45833"
"2013983933","189499990","1.45833"
"189499990","2168760655","0.125"
"2168760655","189499990","0.125"
"189499990","2305922715","0.125"
"2305922715","189499990","0.125"
"189499990","2400771662","0.125"
"2400771662","189499990","0.125"
"2013983933","2054626033","0.825"
"2054626033","2013983933","0.825"
"2013983933","2127171880","0.125"
"2127171880","2013983933","0.125"
"2013983933","2168760655","0.125"
"2168760655","2013983933","0.125"
"2013983933","2305922715","0.125"
"2305922715","2013983933","0.125"
"2013983933","2400771662","0.125"
"2400771662","2013983933","0.125"
"2013983933","2404167293","0.125"
"2404167293","2013983933","0.125"
"2054626033","2305922715","0.125"
"2305922715","2054626033","0.125"
"2054626033","2400771662","0.125"
"2400771662","2054626033","0.125"
"2127171880","2168760655","0.625"
"2168760655","2127171880","0.625"
"2127171880","2305922715","0.625"
"2305922715","2127171880","0.625"
"2127171880","2400771662","0.125"
"2400771662","2127171880","0.125"
"2168760655","2404167293","0.125"
"2404167293","2168760655","0.125"
"2305922715","2404167293","0.125"
"2404167293","2305922715","0.125"
"2400771662","2404167293","0.125"
"2404167293","2400771662","0.125"
"1987516957","2394619600","0.242857"
"2394619600","1987516957","0.242857"
"1987516957","2750634282","0.1"
"2750634282","1987516957","0.1"
"1463944966","1987516957","0.0909091"
"1987516957","1463944966","0.0909091"
"1987516957","2739510617","0.0909091"
"2739510617","1987516957","0.0909091"
"1444877295","2407155958","2.07619"
"2407155958","1444877295","2.07619"
"1444877295","147035639","0.35"
"147035639","1444877295","0.35"
"1444877295","1525144403","2.74286"
"1525144403","1444877295","2.74286"
"1444877295","2125428582","1.49286"
"2125428582","1444877295","1.49286"
"147035639","1525144403","0.35"
"1525144403","147035639","0.35"
"147035639","2125428582","3.35"
"2125428582","147035639","3.35"
"147035639","2407155958","0.35"
"2407155958","147035639","0.35"
"1525144403","2407155958","1.57619"
"2407155958","1525144403","1.57619"
"2125428582","2407155958","1.49286"
"2407155958","2125428582","1.49286"
"1444877295","2049640090","0.82619"
"2049640090","1444877295","0.82619"
"1444877295","2110522107","0.72619"
"2110522107","1444877295","0.72619"
"1444877295","1568293961","0.242857"
"1568293961","1444877295","0.242857"
"1444877295","2400771662","0.1"
"2400771662","1444877295","0.1"
"1444877295","54874995","0.242857"
"54874995","1444877295","0.242857"
"147035639","1568293961","0.1"
"1568293961","147035639","0.1"
"147035639","2049640090","0.1"
"2049640090","147035639","0.1"
"147035639","2400771662","0.1"
"2400771662","147035639","0.1"
"147035639","54874995","0.1"
"54874995","147035639","0.1"
"1525144403","1568293961","0.242857"
"1568293961","1525144403","0.242857"
"1525144403","2049640090","1.65952"
"2049640090","1525144403","1.65952"
"1525144403","54874995","0.242857"
"54874995","1525144403","0.242857"
"1568293961","2049640090","0.242857"
"2049640090","1568293961","0.242857"
"1568293961","2125428582","0.242857"
"2125428582","1568293961","0.242857"
"1568293961","2168760655","0.1"
"2168760655","1568293961","0.1"
"1568293961","2305922715","0.1"
"2305922715","1568293961","0.1"
"1568293961","2400771662","0.1"
"2400771662","1568293961","0.1"
"1568293961","2407155958","0.242857"
"2407155958","1568293961","0.242857"
"2049640090","2125428582","1.24286"
"2125428582","2049640090","1.24286"
"2049640090","2168760655","2.225"
"2168760655","2049640090","2.225"
"2049640090","2305922715","1.225"
"2305922715","2049640090","1.225"
"2049640090","2400771662","0.1"
"2400771662","2049640090","0.1"
"2049640090","54874995","0.242857"
"54874995","2049640090","0.242857"
"2125428582","2168760655","0.266667"
"2168760655","2125428582","0.266667"
"2125428582","2305922715","0.266667"
"2305922715","2125428582","0.266667"
"2125428582","54874995","0.242857"
"54874995","2125428582","0.242857"
"2168760655","2407155958","0.391667"
"2407155958","2168760655","0.391667"
"2168760655","54874995","0.1"
"54874995","2168760655","0.1"
"2305922715","2407155958","0.391667"
"2407155958","2305922715","0.391667"
"2305922715","54874995","0.1"
"54874995","2305922715","0.1"
"2400771662","2407155958","0.1"
"2407155958","2400771662","0.1"
"2400771662","54874995","0.1"
"54874995","2400771662","0.1"
"2407155958","54874995","0.242857"
"54874995","2407155958","0.242857"
"1525144403","2110522107","1.72619"
"2110522107","1525144403","1.72619"
"1568293961","2110522107","0.142857"
"2110522107","1568293961","0.142857"
"2110522107","2125428582","1.14286"
"2125428582","2110522107","1.14286"
"2110522107","54874995","0.142857"
"54874995","2110522107","0.142857"
"2739510617","2750634282","0.257576"
"2750634282","2739510617","0.257576"
"1463944966","2411354024","0.2"
"2411354024","1463944966","0.2"
"2394619600","2411354024","2.03333"
"2411354024","2394619600","2.03333"
"2411354024","2765667105","1.2"
"2765667105","2411354024","1.2"
"2155873597","2750634282","0.590909"
"2750634282","2155873597","0.590909"
"2013983933","2146270836","0.2"
"2146270836","2013983933","0.2"
"147035639","179403974","0.25"
"179403974","147035639","0.25"
"147035639","2147048465","0.25"
"2147048465","147035639","0.25"
"147035639","1981276164","0.166667"
"1981276164","147035639","0.166667"
"1525144403","1932576009","0.5"
"1932576009","1525144403","0.5"
"1932576009","2110522107","1.16667"
"2110522107","1932576009","1.16667"
"2110522107","2168760655","0.291667"
"2168760655","2110522107","0.291667"
"2110522107","2305922715","0.291667"
"2305922715","2110522107","0.291667"
"153059861","189499990","1.86667"
"189499990","153059861","1.86667"
"153059861","2013983933","7.16667"
"2013983933","153059861","7.16667"
"153059861","2046378201","11.5333"
"2046378201","153059861","11.5333"
"189499990","2046378201","2.86667"
"2046378201","189499990","2.86667"
"2013983933","2046378201","6.66667"
"2046378201","2013983933","6.66667"
"153059861","1980015812","3.2"
"1980015812","153059861","3.2"
"153059861","2400771662","0.5"
"2400771662","153059861","0.5"
"1980015812","2400771662","0.5"
"2400771662","1980015812","0.5"
"153059861","2097988509","0.5"
"2097988509","153059861","0.5"
"2046378201","2097988509","0.5"
"2097988509","2046378201","0.5"
"1980015812","2013983933","0.333333"
"2013983933","1980015812","0.333333"
"1980015812","2046378201","3.2"
"2046378201","1980015812","3.2"
"153059861","2110522107","0.2"
"2110522107","153059861","0.2"
"153059861","2407155958","0.2"
"2407155958","153059861","0.2"
"189499990","1980015812","2.03333"
"1980015812","189499990","2.03333"
"189499990","2110522107","0.2"
"2110522107","189499990","0.2"
"189499990","2407155958","0.2"
"2407155958","189499990","0.2"
"1980015812","2110522107","0.2"
"2110522107","1980015812","0.2"
"1980015812","2407155958","1.2"
"2407155958","1980015812","1.2"
"2046378201","2110522107","0.2"
"2110522107","2046378201","0.2"
"2046378201","2407155958","0.2"
"2407155958","2046378201","0.2"
"153059861","1899673144","0.5"
"1899673144","153059861","0.5"
"1899673144","2046378201","0.5"
"2046378201","1899673144","0.5"
"153059861","2069625763","0.333333"
"2069625763","153059861","0.333333"
"1980015812","2069625763","1.33333"
