"1459628938","1827576348","13.5333"
"1827576348","1459628938","13.5333"
"1459628938","2132505069","2.45"
"2132505069","1459628938","2.45"
"1459628938","36612111","0.666667"
"36612111","1459628938","0.666667"
"2132505069","36612111","1.16667"
"36612111","2132505069","1.16667"
"1459628938","1966561610","1.11667"
"1966561610","1459628938","1.11667"
"1459628938","2048700706","0.783333"
"2048700706","1459628938","0.783333"
"1459628938","206495885","0.783333"
"206495885","1459628938","0.783333"
"1827576348","1966561610","0.366667"
"1966561610","1827576348","0.366667"
"1827576348","2048700706","0.533333"
"2048700706","1827576348","0.533333"
"1827576348","206495885","0.533333"
"206495885","1827576348","0.533333"
"1827576348","2132505069","1.2"
"2132505069","1827576348","1.2"
"1966561610","2048700706","2.2"
"2048700706","1966561610","2.2"
"1966561610","206495885","2.7"
"206495885","1966561610","2.7"
"1966561610","2132505069","4.86667"
"2132505069","1966561610","4.86667"
"2048700706","206495885","3.95"
"206495885","2048700706","3.95"
"2048700706","2132505069","1.95"
"2132505069","2048700706","1.95"
"206495885","2132505069","5.95"
"2132505069","206495885","5.95"
"1459628938","2155104103","0.166667"
"2155104103","1459628938","0.166667"
"1459628938","2480136831","0.5"
"2480136831","1459628938","0.5"
"1827576348","2155104103","0.166667"
"2155104103","1827576348","0.166667"
"1827576348","2480136831","0.5"
"2480136831","1827576348","0.5"
"1827576348","36612111","0.166667"
"36612111","1827576348","0.166667"
"1966561610","2155104103","0.166667"
"2155104103","1966561610","0.166667"
"1966561610","2480136831","0.416667"
"2480136831","1966561610","0.416667"
"1966561610","36612111","1.16667"
"36612111","1966561610","1.16667"
"2132505069","2155104103","0.166667"
"2155104103","2132505069","0.166667"
"2132505069","2480136831","1"
"2480136831","2132505069","1"
"2155104103","2480136831","0.166667"
"2480136831","2155104103","0.166667"
"2155104103","36612111","0.166667"
"36612111","2155104103","0.166667"
"2480136831","36612111","0.833333"
"36612111","2480136831","0.833333"
"1477026606","1495244608","1.83333"
"1495244608","1477026606","1.83333"
"1477026606","163997982","0.333333"
"163997982","1477026606","0.333333"
"1477026606","2218337930","2.83333"
"2218337930","1477026606","2.83333"
"1495244608","163997982","0.333333"
"163997982","1495244608","0.333333"
"1495244608","2218337930","4.16667"
"2218337930","1495244608","4.16667"
"163997982","2218337930","0.333333"
"2218337930","163997982","0.333333"
"1477026606","2033230180","2"
"2033230180","1477026606","2"
"1477026606","2480136831","1"
"2480136831","1477026606","1"
"1479956180","1495244608","0.333333"
"1495244608","1479956180","0.333333"
"1479956180","2020520625","2.69444"
"2020520625","1479956180","2.69444"
"1479956180","2218337930","0.583333"
"2218337930","1479956180","0.583333"
"1495244608","2020520625","0.333333"
"2020520625","1495244608","0.333333"
"2020520625","2218337930","0.333333"
"2218337930","2020520625","0.333333"
"1479956180","2159761160","1.36111"
"2159761160","1479956180","1.36111"
"1479956180","1796177958","2.11111"
"1796177958","1479956180","2.11111"
"1479956180","1836739035","2"
"1836739035","1479956180","2"
"1479956180","164174296","1.36111"
"164174296","1479956180","1.36111"
"164174296","2020520625","6.26111"
"2020520625","164174296","6.26111"
"1479956180","69754518","5.11111"
"69754518","1479956180","5.11111"
"1479956180","2154140914","0.5"
"2154140914","1479956180","0.5"
"2154140914","69754518","1.5"
"69754518","2154140914","1.5"
"1479956180","1699040754","0.361111"
"1699040754","1479956180","0.361111"
"1479956180","1951556645","0.111111"
"1951556645","1479956180","0.111111"
"1479956180","2146398910","1.61111"
"2146398910","1479956180","1.61111"
"1479956180","943931394","0.611111"
"943931394","1479956180","0.611111"
"164174296","1699040754","0.311111"
"1699040754","164174296","0.311111"
"164174296","1796177958","0.311111"
"1796177958","164174296","0.311111"
"164174296","1951556645","0.111111"
"1951556645","164174296","0.111111"
"164174296","2146398910","0.111111"
"2146398910","164174296","0.111111"
"164174296","2159761160","1.76111"
"2159761160","164174296","1.76111"
"164174296","69754518","0.111111"
"69754518","164174296","0.111111"
"164174296","943931394","0.311111"
"943931394","164174296","0.311111"
"1699040754","1796177958","0.311111"
"1796177958","1699040754","0.311111"
"1699040754","1951556645","0.111111"
"1951556645","1699040754","0.111111"
"1699040754","2020520625","0.811111"
"2020520625","1699040754","0.811111"
"1699040754","2146398910","2.69444"
"2146398910","1699040754","2.69444"
"1699040754","2159761160","0.811111"
"2159761160","1699040754","0.811111"
"1699040754","69754518","0.861111"
"69754518","1699040754","0.861111"
"1699040754","943931394","7.39444"
"943931394","1699040754","7.39444"
"1796177958","1951556645","0.111111"
"1951556645","1796177958","0.111111"
"1796177958","2020520625","1.14444"
"2020520625","1796177958","1.14444"
"1796177958","2146398910","0.111111"
"2146398910","1796177958","0.111111"
"1796177958","2159761160","1.14444"
"2159761160","1796177958","1.14444"
"1796177958","69754518","0.444444"
"69754518","1796177958","0.444444"
"1796177958","943931394","0.311111"
"943931394","1796177958","0.311111"
"1951556645","2020520625","0.111111"
"2020520625","1951556645","0.111111"
"1951556645","2146398910","0.111111"
"2146398910","1951556645","0.111111"
"1951556645","2159761160","0.111111"
"2159761160","1951556645","0.111111"
"1951556645","69754518","0.111111"
"69754518","1951556645","0.111111"
"1951556645","943931394","0.111111"
"943931394","1951556645","0.111111"
"2020520625","2146398910","0.111111"
"2146398910","2020520625","0.111111"
"2020520625","2159761160","4.09444"
"2159761160","2020520625","4.09444"
"2020520625","69754518","0.444444"
"69754518","2020520625","0.444444"
"2020520625","943931394","0.311111"
"943931394","2020520625","0.311111"
"2146398910","2159761160","1.11111"
"2159761160","2146398910","1.11111"
"2146398910","69754518","1.61111"
"69754518","2146398910","1.61111"
"2146398910","943931394","8.44444"
"943931394","2146398910","8.44444"
"2159761160","69754518","0.944444"
"69754518","2159761160","0.944444"
"2159761160","943931394","0.811111"
"943931394","2159761160","0.811111"
"69754518","943931394","1.61111"
"943931394","69754518","1.61111"
"2146398910","2218337930","0.25"
"2218337930","2146398910","0.25"
"2218337930","69754518","0.25"
"69754518","2218337930","0.25"
"2218337930","943931394","0.25"
"943931394","2218337930","0.25"
"1479956180","1513118282","0.25"
"1513118282","1479956180","0.25"
"1513118282","164174296","2.25"
"164174296","1513118282","2.25"
"1513118282","2020520625","0.75"
"2020520625","1513118282","0.75"
"1513118282","2159761160","0.25"
"2159761160","1513118282","0.25"
"1513118282","1836739035","0.5"
"1836739035","1513118282","0.5"
"164174296","1836739035","0.5"
"1836739035","164174296","0.5"
"1513118282","1699040754","0.333333"
"1699040754","1513118282","0.333333"
"1513118282","2146398910","0.333333"
"2146398910","1513118282","0.333333"
"1513118282","943931394","0.333333"
"943931394","1513118282","0.333333"
"1546459331","2052573228","8.7"
"2052573228","1546459331","8.7"
"1546459331","42446875","1"
"42446875","1546459331","1"
"1546459331","2065764775","0.5"
"2065764775","1546459331","0.5"
"2052573228","2065764775","0.5"
"2065764775","2052573228","0.5"
"1546459331","164174296","0.2"
"164174296","1546459331","0.2"
"1546459331","2020520625","0.2"
"2020520625","1546459331","0.2"
"1546459331","2159761160","0.2"
"2159761160","1546459331","0.2"
"1546459331","70045893","0.2"
"70045893","1546459331","0.2"
"164174296","2052573228","0.2"
"2052573228","164174296","0.2"
"164174296","70045893","0.2"
"70045893","164174296","0.2"
"2020520625","2052573228","0.2"
"2052573228","2020520625","0.2"
"2020520625","70045893","0.2"
"70045893","2020520625","0.2"
"2052573228","2159761160","0.2"
"2159761160","2052573228","0.2"
"2052573228","70045893","0.533333"
"70045893","2052573228","0.533333"
"2159761160","70045893","0.2"
"70045893","2159761160","0.2"
"1546459331","206495885","1"
"206495885","1546459331","1"
"1558926973","2749268735","12.8333"
"2749268735","1558926973","12.8333"
"1558926973","2052573228","0.833333"
"2052573228","1558926973","0.833333"
"1558926973","70045893","0.333333"
"70045893","1558926973","0.333333"
"2052573228","2749268735","0.833333"
"2749268735","2052573228","0.833333"
"2749268735","70045893","0.333333"
"70045893","2749268735","0.333333"
"163997982","1795360416","0.333333"
"1795360416","163997982","0.333333"
"163997982","2749268735","0.333333"
"2749268735","163997982","0.333333"
"163997982","819284483","0.333333"
"819284483","163997982","0.333333"
"1795360416","2749268735","0.333333"
"2749268735","1795360416","0.333333"
"1795360416","819284483","14.3333"
"819284483","1795360416","14.3333"
"2749268735","819284483","0.333333"
"819284483","2749268735","0.333333"
"163997982","2065764775","0.5"
"2065764775","163997982","0.5"
"163997982","70045893","1.5"
"70045893","163997982","1.5"
"2065764775","70045893","0.5"
"70045893","2065764775","0.5"
"1699040754","1836739035","0.333333"
"1836739035","1699040754","0.333333"
"1836739035","2146398910","0.333333"
"2146398910","1836739035","0.333333"
"1836739035","943931394","1.33333"
"943931394","1836739035","1.33333"
"1699040754","2067918180","0.666667"
"2067918180","1699040754","0.666667"
"2067918180","2146398910","1.16667"
"2146398910","2067918180","1.16667"
"2067918180","943931394","1.16667"
"943931394","2067918180","1.16667"
"1795360416","1831083464","1"
"1831083464","1795360416","1"
"1831083464","2494507518","15"
"2494507518","1831083464","15"
"2048700706","2480136831","1.16667"
"2480136831","2048700706","1.16667"
"206495885","2480136831","1.16667"
"2480136831","206495885","1.16667"
"2048700706","36612111","2.16667"
"36612111","2048700706","2.16667"
"2048700706","2052573228","0.25"
"2052573228","2048700706","0.25"
"2052573228","206495885","0.25"
"206495885","2052573228","0.25"
"2052573228","2132505069","0.25"
"2132505069","2052573228","0.25"
"2052573228","2480136831","0.25"
"2480136831","2052573228","0.25"
"206495885","36612111","0.666667"
"36612111","206495885","0.666667"
"2218337930","2485453052","1"
"2485453052","2218337930","1"
"2480136831","2749268735","1"
"2749268735","2480136831","1"
