"1547928704","1572954901","9.99564"
"1572954901","1547928704","9.99564"
"1547928704","2153576358","2.26786"
"2153576358","1547928704","2.26786"
"1572954901","2153576358","2.43452"
"2153576358","1572954901","2.43452"
"1547928704","48103817","4.56111"
"48103817","1547928704","4.56111"
"1547928704","2123554674","3.18611"
"2123554674","1547928704","3.18611"
"1547928704","2507733702","3.7873"
"2507733702","1547928704","3.7873"
"1572954901","2123554674","7.28611"
"2123554674","1572954901","7.28611"
"1572954901","2507733702","3.32063"
"2507733702","1572954901","3.32063"
"2123554674","2507733702","2.14444"
"2507733702","2123554674","2.14444"
"1547928704","2075013825","1.9123"
"2075013825","1547928704","1.9123"
"1547928704","2307477252","1.31111"
"2307477252","1547928704","1.31111"
"1572954901","2307477252","0.977778"
"2307477252","1572954901","0.977778"
"2307477252","2507733702","4.14444"
"2507733702","2307477252","4.14444"
"1547928704","1910976910","0.111111"
"1910976910","1547928704","0.111111"
"1547928704","1963552832","1.1623"
"1963552832","1547928704","1.1623"
"1547928704","2294595391","0.111111"
"2294595391","1547928704","0.111111"
"1572954901","1910976910","0.111111"
"1910976910","1572954901","0.111111"
"1572954901","1963552832","2.0623"
"1963552832","1572954901","2.0623"
"1572954901","2075013825","0.978968"
"2075013825","1572954901","0.978968"
"1572954901","2294595391","0.111111"
"2294595391","1572954901","0.111111"
"1572954901","48103817","1.16111"
"48103817","1572954901","1.16111"
"1910976910","1963552832","0.844444"
"1963552832","1910976910","0.844444"
"1910976910","2075013825","0.511111"
"2075013825","1910976910","0.511111"
"1910976910","2123554674","0.111111"
"2123554674","1910976910","0.111111"
"1910976910","2294595391","12.1611"
"2294595391","1910976910","12.1611"
"1910976910","2307477252","3.59444"
"2307477252","1910976910","3.59444"
"1910976910","2507733702","0.561111"
"2507733702","1910976910","0.561111"
"1910976910","48103817","0.844444"
"48103817","1910976910","0.844444"
"1963552832","2075013825","2.37897"
"2075013825","1963552832","2.37897"
"1963552832","2123554674","1.08611"
"2123554674","1963552832","1.08611"
"1963552832","2294595391","0.844444"
"2294595391","1963552832","0.844444"
"1963552832","2307477252","1.51111"
"2307477252","1963552832","1.51111"
"1963552832","2507733702","2.15397"
"2507733702","1963552832","2.15397"
"1963552832","48103817","3.19444"
"48103817","1963552832","3.19444"
"2075013825","2123554674","1.33611"
"2123554674","2075013825","1.33611"
"2075013825","2294595391","0.511111"
"2294595391","2075013825","0.511111"
"2075013825","2307477252","0.844444"
"2307477252","2075013825","0.844444"
"2075013825","2507733702","1.9873"
"2507733702","2075013825","1.9873"
"2075013825","48103817","2.11111"
"48103817","2075013825","2.11111"
"2123554674","2294595391","0.111111"
"2294595391","2123554674","0.111111"
"2123554674","2307477252","0.644444"
"2307477252","2123554674","0.644444"
"2123554674","48103817","1.46111"
"48103817","2123554674","1.46111"
"2294595391","2307477252","3.74444"
"2307477252","2294595391","3.74444"
"2294595391","2507733702","0.811111"
"2507733702","2294595391","0.811111"
"2294595391","48103817","0.844444"
"48103817","2294595391","0.844444"
"2307477252","48103817","0.511111"
"48103817","2307477252","0.511111"
"2507733702","48103817","0.711111"
"48103817","2507733702","0.711111"
"2123554674","2153576358","1.45833"
"2153576358","2123554674","1.45833"
"1547928704","2282422520","0.125"
"2282422520","1547928704","0.125"
"1547928704","2409528574","0.325"
"2409528574","1547928704","0.325"
"1547928704","2563480112","0.125"
"2563480112","1547928704","0.125"
"1572954901","2282422520","0.325"
"2282422520","1572954901","0.325"
"1572954901","2409528574","0.325"
"2409528574","1572954901","0.325"
"1572954901","2563480112","0.125"
"2563480112","1572954901","0.125"
"1963552832","2153576358","2.10119"
"2153576358","1963552832","2.10119"
"1963552832","2282422520","0.125"
"2282422520","1963552832","0.125"
"1963552832","2409528574","0.125"
"2409528574","1963552832","0.125"
"1963552832","2563480112","0.125"
"2563480112","1963552832","0.125"
"2075013825","2153576358","0.767857"
"2153576358","2075013825","0.767857"
"2075013825","2282422520","0.125"
"2282422520","2075013825","0.125"
"2075013825","2409528574","0.125"
"2409528574","2075013825","0.125"
"2075013825","2563480112","0.125"
"2563480112","2075013825","0.125"
"2123554674","2282422520","0.325"
"2282422520","2123554674","0.325"
"2123554674","2409528574","0.125"
"2409528574","2123554674","0.125"
"2123554674","2563480112","0.125"
"2563480112","2123554674","0.125"
"2153576358","2282422520","0.125"
"2282422520","2153576358","0.125"
"2153576358","2409528574","0.125"
"2409528574","2153576358","0.125"
"2153576358","2563480112","0.125"
"2563480112","2153576358","0.125"
"2282422520","2409528574","4.00833"
"2409528574","2282422520","4.00833"
"2282422520","2563480112","4.30833"
"2563480112","2282422520","4.30833"
"2409528574","2563480112","1.975"
"2563480112","2409528574","1.975"
"1547928704","2154930424","0.142857"
"2154930424","1547928704","0.142857"
"1547928704","2464365320","0.142857"
"2464365320","1547928704","0.142857"
"1572954901","2154930424","0.142857"
"2154930424","1572954901","0.142857"
"1572954901","2464365320","0.642857"
"2464365320","1572954901","0.642857"
"1963552832","2154930424","0.142857"
"2154930424","1963552832","0.142857"
"1963552832","2464365320","0.142857"
"2464365320","1963552832","0.142857"
"2075013825","2154930424","0.142857"
"2154930424","2075013825","0.142857"
"2075013825","2464365320","0.142857"
"2464365320","2075013825","0.142857"
"2153576358","2154930424","1.14286"
"2154930424","2153576358","1.14286"
"2153576358","2464365320","0.642857"
"2464365320","2153576358","0.642857"
"2153576358","2507733702","0.47619"
"2507733702","2153576358","0.47619"
"2154930424","2464365320","0.142857"
"2464365320","2154930424","0.142857"
"2154930424","2507733702","0.142857"
"2507733702","2154930424","0.142857"
"2464365320","2507733702","0.142857"
"2507733702","2464365320","0.142857"
"1547928704","2264725869","0.533333"
"2264725869","1547928704","0.533333"
"2153576358","2264725869","1.33333"
"2264725869","2153576358","1.33333"
"2264725869","2507733702","0.983333"
"2507733702","2264725869","0.983333"
"1547928704","2570611729","0.2"
"2570611729","1547928704","0.2"
"2264725869","2307477252","0.2"
"2307477252","2264725869","0.2"
"2264725869","2409528574","0.65"
"2409528574","2264725869","0.65"
"2264725869","2570611729","0.533333"
"2570611729","2264725869","0.533333"
"2307477252","2409528574","2.38333"
"2409528574","2307477252","2.38333"
"2307477252","2570611729","0.2"
"2570611729","2307477252","0.2"
"2409528574","2507733702","0.9"
"2507733702","2409528574","0.9"
"2409528574","2570611729","0.2"
"2570611729","2409528574","0.2"
"2507733702","2570611729","0.2"
"2570611729","2507733702","0.2"
"1572954901","2545189819","0.2"
"2545189819","1572954901","0.2"
"1572954901","2577850536","0.2"
"2577850536","1572954901","0.2"
"1572954901","2593472119","0.2"
"2593472119","1572954901","0.2"
"2123554674","2545189819","0.2"
"2545189819","2123554674","0.2"
"2123554674","2577850536","0.2"
"2577850536","2123554674","0.2"
"2123554674","2593472119","0.2"
"2593472119","2123554674","0.2"
"2282422520","2545189819","0.2"
"2545189819","2282422520","0.2"
"2282422520","2577850536","0.2"
"2577850536","2282422520","0.2"
"2282422520","2593472119","0.2"
"2593472119","2282422520","0.2"
"2545189819","2577850536","0.2"
"2577850536","2545189819","0.2"
"2545189819","2593472119","1.62619"
"2593472119","2545189819","1.62619"
"2577850536","2593472119","0.45"
"2593472119","2577850536","0.45"
"1572954901","2098026765","0.2"
"2098026765","1572954901","0.2"
"1572954901","2264725869","0.2"
"2264725869","1572954901","0.2"
"2098026765","2264725869","0.2"
"2264725869","2098026765","0.2"
"2098026765","2409528574","0.45"
"2409528574","2098026765","0.45"
"2098026765","2507733702","0.45"
"2507733702","2098026765","0.45"
"2098026765","48103817","0.2"
"48103817","2098026765","0.2"
"2264725869","48103817","1.2"
"48103817","2264725869","1.2"
"2409528574","48103817","0.2"
"48103817","2409528574","0.2"
"1759101531","1933960435","2.89286"
"1933960435","1759101531","2.89286"
"1759101531","2519246174","2.22619"
"2519246174","1759101531","2.22619"
"1933960435","2519246174","3.42619"
"2519246174","1933960435","3.42619"
"1759101531","2009497894","3.22619"
"2009497894","1759101531","3.22619"
"1759101531","2593472119","3.80952"
"2593472119","1759101531","3.80952"
"1933960435","2009497894","1.84286"
"2009497894","1933960435","1.84286"
"1933960435","2593472119","2.42619"
"2593472119","1933960435","2.42619"
"2009497894","2593472119","4.67619"
"2593472119","2009497894","4.67619"
"1759101531","2563480112","0.559524"
"2563480112","1759101531","0.559524"
"1933960435","2563480112","0.559524"
"2563480112","1933960435","0.559524"
"2009497894","2519246174","1.25952"
"2519246174","2009497894","1.25952"
"2009497894","2563480112","0.559524"
"2563480112","2009497894","0.559524"
"2519246174","2563480112","3.72619"
"2563480112","2519246174","3.72619"
"1759101531","2314118214","0.809524"
"2314118214","1759101531","0.809524"
"1759101531","2545189819","0.47619"
"2545189819","1759101531","0.47619"
"1933960435","2314118214","0.92619"
"2314118214","1933960435","0.92619"
"1933960435","2545189819","0.92619"
"2545189819","1933960435","0.92619"
"2009497894","2314118214","2.34286"
"2314118214","2009497894","2.34286"
"2009497894","2545189819","2.84286"
"2545189819","2009497894","2.84286"
"2314118214","2519246174","2.75952"
"2519246174","2314118214","2.75952"
"2314118214","2545189819","2.25952"
"2545189819","2314118214","2.25952"
"2314118214","2593472119","4.67619"
"2593472119","2314118214","4.67619"
"2519246174","2545189819","2.00952"
"2545189819","2519246174","2.00952"
"2519246174","2593472119","3.17619"
"2593472119","2519246174","3.17619"
"2314118214","2563480112","1.72619"
"2563480112","2314118214","1.72619"
"2545189819","2563480112","0.309524"
"2563480112","2545189819","0.309524"
"2563480112","2593472119","1.97619"
"2593472119","2563480112","1.97619"
"1910976910","2282422520","1.73333"
"2282422520","1910976910","1.73333"
"1910976910","2409528574","6.65"
"2409528574","1910976910","6.65"
"2282422520","2307477252","9.26667"
"2307477252","2282422520","9.26667"
"2294595391","2409528574","2.96667"
"2409528574","2294595391","2.96667"
"1910976910","2264725869","0.25"
"2264725869","1910976910","0.25"
"2264725869","2282422520","0.25"
"2282422520","2264725869","0.25"
"2282422520","2507733702","0.25"
"2507733702","2282422520","0.25"
"2282422520","2294595391","2.71667"
"2294595391","2282422520","2.71667"
"1910976910","2767713621","3.31667"
"2767713621","1910976910","3.31667"
"2282422520","2767713621","2.71667"
"2767713621","2282422520","2.71667"
"2294595391","2767713621","4.88333"
"2767713621","2294595391","4.88333"
"2307477252","2767713621","6.1"
"2767713621","2307477252","6.1"
"2409528574","2767713621","1.96667"
"2767713621","2409528574","1.96667"
"1910976910","2563480112","0.2"
"2563480112","1910976910","0.2"
"2294595391","2563480112","1.18333"
"2563480112","2294595391","1.18333"
"2563480112","2767713621","2.35"
"2767713621","2563480112","2.35"
"1933960435","2570611729","0.25"
"2570611729","1933960435","0.25"
"2314118214","2570611729","7.66667"
"2570611729","2314118214","7.66667"
"2545189819","2570611729","1.75"
"2570611729","2545189819","1.75"
"2570611729","2593472119","3.58333"
"2593472119","2570611729","3.58333"
"1933960435","2098026765","0.25"
"2098026765","1933960435","0.25"
"1933960435","2409528574","0.25"
"2409528574","1933960435","0.25"
"1933960435","2507733702","0.25"
"2507733702","1933960435","0.25"
"2009497894","2098026765","0.25"
"2098026765","2009497894","0.25"
"2009497894","2409528574","0.25"
"2409528574","2009497894","0.25"
"2009497894","2507733702","0.25"
"2507733702","2009497894","0.25"
"1933960435","48103817","1"
"48103817","1933960435","1"
"1963552832","2157285143","1"
"2157285143","1963552832","1"
"2009497894","2570611729","0.5"
"2570611729","2009497894","0.5"
"2075013825","2264725869","1"
"2264725869","2075013825","1"
"2080921895","2098026765","1"
"2098026765","2080921895","1"
"2080921895","2123554674","1"
"2123554674","2080921895","1"
"2098026765","2570611729","1.5"
"2570611729","2098026765","1.5"
"2098026765","2314118214","1.5"
"2314118214","2098026765","1.5"
"2154930424","2264725869","1"
"2264725869","2154930424","1"
"2264725869","2314118214","0.333333"
"2314118214","2264725869","0.333333"
"2264725869","2563480112","0.833333"
"2563480112","2264725869","0.833333"
"2563480112","2570611729","3"
"2570611729","2563480112","3"
"2264725869","2464365320","0.5"
"2464365320","2264725869","0.5"
"2464365320","2563480112","0.5"
"2563480112","2464365320","0.5"
"2307477252","2563480112","3.56667"
"2563480112","2307477252","3.56667"
"2282422520","48103817","1"
"48103817","2282422520","1"
"2507733702","2563480112","0.666667"
"2563480112","2507733702","0.666667"
"2507733702","2767713621","1.66667"
"2767713621","2507733702","1.66667"
"2519246174","2570611729","3.16667"
"2570611729","2519246174","3.16667"
"2519246174","2577850536","0.25"
"2577850536","2519246174","0.25"
"2563480112","2577850536","1.25"
"2577850536","2563480112","1.25"
"2570611729","2577850536","0.25"
"2577850536","2570611729","0.25"
