"12540587","1489067988","0.535714"
"1489067988","12540587","0.535714"
"12540587","1510516687","4.40238"
"1510516687","12540587","4.40238"
"12540587","2033811191","1.06905"
"2033811191","12540587","1.06905"
"12540587","2128551894","0.619048"
"2128551894","12540587","0.619048"
"12540587","2291435189","0.285714"
"2291435189","12540587","0.285714"
"12540587","2415053465","0.285714"
"2415053465","12540587","0.285714"
"12540587","2899471681","1.06905"
"2899471681","12540587","1.06905"
"1489067988","1510516687","2.95238"
"1510516687","1489067988","2.95238"
"1489067988","2033811191","1.34524"
"2033811191","1489067988","1.34524"
"1489067988","2128551894","0.285714"
"2128551894","1489067988","0.285714"
"1489067988","2291435189","0.285714"
"2291435189","1489067988","0.285714"
"1489067988","2415053465","0.285714"
"2415053465","1489067988","0.285714"
"1489067988","2899471681","0.535714"
"2899471681","1489067988","0.535714"
"1510516687","2033811191","15.319"
"2033811191","1510516687","15.319"
"1510516687","2128551894","1.20238"
"2128551894","1510516687","1.20238"
"1510516687","2291435189","0.869048"
"2291435189","1510516687","0.869048"
"1510516687","2415053465","0.285714"
"2415053465","1510516687","0.285714"
"1510516687","2899471681","1.11905"
"2899471681","1510516687","1.11905"
"2033811191","2128551894","0.535714"
"2128551894","2033811191","0.535714"
"2033811191","2291435189","0.535714"
"2291435189","2033811191","0.535714"
"2033811191","2415053465","0.285714"
"2415053465","2033811191","0.285714"
"2033811191","2899471681","0.785714"
"2899471681","2033811191","0.785714"
"2128551894","2291435189","3.70238"
"2291435189","2128551894","3.70238"
"2128551894","2415053465","0.952381"
"2415053465","2128551894","0.952381"
"2128551894","2899471681","1.70238"
"2899471681","2128551894","1.70238"
"2291435189","2415053465","3.11905"
"2415053465","2291435189","3.11905"
"2291435189","2899471681","0.535714"
"2899471681","2291435189","0.535714"
"2415053465","2899471681","2.11905"
"2899471681","2415053465","2.11905"
"12540587","2021124779","1.2"
"2021124779","12540587","1.2"
"1510516687","2021124779","3.86667"
"2021124779","1510516687","3.86667"
"12540587","2044117262","0.2"
"2044117262","12540587","0.2"
"12540587","2105637827","0.2"
"2105637827","12540587","0.2"
"12540587","2107643854","0.733333"
"2107643854","12540587","0.733333"
"12540587","2123437505","0.4"
"2123437505","12540587","0.4"
"2044117262","2105637827","10.4262"
"2105637827","2044117262","10.4262"
"2044117262","2107643854","0.2"
"2107643854","2044117262","0.2"
"2044117262","2123437505","0.366667"
"2123437505","2044117262","0.366667"
"2044117262","2899471681","0.2"
"2899471681","2044117262","0.2"
"2105637827","2107643854","0.2"
"2107643854","2105637827","0.2"
"2105637827","2123437505","0.366667"
"2123437505","2105637827","0.366667"
"2105637827","2899471681","0.2"
"2899471681","2105637827","0.2"
"2107643854","2123437505","1.06667"
"2123437505","2107643854","1.06667"
"2107643854","2899471681","0.2"
"2899471681","2107643854","0.2"
"2123437505","2899471681","0.2"
"2899471681","2123437505","0.2"
"1510516687","2107643854","6.86667"
"2107643854","1510516687","6.86667"
"2033811191","2107643854","1.86667"
"2107643854","2033811191","1.86667"
"1510516687","2123437505","1.36667"
"2123437505","1510516687","1.36667"
"2021124779","2033811191","2.2"
"2033811191","2021124779","2.2"
"2021124779","2107643854","2.86667"
"2107643854","2021124779","2.86667"
"2021124779","2123437505","0.2"
"2123437505","2021124779","0.2"
"2033811191","2123437505","1.7"
"2123437505","2033811191","1.7"
"1489067988","74184291","1"
"74184291","1489067988","1"
"1510516687","74184291","12.3333"
"74184291","1510516687","12.3333"
"1489067988","2044117262","0.392857"
"2044117262","1489067988","0.392857"
"1489067988","2105637827","0.392857"
"2105637827","1489067988","0.392857"
"1489067988","2114275288","0.392857"
"2114275288","1489067988","0.392857"
"1510516687","2044117262","0.583333"
"2044117262","1510516687","0.583333"
"1510516687","2105637827","0.583333"
"2105637827","1510516687","0.583333"
"1510516687","2114275288","9.08333"
"2114275288","1510516687","9.08333"
"2044117262","2114275288","0.559524"
"2114275288","2044117262","0.559524"
"2105637827","2114275288","0.559524"
"2114275288","2105637827","0.559524"
"1489067988","1912565424","0.309524"
"1912565424","1489067988","0.309524"
"1489067988","1994588724","0.309524"
"1994588724","1489067988","0.309524"
"1489067988","2142145056","0.309524"
"2142145056","1489067988","0.309524"
"1912565424","1994588724","4.64286"
"1994588724","1912565424","4.64286"
"1912565424","2033811191","0.642857"
"2033811191","1912565424","0.642857"
"1912565424","2044117262","0.142857"
"2044117262","1912565424","0.142857"
"1912565424","2105637827","0.142857"
"2105637827","1912565424","0.142857"
"1912565424","2114275288","0.642857"
"2114275288","1912565424","0.642857"
"1912565424","2142145056","0.309524"
"2142145056","1912565424","0.309524"
"1994588724","2033811191","0.97619"
"2033811191","1994588724","0.97619"
"1994588724","2044117262","0.142857"
"2044117262","1994588724","0.142857"
"1994588724","2105637827","0.142857"
"2105637827","1994588724","0.142857"
"1994588724","2114275288","1.47619"
"2114275288","1994588724","1.47619"
"1994588724","2142145056","0.309524"
"2142145056","1994588724","0.309524"
"2033811191","2044117262","0.97619"
"2044117262","2033811191","0.97619"
"2033811191","2105637827","0.97619"
"2105637827","2033811191","0.97619"
"2033811191","2114275288","0.642857"
"2114275288","2033811191","0.642857"
"2033811191","2142145056","0.47619"
"2142145056","2033811191","0.47619"
"2044117262","2142145056","0.309524"
"2142145056","2044117262","0.309524"
"2105637827","2142145056","0.309524"
"2142145056","2105637827","0.309524"
"2114275288","2142145056","0.309524"
"2142145056","2114275288","0.309524"
"1489067988","2123437505","0.166667"
"2123437505","1489067988","0.166667"
"1510516687","1912565424","2"
"1912565424","1510516687","2"
"1510516687","1994588724","0.833333"
"1994588724","1510516687","0.833333"
"1510516687","2142145056","0.166667"
"2142145056","1510516687","0.166667"
"1912565424","2123437505","1.16667"
"2123437505","1912565424","1.16667"
"1994588724","2123437505","0.166667"
"2123437505","1994588724","0.166667"
"2123437505","2142145056","2.33333"
"2142145056","2123437505","2.33333"
"1489067988","2755252385","0.5"
"2755252385","1489067988","0.5"
"1510516687","2755252385","0.5"
"2755252385","1510516687","0.5"
"1510516687","2137223022","1.83333"
"2137223022","1510516687","1.83333"
"2137223022","74184291","1.33333"
"74184291","2137223022","1.33333"
"1510516687","1598325486","1.5"
"1598325486","1510516687","1.5"
"1510516687","2410277931","0.333333"
"2410277931","1510516687","0.333333"
"2128551894","2410277931","3.16667"
"2410277931","2128551894","3.16667"
"2291435189","2410277931","1.16667"
"2410277931","2291435189","1.16667"
"1598325486","74184291","0.5"
"74184291","1598325486","0.5"
"2123437505","2137223022","0.833333"
"2137223022","2123437505","0.833333"
"2123437505","74184291","1.5"
"74184291","2123437505","1.5"
"1598325486","1912565424","2"
"1912565424","1598325486","2"
"1912565424","2137223022","1"
"2137223022","1912565424","1"
"1994588724","2137223022","2"
"2137223022","1994588724","2"
"2021124779","2044117262","0.333333"
"2044117262","2021124779","0.333333"
"2021124779","2105637827","0.333333"
"2105637827","2021124779","0.333333"
"2033811191","74184291","0.666667"
"74184291","2033811191","0.666667"
"2044117262","74184291","0.166667"
"74184291","2044117262","0.166667"
"2105637827","74184291","0.166667"
"74184291","2105637827","0.166667"
"2114275288","2123437505","0.166667"
"2123437505","2114275288","0.166667"
"2114275288","74184291","0.166667"
"74184291","2114275288","0.166667"
"2142145056","74184291","0.166667"
"74184291","2142145056","0.166667"
"2410277931","2415053465","1.33333"
"2415053465","2410277931","1.33333"
"2128551894","2755252385","0.833333"
"2755252385","2128551894","0.833333"
"2415053465","2755252385","1.33333"
"2755252385","2415053465","1.33333"
"2755252385","2899471681","3.33333"
"2899471681","2755252385","3.33333"
"2291435189","2755252385","0.5"
"2755252385","2291435189","0.5"
