"113650056","2062046804","6.87734"
"2062046804","113650056","6.87734"
"113650056","1194807963","3.11067"
"1194807963","113650056","3.11067"
"113650056","1556126392","0.134483"
"1556126392","113650056","0.134483"
"113650056","181558728","0.134483"
"181558728","113650056","0.134483"
"113650056","1985055665","0.97734"
"1985055665","113650056","0.97734"
"113650056","2052664035","0.134483"
"2052664035","113650056","0.134483"
"113650056","2108549024","0.610673"
"2108549024","113650056","0.610673"
"113650056","2183645751","0.134483"
"2183645751","113650056","0.134483"
"113650056","2330276519","0.134483"
"2330276519","113650056","0.134483"
"113650056","2557014197","0.1"
"2557014197","113650056","0.1"
"113650056","2964070845","0.467816"
"2964070845","113650056","0.467816"
"1194807963","1556126392","1.93593"
"1556126392","1194807963","1.93593"
"1194807963","181558728","0.461406"
"181558728","1194807963","0.461406"
"1194807963","1985055665","2.6488"
"1985055665","1194807963","2.6488"
"1194807963","2052664035","0.134483"
"2052664035","1194807963","0.134483"
"1194807963","2108549024","1.02093"
"2108549024","1194807963","1.02093"
"1194807963","2183645751","0.479263"
"2183645751","1194807963","0.479263"
"1194807963","2330276519","2.91141"
"2330276519","1194807963","2.91141"
"1194807963","2557014197","3.21667"
"2557014197","1194807963","3.21667"
"1194807963","2964070845","0.174483"
"2964070845","1194807963","0.174483"
"1556126392","181558728","0.461406"
"181558728","1556126392","0.461406"
"1556126392","1985055665","0.604263"
"1985055665","1556126392","0.604263"
"1556126392","2052664035","0.134483"
"2052664035","1556126392","0.134483"
"1556126392","2108549024","0.628073"
"2108549024","1556126392","0.628073"
"1556126392","2183645751","3.97926"
"2183645751","1556126392","3.97926"
"1556126392","2330276519","0.628073"
"2330276519","1556126392","0.628073"
"1556126392","2557014197","0.516667"
"2557014197","1556126392","0.516667"
"1556126392","2964070845","0.174483"
"2964070845","1556126392","0.174483"
"181558728","1985055665","1.33641"
"1985055665","181558728","1.33641"
"181558728","2052664035","0.134483"
"2052664035","181558728","0.134483"
"181558728","2108549024","0.461406"
"2108549024","181558728","0.461406"
"181558728","2183645751","0.211406"
"2183645751","181558728","0.211406"
"181558728","2330276519","0.461406"
"2330276519","181558728","0.461406"
"181558728","2557014197","0.35"
"2557014197","181558728","0.35"
"181558728","2964070845","0.134483"
"2964070845","181558728","0.134483"
"1985055665","2052664035","0.134483"
"2052664035","1985055665","0.134483"
"1985055665","2108549024","0.479263"
"2108549024","1985055665","0.479263"
"1985055665","2183645751","0.479263"
"2183645751","1985055665","0.479263"
"1985055665","2330276519","0.336406"
"2330276519","1985055665","0.336406"
"1985055665","2557014197","0.225"
"2557014197","1985055665","0.225"
"1985055665","2964070845","0.134483"
"2964070845","1985055665","0.134483"
"2052664035","2108549024","0.134483"
"2108549024","2052664035","0.134483"
"2052664035","2183645751","0.134483"
"2183645751","2052664035","0.134483"
"2052664035","2330276519","0.134483"
"2330276519","2052664035","0.134483"
"2052664035","2557014197","0.1"
"2557014197","2052664035","0.1"
"2052664035","2964070845","4.38448"
"2964070845","2052664035","4.38448"
"2108549024","2183645751","0.211406"
"2183645751","2108549024","0.211406"
"2108549024","2330276519","0.878073"
"2330276519","2108549024","0.878073"
"2108549024","2557014197","0.516667"
"2557014197","2108549024","0.516667"
"2108549024","2964070845","0.467816"
"2964070845","2108549024","0.467816"
"2183645751","2330276519","0.211406"
"2330276519","2183645751","0.211406"
"2183645751","2557014197","0.1"
"2557014197","2183645751","0.1"
"2183645751","2964070845","0.134483"
"2964070845","2183645751","0.134483"
"2330276519","2557014197","1.21667"
"2557014197","2330276519","1.21667"
"2330276519","2964070845","0.134483"
"2964070845","2330276519","0.134483"
"2557014197","2964070845","0.1"
"2964070845","2557014197","0.1"
"1194807963","2062046804","3.75426"
"2062046804","1194807963","3.75426"
"1985055665","2062046804","0.954263"
"2062046804","1985055665","0.954263"
"113650056","1985621522","0.544007"
"1985621522","113650056","0.544007"
"113650056","2085176279","0.544007"
"2085176279","113650056","0.544007"
"113650056","953400293","1.21067"
"953400293","113650056","1.21067"
"1985055665","1985621522","0.544007"
"1985621522","1985055665","0.544007"
"1985055665","2085176279","0.62093"
"2085176279","1985055665","0.62093"
"1985055665","953400293","3.74593"
"953400293","1985055665","3.74593"
"1985621522","2062046804","0.544007"
"2062046804","1985621522","0.544007"
"1985621522","2085176279","0.544007"
"2085176279","1985621522","0.544007"
"1985621522","953400293","0.544007"
"953400293","1985621522","0.544007"
"2062046804","2085176279","0.62093"
"2085176279","2062046804","0.62093"
"2062046804","953400293","0.62093"
"953400293","2062046804","0.62093"
"2085176279","953400293","0.62093"
"953400293","2085176279","0.62093"
"1194807963","1985621522","0.344007"
"1985621522","1194807963","0.344007"
"1194807963","2085176279","0.42093"
"2085176279","1194807963","0.42093"
"1194807963","953400293","1.42093"
"953400293","1194807963","1.42093"
"1985621522","2108549024","0.17734"
"2108549024","1985621522","0.17734"
"2062046804","2108549024","0.254263"
"2108549024","2062046804","0.254263"
"2085176279","2108549024","0.254263"
"2108549024","2085176279","0.254263"
"2108549024","953400293","2.25426"
"953400293","2108549024","2.25426"
"113650056","2110253481","1.36782"
"2110253481","113650056","1.36782"
"1194807963","2110253481","0.951149"
"2110253481","1194807963","0.951149"
"2110253481","953400293","0.617816"
"953400293","2110253481","0.617816"
"2964070845","953400293","0.367816"
"953400293","2964070845","0.367816"
"113650056","1491160824","0.0344828"
"1491160824","113650056","0.0344828"
"113650056","1587624965","0.0344828"
"1587624965","113650056","0.0344828"
"113650056","1722893958","0.0344828"
"1722893958","113650056","0.0344828"
"113650056","1880290061","0.0344828"
"1880290061","113650056","0.0344828"
"113650056","1977801353","0.0344828"
"1977801353","113650056","0.0344828"
"113650056","1984045450","0.0344828"
"1984045450","113650056","0.0344828"
"113650056","2025001124","0.0344828"
"2025001124","113650056","0.0344828"
"113650056","2153668298","0.0344828"
"2153668298","113650056","0.0344828"
"113650056","2186076197","0.0344828"
"2186076197","113650056","0.0344828"
"113650056","2293895957","0.0344828"
"2293895957","113650056","0.0344828"
"113650056","2324607578","0.0344828"
"2324607578","113650056","0.0344828"
"113650056","2739932280","0.0344828"
"2739932280","113650056","0.0344828"
"113650056","2752022107","0.0344828"
"2752022107","113650056","0.0344828"
"113650056","2758645964","0.0344828"
"2758645964","113650056","0.0344828"
"113650056","3000192103","0.0344828"
"3000192103","113650056","0.0344828"
"1194807963","1491160824","0.0344828"
"1491160824","1194807963","0.0344828"
"1194807963","1587624965","0.379263"
"1587624965","1194807963","0.379263"
"1194807963","1722893958","1.41926"
"1722893958","1194807963","1.41926"
"1194807963","1880290061","0.80234"
"1880290061","1194807963","0.80234"
"1194807963","1977801353","0.0344828"
"1977801353","1194807963","0.0344828"
"1194807963","1984045450","0.0344828"
"1984045450","1194807963","0.0344828"
"1194807963","2025001124","0.0744828"
"2025001124","1194807963","0.0744828"
"1194807963","2153668298","0.111406"
"2153668298","1194807963","0.111406"
"1194807963","2186076197","0.34234"
"2186076197","1194807963","0.34234"
"1194807963","2293895957","0.0344828"
"2293895957","1194807963","0.0344828"
"1194807963","2324607578","0.0344828"
"2324607578","1194807963","0.0344828"
"1194807963","2739932280","1.3626"
"2739932280","1194807963","1.3626"
"1194807963","2752022107","0.234483"
"2752022107","1194807963","0.234483"
"1194807963","2758645964","1.6452"
"2758645964","1194807963","1.6452"
"1194807963","3000192103","6.53448"
"3000192103","1194807963","6.53448"
"1491160824","1556126392","0.0344828"
"1556126392","1491160824","0.0344828"
"1491160824","1587624965","0.0344828"
"1587624965","1491160824","0.0344828"
"1491160824","1722893958","0.0344828"
"1722893958","1491160824","0.0344828"
"1491160824","181558728","0.0344828"
"181558728","1491160824","0.0344828"
"1491160824","1880290061","0.0344828"
"1880290061","1491160824","0.0344828"
"1491160824","1977801353","0.0344828"
"1977801353","1491160824","0.0344828"
"1491160824","1984045450","0.0344828"
"1984045450","1491160824","0.0344828"
"1491160824","1985055665","0.0344828"
"1985055665","1491160824","0.0344828"
"1491160824","1985621522","0.0344828"
"1985621522","1491160824","0.0344828"
"1491160824","2025001124","0.0344828"
"2025001124","1491160824","0.0344828"
"1491160824","2052664035","0.0344828"
"2052664035","1491160824","0.0344828"
"1491160824","2062046804","1.03448"
"2062046804","1491160824","1.03448"
"1491160824","2085176279","0.0344828"
"2085176279","1491160824","0.0344828"
"1491160824","2108549024","0.0344828"
"2108549024","1491160824","0.0344828"
"1491160824","2110253481","0.0344828"
"2110253481","1491160824","0.0344828"
"1491160824","2153668298","0.0344828"
"2153668298","1491160824","0.0344828"
"1491160824","2183645751","0.0344828"
"2183645751","1491160824","0.0344828"
"1491160824","2186076197","0.0344828"
"2186076197","1491160824","0.0344828"
"1491160824","2293895957","0.0344828"
"2293895957","1491160824","0.0344828"
"1491160824","2324607578","0.0344828"
"2324607578","1491160824","0.0344828"
"1491160824","2330276519","0.0344828"
"2330276519","1491160824","0.0344828"
"1491160824","2739932280","0.0344828"
"2739932280","1491160824","0.0344828"
"1491160824","2752022107","0.0344828"
"2752022107","1491160824","0.0344828"
"1491160824","2758645964","0.0344828"
"2758645964","1491160824","0.0344828"
"1491160824","2964070845","0.0344828"
"2964070845","1491160824","0.0344828"
"1491160824","3000192103","0.0344828"
"3000192103","1491160824","0.0344828"
"1491160824","953400293","0.0344828"
"953400293","1491160824","0.0344828"
"1556126392","1587624965","0.379263"
"1587624965","1556126392","0.379263"
"1556126392","1722893958","0.419263"
"1722893958","1556126392","0.419263"
"1556126392","1880290061","0.326149"
"1880290061","1556126392","0.326149"
"1556126392","1977801353","0.0344828"
"1977801353","1556126392","0.0344828"
"1556126392","1984045450","0.0344828"
"1984045450","1556126392","0.0344828"
"1556126392","1985621522","0.0344828"
"1985621522","1556126392","0.0344828"
"1556126392","2025001124","0.0744828"
"2025001124","1556126392","0.0744828"
"1556126392","2062046804","0.111406"
"2062046804","1556126392","0.111406"
"1556126392","2085176279","0.111406"
"2085176279","1556126392","0.111406"
"1556126392","2110253481","0.284483"
"2110253481","1556126392","0.284483"
"1556126392","2153668298","0.111406"
"2153668298","1556126392","0.111406"
"1556126392","2186076197","2.34234"
"2186076197","1556126392","2.34234"
"1556126392","2293895957","0.0344828"
"2293895957","1556126392","0.0344828"
"1556126392","2324607578","0.0344828"
"2324607578","1556126392","0.0344828"
"1556126392","2739932280","0.236406"
"2739932280","1556126392","0.236406"
"1556126392","2752022107","0.0344828"
"2752022107","1556126392","0.0344828"
"1556126392","2758645964","0.30234"
"2758645964","1556126392","0.30234"
"1556126392","3000192103","0.0344828"
"3000192103","1556126392","0.0344828"
"1556126392","953400293","0.528072"
"953400293","1556126392","0.528072"
"1587624965","1722893958","1.00426"
"1722893958","1587624965","1.00426"
"1587624965","181558728","0.111406"
"181558728","1587624965","0.111406"
"1587624965","1880290061","0.0344828"
"1880290061","1587624965","0.0344828"
"1587624965","1977801353","0.159483"
"1977801353","1587624965","0.159483"
"1587624965","1984045450","0.0344828"
"1984045450","1587624965","0.0344828"
"1587624965","1985055665","0.379263"
"1985055665","1587624965","0.379263"
"1587624965","1985621522","0.0344828"
"1985621522","1587624965","0.0344828"
"1587624965","2025001124","1.82615"
"2025001124","1587624965","1.82615"
"1587624965","2052664035","0.0344828"
"2052664035","1587624965","0.0344828"
"1587624965","2062046804","0.111406"
"2062046804","1587624965","0.111406"
"1587624965","2085176279","0.111406"
"2085176279","1587624965","0.111406"
"1587624965","2108549024","0.111406"
"2108549024","1587624965","0.111406"
"1587624965","2110253481","0.0344828"
"2110253481","1587624965","0.0344828"
"1587624965","2153668298","0.111406"
"2153668298","1587624965","0.111406"
"1587624965","2183645751","0.379263"
"2183645751","1587624965","0.379263"
"1587624965","2186076197","0.30234"
"2186076197","1587624965","0.30234"
"1587624965","2293895957","0.0344828"
"2293895957","1587624965","0.0344828"
"1587624965","2324607578","0.159483"
"2324607578","1587624965","0.159483"
"1587624965","2330276519","0.111406"
"2330276519","1587624965","0.111406"
"1587624965","2739932280","0.861406"
"2739932280","1587624965","0.861406"
"1587624965","2752022107","0.909483"
"2752022107","1587624965","0.909483"
"1587624965","2758645964","0.30234"
"2758645964","1587624965","0.30234"
"1587624965","2964070845","0.0344828"
"2964070845","1587624965","0.0344828"
"1587624965","3000192103","0.0344828"
"3000192103","1587624965","0.0344828"
"1587624965","953400293","0.111406"
"953400293","1587624965","0.111406"
"1722893958","181558728","0.111406"
"181558728","1722893958","0.111406"
"1722893958","1880290061","0.0344828"
"1880290061","1722893958","0.0344828"
"1722893958","1977801353","0.159483"
"1977801353","1722893958","0.159483"
"1722893958","1984045450","0.0344828"
"1984045450","1722893958","0.0344828"
"1722893958","1985055665","0.379263"
"1985055665","1722893958","0.379263"
"1722893958","1985621522","0.0344828"
"1985621522","1722893958","0.0344828"
"1722893958","2025001124","0.413768"
"2025001124","1722893958","0.413768"
"1722893958","2052664035","1.28448"
"2052664035","1722893958","1.28448"
"1722893958","2062046804","0.111406"
"2062046804","1722893958","0.111406"
"1722893958","2085176279","0.111406"
"2085176279","1722893958","0.111406"
"1722893958","2108549024","0.111406"
"2108549024","1722893958","0.111406"
"1722893958","2110253481","4.24877"
"2110253481","1722893958","4.24877"
"1722893958","2153668298","0.111406"
"2153668298","1722893958","0.111406"
"1722893958","2183645751","0.379263"
"2183645751","1722893958","0.379263"
"1722893958","2186076197","0.34234"
"2186076197","1722893958","0.34234"
"1722893958","2293895957","1.78448"
"2293895957","1722893958","1.78448"
"1722893958","2324607578","0.159483"
"2324607578","1722893958","0.159483"
"1722893958","2330276519","0.111406"
"2330276519","1722893958","0.111406"
"1722893958","2739932280","1.94474"
"2739932280","1722893958","1.94474"
"1722893958","2752022107","1.37377"
"2752022107","1722893958","1.37377"
"1722893958","2758645964","2.13567"
"2758645964","1722893958","2.13567"
"1722893958","2964070845","1.32448"
"2964070845","1722893958","1.32448"
"1722893958","3000192103","0.534483"
"3000192103","1722893958","0.534483"
"1722893958","953400293","0.111406"
"953400293","1722893958","0.111406"
"181558728","1880290061","0.159483"
"1880290061","181558728","0.159483"
"181558728","1977801353","0.0344828"
"1977801353","181558728","0.0344828"
"181558728","1984045450","0.0344828"
"1984045450","181558728","0.0344828"
"181558728","1985621522","0.0344828"
"1985621522","181558728","0.0344828"
"181558728","2025001124","0.0344828"
"2025001124","181558728","0.0344828"
"181558728","2062046804","0.111406"
"2062046804","181558728","0.111406"
"181558728","2085176279","0.111406"
"2085176279","181558728","0.111406"
"181558728","2110253481","0.284483"
"2110253481","181558728","0.284483"
"181558728","2153668298","1.11141"
"2153668298","181558728","1.11141"
"181558728","2186076197","0.0344828"
"2186076197","181558728","0.0344828"
"181558728","2293895957","0.0344828"
"2293895957","181558728","0.0344828"
"181558728","2324607578","0.0344828"
"2324607578","181558728","0.0344828"
"181558728","2739932280","0.111406"
"2739932280","181558728","0.111406"
"181558728","2752022107","0.0344828"
"2752022107","181558728","0.0344828"
"181558728","2758645964","0.0344828"
"2758645964","181558728","0.0344828"
"181558728","3000192103","0.0344828"
"3000192103","181558728","0.0344828"
"181558728","953400293","0.361406"
"953400293","181558728","0.361406"
"1880290061","1977801353","0.0344828"
"1977801353","1880290061","0.0344828"
"1880290061","1984045450","0.0344828"
"1984045450","1880290061","0.0344828"
"1880290061","1985055665","1.17734"
"1985055665","1880290061","1.17734"
"1880290061","1985621522","0.0344828"
"1985621522","1880290061","0.0344828"
"1880290061","2025001124","0.0344828"
"2025001124","1880290061","0.0344828"
"1880290061","2052664035","0.0344828"
"2052664035","1880290061","0.0344828"
"1880290061","2062046804","0.0344828"
"2062046804","1880290061","0.0344828"
"1880290061","2085176279","0.0344828"
"2085176279","1880290061","0.0344828"
"1880290061","2108549024","0.326149"
"2108549024","1880290061","0.326149"
"1880290061","2110253481","0.159483"
"2110253481","1880290061","0.159483"
"1880290061","2153668298","0.0344828"
"2153668298","1880290061","0.0344828"
"1880290061","2183645751","0.0344828"
"2183645751","1880290061","0.0344828"
"1880290061","2186076197","0.0344828"
"2186076197","1880290061","0.0344828"
"1880290061","2293895957","0.0344828"
"2293895957","1880290061","0.0344828"
"1880290061","2324607578","0.0344828"
"2324607578","1880290061","0.0344828"
"1880290061","2330276519","0.326149"
"2330276519","1880290061","0.326149"
"1880290061","2739932280","0.17734"
"2739932280","1880290061","0.17734"
"1880290061","2752022107","0.0344828"
"2752022107","1880290061","0.0344828"
"1880290061","2758645964","0.17734"
"2758645964","1880290061","0.17734"
"1880290061","2964070845","0.0344828"
"2964070845","1880290061","0.0344828"
"1880290061","3000192103","0.0344828"
"3000192103","1880290061","0.0344828"
"1880290061","953400293","0.326149"
"953400293","1880290061","0.326149"
"1977801353","1984045450","0.0344828"
"1984045450","1977801353","0.0344828"
"1977801353","1985055665","0.0344828"
"1985055665","1977801353","0.0344828"
"1977801353","1985621522","0.0344828"
"1985621522","1977801353","0.0344828"
"1977801353","2025001124","0.159483"
"2025001124","1977801353","0.159483"
"1977801353","2052664035","0.0344828"
"2052664035","1977801353","0.0344828"
"1977801353","2062046804","0.0344828"
"2062046804","1977801353","0.0344828"
"1977801353","2085176279","0.0344828"
"2085176279","1977801353","0.0344828"
"1977801353","2108549024","0.0344828"
"2108549024","1977801353","0.0344828"
"1977801353","2110253481","0.0344828"
"2110253481","1977801353","0.0344828"
"1977801353","2153668298","0.0344828"
"2153668298","1977801353","0.0344828"
"1977801353","2183645751","0.0344828"
"2183645751","1977801353","0.0344828"
"1977801353","2186076197","0.0344828"
"2186076197","1977801353","0.0344828"
"1977801353","2293895957","0.0344828"
"2293895957","1977801353","0.0344828"
"1977801353","2324607578","12.1595"
"2324607578","1977801353","12.1595"
"1977801353","2330276519","0.0344828"
"2330276519","1977801353","0.0344828"
"1977801353","2739932280","0.159483"
"2739932280","1977801353","0.159483"
"1977801353","2752022107","0.159483"
"2752022107","1977801353","0.159483"
"1977801353","2758645964","0.0344828"
"2758645964","1977801353","0.0344828"
"1977801353","2964070845","0.0344828"
"2964070845","1977801353","0.0344828"
"1977801353","3000192103","0.0344828"
"3000192103","1977801353","0.0344828"
"1977801353","953400293","0.0344828"
"953400293","1977801353","0.0344828"
"1984045450","1985055665","0.0344828"
"1985055665","1984045450","0.0344828"
"1984045450","1985621522","0.0344828"
"1985621522","1984045450","0.0344828"
"1984045450","2025001124","0.0344828"
"2025001124","1984045450","0.0344828"
"1984045450","2052664035","0.0344828"
"2052664035","1984045450","0.0344828"
"1984045450","2062046804","0.0344828"
"2062046804","1984045450","0.0344828"
"1984045450","2085176279","0.0344828"
"2085176279","1984045450","0.0344828"
"1984045450","2108549024","1.03448"
"2108549024","1984045450","1.03448"
"1984045450","2110253481","0.0344828"
"2110253481","1984045450","0.0344828"
"1984045450","2153668298","0.0344828"
"2153668298","1984045450","0.0344828"
"1984045450","2183645751","0.0344828"
"2183645751","1984045450","0.0344828"
"1984045450","2186076197","0.0344828"
"2186076197","1984045450","0.0344828"
"1984045450","2293895957","0.0344828"
"2293895957","1984045450","0.0344828"
"1984045450","2324607578","0.0344828"
"2324607578","1984045450","0.0344828"
"1984045450","2330276519","0.0344828"
"2330276519","1984045450","0.0344828"
"1984045450","2739932280","0.0344828"
"2739932280","1984045450","0.0344828"
"1984045450","2752022107","0.0344828"
"2752022107","1984045450","0.0344828"
"1984045450","2758645964","0.0344828"
"2758645964","1984045450","0.0344828"
"1984045450","2964070845","0.0344828"
"2964070845","1984045450","0.0344828"
"1984045450","3000192103","0.0344828"
"3000192103","1984045450","0.0344828"
"1984045450","953400293","0.0344828"
"953400293","1984045450","0.0344828"
"1985055665","2025001124","0.0344828"
"2025001124","1985055665","0.0344828"
"1985055665","2110253481","0.159483"
"2110253481","1985055665","0.159483"
"1985055665","2153668298","0.111406"
"2153668298","1985055665","0.111406"
"1985055665","2186076197","0.30234"
"2186076197","1985055665","0.30234"
"1985055665","2293895957","0.0344828"
"2293895957","1985055665","0.0344828"
"1985055665","2324607578","0.0344828"
"2324607578","1985055665","0.0344828"
"1985055665","2739932280","0.579263"
"2739932280","1985055665","0.579263"
"1985055665","2752022107","0.0344828"
"2752022107","1985055665","0.0344828"
"1985055665","2758645964","0.445197"
"2758645964","1985055665","0.445197"
"1985055665","3000192103","0.0344828"
"3000192103","1985055665","0.0344828"
"1985621522","2025001124","0.0344828"
"2025001124","1985621522","0.0344828"
"1985621522","2052664035","0.0344828"
"2052664035","1985621522","0.0344828"
"1985621522","2110253481","0.0344828"
"2110253481","1985621522","0.0344828"
"1985621522","2153668298","0.0344828"
"2153668298","1985621522","0.0344828"
"1985621522","2183645751","0.0344828"
"2183645751","1985621522","0.0344828"
"1985621522","2186076197","0.0344828"
"2186076197","1985621522","0.0344828"
"1985621522","2293895957","0.0344828"
"2293895957","1985621522","0.0344828"
"1985621522","2324607578","0.0344828"
"2324607578","1985621522","0.0344828"
"1985621522","2330276519","0.0344828"
"2330276519","1985621522","0.0344828"
"1985621522","2739932280","0.0344828"
"2739932280","1985621522","0.0344828"
"1985621522","2752022107","0.0344828"
"2752022107","1985621522","0.0344828"
"1985621522","2758645964","0.0344828"
"2758645964","1985621522","0.0344828"
"1985621522","2964070845","0.0344828"
"2964070845","1985621522","0.0344828"
"1985621522","3000192103","0.0344828"
"3000192103","1985621522","0.0344828"
"2025001124","2052664035","0.0344828"
"2052664035","2025001124","0.0344828"
"2025001124","2062046804","0.0344828"
"2062046804","2025001124","0.0344828"
"2025001124","2085176279","0.0344828"
"2085176279","2025001124","0.0344828"
"2025001124","2108549024","0.0344828"
"2108549024","2025001124","0.0344828"
"2025001124","2110253481","0.0821018"
"2110253481","2025001124","0.0821018"
"2025001124","2153668298","0.0344828"
"2153668298","2025001124","0.0344828"
"2025001124","2183645751","0.0344828"
"2183645751","2025001124","0.0344828"
"2025001124","2186076197","0.0744828"
"2186076197","2025001124","0.0744828"
"2025001124","2293895957","0.0344828"
"2293895957","2025001124","0.0344828"
"2025001124","2324607578","0.159483"
"2324607578","2025001124","0.159483"
"2025001124","2330276519","0.0344828"
"2330276519","2025001124","0.0344828"
"2025001124","2739932280","0.326149"
"2739932280","2025001124","0.326149"
"2025001124","2752022107","0.623768"
"2752022107","2025001124","0.623768"
"2025001124","2758645964","0.0344828"
"2758645964","2025001124","0.0344828"
"2025001124","2964070845","0.0744828"
"2964070845","2025001124","0.0744828"
"2025001124","3000192103","0.0344828"
"3000192103","2025001124","0.0344828"
"2025001124","953400293","0.0344828"
"953400293","2025001124","0.0344828"
"2052664035","2062046804","0.0344828"
"2062046804","2052664035","0.0344828"
"2052664035","2085176279","0.0344828"
"2085176279","2052664035","0.0344828"
"2052664035","2110253481","0.0344828"
"2110253481","2052664035","0.0344828"
"2052664035","2153668298","0.0344828"
"2153668298","2052664035","0.0344828"
"2052664035","2186076197","0.0344828"
"2186076197","2052664035","0.0344828"
"2052664035","2293895957","3.28448"
"2293895957","2052664035","3.28448"
"2052664035","2324607578","0.0344828"
"2324607578","2052664035","0.0344828"
"2052664035","2739932280","0.284483"
"2739932280","2052664035","0.284483"
"2052664035","2752022107","0.0344828"
"2752022107","2052664035","0.0344828"
"2052664035","2758645964","0.0344828"
"2758645964","2052664035","0.0344828"
"2052664035","3000192103","0.0344828"
"3000192103","2052664035","0.0344828"
"2052664035","953400293","0.0344828"
"953400293","2052664035","0.0344828"
"2062046804","2110253481","0.0344828"
"2110253481","2062046804","0.0344828"
"2062046804","2153668298","0.111406"
"2153668298","2062046804","0.111406"
"2062046804","2183645751","0.111406"
"2183645751","2062046804","0.111406"
"2062046804","2186076197","0.0344828"
"2186076197","2062046804","0.0344828"
"2062046804","2293895957","0.0344828"
"2293895957","2062046804","0.0344828"
"2062046804","2324607578","0.0344828"
"2324607578","2062046804","0.0344828"
"2062046804","2330276519","0.111406"
"2330276519","2062046804","0.111406"
"2062046804","2739932280","0.111406"
"2739932280","2062046804","0.111406"
"2062046804","2752022107","0.0344828"
"2752022107","2062046804","0.0344828"
"2062046804","2758645964","0.0344828"
"2758645964","2062046804","0.0344828"
"2062046804","2964070845","0.0344828"
"2964070845","2062046804","0.0344828"
"2062046804","3000192103","0.0344828"
"3000192103","2062046804","0.0344828"
"2085176279","2110253481","0.0344828"
"2110253481","2085176279","0.0344828"
"2085176279","2153668298","0.111406"
"2153668298","2085176279","0.111406"
"2085176279","2183645751","0.111406"
"2183645751","2085176279","0.111406"
"2085176279","2186076197","0.0344828"
"2186076197","2085176279","0.0344828"
"2085176279","2293895957","0.0344828"
"2293895957","2085176279","0.0344828"
"2085176279","2324607578","0.0344828"
"2324607578","2085176279","0.0344828"
"2085176279","2330276519","0.111406"
"2330276519","2085176279","0.111406"
"2085176279","2739932280","0.111406"
"2739932280","2085176279","0.111406"
"2085176279","2752022107","0.0344828"
"2752022107","2085176279","0.0344828"
"2085176279","2758645964","0.0344828"
"2758645964","2085176279","0.0344828"
"2085176279","2964070845","0.0344828"
"2964070845","2085176279","0.0344828"
"2085176279","3000192103","0.0344828"
"3000192103","2085176279","0.0344828"
"2108549024","2110253481","0.284483"
"2110253481","2108549024","0.284483"
"2108549024","2153668298","0.111406"
"2153668298","2108549024","0.111406"
"2108549024","2186076197","0.0344828"
"2186076197","2108549024","0.0344828"
"2108549024","2293895957","0.0344828"
"2293895957","2108549024","0.0344828"
"2108549024","2324607578","0.0344828"
"2324607578","2108549024","0.0344828"
"2108549024","2739932280","0.361406"
"2739932280","2108549024","0.361406"
"2108549024","2752022107","0.0344828"
"2752022107","2108549024","0.0344828"
"2108549024","2758645964","0.0344828"
"2758645964","2108549024","0.0344828"
"2108549024","3000192103","0.0344828"
"3000192103","2108549024","0.0344828"
"2110253481","2153668298","0.0344828"
"2153668298","2110253481","0.0344828"
"2110253481","2183645751","0.0344828"
"2183645751","2110253481","0.0344828"
"2110253481","2186076197","0.0344828"
"2186076197","2110253481","0.0344828"
"2110253481","2293895957","0.0344828"
"2293895957","2110253481","0.0344828"
"2110253481","2324607578","0.0344828"
"2324607578","2110253481","0.0344828"
"2110253481","2330276519","2.61782"
"2330276519","2110253481","2.61782"
"2110253481","2739932280","0.701149"
"2739932280","2110253481","0.701149"
"2110253481","2752022107","0.415435"
"2752022107","2110253481","0.415435"
"2110253481","2758645964","0.867816"
"2758645964","2110253481","0.867816"
"2110253481","2964070845","0.0344828"
"2964070845","2110253481","0.0344828"
"2110253481","3000192103","0.0344828"
"3000192103","2110253481","0.0344828"
"2153668298","2183645751","0.111406"
"2183645751","2153668298","0.111406"
"2153668298","2186076197","5.03448"
"2186076197","2153668298","5.03448"
"2153668298","2293895957","0.0344828"
"2293895957","2153668298","0.0344828"
"2153668298","2324607578","0.0344828"
"2324607578","2153668298","0.0344828"
"2153668298","2330276519","0.111406"
"2330276519","2153668298","0.111406"
"2153668298","2739932280","0.111406"
"2739932280","2153668298","0.111406"
"2153668298","2752022107","0.0344828"
"2752022107","2153668298","0.0344828"
"2153668298","2758645964","0.0344828"
"2758645964","2153668298","0.0344828"
"2153668298","2964070845","0.0344828"
"2964070845","2153668298","0.0344828"
"2153668298","3000192103","0.0344828"
"3000192103","2153668298","0.0344828"
"2153668298","953400293","0.111406"
"953400293","2153668298","0.111406"
"2183645751","2186076197","2.80234"
"2186076197","2183645751","2.80234"
"2183645751","2293895957","0.0344828"
"2293895957","2183645751","0.0344828"
"2183645751","2324607578","0.0344828"
"2324607578","2183645751","0.0344828"
"2183645751","2739932280","0.236406"
"2739932280","2183645751","0.236406"
"2183645751","2752022107","0.0344828"
"2752022107","2183645751","0.0344828"
"2183645751","2758645964","0.30234"
"2758645964","2183645751","0.30234"
"2183645751","3000192103","0.0344828"
"3000192103","2183645751","0.0344828"
"2183645751","953400293","0.111406"
"953400293","2183645751","0.111406"
"2186076197","2293895957","0.0344828"
"2293895957","2186076197","0.0344828"
"2186076197","2324607578","0.0344828"
"2324607578","2186076197","0.0344828"
"2186076197","2330276519","0.0344828"
"2330276519","2186076197","0.0344828"
"2186076197","2739932280","0.159483"
"2739932280","2186076197","0.159483"
"2186076197","2752022107","0.0344828"
"2752022107","2186076197","0.0344828"
"2186076197","2758645964","0.30234"
"2758645964","2186076197","0.30234"
"2186076197","2964070845","0.0744828"
"2964070845","2186076197","0.0744828"
"2186076197","3000192103","0.0344828"
"3000192103","2186076197","0.0344828"
"2186076197","953400293","0.0344828"
"953400293","2186076197","0.0344828"
"2293895957","2324607578","0.0344828"
"2324607578","2293895957","0.0344828"
"2293895957","2330276519","0.0344828"
"2330276519","2293895957","0.0344828"
"2293895957","2739932280","0.784483"
"2739932280","2293895957","0.784483"
"2293895957","2752022107","0.0344828"
"2752022107","2293895957","0.0344828"
"2293895957","2758645964","0.0344828"
"2758645964","2293895957","0.0344828"
"2293895957","2964070845","5.28448"
"2964070845","2293895957","5.28448"
"2293895957","3000192103","0.0344828"
"3000192103","2293895957","0.0344828"
"2293895957","953400293","0.0344828"
"953400293","2293895957","0.0344828"
"2324607578","2330276519","0.0344828"
"2330276519","2324607578","0.0344828"
"2324607578","2739932280","0.159483"
"2739932280","2324607578","0.159483"
"2324607578","2752022107","0.159483"
"2752022107","2324607578","0.159483"
"2324607578","2758645964","0.0344828"
"2758645964","2324607578","0.0344828"
"2324607578","2964070845","0.0344828"
"2964070845","2324607578","0.0344828"
"2324607578","3000192103","0.0344828"
"3000192103","2324607578","0.0344828"
"2324607578","953400293","0.0344828"
"953400293","2324607578","0.0344828"
"2330276519","2739932280","0.894739"
"2739932280","2330276519","0.894739"
"2330276519","2752022107","0.234483"
"2752022107","2330276519","0.234483"
"2330276519","2758645964","0.234483"
"2758645964","2330276519","0.234483"
"2330276519","3000192103","0.0344828"
"3000192103","2330276519","0.0344828"
"2330276519","953400293","0.778072"
"953400293","2330276519","0.778072"
"2739932280","2752022107","0.859483"
"2752022107","2739932280","0.859483"
"2739932280","2758645964","1.00234"
"2758645964","2739932280","1.00234"
"2739932280","2964070845","0.284483"
"2964070845","2739932280","0.284483"
"2739932280","3000192103","0.534483"
"3000192103","2739932280","0.534483"
"2739932280","953400293","0.361406"
"953400293","2739932280","0.361406"
"2752022107","2758645964","0.567816"
"2758645964","2752022107","0.567816"
"2752022107","2964070845","0.0344828"
"2964070845","2752022107","0.0344828"
"2752022107","3000192103","0.0344828"
"3000192103","2752022107","0.0344828"
"2752022107","953400293","0.0344828"
"953400293","2752022107","0.0344828"
"2758645964","2964070845","0.0344828"
"2964070845","2758645964","0.0344828"
"2758645964","3000192103","0.534483"
"3000192103","2758645964","0.534483"
"2758645964","953400293","0.0344828"
"953400293","2758645964","0.0344828"
"2964070845","3000192103","0.0344828"
"3000192103","2964070845","0.0344828"
"3000192103","953400293","0.0344828"
"953400293","3000192103","0.0344828"
"113650056","2033101376","2"
"2033101376","113650056","2"
"2557014197","2739932280","0.491667"
"2739932280","2557014197","0.491667"
"2557014197","2752022107","1.62262"
"2752022107","2557014197","1.62262"
"2557014197","2758645964","0.2"
"2758645964","2557014197","0.2"
"1194807963","2098290044","2.04952"
"2098290044","1194807963","2.04952"
"1194807963","1497058698","0.573333"
"1497058698","1194807963","0.573333"
"1194807963","2033101376","1.04952"
"2033101376","1194807963","1.04952"
"1497058698","2033101376","1.07333"
"2033101376","1497058698","1.07333"
"1497058698","2098290044","1.07333"
"2098290044","1497058698","1.07333"
"2033101376","2098290044","5.71619"
"2098290044","2033101376","5.71619"
"1880290061","2033101376","0.642857"
"2033101376","1880290061","0.642857"
"1880290061","2098290044","0.642857"
"2098290044","1880290061","0.642857"
"1880290061","2557014197","0.291667"
"2557014197","1880290061","0.291667"
"2557014197","953400293","0.416667"
"953400293","2557014197","0.416667"
"1194807963","2580748008","0.5"
"2580748008","1194807963","0.5"
"1722893958","2580748008","1.17262"
"2580748008","1722893958","1.17262"
"1194807963","1967843292","0.04"
"1967843292","1194807963","0.04"
"1194807963","2001833422","0.04"
"2001833422","1194807963","0.04"
"1194807963","2018867159","0.0988235"
"2018867159","1194807963","0.0988235"
"1194807963","2027206187","0.04"
"2027206187","1194807963","0.04"
"1194807963","2063653683","0.04"
"2063653683","1194807963","0.04"
"1194807963","2074059529","0.04"
"2074059529","1194807963","0.04"
"1194807963","2096558875","0.0988235"
"2096558875","1194807963","0.0988235"
"1194807963","2098965553","0.04"
"2098965553","1194807963","0.04"
"1194807963","2112071315","0.0988235"
"2112071315","1194807963","0.0988235"
"1194807963","2122279915","0.0988235"
"2122279915","1194807963","0.0988235"
"1194807963","2123499226","0.0988235"
"2123499226","1194807963","0.0988235"
"1194807963","2131850993","0.0988235"
"2131850993","1194807963","0.0988235"
"1194807963","2133949120","0.04"
"2133949120","1194807963","0.04"
"1194807963","2144342795","0.0988235"
"2144342795","1194807963","0.0988235"
"1194807963","2154360630","0.0988235"
"2154360630","1194807963","0.0988235"
"1194807963","2156445274","0.0988235"
"2156445274","1194807963","0.0988235"
"1194807963","2188387264","0.04"
"2188387264","1194807963","0.04"
"1497058698","1556126392","0.04"
"1556126392","1497058698","0.04"
"1497058698","1722893958","0.04"
"1722893958","1497058698","0.04"
"1497058698","1967843292","0.04"
"1967843292","1497058698","0.04"
"1497058698","2001833422","0.04"
"2001833422","1497058698","0.04"
"1497058698","2018867159","0.04"
"2018867159","1497058698","0.04"
"1497058698","2025001124","0.04"
"2025001124","1497058698","0.04"
"1497058698","2027206187","0.54"
"2027206187","1497058698","0.54"
"1497058698","2063653683","0.04"
"2063653683","1497058698","0.04"
"1497058698","2074059529","0.04"
"2074059529","1497058698","0.04"
"1497058698","2096558875","0.373333"
"2096558875","1497058698","0.373333"
"1497058698","2098965553","0.04"
"2098965553","1497058698","0.04"
"1497058698","2112071315","0.04"
"2112071315","1497058698","0.04"
"1497058698","2122279915","0.04"
"2122279915","1497058698","0.04"
"1497058698","2123499226","0.04"
"2123499226","1497058698","0.04"
"1497058698","2131850993","0.04"
"2131850993","1497058698","0.04"
"1497058698","2133949120","0.04"
"2133949120","1497058698","0.04"
"1497058698","2144342795","0.04"
"2144342795","1497058698","0.04"
"1497058698","2154360630","1.04"
"2154360630","1497058698","1.04"
"1497058698","2156445274","0.04"
"2156445274","1497058698","0.04"
"1497058698","2186076197","0.04"
"2186076197","1497058698","0.04"
"1497058698","2188387264","0.04"
"2188387264","1497058698","0.04"
"1497058698","2964070845","0.04"
"2964070845","1497058698","0.04"
"1556126392","1967843292","0.04"
"1967843292","1556126392","0.04"
"1556126392","2001833422","0.04"
"2001833422","1556126392","0.04"
"1556126392","2018867159","0.04"
"2018867159","1556126392","0.04"
"1556126392","2027206187","0.04"
"2027206187","1556126392","0.04"
"1556126392","2033101376","0.04"
"2033101376","1556126392","0.04"
"1556126392","2063653683","0.04"
"2063653683","1556126392","0.04"
"1556126392","2074059529","0.04"
"2074059529","1556126392","0.04"
"1556126392","2096558875","0.04"
"2096558875","1556126392","0.04"
"1556126392","2098290044","0.04"
"2098290044","1556126392","0.04"
"1556126392","2098965553","0.04"
"2098965553","1556126392","0.04"
"1556126392","2112071315","0.04"
"2112071315","1556126392","0.04"
"1556126392","2122279915","0.04"
"2122279915","1556126392","0.04"
"1556126392","2123499226","0.04"
"2123499226","1556126392","0.04"
"1556126392","2131850993","0.04"
"2131850993","1556126392","0.04"
"1556126392","2133949120","0.04"
"2133949120","1556126392","0.04"
"1556126392","2144342795","0.04"
"2144342795","1556126392","0.04"
"1556126392","2154360630","0.04"
"2154360630","1556126392","0.04"
"1556126392","2156445274","0.04"
"2156445274","1556126392","0.04"
"1556126392","2188387264","0.54"
"2188387264","1556126392","0.54"
"1722893958","1967843292","0.04"
"1967843292","1722893958","0.04"
"1722893958","2001833422","0.0876191"
"2001833422","1722893958","0.0876191"
"1722893958","2018867159","0.0876191"
"2018867159","1722893958","0.0876191"
"1722893958","2027206187","0.04"
"2027206187","1722893958","0.04"
"1722893958","2033101376","0.04"
"2033101376","1722893958","0.04"
"1722893958","2063653683","0.04"
"2063653683","1722893958","0.04"
"1722893958","2074059529","0.04"
"2074059529","1722893958","0.04"
"1722893958","2096558875","0.0876191"
"2096558875","1722893958","0.0876191"
"1722893958","2098290044","0.04"
"2098290044","1722893958","0.04"
"1722893958","2098965553","0.04"
"2098965553","1722893958","0.04"
"1722893958","2112071315","0.0876191"
"2112071315","1722893958","0.0876191"
"1722893958","2122279915","0.0876191"
"2122279915","1722893958","0.0876191"
"1722893958","2123499226","0.0876191"
"2123499226","1722893958","0.0876191"
"1722893958","2131850993","0.04"
"2131850993","1722893958","0.04"
"1722893958","2133949120","0.04"
"2133949120","1722893958","0.04"
"1722893958","2144342795","0.0876191"
"2144342795","1722893958","0.0876191"
"1722893958","2154360630","0.0876191"
"2154360630","1722893958","0.0876191"
"1722893958","2156445274","0.0876191"
"2156445274","1722893958","0.0876191"
"1722893958","2188387264","0.04"
"2188387264","1722893958","0.04"
"1967843292","2001833422","0.04"
"2001833422","1967843292","0.04"
"1967843292","2018867159","0.04"
"2018867159","1967843292","0.04"
"1967843292","2025001124","0.04"
"2025001124","1967843292","0.04"
"1967843292","2027206187","0.373333"
"2027206187","1967843292","0.373333"
"1967843292","2033101376","0.04"
"2033101376","1967843292","0.04"
"1967843292","2063653683","0.04"
"2063653683","1967843292","0.04"
"1967843292","2074059529","0.373333"
"2074059529","1967843292","0.373333"
"1967843292","2096558875","0.04"
"2096558875","1967843292","0.04"
