"1490527255","1602336106","0.466889"
"1602336106","1490527255","0.466889"
"1490527255","1661225639","1.48495"
"1661225639","1490527255","1.48495"
"1490527255","1761689865","0.905147"
"1761689865","1490527255","0.905147"
"1490527255","1909570134","0.971814"
"1909570134","1490527255","0.971814"
"1490527255","1918294184","0.905147"
"1918294184","1490527255","0.905147"
"1490527255","2103406421","1.48495"
"2103406421","1490527255","1.48495"
"1490527255","2112788210","0.842647"
"2112788210","1490527255","0.842647"
"1490527255","2116765758","1.48495"
"2116765758","1490527255","1.48495"
"1490527255","2133043391","1.48495"
"2133043391","1490527255","1.48495"
"1490527255","2134006990","1.17181"
"2134006990","1490527255","1.17181"
"1490527255","2160156499","1.48495"
"2160156499","1490527255","1.48495"
"1490527255","2160633857","1.48495"
"2160633857","1490527255","1.48495"
"1490527255","2164115077","1.48495"
"2164115077","1490527255","1.48495"
"1490527255","2167664085","1.48495"
"2167664085","1490527255","1.48495"
"1490527255","2168473279","1.48495"
"2168473279","1490527255","1.48495"
"1490527255","986313623","0.971814"
"986313623","1490527255","0.971814"
"1602336106","1661225639","5.75151"
"1661225639","1602336106","5.75151"
"1602336106","1761689865","0.641132"
"1761689865","1602336106","0.641132"
"1602336106","1909570134","1.00767"
"1909570134","1602336106","1.00767"
"1602336106","1918294184","0.781908"
"1918294184","1602336106","0.781908"
"1602336106","2103406421","9.53167"
"2103406421","1602336106","9.53167"
"1602336106","2112788210","0.796464"
"2112788210","1602336106","0.796464"
"1602336106","2116765758","14.2817"
"2116765758","1602336106","14.2817"
"1602336106","2133043391","11.815"
"2133043391","1602336106","11.815"
"1602336106","2134006990","1.46792"
"2134006990","1602336106","1.46792"
"1602336106","2160156499","29.2817"
"2160156499","1602336106","29.2817"
"1602336106","2160633857","8.94833"
"2160633857","1602336106","8.94833"
"1602336106","2164115077","11.2817"
"2164115077","1602336106","11.2817"
"1602336106","2167664085","8.07095"
"2167664085","1602336106","8.07095"
"1602336106","2168473279","8.19595"
"2168473279","1602336106","8.19595"
"1602336106","986313623","0.840999"
"986313623","1602336106","0.840999"
"1661225639","1761689865","2.35565"
"1761689865","1661225639","2.35565"
"1661225639","1909570134","2.28128"
"1909570134","1661225639","2.28128"
"1661225639","1918294184","1.98885"
"1918294184","1661225639","1.98885"
"1661225639","2103406421","33.4899"
"2103406421","1661225639","33.4899"
"1661225639","2112788210","4.66098"
"2112788210","1661225639","4.66098"
"1661225639","2116765758","33.6327"
"2116765758","1661225639","33.6327"
"1661225639","2133043391","33.5494"
"2133043391","1661225639","33.5494"
"1661225639","2134006990","4.33446"
"2134006990","1661225639","4.33446"
"1661225639","2160156499","35.2042"
"2160156499","1661225639","35.2042"
"1661225639","2160633857","33.2327"
"2160633857","1661225639","33.2327"
"1661225639","2164115077","33.6327"
"2164115077","1661225639","33.6327"
"1661225639","2167664085","33.5577"
"2167664085","1661225639","33.5577"
"1661225639","2168473279","33.3494"
"2168473279","1661225639","33.3494"
"1661225639","986313623","2.12017"
"986313623","1661225639","2.12017"
"1761689865","1909570134","1.05515"
"1909570134","1761689865","1.05515"
"1761689865","1918294184","1.05515"
"1918294184","1761689865","1.05515"
"1761689865","2103406421","2.35565"
"2103406421","1761689865","2.35565"
"1761689865","2112788210","0.77598"
"2112788210","1761689865","0.77598"
"1761689865","2116765758","2.35565"
"2116765758","1761689865","2.35565"
"1761689865","2133043391","2.15565"
"2133043391","1761689865","2.15565"
"1761689865","2134006990","1.42939"
"2134006990","1761689865","1.42939"
"1761689865","2160156499","2.35565"
"2160156499","1761689865","2.35565"
"1761689865","2160633857","2.15565"
"2160633857","1761689865","2.15565"
"1761689865","2164115077","2.35565"
"2164115077","1761689865","2.35565"
"1761689865","2167664085","2.15565"
"2167664085","1761689865","2.15565"
"1761689865","2168473279","2.15565"
"2168473279","1761689865","2.15565"
"1761689865","986313623","0.971814"
"986313623","1761689865","0.971814"
"1909570134","1918294184","1.37658"
"1918294184","1909570134","1.37658"
"1909570134","2103406421","2.28128"
"2103406421","1909570134","2.28128"
"1909570134","2112788210","0.91957"
"2112788210","1909570134","0.91957"
"1909570134","2116765758","2.28128"
"2116765758","1909570134","2.28128"
"1909570134","2133043391","2.28128"
"2133043391","1909570134","2.28128"
"1909570134","2134006990","1.68683"
"2134006990","1909570134","1.68683"
"1909570134","2160156499","2.28128"
"2160156499","1909570134","2.28128"
"1909570134","2160633857","2.28128"
"2160633857","1909570134","2.28128"
"1909570134","2164115077","2.28128"
"2164115077","1909570134","2.28128"
"1909570134","2167664085","2.28128"
"2167664085","1909570134","2.28128"
"1909570134","2168473279","2.28128"
"2168473279","1909570134","2.28128"
"1909570134","986313623","1.75991"
"986313623","1909570134","1.75991"
"1918294184","2103406421","1.98885"
"2103406421","1918294184","1.98885"
"1918294184","2112788210","0.77598"
"2112788210","1918294184","0.77598"
"1918294184","2116765758","1.98885"
"2116765758","1918294184","1.98885"
"1918294184","2133043391","1.98885"
"2133043391","1918294184","1.98885"
"1918294184","2134006990","1.4535"
"2134006990","1918294184","1.4535"
"1918294184","2160156499","1.98885"
"2160156499","1918294184","1.98885"
"1918294184","2160633857","1.98885"
"2160633857","1918294184","1.98885"
"1918294184","2164115077","1.98885"
"2164115077","1918294184","1.98885"
"1918294184","2167664085","1.98885"
"2167664085","1918294184","1.98885"
"1918294184","2168473279","1.98885"
"2168473279","1918294184","1.98885"
"1918294184","986313623","1.2035"
"986313623","1918294184","1.2035"
"2103406421","2112788210","4.46098"
"2112788210","2103406421","4.46098"
"2103406421","2116765758","57.7438"
"2116765758","2103406421","57.7438"
"2103406421","2133043391","38.6272"
"2133043391","2103406421","38.6272"
"2103406421","2134006990","4.33446"
"2134006990","2103406421","4.33446"
"2103406421","2160156499","55.2081"
"2160156499","2103406421","55.2081"
"2103406421","2160633857","50.5938"
"2160633857","2103406421","50.5938"
"2103406421","2164115077","45.9938"
"2164115077","2103406421","45.9938"
"2103406421","2167664085","37.6831"
"2167664085","2103406421","37.6831"
"2103406421","2168473279","37.3081"
"2168473279","2103406421","37.3081"
"2103406421","986313623","2.12017"
"986313623","2103406421","2.12017"
"2112788210","2116765758","4.46098"
"2116765758","2112788210","4.46098"
"2112788210","2133043391","4.66098"
"2133043391","2112788210","4.66098"
"2112788210","2134006990","1.01048"
"2134006990","2112788210","1.01048"
"2112788210","2160156499","4.46098"
"2160156499","2112788210","4.46098"
"2112788210","2160633857","4.46098"
"2160633857","2112788210","4.46098"
"2112788210","2164115077","4.46098"
"2164115077","2112788210","4.46098"
"2112788210","2167664085","4.66098"
"2167664085","2112788210","4.66098"
"2112788210","2168473279","4.66098"
"2168473279","2112788210","4.66098"
"2112788210","986313623","0.842647"
"986313623","2112788210","0.842647"
"2116765758","2133043391","38.9367"
"2133043391","2116765758","38.9367"
"2116765758","2134006990","4.33446"
"2134006990","2116765758","4.33446"
"2116765758","2160156499","1004.87"
"2160156499","2116765758","1004.87"
"2116765758","2160633857","54.7367"
"2160633857","2116765758","54.7367"
"2116765758","2164115077","71.1367"
"2164115077","2116765758","71.1367"
"2116765758","2167664085","37.4927"
"2167664085","2116765758","37.4927"
"2116765758","2168473279","37.451"
"2168473279","2116765758","37.451"
"2116765758","986313623","2.12017"
"986313623","2116765758","2.12017"
"2133043391","2134006990","4.33446"
"2134006990","2133043391","4.33446"
"2133043391","2160156499","38.5081"
"2160156499","2133043391","38.5081"
"2133043391","2160633857","38.2367"
"2160633857","2133043391","38.2367"
"2133043391","2164115077","38.9367"
"2164115077","2133043391","38.9367"
"2133043391","2167664085","37.9426"
"2167664085","2133043391","37.9426"
"2133043391","2168473279","37.901"
"2168473279","2133043391","37.901"
"2133043391","986313623","2.12017"
"986313623","2133043391","2.12017"
"2134006990","2160156499","4.33446"
"2160156499","2134006990","4.33446"
"2134006990","2160633857","4.33446"
"2160633857","2134006990","4.33446"
"2134006990","2164115077","4.33446"
"2164115077","2134006990","4.33446"
"2134006990","2167664085","4.33446"
"2167664085","2134006990","4.33446"
"2134006990","2168473279","4.33446"
"2168473279","2134006990","4.33446"
"2134006990","986313623","1.63683"
"986313623","2134006990","1.63683"
"2160156499","2160633857","50.7248"
"2160633857","2160156499","50.7248"
"2160156499","2164115077","67.1248"
"2164115077","2160156499","67.1248"
"2160156499","2167664085","37.0641"
"2167664085","2160156499","37.0641"
"2160156499","2168473279","37.0224"
"2168473279","2160156499","37.0224"
"2160156499","986313623","2.12017"
"986313623","2160156499","2.12017"
"2160633857","2164115077","45.4867"
"2164115077","2160633857","45.4867"
"2160633857","2167664085","37.826"
"2167664085","2160633857","37.826"
"2160633857","2168473279","37.451"
"2168473279","2160633857","37.451"
"2160633857","986313623","2.12017"
"986313623","2160633857","2.12017"
"2164115077","2167664085","37.4927"
"2167664085","2164115077","37.4927"
"2164115077","2168473279","37.451"
"2168473279","2164115077","37.451"
"2164115077","986313623","2.12017"
"986313623","2164115077","2.12017"
"2167664085","2168473279","37.776"
"2168473279","2167664085","37.776"
"2167664085","986313623","2.12017"
"986313623","2167664085","2.12017"
"2168473279","986313623","2.12017"
"986313623","2168473279","2.12017"
"1490527255","1900866225","0.400223"
"1900866225","1490527255","0.400223"
"1661225639","1900866225","9.37341"
"1900866225","1661225639","9.37341"
"1761689865","1900866225","0.765374"
"1900866225","1761689865","0.765374"
"1900866225","1909570134","0.690999"
"1909570134","1900866225","0.690999"
"1900866225","1918294184","0.548574"
"1918294184","1900866225","0.548574"
"1900866225","2103406421","26.794"
"2103406421","1900866225","26.794"
"1900866225","2112788210","1.08737"
"2112788210","1900866225","1.08737"
"1900866225","2116765758","28.6869"
"2116765758","1900866225","28.6869"
"1900866225","2133043391","15.5202"
"2133043391","1900866225","15.5202"
"1900866225","2134006990","1.13307"
"2134006990","1900866225","1.13307"
"1900866225","2160156499","24.9607"
"2160156499","1900866225","24.9607"
"1900866225","2160633857","25.9369"
"2160633857","1900866225","25.9369"
"1900866225","2164115077","17.4369"
"2164115077","1900866225","17.4369"
"1900866225","2167664085","12.0678"
"2167664085","1900866225","12.0678"
"1900866225","2168473279","12.0678"
"2168473279","1900866225","12.0678"
"1900866225","986313623","0.690999"
"986313623","1900866225","0.690999"
"1602336106","1900866225","9.83861"
"1900866225","1602336106","9.83861"
