"1498254745","1527922435","0.971429"
"1527922435","1498254745","0.971429"
"1498254745","1787185437","0.971429"
"1787185437","1498254745","0.971429"
"1498254745","1899976796","0.971429"
"1899976796","1498254745","0.971429"
"1498254745","2025347960","0.571429"
"2025347960","1498254745","0.571429"
"1498254745","2055885578","0.571429"
"2055885578","1498254745","0.571429"
"1498254745","2241065521","0.971429"
"2241065521","1498254745","0.971429"
"1498254745","2271121929","0.971429"
"2271121929","1498254745","0.971429"
"1527922435","1787185437","0.971429"
"1787185437","1527922435","0.971429"
"1527922435","1899976796","1.97143"
"1899976796","1527922435","1.97143"
"1527922435","2025347960","0.571429"
"2025347960","1527922435","0.571429"
"1527922435","2055885578","0.571429"
"2055885578","1527922435","0.571429"
"1527922435","2241065521","1.97143"
"2241065521","1527922435","1.97143"
"1527922435","2271121929","0.971429"
"2271121929","1527922435","0.971429"
"1787185437","1899976796","1.97143"
"1899976796","1787185437","1.97143"
"1787185437","2025347960","0.571429"
"2025347960","1787185437","0.571429"
"1787185437","2055885578","0.571429"
"2055885578","1787185437","0.571429"
"1787185437","2241065521","1.97143"
"2241065521","1787185437","1.97143"
"1787185437","2271121929","1.97143"
"2271121929","1787185437","1.97143"
"1899976796","2025347960","0.571429"
"2025347960","1899976796","0.571429"
"1899976796","2055885578","0.571429"
"2055885578","1899976796","0.571429"
"1899976796","2241065521","6.97143"
"2241065521","1899976796","6.97143"
"1899976796","2271121929","0.971429"
"2271121929","1899976796","0.971429"
"2025347960","2055885578","0.571429"
"2055885578","2025347960","0.571429"
"2025347960","2241065521","0.571429"
"2241065521","2025347960","0.571429"
"2025347960","2271121929","0.571429"
"2271121929","2025347960","0.571429"
"2055885578","2241065521","0.571429"
"2241065521","2055885578","0.571429"
"2055885578","2271121929","0.571429"
"2271121929","2055885578","0.571429"
"2241065521","2271121929","0.971429"
"2271121929","2241065521","0.971429"
"1787185437","1983155946","0.25"
"1983155946","1787185437","0.25"
"1787185437","2027511659","0.25"
"2027511659","1787185437","0.25"
"1787185437","2089523193","0.25"
"2089523193","1787185437","0.25"
"1787185437","2091339327","0.25"
"2091339327","1787185437","0.25"
"1983155946","2027511659","0.583333"
"2027511659","1983155946","0.583333"
"1983155946","2089523193","0.25"
"2089523193","1983155946","0.25"
"1983155946","2091339327","0.25"
"2091339327","1983155946","0.25"
"2027511659","2089523193","3.75"
"2089523193","2027511659","3.75"
"2027511659","2091339327","0.25"
"2091339327","2027511659","0.25"
"2089523193","2091339327","0.25"
"2091339327","2089523193","0.25"
"1787185437","1844872391","0.25"
"1844872391","1787185437","0.25"
"1787185437","1926590704","0.25"
"1926590704","1787185437","0.25"
"1787185437","2286339199","0.25"
"2286339199","1787185437","0.25"
"1787185437","2297835779","0.25"
"2297835779","1787185437","0.25"
"1844872391","1926590704","6.08333"
"1926590704","1844872391","6.08333"
"1844872391","2286339199","3.08333"
"2286339199","1844872391","3.08333"
"1844872391","2297835779","3.08333"
"2297835779","1844872391","3.08333"
"1926590704","2286339199","3.08333"
"2286339199","1926590704","3.08333"
"1926590704","2297835779","3.08333"
"2297835779","1926590704","3.08333"
"2286339199","2297835779","8.08333"
"2297835779","2286339199","8.08333"
"1822204325","1927018208","21.3333"
"1927018208","1822204325","21.3333"
"1822204325","1833123875","0.833333"
"1833123875","1822204325","0.833333"
"1822204325","1843079507","0.833333"
"1843079507","1822204325","0.833333"
"1833123875","1843079507","4.16667"
"1843079507","1833123875","4.16667"
"1833123875","1927018208","0.333333"
"1927018208","1833123875","0.333333"
"1843079507","1927018208","0.333333"
"1927018208","1843079507","0.333333"
"1833123875","1983155946","0.333333"
"1983155946","1833123875","0.333333"
"1833123875","1993851983","0.333333"
"1993851983","1833123875","0.333333"
"1843079507","1983155946","0.333333"
"1983155946","1843079507","0.333333"
"1843079507","1993851983","0.333333"
"1993851983","1843079507","0.333333"
"1983155946","1993851983","2.66667"
"1993851983","1983155946","2.66667"
"1841301778","1844872391","0.25"
"1844872391","1841301778","0.25"
"1841301778","1926590704","0.25"
"1926590704","1841301778","0.25"
"1841301778","2286339199","0.25"
"2286339199","1841301778","0.25"
"1841301778","2297835779","0.25"
"2297835779","1841301778","0.25"
"1843079507","1945633977","1"
"1945633977","1843079507","1"
"1844872391","1944834013","0.25"
"1944834013","1844872391","0.25"
"1926590704","1944834013","0.25"
"1944834013","1926590704","0.25"
"1944834013","2286339199","0.25"
"2286339199","1944834013","0.25"
"1944834013","2297835779","0.25"
"2297835779","1944834013","0.25"
"1944834013","1983155946","0.333333"
"1983155946","1944834013","0.333333"
"1944834013","1993851983","0.333333"
"1993851983","1944834013","0.333333"
"1944834013","2027511659","0.333333"
"2027511659","1944834013","0.333333"
"1993851983","2027511659","0.333333"
"2027511659","1993851983","0.333333"
"2027511659","2066740791","1.5"
"2066740791","2027511659","1.5"
"2066740791","2089523193","1.5"
"2089523193","2066740791","1.5"
"2120718790","2204217547","2"
"2204217547","2120718790","2"
