"139147767","1430184177","0.524242"
"1430184177","139147767","0.524242"
"139147767","1559707925","0.974242"
"1559707925","139147767","0.974242"
"139147767","1574326402","1.92424"
"1574326402","139147767","1.92424"
"139147767","1738472778","1.29924"
"1738472778","139147767","1.29924"
"139147767","2089528989","2.72424"
"2089528989","139147767","2.72424"
"139147767","2100181507","0.840909"
"2100181507","139147767","0.840909"
"139147767","2180500182","0.649242"
"2180500182","139147767","0.649242"
"139147767","2295776812","0.0909091"
"2295776812","139147767","0.0909091"
"139147767","2346660823","0.315909"
"2346660823","139147767","0.315909"
"139147767","2397111273","0.515909"
"2397111273","139147767","0.515909"
"139147767","2775789639","0.515909"
"2775789639","139147767","0.515909"
"1430184177","1559707925","1.19091"
"1559707925","1430184177","1.19091"
"1430184177","1574326402","0.190909"
"1574326402","1430184177","0.190909"
"1430184177","1738472778","0.524242"
"1738472778","1430184177","0.524242"
"1430184177","2089528989","0.190909"
"2089528989","1430184177","0.190909"
"1430184177","2100181507","0.190909"
"2100181507","1430184177","0.190909"
"1430184177","2180500182","10.6909"
"2180500182","1430184177","10.6909"
"1430184177","2295776812","0.424242"
"2295776812","1430184177","0.424242"
"1430184177","2346660823","0.190909"
"2346660823","1430184177","0.190909"
"1430184177","2397111273","0.190909"
"2397111273","1430184177","0.190909"
"1430184177","2775789639","0.690909"
"2775789639","1430184177","0.690909"
"1559707925","1574326402","2.24091"
"1574326402","1559707925","2.24091"
"1559707925","1738472778","3.69924"
"1738472778","1559707925","3.69924"
"1559707925","2089528989","1.84091"
"2089528989","1559707925","1.84091"
"1559707925","2100181507","1.80758"
"2100181507","1559707925","1.80758"
"1559707925","2180500182","0.315909"
"2180500182","1559707925","0.315909"
"1559707925","2295776812","0.457576"
"2295776812","1559707925","0.457576"
"1559707925","2346660823","2.49924"
"2346660823","1559707925","2.49924"
"1559707925","2397111273","3.33258"
"2397111273","1559707925","3.33258"
"1559707925","2775789639","3.33258"
"2775789639","1559707925","3.33258"
"1574326402","1738472778","2.31988"
"1738472778","1574326402","2.31988"
"1574326402","2089528989","6.56273"
"2089528989","1574326402","6.56273"
"1574326402","2100181507","6.44607"
"2100181507","1574326402","6.44607"
"1574326402","2180500182","0.315909"
"2180500182","1574326402","0.315909"
"1574326402","2295776812","0.469877"
"2295776812","1574326402","0.469877"
"1574326402","2346660823","1.08258"
"2346660823","1574326402","1.08258"
"1574326402","2397111273","0.882576"
"2397111273","1574326402","0.882576"
"1574326402","2775789639","2.78258"
"2775789639","1574326402","2.78258"
"1738472778","2089528989","1.58654"
"2089528989","1738472778","1.58654"
"1738472778","2100181507","1.46988"
"2100181507","1738472778","1.46988"
"1738472778","2180500182","0.649242"
"2180500182","1738472778","0.649242"
"1738472778","2295776812","0.95202"
"2295776812","1738472778","0.95202"
"1738472778","2346660823","3.62424"
"2346660823","1738472778","3.62424"
"1738472778","2397111273","2.00758"
"2397111273","1738472778","2.00758"
"1738472778","2775789639","4.86591"
"2775789639","1738472778","4.86591"
"2089528989","2100181507","4.0794"
"2100181507","2089528989","4.0794"
"2089528989","2180500182","0.315909"
"2180500182","2089528989","0.315909"
"2089528989","2295776812","0.469877"
"2295776812","2089528989","0.469877"
"2089528989","2346660823","1.38258"
"2346660823","2089528989","1.38258"
"2089528989","2397111273","0.482576"
"2397111273","2089528989","0.482576"
"2089528989","2775789639","2.24924"
"2775789639","2089528989","2.24924"
"2100181507","2180500182","0.315909"
"2180500182","2100181507","0.315909"
"2100181507","2295776812","0.469877"
"2295776812","2100181507","0.469877"
"2100181507","2346660823","0.482576"
"2346660823","2100181507","0.482576"
"2100181507","2397111273","0.682576"
"2397111273","2100181507","0.682576"
"2100181507","2775789639","2.68258"
"2775789639","2100181507","2.68258"
"2180500182","2295776812","0.424242"
"2295776812","2180500182","0.424242"
"2180500182","2346660823","0.190909"
"2346660823","2180500182","0.190909"
"2180500182","2397111273","0.190909"
"2397111273","2180500182","0.190909"
"2180500182","2775789639","0.815909"
"2775789639","2180500182","0.815909"
"2295776812","2346660823","1.84091"
"2346660823","2295776812","1.84091"
"2295776812","2397111273","2.79091"
"2397111273","2295776812","2.79091"
"2295776812","2775789639","0.590909"
"2775789639","2295776812","0.590909"
"2346660823","2397111273","0.932576"
"2397111273","2346660823","0.932576"
"2346660823","2775789639","2.70758"
"2775789639","2346660823","2.70758"
"2397111273","2775789639","1.80758"
"2775789639","2397111273","1.80758"
"139147767","2063633069","5"
"2063633069","139147767","5"
"139147767","2493173739","0.25"
"2493173739","139147767","0.25"
"1559707925","2493173739","1.25"
"2493173739","1559707925","1.25"
"1574326402","2493173739","0.980159"
"2493173739","1574326402","0.980159"
"1738472778","2493173739","0.378968"
"2493173739","1738472778","0.378968"
"2089528989","2493173739","0.646825"
"2493173739","2089528989","0.646825"
"2100181507","2493173739","0.980159"
"2493173739","2100181507","0.980159"
"2180500182","2493173739","0.125"
"2493173739","2180500182","0.125"
"2493173739","2775789639","0.291667"
"2775789639","2493173739","0.291667"
"139147767","2425475030","0.125"
"2425475030","139147767","0.125"
"1559707925","2425475030","1.125"
"2425475030","1559707925","1.125"
"1574326402","2425475030","0.625"
"2425475030","1574326402","0.625"
"2089528989","2425475030","0.125"
"2425475030","2089528989","0.125"
"2100181507","2425475030","0.625"
"2425475030","2100181507","0.625"
"2346660823","2425475030","0.125"
"2425475030","2346660823","0.125"
"2346660823","2493173739","0.125"
"2493173739","2346660823","0.125"
"2397111273","2425475030","7.04167"
"2425475030","2397111273","7.04167"
"2397111273","2493173739","2.875"
"2493173739","2397111273","2.875"
"2425475030","2493173739","1.70833"
"2493173739","2425475030","1.70833"
"139147767","2745062479","0.25"
"2745062479","139147767","0.25"
"1574326402","2745062479","1.43849"
"2745062479","1574326402","1.43849"
"1738472778","2745062479","0.503968"
"2745062479","1738472778","0.503968"
"2089528989","2745062479","1.10516"
"2745062479","2089528989","1.10516"
"1430184177","2944649363","1.33333"
"2944649363","1430184177","1.33333"
"1430184177","2331349420","0.333333"
"2331349420","1430184177","0.333333"
"1430184177","2477329965","0.333333"
"2477329965","1430184177","0.333333"
"2180500182","2331349420","0.333333"
"2331349420","2180500182","0.333333"
"2180500182","2477329965","0.333333"
"2477329965","2180500182","0.333333"
"2331349420","2477329965","3.48611"
"2477329965","2331349420","3.48611"
"2180500182","2944649363","0.333333"
"2944649363","2180500182","0.333333"
"2295776812","2944649363","0.458333"
"2944649363","2295776812","0.458333"
"1559707925","2063633069","1"
"2063633069","1559707925","1"
"1559707925","2331349420","0.366667"
"2331349420","1559707925","0.366667"
"1559707925","2477329965","0.166667"
"2477329965","1559707925","0.166667"
"1559707925","2915252968","0.7"
"2915252968","1559707925","0.7"
"2295776812","2331349420","3.07897"
"2331349420","2295776812","3.07897"
"2295776812","2477329965","0.986111"
"2477329965","2295776812","0.986111"
"2295776812","2915252968","0.366667"
"2915252968","2295776812","0.366667"
"2331349420","2397111273","2.03333"
"2397111273","2331349420","2.03333"
"2331349420","2775789639","1.5"
"2775789639","2331349420","1.5"
"2331349420","2915252968","0.366667"
"2915252968","2331349420","0.366667"
"2397111273","2477329965","0.333333"
"2477329965","2397111273","0.333333"
"2397111273","2915252968","1.7"
"2915252968","2397111273","1.7"
"2477329965","2775789639","0.666667"
"2775789639","2477329965","0.666667"
"2477329965","2915252968","0.166667"
"2915252968","2477329965","0.166667"
"2775789639","2915252968","1"
"2915252968","2775789639","1"
"1559707925","2806302538","0.7"
"2806302538","1559707925","0.7"
"2295776812","2806302538","4.56111"
"2806302538","2295776812","4.56111"
"2331349420","2806302538","3.64444"
"2806302538","2331349420","3.64444"
"2397111273","2806302538","0.7"
"2806302538","2397111273","0.7"
"2806302538","2915252968","0.2"
"2915252968","2806302538","0.2"
"1574326402","2331349420","0.771825"
"2331349420","1574326402","0.771825"
"1574326402","2531132285","0.410714"
"2531132285","1574326402","0.410714"
"1738472778","2331349420","0.253968"
"2331349420","1738472778","0.253968"
"1738472778","2531132285","0.142857"
"2531132285","1738472778","0.142857"
"2089528989","2331349420","0.771825"
"2331349420","2089528989","0.771825"
"2089528989","2531132285","0.410714"
"2531132285","2089528989","0.410714"
"2100181507","2331349420","0.771825"
"2331349420","2100181507","0.771825"
"2100181507","2531132285","0.410714"
"2531132285","2100181507","0.410714"
"2100181507","2745062479","1.18849"
"2745062479","2100181507","1.18849"
"2331349420","2493173739","0.563492"
"2493173739","2331349420","0.563492"
"2331349420","2531132285","0.410714"
"2531132285","2331349420","0.410714"
"2331349420","2745062479","0.521825"
"2745062479","2331349420","0.521825"
"2493173739","2531132285","0.285714"
"2531132285","2493173739","0.285714"
"2493173739","2745062479","0.730159"
"2745062479","2493173739","0.730159"
"2531132285","2745062479","0.410714"
"2745062479","2531132285","0.410714"
"1574326402","2477329965","0.486111"
"2477329965","1574326402","0.486111"
"1574326402","2806302538","0.111111"
"2806302538","1574326402","0.111111"
"1738472778","2477329965","0.361111"
"2477329965","1738472778","0.361111"
"1738472778","2806302538","3.36111"
"2806302538","1738472778","3.36111"
"2089528989","2477329965","0.486111"
"2477329965","2089528989","0.486111"
"2089528989","2806302538","0.111111"
"2806302538","2089528989","0.111111"
"2100181507","2477329965","0.486111"
"2477329965","2100181507","0.486111"
"2100181507","2806302538","0.111111"
"2806302538","2100181507","0.111111"
"2295776812","2493173739","0.253968"
"2493173739","2295776812","0.253968"
"2295776812","2745062479","1.37897"
"2745062479","2295776812","1.37897"
"2477329965","2493173739","0.277778"
"2493173739","2477329965","0.277778"
"2477329965","2745062479","0.236111"
"2745062479","2477329965","0.236111"
"2477329965","2806302538","2.36111"
"2806302538","2477329965","2.36111"
"2493173739","2806302538","0.111111"
"2806302538","2493173739","0.111111"
"2745062479","2806302538","0.111111"
"2806302538","2745062479","0.111111"
"1574326402","2910552411","0.333333"
"2910552411","1574326402","0.333333"
"2089528989","2910552411","0.333333"
"2910552411","2089528989","0.333333"
"2100181507","2910552411","0.333333"
"2910552411","2100181507","0.333333"
"1574326402","2915252968","0.5"
"2915252968","1574326402","0.5"
"2100181507","2915252968","0.5"
"2915252968","2100181507","0.5"
"1574326402","2944649363","0.125"
"2944649363","1574326402","0.125"
"2089528989","2944649363","0.125"
"2944649363","2089528989","0.125"
"2100181507","2944649363","0.125"
"2944649363","2100181507","0.125"
"2295776812","2531132285","0.267857"
"2531132285","2295776812","0.267857"
"2331349420","2944649363","0.125"
"2944649363","2331349420","0.125"
"2477329965","2531132285","0.125"
"2531132285","2477329965","0.125"
"2477329965","2944649363","0.125"
"2944649363","2477329965","0.125"
"2531132285","2944649363","0.125"
"2944649363","2531132285","0.125"
"2745062479","2944649363","0.125"
"2944649363","2745062479","0.125"
"2346660823","2477329965","0.25"
"2477329965","2346660823","0.25"
"2346660823","2806302538","1.75"
"2806302538","2346660823","1.75"
"1989168465","2063633069","2"
"2063633069","1989168465","2"
"1989168465","2346660823","1.5"
"2346660823","1989168465","1.5"
"1989168465","2331349420","0.5"
"2331349420","1989168465","0.5"
"2331349420","2346660823","0.5"
"2346660823","2331349420","0.5"
"1989168465","2745251062","0.5"
"2745251062","1989168465","0.5"
"1989168465","2910552411","0.5"
"2910552411","1989168465","0.5"
"2745251062","2910552411","0.5"
"2910552411","2745251062","0.5"
"1989168465","2320651915","2"
"2320651915","1989168465","2"
"2063633069","2295776812","1"
"2295776812","2063633069","1"
"2295776812","2745251062","1.33333"
"2745251062","2295776812","1.33333"
"2295776812","3023331137","0.333333"
"3023331137","2295776812","0.333333"
"2397111273","2745251062","0.333333"
"2745251062","2397111273","0.333333"
"2397111273","3023331137","3.08333"
"3023331137","2397111273","3.08333"
"2745251062","3023331137","0.833333"
"3023331137","2745251062","0.833333"
"2331349420","2767329275","0.166667"
"2767329275","2331349420","0.166667"
"2331349420","3023331137","0.166667"
"3023331137","2331349420","0.166667"
"2397111273","2767329275","0.75"
"2767329275","2397111273","0.75"
"2477329965","2767329275","0.166667"
"2767329275","2477329965","0.166667"
"2477329965","3023331137","0.166667"
"3023331137","2477329965","0.166667"
"2493173739","2767329275","0.416667"
"2767329275","2493173739","0.416667"
"2493173739","3023331137","0.416667"
"3023331137","2493173739","0.416667"
"2767329275","2775789639","0.666667"
"2775789639","2767329275","0.666667"
"2767329275","3023331137","4.75"
"3023331137","2767329275","4.75"
"2775789639","3023331137","0.666667"
"3023331137","2775789639","0.666667"
"2331349420","2745251062","0.333333"
"2745251062","2331349420","0.333333"
"2745251062","2775789639","0.833333"
"2775789639","2745251062","0.833333"
"2745251062","2806302538","3.33333"
"2806302538","2745251062","3.33333"
"2775789639","2806302538","1.33333"
"2806302538","2775789639","1.33333"
"2346660823","2767329275","1"
"2767329275","2346660823","1"
"2346660823","2986851647","1"
"2986851647","2346660823","1"
"2346660823","2531132285","0.5"
"2531132285","2346660823","0.5"
"2531132285","2806302538","0.5"
"2806302538","2531132285","0.5"
"2425475030","3023331137","2.58333"
"3023331137","2425475030","2.58333"
"2397111273","2944649363","0.333333"
"2944649363","2397111273","0.333333"
"2425475030","2944649363","0.333333"
"2944649363","2425475030","0.333333"
"2493173739","2944649363","0.333333"
"2944649363","2493173739","0.333333"
"2425475030","2767329275","0.583333"
"2767329275","2425475030","0.583333"
"2477329965","2745251062","1"
"2745251062","2477329965","1"
"2531132285","2965714291","1"
"2965714291","2531132285","1"
"2531132285","2786771525","2"
"2786771525","2531132285","2"
"2745251062","2915252968","0.5"
"2915252968","2745251062","0.5"
"2745251062","2767329275","0.5"
"2767329275","2745251062","0.5"
"2767329275","2965714291","1"
"2965714291","2767329275","1"
"2806302538","2910552411","1"
"2910552411","2806302538","1"
"2904846776","2944649363","1"
"2944649363","2904846776","1"
"2965714291","3023331137","1"
"3023331137","2965714291","1"
"2986851647","3023331137","1"
"3023331137","2986851647","1"
