"1481539231","1539119759","1"
"1539119759","1481539231","1"
"1481539231","1503064432","0.5"
"1503064432","1481539231","0.5"
"1481539231","1612316802","0.5"
"1612316802","1481539231","0.5"
"1503064432","1612316802","0.5"
"1612316802","1503064432","0.5"
"1481539231","1986411436","1.5"
"1986411436","1481539231","1.5"
"1481539231","1547596220","0.5"
"1547596220","1481539231","0.5"
"1547596220","1986411436","8.23535"
"1986411436","1547596220","8.23535"
"1489965786","1515930309","2.44444"
"1515930309","1489965786","2.44444"
"1489965786","1539119759","3.57778"
"1539119759","1489965786","3.57778"
"1489965786","1540738747","2.40278"
"1540738747","1489965786","2.40278"
"1489965786","1547596220","3.44444"
"1547596220","1489965786","3.44444"
"1489965786","1986411436","1.47778"
"1986411436","1489965786","1.47778"
"1489965786","2155767969","3.90278"
"2155767969","1489965786","3.90278"
"1515930309","1539119759","4.77778"
"1539119759","1515930309","4.77778"
"1515930309","1540738747","1.77778"
"1540738747","1515930309","1.77778"
"1515930309","1547596220","6.39444"
"1547596220","1515930309","6.39444"
"1515930309","1986411436","3.47778"
"1986411436","1515930309","3.47778"
"1515930309","2155767969","4.81111"
"2155767969","1515930309","4.81111"
"1539119759","1540738747","1.57778"
"1540738747","1539119759","1.57778"
"1539119759","1547596220","8.11111"
"1547596220","1539119759","8.11111"
"1539119759","1986411436","3.56111"
"1986411436","1539119759","3.56111"
"1539119759","2155767969","2.69444"
"2155767969","1539119759","2.69444"
"1540738747","1547596220","1.77778"
"1547596220","1540738747","1.77778"
"1540738747","1986411436","0.777778"
"1986411436","1540738747","0.777778"
"1540738747","2155767969","3.90278"
"2155767969","1540738747","3.90278"
"1547596220","2155767969","4.73535"
"2155767969","1547596220","4.73535"
"1986411436","2155767969","2.63535"
"2155767969","1986411436","2.63535"
"1489965786","2033076167","0.511111"
"2033076167","1489965786","0.511111"
"1515930309","2033076167","0.311111"
"2033076167","1515930309","0.311111"
"1540738747","2033076167","0.511111"
"2033076167","1540738747","0.511111"
"1547596220","2033076167","0.40202"
"2033076167","1547596220","0.40202"
"2033076167","2155767969","0.65202"
"2155767969","2033076167","0.65202"
"1489965786","1597159947","0.111111"
"1597159947","1489965786","0.111111"
"1489965786","1600709192","0.111111"
"1600709192","1489965786","0.111111"
"1515930309","1597159947","0.361111"
"1597159947","1515930309","0.361111"
"1515930309","1600709192","1.22778"
"1600709192","1515930309","1.22778"
"1539119759","1597159947","0.361111"
"1597159947","1539119759","0.361111"
"1539119759","1600709192","1.81111"
"1600709192","1539119759","1.81111"
"1539119759","2033076167","0.111111"
"2033076167","1539119759","0.111111"
"1540738747","1597159947","0.111111"
"1597159947","1540738747","0.111111"
"1540738747","1600709192","0.111111"
"1600709192","1540738747","0.111111"
"1547596220","1597159947","0.361111"
"1597159947","1547596220","0.361111"
"1547596220","1600709192","1.06111"
"1600709192","1547596220","1.06111"
"1597159947","1600709192","0.111111"
"1600709192","1597159947","0.111111"
"1597159947","1986411436","0.111111"
"1986411436","1597159947","0.111111"
"1597159947","2033076167","0.444444"
"2033076167","1597159947","0.444444"
"1597159947","2155767969","0.111111"
"2155767969","1597159947","0.111111"
"1600709192","1986411436","1.56111"
"1986411436","1600709192","1.56111"
"1600709192","2033076167","0.111111"
"2033076167","1600709192","0.111111"
"1600709192","2155767969","1.22778"
"2155767969","1600709192","1.22778"
"1986411436","2033076167","0.40202"
"2033076167","1986411436","0.40202"
"1489965786","1612316802","1.79167"
"1612316802","1489965786","1.79167"
"1489965786","2075504752","0.25"
"2075504752","1489965786","0.25"
"1489965786","2143227080","0.166667"
"2143227080","1489965786","0.166667"
"1515930309","1612316802","0.166667"
"1612316802","1515930309","0.166667"
"1515930309","2075504752","0.166667"
"2075504752","1515930309","0.166667"
"1515930309","2143227080","0.166667"
"2143227080","1515930309","0.166667"
"1547596220","1612316802","0.257576"
"1612316802","1547596220","0.257576"
"1547596220","2075504752","0.166667"
"2075504752","1547596220","0.166667"
"1547596220","2143227080","0.257576"
"2143227080","1547596220","0.257576"
"1612316802","2075504752","0.45"
"2075504752","1612316802","0.45"
"1612316802","2143227080","0.590909"
"2143227080","1612316802","0.590909"
"1612316802","2155767969","0.882576"
"2155767969","1612316802","0.882576"
"2075504752","2143227080","0.166667"
"2143227080","2075504752","0.166667"
"2075504752","2155767969","0.25"
"2155767969","2075504752","0.25"
"2143227080","2155767969","0.257576"
"2155767969","2143227080","0.257576"
"1489965786","1494929562","0.833333"
"1494929562","1489965786","0.833333"
"1489965786","2128392030","0.25"
"2128392030","1489965786","0.25"
"1489965786","2152907452","0.583333"
"2152907452","1489965786","0.583333"
"1489965786","2621453242","0.5"
"2621453242","1489965786","0.5"
"1494929562","1612316802","1"
"1612316802","1494929562","1"
"1494929562","2128392030","1.58333"
"2128392030","1494929562","1.58333"
"1494929562","2152907452","1.28333"
"2152907452","1494929562","1.28333"
"1494929562","2155767969","1.83333"
"2155767969","1494929562","1.83333"
"1494929562","2621453242","2.03333"
"2621453242","1494929562","2.03333"
"1612316802","2128392030","1.2"
"2128392030","1612316802","1.2"
"1612316802","2152907452","1.75"
"2152907452","1612316802","1.75"
"1612316802","2621453242","1.45"
"2621453242","1612316802","1.45"
"2128392030","2152907452","0.759524"
"2152907452","2128392030","0.759524"
"2128392030","2155767969","0.416667"
"2155767969","2128392030","0.416667"
"2128392030","2621453242","16.7929"
"2621453242","2128392030","16.7929"
"2152907452","2155767969","0.583333"
"2155767969","2152907452","0.583333"
"2152907452","2621453242","0.959524"
"2621453242","2152907452","0.959524"
"2155767969","2621453242","0.666667"
"2621453242","2155767969","0.666667"
"1489965786","2052567196","0.583333"
"2052567196","1489965786","0.583333"
"1489965786","2118624870","0.583333"
"2118624870","1489965786","0.583333"
"2052567196","2118624870","4.08333"
"2118624870","2052567196","4.08333"
"1489965786","1500682127","0.325"
"1500682127","1489965786","0.325"
"1489965786","1983762057","0.325"
"1983762057","1489965786","0.325"
"1489965786","2408071805","0.2"
"2408071805","1489965786","0.2"
"1500682127","1983762057","1.05833"
"1983762057","1500682127","1.05833"
"1500682127","1986411436","0.633333"
"1986411436","1500682127","0.633333"
"1500682127","2033076167","0.2"
"2033076167","1500682127","0.2"
"1500682127","2408071805","0.2"
"2408071805","1500682127","0.2"
"1983762057","1986411436","1.52424"
"1986411436","1983762057","1.52424"
"1983762057","2033076167","0.540909"
"2033076167","1983762057","0.540909"
"1983762057","2408071805","0.2"
"2408071805","1983762057","0.2"
"1986411436","2408071805","0.842857"
"2408071805","1986411436","0.842857"
"2033076167","2408071805","0.7"
"2408071805","2033076167","0.7"
"1489965786","2007216019","0.0833333"
"2007216019","1489965786","0.0833333"
"1489965786","233279079","0.0833333"
"233279079","1489965786","0.0833333"
"1489965786","2986698110","0.0833333"
"2986698110","1489965786","0.0833333"
"1494929562","2007216019","1.11667"
"2007216019","1494929562","1.11667"
"1494929562","2052567196","0.0833333"
"2052567196","1494929562","0.0833333"
"1494929562","2075504752","0.0833333"
"2075504752","1494929562","0.0833333"
"1494929562","2118624870","0.0833333"
"2118624870","1494929562","0.0833333"
"1494929562","233279079","3.78333"
"233279079","1494929562","3.78333"
"1494929562","2986698110","0.783333"
"2986698110","1494929562","0.783333"
"1612316802","2007216019","2.40758"
"2007216019","1612316802","2.40758"
"1612316802","2052567196","0.0833333"
"2052567196","1612316802","0.0833333"
"1612316802","2118624870","0.0833333"
"2118624870","1612316802","0.0833333"
"1612316802","233279079","0.174242"
"233279079","1612316802","0.174242"
"1612316802","2986698110","2.07424"
"2986698110","1612316802","2.07424"
"2007216019","2052567196","0.0833333"
"2052567196","2007216019","0.0833333"
"2007216019","2075504752","0.0833333"
"2075504752","2007216019","0.0833333"
"2007216019","2118624870","0.0833333"
"2118624870","2007216019","0.0833333"
"2007216019","2128392030","1.54286"
"2128392030","2007216019","1.54286"
"2007216019","2152907452","1.62619"
"2152907452","2007216019","1.62619"
"2007216019","2155767969","0.240909"
"2155767969","2007216019","0.240909"
"2007216019","233279079","1.64091"
"233279079","2007216019","1.64091"
"2007216019","2621453242","1.74286"
"2621453242","2007216019","1.74286"
"2007216019","2986698110","24.3266"
"2986698110","2007216019","24.3266"
"2052567196","2075504752","2.08333"
"2075504752","2052567196","2.08333"
"2052567196","2128392030","0.0833333"
"2128392030","2052567196","0.0833333"
"2052567196","2152907452","2.58333"
"2152907452","2052567196","2.58333"
"2052567196","2155767969","0.0833333"
"2155767969","2052567196","0.0833333"
"2052567196","233279079","0.0833333"
"233279079","2052567196","0.0833333"
"2052567196","2621453242","0.0833333"
"2621453242","2052567196","0.0833333"
"2052567196","2986698110","0.0833333"
"2986698110","2052567196","0.0833333"
"2075504752","2118624870","0.916667"
"2118624870","2075504752","0.916667"
"2075504752","2128392030","0.0833333"
"2128392030","2075504752","0.0833333"
"2075504752","2152907452","1.58333"
"2152907452","2075504752","1.58333"
"2075504752","233279079","0.0833333"
"233279079","2075504752","0.0833333"
"2075504752","2621453242","0.0833333"
"2621453242","2075504752","0.0833333"
"2075504752","2986698110","0.0833333"
"2986698110","2075504752","0.0833333"
"2118624870","2128392030","0.0833333"
"2128392030","2118624870","0.0833333"
"2118624870","2152907452","0.0833333"
"2152907452","2118624870","0.0833333"
"2118624870","2155767969","0.0833333"
"2155767969","2118624870","0.0833333"
"2118624870","233279079","0.0833333"
"233279079","2118624870","0.0833333"
"2118624870","2621453242","0.0833333"
"2621453242","2118624870","0.0833333"
"2118624870","2986698110","0.0833333"
"2986698110","2118624870","0.0833333"
"2128392030","233279079","1.61667"
"233279079","2128392030","1.61667"
"2128392030","2986698110","1.54286"
"2986698110","2128392030","1.54286"
"2152907452","233279079","0.983333"
"233279079","2152907452","0.983333"
"2152907452","2986698110","1.29286"
"2986698110","2152907452","1.29286"
"2155767969","233279079","0.240909"
"233279079","2155767969","0.240909"
"2155767969","2986698110","0.240909"
"2986698110","2155767969","0.240909"
"233279079","2621453242","1.81667"
"2621453242","233279079","1.81667"
"233279079","2986698110","1.30758"
"2986698110","233279079","1.30758"
"2621453242","2986698110","1.74286"
"2986698110","2621453242","1.74286"
"1489965786","1958691507","0.125"
"1958691507","1489965786","0.125"
"1489965786","2106169428","0.125"
"2106169428","1489965786","0.125"
"1489965786","2914672392","0.125"
"2914672392","1489965786","0.125"
"1500682127","1540738747","0.625"
"1540738747","1500682127","0.625"
"1500682127","1612316802","1.49167"
"1612316802","1500682127","1.49167"
"1500682127","1958691507","0.191667"
"1958691507","1500682127","0.191667"
"1500682127","2106169428","0.991667"
"2106169428","1500682127","0.991667"
"1500682127","2155767969","0.691667"
"2155767969","1500682127","0.691667"
"1500682127","2914672392","0.125"
"2914672392","1500682127","0.125"
"1540738747","1612316802","0.775"
"1612316802","1540738747","0.775"
"1540738747","1958691507","0.125"
"1958691507","1540738747","0.125"
"1540738747","1983762057","1.075"
"1983762057","1540738747","1.075"
"1540738747","2106169428","0.125"
"2106169428","1540738747","0.125"
"1540738747","2914672392","0.125"
"2914672392","1540738747","0.125"
"1612316802","1958691507","0.658333"
"1958691507","1612316802","0.658333"
"1612316802","1983762057","2.83258"
"1983762057","1612316802","2.83258"
"1612316802","2106169428","0.791667"
"2106169428","1612316802","0.791667"
"1612316802","2914672392","0.415909"
"2914672392","1612316802","0.415909"
"1958691507","1983762057","0.191667"
"1983762057","1958691507","0.191667"
"1958691507","2106169428","1.125"
"2106169428","1958691507","1.125"
"1958691507","2155767969","0.191667"
"2155767969","1958691507","0.191667"
"1958691507","2914672392","0.325"
"2914672392","1958691507","0.325"
"1983762057","2106169428","0.791667"
"2106169428","1983762057","0.791667"
"1983762057","2155767969","1.19924"
"2155767969","1983762057","1.19924"
"1983762057","2914672392","0.215909"
"2914672392","1983762057","0.215909"
"2106169428","2155767969","0.125"
"2155767969","2106169428","0.125"
"2106169428","2914672392","0.125"
"2914672392","2106169428","0.125"
"2155767969","2914672392","0.215909"
"2914672392","2155767969","0.215909"
"1494929562","1500682127","0.5"
"1500682127","1494929562","0.5"
"1497289281","1503064432","0.333333"
"1503064432","1497289281","0.333333"
"1497289281","1597159947","0.333333"
"1597159947","1497289281","0.333333"
"1497289281","2033076167","0.333333"
"2033076167","1497289281","0.333333"
"1503064432","1597159947","0.333333"
"1597159947","1503064432","0.333333"
"1503064432","2033076167","0.833333"
"2033076167","1503064432","0.833333"
"1500682127","1607519173","2"
"1607519173","1500682127","2"
"1500682127","1895302964","0.433333"
"1895302964","1500682127","0.433333"
"1500682127","2011793105","0.433333"
"2011793105","1500682127","0.433333"
"1500682127","2128392030","0.366667"
"2128392030","1500682127","0.366667"
"1500682127","2143227080","0.166667"
"2143227080","1500682127","0.166667"
"1500682127","2621453242","0.366667"
"2621453242","1500682127","0.366667"
"1895302964","1986411436","0.57619"
"1986411436","1895302964","0.57619"
"1895302964","2011793105","14.319"
"2011793105","1895302964","14.319"
"1895302964","2128392030","0.47619"
"2128392030","1895302964","0.47619"
"1895302964","2143227080","0.166667"
"2143227080","1895302964","0.166667"
"1895302964","2621453242","0.47619"
"2621453242","1895302964","0.47619"
"1986411436","2011793105","0.57619"
"2011793105","1986411436","0.57619"
"1986411436","2128392030","0.333333"
"2128392030","1986411436","0.333333"
"1986411436","2143227080","0.757576"
"2143227080","1986411436","0.757576"
"1986411436","2621453242","0.333333"
"2621453242","1986411436","0.333333"
"2011793105","2128392030","0.47619"
"2128392030","2011793105","0.47619"
"2011793105","2143227080","0.166667"
"2143227080","2011793105","0.166667"
"2011793105","2621453242","0.47619"
"2621453242","2011793105","0.47619"
"2128392030","2143227080","0.166667"
"2143227080","2128392030","0.166667"
"2143227080","2621453242","0.166667"
"2621453242","2143227080","0.166667"
"1500682127","2007216019","0.766667"
"2007216019","1500682127","0.766667"
"1500682127","2986698110","0.766667"
"2986698110","1500682127","0.766667"
"1500682127","175423693","0.0666667"
"175423693","1500682127","0.0666667"
"1500682127","1965971660","0.0666667"
"1965971660","1500682127","0.0666667"
"1500682127","2018534483","0.0666667"
"2018534483","1500682127","0.0666667"
"1500682127","2114877569","0.0666667"
"2114877569","1500682127","0.0666667"
"1500682127","2116340050","0.0666667"
"2116340050","1500682127","0.0666667"
"1500682127","233279079","0.0666667"
"233279079","1500682127","0.0666667"
"1500682127","61051602","0.266667"
"61051602","1500682127","0.266667"
"175423693","1895302964","0.266667"
"1895302964","175423693","0.266667"
"175423693","1958691507","0.0666667"
"1958691507","175423693","0.0666667"
"175423693","1965971660","0.0666667"
"1965971660","175423693","0.0666667"
"175423693","1983762057","0.607576"
"1983762057","175423693","0.607576"
"175423693","1986411436","0.157576"
"1986411436","175423693","0.157576"
"175423693","2007216019","0.157576"
"2007216019","175423693","0.157576"
"175423693","2011793105","0.466667"
"2011793105","175423693","0.466667"
"175423693","2018534483","0.0666667"
"2018534483","175423693","0.0666667"
"175423693","2114877569","0.0666667"
"2114877569","175423693","0.0666667"
"175423693","2116340050","0.0666667"
"2116340050","175423693","0.0666667"
"175423693","2155767969","0.407576"
"2155767969","175423693","0.407576"
"175423693","233279079","0.157576"
"233279079","175423693","0.157576"
"175423693","2986698110","0.157576"
"2986698110","175423693","0.157576"
"175423693","61051602","0.0666667"
"61051602","175423693","0.0666667"
"1895302964","1958691507","0.233333"
"1958691507","1895302964","0.233333"
"1895302964","1965971660","1.96667"
"1965971660","1895302964","1.96667"
"1895302964","1983762057","0.766667"
"1983762057","1895302964","0.766667"
"1895302964","2007216019","0.685714"
"2007216019","1895302964","0.685714"
"1895302964","2018534483","1.96667"
"2018534483","1895302964","1.96667"
"1895302964","2114877569","1.38333"
"2114877569","1895302964","1.38333"
"1895302964","2116340050","0.0666667"
"2116340050","1895302964","0.0666667"
"1895302964","2155767969","0.0666667"
"2155767969","1895302964","0.0666667"
"1895302964","233279079","0.233333"
"233279079","1895302964","0.233333"
"1895302964","2986698110","0.685714"
"2986698110","1895302964","0.685714"
"1895302964","61051602","8.03571"
"61051602","1895302964","8.03571"
"1958691507","1965971660","0.0666667"
"1965971660","1958691507","0.0666667"
"1958691507","1986411436","0.0666667"
"1986411436","1958691507","0.0666667"
"1958691507","2007216019","0.766667"
"2007216019","1958691507","0.766667"
"1958691507","2011793105","0.233333"
"2011793105","1958691507","0.233333"
"1958691507","2018534483","0.566667"
"2018534483","1958691507","0.566667"
"1958691507","2114877569","0.566667"
"2114877569","1958691507","0.566667"
"1958691507","2116340050","0.0666667"
"2116340050","1958691507","0.0666667"
"1958691507","233279079","0.0666667"
"233279079","1958691507","0.0666667"
"1958691507","2986698110","0.433333"
"2986698110","1958691507","0.433333"
"1958691507","61051602","0.0666667"
"61051602","1958691507","0.0666667"
"1965971660","1983762057","0.0666667"
"1983762057","1965971660","0.0666667"
"1965971660","1986411436","0.0666667"
"1986411436","1965971660","0.0666667"
"1965971660","2007216019","0.0666667"
"2007216019","1965971660","0.0666667"
"1965971660","2011793105","1.96667"
"2011793105","1965971660","1.96667"
"1965971660","2018534483","11.8333"
"2018534483","1965971660","11.8333"
"1965971660","2114877569","8.83333"
"2114877569","1965971660","8.83333"
"1965971660","2116340050","0.0666667"
"2116340050","1965971660","0.0666667"
"1965971660","2155767969","0.0666667"
"2155767969","1965971660","0.0666667"
"1965971660","233279079","0.0666667"
"233279079","1965971660","0.0666667"
"1965971660","2986698110","0.0666667"
"2986698110","1965971660","0.0666667"
"1965971660","61051602","1.21667"
"61051602","1965971660","1.21667"
"1983762057","2007216019","0.407576"
"2007216019","1983762057","0.407576"
"1983762057","2011793105","0.766667"
"2011793105","1983762057","0.766667"
"1983762057","2018534483","0.0666667"
"2018534483","1983762057","0.0666667"
"1983762057","2114877569","0.0666667"
"2114877569","1983762057","0.0666667"
"1983762057","2116340050","0.0666667"
"2116340050","1983762057","0.0666667"
"1983762057","233279079","0.157576"
"233279079","1983762057","0.157576"
"1983762057","2986698110","0.407576"
"2986698110","1983762057","0.407576"
"1983762057","61051602","0.566667"
"61051602","1983762057","0.566667"
"1986411436","2007216019","0.300433"
"2007216019","1986411436","0.300433"
"1986411436","2018534483","0.0666667"
"2018534483","1986411436","0.0666667"
"1986411436","2114877569","0.0666667"
"2114877569","1986411436","0.0666667"
"1986411436","2116340050","0.0666667"
"2116340050","1986411436","0.0666667"
"1986411436","233279079","0.157576"
"233279079","1986411436","0.157576"
"1986411436","2986698110","0.300433"
"2986698110","1986411436","0.300433"
"1986411436","61051602","0.409524"
"61051602","1986411436","0.409524"
"2007216019","2011793105","0.685714"
"2011793105","2007216019","0.685714"
"2007216019","2018534483","0.0666667"
"2018534483","2007216019","0.0666667"
"2007216019","2114877569","0.0666667"
"2114877569","2007216019","0.0666667"
"2007216019","2116340050","0.0666667"
"2116340050","2007216019","0.0666667"
"2007216019","61051602","0.519048"
"61051602","2007216019","0.519048"
"2011793105","2018534483","1.96667"
"2018534483","2011793105","1.96667"
"2011793105","2114877569","1.38333"
"2114877569","2011793105","1.38333"
"2011793105","2116340050","0.0666667"
"2116340050","2011793105","0.0666667"
"2011793105","2155767969","0.0666667"
"2155767969","2011793105","0.0666667"
"2011793105","233279079","0.233333"
"233279079","2011793105","0.233333"
"2011793105","2986698110","0.685714"
"2986698110","2011793105","0.685714"
"2011793105","61051602","8.03571"
"61051602","2011793105","8.03571"
"2018534483","2114877569","10.0833"
"2114877569","2018534483","10.0833"
"2018534483","2116340050","0.0666667"
"2116340050","2018534483","0.0666667"
"2018534483","2155767969","0.0666667"
"2155767969","2018534483","0.0666667"
"2018534483","233279079","0.0666667"
"233279079","2018534483","0.0666667"
"2018534483","2986698110","0.0666667"
"2986698110","2018534483","0.0666667"
"2018534483","61051602","1.21667"
"61051602","2018534483","1.21667"
"2114877569","2116340050","0.0666667"
"2116340050","2114877569","0.0666667"
"2114877569","2155767969","0.0666667"
"2155767969","2114877569","0.0666667"
"2114877569","233279079","0.0666667"
"233279079","2114877569","0.0666667"
"2114877569","2986698110","0.0666667"
"2986698110","2114877569","0.0666667"
"2114877569","61051602","0.633333"
"61051602","2114877569","0.633333"
"2116340050","2155767969","0.0666667"
"2155767969","2116340050","0.0666667"
"2116340050","233279079","0.0666667"
"233279079","2116340050","0.0666667"
"2116340050","2986698110","0.0666667"
"2986698110","2116340050","0.0666667"
"2116340050","61051602","0.0666667"
"61051602","2116340050","0.0666667"
"2155767969","61051602","0.0666667"
"61051602","2155767969","0.0666667"
"233279079","61051602","0.233333"
"61051602","233279079","0.233333"
"2986698110","61051602","0.519048"
"61051602","2986698110","0.519048"
"1895302964","2106169428","1.17619"
"2106169428","1895302964","1.17619"
"1986411436","2106169428","0.342857"
"2106169428","1986411436","0.342857"
"2011793105","2106169428","1.17619"
"2106169428","2011793105","1.17619"
"2106169428","61051602","1.17619"
"61051602","2106169428","1.17619"
"1503064432","2408071805","0.5"
"2408071805","1503064432","0.5"
"1515930309","1983762057","0.333333"
"1983762057","1515930309","0.333333"
"1539119759","1983762057","0.166667"
"1983762057","1539119759","0.166667"
"1547596220","1983762057","0.590909"
"1983762057","1547596220","0.590909"
"1600709192","1983762057","0.333333"
"1983762057","1600709192","0.333333"
"1515930309","1607519173","0.25"
"1607519173","1515930309","0.25"
"1539119759","1607519173","1.25"
"1607519173","1539119759","1.25"
"1547596220","1607519173","0.25"
"1607519173","1547596220","0.25"
"1597159947","1607519173","0.25"
"1607519173","1597159947","0.25"
"1515930309","2128392030","0.166667"
"2128392030","1515930309","0.166667"
"1515930309","2621453242","0.166667"
"2621453242","1515930309","0.166667"
"1600709192","2128392030","0.166667"
"2128392030","1600709192","0.166667"
"1600709192","2621453242","0.166667"
"2621453242","1600709192","0.166667"
"1983762057","2128392030","0.666667"
"2128392030","1983762057","0.666667"
"1983762057","2621453242","0.666667"
"2621453242","1983762057","0.666667"
"1526745844","2114877569","1.83333"
"2114877569","1526745844","1.83333"
"1526745844","2108254973","0.533333"
"2108254973","1526745844","0.533333"
"1526745844","2140379305","0.2"
"2140379305","1526745844","0.2"
"1526745844","2161255891","0.533333"
"2161255891","1526745844","0.533333"
"1526745844","2185157707","0.2"
"2185157707","1526745844","0.2"
"1526745844","2402809583","0.2"
"2402809583","1526745844","0.2"
"2108254973","2140379305","0.342857"
"2140379305","2108254973","0.342857"
"2108254973","2161255891","0.533333"
"2161255891","2108254973","0.533333"
"2108254973","2185157707","0.542857"
"2185157707","2108254973","0.542857"
"2108254973","2402809583","0.2"
"2402809583","2108254973","0.2"
"2140379305","2161255891","0.2"
"2161255891","2140379305","0.2"
"2140379305","2185157707","4.59286"
"2185157707","2140379305","4.59286"
"2140379305","2402809583","0.2"
"2402809583","2140379305","0.2"
"2161255891","2185157707","0.2"
"2185157707","2161255891","0.2"
"2161255891","2402809583","0.2"
"2402809583","2161255891","0.2"
"2185157707","2402809583","0.2"
"2402809583","2185157707","0.2"
"1526745844","2018534483","2.16667"
"2018534483","1526745844","2.16667"
"2018534483","2108254973","0.533333"
"2108254973","2018534483","0.533333"
"2018534483","2161255891","0.333333"
"2161255891","2018534483","0.333333"
"1526745844","1965971660","0.833333"
"1965971660","1526745844","0.833333"
"1526745844","1550557446","1.75"
"1550557446","1526745844","1.75"
"1526745844","2104923322","0.25"
"2104923322","1526745844","0.25"
"1965971660","2104923322","0.916667"
"2104923322","1965971660","0.916667"
"2018534483","2104923322","1.41667"
"2104923322","2018534483","1.41667"
"2104923322","2114877569","0.916667"
"2114877569","2104923322","0.916667"
"1550557446","1965971660","0.7"
"1965971660","1550557446","0.7"
"1550557446","2018534483","1.95"
"2018534483","1550557446","1.95"
"1550557446","2114877569","0.7"
"2114877569","1550557446","0.7"
"1526745844","1539523973","1"
"1539523973","1526745844","1"
"1526745844","2150477710","0.5"
"2150477710","1526745844","0.5"
"1539523973","2150477710","1.5"
"2150477710","1539523973","1.5"
"1539523973","2018534483","0.5"
"2018534483","1539523973","0.5"
"1531226702","2110279266","4.83333"
"2110279266","1531226702","4.83333"
"1531226702","2052567196","0.5"
"2052567196","1531226702","0.5"
"2052567196","2110279266","1"
"2110279266","2052567196","1"
"1531226702","2075504752","0.916667"
"2075504752","1531226702","0.916667"
"1531226702","2118624870","0.333333"
"2118624870","1531226702","0.333333"
"2075504752","2110279266","0.333333"
"2110279266","2075504752","0.333333"
"2110279266","2118624870","0.833333"
"2118624870","2110279266","0.833333"
"1531226702","2056178007","0.583333"
"2056178007","1531226702","0.583333"
"1531226702","2116340050","0.583333"
"2116340050","1531226702","0.583333"
"2056178007","2075504752","1.25"
"2075504752","2056178007","1.25"
"2056178007","2116340050","9.25"
"2116340050","2056178007","9.25"
"2075504752","2116340050","2.25"
"2116340050","2075504752","2.25"
"1531226702","1538108059","0.25"
"1538108059","1531226702","0.25"
"1538108059","2056178007","2.91667"
"2056178007","1538108059","2.91667"
"1538108059","2075504752","0.916667"
"2075504752","1538108059","0.916667"
"1538108059","2116340050","2.91667"
"2116340050","1538108059","2.91667"
"1531226702","2097771455","0.5"
"2097771455","1531226702","0.5"
"2097771455","2110279266","1.5"
"2110279266","2097771455","1.5"
"1531226702","2148293377","0.5"
"2148293377","1531226702","0.5"
"2110279266","2148293377","0.5"
"2148293377","2110279266","0.5"
"1538108059","1607519173","0.5"
"1607519173","1538108059","0.5"
"1538108059","2143227080","0.5"
"2143227080","1538108059","0.5"
"1607519173","2143227080","0.5"
"2143227080","1607519173","0.5"
"1539119759","2097771455","1"
"2097771455","1539119759","1"
"1539119759","2143227080","1"
"2143227080","1539119759","1"
"1539119759","1958691507","1"
"1958691507","1539119759","1"
"1539523973","2121828611","1"
"2121828611","1539523973","1"
"1539523973","2108254973","1"
"2108254973","1539523973","1"
"1539523973","1607519173","0.333333"
"1607519173","1539523973","0.333333"
"1539523973","2116682495","0.333333"
"2116682495","1539523973","0.333333"
"1539523973","2408071805","0.333333"
"2408071805","1539523973","0.333333"
"1607519173","2116682495","0.333333"
"2116682495","1607519173","0.333333"
"1607519173","2408071805","0.833333"
"2408071805","1607519173","0.833333"
"2116682495","2408071805","0.333333"
"2408071805","2116682495","0.333333"
"1540738747","175423693","0.4"
"175423693","1540738747","0.4"
"1540738747","2011793105","0.9"
"2011793105","1540738747","0.9"
"1540738747","2075504752","1.2"
"2075504752","1540738747","1.2"
"1612316802","175423693","0.490909"
"175423693","1612316802","0.490909"
"1612316802","2011793105","0.4"
"2011793105","1612316802","0.4"
"1612316802","2033076167","0.290909"
"2033076167","1612316802","0.290909"
"175423693","2033076167","0.540909"
"2033076167","175423693","0.540909"
"175423693","2075504752","0.2"
"2075504752","175423693","0.2"
"2011793105","2033076167","0.2"
"2033076167","2011793105","0.2"
"2011793105","2075504752","0.2"
"2075504752","2011793105","0.2"
"2033076167","2075504752","0.2"
"2075504752","2033076167","0.2"
"1540738747","1895302964","0.7"
"1895302964","1540738747","0.7"
"1612316802","1895302964","0.2"
"1895302964","1612316802","0.2"
"1540738747","2007216019","0.25"
"2007216019","1540738747","0.25"
"1540738747","2986698110","0.25"
"2986698110","1540738747","0.25"
"1540738747","61051602","0.5"
"61051602","1540738747","0.5"
"1540738747","2408071805","1"
"2408071805","1540738747","1"
"1547596220","175423693","0.0909091"
"175423693","1547596220","0.0909091"
"1547596220","2007216019","0.0909091"
"2007216019","1547596220","0.0909091"
"1547596220","233279079","0.0909091"
"233279079","1547596220","0.0909091"
"1547596220","2914672392","0.0909091"
"2914672392","1547596220","0.0909091"
"1547596220","2986698110","0.0909091"
"2986698110","1547596220","0.0909091"
"1612316802","1986411436","0.0909091"
"1986411436","1612316802","0.0909091"
"175423693","2143227080","0.0909091"
"2143227080","175423693","0.0909091"
"175423693","2914672392","0.0909091"
"2914672392","175423693","0.0909091"
"1983762057","2143227080","0.590909"
"2143227080","1983762057","0.590909"
"1986411436","2914672392","0.0909091"
"2914672392","1986411436","0.0909091"
"2007216019","2033076167","0.0909091"
"2033076167","2007216019","0.0909091"
"2007216019","2143227080","0.924242"
"2143227080","2007216019","0.924242"
"2007216019","2914672392","1.29091"
"2914672392","2007216019","1.29091"
"2033076167","2143227080","0.0909091"
"2143227080","2033076167","0.0909091"
"2033076167","233279079","0.0909091"
"233279079","2033076167","0.0909091"
"2033076167","2914672392","0.0909091"
"2914672392","2033076167","0.0909091"
"2033076167","2986698110","0.0909091"
"2986698110","2033076167","0.0909091"
"2143227080","233279079","0.0909091"
"233279079","2143227080","0.0909091"
"2143227080","2914672392","0.0909091"
"2914672392","2143227080","0.0909091"
"2143227080","2986698110","0.590909"
"2986698110","2143227080","0.590909"
"233279079","2914672392","0.257576"
"2914672392","233279079","0.257576"
"2914672392","2986698110","1.29091"
"2986698110","2914672392","1.29091"
"1550557446","2008257424","0.25"
"2008257424","1550557446","0.25"
"1550557446","2167033747","0.25"
"2167033747","1550557446","0.25"
"1965971660","2008257424","0.25"
"2008257424","1965971660","0.25"
"1965971660","2167033747","0.25"
"2167033747","1965971660","0.25"
"2008257424","2114877569","0.25"
"2114877569","2008257424","0.25"
"2008257424","2167033747","4.25"
"2167033747","2008257424","4.25"
"2114877569","2167033747","0.25"
"2167033747","2114877569","0.25"
"1550557446","2108254973","0.342857"
"2108254973","1550557446","0.342857"
"1550557446","2185157707","0.342857"
"2185157707","1550557446","0.342857"
"1965971660","2108254973","0.2"
"2108254973","1965971660","0.2"
"1965971660","2185157707","0.2"
"2185157707","1965971660","0.2"
"2018534483","2185157707","1.45"
"2185157707","2018534483","1.45"
"2108254973","2114877569","0.2"
"2114877569","2108254973","0.2"
"2114877569","2185157707","0.2"
"2185157707","2114877569","0.2"
"1550557446","2029543306","0.142857"
"2029543306","1550557446","0.142857"
"1550557446","2086751695","0.142857"
"2086751695","1550557446","0.142857"
"1550557446","2104923322","0.142857"
"2104923322","1550557446","0.142857"
"1550557446","2140379305","0.142857"
"2140379305","1550557446","0.142857"
"1550557446","2777619217","0.142857"
"2777619217","1550557446","0.142857"
"2029543306","2086751695","0.72619"
"2086751695","2029543306","0.72619"
"2029543306","2104923322","0.142857"
"2104923322","2029543306","0.142857"
"2029543306","2108254973","0.142857"
"2108254973","2029543306","0.142857"
"2029543306","2140379305","0.392857"
"2140379305","2029543306","0.392857"
"2029543306","2185157707","0.392857"
"2185157707","2029543306","0.392857"
"2029543306","2777619217","0.142857"
"2777619217","2029543306","0.142857"
"2086751695","2104923322","1.14286"
"2104923322","2086751695","1.14286"
"2086751695","2108254973","0.142857"
"2108254973","2086751695","0.142857"
"2086751695","2140379305","0.392857"
"2140379305","2086751695","0.392857"
"2086751695","2185157707","0.392857"
"2185157707","2086751695","0.392857"
"2086751695","2777619217","0.142857"
"2777619217","2086751695","0.142857"
"2104923322","2108254973","0.142857"
"2108254973","2104923322","0.142857"
"2104923322","2140379305","0.142857"
"2140379305","2104923322","0.142857"
"2104923322","2185157707","0.142857"
"2185157707","2104923322","0.142857"
"2104923322","2777619217","0.142857"
"2777619217","2104923322","0.142857"
"2108254973","2777619217","0.142857"
"2777619217","2108254973","0.142857"
"2140379305","2777619217","0.142857"
"2777619217","2140379305","0.142857"
"2185157707","2777619217","0.142857"
"2777619217","2185157707","0.142857"
"1586721308","1958691507","1"
"1958691507","1586721308","1"
"1586721308","2408071805","1"
"2408071805","1586721308","1"
"1597159947","2056178007","1"
"2056178007","1597159947","1"
"1607519173","2052567196","0.5"
"2052567196","1607519173","0.5"
"1607519173","2118624870","1"
"2118624870","1607519173","1"
"1607519173","2138644571","3.5"
"2138644571","1607519173","3.5"
"1607519173","175423693","2"
"175423693","1607519173","2"
"2118624870","2138644571","0.5"
"2138644571","2118624870","0.5"
"1607519173","1986411436","0.5"
"1986411436","1607519173","0.5"
"1612316802","2408071805","0.2"
"2408071805","1612316802","0.2"
"1958691507","2408071805","0.2"
"2408071805","1958691507","0.2"
"2007216019","2408071805","1.34286"
"2408071805","2007216019","1.34286"
"2408071805","2914672392","0.2"
"2914672392","2408071805","0.2"
"2408071805","2986698110","0.342857"
"2986698110","2408071805","0.342857"
"1958691507","2143227080","0.333333"
"2143227080","1958691507","0.333333"
"1983762057","2152907452","0.5"
"2152907452","1983762057","0.5"
"1724737952","2121828611","2"
"2121828611","1724737952","2"
"175423693","2110279266","0.25"
"2110279266","175423693","0.25"
"1983762057","2110279266","0.25"
"2110279266","1983762057","0.25"
"2033076167","2110279266","0.25"
"2110279266","2033076167","0.25"
"2110279266","2155767969","0.25"
"2155767969","2110279266","0.25"
"1895302964","2914672392","0.166667"
"2914672392","1895302964","0.166667"
"2011793105","2914672392","0.166667"
"2914672392","2011793105","0.166667"
"2914672392","61051602","0.166667"
"61051602","2914672392","0.166667"
"1895302964","2402809583","0.333333"
"2402809583","1895302964","0.333333"
"2011793105","2402809583","0.333333"
"2402809583","2011793105","0.333333"
"2402809583","61051602","0.333333"
"61051602","2402809583","0.333333"
"1895302964","2408071805","0.47619"
"2408071805","1895302964","0.47619"
"2007216019","2106169428","0.142857"
"2106169428","2007216019","0.142857"
"2011793105","2408071805","0.47619"
"2408071805","2011793105","0.47619"
"2106169428","2408071805","0.142857"
"2408071805","2106169428","0.142857"
"2106169428","2986698110","0.142857"
"2986698110","2106169428","0.142857"
"2408071805","61051602","0.47619"
"61051602","2408071805","0.47619"
"1958691507","2128392030","0.166667"
"2128392030","1958691507","0.166667"
"1958691507","2621453242","0.166667"
"2621453242","1958691507","0.166667"
"1895302964","2152907452","0.142857"
"2152907452","1895302964","0.142857"
"2011793105","2152907452","0.142857"
"2152907452","2011793105","0.142857"
"2128392030","61051602","0.142857"
"61051602","2128392030","0.142857"
"2152907452","61051602","0.142857"
"61051602","2152907452","0.142857"
"2621453242","61051602","0.142857"
"61051602","2621453242","0.142857"
"1965971660","2106169428","0.166667"
"2106169428","1965971660","0.166667"
"2018534483","2106169428","0.166667"
"2106169428","2018534483","0.166667"
"2106169428","2114877569","0.166667"
"2114877569","2106169428","0.166667"
"2001113572","2086751695","0.583333"
"2086751695","2001113572","0.583333"
"2001113572","2128392030","1.08333"
"2128392030","2001113572","1.08333"
"2001113572","2161255891","0.25"
"2161255891","2001113572","0.25"
"2001113572","2621453242","1.08333"
"2621453242","2001113572","1.08333"
"2086751695","2128392030","0.25"
"2128392030","2086751695","0.25"
"2086751695","2161255891","0.25"
"2161255891","2086751695","0.25"
"2086751695","2621453242","0.25"
"2621453242","2086751695","0.25"
"2128392030","2161255891","0.25"
"2161255891","2128392030","0.25"
"2161255891","2621453242","0.25"
"2621453242","2161255891","0.25"
"2001113572","2914672392","0.666667"
"2914672392","2001113572","0.666667"
"2128392030","2914672392","0.333333"
"2914672392","2128392030","0.333333"
"2621453242","2914672392","0.333333"
"2914672392","2621453242","0.333333"
"2001113572","2018534483","0.333333"
"2018534483","2001113572","0.333333"
"2001113572","2029543306","0.333333"
"2029543306","2001113572","0.333333"
"2018534483","2029543306","0.583333"
"2029543306","2018534483","0.583333"
"2018534483","2086751695","0.583333"
"2086751695","2018534483","0.583333"
"2001113572","2007216019","0.333333"
"2007216019","2001113572","0.333333"
"2001113572","2986698110","0.333333"
"2986698110","2001113572","0.333333"
"2018534483","2116682495","0.5"
"2116682495","2018534483","0.5"
"2104923322","2116682495","0.5"
"2116682495","2104923322","0.5"
"2018534483","2140379305","0.25"
"2140379305","2018534483","0.25"
"2052567196","2138644571","1"
"2138644571","2052567196","1"
"2056178007","2097771455","1"
"2097771455","2056178007","1"
"2108254973","2116682495","1"
"2116682495","2108254973","1"
"2116682495","2143227080","1"
"2143227080","2116682495","1"
"2116682495","2121828611","1"
"2121828611","2116682495","1"
"2143227080","2402809583","1"
"2402809583","2143227080","1"
"2402809583","2914672392","1"
"2914672392","2402809583","1"
