"1213870461","1494038444","2.125"
"1494038444","1213870461","2.125"
"1213870461","1574314127","0.0714286"
"1574314127","1213870461","0.0714286"
"1213870461","1656028867","0.130252"
"1656028867","1213870461","0.130252"
"1213870461","1990395488","0.380252"
"1990395488","1213870461","0.380252"
"1213870461","2047323326","0.0714286"
"2047323326","1213870461","0.0714286"
"1213870461","2110740499","0.130252"
"2110740499","1213870461","0.130252"
"1213870461","2119929951","0.0714286"
"2119929951","1213870461","0.0714286"
"1213870461","2131882761","0.130252"
"2131882761","1213870461","0.130252"
"1213870461","2145227448","0.130252"
"2145227448","1213870461","0.130252"
"1213870461","2149093588","1.13025"
"2149093588","1213870461","1.13025"
"1213870461","2149220756","1.13025"
"2149220756","1213870461","1.13025"
"1213870461","2155303329","0.0714286"
"2155303329","1213870461","0.0714286"
"1213870461","2163552131","0.130252"
"2163552131","1213870461","0.130252"
"1213870461","2165214731","0.130252"
"2165214731","1213870461","0.130252"
"1213870461","2417253018","0.0714286"
"2417253018","1213870461","0.0714286"
"1574314127","1656028867","0.254762"
"1656028867","1574314127","0.254762"
"1574314127","1990395488","0.0714286"
"1990395488","1574314127","0.0714286"
"1574314127","2047323326","0.78254"
"2047323326","1574314127","0.78254"
"1574314127","2110740499","2.97089"
"2110740499","1574314127","2.97089"
"1574314127","2119929951","0.196429"
"2119929951","1574314127","0.196429"
"1574314127","2131882761","1.51587"
"2131882761","1574314127","1.51587"
"1574314127","2145227448","0.0714286"
"2145227448","1574314127","0.0714286"
"1574314127","2149093588","0.492063"
"2149093588","1574314127","0.492063"
"1574314127","2149220756","0.254762"
"2149220756","1574314127","0.254762"
"1574314127","2155303329","0.421429"
"2155303329","1574314127","0.421429"
"1574314127","2163552131","0.640727"
"2163552131","1574314127","0.640727"
"1574314127","2165214731","0.254762"
"2165214731","1574314127","0.254762"
"1574314127","2417253018","0.154762"
"2417253018","1574314127","0.154762"
"1656028867","1990395488","1.74954"
"1990395488","1656028867","1.74954"
"1656028867","2047323326","0.33658"
"2047323326","1656028867","0.33658"
"1656028867","2110740499","0.700273"
"2110740499","1656028867","0.700273"
"1656028867","2119929951","0.148352"
"2119929951","1656028867","0.148352"
"1656028867","2131882761","1.37679"
"2131882761","1656028867","1.37679"
"1656028867","2145227448","1.74196"
"2145227448","1656028867","1.74196"
"1656028867","2149093588","0.620378"
"2149093588","1656028867","0.620378"
"1656028867","2149220756","1.79389"
"2149220756","1656028867","1.79389"
"1656028867","2155303329","0.0714286"
"2155303329","1656028867","0.0714286"
"1656028867","2163552131","0.463318"
"2163552131","1656028867","0.463318"
"1656028867","2165214731","7.51786"
"2165214731","1656028867","7.51786"
"1656028867","2417253018","0.0714286"
"2417253018","1656028867","0.0714286"
"1990395488","2047323326","0.162338"
"2047323326","1990395488","0.162338"
"1990395488","2110740499","0.349107"
"2110740499","1990395488","0.349107"
"1990395488","2119929951","0.0714286"
"2119929951","1990395488","0.0714286"
"1990395488","2131882761","0.383198"
"2131882761","1990395488","0.383198"
"1990395488","2145227448","10.4404"
"2145227448","1990395488","10.4404"
"1990395488","2149093588","0.167289"
"2149093588","1990395488","0.167289"
"1990395488","2149220756","1.85787"
"2149220756","1990395488","1.85787"
"1990395488","2155303329","0.0714286"
"2155303329","1990395488","0.0714286"
"1990395488","2163552131","0.130252"
"2163552131","1990395488","0.130252"
"1990395488","2165214731","2.29045"
"2165214731","1990395488","2.29045"
"1990395488","2417253018","0.162338"
"2417253018","1990395488","0.162338"
"2047323326","2110740499","0.631025"
"2110740499","2047323326","0.631025"
"2047323326","2119929951","0.0714286"
"2119929951","2047323326","0.0714286"
"2047323326","2131882761","2.30678"
"2131882761","2047323326","2.30678"
"2047323326","2145227448","0.162338"
"2145227448","2047323326","0.162338"
"2047323326","2149093588","0.940115"
"2149093588","2047323326","0.940115"
"2047323326","2149220756","0.488095"
"2149220756","2047323326","0.488095"
"2047323326","2155303329","0.171429"
"2155303329","2047323326","0.171429"
"2047323326","2163552131","0.329004"
"2163552131","2047323326","0.329004"
"2047323326","2165214731","0.33658"
"2165214731","2047323326","0.33658"
"2047323326","2417253018","0.154762"
"2417253018","2047323326","0.154762"
"2110740499","2119929951","0.214286"
"2119929951","2110740499","0.214286"
"2110740499","2131882761","0.684901"
"2131882761","2110740499","0.684901"
"2110740499","2145227448","0.349107"
"2145227448","2110740499","0.349107"
"2110740499","2149093588","0.855756"
"2149093588","2110740499","0.855756"
"2110740499","2149220756","0.441532"
"2149220756","2110740499","0.441532"
"2110740499","2155303329","0.203687"
"2155303329","2110740499","0.203687"
"2110740499","2163552131","0.740459"
"2163552131","2110740499","0.740459"
"2110740499","2165214731","0.62335"
"2165214731","2110740499","0.62335"
"2110740499","2417253018","0.154762"
"2417253018","2110740499","0.154762"
"2119929951","2131882761","0.148352"
"2131882761","2119929951","0.148352"
"2119929951","2145227448","0.0714286"
"2145227448","2119929951","0.0714286"
"2119929951","2149093588","0.148352"
"2149093588","2119929951","0.148352"
"2119929951","2149220756","0.148352"
"2149220756","2119929951","0.148352"
"2119929951","2155303329","0.351732"
"2155303329","2119929951","0.351732"
"2119929951","2163552131","0.238095"
"2163552131","2119929951","0.238095"
"2119929951","2165214731","0.178655"
"2165214731","2119929951","0.178655"
"2119929951","2417253018","0.101732"
"2417253018","2119929951","0.101732"
"2131882761","2145227448","0.466532"
"2145227448","2131882761","0.466532"
"2131882761","2149093588","0.438657"
"2149093588","2131882761","0.438657"
"2131882761","2149220756","0.410879"
"2149220756","2131882761","0.410879"
"2131882761","2155303329","0.103687"
"2155303329","2131882761","0.103687"
"2131882761","2163552131","0.413585"
"2163552131","2131882761","0.413585"
"2131882761","2165214731","1.96012"
"2165214731","2131882761","1.96012"
"2131882761","2417253018","0.0714286"
"2417253018","2131882761","0.0714286"
"2145227448","2149093588","0.167289"
"2149093588","2145227448","0.167289"
"2145227448","2149220756","1.8503"
"2149220756","2145227448","1.8503"
"2145227448","2155303329","0.0714286"
"2155303329","2145227448","0.0714286"
"2145227448","2163552131","0.130252"
"2163552131","2145227448","0.130252"
"2145227448","2165214731","1.94954"
"2165214731","2145227448","1.94954"
"2145227448","2417253018","0.162338"
"2417253018","2145227448","0.162338"
"2149093588","2149220756","1.82755"
"2149220756","2149093588","1.82755"
"2149093588","2155303329","0.0714286"
"2155303329","2149093588","0.0714286"
"2149093588","2163552131","0.387828"
"2163552131","2149093588","0.387828"
"2149093588","2165214731","0.543455"
"2165214731","2149093588","0.543455"
"2149093588","2417253018","0.154762"
"2417253018","2149093588","0.154762"
"2149220756","2155303329","0.0714286"
"2155303329","2149220756","0.0714286"
"2149220756","2163552131","0.313585"
"2163552131","2149220756","0.313585"
"2149220756","2165214731","1.91055"
"2165214731","2149220756","1.91055"
"2149220756","2417253018","0.571429"
"2417253018","2149220756","0.571429"
"2155303329","2163552131","0.0714286"
"2163552131","2155303329","0.0714286"
"2155303329","2165214731","0.101732"
"2165214731","2155303329","0.101732"
"2155303329","2417253018","2.17078"
"2417253018","2155303329","2.17078"
"2163552131","2165214731","0.463318"
"2165214731","2163552131","0.463318"
"2163552131","2417253018","0.354762"
"2417253018","2163552131","0.354762"
"2165214731","2417253018","0.335498"
"2417253018","2165214731","0.335498"
"1213870461","1516512945","0.183824"
"1516512945","1213870461","0.183824"
"1213870461","1754688259","0.125"
"1754688259","1213870461","0.125"
"1213870461","2043210833","0.125"
"2043210833","1213870461","0.125"
"1213870461","2101022010","0.125"
"2101022010","1213870461","0.125"
"1213870461","2126417912","0.125"
"2126417912","1213870461","0.125"
"1213870461","2163423973","0.183824"
"2163423973","1213870461","0.183824"
"1213870461","2955609830","0.433824"
"2955609830","1213870461","0.433824"
"1494038444","1516512945","0.125"
"1516512945","1494038444","0.125"
"1494038444","1754688259","0.125"
"1754688259","1494038444","0.125"
"1494038444","2043210833","0.125"
"2043210833","1494038444","0.125"
"1494038444","2101022010","0.125"
"2101022010","1494038444","0.125"
"1494038444","2126417912","0.125"
"2126417912","1494038444","0.125"
"1494038444","2163423973","0.125"
"2163423973","1494038444","0.125"
"1494038444","2955609830","0.125"
"2955609830","1494038444","0.125"
"1516512945","1754688259","0.157258"
"1754688259","1516512945","0.157258"
"1516512945","2043210833","0.157258"
"2043210833","1516512945","0.157258"
"1516512945","2101022010","0.225"
"2101022010","1516512945","0.225"
"1516512945","2126417912","0.125"
"2126417912","1516512945","0.125"
"1516512945","2163423973","0.316082"
"2163423973","1516512945","0.316082"
"1516512945","2955609830","0.594904"
"2955609830","1516512945","0.594904"
"1754688259","2043210833","14.6073"
"2043210833","1754688259","14.6073"
"1754688259","2101022010","0.125"
"2101022010","1754688259","0.125"
"1754688259","2126417912","0.125"
"2126417912","1754688259","0.125"
"1754688259","2163423973","0.157258"
"2163423973","1754688259","0.157258"
"1754688259","2955609830","0.216082"
"2955609830","1754688259","0.216082"
"2043210833","2101022010","0.125"
"2101022010","2043210833","0.125"
"2043210833","2126417912","0.125"
"2126417912","2043210833","0.125"
"2043210833","2163423973","0.157258"
"2163423973","2043210833","0.157258"
"2043210833","2955609830","0.157258"
"2955609830","2043210833","0.157258"
"2101022010","2126417912","3.88149"
"2126417912","2101022010","3.88149"
"2101022010","2163423973","1.20119"
"2163423973","2101022010","1.20119"
"2101022010","2955609830","0.225"
"2955609830","2101022010","0.225"
"2126417912","2163423973","0.625"
"2163423973","2126417912","0.625"
"2126417912","2955609830","0.162037"
"2955609830","2126417912","0.162037"
"2163423973","2955609830","0.316082"
"2955609830","2163423973","0.316082"
"1213870461","1519809459","0.333333"
"1519809459","1213870461","0.333333"
"1213870461","2148865534","0.333333"
"2148865534","1213870461","0.333333"
"1213870461","2167496998","0.333333"
"2167496998","1213870461","0.333333"
"1519809459","2148865534","0.365591"
"2148865534","1519809459","0.365591"
"1519809459","2167496998","1.33333"
"2167496998","1519809459","1.33333"
"2148865534","2167496998","4.76667"
"2167496998","2148865534","4.76667"
"1213870461","1937880336","0.308824"
"1937880336","1213870461","0.308824"
"1213870461","2144562951","0.308824"
"2144562951","1213870461","0.308824"
"1937880336","1990395488","0.63677"
"1990395488","1937880336","0.63677"
"1937880336","2144562951","1.05612"
"2144562951","1937880336","1.05612"
"1937880336","2955609830","9.876"
"2955609830","1937880336","9.876"
"1990395488","2144562951","0.43677"
"2144562951","1990395488","0.43677"
"1990395488","2955609830","0.63677"
"2955609830","1990395488","0.63677"
"2144562951","2955609830","2.05612"
"2955609830","2144562951","2.05612"
"1213870461","1901278359","0.0588235"
"1901278359","1213870461","0.0588235"
"1213870461","2139172211","0.0588235"
"2139172211","1213870461","0.0588235"
"1213870461","3023904122","0.0588235"
"3023904122","1213870461","0.0588235"
"1516512945","1656028867","0.608066"
"1656028867","1516512945","0.608066"
"1516512945","1901278359","0.57549"
"1901278359","1516512945","0.57549"
"1516512945","1937880336","0.327047"
"1937880336","1516512945","0.327047"
"1516512945","1990395488","0.0588235"
"1990395488","1516512945","0.0588235"
"1516512945","2110740499","0.644146"
"2110740499","1516512945","0.644146"
"1516512945","2131882761","0.174415"
"2131882761","1516512945","0.174415"
"1516512945","2139172211","0.577364"
"2139172211","1516512945","0.577364"
"1516512945","2144562951","1.2914"
"2144562951","1516512945","1.2914"
"1516512945","2145227448","1.05882"
"2145227448","1516512945","1.05882"
"1516512945","2149093588","1.2914"
"2149093588","1516512945","1.2914"
"1516512945","2149220756","0.392157"
"2149220756","1516512945","0.392157"
"1516512945","2163552131","1.20236"
"2163552131","1516512945","1.20236"
"1516512945","2165214731","0.608066"
"2165214731","1516512945","0.608066"
"1516512945","3023904122","0.143713"
"3023904122","1516512945","0.143713"
"1656028867","1901278359","0.429194"
"1901278359","1656028867","0.429194"
"1656028867","1937880336","0.30853"
"1937880336","1656028867","0.30853"
"1656028867","2139172211","0.351656"
"2139172211","1656028867","0.351656"
"1656028867","2144562951","0.562935"
"2144562951","1656028867","0.562935"
"1656028867","2163423973","0.158824"
"2163423973","1656028867","0.158824"
"1656028867","2955609830","0.30853"
"2955609830","1656028867","0.30853"
"1656028867","3023904122","0.117647"
"3023904122","1656028867","0.117647"
"1901278359","1937880336","0.279194"
"1937880336","1901278359","0.279194"
"1901278359","1990395488","0.0958606"
"1990395488","1901278359","0.0958606"
"1901278359","2110740499","1.69983"
"2110740499","1901278359","1.69983"
"1901278359","2131882761","0.290305"
"2131882761","1901278359","0.290305"
"1901278359","2139172211","0.0588235"
"2139172211","1901278359","0.0588235"
"1901278359","2144562951","0.616495"
"2144562951","1901278359","0.616495"
"1901278359","2145227448","0.0958606"
"2145227448","1901278359","0.0958606"
"1901278359","2149093588","0.616495"
"2149093588","1901278359","0.616495"
"1901278359","2149220756","0.429194"
"2149220756","1901278359","0.429194"
"1901278359","2163423973","0.158824"
"2163423973","1901278359","0.158824"
"1901278359","2163552131","0.22549"
"2163552131","1901278359","0.22549"
"1901278359","2165214731","0.429194"
"2165214731","1901278359","0.429194"
"1901278359","2955609830","0.279194"
"2955609830","1901278359","0.279194"
"1901278359","3023904122","0.0588235"
"3023904122","1901278359","0.0588235"
"1937880336","2110740499","0.583864"
"2110740499","1937880336","0.583864"
"1937880336","2131882761","0.455042"
"2131882761","1937880336","0.455042"
"1937880336","2139172211","0.788811"
"2139172211","1937880336","0.788811"
"1937880336","2145227448","0.38677"
"2145227448","1937880336","0.38677"
"1937880336","2149093588","0.88304"
"2149093588","1937880336","0.88304"
"1937880336","2149220756","0.263693"
"2149220756","1937880336","0.263693"
"1937880336","2163423973","0.191082"
"2163423973","1937880336","0.191082"
"1937880336","2163552131","0.520279"
"2163552131","1937880336","0.520279"
"1937880336","2165214731","0.231607"
"2165214731","1937880336","0.231607"
"1937880336","3023904122","2.70178"
"3023904122","1937880336","2.70178"
"1990395488","2139172211","0.349733"
"2139172211","1990395488","0.349733"
"1990395488","2163423973","0.0588235"
"2163423973","1990395488","0.0588235"
"1990395488","3023904122","0.349733"
"3023904122","1990395488","0.349733"
"2110740499","2139172211","0.422144"
"2139172211","2110740499","0.422144"
"2110740499","2144562951","0.798314"
"2144562951","2110740499","0.798314"
"2110740499","2163423973","4.49108"
"2163423973","2110740499","4.49108"
"2110740499","2955609830","0.583864"
"2955609830","2110740499","0.583864"
"2110740499","3023904122","0.143713"
"3023904122","2110740499","0.143713"
"2131882761","2139172211","0.0588235"
"2139172211","2131882761","0.0588235"
"2131882761","2144562951","1.61723"
"2144562951","2131882761","1.61723"
"2131882761","2163423973","0.291082"
"2163423973","2131882761","0.291082"
"2131882761","2955609830","1.45504"
"2955609830","2131882761","1.45504"
"2131882761","3023904122","0.341082"
"3023904122","2131882761","0.341082"
"2139172211","2144562951","0.524733"
"2144562951","2139172211","0.524733"
"2139172211","2145227448","0.349733"
"2145227448","2139172211","0.349733"
"2139172211","2149093588","0.601656"
"2149093588","2139172211","0.601656"
"2139172211","2149220756","0.149733"
"2149220756","2139172211","0.149733"
"2139172211","2163423973","0.0588235"
"2163423973","2139172211","0.0588235"
"2139172211","2163552131","0.369031"
"2163552131","2139172211","0.369031"
"2139172211","2165214731","0.274733"
"2165214731","2139172211","0.274733"
"2139172211","2955609830","0.645954"
"2955609830","2139172211","0.645954"
"2139172211","3023904122","0.402364"
"3023904122","2139172211","0.402364"
"2144562951","2145227448","0.18677"
"2145227448","2144562951","0.18677"
"2144562951","2149093588","7.14266"
"2149093588","2144562951","7.14266"
"2144562951","2149220756","0.347026"
"2149220756","2144562951","0.347026"
"2144562951","2163423973","0.158824"
"2163423973","2144562951","0.158824"
"2144562951","2163552131","0.316399"
"2163552131","2144562951","0.316399"
"2144562951","2165214731","0.562935"
"2165214731","2144562951","0.562935"
"2144562951","3023904122","0.308824"
"3023904122","2144562951","0.308824"
"2145227448","2163423973","0.0588235"
"2163423973","2145227448","0.0588235"
"2145227448","2955609830","0.38677"
"2955609830","2145227448","0.38677"
"2145227448","3023904122","0.349733"
"3023904122","2145227448","0.349733"
"2149093588","2163423973","1.15882"
"2163423973","2149093588","1.15882"
"2149093588","2955609830","0.88304"
"2955609830","2149093588","0.88304"
"2149093588","3023904122","0.308824"
"3023904122","2149093588","0.308824"
"2149220756","2163423973","0.158824"
"2163423973","2149220756","0.158824"
"2149220756","2955609830","0.263693"
"2955609830","2149220756","0.263693"
"2149220756","3023904122","0.149733"
"3023904122","2149220756","0.149733"
"2163423973","2163552131","0.358824"
"2163552131","2163423973","0.358824"
"2163423973","2165214731","0.158824"
"2165214731","2163423973","0.158824"
"2163423973","3023904122","0.0910816"
"3023904122","2163423973","0.0910816"
"2163552131","2955609830","0.520279"
"2955609830","2163552131","0.520279"
"2163552131","3023904122","0.170279"
"3023904122","2163552131","0.170279"
"2165214731","2955609830","0.231607"
"2955609830","2165214731","0.231607"
"2165214731","3023904122","0.117647"
"3023904122","2165214731","0.117647"
"2955609830","3023904122","3.20178"
"3023904122","2955609830","3.20178"
"1494038444","2148848042","3"
"2148848042","1494038444","3"
"1495769523","2131882761","1"
"2131882761","1495769523","1"
"1498063506","1937880336","1.12441"
"1937880336","1498063506","1.12441"
"1498063506","2592624259","0.567272"
"2592624259","1498063506","0.567272"
"1498063506","2955609830","1.62441"
"2955609830","1498063506","1.62441"
"1937880336","2592624259","0.424415"
"2592624259","1937880336","0.424415"
"2592624259","2955609830","0.424415"
"2955609830","2592624259","0.424415"
"1498063506","1545950900","0.575115"
"1545950900","1498063506","0.575115"
"1498063506","2130056156","0.201681"
"2130056156","1498063506","0.201681"
"1498063506","2163552131","1.10168"
"2163552131","1498063506","1.10168"
"1498063506","2164736940","0.575115"
"2164736940","1498063506","0.575115"
"1498063506","2167496998","1.04286"
"2167496998","1498063506","1.04286"
"1498063506","2765530207","0.142857"
"2765530207","1498063506","0.142857"
"1545950900","2130056156","0.142857"
"2130056156","1545950900","0.142857"
"1545950900","2163552131","0.542857"
"2163552131","1545950900","0.542857"
"1545950900","2164736940","8.74178"
"2164736940","1545950900","8.74178"
"1545950900","2167496998","1.20952"
"2167496998","1545950900","1.20952"
"1545950900","2592624259","0.508449"
"2592624259","1545950900","0.508449"
"1545950900","2765530207","0.142857"
"2765530207","1545950900","0.142857"
"2130056156","2163552131","1.47592"
"2163552131","2130056156","1.47592"
"2130056156","2164736940","0.142857"
"2164736940","2130056156","0.142857"
"2130056156","2167496998","0.242857"
"2167496998","2130056156","0.242857"
"2130056156","2592624259","0.201681"
"2592624259","2130056156","0.201681"
"2130056156","2765530207","0.142857"
"2765530207","2130056156","0.142857"
"2163552131","2164736940","1.49286"
"2164736940","2163552131","1.49286"
"2163552131","2167496998","6.19286"
"2167496998","2163552131","6.19286"
"2163552131","2592624259","0.201681"
"2592624259","2163552131","0.201681"
"2163552131","2765530207","0.342857"
"2765530207","2163552131","0.342857"
"2164736940","2167496998","2.40952"
"2167496998","2164736940","2.40952"
"2164736940","2592624259","1.00845"
"2592624259","2164736940","1.00845"
"2164736940","2765530207","1.17619"
"2765530207","2164736940","1.17619"
"2167496998","2592624259","0.97619"
"2592624259","2167496998","0.97619"
"2167496998","2765530207","0.342857"
"2765530207","2167496998","0.342857"
"2592624259","2765530207","0.142857"
"2765530207","2592624259","0.142857"
"1498063506","1542059364","0.541082"
"1542059364","1498063506","0.541082"
"1542059364","1545950900","0.232258"
"1545950900","1542059364","0.232258"
"1542059364","2163552131","0.511455"
"2163552131","1542059364","0.511455"
"1542059364","2164736940","0.232258"
"2164736940","1542059364","0.232258"
"1542059364","2167496998","0.2"
"2167496998","1542059364","0.2"
"1498063506","2119563114","3.87441"
"2119563114","1498063506","3.87441"
"1498063506","2047241038","0.308824"
"2047241038","1498063506","0.308824"
"1498063506","2129876196","1.75"
"2129876196","1498063506","1.75"
"1498063506","2149847764","0.75"
"2149847764","1498063506","0.75"
"1542059364","2047241038","1.69479"
"2047241038","1542059364","1.69479"
"1542059364","2129876196","0.790269"
"2129876196","1542059364","0.790269"
"1542059364","2149847764","0.790269"
"2149847764","1542059364","0.790269"
"2047241038","2129876196","0.302632"
"2129876196","2047241038","0.302632"
"2047241038","2149847764","0.302632"
"2149847764","2047241038","0.302632"
"2129876196","2149847764","1.6709"
"2149847764","2129876196","1.6709"
"1498063506","1516512945","0.0322581"
"1516512945","1498063506","0.0322581"
"1498063506","1519809459","0.0322581"
"1519809459","1498063506","0.0322581"
"1498063506","1549438532","0.0322581"
"1549438532","1498063506","0.0322581"
"1498063506","1754688259","0.341082"
"1754688259","1498063506","0.341082"
"1498063506","2033838428","0.615591"
"2033838428","1498063506","0.615591"
"1498063506","2043210833","0.615591"
"2043210833","1498063506","0.615591"
"1498063506","2110740499","0.0322581"
"2110740499","1498063506","0.0322581"
"1498063506","2111276172","0.0322581"
"2111276172","1498063506","0.0322581"
"1498063506","2114010645","0.0322581"
"2114010645","1498063506","0.0322581"
"1498063506","2117056197","0.0910816"
"2117056197","1498063506","0.0910816"
"1498063506","2131882761","0.0322581"
"2131882761","1498063506","0.0322581"
"1498063506","2134340933","0.0322581"
"2134340933","1498063506","0.0322581"
"1498063506","2148865534","0.291082"
"2148865534","1498063506","0.291082"
"1498063506","2155303329","0.0322581"
"2155303329","1498063506","0.0322581"
"1498063506","2160879729","0.0322581"
"2160879729","1498063506","0.0322581"
"1498063506","2163423973","0.0322581"
"2163423973","1498063506","0.0322581"
"1498063506","2165257856","0.0322581"
"2165257856","1498063506","0.0322581"
"1498063506","2170696315","0.0322581"
"2170696315","1498063506","0.0322581"
"1498063506","2182584071","0.0322581"
"2182584071","1498063506","0.0322581"
"1498063506","2487384095","0.0322581"
"2487384095","1498063506","0.0322581"
"1498063506","2585819574","0.0910816"
"2585819574","1498063506","0.0910816"
"1498063506","2752328771","0.0322581"
"2752328771","1498063506","0.0322581"
"1498063506","3013962188","0.0322581"
"3013962188","1498063506","0.0322581"
"1498063506","3023904122","0.591082"
"3023904122","1498063506","0.591082"
"1516512945","1519809459","0.0322581"
"1519809459","1516512945","0.0322581"
"1516512945","1542059364","0.68608"
"1542059364","1516512945","0.68608"
"1516512945","1545950900","0.0322581"
"1545950900","1516512945","0.0322581"
"1516512945","1549438532","0.18489"
"1549438532","1516512945","0.18489"
"1516512945","2033838428","0.0322581"
"2033838428","1516512945","0.0322581"
"1516512945","2111276172","0.0322581"
"2111276172","1516512945","0.0322581"
"1516512945","2114010645","0.0848896"
"2114010645","1516512945","0.0848896"
"1516512945","2117056197","0.123167"
"2117056197","1516512945","0.123167"
"1516512945","2119563114","0.0322581"
"2119563114","1516512945","0.0322581"
"1516512945","2134340933","0.0322581"
"2134340933","1516512945","0.0322581"
"1516512945","2148865534","0.0322581"
"2148865534","1516512945","0.0322581"
"1516512945","2155303329","0.0322581"
"2155303329","1516512945","0.0322581"
"1516512945","2160879729","1.17512"
"2160879729","1516512945","1.17512"
"1516512945","2164736940","0.532258"
"2164736940","1516512945","0.532258"
"1516512945","2165257856","0.698925"
"2165257856","1516512945","0.698925"
"1516512945","2170696315","0.0322581"
"2170696315","1516512945","0.0322581"
"1516512945","2182584071","0.0848896"
"2182584071","1516512945","0.0848896"
"1516512945","2487384095","0.0322581"
"2487384095","1516512945","0.0322581"
"1516512945","2585819574","1.61559"
"2585819574","1516512945","1.61559"
"1516512945","2592624259","0.0322581"
"2592624259","1516512945","0.0322581"
"1516512945","2752328771","0.0322581"
"2752328771","1516512945","0.0322581"
"1516512945","3013962188","0.0322581"
"3013962188","1516512945","0.0322581"
"1519809459","1542059364","0.0322581"
"1542059364","1519809459","0.0322581"
"1519809459","1545950900","0.0322581"
"1545950900","1519809459","0.0322581"
"1519809459","1549438532","0.0322581"
"1549438532","1519809459","0.0322581"
"1519809459","1754688259","0.0322581"
"1754688259","1519809459","0.0322581"
"1519809459","1937880336","0.0322581"
"1937880336","1519809459","0.0322581"
"1519809459","2033838428","0.0322581"
"2033838428","1519809459","0.0322581"
"1519809459","2043210833","0.0322581"
"2043210833","1519809459","0.0322581"
"1519809459","2110740499","0.175115"
"2110740499","1519809459","0.175115"
"1519809459","2111276172","0.0322581"
"2111276172","1519809459","0.0322581"
"1519809459","2114010645","0.0322581"
"2114010645","1519809459","0.0322581"
"1519809459","2117056197","0.0322581"
"2117056197","1519809459","0.0322581"
"1519809459","2119563114","0.0322581"
"2119563114","1519809459","0.0322581"
"1519809459","2131882761","0.0322581"
"2131882761","1519809459","0.0322581"
"1519809459","2134340933","0.0322581"
"2134340933","1519809459","0.0322581"
"1519809459","2155303329","0.708449"
"2155303329","1519809459","0.708449"
"1519809459","2160879729","0.0322581"
"2160879729","1519809459","0.0322581"
"1519809459","2163423973","0.0322581"
"2163423973","1519809459","0.0322581"
"1519809459","2164736940","0.0322581"
"2164736940","1519809459","0.0322581"
"1519809459","2165257856","7.20845"
"2165257856","1519809459","7.20845"
"1519809459","2170696315","0.0322581"
"2170696315","1519809459","0.0322581"
"1519809459","2182584071","0.851306"
"2182584071","1519809459","0.851306"
"1519809459","2487384095","0.0322581"
"2487384095","1519809459","0.0322581"
"1519809459","2585819574","0.123167"
"2585819574","1519809459","0.123167"
"1519809459","2592624259","0.0322581"
"2592624259","1519809459","0.0322581"
"1519809459","2752328771","0.123167"
"2752328771","1519809459","0.123167"
"1519809459","2955609830","0.0322581"
"2955609830","1519809459","0.0322581"
"1519809459","3013962188","0.373167"
"3013962188","1519809459","0.373167"
"1519809459","3023904122","0.0322581"
"3023904122","1519809459","0.0322581"
"1542059364","1549438532","0.161813"
"1549438532","1542059364","0.161813"
"1542059364","1754688259","0.0910816"
"1754688259","1542059364","0.0910816"
"1542059364","1937880336","0.579403"
"1937880336","1542059364","0.579403"
"1542059364","2033838428","0.232258"
"2033838428","1542059364","0.232258"
"1542059364","2043210833","0.0322581"
"2043210833","1542059364","0.0322581"
"1542059364","2110740499","0.447527"
"2110740499","1542059364","0.447527"
"1542059364","2111276172","0.0322581"
"2111276172","1542059364","0.0322581"
"1542059364","2114010645","0.0848896"
"2114010645","1542059364","0.0848896"
"1542059364","2117056197","0.0910816"
"2117056197","1542059364","0.0910816"
"1542059364","2119563114","0.0910816"
"2119563114","1542059364","0.0910816"
"1542059364","2131882761","0.0322581"
"2131882761","1542059364","0.0322581"
"1542059364","2134340933","0.0322581"
"2134340933","1542059364","0.0322581"
"1542059364","2148865534","0.0910816"
"2148865534","1542059364","0.0910816"
"1542059364","2155303329","0.0322581"
"2155303329","1542059364","0.0322581"
"1542059364","2160879729","1.31797"
"2160879729","1542059364","1.31797"
"1542059364","2163423973","0.0322581"
"2163423973","1542059364","0.0322581"
"1542059364","2165257856","0.0322581"
"2165257856","1542059364","0.0322581"
"1542059364","2170696315","0.0322581"
"2170696315","1542059364","0.0322581"
"1542059364","2182584071","0.0848896"
"2182584071","1542059364","0.0848896"
"1542059364","2487384095","0.0322581"
"2487384095","1542059364","0.0322581"
"1542059364","2585819574","0.291082"
"2585819574","1542059364","0.291082"
"1542059364","2592624259","0.0910816"
"2592624259","1542059364","0.0910816"
"1542059364","2752328771","0.0322581"
"2752328771","1542059364","0.0322581"
"1542059364","2955609830","0.579403"
"2955609830","1542059364","0.579403"
"1542059364","3013962188","0.0322581"
"3013962188","1542059364","0.0322581"
"1542059364","3023904122","0.359622"
"3023904122","1542059364","0.359622"
"1545950900","1549438532","0.0322581"
"1549438532","1545950900","0.0322581"
"1545950900","1754688259","0.0322581"
"1754688259","1545950900","0.0322581"
"1545950900","1937880336","0.0322581"
"1937880336","1545950900","0.0322581"
"1545950900","2033838428","0.0322581"
"2033838428","1545950900","0.0322581"
"1545950900","2043210833","0.0322581"
"2043210833","1545950900","0.0322581"
"1545950900","2110740499","0.0322581"
"2110740499","1545950900","0.0322581"
"1545950900","2111276172","0.0322581"
"2111276172","1545950900","0.0322581"
"1545950900","2114010645","0.0322581"
"2114010645","1545950900","0.0322581"
"1545950900","2117056197","0.0322581"
"2117056197","1545950900","0.0322581"
"1545950900","2119563114","0.232258"
"2119563114","1545950900","0.232258"
"1545950900","2131882761","0.532258"
"2131882761","1545950900","0.532258"
"1545950900","2134340933","0.0322581"
"2134340933","1545950900","0.0322581"
"1545950900","2148865534","1.36559"
"2148865534","1545950900","1.36559"
"1545950900","2155303329","0.0322581"
"2155303329","1545950900","0.0322581"
"1545950900","2160879729","0.0322581"
"2160879729","1545950900","0.0322581"
"1545950900","2163423973","0.0322581"
"2163423973","1545950900","0.0322581"
"1545950900","2165257856","0.0322581"
"2165257856","1545950900","0.0322581"
"1545950900","2170696315","0.0322581"
"2170696315","1545950900","0.0322581"
"1545950900","2182584071","0.0322581"
"2182584071","1545950900","0.0322581"
"1545950900","2487384095","0.0322581"
"2487384095","1545950900","0.0322581"
"1545950900","2585819574","0.0322581"
"2585819574","1545950900","0.0322581"
"1545950900","2752328771","0.532258"
"2752328771","1545950900","0.532258"
"1545950900","2955609830","0.0322581"
"2955609830","1545950900","0.0322581"
"1545950900","3013962188","0.0322581"
"3013962188","1545950900","0.0322581"
"1545950900","3023904122","0.0322581"
"3023904122","1545950900","0.0322581"
"1549438532","1754688259","0.0322581"
"1754688259","1549438532","0.0322581"
"1549438532","1937880336","0.29885"
"1937880336","1549438532","0.29885"
"1549438532","2033838428","0.0692951"
"2033838428","1549438532","0.0692951"
"1549438532","2043210833","0.0322581"
"2043210833","1549438532","0.0322581"
"1549438532","2110740499","1.29885"
"2110740499","1549438532","1.29885"
"1549438532","2111276172","0.0322581"
"2111276172","1549438532","0.0322581"
"1549438532","2114010645","0.0848896"
"2114010645","1549438532","0.0848896"
"1549438532","2117056197","0.0322581"
"2117056197","1549438532","0.0322581"
"1549438532","2119563114","0.0322581"
"2119563114","1549438532","0.0322581"
"1549438532","2131882761","0.0692951"
"2131882761","1549438532","0.0692951"
"1549438532","2134340933","0.0322581"
"2134340933","1549438532","0.0322581"
"1549438532","2148865534","0.0322581"
"2148865534","1549438532","0.0322581"
"1549438532","2155303329","0.0322581"
"2155303329","1549438532","0.0322581"
"1549438532","2160879729","0.0692951"
"2160879729","1549438532","0.0692951"
"1549438532","2163423973","0.132258"
"2163423973","1549438532","0.132258"
"1549438532","2164736940","0.0322581"
"2164736940","1549438532","0.0322581"
"1549438532","2165257856","0.0692951"
"2165257856","1549438532","0.0692951"
"1549438532","2170696315","0.0322581"
"2170696315","1549438532","0.0322581"
"1549438532","2182584071","0.0848896"
"2182584071","1549438532","0.0848896"
"1549438532","2487384095","0.0692951"
"2487384095","1549438532","0.0692951"
"1549438532","2585819574","0.0322581"
"2585819574","1549438532","0.0322581"
"1549438532","2592624259","0.0322581"
"2592624259","1549438532","0.0322581"
"1549438532","2752328771","0.0322581"
"2752328771","1549438532","0.0322581"
"1549438532","2955609830","0.29885"
"2955609830","1549438532","0.29885"
"1549438532","3013962188","0.0322581"
"3013962188","1549438532","0.0322581"
"1549438532","3023904122","0.0848896"
"3023904122","1549438532","0.0848896"
"1754688259","1937880336","0.0910816"
"1937880336","1754688259","0.0910816"
"1754688259","2033838428","1.11559"
"2033838428","1754688259","1.11559"
"1754688259","2110740499","1.03226"
"2110740499","1754688259","1.03226"
"1754688259","2111276172","0.0322581"
"2111276172","1754688259","0.0322581"
"1754688259","2114010645","1.19892"
"2114010645","1754688259","1.19892"
"1754688259","2117056197","0.541082"
"2117056197","1754688259","0.541082"
"1754688259","2119563114","0.341082"
"2119563114","1754688259","0.341082"
"1754688259","2131882761","0.0322581"
"2131882761","1754688259","0.0322581"
"1754688259","2134340933","0.0322581"
"2134340933","1754688259","0.0322581"
"1754688259","2148865534","0.0910816"
"2148865534","1754688259","0.0910816"
"1754688259","2155303329","0.0322581"
"2155303329","1754688259","0.0322581"
"1754688259","2160879729","0.0322581"
"2160879729","1754688259","0.0322581"
"1754688259","2164736940","0.282258"
"2164736940","1754688259","0.282258"
"1754688259","2165257856","0.0322581"
"2165257856","1754688259","0.0322581"
"1754688259","2170696315","0.0322581"
"2170696315","1754688259","0.0322581"
"1754688259","2182584071","0.0322581"
"2182584071","1754688259","0.0322581"
"1754688259","2487384095","0.0322581"
"2487384095","1754688259","0.0322581"
"1754688259","2585819574","0.0910816"
"2585819574","1754688259","0.0910816"
"1754688259","2592624259","0.0910816"
"2592624259","1754688259","0.0910816"
"1754688259","2752328771","0.0322581"
"2752328771","1754688259","0.0322581"
"1754688259","3013962188","0.0322581"
"3013962188","1754688259","0.0322581"
"1754688259","3023904122","0.0910816"
"3023904122","1754688259","0.0910816"
"1937880336","2033838428","0.0692951"
"2033838428","1937880336","0.0692951"
"1937880336","2043210833","0.0322581"
"2043210833","1937880336","0.0322581"
"1937880336","2111276172","0.0322581"
"2111276172","1937880336","0.0322581"
"1937880336","2114010645","0.0848896"
"2114010645","1937880336","0.0848896"
"1937880336","2117056197","0.0910816"
"2117056197","1937880336","0.0910816"
"1937880336","2119563114","0.441082"
"2119563114","1937880336","0.441082"
"1937880336","2134340933","0.0322581"
"2134340933","1937880336","0.0322581"
"1937880336","2148865534","0.624415"
"2148865534","1937880336","0.624415"
"1937880336","2155303329","0.0322581"
"2155303329","1937880336","0.0322581"
"1937880336","2160879729","0.212152"
"2160879729","1937880336","0.212152"
"1937880336","2164736940","0.0322581"
"2164736940","1937880336","0.0322581"
"1937880336","2165257856","0.0692951"
"2165257856","1937880336","0.0692951"
"1937880336","2170696315","0.0322581"
"2170696315","1937880336","0.0322581"
"1937880336","2182584071","0.0848896"
"2182584071","1937880336","0.0848896"
"1937880336","2487384095","0.0692951"
"2487384095","1937880336","0.0692951"
"1937880336","2585819574","0.424415"
"2585819574","1937880336","0.424415"
"1937880336","2752328771","0.132258"
"2752328771","1937880336","0.132258"
"1937880336","3013962188","0.0322581"
"3013962188","1937880336","0.0322581"
"2033838428","2043210833","1.44892"
"2043210833","2033838428","1.44892"
"2033838428","2110740499","0.602628"
"2110740499","2033838428","0.602628"
"2033838428","2111276172","0.0625611"
"2111276172","2033838428","0.0625611"
"2033838428","2114010645","0.429228"
"2114010645","2033838428","0.429228"
"2033838428","2117056197","0.0625611"
"2117056197","2033838428","0.0625611"
"2033838428","2119563114","0.615591"
"2119563114","2033838428","0.615591"
"2033838428","2131882761","0.769295"
"2131882761","2033838428","0.769295"
"2033838428","2134340933","0.0322581"
"2134340933","2033838428","0.0322581"
"2033838428","2148865534","0.0322581"
"2148865534","2033838428","0.0322581"
"2033838428","2155303329","0.429228"
"2155303329","2033838428","0.429228"
"2033838428","2160879729","0.0995981"
"2160879729","2033838428","0.0995981"
"2033838428","2163423973","1.59892"
"2163423973","2033838428","1.59892"
"2033838428","2164736940","0.0322581"
"2164736940","2033838428","0.0322581"
"2033838428","2165257856","0.0995981"
"2165257856","2033838428","0.0995981"
"2033838428","2170696315","0.0625611"
"2170696315","2033838428","0.0625611"
"2033838428","2182584071","0.0625611"
"2182584071","2033838428","0.0625611"
"2033838428","2487384095","0.0995981"
"2487384095","2033838428","0.0995981"
"2033838428","2585819574","0.262561"
"2585819574","2033838428","0.262561"
"2033838428","2592624259","0.0625611"
"2592624259","2033838428","0.0625611"
"2033838428","2752328771","0.0625611"
"2752328771","2033838428","0.0625611"
"2033838428","2955609830","0.0692951"
"2955609830","2033838428","0.0692951"
"2033838428","3013962188","0.0625611"
"3013962188","2033838428","0.0625611"
"2033838428","3023904122","0.0322581"
"3023904122","2033838428","0.0322581"
"2043210833","2110740499","1.03226"
"2110740499","2043210833","1.03226"
"2043210833","2111276172","0.0322581"
"2111276172","2043210833","0.0322581"
"2043210833","2114010645","0.698925"
"2114010645","2043210833","0.698925"
"2043210833","2117056197","0.482258"
"2117056197","2043210833","0.482258"
"2043210833","2119563114","0.615591"
"2119563114","2043210833","0.615591"
"2043210833","2131882761","0.0322581"
"2131882761","2043210833","0.0322581"
"2043210833","2134340933","0.0322581"
"2134340933","2043210833","0.0322581"
"2043210833","2148865534","0.0322581"
"2148865534","2043210833","0.0322581"
"2043210833","2155303329","0.0322581"
"2155303329","2043210833","0.0322581"
"2043210833","2160879729","0.0322581"
"2160879729","2043210833","0.0322581"
"2043210833","2164736940","0.482258"
"2164736940","2043210833","0.482258"
"2043210833","2165257856","0.0322581"
"2165257856","2043210833","0.0322581"
"2043210833","2170696315","0.0322581"
"2170696315","2043210833","0.0322581"
"2043210833","2182584071","0.0322581"
"2182584071","2043210833","0.0322581"
"2043210833","2487384095","0.0322581"
"2487384095","2043210833","0.0322581"
"2043210833","2585819574","0.0322581"
"2585819574","2043210833","0.0322581"
"2043210833","2592624259","0.0322581"
"2592624259","2043210833","0.0322581"
"2043210833","2752328771","0.0322581"
"2752328771","2043210833","0.0322581"
"2043210833","3013962188","0.0322581"
"3013962188","2043210833","0.0322581"
"2043210833","3023904122","0.0322581"
"3023904122","2043210833","0.0322581"
"2110740499","2111276172","0.532258"
"2111276172","2110740499","0.532258"
"2110740499","2114010645","0.175799"
"2114010645","2110740499","0.175799"
"2110740499","2117056197","0.373167"
"2117056197","2110740499","0.373167"
"2110740499","2119563114","0.0322581"
"2119563114","2110740499","0.0322581"
"2110740499","2134340933","0.0322581"
"2134340933","2110740499","0.0322581"
"2110740499","2148865534","0.132258"
"2148865534","2110740499","0.132258"
"2110740499","2160879729","0.955009"
"2160879729","2110740499","0.955009"
"2110740499","2164736940","0.0322581"
