"1484507150","2167434739","3"
"2167434739","1484507150","3"
"1520132034","1638287885","0.125"
"1638287885","1520132034","0.125"
"1520132034","2087314535","0.125"
"2087314535","1520132034","0.125"
"1520132034","2098142608","0.125"
"2098142608","1520132034","0.125"
"1520132034","2135568490","0.125"
"2135568490","1520132034","0.125"
"1520132034","2144552569","0.125"
"2144552569","1520132034","0.125"
"1520132034","2167434739","0.125"
"2167434739","1520132034","0.125"
"1520132034","22719495","0.125"
"22719495","1520132034","0.125"
"1520132034","2950383323","0.125"
"2950383323","1520132034","0.125"
"1638287885","2087314535","9.8131"
"2087314535","1638287885","9.8131"
"1638287885","2098142608","2.14643"
"2098142608","1638287885","2.14643"
"1638287885","2135568490","0.267857"
"2135568490","1638287885","0.267857"
"1638287885","2144552569","9.67024"
"2144552569","1638287885","9.67024"
"1638287885","2167434739","1.95833"
"2167434739","1638287885","1.95833"
"1638287885","22719495","2.14643"
"22719495","1638287885","2.14643"
"1638287885","2950383323","1.39643"
"2950383323","1638287885","1.39643"
"2087314535","2098142608","3.47976"
"2098142608","2087314535","3.47976"
"2087314535","2135568490","0.267857"
"2135568490","2087314535","0.267857"
"2087314535","2144552569","10.1702"
"2144552569","2087314535","10.1702"
"2087314535","2167434739","1.95833"
"2167434739","2087314535","1.95833"
"2087314535","22719495","3.47976"
"22719495","2087314535","3.47976"
"2087314535","2950383323","2.22976"
"2950383323","2087314535","2.22976"
"2098142608","2135568490","0.517857"
"2135568490","2098142608","0.517857"
"2098142608","2144552569","2.00357"
"2144552569","2098142608","2.00357"
"2098142608","2167434739","1.125"
"2167434739","2098142608","1.125"
"2098142608","22719495","11.8964"
"22719495","2098142608","11.8964"
"2098142608","2950383323","10.4798"
"2950383323","2098142608","10.4798"
"2135568490","2144552569","0.125"
"2144552569","2135568490","0.125"
"2135568490","2167434739","0.125"
"2167434739","2135568490","0.125"
"2135568490","22719495","0.517857"
"22719495","2135568490","0.517857"
"2135568490","2950383323","0.517857"
"2950383323","2135568490","0.517857"
"2144552569","2167434739","1.95833"
"2167434739","2144552569","1.95833"
"2144552569","22719495","2.00357"
"22719495","2144552569","2.00357"
"2144552569","2950383323","1.25357"
"2950383323","2144552569","1.25357"
"2167434739","22719495","0.125"
"22719495","2167434739","0.125"
"2167434739","2950383323","0.125"
"2950383323","2167434739","0.125"
"22719495","2950383323","8.47976"
"2950383323","22719495","8.47976"
"1520132034","1532829354","1"
"1532829354","1520132034","1"
"1520132034","1548981995","1"
"1548981995","1520132034","1"
"1532829354","1548981995","10.3333"
"1548981995","1532829354","10.3333"
"1520132034","2023665793","1"
"2023665793","1520132034","1"
"1532829354","1777068179","3.83333"
"1777068179","1532829354","3.83333"
"1532829354","2951062991","1.83333"
"2951062991","1532829354","1.83333"
"1777068179","2951062991","0.833333"
"2951062991","1777068179","0.833333"
"1548981995","1777068179","2.33333"
"1777068179","1548981995","2.33333"
"1548981995","2951062991","1.33333"
"2951062991","1548981995","1.33333"
"1532829354","2135568490","0.5"
"2135568490","1532829354","0.5"
"1548981995","2135568490","0.5"
"2135568490","1548981995","0.5"
"1532829354","1658340114","0.5"
"1658340114","1532829354","0.5"
"1548981995","1658340114","1.5"
"1658340114","1548981995","1.5"
"1548981995","1638287885","0.333333"
"1638287885","1548981995","0.333333"
"1548981995","2087314535","0.333333"
"2087314535","1548981995","0.333333"
"1548981995","2144552569","0.333333"
"2144552569","1548981995","0.333333"
"1638287885","1658340114","1.67857"
"1658340114","1638287885","1.67857"
"1658340114","2087314535","1.67857"
"2087314535","1658340114","1.67857"
"1658340114","2144552569","1.53571"
"2144552569","1658340114","1.53571"
"1638287885","2023665793","1.9881"
"2023665793","1638287885","1.9881"
"2023665793","2087314535","2.9881"
"2087314535","2023665793","2.9881"
"2023665793","2098142608","6.32143"
"2098142608","2023665793","6.32143"
"2023665793","2144552569","2.34524"
"2144552569","2023665793","2.34524"
"2023665793","22719495","6.32143"
"22719495","2023665793","6.32143"
"2023665793","2950383323","4.65476"
"2950383323","2023665793","4.65476"
"1658340114","2023665793","1.2619"
"2023665793","1658340114","1.2619"
"1658340114","2098142608","1.42857"
"2098142608","1658340114","1.42857"
"1658340114","22719495","1.42857"
"22719495","1658340114","1.42857"
"1638287885","1884115838","0.47619"
"1884115838","1638287885","0.47619"
"1884115838","2023665793","0.47619"
"2023665793","1884115838","0.47619"
"1884115838","2087314535","0.47619"
"2087314535","1884115838","0.47619"
"1884115838","2098142608","0.47619"
"2098142608","1884115838","0.47619"
"1884115838","2144552569","0.47619"
"2144552569","1884115838","0.47619"
"1884115838","22719495","0.47619"
"22719495","1884115838","0.47619"
"1658340114","2950383323","0.595238"
"2950383323","1658340114","0.595238"
"2023665793","2167434739","0.25"
"2167434739","2023665793","0.25"
"1658340114","2135568490","0.142857"
"2135568490","1658340114","0.142857"
"2023665793","2135568490","0.392857"
"2135568490","2023665793","0.392857"
"1658340114","2167434739","0.25"
"2167434739","1658340114","0.25"
"1884115838","2950383323","0.142857"
"2950383323","1884115838","0.142857"
"2027309293","57486851","2"
"57486851","2027309293","2"
"2027309293","2150654662","1"
"2150654662","2027309293","1"
"2042662524","57486851","1"
"57486851","2042662524","1"
"2042662524","2150654662","1"
"2150654662","2042662524","1"
