"103145994","1912769126","2.25"
"1912769126","103145994","2.25"
"103145994","2117634019","0.5"
"2117634019","103145994","0.5"
"1912769126","2117634019","0.5"
"2117634019","1912769126","0.5"
"103145994","13439346","1.83333"
"13439346","103145994","1.83333"
"103145994","151187442","0.583333"
"151187442","103145994","0.583333"
"103145994","2101041844","0.25"
"2101041844","103145994","0.25"
"13439346","151187442","1.41667"
"151187442","13439346","1.41667"
"13439346","1912769126","0.75"
"1912769126","13439346","0.75"
"13439346","2101041844","0.25"
"2101041844","13439346","0.25"
"151187442","1912769126","0.25"
"1912769126","151187442","0.25"
"151187442","2101041844","0.25"
"2101041844","151187442","0.25"
"1912769126","2101041844","0.25"
"2101041844","1912769126","0.25"
"103145994","2066756874","0.333333"
"2066756874","103145994","0.333333"
"103145994","2166410995","0.333333"
"2166410995","103145994","0.333333"
"103145994","2405780168","0.333333"
"2405780168","103145994","0.333333"
"2066756874","2166410995","0.404762"
"2166410995","2066756874","0.404762"
"2066756874","2405780168","0.404762"
"2405780168","2066756874","0.404762"
"2166410995","2405780168","1.20198"
"2405780168","2166410995","1.20198"
"103145994","2222557215","0.95"
"2222557215","103145994","0.95"
"13439346","2222557215","3.08333"
"2222557215","13439346","3.08333"
"103145994","2055871071","0.2"
"2055871071","103145994","0.2"
"103145994","2127185344","0.2"
"2127185344","103145994","0.2"
"103145994","2585990361","0.45"
"2585990361","103145994","0.45"
"103145994","2918882236","0.2"
"2918882236","103145994","0.2"
"2055871071","2127185344","18.8365"
"2127185344","2055871071","18.8365"
"2055871071","2222557215","0.2"
"2222557215","2055871071","0.2"
"2055871071","2585990361","0.805556"
"2585990361","2055871071","0.805556"
"2055871071","2918882236","0.2"
"2918882236","2055871071","0.2"
"2127185344","2222557215","0.533333"
"2222557215","2127185344","0.533333"
"2127185344","2585990361","1.13889"
"2585990361","2127185344","1.13889"
"2127185344","2918882236","0.533333"
"2918882236","2127185344","0.533333"
"2222557215","2585990361","0.783333"
"2585990361","2222557215","0.783333"
"2222557215","2918882236","1.03333"
"2918882236","2222557215","1.03333"
"2585990361","2918882236","0.533333"
"2918882236","2585990361","0.533333"
"103145994","2615217597","0.583333"
"2615217597","103145994","0.583333"
"13439346","2585990361","0.25"
"2585990361","13439346","0.25"
"13439346","2615217597","0.583333"
"2615217597","13439346","0.583333"
"2222557215","2615217597","0.25"
"2615217597","2222557215","0.25"
"2585990361","2615217597","0.25"
"2615217597","2585990361","0.25"
"151187442","2615217597","0.333333"
"2615217597","151187442","0.333333"
"10754003","1984936212","0.448413"
"1984936212","10754003","0.448413"
"10754003","2003371939","0.25"
"2003371939","10754003","0.25"
"10754003","2160743381","0.505556"
"2160743381","10754003","0.505556"
"10754003","2405780168","0.448413"
"2405780168","10754003","0.448413"
"1984936212","2003371939","0.488095"
"2003371939","1984936212","0.488095"
"1984936212","2160743381","0.305556"
"2160743381","1984936212","0.305556"
"1984936212","2405780168","3.61984"
"2405780168","1984936212","3.61984"
"2003371939","2160743381","0.25"
"2160743381","2003371939","0.25"
"2003371939","2405780168","0.321429"
"2405780168","2003371939","0.321429"
"2160743381","2405780168","0.305556"
"2405780168","2160743381","0.305556"
"10754003","1412796528","0.398413"
"1412796528","10754003","0.398413"
"10754003","2055871071","0.648413"
"2055871071","10754003","0.648413"
"10754003","2127185344","0.648413"
"2127185344","10754003","0.648413"
"10754003","2483674231","0.255556"
"2483674231","10754003","0.255556"
"1412796528","2055871071","0.498413"
"2055871071","1412796528","0.498413"
"1412796528","2127185344","0.498413"
"2127185344","1412796528","0.498413"
"1412796528","2160743381","0.255556"
"2160743381","1412796528","0.255556"
"1412796528","2483674231","0.255556"
"2483674231","1412796528","0.255556"
"2055871071","2160743381","0.255556"
"2160743381","2055871071","0.255556"
"2055871071","2483674231","0.255556"
"2483674231","2055871071","0.255556"
"2127185344","2160743381","0.255556"
"2160743381","2127185344","0.255556"
"2127185344","2483674231","0.255556"
"2483674231","2127185344","0.255556"
"2160743381","2483674231","4.02222"
"2483674231","2160743381","4.02222"
"10754003","1912769126","0.142857"
"1912769126","10754003","0.142857"
"10754003","2044911211","0.142857"
"2044911211","10754003","0.142857"
"1412796528","1912769126","1.86786"
"1912769126","1412796528","1.86786"
"1412796528","1984936212","0.798413"
"1984936212","1412796528","0.798413"
"1412796528","2044911211","1.40952"
"2044911211","1412796528","1.40952"
"1412796528","2405780168","1.42341"
"2405780168","1412796528","1.42341"
"1912769126","1984936212","2.07619"
"1984936212","1912769126","2.07619"
"1912769126","2044911211","0.942857"
"2044911211","1912769126","0.942857"
"1912769126","2055871071","0.77619"
"2055871071","1912769126","0.77619"
"1912769126","2127185344","0.77619"
"2127185344","1912769126","0.77619"
"1912769126","2405780168","0.90119"
"2405780168","1912769126","0.90119"
"1984936212","2044911211","2.15952"
"2044911211","1984936212","2.15952"
"1984936212","2055871071","0.369841"
"2055871071","1984936212","0.369841"
"1984936212","2127185344","0.369841"
"2127185344","1984936212","0.369841"
"2044911211","2055871071","1.22619"
"2055871071","2044911211","1.22619"
"2044911211","2127185344","1.22619"
"2127185344","2044911211","1.22619"
"2044911211","2405780168","2.19286"
"2405780168","2044911211","2.19286"
"2055871071","2405780168","1.31984"
"2405780168","2055871071","1.31984"
"2127185344","2405780168","1.31984"
"2405780168","2127185344","1.31984"
"10754003","2158894011","0.305556"
"2158894011","10754003","0.305556"
"10754003","48212787","0.25"
"48212787","10754003","0.25"
"2055871071","2158894011","0.376984"
"2158894011","2055871071","0.376984"
"2055871071","48212787","0.421429"
"48212787","2055871071","0.421429"
"2127185344","2158894011","0.376984"
"2158894011","2127185344","0.376984"
"2127185344","48212787","0.421429"
"48212787","2127185344","0.421429"
"2158894011","48212787","0.446429"
"48212787","2158894011","0.446429"
"10754003","1487956172","0.0555556"
"1487956172","10754003","0.0555556"
"10754003","185907677","0.0555556"
"185907677","10754003","0.0555556"
"10754003","1873082488","0.0555556"
"1873082488","10754003","0.0555556"
"10754003","1967757417","0.0555556"
"1967757417","10754003","0.0555556"
"10754003","205305182","0.0555556"
"205305182","10754003","0.0555556"
"10754003","2101041844","0.0555556"
"2101041844","10754003","0.0555556"
"10754003","2122301719","0.0555556"
"2122301719","10754003","0.0555556"
"10754003","2166410995","0.0555556"
"2166410995","10754003","0.0555556"
"10754003","2585990361","0.0555556"
"2585990361","10754003","0.0555556"
"10754003","2748245824","0.0555556"
"2748245824","10754003","0.0555556"
"1412796528","1487956172","0.0555556"
"1487956172","1412796528","0.0555556"
"1412796528","185907677","0.0555556"
"185907677","1412796528","0.0555556"
"1412796528","1873082488","0.222222"
"1873082488","1412796528","0.222222"
"1412796528","1967757417","0.222222"
"1967757417","1412796528","0.222222"
"1412796528","205305182","0.0555556"
"205305182","1412796528","0.0555556"
"1412796528","2101041844","0.0555556"
"2101041844","1412796528","0.0555556"
"1412796528","2122301719","0.222222"
"2122301719","1412796528","0.222222"
"1412796528","2158894011","0.222222"
"2158894011","1412796528","0.222222"
"1412796528","2166410995","0.180556"
"2166410995","1412796528","0.180556"
"1412796528","2585990361","0.855556"
"2585990361","1412796528","0.855556"
"1412796528","2748245824","0.255556"
"2748245824","1412796528","0.255556"
"1487956172","185907677","0.0555556"
"185907677","1487956172","0.0555556"
"1487956172","1873082488","0.555556"
"1873082488","1487956172","0.555556"
"1487956172","1967757417","0.222222"
"1967757417","1487956172","0.222222"
"1487956172","1984936212","0.0555556"
"1984936212","1487956172","0.0555556"
"1487956172","205305182","0.0555556"
"205305182","1487956172","0.0555556"
"1487956172","2055871071","0.0555556"
"2055871071","1487956172","0.0555556"
"1487956172","2101041844","0.180556"
"2101041844","1487956172","0.180556"
"1487956172","2122301719","0.222222"
"2122301719","1487956172","0.222222"
"1487956172","2127185344","0.0555556"
"2127185344","1487956172","0.0555556"
"1487956172","2158894011","0.180556"
"2158894011","1487956172","0.180556"
"1487956172","2160743381","1.38889"
"2160743381","1487956172","1.38889"
"1487956172","2166410995","0.0555556"
"2166410995","1487956172","0.0555556"
"1487956172","2405780168","0.180556"
"2405780168","1487956172","0.180556"
"1487956172","2483674231","1.51389"
"2483674231","1487956172","1.51389"
"1487956172","2585990361","0.0555556"
"2585990361","1487956172","0.0555556"
"1487956172","2748245824","0.0555556"
"2748245824","1487956172","0.0555556"
"185907677","1873082488","0.0555556"
"1873082488","185907677","0.0555556"
"185907677","1967757417","0.0555556"
"1967757417","185907677","0.0555556"
"185907677","1984936212","0.0555556"
"1984936212","185907677","0.0555556"
"185907677","205305182","0.555556"
"205305182","185907677","0.555556"
"185907677","2055871071","0.0555556"
"2055871071","185907677","0.0555556"
"185907677","2101041844","0.0555556"
"2101041844","185907677","0.0555556"
"185907677","2122301719","0.0555556"
"2122301719","185907677","0.0555556"
"185907677","2127185344","0.0555556"
"2127185344","185907677","0.0555556"
"185907677","2158894011","0.0555556"
"2158894011","185907677","0.0555556"
"185907677","2160743381","0.888889"
"2160743381","185907677","0.888889"
"185907677","2166410995","0.0555556"
"2166410995","185907677","0.0555556"
"185907677","2405780168","0.0555556"
"2405780168","185907677","0.0555556"
"185907677","2483674231","14.6722"
"2483674231","185907677","14.6722"
"185907677","2585990361","0.0555556"
"2585990361","185907677","0.0555556"
"185907677","2748245824","0.0555556"
"2748245824","185907677","0.0555556"
"1873082488","1967757417","0.626984"
"1967757417","1873082488","0.626984"
"1873082488","1984936212","0.222222"
"1984936212","1873082488","0.222222"
"1873082488","205305182","0.293651"
"205305182","1873082488","0.293651"
"1873082488","2055871071","0.0555556"
"2055871071","1873082488","0.0555556"
"1873082488","2101041844","0.0555556"
"2101041844","1873082488","0.0555556"
"1873082488","2122301719","0.626984"
"2122301719","1873082488","0.626984"
"1873082488","2127185344","0.0555556"
"2127185344","1873082488","0.0555556"
"1873082488","2158894011","1.91032"
"2158894011","1873082488","1.91032"
"1873082488","2160743381","1.55556"
"2160743381","1873082488","1.55556"
"1873082488","2166410995","0.293651"
"2166410995","1873082488","0.293651"
"1873082488","2405780168","1.22222"
"2405780168","1873082488","1.22222"
"1873082488","2483674231","2.07698"
"2483674231","1873082488","2.07698"
"1873082488","2585990361","0.0555556"
"2585990361","1873082488","0.0555556"
"1873082488","2748245824","0.0555556"
"2748245824","1873082488","0.0555556"
"1967757417","1984936212","0.0555556"
"1984936212","1967757417","0.0555556"
"1967757417","205305182","0.710317"
"205305182","1967757417","0.710317"
"1967757417","2055871071","0.0555556"
"2055871071","1967757417","0.0555556"
"1967757417","2101041844","0.0555556"
"2101041844","1967757417","0.0555556"
"1967757417","2122301719","16.9353"
"2122301719","1967757417","16.9353"
"1967757417","2127185344","0.0555556"
"2127185344","1967757417","0.0555556"
"1967757417","2158894011","1.18532"
"2158894011","1967757417","1.18532"
"1967757417","2160743381","0.322222"
"2160743381","1967757417","0.322222"
"1967757417","2166410995","0.460317"
"2166410995","1967757417","0.460317"
"1967757417","2405780168","0.0555556"
"2405780168","1967757417","0.0555556"
"1967757417","2483674231","0.518651"
"2483674231","1967757417","0.518651"
"1967757417","2585990361","0.0555556"
"2585990361","1967757417","0.0555556"
"1967757417","2748245824","0.0555556"
"2748245824","1967757417","0.0555556"
"1984936212","205305182","0.293651"
"205305182","1984936212","0.293651"
"1984936212","2101041844","0.555556"
"2101041844","1984936212","0.555556"
"1984936212","2122301719","0.0555556"
"2122301719","1984936212","0.0555556"
"1984936212","2158894011","0.126984"
"2158894011","1984936212","0.126984"
"1984936212","2166410995","0.293651"
"2166410995","1984936212","0.293651"
"1984936212","2483674231","0.0555556"
"2483674231","1984936212","0.0555556"
"1984936212","2585990361","1.48889"
"2585990361","1984936212","1.48889"
"1984936212","2748245824","0.0555556"
"2748245824","1984936212","0.0555556"
"205305182","2055871071","0.126984"
"2055871071","205305182","0.126984"
"205305182","2101041844","0.0555556"
"2101041844","205305182","0.0555556"
"205305182","2122301719","0.460317"
"2122301719","205305182","0.460317"
"205305182","2127185344","0.126984"
"2127185344","205305182","0.126984"
"205305182","2158894011","0.198413"
"2158894011","205305182","0.198413"
"205305182","2160743381","0.555556"
"2160743381","205305182","0.555556"
"205305182","2166410995","2.94841"
"2166410995","205305182","2.94841"
"205305182","2405780168","0.543651"
"2405780168","205305182","0.543651"
"205305182","2483674231","0.376984"
"2483674231","205305182","0.376984"
"205305182","2585990361","0.0555556"
"2585990361","205305182","0.0555556"
"205305182","2748245824","0.0555556"
"2748245824","205305182","0.0555556"
"2055871071","2101041844","0.0555556"
"2101041844","2055871071","0.0555556"
"2055871071","2122301719","0.0555556"
"2122301719","2055871071","0.0555556"
"2055871071","2166410995","0.326984"
"2166410995","2055871071","0.326984"
"2055871071","2748245824","0.0555556"
"2748245824","2055871071","0.0555556"
"2101041844","2122301719","0.0555556"
"2122301719","2101041844","0.0555556"
"2101041844","2127185344","0.0555556"
"2127185344","2101041844","0.0555556"
"2101041844","2158894011","0.180556"
"2158894011","2101041844","0.180556"
"2101041844","2160743381","0.0555556"
"2160743381","2101041844","0.0555556"
"2101041844","2166410995","0.0555556"
"2166410995","2101041844","0.0555556"
"2101041844","2405780168","0.180556"
"2405780168","2101041844","0.180556"
"2101041844","2483674231","0.180556"
"2483674231","2101041844","0.180556"
"2101041844","2585990361","0.555556"
"2585990361","2101041844","0.555556"
"2101041844","2748245824","0.0555556"
"2748245824","2101041844","0.0555556"
"2122301719","2127185344","0.0555556"
"2127185344","2122301719","0.0555556"
"2122301719","2158894011","1.68532"
"2158894011","2122301719","1.68532"
"2122301719","2160743381","0.322222"
"2160743381","2122301719","0.322222"
"2122301719","2166410995","0.460317"
"2166410995","2122301719","0.460317"
"2122301719","2405780168","0.0555556"
"2405780168","2122301719","0.0555556"
"2122301719","2483674231","0.518651"
"2483674231","2122301719","0.518651"
"2122301719","2585990361","0.388889"
"2585990361","2122301719","0.388889"
"2122301719","2748245824","0.588889"
"2748245824","2122301719","0.588889"
"2127185344","2166410995","0.326984"
"2166410995","2127185344","0.326984"
"2127185344","2748245824","0.0555556"
"2748245824","2127185344","0.0555556"
"2158894011","2160743381","0.155556"
"2160743381","2158894011","0.155556"
"2158894011","2166410995","0.198413"
"2166410995","2158894011","0.198413"
"2158894011","2405780168","0.251984"
"2405780168","2158894011","0.251984"
"2158894011","2483674231","0.926984"
"2483674231","2158894011","0.926984"
"2158894011","2585990361","0.0555556"
"2585990361","2158894011","0.0555556"
"2158894011","2748245824","0.0555556"
"2748245824","2158894011","0.0555556"
"2160743381","2166410995","0.0555556"
"2166410995","2160743381","0.0555556"
"2160743381","2585990361","0.0555556"
"2585990361","2160743381","0.0555556"
"2160743381","2748245824","0.0555556"
"2748245824","2160743381","0.0555556"
"2166410995","2483674231","0.376984"
"2483674231","2166410995","0.376984"
"2166410995","2585990361","0.0555556"
"2585990361","2166410995","0.0555556"
"2166410995","2748245824","0.0555556"
"2748245824","2166410995","0.0555556"
"2405780168","2483674231","0.430556"
"2483674231","2405780168","0.430556"
"2405780168","2585990361","0.738889"
"2585990361","2405780168","0.738889"
"2405780168","2748245824","0.0555556"
"2748245824","2405780168","0.0555556"
"2483674231","2585990361","0.0555556"
"2585990361","2483674231","0.0555556"
"2483674231","2748245824","0.0555556"
"2748245824","2483674231","0.0555556"
"2585990361","2748245824","0.588889"
"2748245824","2585990361","0.588889"
"13439346","2949648930","1.83333"
"2949648930","13439346","1.83333"
"151187442","2222557215","0.833333"
"2222557215","151187442","0.833333"
"151187442","2949648930","0.833333"
"2949648930","151187442","0.833333"
"2222557215","2949648930","0.333333"
"2949648930","2222557215","0.333333"
"1412796528","2144620372","0.491667"
"2144620372","1412796528","0.491667"
"1412796528","2949887351","0.2"
"2949887351","1412796528","0.2"
"1412796528","2952141813","0.491667"
"2952141813","1412796528","0.491667"
"2144620372","2585990361","0.2"
"2585990361","2144620372","0.2"
"2144620372","2748245824","0.533333"
"2748245824","2144620372","0.533333"
"2144620372","2949887351","0.533333"
"2949887351","2144620372","0.533333"
"2144620372","2952141813","17.3964"
"2952141813","2144620372","17.3964"
"2585990361","2949887351","0.533333"
"2949887351","2585990361","0.533333"
"2585990361","2952141813","0.2"
"2952141813","2585990361","0.2"
"2748245824","2949887351","30.2333"
"2949887351","2748245824","30.2333"
"2748245824","2952141813","0.533333"
"2952141813","2748245824","0.533333"
"2949887351","2952141813","0.533333"
"2952141813","2949887351","0.533333"
"1412796528","2465403051","1.125"
"2465403051","1412796528","1.125"
"1873082488","2144620372","0.238095"
"2144620372","1873082488","0.238095"
"1873082488","2952141813","0.238095"
"2952141813","1873082488","0.238095"
"1967757417","2144620372","0.588095"
"2144620372","1967757417","0.588095"
"1967757417","2952141813","0.238095"
"2952141813","1967757417","0.238095"
"2122301719","2144620372","0.338095"
"2144620372","2122301719","0.338095"
"2122301719","2952141813","0.238095"
"2952141813","2122301719","0.238095"
"2144620372","2158894011","1.4631"
"2158894011","2144620372","1.4631"
"2158894011","2952141813","0.738095"
"2952141813","2158894011","0.738095"
"1912769126","2585990361","0.933333"
"2585990361","1912769126","0.933333"
"1412796528","2164391797","0.1"
"2164391797","1412796528","0.1"
"1412796528","2951313964","0.1"
"2951313964","1412796528","0.1"
"1412796528","48212787","0.1"
"48212787","1412796528","0.1"
"1912769126","2164391797","0.3"
"2164391797","1912769126","0.3"
"1912769126","2951313964","0.1"
"2951313964","1912769126","0.1"
"1912769126","48212787","0.3"
"48212787","1912769126","0.3"
"1984936212","2164391797","0.921429"
"2164391797","1984936212","0.921429"
"1984936212","2951313964","0.921429"
"2951313964","1984936212","0.921429"
"1984936212","48212787","0.171429"
"48212787","1984936212","0.171429"
"2044911211","2164391797","0.85"
"2164391797","2044911211","0.85"
"2044911211","2585990361","0.716667"
"2585990361","2044911211","0.716667"
"2044911211","2951313964","0.85"
"2951313964","2044911211","0.85"
"2044911211","48212787","0.1"
"48212787","2044911211","0.1"
"2055871071","2164391797","0.171429"
"2164391797","2055871071","0.171429"
"2055871071","2951313964","0.171429"
"2951313964","2055871071","0.171429"
"2127185344","2164391797","0.171429"
"2164391797","2127185344","0.171429"
"2127185344","2951313964","0.171429"
"2951313964","2127185344","0.171429"
"2164391797","2405780168","0.171429"
"2405780168","2164391797","0.171429"
"2164391797","2585990361","0.1"
"2585990361","2164391797","0.1"
"2164391797","2951313964","13.9214"
"2951313964","2164391797","13.9214"
"2164391797","48212787","0.371429"
"48212787","2164391797","0.371429"
"2405780168","2951313964","0.171429"
"2951313964","2405780168","0.171429"
"2405780168","48212787","0.296429"
"48212787","2405780168","0.296429"
"2585990361","2951313964","0.1"
"2951313964","2585990361","0.1"
"2585990361","48212787","0.1"
"48212787","2585990361","0.1"
"2951313964","48212787","0.171429"
"48212787","2951313964","0.171429"
"1412796528","2042320372","0.125"
"2042320372","1412796528","0.125"
"1412796528","2141988047","0.125"
"2141988047","1412796528","0.125"
"1912769126","2042320372","0.125"
"2042320372","1912769126","0.125"
"1912769126","2141988047","0.125"
"2141988047","1912769126","0.125"
"1912769126","2144620372","0.125"
"2144620372","1912769126","0.125"
"1912769126","2166410995","0.325"
"2166410995","1912769126","0.325"
"1912769126","2465403051","0.125"
"2465403051","1912769126","0.125"
"1912769126","2952141813","0.125"
"2952141813","1912769126","0.125"
"2042320372","2141988047","8.69643"
"2141988047","2042320372","8.69643"
"2042320372","2144620372","0.446429"
"2144620372","2042320372","0.446429"
"2042320372","2166410995","0.363095"
"2166410995","2042320372","0.363095"
"2042320372","2405780168","0.291667"
"2405780168","2042320372","0.291667"
"2042320372","2465403051","0.125"
"2465403051","2042320372","0.125"
"2042320372","2952141813","0.196429"
"2952141813","2042320372","0.196429"
"2141988047","2144620372","0.196429"
"2144620372","2141988047","0.196429"
"2141988047","2166410995","0.363095"
"2166410995","2141988047","0.363095"
"2141988047","2405780168","0.291667"
"2405780168","2141988047","0.291667"
"2141988047","2465403051","0.125"
"2465403051","2141988047","0.125"
"2141988047","2952141813","0.196429"
"2952141813","2141988047","0.196429"
"2144620372","2166410995","0.196429"
"2166410995","2144620372","0.196429"
"2144620372","2405780168","0.25"
"2405780168","2144620372","0.25"
"2144620372","2465403051","0.125"
"2465403051","2144620372","0.125"
"2166410995","2465403051","0.125"
"2465403051","2166410995","0.125"
"2166410995","2952141813","0.196429"
"2952141813","2166410995","0.196429"
"2405780168","2465403051","0.125"
"2465403051","2405780168","0.125"
"2405780168","2952141813","0.125"
"2952141813","2405780168","0.125"
"2465403051","2952141813","0.125"
"2952141813","2465403051","0.125"
"1412796528","1497454200","0.166667"
"1497454200","1412796528","0.166667"
"1412796528","2003371939","0.166667"
"2003371939","1412796528","0.166667"
"1497454200","1912769126","0.166667"
"1912769126","1497454200","0.166667"
"1497454200","1984936212","0.166667"
"1984936212","1497454200","0.166667"
"1497454200","2003371939","8.27143"
"2003371939","1497454200","8.27143"
"1497454200","2044911211","0.366667"
"2044911211","1497454200","0.366667"
"1497454200","2585990361","0.366667"
"2585990361","1497454200","0.366667"
"1912769126","2003371939","0.166667"
"2003371939","1912769126","0.166667"
"2003371939","2044911211","0.7"
"2044911211","2003371939","0.7"
"2003371939","2585990361","0.366667"
"2585990361","2003371939","0.366667"
"1487956172","2143650355","2.125"
"2143650355","1487956172","2.125"
"1487956172","2099816907","0.333333"
"2099816907","1487956172","0.333333"
"2099816907","2160743381","0.766667"
"2160743381","2099816907","0.766667"
"2099816907","2483674231","7.51667"
"2483674231","2099816907","7.51667"
"1487956172","2117634019","0.166667"
"2117634019","1487956172","0.166667"
"1873082488","2117634019","5.95"
"2117634019","1873082488","5.95"
"1967757417","2117634019","0.808333"
"2117634019","1967757417","0.808333"
"2117634019","2122301719","0.808333"
"2122301719","2117634019","0.808333"
"2117634019","2160743381","0.766667"
"2160743381","2117634019","0.766667"
"2117634019","2483674231","13.5083"
"2483674231","2117634019","13.5083"
"1487956172","2144620372","0.125"
"2144620372","1487956172","0.125"
"1487956172","2534303926","0.125"
"2534303926","1487956172","0.125"
"1487956172","48212787","0.125"
"48212787","1487956172","0.125"
"2101041844","2143650355","0.125"
"2143650355","2101041844","0.125"
"2101041844","2144620372","0.125"
"2144620372","2101041844","0.125"
"2101041844","2534303926","0.125"
"2534303926","2101041844","0.125"
"2101041844","48212787","0.125"
"48212787","2101041844","0.125"
"2143650355","2144620372","0.125"
"2144620372","2143650355","0.125"
"2143650355","2158894011","0.125"
"2158894011","2143650355","0.125"
"2143650355","2405780168","0.125"
"2405780168","2143650355","0.125"
"2143650355","2483674231","0.125"
"2483674231","2143650355","0.125"
"2143650355","2534303926","0.125"
"2534303926","2143650355","0.125"
"2143650355","48212787","0.125"
"48212787","2143650355","0.125"
"2144620372","2483674231","0.296429"
"2483674231","2144620372","0.296429"
"2144620372","2534303926","0.125"
"2534303926","2144620372","0.125"
"2144620372","48212787","0.125"
"48212787","2144620372","0.125"
"2158894011","2534303926","0.196429"
"2534303926","2158894011","0.196429"
"2405780168","2534303926","0.196429"
"2534303926","2405780168","0.196429"
"2483674231","2534303926","0.125"
"2534303926","2483674231","0.125"
"2483674231","48212787","0.125"
"48212787","2483674231","0.125"
"2534303926","48212787","0.196429"
"48212787","2534303926","0.196429"
"1487956172","2101219740","1"
"2101219740","1487956172","1"
"1489950029","1562862894","1.5"
"1562862894","1489950029","1.5"
"1489950029","1591886634","0.5"
"1591886634","1489950029","0.5"
"1562862894","1591886634","0.5"
"1591886634","1562862894","0.5"
"1494610650","2058406525","2.33333"
"2058406525","1494610650","2.33333"
"1494610650","2101219740","2.83333"
"2101219740","1494610650","2.83333"
"2058406525","2101219740","3.03333"
"2101219740","2058406525","3.03333"
"1494610650","2483674231","2.83333"
"2483674231","1494610650","2.83333"
"2058406525","2483674231","9.53333"
"2483674231","2058406525","9.53333"
"2101219740","2483674231","10.1167"
"2483674231","2101219740","10.1167"
"1497454200","2127185344","1.53333"
"2127185344","1497454200","1.53333"
"1497454200","151187442","0.0714286"
"151187442","1497454200","0.0714286"
"1497454200","1873082488","0.0714286"
"1873082488","1497454200","0.0714286"
"1497454200","1967757417","0.0714286"
"1967757417","1497454200","0.0714286"
"1497454200","2042320372","0.0714286"
"2042320372","1497454200","0.0714286"
"1497454200","205305182","0.0714286"
"205305182","1497454200","0.0714286"
"1497454200","2110298166","0.0714286"
"2110298166","1497454200","0.0714286"
"1497454200","2122301719","0.0714286"
"2122301719","1497454200","0.0714286"
"1497454200","2141988047","0.0714286"
"2141988047","1497454200","0.0714286"
"1497454200","2144620372","0.0714286"
"2144620372","1497454200","0.0714286"
"1497454200","2158894011","0.0714286"
"2158894011","1497454200","0.0714286"
"1497454200","2166410995","0.571429"
"2166410995","1497454200","0.571429"
"1497454200","2483674231","0.0714286"
"2483674231","1497454200","0.0714286"
"1497454200","2952141813","0.0714286"
"2952141813","1497454200","0.0714286"
"151187442","1873082488","0.0714286"
"1873082488","151187442","0.0714286"
"151187442","1967757417","0.671429"
"1967757417","151187442","0.671429"
"151187442","2003371939","0.0714286"
"2003371939","151187442","0.0714286"
"151187442","2042320372","0.0714286"
"2042320372","151187442","0.0714286"
"151187442","205305182","0.0714286"
"205305182","151187442","0.0714286"
"151187442","2110298166","0.0714286"
"2110298166","151187442","0.0714286"
"151187442","2122301719","2.67143"
"2122301719","151187442","2.67143"
"151187442","2141988047","0.0714286"
"2141988047","151187442","0.0714286"
"151187442","2144620372","0.171429"
"2144620372","151187442","0.171429"
"151187442","2158894011","1.17143"
"2158894011","151187442","1.17143"
"151187442","2166410995","0.0714286"
"2166410995","151187442","0.0714286"
"151187442","2483674231","0.171429"
"2483674231","151187442","0.171429"
"151187442","2952141813","0.0714286"
"2952141813","151187442","0.0714286"
"1873082488","2003371939","0.0714286"
"2003371939","1873082488","0.0714286"
"1873082488","2042320372","0.238095"
"2042320372","1873082488","0.238095"
"1873082488","2110298166","0.0714286"
"2110298166","1873082488","0.0714286"
"1873082488","2141988047","0.238095"
"2141988047","1873082488","0.238095"
"1967757417","2003371939","0.0714286"
"2003371939","1967757417","0.0714286"
"1967757417","2042320372","0.321429"
"2042320372","1967757417","0.321429"
"1967757417","2110298166","0.321429"
"2110298166","1967757417","0.321429"
"1967757417","2141988047","0.0714286"
"2141988047","1967757417","0.0714286"
"2003371939","2042320372","0.0714286"
"2042320372","2003371939","0.0714286"
"2003371939","205305182","0.142857"
"205305182","2003371939","0.142857"
"2003371939","2110298166","0.0714286"
"2110298166","2003371939","0.0714286"
"2003371939","2122301719","0.0714286"
"2122301719","2003371939","0.0714286"
"2003371939","2141988047","0.0714286"
"2141988047","2003371939","0.0714286"
"2003371939","2144620372","0.0714286"
"2144620372","2003371939","0.0714286"
"2003371939","2158894011","0.142857"
"2158894011","2003371939","0.142857"
"2003371939","2166410995","1.64286"
"2166410995","2003371939","1.64286"
"2003371939","2483674231","0.0714286"
"2483674231","2003371939","0.0714286"
"2003371939","2952141813","0.0714286"
"2952141813","2003371939","0.0714286"
"2042320372","205305182","0.488095"
"205305182","2042320372","0.488095"
"2042320372","2110298166","0.821429"
"2110298166","2042320372","0.821429"
"2042320372","2122301719","0.0714286"
"2122301719","2042320372","0.0714286"
"2042320372","2158894011","0.0714286"
"2158894011","2042320372","0.0714286"
"2042320372","2483674231","0.0714286"
"2483674231","2042320372","0.0714286"
"205305182","2110298166","0.321429"
"2110298166","205305182","0.321429"
"205305182","2141988047","0.238095"
"2141988047","205305182","0.238095"
"205305182","2144620372","0.321429"
"2144620372","205305182","0.321429"
"205305182","2952141813","0.0714286"
"2952141813","205305182","0.0714286"
"2110298166","2122301719","0.0714286"
"2122301719","2110298166","0.0714286"
"2110298166","2141988047","0.571429"
"2141988047","2110298166","0.571429"
"2110298166","2144620372","0.321429"
"2144620372","2110298166","0.321429"
"2110298166","2158894011","0.0714286"
"2158894011","2110298166","0.0714286"
"2110298166","2166410995","0.0714286"
"2166410995","2110298166","0.0714286"
"2110298166","2483674231","0.0714286"
"2483674231","2110298166","0.0714286"
"2110298166","2952141813","0.0714286"
"2952141813","2110298166","0.0714286"
"2122301719","2141988047","0.0714286"
"2141988047","2122301719","0.0714286"
"2141988047","2158894011","0.0714286"
"2158894011","2141988047","0.0714286"
"2141988047","2483674231","0.0714286"
"2483674231","2141988047","0.0714286"
"2483674231","2952141813","0.0714286"
"2952141813","2483674231","0.0714286"
"1497454200","2055871071","0.533333"
"2055871071","1497454200","0.533333"
"2003371939","2055871071","0.604762"
"2055871071","2003371939","0.604762"
"2003371939","2127185344","0.604762"
"2127185344","2003371939","0.604762"
"151187442","2918882236","0.5"
"2918882236","151187442","0.5"
"151187442","2062493711","0.6"
"2062493711","151187442","0.6"
"151187442","2401598021","0.5"
"2401598021","151187442","0.5"
"2062493711","2401598021","0.625"
"2401598021","2062493711","0.625"
"151187442","1877071610","0.1"
"1877071610","151187442","0.1"
"151187442","2099816907","0.1"
"2099816907","151187442","0.1"
"151187442","2117634019","0.1"
"2117634019","151187442","0.1"
"151187442","2160743381","0.1"
"2160743381","151187442","0.1"
"1877071610","1967757417","0.641667"
"1967757417","1877071610","0.641667"
"1877071610","2062493711","4.50833"
"2062493711","1877071610","4.50833"
"1877071610","2099816907","0.1"
"2099816907","1877071610","0.1"
"1877071610","2117634019","5.50833"
"2117634019","1877071610","5.50833"
"1877071610","2122301719","0.641667"
"2122301719","1877071610","0.641667"
"1877071610","2144620372","0.1"
"2144620372","1877071610","0.1"
"1877071610","2158894011","0.591667"
"2158894011","1877071610","0.591667"
"1877071610","2160743381","0.1"
"2160743381","1877071610","0.1"
"1877071610","2483674231","1.925"
"2483674231","1877071610","1.925"
"1967757417","2062493711","0.641667"
"2062493711","1967757417","0.641667"
"1967757417","2099816907","0.1"
"2099816907","1967757417","0.1"
"2062493711","2099816907","0.1"
"2099816907","2062493711","0.1"
"2062493711","2117634019","12.5917"
"2117634019","2062493711","12.5917"
"2062493711","2122301719","0.641667"
"2122301719","2062493711","0.641667"
"2062493711","2144620372","0.1"
"2144620372","2062493711","0.1"
"2062493711","2158894011","0.841667"
"2158894011","2062493711","0.841667"
"2062493711","2160743381","0.1"
"2160743381","2062493711","0.1"
"2062493711","2483674231","2.175"
"2483674231","2062493711","2.175"
"2099816907","2117634019","0.1"
"2117634019","2099816907","0.1"
"2099816907","2122301719","0.1"
"2122301719","2099816907","0.1"
"2099816907","2144620372","0.1"
"2144620372","2099816907","0.1"
"2099816907","2158894011","0.1"
"2158894011","2099816907","0.1"
"2117634019","2144620372","0.1"
"2144620372","2117634019","0.1"
"2117634019","2158894011","1.84167"
"2158894011","2117634019","1.84167"
"2144620372","2160743381","0.1"
"2160743381","2144620372","0.1"
"1562862894","1576141305","1"
"1576141305","1562862894","1"
"185907677","2099816907","1.83333"
"2099816907","185907677","1.83333"
"185907677","1880912600","0.2"
"1880912600","185907677","0.2"
"185907677","2058406525","0.533333"
"2058406525","185907677","0.533333"
"185907677","2101219740","1.2"
"2101219740","185907677","1.2"
"185907677","2137075078","0.2"
"2137075078","185907677","0.2"
"1880912600","2058406525","1.2"
"2058406525","1880912600","1.2"
"1880912600","2101219740","2.53333"
"2101219740","1880912600","2.53333"
"1880912600","2137075078","2.78333"
"2137075078","1880912600","2.78333"
"1880912600","2483674231","8.03333"
"2483674231","1880912600","8.03333"
"2058406525","2137075078","0.95"
"2137075078","2058406525","0.95"
"2101219740","2137075078","2.28333"
"2137075078","2101219740","2.28333"
"2137075078","2483674231","4.78333"
"2483674231","2137075078","4.78333"
"185907677","1877071610","0.25"
"1877071610","185907677","0.25"
"185907677","2062493711","0.25"
"2062493711","185907677","0.25"
"185907677","2117634019","0.25"
"2117634019","185907677","0.25"
"185907677","2401598021","0.333333"
"2401598021","185907677","0.333333"
"2058406525","2401598021","1"
"2401598021","2058406525","1"
"2401598021","2483674231","2.125"
"2483674231","2401598021","2.125"
"1873082488","2062493711","2.78333"
"2062493711","1873082488","2.78333"
"1873082488","2408097625","1"
"2408097625","1873082488","1"
"1873082488","1877071610","1.03333"
"1877071610","1873082488","1.03333"
"1984936212","2042320372","0.166667"
"2042320372","1984936212","0.166667"
"1984936212","2141988047","0.166667"
"2141988047","1984936212","0.166667"
"1877071610","2401598021","0.125"
"2401598021","1877071610","0.125"
"1877071610","2408097625","0.125"
"2408097625","1877071610","0.125"
"1967757417","2401598021","0.625"
"2401598021","1967757417","0.625"
"1967757417","2408097625","0.125"
"2408097625","1967757417","0.125"
"2062493711","2408097625","0.125"
"2408097625","2062493711","0.125"
"2117634019","2401598021","0.791667"
"2401598021","2117634019","0.791667"
"2117634019","2408097625","0.125"
"2408097625","2117634019","0.125"
"2122301719","2401598021","0.625"
"2401598021","2122301719","0.625"
"2122301719","2408097625","0.125"
"2408097625","2122301719","0.125"
"2158894011","2401598021","0.125"
"2401598021","2158894011","0.125"
"2158894011","2408097625","0.125"
"2408097625","2158894011","0.125"
"2401598021","2408097625","0.125"
"2408097625","2401598021","0.125"
"2408097625","2483674231","0.125"
"2483674231","2408097625","0.125"
"1877071610","2101219740","0.25"
"2101219740","1877071610","0.25"
"2062493711","2101219740","0.25"
"2101219740","2062493711","0.25"
"2101219740","2117634019","0.25"
"2117634019","2101219740","0.25"
"1880912600","2104108474","0.25"
"2104108474","1880912600","0.25"
"2058406525","2104108474","1.75"
"2104108474","2058406525","1.75"
"2101219740","2104108474","0.25"
"2104108474","2101219740","0.25"
"2104108474","2483674231","10.75"
"2483674231","2104108474","10.75"
"1912769126","2160743381","0.5"
"2160743381","1912769126","0.5"
"1912769126","2483674231","0.5"
"2483674231","1912769126","0.5"
"2044911211","2166410995","0.2"
"2166410995","2044911211","0.2"
"1912769126","2122301719","0.2"
"2122301719","1912769126","0.2"
"1912769126","2748245824","0.2"
"2748245824","1912769126","0.2"
"1912769126","2949887351","0.2"
"2949887351","1912769126","0.2"
"2122301719","2164391797","0.2"
"2164391797","2122301719","0.2"
"2122301719","2949887351","0.533333"
"2949887351","2122301719","0.533333"
"2122301719","48212787","0.2"
"48212787","2122301719","0.2"
"2164391797","2748245824","0.533333"
"2748245824","2164391797","0.533333"
"2164391797","2949887351","0.533333"
"2949887351","2164391797","0.533333"
"2748245824","48212787","0.2"
"48212787","2748245824","0.2"
"2949887351","48212787","0.2"
"48212787","2949887351","0.2"
"1984936212","2066756874","0.321429"
"2066756874","1984936212","0.321429"
"2044911211","2066756874","0.25"
"2066756874","2044911211","0.25"
"2066756874","2164391797","0.321429"
"2164391797","2066756874","0.321429"
"2066756874","2951313964","0.321429"
"2951313964","2066756874","0.321429"
"1984936212","2506582421","0.0714286"
"2506582421","1984936212","0.0714286"
"1984936212","2534303926","0.0714286"
"2534303926","1984936212","0.0714286"
"1984936212","2582361049","0.0714286"
"2582361049","1984936212","0.0714286"
"2003371939","2066756874","0.0714286"
"2066756874","2003371939","0.0714286"
"2003371939","2164391797","0.571429"
"2164391797","2003371939","0.571429"
"2003371939","2506582421","0.0714286"
"2506582421","2003371939","0.0714286"
"2003371939","2534303926","0.0714286"
"2534303926","2003371939","0.0714286"
"2003371939","2582361049","0.0714286"
"2582361049","2003371939","0.0714286"
"2003371939","2951313964","0.571429"
"2951313964","2003371939","0.571429"
"2003371939","48212787","0.0714286"
"48212787","2003371939","0.0714286"
"205305182","2066756874","0.0714286"
"2066756874","205305182","0.0714286"
"205305182","2164391797","0.0714286"
"2164391797","205305182","0.0714286"
"205305182","2506582421","0.0714286"
"2506582421","205305182","0.0714286"
"205305182","2534303926","0.0714286"
"2534303926","205305182","0.0714286"
"205305182","2582361049","0.0714286"
"2582361049","205305182","0.0714286"
"205305182","2951313964","0.0714286"
"2951313964","205305182","0.0714286"
"205305182","48212787","0.0714286"
"48212787","205305182","0.0714286"
"2055871071","2066756874","0.0714286"
"2066756874","2055871071","0.0714286"
"2055871071","2506582421","0.0714286"
"2506582421","2055871071","0.0714286"
"2055871071","2534303926","0.0714286"
"2534303926","2055871071","0.0714286"
"2055871071","2582361049","0.0714286"
"2582361049","2055871071","0.0714286"
"2066756874","2127185344","0.0714286"
"2127185344","2066756874","0.0714286"
"2066756874","2158894011","0.0714286"
"2158894011","2066756874","0.0714286"
"2066756874","2506582421","0.0714286"
"2506582421","2066756874","0.0714286"
"2066756874","2534303926","0.0714286"
"2534303926","2066756874","0.0714286"
"2066756874","2582361049","0.0714286"
"2582361049","2066756874","0.0714286"
"2066756874","48212787","0.0714286"
"48212787","2066756874","0.0714286"
"2127185344","2506582421","0.0714286"
"2506582421","2127185344","0.0714286"
"2127185344","2534303926","0.0714286"
"2534303926","2127185344","0.0714286"
"2127185344","2582361049","0.0714286"
"2582361049","2127185344","0.0714286"
"2158894011","2164391797","0.0714286"
"2164391797","2158894011","0.0714286"
"2158894011","2506582421","0.0714286"
"2506582421","2158894011","0.0714286"
"2158894011","2582361049","0.0714286"
"2582361049","2158894011","0.0714286"
"2158894011","2951313964","0.0714286"
"2951313964","2158894011","0.0714286"
"2164391797","2166410995","0.0714286"
"2166410995","2164391797","0.0714286"
"2164391797","2506582421","0.0714286"
"2506582421","2164391797","0.0714286"
"2164391797","2534303926","0.404762"
"2534303926","2164391797","0.404762"
"2164391797","2582361049","0.0714286"
"2582361049","2164391797","0.0714286"
"2166410995","2506582421","0.0714286"
"2506582421","2166410995","0.0714286"
"2166410995","2534303926","0.0714286"
