"141263976","1545622906","1.56313"
"1545622906","141263976","1.56313"
"141263976","1581663496","0.916667"
"1581663496","141263976","0.916667"
"141263976","1851031742","2.31869"
"1851031742","141263976","2.31869"
"141263976","2133420971","0.785354"
"2133420971","141263976","0.785354"
"1545622906","1581663496","11.4381"
"1581663496","1545622906","11.4381"
"1545622906","1851031742","3.90941"
"1851031742","1545622906","3.90941"
"1545622906","2133420971","2.3794"
"2133420971","1545622906","2.3794"
"1581663496","1851031742","2.09444"
"1851031742","1581663496","2.09444"
"1581663496","2133420971","8.93254"
"2133420971","1581663496","8.93254"
"1851031742","2133420971","1.94012"
"2133420971","1851031742","1.94012"
"141263976","2095803854","0.166667"
"2095803854","141263976","0.166667"
"141263976","2132144109","2.04646"
"2132144109","141263976","2.04646"
"1545622906","2095803854","1.42976"
"2095803854","1545622906","1.42976"
"1545622906","2132144109","2.84766"
"2132144109","1545622906","2.84766"
"1581663496","2095803854","2.39365"
"2095803854","1581663496","2.39365"
"1581663496","2132144109","0.763095"
"2132144109","1581663496","0.763095"
"1851031742","2095803854","0.277778"
"2095803854","1851031742","0.277778"
"1851031742","2132144109","2.04012"
"2132144109","1851031742","2.04012"
"2095803854","2132144109","1.10476"
"2132144109","2095803854","1.10476"
"2095803854","2133420971","3.53254"
"2133420971","2095803854","3.53254"
"2132144109","2133420971","1.32821"
"2133420971","2132144109","1.32821"
"141263976","1888254701","0.713131"
"1888254701","141263976","0.713131"
"141263976","2097651164","0.2"
"2097651164","141263976","0.2"
"141263976","2165210192","0.879798"
"2165210192","141263976","0.879798"
"1851031742","1888254701","3.88719"
"1888254701","1851031742","3.88719"
"1851031742","2097651164","0.430409"
"2097651164","1851031742","0.430409"
"1851031742","2165210192","3.20678"
"2165210192","1851031742","3.20678"
"1888254701","2097651164","0.751838"
"2097651164","1888254701","0.751838"
"1888254701","2132144109","1.21432"
"2132144109","1888254701","1.21432"
"1888254701","2165210192","1.14289"
"2165210192","1888254701","1.14289"
"2097651164","2132144109","0.338095"
"2132144109","2097651164","0.338095"
"2097651164","2165210192","0.266667"
"2165210192","2097651164","0.266667"
"2132144109","2165210192","4.61789"
"2165210192","2132144109","4.61789"
"141263976","1577274403","1.5"
"1577274403","141263976","1.5"
"141263976","2104648615","1.20202"
"2104648615","141263976","1.20202"
"141263976","1900771389","0.166667"
"1900771389","141263976","0.166667"
"1581663496","1900771389","2.00198"
"1900771389","1581663496","2.00198"
"1581663496","2165210192","1.83333"
"2165210192","1581663496","1.83333"
"1851031742","1900771389","1.68874"
"1900771389","1851031742","1.68874"
"1900771389","2132144109","0.471429"
"2132144109","1900771389","0.471429"
"1900771389","2133420971","1.76587"
"2133420971","1900771389","1.76587"
"1900771389","2165210192","1.10833"
"2165210192","1900771389","1.10833"
"2133420971","2165210192","2.14845"
"2165210192","2133420971","2.14845"
"1577274403","2132144109","0.888095"
"2132144109","1577274403","0.888095"
"141263976","1520268216","0.111111"
"1520268216","141263976","0.111111"
"141263976","1982042287","0.111111"
"1982042287","141263976","0.111111"
"141263976","2096864783","0.111111"
"2096864783","141263976","0.111111"
"141263976","2148054097","0.311111"
"2148054097","141263976","0.311111"
"141263976","2913105718","0.311111"
"2913105718","141263976","0.311111"
"1520268216","1545622906","3.93517"
"1545622906","1520268216","3.93517"
"1520268216","1888254701","0.235171"
"1888254701","1520268216","0.235171"
"1520268216","1982042287","0.413743"
"1982042287","1520268216","0.413743"
"1520268216","2096864783","0.413743"
"2096864783","1520268216","0.413743"
"1520268216","2132144109","0.18254"
"2132144109","1520268216","0.18254"
"1520268216","2148054097","0.663743"
"2148054097","1520268216","0.663743"
"1520268216","2165210192","0.444444"
"2165210192","1520268216","0.444444"
"1520268216","2913105718","0.663743"
"2913105718","1520268216","0.663743"
"1545622906","1888254701","4.79314"
"1888254701","1545622906","4.79314"
"1545622906","1982042287","0.805409"
"1982042287","1545622906","0.805409"
"1545622906","2096864783","0.905409"
"2096864783","1545622906","0.905409"
"1545622906","2148054097","0.651838"
"2148054097","1545622906","0.651838"
"1545622906","2165210192","2.33456"
"2165210192","1545622906","2.33456"
"1545622906","2913105718","0.676838"
"2913105718","1545622906","0.676838"
"1888254701","1982042287","0.513743"
"1982042287","1888254701","0.513743"
"1888254701","2096864783","0.513743"
"2096864783","1888254701","0.513743"
"1888254701","2148054097","1.79628"
"2148054097","1888254701","1.79628"
"1888254701","2913105718","1.69628"
"2913105718","1888254701","1.69628"
"1982042287","2096864783","22.6999"
"2096864783","1982042287","22.6999"
"1982042287","2132144109","0.652778"
"2132144109","1982042287","0.652778"
"1982042287","2148054097","0.163743"
"2148054097","1982042287","0.163743"
"1982042287","2165210192","0.236111"
"2165210192","1982042287","0.236111"
"1982042287","2913105718","0.163743"
"2913105718","1982042287","0.163743"
"2096864783","2132144109","0.652778"
"2132144109","2096864783","0.652778"
"2096864783","2148054097","0.163743"
"2148054097","2096864783","0.163743"
"2096864783","2165210192","0.336111"
"2165210192","2096864783","0.336111"
"2096864783","2913105718","0.163743"
"2913105718","2096864783","0.163743"
"2132144109","2148054097","0.449206"
"2148054097","2132144109","0.449206"
"2132144109","2913105718","1.44921"
"2913105718","2132144109","1.44921"
"2148054097","2165210192","2.38254"
"2165210192","2148054097","2.38254"
"2148054097","2913105718","12.3629"
"2913105718","2148054097","12.3629"
"2165210192","2913105718","2.40754"
"2913105718","2165210192","2.40754"
"141263976","1931152882","0.20202"
"1931152882","141263976","0.20202"
"141263976","2102730237","0.20202"
"2102730237","141263976","0.20202"
"1545622906","1931152882","2.4987"
"1931152882","1545622906","2.4987"
"1545622906","2102730237","2.3987"
"2102730237","1545622906","2.3987"
"1545622906","2104648615","0.927271"
"2104648615","1545622906","0.927271"
"1851031742","1931152882","1.24275"
"1931152882","1851031742","1.24275"
"1851031742","2102730237","1.14275"
"2102730237","1851031742","1.14275"
"1851031742","2104648615","0.659414"
"2104648615","1851031742","0.659414"
"1888254701","1931152882","1.83203"
"1931152882","1888254701","1.83203"
"1888254701","2102730237","1.23203"
"2102730237","1888254701","1.23203"
"1888254701","2104648615","1.92727"
"2104648615","1888254701","1.92727"
"1888254701","2133420971","1.44607"
"2133420971","1888254701","1.44607"
"1931152882","2102730237","16.0098"
"2102730237","1931152882","16.0098"
"1931152882","2104648615","1.17727"
"2104648615","1931152882","1.17727"
"1931152882","2132144109","0.828211"
"2132144109","1931152882","0.828211"
"1931152882","2133420971","4.14051"
"2133420971","1931152882","4.14051"
"1931152882","2165210192","0.881782"
"2165210192","1931152882","0.881782"
"2102730237","2104648615","1.07727"
"2104648615","2102730237","1.07727"
"2102730237","2132144109","1.72821"
"2132144109","2102730237","1.72821"
"2102730237","2133420971","3.79051"
"2133420971","2102730237","3.79051"
"2102730237","2165210192","0.881782"
"2165210192","2102730237","0.881782"
"2104648615","2132144109","0.881782"
"2132144109","2104648615","0.881782"
"2104648615","2133420971","0.874639"
"2133420971","2104648615","0.874639"
"2104648615","2165210192","0.881782"
"2165210192","2104648615","0.881782"
"141263976","2149473266","0.0909091"
"2149473266","141263976","0.0909091"
"141263976","2150399720","0.0909091"
"2150399720","141263976","0.0909091"
"1545622906","2149473266","0.781636"
"2149473266","1545622906","0.781636"
"1545622906","2150399720","1.68283"
"2150399720","1545622906","1.68283"
"1851031742","2149473266","0.392747"
"2149473266","1851031742","0.392747"
"1851031742","2150399720","0.981636"
"2150399720","1851031742","0.981636"
"1888254701","2149473266","0.392747"
"2149473266","1888254701","0.392747"
"1888254701","2150399720","2.05783"
"2150399720","1888254701","2.05783"
"1931152882","2149473266","0.281636"
"2149473266","1931152882","0.281636"
"1931152882","2150399720","3.74949"
"2150399720","1931152882","3.74949"
"2102730237","2149473266","0.281636"
"2149473266","2102730237","0.281636"
"2102730237","2150399720","2.64949"
"2150399720","2102730237","2.64949"
"2104648615","2149473266","1.03164"
"2149473266","2104648615","1.03164"
"2104648615","2150399720","1.37449"
"2150399720","2104648615","1.37449"
"2132144109","2149473266","0.729004"
"2149473266","2132144109","0.729004"
"2132144109","2150399720","0.329004"
"2150399720","2132144109","0.329004"
"2133420971","2149473266","0.229004"
"2149473266","2133420971","0.229004"
"2133420971","2150399720","1.69686"
"2150399720","2133420971","1.69686"
"2149473266","2150399720","0.214969"
"2150399720","2149473266","0.214969"
"2149473266","2165210192","0.979004"
"2165210192","2149473266","0.979004"
"2150399720","2165210192","0.579004"
"2165210192","2150399720","0.579004"
"1492480898","2138775315","3.33333"
"2138775315","1492480898","3.33333"
"1492480898","1900771389","0.333333"
"1900771389","1492480898","0.333333"
"1492480898","2094557617","0.333333"
"2094557617","1492480898","0.333333"
"1492480898","32301533","0.333333"
"32301533","1492480898","0.333333"
"1900771389","2094557617","0.90754"
"2094557617","1900771389","0.90754"
"1900771389","32301533","1.54444"
"32301533","1900771389","1.54444"
"2094557617","32301533","4.74444"
"32301533","2094557617","4.74444"
"1492480898","1643120995","0.333333"
"1643120995","1492480898","0.333333"
"1492480898","2043022207","0.333333"
"2043022207","1492480898","0.333333"
"1643120995","2043022207","5.19167"
"2043022207","1643120995","5.19167"
"1643120995","2138775315","0.738095"
"2138775315","1643120995","0.738095"
"2043022207","2138775315","0.666667"
"2138775315","2043022207","0.666667"
"1520268216","1581663496","0.938095"
"1581663496","1520268216","0.938095"
"1520268216","1797530775","0.533333"
"1797530775","1520268216","0.533333"
"1545622906","1797530775","1.2"
"1797530775","1545622906","1.2"
"1581663496","1797530775","0.866667"
"1797530775","1581663496","0.866667"
"1520268216","2475268114","1"
"2475268114","1520268216","1"
"1520268216","1643120995","0.0714286"
"1643120995","1520268216","0.0714286"
"1520268216","1900771389","0.707393"
"1900771389","1520268216","0.707393"
"1520268216","1931152882","0.62406"
"1931152882","1520268216","0.62406"
"1520268216","2094557617","0.0714286"
"2094557617","1520268216","0.0714286"
"1520268216","2095803854","0.0714286"
"2095803854","1520268216","0.0714286"
"1520268216","2097651164","0.657393"
"2097651164","1520268216","0.657393"
"1520268216","2102730237","0.62406"
"2102730237","1520268216","0.62406"
"1520268216","2120372273","0.0714286"
"2120372273","1520268216","0.0714286"
"1520268216","2133420971","0.0714286"
"2133420971","1520268216","0.0714286"
"1520268216","2138775315","1.12406"
"2138775315","1520268216","1.12406"
"1545622906","1643120995","0.463095"
"1643120995","1545622906","0.463095"
"1545622906","1900771389","2.39073"
"1900771389","1545622906","2.39073"
"1545622906","2094557617","0.788095"
"2094557617","1545622906","0.788095"
"1545622906","2097651164","2.97406"
"2097651164","1545622906","2.97406"
"1545622906","2120372273","0.563095"
"2120372273","1545622906","0.563095"
"1545622906","2138775315","0.12406"
"2138775315","1545622906","0.12406"
"1581663496","1643120995","0.238095"
"1643120995","1581663496","0.238095"
"1581663496","1888254701","1.74921"
"1888254701","1581663496","1.74921"
"1581663496","1931152882","1.49921"
"1931152882","1581663496","1.49921"
"1581663496","2094557617","1.72421"
"2094557617","1581663496","1.72421"
"1581663496","2097651164","2.44921"
"2097651164","1581663496","2.44921"
"1581663496","2102730237","1.74921"
"2102730237","1581663496","1.74921"
"1581663496","2120372273","0.421429"
"2120372273","1581663496","0.421429"
"1581663496","2138775315","0.0714286"
"2138775315","1581663496","0.0714286"
"1643120995","1888254701","0.171429"
"1888254701","1643120995","0.171429"
"1643120995","1900771389","1.2881"
"1900771389","1643120995","1.2881"
"1643120995","1931152882","0.571429"
"1931152882","1643120995","0.571429"
"1643120995","2094557617","0.0714286"
"2094557617","1643120995","0.0714286"
"1643120995","2095803854","0.546429"
"2095803854","1643120995","0.546429"
"1643120995","2097651164","0.271429"
"2097651164","1643120995","0.271429"
"1643120995","2102730237","0.571429"
"2102730237","1643120995","0.571429"
"1643120995","2120372273","0.963095"
"2120372273","1643120995","0.963095"
"1643120995","2132144109","0.363095"
"2132144109","1643120995","0.363095"
"1643120995","2133420971","0.238095"
"2133420971","1643120995","0.238095"
"1888254701","1900771389","1.0685"
"1900771389","1888254701","1.0685"
"1888254701","2094557617","0.571429"
"2094557617","1888254701","0.571429"
"1888254701","2095803854","0.53254"
"2095803854","1888254701","0.53254"
"1888254701","2120372273","0.171429"
"2120372273","1888254701","0.171429"
"1888254701","2138775315","1.37406"
"2138775315","1888254701","1.37406"
"1900771389","1931152882","2.2185"
"1931152882","1900771389","2.2185"
"1900771389","2095803854","2.28532"
"2095803854","1900771389","2.28532"
"1900771389","2097651164","0.301838"
"2097651164","1900771389","0.301838"
"1900771389","2102730237","2.3685"
"2102730237","1900771389","2.3685"
"1900771389","2120372273","0.771429"
"2120372273","1900771389","0.771429"
"1900771389","2138775315","0.12406"
"2138775315","1900771389","0.12406"
"1931152882","2094557617","0.93254"
"2094557617","1931152882","0.93254"
"1931152882","2095803854","1.59921"
"2095803854","1931152882","1.59921"
"1931152882","2097651164","0.190727"
"2097651164","1931152882","0.190727"
"1931152882","2120372273","0.238095"
"2120372273","1931152882","0.238095"
"1931152882","2138775315","0.12406"
"2138775315","1931152882","0.12406"
"2094557617","2095803854","0.60754"
"2095803854","2094557617","0.60754"
"2094557617","2097651164","0.971429"
"2097651164","2094557617","0.971429"
"2094557617","2102730237","0.83254"
"2102730237","2094557617","0.83254"
"2094557617","2120372273","0.171429"
"2120372273","2094557617","0.171429"
"2094557617","2132144109","0.438095"
"2132144109","2094557617","0.438095"
"2094557617","2133420971","0.949206"
"2133420971","2094557617","0.949206"
"2094557617","2138775315","0.321429"
"2138775315","2094557617","0.321429"
"2095803854","2097651164","0.68254"
"2097651164","2095803854","0.68254"
"2095803854","2102730237","2.84921"
"2102730237","2095803854","2.84921"
"2095803854","2120372273","3.14643"
"2120372273","2095803854","3.14643"
"2095803854","2138775315","0.0714286"
"2138775315","2095803854","0.0714286"
"2097651164","2102730237","0.190727"
"2102730237","2097651164","0.190727"
"2097651164","2120372273","0.0714286"
"2120372273","2097651164","0.0714286"
"2097651164","2133420971","0.138095"
"2133420971","2097651164","0.138095"
"2097651164","2138775315","0.12406"
"2138775315","2097651164","0.12406"
"2102730237","2120372273","0.238095"
"2120372273","2102730237","0.238095"
"2102730237","2138775315","0.12406"
"2138775315","2102730237","0.12406"
"2120372273","2132144109","1.3631"
"2132144109","2120372273","1.3631"
"2120372273","2133420971","0.921429"
"2133420971","2120372273","0.921429"
"2120372273","2138775315","0.0714286"
"2138775315","2120372273","0.0714286"
"2132144109","2138775315","0.0714286"
"2138775315","2132144109","0.0714286"
"2133420971","2138775315","0.0714286"
"2138775315","2133420971","0.0714286"
"1520268216","2150399720","0.552632"
"2150399720","1520268216","0.552632"
"1900771389","2150399720","2.3193"
"2150399720","1900771389","2.3193"
"1520268216","2104648615","1.55263"
"2104648615","1520268216","1.55263"
"1520268216","1577274403","0.552632"
"1577274403","1520268216","0.552632"
"1520268216","1851031742","0.0526316"
"1851031742","1520268216","0.0526316"
"1520268216","1970464137","0.0526316"
"1970464137","1520268216","0.0526316"
"1520268216","1977354509","0.0526316"
"1977354509","1520268216","0.0526316"
"1520268216","2126188990","0.0526316"
"2126188990","1520268216","0.0526316"
"1520268216","2149473266","0.302632"
"2149473266","1520268216","0.302632"
"1545622906","1577274403","0.540727"
"1577274403","1545622906","0.540727"
"1545622906","1970464137","0.302632"
"1970464137","1545622906","0.302632"
"1545622906","1977354509","0.552632"
"1977354509","1545622906","0.552632"
"1545622906","2126188990","0.302632"
"2126188990","1545622906","0.302632"
"1577274403","1851031742","0.77406"
"1851031742","1577274403","0.77406"
"1577274403","1888254701","0.64906"
"1888254701","1577274403","0.64906"
"1577274403","1900771389","0.385965"
"1900771389","1577274403","0.385965"
"1577274403","1931152882","0.940727"
"1931152882","1577274403","0.940727"
"1577274403","1970464137","0.385965"
"1970464137","1577274403","0.385965"
"1577274403","1977354509","0.0526316"
"1977354509","1577274403","0.0526316"
"1577274403","1982042287","0.0526316"
"1982042287","1577274403","0.0526316"
"1577274403","2096864783","0.152632"
"2096864783","1577274403","0.152632"
"1577274403","2097651164","0.119298"
"2097651164","1577274403","0.119298"
"1577274403","2102730237","0.940727"
"2102730237","1577274403","0.940727"
"1577274403","2104648615","0.315727"
"2104648615","1577274403","0.315727"
"1577274403","2126188990","0.0526316"
"2126188990","1577274403","0.0526316"
"1577274403","2138775315","0.302632"
"2138775315","1577274403","0.302632"
"1577274403","2148054097","0.290727"
"2148054097","1577274403","0.290727"
"1577274403","2149473266","0.357393"
"2149473266","1577274403","0.357393"
"1577274403","2150399720","0.37406"
"2150399720","1577274403","0.37406"
"1577274403","2913105718","0.290727"
"2913105718","1577274403","0.290727"
"1851031742","1970464137","0.385965"
"1970464137","1851031742","0.385965"
"1851031742","1977354509","0.0526316"
"1977354509","1851031742","0.0526316"
"1851031742","1982042287","0.302632"
"1982042287","1851031742","0.302632"
"1851031742","2096864783","0.302632"
"2096864783","1851031742","0.302632"
"1851031742","2126188990","0.552632"
"2126188990","1851031742","0.552632"
"1851031742","2138775315","1.55263"
"2138775315","1851031742","1.55263"
"1851031742","2148054097","1.8185"
"2148054097","1851031742","1.8185"
"1851031742","2913105718","1.8435"
"2913105718","1851031742","1.8435"
"1888254701","1970464137","0.385965"
"1970464137","1888254701","0.385965"
"1888254701","1977354509","0.802632"
"1977354509","1888254701","0.802632"
"1888254701","2126188990","1.30263"
"2126188990","1888254701","1.30263"
"1900771389","1970464137","0.0526316"
"1970464137","1900771389","0.0526316"
"1900771389","1977354509","0.0526316"
"1977354509","1900771389","0.0526316"
"1900771389","1982042287","3.13041"
"1982042287","1900771389","3.13041"
"1900771389","2096864783","3.23041"
"2096864783","1900771389","3.23041"
"1900771389","2104648615","0.285965"
"2104648615","1900771389","0.285965"
"1900771389","2126188990","0.0526316"
"2126188990","1900771389","0.0526316"
"1900771389","2148054097","0.397076"
"2148054097","1900771389","0.397076"
"1900771389","2149473266","0.397076"
"2149473266","1900771389","0.397076"
"1900771389","2913105718","0.522076"
"2913105718","1900771389","0.522076"
"1931152882","1970464137","0.0526316"
"1970464137","1931152882","0.0526316"
"1931152882","1977354509","0.0526316"
"1977354509","1931152882","0.0526316"
"1931152882","1982042287","0.497076"
"1982042287","1931152882","0.497076"
"1931152882","2096864783","0.497076"
"2096864783","1931152882","0.497076"
"1931152882","2126188990","0.0526316"
"2126188990","1931152882","0.0526316"
"1931152882","2148054097","0.62406"
"2148054097","1931152882","0.62406"
"1931152882","2913105718","0.64906"
"2913105718","1931152882","0.64906"
"1970464137","1977354509","0.302632"
"1977354509","1970464137","0.302632"
"1970464137","1982042287","0.0526316"
"1982042287","1970464137","0.0526316"
"1970464137","2096864783","0.0526316"
"2096864783","1970464137","0.0526316"
"1970464137","2097651164","0.252632"
"2097651164","1970464137","0.252632"
"1970464137","2102730237","0.0526316"
"2102730237","1970464137","0.0526316"
"1970464137","2104648615","0.802632"
"2104648615","1970464137","0.802632"
"1970464137","2126188990","0.0526316"
"2126188990","1970464137","0.0526316"
"1970464137","2138775315","2.05263"
"2138775315","1970464137","2.05263"
"1970464137","2148054097","0.0526316"
"2148054097","1970464137","0.0526316"
"1970464137","2149473266","0.552632"
"2149473266","1970464137","0.552632"
"1970464137","2150399720","0.0526316"
"2150399720","1970464137","0.0526316"
"1970464137","2913105718","0.252632"
"2913105718","1970464137","0.252632"
"1977354509","1982042287","0.0526316"
"1982042287","1977354509","0.0526316"
"1977354509","2096864783","0.0526316"
"2096864783","1977354509","0.0526316"
"1977354509","2097651164","0.802632"
"2097651164","1977354509","0.802632"
"1977354509","2102730237","0.0526316"
"2102730237","1977354509","0.0526316"
"1977354509","2104648615","0.0526316"
"2104648615","1977354509","0.0526316"
"1977354509","2126188990","26.5526"
"2126188990","1977354509","26.5526"
"1977354509","2138775315","0.0526316"
"2138775315","1977354509","0.0526316"
"1977354509","2148054097","0.0526316"
"2148054097","1977354509","0.0526316"
"1977354509","2149473266","0.0526316"
"2149473266","1977354509","0.0526316"
"1977354509","2150399720","0.0526316"
"2150399720","1977354509","0.0526316"
"1977354509","2913105718","0.0526316"
"2913105718","1977354509","0.0526316"
"1982042287","2097651164","0.0526316"
"2097651164","1982042287","0.0526316"
"1982042287","2102730237","0.497076"
"2102730237","1982042287","0.497076"
"1982042287","2104648615","0.0526316"
"2104648615","1982042287","0.0526316"
"1982042287","2126188990","0.0526316"
"2126188990","1982042287","0.0526316"
"1982042287","2138775315","0.0526316"
"2138775315","1982042287","0.0526316"
"1982042287","2149473266","0.385965"
"2149473266","1982042287","0.385965"
"1982042287","2150399720","0.319298"
"2150399720","1982042287","0.319298"
"2096864783","2097651164","0.0526316"
"2097651164","2096864783","0.0526316"
"2096864783","2102730237","0.497076"
"2102730237","2096864783","0.497076"
"2096864783","2104648615","0.0526316"
"2104648615","2096864783","0.0526316"
"2096864783","2126188990","0.0526316"
"2126188990","2096864783","0.0526316"
"2096864783","2138775315","0.0526316"
"2138775315","2096864783","0.0526316"
"2096864783","2149473266","0.385965"
"2149473266","2096864783","0.385965"
"2096864783","2150399720","0.319298"
"2150399720","2096864783","0.319298"
"2097651164","2104648615","0.119298"
"2104648615","2097651164","0.119298"
"2097651164","2126188990","0.302632"
"2126188990","2097651164","0.302632"
"2097651164","2148054097","0.497076"
"2148054097","2097651164","0.497076"
"2097651164","2149473266","0.230409"
"2149473266","2097651164","0.230409"
"2097651164","2150399720","0.0526316"
"2150399720","2097651164","0.0526316"
"2097651164","2913105718","0.697076"
"2913105718","2097651164","0.697076"
"2102730237","2126188990","0.0526316"
"2126188990","2102730237","0.0526316"
"2102730237","2148054097","0.62406"
"2148054097","2102730237","0.62406"
"2102730237","2913105718","0.64906"
"2913105718","2102730237","0.64906"
"2104648615","2126188990","0.0526316"
"2126188990","2104648615","0.0526316"
"2104648615","2138775315","0.0526316"
"2138775315","2104648615","0.0526316"
"2104648615","2148054097","0.290727"
"2148054097","2104648615","0.290727"
"2104648615","2913105718","0.190727"
"2913105718","2104648615","0.190727"
"2126188990","2138775315","0.0526316"
"2138775315","2126188990","0.0526316"
"2126188990","2148054097","0.0526316"
"2148054097","2126188990","0.0526316"
"2126188990","2149473266","0.0526316"
"2149473266","2126188990","0.0526316"
"2126188990","2150399720","0.0526316"
"2150399720","2126188990","0.0526316"
"2126188990","2913105718","0.0526316"
"2913105718","2126188990","0.0526316"
"2138775315","2148054097","0.302632"
"2148054097","2138775315","0.302632"
"2138775315","2149473266","0.0526316"
"2149473266","2138775315","0.0526316"
"2138775315","2150399720","0.302632"
"2150399720","2138775315","0.302632"
"2138775315","2913105718","0.302632"
"2913105718","2138775315","0.302632"
"2148054097","2149473266","0.651838"
"2149473266","2148054097","0.651838"
"2148054097","2150399720","0.290727"
"2150399720","2148054097","0.290727"
"2149473266","2913105718","0.651838"
"2913105718","2149473266","0.651838"
"2150399720","2913105718","0.315727"
"2913105718","2150399720","0.315727"
"1520268216","2118629598","0.5"
"2118629598","1520268216","0.5"
"1520268216","2140745722","0.25"
"2140745722","1520268216","0.25"
"2104648615","2118629598","1.25"
"2118629598","2104648615","1.25"
"2104648615","2140745722","0.888095"
"2140745722","2104648615","0.888095"
"2118629598","2140745722","0.25"
"2140745722","2118629598","0.25"
"2118629598","2149473266","0.25"
"2149473266","2118629598","0.25"
"2140745722","2149473266","17.9159"
"2149473266","2140745722","17.9159"
"1520268216","32301533","1.2"
"32301533","1520268216","1.2"
"1577274403","32301533","0.725"
"32301533","1577274403","0.725"
"1545622906","32301533","3.43452"
"32301533","1545622906","3.43452"
"1581663496","32301533","3.61944"
"32301533","1581663496","3.61944"
"1797530775","2097651164","5.86667"
"2097651164","1797530775","5.86667"
"1797530775","32301533","0.2"
"32301533","1797530775","0.2"
"2097651164","32301533","0.533333"
"32301533","2097651164","0.533333"
"1520268216","2143215034","0.25"
"2143215034","1520268216","0.25"
"1982042287","2118629598","0.25"
"2118629598","1982042287","0.25"
"1982042287","2143215034","1.1"
"2143215034","1982042287","1.1"
"2096864783","2118629598","0.25"
"2118629598","2096864783","0.25"
"2096864783","2143215034","1.1"
"2143215034","2096864783","1.1"
"2118629598","2143215034","0.25"
"2143215034","2118629598","0.25"
"1541863674","2104446175","14.25"
"2104446175","1541863674","14.25"
"1541863674","1545622906","0.25"
"1545622906","1541863674","0.25"
"1541863674","1970464137","0.25"
"1970464137","1541863674","0.25"
"1541863674","1977354509","0.25"
"1977354509","1541863674","0.25"
"1545622906","2104446175","0.25"
"2104446175","1545622906","0.25"
"1970464137","2104446175","0.25"
"2104446175","1970464137","0.25"
"1977354509","2104446175","0.25"
"2104446175","1977354509","0.25"
"1545622906","2003332085","0.641667"
"2003332085","1545622906","0.641667"
"1851031742","2003332085","0.391667"
"2003332085","1851031742","0.391667"
"1851031742","2094557617","0.791667"
"2094557617","1851031742","0.791667"
"1931152882","2003332085","1.14167"
"2003332085","1931152882","1.14167"
"2003332085","2094557617","0.225"
"2094557617","2003332085","0.225"
"2003332085","2102730237","1.04167"
"2102730237","2003332085","1.04167"
"2003332085","2133420971","0.391667"
"2133420971","2003332085","0.391667"
"2003332085","2150399720","0.391667"
"2150399720","2003332085","0.391667"
"2003332085","2165210192","0.291667"
"2165210192","2003332085","0.291667"
"2094557617","2150399720","1.1"
"2150399720","2094557617","1.1"
"2094557617","2165210192","0.741667"
"2165210192","2094557617","0.741667"
"1577274403","1581663496","0.541667"
"1581663496","1577274403","0.541667"
"1577274403","2095803854","0.475"
"2095803854","1577274403","0.475"
"1577274403","2133420971","0.738095"
"2133420971","1577274403","0.738095"
"1931152882","32301533","0.378968"
"32301533","1931152882","0.378968"
"2095803854","32301533","0.536111"
"32301533","2095803854","0.536111"
"2102730237","32301533","0.378968"
"32301533","2102730237","0.378968"
"2132144109","32301533","0.658333"
"32301533","2132144109","0.658333"
"2133420971","32301533","0.978968"
"32301533","2133420971","0.978968"
"2165210192","32301533","0.633333"
"32301533","2165210192","0.633333"
"1888254701","32301533","0.392857"
"32301533","1888254701","0.392857"
"2104648615","32301533","0.142857"
"32301533","2104648615","0.142857"
"2150399720","32301533","0.142857"
"32301533","2150399720","0.142857"
"1545622906","2140745722","0.738095"
"2140745722","1545622906","0.738095"
"1577274403","2140745722","0.304762"
"2140745722","1577274403","0.304762"
"1577274403","2165210192","0.363095"
"2165210192","1577274403","0.363095"
"1851031742","2140745722","0.249206"
"2140745722","1851031742","0.249206"
"1888254701","2140745722","0.349206"
"2140745722","1888254701","0.349206"
"1931152882","2140745722","0.138095"
"2140745722","1931152882","0.138095"
"2102730237","2140745722","0.138095"
"2140745722","2102730237","0.138095"
"2132144109","2140745722","1.1381"
"2140745722","2132144109","1.1381"
"2133420971","2140745722","0.138095"
"2140745722","2133420971","0.138095"
"2133420971","2148054097","0.738095"
"2148054097","2133420971","0.738095"
"2133420971","2913105718","0.763095"
"2913105718","2133420971","0.763095"
"2140745722","2148054097","0.599206"
"2148054097","2140745722","0.599206"
"2140745722","2150399720","0.171429"
"2150399720","2140745722","0.171429"
"2140745722","2165210192","0.388095"
"2165210192","2140745722","0.388095"
"2140745722","2913105718","0.599206"
"2913105718","2140745722","0.599206"
"1581663496","1982042287","0.277778"
"1982042287","1581663496","0.277778"
"1581663496","2096864783","0.377778"
"2096864783","1581663496","0.377778"
"1643120995","1982042287","2.25833"
"1982042287","1643120995","2.25833"
"1643120995","2096864783","2.25833"
"2096864783","1643120995","2.25833"
"1982042287","2133420971","0.277778"
"2133420971","1982042287","0.277778"
"2096864783","2133420971","0.377778"
"2133420971","2096864783","0.377778"
"1577274403","2094557617","2.41667"
"2094557617","1577274403","2.41667"
"1581663496","2104648615","1.06667"
"2104648615","1581663496","1.06667"
"1581663496","2140745722","0.177778"
"2140745722","1581663496","0.177778"
"1581663496","2149473266","0.177778"
"2149473266","1581663496","0.177778"
"1900771389","2140745722","0.444444"
"2140745722","1900771389","0.444444"
"2094557617","2104648615","0.166667"
"2104648615","2094557617","0.166667"
"2094557617","2140745722","0.0666667"
"2140745722","2094557617","0.0666667"
"2094557617","2149473266","0.0666667"
"2149473266","2094557617","0.0666667"
"2097651164","2140745722","0.177778"
"2140745722","2097651164","0.177778"
"2095803854","2165210192","0.925"
"2165210192","2095803854","0.925"
"1577274403","2120372273","0.35"
"2120372273","1577274403","0.35"
"2094557617","2096864783","0.211111"
"2096864783","2094557617","0.211111"
"2095803854","2096864783","1.43611"
"2096864783","2095803854","1.43611"
"2096864783","2120372273","1.40833"
"2120372273","2096864783","1.40833"
"2096864783","32301533","0.211111"
"32301533","2096864783","0.211111"
"2120372273","2165210192","0.225"
"2165210192","2120372273","0.225"
"2120372273","32301533","0.1"
"32301533","2120372273","0.1"
"1581663496","2150399720","0.125"
"2150399720","1581663496","0.125"
"2095803854","2150399720","0.391667"
"2150399720","2095803854","0.391667"
"1545622906","1792292319","0.0666667"
"1792292319","1545622906","0.0666667"
"1545622906","2143215034","0.666667"
"2143215034","1545622906","0.666667"
"1792292319","1851031742","0.0666667"
"1851031742","1792292319","0.0666667"
"1792292319","1888254701","0.0666667"
"1888254701","1792292319","0.0666667"
"1792292319","1900771389","0.0666667"
"1900771389","1792292319","0.0666667"
"1792292319","1931152882","0.0666667"
"1931152882","1792292319","0.0666667"
"1792292319","2003332085","0.0666667"
"2003332085","1792292319","0.0666667"
"1792292319","2102730237","0.0666667"
"2102730237","1792292319","0.0666667"
"1792292319","2104648615","0.0666667"
"2104648615","1792292319","0.0666667"
"1792292319","2132144109","0.0666667"
"2132144109","1792292319","0.0666667"
"1792292319","2133420971","0.0666667"
"2133420971","1792292319","0.0666667"
"1792292319","2143215034","0.0666667"
"2143215034","1792292319","0.0666667"
"1792292319","2148054097","0.0666667"
"2148054097","1792292319","0.0666667"
"1792292319","2150399720","0.0666667"
"2150399720","1792292319","0.0666667"
"1792292319","2165210192","0.0666667"
"2165210192","1792292319","0.0666667"
"1792292319","2913105718","0.0666667"
"2913105718","1792292319","0.0666667"
"1851031742","2143215034","0.0666667"
"2143215034","1851031742","0.0666667"
"1888254701","2003332085","0.516667"
"2003332085","1888254701","0.516667"
"1888254701","2143215034","0.166667"
"2143215034","1888254701","0.166667"
"1900771389","2003332085","0.666667"
"2003332085","1900771389","0.666667"
"1900771389","2143215034","0.166667"
"2143215034","1900771389","0.166667"
"1931152882","2143215034","0.0666667"
"2143215034","1931152882","0.0666667"
"2003332085","2104648615","0.266667"
"2104648615","2003332085","0.266667"
"2003332085","2132144109","0.166667"
"2132144109","2003332085","0.166667"
"2003332085","2143215034","0.0666667"
"2143215034","2003332085","0.0666667"
"2003332085","2148054097","0.166667"
"2148054097","2003332085","0.166667"
"2003332085","2913105718","0.0666667"
"2913105718","2003332085","0.0666667"
"2102730237","2143215034","0.0666667"
"2143215034","2102730237","0.0666667"
"2104648615","2143215034","1.48333"
"2143215034","2104648615","1.48333"
"2132144109","2143215034","1.48333"
"2143215034","2132144109","1.48333"
"2133420971","2143215034","0.0666667"
"2143215034","2133420971","0.0666667"
"2143215034","2148054097","0.0666667"
"2148054097","2143215034","0.0666667"
"2143215034","2150399720","0.166667"
"2150399720","2143215034","0.166667"
"2143215034","2165210192","0.316667"
"2165210192","2143215034","0.316667"
"2143215034","2913105718","0.0666667"
"2913105718","2143215034","0.0666667"
"1643120995","2140745722","0.433333"
"2140745722","1643120995","0.433333"
"1643120995","2143215034","0.1"
"2143215034","1643120995","0.1"
"1643120995","2150399720","0.1"
"2150399720","1643120995","0.1"
"1982042287","2095803854","1.33611"
"2095803854","1982042287","1.33611"
"1982042287","2120372273","1.30833"
"2120372273","1982042287","1.30833"
"1982042287","2140745722","0.1"
"2140745722","1982042287","0.1"
"2095803854","2140745722","0.211111"
"2140745722","2095803854","0.211111"
"2095803854","2143215034","0.6"
"2143215034","2095803854","0.6"
"2096864783","2140745722","0.1"
"2140745722","2096864783","0.1"
"2120372273","2140745722","0.1"
"2140745722","2120372273","0.1"
"2120372273","2143215034","1.51667"
"2143215034","2120372273","1.51667"
"2120372273","2150399720","0.6"
"2150399720","2120372273","0.6"
"2140745722","2143215034","0.266667"
"2143215034","2140745722","0.266667"
"1545622906","2798729527","0.166667"
"2798729527","1545622906","0.166667"
"1545622906","2914903943","0.166667"
"2914903943","1545622906","0.166667"
"2095803854","2798729527","0.5"
"2798729527","2095803854","0.5"
"2095803854","2914903943","1.5"
"2914903943","2095803854","1.5"
"2120372273","2798729527","0.166667"
"2798729527","2120372273","0.166667"
"2120372273","2914903943","0.416667"
"2914903943","2120372273","0.416667"
"2132144109","2798729527","0.166667"
"2798729527","2132144109","0.166667"
"2132144109","2914903943","0.166667"
"2914903943","2132144109","0.166667"
"2143215034","2798729527","1.16667"
"2798729527","2143215034","1.16667"
"2143215034","2914903943","2.41667"
"2914903943","2143215034","2.41667"
"2798729527","2914903943","12.1667"
"2914903943","2798729527","12.1667"
"1545622906","2043022207","0.125"
"2043022207","1545622906","0.125"
"1643120995","2165210192","0.125"
"2165210192","1643120995","0.125"
"1982042287","2043022207","1.825"
"2043022207","1982042287","1.825"
"2043022207","2095803854","0.375"
"2095803854","2043022207","0.375"
"2043022207","2096864783","1.825"
"2096864783","2043022207","1.825"
"2043022207","2120372273","0.625"
"2120372273","2043022207","0.625"
"2043022207","2132144109","0.125"
"2132144109","2043022207","0.125"
"2043022207","2165210192","0.125"
"2165210192","2043022207","0.125"
"1545622906","2085733527","0.833333"
"2085733527","1545622906","0.833333"
"1888254701","2085733527","0.833333"
"2085733527","1888254701","0.833333"
"2085733527","2150399720","0.333333"
"2150399720","2085733527","0.333333"
"1545622906","2407706067","0.5"
"2407706067","1545622906","0.5"
"1888254701","2407706067","0.5"
"2407706067","1888254701","0.5"
"1797530775","2143215034","0.333333"
"2143215034","1797530775","0.333333"
"2097651164","2143215034","0.333333"
"2143215034","2097651164","0.333333"
"1577274403","2085733527","0.166667"
"2085733527","1577274403","0.166667"
"1900771389","2085733527","0.166667"
"2085733527","1900771389","0.166667"
"2085733527","2140745722","0.166667"
"2140745722","2085733527","0.166667"
"2085733527","2148054097","0.166667"
"2148054097","2085733527","0.166667"
"2085733527","2149473266","0.166667"
"2149473266","2085733527","0.166667"
"2085733527","2913105718","0.166667"
"2913105718","2085733527","0.166667"
"1581663496","2003332085","0.25"
"2003332085","1581663496","0.25"
"2003332085","2095803854","0.25"
"2095803854","2003332085","0.25"
"1581663496","2407706067","0.833333"
"2407706067","1581663496","0.833333"
"2133420971","2407706067","0.833333"
"2407706067","2133420971","0.833333"
"1581663496","1977354509","0.25"
"1977354509","1581663496","0.25"
"1581663496","2085733527","0.25"
"2085733527","1581663496","0.25"
"1581663496","2126188990","0.25"
"2126188990","1581663496","0.25"
"1977354509","2085733527","0.25"
"2085733527","1977354509","0.25"
"1977354509","2133420971","0.25"
"2133420971","1977354509","0.25"
"2085733527","2126188990","0.25"
"2126188990","2085733527","0.25"
"2085733527","2133420971","0.25"
"2133420971","2085733527","0.25"
"2126188990","2133420971","0.25"
"2133420971","2126188990","0.25"
"1581663496","2148054097","0.361111"
"2148054097","1581663496","0.361111"
"1581663496","2913105718","0.361111"
"2913105718","1581663496","0.361111"
"2095803854","2148054097","0.111111"
"2148054097","2095803854","0.111111"
"2095803854","2149473266","0.111111"
"2149473266","2095803854","0.111111"
"2095803854","2913105718","0.111111"
"2913105718","2095803854","0.111111"
"1982042287","2094557617","0.111111"
"2094557617","1982042287","0.111111"
"1982042287","32301533","0.111111"
"32301533","1982042287","0.111111"
"2148054097","32301533","0.25"
"32301533","2148054097","0.25"
"2913105718","32301533","0.25"
"32301533","2913105718","0.25"
"2095803854","2407706067","0.333333"
"2407706067","2095803854","0.333333"
"1581663496","2143215034","0.5"
"2143215034","1581663496","0.5"
"2143215034","32301533","0.5"
"32301533","2143215034","0.5"
"1581663496","2104446175","0.5"
"2104446175","1581663496","0.5"
"2104446175","2133420971","0.5"
"2133420971","2104446175","0.5"
"1900771389","2043022207","0.95"
"2043022207","1900771389","0.95"
"1643120995","1851031742","0.333333"
"1851031742","1643120995","0.333333"
"1643120995","1970464137","0.7"
"1970464137","1643120995","0.7"
"1970464137","2043022207","0.7"
"2043022207","1970464137","0.7"
"2043022207","2140745722","0.333333"
"2140745722","2043022207","0.333333"
"2138775315","2140745722","0.333333"
"2140745722","2138775315","0.333333"
"1643120995","2913105718","0.2"
"2913105718","1643120995","0.2"
"1643120995","2914903943","0.2"
"2914903943","1643120995","0.2"
"1970464137","2914903943","0.366667"
"2914903943","1970464137","0.366667"
"2043022207","2097651164","0.2"
"2097651164","2043022207","0.2"
"2043022207","2913105718","0.2"
"2913105718","2043022207","0.2"
"2043022207","2914903943","0.2"
"2914903943","2043022207","0.2"
"2097651164","2914903943","0.2"
"2914903943","2097651164","0.2"
"2913105718","2914903943","0.2"
"2914903943","2913105718","0.2"
"1643120995","2127125497","0.2"
"2127125497","1643120995","0.2"
"1900771389","2127125497","0.2"
"2127125497","1900771389","0.2"
"1982042287","2127125497","0.2"
"2127125497","1982042287","0.2"
"2043022207","2127125497","0.2"
"2127125497","2043022207","0.2"
"2096864783","2127125497","0.2"
"2127125497","2096864783","0.2"
"1797530775","2118629598","6.5"
"2118629598","1797530775","6.5"
"2097651164","2118629598","1.5"
"2118629598","2097651164","1.5"
"1797530775","2095803854","0.5"
"2095803854","1797530775","0.5"
"1851031742","2118629598","0.25"
"2118629598","1851031742","0.25"
