"103044395","2018840295","0.75"
"2018840295","103044395","0.75"
"103044395","2314036359","0.5"
"2314036359","103044395","0.5"
"103044395","2886522493","0.5"
"2886522493","103044395","0.5"
"103044395","2949851900","0.5"
"2949851900","103044395","0.5"
"2018840295","2314036359","0.5"
"2314036359","2018840295","0.5"
"2018840295","2886522493","0.5"
"2886522493","2018840295","0.5"
"2018840295","2949851900","11.3333"
"2949851900","2018840295","11.3333"
"2314036359","2886522493","0.25"
"2886522493","2314036359","0.25"
"2314036359","2949851900","0.5"
"2949851900","2314036359","0.5"
"2886522493","2949851900","0.25"
"2949851900","2886522493","0.25"
"103044395","1918162579","0.142857"
"1918162579","103044395","0.142857"
"103044395","1970147427","0.142857"
"1970147427","103044395","0.142857"
"103044395","2293993025","0.142857"
"2293993025","103044395","0.142857"
"103044395","2592003446","0.142857"
"2592003446","103044395","0.142857"
"103044395","2886979527","0.142857"
"2886979527","103044395","0.142857"
"103044395","2999547964","0.142857"
"2999547964","103044395","0.142857"
"103044395","3023115945","0.142857"
"3023115945","103044395","0.142857"
"1918162579","1970147427","0.392857"
"1970147427","1918162579","0.392857"
"1918162579","2293993025","0.142857"
"2293993025","1918162579","0.142857"
"1918162579","2592003446","0.392857"
"2592003446","1918162579","0.392857"
"1918162579","2886979527","0.142857"
"2886979527","1918162579","0.142857"
"1918162579","2999547964","0.142857"
"2999547964","1918162579","0.142857"
"1918162579","3023115945","1.72619"
"3023115945","1918162579","1.72619"
"1970147427","2293993025","0.47619"
"2293993025","1970147427","0.47619"
"1970147427","2592003446","13.7262"
"2592003446","1970147427","13.7262"
"1970147427","2886979527","0.142857"
"2886979527","1970147427","0.142857"
"1970147427","2999547964","0.142857"
"2999547964","1970147427","0.142857"
"1970147427","3023115945","0.392857"
"3023115945","1970147427","0.392857"
"2293993025","2592003446","0.72619"
"2592003446","2293993025","0.72619"
"2293993025","2886979527","0.142857"
"2886979527","2293993025","0.142857"
"2293993025","2999547964","0.142857"
"2999547964","2293993025","0.142857"
"2293993025","3023115945","0.142857"
"3023115945","2293993025","0.142857"
"2592003446","2886979527","0.142857"
"2886979527","2592003446","0.142857"
"2592003446","2999547964","0.142857"
"2999547964","2592003446","0.142857"
"2592003446","3023115945","0.392857"
"3023115945","2592003446","0.392857"
"2886979527","2999547964","1.14286"
"2999547964","2886979527","1.14286"
"2886979527","3023115945","0.142857"
"3023115945","2886979527","0.142857"
"2999547964","3023115945","2.14286"
"3023115945","2999547964","2.14286"
"103044395","2927917806","3"
"2927917806","103044395","3"
"103044395","2729021829","0.5"
"2729021829","103044395","0.5"
"103044395","2975044318","0.5"
"2975044318","103044395","0.5"
"2729021829","2975044318","1"
"2975044318","2729021829","1"
"103044395","2558090922","0.5"
"2558090922","103044395","0.5"
"2018840295","2558090922","1.5"
"2558090922","2018840295","1.5"
"2314036359","2558090922","0.25"
"2558090922","2314036359","0.25"
"2558090922","2949851900","1.25"
"2949851900","2558090922","1.25"
"103044395","2908080254","0.25"
"2908080254","103044395","0.25"
"2018840295","2908080254","0.25"
"2908080254","2018840295","0.25"
"2558090922","2886522493","0.25"
"2886522493","2558090922","0.25"
"2558090922","2908080254","0.25"
"2908080254","2558090922","0.25"
"2886522493","2908080254","0.45"
"2908080254","2886522493","0.45"
"105048401","2520445601","7"
"2520445601","105048401","7"
"11174961","2737015327","1.33333"
"2737015327","11174961","1.33333"
"11174961","1958068621","0.214286"
"1958068621","11174961","0.214286"
"11174961","1982887803","0.509524"
"1982887803","11174961","0.509524"
"11174961","2060537671","1.10073"
"2060537671","11174961","1.10073"
"11174961","2068133666","0.214286"
"2068133666","11174961","0.214286"
"11174961","2185242875","0.214286"
"2185242875","11174961","0.214286"
"11174961","2474516640","0.291209"
"2474516640","11174961","0.291209"
"11174961","2571028936","0.142857"
"2571028936","11174961","0.142857"
"1958068621","1982887803","1.51786"
"1982887803","1958068621","1.51786"
"1958068621","2060537671","1.42262"
"2060537671","1958068621","1.42262"
"1958068621","2068133666","2.29762"
"2068133666","1958068621","2.29762"
"1958068621","2185242875","0.214286"
"2185242875","1958068621","0.214286"
"1958068621","2474516640","0.380952"
"2474516640","1958068621","0.380952"
"1958068621","2571028936","0.142857"
"2571028936","1958068621","0.142857"
"1982887803","2060537671","1.26786"
"2060537671","1982887803","1.26786"
"1982887803","2068133666","0.47619"
"2068133666","1982887803","0.47619"
"1982887803","2185242875","0.142857"
"2185242875","1982887803","0.142857"
"1982887803","2474516640","0.309524"
"2474516640","1982887803","0.309524"
"1982887803","2571028936","0.142857"
"2571028936","1982887803","0.142857"
"2060537671","2068133666","0.797619"
"2068133666","2060537671","0.797619"
"2060537671","2185242875","0.214286"
"2185242875","2060537671","0.214286"
"2060537671","2474516640","0.457875"
"2474516640","2060537671","0.457875"
"2060537671","2571028936","0.642857"
"2571028936","2060537671","0.642857"
"2068133666","2185242875","0.464286"
"2185242875","2068133666","0.464286"
"2068133666","2474516640","1.96429"
"2474516640","2068133666","1.96429"
"2068133666","2571028936","0.142857"
"2571028936","2068133666","0.142857"
"2185242875","2474516640","0.464286"
"2474516640","2185242875","0.464286"
"2185242875","2571028936","0.642857"
"2571028936","2185242875","0.642857"
"2474516640","2571028936","0.142857"
"2571028936","2474516640","0.142857"
"11174961","2054079879","0.833333"
"2054079879","11174961","0.833333"
"11174961","2188998365","0.333333"
"2188998365","11174961","0.333333"
"11174961","2526413256","0.833333"
"2526413256","11174961","0.833333"
"2054079879","2188998365","1.16667"
"2188998365","2054079879","1.16667"
"2054079879","2526413256","10.5417"
"2526413256","2054079879","10.5417"
"2188998365","2526413256","1.16667"
"2526413256","2188998365","1.16667"
"11174961","2050379150","0.238095"
"2050379150","11174961","0.238095"
"11174961","2092481834","0.5"
"2092481834","11174961","0.5"
"1982887803","2050379150","2.54167"
"2050379150","1982887803","2.54167"
"1982887803","2054079879","0.166667"
"2054079879","1982887803","0.166667"
"1982887803","2092481834","0.166667"
"2092481834","1982887803","0.166667"
"1982887803","2526413256","0.166667"
"2526413256","1982887803","0.166667"
"2050379150","2054079879","0.166667"
"2054079879","2050379150","0.166667"
"2050379150","2060537671","1.1131"
"2060537671","2050379150","1.1131"
"2050379150","2092481834","0.166667"
"2092481834","2050379150","0.166667"
"2050379150","2526413256","0.166667"
"2526413256","2050379150","0.166667"
"2054079879","2060537671","0.166667"
"2060537671","2054079879","0.166667"
"2054079879","2092481834","13.2083"
"2092481834","2054079879","13.2083"
"2060537671","2092481834","0.166667"
"2092481834","2060537671","0.166667"
"2060537671","2526413256","0.166667"
"2526413256","2060537671","0.166667"
"2092481834","2526413256","4.20833"
"2526413256","2092481834","4.20833"
"11174961","2030216533","0.576923"
"2030216533","11174961","0.576923"
"11174961","2734812495","0.648352"
"2734812495","11174961","0.648352"
"2030216533","2734812495","0.776923"
"2734812495","2030216533","0.776923"
"11174961","2342053737","0.648352"
"2342053737","11174961","0.648352"
"2060537671","2342053737","8.09835"
"2342053737","2060537671","8.09835"
"11174961","2129141174","0.914286"
"2129141174","11174961","0.914286"
"11174961","2295321789","0.714286"
"2295321789","11174961","0.714286"
"11174961","2559116024","0.21978"
"2559116024","11174961","0.21978"
"11174961","2559735449","0.491209"
"2559735449","11174961","0.491209"
"11174961","2735392951","0.491209"
"2735392951","11174961","0.491209"
"11174961","2952823586","0.214286"
"2952823586","11174961","0.214286"
"2060537671","2129141174","0.214286"
"2129141174","2060537671","0.214286"
"2060537671","2295321789","0.214286"
"2295321789","2060537671","0.214286"
"2060537671","2559116024","2.25311"
"2559116024","2060537671","2.25311"
"2060537671","2559735449","3.04121"
"2559735449","2060537671","3.04121"
"2060537671","2735392951","5.58288"
"2735392951","2060537671","5.58288"
"2060537671","2952823586","0.214286"
"2952823586","2060537671","0.214286"
"2129141174","2295321789","14.4655"
"2295321789","2129141174","14.4655"
"2129141174","2559116024","0.142857"
"2559116024","2129141174","0.142857"
"2129141174","2559735449","0.807143"
"2559735449","2129141174","0.807143"
"2129141174","2735392951","0.807143"
"2735392951","2129141174","0.807143"
"2129141174","2952823586","7.75714"
"2952823586","2129141174","7.75714"
"2295321789","2559116024","0.142857"
"2559116024","2295321789","0.142857"
"2295321789","2559735449","0.357143"
"2559735449","2295321789","0.357143"
"2295321789","2735392951","0.357143"
"2735392951","2295321789","0.357143"
"2295321789","2952823586","5.04881"
"2952823586","2295321789","5.04881"
"2559116024","2559735449","0.803114"
"2559735449","2559116024","0.803114"
"2559116024","2735392951","0.803114"
"2735392951","2559116024","0.803114"
"2559116024","2952823586","0.142857"
"2952823586","2559116024","0.142857"
"2559735449","2735392951","28.0007"
"2735392951","2559735449","28.0007"
"2559735449","2952823586","0.357143"
"2952823586","2559735449","0.357143"
"2735392951","2952823586","0.357143"
"2952823586","2735392951","0.357143"
"11174961","1976450888","0.148352"
"1976450888","11174961","0.148352"
"1958068621","1976450888","0.0714286"
"1976450888","1958068621","0.0714286"
"1958068621","2050379150","3.94643"
"2050379150","1958068621","3.94643"
"1958068621","2129141174","0.0714286"
"2129141174","1958068621","0.0714286"
"1958068621","2295321789","0.0714286"
"2295321789","1958068621","0.0714286"
"1958068621","2342053737","0.0714286"
"2342053737","1958068621","0.0714286"
"1958068621","2559735449","0.571429"
"2559735449","1958068621","0.571429"
"1958068621","2734812495","0.446429"
"2734812495","1958068621","0.446429"
"1958068621","2735392951","2.02976"
"2735392951","1958068621","2.02976"
"1958068621","2952823586","0.0714286"
"2952823586","1958068621","0.0714286"
"1976450888","2050379150","0.0714286"
"2050379150","1976450888","0.0714286"
"1976450888","2060537671","1.48168"
"2060537671","1976450888","1.48168"
"1976450888","2068133666","0.0714286"
"2068133666","1976450888","0.0714286"
"1976450888","2129141174","0.0714286"
"2129141174","1976450888","0.0714286"
"1976450888","2185242875","0.0714286"
"2185242875","1976450888","0.0714286"
"1976450888","2295321789","0.0714286"
"2295321789","1976450888","0.0714286"
"1976450888","2342053737","1.64835"
"2342053737","1976450888","1.64835"
"1976450888","2474516640","0.148352"
"2474516640","1976450888","0.148352"
"1976450888","2559735449","0.148352"
"2559735449","1976450888","0.148352"
"1976450888","2734812495","0.398352"
"2734812495","1976450888","0.398352"
"1976450888","2735392951","0.398352"
"2735392951","1976450888","0.398352"
"1976450888","2952823586","0.0714286"
"2952823586","1976450888","0.0714286"
"2050379150","2068133666","1.65476"
"2068133666","2050379150","1.65476"
"2050379150","2129141174","0.214286"
"2129141174","2050379150","0.214286"
"2050379150","2185242875","0.321429"
"2185242875","2050379150","0.321429"
"2050379150","2295321789","0.214286"
"2295321789","2050379150","0.214286"
"2050379150","2342053737","0.0714286"
"2342053737","2050379150","0.0714286"
"2050379150","2474516640","0.0714286"
"2474516640","2050379150","0.0714286"
"2050379150","2559735449","0.464286"
"2559735449","2050379150","0.464286"
"2050379150","2734812495","0.196429"
"2734812495","2050379150","0.196429"
"2050379150","2735392951","1.03929"
"2735392951","2050379150","1.03929"
"2050379150","2952823586","0.214286"
"2952823586","2050379150","0.214286"
"2060537671","2734812495","1.80668"
"2734812495","2060537671","1.80668"
"2068133666","2129141174","0.0714286"
"2129141174","2068133666","0.0714286"
"2068133666","2295321789","0.0714286"
"2295321789","2068133666","0.0714286"
"2068133666","2342053737","0.0714286"
"2342053737","2068133666","0.0714286"
"2068133666","2559735449","0.0714286"
"2559735449","2068133666","0.0714286"
"2068133666","2734812495","0.654762"
"2734812495","2068133666","0.654762"
"2068133666","2735392951","0.988095"
"2735392951","2068133666","0.988095"
"2068133666","2952823586","0.0714286"
"2952823586","2068133666","0.0714286"
"2129141174","2185242875","0.0714286"
"2185242875","2129141174","0.0714286"
"2129141174","2342053737","0.738095"
"2342053737","2129141174","0.738095"
"2129141174","2474516640","0.321429"
"2474516640","2129141174","0.321429"
"2129141174","2734812495","0.404762"
"2734812495","2129141174","0.404762"
"2185242875","2295321789","0.571429"
"2295321789","2185242875","0.571429"
"2185242875","2342053737","0.0714286"
"2342053737","2185242875","0.0714286"
"2185242875","2559735449","0.0714286"
"2559735449","2185242875","0.0714286"
"2185242875","2734812495","0.321429"
"2734812495","2185242875","0.321429"
"2185242875","2735392951","0.654762"
"2735392951","2185242875","0.654762"
"2185242875","2952823586","0.0714286"
"2952823586","2185242875","0.0714286"
"2295321789","2342053737","0.738095"
"2342053737","2295321789","0.738095"
"2295321789","2474516640","0.0714286"
"2474516640","2295321789","0.0714286"
"2295321789","2734812495","0.404762"
"2734812495","2295321789","0.404762"
"2342053737","2474516640","0.348352"
"2474516640","2342053737","0.348352"
"2342053737","2559735449","0.148352"
"2559735449","2342053737","0.148352"
"2342053737","2734812495","1.09835"
"2734812495","2342053737","1.09835"
"2342053737","2735392951","0.848352"
"2735392951","2342053737","0.848352"
"2342053737","2952823586","0.238095"
"2952823586","2342053737","0.238095"
"2474516640","2559735449","0.398352"
"2559735449","2474516640","0.398352"
"2474516640","2734812495","0.731685"
"2734812495","2474516640","0.731685"
"2474516640","2735392951","2.18168"
"2735392951","2474516640","2.18168"
"2474516640","2952823586","0.0714286"
"2952823586","2474516640","0.0714286"
"2559735449","2734812495","1.23168"
"2734812495","2559735449","1.23168"
"2734812495","2735392951","4.27335"
"2735392951","2734812495","4.27335"
"2734812495","2952823586","0.0714286"
"2952823586","2734812495","0.0714286"
"11174961","2563758005","0.0769231"
"2563758005","11174961","0.0769231"
"11174961","2622519317","0.0769231"
"2622519317","11174961","0.0769231"
"11174961","2742844465","0.0769231"
"2742844465","11174961","0.0769231"
"11174961","2982705228","0.410256"
"2982705228","11174961","0.410256"
"1976450888","2030216533","0.660256"
"2030216533","1976450888","0.660256"
"1976450888","2559116024","0.326923"
"2559116024","1976450888","0.326923"
"1976450888","2563758005","0.0769231"
"2563758005","1976450888","0.0769231"
"1976450888","2622519317","0.0769231"
"2622519317","1976450888","0.0769231"
"1976450888","2742844465","2.32692"
"2742844465","1976450888","2.32692"
"1976450888","2982705228","0.0769231"
"2982705228","1976450888","0.0769231"
"2030216533","2060537671","3.44359"
"2060537671","2030216533","3.44359"
"2030216533","2342053737","0.526923"
"2342053737","2030216533","0.526923"
"2030216533","2474516640","0.0769231"
"2474516640","2030216533","0.0769231"
"2030216533","2559116024","0.776923"
"2559116024","2030216533","0.776923"
"2030216533","2559735449","0.326923"
"2559735449","2030216533","0.326923"
"2030216533","2563758005","0.0769231"
"2563758005","2030216533","0.0769231"
"2030216533","2622519317","0.0769231"
"2622519317","2030216533","0.0769231"
"2030216533","2735392951","0.326923"
"2735392951","2030216533","0.326923"
"2030216533","2742844465","0.0769231"
"2742844465","2030216533","0.0769231"
"2030216533","2982705228","0.0769231"
"2982705228","2030216533","0.0769231"
"2060537671","2563758005","1.24359"
"2563758005","2060537671","1.24359"
"2060537671","2622519317","0.0769231"
"2622519317","2060537671","0.0769231"
"2060537671","2742844465","1.41026"
"2742844465","2060537671","1.41026"
"2060537671","2982705228","2.24359"
"2982705228","2060537671","2.24359"
"2342053737","2559116024","1.69359"
"2559116024","2342053737","1.69359"
"2342053737","2563758005","0.910256"
"2563758005","2342053737","0.910256"
"2342053737","2622519317","0.0769231"
"2622519317","2342053737","0.0769231"
"2342053737","2742844465","1.91026"
"2742844465","2342053737","1.91026"
"2342053737","2982705228","2.61026"
"2982705228","2342053737","2.61026"
"2474516640","2559116024","0.0769231"
"2559116024","2474516640","0.0769231"
"2474516640","2563758005","0.24359"
"2563758005","2474516640","0.24359"
"2474516640","2622519317","0.0769231"
"2622519317","2474516640","0.0769231"
"2474516640","2742844465","0.0769231"
"2742844465","2474516640","0.0769231"
"2474516640","2982705228","0.69359"
"2982705228","2474516640","0.69359"
"2559116024","2563758005","0.0769231"
"2563758005","2559116024","0.0769231"
"2559116024","2622519317","0.0769231"
"2622519317","2559116024","0.0769231"
"2559116024","2734812495","0.44359"
"2734812495","2559116024","0.44359"
"2559116024","2742844465","0.0769231"
"2742844465","2559116024","0.0769231"
"2559116024","2982705228","0.0769231"
"2982705228","2559116024","0.0769231"
"2559735449","2563758005","0.0769231"
"2563758005","2559735449","0.0769231"
"2559735449","2622519317","0.0769231"
"2622519317","2559735449","0.0769231"
"2559735449","2742844465","0.576923"
"2742844465","2559735449","0.576923"
"2559735449","2982705228","0.69359"
"2982705228","2559735449","0.69359"
"2563758005","2622519317","0.0769231"
"2622519317","2563758005","0.0769231"
"2563758005","2734812495","0.0769231"
"2734812495","2563758005","0.0769231"
"2563758005","2735392951","0.410256"
"2735392951","2563758005","0.410256"
"2563758005","2742844465","0.0769231"
"2742844465","2563758005","0.0769231"
"2563758005","2982705228","1.74359"
"2982705228","2563758005","1.74359"
"2622519317","2734812495","0.0769231"
"2734812495","2622519317","0.0769231"
"2622519317","2735392951","0.0769231"
"2735392951","2622519317","0.0769231"
"2622519317","2742844465","0.0769231"
"2742844465","2622519317","0.0769231"
"2622519317","2982705228","0.0769231"
"2982705228","2622519317","0.0769231"
"2734812495","2742844465","0.326923"
"2742844465","2734812495","0.326923"
"2734812495","2982705228","0.0769231"
"2982705228","2734812495","0.0769231"
"2735392951","2742844465","2.07692"
"2742844465","2735392951","2.07692"
"2735392951","2982705228","2.06026"
"2982705228","2735392951","2.06026"
"2742844465","2982705228","0.0769231"
"2982705228","2742844465","0.0769231"
"11174961","2397550134","0.2"
"2397550134","11174961","0.2"
"1982887803","2129141174","0.2"
"2129141174","1982887803","0.2"
"1982887803","2397550134","0.2"
"2397550134","1982887803","0.2"
"1982887803","2559735449","0.45"
"2559735449","1982887803","0.45"
"1982887803","2735392951","0.908333"
"2735392951","1982887803","0.908333"
"2129141174","2397550134","0.2"
"2397550134","2129141174","0.2"
"2397550134","2559735449","0.366667"
"2559735449","2397550134","0.366667"
"2397550134","2735392951","0.366667"
"2735392951","2397550134","0.366667"
"11174961","2394818127","0.333333"
"2394818127","11174961","0.333333"
"2394818127","2737015327","0.333333"
"2737015327","2394818127","0.333333"
"2394818127","2982705228","0.5"
"2982705228","2394818127","0.5"
"2737015327","2982705228","0.333333"
"2982705228","2737015327","0.333333"
"1491168574","2034610473","0.125"
"2034610473","1491168574","0.125"
"1491168574","2054079879","0.125"
"2054079879","1491168574","0.125"
"1491168574","2054731191","0.125"
"2054731191","1491168574","0.125"
"1491168574","2092481834","0.125"
"2092481834","1491168574","0.125"
"1491168574","2129141174","0.125"
"2129141174","1491168574","0.125"
"1491168574","2526413256","0.125"
"2526413256","1491168574","0.125"
"1491168574","2795995661","0.125"
"2795995661","1491168574","0.125"
"1491168574","2952823586","0.125"
"2952823586","1491168574","0.125"
"2034610473","2054079879","0.375"
"2054079879","2034610473","0.375"
"2034610473","2054731191","3.625"
"2054731191","2034610473","3.625"
"2034610473","2092481834","0.375"
"2092481834","2034610473","0.375"
"2034610473","2129141174","0.125"
"2129141174","2034610473","0.125"
"2034610473","2526413256","0.375"
"2526413256","2034610473","0.375"
"2034610473","2795995661","0.125"
"2795995661","2034610473","0.125"
"2034610473","2952823586","0.125"
"2952823586","2034610473","0.125"
"2054079879","2054731191","0.625"
"2054731191","2054079879","0.625"
"2054079879","2129141174","0.125"
"2129141174","2054079879","0.125"
"2054079879","2795995661","0.125"
"2795995661","2054079879","0.125"
"2054079879","2952823586","0.125"
"2952823586","2054079879","0.125"
"2054731191","2092481834","0.125"
"2092481834","2054731191","0.125"
"2054731191","2129141174","0.458333"
"2129141174","2054731191","0.458333"
"2054731191","2526413256","0.625"
"2526413256","2054731191","0.625"
"2054731191","2795995661","0.125"
"2795995661","2054731191","0.125"
"2054731191","2952823586","0.458333"
"2952823586","2054731191","0.458333"
"2092481834","2129141174","0.125"
"2129141174","2092481834","0.125"
"2092481834","2795995661","0.125"
"2795995661","2092481834","0.125"
"2092481834","2952823586","0.125"
"2952823586","2092481834","0.125"
"2129141174","2526413256","0.25"
"2526413256","2129141174","0.25"
"2129141174","2795995661","0.125"
"2795995661","2129141174","0.125"
"2526413256","2795995661","0.125"
"2795995661","2526413256","0.125"
"2526413256","2952823586","0.25"
"2952823586","2526413256","0.25"
"2795995661","2952823586","0.125"
"2952823586","2795995661","0.125"
"1493286744","2050409719","8.45"
"2050409719","1493286744","8.45"
"1493286744","2096482867","4.45"
"2096482867","1493286744","4.45"
"1493286744","2314036359","0.25"
"2314036359","1493286744","0.25"
"1493286744","2902263792","0.25"
"2902263792","1493286744","0.25"
"2050409719","2096482867","5.28333"
"2096482867","2050409719","5.28333"
"2050409719","2314036359","0.25"
"2314036359","2050409719","0.25"
"2050409719","2902263792","1.25"
"2902263792","2050409719","1.25"
"2096482867","2314036359","0.25"
"2314036359","2096482867","0.25"
"2096482867","2902263792","0.25"
"2902263792","2096482867","0.25"
"2314036359","2902263792","0.25"
"2902263792","2314036359","0.25"
"1493286744","2188998365","1"
"2188998365","1493286744","1"
"1493286744","2002101072","0.5"
"2002101072","1493286744","0.5"
"1493286744","2033230620","0.5"
"2033230620","1493286744","0.5"
"2002101072","2033230620","10.5833"
"2033230620","2002101072","10.5833"
"2002101072","2050409719","3"
"2050409719","2002101072","3"
"2002101072","2096482867","1"
"2096482867","2002101072","1"
"2033230620","2050409719","1.83333"
"2050409719","2033230620","1.83333"
"2033230620","2096482867","0.5"
"2096482867","2033230620","0.5"
"1493286744","1514361525","0.25"
"1514361525","1493286744","0.25"
"1493286744","2017317320","0.25"
"2017317320","1493286744","0.25"
"1493286744","2125740706","0.25"
"2125740706","1493286744","0.25"
"1493286744","2293993025","0.25"
"2293993025","1493286744","0.25"
"1514361525","2017317320","12.4167"
"2017317320","1514361525","12.4167"
"1514361525","2125740706","10.4167"
"2125740706","1514361525","10.4167"
"1514361525","2293993025","0.25"
"2293993025","1514361525","0.25"
"2017317320","2125740706","12.4167"
"2125740706","2017317320","12.4167"
"2017317320","2293993025","0.25"
"2293993025","2017317320","0.25"
"2125740706","2293993025","0.25"
"2293993025","2125740706","0.25"
"1493286744","2054731191","0.2"
"2054731191","1493286744","0.2"
"1493286744","2166999593","0.2"
"2166999593","1493286744","0.2"
"1493286744","2590413470","0.2"
"2590413470","1493286744","0.2"
"2050409719","2054731191","0.7"
"2054731191","2050409719","0.7"
"2050409719","2166999593","0.866667"
"2166999593","2050409719","0.866667"
"2050409719","2590413470","0.533333"
"2590413470","2050409719","0.533333"
"2054731191","2096482867","0.2"
"2096482867","2054731191","0.2"
"2054731191","2166999593","0.2"
"2166999593","2054731191","0.2"
"2054731191","2590413470","0.2"
"2590413470","2054731191","0.2"
"2096482867","2166999593","1.53333"
"2166999593","2096482867","1.53333"
"2096482867","2590413470","0.2"
"2590413470","2096482867","0.2"
"2166999593","2590413470","0.533333"
"2590413470","2166999593","0.533333"
"1514361525","2050409719","1.33333"
"2050409719","1514361525","1.33333"
"2017317320","2050409719","1.33333"
"2050409719","2017317320","1.33333"
"1514361525","2314036359","0.666667"
"2314036359","1514361525","0.666667"
"2017317320","2314036359","0.666667"
"2314036359","2017317320","0.666667"
"2125740706","2314036359","3.66667"
"2314036359","2125740706","3.66667"
"1514361525","2002101072","0.833333"
"2002101072","1514361525","0.833333"
"1514361525","2096482867","0.5"
"2096482867","1514361525","0.5"
"2002101072","2017317320","0.833333"
"2017317320","2002101072","0.833333"
"2017317320","2096482867","0.5"
"2096482867","2017317320","0.5"
"1514361525","2463534371","0.333333"
"2463534371","1514361525","0.333333"
"2017317320","2463534371","0.333333"
"2463534371","2017317320","0.333333"
"2125740706","2463534371","0.333333"
"2463534371","2125740706","0.333333"
"2050409719","2125740706","0.833333"
"2125740706","2050409719","0.833333"
"2002101072","2125740706","0.333333"
"2125740706","2002101072","0.333333"
"1546825173","1964162761","1.66667"
"1964162761","1546825173","1.66667"
"1546825173","2514884605","2"
"2514884605","1546825173","2"
"1546825173","2940265241","0.5"
"2940265241","1546825173","0.5"
"1546825173","2999547964","0.5"
"2999547964","1546825173","0.5"
"2514884605","2940265241","1.03333"
"2940265241","2514884605","1.03333"
"2514884605","2999547964","1.03333"
"2999547964","2514884605","1.03333"
"2940265241","2999547964","67.2833"
"2999547964","2940265241","67.2833"
"1546825173","2035358916","0.666667"
"2035358916","1546825173","0.666667"
"1546825173","2045155342","0.666667"
"2045155342","1546825173","0.666667"
"1964162761","2035358916","4.28333"
"2035358916","1964162761","4.28333"
"1964162761","2045155342","7.11667"
"2045155342","1964162761","7.11667"
"1964162761","2514884605","3.03333"
"2514884605","1964162761","3.03333"
"2035358916","2045155342","7.28333"
"2045155342","2035358916","7.28333"
"2035358916","2514884605","2.03333"
"2514884605","2035358916","2.03333"
"2045155342","2514884605","5.86667"
"2514884605","2045155342","5.86667"
"1546825173","1982887803","0.25"
"1982887803","1546825173","0.25"
"1546825173","2927917806","0.25"
"2927917806","1546825173","0.25"
"1546825173","2949709692","0.25"
"2949709692","1546825173","0.25"
"1546825173","2995054508","0.25"
"2995054508","1546825173","0.25"
"1982887803","2927917806","0.75"
"2927917806","1982887803","0.75"
"1982887803","2949709692","0.25"
"2949709692","1982887803","0.25"
"1982887803","2995054508","0.75"
"2995054508","1982887803","0.75"
"2927917806","2949709692","0.25"
"2949709692","2927917806","0.25"
"2927917806","2995054508","0.75"
"2995054508","2927917806","0.75"
"2949709692","2995054508","21.75"
"2995054508","2949709692","21.75"
"1964162761","2940265241","0.866667"
"2940265241","1964162761","0.866667"
"1964162761","2999547964","0.866667"
"2999547964","1964162761","0.866667"
"2035358916","2940265241","0.366667"
"2940265241","2035358916","0.366667"
"2035358916","2999547964","0.366667"
"2999547964","2035358916","0.366667"
"2045155342","2940265241","0.7"
"2940265241","2045155342","0.7"
"2045155342","2999547964","0.7"
"2999547964","2045155342","0.7"
"1549577837","2014609883","5.70833"
"2014609883","1549577837","5.70833"
"1549577837","1643398921","0.166667"
"1643398921","1549577837","0.166667"
"1549577837","1958068621","0.541667"
"1958068621","1549577837","0.541667"
"1549577837","1982887803","0.458333"
"1982887803","1549577837","0.458333"
"1549577837","2050379150","0.541667"
"2050379150","1549577837","0.541667"
"1549577837","2951313522","0.166667"
"2951313522","1549577837","0.166667"
"1643398921","1958068621","0.333333"
"1958068621","1643398921","0.333333"
"1643398921","1982887803","0.166667"
"1982887803","1643398921","0.166667"
"1643398921","2014609883","0.366667"
"2014609883","1643398921","0.366667"
"1643398921","2050379150","0.866667"
"2050379150","1643398921","0.866667"
"1643398921","2951313522","2.68333"
"2951313522","1643398921","2.68333"
"1958068621","2014609883","3.45833"
"2014609883","1958068621","3.45833"
"1958068621","2951313522","0.333333"
"2951313522","1958068621","0.333333"
"1982887803","2014609883","0.458333"
"2014609883","1982887803","0.458333"
"1982887803","2951313522","0.166667"
"2951313522","1982887803","0.166667"
"2014609883","2050379150","2.65833"
"2050379150","2014609883","2.65833"
"2014609883","2951313522","0.366667"
"2951313522","2014609883","0.366667"
"2050379150","2951313522","0.866667"
"2951313522","2050379150","0.866667"
"1549577837","2060537671","0.541667"
"2060537671","1549577837","0.541667"
"1549577837","2474516640","1.16667"
"2474516640","1549577837","1.16667"
"1549577837","2598193574","0.291667"
"2598193574","1549577837","0.291667"
"1549577837","2982705228","0.166667"
"2982705228","1549577837","0.166667"
"1982887803","2598193574","0.291667"
"2598193574","1982887803","0.291667"
"1982887803","2982705228","0.166667"
"2982705228","1982887803","0.166667"
"2014609883","2060537671","0.791667"
"2060537671","2014609883","0.791667"
"2014609883","2474516640","0.166667"
"2474516640","2014609883","0.166667"
"2014609883","2598193574","0.291667"
"2598193574","2014609883","0.291667"
"2014609883","2982705228","0.166667"
"2982705228","2014609883","0.166667"
"2060537671","2598193574","2.95833"
"2598193574","2060537671","2.95833"
"2474516640","2598193574","0.366667"
"2598193574","2474516640","0.366667"
"2598193574","2982705228","2.86667"
"2982705228","2598193574","2.86667"
"1549577837","2734812495","0.125"
"2734812495","1549577837","0.125"
"1549577837","2735392951","0.125"
"2735392951","1549577837","0.125"
"1958068621","2598193574","0.125"
"2598193574","1958068621","0.125"
"1982887803","2734812495","0.458333"
"2734812495","1982887803","0.458333"
"2014609883","2734812495","0.125"
"2734812495","2014609883","0.125"
"2014609883","2735392951","0.325"
"2735392951","2014609883","0.325"
"2050379150","2598193574","0.125"
"2598193574","2050379150","0.125"
"2598193574","2734812495","0.791667"
"2734812495","2598193574","0.791667"
"2598193574","2735392951","4.075"
"2735392951","2598193574","4.075"
"1591413740","2064170821","3"
"2064170821","1591413740","3"
"1643398921","2017317320","0.2"
"2017317320","1643398921","0.2"
"1643398921","2735392951","0.65"
"2735392951","1643398921","0.65"
"2014609883","2017317320","0.2"
"2017317320","2014609883","0.2"
"2017317320","2050379150","0.2"
"2050379150","2017317320","0.2"
"2017317320","2735392951","0.2"
"2735392951","2017317320","0.2"
"2017317320","2951313522","0.2"
"2951313522","2017317320","0.2"
"2735392951","2951313522","0.65"
"2951313522","2735392951","0.65"
"1643398921","2320204756","1.2"
"2320204756","1643398921","1.2"
"1643398921","2063076757","0.166667"
"2063076757","1643398921","0.166667"
"1643398921","2068133666","0.166667"
"2068133666","1643398921","0.166667"
"1643398921","2474516640","0.166667"
"2474516640","1643398921","0.166667"
"1643398921","2563758005","0.166667"
"2563758005","1643398921","0.166667"
"1958068621","2063076757","0.5"
"2063076757","1958068621","0.5"
"1958068621","2563758005","0.166667"
"2563758005","1958068621","0.166667"
"2063076757","2068133666","0.5"
"2068133666","2063076757","0.5"
"2063076757","2474516640","0.166667"
"2474516640","2063076757","0.166667"
"2063076757","2563758005","0.166667"
"2563758005","2063076757","0.166667"
"2063076757","2951313522","0.166667"
"2951313522","2063076757","0.166667"
"2068133666","2563758005","0.166667"
"2563758005","2068133666","0.166667"
"2068133666","2951313522","0.166667"
"2951313522","2068133666","0.166667"
"2474516640","2951313522","0.166667"
"2951313522","2474516640","0.166667"
"2563758005","2951313522","0.166667"
"2951313522","2563758005","0.166667"
"1643398921","2129141174","0.45"
"2129141174","1643398921","0.45"
"1643398921","2188998365","0.25"
"2188998365","1643398921","0.25"
"1643398921","2952823586","0.45"
"2952823586","1643398921","0.45"
"2129141174","2188998365","0.25"
"2188998365","2129141174","0.25"
"2129141174","2951313522","0.45"
"2951313522","2129141174","0.45"
"2188998365","2951313522","0.25"
"2951313522","2188998365","0.25"
"2188998365","2952823586","0.25"
"2952823586","2188998365","0.25"
"2951313522","2952823586","0.45"
"2952823586","2951313522","0.45"
"1643398921","2295321789","0.2"
"2295321789","1643398921","0.2"
"2129141174","2320204756","0.366667"
"2320204756","2129141174","0.366667"
"2295321789","2320204756","0.366667"
"2320204756","2295321789","0.366667"
"2295321789","2951313522","0.2"
"2951313522","2295321789","0.2"
"2320204756","2951313522","0.2"
"2951313522","2320204756","0.2"
"2320204756","2952823586","0.2"
"2952823586","2320204756","0.2"
"1643398921","2185242875","0.25"
"2185242875","1643398921","0.25"
"1643398921","2520445601","0.45"
"2520445601","1643398921","0.45"
"2050379150","2520445601","0.25"
"2520445601","2050379150","0.25"
"2185242875","2520445601","0.25"
"2520445601","2185242875","0.25"
"2185242875","2951313522","0.25"
"2951313522","2185242875","0.25"
"2520445601","2951313522","0.45"
"2951313522","2520445601","0.45"
"1643398921","2559735449","0.2"
"2559735449","1643398921","0.2"
"1643398921","2982705228","0.2"
"2982705228","1643398921","0.2"
"2520445601","2559735449","0.7"
"2559735449","2520445601","0.7"
"2520445601","2735392951","0.7"
"2735392951","2520445601","0.7"
"2520445601","2982705228","0.2"
"2982705228","2520445601","0.2"
"2559735449","2951313522","0.2"
"2951313522","2559735449","0.2"
"2951313522","2982705228","0.2"
"2982705228","2951313522","0.2"
"1643398921","2060537671","0.25"
"2060537671","1643398921","0.25"
"2060537671","2951313522","0.25"
"2951313522","2060537671","0.25"
"1661167618","2030216533","0.333333"
"2030216533","1661167618","0.333333"
"1661167618","2060537671","0.333333"
"2060537671","1661167618","0.333333"
"1661167618","2394818127","0.333333"
"2394818127","1661167618","0.333333"
"2030216533","2394818127","0.533333"
"2394818127","2030216533","0.533333"
"2060537671","2394818127","1.28333"
"2394818127","2060537671","1.28333"
"1661167618","2953199973","1"
"2953199973","1661167618","1"
"1661167618","2129141174","0.166667"
"2129141174","1661167618","0.166667"
"1661167618","2295321789","0.166667"
"2295321789","1661167618","0.166667"
"1661167618","2342053737","0.166667"
"2342053737","1661167618","0.166667"
"1661167618","2563758005","0.166667"
"2563758005","1661167618","0.166667"
"1661167618","2742861952","0.166667"
"2742861952","1661167618","0.166667"
"1661167618","2952823586","0.166667"
"2952823586","1661167618","0.166667"
"2129141174","2563758005","0.166667"
"2563758005","2129141174","0.166667"
"2129141174","2742861952","0.166667"
"2742861952","2129141174","0.166667"
"2295321789","2563758005","0.166667"
"2563758005","2295321789","0.166667"
"2295321789","2742861952","0.166667"
"2742861952","2295321789","0.166667"
"2342053737","2742861952","0.166667"
"2742861952","2342053737","0.166667"
"2563758005","2742861952","0.166667"
"2742861952","2563758005","0.166667"
"2563758005","2952823586","0.166667"
"2952823586","2563758005","0.166667"
"2742861952","2952823586","0.166667"
"2952823586","2742861952","0.166667"
"1918162579","2528878094","3.25"
"2528878094","1918162579","3.25"
"2528878094","3023115945","2.25"
"3023115945","2528878094","2.25"
"1918162579","2018484190","0.333333"
"2018484190","1918162579","0.333333"
"1918162579","2045155342","0.333333"
"2045155342","1918162579","0.333333"
"2018484190","2045155342","0.583333"
"2045155342","2018484190","0.583333"
"2018484190","3023115945","0.833333"
"3023115945","2018484190","0.833333"
"2045155342","3023115945","0.333333"
"3023115945","2045155342","0.333333"
"1918162579","2041545988","1"
"2041545988","1918162579","1"
"1970147427","2528878094","1.25"
"2528878094","1970147427","1.25"
"2528878094","2592003446","0.25"
"2592003446","2528878094","0.25"
"1926556181","2606882085","0.75"
"2606882085","1926556181","0.75"
"1926556181","2949073274","0.75"
"2949073274","1926556181","0.75"
"2606882085","2949073274","121.417"
"2949073274","2606882085","121.417"
"1926556181","2050409719","0.25"
"2050409719","1926556181","0.25"
"1926556181","2951172722","0.25"
"2951172722","1926556181","0.25"
"2050409719","2606882085","0.25"
"2606882085","2050409719","0.25"
"2050409719","2949073274","0.25"
"2949073274","2050409719","0.25"
"2050409719","2951172722","0.25"
"2951172722","2050409719","0.25"
"2606882085","2951172722","0.5"
"2951172722","2606882085","0.5"
"2949073274","2951172722","0.5"
"2951172722","2949073274","0.5"
"2014609883","2068133666","0.916667"
"2068133666","2014609883","0.916667"
"2050379150","2063076757","0.333333"
"2063076757","2050379150","0.333333"
"1964162761","2606882085","0.583333"
"2606882085","1964162761","0.583333"
"1964162761","2949073274","0.583333"
"2949073274","1964162761","0.583333"
"2035358916","2606882085","0.25"
"2606882085","2035358916","0.25"
"2035358916","2949073274","0.25"
"2949073274","2035358916","0.25"
"2045155342","2606882085","0.583333"
"2606882085","2045155342","0.583333"
"2045155342","2949073274","0.583333"
"2949073274","2045155342","0.583333"
"1964970915","2624307925","0.5"
"2624307925","1964970915","0.5"
"1964970915","2742861952","0.5"
"2742861952","1964970915","0.5"
"2624307925","2742861952","0.5"
"2742861952","2624307925","0.5"
"1964970915","2144925780","8.41667"
"2144925780","1964970915","8.41667"
"1964970915","2166999593","3"
"2166999593","1964970915","3"
"2144925780","2166999593","4.16667"
"2166999593","2144925780","4.16667"
"1964970915","2590413470","0.333333"
"2590413470","1964970915","0.333333"
"2144925780","2590413470","0.333333"
"2590413470","2144925780","0.333333"
"1964970915","2952627638","4"
"2952627638","1964970915","4"
"2144925780","2952627638","14"
"2952627638","2144925780","14"
"1964970915","2002101072","0.416667"
"2002101072","1964970915","0.416667"
"1964970915","2033230620","0.833333"
"2033230620","1964970915","0.833333"
"1964970915","2123777803","0.416667"
"2123777803","1964970915","0.416667"
"1964970915","2571907764","0.166667"
"2571907764","1964970915","0.166667"
"1964970915","2964768188","0.416667"
"2964768188","1964970915","0.416667"
"2002101072","2123777803","0.916667"
"2123777803","2002101072","0.916667"
"2002101072","2166999593","0.166667"
"2166999593","2002101072","0.166667"
"2002101072","2571907764","0.166667"
"2571907764","2002101072","0.166667"
"2002101072","2964768188","0.416667"
"2964768188","2002101072","0.416667"
"2033230620","2123777803","0.666667"
"2123777803","2033230620","0.666667"
"2033230620","2166999593","0.833333"
"2166999593","2033230620","0.833333"
"2033230620","2571907764","0.166667"
"2571907764","2033230620","0.166667"
"2033230620","2964768188","0.166667"
"2964768188","2033230620","0.166667"
"2123777803","2166999593","0.166667"
"2166999593","2123777803","0.166667"
"2123777803","2571907764","0.166667"
"2571907764","2123777803","0.166667"
"2123777803","2964768188","0.416667"
"2964768188","2123777803","0.416667"
"2166999593","2571907764","0.166667"
"2571907764","2166999593","0.166667"
"2166999593","2964768188","0.166667"
"2964768188","2166999593","0.166667"
"2571907764","2964768188","0.166667"
"2964768188","2571907764","0.166667"
"2002101072","2144925780","0.25"
"2144925780","2002101072","0.25"
"2123777803","2144925780","0.25"
"2144925780","2123777803","0.25"
"2144925780","2964768188","0.25"
"2964768188","2144925780","0.25"
"1964970915","2050409719","0.666667"
"2050409719","1964970915","0.666667"
"1964970915","2096482867","0.333333"
"2096482867","1964970915","0.333333"
"2033230620","2144925780","0.333333"
"2144925780","2033230620","0.333333"
"1969009281","2023967801","0.833333"
"2023967801","1969009281","0.833333"
"1969009281","2624307925","0.5"
"2624307925","1969009281","0.5"
"2023967801","2624307925","0.5"
"2624307925","2023967801","0.5"
"1969009281","2002101072","2.83333"
"2002101072","1969009281","2.83333"
"1969009281","2033230620","2.83333"
