"126178194","2014707660","5.29167"
"2014707660","126178194","5.29167"
"126178194","2036169870","2.41667"
"2036169870","126178194","2.41667"
"2014707660","2036169870","11.7944"
"2036169870","2014707660","11.7944"
"126178194","2709970832","2"
"2709970832","126178194","2"
"126178194","2131177460","1"
"2131177460","126178194","1"
"126178194","1818025264","1"
"1818025264","126178194","1"
"126178194","1984971831","0.291667"
"1984971831","126178194","0.291667"
"126178194","2093355488","1.29167"
"2093355488","126178194","1.29167"
"126178194","2114434656","0.458333"
"2114434656","126178194","0.458333"
"126178194","2623856551","0.458333"
"2623856551","126178194","0.458333"
"126178194","2763243434","0.166667"
"2763243434","126178194","0.166667"
"126178194","2808821401","0.166667"
"2808821401","126178194","0.166667"
"1984971831","2093355488","1.1496"
"2093355488","1984971831","1.1496"
"1984971831","2114434656","17.8163"
"2114434656","1984971831","17.8163"
"1984971831","2623856551","0.771825"
"2623856551","1984971831","0.771825"
"1984971831","2763243434","0.166667"
"2763243434","1984971831","0.166667"
"1984971831","2808821401","0.166667"
"2808821401","1984971831","0.166667"
"2093355488","2114434656","1.1496"
"2114434656","2093355488","1.1496"
"2093355488","2623856551","0.688492"
"2623856551","2093355488","0.688492"
"2093355488","2763243434","0.166667"
"2763243434","2093355488","0.166667"
"2093355488","2808821401","0.166667"
"2808821401","2093355488","0.166667"
"2114434656","2623856551","0.938492"
"2623856551","2114434656","0.938492"
"2114434656","2763243434","0.166667"
"2763243434","2114434656","0.166667"
"2114434656","2808821401","0.166667"
"2808821401","2114434656","0.166667"
"2623856551","2763243434","0.833333"
"2763243434","2623856551","0.833333"
"2623856551","2808821401","0.166667"
"2808821401","2623856551","0.166667"
"2763243434","2808821401","26.1667"
"2808821401","2763243434","26.1667"
"126178194","1777507148","0.375"
"1777507148","126178194","0.375"
"126178194","2005991198","0.125"
"2005991198","126178194","0.125"
"126178194","2090714657","0.125"
"2090714657","126178194","0.125"
"1777507148","1984971831","0.419444"
"1984971831","1777507148","0.419444"
"1777507148","2005991198","0.419444"
"2005991198","1777507148","0.419444"
"1777507148","2014707660","0.419444"
"2014707660","1777507148","0.419444"
"1777507148","2090714657","0.308333"
"2090714657","1777507148","0.308333"
"1777507148","2093355488","0.336111"
"2093355488","1777507148","0.336111"
"1777507148","2114434656","0.419444"
"2114434656","1777507148","0.419444"
"1777507148","2623856551","0.208333"
"2623856551","1777507148","0.208333"
"1984971831","2005991198","0.419444"
"2005991198","1984971831","0.419444"
"1984971831","2014707660","0.419444"
"2014707660","1984971831","0.419444"
"1984971831","2090714657","1.39167"
"2090714657","1984971831","1.39167"
"2005991198","2014707660","2.25278"
"2014707660","2005991198","2.25278"
"2005991198","2090714657","0.308333"
"2090714657","2005991198","0.308333"
"2005991198","2093355488","0.669444"
"2093355488","2005991198","0.669444"
"2005991198","2114434656","0.419444"
"2114434656","2005991198","0.419444"
"2005991198","2623856551","0.208333"
"2623856551","2005991198","0.208333"
"2014707660","2090714657","0.308333"
"2090714657","2014707660","0.308333"
"2014707660","2093355488","0.669444"
"2093355488","2014707660","0.669444"
"2014707660","2114434656","0.586111"
"2114434656","2014707660","0.586111"
"2014707660","2623856551","0.708333"
"2623856551","2014707660","0.708333"
"2090714657","2093355488","0.225"
"2093355488","2090714657","0.225"
"2090714657","2114434656","2.39167"
"2114434656","2090714657","2.39167"
"2090714657","2623856551","1.20833"
"2623856551","2090714657","1.20833"
"126178194","1578782784","0.166667"
"1578782784","126178194","0.166667"
"126178194","2953251011","0.166667"
"2953251011","126178194","0.166667"
"1578782784","2014707660","0.25"
"2014707660","1578782784","0.25"
"1578782784","2036169870","0.25"
"2036169870","1578782784","0.25"
"1578782784","2114434656","0.535714"
"2114434656","1578782784","0.535714"
"1578782784","2623856551","19.7857"
"2623856551","1578782784","19.7857"
"1578782784","2953251011","0.309524"
"2953251011","1578782784","0.309524"
"2014707660","2953251011","0.166667"
"2953251011","2014707660","0.166667"
"2036169870","2114434656","1.07222"
"2114434656","2036169870","1.07222"
"2036169870","2623856551","0.694444"
"2623856551","2036169870","0.694444"
"2036169870","2953251011","0.777778"
"2953251011","2036169870","0.777778"
"2114434656","2953251011","11.004"
"2953251011","2114434656","11.004"
"2623856551","2953251011","0.420635"
"2953251011","2623856551","0.420635"
"126178194","1599667215","0.25"
"1599667215","126178194","0.25"
"126178194","245438857","0.25"
"245438857","126178194","0.25"
"1599667215","1777507148","0.444444"
"1777507148","1599667215","0.444444"
"1599667215","2036169870","0.888889"
"2036169870","1599667215","0.888889"
"1599667215","245438857","7.5"
"245438857","1599667215","7.5"
"1777507148","2036169870","1.54444"
"2036169870","1777507148","1.54444"
"1777507148","245438857","0.25"
"245438857","1777507148","0.25"
"2036169870","245438857","0.25"
"245438857","2036169870","0.25"
"1505920559","1978628828","5"
"1978628828","1505920559","5"
"1505920559","2038790378","2"
"2038790378","1505920559","2"
"1978628828","2038790378","5"
"2038790378","1978628828","5"
"1516341874","2116797673","1.5"
"2116797673","1516341874","1.5"
"1516341874","2158440243","1.5"
"2158440243","1516341874","1.5"
"2116797673","2158440243","7.5"
"2158440243","2116797673","7.5"
"1559324025","1578782784","0.25"
"1578782784","1559324025","0.25"
"1559324025","2508120068","2.83333"
"2508120068","1559324025","2.83333"
"1559324025","2623856551","0.25"
"2623856551","1559324025","0.25"
"1559324025","2899022198","1.33333"
"2899022198","1559324025","1.33333"
"1578782784","2508120068","0.25"
"2508120068","1578782784","0.25"
"1578782784","2899022198","0.75"
"2899022198","1578782784","0.75"
"2508120068","2623856551","2.08333"
"2623856551","2508120068","2.08333"
"2508120068","2899022198","14.2667"
"2899022198","2508120068","14.2667"
"2623856551","2899022198","2.58333"
"2899022198","2623856551","2.58333"
"1559324025","1776432816","0.333333"
"1776432816","1559324025","0.333333"
"1776432816","2508120068","0.333333"
"2508120068","1776432816","0.333333"
"1776432816","2899022198","0.333333"
"2899022198","1776432816","0.333333"
"1559324025","1599667215","0.75"
"1599667215","1559324025","0.75"
"1559324025","245438857","0.75"
"245438857","1559324025","0.75"
"1599667215","2508120068","2.91667"
"2508120068","1599667215","2.91667"
"1599667215","2899022198","3.91667"
"2899022198","1599667215","3.91667"
"245438857","2508120068","0.25"
"2508120068","245438857","0.25"
"245438857","2899022198","0.25"
"2899022198","245438857","0.25"
"1559324025","2607683755","0.5"
"2607683755","1559324025","0.5"
"2508120068","2607683755","0.5"
"2607683755","2508120068","0.5"
"1578782784","1984971831","0.369048"
"1984971831","1578782784","0.369048"
"1578782784","2048862659","0.285714"
"2048862659","1578782784","0.285714"
"1578782784","2093355488","0.285714"
"2093355488","1578782784","0.285714"
"1578782784","2131177460","0.369048"
"2131177460","1578782784","0.369048"
"1984971831","2048862659","0.857937"
"2048862659","1984971831","0.857937"
"1984971831","2131177460","0.59127"
"2131177460","1984971831","0.59127"
"1984971831","2953251011","5.5873"
"2953251011","1984971831","5.5873"
"2048862659","2093355488","10.6913"
"2093355488","2048862659","10.6913"
"2048862659","2114434656","0.857937"
"2114434656","2048862659","0.857937"
"2048862659","2131177460","2.50794"
"2131177460","2048862659","2.50794"
"2048862659","2623856551","0.396825"
"2623856551","2048862659","0.396825"
"2048862659","2953251011","0.503968"
"2953251011","2048862659","0.503968"
"2093355488","2131177460","1.50794"
"2131177460","2093355488","1.50794"
"2093355488","2953251011","0.503968"
"2953251011","2093355488","0.503968"
"2114434656","2131177460","0.59127"
"2131177460","2114434656","0.59127"
"2131177460","2623856551","0.480159"
"2623856551","2131177460","0.480159"
"2131177460","2953251011","0.253968"
"2953251011","2131177460","0.253968"
"1578782784","1599667215","1.58333"
"1599667215","1578782784","1.58333"
"1578782784","245438857","1"
"245438857","1578782784","1"
"1599667215","2623856551","5.69444"
"2623856551","1599667215","5.69444"
"245438857","2623856551","1.5"
"2623856551","245438857","1.5"
"1578782784","1777507148","0.0833333"
"1777507148","1578782784","0.0833333"
"1578782784","1978628828","0.0833333"
"1978628828","1578782784","0.0833333"
"1578782784","2005991198","0.0833333"
"2005991198","1578782784","0.0833333"
"1578782784","2090714657","0.0833333"
"2090714657","1578782784","0.0833333"
"1578782784","2283106488","0.0833333"
"2283106488","1578782784","0.0833333"
"1599667215","1978628828","0.333333"
"1978628828","1599667215","0.333333"
"1599667215","1984971831","0.305556"
"1984971831","1599667215","0.305556"
"1599667215","2005991198","0.194444"
"2005991198","1599667215","0.194444"
"1599667215","2014707660","0.527778"
"2014707660","1599667215","0.527778"
"1599667215","2090714657","0.0833333"
"2090714657","1599667215","0.0833333"
"1599667215","2114434656","0.305556"
"2114434656","1599667215","0.305556"
"1599667215","2131177460","0.305556"
"2131177460","1599667215","0.305556"
"1599667215","2283106488","0.0833333"
"2283106488","1599667215","0.0833333"
"1777507148","1978628828","0.0833333"
"1978628828","1777507148","0.0833333"
"1777507148","2131177460","0.194444"
"2131177460","1777507148","0.194444"
"1777507148","2283106488","0.0833333"
"2283106488","1777507148","0.0833333"
"1978628828","1984971831","0.0833333"
"1984971831","1978628828","0.0833333"
"1978628828","2005991198","0.0833333"
"2005991198","1978628828","0.0833333"
"1978628828","2014707660","0.0833333"
"2014707660","1978628828","0.0833333"
"1978628828","2036169870","0.0833333"
"2036169870","1978628828","0.0833333"
"1978628828","2090714657","0.0833333"
"2090714657","1978628828","0.0833333"
"1978628828","2114434656","0.0833333"
"2114434656","1978628828","0.0833333"
"1978628828","2131177460","0.0833333"
"2131177460","1978628828","0.0833333"
"1978628828","2283106488","0.0833333"
"2283106488","1978628828","0.0833333"
"1978628828","2623856551","0.333333"
"2623856551","1978628828","0.333333"
"1984971831","2036169870","0.655556"
"2036169870","1984971831","0.655556"
"1984971831","2283106488","0.583333"
"2283106488","1984971831","0.583333"
"2005991198","2036169870","0.294444"
"2036169870","2005991198","0.294444"
"2005991198","2131177460","0.194444"
"2131177460","2005991198","0.194444"
"2005991198","2283106488","0.0833333"
"2283106488","2005991198","0.0833333"
"2014707660","2131177460","0.694444"
"2131177460","2014707660","0.694444"
"2014707660","2283106488","0.0833333"
"2283106488","2014707660","0.0833333"
"2036169870","2090714657","0.433333"
"2090714657","2036169870","0.433333"
"2036169870","2131177460","0.805556"
"2131177460","2036169870","0.805556"
"2036169870","2283106488","0.0833333"
"2283106488","2036169870","0.0833333"
"2090714657","2131177460","0.0833333"
"2131177460","2090714657","0.0833333"
"2090714657","2283106488","0.0833333"
"2283106488","2090714657","0.0833333"
"2114434656","2283106488","0.583333"
"2283106488","2114434656","0.583333"
"2131177460","2283106488","0.0833333"
"2283106488","2131177460","0.0833333"
"2283106488","2623856551","0.0833333"
"2623856551","2283106488","0.0833333"
"1578782784","2024988921","0.142857"
"2024988921","1578782784","0.142857"
"1984971831","2024988921","0.253968"
"2024988921","1984971831","0.253968"
"2024988921","2048862659","0.253968"
"2048862659","2024988921","0.253968"
"2024988921","2093355488","0.253968"
"2093355488","2024988921","0.253968"
"2024988921","2114434656","0.253968"
"2114434656","2024988921","0.253968"
"2024988921","2131177460","0.253968"
"2131177460","2024988921","0.253968"
"2024988921","2623856551","0.503968"
"2623856551","2024988921","0.503968"
"1599667215","2048862659","0.722222"
"2048862659","1599667215","0.722222"
"1599667215","2093355488","0.722222"
"2093355488","1599667215","0.722222"
"1978628828","2508120068","0.75"
"2508120068","1978628828","0.75"
"1978628828","2899022198","0.75"
"2899022198","1978628828","0.75"
"1777507148","2048862659","0.211111"
"2048862659","1777507148","0.211111"
"2005991198","2048862659","0.544444"
"2048862659","2005991198","0.544444"
"2014707660","2048862659","0.544444"
"2048862659","2014707660","0.544444"
"2036169870","2048862659","0.322222"
"2048862659","2036169870","0.322222"
"2036169870","2093355488","0.322222"
"2093355488","2036169870","0.322222"
"1599667215","2024988921","0.361111"
"2024988921","1599667215","0.361111"
"2024988921","2508120068","0.25"
"2508120068","2024988921","0.25"
"2024988921","2899022198","0.25"
"2899022198","2024988921","0.25"
"1599667215","2953251011","0.111111"
"2953251011","1599667215","0.111111"
"2024988921","2036169870","0.111111"
"2036169870","2024988921","0.111111"
"2024988921","2953251011","0.111111"
"2953251011","2024988921","0.111111"
"1776432816","2532585811","6"
"2532585811","1776432816","6"
"1777507148","1818025264","26"
"1818025264","1777507148","26"
"1777507148","2508120068","0.1"
"2508120068","1777507148","0.1"
"1777507148","2899022198","0.1"
"2899022198","1777507148","0.1"
"1984971831","2508120068","0.6"
"2508120068","1984971831","0.6"
"1984971831","2899022198","0.1"
"2899022198","1984971831","0.1"
"2005991198","2508120068","0.1"
"2508120068","2005991198","0.1"
"2005991198","2899022198","0.1"
"2899022198","2005991198","0.1"
"2014707660","2508120068","0.1"
"2508120068","2014707660","0.1"
"2014707660","2899022198","0.1"
"2899022198","2014707660","0.1"
"2036169870","2508120068","0.1"
"2508120068","2036169870","0.1"
"2036169870","2899022198","0.1"
"2899022198","2036169870","0.1"
"2048862659","2090714657","0.1"
"2090714657","2048862659","0.1"
"2048862659","2508120068","0.1"
"2508120068","2048862659","0.1"
"2048862659","2899022198","0.1"
"2899022198","2048862659","0.1"
"2090714657","2508120068","0.1"
"2508120068","2090714657","0.1"
"2090714657","2899022198","0.1"
"2899022198","2090714657","0.1"
"2093355488","2508120068","0.1"
"2508120068","2093355488","0.1"
"2093355488","2899022198","0.1"
"2899022198","2093355488","0.1"
"2114434656","2508120068","0.6"
"2508120068","2114434656","0.6"
"2114434656","2899022198","0.1"
"2899022198","2114434656","0.1"
"1818025264","2014707660","0.5"
"2014707660","1818025264","0.5"
"1818025264","2036169870","0.5"
"2036169870","1818025264","0.5"
"2090714657","2953251011","1.58333"
"2953251011","2090714657","1.58333"
"2005991198","2607683755","1"
"2607683755","2005991198","1"
"2005991198","2709970832","0.5"
"2709970832","2005991198","0.5"
"2014707660","2709970832","0.5"
"2709970832","2014707660","0.5"
"2024988921","2607683755","1"
"2607683755","2024988921","1"
"2036169870","2149337567","0.25"
"2149337567","2036169870","0.25"
"2036169870","2532585811","0.25"
"2532585811","2036169870","0.25"
"2114434656","2149337567","0.25"
"2149337567","2114434656","0.25"
"2114434656","2532585811","0.25"
"2532585811","2114434656","0.25"
"2149337567","2532585811","0.25"
"2532585811","2149337567","0.25"
"2149337567","2953251011","0.25"
"2953251011","2149337567","0.25"
"2532585811","2953251011","0.25"
"2953251011","2532585811","0.25"
"2048862659","2782747886","1"
"2782747886","2048862659","1"
"2093355488","2782747886","1"
"2782747886","2093355488","1"
"2114434656","2520408224","1"
"2520408224","2114434656","1"
"2131177460","2607683755","0.333333"
"2607683755","2131177460","0.333333"
"2131177460","2709970832","0.333333"
"2709970832","2131177460","0.333333"
"2131177460","2964211797","0.333333"
"2964211797","2131177460","0.333333"
"2607683755","2709970832","4"
"2709970832","2607683755","4"
"2607683755","2964211797","13.3333"
"2964211797","2607683755","13.3333"
"2709970832","2964211797","3"
"2964211797","2709970832","3"
"2508120068","2763243434","1.16667"
"2763243434","2508120068","1.16667"
"2763243434","2899022198","0.666667"
"2899022198","2763243434","0.666667"
"2508120068","2532585811","1"
"2532585811","2508120068","1"
"2508120068","2808821401","0.5"
"2808821401","2508120068","0.5"
"2607683755","2763243434","1.33333"
"2763243434","2607683755","1.33333"
"2607683755","2808821401","1.33333"
"2808821401","2607683755","1.33333"
"2607683755","2898564584","2.33333"
"2898564584","2607683755","2.33333"
"2709970832","2898564584","0.666667"
"2898564584","2709970832","0.666667"
"2898564584","2964211797","2.5"
"2964211797","2898564584","2.5"
"2763243434","2898564584","0.333333"
"2898564584","2763243434","0.333333"
"2763243434","2964211797","1.33333"
"2964211797","2763243434","1.33333"
"2607683755","2990127937","0.333333"
"2990127937","2607683755","0.333333"
"2808821401","2898564584","0.333333"
"2898564584","2808821401","0.333333"
"2808821401","2990127937","0.833333"
"2990127937","2808821401","0.833333"
"2898564584","2990127937","0.333333"
"2990127937","2898564584","0.333333"
"2763243434","2990127937","0.5"
"2990127937","2763243434","0.5"
"2808821401","2964211797","1"
"2964211797","2808821401","1"
"2772024149","2898564584","16.5"
"2898564584","2772024149","16.5"
"2772024149","2964211797","0.5"
"2964211797","2772024149","0.5"
