"136713592","1972976939","3"
"1972976939","136713592","3"
"1502268134","1589122423","8.71944"
"1589122423","1502268134","8.71944"
"1502268134","2139022689","1.77778"
"2139022689","1502268134","1.77778"
"1502268134","2010318438","0.944444"
"2010318438","1502268134","0.944444"
"1502268134","2072738703","0.5"
"2072738703","1502268134","0.5"
"2010318438","2072738703","0.833333"
"2072738703","2010318438","0.833333"
"1502268134","2008133154","1.29722"
"2008133154","1502268134","1.29722"
"1589122423","2008133154","1.63611"
"2008133154","1589122423","1.63611"
"1502268134","1599479040","1.77778"
"1599479040","1502268134","1.77778"
"1599479040","2010318438","0.444444"
"2010318438","1599479040","0.444444"
"1599479040","2139022689","1.27778"
"2139022689","1599479040","1.27778"
"2010318438","2139022689","0.777778"
"2139022689","2010318438","0.777778"
"1502268134","1509966097","0.797222"
"1509966097","1502268134","0.797222"
"1502268134","1922669162","1.20556"
"1922669162","1502268134","1.20556"
"1502268134","2059114507","0.45"
"2059114507","1502268134","0.45"
"1509966097","1589122423","1.13611"
"1589122423","1509966097","1.13611"
"1509966097","1922669162","4.00556"
"1922669162","1509966097","4.00556"
"1509966097","2008133154","20.8306"
"2008133154","1509966097","20.8306"
"1509966097","2059114507","0.783333"
"2059114507","1509966097","0.783333"
"1589122423","1922669162","4.17778"
"1922669162","1589122423","4.17778"
"1589122423","2059114507","1.7"
"2059114507","1589122423","1.7"
"1922669162","2008133154","4.00556"
"2008133154","1922669162","4.00556"
"1922669162","2059114507","2.78333"
"2059114507","1922669162","2.78333"
"2008133154","2059114507","0.783333"
"2059114507","2008133154","0.783333"
"1502268134","2023930035","0.486111"
"2023930035","1502268134","0.486111"
"1502268134","2079618675","0.111111"
"2079618675","1502268134","0.111111"
"1502268134","2098890028","0.111111"
"2098890028","1502268134","0.111111"
"1502268134","30366967","0.486111"
"30366967","1502268134","0.486111"
"1502268134","84865588","1.68611"
"84865588","1502268134","1.68611"
"1509966097","2023930035","0.736111"
"2023930035","1509966097","0.736111"
"1509966097","2079618675","0.311111"
"2079618675","1509966097","0.311111"
"1509966097","2098890028","0.111111"
"2098890028","1509966097","0.111111"
"1509966097","30366967","0.736111"
"30366967","1509966097","0.736111"
"1509966097","84865588","0.436111"
"84865588","1509966097","0.436111"
"1589122423","2023930035","3.72897"
"2023930035","1589122423","3.72897"
"1589122423","2079618675","1.45397"
"2079618675","1589122423","1.45397"
"1589122423","2098890028","0.111111"
"2098890028","1589122423","0.111111"
"1589122423","30366967","2.72897"
"30366967","1589122423","2.72897"
"1589122423","84865588","9.92897"
"84865588","1589122423","9.92897"
"1922669162","2023930035","0.111111"
"2023930035","1922669162","0.111111"
"1922669162","2079618675","0.111111"
"2079618675","1922669162","0.111111"
"1922669162","2098890028","0.111111"
"2098890028","1922669162","0.111111"
"1922669162","30366967","0.111111"
"30366967","1922669162","0.111111"
"1922669162","84865588","0.311111"
"84865588","1922669162","0.311111"
"2008133154","2023930035","0.236111"
"2023930035","2008133154","0.236111"
"2008133154","2079618675","0.311111"
"2079618675","2008133154","0.311111"
"2008133154","2098890028","0.111111"
"2098890028","2008133154","0.111111"
"2008133154","30366967","0.236111"
"30366967","2008133154","0.236111"
"2008133154","84865588","0.436111"
"84865588","2008133154","0.436111"
"2023930035","2079618675","1.00397"
"2079618675","2023930035","1.00397"
"2023930035","2098890028","0.111111"
"2098890028","2023930035","0.111111"
"2023930035","30366967","14.0623"
"30366967","2023930035","14.0623"
"2023930035","84865588","2.1123"
"84865588","2023930035","2.1123"
"2079618675","2098890028","0.111111"
"2098890028","2079618675","0.111111"
"2079618675","30366967","0.503968"
"30366967","2079618675","0.503968"
"2079618675","84865588","0.953968"
"84865588","2079618675","0.953968"
"2098890028","30366967","0.111111"
"30366967","2098890028","0.111111"
"2098890028","84865588","0.111111"
"84865588","2098890028","0.111111"
"30366967","84865588","2.1123"
"84865588","30366967","2.1123"
"1502268134","1924517333","0.325"
"1924517333","1502268134","0.325"
"1502268134","2162983184","0.2"
"2162983184","1502268134","0.2"
"1589122423","1924517333","4.20119"
"1924517333","1589122423","4.20119"
"1589122423","2162983184","7.43333"
"2162983184","1589122423","7.43333"
"1922669162","1924517333","0.533333"
"1924517333","1922669162","0.533333"
"1922669162","2162983184","0.533333"
"2162983184","1922669162","0.533333"
"1924517333","2162983184","4.23333"
"2162983184","1924517333","4.23333"
"1924517333","84865588","1.16786"
"84865588","1924517333","1.16786"
"2162983184","84865588","3.65"
"84865588","2162983184","3.65"
"1502268134","2150622918","0.444444"
"2150622918","1502268134","0.444444"
"1599479040","2150622918","0.944444"
"2150622918","1599479040","0.944444"
"2139022689","2150622918","2.44444"
"2150622918","2139022689","2.44444"
"1502268134","2033646936","0.333333"
"2033646936","1502268134","0.333333"
"1589122423","2033646936","2.83333"
"2033646936","1589122423","2.83333"
"1922669162","2033646936","0.333333"
"2033646936","1922669162","0.333333"
"1502268134","251447984","0.125"
"251447984","1502268134","0.125"
"1509966097","1924517333","0.125"
"1924517333","1509966097","0.125"
"1509966097","251447984","0.125"
"251447984","1509966097","0.125"
"1589122423","251447984","1.36786"
"251447984","1589122423","1.36786"
"1924517333","2008133154","0.125"
"2008133154","1924517333","0.125"
"1924517333","2023930035","2.16786"
"2023930035","1924517333","2.16786"
"1924517333","251447984","1.16786"
"251447984","1924517333","1.16786"
"1924517333","30366967","1.16786"
"30366967","1924517333","1.16786"
"2008133154","251447984","0.125"
"251447984","2008133154","0.125"
"2023930035","251447984","6.20119"
"251447984","2023930035","6.20119"
"251447984","30366967","3.70119"
"30366967","251447984","3.70119"
"251447984","84865588","1.25119"
"84865588","251447984","1.25119"
"1502268134","1969028618","0.111111"
"1969028618","1502268134","0.111111"
"1502268134","2032354817","0.111111"
"2032354817","1502268134","0.111111"
"1509966097","1599479040","0.111111"
"1599479040","1509966097","0.111111"
"1509966097","1969028618","0.111111"
"1969028618","1509966097","0.111111"
"1509966097","2010318438","0.111111"
"2010318438","1509966097","0.111111"
"1509966097","2032354817","0.111111"
"2032354817","1509966097","0.111111"
"1509966097","2139022689","1.11111"
"2139022689","1509966097","1.11111"
"1509966097","2150622918","0.111111"
"2150622918","1509966097","0.111111"
"1599479040","1922669162","0.111111"
"1922669162","1599479040","0.111111"
"1599479040","1969028618","0.111111"
"1969028618","1599479040","0.111111"
"1599479040","2008133154","0.111111"
"2008133154","1599479040","0.111111"
"1599479040","2032354817","0.111111"
"2032354817","1599479040","0.111111"
"1922669162","1969028618","0.111111"
"1969028618","1922669162","0.111111"
"1922669162","2010318438","0.111111"
"2010318438","1922669162","0.111111"
"1922669162","2032354817","0.111111"
"2032354817","1922669162","0.111111"
"1922669162","2139022689","0.111111"
"2139022689","1922669162","0.111111"
"1922669162","2150622918","4.11111"
"2150622918","1922669162","4.11111"
"1969028618","2008133154","0.111111"
"2008133154","1969028618","0.111111"
"1969028618","2010318438","3.44444"
"2010318438","1969028618","3.44444"
"1969028618","2032354817","0.111111"
"2032354817","1969028618","0.111111"
"1969028618","2139022689","0.444444"
"2139022689","1969028618","0.444444"
"1969028618","2150622918","0.111111"
"2150622918","1969028618","0.111111"
"2008133154","2010318438","0.111111"
"2010318438","2008133154","0.111111"
"2008133154","2032354817","0.111111"
"2032354817","2008133154","0.111111"
"2008133154","2139022689","0.111111"
"2139022689","2008133154","0.111111"
"2008133154","2150622918","0.111111"
"2150622918","2008133154","0.111111"
"2010318438","2032354817","0.111111"
"2032354817","2010318438","0.111111"
"2010318438","2150622918","0.111111"
"2150622918","2010318438","0.111111"
"2032354817","2139022689","0.111111"
"2139022689","2032354817","0.111111"
"2032354817","2150622918","0.111111"
"2150622918","2032354817","0.111111"
"1509966097","2155326273","0.2"
"2155326273","1509966097","0.2"
"1589122423","2155326273","1.09286"
"2155326273","1589122423","1.09286"
"2008133154","2155326273","0.2"
"2155326273","2008133154","0.2"
"2079618675","2155326273","15.5929"
"2155326273","2079618675","15.5929"
"2155326273","84865588","0.592857"
"84865588","2155326273","0.592857"
"1589122423","2139022689","0.5"
"2139022689","1589122423","0.5"
"1589122423","2150622918","2"
"2150622918","1589122423","2"
"2023930035","2162983184","1.4"
"2162983184","2023930035","1.4"
"2162983184","251447984","0.65"
"251447984","2162983184","0.65"
"2162983184","30366967","0.9"
"30366967","2162983184","0.9"
"1589122423","1599479040","1"
"1599479040","1589122423","1"
"1924517333","2033646936","0.5"
"2033646936","1924517333","0.5"
"1924517333","2079618675","0.142857"
"2079618675","1924517333","0.142857"
"1924517333","2155326273","0.142857"
"2155326273","1924517333","0.142857"
"2023930035","2155326273","0.642857"
"2155326273","2023930035","0.642857"
"2079618675","251447984","0.142857"
"251447984","2079618675","0.142857"
"2155326273","251447984","0.142857"
"251447984","2155326273","0.142857"
"2155326273","30366967","0.142857"
"30366967","2155326273","0.142857"
"1589122423","2033594994","1"
"2033594994","1589122423","1"
"1589122423","2032354817","1"
"2032354817","1589122423","1"
"1589122423","2120299535","0.25"
"2120299535","1589122423","0.25"
"2079618675","2120299535","0.25"
"2120299535","2079618675","0.25"
"2120299535","2155326273","0.25"
"2155326273","2120299535","0.25"
"2120299535","84865588","0.25"
"84865588","2120299535","0.25"
"2059114507","2150622918","0.5"
"2150622918","2059114507","0.5"
"1969028618","2054662124","3"
"2054662124","1969028618","3"
"1969028618","2072738703","0.333333"
"2072738703","1969028618","0.333333"
"2072738703","2139022689","0.333333"
"2139022689","2072738703","0.333333"
