"1424213284","2036463966","1.65241"
"2036463966","1424213284","1.65241"
"1424213284","2058099999","0.735747"
"2058099999","1424213284","0.735747"
"1424213284","2120620789","4.45241"
"2120620789","1424213284","4.45241"
"1424213284","2700845503","2.53019"
"2700845503","1424213284","2.53019"
"2036463966","2058099999","0.81267"
"2058099999","2036463966","0.81267"
"2036463966","2120620789","4.90241"
"2120620789","2036463966","4.90241"
"2036463966","2700845503","0.56267"
"2700845503","2036463966","0.56267"
"2058099999","2120620789","0.735747"
"2120620789","2058099999","0.735747"
"2058099999","2700845503","0.56267"
"2700845503","2058099999","0.56267"
"2120620789","2700845503","2.66908"
"2700845503","2120620789","2.66908"
"1424213284","3022915921","1.79444"
"3022915921","1424213284","1.79444"
"1424213284","1835937145","1.88575"
"1835937145","1424213284","1.88575"
"1424213284","2016604944","0.97549"
"2016604944","1424213284","0.97549"
"1424213284","2162755110","1.54216"
"2162755110","1424213284","1.54216"
"1835937145","2016604944","5.83065"
"2016604944","1835937145","5.83065"
"1835937145","2036463966","3.43886"
"2036463966","1835937145","3.43886"
"1835937145","2162755110","2.93138"
"2162755110","1835937145","2.93138"
"2016604944","2036463966","1.11835"
"2036463966","2016604944","1.11835"
"2016604944","2162755110","3.85446"
"2162755110","2016604944","3.85446"
"2036463966","2162755110","2.65241"
"2162755110","2036463966","2.65241"
"1424213284","2116807588","0.583333"
"2116807588","1424213284","0.583333"
"1424213284","2154385894","0.753268"
"2154385894","1424213284","0.753268"
"1424213284","2171690178","0.916667"
"2171690178","1424213284","0.916667"
"2116807588","2154385894","0.326923"
"2154385894","2116807588","0.326923"
"2116807588","2171690178","14.9167"
"2171690178","2116807588","14.9167"
"2116807588","2700845503","1.16026"
"2700845503","2116807588","1.16026"
"2154385894","2171690178","0.583333"
"2171690178","2154385894","0.583333"
"2154385894","2700845503","1.08019"
"2700845503","2154385894","1.08019"
"2171690178","2700845503","1.41667"
"2700845503","2171690178","1.41667"
"1424213284","2133448626","1.6866"
"2133448626","1424213284","1.6866"
"1835937145","2133448626","2.10049"
"2133448626","1835937145","2.10049"
"1835937145","3022915921","1.39286"
"3022915921","1835937145","1.39286"
"2133448626","3022915921","1.77778"
"3022915921","2133448626","1.77778"
"1424213284","1824760040","0.816667"
"1824760040","1424213284","0.816667"
"1424213284","2155317744","0.780191"
"2155317744","1424213284","0.780191"
"1424213284","2165078378","0.302413"
"2165078378","1424213284","0.302413"
"1824760040","2036463966","0.659524"
"2036463966","1824760040","0.659524"
"1824760040","2120620789","2.31667"
"2120620789","1824760040","2.31667"
"1824760040","2155317744","1.00952"
"2155317744","1824760040","1.00952"
"1824760040","2162755110","0.566667"
"2162755110","1824760040","0.566667"
"1824760040","2165078378","2.33333"
"2165078378","1824760040","2.33333"
"2036463966","2155317744","1.45553"
"2155317744","2036463966","1.45553"
"2036463966","2165078378","2.21267"
"2165078378","2036463966","2.21267"
"2120620789","2155317744","1.4786"
"2155317744","2120620789","1.4786"
"2120620789","2162755110","1.54613"
"2162755110","2120620789","1.54613"
"2120620789","2165078378","0.556382"
"2165078378","2120620789","0.556382"
"2155317744","2162755110","1.43694"
"2162755110","2155317744","1.43694"
"2155317744","2165078378","0.855527"
"2165078378","2155317744","0.855527"
"2162755110","2165078378","2.01471"
"2165078378","2162755110","2.01471"
"1424213284","2019673585","0.546858"
"2019673585","1424213284","0.546858"
"1424213284","2145846275","1.6547"
"2145846275","1424213284","1.6547"
"1824760040","2019673585","1.3"
"2019673585","1824760040","1.3"
"1824760040","2145846275","0.942857"
"2145846275","1824760040","0.942857"
"2019673585","2120620789","2.26908"
"2120620789","2019673585","2.26908"
"2019673585","2145846275","1.97137"
"2145846275","2019673585","1.97137"
"2019673585","2162755110","0.442157"
"2162755110","2019673585","0.442157"
"2120620789","2145846275","1.37692"
"2145846275","2120620789","1.37692"
"2145846275","2162755110","1.05"
"2162755110","2145846275","1.05"
"1424213284","1497744324","0.613524"
"1497744324","1424213284","0.613524"
"1424213284","1570076947","0.169935"
"1570076947","1424213284","0.169935"
"1424213284","1616718256","0.135747"
"1616718256","1424213284","0.135747"
"1424213284","2010252434","0.235747"
"2010252434","1424213284","0.235747"
"1424213284","2106226772","0.235747"
"2106226772","1424213284","0.235747"
"1497744324","1570076947","0.371858"
"1570076947","1497744324","0.371858"
"1497744324","1616718256","0.546003"
"1616718256","1497744324","0.546003"
"1497744324","1835937145","1.62338"
"1835937145","1497744324","1.62338"
"1497744324","2010252434","0.771003"
"2010252434","1497744324","0.771003"
"1497744324","2016604944","1.1362"
"2016604944","1497744324","1.1362"
"1497744324","2019673585","0.846858"
"2019673585","1497744324","0.846858"
"1497744324","2036463966","0.955527"
"2036463966","1497744324","0.955527"
"1497744324","2058099999","0.479336"
"2058099999","1497744324","0.479336"
"1497744324","2106226772","0.455527"
"2106226772","1497744324","0.455527"
"1497744324","2120620789","0.811937"
"2120620789","1497744324","0.811937"
"1497744324","2133448626","0.894935"
"2133448626","1497744324","0.894935"
"1497744324","2154385894","0.371858"
"2154385894","1497744324","0.371858"
"1497744324","2155317744","7.10116"
"2155317744","1497744324","7.10116"
"1497744324","2162755110","1.27027"
"2162755110","1497744324","1.27027"
"1497744324","2165078378","0.68886"
"2165078378","1497744324","0.68886"
"1497744324","2700845503","0.523781"
"2700845503","1497744324","0.523781"
"1570076947","1616718256","1.23852"
"1616718256","1570076947","1.23852"
"1570076947","1835937145","0.455191"
"1835937145","1570076947","0.455191"
"1570076947","2010252434","1.36352"
"2010252434","1570076947","1.36352"
"1570076947","2016604944","0.711601"
"2016604944","1570076947","0.711601"
"1570076947","2019673585","0.586601"
"2019673585","1570076947","0.586601"
"1570076947","2036463966","0.46908"
"2036463966","1570076947","0.46908"
"1570076947","2058099999","0.59408"
"2058099999","1570076947","0.59408"
"1570076947","2106226772","1.40519"
"2106226772","1570076947","1.40519"
"1570076947","2120620789","0.169935"
"2120620789","1570076947","0.169935"
"1570076947","2133448626","0.878268"
"2133448626","1570076947","0.878268"
"1570076947","2154385894","23.9746"
"2154385894","1570076947","23.9746"
"1570076947","2155317744","0.371858"
"2155317744","1570076947","0.371858"
"1570076947","2162755110","0.830191"
"2162755110","1570076947","0.830191"
"1570076947","2165078378","1.48852"
"2165078378","1570076947","1.48852"
"1570076947","2700845503","0.830191"
"2700845503","1570076947","0.830191"
"1616718256","1835937145","0.573781"
"1835937145","1616718256","0.573781"
"1616718256","2010252434","13.8154"
"2010252434","1616718256","13.8154"
"1616718256","2016604944","0.419935"
"2016604944","1616718256","0.419935"
"1616718256","2019673585","0.385747"
"2019673585","1616718256","0.385747"
"1616718256","2036463966","0.21267"
"2036463966","1616718256","0.21267"
"1616718256","2058099999","0.504336"
"2058099999","1616718256","0.504336"
"1616718256","2106226772","0.648781"
"2106226772","1616718256","0.648781"
"1616718256","2120620789","0.246858"
"2120620789","1616718256","0.246858"
"1616718256","2133448626","0.142157"
"2133448626","1616718256","0.142157"
"1616718256","2154385894","1.23852"
"2154385894","1616718256","1.23852"
"1616718256","2155317744","0.546003"
"2155317744","1616718256","0.546003"
"1616718256","2162755110","0.705191"
"2162755110","1616718256","0.705191"
"1616718256","2165078378","5.73211"
"2165078378","1616718256","5.73211"
"1616718256","2700845503","0.796003"
"2700845503","1616718256","0.796003"
"1835937145","2010252434","0.698781"
"2010252434","1835937145","0.698781"
"1835937145","2019673585","0.21908"
"2019673585","1835937145","0.21908"
"1835937145","2058099999","1.71267"
"2058099999","1835937145","1.71267"
"1835937145","2106226772","1.71664"
"2106226772","1835937145","1.71664"
"1835937145","2120620789","2.05638"
"2120620789","1835937145","2.05638"
"1835937145","2154385894","0.455191"
"2154385894","1835937145","0.455191"
"1835937145","2155317744","2.12338"
"2155317744","1835937145","2.12338"
"1835937145","2165078378","0.966638"
"2165078378","1835937145","0.966638"
"1835937145","2700845503","1.796"
"2700845503","1835937145","1.796"
"2010252434","2016604944","0.544935"
"2016604944","2010252434","0.544935"
"2010252434","2019673585","0.385747"
"2019673585","2010252434","0.385747"
"2010252434","2036463966","0.21267"
"2036463966","2010252434","0.21267"
"2010252434","2058099999","0.504336"
"2058099999","2010252434","0.504336"
"2010252434","2106226772","0.748781"
"2106226772","2010252434","0.748781"
"2010252434","2120620789","0.346858"
"2120620789","2010252434","0.346858"
"2010252434","2133448626","0.267157"
"2133448626","2010252434","0.267157"
"2010252434","2154385894","1.36352"
"2154385894","2010252434","1.36352"
"2010252434","2155317744","0.771003"
"2155317744","2010252434","0.771003"
"2010252434","2162755110","0.930191"
"2162755110","2010252434","0.930191"
"2010252434","2165078378","5.73211"
"2165078378","2010252434","5.73211"
"2010252434","2700845503","0.896003"
"2700845503","2010252434","0.896003"
"2016604944","2019673585","0.142157"
"2019673585","2016604944","0.142157"
"2016604944","2058099999","1.55882"
"2058099999","2016604944","1.55882"
"2016604944","2106226772","0.562792"
"2106226772","2016604944","0.562792"
"2016604944","2120620789","0.979458"
"2120620789","2016604944","0.979458"
"2016604944","2133448626","1.26716"
"2133448626","2016604944","1.26716"
"2016604944","2154385894","0.711601"
"2154385894","2016604944","0.711601"
"2016604944","2155317744","1.1362"
"2155317744","2016604944","1.1362"
"2016604944","2165078378","1.31279"
"2165078378","2016604944","1.31279"
"2016604944","2700845503","0.142157"
"2700845503","2016604944","0.142157"
"2019673585","2036463966","0.235747"
"2036463966","2019673585","0.235747"
"2019673585","2058099999","0.735747"
"2058099999","2019673585","0.735747"
"2019673585","2106226772","0.135747"
"2106226772","2019673585","0.135747"
"2019673585","2133448626","0.353268"
"2133448626","2019673585","0.353268"
"2019673585","2154385894","0.586601"
"2154385894","2019673585","0.586601"
"2019673585","2155317744","0.846858"
"2155317744","2019673585","0.846858"
"2019673585","2165078378","0.385747"
"2165078378","2019673585","0.385747"
"2019673585","2700845503","1.43019"
"2700845503","2019673585","1.43019"
"2036463966","2106226772","1.71267"
"2106226772","2036463966","1.71267"
"2036463966","2133448626","0.158824"
"2133448626","2036463966","0.158824"
"2036463966","2154385894","0.802413"
"2154385894","2036463966","0.802413"
"2058099999","2106226772","0.33767"
"2106226772","2058099999","0.33767"
"2058099999","2133448626","1.49216"
"2133448626","2058099999","1.49216"
"2058099999","2154385894","1.59408"
"2154385894","2058099999","1.59408"
"2058099999","2155317744","0.479336"
"2155317744","2058099999","0.479336"
"2058099999","2162755110","0.360747"
"2162755110","2058099999","0.360747"
"2058099999","2165078378","0.504336"
"2165078378","2058099999","0.504336"
"2106226772","2120620789","0.489715"
"2120620789","2106226772","0.489715"
"2106226772","2133448626","0.0588235"
"2133448626","2106226772","0.0588235"
"2106226772","2154385894","1.40519"
"2154385894","2106226772","1.40519"
"2106226772","2155317744","0.455527"
"2155317744","2106226772","0.455527"
"2106226772","2162755110","0.864715"
"2162755110","2106226772","0.864715"
"2106226772","2165078378","1.87497"
"2165078378","2106226772","1.87497"
"2106226772","2700845503","0.31267"
"2700845503","2106226772","0.31267"
"2120620789","2133448626","0.408824"
"2133448626","2120620789","0.408824"
"2120620789","2154385894","0.169935"
"2154385894","2120620789","0.169935"
"2133448626","2154385894","1.2116"
"2154385894","2133448626","1.2116"
"2133448626","2155317744","1.89493"
"2155317744","2133448626","1.89493"
"2133448626","2162755110","0.367157"
"2162755110","2133448626","0.367157"
"2133448626","2165078378","0.142157"
"2165078378","2133448626","0.142157"
"2133448626","2700845503","0.603268"
"2700845503","2133448626","0.603268"
"2154385894","2155317744","0.371858"
"2155317744","2154385894","0.371858"
"2154385894","2162755110","0.830191"
"2162755110","2154385894","0.830191"
"2154385894","2165078378","1.82186"
"2165078378","2154385894","1.82186"
"2155317744","2700845503","0.523781"
"2700845503","2155317744","0.523781"
"2162755110","2700845503","0.41908"
"2700845503","2162755110","0.41908"
"2165078378","2700845503","0.296003"
"2700845503","2165078378","0.296003"
"1497744324","2145846275","0.930891"
"2145846275","1497744324","0.930891"
"1835937145","2145846275","1.80311"
"2145846275","1835937145","1.80311"
"2016604944","2145846275","0.72619"
"2145846275","2016604944","0.72619"
"2145846275","2155317744","0.597558"
"2155317744","2145846275","0.597558"
"1497744324","1824760040","0.342857"
"1824760040","1497744324","0.342857"
"1824760040","2058099999","0.35"
"2058099999","1824760040","0.35"
"1824760040","2133448626","0.1"
"2133448626","1824760040","0.1"
"1824760040","2700845503","0.7"
"2700845503","1824760040","0.7"
"1616718256","2145846275","0.160256"
"2145846275","1616718256","0.160256"
"2010252434","2145846275","0.760256"
"2145846275","2010252434","0.760256"
"2036463966","2145846275","1.21978"
"2145846275","2036463966","1.21978"
"2058099999","2145846275","0.0769231"
"2145846275","2058099999","0.0769231"
"2106226772","2145846275","1.17692"
"2145846275","2106226772","1.17692"
"2145846275","2165078378","0.160256"
"2165078378","2145846275","0.160256"
"2145846275","2700845503","0.371368"
"2700845503","2145846275","0.371368"
"1497744324","3022915921","1.1873"
"3022915921","1497744324","1.1873"
"1570076947","2145846275","0.194444"
"2145846275","1570076947","0.194444"
"1570076947","3022915921","0.319444"
"3022915921","1570076947","0.319444"
"2019673585","3022915921","0.194444"
"3022915921","2019673585","0.194444"
"2133448626","2145846275","0.194444"
"2145846275","2133448626","0.194444"
"2145846275","2154385894","0.194444"
"2154385894","2145846275","0.194444"
"2145846275","3022915921","0.437302"
"3022915921","2145846275","0.437302"
"2154385894","3022915921","0.652778"
"3022915921","2154385894","0.652778"
"2155317744","3022915921","1.6873"
"3022915921","2155317744","1.6873"
"2700845503","3022915921","3.37778"
"3022915921","2700845503","3.37778"
"1824760040","2010252434","3.26667"
"2010252434","1824760040","3.26667"
"1824760040","2106226772","0.1"
"2106226772","1824760040","0.1"
"1824760040","3022915921","1.74286"
"3022915921","1824760040","1.74286"
"2010252434","3022915921","0.308333"
"3022915921","2010252434","0.308333"
"2106226772","3022915921","0.225"
"3022915921","2106226772","0.225"
"2120620789","3022915921","0.683333"
"3022915921","2120620789","0.683333"
"2162755110","3022915921","1.30833"
"3022915921","2162755110","1.30833"
"2133448626","2171690178","1.66667"
"2171690178","2133448626","1.66667"
"1497744324","2116807588","0.0769231"
"2116807588","1497744324","0.0769231"
"1570076947","2116807588","0.0769231"
"2116807588","1570076947","0.0769231"
"1616718256","2116807588","0.0769231"
"2116807588","1616718256","0.0769231"
"1835937145","2116807588","0.0769231"
"2116807588","1835937145","0.0769231"
"2010252434","2116807588","0.0769231"
"2116807588","2010252434","0.0769231"
"2036463966","2116807588","0.0769231"
"2116807588","2036463966","0.0769231"
"2058099999","2116807588","0.410256"
"2116807588","2058099999","0.410256"
"2106226772","2116807588","0.0769231"
"2116807588","2106226772","0.0769231"
"2116807588","2155317744","0.0769231"
"2155317744","2116807588","0.0769231"
"2116807588","2162755110","0.0769231"
"2162755110","2116807588","0.0769231"
"2116807588","2165078378","0.0769231"
"2165078378","2116807588","0.0769231"
"1824760040","1835937145","0.142857"
"1835937145","1824760040","0.142857"
"1824760040","2016604944","0.642857"
"2016604944","1824760040","0.642857"
"2016604944","3022915921","0.22619"
"3022915921","2016604944","0.22619"
"2036463966","3022915921","1.47619"
"3022915921","2036463966","1.47619"
"1616718256","3022915921","0.208333"
"3022915921","1616718256","0.208333"
"2058099999","3022915921","0.125"
"3022915921","2058099999","0.125"
"2165078378","3022915921","1.54167"
"3022915921","2165078378","1.54167"
"1570076947","1824760040","0.5"
"1824760040","1570076947","0.5"
"1824760040","2154385894","0.5"
"2154385894","1824760040","0.5"
"1616718256","1824760040","1.66667"
"1824760040","1616718256","1.66667"
"2058099999","2171690178","0.333333"
"2171690178","2058099999","0.333333"
"2116807588","2133448626","0.333333"
"2133448626","2116807588","0.333333"
"2116807588","2120620789","0.5"
"2120620789","2116807588","0.5"
"2120620789","2171690178","0.833333"
"2171690178","2120620789","0.833333"
"2171690178","3022915921","0.333333"
"3022915921","2171690178","0.333333"
