"100665746","128717764","1.14286"
"128717764","100665746","1.14286"
"100665746","134116206","0.142857"
"134116206","100665746","0.142857"
"100665746","1482704780","0.142857"
"1482704780","100665746","0.142857"
"100665746","1583374323","0.142857"
"1583374323","100665746","0.142857"
"100665746","193403817","1.64286"
"193403817","100665746","1.64286"
"100665746","2171493349","0.142857"
"2171493349","100665746","0.142857"
"100665746","322395496","0.642857"
"322395496","100665746","0.642857"
"128717764","134116206","1.44286"
"134116206","128717764","1.44286"
"128717764","1482704780","0.142857"
"1482704780","128717764","0.142857"
"128717764","1583374323","0.142857"
"1583374323","128717764","0.142857"
"128717764","193403817","6.47619"
"193403817","128717764","6.47619"
"128717764","2171493349","0.142857"
"2171493349","128717764","0.142857"
"128717764","322395496","1.27619"
"322395496","128717764","1.27619"
"134116206","1482704780","0.142857"
"1482704780","134116206","0.142857"
"134116206","1583374323","0.142857"
"1583374323","134116206","0.142857"
"134116206","193403817","2.44286"
"193403817","134116206","2.44286"
"134116206","2171493349","0.142857"
"2171493349","134116206","0.142857"
"134116206","322395496","0.242857"
"322395496","134116206","0.242857"
"1482704780","1583374323","0.142857"
"1583374323","1482704780","0.142857"
"1482704780","193403817","1.14286"
"193403817","1482704780","1.14286"
"1482704780","2171493349","6.64286"
"2171493349","1482704780","6.64286"
"1482704780","322395496","0.142857"
"322395496","1482704780","0.142857"
"1583374323","193403817","0.142857"
"193403817","1583374323","0.142857"
"1583374323","2171493349","0.142857"
"2171493349","1583374323","0.142857"
"1583374323","322395496","0.142857"
"322395496","1583374323","0.142857"
"193403817","2171493349","0.142857"
"2171493349","193403817","0.142857"
"193403817","322395496","2.44286"
"322395496","193403817","2.44286"
"2171493349","322395496","0.142857"
"322395496","2171493349","0.142857"
"100665746","156502554","1"
"156502554","100665746","1"
"116093006","137247293","1.29167"
"137247293","116093006","1.29167"
"116093006","2026208406","1.51096"
"2026208406","116093006","1.51096"
"116093006","2028500276","0.177632"
"2028500276","116093006","0.177632"
"116093006","2068488677","0.375"
"2068488677","116093006","0.375"
"116093006","2135813225","1.40382"
"2135813225","116093006","1.40382"
"116093006","2164696360","0.434524"
"2164696360","116093006","0.434524"
"116093006","2322315143","2.70833"
"2322315143","116093006","2.70833"
"116093006","2539675457","0.177632"
"2539675457","116093006","0.177632"
"137247293","2026208406","2.15192"
"2026208406","137247293","2.15192"
"137247293","2028500276","0.625"
"2028500276","137247293","0.625"
"137247293","2068488677","0.125"
"2068488677","137247293","0.125"
"137247293","2135813225","0.125"
"2135813225","137247293","0.125"
"137247293","2164696360","0.791667"
"2164696360","137247293","0.791667"
"137247293","2322315143","0.625"
"2322315143","137247293","0.625"
"137247293","2539675457","0.201923"
"2539675457","137247293","0.201923"
"2026208406","2028500276","0.177632"
"2028500276","2026208406","0.177632"
"2026208406","2068488677","0.375"
"2068488677","2026208406","0.375"
"2026208406","2135813225","1.26096"
"2135813225","2026208406","1.26096"
"2026208406","2164696360","0.125"
"2164696360","2026208406","0.125"
"2026208406","2322315143","0.708333"
"2322315143","2026208406","0.708333"
"2026208406","2539675457","2.25455"
"2539675457","2026208406","2.25455"
"2028500276","2068488677","0.125"
"2068488677","2028500276","0.125"
"2028500276","2135813225","0.236455"
"2135813225","2028500276","0.236455"
"2028500276","2164696360","2.18382"
"2164696360","2028500276","2.18382"
"2028500276","2322315143","0.125"
"2322315143","2028500276","0.125"
"2028500276","2539675457","0.236455"
"2539675457","2028500276","0.236455"
"2068488677","2135813225","0.708333"
"2135813225","2068488677","0.708333"
"2068488677","2164696360","0.125"
"2164696360","2068488677","0.125"
"2068488677","2322315143","1.70833"
"2322315143","2068488677","1.70833"
"2068488677","2539675457","0.125"
"2539675457","2068488677","0.125"
"2135813225","2164696360","0.326681"
"2164696360","2135813225","0.326681"
"2135813225","2322315143","2.54167"
"2322315143","2135813225","2.54167"
"2135813225","2539675457","0.236455"
"2539675457","2135813225","0.236455"
"2164696360","2322315143","1.125"
"2322315143","2164696360","1.125"
"2164696360","2539675457","1.18382"
"2539675457","2164696360","1.18382"
"2322315143","2539675457","0.125"
"2539675457","2322315143","0.125"
"116093006","2027443990","2"
"2027443990","116093006","2"
"116093006","1500260772","0.5"
"1500260772","116093006","0.5"
"116093006","156502554","0.5"
"156502554","116093006","0.5"
"1500260772","156502554","1.16667"
"156502554","1500260772","1.16667"
"116093006","1787137233","0.362155"
"1787137233","116093006","0.362155"
"116093006","2008056709","0.166667"
"2008056709","116093006","0.166667"
"116093006","2110356978","0.166667"
"2110356978","116093006","0.166667"
"116093006","2139343945","0.219298"
"2139343945","116093006","0.219298"
"137247293","1787137233","2.7"
"1787137233","137247293","2.7"
"137247293","2008056709","0.24359"
"2008056709","137247293","0.24359"
"137247293","2110356978","1.16667"
"2110356978","137247293","1.16667"
"137247293","2139343945","0.166667"
"2139343945","137247293","0.166667"
"1787137233","2008056709","0.808824"
"2008056709","1787137233","0.808824"
"1787137233","2110356978","0.166667"
"2110356978","1787137233","0.166667"
"1787137233","2139343945","1.2193"
"2139343945","1787137233","1.2193"
"1787137233","2164696360","0.618347"
"2164696360","1787137233","0.618347"
"2008056709","2110356978","0.416667"
"2110356978","2008056709","0.416667"
"2008056709","2139343945","0.166667"
"2139343945","2008056709","0.166667"
"2008056709","2164696360","0.618347"
"2164696360","2008056709","0.618347"
"2110356978","2139343945","5.66667"
"2139343945","2110356978","5.66667"
"2110356978","2164696360","0.166667"
"2164696360","2110356978","0.166667"
"2139343945","2164696360","0.166667"
"2164696360","2139343945","0.166667"
"116093006","127806251","0.0526316"
"127806251","116093006","0.0526316"
"116093006","1514387893","0.0526316"
"1514387893","116093006","0.0526316"
"116093006","1579903585","0.0526316"
"1579903585","116093006","0.0526316"
"116093006","1583374323","0.0526316"
"1583374323","116093006","0.0526316"
"116093006","1822214065","0.0526316"
"1822214065","116093006","0.0526316"
"116093006","2032053871","0.302632"
"2032053871","116093006","0.302632"
"116093006","2091158152","0.0526316"
"2091158152","116093006","0.0526316"
"116093006","2135965577","0.0526316"
"2135965577","116093006","0.0526316"
"116093006","2157599483","0.195489"
"2157599483","116093006","0.195489"
"116093006","2317665875","0.195489"
"2317665875","116093006","0.195489"
"116093006","2356590700","0.302632"
"2356590700","116093006","0.302632"
"116093006","243795918","0.195489"
"243795918","116093006","0.195489"
"116093006","2499148528","0.0526316"
"2499148528","116093006","0.0526316"
"127806251","1514387893","0.129555"
"1514387893","127806251","0.129555"
"127806251","1579903585","0.0526316"
"1579903585","127806251","0.0526316"
"127806251","1583374323","0.462888"
"1583374323","127806251","0.462888"
"127806251","1787137233","0.0526316"
"1787137233","127806251","0.0526316"
"127806251","1822214065","0.129555"
"1822214065","127806251","0.129555"
"127806251","2026208406","0.129555"
"2026208406","127806251","0.129555"
"127806251","2028500276","0.0526316"
"2028500276","127806251","0.0526316"
"127806251","2032053871","0.0526316"
"2032053871","127806251","0.0526316"
"127806251","2091158152","0.0526316"
"2091158152","127806251","0.0526316"
"127806251","2135813225","0.0526316"
"2135813225","127806251","0.0526316"
"127806251","2135965577","0.0526316"
"2135965577","127806251","0.0526316"
"127806251","2139343945","0.0526316"
"2139343945","127806251","0.0526316"
"127806251","2157599483","0.129555"
"2157599483","127806251","0.129555"
"127806251","2317665875","0.0526316"
"2317665875","127806251","0.0526316"
"127806251","2356590700","0.0526316"
"2356590700","127806251","0.0526316"
"127806251","243795918","0.0526316"
"243795918","127806251","0.0526316"
"127806251","2499148528","0.129555"
"2499148528","127806251","0.129555"
"127806251","2539675457","0.129555"
"2539675457","127806251","0.129555"
"1514387893","1579903585","2.51384"
"1579903585","1514387893","2.51384"
"1514387893","1583374323","2.78124"
"1583374323","1514387893","2.78124"
"1514387893","1787137233","1.48765"
"1787137233","1514387893","1.48765"
"1514387893","1822214065","3.09076"
"1822214065","1514387893","3.09076"
"1514387893","2026208406","0.272412"
"2026208406","1514387893","0.272412"
"1514387893","2028500276","0.111455"
"2028500276","1514387893","0.111455"
"1514387893","2032053871","0.802632"
"2032053871","1514387893","0.802632"
"1514387893","2091158152","3.00431"
"2091158152","1514387893","3.00431"
"1514387893","2135813225","0.111455"
"2135813225","1514387893","0.111455"
"1514387893","2135965577","0.361455"
"2135965577","1514387893","0.361455"
"1514387893","2139343945","0.0526316"
"2139343945","1514387893","0.0526316"
"1514387893","2157599483","1.06457"
"2157599483","1514387893","1.06457"
"1514387893","2317665875","0.587646"
"2317665875","1514387893","0.587646"
"1514387893","2356590700","0.0526316"
"2356590700","1514387893","0.0526316"
"1514387893","243795918","0.111455"
"243795918","1514387893","0.111455"
"1514387893","2499148528","0.462888"
"2499148528","1514387893","0.462888"
"1514387893","2539675457","0.188378"
"2539675457","1514387893","0.188378"
"1579903585","1583374323","1.25431"
"1583374323","1579903585","1.25431"
"1579903585","1787137233","1.37098"
"1787137233","1579903585","1.37098"
"1579903585","1822214065","3.14717"
"1822214065","1579903585","3.14717"
"1579903585","2026208406","0.445489"
"2026208406","1579903585","0.445489"
"1579903585","2028500276","0.111455"
"2028500276","1579903585","0.111455"
"1579903585","2032053871","0.695489"
"2032053871","1579903585","0.695489"
"1579903585","2091158152","4.39717"
"2091158152","1579903585","4.39717"
"1579903585","2135813225","0.111455"
"2135813225","1579903585","0.111455"
"1579903585","2135965577","0.111455"
"2135965577","1579903585","0.111455"
"1579903585","2139343945","0.0526316"
"2139343945","1579903585","0.0526316"
"1579903585","2157599483","1.37098"
"2157599483","1579903585","1.37098"
"1579903585","2317665875","1.08765"
"2317665875","1579903585","1.08765"
"1579903585","2356590700","0.0526316"
"2356590700","1579903585","0.0526316"
"1579903585","243795918","0.111455"
"243795918","1579903585","0.111455"
"1579903585","2499148528","0.969298"
"2499148528","1579903585","0.969298"
"1579903585","2539675457","0.111455"
"2539675457","1579903585","0.111455"
"1583374323","1787137233","2.53765"
"1787137233","1583374323","2.53765"
"1583374323","1822214065","0.864569"
"1822214065","1583374323","0.864569"
"1583374323","2026208406","0.129555"
"2026208406","1583374323","0.129555"
"1583374323","2028500276","0.111455"
"2028500276","1583374323","0.111455"
"1583374323","2032053871","0.469298"
"2032053871","1583374323","0.469298"
"1583374323","2091158152","0.528122"
"2091158152","1583374323","0.528122"
"1583374323","2135813225","0.111455"
"2135813225","1583374323","0.111455"
"1583374323","2135965577","0.361455"
"2135965577","1583374323","0.361455"
"1583374323","2139343945","1.05263"
"2139343945","1583374323","1.05263"
"1583374323","2157599483","0.864569"
"2157599483","1583374323","0.864569"
"1583374323","2317665875","0.111455"
"2317665875","1583374323","0.111455"
"1583374323","2356590700","0.0526316"
"2356590700","1583374323","0.0526316"
"1583374323","243795918","0.111455"
"243795918","1583374323","0.111455"
"1583374323","2499148528","1.29622"
"2499148528","1583374323","1.29622"
"1583374323","2539675457","0.188378"
"2539675457","1583374323","0.188378"
"1787137233","1822214065","7.82098"
"1822214065","1787137233","7.82098"
"1787137233","2026208406","4.4193"
"2026208406","1787137233","4.4193"
"1787137233","2028500276","0.111455"
"2028500276","1787137233","0.111455"
"1787137233","2032053871","0.0526316"
"2032053871","1787137233","0.0526316"
"1787137233","2091158152","0.111455"
"2091158152","1787137233","0.111455"
"1787137233","2135813225","1.25431"
"2135813225","1787137233","1.25431"
"1787137233","2135965577","0.111455"
"2135965577","1787137233","0.111455"
"1787137233","2157599483","7.66384"
"2157599483","1787137233","7.66384"
"1787137233","2317665875","0.254312"
"2317665875","1787137233","0.254312"
"1787137233","2356590700","0.302632"
"2356590700","1787137233","0.302632"
"1787137233","243795918","0.754312"
"243795918","1787137233","0.754312"
"1787137233","2499148528","0.0526316"
"2499148528","1787137233","0.0526316"
"1787137233","2539675457","0.111455"
"2539675457","1787137233","0.111455"
"1822214065","2026208406","3.13908"
"2026208406","1822214065","3.13908"
"1822214065","2028500276","0.111455"
"2028500276","1822214065","0.111455"
"1822214065","2032053871","0.385965"
"2032053871","1822214065","0.385965"
"1822214065","2091158152","0.587646"
"2091158152","1822214065","0.587646"
"1822214065","2135813225","0.111455"
"2135813225","1822214065","0.111455"
"1822214065","2135965577","0.111455"
"2135965577","1822214065","0.111455"
"1822214065","2139343945","0.0526316"
"2139343945","1822214065","0.0526316"
"1822214065","2157599483","8.98124"
"2157599483","1822214065","8.98124"
"1822214065","2317665875","1.58765"
"2317665875","1822214065","1.58765"
"1822214065","2356590700","0.302632"
"2356590700","1822214065","0.302632"
"1822214065","243795918","0.861455"
"243795918","1822214065","0.861455"
"1822214065","2499148528","0.546221"
"2499148528","1822214065","0.546221"
"1822214065","2539675457","0.188378"
"2539675457","1822214065","0.188378"
"2026208406","2032053871","1.30263"
"2032053871","2026208406","1.30263"
"2026208406","2091158152","0.195489"
"2091158152","2026208406","0.195489"
"2026208406","2135965577","0.0526316"
"2135965577","2026208406","0.0526316"
"2026208406","2139343945","0.0526316"
"2139343945","2026208406","0.0526316"
"2026208406","2157599483","2.74622"
"2157599483","2026208406","2.74622"
"2026208406","2317665875","0.195489"
"2317665875","2026208406","0.195489"
"2026208406","2356590700","1.30263"
"2356590700","2026208406","1.30263"
"2026208406","243795918","2.63596"
"243795918","2026208406","2.63596"
"2026208406","2499148528","0.712888"
"2499148528","2026208406","0.712888"
"2028500276","2032053871","0.0526316"
"2032053871","2028500276","0.0526316"
"2028500276","2091158152","0.111455"
"2091158152","2028500276","0.111455"
"2028500276","2135965577","0.111455"
"2135965577","2028500276","0.111455"
"2028500276","2139343945","0.0526316"
"2139343945","2028500276","0.0526316"
"2028500276","2157599483","0.111455"
"2157599483","2028500276","0.111455"
"2028500276","2317665875","0.111455"
"2317665875","2028500276","0.111455"
"2028500276","2356590700","0.0526316"
"2356590700","2028500276","0.0526316"
"2028500276","243795918","0.111455"
"243795918","2028500276","0.111455"
"2028500276","2499148528","0.0526316"
"2499148528","2028500276","0.0526316"
"2032053871","2091158152","0.945489"
"2091158152","2032053871","0.945489"
"2032053871","2135813225","0.0526316"
"2135813225","2032053871","0.0526316"
"2032053871","2135965577","1.15263"
"2135965577","2032053871","1.15263"
"2032053871","2139343945","0.0526316"
"2139343945","2032053871","0.0526316"
"2032053871","2157599483","0.0526316"
"2157599483","2032053871","0.0526316"
"2032053871","2317665875","0.385965"
"2317665875","2032053871","0.385965"
"2032053871","2356590700","0.302632"
"2356590700","2032053871","0.302632"
"2032053871","243795918","0.0526316"
"243795918","2032053871","0.0526316"
"2032053871","2499148528","1.23596"
"2499148528","2032053871","1.23596"
"2032053871","2539675457","0.0526316"
"2539675457","2032053871","0.0526316"
"2091158152","2135813225","0.111455"
"2135813225","2091158152","0.111455"
"2091158152","2135965577","0.361455"
"2135965577","2091158152","0.361455"
"2091158152","2139343945","0.0526316"
"2139343945","2091158152","0.0526316"
"2091158152","2157599483","0.111455"
"2157599483","2091158152","0.111455"
"2091158152","2317665875","1.08765"
"2317665875","2091158152","1.08765"
"2091158152","2356590700","0.0526316"
"2356590700","2091158152","0.0526316"
"2091158152","243795918","0.111455"
"243795918","2091158152","0.111455"
"2091158152","2499148528","0.385965"
"2499148528","2091158152","0.385965"
"2091158152","2539675457","0.311455"
"2539675457","2091158152","0.311455"
"2135813225","2135965577","0.111455"
"2135965577","2135813225","0.111455"
"2135813225","2139343945","0.0526316"
"2139343945","2135813225","0.0526316"
"2135813225","2157599483","0.254312"
"2157599483","2135813225","0.254312"
"2135813225","2317665875","0.254312"
"2317665875","2135813225","0.254312"
"2135813225","2356590700","0.0526316"
"2356590700","2135813225","0.0526316"
"2135813225","243795918","0.254312"
"243795918","2135813225","0.254312"
"2135813225","2499148528","0.0526316"
"2499148528","2135813225","0.0526316"
"2135965577","2139343945","0.0526316"
"2139343945","2135965577","0.0526316"
"2135965577","2157599483","0.111455"
"2157599483","2135965577","0.111455"
"2135965577","2317665875","0.111455"
"2317665875","2135965577","0.111455"
"2135965577","2356590700","0.0526316"
"2356590700","2135965577","0.0526316"
"2135965577","243795918","0.111455"
"243795918","2135965577","0.111455"
"2135965577","2499148528","0.902632"
"2499148528","2135965577","0.902632"
"2135965577","2539675457","0.111455"
"2539675457","2135965577","0.111455"
"2139343945","2157599483","0.0526316"
"2157599483","2139343945","0.0526316"
"2139343945","2317665875","3.88596"
"2317665875","2139343945","3.88596"
"2139343945","2356590700","0.0526316"
"2356590700","2139343945","0.0526316"
"2139343945","243795918","0.0526316"
"243795918","2139343945","0.0526316"
"2139343945","2499148528","0.552632"
"2499148528","2139343945","0.552632"
"2139343945","2539675457","0.0526316"
"2539675457","2139343945","0.0526316"
"2157599483","2317665875","0.254312"
"2317665875","2157599483","0.254312"
"2157599483","2356590700","0.302632"
"2356590700","2157599483","0.302632"
"2157599483","243795918","1.00431"
"243795918","2157599483","1.00431"
"2157599483","2499148528","0.129555"
"2499148528","2157599483","0.129555"
"2157599483","2539675457","0.188378"
"2539675457","2157599483","0.188378"
"2317665875","2356590700","0.0526316"
"2356590700","2317665875","0.0526316"
"2317665875","243795918","0.254312"
"243795918","2317665875","0.254312"
"2317665875","2499148528","0.719298"
"2499148528","2317665875","0.719298"
"2317665875","2539675457","0.736455"
"2539675457","2317665875","0.736455"
"2356590700","243795918","0.0526316"
"243795918","2356590700","0.0526316"
"2356590700","2499148528","0.219298"
"2499148528","2356590700","0.219298"
"2356590700","2539675457","0.0526316"
"2539675457","2356590700","0.0526316"
"243795918","2499148528","0.0526316"
"2499148528","243795918","0.0526316"
"243795918","2539675457","0.111455"
"2539675457","243795918","0.111455"
"2499148528","2539675457","0.129555"
"2539675457","2499148528","0.129555"
"116093006","2042914455","0.142857"
"2042914455","116093006","0.142857"
"1787137233","2042914455","0.201681"
"2042914455","1787137233","0.201681"
"2042914455","2135813225","0.201681"
"2135813225","2042914455","0.201681"
"2042914455","2157599483","0.278604"
"2157599483","2042914455","0.278604"
"2042914455","2164696360","0.201681"
"2164696360","2042914455","0.201681"
"2042914455","2317665875","4.16001"
"2317665875","2042914455","4.16001"
"2042914455","243795918","0.201681"
"243795918","2042914455","0.201681"
"2157599483","2164696360","0.201681"
"2164696360","2157599483","0.201681"
"2164696360","2317665875","0.201681"
"2317665875","2164696360","0.201681"
"2164696360","243795918","0.201681"
"243795918","2164696360","0.201681"
"116093006","2171044537","1"
"2171044537","116093006","1"
"2027443990","2171044537","3.5"
"2171044537","2027443990","3.5"
"116093006","1541661930","0.25"
"1541661930","116093006","0.25"
"1541661930","2026208406","0.72619"
"2026208406","1541661930","0.72619"
"1541661930","2032053871","0.25"
"2032053871","1541661930","0.25"
"1541661930","2356590700","0.416667"
"2356590700","1541661930","0.416667"
"127806251","137247293","0.0769231"
"137247293","127806251","0.0769231"
"127806251","2008056709","0.0769231"
"2008056709","127806251","0.0769231"
"127806251","2042914455","0.0769231"
"2042914455","127806251","0.0769231"
"127806251","2132622327","0.0769231"
"2132622327","127806251","0.0769231"
"127806251","2145619291","1.41026"
"2145619291","127806251","1.41026"
"127806251","2547585421","0.0769231"
"2547585421","127806251","0.0769231"
"137247293","1514387893","0.0769231"
"1514387893","137247293","0.0769231"
"137247293","1583374323","0.0769231"
"1583374323","137247293","0.0769231"
"137247293","1822214065","1.02692"
"1822214065","137247293","1.02692"
"137247293","2042914455","0.0769231"
"2042914455","137247293","0.0769231"
"137247293","2132622327","0.0769231"
"2132622327","137247293","0.0769231"
"137247293","2145619291","0.0769231"
"2145619291","137247293","0.0769231"
"137247293","2157599483","1.02692"
"2157599483","137247293","1.02692"
"137247293","2499148528","0.0769231"
"2499148528","137247293","0.0769231"
"137247293","2547585421","0.0769231"
"2547585421","137247293","0.0769231"
"1514387893","2008056709","0.135747"
"2008056709","1514387893","0.135747"
"1514387893","2042914455","0.135747"
"2042914455","1514387893","0.135747"
"1514387893","2132622327","0.0769231"
"2132622327","1514387893","0.0769231"
"1514387893","2145619291","0.0769231"
"2145619291","1514387893","0.0769231"
"1514387893","2547585421","0.0769231"
"2547585421","1514387893","0.0769231"
"1583374323","2008056709","0.885747"
"2008056709","1583374323","0.885747"
"1583374323","2042914455","0.135747"
"2042914455","1583374323","0.135747"
"1583374323","2132622327","0.0769231"
"2132622327","1583374323","0.0769231"
"1583374323","2145619291","1.16026"
"2145619291","1583374323","1.16026"
"1583374323","2547585421","0.0769231"
"2547585421","1583374323","0.0769231"
"1822214065","2008056709","0.46908"
"2008056709","1822214065","0.46908"
"1822214065","2042914455","0.135747"
"2042914455","1822214065","0.135747"
"1822214065","2132622327","0.0769231"
"2132622327","1822214065","0.0769231"
"1822214065","2145619291","0.0769231"
"2145619291","1822214065","0.0769231"
"1822214065","2547585421","0.0769231"
"2547585421","1822214065","0.0769231"
"2008056709","2026208406","0.0769231"
"2026208406","2008056709","0.0769231"
"2008056709","2042914455","4.4036"
"2042914455","2008056709","4.4036"
"2008056709","2132622327","0.0769231"
"2132622327","2008056709","0.0769231"
"2008056709","2145619291","4.23764"
"2145619291","2008056709","4.23764"
"2008056709","2157599483","0.46908"
"2157599483","2008056709","0.46908"
"2008056709","2499148528","0.21978"
"2499148528","2008056709","0.21978"
"2008056709","2539675457","0.260747"
"2539675457","2008056709","0.260747"
"2008056709","2547585421","0.0769231"
"2547585421","2008056709","0.0769231"
"2026208406","2042914455","0.0769231"
"2042914455","2026208406","0.0769231"
"2026208406","2132622327","0.0769231"
"2132622327","2026208406","0.0769231"
"2026208406","2145619291","0.0769231"
"2145619291","2026208406","0.0769231"
"2026208406","2547585421","0.0769231"
"2547585421","2026208406","0.0769231"
"2042914455","2132622327","0.0769231"
"2132622327","2042914455","0.0769231"
"2042914455","2145619291","0.34478"
"2145619291","2042914455","0.34478"
"2042914455","2499148528","1.31978"
"2499148528","2042914455","1.31978"
"2042914455","2539675457","2.46075"
"2539675457","2042914455","2.46075"
"2042914455","2547585421","0.0769231"
"2547585421","2042914455","0.0769231"
"2132622327","2145619291","0.0769231"
"2145619291","2132622327","0.0769231"
"2132622327","2157599483","0.0769231"
"2157599483","2132622327","0.0769231"
"2132622327","2499148528","0.0769231"
"2499148528","2132622327","0.0769231"
"2132622327","2539675457","0.0769231"
"2539675457","2132622327","0.0769231"
"2132622327","2547585421","0.0769231"
"2547585421","2132622327","0.0769231"
"2145619291","2157599483","0.0769231"
"2157599483","2145619291","0.0769231"
"2145619291","2499148528","0.21978"
"2499148528","2145619291","0.21978"
"2145619291","2539675457","0.201923"
"2539675457","2145619291","0.201923"
"2145619291","2547585421","0.0769231"
"2547585421","2145619291","0.0769231"
"2157599483","2547585421","0.0769231"
"2547585421","2157599483","0.0769231"
"2499148528","2547585421","0.0769231"
"2547585421","2499148528","0.0769231"
"2539675457","2547585421","0.0769231"
"2547585421","2539675457","0.0769231"
"127806251","2164696360","0.333333"
"2164696360","127806251","0.333333"
"1583374323","2164696360","0.642157"
"2164696360","1583374323","0.642157"
"2145619291","2164696360","0.72619"
"2164696360","2145619291","0.72619"
"128717764","1567115056","0.783333"
"1567115056","128717764","0.783333"
"128717764","2077231146","3.4"
"2077231146","128717764","3.4"
"134116206","1567115056","1.45"
"1567115056","134116206","1.45"
"134116206","2077231146","1.7"
"2077231146","134116206","1.7"
"1567115056","193403817","0.45"
"193403817","1567115056","0.45"
"1567115056","2077231146","0.783333"
"2077231146","1567115056","0.783333"
"193403817","2077231146","3.73333"
"2077231146","193403817","3.73333"
"128717764","2135813225","0.5"
"2135813225","128717764","0.5"
"193403817","2135813225","0.5"
"2135813225","193403817","0.5"
"128717764","2032053871","0.1"
"2032053871","128717764","0.1"
"128717764","2042914455","0.442857"
"2042914455","128717764","0.442857"
"128717764","2101519910","2.10952"
"2101519910","128717764","2.10952"
"128717764","2102713773","0.3"
"2102713773","128717764","0.3"
"128717764","2135965577","0.1"
"2135965577","128717764","0.1"
"128717764","2499148528","1.24286"
"2499148528","128717764","1.24286"
"128717764","2549783918","0.1"
"2549783918","128717764","0.1"
"134116206","2032053871","0.1"
"2032053871","134116206","0.1"
"134116206","2042914455","0.1"
"2042914455","134116206","0.1"
"134116206","2101519910","0.1"
"2101519910","134116206","0.1"
"134116206","2102713773","0.3"
"2102713773","134116206","0.3"
"134116206","2135965577","0.1"
"2135965577","134116206","0.1"
"134116206","2499148528","0.1"
"2499148528","134116206","0.1"
"134116206","2549783918","0.1"
"2549783918","134116206","0.1"
"193403817","2032053871","0.1"
"2032053871","193403817","0.1"
"193403817","2042914455","0.1"
"2042914455","193403817","0.1"
"193403817","2101519910","0.633333"
"2101519910","193403817","0.633333"
"193403817","2102713773","0.3"
"2102713773","193403817","0.3"
"193403817","2135965577","0.1"
"2135965577","193403817","0.1"
"193403817","2499148528","0.1"
"2499148528","193403817","0.1"
"193403817","2549783918","0.1"
"2549783918","193403817","0.1"
"2032053871","2042914455","0.6"
"2042914455","2032053871","0.6"
"2032053871","2101519910","0.1"
"2101519910","2032053871","0.1"
"2032053871","2102713773","0.1"
"2102713773","2032053871","0.1"
"2032053871","2549783918","0.242857"
"2549783918","2032053871","0.242857"
"2032053871","322395496","0.1"
"322395496","2032053871","0.1"
"2042914455","2101519910","0.242857"
"2101519910","2042914455","0.242857"
"2042914455","2102713773","0.1"
"2102713773","2042914455","0.1"
"2042914455","2135965577","0.158824"
"2135965577","2042914455","0.158824"
"2042914455","2549783918","0.1"
"2549783918","2042914455","0.1"
"2042914455","322395496","0.1"
"322395496","2042914455","0.1"
"2101519910","2102713773","0.1"
"2102713773","2101519910","0.1"
"2101519910","2135965577","0.1"
"2135965577","2101519910","0.1"
"2101519910","2499148528","0.242857"
"2499148528","2101519910","0.242857"
"2101519910","2549783918","0.1"
"2549783918","2101519910","0.1"
"2101519910","322395496","0.3"
"322395496","2101519910","0.3"
"2102713773","2135965577","0.1"
"2135965577","2102713773","0.1"
"2102713773","2499148528","0.1"
"2499148528","2102713773","0.1"
"2102713773","2549783918","0.1"
"2549783918","2102713773","0.1"
"2102713773","322395496","0.1"
"322395496","2102713773","0.1"
"2135965577","2549783918","0.1"
"2549783918","2135965577","0.1"
"2135965577","322395496","0.1"
"322395496","2135965577","0.1"
"2499148528","2549783918","0.1"
"2549783918","2499148528","0.1"
"2499148528","322395496","0.1"
"322395496","2499148528","0.1"
"2549783918","322395496","0.1"
"322395496","2549783918","0.1"
"128717764","2091158152","1.2"
"2091158152","128717764","1.2"
"128717764","1583595159","0.5"
"1583595159","128717764","0.5"
"1583595159","193403817","0.5"
"193403817","1583595159","0.5"
"2077231146","2101519910","1.86667"
"2101519910","2077231146","1.86667"
"1567115056","2102713773","0.2"
"2102713773","1567115056","0.2"
"2077231146","2102713773","0.2"
"2102713773","2077231146","0.2"
"128717764","2531928949","0.333333"
"2531928949","128717764","0.333333"
"2077231146","2531928949","0.333333"
"2531928949","2077231146","0.333333"
"2077231146","322395496","0.533333"
"322395496","2077231146","0.533333"
"2531928949","322395496","0.333333"
"322395496","2531928949","0.333333"
"128717764","1549112205","0.142857"
"1549112205","128717764","0.142857"
"128717764","2008056709","0.142857"
"2008056709","128717764","0.142857"
"128717764","2145619291","0.142857"
"2145619291","128717764","0.142857"
"128717764","2170691863","0.142857"
"2170691863","128717764","0.142857"
"1549112205","2008056709","0.142857"
"2008056709","1549112205","0.142857"
"1549112205","2042914455","0.142857"
"2042914455","1549112205","0.142857"
"1549112205","2101519910","0.142857"
"2101519910","1549112205","0.142857"
"1549112205","2145619291","0.142857"
"2145619291","1549112205","0.142857"
"1549112205","2170691863","9.59286"
"2170691863","1549112205","9.59286"
"1549112205","2499148528","0.142857"
"2499148528","1549112205","0.142857"
"2008056709","2101519910","0.142857"
"2101519910","2008056709","0.142857"
"2008056709","2170691863","0.142857"
"2170691863","2008056709","0.142857"
"2042914455","2170691863","0.47619"
"2170691863","2042914455","0.47619"
"2101519910","2145619291","0.142857"
"2145619291","2101519910","0.142857"
"2101519910","2170691863","0.142857"
"2170691863","2101519910","0.142857"
"2145619291","2170691863","0.142857"
"2170691863","2145619291","0.142857"
"2170691863","2499148528","0.142857"
"2499148528","2170691863","0.142857"
"1567115056","2101519910","0.333333"
"2101519910","1567115056","0.333333"
"128717764","2777763365","0.2"
"2777763365","128717764","0.2"
"193403817","2777763365","0.2"
"2777763365","193403817","0.2"
"2077231146","2777763365","0.2"
"2777763365","2077231146","0.2"
"2101519910","2777763365","0.2"
"2777763365","2101519910","0.2"
"2777763365","322395496","0.2"
"322395496","2777763365","0.2"
"128717764","1977809735","1"
"1977809735","128717764","1"
"128717764","1976380234","0.75"
"1976380234","128717764","0.75"
"134116206","1976380234","1.25"
"1976380234","134116206","1.25"
"193403817","1976380234","0.75"
"1976380234","193403817","0.75"
"1976380234","2077231146","0.25"
"2077231146","1976380234","0.25"
"128717764","1536748278","0.2"
"1536748278","128717764","0.2"
"128717764","2293984866","0.2"
"2293984866","128717764","0.2"
"128717764","2539675457","0.2"
"2539675457","128717764","0.2"
"1536748278","2042914455","0.2"
"2042914455","1536748278","0.2"
"1536748278","2091158152","0.2"
"2091158152","1536748278","0.2"
"1536748278","2293984866","0.2"
"2293984866","1536748278","0.2"
"1536748278","2539675457","0.2"
"2539675457","1536748278","0.2"
"2042914455","2091158152","0.258824"
"2091158152","2042914455","0.258824"
"2042914455","2293984866","0.825"
"2293984866","2042914455","0.825"
"2091158152","2293984866","0.2"
"2293984866","2091158152","0.2"
"2293984866","2539675457","0.825"
"2539675457","2293984866","0.825"
"134116206","1548488347","1"
"1548488347","134116206","1"
"1787137233","2322315143","0.5"
"2322315143","1787137233","0.5"
"137247293","1497084183","0.866667"
"1497084183","137247293","0.866667"
"137247293","243795918","1.25"
"243795918","137247293","1.25"
"1497084183","1787137233","0.616667"
"1787137233","1497084183","0.616667"
"1497084183","1822214065","0.616667"
"1822214065","1497084183","0.616667"
"1497084183","2026208406","0.866667"
"2026208406","1497084183","0.866667"
"1497084183","2157599483","0.616667"
"2157599483","1497084183","0.616667"
"1497084183","243795918","0.166667"
"243795918","1497084183","0.166667"
"137247293","1694946421","1"
"1694946421","137247293","1"
"1482704780","2171044537","0.5"
"2171044537","1482704780","0.5"
"2171044537","2171493349","0.5"
"2171493349","2171044537","0.5"
"1485106630","2153024059","20"
"2153024059","1485106630","20"
"1485106630","1542518229","1"
"1542518229","1485106630","1"
"1487336677","1977809735","5"
"1977809735","1487336677","5"
"1487336677","1579903585","0.25"
"1579903585","1487336677","0.25"
"1487336677","1787137233","0.25"
"1787137233","1487336677","0.25"
"1487336677","1822214065","0.25"
"1822214065","1487336677","0.25"
"1487336677","2157599483","0.25"
"2157599483","1487336677","0.25"
"1497084183","2356590700","0.25"
"2356590700","1497084183","0.25"
"1497084183","156502554","0.142857"
"156502554","1497084183","0.142857"
"1497084183","2008056709","0.142857"
"2008056709","1497084183","0.142857"
"1497084183","2027443990","0.142857"
"2027443990","1497084183","0.142857"
"1497084183","2145619291","0.142857"
"2145619291","1497084183","0.142857"
"1497084183","2164696360","0.142857"
"2164696360","1497084183","0.142857"
"1497084183","2736346057","0.142857"
"2736346057","1497084183","0.142857"
"1497084183","3014746391","0.142857"
"3014746391","1497084183","0.142857"
"156502554","2008056709","0.142857"
"2008056709","156502554","0.142857"
"156502554","2027443990","0.142857"
"2027443990","156502554","0.142857"
"156502554","2145619291","0.142857"
"2145619291","156502554","0.142857"
"156502554","2164696360","0.142857"
"2164696360","156502554","0.142857"
"156502554","2736346057","0.47619"
"2736346057","156502554","0.47619"
"156502554","3014746391","0.342857"
"3014746391","156502554","0.342857"
"2008056709","2027443990","0.142857"
"2027443990","2008056709","0.142857"
"2008056709","2736346057","1.32668"
"2736346057","2008056709","1.32668"
"2008056709","3014746391","0.267857"
"3014746391","2008056709","0.267857"
"2027443990","2145619291","0.142857"
"2145619291","2027443990","0.142857"
"2027443990","2164696360","1.14286"
"2164696360","2027443990","1.14286"
"2027443990","2736346057","0.142857"
"2736346057","2027443990","0.142857"
"2027443990","3014746391","0.142857"
"3014746391","2027443990","0.142857"
"2145619291","2736346057","0.267857"
"2736346057","2145619291","0.267857"
"2145619291","3014746391","0.267857"
"3014746391","2145619291","0.267857"
"2164696360","2736346057","0.201681"
"2736346057","2164696360","0.201681"
"2164696360","3014746391","0.142857"
"3014746391","2164696360","0.142857"
"2736346057","3014746391","0.267857"
"3014746391","2736346057","0.267857"
"1500260772","2068488677","9.33333"
"2068488677","1500260772","9.33333"
"1500260772","2750598224","0.333333"
"2750598224","1500260772","0.333333"
"156502554","2068488677","0.666667"
"2068488677","156502554","0.666667"
"156502554","2750598224","0.333333"
"2750598224","156502554","0.333333"
"2068488677","2750598224","1.33333"
"2750598224","2068488677","1.33333"
"1500260772","1787137233","0.333333"
"1787137233","1500260772","0.333333"
"1500260772","2222599274","0.333333"
"2222599274","1500260772","0.333333"
"156502554","1787137233","0.333333"
"1787137233","156502554","0.333333"
"156502554","2222599274","2.33333"
"2222599274","156502554","2.33333"
"1787137233","2222599274","1.53333"
"2222599274","1787137233","1.53333"
"1514387893","1583278772","0.342857"
"1583278772","1514387893","0.342857"
"1514387893","1917868432","0.392857"
"1917868432","1514387893","0.392857"
"1579903585","1583278772","0.142857"
"1583278772","1579903585","0.142857"
"1579903585","1917868432","0.392857"
"1917868432","1579903585","0.392857"
"1583278772","1583374323","0.67619"
"1583374323","1583278772","0.67619"
"1583278772","1787137233","1.34286"
"1787137233","1583278772","1.34286"
"1583278772","1822214065","0.342857"
"1822214065","1583278772","0.342857"
"1583278772","1917868432","0.47619"
"1917868432","1583278772","0.47619"
"1583278772","2157599483","0.342857"
"2157599483","1583278772","0.342857"
"1583374323","1917868432","0.47619"
"1917868432","1583374323","0.47619"
"1787137233","1917868432","0.142857"
"1917868432","1787137233","0.142857"
"1822214065","1917868432","0.392857"
"1917868432","1822214065","0.392857"
"1917868432","2157599483","0.142857"
"2157599483","1917868432","0.142857"
"1514387893","2110230852","0.75"
"2110230852","1514387893","0.75"
"1579903585","2110230852","0.75"
"2110230852","1579903585","0.75"
"1822214065","2110230852","0.416667"
"2110230852","1822214065","0.416667"
"1917868432","2110230852","0.25"
"2110230852","1917868432","0.25"
"1514387893","2027443990","0.5"
"2027443990","1514387893","0.5"
"1514387893","2171044537","0.5"
"2171044537","1514387893","0.5"
"1514387893","2164392960","1"
"2164392960","1514387893","1"
"1514387893","2123449075","0.201681"
"2123449075","1514387893","0.201681"
"1514387893","2164696360","0.0588235"
"2164696360","1514387893","0.0588235"
"1514387893","2736346057","0.0588235"
"2736346057","1514387893","0.0588235"
"1579903585","2008056709","0.0588235"
"2008056709","1579903585","0.0588235"
"1579903585","2042914455","0.0588235"
"2042914455","1579903585","0.0588235"
"1579903585","2123449075","0.201681"
"2123449075","1579903585","0.201681"
"1579903585","2164696360","0.0588235"
"2164696360","1579903585","0.0588235"
"1579903585","2736346057","0.201681"
"2736346057","1579903585","0.201681"
"1583374323","2123449075","0.0588235"
"2123449075","1583374323","0.0588235"
"1583374323","2736346057","0.0588235"
"2736346057","1583374323","0.0588235"
"1787137233","2123449075","0.0588235"
"2123449075","1787137233","0.0588235"
"1787137233","2736346057","0.0588235"
"2736346057","1787137233","0.0588235"
"1822214065","2123449075","0.201681"
"2123449075","1822214065","0.201681"
"1822214065","2164696360","0.0588235"
"2164696360","1822214065","0.0588235"
"1822214065","2736346057","0.0588235"
"2736346057","1822214065","0.0588235"
"2008056709","2028500276","0.0588235"
"2028500276","2008056709","0.0588235"
"2008056709","2091158152","0.0588235"
"2091158152","2008056709","0.0588235"
"2008056709","2123449075","0.0588235"
"2123449075","2008056709","0.0588235"
"2008056709","2135813225","0.0588235"
"2135813225","2008056709","0.0588235"
"2008056709","2135965577","0.0588235"
"2135965577","2008056709","0.0588235"
"2008056709","2317665875","1.18382"
"2317665875","2008056709","1.18382"
"2008056709","243795918","0.0588235"
"243795918","2008056709","0.0588235"
"2028500276","2042914455","0.0588235"
"2042914455","2028500276","0.0588235"
"2028500276","2123449075","0.0588235"
"2123449075","2028500276","0.0588235"
"2028500276","2736346057","0.0588235"
"2736346057","2028500276","0.0588235"
"2042914455","2123449075","0.0588235"
"2123449075","2042914455","0.0588235"
"2042914455","2736346057","2.18382"
"2736346057","2042914455","2.18382"
"2091158152","2123449075","0.201681"
"2123449075","2091158152","0.201681"
"2091158152","2164696360","0.0588235"
"2164696360","2091158152","0.0588235"
"2091158152","2736346057","0.201681"
"2736346057","2091158152","0.201681"
"2123449075","2135813225","0.0588235"
"2135813225","2123449075","0.0588235"
"2123449075","2135965577","0.0588235"
"2135965577","2123449075","0.0588235"
"2123449075","2157599483","0.0588235"
"2157599483","2123449075","0.0588235"
"2123449075","2164696360","0.0588235"
"2164696360","2123449075","0.0588235"
"2123449075","2317665875","0.201681"
"2317665875","2123449075","0.201681"
"2123449075","243795918","0.0588235"
"243795918","2123449075","0.0588235"
"2123449075","2539675457","0.0588235"
"2539675457","2123449075","0.0588235"
"2123449075","2736346057","0.0588235"
"2736346057","2123449075","0.0588235"
"2135813225","2736346057","0.0588235"
"2736346057","2135813225","0.0588235"
"2135965577","2164696360","0.308824"
