"117910539","1479826276","0.75"
"1479826276","117910539","0.75"
"117910539","1485854900","0.0833333"
"1485854900","117910539","0.0833333"
"117910539","1590015132","0.0833333"
"1590015132","117910539","0.0833333"
"117910539","1602192022","0.75"
"1602192022","117910539","0.75"
"117910539","1603430026","0.0833333"
"1603430026","117910539","0.0833333"
"117910539","2002080807","0.0833333"
"2002080807","117910539","0.0833333"
"117910539","2099868491","0.0833333"
"2099868491","117910539","0.0833333"
"117910539","2127295197","0.333333"
"2127295197","117910539","0.333333"
"117910539","2342606171","0.0833333"
"2342606171","117910539","0.0833333"
"117910539","2477562448","0.0833333"
"2477562448","117910539","0.0833333"
"117910539","2516793201","2.5"
"2516793201","117910539","2.5"
"117910539","40588503","0.0833333"
"40588503","117910539","0.0833333"
"1479826276","1485854900","1.61667"
"1485854900","1479826276","1.61667"
"1479826276","1590015132","1.36667"
"1590015132","1479826276","1.36667"
"1479826276","1602192022","1.75"
"1602192022","1479826276","1.75"
"1479826276","1603430026","0.0833333"
"1603430026","1479826276","0.0833333"
"1479826276","2002080807","1.25"
"2002080807","1479826276","1.25"
"1479826276","2099868491","0.583333"
"2099868491","1479826276","0.583333"
"1479826276","2127295197","2.28333"
"2127295197","1479826276","2.28333"
"1479826276","2342606171","0.0833333"
"2342606171","1479826276","0.0833333"
"1479826276","2477562448","0.0833333"
"2477562448","1479826276","0.0833333"
"1479826276","2516793201","2.2"
"2516793201","1479826276","2.2"
"1479826276","40588503","0.0833333"
"40588503","1479826276","0.0833333"
"1485854900","1590015132","2.2"
"1590015132","1485854900","2.2"
"1485854900","1602192022","0.416667"
"1602192022","1485854900","0.416667"
"1485854900","1603430026","0.0833333"
"1603430026","1485854900","0.0833333"
"1485854900","2002080807","0.0833333"
"2002080807","1485854900","0.0833333"
"1485854900","2099868491","0.0833333"
"2099868491","1485854900","0.0833333"
"1485854900","2127295197","3.45"
"2127295197","1485854900","3.45"
"1485854900","2342606171","0.0833333"
"2342606171","1485854900","0.0833333"
"1485854900","2477562448","0.0833333"
"2477562448","1485854900","0.0833333"
"1485854900","2516793201","2.7"
"2516793201","1485854900","2.7"
"1485854900","40588503","0.0833333"
"40588503","1485854900","0.0833333"
"1590015132","1602192022","1.78333"
"1602192022","1590015132","1.78333"
"1590015132","1603430026","0.0833333"
"1603430026","1590015132","0.0833333"
"1590015132","2002080807","0.65"
"2002080807","1590015132","0.65"
"1590015132","2099868491","0.283333"
"2099868491","1590015132","0.283333"
"1590015132","2127295197","2.06667"
"2127295197","1590015132","2.06667"
"1590015132","2342606171","0.0833333"
"2342606171","1590015132","0.0833333"
"1590015132","2477562448","0.0833333"
"2477562448","1590015132","0.0833333"
"1590015132","2516793201","3.01667"
"2516793201","1590015132","3.01667"
"1590015132","40588503","0.0833333"
"40588503","1590015132","0.0833333"
"1602192022","1603430026","0.0833333"
"1603430026","1602192022","0.0833333"
"1602192022","2002080807","0.45"
"2002080807","1602192022","0.45"
"1602192022","2099868491","0.783333"
"2099868491","1602192022","0.783333"
"1602192022","2127295197","0.25"
"2127295197","1602192022","0.25"
"1602192022","2342606171","0.0833333"
"2342606171","1602192022","0.0833333"
"1602192022","2477562448","0.0833333"
"2477562448","1602192022","0.0833333"
"1602192022","2516793201","1.11667"
"2516793201","1602192022","1.11667"
"1602192022","40588503","0.0833333"
"40588503","1602192022","0.0833333"
"1603430026","2002080807","0.0833333"
"2002080807","1603430026","0.0833333"
"1603430026","2099868491","0.0833333"
"2099868491","1603430026","0.0833333"
"1603430026","2127295197","0.0833333"
"2127295197","1603430026","0.0833333"
"1603430026","2342606171","0.0833333"
"2342606171","1603430026","0.0833333"
"1603430026","2477562448","7.58333"
"2477562448","1603430026","7.58333"
"1603430026","2516793201","0.0833333"
"2516793201","1603430026","0.0833333"
"1603430026","40588503","0.0833333"
"40588503","1603430026","0.0833333"
"2002080807","2099868491","0.283333"
"2099868491","2002080807","0.283333"
"2002080807","2127295197","2.45"
"2127295197","2002080807","2.45"
"2002080807","2342606171","0.0833333"
"2342606171","2002080807","0.0833333"
"2002080807","2477562448","0.0833333"
"2477562448","2002080807","0.0833333"
"2002080807","2516793201","18.4833"
"2516793201","2002080807","18.4833"
"2002080807","40588503","0.916667"
"40588503","2002080807","0.916667"
"2099868491","2127295197","0.0833333"
"2127295197","2099868491","0.0833333"
"2099868491","2342606171","0.0833333"
"2342606171","2099868491","0.0833333"
"2099868491","2477562448","0.0833333"
"2477562448","2099868491","0.0833333"
"2099868491","2516793201","0.283333"
"2516793201","2099868491","0.283333"
"2099868491","40588503","0.0833333"
"40588503","2099868491","0.0833333"
"2127295197","2342606171","0.0833333"
"2342606171","2127295197","0.0833333"
"2127295197","2477562448","0.0833333"
"2477562448","2127295197","0.0833333"
"2127295197","2516793201","17.65"
"2516793201","2127295197","17.65"
"2127295197","40588503","0.0833333"
"40588503","2127295197","0.0833333"
"2342606171","2477562448","0.0833333"
"2477562448","2342606171","0.0833333"
"2342606171","2516793201","0.0833333"
"2516793201","2342606171","0.0833333"
"2342606171","40588503","0.0833333"
"40588503","2342606171","0.0833333"
"2477562448","2516793201","0.916667"
"2516793201","2477562448","0.916667"
"2477562448","40588503","0.0833333"
"40588503","2477562448","0.0833333"
"2516793201","40588503","2.41667"
"40588503","2516793201","2.41667"
"117910539","2371186109","0.75"
"2371186109","117910539","0.75"
"2371186109","2516793201","5.9"
"2516793201","2371186109","5.9"
"117910539","2071439425","0.25"
"2071439425","117910539","0.25"
"2071439425","2127295197","0.25"
"2127295197","2071439425","0.25"
"2071439425","2371186109","0.25"
"2371186109","2071439425","0.25"
"2071439425","2516793201","0.25"
"2516793201","2071439425","0.25"
"2127295197","2371186109","4.15"
"2371186109","2127295197","4.15"
"1479826276","2189469435","1"
"2189469435","1479826276","1"
"1479826276","2371186109","2.86667"
"2371186109","1479826276","2.86667"
"1590015132","2371186109","0.816667"
"2371186109","1590015132","0.816667"
"1602192022","2371186109","1.16667"
"2371186109","1602192022","1.16667"
"2002080807","2371186109","1.86667"
"2371186109","2002080807","1.86667"
"1485854900","2371186109","1.03333"
"2371186109","1485854900","1.03333"
"1490052377","1554306188","0.5"
"1554306188","1490052377","0.5"
"1490052377","2238279451","0.5"
"2238279451","1490052377","0.5"
"1554306188","2238279451","0.5"
"2238279451","1554306188","0.5"
"1490052377","2071439425","1.5"
"2071439425","1490052377","1.5"
"1490052377","2516793201","1.25"
"2516793201","1490052377","1.25"
"1490052377","1547240621","0.25"
"1547240621","1490052377","0.25"
"1490052377","1790746625","0.25"
"1790746625","1490052377","0.25"
"1490052377","2614147495","0.25"
"2614147495","1490052377","0.25"
"1490052377","2772521545","0.25"
"2772521545","1490052377","0.25"
"1547240621","1790746625","0.25"
"1790746625","1547240621","0.25"
"1547240621","2614147495","0.25"
"2614147495","1547240621","0.25"
"1547240621","2772521545","0.25"
"2772521545","1547240621","0.25"
"1790746625","2614147495","0.25"
"2614147495","1790746625","0.25"
"1790746625","2772521545","0.25"
"2772521545","1790746625","0.25"
"2614147495","2772521545","0.25"
"2772521545","2614147495","0.25"
"1490052377","2245866116","0.5"
"2245866116","1490052377","0.5"
"2071439425","2245866116","4.5"
"2245866116","2071439425","4.5"
"1490052377","2100230008","1.25"
"2100230008","1490052377","1.25"
"1490052377","2143190626","0.25"
"2143190626","1490052377","0.25"
"1490052377","2273478722","0.25"
"2273478722","1490052377","0.25"
"2100230008","2143190626","0.392857"
"2143190626","2100230008","0.392857"
"2100230008","2273478722","0.392857"
"2273478722","2100230008","0.392857"
"2100230008","2516793201","1.25"
"2516793201","2100230008","1.25"
"2143190626","2273478722","0.392857"
"2273478722","2143190626","0.392857"
"2143190626","2516793201","0.25"
"2516793201","2143190626","0.25"
"2273478722","2516793201","0.25"
"2516793201","2273478722","0.25"
"1547240621","2048684972","0.267857"
"2048684972","1547240621","0.267857"
"1547240621","2096473396","0.267857"
"2096473396","1547240621","0.267857"
"1547240621","2100230008","0.142857"
"2100230008","1547240621","0.142857"
"1547240621","2143190626","0.267857"
"2143190626","1547240621","0.267857"
"1547240621","2249419159","0.267857"
"2249419159","1547240621","0.267857"
"1547240621","2273478722","0.142857"
"2273478722","1547240621","0.142857"
"1547240621","2953205423","0.267857"
"2953205423","1547240621","0.267857"
"2048684972","2096473396","1.85119"
"2096473396","2048684972","1.85119"
"2048684972","2100230008","0.142857"
"2100230008","2048684972","0.142857"
"2048684972","2143190626","0.267857"
"2143190626","2048684972","0.267857"
"2048684972","2249419159","1.85119"
"2249419159","2048684972","1.85119"
"2048684972","2273478722","0.309524"
"2273478722","2048684972","0.309524"
"2048684972","2953205423","1.35119"
"2953205423","2048684972","1.35119"
"2096473396","2100230008","0.392857"
"2100230008","2096473396","0.392857"
"2096473396","2143190626","0.517857"
"2143190626","2096473396","0.517857"
"2096473396","2249419159","2.35119"
"2249419159","2096473396","2.35119"
"2096473396","2273478722","0.309524"
"2273478722","2096473396","0.309524"
"2096473396","2953205423","3.60119"
"2953205423","2096473396","3.60119"
"2100230008","2249419159","0.392857"
"2249419159","2100230008","0.392857"
"2100230008","2953205423","0.142857"
"2953205423","2100230008","0.142857"
"2143190626","2249419159","0.517857"
"2249419159","2143190626","0.517857"
"2143190626","2953205423","0.517857"
"2953205423","2143190626","0.517857"
"2249419159","2273478722","0.309524"
"2273478722","2249419159","0.309524"
"2249419159","2953205423","1.60119"
"2953205423","2249419159","1.60119"
"2273478722","2953205423","0.309524"
"2953205423","2273478722","0.309524"
"1547240621","2115778973","0.125"
"2115778973","1547240621","0.125"
"1547240621","2148147836","0.125"
"2148147836","1547240621","0.125"
"1547240621","2238279451","0.125"
"2238279451","1547240621","0.125"
"2048684972","2115778973","0.125"
"2115778973","2048684972","0.125"
"2048684972","2148147836","0.125"
"2148147836","2048684972","0.125"
"2048684972","2238279451","0.541667"
"2238279451","2048684972","0.541667"
"2096473396","2115778973","0.375"
"2115778973","2096473396","0.375"
"2096473396","2148147836","0.125"
"2148147836","2096473396","0.125"
"2096473396","2238279451","0.791667"
"2238279451","2096473396","0.791667"
"2115778973","2143190626","0.125"
"2143190626","2115778973","0.125"
"2115778973","2148147836","0.125"
"2148147836","2115778973","0.125"
"2115778973","2238279451","0.375"
"2238279451","2115778973","0.375"
"2115778973","2249419159","0.375"
"2249419159","2115778973","0.375"
"2115778973","2953205423","0.125"
"2953205423","2115778973","0.125"
"2143190626","2148147836","0.125"
"2148147836","2143190626","0.125"
"2143190626","2238279451","0.125"
"2238279451","2143190626","0.125"
"2148147836","2238279451","0.125"
"2238279451","2148147836","0.125"
"2148147836","2249419159","0.125"
"2249419159","2148147836","0.125"
"2148147836","2953205423","0.125"
"2953205423","2148147836","0.125"
"2238279451","2249419159","0.791667"
"2249419159","2238279451","0.791667"
"2238279451","2953205423","0.541667"
"2953205423","2238279451","0.541667"
"1590015132","2900823898","0.2"
"2900823898","1590015132","0.2"
"2002080807","2900823898","0.2"
"2900823898","2002080807","0.2"
"2127295197","2900823898","0.2"
"2900823898","2127295197","0.2"
"2371186109","2900823898","0.2"
"2900823898","2371186109","0.2"
"2516793201","2900823898","0.2"
"2900823898","2516793201","0.2"
"1590015132","2189469435","0.2"
"2189469435","1590015132","0.2"
"1602192022","2189469435","1.2"
"2189469435","1602192022","1.2"
"2002080807","2189469435","0.533333"
"2189469435","2002080807","0.533333"
"2099868491","2189469435","2.2"
"2189469435","2099868491","2.2"
"2189469435","2516793201","1.03333"
"2516793201","2189469435","1.03333"
"1603430026","1851979122","3.5"
"1851979122","1603430026","3.5"
"1603430026","2963272160","3"
"2963272160","1603430026","3"
"1851979122","2963272160","20.1667"
"2963272160","1851979122","20.1667"
"1851979122","2477562448","13.1667"
"2477562448","1851979122","13.1667"
"2477562448","2963272160","17.6667"
"2963272160","2477562448","17.6667"
"1790746625","2238279451","2"
"2238279451","1790746625","2"
"1851979122","2516793201","0.833333"
"2516793201","1851979122","0.833333"
"2516793201","2963272160","1.33333"
"2963272160","2516793201","1.33333"
"1851979122","2153156723","0.333333"
"2153156723","1851979122","0.333333"
"2153156723","2477562448","0.333333"
"2477562448","2153156723","0.333333"
"2153156723","2963272160","0.333333"
"2963272160","2153156723","0.333333"
"1943936710","2127295197","0.5"
"2127295197","1943936710","0.5"
"1943936710","2516793201","2.5"
"2516793201","1943936710","2.5"
"2189469435","40588503","0.833333"
"40588503","2189469435","0.833333"
"2002080807","2981233703","0.5"
"2981233703","2002080807","0.5"
"2516793201","2981233703","0.5"
"2981233703","2516793201","0.5"
"2048684972","2614147495","0.166667"
"2614147495","2048684972","0.166667"
"2096473396","2614147495","0.166667"
"2614147495","2096473396","0.166667"
"2238279451","2273478722","0.166667"
"2273478722","2238279451","0.166667"
"2238279451","2614147495","0.166667"
"2614147495","2238279451","0.166667"
"2249419159","2614147495","0.166667"
"2614147495","2249419159","0.166667"
"2273478722","2614147495","0.166667"
"2614147495","2273478722","0.166667"
"2614147495","2953205423","0.166667"
"2953205423","2614147495","0.166667"
"2100230008","2115778973","0.25"
"2115778973","2100230008","0.25"
"2100230008","2238279451","0.25"
"2238279451","2100230008","0.25"
"2096473396","2900823898","1.25"
"2900823898","2096473396","1.25"
"2143190626","2900823898","0.25"
"2900823898","2143190626","0.25"
"2249419159","2900823898","0.25"
"2900823898","2249419159","0.25"
"2900823898","2953205423","0.25"
"2953205423","2900823898","0.25"
"2146520149","2516793201","11"
"2516793201","2146520149","11"
"2148147836","2273478722","1"
"2273478722","2148147836","1"
"2148147836","2483782048","1"
"2483782048","2148147836","1"
"2153156723","2516793201","1"
"2516793201","2153156723","1"
"2273478722","2981233703","1"
"2981233703","2273478722","1"
"2305987222","2516793201","1"
"2516793201","2305987222","1"
"2371186109","2477562448","1.5"
"2477562448","2371186109","1.5"
"2371186109","2963272160","0.5"
"2963272160","2371186109","0.5"
"2958937393","2981233703","12"
"2981233703","2958937393","12"
