"1482615873","1509405801","1.66412"
"1509405801","1482615873","1.66412"
"1482615873","2026449948","1.23079"
"2026449948","1482615873","1.23079"
"1482615873","2124030056","0.739881"
"2124030056","1482615873","0.739881"
"1482615873","2150426251","0.242857"
"2150426251","1482615873","0.242857"
"1482615873","2154493172","0.739881"
"2154493172","1482615873","0.739881"
"1482615873","2293633287","0.305357"
"2293633287","1482615873","0.305357"
"1482615873","2613232","0.205357"
"2613232","1482615873","0.205357"
"1509405801","2026449948","2.68003"
"2026449948","1509405801","2.68003"
"1509405801","2124030056","4.22246"
"2124030056","1509405801","4.22246"
"1509405801","2150426251","1.8921"
"2150426251","1509405801","1.8921"
"1509405801","2154493172","2.63912"
"2154493172","1509405801","2.63912"
"1509405801","2293633287","3.01293"
"2293633287","1509405801","3.01293"
"1509405801","2613232","1.83036"
"2613232","1509405801","1.83036"
"2026449948","2124030056","2.08912"
"2124030056","2026449948","2.08912"
"2026449948","2150426251","1.0921"
"2150426251","2026449948","1.0921"
"2026449948","2154493172","1.72246"
"2154493172","2026449948","1.72246"
"2026449948","2293633287","0.8296"
"2293633287","2026449948","0.8296"
"2026449948","2613232","0.330357"
"2613232","2026449948","0.330357"
"2124030056","2150426251","1.10877"
"2150426251","2124030056","1.10877"
"2124030056","2154493172","1.68912"
"2154493172","2124030056","1.68912"
"2124030056","2293633287","7.26293"
"2293633287","2124030056","7.26293"
"2124030056","2613232","0.497024"
"2613232","2124030056","0.497024"
"2150426251","2154493172","1.9421"
"2154493172","2150426251","1.9421"
"2150426251","2293633287","1.53377"
"2293633287","2150426251","1.53377"
"2150426251","2613232","0.267857"
"2613232","2150426251","0.267857"
"2154493172","2293633287","0.9796"
"2293633287","2154493172","0.9796"
"2154493172","2613232","0.330357"
"2613232","2154493172","0.330357"
"2293633287","2613232","0.372024"
"2613232","2293633287","0.372024"
"1482615873","2095760637","1.7546"
"2095760637","1482615873","1.7546"
"1482615873","1566826779","1.10758"
"1566826779","1482615873","1.10758"
"1482615873","1591349227","0.166667"
"1591349227","1482615873","0.166667"
"1482615873","2071198236","0.166667"
"2071198236","1482615873","0.166667"
"1482615873","2104254650","2.87841"
"2104254650","1482615873","2.87841"
"1482615873","2974658197","0.5"
"2974658197","1482615873","0.5"
"1482615873","50542560","0.166667"
"50542560","1482615873","0.166667"
"1566826779","1591349227","0.166667"
"1591349227","1566826779","0.166667"
"1566826779","2071198236","0.166667"
"2071198236","1566826779","0.166667"
"1566826779","2104254650","1.10758"
"2104254650","1566826779","1.10758"
"1566826779","2974658197","0.5"
"2974658197","1566826779","0.5"
"1566826779","50542560","0.166667"
"50542560","1566826779","0.166667"
"1591349227","2071198236","7.16667"
"2071198236","1591349227","7.16667"
"1591349227","2104254650","0.166667"
"2104254650","1591349227","0.166667"
"1591349227","2974658197","0.166667"
"2974658197","1591349227","0.166667"
"1591349227","50542560","3.16667"
"50542560","1591349227","3.16667"
"2071198236","2104254650","0.166667"
"2104254650","2071198236","0.166667"
"2071198236","2974658197","0.166667"
"2974658197","2071198236","0.166667"
"2071198236","50542560","5.16667"
"50542560","2071198236","5.16667"
"2104254650","2974658197","1.59091"
"2974658197","2104254650","1.59091"
"2104254650","50542560","0.166667"
"50542560","2104254650","0.166667"
"2974658197","50542560","0.166667"
"50542560","2974658197","0.166667"
"1482615873","1966709388","0.75"
"1966709388","1482615873","0.75"
"1482615873","2151491842","0.75"
"2151491842","1482615873","0.75"
"1966709388","2151491842","12.25"
"2151491842","1966709388","12.25"
"1482615873","1872297260","0.795076"
"1872297260","1482615873","0.795076"
"1566826779","1872297260","1.42424"
"1872297260","1566826779","1.42424"
"1566826779","1966709388","0.616667"
"1966709388","1566826779","0.616667"
"1566826779","2151491842","0.416667"
"2151491842","1566826779","0.416667"
"1872297260","1966709388","0.616667"
"1966709388","1872297260","0.616667"
"1872297260","2151491842","0.416667"
"2151491842","1872297260","0.416667"
"1482615873","2117500454","0.7546"
"2117500454","1482615873","0.7546"
"1509405801","2095760637","1.04551"
"2095760637","1509405801","1.04551"
"1509405801","2117500454","1.04551"
"2117500454","1509405801","1.04551"
"2095760637","2117500454","7.35503"
"2117500454","2095760637","7.35503"
"1482615873","1579976528","0.153409"
"1579976528","1482615873","0.153409"
"1482615873","1788426126","0.0625"
"1788426126","1482615873","0.0625"
"1482615873","2115930606","0.0625"
"2115930606","1482615873","0.0625"
"1482615873","2254465086","0.0625"
"2254465086","1482615873","0.0625"
"1482615873","2282990539","0.0625"
"2282990539","1482615873","0.0625"
"1482615873","2952433669","0.0625"
"2952433669","1482615873","0.0625"
"1509405801","1579976528","0.403409"
"1579976528","1509405801","0.403409"
"1509405801","1788426126","0.0625"
"1788426126","1509405801","0.0625"
"1509405801","1872297260","2.90341"
"1872297260","1509405801","2.90341"
"1509405801","2104254650","0.844318"
"2104254650","1509405801","0.844318"
"1509405801","2115930606","0.395833"
"2115930606","1509405801","0.395833"
"1509405801","2254465086","0.0625"
"2254465086","1509405801","0.0625"
"1509405801","2282990539","0.8875"
"2282990539","1509405801","0.8875"
"1509405801","2952433669","0.0625"
"2952433669","1509405801","0.0625"
"1579976528","1788426126","0.0625"
"1788426126","1579976528","0.0625"
"1579976528","1872297260","0.403409"
"1872297260","1579976528","0.403409"
"1579976528","2026449948","0.153409"
"2026449948","1579976528","0.153409"
"1579976528","2095760637","0.153409"
"2095760637","1579976528","0.153409"
"1579976528","2104254650","0.153409"
"2104254650","1579976528","0.153409"
"1579976528","2115930606","0.0625"
"2115930606","1579976528","0.0625"
"1579976528","2117500454","0.153409"
"2117500454","1579976528","0.153409"
"1579976528","2124030056","0.3125"
"2124030056","1579976528","0.3125"
"1579976528","2154493172","0.0625"
"2154493172","1579976528","0.0625"
"1579976528","2254465086","0.0625"
"2254465086","1579976528","0.0625"
"1579976528","2282990539","0.0625"
"2282990539","1579976528","0.0625"
"1579976528","2293633287","0.3125"
"2293633287","1579976528","0.3125"
"1579976528","2613232","0.0625"
"2613232","1579976528","0.0625"
"1579976528","2952433669","0.0625"
"2952433669","1579976528","0.0625"
"1788426126","1872297260","1.34583"
"1872297260","1788426126","1.34583"
"1788426126","2026449948","0.0625"
"2026449948","1788426126","0.0625"
"1788426126","2095760637","0.0625"
"2095760637","1788426126","0.0625"
"1788426126","2104254650","0.0625"
"2104254650","1788426126","0.0625"
"1788426126","2115930606","0.0625"
"2115930606","1788426126","0.0625"
"1788426126","2117500454","0.0625"
"2117500454","1788426126","0.0625"
"1788426126","2124030056","0.0625"
"2124030056","1788426126","0.0625"
"1788426126","2154493172","0.0625"
"2154493172","1788426126","0.0625"
"1788426126","2254465086","8.2625"
"2254465086","1788426126","8.2625"
"1788426126","2282990539","1.0125"
"2282990539","1788426126","1.0125"
"1788426126","2293633287","0.0625"
"2293633287","1788426126","0.0625"
"1788426126","2613232","0.5625"
"2613232","1788426126","0.5625"
"1788426126","2952433669","11.0625"
"2952433669","1788426126","11.0625"
"1872297260","2026449948","2.27008"
"2026449948","1872297260","2.27008"
"1872297260","2095760637","1.08793"
"2095760637","1872297260","1.08793"
"1872297260","2104254650","1.12008"
"2104254650","1872297260","1.12008"
"1872297260","2115930606","2.7625"
"2115930606","1872297260","2.7625"
"1872297260","2117500454","0.837933"
"2117500454","1872297260","0.837933"
"1872297260","2124030056","1.77917"
"2124030056","1872297260","1.77917"
"1872297260","2154493172","1.67202"
"2154493172","1872297260","1.67202"
"1872297260","2254465086","0.845833"
"2254465086","1872297260","0.845833"
"1872297260","2282990539","1.5875"
"2282990539","1872297260","1.5875"
"1872297260","2293633287","1.6125"
"2293633287","1872297260","1.6125"
"1872297260","2613232","1.05417"
"2613232","1872297260","1.05417"
"1872297260","2952433669","1.14583"
"2952433669","1872297260","1.14583"
"2026449948","2095760637","1.26218"
"2095760637","2026449948","1.26218"
"2026449948","2104254650","0.994318"
"2104254650","2026449948","0.994318"
"2026449948","2115930606","0.0625"
"2115930606","2026449948","0.0625"
"2026449948","2117500454","1.01218"
"2117500454","2026449948","1.01218"
"2026449948","2254465086","0.0625"
"2254465086","2026449948","0.0625"
"2026449948","2282990539","1.6375"
"2282990539","2026449948","1.6375"
"2026449948","2952433669","0.0625"
"2952433669","2026449948","0.0625"
"2095760637","2104254650","0.869318"
"2104254650","2095760637","0.869318"
"2095760637","2115930606","0.0625"
"2115930606","2095760637","0.0625"
"2095760637","2124030056","1.28793"
"2124030056","2095760637","1.28793"
"2095760637","2154493172","0.764123"
"2154493172","2095760637","0.764123"
"2095760637","2254465086","0.0625"
"2254465086","2095760637","0.0625"
"2095760637","2282990539","0.479167"
"2282990539","2095760637","0.479167"
"2095760637","2293633287","0.820076"
"2293633287","2095760637","0.820076"
"2095760637","2613232","0.229167"
"2613232","2095760637","0.229167"
"2095760637","2952433669","0.0625"
"2952433669","2095760637","0.0625"
"2104254650","2115930606","0.0625"
"2115930606","2104254650","0.0625"
"2104254650","2117500454","0.619318"
"2117500454","2104254650","0.619318"
"2104254650","2124030056","1.00341"
"2124030056","2104254650","1.00341"
"2104254650","2154493172","0.503409"
"2154493172","2104254650","0.503409"
"2104254650","2254465086","0.0625"
"2254465086","2104254650","0.0625"
"2104254650","2282990539","1.3875"
"2282990539","2104254650","1.3875"
"2104254650","2293633287","0.753409"
"2293633287","2104254650","0.753409"
"2104254650","2613232","0.3875"
"2613232","2104254650","0.3875"
"2104254650","2952433669","0.0625"
"2952433669","2104254650","0.0625"
"2115930606","2117500454","0.0625"
"2117500454","2115930606","0.0625"
"2115930606","2124030056","0.395833"
"2124030056","2115930606","0.395833"
"2115930606","2154493172","0.0625"
"2154493172","2115930606","0.0625"
"2115930606","2254465086","0.0625"
"2254465086","2115930606","0.0625"
"2115930606","2282990539","0.0625"
"2282990539","2115930606","0.0625"
"2115930606","2293633287","0.395833"
"2293633287","2115930606","0.395833"
"2115930606","2613232","0.0625"
"2613232","2115930606","0.0625"
"2115930606","2952433669","0.0625"
"2952433669","2115930606","0.0625"
"2117500454","2124030056","1.28793"
"2124030056","2117500454","1.28793"
"2117500454","2154493172","0.764123"
"2154493172","2117500454","0.764123"
"2117500454","2254465086","0.0625"
"2254465086","2117500454","0.0625"
"2117500454","2282990539","0.229167"
"2282990539","2117500454","0.229167"
"2117500454","2293633287","1.82008"
"2293633287","2117500454","1.82008"
"2117500454","2613232","0.229167"
"2613232","2117500454","0.229167"
"2117500454","2952433669","0.0625"
"2952433669","2117500454","0.0625"
"2124030056","2254465086","0.0625"
"2254465086","2124030056","0.0625"
"2124030056","2282990539","0.554167"
"2282990539","2124030056","0.554167"
"2124030056","2952433669","0.0625"
"2952433669","2124030056","0.0625"
"2154493172","2254465086","0.0625"
"2254465086","2154493172","0.0625"
"2154493172","2282990539","0.3875"
"2282990539","2154493172","0.3875"
"2154493172","2952433669","0.0625"
"2952433669","2154493172","0.0625"
"2254465086","2282990539","2.0125"
"2282990539","2254465086","2.0125"
"2254465086","2293633287","0.0625"
"2293633287","2254465086","0.0625"
"2254465086","2613232","0.5625"
"2613232","2254465086","0.5625"
"2254465086","2952433669","4.5625"
"2952433669","2254465086","4.5625"
"2282990539","2293633287","0.229167"
"2293633287","2282990539","0.229167"
"2282990539","2613232","8.3875"
"2613232","2282990539","8.3875"
"2282990539","2952433669","0.479167"
"2952433669","2282990539","0.479167"
"2293633287","2952433669","0.0625"
"2952433669","2293633287","0.0625"
"2613232","2952433669","0.229167"
"2952433669","2613232","0.229167"
"1482615873","2044073799","0.0909091"
"2044073799","1482615873","0.0909091"
"1482615873","2111101333","0.333766"
"2111101333","1482615873","0.333766"
"1482615873","2148438337","0.0909091"
"2148438337","1482615873","0.0909091"
"1509405801","1566826779","1.05758"
"1566826779","1509405801","1.05758"
"1509405801","2044073799","0.0909091"
"2044073799","1509405801","0.0909091"
"1509405801","2111101333","0.824675"
"2111101333","1509405801","0.824675"
"1509405801","2148438337","0.0909091"
"2148438337","1509405801","0.0909091"
"1566826779","1579976528","0.0909091"
"1579976528","1566826779","0.0909091"
"1566826779","2026449948","0.257576"
"2026449948","1566826779","0.257576"
"1566826779","2044073799","0.290909"
"2044073799","1566826779","0.290909"
"1566826779","2095760637","0.340909"
"2095760637","1566826779","0.340909"
"1566826779","2111101333","2.00758"
"2111101333","1566826779","2.00758"
"1566826779","2117500454","0.0909091"
"2117500454","1566826779","0.0909091"
"1566826779","2148438337","0.0909091"
"2148438337","1566826779","0.0909091"
"1579976528","2044073799","0.0909091"
"2044073799","1579976528","0.0909091"
"1579976528","2111101333","0.0909091"
"2111101333","1579976528","0.0909091"
"1579976528","2148438337","0.0909091"
"2148438337","1579976528","0.0909091"
"1872297260","2044073799","2.49091"
"2044073799","1872297260","2.49091"
"1872297260","2111101333","3.10043"
"2111101333","1872297260","3.10043"
"1872297260","2148438337","5.12424"
"2148438337","1872297260","5.12424"
"2026449948","2044073799","0.0909091"
"2044073799","2026449948","0.0909091"
"2026449948","2111101333","0.324675"
"2111101333","2026449948","0.324675"
"2026449948","2148438337","0.0909091"
"2148438337","2026449948","0.0909091"
"2044073799","2095760637","0.0909091"
"2095760637","2044073799","0.0909091"
"2044073799","2104254650","0.290909"
"2104254650","2044073799","0.290909"
"2044073799","2111101333","0.490909"
"2111101333","2044073799","0.490909"
"2044073799","2117500454","0.0909091"
"2117500454","2044073799","0.0909091"
"2044073799","2148438337","0.0909091"
"2148438337","2044073799","0.0909091"
"2095760637","2111101333","0.917532"
"2111101333","2095760637","0.917532"
"2095760637","2148438337","0.0909091"
"2148438337","2095760637","0.0909091"
"2104254650","2111101333","0.898485"
"2111101333","2104254650","0.898485"
"2104254650","2148438337","0.0909091"
"2148438337","2104254650","0.0909091"
"2111101333","2117500454","0.667532"
"2117500454","2111101333","0.667532"
"2111101333","2148438337","0.590909"
"2148438337","2111101333","0.590909"
"2117500454","2148438337","0.0909091"
"2148438337","2117500454","0.0909091"
"1482615873","2155429317","1"
"2155429317","1482615873","1"
"1482615873","2513506956","0.1"
"2513506956","1482615873","0.1"
"1509405801","2513506956","0.1"
"2513506956","1509405801","0.1"
"1566826779","2124030056","0.266667"
"2124030056","1566826779","0.266667"
"1566826779","2150426251","0.3"
"2150426251","1566826779","0.3"
"1566826779","2154493172","0.966667"
"2154493172","1566826779","0.966667"
"1566826779","2293633287","0.1"
"2293633287","1566826779","0.1"
"1566826779","2513506956","0.1"
"2513506956","1566826779","0.1"
"1872297260","2150426251","1.375"
"2150426251","1872297260","1.375"
"1872297260","2513506956","0.6"
"2513506956","1872297260","0.6"
"2104254650","2150426251","0.565909"
"2150426251","2104254650","0.565909"
"2104254650","2513506956","0.1"
"2513506956","2104254650","0.1"
"2111101333","2124030056","0.533766"
"2124030056","2111101333","0.533766"
"2111101333","2150426251","0.890909"
"2150426251","2111101333","0.890909"
"2111101333","2154493172","0.876623"
"2154493172","2111101333","0.876623"
"2111101333","2293633287","0.690909"
"2293633287","2111101333","0.690909"
"2111101333","2513506956","0.1"
"2513506956","2111101333","0.1"
"2124030056","2513506956","0.1"
"2513506956","2124030056","0.1"
"2150426251","2513506956","0.1"
"2513506956","2150426251","0.1"
"2154493172","2513506956","0.1"
"2513506956","2154493172","0.1"
"2293633287","2513506956","0.1"
"2513506956","2293633287","0.1"
"1487625070","1566826779","0.166667"
"1566826779","1487625070","0.166667"
"1487625070","1872297260","0.166667"
"1872297260","1487625070","0.166667"
"1487625070","1966709388","1.16667"
"1966709388","1487625070","1.16667"
"1487625070","2104254650","0.166667"
"2104254650","1487625070","0.166667"
"1487625070","2111101333","0.166667"
"2111101333","1487625070","0.166667"
"1487625070","2151491842","0.166667"
"2151491842","1487625070","0.166667"
"1966709388","2104254650","0.166667"
"2104254650","1966709388","0.166667"
"1966709388","2111101333","0.366667"
"2111101333","1966709388","0.366667"
"2104254650","2151491842","0.166667"
"2151491842","2104254650","0.166667"
"2111101333","2151491842","1.16667"
"2151491842","2111101333","1.16667"
"1509405801","1598119712","1.03333"
"1598119712","1509405801","1.03333"
"1509405801","2135870733","4.53333"
"2135870733","1509405801","4.53333"
"1598119712","2135870733","3.7"
"2135870733","1598119712","3.7"
"1509405801","2116860113","0.7"
"2116860113","1509405801","0.7"
"2116860113","2135870733","1.84286"
"2135870733","2116860113","1.84286"
"1509405801","2182653411","0.533333"
"2182653411","1509405801","0.533333"
"1598119712","2182653411","2.2"
"2182653411","1598119712","2.2"
"2135870733","2182653411","2.2"
"2182653411","2135870733","2.2"
"1509405801","2116070678","0.0909091"
"2116070678","1509405801","0.0909091"
"1509405801","2974658197","0.0909091"
"2974658197","1509405801","0.0909091"
"2026449948","2116070678","0.340909"
"2116070678","2026449948","0.340909"
"2026449948","2974658197","0.0909091"
"2974658197","2026449948","0.0909091"
"2095760637","2116070678","0.340909"
"2116070678","2095760637","0.340909"
"2095760637","2150426251","0.0909091"
"2150426251","2095760637","0.0909091"
"2095760637","2974658197","0.0909091"
"2974658197","2095760637","0.0909091"
"2104254650","2116070678","0.0909091"
"2116070678","2104254650","0.0909091"
"2111101333","2116070678","0.0909091"
"2116070678","2111101333","0.0909091"
"2111101333","2974658197","0.0909091"
"2974658197","2111101333","0.0909091"
"2116070678","2117500454","0.0909091"
"2117500454","2116070678","0.0909091"
"2116070678","2124030056","0.0909091"
"2124030056","2116070678","0.0909091"
"2116070678","2150426251","0.0909091"
"2150426251","2116070678","0.0909091"
"2116070678","2154493172","0.0909091"
"2154493172","2116070678","0.0909091"
"2116070678","2293633287","0.0909091"
"2293633287","2116070678","0.0909091"
"2116070678","2974658197","0.0909091"
"2974658197","2116070678","0.0909091"
"2117500454","2150426251","0.0909091"
"2150426251","2117500454","0.0909091"
"2117500454","2974658197","0.0909091"
"2974658197","2117500454","0.0909091"
"2124030056","2974658197","0.0909091"
"2974658197","2124030056","0.0909091"
"2150426251","2974658197","0.0909091"
"2974658197","2150426251","0.0909091"
"2154493172","2974658197","0.0909091"
"2974658197","2154493172","0.0909091"
"2293633287","2974658197","0.0909091"
"2974658197","2293633287","0.0909091"
"2150426251","2282990539","1.325"
"2282990539","2150426251","1.325"
"1509405801","2181925557","0.2"
"2181925557","1509405801","0.2"
"1598119712","2116860113","0.2"
"2116860113","1598119712","0.2"
"1598119712","2181925557","0.2"
"2181925557","1598119712","0.2"
"2116860113","2181925557","3.34286"
"2181925557","2116860113","3.34286"
"2116860113","2182653411","0.2"
"2182653411","2116860113","0.2"
"2135870733","2181925557","0.842857"
"2181925557","2135870733","0.842857"
"2181925557","2182653411","0.2"
"2182653411","2181925557","0.2"
"1566826779","2115930606","0.2"
"2115930606","1566826779","0.2"
"1966709388","2044073799","0.533333"
"2044073799","1966709388","0.533333"
"1966709388","2115930606","0.2"
"2115930606","1966709388","0.2"
"2044073799","2115930606","0.2"
"2115930606","2044073799","0.2"
"2111101333","2115930606","0.2"
"2115930606","2111101333","0.2"
"1598119712","2135292514","1.33333"
"2135292514","1598119712","1.33333"
"2135292514","2135870733","1.33333"
"2135870733","2135292514","1.33333"
"1598119712","1872297260","0.333333"
"1872297260","1598119712","0.333333"
"1872297260","2135870733","0.47619"
"2135870733","1872297260","0.47619"
"1872297260","2182653411","0.333333"
"2182653411","1872297260","0.333333"
"2135292514","2182653411","0.333333"
"2182653411","2135292514","0.333333"
"1788426126","2155429317","0.5"
"2155429317","1788426126","0.5"
"2155429317","2254465086","0.5"
"2254465086","2155429317","0.5"
"1788426126","2148438337","0.616667"
"2148438337","1788426126","0.616667"
"1788426126","2974658197","0.7"
"2974658197","1788426126","0.7"
"2148438337","2254465086","0.616667"
"2254465086","2148438337","0.616667"
"2148438337","2282990539","0.95"
"2282990539","2148438337","0.95"
"2148438337","2613232","0.166667"
"2613232","2148438337","0.166667"
"2148438337","2952433669","0.416667"
"2952433669","2148438337","0.416667"
"2148438337","2974658197","0.7"
"2974658197","2148438337","0.7"
"2254465086","2974658197","2.7"
"2974658197","2254465086","2.7"
"2282990539","2974658197","1.86667"
"2974658197","2282990539","1.86667"
"2613232","2974658197","1.33333"
"2974658197","2613232","1.33333"
"2952433669","2974658197","0.166667"
"2974658197","2952433669","0.166667"
"1788426126","2111101333","0.25"
"2111101333","1788426126","0.25"
"2111101333","2254465086","0.25"
"2254465086","2111101333","0.25"
"2111101333","2952433669","0.25"
"2952433669","2111101333","0.25"
"1872297260","2974658197","1.03333"
"2974658197","1872297260","1.03333"
"2026449948","2513506956","0.5"
"2513506956","2026449948","0.5"
"2115930606","2974658197","0.5"
"2974658197","2115930606","0.5"
"2044073799","2282990539","0.2"
"2282990539","2044073799","0.2"
"2044073799","2613232","0.2"
"2613232","2044073799","0.2"
"2111101333","2282990539","0.2"
"2282990539","2111101333","0.2"
"2111101333","2613232","0.2"
"2613232","2111101333","0.2"
"1872297260","2116860113","0.142857"
"2116860113","1872297260","0.142857"
"1872297260","2181925557","0.142857"
"2181925557","1872297260","0.142857"
"2095760637","2116860113","0.142857"
"2116860113","2095760637","0.142857"
"2095760637","2135870733","0.142857"
"2135870733","2095760637","0.142857"
"2095760637","2181925557","0.142857"
"2181925557","2095760637","0.142857"
"2111101333","2116860113","0.142857"
"2116860113","2111101333","0.142857"
"2111101333","2135870733","0.142857"
"2135870733","2111101333","0.142857"
"2111101333","2181925557","0.142857"
"2181925557","2111101333","0.142857"
"2116860113","2117500454","0.142857"
"2117500454","2116860113","0.142857"
"2116860113","2154493172","0.142857"
"2154493172","2116860113","0.142857"
"2117500454","2135870733","0.142857"
"2135870733","2117500454","0.142857"
"2117500454","2181925557","0.142857"
"2181925557","2117500454","0.142857"
"2135870733","2154493172","0.142857"
"2154493172","2135870733","0.142857"
"2154493172","2181925557","0.142857"
"2181925557","2154493172","0.142857"
"1966709388","2974658197","0.333333"
"2974658197","1966709388","0.333333"
"2044073799","2151491842","0.333333"
"2151491842","2044073799","0.333333"
"2044073799","2974658197","0.333333"
"2974658197","2044073799","0.333333"
"2151491842","2974658197","0.333333"
"2974658197","2151491842","0.333333"
"2026449948","2065043957","0.25"
"2065043957","2026449948","0.25"
"2065043957","2095760637","0.25"
"2095760637","2065043957","0.25"
"2065043957","2116070678","26.25"
"2116070678","2065043957","26.25"
"2065043957","2282990539","0.25"
"2282990539","2065043957","0.25"
"2116070678","2282990539","0.25"
"2282990539","2116070678","0.25"
"2026449948","2155429317","0.5"
"2155429317","2026449948","0.5"
"2104254650","2155429317","0.5"
"2155429317","2104254650","0.5"
"2044073799","2124030056","0.5"
"2124030056","2044073799","0.5"
"2044073799","2293633287","0.5"
"2293633287","2044073799","0.5"
"2112576127","2155429317","1"
"2155429317","2112576127","1"
"2116860113","2155429317","1.5"
"2155429317","2116860113","1.5"
"2155429317","2181925557","1.5"
"2181925557","2155429317","1.5"
"2116860113","2151491842","0.5"
"2151491842","2116860113","0.5"
"2135870733","2151491842","0.5"
"2151491842","2135870733","0.5"
"2150426251","2155429317","1"
"2155429317","2150426251","1"
"2155429317","2486075105","0.5"
"2486075105","2155429317","0.5"
"2155429317","2974658197","0.5"
"2974658197","2155429317","0.5"
"2486075105","2974658197","0.5"
"2974658197","2486075105","0.5"
"2155429317","2513506956","1"
"2513506956","2155429317","1"
"2282990539","2513506956","0.5"
"2513506956","2282990539","0.5"
"2513506956","2613232","0.5"
"2613232","2513506956","0.5"
