"1047306120","1498974414","1.52965"
"1498974414","1047306120","1.52965"
"1047306120","1747872978","2.03799"
"1747872978","1047306120","2.03799"
"1047306120","2002733966","0.531385"
"2002733966","1047306120","0.531385"
"1047306120","2163840449","1.36735"
"2163840449","1047306120","1.36735"
"1047306120","2262139624","3.14488"
"2262139624","1047306120","3.14488"
"1047306120","2478859674","1.54751"
"2478859674","1047306120","1.54751"
"1047306120","2492802144","1.18799"
"2492802144","1047306120","1.18799"
"1047306120","2538582170","0.302271"
"2538582170","1047306120","0.302271"
"1047306120","2561624330","2.17821"
"2561624330","1047306120","2.17821"
"1047306120","2605225720","0.587985"
"2605225720","1047306120","0.587985"
"1047306120","2769200374","0.583766"
"2769200374","1047306120","0.583766"
"1498974414","1747872978","0.987985"
"1747872978","1498974414","0.987985"
"1498974414","2002733966","1.03139"
"2002733966","1498974414","1.03139"
"1498974414","2163840449","1.00783"
"2163840449","1498974414","1.00783"
"1498974414","2262139624","1.49488"
"2262139624","1498974414","1.49488"
"1498974414","2478859674","1.80465"
"2478859674","1498974414","1.80465"
"1498974414","2492802144","2.91179"
"2492802144","1498974414","2.91179"
"1498974414","2538582170","1.0856"
"2538582170","1498974414","1.0856"
"1498974414","2561624330","1.01154"
"2561624330","1498974414","1.01154"
"1498974414","2605225720","1.27846"
"2605225720","1498974414","1.27846"
"1498974414","2769200374","0.0909091"
"2769200374","1498974414","0.0909091"
"1747872978","2002733966","0.281385"
"2002733966","1747872978","0.281385"
"1747872978","2163840449","0.19116"
"2163840449","1747872978","0.19116"
"1747872978","2262139624","6.34488"
"2262139624","1747872978","6.34488"
"1747872978","2478859674","0.956239"
"2478859674","1747872978","0.956239"
"1747872978","2492802144","1.15624"
"2492802144","1747872978","1.15624"
"1747872978","2538582170","0.835604"
"2538582170","1747872978","0.835604"
"1747872978","2561624330","2.70599"
"2561624330","1747872978","2.70599"
"1747872978","2605225720","0.302271"
"2605225720","1747872978","0.302271"
"1747872978","2769200374","1.50043"
"2769200374","1747872978","1.50043"
"2002733966","2163840449","2.47186"
"2163840449","2002733966","2.47186"
"2002733966","2262139624","0.531385"
"2262139624","2002733966","0.531385"
"2002733966","2478859674","0.531385"
"2478859674","2002733966","0.531385"
"2002733966","2492802144","0.531385"
"2492802144","2002733966","0.531385"
"2002733966","2538582170","0.638528"
"2538582170","2002733966","0.638528"
"2002733966","2561624330","0.281385"
"2561624330","2002733966","0.281385"
"2002733966","2605225720","0.388528"
"2605225720","2002733966","0.388528"
"2002733966","2769200374","1.09091"
"2769200374","2002733966","1.09091"
"2163840449","2262139624","0.338528"
"2262139624","2163840449","0.338528"
"2163840449","2478859674","0.734017"
"2478859674","2163840449","0.734017"
"2163840449","2492802144","0.984017"
"2492802144","2163840449","0.984017"
"2163840449","2538582170","2.10783"
"2538582170","2163840449","2.10783"
"2163840449","2561624330","0.638528"
"2561624330","2163840449","0.638528"
"2163840449","2605225720","0.584017"
"2605225720","2163840449","0.584017"
"2163840449","2769200374","0.0909091"
"2769200374","2163840449","0.0909091"
"2262139624","2478859674","2.35202"
"2478859674","2262139624","2.35202"
"2262139624","2492802144","1.37583"
"2492802144","2262139624","1.37583"
"2262139624","2538582170","0.449639"
"2538582170","2262139624","0.449639"
"2262139624","2561624330","5.2044"
"2561624330","2262139624","5.2044"
"2262139624","2605225720","0.392496"
"2605225720","2262139624","0.392496"
"2262139624","2769200374","1.50043"
"2769200374","2262139624","1.50043"
"2478859674","2492802144","8.86576"
"2492802144","2478859674","8.86576"
"2478859674","2538582170","0.502271"
"2538582170","2478859674","0.502271"
"2478859674","2561624330","2.68218"
"2561624330","2478859674","2.68218"
"2478859674","2605225720","4.45703"
"2605225720","2478859674","4.45703"
"2478859674","2769200374","0.0909091"
"2769200374","2478859674","0.0909091"
"2492802144","2538582170","0.877271"
"2538582170","2492802144","0.877271"
"2492802144","2561624330","5.26313"
"2561624330","2492802144","5.26313"
"2492802144","2605225720","4.07013"
"2605225720","2492802144","4.07013"
"2492802144","2769200374","0.233766"
"2769200374","2492802144","0.233766"
"2538582170","2561624330","2.24964"
"2561624330","2538582170","2.24964"
"2538582170","2605225720","0.986795"
"2605225720","2538582170","0.986795"
"2538582170","2769200374","0.0909091"
"2769200374","2538582170","0.0909091"
"2561624330","2605225720","1.84488"
"2605225720","2561624330","1.84488"
"2561624330","2769200374","1.55996"
"2769200374","2561624330","1.55996"
"2605225720","2769200374","2.09091"
"2769200374","2605225720","2.09091"
"1047306120","2288353948","1.42525"
"2288353948","1047306120","1.42525"
"1047306120","2346551912","3.04311"
"2346551912","1047306120","3.04311"
"2163840449","2288353948","2.93358"
"2288353948","2163840449","2.93358"
"2163840449","2346551912","1.35025"
"2346551912","2163840449","1.35025"
"2288353948","2346551912","2.97644"
"2346551912","2288353948","2.97644"
"1047306120","2509426339","1.01096"
"2509426339","1047306120","1.01096"
"1047306120","2559512977","0.634524"
"2559512977","1047306120","0.634524"
"1047306120","2753121224","3.12565"
"2753121224","1047306120","3.12565"
"2163840449","2509426339","0.243108"
"2509426339","2163840449","0.243108"
"2163840449","2559512977","2.14286"
"2559512977","2163840449","2.14286"
"2163840449","2753121224","0.395489"
"2753121224","2163840449","0.395489"
"2478859674","2509426339","0.839933"
"2509426339","2478859674","0.839933"
"2478859674","2559512977","0.739683"
"2559512977","2478859674","0.739683"
"2478859674","2753121224","2.04628"
"2753121224","2478859674","2.04628"
"2492802144","2509426339","3.18874"
"2509426339","2492802144","3.18874"
"2492802144","2559512977","2.38849"
"2559512977","2492802144","2.38849"
"2492802144","2753121224","2.21057"
"2753121224","2492802144","2.21057"
"2509426339","2559512977","1.91587"
"2559512977","2509426339","1.91587"
"2509426339","2605225720","1.65382"
"2605225720","2509426339","1.65382"
"2509426339","2753121224","2.85422"
"2753121224","2509426339","2.85422"
"2559512977","2605225720","0.553571"
"2605225720","2559512977","0.553571"
"2559512977","2753121224","1.04921"
"2753121224","2559512977","1.04921"
"2605225720","2753121224","1.5447"
"2753121224","2605225720","1.5447"
"1047306120","1574539364","0.500251"
"1574539364","1047306120","0.500251"
"1498974414","1574539364","7.14311"
"1574539364","1498974414","7.14311"
"1574539364","2163840449","0.800251"
"2163840449","1574539364","0.800251"
"1574539364","2478859674","0.500251"
"2478859674","1574539364","0.500251"
"1574539364","2492802144","1.50025"
"2492802144","1574539364","1.50025"
"1047306120","1918088543","0.800251"
"1918088543","1047306120","0.800251"
"1918088543","2288353948","3.44311"
"2288353948","1918088543","3.44311"
"1918088543","2346551912","1.42089"
"2346551912","1918088543","1.42089"
"1918088543","2559512977","6.51111"
"2559512977","1918088543","6.51111"
"1918088543","2753121224","0.5066"
"2753121224","1918088543","0.5066"
"2288353948","2559512977","4.4"
"2559512977","2288353948","4.4"
"2288353948","2753121224","1.22882"
"2753121224","2288353948","1.22882"
"2346551912","2559512977","1.07063"
"2559512977","2346551912","1.07063"
"2346551912","2753121224","2.8685"
"2753121224","2346551912","2.8685"
"1047306120","2518202231","2.72525"
"2518202231","1047306120","2.72525"
"1498974414","2753121224","0.816124"
"2753121224","1498974414","0.816124"
"1747872978","2753121224","1.72723"
"2753121224","1747872978","1.72723"
"2262139624","2753121224","3.62302"
"2753121224","2262139624","3.62302"
"2538582170","2753121224","0.3066"
"2753121224","2538582170","0.3066"
"2561624330","2753121224","5.57937"
"2753121224","2561624330","5.57937"
"1047306120","1978376078","0.200251"
"1978376078","1047306120","0.200251"
"1047306120","2512892050","0.325251"
"2512892050","1047306120","0.325251"
"1047306120","2517088709","0.225"
"2517088709","1047306120","0.225"
"1747872978","1978376078","0.200251"
"1978376078","1747872978","0.200251"
"1747872978","2346551912","1.51374"
"2346551912","1747872978","1.51374"
"1747872978","2509426339","1.49708"
"2509426339","1747872978","1.49708"
"1747872978","2512892050","0.200251"
"2512892050","1747872978","0.200251"
"1747872978","2517088709","0.211111"
"2517088709","1747872978","0.211111"
"1978376078","2262139624","0.147619"
"2262139624","1978376078","0.147619"
"1978376078","2346551912","0.200251"
"2346551912","1978376078","0.200251"
"1978376078","2509426339","0.200251"
"2509426339","1978376078","0.200251"
"1978376078","2512892050","0.200251"
"2512892050","1978376078","0.200251"
"1978376078","2517088709","0.1"
"2517088709","1978376078","0.1"
"1978376078","2561624330","0.147619"
"2561624330","1978376078","0.147619"
"1978376078","2753121224","0.152632"
"2753121224","1978376078","0.152632"
"1978376078","2769200374","0.1"
"2769200374","1978376078","0.1"
"2262139624","2346551912","1.35"
"2346551912","2262139624","1.35"
"2262139624","2509426339","1.66667"
"2509426339","2262139624","1.66667"
"2262139624","2512892050","0.347619"
"2512892050","2262139624","0.347619"
"2262139624","2517088709","0.1"
"2517088709","2262139624","0.1"
"2346551912","2509426339","2.13993"
"2509426339","2346551912","2.13993"
"2346551912","2512892050","0.959774"
"2512892050","2346551912","0.959774"
"2346551912","2517088709","0.353968"
"2517088709","2346551912","0.353968"
"2346551912","2561624330","1.60397"
"2561624330","2346551912","1.60397"
"2346551912","2769200374","0.492857"
"2769200374","2346551912","0.492857"
"2509426339","2512892050","2.35025"
"2512892050","2509426339","2.35025"
"2509426339","2517088709","0.621825"
"2517088709","2509426339","0.621825"
"2509426339","2561624330","4.70635"
"2561624330","2509426339","4.70635"
"2509426339","2769200374","0.385714"
"2769200374","2509426339","0.385714"
"2512892050","2517088709","0.725"
"2517088709","2512892050","0.725"
"2512892050","2561624330","0.314286"
"2561624330","2512892050","0.314286"
"2512892050","2753121224","0.295489"
"2753121224","2512892050","0.295489"
"2512892050","2769200374","0.6"
"2769200374","2512892050","0.6"
"2517088709","2561624330","0.496825"
"2561624330","2517088709","0.496825"
"2517088709","2753121224","0.496825"
"2753121224","2517088709","0.496825"
"2517088709","2769200374","0.1"
"2769200374","2517088709","0.1"
"2753121224","2769200374","2.21905"
"2769200374","2753121224","2.21905"
"1747872978","2288353948","0.433584"
"2288353948","1747872978","0.433584"
"1747872978","2559512977","0.277778"
"2559512977","1747872978","0.277778"
"2262139624","2288353948","0.580952"
"2288353948","2262139624","0.580952"
"2262139624","2559512977","0.366667"
"2559512977","2262139624","0.366667"
"1047306120","2605738864","0.125"
"2605738864","1047306120","0.125"
"1498974414","2288353948","1.64192"
"2288353948","1498974414","1.64192"
"1498974414","2509426339","0.368108"
"2509426339","1498974414","0.368108"
"1498974414","2512892050","0.891917"
"2512892050","1498974414","0.891917"
"1498974414","2517088709","0.125"
"2517088709","1498974414","0.125"
"1498974414","2518202231","0.725251"
"2518202231","1498974414","0.725251"
"1498974414","2559512977","0.125"
"2559512977","1498974414","0.125"
"1498974414","2605738864","0.625"
"2605738864","1498974414","0.625"
"2288353948","2509426339","2.41692"
"2509426339","2288353948","2.41692"
"2288353948","2512892050","7.39311"
"2512892050","2288353948","7.39311"
"2288353948","2517088709","0.625"
"2517088709","2288353948","0.625"
"2288353948","2518202231","1.60025"
"2518202231","2288353948","1.60025"
"2288353948","2605738864","0.833333"
"2605738864","2288353948","0.833333"
"2509426339","2518202231","3.49311"
"2518202231","2509426339","3.49311"
"2509426339","2605738864","1.05952"
"2605738864","2509426339","1.05952"
"2512892050","2518202231","0.933584"
"2518202231","2512892050","0.933584"
"2512892050","2559512977","2.86667"
"2559512977","2512892050","2.86667"
"2512892050","2605738864","1.83333"
"2605738864","2512892050","1.83333"
"2517088709","2518202231","0.125"
"2518202231","2517088709","0.125"
"2517088709","2559512977","0.521825"
"2559512977","2517088709","0.521825"
"2517088709","2605738864","0.125"
"2605738864","2517088709","0.125"
"2518202231","2559512977","0.97619"
"2559512977","2518202231","0.97619"
"2518202231","2605738864","1.97619"
"2605738864","2518202231","1.97619"
"2559512977","2605738864","0.642857"
"2605738864","2559512977","0.642857"
"1047306120","1903421320","0.892857"
"1903421320","1047306120","0.892857"
"1498974414","1903421320","1.97619"
"1903421320","1498974414","1.97619"
"1903421320","2262139624","0.559524"
"2262139624","1903421320","0.559524"
"1903421320","2478859674","0.892857"
"2478859674","1903421320","0.892857"
"1903421320","2561624330","0.47619"
"2561624330","1903421320","0.47619"
"1903421320","2753121224","0.309524"
"2753121224","1903421320","0.309524"
"1903421320","2605225720","2.89286"
"2605225720","1903421320","2.89286"
"2518202231","2753121224","0.695489"
"2753121224","2518202231","0.695489"
"1747872978","1903421320","0.25"
"1903421320","1747872978","0.25"
"1903421320","2769200374","0.25"
"2769200374","1903421320","0.25"
"1047306120","2583267683","0.433584"
"2583267683","1047306120","0.433584"
"1047306120","2896228763","0.333333"
"2896228763","1047306120","0.333333"
"1903421320","2583267683","4.5"
"2583267683","1903421320","4.5"
"1903421320","2896228763","0.833333"
"2896228763","1903421320","0.833333"
"2583267683","2896228763","1.83333"
"2896228763","2583267683","1.83333"
"1047306120","1946756238","0.100251"
"1946756238","1047306120","0.100251"
"1047306120","1948061183","0.100251"
"1948061183","1047306120","0.100251"
"1498974414","1918088543","2.26692"
"1918088543","1498974414","2.26692"
"1498974414","1946756238","2.26692"
"1946756238","1498974414","2.26692"
"1498974414","1948061183","0.100251"
"1948061183","1498974414","0.100251"
"1498974414","1978376078","0.100251"
"1978376078","1498974414","0.100251"
"1498974414","2346551912","1.32644"
"2346551912","1498974414","1.32644"
"1498974414","2583267683","0.266917"
"2583267683","1498974414","0.266917"
"1574539364","1747872978","0.443108"
"1747872978","1574539364","0.443108"
"1574539364","1918088543","0.433584"
"1918088543","1574539364","0.433584"
"1574539364","1946756238","0.600251"
"1946756238","1574539364","0.600251"
"1574539364","1948061183","0.433584"
"1948061183","1574539364","0.433584"
"1574539364","1978376078","0.600251"
"1978376078","1574539364","0.600251"
"1574539364","2288353948","0.100251"
"2288353948","1574539364","0.100251"
"1574539364","2346551912","1.24311"
"2346551912","1574539364","1.24311"
"1574539364","2509426339","0.243108"
"2509426339","1574539364","0.243108"
"1574539364","2512892050","0.100251"
"2512892050","1574539364","0.100251"
"1574539364","2518202231","0.433584"
"2518202231","1574539364","0.433584"
"1574539364","2538582170","0.100251"
"2538582170","1574539364","0.100251"
"1574539364","2583267683","0.100251"
"2583267683","1574539364","0.100251"
"1574539364","2605225720","0.433584"
"2605225720","1574539364","0.433584"
"1574539364","2753121224","0.195489"
"2753121224","1574539364","0.195489"
"1747872978","1918088543","0.211362"
"1918088543","1747872978","0.211362"
"1747872978","1946756238","0.100251"
"1946756238","1747872978","0.100251"
"1747872978","1948061183","0.100251"
"1948061183","1747872978","0.100251"
"1747872978","2518202231","0.433584"
"2518202231","1747872978","0.433584"
"1747872978","2583267683","0.100251"
"2583267683","1747872978","0.100251"
"1918088543","1946756238","0.266917"
"1946756238","1918088543","0.266917"
"1918088543","1948061183","3.10025"
"1948061183","1918088543","3.10025"
"1918088543","1978376078","0.100251"
"1978376078","1918088543","0.100251"
"1918088543","2163840449","0.266917"
"2163840449","1918088543","0.266917"
"1918088543","2478859674","0.994695"
"2478859674","1918088543","0.994695"
"1918088543","2492802144","2.2447"
"2492802144","1918088543","2.2447"
"1918088543","2509426339","0.744695"
"2509426339","1918088543","0.744695"
"1918088543","2512892050","0.409774"
"2512892050","1918088543","0.409774"
"1918088543","2518202231","0.433584"
"2518202231","1918088543","0.433584"
"1918088543","2538582170","0.743108"
"2538582170","1918088543","0.743108"
"1918088543","2583267683","0.493108"
"2583267683","1918088543","0.493108"
"1918088543","2605225720","0.409774"
"2605225720","1918088543","0.409774"
"1946756238","1948061183","1.60025"
"1948061183","1946756238","1.60025"
"1946756238","1978376078","1.10025"
"1978376078","1946756238","1.10025"
"1946756238","2163840449","0.766917"
"2163840449","1946756238","0.766917"
"1946756238","2288353948","0.800251"
"2288353948","1946756238","0.800251"
"1946756238","2346551912","1.96692"
"2346551912","1946756238","1.96692"
"1946756238","2478859674","0.100251"
"2478859674","1946756238","0.100251"
"1946756238","2492802144","0.100251"
"2492802144","1946756238","0.100251"
"1946756238","2509426339","0.300251"
"2509426339","1946756238","0.300251"
"1946756238","2512892050","0.300251"
"2512892050","1946756238","0.300251"
"1946756238","2518202231","0.100251"
"2518202231","1946756238","0.100251"
"1946756238","2538582170","0.266917"
"2538582170","1946756238","0.266917"
"1946756238","2583267683","0.300251"
"2583267683","1946756238","0.300251"
"1946756238","2605225720","0.433584"
"2605225720","1946756238","0.433584"
"1946756238","2753121224","0.0526316"
"2753121224","1946756238","0.0526316"
"1948061183","1978376078","0.100251"
"1978376078","1948061183","0.100251"
"1948061183","2163840449","0.100251"
"2163840449","1948061183","0.100251"
"1948061183","2288353948","0.100251"
"2288353948","1948061183","0.100251"
"1948061183","2346551912","0.933584"
"2346551912","1948061183","0.933584"
"1948061183","2478859674","0.100251"
"2478859674","1948061183","0.100251"
"1948061183","2492802144","0.100251"
"2492802144","1948061183","0.100251"
"1948061183","2509426339","0.433584"
"2509426339","1948061183","0.433584"
"1948061183","2512892050","0.100251"
"2512892050","1948061183","0.100251"
"1948061183","2518202231","0.100251"
"2518202231","1948061183","0.100251"
"1948061183","2538582170","0.433584"
"2538582170","1948061183","0.433584"
"1948061183","2583267683","0.100251"
"2583267683","1948061183","0.100251"
"1948061183","2605225720","0.100251"
"2605225720","1948061183","0.100251"
"1948061183","2753121224","0.0526316"
"2753121224","1948061183","0.0526316"
"1978376078","2163840449","4.60025"
"2163840449","1978376078","4.60025"
"1978376078","2288353948","1.10025"
"2288353948","1978376078","1.10025"
"1978376078","2478859674","0.100251"
"2478859674","1978376078","0.100251"
"1978376078","2492802144","0.100251"
"2492802144","1978376078","0.100251"
"1978376078","2518202231","0.100251"
"2518202231","1978376078","0.100251"
"1978376078","2538582170","0.100251"
"2538582170","1978376078","0.100251"
"1978376078","2583267683","0.100251"
"2583267683","1978376078","0.100251"
"1978376078","2605225720","0.100251"
"2605225720","1978376078","0.100251"
"2163840449","2512892050","0.433584"
"2512892050","2163840449","0.433584"
"2163840449","2518202231","0.100251"
"2518202231","2163840449","0.100251"
"2163840449","2583267683","0.350251"
"2583267683","2163840449","0.350251"
"2288353948","2478859674","0.100251"
"2478859674","2288353948","0.100251"
"2288353948","2492802144","1.89192"
"2492802144","2288353948","1.89192"
"2288353948","2538582170","2.53477"
"2538582170","2288353948","2.53477"
"2288353948","2583267683","2.22644"
"2583267683","2288353948","2.22644"
"2288353948","2605225720","0.868108"
"2605225720","2288353948","0.868108"
"2346551912","2478859674","0.554219"
"2478859674","2346551912","0.554219"
"2346551912","2492802144","0.411362"
"2492802144","2346551912","0.411362"
"2346551912","2518202231","1.10025"
"2518202231","2346551912","1.10025"
"2346551912","2538582170","0.659774"
"2538582170","2346551912","0.659774"
"2346551912","2583267683","6.69311"
"2583267683","2346551912","6.69311"
"2346551912","2605225720","0.552632"
"2605225720","2346551912","0.552632"
"2478859674","2512892050","0.100251"
"2512892050","2478859674","0.100251"
"2478859674","2518202231","4.01692"
"2518202231","2478859674","4.01692"
"2478859674","2583267683","0.350251"
"2583267683","2478859674","0.350251"
"2492802144","2512892050","2.05858"
"2512892050","2492802144","2.05858"
"2492802144","2518202231","4.28477"
"2518202231","2492802144","4.28477"
"2492802144","2583267683","1.43358"
"2583267683","2492802144","1.43358"
"2509426339","2538582170","0.891917"
"2538582170","2509426339","0.891917"
"2509426339","2583267683","1.08358"
"2583267683","2509426339","1.08358"
"2512892050","2538582170","0.868108"
"2538582170","2512892050","0.868108"
"2512892050","2583267683","1.64311"
"2583267683","2512892050","1.64311"
"2512892050","2605225720","1.20144"
"2605225720","2512892050","1.20144"
"2518202231","2538582170","0.558584"
"2538582170","2518202231","0.558584"
"2518202231","2583267683","1.10025"
"2583267683","2518202231","1.10025"
"2518202231","2605225720","5.14192"
"2605225720","2518202231","5.14192"
"2538582170","2583267683","5.15977"
"2583267683","2538582170","5.15977"
"2583267683","2605225720","1.57644"
"2605225720","2583267683","1.57644"
"2583267683","2753121224","0.862155"
"2753121224","2583267683","0.862155"
"1574539364","2002733966","0.547619"
"2002733966","1574539364","0.547619"
"1574539364","2262139624","0.190476"
"2262139624","1574539364","0.190476"
"1574539364","2561624330","0.190476"
"2561624330","1574539364","0.190476"
"1918088543","2002733966","0.047619"
"2002733966","1918088543","0.047619"
"1918088543","2262139624","0.297619"
"2262139624","1918088543","0.297619"
"1918088543","2561624330","1.24206"
"2561624330","1918088543","1.24206"
"1946756238","2002733966","0.547619"
"2002733966","1946756238","0.547619"
"1946756238","2262139624","0.047619"
"2262139624","1946756238","0.047619"
"1946756238","2561624330","0.047619"
"2561624330","1946756238","0.047619"
"1948061183","2002733966","0.047619"
"2002733966","1948061183","0.047619"
"1948061183","2262139624","1.04762"
"2262139624","1948061183","1.04762"
"1948061183","2561624330","0.047619"
"2561624330","1948061183","0.047619"
"1978376078","2002733966","0.047619"
"2002733966","1978376078","0.047619"
"2002733966","2288353948","1.88095"
"2288353948","2002733966","1.88095"
"2002733966","2346551912","0.047619"
"2346551912","2002733966","0.047619"
"2002733966","2509426339","0.797619"
"2509426339","2002733966","0.797619"
"2002733966","2512892050","0.630952"
"2512892050","2002733966","0.630952"
"2002733966","2518202231","0.047619"
"2518202231","2002733966","0.047619"
"2002733966","2583267683","0.297619"
"2583267683","2002733966","0.297619"
"2262139624","2518202231","0.047619"
"2518202231","2262139624","0.047619"
"2262139624","2583267683","0.497619"
"2583267683","2262139624","0.497619"
"2288353948","2561624330","0.714286"
"2561624330","2288353948","0.714286"
"2518202231","2561624330","0.190476"
"2561624330","2518202231","0.190476"
"2561624330","2583267683","0.297619"
"2583267683","2561624330","0.297619"
"1047306120","2605876315","1"
"2605876315","1047306120","1"
"1903421320","1918088543","0.166667"
"1918088543","1903421320","0.166667"
"1903421320","2346551912","0.166667"
"2346551912","1903421320","0.166667"
"1903421320","2512892050","2.91667"
"2512892050","1903421320","2.91667"
"1903421320","1946756238","0.833333"
"1946756238","1903421320","0.833333"
"1903421320","2492802144","0.583333"
"2492802144","1903421320","0.583333"
"1918088543","2605738864","1.33333"
"2605738864","1918088543","1.33333"
"1903421320","2288353948","1.75"
"2288353948","1903421320","1.75"
"1903421320","2538582170","0.666667"
"2538582170","1903421320","0.666667"
"1574539364","1903421320","2.5"
"1903421320","1574539364","2.5"
"1574539364","2559512977","0.333333"
"2559512977","1574539364","0.333333"
"1948061183","2559512977","9.83333"
"2559512977","1948061183","9.83333"
"1574539364","2770141764","0.333333"
"2770141764","1574539364","0.333333"
"2518202231","2770141764","0.333333"
"2770141764","2518202231","0.333333"
"2605225720","2770141764","1.33333"
"2770141764","2605225720","1.33333"
"1747872978","2605738864","1"
"2605738864","1747872978","1"
"1918088543","2517088709","0.111111"
"2517088709","1918088543","0.111111"
"2478859674","2517088709","0.396825"
"2517088709","2478859674","0.396825"
"2492802144","2517088709","0.111111"
"2517088709","2492802144","0.111111"
"2559512977","2561624330","1.20635"
"2561624330","2559512977","1.20635"
"1903421320","2518202231","2.08333"
"2518202231","1903421320","2.08333"
"1903421320","1978376078","2"
"1978376078","1903421320","2"
"1903421320","2002733966","0.75"
"2002733966","1903421320","0.75"
"1903421320","2509426339","0.75"
"2509426339","1903421320","0.75"
"1903421320","2517088709","1"
"2517088709","1903421320","1"
"1948061183","2605738864","0.833333"
"2605738864","1948061183","0.833333"
"2538582170","2605738864","0.458333"
"2605738864","2538582170","0.458333"
"2559512977","2583267683","1.03333"
"2583267683","2559512977","1.03333"
"2492802144","2605738864","0.60119"
"2605738864","2492802144","0.60119"
"2538582170","2559512977","0.125"
"2559512977","2538582170","0.125"
"2605225720","2605738864","0.125"
"2605738864","2605225720","0.125"
"2517088709","2605225720","0.285714"
"2605225720","2517088709","0.285714"
"2478859674","2605876315","0.392857"
"2605876315","2478859674","0.392857"
"2478859674","2770141764","0.25"
"2770141764","2478859674","0.25"
"2561624330","2605876315","0.392857"
"2605876315","2561624330","0.392857"
"2561624330","2770141764","1.58333"
"2770141764","2561624330","1.58333"
"2605876315","2753121224","4.05952"
"2753121224","2605876315","4.05952"
"2605876315","2770141764","0.25"
"2770141764","2605876315","0.25"
"2753121224","2770141764","1.58333"
"2770141764","2753121224","1.58333"
"2509426339","2605876315","0.142857"
"2605876315","2509426339","0.142857"
"2517088709","2605876315","0.142857"
"2605876315","2517088709","0.142857"
"2559512977","2605876315","0.142857"
"2605876315","2559512977","0.142857"
"2605225720","2605876315","0.809524"
"2605876315","2605225720","0.809524"
"2518202231","2769200374","0.142857"
"2769200374","2518202231","0.142857"
"2559512977","2769200374","0.142857"
"2769200374","2559512977","0.142857"
"2561624330","2605738864","0.142857"
"2605738864","2561624330","0.142857"
"2605738864","2753121224","0.142857"
"2753121224","2605738864","0.142857"
"2605738864","2769200374","0.142857"
"2769200374","2605738864","0.142857"
"2492802144","2770141764","0.333333"
"2770141764","2492802144","0.333333"
"2583267683","2769200374","0.5"
"2769200374","2583267683","0.5"
"2583267683","2605876315","1.66667"
"2605876315","2583267683","1.66667"
"2753121224","2896228763","1"
"2896228763","2753121224","1"
"2769200374","2770141764","3"
"2770141764","2769200374","3"
