"1502612012","2109219878","2.01786"
"2109219878","1502612012","2.01786"
"1502612012","2112022457","15.2679"
"2112022457","1502612012","15.2679"
"1502612012","2131821445","2.20119"
"2131821445","1502612012","2.20119"
"1502612012","2159059513","3.60119"
"2159059513","1502612012","3.60119"
"1502612012","332253968","2.01786"
"332253968","1502612012","2.01786"
"2109219878","2112022457","2.01786"
"2112022457","2109219878","2.01786"
"2109219878","2131821445","1.62183"
"2131821445","2109219878","1.62183"
"2109219878","2159059513","23.698"
"2159059513","2109219878","23.698"
"2109219878","332253968","19.3647"
"332253968","2109219878","19.3647"
"2112022457","2131821445","2.95119"
"2131821445","2112022457","2.95119"
"2112022457","2159059513","2.26786"
"2159059513","2112022457","2.26786"
"2112022457","332253968","1.68452"
"332253968","2112022457","1.68452"
"2131821445","2159059513","2.37183"
"2159059513","2131821445","2.37183"
"2131821445","332253968","2.12183"
"332253968","2131821445","2.12183"
"2159059513","332253968","19.3647"
"332253968","2159059513","19.3647"
"1502612012","2051713970","0.5"
"2051713970","1502612012","0.5"
"2051713970","2112022457","0.5"
"2112022457","2051713970","0.5"
"1502612012","2006611045","0.125"
"2006611045","1502612012","0.125"
"1502612012","2106933078","0.125"
"2106933078","1502612012","0.125"
"1502612012","2118410985","0.60119"
"2118410985","1502612012","0.60119"
"2006611045","2106933078","3.9623"
"2106933078","2006611045","3.9623"
"2006611045","2109219878","0.712302"
"2109219878","2006611045","0.712302"
"2006611045","2112022457","0.125"
"2112022457","2006611045","0.125"
"2006611045","2118410985","5.4623"
"2118410985","2006611045","5.4623"
"2006611045","2131821445","0.236111"
"2131821445","2006611045","0.236111"
"2006611045","2159059513","0.795635"
"2159059513","2006611045","0.795635"
"2006611045","332253968","0.378968"
"332253968","2006611045","0.378968"
"2106933078","2109219878","0.378968"
"2109219878","2106933078","0.378968"
"2106933078","2112022457","0.125"
"2112022457","2106933078","0.125"
"2106933078","2118410985","2.9623"
"2118410985","2106933078","2.9623"
"2106933078","2131821445","0.736111"
"2131821445","2106933078","0.736111"
"2106933078","2159059513","0.628968"
"2159059513","2106933078","0.628968"
"2106933078","332253968","0.378968"
"332253968","2106933078","0.378968"
"2109219878","2118410985","2.69802"
"2118410985","2109219878","2.69802"
"2112022457","2118410985","0.267857"
"2118410985","2112022457","0.267857"
"2118410985","2131821445","2.02183"
"2131821445","2118410985","2.02183"
"2118410985","2159059513","3.11468"
"2159059513","2118410985","3.11468"
"2118410985","332253968","1.61468"
"332253968","2118410985","1.61468"
"1502612012","1590050693","1.4"
"1590050693","1502612012","1.4"
"1502612012","1816718056","0.416667"
"1816718056","1502612012","0.416667"
"1590050693","1816718056","0.666667"
"1816718056","1590050693","0.666667"
"1590050693","2109219878","3.52063"
"2109219878","1590050693","3.52063"
"1590050693","2112022457","1.15"
"2112022457","1590050693","1.15"
"1590050693","2159059513","5.10397"
"2159059513","1590050693","5.10397"
"1590050693","332253968","2.6873"
"332253968","1590050693","2.6873"
"1816718056","2109219878","0.416667"
"2109219878","1816718056","0.416667"
"1816718056","2112022457","0.166667"
"2112022457","1816718056","0.166667"
"1816718056","2159059513","0.916667"
"2159059513","1816718056","0.916667"
"1816718056","332253968","0.166667"
"332253968","1816718056","0.166667"
"1502612012","2414972958","0.72619"
"2414972958","1502612012","0.72619"
"2112022457","2414972958","1.47619"
"2414972958","2112022457","1.47619"
"2131821445","2414972958","1.72619"
"2414972958","2131821445","1.72619"
"1502612012","1971471415","1"
"1971471415","1502612012","1"
"1590050693","2131821445","0.611111"
"2131821445","1590050693","0.611111"
"2109219878","2414972958","0.47619"
"2414972958","2109219878","0.47619"
"2118410985","2414972958","2.05952"
"2414972958","2118410985","2.05952"
"2159059513","2414972958","0.642857"
"2414972958","2159059513","0.642857"
"2414972958","332253968","0.47619"
"332253968","2414972958","0.47619"
"1590050693","2118410985","2.0373"
"2118410985","1590050693","2.0373"
"1590050693","2414972958","0.25"
"2414972958","1590050693","0.25"
"1816718056","2131821445","5.75"
"2131821445","1816718056","5.75"
"1816718056","2414972958","1.25"
"2414972958","1816718056","1.25"
"1590050693","2006611045","0.253968"
"2006611045","1590050693","0.253968"
"1590050693","2051713970","0.592857"
"2051713970","1590050693","0.592857"
"1590050693","2106933078","0.253968"
"2106933078","1590050693","0.253968"
"2006611045","2051713970","0.47619"
"2051713970","2006611045","0.47619"
"2051713970","2106933078","0.47619"
"2106933078","2051713970","0.47619"
"2051713970","2109219878","0.735714"
"2109219878","2051713970","0.735714"
"2051713970","2118410985","3.81905"
"2118410985","2051713970","3.81905"
"2051713970","2159059513","0.735714"
"2159059513","2051713970","0.735714"
"2051713970","332253968","0.485714"
"332253968","2051713970","0.485714"
"1590050693","2121780525","0.111111"
"2121780525","1590050693","0.111111"
"1590050693","2141988808","0.361111"
"2141988808","1590050693","0.361111"
"2006611045","2121780525","0.444444"
"2121780525","2006611045","0.444444"
"2006611045","2141988808","0.527778"
"2141988808","2006611045","0.527778"
"2106933078","2121780525","0.111111"
"2121780525","2106933078","0.111111"
"2106933078","2141988808","0.861111"
"2141988808","2106933078","0.861111"
"2109219878","2121780525","0.444444"
"2121780525","2109219878","0.444444"
"2109219878","2141988808","0.361111"
"2141988808","2109219878","0.361111"
"2118410985","2121780525","0.444444"
"2121780525","2118410985","0.444444"
"2118410985","2141988808","8.52778"
"2141988808","2118410985","8.52778"
"2121780525","2131821445","0.111111"
"2131821445","2121780525","0.111111"
"2121780525","2141988808","0.111111"
"2141988808","2121780525","0.111111"
"2121780525","2159059513","0.111111"
"2159059513","2121780525","0.111111"
"2121780525","332253968","0.111111"
"332253968","2121780525","0.111111"
"2131821445","2141988808","0.611111"
"2141988808","2131821445","0.611111"
"2141988808","2159059513","0.777778"
"2159059513","2141988808","0.777778"
"2141988808","332253968","0.111111"
"332253968","2141988808","0.111111"
"1816718056","2051713970","0.25"
"2051713970","1816718056","0.25"
"178807871","2102336548","3.83333"
"2102336548","178807871","3.83333"
"178807871","25266476","0.833333"
"25266476","178807871","0.833333"
"2102336548","25266476","2.64286"
"25266476","2102336548","2.64286"
"178807871","2765202860","1.33333"
"2765202860","178807871","1.33333"
"2102336548","2765202860","7.16667"
"2765202860","2102336548","7.16667"
"25266476","2765202860","1.66667"
"2765202860","25266476","1.66667"
"1828301922","1939482001","5.5"
"1939482001","1828301922","5.5"
"1828301922","2283699826","1.5"
"2283699826","1828301922","1.5"
"1939482001","2283699826","1.5"
"2283699826","1939482001","1.5"
"1971471415","2102336548","0.333333"
"2102336548","1971471415","0.333333"
"1971471415","2121780525","0.333333"
"2121780525","1971471415","0.333333"
"1971471415","25266476","0.333333"
"25266476","1971471415","0.333333"
"2102336548","2121780525","1.16667"
"2121780525","2102336548","1.16667"
"2121780525","25266476","0.666667"
"25266476","2121780525","0.666667"
"1971471415","2140973326","2.16667"
"2140973326","1971471415","2.16667"
"1971471415","2006611045","0.166667"
"2006611045","1971471415","0.166667"
"1971471415","2118410985","1.41667"
"2118410985","1971471415","1.41667"
"1971471415","2141988808","0.416667"
"2141988808","1971471415","0.416667"
"1971471415","2159059513","1.16667"
"2159059513","1971471415","1.16667"
"1971471415","2414972958","0.416667"
"2414972958","1971471415","0.416667"
"2006611045","2140973326","0.166667"
"2140973326","2006611045","0.166667"
"2006611045","2414972958","0.166667"
"2414972958","2006611045","0.166667"
"2118410985","2140973326","2.91667"
"2140973326","2118410985","2.91667"
"2140973326","2141988808","0.166667"
"2141988808","2140973326","0.166667"
"2140973326","2159059513","0.416667"
"2159059513","2140973326","0.416667"
"2140973326","2414972958","0.666667"
"2414972958","2140973326","0.666667"
"2141988808","2414972958","0.416667"
"2414972958","2141988808","0.416667"
"1971471415","2761138375","0.25"
"2761138375","1971471415","0.25"
"2118410985","2761138375","0.25"
"2761138375","2118410985","0.25"
"2141988808","2761138375","0.25"
"2761138375","2141988808","0.25"
"2414972958","2761138375","2.25"
"2761138375","2414972958","2.25"
"1981029888","2761138375","3"
"2761138375","1981029888","3"
"2051713970","2141988808","0.5"
"2141988808","2051713970","0.5"
"2051713970","2102336548","0.142857"
"2102336548","2051713970","0.142857"
"2051713970","2131821445","0.142857"
"2131821445","2051713970","0.142857"
"2051713970","25266476","0.142857"
"25266476","2051713970","0.142857"
"2102336548","2109219878","0.142857"
"2109219878","2102336548","0.142857"
"2102336548","2118410985","0.142857"
"2118410985","2102336548","0.142857"
"2102336548","2131821445","0.142857"
"2131821445","2102336548","0.142857"
"2102336548","2159059513","0.142857"
"2159059513","2102336548","0.142857"
"2102336548","332253968","0.142857"
"332253968","2102336548","0.142857"
"2109219878","25266476","0.142857"
"25266476","2109219878","0.142857"
"2118410985","25266476","1.14286"
"25266476","2118410985","1.14286"
"2131821445","25266476","0.142857"
"25266476","2131821445","0.142857"
"2159059513","25266476","0.142857"
"25266476","2159059513","0.142857"
"25266476","332253968","0.142857"
"332253968","25266476","0.142857"
"2051713970","2140973326","0.5"
"2140973326","2051713970","0.5"
"2061197573","2491965800","3"
"2491965800","2061197573","3"
"2061197573","2118410985","0.5"
"2118410985","2061197573","0.5"
"2061197573","2140973326","0.5"
"2140973326","2061197573","0.5"
"2121780525","2765202860","0.833333"
"2765202860","2121780525","0.833333"
"2109219878","2140973326","0.25"
"2140973326","2109219878","0.25"
"2140973326","332253968","0.75"
"332253968","2140973326","0.75"
"2131821445","2140973326","0.5"
"2140973326","2131821445","0.5"
"2284691406","25266476","1"
"25266476","2284691406","1"
