"1267153886","19073260","2.69444"
"19073260","1267153886","2.69444"
"1267153886","2528727354","4.33333"
"2528727354","1267153886","4.33333"
"19073260","2528727354","0.5"
"2528727354","19073260","0.5"
"1267153886","1496166242","1.94444"
"1496166242","1267153886","1.94444"
"1267153886","1527765366","1.69444"
"1527765366","1267153886","1.69444"
"1267153886","2119545418","4.94444"
"2119545418","1267153886","4.94444"
"1267153886","2159651836","0.361111"
"2159651836","1267153886","0.361111"
"1267153886","2536483223","0.361111"
"2536483223","1267153886","0.361111"
"1527765366","2119545418","2.61111"
"2119545418","1527765366","2.61111"
"1527765366","2159651836","0.361111"
"2159651836","1527765366","0.361111"
"1527765366","2536483223","0.611111"
"2536483223","1527765366","0.611111"
"2119545418","2159651836","1.31111"
"2159651836","2119545418","1.31111"
"2119545418","2536483223","1.97778"
"2536483223","2119545418","1.97778"
"2159651836","2536483223","0.811111"
"2536483223","2159651836","0.811111"
"1267153886","1534968492","14.0278"
"1534968492","1267153886","14.0278"
"1267153886","2057640132","3.44444"
"2057640132","1267153886","3.44444"
"1267153886","2171920515","0.583333"
"2171920515","1267153886","0.583333"
"1534968492","19073260","2.36111"
"19073260","1534968492","2.36111"
"1534968492","2119545418","5.19444"
"2119545418","1534968492","5.19444"
"1534968492","2171920515","0.25"
"2171920515","1534968492","0.25"
"19073260","2119545418","1.06111"
"2119545418","19073260","1.06111"
"19073260","2171920515","0.583333"
"2171920515","19073260","0.583333"
"2119545418","2171920515","0.25"
"2171920515","2119545418","0.25"
"1496166242","1534968492","1.44444"
"1534968492","1496166242","1.44444"
"1496166242","2119545418","0.944444"
"2119545418","1496166242","0.944444"
"1534968492","2528727354","1.83333"
"2528727354","1534968492","1.83333"
"1267153886","2545003798","0.333333"
"2545003798","1267153886","0.333333"
"1534968492","2545003798","0.333333"
"2545003798","1534968492","0.333333"
"2528727354","2545003798","0.333333"
"2545003798","2528727354","0.333333"
"1527765366","19073260","1.44444"
"19073260","1527765366","1.44444"
"1267153886","1505766594","0.5"
"1505766594","1267153886","0.5"
"1496166242","1505766594","0.5"
"1505766594","1496166242","0.5"
"1527765366","2171920515","0.333333"
"2171920515","1527765366","0.333333"
"1267153886","2016077725","0.111111"
"2016077725","1267153886","0.111111"
"1496166242","1527765366","0.111111"
"1527765366","1496166242","0.111111"
"1496166242","19073260","0.111111"
"19073260","1496166242","0.111111"
"1496166242","2016077725","1.36111"
"2016077725","1496166242","1.36111"
"1496166242","2057640132","0.111111"
"2057640132","1496166242","0.111111"
"1496166242","2159651836","0.361111"
"2159651836","1496166242","0.361111"
"1496166242","2536483223","0.611111"
"2536483223","1496166242","0.611111"
"1527765366","1534968492","0.111111"
"1534968492","1527765366","0.111111"
"1527765366","2016077725","0.361111"
"2016077725","1527765366","0.361111"
"1527765366","2057640132","0.111111"
"2057640132","1527765366","0.111111"
"1534968492","2016077725","0.111111"
"2016077725","1534968492","0.111111"
"1534968492","2057640132","0.111111"
"2057640132","1534968492","0.111111"
"1534968492","2159651836","0.111111"
"2159651836","1534968492","0.111111"
"1534968492","2536483223","0.111111"
"2536483223","1534968492","0.111111"
"19073260","2016077725","0.111111"
"2016077725","19073260","0.111111"
"19073260","2057640132","0.111111"
"2057640132","19073260","0.111111"
"19073260","2159651836","0.894444"
"2159651836","19073260","0.894444"
"19073260","2536483223","0.311111"
"2536483223","19073260","0.311111"
"2016077725","2057640132","0.111111"
"2057640132","2016077725","0.111111"
"2016077725","2119545418","0.611111"
"2119545418","2016077725","0.611111"
"2016077725","2159651836","0.111111"
"2159651836","2016077725","0.111111"
"2016077725","2536483223","0.611111"
"2536483223","2016077725","0.611111"
"2057640132","2119545418","0.444444"
"2119545418","2057640132","0.444444"
"2057640132","2159651836","0.236111"
"2159651836","2057640132","0.236111"
"2057640132","2536483223","0.444444"
"2536483223","2057640132","0.444444"
"1267153886","1497430520","0.333333"
"1497430520","1267153886","0.333333"
"1267153886","47107096","0.333333"
"47107096","1267153886","0.333333"
"1497430520","2057640132","2.27738"
"2057640132","1497430520","2.27738"
"1497430520","47107096","1.80119"
"47107096","1497430520","1.80119"
"2057640132","47107096","1.80119"
"47107096","2057640132","1.80119"
"1496166242","2171920515","1"
"2171920515","1496166242","1"
"1496166242","2096209896","1"
"2096209896","1496166242","1"
"1496166242","2103487156","1.5"
"2103487156","1496166242","1.5"
"2103487156","2119545418","1.58333"
"2119545418","2103487156","1.58333"
"2103487156","2159651836","0.25"
"2159651836","2103487156","0.25"
"2103487156","2536483223","1.08333"
"2536483223","2103487156","1.08333"
"2016077725","2103487156","0.5"
"2103487156","2016077725","0.5"
"1497430520","1497714022","0.777381"
"1497714022","1497430520","0.777381"
"1497430520","1805544628","0.777381"
"1805544628","1497430520","0.777381"
"1497430520","1864076034","0.777381"
"1864076034","1497430520","0.777381"
"1497430520","2096209896","0.744048"
"2096209896","1497430520","0.744048"
"1497430520","2159651836","0.125"
"2159651836","1497430520","0.125"
"1497430520","2171920515","0.267857"
"2171920515","1497430520","0.267857"
"1497714022","1805544628","19.444"
"1805544628","1497714022","19.444"
"1497714022","1864076034","20.444"
"1864076034","1497714022","20.444"
"1497714022","2057640132","0.777381"
"2057640132","1497714022","0.777381"
"1497714022","2096209896","0.410714"
"2096209896","1497714022","0.410714"
"1497714022","2159651836","0.125"
"2159651836","1497714022","0.125"
"1497714022","2171920515","0.267857"
"2171920515","1497714022","0.267857"
"1497714022","47107096","0.967857"
"47107096","1497714022","0.967857"
"1805544628","1864076034","22.444"
"1864076034","1805544628","22.444"
"1805544628","2057640132","0.777381"
"2057640132","1805544628","0.777381"
"1805544628","2096209896","0.410714"
"2096209896","1805544628","0.410714"
"1805544628","2159651836","0.125"
"2159651836","1805544628","0.125"
"1805544628","2171920515","0.267857"
"2171920515","1805544628","0.267857"
"1805544628","47107096","0.967857"
"47107096","1805544628","0.967857"
"1864076034","2057640132","0.777381"
"2057640132","1864076034","0.777381"
"1864076034","2096209896","0.410714"
"2096209896","1864076034","0.410714"
"1864076034","2159651836","0.125"
"2159651836","1864076034","0.125"
"1864076034","2171920515","0.267857"
"2171920515","1864076034","0.267857"
"1864076034","47107096","0.967857"
"47107096","1864076034","0.967857"
"2057640132","2096209896","1.24405"
"2096209896","2057640132","1.24405"
"2057640132","2171920515","1.76786"
"2171920515","2057640132","1.76786"
"2096209896","2159651836","2.70833"
"2159651836","2096209896","2.70833"
"2096209896","2171920515","0.267857"
"2171920515","2096209896","0.267857"
"2096209896","47107096","0.60119"
"47107096","2096209896","0.60119"
"2159651836","2171920515","0.125"
"2171920515","2159651836","0.125"
"2159651836","47107096","0.125"
"47107096","2159651836","0.125"
"2171920515","47107096","0.125"
"47107096","2171920515","0.125"
"1497430520","1505766594","0.309524"
"1505766594","1497430520","0.309524"
"1497714022","1505766594","0.309524"
"1505766594","1497714022","0.309524"
"1505766594","1805544628","0.309524"
"1805544628","1505766594","0.309524"
"1505766594","1864076034","0.309524"
"1864076034","1505766594","0.309524"
"1505766594","2057640132","0.809524"
"2057640132","1505766594","0.809524"
"1505766594","2096209896","0.642857"
"2096209896","1505766594","0.642857"
"1505766594","2171920515","0.142857"
"2171920515","1505766594","0.142857"
"1497430520","2261135907","0.142857"
"2261135907","1497430520","0.142857"
"1497714022","2261135907","0.142857"
"2261135907","1497714022","0.142857"
"1805544628","2261135907","1.14286"
"2261135907","1805544628","1.14286"
"1864076034","2261135907","0.142857"
"2261135907","1864076034","0.142857"
"2057640132","2261135907","0.142857"
"2261135907","2057640132","0.142857"
"2096209896","2261135907","0.142857"
"2261135907","2096209896","0.142857"
"2261135907","47107096","0.142857"
"47107096","2261135907","0.142857"
"1505766594","47107096","0.166667"
"47107096","1505766594","0.166667"
"1497430520","2119545418","0.333333"
"2119545418","1497430520","0.333333"
"1497430520","2536483223","0.333333"
"2536483223","1497430520","0.333333"
"1497714022","2221531387","0.333333"
"2221531387","1497714022","0.333333"
"1805544628","2221531387","0.333333"
"2221531387","1805544628","0.333333"
"1864076034","2221531387","0.333333"
"2221531387","1864076034","0.333333"
"1527765366","2103487156","0.25"
"2103487156","1527765366","0.25"
"186464874","2096209896","2"
"2096209896","186464874","2"
"186464874","19073260","0.2"
"19073260","186464874","0.2"
"186464874","2115343246","0.2"
"2115343246","186464874","0.2"
"186464874","2119545418","0.2"
"2119545418","186464874","0.2"
"186464874","2159651836","0.2"
"2159651836","186464874","0.2"
"186464874","2536483223","0.2"
"2536483223","186464874","0.2"
"19073260","2115343246","0.45"
"2115343246","19073260","0.45"
"2115343246","2119545418","0.2"
"2119545418","2115343246","0.2"
"2115343246","2159651836","0.45"
"2159651836","2115343246","0.45"
"2115343246","2536483223","0.2"
"2536483223","2115343246","0.2"
"19073260","2096209896","0.583333"
"2096209896","19073260","0.583333"
"19073260","2545003798","0.583333"
"2545003798","19073260","0.583333"
"2096209896","2545003798","0.583333"
"2545003798","2096209896","0.583333"
"2159651836","2545003798","4.08333"
"2545003798","2159651836","4.08333"
"2096209896","2115343246","0.25"
"2115343246","2096209896","0.25"
"2115343246","2545003798","0.25"
"2545003798","2115343246","0.25"
"2016077725","2545003798","1"
"2545003798","2016077725","1"
"2057640132","2545003798","0.5"
"2545003798","2057640132","0.5"
"2171920515","2545003798","0.5"
"2545003798","2171920515","0.5"
"2103487156","2545003798","0.833333"
"2545003798","2103487156","0.833333"
"2119545418","2545003798","1.33333"
"2545003798","2119545418","1.33333"
"2536483223","2545003798","1.33333"
"2545003798","2536483223","1.33333"
"2119545418","47107096","1"
"47107096","2119545418","1"
"2159651836","2261135907","1"
"2261135907","2159651836","1"
