"12741603","2080300888","1.83333"
"2080300888","12741603","1.83333"
"12741603","2134907142","0.333333"
"2134907142","12741603","0.333333"
"12741603","2148816070","0.333333"
"2148816070","12741603","0.333333"
"2080300888","2134907142","2.66667"
"2134907142","2080300888","2.66667"
"2080300888","2148816070","1.33333"
"2148816070","2080300888","1.33333"
"2134907142","2148816070","0.333333"
"2148816070","2134907142","0.333333"
"12741603","2152698756","0.833333"
"2152698756","12741603","0.833333"
"2080300888","2152698756","2.33333"
"2152698756","2080300888","2.33333"
"12741603","2065853841","0.333333"
"2065853841","12741603","0.333333"
"12741603","2127730670","0.333333"
"2127730670","12741603","0.333333"
"2065853841","2127730670","0.380952"
"2127730670","2065853841","0.380952"
"2065853841","2152698756","6.79811"
"2152698756","2065853841","6.79811"
"2127730670","2152698756","0.380952"
"2152698756","2127730670","0.380952"
"128911399","1489557556","1.25"
"1489557556","128911399","1.25"
"128911399","2080300888","0.25"
"2080300888","128911399","0.25"
"128911399","2081860013","0.25"
"2081860013","128911399","0.25"
"128911399","2134907142","0.25"
"2134907142","128911399","0.25"
"1489557556","2080300888","0.25"
"2080300888","1489557556","0.25"
"1489557556","2081860013","0.75"
"2081860013","1489557556","0.75"
"1489557556","2134907142","0.25"
"2134907142","1489557556","0.25"
"2080300888","2081860013","0.75"
"2081860013","2080300888","0.75"
"2081860013","2134907142","0.25"
"2134907142","2081860013","0.25"
"1489557556","2152698756","2.75"
"2152698756","1489557556","2.75"
"1489557556","1593933543","1"
"1593933543","1489557556","1"
"1489557556","2037338734","0.333333"
"2037338734","1489557556","0.333333"
"1489557556","2065853841","0.666667"
"2065853841","1489557556","0.666667"
"1489557556","2100782985","0.666667"
"2100782985","1489557556","0.666667"
"2037338734","2065853841","15.1738"
"2065853841","2037338734","15.1738"
"2037338734","2100782985","1.69048"
"2100782985","2037338734","1.69048"
"2065853841","2100782985","4.98263"
"2100782985","2065853841","4.98263"
"1489557556","2131918784","0.75"
"2131918784","1489557556","0.75"
"1489557556","2148816070","0.25"
"2148816070","1489557556","0.25"
"1489557556","2149148928","0.25"
"2149148928","1489557556","0.25"
"2131918784","2148816070","5.08333"
"2148816070","2131918784","5.08333"
"2131918784","2149148928","0.297619"
"2149148928","2131918784","0.297619"
"2131918784","2152698756","7.96429"
"2152698756","2131918784","7.96429"
"2148816070","2149148928","0.25"
"2149148928","2148816070","0.25"
"2148816070","2152698756","2"
"2152698756","2148816070","2"
"2149148928","2152698756","0.297619"
"2152698756","2149148928","0.297619"
"1489557556","1602868579","1"
"1602868579","1489557556","1"
"1489557556","2163296687","2"
"2163296687","1489557556","2"
"1489557556","1490310667","0.333333"
"1490310667","1489557556","0.333333"
"1490310667","2065853841","0.689776"
"2065853841","1490310667","0.689776"
"1490310667","2100782985","0.773109"
"2100782985","1490310667","0.773109"
"1489557556","42404144","0.5"
"42404144","1489557556","0.5"
"2081860013","42404144","2.5"
"42404144","2081860013","2.5"
"1489557556","1966214573","1"
"1966214573","1489557556","1"
"1490310667","2163296687","3.85644"
"2163296687","1490310667","3.85644"
"1490310667","2037338734","0.297619"
"2037338734","1490310667","0.297619"
"1490310667","2054813151","0.308824"
"2054813151","1490310667","0.308824"
"1490310667","2170175479","0.25"
"2170175479","1490310667","0.25"
"2037338734","2054813151","0.25"
"2054813151","2037338734","0.25"
"2037338734","2170175479","1.25"
"2170175479","2037338734","1.25"
"2054813151","2065853841","0.433824"
"2065853841","2054813151","0.433824"
"2054813151","2170175479","0.25"
"2170175479","2054813151","0.25"
"2065853841","2170175479","0.25"
"2170175479","2065853841","0.25"
"1490310667","1561125135","0.106443"
"1561125135","1490310667","0.106443"
"1490310667","1767780837","0.0588235"
"1767780837","1490310667","0.0588235"
"1490310667","1964097545","0.0588235"
"1964097545","1490310667","0.0588235"
"1490310667","2003374447","0.0588235"
"2003374447","1490310667","0.0588235"
"1490310667","2009942758","0.0588235"
"2009942758","1490310667","0.0588235"
"1490310667","2040368451","0.0588235"
"2040368451","1490310667","0.0588235"
"1490310667","2045870649","0.0588235"
"2045870649","1490310667","0.0588235"
"1490310667","2092131448","0.0588235"
"2092131448","1490310667","0.0588235"
"1490310667","2095491013","0.0588235"
"2095491013","1490310667","0.0588235"
"1490310667","2116459392","1.22549"
"2116459392","1490310667","1.22549"
"1490310667","2152698756","1.52311"
"2152698756","1490310667","1.52311"
"1490310667","2155722651","0.0588235"
"2155722651","1490310667","0.0588235"
"1490310667","3012165363","0.0588235"
"3012165363","1490310667","0.0588235"
"1561125135","1767780837","0.0588235"
"1767780837","1561125135","0.0588235"
"1561125135","1964097545","1.05882"
"1964097545","1561125135","1.05882"
"1561125135","2003374447","0.558824"
"2003374447","1561125135","0.558824"
"1561125135","2009942758","0.0588235"
"2009942758","1561125135","0.0588235"
"1561125135","2040368451","0.558824"
"2040368451","1561125135","0.558824"
"1561125135","2045870649","0.0588235"
"2045870649","1561125135","0.0588235"
"1561125135","2054813151","0.558824"
"2054813151","1561125135","0.558824"
"1561125135","2065853841","2.10644"
"2065853841","1561125135","2.10644"
"1561125135","2092131448","0.0588235"
"2092131448","1561125135","0.0588235"
"1561125135","2095491013","0.0588235"
"2095491013","1561125135","0.0588235"
"1561125135","2100782985","0.106443"
"2100782985","1561125135","0.106443"
"1561125135","2116459392","0.0588235"
"2116459392","1561125135","0.0588235"
"1561125135","2152698756","0.106443"
"2152698756","1561125135","0.106443"
"1561125135","2155722651","0.0588235"
"2155722651","1561125135","0.0588235"
"1561125135","2163296687","0.106443"
"2163296687","1561125135","0.106443"
"1561125135","3012165363","1.05882"
"3012165363","1561125135","1.05882"
"1767780837","1964097545","0.0588235"
"1964097545","1767780837","0.0588235"
"1767780837","2003374447","10.7588"
"2003374447","1767780837","10.7588"
"1767780837","2009942758","0.0588235"
"2009942758","1767780837","0.0588235"
"1767780837","2040368451","0.558824"
"2040368451","1767780837","0.558824"
"1767780837","2045870649","0.0588235"
"2045870649","1767780837","0.0588235"
"1767780837","2054813151","0.0588235"
"2054813151","1767780837","0.0588235"
"1767780837","2065853841","0.258824"
"2065853841","1767780837","0.258824"
"1767780837","2092131448","0.0588235"
"2092131448","1767780837","0.0588235"
"1767780837","2095491013","0.0588235"
"2095491013","1767780837","0.0588235"
"1767780837","2100782985","0.0588235"
"2100782985","1767780837","0.0588235"
"1767780837","2116459392","0.0588235"
"2116459392","1767780837","0.0588235"
"1767780837","2152698756","0.0588235"
"2152698756","1767780837","0.0588235"
"1767780837","2155722651","0.0588235"
"2155722651","1767780837","0.0588235"
"1767780837","2163296687","0.0588235"
"2163296687","1767780837","0.0588235"
"1767780837","3012165363","0.0588235"
"3012165363","1767780837","0.0588235"
"1964097545","2003374447","0.0588235"
"2003374447","1964097545","0.0588235"
"1964097545","2009942758","0.0588235"
"2009942758","1964097545","0.0588235"
"1964097545","2040368451","0.0588235"
"2040368451","1964097545","0.0588235"
"1964097545","2045870649","0.458824"
"2045870649","1964097545","0.458824"
"1964097545","2054813151","0.0588235"
"2054813151","1964097545","0.0588235"
"1964097545","2065853841","0.458824"
"2065853841","1964097545","0.458824"
"1964097545","2092131448","0.0588235"
"2092131448","1964097545","0.0588235"
"1964097545","2095491013","0.0588235"
"2095491013","1964097545","0.0588235"
"1964097545","2100782985","0.458824"
"2100782985","1964097545","0.458824"
"1964097545","2116459392","0.0588235"
"2116459392","1964097545","0.0588235"
"1964097545","2152698756","1.79216"
"2152698756","1964097545","1.79216"
"1964097545","2155722651","0.0588235"
"2155722651","1964097545","0.0588235"
"1964097545","2163296687","0.0588235"
"2163296687","1964097545","0.0588235"
"1964097545","3012165363","0.0588235"
"3012165363","1964097545","0.0588235"
"2003374447","2009942758","0.0588235"
"2009942758","2003374447","0.0588235"
"2003374447","2040368451","0.183824"
"2040368451","2003374447","0.183824"
"2003374447","2045870649","0.183824"
"2045870649","2003374447","0.183824"
"2003374447","2054813151","0.183824"
"2054813151","2003374447","0.183824"
"2003374447","2065853841","1.88382"
"2065853841","2003374447","1.88382"
"2003374447","2092131448","0.0588235"
"2092131448","2003374447","0.0588235"
"2003374447","2095491013","0.183824"
"2095491013","2003374447","0.183824"
"2003374447","2100782985","0.0588235"
"2100782985","2003374447","0.0588235"
"2003374447","2116459392","0.0588235"
"2116459392","2003374447","0.0588235"
"2003374447","2152698756","0.183824"
"2152698756","2003374447","0.183824"
"2003374447","2155722651","0.0588235"
"2155722651","2003374447","0.0588235"
"2003374447","2163296687","0.0588235"
"2163296687","2003374447","0.0588235"
"2003374447","3012165363","0.0588235"
"3012165363","2003374447","0.0588235"
"2009942758","2040368451","2.55882"
"2040368451","2009942758","2.55882"
"2009942758","2045870649","0.0588235"
"2045870649","2009942758","0.0588235"
"2009942758","2054813151","0.0588235"
"2054813151","2009942758","0.0588235"
"2009942758","2065853841","0.0588235"
"2065853841","2009942758","0.0588235"
"2009942758","2092131448","0.0588235"
"2092131448","2009942758","0.0588235"
"2009942758","2095491013","0.0588235"
"2095491013","2009942758","0.0588235"
"2009942758","2100782985","0.0588235"
"2100782985","2009942758","0.0588235"
"2009942758","2116459392","0.0588235"
"2116459392","2009942758","0.0588235"
"2009942758","2152698756","0.0588235"
"2152698756","2009942758","0.0588235"
"2009942758","2155722651","0.0588235"
"2155722651","2009942758","0.0588235"
"2009942758","2163296687","0.0588235"
"2163296687","2009942758","0.0588235"
"2009942758","3012165363","0.558824"
"3012165363","2009942758","0.558824"
"2040368451","2045870649","1.18382"
"2045870649","2040368451","1.18382"
"2040368451","2054813151","1.18382"
"2054813151","2040368451","1.18382"
"2040368451","2065853841","0.683824"
"2065853841","2040368451","0.683824"
"2040368451","2092131448","0.0588235"
"2092131448","2040368451","0.0588235"
"2040368451","2095491013","3.18382"
"2095491013","2040368451","3.18382"
"2040368451","2100782985","0.392157"
"2100782985","2040368451","0.392157"
"2040368451","2116459392","0.0588235"
"2116459392","2040368451","0.0588235"
"2040368451","2152698756","0.183824"
"2152698756","2040368451","0.183824"
"2040368451","2155722651","0.0588235"
"2155722651","2040368451","0.0588235"
"2040368451","2163296687","0.0588235"
"2163296687","2040368451","0.0588235"
"2040368451","3012165363","0.558824"
"3012165363","2040368451","0.558824"
"2045870649","2054813151","0.683824"
"2054813151","2045870649","0.683824"
"2045870649","2065853841","1.58382"
"2065853841","2045870649","1.58382"
"2045870649","2092131448","0.0588235"
"2092131448","2045870649","0.0588235"
"2045870649","2095491013","0.183824"
"2095491013","2045870649","0.183824"
"2045870649","2100782985","0.458824"
"2100782985","2045870649","0.458824"
"2045870649","2116459392","0.0588235"
"2116459392","2045870649","0.0588235"
"2045870649","2152698756","0.583824"
"2152698756","2045870649","0.583824"
"2045870649","2155722651","0.0588235"
"2155722651","2045870649","0.0588235"
"2045870649","2163296687","1.55882"
"2163296687","2045870649","1.55882"
"2045870649","3012165363","0.0588235"
"3012165363","2045870649","0.0588235"
"2054813151","2092131448","0.0588235"
"2092131448","2054813151","0.0588235"
"2054813151","2095491013","1.68382"
"2095491013","2054813151","1.68382"
"2054813151","2100782985","0.0588235"
"2100782985","2054813151","0.0588235"
"2054813151","2116459392","0.0588235"
"2116459392","2054813151","0.0588235"
"2054813151","2152698756","1.18382"
"2152698756","2054813151","1.18382"
"2054813151","2155722651","0.0588235"
"2155722651","2054813151","0.0588235"
"2054813151","2163296687","0.0588235"
"2163296687","2054813151","0.0588235"
"2054813151","3012165363","0.0588235"
"3012165363","2054813151","0.0588235"
"2065853841","2092131448","0.401681"
"2092131448","2065853841","0.401681"
"2065853841","2095491013","0.183824"
"2095491013","2065853841","0.183824"
"2065853841","2116459392","0.0588235"
"2116459392","2065853841","0.0588235"
"2065853841","2155722651","0.0588235"
"2155722651","2065853841","0.0588235"
"2065853841","2163296687","0.939776"
"2163296687","2065853841","0.939776"
"2065853841","3012165363","0.0588235"
"3012165363","2065853841","0.0588235"
"2092131448","2095491013","0.0588235"
"2095491013","2092131448","0.0588235"
"2092131448","2100782985","0.201681"
"2100782985","2092131448","0.201681"
"2092131448","2116459392","0.0588235"
"2116459392","2092131448","0.0588235"
"2092131448","2152698756","0.0588235"
"2152698756","2092131448","0.0588235"
"2092131448","2155722651","0.0588235"
"2155722651","2092131448","0.0588235"
"2092131448","2163296687","0.0588235"
"2163296687","2092131448","0.0588235"
"2092131448","3012165363","0.0588235"
"3012165363","2092131448","0.0588235"
"2095491013","2100782985","0.0588235"
"2100782985","2095491013","0.0588235"
"2095491013","2116459392","0.0588235"
"2116459392","2095491013","0.0588235"
"2095491013","2152698756","0.183824"
"2152698756","2095491013","0.183824"
"2095491013","2155722651","0.0588235"
"2155722651","2095491013","0.0588235"
"2095491013","2163296687","0.0588235"
"2163296687","2095491013","0.0588235"
"2095491013","3012165363","3.05882"
"3012165363","2095491013","3.05882"
"2100782985","2116459392","1.39216"
"2116459392","2100782985","1.39216"
"2100782985","2152698756","6.00644"
"2152698756","2100782985","6.00644"
"2100782985","2155722651","0.0588235"
"2155722651","2100782985","0.0588235"
"2100782985","2163296687","2.93978"
"2163296687","2100782985","2.93978"
"2100782985","3012165363","0.0588235"
"3012165363","2100782985","0.0588235"
"2116459392","2152698756","1.22549"
"2152698756","2116459392","1.22549"
"2116459392","2155722651","0.0588235"
"2155722651","2116459392","0.0588235"
"2116459392","2163296687","0.392157"
"2163296687","2116459392","0.392157"
"2116459392","3012165363","0.0588235"
"3012165363","2116459392","0.0588235"
"2152698756","2155722651","0.0588235"
"2155722651","2152698756","0.0588235"
"2152698756","2163296687","10.7231"
"2163296687","2152698756","10.7231"
"2152698756","3012165363","0.0588235"
"3012165363","2152698756","0.0588235"
"2155722651","2163296687","0.0588235"
"2163296687","2155722651","0.0588235"
"2155722651","3012165363","0.0588235"
"3012165363","2155722651","0.0588235"
"2163296687","3012165363","0.0588235"
"3012165363","2163296687","0.0588235"
"1490310667","1586347794","0.916667"
"1586347794","1490310667","0.916667"
"1490310667","2134907142","0.630952"
"2134907142","1490310667","0.630952"
"1586347794","2134907142","0.583333"
"2134907142","1586347794","0.583333"
"1586347794","2152698756","0.25"
"2152698756","1586347794","0.25"
"1586347794","2163296687","0.916667"
"2163296687","1586347794","0.916667"
"2134907142","2152698756","0.630952"
"2152698756","2134907142","0.630952"
"2134907142","2163296687","1.71429"
"2163296687","2134907142","1.71429"
"1490310667","1579772076","0.5"
"1579772076","1490310667","0.5"
"1579772076","2163296687","0.5"
"2163296687","1579772076","0.5"
"1490310667","2337101774","0.333333"
"2337101774","1490310667","0.333333"
"1586347794","2337101774","0.333333"
"2337101774","1586347794","0.333333"
"2163296687","2337101774","0.333333"
"2337101774","2163296687","0.333333"
"1490310667","1593933543","0.047619"
"1593933543","1490310667","0.047619"
"1490310667","1602160242","0.047619"
"1602160242","1490310667","0.047619"
"1490310667","1602868579","0.047619"
"1602868579","1490310667","0.047619"
"1490310667","179176801","0.047619"
"179176801","1490310667","0.047619"
"1490310667","1996486194","0.047619"
"1996486194","1490310667","0.047619"
"1490310667","2003224078","0.047619"
"2003224078","1490310667","0.047619"
"1490310667","2068864403","0.047619"
"2068864403","1490310667","0.047619"
"1490310667","2112397308","0.047619"
"2112397308","1490310667","0.047619"
"1490310667","2127730670","0.047619"
"2127730670","1490310667","0.047619"
"1490310667","2131814686","0.047619"
"2131814686","1490310667","0.047619"
"1490310667","2131918784","0.047619"
"2131918784","1490310667","0.047619"
"1490310667","2149148928","0.047619"
"2149148928","1490310667","0.047619"
"1490310667","2564054521","0.047619"
"2564054521","1490310667","0.047619"
"1490310667","2591304644","0.047619"
"2591304644","1490310667","0.047619"
"1561125135","1593933543","0.047619"
"1593933543","1561125135","0.047619"
"1561125135","1602160242","0.047619"
"1602160242","1561125135","0.047619"
"1561125135","1602868579","0.047619"
"1602868579","1561125135","0.047619"
"1561125135","179176801","0.047619"
"179176801","1561125135","0.047619"
"1561125135","1996486194","0.047619"
"1996486194","1561125135","0.047619"
"1561125135","2003224078","0.047619"
"2003224078","1561125135","0.047619"
"1561125135","2037338734","0.047619"
"2037338734","1561125135","0.047619"
"1561125135","2068864403","0.047619"
"2068864403","1561125135","0.047619"
"1561125135","2112397308","0.047619"
"2112397308","1561125135","0.047619"
"1561125135","2127730670","0.047619"
"2127730670","1561125135","0.047619"
"1561125135","2131814686","0.047619"
"2131814686","1561125135","0.047619"
"1561125135","2131918784","0.047619"
"2131918784","1561125135","0.047619"
"1561125135","2134907142","0.047619"
"2134907142","1561125135","0.047619"
"1561125135","2149148928","0.047619"
"2149148928","1561125135","0.047619"
"1561125135","2564054521","0.047619"
"2564054521","1561125135","0.047619"
"1561125135","2591304644","0.047619"
"2591304644","1561125135","0.047619"
"1593933543","1602160242","0.047619"
"1602160242","1593933543","0.047619"
"1593933543","1602868579","0.047619"
"1602868579","1593933543","0.047619"
"1593933543","179176801","0.047619"
"179176801","1593933543","0.047619"
"1593933543","1996486194","0.047619"
"1996486194","1593933543","0.047619"
"1593933543","2003224078","0.047619"
"2003224078","1593933543","0.047619"
"1593933543","2037338734","0.047619"
"2037338734","1593933543","0.047619"
"1593933543","2065853841","0.047619"
"2065853841","1593933543","0.047619"
"1593933543","2068864403","0.047619"
"2068864403","1593933543","0.047619"
"1593933543","2100782985","0.047619"
"2100782985","1593933543","0.047619"
"1593933543","2112397308","0.047619"
"2112397308","1593933543","0.047619"
"1593933543","2127730670","0.047619"
"2127730670","1593933543","0.047619"
"1593933543","2131814686","0.047619"
"2131814686","1593933543","0.047619"
"1593933543","2131918784","0.047619"
"2131918784","1593933543","0.047619"
"1593933543","2134907142","0.047619"
"2134907142","1593933543","0.047619"
"1593933543","2149148928","0.047619"
"2149148928","1593933543","0.047619"
"1593933543","2152698756","0.047619"
"2152698756","1593933543","0.047619"
"1593933543","2163296687","0.047619"
"2163296687","1593933543","0.047619"
"1593933543","2564054521","0.047619"
"2564054521","1593933543","0.047619"
"1593933543","2591304644","0.047619"
"2591304644","1593933543","0.047619"
"1602160242","1602868579","0.047619"
"1602868579","1602160242","0.047619"
"1602160242","179176801","0.047619"
"179176801","1602160242","0.047619"
"1602160242","1996486194","0.047619"
"1996486194","1602160242","0.047619"
"1602160242","2003224078","0.047619"
"2003224078","1602160242","0.047619"
"1602160242","2037338734","0.047619"
"2037338734","1602160242","0.047619"
"1602160242","2065853841","0.047619"
"2065853841","1602160242","0.047619"
"1602160242","2068864403","0.047619"
"2068864403","1602160242","0.047619"
"1602160242","2100782985","0.047619"
"2100782985","1602160242","0.047619"
"1602160242","2112397308","0.047619"
"2112397308","1602160242","0.047619"
"1602160242","2127730670","0.047619"
"2127730670","1602160242","0.047619"
"1602160242","2131814686","0.047619"
"2131814686","1602160242","0.047619"
"1602160242","2131918784","0.047619"
"2131918784","1602160242","0.047619"
"1602160242","2134907142","0.047619"
"2134907142","1602160242","0.047619"
"1602160242","2149148928","0.047619"
"2149148928","1602160242","0.047619"
"1602160242","2152698756","0.047619"
"2152698756","1602160242","0.047619"
"1602160242","2163296687","0.047619"
"2163296687","1602160242","0.047619"
"1602160242","2564054521","0.047619"
"2564054521","1602160242","0.047619"
"1602160242","2591304644","0.047619"
"2591304644","1602160242","0.047619"
"1602868579","179176801","0.047619"
"179176801","1602868579","0.047619"
"1602868579","1996486194","0.047619"
"1996486194","1602868579","0.047619"
"1602868579","2003224078","0.047619"
"2003224078","1602868579","0.047619"
"1602868579","2037338734","0.047619"
"2037338734","1602868579","0.047619"
"1602868579","2065853841","0.047619"
"2065853841","1602868579","0.047619"
"1602868579","2068864403","0.047619"
"2068864403","1602868579","0.047619"
"1602868579","2100782985","0.047619"
"2100782985","1602868579","0.047619"
"1602868579","2112397308","0.047619"
"2112397308","1602868579","0.047619"
"1602868579","2127730670","0.047619"
"2127730670","1602868579","0.047619"
"1602868579","2131814686","0.047619"
"2131814686","1602868579","0.047619"
"1602868579","2131918784","0.047619"
"2131918784","1602868579","0.047619"
"1602868579","2134907142","0.047619"
"2134907142","1602868579","0.047619"
"1602868579","2149148928","0.047619"
"2149148928","1602868579","0.047619"
"1602868579","2152698756","0.047619"
"2152698756","1602868579","0.047619"
"1602868579","2163296687","0.047619"
"2163296687","1602868579","0.047619"
"1602868579","2564054521","0.047619"
"2564054521","1602868579","0.047619"
"1602868579","2591304644","0.047619"
"2591304644","1602868579","0.047619"
"179176801","1996486194","0.047619"
"1996486194","179176801","0.047619"
"179176801","2003224078","0.047619"
"2003224078","179176801","0.047619"
"179176801","2037338734","0.047619"
"2037338734","179176801","0.047619"
"179176801","2065853841","0.047619"
"2065853841","179176801","0.047619"
"179176801","2068864403","0.047619"
"2068864403","179176801","0.047619"
"179176801","2100782985","0.047619"
"2100782985","179176801","0.047619"
"179176801","2112397308","0.047619"
"2112397308","179176801","0.047619"
"179176801","2127730670","0.047619"
"2127730670","179176801","0.047619"
"179176801","2131814686","0.047619"
"2131814686","179176801","0.047619"
"179176801","2131918784","0.797619"
"2131918784","179176801","0.797619"
"179176801","2134907142","0.047619"
"2134907142","179176801","0.047619"
"179176801","2149148928","0.047619"
"2149148928","179176801","0.047619"
"179176801","2152698756","0.047619"
"2152698756","179176801","0.047619"
"179176801","2163296687","0.547619"
"2163296687","179176801","0.547619"
"179176801","2564054521","0.047619"
"2564054521","179176801","0.047619"
"179176801","2591304644","0.047619"
"2591304644","179176801","0.047619"
"1996486194","2003224078","1.04762"
"2003224078","1996486194","1.04762"
"1996486194","2037338734","2.08095"
"2037338734","1996486194","2.08095"
"1996486194","2065853841","1.37262"
"2065853841","1996486194","1.37262"
"1996486194","2068864403","0.047619"
"2068864403","1996486194","0.047619"
"1996486194","2100782985","0.380952"
"2100782985","1996486194","0.380952"
"1996486194","2112397308","0.047619"
"2112397308","1996486194","0.047619"
"1996486194","2127730670","0.047619"
"2127730670","1996486194","0.047619"
"1996486194","2131814686","2.21429"
"2131814686","1996486194","2.21429"
"1996486194","2131918784","0.047619"
"2131918784","1996486194","0.047619"
"1996486194","2134907142","0.047619"
"2134907142","1996486194","0.047619"
"1996486194","2149148928","0.047619"
"2149148928","1996486194","0.047619"
"1996486194","2152698756","0.172619"
"2152698756","1996486194","0.172619"
"1996486194","2163296687","0.047619"
"2163296687","1996486194","0.047619"
"1996486194","2564054521","0.547619"
"2564054521","1996486194","0.547619"
"1996486194","2591304644","0.047619"
"2591304644","1996486194","0.047619"
"2003224078","2037338734","0.047619"
"2037338734","2003224078","0.047619"
"2003224078","2065853841","0.047619"
"2065853841","2003224078","0.047619"
"2003224078","2068864403","0.047619"
"2068864403","2003224078","0.047619"
"2003224078","2100782985","0.047619"
"2100782985","2003224078","0.047619"
"2003224078","2112397308","0.047619"
"2112397308","2003224078","0.047619"
"2003224078","2127730670","0.047619"
"2127730670","2003224078","0.047619"
"2003224078","2131814686","0.047619"
"2131814686","2003224078","0.047619"
"2003224078","2131918784","0.047619"
"2131918784","2003224078","0.047619"
"2003224078","2134907142","0.047619"
"2134907142","2003224078","0.047619"
"2003224078","2149148928","0.047619"
"2149148928","2003224078","0.047619"
"2003224078","2152698756","0.047619"
"2152698756","2003224078","0.047619"
"2003224078","2163296687","0.047619"
"2163296687","2003224078","0.047619"
"2003224078","2564054521","0.047619"
"2564054521","2003224078","0.047619"
"2003224078","2591304644","0.047619"
"2591304644","2003224078","0.047619"
"2037338734","2068864403","2.55714"
"2068864403","2037338734","2.55714"
"2037338734","2112397308","1.04762"
"2112397308","2037338734","1.04762"
"2037338734","2127730670","0.047619"
"2127730670","2037338734","0.047619"
"2037338734","2131814686","0.380952"
"2131814686","2037338734","0.380952"
"2037338734","2131918784","0.047619"
"2131918784","2037338734","0.047619"
"2037338734","2134907142","0.047619"
"2134907142","2037338734","0.047619"
"2037338734","2149148928","1.89048"
"2149148928","2037338734","1.89048"
"2037338734","2152698756","5.08095"
"2152698756","2037338734","5.08095"
"2037338734","2163296687","2.58095"
"2163296687","2037338734","2.58095"
"2037338734","2564054521","0.047619"
"2564054521","2037338734","0.047619"
"2037338734","2591304644","0.047619"
"2591304644","2037338734","0.047619"
"2065853841","2068864403","0.72381"
"2068864403","2065853841","0.72381"
"2065853841","2112397308","3.04762"
"2112397308","2065853841","3.04762"
"2065853841","2131814686","0.047619"
"2131814686","2065853841","0.047619"
"2065853841","2131918784","0.047619"
"2131918784","2065853841","0.047619"
"2065853841","2134907142","0.047619"
"2134907142","2065853841","0.047619"
"2065853841","2149148928","0.390476"
"2149148928","2065853841","0.390476"
"2065853841","2564054521","1.04762"
"2564054521","2065853841","1.04762"
"2065853841","2591304644","0.047619"
"2591304644","2065853841","0.047619"
"2068864403","2100782985","1.02381"
"2100782985","2068864403","1.02381"
"2068864403","2112397308","1.04762"
"2112397308","2068864403","1.04762"
"2068864403","2127730670","0.047619"
"2127730670","2068864403","0.047619"
"2068864403","2131814686","0.047619"
"2131814686","2068864403","0.047619"
"2068864403","2131918784","0.297619"
"2131918784","2068864403","0.297619"
"2068864403","2134907142","0.297619"
"2134907142","2068864403","0.297619"
"2068864403","2149148928","0.390476"
"2149148928","2068864403","0.390476"
"2068864403","2152698756","2.04762"
"2152698756","2068864403","2.04762"
"2068864403","2163296687","0.297619"
"2163296687","2068864403","0.297619"
"2068864403","2564054521","0.047619"
"2564054521","2068864403","0.047619"
"2068864403","2591304644","0.047619"
"2591304644","2068864403","0.047619"
"2100782985","2112397308","0.714286"
"2112397308","2100782985","0.714286"
"2100782985","2127730670","0.047619"
"2127730670","2100782985","0.047619"
"2100782985","2131814686","0.047619"
"2131814686","2100782985","0.047619"
"2100782985","2131918784","0.047619"
"2131918784","2100782985","0.047619"
"2100782985","2134907142","0.047619"
"2134907142","2100782985","0.047619"
"2100782985","2149148928","0.190476"
"2149148928","2100782985","0.190476"
"2100782985","2564054521","0.714286"
"2564054521","2100782985","0.714286"
"2100782985","2591304644","0.047619"
"2591304644","2100782985","0.047619"
"2112397308","2127730670","0.047619"
"2127730670","2112397308","0.047619"
"2112397308","2131814686","0.047619"
"2131814686","2112397308","0.047619"
"2112397308","2131918784","0.047619"
"2131918784","2112397308","0.047619"
"2112397308","2134907142","0.047619"
"2134907142","2112397308","0.047619"
"2112397308","2149148928","0.047619"
"2149148928","2112397308","0.047619"
"2112397308","2152698756","0.714286"
"2152698756","2112397308","0.714286"
"2112397308","2163296687","0.047619"
"2163296687","2112397308","0.047619"
"2112397308","2564054521","0.714286"
"2564054521","2112397308","0.714286"
"2112397308","2591304644","0.047619"
"2591304644","2112397308","0.047619"
"2127730670","2131814686","0.047619"
"2131814686","2127730670","0.047619"
"2127730670","2131918784","0.047619"
"2131918784","2127730670","0.047619"
"2127730670","2134907142","0.047619"
"2134907142","2127730670","0.047619"
"2127730670","2149148928","0.047619"
"2149148928","2127730670","0.047619"
"2127730670","2163296687","0.047619"
"2163296687","2127730670","0.047619"
"2127730670","2564054521","0.047619"
"2564054521","2127730670","0.047619"
"2127730670","2591304644","0.047619"
"2591304644","2127730670","0.047619"
"2131814686","2131918784","0.047619"
"2131918784","2131814686","0.047619"
"2131814686","2134907142","0.047619"
"2134907142","2131814686","0.047619"
"2131814686","2149148928","0.047619"
"2149148928","2131814686","0.047619"
"2131814686","2152698756","0.047619"
"2152698756","2131814686","0.047619"
"2131814686","2163296687","0.047619"
"2163296687","2131814686","0.047619"
"2131814686","2564054521","0.047619"
"2564054521","2131814686","0.047619"
"2131814686","2591304644","0.047619"
"2591304644","2131814686","0.047619"
"2131918784","2134907142","2.16429"
"2134907142","2131918784","2.16429"
"2131918784","2163296687","2.96429"
"2163296687","2131918784","2.96429"
"2131918784","2564054521","0.047619"
"2564054521","2131918784","0.047619"
"2131918784","2591304644","0.047619"
"2591304644","2131918784","0.047619"
"2134907142","2149148928","0.047619"
"2149148928","2134907142","0.047619"
"2134907142","2564054521","0.047619"
"2564054521","2134907142","0.047619"
"2134907142","2591304644","0.047619"
"2591304644","2134907142","0.047619"
"2149148928","2163296687","1.04762"
"2163296687","2149148928","1.04762"
"2149148928","2564054521","0.047619"
"2564054521","2149148928","0.047619"
"2149148928","2591304644","0.047619"
"2591304644","2149148928","0.047619"
"2152698756","2564054521","0.714286"
"2564054521","2152698756","0.714286"
"2152698756","2591304644","0.047619"
"2591304644","2152698756","0.047619"
"2163296687","2564054521","0.047619"
"2564054521","2163296687","0.047619"
"2163296687","2591304644","0.047619"
"2591304644","2163296687","0.047619"
"2564054521","2591304644","0.047619"
"2591304644","2564054521","0.047619"
"1510419223","1996486194","1.16667"
"1996486194","1510419223","1.16667"
"1510419223","2000404678","0.166667"
"2000404678","1510419223","0.166667"
"1510419223","2054813151","0.166667"
"2054813151","1510419223","0.166667"
"1510419223","2121199938","0.166667"
"2121199938","1510419223","0.166667"
"1510419223","2122790585","0.166667"
"2122790585","1510419223","0.166667"
"1510419223","2131814686","0.166667"
"2131814686","1510419223","0.166667"
"1996486194","2000404678","0.5"
"2000404678","1996486194","0.5"
"1996486194","2054813151","7.625"
"2054813151","1996486194","7.625"
"1996486194","2121199938","0.166667"
"2121199938","1996486194","0.166667"
"1996486194","2122790585","1.66667"
"2122790585","1996486194","1.66667"
"2000404678","2054813151","0.5"
"2054813151","2000404678","0.5"
"2000404678","2121199938","0.166667"
"2121199938","2000404678","0.166667"
"2000404678","2122790585","0.166667"
"2122790585","2000404678","0.166667"
"2000404678","2131814686","0.166667"
"2131814686","2000404678","0.166667"
"2054813151","2121199938","0.166667"
"2121199938","2054813151","0.166667"
"2054813151","2122790585","0.166667"
"2122790585","2054813151","0.166667"
"2054813151","2131814686","0.166667"
"2131814686","2054813151","0.166667"
"2121199938","2122790585","1.5"
"2122790585","2121199938","1.5"
"2121199938","2131814686","0.5"
"2131814686","2121199938","0.5"
"2122790585","2131814686","2.5"
"2131814686","2122790585","2.5"
"1556728779","2163296687","2"
"2163296687","1556728779","2"
"1556728779","2100782985","1"
"2100782985","1556728779","1"
"1556728779","2037338734","3.16667"
"2037338734","1556728779","3.16667"
"1556728779","2068864403","0.333333"
"2068864403","1556728779","0.333333"
"1556728779","2092131448","0.333333"
"2092131448","1556728779","0.333333"
"2037338734","2092131448","0.67619"
"2092131448","2037338734","0.67619"
"2068864403","2092131448","0.67619"
"2092131448","2068864403","0.67619"
"1556728779","2065853841","0.5"
"2065853841","1556728779","0.5"
"1556728779","2040368451","0.333333"
"2040368451","1556728779","0.333333"
"1556728779","2160414002","0.333333"
"2160414002","1556728779","0.333333"
"2037338734","2040368451","0.333333"
"2040368451","2037338734","0.333333"
"2037338734","2160414002","0.333333"
"2160414002","2037338734","0.333333"
"2040368451","2160414002","0.333333"
"2160414002","2040368451","0.333333"
"1561125135","1975065559","1"
"1975065559","1561125135","1"
"1561125135","2101163087","0.5"
"2101163087","1561125135","0.5"
"2054813151","2101163087","2"
"2101163087","2054813151","2"
"1566142119","2061569445","0.5"
"2061569445","1566142119","0.5"
"1566142119","48007774","0.5"
"48007774","1566142119","0.5"
"2061569445","48007774","3.5"
"48007774","2061569445","3.5"
"1566142119","1602868579","1"
"1602868579","1566142119","1"
"1579772076","179176801","0.25"
"179176801","1579772076","0.25"
"1579772076","2036077512","0.25"
"2036077512","1579772076","0.25"
"1579772076","2131918784","2.03333"
"2131918784","1579772076","2.03333"
"1579772076","2148816070","2.33333"
"2148816070","1579772076","2.33333"
"179176801","2036077512","0.25"
"2036077512","179176801","0.25"
"179176801","2148816070","0.25"
"2148816070","179176801","0.25"
"2036077512","2131918784","0.25"
"2131918784","2036077512","0.25"
"2036077512","2148816070","0.25"
"2148816070","2036077512","0.25"
"1579772076","1966214573","0.2"
"1966214573","1579772076","0.2"
"1579772076","2030154417","0.45"
"2030154417","1579772076","0.45"
"1579772076","2099386344","0.2"
"2099386344","1579772076","0.2"
"1579772076","2134907142","0.2"
"2134907142","1579772076","0.2"
"1966214573","2030154417","1.28333"
"2030154417","1966214573","1.28333"
"1966214573","2099386344","0.783333"
"2099386344","1966214573","0.783333"
"1966214573","2131918784","2.95"
"2131918784","1966214573","2.95"
"1966214573","2134907142","0.2"
"2134907142","1966214573","0.2"
"2030154417","2099386344","1.28333"
"2099386344","2030154417","1.28333"
"2030154417","2131918784","3.53333"
"2131918784","2030154417","3.53333"
"2030154417","2134907142","1.03333"
"2134907142","2030154417","1.03333"
"2099386344","2131918784","0.45"
"2131918784","2099386344","0.45"
"2099386344","2134907142","0.2"
"2134907142","2099386344","0.2"
"1579772076","2152698756","3.75"
"2152698756","1579772076","3.75"
"1579772076","2170175479","0.333333"
"2170175479","1579772076","0.333333"
"2131918784","2170175479","1.33333"
"2170175479","2131918784","1.33333"
"2148816070","2170175479","0.833333"
"2170175479","2148816070","0.833333"
"2030154417","2148816070","0.25"
"2148816070","2030154417","0.25"
"2030154417","2152698756","4"
"2152698756","2030154417","4"
"1586347794","2127730670","1"
"2127730670","1586347794","1"
"1590814246","2131814686","1"
"2131814686","1590814246","1"
"1602868579","2122790585","1"
"2122790585","1602868579","1"
"1607958368","3012165363","1"
"3012165363","1607958368","1"
"1607958368","1996486194","0.5"
"1996486194","1607958368","0.5"
"1607958368","2054813151","0.5"
"2054813151","1607958368","0.5"
"1631422333","1996486194","0.5"
"1996486194","1631422333","0.5"
"1631422333","2037338734","0.5"
"2037338734","1631422333","0.5"
"1741000856","2098316528","0.5"
"2098316528","1741000856","0.5"
"1741000856","2100782985","0.5"
"2100782985","1741000856","0.5"
"2098316528","2100782985","0.5"
"2100782985","2098316528","0.5"
"1741000856","2065853841","0.5"
"2065853841","1741000856","0.5"
"1741000856","2163296687","0.5"
"2163296687","1741000856","0.5"
"1767780837","1996486194","0.2"
"1996486194","1767780837","0.2"
"1767780837","2037338734","0.7"
"2037338734","1767780837","0.7"
"1767780837","2105756140","0.2"
"2105756140","1767780837","0.2"
"1996486194","2003374447","0.658333"
"2003374447","1996486194","0.658333"
"1996486194","2105756140","0.533333"
"2105756140","1996486194","0.533333"
"2003374447","2037338734","1.03333"
"2037338734","2003374447","1.03333"
"2003374447","2105756140","0.533333"
"2105756140","2003374447","0.533333"
"2037338734","2105756140","0.533333"
"2105756140","2037338734","0.533333"
"2065853841","2105756140","0.2"
"2105756140","2065853841","0.2"
"1767780837","2564054521","1"
"2564054521","1767780837","1"
"1767780837","1986926875","0.5"
"1986926875","1767780837","0.5"
"1986926875","2040368451","1.33333"
"2040368451","1986926875","1.33333"
"179176801","1966214573","0.5"
"1966214573","179176801","0.5"
"179176801","2114778003","1"
"2114778003","179176801","1"
"179176801","2170175479","0.5"
"2170175479","179176801","0.5"
"2163296687","2170175479","0.5"
"2170175479","2163296687","0.5"
"1964097545","1975065559","0.4"
"1975065559","1964097545","0.4"
"1975065559","2045870649","0.4"
"2045870649","1975065559","0.4"
"1975065559","2065853841","0.4"
"2065853841","1975065559","0.4"
"1975065559","2100782985","0.4"
"2100782985","1975065559","0.4"
"1975065559","2152698756","0.4"
"2152698756","1975065559","0.4"
"1964097545","2030154417","0.333333"
"2030154417","1964097545","0.333333"
"1964097545","2170175479","0.333333"
"2170175479","1964097545","0.333333"
"2030154417","2170175479","0.833333"
"2170175479","2030154417","0.833333"
"2152698756","2170175479","0.833333"
"2170175479","2152698756","0.833333"
"1964127835","2095491013","1"
"2095491013","1964127835","1"
"1966214573","2152698756","1.58333"
"2152698756","1966214573","1.58333"
"1966214573","2170175479","0.5"
"2170175479","1966214573","0.5"
"2099386344","2152698756","1.08333"
"2152698756","2099386344","1.08333"
"1970859006","2040368451","1.33333"
"2040368451","1970859006","1.33333"
"1970859006","2101163087","0.333333"
"2101163087","1970859006","0.333333"
"1970859006","2620105167","0.333333"
"2620105167","1970859006","0.333333"
"2040368451","2101163087","0.833333"
"2101163087","2040368451","0.833333"
"2040368451","2620105167","1.83333"
"2620105167","2040368451","1.83333"
"2101163087","2620105167","0.833333"
"2620105167","2101163087","0.833333"
"1975065559","2114778003","1"
"2114778003","1975065559","1"
"1986926875","205642119","0.5"
"205642119","1986926875","0.5"
"1986926875","2149148928","0.5"
"2149148928","1986926875","0.5"
"205642119","2149148928","1.14286"
"2149148928","205642119","1.14286"
"1986926875","1996486194","0.833333"
"1996486194","1986926875","0.833333"
"1986926875","2100782985","0.333333"
"2100782985","1986926875","0.333333"
"1996486194","2040368451","1.95833"
"2040368451","1996486194","1.95833"
"1994983233","1996486194","3"
"1996486194","1994983233","3"
"1994983233","2095491013","0.5"
"2095491013","1994983233","0.5"
"1994983233","2170977002","0.5"
"2170977002","1994983233","0.5"
"2095491013","2170977002","0.5"
"2170977002","2095491013","0.5"
"1996168817","2042490469","1"
"2042490469","1996168817","1"
"1996486194","2045870649","20.9583"
"2045870649","1996486194","20.9583"
"1996486194","2095491013","3.625"
"2095491013","1996486194","3.625"
"1996486194","2101163087","2.5"
"2101163087","1996486194","2.5"
"1996486194","2098316528","1.33333"
"2098316528","1996486194","1.33333"
"2045870649","2098316528","4.83333"
"2098316528","2045870649","4.83333"
"2045870649","2131814686","5.16667"
"2131814686","2045870649","5.16667"
"1996486194","2095842907","0.458333"
"2095842907","1996486194","0.458333"
"2003374447","2095842907","0.125"
"2095842907","2003374447","0.125"
"2040368451","2095842907","0.125"
"2095842907","2040368451","0.125"
"2045870649","2095842907","0.458333"
