"1505263743","2152458990","39.95"
"2152458990","1505263743","39.95"
"1505263743","1966086913","2.75"
"1966086913","1505263743","2.75"
"1505263743","2120525070","25.9167"
"2120525070","1505263743","25.9167"
"1505263743","2152862873","6.33333"
"2152862873","1505263743","6.33333"
"1966086913","2120525070","2.53333"
"2120525070","1966086913","2.53333"
"1966086913","2152862873","1.61667"
"2152862873","1966086913","1.61667"
"2120525070","2152862873","6.28333"
"2152862873","2120525070","6.28333"
"1505263743","2000367678","2.16667"
"2000367678","1505263743","2.16667"
"1505263743","2108989501","1.16667"
"2108989501","1505263743","1.16667"
"1966086913","2000367678","1.53333"
"2000367678","1966086913","1.53333"
"1966086913","2108989501","0.333333"
"2108989501","1966086913","0.333333"
"2000367678","2108989501","0.833333"
"2108989501","2000367678","0.833333"
"1505263743","2039215032","12.0833"
"2039215032","1505263743","12.0833"
"2039215032","2152458990","68.3333"
"2152458990","2039215032","68.3333"
"1505263743","1509679720","0.7"
"1509679720","1505263743","0.7"
"1505263743","1522500515","2.86667"
"1522500515","1505263743","2.86667"
"1505263743","2160789557","0.366667"
"2160789557","1505263743","0.366667"
"1509679720","1522500515","60.7333"
"1522500515","1509679720","60.7333"
"1509679720","2039215032","2.41667"
"2039215032","1509679720","2.41667"
"1509679720","2120525070","3.5"
"2120525070","1509679720","3.5"
"1509679720","2152458990","26.4381"
"2152458990","1509679720","26.4381"
"1509679720","2160789557","15.3881"
"2160789557","1509679720","15.3881"
"1522500515","2039215032","12.95"
"2039215032","1522500515","12.95"
"1522500515","2120525070","5.16667"
"2120525070","1522500515","5.16667"
"1522500515","2152458990","123.533"
"2152458990","1522500515","123.533"
"1522500515","2160789557","26.65"
"2160789557","1522500515","26.65"
"2039215032","2120525070","26.3667"
"2120525070","2039215032","26.3667"
"2039215032","2160789557","1.16667"
"2160789557","2039215032","1.16667"
"2120525070","2152458990","56.4167"
"2152458990","2120525070","56.4167"
"2120525070","2160789557","0.166667"
"2160789557","2120525070","0.166667"
"2152458990","2160789557","2.27143"
"2160789557","2152458990","2.27143"
"1966086913","2039215032","9.06667"
"2039215032","1966086913","9.06667"
"1505263743","2105062511","1"
"2105062511","1505263743","1"
"2105062511","2152458990","25.9167"
"2152458990","2105062511","25.9167"
"2039215032","2152862873","7.11667"
"2152862873","2039215032","7.11667"
"2152458990","2152862873","16.75"
"2152862873","2152458990","16.75"
"1505263743","336602109","0.666667"
"336602109","1505263743","0.666667"
"2152458990","336602109","2"
"336602109","2152458990","2"
"2152862873","336602109","3.16667"
"336602109","2152862873","3.16667"
"1505263743","317590422","1.83333"
"317590422","1505263743","1.83333"
"1966086913","2152458990","5.91667"
"2152458990","1966086913","5.91667"
"1966086913","317590422","0.25"
"317590422","1966086913","0.25"
"2120525070","317590422","0.75"
"317590422","2120525070","0.75"
"2152458990","317590422","2.33333"
"317590422","2152458990","2.33333"
"1505263743","1557409984","0.5"
"1557409984","1505263743","0.5"
"1557409984","2039215032","2"
"2039215032","1557409984","2"
"2039215032","336602109","1.5"
"336602109","2039215032","1.5"
"1522500515","2152862873","0.25"
"2152862873","1522500515","0.25"
"1522500515","317590422","0.25"
"317590422","1522500515","0.25"
"2152862873","317590422","0.833333"
"317590422","2152862873","0.833333"
"2000367678","2039215032","1.86667"
"2039215032","2000367678","1.86667"
"2000367678","2152458990","9.41667"
"2152458990","2000367678","9.41667"
"2108989501","2120525070","2.33333"
"2120525070","2108989501","2.33333"
"2108989501","2152458990","2.91667"
"2152458990","2108989501","2.91667"
"2108989501","317590422","0.25"
"317590422","2108989501","0.25"
"2000367678","2120525070","0.25"
"2120525070","2000367678","0.25"
"2000367678","2152862873","2"
"2152862873","2000367678","2"
"1505263743","2074091000","1"
"2074091000","1505263743","1"
"2039215032","2074091000","1.95"
"2074091000","2039215032","1.95"
"2074091000","2152862873","3.61667"
"2152862873","2074091000","3.61667"
"1505263743","1965747070","0.25"
"1965747070","1505263743","0.25"
"1522500515","1965747070","0.25"
"1965747070","1522500515","0.25"
"1522500515","1966086913","0.7"
"1966086913","1522500515","0.7"
"1965747070","1966086913","0.25"
"1966086913","1965747070","0.25"
"1965747070","2152458990","2.75"
"2152458990","1965747070","2.75"
"1505263743","2059220123","0.5"
"2059220123","1505263743","0.5"
"2059220123","317590422","0.5"
"317590422","2059220123","0.5"
"2039215032","2108989501","3.58333"
"2108989501","2039215032","3.58333"
"2108989501","2152862873","1.41667"
"2152862873","2108989501","1.41667"
"1505263743","2122646429","0.5"
"2122646429","1505263743","0.5"
"2105062511","2122646429","5.66667"
"2122646429","2105062511","5.66667"
"1505263743","2094323320","0.45"
"2094323320","1505263743","0.45"
"2039215032","2094323320","0.75"
"2094323320","2039215032","0.75"
"2094323320","2120525070","0.75"
"2120525070","2094323320","0.75"
"2094323320","2152458990","4.10476"
"2152458990","2094323320","4.10476"
"1509679720","2094323320","15.9381"
"2094323320","1509679720","15.9381"
"1522500515","2094323320","27.45"
"2094323320","1522500515","27.45"
"2094323320","2160789557","12.7714"
"2160789557","2094323320","12.7714"
"2074091000","2120525070","1.53333"
"2120525070","2074091000","1.53333"
"2074091000","2152458990","1.66667"
"2152458990","2074091000","1.66667"
"1509679720","2029581262","1.36667"
"2029581262","1509679720","1.36667"
"1522500515","2029581262","4.45"
"2029581262","1522500515","4.45"
"2029581262","2094323320","1.41667"
"2094323320","2029581262","1.41667"
"2029581262","2160789557","3.86667"
"2160789557","2029581262","3.86667"
"1509679720","1589434340","0.654762"
"1589434340","1509679720","0.654762"
"1589434340","2094323320","0.404762"
"2094323320","1589434340","0.404762"
"1589434340","2160789557","0.404762"
"2160789557","1589434340","0.404762"
"1509679720","1867367212","13.1048"
"1867367212","1509679720","13.1048"
"1509679720","2065334990","0.738095"
"2065334990","1509679720","0.738095"
"1509679720","2160924436","0.738095"
"2160924436","1509679720","0.738095"
"1522500515","1867367212","12.95"
"1867367212","1522500515","12.95"
"1522500515","2065334990","4.75"
"2065334990","1522500515","4.75"
"1522500515","2160924436","2.25"
"2160924436","1522500515","2.25"
"1867367212","2065334990","0.488095"
"2065334990","1867367212","0.488095"
"1867367212","2094323320","3.32143"
"2094323320","1867367212","3.32143"
"1867367212","2160789557","2.02143"
"2160789557","1867367212","2.02143"
"1867367212","2160924436","2.65476"
"2160924436","1867367212","2.65476"
"2065334990","2094323320","0.488095"
"2094323320","2065334990","0.488095"
"2065334990","2160789557","1.2381"
"2160789557","2065334990","1.2381"
"2065334990","2160924436","0.488095"
"2160924436","2065334990","0.488095"
"2094323320","2160924436","1.4881"
"2160924436","2094323320","1.4881"
"2160789557","2160924436","0.738095"
"2160924436","2160789557","0.738095"
"1509679720","1528404071","0.988095"
"1528404071","1509679720","0.988095"
"1522500515","1528404071","0.666667"
"1528404071","1522500515","0.666667"
"1528404071","2152458990","1.9881"
"2152458990","1528404071","1.9881"
"1509679720","2105062511","0.833333"
"2105062511","1509679720","0.833333"
"1522500515","2105062511","4.16667"
"2105062511","1522500515","4.16667"
"1509679720","1522182252","0.0714286"
"1522182252","1509679720","0.0714286"
"1509679720","1578461329","0.0714286"
"1578461329","1509679720","0.0714286"
"1509679720","1986798249","0.271429"
"1986798249","1509679720","0.271429"
"1509679720","2006149313","0.0714286"
"2006149313","1509679720","0.0714286"
"1509679720","2030458586","0.0714286"
"2030458586","1509679720","0.0714286"
"1509679720","2112464134","0.0714286"
"2112464134","1509679720","0.0714286"
"1522182252","1528404071","0.0714286"
"1528404071","1522182252","0.0714286"
"1522182252","1578461329","0.0714286"
"1578461329","1522182252","0.0714286"
"1522182252","1589434340","0.0714286"
"1589434340","1522182252","0.0714286"
"1522182252","1867367212","0.0714286"
"1867367212","1522182252","0.0714286"
"1522182252","1986798249","0.0714286"
"1986798249","1522182252","0.0714286"
"1522182252","2006149313","0.0714286"
"2006149313","1522182252","0.0714286"
"1522182252","2030458586","0.0714286"
"2030458586","1522182252","0.0714286"
"1522182252","2065334990","0.0714286"
"2065334990","1522182252","0.0714286"
"1522182252","2094323320","0.0714286"
"2094323320","1522182252","0.0714286"
"1522182252","2112464134","0.0714286"
"2112464134","1522182252","0.0714286"
"1522182252","2152458990","1.07143"
"2152458990","1522182252","1.07143"
"1522182252","2160789557","0.0714286"
"2160789557","1522182252","0.0714286"
"1522182252","2160924436","0.0714286"
"2160924436","1522182252","0.0714286"
"1528404071","1578461329","0.0714286"
"1578461329","1528404071","0.0714286"
"1528404071","1589434340","0.321429"
"1589434340","1528404071","0.321429"
"1528404071","1867367212","0.321429"
"1867367212","1528404071","0.321429"
"1528404071","1986798249","0.0714286"
"1986798249","1528404071","0.0714286"
"1528404071","2006149313","0.0714286"
"2006149313","1528404071","0.0714286"
"1528404071","2030458586","0.0714286"
"2030458586","1528404071","0.0714286"
"1528404071","2065334990","0.0714286"
"2065334990","1528404071","0.0714286"
"1528404071","2094323320","0.0714286"
"2094323320","1528404071","0.0714286"
"1528404071","2112464134","0.0714286"
"2112464134","1528404071","0.0714286"
"1528404071","2160789557","1.07143"
"2160789557","1528404071","1.07143"
"1528404071","2160924436","0.0714286"
"2160924436","1528404071","0.0714286"
"1578461329","1589434340","0.0714286"
"1589434340","1578461329","0.0714286"
"1578461329","1867367212","0.0714286"
"1867367212","1578461329","0.0714286"
"1578461329","1986798249","0.0714286"
"1986798249","1578461329","0.0714286"
"1578461329","2006149313","0.0714286"
"2006149313","1578461329","0.0714286"
"1578461329","2030458586","0.0714286"
"2030458586","1578461329","0.0714286"
"1578461329","2065334990","0.0714286"
"2065334990","1578461329","0.0714286"
"1578461329","2094323320","0.0714286"
"2094323320","1578461329","0.0714286"
"1578461329","2112464134","0.0714286"
"2112464134","1578461329","0.0714286"
"1578461329","2152458990","0.0714286"
"2152458990","1578461329","0.0714286"
"1578461329","2160789557","0.0714286"
"2160789557","1578461329","0.0714286"
"1578461329","2160924436","0.0714286"
"2160924436","1578461329","0.0714286"
"1589434340","1867367212","0.654762"
"1867367212","1589434340","0.654762"
"1589434340","1986798249","0.0714286"
"1986798249","1589434340","0.0714286"
"1589434340","2006149313","0.0714286"
"2006149313","1589434340","0.0714286"
"1589434340","2030458586","0.0714286"
"2030458586","1589434340","0.0714286"
"1589434340","2065334990","0.404762"
"2065334990","1589434340","0.404762"
"1589434340","2112464134","0.0714286"
"2112464134","1589434340","0.0714286"
"1589434340","2152458990","3.32143"
"2152458990","1589434340","3.32143"
"1589434340","2160924436","0.404762"
"2160924436","1589434340","0.404762"
"1867367212","1986798249","1.27143"
"1986798249","1867367212","1.27143"
"1867367212","2006149313","0.0714286"
"2006149313","1867367212","0.0714286"
"1867367212","2030458586","0.571429"
"2030458586","1867367212","0.571429"
"1867367212","2112464134","0.0714286"
"2112464134","1867367212","0.0714286"
"1867367212","2152458990","4.9881"
"2152458990","1867367212","4.9881"
"1986798249","2006149313","0.0714286"
"2006149313","1986798249","0.0714286"
"1986798249","2030458586","0.0714286"
"2030458586","1986798249","0.0714286"
"1986798249","2065334990","0.0714286"
"2065334990","1986798249","0.0714286"
"1986798249","2094323320","0.404762"
"2094323320","1986798249","0.404762"
"1986798249","2112464134","0.0714286"
"2112464134","1986798249","0.0714286"
"1986798249","2152458990","1.40476"
"2152458990","1986798249","1.40476"
"1986798249","2160789557","0.771429"
"2160789557","1986798249","0.771429"
"1986798249","2160924436","0.0714286"
"2160924436","1986798249","0.0714286"
"2006149313","2030458586","0.0714286"
"2030458586","2006149313","0.0714286"
"2006149313","2065334990","0.0714286"
"2065334990","2006149313","0.0714286"
"2006149313","2094323320","0.0714286"
"2094323320","2006149313","0.0714286"
"2006149313","2112464134","0.0714286"
"2112464134","2006149313","0.0714286"
"2006149313","2152458990","0.0714286"
"2152458990","2006149313","0.0714286"
"2006149313","2160789557","0.0714286"
"2160789557","2006149313","0.0714286"
"2006149313","2160924436","0.0714286"
"2160924436","2006149313","0.0714286"
"2030458586","2065334990","0.0714286"
"2065334990","2030458586","0.0714286"
"2030458586","2094323320","0.0714286"
"2094323320","2030458586","0.0714286"
"2030458586","2112464134","0.0714286"
"2112464134","2030458586","0.0714286"
"2030458586","2152458990","0.0714286"
"2152458990","2030458586","0.0714286"
"2030458586","2160789557","0.571429"
"2160789557","2030458586","0.571429"
"2030458586","2160924436","0.0714286"
"2160924436","2030458586","0.0714286"
"2065334990","2112464134","0.0714286"
"2112464134","2065334990","0.0714286"
"2065334990","2152458990","1.07143"
"2152458990","2065334990","1.07143"
"2094323320","2112464134","0.0714286"
"2112464134","2094323320","0.0714286"
"2112464134","2152458990","0.0714286"
"2152458990","2112464134","0.0714286"
"2112464134","2160789557","0.0714286"
"2160789557","2112464134","0.0714286"
"2112464134","2160924436","0.0714286"
"2160924436","2112464134","0.0714286"
"2152458990","2160924436","1.40476"
"2160924436","2152458990","1.40476"
"1509679720","2136723045","2.5"
"2136723045","1509679720","2.5"
"1867367212","2136723045","1.33333"
"2136723045","1867367212","1.33333"
"1867367212","2029581262","0.45"
"2029581262","1867367212","0.45"
"1867367212","2039215032","0.75"
"2039215032","1867367212","0.75"
"2029581262","2039215032","0.25"
"2039215032","2029581262","0.25"
"1509679720","1557409984","1.33333"
"1557409984","1509679720","1.33333"
"1557409984","2094323320","1.33333"
"2094323320","1557409984","1.33333"
"1557409984","2152458990","12.6667"
"2152458990","1557409984","12.6667"
"1522500515","1986798249","1.53333"
"1986798249","1522500515","1.53333"
"1986798249","2029581262","0.7"
"2029581262","1986798249","0.7"
"1522500515","1557409984","0.833333"
"1557409984","1522500515","0.833333"
"1522500515","1589434340","2.66667"
"1589434340","1522500515","2.66667"
"1557409984","1589434340","0.333333"
"1589434340","1557409984","0.333333"
"1557409984","2065334990","0.333333"
"2065334990","1557409984","0.333333"
"1966086913","2160789557","0.25"
"2160789557","1966086913","0.25"
"1986798249","2039215032","1"
"2039215032","1986798249","1"
"1522500515","2006149313","2"
"2006149313","1522500515","2"
"2105062511","2120525070","5.25"
"2120525070","2105062511","5.25"
"1522500515","336602109","1"
"336602109","1522500515","1"
"1867367212","2105062511","0.833333"
"2105062511","1867367212","0.833333"
"1522500515","2108989501","0.333333"
"2108989501","1522500515","0.333333"
"1522500515","2122646429","2.2"
"2122646429","1522500515","2.2"
"2122646429","2152458990","20.6667"
"2152458990","2122646429","20.6667"
"1522500515","2136723045","1"
"2136723045","1522500515","1"
"1522500515","2000367678","0.7"
"2000367678","1522500515","0.7"
"1522500515","2163974847","0.2"
"2163974847","1522500515","0.2"
"1966086913","2122646429","0.9"
"2122646429","1966086913","0.9"
"1966086913","2163974847","0.2"
"2163974847","1966086913","0.2"
"2000367678","2122646429","0.95"
"2122646429","2000367678","0.95"
"2000367678","2163974847","0.7"
"2163974847","2000367678","0.7"
"2039215032","2122646429","1.31667"
"2122646429","2039215032","1.31667"
"2039215032","2163974847","0.45"
"2163974847","2039215032","0.45"
"2122646429","2163974847","0.2"
"2163974847","2122646429","0.2"
"1522500515","1578808282","0.5"
"1578808282","1522500515","0.5"
"1578808282","2094323320","0.5"
"2094323320","1578808282","0.5"
"1528404071","2120525070","1"
"2120525070","1528404071","1"
"1557409984","336602109","1.33333"
"336602109","1557409984","1.33333"
"1557409984","1966086913","0.5"
"1966086913","1557409984","0.5"
"1557409984","2152862873","0.333333"
"2152862873","1557409984","0.333333"
"1557409984","2120525070","1"
"2120525070","1557409984","1"
"1557409984","2029581262","0.5"
"2029581262","1557409984","0.5"
"2029581262","2152458990","1.5"
"2152458990","2029581262","1.5"
"1589434340","2039215032","2"
"2039215032","1589434340","2"
"1589434340","2120525070","1"
"2120525070","1589434340","1"
"2105062511","2160924436","0.5"
"2160924436","2105062511","0.5"
"2136723045","2152458990","0.833333"
"2152458990","2136723045","0.833333"
"2136723045","2160924436","0.333333"
"2160924436","2136723045","0.333333"
"1965747070","2122646429","1"
"2122646429","1965747070","1"
"1965747070","2105062511","0.5"
"2105062511","1965747070","0.5"
"1965747070","2029581262","1"
"2029581262","1965747070","1"
"1966086913","2074091000","0.2"
"2074091000","1966086913","0.2"
"2074091000","2122646429","0.45"
"2122646429","2074091000","0.45"
"2120525070","2122646429","2.2"
"2122646429","2120525070","2.2"
"2122646429","2152862873","1.95"
"2152862873","2122646429","1.95"
"2000367678","2074091000","0.583333"
"2074091000","2000367678","0.583333"
"2000367678","2105062511","0.5"
"2105062511","2000367678","0.5"
"2000367678","336602109","0.5"
"336602109","2000367678","0.5"
"2105062511","336602109","0.5"
"336602109","2105062511","0.5"
"2152458990","2163974847","1.75"
"2163974847","2152458990","1.75"
"200457261","2152458990","1"
"2152458990","200457261","1"
"200457261","2108989501","0.5"
"2108989501","200457261","0.5"
"200457261","2120525070","0.5"
"2120525070","200457261","0.5"
"2029581262","2160924436","0.5"
"2160924436","2029581262","0.5"
"2030458586","2120525070","1"
"2120525070","2030458586","1"
"2039215032","2105062511","4.75"
"2105062511","2039215032","4.75"
"2039215032","2059220123","0.833333"
"2059220123","2039215032","0.833333"
"2059220123","2120525070","1.83333"
"2120525070","2059220123","1.83333"
"2059220123","2152458990","1.33333"
"2152458990","2059220123","1.33333"
"2105062511","2163974847","0.25"
"2163974847","2105062511","0.25"
"2120525070","2163974847","0.25"
"2163974847","2120525070","0.25"
"2105062511","2152862873","0.333333"
"2152862873","2105062511","0.333333"
"2039215032","2065334990","0.5"
"2065334990","2039215032","0.5"
"2059220123","2122646429","1"
"2122646429","2059220123","1"
"2059220123","2105062511","1"
"2105062511","2059220123","1"
"2065334990","2120525070","1"
"2120525070","2065334990","1"
"2094323320","2105062511","1"
"2105062511","2094323320","1"
"2108989501","2160789557","1"
"2160789557","2108989501","1"
"2108989501","336602109","0.333333"
"336602109","2108989501","0.333333"
"317590422","336602109","1"
"336602109","317590422","1"
