"1011515974","371122179","52.25"
"371122179","1011515974","52.25"
"1011515974","1496520817","2.25"
"1496520817","1011515974","2.25"
"1011515974","1516210233","2.25"
"1516210233","1011515974","2.25"
"1011515974","1928009460","2.25"
"1928009460","1011515974","2.25"
"1496520817","1516210233","3.16667"
"1516210233","1496520817","3.16667"
"1496520817","1928009460","3.66667"
"1928009460","1496520817","3.66667"
"1496520817","371122179","2.25"
"371122179","1496520817","2.25"
"1516210233","1928009460","3.66667"
"1928009460","1516210233","3.66667"
"1516210233","371122179","2.25"
"371122179","1516210233","2.25"
"1928009460","371122179","2.25"
"371122179","1928009460","2.25"
"13610981","1516210233","0.5"
"1516210233","13610981","0.5"
"13610981","1954610182","1.5"
"1954610182","13610981","1.5"
"1516210233","1954610182","1.5"
"1954610182","1516210233","1.5"
"13610981","615626493","2"
"615626493","13610981","2"
"1496520817","1571628554","2.41667"
"1571628554","1496520817","2.41667"
"1496520817","2005554351","2.25"
"2005554351","1496520817","2.25"
"1516210233","1571628554","0.916667"
"1571628554","1516210233","0.916667"
"1516210233","2005554351","1.75"
"2005554351","1516210233","1.75"
"1571628554","1928009460","1.41667"
"1928009460","1571628554","1.41667"
"1571628554","2005554351","29.25"
"2005554351","1571628554","29.25"
"1928009460","2005554351","1.75"
"2005554351","1928009460","1.75"
"1516210233","615626493","2"
"615626493","1516210233","2"
"1928009460","1954610182","3"
"1954610182","1928009460","3"
