"1496856985","1571414848","0.267857"
"1571414848","1496856985","0.267857"
"1496856985","1843564016","0.684524"
"1843564016","1496856985","0.684524"
"1496856985","1993134101","0.541667"
"1993134101","1496856985","0.541667"
"1496856985","1998756786","0.434524"
"1998756786","1496856985","0.434524"
"1496856985","2010536692","0.684524"
"2010536692","1496856985","0.684524"
"1496856985","2011882477","1.51786"
"2011882477","1496856985","1.51786"
"1496856985","2014292623","0.434524"
"2014292623","1496856985","0.434524"
"1496856985","2053442997","0.434524"
"2053442997","1496856985","0.434524"
"1571414848","1843564016","0.267857"
"1843564016","1571414848","0.267857"
"1571414848","1993134101","0.375"
"1993134101","1571414848","0.375"
"1571414848","1998756786","0.267857"
"1998756786","1571414848","0.267857"
"1571414848","2010536692","0.517857"
"2010536692","1571414848","0.517857"
"1571414848","2011882477","1.01786"
"2011882477","1571414848","1.01786"
"1571414848","2014292623","0.767857"
"2014292623","1571414848","0.767857"
"1571414848","2053442997","0.517857"
"2053442997","1571414848","0.517857"
"1843564016","1993134101","0.541667"
"1993134101","1843564016","0.541667"
"1843564016","1998756786","0.434524"
"1998756786","1843564016","0.434524"
"1843564016","2010536692","1.68452"
"2010536692","1843564016","1.68452"
"1843564016","2011882477","0.517857"
"2011882477","1843564016","0.517857"
"1843564016","2014292623","0.434524"
"2014292623","1843564016","0.434524"
"1843564016","2053442997","0.434524"
"2053442997","1843564016","0.434524"
"1993134101","1998756786","0.291667"
"1998756786","1993134101","0.291667"
"1993134101","2010536692","2.45833"
"2010536692","1993134101","2.45833"
"1993134101","2011882477","2.29167"
"2011882477","1993134101","2.29167"
"1993134101","2014292623","1.29167"
"2014292623","1993134101","1.29167"
"1993134101","2053442997","1.20833"
"2053442997","1993134101","1.20833"
"1998756786","2010536692","0.434524"
"2010536692","1998756786","0.434524"
"1998756786","2011882477","0.267857"
"2011882477","1998756786","0.267857"
"1998756786","2014292623","0.434524"
"2014292623","1998756786","0.434524"
"1998756786","2053442997","0.434524"
"2053442997","1998756786","0.434524"
"2010536692","2011882477","14.4345"
"2011882477","2010536692","14.4345"
"2010536692","2014292623","0.434524"
"2014292623","2010536692","0.434524"
"2010536692","2053442997","2.35119"
"2053442997","2010536692","2.35119"
"2011882477","2014292623","0.767857"
"2014292623","2011882477","0.767857"
"2011882477","2053442997","1.18452"
"2053442997","2011882477","1.18452"
"2014292623","2053442997","0.434524"
"2053442997","2014292623","0.434524"
"1576631650","1966554930","7"
"1966554930","1576631650","7"
"1966554930","2053442997","0.5"
"2053442997","1966554930","0.5"
"1966554930","40046119","0.5"
"40046119","1966554930","0.5"
"2053442997","40046119","0.5"
"40046119","2053442997","0.5"
"1966554930","2062579743","1"
"2062579743","1966554930","1"
"2053442997","2104514933","1"
"2104514933","2053442997","1"
"2062579743","2156838910","1"
"2156838910","2062579743","1"
