"1030507350","2483650436","0.833333"
"2483650436","1030507350","0.833333"
"1030507350","2977695262","0.5"
"2977695262","1030507350","0.5"
"2483650436","2977695262","1"
"2977695262","2483650436","1"
"1030507350","164791823","3"
"164791823","1030507350","3"
"1030507350","1598176529","0.333333"
"1598176529","1030507350","0.333333"
"1030507350","2138961726","0.333333"
"2138961726","1030507350","0.333333"
"1598176529","2138961726","0.333333"
"2138961726","1598176529","0.333333"
"1598176529","2483650436","3.16667"
"2483650436","1598176529","3.16667"
"2138961726","2483650436","8.9"
"2483650436","2138961726","8.9"
"1030507350","4121286","1"
"4121286","1030507350","1"
"141574873","1481756369","0.0588235"
"1481756369","141574873","0.0588235"
"141574873","1487591907","0.0588235"
"1487591907","141574873","0.0588235"
"141574873","1498596379","0.0588235"
"1498596379","141574873","0.0588235"
"141574873","1518933191","0.0588235"
"1518933191","141574873","0.0588235"
"141574873","1566221321","0.0588235"
"1566221321","141574873","0.0588235"
"141574873","1582417052","0.0588235"
"1582417052","141574873","0.0588235"
"141574873","1605727064","0.0588235"
"1605727064","141574873","0.0588235"
"141574873","164791823","0.0588235"
"164791823","141574873","0.0588235"
"141574873","1750087471","0.0588235"
"1750087471","141574873","0.0588235"
"141574873","1806161417","0.0588235"
"1806161417","141574873","0.0588235"
"141574873","2039902192","0.0588235"
"2039902192","141574873","0.0588235"
"141574873","2051138898","0.0588235"
"2051138898","141574873","0.0588235"
"141574873","2052719613","0.0588235"
"2052719613","141574873","0.0588235"
"141574873","2061267430","0.0588235"
"2061267430","141574873","0.0588235"
"141574873","2090898279","0.0588235"
"2090898279","141574873","0.0588235"
"141574873","2140548473","0.0588235"
"2140548473","141574873","0.0588235"
"141574873","2306562812","0.0588235"
"2306562812","141574873","0.0588235"
"1481756369","1487591907","0.0588235"
"1487591907","1481756369","0.0588235"
"1481756369","1498596379","0.0588235"
"1498596379","1481756369","0.0588235"
"1481756369","1518933191","0.0588235"
"1518933191","1481756369","0.0588235"
"1481756369","1566221321","0.258824"
"1566221321","1481756369","0.258824"
"1481756369","1582417052","0.0588235"
"1582417052","1481756369","0.0588235"
"1481756369","1605727064","0.0588235"
"1605727064","1481756369","0.0588235"
"1481756369","164791823","0.258824"
"164791823","1481756369","0.258824"
"1481756369","1750087471","0.72549"
"1750087471","1481756369","0.72549"
"1481756369","1806161417","0.392157"
"1806161417","1481756369","0.392157"
"1481756369","2039902192","0.0588235"
"2039902192","1481756369","0.0588235"
"1481756369","2051138898","0.0588235"
"2051138898","1481756369","0.0588235"
"1481756369","2052719613","0.0588235"
"2052719613","1481756369","0.0588235"
"1481756369","2061267430","0.0588235"
"2061267430","1481756369","0.0588235"
"1481756369","2090898279","0.0588235"
"2090898279","1481756369","0.0588235"
"1481756369","2140548473","0.0588235"
"2140548473","1481756369","0.0588235"
"1481756369","2306562812","0.0588235"
"2306562812","1481756369","0.0588235"
"1487591907","1498596379","0.0588235"
"1498596379","1487591907","0.0588235"
"1487591907","1518933191","0.0588235"
"1518933191","1487591907","0.0588235"
"1487591907","1566221321","0.0588235"
"1566221321","1487591907","0.0588235"
"1487591907","1582417052","0.0588235"
"1582417052","1487591907","0.0588235"
"1487591907","1605727064","0.0588235"
"1605727064","1487591907","0.0588235"
"1487591907","164791823","1.22549"
"164791823","1487591907","1.22549"
"1487591907","1750087471","0.392157"
"1750087471","1487591907","0.392157"
"1487591907","1806161417","0.0588235"
"1806161417","1487591907","0.0588235"
"1487591907","2039902192","0.0588235"
"2039902192","1487591907","0.0588235"
"1487591907","2051138898","1.05882"
"2051138898","1487591907","1.05882"
"1487591907","2052719613","0.0588235"
"2052719613","1487591907","0.0588235"
"1487591907","2061267430","0.0588235"
"2061267430","1487591907","0.0588235"
"1487591907","2090898279","0.0588235"
"2090898279","1487591907","0.0588235"
"1487591907","2140548473","0.0588235"
"2140548473","1487591907","0.0588235"
"1487591907","2306562812","0.0588235"
"2306562812","1487591907","0.0588235"
"1498596379","1518933191","0.0588235"
"1518933191","1498596379","0.0588235"
"1498596379","1566221321","0.0588235"
"1566221321","1498596379","0.0588235"
"1498596379","1582417052","0.0588235"
"1582417052","1498596379","0.0588235"
"1498596379","1605727064","0.0588235"
"1605727064","1498596379","0.0588235"
"1498596379","164791823","0.0588235"
"164791823","1498596379","0.0588235"
"1498596379","1750087471","0.0588235"
"1750087471","1498596379","0.0588235"
"1498596379","1806161417","0.0588235"
"1806161417","1498596379","0.0588235"
"1498596379","2039902192","0.0588235"
"2039902192","1498596379","0.0588235"
"1498596379","2051138898","0.0588235"
"2051138898","1498596379","0.0588235"
"1498596379","2052719613","0.0588235"
"2052719613","1498596379","0.0588235"
"1498596379","2061267430","0.0588235"
"2061267430","1498596379","0.0588235"
"1498596379","2090898279","0.0588235"
"2090898279","1498596379","0.0588235"
"1498596379","2140548473","0.0588235"
"2140548473","1498596379","0.0588235"
"1498596379","2306562812","0.0588235"
"2306562812","1498596379","0.0588235"
"1518933191","1566221321","0.0588235"
"1566221321","1518933191","0.0588235"
"1518933191","1582417052","0.0588235"
"1582417052","1518933191","0.0588235"
"1518933191","1605727064","0.0588235"
"1605727064","1518933191","0.0588235"
"1518933191","164791823","1.89216"
"164791823","1518933191","1.89216"
"1518933191","1750087471","0.0588235"
"1750087471","1518933191","0.0588235"
"1518933191","1806161417","0.392157"
"1806161417","1518933191","0.392157"
"1518933191","2039902192","0.0588235"
"2039902192","1518933191","0.0588235"
"1518933191","2051138898","0.0588235"
"2051138898","1518933191","0.0588235"
"1518933191","2052719613","0.558824"
"2052719613","1518933191","0.558824"
"1518933191","2061267430","0.0588235"
"2061267430","1518933191","0.0588235"
"1518933191","2090898279","0.0588235"
"2090898279","1518933191","0.0588235"
"1518933191","2140548473","0.0588235"
"2140548473","1518933191","0.0588235"
"1518933191","2306562812","0.0588235"
"2306562812","1518933191","0.0588235"
"1566221321","1582417052","0.0588235"
"1582417052","1566221321","0.0588235"
"1566221321","1605727064","0.0588235"
"1605727064","1566221321","0.0588235"
"1566221321","164791823","1.59216"
"164791823","1566221321","1.59216"
"1566221321","1750087471","0.0588235"
"1750087471","1566221321","0.0588235"
"1566221321","1806161417","0.0588235"
"1806161417","1566221321","0.0588235"
"1566221321","2039902192","0.0588235"
"2039902192","1566221321","0.0588235"
"1566221321","2051138898","0.0588235"
"2051138898","1566221321","0.0588235"
"1566221321","2052719613","0.0588235"
"2052719613","1566221321","0.0588235"
"1566221321","2061267430","0.0588235"
"2061267430","1566221321","0.0588235"
"1566221321","2090898279","0.0588235"
"2090898279","1566221321","0.0588235"
"1566221321","2140548473","0.0588235"
"2140548473","1566221321","0.0588235"
"1566221321","2306562812","0.0588235"
"2306562812","1566221321","0.0588235"
"1582417052","1605727064","0.0588235"
"1605727064","1582417052","0.0588235"
"1582417052","164791823","0.558824"
"164791823","1582417052","0.558824"
"1582417052","1750087471","0.0588235"
"1750087471","1582417052","0.0588235"
"1582417052","1806161417","0.0588235"
"1806161417","1582417052","0.0588235"
"1582417052","2039902192","0.0588235"
"2039902192","1582417052","0.0588235"
"1582417052","2051138898","0.0588235"
"2051138898","1582417052","0.0588235"
"1582417052","2052719613","0.0588235"
"2052719613","1582417052","0.0588235"
"1582417052","2061267430","0.0588235"
"2061267430","1582417052","0.0588235"
"1582417052","2090898279","0.0588235"
"2090898279","1582417052","0.0588235"
"1582417052","2140548473","0.0588235"
"2140548473","1582417052","0.0588235"
"1582417052","2306562812","0.0588235"
"2306562812","1582417052","0.0588235"
"1605727064","164791823","0.458824"
"164791823","1605727064","0.458824"
"1605727064","1750087471","0.0588235"
"1750087471","1605727064","0.0588235"
"1605727064","1806161417","0.458824"
"1806161417","1605727064","0.458824"
"1605727064","2039902192","0.0588235"
"2039902192","1605727064","0.0588235"
"1605727064","2051138898","0.0588235"
"2051138898","1605727064","0.0588235"
"1605727064","2052719613","0.0588235"
"2052719613","1605727064","0.0588235"
"1605727064","2061267430","0.0588235"
"2061267430","1605727064","0.0588235"
"1605727064","2090898279","0.0588235"
"2090898279","1605727064","0.0588235"
"1605727064","2140548473","0.458824"
"2140548473","1605727064","0.458824"
"1605727064","2306562812","0.0588235"
"2306562812","1605727064","0.0588235"
"164791823","1750087471","11.3505"
"1750087471","164791823","11.3505"
"164791823","1806161417","8.25049"
"1806161417","164791823","8.25049"
"164791823","2039902192","0.0588235"
"2039902192","164791823","0.0588235"
"164791823","2051138898","0.308824"
"2051138898","164791823","0.308824"
"164791823","2052719613","3.55882"
"2052719613","164791823","3.55882"
"164791823","2061267430","0.0588235"
"2061267430","164791823","0.0588235"
"164791823","2090898279","1.55882"
"2090898279","164791823","1.55882"
"164791823","2140548473","0.792157"
"2140548473","164791823","0.792157"
"164791823","2306562812","0.0588235"
"2306562812","164791823","0.0588235"
"1750087471","1806161417","5.26716"
"1806161417","1750087471","5.26716"
"1750087471","2039902192","0.0588235"
"2039902192","1750087471","0.0588235"
"1750087471","2051138898","0.0588235"
"2051138898","1750087471","0.0588235"
"1750087471","2052719613","0.0588235"
"2052719613","1750087471","0.0588235"
"1750087471","2061267430","1.39216"
"2061267430","1750087471","1.39216"
"1750087471","2090898279","0.558824"
"2090898279","1750087471","0.558824"
"1750087471","2140548473","0.0588235"
"2140548473","1750087471","0.0588235"
"1750087471","2306562812","0.558824"
"2306562812","1750087471","0.558824"
"1806161417","2039902192","0.0588235"
"2039902192","1806161417","0.0588235"
"1806161417","2051138898","1.05882"
"2051138898","1806161417","1.05882"
"1806161417","2052719613","0.0588235"
"2052719613","1806161417","0.0588235"
"1806161417","2061267430","0.0588235"
"2061267430","1806161417","0.0588235"
"1806161417","2090898279","0.558824"
"2090898279","1806161417","0.558824"
"1806161417","2140548473","0.792157"
"2140548473","1806161417","0.792157"
"1806161417","2306562812","0.0588235"
"2306562812","1806161417","0.0588235"
"2039902192","2051138898","0.0588235"
"2051138898","2039902192","0.0588235"
"2039902192","2052719613","0.0588235"
"2052719613","2039902192","0.0588235"
"2039902192","2061267430","0.0588235"
"2061267430","2039902192","0.0588235"
"2039902192","2090898279","0.0588235"
"2090898279","2039902192","0.0588235"
"2039902192","2140548473","0.0588235"
"2140548473","2039902192","0.0588235"
"2039902192","2306562812","0.0588235"
"2306562812","2039902192","0.0588235"
"2051138898","2052719613","0.0588235"
"2052719613","2051138898","0.0588235"
"2051138898","2061267430","0.0588235"
"2061267430","2051138898","0.0588235"
"2051138898","2090898279","0.0588235"
"2090898279","2051138898","0.0588235"
"2051138898","2140548473","0.0588235"
"2140548473","2051138898","0.0588235"
"2051138898","2306562812","0.0588235"
"2306562812","2051138898","0.0588235"
"2052719613","2061267430","0.0588235"
"2061267430","2052719613","0.0588235"
"2052719613","2090898279","0.0588235"
"2090898279","2052719613","0.0588235"
"2052719613","2140548473","0.0588235"
"2140548473","2052719613","0.0588235"
"2052719613","2306562812","0.0588235"
"2306562812","2052719613","0.0588235"
"2061267430","2090898279","0.558824"
"2090898279","2061267430","0.558824"
"2061267430","2140548473","0.0588235"
"2140548473","2061267430","0.0588235"
"2061267430","2306562812","0.0588235"
"2306562812","2061267430","0.0588235"
"2090898279","2140548473","0.0588235"
"2140548473","2090898279","0.0588235"
"2090898279","2306562812","0.558824"
"2306562812","2090898279","0.558824"
"2140548473","2306562812","0.0588235"
"2306562812","2140548473","0.0588235"
"1457164162","2483650436","1"
"2483650436","1457164162","1"
"1457164162","1487591907","0.5"
"1487591907","1457164162","0.5"
"1457164162","164791823","0.5"
"164791823","1457164162","0.5"
"1481756369","182072061","0.2"
"182072061","1481756369","0.2"
"1481756369","2138961726","0.533333"
"2138961726","1481756369","0.533333"
"1481756369","2483650436","0.866667"
"2483650436","1481756369","0.866667"
"1566221321","182072061","0.866667"
"182072061","1566221321","0.866667"
"1566221321","2138961726","0.2"
"2138961726","1566221321","0.2"
"1566221321","2483650436","1.53333"
"2483650436","1566221321","1.53333"
"164791823","182072061","2.61667"
"182072061","164791823","2.61667"
"164791823","2138961726","4.9"
"2138961726","164791823","4.9"
"164791823","2483650436","21.275"
"2483650436","164791823","21.275"
"182072061","2138961726","3.53333"
"2138961726","182072061","3.53333"
"182072061","2483650436","3.28333"
"2483650436","182072061","3.28333"
"1481756369","86251087","2"
"86251087","1481756369","2"
"1750087471","2483650436","6.125"
"2483650436","1750087471","6.125"
"1806161417","2483650436","11.125"
"2483650436","1806161417","11.125"
"1750087471","2138961726","3.08333"
"2138961726","1750087471","3.08333"
"1482688104","1683820607","3.53333"
"1683820607","1482688104","3.53333"
"1482688104","1750087471","0.333333"
"1750087471","1482688104","0.333333"
"1482688104","2483650436","3.33333"
"2483650436","1482688104","3.33333"
"1683820607","1750087471","1.04167"
"1750087471","1683820607","1.04167"
"1683820607","2483650436","1.29167"
"2483650436","1683820607","1.29167"
"1482688104","1482994715","1.2"
"1482994715","1482688104","1.2"
"1482688104","1605727064","0.4"
"1605727064","1482688104","0.4"
"1482688104","164791823","0.4"
"164791823","1482688104","0.4"
"1482688104","1806161417","0.4"
"1806161417","1482688104","0.4"
"1482688104","2140548473","0.4"
"2140548473","1482688104","0.4"
"1482994715","1605727064","0.2"
"1605727064","1482994715","0.2"
"1482994715","164791823","0.7"
"164791823","1482994715","0.7"
"1482994715","1806161417","0.366667"
"1806161417","1482994715","0.366667"
"1482994715","2140548473","0.2"
"2140548473","1482994715","0.2"
"1482688104","2306562812","0.5"
"2306562812","1482688104","0.5"
"2306562812","2483650436","0.5"
"2483650436","2306562812","0.5"
"1605727064","1683820607","0.2"
"1683820607","1605727064","0.2"
"164791823","1683820607","1.49167"
"1683820607","164791823","1.49167"
"1683820607","1806161417","0.908333"
"1806161417","1683820607","0.908333"
"1683820607","2140548473","0.2"
"2140548473","1683820607","0.2"
"1482688104","2090898279","0.5"
"2090898279","1482688104","0.5"
"1683820607","2090898279","0.5"
"2090898279","1683820607","0.5"
"1482994715","1591356689","0.166667"
"1591356689","1482994715","0.166667"
"1482994715","182072061","0.166667"
"182072061","1482994715","0.166667"
"1482994715","2051138898","0.166667"
"2051138898","1482994715","0.166667"
"1482994715","2123103628","0.166667"
"2123103628","1482994715","0.166667"
"1482994715","2483650436","2.16667"
"2483650436","1482994715","2.16667"
"1591356689","1806161417","0.166667"
"1806161417","1591356689","0.166667"
"1591356689","182072061","0.166667"
"182072061","1591356689","0.166667"
"1591356689","2051138898","0.166667"
"2051138898","1591356689","0.166667"
"1591356689","2123103628","0.166667"
"2123103628","1591356689","0.166667"
"1591356689","2483650436","0.166667"
"2483650436","1591356689","0.166667"
"1806161417","182072061","0.166667"
"182072061","1806161417","0.166667"
"1806161417","2123103628","0.75"
"2123103628","1806161417","0.75"
"182072061","2051138898","0.416667"
"2051138898","182072061","0.416667"
"182072061","2123103628","0.166667"
"2123103628","182072061","0.166667"
"2051138898","2123103628","0.5"
"2123103628","2051138898","0.5"
"2051138898","2483650436","1.25"
"2483650436","2051138898","1.25"
"2123103628","2483650436","1.53333"
"2483650436","2123103628","1.53333"
"1482994715","2138961726","1.5"
"2138961726","1482994715","1.5"
"1487591907","1683820607","0.666667"
"1683820607","1487591907","0.666667"
"1487591907","2221616921","0.333333"
"2221616921","1487591907","0.333333"
"164791823","2221616921","0.333333"
"2221616921","164791823","0.333333"
"1683820607","2221616921","0.333333"
"2221616921","1683820607","0.333333"
"1490792403","1586081732","0.333333"
"1586081732","1490792403","0.333333"
"1490792403","164791823","3.66667"
"164791823","1490792403","3.66667"
"1490792403","2483650436","0.333333"
"2483650436","1490792403","0.333333"
"1586081732","164791823","7.29167"
"164791823","1586081732","7.29167"
"1586081732","2483650436","2.95833"
"2483650436","1586081732","2.95833"
"1490792403","1598176529","1"
"1598176529","1490792403","1"
"1490792403","1518933191","0.333333"
"1518933191","1490792403","0.333333"
"1490792403","1806161417","0.333333"
"1806161417","1490792403","0.333333"
"1518933191","2123103628","1.33333"
"2123103628","1518933191","1.33333"
"1518933191","2483650436","1.33333"
"2483650436","1518933191","1.33333"
"1518933191","1598176529","0.333333"
"1598176529","1518933191","0.333333"
"1598176529","2123103628","0.333333"
"2123103628","1598176529","0.333333"
"1556058146","2138961726","0.5"
"2138961726","1556058146","0.5"
"1556058146","2483650436","0.625"
"2483650436","1556058146","0.625"
"1556058146","1586081732","0.125"
"1586081732","1556058146","0.125"
"1556058146","164791823","0.125"
"164791823","1556058146","0.125"
"1556058146","1683820607","0.125"
"1683820607","1556058146","0.125"
"1556058146","1750087471","0.125"
"1750087471","1556058146","0.125"
"1556058146","1806161417","0.125"
"1806161417","1556058146","0.125"
"1556058146","1864004539","0.125"
"1864004539","1556058146","0.125"
"1556058146","4121286","0.125"
"4121286","1556058146","0.125"
"1586081732","1683820607","0.125"
"1683820607","1586081732","0.125"
"1586081732","1750087471","0.125"
"1750087471","1586081732","0.125"
"1586081732","1806161417","1.125"
"1806161417","1586081732","1.125"
"1586081732","1864004539","0.125"
"1864004539","1586081732","0.125"
"1586081732","4121286","0.125"
"4121286","1586081732","0.125"
"164791823","1864004539","1.125"
"1864004539","164791823","1.125"
"164791823","4121286","1.40833"
"4121286","164791823","1.40833"
"1683820607","1864004539","0.125"
"1864004539","1683820607","0.125"
"1683820607","4121286","0.125"
"4121286","1683820607","0.125"
"1750087471","1864004539","0.125"
"1864004539","1750087471","0.125"
"1750087471","4121286","0.125"
"4121286","1750087471","0.125"
"1806161417","1864004539","0.125"
"1864004539","1806161417","0.125"
"1806161417","4121286","0.125"
"4121286","1806161417","0.125"
"1864004539","2483650436","0.125"
"2483650436","1864004539","0.125"
"1864004539","4121286","0.125"
"4121286","1864004539","0.125"
"2483650436","4121286","5.24167"
"4121286","2483650436","5.24167"
"1566221321","1679287990","0.333333"
"1679287990","1566221321","0.333333"
"1679287990","182072061","1.33333"
"182072061","1679287990","1.33333"
"1679287990","2483650436","0.333333"
"2483650436","1679287990","0.333333"
"1566221321","1586081732","0.333333"
"1586081732","1566221321","0.333333"
"1586081732","182072061","0.333333"
"182072061","1586081732","0.333333"
"1582417052","2483650436","0.5"
"2483650436","1582417052","0.5"
"1582417052","2977695262","0.5"
"2977695262","1582417052","0.5"
"1582417052","1683820607","0.5"
"1683820607","1582417052","0.5"
"1586081732","2052719613","2"
"2052719613","1586081732","2"
"1586081732","2138961726","1"
"2138961726","1586081732","1"
"1597355370","182072061","2"
"182072061","1597355370","2"
"1597355370","1683820607","0.333333"
"1683820607","1597355370","0.333333"
"1597355370","1806161417","0.333333"
"1806161417","1597355370","0.333333"
"1597355370","2483650436","0.333333"
"2483650436","1597355370","0.333333"
"1597355370","1750087471","0.333333"
"1750087471","1597355370","0.333333"
"1597355370","1765371470","0.333333"
"1765371470","1597355370","0.333333"
"1597355370","2061267430","0.333333"
"2061267430","1597355370","0.333333"
"1750087471","1765371470","0.333333"
"1765371470","1750087471","0.333333"
"1765371470","2061267430","0.333333"
"2061267430","1765371470","0.333333"
"1598176529","1750087471","0.5"
"1750087471","1598176529","0.5"
"1598176529","1806161417","2"
"1806161417","1598176529","2"
"164791823","2465785303","0.833333"
"2465785303","164791823","0.833333"
"1750087471","182072061","0.333333"
"182072061","1750087471","0.333333"
"1750087471","2465785303","0.333333"
"2465785303","1750087471","0.333333"
"182072061","2465785303","0.333333"
"2465785303","182072061","0.333333"
"164791823","2402348092","1"
"2402348092","164791823","1"
"2090898279","2138961726","0.5"
"2138961726","2090898279","0.5"
"2140548473","2483650436","0.333333"
"2483650436","2140548473","0.333333"
"182072061","4121286","1.08333"
"4121286","182072061","1.08333"
"2051138898","4121286","0.25"
"4121286","2051138898","0.25"
"1806161417","2465785303","0.5"
"2465785303","1806161417","0.5"
"164791823","2123103628","1.2"
"2123103628","164791823","1.2"
"2138961726","4121286","3.03333"
"4121286","2138961726","3.03333"
"164791823","86251087","0.533333"
"86251087","164791823","0.533333"
"2123103628","2138961726","0.95"
"2138961726","2123103628","0.95"
"2123103628","4121286","0.2"
"4121286","2123103628","0.2"
"2123103628","86251087","0.2"
"86251087","2123103628","0.2"
"2138961726","86251087","0.2"
"86251087","2138961726","0.2"
"2483650436","86251087","1.03333"
"86251087","2483650436","1.03333"
"4121286","86251087","1.03333"
"86251087","4121286","1.03333"
"164791823","1749376638","0.5"
"1749376638","164791823","0.5"
"1749376638","1750087471","0.5"
"1750087471","1749376638","0.5"
"164791823","1765371470","1"
"1765371470","164791823","1"
"164791823","59305102","1"
"59305102","164791823","1"
"164791823","1679287990","1"
"1679287990","164791823","1"
"1683820607","2123103628","0.25"
"2123103628","1683820607","0.25"
"1683820607","2138961726","0.25"
"2138961726","1683820607","0.25"
"1750087471","2123103628","0.25"
"2123103628","1750087471","0.25"
"1806161417","2138961726","7.75"
"2138961726","1806161417","7.75"
"1750087471","2146653363","1"
"2146653363","1750087471","1"
"1750087471","2402348092","0.5"
"2402348092","1750087471","0.5"
"2138961726","2402348092","0.5"
"2402348092","2138961726","0.5"
"2090898279","2483650436","6.5"
"2483650436","2090898279","6.5"
"182072061","2061267430","1"
"2061267430","182072061","1"
"2052719613","2483650436","2"
"2483650436","2052719613","2"
"2061267430","2483650436","1"
"2483650436","2061267430","1"
"2061267430","2123103628","0.5"
"2123103628","2061267430","0.5"
"2090898279","2123103628","1.5"
"2123103628","2090898279","1.5"
"2123103628","2306562812","2"
"2306562812","2123103628","2"
"2138961726","2306562812","1"
"2306562812","2138961726","1"
"2146653363","2483650436","2"
"2483650436","2146653363","2"
"2402348092","2483650436","1"
"2483650436","2402348092","1"
"2402348092","4121286","1"
"4121286","2402348092","1"
