"121861667","1866662608","2.5"
"1866662608","121861667","2.5"
"121861667","1950355173","1.5"
"1950355173","121861667","1.5"
"1866662608","1950355173","3.01096"
"1950355173","1866662608","3.01096"
"121861667","1642611867","1"
"1642611867","121861667","1"
"121861667","2147569064","0.5"
"2147569064","121861667","0.5"
"121861667","56452221","0.5"
"56452221","121861667","0.5"
"2147569064","56452221","1.16667"
"56452221","2147569064","1.16667"
"14529334","1492320368","0.142857"
"1492320368","14529334","0.142857"
"14529334","1502595148","1.22619"
"1502595148","14529334","1.22619"
"14529334","1517582684","0.559524"
"1517582684","14529334","0.559524"
"14529334","1994092777","4.55952"
"1994092777","14529334","4.55952"
"14529334","2009809432","2.72619"
"2009809432","14529334","2.72619"
"14529334","2134176028","0.142857"
"2134176028","14529334","0.142857"
"14529334","2137309678","0.309524"
"2137309678","14529334","0.309524"
"1492320368","1502595148","0.714881"
"1502595148","1492320368","0.714881"
"1492320368","1517582684","2.84821"
"1517582684","1492320368","2.84821"
"1492320368","1994092777","2.04821"
"1994092777","1492320368","2.04821"
"1492320368","2009809432","0.572024"
"2009809432","1492320368","0.572024"
"1492320368","2134176028","2.01488"
"2134176028","1492320368","2.01488"
"1492320368","2137309678","0.514881"
"2137309678","1492320368","0.514881"
"1502595148","1517582684","2.89251"
"1517582684","1502595148","2.89251"
"1502595148","1994092777","10.9592"
"1994092777","1502595148","10.9592"
"1502595148","2009809432","5.77466"
"2009809432","1502595148","5.77466"
"1502595148","2134176028","0.514881"
"2134176028","1502595148","0.514881"
"1502595148","2137309678","0.734179"
"2137309678","1502595148","0.734179"
"1517582684","1994092777","4.02585"
"1994092777","1517582684","4.02585"
"1517582684","2009809432","1.59132"
"2009809432","1517582684","1.59132"
"1517582684","2134176028","2.51488"
"2134176028","1517582684","2.51488"
"1517582684","2137309678","1.23418"
"2137309678","1517582684","1.23418"
"1994092777","2009809432","11.2747"
"2009809432","1994092777","11.2747"
"1994092777","2134176028","1.01488"
"2134176028","1994092777","1.01488"
"1994092777","2137309678","1.73418"
"2137309678","1994092777","1.73418"
"2009809432","2134176028","0.372024"
"2134176028","2009809432","0.372024"
"2009809432","2137309678","0.591322"
"2137309678","2009809432","0.591322"
"2134176028","2137309678","0.514881"
"2137309678","2134176028","0.514881"
"14529334","2015282105","2"
"2015282105","14529334","2"
"14529334","1666161204","0.333333"
"1666161204","14529334","0.333333"
"14529334","2018530348","0.333333"
"2018530348","14529334","0.333333"
"1666161204","1994092777","2.5"
"1994092777","1666161204","2.5"
"1666161204","2018530348","1.825"
"2018530348","1666161204","1.825"
"1994092777","2018530348","3.80263"
"2018530348","1994092777","3.80263"
"14529334","2000508366","0.166667"
"2000508366","14529334","0.166667"
"1502595148","2000508366","0.624655"
"2000508366","1502595148","0.624655"
"1517582684","2000508366","0.424655"
"2000508366","1517582684","0.424655"
"1994092777","2000508366","0.624655"
"2000508366","1994092777","0.624655"
"2000508366","2009809432","1.4818"
"2009809432","2000508366","1.4818"
"2000508366","2137309678","0.424655"
"2137309678","2000508366","0.424655"
"14529334","2135705329","0.5"
"2135705329","14529334","0.5"
"1994092777","2135705329","4.71096"
"2135705329","1994092777","4.71096"
"1492320368","2138071746","1.42917"
"2138071746","1492320368","1.42917"
"1492320368","2154915822","0.2625"
"2154915822","1492320368","0.2625"
"1502595148","2138071746","1.59583"
"2138071746","1502595148","1.59583"
"1502595148","2154915822","1.56513"
"2154915822","1502595148","1.56513"
"1994092777","2138071746","2.42917"
"2138071746","1994092777","2.42917"
"1994092777","2154915822","2.6068"
"2154915822","1994092777","2.6068"
"2009809432","2138071746","1.7625"
"2138071746","2009809432","1.7625"
"2009809432","2154915822","0.898465"
"2154915822","2009809432","0.898465"
"2138071746","2154915822","0.2625"
"2154915822","2138071746","0.2625"
"1492320368","1602329079","0.395833"
"1602329079","1492320368","0.395833"
"1517582684","1602329079","1.89583"
"1602329079","1517582684","1.89583"
"1602329079","2134176028","0.645833"
"2134176028","1602329079","0.645833"
"1492320368","2135705329","0.333333"
"2135705329","1492320368","0.333333"
"1517582684","2135705329","1.01096"
"2135705329","1517582684","1.01096"
"2134176028","2135705329","1.33333"
"2135705329","2134176028","1.33333"
"1517582684","2138071746","2.0625"
"2138071746","1517582684","2.0625"
"2134176028","2138071746","2.39583"
"2138071746","2134176028","2.39583"
"1492320368","2000508366","0.205357"
"2000508366","1492320368","0.205357"
"1492320368","2112510389","0.142857"
"2112510389","1492320368","0.142857"
"1502595148","2112510389","0.142857"
"2112510389","1502595148","0.142857"
"1517582684","2112510389","0.142857"
"2112510389","1517582684","0.142857"
"1994092777","2112510389","0.142857"
"2112510389","1994092777","0.142857"
"2000508366","2112510389","0.142857"
"2112510389","2000508366","0.142857"
"2000508366","2134176028","0.205357"
"2134176028","2000508366","0.205357"
"2112510389","2134176028","0.142857"
"2134176028","2112510389","0.142857"
"2112510389","2137309678","0.142857"
"2137309678","2112510389","0.142857"
"1492320368","1514140937","0.0625"
"1514140937","1492320368","0.0625"
"1492320368","1522891798","1.0625"
"1522891798","1492320368","1.0625"
"1492320368","2013471244","0.0625"
"2013471244","1492320368","0.0625"
"1492320368","2071980727","0.0625"
"2071980727","1492320368","0.0625"
"1492320368","2090852427","0.0625"
"2090852427","1492320368","0.0625"
"1492320368","2477850013","0.0625"
"2477850013","1492320368","0.0625"
"1502595148","1514140937","0.240132"
"1514140937","1502595148","0.240132"
"1502595148","1522891798","0.448465"
"1522891798","1502595148","0.448465"
"1502595148","1602329079","0.7125"
"1602329079","1502595148","0.7125"
"1502595148","2013471244","0.115132"
"2013471244","1502595148","0.115132"
"1502595148","2071980727","1.4818"
"2071980727","1502595148","1.4818"
"1502595148","2090852427","0.0625"
"2090852427","1502595148","0.0625"
"1502595148","2477850013","0.115132"
"2477850013","1502595148","0.115132"
"1514140937","1517582684","0.115132"
"1517582684","1514140937","0.115132"
"1514140937","1522891798","0.115132"
"1522891798","1514140937","0.115132"
"1514140937","1602329079","0.0625"
"1602329079","1514140937","0.0625"
"1514140937","1994092777","1.11513"
"1994092777","1514140937","1.11513"
"1514140937","2000508366","0.115132"
"2000508366","1514140937","0.115132"
"1514140937","2009809432","0.115132"
"2009809432","1514140937","0.115132"
"1514140937","2013471244","0.115132"
"2013471244","1514140937","0.115132"
"1514140937","2071980727","0.115132"
"2071980727","1514140937","0.115132"
"1514140937","2090852427","0.0625"
"2090852427","1514140937","0.0625"
"1514140937","2134176028","0.0625"
"2134176028","1514140937","0.0625"
"1514140937","2137309678","0.115132"
"2137309678","1514140937","0.115132"
"1514140937","2138071746","0.0625"
"2138071746","1514140937","0.0625"
"1514140937","2154915822","0.240132"
"2154915822","1514140937","0.240132"
"1514140937","2477850013","0.115132"
"2477850013","1514140937","0.115132"
"1517582684","1522891798","2.11513"
"1522891798","1517582684","2.11513"
"1517582684","2013471244","1.11513"
"2013471244","1517582684","1.11513"
"1517582684","2071980727","0.115132"
"2071980727","1517582684","0.115132"
"1517582684","2090852427","0.0625"
"2090852427","1517582684","0.0625"
"1517582684","2154915822","0.490132"
"2154915822","1517582684","0.490132"
"1517582684","2477850013","0.115132"
"2477850013","1517582684","0.115132"
"1522891798","1602329079","3.0625"
"1602329079","1522891798","3.0625"
"1522891798","1994092777","0.448465"
"1994092777","1522891798","0.448465"
"1522891798","2000508366","0.115132"
"2000508366","1522891798","0.115132"
"1522891798","2009809432","0.115132"
"2009809432","1522891798","0.115132"
"1522891798","2013471244","0.115132"
"2013471244","1522891798","0.115132"
"1522891798","2071980727","0.115132"
"2071980727","1522891798","0.115132"
"1522891798","2090852427","1.0625"
"2090852427","1522891798","1.0625"
"1522891798","2134176028","0.395833"
"2134176028","1522891798","0.395833"
"1522891798","2137309678","0.115132"
"2137309678","1522891798","0.115132"
"1522891798","2138071746","1.0625"
"2138071746","1522891798","1.0625"
"1522891798","2154915822","0.115132"
"2154915822","1522891798","0.115132"
"1522891798","2477850013","0.115132"
"2477850013","1522891798","0.115132"
"1602329079","1994092777","0.7125"
"1994092777","1602329079","0.7125"
"1602329079","2000508366","0.2625"
"2000508366","1602329079","0.2625"
"1602329079","2009809432","0.4625"
"2009809432","1602329079","0.4625"
"1602329079","2013471244","0.3125"
"2013471244","1602329079","0.3125"
"1602329079","2071980727","0.2625"
"2071980727","1602329079","0.2625"
"1602329079","2090852427","0.0625"
"2090852427","1602329079","0.0625"
"1602329079","2137309678","0.5625"
"2137309678","1602329079","0.5625"
"1602329079","2138071746","0.0625"
"2138071746","1602329079","0.0625"
"1602329079","2154915822","0.3125"
"2154915822","1602329079","0.3125"
"1602329079","2477850013","0.0625"
"2477850013","1602329079","0.0625"
"1994092777","2013471244","0.115132"
"2013471244","1994092777","0.115132"
"1994092777","2071980727","1.4818"
"2071980727","1994092777","1.4818"
"1994092777","2090852427","0.0625"
"2090852427","1994092777","0.0625"
"1994092777","2477850013","0.115132"
"2477850013","1994092777","0.115132"
"2000508366","2013471244","0.115132"
"2013471244","2000508366","0.115132"
"2000508366","2071980727","0.115132"
"2071980727","2000508366","0.115132"
"2000508366","2090852427","0.0625"
"2090852427","2000508366","0.0625"
"2000508366","2138071746","0.0625"
"2138071746","2000508366","0.0625"
"2000508366","2154915822","0.115132"
"2154915822","2000508366","0.115132"
"2000508366","2477850013","0.115132"
"2477850013","2000508366","0.115132"
"2009809432","2013471244","0.115132"
"2013471244","2009809432","0.115132"
"2009809432","2071980727","0.981798"
"2071980727","2009809432","0.981798"
"2009809432","2090852427","0.0625"
"2090852427","2009809432","0.0625"
"2009809432","2477850013","1.11513"
"2477850013","2009809432","1.11513"
"2013471244","2071980727","0.115132"
"2071980727","2013471244","0.115132"
"2013471244","2090852427","0.0625"
"2090852427","2013471244","0.0625"
"2013471244","2134176028","0.3125"
"2134176028","2013471244","0.3125"
"2013471244","2137309678","0.115132"
"2137309678","2013471244","0.115132"
"2013471244","2138071746","0.0625"
"2138071746","2013471244","0.0625"
"2013471244","2154915822","0.115132"
"2154915822","2013471244","0.115132"
"2013471244","2477850013","0.115132"
"2477850013","2013471244","0.115132"
"2071980727","2090852427","0.0625"
"2090852427","2071980727","0.0625"
"2071980727","2134176028","0.0625"
"2134176028","2071980727","0.0625"
"2071980727","2137309678","0.115132"
"2137309678","2071980727","0.115132"
"2071980727","2138071746","0.0625"
"2138071746","2071980727","0.0625"
"2071980727","2154915822","0.115132"
"2154915822","2071980727","0.115132"
"2071980727","2477850013","0.115132"
"2477850013","2071980727","0.115132"
"2090852427","2134176028","0.0625"
"2134176028","2090852427","0.0625"
"2090852427","2137309678","0.0625"
"2137309678","2090852427","0.0625"
"2090852427","2138071746","0.0625"
"2138071746","2090852427","0.0625"
"2090852427","2154915822","0.0625"
"2154915822","2090852427","0.0625"
"2090852427","2477850013","0.0625"
"2477850013","2090852427","0.0625"
"2134176028","2154915822","0.0625"
"2154915822","2134176028","0.0625"
"2134176028","2477850013","0.0625"
"2477850013","2134176028","0.0625"
"2137309678","2138071746","0.0625"
"2138071746","2137309678","0.0625"
"2137309678","2154915822","0.115132"
"2154915822","2137309678","0.115132"
"2137309678","2477850013","0.115132"
"2477850013","2137309678","0.115132"
"2138071746","2477850013","0.0625"
"2477850013","2138071746","0.0625"
"2154915822","2477850013","0.115132"
"2477850013","2154915822","0.115132"
"1497027223","2018530348","1.45"
"2018530348","1497027223","1.45"
"1497027223","2071980727","0.5"
"2071980727","1497027223","0.5"
"2018530348","2071980727","0.552632"
"2071980727","2018530348","0.552632"
"1497027223","1994092777","3.20833"
"1994092777","1497027223","3.20833"
"1497027223","1502595148","0.575"
"1502595148","1497027223","0.575"
"1497027223","1517582684","0.325"
"1517582684","1497027223","0.325"
"1497027223","1666161204","0.2"
"1666161204","1497027223","0.2"
"1497027223","1866662608","2.36667"
"1866662608","1497027223","2.36667"
"1502595148","1666161204","0.325"
"1666161204","1502595148","0.325"
"1502595148","1866662608","0.377632"
"1866662608","1502595148","0.377632"
"1502595148","2018530348","1.12763"
"2018530348","1502595148","1.12763"
"1517582684","1666161204","0.2"
"1666161204","1517582684","0.2"
"1517582684","1866662608","0.252632"
"1866662608","1517582684","0.252632"
"1517582684","2018530348","0.752632"
"2018530348","1517582684","0.752632"
"1666161204","1866662608","0.658333"
"1866662608","1666161204","0.658333"
"1866662608","2018530348","2.71096"
"2018530348","1866662608","2.71096"
"1497027223","2154915822","0.958333"
"2154915822","1497027223","0.958333"
"1866662608","1994092777","3.2193"
"1994092777","1866662608","3.2193"
"1866662608","2154915822","2.01096"
"2154915822","1866662608","2.01096"
"1497027223","2009809432","0.25"
"2009809432","1497027223","0.25"
"2009809432","2018530348","1.80263"
"2018530348","2009809432","1.80263"
"1497027223","1642611867","0.125"
"1642611867","1497027223","0.125"
"1497027223","2129447607","0.125"
"2129447607","1497027223","0.125"
"1497027223","2135705329","0.125"
"2135705329","1497027223","0.125"
"1497027223","2293852067","0.125"
"2293852067","1497027223","0.125"
"1502595148","1642611867","0.302632"
"1642611867","1502595148","0.302632"
"1502595148","2129447607","0.125"
"2129447607","1502595148","0.125"
"1502595148","2135705329","2.21096"
"2135705329","1502595148","2.21096"
"1502595148","2293852067","0.125"
"2293852067","1502595148","0.125"
"1517582684","1642611867","0.177632"
"1642611867","1517582684","0.177632"
"1517582684","2129447607","0.125"
"2129447607","1517582684","0.125"
"1517582684","2293852067","0.125"
"2293852067","1517582684","0.125"
"1642611867","1994092777","1.01096"
"1994092777","1642611867","1.01096"
"1642611867","2129447607","0.125"
"2129447607","1642611867","0.125"
"1642611867","2135705329","0.177632"
"2135705329","1642611867","0.177632"
"1642611867","2154915822","0.302632"
"2154915822","1642611867","0.302632"
"1642611867","2293852067","0.125"
"2293852067","1642611867","0.125"
"1994092777","2129447607","0.458333"
"2129447607","1994092777","0.458333"
"1994092777","2293852067","0.625"
"2293852067","1994092777","0.625"
"2129447607","2135705329","0.125"
"2135705329","2129447607","0.125"
"2129447607","2154915822","0.125"
"2154915822","2129447607","0.125"
"2129447607","2293852067","0.625"
"2293852067","2129447607","0.625"
"2135705329","2154915822","0.177632"
"2154915822","2135705329","0.177632"
"2135705329","2293852067","0.125"
"2293852067","2135705329","0.125"
"2154915822","2293852067","0.125"
"2293852067","2154915822","0.125"
"1497027223","1950355173","0.333333"
"1950355173","1497027223","0.333333"
"1497027223","2147569064","0.333333"
"2147569064","1497027223","0.333333"
"1866662608","2147569064","0.385965"
"2147569064","1866662608","0.385965"
"1950355173","2147569064","5.55263"
"2147569064","1950355173","5.55263"
"1502595148","1594442179","1.50263"
"1594442179","1502595148","1.50263"
"1502595148","1950355173","0.177632"
"1950355173","1502595148","0.177632"
"1502595148","2037910746","0.0526316"
"2037910746","1502595148","0.0526316"
"1502595148","2147569064","0.0526316"
"2147569064","1502595148","0.0526316"
"1514140937","1594442179","0.0526316"
"1594442179","1514140937","0.0526316"
"1514140937","1642611867","0.177632"
"1642611867","1514140937","0.177632"
"1514140937","1866662608","0.177632"
"1866662608","1514140937","0.177632"
"1514140937","1950355173","0.177632"
"1950355173","1514140937","0.177632"
"1514140937","2018530348","0.177632"
"2018530348","1514140937","0.177632"
"1514140937","2037910746","0.0526316"
"2037910746","1514140937","0.0526316"
"1514140937","2135705329","1.05263"
"2135705329","1514140937","1.05263"
"1514140937","2147569064","0.0526316"
"2147569064","1514140937","0.0526316"
"1517582684","1594442179","0.0526316"
"1594442179","1517582684","0.0526316"
"1517582684","1950355173","0.0526316"
"1950355173","1517582684","0.0526316"
"1517582684","2037910746","0.0526316"
"2037910746","1517582684","0.0526316"
"1517582684","2147569064","0.0526316"
"2147569064","1517582684","0.0526316"
"1522891798","1594442179","0.0526316"
"1594442179","1522891798","0.0526316"
"1522891798","1642611867","0.0526316"
"1642611867","1522891798","0.0526316"
"1522891798","1866662608","0.0526316"
"1866662608","1522891798","0.0526316"
"1522891798","1950355173","0.0526316"
"1950355173","1522891798","0.0526316"
"1522891798","2018530348","0.0526316"
"2018530348","1522891798","0.0526316"
"1522891798","2037910746","0.0526316"
"2037910746","1522891798","0.0526316"
"1522891798","2135705329","0.385965"
"2135705329","1522891798","0.385965"
"1522891798","2147569064","0.0526316"
"2147569064","1522891798","0.0526316"
"1594442179","1642611867","0.0526316"
"1642611867","1594442179","0.0526316"
"1594442179","1866662608","0.385965"
"1866662608","1594442179","0.385965"
"1594442179","1950355173","0.0526316"
"1950355173","1594442179","0.0526316"
"1594442179","1994092777","1.00263"
"1994092777","1594442179","1.00263"
"1594442179","2000508366","0.252632"
"2000508366","1594442179","0.252632"
"1594442179","2009809432","0.252632"
"2009809432","1594442179","0.252632"
"1594442179","2013471244","0.0526316"
"2013471244","1594442179","0.0526316"
"1594442179","2018530348","0.0526316"
"2018530348","1594442179","0.0526316"
"1594442179","2037910746","0.0526316"
"2037910746","1594442179","0.0526316"
"1594442179","2071980727","0.0526316"
"2071980727","1594442179","0.0526316"
"1594442179","2135705329","0.0526316"
"2135705329","1594442179","0.0526316"
"1594442179","2137309678","0.0526316"
"2137309678","1594442179","0.0526316"
"1594442179","2147569064","0.0526316"
"2147569064","1594442179","0.0526316"
"1594442179","2154915822","0.302632"
"2154915822","1594442179","0.302632"
"1594442179","2477850013","0.0526316"
"2477850013","1594442179","0.0526316"
"1642611867","1866662608","18.1776"
"1866662608","1642611867","18.1776"
"1642611867","1950355173","4.8443"
"1950355173","1642611867","4.8443"
"1642611867","2000508366","0.0526316"
"2000508366","1642611867","0.0526316"
"1642611867","2009809432","0.385965"
"2009809432","1642611867","0.385965"
"1642611867","2013471244","0.0526316"
"2013471244","1642611867","0.0526316"
"1642611867","2018530348","0.510965"
"2018530348","1642611867","0.510965"
"1642611867","2037910746","0.0526316"
"2037910746","1642611867","0.0526316"
"1642611867","2071980727","0.0526316"
"2071980727","1642611867","0.0526316"
"1642611867","2137309678","0.552632"
"2137309678","1642611867","0.552632"
"1642611867","2147569064","4.2193"
"2147569064","1642611867","4.2193"
"1642611867","2477850013","0.0526316"
"2477850013","1642611867","0.0526316"
"1866662608","2000508366","0.0526316"
"2000508366","1866662608","0.0526316"
"1866662608","2009809432","0.0526316"
"2009809432","1866662608","0.0526316"
"1866662608","2013471244","0.0526316"
"2013471244","1866662608","0.0526316"
"1866662608","2037910746","0.0526316"
"2037910746","1866662608","0.0526316"
"1866662608","2071980727","0.0526316"
"2071980727","1866662608","0.0526316"
"1866662608","2135705329","0.0526316"
"2135705329","1866662608","0.0526316"
"1866662608","2137309678","0.552632"
"2137309678","1866662608","0.552632"
"1866662608","2477850013","0.0526316"
"2477850013","1866662608","0.0526316"
"1950355173","1994092777","0.552632"
"1994092777","1950355173","0.552632"
"1950355173","2000508366","0.0526316"
"2000508366","1950355173","0.0526316"
"1950355173","2009809432","0.0526316"
"2009809432","1950355173","0.0526316"
"1950355173","2013471244","0.0526316"
"2013471244","1950355173","0.0526316"
"1950355173","2018530348","1.17763"
"2018530348","1950355173","1.17763"
"1950355173","2037910746","0.0526316"
"2037910746","1950355173","0.0526316"
"1950355173","2071980727","0.0526316"
"2071980727","1950355173","0.0526316"
"1950355173","2135705329","0.0526316"
"2135705329","1950355173","0.0526316"
"1950355173","2137309678","0.0526316"
"2137309678","1950355173","0.0526316"
"1950355173","2154915822","0.177632"
"2154915822","1950355173","0.177632"
"1950355173","2477850013","0.0526316"
"2477850013","1950355173","0.0526316"
"1994092777","2037910746","0.0526316"
"2037910746","1994092777","0.0526316"
"1994092777","2147569064","0.0526316"
"2147569064","1994092777","0.0526316"
"2000508366","2018530348","0.0526316"
"2018530348","2000508366","0.0526316"
"2000508366","2037910746","0.0526316"
"2037910746","2000508366","0.0526316"
"2000508366","2135705329","0.0526316"
"2135705329","2000508366","0.0526316"
"2000508366","2147569064","0.0526316"
"2147569064","2000508366","0.0526316"
"2009809432","2037910746","2.05263"
"2037910746","2009809432","2.05263"
"2009809432","2135705329","0.752632"
"2135705329","2009809432","0.752632"
"2009809432","2147569064","0.0526316"
"2147569064","2009809432","0.0526316"
"2013471244","2018530348","0.0526316"
"2018530348","2013471244","0.0526316"
"2013471244","2037910746","0.302632"
"2037910746","2013471244","0.302632"
"2013471244","2135705329","0.0526316"
"2135705329","2013471244","0.0526316"
"2013471244","2147569064","0.0526316"
"2147569064","2013471244","0.0526316"
"2018530348","2037910746","0.0526316"
"2037910746","2018530348","0.0526316"
"2018530348","2135705329","0.0526316"
"2135705329","2018530348","0.0526316"
"2018530348","2137309678","0.552632"
"2137309678","2018530348","0.552632"
"2018530348","2147569064","0.0526316"
"2147569064","2018530348","0.0526316"
"2018530348","2154915822","1.01096"
"2154915822","2018530348","1.01096"
"2018530348","2477850013","0.0526316"
"2477850013","2018530348","0.0526316"
"2037910746","2071980727","0.0526316"
"2071980727","2037910746","0.0526316"
"2037910746","2135705329","0.0526316"
"2135705329","2037910746","0.0526316"
"2037910746","2137309678","0.0526316"
"2137309678","2037910746","0.0526316"
"2037910746","2147569064","0.0526316"
"2147569064","2037910746","0.0526316"
"2037910746","2154915822","0.0526316"
"2154915822","2037910746","0.0526316"
"2037910746","2477850013","0.0526316"
"2477850013","2037910746","0.0526316"
"2071980727","2135705329","0.252632"
"2135705329","2071980727","0.252632"
"2071980727","2147569064","0.0526316"
"2147569064","2071980727","0.0526316"
"2135705329","2137309678","0.0526316"
"2137309678","2135705329","0.0526316"
"2135705329","2147569064","0.0526316"
"2147569064","2135705329","0.0526316"
"2135705329","2477850013","0.0526316"
"2477850013","2135705329","0.0526316"
"2137309678","2147569064","0.0526316"
"2147569064","2137309678","0.0526316"
"2147569064","2154915822","0.0526316"
"2154915822","2147569064","0.0526316"
"2147569064","2477850013","0.0526316"
"2477850013","2147569064","0.0526316"
"1594442179","1602329079","0.45"
"1602329079","1594442179","0.45"
"1502595148","1728992199","1"
"1728992199","1502595148","1"
"1602329079","2135705329","0.2"
"2135705329","1602329079","0.2"
"1502595148","56452221","0.125"
"56452221","1502595148","0.125"
"1514140937","1666161204","0.125"
"1666161204","1514140937","0.125"
"1514140937","56452221","0.125"
"56452221","1514140937","0.125"
"1642611867","1666161204","0.125"
"1666161204","1642611867","0.125"
"1642611867","56452221","1.29167"
"56452221","1642611867","1.29167"
"1666161204","1950355173","0.125"
"1950355173","1666161204","0.125"
"1666161204","2154915822","0.125"
"2154915822","1666161204","0.125"
"1666161204","56452221","0.125"
"56452221","1666161204","0.125"
"1866662608","56452221","0.125"
"56452221","1866662608","0.125"
"1950355173","56452221","1.79167"
"56452221","1950355173","1.79167"
"2018530348","56452221","0.125"
"56452221","2018530348","0.125"
"2154915822","56452221","0.125"
"56452221","2154915822","0.125"
"1517582684","157071201","0.5"
"157071201","1517582684","0.5"
"157071201","2018530348","0.5"
"2018530348","157071201","0.5"
"1522891798","2026446756","0.333333"
"2026446756","1522891798","0.333333"
"1522891798","2055452549","0.333333"
"2055452549","1522891798","0.333333"
"2026446756","2055452549","0.333333"
"2055452549","2026446756","0.333333"
"2026446756","2134176028","0.333333"
"2134176028","2026446756","0.333333"
"2055452549","2134176028","0.333333"
"2134176028","2055452549","0.333333"
"1522891798","1728992199","1"
"1728992199","1522891798","1"
"1563722580","2090852427","2"
"2090852427","1563722580","2"
"157071201","2147569064","1"
"2147569064","157071201","1"
"1594442179","1728992199","0.833333"
"1728992199","1594442179","0.833333"
"1594442179","1995953313","0.333333"
"1995953313","1594442179","0.333333"
"1728992199","1866662608","0.333333"
"1866662608","1728992199","0.333333"
"1728992199","1995953313","0.833333"
"1995953313","1728992199","0.833333"
"1866662608","1995953313","0.333333"
"1995953313","1866662608","0.333333"
"1728992199","1994092777","2.83333"
"1994092777","1728992199","2.83333"
"1602329079","1987941154","0.25"
"1987941154","1602329079","0.25"
"1602329079","2037910746","0.25"
"2037910746","1602329079","0.25"
"1987941154","2013471244","0.25"
"2013471244","1987941154","0.25"
"1987941154","2037910746","0.25"
"2037910746","1987941154","0.25"
"1987941154","2134176028","0.25"
"2134176028","1987941154","0.25"
"2037910746","2134176028","0.25"
"2134176028","2037910746","0.25"
"2137309678","56452221","0.5"
"56452221","2137309678","0.5"
"1666161204","2009809432","0.333333"
"2009809432","1666161204","0.333333"
"1728992199","2151317734","2"
"2151317734","1728992199","2"
"1994092777","2151317734","1.5"
"2151317734","1994092777","1.5"
"1728992199","2018530348","0.333333"
"2018530348","1728992199","0.333333"
"1728992199","2129447607","1.33333"
"2129447607","1728992199","1.33333"
"2018530348","2129447607","0.333333"
"2129447607","2018530348","0.333333"
"1728992199","2015282105","3"
"2015282105","1728992199","3"
"1728992199","2293852067","1"
"2293852067","1728992199","1"
"1728992199","2009809432","2"
"2009809432","1728992199","2"
"1728992199","1987941154","1"
"1987941154","1728992199","1"
"1728992199","2560237969","1.5"
"2560237969","1728992199","1.5"
"1995953313","2560237969","0.5"
"2560237969","1995953313","0.5"
"1728992199","2000508366","1"
"2000508366","1728992199","1"
"1987941154","1994092777","2"
"1994092777","1987941154","2"
"1987941154","2009809432","1"
"2009809432","1987941154","1"
"1987941154","2293852067","2"
"2293852067","1987941154","2"
"2151317734","2293852067","1.5"
"2293852067","2151317734","1.5"
"1994092777","408019","1"
"408019","1994092777","1"
"1994092777","2015282105","1"
"2015282105","1994092777","1"
"2018530348","2138071746","0.5"
"2138071746","2018530348","0.5"
"2009809432","2129447607","1.5"
"2129447607","2009809432","1.5"
"2009809432","2293852067","0.5"
"2293852067","2009809432","0.5"
"2015282105","2151317734","1"
"2151317734","2015282105","1"
"2135705329","2151317734","1"
"2151317734","2135705329","1"
"2137309678","2228208919","1"
"2228208919","2137309678","1"
"2576209949","2806092147","1"
"2806092147","2576209949","1"
